{"date": "2024/07/18/, 19:18:46", "conf_id": 37, "data_type": "random\n", "num_data_points": 2, "s_rank": 0, "unitary": "[[0.18663085-0.53122324j,-0.11886349-0.70040876j,0.28555095-0.02789305j,-0.12262021-0.2844587j],[-0.16702216+0.27758472j,0.27526351-0.29738586j,-0.01109314+0.22495461j,-0.77239203+0.28900673j],[0.61935415+0.12301792j,-0.31269928-0.03315917j,-0.61902762-0.19039079j,-0.27120731-0.0968989j],[0.42341754+0.0023929j,-0.05847358+0.47832119j,0.64900495-0.16218422j,-0.37182676-0.05229966j]]", "databatch_0": {"databatch": "[[[-0.11625068-0.04562152j,-0.15759089+0.13853607j,-0.08646727+0.1584825j,0.08285588+0.23688648j],[0.31604901-0.05357206j,-0.38500621-0.00328982j,0.11621977+0.22713141j,-0.25586179-0.14155792j],[0.26648462-0.0060358j,-0.32908333+0.21707182j,-0.0941737+0.11394051j,-0.06941958-0.12260039j],[0.26141731+0.09849317j,-0.08200238+0.01122307j,-0.2828739-0.04827133j,-0.07210909-0.05100265j]],[[0.00695806-0.02646941j,-0.06319632+0.24709675j,-0.34889435+0.25514636j,-0.03133019+0.05353824j],[-0.03577024+0.04294614j,0.19156996+0.19364959j,-0.04933316-0.02282183j,-0.08937906-0.15006364j],[0.431655+0.30025331j,0.05830761+0.01882148j,-0.04969941-0.00324171j,0.15945828+0.10789353j],[0.19410805+0.21492162j,-0.1429317+0.29477727j,0.15674484-0.07687857j,-0.2832368-0.10518943j]]]", "initial param values": "[3.13915453,3.12231833,5.85180158,2.47508839,0.23849201,3.41971439]", "nelder_mead": {"type": "gradient-free", "0": {"maxiter": 100, "fatol": 1e-05, "xatol": 1e-05, "duration": 0.02933812141418457, "fun": "0.2389986684051031", "nit": "100", "nfev": "167", "status": "2", "success": "False", "message": "Maximum number of iterations has been exceeded.", "x": "[5.12056493 3.94952758 6.33792465 2.71834519 0.28099352 2.1947788 ]", "final_simplex": "(array([[5.12056493, 3.94952758, 6.33792465, 2.71834519, 0.28099352,\n        2.1947788 ],\n       [5.12441365, 3.95968944, 6.336302  , 2.70952292, 0.28126024,\n        2.20151546],\n       [5.12184756, 3.96663003, 6.33189579, 2.7186383 , 0.28081862,\n        2.2012953 ],\n       [5.11964019, 3.95845195, 6.32658687, 2.71956388, 0.28082197,\n        2.20449126],\n       [5.12861104, 3.96652612, 6.32230272, 2.70757958, 0.28141604,\n        2.19518019],\n       [5.1231533 , 3.95255887, 6.32493373, 2.70421566, 0.2812216 ,\n        2.19213177],\n       [5.10660128, 3.96613096, 6.32595258, 2.70773401, 0.28119137,\n        2.19545021]]), array([0.23899867, 0.23900772, 0.23900934, 0.23901035, 0.23904294,\n       0.23905163, 0.23905316]))"}, "1": {"maxiter": 100, "fatol": 1e-05, "xatol": 1e-10, "duration": 0.030140161514282227, "fun": "0.2389986684051031", "nit": "100", "nfev": "167", "status": "2", "success": "False", "message": "Maximum number of iterations has been exceeded.", "x": "[5.12056493 3.94952758 6.33792465 2.71834519 0.28099352 2.1947788 ]", "final_simplex": "(array([[5.12056493, 3.94952758, 6.33792465, 2.71834519, 0.28099352,\n        2.1947788 ],\n       [5.12441365, 3.95968944, 6.336302  , 2.70952292, 0.28126024,\n        2.20151546],\n       [5.12184756, 3.96663003, 6.33189579, 2.7186383 , 0.28081862,\n        2.2012953 ],\n       [5.11964019, 3.95845195, 6.32658687, 2.71956388, 0.28082197,\n        2.20449126],\n       [5.12861104, 3.96652612, 6.32230272, 2.70757958, 0.28141604,\n        2.19518019],\n       [5.1231533 , 3.95255887, 6.32493373, 2.70421566, 0.2812216 ,\n        2.19213177],\n       [5.10660128, 3.96613096, 6.32595258, 2.70773401, 0.28119137,\n        2.19545021]]), array([0.23899867, 0.23900772, 0.23900934, 0.23901035, 0.23904294,\n       0.23905163, 0.23905316]))"}, "2": {"maxiter": 100, "fatol": 1e-10, "xatol": 1e-05, "duration": 0.0294952392578125, "fun": "0.2389986684051031", "nit": "100", "nfev": "167", "status": "2", "success": "False", "message": "Maximum number of iterations has been exceeded.", "x": "[5.12056493 3.94952758 6.33792465 2.71834519 0.28099352 2.1947788 ]", "final_simplex": "(array([[5.12056493, 3.94952758, 6.33792465, 2.71834519, 0.28099352,\n        2.1947788 ],\n       [5.12441365, 3.95968944, 6.336302  , 2.70952292, 0.28126024,\n        2.20151546],\n       [5.12184756, 3.96663003, 6.33189579, 2.7186383 , 0.28081862,\n        2.2012953 ],\n       [5.11964019, 3.95845195, 6.32658687, 2.71956388, 0.28082197,\n        2.20449126],\n       [5.12861104, 3.96652612, 6.32230272, 2.70757958, 0.28141604,\n        2.19518019],\n       [5.1231533 , 3.95255887, 6.32493373, 2.70421566, 0.2812216 ,\n        2.19213177],\n       [5.10660128, 3.96613096, 6.32595258, 2.70773401, 0.28119137,\n        2.19545021]]), array([0.23899867, 0.23900772, 0.23900934, 0.23901035, 0.23904294,\n       0.23905163, 0.23905316]))"}, "3": {"maxiter": 100, "fatol": 1e-10, "xatol": 1e-10, "duration": 0.02923583984375, "fun": "0.2389986684051031", "nit": "100", "nfev": "167", "status": "2", "success": "False", "message": "Maximum number of iterations has been exceeded.", "x": "[5.12056493 3.94952758 6.33792465 2.71834519 0.28099352 2.1947788 ]", "final_simplex": "(array([[5.12056493, 3.94952758, 6.33792465, 2.71834519, 0.28099352,\n        2.1947788 ],\n       [5.12441365, 3.95968944, 6.336302  , 2.70952292, 0.28126024,\n        2.20151546],\n       [5.12184756, 3.96663003, 6.33189579, 2.7186383 , 0.28081862,\n        2.2012953 ],\n       [5.11964019, 3.95845195, 6.32658687, 2.71956388, 0.28082197,\n        2.20449126],\n       [5.12861104, 3.96652612, 6.32230272, 2.70757958, 0.28141604,\n        2.19518019],\n       [5.1231533 , 3.95255887, 6.32493373, 2.70421566, 0.2812216 ,\n        2.19213177],\n       [5.10660128, 3.96613096, 6.32595258, 2.70773401, 0.28119137,\n        2.19545021]]), array([0.23899867, 0.23900772, 0.23900934, 0.23901035, 0.23904294,\n       0.23905163, 0.23905316]))"}, "4": {"maxiter": 500, "fatol": 1e-05, "xatol": 1e-05, "duration": 0.1175999641418457, "fun": "0.23569831964588417", "nit": "438", "nfev": "696", "status": "0", "success": "True", "message": "Optimization terminated successfully.", "x": "[5.08696189 3.90719876 6.39846753 2.70928463 0.6661525  2.55490207]", "final_simplex": "(array([[5.08696189, 3.90719876, 6.39846753, 2.70928463, 0.6661525 ,\n        2.55490207],\n       [5.08695944, 3.90719616, 6.39846794, 2.70929108, 0.66614733,\n        2.55489742],\n       [5.08696185, 3.90719403, 6.39846841, 2.70928533, 0.66614802,\n        2.55490141],\n       [5.08695804, 3.90719346, 6.39847221, 2.70928575, 0.66614966,\n        2.5548992 ],\n       [5.08695436, 3.90719259, 6.39846642, 2.70928534, 0.66614964,\n        2.55490082],\n       [5.08696096, 3.90718915, 6.39847286, 2.70929354, 0.66616153,\n        2.55491169],\n       [5.08695457, 3.90719638, 6.39847204, 2.70928847, 0.66615858,\n        2.55491025]]), array([0.23569832, 0.23569832, 0.23569832, 0.23569832, 0.23569832,\n       0.23569832, 0.23569832]))"}, "5": {"maxiter": 500, "fatol": 1e-05, "xatol": 1e-10, "duration": 0.13455891609191895, "fun": "0.23569831964015853", "nit": "500", "nfev": "800", "status": "2", "success": "False", "message": "Maximum number of iterations has been exceeded.", "x": "[5.08696087 3.90719465 6.39846609 2.70928671 0.66615516 2.55490127]", "final_simplex": "(array([[5.08696087, 3.90719465, 6.39846609, 2.70928671, 0.66615516,\n        2.55490127],\n       [5.08696096, 3.9071945 , 6.39846625, 2.70928678, 0.66615507,\n        2.55490115],\n       [5.08696077, 3.90719458, 6.39846613, 2.70928677, 0.66615502,\n        2.55490108],\n       [5.08696076, 3.90719461, 6.39846627, 2.70928665, 0.66615495,\n        2.55490101],\n       [5.08696089, 3.90719466, 6.39846604, 2.70928672, 0.66615484,\n        2.55490076],\n       [5.08696084, 3.90719455, 6.3984661 , 2.70928669, 0.6661546 ,\n        2.55490079],\n       [5.08696079, 3.9071944 , 6.39846615, 2.70928674, 0.66615527,\n        2.55490116]]), array([0.23569832, 0.23569832, 0.23569832, 0.23569832, 0.23569832,\n       0.23569832, 0.23569832]))"}, "6": {"maxiter": 500, "fatol": 1e-10, "xatol": 1e-05, "duration": 0.11711478233337402, "fun": "0.23569831964588417", "nit": "438", "nfev": "696", "status": "0", "success": "True", "message": "Optimization terminated successfully.", "x": "[5.08696189 3.90719876 6.39846753 2.70928463 0.6661525  2.55490207]", "final_simplex": "(array([[5.08696189, 3.90719876, 6.39846753, 2.70928463, 0.6661525 ,\n        2.55490207],\n       [5.08695944, 3.90719616, 6.39846794, 2.70929108, 0.66614733,\n        2.55489742],\n       [5.08696185, 3.90719403, 6.39846841, 2.70928533, 0.66614802,\n        2.55490141],\n       [5.08695804, 3.90719346, 6.39847221, 2.70928575, 0.66614966,\n        2.5548992 ],\n       [5.08695436, 3.90719259, 6.39846642, 2.70928534, 0.66614964,\n        2.55490082],\n       [5.08696096, 3.90718915, 6.39847286, 2.70929354, 0.66616153,\n        2.55491169],\n       [5.08695457, 3.90719638, 6.39847204, 2.70928847, 0.66615858,\n        2.55491025]]), array([0.23569832, 0.23569832, 0.23569832, 0.23569832, 0.23569832,\n       0.23569832, 0.23569832]))"}, "7": {"maxiter": 500, "fatol": 1e-10, "xatol": 1e-10, "duration": 0.13639402389526367, "fun": "0.23569831964015853", "nit": "500", "nfev": "800", "status": "2", "success": "False", "message": "Maximum number of iterations has been exceeded.", "x": "[5.08696087 3.90719465 6.39846609 2.70928671 0.66615516 2.55490127]", "final_simplex": "(array([[5.08696087, 3.90719465, 6.39846609, 2.70928671, 0.66615516,\n        2.55490127],\n       [5.08696096, 3.9071945 , 6.39846625, 2.70928678, 0.66615507,\n        2.55490115],\n       [5.08696077, 3.90719458, 6.39846613, 2.70928677, 0.66615502,\n        2.55490108],\n       [5.08696076, 3.90719461, 6.39846627, 2.70928665, 0.66615495,\n        2.55490101],\n       [5.08696089, 3.90719466, 6.39846604, 2.70928672, 0.66615484,\n        2.55490076],\n       [5.08696084, 3.90719455, 6.3984661 , 2.70928669, 0.6661546 ,\n        2.55490079],\n       [5.08696079, 3.9071944 , 6.39846615, 2.70928674, 0.66615527,\n        2.55490116]]), array([0.23569832, 0.23569832, 0.23569832, 0.23569832, 0.23569832,\n       0.23569832, 0.23569832]))"}, "8": {"maxiter": 1000, "fatol": 1e-05, "xatol": 1e-05, "duration": 0.12164115905761719, "fun": "0.23569831964588417", "nit": "438", "nfev": "696", "status": "0", "success": "True", "message": "Optimization terminated successfully.", "x": "[5.08696189 3.90719876 6.39846753 2.70928463 0.6661525  2.55490207]", "final_simplex": "(array([[5.08696189, 3.90719876, 6.39846753, 2.70928463, 0.6661525 ,\n        2.55490207],\n       [5.08695944, 3.90719616, 6.39846794, 2.70929108, 0.66614733,\n        2.55489742],\n       [5.08696185, 3.90719403, 6.39846841, 2.70928533, 0.66614802,\n        2.55490141],\n       [5.08695804, 3.90719346, 6.39847221, 2.70928575, 0.66614966,\n        2.5548992 ],\n       [5.08695436, 3.90719259, 6.39846642, 2.70928534, 0.66614964,\n        2.55490082],\n       [5.08696096, 3.90718915, 6.39847286, 2.70929354, 0.66616153,\n        2.55491169],\n       [5.08695457, 3.90719638, 6.39847204, 2.70928847, 0.66615858,\n        2.55491025]]), array([0.23569832, 0.23569832, 0.23569832, 0.23569832, 0.23569832,\n       0.23569832, 0.23569832]))"}, "9": {"maxiter": 1000, "fatol": 1e-05, "xatol": 1e-10, "duration": 0.1601409912109375, "fun": "0.23569831964015564", "nit": "550", "nfev": "942", "status": "0", "success": "True", "message": "Optimization terminated successfully.", "x": "[5.08696083 3.90719457 6.39846621 2.70928672 0.66615517 2.55490127]", "final_simplex": "(array([[5.08696083, 3.90719457, 6.39846621, 2.70928672, 0.66615517,\n        2.55490127],\n       [5.08696083, 3.90719457, 6.39846621, 2.70928672, 0.66615517,\n        2.55490127],\n       [5.08696083, 3.90719457, 6.39846621, 2.70928672, 0.66615517,\n        2.55490127],\n       [5.08696083, 3.90719457, 6.39846621, 2.70928672, 0.66615517,\n        2.55490127],\n       [5.08696083, 3.90719457, 6.39846621, 2.70928672, 0.66615517,\n        2.55490127],\n       [5.08696083, 3.90719457, 6.39846621, 2.70928672, 0.66615517,\n        2.55490127],\n       [5.08696083, 3.90719457, 6.39846621, 2.70928672, 0.66615517,\n        2.55490127]]), array([0.23569832, 0.23569832, 0.23569832, 0.23569832, 0.23569832,\n       0.23569832, 0.23569832]))"}, "10": {"maxiter": 1000, "fatol": 1e-10, "xatol": 1e-05, "duration": 0.11695003509521484, "fun": "0.23569831964588417", "nit": "438", "nfev": "696", "status": "0", "success": "True", "message": "Optimization terminated successfully.", "x": "[5.08696189 3.90719876 6.39846753 2.70928463 0.6661525  2.55490207]", "final_simplex": "(array([[5.08696189, 3.90719876, 6.39846753, 2.70928463, 0.6661525 ,\n        2.55490207],\n       [5.08695944, 3.90719616, 6.39846794, 2.70929108, 0.66614733,\n        2.55489742],\n       [5.08696185, 3.90719403, 6.39846841, 2.70928533, 0.66614802,\n        2.55490141],\n       [5.08695804, 3.90719346, 6.39847221, 2.70928575, 0.66614966,\n        2.5548992 ],\n       [5.08695436, 3.90719259, 6.39846642, 2.70928534, 0.66614964,\n        2.55490082],\n       [5.08696096, 3.90718915, 6.39847286, 2.70929354, 0.66616153,\n        2.55491169],\n       [5.08695457, 3.90719638, 6.39847204, 2.70928847, 0.66615858,\n        2.55491025]]), array([0.23569832, 0.23569832, 0.23569832, 0.23569832, 0.23569832,\n       0.23569832, 0.23569832]))"}, "11": {"maxiter": 1000, "fatol": 1e-10, "xatol": 1e-10, "duration": 0.16118621826171875, "fun": "0.23569831964015564", "nit": "550", "nfev": "942", "status": "0", "success": "True", "message": "Optimization terminated successfully.", "x": "[5.08696083 3.90719457 6.39846621 2.70928672 0.66615517 2.55490127]", "final_simplex": "(array([[5.08696083, 3.90719457, 6.39846621, 2.70928672, 0.66615517,\n        2.55490127],\n       [5.08696083, 3.90719457, 6.39846621, 2.70928672, 0.66615517,\n        2.55490127],\n       [5.08696083, 3.90719457, 6.39846621, 2.70928672, 0.66615517,\n        2.55490127],\n       [5.08696083, 3.90719457, 6.39846621, 2.70928672, 0.66615517,\n        2.55490127],\n       [5.08696083, 3.90719457, 6.39846621, 2.70928672, 0.66615517,\n        2.55490127],\n       [5.08696083, 3.90719457, 6.39846621, 2.70928672, 0.66615517,\n        2.55490127],\n       [5.08696083, 3.90719457, 6.39846621, 2.70928672, 0.66615517,\n        2.55490127]]), array([0.23569832, 0.23569832, 0.23569832, 0.23569832, 0.23569832,\n       0.23569832, 0.23569832]))"}}, "bfgs": {"type": "gradient", "0": {"maxiter": 100, "gtol": 1e-05, "xrtol": 1e-05, "eps": 1e-05, "duration": 0.031751155853271484, "fun": "0.23569831985014544", "jac": "[-1.14429577e-06 -3.90243393e-07 -2.44515519e-06  9.51438928e-07\n -6.88249457e-07  8.34188274e-07]", "hess_inv": "[[ 2.86363854  0.33209606 -0.43851686  0.5640665  -2.1239862  -1.51515837]\n [ 0.33209606  3.08296046 -1.14657079 -0.18613072 -2.34160938 -1.56696434]\n [-0.43851686 -1.14657079  3.24998325  0.30418408  3.04804812  3.49995391]\n [ 0.5640665  -0.18613072  0.30418408  2.63122283 -0.14518581  0.14993445]\n [-2.1239862  -2.34160938  3.04804812 -0.14518581 19.74063659 18.12197472]\n [-1.51515837 -1.56696434  3.49995391  0.14993445 18.12197472 19.71909931]]", "nfev": "175", "njev": "25", "status": "0", "success": "True", "message": "Optimization terminated successfully.", "x": "[5.08695732 3.90720347 6.39843858 2.70928154 0.66607033 2.55481524]", "nit": "22"}, "1": {"maxiter": 100, "gtol": 1e-05, "xrtol": 1e-05, "eps": 1e-10, "duration": 0.031517982482910156, "fun": "0.23569831983234102", "jac": "[-2.22044587e-06 -2.22044587e-06 -4.44089173e-06 -3.33066880e-06\n -1.11022293e-06 -1.11022293e-06]", "hess_inv": "[[ 2.66323003  0.33523876 -0.55631624  0.38877489 -2.41624651 -1.89004903]\n [ 0.33523876  3.08243777 -1.11128116 -0.16092857 -2.2200299  -1.43441862]\n [-0.55631624 -1.11128116  3.40705471  0.35817905  3.62918825  4.09756169]\n [ 0.38877489 -0.16092857  0.35817905  2.58966863  0.14333931  0.41596103]\n [-2.41624651 -2.2200299   3.62918825  0.14333931 21.86326937 20.35047611]\n [-1.89004903 -1.43441862  4.09756169  0.41596103 20.35047611 22.03900358]]", "nfev": "175", "njev": "25", "status": "0", "success": "True", "message": "Optimization terminated successfully.", "x": "[5.08695841 3.90719772 6.39844015 2.70927653 0.66608257 2.55482376]", "nit": "22"}, "2": {"maxiter": 100, "gtol": 1e-05, "xrtol": 1e-10, "eps": 1e-05, "duration": 0.03148794174194336, "fun": "0.23569831985014544", "jac": "[-1.14429577e-06 -3.90243393e-07 -2.44515519e-06  9.51438928e-07\n -6.88249457e-07  8.34188274e-07]", "hess_inv": "[[ 2.86363854  0.33209606 -0.43851686  0.5640665  -2.1239862  -1.51515837]\n [ 0.33209606  3.08296046 -1.14657079 -0.18613072 -2.34160938 -1.56696434]\n [-0.43851686 -1.14657079  3.24998325  0.30418408  3.04804812  3.49995391]\n [ 0.5640665  -0.18613072  0.30418408  2.63122283 -0.14518581  0.14993445]\n [-2.1239862  -2.34160938  3.04804812 -0.14518581 19.74063659 18.12197472]\n [-1.51515837 -1.56696434  3.49995391  0.14993445 18.12197472 19.71909931]]", "nfev": "175", "njev": "25", "status": "0", "success": "True", "message": "Optimization terminated successfully.", "x": "[5.08695732 3.90720347 6.39843858 2.70928154 0.66607033 2.55481524]", "nit": "22"}, "3": {"maxiter": 100, "gtol": 1e-05, "xrtol": 1e-10, "eps": 1e-10, "duration": 0.030598878860473633, "fun": "0.23569831983234102", "jac": "[-2.22044587e-06 -2.22044587e-06 -4.44089173e-06 -3.33066880e-06\n -1.11022293e-06 -1.11022293e-06]", "hess_inv": "[[ 2.66323003  0.33523876 -0.55631624  0.38877489 -2.41624651 -1.89004903]\n [ 0.33523876  3.08243777 -1.11128116 -0.16092857 -2.2200299  -1.43441862]\n [-0.55631624 -1.11128116  3.40705471  0.35817905  3.62918825  4.09756169]\n [ 0.38877489 -0.16092857  0.35817905  2.58966863  0.14333931  0.41596103]\n [-2.41624651 -2.2200299   3.62918825  0.14333931 21.86326937 20.35047611]\n [-1.89004903 -1.43441862  4.09756169  0.41596103 20.35047611 22.03900358]]", "nfev": "175", "njev": "25", "status": "0", "success": "True", "message": "Optimization terminated successfully.", "x": "[5.08695841 3.90719772 6.39844015 2.70927653 0.66608257 2.55482376]", "nit": "22"}, "4": {"maxiter": 100, "gtol": 1e-10, "xrtol": 1e-05, "eps": 1e-05, "duration": 0.0312502384185791, "fun": "0.23569831982234168", "jac": "[-7.26196880e-08 -1.40332190e-08 -2.38131737e-07  7.77156117e-11\n -1.53133062e-07  7.72382158e-08]", "hess_inv": "[[ 2.87955512  0.2822181  -0.21064441  0.51687509 -1.91526953 -1.33683009]\n [ 0.2822181   3.09488656 -1.19036924 -0.16946411 -2.27633657 -1.50222456]\n [-0.21064441 -1.19036924  3.40046451  0.23775405  2.69659612  3.15802562]\n [ 0.51687509 -0.16946411  0.23775405  2.65188399 -0.11024792  0.18793834]\n [-1.91526953 -2.27633657  2.69659612 -0.11024792 18.89364651 17.35360976]\n [-1.33683009 -1.50222456  3.15802562  0.18793834 17.35360976 19.02386182]]", "nfev": "182", "njev": "26", "status": "0", "success": "True", "message": "Optimization terminated successfully.", "x": "[5.08695952 3.90720194 6.39844519 2.70927989 0.66607248 2.55481675]", "nit": "23"}, "5": {"maxiter": 100, "gtol": 1e-10, "xrtol": 1e-05, "eps": 1e-10, "duration": 0.03354334831237793, "fun": "0.2356983196515564", "jac": "[-1.11022293e-06 -1.11022293e-06  0.00000000e+00 -1.11022293e-06\n -2.22044587e-06 -1.11022293e-06]", "hess_inv": "[[ 2.88442273  0.2521873  -0.22076831  0.44806635 -2.2725707  -1.6523531 ]\n [ 0.2521873   3.10896626 -1.18135441 -0.15221364 -2.12759738 -1.36118733]\n [-0.22076831 -1.18135441  3.24442186  0.07602482  2.08883703  2.50643731]\n [ 0.44806635 -0.15221364  0.07602482  2.39941849 -0.79225244 -0.60157282]\n [-2.2725707  -2.12759738  2.08883703 -0.79225244 17.35358688 15.3955667 ]\n [-1.6523531  -1.36118733  2.50643731 -0.60157282 15.3955667  16.6231423 ]]", "nfev": "196", "njev": "28", "status": "0", "success": "True", "message": "Optimization terminated successfully.", "x": "[5.08696356 3.90719415 6.39846765 2.70928881 0.66613744 2.55488649]", "nit": "23"}, "6": {"maxiter": 100, "gtol": 1e-10, "xrtol": 1e-10, "eps": 1e-05, "duration": 0.036047935485839844, "fun": "0.2356983198114575", "jac": "[-1.11022302e-11  0.00000000e+00 -1.11022302e-11  2.22044605e-11\n  1.11022302e-11 -2.22044605e-11]", "hess_inv": "[[ 2.85490132  0.21401312 -0.17392801  0.5649355  -1.58867913 -1.02749672]\n [ 0.21401312  3.40109789 -1.50009854 -0.28350104 -3.33381765 -2.49853451]\n [-0.17392801 -1.50009854  3.890361    0.32461464  3.89811504  4.24643835]\n [ 0.5649355  -0.28350104  0.32461464  2.69012309  0.21911767  0.50994459]\n [-1.58867913 -3.33381765  3.89811504  0.21911767 22.35309506 20.59528453]\n [-1.02749672 -2.49853451  4.24643835  0.50994459 20.59528453 22.0688699 ]]", "nfev": "210", "njev": "30", "status": "0", "success": "True", "message": "Optimization terminated successfully.", "x": "[5.08695952 3.90720132 6.39844638 2.70927999 0.66607512 2.55481913]", "nit": "27"}, "7": {"maxiter": 100, "gtol": 1e-10, "xrtol": 1e-10, "eps": 1e-10, "duration": 0.08288216590881348, "fun": "0.23569831964424026", "jac": "[2.22044587e-06 1.11022293e-06 1.11022293e-06 3.33066880e-06\n 1.11022293e-06 0.00000000e+00]", "hess_inv": "[[ 2.67698003 -2.07599827  1.45301232  1.61907812 -5.72080839  1.10955011]\n [-2.07599827  2.91172664 -1.00936243 -2.17576641  5.04195174 -1.12032156]\n [ 1.45301232 -1.00936243  1.66069937  0.71902497 -3.75797866  0.42558406]\n [ 1.61907812 -2.17576641  0.71902497  1.71335742 -3.9127765   0.88050532]\n [-5.72080839  5.04195174 -3.75797866 -3.9127765  13.26077563 -2.4362558 ]\n [ 1.10955011 -1.12032156  0.42558406  0.88050532 -2.4362558   0.63732792]]", "nfev": "488", "njev": "68", "status": "2", "success": "False", "message": "Desired error not necessarily achieved due to precision loss.", "x": "[5.08696304 3.90719535 6.39846607 2.70928911 0.66614655 2.55489148]", "nit": "30"}, "8": {"maxiter": 500, "gtol": 1e-05, "xrtol": 1e-05, "eps": 1e-05, "duration": 0.03008294105529785, "fun": "0.23569831985014544", "jac": "[-1.14429577e-06 -3.90243393e-07 -2.44515519e-06  9.51438928e-07\n -6.88249457e-07  8.34188274e-07]", "hess_inv": "[[ 2.86363854  0.33209606 -0.43851686  0.5640665  -2.1239862  -1.51515837]\n [ 0.33209606  3.08296046 -1.14657079 -0.18613072 -2.34160938 -1.56696434]\n [-0.43851686 -1.14657079  3.24998325  0.30418408  3.04804812  3.49995391]\n [ 0.5640665  -0.18613072  0.30418408  2.63122283 -0.14518581  0.14993445]\n [-2.1239862  -2.34160938  3.04804812 -0.14518581 19.74063659 18.12197472]\n [-1.51515837 -1.56696434  3.49995391  0.14993445 18.12197472 19.71909931]]", "nfev": "175", "njev": "25", "status": "0", "success": "True", "message": "Optimization terminated successfully.", "x": "[5.08695732 3.90720347 6.39843858 2.70928154 0.66607033 2.55481524]", "nit": "22"}, "9": {"maxiter": 500, "gtol": 1e-05, "xrtol": 1e-05, "eps": 1e-10, "duration": 0.029964923858642578, "fun": "0.23569831983234102", "jac": "[-2.22044587e-06 -2.22044587e-06 -4.44089173e-06 -3.33066880e-06\n -1.11022293e-06 -1.11022293e-06]", "hess_inv": "[[ 2.66323003  0.33523876 -0.55631624  0.38877489 -2.41624651 -1.89004903]\n [ 0.33523876  3.08243777 -1.11128116 -0.16092857 -2.2200299  -1.43441862]\n [-0.55631624 -1.11128116  3.40705471  0.35817905  3.62918825  4.09756169]\n [ 0.38877489 -0.16092857  0.35817905  2.58966863  0.14333931  0.41596103]\n [-2.41624651 -2.2200299   3.62918825  0.14333931 21.86326937 20.35047611]\n [-1.89004903 -1.43441862  4.09756169  0.41596103 20.35047611 22.03900358]]", "nfev": "175", "njev": "25", "status": "0", "success": "True", "message": "Optimization terminated successfully.", "x": "[5.08695841 3.90719772 6.39844015 2.70927653 0.66608257 2.55482376]", "nit": "22"}, "10": {"maxiter": 500, "gtol": 1e-05, "xrtol": 1e-10, "eps": 1e-05, "duration": 0.03004002571105957, "fun": "0.23569831985014544", "jac": "[-1.14429577e-06 -3.90243393e-07 -2.44515519e-06  9.51438928e-07\n -6.88249457e-07  8.34188274e-07]", "hess_inv": "[[ 2.86363854  0.33209606 -0.43851686  0.5640665  -2.1239862  -1.51515837]\n [ 0.33209606  3.08296046 -1.14657079 -0.18613072 -2.34160938 -1.56696434]\n [-0.43851686 -1.14657079  3.24998325  0.30418408  3.04804812  3.49995391]\n [ 0.5640665  -0.18613072  0.30418408  2.63122283 -0.14518581  0.14993445]\n [-2.1239862  -2.34160938  3.04804812 -0.14518581 19.74063659 18.12197472]\n [-1.51515837 -1.56696434  3.49995391  0.14993445 18.12197472 19.71909931]]", "nfev": "175", "njev": "25", "status": "0", "success": "True", "message": "Optimization terminated successfully.", "x": "[5.08695732 3.90720347 6.39843858 2.70928154 0.66607033 2.55481524]", "nit": "22"}, "11": {"maxiter": 500, "gtol": 1e-05, "xrtol": 1e-10, "eps": 1e-10, "duration": 0.029944896697998047, "fun": "0.23569831983234102", "jac": "[-2.22044587e-06 -2.22044587e-06 -4.44089173e-06 -3.33066880e-06\n -1.11022293e-06 -1.11022293e-06]", "hess_inv": "[[ 2.66323003  0.33523876 -0.55631624  0.38877489 -2.41624651 -1.89004903]\n [ 0.33523876  3.08243777 -1.11128116 -0.16092857 -2.2200299  -1.43441862]\n [-0.55631624 -1.11128116  3.40705471  0.35817905  3.62918825  4.09756169]\n [ 0.38877489 -0.16092857  0.35817905  2.58966863  0.14333931  0.41596103]\n [-2.41624651 -2.2200299   3.62918825  0.14333931 21.86326937 20.35047611]\n [-1.89004903 -1.43441862  4.09756169  0.41596103 20.35047611 22.03900358]]", "nfev": "175", "njev": "25", "status": "0", "success": "True", "message": "Optimization terminated successfully.", "x": "[5.08695841 3.90719772 6.39844015 2.70927653 0.66608257 2.55482376]", "nit": "22"}, "12": {"maxiter": 500, "gtol": 1e-10, "xrtol": 1e-05, "eps": 1e-05, "duration": 0.031111955642700195, "fun": "0.23569831982234168", "jac": "[-7.26196880e-08 -1.40332190e-08 -2.38131737e-07  7.77156117e-11\n -1.53133062e-07  7.72382158e-08]", "hess_inv": "[[ 2.87955512  0.2822181  -0.21064441  0.51687509 -1.91526953 -1.33683009]\n [ 0.2822181   3.09488656 -1.19036924 -0.16946411 -2.27633657 -1.50222456]\n [-0.21064441 -1.19036924  3.40046451  0.23775405  2.69659612  3.15802562]\n [ 0.51687509 -0.16946411  0.23775405  2.65188399 -0.11024792  0.18793834]\n [-1.91526953 -2.27633657  2.69659612 -0.11024792 18.89364651 17.35360976]\n [-1.33683009 -1.50222456  3.15802562  0.18793834 17.35360976 19.02386182]]", "nfev": "182", "njev": "26", "status": "0", "success": "True", "message": "Optimization terminated successfully.", "x": "[5.08695952 3.90720194 6.39844519 2.70927989 0.66607248 2.55481675]", "nit": "23"}, "13": {"maxiter": 500, "gtol": 1e-10, "xrtol": 1e-05, "eps": 1e-10, "duration": 0.03341507911682129, "fun": "0.2356983196515564", "jac": "[-1.11022293e-06 -1.11022293e-06  0.00000000e+00 -1.11022293e-06\n -2.22044587e-06 -1.11022293e-06]", "hess_inv": "[[ 2.88442273  0.2521873  -0.22076831  0.44806635 -2.2725707  -1.6523531 ]\n [ 0.2521873   3.10896626 -1.18135441 -0.15221364 -2.12759738 -1.36118733]\n [-0.22076831 -1.18135441  3.24442186  0.07602482  2.08883703  2.50643731]\n [ 0.44806635 -0.15221364  0.07602482  2.39941849 -0.79225244 -0.60157282]\n [-2.2725707  -2.12759738  2.08883703 -0.79225244 17.35358688 15.3955667 ]\n [-1.6523531  -1.36118733  2.50643731 -0.60157282 15.3955667  16.6231423 ]]", "nfev": "196", "njev": "28", "status": "0", "success": "True", "message": "Optimization terminated successfully.", "x": "[5.08696356 3.90719415 6.39846765 2.70928881 0.66613744 2.55488649]", "nit": "23"}, "14": {"maxiter": 500, "gtol": 1e-10, "xrtol": 1e-10, "eps": 1e-05, "duration": 0.035859107971191406, "fun": "0.2356983198114575", "jac": "[-1.11022302e-11  0.00000000e+00 -1.11022302e-11  2.22044605e-11\n  1.11022302e-11 -2.22044605e-11]", "hess_inv": "[[ 2.85490132  0.21401312 -0.17392801  0.5649355  -1.58867913 -1.02749672]\n [ 0.21401312  3.40109789 -1.50009854 -0.28350104 -3.33381765 -2.49853451]\n [-0.17392801 -1.50009854  3.890361    0.32461464  3.89811504  4.24643835]\n [ 0.5649355  -0.28350104  0.32461464  2.69012309  0.21911767  0.50994459]\n [-1.58867913 -3.33381765  3.89811504  0.21911767 22.35309506 20.59528453]\n [-1.02749672 -2.49853451  4.24643835  0.50994459 20.59528453 22.0688699 ]]", "nfev": "210", "njev": "30", "status": "0", "success": "True", "message": "Optimization terminated successfully.", "x": "[5.08695952 3.90720132 6.39844638 2.70927999 0.66607512 2.55481913]", "nit": "27"}, "15": {"maxiter": 500, "gtol": 1e-10, "xrtol": 1e-10, "eps": 1e-10, "duration": 0.0837240219116211, "fun": "0.23569831964424026", "jac": "[2.22044587e-06 1.11022293e-06 1.11022293e-06 3.33066880e-06\n 1.11022293e-06 0.00000000e+00]", "hess_inv": "[[ 2.67698003 -2.07599827  1.45301232  1.61907812 -5.72080839  1.10955011]\n [-2.07599827  2.91172664 -1.00936243 -2.17576641  5.04195174 -1.12032156]\n [ 1.45301232 -1.00936243  1.66069937  0.71902497 -3.75797866  0.42558406]\n [ 1.61907812 -2.17576641  0.71902497  1.71335742 -3.9127765   0.88050532]\n [-5.72080839  5.04195174 -3.75797866 -3.9127765  13.26077563 -2.4362558 ]\n [ 1.10955011 -1.12032156  0.42558406  0.88050532 -2.4362558   0.63732792]]", "nfev": "488", "njev": "68", "status": "2", "success": "False", "message": "Desired error not necessarily achieved due to precision loss.", "x": "[5.08696304 3.90719535 6.39846607 2.70928911 0.66614655 2.55489148]", "nit": "30"}, "16": {"maxiter": 1000, "gtol": 1e-05, "xrtol": 1e-05, "eps": 1e-05, "duration": 0.03145313262939453, "fun": "0.23569831985014544", "jac": "[-1.14429577e-06 -3.90243393e-07 -2.44515519e-06  9.51438928e-07\n -6.88249457e-07  8.34188274e-07]", "hess_inv": "[[ 2.86363854  0.33209606 -0.43851686  0.5640665  -2.1239862  -1.51515837]\n [ 0.33209606  3.08296046 -1.14657079 -0.18613072 -2.34160938 -1.56696434]\n [-0.43851686 -1.14657079  3.24998325  0.30418408  3.04804812  3.49995391]\n [ 0.5640665  -0.18613072  0.30418408  2.63122283 -0.14518581  0.14993445]\n [-2.1239862  -2.34160938  3.04804812 -0.14518581 19.74063659 18.12197472]\n [-1.51515837 -1.56696434  3.49995391  0.14993445 18.12197472 19.71909931]]", "nfev": "175", "njev": "25", "status": "0", "success": "True", "message": "Optimization terminated successfully.", "x": "[5.08695732 3.90720347 6.39843858 2.70928154 0.66607033 2.55481524]", "nit": "22"}, "17": {"maxiter": 1000, "gtol": 1e-05, "xrtol": 1e-05, "eps": 1e-10, "duration": 0.031707763671875, "fun": "0.23569831983234102", "jac": "[-2.22044587e-06 -2.22044587e-06 -4.44089173e-06 -3.33066880e-06\n -1.11022293e-06 -1.11022293e-06]", "hess_inv": "[[ 2.66323003  0.33523876 -0.55631624  0.38877489 -2.41624651 -1.89004903]\n [ 0.33523876  3.08243777 -1.11128116 -0.16092857 -2.2200299  -1.43441862]\n [-0.55631624 -1.11128116  3.40705471  0.35817905  3.62918825  4.09756169]\n [ 0.38877489 -0.16092857  0.35817905  2.58966863  0.14333931  0.41596103]\n [-2.41624651 -2.2200299   3.62918825  0.14333931 21.86326937 20.35047611]\n [-1.89004903 -1.43441862  4.09756169  0.41596103 20.35047611 22.03900358]]", "nfev": "175", "njev": "25", "status": "0", "success": "True", "message": "Optimization terminated successfully.", "x": "[5.08695841 3.90719772 6.39844015 2.70927653 0.66608257 2.55482376]", "nit": "22"}, "18": {"maxiter": 1000, "gtol": 1e-05, "xrtol": 1e-10, "eps": 1e-05, "duration": 0.031262874603271484, "fun": "0.23569831985014544", "jac": "[-1.14429577e-06 -3.90243393e-07 -2.44515519e-06  9.51438928e-07\n -6.88249457e-07  8.34188274e-07]", "hess_inv": "[[ 2.86363854  0.33209606 -0.43851686  0.5640665  -2.1239862  -1.51515837]\n [ 0.33209606  3.08296046 -1.14657079 -0.18613072 -2.34160938 -1.56696434]\n [-0.43851686 -1.14657079  3.24998325  0.30418408  3.04804812  3.49995391]\n [ 0.5640665  -0.18613072  0.30418408  2.63122283 -0.14518581  0.14993445]\n [-2.1239862  -2.34160938  3.04804812 -0.14518581 19.74063659 18.12197472]\n [-1.51515837 -1.56696434  3.49995391  0.14993445 18.12197472 19.71909931]]", "nfev": "175", "njev": "25", "status": "0", "success": "True", "message": "Optimization terminated successfully.", "x": "[5.08695732 3.90720347 6.39843858 2.70928154 0.66607033 2.55481524]", "nit": "22"}, "19": {"maxiter": 1000, "gtol": 1e-05, "xrtol": 1e-10, "eps": 1e-10, "duration": 0.031203269958496094, "fun": "0.23569831983234102", "jac": "[-2.22044587e-06 -2.22044587e-06 -4.44089173e-06 -3.33066880e-06\n -1.11022293e-06 -1.11022293e-06]", "hess_inv": "[[ 2.66323003  0.33523876 -0.55631624  0.38877489 -2.41624651 -1.89004903]\n [ 0.33523876  3.08243777 -1.11128116 -0.16092857 -2.2200299  -1.43441862]\n [-0.55631624 -1.11128116  3.40705471  0.35817905  3.62918825  4.09756169]\n [ 0.38877489 -0.16092857  0.35817905  2.58966863  0.14333931  0.41596103]\n [-2.41624651 -2.2200299   3.62918825  0.14333931 21.86326937 20.35047611]\n [-1.89004903 -1.43441862  4.09756169  0.41596103 20.35047611 22.03900358]]", "nfev": "175", "njev": "25", "status": "0", "success": "True", "message": "Optimization terminated successfully.", "x": "[5.08695841 3.90719772 6.39844015 2.70927653 0.66608257 2.55482376]", "nit": "22"}, "20": {"maxiter": 1000, "gtol": 1e-10, "xrtol": 1e-05, "eps": 1e-05, "duration": 0.032366275787353516, "fun": "0.23569831982234168", "jac": "[-7.26196880e-08 -1.40332190e-08 -2.38131737e-07  7.77156117e-11\n -1.53133062e-07  7.72382158e-08]", "hess_inv": "[[ 2.87955512  0.2822181  -0.21064441  0.51687509 -1.91526953 -1.33683009]\n [ 0.2822181   3.09488656 -1.19036924 -0.16946411 -2.27633657 -1.50222456]\n [-0.21064441 -1.19036924  3.40046451  0.23775405  2.69659612  3.15802562]\n [ 0.51687509 -0.16946411  0.23775405  2.65188399 -0.11024792  0.18793834]\n [-1.91526953 -2.27633657  2.69659612 -0.11024792 18.89364651 17.35360976]\n [-1.33683009 -1.50222456  3.15802562  0.18793834 17.35360976 19.02386182]]", "nfev": "182", "njev": "26", "status": "0", "success": "True", "message": "Optimization terminated successfully.", "x": "[5.08695952 3.90720194 6.39844519 2.70927989 0.66607248 2.55481675]", "nit": "23"}, "21": {"maxiter": 1000, "gtol": 1e-10, "xrtol": 1e-05, "eps": 1e-10, "duration": 0.03472590446472168, "fun": "0.2356983196515564", "jac": "[-1.11022293e-06 -1.11022293e-06  0.00000000e+00 -1.11022293e-06\n -2.22044587e-06 -1.11022293e-06]", "hess_inv": "[[ 2.88442273  0.2521873  -0.22076831  0.44806635 -2.2725707  -1.6523531 ]\n [ 0.2521873   3.10896626 -1.18135441 -0.15221364 -2.12759738 -1.36118733]\n [-0.22076831 -1.18135441  3.24442186  0.07602482  2.08883703  2.50643731]\n [ 0.44806635 -0.15221364  0.07602482  2.39941849 -0.79225244 -0.60157282]\n [-2.2725707  -2.12759738  2.08883703 -0.79225244 17.35358688 15.3955667 ]\n [-1.6523531  -1.36118733  2.50643731 -0.60157282 15.3955667  16.6231423 ]]", "nfev": "196", "njev": "28", "status": "0", "success": "True", "message": "Optimization terminated successfully.", "x": "[5.08696356 3.90719415 6.39846765 2.70928881 0.66613744 2.55488649]", "nit": "23"}, "22": {"maxiter": 1000, "gtol": 1e-10, "xrtol": 1e-10, "eps": 1e-05, "duration": 0.037168264389038086, "fun": "0.2356983198114575", "jac": "[-1.11022302e-11  0.00000000e+00 -1.11022302e-11  2.22044605e-11\n  1.11022302e-11 -2.22044605e-11]", "hess_inv": "[[ 2.85490132  0.21401312 -0.17392801  0.5649355  -1.58867913 -1.02749672]\n [ 0.21401312  3.40109789 -1.50009854 -0.28350104 -3.33381765 -2.49853451]\n [-0.17392801 -1.50009854  3.890361    0.32461464  3.89811504  4.24643835]\n [ 0.5649355  -0.28350104  0.32461464  2.69012309  0.21911767  0.50994459]\n [-1.58867913 -3.33381765  3.89811504  0.21911767 22.35309506 20.59528453]\n [-1.02749672 -2.49853451  4.24643835  0.50994459 20.59528453 22.0688699 ]]", "nfev": "210", "njev": "30", "status": "0", "success": "True", "message": "Optimization terminated successfully.", "x": "[5.08695952 3.90720132 6.39844638 2.70927999 0.66607512 2.55481913]", "nit": "27"}, "23": {"maxiter": 1000, "gtol": 1e-10, "xrtol": 1e-10, "eps": 1e-10, "duration": 0.08735013008117676, "fun": "0.23569831964424026", "jac": "[2.22044587e-06 1.11022293e-06 1.11022293e-06 3.33066880e-06\n 1.11022293e-06 0.00000000e+00]", "hess_inv": "[[ 2.67698003 -2.07599827  1.45301232  1.61907812 -5.72080839  1.10955011]\n [-2.07599827  2.91172664 -1.00936243 -2.17576641  5.04195174 -1.12032156]\n [ 1.45301232 -1.00936243  1.66069937  0.71902497 -3.75797866  0.42558406]\n [ 1.61907812 -2.17576641  0.71902497  1.71335742 -3.9127765   0.88050532]\n [-5.72080839  5.04195174 -3.75797866 -3.9127765  13.26077563 -2.4362558 ]\n [ 1.10955011 -1.12032156  0.42558406  0.88050532 -2.4362558   0.63732792]]", "nfev": "488", "njev": "68", "status": "2", "success": "False", "message": "Desired error not necessarily achieved due to precision loss.", "x": "[5.08696304 3.90719535 6.39846607 2.70928911 0.66614655 2.55489148]", "nit": "30"}}, "cobyla": {"0": {"maxiter": 100, "tol": 1e-05, "catol": 1e-05, "duration": 0.017271041870117188, "x": "[5.076459   3.85817136 6.46417218 2.71665567 0.94497379 2.84475636]", "status": "2", "success": "False", "message": "Maximum number of function evaluations has been exceeded.", "nfev": "100", "fun": "0.2376135558857405", "maxcv": "0.0"}, "1": {"maxiter": 100, "tol": 1e-05, "catol": 1e-10, "duration": 0.01726388931274414, "x": "[5.076459   3.85817136 6.46417218 2.71665567 0.94497379 2.84475636]", "status": "2", "success": "False", "message": "Maximum number of function evaluations has been exceeded.", "nfev": "100", "fun": "0.2376135558857405", "maxcv": "0.0"}, "2": {"maxiter": 100, "tol": 1e-10, "catol": 1e-05, "duration": 0.01725912094116211, "x": "[5.076459   3.85817136 6.46417218 2.71665567 0.94497379 2.84475636]", "status": "2", "success": "False", "message": "Maximum number of function evaluations has been exceeded.", "nfev": "100", "fun": "0.2376135558857405", "maxcv": "0.0"}, "3": {"maxiter": 100, "tol": 1e-10, "catol": 1e-10, "duration": 0.017277956008911133, "x": "[5.076459   3.85817136 6.46417218 2.71665567 0.94497379 2.84475636]", "status": "2", "success": "False", "message": "Maximum number of function evaluations has been exceeded.", "nfev": "100", "fun": "0.2376135558857405", "maxcv": "0.0"}, "4": {"maxiter": 500, "tol": 1e-05, "catol": 1e-05, "duration": 0.08635592460632324, "x": "[5.0869172  3.9070178  6.39870652 2.70927324 0.66739075 2.55615701]", "status": "2", "success": "False", "message": "Maximum number of function evaluations has been exceeded.", "nfev": "500", "fun": "0.2356983561533159", "maxcv": "0.0"}, "5": {"maxiter": 500, "tol": 1e-05, "catol": 1e-10, "duration": 0.08650588989257812, "x": "[5.0869172  3.9070178  6.39870652 2.70927324 0.66739075 2.55615701]", "status": "2", "success": "False", "message": "Maximum number of function evaluations has been exceeded.", "nfev": "500", "fun": "0.2356983561533159", "maxcv": "0.0"}, "6": {"maxiter": 500, "tol": 1e-10, "catol": 1e-05, "duration": 0.08620285987854004, "x": "[5.0869172  3.9070178  6.39870652 2.70927324 0.66739075 2.55615701]", "status": "2", "success": "False", "message": "Maximum number of function evaluations has been exceeded.", "nfev": "500", "fun": "0.2356983561533159", "maxcv": "0.0"}, "7": {"maxiter": 500, "tol": 1e-10, "catol": 1e-10, "duration": 0.0864870548248291, "x": "[5.0869172  3.9070178  6.39870652 2.70927324 0.66739075 2.55615701]", "status": "2", "success": "False", "message": "Maximum number of function evaluations has been exceeded.", "nfev": "500", "fun": "0.2356983561533159", "maxcv": "0.0"}, "8": {"maxiter": 1000, "tol": 1e-05, "catol": 1e-05, "duration": 0.11622023582458496, "x": "[5.08695107 3.90717432 6.39849112 2.70929281 0.66625767 2.55501034]", "status": "1", "success": "True", "message": "Optimization terminated successfully.", "nfev": "671", "fun": "0.23569831992681078", "maxcv": "0.0"}, "9": {"maxiter": 1000, "tol": 1e-05, "catol": 1e-10, "duration": 0.11478185653686523, "x": "[5.08695107 3.90717432 6.39849112 2.70929281 0.66625767 2.55501034]", "status": "1", "success": "True", "message": "Optimization terminated successfully.", "nfev": "671", "fun": "0.23569831992681078", "maxcv": "0.0"}, "10": {"maxiter": 1000, "tol": 1e-10, "catol": 1e-05, "duration": 0.16478586196899414, "x": "[5.08696075 3.90719447 6.39846637 2.70928674 0.66615616 2.55490219]", "status": "2", "success": "False", "message": "Maximum number of function evaluations has been exceeded.", "nfev": "1000", "fun": "0.2356983