{"date": "2024/07/19/, 20:45:38", "conf_id": 314, "data_type": "var_s_rank\n", "num_data_points": 4, "s_rank": 0, "unitary": "[[-0.24866696+0.58742286j,-0.44704345-0.43151574j,-0.35669027-0.20570733j,-0.10517633+0.1626036j],[0.10596805-0.19687975j,-0.30269685-0.15056416j,0.18246286+0.30440582j,-0.83484447-0.11310748j],[0.26054512-0.52548482j,0.0285017-0.50723956j,-0.43110112+0.17165838j,0.15243271+0.39915801j],[0.42978035+0.11991271j,-0.17224126-0.46030424j,0.6827807-0.15164662j,0.26483638+0.0061855j]]", "databatch_0": {"databatch": "[[[0.16056033+0.21226991j,0.36659189+0.02340857j,-0.05026562-0.13078144j,0.01752856-0.01270972j],[-0.04112754+0.09623266j,0.26598126-0.04458105j,0.21420147+0.03077471j,-0.10980794+0.33403908j],[0.02217636+0.24398915j,-0.07523909-0.12371116j,-0.02102408+0.36150878j,0.17173977+0.22682116j],[0.15636631-0.11336832j,0.13458037+0.23321668j,-0.25837934-0.00257531j,0.21564207+0.06194001j]],[[-0.12491719+0.04387742j,0.20352424+0.217365j,-0.14260145+0.04852615j,0.33903284+0.33332141j],[0.07331084-0.27658414j,0.06708289+0.0674489j,0.12673801+0.04930175j,0.16295439-0.34891861j],[0.00274854+0.15380028j,-0.19392268-0.11104931j,-0.03319681-0.08712128j,-0.34711369+0.16351119j],[0.08346597-0.12991047j,0.09917143+0.08013383j,0.04164883+0.08679191j,0.29456365-0.14730667j]],[[-0.10441029+0.07123524j,-0.29789303-0.04473506j,0.12184784-0.02244012j,-0.1209075+0.10799158j],[0.00955507-0.08768894j,-0.21392609-0.32552j,-0.00546199+0.06854463j,-0.22703192+0.19376052j],[-0.16360338-0.24759194j,-0.0388369-0.13166832j,0.21115421-0.37863419j,-0.01819945-0.12885947j],[-0.10792338-0.24214268j,-0.32949167+0.15345235j,0.02690649+0.24346234j,-0.02970615-0.15250018j]],[[0.20789614-0.06427036j,0.25976588+0.03541621j,-0.17744479-0.16884999j,-0.18538057-0.24495596j],[-0.15781415-0.29555262j,0.03347311-0.23215166j,0.05621022+0.13893631j,0.03964753-0.0457354j],[-0.0864053+0.01935509j,0.10403362-0.07947127j,-0.1323115-0.2478193j,-0.38836611-0.34498127j],[-0.08636239+0.04507803j,-0.01780606-0.10893264j,-0.14984628-0.0504075j,-0.34012214+0.00771498j]]]", "initial param values": "[5.5097427,3.35101231,0.10362069,5.93892598,5.46249993,3.74416012]", "nelder_mead": {"type": "gradient-free", "0": {"maxiter": 100, "fatol": 1e-05, "xatol": 1e-05, "duration": 0.0267179012298584, "fun": "0.5651771634120533", "nit": "100", "nfev": "156", "status": "2", "success": "False", "message": "Maximum number of iterations has been exceeded.", "x": "[5.01146545 3.8633694  0.11534717 7.88151181 2.94694522 4.74748852]", "final_simplex": "(array([[5.01146545, 3.8633694 , 0.11534717, 7.88151181, 2.94694522,\n        4.74748852],\n       [4.97703398, 3.81898808, 0.11575349, 7.92814465, 2.91781148,\n        4.70024346],\n       [5.0279943 , 3.84650909, 0.11644296, 7.87636645, 2.88700147,\n        4.68821853],\n       [4.98258168, 3.84522146, 0.11613957, 7.8734256 , 2.87138225,\n        4.69993787],\n       [4.99664846, 3.83618145, 0.11447254, 7.93328018, 2.90735251,\n        4.73596772],\n       [5.03276981, 3.89076229, 0.11784898, 7.90719527, 2.87421425,\n        4.68129072],\n       [5.01292793, 3.81829068, 0.11628528, 7.92378603, 2.87307192,\n        4.70666057]]), array([0.56517716, 0.56525349, 0.56528142, 0.56534103, 0.56535149,\n       0.56536654, 0.56544327]))"}, "1": {"maxiter": 100, "fatol": 1e-05, "xatol": 1e-10, "duration": 0.026595115661621094, "fun": "0.5651771634120533", "nit": "100", "nfev": "156", "status": "2", "success": "False", "message": "Maximum number of iterations has been exceeded.", "x": "[5.01146545 3.8633694  0.11534717 7.88151181 2.94694522 4.74748852]", "final_simplex": "(array([[5.01146545, 3.8633694 , 0.11534717, 7.88151181, 2.94694522,\n        4.74748852],\n       [4.97703398, 3.81898808, 0.11575349, 7.92814465, 2.91781148,\n        4.70024346],\n       [5.0279943 , 3.84650909, 0.11644296, 7.87636645, 2.88700147,\n        4.68821853],\n       [4.98258168, 3.84522146, 0.11613957, 7.8734256 , 2.87138225,\n        4.69993787],\n       [4.99664846, 3.83618145, 0.11447254, 7.93328018, 2.90735251,\n        4.73596772],\n       [5.03276981, 3.89076229, 0.11784898, 7.90719527, 2.87421425,\n        4.68129072],\n       [5.01292793, 3.81829068, 0.11628528, 7.92378603, 2.87307192,\n        4.70666057]]), array([0.56517716, 0.56525349, 0.56528142, 0.56534103, 0.56535149,\n       0.56536654, 0.56544327]))"}, "2": {"maxiter": 100, "fatol": 1e-10, "xatol": 1e-05, "duration": 0.026761770248413086, "fun": "0.5651771634120533", "nit": "100", "nfev": "156", "status": "2", "success": "False", "message": "Maximum number of iterations has been exceeded.", "x": "[5.01146545 3.8633694  0.11534717 7.88151181 2.94694522 4.74748852]", "final_simplex": "(array([[5.01146545, 3.8633694 , 0.11534717, 7.88151181, 2.94694522,\n        4.74748852],\n       [4.97703398, 3.81898808, 0.11575349, 7.92814465, 2.91781148,\n        4.70024346],\n       [5.0279943 , 3.84650909, 0.11644296, 7.87636645, 2.88700147,\n        4.68821853],\n       [4.98258168, 3.84522146, 0.11613957, 7.8734256 , 2.87138225,\n        4.69993787],\n       [4.99664846, 3.83618145, 0.11447254, 7.93328018, 2.90735251,\n        4.73596772],\n       [5.03276981, 3.89076229, 0.11784898, 7.90719527, 2.87421425,\n        4.68129072],\n       [5.01292793, 3.81829068, 0.11628528, 7.92378603, 2.87307192,\n        4.70666057]]), array([0.56517716, 0.56525349, 0.56528142, 0.56534103, 0.56535149,\n       0.56536654, 0.56544327]))"}, "3": {"maxiter": 100, "fatol": 1e-10, "xatol": 1e-10, "duration": 0.02667093276977539, "fun": "0.5651771634120533", "nit": "100", "nfev": "156", "status": "2", "success": "False", "message": "Maximum number of iterations has been exceeded.", "x": "[5.01146545 3.8633694  0.11534717 7.88151181 2.94694522 4.74748852]", "final_simplex": "(array([[5.01146545, 3.8633694 , 0.11534717, 7.88151181, 2.94694522,\n        4.74748852],\n       [4.97703398, 3.81898808, 0.11575349, 7.92814465, 2.91781148,\n        4.70024346],\n       [5.0279943 , 3.84650909, 0.11644296, 7.87636645, 2.88700147,\n        4.68821853],\n       [4.98258168, 3.84522146, 0.11613957, 7.8734256 , 2.87138225,\n        4.69993787],\n       [4.99664846, 3.83618145, 0.11447254, 7.93328018, 2.90735251,\n        4.73596772],\n       [5.03276981, 3.89076229, 0.11784898, 7.90719527, 2.87421425,\n        4.68129072],\n       [5.01292793, 3.81829068, 0.11628528, 7.92378603, 2.87307192,\n        4.70666057]]), array([0.56517716, 0.56525349, 0.56528142, 0.56534103, 0.56535149,\n       0.56536654, 0.56544327]))"}, "4": {"maxiter": 500, "fatol": 1e-05, "xatol": 1e-05, "duration": 0.11170578002929688, "fun": "0.5102810302594705", "nit": "418", "nfev": "645", "status": "0", "success": "True", "message": "Optimization terminated successfully.", "x": "[4.92317252 3.60793122 0.92340834 7.9943859  2.87318483 5.0433012 ]", "final_simplex": "(array([[4.92317252, 3.60793122, 0.92340834, 7.9943859 , 2.87318483,\n        5.0433012 ],\n       [4.92317408, 3.60793017, 0.92340397, 7.99437997, 2.87318747,\n        5.04330625],\n       [4.92317622, 3.60793462, 0.92340441, 7.99437801, 2.87318572,\n        5.0433004 ],\n       [4.92316844, 3.60792813, 0.92340626, 7.99438297, 2.87318699,\n        5.04329566],\n       [4.92316571, 3.60793118, 0.92341477, 7.99438585, 2.87319405,\n        5.04330588],\n       [4.92317329, 3.60792452, 0.92341342, 7.99437795, 2.87318897,\n        5.0432975 ],\n       [4.92317141, 3.6079265 , 0.9234104 , 7.99438078, 2.87318168,\n        5.04330224]]), array([0.51028103, 0.51028103, 0.51028103, 0.51028103, 0.51028103,\n       0.51028103, 0.51028103]))"}, "5": {"maxiter": 500, "fatol": 1e-05, "xatol": 1e-10, "duration": 0.13313794136047363, "fun": "0.5102810302486595", "nit": "500", "nfev": "774", "status": "2", "success": "False", "message": "Maximum number of iterations has been exceeded.", "x": "[4.92317485 3.60793145 0.92340579 7.99438388 2.87319411 5.04330111]", "final_simplex": "(array([[4.92317485, 3.60793145, 0.92340579, 7.99438388, 2.87319411,\n        5.04330111],\n       [4.92317482, 3.60793146, 0.92340577, 7.99438395, 2.8731941 ,\n        5.04330126],\n       [4.92317484, 3.60793148, 0.92340583, 7.99438411, 2.8731941 ,\n        5.0433012 ],\n       [4.92317464, 3.60793146, 0.92340584, 7.99438402, 2.87319404,\n        5.04330112],\n       [4.92317477, 3.60793143, 0.92340577, 7.99438417, 2.8731942 ,\n        5.04330108],\n       [4.92317476, 3.60793147, 0.92340593, 7.99438401, 2.87319415,\n        5.04330121],\n       [4.92317468, 3.60793137, 0.92340586, 7.9943841 , 2.87319412,\n        5.04330113]]), array([0.51028103, 0.51028103, 0.51028103, 0.51028103, 0.51028103,\n       0.51028103, 0.51028103]))"}, "6": {"maxiter": 500, "fatol": 1e-10, "xatol": 1e-05, "duration": 0.11008000373840332, "fun": "0.5102810302594705", "nit": "418", "nfev": "645", "status": "0", "success": "True", "message": "Optimization terminated successfully.", "x": "[4.92317252 3.60793122 0.92340834 7.9943859  2.87318483 5.0433012 ]", "final_simplex": "(array([[4.92317252, 3.60793122, 0.92340834, 7.9943859 , 2.87318483,\n        5.0433012 ],\n       [4.92317408, 3.60793017, 0.92340397, 7.99437997, 2.87318747,\n        5.04330625],\n       [4.92317622, 3.60793462, 0.92340441, 7.99437801, 2.87318572,\n        5.0433004 ],\n       [4.92316844, 3.60792813, 0.92340626, 7.99438297, 2.87318699,\n        5.04329566],\n       [4.92316571, 3.60793118, 0.92341477, 7.99438585, 2.87319405,\n        5.04330588],\n       [4.92317329, 3.60792452, 0.92341342, 7.99437795, 2.87318897,\n        5.0432975 ],\n       [4.92317141, 3.6079265 , 0.9234104 , 7.99438078, 2.87318168,\n        5.04330224]]), array([0.51028103, 0.51028103, 0.51028103, 0.51028103, 0.51028103,\n       0.51028103, 0.51028103]))"}, "7": {"maxiter": 500, "fatol": 1e-10, "xatol": 1e-10, "duration": 0.13186025619506836, "fun": "0.5102810302486595", "nit": "500", "nfev": "774", "status": "2", "success": "False", "message": "Maximum number of iterations has been exceeded.", "x": "[4.92317485 3.60793145 0.92340579 7.99438388 2.87319411 5.04330111]", "final_simplex": "(array([[4.92317485, 3.60793145, 0.92340579, 7.99438388, 2.87319411,\n        5.04330111],\n       [4.92317482, 3.60793146, 0.92340577, 7.99438395, 2.8731941 ,\n        5.04330126],\n       [4.92317484, 3.60793148, 0.92340583, 7.99438411, 2.8731941 ,\n        5.0433012 ],\n       [4.92317464, 3.60793146, 0.92340584, 7.99438402, 2.87319404,\n        5.04330112],\n       [4.92317477, 3.60793143, 0.92340577, 7.99438417, 2.8731942 ,\n        5.04330108],\n       [4.92317476, 3.60793147, 0.92340593, 7.99438401, 2.87319415,\n        5.04330121],\n       [4.92317468, 3.60793137, 0.92340586, 7.9943841 , 2.87319412,\n        5.04330113]]), array([0.51028103, 0.51028103, 0.51028103, 0.51028103, 0.51028103,\n       0.51028103, 0.51028103]))"}, "8": {"maxiter": 1000, "fatol": 1e-05, "xatol": 1e-05, "duration": 0.11195206642150879, "fun": "0.5102810302594705", "nit": "418", "nfev": "645", "status": "0", "success": "True", "message": "Optimization terminated successfully.", "x": "[4.92317252 3.60793122 0.92340834 7.9943859  2.87318483 5.0433012 ]", "final_simplex": "(array([[4.92317252, 3.60793122, 0.92340834, 7.9943859 , 2.87318483,\n        5.0433012 ],\n       [4.92317408, 3.60793017, 0.92340397, 7.99437997, 2.87318747,\n        5.04330625],\n       [4.92317622, 3.60793462, 0.92340441, 7.99437801, 2.87318572,\n        5.0433004 ],\n       [4.92316844, 3.60792813, 0.92340626, 7.99438297, 2.87318699,\n        5.04329566],\n       [4.92316571, 3.60793118, 0.92341477, 7.99438585, 2.87319405,\n        5.04330588],\n       [4.92317329, 3.60792452, 0.92341342, 7.99437795, 2.87318897,\n        5.0432975 ],\n       [4.92317141, 3.6079265 , 0.9234104 , 7.99438078, 2.87318168,\n        5.04330224]]), array([0.51028103, 0.51028103, 0.51028103, 0.51028103, 0.51028103,\n       0.51028103, 0.51028103]))"}, "9": {"maxiter": 1000, "fatol": 1e-05, "xatol": 1e-10, "duration": 0.15763282775878906, "fun": "0.5102810302486547", "nit": "559", "nfev": "927", "status": "0", "success": "True", "message": "Optimization terminated successfully.", "x": "[4.92317485 3.60793157 0.92340563 7.99438398 2.87319404 5.04330099]", "final_simplex": "(array([[4.92317485, 3.60793157, 0.92340563, 7.99438398, 2.87319404,\n        5.04330099],\n       [4.92317485, 3.60793157, 0.92340563, 7.99438398, 2.87319404,\n        5.04330099],\n       [4.92317485, 3.60793157, 0.92340563, 7.99438398, 2.87319404,\n        5.04330099],\n       [4.92317485, 3.60793157, 0.92340563, 7.99438398, 2.87319404,\n        5.04330099],\n       [4.92317485, 3.60793157, 0.92340563, 7.99438398, 2.87319404,\n        5.04330099],\n       [4.92317485, 3.60793157, 0.92340563, 7.99438398, 2.87319404,\n        5.04330099],\n       [4.92317485, 3.60793157, 0.92340563, 7.99438398, 2.87319404,\n        5.04330099]]), array([0.51028103, 0.51028103, 0.51028103, 0.51028103, 0.51028103,\n       0.51028103, 0.51028103]))"}, "10": {"maxiter": 1000, "fatol": 1e-10, "xatol": 1e-05, "duration": 0.11007118225097656, "fun": "0.5102810302594705", "nit": "418", "nfev": "645", "status": "0", "success": "True", "message": "Optimization terminated successfully.", "x": "[4.92317252 3.60793122 0.92340834 7.9943859  2.87318483 5.0433012 ]", "final_simplex": "(array([[4.92317252, 3.60793122, 0.92340834, 7.9943859 , 2.87318483,\n        5.0433012 ],\n       [4.92317408, 3.60793017, 0.92340397, 7.99437997, 2.87318747,\n        5.04330625],\n       [4.92317622, 3.60793462, 0.92340441, 7.99437801, 2.87318572,\n        5.0433004 ],\n       [4.92316844, 3.60792813, 0.92340626, 7.99438297, 2.87318699,\n        5.04329566],\n       [4.92316571, 3.60793118, 0.92341477, 7.99438585, 2.87319405,\n        5.04330588],\n       [4.92317329, 3.60792452, 0.92341342, 7.99437795, 2.87318897,\n        5.0432975 ],\n       [4.92317141, 3.6079265 , 0.9234104 , 7.99438078, 2.87318168,\n        5.04330224]]), array([0.51028103, 0.51028103, 0.51028103, 0.51028103, 0.51028103,\n       0.51028103, 0.51028103]))"}, "11": {"maxiter": 1000, "fatol": 1e-10, "xatol": 1e-10, "duration": 0.15839695930480957, "fun": "0.5102810302486547", "nit": "559", "nfev": "927", "status": "0", "success": "True", "message": "Optimization terminated successfully.", "x": "[4.92317485 3.60793157 0.92340563 7.99438398 2.87319404 5.04330099]", "final_simplex": "(array([[4.92317485, 3.60793157, 0.92340563, 7.99438398, 2.87319404,\n        5.04330099],\n       [4.92317485, 3.60793157, 0.92340563, 7.99438398, 2.87319404,\n        5.04330099],\n       [4.92317485, 3.60793157, 0.92340563, 7.99438398, 2.87319404,\n        5.04330099],\n       [4.92317485, 3.60793157, 0.92340563, 7.99438398, 2.87319404,\n        5.04330099],\n       [4.92317485, 3.60793157, 0.92340563, 7.99438398, 2.87319404,\n        5.04330099],\n       [4.92317485, 3.60793157, 0.92340563, 7.99438398, 2.87319404,\n        5.04330099],\n       [4.92317485, 3.60793157, 0.92340563, 7.99438398, 2.87319404,\n        5.04330099]]), array([0.51028103, 0.51028103, 0.51028103, 0.51028103, 0.51028103,\n       0.51028103, 0.51028103]))"}}, "bfgs": {"type": "gradient", "0": {"maxiter": 100, "gtol": 1e-05, "xrtol": 1e-05, "eps": 1e-05, "duration": 0.02831268310546875, "fun": "0.5102810307313659", "jac": "[-4.58466598e-06 -8.57729443e-06 -5.16439114e-06  3.63251651e-06\n  5.17317300e-06 -4.19707602e-06]", "hess_inv": "[[ 3.17271036 -1.09125075 -0.39475933  1.35287601 -0.33874578 -0.47381949]\n [-1.09125075  4.19018637 -2.16426343  0.49452621  1.1956374  -0.78975908]\n [-0.39475933 -2.16426343  5.09074656 -0.33178282  0.23602677  1.55065331]\n [ 1.35287601  0.49452621 -0.33178282  4.17285037 -0.63974447  0.13417081]\n [-0.33874578  1.1956374   0.23602677 -0.63974447  4.77864743  1.28696803]\n [-0.47381949 -0.78975908  1.55065331  0.13417081  1.28696803  5.31398205]]", "nfev": "161", "njev": "23", "status": "0", "success": "True", "message": "Optimization terminated successfully.", "x": "[4.9231498  3.60789165 0.92337405 4.57199563 6.0147998  1.9016769 ]", "nit": "19"}, "1": {"maxiter": 100, "gtol": 1e-05, "xrtol": 1e-05, "eps": 1e-10, "duration": 0.02927994728088379, "fun": "0.5102810306046204", "jac": "[-4.44089173e-06 -8.88178346e-06 -6.66133760e-06  4.44089173e-06\n  4.44089173e-06 -4.44089173e-06]", "hess_inv": "[[ 3.16405204 -1.10628449 -0.45414174  1.29819147 -0.39542692 -0.56318851]\n [-1.10628449  4.26227443 -2.15036128  0.63996785  1.21165185 -0.66638127]\n [-0.45414174 -2.15036128  4.97743826 -0.43512703  0.12072653  1.40762203]\n [ 1.29819147  0.63996785 -0.43512703  4.33023232 -0.70192513  0.16310583]\n [-0.39542692  1.21165185  0.12072653 -0.70192513  4.66231729  1.16912403]\n [-0.56318851 -0.66638127  1.40762203  0.16310583  1.16912403  5.23773326]]", "nfev": "161", "njev": "23", "status": "0", "success": "True", "message": "Optimization terminated successfully.", "x": "[4.92315795 3.60790372 0.92338083 4.57201214 6.01480959 1.90169423]", "nit": "19"}, "2": {"maxiter": 100, "gtol": 1e-05, "xrtol": 1e-10, "eps": 1e-05, "duration": 0.029258012771606445, "fun": "0.5102810307313659", "jac": "[-4.58466598e-06 -8.57729443e-06 -5.16439114e-06  3.63251651e-06\n  5.17317300e-06 -4.19707602e-06]", "hess_inv": "[[ 3.17271036 -1.09125075 -0.39475933  1.35287601 -0.33874578 -0.47381949]\n [-1.09125075  4.19018637 -2.16426343  0.49452621  1.1956374  -0.78975908]\n [-0.39475933 -2.16426343  5.09074656 -0.33178282  0.23602677  1.55065331]\n [ 1.35287601  0.49452621 -0.33178282  4.17285037 -0.63974447  0.13417081]\n [-0.33874578  1.1956374   0.23602677 -0.63974447  4.77864743  1.28696803]\n [-0.47381949 -0.78975908  1.55065331  0.13417081  1.28696803  5.31398205]]", "nfev": "161", "njev": "23", "status": "0", "success": "True", "message": "Optimization terminated successfully.", "x": "[4.9231498  3.60789165 0.92337405 4.57199563 6.0147998  1.9016769 ]", "nit": "19"}, "3": {"maxiter": 100, "gtol": 1e-05, "xrtol": 1e-10, "eps": 1e-10, "duration": 0.02865314483642578, "fun": "0.5102810306046204", "jac": "[-4.44089173e-06 -8.88178346e-06 -6.66133760e-06  4.44089173e-06\n  4.44089173e-06 -4.44089173e-06]", "hess_inv": "[[ 3.16405204 -1.10628449 -0.45414174  1.29819147 -0.39542692 -0.56318851]\n [-1.10628449  4.26227443 -2.15036128  0.63996785  1.21165185 -0.66638127]\n [-0.45414174 -2.15036128  4.97743826 -0.43512703  0.12072653  1.40762203]\n [ 1.29819147  0.63996785 -0.43512703  4.33023232 -0.70192513  0.16310583]\n [-0.39542692  1.21165185  0.12072653 -0.70192513  4.66231729  1.16912403]\n [-0.56318851 -0.66638127  1.40762203  0.16310583  1.16912403  5.23773326]]", "nfev": "161", "njev": "23", "status": "0", "success": "True", "message": "Optimization terminated successfully.", "x": "[4.92315795 3.60790372 0.92338083 4.57201214 6.01480959 1.90169423]", "nit": "19"}, "4": {"maxiter": 100, "gtol": 1e-10, "xrtol": 1e-05, "eps": 1e-05, "duration": 0.02945113182067871, "fun": "0.5102810304853682", "jac": "[-5.81644732e-06 -4.66715555e-06 -2.76296763e-06  3.75153242e-06\n  1.78349557e-06 -1.13316023e-06]", "hess_inv": "[[ 3.16015268 -1.14837837 -0.59039103  1.43118612 -0.27719623 -0.65525869]\n [-1.14837837  4.40787194 -1.86912694  0.44193985  1.01666258 -0.44239103]\n [-0.59039103 -1.86912694  4.98394764 -0.12635556  0.05592063  1.63434925]\n [ 1.43118612  0.44193985 -0.12635556  4.03449941 -0.63065162  0.26165126]\n [-0.27719623  1.01666258  0.05592063 -0.63065162  4.91807839  1.04915252]\n [-0.65525869 -0.44239103  1.63434925  0.26165126  1.04915252  5.57245118]]", "nfev": "168", "njev": "24", "status": "0", "success": "True", "message": "Optimization terminated successfully.", "x": "[4.92314488 3.60790582 0.92338808 4.57199504 6.01478879 1.90169555]", "nit": "20"}, "5": {"maxiter": 100, "gtol": 1e-10, "xrtol": 1e-05, "eps": 1e-10, "duration": 0.029356002807617188, "fun": "0.5102810304423309", "jac": "[-4.44089173e-06 -2.22044587e-06 -1.11022293e-06  5.55111466e-06\n  2.22044587e-06  1.11022293e-06]", "hess_inv": "[[ 3.24415482 -1.23499991 -0.65193633  1.32635099 -0.34805537 -0.78112085]\n [-1.23499991  4.45306655 -1.73621781  0.52191396  1.14364864 -0.25974184]\n [-0.65193633 -1.73621781  4.88746958 -0.0674484  -0.04499141  1.60676573]\n [ 1.32635099  0.52191396 -0.0674484   4.00962947 -0.64842395  0.34274502]\n [-0.34805537  1.14364864 -0.04499141 -0.64842395  4.68622387  1.01167239]\n [-0.78112085 -0.25974184  1.60676573  0.34274502  1.01167239  5.63197065]]", "nfev": "168", "njev": "24", "status": "0", "success": "True", "message": "Optimization terminated successfully.", "x": "[4.92314924 3.60791768 0.9234027  4.57200881 6.01480447 1.90171816]", "nit": "20"}, "6": {"maxiter": 100, "gtol": 1e-10, "xrtol": 1e-10, "eps": 1e-05, "duration": 0.06981825828552246, "fun": "0.5102810302660852", "jac": "[-1.09934284e-07  1.17339471e-07  1.19881882e-07  1.33670852e-08\n -1.37068135e-07  1.54132263e-07]", "hess_inv": "[[ 4.65498267  0.13545012 -0.2991838   0.78988436 -0.68199847 -0.70782124]\n [ 0.13545012  5.2684861  -1.59564586 -0.16742709  0.79294158 -0.53855463]\n [-0.2991838  -1.59564586  5.23809808 -0.3309451  -0.06968729  1.80290872]\n [ 0.78988436 -0.16742709 -0.3309451   4.33189637 -0.41212136  0.19755883]\n [-0.68199847  0.79294158 -0.06968729 -0.41212136  4.97027721  1.05923733]\n [-0.70782124 -0.53855463  1.80290872  0.19755883  1.05923733  5.71493978]]", "nfev": "404", "njev": "56", "status": "2", "success": "False", "message": "Desired error not necessarily achieved due to precision loss.", "x": "[4.92316969 3.60792779 0.92340003 4.57198149 6.01478049 1.90170107]", "nit": "23"}, "7": {"maxiter": 100, "gtol": 1e-10, "xrtol": 1e-10, "eps": 1e-10, "duration": 0.04496598243713379, "fun": "0.510281030251651", "jac": "[-1.11022293e-06 -2.22044587e-06 -1.11022293e-06  0.00000000e+00\n  0.00000000e+00  0.00000000e+00]", "hess_inv": "[[ 2.71429359 -0.5429146  -0.95621712  0.21222784 -1.9244186  -0.97779266]\n [-0.5429146   4.66011524 -1.42271392 -1.51037938 -0.25265297 -2.56711359]\n [-0.95621712 -1.42271392  4.09310797 -0.02457082 -0.23504339  1.58025447]\n [ 0.21222784 -1.51037938 -0.02457082  3.93236388 -0.50452801  0.62150452]\n [-1.9244186  -0.25265297 -0.23504339 -0.50452801  4.44299338  1.1611724 ]\n [-0.97779266 -2.56711359  1.58025447  0.62150452  1.1611724   5.96235678]]", "nfev": "259", "njev": "37", "status": "0", "success": "True", "message": "Optimization terminated successfully.", "x": "[4.92317474 3.60793219 0.92340329 4.57198696 6.01479166 1.90170905]", "nit": "25"}, "8": {"maxiter": 500, "gtol": 1e-05, "xrtol": 1e-05, "eps": 1e-05, "duration": 0.027987957000732422, "fun": "0.5102810307313659", "jac": "[-4.58466598e-06 -8.57729443e-06 -5.16439114e-06  3.63251651e-06\n  5.17317300e-06 -4.19707602e-06]", "hess_inv": "[[ 3.17271036 -1.09125075 -0.39475933  1.35287601 -0.33874578 -0.47381949]\n [-1.09125075  4.19018637 -2.16426343  0.49452621  1.1956374  -0.78975908]\n [-0.39475933 -2.16426343  5.09074656 -0.33178282  0.23602677  1.55065331]\n [ 1.35287601  0.49452621 -0.33178282  4.17285037 -0.63974447  0.13417081]\n [-0.33874578  1.1956374   0.23602677 -0.63974447  4.77864743  1.28696803]\n [-0.47381949 -0.78975908  1.55065331  0.13417081  1.28696803  5.31398205]]", "nfev": "161", "njev": "23", "status": "0", "success": "True", "message": "Optimization terminated successfully.", "x": "[4.9231498  3.60789165 0.92337405 4.57199563 6.0147998  1.9016769 ]", "nit": "19"}, "9": {"maxiter": 500, "gtol": 1e-05, "xrtol": 1e-05, "eps": 1e-10, "duration": 0.028011083602905273, "fun": "0.5102810306046204", "jac": "[-4.44089173e-06 -8.88178346e-06 -6.66133760e-06  4.44089173e-06\n  4.44089173e-06 -4.44089173e-06]", "hess_inv": "[[ 3.16405204 -1.10628449 -0.45414174  1.29819147 -0.39542692 -0.56318851]\n [-1.10628449  4.26227443 -2.15036128  0.63996785  1.21165185 -0.66638127]\n [-0.45414174 -2.15036128  4.97743826 -0.43512703  0.12072653  1.40762203]\n [ 1.29819147  0.63996785 -0.43512703  4.33023232 -0.70192513  0.16310583]\n [-0.39542692  1.21165185  0.12072653 -0.70192513  4.66231729  1.16912403]\n [-0.56318851 -0.66638127  1.40762203  0.16310583  1.16912403  5.23773326]]", "nfev": "161", "njev": "23", "status": "0", "success": "True", "message": "Optimization terminated successfully.", "x": "[4.92315795 3.60790372 0.92338083 4.57201214 6.01480959 1.90169423]", "nit": "19"}, "10": {"maxiter": 500, "gtol": 1e-05, "xrtol": 1e-10, "eps": 1e-05, "duration": 0.02855992317199707, "fun": "0.5102810307313659", "jac": "[-4.58466598e-06 -8.57729443e-06 -5.16439114e-06  3.63251651e-06\n  5.17317300e-06 -4.19707602e-06]", "hess_inv": "[[ 3.17271036 -1.09125075 -0.39475933  1.35287601 -0.33874578 -0.47381949]\n [-1.09125075  4.19018637 -2.16426343  0.49452621  1.1956374  -0.78975908]\n [-0.39475933 -2.16426343  5.09074656 -0.33178282  0.23602677  1.55065331]\n [ 1.35287601  0.49452621 -0.33178282  4.17285037 -0.63974447  0.13417081]\n [-0.33874578  1.1956374   0.23602677 -0.63974447  4.77864743  1.28696803]\n [-0.47381949 -0.78975908  1.55065331  0.13417081  1.28696803  5.31398205]]", "nfev": "161", "njev": "23", "status": "0", "success": "True", "message": "Optimization terminated successfully.", "x": "[4.9231498  3.60789165 0.92337405 4.57199563 6.0147998  1.9016769 ]", "nit": "19"}, "11": {"maxiter": 500, "gtol": 1e-05, "xrtol": 1e-10, "eps": 1e-10, "duration": 0.02801370620727539, "fun": "0.5102810306046204", "jac": "[-4.44089173e-06 -8.88178346e-06 -6.66133760e-06  4.44089173e-06\n  4.44089173e-06 -4.44089173e-06]", "hess_inv": "[[ 3.16405204 -1.10628449 -0.45414174  1.29819147 -0.39542692 -0.56318851]\n [-1.10628449  4.26227443 -2.15036128  0.63996785  1.21165185 -0.66638127]\n [-0.45414174 -2.15036128  4.97743826 -0.43512703  0.12072653  1.40762203]\n [ 1.29819147  0.63996785 -0.43512703  4.33023232 -0.70192513  0.16310583]\n [-0.39542692  1.21165185  0.12072653 -0.70192513  4.66231729  1.16912403]\n [-0.56318851 -0.66638127  1.40762203  0.16310583  1.16912403  5.23773326]]", "nfev": "161", "njev": "23", "status": "0", "success": "True", "message": "Optimization terminated successfully.", "x": "[4.92315795 3.60790372 0.92338083 4.57201214 6.01480959 1.90169423]", "nit": "19"}, "12": {"maxiter": 500, "gtol": 1e-10, "xrtol": 1e-05, "eps": 1e-05, "duration": 0.029308795928955078, "fun": "0.5102810304853682", "jac": "[-5.81644732e-06 -4.66715555e-06 -2.76296763e-06  3.75153242e-06\n  1.78349557e-06 -1.13316023e-06]", "hess_inv": "[[ 3.16015268 -1.14837837 -0.59039103  1.43118612 -0.27719623 -0.65525869]\n [-1.14837837  4.40787194 -1.86912694  0.44193985  1.01666258 -0.44239103]\n [-0.59039103 -1.86912694  4.98394764 -0.12635556  0.05592063  1.63434925]\n [ 1.43118612  0.44193985 -0.12635556  4.03449941 -0.63065162  0.26165126]\n [-0.27719623  1.01666258  0.05592063 -0.63065162  4.91807839  1.04915252]\n [-0.65525869 -0.44239103  1.63434925  0.26165126  1.04915252  5.57245118]]", "nfev": "168", "njev": "24", "status": "0", "success": "True", "message": "Optimization terminated successfully.", "x": "[4.92314488 3.60790582 0.92338808 4.57199504 6.01478879 1.90169555]", "nit": "20"}, "13": {"maxiter": 500, "gtol": 1e-10, "xrtol": 1e-05, "eps": 1e-10, "duration": 0.029933929443359375, "fun": "0.5102810304423309", "jac": "[-4.44089173e-06 -2.22044587e-06 -1.11022293e-06  5.55111466e-06\n  2.22044587e-06  1.11022293e-06]", "hess_inv": "[[ 3.24415482 -1.23499991 -0.65193633  1.32635099 -0.34805537 -0.78112085]\n [-1.23499991  4.45306655 -1.73621781  0.52191396  1.14364864 -0.25974184]\n [-0.65193633 -1.73621781  4.88746958 -0.0674484  -0.04499141  1.60676573]\n [ 1.32635099  0.52191396 -0.0674484   4.00962947 -0.64842395  0.34274502]\n [-0.34805537  1.14364864 -0.04499141 -0.64842395  4.68622387  1.01167239]\n [-0.78112085 -0.25974184  1.60676573  0.34274502  1.01167239  5.63197065]]", "nfev": "168", "njev": "24", "status": "0", "success": "True", "message": "Optimization terminated successfully.", "x": "[4.92314924 3.60791768 0.9234027  4.57200881 6.01480447 1.90171816]", "nit": "20"}, "14": {"maxiter": 500, "gtol": 1e-10, "xrtol": 1e-10, "eps": 1e-05, "duration": 0.0725240707397461, "fun": "0.5102810302660852", "jac": "[-1.09934284e-07  1.17339471e-07  1.19881882e-07  1.33670852e-08\n -1.37068135e-07  1.54132263e-07]", "hess_inv": "[[ 4.65498267  0.13545012 -0.2991838   0.78988436 -0.68199847 -0.70782124]\n [ 0.13545012  5.2684861  -1.59564586 -0.16742709  0.79294158 -0.53855463]\n [-0.2991838  -1.59564586  5.23809808 -0.3309451  -0.06968729  1.80290872]\n [ 0.78988436 -0.16742709 -0.3309451   4.33189637 -0.41212136  0.19755883]\n [-0.68199847  0.79294158 -0.06968729 -0.41212136  4.97027721  1.05923733]\n [-0.70782124 -0.53855463  1.80290872  0.19755883  1.05923733  5.71493978]]", "nfev": "404", "njev": "56", "status": "2", "success": "False", "message": "Desired error not necessarily achieved due to precision loss.", "x": "[4.92316969 3.60792779 0.92340003 4.57198149 6.01478049 1.90170107]", "nit": "23"}, "15": {"maxiter": 500, "gtol": 1e-10, "xrtol": 1e-10, "eps": 1e-10, "duration": 0.045928001403808594, "fun": "0.510281030251651", "jac": "[-1.11022293e-06 -2.22044587e-06 -1.11022293e-06  0.00000000e+00\n  0.00000000e+00  0.00000000e+00]", "hess_inv": "[[ 2.71429359 -0.5429146  -0.95621712  0.21222784 -1.9244186  -0.97779266]\n [-0.5429146   4.66011524 -1.42271392 -1.51037938 -0.25265297 -2.56711359]\n [-0.95621712 -1.42271392  4.09310797 -0.02457082 -0.23504339  1.58025447]\n [ 0.21222784 -1.51037938 -0.02457082  3.93236388 -0.50452801  0.62150452]\n [-1.9244186  -0.25265297 -0.23504339 -0.50452801  4.44299338  1.1611724 ]\n [-0.97779266 -2.56711359  1.58025447  0.62150452  1.1611724   5.96235678]]", "nfev": "259", "njev": "37", "status": "0", "success": "True", "message": "Optimization terminated successfully.", "x": "[4.92317474 3.60793219 0.92340329 4.57198696 6.01479166 1.90170905]", "nit": "25"}, "16": {"maxiter": 1000, "gtol": 1e-05, "xrtol": 1e-05, "eps": 1e-05, "duration": 0.028010845184326172, "fun": "0.5102810307313659", "jac": "[-4.58466598e-06 -8.57729443e-06 -5.16439114e-06  3.63251651e-06\n  5.17317300e-06 -4.19707602e-06]", "hess_inv": "[[ 3.17271036 -1.09125075 -0.39475933  1.35287601 -0.33874578 -0.47381949]\n [-1.09125075  4.19018637 -2.16426343  0.49452621  1.1956374  -0.78975908]\n [-0.39475933 -2.16426343  5.09074656 -0.33178282  0.23602677  1.55065331]\n [ 1.35287601  0.49452621 -0.33178282  4.17285037 -0.63974447  0.13417081]\n [-0.33874578  1.1956374   0.23602677 -0.63974447  4.77864743  1.28696803]\n [-0.47381949 -0.78975908  1.55065331  0.13417081  1.28696803  5.31398205]]", "nfev": "161", "njev": "23", "status": "0", "success": "True", "message": "Optimization terminated successfully.", "x": "[4.9231498  3.60789165 0.92337405 4.57199563 6.0147998  1.9016769 ]", "nit": "19"}, "17": {"maxiter": 1000, "gtol": 1e-05, "xrtol": 1e-05, "eps": 1e-10, "duration": 0.028039932250976562, "fun": "0.5102810306046204", "jac": "[-4.44089173e-06 -8.88178346e-06 -6.66133760e-06  4.44089173e-06\n  4.44089173e-06 -4.44089173e-06]", "hess_inv": "[[ 3.16405204 -1.10628449 -0.45414174  1.29819147 -0.39542692 -0.56318851]\n [-1.10628449  4.26227443 -2.15036128  0.63996785  1.21165185 -0.66638127]\n [-0.45414174 -2.15036128  4.97743826 -0.43512703  0.12072653  1.40762203]\n [ 1.29819147  0.63996785 -0.43512703  4.33023232 -0.70192513  0.16310583]\n [-0.39542692  1.21165185  0.12072653 -0.70192513  4.66231729  1.16912403]\n [-0.56318851 -0.66638127  1.40762203  0.16310583  1.16912403  5.23773326]]", "nfev": "161", "njev": "23", "status": "0", "success": "True", "message": "Optimization terminated successfully.", "x": "[4.92315795 3.60790372 0.92338083 4.57201214 6.01480959 1.90169423]", "nit": "19"}, "18": {"maxiter": 1000, "gtol": 1e-05, "xrtol": 1e-10, "eps": 1e-05, "duration": 0.028025150299072266, "fun": "0.5102810307313659", "jac": "[-4.58466598e-06 -8.57729443e-06 -5.16439114e-06  3.63251651e-06\n  5.17317300e-06 -4.19707602e-06]", "hess_inv": "[[ 3.17271036 -1.09125075 -0.39475933  1.35287601 -0.33874578 -0.47381949]\n [-1.09125075  4.19018637 -2.16426343  0.49452621  1.1956374  -0.78975908]\n [-0.39475933 -2.16426343  5.09074656 -0.33178282  0.23602677  1.55065331]\n [ 1.35287601  0.49452621 -0.33178282  4.17285037 -0.63974447  0.13417081]\n [-0.33874578  1.1956374   0.23602677 -0.63974447  4.77864743  1.28696803]\n [-0.47381949 -0.78975908  1.55065331  0.13417081  1.28696803  5.31398205]]", "nfev": "161", "njev": "23", "status": "0", "success": "True", "message": "Optimization terminated successfully.", "x": "[4.9231498  3.60789165 0.92337405 4.57199563 6.0147998  1.9016769 ]", "nit": "19"}, "19": {"maxiter": 1000, "gtol": 1e-05, "xrtol": 1e-10, "eps": 1e-10, "duration": 0.028003931045532227, "fun": "0.5102810306046204", "jac": "[-4.44089173e-06 -8.88178346e-06 -6.66133760e-06  4.44089173e-06\n  4.44089173e-06 -4.44089173e-06]", "hess_inv": "[[ 3.16405204 -1.10628449 -0.45414174  1.29819147 -0.39542692 -0.56318851]\n [-1.10628449  4.26227443 -2.15036128  0.63996785  1.21165185 -0.66638127]\n [-0.45414174 -2.15036128  4.97743826 -0.43512703  0.12072653  1.40762203]\n [ 1.29819147  0.63996785 -0.43512703  4.33023232 -0.70192513  0.16310583]\n [-0.39542692  1.21165185  0.12072653 -0.70192513  4.66231729  1.16912403]\n [-0.56318851 -0.66638127  1.40762203  0.16310583  1.16912403  5.23773326]]", "nfev": "161", "njev": "23", "status": "0", "success": "True", "message": "Optimization terminated successfully.", "x": "[4.92315795 3.60790372 0.92338083 4.57201214 6.01480959 1.90169423]", "nit": "19"}, "20": {"maxiter": 1000, "gtol": 1e-10, "xrtol": 1e-05, "eps": 1e-05, "duration": 0.029109954833984375, "fun": "0.5102810304853682", "jac": "[-5.81644732e-06 -4.66715555e-06 -2.76296763e-06  3.75153242e-06\n  1.78349557e-06 -1.13316023e-06]", "hess_inv": "[[ 3.16015268 -1.14837837 -0.59039103  1.43118612 -0.27719623 -0.65525869]\n [-1.14837837  4.40787194 -1.86912694  0.44193985  1.01666258 -0.44239103]\n [-0.59039103 -1.86912694  4.98394764 -0.12635556  0.05592063  1.63434925]\n [ 1.43118612  0.44193985 -0.12635556  4.03449941 -0.63065162  0.26165126]\n [-0.27719623  1.01666258  0.05592063 -0.63065162  4.91807839  1.04915252]\n [-0.65525869 -0.44239103  1.63434925  0.26165126  1.04915252  5.57245118]]", "nfev": "168", "njev": "24", "status": "0", "success": "True", "message": "Optimization terminated successfully.", "x": "[4.92314488 3.60790582 0.92338808 4.57199504 6.01478879 1.90169555]", "nit": "20"}, "21": {"maxiter": 1000, "gtol": 1e-10, "xrtol": 1e-05, "eps": 1e-10, "duration": 0.03068709373474121, "fun": "0.5102810304423309", "jac": "[-4.44089173e-06 -2.22044587e-06 -1.11022293e-06  5.55111466e-06\n  2.22044587e-06  1.11022293e-06]", "hess_inv": "[[ 3.24415482 -1.23499991 -0.65193633  1.32635099 -0.34805537 -0.78112085]\n [-1.23499991  4.45306655 -1.73621781  0.52191396  1.14364864 -0.25974184]\n [-0.65193633 -1.73621781  4.88746958 -0.0674484  -0.04499141  1.60676573]\n [ 1.32635099  0.52191396 -0.0674484   4.00962947 -0.64842395  0.34274502]\n [-0.34805537  1.14364864 -0.04499141 -0.64842395  4.68622387  1.01167239]\n [-0.78112085 -0.25974184  1.60676573  0.34274502  1.01167239  5.63197065]]", "nfev": "168", "njev": "24", "status": "0", "success": "True", "message": "Optimization terminated successfully.", "x": "[4.92314924 3.60791768 0.9234027  4.57200881 6.01480447 1.90171816]", "nit": "20"}, "22": {"maxiter": 1000, "gtol": 1e-10, "xrtol": 1e-10, "eps": 1e-05, "duration": 0.07327079772949219, "fun": "0.5102810302660852", "jac": "[-1.09934284e-07  1.17339471e-07  1.19881882e-07  1.33670852e-08\n -1.37068135e-07  1.54132263e-07]", "hess_inv": "[[ 4.65498267  0.13545012 -0.2991838   0.78988436 -0.68199847 -0.70782124]\n [ 0.13545012  5.2684861  -1.59564586 -0.16742709  0.79294158 -0.53855463]\n [-0.2991838  -1.59564586  5.23809808 -0.3309451  -0.06968729  1.80290872]\n [ 0.78988436 -0.16742709 -0.3309451   4.33189637 -0.41212136  0.19755883]\n [-0.68199847  0.79294158 -0.06968729 -0.41212136  4.97027721  1.05923733]\n [-0.70782124 -0.53855463  1.80290872  0.19755883  1.05923733  5.71493978]]", "nfev": "404", "njev": "56", "status": "2", "success": "False", "message": "Desired error not necessarily achieved due to precision loss.", "x": "[4.92316969 3.60792779 0.92340003 4.57198149 6.01478049 1.90170107]", "nit": "23"}, "23": {"maxiter": 1000, "gtol": 1e-10, "xrtol": 1e-10, "eps": 1e-10, "duration": 0.04494905471801758, "fun": "0.510281030251651", "jac": "[-1.11022293e-06 -2.22044587e-06 -1.11022293e-06  0.00000000e+00\n  0.00000000e+00  0.00000000e+00]", "hess_inv": "[[ 2.71429359 -0.5429146  -0.95621712  0.21222784 -1.9244186  -0.97779266]\n [-0.5429146   4.66011524 -1.42271392 -1.51037938 -0.25265297 -2.56711359]\n [-0.95621712 -1.42271392  4.09310797 -0.02457082 -0.23504339  1.58025447]\n [ 0.21222784 -1.51037938 -0.02457082  3.93236388 -0.50452801  0.62150452]\n [-1.9244186  -0.25265297 -0.23504339 -0.50452801  4.44299338  1.1611724 ]\n [-0.97779266 -2.56711359  1.58025447  0.62150452  1.1611724   5.96235678]]", "nfev": "259", "njev": "37", "status": "0", "success": "True", "message": "Optimization terminated successfully.", "x": "[4.92317474 3.60793219 0.92340329 4.57198696 6.01479166 1.90170905]", "nit": "25"}}, "cobyla": {"0": {"maxiter": 100, "tol": 1e-05, "catol": 1e-05, "duration": 0.016685962677001953, "x": "[4.9233464  3.60786604 0.92357985 4.5721161  6.01477333 1.90214268]", "status": "2", "success": "False", "message": "Maximum number of function evaluations has been exceeded.", "nfev": "100", "fun": "0.5102810530908288", "maxcv": "0.0"}, "1": {"maxiter": 100, "tol": 1e-05, "catol": 1e-10, "duration": 0.0166018009185791, "x": "[4.9233464  3.60786604 0.92357985 4.5721161  6.01477333 1.90214268]", "status": "2", "success": "False", "message": "Maximum number of function evaluations has been exceeded.", "nfev": "100", "fun": "0.5102810530908288", "maxcv": "0.0"}, "2": {"maxiter": 100, "tol": 1e-10, "catol": 1e-05, "duration": 0.01656818389892578, "x": "[4.9233464  3.60786604 0.92357985 4.5721161  6.01477333 1.90214268]", "status": "2", "success": "False", "message": "Maximum number of function evaluations has been exceeded.", "nfev": "100", "fun": "0.5102810530908288", "maxcv": "0.0"}, "3": {"maxiter": 100, "tol": 1e-10, "catol": 1e-10, "duration": 0.016568899154663086, "x": "[4.9233464  3.60786604 0.92357985 4.5721161  6.01477333 1.90214268]", "status": "2", "success": "False", "message": "Maximum number of function evaluations has been exceeded.", "nfev": "100", "fun": "0.5102810530908288", "maxcv": "0.0"}, "4": {"maxiter": 500, "tol": 1e-05, "catol": 1e-05, "duration": 0.023991107940673828, "x": "[4.92317392 3.60793387 0.9234107  4.57199266 6.01478402 1.90169915]", "status": "1", "success": "True", "message": "Optimization terminated successfully.", "nfev": "145", "fun": "0.5102810302717525", "maxcv": "0.0"}, "5": {"maxiter": 500, "tol": 1e-05, "catol": 1e-10, "duration": 0.023980140686035156, "x": "[4.92317392 3.60793387 0.9234107  4.57199266 6.01478402 1.90169915]", "status": "1", "success": "True", "message": "Optimization terminated successfully.", "nfev": "145", "fun": "0.5102810302717525", "maxcv": "0.0"}, "6": {"maxiter": 500, "tol": 1e-10, "catol": 1e-05, "duration": 0.03818678855895996, "x": "[4.9231749  3.6079316  0.9234056  4.57198665 6.01478671 1.9017083 ]", "status": "1", "success": "True", "message": "Optimization terminated successfully.", "nfev": "231", "fun": "0.5102810302486555", "maxcv": "0.0"}, "7": {"maxiter": 500, "tol": 1e-10, "catol": 1e-10, "duration": 0.03837895393371582, "x": "[4.9231749  3.6079316  0.9234056  4.57198665 6.01478671 1.9017083 ]", "status": "1", "success": "True", "message": "Optimization terminated successfully.", "nfev": "231", "fun": "0.5102810302486555", "maxcv": "0.0"}, "8": {"maxiter": 1000, "tol": 1e-05, "catol": 1e-05, "duration": 0.024366140365600586, "x": "[4.92317392 3.60793387 0.9234107  4.57199266 6.01478402 1.90169915]", "status": "1", "success": "True", "message": "Optimization terminated successfu