{"date": "2024/07/18/, 20:09:23", "conf_id": 51, "data_type": "random\n", "num_data_points": 3, "s_rank": 0, "unitary": "[[-0.56303964-0.00798273j,-0.21670212-0.15784972j,-0.06047197-0.73952673j,-0.01438004+0.24552571j],[-0.06976756+0.23474685j,-0.01275565-0.5435098j,-0.02703657-0.08917885j,-0.08210486-0.79311774j],[-0.38559961+0.10714929j,0.5933431-0.2687392j,-0.24060861+0.29149289j,-0.45147719+0.26241743j],[-0.50180421+0.45931857j,-0.11617175+0.44134496j,0.49642745+0.22684508j,-0.08544628-0.15407063j]]", "databatch_0": {"databatch": "[[[1.16712152e-01+0.04571072j,3.25638174e-03+0.05001066j,1.19976847e-01+0.12280903j,2.29188979e-01+0.12294245j],[7.80722884e-02+0.12310414j,-2.28477413e-01+0.20558001j,1.41312790e-01-0.11297892j,5.71594541e-01+0.26501045j],[4.55753840e-02-0.41020774j,-1.02039223e-01-0.14887215j,2.06956037e-01+0.19566001j,4.59346032e-02+0.05264839j],[-8.91037509e-02+0.02243937j,-9.40091130e-02-0.03569513j,-4.33148726e-02-0.13471719j,-9.15702728e-02+0.05810367j]],[[2.02926809e-01-0.08067857j,1.04873600e-01-0.28462948j,1.62494233e-01-0.15184241j,-5.29854673e-02-0.24120133j],[2.30257285e-01+0.03110811j,-1.01655872e-01-0.02219988j,-1.45318511e-01-0.25202262j,-1.32299542e-01-0.09218396j],[3.39068832e-01+0.19723674j,-6.40458011e-02-0.01831609j,-1.13604024e-01-0.18879967j,-1.75372615e-01+0.30614032j],[-1.39299410e-01-0.24644656j,-1.32941366e-01+0.11069943j,-2.74185621e-01+0.02560788j,-1.78361938e-01-0.15923546j]],[[-1.54078328e-01+0.15033801j,6.52308069e-02+0.17399178j,-2.31993701e-01-0.00623053j,-5.84432821e-02-0.1419877j],[8.11516966e-02+0.00211343j,-2.26455185e-01-0.3238167j,1.30156694e-01-0.56396832j,-2.03939815e-02+0.06875111j],[-9.28679915e-02-0.03548244j,9.04842441e-02+0.08021916j,4.73230630e-03-0.0446237j,2.38055917e-05-0.06392859j],[1.14032499e-01+0.37638283j,2.06298484e-01-0.0307017j,-1.68812714e-01+0.03367819j,-2.79873223e-01-0.04565756j]]]", "initial param values": "[0.15285244,2.96223551,2.80779629,1.95524925,2.28373664,4.08640425]", "nelder_mead": {"type": "gradient-free", "0": {"maxiter": 100, "fatol": 1e-05, "xatol": 1e-05, "duration": 0.025608062744140625, "fun": "0.627309112051391", "nit": "100", "nfev": "149", "status": "2", "success": "False", "message": "Maximum number of iterations has been exceeded.", "x": "[ 0.42604728  5.84983265  0.65979777  1.58448241  0.25412915 -1.01735449]", "final_simplex": "(array([[ 0.42604728,  5.84983265,  0.65979777,  1.58448241,  0.25412915,\n        -1.01735449],\n       [ 0.44198993,  5.89613733,  0.68529505,  1.49780044, -0.08813307,\n        -1.16033313],\n       [ 0.47065949,  6.23380517,  0.28761551,  1.40650519, -0.20804553,\n        -1.17252328],\n       [ 0.41635669,  5.66305196,  0.93603715,  1.54683168,  0.24155099,\n        -0.83526246],\n       [ 0.40624324,  5.61278726,  1.20395456,  1.57114354,  0.13510661,\n        -0.93254768],\n       [ 0.42825085,  5.39172454,  1.0758087 ,  1.82640979, -0.0589292 ,\n        -1.38709673],\n       [ 0.41631491,  5.44485558,  0.95781661,  1.66619424,  0.06862391,\n        -0.7614107 ]]), array([0.62730911, 0.6369408 , 0.63926267, 0.64391935, 0.65107451,\n       0.65230921, 0.65415646]))"}, "1": {"maxiter": 100, "fatol": 1e-05, "xatol": 1e-10, "duration": 0.025555849075317383, "fun": "0.627309112051391", "nit": "100", "nfev": "149", "status": "2", "success": "False", "message": "Maximum number of iterations has been exceeded.", "x": "[ 0.42604728  5.84983265  0.65979777  1.58448241  0.25412915 -1.01735449]", "final_simplex": "(array([[ 0.42604728,  5.84983265,  0.65979777,  1.58448241,  0.25412915,\n        -1.01735449],\n       [ 0.44198993,  5.89613733,  0.68529505,  1.49780044, -0.08813307,\n        -1.16033313],\n       [ 0.47065949,  6.23380517,  0.28761551,  1.40650519, -0.20804553,\n        -1.17252328],\n       [ 0.41635669,  5.66305196,  0.93603715,  1.54683168,  0.24155099,\n        -0.83526246],\n       [ 0.40624324,  5.61278726,  1.20395456,  1.57114354,  0.13510661,\n        -0.93254768],\n       [ 0.42825085,  5.39172454,  1.0758087 ,  1.82640979, -0.0589292 ,\n        -1.38709673],\n       [ 0.41631491,  5.44485558,  0.95781661,  1.66619424,  0.06862391,\n        -0.7614107 ]]), array([0.62730911, 0.6369408 , 0.63926267, 0.64391935, 0.65107451,\n       0.65230921, 0.65415646]))"}, "2": {"maxiter": 100, "fatol": 1e-10, "xatol": 1e-05, "duration": 0.025545120239257812, "fun": "0.627309112051391", "nit": "100", "nfev": "149", "status": "2", "success": "False", "message": "Maximum number of iterations has been exceeded.", "x": "[ 0.42604728  5.84983265  0.65979777  1.58448241  0.25412915 -1.01735449]", "final_simplex": "(array([[ 0.42604728,  5.84983265,  0.65979777,  1.58448241,  0.25412915,\n        -1.01735449],\n       [ 0.44198993,  5.89613733,  0.68529505,  1.49780044, -0.08813307,\n        -1.16033313],\n       [ 0.47065949,  6.23380517,  0.28761551,  1.40650519, -0.20804553,\n        -1.17252328],\n       [ 0.41635669,  5.66305196,  0.93603715,  1.54683168,  0.24155099,\n        -0.83526246],\n       [ 0.40624324,  5.61278726,  1.20395456,  1.57114354,  0.13510661,\n        -0.93254768],\n       [ 0.42825085,  5.39172454,  1.0758087 ,  1.82640979, -0.0589292 ,\n        -1.38709673],\n       [ 0.41631491,  5.44485558,  0.95781661,  1.66619424,  0.06862391,\n        -0.7614107 ]]), array([0.62730911, 0.6369408 , 0.63926267, 0.64391935, 0.65107451,\n       0.65230921, 0.65415646]))"}, "3": {"maxiter": 100, "fatol": 1e-10, "xatol": 1e-10, "duration": 0.025613069534301758, "fun": "0.627309112051391", "nit": "100", "nfev": "149", "status": "2", "success": "False", "message": "Maximum number of iterations has been exceeded.", "x": "[ 0.42604728  5.84983265  0.65979777  1.58448241  0.25412915 -1.01735449]", "final_simplex": "(array([[ 0.42604728,  5.84983265,  0.65979777,  1.58448241,  0.25412915,\n        -1.01735449],\n       [ 0.44198993,  5.89613733,  0.68529505,  1.49780044, -0.08813307,\n        -1.16033313],\n       [ 0.47065949,  6.23380517,  0.28761551,  1.40650519, -0.20804553,\n        -1.17252328],\n       [ 0.41635669,  5.66305196,  0.93603715,  1.54683168,  0.24155099,\n        -0.83526246],\n       [ 0.40624324,  5.61278726,  1.20395456,  1.57114354,  0.13510661,\n        -0.93254768],\n       [ 0.42825085,  5.39172454,  1.0758087 ,  1.82640979, -0.0589292 ,\n        -1.38709673],\n       [ 0.41631491,  5.44485558,  0.95781661,  1.66619424,  0.06862391,\n        -0.7614107 ]]), array([0.62730911, 0.6369408 , 0.63926267, 0.64391935, 0.65107451,\n       0.65230921, 0.65415646]))"}, "4": {"maxiter": 500, "fatol": 1e-05, "xatol": 1e-05, "duration": 0.11781787872314453, "fun": "0.5510030943804523", "nit": "450", "nfev": "691", "status": "0", "success": "True", "message": "Optimization terminated successfully.", "x": "[ 1.29529587  6.35360574  0.11668531  1.89609548  0.04299422 -1.32264476]", "final_simplex": "(array([[ 1.29529587,  6.35360574,  0.11668531,  1.89609548,  0.04299422,\n        -1.32264476],\n       [ 1.29529568,  6.35361067,  0.11668006,  1.89609271,  0.04299833,\n        -1.32264939],\n       [ 1.29529506,  6.35360978,  0.11668586,  1.89609972,  0.04299692,\n        -1.32264985],\n       [ 1.29529742,  6.35360965,  0.11668942,  1.89609902,  0.04299889,\n        -1.32264378],\n       [ 1.29530582,  6.35361079,  0.11668057,  1.89609687,  0.04299715,\n        -1.32264548],\n       [ 1.29529913,  6.35360893,  0.11668555,  1.89609216,  0.04299302,\n        -1.32264984],\n       [ 1.2952996 ,  6.35360472,  0.11668338,  1.89609321,  0.04299787,\n        -1.3226501 ]]), array([0.55100309, 0.55100309, 0.55100309, 0.55100309, 0.55100309,\n       0.55100309, 0.55100309]))"}, "5": {"maxiter": 500, "fatol": 1e-05, "xatol": 1e-10, "duration": 0.1316537857055664, "fun": "0.5510030943738067", "nit": "500", "nfev": "773", "status": "2", "success": "False", "message": "Maximum number of iterations has been exceeded.", "x": "[ 1.29529477  6.35361491  0.11668083  1.89609689  0.04300155 -1.32264263]", "final_simplex": "(array([[ 1.29529477,  6.35361491,  0.11668083,  1.89609689,  0.04300155,\n        -1.32264263],\n       [ 1.29529469,  6.35361512,  0.11668059,  1.89609669,  0.04300251,\n        -1.32264228],\n       [ 1.29529433,  6.35361453,  0.1166812 ,  1.89609701,  0.0430021 ,\n        -1.32264225],\n       [ 1.29529415,  6.35361507,  0.11668112,  1.89609706,  0.04300238,\n        -1.32264209],\n       [ 1.29529439,  6.35361404,  0.11668101,  1.89609724,  0.04300139,\n        -1.32264284],\n       [ 1.29529418,  6.35361488,  0.1166807 ,  1.89609669,  0.04300208,\n        -1.32264181],\n       [ 1.29529493,  6.35361476,  0.11668077,  1.89609713,  0.04300197,\n        -1.322642  ]]), array([0.55100309, 0.55100309, 0.55100309, 0.55100309, 0.55100309,\n       0.55100309, 0.55100309]))"}, "6": {"maxiter": 500, "fatol": 1e-10, "xatol": 1e-05, "duration": 0.11803793907165527, "fun": "0.5510030943804523", "nit": "450", "nfev": "691", "status": "0", "success": "True", "message": "Optimization terminated successfully.", "x": "[ 1.29529587  6.35360574  0.11668531  1.89609548  0.04299422 -1.32264476]", "final_simplex": "(array([[ 1.29529587,  6.35360574,  0.11668531,  1.89609548,  0.04299422,\n        -1.32264476],\n       [ 1.29529568,  6.35361067,  0.11668006,  1.89609271,  0.04299833,\n        -1.32264939],\n       [ 1.29529506,  6.35360978,  0.11668586,  1.89609972,  0.04299692,\n        -1.32264985],\n       [ 1.29529742,  6.35360965,  0.11668942,  1.89609902,  0.04299889,\n        -1.32264378],\n       [ 1.29530582,  6.35361079,  0.11668057,  1.89609687,  0.04299715,\n        -1.32264548],\n       [ 1.29529913,  6.35360893,  0.11668555,  1.89609216,  0.04299302,\n        -1.32264984],\n       [ 1.2952996 ,  6.35360472,  0.11668338,  1.89609321,  0.04299787,\n        -1.3226501 ]]), array([0.55100309, 0.55100309, 0.55100309, 0.55100309, 0.55100309,\n       0.55100309, 0.55100309]))"}, "7": {"maxiter": 500, "fatol": 1e-10, "xatol": 1e-10, "duration": 0.13247895240783691, "fun": "0.5510030943738067", "nit": "500", "nfev": "773", "status": "2", "success": "False", "message": "Maximum number of iterations has been exceeded.", "x": "[ 1.29529477  6.35361491  0.11668083  1.89609689  0.04300155 -1.32264263]", "final_simplex": "(array([[ 1.29529477,  6.35361491,  0.11668083,  1.89609689,  0.04300155,\n        -1.32264263],\n       [ 1.29529469,  6.35361512,  0.11668059,  1.89609669,  0.04300251,\n        -1.32264228],\n       [ 1.29529433,  6.35361453,  0.1166812 ,  1.89609701,  0.0430021 ,\n        -1.32264225],\n       [ 1.29529415,  6.35361507,  0.11668112,  1.89609706,  0.04300238,\n        -1.32264209],\n       [ 1.29529439,  6.35361404,  0.11668101,  1.89609724,  0.04300139,\n        -1.32264284],\n       [ 1.29529418,  6.35361488,  0.1166807 ,  1.89609669,  0.04300208,\n        -1.32264181],\n       [ 1.29529493,  6.35361476,  0.11668077,  1.89609713,  0.04300197,\n        -1.322642  ]]), array([0.55100309, 0.55100309, 0.55100309, 0.55100309, 0.55100309,\n       0.55100309, 0.55100309]))"}, "8": {"maxiter": 1000, "fatol": 1e-05, "xatol": 1e-05, "duration": 0.11818528175354004, "fun": "0.5510030943804523", "nit": "450", "nfev": "691", "status": "0", "success": "True", "message": "Optimization terminated successfully.", "x": "[ 1.29529587  6.35360574  0.11668531  1.89609548  0.04299422 -1.32264476]", "final_simplex": "(array([[ 1.29529587,  6.35360574,  0.11668531,  1.89609548,  0.04299422,\n        -1.32264476],\n       [ 1.29529568,  6.35361067,  0.11668006,  1.89609271,  0.04299833,\n        -1.32264939],\n       [ 1.29529506,  6.35360978,  0.11668586,  1.89609972,  0.04299692,\n        -1.32264985],\n       [ 1.29529742,  6.35360965,  0.11668942,  1.89609902,  0.04299889,\n        -1.32264378],\n       [ 1.29530582,  6.35361079,  0.11668057,  1.89609687,  0.04299715,\n        -1.32264548],\n       [ 1.29529913,  6.35360893,  0.11668555,  1.89609216,  0.04299302,\n        -1.32264984],\n       [ 1.2952996 ,  6.35360472,  0.11668338,  1.89609321,  0.04299787,\n        -1.3226501 ]]), array([0.55100309, 0.55100309, 0.55100309, 0.55100309, 0.55100309,\n       0.55100309, 0.55100309]))"}, "9": {"maxiter": 1000, "fatol": 1e-05, "xatol": 1e-10, "duration": 0.15827202796936035, "fun": "0.5510030943737814", "nit": "557", "nfev": "927", "status": "0", "success": "True", "message": "Optimization terminated successfully.", "x": "[ 1.29529452  6.35361495  0.11668087  1.89609683  0.04300207 -1.32264264]", "final_simplex": "(array([[ 1.29529452,  6.35361495,  0.11668087,  1.89609683,  0.04300207,\n        -1.32264264],\n       [ 1.29529452,  6.35361495,  0.11668087,  1.89609683,  0.04300207,\n        -1.32264264],\n       [ 1.29529452,  6.35361495,  0.11668087,  1.89609683,  0.04300207,\n        -1.32264264],\n       [ 1.29529452,  6.35361495,  0.11668087,  1.89609683,  0.04300207,\n        -1.32264264],\n       [ 1.29529452,  6.35361495,  0.11668087,  1.89609683,  0.04300207,\n        -1.32264264],\n       [ 1.29529452,  6.35361495,  0.11668087,  1.89609683,  0.04300207,\n        -1.32264264],\n       [ 1.29529452,  6.35361495,  0.11668087,  1.89609683,  0.04300207,\n        -1.32264264]]), array([0.55100309, 0.55100309, 0.55100309, 0.55100309, 0.55100309,\n       0.55100309, 0.55100309]))"}, "10": {"maxiter": 1000, "fatol": 1e-10, "xatol": 1e-05, "duration": 0.11832094192504883, "fun": "0.5510030943804523", "nit": "450", "nfev": "691", "status": "0", "success": "True", "message": "Optimization terminated successfully.", "x": "[ 1.29529587  6.35360574  0.11668531  1.89609548  0.04299422 -1.32264476]", "final_simplex": "(array([[ 1.29529587,  6.35360574,  0.11668531,  1.89609548,  0.04299422,\n        -1.32264476],\n       [ 1.29529568,  6.35361067,  0.11668006,  1.89609271,  0.04299833,\n        -1.32264939],\n       [ 1.29529506,  6.35360978,  0.11668586,  1.89609972,  0.04299692,\n        -1.32264985],\n       [ 1.29529742,  6.35360965,  0.11668942,  1.89609902,  0.04299889,\n        -1.32264378],\n       [ 1.29530582,  6.35361079,  0.11668057,  1.89609687,  0.04299715,\n        -1.32264548],\n       [ 1.29529913,  6.35360893,  0.11668555,  1.89609216,  0.04299302,\n        -1.32264984],\n       [ 1.2952996 ,  6.35360472,  0.11668338,  1.89609321,  0.04299787,\n        -1.3226501 ]]), array([0.55100309, 0.55100309, 0.55100309, 0.55100309, 0.55100309,\n       0.55100309, 0.55100309]))"}, "11": {"maxiter": 1000, "fatol": 1e-10, "xatol": 1e-10, "duration": 0.16048097610473633, "fun": "0.5510030943737814", "nit": "557", "nfev": "927", "status": "0", "success": "True", "message": "Optimization terminated successfully.", "x": "[ 1.29529452  6.35361495  0.11668087  1.89609683  0.04300207 -1.32264264]", "final_simplex": "(array([[ 1.29529452,  6.35361495,  0.11668087,  1.89609683,  0.04300207,\n        -1.32264264],\n       [ 1.29529452,  6.35361495,  0.11668087,  1.89609683,  0.04300207,\n        -1.32264264],\n       [ 1.29529452,  6.35361495,  0.11668087,  1.89609683,  0.04300207,\n        -1.32264264],\n       [ 1.29529452,  6.35361495,  0.11668087,  1.89609683,  0.04300207,\n        -1.32264264],\n       [ 1.29529452,  6.35361495,  0.11668087,  1.89609683,  0.04300207,\n        -1.32264264],\n       [ 1.29529452,  6.35361495,  0.11668087,  1.89609683,  0.04300207,\n        -1.32264264],\n       [ 1.29529452,  6.35361495,  0.11668087,  1.89609683,  0.04300207,\n        -1.32264264]]), array([0.55100309, 0.55100309, 0.55100309, 0.55100309, 0.55100309,\n       0.55100309, 0.55100309]))"}}, "bfgs": {"type": "gradient", "0": {"maxiter": 100, "gtol": 1e-05, "xrtol": 1e-05, "eps": 1e-05, "duration": 0.03318190574645996, "fun": "0.5449039086111436", "jac": "[ 2.40145681e-06 -5.37183631e-06  1.31665789e-06 -3.05044878e-07\n -1.19375620e-06  1.71442860e-06]", "hess_inv": "[[  6.84422191   2.36860793  -3.09077199  -2.2240961    3.49726745\n   -8.68785018]\n [  2.36860793   7.47483769  -2.39307863  -2.59828995   1.39802223\n   -7.34625122]\n [ -3.09077199  -2.39307863   7.65117731   1.89672981  -3.78793884\n   10.01261383]\n [ -2.2240961   -2.59828995   1.89672981   5.92696829  -1.91518271\n    6.08875126]\n [  3.49726745   1.39802223  -3.78793884  -1.91518271  24.86461127\n  -28.34407004]\n [ -8.68785018  -7.34625122  10.01261383   6.08875126 -28.34407004\n   48.360589  ]]", "nfev": "182", "njev": "26", "status": "0", "success": "True", "message": "Optimization terminated successfully.", "x": "[1.75176149 3.57544988 3.81781825 0.46908938 2.92917351 2.04927599]", "nit": "23"}, "1": {"maxiter": 100, "gtol": 1e-05, "xrtol": 1e-05, "eps": 1e-10, "duration": 0.03300213813781738, "fun": "0.5449039085751979", "jac": "[ 2.22044587e-06 -6.66133760e-06  2.22044587e-06  2.22044587e-06\n  0.00000000e+00  2.22044587e-06]", "hess_inv": "[[  6.8909132    2.44681419  -3.19117429  -2.31553013   3.67237332\n   -9.022018  ]\n [  2.44681419   7.64949115  -2.61375387  -2.75915541   1.58802909\n   -7.85302822]\n [ -3.19117429  -2.61375387   7.8625945    2.06126004  -3.91013283\n   10.47508247]\n [ -2.31553013  -2.75915541   2.06126004   6.03751484  -1.84543797\n    6.25015592]\n [  3.67237332   1.58802909  -3.91013283  -1.84543797  25.48679053\n  -29.24282086]\n [ -9.022018    -7.85302822  10.47508247   6.25015592 -29.24282086\n   50.04626099]]", "nfev": "182", "njev": "26", "status": "0", "success": "True", "message": "Optimization terminated successfully.", "x": "[1.75176486 3.57544654 3.81782829 0.46910496 2.9292164  2.04924374]", "nit": "23"}, "2": {"maxiter": 100, "gtol": 1e-05, "xrtol": 1e-10, "eps": 1e-05, "duration": 0.03350400924682617, "fun": "0.5449039086111436", "jac": "[ 2.40145681e-06 -5.37183631e-06  1.31665789e-06 -3.05044878e-07\n -1.19375620e-06  1.71442860e-06]", "hess_inv": "[[  6.84422191   2.36860793  -3.09077199  -2.2240961    3.49726745\n   -8.68785018]\n [  2.36860793   7.47483769  -2.39307863  -2.59828995   1.39802223\n   -7.34625122]\n [ -3.09077199  -2.39307863   7.65117731   1.89672981  -3.78793884\n   10.01261383]\n [ -2.2240961   -2.59828995   1.89672981   5.92696829  -1.91518271\n    6.08875126]\n [  3.49726745   1.39802223  -3.78793884  -1.91518271  24.86461127\n  -28.34407004]\n [ -8.68785018  -7.34625122  10.01261383   6.08875126 -28.34407004\n   48.360589  ]]", "nfev": "182", "njev": "26", "status": "0", "success": "True", "message": "Optimization terminated successfully.", "x": "[1.75176149 3.57544988 3.81781825 0.46908938 2.92917351 2.04927599]", "nit": "23"}, "3": {"maxiter": 100, "gtol": 1e-05, "xrtol": 1e-10, "eps": 1e-10, "duration": 0.03383898735046387, "fun": "0.5449039085751979", "jac": "[ 2.22044587e-06 -6.66133760e-06  2.22044587e-06  2.22044587e-06\n  0.00000000e+00  2.22044587e-06]", "hess_inv": "[[  6.8909132    2.44681419  -3.19117429  -2.31553013   3.67237332\n   -9.022018  ]\n [  2.44681419   7.64949115  -2.61375387  -2.75915541   1.58802909\n   -7.85302822]\n [ -3.19117429  -2.61375387   7.8625945    2.06126004  -3.91013283\n   10.47508247]\n [ -2.31553013  -2.75915541   2.06126004   6.03751484  -1.84543797\n    6.25015592]\n [  3.67237332   1.58802909  -3.91013283  -1.84543797  25.48679053\n  -29.24282086]\n [ -9.022018    -7.85302822  10.47508247   6.25015592 -29.24282086\n   50.04626099]]", "nfev": "182", "njev": "26", "status": "0", "success": "True", "message": "Optimization terminated successfully.", "x": "[1.75176486 3.57544654 3.81782829 0.46910496 2.9292164  2.04924374]", "nit": "23"}, "4": {"maxiter": 100, "gtol": 1e-10, "xrtol": 1e-05, "eps": 1e-05, "duration": 0.03633689880371094, "fun": "0.544903908217327", "jac": "[-1.86806126e-07 -2.66764388e-07 -2.24353869e-07 -1.37001521e-08\n -9.69446745e-08 -1.08690834e-07]", "hess_inv": "[[  7.00979523   2.8978283   -3.35126334  -2.40750114   4.6374832\n  -10.37953552]\n [  2.8978283    9.03257209  -3.13061661  -3.15690143   4.25006014\n  -11.78183527]\n [ -3.35126334  -3.13061661   7.88078117   2.13970674  -4.97659544\n   11.82165378]\n [ -2.40750114  -3.15690143   2.13970674   6.11845141  -3.00499799\n    7.72484041]\n [  4.6374832    4.25006014  -4.97659544  -3.00499799  28.00804924\n  -34.17953414]\n [-10.37953552 -11.78183527  11.82165378   7.72484041 -34.17953414\n   58.35734803]]", "nfev": "196", "njev": "28", "status": "0", "success": "True", "message": "Optimization terminated successfully.", "x": "[1.75178723 3.57551988 3.81777355 0.46906042 2.92928288 2.04908357]", "nit": "25"}, "5": {"maxiter": 100, "gtol": 1e-10, "xrtol": 1e-05, "eps": 1e-10, "duration": 0.06404900550842285, "fun": "0.5449039082474765", "jac": "[-2.22044587e-06 -2.22044587e-06  0.00000000e+00  0.00000000e+00\n  0.00000000e+00 -2.22044587e-06]", "hess_inv": "[[  6.94414531   2.88127531  -3.35071543  -2.37646112   4.7195692\n  -10.44917859]\n [  2.88127531   9.36228606  -3.49597499  -3.31980737   4.73181062\n  -12.80832829]\n [ -3.35071543  -3.49597499   8.20505619   2.24865461  -5.59794981\n   12.95354453]\n [ -2.37646112  -3.31980737   2.24865461   6.10267116  -3.17833914\n    8.04955586]\n [  4.7195692    4.73181062  -5.59794981  -3.17833914  29.01308253\n  -36.15836941]\n [-10.44917859 -12.80832829  12.95354453   8.04955586 -36.15836941\n   62.08556103]]", "nfev": "350", "njev": "50", "status": "0", "success": "True", "message": "Optimization terminated successfully.", "x": "[1.75179815 3.57552529 3.81776823 0.46905907 2.92932671 2.04902557]", "nit": "25"}, "6": {"maxiter": 100, "gtol": 1e-10, "xrtol": 1e-10, "eps": 1e-05, "duration": 0.042928218841552734, "fun": "0.5449039082127327", "jac": "[ 6.66133815e-11  1.99840144e-10 -2.22044605e-11  2.22044605e-11\n -2.22044605e-11  2.22044605e-11]", "hess_inv": "[[  7.18412065   3.26490881  -3.07757792  -2.45982722   4.55227938\n  -10.18552367]\n [  3.26490881   9.80384098  -2.43582509  -3.24099902   4.01682245\n  -11.19335716]\n [ -3.07757792  -2.43582509   8.84883047   2.13834941  -4.63443727\n   12.15365064]\n [ -2.45982722  -3.24099902   2.13834941   6.14295975  -2.85876042\n    7.61686565]\n [  4.55227938   4.01682245  -4.63443727  -2.85876042  27.5607378\n  -33.25271098]\n [-10.18552367 -11.19335716  12.15365064   7.61686565 -33.25271098\n   57.4810012 ]]", "nfev": "231", "njev": "33", "status": "0", "success": "True", "message": "Optimization terminated successfully.", "x": "[1.75178809 3.57552175 3.81777524 0.4690602  2.92928277 2.04908455]", "nit": "29"}, "7": {"maxiter": 100, "gtol": 1e-10, "xrtol": 1e-10, "eps": 1e-10, "duration": 0.0658881664276123, "fun": "0.5449039082474765", "jac": "[-2.22044587e-06 -2.22044587e-06  0.00000000e+00  0.00000000e+00\n  0.00000000e+00 -2.22044587e-06]", "hess_inv": "[[  6.94414531   2.88127531  -3.35071543  -2.37646112   4.7195692\n  -10.44917859]\n [  2.88127531   9.36228606  -3.49597499  -3.31980737   4.73181062\n  -12.80832829]\n [ -3.35071543  -3.49597499   8.20505619   2.24865461  -5.59794981\n   12.95354453]\n [ -2.37646112  -3.31980737   2.24865461   6.10267116  -3.17833914\n    8.04955586]\n [  4.7195692    4.73181062  -5.59794981  -3.17833914  29.01308253\n  -36.15836941]\n [-10.44917859 -12.80832829  12.95354453   8.04955586 -36.15836941\n   62.08556103]]", "nfev": "350", "njev": "50", "status": "0", "success": "True", "message": "Optimization terminated successfully.", "x": "[1.75179815 3.57552529 3.81776823 0.46905907 2.92932671 2.04902557]", "nit": "25"}, "8": {"maxiter": 500, "gtol": 1e-05, "xrtol": 1e-05, "eps": 1e-05, "duration": 0.03377413749694824, "fun": "0.5449039086111436", "jac": "[ 2.40145681e-06 -5.37183631e-06  1.31665789e-06 -3.05044878e-07\n -1.19375620e-06  1.71442860e-06]", "hess_inv": "[[  6.84422191   2.36860793  -3.09077199  -2.2240961    3.49726745\n   -8.68785018]\n [  2.36860793   7.47483769  -2.39307863  -2.59828995   1.39802223\n   -7.34625122]\n [ -3.09077199  -2.39307863   7.65117731   1.89672981  -3.78793884\n   10.01261383]\n [ -2.2240961   -2.59828995   1.89672981   5.92696829  -1.91518271\n    6.08875126]\n [  3.49726745   1.39802223  -3.78793884  -1.91518271  24.86461127\n  -28.34407004]\n [ -8.68785018  -7.34625122  10.01261383   6.08875126 -28.34407004\n   48.360589  ]]", "nfev": "182", "njev": "26", "status": "0", "success": "True", "message": "Optimization terminated successfully.", "x": "[1.75176149 3.57544988 3.81781825 0.46908938 2.92917351 2.04927599]", "nit": "23"}, "9": {"maxiter": 500, "gtol": 1e-05, "xrtol": 1e-05, "eps": 1e-10, "duration": 0.0330810546875, "fun": "0.5449039085751979", "jac": "[ 2.22044587e-06 -6.66133760e-06  2.22044587e-06  2.22044587e-06\n  0.00000000e+00  2.22044587e-06]", "hess_inv": "[[  6.8909132    2.44681419  -3.19117429  -2.31553013   3.67237332\n   -9.022018  ]\n [  2.44681419   7.64949115  -2.61375387  -2.75915541   1.58802909\n   -7.85302822]\n [ -3.19117429  -2.61375387   7.8625945    2.06126004  -3.91013283\n   10.47508247]\n [ -2.31553013  -2.75915541   2.06126004   6.03751484  -1.84543797\n    6.25015592]\n [  3.67237332   1.58802909  -3.91013283  -1.84543797  25.48679053\n  -29.24282086]\n [ -9.022018    -7.85302822  10.47508247   6.25015592 -29.24282086\n   50.04626099]]", "nfev": "182", "njev": "26", "status": "0", "success": "True", "message": "Optimization terminated successfully.", "x": "[1.75176486 3.57544654 3.81782829 0.46910496 2.9292164  2.04924374]", "nit": "23"}, "10": {"maxiter": 500, "gtol": 1e-05, "xrtol": 1e-10, "eps": 1e-05, "duration": 0.03289794921875, "fun": "0.5449039086111436", "jac": "[ 2.40145681e-06 -5.37183631e-06  1.31665789e-06 -3.05044878e-07\n -1.19375620e-06  1.71442860e-06]", "hess_inv": "[[  6.84422191   2.36860793  -3.09077199  -2.2240961    3.49726745\n   -8.68785018]\n [  2.36860793   7.47483769  -2.39307863  -2.59828995   1.39802223\n   -7.34625122]\n [ -3.09077199  -2.39307863   7.65117731   1.89672981  -3.78793884\n   10.01261383]\n [ -2.2240961   -2.59828995   1.89672981   5.92696829  -1.91518271\n    6.08875126]\n [  3.49726745   1.39802223  -3.78793884  -1.91518271  24.86461127\n  -28.34407004]\n [ -8.68785018  -7.34625122  10.01261383   6.08875126 -28.34407004\n   48.360589  ]]", "nfev": "182", "njev": "26", "status": "0", "success": "True", "message": "Optimization terminated successfully.", "x": "[1.75176149 3.57544988 3.81781825 0.46908938 2.92917351 2.04927599]", "nit": "23"}, "11": {"maxiter": 500, "gtol": 1e-05, "xrtol": 1e-10, "eps": 1e-10, "duration": 0.03279614448547363, "fun": "0.5449039085751979", "jac": "[ 2.22044587e-06 -6.66133760e-06  2.22044587e-06  2.22044587e-06\n  0.00000000e+00  2.22044587e-06]", "hess_inv": "[[  6.8909132    2.44681419  -3.19117429  -2.31553013   3.67237332\n   -9.022018  ]\n [  2.44681419   7.64949115  -2.61375387  -2.75915541   1.58802909\n   -7.85302822]\n [ -3.19117429  -2.61375387   7.8625945    2.06126004  -3.91013283\n   10.47508247]\n [ -2.31553013  -2.75915541   2.06126004   6.03751484  -1.84543797\n    6.25015592]\n [  3.67237332   1.58802909  -3.91013283  -1.84543797  25.48679053\n  -29.24282086]\n [ -9.022018    -7.85302822  10.47508247   6.25015592 -29.24282086\n   50.04626099]]", "nfev": "182", "njev": "26", "status": "0", "success": "True", "message": "Optimization terminated successfully.", "x": "[1.75176486 3.57544654 3.81782829 0.46910496 2.9292164  2.04924374]", "nit": "23"}, "12": {"maxiter": 500, "gtol": 1e-10, "xrtol": 1e-05, "eps": 1e-05, "duration": 0.0353848934173584, "fun": "0.544903908217327", "jac": "[-1.86806126e-07 -2.66764388e-07 -2.24353869e-07 -1.37001521e-08\n -9.69446745e-08 -1.08690834e-07]", "hess_inv": "[[  7.00979523   2.8978283   -3.35126334  -2.40750114   4.6374832\n  -10.37953552]\n [  2.8978283    9.03257209  -3.13061661  -3.15690143   4.25006014\n  -11.78183527]\n [ -3.35126334  -3.13061661   7.88078117   2.13970674  -4.97659544\n   11.82165378]\n [ -2.40750114  -3.15690143   2.13970674   6.11845141  -3.00499799\n    7.72484041]\n [  4.6374832    4.25006014  -4.97659544  -3.00499799  28.00804924\n  -34.17953414]\n [-10.37953552 -11.78183527  11.82165378   7.72484041 -34.17953414\n   58.35734803]]", "nfev": "196", "njev": "28", "status": "0", "success": "True", "message": "Optimization terminated successfully.", "x": "[1.75178723 3.57551988 3.81777355 0.46906042 2.92928288 2.04908357]", "nit": "25"}, "13": {"maxiter": 500, "gtol": 1e-10, "xrtol": 1e-05, "eps": 1e-10, "duration": 0.06015419960021973, "fun": "0.5449039082474765", "jac": "[-2.22044587e-06 -2.22044587e-06  0.00000000e+00  0.00000000e+00\n  0.00000000e+00 -2.22044587e-06]", "hess_inv": "[[  6.94414531   2.88127531  -3.35071543  -2.37646112   4.7195692\n  -10.44917859]\n [  2.88127531   9.36228606  -3.49597499  -3.31980737   4.73181062\n  -12.80832829]\n [ -3.35071543  -3.49597499   8.20505619   2.24865461  -5.59794981\n   12.95354453]\n [ -2.37646112  -3.31980737   2.24865461   6.10267116  -3.17833914\n    8.04955586]\n [  4.7195692    4.73181062  -5.59794981  -3.17833914  29.01308253\n  -36.15836941]\n [-10.44917859 -12.80832829  12.95354453   8.04955586 -36.15836941\n   62.08556103]]", "nfev": "350", "njev": "50", "status": "0", "success": "True", "message": "Optimization terminated successfully.", "x": "[1.75179815 3.57552529 3.81776823 0.46905907 2.92932671 2.04902557]", "nit": "25"}, "14": {"maxiter": 500, "gtol": 1e-10, "xrtol": 1e-10, "eps": 1e-05, "duration": 0.03996777534484863, "fun": "0.5449039082127327", "jac": "[ 6.66133815e-11  1.99840144e-10 -2.22044605e-11  2.22044605e-11\n -2.22044605e-11  2.22044605e-11]", "hess_inv": "[[  7.18412065   3.26490881  -3.07757792  -2.45982722   4.55227938\n  -10.18552367]\n [  3.26490881   9.80384098  -2.43582509  -3.24099902   4.01682245\n  -11.19335716]\n [ -3.07757792  -2.43582509   8.84883047   2.13834941  -4.63443727\n   12.15365064]\n [ -2.45982722  -3.24099902   2.13834941   6.14295975  -2.85876042\n    7.61686565]\n [  4.55227938   4.01682245  -4.63443727  -2.85876042  27.5607378\n  -33.25271098]\n [-10.18552367 -11.19335716  12.15365064   7.61686565 -33.25271098\n   57.4810012 ]]", "nfev": "231", "njev": "33", "status": "0", "success": "True", "message": "Optimization terminated successfully.", "x": "[1.75178809 3.57552175 3.81777524 0.4690602  2.92928277 2.04908455]", "nit": "29"}, "15": {"maxiter": 500, "gtol": 1e-10, "xrtol": 1e-10, "eps": 1e-10, "duration": 0.05985593795776367, "fun": "0.5449039082474765", "jac": "[-2.22044587e-06 -2.22044587e-06  0.00000000e+00  0.00000000e+00\n  0.00000000e+00 -2.22044587e-06]", "hess_inv": "[[  6.94414531   2.88127531  -3.35071543  -2.37646112   4.7195692\n  -10.44917859]\n [  2.88127531   9.36228606  -3.49597499  -3.31980737   4.73181062\n  -12.80832829]\n [ -3.35071543  -3.49597499   8.20505619   2.24865461  -5.59794981\n   12.95354453]\n [ -2.37646112  -3.31980737   2.24865461   6.10267116  -3.17833914\n    8.04955586]\n [  4.7195692    4.73181062  -5.59794981  -3.17833914  29.01308253\n  -36.15836941]\n [-10.44917859 -12.80832829  12.95354453   8.04955586 -36.15836941\n   62.08556103]]", "nfev": "350", "njev": "50", "status": "0", "success": "True", "message": "Optimization terminated successfully.", "x": "[1.75179815 3.57552529 3.81776823 0.46905907 2.92932671 2.04902557]", "nit": "25"}, "16": {"maxiter": 1000, "gtol": 1e-05, "xrtol": 1e-05, "eps": 1e-05, "duration": 0.031511783599853516, "fun": "0.5449039086111436", "jac": "[ 2.40145681e-06 -5.37183631e-06  1.31665789e-06 -3.05044878e-07\n -1.19375620e-06  1.71442860e-06]", "hess_inv": "[[  6.84422191   2.36860793  -3.09077199  -2.2240961    3.49726745\n   -8.68785018]\n [  2.36860793   7.47483769  -2.39307863  -2.59828995   1.39802223\n   -7.34625122]\n [ -3.09077199  -2.39307863   7.65117731   1.89672981  -3.78793884\n   10.01261383]\n [ -2.2240961   -2.59828995   1.89672981   5.92696829  -1.91518271\n    6.08875126]\n [  3.49726745   1.39802223  -3.78793884  -1.91518271  24.86461127\n  -28.34407004]\n [ -8.68785018  -7.34625122  10.01261383   6.08875126 -28.34407004\n   48.360589  ]]", "nfev": "182", "njev": "26", "status": "0", "success": "True", "message": "Optimization terminated successfully.", "x": "[1.75176149 3.57544988 3.81781825 0.46908938 2.92917351 2.04927599]", "nit": "23"}, "17": {"maxiter": 1000, "gtol": 1e-05, "xrtol": 1e-05, "eps": 1e-10, "duration": 0.031445980072021484, "fun": "0.5449039085751979", "jac": "[ 2.22044587e-06 -6.66133760e-06  2.22044587e-06  2.22044587e-06\n  0.00000000e+00  2.22044587e-06]", "hess_inv": "[[  6.8909132    2.44681419  -3.19117429  -2.31553013   3.67237332\n   -9.022018  ]\n [  2.44681419   7.64949115  -2.61375387  -2.75915541   1.58802909\n   -7.85302822]\n [ -3.19117429  -2.61375387   7.8625945    2.06126004  -3.91013283\n   10.47508247]\n [ -2.31553013  -2.75915541   2.06126004   6.03751484  -1.84543797\n    6.25015592]\n [  3.67237332   1.58802909  -3.91013283  -1.84543797  25.48679053\n  -29.24282086]\n [ -9.022018    -7.85302822  10.47508247   6.25015592 -29.24282086\n   50.04626099]]", "nfev": "182", "njev": "26", "status": "0", "success": "True", "message": "Optimization terminated successfully.", "x": "[1.75176486 3.57544654 3.81782829 0.46910496 2.9292164  2.04924374]", "nit": "23"}, "18": {"maxiter": 1000, "gtol": 1e-05, "xrtol": 1e-10, "eps": 1e-05, "duration": 0.03142118453979492, "fun": "0.5449039086111436", "jac": "[ 2.40145681e-06 -5.37183631e-06  1.31665789e-06 -3.05044878e-07\n -1.19375620e-06  1.71442860e-06]", "hess_inv": "[[  6.84422191   2.36860793  -3.09077199  -2.2240961    3.49726745\n   -8.68785018]\n [  2.36860793   7.47483769  -2.39307863  -2.59828995   1.39802223\n   -7.34625122]\n [ -3.09077199  -2.39307863   7.65117731   1.89672981  -3.78793884\n   10.01261383]\n [ -2.2240961   -2.59828995   1.89672981   5.92696829  -1.91518271\n    6.08875126]\n [  3.49726745   1.39802223  -3.78793884  -1.91518271  24.86461127\n  -28.34407004]\n [ -8.68785018  -7.34625122  10.01261383   6.08875126 -28.34407004\n   48.360589  ]]", "nfev": "182", "njev": "26", "status": "0", "success": "True", "message": "Optimization terminated successfully.", "x": "[1.75176149 3.57544988 3.81781825 0.46908938 2.92917351 2.04927599]", "nit": "23"}, "19": {"maxiter": 1000, "gtol": 1e-05, "xrtol": 1e-10, "eps": 1e-10, "duration": 0.03144502639770508, "fun": "0.5449039085751979", "jac": "[ 2.22044587e-06 -6.66133760e-06  2.22044587e-06  2.22044587e-06\n  0.00000000e+00  2.22044587e-06]", "hess_inv": "[[  6.8909132    2.44681419  -3.19117429  -2.31553013   3.67237332\n   -9.022018  ]\n [  2.44681419   7.64949115  -2.61375387  -2.75915541   1.58802909\n   -7.85302822]\n [ -3.19117429  -2.61375387   7.8625945    2.06126004  -3.91013283\n   10.47508247]\n [ -2.31553013  -2.75915541   2.06126004   6.03751484  -1.84543797\n    6.25015592]\n [  3.67237332   1.58802909  -3.91013283  -1.84543797  25.48679053\n  -29.24282086]\n [ -9.022018    -7.85302822  10.47508247   6.25015592 -29.24282086\n   50.04626099]]", "nfev": "182", "njev": "26", "status": "0", "success": "True", "message": "Optimization terminated successfully.", "x": "[1.75176486 3.57544654 3.81782829 0.46910496 2.9292164  2.04924374]", "nit": "23"}, "20": {"maxiter": 1000, "gtol": 1e-10, "xrtol": 1e-05, "eps": 1e-05, "duration": 0.03384089469909668, "fun": "0.544903908217327", "jac": "[-1.86806126e-07 -2.66764388e-07 -2.24353869e-07 -1.37001521e-08\n -9.69446745e-08 -1.08690834e-07]", "hess_inv": "[[  7.00979523   2.8978283   -3.35126334  -2.40750114   4.6374832\n  -10.37953552]\n [  2.8978283    9.03257209  -3.13061661  -3.15690143   4.25006014\n  -11.78183527]\n [ -3.35126334  -3.13061661   7.88078117   2.13970674  -4.97659544\n   11.82165378]\n [ -2.40750114  -3.15690143   2.13970674   6.11845141  -3.00499799\n    7.72484041]\n [  4.6374832    4.25006014  -4.97659544  -3.00499799  28.00804924\n  -34.17953414]\n [-10.37953552 -11.78183527  11.82165378   7.72484041 -34.17953414\n   58.35734803]]", "nfev": "196", "njev": "28", "status": "0", "success": "True", "message": "Optimization terminated successfully.", "x": "[1.75178723 3.57551988 3.81777355 0.46906042 2.92928288 2.04908357]", "nit": "25"}, "21": {"maxiter": 1000, "gtol": 1e-10, "xrtol": 1e-05, "eps": 1e-10, "duration": 0.059770822525024414, "fun": "0.5449039082474765", "jac": "[-2.22044587e-06 -2.22044587e-06  0.00000000e+00  0.00000000e+00\n  0.00000000e+00 -2.22044587e-06]", "hess_inv": "[[  6.94414531   2.88127531  -3.35071543  -2.37646112   4.7195692\n  -10.44917859]\n [  2.88127531   9.36228606  -3.49597499  -3.31980737   4.73181062\n  -12.80832829]\n [ -3.35071543  -3.49597499   8.20505619   2.24865461  -5.59794981\n   12.95354453]\n [ -2.37646112  -3.31980737   2.24865461   6.10267116  -3.17833914\n    8.04955586]\n [  4.7195692    4.73181062  -5.59794981  -3.17833914  29.01308253\n  -36.15836941]\n [-10.44917859 -12.80832829  12.95354453   8.04955586 -36.15836941\n   62.08556103]]", "nfev": "350", "njev": "50", "status": "0", "success": "True", "message": "Optimization terminated successfully.", "x": "[1.75179815 3.57552529 3.81776823 0.46905907 2.92932671 2.04902557]", "nit": "25"}, "22": {"maxiter": 1000, "gtol": 1e-10, "xrtol": 1e-10, "eps": 1e-05, "duration": 0.03982996940612793, "fun": "0.5449039082127327", "jac": "[ 6.66133815e-11  1.99840144e-10 -2.22044605e-11  2.22044605e-11\n -2.22044605e-11  2.22044605e-11]", "hess_inv": "[[  7.18412065   3.26490881  -3.07757792  -2.45982722   4.55227938\n  -10.18552367]\n [  3.26490881   9.80384098  -2.43582509  -3.24099902   4.01682245\n  -11.19335716]\n [ -3.07757792  -2.43582509   8.84883047   2.13834941  -4.63443727\n   12.15365064]\n [ -2.45982722  -3.24099902   2.13834941   6.14295975  -2.85876042\n    7.61686565]\n [  4.55227938   4.01682245  -4.63443727  -2.85876042  27.5607378\n  -33.25271098]\n [-10.18552367 -11.19335716  12.15365064   7.61686565 -33.25271098\n   57.4810012 ]]", "nfev": "231", "njev": "33", "status": "0", "success": "True", "message": "Optimization terminated successfully.", "x": "[1.75178809 3.57552175 3.81777524 0.4690602  2.92928277 2.04908455]", "nit": "29"}, "23": {"maxiter": 1000, "gtol": 1e-10, "xrtol": 1e-10, "eps": 1e-10, "duration": 0.0597538948059082, "fun": "0.5449039082474765", "jac": "[-2.22044587e-06 -2.22044587e-06  0.00000000e+00  0.00000000e+00\n  0.00000000e+00 -2.22044587e-06]", "hess_inv": "[[  6.94414531   2.88127531  -3.35071543  -2.37646112   4.7195692\n  -10.44917859]\n [  2.88127531   9.36228606  -3.49597499  -3.31980737   4.73181062\n  -12.80832829]\n [ -3.35071543  -3.49597499   8.20505619   2.24865461  -5.59794981\n   12.95354453]\n [ -2.37646112  -3.31980737   2.24865461   6.10267116  -3.17833914\n    8.04955586]\n [  4.7195692    4.73181062  -5.59794981  -3.17833914  29.01308253\n  -36.15836941]\n [-10.44917859 -12.80832829  12.95354453   8.04955586 -36.15836941\n   62.08556103]]", "nfev": "350", "njev": "50", "status": "0", "success": "True", "message": "Optimization terminated successfully.", "x": "[1.75179815 3.57552529 3.81776823 0.46905907 2.92932671 2.04902557]", "nit": "25"}}, "cobyla": {"0": {"maxiter": 100, "tol": 1e-05, "catol": 1e-05, "duration": 0.016456127166748047, "x": "[1.68844016 3.505933   3.92300362 0.50461537 2.74689677 2.35672366]", "status": "2", "success": "False", "message": "Maximum number of function evaluations has been exceeded.", "nfev": "100", "fun": "0.545928128985302", "maxcv": "0.0"}, "1": {"maxiter": 100, "tol": 1e-05, "catol": 1e-10, "duration": 0.0164029598236084, "x": "[1.68844016 3.505933   3.92300362 0.50461537 2.74689677 2.35672366]", "status": "2", "success": "False", "message": "Maximum number of function evaluations has been exceeded.", "nfev": "100", "fun": "0.545928128985302", "maxcv": "0.0"}, "2": {"maxiter": 100, "tol": 1e-10, "catol": 1e-05, "duration": 0.016453027725219727, "x": "[1.68844016 3.505933   3.92300362 0.50461537 2.74689677 2.35672366]", "status": "2", "success": "False", "message": "Maximum number of function evaluations has been exceeded.", "nfev": "100", "fun": "0.545928128985302", "maxcv": "0.0"}, "3": {"maxiter": 100, "tol": 1e-10, "catol": 1e-10, "duration": 0.01648116111755371, "x": "[1.68844016 3.505933   3.92300362 0.50461537 2.74689677 2.35672366]", "status": "2", "success": "False", "message": "Maximum number o