{"date": "2024/07/19/, 17:15:37", "conf_id": 256, "data_type": "var_s_rank\n", "num_data_points": 1, "s_rank": 0, "unitary": "[[-0.56303964-0.00798273j,-0.21670212-0.15784972j,-0.06047197-0.73952673j,-0.01438004+0.24552571j],[-0.06976756+0.23474685j,-0.01275565-0.5435098j,-0.02703657-0.08917885j,-0.08210486-0.79311774j],[-0.38559961+0.10714929j,0.5933431-0.2687392j,-0.24060861+0.29149289j,-0.45147719+0.26241743j],[-0.50180421+0.45931857j,-0.11617175+0.44134496j,0.49642745+0.22684508j,-0.08544628-0.15407063j]]", "databatch_0": {"databatch": "[[[-0.00067279+0.01371223j,0.20198836+0.19797132j,-0.36280693-0.19345392j,0.20101494+0.01057911j],[-0.07537814-0.2223505j,0.19229333-0.14893652j,0.03869169-0.08521762j,-0.29974412+0.10185414j],[0.19477132+0.0602877j,0.14065701-0.31343425j,-0.05800778-0.11348848j,-0.00939675+0.04666493j],[-0.27888116+0.15979742j,-0.16841513-0.02784043j,-0.12295525-0.1128339j,-0.15712724-0.35198523j]]]", "initial param values": "[2.81069492,3.72049155,3.21815701,2.78735429,2.65844244,2.57500908]", "nelder_mead": {"type": "gradient-free", "0": {"maxiter": 100, "fatol": 1e-05, "xatol": 1e-05, "duration": 0.027854204177856445, "fun": "0.49242013239210325", "nit": "100", "nfev": "163", "status": "2", "success": "False", "message": "Maximum number of iterations has been exceeded.", "x": "[4.91715301 3.16823342 3.40621954 4.26144008 3.27241327 1.88116847]", "final_simplex": "(array([[4.91715301, 3.16823342, 3.40621954, 4.26144008, 3.27241327,\n        1.88116847],\n       [4.91598575, 3.16201767, 3.40648748, 4.26257282, 3.28669028,\n        1.89001387],\n       [4.92246687, 3.15906799, 3.41372156, 4.2557814 , 3.27907621,\n        1.88194711],\n       [4.90048494, 3.16765868, 3.4125837 , 4.26344874, 3.27380347,\n        1.88676545],\n       [4.93035509, 3.16984862, 3.4114438 , 4.27280319, 3.27963743,\n        1.87668558],\n       [4.91392783, 3.16478252, 3.42107149, 4.26514981, 3.27736251,\n        1.86960551],\n       [4.90707365, 3.16001479, 3.40871533, 4.24695295, 3.2926781 ,\n        1.88918545]]), array([0.49242013, 0.49242238, 0.49242686, 0.49243813, 0.49244568,\n       0.49245519, 0.49245607]))"}, "1": {"maxiter": 100, "fatol": 1e-05, "xatol": 1e-10, "duration": 0.027784109115600586, "fun": "0.49242013239210325", "nit": "100", "nfev": "163", "status": "2", "success": "False", "message": "Maximum number of iterations has been exceeded.", "x": "[4.91715301 3.16823342 3.40621954 4.26144008 3.27241327 1.88116847]", "final_simplex": "(array([[4.91715301, 3.16823342, 3.40621954, 4.26144008, 3.27241327,\n        1.88116847],\n       [4.91598575, 3.16201767, 3.40648748, 4.26257282, 3.28669028,\n        1.89001387],\n       [4.92246687, 3.15906799, 3.41372156, 4.2557814 , 3.27907621,\n        1.88194711],\n       [4.90048494, 3.16765868, 3.4125837 , 4.26344874, 3.27380347,\n        1.88676545],\n       [4.93035509, 3.16984862, 3.4114438 , 4.27280319, 3.27963743,\n        1.87668558],\n       [4.91392783, 3.16478252, 3.42107149, 4.26514981, 3.27736251,\n        1.86960551],\n       [4.90707365, 3.16001479, 3.40871533, 4.24695295, 3.2926781 ,\n        1.88918545]]), array([0.49242013, 0.49242238, 0.49242686, 0.49243813, 0.49244568,\n       0.49245519, 0.49245607]))"}, "2": {"maxiter": 100, "fatol": 1e-10, "xatol": 1e-05, "duration": 0.02753591537475586, "fun": "0.49242013239210325", "nit": "100", "nfev": "163", "status": "2", "success": "False", "message": "Maximum number of iterations has been exceeded.", "x": "[4.91715301 3.16823342 3.40621954 4.26144008 3.27241327 1.88116847]", "final_simplex": "(array([[4.91715301, 3.16823342, 3.40621954, 4.26144008, 3.27241327,\n        1.88116847],\n       [4.91598575, 3.16201767, 3.40648748, 4.26257282, 3.28669028,\n        1.89001387],\n       [4.92246687, 3.15906799, 3.41372156, 4.2557814 , 3.27907621,\n        1.88194711],\n       [4.90048494, 3.16765868, 3.4125837 , 4.26344874, 3.27380347,\n        1.88676545],\n       [4.93035509, 3.16984862, 3.4114438 , 4.27280319, 3.27963743,\n        1.87668558],\n       [4.91392783, 3.16478252, 3.42107149, 4.26514981, 3.27736251,\n        1.86960551],\n       [4.90707365, 3.16001479, 3.40871533, 4.24695295, 3.2926781 ,\n        1.88918545]]), array([0.49242013, 0.49242238, 0.49242686, 0.49243813, 0.49244568,\n       0.49245519, 0.49245607]))"}, "3": {"maxiter": 100, "fatol": 1e-10, "xatol": 1e-10, "duration": 0.02767014503479004, "fun": "0.49242013239210325", "nit": "100", "nfev": "163", "status": "2", "success": "False", "message": "Maximum number of iterations has been exceeded.", "x": "[4.91715301 3.16823342 3.40621954 4.26144008 3.27241327 1.88116847]", "final_simplex": "(array([[4.91715301, 3.16823342, 3.40621954, 4.26144008, 3.27241327,\n        1.88116847],\n       [4.91598575, 3.16201767, 3.40648748, 4.26257282, 3.28669028,\n        1.89001387],\n       [4.92246687, 3.15906799, 3.41372156, 4.2557814 , 3.27907621,\n        1.88194711],\n       [4.90048494, 3.16765868, 3.4125837 , 4.26344874, 3.27380347,\n        1.88676545],\n       [4.93035509, 3.16984862, 3.4114438 , 4.27280319, 3.27963743,\n        1.87668558],\n       [4.91392783, 3.16478252, 3.42107149, 4.26514981, 3.27736251,\n        1.86960551],\n       [4.90707365, 3.16001479, 3.40871533, 4.24695295, 3.2926781 ,\n        1.88918545]]), array([0.49242013, 0.49242238, 0.49242686, 0.49243813, 0.49244568,\n       0.49245519, 0.49245607]))"}, "4": {"maxiter": 500, "fatol": 1e-05, "xatol": 1e-05, "duration": 0.07752203941345215, "fun": "0.492253337438582", "nit": "283", "nfev": "456", "status": "0", "success": "True", "message": "Optimization terminated successfully.", "x": "[4.92455374 3.18964301 3.42043442 4.25358157 3.29527752 1.8965993 ]", "final_simplex": "(array([[4.92455374, 3.18964301, 3.42043442, 4.25358157, 3.29527752,\n        1.8965993 ],\n       [4.92455265, 3.18965009, 3.4204296 , 4.253586  , 3.29527306,\n        1.89660291],\n       [4.9245528 , 3.18964584, 3.42042572, 4.25358581, 3.29527252,\n        1.89660358],\n       [4.9245551 , 3.18964368, 3.42043157, 4.25358705, 3.29527604,\n        1.8966007 ],\n       [4.92455916, 3.1896489 , 3.42042978, 4.25358409, 3.29527572,\n        1.89660046],\n       [4.92455708, 3.18964312, 3.42043435, 4.25358519, 3.29527017,\n        1.89659686],\n       [4.92455241, 3.18964567, 3.42042511, 4.2535869 , 3.29527272,\n        1.89659835]]), array([0.49225334, 0.49225334, 0.49225334, 0.49225334, 0.49225334,\n       0.49225334, 0.49225334]))"}, "5": {"maxiter": 500, "fatol": 1e-05, "xatol": 1e-10, "duration": 0.1193230152130127, "fun": "0.4922533374313791", "nit": "394", "nfev": "694", "status": "0", "success": "True", "message": "Optimization terminated successfully.", "x": "[4.92454991 3.18964654 3.420431   4.2535775  3.295277   1.89660272]", "final_simplex": "(array([[4.92454991, 3.18964654, 3.420431  , 4.2535775 , 3.295277  ,\n        1.89660272],\n       [4.92454991, 3.18964654, 3.420431  , 4.2535775 , 3.295277  ,\n        1.89660272],\n       [4.92454991, 3.18964654, 3.420431  , 4.2535775 , 3.295277  ,\n        1.89660272],\n       [4.92454991, 3.18964654, 3.420431  , 4.2535775 , 3.295277  ,\n        1.89660272],\n       [4.92454991, 3.18964654, 3.420431  , 4.2535775 , 3.295277  ,\n        1.89660272],\n       [4.92454991, 3.18964654, 3.420431  , 4.2535775 , 3.295277  ,\n        1.89660272],\n       [4.92454991, 3.18964654, 3.420431  , 4.2535775 , 3.295277  ,\n        1.89660272]]), array([0.49225334, 0.49225334, 0.49225334, 0.49225334, 0.49225334,\n       0.49225334, 0.49225334]))"}, "6": {"maxiter": 500, "fatol": 1e-10, "xatol": 1e-05, "duration": 0.08166694641113281, "fun": "0.492253337438582", "nit": "283", "nfev": "456", "status": "0", "success": "True", "message": "Optimization terminated successfully.", "x": "[4.92455374 3.18964301 3.42043442 4.25358157 3.29527752 1.8965993 ]", "final_simplex": "(array([[4.92455374, 3.18964301, 3.42043442, 4.25358157, 3.29527752,\n        1.8965993 ],\n       [4.92455265, 3.18965009, 3.4204296 , 4.253586  , 3.29527306,\n        1.89660291],\n       [4.9245528 , 3.18964584, 3.42042572, 4.25358581, 3.29527252,\n        1.89660358],\n       [4.9245551 , 3.18964368, 3.42043157, 4.25358705, 3.29527604,\n        1.8966007 ],\n       [4.92455916, 3.1896489 , 3.42042978, 4.25358409, 3.29527572,\n        1.89660046],\n       [4.92455708, 3.18964312, 3.42043435, 4.25358519, 3.29527017,\n        1.89659686],\n       [4.92455241, 3.18964567, 3.42042511, 4.2535869 , 3.29527272,\n        1.89659835]]), array([0.49225334, 0.49225334, 0.49225334, 0.49225334, 0.49225334,\n       0.49225334, 0.49225334]))"}, "7": {"maxiter": 500, "fatol": 1e-10, "xatol": 1e-10, "duration": 0.12374687194824219, "fun": "0.4922533374313791", "nit": "394", "nfev": "694", "status": "0", "success": "True", "message": "Optimization terminated successfully.", "x": "[4.92454991 3.18964654 3.420431   4.2535775  3.295277   1.89660272]", "final_simplex": "(array([[4.92454991, 3.18964654, 3.420431  , 4.2535775 , 3.295277  ,\n        1.89660272],\n       [4.92454991, 3.18964654, 3.420431  , 4.2535775 , 3.295277  ,\n        1.89660272],\n       [4.92454991, 3.18964654, 3.420431  , 4.2535775 , 3.295277  ,\n        1.89660272],\n       [4.92454991, 3.18964654, 3.420431  , 4.2535775 , 3.295277  ,\n        1.89660272],\n       [4.92454991, 3.18964654, 3.420431  , 4.2535775 , 3.295277  ,\n        1.89660272],\n       [4.92454991, 3.18964654, 3.420431  , 4.2535775 , 3.295277  ,\n        1.89660272],\n       [4.92454991, 3.18964654, 3.420431  , 4.2535775 , 3.295277  ,\n        1.89660272]]), array([0.49225334, 0.49225334, 0.49225334, 0.49225334, 0.49225334,\n       0.49225334, 0.49225334]))"}, "8": {"maxiter": 1000, "fatol": 1e-05, "xatol": 1e-05, "duration": 0.08164596557617188, "fun": "0.492253337438582", "nit": "283", "nfev": "456", "status": "0", "success": "True", "message": "Optimization terminated successfully.", "x": "[4.92455374 3.18964301 3.42043442 4.25358157 3.29527752 1.8965993 ]", "final_simplex": "(array([[4.92455374, 3.18964301, 3.42043442, 4.25358157, 3.29527752,\n        1.8965993 ],\n       [4.92455265, 3.18965009, 3.4204296 , 4.253586  , 3.29527306,\n        1.89660291],\n       [4.9245528 , 3.18964584, 3.42042572, 4.25358581, 3.29527252,\n        1.89660358],\n       [4.9245551 , 3.18964368, 3.42043157, 4.25358705, 3.29527604,\n        1.8966007 ],\n       [4.92455916, 3.1896489 , 3.42042978, 4.25358409, 3.29527572,\n        1.89660046],\n       [4.92455708, 3.18964312, 3.42043435, 4.25358519, 3.29527017,\n        1.89659686],\n       [4.92455241, 3.18964567, 3.42042511, 4.2535869 , 3.29527272,\n        1.89659835]]), array([0.49225334, 0.49225334, 0.49225334, 0.49225334, 0.49225334,\n       0.49225334, 0.49225334]))"}, "9": {"maxiter": 1000, "fatol": 1e-05, "xatol": 1e-10, "duration": 0.11869025230407715, "fun": "0.4922533374313791", "nit": "394", "nfev": "694", "status": "0", "success": "True", "message": "Optimization terminated successfully.", "x": "[4.92454991 3.18964654 3.420431   4.2535775  3.295277   1.89660272]", "final_simplex": "(array([[4.92454991, 3.18964654, 3.420431  , 4.2535775 , 3.295277  ,\n        1.89660272],\n       [4.92454991, 3.18964654, 3.420431  , 4.2535775 , 3.295277  ,\n        1.89660272],\n       [4.92454991, 3.18964654, 3.420431  , 4.2535775 , 3.295277  ,\n        1.89660272],\n       [4.92454991, 3.18964654, 3.420431  , 4.2535775 , 3.295277  ,\n        1.89660272],\n       [4.92454991, 3.18964654, 3.420431  , 4.2535775 , 3.295277  ,\n        1.89660272],\n       [4.92454991, 3.18964654, 3.420431  , 4.2535775 , 3.295277  ,\n        1.89660272],\n       [4.92454991, 3.18964654, 3.420431  , 4.2535775 , 3.295277  ,\n        1.89660272]]), array([0.49225334, 0.49225334, 0.49225334, 0.49225334, 0.49225334,\n       0.49225334, 0.49225334]))"}, "10": {"maxiter": 1000, "fatol": 1e-10, "xatol": 1e-05, "duration": 0.07814717292785645, "fun": "0.492253337438582", "nit": "283", "nfev": "456", "status": "0", "success": "True", "message": "Optimization terminated successfully.", "x": "[4.92455374 3.18964301 3.42043442 4.25358157 3.29527752 1.8965993 ]", "final_simplex": "(array([[4.92455374, 3.18964301, 3.42043442, 4.25358157, 3.29527752,\n        1.8965993 ],\n       [4.92455265, 3.18965009, 3.4204296 , 4.253586  , 3.29527306,\n        1.89660291],\n       [4.9245528 , 3.18964584, 3.42042572, 4.25358581, 3.29527252,\n        1.89660358],\n       [4.9245551 , 3.18964368, 3.42043157, 4.25358705, 3.29527604,\n        1.8966007 ],\n       [4.92455916, 3.1896489 , 3.42042978, 4.25358409, 3.29527572,\n        1.89660046],\n       [4.92455708, 3.18964312, 3.42043435, 4.25358519, 3.29527017,\n        1.89659686],\n       [4.92455241, 3.18964567, 3.42042511, 4.2535869 , 3.29527272,\n        1.89659835]]), array([0.49225334, 0.49225334, 0.49225334, 0.49225334, 0.49225334,\n       0.49225334, 0.49225334]))"}, "11": {"maxiter": 1000, "fatol": 1e-10, "xatol": 1e-10, "duration": 0.11955881118774414, "fun": "0.4922533374313791", "nit": "394", "nfev": "694", "status": "0", "success": "True", "message": "Optimization terminated successfully.", "x": "[4.92454991 3.18964654 3.420431   4.2535775  3.295277   1.89660272]", "final_simplex": "(array([[4.92454991, 3.18964654, 3.420431  , 4.2535775 , 3.295277  ,\n        1.89660272],\n       [4.92454991, 3.18964654, 3.420431  , 4.2535775 , 3.295277  ,\n        1.89660272],\n       [4.92454991, 3.18964654, 3.420431  , 4.2535775 , 3.295277  ,\n        1.89660272],\n       [4.92454991, 3.18964654, 3.420431  , 4.2535775 , 3.295277  ,\n        1.89660272],\n       [4.92454991, 3.18964654, 3.420431  , 4.2535775 , 3.295277  ,\n        1.89660272],\n       [4.92454991, 3.18964654, 3.420431  , 4.2535775 , 3.295277  ,\n        1.89660272],\n       [4.92454991, 3.18964654, 3.420431  , 4.2535775 , 3.295277  ,\n        1.89660272]]), array([0.49225334, 0.49225334, 0.49225334, 0.49225334, 0.49225334,\n       0.49225334, 0.49225334]))"}}, "bfgs": {"type": "gradient", "0": {"maxiter": 100, "gtol": 1e-05, "xrtol": 1e-05, "eps": 1e-05, "duration": 0.0315709114074707, "fun": "0.49225333756700995", "jac": "[ 3.44757556e-06 -2.95387048e-06 -4.29236646e-06 -2.23003838e-06\n  1.98592254e-06 -3.79368759e-06]", "hess_inv": "[[ 3.72713351  0.39528418  0.35813563  0.29310141  0.00726079 -0.0905331 ]\n [ 0.39528418  4.07318538 -0.53070319  0.05779277  0.68326521 -0.42487209]\n [ 0.35813563 -0.53070319  5.32939764 -0.39572848  0.38626033 -2.9059904 ]\n [ 0.29310141  0.05779277 -0.39572848  3.95281001 -0.1141002   0.09873584]\n [ 0.00726079  0.68326521  0.38626033 -0.1141002   4.67207368  1.43747033]\n [-0.0905331  -0.42487209 -2.9059904   0.09873584  1.43747033  5.76651442]]", "nfev": "175", "njev": "25", "status": "0", "success": "True", "message": "Optimization terminated successfully.", "x": "[4.92455893 3.18963313 3.42041678 4.25356254 3.29526808 1.89658863]", "nit": "20"}, "1": {"maxiter": 100, "gtol": 1e-05, "xrtol": 1e-05, "eps": 1e-10, "duration": 0.03037118911743164, "fun": "0.49225333759036005", "jac": "[ 5.55111466e-06 -2.22044587e-06 -4.44089173e-06 -1.11022293e-06\n  1.11022293e-06 -5.55111466e-06]", "hess_inv": "[[ 3.68515303  0.42029899  0.31579365  0.29891745 -0.17701056 -0.19811089]\n [ 0.42029899  4.05674782 -0.6555518   0.0620527   0.41465289 -0.53595295]\n [ 0.31579365 -0.6555518   5.29305253 -0.33736188  0.32643457 -2.87457661]\n [ 0.29891745  0.0620527  -0.33736188  3.9280547  -0.04796939  0.09802945]\n [-0.17701056  0.41465289  0.32643457 -0.04796939  4.47498722  1.38510761]\n [-0.19811089 -0.53595295 -2.87457661  0.09802945  1.38510761  5.69451755]]", "nfev": "175", "njev": "25", "status": "0", "success": "True", "message": "Optimization terminated successfully.", "x": "[4.92456832 3.18963931 3.42041094 4.25356359 3.29526617 1.89659225]", "nit": "20"}, "2": {"maxiter": 100, "gtol": 1e-05, "xrtol": 1e-10, "eps": 1e-05, "duration": 0.03035712242126465, "fun": "0.49225333756700995", "jac": "[ 3.44757556e-06 -2.95387048e-06 -4.29236646e-06 -2.23003838e-06\n  1.98592254e-06 -3.79368759e-06]", "hess_inv": "[[ 3.72713351  0.39528418  0.35813563  0.29310141  0.00726079 -0.0905331 ]\n [ 0.39528418  4.07318538 -0.53070319  0.05779277  0.68326521 -0.42487209]\n [ 0.35813563 -0.53070319  5.32939764 -0.39572848  0.38626033 -2.9059904 ]\n [ 0.29310141  0.05779277 -0.39572848  3.95281001 -0.1141002   0.09873584]\n [ 0.00726079  0.68326521  0.38626033 -0.1141002   4.67207368  1.43747033]\n [-0.0905331  -0.42487209 -2.9059904   0.09873584  1.43747033  5.76651442]]", "nfev": "175", "njev": "25", "status": "0", "success": "True", "message": "Optimization terminated successfully.", "x": "[4.92455893 3.18963313 3.42041678 4.25356254 3.29526808 1.89658863]", "nit": "20"}, "3": {"maxiter": 100, "gtol": 1e-05, "xrtol": 1e-10, "eps": 1e-10, "duration": 0.030303955078125, "fun": "0.49225333759036005", "jac": "[ 5.55111466e-06 -2.22044587e-06 -4.44089173e-06 -1.11022293e-06\n  1.11022293e-06 -5.55111466e-06]", "hess_inv": "[[ 3.68515303  0.42029899  0.31579365  0.29891745 -0.17701056 -0.19811089]\n [ 0.42029899  4.05674782 -0.6555518   0.0620527   0.41465289 -0.53595295]\n [ 0.31579365 -0.6555518   5.29305253 -0.33736188  0.32643457 -2.87457661]\n [ 0.29891745  0.0620527  -0.33736188  3.9280547  -0.04796939  0.09802945]\n [-0.17701056  0.41465289  0.32643457 -0.04796939  4.47498722  1.38510761]\n [-0.19811089 -0.53595295 -2.87457661  0.09802945  1.38510761  5.69451755]]", "nfev": "175", "njev": "25", "status": "0", "success": "True", "message": "Optimization terminated successfully.", "x": "[4.92456832 3.18963931 3.42041094 4.25356359 3.29526617 1.89659225]", "nit": "20"}, "4": {"maxiter": 100, "gtol": 1e-10, "xrtol": 1e-05, "eps": 1e-05, "duration": 0.03027820587158203, "fun": "0.49225333756700995", "jac": "[ 3.44757556e-06 -2.95387048e-06 -4.29236646e-06 -2.23003838e-06\n  1.98592254e-06 -3.79368759e-06]", "hess_inv": "[[ 3.72713351  0.39528418  0.35813563  0.29310141  0.00726079 -0.0905331 ]\n [ 0.39528418  4.07318538 -0.53070319  0.05779277  0.68326521 -0.42487209]\n [ 0.35813563 -0.53070319  5.32939764 -0.39572848  0.38626033 -2.9059904 ]\n [ 0.29310141  0.05779277 -0.39572848  3.95281001 -0.1141002   0.09873584]\n [ 0.00726079  0.68326521  0.38626033 -0.1141002   4.67207368  1.43747033]\n [-0.0905331  -0.42487209 -2.9059904   0.09873584  1.43747033  5.76651442]]", "nfev": "175", "njev": "25", "status": "0", "success": "True", "message": "Optimization terminated successfully.", "x": "[4.92455893 3.18963313 3.42041678 4.25356254 3.29526808 1.89658863]", "nit": "20"}, "5": {"maxiter": 100, "gtol": 1e-10, "xrtol": 1e-05, "eps": 1e-10, "duration": 0.030356884002685547, "fun": "0.49225333759036005", "jac": "[ 5.55111466e-06 -2.22044587e-06 -4.44089173e-06 -1.11022293e-06\n  1.11022293e-06 -5.55111466e-06]", "hess_inv": "[[ 3.68515303  0.42029899  0.31579365  0.29891745 -0.17701056 -0.19811089]\n [ 0.42029899  4.05674782 -0.6555518   0.0620527   0.41465289 -0.53595295]\n [ 0.31579365 -0.6555518   5.29305253 -0.33736188  0.32643457 -2.87457661]\n [ 0.29891745  0.0620527  -0.33736188  3.9280547  -0.04796939  0.09802945]\n [-0.17701056  0.41465289  0.32643457 -0.04796939  4.47498722  1.38510761]\n [-0.19811089 -0.53595295 -2.87457661  0.09802945  1.38510761  5.69451755]]", "nfev": "175", "njev": "25", "status": "0", "success": "True", "message": "Optimization terminated successfully.", "x": "[4.92456832 3.18963931 3.42041094 4.25356359 3.29526617 1.89659225]", "nit": "20"}, "6": {"maxiter": 100, "gtol": 1e-10, "xrtol": 1e-10, "eps": 1e-05, "duration": 0.05619096755981445, "fun": "0.4922533374521927", "jac": "[ 3.14859250e-08  3.87134769e-08  7.94919686e-09 -1.40332190e-08\n  6.63913369e-09  8.23785484e-09]", "hess_inv": "[[ 4.12959616  0.1776597   0.10308868  0.02323552  0.05384013 -0.27283356]\n [ 0.1776597   4.03639665 -0.41135351  0.18767639  0.65006497 -0.31504374]\n [ 0.10308868 -0.41135351  5.49561948 -0.2251251   0.36007453 -2.78071407]\n [ 0.02323552  0.18767639 -0.2251251   4.13243429 -0.14521436  0.22400408]\n [ 0.05384013  0.65006497  0.36007453 -0.14521436  4.67972952  1.42221951]\n [-0.27283356 -0.31504374 -2.78071407  0.22400408  1.42221951  5.85858284]]", "nfev": "327", "njev": "45", "status": "2", "success": "False", "message": "Desired error not necessarily achieved due to precision loss.", "x": "[4.92454481 3.18964135 3.42042734 4.25357241 3.29526744 1.89659687]", "nit": "22"}, "7": {"maxiter": 100, "gtol": 1e-10, "xrtol": 1e-10, "eps": 1e-10, "duration": 0.055191993713378906, "fun": "0.4922533374392276", "jac": "[-1.11022293e-06 -1.11022293e-06 -2.22044587e-06  1.11022293e-06\n  0.00000000e+00 -1.11022293e-06]", "hess_inv": "[[ 0.66325245 -0.08550362 -0.4182454   0.95334903 -0.3661636  -0.20516211]\n [-0.08550362  2.73262157 -0.43368653 -1.75570361 -0.68133324 -1.23089515]\n [-0.4182454  -0.43368653  2.89797972  1.27881201  3.40824658 -0.2416815 ]\n [ 0.95334903 -1.75570361  1.27881201  4.10665697  2.50904363  0.09844082]\n [-0.3661636  -0.68133324  3.40824658  2.50904363  6.94673033  0.29351009]\n [-0.20516211 -1.23089515 -0.2416815   0.09844082  0.29351009  1.07813779]]", "nfev": "322", "njev": "46", "status": "0", "success": "True", "message": "Optimization terminated successfully.", "x": "[4.92454428 3.18964367 3.42042598 4.25357931 3.29527743 1.89660433]", "nit": "27"}, "8": {"maxiter": 500, "gtol": 1e-05, "xrtol": 1e-05, "eps": 1e-05, "duration": 0.030204057693481445, "fun": "0.49225333756700995", "jac": "[ 3.44757556e-06 -2.95387048e-06 -4.29236646e-06 -2.23003838e-06\n  1.98592254e-06 -3.79368759e-06]", "hess_inv": "[[ 3.72713351  0.39528418  0.35813563  0.29310141  0.00726079 -0.0905331 ]\n [ 0.39528418  4.07318538 -0.53070319  0.05779277  0.68326521 -0.42487209]\n [ 0.35813563 -0.53070319  5.32939764 -0.39572848  0.38626033 -2.9059904 ]\n [ 0.29310141  0.05779277 -0.39572848  3.95281001 -0.1141002   0.09873584]\n [ 0.00726079  0.68326521  0.38626033 -0.1141002   4.67207368  1.43747033]\n [-0.0905331  -0.42487209 -2.9059904   0.09873584  1.43747033  5.76651442]]", "nfev": "175", "njev": "25", "status": "0", "success": "True", "message": "Optimization terminated successfully.", "x": "[4.92455893 3.18963313 3.42041678 4.25356254 3.29526808 1.89658863]", "nit": "20"}, "9": {"maxiter": 500, "gtol": 1e-05, "xrtol": 1e-05, "eps": 1e-10, "duration": 0.03017401695251465, "fun": "0.49225333759036005", "jac": "[ 5.55111466e-06 -2.22044587e-06 -4.44089173e-06 -1.11022293e-06\n  1.11022293e-06 -5.55111466e-06]", "hess_inv": "[[ 3.68515303  0.42029899  0.31579365  0.29891745 -0.17701056 -0.19811089]\n [ 0.42029899  4.05674782 -0.6555518   0.0620527   0.41465289 -0.53595295]\n [ 0.31579365 -0.6555518   5.29305253 -0.33736188  0.32643457 -2.87457661]\n [ 0.29891745  0.0620527  -0.33736188  3.9280547  -0.04796939  0.09802945]\n [-0.17701056  0.41465289  0.32643457 -0.04796939  4.47498722  1.38510761]\n [-0.19811089 -0.53595295 -2.87457661  0.09802945  1.38510761  5.69451755]]", "nfev": "175", "njev": "25", "status": "0", "success": "True", "message": "Optimization terminated successfully.", "x": "[4.92456832 3.18963931 3.42041094 4.25356359 3.29526617 1.89659225]", "nit": "20"}, "10": {"maxiter": 500, "gtol": 1e-05, "xrtol": 1e-10, "eps": 1e-05, "duration": 0.030139923095703125, "fun": "0.49225333756700995", "jac": "[ 3.44757556e-06 -2.95387048e-06 -4.29236646e-06 -2.23003838e-06\n  1.98592254e-06 -3.79368759e-06]", "hess_inv": "[[ 3.72713351  0.39528418  0.35813563  0.29310141  0.00726079 -0.0905331 ]\n [ 0.39528418  4.07318538 -0.53070319  0.05779277  0.68326521 -0.42487209]\n [ 0.35813563 -0.53070319  5.32939764 -0.39572848  0.38626033 -2.9059904 ]\n [ 0.29310141  0.05779277 -0.39572848  3.95281001 -0.1141002   0.09873584]\n [ 0.00726079  0.68326521  0.38626033 -0.1141002   4.67207368  1.43747033]\n [-0.0905331  -0.42487209 -2.9059904   0.09873584  1.43747033  5.76651442]]", "nfev": "175", "njev": "25", "status": "0", "success": "True", "message": "Optimization terminated successfully.", "x": "[4.92455893 3.18963313 3.42041678 4.25356254 3.29526808 1.89658863]", "nit": "20"}, "11": {"maxiter": 500, "gtol": 1e-05, "xrtol": 1e-10, "eps": 1e-10, "duration": 0.030028820037841797, "fun": "0.49225333759036005", "jac": "[ 5.55111466e-06 -2.22044587e-06 -4.44089173e-06 -1.11022293e-06\n  1.11022293e-06 -5.55111466e-06]", "hess_inv": "[[ 3.68515303  0.42029899  0.31579365  0.29891745 -0.17701056 -0.19811089]\n [ 0.42029899  4.05674782 -0.6555518   0.0620527   0.41465289 -0.53595295]\n [ 0.31579365 -0.6555518   5.29305253 -0.33736188  0.32643457 -2.87457661]\n [ 0.29891745  0.0620527  -0.33736188  3.9280547  -0.04796939  0.09802945]\n [-0.17701056  0.41465289  0.32643457 -0.04796939  4.47498722  1.38510761]\n [-0.19811089 -0.53595295 -2.87457661  0.09802945  1.38510761  5.69451755]]", "nfev": "175", "njev": "25", "status": "0", "success": "True", "message": "Optimization terminated successfully.", "x": "[4.92456832 3.18963931 3.42041094 4.25356359 3.29526617 1.89659225]", "nit": "20"}, "12": {"maxiter": 500, "gtol": 1e-10, "xrtol": 1e-05, "eps": 1e-05, "duration": 0.030067920684814453, "fun": "0.49225333756700995", "jac": "[ 3.44757556e-06 -2.95387048e-06 -4.29236646e-06 -2.23003838e-06\n  1.98592254e-06 -3.79368759e-06]", "hess_inv": "[[ 3.72713351  0.39528418  0.35813563  0.29310141  0.00726079 -0.0905331 ]\n [ 0.39528418  4.07318538 -0.53070319  0.05779277  0.68326521 -0.42487209]\n [ 0.35813563 -0.53070319  5.32939764 -0.39572848  0.38626033 -2.9059904 ]\n [ 0.29310141  0.05779277 -0.39572848  3.95281001 -0.1141002   0.09873584]\n [ 0.00726079  0.68326521  0.38626033 -0.1141002   4.67207368  1.43747033]\n [-0.0905331  -0.42487209 -2.9059904   0.09873584  1.43747033  5.76651442]]", "nfev": "175", "njev": "25", "status": "0", "success": "True", "message": "Optimization terminated successfully.", "x": "[4.92455893 3.18963313 3.42041678 4.25356254 3.29526808 1.89658863]", "nit": "20"}, "13": {"maxiter": 500, "gtol": 1e-10, "xrtol": 1e-05, "eps": 1e-10, "duration": 0.030118942260742188, "fun": "0.49225333759036005", "jac": "[ 5.55111466e-06 -2.22044587e-06 -4.44089173e-06 -1.11022293e-06\n  1.11022293e-06 -5.55111466e-06]", "hess_inv": "[[ 3.68515303  0.42029899  0.31579365  0.29891745 -0.17701056 -0.19811089]\n [ 0.42029899  4.05674782 -0.6555518   0.0620527   0.41465289 -0.53595295]\n [ 0.31579365 -0.6555518   5.29305253 -0.33736188  0.32643457 -2.87457661]\n [ 0.29891745  0.0620527  -0.33736188  3.9280547  -0.04796939  0.09802945]\n [-0.17701056  0.41465289  0.32643457 -0.04796939  4.47498722  1.38510761]\n [-0.19811089 -0.53595295 -2.87457661  0.09802945  1.38510761  5.69451755]]", "nfev": "175", "njev": "25", "status": "0", "success": "True", "message": "Optimization terminated successfully.", "x": "[4.92456832 3.18963931 3.42041094 4.25356359 3.29526617 1.89659225]", "nit": "20"}, "14": {"maxiter": 500, "gtol": 1e-10, "xrtol": 1e-10, "eps": 1e-05, "duration": 0.055763959884643555, "fun": "0.4922533374521927", "jac": "[ 3.14859250e-08  3.87134769e-08  7.94919686e-09 -1.40332190e-08\n  6.63913369e-09  8.23785484e-09]", "hess_inv": "[[ 4.12959616  0.1776597   0.10308868  0.02323552  0.05384013 -0.27283356]\n [ 0.1776597   4.03639665 -0.41135351  0.18767639  0.65006497 -0.31504374]\n [ 0.10308868 -0.41135351  5.49561948 -0.2251251   0.36007453 -2.78071407]\n [ 0.02323552  0.18767639 -0.2251251   4.13243429 -0.14521436  0.22400408]\n [ 0.05384013  0.65006497  0.36007453 -0.14521436  4.67972952  1.42221951]\n [-0.27283356 -0.31504374 -2.78071407  0.22400408  1.42221951  5.85858284]]", "nfev": "327", "njev": "45", "status": "2", "success": "False", "message": "Desired error not necessarily achieved due to precision loss.", "x": "[4.92454481 3.18964135 3.42042734 4.25357241 3.29526744 1.89659687]", "nit": "22"}, "15": {"maxiter": 500, "gtol": 1e-10, "xrtol": 1e-10, "eps": 1e-10, "duration": 0.055323123931884766, "fun": "0.4922533374392276", "jac": "[-1.11022293e-06 -1.11022293e-06 -2.22044587e-06  1.11022293e-06\n  0.00000000e+00 -1.11022293e-06]", "hess_inv": "[[ 0.66325245 -0.08550362 -0.4182454   0.95334903 -0.3661636  -0.20516211]\n [-0.08550362  2.73262157 -0.43368653 -1.75570361 -0.68133324 -1.23089515]\n [-0.4182454  -0.43368653  2.89797972  1.27881201  3.40824658 -0.2416815 ]\n [ 0.95334903 -1.75570361  1.27881201  4.10665697  2.50904363  0.09844082]\n [-0.3661636  -0.68133324  3.40824658  2.50904363  6.94673033  0.29351009]\n [-0.20516211 -1.23089515 -0.2416815   0.09844082  0.29351009  1.07813779]]", "nfev": "322", "njev": "46", "status": "0", "success": "True", "message": "Optimization terminated successfully.", "x": "[4.92454428 3.18964367 3.42042598 4.25357931 3.29527743 1.89660433]", "nit": "27"}, "16": {"maxiter": 1000, "gtol": 1e-05, "xrtol": 1e-05, "eps": 1e-05, "duration": 0.030085086822509766, "fun": "0.49225333756700995", "jac": "[ 3.44757556e-06 -2.95387048e-06 -4.29236646e-06 -2.23003838e-06\n  1.98592254e-06 -3.79368759e-06]", "hess_inv": "[[ 3.72713351  0.39528418  0.35813563  0.29310141  0.00726079 -0.0905331 ]\n [ 0.39528418  4.07318538 -0.53070319  0.05779277  0.68326521 -0.42487209]\n [ 0.35813563 -0.53070319  5.32939764 -0.39572848  0.38626033 -2.9059904 ]\n [ 0.29310141  0.05779277 -0.39572848  3.95281001 -0.1141002   0.09873584]\n [ 0.00726079  0.68326521  0.38626033 -0.1141002   4.67207368  1.43747033]\n [-0.0905331  -0.42487209 -2.9059904   0.09873584  1.43747033  5.76651442]]", "nfev": "175", "njev": "25", "status": "0", "success": "True", "message": "Optimization terminated successfully.", "x": "[4.92455893 3.18963313 3.42041678 4.25356254 3.29526808 1.89658863]", "nit": "20"}, "17": {"maxiter": 1000, "gtol": 1e-05, "xrtol": 1e-05, "eps": 1e-10, "duration": 0.030046939849853516, "fun": "0.49225333759036005", "jac": "[ 5.55111466e-06 -2.22044587e-06 -4.44089173e-06 -1.11022293e-06\n  1.11022293e-06 -5.55111466e-06]", "hess_inv": "[[ 3.68515303  0.42029899  0.31579365  0.29891745 -0.17701056 -0.19811089]\n [ 0.42029899  4.05674782 -0.6555518   0.0620527   0.41465289 -0.53595295]\n [ 0.31579365 -0.6555518   5.29305253 -0.33736188  0.32643457 -2.87457661]\n [ 0.29891745  0.0620527  -0.33736188  3.9280547  -0.04796939  0.09802945]\n [-0.17701056  0.41465289  0.32643457 -0.04796939  4.47498722  1.38510761]\n [-0.19811089 -0.53595295 -2.87457661  0.09802945  1.38510761  5.69451755]]", "nfev": "175", "njev": "25", "status": "0", "success": "True", "message": "Optimization terminated successfully.", "x": "[4.92456832 3.18963931 3.42041094 4.25356359 3.29526617 1.89659225]", "nit": "20"}, "18": {"maxiter": 1000, "gtol": 1e-05, "xrtol": 1e-10, "eps": 1e-05, "duration": 0.030308961868286133, "fun": "0.49225333756700995", "jac": "[ 3.44757556e-06 -2.95387048e-06 -4.29236646e-06 -2.23003838e-06\n  1.98592254e-06 -3.79368759e-06]", "hess_inv": "[[ 3.72713351  0.39528418  0.35813563  0.29310141  0.00726079 -0.0905331 ]\n [ 0.39528418  4.07318538 -0.53070319  0.05779277  0.68326521 -0.42487209]\n [ 0.35813563 -0.53070319  5.32939764 -0.39572848  0.38626033 -2.9059904 ]\n [ 0.29310141  0.05779277 -0.39572848  3.95281001 -0.1141002   0.09873584]\n [ 0.00726079  0.68326521  0.38626033 -0.1141002   4.67207368  1.43747033]\n [-0.0905331  -0.42487209 -2.9059904   0.09873584  1.43747033  5.76651442]]", "nfev": "175", "njev": "25", "status": "0", "success": "True", "message": "Optimization terminated successfully.", "x": "[4.92455893 3.18963313 3.42041678 4.25356254 3.29526808 1.89658863]", "nit": "20"}, "19": {"maxiter": 1000, "gtol": 1e-05, "xrtol": 1e-10, "eps": 1e-10, "duration": 0.03025197982788086, "fun": "0.49225333759036005", "jac": "[ 5.55111466e-06 -2.22044587e-06 -4.44089173e-06 -1.11022293e-06\n  1.11022293e-06 -5.55111466e-06]", "hess_inv": "[[ 3.68515303  0.42029899  0.31579365  0.29891745 -0.17701056 -0.19811089]\n [ 0.42029899  4.05674782 -0.6555518   0.0620527   0.41465289 -0.53595295]\n [ 0.31579365 -0.6555518   5.29305253 -0.33736188  0.32643457 -2.87457661]\n [ 0.29891745  0.0620527  -0.33736188  3.9280547  -0.04796939  0.09802945]\n [-0.17701056  0.41465289  0.32643457 -0.04796939  4.47498722  1.38510761]\n [-0.19811089 -0.53595295 -2.87457661  0.09802945  1.38510761  5.69451755]]", "nfev": "175", "njev": "25", "status": "0", "success": "True", "message": "Optimization terminated successfully.", "x": "[4.92456832 3.18963931 3.42041094 4.25356359 3.29526617 1.89659225]", "nit": "20"}, "20": {"maxiter": 1000, "gtol": 1e-10, "xrtol": 1e-05, "eps": 1e-05, "duration": 0.030154943466186523, "fun": "0.49225333756700995", "jac": "[ 3.44757556e-06 -2.95387048e-06 -4.29236646e-06 -2.23003838e-06\n  1.98592254e-06 -3.79368759e-06]", "hess_inv": "[[ 3.72713351  0.39528418  0.35813563  0.29310141  0.00726079 -0.0905331 ]\n [ 0.39528418  4.07318538 -0.53070319  0.05779277  0.68326521 -0.42487209]\n [ 0.35813563 -0.53070319  5.32939764 -0.39572848  0.38626033 -2.9059904 ]\n [ 0.29310141  0.05779277 -0.39572848  3.95281001 -0.1141002   0.09873584]\n [ 0.00726079  0.68326521  0.38626033 -0.1141002   4.67207368  1.43747033]\n [-0.0905331  -0.42487209 -2.9059904   0.09873584  1.43747033  5.76651442]]", "nfev": "175", "njev": "25", "status": "0", "success": "True", "message": "Optimization terminated successfully.", "x": "[4.92455893 3.18963313 3.42041678 4.25356254 3.29526808 1.89658863]", "nit": "20"}, "21": {"maxiter": 1000, "gtol": 1e-10, "xrtol": 1e-05, "eps": 1e-10, "duration": 0.03026580810546875, "fun": "0.49225333759036005", "jac": "[ 5.55111466e-06 -2.22044587e-06 -4.44089173e-06 -1.11022293e-06\n  1.11022293e-06 -5.55111466e-06]", "hess_inv": "[[ 3.68515303  0.42029899  0.31579365  0.29891745 -0.17701056 -0.19811089]\n [ 0.42029899  4.05674782 -0.6555518   0.0620527   0.41465289 -0.53595295]\n [ 0.31579365 -0.6555518   5.29305253 -0.33736188  0.32643457 -2.87457661]\n [ 0.29891745  0.0620527  -0.33736188  3.9280547  -0.04796939  0.09802945]\n [-0.17701056  0.41465289  0.32643457 -0.04796939  4.47498722  1.38510761]\n [-0.19811089 -0.53595295 -2.87457661  0.09802945  1.38510761  5.69451755]]", "nfev": "175", "njev": "25", "status": "0", "success": "True", "message": "Optimization terminated successfully.", "x": "[4.92456832 3.18963931 3.42041094 4.25356359 3.29526617 1.89659225]", "nit": "20"}, "22": {"maxiter": 1000, "gtol": 1e-10, "xrtol": 1e-10, "eps": 1e-05, "duration": 0.056086063385009766, "fun": "0.4922533374521927", "jac": "[ 3.14859250e-08  3.87134769e-08  7.94919686e-09 -1.40332190e-08\n  6.63913369e-09  8.23785484e-09]", "hess_inv": "[[ 4.12959616  0.1776597   0.10308868  0.02323552  0.05384013 -0.27283356]\n [ 0.1776597   4.03639665 -0.41135351  0.18767639  0.65006497 -0.31504374]\n [ 0.10308868 -0.41135351  5.49561948 -0.2251251   0.36007453 -2.78071407]\n [ 0.02323552  0.18767639 -0.2251251   4.13243429 -0.14521436  0.22400408]\n [ 0.05384013  0.65006497  0.36007453 -0.14521436  4.67972952  1.42221951]\n [-0.27283356 -0.31504374 -2.78071407  0.22400408  1.42221951  5.85858284]]", "nfev": "327", "njev": "45", "status": "2", "success": "False", "message": "Desired error not necessarily achieved due to precision loss.", "x": "[4.92454481 3.18964135 3.42042734 4.25357241 3.29526744 1.89659687]", "nit": "22"}, "23": {"maxiter": 1000, "gtol": 1e-10, "xrtol": 1e-10, "eps": 1e-10, "duration": 0.05550408363342285, "fun": "0.4922533374392276", "jac": "[-1.11022293e-06 -1.11022293e-06 -2.22044587e-06  1.11022293e-06\n  0.00000000e+00 -1.11022293e-06]", "hess_inv": "[[ 0.66325245 -0.08550362 -0.4182454   0.95334903 -0.3661636  -0.20516211]\n [-0.08550362  2.73262157 -0.43368653 -1.75570361 -0.68133324 -1.23089515]\n [-0.4182454  -0.43368653  2.89797972  1.27881201  3.40824658 -0.2416815 ]\n [ 0.95334903 -1.75570361  1.27881201  4.10665697  2.50904363  0.09844082]\n [-0.3661636  -0.68133324  3.40824658  2.50904363  6.94673033  0.29351009]\n [-0.20516211 -1.23089515 -0.2416815   0.09844082  0.29351009  1.07813779]]", "nfev": "322", "njev": "46", "status": "0", "success": "True", "message": "Optimization terminated successfully.", "x": "[4.92454428 3.18964367 3.42042598 4.25357931 3.29527743 1.89660433]", "nit": "27"}}, "cobyla": {"0": {"maxiter": 100, "tol": 1e-05, "catol": 1e-05, "duration": 0.01660609245300293, "x": "[4.92452756 3.18972179 3.42039765 4.25355715 3.29534822 1.896728  ]", "status": "2", "success": "False", "message": "Maximum number of function evaluations has been exceeded.", "nfev": "100", "fun": "0.4922533397728476", "maxcv": "0.0"}, "1": {"maxiter": 100, "tol": 1e-05, "catol": 1e-10, "duration": 0.016520977020263672, "x": "[4.92452756 3.18972179 3.42039765 4.25355715 3.29534822 1.896728  ]", "status": "2", "success": "False", "message": "Maximum number of function evaluations has been exceeded.", "nfev": "100", "fun": "0.4922533397728476", "maxcv": "0.0"}, "2": {"maxiter": 100, "tol": 1e-10, "catol": 1e-05, "duration": 0.01652669906616211, "x": "[4.92452756 3.18972179 3.42039765 4.25355715 3.29534822 1.896728  ]", "status": "2", "success": "False", "message": "Maximum number of function evaluations has been exceeded.", "nfev": "100", "fun": "0.4922533397728476", "maxcv": "0.0"}, "3": {"maxiter": 100, "tol": 1e-10, "catol": 1e-10, "duration": 0.01655292510986328, "x": "[4.92452756 3.18972179 3.42039765 4.25355715 3.29534822 1.896728  ]", "status": "2", "success": "False", "message": "Maximum number of function evaluations has been exceeded.", "nfev": "100", "fun": "0.4922533397728476", "maxcv": "0.0"}, "4": {"maxiter": 500, "tol": 1e-05, "catol": 1e-05, "duration": 0.022047996520996094, "x": "[4.9245572  3.18964325 3.42044026 4.25358114 3.29527299 1.89660034]", "status": "1", "success": "True", "message": "Optimization terminated successfully.", "nfev": "133", "fun": "0.49225333745054634", "maxcv": "0.0"}, "5": {"maxiter": 500, "tol": 1e-05, "catol": 1e-10, "duration": 0.021949291229248047, "x": "[4.9245572  3.18964325 3.42044026 4.25358114 3.29527299 1.89660034]", "status": "1", "success": "True", "message": "Optimization terminated successfully.", "nfev": "133", "fun": "0.49225333745054634", "maxcv": "0.0"}, "6": {"maxiter": 500, "tol": 1e-10, "catol": 1e-05, "duration": 0.039372920989990234, "x": "[4.9245499  3.1896465  3.42043104 4.25357752 3.29527702 1.89660267]", "status": "1", "success": "True", "message": "Optimization terminated successfully.", "nfev": "229", "fun": "0.49225333743137956", "maxcv": "0.0"}, "7": {"maxiter": 500, "tol": 1e-10, "catol": 1e-10, "duration": 0.03883719444274902, "x": "[4.9245499  3.1896465  3.42043104 4.25357752 3.29527702 1.89660267]", "status": "1", "success": "True", "message": "Optimization terminated successfully.", "nfev": "229", "fun": "0.49225333743137956", "maxcv": "0.0"}, "8": {"maxiter": 1000, "tol": 1e-05, "catol": 1e-05, "duration": 0.022200822830200195, "x": "[4.9245572  3.18964325 3.42044026 4.25358114 3.29527299 1.89660034]", "status": "1", "success": "True", "message": "Optimization terminated successfully.", "nfev": "133", "fun": "0.49225333745054634", "maxcv": "0.0"}, "9": {"maxiter": 1000, "tol": 1e-05, "catol": 1e-10, "duration": 0.02226424217224121, "x": "[4.9245572  3.18964325 3.42044026 4.25358114 3.29527299 1.89660034]", "status": "1", "success": "True", "message": "Optimization terminated successfully.", "nfev": "133", "fun": "0.49225333745054634", "maxcv": "0.0"}, "10": {"maxiter": 1000, "tol": 1e-10, "catol": 1e-05, "duration": 0.037954092025756836, "x": "[4.9245499  3.1896465  3.42043104 4.25357752 3.29527702 1.89660267]", "status": "1", "success": "True", "message": "Optimization terminated successfully.", "nfev": "229", "fun": "0.49225333743137956", "maxcv": "0.0"}, "11": {"maxiter": 1000, "tol": 1e-10, "catol": 1e-10, "duration": 0.03768014907836914, "x": "[4.9245499  3.1896465  3.42043104 4.25357752 3.29527702 1.89660267]", "status": "1", "success": "True", "message": "Optimization terminated successfully.", "nfev": "229", "fun": "0.49225333743137956", "maxcv": "0.0"}}, "powell": {"type": "gradient-free", "0": {"maxiter": 100, "ftol": 1e-05, "xtol": 1e-05, "duration": 0.06889510154724121, "fun": "0.4