{"date": "2024/07/19/, 00:54:48", "conf_id": 130, "data_type": "orthogonal\n", "num_data_points": 3, "s_rank": 0, "unitary": "[[-0.45070455-0.02711853j,0.78437395-0.06613086j,0.06358678+0.19963393j,-0.07343613+0.35668523j],[-0.01890143-0.03813363j,0.32408202+0.25557629j,0.05872864-0.68979805j,0.55466693-0.20227297j],[-0.11215405+0.64023111j,-0.13344055+0.29565494j,-0.49012687-0.19046288j,-0.04241254+0.44046348j],[0.55771659+0.24656916j,0.31851997-0.05798805j,0.28761525-0.34294258j,-0.56718418+0.03616933j]]", "databatch_0": {"databatch": "[[[-0.08980591+0.06764036j,0.08198692+0.0714189j,-0.04828828+0.05220948j,-0.05275276-0.10737219j],[-0.17309259+0.08059941j,-0.34709147-0.21338959j,-0.25988818+0.06576748j,-0.22577826+0.05018756j],[0.24818333+0.01117485j,-0.15482939+0.09367624j,-0.11383323+0.18943574j,0.00509731-0.0563977j],[0.21076957-0.1893666j,0.12878179+0.47483938j,0.29767226+0.20593313j,0.16433719+0.03819332j]],[[0.48477415+0.35767355j,0.10147199-0.11493196j,-0.11588286-0.14373829j,0.30464428-0.04418189j],[-0.09688221+0.04926313j,-0.2899626-0.07030411j,-0.19723272-0.08770219j,0.08452587+0.04835676j],[-0.11548528-0.00431148j,0.23115444-0.08670538j,-0.12522368-0.20828542j,0.09213403-0.28992928j],[-0.04782302-0.07327173j,-0.15646953-0.07200195j,0.01336569-0.16046019j,0.13670879+0.14122084j]],[[0.01945668-0.26218476j,0.21683361+0.07949399j,0.16851268-0.00573538j,0.00549396-0.10748701j],[-0.1680133+0.08257847j,-0.04497557-0.01724766j,0.23964767-0.08720287j,0.00221878+0.37681196j],[0.04802095+0.21873823j,0.07644756+0.0264622j,0.014401-0.2277737j,0.30593016+0.0698748j],[-0.53333291-0.03453273j,-0.08262795+0.29626059j,0.00808624+0.05152009j,-0.04918428+0.02240611j]]]", "initial param values": "[2.03900733,2.68468296,6.06374023,1.91531931,1.57813008,5.21842974]", "nelder_mead": {"type": "gradient-free", "0": {"maxiter": 100, "fatol": 1e-05, "xatol": 1e-05, "duration": 0.025736093521118164, "fun": "0.4015761645909357", "nit": "100", "nfev": "153", "status": "2", "success": "False", "message": "Maximum number of iterations has been exceeded.", "x": "[1.27193783 1.27928883 6.28690178 1.61321034 4.00912554 4.99312067]", "final_simplex": "(array([[1.27193783, 1.27928883, 6.28690178, 1.61321034, 4.00912554,\n        4.99312067],\n       [1.2869941 , 1.30860338, 6.33849783, 1.56517108, 3.99772051,\n        5.07738017],\n       [1.34360957, 1.27359719, 6.27502837, 1.55404612, 4.04338372,\n        5.06210673],\n       [1.36714528, 1.32450671, 6.25825435, 1.56509611, 3.9354773 ,\n        5.06242959],\n       [1.31127719, 1.32288296, 6.27119633, 1.597355  , 4.0385332 ,\n        5.01194495],\n       [1.38151089, 1.25804983, 6.24041188, 1.63143105, 3.95351577,\n        5.09282559],\n       [1.29569222, 1.34074071, 6.21015156, 1.64920074, 4.01802598,\n        5.14099883]]), array([0.40157616, 0.40176166, 0.40254448, 0.40298142, 0.40315306,\n       0.40318312, 0.4044212 ]))"}, "1": {"maxiter": 100, "fatol": 1e-05, "xatol": 1e-10, "duration": 0.025604724884033203, "fun": "0.4015761645909357", "nit": "100", "nfev": "153", "status": "2", "success": "False", "message": "Maximum number of iterations has been exceeded.", "x": "[1.27193783 1.27928883 6.28690178 1.61321034 4.00912554 4.99312067]", "final_simplex": "(array([[1.27193783, 1.27928883, 6.28690178, 1.61321034, 4.00912554,\n        4.99312067],\n       [1.2869941 , 1.30860338, 6.33849783, 1.56517108, 3.99772051,\n        5.07738017],\n       [1.34360957, 1.27359719, 6.27502837, 1.55404612, 4.04338372,\n        5.06210673],\n       [1.36714528, 1.32450671, 6.25825435, 1.56509611, 3.9354773 ,\n        5.06242959],\n       [1.31127719, 1.32288296, 6.27119633, 1.597355  , 4.0385332 ,\n        5.01194495],\n       [1.38151089, 1.25804983, 6.24041188, 1.63143105, 3.95351577,\n        5.09282559],\n       [1.29569222, 1.34074071, 6.21015156, 1.64920074, 4.01802598,\n        5.14099883]]), array([0.40157616, 0.40176166, 0.40254448, 0.40298142, 0.40315306,\n       0.40318312, 0.4044212 ]))"}, "2": {"maxiter": 100, "fatol": 1e-10, "xatol": 1e-05, "duration": 0.025571823120117188, "fun": "0.4015761645909357", "nit": "100", "nfev": "153", "status": "2", "success": "False", "message": "Maximum number of iterations has been exceeded.", "x": "[1.27193783 1.27928883 6.28690178 1.61321034 4.00912554 4.99312067]", "final_simplex": "(array([[1.27193783, 1.27928883, 6.28690178, 1.61321034, 4.00912554,\n        4.99312067],\n       [1.2869941 , 1.30860338, 6.33849783, 1.56517108, 3.99772051,\n        5.07738017],\n       [1.34360957, 1.27359719, 6.27502837, 1.55404612, 4.04338372,\n        5.06210673],\n       [1.36714528, 1.32450671, 6.25825435, 1.56509611, 3.9354773 ,\n        5.06242959],\n       [1.31127719, 1.32288296, 6.27119633, 1.597355  , 4.0385332 ,\n        5.01194495],\n       [1.38151089, 1.25804983, 6.24041188, 1.63143105, 3.95351577,\n        5.09282559],\n       [1.29569222, 1.34074071, 6.21015156, 1.64920074, 4.01802598,\n        5.14099883]]), array([0.40157616, 0.40176166, 0.40254448, 0.40298142, 0.40315306,\n       0.40318312, 0.4044212 ]))"}, "3": {"maxiter": 100, "fatol": 1e-10, "xatol": 1e-10, "duration": 0.025543212890625, "fun": "0.4015761645909357", "nit": "100", "nfev": "153", "status": "2", "success": "False", "message": "Maximum number of iterations has been exceeded.", "x": "[1.27193783 1.27928883 6.28690178 1.61321034 4.00912554 4.99312067]", "final_simplex": "(array([[1.27193783, 1.27928883, 6.28690178, 1.61321034, 4.00912554,\n        4.99312067],\n       [1.2869941 , 1.30860338, 6.33849783, 1.56517108, 3.99772051,\n        5.07738017],\n       [1.34360957, 1.27359719, 6.27502837, 1.55404612, 4.04338372,\n        5.06210673],\n       [1.36714528, 1.32450671, 6.25825435, 1.56509611, 3.9354773 ,\n        5.06242959],\n       [1.31127719, 1.32288296, 6.27119633, 1.597355  , 4.0385332 ,\n        5.01194495],\n       [1.38151089, 1.25804983, 6.24041188, 1.63143105, 3.95351577,\n        5.09282559],\n       [1.29569222, 1.34074071, 6.21015156, 1.64920074, 4.01802598,\n        5.14099883]]), array([0.40157616, 0.40176166, 0.40254448, 0.40298142, 0.40315306,\n       0.40318312, 0.4044212 ]))"}, "4": {"maxiter": 500, "fatol": 1e-05, "xatol": 1e-05, "duration": 0.07145118713378906, "fun": "0.3994545653659878", "nit": "268", "nfev": "429", "status": "0", "success": "True", "message": "Optimization terminated successfully.", "x": "[1.25928205 1.1831927  6.33181311 1.60011649 3.95927318 5.08050087]", "final_simplex": "(array([[1.25928205, 1.1831927 , 6.33181311, 1.60011649, 3.95927318,\n        5.08050087],\n       [1.25928204, 1.18319372, 6.33181173, 1.60011362, 3.95927625,\n        5.08049381],\n       [1.25927984, 1.18319622, 6.33181109, 1.60011601, 3.9592807 ,\n        5.08049221],\n       [1.25928517, 1.18319196, 6.3318117 , 1.60011972, 3.95927588,\n        5.08049378],\n       [1.25928538, 1.18319147, 6.3318126 , 1.60011992, 3.95927748,\n        5.08049937],\n       [1.25928462, 1.18319795, 6.33181513, 1.60011248, 3.95927593,\n        5.08050235],\n       [1.25928089, 1.1832019 , 6.33180525, 1.60011472, 3.95927381,\n        5.08049547]]), array([0.39945457, 0.39945457, 0.39945457, 0.39945457, 0.39945457,\n       0.39945457, 0.39945457]))"}, "5": {"maxiter": 500, "fatol": 1e-05, "xatol": 1e-10, "duration": 0.11638283729553223, "fun": "0.3994545653607119", "nit": "399", "nfev": "702", "status": "0", "success": "True", "message": "Optimization terminated successfully.", "x": "[1.25928093 1.18319398 6.33181634 1.60011785 3.95927625 5.08049695]", "final_simplex": "(array([[1.25928093, 1.18319398, 6.33181634, 1.60011785, 3.95927625,\n        5.08049695],\n       [1.25928093, 1.18319398, 6.33181634, 1.60011785, 3.95927625,\n        5.08049695],\n       [1.25928093, 1.18319398, 6.33181634, 1.60011785, 3.95927625,\n        5.08049695],\n       [1.25928093, 1.18319398, 6.33181634, 1.60011785, 3.95927625,\n        5.08049695],\n       [1.25928093, 1.18319398, 6.33181634, 1.60011785, 3.95927625,\n        5.08049695],\n       [1.25928093, 1.18319398, 6.33181634, 1.60011785, 3.95927625,\n        5.08049695],\n       [1.25928093, 1.18319398, 6.33181634, 1.60011785, 3.95927625,\n        5.08049695]]), array([0.39945457, 0.39945457, 0.39945457, 0.39945457, 0.39945457,\n       0.39945457, 0.39945457]))"}, "6": {"maxiter": 500, "fatol": 1e-10, "xatol": 1e-05, "duration": 0.0714406967163086, "fun": "0.3994545653659878", "nit": "268", "nfev": "429", "status": "0", "success": "True", "message": "Optimization terminated successfully.", "x": "[1.25928205 1.1831927  6.33181311 1.60011649 3.95927318 5.08050087]", "final_simplex": "(array([[1.25928205, 1.1831927 , 6.33181311, 1.60011649, 3.95927318,\n        5.08050087],\n       [1.25928204, 1.18319372, 6.33181173, 1.60011362, 3.95927625,\n        5.08049381],\n       [1.25927984, 1.18319622, 6.33181109, 1.60011601, 3.9592807 ,\n        5.08049221],\n       [1.25928517, 1.18319196, 6.3318117 , 1.60011972, 3.95927588,\n        5.08049378],\n       [1.25928538, 1.18319147, 6.3318126 , 1.60011992, 3.95927748,\n        5.08049937],\n       [1.25928462, 1.18319795, 6.33181513, 1.60011248, 3.95927593,\n        5.08050235],\n       [1.25928089, 1.1832019 , 6.33180525, 1.60011472, 3.95927381,\n        5.08049547]]), array([0.39945457, 0.39945457, 0.39945457, 0.39945457, 0.39945457,\n       0.39945457, 0.39945457]))"}, "7": {"maxiter": 500, "fatol": 1e-10, "xatol": 1e-10, "duration": 0.11795902252197266, "fun": "0.3994545653607119", "nit": "399", "nfev": "702", "status": "0", "success": "True", "message": "Optimization terminated successfully.", "x": "[1.25928093 1.18319398 6.33181634 1.60011785 3.95927625 5.08049695]", "final_simplex": "(array([[1.25928093, 1.18319398, 6.33181634, 1.60011785, 3.95927625,\n        5.08049695],\n       [1.25928093, 1.18319398, 6.33181634, 1.60011785, 3.95927625,\n        5.08049695],\n       [1.25928093, 1.18319398, 6.33181634, 1.60011785, 3.95927625,\n        5.08049695],\n       [1.25928093, 1.18319398, 6.33181634, 1.60011785, 3.95927625,\n        5.08049695],\n       [1.25928093, 1.18319398, 6.33181634, 1.60011785, 3.95927625,\n        5.08049695],\n       [1.25928093, 1.18319398, 6.33181634, 1.60011785, 3.95927625,\n        5.08049695],\n       [1.25928093, 1.18319398, 6.33181634, 1.60011785, 3.95927625,\n        5.08049695]]), array([0.39945457, 0.39945457, 0.39945457, 0.39945457, 0.39945457,\n       0.39945457, 0.39945457]))"}, "8": {"maxiter": 1000, "fatol": 1e-05, "xatol": 1e-05, "duration": 0.07457399368286133, "fun": "0.3994545653659878", "nit": "268", "nfev": "429", "status": "0", "success": "True", "message": "Optimization terminated successfully.", "x": "[1.25928205 1.1831927  6.33181311 1.60011649 3.95927318 5.08050087]", "final_simplex": "(array([[1.25928205, 1.1831927 , 6.33181311, 1.60011649, 3.95927318,\n        5.08050087],\n       [1.25928204, 1.18319372, 6.33181173, 1.60011362, 3.95927625,\n        5.08049381],\n       [1.25927984, 1.18319622, 6.33181109, 1.60011601, 3.9592807 ,\n        5.08049221],\n       [1.25928517, 1.18319196, 6.3318117 , 1.60011972, 3.95927588,\n        5.08049378],\n       [1.25928538, 1.18319147, 6.3318126 , 1.60011992, 3.95927748,\n        5.08049937],\n       [1.25928462, 1.18319795, 6.33181513, 1.60011248, 3.95927593,\n        5.08050235],\n       [1.25928089, 1.1832019 , 6.33180525, 1.60011472, 3.95927381,\n        5.08049547]]), array([0.39945457, 0.39945457, 0.39945457, 0.39945457, 0.39945457,\n       0.39945457, 0.39945457]))"}, "9": {"maxiter": 1000, "fatol": 1e-05, "xatol": 1e-10, "duration": 0.12119388580322266, "fun": "0.3994545653607119", "nit": "399", "nfev": "702", "status": "0", "success": "True", "message": "Optimization terminated successfully.", "x": "[1.25928093 1.18319398 6.33181634 1.60011785 3.95927625 5.08049695]", "final_simplex": "(array([[1.25928093, 1.18319398, 6.33181634, 1.60011785, 3.95927625,\n        5.08049695],\n       [1.25928093, 1.18319398, 6.33181634, 1.60011785, 3.95927625,\n        5.08049695],\n       [1.25928093, 1.18319398, 6.33181634, 1.60011785, 3.95927625,\n        5.08049695],\n       [1.25928093, 1.18319398, 6.33181634, 1.60011785, 3.95927625,\n        5.08049695],\n       [1.25928093, 1.18319398, 6.33181634, 1.60011785, 3.95927625,\n        5.08049695],\n       [1.25928093, 1.18319398, 6.33181634, 1.60011785, 3.95927625,\n        5.08049695],\n       [1.25928093, 1.18319398, 6.33181634, 1.60011785, 3.95927625,\n        5.08049695]]), array([0.39945457, 0.39945457, 0.39945457, 0.39945457, 0.39945457,\n       0.39945457, 0.39945457]))"}, "10": {"maxiter": 1000, "fatol": 1e-10, "xatol": 1e-05, "duration": 0.07436728477478027, "fun": "0.3994545653659878", "nit": "268", "nfev": "429", "status": "0", "success": "True", "message": "Optimization terminated successfully.", "x": "[1.25928205 1.1831927  6.33181311 1.60011649 3.95927318 5.08050087]", "final_simplex": "(array([[1.25928205, 1.1831927 , 6.33181311, 1.60011649, 3.95927318,\n        5.08050087],\n       [1.25928204, 1.18319372, 6.33181173, 1.60011362, 3.95927625,\n        5.08049381],\n       [1.25927984, 1.18319622, 6.33181109, 1.60011601, 3.9592807 ,\n        5.08049221],\n       [1.25928517, 1.18319196, 6.3318117 , 1.60011972, 3.95927588,\n        5.08049378],\n       [1.25928538, 1.18319147, 6.3318126 , 1.60011992, 3.95927748,\n        5.08049937],\n       [1.25928462, 1.18319795, 6.33181513, 1.60011248, 3.95927593,\n        5.08050235],\n       [1.25928089, 1.1832019 , 6.33180525, 1.60011472, 3.95927381,\n        5.08049547]]), array([0.39945457, 0.39945457, 0.39945457, 0.39945457, 0.39945457,\n       0.39945457, 0.39945457]))"}, "11": {"maxiter": 1000, "fatol": 1e-10, "xatol": 1e-10, "duration": 0.12154221534729004, "fun": "0.3994545653607119", "nit": "399", "nfev": "702", "status": "0", "success": "True", "message": "Optimization terminated successfully.", "x": "[1.25928093 1.18319398 6.33181634 1.60011785 3.95927625 5.08049695]", "final_simplex": "(array([[1.25928093, 1.18319398, 6.33181634, 1.60011785, 3.95927625,\n        5.08049695],\n       [1.25928093, 1.18319398, 6.33181634, 1.60011785, 3.95927625,\n        5.08049695],\n       [1.25928093, 1.18319398, 6.33181634, 1.60011785, 3.95927625,\n        5.08049695],\n       [1.25928093, 1.18319398, 6.33181634, 1.60011785, 3.95927625,\n        5.08049695],\n       [1.25928093, 1.18319398, 6.33181634, 1.60011785, 3.95927625,\n        5.08049695],\n       [1.25928093, 1.18319398, 6.33181634, 1.60011785, 3.95927625,\n        5.08049695],\n       [1.25928093, 1.18319398, 6.33181634, 1.60011785, 3.95927625,\n        5.08049695]]), array([0.39945457, 0.39945457, 0.39945457, 0.39945457, 0.39945457,\n       0.39945457, 0.39945457]))"}}, "bfgs": {"type": "gradient", "0": {"maxiter": 100, "gtol": 1e-05, "xrtol": 1e-05, "eps": 1e-05, "duration": 0.029935121536254883, "fun": "0.3994545654459295", "jac": "[-1.51767487e-08 -9.17843579e-07  3.03095327e-06 -5.86419802e-08\n -3.91453536e-06 -1.10834675e-06]", "hess_inv": "[[ 3.56651379e+00  3.51056178e-01 -2.93568398e-03 -3.14268318e-01\n  -3.66624443e-01  3.80538358e-02]\n [ 3.51056178e-01  5.21761348e+00 -1.74644545e+00 -7.02888703e-01\n  -7.53414329e-01 -1.43671359e-01]\n [-2.93568398e-03 -1.74644545e+00  4.30770026e+00  1.41484929e-01\n   6.35177359e-01  2.51518311e-01]\n [-3.14268318e-01 -7.02888703e-01  1.41484929e-01  3.38485369e+00\n   7.81825881e-03  1.71476659e-01]\n [-3.66624443e-01 -7.53414329e-01  6.35177359e-01  7.81825881e-03\n   3.29758964e+00 -6.13489025e-01]\n [ 3.80538358e-02 -1.43671359e-01  2.51518311e-01  1.71476659e-01\n  -6.13489025e-01  4.19953190e+00]]", "nfev": "168", "njev": "24", "status": "0", "success": "True", "message": "Optimization terminated successfully.", "x": "[1.25927873 1.18318161 6.33183011 1.60011475 3.95925794 5.0804902 ]", "nit": "19"}, "1": {"maxiter": 100, "gtol": 1e-05, "xrtol": 1e-05, "eps": 1e-10, "duration": 0.029675006866455078, "fun": "0.39945456546109026", "jac": "[ 0.00000000e+00  0.00000000e+00  4.44089173e-06  2.22044587e-06\n -2.22044587e-06  1.11022293e-06]", "hess_inv": "[[ 3.3329562  -0.02401733 -0.09464031 -0.35727025 -0.34012549 -0.04335922]\n [-0.02401733  5.24816096 -1.89442445 -0.86201455 -0.59459214 -0.47732622]\n [-0.09464031 -1.89442445  4.18057965  0.1507189   0.49779142  0.26727368]\n [-0.35727025 -0.86201455  0.1507189   3.39689084 -0.011913    0.19541961]\n [-0.34012549 -0.59459214  0.49779142 -0.011913    3.36067551 -0.61667205]\n [-0.04335922 -0.47732622  0.26727368  0.19541961 -0.61667205  4.24998355]]", "nfev": "168", "njev": "24", "status": "0", "success": "True", "message": "Optimization terminated successfully.", "x": "[1.25928472 1.18317418 6.33184184 1.6001223  3.9592618  5.08049933]", "nit": "19"}, "2": {"maxiter": 100, "gtol": 1e-05, "xrtol": 1e-10, "eps": 1e-05, "duration": 0.02956700325012207, "fun": "0.3994545654459295", "jac": "[-1.51767487e-08 -9.17843579e-07  3.03095327e-06 -5.86419802e-08\n -3.91453536e-06 -1.10834675e-06]", "hess_inv": "[[ 3.56651379e+00  3.51056178e-01 -2.93568398e-03 -3.14268318e-01\n  -3.66624443e-01  3.80538358e-02]\n [ 3.51056178e-01  5.21761348e+00 -1.74644545e+00 -7.02888703e-01\n  -7.53414329e-01 -1.43671359e-01]\n [-2.93568398e-03 -1.74644545e+00  4.30770026e+00  1.41484929e-01\n   6.35177359e-01  2.51518311e-01]\n [-3.14268318e-01 -7.02888703e-01  1.41484929e-01  3.38485369e+00\n   7.81825881e-03  1.71476659e-01]\n [-3.66624443e-01 -7.53414329e-01  6.35177359e-01  7.81825881e-03\n   3.29758964e+00 -6.13489025e-01]\n [ 3.80538358e-02 -1.43671359e-01  2.51518311e-01  1.71476659e-01\n  -6.13489025e-01  4.19953190e+00]]", "nfev": "168", "njev": "24", "status": "0", "success": "True", "message": "Optimization terminated successfully.", "x": "[1.25927873 1.18318161 6.33183011 1.60011475 3.95925794 5.0804902 ]", "nit": "19"}, "3": {"maxiter": 100, "gtol": 1e-05, "xrtol": 1e-10, "eps": 1e-10, "duration": 0.029529809951782227, "fun": "0.39945456546109026", "jac": "[ 0.00000000e+00  0.00000000e+00  4.44089173e-06  2.22044587e-06\n -2.22044587e-06  1.11022293e-06]", "hess_inv": "[[ 3.3329562  -0.02401733 -0.09464031 -0.35727025 -0.34012549 -0.04335922]\n [-0.02401733  5.24816096 -1.89442445 -0.86201455 -0.59459214 -0.47732622]\n [-0.09464031 -1.89442445  4.18057965  0.1507189   0.49779142  0.26727368]\n [-0.35727025 -0.86201455  0.1507189   3.39689084 -0.011913    0.19541961]\n [-0.34012549 -0.59459214  0.49779142 -0.011913    3.36067551 -0.61667205]\n [-0.04335922 -0.47732622  0.26727368  0.19541961 -0.61667205  4.24998355]]", "nfev": "168", "njev": "24", "status": "0", "success": "True", "message": "Optimization terminated successfully.", "x": "[1.25928472 1.18317418 6.33184184 1.6001223  3.9592618  5.08049933]", "nit": "19"}, "4": {"maxiter": 100, "gtol": 1e-10, "xrtol": 1e-05, "eps": 1e-05, "duration": 0.029466867446899414, "fun": "0.3994545654459295", "jac": "[-1.51767487e-08 -9.17843579e-07  3.03095327e-06 -5.86419802e-08\n -3.91453536e-06 -1.10834675e-06]", "hess_inv": "[[ 3.56651379e+00  3.51056178e-01 -2.93568398e-03 -3.14268318e-01\n  -3.66624443e-01  3.80538358e-02]\n [ 3.51056178e-01  5.21761348e+00 -1.74644545e+00 -7.02888703e-01\n  -7.53414329e-01 -1.43671359e-01]\n [-2.93568398e-03 -1.74644545e+00  4.30770026e+00  1.41484929e-01\n   6.35177359e-01  2.51518311e-01]\n [-3.14268318e-01 -7.02888703e-01  1.41484929e-01  3.38485369e+00\n   7.81825881e-03  1.71476659e-01]\n [-3.66624443e-01 -7.53414329e-01  6.35177359e-01  7.81825881e-03\n   3.29758964e+00 -6.13489025e-01]\n [ 3.80538358e-02 -1.43671359e-01  2.51518311e-01  1.71476659e-01\n  -6.13489025e-01  4.19953190e+00]]", "nfev": "168", "njev": "24", "status": "0", "success": "True", "message": "Optimization terminated successfully.", "x": "[1.25927873 1.18318161 6.33183011 1.60011475 3.95925794 5.0804902 ]", "nit": "19"}, "5": {"maxiter": 100, "gtol": 1e-10, "xrtol": 1e-05, "eps": 1e-10, "duration": 0.029511213302612305, "fun": "0.39945456546109026", "jac": "[ 0.00000000e+00  0.00000000e+00  4.44089173e-06  2.22044587e-06\n -2.22044587e-06  1.11022293e-06]", "hess_inv": "[[ 3.3329562  -0.02401733 -0.09464031 -0.35727025 -0.34012549 -0.04335922]\n [-0.02401733  5.24816096 -1.89442445 -0.86201455 -0.59459214 -0.47732622]\n [-0.09464031 -1.89442445  4.18057965  0.1507189   0.49779142  0.26727368]\n [-0.35727025 -0.86201455  0.1507189   3.39689084 -0.011913    0.19541961]\n [-0.34012549 -0.59459214  0.49779142 -0.011913    3.36067551 -0.61667205]\n [-0.04335922 -0.47732622  0.26727368  0.19541961 -0.61667205  4.24998355]]", "nfev": "168", "njev": "24", "status": "0", "success": "True", "message": "Optimization terminated successfully.", "x": "[1.25928472 1.18317418 6.33184184 1.6001223  3.9592618  5.08049933]", "nit": "19"}, "6": {"maxiter": 100, "gtol": 1e-10, "xrtol": 1e-10, "eps": 1e-05, "duration": 0.0344541072845459, "fun": "0.39945456537515944", "jac": "[ 0.00000000e+00  0.00000000e+00 -4.44089210e-11 -4.44089210e-11\n  5.55111512e-11 -4.44089210e-11]", "hess_inv": "[[ 3.60270854e+00  2.67200286e-01  6.90701311e-02 -3.15470797e-01\n  -4.58576520e-01  2.91783580e-02]\n [ 2.67200286e-01  5.51124202e+00 -2.21755837e+00 -6.98122232e-01\n  -3.58257865e-01 -4.77576963e-02]\n [ 6.90701311e-02 -2.21755837e+00  5.11301775e+00  1.84526902e-01\n  -1.61332626e-02  1.56321607e-01]\n [-3.15470797e-01 -6.98122232e-01  1.84526902e-01  3.37509554e+00\n  -2.54780116e-03  1.44017790e-01]\n [-4.58576520e-01 -3.58257865e-01 -1.61332626e-02 -2.54780116e-03\n   3.83540894e+00 -5.03567905e-01]\n [ 2.91783580e-02 -4.77576963e-02  1.56321607e-01  1.44017790e-01\n  -5.03567905e-01  4.17182734e+00]]", "nfev": "196", "njev": "28", "status": "0", "success": "True", "message": "Optimization terminated successfully.", "x": "[1.25927705 1.18319214 6.33181216 1.60011385 3.95927248 5.0804924 ]", "nit": "23"}, "7": {"maxiter": 100, "gtol": 1e-10, "xrtol": 1e-10, "eps": 1e-10, "duration": 0.07307887077331543, "fun": "0.39945456537453106", "jac": "[ 2.22044587e-06  0.00000000e+00 -2.22044587e-06  0.00000000e+00\n -1.11022293e-06 -2.22044587e-06]", "hess_inv": "[[  1.80269919  -8.60663597   9.47656502   7.35771257   3.37513232\n   -8.85346667]\n [ -8.60663597  42.64486736 -46.71954537 -36.3605909  -16.82701762\n   43.42942216]\n [  9.47656502 -46.71954537  51.30046414  39.89784069  18.39335831\n  -47.72514389]\n [  7.35771257 -36.3605909   39.89784069  31.0491125   14.34362885\n  -37.10511075]\n [  3.37513232 -16.82701762  18.39335831  14.34362885   6.68950858\n  -17.08559233]\n [ -8.85346667  43.42942216 -47.72514389 -37.10511075 -17.08559233\n   44.43414802]]", "nfev": "420", "njev": "60", "status": "0", "success": "True", "message": "Optimization terminated successfully.", "x": "[1.25928294 1.18319317 6.33180764 1.60011621 3.95927473 5.08049174]", "nit": "31"}, "8": {"maxiter": 500, "gtol": 1e-05, "xrtol": 1e-05, "eps": 1e-05, "duration": 0.029493093490600586, "fun": "0.3994545654459295", "jac": "[-1.51767487e-08 -9.17843579e-07  3.03095327e-06 -5.86419802e-08\n -3.91453536e-06 -1.10834675e-06]", "hess_inv": "[[ 3.56651379e+00  3.51056178e-01 -2.93568398e-03 -3.14268318e-01\n  -3.66624443e-01  3.80538358e-02]\n [ 3.51056178e-01  5.21761348e+00 -1.74644545e+00 -7.02888703e-01\n  -7.53414329e-01 -1.43671359e-01]\n [-2.93568398e-03 -1.74644545e+00  4.30770026e+00  1.41484929e-01\n   6.35177359e-01  2.51518311e-01]\n [-3.14268318e-01 -7.02888703e-01  1.41484929e-01  3.38485369e+00\n   7.81825881e-03  1.71476659e-01]\n [-3.66624443e-01 -7.53414329e-01  6.35177359e-01  7.81825881e-03\n   3.29758964e+00 -6.13489025e-01]\n [ 3.80538358e-02 -1.43671359e-01  2.51518311e-01  1.71476659e-01\n  -6.13489025e-01  4.19953190e+00]]", "nfev": "168", "njev": "24", "status": "0", "success": "True", "message": "Optimization terminated successfully.", "x": "[1.25927873 1.18318161 6.33183011 1.60011475 3.95925794 5.0804902 ]", "nit": "19"}, "9": {"maxiter": 500, "gtol": 1e-05, "xrtol": 1e-05, "eps": 1e-10, "duration": 0.02940201759338379, "fun": "0.39945456546109026", "jac": "[ 0.00000000e+00  0.00000000e+00  4.44089173e-06  2.22044587e-06\n -2.22044587e-06  1.11022293e-06]", "hess_inv": "[[ 3.3329562  -0.02401733 -0.09464031 -0.35727025 -0.34012549 -0.04335922]\n [-0.02401733  5.24816096 -1.89442445 -0.86201455 -0.59459214 -0.47732622]\n [-0.09464031 -1.89442445  4.18057965  0.1507189   0.49779142  0.26727368]\n [-0.35727025 -0.86201455  0.1507189   3.39689084 -0.011913    0.19541961]\n [-0.34012549 -0.59459214  0.49779142 -0.011913    3.36067551 -0.61667205]\n [-0.04335922 -0.47732622  0.26727368  0.19541961 -0.61667205  4.24998355]]", "nfev": "168", "njev": "24", "status": "0", "success": "True", "message": "Optimization terminated successfully.", "x": "[1.25928472 1.18317418 6.33184184 1.6001223  3.9592618  5.08049933]", "nit": "19"}, "10": {"maxiter": 500, "gtol": 1e-05, "xrtol": 1e-10, "eps": 1e-05, "duration": 0.0293428897857666, "fun": "0.3994545654459295", "jac": "[-1.51767487e-08 -9.17843579e-07  3.03095327e-06 -5.86419802e-08\n -3.91453536e-06 -1.10834675e-06]", "hess_inv": "[[ 3.56651379e+00  3.51056178e-01 -2.93568398e-03 -3.14268318e-01\n  -3.66624443e-01  3.80538358e-02]\n [ 3.51056178e-01  5.21761348e+00 -1.74644545e+00 -7.02888703e-01\n  -7.53414329e-01 -1.43671359e-01]\n [-2.93568398e-03 -1.74644545e+00  4.30770026e+00  1.41484929e-01\n   6.35177359e-01  2.51518311e-01]\n [-3.14268318e-01 -7.02888703e-01  1.41484929e-01  3.38485369e+00\n   7.81825881e-03  1.71476659e-01]\n [-3.66624443e-01 -7.53414329e-01  6.35177359e-01  7.81825881e-03\n   3.29758964e+00 -6.13489025e-01]\n [ 3.80538358e-02 -1.43671359e-01  2.51518311e-01  1.71476659e-01\n  -6.13489025e-01  4.19953190e+00]]", "nfev": "168", "njev": "24", "status": "0", "success": "True", "message": "Optimization terminated successfully.", "x": "[1.25927873 1.18318161 6.33183011 1.60011475 3.95925794 5.0804902 ]", "nit": "19"}, "11": {"maxiter": 500, "gtol": 1e-05, "xrtol": 1e-10, "eps": 1e-10, "duration": 0.029259204864501953, "fun": "0.39945456546109026", "jac": "[ 0.00000000e+00  0.00000000e+00  4.44089173e-06  2.22044587e-06\n -2.22044587e-06  1.11022293e-06]", "hess_inv": "[[ 3.3329562  -0.02401733 -0.09464031 -0.35727025 -0.34012549 -0.04335922]\n [-0.02401733  5.24816096 -1.89442445 -0.86201455 -0.59459214 -0.47732622]\n [-0.09464031 -1.89442445  4.18057965  0.1507189   0.49779142  0.26727368]\n [-0.35727025 -0.86201455  0.1507189   3.39689084 -0.011913    0.19541961]\n [-0.34012549 -0.59459214  0.49779142 -0.011913    3.36067551 -0.61667205]\n [-0.04335922 -0.47732622  0.26727368  0.19541961 -0.61667205  4.24998355]]", "nfev": "168", "njev": "24", "status": "0", "success": "True", "message": "Optimization terminated successfully.", "x": "[1.25928472 1.18317418 6.33184184 1.6001223  3.9592618  5.08049933]", "nit": "19"}, "12": {"maxiter": 500, "gtol": 1e-10, "xrtol": 1e-05, "eps": 1e-05, "duration": 0.02928924560546875, "fun": "0.3994545654459295", "jac": "[-1.51767487e-08 -9.17843579e-07  3.03095327e-06 -5.86419802e-08\n -3.91453536e-06 -1.10834675e-06]", "hess_inv": "[[ 3.56651379e+00  3.51056178e-01 -2.93568398e-03 -3.14268318e-01\n  -3.66624443e-01  3.80538358e-02]\n [ 3.51056178e-01  5.21761348e+00 -1.74644545e+00 -7.02888703e-01\n  -7.53414329e-01 -1.43671359e-01]\n [-2.93568398e-03 -1.74644545e+00  4.30770026e+00  1.41484929e-01\n   6.35177359e-01  2.51518311e-01]\n [-3.14268318e-01 -7.02888703e-01  1.41484929e-01  3.38485369e+00\n   7.81825881e-03  1.71476659e-01]\n [-3.66624443e-01 -7.53414329e-01  6.35177359e-01  7.81825881e-03\n   3.29758964e+00 -6.13489025e-01]\n [ 3.80538358e-02 -1.43671359e-01  2.51518311e-01  1.71476659e-01\n  -6.13489025e-01  4.19953190e+00]]", "nfev": "168", "njev": "24", "status": "0", "success": "True", "message": "Optimization terminated successfully.", "x": "[1.25927873 1.18318161 6.33183011 1.60011475 3.95925794 5.0804902 ]", "nit": "19"}, "13": {"maxiter": 500, "gtol": 1e-10, "xrtol": 1e-05, "eps": 1e-10, "duration": 0.02924513816833496, "fun": "0.39945456546109026", "jac": "[ 0.00000000e+00  0.00000000e+00  4.44089173e-06  2.22044587e-06\n -2.22044587e-06  1.11022293e-06]", "hess_inv": "[[ 3.3329562  -0.02401733 -0.09464031 -0.35727025 -0.34012549 -0.04335922]\n [-0.02401733  5.24816096 -1.89442445 -0.86201455 -0.59459214 -0.47732622]\n [-0.09464031 -1.89442445  4.18057965  0.1507189   0.49779142  0.26727368]\n [-0.35727025 -0.86201455  0.1507189   3.39689084 -0.011913    0.19541961]\n [-0.34012549 -0.59459214  0.49779142 -0.011913    3.36067551 -0.61667205]\n [-0.04335922 -0.47732622  0.26727368  0.19541961 -0.61667205  4.24998355]]", "nfev": "168", "njev": "24", "status": "0", "success": "True", "message": "Optimization terminated successfully.", "x": "[1.25928472 1.18317418 6.33184184 1.6001223  3.9592618  5.08049933]", "nit": "19"}, "14": {"maxiter": 500, "gtol": 1e-10, "xrtol": 1e-10, "eps": 1e-05, "duration": 0.03411722183227539, "fun": "0.39945456537515944", "jac": "[ 0.00000000e+00  0.00000000e+00 -4.44089210e-11 -4.44089210e-11\n  5.55111512e-11 -4.44089210e-11]", "hess_inv": "[[ 3.60270854e+00  2.67200286e-01  6.90701311e-02 -3.15470797e-01\n  -4.58576520e-01  2.91783580e-02]\n [ 2.67200286e-01  5.51124202e+00 -2.21755837e+00 -6.98122232e-01\n  -3.58257865e-01 -4.77576963e-02]\n [ 6.90701311e-02 -2.21755837e+00  5.11301775e+00  1.84526902e-01\n  -1.61332626e-02  1.56321607e-01]\n [-3.15470797e-01 -6.98122232e-01  1.84526902e-01  3.37509554e+00\n  -2.54780116e-03  1.44017790e-01]\n [-4.58576520e-01 -3.58257865e-01 -1.61332626e-02 -2.54780116e-03\n   3.83540894e+00 -5.03567905e-01]\n [ 2.91783580e-02 -4.77576963e-02  1.56321607e-01  1.44017790e-01\n  -5.03567905e-01  4.17182734e+00]]", "nfev": "196", "njev": "28", "status": "0", "success": "True", "message": "Optimization terminated successfully.", "x": "[1.25927705 1.18319214 6.33181216 1.60011385 3.95927248 5.0804924 ]", "nit": "23"}, "15": {"maxiter": 500, "gtol": 1e-10, "xrtol": 1e-10, "eps": 1e-10, "duration": 0.07246899604797363, "fun": "0.39945456537453106", "jac": "[ 2.22044587e-06  0.00000000e+00 -2.22044587e-06  0.00000000e+00\n -1.11022293e-06 -2.22044587e-06]", "hess_inv": "[[  1.80269919  -8.60663597   9.47656502   7.35771257   3.37513232\n   -8.85346667]\n [ -8.60663597  42.64486736 -46.71954537 -36.3605909  -16.82701762\n   43.42942216]\n [  9.47656502 -46.71954537  51.30046414  39.89784069  18.39335831\n  -47.72514389]\n [  7.35771257 -36.3605909   39.89784069  31.0491125   14.34362885\n  -37.10511075]\n [  3.37513232 -16.82701762  18.39335831  14.34362885   6.68950858\n  -17.08559233]\n [ -8.85346667  43.42942216 -47.72514389 -37.10511075 -17.08559233\n   44.43414802]]", "nfev": "420", "njev": "60", "status": "0", "success": "True", "message": "Optimization terminated successfully.", "x": "[1.25928294 1.18319317 6.33180764 1.60011621 3.95927473 5.08049174]", "nit": "31"}, "16": {"maxiter": 1000, "gtol": 1e-05, "xrtol": 1e-05, "eps": 1e-05, "duration": 0.028989076614379883, "fun": "0.3994545654459295", "jac": "[-1.51767487e-08 -9.17843579e-07  3.03095327e-06 -5.86419802e-08\n -3.91453536e-06 -1.10834675e-06]", "hess_inv": "[[ 3.56651379e+00  3.51056178e-01 -2.93568398e-03 -3.14268318e-01\n  -3.66624443e-01  3.80538358e-02]\n [ 3.51056178e-01  5.21761348e+00 -1.74644545e+00 -7.02888703e-01\n  -7.53414329e-01 -1.43671359e-01]\n [-2.93568398e-03 -1.74644545e+00  4.30770026e+00  1.41484929e-01\n   6.35177359e-01  2.51518311e-01]\n [-3.14268318e-01 -7.02888703e-01  1.41484929e-01  3.38485369e+00\n   7.81825881e-03  1.71476659e-01]\n [-3.66624443e-01 -7.53414329e-01  6.35177359e-01  7.81825881e-03\n   3.29758964e+00 -6.13489025e-01]\n [ 3.80538358e-02 -1.43671359e-01  2.51518311e-01  1.71476659e-01\n  -6.13489025e-01  4.19953190e+00]]", "nfev": "168", "njev": "24", "status": "0", "success": "True", "message": "Optimization terminated successfully.", "x": "[1.25927873 1.18318161 6.33183011 1.60011475 3.95925794 5.0804902 ]", "nit": "19"}, "17": {"maxiter": 1000, "gtol": 1e-05, "xrtol": 1e-05, "eps": 1e-10, "duration": 0.028593063354492188, "fun": "0.39945456546109026", "jac": "[ 0.00000000e+00  0.00000000e+00  4.44089173e-06  2.22044587e-06\n -2.22044587e-06  1.11022293e-06]", "hess_inv": "[[ 3.3329562  -0.02401733 -0.09464031 -0.35727025 -0.34012549 -0.04335922]\n [-0.02401733  5.24816096 -1.89442445 -0.86201455 -0.59459214 -0.47732622]\n [-0.09464031 -1.89442445  4.18057965  0.1507189   0.49779142  0.26727368]\n [-0.35727025 -0.86201455  0.1507189   3.39689084 -0.011913    0.19541961]\n [-0.34012549 -0.59459214  0.49779142 -0.011913    3.36067551 -0.61667205]\n [-0.04335922 -0.47732622  0.26727368  0.19541961 -0.61667205  4.24998355]]", "nfev": "168", "njev": "24", "status": "0", "success": "True", "message": "Optimization terminated successfully.", "x": "[1.25928472 1.18317418 6.33184184 1.6001223  3.9592618  5.08049933]", "nit": "19"}, "18": {"maxiter": 1000, "gtol": 1e-05, "xrtol": 1e-10, "eps": 1e-05, "duration": 0.028523921966552734, "fun": "0.3994545654459295", "jac": "[-1.51767487e-08 -9.17843579e-07  3.03095327e-06 -5.86419802e-08\n -3.91453536e-06 -1.10834675e-06]", "hess_inv": "[[ 3.56651379e+00  3.51056178e-01 -2.93568398e-03 -3.14268318e-01\n  -3.66624443e-01  3.80538358e-02]\n [ 3.51056178e-01  5.21761348e+00 -1.74644545e+00 -7.02888703e-01\n  -7.53414329e-01 -1.43671359e-01]\n [-2.93568398e-03 -1.74644545e+00  4.30770026e+00  1.41484929e-01\n   6.35177359e-01  2.51518311e-01]\n [-3.14268318e-01 -7.02888703e-01  1.41484929e-01  3.38485369e+00\n   7.81825881e-03  1.71476659e-01]\n [-3.66624443e-01 -7.53414329e-01  6.35177359e-01  7.81825881e-03\n   3.29758964e+00 -6.13489025e-01]\n [ 3.80538358e-02 -1.43671359e-01  2.51518311e-01  1.71476659e-01\n  -6.13489025e-01  4.19953190e+00]]", "nfev": "168", "njev": "24", "status": "0", "success": "True", "message": "Optimization terminated successfully.", "x": "[1.25927873 1.18318161 6.33183011 1.60011475 3.95925794 5.0804902 ]", "nit": "19"}, "19": {"maxiter": 1000, "gtol": 1e-05, "xrtol": 1e-10, "eps": 1e-10, "duration": 0.028537273406982422, "fun": "0.39945456546109026", "jac": "[ 0.00000000e+00  0.00000000e+00  4.44089173e-06  2.22044587e-06\n -2.22044587e-06  1.11022293e-06]", "hess_inv": "[[ 3.3329562  -0.02401733 -0.09464031 -0.35727025 -0.34012549 -0.04335922]\n [-0.02401733  5.24816096 -1.89442445 -0.86201455 -0.59459214 -0.47732622]\n [-0.09464031 -1.89442445  4.18057965  0.1507189   0.49779142  0.26727368]\n [-0.35727025 -0.86201455  0.1507189   3.39689084 -0.011913    0.19541961]\n [-0.34012549 -0.59459214  0.49779142 -0.011913    3.36067551 -0.61667205]\n [-0.04335922 -0.47732622  0.26727368  0.19541961 -0.61667205  4.24998355]]", "nfev": "168", "njev": "24", "status": "0", "success": "True", "message": "Optimization terminated successfully.", "x": "[1.25928472 1.18317418 6.33184184 1.6001223  3.9592618  5.08049933]", "nit": "19"}, "20": {"maxiter": 1000, "gtol": 1e-10, "xrtol": 1e-05, "eps": 1e-05, "duration": 0.02855968475341797, "fun": "0.3994545654459295", "jac": "[-1.51767487e-08 -9.17843579e-07  3.03095327e-06 -5.86419802e-08\n -3.91453536e-06 -1.10834675e-06]", "hess_inv": "[[ 3.56651379e+00  3.51056178e-01 -2.93568398e-03 -3.14268318e-01\n  -3.66624443e-01  3.80538358e-02]\n [ 3.51056178e-01  5.21761348e+00 -1.74644545e+00 -7.02888703e-01\n  -7.53414329e-01 -1.43671359e-01]\n [-2.93568398e-03 -1.74644545e+00  4.30770026e+00  1.41484929e-01\n   6.35177359e-01  2.51518311e-01]\n [-3.14268318e-01 -7.02888703e-01  1.41484929e-01  3.38485369e+00\n   7.81825881e-03  1.71476659e-01]\n [-3.66624443e-01 -7.53414329e-01  6.35177359e-01  7.81825881e-03\n   3.29758964e+00 -6.13489025e-01]\n [ 3.80538358e-02 -1.43671359e-01  2.51518311e-01  1.71476659e-01\n  -6.13489025e-01  4.19953190e+00]]", "nfev": "168", "njev": "24", "status": "0", "success": "True", "message": "Optimization terminated successfully.", "x": "[1.25927873 1.18318161 6.33183011 1.60011475 3.95925794 5.0804902 ]", "nit": "19"}, "21": {"maxiter": 1000, "gtol": 1e-10, "xrtol": 1e-05, "eps": 1e-10, "duration": 0.028523921966552734, "fun": "0.39945456546109026", "jac": "[ 0.00000000e+00  0.00000000e+00  4.44089173e-06  2.22044587e-06\n -2.22044587e-06  1.11022293e-06]", "hess_inv": "[[ 3.3329562  -0.02401733 -0.09464031 -0.35727025 -0.34012549 -0.04335922]\n [-0.02401733  5.24816096 -1.89442445 -0.86201455 -0.59459214 -0.47732622]\n [-0.09464031 -1.89442445  4.18057965  0.1507189   0.49779142  0.26727368]\n [-0.35727025 -0.86201455  0.1507189   3.39689084 -0.011913    0.19541961]\n [-0.34012549 -0.59459214  0.49779142 -0.011913    3.36067551 -0.61667205]\n [-0.04335922 -0.47732622  0.26727368  0.19541961 -0.61667205  4.24998355]]", "nfev": "168", "njev": "24", "status": "0", "success": "True", "message": "Optimization terminated successfully.", "x": "[1.25928472 1.18317418 6.33184184 1.6001223  3.9592618  5.08049933]", "nit": "19"}, "22": {"maxiter": 1000, "gtol": 1e-10, "xrtol": 1e-10, "eps": 1e-05, "duration": 0.033319950103759766, "fun": "0.39945456537515944", "jac": "[ 0.00000000e+00  0.00000000e+00 -4.44089210e-11 -4.44089210e-11\n  5.55111512e-11 -4.44089210e-11]", "hess_inv": "[[ 3.60270854e+00  2.67200286e-01  6.90701311e-02 -3.15470797e-01\n  -4.58576520e-01  2.91783580e-02]\n [ 2.67200286e-01  5.51124202e+00 -2.21755837e+00 -6.98122232e-01\n  -3.58257865e-01 -4.77576963e-02]\n [ 6.90701311e-02 -2.21755837e+00  5.11301775e+00  1.84526902e-01\n  -1.61332626e-02  1.56321607e-01]\n [-3.15470797e-01 -6.98122232e-01  1.84526902e-01  3.37509554e+00\n  -2.54780116e-03  1.44017790e-01]\n [-4.58576520e-01 -3.58257865e-01 -1.61332626e-02 -2.54780116e-03\n   3.83540894e+00 -5.03567905e-01]\n [ 2.91783580e-02 -4.77576963e-02  1.56321607e-01  1.44017790e-01\n  -5.03567905e-01  4.17182734e+00]]", "nfev": "196", "njev": "28", "status": "0", "success": "True", "message": "Optimization terminated successfully.", "x": "[1.25927705 1.18319214 6.33181216 1.60011385 3.95927248 5.0804924 ]", "nit": "23"}, "23": {"maxiter": 1000, "gtol": 1e-10, "xrtol": 1e-10, "eps": 1e-10, "duration": 0.07081174850463867, "fun": "0.39945456537453106", "jac": "[ 2.22044587e-06  0.00000000e+00 -2.22044587e-06  0.00000000e+00\n -1.11022293e-06 -2.22044587e-06]", "hess_inv": "[[  1.80269919  -8.60663597   9.47656502   7.35771257   3.37513232\n   -8.85346667]\n [ -8.60663597  42.64486736 -46.71954537 -36.3605909  -16.82701762\n   43.42942216]\n [  9.47656502 -46.71954537  51.30046414  39.89784069  18.39335831\n  -47.72514389]\n [  7.35771257 -36.3605909   39.89784069  31.0491125   14.34362885\n  -37.10511075]\n [  3.37513232 -16.82701762  18.39335831  14.34362885   6.68950858\n  -17.08559233]\n [ -8.85346667  43.42942216 -47.72514389 -37.10511075 -17.08559233\n   44.43414802]]", "nfev": "420", "njev": "60", "status": "0", "success": "True", "message": "Optimization terminated successfully.", "x": "[1.25928294 1.18319317 6.33180764 1.60011621 3.95927473 5.08049174]", "nit": "31"}}, "cobyla": {"0": {"maxiter": 100, "tol": 1e-05, "catol": 1e-05, "duration": 0.016389846801757812, "x": "[4.42481024 4.55970955 6.5136514  3.10014475 1.2280594  4.7275776 ]", "status": "2", "success": "False", "message": "Maximum number of function evaluations has been exceeded.", "nfev": "100", "fun": "0.5988104147009108", "maxcv": "0.0"}, "1": {"maxiter": 100, "tol": 1e-05, "catol": 1e-10, "duration": 0.016343116760253906, "x": "[4.42481024 4.55970955 6.5136514  3.10014475 1.2280594  4.7275776 ]", "status": "2", "success": "False", "message": "Maximum number of function evaluations has been exceeded.", "nfev": "100", "fun": "0.5988104147009108", "maxcv": "0.0"}, "2": {"maxiter": 100, "tol": 1e-10, "catol": 1e-05, "duration": 0.01630711555480957, "x": "[4.42481024 4.55970955 6.5136514  3.10014475 1.2280594  4.7275776 ]", "status": "2", "success": "False", "message": "Maximum number of function evaluations has been exceeded.", "nfev": "100", "fun": "0.5988104147009108", "maxcv": "0.0"}, "3": {"maxiter": 100, "tol": 1e-10, "catol": 1e-10, "duration": 0.016357898712158203, "x": "[4.42481024 4.55970955 6.5136514  3.10014475 1.2280594  4.7275776 ]