{"date": "2024/07/19/, 20:31:18", "conf_id": 310, "data_type": "var_s_rank\n", "num_data_points": 4, "s_rank": 0, "unitary": "[[-0.45070455-0.02711853j,0.78437395-0.06613086j,0.06358678+0.19963393j,-0.07343613+0.35668523j],[-0.01890143-0.03813363j,0.32408202+0.25557629j,0.05872864-0.68979805j,0.55466693-0.20227297j],[-0.11215405+0.64023111j,-0.13344055+0.29565494j,-0.49012687-0.19046288j,-0.04241254+0.44046348j],[0.55771659+0.24656916j,0.31851997-0.05798805j,0.28761525-0.34294258j,-0.56718418+0.03616933j]]", "databatch_0": {"databatch": "[[[-0.18827987+0.20678566j,0.007469-0.09059578j,-0.20618187-0.05801033j,0.01958521+0.16755169j],[0.16114704+0.06285186j,-0.55490379-0.17544875j,-0.15471852+0.03422481j,0.13914012-0.2477234j],[-0.12233344-0.00355359j,-0.1973695+0.01859023j,0.0275261-0.03412053j,0.12383649-0.16567791j],[-0.12543065+0.17246049j,0.39315052-0.10314147j,0.14975817-0.03261046j,-0.1530218-0.09036552j]],[[-0.04777142-0.15354979j,0.50685327+0.23554797j,0.09312781-0.16299826j,0.0301053+0.18405236j],[-0.11141715-0.02440678j,0.3093145-0.24201473j,-0.06191617-0.10643148j,0.11514273+0.03149546j],[-0.01355599-0.06480824j,0.12904097-0.20674702j,0.04362809+0.11864651j,0.03043151-0.22945956j],[0.13918486-0.11544572j,0.26622551+0.23249366j,0.00466192+0.20458322j,0.18949487-0.16222071j]],[[-0.00667859-0.2437219j,0.1749739+0.27259804j,0.37036212-0.10873447j,-0.20060234-0.019827j],[-0.18869749-0.17608626j,-0.08995362+0.14979069j,-0.13169375-0.19174545j,0.27677806-0.29281848j],[0.01067827-0.05537583j,0.07112436+0.00817809j,0.06272107-0.056093j,0.27439572+0.23534116j],[0.05455342+0.03632704j,0.07987504+0.31282652j,0.01156049-0.25858289j,-0.05502974-0.08817794j]],[[0.13424089-0.05905491j,0.01465347+0.29299614j,0.04886165+0.15376587j,0.01323951+0.07478824j],[0.17265263-0.12359917j,0.07171449-0.14758444j,-0.14521894+0.12206833j,-0.11705291-0.55443593j],[-0.12582068-0.08361978j,-0.01374647+0.08248208j,0.17805365+0.03540728j,-0.19816426+0.30723965j],[0.11628718-0.2068801j,0.28855202+0.21911195j,0.14376098+0.1328511j,0.04174752-0.08625269j]]]", "initial param values": "[5.54751329,2.8312143,3.2958341,3.68019157,2.6063669,1.43822091]", "nelder_mead": {"type": "gradient-free", "0": {"maxiter": 100, "fatol": 1e-05, "xatol": 1e-05, "duration": 0.027109146118164062, "fun": "0.33219994178468126", "nit": "100", "nfev": "159", "status": "2", "success": "False", "message": "Maximum number of iterations has been exceeded.", "x": "[4.88758201 4.34915562 3.09906521 4.70320652 0.94083381 2.27764842]", "final_simplex": "(array([[4.88758201, 4.34915562, 3.09906521, 4.70320652, 0.94083381,\n        2.27764842],\n       [4.86371633, 4.37177322, 3.010717  , 4.70549807, 0.81314483,\n        2.24097377],\n       [4.78071104, 4.41453249, 3.06337622, 4.67605353, 0.89935699,\n        2.25182326],\n       [4.83836673, 4.42242963, 2.98755393, 4.69084202, 0.90345037,\n        2.30124737],\n       [4.7719439 , 4.42467939, 3.07548382, 4.62490955, 0.94759581,\n        2.33992283],\n       [4.86329244, 4.28281057, 3.07524621, 4.62741104, 1.00259922,\n        2.18553253],\n       [4.79493364, 4.33910348, 3.04991098, 4.75072126, 0.91702378,\n        2.26368684]]), array([0.33219994, 0.33259324, 0.33351098, 0.3352912 , 0.33532472,\n       0.33560083, 0.33604181]))"}, "1": {"maxiter": 100, "fatol": 1e-05, "xatol": 1e-10, "duration": 0.02699899673461914, "fun": "0.33219994178468126", "nit": "100", "nfev": "159", "status": "2", "success": "False", "message": "Maximum number of iterations has been exceeded.", "x": "[4.88758201 4.34915562 3.09906521 4.70320652 0.94083381 2.27764842]", "final_simplex": "(array([[4.88758201, 4.34915562, 3.09906521, 4.70320652, 0.94083381,\n        2.27764842],\n       [4.86371633, 4.37177322, 3.010717  , 4.70549807, 0.81314483,\n        2.24097377],\n       [4.78071104, 4.41453249, 3.06337622, 4.67605353, 0.89935699,\n        2.25182326],\n       [4.83836673, 4.42242963, 2.98755393, 4.69084202, 0.90345037,\n        2.30124737],\n       [4.7719439 , 4.42467939, 3.07548382, 4.62490955, 0.94759581,\n        2.33992283],\n       [4.86329244, 4.28281057, 3.07524621, 4.62741104, 1.00259922,\n        2.18553253],\n       [4.79493364, 4.33910348, 3.04991098, 4.75072126, 0.91702378,\n        2.26368684]]), array([0.33219994, 0.33259324, 0.33351098, 0.3352912 , 0.33532472,\n       0.33560083, 0.33604181]))"}, "2": {"maxiter": 100, "fatol": 1e-10, "xatol": 1e-05, "duration": 0.026937007904052734, "fun": "0.33219994178468126", "nit": "100", "nfev": "159", "status": "2", "success": "False", "message": "Maximum number of iterations has been exceeded.", "x": "[4.88758201 4.34915562 3.09906521 4.70320652 0.94083381 2.27764842]", "final_simplex": "(array([[4.88758201, 4.34915562, 3.09906521, 4.70320652, 0.94083381,\n        2.27764842],\n       [4.86371633, 4.37177322, 3.010717  , 4.70549807, 0.81314483,\n        2.24097377],\n       [4.78071104, 4.41453249, 3.06337622, 4.67605353, 0.89935699,\n        2.25182326],\n       [4.83836673, 4.42242963, 2.98755393, 4.69084202, 0.90345037,\n        2.30124737],\n       [4.7719439 , 4.42467939, 3.07548382, 4.62490955, 0.94759581,\n        2.33992283],\n       [4.86329244, 4.28281057, 3.07524621, 4.62741104, 1.00259922,\n        2.18553253],\n       [4.79493364, 4.33910348, 3.04991098, 4.75072126, 0.91702378,\n        2.26368684]]), array([0.33219994, 0.33259324, 0.33351098, 0.3352912 , 0.33532472,\n       0.33560083, 0.33604181]))"}, "3": {"maxiter": 100, "fatol": 1e-10, "xatol": 1e-10, "duration": 0.026950836181640625, "fun": "0.33219994178468126", "nit": "100", "nfev": "159", "status": "2", "success": "False", "message": "Maximum number of iterations has been exceeded.", "x": "[4.88758201 4.34915562 3.09906521 4.70320652 0.94083381 2.27764842]", "final_simplex": "(array([[4.88758201, 4.34915562, 3.09906521, 4.70320652, 0.94083381,\n        2.27764842],\n       [4.86371633, 4.37177322, 3.010717  , 4.70549807, 0.81314483,\n        2.24097377],\n       [4.78071104, 4.41453249, 3.06337622, 4.67605353, 0.89935699,\n        2.25182326],\n       [4.83836673, 4.42242963, 2.98755393, 4.69084202, 0.90345037,\n        2.30124737],\n       [4.7719439 , 4.42467939, 3.07548382, 4.62490955, 0.94759581,\n        2.33992283],\n       [4.86329244, 4.28281057, 3.07524621, 4.62741104, 1.00259922,\n        2.18553253],\n       [4.79493364, 4.33910348, 3.04991098, 4.75072126, 0.91702378,\n        2.26368684]]), array([0.33219994, 0.33259324, 0.33351098, 0.3352912 , 0.33532472,\n       0.33560083, 0.33604181]))"}, "4": {"maxiter": 500, "fatol": 1e-05, "xatol": 1e-05, "duration": 0.07720208168029785, "fun": "0.32601645655973777", "nit": "283", "nfev": "456", "status": "0", "success": "True", "message": "Optimization terminated successfully.", "x": "[4.87742781 4.33244853 3.22157625 4.5875362  0.78503323 2.24984669]", "final_simplex": "(array([[4.87742781, 4.33244853, 3.22157625, 4.5875362 , 0.78503323,\n        2.24984669],\n       [4.87742727, 4.33244268, 3.22157676, 4.58753774, 0.78503914,\n        2.24984478],\n       [4.87743445, 4.33244023, 3.2215783 , 4.58753929, 0.78503654,\n        2.24984027],\n       [4.87743721, 4.33244497, 3.22157805, 4.58754024, 0.78503446,\n        2.24984963],\n       [4.87743391, 4.33244412, 3.22157139, 4.58754115, 0.78503992,\n        2.24984491],\n       [4.87742699, 4.33244513, 3.22157723, 4.58754291, 0.78503843,\n        2.24984423],\n       [4.87742691, 4.33243972, 3.22157495, 4.58753961, 0.78503552,\n        2.24984521]]), array([0.32601646, 0.32601646, 0.32601646, 0.32601646, 0.32601646,\n       0.32601646, 0.32601646]))"}, "5": {"maxiter": 500, "fatol": 1e-05, "xatol": 1e-10, "duration": 0.1220090389251709, "fun": "0.32601645655323797", "nit": "419", "nfev": "724", "status": "0", "success": "True", "message": "Optimization terminated successfully.", "x": "[4.87743234 4.33244516 3.22157894 4.58753683 0.78503752 2.24984587]", "final_simplex": "(array([[4.87743234, 4.33244516, 3.22157894, 4.58753683, 0.78503752,\n        2.24984587],\n       [4.87743234, 4.33244516, 3.22157894, 4.58753683, 0.78503752,\n        2.24984587],\n       [4.87743234, 4.33244516, 3.22157894, 4.58753683, 0.78503752,\n        2.24984587],\n       [4.87743234, 4.33244516, 3.22157894, 4.58753683, 0.78503752,\n        2.24984587],\n       [4.87743234, 4.33244516, 3.22157894, 4.58753683, 0.78503752,\n        2.24984587],\n       [4.87743234, 4.33244516, 3.22157894, 4.58753683, 0.78503752,\n        2.24984587],\n       [4.87743234, 4.33244516, 3.22157894, 4.58753683, 0.78503752,\n        2.24984587]]), array([0.32601646, 0.32601646, 0.32601646, 0.32601646, 0.32601646,\n       0.32601646, 0.32601646]))"}, "6": {"maxiter": 500, "fatol": 1e-10, "xatol": 1e-05, "duration": 0.07747197151184082, "fun": "0.32601645655973777", "nit": "283", "nfev": "456", "status": "0", "success": "True", "message": "Optimization terminated successfully.", "x": "[4.87742781 4.33244853 3.22157625 4.5875362  0.78503323 2.24984669]", "final_simplex": "(array([[4.87742781, 4.33244853, 3.22157625, 4.5875362 , 0.78503323,\n        2.24984669],\n       [4.87742727, 4.33244268, 3.22157676, 4.58753774, 0.78503914,\n        2.24984478],\n       [4.87743445, 4.33244023, 3.2215783 , 4.58753929, 0.78503654,\n        2.24984027],\n       [4.87743721, 4.33244497, 3.22157805, 4.58754024, 0.78503446,\n        2.24984963],\n       [4.87743391, 4.33244412, 3.22157139, 4.58754115, 0.78503992,\n        2.24984491],\n       [4.87742699, 4.33244513, 3.22157723, 4.58754291, 0.78503843,\n        2.24984423],\n       [4.87742691, 4.33243972, 3.22157495, 4.58753961, 0.78503552,\n        2.24984521]]), array([0.32601646, 0.32601646, 0.32601646, 0.32601646, 0.32601646,\n       0.32601646, 0.32601646]))"}, "7": {"maxiter": 500, "fatol": 1e-10, "xatol": 1e-10, "duration": 0.12371301651000977, "fun": "0.32601645655323797", "nit": "419", "nfev": "724", "status": "0", "success": "True", "message": "Optimization terminated successfully.", "x": "[4.87743234 4.33244516 3.22157894 4.58753683 0.78503752 2.24984587]", "final_simplex": "(array([[4.87743234, 4.33244516, 3.22157894, 4.58753683, 0.78503752,\n        2.24984587],\n       [4.87743234, 4.33244516, 3.22157894, 4.58753683, 0.78503752,\n        2.24984587],\n       [4.87743234, 4.33244516, 3.22157894, 4.58753683, 0.78503752,\n        2.24984587],\n       [4.87743234, 4.33244516, 3.22157894, 4.58753683, 0.78503752,\n        2.24984587],\n       [4.87743234, 4.33244516, 3.22157894, 4.58753683, 0.78503752,\n        2.24984587],\n       [4.87743234, 4.33244516, 3.22157894, 4.58753683, 0.78503752,\n        2.24984587],\n       [4.87743234, 4.33244516, 3.22157894, 4.58753683, 0.78503752,\n        2.24984587]]), array([0.32601646, 0.32601646, 0.32601646, 0.32601646, 0.32601646,\n       0.32601646, 0.32601646]))"}, "8": {"maxiter": 1000, "fatol": 1e-05, "xatol": 1e-05, "duration": 0.0773460865020752, "fun": "0.32601645655973777", "nit": "283", "nfev": "456", "status": "0", "success": "True", "message": "Optimization terminated successfully.", "x": "[4.87742781 4.33244853 3.22157625 4.5875362  0.78503323 2.24984669]", "final_simplex": "(array([[4.87742781, 4.33244853, 3.22157625, 4.5875362 , 0.78503323,\n        2.24984669],\n       [4.87742727, 4.33244268, 3.22157676, 4.58753774, 0.78503914,\n        2.24984478],\n       [4.87743445, 4.33244023, 3.2215783 , 4.58753929, 0.78503654,\n        2.24984027],\n       [4.87743721, 4.33244497, 3.22157805, 4.58754024, 0.78503446,\n        2.24984963],\n       [4.87743391, 4.33244412, 3.22157139, 4.58754115, 0.78503992,\n        2.24984491],\n       [4.87742699, 4.33244513, 3.22157723, 4.58754291, 0.78503843,\n        2.24984423],\n       [4.87742691, 4.33243972, 3.22157495, 4.58753961, 0.78503552,\n        2.24984521]]), array([0.32601646, 0.32601646, 0.32601646, 0.32601646, 0.32601646,\n       0.32601646, 0.32601646]))"}, "9": {"maxiter": 1000, "fatol": 1e-05, "xatol": 1e-10, "duration": 0.12215495109558105, "fun": "0.32601645655323797", "nit": "419", "nfev": "724", "status": "0", "success": "True", "message": "Optimization terminated successfully.", "x": "[4.87743234 4.33244516 3.22157894 4.58753683 0.78503752 2.24984587]", "final_simplex": "(array([[4.87743234, 4.33244516, 3.22157894, 4.58753683, 0.78503752,\n        2.24984587],\n       [4.87743234, 4.33244516, 3.22157894, 4.58753683, 0.78503752,\n        2.24984587],\n       [4.87743234, 4.33244516, 3.22157894, 4.58753683, 0.78503752,\n        2.24984587],\n       [4.87743234, 4.33244516, 3.22157894, 4.58753683, 0.78503752,\n        2.24984587],\n       [4.87743234, 4.33244516, 3.22157894, 4.58753683, 0.78503752,\n        2.24984587],\n       [4.87743234, 4.33244516, 3.22157894, 4.58753683, 0.78503752,\n        2.24984587],\n       [4.87743234, 4.33244516, 3.22157894, 4.58753683, 0.78503752,\n        2.24984587]]), array([0.32601646, 0.32601646, 0.32601646, 0.32601646, 0.32601646,\n       0.32601646, 0.32601646]))"}, "10": {"maxiter": 1000, "fatol": 1e-10, "xatol": 1e-05, "duration": 0.0772237777709961, "fun": "0.32601645655973777", "nit": "283", "nfev": "456", "status": "0", "success": "True", "message": "Optimization terminated successfully.", "x": "[4.87742781 4.33244853 3.22157625 4.5875362  0.78503323 2.24984669]", "final_simplex": "(array([[4.87742781, 4.33244853, 3.22157625, 4.5875362 , 0.78503323,\n        2.24984669],\n       [4.87742727, 4.33244268, 3.22157676, 4.58753774, 0.78503914,\n        2.24984478],\n       [4.87743445, 4.33244023, 3.2215783 , 4.58753929, 0.78503654,\n        2.24984027],\n       [4.87743721, 4.33244497, 3.22157805, 4.58754024, 0.78503446,\n        2.24984963],\n       [4.87743391, 4.33244412, 3.22157139, 4.58754115, 0.78503992,\n        2.24984491],\n       [4.87742699, 4.33244513, 3.22157723, 4.58754291, 0.78503843,\n        2.24984423],\n       [4.87742691, 4.33243972, 3.22157495, 4.58753961, 0.78503552,\n        2.24984521]]), array([0.32601646, 0.32601646, 0.32601646, 0.32601646, 0.32601646,\n       0.32601646, 0.32601646]))"}, "11": {"maxiter": 1000, "fatol": 1e-10, "xatol": 1e-10, "duration": 0.12188172340393066, "fun": "0.32601645655323797", "nit": "419", "nfev": "724", "status": "0", "success": "True", "message": "Optimization terminated successfully.", "x": "[4.87743234 4.33244516 3.22157894 4.58753683 0.78503752 2.24984587]", "final_simplex": "(array([[4.87743234, 4.33244516, 3.22157894, 4.58753683, 0.78503752,\n        2.24984587],\n       [4.87743234, 4.33244516, 3.22157894, 4.58753683, 0.78503752,\n        2.24984587],\n       [4.87743234, 4.33244516, 3.22157894, 4.58753683, 0.78503752,\n        2.24984587],\n       [4.87743234, 4.33244516, 3.22157894, 4.58753683, 0.78503752,\n        2.24984587],\n       [4.87743234, 4.33244516, 3.22157894, 4.58753683, 0.78503752,\n        2.24984587],\n       [4.87743234, 4.33244516, 3.22157894, 4.58753683, 0.78503752,\n        2.24984587],\n       [4.87743234, 4.33244516, 3.22157894, 4.58753683, 0.78503752,\n        2.24984587]]), array([0.32601646, 0.32601646, 0.32601646, 0.32601646, 0.32601646,\n       0.32601646, 0.32601646]))"}}, "bfgs": {"type": "gradient", "0": {"maxiter": 100, "gtol": 1e-05, "xrtol": 1e-05, "eps": 1e-05, "duration": 0.024396657943725586, "fun": "0.32601645670525803", "jac": "[-3.47339935e-06 -5.16793275e-06 -4.03537204e-06  1.44398937e-06\n  1.64509517e-06  8.75677308e-07]", "hess_inv": "[[ 3.48498833 -0.93840174 -0.13715428  0.55175788  0.70366328 -0.46578362]\n [-0.93840174  3.9680636  -1.57120777  1.30348951 -0.7847392   0.76251635]\n [-0.13715428 -1.57120777  3.50922299 -0.83973438 -0.19399026 -0.22470592]\n [ 0.55175788  1.30348951 -0.83973438  4.18077353 -0.58333524  0.21109534]\n [ 0.70366328 -0.7847392  -0.19399026 -0.58333524  3.37759385 -0.04335997]\n [-0.46578362  0.76251635 -0.22470592  0.21109534 -0.04335997  3.45622081]]", "nfev": "140", "njev": "20", "status": "0", "success": "True", "message": "Optimization terminated successfully.", "x": "[4.87741828 4.3324218  3.22156491 4.58753033 0.78504682 2.24984445]", "nit": "19"}, "1": {"maxiter": 100, "gtol": 1e-05, "xrtol": 1e-05, "eps": 1e-10, "duration": 0.02310800552368164, "fun": "0.32601645725740913", "jac": "[-1.11022293e-05 -1.44328981e-05 -6.66133760e-06  9.99200639e-06\n  0.00000000e+00 -2.22044587e-06]", "hess_inv": "[[ 3.28018877 -1.23740428 -0.25275353  0.80259887  0.71469284 -0.60297432]\n [-1.23740428  3.99268588 -1.42407471  1.61011778 -1.10161475  0.44993163]\n [-0.25275353 -1.42407471  3.70449071 -0.75158349 -0.44135051 -0.38087561]\n [ 0.80259887  1.61011778 -0.75158349  3.84481217 -0.55171675  0.37704884]\n [ 0.71469284 -1.10161475 -0.44135051 -0.55171675  3.63364274  0.04119968]\n [-0.60297432  0.44993163 -0.38087561  0.37704884  0.04119968  3.36474801]]", "nfev": "133", "njev": "19", "status": "0", "success": "True", "message": "Optimization terminated successfully.", "x": "[4.87740159 4.33240174 3.22156009 4.58755931 0.7850473  2.24983835]", "nit": "18"}, "2": {"maxiter": 100, "gtol": 1e-05, "xrtol": 1e-10, "eps": 1e-05, "duration": 0.024580001831054688, "fun": "0.32601645670525803", "jac": "[-3.47339935e-06 -5.16793275e-06 -4.03537204e-06  1.44398937e-06\n  1.64509517e-06  8.75677308e-07]", "hess_inv": "[[ 3.48498833 -0.93840174 -0.13715428  0.55175788  0.70366328 -0.46578362]\n [-0.93840174  3.9680636  -1.57120777  1.30348951 -0.7847392   0.76251635]\n [-0.13715428 -1.57120777  3.50922299 -0.83973438 -0.19399026 -0.22470592]\n [ 0.55175788  1.30348951 -0.83973438  4.18077353 -0.58333524  0.21109534]\n [ 0.70366328 -0.7847392  -0.19399026 -0.58333524  3.37759385 -0.04335997]\n [-0.46578362  0.76251635 -0.22470592  0.21109534 -0.04335997  3.45622081]]", "nfev": "140", "njev": "20", "status": "0", "success": "True", "message": "Optimization terminated successfully.", "x": "[4.87741828 4.3324218  3.22156491 4.58753033 0.78504682 2.24984445]", "nit": "19"}, "3": {"maxiter": 100, "gtol": 1e-05, "xrtol": 1e-10, "eps": 1e-10, "duration": 0.02444291114807129, "fun": "0.32601645666394974", "jac": "[-3.33066880e-06 -4.44089173e-06 -2.22044587e-06  3.33066880e-06\n  1.11022293e-06 -1.11022293e-06]", "hess_inv": "[[ 3.43528677 -0.90805285 -0.13207297  0.60277891  0.65296282 -0.55690773]\n [-0.90805285  4.06254806 -1.56838547  1.32743527 -0.79908412  0.78553641]\n [-0.13207297 -1.56838547  3.54349509 -0.81693544 -0.21346302 -0.19372522]\n [ 0.60277891  1.32743527 -0.81693544  4.07038251 -0.56974683  0.26420009]\n [ 0.65296282 -0.79908412 -0.21346302 -0.56974683  3.35953575 -0.14092064]\n [-0.55690773  0.78553641 -0.19372522  0.26420009 -0.14092064  3.28861514]]", "nfev": "140", "njev": "20", "status": "0", "success": "True", "message": "Optimization terminated successfully.", "x": "[4.87741848 4.33242833 3.22156733 4.58753963 0.78504697 2.24984688]", "nit": "19"}, "4": {"maxiter": 100, "gtol": 1e-10, "xrtol": 1e-05, "eps": 1e-05, "duration": 0.024456024169921875, "fun": "0.32601645670525803", "jac": "[-3.47339935e-06 -5.16793275e-06 -4.03537204e-06  1.44398937e-06\n  1.64509517e-06  8.75677308e-07]", "hess_inv": "[[ 3.48498833 -0.93840174 -0.13715428  0.55175788  0.70366328 -0.46578362]\n [-0.93840174  3.9680636  -1.57120777  1.30348951 -0.7847392   0.76251635]\n [-0.13715428 -1.57120777  3.50922299 -0.83973438 -0.19399026 -0.22470592]\n [ 0.55175788  1.30348951 -0.83973438  4.18077353 -0.58333524  0.21109534]\n [ 0.70366328 -0.7847392  -0.19399026 -0.58333524  3.37759385 -0.04335997]\n [-0.46578362  0.76251635 -0.22470592  0.21109534 -0.04335997  3.45622081]]", "nfev": "140", "njev": "20", "status": "0", "success": "True", "message": "Optimization terminated successfully.", "x": "[4.87741828 4.3324218  3.22156491 4.58753033 0.78504682 2.24984445]", "nit": "19"}, "5": {"maxiter": 100, "gtol": 1e-10, "xrtol": 1e-05, "eps": 1e-10, "duration": 0.02374720573425293, "fun": "0.32601645725740913", "jac": "[-1.11022293e-05 -1.44328981e-05 -6.66133760e-06  9.99200639e-06\n  0.00000000e+00 -2.22044587e-06]", "hess_inv": "[[ 3.28018877 -1.23740428 -0.25275353  0.80259887  0.71469284 -0.60297432]\n [-1.23740428  3.99268588 -1.42407471  1.61011778 -1.10161475  0.44993163]\n [-0.25275353 -1.42407471  3.70449071 -0.75158349 -0.44135051 -0.38087561]\n [ 0.80259887  1.61011778 -0.75158349  3.84481217 -0.55171675  0.37704884]\n [ 0.71469284 -1.10161475 -0.44135051 -0.55171675  3.63364274  0.04119968]\n [-0.60297432  0.44993163 -0.38087561  0.37704884  0.04119968  3.36474801]]", "nfev": "133", "njev": "19", "status": "0", "success": "True", "message": "Optimization terminated successfully.", "x": "[4.87740159 4.33240174 3.22156009 4.58755931 0.7850473  2.24983835]", "nit": "18"}, "6": {"maxiter": 100, "gtol": 1e-10, "xrtol": 1e-10, "eps": 1e-05, "duration": 0.07070517539978027, "fun": "0.326016456573189", "jac": "[ 4.85056439e-08  2.96429548e-08 -3.77142761e-08 -1.07114317e-07\n  6.54365451e-08  1.00397468e-07]", "hess_inv": "[[ 3.62215543 -0.61931391  0.10331436  0.59842119  0.43184087 -0.58828241]\n [-0.61931391  4.62998682 -1.09179479  1.35110134 -1.3048938   0.55260189]\n [ 0.10331436 -1.09179479  3.82821042 -0.85182211 -0.52970487 -0.34483382]\n [ 0.59842119  1.35110134 -0.85182211  4.10684404 -0.5519186   0.24927531]\n [ 0.43184087 -1.3048938  -0.52970487 -0.5519186   3.72517526  0.0737548 ]\n [-0.58828241  0.55260189 -0.34483382  0.24927531  0.0737548   3.48595527]]", "nfev": "395", "njev": "55", "status": "2", "success": "False", "message": "Desired error not necessarily achieved due to precision loss.", "x": "[4.87742737 4.33243947 3.22157744 4.58752967 0.78503448 2.24984109]", "nit": "21"}, "7": {"maxiter": 100, "gtol": 1e-10, "xrtol": 1e-10, "eps": 1e-10, "duration": 0.03895998001098633, "fun": "0.3260164565684187", "jac": "[ 0.00000000e+00 -1.11022293e-06  2.22044587e-06 -1.11022293e-06\n  0.00000000e+00 -1.11022293e-06]", "hess_inv": "[[ 2.22441526 -1.18313699 -0.10854883 -1.59457194 -0.6726728  -1.03684076]\n [-1.18313699  3.73495376  0.36110425  3.12658548 -2.78914965  0.78069495]\n [-0.10854883  0.36110425  0.28074482  0.22002898 -0.60276337  0.2198708 ]\n [-1.59457194  3.12658548  0.22002898  5.07915726 -2.83795     0.3057001 ]\n [-0.6726728  -2.78914965 -0.60276337 -2.83795     4.39018815  0.16370122]\n [-1.03684076  0.78069495  0.2198708   0.3057001   0.16370122  0.91124253]]", "nfev": "224", "njev": "32", "status": "2", "success": "False", "message": "Desired error not necessarily achieved due to precision loss.", "x": "[4.87742891 4.33244078 3.22158345 4.58753184 0.78503123 2.24984145]", "nit": "25"}, "8": {"maxiter": 500, "gtol": 1e-05, "xrtol": 1e-05, "eps": 1e-05, "duration": 0.02437615394592285, "fun": "0.32601645670525803", "jac": "[-3.47339935e-06 -5.16793275e-06 -4.03537204e-06  1.44398937e-06\n  1.64509517e-06  8.75677308e-07]", "hess_inv": "[[ 3.48498833 -0.93840174 -0.13715428  0.55175788  0.70366328 -0.46578362]\n [-0.93840174  3.9680636  -1.57120777  1.30348951 -0.7847392   0.76251635]\n [-0.13715428 -1.57120777  3.50922299 -0.83973438 -0.19399026 -0.22470592]\n [ 0.55175788  1.30348951 -0.83973438  4.18077353 -0.58333524  0.21109534]\n [ 0.70366328 -0.7847392  -0.19399026 -0.58333524  3.37759385 -0.04335997]\n [-0.46578362  0.76251635 -0.22470592  0.21109534 -0.04335997  3.45622081]]", "nfev": "140", "njev": "20", "status": "0", "success": "True", "message": "Optimization terminated successfully.", "x": "[4.87741828 4.3324218  3.22156491 4.58753033 0.78504682 2.24984445]", "nit": "19"}, "9": {"maxiter": 500, "gtol": 1e-05, "xrtol": 1e-05, "eps": 1e-10, "duration": 0.023148059844970703, "fun": "0.32601645725740913", "jac": "[-1.11022293e-05 -1.44328981e-05 -6.66133760e-06  9.99200639e-06\n  0.00000000e+00 -2.22044587e-06]", "hess_inv": "[[ 3.28018877 -1.23740428 -0.25275353  0.80259887  0.71469284 -0.60297432]\n [-1.23740428  3.99268588 -1.42407471  1.61011778 -1.10161475  0.44993163]\n [-0.25275353 -1.42407471  3.70449071 -0.75158349 -0.44135051 -0.38087561]\n [ 0.80259887  1.61011778 -0.75158349  3.84481217 -0.55171675  0.37704884]\n [ 0.71469284 -1.10161475 -0.44135051 -0.55171675  3.63364274  0.04119968]\n [-0.60297432  0.44993163 -0.38087561  0.37704884  0.04119968  3.36474801]]", "nfev": "133", "njev": "19", "status": "0", "success": "True", "message": "Optimization terminated successfully.", "x": "[4.87740159 4.33240174 3.22156009 4.58755931 0.7850473  2.24983835]", "nit": "18"}, "10": {"maxiter": 500, "gtol": 1e-05, "xrtol": 1e-10, "eps": 1e-05, "duration": 0.024432897567749023, "fun": "0.32601645670525803", "jac": "[-3.47339935e-06 -5.16793275e-06 -4.03537204e-06  1.44398937e-06\n  1.64509517e-06  8.75677308e-07]", "hess_inv": "[[ 3.48498833 -0.93840174 -0.13715428  0.55175788  0.70366328 -0.46578362]\n [-0.93840174  3.9680636  -1.57120777  1.30348951 -0.7847392   0.76251635]\n [-0.13715428 -1.57120777  3.50922299 -0.83973438 -0.19399026 -0.22470592]\n [ 0.55175788  1.30348951 -0.83973438  4.18077353 -0.58333524  0.21109534]\n [ 0.70366328 -0.7847392  -0.19399026 -0.58333524  3.37759385 -0.04335997]\n [-0.46578362  0.76251635 -0.22470592  0.21109534 -0.04335997  3.45622081]]", "nfev": "140", "njev": "20", "status": "0", "success": "True", "message": "Optimization terminated successfully.", "x": "[4.87741828 4.3324218  3.22156491 4.58753033 0.78504682 2.24984445]", "nit": "19"}, "11": {"maxiter": 500, "gtol": 1e-05, "xrtol": 1e-10, "eps": 1e-10, "duration": 0.0243380069732666, "fun": "0.32601645666394974", "jac": "[-3.33066880e-06 -4.44089173e-06 -2.22044587e-06  3.33066880e-06\n  1.11022293e-06 -1.11022293e-06]", "hess_inv": "[[ 3.43528677 -0.90805285 -0.13207297  0.60277891  0.65296282 -0.55690773]\n [-0.90805285  4.06254806 -1.56838547  1.32743527 -0.79908412  0.78553641]\n [-0.13207297 -1.56838547  3.54349509 -0.81693544 -0.21346302 -0.19372522]\n [ 0.60277891  1.32743527 -0.81693544  4.07038251 -0.56974683  0.26420009]\n [ 0.65296282 -0.79908412 -0.21346302 -0.56974683  3.35953575 -0.14092064]\n [-0.55690773  0.78553641 -0.19372522  0.26420009 -0.14092064  3.28861514]]", "nfev": "140", "njev": "20", "status": "0", "success": "True", "message": "Optimization terminated successfully.", "x": "[4.87741848 4.33242833 3.22156733 4.58753963 0.78504697 2.24984688]", "nit": "19"}, "12": {"maxiter": 500, "gtol": 1e-10, "xrtol": 1e-05, "eps": 1e-05, "duration": 0.02433013916015625, "fun": "0.32601645670525803", "jac": "[-3.47339935e-06 -5.16793275e-06 -4.03537204e-06  1.44398937e-06\n  1.64509517e-06  8.75677308e-07]", "hess_inv": "[[ 3.48498833 -0.93840174 -0.13715428  0.55175788  0.70366328 -0.46578362]\n [-0.93840174  3.9680636  -1.57120777  1.30348951 -0.7847392   0.76251635]\n [-0.13715428 -1.57120777  3.50922299 -0.83973438 -0.19399026 -0.22470592]\n [ 0.55175788  1.30348951 -0.83973438  4.18077353 -0.58333524  0.21109534]\n [ 0.70366328 -0.7847392  -0.19399026 -0.58333524  3.37759385 -0.04335997]\n [-0.46578362  0.76251635 -0.22470592  0.21109534 -0.04335997  3.45622081]]", "nfev": "140", "njev": "20", "status": "0", "success": "True", "message": "Optimization terminated successfully.", "x": "[4.87741828 4.3324218  3.22156491 4.58753033 0.78504682 2.24984445]", "nit": "19"}, "13": {"maxiter": 500, "gtol": 1e-10, "xrtol": 1e-05, "eps": 1e-10, "duration": 0.023143768310546875, "fun": "0.32601645725740913", "jac": "[-1.11022293e-05 -1.44328981e-05 -6.66133760e-06  9.99200639e-06\n  0.00000000e+00 -2.22044587e-06]", "hess_inv": "[[ 3.28018877 -1.23740428 -0.25275353  0.80259887  0.71469284 -0.60297432]\n [-1.23740428  3.99268588 -1.42407471  1.61011778 -1.10161475  0.44993163]\n [-0.25275353 -1.42407471  3.70449071 -0.75158349 -0.44135051 -0.38087561]\n [ 0.80259887  1.61011778 -0.75158349  3.84481217 -0.55171675  0.37704884]\n [ 0.71469284 -1.10161475 -0.44135051 -0.55171675  3.63364274  0.04119968]\n [-0.60297432  0.44993163 -0.38087561  0.37704884  0.04119968  3.36474801]]", "nfev": "133", "njev": "19", "status": "0", "success": "True", "message": "Optimization terminated successfully.", "x": "[4.87740159 4.33240174 3.22156009 4.58755931 0.7850473  2.24983835]", "nit": "18"}, "14": {"maxiter": 500, "gtol": 1e-10, "xrtol": 1e-10, "eps": 1e-05, "duration": 0.06795406341552734, "fun": "0.326016456573189", "jac": "[ 4.85056439e-08  2.96429548e-08 -3.77142761e-08 -1.07114317e-07\n  6.54365451e-08  1.00397468e-07]", "hess_inv": "[[ 3.62215543 -0.61931391  0.10331436  0.59842119  0.43184087 -0.58828241]\n [-0.61931391  4.62998682 -1.09179479  1.35110134 -1.3048938   0.55260189]\n [ 0.10331436 -1.09179479  3.82821042 -0.85182211 -0.52970487 -0.34483382]\n [ 0.59842119  1.35110134 -0.85182211  4.10684404 -0.5519186   0.24927531]\n [ 0.43184087 -1.3048938  -0.52970487 -0.5519186   3.72517526  0.0737548 ]\n [-0.58828241  0.55260189 -0.34483382  0.24927531  0.0737548   3.48595527]]", "nfev": "395", "njev": "55", "status": "2", "success": "False", "message": "Desired error not necessarily achieved due to precision loss.", "x": "[4.87742737 4.33243947 3.22157744 4.58752967 0.78503448 2.24984109]", "nit": "21"}, "15": {"maxiter": 500, "gtol": 1e-10, "xrtol": 1e-10, "eps": 1e-10, "duration": 0.03939199447631836, "fun": "0.3260164565684187", "jac": "[ 0.00000000e+00 -1.11022293e-06  2.22044587e-06 -1.11022293e-06\n  0.00000000e+00 -1.11022293e-06]", "hess_inv": "[[ 2.22441526 -1.18313699 -0.10854883 -1.59457194 -0.6726728  -1.03684076]\n [-1.18313699  3.73495376  0.36110425  3.12658548 -2.78914965  0.78069495]\n [-0.10854883  0.36110425  0.28074482  0.22002898 -0.60276337  0.2198708 ]\n [-1.59457194  3.12658548  0.22002898  5.07915726 -2.83795     0.3057001 ]\n [-0.6726728  -2.78914965 -0.60276337 -2.83795     4.39018815  0.16370122]\n [-1.03684076  0.78069495  0.2198708   0.3057001   0.16370122  0.91124253]]", "nfev": "224", "njev": "32", "status": "2", "success": "False", "message": "Desired error not necessarily achieved due to precision loss.", "x": "[4.87742891 4.33244078 3.22158345 4.58753184 0.78503123 2.24984145]", "nit": "25"}, "16": {"maxiter": 1000, "gtol": 1e-05, "xrtol": 1e-05, "eps": 1e-05, "duration": 0.02431631088256836, "fun": "0.32601645670525803", "jac": "[-3.47339935e-06 -5.16793275e-06 -4.03537204e-06  1.44398937e-06\n  1.64509517e-06  8.75677308e-07]", "hess_inv": "[[ 3.48498833 -0.93840174 -0.13715428  0.55175788  0.70366328 -0.46578362]\n [-0.93840174  3.9680636  -1.57120777  1.30348951 -0.7847392   0.76251635]\n [-0.13715428 -1.57120777  3.50922299 -0.83973438 -0.19399026 -0.22470592]\n [ 0.55175788  1.30348951 -0.83973438  4.18077353 -0.58333524  0.21109534]\n [ 0.70366328 -0.7847392  -0.19399026 -0.58333524  3.37759385 -0.04335997]\n [-0.46578362  0.76251635 -0.22470592  0.21109534 -0.04335997  3.45622081]]", "nfev": "140", "njev": "20", "status": "0", "success": "True", "message": "Optimization terminated successfully.", "x": "[4.87741828 4.3324218  3.22156491 4.58753033 0.78504682 2.24984445]", "nit": "19"}, "17": {"maxiter": 1000, "gtol": 1e-05, "xrtol": 1e-05, "eps": 1e-10, "duration": 0.023011207580566406, "fun": "0.32601645725740913", "jac": "[-1.11022293e-05 -1.44328981e-05 -6.66133760e-06  9.99200639e-06\n  0.00000000e+00 -2.22044587e-06]", "hess_inv": "[[ 3.28018877 -1.23740428 -0.25275353  0.80259887  0.71469284 -0.60297432]\n [-1.23740428  3.99268588 -1.42407471  1.61011778 -1.10161475  0.44993163]\n [-0.25275353 -1.42407471  3.70449071 -0.75158349 -0.44135051 -0.38087561]\n [ 0.80259887  1.61011778 -0.75158349  3.84481217 -0.55171675  0.37704884]\n [ 0.71469284 -1.10161475 -0.44135051 -0.55171675  3.63364274  0.04119968]\n [-0.60297432  0.44993163 -0.38087561  0.37704884  0.04119968  3.36474801]]", "nfev": "133", "njev": "19", "status": "0", "success": "True", "message": "Optimization terminated successfully.", "x": "[4.87740159 4.33240174 3.22156009 4.58755931 0.7850473  2.24983835]", "nit": "18"}, "18": {"maxiter": 1000, "gtol": 1e-05, "xrtol": 1e-10, "eps": 1e-05, "duration": 0.024222850799560547, "fun": "0.32601645670525803", "jac": "[-3.47339935e-06 -5.16793275e-06 -4.03537204e-06  1.44398937e-06\n  1.64509517e-06  8.75677308e-07]", "hess_inv": "[[ 3.48498833 -0.93840174 -0.13715428  0.55175788  0.70366328 -0.46578362]\n [-0.93840174  3.9680636  -1.57120777  1.30348951 -0.7847392   0.76251635]\n [-0.13715428 -1.57120777  3.50922299 -0.83973438 -0.19399026 -0.22470592]\n [ 0.55175788  1.30348951 -0.83973438  4.18077353 -0.58333524  0.21109534]\n [ 0.70366328 -0.7847392  -0.19399026 -0.58333524  3.37759385 -0.04335997]\n [-0.46578362  0.76251635 -0.22470592  0.21109534 -0.04335997  3.45622081]]", "nfev": "140", "njev": "20", "status": "0", "success": "True", "message": "Optimization terminated successfully.", "x": "[4.87741828 4.3324218  3.22156491 4.58753033 0.78504682 2.24984445]", "nit": "19"}, "19": {"maxiter": 1000, "gtol": 1e-05, "xrtol": 1e-10, "eps": 1e-10, "duration": 0.02417778968811035, "fun": "0.32601645666394974", "jac": "[-3.33066880e-06 -4.44089173e-06 -2.22044587e-06  3.33066880e-06\n  1.11022293e-06 -1.11022293e-06]", "hess_inv": "[[ 3.43528677 -0.90805285 -0.13207297  0.60277891  0.65296282 -0.55690773]\n [-0.90805285  4.06254806 -1.56838547  1.32743527 -0.79908412  0.78553641]\n [-0.13207297 -1.56838547  3.54349509 -0.81693544 -0.21346302 -0.19372522]\n [ 0.60277891  1.32743527 -0.81693544  4.07038251 -0.56974683  0.26420009]\n [ 0.65296282 -0.79908412 -0.21346302 -0.56974683  3.35953575 -0.14092064]\n [-0.55690773  0.78553641 -0.19372522  0.26420009 -0.14092064  3.28861514]]", "nfev": "140", "njev": "20", "status": "0", "success": "True", "message": "Optimization terminated successfully.", "x": "[4.87741848 4.33242833 3.22156733 4.58753963 0.78504697 2.24984688]", "nit": "19"}, "20": {"maxiter": 1000, "gtol": 1e-10, "xrtol": 1e-05, "eps": 1e-05, "duration": 0.024466991424560547, "fun": "0.32601645670525803", "jac": "[-3.47339935e-06 -5.16793275e-06 -4.03537204e-06  1.44398937e-06\n  1.64509517e-06  8.75677308e-07]", "hess_inv": "[[ 3.48498833 -0.93840174 -0.13715428  0.55175788  0.70366328 -0.46578362]\n [-0.93840174  3.9680636  -1.57120777  1.30348951 -0.7847392   0.76251635]\n [-0.13715428 -1.57120777  3.50922299 -0.83973438 -0.19399026 -0.22470592]\n [ 0.55175788  1.30348951 -0.83973438  4.18077353 -0.58333524  0.21109534]\n [ 0.70366328 -0.7847392  -0.19399026 -0.58333524  3.37759385 -0.04335997]\n [-0.46578362  0.76251635 -0.22470592  0.21109534 -0.04335997  3.45622081]]", "nfev": "140", "njev": "20", "status": "0", "success": "True", "message": "Optimization terminated successfully.", "x": "[4.87741828 4.3324218  3.22156491 4.58753033 0.78504682 2.24984445]", "nit": "19"}, "21": {"maxiter": 1000, "gtol": 1e-10, "xrtol": 1e-05, "eps": 1e-10, "duration": 0.022948265075683594, "fun": "0.32601645725740913", "jac": "[-1.11022293e-05 -1.44328981e-05 -6.66133760e-06  9.99200639e-06\n  0.00000000e+00 -2.22044587e-06]", "hess_inv": "[[ 3.28018877 -1.23740428 -0.25275353  0.80259887  0.71469284 -0.60297432]\n [-1.23740428  3.99268588 -1.42407471  1.61011778 -1.10161475  0.44993163]\n [-0.25275353 -1.42407471  3.70449071 -0.75158349 -0.44135051 -0.38087561]\n [ 0.80259887  1.61011778 -0.75158349  3.84481217 -0.55171675  0.37704884]\n [ 0.71469284 -1.10161475 -0.44135051 -0.55171675  3.63364274  0.04119968]\n [-0.60297432  0.44993163 -0.38087561  0.37704884  0.04119968  3.36474801]]", "nfev": "133", "njev": "19", "status": "0", "success": "True", "message": "Optimization terminated successfully.", "x": "[4.87740159 4.33240174 3.22156009 4.58755931 0.7850473  2.24983835]", "nit": "18"}, "22": {"maxiter": 1000, "gtol": 1e-10, "xrtol": 1e-10, "eps": 1e-05, "duration": 0.06789493560791016, "fun": "0.326016456573189", "jac": "[ 4.85056439e-08  2.96429548e-08 -3.77142761e-08 -1.07114317e-07\n  6.54365451e-08  1.00397468e-07]", "hess_inv": "[[ 3.62215543 -0.61931391  0.10331436  0.59842119  0.43184087 -0.58828241]\n [-0.61931391  4.62998682 -1.09179479  1.35110134 -1.3048938   0.55260189]\n [ 0.10331436 -1.09179479  3.82821042 -0.85182211 -0.52970487 -0.34483382]\n [ 0.59842119  1.35110134 -0.85182211  4.10684404 -0.5519186   0.24927531]\n [ 0.43184087 -1.3048938  -0.52970487 -0.5519186   3.72517526  0.0737548 ]\n [-0.58828241  0.55260189 -0.34483382  0.24927531  0.0737548   3.48595527]]", "nfev": "395", "njev": "55", "status": "2", "success": "False", "message": "Desired error not necessarily achieved due to precision loss.", "x": "[4.87742737 4.33243947 3.22157744 4.58752967 0.78503448 2.24984109]", "nit": "21"}, "23": {"maxiter": 1000, "gtol": 1e-10, "xrtol": 1e-10, "eps": 1e-10, "duration": 0.039071083068847656, "fun": "0.3260164565684187", "jac": "[ 0.00000000e+00 -1.11022293e-06  2.22044587e-06 -1.11022293e-06\n  0.00000000e+00 -1.11022293e-06]", "hess_inv": "[[ 2.22441526 -1.18313699 -0.10854883 -1.59457194 -0.6726728  -1.03684076]\n [-1.18313699  3.73495376  0.36110425  3.12658548 -2.78914965  0.78069495]\n [-0.10854883  0.36110425  0.28074482  0.22002898 -0.60276337  0.2198708 ]\n [-1.59457194  3.12658548  0.22002898  5.07915726 -2.83795     0.3057001 ]\n [-0.6726728  -2.78914965 -0.60276337 -2.83795     4.39018815  0.16370122]\n [-1.03684076  0.78069495  0.2198708   0.3057001   0.16370122  0.91124253]]", "nfev": "224", "njev": "32", "status": "2", "success": "False", "message": "Desired error not necessarily achieved due to precision loss.", "x": "[4.87742891 4.33244078 3.22158345 4.58753184 0.78503123 2.24984145]", "nit": "25"}}, "cobyla": {"0": {"maxiter": 100, "tol": 1e-05, "catol": 1e-05, "duration": 0.016604900360107422, "x": "[4.87861285 4.33300036 3.22091182 4.58845819 0.78445042 2.25034851]", "status": "2", "success": "False", "message": "Maximum number of function evaluations has been exceeded.", "nfev": "100", "fun": "0.3260168879120796", "maxcv": "0.0"}, "1": {"maxiter": 100, "tol": 1e-05, "catol": 1e-10, "duration": 0.016630887985229492, "x": "[4.87861285 4.33300036 3.22091182 4.58845819 0.78445042 2.25034851]", "status": "2", "success": "False", "message": "Maximum number of function evaluations has been exceeded.", "nfev": "100", "fun": "0.3260168879120796", "maxcv": "0.0"}, "2": {"maxiter": 100, "tol": 1e-10, "catol": 1e-05, "duration": 0.016499757766723633, "x": "[4.87861285 4.33300036 3.22091182 4.58845819 0.78445042 2.25034851]", "status": "2", "success": "False", "message": "Maximum number of function evaluations has been exceeded.", "nfev": "100", "fun": "0.3260168879120796", "maxcv": "0.0"}, "3": {"maxiter": 100, "tol": 1e-10, "catol": 1e-10, "duration": 0.01643204689025879, "x": "[4.87861285 4.33300036 3.22091182 4.58845819 0.78445042 2.25034851]", "status": "2", "success": "False", "message": "Maximum number of function evaluations has been exceeded.", "nfev": "100", "fun": "0.3260168879120796", "maxcv": "0.0"}, "4": {"maxiter": 500, "tol": 1e-05, "catol": 1e-05, "duration": 0.029326915740966797, "x": "[4.8774418  4.33244964 3.22157902 4.58753202 0.78502953 2.24984642]", "status": "1", "success": "True", "message": "Optimization terminated successfully.", "nfev": "171", "fun": "0.3260164565887783", "maxcv": "0.0"}, "5": {"maxiter": 500, "tol": 1e-05, "catol": 1e-10, "duration": 0.028265953063964844, "x": "[4.8774418  4.33244964 3.22157902 4.58753202 0.78502953 2.24984642]", "status": "1", "success": "True", "message": "Optimization terminated successfully.", "nfev": "171", "fun": "0.3260164565887783", "maxcv": "0.0"}, "6": {"maxiter": 500, "tol": 1e-10, "catol": 1e-05, "duration": 0.04264211654663086, "x": "[4.87743235 4.33244518 3.22157894 4.58753683 0.78503754 2.2498459 ]", "status": "1", "success": "True", "message": "Optimization terminated successfully.", "nfev": "258", "fun": "0.3260164565532382", "maxcv": "0.0"}, "7": {"maxiter": 500, "tol": 1e-10, "catol": 1e-10, "duration": 0.04260373115539551, "x": "[4.87743235 4.33244518 3.22157894 4.58753683 0.78503754 2.2498459 ]", "status": "1", "success": "True", "message": "Optimization terminated successfully.", "nfev": "258", "fun": "0.3260164565532382", "maxcv": "0.0"}, "8": {"maxiter": 1000, "tol": 1e-05, "catol": 1e-05, "duration": 0.028149127960205078, "x": "[4.8774418  4.33244964 3.22157902 4.58753202 0.78502953 2.24984642]", "status