{"date": "2024/07/19/, 14:36:05", "conf_id": 212, "data_type": "non_lin_ind\n", "num_data_points": 3, "s_rank": 0, "unitary": "[[0.18663085-0.53122324j,-0.11886349-0.70040876j,0.28555095-0.02789305j,-0.12262021-0.2844587j],[-0.16702216+0.27758472j,0.27526351-0.29738586j,-0.01109314+0.22495461j,-0.77239203+0.28900673j],[0.61935415+0.12301792j,-0.31269928-0.03315917j,-0.61902762-0.19039079j,-0.27120731-0.0968989j],[0.42341754+0.0023929j,-0.05847358+0.47832119j,0.64900495-0.16218422j,-0.37182676-0.05229966j]]", "databatch_0": {"databatch": "[[[-0.10304931+5.79081775e-02j,-0.0114661+5.29792102e-02j,-0.06925367-3.95944196e-01j,0.03345789+2.39318175e-02j],[-0.12949297-4.63303629e-02j,-0.25822105-2.53963929e-01j,0.34804106+1.24018668e-01j,0.25997982+7.51380115e-02j],[-0.10325074+3.29594202e-01j,-0.16470558-1.86736552e-01j,-0.21538529-1.14048170e-02j,0.29933916-6.86002390e-02j],[-0.1419607-1.04569840e-01j,0.13891965+1.84756021e-01j,0.15123269-1.17819582e-01j,-0.12881504-6.65205325e-04j]],[[0.11868462-8.08957407e-02j,-0.0812954+1.01271808e-01j,-0.07230828+7.37760414e-02j,-0.03824811+5.70909692e-02j],[0.38135682+1.29770192e-01j,-0.41393002-3.55001660e-01j,-0.12844346-1.16085788e-02j,0.04356881-2.22493356e-03j],[0.27707835-5.54288164e-02j,-0.5037677+1.21109143e-02j,-0.11632928+1.24242238e-02j,-0.0328934-6.87101725e-02j],[-0.23321717+1.90971860e-05j,0.0791079-3.77210395e-02j,0.13446618-1.09991573e-01j,0.05998021-1.40807011e-01j]],[[0.00526679+8.43791826e-02j,-0.07791552+1.51986484e-01j,-0.03436771+1.02640640e-01j,-0.03458272+2.53309361e-02j],[-0.25612175+1.88855317e-01j,-0.27583976+1.47593445e-01j,-0.23864345+1.90598693e-01j,-0.29236221-4.57183287e-02j],[-0.07937497+2.89476943e-01j,-0.02695598+3.92964243e-01j,-0.04828202+3.63976007e-01j,-0.31419681+1.27081483e-01j],[0.03040155-1.14921440e-01j,-0.01830229-1.49826106e-01j,-0.01068447-1.48551845e-01j,0.10486065-7.16375690e-02j]]]", "initial param values": "[5.75938327,2.42187242,0.9156309,2.29623019,1.98681445,6.0870235]", "nelder_mead": {"type": "gradient-free", "0": {"maxiter": 100, "fatol": 1e-05, "xatol": 1e-05, "duration": 0.02660512924194336, "fun": "0.2295655990999621", "nit": "100", "nfev": "156", "status": "2", "success": "False", "message": "Maximum number of iterations has been exceeded.", "x": "[5.25639475 3.63809839 1.01154605 2.91781899 1.02065937 3.56367614]", "final_simplex": "(array([[5.25639475, 3.63809839, 1.01154605, 2.91781899, 1.02065937,\n        3.56367614],\n       [5.29563734, 3.64111309, 1.01316418, 2.92983982, 1.00365316,\n        3.51617193],\n       [5.28252309, 3.6655758 , 1.00980564, 2.92607267, 1.00771749,\n        3.51360514],\n       [5.29596176, 3.64306269, 1.01134688, 2.91943554, 1.01730502,\n        3.53553934],\n       [5.30069559, 3.63180838, 1.0119867 , 2.93479091, 1.00030776,\n        3.49361698],\n       [5.26327588, 3.62279866, 1.00198853, 2.90440285, 1.06510642,\n        3.55997821],\n       [5.28429588, 3.65119901, 1.01749783, 2.92556254, 1.00414812,\n        3.51945329]]), array([0.2295656 , 0.22968783, 0.22969289, 0.2297265 , 0.22977571,\n       0.2298986 , 0.22997145]))"}, "1": {"maxiter": 100, "fatol": 1e-05, "xatol": 1e-10, "duration": 0.0265500545501709, "fun": "0.2295655990999621", "nit": "100", "nfev": "156", "status": "2", "success": "False", "message": "Maximum number of iterations has been exceeded.", "x": "[5.25639475 3.63809839 1.01154605 2.91781899 1.02065937 3.56367614]", "final_simplex": "(array([[5.25639475, 3.63809839, 1.01154605, 2.91781899, 1.02065937,\n        3.56367614],\n       [5.29563734, 3.64111309, 1.01316418, 2.92983982, 1.00365316,\n        3.51617193],\n       [5.28252309, 3.6655758 , 1.00980564, 2.92607267, 1.00771749,\n        3.51360514],\n       [5.29596176, 3.64306269, 1.01134688, 2.91943554, 1.01730502,\n        3.53553934],\n       [5.30069559, 3.63180838, 1.0119867 , 2.93479091, 1.00030776,\n        3.49361698],\n       [5.26327588, 3.62279866, 1.00198853, 2.90440285, 1.06510642,\n        3.55997821],\n       [5.28429588, 3.65119901, 1.01749783, 2.92556254, 1.00414812,\n        3.51945329]]), array([0.2295656 , 0.22968783, 0.22969289, 0.2297265 , 0.22977571,\n       0.2298986 , 0.22997145]))"}, "2": {"maxiter": 100, "fatol": 1e-10, "xatol": 1e-05, "duration": 0.027330875396728516, "fun": "0.2295655990999621", "nit": "100", "nfev": "156", "status": "2", "success": "False", "message": "Maximum number of iterations has been exceeded.", "x": "[5.25639475 3.63809839 1.01154605 2.91781899 1.02065937 3.56367614]", "final_simplex": "(array([[5.25639475, 3.63809839, 1.01154605, 2.91781899, 1.02065937,\n        3.56367614],\n       [5.29563734, 3.64111309, 1.01316418, 2.92983982, 1.00365316,\n        3.51617193],\n       [5.28252309, 3.6655758 , 1.00980564, 2.92607267, 1.00771749,\n        3.51360514],\n       [5.29596176, 3.64306269, 1.01134688, 2.91943554, 1.01730502,\n        3.53553934],\n       [5.30069559, 3.63180838, 1.0119867 , 2.93479091, 1.00030776,\n        3.49361698],\n       [5.26327588, 3.62279866, 1.00198853, 2.90440285, 1.06510642,\n        3.55997821],\n       [5.28429588, 3.65119901, 1.01749783, 2.92556254, 1.00414812,\n        3.51945329]]), array([0.2295656 , 0.22968783, 0.22969289, 0.2297265 , 0.22977571,\n       0.2298986 , 0.22997145]))"}, "3": {"maxiter": 100, "fatol": 1e-10, "xatol": 1e-10, "duration": 0.027122974395751953, "fun": "0.2295655990999621", "nit": "100", "nfev": "156", "status": "2", "success": "False", "message": "Maximum number of iterations has been exceeded.", "x": "[5.25639475 3.63809839 1.01154605 2.91781899 1.02065937 3.56367614]", "final_simplex": "(array([[5.25639475, 3.63809839, 1.01154605, 2.91781899, 1.02065937,\n        3.56367614],\n       [5.29563734, 3.64111309, 1.01316418, 2.92983982, 1.00365316,\n        3.51617193],\n       [5.28252309, 3.6655758 , 1.00980564, 2.92607267, 1.00771749,\n        3.51360514],\n       [5.29596176, 3.64306269, 1.01134688, 2.91943554, 1.01730502,\n        3.53553934],\n       [5.30069559, 3.63180838, 1.0119867 , 2.93479091, 1.00030776,\n        3.49361698],\n       [5.26327588, 3.62279866, 1.00198853, 2.90440285, 1.06510642,\n        3.55997821],\n       [5.28429588, 3.65119901, 1.01749783, 2.92556254, 1.00414812,\n        3.51945329]]), array([0.2295656 , 0.22968783, 0.22969289, 0.2297265 , 0.22977571,\n       0.2298986 , 0.22997145]))"}, "4": {"maxiter": 500, "fatol": 1e-05, "xatol": 1e-05, "duration": 0.13308191299438477, "fun": "0.12594341920372765", "nit": "500", "nfev": "769", "status": "2", "success": "False", "message": "Maximum number of iterations has been exceeded.", "x": "[4.70447232 4.43860524 0.43374568 2.05595769 0.13676781 2.21108463]", "final_simplex": "(array([[4.70447232, 4.43860524, 0.43374568, 2.05595769, 0.13676781,\n        2.21108463],\n       [4.70413218, 4.43907203, 0.43294937, 2.05746707, 0.13737906,\n        2.21019959],\n       [4.70231491, 4.43924014, 0.43432122, 2.05622898, 0.13755908,\n        2.211674  ],\n       [4.7042946 , 4.440076  , 0.43304795, 2.0568086 , 0.13765149,\n        2.21075449],\n       [4.70356708, 4.44041206, 0.43192348, 2.05620941, 0.13721066,\n        2.2091188 ],\n       [4.70348166, 4.43717525, 0.43222053, 2.05749172, 0.1397675 ,\n        2.21287542],\n       [4.70278011, 4.43896639, 0.43418601, 2.05638961, 0.13921034,\n        2.21207657]]), array([0.12594342, 0.12594347, 0.12594357, 0.12594374, 0.12594377,\n       0.12594378, 0.12594388]))"}, "5": {"maxiter": 500, "fatol": 1e-05, "xatol": 1e-10, "duration": 0.13575410842895508, "fun": "0.12594341920372765", "nit": "500", "nfev": "769", "status": "2", "success": "False", "message": "Maximum number of iterations has been exceeded.", "x": "[4.70447232 4.43860524 0.43374568 2.05595769 0.13676781 2.21108463]", "final_simplex": "(array([[4.70447232, 4.43860524, 0.43374568, 2.05595769, 0.13676781,\n        2.21108463],\n       [4.70413218, 4.43907203, 0.43294937, 2.05746707, 0.13737906,\n        2.21019959],\n       [4.70231491, 4.43924014, 0.43432122, 2.05622898, 0.13755908,\n        2.211674  ],\n       [4.7042946 , 4.440076  , 0.43304795, 2.0568086 , 0.13765149,\n        2.21075449],\n       [4.70356708, 4.44041206, 0.43192348, 2.05620941, 0.13721066,\n        2.2091188 ],\n       [4.70348166, 4.43717525, 0.43222053, 2.05749172, 0.1397675 ,\n        2.21287542],\n       [4.70278011, 4.43896639, 0.43418601, 2.05638961, 0.13921034,\n        2.21207657]]), array([0.12594342, 0.12594347, 0.12594357, 0.12594374, 0.12594377,\n       0.12594378, 0.12594388]))"}, "6": {"maxiter": 500, "fatol": 1e-10, "xatol": 1e-05, "duration": 0.1330709457397461, "fun": "0.12594341920372765", "nit": "500", "nfev": "769", "status": "2", "success": "False", "message": "Maximum number of iterations has been exceeded.", "x": "[4.70447232 4.43860524 0.43374568 2.05595769 0.13676781 2.21108463]", "final_simplex": "(array([[4.70447232, 4.43860524, 0.43374568, 2.05595769, 0.13676781,\n        2.21108463],\n       [4.70413218, 4.43907203, 0.43294937, 2.05746707, 0.13737906,\n        2.21019959],\n       [4.70231491, 4.43924014, 0.43432122, 2.05622898, 0.13755908,\n        2.211674  ],\n       [4.7042946 , 4.440076  , 0.43304795, 2.0568086 , 0.13765149,\n        2.21075449],\n       [4.70356708, 4.44041206, 0.43192348, 2.05620941, 0.13721066,\n        2.2091188 ],\n       [4.70348166, 4.43717525, 0.43222053, 2.05749172, 0.1397675 ,\n        2.21287542],\n       [4.70278011, 4.43896639, 0.43418601, 2.05638961, 0.13921034,\n        2.21207657]]), array([0.12594342, 0.12594347, 0.12594357, 0.12594374, 0.12594377,\n       0.12594378, 0.12594388]))"}, "7": {"maxiter": 500, "fatol": 1e-10, "xatol": 1e-10, "duration": 0.13754701614379883, "fun": "0.12594341920372765", "nit": "500", "nfev": "769", "status": "2", "success": "False", "message": "Maximum number of iterations has been exceeded.", "x": "[4.70447232 4.43860524 0.43374568 2.05595769 0.13676781 2.21108463]", "final_simplex": "(array([[4.70447232, 4.43860524, 0.43374568, 2.05595769, 0.13676781,\n        2.21108463],\n       [4.70413218, 4.43907203, 0.43294937, 2.05746707, 0.13737906,\n        2.21019959],\n       [4.70231491, 4.43924014, 0.43432122, 2.05622898, 0.13755908,\n        2.211674  ],\n       [4.7042946 , 4.440076  , 0.43304795, 2.0568086 , 0.13765149,\n        2.21075449],\n       [4.70356708, 4.44041206, 0.43192348, 2.05620941, 0.13721066,\n        2.2091188 ],\n       [4.70348166, 4.43717525, 0.43222053, 2.05749172, 0.1397675 ,\n        2.21287542],\n       [4.70278011, 4.43896639, 0.43418601, 2.05638961, 0.13921034,\n        2.21207657]]), array([0.12594342, 0.12594347, 0.12594357, 0.12594374, 0.12594377,\n       0.12594378, 0.12594388]))"}, "8": {"maxiter": 1000, "fatol": 1e-05, "xatol": 1e-05, "duration": 0.15869498252868652, "fun": "0.12594315542514634", "nit": "582", "nfev": "910", "status": "0", "success": "True", "message": "Optimization terminated successfully.", "x": "[4.70356075 4.4383319  0.43398849 2.05641438 0.13751732 2.21194616]", "final_simplex": "(array([[4.70356075, 4.4383319 , 0.43398849, 2.05641438, 0.13751732,\n        2.21194616],\n       [4.70355806, 4.43832863, 0.4339959 , 2.05641283, 0.13751975,\n        2.21195417],\n       [4.70355593, 4.43832989, 0.43399144, 2.05641487, 0.13751821,\n        2.21194383],\n       [4.70355538, 4.43833369, 0.43399092, 2.05641144, 0.13752143,\n        2.21194755],\n       [4.7035591 , 4.43833534, 0.43399089, 2.05641544, 0.13751664,\n        2.2119441 ],\n       [4.70356064, 4.4383339 , 0.43399108, 2.05641257, 0.1375166 ,\n        2.21194355],\n       [4.70355959, 4.43833262, 0.43398747, 2.05641806, 0.13751995,\n        2.21194397]]), array([0.12594316, 0.12594316, 0.12594316, 0.12594316, 0.12594316,\n       0.12594316, 0.12594316]))"}, "9": {"maxiter": 1000, "fatol": 1e-05, "xatol": 1e-10, "duration": 0.20106196403503418, "fun": "0.12594315541922274", "nit": "700", "nfev": "1159", "status": "0", "success": "True", "message": "Optimization terminated successfully.", "x": "[4.70355477 4.43832874 0.43399112 2.05641293 0.13751814 2.21194991]", "final_simplex": "(array([[4.70355477, 4.43832874, 0.43399112, 2.05641293, 0.13751814,\n        2.21194991],\n       [4.70355477, 4.43832874, 0.43399112, 2.05641293, 0.13751814,\n        2.21194991],\n       [4.70355477, 4.43832874, 0.43399112, 2.05641293, 0.13751814,\n        2.21194991],\n       [4.70355477, 4.43832874, 0.43399112, 2.05641293, 0.13751814,\n        2.21194991],\n       [4.70355477, 4.43832874, 0.43399112, 2.05641293, 0.13751814,\n        2.21194991],\n       [4.70355477, 4.43832874, 0.43399112, 2.05641293, 0.13751814,\n        2.21194991],\n       [4.70355477, 4.43832874, 0.43399112, 2.05641293, 0.13751814,\n        2.21194991]]), array([0.12594316, 0.12594316, 0.12594316, 0.12594316, 0.12594316,\n       0.12594316, 0.12594316]))"}, "10": {"maxiter": 1000, "fatol": 1e-10, "xatol": 1e-05, "duration": 0.15854597091674805, "fun": "0.12594315542514634", "nit": "582", "nfev": "910", "status": "0", "success": "True", "message": "Optimization terminated successfully.", "x": "[4.70356075 4.4383319  0.43398849 2.05641438 0.13751732 2.21194616]", "final_simplex": "(array([[4.70356075, 4.4383319 , 0.43398849, 2.05641438, 0.13751732,\n        2.21194616],\n       [4.70355806, 4.43832863, 0.4339959 , 2.05641283, 0.13751975,\n        2.21195417],\n       [4.70355593, 4.43832989, 0.43399144, 2.05641487, 0.13751821,\n        2.21194383],\n       [4.70355538, 4.43833369, 0.43399092, 2.05641144, 0.13752143,\n        2.21194755],\n       [4.7035591 , 4.43833534, 0.43399089, 2.05641544, 0.13751664,\n        2.2119441 ],\n       [4.70356064, 4.4383339 , 0.43399108, 2.05641257, 0.1375166 ,\n        2.21194355],\n       [4.70355959, 4.43833262, 0.43398747, 2.05641806, 0.13751995,\n        2.21194397]]), array([0.12594316, 0.12594316, 0.12594316, 0.12594316, 0.12594316,\n       0.12594316, 0.12594316]))"}, "11": {"maxiter": 1000, "fatol": 1e-10, "xatol": 1e-10, "duration": 0.20331215858459473, "fun": "0.12594315541922274", "nit": "700", "nfev": "1159", "status": "0", "success": "True", "message": "Optimization terminated successfully.", "x": "[4.70355477 4.43832874 0.43399112 2.05641293 0.13751814 2.21194991]", "final_simplex": "(array([[4.70355477, 4.43832874, 0.43399112, 2.05641293, 0.13751814,\n        2.21194991],\n       [4.70355477, 4.43832874, 0.43399112, 2.05641293, 0.13751814,\n        2.21194991],\n       [4.70355477, 4.43832874, 0.43399112, 2.05641293, 0.13751814,\n        2.21194991],\n       [4.70355477, 4.43832874, 0.43399112, 2.05641293, 0.13751814,\n        2.21194991],\n       [4.70355477, 4.43832874, 0.43399112, 2.05641293, 0.13751814,\n        2.21194991],\n       [4.70355477, 4.43832874, 0.43399112, 2.05641293, 0.13751814,\n        2.21194991],\n       [4.70355477, 4.43832874, 0.43399112, 2.05641293, 0.13751814,\n        2.21194991]]), array([0.12594316, 0.12594316, 0.12594316, 0.12594316, 0.12594316,\n       0.12594316, 0.12594316]))"}}, "bfgs": {"type": "gradient", "0": {"maxiter": 100, "gtol": 1e-05, "xrtol": 1e-05, "eps": 1e-05, "duration": 0.036509037017822266, "fun": "0.12594315565760106", "jac": "[-8.34101677e-06 -1.11066711e-07 -3.07065484e-06 -5.70488101e-06\n -4.22507584e-06  1.45078394e-06]", "hess_inv": "[[ 7.32453391  1.20479857 -0.39484178 -3.68747567 -4.8125138  -3.30731371]\n [ 1.20479857  7.17367632 -0.86971648  1.87360833 -4.5434459  -5.97845851]\n [-0.39484178 -0.86971648  6.39131329  1.85121413 -1.02319159  3.92052898]\n [-3.68747567  1.87360833  1.85121413  6.15739553  0.85423877  0.78683641]\n [-4.8125138  -4.5434459  -1.02319159  0.85423877  8.90968608  5.67530945]\n [-3.30731371 -5.97845851  3.92052898  0.78683641  5.67530945  9.97691816]]", "nfev": "203", "njev": "29", "status": "0", "success": "True", "message": "Optimization terminated successfully.", "x": "[4.70354768 4.43832675 0.43395915 4.22674806 3.27910616 5.35351897]", "nit": "26"}, "1": {"maxiter": 100, "gtol": 1e-05, "xrtol": 1e-05, "eps": 1e-10, "duration": 0.03594970703125, "fun": "0.1259431555287982", "jac": "[-5.55111466e-06  0.00000000e+00 -5.55111466e-06 -7.77156053e-06\n -4.44089173e-06 -3.33066880e-06]", "hess_inv": "[[ 7.36844257  1.19413625 -0.36661302 -3.74770056 -4.8670315  -3.31517972]\n [ 1.19413625  7.18462943 -0.88940164  1.89259534 -4.5196481  -5.9792349 ]\n [-0.36661302 -0.88940164  6.31830815  1.78529162 -1.0038498   3.9119381 ]\n [-3.74770056  1.89259534  1.78529162  6.22962894  0.94663513  0.79352338]\n [-4.8670315  -4.5196481  -1.0038498   0.94663513  8.95091773  5.68992192]\n [-3.31517972 -5.9792349   3.9119381   0.79352338  5.68992192  9.97902378]]", "nfev": "203", "njev": "29", "status": "0", "success": "True", "message": "Optimization terminated successfully.", "x": "[4.70354227 4.43832341 0.43396956 4.22675795 3.27912185 5.35353963]", "nit": "26"}, "2": {"maxiter": 100, "gtol": 1e-05, "xrtol": 1e-10, "eps": 1e-05, "duration": 0.036004066467285156, "fun": "0.12594315565760106", "jac": "[-8.34101677e-06 -1.11066711e-07 -3.07065484e-06 -5.70488101e-06\n -4.22507584e-06  1.45078394e-06]", "hess_inv": "[[ 7.32453391  1.20479857 -0.39484178 -3.68747567 -4.8125138  -3.30731371]\n [ 1.20479857  7.17367632 -0.86971648  1.87360833 -4.5434459  -5.97845851]\n [-0.39484178 -0.86971648  6.39131329  1.85121413 -1.02319159  3.92052898]\n [-3.68747567  1.87360833  1.85121413  6.15739553  0.85423877  0.78683641]\n [-4.8125138  -4.5434459  -1.02319159  0.85423877  8.90968608  5.67530945]\n [-3.30731371 -5.97845851  3.92052898  0.78683641  5.67530945  9.97691816]]", "nfev": "203", "njev": "29", "status": "0", "success": "True", "message": "Optimization terminated successfully.", "x": "[4.70354768 4.43832675 0.43395915 4.22674806 3.27910616 5.35351897]", "nit": "26"}, "3": {"maxiter": 100, "gtol": 1e-05, "xrtol": 1e-10, "eps": 1e-10, "duration": 0.03607606887817383, "fun": "0.1259431555287982", "jac": "[-5.55111466e-06  0.00000000e+00 -5.55111466e-06 -7.77156053e-06\n -4.44089173e-06 -3.33066880e-06]", "hess_inv": "[[ 7.36844257  1.19413625 -0.36661302 -3.74770056 -4.8670315  -3.31517972]\n [ 1.19413625  7.18462943 -0.88940164  1.89259534 -4.5196481  -5.9792349 ]\n [-0.36661302 -0.88940164  6.31830815  1.78529162 -1.0038498   3.9119381 ]\n [-3.74770056  1.89259534  1.78529162  6.22962894  0.94663513  0.79352338]\n [-4.8670315  -4.5196481  -1.0038498   0.94663513  8.95091773  5.68992192]\n [-3.31517972 -5.9792349   3.9119381   0.79352338  5.68992192  9.97902378]]", "nfev": "203", "njev": "29", "status": "0", "success": "True", "message": "Optimization terminated successfully.", "x": "[4.70354227 4.43832341 0.43396956 4.22675795 3.27912185 5.35353963]", "nit": "26"}, "4": {"maxiter": 100, "gtol": 1e-10, "xrtol": 1e-05, "eps": 1e-05, "duration": 0.03654313087463379, "fun": "0.12594315565760106", "jac": "[-8.34101677e-06 -1.11066711e-07 -3.07065484e-06 -5.70488101e-06\n -4.22507584e-06  1.45078394e-06]", "hess_inv": "[[ 7.32453391  1.20479857 -0.39484178 -3.68747567 -4.8125138  -3.30731371]\n [ 1.20479857  7.17367632 -0.86971648  1.87360833 -4.5434459  -5.97845851]\n [-0.39484178 -0.86971648  6.39131329  1.85121413 -1.02319159  3.92052898]\n [-3.68747567  1.87360833  1.85121413  6.15739553  0.85423877  0.78683641]\n [-4.8125138  -4.5434459  -1.02319159  0.85423877  8.90968608  5.67530945]\n [-3.30731371 -5.97845851  3.92052898  0.78683641  5.67530945  9.97691816]]", "nfev": "203", "njev": "29", "status": "0", "success": "True", "message": "Optimization terminated successfully.", "x": "[4.70354768 4.43832675 0.43395915 4.22674806 3.27910616 5.35351897]", "nit": "26"}, "5": {"maxiter": 100, "gtol": 1e-10, "xrtol": 1e-05, "eps": 1e-10, "duration": 0.03623223304748535, "fun": "0.1259431555287982", "jac": "[-5.55111466e-06  0.00000000e+00 -5.55111466e-06 -7.77156053e-06\n -4.44089173e-06 -3.33066880e-06]", "hess_inv": "[[ 7.36844257  1.19413625 -0.36661302 -3.74770056 -4.8670315  -3.31517972]\n [ 1.19413625  7.18462943 -0.88940164  1.89259534 -4.5196481  -5.9792349 ]\n [-0.36661302 -0.88940164  6.31830815  1.78529162 -1.0038498   3.9119381 ]\n [-3.74770056  1.89259534  1.78529162  6.22962894  0.94663513  0.79352338]\n [-4.8670315  -4.5196481  -1.0038498   0.94663513  8.95091773  5.68992192]\n [-3.31517972 -5.9792349   3.9119381   0.79352338  5.68992192  9.97902378]]", "nfev": "203", "njev": "29", "status": "0", "success": "True", "message": "Optimization terminated successfully.", "x": "[4.70354227 4.43832341 0.43396956 4.22675795 3.27912185 5.35353963]", "nit": "26"}, "6": {"maxiter": 100, "gtol": 1e-10, "xrtol": 1e-10, "eps": 1e-05, "duration": 0.06685495376586914, "fun": "0.12594315547771284", "jac": "[-2.26041408e-08  1.73894232e-07  1.88438154e-07 -8.80295836e-08\n -3.54938301e-08  8.45212789e-08]", "hess_inv": "[[ 7.06615989  1.12163049 -0.73006008 -4.11097637 -4.79458296 -3.47678859]\n [ 1.12163049  7.15604081 -0.99385451  1.67697369 -4.56748634 -6.07041859]\n [-0.73006008 -0.99385451  6.05751772  1.52989742 -0.91569876  3.8519571 ]\n [-4.11097637  1.67697369  1.52989742  6.0638752   1.13275577  0.89799807]\n [-4.79458296 -4.56748634 -0.91569876  1.13275577  9.01924178  5.84582599]\n [-3.47678859 -6.07041859  3.8519571   0.89799807  5.84582599 10.11850337]]", "nfev": "383", "njev": "53", "status": "2", "success": "False", "message": "Desired error not necessarily achieved due to precision loss.", "x": "[4.70356597 4.43833346 0.43397203 4.22675691 3.27909816 5.35351658]", "nit": "27"}, "7": {"maxiter": 100, "gtol": 1e-10, "xrtol": 1e-10, "eps": 1e-10, "duration": 0.09976506233215332, "fun": "0.12594315542113932", "jac": "[-2.22044587e-06 -2.22044587e-06 -2.22044587e-06  1.11022293e-06\n  0.00000000e+00 -2.22044587e-06]", "hess_inv": "[[ 46.78985847 -15.54111616   7.9556491   13.07923429  -3.39658926\n  -22.14172693]\n [-15.54111616   5.20913248  -2.66151116  -4.33737239   1.10651439\n    7.34622462]\n [  7.9556491   -2.66151116   1.37022338   2.21638573  -0.56442915\n   -3.76185308]\n [ 13.07923429  -4.33737239   2.21638573   3.68616831  -0.9664838\n   -6.19385901]\n [ -3.39658926   1.10651439  -0.56442915  -0.9664838    0.28776652\n    1.60595496]\n [-22.14172693   7.34622462  -3.76185308  -6.19385901   1.60595496\n   10.48175277]]", "nfev": "563", "njev": "79", "status": "2", "success": "False", "message": "Desired error not necessarily achieved due to precision loss.", "x": "[4.70355428 4.43832643 0.43399267 4.22677334 3.27911366 5.35354782]", "nit": "44"}, "8": {"maxiter": 500, "gtol": 1e-05, "xrtol": 1e-05, "eps": 1e-05, "duration": 0.03551793098449707, "fun": "0.12594315565760106", "jac": "[-8.34101677e-06 -1.11066711e-07 -3.07065484e-06 -5.70488101e-06\n -4.22507584e-06  1.45078394e-06]", "hess_inv": "[[ 7.32453391  1.20479857 -0.39484178 -3.68747567 -4.8125138  -3.30731371]\n [ 1.20479857  7.17367632 -0.86971648  1.87360833 -4.5434459  -5.97845851]\n [-0.39484178 -0.86971648  6.39131329  1.85121413 -1.02319159  3.92052898]\n [-3.68747567  1.87360833  1.85121413  6.15739553  0.85423877  0.78683641]\n [-4.8125138  -4.5434459  -1.02319159  0.85423877  8.90968608  5.67530945]\n [-3.30731371 -5.97845851  3.92052898  0.78683641  5.67530945  9.97691816]]", "nfev": "203", "njev": "29", "status": "0", "success": "True", "message": "Optimization terminated successfully.", "x": "[4.70354768 4.43832675 0.43395915 4.22674806 3.27910616 5.35351897]", "nit": "26"}, "9": {"maxiter": 500, "gtol": 1e-05, "xrtol": 1e-05, "eps": 1e-10, "duration": 0.03580212593078613, "fun": "0.1259431555287982", "jac": "[-5.55111466e-06  0.00000000e+00 -5.55111466e-06 -7.77156053e-06\n -4.44089173e-06 -3.33066880e-06]", "hess_inv": "[[ 7.36844257  1.19413625 -0.36661302 -3.74770056 -4.8670315  -3.31517972]\n [ 1.19413625  7.18462943 -0.88940164  1.89259534 -4.5196481  -5.9792349 ]\n [-0.36661302 -0.88940164  6.31830815  1.78529162 -1.0038498   3.9119381 ]\n [-3.74770056  1.89259534  1.78529162  6.22962894  0.94663513  0.79352338]\n [-4.8670315  -4.5196481  -1.0038498   0.94663513  8.95091773  5.68992192]\n [-3.31517972 -5.9792349   3.9119381   0.79352338  5.68992192  9.97902378]]", "nfev": "203", "njev": "29", "status": "0", "success": "True", "message": "Optimization terminated successfully.", "x": "[4.70354227 4.43832341 0.43396956 4.22675795 3.27912185 5.35353963]", "nit": "26"}, "10": {"maxiter": 500, "gtol": 1e-05, "xrtol": 1e-10, "eps": 1e-05, "duration": 0.03766298294067383, "fun": "0.12594315565760106", "jac": "[-8.34101677e-06 -1.11066711e-07 -3.07065484e-06 -5.70488101e-06\n -4.22507584e-06  1.45078394e-06]", "hess_inv": "[[ 7.32453391  1.20479857 -0.39484178 -3.68747567 -4.8125138  -3.30731371]\n [ 1.20479857  7.17367632 -0.86971648  1.87360833 -4.5434459  -5.97845851]\n [-0.39484178 -0.86971648  6.39131329  1.85121413 -1.02319159  3.92052898]\n [-3.68747567  1.87360833  1.85121413  6.15739553  0.85423877  0.78683641]\n [-4.8125138  -4.5434459  -1.02319159  0.85423877  8.90968608  5.67530945]\n [-3.30731371 -5.97845851  3.92052898  0.78683641  5.67530945  9.97691816]]", "nfev": "203", "njev": "29", "status": "0", "success": "True", "message": "Optimization terminated successfully.", "x": "[4.70354768 4.43832675 0.43395915 4.22674806 3.27910616 5.35351897]", "nit": "26"}, "11": {"maxiter": 500, "gtol": 1e-05, "xrtol": 1e-10, "eps": 1e-10, "duration": 0.03682303428649902, "fun": "0.1259431555287982", "jac": "[-5.55111466e-06  0.00000000e+00 -5.55111466e-06 -7.77156053e-06\n -4.44089173e-06 -3.33066880e-06]", "hess_inv": "[[ 7.36844257  1.19413625 -0.36661302 -3.74770056 -4.8670315  -3.31517972]\n [ 1.19413625  7.18462943 -0.88940164  1.89259534 -4.5196481  -5.9792349 ]\n [-0.36661302 -0.88940164  6.31830815  1.78529162 -1.0038498   3.9119381 ]\n [-3.74770056  1.89259534  1.78529162  6.22962894  0.94663513  0.79352338]\n [-4.8670315  -4.5196481  -1.0038498   0.94663513  8.95091773  5.68992192]\n [-3.31517972 -5.9792349   3.9119381   0.79352338  5.68992192  9.97902378]]", "nfev": "203", "njev": "29", "status": "0", "success": "True", "message": "Optimization terminated successfully.", "x": "[4.70354227 4.43832341 0.43396956 4.22675795 3.27912185 5.35353963]", "nit": "26"}, "12": {"maxiter": 500, "gtol": 1e-10, "xrtol": 1e-05, "eps": 1e-05, "duration": 0.03587222099304199, "fun": "0.12594315565760106", "jac": "[-8.34101677e-06 -1.11066711e-07 -3.07065484e-06 -5.70488101e-06\n -4.22507584e-06  1.45078394e-06]", "hess_inv": "[[ 7.32453391  1.20479857 -0.39484178 -3.68747567 -4.8125138  -3.30731371]\n [ 1.20479857  7.17367632 -0.86971648  1.87360833 -4.5434459  -5.97845851]\n [-0.39484178 -0.86971648  6.39131329  1.85121413 -1.02319159  3.92052898]\n [-3.68747567  1.87360833  1.85121413  6.15739553  0.85423877  0.78683641]\n [-4.8125138  -4.5434459  -1.02319159  0.85423877  8.90968608  5.67530945]\n [-3.30731371 -5.97845851  3.92052898  0.78683641  5.67530945  9.97691816]]", "nfev": "203", "njev": "29", "status": "0", "success": "True", "message": "Optimization terminated successfully.", "x": "[4.70354768 4.43832675 0.43395915 4.22674806 3.27910616 5.35351897]", "nit": "26"}, "13": {"maxiter": 500, "gtol": 1e-10, "xrtol": 1e-05, "eps": 1e-10, "duration": 0.035971879959106445, "fun": "0.1259431555287982", "jac": "[-5.55111466e-06  0.00000000e+00 -5.55111466e-06 -7.77156053e-06\n -4.44089173e-06 -3.33066880e-06]", "hess_inv": "[[ 7.36844257  1.19413625 -0.36661302 -3.74770056 -4.8670315  -3.31517972]\n [ 1.19413625  7.18462943 -0.88940164  1.89259534 -4.5196481  -5.9792349 ]\n [-0.36661302 -0.88940164  6.31830815  1.78529162 -1.0038498   3.9119381 ]\n [-3.74770056  1.89259534  1.78529162  6.22962894  0.94663513  0.79352338]\n [-4.8670315  -4.5196481  -1.0038498   0.94663513  8.95091773  5.68992192]\n [-3.31517972 -5.9792349   3.9119381   0.79352338  5.68992192  9.97902378]]", "nfev": "203", "njev": "29", "status": "0", "success": "True", "message": "Optimization terminated successfully.", "x": "[4.70354227 4.43832341 0.43396956 4.22675795 3.27912185 5.35353963]", "nit": "26"}, "14": {"maxiter": 500, "gtol": 1e-10, "xrtol": 1e-10, "eps": 1e-05, "duration": 0.06773090362548828, "fun": "0.12594315547771284", "jac": "[-2.26041408e-08  1.73894232e-07  1.88438154e-07 -8.80295836e-08\n -3.54938301e-08  8.45212789e-08]", "hess_inv": "[[ 7.06615989  1.12163049 -0.73006008 -4.11097637 -4.79458296 -3.47678859]\n [ 1.12163049  7.15604081 -0.99385451  1.67697369 -4.56748634 -6.07041859]\n [-0.73006008 -0.99385451  6.05751772  1.52989742 -0.91569876  3.8519571 ]\n [-4.11097637  1.67697369  1.52989742  6.0638752   1.13275577  0.89799807]\n [-4.79458296 -4.56748634 -0.91569876  1.13275577  9.01924178  5.84582599]\n [-3.47678859 -6.07041859  3.8519571   0.89799807  5.84582599 10.11850337]]", "nfev": "383", "njev": "53", "status": "2", "success": "False", "message": "Desired error not necessarily achieved due to precision loss.", "x": "[4.70356597 4.43833346 0.43397203 4.22675691 3.27909816 5.35351658]", "nit": "27"}, "15": {"maxiter": 500, "gtol": 1e-10, "xrtol": 1e-10, "eps": 1e-10, "duration": 0.09899783134460449, "fun": "0.12594315542113932", "jac": "[-2.22044587e-06 -2.22044587e-06 -2.22044587e-06  1.11022293e-06\n  0.00000000e+00 -2.22044587e-06]", "hess_inv": "[[ 46.78985847 -15.54111616   7.9556491   13.07923429  -3.39658926\n  -22.14172693]\n [-15.54111616   5.20913248  -2.66151116  -4.33737239   1.10651439\n    7.34622462]\n [  7.9556491   -2.66151116   1.37022338   2.21638573  -0.56442915\n   -3.76185308]\n [ 13.07923429  -4.33737239   2.21638573   3.68616831  -0.9664838\n   -6.19385901]\n [ -3.39658926   1.10651439  -0.56442915  -0.9664838    0.28776652\n    1.60595496]\n [-22.14172693   7.34622462  -3.76185308  -6.19385901   1.60595496\n   10.48175277]]", "nfev": "563", "njev": "79", "status": "2", "success": "False", "message": "Desired error not necessarily achieved due to precision loss.", "x": "[4.70355428 4.43832643 0.43399267 4.22677334 3.27911366 5.35354782]", "nit": "44"}, "16": {"maxiter": 1000, "gtol": 1e-05, "xrtol": 1e-05, "eps": 1e-05, "duration": 0.038169145584106445, "fun": "0.12594315565760106", "jac": "[-8.34101677e-06 -1.11066711e-07 -3.07065484e-06 -5.70488101e-06\n -4.22507584e-06  1.45078394e-06]", "hess_inv": "[[ 7.32453391  1.20479857 -0.39484178 -3.68747567 -4.8125138  -3.30731371]\n [ 1.20479857  7.17367632 -0.86971648  1.87360833 -4.5434459  -5.97845851]\n [-0.39484178 -0.86971648  6.39131329  1.85121413 -1.02319159  3.92052898]\n [-3.68747567  1.87360833  1.85121413  6.15739553  0.85423877  0.78683641]\n [-4.8125138  -4.5434459  -1.02319159  0.85423877  8.90968608  5.67530945]\n [-3.30731371 -5.97845851  3.92052898  0.78683641  5.67530945  9.97691816]]", "nfev": "203", "njev": "29", "status": "0", "success": "True", "message": "Optimization terminated successfully.", "x": "[4.70354768 4.43832675 0.43395915 4.22674806 3.27910616 5.35351897]", "nit": "26"}, "17": {"maxiter": 1000, "gtol": 1e-05, "xrtol": 1e-05, "eps": 1e-10, "duration": 0.03614497184753418, "fun": "0.1259431555287982", "jac": "[-5.55111466e-06  0.00000000e+00 -5.55111466e-06 -7.77156053e-06\n -4.44089173e-06 -3.33066880e-06]", "hess_inv": "[[ 7.36844257  1.19413625 -0.36661302 -3.74770056 -4.8670315  -3.31517972]\n [ 1.19413625  7.18462943 -0.88940164  1.89259534 -4.5196481  -5.9792349 ]\n [-0.36661302 -0.88940164  6.31830815  1.78529162 -1.0038498   3.9119381 ]\n [-3.74770056  1.89259534  1.78529162  6.22962894  0.94663513  0.79352338]\n [-4.8670315  -4.5196481  -1.0038498   0.94663513  8.95091773  5.68992192]\n [-3.31517972 -5.9792349   3.9119381   0.79352338  5.68992192  9.97902378]]", "nfev": "203", "njev": "29", "status": "0", "success": "True", "message": "Optimization terminated successfully.", "x": "[4.70354227 4.43832341 0.43396956 4.22675795 3.27912185 5.35353963]", "nit": "26"}, "18": {"maxiter": 1000, "gtol": 1e-05, "xrtol": 1e-10, "eps": 1e-05, "duration": 0.03850579261779785, "fun": "0.12594315565760106", "jac": "[-8.34101677e-06 -1.11066711e-07 -3.07065484e-06 -5.70488101e-06\n -4.22507584e-06  1.45078394e-06]", "hess_inv": "[[ 7.32453391  1.20479857 -0.39484178 -3.68747567 -4.8125138  -3.30731371]\n [ 1.20479857  7.17367632 -0.86971648  1.87360833 -4.5434459  -5.97845851]\n [-0.39484178 -0.86971648  6.39131329  1.85121413 -1.02319159  3.92052898]\n [-3.68747567  1.87360833  1.85121413  6.15739553  0.85423877  0.78683641]\n [-4.8125138  -4.5434459  -1.02319159  0.85423877  8.90968608  5.67530945]\n [-3.30731371 -5.97845851  3.92052898  0.78683641  5.67530945  9.97691816]]", "nfev": "203", "njev": "29", "status": "0", "success": "True", "message": "Optimization terminated successfully.", "x": "[4.70354768 4.43832675 0.43395915 4.22674806 3.27910616 5.35351897]", "nit": "26"}, "19": {"maxiter": 1000, "gtol": 1e-05, "xrtol": 1e-10, "eps": 1e-10, "duration": 0.03985905647277832, "fun": "0.1259431555287982", "jac": "[-5.55111466e-06  0.00000000e+00 -5.55111466e-06 -7.77156053e-06\n -4.44089173e-06 -3.33066880e-06]", "hess_inv": "[[ 7.36844257  1.19413625 -0.36661302 -3.74770056 -4.8670315  -3.31517972]\n [ 1.19413625  7.18462943 -0.88940164  1.89259534 -4.5196481  -5.9792349 ]\n [-0.36661302 -0.88940164  6.31830815  1.78529162 -1.0038498   3.9119381 ]\n [-3.74770056  1.89259534  1.78529162  6.22962894  0.94663513  0.79352338]\n [-4.8670315  -4.5196481  -1.0038498   0.94663513  8.95091773  5.68992192]\n [-3.31517972 -5.9792349   3.9119381   0.79352338  5.68992192  9.97902378]]", "nfev": "203", "njev": "29", "status": "0", "success": "True", "message": "Optimization terminated successfully.", "x": "[4.70354227 4.43832341 0.43396956 4.22675795 3.27912185 5.35353963]", "nit": "26"}, "20": {"maxiter": 1000, "gtol": 1e-10, "xrtol": 1e-05, "eps": 1e-05, "duration": 0.03651618957519531, "fun": "0.12594315565760106", "jac": "[-8.34101677e-06 -1.11066711e-07 -3.07065484e-06 -5.70488101e-06\n -4.22507584e-06  1.45078394e-06]", "hess_inv": "[[ 7.32453391  1.20479857 -0.39484178 -3.68747567 -4.8125138  -3.30731371]\n [ 1.20479857  7.17367632 -0.86971648  1.87360833 -4.5434459  -5.97845851]\n [-0.39484178 -0.86971648  6.39131329  1.85121413 -1.02319159  3.92052898]\n [-3.68747567  1.87360833  1.85121413  6.15739553  0.85423877  0.78683641]\n [-4.8125138  -4.5434459  -1.02319159  0.85423877  8.90968608  5.67530945]\n [-3.30731371 -5.97845851  3.92052898  0.78683641  5.67530945  9.97691816]]", "nfev": "203", "njev": "29", "status": "0", "success": "True", "message": "Optimization terminated successfully.", "x": "[4.70354768 4.43832675 0.43395915 4.22674806 3.27910616 5.35351897]", "nit": "26"}, "21": {"maxiter": 1000, "gtol": 1e-10, "xrtol": 1e-05, "eps": 1e-10, "duration": 0.03617691993713379, "fun": "0.1259431555287982", "jac": "[-5.55111466e-06  0.00000000e+00 -5.55111466e-06 -7.77156053e-06\n -4.44089173e-06 -3.33066880e-06]", "hess_inv": "[[ 7.36844257  1.19413625 -0.36661302 -3.74770056 -4.8670315  -3.31517972]\n [ 1.19413625  7.18462943 -0.88940164  1.89259534 -4.5196481  -5.9792349 ]\n [-0.36661302 -0.88940164  6.31830815  1.78529162 -1.0038498   3.9119381 ]\n [-3.74770056  1.89259534  1.78529162  6.22962894  0.94663513  0.79352338]\n [-4.8670315  -4.5196481  -1.0038498   0.94663513  8.95091773  5.68992192]\n [-3.31517972 -5.9792349   3.9119381   0.79352338  5.68992192  9.97902378]]", "nfev": "203", "njev": "29", "status": "0", "success": "True", "message": "Optimization terminated successfully.", "x": "[4.70354227 4.43832341 0.43396956 4.22675795 3.27912185 5.35353963]", "nit": "26"}, "22": {"maxiter": 1000, "gtol": 1e-10, "xrtol": 1e-10, "eps": 1e-05, "duration": 0.06792402267456055, "fun": "0.12594315547771284", "jac": "[-2.26041408e-08  1.73894232e-07  1.88438154e-07 -8.80295836e-08\n -3.54938301e-08  8.45212789e-08]", "hess_inv": "[[ 7.06615989  1.12163049 -0.73006008 -4.11097637 -4.79458296 -3.47678859]\n [ 1.12163049  7.15604081 -0.99385451  1.67697369 -4.56748634 -6.07041859]\n [-0.73006008 -0.99385451  6.05751772  1.52989742 -0.91569876  3.8519571 ]\n [-4.11097637  1.67697369  1.52989742  6.0638752   1.13275577  0.89799807]\n [-4.79458296 -4.56748634 -0.91569876  1.13275577  9.01924178  5.84582599]\n [-3.47678859 -6.07041859  3.8519571   0.89799807  5.84582599 10.11850337]]", "nfev": "383", "njev": "53", "status": "2", "success": "False", "message": "Desired error not necessarily achieved due to precision loss.", "x": "[4.70356597 4.43833346 0.43397203 4.22675691 3.27909816 5.35351658]", "nit": "27"}, "23": {"maxiter": 1000, "gtol": 1e-10, "xrtol": 1e-10, "eps": 1e-10, "duration": 0.10052013397216797, "fun": "0.12594315542113932", "jac": "[-2.22044587e-06 -2.22044587e-06 -2.22044587e-06  1.11022293e-06\n  0.00000000e+00 -2.22044587e-06]", "hess_inv": "[[ 46.78985847 -15.54111616   7.9556491   13.07923429  -3.39658926\n  -22.14172693]\n [-15.54111616   5.20913248  -2.66151116  -4.33737239   1.10651439\n    7.34622462]\n [  7.9556491   -2.66151116   1.37022338   2.21638573  -0.56442915\n   -3.76185308]\n [ 13.07923429  -4.33737239   2.21638573   3.68616831  -0.9664838\n   -6.19385901]\n [ -3.39658926   1.10651439  -0.56442915  -0.9664838    0.28776652\n    1.60595496]\n [-22.14172693   7.34622462  -3.76185308  -6.19385901   1.60595496\n   10.48175277]]", "nfev": "563", "njev": "79", "status": "2", "success": "False", "message": "Desired error not necessarily achieved due to precision loss.", "x": "[4.70355428 4.43832643 0.43399267 4.22677334 3.27911366 5.35354782]", "nit": "44"}}, "cobyla": {"0": {"maxiter": 100, "tol": 1e-05, "catol": 1e-05, "duration": 0.01728081703186035, "x": "[4.83905308 4.23886709 0.52911798 4.0363656  3.28848883 5.52944911]", "status": "2", "success": "False", "message": "Maximum number of function evaluations has been exceeded.", "nfev": "100", "fun": "0.13192522182972388", "maxcv": "0.0"}, "1": {"maxiter": 100, "tol": 1e-05, "catol": 1e-10, "duration": 0.017065048217773438, "x": "[4.83905308 4.23886709 0.52911798 4.0363656  3.28848883 5.52944911]", "status": "2", "success": "False", "message": "Maximum number of function evaluations has been exceeded.", "nfev": "100", "fun": "0.13192522182972388", "maxcv": "0.0"}, "2": {"maxiter": 100, "tol": 1e-10, "catol": 1e-05, "duration": 0.017016887664794922, "x": "[4.83905308 4.23886709 0.52911798 4.0363656  3.28848883 5.52944911]", "status": "2", "success": "False", "message": "Maximum number of function evaluations has been exceeded.", "nfev": "100", "fun": "0.13192522182972388", "maxcv": "0.0"}, "3": {"maxiter": 100, "tol": 1e-10, "catol": 1e-10, "duration": 0.016957998275756836, "x": "[4.83905308 4.23886709 0.52911798 4.0363656  3.28848883 5.52944911]", "status": "2", "success": "False", "message": "Maximum number of function evaluations has been exceeded.", "nfev": "100", "fun": "0.13192522182972388", "maxcv": "0.0"}, "4": {"maxiter": 500, "tol": 1e-05, "catol": 1e-05, "duration": 0.06671404838562012, "x": "[4.70352748 4.43830349 0.43400332 4.22679254 3.27915375 5.35358108]", "status": "1", "success": "True", "message": "Optimization terminated successfully.", "nfev": "391", "fun": "0.12594315556606672", "maxcv": "0.0"}, "5": {"maxiter": 500, "tol": 1e-05, "catol": 1e-10, "duration": 0.06700491905212402, "x": "[4.70352748 4.43830349 0.43400332 4.22679254 3.27915375 5.35358108]", "status": "1", "success": "True", "message": "Optimization terminated successfully.", "nfev": "391", "fun": "0.12594315556606672", "maxcv": "0.0"}, "6": {"maxiter": 500, "tol": 1e-10, "catol": 1e-05, "duration": 0.08496212959289551, "x": "[4.70355346 4.43832657 0.43399176 4.22677252 3.27911312 5.35354571]", "status": "2", "success": "False", "message": "Maximum number of function evaluations has been exceeded.", "nfev": "500", "fun": "0.12594315541973933", "maxcv": "0.0"}, "7": {"maxiter": 500, "tol": 1e-10, "catol": 1e-10, "duration": 0.08442807197570801, "x": "[4.70355346 4.43832657 0.43399176 4.22677252 3.27911312 5.35354571]", "status": "2", "success": "False", "message": "Maximum number of function evaluations has been exceeded.", "nfev": "500", "fun": "0.12594315541973933", "maxcv": "0.0"}, "8": {"maxiter": 1000, "tol": 1e-05, "catol": 1e-05, "duration": 0.07135486602783203, "x": "[4.7