{"date": "2024/07/19/, 16:46:25", "conf_id": 248, "data_type": "var_s_rank\n", "num_data_points": 1, "s_rank": 0, "unitary": "[[-0.53618537-0.34368723j,-0.12107031-0.46226139j,-0.07699282-0.46603512j,0.36022595-0.11472301j],[0.26026499-0.63450712j,-0.56616638+0.37832564j,-0.14988651+0.08458591j,0.10363514-0.16008501j],[-0.32580188-0.11070003j,-0.36476308-0.23593218j,0.02559343+0.41761608j,-0.25598305+0.6725303j],[0.07406738-0.0126433j,0.28513701+0.19483972j,-0.74939717-0.10299659j,0.29798249+0.46269921j]]", "databatch_0": {"databatch": "[[[-0.06414135-0.03128769j,0.12153893+0.14081495j,-0.01572453+0.0357363j,0.17820746+0.06526894j],[0.0797442+0.29102264j,-0.30441541+0.31833121j,0.12013666-0.09960568j,-0.46988215+0.2471194j],[0.25933574+0.25725224j,0.12408283+0.07154078j,0.07869462-0.15306026j,-0.1998109+0.12525325j],[-0.21172258-0.04142836j,0.00453996+0.09928083j,0.0047565+0.10228865j,0.14716949-0.06123747j]]]", "initial param values": "[2.93626111,0.77936093,0.68435361,3.63516466,5.55682593,4.29169649]", "nelder_mead": {"type": "gradient-free", "0": {"maxiter": 100, "fatol": 1e-05, "xatol": 1e-05, "duration": 0.025822877883911133, "fun": "0.1995582854115261", "nit": "100", "nfev": "151", "status": "2", "success": "False", "message": "Maximum number of iterations has been exceeded.", "x": "[4.55299925 1.50843394 0.44087844 3.2615773  4.41939936 3.08804833]", "final_simplex": "(array([[4.55299925, 1.50843394, 0.44087844, 3.2615773 , 4.41939936,\n        3.08804833],\n       [4.52768811, 1.51029331, 0.43867237, 3.29064589, 4.42546476,\n        3.11156911],\n       [4.54633889, 1.49590043, 0.44049599, 3.30584577, 4.42356403,\n        3.0921305 ],\n       [4.55452132, 1.5256081 , 0.44090855, 3.28377673, 4.37296932,\n        3.01646791],\n       [4.57702094, 1.5022198 , 0.44603917, 3.29861365, 4.39550586,\n        3.03786691],\n       [4.56437192, 1.52442338, 0.43964795, 3.3082581 , 4.35064457,\n        3.01551847],\n       [4.58170616, 1.55813878, 0.42824546, 3.31234933, 4.36903443,\n        2.98865447]]), array([0.19955829, 0.19963454, 0.19964723, 0.1999087 , 0.19995081,\n       0.19998235, 0.20004405]))"}, "1": {"maxiter": 100, "fatol": 1e-05, "xatol": 1e-10, "duration": 0.025735855102539062, "fun": "0.1995582854115261", "nit": "100", "nfev": "151", "status": "2", "success": "False", "message": "Maximum number of iterations has been exceeded.", "x": "[4.55299925 1.50843394 0.44087844 3.2615773  4.41939936 3.08804833]", "final_simplex": "(array([[4.55299925, 1.50843394, 0.44087844, 3.2615773 , 4.41939936,\n        3.08804833],\n       [4.52768811, 1.51029331, 0.43867237, 3.29064589, 4.42546476,\n        3.11156911],\n       [4.54633889, 1.49590043, 0.44049599, 3.30584577, 4.42356403,\n        3.0921305 ],\n       [4.55452132, 1.5256081 , 0.44090855, 3.28377673, 4.37296932,\n        3.01646791],\n       [4.57702094, 1.5022198 , 0.44603917, 3.29861365, 4.39550586,\n        3.03786691],\n       [4.56437192, 1.52442338, 0.43964795, 3.3082581 , 4.35064457,\n        3.01551847],\n       [4.58170616, 1.55813878, 0.42824546, 3.31234933, 4.36903443,\n        2.98865447]]), array([0.19955829, 0.19963454, 0.19964723, 0.1999087 , 0.19995081,\n       0.19998235, 0.20004405]))"}, "2": {"maxiter": 100, "fatol": 1e-10, "xatol": 1e-05, "duration": 0.02570796012878418, "fun": "0.1995582854115261", "nit": "100", "nfev": "151", "status": "2", "success": "False", "message": "Maximum number of iterations has been exceeded.", "x": "[4.55299925 1.50843394 0.44087844 3.2615773  4.41939936 3.08804833]", "final_simplex": "(array([[4.55299925, 1.50843394, 0.44087844, 3.2615773 , 4.41939936,\n        3.08804833],\n       [4.52768811, 1.51029331, 0.43867237, 3.29064589, 4.42546476,\n        3.11156911],\n       [4.54633889, 1.49590043, 0.44049599, 3.30584577, 4.42356403,\n        3.0921305 ],\n       [4.55452132, 1.5256081 , 0.44090855, 3.28377673, 4.37296932,\n        3.01646791],\n       [4.57702094, 1.5022198 , 0.44603917, 3.29861365, 4.39550586,\n        3.03786691],\n       [4.56437192, 1.52442338, 0.43964795, 3.3082581 , 4.35064457,\n        3.01551847],\n       [4.58170616, 1.55813878, 0.42824546, 3.31234933, 4.36903443,\n        2.98865447]]), array([0.19955829, 0.19963454, 0.19964723, 0.1999087 , 0.19995081,\n       0.19998235, 0.20004405]))"}, "3": {"maxiter": 100, "fatol": 1e-10, "xatol": 1e-10, "duration": 0.02547001838684082, "fun": "0.1995582854115261", "nit": "100", "nfev": "151", "status": "2", "success": "False", "message": "Maximum number of iterations has been exceeded.", "x": "[4.55299925 1.50843394 0.44087844 3.2615773  4.41939936 3.08804833]", "final_simplex": "(array([[4.55299925, 1.50843394, 0.44087844, 3.2615773 , 4.41939936,\n        3.08804833],\n       [4.52768811, 1.51029331, 0.43867237, 3.29064589, 4.42546476,\n        3.11156911],\n       [4.54633889, 1.49590043, 0.44049599, 3.30584577, 4.42356403,\n        3.0921305 ],\n       [4.55452132, 1.5256081 , 0.44090855, 3.28377673, 4.37296932,\n        3.01646791],\n       [4.57702094, 1.5022198 , 0.44603917, 3.29861365, 4.39550586,\n        3.03786691],\n       [4.56437192, 1.52442338, 0.43964795, 3.3082581 , 4.35064457,\n        3.01551847],\n       [4.58170616, 1.55813878, 0.42824546, 3.31234933, 4.36903443,\n        2.98865447]]), array([0.19955829, 0.19963454, 0.19964723, 0.1999087 , 0.19995081,\n       0.19998235, 0.20004405]))"}, "4": {"maxiter": 500, "fatol": 1e-05, "xatol": 1e-05, "duration": 0.13080501556396484, "fun": "0.1597297190109801", "nit": "500", "nfev": "765", "status": "2", "success": "False", "message": "Maximum number of iterations has been exceeded.", "x": "[ 4.12546293  2.38505044 -0.47601336  3.86580551  6.59063378  3.78711931]", "final_simplex": "(array([[ 4.12546293,  2.38505044, -0.47601336,  3.86580551,  6.59063378,\n         3.78711931],\n       [ 4.12545722,  2.3850495 , -0.47601931,  3.86580837,  6.59063046,\n         3.78711537],\n       [ 4.12545231,  2.38505566, -0.47603561,  3.86580902,  6.59065766,\n         3.7871198 ],\n       [ 4.12544758,  2.38503911, -0.47604075,  3.86579351,  6.59065161,\n         3.78712046],\n       [ 4.12545999,  2.38503561, -0.47602726,  3.865801  ,  6.59064122,\n         3.78712676],\n       [ 4.12547229,  2.38503656, -0.47602614,  3.86579707,  6.59061005,\n         3.78711751],\n       [ 4.12545896,  2.38503432, -0.4760359 ,  3.86579582,  6.59064022,\n         3.78711205]]), array([0.15972972, 0.15972972, 0.15972972, 0.15972972, 0.15972972,\n       0.15972972, 0.15972972]))"}, "5": {"maxiter": 500, "fatol": 1e-05, "xatol": 1e-10, "duration": 0.13016486167907715, "fun": "0.1597297190109801", "nit": "500", "nfev": "765", "status": "2", "success": "False", "message": "Maximum number of iterations has been exceeded.", "x": "[ 4.12546293  2.38505044 -0.47601336  3.86580551  6.59063378  3.78711931]", "final_simplex": "(array([[ 4.12546293,  2.38505044, -0.47601336,  3.86580551,  6.59063378,\n         3.78711931],\n       [ 4.12545722,  2.3850495 , -0.47601931,  3.86580837,  6.59063046,\n         3.78711537],\n       [ 4.12545231,  2.38505566, -0.47603561,  3.86580902,  6.59065766,\n         3.7871198 ],\n       [ 4.12544758,  2.38503911, -0.47604075,  3.86579351,  6.59065161,\n         3.78712046],\n       [ 4.12545999,  2.38503561, -0.47602726,  3.865801  ,  6.59064122,\n         3.78712676],\n       [ 4.12547229,  2.38503656, -0.47602614,  3.86579707,  6.59061005,\n         3.78711751],\n       [ 4.12545896,  2.38503432, -0.4760359 ,  3.86579582,  6.59064022,\n         3.78711205]]), array([0.15972972, 0.15972972, 0.15972972, 0.15972972, 0.15972972,\n       0.15972972, 0.15972972]))"}, "6": {"maxiter": 500, "fatol": 1e-10, "xatol": 1e-05, "duration": 0.1288130283355713, "fun": "0.1597297190109801", "nit": "500", "nfev": "765", "status": "2", "success": "False", "message": "Maximum number of iterations has been exceeded.", "x": "[ 4.12546293  2.38505044 -0.47601336  3.86580551  6.59063378  3.78711931]", "final_simplex": "(array([[ 4.12546293,  2.38505044, -0.47601336,  3.86580551,  6.59063378,\n         3.78711931],\n       [ 4.12545722,  2.3850495 , -0.47601931,  3.86580837,  6.59063046,\n         3.78711537],\n       [ 4.12545231,  2.38505566, -0.47603561,  3.86580902,  6.59065766,\n         3.7871198 ],\n       [ 4.12544758,  2.38503911, -0.47604075,  3.86579351,  6.59065161,\n         3.78712046],\n       [ 4.12545999,  2.38503561, -0.47602726,  3.865801  ,  6.59064122,\n         3.78712676],\n       [ 4.12547229,  2.38503656, -0.47602614,  3.86579707,  6.59061005,\n         3.78711751],\n       [ 4.12545896,  2.38503432, -0.4760359 ,  3.86579582,  6.59064022,\n         3.78711205]]), array([0.15972972, 0.15972972, 0.15972972, 0.15972972, 0.15972972,\n       0.15972972, 0.15972972]))"}, "7": {"maxiter": 500, "fatol": 1e-10, "xatol": 1e-10, "duration": 0.13053393363952637, "fun": "0.1597297190109801", "nit": "500", "nfev": "765", "status": "2", "success": "False", "message": "Maximum number of iterations has been exceeded.", "x": "[ 4.12546293  2.38505044 -0.47601336  3.86580551  6.59063378  3.78711931]", "final_simplex": "(array([[ 4.12546293,  2.38505044, -0.47601336,  3.86580551,  6.59063378,\n         3.78711931],\n       [ 4.12545722,  2.3850495 , -0.47601931,  3.86580837,  6.59063046,\n         3.78711537],\n       [ 4.12545231,  2.38505566, -0.47603561,  3.86580902,  6.59065766,\n         3.7871198 ],\n       [ 4.12544758,  2.38503911, -0.47604075,  3.86579351,  6.59065161,\n         3.78712046],\n       [ 4.12545999,  2.38503561, -0.47602726,  3.865801  ,  6.59064122,\n         3.78712676],\n       [ 4.12547229,  2.38503656, -0.47602614,  3.86579707,  6.59061005,\n         3.78711751],\n       [ 4.12545896,  2.38503432, -0.4760359 ,  3.86579582,  6.59064022,\n         3.78711205]]), array([0.15972972, 0.15972972, 0.15972972, 0.15972972, 0.15972972,\n       0.15972972, 0.15972972]))"}, "8": {"maxiter": 1000, "fatol": 1e-05, "xatol": 1e-05, "duration": 0.13697600364685059, "fun": "0.15972971898022825", "nit": "523", "nfev": "804", "status": "0", "success": "True", "message": "Optimization terminated successfully.", "x": "[ 4.12545668  2.38505618 -0.4760174   3.8658004   6.59063648  3.78712118]", "final_simplex": "(array([[ 4.12545668,  2.38505618, -0.4760174 ,  3.8658004 ,  6.59063648,\n         3.78712118],\n       [ 4.12545933,  2.38505436, -0.47601335,  3.86579842,  6.59063425,\n         3.78712251],\n       [ 4.12545825,  2.38505629, -0.47601747,  3.86579881,  6.5906361 ,\n         3.78712394],\n       [ 4.12546029,  2.38505174, -0.47601989,  3.86579617,  6.59063042,\n         3.78711854],\n       [ 4.12545599,  2.38505944, -0.47602096,  3.86580119,  6.5906365 ,\n         3.78711685],\n       [ 4.12545645,  2.38505592, -0.47602434,  3.86579795,  6.59063973,\n         3.78711751],\n       [ 4.12545987,  2.38505408, -0.47602006,  3.86580051,  6.5906332 ,\n         3.78712083]]), array([0.15972972, 0.15972972, 0.15972972, 0.15972972, 0.15972972,\n       0.15972972, 0.15972972]))"}, "9": {"maxiter": 1000, "fatol": 1e-05, "xatol": 1e-10, "duration": 0.17353010177612305, "fun": "0.1597297189791479", "nit": "618", "nfev": "1021", "status": "0", "success": "True", "message": "Optimization terminated successfully.", "x": "[ 4.12546018  2.38505367 -0.47601541  3.86579789  6.59063378  3.78712324]", "final_simplex": "(array([[ 4.12546018,  2.38505367, -0.47601541,  3.86579789,  6.59063378,\n         3.78712324],\n       [ 4.12546018,  2.38505367, -0.47601541,  3.86579789,  6.59063378,\n         3.78712324],\n       [ 4.12546018,  2.38505367, -0.47601541,  3.86579789,  6.59063378,\n         3.78712324],\n       [ 4.12546018,  2.38505367, -0.47601541,  3.86579789,  6.59063378,\n         3.78712324],\n       [ 4.12546018,  2.38505367, -0.47601541,  3.86579789,  6.59063378,\n         3.78712324],\n       [ 4.12546018,  2.38505367, -0.47601541,  3.86579789,  6.59063378,\n         3.78712324],\n       [ 4.12546018,  2.38505367, -0.47601541,  3.86579789,  6.59063378,\n         3.78712324]]), array([0.15972972, 0.15972972, 0.15972972, 0.15972972, 0.15972972,\n       0.15972972, 0.15972972]))"}, "10": {"maxiter": 1000, "fatol": 1e-10, "xatol": 1e-05, "duration": 0.13655471801757812, "fun": "0.15972971898022825", "nit": "523", "nfev": "804", "status": "0", "success": "True", "message": "Optimization terminated successfully.", "x": "[ 4.12545668  2.38505618 -0.4760174   3.8658004   6.59063648  3.78712118]", "final_simplex": "(array([[ 4.12545668,  2.38505618, -0.4760174 ,  3.8658004 ,  6.59063648,\n         3.78712118],\n       [ 4.12545933,  2.38505436, -0.47601335,  3.86579842,  6.59063425,\n         3.78712251],\n       [ 4.12545825,  2.38505629, -0.47601747,  3.86579881,  6.5906361 ,\n         3.78712394],\n       [ 4.12546029,  2.38505174, -0.47601989,  3.86579617,  6.59063042,\n         3.78711854],\n       [ 4.12545599,  2.38505944, -0.47602096,  3.86580119,  6.5906365 ,\n         3.78711685],\n       [ 4.12545645,  2.38505592, -0.47602434,  3.86579795,  6.59063973,\n         3.78711751],\n       [ 4.12545987,  2.38505408, -0.47602006,  3.86580051,  6.5906332 ,\n         3.78712083]]), array([0.15972972, 0.15972972, 0.15972972, 0.15972972, 0.15972972,\n       0.15972972, 0.15972972]))"}, "11": {"maxiter": 1000, "fatol": 1e-10, "xatol": 1e-10, "duration": 0.1728818416595459, "fun": "0.1597297189791479", "nit": "618", "nfev": "1021", "status": "0", "success": "True", "message": "Optimization terminated successfully.", "x": "[ 4.12546018  2.38505367 -0.47601541  3.86579789  6.59063378  3.78712324]", "final_simplex": "(array([[ 4.12546018,  2.38505367, -0.47601541,  3.86579789,  6.59063378,\n         3.78712324],\n       [ 4.12546018,  2.38505367, -0.47601541,  3.86579789,  6.59063378,\n         3.78712324],\n       [ 4.12546018,  2.38505367, -0.47601541,  3.86579789,  6.59063378,\n         3.78712324],\n       [ 4.12546018,  2.38505367, -0.47601541,  3.86579789,  6.59063378,\n         3.78712324],\n       [ 4.12546018,  2.38505367, -0.47601541,  3.86579789,  6.59063378,\n         3.78712324],\n       [ 4.12546018,  2.38505367, -0.47601541,  3.86579789,  6.59063378,\n         3.78712324],\n       [ 4.12546018,  2.38505367, -0.47601541,  3.86579789,  6.59063378,\n         3.78712324]]), array([0.15972972, 0.15972972, 0.15972972, 0.15972972, 0.15972972,\n       0.15972972, 0.15972972]))"}}, "bfgs": {"type": "gradient", "0": {"maxiter": 100, "gtol": 1e-05, "xrtol": 1e-05, "eps": 1e-05, "duration": 0.03291010856628418, "fun": "0.1597297191186806", "jac": "[ 1.71516135e-06 -6.39910347e-07 -1.67484915e-06  1.42457157e-06\n -1.81893389e-06  5.77904391e-07]", "hess_inv": "[[  9.07650975  -3.84801364   8.23860183  -2.29761334 -11.85058035\n    2.91818718]\n [ -3.84801364   8.18457462  -3.03967316   3.9739271    4.84287024\n   -4.52157159]\n [  8.23860183  -3.03967316  14.759274    -1.82915499 -11.9114622\n    7.44197883]\n [ -2.29761334   3.9739271   -1.82915499   4.19775909   3.20064084\n   -1.90275101]\n [-11.85058035   4.84287024 -11.9114622    3.20064084  22.60560713\n   -0.2612291 ]\n [  2.91818718  -4.52157159   7.44197883  -1.90275101  -0.2612291\n   11.68661617]]", "nfev": "189", "njev": "27", "status": "0", "success": "True", "message": "Optimization terminated successfully.", "x": "[ 4.12547644  2.38503275 -0.47603257  3.86578613  6.59059046  3.78709557]", "nit": "24"}, "1": {"maxiter": 100, "gtol": 1e-05, "xrtol": 1e-05, "eps": 1e-10, "duration": 0.032732248306274414, "fun": "0.15972971901998023", "jac": "[-2.22044587e-06  2.22044587e-06 -4.44089173e-06  1.11022293e-06\n -2.22044587e-06  2.22044587e-06]", "hess_inv": "[[  9.01684904  -3.92841624   8.22600175  -2.2854675  -11.75043143\n    3.04655717]\n [ -3.92841624   8.64618629  -3.1144092    4.17113762   4.90872775\n   -4.8056515 ]\n [  8.22600175  -3.1144092   14.78554958  -1.82740216 -11.89125592\n    7.54522897]\n [ -2.2854675    4.17113762  -1.82740216   4.25364196   3.16655838\n   -2.05320445]\n [-11.75043143   4.90872775 -11.89125592   3.16655838  22.44928192\n   -0.40955344]\n [  3.04655717  -4.8056515    7.54522897  -2.05320445  -0.40955344\n   11.83354193]]", "nfev": "189", "njev": "27", "status": "0", "success": "True", "message": "Optimization terminated successfully.", "x": "[ 4.12545652  2.38506905 -0.47602696  3.86580935  6.59063541  3.78711498]", "nit": "24"}, "2": {"maxiter": 100, "gtol": 1e-05, "xrtol": 1e-10, "eps": 1e-05, "duration": 0.03273129463195801, "fun": "0.1597297191186806", "jac": "[ 1.71516135e-06 -6.39910347e-07 -1.67484915e-06  1.42457157e-06\n -1.81893389e-06  5.77904391e-07]", "hess_inv": "[[  9.07650975  -3.84801364   8.23860183  -2.29761334 -11.85058035\n    2.91818718]\n [ -3.84801364   8.18457462  -3.03967316   3.9739271    4.84287024\n   -4.52157159]\n [  8.23860183  -3.03967316  14.759274    -1.82915499 -11.9114622\n    7.44197883]\n [ -2.29761334   3.9739271   -1.82915499   4.19775909   3.20064084\n   -1.90275101]\n [-11.85058035   4.84287024 -11.9114622    3.20064084  22.60560713\n   -0.2612291 ]\n [  2.91818718  -4.52157159   7.44197883  -1.90275101  -0.2612291\n   11.68661617]]", "nfev": "189", "njev": "27", "status": "0", "success": "True", "message": "Optimization terminated successfully.", "x": "[ 4.12547644  2.38503275 -0.47603257  3.86578613  6.59059046  3.78709557]", "nit": "24"}, "3": {"maxiter": 100, "gtol": 1e-05, "xrtol": 1e-10, "eps": 1e-10, "duration": 0.0324399471282959, "fun": "0.15972971901998023", "jac": "[-2.22044587e-06  2.22044587e-06 -4.44089173e-06  1.11022293e-06\n -2.22044587e-06  2.22044587e-06]", "hess_inv": "[[  9.01684904  -3.92841624   8.22600175  -2.2854675  -11.75043143\n    3.04655717]\n [ -3.92841624   8.64618629  -3.1144092    4.17113762   4.90872775\n   -4.8056515 ]\n [  8.22600175  -3.1144092   14.78554958  -1.82740216 -11.89125592\n    7.54522897]\n [ -2.2854675    4.17113762  -1.82740216   4.25364196   3.16655838\n   -2.05320445]\n [-11.75043143   4.90872775 -11.89125592   3.16655838  22.44928192\n   -0.40955344]\n [  3.04655717  -4.8056515    7.54522897  -2.05320445  -0.40955344\n   11.83354193]]", "nfev": "189", "njev": "27", "status": "0", "success": "True", "message": "Optimization terminated successfully.", "x": "[ 4.12545652  2.38506905 -0.47602696  3.86580935  6.59063541  3.78711498]", "nit": "24"}, "4": {"maxiter": 100, "gtol": 1e-10, "xrtol": 1e-05, "eps": 1e-05, "duration": 0.033685922622680664, "fun": "0.1597297190569057", "jac": "[ 3.29603012e-07  3.44457796e-07 -2.63999933e-07  2.74780199e-08\n -8.35775893e-08  1.10544907e-07]", "hess_inv": "[[  9.86742535  -4.54359805   8.66908164  -2.4213175  -13.08112217\n    3.37131609]\n [ -4.54359805   8.60814565  -3.45140195   4.09508022   5.97938516\n   -4.62179444]\n [  8.66908164  -3.45140195  14.98774069  -1.89430833 -12.57166119\n    7.74113458]\n [ -2.4213175    4.09508022  -1.89430833   4.21629542   3.38953924\n   -1.99321512]\n [-13.08112217   5.97938516 -12.57166119   3.38953924  24.50447369\n   -1.05229291]\n [  3.37131609  -4.62179444   7.74113458  -1.99321512  -1.05229291\n   11.47337678]]", "nfev": "196", "njev": "28", "status": "0", "success": "True", "message": "Optimization terminated successfully.", "x": "[ 4.12544883  2.38504798 -0.47604918  3.86579104  6.59063602  3.78709409]", "nit": "25"}, "5": {"maxiter": 100, "gtol": 1e-10, "xrtol": 1e-05, "eps": 1e-10, "duration": 0.03486275672912598, "fun": "0.15972971899982624", "jac": "[ 4.44089173e-06  2.22044587e-06 -3.33066880e-06  1.11022293e-06\n  0.00000000e+00  3.33066880e-06]", "hess_inv": "[[  7.93099629  -2.74650803   7.1417647   -1.83939891 -10.35642513\n    2.00329122]\n [ -2.74650803   7.61918662  -1.64397792   3.66161637   3.43687386\n   -3.81806026]\n [  7.1417647   -1.64397792  14.02768912  -1.4088404  -10.44845548\n    6.3379764 ]\n [ -1.83939891   3.66161637  -1.4088404    4.07261556   2.58969573\n   -1.61094801]\n [-10.35642513   3.43687386 -10.44845548   2.58969573  20.66763893\n    0.90385168]\n [  2.00329122  -3.81806026   6.3379764   -1.61094801   0.90385168\n   10.91557133]]", "nfev": "203", "njev": "29", "status": "0", "success": "True", "message": "Optimization terminated successfully.", "x": "[ 4.12546715  2.38506258 -0.47601064  3.86580451  6.59062265  3.78712229]", "nit": "25"}, "6": {"maxiter": 100, "gtol": 1e-10, "xrtol": 1e-10, "eps": 1e-05, "duration": 0.05896592140197754, "fun": "0.1597297190569057", "jac": "[ 3.29603012e-07  3.44457796e-07 -2.63999933e-07  2.74780199e-08\n -8.35775893e-08  1.10544907e-07]", "hess_inv": "[[ 10.1198635   -4.16650277   8.57526647  -2.2332123  -13.41363514\n    3.04458805]\n [ -4.16650277   8.11505387  -3.08876786   3.89939077   5.31062569\n   -4.4138034 ]\n [  8.57526647  -3.08876786  14.78331793  -1.73734568 -12.36620428\n    7.53127989]\n [ -2.2332123    3.89939077  -1.73734568   4.14136735   3.0641325\n   -1.92259168]\n [-13.41363514   5.31062569 -12.36620428   3.0641325   24.91444175\n   -0.50856305]\n [  3.04458805  -4.4138034    7.53127989  -1.92259168  -0.50856305\n   11.43762346]]", "nfev": "346", "njev": "48", "status": "2", "success": "False", "message": "Desired error not necessarily achieved due to precision loss.", "x": "[ 4.12544883  2.38504798 -0.47604918  3.86579104  6.59063602  3.78709409]", "nit": "25"}, "7": {"maxiter": 100, "gtol": 1e-10, "xrtol": 1e-10, "eps": 1e-10, "duration": 0.057289838790893555, "fun": "0.1597297189875635", "jac": "[ 1.11022293e-06 -1.11022293e-06  1.11022293e-06  2.22044587e-06\n  0.00000000e+00  2.22044587e-06]", "hess_inv": "[[ 0.90746879 -0.44097218  0.55089832  0.0991154  -0.09198842 -0.64796194]\n [-0.44097218  0.58170457 -0.49759177  0.19310362  0.06126262  0.2508231 ]\n [ 0.55089832 -0.49759177  0.6552408  -0.0999719  -0.12815421 -0.43083558]\n [ 0.0991154   0.19310362 -0.0999719   0.22805016  0.10323131 -0.19287076]\n [-0.09198842  0.06126262 -0.12815421  0.10323131  0.2066985  -0.05625334]\n [-0.64796194  0.2508231  -0.43083558 -0.19287076 -0.05625334  0.63209324]]", "nfev": "336", "njev": "48", "status": "2", "success": "False", "message": "Desired error not necessarily achieved due to precision loss.", "x": "[ 4.12546432  2.38505501 -0.47600521  3.86580106  6.59062011  3.78712368]", "nit": "33"}, "8": {"maxiter": 500, "gtol": 1e-05, "xrtol": 1e-05, "eps": 1e-05, "duration": 0.03244376182556152, "fun": "0.1597297191186806", "jac": "[ 1.71516135e-06 -6.39910347e-07 -1.67484915e-06  1.42457157e-06\n -1.81893389e-06  5.77904391e-07]", "hess_inv": "[[  9.07650975  -3.84801364   8.23860183  -2.29761334 -11.85058035\n    2.91818718]\n [ -3.84801364   8.18457462  -3.03967316   3.9739271    4.84287024\n   -4.52157159]\n [  8.23860183  -3.03967316  14.759274    -1.82915499 -11.9114622\n    7.44197883]\n [ -2.29761334   3.9739271   -1.82915499   4.19775909   3.20064084\n   -1.90275101]\n [-11.85058035   4.84287024 -11.9114622    3.20064084  22.60560713\n   -0.2612291 ]\n [  2.91818718  -4.52157159   7.44197883  -1.90275101  -0.2612291\n   11.68661617]]", "nfev": "189", "njev": "27", "status": "0", "success": "True", "message": "Optimization terminated successfully.", "x": "[ 4.12547644  2.38503275 -0.47603257  3.86578613  6.59059046  3.78709557]", "nit": "24"}, "9": {"maxiter": 500, "gtol": 1e-05, "xrtol": 1e-05, "eps": 1e-10, "duration": 0.032308101654052734, "fun": "0.15972971901998023", "jac": "[-2.22044587e-06  2.22044587e-06 -4.44089173e-06  1.11022293e-06\n -2.22044587e-06  2.22044587e-06]", "hess_inv": "[[  9.01684904  -3.92841624   8.22600175  -2.2854675  -11.75043143\n    3.04655717]\n [ -3.92841624   8.64618629  -3.1144092    4.17113762   4.90872775\n   -4.8056515 ]\n [  8.22600175  -3.1144092   14.78554958  -1.82740216 -11.89125592\n    7.54522897]\n [ -2.2854675    4.17113762  -1.82740216   4.25364196   3.16655838\n   -2.05320445]\n [-11.75043143   4.90872775 -11.89125592   3.16655838  22.44928192\n   -0.40955344]\n [  3.04655717  -4.8056515    7.54522897  -2.05320445  -0.40955344\n   11.83354193]]", "nfev": "189", "njev": "27", "status": "0", "success": "True", "message": "Optimization terminated successfully.", "x": "[ 4.12545652  2.38506905 -0.47602696  3.86580935  6.59063541  3.78711498]", "nit": "24"}, "10": {"maxiter": 500, "gtol": 1e-05, "xrtol": 1e-10, "eps": 1e-05, "duration": 0.0324249267578125, "fun": "0.1597297191186806", "jac": "[ 1.71516135e-06 -6.39910347e-07 -1.67484915e-06  1.42457157e-06\n -1.81893389e-06  5.77904391e-07]", "hess_inv": "[[  9.07650975  -3.84801364   8.23860183  -2.29761334 -11.85058035\n    2.91818718]\n [ -3.84801364   8.18457462  -3.03967316   3.9739271    4.84287024\n   -4.52157159]\n [  8.23860183  -3.03967316  14.759274    -1.82915499 -11.9114622\n    7.44197883]\n [ -2.29761334   3.9739271   -1.82915499   4.19775909   3.20064084\n   -1.90275101]\n [-11.85058035   4.84287024 -11.9114622    3.20064084  22.60560713\n   -0.2612291 ]\n [  2.91818718  -4.52157159   7.44197883  -1.90275101  -0.2612291\n   11.68661617]]", "nfev": "189", "njev": "27", "status": "0", "success": "True", "message": "Optimization terminated successfully.", "x": "[ 4.12547644  2.38503275 -0.47603257  3.86578613  6.59059046  3.78709557]", "nit": "24"}, "11": {"maxiter": 500, "gtol": 1e-05, "xrtol": 1e-10, "eps": 1e-10, "duration": 0.03237605094909668, "fun": "0.15972971901998023", "jac": "[-2.22044587e-06  2.22044587e-06 -4.44089173e-06  1.11022293e-06\n -2.22044587e-06  2.22044587e-06]", "hess_inv": "[[  9.01684904  -3.92841624   8.22600175  -2.2854675  -11.75043143\n    3.04655717]\n [ -3.92841624   8.64618629  -3.1144092    4.17113762   4.90872775\n   -4.8056515 ]\n [  8.22600175  -3.1144092   14.78554958  -1.82740216 -11.89125592\n    7.54522897]\n [ -2.2854675    4.17113762  -1.82740216   4.25364196   3.16655838\n   -2.05320445]\n [-11.75043143   4.90872775 -11.89125592   3.16655838  22.44928192\n   -0.40955344]\n [  3.04655717  -4.8056515    7.54522897  -2.05320445  -0.40955344\n   11.83354193]]", "nfev": "189", "njev": "27", "status": "0", "success": "True", "message": "Optimization terminated successfully.", "x": "[ 4.12545652  2.38506905 -0.47602696  3.86580935  6.59063541  3.78711498]", "nit": "24"}, "12": {"maxiter": 500, "gtol": 1e-10, "xrtol": 1e-05, "eps": 1e-05, "duration": 0.0336151123046875, "fun": "0.1597297190569057", "jac": "[ 3.29603012e-07  3.44457796e-07 -2.63999933e-07  2.74780199e-08\n -8.35775893e-08  1.10544907e-07]", "hess_inv": "[[  9.86742535  -4.54359805   8.66908164  -2.4213175  -13.08112217\n    3.37131609]\n [ -4.54359805   8.60814565  -3.45140195   4.09508022   5.97938516\n   -4.62179444]\n [  8.66908164  -3.45140195  14.98774069  -1.89430833 -12.57166119\n    7.74113458]\n [ -2.4213175    4.09508022  -1.89430833   4.21629542   3.38953924\n   -1.99321512]\n [-13.08112217   5.97938516 -12.57166119   3.38953924  24.50447369\n   -1.05229291]\n [  3.37131609  -4.62179444   7.74113458  -1.99321512  -1.05229291\n   11.47337678]]", "nfev": "196", "njev": "28", "status": "0", "success": "True", "message": "Optimization terminated successfully.", "x": "[ 4.12544883  2.38504798 -0.47604918  3.86579104  6.59063602  3.78709409]", "nit": "25"}, "13": {"maxiter": 500, "gtol": 1e-10, "xrtol": 1e-05, "eps": 1e-10, "duration": 0.0347747802734375, "fun": "0.15972971899982624", "jac": "[ 4.44089173e-06  2.22044587e-06 -3.33066880e-06  1.11022293e-06\n  0.00000000e+00  3.33066880e-06]", "hess_inv": "[[  7.93099629  -2.74650803   7.1417647   -1.83939891 -10.35642513\n    2.00329122]\n [ -2.74650803   7.61918662  -1.64397792   3.66161637   3.43687386\n   -3.81806026]\n [  7.1417647   -1.64397792  14.02768912  -1.4088404  -10.44845548\n    6.3379764 ]\n [ -1.83939891   3.66161637  -1.4088404    4.07261556   2.58969573\n   -1.61094801]\n [-10.35642513   3.43687386 -10.44845548   2.58969573  20.66763893\n    0.90385168]\n [  2.00329122  -3.81806026   6.3379764   -1.61094801   0.90385168\n   10.91557133]]", "nfev": "203", "njev": "29", "status": "0", "success": "True", "message": "Optimization terminated successfully.", "x": "[ 4.12546715  2.38506258 -0.47601064  3.86580451  6.59062265  3.78712229]", "nit": "25"}, "14": {"maxiter": 500, "gtol": 1e-10, "xrtol": 1e-10, "eps": 1e-05, "duration": 0.05901217460632324, "fun": "0.1597297190569057", "jac": "[ 3.29603012e-07  3.44457796e-07 -2.63999933e-07  2.74780199e-08\n -8.35775893e-08  1.10544907e-07]", "hess_inv": "[[ 10.1198635   -4.16650277   8.57526647  -2.2332123  -13.41363514\n    3.04458805]\n [ -4.16650277   8.11505387  -3.08876786   3.89939077   5.31062569\n   -4.4138034 ]\n [  8.57526647  -3.08876786  14.78331793  -1.73734568 -12.36620428\n    7.53127989]\n [ -2.2332123    3.89939077  -1.73734568   4.14136735   3.0641325\n   -1.92259168]\n [-13.41363514   5.31062569 -12.36620428   3.0641325   24.91444175\n   -0.50856305]\n [  3.04458805  -4.4138034    7.53127989  -1.92259168  -0.50856305\n   11.43762346]]", "nfev": "346", "njev": "48", "status": "2", "success": "False", "message": "Desired error not necessarily achieved due to precision loss.", "x": "[ 4.12544883  2.38504798 -0.47604918  3.86579104  6.59063602  3.78709409]", "nit": "25"}, "15": {"maxiter": 500, "gtol": 1e-10, "xrtol": 1e-10, "eps": 1e-10, "duration": 0.05754804611206055, "fun": "0.1597297189875635", "jac": "[ 1.11022293e-06 -1.11022293e-06  1.11022293e-06  2.22044587e-06\n  0.00000000e+00  2.22044587e-06]", "hess_inv": "[[ 0.90746879 -0.44097218  0.55089832  0.0991154  -0.09198842 -0.64796194]\n [-0.44097218  0.58170457 -0.49759177  0.19310362  0.06126262  0.2508231 ]\n [ 0.55089832 -0.49759177  0.6552408  -0.0999719  -0.12815421 -0.43083558]\n [ 0.0991154   0.19310362 -0.0999719   0.22805016  0.10323131 -0.19287076]\n [-0.09198842  0.06126262 -0.12815421  0.10323131  0.2066985  -0.05625334]\n [-0.64796194  0.2508231  -0.43083558 -0.19287076 -0.05625334  0.63209324]]", "nfev": "336", "njev": "48", "status": "2", "success": "False", "message": "Desired error not necessarily achieved due to precision loss.", "x": "[ 4.12546432  2.38505501 -0.47600521  3.86580106  6.59062011  3.78712368]", "nit": "33"}, "16": {"maxiter": 1000, "gtol": 1e-05, "xrtol": 1e-05, "eps": 1e-05, "duration": 0.03284001350402832, "fun": "0.1597297191186806", "jac": "[ 1.71516135e-06 -6.39910347e-07 -1.67484915e-06  1.42457157e-06\n -1.81893389e-06  5.77904391e-07]", "hess_inv": "[[  9.07650975  -3.84801364   8.23860183  -2.29761334 -11.85058035\n    2.91818718]\n [ -3.84801364   8.18457462  -3.03967316   3.9739271    4.84287024\n   -4.52157159]\n [  8.23860183  -3.03967316  14.759274    -1.82915499 -11.9114622\n    7.44197883]\n [ -2.29761334   3.9739271   -1.82915499   4.19775909   3.20064084\n   -1.90275101]\n [-11.85058035   4.84287024 -11.9114622    3.20064084  22.60560713\n   -0.2612291 ]\n [  2.91818718  -4.52157159   7.44197883  -1.90275101  -0.2612291\n   11.68661617]]", "nfev": "189", "njev": "27", "status": "0", "success": "True", "message": "Optimization terminated successfully.", "x": "[ 4.12547644  2.38503275 -0.47603257  3.86578613  6.59059046  3.78709557]", "nit": "24"}, "17": {"maxiter": 1000, "gtol": 1e-05, "xrtol": 1e-05, "eps": 1e-10, "duration": 0.032468318939208984, "fun": "0.15972971901998023", "jac": "[-2.22044587e-06  2.22044587e-06 -4.44089173e-06  1.11022293e-06\n -2.22044587e-06  2.22044587e-06]", "hess_inv": "[[  9.01684904  -3.92841624   8.22600175  -2.2854675  -11.75043143\n    3.04655717]\n [ -3.92841624   8.64618629  -3.1144092    4.17113762   4.90872775\n   -4.8056515 ]\n [  8.22600175  -3.1144092   14.78554958  -1.82740216 -11.89125592\n    7.54522897]\n [ -2.2854675    4.17113762  -1.82740216   4.25364196   3.16655838\n   -2.05320445]\n [-11.75043143   4.90872775 -11.89125592   3.16655838  22.44928192\n   -0.40955344]\n [  3.04655717  -4.8056515    7.54522897  -2.05320445  -0.40955344\n   11.83354193]]", "nfev": "189", "njev": "27", "status": "0", "success": "True", "message": "Optimization terminated successfully.", "x": "[ 4.12545652  2.38506905 -0.47602696  3.86580935  6.59063541  3.78711498]", "nit": "24"}, "18": {"maxiter": 1000, "gtol": 1e-05, "xrtol": 1e-10, "eps": 1e-05, "duration": 0.0324559211730957, "fun": "0.1597297191186806", "jac": "[ 1.71516135e-06 -6.39910347e-07 -1.67484915e-06  1.42457157e-06\n -1.81893389e-06  5.77904391e-07]", "hess_inv": "[[  9.07650975  -3.84801364   8.23860183  -2.29761334 -11.85058035\n    2.91818718]\n [ -3.84801364   8.18457462  -3.03967316   3.9739271    4.84287024\n   -4.52157159]\n [  8.23860183  -3.03967316  14.759274    -1.82915499 -11.9114622\n    7.44197883]\n [ -2.29761334   3.9739271   -1.82915499   4.19775909   3.20064084\n   -1.90275101]\n [-11.85058035   4.84287024 -11.9114622    3.20064084  22.60560713\n   -0.2612291 ]\n [  2.91818718  -4.52157159   7.44197883  -1.90275101  -0.2612291\n   11.68661617]]", "nfev": "189", "njev": "27", "status": "0", "success": "True", "message": "Optimization terminated successfully.", "x": "[ 4.12547644  2.38503275 -0.47603257  3.86578613  6.59059046  3.78709557]", "nit": "24"}, "19": {"maxiter": 1000, "gtol": 1e-05, "xrtol": 1e-10, "eps": 1e-10, "duration": 0.03249979019165039, "fun": "0.15972971901998023", "jac": "[-2.22044587e-06  2.22044587e-06 -4.44089173e-06  1.11022293e-06\n -2.22044587e-06  2.22044587e-06]", "hess_inv": "[[  9.01684904  -3.92841624   8.22600175  -2.2854675  -11.75043143\n    3.04655717]\n [ -3.92841624   8.64618629  -3.1144092    4.17113762   4.90872775\n   -4.8056515 ]\n [  8.22600175  -3.1144092   14.78554958  -1.82740216 -11.89125592\n    7.54522897]\n [ -2.2854675    4.17113762  -1.82740216   4.25364196   3.16655838\n   -2.05320445]\n [-11.75043143   4.90872775 -11.89125592   3.16655838  22.44928192\n   -0.40955344]\n [  3.04655717  -4.8056515    7.54522897  -2.05320445  -0.40955344\n   11.83354193]]", "nfev": "189", "njev": "27", "status": "0", "success": "True", "message": "Optimization terminated successfully.", "x": "[ 4.12545652  2.38506905 -0.47602696  3.86580935  6.59063541  3.78711498]", "nit": "24"}, "20": {"maxiter": 1000, "gtol": 1e-10, "xrtol": 1e-05, "eps": 1e-05, "duration": 0.033647775650024414, "fun": "0.1597297190569057", "jac": "[ 3.29603012e-07  3.44457796e-07 -2.63999933e-07  2.74780199e-08\n -8.35775893e-08  1.10544907e-07]", "hess_inv": "[[  9.86742535  -4.54359805   8.66908164  -2.4213175  -13.08112217\n    3.37131609]\n [ -4.54359805   8.60814565  -3.45140195   4.09508022   5.97938516\n   -4.62179444]\n [  8.66908164  -3.45140195  14.98774069  -1.89430833 -12.57166119\n    7.74113458]\n [ -2.4213175    4.09508022  -1.89430833   4.21629542   3.38953924\n   -1.99321512]\n [-13.08112217   5.97938516 -12.57166119   3.38953924  24.50447369\n   -1.05229291]\n [  3.37131609  -4.62179444   7.74113458  -1.99321512  -1.05229291\n   11.47337678]]", "nfev": "196", "njev": "28", "status": "0", "success": "True", "message": "Optimization terminated successfully.", "x": "[ 4.12544883  2.38504798 -0.47604918  3.86579104  6.59063602  3.78709409]", "nit": "25"}, "21": {"maxiter": 1000, "gtol": 1e-10, "xrtol": 1e-05, "eps": 1e-10, "duration": 0.0347900390625, "fun": "0.15972971899982624", "jac": "[ 4.44089173e-06  2.22044587e-06 -3.33066880e-06  1.11022293e-06\n  0.00000000e+00  3.33066880e-06]", "hess_inv": "[[  7.93099629  -2.74650803   7.1417647   -1.83939891 -10.35642513\n    2.00329122]\n [ -2.74650803   7.61918662  -1.64397792   3.66161637   3.43687386\n   -3.81806026]\n [  7.1417647   -1.64397792  14.02768912  -1.4088404  -10.44845548\n    6.3379764 ]\n [ -1.83939891   3.66161637  -1.4088404    4.07261556   2.58969573\n   -1.61094801]\n [-10.35642513   3.43687386 -10.44845548   2.58969573  20.66763893\n    0.90385168]\n [  2.00329122  -3.81806026   6.3379764   -1.61094801   0.90385168\n   10.91557133]]", "nfev": "203", "njev": "29", "status": "0", "success": "True", "message": "Optimization terminated successfully.", "x": "[ 4.12546715  2.38506258 -0.47601064  3.86580451  6.59062265  3.78712229]", "nit": "25"}, "22": {"maxiter": 1000, "gtol": 1e-10, "xrtol": 1e-10, "eps": 1e-05, "duration": 0.05888104438781738, "fun": "0.1597297190569057", "jac": "[ 3.29603012e-07  3.44457796e-07 -2.63999933e-07  2.74780199e-08\n -8.35775893e-08  1.10544907e-07]", "hess_inv": "[[ 10.1198635   -4.16650277   8.57526647  -2.2332123  -13.41363514\n    3.04458805]\n [ -4.16650277   8.11505387  -3.08876786   3.89939077   5.31062569\n   -4.4138034 ]\n [  8.57526647  -3.08876786  14.78331793  -1.73734568 -12.36620428\n    7.53127989]\n [ -2.2332123    3.89939077  -1.73734568   4.14136735   3.0641325\n   -1.92259168]\n [-13.41363514   5.31062569 -12.36620428   3.0641325   24.91444175\n   -0.50856305]\n [  3.04458805  -4.4138034    7.53127989  -1.92259168  -0.50856305\n   11.43762346]]", "nfev": "346", "njev": "48", "status": "2", "success": "False", "message": "Desired error not necessarily achieved due to precision loss.", "x": "[ 4.12544883  2.38504798 -0.47604918  3.86579104  6.59063602  3.78709409]", "nit": "25"}, "23": {"maxiter": 1000, "gtol": 1e-10, "xrtol": 1e-10, "eps": 1e-10, "duration": 0.05728793144226074, "fun": "0.1597297189875635", "jac": "[ 1.11022293e-06 -1.11022293e-06  1.11022293e-06  2.22044587e-06\n  0.00000000e+00  2.22044587e-06]", "hess_inv": "[[ 0.90746879 -0.44097218  0.55089832  0.0991154  -0.09198842 -0.64796194]\n [-0.44097218  0.58170457 -0.49759177  0.19310362  0.06126262  0.2508231 ]\n [ 0.55089832 -0.49759177  0.6552408  -0.0999719  -0.12815421 -0.43083558]\n [ 0.0991154   0.19310362 -0.0999719   0.22805016  0.10323131 -0.19287076]\n [-0.09198842  0.06126262 -0.12815421  0.10323131  0.2066985  -0.05625334]\n [-0.64796194  0.2508231  -0.43083558 -0.19287076 -0.05625334  0.63209324]]", "nfev": "336", "njev": "48", "status": "2", "success": "False", "message": "Desired error not necessarily achieved due to precision loss.", "x": "[ 4.12546432  2.38505501 -0.47600521  3.86580106  6.59062011  3.78712368]", "nit": "33"}}, "cobyla": {"0": {"maxiter": 100, "tol": 1e-05, "catol": 1e-05, "duration": 0.016434192657470703, "x": "[ 4.33788718  2.27229731 -0.27123033  3.80162872  6.22761712  3.80920617]", "status": "2", "success": "False", "message": "Maximum number of function evaluations has been exceeded.", "nfev": "100", "fun": "0.16236989522456635", "maxcv": "0.0"}, "1": {"maxiter": 100, "tol": 1e-05, "catol": 1e-10, "duration": 0.01634526252746582, "x": "[ 4.33788718  2.27229731 -0.27123033  3.80162872  6.22761712  3.80920617]", "status": "2", "success": "False", "message": "Maximum number of function evaluations has been exceeded.", "nfev": "100", "fun": "0.16236989522456635", "maxcv": "0.0"}, "2": {"maxiter": 100, "tol": 1e-10, "catol": 1e-05, "duration": 0.01633000373840332, "x": "[ 4.33788718  2.27229731 -0.27123033  3.80162872  6.22761712  3.80920617]", "status": "2", "success": "False", "message": "Maximum number of function evaluations has been exceeded.", "nfev": "100", "fun": "0.16236989522456635", "maxcv": "0.0"}, "3": {"maxiter": 100, "tol": 1e-10, "catol": 1e-10, "duration": 0.016326904296875, "x": "[ 4.33788718  2.27229731 -0.27123033  3.80162872  6.22761712  3.80920617]", "status": "2", "success": "False", "message": "Maximum number of function evaluations has been exceeded.", "nfev": "100", "fun": "0.16236989522456635", "maxcv": "0.0"}, "4": {"maxiter": 500, "tol": 1e-05, "catol": 1e-05, "duration": 0.0819692611694336, "x": "[ 4.12725004  2.38412825 -0.47389732  3.86519138  6.58784459  3.78807103]", "status": "2", "success": "False", "message": "Maximum number of function evaluations has been exceeded.", "nfev": "500", "fun": "0.15972991469226705", "maxcv": "0.0"}, "5": {"maxiter": 500, "tol": 1e-05, "catol": 1e-10, "duration": 0.08246493339538574, "x": "[ 4.12725004  2.38412825 -0.47389732  3.86519138  6.58784459  3.78807103]", "status": "2", "success": "False", "message": "Maximum number of function evaluations has been exceeded.", "nfev": "500", "fun": "0.15972991469226705", "maxcv": "0.0"}, "6": {"maxiter": 500, "tol": 1e-10, "catol": 1e-05, "duration": 0.08234977722167969, "x": "[ 4.12725004  2.38412825 -0.47389732  3.86519138  6.58784459  3.78807103]", "status": "2", "