{"date": "2024/07/18/, 18:35:10", "conf_id": 25, "data_type": "random\n", "num_data_points": 2, "s_rank": 0, "unitary": "[[-0.45070455-0.02711853j,0.78437395-0.06613086j,0.06358678+0.19963393j,-0.07343613+0.35668523j],[-0.01890143-0.03813363j,0.32408202+0.25557629j,0.05872864-0.68979805j,0.55466693-0.20227297j],[-0.11215405+0.64023111j,-0.13344055+0.29565494j,-0.49012687-0.19046288j,-0.04241254+0.44046348j],[0.55771659+0.24656916j,0.31851997-0.05798805j,0.28761525-0.34294258j,-0.56718418+0.03616933j]]", "databatch_0": {"databatch": "[[[-0.07081529+0.08905415j,-0.26158577-0.06300119j,0.14021768-0.23580599j,-0.01968963-0.38264093j],[0.05777813-0.02804895j,0.2305822+0.17523233j,-0.18200426+0.11428009j,-0.15679354+0.30805486j],[0.0190126-0.20095842j,0.18952939+0.03661155j,-0.00560675+0.34620617j,0.20900895+0.3057719j],[-0.07587311-0.1159117j,-0.12812261+0.06446401j,0.14423206+0.0675524j,0.11922492-0.156528j]],[[-0.04879438+0.02707365j,-0.01850442-0.1497691j,0.01410911-0.04488274j,-0.01184736-0.06142321j],[0.08085157+0.24173026j,-0.47607215+0.06084011j,-0.16256959+0.15253179j,-0.25185219+0.09725848j],[-0.12379929+0.15566073j,-0.26355349-0.29383038j,-0.17364631-0.06583059j,-0.17476867-0.13239425j],[-0.05585261-0.18933562j,0.41689448+0.00387472j,0.12224887-0.04902478j,0.200559-0.04263843j]]]", "initial param values": "[3.16362066,2.61551946,2.46557821,1.171629,1.62314875,4.95308992]", "nelder_mead": {"type": "gradient-free", "0": {"maxiter": 100, "fatol": 1e-05, "xatol": 1e-05, "duration": 0.02689504623413086, "fun": "0.3104258096181999", "nit": "100", "nfev": "159", "status": "2", "success": "False", "message": "Maximum number of iterations has been exceeded.", "x": "[4.74115541 2.70369355 4.57337228 0.72893788 2.51625133 3.99525724]", "final_simplex": "(array([[4.74115541, 2.70369355, 4.57337228, 0.72893788, 2.51625133,\n        3.99525724],\n       [4.47566637, 2.46002959, 4.21914364, 0.86055793, 2.40460508,\n        3.76783786],\n       [4.70090438, 2.56204448, 4.37652023, 0.79003848, 2.42408874,\n        3.7714994 ],\n       [4.41107189, 2.25790399, 3.83827489, 0.93765497, 2.47059115,\n        3.56928947],\n       [4.54163526, 2.60107983, 4.24722816, 0.8257616 , 2.32040196,\n        3.72146112],\n       [4.40661677, 2.23901063, 3.85834379, 0.94572874, 2.51459316,\n        3.44828062],\n       [4.28305574, 2.20033103, 3.6661915 , 1.00536482, 2.42464174,\n        3.39570537]]), array([0.31042581, 0.33418584, 0.33798931, 0.3436233 , 0.34619468,\n       0.35169294, 0.36594702]))"}, "1": {"maxiter": 100, "fatol": 1e-05, "xatol": 1e-10, "duration": 0.026755809783935547, "fun": "0.3104258096181999", "nit": "100", "nfev": "159", "status": "2", "success": "False", "message": "Maximum number of iterations has been exceeded.", "x": "[4.74115541 2.70369355 4.57337228 0.72893788 2.51625133 3.99525724]", "final_simplex": "(array([[4.74115541, 2.70369355, 4.57337228, 0.72893788, 2.51625133,\n        3.99525724],\n       [4.47566637, 2.46002959, 4.21914364, 0.86055793, 2.40460508,\n        3.76783786],\n       [4.70090438, 2.56204448, 4.37652023, 0.79003848, 2.42408874,\n        3.7714994 ],\n       [4.41107189, 2.25790399, 3.83827489, 0.93765497, 2.47059115,\n        3.56928947],\n       [4.54163526, 2.60107983, 4.24722816, 0.8257616 , 2.32040196,\n        3.72146112],\n       [4.40661677, 2.23901063, 3.85834379, 0.94572874, 2.51459316,\n        3.44828062],\n       [4.28305574, 2.20033103, 3.6661915 , 1.00536482, 2.42464174,\n        3.39570537]]), array([0.31042581, 0.33418584, 0.33798931, 0.3436233 , 0.34619468,\n       0.35169294, 0.36594702]))"}, "2": {"maxiter": 100, "fatol": 1e-10, "xatol": 1e-05, "duration": 0.026817798614501953, "fun": "0.3104258096181999", "nit": "100", "nfev": "159", "status": "2", "success": "False", "message": "Maximum number of iterations has been exceeded.", "x": "[4.74115541 2.70369355 4.57337228 0.72893788 2.51625133 3.99525724]", "final_simplex": "(array([[4.74115541, 2.70369355, 4.57337228, 0.72893788, 2.51625133,\n        3.99525724],\n       [4.47566637, 2.46002959, 4.21914364, 0.86055793, 2.40460508,\n        3.76783786],\n       [4.70090438, 2.56204448, 4.37652023, 0.79003848, 2.42408874,\n        3.7714994 ],\n       [4.41107189, 2.25790399, 3.83827489, 0.93765497, 2.47059115,\n        3.56928947],\n       [4.54163526, 2.60107983, 4.24722816, 0.8257616 , 2.32040196,\n        3.72146112],\n       [4.40661677, 2.23901063, 3.85834379, 0.94572874, 2.51459316,\n        3.44828062],\n       [4.28305574, 2.20033103, 3.6661915 , 1.00536482, 2.42464174,\n        3.39570537]]), array([0.31042581, 0.33418584, 0.33798931, 0.3436233 , 0.34619468,\n       0.35169294, 0.36594702]))"}, "3": {"maxiter": 100, "fatol": 1e-10, "xatol": 1e-10, "duration": 0.026730060577392578, "fun": "0.3104258096181999", "nit": "100", "nfev": "159", "status": "2", "success": "False", "message": "Maximum number of iterations has been exceeded.", "x": "[4.74115541 2.70369355 4.57337228 0.72893788 2.51625133 3.99525724]", "final_simplex": "(array([[4.74115541, 2.70369355, 4.57337228, 0.72893788, 2.51625133,\n        3.99525724],\n       [4.47566637, 2.46002959, 4.21914364, 0.86055793, 2.40460508,\n        3.76783786],\n       [4.70090438, 2.56204448, 4.37652023, 0.79003848, 2.42408874,\n        3.7714994 ],\n       [4.41107189, 2.25790399, 3.83827489, 0.93765497, 2.47059115,\n        3.56928947],\n       [4.54163526, 2.60107983, 4.24722816, 0.8257616 , 2.32040196,\n        3.72146112],\n       [4.40661677, 2.23901063, 3.85834379, 0.94572874, 2.51459316,\n        3.44828062],\n       [4.28305574, 2.20033103, 3.6661915 , 1.00536482, 2.42464174,\n        3.39570537]]), array([0.31042581, 0.33418584, 0.33798931, 0.3436233 , 0.34619468,\n       0.35169294, 0.36594702]))"}, "4": {"maxiter": 500, "fatol": 1e-05, "xatol": 1e-05, "duration": 0.1255791187286377, "fun": "0.20031507408009486", "nit": "479", "nfev": "746", "status": "0", "success": "True", "message": "Optimization terminated successfully.", "x": "[5.09540622 3.091924   3.99644671 1.131505   3.21515934 4.16350472]", "final_simplex": "(array([[5.09540622, 3.091924  , 3.99644671, 1.131505  , 3.21515934,\n        4.16350472],\n       [5.09541018, 3.09193173, 3.99644234, 1.13151128, 3.21516592,\n        4.16350795],\n       [5.09540669, 3.09193155, 3.99644238, 1.13150961, 3.21516376,\n        4.16350379],\n       [5.09540654, 3.09192954, 3.99644582, 1.13150991, 3.21516423,\n        4.16350866],\n       [5.09540573, 3.09192861, 3.99644556, 1.13151109, 3.21516325,\n        4.16350433],\n       [5.09540626, 3.09192147, 3.99644572, 1.13150306, 3.2151646 ,\n        4.16350154],\n       [5.0954141 , 3.09193149, 3.99644465, 1.13150316, 3.21516479,\n        4.16350955]]), array([0.20031507, 0.20031507, 0.20031507, 0.20031507, 0.20031507,\n       0.20031507, 0.20031507]))"}, "5": {"maxiter": 500, "fatol": 1e-05, "xatol": 1e-10, "duration": 0.13078689575195312, "fun": "0.20031507407483917", "nit": "500", "nfev": "779", "status": "2", "success": "False", "message": "Maximum number of iterations has been exceeded.", "x": "[5.095404   3.0919255  3.99644247 1.13150987 3.2151627  4.16350544]", "final_simplex": "(array([[5.095404  , 3.0919255 , 3.99644247, 1.13150987, 3.2151627 ,\n        4.16350544],\n       [5.09540385, 3.09192721, 3.99644115, 1.13151174, 3.21516456,\n        4.16350421],\n       [5.0954054 , 3.09192556, 3.99644194, 1.13150967, 3.21516373,\n        4.16350416],\n       [5.09540421, 3.09192459, 3.99644272, 1.13150724, 3.21516329,\n        4.16350389],\n       [5.09540325, 3.0919246 , 3.99644316, 1.13151048, 3.2151632 ,\n        4.16350304],\n       [5.09540204, 3.09192364, 3.99644151, 1.13151199, 3.21516404,\n        4.16350302],\n       [5.09540372, 3.09192345, 3.99644369, 1.13150955, 3.21516426,\n        4.16350453]]), array([0.20031507, 0.20031507, 0.20031507, 0.20031507, 0.20031507,\n       0.20031507, 0.20031507]))"}, "6": {"maxiter": 500, "fatol": 1e-10, "xatol": 1e-05, "duration": 0.125899076461792, "fun": "0.20031507408009486", "nit": "479", "nfev": "746", "status": "0", "success": "True", "message": "Optimization terminated successfully.", "x": "[5.09540622 3.091924   3.99644671 1.131505   3.21515934 4.16350472]", "final_simplex": "(array([[5.09540622, 3.091924  , 3.99644671, 1.131505  , 3.21515934,\n        4.16350472],\n       [5.09541018, 3.09193173, 3.99644234, 1.13151128, 3.21516592,\n        4.16350795],\n       [5.09540669, 3.09193155, 3.99644238, 1.13150961, 3.21516376,\n        4.16350379],\n       [5.09540654, 3.09192954, 3.99644582, 1.13150991, 3.21516423,\n        4.16350866],\n       [5.09540573, 3.09192861, 3.99644556, 1.13151109, 3.21516325,\n        4.16350433],\n       [5.09540626, 3.09192147, 3.99644572, 1.13150306, 3.2151646 ,\n        4.16350154],\n       [5.0954141 , 3.09193149, 3.99644465, 1.13150316, 3.21516479,\n        4.16350955]]), array([0.20031507, 0.20031507, 0.20031507, 0.20031507, 0.20031507,\n       0.20031507, 0.20031507]))"}, "7": {"maxiter": 500, "fatol": 1e-10, "xatol": 1e-10, "duration": 0.13080716133117676, "fun": "0.20031507407483917", "nit": "500", "nfev": "779", "status": "2", "success": "False", "message": "Maximum number of iterations has been exceeded.", "x": "[5.095404   3.0919255  3.99644247 1.13150987 3.2151627  4.16350544]", "final_simplex": "(array([[5.095404  , 3.0919255 , 3.99644247, 1.13150987, 3.2151627 ,\n        4.16350544],\n       [5.09540385, 3.09192721, 3.99644115, 1.13151174, 3.21516456,\n        4.16350421],\n       [5.0954054 , 3.09192556, 3.99644194, 1.13150967, 3.21516373,\n        4.16350416],\n       [5.09540421, 3.09192459, 3.99644272, 1.13150724, 3.21516329,\n        4.16350389],\n       [5.09540325, 3.0919246 , 3.99644316, 1.13151048, 3.2151632 ,\n        4.16350304],\n       [5.09540204, 3.09192364, 3.99644151, 1.13151199, 3.21516404,\n        4.16350302],\n       [5.09540372, 3.09192345, 3.99644369, 1.13150955, 3.21516426,\n        4.16350453]]), array([0.20031507, 0.20031507, 0.20031507, 0.20031507, 0.20031507,\n       0.20031507, 0.20031507]))"}, "8": {"maxiter": 1000, "fatol": 1e-05, "xatol": 1e-05, "duration": 0.1254281997680664, "fun": "0.20031507408009486", "nit": "479", "nfev": "746", "status": "0", "success": "True", "message": "Optimization terminated successfully.", "x": "[5.09540622 3.091924   3.99644671 1.131505   3.21515934 4.16350472]", "final_simplex": "(array([[5.09540622, 3.091924  , 3.99644671, 1.131505  , 3.21515934,\n        4.16350472],\n       [5.09541018, 3.09193173, 3.99644234, 1.13151128, 3.21516592,\n        4.16350795],\n       [5.09540669, 3.09193155, 3.99644238, 1.13150961, 3.21516376,\n        4.16350379],\n       [5.09540654, 3.09192954, 3.99644582, 1.13150991, 3.21516423,\n        4.16350866],\n       [5.09540573, 3.09192861, 3.99644556, 1.13151109, 3.21516325,\n        4.16350433],\n       [5.09540626, 3.09192147, 3.99644572, 1.13150306, 3.2151646 ,\n        4.16350154],\n       [5.0954141 , 3.09193149, 3.99644465, 1.13150316, 3.21516479,\n        4.16350955]]), array([0.20031507, 0.20031507, 0.20031507, 0.20031507, 0.20031507,\n       0.20031507, 0.20031507]))"}, "9": {"maxiter": 1000, "fatol": 1e-05, "xatol": 1e-10, "duration": 0.1615290641784668, "fun": "0.200315074074636", "nit": "579", "nfev": "964", "status": "0", "success": "True", "message": "Optimization terminated successfully.", "x": "[5.09540278 3.09192527 3.99644162 1.13151007 3.21516254 4.16350441]", "final_simplex": "(array([[5.09540278, 3.09192527, 3.99644162, 1.13151007, 3.21516254,\n        4.16350441],\n       [5.09540278, 3.09192527, 3.99644162, 1.13151007, 3.21516254,\n        4.16350441],\n       [5.09540278, 3.09192527, 3.99644162, 1.13151007, 3.21516254,\n        4.16350441],\n       [5.09540278, 3.09192527, 3.99644162, 1.13151007, 3.21516254,\n        4.16350441],\n       [5.09540278, 3.09192527, 3.99644162, 1.13151007, 3.21516254,\n        4.16350441],\n       [5.09540278, 3.09192527, 3.99644162, 1.13151007, 3.21516254,\n        4.16350441],\n       [5.09540278, 3.09192527, 3.99644162, 1.13151007, 3.21516254,\n        4.16350441]]), array([0.20031507, 0.20031507, 0.20031507, 0.20031507, 0.20031507,\n       0.20031507, 0.20031507]))"}, "10": {"maxiter": 1000, "fatol": 1e-10, "xatol": 1e-05, "duration": 0.12531113624572754, "fun": "0.20031507408009486", "nit": "479", "nfev": "746", "status": "0", "success": "True", "message": "Optimization terminated successfully.", "x": "[5.09540622 3.091924   3.99644671 1.131505   3.21515934 4.16350472]", "final_simplex": "(array([[5.09540622, 3.091924  , 3.99644671, 1.131505  , 3.21515934,\n        4.16350472],\n       [5.09541018, 3.09193173, 3.99644234, 1.13151128, 3.21516592,\n        4.16350795],\n       [5.09540669, 3.09193155, 3.99644238, 1.13150961, 3.21516376,\n        4.16350379],\n       [5.09540654, 3.09192954, 3.99644582, 1.13150991, 3.21516423,\n        4.16350866],\n       [5.09540573, 3.09192861, 3.99644556, 1.13151109, 3.21516325,\n        4.16350433],\n       [5.09540626, 3.09192147, 3.99644572, 1.13150306, 3.2151646 ,\n        4.16350154],\n       [5.0954141 , 3.09193149, 3.99644465, 1.13150316, 3.21516479,\n        4.16350955]]), array([0.20031507, 0.20031507, 0.20031507, 0.20031507, 0.20031507,\n       0.20031507, 0.20031507]))"}, "11": {"maxiter": 1000, "fatol": 1e-10, "xatol": 1e-10, "duration": 0.16122102737426758, "fun": "0.200315074074636", "nit": "579", "nfev": "964", "status": "0", "success": "True", "message": "Optimization terminated successfully.", "x": "[5.09540278 3.09192527 3.99644162 1.13151007 3.21516254 4.16350441]", "final_simplex": "(array([[5.09540278, 3.09192527, 3.99644162, 1.13151007, 3.21516254,\n        4.16350441],\n       [5.09540278, 3.09192527, 3.99644162, 1.13151007, 3.21516254,\n        4.16350441],\n       [5.09540278, 3.09192527, 3.99644162, 1.13151007, 3.21516254,\n        4.16350441],\n       [5.09540278, 3.09192527, 3.99644162, 1.13151007, 3.21516254,\n        4.16350441],\n       [5.09540278, 3.09192527, 3.99644162, 1.13151007, 3.21516254,\n        4.16350441],\n       [5.09540278, 3.09192527, 3.99644162, 1.13151007, 3.21516254,\n        4.16350441],\n       [5.09540278, 3.09192527, 3.99644162, 1.13151007, 3.21516254,\n        4.16350441]]), array([0.20031507, 0.20031507, 0.20031507, 0.20031507, 0.20031507,\n       0.20031507, 0.20031507]))"}}, "bfgs": {"type": "gradient", "0": {"maxiter": 100, "gtol": 1e-05, "xrtol": 1e-05, "eps": 1e-05, "duration": 0.0314023494720459, "fun": "0.20031507421057815", "jac": "[ 1.38755674e-07  2.89510638e-06  6.06712458e-06  7.78954679e-07\n  5.03894704e-06 -4.28310720e-06]", "hess_inv": "[[ 7.52437323  2.85703328  0.40280617 -1.95438832  1.64569296  3.91549865]\n [ 2.85703328  6.69078985 -2.12248148  2.07903527  1.49194995  2.56944023]\n [ 0.40280617 -2.12248148  3.63968556 -2.10371413 -1.1056994   0.8320917 ]\n [-1.95438832  2.07903527 -2.10371413  5.66207291  1.00089121 -0.35037179]\n [ 1.64569296  1.49194995 -1.1056994   1.00089121  3.80426212  0.2376567 ]\n [ 3.91549865  2.56944023  0.8320917  -0.35037179  0.2376567   5.85412435]]", "nfev": "182", "njev": "26", "status": "0", "success": "True", "message": "Optimization terminated successfully.", "x": "[5.09538174 3.0919136  3.99644771 1.13151048 3.215174   4.16347075]", "nit": "22"}, "1": {"maxiter": 100, "gtol": 1e-05, "xrtol": 1e-05, "eps": 1e-10, "duration": 0.03122091293334961, "fun": "0.2003150744438067", "jac": "[-4.44089173e-06  0.00000000e+00  0.00000000e+00 -3.33066880e-06\n  4.44089173e-06 -6.66133760e-06]", "hess_inv": "[[ 6.96590153  2.20023905  0.633739   -1.75963979  1.38206851  3.69735582]\n [ 2.20023905  6.01020904 -1.96119479  2.06003764  1.15176122  2.17508328]\n [ 0.633739   -1.96119479  3.65518725 -2.039356   -0.98329077  1.00255465]\n [-1.75963979  2.06003764 -2.039356    5.577946    1.0578369  -0.27925536]\n [ 1.38206851  1.15176122 -0.98329077  1.0578369   3.69907465  0.08848792]\n [ 3.69735582  2.17508328  1.00255465 -0.27925536  0.08848792  5.78888496]]", "nfev": "182", "njev": "26", "status": "0", "success": "True", "message": "Optimization terminated successfully.", "x": "[5.0953453  3.09189196 3.99644591 1.13150764 3.21516275 4.1634439 ]", "nit": "22"}, "2": {"maxiter": 100, "gtol": 1e-05, "xrtol": 1e-10, "eps": 1e-05, "duration": 0.031265974044799805, "fun": "0.20031507421057815", "jac": "[ 1.38755674e-07  2.89510638e-06  6.06712458e-06  7.78954679e-07\n  5.03894704e-06 -4.28310720e-06]", "hess_inv": "[[ 7.52437323  2.85703328  0.40280617 -1.95438832  1.64569296  3.91549865]\n [ 2.85703328  6.69078985 -2.12248148  2.07903527  1.49194995  2.56944023]\n [ 0.40280617 -2.12248148  3.63968556 -2.10371413 -1.1056994   0.8320917 ]\n [-1.95438832  2.07903527 -2.10371413  5.66207291  1.00089121 -0.35037179]\n [ 1.64569296  1.49194995 -1.1056994   1.00089121  3.80426212  0.2376567 ]\n [ 3.91549865  2.56944023  0.8320917  -0.35037179  0.2376567   5.85412435]]", "nfev": "182", "njev": "26", "status": "0", "success": "True", "message": "Optimization terminated successfully.", "x": "[5.09538174 3.0919136  3.99644771 1.13151048 3.215174   4.16347075]", "nit": "22"}, "3": {"maxiter": 100, "gtol": 1e-05, "xrtol": 1e-10, "eps": 1e-10, "duration": 0.031170129776000977, "fun": "0.2003150744438067", "jac": "[-4.44089173e-06  0.00000000e+00  0.00000000e+00 -3.33066880e-06\n  4.44089173e-06 -6.66133760e-06]", "hess_inv": "[[ 6.96590153  2.20023905  0.633739   -1.75963979  1.38206851  3.69735582]\n [ 2.20023905  6.01020904 -1.96119479  2.06003764  1.15176122  2.17508328]\n [ 0.633739   -1.96119479  3.65518725 -2.039356   -0.98329077  1.00255465]\n [-1.75963979  2.06003764 -2.039356    5.577946    1.0578369  -0.27925536]\n [ 1.38206851  1.15176122 -0.98329077  1.0578369   3.69907465  0.08848792]\n [ 3.69735582  2.17508328  1.00255465 -0.27925536  0.08848792  5.78888496]]", "nfev": "182", "njev": "26", "status": "0", "success": "True", "message": "Optimization terminated successfully.", "x": "[5.0953453  3.09189196 3.99644591 1.13150764 3.21516275 4.1634439 ]", "nit": "22"}, "4": {"maxiter": 100, "gtol": 1e-10, "xrtol": 1e-05, "eps": 1e-05, "duration": 0.03232622146606445, "fun": "0.20031507412872318", "jac": "[-2.64122058e-08  6.17483842e-07  3.16036086e-07 -3.82482934e-07\n  2.89812618e-07 -4.01523259e-07]", "hess_inv": "[[ 7.43400505  2.70740272  0.43776357 -1.89059826  1.57169345  3.93042807]\n [ 2.70740272  6.4515081  -2.04089413  2.20547398  1.43101896  2.55065266]\n [ 0.43776357 -2.04089413  3.69247032 -2.07016495 -0.90477879  0.70461915]\n [-1.89059826  2.20547398 -2.07016495  5.66817235  1.20442102 -0.46777409]\n [ 1.57169345  1.43101896 -0.90477879  1.20442102  4.191363   -0.06633999]\n [ 3.93042807  2.55065266  0.70461915 -0.46777409 -0.06633999  6.07501516]]", "nfev": "189", "njev": "27", "status": "0", "success": "True", "message": "Optimization terminated successfully.", "x": "[5.09538061 3.09190893 3.99644034 1.13150443 3.21515279 4.16348526]", "nit": "23"}, "5": {"maxiter": 100, "gtol": 1e-10, "xrtol": 1e-05, "eps": 1e-10, "duration": 0.03232526779174805, "fun": "0.20031507411792537", "jac": "[-2.22044587e-06  1.11022293e-06  2.22044587e-06  0.00000000e+00\n -2.22044587e-06  0.00000000e+00]", "hess_inv": "[[ 6.65971133  2.36412458  0.17292866 -2.17284027  0.68223408  3.80361577]\n [ 2.36412458  6.32906261 -2.19674137  1.83126285  0.65465462  2.68512384]\n [ 0.17292866 -2.19674137  3.53355168 -2.12759329 -1.00271422  0.49011658]\n [-2.17284027  1.83126285 -2.12759329  5.51826294  1.07807805 -0.76324087]\n [ 0.68223408  0.65465462 -1.00271422  1.07807805  3.96840813 -0.88410384]\n [ 3.80361577  2.68512384  0.49011658 -0.76324087 -0.88410384  6.54250336]]", "nfev": "189", "njev": "27", "status": "0", "success": "True", "message": "Optimization terminated successfully.", "x": "[5.09538995 3.09192354 3.99644731 1.1315065  3.21514585 4.16350576]", "nit": "23"}, "6": {"maxiter": 100, "gtol": 1e-10, "xrtol": 1e-10, "eps": 1e-05, "duration": 0.05320000648498535, "fun": "0.20031507412872318", "jac": "[-2.64122058e-08  6.17483842e-07  3.16036086e-07 -3.82482934e-07\n  2.89812618e-07 -4.01523259e-07]", "hess_inv": "[[ 7.44637533  2.74159149  0.47739608 -1.86322559  1.69071024  3.85072422]\n [ 2.74159149  6.52366709 -1.98565474  2.22955292  1.61009812  2.43520996]\n [ 0.47739608 -1.98565474  3.68743148 -2.10786157 -0.88782891  0.70417056]\n [-1.86322559  2.22955292 -2.10786157  5.6096363   1.12169032 -0.40201482]\n [ 1.69071024  1.61009812 -0.88782891  1.12169032  4.33080864 -0.1296339 ]\n [ 3.85072422  2.43520996  0.70417056 -0.40201482 -0.1296339   6.0963504 ]]", "nfev": "313", "njev": "43", "status": "2", "success": "False", "message": "Desired error not necessarily achieved due to precision loss.", "x": "[5.09538061 3.09190893 3.99644034 1.13150443 3.21515279 4.16348526]", "nit": "23"}, "7": {"maxiter": 100, "gtol": 1e-10, "xrtol": 1e-10, "eps": 1e-10, "duration": 0.09063887596130371, "fun": "0.20031507408129057", "jac": "[-1.11022293e-06 -1.11022293e-06 -1.11022293e-06 -1.11022293e-06\n  0.00000000e+00  2.22044587e-06]", "hess_inv": "[[ 0.04482238 -0.1270356  -0.32038154  0.05921442  0.06715283 -0.12605642]\n [-0.1270356   0.55262123  1.36530578 -0.27689746 -0.32218484  0.5042704 ]\n [-0.32038154  1.36530578  3.43494796 -0.69634001 -0.80924951  1.28102267]\n [ 0.05921442 -0.27689746 -0.69634001  0.14473955  0.168392   -0.26066201]\n [ 0.06715283 -0.32218484 -0.80924951  0.168392    0.19977034 -0.30791855]\n [-0.12605642  0.5042704   1.28102267 -0.26066201 -0.30791855  0.50883134]]", "nfev": "535", "njev": "76", "status": "0", "success": "True", "message": "Optimization terminated successfully.", "x": "[5.0954003  3.09192635 3.99644057 1.13150686 3.21516197 4.16350702]", "nit": "36"}, "8": {"maxiter": 500, "gtol": 1e-05, "xrtol": 1e-05, "eps": 1e-05, "duration": 0.031126737594604492, "fun": "0.20031507421057815", "jac": "[ 1.38755674e-07  2.89510638e-06  6.06712458e-06  7.78954679e-07\n  5.03894704e-06 -4.28310720e-06]", "hess_inv": "[[ 7.52437323  2.85703328  0.40280617 -1.95438832  1.64569296  3.91549865]\n [ 2.85703328  6.69078985 -2.12248148  2.07903527  1.49194995  2.56944023]\n [ 0.40280617 -2.12248148  3.63968556 -2.10371413 -1.1056994   0.8320917 ]\n [-1.95438832  2.07903527 -2.10371413  5.66207291  1.00089121 -0.35037179]\n [ 1.64569296  1.49194995 -1.1056994   1.00089121  3.80426212  0.2376567 ]\n [ 3.91549865  2.56944023  0.8320917  -0.35037179  0.2376567   5.85412435]]", "nfev": "182", "njev": "26", "status": "0", "success": "True", "message": "Optimization terminated successfully.", "x": "[5.09538174 3.0919136  3.99644771 1.13151048 3.215174   4.16347075]", "nit": "22"}, "9": {"maxiter": 500, "gtol": 1e-05, "xrtol": 1e-05, "eps": 1e-10, "duration": 0.031171798706054688, "fun": "0.2003150744438067", "jac": "[-4.44089173e-06  0.00000000e+00  0.00000000e+00 -3.33066880e-06\n  4.44089173e-06 -6.66133760e-06]", "hess_inv": "[[ 6.96590153  2.20023905  0.633739   -1.75963979  1.38206851  3.69735582]\n [ 2.20023905  6.01020904 -1.96119479  2.06003764  1.15176122  2.17508328]\n [ 0.633739   -1.96119479  3.65518725 -2.039356   -0.98329077  1.00255465]\n [-1.75963979  2.06003764 -2.039356    5.577946    1.0578369  -0.27925536]\n [ 1.38206851  1.15176122 -0.98329077  1.0578369   3.69907465  0.08848792]\n [ 3.69735582  2.17508328  1.00255465 -0.27925536  0.08848792  5.78888496]]", "nfev": "182", "njev": "26", "status": "0", "success": "True", "message": "Optimization terminated successfully.", "x": "[5.0953453  3.09189196 3.99644591 1.13150764 3.21516275 4.1634439 ]", "nit": "22"}, "10": {"maxiter": 500, "gtol": 1e-05, "xrtol": 1e-10, "eps": 1e-05, "duration": 0.03111100196838379, "fun": "0.20031507421057815", "jac": "[ 1.38755674e-07  2.89510638e-06  6.06712458e-06  7.78954679e-07\n  5.03894704e-06 -4.28310720e-06]", "hess_inv": "[[ 7.52437323  2.85703328  0.40280617 -1.95438832  1.64569296  3.91549865]\n [ 2.85703328  6.69078985 -2.12248148  2.07903527  1.49194995  2.56944023]\n [ 0.40280617 -2.12248148  3.63968556 -2.10371413 -1.1056994   0.8320917 ]\n [-1.95438832  2.07903527 -2.10371413  5.66207291  1.00089121 -0.35037179]\n [ 1.64569296  1.49194995 -1.1056994   1.00089121  3.80426212  0.2376567 ]\n [ 3.91549865  2.56944023  0.8320917  -0.35037179  0.2376567   5.85412435]]", "nfev": "182", "njev": "26", "status": "0", "success": "True", "message": "Optimization terminated successfully.", "x": "[5.09538174 3.0919136  3.99644771 1.13151048 3.215174   4.16347075]", "nit": "22"}, "11": {"maxiter": 500, "gtol": 1e-05, "xrtol": 1e-10, "eps": 1e-10, "duration": 0.031102895736694336, "fun": "0.2003150744438067", "jac": "[-4.44089173e-06  0.00000000e+00  0.00000000e+00 -3.33066880e-06\n  4.44089173e-06 -6.66133760e-06]", "hess_inv": "[[ 6.96590153  2.20023905  0.633739   -1.75963979  1.38206851  3.69735582]\n [ 2.20023905  6.01020904 -1.96119479  2.06003764  1.15176122  2.17508328]\n [ 0.633739   -1.96119479  3.65518725 -2.039356   -0.98329077  1.00255465]\n [-1.75963979  2.06003764 -2.039356    5.577946    1.0578369  -0.27925536]\n [ 1.38206851  1.15176122 -0.98329077  1.0578369   3.69907465  0.08848792]\n [ 3.69735582  2.17508328  1.00255465 -0.27925536  0.08848792  5.78888496]]", "nfev": "182", "njev": "26", "status": "0", "success": "True", "message": "Optimization terminated successfully.", "x": "[5.0953453  3.09189196 3.99644591 1.13150764 3.21516275 4.1634439 ]", "nit": "22"}, "12": {"maxiter": 500, "gtol": 1e-10, "xrtol": 1e-05, "eps": 1e-05, "duration": 0.032865047454833984, "fun": "0.20031507412872318", "jac": "[-2.64122058e-08  6.17483842e-07  3.16036086e-07 -3.82482934e-07\n  2.89812618e-07 -4.01523259e-07]", "hess_inv": "[[ 7.43400505  2.70740272  0.43776357 -1.89059826  1.57169345  3.93042807]\n [ 2.70740272  6.4515081  -2.04089413  2.20547398  1.43101896  2.55065266]\n [ 0.43776357 -2.04089413  3.69247032 -2.07016495 -0.90477879  0.70461915]\n [-1.89059826  2.20547398 -2.07016495  5.66817235  1.20442102 -0.46777409]\n [ 1.57169345  1.43101896 -0.90477879  1.20442102  4.191363   -0.06633999]\n [ 3.93042807  2.55065266  0.70461915 -0.46777409 -0.06633999  6.07501516]]", "nfev": "189", "njev": "27", "status": "0", "success": "True", "message": "Optimization terminated successfully.", "x": "[5.09538061 3.09190893 3.99644034 1.13150443 3.21515279 4.16348526]", "nit": "23"}, "13": {"maxiter": 500, "gtol": 1e-10, "xrtol": 1e-05, "eps": 1e-10, "duration": 0.03249788284301758, "fun": "0.20031507411792537", "jac": "[-2.22044587e-06  1.11022293e-06  2.22044587e-06  0.00000000e+00\n -2.22044587e-06  0.00000000e+00]", "hess_inv": "[[ 6.65971133  2.36412458  0.17292866 -2.17284027  0.68223408  3.80361577]\n [ 2.36412458  6.32906261 -2.19674137  1.83126285  0.65465462  2.68512384]\n [ 0.17292866 -2.19674137  3.53355168 -2.12759329 -1.00271422  0.49011658]\n [-2.17284027  1.83126285 -2.12759329  5.51826294  1.07807805 -0.76324087]\n [ 0.68223408  0.65465462 -1.00271422  1.07807805  3.96840813 -0.88410384]\n [ 3.80361577  2.68512384  0.49011658 -0.76324087 -0.88410384  6.54250336]]", "nfev": "189", "njev": "27", "status": "0", "success": "True", "message": "Optimization terminated successfully.", "x": "[5.09538995 3.09192354 3.99644731 1.1315065  3.21514585 4.16350576]", "nit": "23"}, "14": {"maxiter": 500, "gtol": 1e-10, "xrtol": 1e-10, "eps": 1e-05, "duration": 0.05426788330078125, "fun": "0.20031507412872318", "jac": "[-2.64122058e-08  6.17483842e-07  3.16036086e-07 -3.82482934e-07\n  2.89812618e-07 -4.01523259e-07]", "hess_inv": "[[ 7.44637533  2.74159149  0.47739608 -1.86322559  1.69071024  3.85072422]\n [ 2.74159149  6.52366709 -1.98565474  2.22955292  1.61009812  2.43520996]\n [ 0.47739608 -1.98565474  3.68743148 -2.10786157 -0.88782891  0.70417056]\n [-1.86322559  2.22955292 -2.10786157  5.6096363   1.12169032 -0.40201482]\n [ 1.69071024  1.61009812 -0.88782891  1.12169032  4.33080864 -0.1296339 ]\n [ 3.85072422  2.43520996  0.70417056 -0.40201482 -0.1296339   6.0963504 ]]", "nfev": "313", "njev": "43", "status": "2", "success": "False", "message": "Desired error not necessarily achieved due to precision loss.", "x": "[5.09538061 3.09190893 3.99644034 1.13150443 3.21515279 4.16348526]", "nit": "23"}, "15": {"maxiter": 500, "gtol": 1e-10, "xrtol": 1e-10, "eps": 1e-10, "duration": 0.09366798400878906, "fun": "0.20031507408129057", "jac": "[-1.11022293e-06 -1.11022293e-06 -1.11022293e-06 -1.11022293e-06\n  0.00000000e+00  2.22044587e-06]", "hess_inv": "[[ 0.04482238 -0.1270356  -0.32038154  0.05921442  0.06715283 -0.12605642]\n [-0.1270356   0.55262123  1.36530578 -0.27689746 -0.32218484  0.5042704 ]\n [-0.32038154  1.36530578  3.43494796 -0.69634001 -0.80924951  1.28102267]\n [ 0.05921442 -0.27689746 -0.69634001  0.14473955  0.168392   -0.26066201]\n [ 0.06715283 -0.32218484 -0.80924951  0.168392    0.19977034 -0.30791855]\n [-0.12605642  0.5042704   1.28102267 -0.26066201 -0.30791855  0.50883134]]", "nfev": "535", "njev": "76", "status": "0", "success": "True", "message": "Optimization terminated successfully.", "x": "[5.0954003  3.09192635 3.99644057 1.13150686 3.21516197 4.16350702]", "nit": "36"}, "16": {"maxiter": 1000, "gtol": 1e-05, "xrtol": 1e-05, "eps": 1e-05, "duration": 0.03218197822570801, "fun": "0.20031507421057815", "jac": "[ 1.38755674e-07  2.89510638e-06  6.06712458e-06  7.78954679e-07\n  5.03894704e-06 -4.28310720e-06]", "hess_inv": "[[ 7.52437323  2.85703328  0.40280617 -1.95438832  1.64569296  3.91549865]\n [ 2.85703328  6.69078985 -2.12248148  2.07903527  1.49194995  2.56944023]\n [ 0.40280617 -2.12248148  3.63968556 -2.10371413 -1.1056994   0.8320917 ]\n [-1.95438832  2.07903527 -2.10371413  5.66207291  1.00089121 -0.35037179]\n [ 1.64569296  1.49194995 -1.1056994   1.00089121  3.80426212  0.2376567 ]\n [ 3.91549865  2.56944023  0.8320917  -0.35037179  0.2376567   5.85412435]]", "nfev": "182", "njev": "26", "status": "0", "success": "True", "message": "Optimization terminated successfully.", "x": "[5.09538174 3.0919136  3.99644771 1.13151048 3.215174   4.16347075]", "nit": "22"}, "17": {"maxiter": 1000, "gtol": 1e-05, "xrtol": 1e-05, "eps": 1e-10, "duration": 0.032099008560180664, "fun": "0.2003150744438067", "jac": "[-4.44089173e-06  0.00000000e+00  0.00000000e+00 -3.33066880e-06\n  4.44089173e-06 -6.66133760e-06]", "hess_inv": "[[ 6.96590153  2.20023905  0.633739   -1.75963979  1.38206851  3.69735582]\n [ 2.20023905  6.01020904 -1.96119479  2.06003764  1.15176122  2.17508328]\n [ 0.633739   -1.96119479  3.65518725 -2.039356   -0.98329077  1.00255465]\n [-1.75963979  2.06003764 -2.039356    5.577946    1.0578369  -0.27925536]\n [ 1.38206851  1.15176122 -0.98329077  1.0578369   3.69907465  0.08848792]\n [ 3.69735582  2.17508328  1.00255465 -0.27925536  0.08848792  5.78888496]]", "nfev": "182", "njev": "26", "status": "0", "success": "True", "message": "Optimization terminated successfully.", "x": "[5.0953453  3.09189196 3.99644591 1.13150764 3.21516275 4.1634439 ]", "nit": "22"}, "18": {"maxiter": 1000, "gtol": 1e-05, "xrtol": 1e-10, "eps": 1e-05, "duration": 0.032145023345947266, "fun": "0.20031507421057815", "jac": "[ 1.38755674e-07  2.89510638e-06  6.06712458e-06  7.78954679e-07\n  5.03894704e-06 -4.28310720e-06]", "hess_inv": "[[ 7.52437323  2.85703328  0.40280617 -1.95438832  1.64569296  3.91549865]\n [ 2.85703328  6.69078985 -2.12248148  2.07903527  1.49194995  2.56944023]\n [ 0.40280617 -2.12248148  3.63968556 -2.10371413 -1.1056994   0.8320917 ]\n [-1.95438832  2.07903527 -2.10371413  5.66207291  1.00089121 -0.35037179]\n [ 1.64569296  1.49194995 -1.1056994   1.00089121  3.80426212  0.2376567 ]\n [ 3.91549865  2.56944023  0.8320917  -0.35037179  0.2376567   5.85412435]]", "nfev": "182", "njev": "26", "status": "0", "success": "True", "message": "Optimization terminated successfully.", "x": "[5.09538174 3.0919136  3.99644771 1.13151048 3.215174   4.16347075]", "nit": "22"}, "19": {"maxiter": 1000, "gtol": 1e-05, "xrtol": 1e-10, "eps": 1e-10, "duration": 0.03225111961364746, "fun": "0.2003150744438067", "jac": "[-4.44089173e-06  0.00000000e+00  0.00000000e+00 -3.33066880e-06\n  4.44089173e-06 -6.66133760e-06]", "hess_inv": "[[ 6.96590153  2.20023905  0.633739   -1.75963979  1.38206851  3.69735582]\n [ 2.20023905  6.01020904 -1.96119479  2.06003764  1.15176122  2.17508328]\n [ 0.633739   -1.96119479  3.65518725 -2.039356   -0.98329077  1.00255465]\n [-1.75963979  2.06003764 -2.039356    5.577946    1.0578369  -0.27925536]\n [ 1.38206851  1.15176122 -0.98329077  1.0578369   3.69907465  0.08848792]\n [ 3.69735582  2.17508328  1.00255465 -0.27925536  0.08848792  5.78888496]]", "nfev": "182", "njev": "26", "status": "0", "success": "True", "message": "Optimization terminated successfully.", "x": "[5.0953453  3.09189196 3.99644591 1.13150764 3.21516275 4.1634439 ]", "nit": "22"}, "20": {"maxiter": 1000, "gtol": 1e-10, "xrtol": 1e-05, "eps": 1e-05, "duration": 0.03320908546447754, "fun": "0.20031507412872318", "jac": "[-2.64122058e-08  6.17483842e-07  3.16036086e-07 -3.82482934e-07\n  2.89812618e-07 -4.01523259e-07]", "hess_inv": "[[ 7.43400505  2.70740272  0.43776357 -1.89059826  1.57169345  3.93042807]\n [ 2.70740272  6.4515081  -2.04089413  2.20547398  1.43101896  2.55065266]\n [ 0.43776357 -2.04089413  3.69247032 -2.07016495 -0.90477879  0.70461915]\n [-1.89059826  2.20547398 -2.07016495  5.66817235  1.20442102 -0.46777409]\n [ 1.57169345  1.43101896 -0.90477879  1.20442102  4.191363   -0.06633999]\n [ 3.93042807  2.55065266  0.70461915 -0.46777409 -0.06633999  6.07501516]]", "nfev": "189", "njev": "27", "status": "0", "success": "True", "message": "Optimization terminated successfully.", "x": "[5.09538061 3.09190893 3.99644034 1.13150443 3.21515279 4.16348526]", "nit": "23"}, "21": {"maxiter": 1000, "gtol": 1e-10, "xrtol": 1e-05, "eps": 1e-10, "duration": 0.0324399471282959, "fun": "0.20031507411792537", "jac": "[-2.22044587e-06  1.11022293e-06  2.22044587e-06  0.00000000e+00\n -2.22044587e-06  0.00000000e+00]", "hess_inv": "[[ 6.65971133  2.36412458  0.17292866 -2.17284027  0.68223408  3.80361577]\n [ 2.36412458  6.32906261 -2.19674137  1.83126285  0.65465462  2.68512384]\n [ 0.17292866 -2.19674137  3.53355168 -2.12759329 -1.00271422  0.49011658]\n [-2.17284027  1.83126285 -2.12759329  5.51826294  1.07807805 -0.76324087]\n [ 0.68223408  0.65465462 -1.00271422  1.07807805  3.96840813 -0.88410384]\n [ 3.80361577  2.68512384  0.49011658 -0.76324087 -0.88410384  6.54250336]]", "nfev": "189", "njev": "27", "status": "0", "success": "True", "message": "Optimization terminated successfully.", "x": "[5.09538995 3.09192354 3.99644731 1.1315065  3.21514585 4.16350576]", "nit": "23"}, "22": {"maxiter": 1000, "gtol": 1e-10, "xrtol": 1e-10, "eps": 1e-05, "duration": 0.05349111557006836, "fun": "0.20031507412872318", "jac": "[-2.64122058e-08  6.17483842e-07  3.16036086e-07 -3.82482934e-07\n  2.89812618e-07 -4.01523259e-07]", "hess_inv": "[[ 7.44637533  2.74159149  0.47739608 -1.86322559  1.69071024  3.85072422]\n [ 2.74159149  6.52366709 -1.98565474  2.22955292  1.61009812  2.43520996]\n [ 0.47739608 -1.98565474  3.68743148 -2.10786157 -0.88782891  0.70417056]\n [-1.86322559  2.22955292 -2.10786157  5.6096363   1.12169032 -0.40201482]\n [ 1.69071024  1.61009812 -0.88782891  1.12169032  4.33080864 -0.1296339 ]\n [ 3.85072422  2.43520996  0.70417056 -0.40201482 -0.1296339   6.0963504 ]]", "nfev": "313", "njev": "43", "status": "2", "success": "False", "message": "Desired error not necessarily achieved due to precision loss.", "x": "[5.09538061 3.09190893 3.99644034 1.13150443 3.21515279 4.16348526]", "nit": "23"}, "23": {"maxiter": 1000, "gtol": 1e-10, "xrtol": 1e-10, "eps": 1e-10, "duration": 0.09110498428344727, "fun": "0.20031507408129057", "jac": "[-1.11022293e-06 -1.11022293e-06 -1.11022293e-06 -1.11022293e-06\n  0.00000000e+00  2.22044587e-06]", "hess_inv": "[[ 0.04482238 -0.1270356  -0.32038154  0.05921442  0.06715283 -0.12605642]\n [-0.1270356   0.55262123  1.36530578 -0.27689746 -0.32218484  0.5042704 ]\n [-0.32038154  1.36530578  3.43494796 -0.69634001 -0.80924951  1.28102267]\n [ 0.05921442 -0.27689746 -0.69634001  0.14473955  0.168392   -0.26066201]\n [ 0.06715283 -0.32218484 -0.80924951  0.168392    0.19977034 -0.30791855]\n [-0.12605642  0.5042704   1.28102267 -0.26066201 -0.30791855  0.50883134]]", "nfev": "535", "njev": "76", "status": "0", "success": "True", "message": "Optimization terminated successfully.", "x": "[5.0954003  3.09192635 3.99644057 1.13150686 3.21516197 4.16350702]", "nit": "36"}}, "cobyla": {"0": {"maxiter": 100, "tol": 1e-05, "catol": 1e-05, "duration": 0.016447067260742188, "x": "[5.09700271 3.09123284 3.99830037 1.13001888 3.21340933 4.16578359]", "status": "2", "success": "False", "message": "Maximum number of function evaluations has been exceeded.", "nfev": "100", "fun": "0.20031604616820853", "maxcv": "0.0"}, "1": {"maxiter": 100, "tol": 1e-05, "catol": 1e-10, "duration": 0.016357898712158203, "x": "[5.09700271 3.09123284 3.99830037 1.13001888 3.21340933 4.16578359]", "status": "2", "success": "False", "message": "Maximum number of function evaluations has been exceeded.", "nfev": "100", "fun": "0.20031604616820853", "maxcv": "0.0"}, "2": {"maxiter": 100, "tol": 1e-10, "catol": 1e-05, "duration": 0.01638507843017578, "x": "[5.09700271 3.09123284 3.99830037 1.13001888 3.21340933 4.16578359]", "status": "2", "success": "False", "message": "Maximum number of function evaluations has been exceeded.", "nfev": "100", "fun": "0.20031604616820853", "maxcv": "0.0"}, "3": {"maxiter": 100, "tol": 1e-10, "catol": 1e-10, "duration": 0.016394853591918945, "x": "[5.09700271 3.09123284 3.99830037 1.13001888 3.21340933 4.16578359]", "status": "2", "success": "False", "message": "Maximum number of function evaluations has been exceeded.", "nfev": "100", "fun": "0.20031604616820853", "maxcv": "0.0"}, "4": {"maxiter": 500, "tol": 1e-05, "catol": 1e-05, "duration": 0.03078174591064453, "x": "[5.09541321 3.09192997 3.99644837 1.13149584 3.21515577 4.1635165 ]", "status": "1", "success": "True", "message": "Optimization terminated successfully.", "nfev": "188", "fun": "0.20031507410737404", "maxcv": "0.0"}, "5": {"maxiter": 500, "tol": 1e-05, "catol": 1e-10, "duration": 0.030815839767456055, "x": "[5.09541321 3.09192997 3.99644837 1.13149584 3.21515577 4.1635165 ]", "status": "1", "success": "True", "message": "Optimization terminated successfully.", "nfev": "188", "fun": "0.20031507410737404", "maxcv": "0.0"}, "6": {"maxiter": 500, "tol": 1e-10, "catol": 1e-05, "duration": 0.050334930419921875, "x": "[5.09540287 3.09192528 3.99644166 1.13151002 3.21516257 4.16350449]", "status": "1", "success": "True", "message": "Optimization terminated successfully.", "nfev": "308", "fun": "0.2003150740746371", "maxcv": "0.0"}, "7": {"maxiter": 500, "tol": 1e-10, "catol": 1e-10, "duration": 0.050121307373046875, "x": "[5.09540287 3.09192528 3.99644166 1.13151002 3.21516257 4.16350449]", "status": "1", "success": "True", "message": "Optimization terminated successfully.", "nfev": "308", "fun": "0.2003150740746371", "maxcv": "0.0"}, "8": {"maxiter": 1000, "tol": 1e-05, "catol": 1e-05, "duration": 0.03074193000793457, "x": "[5.09541321 3.09192997 3.99644837 1.13149584 3.21515577 4.1635165 ]", "status": "1", "success": "True", "message": "Optimization terminated successfully.", "nfev": "188", "fun": "0.20031507410737404", "maxcv": "0.0"}, "9": {"maxiter": 1000, "tol": 1e-05, "catol": 1e-10, "duration": 0.030632972717285156, "x": "[5.09541321 3.09192997 3.99644837 1.13149584 3.21515577 4.1635165 ]", "status": "1", "success": "True", "message": "Optimization terminated successfully.", "nfev": "188", "fun": "0.20031507410737404", "maxcv": "0.0"}, "10": {"maxiter": 1000, "tol": 1e-10, "catol": 1e-05, "duration": 0.05009794235229492, "x": "[5.09540287 3.09192528 3.99644166 1.13151002 3.21516257 4.16350449]", "status": "1", "success": "True", "message": "Optimization terminated successfully.", "nfev": "308", "fun": "0.2003150740746371", "maxcv": "0.0"}, "11": {"maxiter": 1000, "tol": 1e-10, "catol": 1e-10, 