{"date": "2024/07/19/, 16:28:09", "conf_id": 243, "data_type": "var_s_rank\n", "num_data_points": 1, "s_rank": 0, "unitary": "[[-0.53618537-0.34368723j,-0.12107031-0.46226139j,-0.07699282-0.46603512j,0.36022595-0.11472301j],[0.26026499-0.63450712j,-0.56616638+0.37832564j,-0.14988651+0.08458591j,0.10363514-0.16008501j],[-0.32580188-0.11070003j,-0.36476308-0.23593218j,0.02559343+0.41761608j,-0.25598305+0.6725303j],[0.07406738-0.0126433j,0.28513701+0.19483972j,-0.74939717-0.10299659j,0.29798249+0.46269921j]]", "databatch_0": {"databatch": "[[[-0.48126844-0.14349684j,0.02786391+0.18475134j,-0.17186999-0.17025591j,-0.12668683+0.25936984j],[0.11441411-0.28805782j,-0.11509604+0.00707334j,0.11402335-0.09639278j,-0.15255653-0.0920013j],[-0.32915881+0.2836603j,0.14760638+0.06592495j,-0.20425479+0.04575695j,0.12983979+0.21334931j],[-0.06932346-0.21460075j,-0.06128087+0.05730862j,0.01928422-0.10691202j,-0.12820898+0.01909726j]]]", "initial param values": "[0.30598881,5.66063412,0.61227765,0.04072852,2.68607664,1.59306925]", "nelder_mead": {"type": "gradient-free", "0": {"maxiter": 100, "fatol": 1e-05, "xatol": 1e-05, "duration": 0.02831888198852539, "fun": "0.16209625968181973", "nit": "100", "nfev": "166", "status": "2", "success": "False", "message": "Maximum number of iterations has been exceeded.", "x": "[-0.14953596  7.19841566  1.06830366  0.06832358 -0.03434716  2.86579558]", "final_simplex": "(array([[-1.49535965e-01,  7.19841566e+00,  1.06830366e+00,\n         6.83235789e-02, -3.43471605e-02,  2.86579558e+00],\n       [-1.23460490e-01,  7.19497382e+00,  1.04927031e+00,\n         6.71339874e-02,  9.80647422e-02,  2.75425236e+00],\n       [-1.46850986e-01,  7.20355731e+00,  1.06463428e+00,\n         6.85810479e-02, -4.43889507e-03,  2.82465693e+00],\n       [-1.15393016e-01,  7.26749642e+00,  1.03476003e+00,\n         6.63229424e-02,  1.71925545e-01,  2.69786019e+00],\n       [-7.76646445e-02,  7.25047367e+00,  1.02583315e+00,\n         6.38929662e-02,  2.63081029e-01,  2.58677327e+00],\n       [-8.81514685e-02,  7.23666449e+00,  1.01880750e+00,\n         6.49478897e-02,  2.53445737e-01,  2.60962624e+00],\n       [-1.31326236e-01,  7.25284426e+00,  1.03318179e+00,\n         6.73891107e-02,  1.44164664e-01,  2.73397071e+00]]), array([0.16209626, 0.16245505, 0.16259986, 0.16260882, 0.16267863,\n       0.16275717, 0.16276335]))"}, "1": {"maxiter": 100, "fatol": 1e-05, "xatol": 1e-10, "duration": 0.0278317928314209, "fun": "0.16209625968181973", "nit": "100", "nfev": "166", "status": "2", "success": "False", "message": "Maximum number of iterations has been exceeded.", "x": "[-0.14953596  7.19841566  1.06830366  0.06832358 -0.03434716  2.86579558]", "final_simplex": "(array([[-1.49535965e-01,  7.19841566e+00,  1.06830366e+00,\n         6.83235789e-02, -3.43471605e-02,  2.86579558e+00],\n       [-1.23460490e-01,  7.19497382e+00,  1.04927031e+00,\n         6.71339874e-02,  9.80647422e-02,  2.75425236e+00],\n       [-1.46850986e-01,  7.20355731e+00,  1.06463428e+00,\n         6.85810479e-02, -4.43889507e-03,  2.82465693e+00],\n       [-1.15393016e-01,  7.26749642e+00,  1.03476003e+00,\n         6.63229424e-02,  1.71925545e-01,  2.69786019e+00],\n       [-7.76646445e-02,  7.25047367e+00,  1.02583315e+00,\n         6.38929662e-02,  2.63081029e-01,  2.58677327e+00],\n       [-8.81514685e-02,  7.23666449e+00,  1.01880750e+00,\n         6.49478897e-02,  2.53445737e-01,  2.60962624e+00],\n       [-1.31326236e-01,  7.25284426e+00,  1.03318179e+00,\n         6.73891107e-02,  1.44164664e-01,  2.73397071e+00]]), array([0.16209626, 0.16245505, 0.16259986, 0.16260882, 0.16267863,\n       0.16275717, 0.16276335]))"}, "2": {"maxiter": 100, "fatol": 1e-10, "xatol": 1e-05, "duration": 0.02783679962158203, "fun": "0.16209625968181973", "nit": "100", "nfev": "166", "status": "2", "success": "False", "message": "Maximum number of iterations has been exceeded.", "x": "[-0.14953596  7.19841566  1.06830366  0.06832358 -0.03434716  2.86579558]", "final_simplex": "(array([[-1.49535965e-01,  7.19841566e+00,  1.06830366e+00,\n         6.83235789e-02, -3.43471605e-02,  2.86579558e+00],\n       [-1.23460490e-01,  7.19497382e+00,  1.04927031e+00,\n         6.71339874e-02,  9.80647422e-02,  2.75425236e+00],\n       [-1.46850986e-01,  7.20355731e+00,  1.06463428e+00,\n         6.85810479e-02, -4.43889507e-03,  2.82465693e+00],\n       [-1.15393016e-01,  7.26749642e+00,  1.03476003e+00,\n         6.63229424e-02,  1.71925545e-01,  2.69786019e+00],\n       [-7.76646445e-02,  7.25047367e+00,  1.02583315e+00,\n         6.38929662e-02,  2.63081029e-01,  2.58677327e+00],\n       [-8.81514685e-02,  7.23666449e+00,  1.01880750e+00,\n         6.49478897e-02,  2.53445737e-01,  2.60962624e+00],\n       [-1.31326236e-01,  7.25284426e+00,  1.03318179e+00,\n         6.73891107e-02,  1.44164664e-01,  2.73397071e+00]]), array([0.16209626, 0.16245505, 0.16259986, 0.16260882, 0.16267863,\n       0.16275717, 0.16276335]))"}, "3": {"maxiter": 100, "fatol": 1e-10, "xatol": 1e-10, "duration": 0.027739763259887695, "fun": "0.16209625968181973", "nit": "100", "nfev": "166", "status": "2", "success": "False", "message": "Maximum number of iterations has been exceeded.", "x": "[-0.14953596  7.19841566  1.06830366  0.06832358 -0.03434716  2.86579558]", "final_simplex": "(array([[-1.49535965e-01,  7.19841566e+00,  1.06830366e+00,\n         6.83235789e-02, -3.43471605e-02,  2.86579558e+00],\n       [-1.23460490e-01,  7.19497382e+00,  1.04927031e+00,\n         6.71339874e-02,  9.80647422e-02,  2.75425236e+00],\n       [-1.46850986e-01,  7.20355731e+00,  1.06463428e+00,\n         6.85810479e-02, -4.43889507e-03,  2.82465693e+00],\n       [-1.15393016e-01,  7.26749642e+00,  1.03476003e+00,\n         6.63229424e-02,  1.71925545e-01,  2.69786019e+00],\n       [-7.76646445e-02,  7.25047367e+00,  1.02583315e+00,\n         6.38929662e-02,  2.63081029e-01,  2.58677327e+00],\n       [-8.81514685e-02,  7.23666449e+00,  1.01880750e+00,\n         6.49478897e-02,  2.53445737e-01,  2.60962624e+00],\n       [-1.31326236e-01,  7.25284426e+00,  1.03318179e+00,\n         6.73891107e-02,  1.44164664e-01,  2.73397071e+00]]), array([0.16209626, 0.16245505, 0.16259986, 0.16260882, 0.16267863,\n       0.16275717, 0.16276335]))"}, "4": {"maxiter": 500, "fatol": 1e-05, "xatol": 1e-05, "duration": 0.12900185585021973, "fun": "0.09272845805621599", "nit": "500", "nfev": "770", "status": "2", "success": "False", "message": "Maximum number of iterations has been exceeded.", "x": "[-0.97518435  2.55960512  6.0772411   0.48517627 -1.5099902   4.33003255]", "final_simplex": "(array([[-0.97518435,  2.55960512,  6.0772411 ,  0.48517627, -1.5099902 ,\n         4.33003255],\n       [-0.97505743,  2.55946208,  6.0772289 ,  0.48514802, -1.5104559 ,\n         4.33054714],\n       [-0.97523615,  2.5595377 ,  6.07722013,  0.485183  , -1.51007815,\n         4.33001006],\n       [-0.97495811,  2.55942672,  6.07725616,  0.48512685, -1.5108333 ,\n         4.33094941],\n       [-0.97505982,  2.5594765 ,  6.07726241,  0.48515467, -1.5103583 ,\n         4.33039244],\n       [-0.97527677,  2.55967805,  6.07708091,  0.48518234, -1.50989076,\n         4.32983377],\n       [-0.97567375,  2.55981336,  6.07714641,  0.48524575, -1.50935217,\n         4.32923729]]), array([0.09272846, 0.09272846, 0.09272846, 0.09272846, 0.09272846,\n       0.09272846, 0.09272846]))"}, "5": {"maxiter": 500, "fatol": 1e-05, "xatol": 1e-10, "duration": 0.12909507751464844, "fun": "0.09272845805621599", "nit": "500", "nfev": "770", "status": "2", "success": "False", "message": "Maximum number of iterations has been exceeded.", "x": "[-0.97518435  2.55960512  6.0772411   0.48517627 -1.5099902   4.33003255]", "final_simplex": "(array([[-0.97518435,  2.55960512,  6.0772411 ,  0.48517627, -1.5099902 ,\n         4.33003255],\n       [-0.97505743,  2.55946208,  6.0772289 ,  0.48514802, -1.5104559 ,\n         4.33054714],\n       [-0.97523615,  2.5595377 ,  6.07722013,  0.485183  , -1.51007815,\n         4.33001006],\n       [-0.97495811,  2.55942672,  6.07725616,  0.48512685, -1.5108333 ,\n         4.33094941],\n       [-0.97505982,  2.5594765 ,  6.07726241,  0.48515467, -1.5103583 ,\n         4.33039244],\n       [-0.97527677,  2.55967805,  6.07708091,  0.48518234, -1.50989076,\n         4.32983377],\n       [-0.97567375,  2.55981336,  6.07714641,  0.48524575, -1.50935217,\n         4.32923729]]), array([0.09272846, 0.09272846, 0.09272846, 0.09272846, 0.09272846,\n       0.09272846, 0.09272846]))"}, "6": {"maxiter": 500, "fatol": 1e-10, "xatol": 1e-05, "duration": 0.1299138069152832, "fun": "0.09272845805621599", "nit": "500", "nfev": "770", "status": "2", "success": "False", "message": "Maximum number of iterations has been exceeded.", "x": "[-0.97518435  2.55960512  6.0772411   0.48517627 -1.5099902   4.33003255]", "final_simplex": "(array([[-0.97518435,  2.55960512,  6.0772411 ,  0.48517627, -1.5099902 ,\n         4.33003255],\n       [-0.97505743,  2.55946208,  6.0772289 ,  0.48514802, -1.5104559 ,\n         4.33054714],\n       [-0.97523615,  2.5595377 ,  6.07722013,  0.485183  , -1.51007815,\n         4.33001006],\n       [-0.97495811,  2.55942672,  6.07725616,  0.48512685, -1.5108333 ,\n         4.33094941],\n       [-0.97505982,  2.5594765 ,  6.07726241,  0.48515467, -1.5103583 ,\n         4.33039244],\n       [-0.97527677,  2.55967805,  6.07708091,  0.48518234, -1.50989076,\n         4.32983377],\n       [-0.97567375,  2.55981336,  6.07714641,  0.48524575, -1.50935217,\n         4.32923729]]), array([0.09272846, 0.09272846, 0.09272846, 0.09272846, 0.09272846,\n       0.09272846, 0.09272846]))"}, "7": {"maxiter": 500, "fatol": 1e-10, "xatol": 1e-10, "duration": 0.1302778720855713, "fun": "0.09272845805621599", "nit": "500", "nfev": "770", "status": "2", "success": "False", "message": "Maximum number of iterations has been exceeded.", "x": "[-0.97518435  2.55960512  6.0772411   0.48517627 -1.5099902   4.33003255]", "final_simplex": "(array([[-0.97518435,  2.55960512,  6.0772411 ,  0.48517627, -1.5099902 ,\n         4.33003255],\n       [-0.97505743,  2.55946208,  6.0772289 ,  0.48514802, -1.5104559 ,\n         4.33054714],\n       [-0.97523615,  2.5595377 ,  6.07722013,  0.485183  , -1.51007815,\n         4.33001006],\n       [-0.97495811,  2.55942672,  6.07725616,  0.48512685, -1.5108333 ,\n         4.33094941],\n       [-0.97505982,  2.5594765 ,  6.07726241,  0.48515467, -1.5103583 ,\n         4.33039244],\n       [-0.97527677,  2.55967805,  6.07708091,  0.48518234, -1.50989076,\n         4.32983377],\n       [-0.97567375,  2.55981336,  6.07714641,  0.48524575, -1.50935217,\n         4.32923729]]), array([0.09272846, 0.09272846, 0.09272846, 0.09272846, 0.09272846,\n       0.09272846, 0.09272846]))"}, "8": {"maxiter": 1000, "fatol": 1e-05, "xatol": 1e-05, "duration": 0.22069287300109863, "fun": "0.0926572365685715", "nit": "844", "nfev": "1302", "status": "0", "success": "True", "message": "Optimization terminated successfully.", "x": "[-1.05894434  2.60395038  6.07922385  0.52927926 -1.3350431   4.12602574]", "final_simplex": "(array([[-1.05894434,  2.60395038,  6.07922385,  0.52927926, -1.3350431 ,\n         4.12602574],\n       [-1.05894241,  2.60394944,  6.07922402,  0.5292787 , -1.33504636,\n         4.12602968],\n       [-1.05894112,  2.60394874,  6.07922408,  0.5292782 , -1.33504876,\n         4.12603238],\n       [-1.05894392,  2.60395005,  6.07922404,  0.52927941, -1.33504375,\n         4.12602643],\n       [-1.05894329,  2.60394971,  6.07922416,  0.52927895, -1.3350453 ,\n         4.12602828],\n       [-1.0589477 ,  2.60395213,  6.07922355,  0.52928044, -1.3350375 ,\n         4.12601909],\n       [-1.05894201,  2.60394908,  6.07922417,  0.52927872, -1.33504664,\n         4.12602975]]), array([0.09265724, 0.09265724, 0.09265724, 0.09265724, 0.09265724,\n       0.09265724, 0.09265724]))"}, "9": {"maxiter": 1000, "fatol": 1e-05, "xatol": 1e-10, "duration": 0.253281831741333, "fun": "0.09265723656856895", "nit": "907", "nfev": "1487", "status": "0", "success": "True", "message": "Optimization terminated successfully.", "x": "[-1.05894389  2.60395013  6.07922395  0.52927922 -1.33504382  4.12602659]", "final_simplex": "(array([[-1.05894389,  2.60395013,  6.07922395,  0.52927922, -1.33504382,\n         4.12602659],\n       [-1.05894389,  2.60395013,  6.07922395,  0.52927922, -1.33504382,\n         4.12602659],\n       [-1.05894389,  2.60395013,  6.07922395,  0.52927922, -1.33504382,\n         4.12602659],\n       [-1.05894389,  2.60395013,  6.07922395,  0.52927922, -1.33504382,\n         4.12602659],\n       [-1.05894389,  2.60395013,  6.07922395,  0.52927922, -1.33504382,\n         4.12602659],\n       [-1.05894389,  2.60395013,  6.07922395,  0.52927922, -1.33504382,\n         4.12602659],\n       [-1.05894389,  2.60395013,  6.07922395,  0.52927922, -1.33504382,\n         4.12602659]]), array([0.09265724, 0.09265724, 0.09265724, 0.09265724, 0.09265724,\n       0.09265724, 0.09265724]))"}, "10": {"maxiter": 1000, "fatol": 1e-10, "xatol": 1e-05, "duration": 0.22200393676757812, "fun": "0.0926572365685715", "nit": "844", "nfev": "1302", "status": "0", "success": "True", "message": "Optimization terminated successfully.", "x": "[-1.05894434  2.60395038  6.07922385  0.52927926 -1.3350431   4.12602574]", "final_simplex": "(array([[-1.05894434,  2.60395038,  6.07922385,  0.52927926, -1.3350431 ,\n         4.12602574],\n       [-1.05894241,  2.60394944,  6.07922402,  0.5292787 , -1.33504636,\n         4.12602968],\n       [-1.05894112,  2.60394874,  6.07922408,  0.5292782 , -1.33504876,\n         4.12603238],\n       [-1.05894392,  2.60395005,  6.07922404,  0.52927941, -1.33504375,\n         4.12602643],\n       [-1.05894329,  2.60394971,  6.07922416,  0.52927895, -1.3350453 ,\n         4.12602828],\n       [-1.0589477 ,  2.60395213,  6.07922355,  0.52928044, -1.3350375 ,\n         4.12601909],\n       [-1.05894201,  2.60394908,  6.07922417,  0.52927872, -1.33504664,\n         4.12602975]]), array([0.09265724, 0.09265724, 0.09265724, 0.09265724, 0.09265724,\n       0.09265724, 0.09265724]))"}, "11": {"maxiter": 1000, "fatol": 1e-10, "xatol": 1e-10, "duration": 0.25080394744873047, "fun": "0.09265723656856895", "nit": "907", "nfev": "1487", "status": "0", "success": "True", "message": "Optimization terminated successfully.", "x": "[-1.05894389  2.60395013  6.07922395  0.52927922 -1.33504382  4.12602659]", "final_simplex": "(array([[-1.05894389,  2.60395013,  6.07922395,  0.52927922, -1.33504382,\n         4.12602659],\n       [-1.05894389,  2.60395013,  6.07922395,  0.52927922, -1.33504382,\n         4.12602659],\n       [-1.05894389,  2.60395013,  6.07922395,  0.52927922, -1.33504382,\n         4.12602659],\n       [-1.05894389,  2.60395013,  6.07922395,  0.52927922, -1.33504382,\n         4.12602659],\n       [-1.05894389,  2.60395013,  6.07922395,  0.52927922, -1.33504382,\n         4.12602659],\n       [-1.05894389,  2.60395013,  6.07922395,  0.52927922, -1.33504382,\n         4.12602659],\n       [-1.05894389,  2.60395013,  6.07922395,  0.52927922, -1.33504382,\n         4.12602659]]), array([0.09265724, 0.09265724, 0.09265724, 0.09265724, 0.09265724,\n       0.09265724, 0.09265724]))"}}, "bfgs": {"type": "gradient", "0": {"maxiter": 100, "gtol": 1e-05, "xrtol": 1e-05, "eps": 1e-05, "duration": 0.0360562801361084, "fun": "0.09265723670334003", "jac": "[ 7.11319892e-07 -1.54407598e-06 -2.51441090e-06 -1.68519643e-06\n  7.82032217e-06  5.77218273e-06]", "hess_inv": "[[ 2.77919182  0.71181503 -0.56051653  1.10553694 -0.60140807  1.0145324 ]\n [ 0.71181503  2.68494052 -1.52857125 -2.71573958 -1.87286852  3.63320836]\n [-0.56051653 -1.52857125  3.53861321  3.19792302  3.38193355 -4.25321718]\n [ 1.10553694 -2.71573958  3.19792302 11.16622289  3.91802971 -6.72650676]\n [-0.60140807 -1.87286852  3.38193355  3.91802971  5.71440624 -5.38181615]\n [ 1.0145324   3.63320836 -4.25321718 -6.72650676 -5.38181615  9.59348875]]", "nfev": "210", "njev": "30", "status": "0", "success": "True", "message": "Optimization terminated successfully.", "x": "[-0.28658018  7.33696928  0.95064081 -0.99385652  0.533805    2.58929428]", "nit": "24"}, "1": {"maxiter": 100, "gtol": 1e-05, "xrtol": 1e-05, "eps": 1e-10, "duration": 0.038294076919555664, "fun": "0.09265723663039005", "jac": "[1.11022293e-06 1.11022293e-06 3.33066880e-06 5.55111466e-06\n 6.66133760e-06 6.66133760e-06]", "hess_inv": "[[ 2.79815771  0.80564322 -0.62356131  0.92491645 -0.65889024  1.21419743]\n [ 0.80564322  3.13360356 -2.05584231 -3.92415101 -2.47142465  4.7225555 ]\n [-0.62356131 -2.05584231  4.15065333  4.65174072  4.04368744 -5.54959007]\n [ 0.92491645 -3.92415101  4.65174072 14.30854554  5.46869118 -9.80689202]\n [-0.65889024 -2.47142465  4.04368744  5.46869118  6.39968402 -6.86215583]\n [ 1.21419743  4.7225555  -5.54959007 -9.80689202 -6.86215583 12.22346121]]", "nfev": "224", "njev": "32", "status": "0", "success": "True", "message": "Optimization terminated successfully.", "x": "[-0.28656852  7.33689997  0.95071975 -0.99381081  0.53382084  2.58927496]", "nit": "25"}, "2": {"maxiter": 100, "gtol": 1e-05, "xrtol": 1e-10, "eps": 1e-05, "duration": 0.0357661247253418, "fun": "0.09265723670334003", "jac": "[ 7.11319892e-07 -1.54407598e-06 -2.51441090e-06 -1.68519643e-06\n  7.82032217e-06  5.77218273e-06]", "hess_inv": "[[ 2.77919182  0.71181503 -0.56051653  1.10553694 -0.60140807  1.0145324 ]\n [ 0.71181503  2.68494052 -1.52857125 -2.71573958 -1.87286852  3.63320836]\n [-0.56051653 -1.52857125  3.53861321  3.19792302  3.38193355 -4.25321718]\n [ 1.10553694 -2.71573958  3.19792302 11.16622289  3.91802971 -6.72650676]\n [-0.60140807 -1.87286852  3.38193355  3.91802971  5.71440624 -5.38181615]\n [ 1.0145324   3.63320836 -4.25321718 -6.72650676 -5.38181615  9.59348875]]", "nfev": "210", "njev": "30", "status": "0", "success": "True", "message": "Optimization terminated successfully.", "x": "[-0.28658018  7.33696928  0.95064081 -0.99385652  0.533805    2.58929428]", "nit": "24"}, "3": {"maxiter": 100, "gtol": 1e-05, "xrtol": 1e-10, "eps": 1e-10, "duration": 0.03810405731201172, "fun": "0.09265723663039005", "jac": "[1.11022293e-06 1.11022293e-06 3.33066880e-06 5.55111466e-06\n 6.66133760e-06 6.66133760e-06]", "hess_inv": "[[ 2.79815771  0.80564322 -0.62356131  0.92491645 -0.65889024  1.21419743]\n [ 0.80564322  3.13360356 -2.05584231 -3.92415101 -2.47142465  4.7225555 ]\n [-0.62356131 -2.05584231  4.15065333  4.65174072  4.04368744 -5.54959007]\n [ 0.92491645 -3.92415101  4.65174072 14.30854554  5.46869118 -9.80689202]\n [-0.65889024 -2.47142465  4.04368744  5.46869118  6.39968402 -6.86215583]\n [ 1.21419743  4.7225555  -5.54959007 -9.80689202 -6.86215583 12.22346121]]", "nfev": "224", "njev": "32", "status": "0", "success": "True", "message": "Optimization terminated successfully.", "x": "[-0.28656852  7.33689997  0.95071975 -0.99381081  0.53382084  2.58927496]", "nit": "25"}, "4": {"maxiter": 100, "gtol": 1e-10, "xrtol": 1e-05, "eps": 1e-05, "duration": 0.0368351936340332, "fun": "0.09265723659274983", "jac": "[ 7.48801021e-07  6.41242615e-07  7.30948635e-07 -2.76689782e-07\n  2.51509924e-07 -1.26143540e-07]", "hess_inv": "[[ 2.78276605  0.74006193 -0.58620485  1.02987542 -0.5956813   1.09246645]\n [ 0.74006193  2.80196875 -1.66066244 -3.05404694 -1.94853774  3.93953409]\n [-0.58620485 -1.66066244  3.67587713  3.568326    3.42152784 -4.60660318]\n [ 1.02987542 -3.05404694  3.568326   12.13312749  4.09243429 -7.61942582]\n [-0.5956813  -1.94853774  3.42152784  4.09243429  5.58589087 -5.60944397]\n [ 1.09246645  3.93953409 -4.60660318 -7.61942582 -5.60944397 10.39038302]]", "nfev": "217", "njev": "31", "status": "0", "success": "True", "message": "Optimization terminated successfully.", "x": "[-0.2865824   7.33695625  0.95065375 -0.99382057  0.53380661  2.58925905]", "nit": "25"}, "5": {"maxiter": 100, "gtol": 1e-10, "xrtol": 1e-05, "eps": 1e-10, "duration": 0.039160728454589844, "fun": "0.09265723658702452", "jac": "[ 1.11022293e-06 -1.11022293e-06  2.22044587e-06 -1.11022293e-06\n -5.55111466e-06 -5.55111466e-06]", "hess_inv": "[[ 2.89658937  1.01677029 -0.77763681  0.64070353 -0.77011266  1.71239047]\n [ 1.01677029  2.42690367 -0.82715772 -1.17173135 -0.93762563  2.7407068 ]\n [-0.77763681 -0.82715772  2.29533279  0.5759358   1.83461597 -2.22771938]\n [ 0.64070353 -1.17173135  0.5759358   5.38120944  0.65099758 -2.4008759 ]\n [-0.77011266 -0.93762563  1.83461597  0.65099758  3.81631873 -2.76253066]\n [ 1.71239047  2.7407068  -2.22771938 -2.4008759  -2.76253066  6.72019913]]", "nfev": "231", "njev": "33", "status": "0", "success": "True", "message": "Optimization terminated successfully.", "x": "[-0.28658011  7.33689339  0.95071331 -0.99383036  0.53380599  2.5892644 ]", "nit": "26"}, "6": {"maxiter": 100, "gtol": 1e-10, "xrtol": 1e-10, "eps": 1e-05, "duration": 0.0633690357208252, "fun": "0.09265723659274983", "jac": "[ 7.48801021e-07  6.41242615e-07  7.30948635e-07 -2.76689782e-07\n  2.51509924e-07 -1.26143540e-07]", "hess_inv": "[[ 2.80926755  0.8257638  -0.6488872   0.81730048 -0.58993899  1.29577922]\n [ 0.8257638   2.89640147 -1.6227854  -3.1742185  -1.8644852   4.02805144]\n [-0.6488872  -1.6227854   3.50735777  3.32419228  3.32172386 -4.33832151]\n [ 0.81730048 -3.1742185   3.32419228 12.07708663  3.84307275 -7.48380753]\n [-0.58993899 -1.8644852   3.32172386  3.84307275  5.5636668  -5.36147944]\n [ 1.29577922  4.02805144 -4.33832151 -7.48380753 -5.36147944 10.17840855]]", "nfev": "376", "njev": "52", "status": "2", "success": "False", "message": "Desired error not necessarily achieved due to precision loss.", "x": "[-0.2865824   7.33695625  0.95065375 -0.99382057  0.53380661  2.58925905]", "nit": "25"}, "7": {"maxiter": 100, "gtol": 1e-10, "xrtol": 1e-10, "eps": 1e-10, "duration": 0.07249999046325684, "fun": "0.09265723657980218", "jac": "[3.33066880e-06 0.00000000e+00 2.22044587e-06 0.00000000e+00\n 6.66133760e-06 5.55111466e-06]", "hess_inv": "[[ 6.19050009  1.76730288  0.24514458 -0.69706505 -0.29720476  2.69651206]\n [ 1.76730288  2.29076091 -0.1067698  -1.48127864 -0.41037994  2.2475975 ]\n [ 0.24514458 -0.1067698   1.257431   -0.48077294  0.17757286 -0.66368187]\n [-0.69706505 -1.48127864 -0.48077294  6.27938413 -0.74220717 -2.69392245]\n [-0.29720476 -0.41037994  0.17757286 -0.74220717  1.08933344 -1.40728115]\n [ 2.69651206  2.2475975  -0.66368187 -2.69392245 -1.40728115  5.31429262]]", "nfev": "425", "njev": "59", "status": "2", "success": "False", "message": "Desired error not necessarily achieved due to precision loss.", "x": "[-0.28657874  7.33689996  0.95070828 -0.99383717  0.53380576  2.58927867]", "nit": "28"}, "8": {"maxiter": 500, "gtol": 1e-05, "xrtol": 1e-05, "eps": 1e-05, "duration": 0.03651571273803711, "fun": "0.09265723670334003", "jac": "[ 7.11319892e-07 -1.54407598e-06 -2.51441090e-06 -1.68519643e-06\n  7.82032217e-06  5.77218273e-06]", "hess_inv": "[[ 2.77919182  0.71181503 -0.56051653  1.10553694 -0.60140807  1.0145324 ]\n [ 0.71181503  2.68494052 -1.52857125 -2.71573958 -1.87286852  3.63320836]\n [-0.56051653 -1.52857125  3.53861321  3.19792302  3.38193355 -4.25321718]\n [ 1.10553694 -2.71573958  3.19792302 11.16622289  3.91802971 -6.72650676]\n [-0.60140807 -1.87286852  3.38193355  3.91802971  5.71440624 -5.38181615]\n [ 1.0145324   3.63320836 -4.25321718 -6.72650676 -5.38181615  9.59348875]]", "nfev": "210", "njev": "30", "status": "0", "success": "True", "message": "Optimization terminated successfully.", "x": "[-0.28658018  7.33696928  0.95064081 -0.99385652  0.533805    2.58929428]", "nit": "24"}, "9": {"maxiter": 500, "gtol": 1e-05, "xrtol": 1e-05, "eps": 1e-10, "duration": 0.03874611854553223, "fun": "0.09265723663039005", "jac": "[1.11022293e-06 1.11022293e-06 3.33066880e-06 5.55111466e-06\n 6.66133760e-06 6.66133760e-06]", "hess_inv": "[[ 2.79815771  0.80564322 -0.62356131  0.92491645 -0.65889024  1.21419743]\n [ 0.80564322  3.13360356 -2.05584231 -3.92415101 -2.47142465  4.7225555 ]\n [-0.62356131 -2.05584231  4.15065333  4.65174072  4.04368744 -5.54959007]\n [ 0.92491645 -3.92415101  4.65174072 14.30854554  5.46869118 -9.80689202]\n [-0.65889024 -2.47142465  4.04368744  5.46869118  6.39968402 -6.86215583]\n [ 1.21419743  4.7225555  -5.54959007 -9.80689202 -6.86215583 12.22346121]]", "nfev": "224", "njev": "32", "status": "0", "success": "True", "message": "Optimization terminated successfully.", "x": "[-0.28656852  7.33689997  0.95071975 -0.99381081  0.53382084  2.58927496]", "nit": "25"}, "10": {"maxiter": 500, "gtol": 1e-05, "xrtol": 1e-10, "eps": 1e-05, "duration": 0.03656911849975586, "fun": "0.09265723670334003", "jac": "[ 7.11319892e-07 -1.54407598e-06 -2.51441090e-06 -1.68519643e-06\n  7.82032217e-06  5.77218273e-06]", "hess_inv": "[[ 2.77919182  0.71181503 -0.56051653  1.10553694 -0.60140807  1.0145324 ]\n [ 0.71181503  2.68494052 -1.52857125 -2.71573958 -1.87286852  3.63320836]\n [-0.56051653 -1.52857125  3.53861321  3.19792302  3.38193355 -4.25321718]\n [ 1.10553694 -2.71573958  3.19792302 11.16622289  3.91802971 -6.72650676]\n [-0.60140807 -1.87286852  3.38193355  3.91802971  5.71440624 -5.38181615]\n [ 1.0145324   3.63320836 -4.25321718 -6.72650676 -5.38181615  9.59348875]]", "nfev": "210", "njev": "30", "status": "0", "success": "True", "message": "Optimization terminated successfully.", "x": "[-0.28658018  7.33696928  0.95064081 -0.99385652  0.533805    2.58929428]", "nit": "24"}, "11": {"maxiter": 500, "gtol": 1e-05, "xrtol": 1e-10, "eps": 1e-10, "duration": 0.03856205940246582, "fun": "0.09265723663039005", "jac": "[1.11022293e-06 1.11022293e-06 3.33066880e-06 5.55111466e-06\n 6.66133760e-06 6.66133760e-06]", "hess_inv": "[[ 2.79815771  0.80564322 -0.62356131  0.92491645 -0.65889024  1.21419743]\n [ 0.80564322  3.13360356 -2.05584231 -3.92415101 -2.47142465  4.7225555 ]\n [-0.62356131 -2.05584231  4.15065333  4.65174072  4.04368744 -5.54959007]\n [ 0.92491645 -3.92415101  4.65174072 14.30854554  5.46869118 -9.80689202]\n [-0.65889024 -2.47142465  4.04368744  5.46869118  6.39968402 -6.86215583]\n [ 1.21419743  4.7225555  -5.54959007 -9.80689202 -6.86215583 12.22346121]]", "nfev": "224", "njev": "32", "status": "0", "success": "True", "message": "Optimization terminated successfully.", "x": "[-0.28656852  7.33689997  0.95071975 -0.99381081  0.53382084  2.58927496]", "nit": "25"}, "12": {"maxiter": 500, "gtol": 1e-10, "xrtol": 1e-05, "eps": 1e-05, "duration": 0.037448883056640625, "fun": "0.09265723659274983", "jac": "[ 7.48801021e-07  6.41242615e-07  7.30948635e-07 -2.76689782e-07\n  2.51509924e-07 -1.26143540e-07]", "hess_inv": "[[ 2.78276605  0.74006193 -0.58620485  1.02987542 -0.5956813   1.09246645]\n [ 0.74006193  2.80196875 -1.66066244 -3.05404694 -1.94853774  3.93953409]\n [-0.58620485 -1.66066244  3.67587713  3.568326    3.42152784 -4.60660318]\n [ 1.02987542 -3.05404694  3.568326   12.13312749  4.09243429 -7.61942582]\n [-0.5956813  -1.94853774  3.42152784  4.09243429  5.58589087 -5.60944397]\n [ 1.09246645  3.93953409 -4.60660318 -7.61942582 -5.60944397 10.39038302]]", "nfev": "217", "njev": "31", "status": "0", "success": "True", "message": "Optimization terminated successfully.", "x": "[-0.2865824   7.33695625  0.95065375 -0.99382057  0.53380661  2.58925905]", "nit": "25"}, "13": {"maxiter": 500, "gtol": 1e-10, "xrtol": 1e-05, "eps": 1e-10, "duration": 0.03983616828918457, "fun": "0.09265723658702452", "jac": "[ 1.11022293e-06 -1.11022293e-06  2.22044587e-06 -1.11022293e-06\n -5.55111466e-06 -5.55111466e-06]", "hess_inv": "[[ 2.89658937  1.01677029 -0.77763681  0.64070353 -0.77011266  1.71239047]\n [ 1.01677029  2.42690367 -0.82715772 -1.17173135 -0.93762563  2.7407068 ]\n [-0.77763681 -0.82715772  2.29533279  0.5759358   1.83461597 -2.22771938]\n [ 0.64070353 -1.17173135  0.5759358   5.38120944  0.65099758 -2.4008759 ]\n [-0.77011266 -0.93762563  1.83461597  0.65099758  3.81631873 -2.76253066]\n [ 1.71239047  2.7407068  -2.22771938 -2.4008759  -2.76253066  6.72019913]]", "nfev": "231", "njev": "33", "status": "0", "success": "True", "message": "Optimization terminated successfully.", "x": "[-0.28658011  7.33689339  0.95071331 -0.99383036  0.53380599  2.5892644 ]", "nit": "26"}, "14": {"maxiter": 500, "gtol": 1e-10, "xrtol": 1e-10, "eps": 1e-05, "duration": 0.06430983543395996, "fun": "0.09265723659274983", "jac": "[ 7.48801021e-07  6.41242615e-07  7.30948635e-07 -2.76689782e-07\n  2.51509924e-07 -1.26143540e-07]", "hess_inv": "[[ 2.80926755  0.8257638  -0.6488872   0.81730048 -0.58993899  1.29577922]\n [ 0.8257638   2.89640147 -1.6227854  -3.1742185  -1.8644852   4.02805144]\n [-0.6488872  -1.6227854   3.50735777  3.32419228  3.32172386 -4.33832151]\n [ 0.81730048 -3.1742185   3.32419228 12.07708663  3.84307275 -7.48380753]\n [-0.58993899 -1.8644852   3.32172386  3.84307275  5.5636668  -5.36147944]\n [ 1.29577922  4.02805144 -4.33832151 -7.48380753 -5.36147944 10.17840855]]", "nfev": "376", "njev": "52", "status": "2", "success": "False", "message": "Desired error not necessarily achieved due to precision loss.", "x": "[-0.2865824   7.33695625  0.95065375 -0.99382057  0.53380661  2.58925905]", "nit": "25"}, "15": {"maxiter": 500, "gtol": 1e-10, "xrtol": 1e-10, "eps": 1e-10, "duration": 0.07263493537902832, "fun": "0.09265723657980218", "jac": "[3.33066880e-06 0.00000000e+00 2.22044587e-06 0.00000000e+00\n 6.66133760e-06 5.55111466e-06]", "hess_inv": "[[ 6.19050009  1.76730288  0.24514458 -0.69706505 -0.29720476  2.69651206]\n [ 1.76730288  2.29076091 -0.1067698  -1.48127864 -0.41037994  2.2475975 ]\n [ 0.24514458 -0.1067698   1.257431   -0.48077294  0.17757286 -0.66368187]\n [-0.69706505 -1.48127864 -0.48077294  6.27938413 -0.74220717 -2.69392245]\n [-0.29720476 -0.41037994  0.17757286 -0.74220717  1.08933344 -1.40728115]\n [ 2.69651206  2.2475975  -0.66368187 -2.69392245 -1.40728115  5.31429262]]", "nfev": "425", "njev": "59", "status": "2", "success": "False", "message": "Desired error not necessarily achieved due to precision loss.", "x": "[-0.28657874  7.33689996  0.95070828 -0.99383717  0.53380576  2.58927867]", "nit": "28"}, "16": {"maxiter": 1000, "gtol": 1e-05, "xrtol": 1e-05, "eps": 1e-05, "duration": 0.036103248596191406, "fun": "0.09265723670334003", "jac": "[ 7.11319892e-07 -1.54407598e-06 -2.51441090e-06 -1.68519643e-06\n  7.82032217e-06  5.77218273e-06]", "hess_inv": "[[ 2.77919182  0.71181503 -0.56051653  1.10553694 -0.60140807  1.0145324 ]\n [ 0.71181503  2.68494052 -1.52857125 -2.71573958 -1.87286852  3.63320836]\n [-0.56051653 -1.52857125  3.53861321  3.19792302  3.38193355 -4.25321718]\n [ 1.10553694 -2.71573958  3.19792302 11.16622289  3.91802971 -6.72650676]\n [-0.60140807 -1.87286852  3.38193355  3.91802971  5.71440624 -5.38181615]\n [ 1.0145324   3.63320836 -4.25321718 -6.72650676 -5.38181615  9.59348875]]", "nfev": "210", "njev": "30", "status": "0", "success": "True", "message": "Optimization terminated successfully.", "x": "[-0.28658018  7.33696928  0.95064081 -0.99385652  0.533805    2.58929428]", "nit": "24"}, "17": {"maxiter": 1000, "gtol": 1e-05, "xrtol": 1e-05, "eps": 1e-10, "duration": 0.03848099708557129, "fun": "0.09265723663039005", "jac": "[1.11022293e-06 1.11022293e-06 3.33066880e-06 5.55111466e-06\n 6.66133760e-06 6.66133760e-06]", "hess_inv": "[[ 2.79815771  0.80564322 -0.62356131  0.92491645 -0.65889024  1.21419743]\n [ 0.80564322  3.13360356 -2.05584231 -3.92415101 -2.47142465  4.7225555 ]\n [-0.62356131 -2.05584231  4.15065333  4.65174072  4.04368744 -5.54959007]\n [ 0.92491645 -3.92415101  4.65174072 14.30854554  5.46869118 -9.80689202]\n [-0.65889024 -2.47142465  4.04368744  5.46869118  6.39968402 -6.86215583]\n [ 1.21419743  4.7225555  -5.54959007 -9.80689202 -6.86215583 12.22346121]]", "nfev": "224", "njev": "32", "status": "0", "success": "True", "message": "Optimization terminated successfully.", "x": "[-0.28656852  7.33689997  0.95071975 -0.99381081  0.53382084  2.58927496]", "nit": "25"}, "18": {"maxiter": 1000, "gtol": 1e-05, "xrtol": 1e-10, "eps": 1e-05, "duration": 0.03617501258850098, "fun": "0.09265723670334003", "jac": "[ 7.11319892e-07 -1.54407598e-06 -2.51441090e-06 -1.68519643e-06\n  7.82032217e-06  5.77218273e-06]", "hess_inv": "[[ 2.77919182  0.71181503 -0.56051653  1.10553694 -0.60140807  1.0145324 ]\n [ 0.71181503  2.68494052 -1.52857125 -2.71573958 -1.87286852  3.63320836]\n [-0.56051653 -1.52857125  3.53861321  3.19792302  3.38193355 -4.25321718]\n [ 1.10553694 -2.71573958  3.19792302 11.16622289  3.91802971 -6.72650676]\n [-0.60140807 -1.87286852  3.38193355  3.91802971  5.71440624 -5.38181615]\n [ 1.0145324   3.63320836 -4.25321718 -6.72650676 -5.38181615  9.59348875]]", "nfev": "210", "njev": "30", "status": "0", "success": "True", "message": "Optimization terminated successfully.", "x": "[-0.28658018  7.33696928  0.95064081 -0.99385652  0.533805    2.58929428]", "nit": "24"}, "19": {"maxiter": 1000, "gtol": 1e-05, "xrtol": 1e-10, "eps": 1e-10, "duration": 0.03867483139038086, "fun": "0.09265723663039005", "jac": "[1.11022293e-06 1.11022293e-06 3.33066880e-06 5.55111466e-06\n 6.66133760e-06 6.66133760e-06]", "hess_inv": "[[ 2.79815771  0.80564322 -0.62356131  0.92491645 -0.65889024  1.21419743]\n [ 0.80564322  3.13360356 -2.05584231 -3.92415101 -2.47142465  4.7225555 ]\n [-0.62356131 -2.05584231  4.15065333  4.65174072  4.04368744 -5.54959007]\n [ 0.92491645 -3.92415101  4.65174072 14.30854554  5.46869118 -9.80689202]\n [-0.65889024 -2.47142465  4.04368744  5.46869118  6.39968402 -6.86215583]\n [ 1.21419743  4.7225555  -5.54959007 -9.80689202 -6.86215583 12.22346121]]", "nfev": "224", "njev": "32", "status": "0", "success": "True", "message": "Optimization terminated successfully.", "x": "[-0.28656852  7.33689997  0.95071975 -0.99381081  0.53382084  2.58927496]", "nit": "25"}, "20": {"maxiter": 1000, "gtol": 1e-10, "xrtol": 1e-05, "eps": 1e-05, "duration": 0.03714394569396973, "fun": "0.09265723659274983", "jac": "[ 7.48801021e-07  6.41242615e-07  7.30948635e-07 -2.76689782e-07\n  2.51509924e-07 -1.26143540e-07]", "hess_inv": "[[ 2.78276605  0.74006193 -0.58620485  1.02987542 -0.5956813   1.09246645]\n [ 0.74006193  2.80196875 -1.66066244 -3.05404694 -1.94853774  3.93953409]\n [-0.58620485 -1.66066244  3.67587713  3.568326    3.42152784 -4.60660318]\n [ 1.02987542 -3.05404694  3.568326   12.13312749  4.09243429 -7.61942582]\n [-0.5956813  -1.94853774  3.42152784  4.09243429  5.58589087 -5.60944397]\n [ 1.09246645  3.93953409 -4.60660318 -7.61942582 -5.60944397 10.39038302]]", "nfev": "217", "njev": "31", "status": "0", "success": "True", "message": "Optimization terminated successfully.", "x": "[-0.2865824   7.33695625  0.95065375 -0.99382057  0.53380661  2.58925905]", "nit": "25"}, "21": {"maxiter": 1000, "gtol": 1e-10, "xrtol": 1e-05, "eps": 1e-10, "duration": 0.03959989547729492, "fun": "0.09265723658702452", "jac": "[ 1.11022293e-06 -1.11022293e-06  2.22044587e-06 -1.11022293e-06\n -5.55111466e-06 -5.55111466e-06]", "hess_inv": "[[ 2.89658937  1.01677029 -0.77763681  0.64070353 -0.77011266  1.71239047]\n [ 1.01677029  2.42690367 -0.82715772 -1.17173135 -0.93762563  2.7407068 ]\n [-0.77763681 -0.82715772  2.29533279  0.5759358   1.83461597 -2.22771938]\n [ 0.64070353 -1.17173135  0.5759358   5.38120944  0.65099758 -2.4008759 ]\n [-0.77011266 -0.93762563  1.83461597  0.65099758  3.81631873 -2.76253066]\n [ 1.71239047  2.7407068  -2.22771938 -2.4008759  -2.76253066  6.72019913]]", "nfev": "231", "njev": "33", "status": "0", "success": "True", "message": "Optimization terminated successfully.", "x": "[-0.28658011  7.33689339  0.95071331 -0.99383036  0.53380599  2.5892644 ]", "nit": "26"}, "22": {"maxiter": 1000, "gtol": 1e-10, "xrtol": 1e-10, "eps": 1e-05, "duration": 0.06416201591491699, "fun": "0.09265723659274983", "jac": "[ 7.48801021e-07  6.41242615e-07  7.30948635e-07 -2.76689782e-07\n  2.51509924e-07 -1.26143540e-07]", "hess_inv": "[[ 2.80926755  0.8257638  -0.6488872   0.81730048 -0.58993899  1.29577922]\n [ 0.8257638   2.89640147 -1.6227854  -3.1742185  -1.8644852   4.02805144]\n [-0.6488872  -1.6227854   3.50735777  3.32419228  3.32172386 -4.33832151]\n [ 0.81730048 -3.1742185   3.32419228 12.07708663  3.84307275 -7.48380753]\n [-0.58993899 -1.8644852   3.32172386  3.84307275  5.5636668  -5.36147944]\n [ 1.29577922  4.02805144 -4.33832151 -7.48380753 -5.36147944 10.17840855]]", "nfev": "376", "njev": "52", "status": "2", "success": "False", "message": "Desired error not necessarily achieved due to precision loss.", "x": "[-0.2865824   7.33695625  0.95065375 -0.99382057  0.53380661  2.58925905]", "nit": "25"}, "23": {"maxiter": 1000, "gtol": 1e-10, "xrtol": 1e-10, "eps": 1e-10, "duration": 0.07275867462158203, "fun": "0.09265723657980218", "jac": "[3.33066880e-06 0.00000000e+00 2.22044587e-06 0.00000000e+00\n 6.66133760e-06 5.55111466e-06]", "hess_inv": "[[ 6.19050009  1.76730288  0.24514458 -0.69706505 -0.29720476  2.69651206]\n [ 1.76730288  2.29076091 -0.1067698  -1.48127864 -0.41037994  2.2475975 ]\n [ 0.24514458 -0.1067698   1.257431   -0.48077294  0.17757286 -0.66368187]\n [-0.69706505 -1.48127864 -0.48077294  6.27938413 -0.74220717 -2.69392245]\n [-0.29720476 -0.41037994  0.17757286 -0.74220717  1.08933344 -1.40728115]\n [ 2.69651206  2.2475975  -0.66368187 -2.69392245 -1.40728115  5.31429262]]", "nfev": "425", "njev": "59", "status": "2", "success": "False", "message": "Desired error not necessarily achieved due to precision loss.", "x": "[-0.28657874  7.33689996  0.95070828 -0.99383717  0.53380576  2.58927867]", "nit": "28"}}, "cobyla": {"0": {"maxiter": 100, "tol": 1e-05, "catol": 1e-05, "duration": 0.01646590232849121, "x": "[ 1.15862922  5.79875889  2.93525022 -0.57475259  1.97441959  0.78430558]", "status": "2", "success": "False", "message": "Maximum number of function evaluations has been exceeded.", "nfev": "100", "fun": "0.09265749636608045", "maxcv": "0.0"}, "1": {"maxiter": 100, "tol": 1e-05, "catol": 1e-10, "duration": 0.016376018524169922, "x": "[ 1.15862922  5.79875889  2.93525022 -0.57475259  1.97441959  0.78430558]", "status": "2", "success": "False", "message": "Maximum number of function evaluations has been exceeded.", "nfev": "100", "fun": "0.09265749636608045", "maxcv": "0.0"}, "2": {"maxiter": 100, "tol": 1e-10, "catol": 1e-05, "duration": 0.016388893127441406, "x": "[ 1.15862922  5.79875889  2.93525022 -0.57475259  1.97441959  0.78430558]", "status": "2", "success": "False", "message": "Maximum number of function evaluations has been exceeded.", "nfev": "100", "fun": "0.09265749636608045", "maxcv": "0.0"}, "3": {"maxiter": 100, "tol": 1e-10, "catol": 1e-10, "duration": 0.016356945037841797, "x": "[ 1.15862922  5.79875889  2.93525022 -0.57475259  1.97441959  0.78430558]", "status": "2", "success": "False", "message": "Maximum number of function evaluations has been exceeded.", "nfev": "100", "fun": "0.09265749636608045", "maxcv": "0.0"}, "4": {"maxiter": 500, "tol": 1e-05, "catol": 1e-05, "duration": 0.02631211280822754, "x": "[ 1.16014511  5.79865058  2.93524599 -0.57460495  1.97299472  0.78492835]", "status": "1", "success": "True", "message": "Optimization terminated successfully.", "nfev": "161", "fun": "0.09265723673061677", "maxcv": "0.0"}, "5": {"maxiter": 500, "tol": 1e-05, "catol": 1e-10, "duration": 0.026360034942626953, "x": "[ 1.16014511  5.79865058  2.93524599 -0.57460495  1.97299472  0.78492835]", "status": "1", "success": "True", "message": "Optimization terminated successfully.", "nfev": "161", "fun": "0.09265723673061677", "maxcv": "0.0"}, "6": {"maxiter": 500, "tol": 1e-10, "catol": 1e-05, "duration": 0.05817079544067383, "x": "[ 1.16020307  5.798664    2.93524945 -0.57460827  1.97297588  0.78494775]", "status": "1", "success": "True", "message": "Optimization terminated successfully.", "nfev": "355", "fun": "0.09265723656857161", "maxcv": "0.0"}, "7": {"maxiter": 500, "tol": 1e-10, "catol": 1e-10, "duration": 0.058280229568481445, "x": "[ 1.16020307  5.798664    2.93524945 -0.57460827  1.97297588  0.78494775]", "status": "1",