{"date": "2024/07/18/, 22:06:41", "conf_id": 83, "data_type": "orthogonal\n", "num_data_points": 1, "s_rank": 0, "unitary": "[[-0.53618537-0.34368723j,-0.12107031-0.46226139j,-0.07699282-0.46603512j,0.36022595-0.11472301j],[0.26026499-0.63450712j,-0.56616638+0.37832564j,-0.14988651+0.08458591j,0.10363514-0.16008501j],[-0.32580188-0.11070003j,-0.36476308-0.23593218j,0.02559343+0.41761608j,-0.25598305+0.6725303j],[0.07406738-0.0126433j,0.28513701+0.19483972j,-0.74939717-0.10299659j,0.29798249+0.46269921j]]", "databatch_0": {"databatch": "[[[-0.1083393-0.25385979j,-0.05553227+0.16937068j,-0.04137418+0.0671391j,-0.11908157-0.3812119j],[-0.10173265-0.37736543j,-0.11134178+0.22650847j,-0.07128346+0.08596194j,-0.09162342-0.55805659j],[0.01248269+0.13120088j,0.04982073-0.06900357j,0.02855737-0.02454617j,-0.00109442+0.19069704j],[0.06722074+0.16596087j,0.03805469-0.10919023j,0.02764298-0.04305072j,0.07265809+0.24869332j]]]", "initial param values": "[6.08152511,2.20316494,2.07053574,1.79662112,0.91455977,4.44906208]", "nelder_mead": {"type": "gradient-free", "0": {"maxiter": 100, "fatol": 1e-05, "xatol": 1e-05, "duration": 0.026232242584228516, "fun": "0.1929294154112302", "nit": "100", "nfev": "156", "status": "2", "success": "False", "message": "Maximum number of iterations has been exceeded.", "x": "[ 8.69527689 -0.65953972  0.96893757  3.80998573  1.00105291  2.34306277]", "final_simplex": "(array([[ 8.69527689, -0.65953972,  0.96893757,  3.80998573,  1.00105291,\n         2.34306277],\n       [ 8.68368885, -0.67042022,  1.01094347,  3.78419034,  1.01347598,\n         2.29271238],\n       [ 8.74821164, -0.73702957,  0.95022316,  3.84509293,  1.00554797,\n         2.26316546],\n       [ 8.57279922, -0.61478326,  1.06328114,  3.71782592,  1.02523617,\n         2.34827818],\n       [ 8.61785685, -0.66312845,  0.97402733,  3.79252685,  1.02370229,\n         2.30503493],\n       [ 8.70940938, -0.54730989,  1.01284755,  3.72817704,  0.98754064,\n         2.33792683],\n       [ 8.76994738, -0.56786472,  0.95391062,  3.78888267,  0.965071  ,\n         2.35400578]]), array([0.19292942, 0.19360285, 0.19367578, 0.19415006, 0.194363  ,\n       0.19509839, 0.19523838]))"}, "1": {"maxiter": 100, "fatol": 1e-05, "xatol": 1e-10, "duration": 0.026173114776611328, "fun": "0.1929294154112302", "nit": "100", "nfev": "156", "status": "2", "success": "False", "message": "Maximum number of iterations has been exceeded.", "x": "[ 8.69527689 -0.65953972  0.96893757  3.80998573  1.00105291  2.34306277]", "final_simplex": "(array([[ 8.69527689, -0.65953972,  0.96893757,  3.80998573,  1.00105291,\n         2.34306277],\n       [ 8.68368885, -0.67042022,  1.01094347,  3.78419034,  1.01347598,\n         2.29271238],\n       [ 8.74821164, -0.73702957,  0.95022316,  3.84509293,  1.00554797,\n         2.26316546],\n       [ 8.57279922, -0.61478326,  1.06328114,  3.71782592,  1.02523617,\n         2.34827818],\n       [ 8.61785685, -0.66312845,  0.97402733,  3.79252685,  1.02370229,\n         2.30503493],\n       [ 8.70940938, -0.54730989,  1.01284755,  3.72817704,  0.98754064,\n         2.33792683],\n       [ 8.76994738, -0.56786472,  0.95391062,  3.78888267,  0.965071  ,\n         2.35400578]]), array([0.19292942, 0.19360285, 0.19367578, 0.19415006, 0.194363  ,\n       0.19509839, 0.19523838]))"}, "2": {"maxiter": 100, "fatol": 1e-10, "xatol": 1e-05, "duration": 0.02610611915588379, "fun": "0.1929294154112302", "nit": "100", "nfev": "156", "status": "2", "success": "False", "message": "Maximum number of iterations has been exceeded.", "x": "[ 8.69527689 -0.65953972  0.96893757  3.80998573  1.00105291  2.34306277]", "final_simplex": "(array([[ 8.69527689, -0.65953972,  0.96893757,  3.80998573,  1.00105291,\n         2.34306277],\n       [ 8.68368885, -0.67042022,  1.01094347,  3.78419034,  1.01347598,\n         2.29271238],\n       [ 8.74821164, -0.73702957,  0.95022316,  3.84509293,  1.00554797,\n         2.26316546],\n       [ 8.57279922, -0.61478326,  1.06328114,  3.71782592,  1.02523617,\n         2.34827818],\n       [ 8.61785685, -0.66312845,  0.97402733,  3.79252685,  1.02370229,\n         2.30503493],\n       [ 8.70940938, -0.54730989,  1.01284755,  3.72817704,  0.98754064,\n         2.33792683],\n       [ 8.76994738, -0.56786472,  0.95391062,  3.78888267,  0.965071  ,\n         2.35400578]]), array([0.19292942, 0.19360285, 0.19367578, 0.19415006, 0.194363  ,\n       0.19509839, 0.19523838]))"}, "3": {"maxiter": 100, "fatol": 1e-10, "xatol": 1e-10, "duration": 0.0260009765625, "fun": "0.1929294154112302", "nit": "100", "nfev": "156", "status": "2", "success": "False", "message": "Maximum number of iterations has been exceeded.", "x": "[ 8.69527689 -0.65953972  0.96893757  3.80998573  1.00105291  2.34306277]", "final_simplex": "(array([[ 8.69527689, -0.65953972,  0.96893757,  3.80998573,  1.00105291,\n         2.34306277],\n       [ 8.68368885, -0.67042022,  1.01094347,  3.78419034,  1.01347598,\n         2.29271238],\n       [ 8.74821164, -0.73702957,  0.95022316,  3.84509293,  1.00554797,\n         2.26316546],\n       [ 8.57279922, -0.61478326,  1.06328114,  3.71782592,  1.02523617,\n         2.34827818],\n       [ 8.61785685, -0.66312845,  0.97402733,  3.79252685,  1.02370229,\n         2.30503493],\n       [ 8.70940938, -0.54730989,  1.01284755,  3.72817704,  0.98754064,\n         2.33792683],\n       [ 8.76994738, -0.56786472,  0.95391062,  3.78888267,  0.965071  ,\n         2.35400578]]), array([0.19292942, 0.19360285, 0.19367578, 0.19415006, 0.194363  ,\n       0.19509839, 0.19523838]))"}, "4": {"maxiter": 500, "fatol": 1e-05, "xatol": 1e-05, "duration": 0.09025406837463379, "fun": "0.18975598151565687", "nit": "334", "nfev": "543", "status": "0", "success": "True", "message": "Optimization terminated successfully.", "x": "[ 8.82490852 -0.99528594  0.58682068  3.81970161  1.01145349  2.31865739]", "final_simplex": "(array([[ 8.82490852, -0.99528594,  0.58682068,  3.81970161,  1.01145349,\n         2.31865739],\n       [ 8.82490509, -0.99527836,  0.58682731,  3.81969766,  1.01145383,\n         2.31865767],\n       [ 8.82490651, -0.9952811 ,  0.58682808,  3.81969981,  1.01145339,\n         2.31865704],\n       [ 8.82490728, -0.99528327,  0.58682088,  3.81970091,  1.01145343,\n         2.31865871],\n       [ 8.82490621, -0.99528602,  0.58682081,  3.81970067,  1.01145403,\n         2.31865834],\n       [ 8.8249031 , -0.99528155,  0.58682916,  3.81970206,  1.01145409,\n         2.31865624],\n       [ 8.82490791, -0.99528233,  0.58682556,  3.81970286,  1.01145263,\n         2.31866038]]), array([0.18975598, 0.18975598, 0.18975598, 0.18975598, 0.18975598,\n       0.18975598, 0.18975598]))"}, "5": {"maxiter": 500, "fatol": 1e-05, "xatol": 1e-10, "duration": 0.12322306632995605, "fun": "0.18975598151482065", "nit": "418", "nfev": "747", "status": "0", "success": "True", "message": "Optimization terminated successfully.", "x": "[ 8.82490624 -0.99527899  0.58682818  3.81970053  1.01145317  2.3186579 ]", "final_simplex": "(array([[ 8.82490624, -0.99527899,  0.58682818,  3.81970053,  1.01145317,\n         2.3186579 ],\n       [ 8.82490624, -0.99527899,  0.58682818,  3.81970053,  1.01145317,\n         2.3186579 ],\n       [ 8.82490624, -0.99527899,  0.58682818,  3.81970053,  1.01145317,\n         2.3186579 ],\n       [ 8.82490624, -0.99527899,  0.58682818,  3.81970053,  1.01145317,\n         2.3186579 ],\n       [ 8.82490624, -0.99527899,  0.58682818,  3.81970053,  1.01145317,\n         2.3186579 ],\n       [ 8.82490624, -0.99527899,  0.58682818,  3.81970053,  1.01145317,\n         2.3186579 ],\n       [ 8.82490624, -0.99527899,  0.58682818,  3.81970053,  1.01145317,\n         2.3186579 ]]), array([0.18975598, 0.18975598, 0.18975598, 0.18975598, 0.18975598,\n       0.18975598, 0.18975598]))"}, "6": {"maxiter": 500, "fatol": 1e-10, "xatol": 1e-05, "duration": 0.08873891830444336, "fun": "0.18975598151565687", "nit": "334", "nfev": "543", "status": "0", "success": "True", "message": "Optimization terminated successfully.", "x": "[ 8.82490852 -0.99528594  0.58682068  3.81970161  1.01145349  2.31865739]", "final_simplex": "(array([[ 8.82490852, -0.99528594,  0.58682068,  3.81970161,  1.01145349,\n         2.31865739],\n       [ 8.82490509, -0.99527836,  0.58682731,  3.81969766,  1.01145383,\n         2.31865767],\n       [ 8.82490651, -0.9952811 ,  0.58682808,  3.81969981,  1.01145339,\n         2.31865704],\n       [ 8.82490728, -0.99528327,  0.58682088,  3.81970091,  1.01145343,\n         2.31865871],\n       [ 8.82490621, -0.99528602,  0.58682081,  3.81970067,  1.01145403,\n         2.31865834],\n       [ 8.8249031 , -0.99528155,  0.58682916,  3.81970206,  1.01145409,\n         2.31865624],\n       [ 8.82490791, -0.99528233,  0.58682556,  3.81970286,  1.01145263,\n         2.31866038]]), array([0.18975598, 0.18975598, 0.18975598, 0.18975598, 0.18975598,\n       0.18975598, 0.18975598]))"}, "7": {"maxiter": 500, "fatol": 1e-10, "xatol": 1e-10, "duration": 0.12161993980407715, "fun": "0.18975598151482065", "nit": "418", "nfev": "747", "status": "0", "success": "True", "message": "Optimization terminated successfully.", "x": "[ 8.82490624 -0.99527899  0.58682818  3.81970053  1.01145317  2.3186579 ]", "final_simplex": "(array([[ 8.82490624, -0.99527899,  0.58682818,  3.81970053,  1.01145317,\n         2.3186579 ],\n       [ 8.82490624, -0.99527899,  0.58682818,  3.81970053,  1.01145317,\n         2.3186579 ],\n       [ 8.82490624, -0.99527899,  0.58682818,  3.81970053,  1.01145317,\n         2.3186579 ],\n       [ 8.82490624, -0.99527899,  0.58682818,  3.81970053,  1.01145317,\n         2.3186579 ],\n       [ 8.82490624, -0.99527899,  0.58682818,  3.81970053,  1.01145317,\n         2.3186579 ],\n       [ 8.82490624, -0.99527899,  0.58682818,  3.81970053,  1.01145317,\n         2.3186579 ],\n       [ 8.82490624, -0.99527899,  0.58682818,  3.81970053,  1.01145317,\n         2.3186579 ]]), array([0.18975598, 0.18975598, 0.18975598, 0.18975598, 0.18975598,\n       0.18975598, 0.18975598]))"}, "8": {"maxiter": 1000, "fatol": 1e-05, "xatol": 1e-05, "duration": 0.08762168884277344, "fun": "0.18975598151565687", "nit": "334", "nfev": "543", "status": "0", "success": "True", "message": "Optimization terminated successfully.", "x": "[ 8.82490852 -0.99528594  0.58682068  3.81970161  1.01145349  2.31865739]", "final_simplex": "(array([[ 8.82490852, -0.99528594,  0.58682068,  3.81970161,  1.01145349,\n         2.31865739],\n       [ 8.82490509, -0.99527836,  0.58682731,  3.81969766,  1.01145383,\n         2.31865767],\n       [ 8.82490651, -0.9952811 ,  0.58682808,  3.81969981,  1.01145339,\n         2.31865704],\n       [ 8.82490728, -0.99528327,  0.58682088,  3.81970091,  1.01145343,\n         2.31865871],\n       [ 8.82490621, -0.99528602,  0.58682081,  3.81970067,  1.01145403,\n         2.31865834],\n       [ 8.8249031 , -0.99528155,  0.58682916,  3.81970206,  1.01145409,\n         2.31865624],\n       [ 8.82490791, -0.99528233,  0.58682556,  3.81970286,  1.01145263,\n         2.31866038]]), array([0.18975598, 0.18975598, 0.18975598, 0.18975598, 0.18975598,\n       0.18975598, 0.18975598]))"}, "9": {"maxiter": 1000, "fatol": 1e-05, "xatol": 1e-10, "duration": 0.12176299095153809, "fun": "0.18975598151482065", "nit": "418", "nfev": "747", "status": "0", "success": "True", "message": "Optimization terminated successfully.", "x": "[ 8.82490624 -0.99527899  0.58682818  3.81970053  1.01145317  2.3186579 ]", "final_simplex": "(array([[ 8.82490624, -0.99527899,  0.58682818,  3.81970053,  1.01145317,\n         2.3186579 ],\n       [ 8.82490624, -0.99527899,  0.58682818,  3.81970053,  1.01145317,\n         2.3186579 ],\n       [ 8.82490624, -0.99527899,  0.58682818,  3.81970053,  1.01145317,\n         2.3186579 ],\n       [ 8.82490624, -0.99527899,  0.58682818,  3.81970053,  1.01145317,\n         2.3186579 ],\n       [ 8.82490624, -0.99527899,  0.58682818,  3.81970053,  1.01145317,\n         2.3186579 ],\n       [ 8.82490624, -0.99527899,  0.58682818,  3.81970053,  1.01145317,\n         2.3186579 ],\n       [ 8.82490624, -0.99527899,  0.58682818,  3.81970053,  1.01145317,\n         2.3186579 ]]), array([0.18975598, 0.18975598, 0.18975598, 0.18975598, 0.18975598,\n       0.18975598, 0.18975598]))"}, "10": {"maxiter": 1000, "fatol": 1e-10, "xatol": 1e-05, "duration": 0.08877062797546387, "fun": "0.18975598151565687", "nit": "334", "nfev": "543", "status": "0", "success": "True", "message": "Optimization terminated successfully.", "x": "[ 8.82490852 -0.99528594  0.58682068  3.81970161  1.01145349  2.31865739]", "final_simplex": "(array([[ 8.82490852, -0.99528594,  0.58682068,  3.81970161,  1.01145349,\n         2.31865739],\n       [ 8.82490509, -0.99527836,  0.58682731,  3.81969766,  1.01145383,\n         2.31865767],\n       [ 8.82490651, -0.9952811 ,  0.58682808,  3.81969981,  1.01145339,\n         2.31865704],\n       [ 8.82490728, -0.99528327,  0.58682088,  3.81970091,  1.01145343,\n         2.31865871],\n       [ 8.82490621, -0.99528602,  0.58682081,  3.81970067,  1.01145403,\n         2.31865834],\n       [ 8.8249031 , -0.99528155,  0.58682916,  3.81970206,  1.01145409,\n         2.31865624],\n       [ 8.82490791, -0.99528233,  0.58682556,  3.81970286,  1.01145263,\n         2.31866038]]), array([0.18975598, 0.18975598, 0.18975598, 0.18975598, 0.18975598,\n       0.18975598, 0.18975598]))"}, "11": {"maxiter": 1000, "fatol": 1e-10, "xatol": 1e-10, "duration": 0.12156534194946289, "fun": "0.18975598151482065", "nit": "418", "nfev": "747", "status": "0", "success": "True", "message": "Optimization terminated successfully.", "x": "[ 8.82490624 -0.99527899  0.58682818  3.81970053  1.01145317  2.3186579 ]", "final_simplex": "(array([[ 8.82490624, -0.99527899,  0.58682818,  3.81970053,  1.01145317,\n         2.3186579 ],\n       [ 8.82490624, -0.99527899,  0.58682818,  3.81970053,  1.01145317,\n         2.3186579 ],\n       [ 8.82490624, -0.99527899,  0.58682818,  3.81970053,  1.01145317,\n         2.3186579 ],\n       [ 8.82490624, -0.99527899,  0.58682818,  3.81970053,  1.01145317,\n         2.3186579 ],\n       [ 8.82490624, -0.99527899,  0.58682818,  3.81970053,  1.01145317,\n         2.3186579 ],\n       [ 8.82490624, -0.99527899,  0.58682818,  3.81970053,  1.01145317,\n         2.3186579 ],\n       [ 8.82490624, -0.99527899,  0.58682818,  3.81970053,  1.01145317,\n         2.3186579 ]]), array([0.18975598, 0.18975598, 0.18975598, 0.18975598, 0.18975598,\n       0.18975598, 0.18975598]))"}}, "bfgs": {"type": "gradient", "0": {"maxiter": 100, "gtol": 1e-05, "xrtol": 1e-05, "eps": 1e-05, "duration": 0.030920982360839844, "fun": "0.1897559816406078", "jac": "[ 6.83436641e-06  1.63604685e-06  4.96980235e-06  7.99591504e-06\n  9.59133883e-06 -4.58726390e-06]", "hess_inv": "[[ 8.29482243 -2.56898683 -4.4048434  -1.53917406  0.09318326  0.58194395]\n [-2.56898683  7.55092259  5.97431692  1.18807048 -2.72514298  0.20941534]\n [-4.4048434   5.97431692 10.11486653 -0.77641665 -5.6773713  -3.56976857]\n [-1.53917406  1.18807048 -0.77641665  3.75859028  0.54550935  0.74642895]\n [ 0.09318326 -2.72514298 -5.6773713   0.54550935  6.40851445  5.23686942]\n [ 0.58194395  0.20941534 -3.56976857  0.74642895  5.23686942  8.24076489]]", "nfev": "182", "njev": "26", "status": "0", "success": "True", "message": "Optimization terminated successfully.", "x": "[ 8.51226697 -0.64713257  1.18688478  2.62756371 -1.28701558  0.0653608 ]", "nit": "23"}, "1": {"maxiter": 100, "gtol": 1e-05, "xrtol": 1e-05, "eps": 1e-10, "duration": 0.03090691566467285, "fun": "0.18975598170126284", "jac": "[ 2.22044587e-06  4.44089173e-06  2.22044587e-06  6.66133760e-06\n  6.66133760e-06 -6.66133852e-06]", "hess_inv": "[[ 8.25527036 -2.51572403 -4.35514679 -1.51518041  0.08521686  0.61094141]\n [-2.51572403  7.4834121   5.91759267  1.15362157 -2.70142839  0.18829291]\n [-4.35514679  5.91759267 10.1350933  -0.84461059 -5.71059552 -3.67072355]\n [-1.51518041  1.15362157 -0.84461059  3.76209767  0.58273451  0.77676581]\n [ 0.08521686 -2.70142839 -5.71059552  0.58273451  6.42987306  5.29173378]\n [ 0.61094141  0.18829291 -3.67072355  0.77676581  5.29173378  8.30870708]]", "nfev": "182", "njev": "26", "status": "0", "success": "True", "message": "Optimization terminated successfully.", "x": "[ 8.51204125 -0.64699209  1.18718021  2.62752952 -1.2864003   0.06602351]", "nit": "23"}, "2": {"maxiter": 100, "gtol": 1e-05, "xrtol": 1e-10, "eps": 1e-05, "duration": 0.030982017517089844, "fun": "0.1897559816406078", "jac": "[ 6.83436641e-06  1.63604685e-06  4.96980235e-06  7.99591504e-06\n  9.59133883e-06 -4.58726390e-06]", "hess_inv": "[[ 8.29482243 -2.56898683 -4.4048434  -1.53917406  0.09318326  0.58194395]\n [-2.56898683  7.55092259  5.97431692  1.18807048 -2.72514298  0.20941534]\n [-4.4048434   5.97431692 10.11486653 -0.77641665 -5.6773713  -3.56976857]\n [-1.53917406  1.18807048 -0.77641665  3.75859028  0.54550935  0.74642895]\n [ 0.09318326 -2.72514298 -5.6773713   0.54550935  6.40851445  5.23686942]\n [ 0.58194395  0.20941534 -3.56976857  0.74642895  5.23686942  8.24076489]]", "nfev": "182", "njev": "26", "status": "0", "success": "True", "message": "Optimization terminated successfully.", "x": "[ 8.51226697 -0.64713257  1.18688478  2.62756371 -1.28701558  0.0653608 ]", "nit": "23"}, "3": {"maxiter": 100, "gtol": 1e-05, "xrtol": 1e-10, "eps": 1e-10, "duration": 0.031041860580444336, "fun": "0.18975598170126284", "jac": "[ 2.22044587e-06  4.44089173e-06  2.22044587e-06  6.66133760e-06\n  6.66133760e-06 -6.66133852e-06]", "hess_inv": "[[ 8.25527036 -2.51572403 -4.35514679 -1.51518041  0.08521686  0.61094141]\n [-2.51572403  7.4834121   5.91759267  1.15362157 -2.70142839  0.18829291]\n [-4.35514679  5.91759267 10.1350933  -0.84461059 -5.71059552 -3.67072355]\n [-1.51518041  1.15362157 -0.84461059  3.76209767  0.58273451  0.77676581]\n [ 0.08521686 -2.70142839 -5.71059552  0.58273451  6.42987306  5.29173378]\n [ 0.61094141  0.18829291 -3.67072355  0.77676581  5.29173378  8.30870708]]", "nfev": "182", "njev": "26", "status": "0", "success": "True", "message": "Optimization terminated successfully.", "x": "[ 8.51204125 -0.64699209  1.18718021  2.62752952 -1.2864003   0.06602351]", "nit": "23"}, "4": {"maxiter": 100, "gtol": 1e-10, "xrtol": 1e-05, "eps": 1e-05, "duration": 0.0323641300201416, "fun": "0.18975598156543594", "jac": "[ 1.73583370e-06 -8.66340333e-07  3.74897891e-06  1.23976385e-06\n  4.36053416e-06 -8.63853433e-07]", "hess_inv": "[[ 8.28007818 -2.45694484 -4.45263179 -1.40218347  0.14439904  0.70349018]\n [-2.45694484  7.55620039  5.89822601  1.2657446  -2.6798913   0.1989617 ]\n [-4.45263179  5.89822601 10.1851797  -0.90596693 -5.73411762 -3.64401879]\n [-1.40218347  1.2657446  -0.90596693  3.94656128  0.6369548   0.80956514]\n [ 0.14439904 -2.6798913  -5.73411762  0.6369548   6.45092404  5.27775495]\n [ 0.70349018  0.1989617  -3.64401879  0.80956514  5.27775495  8.21217847]]", "nfev": "189", "njev": "27", "status": "0", "success": "True", "message": "Optimization terminated successfully.", "x": "[ 8.51224958 -0.64714096  1.18690047  2.62754178 -1.28702644  0.06535436]", "nit": "24"}, "5": {"maxiter": 100, "gtol": 1e-10, "xrtol": 1e-05, "eps": 1e-10, "duration": 0.03229808807373047, "fun": "0.18975598163411767", "jac": "[ 2.22044587e-06 -5.55111466e-06  2.22044587e-06  1.11022293e-06\n -1.11022293e-06  0.00000000e+00]", "hess_inv": "[[ 8.2487179  -2.60141597 -4.28060882 -1.64029463  0.02084545  0.48675   ]\n [-2.60141597  7.76205772  5.93958102  1.44953646 -2.69614648  0.22325871]\n [-4.28060882  5.93958102  9.93595824 -0.7369794  -5.55514786 -3.38768915]\n [-1.64029463  1.44953646 -0.7369794   4.04099027  0.52329669  0.69630218]\n [ 0.02084545 -2.69614648 -5.55514786  0.52329669  6.31032095  5.07608124]\n [ 0.48675     0.22325871 -3.38768915  0.69630218  5.07608124  7.92202537]]", "nfev": "189", "njev": "27", "status": "0", "success": "True", "message": "Optimization terminated successfully.", "x": "[ 8.51205802 -0.64702419  1.18716062  2.6275026  -1.28638774  0.06604327]", "nit": "24"}, "6": {"maxiter": 100, "gtol": 1e-10, "xrtol": 1e-10, "eps": 1e-05, "duration": 0.07197880744934082, "fun": "0.18975598156543594", "jac": "[ 1.73583370e-06 -8.66340333e-07  3.74897891e-06  1.23976385e-06\n  4.36053416e-06 -8.63853433e-07]", "hess_inv": "[[ 8.00138888 -2.46759092 -4.15988957 -1.59684211  0.39469942  0.92152523]\n [-2.46759092  7.6107911   5.92774386  1.32803868 -2.48180514  0.35004706]\n [-4.15988957  5.92774386  9.88378841 -0.67824611 -5.93418943 -3.82545643]\n [-1.59684211  1.32803868 -0.67824611  3.89900581  1.05081101  1.14285601]\n [ 0.39469942 -2.48180514 -5.93418943  1.05081101  6.8723604   5.57128182]\n [ 0.92152523  0.35004706 -3.82545643  1.14285601  5.57128182  8.41214815]]", "nfev": "425", "njev": "59", "status": "2", "success": "False", "message": "Desired error not necessarily achieved due to precision loss.", "x": "[ 8.51224958 -0.64714096  1.18690047  2.62754178 -1.28702644  0.06535436]", "nit": "24"}, "7": {"maxiter": 100, "gtol": 1e-10, "xrtol": 1e-10, "eps": 1e-10, "duration": 0.04091286659240723, "fun": "0.18975598161086416", "jac": "[ 2.22044587e-06  2.22044587e-06 -3.33066880e-06 -2.22044587e-06\n -3.33066880e-06  0.00000000e+00]", "hess_inv": "[[ 14.22433715 -13.5043018  -14.64123822  -3.47835129   5.01563962\n    0.51994152]\n [-13.5043018   17.66980303  15.28276702   6.36738655  -4.57700232\n    2.21056522]\n [-14.64123822  15.28276702  15.79305232   4.40867848  -4.99382074\n   -0.15353902]\n [ -3.47835129   6.36738655   4.40867848   3.2476398   -1.20141317\n    2.24049385]\n [  5.01563962  -4.57700232  -4.99382074  -1.20141317   1.91245872\n    0.04835091]\n [  0.51994152   2.21056522  -0.15353902   2.24049385   0.04835091\n    2.79476714]]", "nfev": "238", "njev": "34", "status": "0", "success": "True", "message": "Optimization terminated successfully.", "x": "[ 8.51204521 -0.64700728  1.18716799  2.62750424 -1.2863823   0.06605683]", "nit": "28"}, "8": {"maxiter": 500, "gtol": 1e-05, "xrtol": 1e-05, "eps": 1e-05, "duration": 0.031044721603393555, "fun": "0.1897559816406078", "jac": "[ 6.83436641e-06  1.63604685e-06  4.96980235e-06  7.99591504e-06\n  9.59133883e-06 -4.58726390e-06]", "hess_inv": "[[ 8.29482243 -2.56898683 -4.4048434  -1.53917406  0.09318326  0.58194395]\n [-2.56898683  7.55092259  5.97431692  1.18807048 -2.72514298  0.20941534]\n [-4.4048434   5.97431692 10.11486653 -0.77641665 -5.6773713  -3.56976857]\n [-1.53917406  1.18807048 -0.77641665  3.75859028  0.54550935  0.74642895]\n [ 0.09318326 -2.72514298 -5.6773713   0.54550935  6.40851445  5.23686942]\n [ 0.58194395  0.20941534 -3.56976857  0.74642895  5.23686942  8.24076489]]", "nfev": "182", "njev": "26", "status": "0", "success": "True", "message": "Optimization terminated successfully.", "x": "[ 8.51226697 -0.64713257  1.18688478  2.62756371 -1.28701558  0.0653608 ]", "nit": "23"}, "9": {"maxiter": 500, "gtol": 1e-05, "xrtol": 1e-05, "eps": 1e-10, "duration": 0.0313420295715332, "fun": "0.18975598170126284", "jac": "[ 2.22044587e-06  4.44089173e-06  2.22044587e-06  6.66133760e-06\n  6.66133760e-06 -6.66133852e-06]", "hess_inv": "[[ 8.25527036 -2.51572403 -4.35514679 -1.51518041  0.08521686  0.61094141]\n [-2.51572403  7.4834121   5.91759267  1.15362157 -2.70142839  0.18829291]\n [-4.35514679  5.91759267 10.1350933  -0.84461059 -5.71059552 -3.67072355]\n [-1.51518041  1.15362157 -0.84461059  3.76209767  0.58273451  0.77676581]\n [ 0.08521686 -2.70142839 -5.71059552  0.58273451  6.42987306  5.29173378]\n [ 0.61094141  0.18829291 -3.67072355  0.77676581  5.29173378  8.30870708]]", "nfev": "182", "njev": "26", "status": "0", "success": "True", "message": "Optimization terminated successfully.", "x": "[ 8.51204125 -0.64699209  1.18718021  2.62752952 -1.2864003   0.06602351]", "nit": "23"}, "10": {"maxiter": 500, "gtol": 1e-05, "xrtol": 1e-10, "eps": 1e-05, "duration": 0.030968666076660156, "fun": "0.1897559816406078", "jac": "[ 6.83436641e-06  1.63604685e-06  4.96980235e-06  7.99591504e-06\n  9.59133883e-06 -4.58726390e-06]", "hess_inv": "[[ 8.29482243 -2.56898683 -4.4048434  -1.53917406  0.09318326  0.58194395]\n [-2.56898683  7.55092259  5.97431692  1.18807048 -2.72514298  0.20941534]\n [-4.4048434   5.97431692 10.11486653 -0.77641665 -5.6773713  -3.56976857]\n [-1.53917406  1.18807048 -0.77641665  3.75859028  0.54550935  0.74642895]\n [ 0.09318326 -2.72514298 -5.6773713   0.54550935  6.40851445  5.23686942]\n [ 0.58194395  0.20941534 -3.56976857  0.74642895  5.23686942  8.24076489]]", "nfev": "182", "njev": "26", "status": "0", "success": "True", "message": "Optimization terminated successfully.", "x": "[ 8.51226697 -0.64713257  1.18688478  2.62756371 -1.28701558  0.0653608 ]", "nit": "23"}, "11": {"maxiter": 500, "gtol": 1e-05, "xrtol": 1e-10, "eps": 1e-10, "duration": 0.030932188034057617, "fun": "0.18975598170126284", "jac": "[ 2.22044587e-06  4.44089173e-06  2.22044587e-06  6.66133760e-06\n  6.66133760e-06 -6.66133852e-06]", "hess_inv": "[[ 8.25527036 -2.51572403 -4.35514679 -1.51518041  0.08521686  0.61094141]\n [-2.51572403  7.4834121   5.91759267  1.15362157 -2.70142839  0.18829291]\n [-4.35514679  5.91759267 10.1350933  -0.84461059 -5.71059552 -3.67072355]\n [-1.51518041  1.15362157 -0.84461059  3.76209767  0.58273451  0.77676581]\n [ 0.08521686 -2.70142839 -5.71059552  0.58273451  6.42987306  5.29173378]\n [ 0.61094141  0.18829291 -3.67072355  0.77676581  5.29173378  8.30870708]]", "nfev": "182", "njev": "26", "status": "0", "success": "True", "message": "Optimization terminated successfully.", "x": "[ 8.51204125 -0.64699209  1.18718021  2.62752952 -1.2864003   0.06602351]", "nit": "23"}, "12": {"maxiter": 500, "gtol": 1e-10, "xrtol": 1e-05, "eps": 1e-05, "duration": 0.03212285041809082, "fun": "0.18975598156543594", "jac": "[ 1.73583370e-06 -8.66340333e-07  3.74897891e-06  1.23976385e-06\n  4.36053416e-06 -8.63853433e-07]", "hess_inv": "[[ 8.28007818 -2.45694484 -4.45263179 -1.40218347  0.14439904  0.70349018]\n [-2.45694484  7.55620039  5.89822601  1.2657446  -2.6798913   0.1989617 ]\n [-4.45263179  5.89822601 10.1851797  -0.90596693 -5.73411762 -3.64401879]\n [-1.40218347  1.2657446  -0.90596693  3.94656128  0.6369548   0.80956514]\n [ 0.14439904 -2.6798913  -5.73411762  0.6369548   6.45092404  5.27775495]\n [ 0.70349018  0.1989617  -3.64401879  0.80956514  5.27775495  8.21217847]]", "nfev": "189", "njev": "27", "status": "0", "success": "True", "message": "Optimization terminated successfully.", "x": "[ 8.51224958 -0.64714096  1.18690047  2.62754178 -1.28702644  0.06535436]", "nit": "24"}, "13": {"maxiter": 500, "gtol": 1e-10, "xrtol": 1e-05, "eps": 1e-10, "duration": 0.03203105926513672, "fun": "0.18975598163411767", "jac": "[ 2.22044587e-06 -5.55111466e-06  2.22044587e-06  1.11022293e-06\n -1.11022293e-06  0.00000000e+00]", "hess_inv": "[[ 8.2487179  -2.60141597 -4.28060882 -1.64029463  0.02084545  0.48675   ]\n [-2.60141597  7.76205772  5.93958102  1.44953646 -2.69614648  0.22325871]\n [-4.28060882  5.93958102  9.93595824 -0.7369794  -5.55514786 -3.38768915]\n [-1.64029463  1.44953646 -0.7369794   4.04099027  0.52329669  0.69630218]\n [ 0.02084545 -2.69614648 -5.55514786  0.52329669  6.31032095  5.07608124]\n [ 0.48675     0.22325871 -3.38768915  0.69630218  5.07608124  7.92202537]]", "nfev": "189", "njev": "27", "status": "0", "success": "True", "message": "Optimization terminated successfully.", "x": "[ 8.51205802 -0.64702419  1.18716062  2.6275026  -1.28638774  0.06604327]", "nit": "24"}, "14": {"maxiter": 500, "gtol": 1e-10, "xrtol": 1e-10, "eps": 1e-05, "duration": 0.0711510181427002, "fun": "0.18975598156543594", "jac": "[ 1.73583370e-06 -8.66340333e-07  3.74897891e-06  1.23976385e-06\n  4.36053416e-06 -8.63853433e-07]", "hess_inv": "[[ 8.00138888 -2.46759092 -4.15988957 -1.59684211  0.39469942  0.92152523]\n [-2.46759092  7.6107911   5.92774386  1.32803868 -2.48180514  0.35004706]\n [-4.15988957  5.92774386  9.88378841 -0.67824611 -5.93418943 -3.82545643]\n [-1.59684211  1.32803868 -0.67824611  3.89900581  1.05081101  1.14285601]\n [ 0.39469942 -2.48180514 -5.93418943  1.05081101  6.8723604   5.57128182]\n [ 0.92152523  0.35004706 -3.82545643  1.14285601  5.57128182  8.41214815]]", "nfev": "425", "njev": "59", "status": "2", "success": "False", "message": "Desired error not necessarily achieved due to precision loss.", "x": "[ 8.51224958 -0.64714096  1.18690047  2.62754178 -1.28702644  0.06535436]", "nit": "24"}, "15": {"maxiter": 500, "gtol": 1e-10, "xrtol": 1e-10, "eps": 1e-10, "duration": 0.04019522666931152, "fun": "0.18975598161086416", "jac": "[ 2.22044587e-06  2.22044587e-06 -3.33066880e-06 -2.22044587e-06\n -3.33066880e-06  0.00000000e+00]", "hess_inv": "[[ 14.22433715 -13.5043018  -14.64123822  -3.47835129   5.01563962\n    0.51994152]\n [-13.5043018   17.66980303  15.28276702   6.36738655  -4.57700232\n    2.21056522]\n [-14.64123822  15.28276702  15.79305232   4.40867848  -4.99382074\n   -0.15353902]\n [ -3.47835129   6.36738655   4.40867848   3.2476398   -1.20141317\n    2.24049385]\n [  5.01563962  -4.57700232  -4.99382074  -1.20141317   1.91245872\n    0.04835091]\n [  0.51994152   2.21056522  -0.15353902   2.24049385   0.04835091\n    2.79476714]]", "nfev": "238", "njev": "34", "status": "0", "success": "True", "message": "Optimization terminated successfully.", "x": "[ 8.51204521 -0.64700728  1.18716799  2.62750424 -1.2863823   0.06605683]", "nit": "28"}, "16": {"maxiter": 1000, "gtol": 1e-05, "xrtol": 1e-05, "eps": 1e-05, "duration": 0.030781030654907227, "fun": "0.1897559816406078", "jac": "[ 6.83436641e-06  1.63604685e-06  4.96980235e-06  7.99591504e-06\n  9.59133883e-06 -4.58726390e-06]", "hess_inv": "[[ 8.29482243 -2.56898683 -4.4048434  -1.53917406  0.09318326  0.58194395]\n [-2.56898683  7.55092259  5.97431692  1.18807048 -2.72514298  0.20941534]\n [-4.4048434   5.97431692 10.11486653 -0.77641665 -5.6773713  -3.56976857]\n [-1.53917406  1.18807048 -0.77641665  3.75859028  0.54550935  0.74642895]\n [ 0.09318326 -2.72514298 -5.6773713   0.54550935  6.40851445  5.23686942]\n [ 0.58194395  0.20941534 -3.56976857  0.74642895  5.23686942  8.24076489]]", "nfev": "182", "njev": "26", "status": "0", "success": "True", "message": "Optimization terminated successfully.", "x": "[ 8.51226697 -0.64713257  1.18688478  2.62756371 -1.28701558  0.0653608 ]", "nit": "23"}, "17": {"maxiter": 1000, "gtol": 1e-05, "xrtol": 1e-05, "eps": 1e-10, "duration": 0.030762910842895508, "fun": "0.18975598170126284", "jac": "[ 2.22044587e-06  4.44089173e-06  2.22044587e-06  6.66133760e-06\n  6.66133760e-06 -6.66133852e-06]", "hess_inv": "[[ 8.25527036 -2.51572403 -4.35514679 -1.51518041  0.08521686  0.61094141]\n [-2.51572403  7.4834121   5.91759267  1.15362157 -2.70142839  0.18829291]\n [-4.35514679  5.91759267 10.1350933  -0.84461059 -5.71059552 -3.67072355]\n [-1.51518041  1.15362157 -0.84461059  3.76209767  0.58273451  0.77676581]\n [ 0.08521686 -2.70142839 -5.71059552  0.58273451  6.42987306  5.29173378]\n [ 0.61094141  0.18829291 -3.67072355  0.77676581  5.29173378  8.30870708]]", "nfev": "182", "njev": "26", "status": "0", "success": "True", "message": "Optimization terminated successfully.", "x": "[ 8.51204125 -0.64699209  1.18718021  2.62752952 -1.2864003   0.06602351]", "nit": "23"}, "18": {"maxiter": 1000, "gtol": 1e-05, "xrtol": 1e-10, "eps": 1e-05, "duration": 0.0307309627532959, "fun": "0.1897559816406078", "jac": "[ 6.83436641e-06  1.63604685e-06  4.96980235e-06  7.99591504e-06\n  9.59133883e-06 -4.58726390e-06]", "hess_inv": "[[ 8.29482243 -2.56898683 -4.4048434  -1.53917406  0.09318326  0.58194395]\n [-2.56898683  7.55092259  5.97431692  1.18807048 -2.72514298  0.20941534]\n [-4.4048434   5.97431692 10.11486653 -0.77641665 -5.6773713  -3.56976857]\n [-1.53917406  1.18807048 -0.77641665  3.75859028  0.54550935  0.74642895]\n [ 0.09318326 -2.72514298 -5.6773713   0.54550935  6.40851445  5.23686942]\n [ 0.58194395  0.20941534 -3.56976857  0.74642895  5.23686942  8.24076489]]", "nfev": "182", "njev": "26", "status": "0", "success": "True", "message": "Optimization terminated successfully.", "x": "[ 8.51226697 -0.64713257  1.18688478  2.62756371 -1.28701558  0.0653608 ]", "nit": "23"}, "19": {"maxiter": 1000, "gtol": 1e-05, "xrtol": 1e-10, "eps": 1e-10, "duration": 0.03080606460571289, "fun": "0.18975598170126284", "jac": "[ 2.22044587e-06  4.44089173e-06  2.22044587e-06  6.66133760e-06\n  6.66133760e-06 -6.66133852e-06]", "hess_inv": "[[ 8.25527036 -2.51572403 -4.35514679 -1.51518041  0.08521686  0.61094141]\n [-2.51572403  7.4834121   5.91759267  1.15362157 -2.70142839  0.18829291]\n [-4.35514679  5.91759267 10.1350933  -0.84461059 -5.71059552 -3.67072355]\n [-1.51518041  1.15362157 -0.84461059  3.76209767  0.58273451  0.77676581]\n [ 0.08521686 -2.70142839 -5.71059552  0.58273451  6.42987306  5.29173378]\n [ 0.61094141  0.18829291 -3.67072355  0.77676581  5.29173378  8.30870708]]", "nfev": "182", "njev": "26", "status": "0", "success": "True", "message": "Optimization terminated successfully.", "x": "[ 8.51204125 -0.64699209  1.18718021  2.62752952 -1.2864003   0.06602351]", "nit": "23"}, "20": {"maxiter": 1000, "gtol": 1e-10, "xrtol": 1e-05, "eps": 1e-05, "duration": 0.03188824653625488, "fun": "0.18975598156543594", "jac": "[ 1.73583370e-06 -8.66340333e-07  3.74897891e-06  1.23976385e-06\n  4.36053416e-06 -8.63853433e-07]", "hess_inv": "[[ 8.28007818 -2.45694484 -4.45263179 -1.40218347  0.14439904  0.70349018]\n [-2.45694484  7.55620039  5.89822601  1.2657446  -2.6798913   0.1989617 ]\n [-4.45263179  5.89822601 10.1851797  -0.90596693 -5.73411762 -3.64401879]\n [-1.40218347  1.2657446  -0.90596693  3.94656128  0.6369548   0.80956514]\n [ 0.14439904 -2.6798913  -5.73411762  0.6369548   6.45092404  5.27775495]\n [ 0.70349018  0.1989617  -3.64401879  0.80956514  5.27775495  8.21217847]]", "nfev": "189", "njev": "27", "status": "0", "success": "True", "message": "Optimization terminated successfully.", "x": "[ 8.51224958 -0.64714096  1.18690047  2.62754178 -1.28702644  0.06535436]", "nit": "24"}, "21": {"maxiter": 1000, "gtol": 1e-10, "xrtol": 1e-05, "eps": 1e-10, "duration": 0.031931161880493164, "fun": "0.18975598163411767", "jac": "[ 2.22044587e-06 -5.55111466e-06  2.22044587e-06  1.11022293e-06\n -1.11022293e-06  0.00000000e+00]", "hess_inv": "[[ 8.2487179  -2.60141597 -4.28060882 -1.64029463  0.02084545  0.48675   ]\n [-2.60141597  7.76205772  5.93958102  1.44953646 -2.69614648  0.22325871]\n [-4.28060882  5.93958102  9.93595824 -0.7369794  -5.55514786 -3.38768915]\n [-1.64029463  1.44953646 -0.7369794   4.04099027  0.52329669  0.69630218]\n [ 0.02084545 -2.69614648 -5.55514786  0.52329669  6.31032095  5.07608124]\n [ 0.48675     0.22325871 -3.38768915  0.69630218  5.07608124  7.92202537]]", "nfev": "189", "njev": "27", "status": "0", "success": "True", "message": "Optimization terminated successfully.", "x": "[ 8.51205802 -0.64702419  1.18716062  2.6275026  -1.28638774  0.06604327]", "nit": "24"}, "22": {"maxiter": 1000, "gtol": 1e-10, "xrtol": 1e-10, "eps": 1e-05, "duration": 0.07089495658874512, "fun": "0.18975598156543594", "jac": "[ 1.73583370e-06 -8.66340333e-07  3.74897891e-06  1.23976385e-06\n  4.36053416e-06 -8.63853433e-07]", "hess_inv": "[[ 8.00138888 -2.46759092 -4.15988957 -1.59684211  0.39469942  0.92152523]\n [-2.46759092  7.6107911   5.92774386  1.32803868 -2.48180514  0.35004706]\n [-4.15988957  5.92774386  9.88378841 -0.67824611 -5.93418943 -3.82545643]\n [-1.59684211  1.32803868 -0.67824611  3.89900581  1.05081101  1.14285601]\n [ 0.39469942 -2.48180514 -5.93418943  1.05081101  6.8723604   5.57128182]\n [ 0.92152523  0.35004706 -3.82545643  1.14285601  5.57128182  8.41214815]]", "nfev": "425", "njev": "59", "status": "2", "success": "False", "message": "Desired error not necessarily achieved due to precision loss.", "x": "[ 8.51224958 -0.64714096  1.18690047  2.62754178 -1.28702644  0.06535436]", "nit": "24"}, "23": {"maxiter": 1000, "gtol": 1e-10, "xrtol": 1e-10, "eps": 1e-10, "duration": 0.04018521308898926, "fun": "0.18975598161086416", "jac": "[ 2.22044587e-06  2.22044587e-06 -3.33066880e-06 -2.22044587e-06\n -3.33066880e-06  0.00000000e+00]", "hess_inv": "[[ 14.22433715 -13.5043018  -14.64123822  -3.47835129   5.01563962\n    0.51994152]\n [-13.5043018   17.66980303  15.28276702   6.36738655  -4.57700232\n    2.21056522]\n [-14.64123822  15.28276702  15.79305232   4.40867848  -4.99382074\n   -0.15353902]\n [ -3.47835129   6.36738655   4.40867848   3.2476398   -1.20141317\n    2.24049385]\n [  5.01563962  -4.57700232  -4.99382074  -1.20141317   1.91245872\n    0.04835091]\n [  0.51994152   2.21056522  -0.15353902   2.24049385   0.04835091\n    2.79476714]]", "nfev": "238", "njev": "34", "status": "0", "success": "True", "message": "Optimization terminated successfully.", "x": "[ 8.51204521 -0.64700728  1.18716799  2.62750424 -1.2863823   0.06605683]", "nit": "28"}}, "cobyla": {"0": {"maxiter": 100, "tol": 1e-05, "catol": 1e-05, "duration": 0.01612401008605957, "x": "[ 7.23601063  5.12986168  2.71535227  1.08575579 -0.12887051  7.76557908]", "status": "2", "success": "False", "message": "Maximum number of function evaluations has been exceeded.", "nfev": "100", "fun": "0.18976096690085076", "maxcv": "0.0"}, "1": {"maxiter": 100, "tol": 1e-05, "catol": 1e-10, "duration": 0.01604771614074707, "x": "[ 7.23601063  5.12986168  2.71535227  1.08575579 -0.12887051  7.76557908]", "status": "2", "success": "False", "message": "Maximum number of function evaluations has been exceeded.", "nfev": "100", "fun": "0.18976096690085076", "maxcv": "0.0"}, "2": {"maxiter": 100, "tol": 1e-10, "catol": 1e-05, "duration": 0.01606297492980957, "x": "[ 7.23601063  5.12986168  2.71535227  1.08575579 -0.12887051  7.76557908]", "status": "2", "success": "False", "message": "Maximum number of function evaluations has been exceeded.", "nfev": "100", "fun": "0.18976096690085076", "maxcv": "0.0"}, "3": {"maxiter": 100, "tol": 1e-10, "catol": 1e-10, "duration": 0.01606583595275879, "x": "[ 7.23601063  5.12986168  2.71535227  1.08575579 -0.12887051  7.76557908]", "status": "2", "success": "False", "message": "Maximum number of function evaluations has been exceeded.", "nfev": "100", "fun": "0.18976096690085076", "maxcv": "0.0"}, "4": {"maxiter": 500, "tol": 1e-05, "catol": 1e-05, "duration": 0.027768850326538086, "x": "[ 7.23354982  5.13287601  2.71887168  1.08786391 -0.13373317  7.76971203]", "status": "1", "success": "True", "message": "Optimization terminated successfully.", "nfev": "173", "fun": "0.18975598153257145", "maxcv": "0.0"}, "5": {"maxiter": 500, "tol": 1e-05, "catol": 1e-10, "duration": 0.027779817581176758, "x": "[ 7.23354982  5.13287601  2.71887168  1.08786391 -0.13373317  7.76971203]", "status": "1", "success": "True", "message": "Optimization terminated successfully.", "nfev": "173", "fun": "0.18975598153257145", "maxcv": "0.0"}, "6": {"maxiter": 500, "tol": 1e-10, "catol": 1e-05, "duration": 0.045220136642456055, "x": "[ 7.23354354  5.1328878   2.71886246  1.08786053 -0.13373528  7.76972245]", "status": "1", "success": "True", "message": "Optimization terminated successfully.", "nfev": "282", "fun": "0.18975598151482131", "maxcv": "0.0"}, "7": {"maxiter": 500, "tol": 1e-10, "catol": 1e-10, "duration": 0.04523110389709473, "x": "[ 7.23354354  5.1328878   2.71886246  1.08786053 -0.13373528  7.76972245]", "status": "1", "success": "True", "message": "Optimization terminated successfully.", "nfev": "282", "fun": "0.18975598151482131", "maxcv": "0.0"}, "8": {"maxiter": 1000, "tol": 1e-05, "catol": 1e-05, "duration": 0.027693986892700195, "x": "[ 7.23354982  5.13287601  2.71887168  1.08786391 -0.13373317  7.76971203]", "status": "1", "success": "True", "message": "Optimization terminated successfully.", "nfev": "173", "fun": "0.18975598153257145", "maxcv": "0.0"}, "9": {"maxiter": 1000, "tol": 1e-05, "catol": 1e-10, "duration": 0.027802228927612305, "x": "[ 7.23354982  5.13287601  2.71887168  1.0