{"date": "2024/07/19/, 18:21:38", "conf_id": 274, "data_type": "var_s_rank\n", "num_data_points": 2, "s_rank": 0, "unitary": "[[-0.24866696+0.58742286j,-0.44704345-0.43151574j,-0.35669027-0.20570733j,-0.10517633+0.1626036j],[0.10596805-0.19687975j,-0.30269685-0.15056416j,0.18246286+0.30440582j,-0.83484447-0.11310748j],[0.26054512-0.52548482j,0.0285017-0.50723956j,-0.43110112+0.17165838j,0.15243271+0.39915801j],[0.42978035+0.11991271j,-0.17224126-0.46030424j,0.6827807-0.15164662j,0.26483638+0.0061855j]]", "databatch_0": {"databatch": "[[[0.13988334+0.21243991j,-0.20528222-0.0448004j,0.13391007+0.03765517j,0.12553873-0.03683409j],[-0.27794761-0.03311782j,0.16174809+0.00200805j,0.19738778-0.06915244j,-0.19965854+0.51255144j],[-0.22703494+0.00224051j,0.05014522+0.04339008j,0.0158406+0.07397107j,0.01897994-0.11449927j],[-0.13311852-0.07396773j,0.13038969+0.10249944j,-0.02291199-0.09374204j,0.30362667+0.42013298j]],[[-0.02794431-0.09636634j,-0.00308902+0.33931028j,0.03606038-0.16750505j,0.1238905-0.34898546j],[0.05199219-0.0204315j,0.13022577-0.06027402j,0.02808356-0.04080143j,-0.2974062-0.00295657j],[0.22652038+0.09777985j,-0.22231383-0.17286928j,0.26789947+0.18767282j,0.0550796+0.04413438j],[0.11117669-0.14610967j,0.1029209+0.21440527j,0.15759591-0.22768218j,-0.29993557-0.29087561j]]]", "initial param values": "[3.96473467,2.19791935,3.14776948,0.36002747,1.7493267,2.75828386]", "nelder_mead": {"type": "gradient-free", "0": {"maxiter": 100, "fatol": 1e-05, "xatol": 1e-05, "duration": 0.02679276466369629, "fun": "0.6582939823274382", "nit": "100", "nfev": "158", "status": "2", "success": "False", "message": "Maximum number of iterations has been exceeded.", "x": "[4.48309313 3.51621394 1.19386231 0.46260665 2.49426949 2.06768348]", "final_simplex": "(array([[4.48309313, 3.51621394, 1.19386231, 0.46260665, 2.49426949,\n        2.06768348],\n       [4.49349782, 3.54150841, 1.16342881, 0.46638863, 2.53695759,\n        2.04794181],\n       [4.48186226, 3.48339105, 1.1055805 , 0.45761794, 2.45275491,\n        2.08563032],\n       [4.55293558, 3.48831611, 1.18401505, 0.45692542, 2.47625087,\n        2.03748254],\n       [4.5203389 , 3.56992061, 1.15426502, 0.46496916, 2.53521238,\n        2.02177755],\n       [4.49627227, 3.55708637, 1.25057007, 0.45193314, 2.51569363,\n        1.9013639 ],\n       [4.55553681, 3.5615099 , 1.13855156, 0.46492112, 2.58317601,\n        2.03513757]]), array([0.65829398, 0.65833986, 0.65856196, 0.65857248, 0.65860264,\n       0.65873652, 0.65879406]))"}, "1": {"maxiter": 100, "fatol": 1e-05, "xatol": 1e-10, "duration": 0.026755094528198242, "fun": "0.6582939823274382", "nit": "100", "nfev": "158", "status": "2", "success": "False", "message": "Maximum number of iterations has been exceeded.", "x": "[4.48309313 3.51621394 1.19386231 0.46260665 2.49426949 2.06768348]", "final_simplex": "(array([[4.48309313, 3.51621394, 1.19386231, 0.46260665, 2.49426949,\n        2.06768348],\n       [4.49349782, 3.54150841, 1.16342881, 0.46638863, 2.53695759,\n        2.04794181],\n       [4.48186226, 3.48339105, 1.1055805 , 0.45761794, 2.45275491,\n        2.08563032],\n       [4.55293558, 3.48831611, 1.18401505, 0.45692542, 2.47625087,\n        2.03748254],\n       [4.5203389 , 3.56992061, 1.15426502, 0.46496916, 2.53521238,\n        2.02177755],\n       [4.49627227, 3.55708637, 1.25057007, 0.45193314, 2.51569363,\n        1.9013639 ],\n       [4.55553681, 3.5615099 , 1.13855156, 0.46492112, 2.58317601,\n        2.03513757]]), array([0.65829398, 0.65833986, 0.65856196, 0.65857248, 0.65860264,\n       0.65873652, 0.65879406]))"}, "2": {"maxiter": 100, "fatol": 1e-10, "xatol": 1e-05, "duration": 0.026681900024414062, "fun": "0.6582939823274382", "nit": "100", "nfev": "158", "status": "2", "success": "False", "message": "Maximum number of iterations has been exceeded.", "x": "[4.48309313 3.51621394 1.19386231 0.46260665 2.49426949 2.06768348]", "final_simplex": "(array([[4.48309313, 3.51621394, 1.19386231, 0.46260665, 2.49426949,\n        2.06768348],\n       [4.49349782, 3.54150841, 1.16342881, 0.46638863, 2.53695759,\n        2.04794181],\n       [4.48186226, 3.48339105, 1.1055805 , 0.45761794, 2.45275491,\n        2.08563032],\n       [4.55293558, 3.48831611, 1.18401505, 0.45692542, 2.47625087,\n        2.03748254],\n       [4.5203389 , 3.56992061, 1.15426502, 0.46496916, 2.53521238,\n        2.02177755],\n       [4.49627227, 3.55708637, 1.25057007, 0.45193314, 2.51569363,\n        1.9013639 ],\n       [4.55553681, 3.5615099 , 1.13855156, 0.46492112, 2.58317601,\n        2.03513757]]), array([0.65829398, 0.65833986, 0.65856196, 0.65857248, 0.65860264,\n       0.65873652, 0.65879406]))"}, "3": {"maxiter": 100, "fatol": 1e-10, "xatol": 1e-10, "duration": 0.026668787002563477, "fun": "0.6582939823274382", "nit": "100", "nfev": "158", "status": "2", "success": "False", "message": "Maximum number of iterations has been exceeded.", "x": "[4.48309313 3.51621394 1.19386231 0.46260665 2.49426949 2.06768348]", "final_simplex": "(array([[4.48309313, 3.51621394, 1.19386231, 0.46260665, 2.49426949,\n        2.06768348],\n       [4.49349782, 3.54150841, 1.16342881, 0.46638863, 2.53695759,\n        2.04794181],\n       [4.48186226, 3.48339105, 1.1055805 , 0.45761794, 2.45275491,\n        2.08563032],\n       [4.55293558, 3.48831611, 1.18401505, 0.45692542, 2.47625087,\n        2.03748254],\n       [4.5203389 , 3.56992061, 1.15426502, 0.46496916, 2.53521238,\n        2.02177755],\n       [4.49627227, 3.55708637, 1.25057007, 0.45193314, 2.51569363,\n        1.9013639 ],\n       [4.55553681, 3.5615099 , 1.13855156, 0.46492112, 2.58317601,\n        2.03513757]]), array([0.65829398, 0.65833986, 0.65856196, 0.65857248, 0.65860264,\n       0.65873652, 0.65879406]))"}, "4": {"maxiter": 500, "fatol": 1e-05, "xatol": 1e-05, "duration": 0.13019680976867676, "fun": "0.35208188963299103", "nit": "500", "nfev": "766", "status": "2", "success": "False", "message": "Maximum number of iterations has been exceeded.", "x": "[ 5.01489735  1.72366165  4.34854558  2.49325275  6.04785825 -0.59589046]", "final_simplex": "(array([[ 5.01489735,  1.72366165,  4.34854558,  2.49325275,  6.04785825,\n        -0.59589046],\n       [ 4.9746484 ,  1.69587949,  4.3812974 ,  2.47791332,  6.11053   ,\n        -0.51615806],\n       [ 4.94960524,  1.60262338,  4.39988871,  2.51043372,  6.10670595,\n        -0.49472292],\n       [ 4.96739719,  1.6785651 ,  4.36253335,  2.50487687,  6.07525441,\n        -0.5018376 ],\n       [ 4.93959382,  1.66711725,  4.36210769,  2.48078115,  6.07551814,\n        -0.5008686 ],\n       [ 4.98021089,  1.72867224,  4.3604404 ,  2.49032532,  6.08323238,\n        -0.5577873 ],\n       [ 4.97809421,  1.658233  ,  4.35590589,  2.48027239,  6.09556383,\n        -0.47800485]]), array([0.35208189, 0.35257119, 0.35264516, 0.35278677, 0.35291721,\n       0.35306918, 0.3530911 ]))"}, "5": {"maxiter": 500, "fatol": 1e-05, "xatol": 1e-10, "duration": 0.1297459602355957, "fun": "0.35208188963299103", "nit": "500", "nfev": "766", "status": "2", "success": "False", "message": "Maximum number of iterations has been exceeded.", "x": "[ 5.01489735  1.72366165  4.34854558  2.49325275  6.04785825 -0.59589046]", "final_simplex": "(array([[ 5.01489735,  1.72366165,  4.34854558,  2.49325275,  6.04785825,\n        -0.59589046],\n       [ 4.9746484 ,  1.69587949,  4.3812974 ,  2.47791332,  6.11053   ,\n        -0.51615806],\n       [ 4.94960524,  1.60262338,  4.39988871,  2.51043372,  6.10670595,\n        -0.49472292],\n       [ 4.96739719,  1.6785651 ,  4.36253335,  2.50487687,  6.07525441,\n        -0.5018376 ],\n       [ 4.93959382,  1.66711725,  4.36210769,  2.48078115,  6.07551814,\n        -0.5008686 ],\n       [ 4.98021089,  1.72867224,  4.3604404 ,  2.49032532,  6.08323238,\n        -0.5577873 ],\n       [ 4.97809421,  1.658233  ,  4.35590589,  2.48027239,  6.09556383,\n        -0.47800485]]), array([0.35208189, 0.35257119, 0.35264516, 0.35278677, 0.35291721,\n       0.35306918, 0.3530911 ]))"}, "6": {"maxiter": 500, "fatol": 1e-10, "xatol": 1e-05, "duration": 0.12969279289245605, "fun": "0.35208188963299103", "nit": "500", "nfev": "766", "status": "2", "success": "False", "message": "Maximum number of iterations has been exceeded.", "x": "[ 5.01489735  1.72366165  4.34854558  2.49325275  6.04785825 -0.59589046]", "final_simplex": "(array([[ 5.01489735,  1.72366165,  4.34854558,  2.49325275,  6.04785825,\n        -0.59589046],\n       [ 4.9746484 ,  1.69587949,  4.3812974 ,  2.47791332,  6.11053   ,\n        -0.51615806],\n       [ 4.94960524,  1.60262338,  4.39988871,  2.51043372,  6.10670595,\n        -0.49472292],\n       [ 4.96739719,  1.6785651 ,  4.36253335,  2.50487687,  6.07525441,\n        -0.5018376 ],\n       [ 4.93959382,  1.66711725,  4.36210769,  2.48078115,  6.07551814,\n        -0.5008686 ],\n       [ 4.98021089,  1.72867224,  4.3604404 ,  2.49032532,  6.08323238,\n        -0.5577873 ],\n       [ 4.97809421,  1.658233  ,  4.35590589,  2.48027239,  6.09556383,\n        -0.47800485]]), array([0.35208189, 0.35257119, 0.35264516, 0.35278677, 0.35291721,\n       0.35306918, 0.3530911 ]))"}, "7": {"maxiter": 500, "fatol": 1e-10, "xatol": 1e-10, "duration": 0.1297900676727295, "fun": "0.35208188963299103", "nit": "500", "nfev": "766", "status": "2", "success": "False", "message": "Maximum number of iterations has been exceeded.", "x": "[ 5.01489735  1.72366165  4.34854558  2.49325275  6.04785825 -0.59589046]", "final_simplex": "(array([[ 5.01489735,  1.72366165,  4.34854558,  2.49325275,  6.04785825,\n        -0.59589046],\n       [ 4.9746484 ,  1.69587949,  4.3812974 ,  2.47791332,  6.11053   ,\n        -0.51615806],\n       [ 4.94960524,  1.60262338,  4.39988871,  2.51043372,  6.10670595,\n        -0.49472292],\n       [ 4.96739719,  1.6785651 ,  4.36253335,  2.50487687,  6.07525441,\n        -0.5018376 ],\n       [ 4.93959382,  1.66711725,  4.36210769,  2.48078115,  6.07551814,\n        -0.5008686 ],\n       [ 4.98021089,  1.72867224,  4.3604404 ,  2.49032532,  6.08323238,\n        -0.5577873 ],\n       [ 4.97809421,  1.658233  ,  4.35590589,  2.48027239,  6.09556383,\n        -0.47800485]]), array([0.35208189, 0.35257119, 0.35264516, 0.35278677, 0.35291721,\n       0.35306918, 0.3530911 ]))"}, "8": {"maxiter": 1000, "fatol": 1e-05, "xatol": 1e-05, "duration": 0.20008611679077148, "fun": "0.3395778939093752", "nit": "762", "nfev": "1177", "status": "0", "success": "True", "message": "Optimization terminated successfully.", "x": "[ 5.17783911  1.71757467  4.60122592  2.39562228  5.75292052 -0.98847547]", "final_simplex": "(array([[ 5.17783911,  1.71757467,  4.60122592,  2.39562228,  5.75292052,\n        -0.98847547],\n       [ 5.17784088,  1.7175781 ,  4.60122604,  2.39561998,  5.75292143,\n        -0.98848092],\n       [ 5.17784002,  1.71757977,  4.60122509,  2.39562073,  5.75291786,\n        -0.98848324],\n       [ 5.17783687,  1.71757602,  4.60122817,  2.39562121,  5.75292009,\n        -0.98847632],\n       [ 5.17784343,  1.7175759 ,  4.60122957,  2.39562184,  5.75291477,\n        -0.98848428],\n       [ 5.17784011,  1.71758124,  4.60122184,  2.39562075,  5.752919  ,\n        -0.98847921],\n       [ 5.17783766,  1.71757465,  4.60122633,  2.39561923,  5.75291196,\n        -0.98848149]]), array([0.33957789, 0.33957789, 0.33957789, 0.33957789, 0.33957789,\n       0.33957789, 0.33957789]))"}, "9": {"maxiter": 1000, "fatol": 1e-05, "xatol": 1e-10, "duration": 0.25015687942504883, "fun": "0.3395778939075985", "nit": "919", "nfev": "1474", "status": "0", "success": "True", "message": "Optimization terminated successfully.", "x": "[ 5.17783987  1.71757499  4.60122726  2.39562191  5.752918   -0.98848146]", "final_simplex": "(array([[ 5.17783987,  1.71757499,  4.60122726,  2.39562191,  5.752918  ,\n        -0.98848146],\n       [ 5.17783987,  1.71757499,  4.60122726,  2.39562191,  5.752918  ,\n        -0.98848146],\n       [ 5.17783987,  1.71757499,  4.60122726,  2.39562191,  5.752918  ,\n        -0.98848146],\n       [ 5.17783987,  1.71757499,  4.60122726,  2.39562191,  5.752918  ,\n        -0.98848146],\n       [ 5.17783987,  1.71757499,  4.60122726,  2.39562191,  5.752918  ,\n        -0.98848146],\n       [ 5.17783987,  1.71757499,  4.60122726,  2.39562191,  5.752918  ,\n        -0.98848146],\n       [ 5.17783987,  1.71757499,  4.60122726,  2.39562191,  5.752918  ,\n        -0.98848146]]), array([0.33957789, 0.33957789, 0.33957789, 0.33957789, 0.33957789,\n       0.33957789, 0.33957789]))"}, "10": {"maxiter": 1000, "fatol": 1e-10, "xatol": 1e-05, "duration": 0.19962000846862793, "fun": "0.3395778939093752", "nit": "762", "nfev": "1177", "status": "0", "success": "True", "message": "Optimization terminated successfully.", "x": "[ 5.17783911  1.71757467  4.60122592  2.39562228  5.75292052 -0.98847547]", "final_simplex": "(array([[ 5.17783911,  1.71757467,  4.60122592,  2.39562228,  5.75292052,\n        -0.98847547],\n       [ 5.17784088,  1.7175781 ,  4.60122604,  2.39561998,  5.75292143,\n        -0.98848092],\n       [ 5.17784002,  1.71757977,  4.60122509,  2.39562073,  5.75291786,\n        -0.98848324],\n       [ 5.17783687,  1.71757602,  4.60122817,  2.39562121,  5.75292009,\n        -0.98847632],\n       [ 5.17784343,  1.7175759 ,  4.60122957,  2.39562184,  5.75291477,\n        -0.98848428],\n       [ 5.17784011,  1.71758124,  4.60122184,  2.39562075,  5.752919  ,\n        -0.98847921],\n       [ 5.17783766,  1.71757465,  4.60122633,  2.39561923,  5.75291196,\n        -0.98848149]]), array([0.33957789, 0.33957789, 0.33957789, 0.33957789, 0.33957789,\n       0.33957789, 0.33957789]))"}, "11": {"maxiter": 1000, "fatol": 1e-10, "xatol": 1e-10, "duration": 0.24954700469970703, "fun": "0.3395778939075985", "nit": "919", "nfev": "1474", "status": "0", "success": "True", "message": "Optimization terminated successfully.", "x": "[ 5.17783987  1.71757499  4.60122726  2.39562191  5.752918   -0.98848146]", "final_simplex": "(array([[ 5.17783987,  1.71757499,  4.60122726,  2.39562191,  5.752918  ,\n        -0.98848146],\n       [ 5.17783987,  1.71757499,  4.60122726,  2.39562191,  5.752918  ,\n        -0.98848146],\n       [ 5.17783987,  1.71757499,  4.60122726,  2.39562191,  5.752918  ,\n        -0.98848146],\n       [ 5.17783987,  1.71757499,  4.60122726,  2.39562191,  5.752918  ,\n        -0.98848146],\n       [ 5.17783987,  1.71757499,  4.60122726,  2.39562191,  5.752918  ,\n        -0.98848146],\n       [ 5.17783987,  1.71757499,  4.60122726,  2.39562191,  5.752918  ,\n        -0.98848146],\n       [ 5.17783987,  1.71757499,  4.60122726,  2.39562191,  5.752918  ,\n        -0.98848146]]), array([0.33957789, 0.33957789, 0.33957789, 0.33957789, 0.33957789,\n       0.33957789, 0.33957789]))"}}, "bfgs": {"type": "gradient", "0": {"maxiter": 100, "gtol": 1e-05, "xrtol": 1e-05, "eps": 1e-05, "duration": 0.04767918586730957, "fun": "0.33957789396062854", "jac": "[ 5.37236922e-07 -5.89328586e-07 -2.92832425e-07 -3.09741122e-07\n -4.80515627e-07 -3.52429197e-07]", "hess_inv": "[[ 5.79227027  2.49887147  0.26838124  1.5841185  -1.05812419 -5.25174325]\n [ 2.49887147  6.42830223 -2.44934689  1.43003628 -1.04014517 -4.0634598 ]\n [ 0.26838124 -2.44934689  5.6071169  -0.62910327 -0.27094935 -1.62498966]\n [ 1.5841185   1.43003628 -0.62910327  3.56954377 -0.30119231 -0.90233313]\n [-1.05812419 -1.04014517 -0.27094935 -0.30119231  7.51134076  6.55249592]\n [-5.25174325 -4.0634598  -1.62498966 -0.90233313  6.55249592 13.78864983]]", "nfev": "273", "njev": "39", "status": "0", "success": "True", "message": "Optimization terminated successfully.", "x": "[ 5.17783667  1.71757001  4.60122687 -2.39563014  2.6113022   2.15309133]", "nit": "26"}, "1": {"maxiter": 100, "gtol": 1e-05, "xrtol": 1e-05, "eps": 1e-10, "duration": 0.04920697212219238, "fun": "0.3395778940373614", "jac": "[-2.22044587e-06 -2.22044587e-06 -1.11022293e-06  0.00000000e+00\n -2.22044587e-06 -3.33066880e-06]", "hess_inv": "[[ 5.83672853  2.50351424  0.3362836   1.58263146 -1.23082712 -5.42225848]\n [ 2.50351424  6.41670066 -2.40382503  1.40499836 -1.12397547 -4.17358285]\n [ 0.3362836  -2.40382503  5.63785675 -0.5724463  -0.37783518 -1.67743829]\n [ 1.58263146  1.40499836 -0.5724463   3.51297375 -0.44148209 -1.10441557]\n [-1.23082712 -1.12397547 -0.37783518 -0.44148209  7.74630892  6.62977033]\n [-5.42225848 -4.17358285 -1.67743829 -1.10441557  6.62977033 13.633139  ]]", "nfev": "273", "njev": "39", "status": "0", "success": "True", "message": "Optimization terminated successfully.", "x": "[ 5.17784767  1.71757619  4.60123591 -2.39562712  2.61128523  2.15305912]", "nit": "26"}, "2": {"maxiter": 100, "gtol": 1e-05, "xrtol": 1e-10, "eps": 1e-05, "duration": 0.0494537353515625, "fun": "0.33957789396062854", "jac": "[ 5.37236922e-07 -5.89328586e-07 -2.92832425e-07 -3.09741122e-07\n -4.80515627e-07 -3.52429197e-07]", "hess_inv": "[[ 5.79227027  2.49887147  0.26838124  1.5841185  -1.05812419 -5.25174325]\n [ 2.49887147  6.42830223 -2.44934689  1.43003628 -1.04014517 -4.0634598 ]\n [ 0.26838124 -2.44934689  5.6071169  -0.62910327 -0.27094935 -1.62498966]\n [ 1.5841185   1.43003628 -0.62910327  3.56954377 -0.30119231 -0.90233313]\n [-1.05812419 -1.04014517 -0.27094935 -0.30119231  7.51134076  6.55249592]\n [-5.25174325 -4.0634598  -1.62498966 -0.90233313  6.55249592 13.78864983]]", "nfev": "273", "njev": "39", "status": "0", "success": "True", "message": "Optimization terminated successfully.", "x": "[ 5.17783667  1.71757001  4.60122687 -2.39563014  2.6113022   2.15309133]", "nit": "26"}, "3": {"maxiter": 100, "gtol": 1e-05, "xrtol": 1e-10, "eps": 1e-10, "duration": 0.04800820350646973, "fun": "0.3395778940373614", "jac": "[-2.22044587e-06 -2.22044587e-06 -1.11022293e-06  0.00000000e+00\n -2.22044587e-06 -3.33066880e-06]", "hess_inv": "[[ 5.83672853  2.50351424  0.3362836   1.58263146 -1.23082712 -5.42225848]\n [ 2.50351424  6.41670066 -2.40382503  1.40499836 -1.12397547 -4.17358285]\n [ 0.3362836  -2.40382503  5.63785675 -0.5724463  -0.37783518 -1.67743829]\n [ 1.58263146  1.40499836 -0.5724463   3.51297375 -0.44148209 -1.10441557]\n [-1.23082712 -1.12397547 -0.37783518 -0.44148209  7.74630892  6.62977033]\n [-5.42225848 -4.17358285 -1.67743829 -1.10441557  6.62977033 13.633139  ]]", "nfev": "273", "njev": "39", "status": "0", "success": "True", "message": "Optimization terminated successfully.", "x": "[ 5.17784767  1.71757619  4.60123591 -2.39562712  2.61128523  2.15305912]", "nit": "26"}, "4": {"maxiter": 100, "gtol": 1e-10, "xrtol": 1e-05, "eps": 1e-05, "duration": 0.0480799674987793, "fun": "0.3395778939423788", "jac": "[ 6.89337476e-08  1.30007116e-08  4.53970195e-08 -7.33857419e-09\n -1.01918474e-08  2.44249065e-10]", "hess_inv": "[[ 5.75865612  2.42160543  0.27471097  1.49438556 -1.1413356  -5.39938583]\n [ 2.42160543  6.41125486 -2.46423549  1.41363866 -0.95090194 -3.95328207]\n [ 0.27471097 -2.46423549  5.61132248 -0.64701761 -0.30671248 -1.67961297]\n [ 1.49438556  1.41363866 -0.64701761  3.55452139 -0.19160882 -0.76485745]\n [-1.1413356  -0.95090194 -0.30671248 -0.19160882  7.79544581  6.97243137]\n [-5.39938583 -3.95328207 -1.67961297 -0.76485745  6.97243137 14.39887912]]", "nfev": "280", "njev": "40", "status": "0", "success": "True", "message": "Optimization terminated successfully.", "x": "[ 5.1778331   1.71757035  4.60122597 -2.39562956  2.61130831  2.1530996 ]", "nit": "27"}, "5": {"maxiter": 100, "gtol": 1e-10, "xrtol": 1e-05, "eps": 1e-10, "duration": 0.04795074462890625, "fun": "0.3395778940373614", "jac": "[-2.22044587e-06 -2.22044587e-06 -1.11022293e-06  0.00000000e+00\n -2.22044587e-06 -3.33066880e-06]", "hess_inv": "[[ 5.83672853  2.50351424  0.3362836   1.58263146 -1.23082712 -5.42225848]\n [ 2.50351424  6.41670066 -2.40382503  1.40499836 -1.12397547 -4.17358285]\n [ 0.3362836  -2.40382503  5.63785675 -0.5724463  -0.37783518 -1.67743829]\n [ 1.58263146  1.40499836 -0.5724463   3.51297375 -0.44148209 -1.10441557]\n [-1.23082712 -1.12397547 -0.37783518 -0.44148209  7.74630892  6.62977033]\n [-5.42225848 -4.17358285 -1.67743829 -1.10441557  6.62977033 13.633139  ]]", "nfev": "273", "njev": "39", "status": "0", "success": "True", "message": "Optimization terminated successfully.", "x": "[ 5.17784767  1.71757619  4.60123591 -2.39562712  2.61128523  2.15305912]", "nit": "26"}, "6": {"maxiter": 100, "gtol": 1e-10, "xrtol": 1e-10, "eps": 1e-05, "duration": 0.07659387588500977, "fun": "0.3395778939423788", "jac": "[ 6.89337476e-08  1.30007116e-08  4.53970195e-08 -7.33857419e-09\n -1.01918474e-08  2.44249065e-10]", "hess_inv": "[[ 6.10809234  2.4729154   0.42808466  1.50363769 -1.46770181 -5.99116626]\n [ 2.4729154   6.39817004 -2.45768581  1.39897389 -1.06455409 -4.09273506]\n [ 0.42808466 -2.45768581  5.66626986 -0.65536811 -0.50087359 -1.98006647]\n [ 1.50363769  1.39897389 -0.65536811  3.54231441 -0.25132962 -0.82136982]\n [-1.46770181 -1.06455409 -0.50087359 -0.25132962  7.8907304   7.35759625]\n [-5.99116626 -4.09273506 -1.98006647 -0.82136982  7.35759625 15.2671054 ]]", "nfev": "446", "njev": "62", "status": "2", "success": "False", "message": "Desired error not necessarily achieved due to precision loss.", "x": "[ 5.1778331   1.71757035  4.60122597 -2.39562956  2.61130831  2.1530996 ]", "nit": "27"}, "7": {"maxiter": 100, "gtol": 1e-10, "xrtol": 1e-10, "eps": 1e-10, "duration": 0.11916899681091309, "fun": "0.3395778939126415", "jac": "[2.22044587e-06 3.33066880e-06 4.44089173e-06 3.33066880e-06\n 1.11022293e-06 2.22044587e-06]", "hess_inv": "[[ 0.39001799 -1.08264141  0.23320531  0.20800234  0.60040905 -0.23550191]\n [-1.08264141  3.9096396  -0.82546552 -0.62299047 -2.10190914  0.51216253]\n [ 0.23320531 -0.82546552  0.23039796  0.13148211  0.41328827 -0.1028117 ]\n [ 0.20800234 -0.62299047  0.13148211  0.22545375  0.34938492 -0.135985  ]\n [ 0.60040905 -2.10190914  0.41328827  0.34938492  1.1936448  -0.32472118]\n [-0.23550191  0.51216253 -0.1028117  -0.135985   -0.32472118  0.18995721]]", "nfev": "686", "njev": "98", "status": "0", "success": "True", "message": "Optimization terminated successfully.", "x": "[ 5.17784011  1.7175744   4.60123206 -2.3956197   2.61132609  2.15311336]", "nit": "55"}, "8": {"maxiter": 500, "gtol": 1e-05, "xrtol": 1e-05, "eps": 1e-05, "duration": 0.0478060245513916, "fun": "0.33957789396062854", "jac": "[ 5.37236922e-07 -5.89328586e-07 -2.92832425e-07 -3.09741122e-07\n -4.80515627e-07 -3.52429197e-07]", "hess_inv": "[[ 5.79227027  2.49887147  0.26838124  1.5841185  -1.05812419 -5.25174325]\n [ 2.49887147  6.42830223 -2.44934689  1.43003628 -1.04014517 -4.0634598 ]\n [ 0.26838124 -2.44934689  5.6071169  -0.62910327 -0.27094935 -1.62498966]\n [ 1.5841185   1.43003628 -0.62910327  3.56954377 -0.30119231 -0.90233313]\n [-1.05812419 -1.04014517 -0.27094935 -0.30119231  7.51134076  6.55249592]\n [-5.25174325 -4.0634598  -1.62498966 -0.90233313  6.55249592 13.78864983]]", "nfev": "273", "njev": "39", "status": "0", "success": "True", "message": "Optimization terminated successfully.", "x": "[ 5.17783667  1.71757001  4.60122687 -2.39563014  2.6113022   2.15309133]", "nit": "26"}, "9": {"maxiter": 500, "gtol": 1e-05, "xrtol": 1e-05, "eps": 1e-10, "duration": 0.047685861587524414, "fun": "0.3395778940373614", "jac": "[-2.22044587e-06 -2.22044587e-06 -1.11022293e-06  0.00000000e+00\n -2.22044587e-06 -3.33066880e-06]", "hess_inv": "[[ 5.83672853  2.50351424  0.3362836   1.58263146 -1.23082712 -5.42225848]\n [ 2.50351424  6.41670066 -2.40382503  1.40499836 -1.12397547 -4.17358285]\n [ 0.3362836  -2.40382503  5.63785675 -0.5724463  -0.37783518 -1.67743829]\n [ 1.58263146  1.40499836 -0.5724463   3.51297375 -0.44148209 -1.10441557]\n [-1.23082712 -1.12397547 -0.37783518 -0.44148209  7.74630892  6.62977033]\n [-5.42225848 -4.17358285 -1.67743829 -1.10441557  6.62977033 13.633139  ]]", "nfev": "273", "njev": "39", "status": "0", "success": "True", "message": "Optimization terminated successfully.", "x": "[ 5.17784767  1.71757619  4.60123591 -2.39562712  2.61128523  2.15305912]", "nit": "26"}, "10": {"maxiter": 500, "gtol": 1e-05, "xrtol": 1e-10, "eps": 1e-05, "duration": 0.04768109321594238, "fun": "0.33957789396062854", "jac": "[ 5.37236922e-07 -5.89328586e-07 -2.92832425e-07 -3.09741122e-07\n -4.80515627e-07 -3.52429197e-07]", "hess_inv": "[[ 5.79227027  2.49887147  0.26838124  1.5841185  -1.05812419 -5.25174325]\n [ 2.49887147  6.42830223 -2.44934689  1.43003628 -1.04014517 -4.0634598 ]\n [ 0.26838124 -2.44934689  5.6071169  -0.62910327 -0.27094935 -1.62498966]\n [ 1.5841185   1.43003628 -0.62910327  3.56954377 -0.30119231 -0.90233313]\n [-1.05812419 -1.04014517 -0.27094935 -0.30119231  7.51134076  6.55249592]\n [-5.25174325 -4.0634598  -1.62498966 -0.90233313  6.55249592 13.78864983]]", "nfev": "273", "njev": "39", "status": "0", "success": "True", "message": "Optimization terminated successfully.", "x": "[ 5.17783667  1.71757001  4.60122687 -2.39563014  2.6113022   2.15309133]", "nit": "26"}, "11": {"maxiter": 500, "gtol": 1e-05, "xrtol": 1e-10, "eps": 1e-10, "duration": 0.04770302772521973, "fun": "0.3395778940373614", "jac": "[-2.22044587e-06 -2.22044587e-06 -1.11022293e-06  0.00000000e+00\n -2.22044587e-06 -3.33066880e-06]", "hess_inv": "[[ 5.83672853  2.50351424  0.3362836   1.58263146 -1.23082712 -5.42225848]\n [ 2.50351424  6.41670066 -2.40382503  1.40499836 -1.12397547 -4.17358285]\n [ 0.3362836  -2.40382503  5.63785675 -0.5724463  -0.37783518 -1.67743829]\n [ 1.58263146  1.40499836 -0.5724463   3.51297375 -0.44148209 -1.10441557]\n [-1.23082712 -1.12397547 -0.37783518 -0.44148209  7.74630892  6.62977033]\n [-5.42225848 -4.17358285 -1.67743829 -1.10441557  6.62977033 13.633139  ]]", "nfev": "273", "njev": "39", "status": "0", "success": "True", "message": "Optimization terminated successfully.", "x": "[ 5.17784767  1.71757619  4.60123591 -2.39562712  2.61128523  2.15305912]", "nit": "26"}, "12": {"maxiter": 500, "gtol": 1e-10, "xrtol": 1e-05, "eps": 1e-05, "duration": 0.048828840255737305, "fun": "0.3395778939423788", "jac": "[ 6.89337476e-08  1.30007116e-08  4.53970195e-08 -7.33857419e-09\n -1.01918474e-08  2.44249065e-10]", "hess_inv": "[[ 5.75865612  2.42160543  0.27471097  1.49438556 -1.1413356  -5.39938583]\n [ 2.42160543  6.41125486 -2.46423549  1.41363866 -0.95090194 -3.95328207]\n [ 0.27471097 -2.46423549  5.61132248 -0.64701761 -0.30671248 -1.67961297]\n [ 1.49438556  1.41363866 -0.64701761  3.55452139 -0.19160882 -0.76485745]\n [-1.1413356  -0.95090194 -0.30671248 -0.19160882  7.79544581  6.97243137]\n [-5.39938583 -3.95328207 -1.67961297 -0.76485745  6.97243137 14.39887912]]", "nfev": "280", "njev": "40", "status": "0", "success": "True", "message": "Optimization terminated successfully.", "x": "[ 5.1778331   1.71757035  4.60122597 -2.39562956  2.61130831  2.1530996 ]", "nit": "27"}, "13": {"maxiter": 500, "gtol": 1e-10, "xrtol": 1e-05, "eps": 1e-10, "duration": 0.04756927490234375, "fun": "0.3395778940373614", "jac": "[-2.22044587e-06 -2.22044587e-06 -1.11022293e-06  0.00000000e+00\n -2.22044587e-06 -3.33066880e-06]", "hess_inv": "[[ 5.83672853  2.50351424  0.3362836   1.58263146 -1.23082712 -5.42225848]\n [ 2.50351424  6.41670066 -2.40382503  1.40499836 -1.12397547 -4.17358285]\n [ 0.3362836  -2.40382503  5.63785675 -0.5724463  -0.37783518 -1.67743829]\n [ 1.58263146  1.40499836 -0.5724463   3.51297375 -0.44148209 -1.10441557]\n [-1.23082712 -1.12397547 -0.37783518 -0.44148209  7.74630892  6.62977033]\n [-5.42225848 -4.17358285 -1.67743829 -1.10441557  6.62977033 13.633139  ]]", "nfev": "273", "njev": "39", "status": "0", "success": "True", "message": "Optimization terminated successfully.", "x": "[ 5.17784767  1.71757619  4.60123591 -2.39562712  2.61128523  2.15305912]", "nit": "26"}, "14": {"maxiter": 500, "gtol": 1e-10, "xrtol": 1e-10, "eps": 1e-05, "duration": 0.07729005813598633, "fun": "0.3395778939423788", "jac": "[ 6.89337476e-08  1.30007116e-08  4.53970195e-08 -7.33857419e-09\n -1.01918474e-08  2.44249065e-10]", "hess_inv": "[[ 6.10809234  2.4729154   0.42808466  1.50363769 -1.46770181 -5.99116626]\n [ 2.4729154   6.39817004 -2.45768581  1.39897389 -1.06455409 -4.09273506]\n [ 0.42808466 -2.45768581  5.66626986 -0.65536811 -0.50087359 -1.98006647]\n [ 1.50363769  1.39897389 -0.65536811  3.54231441 -0.25132962 -0.82136982]\n [-1.46770181 -1.06455409 -0.50087359 -0.25132962  7.8907304   7.35759625]\n [-5.99116626 -4.09273506 -1.98006647 -0.82136982  7.35759625 15.2671054 ]]", "nfev": "446", "njev": "62", "status": "2", "success": "False", "message": "Desired error not necessarily achieved due to precision loss.", "x": "[ 5.1778331   1.71757035  4.60122597 -2.39562956  2.61130831  2.1530996 ]", "nit": "27"}, "15": {"maxiter": 500, "gtol": 1e-10, "xrtol": 1e-10, "eps": 1e-10, "duration": 0.12318992614746094, "fun": "0.3395778939126415", "jac": "[2.22044587e-06 3.33066880e-06 4.44089173e-06 3.33066880e-06\n 1.11022293e-06 2.22044587e-06]", "hess_inv": "[[ 0.39001799 -1.08264141  0.23320531  0.20800234  0.60040905 -0.23550191]\n [-1.08264141  3.9096396  -0.82546552 -0.62299047 -2.10190914  0.51216253]\n [ 0.23320531 -0.82546552  0.23039796  0.13148211  0.41328827 -0.1028117 ]\n [ 0.20800234 -0.62299047  0.13148211  0.22545375  0.34938492 -0.135985  ]\n [ 0.60040905 -2.10190914  0.41328827  0.34938492  1.1936448  -0.32472118]\n [-0.23550191  0.51216253 -0.1028117  -0.135985   -0.32472118  0.18995721]]", "nfev": "686", "njev": "98", "status": "0", "success": "True", "message": "Optimization terminated successfully.", "x": "[ 5.17784011  1.7175744   4.60123206 -2.3956197   2.61132609  2.15311336]", "nit": "55"}, "16": {"maxiter": 1000, "gtol": 1e-05, "xrtol": 1e-05, "eps": 1e-05, "duration": 0.047302961349487305, "fun": "0.33957789396062854", "jac": "[ 5.37236922e-07 -5.89328586e-07 -2.92832425e-07 -3.09741122e-07\n -4.80515627e-07 -3.52429197e-07]", "hess_inv": "[[ 5.79227027  2.49887147  0.26838124  1.5841185  -1.05812419 -5.25174325]\n [ 2.49887147  6.42830223 -2.44934689  1.43003628 -1.04014517 -4.0634598 ]\n [ 0.26838124 -2.44934689  5.6071169  -0.62910327 -0.27094935 -1.62498966]\n [ 1.5841185   1.43003628 -0.62910327  3.56954377 -0.30119231 -0.90233313]\n [-1.05812419 -1.04014517 -0.27094935 -0.30119231  7.51134076  6.55249592]\n [-5.25174325 -4.0634598  -1.62498966 -0.90233313  6.55249592 13.78864983]]", "nfev": "273", "njev": "39", "status": "0", "success": "True", "message": "Optimization terminated successfully.", "x": "[ 5.17783667  1.71757001  4.60122687 -2.39563014  2.6113022   2.15309133]", "nit": "26"}, "17": {"maxiter": 1000, "gtol": 1e-05, "xrtol": 1e-05, "eps": 1e-10, "duration": 0.04735732078552246, "fun": "0.3395778940373614", "jac": "[-2.22044587e-06 -2.22044587e-06 -1.11022293e-06  0.00000000e+00\n -2.22044587e-06 -3.33066880e-06]", "hess_inv": "[[ 5.83672853  2.50351424  0.3362836   1.58263146 -1.23082712 -5.42225848]\n [ 2.50351424  6.41670066 -2.40382503  1.40499836 -1.12397547 -4.17358285]\n [ 0.3362836  -2.40382503  5.63785675 -0.5724463  -0.37783518 -1.67743829]\n [ 1.58263146  1.40499836 -0.5724463   3.51297375 -0.44148209 -1.10441557]\n [-1.23082712 -1.12397547 -0.37783518 -0.44148209  7.74630892  6.62977033]\n [-5.42225848 -4.17358285 -1.67743829 -1.10441557  6.62977033 13.633139  ]]", "nfev": "273", "njev": "39", "status": "0", "success": "True", "message": "Optimization terminated successfully.", "x": "[ 5.17784767  1.71757619  4.60123591 -2.39562712  2.61128523  2.15305912]", "nit": "26"}, "18": {"maxiter": 1000, "gtol": 1e-05, "xrtol": 1e-10, "eps": 1e-05, "duration": 0.04739022254943848, "fun": "0.33957789396062854", "jac": "[ 5.37236922e-07 -5.89328586e-07 -2.92832425e-07 -3.09741122e-07\n -4.80515627e-07 -3.52429197e-07]", "hess_inv": "[[ 5.79227027  2.49887147  0.26838124  1.5841185  -1.05812419 -5.25174325]\n [ 2.49887147  6.42830223 -2.44934689  1.43003628 -1.04014517 -4.0634598 ]\n [ 0.26838124 -2.44934689  5.6071169  -0.62910327 -0.27094935 -1.62498966]\n [ 1.5841185   1.43003628 -0.62910327  3.56954377 -0.30119231 -0.90233313]\n [-1.05812419 -1.04014517 -0.27094935 -0.30119231  7.51134076  6.55249592]\n [-5.25174325 -4.0634598  -1.62498966 -0.90233313  6.55249592 13.78864983]]", "nfev": "273", "njev": "39", "status": "0", "success": "True", "message": "Optimization terminated successfully.", "x": "[ 5.17783667  1.71757001  4.60122687 -2.39563014  2.6113022   2.15309133]", "nit": "26"}, "19": {"maxiter": 1000, "gtol": 1e-05, "xrtol": 1e-10, "eps": 1e-10, "duration": 0.04748702049255371, "fun": "0.3395778940373614", "jac": "[-2.22044587e-06 -2.22044587e-06 -1.11022293e-06  0.00000000e+00\n -2.22044587e-06 -3.33066880e-06]", "hess_inv": "[[ 5.83672853  2.50351424  0.3362836   1.58263146 -1.23082712 -5.42225848]\n [ 2.50351424  6.41670066 -2.40382503  1.40499836 -1.12397547 -4.17358285]\n [ 0.3362836  -2.40382503  5.63785675 -0.5724463  -0.37783518 -1.67743829]\n [ 1.58263146  1.40499836 -0.5724463   3.51297375 -0.44148209 -1.10441557]\n [-1.23082712 -1.12397547 -0.37783518 -0.44148209  7.74630892  6.62977033]\n [-5.42225848 -4.17358285 -1.67743829 -1.10441557  6.62977033 13.633139  ]]", "nfev": "273", "njev": "39", "status": "0", "success": "True", "message": "Optimization terminated successfully.", "x": "[ 5.17784767  1.71757619  4.60123591 -2.39562712  2.61128523  2.15305912]", "nit": "26"}, "20": {"maxiter": 1000, "gtol": 1e-10, "xrtol": 1e-05, "eps": 1e-05, "duration": 0.048790931701660156, "fun": "0.3395778939423788", "jac": "[ 6.89337476e-08  1.30007116e-08  4.53970195e-08 -7.33857419e-09\n -1.01918474e-08  2.44249065e-10]", "hess_inv": "[[ 5.75865612  2.42160543  0.27471097  1.49438556 -1.1413356  -5.39938583]\n [ 2.42160543  6.41125486 -2.46423549  1.41363866 -0.95090194 -3.95328207]\n [ 0.27471097 -2.46423549  5.61132248 -0.64701761 -0.30671248 -1.67961297]\n [ 1.49438556  1.41363866 -0.64701761  3.55452139 -0.19160882 -0.76485745]\n [-1.1413356  -0.95090194 -0.30671248 -0.19160882  7.79544581  6.97243137]\n [-5.39938583 -3.95328207 -1.67961297 -0.76485745  6.97243137 14.39887912]]", "nfev": "280", "njev": "40", "status": "0", "success": "True", "message": "Optimization terminated successfully.", "x": "[ 5.1778331   1.71757035  4.60122597 -2.39562956  2.61130831  2.1530996 ]", "nit": "27"}, "21": {"maxiter": 1000, "gtol": 1e-10, "xrtol": 1e-05, "eps": 1e-10, "duration": 0.04801678657531738, "fun": "0.3395778940373614", "jac": "[-2.22044587e-06 -2.22044587e-06 -1.11022293e-06  0.00000000e+00\n -2.22044587e-06 -3.33066880e-06]", "hess_inv": "[[ 5.83672853  2.50351424  0.3362836   1.58263146 -1.23082712 -5.42225848]\n [ 2.50351424  6.41670066 -2.40382503  1.40499836 -1.12397547 -4.17358285]\n [ 0.3362836  -2.40382503  5.63785675 -0.5724463  -0.37783518 -1.67743829]\n [ 1.58263146  1.40499836 -0.5724463   3.51297375 -0.44148209 -1.10441557]\n [-1.23082712 -1.12397547 -0.37783518 -0.44148209  7.74630892  6.62977033]\n [-5.42225848 -4.17358285 -1.67743829 -1.10441557  6.62977033 13.633139  ]]", "nfev": "273", "njev": "39", "status": "0", "success": "True", "message": "Optimization terminated successfully.", "x": "[ 5.17784767  1.71757619  4.60123591 -2.39562712  2.61128523  2.15305912]", "nit": "26"}, "22": {"maxiter": 1000, "gtol": 1e-10, "xrtol": 1e-10, "eps": 1e-05, "duration": 0.0776071548461914, "fun": "0.3395778939423788", "jac": "[ 6.89337476e-08  1.30007116e-08  4.53970195e-08 -7.33857419e-09\n -1.01918474e-08  2.44249065e-10]", "hess_inv": "[[ 6.10809234  2.4729154   0.42808466  1.50363769 -1.46770181 -5.99116626]\n [ 2.4729154   6.39817004 -2.45768581  1.39897389 -1.06455409 -4.09273506]\n [ 0.42808466 -2.45768581  5.66626986 -0.65536811 -0.50087359 -1.98006647]\n [ 1.50363769  1.39897389 -0.65536811  3.54231441 -0.25132962 -0.82136982]\n [-1.46770181 -1.06455409 -0.50087359 -0.25132962  7.8907304   7.35759625]\n [-5.99116626 -4.09273506 -1.98006647 -0.82136982  7.35759625 15.2671054 ]]", "nfev": "446", "njev": "62", "status": "2", "success": "False", "message": "Desired error not necessarily achieved due to precision loss.", "x": "[ 5.1778331   1.71757035  4.60122597 -2.39562956  2.61130831  2.1530996 ]", "nit": "27"}, "23": {"maxiter": 1000, "gtol": 1e-10, "xrtol": 1e-10, "eps": 1e-10, "duration": 0.11835289001464844, "fun": "0.3395778939126415", "jac": "[2.22044587e-06 3.33066880e-06 4.44089173e-06 3.33066880e-06\n 1.11022293e-06 2.22044587e-06]", "hess_inv": "[[ 0.39001799 -1.08264141  0.23320531  0.20800234  0.60040905 -0.23550191]\n [-1.08264141  3.9096396  -0.82546552 -0.62299047 -2.10190914  0.51216253]\n [ 0.23320531 -0.82546552  0.23039796  0.13148211  0.41328827 -0.1028117 ]\n [ 0.20800234 -0.62299047  0.13148211  0.22545375  0.34938492 -0.135985  ]\n [ 0.60040905 -2.10190914  0.41328827  0.34938492  1.1936448  -0.32472118]\n [-0.23550191  0.51216253 -0.1028117  -0.135985   -0.32472118  0.18995721]]", "nfev": "686", "njev": "98", "status": "0", "success": "True", "message": "Optimization terminated successfully.", "x": "[ 5.17784011  1.7175744   4.60123206 -2.3956197   2.61132609  2.15311336]", "nit": "55"}}, "cobyla": {"0": {"maxiter": 100, "tol": 1e-05, "catol": 1e-05, "duration": 0.01653599739074707, "x": "[ 5.47451667  2.11274221  4.48406574 -2.27279219  2.48775926  1.71748494]", "status": "2", "success": "False", "message": "Maximum number of function evaluations has been exceeded.", "nfev": "100", "fun": "0.3509609393202682", "maxcv": "0.0"}, "1": {"maxiter": 100, "tol": 1e-05, "catol": 1e-10, "duration": 0.016512632369995117, "x": "[ 5.47451667  2.11274221  4.48406574 -2.27279219  2.48775926  1.71748494]", "status": "2", "success": "False", "message": "Maximum number of function evaluations has been exceeded.", "nfev": "100", "fun": "0.3509609393202682", "maxcv": "0.0"}, "2": {"maxiter": 100, "tol": 1e-10, "catol": 1e-05, "duration": 0.016498088836669922, "x": "[ 5.47451667  2.11274221  4.48406574 -2.27279219  2.48775926  1.71748494]", "status": "2", "success": "False", "message": "Maximum number of function evaluations has been exceeded.", "nfev": "100", "fun": "0.3509609393202682", "maxcv": "0.0"}, "3": {"maxiter": 100, "tol": 1e-10, "catol": 1e-10, "duration": 0.0165097713470459, "x": "[ 5.47451667  2.11274221  4.48406574 -2.27279219  2.48775926  1.71748494]", "status": "2", "success": "False", "message": "Maximum number of function evaluations has been exceeded.", "nfev": "100", "fun": "0.3509609393202682", "maxcv": "0.0"}, "4": {"maxiter": 500, "tol": 1e-05, "catol": 1e-05, "duration": 0.0708169937133789, "x": "[ 5.17786983  1.71759918  4.60123276 -2.39560749  2.61129763  2.15304956]", "status": "1", "success": "True", "message": "Optimization terminated successfully.", "nfev": "430", "fun": "0.3395778940393388", "maxcv": "0.0"}, "5": {"maxiter": 500, "tol": 1e-05, "catol": 1e-10, "duration": 0.07093501091003418, "x": "[ 5.17786983  1.71759918  4.60123276 -2.39560749  2.61129763  2.15304956]", "status": "1", "success": "True", "message": "Optimization terminated successfully.", "nfev": "430", "fun": "0.3395778940393388", "maxcv": "0.0"}, "6": {"maxiter": 500, "tol": 1e-10, "catol": 1e-05, "duration": 0.0825338363647461, "x": "[ 5.1778445   1.71757847  4.60122874 -2.3956202   2.61132014  2.15310175]", "status": "2", "success": "False", "message": "Maximum number of function evaluations has been exceeded.", "nfev": "500", "fun": "0.33957789391082116", "maxcv": "0.0"}, "7": {"maxiter": 500, "tol": 1e-10, "catol": 1e-10, "duration": 0.0824739933013916, "x": "[ 5.1778445   1.71757847  4.60122874 -2.3956202   2.61132014  2.15310175]", "status": "2", "success": "False", "message": "Maximum number of function evaluations has been exceeded.", "nfev": "500", "fun": "0.33957789391082116", "maxcv": "0.0"}, "8": {"maxiter": 1000, "tol": 1e-05, "catol": 1e-05, "duration": 0.07087087631225586, "x": "[ 5.17786983  1.71759918  4.60123276 -2.39560749  2.61129763  2.15304956]", "status": "1", "success": "True", "message": "Optimization terminated successfully.", "nfev": "430", "fun": "0.3395778940393388", "maxcv": "0.0"}, "9": {"maxiter": 1000, "tol": 1e-05, "catol": 1e-10, "duration": 0.0708742