{"date": "2024/07/18/, 23:21:59", "conf_id": 104, "data_type": "orthogonal\n", "num_data_points": 2, "s_rank": 0, "unitary": "[[-0.24866696+0.58742286j,-0.44704345-0.43151574j,-0.35669027-0.20570733j,-0.10517633+0.1626036j],[0.10596805-0.19687975j,-0.30269685-0.15056416j,0.18246286+0.30440582j,-0.83484447-0.11310748j],[0.26054512-0.52548482j,0.0285017-0.50723956j,-0.43110112+0.17165838j,0.15243271+0.39915801j],[0.42978035+0.11991271j,-0.17224126-0.46030424j,0.6827807-0.15164662j,0.26483638+0.0061855j]]", "databatch_0": {"databatch": "[[[1.35262841e-01+0.08013502j,-8.38272074e-02-0.51224053j,-2.69235330e-01-0.1010381j,-1.53882516e-02-0.26784838j],[-1.09439669e-01-0.05662309j,8.86145161e-02+0.39704078j,2.15207473e-01+0.06695747j,2.40793210e-02+0.20888938j],[1.31825667e-02-0.11705517j,-3.24249728e-01+0.21471913j,1.37115075e-02+0.21502338j,-1.78291406e-01+0.09283947j],[-2.08442143e-02+0.02937014j,1.18524446e-01-0.00948319j,2.81414610e-02-0.05956208j,6.14398090e-02+0.00153519j]],[[3.97845619e-02-0.06899293j,-2.58967065e-01+0.04551545j,-4.95738743e-02+0.13697908j,-1.35582366e-01+0.00939168j],[3.71916375e-02-0.18626051j,-5.50319591e-01+0.30061843j,-7.38419644e-03+0.3473376j,-2.99147137e-01+0.1247694j],[-9.93834612e-02+0.04301881j,3.19532017e-01+0.16040168j,1.65216491e-01-0.10927091j,1.55579192e-01+0.09973451j],[-2.50932912e-02-0.01724113j,9.53949179e-03+0.1000617j,5.07070527e-02+0.02302103j,-5.07755168e-04+0.05195216j]]]", "initial param values": "[5.83238464,1.37804211,4.65413524,5.83707743,3.27557768,5.88494589]", "nelder_mead": {"type": "gradient-free", "0": {"maxiter": 100, "fatol": 1e-05, "xatol": 1e-05, "duration": 0.026324033737182617, "fun": "0.29344733953677105", "nit": "100", "nfev": "156", "status": "2", "success": "False", "message": "Maximum number of iterations has been exceeded.", "x": "[7.70199572 0.97704087 5.31742778 6.09648519 2.02324745 5.89740671]", "final_simplex": "(array([[7.70199572, 0.97704087, 5.31742778, 6.09648519, 2.02324745,\n        5.89740671],\n       [7.67320782, 0.96108759, 5.34255281, 6.09026902, 2.0784206 ,\n        5.84753524],\n       [7.67583376, 0.96484634, 5.36997434, 6.06541229, 2.11827315,\n        5.81396042],\n       [7.69085208, 0.99553464, 5.31982795, 6.1178318 , 2.09583854,\n        5.81956556],\n       [7.71584129, 0.94015714, 5.34359757, 6.10296941, 1.99853734,\n        5.92351477],\n       [7.68194126, 0.97506686, 5.36166857, 6.10816309, 2.07825986,\n        5.85526564],\n       [7.69151523, 0.95202319, 5.34388703, 6.11255401, 2.04346616,\n        5.898908  ]]), array([0.29344734, 0.29347703, 0.29356203, 0.29359117, 0.29359701,\n       0.2936114 , 0.29362352]))"}, "1": {"maxiter": 100, "fatol": 1e-05, "xatol": 1e-10, "duration": 0.026154041290283203, "fun": "0.29344733953677105", "nit": "100", "nfev": "156", "status": "2", "success": "False", "message": "Maximum number of iterations has been exceeded.", "x": "[7.70199572 0.97704087 5.31742778 6.09648519 2.02324745 5.89740671]", "final_simplex": "(array([[7.70199572, 0.97704087, 5.31742778, 6.09648519, 2.02324745,\n        5.89740671],\n       [7.67320782, 0.96108759, 5.34255281, 6.09026902, 2.0784206 ,\n        5.84753524],\n       [7.67583376, 0.96484634, 5.36997434, 6.06541229, 2.11827315,\n        5.81396042],\n       [7.69085208, 0.99553464, 5.31982795, 6.1178318 , 2.09583854,\n        5.81956556],\n       [7.71584129, 0.94015714, 5.34359757, 6.10296941, 1.99853734,\n        5.92351477],\n       [7.68194126, 0.97506686, 5.36166857, 6.10816309, 2.07825986,\n        5.85526564],\n       [7.69151523, 0.95202319, 5.34388703, 6.11255401, 2.04346616,\n        5.898908  ]]), array([0.29344734, 0.29347703, 0.29356203, 0.29359117, 0.29359701,\n       0.2936114 , 0.29362352]))"}, "2": {"maxiter": 100, "fatol": 1e-10, "xatol": 1e-05, "duration": 0.026115894317626953, "fun": "0.29344733953677105", "nit": "100", "nfev": "156", "status": "2", "success": "False", "message": "Maximum number of iterations has been exceeded.", "x": "[7.70199572 0.97704087 5.31742778 6.09648519 2.02324745 5.89740671]", "final_simplex": "(array([[7.70199572, 0.97704087, 5.31742778, 6.09648519, 2.02324745,\n        5.89740671],\n       [7.67320782, 0.96108759, 5.34255281, 6.09026902, 2.0784206 ,\n        5.84753524],\n       [7.67583376, 0.96484634, 5.36997434, 6.06541229, 2.11827315,\n        5.81396042],\n       [7.69085208, 0.99553464, 5.31982795, 6.1178318 , 2.09583854,\n        5.81956556],\n       [7.71584129, 0.94015714, 5.34359757, 6.10296941, 1.99853734,\n        5.92351477],\n       [7.68194126, 0.97506686, 5.36166857, 6.10816309, 2.07825986,\n        5.85526564],\n       [7.69151523, 0.95202319, 5.34388703, 6.11255401, 2.04346616,\n        5.898908  ]]), array([0.29344734, 0.29347703, 0.29356203, 0.29359117, 0.29359701,\n       0.2936114 , 0.29362352]))"}, "3": {"maxiter": 100, "fatol": 1e-10, "xatol": 1e-10, "duration": 0.02609705924987793, "fun": "0.29344733953677105", "nit": "100", "nfev": "156", "status": "2", "success": "False", "message": "Maximum number of iterations has been exceeded.", "x": "[7.70199572 0.97704087 5.31742778 6.09648519 2.02324745 5.89740671]", "final_simplex": "(array([[7.70199572, 0.97704087, 5.31742778, 6.09648519, 2.02324745,\n        5.89740671],\n       [7.67320782, 0.96108759, 5.34255281, 6.09026902, 2.0784206 ,\n        5.84753524],\n       [7.67583376, 0.96484634, 5.36997434, 6.06541229, 2.11827315,\n        5.81396042],\n       [7.69085208, 0.99553464, 5.31982795, 6.1178318 , 2.09583854,\n        5.81956556],\n       [7.71584129, 0.94015714, 5.34359757, 6.10296941, 1.99853734,\n        5.92351477],\n       [7.68194126, 0.97506686, 5.36166857, 6.10816309, 2.07825986,\n        5.85526564],\n       [7.69151523, 0.95202319, 5.34388703, 6.11255401, 2.04346616,\n        5.898908  ]]), array([0.29344734, 0.29347703, 0.29356203, 0.29359117, 0.29359701,\n       0.2936114 , 0.29362352]))"}, "4": {"maxiter": 500, "fatol": 1e-05, "xatol": 1e-05, "duration": 0.06718301773071289, "fun": "0.2926538245289265", "nit": "246", "nfev": "403", "status": "0", "success": "True", "message": "Optimization terminated successfully.", "x": "[7.72979458 1.08437202 5.2877393  6.01070716 2.26101246 5.48639155]", "final_simplex": "(array([[7.72979458, 1.08437202, 5.2877393 , 6.01070716, 2.26101246,\n        5.48639155],\n       [7.72979484, 1.08437224, 5.28773704, 6.01070602, 2.26101017,\n        5.48639247],\n       [7.72979385, 1.08437061, 5.28773802, 6.01070891, 2.26100852,\n        5.48639668],\n       [7.7297947 , 1.08437299, 5.2877377 , 6.01070656, 2.26101902,\n        5.48638194],\n       [7.72979453, 1.08437481, 5.28773562, 6.01070799, 2.26100949,\n        5.48639198],\n       [7.72979476, 1.08437527, 5.28773647, 6.01070669, 2.26100935,\n        5.48638889],\n       [7.72979678, 1.08437297, 5.28773749, 6.01070442, 2.26101654,\n        5.48638304]]), array([0.29265382, 0.29265382, 0.29265382, 0.29265382, 0.29265382,\n       0.29265382, 0.29265382]))"}, "5": {"maxiter": 500, "fatol": 1e-05, "xatol": 1e-10, "duration": 0.10243892669677734, "fun": "0.29265382452861644", "nit": "337", "nfev": "614", "status": "0", "success": "True", "message": "Optimization terminated successfully.", "x": "[7.7297945  1.0843733  5.28773712 6.01070651 2.26101372 5.48638818]", "final_simplex": "(array([[7.7297945 , 1.0843733 , 5.28773712, 6.01070651, 2.26101372,\n        5.48638818],\n       [7.7297945 , 1.0843733 , 5.28773712, 6.01070651, 2.26101372,\n        5.48638818],\n       [7.7297945 , 1.0843733 , 5.28773712, 6.01070651, 2.26101372,\n        5.48638818],\n       [7.7297945 , 1.0843733 , 5.28773712, 6.01070651, 2.26101372,\n        5.48638818],\n       [7.7297945 , 1.0843733 , 5.28773712, 6.01070651, 2.26101372,\n        5.48638818],\n       [7.7297945 , 1.0843733 , 5.28773712, 6.01070651, 2.26101372,\n        5.48638818],\n       [7.7297945 , 1.0843733 , 5.28773712, 6.01070651, 2.26101372,\n        5.48638818]]), array([0.29265382, 0.29265382, 0.29265382, 0.29265382, 0.29265382,\n       0.29265382, 0.29265382]))"}, "6": {"maxiter": 500, "fatol": 1e-10, "xatol": 1e-05, "duration": 0.06711101531982422, "fun": "0.2926538245289265", "nit": "246", "nfev": "403", "status": "0", "success": "True", "message": "Optimization terminated successfully.", "x": "[7.72979458 1.08437202 5.2877393  6.01070716 2.26101246 5.48639155]", "final_simplex": "(array([[7.72979458, 1.08437202, 5.2877393 , 6.01070716, 2.26101246,\n        5.48639155],\n       [7.72979484, 1.08437224, 5.28773704, 6.01070602, 2.26101017,\n        5.48639247],\n       [7.72979385, 1.08437061, 5.28773802, 6.01070891, 2.26100852,\n        5.48639668],\n       [7.7297947 , 1.08437299, 5.2877377 , 6.01070656, 2.26101902,\n        5.48638194],\n       [7.72979453, 1.08437481, 5.28773562, 6.01070799, 2.26100949,\n        5.48639198],\n       [7.72979476, 1.08437527, 5.28773647, 6.01070669, 2.26100935,\n        5.48638889],\n       [7.72979678, 1.08437297, 5.28773749, 6.01070442, 2.26101654,\n        5.48638304]]), array([0.29265382, 0.29265382, 0.29265382, 0.29265382, 0.29265382,\n       0.29265382, 0.29265382]))"}, "7": {"maxiter": 500, "fatol": 1e-10, "xatol": 1e-10, "duration": 0.10199689865112305, "fun": "0.29265382452861644", "nit": "337", "nfev": "614", "status": "0", "success": "True", "message": "Optimization terminated successfully.", "x": "[7.7297945  1.0843733  5.28773712 6.01070651 2.26101372 5.48638818]", "final_simplex": "(array([[7.7297945 , 1.0843733 , 5.28773712, 6.01070651, 2.26101372,\n        5.48638818],\n       [7.7297945 , 1.0843733 , 5.28773712, 6.01070651, 2.26101372,\n        5.48638818],\n       [7.7297945 , 1.0843733 , 5.28773712, 6.01070651, 2.26101372,\n        5.48638818],\n       [7.7297945 , 1.0843733 , 5.28773712, 6.01070651, 2.26101372,\n        5.48638818],\n       [7.7297945 , 1.0843733 , 5.28773712, 6.01070651, 2.26101372,\n        5.48638818],\n       [7.7297945 , 1.0843733 , 5.28773712, 6.01070651, 2.26101372,\n        5.48638818],\n       [7.7297945 , 1.0843733 , 5.28773712, 6.01070651, 2.26101372,\n        5.48638818]]), array([0.29265382, 0.29265382, 0.29265382, 0.29265382, 0.29265382,\n       0.29265382, 0.29265382]))"}, "8": {"maxiter": 1000, "fatol": 1e-05, "xatol": 1e-05, "duration": 0.0670473575592041, "fun": "0.2926538245289265", "nit": "246", "nfev": "403", "status": "0", "success": "True", "message": "Optimization terminated successfully.", "x": "[7.72979458 1.08437202 5.2877393  6.01070716 2.26101246 5.48639155]", "final_simplex": "(array([[7.72979458, 1.08437202, 5.2877393 , 6.01070716, 2.26101246,\n        5.48639155],\n       [7.72979484, 1.08437224, 5.28773704, 6.01070602, 2.26101017,\n        5.48639247],\n       [7.72979385, 1.08437061, 5.28773802, 6.01070891, 2.26100852,\n        5.48639668],\n       [7.7297947 , 1.08437299, 5.2877377 , 6.01070656, 2.26101902,\n        5.48638194],\n       [7.72979453, 1.08437481, 5.28773562, 6.01070799, 2.26100949,\n        5.48639198],\n       [7.72979476, 1.08437527, 5.28773647, 6.01070669, 2.26100935,\n        5.48638889],\n       [7.72979678, 1.08437297, 5.28773749, 6.01070442, 2.26101654,\n        5.48638304]]), array([0.29265382, 0.29265382, 0.29265382, 0.29265382, 0.29265382,\n       0.29265382, 0.29265382]))"}, "9": {"maxiter": 1000, "fatol": 1e-05, "xatol": 1e-10, "duration": 0.10174727439880371, "fun": "0.29265382452861644", "nit": "337", "nfev": "614", "status": "0", "success": "True", "message": "Optimization terminated successfully.", "x": "[7.7297945  1.0843733  5.28773712 6.01070651 2.26101372 5.48638818]", "final_simplex": "(array([[7.7297945 , 1.0843733 , 5.28773712, 6.01070651, 2.26101372,\n        5.48638818],\n       [7.7297945 , 1.0843733 , 5.28773712, 6.01070651, 2.26101372,\n        5.48638818],\n       [7.7297945 , 1.0843733 , 5.28773712, 6.01070651, 2.26101372,\n        5.48638818],\n       [7.7297945 , 1.0843733 , 5.28773712, 6.01070651, 2.26101372,\n        5.48638818],\n       [7.7297945 , 1.0843733 , 5.28773712, 6.01070651, 2.26101372,\n        5.48638818],\n       [7.7297945 , 1.0843733 , 5.28773712, 6.01070651, 2.26101372,\n        5.48638818],\n       [7.7297945 , 1.0843733 , 5.28773712, 6.01070651, 2.26101372,\n        5.48638818]]), array([0.29265382, 0.29265382, 0.29265382, 0.29265382, 0.29265382,\n       0.29265382, 0.29265382]))"}, "10": {"maxiter": 1000, "fatol": 1e-10, "xatol": 1e-05, "duration": 0.06697678565979004, "fun": "0.2926538245289265", "nit": "246", "nfev": "403", "status": "0", "success": "True", "message": "Optimization terminated successfully.", "x": "[7.72979458 1.08437202 5.2877393  6.01070716 2.26101246 5.48639155]", "final_simplex": "(array([[7.72979458, 1.08437202, 5.2877393 , 6.01070716, 2.26101246,\n        5.48639155],\n       [7.72979484, 1.08437224, 5.28773704, 6.01070602, 2.26101017,\n        5.48639247],\n       [7.72979385, 1.08437061, 5.28773802, 6.01070891, 2.26100852,\n        5.48639668],\n       [7.7297947 , 1.08437299, 5.2877377 , 6.01070656, 2.26101902,\n        5.48638194],\n       [7.72979453, 1.08437481, 5.28773562, 6.01070799, 2.26100949,\n        5.48639198],\n       [7.72979476, 1.08437527, 5.28773647, 6.01070669, 2.26100935,\n        5.48638889],\n       [7.72979678, 1.08437297, 5.28773749, 6.01070442, 2.26101654,\n        5.48638304]]), array([0.29265382, 0.29265382, 0.29265382, 0.29265382, 0.29265382,\n       0.29265382, 0.29265382]))"}, "11": {"maxiter": 1000, "fatol": 1e-10, "xatol": 1e-10, "duration": 0.10159492492675781, "fun": "0.29265382452861644", "nit": "337", "nfev": "614", "status": "0", "success": "True", "message": "Optimization terminated successfully.", "x": "[7.7297945  1.0843733  5.28773712 6.01070651 2.26101372 5.48638818]", "final_simplex": "(array([[7.7297945 , 1.0843733 , 5.28773712, 6.01070651, 2.26101372,\n        5.48638818],\n       [7.7297945 , 1.0843733 , 5.28773712, 6.01070651, 2.26101372,\n        5.48638818],\n       [7.7297945 , 1.0843733 , 5.28773712, 6.01070651, 2.26101372,\n        5.48638818],\n       [7.7297945 , 1.0843733 , 5.28773712, 6.01070651, 2.26101372,\n        5.48638818],\n       [7.7297945 , 1.0843733 , 5.28773712, 6.01070651, 2.26101372,\n        5.48638818],\n       [7.7297945 , 1.0843733 , 5.28773712, 6.01070651, 2.26101372,\n        5.48638818],\n       [7.7297945 , 1.0843733 , 5.28773712, 6.01070651, 2.26101372,\n        5.48638818]]), array([0.29265382, 0.29265382, 0.29265382, 0.29265382, 0.29265382,\n       0.29265382, 0.29265382]))"}}, "bfgs": {"type": "gradient", "0": {"maxiter": 100, "gtol": 1e-05, "xrtol": 1e-05, "eps": 1e-05, "duration": 0.03941488265991211, "fun": "0.2926538248409801", "jac": "[ 2.50167664e-06 -3.36949357e-06  5.80524517e-07  9.56316137e-06\n  3.59989816e-07 -1.31615829e-06]", "hess_inv": "[[  4.36619935   2.44926032  -1.31714211  -1.82684973   1.39137921\n   -5.49497502]\n [  2.44926032  12.34108606  -3.67739778  -4.63481018   7.5607161\n  -19.89661743]\n [ -1.31714211  -3.67739778   8.26178763   1.23884541  -4.02074223\n   10.83176339]\n [ -1.82684973  -4.63481018   1.23884541   7.28844283 -10.22750946\n   17.93690517]\n [  1.39137921   7.5607161   -4.02074223 -10.22750946  63.22178236\n  -77.45991945]\n [ -5.49497502 -19.89661743  10.83176339  17.93690517 -77.45991945\n  112.06642488]]", "nfev": "231", "njev": "33", "status": "0", "success": "True", "message": "Optimization terminated successfully.", "x": "[7.72978326 1.08431238 5.28773905 6.01076516 2.26102486 5.48643285]", "nit": "32"}, "1": {"maxiter": 100, "gtol": 1e-05, "xrtol": 1e-05, "eps": 1e-10, "duration": 0.0404510498046875, "fun": "0.29265382455557387", "jac": "[2.22044587e-06 3.33066880e-06 0.00000000e+00 4.44089173e-06\n 3.33066880e-06 3.33066880e-06]", "hess_inv": "[[  4.38840489   2.34812539  -1.18253874  -1.85710267   1.27237017\n   -5.18378497]\n [  2.34812539  10.54791377  -2.94157505  -4.70688176   6.36588161\n  -16.99813955]\n [ -1.18253874  -2.94157505   7.80843651   0.80035447  -2.98632764\n    8.65847556]\n [ -1.85710267  -4.70688176   0.80035447   7.76655659  -9.27215468\n   16.63231874]\n [  1.27237017   6.36588161  -2.98632764  -9.27215468  61.74004467\n  -73.44289665]\n [ -5.18378497 -16.99813955   8.65847556  16.63231874 -73.44289665\n  103.083191  ]]", "nfev": "238", "njev": "34", "status": "0", "success": "True", "message": "Optimization terminated successfully.", "x": "[7.729795   1.08436439 5.28774992 6.01071864 2.26099825 5.48642911]", "nit": "33"}, "2": {"maxiter": 100, "gtol": 1e-05, "xrtol": 1e-10, "eps": 1e-05, "duration": 0.039376020431518555, "fun": "0.2926538248409801", "jac": "[ 2.50167664e-06 -3.36949357e-06  5.80524517e-07  9.56316137e-06\n  3.59989816e-07 -1.31615829e-06]", "hess_inv": "[[  4.36619935   2.44926032  -1.31714211  -1.82684973   1.39137921\n   -5.49497502]\n [  2.44926032  12.34108606  -3.67739778  -4.63481018   7.5607161\n  -19.89661743]\n [ -1.31714211  -3.67739778   8.26178763   1.23884541  -4.02074223\n   10.83176339]\n [ -1.82684973  -4.63481018   1.23884541   7.28844283 -10.22750946\n   17.93690517]\n [  1.39137921   7.5607161   -4.02074223 -10.22750946  63.22178236\n  -77.45991945]\n [ -5.49497502 -19.89661743  10.83176339  17.93690517 -77.45991945\n  112.06642488]]", "nfev": "231", "njev": "33", "status": "0", "success": "True", "message": "Optimization terminated successfully.", "x": "[7.72978326 1.08431238 5.28773905 6.01076516 2.26102486 5.48643285]", "nit": "32"}, "3": {"maxiter": 100, "gtol": 1e-05, "xrtol": 1e-10, "eps": 1e-10, "duration": 0.04061007499694824, "fun": "0.29265382455557387", "jac": "[2.22044587e-06 3.33066880e-06 0.00000000e+00 4.44089173e-06\n 3.33066880e-06 3.33066880e-06]", "hess_inv": "[[  4.38840489   2.34812539  -1.18253874  -1.85710267   1.27237017\n   -5.18378497]\n [  2.34812539  10.54791377  -2.94157505  -4.70688176   6.36588161\n  -16.99813955]\n [ -1.18253874  -2.94157505   7.80843651   0.80035447  -2.98632764\n    8.65847556]\n [ -1.85710267  -4.70688176   0.80035447   7.76655659  -9.27215468\n   16.63231874]\n [  1.27237017   6.36588161  -2.98632764  -9.27215468  61.74004467\n  -73.44289665]\n [ -5.18378497 -16.99813955   8.65847556  16.63231874 -73.44289665\n  103.083191  ]]", "nfev": "238", "njev": "34", "status": "0", "success": "True", "message": "Optimization terminated successfully.", "x": "[7.729795   1.08436439 5.28774992 6.01071864 2.26099825 5.48642911]", "nit": "33"}, "4": {"maxiter": 100, "gtol": 1e-10, "xrtol": 1e-05, "eps": 1e-05, "duration": 0.0410919189453125, "fun": "0.29265382454860567", "jac": "[ 3.10707016e-07 -8.27526936e-07 -9.55346913e-08  5.97977223e-07\n  3.71924713e-08 -2.58715271e-07]", "hess_inv": "[[  4.3938018    2.61367266  -1.35452369  -2.01021974   1.42671668\n   -5.72508132]\n [  2.61367266  12.84594742  -3.942689    -5.56670751   8.71179449\n  -21.98062641]\n [ -1.35452369  -3.942689     8.30858258   1.50158696  -3.98408568\n   11.07929341]\n [ -2.01021974  -5.56670751   1.50158696   8.45243236 -10.78012738\n   19.70664228]\n [  1.42671668   8.71179449  -3.98408568 -10.78012738  61.40230896\n  -76.34021247]\n [ -5.72508132 -21.98062641  11.07929341  19.70664228 -76.34021247\n  112.91201761]]", "nfev": "238", "njev": "34", "status": "0", "success": "True", "message": "Optimization terminated successfully.", "x": "[7.72979304 1.08437259 5.28772599 6.01069955 2.26103347 5.48635432]", "nit": "33"}, "5": {"maxiter": 100, "gtol": 1e-10, "xrtol": 1e-05, "eps": 1e-10, "duration": 0.043263912200927734, "fun": "0.2926538245399002", "jac": "[1.11022293e-06 0.00000000e+00 2.22044587e-06 0.00000000e+00\n 0.00000000e+00 2.22044587e-06]", "hess_inv": "[[  4.38595197   2.32001203  -1.17516653  -1.76145409   1.21357825\n   -5.02450859]\n [  2.32001203  10.41195232  -2.86498379  -4.3504452    5.92208896\n  -16.1297596 ]\n [ -1.17516653  -2.86498379   7.78661478   0.54427586  -2.81939017\n    8.2203853 ]\n [ -1.76145409  -4.3504452    0.54427586   6.97546229  -7.89335035\n   14.22330268]\n [  1.21357825   5.92208896  -2.81939017  -7.89335035  60.61501685\n  -70.80744004]\n [ -5.02450859 -16.1297596    8.2203853   14.22330268 -70.80744004\n   97.65931202]]", "nfev": "252", "njev": "36", "status": "0", "success": "True", "message": "Optimization terminated successfully.", "x": "[7.72979584 1.08436813 5.28774763 6.0107093  2.26101119 5.48640476]", "nit": "34"}, "6": {"maxiter": 100, "gtol": 1e-10, "xrtol": 1e-10, "eps": 1e-05, "duration": 0.044416189193725586, "fun": "0.2926538245473759", "jac": "[-1.11022302e-11  0.00000000e+00 -1.11022302e-11 -5.55111512e-11\n -1.11022302e-11 -1.11022302e-11]", "hess_inv": "[[  4.39203189   2.64170817  -1.34845054  -2.0129691    1.35807687\n   -5.66344547]\n [  2.64170817  13.61237585  -3.91687983  -5.89497991   7.54339139\n  -21.25320547]\n [ -1.34845054  -3.91687983   8.29977432   1.47264648  -3.97275537\n   11.03536423]\n [ -2.0129691   -5.89497991   1.47264648   8.56445828 -10.19094943\n   19.2756308 ]\n [  1.35807687   7.54339139  -3.97275537 -10.19094943  62.91774988\n  -77.09130408]\n [ -5.66344547 -21.25320547  11.03536423  19.2756308  -77.09130408\n  113.12055677]]", "nfev": "259", "njev": "37", "status": "0", "success": "True", "message": "Optimization terminated successfully.", "x": "[7.72979343 1.08438048 5.28772607 6.01069559 2.26102276 5.48636002]", "nit": "36"}, "7": {"maxiter": 100, "gtol": 1e-10, "xrtol": 1e-10, "eps": 1e-10, "duration": 0.08341288566589355, "fun": "0.29265382453452105", "jac": "[ 1.11022293e-06  1.11022293e-06  1.11022293e-06  1.11022293e-06\n -1.11022293e-06  1.11022293e-06]", "hess_inv": "[[ 0.93022212 -0.99883252 -0.80445366  0.49174339 -0.37013799 -0.08924672]\n [-0.99883252  2.75015426  0.24887722 -1.67793909  0.19895134 -0.40650784]\n [-0.80445366  0.24887722  1.39159915  0.21527077  0.25411839  0.64108229]\n [ 0.49174339 -1.67793909  0.21527077  1.25041784 -0.12831281  0.51313523]\n [-0.37013799  0.19895134  0.25411839 -0.12831281  0.50229745 -0.40335447]\n [-0.08924672 -0.40650784  0.64108229  0.51313523 -0.40335447  1.60248042]]", "nfev": "490", "njev": "70", "status": "0", "success": "True", "message": "Optimization terminated successfully.", "x": "[7.72979648 1.08437093 5.28774393 6.01070301 2.26101863 5.48638815]", "nit": "40"}, "8": {"maxiter": 500, "gtol": 1e-05, "xrtol": 1e-05, "eps": 1e-05, "duration": 0.03971385955810547, "fun": "0.2926538248409801", "jac": "[ 2.50167664e-06 -3.36949357e-06  5.80524517e-07  9.56316137e-06\n  3.59989816e-07 -1.31615829e-06]", "hess_inv": "[[  4.36619935   2.44926032  -1.31714211  -1.82684973   1.39137921\n   -5.49497502]\n [  2.44926032  12.34108606  -3.67739778  -4.63481018   7.5607161\n  -19.89661743]\n [ -1.31714211  -3.67739778   8.26178763   1.23884541  -4.02074223\n   10.83176339]\n [ -1.82684973  -4.63481018   1.23884541   7.28844283 -10.22750946\n   17.93690517]\n [  1.39137921   7.5607161   -4.02074223 -10.22750946  63.22178236\n  -77.45991945]\n [ -5.49497502 -19.89661743  10.83176339  17.93690517 -77.45991945\n  112.06642488]]", "nfev": "231", "njev": "33", "status": "0", "success": "True", "message": "Optimization terminated successfully.", "x": "[7.72978326 1.08431238 5.28773905 6.01076516 2.26102486 5.48643285]", "nit": "32"}, "9": {"maxiter": 500, "gtol": 1e-05, "xrtol": 1e-05, "eps": 1e-10, "duration": 0.041027069091796875, "fun": "0.29265382455557387", "jac": "[2.22044587e-06 3.33066880e-06 0.00000000e+00 4.44089173e-06\n 3.33066880e-06 3.33066880e-06]", "hess_inv": "[[  4.38840489   2.34812539  -1.18253874  -1.85710267   1.27237017\n   -5.18378497]\n [  2.34812539  10.54791377  -2.94157505  -4.70688176   6.36588161\n  -16.99813955]\n [ -1.18253874  -2.94157505   7.80843651   0.80035447  -2.98632764\n    8.65847556]\n [ -1.85710267  -4.70688176   0.80035447   7.76655659  -9.27215468\n   16.63231874]\n [  1.27237017   6.36588161  -2.98632764  -9.27215468  61.74004467\n  -73.44289665]\n [ -5.18378497 -16.99813955   8.65847556  16.63231874 -73.44289665\n  103.083191  ]]", "nfev": "238", "njev": "34", "status": "0", "success": "True", "message": "Optimization terminated successfully.", "x": "[7.729795   1.08436439 5.28774992 6.01071864 2.26099825 5.48642911]", "nit": "33"}, "10": {"maxiter": 500, "gtol": 1e-05, "xrtol": 1e-10, "eps": 1e-05, "duration": 0.040119171142578125, "fun": "0.2926538248409801", "jac": "[ 2.50167664e-06 -3.36949357e-06  5.80524517e-07  9.56316137e-06\n  3.59989816e-07 -1.31615829e-06]", "hess_inv": "[[  4.36619935   2.44926032  -1.31714211  -1.82684973   1.39137921\n   -5.49497502]\n [  2.44926032  12.34108606  -3.67739778  -4.63481018   7.5607161\n  -19.89661743]\n [ -1.31714211  -3.67739778   8.26178763   1.23884541  -4.02074223\n   10.83176339]\n [ -1.82684973  -4.63481018   1.23884541   7.28844283 -10.22750946\n   17.93690517]\n [  1.39137921   7.5607161   -4.02074223 -10.22750946  63.22178236\n  -77.45991945]\n [ -5.49497502 -19.89661743  10.83176339  17.93690517 -77.45991945\n  112.06642488]]", "nfev": "231", "njev": "33", "status": "0", "success": "True", "message": "Optimization terminated successfully.", "x": "[7.72978326 1.08431238 5.28773905 6.01076516 2.26102486 5.48643285]", "nit": "32"}, "11": {"maxiter": 500, "gtol": 1e-05, "xrtol": 1e-10, "eps": 1e-10, "duration": 0.04086494445800781, "fun": "0.29265382455557387", "jac": "[2.22044587e-06 3.33066880e-06 0.00000000e+00 4.44089173e-06\n 3.33066880e-06 3.33066880e-06]", "hess_inv": "[[  4.38840489   2.34812539  -1.18253874  -1.85710267   1.27237017\n   -5.18378497]\n [  2.34812539  10.54791377  -2.94157505  -4.70688176   6.36588161\n  -16.99813955]\n [ -1.18253874  -2.94157505   7.80843651   0.80035447  -2.98632764\n    8.65847556]\n [ -1.85710267  -4.70688176   0.80035447   7.76655659  -9.27215468\n   16.63231874]\n [  1.27237017   6.36588161  -2.98632764  -9.27215468  61.74004467\n  -73.44289665]\n [ -5.18378497 -16.99813955   8.65847556  16.63231874 -73.44289665\n  103.083191  ]]", "nfev": "238", "njev": "34", "status": "0", "success": "True", "message": "Optimization terminated successfully.", "x": "[7.729795   1.08436439 5.28774992 6.01071864 2.26099825 5.48642911]", "nit": "33"}, "12": {"maxiter": 500, "gtol": 1e-10, "xrtol": 1e-05, "eps": 1e-05, "duration": 0.04071187973022461, "fun": "0.29265382454860567", "jac": "[ 3.10707016e-07 -8.27526936e-07 -9.55346913e-08  5.97977223e-07\n  3.71924713e-08 -2.58715271e-07]", "hess_inv": "[[  4.3938018    2.61367266  -1.35452369  -2.01021974   1.42671668\n   -5.72508132]\n [  2.61367266  12.84594742  -3.942689    -5.56670751   8.71179449\n  -21.98062641]\n [ -1.35452369  -3.942689     8.30858258   1.50158696  -3.98408568\n   11.07929341]\n [ -2.01021974  -5.56670751   1.50158696   8.45243236 -10.78012738\n   19.70664228]\n [  1.42671668   8.71179449  -3.98408568 -10.78012738  61.40230896\n  -76.34021247]\n [ -5.72508132 -21.98062641  11.07929341  19.70664228 -76.34021247\n  112.91201761]]", "nfev": "238", "njev": "34", "status": "0", "success": "True", "message": "Optimization terminated successfully.", "x": "[7.72979304 1.08437259 5.28772599 6.01069955 2.26103347 5.48635432]", "nit": "33"}, "13": {"maxiter": 500, "gtol": 1e-10, "xrtol": 1e-05, "eps": 1e-10, "duration": 0.04321098327636719, "fun": "0.2926538245399002", "jac": "[1.11022293e-06 0.00000000e+00 2.22044587e-06 0.00000000e+00\n 0.00000000e+00 2.22044587e-06]", "hess_inv": "[[  4.38595197   2.32001203  -1.17516653  -1.76145409   1.21357825\n   -5.02450859]\n [  2.32001203  10.41195232  -2.86498379  -4.3504452    5.92208896\n  -16.1297596 ]\n [ -1.17516653  -2.86498379   7.78661478   0.54427586  -2.81939017\n    8.2203853 ]\n [ -1.76145409  -4.3504452    0.54427586   6.97546229  -7.89335035\n   14.22330268]\n [  1.21357825   5.92208896  -2.81939017  -7.89335035  60.61501685\n  -70.80744004]\n [ -5.02450859 -16.1297596    8.2203853   14.22330268 -70.80744004\n   97.65931202]]", "nfev": "252", "njev": "36", "status": "0", "success": "True", "message": "Optimization terminated successfully.", "x": "[7.72979584 1.08436813 5.28774763 6.0107093  2.26101119 5.48640476]", "nit": "34"}, "14": {"maxiter": 500, "gtol": 1e-10, "xrtol": 1e-10, "eps": 1e-05, "duration": 0.04445219039916992, "fun": "0.2926538245473759", "jac": "[-1.11022302e-11  0.00000000e+00 -1.11022302e-11 -5.55111512e-11\n -1.11022302e-11 -1.11022302e-11]", "hess_inv": "[[  4.39203189   2.64170817  -1.34845054  -2.0129691    1.35807687\n   -5.66344547]\n [  2.64170817  13.61237585  -3.91687983  -5.89497991   7.54339139\n  -21.25320547]\n [ -1.34845054  -3.91687983   8.29977432   1.47264648  -3.97275537\n   11.03536423]\n [ -2.0129691   -5.89497991   1.47264648   8.56445828 -10.19094943\n   19.2756308 ]\n [  1.35807687   7.54339139  -3.97275537 -10.19094943  62.91774988\n  -77.09130408]\n [ -5.66344547 -21.25320547  11.03536423  19.2756308  -77.09130408\n  113.12055677]]", "nfev": "259", "njev": "37", "status": "0", "success": "True", "message": "Optimization terminated successfully.", "x": "[7.72979343 1.08438048 5.28772607 6.01069559 2.26102276 5.48636002]", "nit": "36"}, "15": {"maxiter": 500, "gtol": 1e-10, "xrtol": 1e-10, "eps": 1e-10, "duration": 0.08303308486938477, "fun": "0.29265382453452105", "jac": "[ 1.11022293e-06  1.11022293e-06  1.11022293e-06  1.11022293e-06\n -1.11022293e-06  1.11022293e-06]", "hess_inv": "[[ 0.93022212 -0.99883252 -0.80445366  0.49174339 -0.37013799 -0.08924672]\n [-0.99883252  2.75015426  0.24887722 -1.67793909  0.19895134 -0.40650784]\n [-0.80445366  0.24887722  1.39159915  0.21527077  0.25411839  0.64108229]\n [ 0.49174339 -1.67793909  0.21527077  1.25041784 -0.12831281  0.51313523]\n [-0.37013799  0.19895134  0.25411839 -0.12831281  0.50229745 -0.40335447]\n [-0.08924672 -0.40650784  0.64108229  0.51313523 -0.40335447  1.60248042]]", "nfev": "490", "njev": "70", "status": "0", "success": "True", "message": "Optimization terminated successfully.", "x": "[7.72979648 1.08437093 5.28774393 6.01070301 2.26101863 5.48638815]", "nit": "40"}, "16": {"maxiter": 1000, "gtol": 1e-05, "xrtol": 1e-05, "eps": 1e-05, "duration": 0.0396113395690918, "fun": "0.2926538248409801", "jac": "[ 2.50167664e-06 -3.36949357e-06  5.80524517e-07  9.56316137e-06\n  3.59989816e-07 -1.31615829e-06]", "hess_inv": "[[  4.36619935   2.44926032  -1.31714211  -1.82684973   1.39137921\n   -5.49497502]\n [  2.44926032  12.34108606  -3.67739778  -4.63481018   7.5607161\n  -19.89661743]\n [ -1.31714211  -3.67739778   8.26178763   1.23884541  -4.02074223\n   10.83176339]\n [ -1.82684973  -4.63481018   1.23884541   7.28844283 -10.22750946\n   17.93690517]\n [  1.39137921   7.5607161   -4.02074223 -10.22750946  63.22178236\n  -77.45991945]\n [ -5.49497502 -19.89661743  10.83176339  17.93690517 -77.45991945\n  112.06642488]]", "nfev": "231", "njev": "33", "status": "0", "success": "True", "message": "Optimization terminated successfully.", "x": "[7.72978326 1.08431238 5.28773905 6.01076516 2.26102486 5.48643285]", "nit": "32"}, "17": {"maxiter": 1000, "gtol": 1e-05, "xrtol": 1e-05, "eps": 1e-10, "duration": 0.04088902473449707, "fun": "0.29265382455557387", "jac": "[2.22044587e-06 3.33066880e-06 0.00000000e+00 4.44089173e-06\n 3.33066880e-06 3.33066880e-06]", "hess_inv": "[[  4.38840489   2.34812539  -1.18253874  -1.85710267   1.27237017\n   -5.18378497]\n [  2.34812539  10.54791377  -2.94157505  -4.70688176   6.36588161\n  -16.99813955]\n [ -1.18253874  -2.94157505   7.80843651   0.80035447  -2.98632764\n    8.65847556]\n [ -1.85710267  -4.70688176   0.80035447   7.76655659  -9.27215468\n   16.63231874]\n [  1.27237017   6.36588161  -2.98632764  -9.27215468  61.74004467\n  -73.44289665]\n [ -5.18378497 -16.99813955   8.65847556  16.63231874 -73.44289665\n  103.083191  ]]", "nfev": "238", "njev": "34", "status": "0", "success": "True", "message": "Optimization terminated successfully.", "x": "[7.729795   1.08436439 5.28774992 6.01071864 2.26099825 5.48642911]", "nit": "33"}, "18": {"maxiter": 1000, "gtol": 1e-05, "xrtol": 1e-10, "eps": 1e-05, "duration": 0.03976082801818848, "fun": "0.2926538248409801", "jac": "[ 2.50167664e-06 -3.36949357e-06  5.80524517e-07  9.56316137e-06\n  3.59989816e-07 -1.31615829e-06]", "hess_inv": "[[  4.36619935   2.44926032  -1.31714211  -1.82684973   1.39137921\n   -5.49497502]\n [  2.44926032  12.34108606  -3.67739778  -4.63481018   7.5607161\n  -19.89661743]\n [ -1.31714211  -3.67739778   8.26178763   1.23884541  -4.02074223\n   10.83176339]\n [ -1.82684973  -4.63481018   1.23884541   7.28844283 -10.22750946\n   17.93690517]\n [  1.39137921   7.5607161   -4.02074223 -10.22750946  63.22178236\n  -77.45991945]\n [ -5.49497502 -19.89661743  10.83176339  17.93690517 -77.45991945\n  112.06642488]]", "nfev": "231", "njev": "33", "status": "0", "success": "True", "message": "Optimization terminated successfully.", "x": "[7.72978326 1.08431238 5.28773905 6.01076516 2.26102486 5.48643285]", "nit": "32"}, "19": {"maxiter": 1000, "gtol": 1e-05, "xrtol": 1e-10, "eps": 1e-10, "duration": 0.041005849838256836, "fun": "0.29265382455557387", "jac": "[2.22044587e-06 3.33066880e-06 0.00000000e+00 4.44089173e-06\n 3.33066880e-06 3.33066880e-06]", "hess_inv": "[[  4.38840489   2.34812539  -1.18253874  -1.85710267   1.27237017\n   -5.18378497]\n [  2.34812539  10.54791377  -2.94157505  -4.70688176   6.36588161\n  -16.99813955]\n [ -1.18253874  -2.94157505   7.80843651   0.80035447  -2.98632764\n    8.65847556]\n [ -1.85710267  -4.70688176   0.80035447   7.76655659  -9.27215468\n   16.63231874]\n [  1.27237017   6.36588161  -2.98632764  -9.27215468  61.74004467\n  -73.44289665]\n [ -5.18378497 -16.99813955   8.65847556  16.63231874 -73.44289665\n  103.083191  ]]", "nfev": "238", "njev": "34", "status": "0", "success": "True", "message": "Optimization terminated successfully.", "x": "[7.729795   1.08436439 5.28774992 6.01071864 2.26099825 5.48642911]", "nit": "33"}, "20": {"maxiter": 1000, "gtol": 1e-10, "xrtol": 1e-05, "eps": 1e-05, "duration": 0.041005849838256836, "fun": "0.29265382454860567", "jac": "[ 3.10707016e-07 -8.27526936e-07 -9.55346913e-08  5.97977223e-07\n  3.71924713e-08 -2.58715271e-07]", "hess_inv": "[[  4.3938018    2.61367266  -1.35452369  -2.01021974   1.42671668\n   -5.72508132]\n [  2.61367266  12.84594742  -3.942689    -5.56670751   8.71179449\n  -21.98062641]\n [ -1.35452369  -3.942689     8.30858258   1.50158696  -3.98408568\n   11.07929341]\n [ -2.01021974  -5.56670751   1.50158696   8.45243236 -10.78012738\n   19.70664228]\n [  1.42671668   8.71179449  -3.98408568 -10.78012738  61.40230896\n  -76.34021247]\n [ -5.72508132 -21.98062641  11.07929341  19.70664228 -76.34021247\n  112.91201761]]", "nfev": "238", "njev": "34", "status": "0", "success": "True", "message": "Optimization terminated successfully.", "x": "[7.72979304 1.08437259 5.28772599 6.01069955 2.26103347 5.48635432]", "nit": "33"}, "21": {"maxiter": 1000, "gtol": 1e-10, "xrtol": 1e-05, "eps": 1e-10, "duration": 0.04337024688720703, "fun": "0.2926538245399002", "jac": "[1.11022293e-06 0.00000000e+00 2.22044587e-06 0.00000000e+00\n 0.00000000e+00 2.22044587e-06]", "hess_inv": "[[  4.38595197   2.32001203  -1.17516653  -1.76145409   1.21357825\n   -5.02450859]\n [  2.32001203  10.41195232  -2.86498379  -4.3504452    5.92208896\n  -16.1297596 ]\n [ -1.17516653  -2.86498379   7.78661478   0.54427586  -2.81939017\n    8.2203853 ]\n [ -1.76145409  -4.3504452    0.54427586   6.97546229  -7.89335035\n   14.22330268]\n [  1.21357825   5.92208896  -2.81939017  -7.89335035  60.61501685\n  -70.80744004]\n [ -5.02450859 -16.1297596    8.2203853   14.22330268 -70.80744004\n   97.65931202]]", "nfev": "252", "njev": "36", "status": "0", "success": "True", "message": "Optimization terminated successfully.", "x": "[7.72979584 1.08436813 5.28774763 6.0107093  2.26101119 5.48640476]", "nit": "34"}, "22": {"maxiter": 1000, "gtol": 1e-10, "xrtol": 1e-10, "eps": 1e-05, "duration": 0.04464316368103027, "fun": "0.2926538245473759", "jac": "[-1.11022302e-11  0.00000000e+00 -1.11022302e-11 -5.55111512e-11\n -1.11022302e-11 -1.11022302e-11]", "hess_inv": "[[  4.39203189   2.64170817  -1.34845054  -2.0129691    1.35807687\n   -5.66344547]\n [  2.64170817  13.61237585  -3.91687983  -5.89497991   7.54339139\n  -21.25320547]\n [ -1.34845054  -3.91687983   8.29977432   1.47264648  -3.97275537\n   11.03536423]\n [ -2.0129691   -5.89497991   1.47264648   8.56445828 -10.19094943\n   19.2756308 ]\n [  1.35807687   7.54339139  -3.97275537 -10.19094943  62.91774988\n  -77.09130408]\n [ -5.66344547 -21.25320547  11.03536423  19.2756308  -77.09130408\n  113.12055677]]", "nfev": "259", "njev": "37", "status": "0", "success": "True", "message": "Optimization terminated successfully.", "x": "[7.72979343 1.08438048 5.28772607 6.01069559 2.26102276 5.48636002]", "nit": "36"}, "23": {"maxiter": 1000, "gtol": 1e-10, "xrtol": 1e-10, "eps": 1e-10, "duration": 0.08327817916870117, "fun": "0.29265382453452105", "jac": "[ 1.11022293e-06  1.11022293e-06  1.11022293e-06  1.11022293e-06\n -1.11022293e-06  1.11022293e-06]", "hess_inv": "[[ 0.93022212 -0.99883252 -0.80445366  0.49174339 -0.37013799 -0.08924672]\n [-0.99883252  2.75015426  0.24887722 -1.67793909  0.19895134 -0.40650784]\n [-0.80445366  0.24887722  1.39159915  0.21527077  0.25411839  0.64108229]\n [ 0.49174339 -1.67793909  0.21527077  1.25041784 -0.12831281  0.51313523]\n [-0.37013799  0.19895134  0.25411839 -0.12831281  0.50229745 -0.40335447]\n [-0.08924672 -0.40650784  0.64108229  0.51313523 -0.40335447  1.60248042]]", "nfev": "490", "njev": "70", "status": "0", "success": "True", "message": "Optimization terminated successfully.", "x": "[7.72979648 1.08437093 5.28774393 6.01070301 2.26101863 5.48638815]", "nit": "40"}}, "cobyla": {"0": {"maxiter": 100, "tol": 1e-05, "catol": 1e-05, "duration": 0.01628422737121582, "x": "[7.72844999 1.07087722 5.26586378 6.01218901 2.41926889 5.31003267]", "status": "2", "success": "False", "message": "Maximum number of function evaluations has been exceeded.", "nfev": "100", "fun": "0.2929648440385525", "maxcv": "0.0"}, "1": {"maxiter": 100, "tol": 1e-05, "catol": 1e-10, "duration": 0.016241073608398438, "x": "[7.72844999 1.07087722 5.26586378 6.01218901 2.41926889 5.31003267]", "status": "2", "success": "False", "message": "Maximum number of function evaluations has been exceeded.", "nfev": "100", "fun": "0.2929648440385525", "maxcv": "0.0"}, "2": {"maxiter": 100, "tol": 1e-10, "catol": 1e-05, "duration": 0.01627326011657715, "x": "[7.72844999 1.07087722 5.26586378 6.01218901 2.41926889 5.31003267]", "status": "2", "success": "False", "message": "Maximum number of function evaluations has been exceeded.", "nfev": "100", "fun": "0.2929648440385525", "maxcv": "0.0"}, "3": {"maxiter": 100, "tol": 1e-10, "catol": 1e-10, "duration": 0.01598811149597168, "x": "[7.72844999 1.07087722 5.26586378 6.01218901 2.41926889 5.31003267]", "status": "2", "success": "False", "message": "Maximum number of function evaluations has been exceeded.", "nfev": "100", "fun": "0.2929648440385525", "maxcv": "0.0"}, "4": {"maxiter": 500, "tol": 1e-05, "catol": 1e-05, "duration": 0.07961583137512207, "x": "[7.73085982 1.08840887 5.28548431 6.0068863  2.27736441 5.46365244]", "status": "2", "success": "False", "message": "Maximum number of function evaluations has been exceeded.", "nfev": "500", "fun": "0.29265622109115197", "maxcv": "0.0"}, "5": {"maxiter": 500, "tol": 1e-05, "catol": 1e-10, "duration": 0.07970786094665527, "x": "[7.73085982 1.08840887 5.28548431 6.0068863  2.27736441 5.46365244]", "status": "2", "success": "False", "message": "Maximum number of function evaluations has been exceeded.", "nfev": "500", "fun": "0.29265622109115197", "maxcv": "0.0"}, "6": {"maxiter": 500, "tol": 1e-10, "catol": 1e-05, "duration": 0.07954907417297363, "x": "[7.73085982 1.08840887 5.28548431 6.0068863  2.27736441 5.46365244]", "status": "2", "success": "False", "message": "Maximum number of function evaluations has been exceeded.", "nfev": "500", "fun": "0.29265622109115197", "maxcv": "0.0"}, "7": {"maxiter": 500, "tol": 1e-10, "catol": 1e-10, "duration": 0.08006882667541504, "x": "[7.73085982 1.08840887 5.28548431 6.