{"date": "2024/07/19/, 08:56:38", "conf_id": 171, "data_type": "non_lin_ind\n", "num_data_points": 1, "s_rank": 0, "unitary": "[[-0.56303964-0.00798273j,-0.21670212-0.15784972j,-0.06047197-0.73952673j,-0.01438004+0.24552571j],[-0.06976756+0.23474685j,-0.01275565-0.5435098j,-0.02703657-0.08917885j,-0.08210486-0.79311774j],[-0.38559961+0.10714929j,0.5933431-0.2687392j,-0.24060861+0.29149289j,-0.45147719+0.26241743j],[-0.50180421+0.45931857j,-0.11617175+0.44134496j,0.49642745+0.22684508j,-0.08544628-0.15407063j]]", "databatch_0": {"databatch": "[[[-0.18320982+0.28009666j,-0.14829916+0.14636865j,0.15659342+0.17385461j,-0.28010647+0.10190997j],[-0.11712449+0.29619778j,-0.11352828+0.27169512j,0.03995393-0.00113721j,-0.22955742+0.13813441j],[-0.28559645-0.05940343j,-0.19516499-0.09238646j,0.12435825+0.14635519j,-0.12707117-0.16952897j],[-0.17372643+0.20279494j,-0.18552462-0.12912347j,0.06170114+0.02014075j,-0.30597117-0.07561237j]]]", "initial param values": "[2.32959338,0.15039448,4.41478103,4.04148817,1.28433418,4.87922374]", "nelder_mead": {"type": "gradient-free", "0": {"maxiter": 100, "fatol": 1e-05, "xatol": 1e-05, "duration": 0.027456045150756836, "fun": "0.144500477260193", "nit": "100", "nfev": "157", "status": "2", "success": "False", "message": "Maximum number of iterations has been exceeded.", "x": "[0.78030619 0.13310508 6.86129188 2.74767323 1.69080932 6.62798014]", "final_simplex": "(array([[0.78030619, 0.13310508, 6.86129188, 2.74767323, 1.69080932,\n        6.62798014],\n       [0.77481478, 0.13318583, 6.89037544, 2.73797693, 1.68853506,\n        6.64486092],\n       [0.73964952, 0.1332248 , 6.87005429, 2.75502352, 1.70529128,\n        6.63245269],\n       [0.76824388, 0.13372858, 6.85968622, 2.76260032, 1.68830263,\n        6.62276949],\n       [0.72906362, 0.13233224, 6.85558745, 2.7163908 , 1.72578971,\n        6.64432629],\n       [0.71482426, 0.13348812, 6.85936065, 2.7631473 , 1.71215385,\n        6.65972653],\n       [0.7177413 , 0.13221988, 6.86627422, 2.72522823, 1.71873543,\n        6.69516708]]), array([0.14450048, 0.1445109 , 0.14453338, 0.14457292, 0.14465855,\n       0.14469609, 0.14480502]))"}, "1": {"maxiter": 100, "fatol": 1e-05, "xatol": 1e-10, "duration": 0.027135848999023438, "fun": "0.144500477260193", "nit": "100", "nfev": "157", "status": "2", "success": "False", "message": "Maximum number of iterations has been exceeded.", "x": "[0.78030619 0.13310508 6.86129188 2.74767323 1.69080932 6.62798014]", "final_simplex": "(array([[0.78030619, 0.13310508, 6.86129188, 2.74767323, 1.69080932,\n        6.62798014],\n       [0.77481478, 0.13318583, 6.89037544, 2.73797693, 1.68853506,\n        6.64486092],\n       [0.73964952, 0.1332248 , 6.87005429, 2.75502352, 1.70529128,\n        6.63245269],\n       [0.76824388, 0.13372858, 6.85968622, 2.76260032, 1.68830263,\n        6.62276949],\n       [0.72906362, 0.13233224, 6.85558745, 2.7163908 , 1.72578971,\n        6.64432629],\n       [0.71482426, 0.13348812, 6.85936065, 2.7631473 , 1.71215385,\n        6.65972653],\n       [0.7177413 , 0.13221988, 6.86627422, 2.72522823, 1.71873543,\n        6.69516708]]), array([0.14450048, 0.1445109 , 0.14453338, 0.14457292, 0.14465855,\n       0.14469609, 0.14480502]))"}, "2": {"maxiter": 100, "fatol": 1e-10, "xatol": 1e-05, "duration": 0.027112960815429688, "fun": "0.144500477260193", "nit": "100", "nfev": "157", "status": "2", "success": "False", "message": "Maximum number of iterations has been exceeded.", "x": "[0.78030619 0.13310508 6.86129188 2.74767323 1.69080932 6.62798014]", "final_simplex": "(array([[0.78030619, 0.13310508, 6.86129188, 2.74767323, 1.69080932,\n        6.62798014],\n       [0.77481478, 0.13318583, 6.89037544, 2.73797693, 1.68853506,\n        6.64486092],\n       [0.73964952, 0.1332248 , 6.87005429, 2.75502352, 1.70529128,\n        6.63245269],\n       [0.76824388, 0.13372858, 6.85968622, 2.76260032, 1.68830263,\n        6.62276949],\n       [0.72906362, 0.13233224, 6.85558745, 2.7163908 , 1.72578971,\n        6.64432629],\n       [0.71482426, 0.13348812, 6.85936065, 2.7631473 , 1.71215385,\n        6.65972653],\n       [0.7177413 , 0.13221988, 6.86627422, 2.72522823, 1.71873543,\n        6.69516708]]), array([0.14450048, 0.1445109 , 0.14453338, 0.14457292, 0.14465855,\n       0.14469609, 0.14480502]))"}, "3": {"maxiter": 100, "fatol": 1e-10, "xatol": 1e-10, "duration": 0.0271761417388916, "fun": "0.144500477260193", "nit": "100", "nfev": "157", "status": "2", "success": "False", "message": "Maximum number of iterations has been exceeded.", "x": "[0.78030619 0.13310508 6.86129188 2.74767323 1.69080932 6.62798014]", "final_simplex": "(array([[0.78030619, 0.13310508, 6.86129188, 2.74767323, 1.69080932,\n        6.62798014],\n       [0.77481478, 0.13318583, 6.89037544, 2.73797693, 1.68853506,\n        6.64486092],\n       [0.73964952, 0.1332248 , 6.87005429, 2.75502352, 1.70529128,\n        6.63245269],\n       [0.76824388, 0.13372858, 6.85968622, 2.76260032, 1.68830263,\n        6.62276949],\n       [0.72906362, 0.13233224, 6.85558745, 2.7163908 , 1.72578971,\n        6.64432629],\n       [0.71482426, 0.13348812, 6.85936065, 2.7631473 , 1.71215385,\n        6.65972653],\n       [0.7177413 , 0.13221988, 6.86627422, 2.72522823, 1.71873543,\n        6.69516708]]), array([0.14450048, 0.1445109 , 0.14453338, 0.14457292, 0.14465855,\n       0.14469609, 0.14480502]))"}, "4": {"maxiter": 500, "fatol": 1e-05, "xatol": 1e-05, "duration": 0.13167881965637207, "fun": "0.12351220773756166", "nit": "500", "nfev": "762", "status": "2", "success": "False", "message": "Maximum number of iterations has been exceeded.", "x": "[0.13039878 0.2655284  6.54815887 1.89971834 0.26895297 5.57388198]", "final_simplex": "(array([[0.13039878, 0.2655284 , 6.54815887, 1.89971834, 0.26895297,\n        5.57388198],\n       [0.13028302, 0.26562183, 6.54810477, 1.89991276, 0.26884191,\n        5.57384217],\n       [0.13007954, 0.26570617, 6.54798986, 1.89977991, 0.26880385,\n        5.57389833],\n       [0.12991564, 0.2656406 , 6.54804111, 1.89908797, 0.2685585 ,\n        5.57379418],\n       [0.13024946, 0.26571813, 6.54780972, 1.89979575, 0.2687429 ,\n        5.57394623],\n       [0.13027384, 0.26567437, 6.54807693, 1.89974632, 0.26882308,\n        5.57381441],\n       [0.13028338, 0.26567781, 6.54810251, 1.89963719, 0.26877905,\n        5.57390526]]), array([0.12351221, 0.12351221, 0.12351222, 0.12351223, 0.12351224,\n       0.12351224, 0.12351224]))"}, "5": {"maxiter": 500, "fatol": 1e-05, "xatol": 1e-10, "duration": 0.13149595260620117, "fun": "0.12351220773756166", "nit": "500", "nfev": "762", "status": "2", "success": "False", "message": "Maximum number of iterations has been exceeded.", "x": "[0.13039878 0.2655284  6.54815887 1.89971834 0.26895297 5.57388198]", "final_simplex": "(array([[0.13039878, 0.2655284 , 6.54815887, 1.89971834, 0.26895297,\n        5.57388198],\n       [0.13028302, 0.26562183, 6.54810477, 1.89991276, 0.26884191,\n        5.57384217],\n       [0.13007954, 0.26570617, 6.54798986, 1.89977991, 0.26880385,\n        5.57389833],\n       [0.12991564, 0.2656406 , 6.54804111, 1.89908797, 0.2685585 ,\n        5.57379418],\n       [0.13024946, 0.26571813, 6.54780972, 1.89979575, 0.2687429 ,\n        5.57394623],\n       [0.13027384, 0.26567437, 6.54807693, 1.89974632, 0.26882308,\n        5.57381441],\n       [0.13028338, 0.26567781, 6.54810251, 1.89963719, 0.26877905,\n        5.57390526]]), array([0.12351221, 0.12351221, 0.12351222, 0.12351223, 0.12351224,\n       0.12351224, 0.12351224]))"}, "6": {"maxiter": 500, "fatol": 1e-10, "xatol": 1e-05, "duration": 0.13089299201965332, "fun": "0.12351220773756166", "nit": "500", "nfev": "762", "status": "2", "success": "False", "message": "Maximum number of iterations has been exceeded.", "x": "[0.13039878 0.2655284  6.54815887 1.89971834 0.26895297 5.57388198]", "final_simplex": "(array([[0.13039878, 0.2655284 , 6.54815887, 1.89971834, 0.26895297,\n        5.57388198],\n       [0.13028302, 0.26562183, 6.54810477, 1.89991276, 0.26884191,\n        5.57384217],\n       [0.13007954, 0.26570617, 6.54798986, 1.89977991, 0.26880385,\n        5.57389833],\n       [0.12991564, 0.2656406 , 6.54804111, 1.89908797, 0.2685585 ,\n        5.57379418],\n       [0.13024946, 0.26571813, 6.54780972, 1.89979575, 0.2687429 ,\n        5.57394623],\n       [0.13027384, 0.26567437, 6.54807693, 1.89974632, 0.26882308,\n        5.57381441],\n       [0.13028338, 0.26567781, 6.54810251, 1.89963719, 0.26877905,\n        5.57390526]]), array([0.12351221, 0.12351221, 0.12351222, 0.12351223, 0.12351224,\n       0.12351224, 0.12351224]))"}, "7": {"maxiter": 500, "fatol": 1e-10, "xatol": 1e-10, "duration": 0.13168096542358398, "fun": "0.12351220773756166", "nit": "500", "nfev": "762", "status": "2", "success": "False", "message": "Maximum number of iterations has been exceeded.", "x": "[0.13039878 0.2655284  6.54815887 1.89971834 0.26895297 5.57388198]", "final_simplex": "(array([[0.13039878, 0.2655284 , 6.54815887, 1.89971834, 0.26895297,\n        5.57388198],\n       [0.13028302, 0.26562183, 6.54810477, 1.89991276, 0.26884191,\n        5.57384217],\n       [0.13007954, 0.26570617, 6.54798986, 1.89977991, 0.26880385,\n        5.57389833],\n       [0.12991564, 0.2656406 , 6.54804111, 1.89908797, 0.2685585 ,\n        5.57379418],\n       [0.13024946, 0.26571813, 6.54780972, 1.89979575, 0.2687429 ,\n        5.57394623],\n       [0.13027384, 0.26567437, 6.54807693, 1.89974632, 0.26882308,\n        5.57381441],\n       [0.13028338, 0.26567781, 6.54810251, 1.89963719, 0.26877905,\n        5.57390526]]), array([0.12351221, 0.12351221, 0.12351222, 0.12351223, 0.12351224,\n       0.12351224, 0.12351224]))"}, "8": {"maxiter": 1000, "fatol": 1e-05, "xatol": 1e-05, "duration": 0.19736814498901367, "fun": "0.12349766191313549", "nit": "754", "nfev": "1145", "status": "0", "success": "True", "message": "Optimization terminated successfully.", "x": "[0.14185316 0.18971167 6.62580426 1.91640797 0.27672596 5.57783471]", "final_simplex": "(array([[0.14185316, 0.18971167, 6.62580426, 1.91640797, 0.27672596,\n        5.57783471],\n       [0.14185476, 0.18970454, 6.62581052, 1.91640313, 0.27672478,\n        5.57783824],\n       [0.14185493, 0.18971558, 6.625802  , 1.91640684, 0.27672691,\n        5.57783824],\n       [0.14185098, 0.18970909, 6.62580853, 1.91640388, 0.27672604,\n        5.57783847],\n       [0.14185128, 0.18972043, 6.62579752, 1.91640452, 0.27672859,\n        5.57783866],\n       [0.14185594, 0.18971057, 6.62580626, 1.91640936, 0.27673053,\n        5.57783812],\n       [0.14185389, 0.18971334, 6.62580368, 1.91639872, 0.27672438,\n        5.57783543]]), array([0.12349766, 0.12349766, 0.12349766, 0.12349766, 0.12349766,\n       0.12349766, 0.12349766]))"}, "9": {"maxiter": 1000, "fatol": 1e-05, "xatol": 1e-10, "duration": 0.23388385772705078, "fun": "0.12349766190732847", "nit": "875", "nfev": "1407", "status": "0", "success": "True", "message": "Optimization terminated successfully.", "x": "[0.14184344 0.1897403  6.62577118 1.91639496 0.27671863 5.57783412]", "final_simplex": "(array([[0.14184344, 0.1897403 , 6.62577118, 1.91639496, 0.27671863,\n        5.57783412],\n       [0.14184344, 0.1897403 , 6.62577118, 1.91639496, 0.27671863,\n        5.57783412],\n       [0.14184344, 0.1897403 , 6.62577118, 1.91639496, 0.27671863,\n        5.57783412],\n       [0.14184344, 0.1897403 , 6.62577118, 1.91639496, 0.27671863,\n        5.57783412],\n       [0.14184344, 0.1897403 , 6.62577118, 1.91639496, 0.27671863,\n        5.57783412],\n       [0.14184344, 0.1897403 , 6.62577118, 1.91639496, 0.27671863,\n        5.57783412],\n       [0.14184344, 0.1897403 , 6.62577118, 1.91639496, 0.27671863,\n        5.57783412]]), array([0.12349766, 0.12349766, 0.12349766, 0.12349766, 0.12349766,\n       0.12349766, 0.12349766]))"}, "10": {"maxiter": 1000, "fatol": 1e-10, "xatol": 1e-05, "duration": 0.19063186645507812, "fun": "0.12349766191313549", "nit": "754", "nfev": "1145", "status": "0", "success": "True", "message": "Optimization terminated successfully.", "x": "[0.14185316 0.18971167 6.62580426 1.91640797 0.27672596 5.57783471]", "final_simplex": "(array([[0.14185316, 0.18971167, 6.62580426, 1.91640797, 0.27672596,\n        5.57783471],\n       [0.14185476, 0.18970454, 6.62581052, 1.91640313, 0.27672478,\n        5.57783824],\n       [0.14185493, 0.18971558, 6.625802  , 1.91640684, 0.27672691,\n        5.57783824],\n       [0.14185098, 0.18970909, 6.62580853, 1.91640388, 0.27672604,\n        5.57783847],\n       [0.14185128, 0.18972043, 6.62579752, 1.91640452, 0.27672859,\n        5.57783866],\n       [0.14185594, 0.18971057, 6.62580626, 1.91640936, 0.27673053,\n        5.57783812],\n       [0.14185389, 0.18971334, 6.62580368, 1.91639872, 0.27672438,\n        5.57783543]]), array([0.12349766, 0.12349766, 0.12349766, 0.12349766, 0.12349766,\n       0.12349766, 0.12349766]))"}, "11": {"maxiter": 1000, "fatol": 1e-10, "xatol": 1e-10, "duration": 0.2336421012878418, "fun": "0.12349766190732847", "nit": "875", "nfev": "1407", "status": "0", "success": "True", "message": "Optimization terminated successfully.", "x": "[0.14184344 0.1897403  6.62577118 1.91639496 0.27671863 5.57783412]", "final_simplex": "(array([[0.14184344, 0.1897403 , 6.62577118, 1.91639496, 0.27671863,\n        5.57783412],\n       [0.14184344, 0.1897403 , 6.62577118, 1.91639496, 0.27671863,\n        5.57783412],\n       [0.14184344, 0.1897403 , 6.62577118, 1.91639496, 0.27671863,\n        5.57783412],\n       [0.14184344, 0.1897403 , 6.62577118, 1.91639496, 0.27671863,\n        5.57783412],\n       [0.14184344, 0.1897403 , 6.62577118, 1.91639496, 0.27671863,\n        5.57783412],\n       [0.14184344, 0.1897403 , 6.62577118, 1.91639496, 0.27671863,\n        5.57783412],\n       [0.14184344, 0.1897403 , 6.62577118, 1.91639496, 0.27671863,\n        5.57783412]]), array([0.12349766, 0.12349766, 0.12349766, 0.12349766, 0.12349766,\n       0.12349766, 0.12349766]))"}}, "bfgs": {"type": "gradient", "0": {"maxiter": 100, "gtol": 1e-05, "xrtol": 1e-05, "eps": 1e-05, "duration": 0.07928919792175293, "fun": "0.12349766229339199", "jac": "[ 9.71770442e-06 -6.54990506e-06 -7.08223480e-06  2.23459029e-06\n  2.03007611e-06 -7.11697368e-07]", "hess_inv": "[[  14.62910309  -24.42160312   27.578377    -17.00995868    9.08687813\n     1.86354743]\n [ -24.42160312  157.90039392 -162.53359771   33.82184802  -17.28800426\n    -8.14203606]\n [  27.578377   -162.53359771  170.61236208  -38.26143845   20.93883532\n     9.02239284]\n [ -17.00995868   33.82184802  -38.26143845   35.02472814  -17.69600352\n    -4.27253343]\n [   9.08687813  -17.28800426   20.93883532  -17.69600352   12.65017451\n     3.30017711]\n [   1.86354743   -8.14203606    9.02239284   -4.27253343    3.30017711\n     3.54909909]]", "nfev": "469", "njev": "67", "status": "0", "success": "True", "message": "Optimization terminated successfully.", "x": "[6.4251049  0.1897199  6.62577696 4.36674758 3.41832256 2.43623041]", "nit": "52"}, "1": {"maxiter": 100, "gtol": 1e-05, "xrtol": 1e-05, "eps": 1e-10, "duration": 0.07962393760681152, "fun": "0.12349766229266557", "jac": "[ 3.33066880e-06 -1.11022293e-06 -4.44089173e-06  2.22044587e-06\n  6.66133760e-06  0.00000000e+00]", "hess_inv": "[[  16.10198302  -24.28219427   27.23710988  -17.47442414    9.21513149\n     1.9379424 ]\n [ -24.28219427  163.31996422 -166.55069014   33.23071403  -16.37921372\n    -7.35642685]\n [  27.23710988 -166.55069014  173.04785204  -37.61077743   19.85517569\n     8.2751396 ]\n [ -17.47442414   33.23071403  -37.61077743   33.66874187  -16.65000295\n    -4.33111041]\n [   9.21513149  -16.37921372   19.85517569  -16.65000295   12.19451071\n     3.12348846]\n [   1.9379424    -7.35642685    8.2751396    -4.33111041    3.12348846\n     3.35765989]]", "nfev": "455", "njev": "65", "status": "0", "success": "True", "message": "Optimization terminated successfully.", "x": "[6.42509242 0.18983503 6.62569287 4.36670171 3.41838472 2.43625403]", "nit": "50"}, "2": {"maxiter": 100, "gtol": 1e-05, "xrtol": 1e-10, "eps": 1e-05, "duration": 0.08227086067199707, "fun": "0.12349766229339199", "jac": "[ 9.71770442e-06 -6.54990506e-06 -7.08223480e-06  2.23459029e-06\n  2.03007611e-06 -7.11697368e-07]", "hess_inv": "[[  14.62910309  -24.42160312   27.578377    -17.00995868    9.08687813\n     1.86354743]\n [ -24.42160312  157.90039392 -162.53359771   33.82184802  -17.28800426\n    -8.14203606]\n [  27.578377   -162.53359771  170.61236208  -38.26143845   20.93883532\n     9.02239284]\n [ -17.00995868   33.82184802  -38.26143845   35.02472814  -17.69600352\n    -4.27253343]\n [   9.08687813  -17.28800426   20.93883532  -17.69600352   12.65017451\n     3.30017711]\n [   1.86354743   -8.14203606    9.02239284   -4.27253343    3.30017711\n     3.54909909]]", "nfev": "469", "njev": "67", "status": "0", "success": "True", "message": "Optimization terminated successfully.", "x": "[6.4251049  0.1897199  6.62577696 4.36674758 3.41832256 2.43623041]", "nit": "52"}, "3": {"maxiter": 100, "gtol": 1e-05, "xrtol": 1e-10, "eps": 1e-10, "duration": 0.07992887496948242, "fun": "0.12349766229266557", "jac": "[ 3.33066880e-06 -1.11022293e-06 -4.44089173e-06  2.22044587e-06\n  6.66133760e-06  0.00000000e+00]", "hess_inv": "[[  16.10198302  -24.28219427   27.23710988  -17.47442414    9.21513149\n     1.9379424 ]\n [ -24.28219427  163.31996422 -166.55069014   33.23071403  -16.37921372\n    -7.35642685]\n [  27.23710988 -166.55069014  173.04785204  -37.61077743   19.85517569\n     8.2751396 ]\n [ -17.47442414   33.23071403  -37.61077743   33.66874187  -16.65000295\n    -4.33111041]\n [   9.21513149  -16.37921372   19.85517569  -16.65000295   12.19451071\n     3.12348846]\n [   1.9379424    -7.35642685    8.2751396    -4.33111041    3.12348846\n     3.35765989]]", "nfev": "455", "njev": "65", "status": "0", "success": "True", "message": "Optimization terminated successfully.", "x": "[6.42509242 0.18983503 6.62569287 4.36670171 3.41838472 2.43625403]", "nit": "50"}, "4": {"maxiter": 100, "gtol": 1e-10, "xrtol": 1e-05, "eps": 1e-05, "duration": 0.08490920066833496, "fun": "0.12349766196694412", "jac": "[ 7.80486786e-09  5.47561996e-08  4.05675493e-08  2.00728323e-08\n  6.28275210e-08 -1.10755849e-07]", "hess_inv": "[[  16.66416692  -23.86046019   26.88700711  -18.35294321    9.78355013\n     1.92167287]\n [ -23.86046019  153.97987923 -158.32171332   32.44151978  -16.51141598\n    -7.63603332]\n [  26.88700711 -158.32171332  166.08900397  -36.70069102   20.06254797\n     8.45795293]\n [ -18.35294321   32.44151978  -36.70069102   35.57773319  -17.96014671\n    -4.09409629]\n [   9.78355013  -16.51141598   20.06254797  -17.96014671   12.77379008\n     3.19145465]\n [   1.92167287   -7.63603332    8.45795293   -4.09409629    3.19145465\n     3.38220568]]", "nfev": "483", "njev": "69", "status": "0", "success": "True", "message": "Optimization terminated successfully.", "x": "[6.42499961 0.18979464 6.62570227 4.36683254 3.4182779  2.4362267 ]", "nit": "54"}, "5": {"maxiter": 100, "gtol": 1e-10, "xrtol": 1e-05, "eps": 1e-10, "duration": 0.0846869945526123, "fun": "0.12349766203342738", "jac": "[ 2.22044587e-06  2.22044587e-06  2.22044587e-06  1.11022293e-06\n  3.33066880e-06 -2.22044587e-06]", "hess_inv": "[[ 11.45582062  -0.58386617   1.67921372  -8.29507504   5.62790102\n    1.13918215]\n [ -0.58386617  19.23644168 -18.71716765   2.22000491  -1.0930415\n   -1.11695133]\n [  1.67921372 -18.71716765  20.65955263  -3.22254526   2.89233655\n    1.8714971 ]\n [ -8.29507504   2.22000491  -3.22254526  13.22618957  -7.88772156\n   -2.34222448]\n [  5.62790102  -1.0930415    2.89233655  -7.88772156   8.9140245\n    2.46278486]\n [  1.13918215  -1.11695133   1.8714971   -2.34222448   2.46278486\n    3.01394734]]", "nfev": "483", "njev": "69", "status": "0", "success": "True", "message": "Optimization terminated successfully.", "x": "[6.42508143 0.18958583 6.62594079 4.36671937 3.41835763 2.43625376]", "nit": "53"}, "6": {"maxiter": 100, "gtol": 1e-10, "xrtol": 1e-10, "eps": 1e-05, "duration": 0.08730077743530273, "fun": "0.12349766196664136", "jac": "[-2.55351296e-10  3.66373598e-10  4.32986980e-10 -5.55111512e-11\n  1.66533454e-10 -2.88657986e-10]", "hess_inv": "[[  16.50168354  -24.02206484   26.87361694  -18.07421204    9.53726657\n     2.01123972]\n [ -24.02206484  166.72576729 -170.32425126   33.30153656  -16.15633204\n    -9.06160269]\n [  26.87361694 -170.32425126  177.18458171  -37.21121303   19.43619728\n     9.95660015]\n [ -18.07421204   33.30153656  -37.21121303   35.15738567  -17.49819425\n    -4.39683119]\n [   9.53726657  -16.15633204   19.43619728  -17.49819425   12.36992673\n     3.35286483]\n [   2.01123972   -9.06160269    9.95660015   -4.39683119    3.35286483\n     3.45954748]]", "nfev": "511", "njev": "73", "status": "0", "success": "True", "message": "Optimization terminated successfully.", "x": "[6.42499971 0.18979192 6.62570486 4.36683226 3.41827787 2.43622704]", "nit": "57"}, "7": {"maxiter": 100, "gtol": 1e-10, "xrtol": 1e-10, "eps": 1e-10, "duration": 0.09338808059692383, "fun": "0.12349766199772216", "jac": "[2.22044587e-06 0.00000000e+00 1.11022293e-06 0.00000000e+00\n 0.00000000e+00 0.00000000e+00]", "hess_inv": "[[  9.02395179   6.22230072  -5.07289955  -3.98440301   3.59001163\n    1.11413619]\n [  6.22230072  12.11267471 -11.33681811  -5.04946427   4.92253989\n    0.59182048]\n [ -5.07289955 -11.33681811  12.81667416   4.24187659  -3.07103501\n    0.49763481]\n [ -3.98440301  -5.04946427   4.24187659   7.43976495  -4.14774991\n   -1.8002406 ]\n [  3.59001163   4.92253989  -3.07103501  -4.14774991   7.21438875\n    2.48946349]\n [  1.11413619   0.59182048   0.49763481  -1.8002406    2.48946349\n    2.88470471]]", "nfev": "553", "njev": "79", "status": "0", "success": "True", "message": "Optimization terminated successfully.", "x": "[6.42506122 0.18957781 6.62594074 4.36673288 3.4183389  2.43625271]", "nit": "55"}, "8": {"maxiter": 500, "gtol": 1e-05, "xrtol": 1e-05, "eps": 1e-05, "duration": 0.07923412322998047, "fun": "0.12349766229339199", "jac": "[ 9.71770442e-06 -6.54990506e-06 -7.08223480e-06  2.23459029e-06\n  2.03007611e-06 -7.11697368e-07]", "hess_inv": "[[  14.62910309  -24.42160312   27.578377    -17.00995868    9.08687813\n     1.86354743]\n [ -24.42160312  157.90039392 -162.53359771   33.82184802  -17.28800426\n    -8.14203606]\n [  27.578377   -162.53359771  170.61236208  -38.26143845   20.93883532\n     9.02239284]\n [ -17.00995868   33.82184802  -38.26143845   35.02472814  -17.69600352\n    -4.27253343]\n [   9.08687813  -17.28800426   20.93883532  -17.69600352   12.65017451\n     3.30017711]\n [   1.86354743   -8.14203606    9.02239284   -4.27253343    3.30017711\n     3.54909909]]", "nfev": "469", "njev": "67", "status": "0", "success": "True", "message": "Optimization terminated successfully.", "x": "[6.4251049  0.1897199  6.62577696 4.36674758 3.41832256 2.43623041]", "nit": "52"}, "9": {"maxiter": 500, "gtol": 1e-05, "xrtol": 1e-05, "eps": 1e-10, "duration": 0.07721495628356934, "fun": "0.12349766229266557", "jac": "[ 3.33066880e-06 -1.11022293e-06 -4.44089173e-06  2.22044587e-06\n  6.66133760e-06  0.00000000e+00]", "hess_inv": "[[  16.10198302  -24.28219427   27.23710988  -17.47442414    9.21513149\n     1.9379424 ]\n [ -24.28219427  163.31996422 -166.55069014   33.23071403  -16.37921372\n    -7.35642685]\n [  27.23710988 -166.55069014  173.04785204  -37.61077743   19.85517569\n     8.2751396 ]\n [ -17.47442414   33.23071403  -37.61077743   33.66874187  -16.65000295\n    -4.33111041]\n [   9.21513149  -16.37921372   19.85517569  -16.65000295   12.19451071\n     3.12348846]\n [   1.9379424    -7.35642685    8.2751396    -4.33111041    3.12348846\n     3.35765989]]", "nfev": "455", "njev": "65", "status": "0", "success": "True", "message": "Optimization terminated successfully.", "x": "[6.42509242 0.18983503 6.62569287 4.36670171 3.41838472 2.43625403]", "nit": "50"}, "10": {"maxiter": 500, "gtol": 1e-05, "xrtol": 1e-10, "eps": 1e-05, "duration": 0.07964181900024414, "fun": "0.12349766229339199", "jac": "[ 9.71770442e-06 -6.54990506e-06 -7.08223480e-06  2.23459029e-06\n  2.03007611e-06 -7.11697368e-07]", "hess_inv": "[[  14.62910309  -24.42160312   27.578377    -17.00995868    9.08687813\n     1.86354743]\n [ -24.42160312  157.90039392 -162.53359771   33.82184802  -17.28800426\n    -8.14203606]\n [  27.578377   -162.53359771  170.61236208  -38.26143845   20.93883532\n     9.02239284]\n [ -17.00995868   33.82184802  -38.26143845   35.02472814  -17.69600352\n    -4.27253343]\n [   9.08687813  -17.28800426   20.93883532  -17.69600352   12.65017451\n     3.30017711]\n [   1.86354743   -8.14203606    9.02239284   -4.27253343    3.30017711\n     3.54909909]]", "nfev": "469", "njev": "67", "status": "0", "success": "True", "message": "Optimization terminated successfully.", "x": "[6.4251049  0.1897199  6.62577696 4.36674758 3.41832256 2.43623041]", "nit": "52"}, "11": {"maxiter": 500, "gtol": 1e-05, "xrtol": 1e-10, "eps": 1e-10, "duration": 0.07695889472961426, "fun": "0.12349766229266557", "jac": "[ 3.33066880e-06 -1.11022293e-06 -4.44089173e-06  2.22044587e-06\n  6.66133760e-06  0.00000000e+00]", "hess_inv": "[[  16.10198302  -24.28219427   27.23710988  -17.47442414    9.21513149\n     1.9379424 ]\n [ -24.28219427  163.31996422 -166.55069014   33.23071403  -16.37921372\n    -7.35642685]\n [  27.23710988 -166.55069014  173.04785204  -37.61077743   19.85517569\n     8.2751396 ]\n [ -17.47442414   33.23071403  -37.61077743   33.66874187  -16.65000295\n    -4.33111041]\n [   9.21513149  -16.37921372   19.85517569  -16.65000295   12.19451071\n     3.12348846]\n [   1.9379424    -7.35642685    8.2751396    -4.33111041    3.12348846\n     3.35765989]]", "nfev": "455", "njev": "65", "status": "0", "success": "True", "message": "Optimization terminated successfully.", "x": "[6.42509242 0.18983503 6.62569287 4.36670171 3.41838472 2.43625403]", "nit": "50"}, "12": {"maxiter": 500, "gtol": 1e-10, "xrtol": 1e-05, "eps": 1e-05, "duration": 0.08158183097839355, "fun": "0.12349766196694412", "jac": "[ 7.80486786e-09  5.47561996e-08  4.05675493e-08  2.00728323e-08\n  6.28275210e-08 -1.10755849e-07]", "hess_inv": "[[  16.66416692  -23.86046019   26.88700711  -18.35294321    9.78355013\n     1.92167287]\n [ -23.86046019  153.97987923 -158.32171332   32.44151978  -16.51141598\n    -7.63603332]\n [  26.88700711 -158.32171332  166.08900397  -36.70069102   20.06254797\n     8.45795293]\n [ -18.35294321   32.44151978  -36.70069102   35.57773319  -17.96014671\n    -4.09409629]\n [   9.78355013  -16.51141598   20.06254797  -17.96014671   12.77379008\n     3.19145465]\n [   1.92167287   -7.63603332    8.45795293   -4.09409629    3.19145465\n     3.38220568]]", "nfev": "483", "njev": "69", "status": "0", "success": "True", "message": "Optimization terminated successfully.", "x": "[6.42499961 0.18979464 6.62570227 4.36683254 3.4182779  2.4362267 ]", "nit": "54"}, "13": {"maxiter": 500, "gtol": 1e-10, "xrtol": 1e-05, "eps": 1e-10, "duration": 0.08399486541748047, "fun": "0.12349766203342738", "jac": "[ 2.22044587e-06  2.22044587e-06  2.22044587e-06  1.11022293e-06\n  3.33066880e-06 -2.22044587e-06]", "hess_inv": "[[ 11.45582062  -0.58386617   1.67921372  -8.29507504   5.62790102\n    1.13918215]\n [ -0.58386617  19.23644168 -18.71716765   2.22000491  -1.0930415\n   -1.11695133]\n [  1.67921372 -18.71716765  20.65955263  -3.22254526   2.89233655\n    1.8714971 ]\n [ -8.29507504   2.22000491  -3.22254526  13.22618957  -7.88772156\n   -2.34222448]\n [  5.62790102  -1.0930415    2.89233655  -7.88772156   8.9140245\n    2.46278486]\n [  1.13918215  -1.11695133   1.8714971   -2.34222448   2.46278486\n    3.01394734]]", "nfev": "483", "njev": "69", "status": "0", "success": "True", "message": "Optimization terminated successfully.", "x": "[6.42508143 0.18958583 6.62594079 4.36671937 3.41835763 2.43625376]", "nit": "53"}, "14": {"maxiter": 500, "gtol": 1e-10, "xrtol": 1e-10, "eps": 1e-05, "duration": 0.08643388748168945, "fun": "0.12349766196664136", "jac": "[-2.55351296e-10  3.66373598e-10  4.32986980e-10 -5.55111512e-11\n  1.66533454e-10 -2.88657986e-10]", "hess_inv": "[[  16.50168354  -24.02206484   26.87361694  -18.07421204    9.53726657\n     2.01123972]\n [ -24.02206484  166.72576729 -170.32425126   33.30153656  -16.15633204\n    -9.06160269]\n [  26.87361694 -170.32425126  177.18458171  -37.21121303   19.43619728\n     9.95660015]\n [ -18.07421204   33.30153656  -37.21121303   35.15738567  -17.49819425\n    -4.39683119]\n [   9.53726657  -16.15633204   19.43619728  -17.49819425   12.36992673\n     3.35286483]\n [   2.01123972   -9.06160269    9.95660015   -4.39683119    3.35286483\n     3.45954748]]", "nfev": "511", "njev": "73", "status": "0", "success": "True", "message": "Optimization terminated successfully.", "x": "[6.42499971 0.18979192 6.62570486 4.36683226 3.41827787 2.43622704]", "nit": "57"}, "15": {"maxiter": 500, "gtol": 1e-10, "xrtol": 1e-10, "eps": 1e-10, "duration": 0.09398508071899414, "fun": "0.12349766199772216", "jac": "[2.22044587e-06 0.00000000e+00 1.11022293e-06 0.00000000e+00\n 0.00000000e+00 0.00000000e+00]", "hess_inv": "[[  9.02395179   6.22230072  -5.07289955  -3.98440301   3.59001163\n    1.11413619]\n [  6.22230072  12.11267471 -11.33681811  -5.04946427   4.92253989\n    0.59182048]\n [ -5.07289955 -11.33681811  12.81667416   4.24187659  -3.07103501\n    0.49763481]\n [ -3.98440301  -5.04946427   4.24187659   7.43976495  -4.14774991\n   -1.8002406 ]\n [  3.59001163   4.92253989  -3.07103501  -4.14774991   7.21438875\n    2.48946349]\n [  1.11413619   0.59182048   0.49763481  -1.8002406    2.48946349\n    2.88470471]]", "nfev": "553", "njev": "79", "status": "0", "success": "True", "message": "Optimization terminated successfully.", "x": "[6.42506122 0.18957781 6.62594074 4.36673288 3.4183389  2.43625271]", "nit": "55"}, "16": {"maxiter": 1000, "gtol": 1e-05, "xrtol": 1e-05, "eps": 1e-05, "duration": 0.08225488662719727, "fun": "0.12349766229339199", "jac": "[ 9.71770442e-06 -6.54990506e-06 -7.08223480e-06  2.23459029e-06\n  2.03007611e-06 -7.11697368e-07]", "hess_inv": "[[  14.62910309  -24.42160312   27.578377    -17.00995868    9.08687813\n     1.86354743]\n [ -24.42160312  157.90039392 -162.53359771   33.82184802  -17.28800426\n    -8.14203606]\n [  27.578377   -162.53359771  170.61236208  -38.26143845   20.93883532\n     9.02239284]\n [ -17.00995868   33.82184802  -38.26143845   35.02472814  -17.69600352\n    -4.27253343]\n [   9.08687813  -17.28800426   20.93883532  -17.69600352   12.65017451\n     3.30017711]\n [   1.86354743   -8.14203606    9.02239284   -4.27253343    3.30017711\n     3.54909909]]", "nfev": "469", "njev": "67", "status": "0", "success": "True", "message": "Optimization terminated successfully.", "x": "[6.4251049  0.1897199  6.62577696 4.36674758 3.41832256 2.43623041]", "nit": "52"}, "17": {"maxiter": 1000, "gtol": 1e-05, "xrtol": 1e-05, "eps": 1e-10, "duration": 0.07988214492797852, "fun": "0.12349766229266557", "jac": "[ 3.33066880e-06 -1.11022293e-06 -4.44089173e-06  2.22044587e-06\n  6.66133760e-06  0.00000000e+00]", "hess_inv": "[[  16.10198302  -24.28219427   27.23710988  -17.47442414    9.21513149\n     1.9379424 ]\n [ -24.28219427  163.31996422 -166.55069014   33.23071403  -16.37921372\n    -7.35642685]\n [  27.23710988 -166.55069014  173.04785204  -37.61077743   19.85517569\n     8.2751396 ]\n [ -17.47442414   33.23071403  -37.61077743   33.66874187  -16.65000295\n    -4.33111041]\n [   9.21513149  -16.37921372   19.85517569  -16.65000295   12.19451071\n     3.12348846]\n [   1.9379424    -7.35642685    8.2751396    -4.33111041    3.12348846\n     3.35765989]]", "nfev": "455", "njev": "65", "status": "0", "success": "True", "message": "Optimization terminated successfully.", "x": "[6.42509242 0.18983503 6.62569287 4.36670171 3.41838472 2.43625403]", "nit": "50"}, "18": {"maxiter": 1000, "gtol": 1e-05, "xrtol": 1e-10, "eps": 1e-05, "duration": 0.08226609230041504, "fun": "0.12349766229339199", "jac": "[ 9.71770442e-06 -6.54990506e-06 -7.08223480e-06  2.23459029e-06\n  2.03007611e-06 -7.11697368e-07]", "hess_inv": "[[  14.62910309  -24.42160312   27.578377    -17.00995868    9.08687813\n     1.86354743]\n [ -24.42160312  157.90039392 -162.53359771   33.82184802  -17.28800426\n    -8.14203606]\n [  27.578377   -162.53359771  170.61236208  -38.26143845   20.93883532\n     9.02239284]\n [ -17.00995868   33.82184802  -38.26143845   35.02472814  -17.69600352\n    -4.27253343]\n [   9.08687813  -17.28800426   20.93883532  -17.69600352   12.65017451\n     3.30017711]\n [   1.86354743   -8.14203606    9.02239284   -4.27253343    3.30017711\n     3.54909909]]", "nfev": "469", "njev": "67", "status": "0", "success": "True", "message": "Optimization terminated successfully.", "x": "[6.4251049  0.1897199  6.62577696 4.36674758 3.41832256 2.43623041]", "nit": "52"}, "19": {"maxiter": 1000, "gtol": 1e-05, "xrtol": 1e-10, "eps": 1e-10, "duration": 0.07977819442749023, "fun": "0.12349766229266557", "jac": "[ 3.33066880e-06 -1.11022293e-06 -4.44089173e-06  2.22044587e-06\n  6.66133760e-06  0.00000000e+00]", "hess_inv": "[[  16.10198302  -24.28219427   27.23710988  -17.47442414    9.21513149\n     1.9379424 ]\n [ -24.28219427  163.31996422 -166.55069014   33.23071403  -16.37921372\n    -7.35642685]\n [  27.23710988 -166.55069014  173.04785204  -37.61077743   19.85517569\n     8.2751396 ]\n [ -17.47442414   33.23071403  -37.61077743   33.66874187  -16.65000295\n    -4.33111041]\n [   9.21513149  -16.37921372   19.85517569  -16.65000295   12.19451071\n     3.12348846]\n [   1.9379424    -7.35642685    8.2751396    -4.33111041    3.12348846\n     3.35765989]]", "nfev": "455", "njev": "65", "status": "0", "success": "True", "message": "Optimization terminated successfully.", "x": "[6.42509242 0.18983503 6.62569287 4.36670171 3.41838472 2.43625403]", "nit": "50"}, "20": {"maxiter": 1000, "gtol": 1e-10, "xrtol": 1e-05, "eps": 1e-05, "duration": 0.08473968505859375, "fun": "0.12349766196694412", "jac": "[ 7.80486786e-09  5.47561996e-08  4.05675493e-08  2.00728323e-08\n  6.28275210e-08 -1.10755849e-07]", "hess_inv": "[[  16.66416692  -23.86046019   26.88700711  -18.35294321    9.78355013\n     1.92167287]\n [ -23.86046019  153.97987923 -158.32171332   32.44151978  -16.51141598\n    -7.63603332]\n [  26.88700711 -158.32171332  166.08900397  -36.70069102   20.06254797\n     8.45795293]\n [ -18.35294321   32.44151978  -36.70069102   35.57773319  -17.96014671\n    -4.09409629]\n [   9.78355013  -16.51141598   20.06254797  -17.96014671   12.77379008\n     3.19145465]\n [   1.92167287   -7.63603332    8.45795293   -4.09409629    3.19145465\n     3.38220568]]", "nfev": "483", "njev": "69", "status": "0", "success": "True", "message": "Optimization terminated successfully.", "x": "[6.42499961 0.18979464 6.62570227 4.36683254 3.4182779  2.4362267 ]", "nit": "54"}, "21": {"maxiter": 1000, "gtol": 1e-10, "xrtol": 1e-05, "eps": 1e-10, "duration": 0.08465027809143066, "fun": "0.12349766203342738", "jac": "[ 2.22044587e-06  2.22044587e-06  2.22044587e-06  1.11022293e-06\n  3.33066880e-06 -2.22044587e-06]", "hess_inv": "[[ 11.45582062  -0.58386617   1.67921372  -8.29507504   5.62790102\n    1.13918215]\n [ -0.58386617  19.23644168 -18.71716765   2.22000491  -1.0930415\n   -1.11695133]\n [  1.67921372 -18.71716765  20.65955263  -3.22254526   2.89233655\n    1.8714971 ]\n [ -8.29507504   2.22000491  -3.22254526  13.22618957  -7.88772156\n   -2.34222448]\n [  5.62790102  -1.0930415    2.89233655  -7.88772156   8.9140245\n    2.46278486]\n [  1.13918215  -1.11695133   1.8714971   -2.34222448   2.46278486\n    3.01394734]]", "nfev": "483", "njev": "69", "status": "0", "success": "True", "message": "Optimization terminated successfully.", "x": "[6.42508143 0.18958583 6.62594079 4.36671937 3.41835763 2.43625376]", "nit": "53"}, "22": {"maxiter": 1000, "gtol": 1e-10, "xrtol": 1e-10, "eps": 1e-05, "duration": 0.08923602104187012, "fun": "0.12349766196664136", "jac": "[-2.55351296e-10  3.66373598e-10  4.32986980e-10 -5.55111512e-11\n  1.66533454e-10 -2.88657986e-10]", "hess_inv": "[[  16.50168354  -24.02206484   26.87361694  -18.07421204    9.53726657\n     2.01123972]\n [ -24.02206484  166.72576729 -170.32425126   33.30153656  -16.15633204\n    -9.06160269]\n [  26.87361694 -170.32425126  177.18458171  -37.21121303   19.43619728\n     9.95660015]\n [ -18.07421204   33.30153656  -37.21121303   35.15738567  -17.49819425\n    -4.39683119]\n [   9.53726657  -16.15633204   19.43619728  -17.49819425   12.36992673\n     3.35286483]\n [   2.01123972   -9.06160269    9.95660015   -4.39683119    3.35286483\n     3.45954748]]", "nfev": "511", "njev": "73", "status": "0", "success": "True", "message": "Optimization terminated successfully.", "x": "[6.42499971 0.18979192 6.62570486 4.36683226 3.41827787 2.43622704]", "nit": "57"}, "23": {"maxiter": 1000, "gtol": 1e-10, "xrtol": 1e-10, "eps": 1e-10, "duration": 0.09559082984924316, "fun": "0.12349766199772216", "jac": "[2.22044587e-06 0.00000000e+00 1.11022293e-06 0.00000000e+00\n 0.00000000e+00 0.00000000e+00]", "hess_inv": "[[  9.02395179   6.22230072  -5.07289955  -3.98440301   3.59001163\n    1.11413619]\n [  6.22230072  12.11267471 -11.33681811  -5.04946427   4.92253989\n    0.59182048]\n [ -5.07289955 -11.33681811  12.81667416   4.24187659  -3.07103501\n    0.49763481]\n [ -3.98440301  -5.04946427   4.24187659   7.43976495  -4.14774991\n   -1.8002406 ]\n [  3.59001163   4.92253989  -3.07103501  -4.14774991   7.21438875\n    2.48946349]\n [  1.11413619   0.59182048   0.49763481  -1.8002406    2.48946349\n    2.88470471]]", "nfev": "553", "njev": "79", "status": "0", "success": "True", "message": "Optimization terminated successfully.", "x": "[6.42506122 0.18957781 6.62594074 4.36673288 3.4183389  2.43625271]", "nit": "55"}}, "cobyla": {"0": {"maxiter": 100, "tol": 1e-05, "catol": 1e-05, "duration": 0.016749143600463867, "x": "[ 5.20463263 -0.19834341  6.79125363  5.72029821  0.93624254  4.25079697]", "status": "2", "success": "False", "message": "Maximum number of function evaluations has been exceeded.", "nfev": "100", "fun": "0.16971840478868327", "maxcv": "0.0"}, "1": {"maxiter": 100, "tol": 1e-05, "catol": 1e-10, "duration": 0.016701936721801758, "x": "[ 5.20463263 -0.19834341  6.79125363  5.72029821  0.93624254  4.25079697]", "status": "2", "success": "False", "message": "Maximum number of function evaluations has been exceeded.", "nfev": "100", "fun": "0.16971840478868327", "maxcv": "0.0"}, "2": {"maxiter": 100, "tol": 1e-10, "catol": 1e-05, "duration": 0.01675271987915039, "x": "[ 5.20463263 -0.19834341  6.79125363  5.72029821  0.93624254  4.25079697]", "status": "2", "success": "False", "message": "Maximum number of function evaluations has been exceeded.", "nfev": "100", "fun": "0.16971840478868327", "maxcv": "0.0"}, "3": {"maxiter": 100, "tol": 1e-10, "catol": 1e-10, "duration": 0.016757965087890625, "x": "[ 5.20463263 -0.19834341  6.79125363  5.72029821  0.93624254  4.25079697]", "status": "2", "success": "False", "message": "Maximum number of function evaluations has been exceeded.", "nfev": "100", "fun": "0.16971840478868327", "maxcv": "0.0"}, "4": {"maxiter": 500, "tol": 1e-05, "catol": 1e-05, "duration": 0.08344769477844238, "x": "[ 5.72227746 -0.16461069  6.84540338  5.51275446  2.6872745   2.72193663]", "status": "2", "success": "False", "message": "Maximum number of function evaluations has been exceeded.", "nfev": "500", "fun": "0.13986371349069304", "maxcv": "0.0"}, "5": {"maxiter": 500, "tol": 1e-05, "catol": 1e-10, "duration": 0.0833292007446289, "x": "[ 5.72227746 -0.16461069  6.84540338  5.51275446  2.6872745   2.72193663]", "status": "2", "success": "False", "message": "Maximum number of function evaluations has been exceeded.", "nfev": "500", "fun": "0.13986371349069304", "maxcv": "0.0"}, "6": {"maxiter": 5