{"date": "2024/07/19/, 01:12:43", "conf_id": 135, "data_type": "orthogonal\n", "num_data_points": 3, "s_rank": 0, "unitary": "[[-0.45070455-0.02711853j,0.78437395-0.06613086j,0.06358678+0.19963393j,-0.07343613+0.35668523j],[-0.01890143-0.03813363j,0.32408202+0.25557629j,0.05872864-0.68979805j,0.55466693-0.20227297j],[-0.11215405+0.64023111j,-0.13344055+0.29565494j,-0.49012687-0.19046288j,-0.04241254+0.44046348j],[0.55771659+0.24656916j,0.31851997-0.05798805j,0.28761525-0.34294258j,-0.56718418+0.03616933j]]", "databatch_0": {"databatch": "[[[0.06120761+0.07355629j,-0.16401618+0.13387111j,-0.05621584-0.07292924j,-0.07397884+0.07263305j],[-0.08961116-0.03561976j,0.01498435+0.14262077j,-0.27628031-0.15721009j,0.01301373+0.08131197j],[0.01896539+0.05215134j,-0.13349308+0.11907146j,0.20400108-0.16661386j,0.16140823-0.12853435j],[0.17333215+0.21469285j,-0.04895235+0.06205961j,0.44479333-0.57517191j,-0.05990272+0.16564089j]],[[0.06550546+0.16766166j,-0.39532347+0.26651238j,-0.1342628+0.1074021j,-0.17358273+0.15453528j],[-0.34716174+0.07136278j,-0.06912928+0.23046864j,-0.09300723-0.05434016j,-0.03381571+0.17727144j],[-0.03771631+0.00732458j,-0.156817+0.23492835j,0.07859964-0.01738876j,0.38983944-0.30403164j],[0.06433008+0.14435998j,0.17608443-0.02234564j,0.07600269-0.08503979j,-0.01571571+0.16476379j]],[[0.22916292+0.10771166j,-0.17394945+0.08729511j,-0.06329681-0.02911046j,-0.07675457+0.01758062j],[-0.28114837-0.05282306j,0.08783354+0.09519741j,-0.24449136-0.21891111j,0.08587551+0.10140874j],[0.00606625+0.10262709j,-0.07503012+0.06605339j,0.17336835-0.16466292j,0.08948285-0.05292203j],[0.12808698+0.23892774j,-0.07444068+0.05320712j,0.4078252-0.55964948j,-0.03034025+0.11011984j]]]", "initial param values": "[1.16154048,4.59976567,5.72733346,4.12232978,2.7885774,4.01842315]", "nelder_mead": {"type": "gradient-free", "0": {"maxiter": 100, "fatol": 1e-05, "xatol": 1e-05, "duration": 0.026401042938232422, "fun": "0.49877035927355917", "nit": "100", "nfev": "155", "status": "2", "success": "False", "message": "Maximum number of iterations has been exceeded.", "x": "[1.11290035 6.55729273 3.8392067  4.44372847 2.71816551 5.19257147]", "final_simplex": "(array([[1.11290035, 6.55729273, 3.8392067 , 4.44372847, 2.71816551,\n        5.19257147],\n       [1.10146258, 6.56209627, 3.83324711, 4.39459671, 2.75844967,\n        5.13005715],\n       [1.09967287, 6.55822186, 3.79968652, 4.43899945, 2.72541155,\n        5.13833272],\n       [1.1032737 , 6.50299117, 3.87897576, 4.3954877 , 2.68005311,\n        5.17156857],\n       [1.10499461, 6.53939675, 3.76089982, 4.39853126, 2.72321733,\n        5.206016  ],\n       [1.08800022, 6.48375881, 3.80358035, 4.41853107, 2.73996966,\n        5.15634427],\n       [1.08238112, 6.5453228 , 3.81061846, 4.42968298, 2.72959128,\n        5.18248035]]), array([0.49877036, 0.49906946, 0.49919389, 0.49946672, 0.49972633,\n       0.49976629, 0.49980971]))"}, "1": {"maxiter": 100, "fatol": 1e-05, "xatol": 1e-10, "duration": 0.02629709243774414, "fun": "0.49877035927355917", "nit": "100", "nfev": "155", "status": "2", "success": "False", "message": "Maximum number of iterations has been exceeded.", "x": "[1.11290035 6.55729273 3.8392067  4.44372847 2.71816551 5.19257147]", "final_simplex": "(array([[1.11290035, 6.55729273, 3.8392067 , 4.44372847, 2.71816551,\n        5.19257147],\n       [1.10146258, 6.56209627, 3.83324711, 4.39459671, 2.75844967,\n        5.13005715],\n       [1.09967287, 6.55822186, 3.79968652, 4.43899945, 2.72541155,\n        5.13833272],\n       [1.1032737 , 6.50299117, 3.87897576, 4.3954877 , 2.68005311,\n        5.17156857],\n       [1.10499461, 6.53939675, 3.76089982, 4.39853126, 2.72321733,\n        5.206016  ],\n       [1.08800022, 6.48375881, 3.80358035, 4.41853107, 2.73996966,\n        5.15634427],\n       [1.08238112, 6.5453228 , 3.81061846, 4.42968298, 2.72959128,\n        5.18248035]]), array([0.49877036, 0.49906946, 0.49919389, 0.49946672, 0.49972633,\n       0.49976629, 0.49980971]))"}, "2": {"maxiter": 100, "fatol": 1e-10, "xatol": 1e-05, "duration": 0.026301860809326172, "fun": "0.49877035927355917", "nit": "100", "nfev": "155", "status": "2", "success": "False", "message": "Maximum number of iterations has been exceeded.", "x": "[1.11290035 6.55729273 3.8392067  4.44372847 2.71816551 5.19257147]", "final_simplex": "(array([[1.11290035, 6.55729273, 3.8392067 , 4.44372847, 2.71816551,\n        5.19257147],\n       [1.10146258, 6.56209627, 3.83324711, 4.39459671, 2.75844967,\n        5.13005715],\n       [1.09967287, 6.55822186, 3.79968652, 4.43899945, 2.72541155,\n        5.13833272],\n       [1.1032737 , 6.50299117, 3.87897576, 4.3954877 , 2.68005311,\n        5.17156857],\n       [1.10499461, 6.53939675, 3.76089982, 4.39853126, 2.72321733,\n        5.206016  ],\n       [1.08800022, 6.48375881, 3.80358035, 4.41853107, 2.73996966,\n        5.15634427],\n       [1.08238112, 6.5453228 , 3.81061846, 4.42968298, 2.72959128,\n        5.18248035]]), array([0.49877036, 0.49906946, 0.49919389, 0.49946672, 0.49972633,\n       0.49976629, 0.49980971]))"}, "3": {"maxiter": 100, "fatol": 1e-10, "xatol": 1e-10, "duration": 0.026367902755737305, "fun": "0.49877035927355917", "nit": "100", "nfev": "155", "status": "2", "success": "False", "message": "Maximum number of iterations has been exceeded.", "x": "[1.11290035 6.55729273 3.8392067  4.44372847 2.71816551 5.19257147]", "final_simplex": "(array([[1.11290035, 6.55729273, 3.8392067 , 4.44372847, 2.71816551,\n        5.19257147],\n       [1.10146258, 6.56209627, 3.83324711, 4.39459671, 2.75844967,\n        5.13005715],\n       [1.09967287, 6.55822186, 3.79968652, 4.43899945, 2.72541155,\n        5.13833272],\n       [1.1032737 , 6.50299117, 3.87897576, 4.3954877 , 2.68005311,\n        5.17156857],\n       [1.10499461, 6.53939675, 3.76089982, 4.39853126, 2.72321733,\n        5.206016  ],\n       [1.08800022, 6.48375881, 3.80358035, 4.41853107, 2.73996966,\n        5.15634427],\n       [1.08238112, 6.5453228 , 3.81061846, 4.42968298, 2.72959128,\n        5.18248035]]), array([0.49877036, 0.49906946, 0.49919389, 0.49946672, 0.49972633,\n       0.49976629, 0.49980971]))"}, "4": {"maxiter": 500, "fatol": 1e-05, "xatol": 1e-05, "duration": 0.07732605934143066, "fun": "0.4955552259090026", "nit": "279", "nfev": "457", "status": "0", "success": "True", "message": "Optimization terminated successfully.", "x": "[1.2860515  6.57411838 3.89242553 4.39648492 2.70073185 5.11099678]", "final_simplex": "(array([[1.2860515 , 6.57411838, 3.89242553, 4.39648492, 2.70073185,\n        5.11099678],\n       [1.28605371, 6.5741205 , 3.89242654, 4.39648206, 2.70073795,\n        5.1109925 ],\n       [1.28605166, 6.5741225 , 3.89242648, 4.39648209, 2.70073091,\n        5.11099148],\n       [1.28605229, 6.57412084, 3.8924305 , 4.39647924, 2.70073616,\n        5.11099084],\n       [1.28605481, 6.57411849, 3.89242712, 4.39648136, 2.70072759,\n        5.11098923],\n       [1.28605419, 6.57411696, 3.8924229 , 4.39648482, 2.70073301,\n        5.11098878],\n       [1.28604877, 6.57411509, 3.89242671, 4.39647662, 2.70073667,\n        5.11099354]]), array([0.49555523, 0.49555523, 0.49555523, 0.49555523, 0.49555523,\n       0.49555523, 0.49555523]))"}, "5": {"maxiter": 500, "fatol": 1e-05, "xatol": 1e-10, "duration": 0.1276559829711914, "fun": "0.4955552259038156", "nit": "431", "nfev": "757", "status": "0", "success": "True", "message": "Optimization terminated successfully.", "x": "[1.2860567  6.5741211  3.89242628 4.39648037 2.70073256 5.11099622]", "final_simplex": "(array([[1.2860567 , 6.5741211 , 3.89242628, 4.39648037, 2.70073256,\n        5.11099622],\n       [1.2860567 , 6.5741211 , 3.89242628, 4.39648037, 2.70073256,\n        5.11099622],\n       [1.2860567 , 6.5741211 , 3.89242628, 4.39648037, 2.70073256,\n        5.11099622],\n       [1.2860567 , 6.5741211 , 3.89242628, 4.39648037, 2.70073256,\n        5.11099622],\n       [1.2860567 , 6.5741211 , 3.89242628, 4.39648037, 2.70073256,\n        5.11099622],\n       [1.2860567 , 6.5741211 , 3.89242628, 4.39648037, 2.70073256,\n        5.11099622],\n       [1.2860567 , 6.5741211 , 3.89242628, 4.39648037, 2.70073256,\n        5.11099622]]), array([0.49555523, 0.49555523, 0.49555523, 0.49555523, 0.49555523,\n       0.49555523, 0.49555523]))"}, "6": {"maxiter": 500, "fatol": 1e-10, "xatol": 1e-05, "duration": 0.07728290557861328, "fun": "0.4955552259090026", "nit": "279", "nfev": "457", "status": "0", "success": "True", "message": "Optimization terminated successfully.", "x": "[1.2860515  6.57411838 3.89242553 4.39648492 2.70073185 5.11099678]", "final_simplex": "(array([[1.2860515 , 6.57411838, 3.89242553, 4.39648492, 2.70073185,\n        5.11099678],\n       [1.28605371, 6.5741205 , 3.89242654, 4.39648206, 2.70073795,\n        5.1109925 ],\n       [1.28605166, 6.5741225 , 3.89242648, 4.39648209, 2.70073091,\n        5.11099148],\n       [1.28605229, 6.57412084, 3.8924305 , 4.39647924, 2.70073616,\n        5.11099084],\n       [1.28605481, 6.57411849, 3.89242712, 4.39648136, 2.70072759,\n        5.11098923],\n       [1.28605419, 6.57411696, 3.8924229 , 4.39648482, 2.70073301,\n        5.11098878],\n       [1.28604877, 6.57411509, 3.89242671, 4.39647662, 2.70073667,\n        5.11099354]]), array([0.49555523, 0.49555523, 0.49555523, 0.49555523, 0.49555523,\n       0.49555523, 0.49555523]))"}, "7": {"maxiter": 500, "fatol": 1e-10, "xatol": 1e-10, "duration": 0.12729120254516602, "fun": "0.4955552259038156", "nit": "431", "nfev": "757", "status": "0", "success": "True", "message": "Optimization terminated successfully.", "x": "[1.2860567  6.5741211  3.89242628 4.39648037 2.70073256 5.11099622]", "final_simplex": "(array([[1.2860567 , 6.5741211 , 3.89242628, 4.39648037, 2.70073256,\n        5.11099622],\n       [1.2860567 , 6.5741211 , 3.89242628, 4.39648037, 2.70073256,\n        5.11099622],\n       [1.2860567 , 6.5741211 , 3.89242628, 4.39648037, 2.70073256,\n        5.11099622],\n       [1.2860567 , 6.5741211 , 3.89242628, 4.39648037, 2.70073256,\n        5.11099622],\n       [1.2860567 , 6.5741211 , 3.89242628, 4.39648037, 2.70073256,\n        5.11099622],\n       [1.2860567 , 6.5741211 , 3.89242628, 4.39648037, 2.70073256,\n        5.11099622],\n       [1.2860567 , 6.5741211 , 3.89242628, 4.39648037, 2.70073256,\n        5.11099622]]), array([0.49555523, 0.49555523, 0.49555523, 0.49555523, 0.49555523,\n       0.49555523, 0.49555523]))"}, "8": {"maxiter": 1000, "fatol": 1e-05, "xatol": 1e-05, "duration": 0.07696819305419922, "fun": "0.4955552259090026", "nit": "279", "nfev": "457", "status": "0", "success": "True", "message": "Optimization terminated successfully.", "x": "[1.2860515  6.57411838 3.89242553 4.39648492 2.70073185 5.11099678]", "final_simplex": "(array([[1.2860515 , 6.57411838, 3.89242553, 4.39648492, 2.70073185,\n        5.11099678],\n       [1.28605371, 6.5741205 , 3.89242654, 4.39648206, 2.70073795,\n        5.1109925 ],\n       [1.28605166, 6.5741225 , 3.89242648, 4.39648209, 2.70073091,\n        5.11099148],\n       [1.28605229, 6.57412084, 3.8924305 , 4.39647924, 2.70073616,\n        5.11099084],\n       [1.28605481, 6.57411849, 3.89242712, 4.39648136, 2.70072759,\n        5.11098923],\n       [1.28605419, 6.57411696, 3.8924229 , 4.39648482, 2.70073301,\n        5.11098878],\n       [1.28604877, 6.57411509, 3.89242671, 4.39647662, 2.70073667,\n        5.11099354]]), array([0.49555523, 0.49555523, 0.49555523, 0.49555523, 0.49555523,\n       0.49555523, 0.49555523]))"}, "9": {"maxiter": 1000, "fatol": 1e-05, "xatol": 1e-10, "duration": 0.1275162696838379, "fun": "0.4955552259038156", "nit": "431", "nfev": "757", "status": "0", "success": "True", "message": "Optimization terminated successfully.", "x": "[1.2860567  6.5741211  3.89242628 4.39648037 2.70073256 5.11099622]", "final_simplex": "(array([[1.2860567 , 6.5741211 , 3.89242628, 4.39648037, 2.70073256,\n        5.11099622],\n       [1.2860567 , 6.5741211 , 3.89242628, 4.39648037, 2.70073256,\n        5.11099622],\n       [1.2860567 , 6.5741211 , 3.89242628, 4.39648037, 2.70073256,\n        5.11099622],\n       [1.2860567 , 6.5741211 , 3.89242628, 4.39648037, 2.70073256,\n        5.11099622],\n       [1.2860567 , 6.5741211 , 3.89242628, 4.39648037, 2.70073256,\n        5.11099622],\n       [1.2860567 , 6.5741211 , 3.89242628, 4.39648037, 2.70073256,\n        5.11099622],\n       [1.2860567 , 6.5741211 , 3.89242628, 4.39648037, 2.70073256,\n        5.11099622]]), array([0.49555523, 0.49555523, 0.49555523, 0.49555523, 0.49555523,\n       0.49555523, 0.49555523]))"}, "10": {"maxiter": 1000, "fatol": 1e-10, "xatol": 1e-05, "duration": 0.07678890228271484, "fun": "0.4955552259090026", "nit": "279", "nfev": "457", "status": "0", "success": "True", "message": "Optimization terminated successfully.", "x": "[1.2860515  6.57411838 3.89242553 4.39648492 2.70073185 5.11099678]", "final_simplex": "(array([[1.2860515 , 6.57411838, 3.89242553, 4.39648492, 2.70073185,\n        5.11099678],\n       [1.28605371, 6.5741205 , 3.89242654, 4.39648206, 2.70073795,\n        5.1109925 ],\n       [1.28605166, 6.5741225 , 3.89242648, 4.39648209, 2.70073091,\n        5.11099148],\n       [1.28605229, 6.57412084, 3.8924305 , 4.39647924, 2.70073616,\n        5.11099084],\n       [1.28605481, 6.57411849, 3.89242712, 4.39648136, 2.70072759,\n        5.11098923],\n       [1.28605419, 6.57411696, 3.8924229 , 4.39648482, 2.70073301,\n        5.11098878],\n       [1.28604877, 6.57411509, 3.89242671, 4.39647662, 2.70073667,\n        5.11099354]]), array([0.49555523, 0.49555523, 0.49555523, 0.49555523, 0.49555523,\n       0.49555523, 0.49555523]))"}, "11": {"maxiter": 1000, "fatol": 1e-10, "xatol": 1e-10, "duration": 0.12709593772888184, "fun": "0.4955552259038156", "nit": "431", "nfev": "757", "status": "0", "success": "True", "message": "Optimization terminated successfully.", "x": "[1.2860567  6.5741211  3.89242628 4.39648037 2.70073256 5.11099622]", "final_simplex": "(array([[1.2860567 , 6.5741211 , 3.89242628, 4.39648037, 2.70073256,\n        5.11099622],\n       [1.2860567 , 6.5741211 , 3.89242628, 4.39648037, 2.70073256,\n        5.11099622],\n       [1.2860567 , 6.5741211 , 3.89242628, 4.39648037, 2.70073256,\n        5.11099622],\n       [1.2860567 , 6.5741211 , 3.89242628, 4.39648037, 2.70073256,\n        5.11099622],\n       [1.2860567 , 6.5741211 , 3.89242628, 4.39648037, 2.70073256,\n        5.11099622],\n       [1.2860567 , 6.5741211 , 3.89242628, 4.39648037, 2.70073256,\n        5.11099622],\n       [1.2860567 , 6.5741211 , 3.89242628, 4.39648037, 2.70073256,\n        5.11099622]]), array([0.49555523, 0.49555523, 0.49555523, 0.49555523, 0.49555523,\n       0.49555523, 0.49555523]))"}}, "bfgs": {"type": "gradient", "0": {"maxiter": 100, "gtol": 1e-05, "xrtol": 1e-05, "eps": 1e-05, "duration": 0.050714969635009766, "fun": "0.4955552259359187", "jac": "[ 5.50715029e-07 -5.91893201e-07  1.74749104e-08 -5.42688117e-07\n -1.69160241e-06  7.64233121e-07]", "hess_inv": "[[ 5.17085788 -0.61495741 -1.89502746  0.24765407  0.66670627  0.98732321]\n [-0.61495741  4.93490936  0.67542367 -0.40687923 -0.10483591  0.07735602]\n [-1.89502746  0.67542367  8.21532348 -1.72964602  0.828332   -0.56921409]\n [ 0.24765407 -0.40687923 -1.72964602  6.03114111 -0.44902237  2.14160665]\n [ 0.66670627 -0.10483591  0.828332   -0.44902237  4.68010473  0.17109265]\n [ 0.98732321  0.07735602 -0.56921409  2.14160665  0.17109265  9.4509628 ]]", "nfev": "294", "njev": "42", "status": "0", "success": "True", "message": "Optimization terminated successfully.", "x": "[-1.28606023  3.43252028  7.03401507  4.39647452  2.70071846  5.11099377]", "nit": "33"}, "1": {"maxiter": 100, "gtol": 1e-05, "xrtol": 1e-05, "eps": 1e-10, "duration": 0.050681114196777344, "fun": "0.4955552259211473", "jac": "[-1.11022293e-06 -2.22044587e-06 -1.11022293e-06 -1.11022293e-06\n -1.11022293e-06 -3.33066880e-06]", "hess_inv": "[[ 5.23249571 -0.60505455 -1.88834421  0.16910977  0.60377004  1.03077259]\n [-0.60505455  4.9443479   0.689703   -0.42664384 -0.12103655  0.06377571]\n [-1.88834421  0.689703    8.10220014 -1.79304574  0.80527464 -0.55255831]\n [ 0.16910977 -0.42664384 -1.79304574  5.97820313 -0.4354692   2.11643597]\n [ 0.60377004 -0.12103655  0.80527464 -0.4354692   4.66174671  0.17985487]\n [ 1.03077259  0.06377571 -0.55255831  2.11643597  0.17985487  9.49636816]]", "nfev": "294", "njev": "42", "status": "0", "success": "True", "message": "Optimization terminated successfully.", "x": "[-1.28606172  3.43252019  7.03401657  4.39648029  2.70072723  5.11098552]", "nit": "33"}, "2": {"maxiter": 100, "gtol": 1e-05, "xrtol": 1e-10, "eps": 1e-05, "duration": 0.05076098442077637, "fun": "0.4955552259359187", "jac": "[ 5.50715029e-07 -5.91893201e-07  1.74749104e-08 -5.42688117e-07\n -1.69160241e-06  7.64233121e-07]", "hess_inv": "[[ 5.17085788 -0.61495741 -1.89502746  0.24765407  0.66670627  0.98732321]\n [-0.61495741  4.93490936  0.67542367 -0.40687923 -0.10483591  0.07735602]\n [-1.89502746  0.67542367  8.21532348 -1.72964602  0.828332   -0.56921409]\n [ 0.24765407 -0.40687923 -1.72964602  6.03114111 -0.44902237  2.14160665]\n [ 0.66670627 -0.10483591  0.828332   -0.44902237  4.68010473  0.17109265]\n [ 0.98732321  0.07735602 -0.56921409  2.14160665  0.17109265  9.4509628 ]]", "nfev": "294", "njev": "42", "status": "0", "success": "True", "message": "Optimization terminated successfully.", "x": "[-1.28606023  3.43252028  7.03401507  4.39647452  2.70071846  5.11099377]", "nit": "33"}, "3": {"maxiter": 100, "gtol": 1e-05, "xrtol": 1e-10, "eps": 1e-10, "duration": 0.05068707466125488, "fun": "0.4955552259211473", "jac": "[-1.11022293e-06 -2.22044587e-06 -1.11022293e-06 -1.11022293e-06\n -1.11022293e-06 -3.33066880e-06]", "hess_inv": "[[ 5.23249571 -0.60505455 -1.88834421  0.16910977  0.60377004  1.03077259]\n [-0.60505455  4.9443479   0.689703   -0.42664384 -0.12103655  0.06377571]\n [-1.88834421  0.689703    8.10220014 -1.79304574  0.80527464 -0.55255831]\n [ 0.16910977 -0.42664384 -1.79304574  5.97820313 -0.4354692   2.11643597]\n [ 0.60377004 -0.12103655  0.80527464 -0.4354692   4.66174671  0.17985487]\n [ 1.03077259  0.06377571 -0.55255831  2.11643597  0.17985487  9.49636816]]", "nfev": "294", "njev": "42", "status": "0", "success": "True", "message": "Optimization terminated successfully.", "x": "[-1.28606172  3.43252019  7.03401657  4.39648029  2.70072723  5.11098552]", "nit": "33"}, "4": {"maxiter": 100, "gtol": 1e-10, "xrtol": 1e-05, "eps": 1e-05, "duration": 0.05080986022949219, "fun": "0.4955552259359187", "jac": "[ 5.50715029e-07 -5.91893201e-07  1.74749104e-08 -5.42688117e-07\n -1.69160241e-06  7.64233121e-07]", "hess_inv": "[[ 5.17085788 -0.61495741 -1.89502746  0.24765407  0.66670627  0.98732321]\n [-0.61495741  4.93490936  0.67542367 -0.40687923 -0.10483591  0.07735602]\n [-1.89502746  0.67542367  8.21532348 -1.72964602  0.828332   -0.56921409]\n [ 0.24765407 -0.40687923 -1.72964602  6.03114111 -0.44902237  2.14160665]\n [ 0.66670627 -0.10483591  0.828332   -0.44902237  4.68010473  0.17109265]\n [ 0.98732321  0.07735602 -0.56921409  2.14160665  0.17109265  9.4509628 ]]", "nfev": "294", "njev": "42", "status": "0", "success": "True", "message": "Optimization terminated successfully.", "x": "[-1.28606023  3.43252028  7.03401507  4.39647452  2.70071846  5.11099377]", "nit": "33"}, "5": {"maxiter": 100, "gtol": 1e-10, "xrtol": 1e-05, "eps": 1e-10, "duration": 0.051941871643066406, "fun": "0.4955552259211473", "jac": "[-1.11022293e-06 -2.22044587e-06 -1.11022293e-06 -1.11022293e-06\n -1.11022293e-06 -3.33066880e-06]", "hess_inv": "[[ 5.23249571 -0.60505455 -1.88834421  0.16910977  0.60377004  1.03077259]\n [-0.60505455  4.9443479   0.689703   -0.42664384 -0.12103655  0.06377571]\n [-1.88834421  0.689703    8.10220014 -1.79304574  0.80527464 -0.55255831]\n [ 0.16910977 -0.42664384 -1.79304574  5.97820313 -0.4354692   2.11643597]\n [ 0.60377004 -0.12103655  0.80527464 -0.4354692   4.66174671  0.17985487]\n [ 1.03077259  0.06377571 -0.55255831  2.11643597  0.17985487  9.49636816]]", "nfev": "294", "njev": "42", "status": "0", "success": "True", "message": "Optimization terminated successfully.", "x": "[-1.28606172  3.43252019  7.03401657  4.39648029  2.70072723  5.11098552]", "nit": "33"}, "6": {"maxiter": 100, "gtol": 1e-10, "xrtol": 1e-10, "eps": 1e-05, "duration": 0.07901406288146973, "fun": "0.4955552259189582", "jac": "[ 1.48880908e-08 -2.10054196e-08 -7.38298311e-09 -1.14686038e-08\n  2.14384066e-08  8.95949981e-09]", "hess_inv": "[[ 4.67289076e+00 -7.84008313e-01 -1.38752309e+00  4.74439405e-01\n   7.71058140e-01  7.77615213e-01]\n [-7.84008313e-01  5.64486680e+00  4.91529760e-01 -5.05779926e-01\n   1.32782048e-01 -5.11847646e-01]\n [-1.38752309e+00  4.91529760e-01  7.64566369e+00 -1.94668296e+00\n   4.52883980e-01 -4.64211067e-03]\n [ 4.74439405e-01 -5.05779926e-01 -1.94668296e+00  5.94819862e+00\n  -6.18837231e-01  2.39962932e+00]\n [ 7.71058140e-01  1.32782048e-01  4.52883980e-01 -6.18837231e-01\n   5.04673902e+00 -4.29608941e-02]\n [ 7.77615213e-01 -5.11847646e-01 -4.64211067e-03  2.39962932e+00\n  -4.29608941e-02  9.74927871e+00]]", "nfev": "446", "njev": "62", "status": "2", "success": "False", "message": "Desired error not necessarily achieved due to precision loss.", "x": "[-1.28606228  3.43252435  7.03401571  4.39647435  2.70072635  5.11098683]", "nit": "35"}, "7": {"maxiter": 100, "gtol": 1e-10, "xrtol": 1e-10, "eps": 1e-10, "duration": 0.06819319725036621, "fun": "0.4955552259056427", "jac": "[ 0.00000000e+00  0.00000000e+00  2.22044587e-06  0.00000000e+00\n -1.11022293e-06  0.00000000e+00]", "hess_inv": "[[ 25.93306878  27.96442278  15.68413874  -9.13267972  17.37065643\n  -20.1283003 ]\n [ 27.96442278  35.44097504  20.99308593 -12.07319817  18.71005747\n  -22.19022746]\n [ 15.68413874  20.99308593  19.61806186  -9.60534243  14.73533739\n  -14.54228297]\n [ -9.13267972 -12.07319817  -9.60534243   5.07019232  -7.4479938\n    8.02617466]\n [ 17.37065643  18.71005747  14.73533739  -7.4479938   14.93392129\n  -15.26066924]\n [-20.1283003  -22.19022746 -14.54228297   8.02617466 -15.26066924\n   17.03448812]]", "nfev": "385", "njev": "55", "status": "0", "success": "True", "message": "Optimization terminated successfully.", "x": "[-1.28605677  3.43252903  7.03401634  4.39647837  2.70073149  5.11099153]", "nit": "39"}, "8": {"maxiter": 500, "gtol": 1e-05, "xrtol": 1e-05, "eps": 1e-05, "duration": 0.05199790000915527, "fun": "0.4955552259359187", "jac": "[ 5.50715029e-07 -5.91893201e-07  1.74749104e-08 -5.42688117e-07\n -1.69160241e-06  7.64233121e-07]", "hess_inv": "[[ 5.17085788 -0.61495741 -1.89502746  0.24765407  0.66670627  0.98732321]\n [-0.61495741  4.93490936  0.67542367 -0.40687923 -0.10483591  0.07735602]\n [-1.89502746  0.67542367  8.21532348 -1.72964602  0.828332   -0.56921409]\n [ 0.24765407 -0.40687923 -1.72964602  6.03114111 -0.44902237  2.14160665]\n [ 0.66670627 -0.10483591  0.828332   -0.44902237  4.68010473  0.17109265]\n [ 0.98732321  0.07735602 -0.56921409  2.14160665  0.17109265  9.4509628 ]]", "nfev": "294", "njev": "42", "status": "0", "success": "True", "message": "Optimization terminated successfully.", "x": "[-1.28606023  3.43252028  7.03401507  4.39647452  2.70071846  5.11099377]", "nit": "33"}, "9": {"maxiter": 500, "gtol": 1e-05, "xrtol": 1e-05, "eps": 1e-10, "duration": 0.05205416679382324, "fun": "0.4955552259211473", "jac": "[-1.11022293e-06 -2.22044587e-06 -1.11022293e-06 -1.11022293e-06\n -1.11022293e-06 -3.33066880e-06]", "hess_inv": "[[ 5.23249571 -0.60505455 -1.88834421  0.16910977  0.60377004  1.03077259]\n [-0.60505455  4.9443479   0.689703   -0.42664384 -0.12103655  0.06377571]\n [-1.88834421  0.689703    8.10220014 -1.79304574  0.80527464 -0.55255831]\n [ 0.16910977 -0.42664384 -1.79304574  5.97820313 -0.4354692   2.11643597]\n [ 0.60377004 -0.12103655  0.80527464 -0.4354692   4.66174671  0.17985487]\n [ 1.03077259  0.06377571 -0.55255831  2.11643597  0.17985487  9.49636816]]", "nfev": "294", "njev": "42", "status": "0", "success": "True", "message": "Optimization terminated successfully.", "x": "[-1.28606172  3.43252019  7.03401657  4.39648029  2.70072723  5.11098552]", "nit": "33"}, "10": {"maxiter": 500, "gtol": 1e-05, "xrtol": 1e-10, "eps": 1e-05, "duration": 0.051851749420166016, "fun": "0.4955552259359187", "jac": "[ 5.50715029e-07 -5.91893201e-07  1.74749104e-08 -5.42688117e-07\n -1.69160241e-06  7.64233121e-07]", "hess_inv": "[[ 5.17085788 -0.61495741 -1.89502746  0.24765407  0.66670627  0.98732321]\n [-0.61495741  4.93490936  0.67542367 -0.40687923 -0.10483591  0.07735602]\n [-1.89502746  0.67542367  8.21532348 -1.72964602  0.828332   -0.56921409]\n [ 0.24765407 -0.40687923 -1.72964602  6.03114111 -0.44902237  2.14160665]\n [ 0.66670627 -0.10483591  0.828332   -0.44902237  4.68010473  0.17109265]\n [ 0.98732321  0.07735602 -0.56921409  2.14160665  0.17109265  9.4509628 ]]", "nfev": "294", "njev": "42", "status": "0", "success": "True", "message": "Optimization terminated successfully.", "x": "[-1.28606023  3.43252028  7.03401507  4.39647452  2.70071846  5.11099377]", "nit": "33"}, "11": {"maxiter": 500, "gtol": 1e-05, "xrtol": 1e-10, "eps": 1e-10, "duration": 0.05158519744873047, "fun": "0.4955552259211473", "jac": "[-1.11022293e-06 -2.22044587e-06 -1.11022293e-06 -1.11022293e-06\n -1.11022293e-06 -3.33066880e-06]", "hess_inv": "[[ 5.23249571 -0.60505455 -1.88834421  0.16910977  0.60377004  1.03077259]\n [-0.60505455  4.9443479   0.689703   -0.42664384 -0.12103655  0.06377571]\n [-1.88834421  0.689703    8.10220014 -1.79304574  0.80527464 -0.55255831]\n [ 0.16910977 -0.42664384 -1.79304574  5.97820313 -0.4354692   2.11643597]\n [ 0.60377004 -0.12103655  0.80527464 -0.4354692   4.66174671  0.17985487]\n [ 1.03077259  0.06377571 -0.55255831  2.11643597  0.17985487  9.49636816]]", "nfev": "294", "njev": "42", "status": "0", "success": "True", "message": "Optimization terminated successfully.", "x": "[-1.28606172  3.43252019  7.03401657  4.39648029  2.70072723  5.11098552]", "nit": "33"}, "12": {"maxiter": 500, "gtol": 1e-10, "xrtol": 1e-05, "eps": 1e-05, "duration": 0.051833152770996094, "fun": "0.4955552259359187", "jac": "[ 5.50715029e-07 -5.91893201e-07  1.74749104e-08 -5.42688117e-07\n -1.69160241e-06  7.64233121e-07]", "hess_inv": "[[ 5.17085788 -0.61495741 -1.89502746  0.24765407  0.66670627  0.98732321]\n [-0.61495741  4.93490936  0.67542367 -0.40687923 -0.10483591  0.07735602]\n [-1.89502746  0.67542367  8.21532348 -1.72964602  0.828332   -0.56921409]\n [ 0.24765407 -0.40687923 -1.72964602  6.03114111 -0.44902237  2.14160665]\n [ 0.66670627 -0.10483591  0.828332   -0.44902237  4.68010473  0.17109265]\n [ 0.98732321  0.07735602 -0.56921409  2.14160665  0.17109265  9.4509628 ]]", "nfev": "294", "njev": "42", "status": "0", "success": "True", "message": "Optimization terminated successfully.", "x": "[-1.28606023  3.43252028  7.03401507  4.39647452  2.70071846  5.11099377]", "nit": "33"}, "13": {"maxiter": 500, "gtol": 1e-10, "xrtol": 1e-05, "eps": 1e-10, "duration": 0.05146503448486328, "fun": "0.4955552259211473", "jac": "[-1.11022293e-06 -2.22044587e-06 -1.11022293e-06 -1.11022293e-06\n -1.11022293e-06 -3.33066880e-06]", "hess_inv": "[[ 5.23249571 -0.60505455 -1.88834421  0.16910977  0.60377004  1.03077259]\n [-0.60505455  4.9443479   0.689703   -0.42664384 -0.12103655  0.06377571]\n [-1.88834421  0.689703    8.10220014 -1.79304574  0.80527464 -0.55255831]\n [ 0.16910977 -0.42664384 -1.79304574  5.97820313 -0.4354692   2.11643597]\n [ 0.60377004 -0.12103655  0.80527464 -0.4354692   4.66174671  0.17985487]\n [ 1.03077259  0.06377571 -0.55255831  2.11643597  0.17985487  9.49636816]]", "nfev": "294", "njev": "42", "status": "0", "success": "True", "message": "Optimization terminated successfully.", "x": "[-1.28606172  3.43252019  7.03401657  4.39648029  2.70072723  5.11098552]", "nit": "33"}, "14": {"maxiter": 500, "gtol": 1e-10, "xrtol": 1e-10, "eps": 1e-05, "duration": 0.07746315002441406, "fun": "0.4955552259189582", "jac": "[ 1.48880908e-08 -2.10054196e-08 -7.38298311e-09 -1.14686038e-08\n  2.14384066e-08  8.95949981e-09]", "hess_inv": "[[ 4.67289076e+00 -7.84008313e-01 -1.38752309e+00  4.74439405e-01\n   7.71058140e-01  7.77615213e-01]\n [-7.84008313e-01  5.64486680e+00  4.91529760e-01 -5.05779926e-01\n   1.32782048e-01 -5.11847646e-01]\n [-1.38752309e+00  4.91529760e-01  7.64566369e+00 -1.94668296e+00\n   4.52883980e-01 -4.64211067e-03]\n [ 4.74439405e-01 -5.05779926e-01 -1.94668296e+00  5.94819862e+00\n  -6.18837231e-01  2.39962932e+00]\n [ 7.71058140e-01  1.32782048e-01  4.52883980e-01 -6.18837231e-01\n   5.04673902e+00 -4.29608941e-02]\n [ 7.77615213e-01 -5.11847646e-01 -4.64211067e-03  2.39962932e+00\n  -4.29608941e-02  9.74927871e+00]]", "nfev": "446", "njev": "62", "status": "2", "success": "False", "message": "Desired error not necessarily achieved due to precision loss.", "x": "[-1.28606228  3.43252435  7.03401571  4.39647435  2.70072635  5.11098683]", "nit": "35"}, "15": {"maxiter": 500, "gtol": 1e-10, "xrtol": 1e-10, "eps": 1e-10, "duration": 0.06689214706420898, "fun": "0.4955552259056427", "jac": "[ 0.00000000e+00  0.00000000e+00  2.22044587e-06  0.00000000e+00\n -1.11022293e-06  0.00000000e+00]", "hess_inv": "[[ 25.93306878  27.96442278  15.68413874  -9.13267972  17.37065643\n  -20.1283003 ]\n [ 27.96442278  35.44097504  20.99308593 -12.07319817  18.71005747\n  -22.19022746]\n [ 15.68413874  20.99308593  19.61806186  -9.60534243  14.73533739\n  -14.54228297]\n [ -9.13267972 -12.07319817  -9.60534243   5.07019232  -7.4479938\n    8.02617466]\n [ 17.37065643  18.71005747  14.73533739  -7.4479938   14.93392129\n  -15.26066924]\n [-20.1283003  -22.19022746 -14.54228297   8.02617466 -15.26066924\n   17.03448812]]", "nfev": "385", "njev": "55", "status": "0", "success": "True", "message": "Optimization terminated successfully.", "x": "[-1.28605677  3.43252903  7.03401634  4.39647837  2.70073149  5.11099153]", "nit": "39"}, "16": {"maxiter": 1000, "gtol": 1e-05, "xrtol": 1e-05, "eps": 1e-05, "duration": 0.05242013931274414, "fun": "0.4955552259359187", "jac": "[ 5.50715029e-07 -5.91893201e-07  1.74749104e-08 -5.42688117e-07\n -1.69160241e-06  7.64233121e-07]", "hess_inv": "[[ 5.17085788 -0.61495741 -1.89502746  0.24765407  0.66670627  0.98732321]\n [-0.61495741  4.93490936  0.67542367 -0.40687923 -0.10483591  0.07735602]\n [-1.89502746  0.67542367  8.21532348 -1.72964602  0.828332   -0.56921409]\n [ 0.24765407 -0.40687923 -1.72964602  6.03114111 -0.44902237  2.14160665]\n [ 0.66670627 -0.10483591  0.828332   -0.44902237  4.68010473  0.17109265]\n [ 0.98732321  0.07735602 -0.56921409  2.14160665  0.17109265  9.4509628 ]]", "nfev": "294", "njev": "42", "status": "0", "success": "True", "message": "Optimization terminated successfully.", "x": "[-1.28606023  3.43252028  7.03401507  4.39647452  2.70071846  5.11099377]", "nit": "33"}, "17": {"maxiter": 1000, "gtol": 1e-05, "xrtol": 1e-05, "eps": 1e-10, "duration": 0.05244612693786621, "fun": "0.4955552259211473", "jac": "[-1.11022293e-06 -2.22044587e-06 -1.11022293e-06 -1.11022293e-06\n -1.11022293e-06 -3.33066880e-06]", "hess_inv": "[[ 5.23249571 -0.60505455 -1.88834421  0.16910977  0.60377004  1.03077259]\n [-0.60505455  4.9443479   0.689703   -0.42664384 -0.12103655  0.06377571]\n [-1.88834421  0.689703    8.10220014 -1.79304574  0.80527464 -0.55255831]\n [ 0.16910977 -0.42664384 -1.79304574  5.97820313 -0.4354692   2.11643597]\n [ 0.60377004 -0.12103655  0.80527464 -0.4354692   4.66174671  0.17985487]\n [ 1.03077259  0.06377571 -0.55255831  2.11643597  0.17985487  9.49636816]]", "nfev": "294", "njev": "42", "status": "0", "success": "True", "message": "Optimization terminated successfully.", "x": "[-1.28606172  3.43252019  7.03401657  4.39648029  2.70072723  5.11098552]", "nit": "33"}, "18": {"maxiter": 1000, "gtol": 1e-05, "xrtol": 1e-10, "eps": 1e-05, "duration": 0.052596092224121094, "fun": "0.4955552259359187", "jac": "[ 5.50715029e-07 -5.91893201e-07  1.74749104e-08 -5.42688117e-07\n -1.69160241e-06  7.64233121e-07]", "hess_inv": "[[ 5.17085788 -0.61495741 -1.89502746  0.24765407  0.66670627  0.98732321]\n [-0.61495741  4.93490936  0.67542367 -0.40687923 -0.10483591  0.07735602]\n [-1.89502746  0.67542367  8.21532348 -1.72964602  0.828332   -0.56921409]\n [ 0.24765407 -0.40687923 -1.72964602  6.03114111 -0.44902237  2.14160665]\n [ 0.66670627 -0.10483591  0.828332   -0.44902237  4.68010473  0.17109265]\n [ 0.98732321  0.07735602 -0.56921409  2.14160665  0.17109265  9.4509628 ]]", "nfev": "294", "njev": "42", "status": "0", "success": "True", "message": "Optimization terminated successfully.", "x": "[-1.28606023  3.43252028  7.03401507  4.39647452  2.70071846  5.11099377]", "nit": "33"}, "19": {"maxiter": 1000, "gtol": 1e-05, "xrtol": 1e-10, "eps": 1e-10, "duration": 0.05261516571044922, "fun": "0.4955552259211473", "jac": "[-1.11022293e-06 -2.22044587e-06 -1.11022293e-06 -1.11022293e-06\n -1.11022293e-06 -3.33066880e-06]", "hess_inv": "[[ 5.23249571 -0.60505455 -1.88834421  0.16910977  0.60377004  1.03077259]\n [-0.60505455  4.9443479   0.689703   -0.42664384 -0.12103655  0.06377571]\n [-1.88834421  0.689703    8.10220014 -1.79304574  0.80527464 -0.55255831]\n [ 0.16910977 -0.42664384 -1.79304574  5.97820313 -0.4354692   2.11643597]\n [ 0.60377004 -0.12103655  0.80527464 -0.4354692   4.66174671  0.17985487]\n [ 1.03077259  0.06377571 -0.55255831  2.11643597  0.17985487  9.49636816]]", "nfev": "294", "njev": "42", "status": "0", "success": "True", "message": "Optimization terminated successfully.", "x": "[-1.28606172  3.43252019  7.03401657  4.39648029  2.70072723  5.11098552]", "nit": "33"}, "20": {"maxiter": 1000, "gtol": 1e-10, "xrtol": 1e-05, "eps": 1e-05, "duration": 0.052603960037231445, "fun": "0.4955552259359187", "jac": "[ 5.50715029e-07 -5.91893201e-07  1.74749104e-08 -5.42688117e-07\n -1.69160241e-06  7.64233121e-07]", "hess_inv": "[[ 5.17085788 -0.61495741 -1.89502746  0.24765407  0.66670627  0.98732321]\n [-0.61495741  4.93490936  0.67542367 -0.40687923 -0.10483591  0.07735602]\n [-1.89502746  0.67542367  8.21532348 -1.72964602  0.828332   -0.56921409]\n [ 0.24765407 -0.40687923 -1.72964602  6.03114111 -0.44902237  2.14160665]\n [ 0.66670627 -0.10483591  0.828332   -0.44902237  4.68010473  0.17109265]\n [ 0.98732321  0.07735602 -0.56921409  2.14160665  0.17109265  9.4509628 ]]", "nfev": "294", "njev": "42", "status": "0", "success": "True", "message": "Optimization terminated successfully.", "x": "[-1.28606023  3.43252028  7.03401507  4.39647452  2.70071846  5.11099377]", "nit": "33"}, "21": {"maxiter": 1000, "gtol": 1e-10, "xrtol": 1e-05, "eps": 1e-10, "duration": 0.052635908126831055, "fun": "0.4955552259211473", "jac": "[-1.11022293e-06 -2.22044587e-06 -1.11022293e-06 -1.11022293e-06\n -1.11022293e-06 -3.33066880e-06]", "hess_inv": "[[ 5.23249571 -0.60505455 -1.88834421  0.16910977  0.60377004  1.03077259]\n [-0.60505455  4.9443479   0.689703   -0.42664384 -0.12103655  0.06377571]\n [-1.88834421  0.689703    8.10220014 -1.79304574  0.80527464 -0.55255831]\n [ 0.16910977 -0.42664384 -1.79304574  5.97820313 -0.4354692   2.11643597]\n [ 0.60377004 -0.12103655  0.80527464 -0.4354692   4.66174671  0.17985487]\n [ 1.03077259  0.06377571 -0.55255831  2.11643597  0.17985487  9.49636816]]", "nfev": "294", "njev": "42", "status": "0", "success": "True", "message": "Optimization terminated successfully.", "x": "[-1.28606172  3.43252019  7.03401657  4.39648029  2.70072723  5.11098552]", "nit": "33"}, "22": {"maxiter": 1000, "gtol": 1e-10, "xrtol": 1e-10, "eps": 1e-05, "duration": 0.07853317260742188, "fun": "0.4955552259189582", "jac": "[ 1.48880908e-08 -2.10054196e-08 -7.38298311e-09 -1.14686038e-08\n  2.14384066e-08  8.95949981e-09]", "hess_inv": "[[ 4.67289076e+00 -7.84008313e-01 -1.38752309e+00  4.74439405e-01\n   7.71058140e-01  7.77615213e-01]\n [-7.84008313e-01  5.64486680e+00  4.91529760e-01 -5.05779926e-01\n   1.32782048e-01 -5.11847646e-01]\n [-1.38752309e+00  4.91529760e-01  7.64566369e+00 -1.94668296e+00\n   4.52883980e-01 -4.64211067e-03]\n [ 4.74439405e-01 -5.05779926e-01 -1.94668296e+00  5.94819862e+00\n  -6.18837231e-01  2.39962932e+00]\n [ 7.71058140e-01  1.32782048e-01  4.52883980e-01 -6.18837231e-01\n   5.04673902e+00 -4.29608941e-02]\n [ 7.77615213e-01 -5.11847646e-01 -4.64211067e-03  2.39962932e+00\n  -4.29608941e-02  9.74927871e+00]]", "nfev": "446", "njev": "62", "status": "2", "success": "False", "message": "Desired error not necessarily achieved due to precision loss.", "x": "[-1.28606228  3.43252435  7.03401571  4.39647435  2.70072635  5.11098683]", "nit": "35"}, "23": {"maxiter": 1000, "gtol": 1e-10, "xrtol": 1e-10, "eps": 1e-10, "duration": 0.06587386131286621, "fun": "0.4955552259056427", "jac": "[ 0.00000000e+00  0.00000000e+00  2.22044587e-06  0.00000000e+00\n -1.11022293e-06  0.00000000e+00]", "hess_inv": "[[ 25.93306878  27.96442278  15.68413874  -9.13267972  17.37065643\n  -20.1283003 ]\n [ 27.96442278  35.44097504  20.99308593 -12.07319817  18.71005747\n  -22.19022746]\n [ 15.68413874  20.99308593  19.61806186  -9.60534243  14.73533739\n  -14.54228297]\n [ -9.13267972 -12.07319817  -9.60534243   5.07019232  -7.4479938\n    8.02617466]\n [ 17.37065643  18.71005747  14.73533739  -7.4479938   14.93392129\n  -15.26066924]\n [-20.1283003  -22.19022746 -14.54228297   8.02617466 -15.26066924\n   17.03448812]]", "nfev": "385", "njev": "55", "status": "0", "success": "True", "message": "Optimization terminated successfully.", "x": "[-1.28605677  3.43252903  7.03401634  4.39647837  2.70073149  5.11099153]", "nit": "39"}}, "cobyla": {"0": {"maxiter": 100, "tol": 1e-05, "catol": 1e-05, "duration": 0.01618480682373047, "x": "[1.2859084  6.57410275 3.89218403 4.39621054 2.70080295 5.11114936]", "status": "2", "success": "False", "message": "Maximum number of function evaluations has been exceeded.", "nfev": "100", "fun": "0.4955552456456048", "maxcv": "0.0"}, "1": {"maxiter": 100, "tol": 1e-05, "catol": 1e-10, "duration": 0.01611495018005371, "x": "[1.2859084  6.57410275 3.89218403 4.39621054 2.70080295 5.11114936]", "status": "2", "success": "False", "message": "Maximum number of function evaluations has been exceeded.", "nfev": "100", "fun": "0.4955552456456048", "maxcv": "0.0"}, "2": {"maxiter": 100, "tol": 1e-10, "catol": 1e-05, "duration": 0.01611018180847168, "x": "[1.2859084  6.57410275 3.89218403 4.39621054 2.70080295 5.11114936]", "status": "2", "success": "False", "message": "Maximum number of function evaluations has been exceeded.", "nfev": "100", "fun": "0.4955552456456048", "maxcv": "0.0"}, "3": {"maxiter": 100, "tol": 1e-10, "catol": 1e-10, "duration": 0.016112089157104492, "x": "[1.2859084  6.57410275 3.89218403 4.39621054 2.70080295 5.11114936]", "status": "2", "success": "False", "message": "Maximum number of function evaluations has been exceeded.", "nfev": "100", "fun": "0.4955552456456048", "maxcv": "0.0"}, "4": {"maxiter": 500, "tol": 1e-05, "catol": 1e-05, "duration": 0.022897005081176758, "x": "[1.28606152 6.57412499 3.89242112 4.39647484 2.70073096 5.11098662]", "status": "1", "success": "True", "message": "Optimization terminated successfully.", "nfev": "142", "fun": "0.4955552259153848", "maxcv": "0.0"}, "5": {"maxiter": 500, "tol": 1e-05, "catol": 1e-10, "duration": 0.02289724349975586, "x": "[1.28606152 6.57412499 3.89242112 4.39647484 2.70073096 5.11098662]", "status": "1", "success": "True", "message": "Optimization terminated successfully.", "nfev": "142", "fun": "0.4955552259153848", "maxcv": "0.0"}, "6": {"maxiter": 500, "tol": 1e-10, "catol": 1e-05, "duration": 0.03884005546569824, "x": "[1.28605667 6.57412103 3.8924263  4.39648037 2.70073254 5.11099628]", "status": "1", "success": "True", "message": "Optimization terminated successfully.", "nfev": "241", "fun": "0.49555522590381573", "maxcv": "0.0"}, "7": {"maxiter": 500, "tol": 1e-10, "catol": 1e-10, "duration": 0.038923025131225586, "x": "[1.28605667 6.57412103 3.8924263  4.39648037 2.70073254 5.11