{"date": "2024/07/19/, 20:27:39", "conf_id": 309, "data_type": "var_s_rank\n", "num_data_points": 4, "s_rank": 0, "unitary": "[[-0.24866696+0.58742286j,-0.44704345-0.43151574j,-0.35669027-0.20570733j,-0.10517633+0.1626036j],[0.10596805-0.19687975j,-0.30269685-0.15056416j,0.18246286+0.30440582j,-0.83484447-0.11310748j],[0.26054512-0.52548482j,0.0285017-0.50723956j,-0.43110112+0.17165838j,0.15243271+0.39915801j],[0.42978035+0.11991271j,-0.17224126-0.46030424j,0.6827807-0.15164662j,0.26483638+0.0061855j]]", "databatch_0": {"databatch": "[[[0.25586832-0.08174243j,-0.19978426-0.03699808j,-0.02951124+0.15812291j,0.18643852-0.00919826j],[0.1799111-0.06821653j,-0.22134738-0.25429759j,0.00065131-0.06600158j,-0.0224196-0.03440673j],[-0.16470321-0.27158322j,-0.10420748+0.47351998j,0.04448128+0.11363573j,0.03901566-0.08099409j],[-0.02682095+0.33932495j,0.03509787-0.05916661j,-0.28637533-0.03453155j,-0.01742269+0.32570498j]],[[0.39860227-0.04119767j,0.12284369-0.23409598j,0.07726593+0.06101344j,-0.18036467+0.18798182j],[-0.02533729-0.16234971j,-0.23519881-0.04087782j,0.14347682-0.06224827j,0.10552093+0.10323251j],[0.10634253-0.29102077j,-0.25995855-0.30427111j,0.21730718+0.06469803j,0.05869862+0.24778897j],[-0.12826115+0.00133991j,-0.30296435+0.12342627j,0.19470614-0.11580239j,0.1204819+0.00050388j]],[[0.00802366-0.00666518j,0.02817336-0.28128722j,-0.17806279+0.1119841j,0.19940843-0.02116525j],[-0.20299956-0.4577302j,0.32268105+0.05711788j,-0.33066641-0.36680156j,-0.05829045+0.00553134j],[0.08677021+0.10960376j,0.03743835+0.03025563j,0.04624542+0.15262926j,0.07976703+0.01171541j],[-0.21748254+0.11302318j,0.11907564-0.02528906j,-0.13631026+0.28777718j,0.00247611-0.00244384j]],[[0.57968543+0.19937913j,-0.01375342+0.07543873j,0.26291987-0.08981051j,0.12133281-0.07945269j],[-0.04596777-0.32125118j,0.03886389-0.01172722j,-0.10577268-0.10220382j,-0.06671983-0.03799216j],[-0.16256938+0.2460922j,-0.03349154-0.01547585j,0.01023462+0.13328332j,0.0224294+0.06607666j],[0.12439129+0.44664989j,-0.05289663+0.02378435j,0.16870801+0.12528283j,0.10153393+0.04151617j]]]", "initial param values": "[4.09351234,5.57066472,3.91961115,6.19614542,2.5106124,1.98408159]", "nelder_mead": {"type": "gradient-free", "0": {"maxiter": 100, "fatol": 1e-05, "xatol": 1e-05, "duration": 0.027328014373779297, "fun": "0.5349211723427465", "nit": "100", "nfev": "160", "status": "2", "success": "False", "message": "Maximum number of iterations has been exceeded.", "x": "[4.51826847 7.05329238 5.48904367 4.39830368 2.70201989 2.26061461]", "final_simplex": "(array([[4.51826847, 7.05329238, 5.48904367, 4.39830368, 2.70201989,\n        2.26061461],\n       [4.54148709, 7.1318153 , 5.47268616, 4.42668142, 2.7841596 ,\n        2.24532684],\n       [4.54841736, 7.12199493, 5.52589412, 4.38294884, 2.77005706,\n        2.26032357],\n       [4.37198856, 7.06140458, 5.40858008, 4.35312816, 2.85062203,\n        2.2416978 ],\n       [4.50264284, 6.9596575 , 5.47444845, 4.3696699 , 2.69825356,\n        2.2621918 ],\n       [4.38315575, 6.94943157, 5.46791577, 4.49674773, 2.75535121,\n        2.22720825],\n       [4.52724932, 7.04610181, 5.41826245, 4.4085079 , 2.76200351,\n        2.25817327]]), array([0.53492117, 0.53499565, 0.53508172, 0.53519715, 0.53527387,\n       0.53530539, 0.5353178 ]))"}, "1": {"maxiter": 100, "fatol": 1e-05, "xatol": 1e-10, "duration": 0.028687000274658203, "fun": "0.5349211723427465", "nit": "100", "nfev": "160", "status": "2", "success": "False", "message": "Maximum number of iterations has been exceeded.", "x": "[4.51826847 7.05329238 5.48904367 4.39830368 2.70201989 2.26061461]", "final_simplex": "(array([[4.51826847, 7.05329238, 5.48904367, 4.39830368, 2.70201989,\n        2.26061461],\n       [4.54148709, 7.1318153 , 5.47268616, 4.42668142, 2.7841596 ,\n        2.24532684],\n       [4.54841736, 7.12199493, 5.52589412, 4.38294884, 2.77005706,\n        2.26032357],\n       [4.37198856, 7.06140458, 5.40858008, 4.35312816, 2.85062203,\n        2.2416978 ],\n       [4.50264284, 6.9596575 , 5.47444845, 4.3696699 , 2.69825356,\n        2.2621918 ],\n       [4.38315575, 6.94943157, 5.46791577, 4.49674773, 2.75535121,\n        2.22720825],\n       [4.52724932, 7.04610181, 5.41826245, 4.4085079 , 2.76200351,\n        2.25817327]]), array([0.53492117, 0.53499565, 0.53508172, 0.53519715, 0.53527387,\n       0.53530539, 0.5353178 ]))"}, "2": {"maxiter": 100, "fatol": 1e-10, "xatol": 1e-05, "duration": 0.027647972106933594, "fun": "0.5349211723427465", "nit": "100", "nfev": "160", "status": "2", "success": "False", "message": "Maximum number of iterations has been exceeded.", "x": "[4.51826847 7.05329238 5.48904367 4.39830368 2.70201989 2.26061461]", "final_simplex": "(array([[4.51826847, 7.05329238, 5.48904367, 4.39830368, 2.70201989,\n        2.26061461],\n       [4.54148709, 7.1318153 , 5.47268616, 4.42668142, 2.7841596 ,\n        2.24532684],\n       [4.54841736, 7.12199493, 5.52589412, 4.38294884, 2.77005706,\n        2.26032357],\n       [4.37198856, 7.06140458, 5.40858008, 4.35312816, 2.85062203,\n        2.2416978 ],\n       [4.50264284, 6.9596575 , 5.47444845, 4.3696699 , 2.69825356,\n        2.2621918 ],\n       [4.38315575, 6.94943157, 5.46791577, 4.49674773, 2.75535121,\n        2.22720825],\n       [4.52724932, 7.04610181, 5.41826245, 4.4085079 , 2.76200351,\n        2.25817327]]), array([0.53492117, 0.53499565, 0.53508172, 0.53519715, 0.53527387,\n       0.53530539, 0.5353178 ]))"}, "3": {"maxiter": 100, "fatol": 1e-10, "xatol": 1e-10, "duration": 0.027429819107055664, "fun": "0.5349211723427465", "nit": "100", "nfev": "160", "status": "2", "success": "False", "message": "Maximum number of iterations has been exceeded.", "x": "[4.51826847 7.05329238 5.48904367 4.39830368 2.70201989 2.26061461]", "final_simplex": "(array([[4.51826847, 7.05329238, 5.48904367, 4.39830368, 2.70201989,\n        2.26061461],\n       [4.54148709, 7.1318153 , 5.47268616, 4.42668142, 2.7841596 ,\n        2.24532684],\n       [4.54841736, 7.12199493, 5.52589412, 4.38294884, 2.77005706,\n        2.26032357],\n       [4.37198856, 7.06140458, 5.40858008, 4.35312816, 2.85062203,\n        2.2416978 ],\n       [4.50264284, 6.9596575 , 5.47444845, 4.3696699 , 2.69825356,\n        2.2621918 ],\n       [4.38315575, 6.94943157, 5.46791577, 4.49674773, 2.75535121,\n        2.22720825],\n       [4.52724932, 7.04610181, 5.41826245, 4.4085079 , 2.76200351,\n        2.25817327]]), array([0.53492117, 0.53499565, 0.53508172, 0.53519715, 0.53527387,\n       0.53530539, 0.5353178 ]))"}, "4": {"maxiter": 500, "fatol": 1e-05, "xatol": 1e-05, "duration": 0.13187193870544434, "fun": "0.4039933257895282", "nit": "500", "nfev": "772", "status": "2", "success": "False", "message": "Maximum number of iterations has been exceeded.", "x": "[ 7.48862547  6.79828377  4.74357501  4.86603152 -0.1095288   1.74913336]", "final_simplex": "(array([[ 7.48862547,  6.79828377,  4.74357501,  4.86603152, -0.1095288 ,\n         1.74913336],\n       [ 7.48863447,  6.7982755 ,  4.74358268,  4.86602708, -0.10954164,\n         1.74913723],\n       [ 7.48863542,  6.79827925,  4.74357805,  4.86603457, -0.1095276 ,\n         1.74914338],\n       [ 7.48862238,  6.79828921,  4.74356944,  4.86602747, -0.10953281,\n         1.74914137],\n       [ 7.48862861,  6.79827319,  4.74358683,  4.86602853, -0.10952505,\n         1.74914226],\n       [ 7.48862817,  6.79828237,  4.74358475,  4.86603718, -0.10954092,\n         1.74914609],\n       [ 7.48863502,  6.79829285,  4.7435835 ,  4.86602704, -0.10953118,\n         1.74912911]]), array([0.40399333, 0.40399333, 0.40399333, 0.40399333, 0.40399333,\n       0.40399333, 0.40399333]))"}, "5": {"maxiter": 500, "fatol": 1e-05, "xatol": 1e-10, "duration": 0.13185477256774902, "fun": "0.4039933257895282", "nit": "500", "nfev": "772", "status": "2", "success": "False", "message": "Maximum number of iterations has been exceeded.", "x": "[ 7.48862547  6.79828377  4.74357501  4.86603152 -0.1095288   1.74913336]", "final_simplex": "(array([[ 7.48862547,  6.79828377,  4.74357501,  4.86603152, -0.1095288 ,\n         1.74913336],\n       [ 7.48863447,  6.7982755 ,  4.74358268,  4.86602708, -0.10954164,\n         1.74913723],\n       [ 7.48863542,  6.79827925,  4.74357805,  4.86603457, -0.1095276 ,\n         1.74914338],\n       [ 7.48862238,  6.79828921,  4.74356944,  4.86602747, -0.10953281,\n         1.74914137],\n       [ 7.48862861,  6.79827319,  4.74358683,  4.86602853, -0.10952505,\n         1.74914226],\n       [ 7.48862817,  6.79828237,  4.74358475,  4.86603718, -0.10954092,\n         1.74914609],\n       [ 7.48863502,  6.79829285,  4.7435835 ,  4.86602704, -0.10953118,\n         1.74912911]]), array([0.40399333, 0.40399333, 0.40399333, 0.40399333, 0.40399333,\n       0.40399333, 0.40399333]))"}, "6": {"maxiter": 500, "fatol": 1e-10, "xatol": 1e-05, "duration": 0.1315598487854004, "fun": "0.4039933257895282", "nit": "500", "nfev": "772", "status": "2", "success": "False", "message": "Maximum number of iterations has been exceeded.", "x": "[ 7.48862547  6.79828377  4.74357501  4.86603152 -0.1095288   1.74913336]", "final_simplex": "(array([[ 7.48862547,  6.79828377,  4.74357501,  4.86603152, -0.1095288 ,\n         1.74913336],\n       [ 7.48863447,  6.7982755 ,  4.74358268,  4.86602708, -0.10954164,\n         1.74913723],\n       [ 7.48863542,  6.79827925,  4.74357805,  4.86603457, -0.1095276 ,\n         1.74914338],\n       [ 7.48862238,  6.79828921,  4.74356944,  4.86602747, -0.10953281,\n         1.74914137],\n       [ 7.48862861,  6.79827319,  4.74358683,  4.86602853, -0.10952505,\n         1.74914226],\n       [ 7.48862817,  6.79828237,  4.74358475,  4.86603718, -0.10954092,\n         1.74914609],\n       [ 7.48863502,  6.79829285,  4.7435835 ,  4.86602704, -0.10953118,\n         1.74912911]]), array([0.40399333, 0.40399333, 0.40399333, 0.40399333, 0.40399333,\n       0.40399333, 0.40399333]))"}, "7": {"maxiter": 500, "fatol": 1e-10, "xatol": 1e-10, "duration": 0.1312260627746582, "fun": "0.4039933257895282", "nit": "500", "nfev": "772", "status": "2", "success": "False", "message": "Maximum number of iterations has been exceeded.", "x": "[ 7.48862547  6.79828377  4.74357501  4.86603152 -0.1095288   1.74913336]", "final_simplex": "(array([[ 7.48862547,  6.79828377,  4.74357501,  4.86603152, -0.1095288 ,\n         1.74913336],\n       [ 7.48863447,  6.7982755 ,  4.74358268,  4.86602708, -0.10954164,\n         1.74913723],\n       [ 7.48863542,  6.79827925,  4.74357805,  4.86603457, -0.1095276 ,\n         1.74914338],\n       [ 7.48862238,  6.79828921,  4.74356944,  4.86602747, -0.10953281,\n         1.74914137],\n       [ 7.48862861,  6.79827319,  4.74358683,  4.86602853, -0.10952505,\n         1.74914226],\n       [ 7.48862817,  6.79828237,  4.74358475,  4.86603718, -0.10954092,\n         1.74914609],\n       [ 7.48863502,  6.79829285,  4.7435835 ,  4.86602704, -0.10953118,\n         1.74912911]]), array([0.40399333, 0.40399333, 0.40399333, 0.40399333, 0.40399333,\n       0.40399333, 0.40399333]))"}, "8": {"maxiter": 1000, "fatol": 1e-05, "xatol": 1e-05, "duration": 0.1344289779663086, "fun": "0.4039933257892334", "nit": "506", "nfev": "782", "status": "0", "success": "True", "message": "Optimization terminated successfully.", "x": "[ 7.4886297   6.79828301  4.74357357  4.86603321 -0.10953792  1.74914003]", "final_simplex": "(array([[ 7.4886297 ,  6.79828301,  4.74357357,  4.86603321, -0.10953792,\n         1.74914003],\n       [ 7.48862547,  6.79828377,  4.74357501,  4.86603152, -0.1095288 ,\n         1.74913336],\n       [ 7.4886335 ,  6.79827576,  4.74358092,  4.86603476, -0.10953604,\n         1.7491401 ],\n       [ 7.48862846,  6.7982808 ,  4.74358149,  4.86603378, -0.10953625,\n         1.74914337],\n       [ 7.48862612,  6.7982744 ,  4.74357744,  4.86603307, -0.10953361,\n         1.74914637],\n       [ 7.48862381,  6.7982785 ,  4.74357898,  4.8660299 , -0.10954382,\n         1.74913678],\n       [ 7.48863447,  6.7982755 ,  4.74358268,  4.86602708, -0.10954164,\n         1.74913723]]), array([0.40399333, 0.40399333, 0.40399333, 0.40399333, 0.40399333,\n       0.40399333, 0.40399333]))"}, "9": {"maxiter": 1000, "fatol": 1e-05, "xatol": 1e-10, "duration": 0.1710197925567627, "fun": "0.4039933257838957", "nit": "603", "nfev": "1006", "status": "0", "success": "True", "message": "Optimization terminated successfully.", "x": "[ 7.48862571  6.79828209  4.74357836  4.86603486 -0.1095332   1.74913608]", "final_simplex": "(array([[ 7.48862571,  6.79828209,  4.74357836,  4.86603486, -0.1095332 ,\n         1.74913608],\n       [ 7.48862571,  6.79828209,  4.74357836,  4.86603486, -0.1095332 ,\n         1.74913608],\n       [ 7.48862571,  6.79828209,  4.74357836,  4.86603486, -0.1095332 ,\n         1.74913608],\n       [ 7.48862571,  6.79828209,  4.74357836,  4.86603486, -0.1095332 ,\n         1.74913608],\n       [ 7.48862571,  6.79828209,  4.74357836,  4.86603486, -0.1095332 ,\n         1.74913608],\n       [ 7.48862571,  6.79828209,  4.74357836,  4.86603486, -0.1095332 ,\n         1.74913608],\n       [ 7.48862571,  6.79828209,  4.74357836,  4.86603486, -0.1095332 ,\n         1.74913608]]), array([0.40399333, 0.40399333, 0.40399333, 0.40399333, 0.40399333,\n       0.40399333, 0.40399333]))"}, "10": {"maxiter": 1000, "fatol": 1e-10, "xatol": 1e-05, "duration": 0.1333310604095459, "fun": "0.4039933257892334", "nit": "506", "nfev": "782", "status": "0", "success": "True", "message": "Optimization terminated successfully.", "x": "[ 7.4886297   6.79828301  4.74357357  4.86603321 -0.10953792  1.74914003]", "final_simplex": "(array([[ 7.4886297 ,  6.79828301,  4.74357357,  4.86603321, -0.10953792,\n         1.74914003],\n       [ 7.48862547,  6.79828377,  4.74357501,  4.86603152, -0.1095288 ,\n         1.74913336],\n       [ 7.4886335 ,  6.79827576,  4.74358092,  4.86603476, -0.10953604,\n         1.7491401 ],\n       [ 7.48862846,  6.7982808 ,  4.74358149,  4.86603378, -0.10953625,\n         1.74914337],\n       [ 7.48862612,  6.7982744 ,  4.74357744,  4.86603307, -0.10953361,\n         1.74914637],\n       [ 7.48862381,  6.7982785 ,  4.74357898,  4.8660299 , -0.10954382,\n         1.74913678],\n       [ 7.48863447,  6.7982755 ,  4.74358268,  4.86602708, -0.10954164,\n         1.74913723]]), array([0.40399333, 0.40399333, 0.40399333, 0.40399333, 0.40399333,\n       0.40399333, 0.40399333]))"}, "11": {"maxiter": 1000, "fatol": 1e-10, "xatol": 1e-10, "duration": 0.1699221134185791, "fun": "0.4039933257838957", "nit": "603", "nfev": "1006", "status": "0", "success": "True", "message": "Optimization terminated successfully.", "x": "[ 7.48862571  6.79828209  4.74357836  4.86603486 -0.1095332   1.74913608]", "final_simplex": "(array([[ 7.48862571,  6.79828209,  4.74357836,  4.86603486, -0.1095332 ,\n         1.74913608],\n       [ 7.48862571,  6.79828209,  4.74357836,  4.86603486, -0.1095332 ,\n         1.74913608],\n       [ 7.48862571,  6.79828209,  4.74357836,  4.86603486, -0.1095332 ,\n         1.74913608],\n       [ 7.48862571,  6.79828209,  4.74357836,  4.86603486, -0.1095332 ,\n         1.74913608],\n       [ 7.48862571,  6.79828209,  4.74357836,  4.86603486, -0.1095332 ,\n         1.74913608],\n       [ 7.48862571,  6.79828209,  4.74357836,  4.86603486, -0.1095332 ,\n         1.74913608],\n       [ 7.48862571,  6.79828209,  4.74357836,  4.86603486, -0.1095332 ,\n         1.74913608]]), array([0.40399333, 0.40399333, 0.40399333, 0.40399333, 0.40399333,\n       0.40399333, 0.40399333]))"}}, "bfgs": {"type": "gradient", "0": {"maxiter": 100, "gtol": 1e-05, "xrtol": 1e-05, "eps": 1e-05, "duration": 0.05512094497680664, "fun": "0.5390398717568251", "jac": "[ 2.66321409e-06  1.93591809e-06 -3.78520548e-06  4.72144546e-07\n -4.76991779e-06 -2.98200353e-06]", "hess_inv": "[[  9.91648302  -1.89591094   1.5537999   -2.60576718  -2.06141641\n    4.41800771]\n [ -1.89591094  11.79803186   4.60067906  -3.96857783  10.78071928\n   -8.03990972]\n [  1.5537999    4.60067906  11.1359943   -7.39422186   3.57566149\n   -4.6189525 ]\n [ -2.60576718  -3.96857783  -7.39422186  14.22446907  -8.1966731\n   11.49665962]\n [ -2.06141641  10.78071928   3.57566149  -8.1966731   64.86006285\n  -67.04493725]\n [  4.41800771  -8.03990972  -4.6189525   11.49665962 -67.04493725\n   80.57520786]]", "nfev": "308", "njev": "44", "status": "0", "success": "True", "message": "Optimization terminated successfully.", "x": "[4.55328142 4.39387391 3.67155493 5.90996788 2.52537681 3.99280205]", "nit": "40"}, "1": {"maxiter": 100, "gtol": 1e-05, "xrtol": 1e-05, "eps": 1e-10, "duration": 0.05565500259399414, "fun": "0.5390398720279612", "jac": "[ 2.22044587e-06  2.22044587e-06 -3.33066880e-06  2.22044587e-06\n -4.44089173e-06 -1.11022293e-06]", "hess_inv": "[[ 10.01970279  -1.87565913   1.57678693  -2.60749407  -1.86334816\n    4.17796616]\n [ -1.87565913  11.74655889   4.61554046  -4.01769288  10.66027822\n   -7.94997635]\n [  1.57678693   4.61554046  11.23977739  -7.56518699   3.76480462\n   -4.90524393]\n [ -2.60749407  -4.01769288  -7.56518699  14.31286116  -8.14620098\n   11.41962566]\n [ -1.86334816  10.66027822   3.76480462  -8.14620098  63.46228307\n  -65.36883876]\n [  4.17796616  -7.94997635  -4.90524393  11.41962566 -65.36883876\n   78.46460072]]", "nfev": "308", "njev": "44", "status": "0", "success": "True", "message": "Optimization terminated successfully.", "x": "[4.55329991 4.3938825  3.6715642  5.90999146 2.52526177 3.99295994]", "nit": "40"}, "2": {"maxiter": 100, "gtol": 1e-05, "xrtol": 1e-10, "eps": 1e-05, "duration": 0.0536041259765625, "fun": "0.5390398717568251", "jac": "[ 2.66321409e-06  1.93591809e-06 -3.78520548e-06  4.72144546e-07\n -4.76991779e-06 -2.98200353e-06]", "hess_inv": "[[  9.91648302  -1.89591094   1.5537999   -2.60576718  -2.06141641\n    4.41800771]\n [ -1.89591094  11.79803186   4.60067906  -3.96857783  10.78071928\n   -8.03990972]\n [  1.5537999    4.60067906  11.1359943   -7.39422186   3.57566149\n   -4.6189525 ]\n [ -2.60576718  -3.96857783  -7.39422186  14.22446907  -8.1966731\n   11.49665962]\n [ -2.06141641  10.78071928   3.57566149  -8.1966731   64.86006285\n  -67.04493725]\n [  4.41800771  -8.03990972  -4.6189525   11.49665962 -67.04493725\n   80.57520786]]", "nfev": "308", "njev": "44", "status": "0", "success": "True", "message": "Optimization terminated successfully.", "x": "[4.55328142 4.39387391 3.67155493 5.90996788 2.52537681 3.99280205]", "nit": "40"}, "3": {"maxiter": 100, "gtol": 1e-05, "xrtol": 1e-10, "eps": 1e-10, "duration": 0.053611040115356445, "fun": "0.5390398720279612", "jac": "[ 2.22044587e-06  2.22044587e-06 -3.33066880e-06  2.22044587e-06\n -4.44089173e-06 -1.11022293e-06]", "hess_inv": "[[ 10.01970279  -1.87565913   1.57678693  -2.60749407  -1.86334816\n    4.17796616]\n [ -1.87565913  11.74655889   4.61554046  -4.01769288  10.66027822\n   -7.94997635]\n [  1.57678693   4.61554046  11.23977739  -7.56518699   3.76480462\n   -4.90524393]\n [ -2.60749407  -4.01769288  -7.56518699  14.31286116  -8.14620098\n   11.41962566]\n [ -1.86334816  10.66027822   3.76480462  -8.14620098  63.46228307\n  -65.36883876]\n [  4.17796616  -7.94997635  -4.90524393  11.41962566 -65.36883876\n   78.46460072]]", "nfev": "308", "njev": "44", "status": "0", "success": "True", "message": "Optimization terminated successfully.", "x": "[4.55329991 4.3938825  3.6715642  5.90999146 2.52526177 3.99295994]", "nit": "40"}, "4": {"maxiter": 100, "gtol": 1e-10, "xrtol": 1e-05, "eps": 1e-05, "duration": 0.05619406700134277, "fun": "0.5390398714928518", "jac": "[-1.04249942e-08  3.15858451e-08 -2.67452727e-08 -7.33968442e-08\n -4.02011757e-08 -2.53241872e-08]", "hess_inv": "[[  9.92233023  -2.01703516   1.32747082  -2.3462946   -2.67955812\n    5.12146191]\n [ -2.01703516  12.05197862   5.20581619  -4.49105808  11.85188314\n   -9.10239488]\n [  1.32747082   5.20581619  12.20469307  -8.31782433   6.12545423\n   -7.11728217]\n [ -2.3462946   -4.49105808  -8.31782433  14.92431091 -10.23246138\n   13.34251185]\n [ -2.67955812  11.85188314   6.12545423 -10.23246138  69.09904219\n  -71.00180483]\n [  5.12146191  -9.10239488  -7.11728217  13.34251185 -71.00180483\n   84.03227031]]", "nfev": "322", "njev": "46", "status": "0", "success": "True", "message": "Optimization terminated successfully.", "x": "[4.55326752 4.39390716 3.67159944 5.90993527 2.52550688 3.9926847 ]", "nit": "42"}, "5": {"maxiter": 100, "gtol": 1e-10, "xrtol": 1e-05, "eps": 1e-10, "duration": 0.05612993240356445, "fun": "0.5390398715057679", "jac": "[-1.11022293e-06  1.11022293e-06  1.11022293e-06  1.11022293e-06\n  1.11022293e-06  1.11022293e-06]", "hess_inv": "[[ 1.05109204e+01 -3.20693700e+00  4.04362781e-02 -7.53481568e-01\n  -8.86762535e+00  1.17260698e+01]\n [-3.20693700e+00  1.21383458e+01  4.94736132e+00 -3.84765679e+00\n   1.29122757e+01 -1.02475895e+01]\n [ 4.04362781e-02  4.94736132e+00  1.13934589e+01 -7.04622952e+00\n   5.61444408e+00 -6.77446579e+00]\n [-7.53481568e-01 -3.84765679e+00 -7.04622952e+00  1.27282335e+01\n  -7.37518123e+00  1.04247707e+01]\n [-8.86762535e+00  1.29122757e+01  5.61444408e+00 -7.37518123e+00\n   7.61255264e+01 -7.83860133e+01]\n [ 1.17260698e+01 -1.02475895e+01 -6.77446579e+00  1.04247707e+01\n  -7.83860133e+01  9.17986943e+01]]", "nfev": "322", "njev": "46", "status": "0", "success": "True", "message": "Optimization terminated successfully.", "x": "[4.55325914 4.39393366 3.67162413 5.90992876 2.5255389  3.99266476]", "nit": "42"}, "6": {"maxiter": 100, "gtol": 1e-10, "xrtol": 1e-10, "eps": 1e-05, "duration": 0.09829878807067871, "fun": "0.5390398714923181", "jac": "[-5.11812814e-09  1.29896094e-09  8.65973959e-10  4.70734562e-09\n  1.27231559e-08  1.04471987e-08]", "hess_inv": "[[  9.94380408  -2.13055373   1.26920002  -2.14981045  -2.7181455\n    5.22942054]\n [ -2.13055373  12.65979123   5.0029681   -4.8112603   12.25852524\n   -9.52291111]\n [  1.26920002   5.0029681   11.59729013  -6.91785019   6.49552508\n   -6.65570316]\n [ -2.14981045  -4.8112603   -6.91785019  12.77764654 -11.29754628\n   13.00427735]\n [ -2.7181455   12.25852524   6.49552508 -11.29754628  69.07827081\n  -71.4832568 ]\n [  5.22942054  -9.52291111  -6.65570316  13.00427735 -71.4832568\n   84.18944852]]", "nfev": "565", "njev": "79", "status": "2", "success": "False", "message": "Desired error not necessarily achieved due to precision loss.", "x": "[4.55326755 4.39390684 3.67159918 5.90993608 2.52550689 3.99268508]", "nit": "43"}, "7": {"maxiter": 100, "gtol": 1e-10, "xrtol": 1e-10, "eps": 1e-10, "duration": 0.09563803672790527, "fun": "0.5390398714923526", "jac": "[0.00000000e+00 1.11022293e-06 1.11022293e-06 2.22044587e-06\n 2.22044587e-06 0.00000000e+00]", "hess_inv": "[[  6.00809102  13.81135811  22.18656755  -9.39836825  -6.02210343\n   15.55353304]\n [ 13.81135811  41.00864888  63.21550676 -22.35480301 -13.82604046\n   41.15550739]\n [ 22.18656755  63.21550676 109.97435117 -33.3971155  -38.93007882\n   87.29651001]\n [ -9.39836825 -22.35480301 -33.3971155   16.63199196   4.7355676\n  -20.49796134]\n [ -6.02210343 -13.82604046 -38.93007882   4.7355676   37.6849394\n  -51.70957554]\n [ 15.55353304  41.15550739  87.29651001 -20.49796134 -51.70957554\n   91.38546463]]", "nfev": "553", "njev": "79", "status": "0", "success": "True", "message": "Optimization terminated successfully.", "x": "[4.5532613  4.39391724 3.67161098 5.9099301  2.52552634 3.99266693]", "nit": "46"}, "8": {"maxiter": 500, "gtol": 1e-05, "xrtol": 1e-05, "eps": 1e-05, "duration": 0.054003000259399414, "fun": "0.5390398717568251", "jac": "[ 2.66321409e-06  1.93591809e-06 -3.78520548e-06  4.72144546e-07\n -4.76991779e-06 -2.98200353e-06]", "hess_inv": "[[  9.91648302  -1.89591094   1.5537999   -2.60576718  -2.06141641\n    4.41800771]\n [ -1.89591094  11.79803186   4.60067906  -3.96857783  10.78071928\n   -8.03990972]\n [  1.5537999    4.60067906  11.1359943   -7.39422186   3.57566149\n   -4.6189525 ]\n [ -2.60576718  -3.96857783  -7.39422186  14.22446907  -8.1966731\n   11.49665962]\n [ -2.06141641  10.78071928   3.57566149  -8.1966731   64.86006285\n  -67.04493725]\n [  4.41800771  -8.03990972  -4.6189525   11.49665962 -67.04493725\n   80.57520786]]", "nfev": "308", "njev": "44", "status": "0", "success": "True", "message": "Optimization terminated successfully.", "x": "[4.55328142 4.39387391 3.67155493 5.90996788 2.52537681 3.99280205]", "nit": "40"}, "9": {"maxiter": 500, "gtol": 1e-05, "xrtol": 1e-05, "eps": 1e-10, "duration": 0.05378103256225586, "fun": "0.5390398720279612", "jac": "[ 2.22044587e-06  2.22044587e-06 -3.33066880e-06  2.22044587e-06\n -4.44089173e-06 -1.11022293e-06]", "hess_inv": "[[ 10.01970279  -1.87565913   1.57678693  -2.60749407  -1.86334816\n    4.17796616]\n [ -1.87565913  11.74655889   4.61554046  -4.01769288  10.66027822\n   -7.94997635]\n [  1.57678693   4.61554046  11.23977739  -7.56518699   3.76480462\n   -4.90524393]\n [ -2.60749407  -4.01769288  -7.56518699  14.31286116  -8.14620098\n   11.41962566]\n [ -1.86334816  10.66027822   3.76480462  -8.14620098  63.46228307\n  -65.36883876]\n [  4.17796616  -7.94997635  -4.90524393  11.41962566 -65.36883876\n   78.46460072]]", "nfev": "308", "njev": "44", "status": "0", "success": "True", "message": "Optimization terminated successfully.", "x": "[4.55329991 4.3938825  3.6715642  5.90999146 2.52526177 3.99295994]", "nit": "40"}, "10": {"maxiter": 500, "gtol": 1e-05, "xrtol": 1e-10, "eps": 1e-05, "duration": 0.055400848388671875, "fun": "0.5390398717568251", "jac": "[ 2.66321409e-06  1.93591809e-06 -3.78520548e-06  4.72144546e-07\n -4.76991779e-06 -2.98200353e-06]", "hess_inv": "[[  9.91648302  -1.89591094   1.5537999   -2.60576718  -2.06141641\n    4.41800771]\n [ -1.89591094  11.79803186   4.60067906  -3.96857783  10.78071928\n   -8.03990972]\n [  1.5537999    4.60067906  11.1359943   -7.39422186   3.57566149\n   -4.6189525 ]\n [ -2.60576718  -3.96857783  -7.39422186  14.22446907  -8.1966731\n   11.49665962]\n [ -2.06141641  10.78071928   3.57566149  -8.1966731   64.86006285\n  -67.04493725]\n [  4.41800771  -8.03990972  -4.6189525   11.49665962 -67.04493725\n   80.57520786]]", "nfev": "308", "njev": "44", "status": "0", "success": "True", "message": "Optimization terminated successfully.", "x": "[4.55328142 4.39387391 3.67155493 5.90996788 2.52537681 3.99280205]", "nit": "40"}, "11": {"maxiter": 500, "gtol": 1e-05, "xrtol": 1e-10, "eps": 1e-10, "duration": 0.054789066314697266, "fun": "0.5390398720279612", "jac": "[ 2.22044587e-06  2.22044587e-06 -3.33066880e-06  2.22044587e-06\n -4.44089173e-06 -1.11022293e-06]", "hess_inv": "[[ 10.01970279  -1.87565913   1.57678693  -2.60749407  -1.86334816\n    4.17796616]\n [ -1.87565913  11.74655889   4.61554046  -4.01769288  10.66027822\n   -7.94997635]\n [  1.57678693   4.61554046  11.23977739  -7.56518699   3.76480462\n   -4.90524393]\n [ -2.60749407  -4.01769288  -7.56518699  14.31286116  -8.14620098\n   11.41962566]\n [ -1.86334816  10.66027822   3.76480462  -8.14620098  63.46228307\n  -65.36883876]\n [  4.17796616  -7.94997635  -4.90524393  11.41962566 -65.36883876\n   78.46460072]]", "nfev": "308", "njev": "44", "status": "0", "success": "True", "message": "Optimization terminated successfully.", "x": "[4.55329991 4.3938825  3.6715642  5.90999146 2.52526177 3.99295994]", "nit": "40"}, "12": {"maxiter": 500, "gtol": 1e-10, "xrtol": 1e-05, "eps": 1e-05, "duration": 0.05622291564941406, "fun": "0.5390398714928518", "jac": "[-1.04249942e-08  3.15858451e-08 -2.67452727e-08 -7.33968442e-08\n -4.02011757e-08 -2.53241872e-08]", "hess_inv": "[[  9.92233023  -2.01703516   1.32747082  -2.3462946   -2.67955812\n    5.12146191]\n [ -2.01703516  12.05197862   5.20581619  -4.49105808  11.85188314\n   -9.10239488]\n [  1.32747082   5.20581619  12.20469307  -8.31782433   6.12545423\n   -7.11728217]\n [ -2.3462946   -4.49105808  -8.31782433  14.92431091 -10.23246138\n   13.34251185]\n [ -2.67955812  11.85188314   6.12545423 -10.23246138  69.09904219\n  -71.00180483]\n [  5.12146191  -9.10239488  -7.11728217  13.34251185 -71.00180483\n   84.03227031]]", "nfev": "322", "njev": "46", "status": "0", "success": "True", "message": "Optimization terminated successfully.", "x": "[4.55326752 4.39390716 3.67159944 5.90993527 2.52550688 3.9926847 ]", "nit": "42"}, "13": {"maxiter": 500, "gtol": 1e-10, "xrtol": 1e-05, "eps": 1e-10, "duration": 0.05619025230407715, "fun": "0.5390398715057679", "jac": "[-1.11022293e-06  1.11022293e-06  1.11022293e-06  1.11022293e-06\n  1.11022293e-06  1.11022293e-06]", "hess_inv": "[[ 1.05109204e+01 -3.20693700e+00  4.04362781e-02 -7.53481568e-01\n  -8.86762535e+00  1.17260698e+01]\n [-3.20693700e+00  1.21383458e+01  4.94736132e+00 -3.84765679e+00\n   1.29122757e+01 -1.02475895e+01]\n [ 4.04362781e-02  4.94736132e+00  1.13934589e+01 -7.04622952e+00\n   5.61444408e+00 -6.77446579e+00]\n [-7.53481568e-01 -3.84765679e+00 -7.04622952e+00  1.27282335e+01\n  -7.37518123e+00  1.04247707e+01]\n [-8.86762535e+00  1.29122757e+01  5.61444408e+00 -7.37518123e+00\n   7.61255264e+01 -7.83860133e+01]\n [ 1.17260698e+01 -1.02475895e+01 -6.77446579e+00  1.04247707e+01\n  -7.83860133e+01  9.17986943e+01]]", "nfev": "322", "njev": "46", "status": "0", "success": "True", "message": "Optimization terminated successfully.", "x": "[4.55325914 4.39393366 3.67162413 5.90992876 2.5255389  3.99266476]", "nit": "42"}, "14": {"maxiter": 500, "gtol": 1e-10, "xrtol": 1e-10, "eps": 1e-05, "duration": 0.09766411781311035, "fun": "0.5390398714923181", "jac": "[-5.11812814e-09  1.29896094e-09  8.65973959e-10  4.70734562e-09\n  1.27231559e-08  1.04471987e-08]", "hess_inv": "[[  9.94380408  -2.13055373   1.26920002  -2.14981045  -2.7181455\n    5.22942054]\n [ -2.13055373  12.65979123   5.0029681   -4.8112603   12.25852524\n   -9.52291111]\n [  1.26920002   5.0029681   11.59729013  -6.91785019   6.49552508\n   -6.65570316]\n [ -2.14981045  -4.8112603   -6.91785019  12.77764654 -11.29754628\n   13.00427735]\n [ -2.7181455   12.25852524   6.49552508 -11.29754628  69.07827081\n  -71.4832568 ]\n [  5.22942054  -9.52291111  -6.65570316  13.00427735 -71.4832568\n   84.18944852]]", "nfev": "565", "njev": "79", "status": "2", "success": "False", "message": "Desired error not necessarily achieved due to precision loss.", "x": "[4.55326755 4.39390684 3.67159918 5.90993608 2.52550689 3.99268508]", "nit": "43"}, "15": {"maxiter": 500, "gtol": 1e-10, "xrtol": 1e-10, "eps": 1e-10, "duration": 0.09549903869628906, "fun": "0.5390398714923526", "jac": "[0.00000000e+00 1.11022293e-06 1.11022293e-06 2.22044587e-06\n 2.22044587e-06 0.00000000e+00]", "hess_inv": "[[  6.00809102  13.81135811  22.18656755  -9.39836825  -6.02210343\n   15.55353304]\n [ 13.81135811  41.00864888  63.21550676 -22.35480301 -13.82604046\n   41.15550739]\n [ 22.18656755  63.21550676 109.97435117 -33.3971155  -38.93007882\n   87.29651001]\n [ -9.39836825 -22.35480301 -33.3971155   16.63199196   4.7355676\n  -20.49796134]\n [ -6.02210343 -13.82604046 -38.93007882   4.7355676   37.6849394\n  -51.70957554]\n [ 15.55353304  41.15550739  87.29651001 -20.49796134 -51.70957554\n   91.38546463]]", "nfev": "553", "njev": "79", "status": "0", "success": "True", "message": "Optimization terminated successfully.", "x": "[4.5532613  4.39391724 3.67161098 5.9099301  2.52552634 3.99266693]", "nit": "46"}, "16": {"maxiter": 1000, "gtol": 1e-05, "xrtol": 1e-05, "eps": 1e-05, "duration": 0.053344011306762695, "fun": "0.5390398717568251", "jac": "[ 2.66321409e-06  1.93591809e-06 -3.78520548e-06  4.72144546e-07\n -4.76991779e-06 -2.98200353e-06]", "hess_inv": "[[  9.91648302  -1.89591094   1.5537999   -2.60576718  -2.06141641\n    4.41800771]\n [ -1.89591094  11.79803186   4.60067906  -3.96857783  10.78071928\n   -8.03990972]\n [  1.5537999    4.60067906  11.1359943   -7.39422186   3.57566149\n   -4.6189525 ]\n [ -2.60576718  -3.96857783  -7.39422186  14.22446907  -8.1966731\n   11.49665962]\n [ -2.06141641  10.78071928   3.57566149  -8.1966731   64.86006285\n  -67.04493725]\n [  4.41800771  -8.03990972  -4.6189525   11.49665962 -67.04493725\n   80.57520786]]", "nfev": "308", "njev": "44", "status": "0", "success": "True", "message": "Optimization terminated successfully.", "x": "[4.55328142 4.39387391 3.67155493 5.90996788 2.52537681 3.99280205]", "nit": "40"}, "17": {"maxiter": 1000, "gtol": 1e-05, "xrtol": 1e-05, "eps": 1e-10, "duration": 0.05326414108276367, "fun": "0.5390398720279612", "jac": "[ 2.22044587e-06  2.22044587e-06 -3.33066880e-06  2.22044587e-06\n -4.44089173e-06 -1.11022293e-06]", "hess_inv": "[[ 10.01970279  -1.87565913   1.57678693  -2.60749407  -1.86334816\n    4.17796616]\n [ -1.87565913  11.74655889   4.61554046  -4.01769288  10.66027822\n   -7.94997635]\n [  1.57678693   4.61554046  11.23977739  -7.56518699   3.76480462\n   -4.90524393]\n [ -2.60749407  -4.01769288  -7.56518699  14.31286116  -8.14620098\n   11.41962566]\n [ -1.86334816  10.66027822   3.76480462  -8.14620098  63.46228307\n  -65.36883876]\n [  4.17796616  -7.94997635  -4.90524393  11.41962566 -65.36883876\n   78.46460072]]", "nfev": "308", "njev": "44", "status": "0", "success": "True", "message": "Optimization terminated successfully.", "x": "[4.55329991 4.3938825  3.6715642  5.90999146 2.52526177 3.99295994]", "nit": "40"}, "18": {"maxiter": 1000, "gtol": 1e-05, "xrtol": 1e-10, "eps": 1e-05, "duration": 0.05333709716796875, "fun": "0.5390398717568251", "jac": "[ 2.66321409e-06  1.93591809e-06 -3.78520548e-06  4.72144546e-07\n -4.76991779e-06 -2.98200353e-06]", "hess_inv": "[[  9.91648302  -1.89591094   1.5537999   -2.60576718  -2.06141641\n    4.41800771]\n [ -1.89591094  11.79803186   4.60067906  -3.96857783  10.78071928\n   -8.03990972]\n [  1.5537999    4.60067906  11.1359943   -7.39422186   3.57566149\n   -4.6189525 ]\n [ -2.60576718  -3.96857783  -7.39422186  14.22446907  -8.1966731\n   11.49665962]\n [ -2.06141641  10.78071928   3.57566149  -8.1966731   64.86006285\n  -67.04493725]\n [  4.41800771  -8.03990972  -4.6189525   11.49665962 -67.04493725\n   80.57520786]]", "nfev": "308", "njev": "44", "status": "0", "success": "True", "message": "Optimization terminated successfully.", "x": "[4.55328142 4.39387391 3.67155493 5.90996788 2.52537681 3.99280205]", "nit": "40"}, "19": {"maxiter": 1000, "gtol": 1e-05, "xrtol": 1e-10, "eps": 1e-10, "duration": 0.05336785316467285, "fun": "0.5390398720279612", "jac": "[ 2.22044587e-06  2.22044587e-06 -3.33066880e-06  2.22044587e-06\n -4.44089173e-06 -1.11022293e-06]", "hess_inv": "[[ 10.01970279  -1.87565913   1.57678693  -2.60749407  -1.86334816\n    4.17796616]\n [ -1.87565913  11.74655889   4.61554046  -4.01769288  10.66027822\n   -7.94997635]\n [  1.57678693   4.61554046  11.23977739  -7.56518699   3.76480462\n   -4.90524393]\n [ -2.60749407  -4.01769288  -7.56518699  14.31286116  -8.14620098\n   11.41962566]\n [ -1.86334816  10.66027822   3.76480462  -8.14620098  63.46228307\n  -65.36883876]\n [  4.17796616  -7.94997635  -4.90524393  11.41962566 -65.36883876\n   78.46460072]]", "nfev": "308", "njev": "44", "status": "0", "success": "True", "message": "Optimization terminated successfully.", "x": "[4.55329991 4.3938825  3.6715642  5.90999146 2.52526177 3.99295994]", "nit": "40"}, "20": {"maxiter": 1000, "gtol": 1e-10, "xrtol": 1e-05, "eps": 1e-05, "duration": 0.056387901306152344, "fun": "0.5390398714928518", "jac": "[-1.04249942e-08  3.15858451e-08 -2.67452727e-08 -7.33968442e-08\n -4.02011757e-08 -2.53241872e-08]", "hess_inv": "[[  9.92233023  -2.01703516   1.32747082  -2.3462946   -2.67955812\n    5.12146191]\n [ -2.01703516  12.05197862   5.20581619  -4.49105808  11.85188314\n   -9.10239488]\n [  1.32747082   5.20581619  12.20469307  -8.31782433   6.12545423\n   -7.11728217]\n [ -2.3462946   -4.49105808  -8.31782433  14.92431091 -10.23246138\n   13.34251185]\n [ -2.67955812  11.85188314   6.12545423 -10.23246138  69.09904219\n  -71.00180483]\n [  5.12146191  -9.10239488  -7.11728217  13.34251185 -71.00180483\n   84.03227031]]", "nfev": "322", "njev": "46", "status": "0", "success": "True", "message": "Optimization terminated successfully.", "x": "[4.55326752 4.39390716 3.67159944 5.90993527 2.52550688 3.9926847 ]", "nit": "42"}, "21": {"maxiter": 1000, "gtol": 1e-10, "xrtol": 1e-05, "eps": 1e-10, "duration": 0.057244062423706055, "fun": "0.5390398715057679", "jac": "[-1.11022293e-06  1.11022293e-06  1.11022293e-06  1.11022293e-06\n  1.11022293e-06  1.11022293e-06]", "hess_inv": "[[ 1.05109204e+01 -3.20693700e+00  4.04362781e-02 -7.53481568e-01\n  -8.86762535e+00  1.17260698e+01]\n [-3.20693700e+00  1.21383458e+01  4.94736132e+00 -3.84765679e+00\n   1.29122757e+01 -1.02475895e+01]\n [ 4.04362781e-02  4.94736132e+00  1.13934589e+01 -7.04622952e+00\n   5.61444408e+00 -6.77446579e+00]\n [-7.53481568e-01 -3.84765679e+00 -7.04622952e+00  1.27282335e+01\n  -7.37518123e+00  1.04247707e+01]\n [-8.86762535e+00  1.29122757e+01  5.61444408e+00 -7.37518123e+00\n   7.61255264e+01 -7.83860133e+01]\n [ 1.17260698e+01 -1.02475895e+01 -6.77446579e+00  1.04247707e+01\n  -7.83860133e+01  9.17986943e+01]]", "nfev": "322", "njev": "46", "status": "0", "success": "True", "message": "Optimization terminated successfully.", "x": "[4.55325914 4.39393366 3.67162413 5.90992876 2.5255389  3.99266476]", "nit": "42"}, "22": {"maxiter": 1000, "gtol": 1e-10, "xrtol": 1e-10, "eps": 1e-05, "duration": 0.09809207916259766, "fun": "0.5390398714923181", "jac": "[-5.11812814e-09  1.29896094e-09  8.65973959e-10  4.70734562e-09\n  1.27231559e-08  1.04471987e-08]", "hess_inv": "[[  9.94380408  -2.13055373   1.26920002  -2.14981045  -2.7181455\n    5.22942054]\n [ -2.13055373  12.65979123   5.0029681   -4.8112603   12.25852524\n   -9.52291111]\n [  1.26920002   5.0029681   11.59729013  -6.91785019   6.49552508\n   -6.65570316]\n [ -2.14981045  -4.8112603   -6.91785019  12.77764654 -11.29754628\n   13.00427735]\n [ -2.7181455   12.25852524   6.49552508 -11.29754628  69.07827081\n  -71.4832568 ]\n [  5.22942054  -9.52291111  -6.65570316  13.00427735 -71.4832568\n   84.18944852]]", "nfev": "565", "njev": "79", "status": "2", "success": "False", "message": "Desired error not necessarily achieved due to precision loss.", "x": "[4.55326755 4.39390684 3.67159918 5.90993608 2.52550689 3.99268508]", "nit": "43"}, "23": {"maxiter": 1000, "gtol": 1e-10, "xrtol": 1e-10, "eps": 1e-10, "duration": 0.09575891494750977, "fun": "0.5390398714923526", "jac": "[0.00000000e+00 1.11022293e-06 1.11022293e-06 2.22044587e-06\n 2.22044587e-06 0.00000000e+00]", "hess_inv": "[[  6.00809102  13.81135811  22.18656755  -9.39836825  -6.02210343\n   15.55353304]\n [ 13.81135811  41.00864888  63.21550676 -22.35480301 -13.82604046\n   41.15550739]\n [ 22.18656755  63.21550676 109.97435117 -33.3971155  -38.93007882\n   87.29651001]\n [ -9.39836825 -22.35480301 -33.3971155   16.63199196   4.7355676\n  -20.49796134]\n [ -6.02210343 -13.82604046 -38.93007882   4.7355676   37.6849394\n  -51.70957554]\n [ 15.55353304  41.15550739  87.29651001 -20.49796134 -51.70957554\n   91.38546463]]", "nfev": "553", "njev": "79", "status": "0", "success": "True", "message": "Optimization terminated successfully.", "x": "[4.5532613  4.39391724 3.67161098 5.9099301  2.52552634 3.99266693]", "nit": "46"}}, "cobyla": {"0": {"maxiter": 100, "tol": 1e-05, "catol": 1e-05, "duration": 0.016677141189575195, "x": "[4.5134568  4.4137789  3.67040394 5.88703146 2.7854266  3.69932136]", "status": "2", "success": "False", "message": "Maximum number of function evaluations has been exceeded.", "nfev": "100", "fun": "0.5396902460517929", "maxcv": "0.0"}, "1": {"maxiter": 100, "tol": 1e-05, "catol": 1e-10, "duration": 0.01664113998413086, "x": "[4.5134568  4.4137789  3.67040394 5.88703146 2.7854266  3.69932136]", "status": "2", "success": "False", "message": "Maximum number of function evaluations has been exceeded.", "nfev": "100", "fun": "0.5396902460517929", "maxcv": "0.0"}, "2": {"maxiter": 100, "tol": 1e-10, "catol": 1e-05, "duration": 0.016588926315307617, "x": "[4.5134568  4.4137789  3.67040394 5.88703146 2.7854266