{"date": "2024/07/18/, 22:56:54", "conf_id": 97, "data_type": "orthogonal\n", "num_data_points": 1, "s_rank": 0, "unitary": "[[0.18663085-0.53122324j,-0.11886349-0.70040876j,0.28555095-0.02789305j,-0.12262021-0.2844587j],[-0.16702216+0.27758472j,0.27526351-0.29738586j,-0.01109314+0.22495461j,-0.77239203+0.28900673j],[0.61935415+0.12301792j,-0.31269928-0.03315917j,-0.61902762-0.19039079j,-0.27120731-0.0968989j],[0.42341754+0.0023929j,-0.05847358+0.47832119j,0.64900495-0.16218422j,-0.37182676-0.05229966j]]", "databatch_0": {"databatch": "[[[0.13803371-0.11577384j,0.0015993+0.10253643j,0.11038091-0.16409454j,-0.03701985-0.18131209j],[-0.16018522-0.03590724j,-0.04307677-0.34497122j,0.11124772+0.11462369j,-0.15306498-0.22437861j],[0.35605047+0.10088199j,0.16527078-0.00387201j,-0.42460304-0.21537073j,0.21513545-0.12622006j],[-0.25406845-0.00614527j,-0.10593259-0.18537307j,0.11928889+0.18138352j,-0.15907841-0.02824642j]]]", "initial param values": "[5.82905641,2.01709443,0.03920377,5.80748373,2.85569634,5.94888934]", "nelder_mead": {"type": "gradient-free", "0": {"maxiter": 100, "fatol": 1e-05, "xatol": 1e-05, "duration": 0.02661418914794922, "fun": "0.24048369358983734", "nit": "100", "nfev": "158", "status": "2", "success": "False", "message": "Maximum number of iterations has been exceeded.", "x": "[4.41078506 2.8317824  0.03936609 3.9919316  4.0151491  5.18333098]", "final_simplex": "(array([[4.41078506, 2.8317824 , 0.03936609, 3.9919316 , 4.0151491 ,\n        5.18333098],\n       [4.36144581, 2.8820359 , 0.03833654, 3.99820993, 3.99214195,\n        5.16573476],\n       [4.363589  , 2.84745756, 0.04032691, 3.88893121, 4.0264489 ,\n        5.21076215],\n       [4.28698132, 2.87409247, 0.03954001, 3.95348315, 4.02835498,\n        5.18442526],\n       [4.40032647, 2.78354019, 0.03970374, 4.0215425 , 3.99131802,\n        5.21626911],\n       [4.3600519 , 2.85048724, 0.03959217, 3.99542141, 3.97305096,\n        5.17977819],\n       [4.3267548 , 2.74355678, 0.04108931, 3.99803705, 4.05519974,\n        5.17968112]]), array([0.24048369, 0.24154278, 0.24160611, 0.24194773, 0.24261323,\n       0.24271769, 0.24333878]))"}, "1": {"maxiter": 100, "fatol": 1e-05, "xatol": 1e-10, "duration": 0.026502132415771484, "fun": "0.24048369358983734", "nit": "100", "nfev": "158", "status": "2", "success": "False", "message": "Maximum number of iterations has been exceeded.", "x": "[4.41078506 2.8317824  0.03936609 3.9919316  4.0151491  5.18333098]", "final_simplex": "(array([[4.41078506, 2.8317824 , 0.03936609, 3.9919316 , 4.0151491 ,\n        5.18333098],\n       [4.36144581, 2.8820359 , 0.03833654, 3.99820993, 3.99214195,\n        5.16573476],\n       [4.363589  , 2.84745756, 0.04032691, 3.88893121, 4.0264489 ,\n        5.21076215],\n       [4.28698132, 2.87409247, 0.03954001, 3.95348315, 4.02835498,\n        5.18442526],\n       [4.40032647, 2.78354019, 0.03970374, 4.0215425 , 3.99131802,\n        5.21626911],\n       [4.3600519 , 2.85048724, 0.03959217, 3.99542141, 3.97305096,\n        5.17977819],\n       [4.3267548 , 2.74355678, 0.04108931, 3.99803705, 4.05519974,\n        5.17968112]]), array([0.24048369, 0.24154278, 0.24160611, 0.24194773, 0.24261323,\n       0.24271769, 0.24333878]))"}, "2": {"maxiter": 100, "fatol": 1e-10, "xatol": 1e-05, "duration": 0.026498079299926758, "fun": "0.24048369358983734", "nit": "100", "nfev": "158", "status": "2", "success": "False", "message": "Maximum number of iterations has been exceeded.", "x": "[4.41078506 2.8317824  0.03936609 3.9919316  4.0151491  5.18333098]", "final_simplex": "(array([[4.41078506, 2.8317824 , 0.03936609, 3.9919316 , 4.0151491 ,\n        5.18333098],\n       [4.36144581, 2.8820359 , 0.03833654, 3.99820993, 3.99214195,\n        5.16573476],\n       [4.363589  , 2.84745756, 0.04032691, 3.88893121, 4.0264489 ,\n        5.21076215],\n       [4.28698132, 2.87409247, 0.03954001, 3.95348315, 4.02835498,\n        5.18442526],\n       [4.40032647, 2.78354019, 0.03970374, 4.0215425 , 3.99131802,\n        5.21626911],\n       [4.3600519 , 2.85048724, 0.03959217, 3.99542141, 3.97305096,\n        5.17977819],\n       [4.3267548 , 2.74355678, 0.04108931, 3.99803705, 4.05519974,\n        5.17968112]]), array([0.24048369, 0.24154278, 0.24160611, 0.24194773, 0.24261323,\n       0.24271769, 0.24333878]))"}, "3": {"maxiter": 100, "fatol": 1e-10, "xatol": 1e-10, "duration": 0.02652120590209961, "fun": "0.24048369358983734", "nit": "100", "nfev": "158", "status": "2", "success": "False", "message": "Maximum number of iterations has been exceeded.", "x": "[4.41078506 2.8317824  0.03936609 3.9919316  4.0151491  5.18333098]", "final_simplex": "(array([[4.41078506, 2.8317824 , 0.03936609, 3.9919316 , 4.0151491 ,\n        5.18333098],\n       [4.36144581, 2.8820359 , 0.03833654, 3.99820993, 3.99214195,\n        5.16573476],\n       [4.363589  , 2.84745756, 0.04032691, 3.88893121, 4.0264489 ,\n        5.21076215],\n       [4.28698132, 2.87409247, 0.03954001, 3.95348315, 4.02835498,\n        5.18442526],\n       [4.40032647, 2.78354019, 0.03970374, 4.0215425 , 3.99131802,\n        5.21626911],\n       [4.3600519 , 2.85048724, 0.03959217, 3.99542141, 3.97305096,\n        5.17977819],\n       [4.3267548 , 2.74355678, 0.04108931, 3.99803705, 4.05519974,\n        5.17968112]]), array([0.24048369, 0.24154278, 0.24160611, 0.24194773, 0.24261323,\n       0.24271769, 0.24333878]))"}, "4": {"maxiter": 500, "fatol": 1e-05, "xatol": 1e-05, "duration": 0.12699317932128906, "fun": "0.22030176246626676", "nit": "486", "nfev": "759", "status": "0", "success": "True", "message": "Optimization terminated successfully.", "x": "[4.44473776 3.09610721 0.01234888 4.00127346 4.54649522 5.62338104]", "final_simplex": "(array([[4.44473776, 3.09610721, 0.01234888, 4.00127346, 4.54649522,\n        5.62338104],\n       [4.44473833, 3.09610359, 0.01235102, 4.00127108, 4.54648923,\n        5.62337672],\n       [4.44473696, 3.09610453, 0.0123548 , 4.00126724, 4.5464931 ,\n        5.62338303],\n       [4.44474125, 3.09610293, 0.01235494, 4.00127381, 4.54649006,\n        5.62337968],\n       [4.44473847, 3.09610282, 0.01235024, 4.00127169, 4.54650141,\n        5.62338802],\n       [4.44474086, 3.0961093 , 0.01235518, 4.00126877, 4.54648888,\n        5.62338308],\n       [4.44474492, 3.09610721, 0.01234956, 4.00127187, 4.54649842,\n        5.62338085]]), array([0.22030176, 0.22030176, 0.22030176, 0.22030176, 0.22030176,\n       0.22030176, 0.22030176]))"}, "5": {"maxiter": 500, "fatol": 1e-05, "xatol": 1e-10, "duration": 0.13089823722839355, "fun": "0.22030176246417432", "nit": "500", "nfev": "784", "status": "2", "success": "False", "message": "Maximum number of iterations has been exceeded.", "x": "[4.44473799 3.09610505 0.01235101 4.00127035 4.5464958  5.62338213]", "final_simplex": "(array([[4.44473799, 3.09610505, 0.01235101, 4.00127035, 4.5464958 ,\n        5.62338213],\n       [4.44473778, 3.09610634, 0.01234947, 4.00127072, 4.54649625,\n        5.62338047],\n       [4.44473821, 3.09610389, 0.01235012, 4.00127185, 4.54649666,\n        5.62338146],\n       [4.44473805, 3.09610585, 0.01234963, 4.00127231, 4.54649619,\n        5.62338188],\n       [4.44473988, 3.09610556, 0.01235042, 4.00127136, 4.5464967 ,\n        5.62338218],\n       [4.44473725, 3.09610544, 0.01234886, 4.00127024, 4.54649788,\n        5.62338255],\n       [4.44473828, 3.09610559, 0.0123496 , 4.00127137, 4.54650004,\n        5.62338469]]), array([0.22030176, 0.22030176, 0.22030176, 0.22030176, 0.22030176,\n       0.22030176, 0.22030176]))"}, "6": {"maxiter": 500, "fatol": 1e-10, "xatol": 1e-05, "duration": 0.12515020370483398, "fun": "0.22030176246626676", "nit": "486", "nfev": "759", "status": "0", "success": "True", "message": "Optimization terminated successfully.", "x": "[4.44473776 3.09610721 0.01234888 4.00127346 4.54649522 5.62338104]", "final_simplex": "(array([[4.44473776, 3.09610721, 0.01234888, 4.00127346, 4.54649522,\n        5.62338104],\n       [4.44473833, 3.09610359, 0.01235102, 4.00127108, 4.54648923,\n        5.62337672],\n       [4.44473696, 3.09610453, 0.0123548 , 4.00126724, 4.5464931 ,\n        5.62338303],\n       [4.44474125, 3.09610293, 0.01235494, 4.00127381, 4.54649006,\n        5.62337968],\n       [4.44473847, 3.09610282, 0.01235024, 4.00127169, 4.54650141,\n        5.62338802],\n       [4.44474086, 3.0961093 , 0.01235518, 4.00126877, 4.54648888,\n        5.62338308],\n       [4.44474492, 3.09610721, 0.01234956, 4.00127187, 4.54649842,\n        5.62338085]]), array([0.22030176, 0.22030176, 0.22030176, 0.22030176, 0.22030176,\n       0.22030176, 0.22030176]))"}, "7": {"maxiter": 500, "fatol": 1e-10, "xatol": 1e-10, "duration": 0.12731719017028809, "fun": "0.22030176246417432", "nit": "500", "nfev": "784", "status": "2", "success": "False", "message": "Maximum number of iterations has been exceeded.", "x": "[4.44473799 3.09610505 0.01235101 4.00127035 4.5464958  5.62338213]", "final_simplex": "(array([[4.44473799, 3.09610505, 0.01235101, 4.00127035, 4.5464958 ,\n        5.62338213],\n       [4.44473778, 3.09610634, 0.01234947, 4.00127072, 4.54649625,\n        5.62338047],\n       [4.44473821, 3.09610389, 0.01235012, 4.00127185, 4.54649666,\n        5.62338146],\n       [4.44473805, 3.09610585, 0.01234963, 4.00127231, 4.54649619,\n        5.62338188],\n       [4.44473988, 3.09610556, 0.01235042, 4.00127136, 4.5464967 ,\n        5.62338218],\n       [4.44473725, 3.09610544, 0.01234886, 4.00127024, 4.54649788,\n        5.62338255],\n       [4.44473828, 3.09610559, 0.0123496 , 4.00127137, 4.54650004,\n        5.62338469]]), array([0.22030176, 0.22030176, 0.22030176, 0.22030176, 0.22030176,\n       0.22030176, 0.22030176]))"}, "8": {"maxiter": 1000, "fatol": 1e-05, "xatol": 1e-05, "duration": 0.12334728240966797, "fun": "0.22030176246626676", "nit": "486", "nfev": "759", "status": "0", "success": "True", "message": "Optimization terminated successfully.", "x": "[4.44473776 3.09610721 0.01234888 4.00127346 4.54649522 5.62338104]", "final_simplex": "(array([[4.44473776, 3.09610721, 0.01234888, 4.00127346, 4.54649522,\n        5.62338104],\n       [4.44473833, 3.09610359, 0.01235102, 4.00127108, 4.54648923,\n        5.62337672],\n       [4.44473696, 3.09610453, 0.0123548 , 4.00126724, 4.5464931 ,\n        5.62338303],\n       [4.44474125, 3.09610293, 0.01235494, 4.00127381, 4.54649006,\n        5.62337968],\n       [4.44473847, 3.09610282, 0.01235024, 4.00127169, 4.54650141,\n        5.62338802],\n       [4.44474086, 3.0961093 , 0.01235518, 4.00126877, 4.54648888,\n        5.62338308],\n       [4.44474492, 3.09610721, 0.01234956, 4.00127187, 4.54649842,\n        5.62338085]]), array([0.22030176, 0.22030176, 0.22030176, 0.22030176, 0.22030176,\n       0.22030176, 0.22030176]))"}, "9": {"maxiter": 1000, "fatol": 1e-05, "xatol": 1e-10, "duration": 0.16264891624450684, "fun": "0.22030176246322675", "nit": "603", "nfev": "1007", "status": "0", "success": "True", "message": "Optimization terminated successfully.", "x": "[4.44473737 3.09610707 0.01235192 4.00127087 4.54649699 5.62338255]", "final_simplex": "(array([[4.44473737, 3.09610707, 0.01235192, 4.00127087, 4.54649699,\n        5.62338255],\n       [4.44473737, 3.09610707, 0.01235192, 4.00127087, 4.54649699,\n        5.62338255],\n       [4.44473737, 3.09610707, 0.01235192, 4.00127087, 4.54649699,\n        5.62338255],\n       [4.44473737, 3.09610707, 0.01235192, 4.00127087, 4.54649699,\n        5.62338255],\n       [4.44473737, 3.09610707, 0.01235192, 4.00127087, 4.54649699,\n        5.62338255],\n       [4.44473737, 3.09610707, 0.01235192, 4.00127087, 4.54649699,\n        5.62338255],\n       [4.44473737, 3.09610707, 0.01235192, 4.00127087, 4.54649699,\n        5.62338255]]), array([0.22030176, 0.22030176, 0.22030176, 0.22030176, 0.22030176,\n       0.22030176, 0.22030176]))"}, "10": {"maxiter": 1000, "fatol": 1e-10, "xatol": 1e-05, "duration": 0.12320590019226074, "fun": "0.22030176246626676", "nit": "486", "nfev": "759", "status": "0", "success": "True", "message": "Optimization terminated successfully.", "x": "[4.44473776 3.09610721 0.01234888 4.00127346 4.54649522 5.62338104]", "final_simplex": "(array([[4.44473776, 3.09610721, 0.01234888, 4.00127346, 4.54649522,\n        5.62338104],\n       [4.44473833, 3.09610359, 0.01235102, 4.00127108, 4.54648923,\n        5.62337672],\n       [4.44473696, 3.09610453, 0.0123548 , 4.00126724, 4.5464931 ,\n        5.62338303],\n       [4.44474125, 3.09610293, 0.01235494, 4.00127381, 4.54649006,\n        5.62337968],\n       [4.44473847, 3.09610282, 0.01235024, 4.00127169, 4.54650141,\n        5.62338802],\n       [4.44474086, 3.0961093 , 0.01235518, 4.00126877, 4.54648888,\n        5.62338308],\n       [4.44474492, 3.09610721, 0.01234956, 4.00127187, 4.54649842,\n        5.62338085]]), array([0.22030176, 0.22030176, 0.22030176, 0.22030176, 0.22030176,\n       0.22030176, 0.22030176]))"}, "11": {"maxiter": 1000, "fatol": 1e-10, "xatol": 1e-10, "duration": 0.1633892059326172, "fun": "0.22030176246322675", "nit": "603", "nfev": "1007", "status": "0", "success": "True", "message": "Optimization terminated successfully.", "x": "[4.44473737 3.09610707 0.01235192 4.00127087 4.54649699 5.62338255]", "final_simplex": "(array([[4.44473737, 3.09610707, 0.01235192, 4.00127087, 4.54649699,\n        5.62338255],\n       [4.44473737, 3.09610707, 0.01235192, 4.00127087, 4.54649699,\n        5.62338255],\n       [4.44473737, 3.09610707, 0.01235192, 4.00127087, 4.54649699,\n        5.62338255],\n       [4.44473737, 3.09610707, 0.01235192, 4.00127087, 4.54649699,\n        5.62338255],\n       [4.44473737, 3.09610707, 0.01235192, 4.00127087, 4.54649699,\n        5.62338255],\n       [4.44473737, 3.09610707, 0.01235192, 4.00127087, 4.54649699,\n        5.62338255],\n       [4.44473737, 3.09610707, 0.01235192, 4.00127087, 4.54649699,\n        5.62338255]]), array([0.22030176, 0.22030176, 0.22030176, 0.22030176, 0.22030176,\n       0.22030176, 0.22030176]))"}}, "bfgs": {"type": "gradient", "0": {"maxiter": 100, "gtol": 1e-05, "xrtol": 1e-05, "eps": 1e-05, "duration": 0.027193069458007812, "fun": "0.22030176254434797", "jac": "[ 5.73163739e-07 -1.60027547e-06 -1.34542377e-06 -1.29498634e-06\n  1.59772195e-07  1.20350396e-06]", "hess_inv": "[[ 3.15225533 -0.50016574  0.20550472  1.31028268 -0.68827206 -0.27428241]\n [-0.50016574  6.23484343  0.79271768 -0.82276357  1.48064296  2.90588792]\n [ 0.20550472  0.79271768  3.94186321  0.04456438 -1.86569765  0.71785203]\n [ 1.31028268 -0.82276357  0.04456438  3.10984683 -0.77932587 -0.31589207]\n [-0.68827206  1.48064296 -1.86569765 -0.77932587  9.55509523  5.0888016 ]\n [-0.27428241  2.90588792  0.71785203 -0.31589207  5.0888016   6.56663604]]", "nfev": "161", "njev": "23", "status": "0", "success": "True", "message": "Optimization terminated successfully.", "x": "[4.44473031 3.09608541 0.01233812 4.00126159 4.5464889  5.62336384]", "nit": "21"}, "1": {"maxiter": 100, "gtol": 1e-05, "xrtol": 1e-05, "eps": 1e-10, "duration": 0.027231931686401367, "fun": "0.2203017626426803", "jac": "[2.22044587e-06 3.33066880e-06 3.33066909e-06 5.55111466e-06\n 6.66133760e-06 2.22044587e-06]", "hess_inv": "[[ 3.1696988  -0.53832599  0.18712689  1.29534328 -0.76671484 -0.32812253]\n [-0.53832599  6.26574293  0.80967568 -0.83574222  1.55393577  2.94486334]\n [ 0.18712689  0.80967568  3.94841196  0.03791711 -1.84299002  0.72873375]\n [ 1.29534328 -0.83574222  0.03791711  3.09265253 -0.79710467 -0.3338425 ]\n [-0.76671484  1.55393577 -1.84299002 -0.79710467  9.65808189  5.14328143]\n [-0.32812253  2.94486334  0.72873375 -0.3338425   5.14328143  6.58772456]]", "nfev": "161", "njev": "23", "status": "0", "success": "True", "message": "Optimization terminated successfully.", "x": "[4.44473927 3.09612683 0.01235639 4.00127942 4.54654464 5.62342225]", "nit": "21"}, "2": {"maxiter": 100, "gtol": 1e-05, "xrtol": 1e-10, "eps": 1e-05, "duration": 0.02720499038696289, "fun": "0.22030176254434797", "jac": "[ 5.73163739e-07 -1.60027547e-06 -1.34542377e-06 -1.29498634e-06\n  1.59772195e-07  1.20350396e-06]", "hess_inv": "[[ 3.15225533 -0.50016574  0.20550472  1.31028268 -0.68827206 -0.27428241]\n [-0.50016574  6.23484343  0.79271768 -0.82276357  1.48064296  2.90588792]\n [ 0.20550472  0.79271768  3.94186321  0.04456438 -1.86569765  0.71785203]\n [ 1.31028268 -0.82276357  0.04456438  3.10984683 -0.77932587 -0.31589207]\n [-0.68827206  1.48064296 -1.86569765 -0.77932587  9.55509523  5.0888016 ]\n [-0.27428241  2.90588792  0.71785203 -0.31589207  5.0888016   6.56663604]]", "nfev": "161", "njev": "23", "status": "0", "success": "True", "message": "Optimization terminated successfully.", "x": "[4.44473031 3.09608541 0.01233812 4.00126159 4.5464889  5.62336384]", "nit": "21"}, "3": {"maxiter": 100, "gtol": 1e-05, "xrtol": 1e-10, "eps": 1e-10, "duration": 0.027260780334472656, "fun": "0.2203017626426803", "jac": "[2.22044587e-06 3.33066880e-06 3.33066909e-06 5.55111466e-06\n 6.66133760e-06 2.22044587e-06]", "hess_inv": "[[ 3.1696988  -0.53832599  0.18712689  1.29534328 -0.76671484 -0.32812253]\n [-0.53832599  6.26574293  0.80967568 -0.83574222  1.55393577  2.94486334]\n [ 0.18712689  0.80967568  3.94841196  0.03791711 -1.84299002  0.72873375]\n [ 1.29534328 -0.83574222  0.03791711  3.09265253 -0.79710467 -0.3338425 ]\n [-0.76671484  1.55393577 -1.84299002 -0.79710467  9.65808189  5.14328143]\n [-0.32812253  2.94486334  0.72873375 -0.3338425   5.14328143  6.58772456]]", "nfev": "161", "njev": "23", "status": "0", "success": "True", "message": "Optimization terminated successfully.", "x": "[4.44473927 3.09612683 0.01235639 4.00127942 4.54654464 5.62342225]", "nit": "21"}, "4": {"maxiter": 100, "gtol": 1e-10, "xrtol": 1e-05, "eps": 1e-05, "duration": 0.02852606773376465, "fun": "0.22030176252261768", "jac": "[-5.29021271e-08 -3.83360010e-08 -9.88098492e-10 -6.25832719e-08\n  3.54161145e-08  2.48245868e-08]", "hess_inv": "[[ 3.10197573 -0.54543386  0.1760186   1.27125866 -0.5533394  -0.20390925]\n [-0.54543386  6.42363415  0.9736002  -0.76634393  1.29656427  2.84522554]\n [ 0.1760186   0.9736002   4.11201481  0.1044117  -2.06268827  0.64705022]\n [ 1.27125866 -0.76634393  0.1044117   3.11607476 -0.79647176 -0.31073813]\n [-0.5533394   1.29656427 -2.06268827 -0.79647176  9.59973431  5.06503641]\n [-0.20390925  2.84522554  0.64705022 -0.31073813  5.06503641  6.53514634]]", "nfev": "168", "njev": "24", "status": "0", "success": "True", "message": "Optimization terminated successfully.", "x": "[4.44472988 3.09609269 0.01234479 4.00126431 4.54647985 5.62336031]", "nit": "22"}, "5": {"maxiter": 100, "gtol": 1e-10, "xrtol": 1e-05, "eps": 1e-10, "duration": 0.02860283851623535, "fun": "0.2203017625427186", "jac": "[-3.33066880e-06  2.22044587e-06  4.44089212e-06  4.44089173e-06\n  1.11022293e-06 -2.22044587e-06]", "hess_inv": "[[ 3.64711798 -0.37512901 -0.10260275  1.45752062  0.30318287  0.52587235]\n [-0.37512901  5.47234631  0.4412853  -1.01488647  0.53362384  2.03185158]\n [-0.10260275  0.4412853   4.03880368 -0.13490964 -2.93191103 -0.17171928]\n [ 1.45752062 -1.01488647 -0.13490964  3.08294174 -0.81654918 -0.37659982]\n [ 0.30318287  0.53362384 -2.93191103 -0.81654918  9.79343454  5.09039111]\n [ 0.52587235  2.03185158 -0.17171928 -0.37659982  5.09039111  6.4056056 ]]", "nfev": "168", "njev": "24", "status": "0", "success": "True", "message": "Optimization terminated successfully.", "x": "[4.44472148 3.09610554 0.01236236 4.00126918 4.54647994 5.62336885]", "nit": "22"}, "6": {"maxiter": 100, "gtol": 1e-10, "xrtol": 1e-10, "eps": 1e-05, "duration": 0.06695818901062012, "fun": "0.2203017625224225", "jac": "[-3.07531778e-09 -3.10862447e-09  3.19744231e-09 -2.66453526e-10\n -1.78745907e-09  4.46309656e-09]", "hess_inv": "[[ 3.14547111 -0.45608412  0.17235433  1.32022857 -0.64980285 -0.31286398]\n [-0.45608412  6.41153651  0.96076992 -0.69120131  1.18421459  2.76279345]\n [ 0.17235433  0.96076992  4.0507249   0.07903074 -1.99072687  0.64779501]\n [ 1.32022857 -0.69120131  0.07903074  3.16101465 -0.87332918 -0.41911697]\n [-0.64980285  1.18421459 -1.99072687 -0.87332918  9.71447081  5.25693988]\n [-0.31286398  2.76279345  0.64779501 -0.41911697  5.25693988  6.70344987]]", "nfev": "397", "njev": "55", "status": "2", "success": "False", "message": "Desired error not necessarily achieved due to precision loss.", "x": "[4.44473013 3.09609275 0.01234492 4.00126459 4.54647933 5.62336003]", "nit": "23"}, "7": {"maxiter": 100, "gtol": 1e-10, "xrtol": 1e-10, "eps": 1e-10, "duration": 0.07144498825073242, "fun": "0.22030176247827127", "jac": "[ 1.11022293e-06  1.11022293e-06  1.11022303e-06 -2.22044587e-06\n  1.11022293e-06  2.22044587e-06]", "hess_inv": "[[  1.52406058  -2.31099925   2.616857    -0.96718914   8.21610556\n   -6.95118208]\n [ -2.31099925   7.44385198 -10.65727025   3.72982125 -22.3142205\n   18.89107262]\n [  2.616857   -10.65727025  15.88836122  -5.51029903  30.86232519\n  -26.13342063]\n [ -0.96718914   3.72982125  -5.51029903   1.93276491 -10.85082923\n    9.17873088]\n [  8.21610556 -22.3142205   30.86232519 -10.85082923  69.01465642\n  -58.43468756]\n [ -6.95118208  18.89107262 -26.13342063   9.17873088 -58.43468756\n   49.50063702]]", "nfev": "427", "njev": "61", "status": "0", "success": "True", "message": "Optimization terminated successfully.", "x": "[4.44473399 3.09610252 0.01234787 4.00126434 4.54649153 5.62337436]", "nit": "32"}, "8": {"maxiter": 500, "gtol": 1e-05, "xrtol": 1e-05, "eps": 1e-05, "duration": 0.028348922729492188, "fun": "0.22030176254434797", "jac": "[ 5.73163739e-07 -1.60027547e-06 -1.34542377e-06 -1.29498634e-06\n  1.59772195e-07  1.20350396e-06]", "hess_inv": "[[ 3.15225533 -0.50016574  0.20550472  1.31028268 -0.68827206 -0.27428241]\n [-0.50016574  6.23484343  0.79271768 -0.82276357  1.48064296  2.90588792]\n [ 0.20550472  0.79271768  3.94186321  0.04456438 -1.86569765  0.71785203]\n [ 1.31028268 -0.82276357  0.04456438  3.10984683 -0.77932587 -0.31589207]\n [-0.68827206  1.48064296 -1.86569765 -0.77932587  9.55509523  5.0888016 ]\n [-0.27428241  2.90588792  0.71785203 -0.31589207  5.0888016   6.56663604]]", "nfev": "161", "njev": "23", "status": "0", "success": "True", "message": "Optimization terminated successfully.", "x": "[4.44473031 3.09608541 0.01233812 4.00126159 4.5464889  5.62336384]", "nit": "21"}, "9": {"maxiter": 500, "gtol": 1e-05, "xrtol": 1e-05, "eps": 1e-10, "duration": 0.028928041458129883, "fun": "0.2203017626426803", "jac": "[2.22044587e-06 3.33066880e-06 3.33066909e-06 5.55111466e-06\n 6.66133760e-06 2.22044587e-06]", "hess_inv": "[[ 3.1696988  -0.53832599  0.18712689  1.29534328 -0.76671484 -0.32812253]\n [-0.53832599  6.26574293  0.80967568 -0.83574222  1.55393577  2.94486334]\n [ 0.18712689  0.80967568  3.94841196  0.03791711 -1.84299002  0.72873375]\n [ 1.29534328 -0.83574222  0.03791711  3.09265253 -0.79710467 -0.3338425 ]\n [-0.76671484  1.55393577 -1.84299002 -0.79710467  9.65808189  5.14328143]\n [-0.32812253  2.94486334  0.72873375 -0.3338425   5.14328143  6.58772456]]", "nfev": "161", "njev": "23", "status": "0", "success": "True", "message": "Optimization terminated successfully.", "x": "[4.44473927 3.09612683 0.01235639 4.00127942 4.54654464 5.62342225]", "nit": "21"}, "10": {"maxiter": 500, "gtol": 1e-05, "xrtol": 1e-10, "eps": 1e-05, "duration": 0.02888798713684082, "fun": "0.22030176254434797", "jac": "[ 5.73163739e-07 -1.60027547e-06 -1.34542377e-06 -1.29498634e-06\n  1.59772195e-07  1.20350396e-06]", "hess_inv": "[[ 3.15225533 -0.50016574  0.20550472  1.31028268 -0.68827206 -0.27428241]\n [-0.50016574  6.23484343  0.79271768 -0.82276357  1.48064296  2.90588792]\n [ 0.20550472  0.79271768  3.94186321  0.04456438 -1.86569765  0.71785203]\n [ 1.31028268 -0.82276357  0.04456438  3.10984683 -0.77932587 -0.31589207]\n [-0.68827206  1.48064296 -1.86569765 -0.77932587  9.55509523  5.0888016 ]\n [-0.27428241  2.90588792  0.71785203 -0.31589207  5.0888016   6.56663604]]", "nfev": "161", "njev": "23", "status": "0", "success": "True", "message": "Optimization terminated successfully.", "x": "[4.44473031 3.09608541 0.01233812 4.00126159 4.5464889  5.62336384]", "nit": "21"}, "11": {"maxiter": 500, "gtol": 1e-05, "xrtol": 1e-10, "eps": 1e-10, "duration": 0.028808116912841797, "fun": "0.2203017626426803", "jac": "[2.22044587e-06 3.33066880e-06 3.33066909e-06 5.55111466e-06\n 6.66133760e-06 2.22044587e-06]", "hess_inv": "[[ 3.1696988  -0.53832599  0.18712689  1.29534328 -0.76671484 -0.32812253]\n [-0.53832599  6.26574293  0.80967568 -0.83574222  1.55393577  2.94486334]\n [ 0.18712689  0.80967568  3.94841196  0.03791711 -1.84299002  0.72873375]\n [ 1.29534328 -0.83574222  0.03791711  3.09265253 -0.79710467 -0.3338425 ]\n [-0.76671484  1.55393577 -1.84299002 -0.79710467  9.65808189  5.14328143]\n [-0.32812253  2.94486334  0.72873375 -0.3338425   5.14328143  6.58772456]]", "nfev": "161", "njev": "23", "status": "0", "success": "True", "message": "Optimization terminated successfully.", "x": "[4.44473927 3.09612683 0.01235639 4.00127942 4.54654464 5.62342225]", "nit": "21"}, "12": {"maxiter": 500, "gtol": 1e-10, "xrtol": 1e-05, "eps": 1e-05, "duration": 0.02999091148376465, "fun": "0.22030176252261768", "jac": "[-5.29021271e-08 -3.83360010e-08 -9.88098492e-10 -6.25832719e-08\n  3.54161145e-08  2.48245868e-08]", "hess_inv": "[[ 3.10197573 -0.54543386  0.1760186   1.27125866 -0.5533394  -0.20390925]\n [-0.54543386  6.42363415  0.9736002  -0.76634393  1.29656427  2.84522554]\n [ 0.1760186   0.9736002   4.11201481  0.1044117  -2.06268827  0.64705022]\n [ 1.27125866 -0.76634393  0.1044117   3.11607476 -0.79647176 -0.31073813]\n [-0.5533394   1.29656427 -2.06268827 -0.79647176  9.59973431  5.06503641]\n [-0.20390925  2.84522554  0.64705022 -0.31073813  5.06503641  6.53514634]]", "nfev": "168", "njev": "24", "status": "0", "success": "True", "message": "Optimization terminated successfully.", "x": "[4.44472988 3.09609269 0.01234479 4.00126431 4.54647985 5.62336031]", "nit": "22"}, "13": {"maxiter": 500, "gtol": 1e-10, "xrtol": 1e-05, "eps": 1e-10, "duration": 0.030298233032226562, "fun": "0.2203017625427186", "jac": "[-3.33066880e-06  2.22044587e-06  4.44089212e-06  4.44089173e-06\n  1.11022293e-06 -2.22044587e-06]", "hess_inv": "[[ 3.64711798 -0.37512901 -0.10260275  1.45752062  0.30318287  0.52587235]\n [-0.37512901  5.47234631  0.4412853  -1.01488647  0.53362384  2.03185158]\n [-0.10260275  0.4412853   4.03880368 -0.13490964 -2.93191103 -0.17171928]\n [ 1.45752062 -1.01488647 -0.13490964  3.08294174 -0.81654918 -0.37659982]\n [ 0.30318287  0.53362384 -2.93191103 -0.81654918  9.79343454  5.09039111]\n [ 0.52587235  2.03185158 -0.17171928 -0.37659982  5.09039111  6.4056056 ]]", "nfev": "168", "njev": "24", "status": "0", "success": "True", "message": "Optimization terminated successfully.", "x": "[4.44472148 3.09610554 0.01236236 4.00126918 4.54647994 5.62336885]", "nit": "22"}, "14": {"maxiter": 500, "gtol": 1e-10, "xrtol": 1e-10, "eps": 1e-05, "duration": 0.07004404067993164, "fun": "0.2203017625224225", "jac": "[-3.07531778e-09 -3.10862447e-09  3.19744231e-09 -2.66453526e-10\n -1.78745907e-09  4.46309656e-09]", "hess_inv": "[[ 3.14547111 -0.45608412  0.17235433  1.32022857 -0.64980285 -0.31286398]\n [-0.45608412  6.41153651  0.96076992 -0.69120131  1.18421459  2.76279345]\n [ 0.17235433  0.96076992  4.0507249   0.07903074 -1.99072687  0.64779501]\n [ 1.32022857 -0.69120131  0.07903074  3.16101465 -0.87332918 -0.41911697]\n [-0.64980285  1.18421459 -1.99072687 -0.87332918  9.71447081  5.25693988]\n [-0.31286398  2.76279345  0.64779501 -0.41911697  5.25693988  6.70344987]]", "nfev": "397", "njev": "55", "status": "2", "success": "False", "message": "Desired error not necessarily achieved due to precision loss.", "x": "[4.44473013 3.09609275 0.01234492 4.00126459 4.54647933 5.62336003]", "nit": "23"}, "15": {"maxiter": 500, "gtol": 1e-10, "xrtol": 1e-10, "eps": 1e-10, "duration": 0.07495999336242676, "fun": "0.22030176247827127", "jac": "[ 1.11022293e-06  1.11022293e-06  1.11022303e-06 -2.22044587e-06\n  1.11022293e-06  2.22044587e-06]", "hess_inv": "[[  1.52406058  -2.31099925   2.616857    -0.96718914   8.21610556\n   -6.95118208]\n [ -2.31099925   7.44385198 -10.65727025   3.72982125 -22.3142205\n   18.89107262]\n [  2.616857   -10.65727025  15.88836122  -5.51029903  30.86232519\n  -26.13342063]\n [ -0.96718914   3.72982125  -5.51029903   1.93276491 -10.85082923\n    9.17873088]\n [  8.21610556 -22.3142205   30.86232519 -10.85082923  69.01465642\n  -58.43468756]\n [ -6.95118208  18.89107262 -26.13342063   9.17873088 -58.43468756\n   49.50063702]]", "nfev": "427", "njev": "61", "status": "0", "success": "True", "message": "Optimization terminated successfully.", "x": "[4.44473399 3.09610252 0.01234787 4.00126434 4.54649153 5.62337436]", "nit": "32"}, "16": {"maxiter": 1000, "gtol": 1e-05, "xrtol": 1e-05, "eps": 1e-05, "duration": 0.02857494354248047, "fun": "0.22030176254434797", "jac": "[ 5.73163739e-07 -1.60027547e-06 -1.34542377e-06 -1.29498634e-06\n  1.59772195e-07  1.20350396e-06]", "hess_inv": "[[ 3.15225533 -0.50016574  0.20550472  1.31028268 -0.68827206 -0.27428241]\n [-0.50016574  6.23484343  0.79271768 -0.82276357  1.48064296  2.90588792]\n [ 0.20550472  0.79271768  3.94186321  0.04456438 -1.86569765  0.71785203]\n [ 1.31028268 -0.82276357  0.04456438  3.10984683 -0.77932587 -0.31589207]\n [-0.68827206  1.48064296 -1.86569765 -0.77932587  9.55509523  5.0888016 ]\n [-0.27428241  2.90588792  0.71785203 -0.31589207  5.0888016   6.56663604]]", "nfev": "161", "njev": "23", "status": "0", "success": "True", "message": "Optimization terminated successfully.", "x": "[4.44473031 3.09608541 0.01233812 4.00126159 4.5464889  5.62336384]", "nit": "21"}, "17": {"maxiter": 1000, "gtol": 1e-05, "xrtol": 1e-05, "eps": 1e-10, "duration": 0.028485774993896484, "fun": "0.2203017626426803", "jac": "[2.22044587e-06 3.33066880e-06 3.33066909e-06 5.55111466e-06\n 6.66133760e-06 2.22044587e-06]", "hess_inv": "[[ 3.1696988  -0.53832599  0.18712689  1.29534328 -0.76671484 -0.32812253]\n [-0.53832599  6.26574293  0.80967568 -0.83574222  1.55393577  2.94486334]\n [ 0.18712689  0.80967568  3.94841196  0.03791711 -1.84299002  0.72873375]\n [ 1.29534328 -0.83574222  0.03791711  3.09265253 -0.79710467 -0.3338425 ]\n [-0.76671484  1.55393577 -1.84299002 -0.79710467  9.65808189  5.14328143]\n [-0.32812253  2.94486334  0.72873375 -0.3338425   5.14328143  6.58772456]]", "nfev": "161", "njev": "23", "status": "0", "success": "True", "message": "Optimization terminated successfully.", "x": "[4.44473927 3.09612683 0.01235639 4.00127942 4.54654464 5.62342225]", "nit": "21"}, "18": {"maxiter": 1000, "gtol": 1e-05, "xrtol": 1e-10, "eps": 1e-05, "duration": 0.028404951095581055, "fun": "0.22030176254434797", "jac": "[ 5.73163739e-07 -1.60027547e-06 -1.34542377e-06 -1.29498634e-06\n  1.59772195e-07  1.20350396e-06]", "hess_inv": "[[ 3.15225533 -0.50016574  0.20550472  1.31028268 -0.68827206 -0.27428241]\n [-0.50016574  6.23484343  0.79271768 -0.82276357  1.48064296  2.90588792]\n [ 0.20550472  0.79271768  3.94186321  0.04456438 -1.86569765  0.71785203]\n [ 1.31028268 -0.82276357  0.04456438  3.10984683 -0.77932587 -0.31589207]\n [-0.68827206  1.48064296 -1.86569765 -0.77932587  9.55509523  5.0888016 ]\n [-0.27428241  2.90588792  0.71785203 -0.31589207  5.0888016   6.56663604]]", "nfev": "161", "njev": "23", "status": "0", "success": "True", "message": "Optimization terminated successfully.", "x": "[4.44473031 3.09608541 0.01233812 4.00126159 4.5464889  5.62336384]", "nit": "21"}, "19": {"maxiter": 1000, "gtol": 1e-05, "xrtol": 1e-10, "eps": 1e-10, "duration": 0.028391122817993164, "fun": "0.2203017626426803", "jac": "[2.22044587e-06 3.33066880e-06 3.33066909e-06 5.55111466e-06\n 6.66133760e-06 2.22044587e-06]", "hess_inv": "[[ 3.1696988  -0.53832599  0.18712689  1.29534328 -0.76671484 -0.32812253]\n [-0.53832599  6.26574293  0.80967568 -0.83574222  1.55393577  2.94486334]\n [ 0.18712689  0.80967568  3.94841196  0.03791711 -1.84299002  0.72873375]\n [ 1.29534328 -0.83574222  0.03791711  3.09265253 -0.79710467 -0.3338425 ]\n [-0.76671484  1.55393577 -1.84299002 -0.79710467  9.65808189  5.14328143]\n [-0.32812253  2.94486334  0.72873375 -0.3338425   5.14328143  6.58772456]]", "nfev": "161", "njev": "23", "status": "0", "success": "True", "message": "Optimization terminated successfully.", "x": "[4.44473927 3.09612683 0.01235639 4.00127942 4.54654464 5.62342225]", "nit": "21"}, "20": {"maxiter": 1000, "gtol": 1e-10, "xrtol": 1e-05, "eps": 1e-05, "duration": 0.02961277961730957, "fun": "0.22030176252261768", "jac": "[-5.29021271e-08 -3.83360010e-08 -9.88098492e-10 -6.25832719e-08\n  3.54161145e-08  2.48245868e-08]", "hess_inv": "[[ 3.10197573 -0.54543386  0.1760186   1.27125866 -0.5533394  -0.20390925]\n [-0.54543386  6.42363415  0.9736002  -0.76634393  1.29656427  2.84522554]\n [ 0.1760186   0.9736002   4.11201481  0.1044117  -2.06268827  0.64705022]\n [ 1.27125866 -0.76634393  0.1044117   3.11607476 -0.79647176 -0.31073813]\n [-0.5533394   1.29656427 -2.06268827 -0.79647176  9.59973431  5.06503641]\n [-0.20390925  2.84522554  0.64705022 -0.31073813  5.06503641  6.53514634]]", "nfev": "168", "njev": "24", "status": "0", "success": "True", "message": "Optimization terminated successfully.", "x": "[4.44472988 3.09609269 0.01234479 4.00126431 4.54647985 5.62336031]", "nit": "22"}, "21": {"maxiter": 1000, "gtol": 1e-10, "xrtol": 1e-05, "eps": 1e-10, "duration": 0.029629945755004883, "fun": "0.2203017625427186", "jac": "[-3.33066880e-06  2.22044587e-06  4.44089212e-06  4.44089173e-06\n  1.11022293e-06 -2.22044587e-06]", "hess_inv": "[[ 3.64711798 -0.37512901 -0.10260275  1.45752062  0.30318287  0.52587235]\n [-0.37512901  5.47234631  0.4412853  -1.01488647  0.53362384  2.03185158]\n [-0.10260275  0.4412853   4.03880368 -0.13490964 -2.93191103 -0.17171928]\n [ 1.45752062 -1.01488647 -0.13490964  3.08294174 -0.81654918 -0.37659982]\n [ 0.30318287  0.53362384 -2.93191103 -0.81654918  9.79343454  5.09039111]\n [ 0.52587235  2.03185158 -0.17171928 -0.37659982  5.09039111  6.4056056 ]]", "nfev": "168", "njev": "24", "status": "0", "success": "True", "message": "Optimization terminated successfully.", "x": "[4.44472148 3.09610554 0.01236236 4.00126918 4.54647994 5.62336885]", "nit": "22"}, "22": {"maxiter": 1000, "gtol": 1e-10, "xrtol": 1e-10, "eps": 1e-05, "duration": 0.0691828727722168, "fun": "0.2203017625224225", "jac": "[-3.07531778e-09 -3.10862447e-09  3.19744231e-09 -2.66453526e-10\n -1.78745907e-09  4.46309656e-09]", "hess_inv": "[[ 3.14547111 -0.45608412  0.17235433  1.32022857 -0.64980285 -0.31286398]\n [-0.45608412  6.41153651  0.96076992 -0.69120131  1.18421459  2.76279345]\n [ 0.17235433  0.96076992  4.0507249   0.07903074 -1.99072687  0.64779501]\n [ 1.32022857 -0.69120131  0.07903074  3.16101465 -0.87332918 -0.41911697]\n [-0.64980285  1.18421459 -1.99072687 -0.87332918  9.71447081  5.25693988]\n [-0.31286398  2.76279345  0.64779501 -0.41911697  5.25693988  6.70344987]]", "nfev": "397", "njev": "55", "status": "2", "success": "False", "message": "Desired error not necessarily achieved due to precision loss.", "x": "[4.44473013 3.09609275 0.01234492 4.00126459 4.54647933 5.62336003]", "nit": "23"}, "23": {"maxiter": 1000, "gtol": 1e-10, "xrtol": 1e-10, "eps": 1e-10, "duration": 0.07447099685668945, "fun": "0.22030176247827127", "jac": "[ 1.11022293e-06  1.11022293e-06  1.11022303e-06 -2.22044587e-06\n  1.11022293e-06  2.22044587e-06]", "hess_inv": "[[  1.52406058  -2.31099925   2.616857    -0.96718914   8.21610556\n   -6.95118208]\n [ -2.31099925   7.44385198 -10.65727025   3.72982125 -22.3142205\n   18.89107262]\n [  2.616857   -10.65727025  15.88836122  -5.51029903  30.86232519\n  -26.13342063]\n [ -0.96718914   3.72982125  -5.51029903   1.93276491 -10.85082923\n    9.17873088]\n [  8.21610556 -22.3142205   30.86232519 -10.85082923  69.01465642\n  -58.43468756]\n [ -6.95118208  18.89107262 -26.13342063   9.17873088 -58.43468756\n   49.50063702]]", "nfev": "427", "njev": "61", "status": "0", "success": "True", "message": "Optimization terminated successfully.", "x": "[4.44473399 3.09610252 0.01234787 4.00126434 4.54649153 5.62337436]", "nit": "32"}}, "cobyla": {"0": {"maxiter": 100, "tol": 1e-05, "catol": 1e-05, "duration": 0.016932964324951172, "x": "[4.44810862 3.08470546 0.01500035 4.00333211 4.52405791 5.60479574]", "status": "2", "success": "False", "message": "Maximum number of function evaluations has been exceeded.", "nfev": "100", "fun": "0.22033547298296008", "maxcv": "0.0"}, "1": {"maxiter": 100, "tol": 1e-05, "catol": 1e-10, "duration": 0.01690196990966797, "x": "[4.44810862 3.08470546 0.01500035 4.00333211 4.52405791 5.60479574]", "status": "2", "success": "False", "message": "Maximum number of function evaluations has been exceeded.", "nfev": "100", "fun": "0.22033547298296008", "maxcv": "0.0"}, "2": {"maxiter": 100, "tol": 1e-10, "catol": 1e-05, "duration": 0.016885042190551758, "x": "[4.44810862 3.08470546 0.01500035 4.00333211 4.52405791 5.60479574]", "status": "2", "success": "False", "message": "Maximum number of function evaluations has been exceeded.", "nfev": "100", "fun": "0.22033547298296008", "maxcv": "0.0"}, "3": {"maxiter": 100, "tol": 1e-10, "catol": 1e-10, "duration": 0.016919851303100586, "x": "[4.44810862 3.08470546 0.01500035 4.00333211 4.52405791 5.60479574]", "status": "2", "success": "False", "message": "Maximum number of function evaluations has been exceeded.", "nfev": "100", "fun": "0.22033547298296008", "maxcv": "0.0"}, "4": {"maxiter": 500, "tol": 1e-05, "catol": 1e-05, "duration": 0.04182600975036621, "x": "[4.4447411  3.0960934  0.01235063 4.00127623 4.54646824 5.62337341]", "status": "1", "success": "True", "message": "Optimization terminated successfully.", "nfev": "248", "fun": "0.22030176254444467", "maxcv": "0.0"}, "5": {"maxiter": 500, "tol": 1e-05, "catol": 1e-10, "duration": 0.04193592071533203, "x": "[4.4447411  3.0960934  0.01235063 4.00127623 4.54646824 5.62337341]", "status": "1", "success": "True", "message": "Optimization terminated successfully.", "nfev": "248", "fun": "0.22030176254444467", "maxcv": "0.0"}, "6": {"maxiter": 500, "tol": 1e-10, "catol": 1e-05, "duration": 0.06842613220214844, "x": "[4.44473734 3.09610705 0.0123519  4.00127088 4.54649679 5.62338235]", "status": "1", "success": "True", "message": "Optimization terminated successfully.", "nfev": "405", "fun": "0.22030176246322997", "maxcv": "0.0"}, "7": {"maxiter": 500, "tol": 1e-10, "catol": 1e-10, "duration": 0.06868577003479004, "x": "[4.44473734 3.09610705 0.0123519  4.00127088 4.54649679 5.62338235]", "status": "1", "success": "True", "message": "Optimization terminated successfully.", "nfev": "405", "fun": "0.22030176246322997", "maxcv": "0.0"}, "8": {"maxiter": 1000, "tol": 1e-05, "catol": 1e-05, "duration": 0.04048609733581543, "x": "[4.4447411  3.0960934  0.01235063 4.00127623 4.54646824 5.62337341]", "status": "1", "success": "True", "message": "Optimization terminated successfully.", "nfev": "248", "fun": "0.22030176254444467", "maxcv": "0.0"}, "9": {"maxiter": 1000, "tol": 1e-05, "catol": 1e-10, "duration": 0.04022216796875, "x": "[4.4447411  3.0960934  0.01235063 4.00127623 4.54646824 5.62337341]", "status": "1", "success": "True", "message": "Optimization terminated successfully.", "nfev": "248", "fun": "0.22030176254444467", "maxcv": "0.0"}, "10": {"maxiter": 1000, "tol": 1e-10, "catol": 1e-05, "duration": 0.06587696075439453, "x": "[4.44473734 3.09610705 0.0123519  4.00127088 4.54649679 5.62338235]", "status": "1", "success": "True", "message": "Optimization terminated successfully.", "nfev": "405", "fun": "0.22030176246322997", "maxcv": "0.0"}, "11": {"maxiter": 1000, "tol": 1e-10, "catol": 1e-10, "duration": 0.06591200828552246, "x": "[4.44473734 3.09610705 0.0123519  4.00127088 4.54649679 5.62338235]", "status": "1", "success": "True", "message": "Optimization terminated successfully.", "nfev": "405", "fun": "0.22030176246322997", "maxc