{"date": "2024/07/19/, 19:41:03", "conf_id": 296, "data_type": "var_s_rank\n", "num_data_points": 3, "s_rank": 0, "unitary": "[[-0.56303964-0.00798273j,-0.21670212-0.15784972j,-0.06047197-0.73952673j,-0.01438004+0.24552571j],[-0.06976756+0.23474685j,-0.01275565-0.5435098j,-0.02703657-0.08917885j,-0.08210486-0.79311774j],[-0.38559961+0.10714929j,0.5933431-0.2687392j,-0.24060861+0.29149289j,-0.45147719+0.26241743j],[-0.50180421+0.45931857j,-0.11617175+0.44134496j,0.49642745+0.22684508j,-0.08544628-0.15407063j]]", "databatch_0": {"databatch": "[[[0.05527919-5.49866397e-02j,-0.05822233+1.07521980e-01j,0.0098819-3.45716726e-01j,0.02467044-2.75295197e-02j],[0.10635628-3.57594329e-01j,0.17599656+6.43915229e-02j,-0.08629468+2.09867641e-01j,0.07220126+4.66362640e-01j],[0.08153693-1.19346333e-01j,0.13759058+2.10030746e-01j,0.09129398-1.45211312e-01j,0.05219961-2.54348258e-01j],[0.12667205-2.28642079e-01j,-0.33474225+1.81031508e-01j,0.09120937+8.13032199e-02j,0.02508131+1.60663471e-04j]],[[0.09091856+1.51946811e-01j,-0.13630593+2.47370548e-01j,0.07883437-1.36646441e-01j,-0.04284885-1.99722423e-01j],[-0.18437793-1.66235370e-01j,-0.17465215-3.60320374e-01j,-0.29643246+2.41362755e-02j,-0.11325097-1.66285033e-01j],[-0.01367506+1.99974368e-01j,-0.03335372-2.20570997e-01j,-0.27923852+3.58352675e-02j,0.07101804+2.84346899e-01j],[-0.25754263+2.47529179e-01j,0.09803656-1.75122952e-01j,0.01438785+1.56730487e-01j,0.06649377+1.38566459e-01j]],[[0.11464529-3.22723291e-01j,-0.0255663+2.19717044e-01j,-0.1039161+9.27999222e-03j,0.16292175-2.06754618e-01j],[-0.04430306-1.73236310e-01j,-0.0972033+5.53171271e-02j,-0.1951713-3.03918607e-01j,-0.01173366+2.24172653e-01j],[-0.39047473-5.29835688e-02j,-0.32341304-4.76818162e-02j,-0.04279245+8.38940860e-03j,-0.12713182-6.28198646e-02j],[0.17166498+1.83532208e-01j,-0.12694114-1.89299910e-01j,-0.14299843+7.17840967e-02j,-0.04146477-3.18888387e-01j]]]", "initial param values": "[4.51259211,3.27476208,5.69584812,5.67224555,6.18947262,4.5364158]", "nelder_mead": {"type": "gradient-free", "0": {"maxiter": 100, "fatol": 1e-05, "xatol": 1e-05, "duration": 0.027164220809936523, "fun": "0.5762820950003813", "nit": "100", "nfev": "159", "status": "2", "success": "False", "message": "Maximum number of iterations has been exceeded.", "x": "[4.99273564 2.98460489 3.79129117 8.56885237 5.98659759 4.28413917]", "final_simplex": "(array([[4.99273564, 2.98460489, 3.79129117, 8.56885237, 5.98659759,\n        4.28413917],\n       [4.99684022, 3.0337452 , 3.83705994, 8.60267876, 5.91234004,\n        4.26716612],\n       [5.08473409, 2.92475551, 3.90611112, 8.49970643, 5.99543981,\n        4.29223805],\n       [4.97569163, 3.04397285, 3.70342671, 8.56228687, 6.02069033,\n        4.27986528],\n       [5.04422722, 2.96402455, 3.75031465, 8.57544445, 5.9696281 ,\n        4.27303505],\n       [5.00699479, 3.01415443, 3.89556184, 8.53863965, 5.90513268,\n        4.26634062],\n       [4.99733019, 3.01356569, 3.85219095, 8.53481752, 5.9423663 ,\n        4.25608557]]), array([0.5762821 , 0.57693403, 0.57770588, 0.57775074, 0.5779448 ,\n       0.57798559, 0.57847368]))"}, "1": {"maxiter": 100, "fatol": 1e-05, "xatol": 1e-10, "duration": 0.027153968811035156, "fun": "0.5762820950003813", "nit": "100", "nfev": "159", "status": "2", "success": "False", "message": "Maximum number of iterations has been exceeded.", "x": "[4.99273564 2.98460489 3.79129117 8.56885237 5.98659759 4.28413917]", "final_simplex": "(array([[4.99273564, 2.98460489, 3.79129117, 8.56885237, 5.98659759,\n        4.28413917],\n       [4.99684022, 3.0337452 , 3.83705994, 8.60267876, 5.91234004,\n        4.26716612],\n       [5.08473409, 2.92475551, 3.90611112, 8.49970643, 5.99543981,\n        4.29223805],\n       [4.97569163, 3.04397285, 3.70342671, 8.56228687, 6.02069033,\n        4.27986528],\n       [5.04422722, 2.96402455, 3.75031465, 8.57544445, 5.9696281 ,\n        4.27303505],\n       [5.00699479, 3.01415443, 3.89556184, 8.53863965, 5.90513268,\n        4.26634062],\n       [4.99733019, 3.01356569, 3.85219095, 8.53481752, 5.9423663 ,\n        4.25608557]]), array([0.5762821 , 0.57693403, 0.57770588, 0.57775074, 0.5779448 ,\n       0.57798559, 0.57847368]))"}, "2": {"maxiter": 100, "fatol": 1e-10, "xatol": 1e-05, "duration": 0.027135133743286133, "fun": "0.5762820950003813", "nit": "100", "nfev": "159", "status": "2", "success": "False", "message": "Maximum number of iterations has been exceeded.", "x": "[4.99273564 2.98460489 3.79129117 8.56885237 5.98659759 4.28413917]", "final_simplex": "(array([[4.99273564, 2.98460489, 3.79129117, 8.56885237, 5.98659759,\n        4.28413917],\n       [4.99684022, 3.0337452 , 3.83705994, 8.60267876, 5.91234004,\n        4.26716612],\n       [5.08473409, 2.92475551, 3.90611112, 8.49970643, 5.99543981,\n        4.29223805],\n       [4.97569163, 3.04397285, 3.70342671, 8.56228687, 6.02069033,\n        4.27986528],\n       [5.04422722, 2.96402455, 3.75031465, 8.57544445, 5.9696281 ,\n        4.27303505],\n       [5.00699479, 3.01415443, 3.89556184, 8.53863965, 5.90513268,\n        4.26634062],\n       [4.99733019, 3.01356569, 3.85219095, 8.53481752, 5.9423663 ,\n        4.25608557]]), array([0.5762821 , 0.57693403, 0.57770588, 0.57775074, 0.5779448 ,\n       0.57798559, 0.57847368]))"}, "3": {"maxiter": 100, "fatol": 1e-10, "xatol": 1e-10, "duration": 0.027176856994628906, "fun": "0.5762820950003813", "nit": "100", "nfev": "159", "status": "2", "success": "False", "message": "Maximum number of iterations has been exceeded.", "x": "[4.99273564 2.98460489 3.79129117 8.56885237 5.98659759 4.28413917]", "final_simplex": "(array([[4.99273564, 2.98460489, 3.79129117, 8.56885237, 5.98659759,\n        4.28413917],\n       [4.99684022, 3.0337452 , 3.83705994, 8.60267876, 5.91234004,\n        4.26716612],\n       [5.08473409, 2.92475551, 3.90611112, 8.49970643, 5.99543981,\n        4.29223805],\n       [4.97569163, 3.04397285, 3.70342671, 8.56228687, 6.02069033,\n        4.27986528],\n       [5.04422722, 2.96402455, 3.75031465, 8.57544445, 5.9696281 ,\n        4.27303505],\n       [5.00699479, 3.01415443, 3.89556184, 8.53863965, 5.90513268,\n        4.26634062],\n       [4.99733019, 3.01356569, 3.85219095, 8.53481752, 5.9423663 ,\n        4.25608557]]), array([0.5762821 , 0.57693403, 0.57770588, 0.57775074, 0.5779448 ,\n       0.57798559, 0.57847368]))"}, "4": {"maxiter": 500, "fatol": 1e-05, "xatol": 1e-05, "duration": 0.08934497833251953, "fun": "0.5411556808942477", "nit": "327", "nfev": "524", "status": "0", "success": "True", "message": "Optimization terminated successfully.", "x": "[4.92477105 2.90509286 3.71564013 8.47762632 6.42717059 5.09286195]", "final_simplex": "(array([[4.92477105, 2.90509286, 3.71564013, 8.47762632, 6.42717059,\n        5.09286195],\n       [4.92477672, 2.90509249, 3.7156441 , 8.47762056, 6.42717045,\n        5.09286384],\n       [4.92477552, 2.90509094, 3.71564822, 8.47762514, 6.42716101,\n        5.0928551 ],\n       [4.92477869, 2.90509249, 3.71564215, 8.47762582, 6.42717345,\n        5.09286077],\n       [4.92477173, 2.90509255, 3.71564762, 8.4776296 , 6.42716506,\n        5.09286122],\n       [4.92477707, 2.90509124, 3.71563943, 8.47762937, 6.4271626 ,\n        5.092864  ],\n       [4.92477482, 2.90508396, 3.71564788, 8.47762096, 6.42716469,\n        5.09286041]]), array([0.54115568, 0.54115568, 0.54115568, 0.54115568, 0.54115568,\n       0.54115568, 0.54115568]))"}, "5": {"maxiter": 500, "fatol": 1e-05, "xatol": 1e-10, "duration": 0.1261587142944336, "fun": "0.5411556808903428", "nit": "416", "nfev": "741", "status": "0", "success": "True", "message": "Optimization terminated successfully.", "x": "[4.9247758  2.90509567 3.71564126 8.47762586 6.42716569 5.09285802]", "final_simplex": "(array([[4.9247758 , 2.90509567, 3.71564126, 8.47762586, 6.42716569,\n        5.09285802],\n       [4.9247758 , 2.90509567, 3.71564126, 8.47762586, 6.42716569,\n        5.09285802],\n       [4.9247758 , 2.90509567, 3.71564126, 8.47762586, 6.42716569,\n        5.09285802],\n       [4.9247758 , 2.90509567, 3.71564126, 8.47762586, 6.42716569,\n        5.09285802],\n       [4.9247758 , 2.90509567, 3.71564126, 8.47762586, 6.42716569,\n        5.09285802],\n       [4.9247758 , 2.90509567, 3.71564126, 8.47762586, 6.42716569,\n        5.09285802],\n       [4.9247758 , 2.90509567, 3.71564126, 8.47762586, 6.42716569,\n        5.09285802]]), array([0.54115568, 0.54115568, 0.54115568, 0.54115568, 0.54115568,\n       0.54115568, 0.54115568]))"}, "6": {"maxiter": 500, "fatol": 1e-10, "xatol": 1e-05, "duration": 0.08935999870300293, "fun": "0.5411556808942477", "nit": "327", "nfev": "524", "status": "0", "success": "True", "message": "Optimization terminated successfully.", "x": "[4.92477105 2.90509286 3.71564013 8.47762632 6.42717059 5.09286195]", "final_simplex": "(array([[4.92477105, 2.90509286, 3.71564013, 8.47762632, 6.42717059,\n        5.09286195],\n       [4.92477672, 2.90509249, 3.7156441 , 8.47762056, 6.42717045,\n        5.09286384],\n       [4.92477552, 2.90509094, 3.71564822, 8.47762514, 6.42716101,\n        5.0928551 ],\n       [4.92477869, 2.90509249, 3.71564215, 8.47762582, 6.42717345,\n        5.09286077],\n       [4.92477173, 2.90509255, 3.71564762, 8.4776296 , 6.42716506,\n        5.09286122],\n       [4.92477707, 2.90509124, 3.71563943, 8.47762937, 6.4271626 ,\n        5.092864  ],\n       [4.92477482, 2.90508396, 3.71564788, 8.47762096, 6.42716469,\n        5.09286041]]), array([0.54115568, 0.54115568, 0.54115568, 0.54115568, 0.54115568,\n       0.54115568, 0.54115568]))"}, "7": {"maxiter": 500, "fatol": 1e-10, "xatol": 1e-10, "duration": 0.1257951259613037, "fun": "0.5411556808903428", "nit": "416", "nfev": "741", "status": "0", "success": "True", "message": "Optimization terminated successfully.", "x": "[4.9247758  2.90509567 3.71564126 8.47762586 6.42716569 5.09285802]", "final_simplex": "(array([[4.9247758 , 2.90509567, 3.71564126, 8.47762586, 6.42716569,\n        5.09285802],\n       [4.9247758 , 2.90509567, 3.71564126, 8.47762586, 6.42716569,\n        5.09285802],\n       [4.9247758 , 2.90509567, 3.71564126, 8.47762586, 6.42716569,\n        5.09285802],\n       [4.9247758 , 2.90509567, 3.71564126, 8.47762586, 6.42716569,\n        5.09285802],\n       [4.9247758 , 2.90509567, 3.71564126, 8.47762586, 6.42716569,\n        5.09285802],\n       [4.9247758 , 2.90509567, 3.71564126, 8.47762586, 6.42716569,\n        5.09285802],\n       [4.9247758 , 2.90509567, 3.71564126, 8.47762586, 6.42716569,\n        5.09285802]]), array([0.54115568, 0.54115568, 0.54115568, 0.54115568, 0.54115568,\n       0.54115568, 0.54115568]))"}, "8": {"maxiter": 1000, "fatol": 1e-05, "xatol": 1e-05, "duration": 0.08956193923950195, "fun": "0.5411556808942477", "nit": "327", "nfev": "524", "status": "0", "success": "True", "message": "Optimization terminated successfully.", "x": "[4.92477105 2.90509286 3.71564013 8.47762632 6.42717059 5.09286195]", "final_simplex": "(array([[4.92477105, 2.90509286, 3.71564013, 8.47762632, 6.42717059,\n        5.09286195],\n       [4.92477672, 2.90509249, 3.7156441 , 8.47762056, 6.42717045,\n        5.09286384],\n       [4.92477552, 2.90509094, 3.71564822, 8.47762514, 6.42716101,\n        5.0928551 ],\n       [4.92477869, 2.90509249, 3.71564215, 8.47762582, 6.42717345,\n        5.09286077],\n       [4.92477173, 2.90509255, 3.71564762, 8.4776296 , 6.42716506,\n        5.09286122],\n       [4.92477707, 2.90509124, 3.71563943, 8.47762937, 6.4271626 ,\n        5.092864  ],\n       [4.92477482, 2.90508396, 3.71564788, 8.47762096, 6.42716469,\n        5.09286041]]), array([0.54115568, 0.54115568, 0.54115568, 0.54115568, 0.54115568,\n       0.54115568, 0.54115568]))"}, "9": {"maxiter": 1000, "fatol": 1e-05, "xatol": 1e-10, "duration": 0.12576794624328613, "fun": "0.5411556808903428", "nit": "416", "nfev": "741", "status": "0", "success": "True", "message": "Optimization terminated successfully.", "x": "[4.9247758  2.90509567 3.71564126 8.47762586 6.42716569 5.09285802]", "final_simplex": "(array([[4.9247758 , 2.90509567, 3.71564126, 8.47762586, 6.42716569,\n        5.09285802],\n       [4.9247758 , 2.90509567, 3.71564126, 8.47762586, 6.42716569,\n        5.09285802],\n       [4.9247758 , 2.90509567, 3.71564126, 8.47762586, 6.42716569,\n        5.09285802],\n       [4.9247758 , 2.90509567, 3.71564126, 8.47762586, 6.42716569,\n        5.09285802],\n       [4.9247758 , 2.90509567, 3.71564126, 8.47762586, 6.42716569,\n        5.09285802],\n       [4.9247758 , 2.90509567, 3.71564126, 8.47762586, 6.42716569,\n        5.09285802],\n       [4.9247758 , 2.90509567, 3.71564126, 8.47762586, 6.42716569,\n        5.09285802]]), array([0.54115568, 0.54115568, 0.54115568, 0.54115568, 0.54115568,\n       0.54115568, 0.54115568]))"}, "10": {"maxiter": 1000, "fatol": 1e-10, "xatol": 1e-05, "duration": 0.08916187286376953, "fun": "0.5411556808942477", "nit": "327", "nfev": "524", "status": "0", "success": "True", "message": "Optimization terminated successfully.", "x": "[4.92477105 2.90509286 3.71564013 8.47762632 6.42717059 5.09286195]", "final_simplex": "(array([[4.92477105, 2.90509286, 3.71564013, 8.47762632, 6.42717059,\n        5.09286195],\n       [4.92477672, 2.90509249, 3.7156441 , 8.47762056, 6.42717045,\n        5.09286384],\n       [4.92477552, 2.90509094, 3.71564822, 8.47762514, 6.42716101,\n        5.0928551 ],\n       [4.92477869, 2.90509249, 3.71564215, 8.47762582, 6.42717345,\n        5.09286077],\n       [4.92477173, 2.90509255, 3.71564762, 8.4776296 , 6.42716506,\n        5.09286122],\n       [4.92477707, 2.90509124, 3.71563943, 8.47762937, 6.4271626 ,\n        5.092864  ],\n       [4.92477482, 2.90508396, 3.71564788, 8.47762096, 6.42716469,\n        5.09286041]]), array([0.54115568, 0.54115568, 0.54115568, 0.54115568, 0.54115568,\n       0.54115568, 0.54115568]))"}, "11": {"maxiter": 1000, "fatol": 1e-10, "xatol": 1e-10, "duration": 0.12542295455932617, "fun": "0.5411556808903428", "nit": "416", "nfev": "741", "status": "0", "success": "True", "message": "Optimization terminated successfully.", "x": "[4.9247758  2.90509567 3.71564126 8.47762586 6.42716569 5.09285802]", "final_simplex": "(array([[4.9247758 , 2.90509567, 3.71564126, 8.47762586, 6.42716569,\n        5.09285802],\n       [4.9247758 , 2.90509567, 3.71564126, 8.47762586, 6.42716569,\n        5.09285802],\n       [4.9247758 , 2.90509567, 3.71564126, 8.47762586, 6.42716569,\n        5.09285802],\n       [4.9247758 , 2.90509567, 3.71564126, 8.47762586, 6.42716569,\n        5.09285802],\n       [4.9247758 , 2.90509567, 3.71564126, 8.47762586, 6.42716569,\n        5.09285802],\n       [4.9247758 , 2.90509567, 3.71564126, 8.47762586, 6.42716569,\n        5.09285802],\n       [4.9247758 , 2.90509567, 3.71564126, 8.47762586, 6.42716569,\n        5.09285802]]), array([0.54115568, 0.54115568, 0.54115568, 0.54115568, 0.54115568,\n       0.54115568, 0.54115568]))"}}, "bfgs": {"type": "gradient", "0": {"maxiter": 100, "gtol": 1e-05, "xrtol": 1e-05, "eps": 1e-05, "duration": 0.04396414756774902, "fun": "0.5836638174823354", "jac": "[-4.73532324e-07  3.99058564e-07 -2.05457873e-06  1.97850625e-06\n -3.36761730e-06  3.53872487e-06]", "hess_inv": "[[  7.66049159   1.27512104  -1.75974588   3.81554819  -4.22314407\n    2.06573505]\n [  1.27512104   6.85131132  -2.54201358   2.26367996  -1.52201168\n   -2.62208597]\n [ -1.75974588  -2.54201358   7.78471963  -4.12892343   1.11700264\n    3.41531776]\n [  3.81554819   2.26367996  -4.12892343   7.92510331  -2.25096167\n   -0.86379219]\n [ -4.22314407  -1.52201168   1.11700264  -2.25096167  20.51116873\n  -16.68477283]\n [  2.06573505  -2.62208597   3.41531776  -0.86379219 -16.68477283\n   21.91262702]]", "nfev": "252", "njev": "36", "status": "0", "success": "True", "message": "Optimization terminated successfully.", "x": "[4.72656641 0.93026144 6.88492365 5.77364584 5.70153991 4.6619431 ]", "nit": "32"}, "1": {"maxiter": 100, "gtol": 1e-05, "xrtol": 1e-05, "eps": 1e-10, "duration": 0.04392194747924805, "fun": "0.5836638181298108", "jac": "[ 2.22044587e-06  0.00000000e+00  0.00000000e+00  4.44089173e-06\n -4.44089173e-06  6.66133760e-06]", "hess_inv": "[[  7.29802262   1.23133964  -1.74556118   3.11156612  -4.31637659\n    2.29313337]\n [  1.23133964   6.93180913  -2.61751512   2.27614585  -1.83963595\n   -2.05514302]\n [ -1.74556118  -2.61751512   8.03972622  -4.02920212   1.49037791\n    3.01016494]\n [  3.11156612   2.27614585  -4.02920212   7.42031499  -2.48386656\n   -0.44788809]\n [ -4.31637659  -1.83963595   1.49037791  -2.48386656  20.21587889\n  -16.1600425 ]\n [  2.29313337  -2.05514302   3.01016494  -0.44788809 -16.1600425\n   20.47754095]]", "nfev": "252", "njev": "36", "status": "0", "success": "True", "message": "Optimization terminated successfully.", "x": "[4.72659826 0.93025483 6.88495077 5.7736577  5.70147455 4.66203387]", "nit": "32"}, "2": {"maxiter": 100, "gtol": 1e-05, "xrtol": 1e-10, "eps": 1e-05, "duration": 0.043878793716430664, "fun": "0.5836638174823354", "jac": "[-4.73532324e-07  3.99058564e-07 -2.05457873e-06  1.97850625e-06\n -3.36761730e-06  3.53872487e-06]", "hess_inv": "[[  7.66049159   1.27512104  -1.75974588   3.81554819  -4.22314407\n    2.06573505]\n [  1.27512104   6.85131132  -2.54201358   2.26367996  -1.52201168\n   -2.62208597]\n [ -1.75974588  -2.54201358   7.78471963  -4.12892343   1.11700264\n    3.41531776]\n [  3.81554819   2.26367996  -4.12892343   7.92510331  -2.25096167\n   -0.86379219]\n [ -4.22314407  -1.52201168   1.11700264  -2.25096167  20.51116873\n  -16.68477283]\n [  2.06573505  -2.62208597   3.41531776  -0.86379219 -16.68477283\n   21.91262702]]", "nfev": "252", "njev": "36", "status": "0", "success": "True", "message": "Optimization terminated successfully.", "x": "[4.72656641 0.93026144 6.88492365 5.77364584 5.70153991 4.6619431 ]", "nit": "32"}, "3": {"maxiter": 100, "gtol": 1e-05, "xrtol": 1e-10, "eps": 1e-10, "duration": 0.04395699501037598, "fun": "0.5836638181298108", "jac": "[ 2.22044587e-06  0.00000000e+00  0.00000000e+00  4.44089173e-06\n -4.44089173e-06  6.66133760e-06]", "hess_inv": "[[  7.29802262   1.23133964  -1.74556118   3.11156612  -4.31637659\n    2.29313337]\n [  1.23133964   6.93180913  -2.61751512   2.27614585  -1.83963595\n   -2.05514302]\n [ -1.74556118  -2.61751512   8.03972622  -4.02920212   1.49037791\n    3.01016494]\n [  3.11156612   2.27614585  -4.02920212   7.42031499  -2.48386656\n   -0.44788809]\n [ -4.31637659  -1.83963595   1.49037791  -2.48386656  20.21587889\n  -16.1600425 ]\n [  2.29313337  -2.05514302   3.01016494  -0.44788809 -16.1600425\n   20.47754095]]", "nfev": "252", "njev": "36", "status": "0", "success": "True", "message": "Optimization terminated successfully.", "x": "[4.72659826 0.93025483 6.88495077 5.7736577  5.70147455 4.66203387]", "nit": "32"}, "4": {"maxiter": 100, "gtol": 1e-10, "xrtol": 1e-05, "eps": 1e-05, "duration": 0.046427249908447266, "fun": "0.5836638169373467", "jac": "[-2.67563749e-08  8.03801470e-09 -3.06421555e-09  8.06021916e-09\n -1.31228362e-08 -9.83657600e-09]", "hess_inv": "[[  7.74172934   1.43548421  -1.92613147   4.00311167  -5.15131444\n    2.80290521]\n [  1.43548421   6.75737991  -2.52108977   2.3191163   -1.70105341\n   -2.34540516]\n [ -1.92613147  -2.52108977   7.82771679  -4.24463884   1.61092321\n    2.9084666 ]\n [  4.00311167   2.3191163   -4.24463884   8.11613867  -3.12599948\n   -0.06555421]\n [ -5.15131444  -1.70105341   1.61092321  -3.12599948  24.45801697\n  -20.36105645]\n [  2.80290521  -2.34540516   2.9084666   -0.06555421 -20.36105645\n   25.21847983]]", "nfev": "266", "njev": "38", "status": "0", "success": "True", "message": "Optimization terminated successfully.", "x": "[4.72653036 0.93025223 6.88494336 5.77361173 5.70170206 4.66179366]", "nit": "34"}, "5": {"maxiter": 100, "gtol": 1e-10, "xrtol": 1e-05, "eps": 1e-10, "duration": 0.04672384262084961, "fun": "0.5836638169302384", "jac": "[0.00000000e+00 0.00000000e+00 0.00000000e+00 0.00000000e+00\n 0.00000000e+00 2.22044587e-06]", "hess_inv": "[[  6.87583705   0.730393    -1.29804187   2.62562971  -4.11533686\n    2.56354467]\n [  0.730393     6.54630697  -2.28649636   1.86723983  -1.01542877\n   -2.47194584]\n [ -1.29804187  -2.28649636   7.75390033  -3.66096837   0.71967534\n    3.4336068 ]\n [  2.62562971   1.86723983  -3.66096837   6.93137769  -1.79682661\n   -0.74702444]\n [ -4.11533686  -1.01542877   0.71967534  -1.79682661  21.75883001\n  -18.36100585]\n [  2.56354467  -2.47194584   3.4336068   -0.74702444 -18.36100585\n   22.90397113]]", "nfev": "266", "njev": "38", "status": "0", "success": "True", "message": "Optimization terminated successfully.", "x": "[4.72653598 0.93025687 6.88495023 5.77361809 5.7017106  4.66179739]", "nit": "34"}, "6": {"maxiter": 100, "gtol": 1e-10, "xrtol": 1e-10, "eps": 1e-05, "duration": 0.04906010627746582, "fun": "0.5836638169371515", "jac": "[-6.66133815e-11 -6.66133815e-11  2.22044605e-11  6.66133815e-11\n -2.22044605e-11 -4.44089210e-11]", "hess_inv": "[[  7.86515513   1.36321576  -1.81109926   3.89297848  -5.06805021\n    2.85786857]\n [  1.36321576   6.77116116  -2.57410207   2.37937131  -1.66551744\n   -2.43730626]\n [ -1.81109926  -2.57410207   7.90968042  -4.31275601   1.59982888\n    3.02024768]\n [  3.89297848   2.37937131  -4.31275601   8.15558422  -3.10457724\n   -0.17830931]\n [ -5.06805021  -1.66551744   1.59982888  -3.10457724  24.14619054\n  -20.06912241]\n [  2.85786857  -2.43730626   3.02024768  -0.17830931 -20.06912241\n   25.06626072]]", "nfev": "280", "njev": "40", "status": "0", "success": "True", "message": "Optimization terminated successfully.", "x": "[4.72653048 0.93025214 6.88494344 5.7736117  5.70170209 4.66179375]", "nit": "36"}, "7": {"maxiter": 100, "gtol": 1e-10, "xrtol": 1e-10, "eps": 1e-10, "duration": 0.058717966079711914, "fun": "0.5836638169302384", "jac": "[0.00000000e+00 0.00000000e+00 0.00000000e+00 2.22044587e-06\n 2.22044587e-06 2.22044587e-06]", "hess_inv": "[[ 6.82480133  0.9596583  -1.66018349  2.95551906 -3.05362896  1.11682766]\n [ 0.9596583   6.49356643 -2.25407979  2.09494297 -2.00665156 -1.34982449]\n [-1.66018349 -2.25407979  7.78573248 -4.10968035  2.08861632  1.94115939]\n [ 2.95551906  2.09494297 -4.10968035  7.79017665 -2.0492645  -0.8029117 ]\n [-3.05362896 -2.00665156  2.08861632 -2.0492645  14.28035542 -9.05428398]\n [ 1.11682766 -1.34982449  1.94115939 -0.8029117  -9.05428398 11.4799292 ]]", "nfev": "336", "njev": "48", "status": "0", "success": "True", "message": "Optimization terminated successfully.", "x": "[4.72653598 0.93025687 6.88495023 5.77361809 5.7017106  4.66179739]", "nit": "35"}, "8": {"maxiter": 500, "gtol": 1e-05, "xrtol": 1e-05, "eps": 1e-05, "duration": 0.044133901596069336, "fun": "0.5836638174823354", "jac": "[-4.73532324e-07  3.99058564e-07 -2.05457873e-06  1.97850625e-06\n -3.36761730e-06  3.53872487e-06]", "hess_inv": "[[  7.66049159   1.27512104  -1.75974588   3.81554819  -4.22314407\n    2.06573505]\n [  1.27512104   6.85131132  -2.54201358   2.26367996  -1.52201168\n   -2.62208597]\n [ -1.75974588  -2.54201358   7.78471963  -4.12892343   1.11700264\n    3.41531776]\n [  3.81554819   2.26367996  -4.12892343   7.92510331  -2.25096167\n   -0.86379219]\n [ -4.22314407  -1.52201168   1.11700264  -2.25096167  20.51116873\n  -16.68477283]\n [  2.06573505  -2.62208597   3.41531776  -0.86379219 -16.68477283\n   21.91262702]]", "nfev": "252", "njev": "36", "status": "0", "success": "True", "message": "Optimization terminated successfully.", "x": "[4.72656641 0.93026144 6.88492365 5.77364584 5.70153991 4.6619431 ]", "nit": "32"}, "9": {"maxiter": 500, "gtol": 1e-05, "xrtol": 1e-05, "eps": 1e-10, "duration": 0.04410719871520996, "fun": "0.5836638181298108", "jac": "[ 2.22044587e-06  0.00000000e+00  0.00000000e+00  4.44089173e-06\n -4.44089173e-06  6.66133760e-06]", "hess_inv": "[[  7.29802262   1.23133964  -1.74556118   3.11156612  -4.31637659\n    2.29313337]\n [  1.23133964   6.93180913  -2.61751512   2.27614585  -1.83963595\n   -2.05514302]\n [ -1.74556118  -2.61751512   8.03972622  -4.02920212   1.49037791\n    3.01016494]\n [  3.11156612   2.27614585  -4.02920212   7.42031499  -2.48386656\n   -0.44788809]\n [ -4.31637659  -1.83963595   1.49037791  -2.48386656  20.21587889\n  -16.1600425 ]\n [  2.29313337  -2.05514302   3.01016494  -0.44788809 -16.1600425\n   20.47754095]]", "nfev": "252", "njev": "36", "status": "0", "success": "True", "message": "Optimization terminated successfully.", "x": "[4.72659826 0.93025483 6.88495077 5.7736577  5.70147455 4.66203387]", "nit": "32"}, "10": {"maxiter": 500, "gtol": 1e-05, "xrtol": 1e-10, "eps": 1e-05, "duration": 0.0442500114440918, "fun": "0.5836638174823354", "jac": "[-4.73532324e-07  3.99058564e-07 -2.05457873e-06  1.97850625e-06\n -3.36761730e-06  3.53872487e-06]", "hess_inv": "[[  7.66049159   1.27512104  -1.75974588   3.81554819  -4.22314407\n    2.06573505]\n [  1.27512104   6.85131132  -2.54201358   2.26367996  -1.52201168\n   -2.62208597]\n [ -1.75974588  -2.54201358   7.78471963  -4.12892343   1.11700264\n    3.41531776]\n [  3.81554819   2.26367996  -4.12892343   7.92510331  -2.25096167\n   -0.86379219]\n [ -4.22314407  -1.52201168   1.11700264  -2.25096167  20.51116873\n  -16.68477283]\n [  2.06573505  -2.62208597   3.41531776  -0.86379219 -16.68477283\n   21.91262702]]", "nfev": "252", "njev": "36", "status": "0", "success": "True", "message": "Optimization terminated successfully.", "x": "[4.72656641 0.93026144 6.88492365 5.77364584 5.70153991 4.6619431 ]", "nit": "32"}, "11": {"maxiter": 500, "gtol": 1e-05, "xrtol": 1e-10, "eps": 1e-10, "duration": 0.04415631294250488, "fun": "0.5836638181298108", "jac": "[ 2.22044587e-06  0.00000000e+00  0.00000000e+00  4.44089173e-06\n -4.44089173e-06  6.66133760e-06]", "hess_inv": "[[  7.29802262   1.23133964  -1.74556118   3.11156612  -4.31637659\n    2.29313337]\n [  1.23133964   6.93180913  -2.61751512   2.27614585  -1.83963595\n   -2.05514302]\n [ -1.74556118  -2.61751512   8.03972622  -4.02920212   1.49037791\n    3.01016494]\n [  3.11156612   2.27614585  -4.02920212   7.42031499  -2.48386656\n   -0.44788809]\n [ -4.31637659  -1.83963595   1.49037791  -2.48386656  20.21587889\n  -16.1600425 ]\n [  2.29313337  -2.05514302   3.01016494  -0.44788809 -16.1600425\n   20.47754095]]", "nfev": "252", "njev": "36", "status": "0", "success": "True", "message": "Optimization terminated successfully.", "x": "[4.72659826 0.93025483 6.88495077 5.7736577  5.70147455 4.66203387]", "nit": "32"}, "12": {"maxiter": 500, "gtol": 1e-10, "xrtol": 1e-05, "eps": 1e-05, "duration": 0.04658079147338867, "fun": "0.5836638169373467", "jac": "[-2.67563749e-08  8.03801470e-09 -3.06421555e-09  8.06021916e-09\n -1.31228362e-08 -9.83657600e-09]", "hess_inv": "[[  7.74172934   1.43548421  -1.92613147   4.00311167  -5.15131444\n    2.80290521]\n [  1.43548421   6.75737991  -2.52108977   2.3191163   -1.70105341\n   -2.34540516]\n [ -1.92613147  -2.52108977   7.82771679  -4.24463884   1.61092321\n    2.9084666 ]\n [  4.00311167   2.3191163   -4.24463884   8.11613867  -3.12599948\n   -0.06555421]\n [ -5.15131444  -1.70105341   1.61092321  -3.12599948  24.45801697\n  -20.36105645]\n [  2.80290521  -2.34540516   2.9084666   -0.06555421 -20.36105645\n   25.21847983]]", "nfev": "266", "njev": "38", "status": "0", "success": "True", "message": "Optimization terminated successfully.", "x": "[4.72653036 0.93025223 6.88494336 5.77361173 5.70170206 4.66179366]", "nit": "34"}, "13": {"maxiter": 500, "gtol": 1e-10, "xrtol": 1e-05, "eps": 1e-10, "duration": 0.04657602310180664, "fun": "0.5836638169302384", "jac": "[0.00000000e+00 0.00000000e+00 0.00000000e+00 0.00000000e+00\n 0.00000000e+00 2.22044587e-06]", "hess_inv": "[[  6.87583705   0.730393    -1.29804187   2.62562971  -4.11533686\n    2.56354467]\n [  0.730393     6.54630697  -2.28649636   1.86723983  -1.01542877\n   -2.47194584]\n [ -1.29804187  -2.28649636   7.75390033  -3.66096837   0.71967534\n    3.4336068 ]\n [  2.62562971   1.86723983  -3.66096837   6.93137769  -1.79682661\n   -0.74702444]\n [ -4.11533686  -1.01542877   0.71967534  -1.79682661  21.75883001\n  -18.36100585]\n [  2.56354467  -2.47194584   3.4336068   -0.74702444 -18.36100585\n   22.90397113]]", "nfev": "266", "njev": "38", "status": "0", "success": "True", "message": "Optimization terminated successfully.", "x": "[4.72653598 0.93025687 6.88495023 5.77361809 5.7017106  4.66179739]", "nit": "34"}, "14": {"maxiter": 500, "gtol": 1e-10, "xrtol": 1e-10, "eps": 1e-05, "duration": 0.04912304878234863, "fun": "0.5836638169371515", "jac": "[-6.66133815e-11 -6.66133815e-11  2.22044605e-11  6.66133815e-11\n -2.22044605e-11 -4.44089210e-11]", "hess_inv": "[[  7.86515513   1.36321576  -1.81109926   3.89297848  -5.06805021\n    2.85786857]\n [  1.36321576   6.77116116  -2.57410207   2.37937131  -1.66551744\n   -2.43730626]\n [ -1.81109926  -2.57410207   7.90968042  -4.31275601   1.59982888\n    3.02024768]\n [  3.89297848   2.37937131  -4.31275601   8.15558422  -3.10457724\n   -0.17830931]\n [ -5.06805021  -1.66551744   1.59982888  -3.10457724  24.14619054\n  -20.06912241]\n [  2.85786857  -2.43730626   3.02024768  -0.17830931 -20.06912241\n   25.06626072]]", "nfev": "280", "njev": "40", "status": "0", "success": "True", "message": "Optimization terminated successfully.", "x": "[4.72653048 0.93025214 6.88494344 5.7736117  5.70170209 4.66179375]", "nit": "36"}, "15": {"maxiter": 500, "gtol": 1e-10, "xrtol": 1e-10, "eps": 1e-10, "duration": 0.058615922927856445, "fun": "0.5836638169302384", "jac": "[0.00000000e+00 0.00000000e+00 0.00000000e+00 2.22044587e-06\n 2.22044587e-06 2.22044587e-06]", "hess_inv": "[[ 6.82480133  0.9596583  -1.66018349  2.95551906 -3.05362896  1.11682766]\n [ 0.9596583   6.49356643 -2.25407979  2.09494297 -2.00665156 -1.34982449]\n [-1.66018349 -2.25407979  7.78573248 -4.10968035  2.08861632  1.94115939]\n [ 2.95551906  2.09494297 -4.10968035  7.79017665 -2.0492645  -0.8029117 ]\n [-3.05362896 -2.00665156  2.08861632 -2.0492645  14.28035542 -9.05428398]\n [ 1.11682766 -1.34982449  1.94115939 -0.8029117  -9.05428398 11.4799292 ]]", "nfev": "336", "njev": "48", "status": "0", "success": "True", "message": "Optimization terminated successfully.", "x": "[4.72653598 0.93025687 6.88495023 5.77361809 5.7017106  4.66179739]", "nit": "35"}, "16": {"maxiter": 1000, "gtol": 1e-05, "xrtol": 1e-05, "eps": 1e-05, "duration": 0.044158220291137695, "fun": "0.5836638174823354", "jac": "[-4.73532324e-07  3.99058564e-07 -2.05457873e-06  1.97850625e-06\n -3.36761730e-06  3.53872487e-06]", "hess_inv": "[[  7.66049159   1.27512104  -1.75974588   3.81554819  -4.22314407\n    2.06573505]\n [  1.27512104   6.85131132  -2.54201358   2.26367996  -1.52201168\n   -2.62208597]\n [ -1.75974588  -2.54201358   7.78471963  -4.12892343   1.11700264\n    3.41531776]\n [  3.81554819   2.26367996  -4.12892343   7.92510331  -2.25096167\n   -0.86379219]\n [ -4.22314407  -1.52201168   1.11700264  -2.25096167  20.51116873\n  -16.68477283]\n [  2.06573505  -2.62208597   3.41531776  -0.86379219 -16.68477283\n   21.91262702]]", "nfev": "252", "njev": "36", "status": "0", "success": "True", "message": "Optimization terminated successfully.", "x": "[4.72656641 0.93026144 6.88492365 5.77364584 5.70153991 4.6619431 ]", "nit": "32"}, "17": {"maxiter": 1000, "gtol": 1e-05, "xrtol": 1e-05, "eps": 1e-10, "duration": 0.044085025787353516, "fun": "0.5836638181298108", "jac": "[ 2.22044587e-06  0.00000000e+00  0.00000000e+00  4.44089173e-06\n -4.44089173e-06  6.66133760e-06]", "hess_inv": "[[  7.29802262   1.23133964  -1.74556118   3.11156612  -4.31637659\n    2.29313337]\n [  1.23133964   6.93180913  -2.61751512   2.27614585  -1.83963595\n   -2.05514302]\n [ -1.74556118  -2.61751512   8.03972622  -4.02920212   1.49037791\n    3.01016494]\n [  3.11156612   2.27614585  -4.02920212   7.42031499  -2.48386656\n   -0.44788809]\n [ -4.31637659  -1.83963595   1.49037791  -2.48386656  20.21587889\n  -16.1600425 ]\n [  2.29313337  -2.05514302   3.01016494  -0.44788809 -16.1600425\n   20.47754095]]", "nfev": "252", "njev": "36", "status": "0", "success": "True", "message": "Optimization terminated successfully.", "x": "[4.72659826 0.93025483 6.88495077 5.7736577  5.70147455 4.66203387]", "nit": "32"}, "18": {"maxiter": 1000, "gtol": 1e-05, "xrtol": 1e-10, "eps": 1e-05, "duration": 0.04449605941772461, "fun": "0.5836638174823354", "jac": "[-4.73532324e-07  3.99058564e-07 -2.05457873e-06  1.97850625e-06\n -3.36761730e-06  3.53872487e-06]", "hess_inv": "[[  7.66049159   1.27512104  -1.75974588   3.81554819  -4.22314407\n    2.06573505]\n [  1.27512104   6.85131132  -2.54201358   2.26367996  -1.52201168\n   -2.62208597]\n [ -1.75974588  -2.54201358   7.78471963  -4.12892343   1.11700264\n    3.41531776]\n [  3.81554819   2.26367996  -4.12892343   7.92510331  -2.25096167\n   -0.86379219]\n [ -4.22314407  -1.52201168   1.11700264  -2.25096167  20.51116873\n  -16.68477283]\n [  2.06573505  -2.62208597   3.41531776  -0.86379219 -16.68477283\n   21.91262702]]", "nfev": "252", "njev": "36", "status": "0", "success": "True", "message": "Optimization terminated successfully.", "x": "[4.72656641 0.93026144 6.88492365 5.77364584 5.70153991 4.6619431 ]", "nit": "32"}, "19": {"maxiter": 1000, "gtol": 1e-05, "xrtol": 1e-10, "eps": 1e-10, "duration": 0.04412698745727539, "fun": "0.5836638181298108", "jac": "[ 2.22044587e-06  0.00000000e+00  0.00000000e+00  4.44089173e-06\n -4.44089173e-06  6.66133760e-06]", "hess_inv": "[[  7.29802262   1.23133964  -1.74556118   3.11156612  -4.31637659\n    2.29313337]\n [  1.23133964   6.93180913  -2.61751512   2.27614585  -1.83963595\n   -2.05514302]\n [ -1.74556118  -2.61751512   8.03972622  -4.02920212   1.49037791\n    3.01016494]\n [  3.11156612   2.27614585  -4.02920212   7.42031499  -2.48386656\n   -0.44788809]\n [ -4.31637659  -1.83963595   1.49037791  -2.48386656  20.21587889\n  -16.1600425 ]\n [  2.29313337  -2.05514302   3.01016494  -0.44788809 -16.1600425\n   20.47754095]]", "nfev": "252", "njev": "36", "status": "0", "success": "True", "message": "Optimization terminated successfully.", "x": "[4.72659826 0.93025483 6.88495077 5.7736577  5.70147455 4.66203387]", "nit": "32"}, "20": {"maxiter": 1000, "gtol": 1e-10, "xrtol": 1e-05, "eps": 1e-05, "duration": 0.04652214050292969, "fun": "0.5836638169373467", "jac": "[-2.67563749e-08  8.03801470e-09 -3.06421555e-09  8.06021916e-09\n -1.31228362e-08 -9.83657600e-09]", "hess_inv": "[[  7.74172934   1.43548421  -1.92613147   4.00311167  -5.15131444\n    2.80290521]\n [  1.43548421   6.75737991  -2.52108977   2.3191163   -1.70105341\n   -2.34540516]\n [ -1.92613147  -2.52108977   7.82771679  -4.24463884   1.61092321\n    2.9084666 ]\n [  4.00311167   2.3191163   -4.24463884   8.11613867  -3.12599948\n   -0.06555421]\n [ -5.15131444  -1.70105341   1.61092321  -3.12599948  24.45801697\n  -20.36105645]\n [  2.80290521  -2.34540516   2.9084666   -0.06555421 -20.36105645\n   25.21847983]]", "nfev": "266", "njev": "38", "status": "0", "success": "True", "message": "Optimization terminated successfully.", "x": "[4.72653036 0.93025223 6.88494336 5.77361173 5.70170206 4.66179366]", "nit": "34"}, "21": {"maxiter": 1000, "gtol": 1e-10, "xrtol": 1e-05, "eps": 1e-10, "duration": 0.04649996757507324, "fun": "0.5836638169302384", "jac": "[0.00000000e+00 0.00000000e+00 0.00000000e+00 0.00000000e+00\n 0.00000000e+00 2.22044587e-06]", "hess_inv": "[[  6.87583705   0.730393    -1.29804187   2.62562971  -4.11533686\n    2.56354467]\n [  0.730393     6.54630697  -2.28649636   1.86723983  -1.01542877\n   -2.47194584]\n [ -1.29804187  -2.28649636   7.75390033  -3.66096837   0.71967534\n    3.4336068 ]\n [  2.62562971   1.86723983  -3.66096837   6.93137769  -1.79682661\n   -0.74702444]\n [ -4.11533686  -1.01542877   0.71967534  -1.79682661  21.75883001\n  -18.36100585]\n [  2.56354467  -2.47194584   3.4336068   -0.74702444 -18.36100585\n   22.90397113]]", "nfev": "266", "njev": "38", "status": "0", "success": "True", "message": "Optimization terminated successfully.", "x": "[4.72653598 0.93025687 6.88495023 5.77361809 5.7017106  4.66179739]", "nit": "34"}, "22": {"maxiter": 1000, "gtol": 1e-10, "xrtol": 1e-10, "eps": 1e-05, "duration": 0.049005985260009766, "fun": "0.5836638169371515", "jac": "[-6.66133815e-11 -6.66133815e-11  2.22044605e-11  6.66133815e-11\n -2.22044605e-11 -4.44089210e-11]", "hess_inv": "[[  7.86515513   1.36321576  -1.81109926   3.89297848  -5.06805021\n    2.85786857]\n [  1.36321576   6.77116116  -2.57410207   2.37937131  -1.66551744\n   -2.43730626]\n [ -1.81109926  -2.57410207   7.90968042  -4.31275601   1.59982888\n    3.02024768]\n [  3.89297848   2.37937131  -4.31275601   8.15558422  -3.10457724\n   -0.17830931]\n [ -5.06805021  -1.66551744   1.59982888  -3.10457724  24.14619054\n  -20.06912241]\n [  2.85786857  -2.43730626   3.02024768  -0.17830931 -20.06912241\n   25.06626072]]", "nfev": "280", "njev": "40", "status": "0", "success": "True", "message": "Optimization terminated successfully.", "x": "[4.72653048 0.93025214 6.88494344 5.7736117  5.70170209 4.66179375]", "nit": "36"}, "23": {"maxiter": 1000, "gtol": 1e-10, "xrtol": 1e-10, "eps": 1e-10, "duration": 0.058508872985839844, "fun": "0.5836638169302384", "jac": "[0.00000000e+00 0.00000000e+00 0.00000000e+00 2.22044587e-06\n 2.22044587e-06 2.22044587e-06]", "hess_inv": "[[ 6.82480133  0.9596583  -1.66018349  2.95551906 -3.05362896  1.11682766]\n [ 0.9596583   6.49356643 -2.25407979  2.09494297 -2.00665156 -1.34982449]\n [-1.66018349 -2.25407979  7.78573248 -4.10968035  2.08861632  1.94115939]\n [ 2.95551906  2.09494297 -4.10968035  7.79017665 -2.0492645  -0.8029117 ]\n [-3.05362896 -2.00665156  2.08861632 -2.0492645  14.28035542 -9.05428398]\n [ 1.11682766 -1.34982449  1.94115939 -0.8029117  -9.05428398 11.4799292 ]]", "nfev": "336", "njev": "48", "status": "0", "success": "True", "message": "Optimization terminated successfully.", "x": "[4.72653598 0.93025687 6.88495023 5.77361809 5.7017106  4.66179739]", "nit": "35"}}, "cobyla": {"0": {"maxiter": 100, "tol": 1e-05, "catol": 1e-05, "duration": 0.016784191131591797, "x": "[4.92424689 2.90529625 3.71569165 8.47759178 6.42695498 5.09087325]", "status": "2", "success": "False", "message": "Maximum number of function evaluations has been exceeded.", "nfev": "100", "fun": "0.5411560866229468", "maxcv": "0.0"}, "1": {"maxiter": 100, "tol": 1e-05, "catol": 1e-10, "duration": 0.016726970672607422, "x": "[4.92424689 2.90529625 3.71569165 8.47759178 6.42695498 5.09087325]", "status": "2", "success": "False", "message": "Maximum number of function evaluations has been exceeded.", "nfev": "100", "fun": "0.5411560866229468", "maxcv": "0.0"}, "2": {"maxiter": 100, "tol": 1e-10, "catol": 1e-05, "duration": 0.01669001579284668, "x": "[4.92424689 2.90529625 3.71569165 8.47759178 6.42695498 5.09087325]", "status": "2", "success": "False", "message": "Maximum number of function evaluations has been exceeded.", "nfev": "100", "fun": "0.5411560866229468", "maxcv": "0.0"}, "3": {"maxiter": 100, "tol": 1e-10, "catol": 1e-10, "duration": 0.01668524742126465, "x": "[4.92424689 2.90529625 3.71569165 8.47759178 6.42695498 5.09087325]", "status": "2", "success": "False", "message": "Maximum number of function evaluations has been exceeded.", "nfev": "100", "fun": "0.5411560866229468", "maxcv": "0.0"}, "4": {"maxiter": 500, "tol": 1e-05, "catol": 1e-05, "duration": 0.027711868286132812, "x": "[4.92477085 2.90510504 3.71563875 8.47762883 6.42717514 5.09286395]", "status": "1", "success": "True", "message": "Optimization terminated successfully.", "nfev": "165", "fun": "0.5411556809061877", "maxcv": "0.0"}, "5": {"maxiter": 500, "tol": 1e-05, "catol": 1e-10, "duration": 0.027620792388916016, "x": "[4.92477085 2.90510504 3.71563875 8.47762883 6.42717514 5.09286395]", "status": "1", "success": "True", "message": "Optimization terminated successfully.", "nfev": "165", "fun": "0.5411556809061877", "maxcv": "0.0"}, "6": {"maxiter": 500, "tol": 1e-10, "ca