{"date": "2024/07/19/, 01:01:59", "conf_id": 132, "data_type": "orthogonal\n", "num_data_points": 3, "s_rank": 0, "unitary": "[[0.18663085-0.53122324j,-0.11886349-0.70040876j,0.28555095-0.02789305j,-0.12262021-0.2844587j],[-0.16702216+0.27758472j,0.27526351-0.29738586j,-0.01109314+0.22495461j,-0.77239203+0.28900673j],[0.61935415+0.12301792j,-0.31269928-0.03315917j,-0.61902762-0.19039079j,-0.27120731-0.0968989j],[0.42341754+0.0023929j,-0.05847358+0.47832119j,0.64900495-0.16218422j,-0.37182676-0.05229966j]]", "databatch_0": {"databatch": "[[[-6.23042157e-02-0.45444649j,-1.42999008e-01-0.07717377j,-1.58568852e-01+0.02745859j,-4.57344397e-02-0.18642824j],[2.19908844e-02-0.29401717j,-7.12288076e-02-0.03264118j,9.68262429e-02-0.05258174j,6.04603831e-03-0.07109551j],[4.02559799e-02-0.03495641j,2.26771202e-01+0.22679401j,-2.04651245e-01+0.21302376j,-1.26117073e-01-0.01903562j],[-2.31231589e-01+0.15370213j,-4.88885342e-02-0.31838227j,-2.99707825e-01-0.31222466j,1.11292966e-01-0.01922743j]],[[1.74515224e-01-0.21038268j,-3.24497159e-01-0.16952425j,6.68869902e-02+0.04092037j,7.78797617e-02-0.1242004j],[-5.18018442e-01+0.42320988j,1.16499881e-01+0.07889329j,2.22897021e-01+0.15739905j,-1.57034836e-01+0.25172178j],[-1.68264800e-01+0.04579228j,4.57572123e-02+0.06765822j,1.53675273e-01-0.02091775j,-4.92885879e-02+0.07669734j],[-2.11235418e-01-0.02535318j,9.34842255e-02+0.05132247j,-4.98405164e-03+0.01354214j,-8.04206799e-02+0.03347995j]],[[2.42128379e-02+0.14919792j,-2.44880170e-01-0.19133906j,-2.00261935e-01+0.13609678j,4.10488979e-02-0.06217891j],[9.74080748e-02+0.21405055j,4.51321172e-02+0.32974322j,-1.30132185e-01-0.35777533j,5.43193535e-02-0.00725739j],[-2.03183497e-01-0.00091395j,5.54887090e-03+0.25774561j,-3.86865377e-05+0.04078215j,-1.29115592e-01+0.00698073j],[4.27001186e-01-0.27652494j,-1.66320335e-01-0.04171332j,-1.83274255e-02-0.19027396j,1.56167732e-01-0.16470101j]]]", "initial param values": "[2.78601349,2.12431434,2.37405917,0.06398423,5.49493433,2.10693215]", "nelder_mead": {"type": "gradient-free", "0": {"maxiter": 100, "fatol": 1e-05, "xatol": 1e-05, "duration": 0.026117801666259766, "fun": "0.5703268664868226", "nit": "100", "nfev": "155", "status": "2", "success": "False", "message": "Maximum number of iterations has been exceeded.", "x": "[1.83366538 2.26964375 4.44840613 0.03813503 7.08919788 2.11655155]", "final_simplex": "(array([[1.83366538, 2.26964375, 4.44840613, 0.03813503, 7.08919788,\n        2.11655155],\n       [1.85066009, 2.27954554, 4.4244949 , 0.03754369, 7.05550413,\n        2.14091407],\n       [1.77022395, 2.26487412, 4.39087838, 0.03862155, 7.08892806,\n        2.14971814],\n       [1.80796435, 2.30046966, 4.41757604, 0.03879542, 6.98055491,\n        2.13680816],\n       [1.75643514, 2.23050197, 4.44088457, 0.03956544, 6.97714254,\n        2.19643073],\n       [1.76854831, 2.34413692, 4.48807615, 0.03636109, 7.10683351,\n        2.08275205],\n       [1.75439706, 2.2931806 , 4.42059459, 0.03708474, 7.1643431 ,\n        2.14999119]]), array([0.57032687, 0.57036251, 0.57055853, 0.57078797, 0.57079113,\n       0.5707966 , 0.57103053]))"}, "1": {"maxiter": 100, "fatol": 1e-05, "xatol": 1e-10, "duration": 0.02593088150024414, "fun": "0.5703268664868226", "nit": "100", "nfev": "155", "status": "2", "success": "False", "message": "Maximum number of iterations has been exceeded.", "x": "[1.83366538 2.26964375 4.44840613 0.03813503 7.08919788 2.11655155]", "final_simplex": "(array([[1.83366538, 2.26964375, 4.44840613, 0.03813503, 7.08919788,\n        2.11655155],\n       [1.85066009, 2.27954554, 4.4244949 , 0.03754369, 7.05550413,\n        2.14091407],\n       [1.77022395, 2.26487412, 4.39087838, 0.03862155, 7.08892806,\n        2.14971814],\n       [1.80796435, 2.30046966, 4.41757604, 0.03879542, 6.98055491,\n        2.13680816],\n       [1.75643514, 2.23050197, 4.44088457, 0.03956544, 6.97714254,\n        2.19643073],\n       [1.76854831, 2.34413692, 4.48807615, 0.03636109, 7.10683351,\n        2.08275205],\n       [1.75439706, 2.2931806 , 4.42059459, 0.03708474, 7.1643431 ,\n        2.14999119]]), array([0.57032687, 0.57036251, 0.57055853, 0.57078797, 0.57079113,\n       0.5707966 , 0.57103053]))"}, "2": {"maxiter": 100, "fatol": 1e-10, "xatol": 1e-05, "duration": 0.026018857955932617, "fun": "0.5703268664868226", "nit": "100", "nfev": "155", "status": "2", "success": "False", "message": "Maximum number of iterations has been exceeded.", "x": "[1.83366538 2.26964375 4.44840613 0.03813503 7.08919788 2.11655155]", "final_simplex": "(array([[1.83366538, 2.26964375, 4.44840613, 0.03813503, 7.08919788,\n        2.11655155],\n       [1.85066009, 2.27954554, 4.4244949 , 0.03754369, 7.05550413,\n        2.14091407],\n       [1.77022395, 2.26487412, 4.39087838, 0.03862155, 7.08892806,\n        2.14971814],\n       [1.80796435, 2.30046966, 4.41757604, 0.03879542, 6.98055491,\n        2.13680816],\n       [1.75643514, 2.23050197, 4.44088457, 0.03956544, 6.97714254,\n        2.19643073],\n       [1.76854831, 2.34413692, 4.48807615, 0.03636109, 7.10683351,\n        2.08275205],\n       [1.75439706, 2.2931806 , 4.42059459, 0.03708474, 7.1643431 ,\n        2.14999119]]), array([0.57032687, 0.57036251, 0.57055853, 0.57078797, 0.57079113,\n       0.5707966 , 0.57103053]))"}, "3": {"maxiter": 100, "fatol": 1e-10, "xatol": 1e-10, "duration": 0.025934934616088867, "fun": "0.5703268664868226", "nit": "100", "nfev": "155", "status": "2", "success": "False", "message": "Maximum number of iterations has been exceeded.", "x": "[1.83366538 2.26964375 4.44840613 0.03813503 7.08919788 2.11655155]", "final_simplex": "(array([[1.83366538, 2.26964375, 4.44840613, 0.03813503, 7.08919788,\n        2.11655155],\n       [1.85066009, 2.27954554, 4.4244949 , 0.03754369, 7.05550413,\n        2.14091407],\n       [1.77022395, 2.26487412, 4.39087838, 0.03862155, 7.08892806,\n        2.14971814],\n       [1.80796435, 2.30046966, 4.41757604, 0.03879542, 6.98055491,\n        2.13680816],\n       [1.75643514, 2.23050197, 4.44088457, 0.03956544, 6.97714254,\n        2.19643073],\n       [1.76854831, 2.34413692, 4.48807615, 0.03636109, 7.10683351,\n        2.08275205],\n       [1.75439706, 2.2931806 , 4.42059459, 0.03708474, 7.1643431 ,\n        2.14999119]]), array([0.57032687, 0.57036251, 0.57055853, 0.57078797, 0.57079113,\n       0.5707966 , 0.57103053]))"}, "4": {"maxiter": 500, "fatol": 1e-05, "xatol": 1e-05, "duration": 0.12975215911865234, "fun": "0.26264892148138586", "nit": "500", "nfev": "776", "status": "2", "success": "False", "message": "Maximum number of iterations has been exceeded.", "x": "[1.61963846 1.14897077 3.5633601  2.1698546  6.89418122 2.50693908]", "final_simplex": "(array([[1.61963846, 1.14897077, 3.5633601 , 2.1698546 , 6.89418122,\n        2.50693908],\n       [1.61969055, 1.14902084, 3.56334946, 2.1698553 , 6.89425792,\n        2.5069609 ],\n       [1.61965565, 1.14899253, 3.56336441, 2.16986083, 6.89420065,\n        2.5070115 ],\n       [1.6197049 , 1.14895545, 3.56333535, 2.16989161, 6.89417379,\n        2.50693442],\n       [1.61963201, 1.14896211, 3.56327105, 2.16991806, 6.89421129,\n        2.5069725 ],\n       [1.61965481, 1.14899607, 3.56327611, 2.16982329, 6.8941553 ,\n        2.50691461],\n       [1.61965782, 1.14901853, 3.56338437, 2.16987494, 6.89414696,\n        2.50696135]]), array([0.26264892, 0.26264892, 0.26264892, 0.26264892, 0.26264892,\n       0.26264892, 0.26264892]))"}, "5": {"maxiter": 500, "fatol": 1e-05, "xatol": 1e-10, "duration": 0.13010692596435547, "fun": "0.26264892148138586", "nit": "500", "nfev": "776", "status": "2", "success": "False", "message": "Maximum number of iterations has been exceeded.", "x": "[1.61963846 1.14897077 3.5633601  2.1698546  6.89418122 2.50693908]", "final_simplex": "(array([[1.61963846, 1.14897077, 3.5633601 , 2.1698546 , 6.89418122,\n        2.50693908],\n       [1.61969055, 1.14902084, 3.56334946, 2.1698553 , 6.89425792,\n        2.5069609 ],\n       [1.61965565, 1.14899253, 3.56336441, 2.16986083, 6.89420065,\n        2.5070115 ],\n       [1.6197049 , 1.14895545, 3.56333535, 2.16989161, 6.89417379,\n        2.50693442],\n       [1.61963201, 1.14896211, 3.56327105, 2.16991806, 6.89421129,\n        2.5069725 ],\n       [1.61965481, 1.14899607, 3.56327611, 2.16982329, 6.8941553 ,\n        2.50691461],\n       [1.61965782, 1.14901853, 3.56338437, 2.16987494, 6.89414696,\n        2.50696135]]), array([0.26264892, 0.26264892, 0.26264892, 0.26264892, 0.26264892,\n       0.26264892, 0.26264892]))"}, "6": {"maxiter": 500, "fatol": 1e-10, "xatol": 1e-05, "duration": 0.13049793243408203, "fun": "0.26264892148138586", "nit": "500", "nfev": "776", "status": "2", "success": "False", "message": "Maximum number of iterations has been exceeded.", "x": "[1.61963846 1.14897077 3.5633601  2.1698546  6.89418122 2.50693908]", "final_simplex": "(array([[1.61963846, 1.14897077, 3.5633601 , 2.1698546 , 6.89418122,\n        2.50693908],\n       [1.61969055, 1.14902084, 3.56334946, 2.1698553 , 6.89425792,\n        2.5069609 ],\n       [1.61965565, 1.14899253, 3.56336441, 2.16986083, 6.89420065,\n        2.5070115 ],\n       [1.6197049 , 1.14895545, 3.56333535, 2.16989161, 6.89417379,\n        2.50693442],\n       [1.61963201, 1.14896211, 3.56327105, 2.16991806, 6.89421129,\n        2.5069725 ],\n       [1.61965481, 1.14899607, 3.56327611, 2.16982329, 6.8941553 ,\n        2.50691461],\n       [1.61965782, 1.14901853, 3.56338437, 2.16987494, 6.89414696,\n        2.50696135]]), array([0.26264892, 0.26264892, 0.26264892, 0.26264892, 0.26264892,\n       0.26264892, 0.26264892]))"}, "7": {"maxiter": 500, "fatol": 1e-10, "xatol": 1e-10, "duration": 0.13097095489501953, "fun": "0.26264892148138586", "nit": "500", "nfev": "776", "status": "2", "success": "False", "message": "Maximum number of iterations has been exceeded.", "x": "[1.61963846 1.14897077 3.5633601  2.1698546  6.89418122 2.50693908]", "final_simplex": "(array([[1.61963846, 1.14897077, 3.5633601 , 2.1698546 , 6.89418122,\n        2.50693908],\n       [1.61969055, 1.14902084, 3.56334946, 2.1698553 , 6.89425792,\n        2.5069609 ],\n       [1.61965565, 1.14899253, 3.56336441, 2.16986083, 6.89420065,\n        2.5070115 ],\n       [1.6197049 , 1.14895545, 3.56333535, 2.16989161, 6.89417379,\n        2.50693442],\n       [1.61963201, 1.14896211, 3.56327105, 2.16991806, 6.89421129,\n        2.5069725 ],\n       [1.61965481, 1.14899607, 3.56327611, 2.16982329, 6.8941553 ,\n        2.50691461],\n       [1.61965782, 1.14901853, 3.56338437, 2.16987494, 6.89414696,\n        2.50696135]]), array([0.26264892, 0.26264892, 0.26264892, 0.26264892, 0.26264892,\n       0.26264892, 0.26264892]))"}, "8": {"maxiter": 1000, "fatol": 1e-05, "xatol": 1e-05, "duration": 0.13943004608154297, "fun": "0.26264892099359616", "nit": "534", "nfev": "830", "status": "0", "success": "True", "message": "Optimization terminated successfully.", "x": "[1.61965106 1.14896418 3.563398   2.16982629 6.89424028 2.50695644]", "final_simplex": "(array([[1.61965106, 1.14896418, 3.563398  , 2.16982629, 6.89424028,\n        2.50695644],\n       [1.61964936, 1.14896325, 3.56338842, 2.16983563, 6.89423737,\n        2.50695845],\n       [1.61964347, 1.14896105, 3.56339806, 2.16982363, 6.89423099,\n        2.50695338],\n       [1.61964397, 1.14896613, 3.56339048, 2.16982515, 6.8942394 ,\n        2.50695561],\n       [1.6196472 , 1.14896775, 3.56339897, 2.16982658, 6.89423192,\n        2.50695557],\n       [1.61965248, 1.14896405, 3.56339119, 2.16981737, 6.89423058,\n        2.50695547],\n       [1.61964366, 1.14896323, 3.56339498, 2.16982368, 6.89423817,\n        2.50696403]]), array([0.26264892, 0.26264892, 0.26264892, 0.26264892, 0.26264892,\n       0.26264892, 0.26264892]))"}, "9": {"maxiter": 1000, "fatol": 1e-05, "xatol": 1e-10, "duration": 0.17526721954345703, "fun": "0.26264892098133164", "nit": "625", "nfev": "1044", "status": "0", "success": "True", "message": "Optimization terminated successfully.", "x": "[1.61964863 1.14896156 3.5633907  2.16982803 6.89423301 2.50695111]", "final_simplex": "(array([[1.61964863, 1.14896156, 3.5633907 , 2.16982803, 6.89423301,\n        2.50695111],\n       [1.61964863, 1.14896156, 3.5633907 , 2.16982803, 6.89423301,\n        2.50695111],\n       [1.61964863, 1.14896156, 3.5633907 , 2.16982803, 6.89423301,\n        2.50695111],\n       [1.61964863, 1.14896156, 3.5633907 , 2.16982803, 6.89423301,\n        2.50695111],\n       [1.61964863, 1.14896156, 3.5633907 , 2.16982803, 6.89423301,\n        2.50695111],\n       [1.61964863, 1.14896156, 3.5633907 , 2.16982803, 6.89423301,\n        2.50695111],\n       [1.61964863, 1.14896156, 3.5633907 , 2.16982803, 6.89423301,\n        2.50695111]]), array([0.26264892, 0.26264892, 0.26264892, 0.26264892, 0.26264892,\n       0.26264892, 0.26264892]))"}, "10": {"maxiter": 1000, "fatol": 1e-10, "xatol": 1e-05, "duration": 0.13942193984985352, "fun": "0.26264892099359616", "nit": "534", "nfev": "830", "status": "0", "success": "True", "message": "Optimization terminated successfully.", "x": "[1.61965106 1.14896418 3.563398   2.16982629 6.89424028 2.50695644]", "final_simplex": "(array([[1.61965106, 1.14896418, 3.563398  , 2.16982629, 6.89424028,\n        2.50695644],\n       [1.61964936, 1.14896325, 3.56338842, 2.16983563, 6.89423737,\n        2.50695845],\n       [1.61964347, 1.14896105, 3.56339806, 2.16982363, 6.89423099,\n        2.50695338],\n       [1.61964397, 1.14896613, 3.56339048, 2.16982515, 6.8942394 ,\n        2.50695561],\n       [1.6196472 , 1.14896775, 3.56339897, 2.16982658, 6.89423192,\n        2.50695557],\n       [1.61965248, 1.14896405, 3.56339119, 2.16981737, 6.89423058,\n        2.50695547],\n       [1.61964366, 1.14896323, 3.56339498, 2.16982368, 6.89423817,\n        2.50696403]]), array([0.26264892, 0.26264892, 0.26264892, 0.26264892, 0.26264892,\n       0.26264892, 0.26264892]))"}, "11": {"maxiter": 1000, "fatol": 1e-10, "xatol": 1e-10, "duration": 0.17494821548461914, "fun": "0.26264892098133164", "nit": "625", "nfev": "1044", "status": "0", "success": "True", "message": "Optimization terminated successfully.", "x": "[1.61964863 1.14896156 3.5633907  2.16982803 6.89423301 2.50695111]", "final_simplex": "(array([[1.61964863, 1.14896156, 3.5633907 , 2.16982803, 6.89423301,\n        2.50695111],\n       [1.61964863, 1.14896156, 3.5633907 , 2.16982803, 6.89423301,\n        2.50695111],\n       [1.61964863, 1.14896156, 3.5633907 , 2.16982803, 6.89423301,\n        2.50695111],\n       [1.61964863, 1.14896156, 3.5633907 , 2.16982803, 6.89423301,\n        2.50695111],\n       [1.61964863, 1.14896156, 3.5633907 , 2.16982803, 6.89423301,\n        2.50695111],\n       [1.61964863, 1.14896156, 3.5633907 , 2.16982803, 6.89423301,\n        2.50695111],\n       [1.61964863, 1.14896156, 3.5633907 , 2.16982803, 6.89423301,\n        2.50695111]]), array([0.26264892, 0.26264892, 0.26264892, 0.26264892, 0.26264892,\n       0.26264892, 0.26264892]))"}}, "bfgs": {"type": "gradient", "0": {"maxiter": 100, "gtol": 1e-05, "xrtol": 1e-05, "eps": 1e-05, "duration": 0.031427860260009766, "fun": "0.2626489210248968", "jac": "[ 6.78979095e-07 -1.90624183e-06  9.82325332e-08  6.75992595e-07\n -4.19630997e-07  1.16852084e-06]", "hess_inv": "[[ 2.88697085  0.31180106  0.07289222 -0.74303765  0.60513339  0.13609334]\n [ 0.31180106  2.64162247  0.31467861 -0.84721425  0.03512085  0.23062889]\n [ 0.07289222  0.31467861  4.19623395 -1.3457127   0.64616505  0.20996443]\n [-0.74303765 -0.84721425 -1.3457127   3.98193686 -0.02458466  0.26638792]\n [ 0.60513339  0.03512085  0.64616505 -0.02458466  4.33341304  2.58759302]\n [ 0.13609334  0.23062889  0.20996443  0.26638792  2.58759302  4.26960487]]", "nfev": "182", "njev": "26", "status": "0", "success": "True", "message": "Optimization terminated successfully.", "x": "[1.61964342 1.14895028 3.56338406 2.16983051 6.89422004 2.5069413 ]", "nit": "23"}, "1": {"maxiter": 100, "gtol": 1e-05, "xrtol": 1e-05, "eps": 1e-10, "duration": 0.03129887580871582, "fun": "0.2626489210034638", "jac": "[ 0.00000000e+00 -1.11022293e-06 -1.11022293e-06 -2.22044587e-06\n -2.22044587e-06  3.33066880e-06]", "hess_inv": "[[ 2.82715114  0.28457617  0.1062458  -0.69384932  0.58265316  0.07233922]\n [ 0.28457617  2.54664082  0.28934512 -0.78679045  0.07790816  0.27889385]\n [ 0.1062458   0.28934512  4.46909909 -1.28652868  0.80291493  0.26649971]\n [-0.69384932 -0.78679045 -1.28652868  3.77286397  0.03808159  0.33099388]\n [ 0.58265316  0.07790816  0.80291493  0.03808159  4.33971252  2.50959293]\n [ 0.07233922  0.27889385  0.26649971  0.33099388  2.50959293  4.1436578 ]]", "nfev": "182", "njev": "26", "status": "0", "success": "True", "message": "Optimization terminated successfully.", "x": "[1.61964855 1.14895709 3.56338481 2.16982399 6.89422846 2.50695372]", "nit": "23"}, "2": {"maxiter": 100, "gtol": 1e-05, "xrtol": 1e-10, "eps": 1e-05, "duration": 0.03126406669616699, "fun": "0.2626489210248968", "jac": "[ 6.78979095e-07 -1.90624183e-06  9.82325332e-08  6.75992595e-07\n -4.19630997e-07  1.16852084e-06]", "hess_inv": "[[ 2.88697085  0.31180106  0.07289222 -0.74303765  0.60513339  0.13609334]\n [ 0.31180106  2.64162247  0.31467861 -0.84721425  0.03512085  0.23062889]\n [ 0.07289222  0.31467861  4.19623395 -1.3457127   0.64616505  0.20996443]\n [-0.74303765 -0.84721425 -1.3457127   3.98193686 -0.02458466  0.26638792]\n [ 0.60513339  0.03512085  0.64616505 -0.02458466  4.33341304  2.58759302]\n [ 0.13609334  0.23062889  0.20996443  0.26638792  2.58759302  4.26960487]]", "nfev": "182", "njev": "26", "status": "0", "success": "True", "message": "Optimization terminated successfully.", "x": "[1.61964342 1.14895028 3.56338406 2.16983051 6.89422004 2.5069413 ]", "nit": "23"}, "3": {"maxiter": 100, "gtol": 1e-05, "xrtol": 1e-10, "eps": 1e-10, "duration": 0.031213045120239258, "fun": "0.2626489210034638", "jac": "[ 0.00000000e+00 -1.11022293e-06 -1.11022293e-06 -2.22044587e-06\n -2.22044587e-06  3.33066880e-06]", "hess_inv": "[[ 2.82715114  0.28457617  0.1062458  -0.69384932  0.58265316  0.07233922]\n [ 0.28457617  2.54664082  0.28934512 -0.78679045  0.07790816  0.27889385]\n [ 0.1062458   0.28934512  4.46909909 -1.28652868  0.80291493  0.26649971]\n [-0.69384932 -0.78679045 -1.28652868  3.77286397  0.03808159  0.33099388]\n [ 0.58265316  0.07790816  0.80291493  0.03808159  4.33971252  2.50959293]\n [ 0.07233922  0.27889385  0.26649971  0.33099388  2.50959293  4.1436578 ]]", "nfev": "182", "njev": "26", "status": "0", "success": "True", "message": "Optimization terminated successfully.", "x": "[1.61964855 1.14895709 3.56338481 2.16982399 6.89422846 2.50695372]", "nit": "23"}, "4": {"maxiter": 100, "gtol": 1e-10, "xrtol": 1e-05, "eps": 1e-05, "duration": 0.03123927116394043, "fun": "0.2626489210248968", "jac": "[ 6.78979095e-07 -1.90624183e-06  9.82325332e-08  6.75992595e-07\n -4.19630997e-07  1.16852084e-06]", "hess_inv": "[[ 2.88697085  0.31180106  0.07289222 -0.74303765  0.60513339  0.13609334]\n [ 0.31180106  2.64162247  0.31467861 -0.84721425  0.03512085  0.23062889]\n [ 0.07289222  0.31467861  4.19623395 -1.3457127   0.64616505  0.20996443]\n [-0.74303765 -0.84721425 -1.3457127   3.98193686 -0.02458466  0.26638792]\n [ 0.60513339  0.03512085  0.64616505 -0.02458466  4.33341304  2.58759302]\n [ 0.13609334  0.23062889  0.20996443  0.26638792  2.58759302  4.26960487]]", "nfev": "182", "njev": "26", "status": "0", "success": "True", "message": "Optimization terminated successfully.", "x": "[1.61964342 1.14895028 3.56338406 2.16983051 6.89422004 2.5069413 ]", "nit": "23"}, "5": {"maxiter": 100, "gtol": 1e-10, "xrtol": 1e-05, "eps": 1e-10, "duration": 0.03124213218688965, "fun": "0.2626489210034638", "jac": "[ 0.00000000e+00 -1.11022293e-06 -1.11022293e-06 -2.22044587e-06\n -2.22044587e-06  3.33066880e-06]", "hess_inv": "[[ 2.82715114  0.28457617  0.1062458  -0.69384932  0.58265316  0.07233922]\n [ 0.28457617  2.54664082  0.28934512 -0.78679045  0.07790816  0.27889385]\n [ 0.1062458   0.28934512  4.46909909 -1.28652868  0.80291493  0.26649971]\n [-0.69384932 -0.78679045 -1.28652868  3.77286397  0.03808159  0.33099388]\n [ 0.58265316  0.07790816  0.80291493  0.03808159  4.33971252  2.50959293]\n [ 0.07233922  0.27889385  0.26649971  0.33099388  2.50959293  4.1436578 ]]", "nfev": "182", "njev": "26", "status": "0", "success": "True", "message": "Optimization terminated successfully.", "x": "[1.61964855 1.14895709 3.56338481 2.16982399 6.89422846 2.50695372]", "nit": "23"}, "6": {"maxiter": 100, "gtol": 1e-10, "xrtol": 1e-10, "eps": 1e-05, "duration": 0.03611922264099121, "fun": "0.2626489210223163", "jac": "[ 0.00000000e+00  0.00000000e+00  0.00000000e+00  0.00000000e+00\n -1.11022302e-11  0.00000000e+00]", "hess_inv": "[[ 2.90054255  0.25248224  0.07313145 -0.70926082  0.62283866  0.16825615]\n [ 0.25248224  3.01040306  0.3732199  -1.12642972 -0.09915149 -0.05932619]\n [ 0.07313145  0.3732199   4.22361925 -1.41850244  0.60160682  0.10968949]\n [-0.70926082 -1.12642972 -1.41850244  4.22150525  0.07890294  0.51296137]\n [ 0.62283866 -0.09915149  0.60160682  0.07890294  4.33952691  2.64091005]\n [ 0.16825615 -0.05932619  0.10968949  0.51296137  2.64091005  4.45523077]]", "nfev": "210", "njev": "30", "status": "0", "success": "True", "message": "Optimization terminated successfully.", "x": "[1.61964246 1.14895671 3.56338541 2.16982549 6.89421803 2.50693656]", "nit": "27"}, "7": {"maxiter": 100, "gtol": 1e-10, "xrtol": 1e-10, "eps": 1e-10, "duration": 0.04679107666015625, "fun": "0.26264892098518144", "jac": "[-1.11022293e-06 -1.11022293e-06 -1.11022293e-06  0.00000000e+00\n -1.11022293e-06 -4.44089173e-06]", "hess_inv": "[[ 2.97838874 -0.5545068  -0.21408843 -1.42541303 -0.72394072 -1.09702181]\n [-0.5545068   3.71432988  0.24806716  0.2074512   0.49144597  0.17486999]\n [-0.21408843  0.24806716  1.93928524 -0.36008992 -0.95886563 -0.04089457]\n [-1.42541303  0.2074512  -0.36008992  3.53121881  0.73203168  0.60588788]\n [-0.72394072  0.49144597 -0.95886563  0.73203168  1.94488709  0.34266354]\n [-1.09702181  0.17486999 -0.04089457  0.60588788  0.34266354  0.68658469]]", "nfev": "266", "njev": "38", "status": "0", "success": "True", "message": "Optimization terminated successfully.", "x": "[1.61964728 1.14896114 3.56338961 2.1698288  6.89423244 2.50694642]", "nit": "27"}, "8": {"maxiter": 500, "gtol": 1e-05, "xrtol": 1e-05, "eps": 1e-05, "duration": 0.03193306922912598, "fun": "0.2626489210248968", "jac": "[ 6.78979095e-07 -1.90624183e-06  9.82325332e-08  6.75992595e-07\n -4.19630997e-07  1.16852084e-06]", "hess_inv": "[[ 2.88697085  0.31180106  0.07289222 -0.74303765  0.60513339  0.13609334]\n [ 0.31180106  2.64162247  0.31467861 -0.84721425  0.03512085  0.23062889]\n [ 0.07289222  0.31467861  4.19623395 -1.3457127   0.64616505  0.20996443]\n [-0.74303765 -0.84721425 -1.3457127   3.98193686 -0.02458466  0.26638792]\n [ 0.60513339  0.03512085  0.64616505 -0.02458466  4.33341304  2.58759302]\n [ 0.13609334  0.23062889  0.20996443  0.26638792  2.58759302  4.26960487]]", "nfev": "182", "njev": "26", "status": "0", "success": "True", "message": "Optimization terminated successfully.", "x": "[1.61964342 1.14895028 3.56338406 2.16983051 6.89422004 2.5069413 ]", "nit": "23"}, "9": {"maxiter": 500, "gtol": 1e-05, "xrtol": 1e-05, "eps": 1e-10, "duration": 0.03185009956359863, "fun": "0.2626489210034638", "jac": "[ 0.00000000e+00 -1.11022293e-06 -1.11022293e-06 -2.22044587e-06\n -2.22044587e-06  3.33066880e-06]", "hess_inv": "[[ 2.82715114  0.28457617  0.1062458  -0.69384932  0.58265316  0.07233922]\n [ 0.28457617  2.54664082  0.28934512 -0.78679045  0.07790816  0.27889385]\n [ 0.1062458   0.28934512  4.46909909 -1.28652868  0.80291493  0.26649971]\n [-0.69384932 -0.78679045 -1.28652868  3.77286397  0.03808159  0.33099388]\n [ 0.58265316  0.07790816  0.80291493  0.03808159  4.33971252  2.50959293]\n [ 0.07233922  0.27889385  0.26649971  0.33099388  2.50959293  4.1436578 ]]", "nfev": "182", "njev": "26", "status": "0", "success": "True", "message": "Optimization terminated successfully.", "x": "[1.61964855 1.14895709 3.56338481 2.16982399 6.89422846 2.50695372]", "nit": "23"}, "10": {"maxiter": 500, "gtol": 1e-05, "xrtol": 1e-10, "eps": 1e-05, "duration": 0.031787872314453125, "fun": "0.2626489210248968", "jac": "[ 6.78979095e-07 -1.90624183e-06  9.82325332e-08  6.75992595e-07\n -4.19630997e-07  1.16852084e-06]", "hess_inv": "[[ 2.88697085  0.31180106  0.07289222 -0.74303765  0.60513339  0.13609334]\n [ 0.31180106  2.64162247  0.31467861 -0.84721425  0.03512085  0.23062889]\n [ 0.07289222  0.31467861  4.19623395 -1.3457127   0.64616505  0.20996443]\n [-0.74303765 -0.84721425 -1.3457127   3.98193686 -0.02458466  0.26638792]\n [ 0.60513339  0.03512085  0.64616505 -0.02458466  4.33341304  2.58759302]\n [ 0.13609334  0.23062889  0.20996443  0.26638792  2.58759302  4.26960487]]", "nfev": "182", "njev": "26", "status": "0", "success": "True", "message": "Optimization terminated successfully.", "x": "[1.61964342 1.14895028 3.56338406 2.16983051 6.89422004 2.5069413 ]", "nit": "23"}, "11": {"maxiter": 500, "gtol": 1e-05, "xrtol": 1e-10, "eps": 1e-10, "duration": 0.03139305114746094, "fun": "0.2626489210034638", "jac": "[ 0.00000000e+00 -1.11022293e-06 -1.11022293e-06 -2.22044587e-06\n -2.22044587e-06  3.33066880e-06]", "hess_inv": "[[ 2.82715114  0.28457617  0.1062458  -0.69384932  0.58265316  0.07233922]\n [ 0.28457617  2.54664082  0.28934512 -0.78679045  0.07790816  0.27889385]\n [ 0.1062458   0.28934512  4.46909909 -1.28652868  0.80291493  0.26649971]\n [-0.69384932 -0.78679045 -1.28652868  3.77286397  0.03808159  0.33099388]\n [ 0.58265316  0.07790816  0.80291493  0.03808159  4.33971252  2.50959293]\n [ 0.07233922  0.27889385  0.26649971  0.33099388  2.50959293  4.1436578 ]]", "nfev": "182", "njev": "26", "status": "0", "success": "True", "message": "Optimization terminated successfully.", "x": "[1.61964855 1.14895709 3.56338481 2.16982399 6.89422846 2.50695372]", "nit": "23"}, "12": {"maxiter": 500, "gtol": 1e-10, "xrtol": 1e-05, "eps": 1e-05, "duration": 0.031369924545288086, "fun": "0.2626489210248968", "jac": "[ 6.78979095e-07 -1.90624183e-06  9.82325332e-08  6.75992595e-07\n -4.19630997e-07  1.16852084e-06]", "hess_inv": "[[ 2.88697085  0.31180106  0.07289222 -0.74303765  0.60513339  0.13609334]\n [ 0.31180106  2.64162247  0.31467861 -0.84721425  0.03512085  0.23062889]\n [ 0.07289222  0.31467861  4.19623395 -1.3457127   0.64616505  0.20996443]\n [-0.74303765 -0.84721425 -1.3457127   3.98193686 -0.02458466  0.26638792]\n [ 0.60513339  0.03512085  0.64616505 -0.02458466  4.33341304  2.58759302]\n [ 0.13609334  0.23062889  0.20996443  0.26638792  2.58759302  4.26960487]]", "nfev": "182", "njev": "26", "status": "0", "success": "True", "message": "Optimization terminated successfully.", "x": "[1.61964342 1.14895028 3.56338406 2.16983051 6.89422004 2.5069413 ]", "nit": "23"}, "13": {"maxiter": 500, "gtol": 1e-10, "xrtol": 1e-05, "eps": 1e-10, "duration": 0.03145408630371094, "fun": "0.2626489210034638", "jac": "[ 0.00000000e+00 -1.11022293e-06 -1.11022293e-06 -2.22044587e-06\n -2.22044587e-06  3.33066880e-06]", "hess_inv": "[[ 2.82715114  0.28457617  0.1062458  -0.69384932  0.58265316  0.07233922]\n [ 0.28457617  2.54664082  0.28934512 -0.78679045  0.07790816  0.27889385]\n [ 0.1062458   0.28934512  4.46909909 -1.28652868  0.80291493  0.26649971]\n [-0.69384932 -0.78679045 -1.28652868  3.77286397  0.03808159  0.33099388]\n [ 0.58265316  0.07790816  0.80291493  0.03808159  4.33971252  2.50959293]\n [ 0.07233922  0.27889385  0.26649971  0.33099388  2.50959293  4.1436578 ]]", "nfev": "182", "njev": "26", "status": "0", "success": "True", "message": "Optimization terminated successfully.", "x": "[1.61964855 1.14895709 3.56338481 2.16982399 6.89422846 2.50695372]", "nit": "23"}, "14": {"maxiter": 500, "gtol": 1e-10, "xrtol": 1e-10, "eps": 1e-05, "duration": 0.036260128021240234, "fun": "0.2626489210223163", "jac": "[ 0.00000000e+00  0.00000000e+00  0.00000000e+00  0.00000000e+00\n -1.11022302e-11  0.00000000e+00]", "hess_inv": "[[ 2.90054255  0.25248224  0.07313145 -0.70926082  0.62283866  0.16825615]\n [ 0.25248224  3.01040306  0.3732199  -1.12642972 -0.09915149 -0.05932619]\n [ 0.07313145  0.3732199   4.22361925 -1.41850244  0.60160682  0.10968949]\n [-0.70926082 -1.12642972 -1.41850244  4.22150525  0.07890294  0.51296137]\n [ 0.62283866 -0.09915149  0.60160682  0.07890294  4.33952691  2.64091005]\n [ 0.16825615 -0.05932619  0.10968949  0.51296137  2.64091005  4.45523077]]", "nfev": "210", "njev": "30", "status": "0", "success": "True", "message": "Optimization terminated successfully.", "x": "[1.61964246 1.14895671 3.56338541 2.16982549 6.89421803 2.50693656]", "nit": "27"}, "15": {"maxiter": 500, "gtol": 1e-10, "xrtol": 1e-10, "eps": 1e-10, "duration": 0.045835018157958984, "fun": "0.26264892098518144", "jac": "[-1.11022293e-06 -1.11022293e-06 -1.11022293e-06  0.00000000e+00\n -1.11022293e-06 -4.44089173e-06]", "hess_inv": "[[ 2.97838874 -0.5545068  -0.21408843 -1.42541303 -0.72394072 -1.09702181]\n [-0.5545068   3.71432988  0.24806716  0.2074512   0.49144597  0.17486999]\n [-0.21408843  0.24806716  1.93928524 -0.36008992 -0.95886563 -0.04089457]\n [-1.42541303  0.2074512  -0.36008992  3.53121881  0.73203168  0.60588788]\n [-0.72394072  0.49144597 -0.95886563  0.73203168  1.94488709  0.34266354]\n [-1.09702181  0.17486999 -0.04089457  0.60588788  0.34266354  0.68658469]]", "nfev": "266", "njev": "38", "status": "0", "success": "True", "message": "Optimization terminated successfully.", "x": "[1.61964728 1.14896114 3.56338961 2.1698288  6.89423244 2.50694642]", "nit": "27"}, "16": {"maxiter": 1000, "gtol": 1e-05, "xrtol": 1e-05, "eps": 1e-05, "duration": 0.03131580352783203, "fun": "0.2626489210248968", "jac": "[ 6.78979095e-07 -1.90624183e-06  9.82325332e-08  6.75992595e-07\n -4.19630997e-07  1.16852084e-06]", "hess_inv": "[[ 2.88697085  0.31180106  0.07289222 -0.74303765  0.60513339  0.13609334]\n [ 0.31180106  2.64162247  0.31467861 -0.84721425  0.03512085  0.23062889]\n [ 0.07289222  0.31467861  4.19623395 -1.3457127   0.64616505  0.20996443]\n [-0.74303765 -0.84721425 -1.3457127   3.98193686 -0.02458466  0.26638792]\n [ 0.60513339  0.03512085  0.64616505 -0.02458466  4.33341304  2.58759302]\n [ 0.13609334  0.23062889  0.20996443  0.26638792  2.58759302  4.26960487]]", "nfev": "182", "njev": "26", "status": "0", "success": "True", "message": "Optimization terminated successfully.", "x": "[1.61964342 1.14895028 3.56338406 2.16983051 6.89422004 2.5069413 ]", "nit": "23"}, "17": {"maxiter": 1000, "gtol": 1e-05, "xrtol": 1e-05, "eps": 1e-10, "duration": 0.03130602836608887, "fun": "0.2626489210034638", "jac": "[ 0.00000000e+00 -1.11022293e-06 -1.11022293e-06 -2.22044587e-06\n -2.22044587e-06  3.33066880e-06]", "hess_inv": "[[ 2.82715114  0.28457617  0.1062458  -0.69384932  0.58265316  0.07233922]\n [ 0.28457617  2.54664082  0.28934512 -0.78679045  0.07790816  0.27889385]\n [ 0.1062458   0.28934512  4.46909909 -1.28652868  0.80291493  0.26649971]\n [-0.69384932 -0.78679045 -1.28652868  3.77286397  0.03808159  0.33099388]\n [ 0.58265316  0.07790816  0.80291493  0.03808159  4.33971252  2.50959293]\n [ 0.07233922  0.27889385  0.26649971  0.33099388  2.50959293  4.1436578 ]]", "nfev": "182", "njev": "26", "status": "0", "success": "True", "message": "Optimization terminated successfully.", "x": "[1.61964855 1.14895709 3.56338481 2.16982399 6.89422846 2.50695372]", "nit": "23"}, "18": {"maxiter": 1000, "gtol": 1e-05, "xrtol": 1e-10, "eps": 1e-05, "duration": 0.0312650203704834, "fun": "0.2626489210248968", "jac": "[ 6.78979095e-07 -1.90624183e-06  9.82325332e-08  6.75992595e-07\n -4.19630997e-07  1.16852084e-06]", "hess_inv": "[[ 2.88697085  0.31180106  0.07289222 -0.74303765  0.60513339  0.13609334]\n [ 0.31180106  2.64162247  0.31467861 -0.84721425  0.03512085  0.23062889]\n [ 0.07289222  0.31467861  4.19623395 -1.3457127   0.64616505  0.20996443]\n [-0.74303765 -0.84721425 -1.3457127   3.98193686 -0.02458466  0.26638792]\n [ 0.60513339  0.03512085  0.64616505 -0.02458466  4.33341304  2.58759302]\n [ 0.13609334  0.23062889  0.20996443  0.26638792  2.58759302  4.26960487]]", "nfev": "182", "njev": "26", "status": "0", "success": "True", "message": "Optimization terminated successfully.", "x": "[1.61964342 1.14895028 3.56338406 2.16983051 6.89422004 2.5069413 ]", "nit": "23"}, "19": {"maxiter": 1000, "gtol": 1e-05, "xrtol": 1e-10, "eps": 1e-10, "duration": 0.031334877014160156, "fun": "0.2626489210034638", "jac": "[ 0.00000000e+00 -1.11022293e-06 -1.11022293e-06 -2.22044587e-06\n -2.22044587e-06  3.33066880e-06]", "hess_inv": "[[ 2.82715114  0.28457617  0.1062458  -0.69384932  0.58265316  0.07233922]\n [ 0.28457617  2.54664082  0.28934512 -0.78679045  0.07790816  0.27889385]\n [ 0.1062458   0.28934512  4.46909909 -1.28652868  0.80291493  0.26649971]\n [-0.69384932 -0.78679045 -1.28652868  3.77286397  0.03808159  0.33099388]\n [ 0.58265316  0.07790816  0.80291493  0.03808159  4.33971252  2.50959293]\n [ 0.07233922  0.27889385  0.26649971  0.33099388  2.50959293  4.1436578 ]]", "nfev": "182", "njev": "26", "status": "0", "success": "True", "message": "Optimization terminated successfully.", "x": "[1.61964855 1.14895709 3.56338481 2.16982399 6.89422846 2.50695372]", "nit": "23"}, "20": {"maxiter": 1000, "gtol": 1e-10, "xrtol": 1e-05, "eps": 1e-05, "duration": 0.03172779083251953, "fun": "0.2626489210248968", "jac": "[ 6.78979095e-07 -1.90624183e-06  9.82325332e-08  6.75992595e-07\n -4.19630997e-07  1.16852084e-06]", "hess_inv": "[[ 2.88697085  0.31180106  0.07289222 -0.74303765  0.60513339  0.13609334]\n [ 0.31180106  2.64162247  0.31467861 -0.84721425  0.03512085  0.23062889]\n [ 0.07289222  0.31467861  4.19623395 -1.3457127   0.64616505  0.20996443]\n [-0.74303765 -0.84721425 -1.3457127   3.98193686 -0.02458466  0.26638792]\n [ 0.60513339  0.03512085  0.64616505 -0.02458466  4.33341304  2.58759302]\n [ 0.13609334  0.23062889  0.20996443  0.26638792  2.58759302  4.26960487]]", "nfev": "182", "njev": "26", "status": "0", "success": "True", "message": "Optimization terminated successfully.", "x": "[1.61964342 1.14895028 3.56338406 2.16983051 6.89422004 2.5069413 ]", "nit": "23"}, "21": {"maxiter": 1000, "gtol": 1e-10, "xrtol": 1e-05, "eps": 1e-10, "duration": 0.03139209747314453, "fun": "0.2626489210034638", "jac": "[ 0.00000000e+00 -1.11022293e-06 -1.11022293e-06 -2.22044587e-06\n -2.22044587e-06  3.33066880e-06]", "hess_inv": "[[ 2.82715114  0.28457617  0.1062458  -0.69384932  0.58265316  0.07233922]\n [ 0.28457617  2.54664082  0.28934512 -0.78679045  0.07790816  0.27889385]\n [ 0.1062458   0.28934512  4.46909909 -1.28652868  0.80291493  0.26649971]\n [-0.69384932 -0.78679045 -1.28652868  3.77286397  0.03808159  0.33099388]\n [ 0.58265316  0.07790816  0.80291493  0.03808159  4.33971252  2.50959293]\n [ 0.07233922  0.27889385  0.26649971  0.33099388  2.50959293  4.1436578 ]]", "nfev": "182", "njev": "26", "status": "0", "success": "True", "message": "Optimization terminated successfully.", "x": "[1.61964855 1.14895709 3.56338481 2.16982399 6.89422846 2.50695372]", "nit": "23"}, "22": {"maxiter": 1000, "gtol": 1e-10, "xrtol": 1e-10, "eps": 1e-05, "duration": 0.036212921142578125, "fun": "0.2626489210223163", "jac": "[ 0.00000000e+00  0.00000000e+00  0.00000000e+00  0.00000000e+00\n -1.11022302e-11  0.00000000e+00]", "hess_inv": "[[ 2.90054255  0.25248224  0.07313145 -0.70926082  0.62283866  0.16825615]\n [ 0.25248224  3.01040306  0.3732199  -1.12642972 -0.09915149 -0.05932619]\n [ 0.07313145  0.3732199   4.22361925 -1.41850244  0.60160682  0.10968949]\n [-0.70926082 -1.12642972 -1.41850244  4.22150525  0.07890294  0.51296137]\n [ 0.62283866 -0.09915149  0.60160682  0.07890294  4.33952691  2.64091005]\n [ 0.16825615 -0.05932619  0.10968949  0.51296137  2.64091005  4.45523077]]", "nfev": "210", "njev": "30", "status": "0", "success": "True", "message": "Optimization terminated successfully.", "x": "[1.61964246 1.14895671 3.56338541 2.16982549 6.89421803 2.50693656]", "nit": "27"}, "23": {"maxiter": 1000, "gtol": 1e-10, "xrtol": 1e-10, "eps": 1e-10, "duration": 0.045594215393066406, "fun": "0.26264892098518144", "jac": "[-1.11022293e-06 -1.11022293e-06 -1.11022293e-06  0.00000000e+00\n -1.11022293e-06 -4.44089173e-06]", "hess_inv": "[[ 2.97838874 -0.5545068  -0.21408843 -1.42541303 -0.72394072 -1.09702181]\n [-0.5545068   3.71432988  0.24806716  0.2074512   0.49144597  0.17486999]\n [-0.21408843  0.24806716  1.93928524 -0.36008992 -0.95886563 -0.04089457]\n [-1.42541303  0.2074512  -0.36008992  3.53121881  0.73203168  0.60588788]\n [-0.72394072  0.49144597 -0.95886563  0.73203168  1.94488709  0.34266354]\n [-1.09702181  0.17486999 -0.04089457  0.60588788  0.34266354  0.68658469]]", "nfev": "266", "njev": "38", "status": "0", "success": "True", "message": "Optimization terminated successfully.", "x": "[1.61964728 1.14896114 3.56338961 2.1698288  6.89423244 2.50694642]", "nit": "27"}}, "cobyla": {"0": {"maxiter": 100, "tol": 1e-05, "catol": 1e-05, "duration": 0.01646590232849121, "x": "[1.61996369 1.14908916 3.56314226 2.16983724 6.89430895 2.50666442]", "status": "2", "success": "False", "message": "Maximum number of function evaluations has been exceeded.", "nfev": "100", "fun": "0.2626489654920213", "maxcv": "0.0"}, "1": {"maxiter": 100, "tol": 1e-05, "catol": 1e-10, "duration": 0.016373157501220703, "x": "[1.61996369 1.14908916 3.56314226 2.16983724 6.89430895 2.50666442]", "status": "2", "success": "False", "message": "Maximum number of function evaluations has been exceeded.", "nfev": "100", "fun": "0.2626489654920213", "maxcv": "0.0"}, "2": {"maxiter": 100, "tol": 1e-10, "catol": 1e-05, "duration": 0.016505002975463867, "x": "[1.61996369 1.14908916 3.56314226 2.16983724 6.89430895 2.50666442]", "status": "2", "success": "False", "message": "Maximum number of function evaluations has been exceeded.", "nfev": "100", "fun": "0.2626489654920213", "maxcv": "0.0"}, "3": {"maxiter": 100, "tol": 1e-10, "catol": 1e-10, "duration": 0.016501665115356445, "x": "[1.61996369 1.14908916 3.56314226 2.16983724 6.89430895 2.50666442]", "status": "2", "success": "False", "message": "Maximum number of function evaluations has been exceeded.", "nfev": "100", "fun": "0.2626489654920213", "maxcv": "0.0"}, "4": {"maxiter": 500, "tol": 1e-05, "catol": 1e-05, "duration": 0.024525880813598633, "x": "[1.61964567 1.14896184 3.56339478 2.16983937 6.89422457 2.50694447]", "status": "1", "success": "True", "message": "Optimization terminated successfully.", "nfev": "149", "fun": "0.26264892101850557", "maxcv": "0.0"}, "5": {"maxiter": 500, "tol": 1e-05, "catol": 1e-10, "duration": 0.024568796157836914, "x": "[1.61964567 1.14896184 3.56339478 2.16983937 6.89422457 2.50694447]", "status": "1", "success": "True", "message": "Optimization terminated successfully.", "nfev": "149", "fun": "0.26264892101850557", "maxcv": "0.0"}, "6": {"maxiter": 500, "tol": 1e-10, "catol": 1e-05, "duration": 0.04311203956604004, "x": "[1.6196486  1.1489616  3.56339071 2.16982799 6.89423295 2.50695106]", "status": "1", "success": "True", "message": "Optimization terminated successfully.", "nfev": "262", "fun": "0.2626489209813322", "maxcv": "0.0"}, "7": {"maxiter": 500, "tol": 1e-10, "catol": 1e-10, "duration": 0.043081045150756836, "x": "[1.6196486  1.1489616  3.56339071 2.16982799 6.89423295 2.50695106]", "status": "1", "success": "True", "message": "Optimization terminated successfully.", "nfev": "262", "fun": "0.2626489209813322", "maxcv": "0.0"}, "8": {"maxiter": 1000, "tol": 1e-05, "catol": 1e-05, "duration": 0.024472713470458984, "x": "[1.61964567 1.14896184 3.56339478 2.16983937 6.89422457 2.50694447]", "status": "1", "success": "True", "message": "Optimization terminated successfully.", "nfev": "149", "fun": "0.26264892101850557", "maxcv": "0.0"}, "9": {"maxiter": 1000, "tol": 1e-05, "catol": 1e-10, "duration": 0.024525880813598633, "x": "[1.61964567 1.14896184 3.56339478 2.16983937 6.8