{"date": "2024/07/19/, 08:22:21", "conf_id": 164, "data_type": "non_lin_ind\n", "num_data_points": 1, "s_rank": 0, "unitary": "[[-0.24866696+0.58742286j,-0.44704345-0.43151574j,-0.35669027-0.20570733j,-0.10517633+0.1626036j],[0.10596805-0.19687975j,-0.30269685-0.15056416j,0.18246286+0.30440582j,-0.83484447-0.11310748j],[0.26054512-0.52548482j,0.0285017-0.50723956j,-0.43110112+0.17165838j,0.15243271+0.39915801j],[0.42978035+0.11991271j,-0.17224126-0.46030424j,0.6827807-0.15164662j,0.26483638+0.0061855j]]", "databatch_0": {"databatch": "[[[0.08478231-0.43589103j,0.10837655-0.02969533j,-0.34221454+0.04669877j,-0.32879235-0.1336505j],[-0.20938576-0.34340056j,0.0543824-0.08603197j,-0.20045552+0.24016625j,-0.30157816+0.11130596j],[0.17271828-0.01513308j,0.02281797+0.03747421j,-0.05438661-0.12340008j,0.01474265-0.13778882j],[-0.13952645+0.157568j,-0.05139697-0.01395947j,0.15096489+0.06329701j,0.10207827+0.13370278j]]]", "initial param values": "[3.41513383,2.40196723,2.68218268,5.59455826,2.9580924,0.57183752]", "nelder_mead": {"type": "gradient-free", "0": {"maxiter": 100, "fatol": 1e-05, "xatol": 1e-05, "duration": 0.026376962661743164, "fun": "0.01751440357497014", "nit": "100", "nfev": "159", "status": "2", "success": "False", "message": "Maximum number of iterations has been exceeded.", "x": "[3.5677308  0.75049028 5.17967738 7.64737023 4.62402267 0.34295062]", "final_simplex": "(array([[3.5677308 , 0.75049028, 5.17967738, 7.64737023, 4.62402267,\n        0.34295062],\n       [3.53831044, 0.77999135, 5.14251486, 7.65496465, 4.58268367,\n        0.34206156],\n       [3.55771482, 0.75644649, 5.16780632, 7.63611211, 4.64885792,\n        0.34473672],\n       [3.55358782, 0.74301149, 5.1848688 , 7.66496237, 4.65454299,\n        0.33986565],\n       [3.54533742, 0.74093953, 5.20000957, 7.64607885, 4.64893806,\n        0.34092169],\n       [3.54789487, 0.7289246 , 5.22448263, 7.65172311, 4.6653383 ,\n        0.33778344],\n       [3.52916739, 0.80649263, 5.10748108, 7.66381866, 4.51645202,\n        0.34645112]]), array([0.0175144 , 0.01777194, 0.01778475, 0.01778686, 0.01778727,\n       0.01792041, 0.01800545]))"}, "1": {"maxiter": 100, "fatol": 1e-05, "xatol": 1e-10, "duration": 0.026262998580932617, "fun": "0.01751440357497014", "nit": "100", "nfev": "159", "status": "2", "success": "False", "message": "Maximum number of iterations has been exceeded.", "x": "[3.5677308  0.75049028 5.17967738 7.64737023 4.62402267 0.34295062]", "final_simplex": "(array([[3.5677308 , 0.75049028, 5.17967738, 7.64737023, 4.62402267,\n        0.34295062],\n       [3.53831044, 0.77999135, 5.14251486, 7.65496465, 4.58268367,\n        0.34206156],\n       [3.55771482, 0.75644649, 5.16780632, 7.63611211, 4.64885792,\n        0.34473672],\n       [3.55358782, 0.74301149, 5.1848688 , 7.66496237, 4.65454299,\n        0.33986565],\n       [3.54533742, 0.74093953, 5.20000957, 7.64607885, 4.64893806,\n        0.34092169],\n       [3.54789487, 0.7289246 , 5.22448263, 7.65172311, 4.6653383 ,\n        0.33778344],\n       [3.52916739, 0.80649263, 5.10748108, 7.66381866, 4.51645202,\n        0.34645112]]), array([0.0175144 , 0.01777194, 0.01778475, 0.01778686, 0.01778727,\n       0.01792041, 0.01800545]))"}, "2": {"maxiter": 100, "fatol": 1e-10, "xatol": 1e-05, "duration": 0.026185989379882812, "fun": "0.01751440357497014", "nit": "100", "nfev": "159", "status": "2", "success": "False", "message": "Maximum number of iterations has been exceeded.", "x": "[3.5677308  0.75049028 5.17967738 7.64737023 4.62402267 0.34295062]", "final_simplex": "(array([[3.5677308 , 0.75049028, 5.17967738, 7.64737023, 4.62402267,\n        0.34295062],\n       [3.53831044, 0.77999135, 5.14251486, 7.65496465, 4.58268367,\n        0.34206156],\n       [3.55771482, 0.75644649, 5.16780632, 7.63611211, 4.64885792,\n        0.34473672],\n       [3.55358782, 0.74301149, 5.1848688 , 7.66496237, 4.65454299,\n        0.33986565],\n       [3.54533742, 0.74093953, 5.20000957, 7.64607885, 4.64893806,\n        0.34092169],\n       [3.54789487, 0.7289246 , 5.22448263, 7.65172311, 4.6653383 ,\n        0.33778344],\n       [3.52916739, 0.80649263, 5.10748108, 7.66381866, 4.51645202,\n        0.34645112]]), array([0.0175144 , 0.01777194, 0.01778475, 0.01778686, 0.01778727,\n       0.01792041, 0.01800545]))"}, "3": {"maxiter": 100, "fatol": 1e-10, "xatol": 1e-10, "duration": 0.027040958404541016, "fun": "0.01751440357497014", "nit": "100", "nfev": "159", "status": "2", "success": "False", "message": "Maximum number of iterations has been exceeded.", "x": "[3.5677308  0.75049028 5.17967738 7.64737023 4.62402267 0.34295062]", "final_simplex": "(array([[3.5677308 , 0.75049028, 5.17967738, 7.64737023, 4.62402267,\n        0.34295062],\n       [3.53831044, 0.77999135, 5.14251486, 7.65496465, 4.58268367,\n        0.34206156],\n       [3.55771482, 0.75644649, 5.16780632, 7.63611211, 4.64885792,\n        0.34473672],\n       [3.55358782, 0.74301149, 5.1848688 , 7.66496237, 4.65454299,\n        0.33986565],\n       [3.54533742, 0.74093953, 5.20000957, 7.64607885, 4.64893806,\n        0.34092169],\n       [3.54789487, 0.7289246 , 5.22448263, 7.65172311, 4.6653383 ,\n        0.33778344],\n       [3.52916739, 0.80649263, 5.10748108, 7.66381866, 4.51645202,\n        0.34645112]]), array([0.0175144 , 0.01777194, 0.01778475, 0.01778686, 0.01778727,\n       0.01792041, 0.01800545]))"}, "4": {"maxiter": 500, "fatol": 1e-05, "xatol": 1e-05, "duration": 0.09298276901245117, "fun": "0.0116823292692666", "nit": "345", "nfev": "557", "status": "0", "success": "True", "message": "Optimization terminated successfully.", "x": "[3.65322141 1.43965187 4.47907952 7.31258072 3.18799605 0.89201723]", "final_simplex": "(array([[3.65322141, 1.43965187, 4.47907952, 7.31258072, 3.18799605,\n        0.89201723],\n       [3.6532209 , 1.43964992, 4.47908153, 7.31258097, 3.1880007 ,\n        0.8920153 ],\n       [3.65322148, 1.43965145, 4.47908038, 7.31257974, 3.18799666,\n        0.89201759],\n       [3.65322019, 1.4396545 , 4.47907696, 7.31258115, 3.18799061,\n        0.89201978],\n       [3.65322184, 1.43965053, 4.47908082, 7.31257967, 3.18799921,\n        0.89201573],\n       [3.65322186, 1.43964927, 4.47908255, 7.31257925, 3.18800191,\n        0.89201502],\n       [3.65322253, 1.43965189, 4.47907969, 7.31257915, 3.18799668,\n        0.89201876]]), array([0.01168233, 0.01168233, 0.01168233, 0.01168233, 0.01168233,\n       0.01168233, 0.01168233]))"}, "5": {"maxiter": 500, "fatol": 1e-05, "xatol": 1e-10, "duration": 0.12813687324523926, "fun": "0.01168232926910795", "nit": "433", "nfev": "771", "status": "0", "success": "True", "message": "Optimization terminated successfully.", "x": "[3.65322171 1.43965309 4.47907844 7.31258068 3.18799308 0.89201941]", "final_simplex": "(array([[3.65322171, 1.43965309, 4.47907844, 7.31258068, 3.18799308,\n        0.89201941],\n       [3.65322171, 1.43965309, 4.47907844, 7.31258068, 3.18799308,\n        0.89201941],\n       [3.65322171, 1.43965309, 4.47907844, 7.31258068, 3.18799308,\n        0.89201941],\n       [3.65322171, 1.43965309, 4.47907844, 7.31258068, 3.18799308,\n        0.89201941],\n       [3.65322171, 1.43965309, 4.47907844, 7.31258068, 3.18799308,\n        0.89201941],\n       [3.65322171, 1.43965309, 4.47907844, 7.31258068, 3.18799308,\n        0.89201941],\n       [3.65322171, 1.43965309, 4.47907844, 7.31258068, 3.18799308,\n        0.89201941]]), array([0.01168233, 0.01168233, 0.01168233, 0.01168233, 0.01168233,\n       0.01168233, 0.01168233]))"}, "6": {"maxiter": 500, "fatol": 1e-10, "xatol": 1e-05, "duration": 0.09343099594116211, "fun": "0.0116823292692666", "nit": "345", "nfev": "557", "status": "0", "success": "True", "message": "Optimization terminated successfully.", "x": "[3.65322141 1.43965187 4.47907952 7.31258072 3.18799605 0.89201723]", "final_simplex": "(array([[3.65322141, 1.43965187, 4.47907952, 7.31258072, 3.18799605,\n        0.89201723],\n       [3.6532209 , 1.43964992, 4.47908153, 7.31258097, 3.1880007 ,\n        0.8920153 ],\n       [3.65322148, 1.43965145, 4.47908038, 7.31257974, 3.18799666,\n        0.89201759],\n       [3.65322019, 1.4396545 , 4.47907696, 7.31258115, 3.18799061,\n        0.89201978],\n       [3.65322184, 1.43965053, 4.47908082, 7.31257967, 3.18799921,\n        0.89201573],\n       [3.65322186, 1.43964927, 4.47908255, 7.31257925, 3.18800191,\n        0.89201502],\n       [3.65322253, 1.43965189, 4.47907969, 7.31257915, 3.18799668,\n        0.89201876]]), array([0.01168233, 0.01168233, 0.01168233, 0.01168233, 0.01168233,\n       0.01168233, 0.01168233]))"}, "7": {"maxiter": 500, "fatol": 1e-10, "xatol": 1e-10, "duration": 0.12825489044189453, "fun": "0.01168232926910795", "nit": "433", "nfev": "771", "status": "0", "success": "True", "message": "Optimization terminated successfully.", "x": "[3.65322171 1.43965309 4.47907844 7.31258068 3.18799308 0.89201941]", "final_simplex": "(array([[3.65322171, 1.43965309, 4.47907844, 7.31258068, 3.18799308,\n        0.89201941],\n       [3.65322171, 1.43965309, 4.47907844, 7.31258068, 3.18799308,\n        0.89201941],\n       [3.65322171, 1.43965309, 4.47907844, 7.31258068, 3.18799308,\n        0.89201941],\n       [3.65322171, 1.43965309, 4.47907844, 7.31258068, 3.18799308,\n        0.89201941],\n       [3.65322171, 1.43965309, 4.47907844, 7.31258068, 3.18799308,\n        0.89201941],\n       [3.65322171, 1.43965309, 4.47907844, 7.31258068, 3.18799308,\n        0.89201941],\n       [3.65322171, 1.43965309, 4.47907844, 7.31258068, 3.18799308,\n        0.89201941]]), array([0.01168233, 0.01168233, 0.01168233, 0.01168233, 0.01168233,\n       0.01168233, 0.01168233]))"}, "8": {"maxiter": 1000, "fatol": 1e-05, "xatol": 1e-05, "duration": 0.09300494194030762, "fun": "0.0116823292692666", "nit": "345", "nfev": "557", "status": "0", "success": "True", "message": "Optimization terminated successfully.", "x": "[3.65322141 1.43965187 4.47907952 7.31258072 3.18799605 0.89201723]", "final_simplex": "(array([[3.65322141, 1.43965187, 4.47907952, 7.31258072, 3.18799605,\n        0.89201723],\n       [3.6532209 , 1.43964992, 4.47908153, 7.31258097, 3.1880007 ,\n        0.8920153 ],\n       [3.65322148, 1.43965145, 4.47908038, 7.31257974, 3.18799666,\n        0.89201759],\n       [3.65322019, 1.4396545 , 4.47907696, 7.31258115, 3.18799061,\n        0.89201978],\n       [3.65322184, 1.43965053, 4.47908082, 7.31257967, 3.18799921,\n        0.89201573],\n       [3.65322186, 1.43964927, 4.47908255, 7.31257925, 3.18800191,\n        0.89201502],\n       [3.65322253, 1.43965189, 4.47907969, 7.31257915, 3.18799668,\n        0.89201876]]), array([0.01168233, 0.01168233, 0.01168233, 0.01168233, 0.01168233,\n       0.01168233, 0.01168233]))"}, "9": {"maxiter": 1000, "fatol": 1e-05, "xatol": 1e-10, "duration": 0.1282200813293457, "fun": "0.01168232926910795", "nit": "433", "nfev": "771", "status": "0", "success": "True", "message": "Optimization terminated successfully.", "x": "[3.65322171 1.43965309 4.47907844 7.31258068 3.18799308 0.89201941]", "final_simplex": "(array([[3.65322171, 1.43965309, 4.47907844, 7.31258068, 3.18799308,\n        0.89201941],\n       [3.65322171, 1.43965309, 4.47907844, 7.31258068, 3.18799308,\n        0.89201941],\n       [3.65322171, 1.43965309, 4.47907844, 7.31258068, 3.18799308,\n        0.89201941],\n       [3.65322171, 1.43965309, 4.47907844, 7.31258068, 3.18799308,\n        0.89201941],\n       [3.65322171, 1.43965309, 4.47907844, 7.31258068, 3.18799308,\n        0.89201941],\n       [3.65322171, 1.43965309, 4.47907844, 7.31258068, 3.18799308,\n        0.89201941],\n       [3.65322171, 1.43965309, 4.47907844, 7.31258068, 3.18799308,\n        0.89201941]]), array([0.01168233, 0.01168233, 0.01168233, 0.01168233, 0.01168233,\n       0.01168233, 0.01168233]))"}, "10": {"maxiter": 1000, "fatol": 1e-10, "xatol": 1e-05, "duration": 0.09539294242858887, "fun": "0.0116823292692666", "nit": "345", "nfev": "557", "status": "0", "success": "True", "message": "Optimization terminated successfully.", "x": "[3.65322141 1.43965187 4.47907952 7.31258072 3.18799605 0.89201723]", "final_simplex": "(array([[3.65322141, 1.43965187, 4.47907952, 7.31258072, 3.18799605,\n        0.89201723],\n       [3.6532209 , 1.43964992, 4.47908153, 7.31258097, 3.1880007 ,\n        0.8920153 ],\n       [3.65322148, 1.43965145, 4.47908038, 7.31257974, 3.18799666,\n        0.89201759],\n       [3.65322019, 1.4396545 , 4.47907696, 7.31258115, 3.18799061,\n        0.89201978],\n       [3.65322184, 1.43965053, 4.47908082, 7.31257967, 3.18799921,\n        0.89201573],\n       [3.65322186, 1.43964927, 4.47908255, 7.31257925, 3.18800191,\n        0.89201502],\n       [3.65322253, 1.43965189, 4.47907969, 7.31257915, 3.18799668,\n        0.89201876]]), array([0.01168233, 0.01168233, 0.01168233, 0.01168233, 0.01168233,\n       0.01168233, 0.01168233]))"}, "11": {"maxiter": 1000, "fatol": 1e-10, "xatol": 1e-10, "duration": 0.13302969932556152, "fun": "0.01168232926910795", "nit": "433", "nfev": "771", "status": "0", "success": "True", "message": "Optimization terminated successfully.", "x": "[3.65322171 1.43965309 4.47907844 7.31258068 3.18799308 0.89201941]", "final_simplex": "(array([[3.65322171, 1.43965309, 4.47907844, 7.31258068, 3.18799308,\n        0.89201941],\n       [3.65322171, 1.43965309, 4.47907844, 7.31258068, 3.18799308,\n        0.89201941],\n       [3.65322171, 1.43965309, 4.47907844, 7.31258068, 3.18799308,\n        0.89201941],\n       [3.65322171, 1.43965309, 4.47907844, 7.31258068, 3.18799308,\n        0.89201941],\n       [3.65322171, 1.43965309, 4.47907844, 7.31258068, 3.18799308,\n        0.89201941],\n       [3.65322171, 1.43965309, 4.47907844, 7.31258068, 3.18799308,\n        0.89201941],\n       [3.65322171, 1.43965309, 4.47907844, 7.31258068, 3.18799308,\n        0.89201941]]), array([0.01168233, 0.01168233, 0.01168233, 0.01168233, 0.01168233,\n       0.01168233, 0.01168233]))"}}, "bfgs": {"type": "gradient", "0": {"maxiter": 100, "gtol": 1e-05, "xrtol": 1e-05, "eps": 1e-05, "duration": 0.026263952255249023, "fun": "0.011682329756513177", "jac": "[ 5.09703391e-06 -1.65956138e-07 -1.85235161e-06 -2.16275886e-06\n  4.95213870e-06  2.33898456e-06]", "hess_inv": "[[  5.20167774  -0.51242334  -1.21209099  -4.07430247  -0.20297429\n    0.85858212]\n [ -0.51242334  22.88042772  11.92227599  -2.0164234  -10.11001693\n   -3.21975874]\n [ -1.21209099  11.92227599   9.48335987   0.43244519  -4.60502976\n   -1.62990509]\n [ -4.07430247  -2.0164234    0.43244519   5.64361896   1.76489746\n   -0.65211552]\n [ -0.20297429 -10.11001693  -4.60502976   1.76489746   5.806067\n    1.46420845]\n [  0.85858212  -3.21975874  -1.62990509  -0.65211552   1.46420845\n    1.93550788]]", "nfev": "147", "njev": "21", "status": "0", "success": "True", "message": "Optimization terminated successfully.", "x": "[3.66493428 1.39869712 4.87174815 7.30839284 3.68910403 0.59653146]", "nit": "18"}, "1": {"maxiter": 100, "gtol": 1e-05, "xrtol": 1e-05, "eps": 1e-10, "duration": 0.026114940643310547, "fun": "0.011682329802226166", "jac": "[ 7.77156053e-06 -7.77156053e-06  0.00000000e+00  4.44089173e-06\n  0.00000000e+00  2.22044587e-06]", "hess_inv": "[[  5.19388158  -0.52257774  -1.18349918  -4.06167389  -0.19096894\n    0.86098866]\n [ -0.52257774  22.88059585  11.86273907  -2.01790018 -10.14226882\n   -3.21109245]\n [ -1.18349918  11.86273907   9.43280268   0.43105377  -4.5895101\n   -1.60556413]\n [ -4.06167389  -2.01790018   0.43105377   5.64135927   1.76390839\n   -0.64767271]\n [ -0.19096894 -10.14226882  -4.5895101    1.76390839   5.83389551\n    1.46913168]\n [  0.86098866  -3.21109245  -1.60556413  -0.64767271   1.46913168\n    1.93490418]]", "nfev": "147", "njev": "21", "status": "0", "success": "True", "message": "Optimization terminated successfully.", "x": "[3.66495954 1.39872759 4.87189324 7.30840322 3.68922839 0.59645722]", "nit": "18"}, "2": {"maxiter": 100, "gtol": 1e-05, "xrtol": 1e-10, "eps": 1e-05, "duration": 0.025497913360595703, "fun": "0.011682329756513177", "jac": "[ 5.09703391e-06 -1.65956138e-07 -1.85235161e-06 -2.16275886e-06\n  4.95213870e-06  2.33898456e-06]", "hess_inv": "[[  5.20167774  -0.51242334  -1.21209099  -4.07430247  -0.20297429\n    0.85858212]\n [ -0.51242334  22.88042772  11.92227599  -2.0164234  -10.11001693\n   -3.21975874]\n [ -1.21209099  11.92227599   9.48335987   0.43244519  -4.60502976\n   -1.62990509]\n [ -4.07430247  -2.0164234    0.43244519   5.64361896   1.76489746\n   -0.65211552]\n [ -0.20297429 -10.11001693  -4.60502976   1.76489746   5.806067\n    1.46420845]\n [  0.85858212  -3.21975874  -1.62990509  -0.65211552   1.46420845\n    1.93550788]]", "nfev": "147", "njev": "21", "status": "0", "success": "True", "message": "Optimization terminated successfully.", "x": "[3.66493428 1.39869712 4.87174815 7.30839284 3.68910403 0.59653146]", "nit": "18"}, "3": {"maxiter": 100, "gtol": 1e-05, "xrtol": 1e-10, "eps": 1e-10, "duration": 0.025105953216552734, "fun": "0.011682329802226166", "jac": "[ 7.77156053e-06 -7.77156053e-06  0.00000000e+00  4.44089173e-06\n  0.00000000e+00  2.22044587e-06]", "hess_inv": "[[  5.19388158  -0.52257774  -1.18349918  -4.06167389  -0.19096894\n    0.86098866]\n [ -0.52257774  22.88059585  11.86273907  -2.01790018 -10.14226882\n   -3.21109245]\n [ -1.18349918  11.86273907   9.43280268   0.43105377  -4.5895101\n   -1.60556413]\n [ -4.06167389  -2.01790018   0.43105377   5.64135927   1.76390839\n   -0.64767271]\n [ -0.19096894 -10.14226882  -4.5895101    1.76390839   5.83389551\n    1.46913168]\n [  0.86098866  -3.21109245  -1.60556413  -0.64767271   1.46913168\n    1.93490418]]", "nfev": "147", "njev": "21", "status": "0", "success": "True", "message": "Optimization terminated successfully.", "x": "[3.66495954 1.39872759 4.87189324 7.30840322 3.68922839 0.59645722]", "nit": "18"}, "4": {"maxiter": 100, "gtol": 1e-10, "xrtol": 1e-05, "eps": 1e-05, "duration": 0.06446123123168945, "fun": "0.011682329309986805", "jac": "[ 3.16868753e-07 -3.59712260e-09  7.18247684e-07 -5.38646905e-07\n  1.21311849e-06 -4.25159907e-07]", "hess_inv": "[[  5.69800952  -1.38738433  -1.75159475  -4.42674978   0.28732673\n    1.04241215]\n [ -1.38738433  24.33358702  12.75358127  -1.39627599 -10.96931614\n   -3.52418746]\n [ -1.75159475  12.75358127   9.858779     0.80383266  -5.12096361\n   -1.83094136]\n [ -4.42674978  -1.39627599   0.80383266   5.89183088   1.41886849\n   -0.78795519]\n [  0.28732673 -10.96931614  -5.12096361   1.41886849   6.28803367\n    1.65031833]\n [  1.04241215  -3.52418746  -1.83094136  -0.78795519   1.65031833\n    1.98418677]]", "nfev": "382", "njev": "53", "status": "2", "success": "False", "message": "Desired error not necessarily achieved due to precision loss.", "x": "[3.66489117 1.39878897 4.87180945 7.30842228 3.68906194 0.59650827]", "nit": "19"}, "5": {"maxiter": 100, "gtol": 1e-10, "xrtol": 1e-05, "eps": 1e-10, "duration": 0.028743267059326172, "fun": "0.011682329345182207", "jac": "[-2.22044587e-06 -1.11022293e-06  2.22044587e-06 -4.44089173e-06\n -1.11022293e-06  1.11022293e-06]", "hess_inv": "[[ 6.32035573 -3.53377857 -3.07060446 -4.49565842  1.1241186   1.58605563]\n [-3.53377857 14.41218195  8.77821888  1.40448356 -6.20741767 -3.32943216]\n [-3.07060446  8.77821888  8.41526964  2.19801201 -3.13470346 -1.97824217]\n [-4.49565842  1.40448356  2.19801201  5.46847342  0.23329899 -1.19834947]\n [ 1.1241186  -6.20741767 -3.13470346  0.23329899  4.00836213  1.49216244]\n [ 1.58605563 -3.32943216 -1.97824217 -1.19834947  1.49216244  2.18496113]]", "nfev": "168", "njev": "24", "status": "0", "success": "True", "message": "Optimization terminated successfully.", "x": "[3.6648994  1.39886821 4.87197996 7.30842745 3.68916706 0.59641949]", "nit": "20"}, "6": {"maxiter": 100, "gtol": 1e-10, "xrtol": 1e-10, "eps": 1e-05, "duration": 0.06460070610046387, "fun": "0.011682329309986805", "jac": "[ 3.16868753e-07 -3.59712260e-09  7.18247684e-07 -5.38646905e-07\n  1.21311849e-06 -4.25159907e-07]", "hess_inv": "[[  5.69800952  -1.38738433  -1.75159475  -4.42674978   0.28732673\n    1.04241215]\n [ -1.38738433  24.33358702  12.75358127  -1.39627599 -10.96931614\n   -3.52418746]\n [ -1.75159475  12.75358127   9.858779     0.80383266  -5.12096361\n   -1.83094136]\n [ -4.42674978  -1.39627599   0.80383266   5.89183088   1.41886849\n   -0.78795519]\n [  0.28732673 -10.96931614  -5.12096361   1.41886849   6.28803367\n    1.65031833]\n [  1.04241215  -3.52418746  -1.83094136  -0.78795519   1.65031833\n    1.98418677]]", "nfev": "382", "njev": "53", "status": "2", "success": "False", "message": "Desired error not necessarily achieved due to precision loss.", "x": "[3.66489117 1.39878897 4.87180945 7.30842228 3.68906194 0.59650827]", "nit": "19"}, "7": {"maxiter": 100, "gtol": 1e-10, "xrtol": 1e-10, "eps": 1e-10, "duration": 0.048938751220703125, "fun": "0.011682329320451101", "jac": "[ 5.55111466e-06  1.11022293e-06  1.11022293e-06  3.33066880e-06\n -3.33066880e-06 -2.22044587e-06]", "hess_inv": "[[ 183.77037874 -122.65723411  -72.01416085 -136.43849626   80.27841643\n    23.11053024]\n [-122.65723411   83.32344651   47.50516638   89.94238959  -54.41994746\n   -15.35985328]\n [ -72.01416085   47.50516638   28.92442499   53.76953719  -31.38529581\n    -8.64460333]\n [-136.43849626   89.94238959   53.76953719  102.60069151  -59.05022482\n   -17.32001818]\n [  80.27841643  -54.41994746  -31.38529581  -59.05022482   35.80038975\n    10.09498106]\n [  23.11053024  -15.35985328   -8.64460333  -17.32001818   10.09498106\n     4.62145703]]", "nfev": "287", "njev": "41", "status": "0", "success": "True", "message": "Optimization terminated successfully.", "x": "[3.66490073 1.39885938 4.87197521 7.30843251 3.68917416 0.59641593]", "nit": "25"}, "8": {"maxiter": 500, "gtol": 1e-05, "xrtol": 1e-05, "eps": 1e-05, "duration": 0.02554798126220703, "fun": "0.011682329756513177", "jac": "[ 5.09703391e-06 -1.65956138e-07 -1.85235161e-06 -2.16275886e-06\n  4.95213870e-06  2.33898456e-06]", "hess_inv": "[[  5.20167774  -0.51242334  -1.21209099  -4.07430247  -0.20297429\n    0.85858212]\n [ -0.51242334  22.88042772  11.92227599  -2.0164234  -10.11001693\n   -3.21975874]\n [ -1.21209099  11.92227599   9.48335987   0.43244519  -4.60502976\n   -1.62990509]\n [ -4.07430247  -2.0164234    0.43244519   5.64361896   1.76489746\n   -0.65211552]\n [ -0.20297429 -10.11001693  -4.60502976   1.76489746   5.806067\n    1.46420845]\n [  0.85858212  -3.21975874  -1.62990509  -0.65211552   1.46420845\n    1.93550788]]", "nfev": "147", "njev": "21", "status": "0", "success": "True", "message": "Optimization terminated successfully.", "x": "[3.66493428 1.39869712 4.87174815 7.30839284 3.68910403 0.59653146]", "nit": "18"}, "9": {"maxiter": 500, "gtol": 1e-05, "xrtol": 1e-05, "eps": 1e-10, "duration": 0.025194883346557617, "fun": "0.011682329802226166", "jac": "[ 7.77156053e-06 -7.77156053e-06  0.00000000e+00  4.44089173e-06\n  0.00000000e+00  2.22044587e-06]", "hess_inv": "[[  5.19388158  -0.52257774  -1.18349918  -4.06167389  -0.19096894\n    0.86098866]\n [ -0.52257774  22.88059585  11.86273907  -2.01790018 -10.14226882\n   -3.21109245]\n [ -1.18349918  11.86273907   9.43280268   0.43105377  -4.5895101\n   -1.60556413]\n [ -4.06167389  -2.01790018   0.43105377   5.64135927   1.76390839\n   -0.64767271]\n [ -0.19096894 -10.14226882  -4.5895101    1.76390839   5.83389551\n    1.46913168]\n [  0.86098866  -3.21109245  -1.60556413  -0.64767271   1.46913168\n    1.93490418]]", "nfev": "147", "njev": "21", "status": "0", "success": "True", "message": "Optimization terminated successfully.", "x": "[3.66495954 1.39872759 4.87189324 7.30840322 3.68922839 0.59645722]", "nit": "18"}, "10": {"maxiter": 500, "gtol": 1e-05, "xrtol": 1e-10, "eps": 1e-05, "duration": 0.025195837020874023, "fun": "0.011682329756513177", "jac": "[ 5.09703391e-06 -1.65956138e-07 -1.85235161e-06 -2.16275886e-06\n  4.95213870e-06  2.33898456e-06]", "hess_inv": "[[  5.20167774  -0.51242334  -1.21209099  -4.07430247  -0.20297429\n    0.85858212]\n [ -0.51242334  22.88042772  11.92227599  -2.0164234  -10.11001693\n   -3.21975874]\n [ -1.21209099  11.92227599   9.48335987   0.43244519  -4.60502976\n   -1.62990509]\n [ -4.07430247  -2.0164234    0.43244519   5.64361896   1.76489746\n   -0.65211552]\n [ -0.20297429 -10.11001693  -4.60502976   1.76489746   5.806067\n    1.46420845]\n [  0.85858212  -3.21975874  -1.62990509  -0.65211552   1.46420845\n    1.93550788]]", "nfev": "147", "njev": "21", "status": "0", "success": "True", "message": "Optimization terminated successfully.", "x": "[3.66493428 1.39869712 4.87174815 7.30839284 3.68910403 0.59653146]", "nit": "18"}, "11": {"maxiter": 500, "gtol": 1e-05, "xrtol": 1e-10, "eps": 1e-10, "duration": 0.025166034698486328, "fun": "0.011682329802226166", "jac": "[ 7.77156053e-06 -7.77156053e-06  0.00000000e+00  4.44089173e-06\n  0.00000000e+00  2.22044587e-06]", "hess_inv": "[[  5.19388158  -0.52257774  -1.18349918  -4.06167389  -0.19096894\n    0.86098866]\n [ -0.52257774  22.88059585  11.86273907  -2.01790018 -10.14226882\n   -3.21109245]\n [ -1.18349918  11.86273907   9.43280268   0.43105377  -4.5895101\n   -1.60556413]\n [ -4.06167389  -2.01790018   0.43105377   5.64135927   1.76390839\n   -0.64767271]\n [ -0.19096894 -10.14226882  -4.5895101    1.76390839   5.83389551\n    1.46913168]\n [  0.86098866  -3.21109245  -1.60556413  -0.64767271   1.46913168\n    1.93490418]]", "nfev": "147", "njev": "21", "status": "0", "success": "True", "message": "Optimization terminated successfully.", "x": "[3.66495954 1.39872759 4.87189324 7.30840322 3.68922839 0.59645722]", "nit": "18"}, "12": {"maxiter": 500, "gtol": 1e-10, "xrtol": 1e-05, "eps": 1e-05, "duration": 0.06464672088623047, "fun": "0.011682329309986805", "jac": "[ 3.16868753e-07 -3.59712260e-09  7.18247684e-07 -5.38646905e-07\n  1.21311849e-06 -4.25159907e-07]", "hess_inv": "[[  5.69800952  -1.38738433  -1.75159475  -4.42674978   0.28732673\n    1.04241215]\n [ -1.38738433  24.33358702  12.75358127  -1.39627599 -10.96931614\n   -3.52418746]\n [ -1.75159475  12.75358127   9.858779     0.80383266  -5.12096361\n   -1.83094136]\n [ -4.42674978  -1.39627599   0.80383266   5.89183088   1.41886849\n   -0.78795519]\n [  0.28732673 -10.96931614  -5.12096361   1.41886849   6.28803367\n    1.65031833]\n [  1.04241215  -3.52418746  -1.83094136  -0.78795519   1.65031833\n    1.98418677]]", "nfev": "382", "njev": "53", "status": "2", "success": "False", "message": "Desired error not necessarily achieved due to precision loss.", "x": "[3.66489117 1.39878897 4.87180945 7.30842228 3.68906194 0.59650827]", "nit": "19"}, "13": {"maxiter": 500, "gtol": 1e-10, "xrtol": 1e-05, "eps": 1e-10, "duration": 0.028720855712890625, "fun": "0.011682329345182207", "jac": "[-2.22044587e-06 -1.11022293e-06  2.22044587e-06 -4.44089173e-06\n -1.11022293e-06  1.11022293e-06]", "hess_inv": "[[ 6.32035573 -3.53377857 -3.07060446 -4.49565842  1.1241186   1.58605563]\n [-3.53377857 14.41218195  8.77821888  1.40448356 -6.20741767 -3.32943216]\n [-3.07060446  8.77821888  8.41526964  2.19801201 -3.13470346 -1.97824217]\n [-4.49565842  1.40448356  2.19801201  5.46847342  0.23329899 -1.19834947]\n [ 1.1241186  -6.20741767 -3.13470346  0.23329899  4.00836213  1.49216244]\n [ 1.58605563 -3.32943216 -1.97824217 -1.19834947  1.49216244  2.18496113]]", "nfev": "168", "njev": "24", "status": "0", "success": "True", "message": "Optimization terminated successfully.", "x": "[3.6648994  1.39886821 4.87197996 7.30842745 3.68916706 0.59641949]", "nit": "20"}, "14": {"maxiter": 500, "gtol": 1e-10, "xrtol": 1e-10, "eps": 1e-05, "duration": 0.0646660327911377, "fun": "0.011682329309986805", "jac": "[ 3.16868753e-07 -3.59712260e-09  7.18247684e-07 -5.38646905e-07\n  1.21311849e-06 -4.25159907e-07]", "hess_inv": "[[  5.69800952  -1.38738433  -1.75159475  -4.42674978   0.28732673\n    1.04241215]\n [ -1.38738433  24.33358702  12.75358127  -1.39627599 -10.96931614\n   -3.52418746]\n [ -1.75159475  12.75358127   9.858779     0.80383266  -5.12096361\n   -1.83094136]\n [ -4.42674978  -1.39627599   0.80383266   5.89183088   1.41886849\n   -0.78795519]\n [  0.28732673 -10.96931614  -5.12096361   1.41886849   6.28803367\n    1.65031833]\n [  1.04241215  -3.52418746  -1.83094136  -0.78795519   1.65031833\n    1.98418677]]", "nfev": "382", "njev": "53", "status": "2", "success": "False", "message": "Desired error not necessarily achieved due to precision loss.", "x": "[3.66489117 1.39878897 4.87180945 7.30842228 3.68906194 0.59650827]", "nit": "19"}, "15": {"maxiter": 500, "gtol": 1e-10, "xrtol": 1e-10, "eps": 1e-10, "duration": 0.04874920845031738, "fun": "0.011682329320451101", "jac": "[ 5.55111466e-06  1.11022293e-06  1.11022293e-06  3.33066880e-06\n -3.33066880e-06 -2.22044587e-06]", "hess_inv": "[[ 183.77037874 -122.65723411  -72.01416085 -136.43849626   80.27841643\n    23.11053024]\n [-122.65723411   83.32344651   47.50516638   89.94238959  -54.41994746\n   -15.35985328]\n [ -72.01416085   47.50516638   28.92442499   53.76953719  -31.38529581\n    -8.64460333]\n [-136.43849626   89.94238959   53.76953719  102.60069151  -59.05022482\n   -17.32001818]\n [  80.27841643  -54.41994746  -31.38529581  -59.05022482   35.80038975\n    10.09498106]\n [  23.11053024  -15.35985328   -8.64460333  -17.32001818   10.09498106\n     4.62145703]]", "nfev": "287", "njev": "41", "status": "0", "success": "True", "message": "Optimization terminated successfully.", "x": "[3.66490073 1.39885938 4.87197521 7.30843251 3.68917416 0.59641593]", "nit": "25"}, "16": {"maxiter": 1000, "gtol": 1e-05, "xrtol": 1e-05, "eps": 1e-05, "duration": 0.025130033493041992, "fun": "0.011682329756513177", "jac": "[ 5.09703391e-06 -1.65956138e-07 -1.85235161e-06 -2.16275886e-06\n  4.95213870e-06  2.33898456e-06]", "hess_inv": "[[  5.20167774  -0.51242334  -1.21209099  -4.07430247  -0.20297429\n    0.85858212]\n [ -0.51242334  22.88042772  11.92227599  -2.0164234  -10.11001693\n   -3.21975874]\n [ -1.21209099  11.92227599   9.48335987   0.43244519  -4.60502976\n   -1.62990509]\n [ -4.07430247  -2.0164234    0.43244519   5.64361896   1.76489746\n   -0.65211552]\n [ -0.20297429 -10.11001693  -4.60502976   1.76489746   5.806067\n    1.46420845]\n [  0.85858212  -3.21975874  -1.62990509  -0.65211552   1.46420845\n    1.93550788]]", "nfev": "147", "njev": "21", "status": "0", "success": "True", "message": "Optimization terminated successfully.", "x": "[3.66493428 1.39869712 4.87174815 7.30839284 3.68910403 0.59653146]", "nit": "18"}, "17": {"maxiter": 1000, "gtol": 1e-05, "xrtol": 1e-05, "eps": 1e-10, "duration": 0.025166749954223633, "fun": "0.011682329802226166", "jac": "[ 7.77156053e-06 -7.77156053e-06  0.00000000e+00  4.44089173e-06\n  0.00000000e+00  2.22044587e-06]", "hess_inv": "[[  5.19388158  -0.52257774  -1.18349918  -4.06167389  -0.19096894\n    0.86098866]\n [ -0.52257774  22.88059585  11.86273907  -2.01790018 -10.14226882\n   -3.21109245]\n [ -1.18349918  11.86273907   9.43280268   0.43105377  -4.5895101\n   -1.60556413]\n [ -4.06167389  -2.01790018   0.43105377   5.64135927   1.76390839\n   -0.64767271]\n [ -0.19096894 -10.14226882  -4.5895101    1.76390839   5.83389551\n    1.46913168]\n [  0.86098866  -3.21109245  -1.60556413  -0.64767271   1.46913168\n    1.93490418]]", "nfev": "147", "njev": "21", "status": "0", "success": "True", "message": "Optimization terminated successfully.", "x": "[3.66495954 1.39872759 4.87189324 7.30840322 3.68922839 0.59645722]", "nit": "18"}, "18": {"maxiter": 1000, "gtol": 1e-05, "xrtol": 1e-10, "eps": 1e-05, "duration": 0.025138139724731445, "fun": "0.011682329756513177", "jac": "[ 5.09703391e-06 -1.65956138e-07 -1.85235161e-06 -2.16275886e-06\n  4.95213870e-06  2.33898456e-06]", "hess_inv": "[[  5.20167774  -0.51242334  -1.21209099  -4.07430247  -0.20297429\n    0.85858212]\n [ -0.51242334  22.88042772  11.92227599  -2.0164234  -10.11001693\n   -3.21975874]\n [ -1.21209099  11.92227599   9.48335987   0.43244519  -4.60502976\n   -1.62990509]\n [ -4.07430247  -2.0164234    0.43244519   5.64361896   1.76489746\n   -0.65211552]\n [ -0.20297429 -10.11001693  -4.60502976   1.76489746   5.806067\n    1.46420845]\n [  0.85858212  -3.21975874  -1.62990509  -0.65211552   1.46420845\n    1.93550788]]", "nfev": "147", "njev": "21", "status": "0", "success": "True", "message": "Optimization terminated successfully.", "x": "[3.66493428 1.39869712 4.87174815 7.30839284 3.68910403 0.59653146]", "nit": "18"}, "19": {"maxiter": 1000, "gtol": 1e-05, "xrtol": 1e-10, "eps": 1e-10, "duration": 0.025163888931274414, "fun": "0.011682329802226166", "jac": "[ 7.77156053e-06 -7.77156053e-06  0.00000000e+00  4.44089173e-06\n  0.00000000e+00  2.22044587e-06]", "hess_inv": "[[  5.19388158  -0.52257774  -1.18349918  -4.06167389  -0.19096894\n    0.86098866]\n [ -0.52257774  22.88059585  11.86273907  -2.01790018 -10.14226882\n   -3.21109245]\n [ -1.18349918  11.86273907   9.43280268   0.43105377  -4.5895101\n   -1.60556413]\n [ -4.06167389  -2.01790018   0.43105377   5.64135927   1.76390839\n   -0.64767271]\n [ -0.19096894 -10.14226882  -4.5895101    1.76390839   5.83389551\n    1.46913168]\n [  0.86098866  -3.21109245  -1.60556413  -0.64767271   1.46913168\n    1.93490418]]", "nfev": "147", "njev": "21", "status": "0", "success": "True", "message": "Optimization terminated successfully.", "x": "[3.66495954 1.39872759 4.87189324 7.30840322 3.68922839 0.59645722]", "nit": "18"}, "20": {"maxiter": 1000, "gtol": 1e-10, "xrtol": 1e-05, "eps": 1e-05, "duration": 0.06454586982727051, "fun": "0.011682329309986805", "jac": "[ 3.16868753e-07 -3.59712260e-09  7.18247684e-07 -5.38646905e-07\n  1.21311849e-06 -4.25159907e-07]", "hess_inv": "[[  5.69800952  -1.38738433  -1.75159475  -4.42674978   0.28732673\n    1.04241215]\n [ -1.38738433  24.33358702  12.75358127  -1.39627599 -10.96931614\n   -3.52418746]\n [ -1.75159475  12.75358127   9.858779     0.80383266  -5.12096361\n   -1.83094136]\n [ -4.42674978  -1.39627599   0.80383266   5.89183088   1.41886849\n   -0.78795519]\n [  0.28732673 -10.96931614  -5.12096361   1.41886849   6.28803367\n    1.65031833]\n [  1.04241215  -3.52418746  -1.83094136  -0.78795519   1.65031833\n    1.98418677]]", "nfev": "382", "njev": "53", "status": "2", "success": "False", "message": "Desired error not necessarily achieved due to precision loss.", "x": "[3.66489117 1.39878897 4.87180945 7.30842228 3.68906194 0.59650827]", "nit": "19"}, "21": {"maxiter": 1000, "gtol": 1e-10, "xrtol": 1e-05, "eps": 1e-10, "duration": 0.02878880500793457, "fun": "0.011682329345182207", "jac": "[-2.22044587e-06 -1.11022293e-06  2.22044587e-06 -4.44089173e-06\n -1.11022293e-06  1.11022293e-06]", "hess_inv": "[[ 6.32035573 -3.53377857 -3.07060446 -4.49565842  1.1241186   1.58605563]\n [-3.53377857 14.41218195  8.77821888  1.40448356 -6.20741767 -3.32943216]\n [-3.07060446  8.77821888  8.41526964  2.19801201 -3.13470346 -1.97824217]\n [-4.49565842  1.40448356  2.19801201  5.46847342  0.23329899 -1.19834947]\n [ 1.1241186  -6.20741767 -3.13470346  0.23329899  4.00836213  1.49216244]\n [ 1.58605563 -3.32943216 -1.97824217 -1.19834947  1.49216244  2.18496113]]", "nfev": "168", "njev": "24", "status": "0", "success": "True", "message": "Optimization terminated successfully.", "x": "[3.6648994  1.39886821 4.87197996 7.30842745 3.68916706 0.59641949]", "nit": "20"}, "22": {"maxiter": 1000, "gtol": 1e-10, "xrtol": 1e-10, "eps": 1e-05, "duration": 0.06404995918273926, "fun": "0.011682329309986805", "jac": "[ 3.16868753e-07 -3.59712260e-09  7.18247684e-07 -5.38646905e-07\n  1.21311849e-06 -4.25159907e-07]", "hess_inv": "[[  5.69800952  -1.38738433  -1.75159475  -4.42674978   0.28732673\n    1.04241215]\n [ -1.38738433  24.33358702  12.75358127  -1.39627599 -10.96931614\n   -3.52418746]\n [ -1.75159475  12.75358127   9.858779     0.80383266  -5.12096361\n   -1.83094136]\n [ -4.42674978  -1.39627599   0.80383266   5.89183088   1.41886849\n   -0.78795519]\n [  0.28732673 -10.96931614  -5.12096361   1.41886849   6.28803367\n    1.65031833]\n [  1.04241215  -3.52418746  -1.83094136  -0.78795519   1.65031833\n    1.98418677]]", "nfev": "382", "njev": "53", "status": "2", "success": "False", "message": "Desired error not necessarily achieved due to precision loss.", "x": "[3.66489117 1.39878897 4.87180945 7.30842228 3.68906194 0.59650827]", "nit": "19"}, "23": {"maxiter": 1000, "gtol": 1e-10, "xrtol": 1e-10, "eps": 1e-10, "duration": 0.04843592643737793, "fun": "0.011682329320451101", "jac": "[ 5.55111466e-06  1.11022293e-06  1.11022293e-06  3.33066880e-06\n -3.33066880e-06 -2.22044587e-06]", "hess_inv": "[[ 183.77037874 -122.65723411  -72.01416085 -136.43849626   80.27841643\n    23.11053024]\n [-122.65723411   83.32344651   47.50516638   89.94238959  -54.41994746\n   -15.35985328]\n [ -72.01416085   47.50516638   28.92442499   53.76953719  -31.38529581\n    -8.64460333]\n [-136.43849626   89.94238959   53.76953719  102.60069151  -59.05022482\n   -17.32001818]\n [  80.27841643  -54.41994746  -31.38529581  -59.05022482   35.80038975\n    10.09498106]\n [  23.11053024  -15.35985328   -8.64460333  -17.32001818   10.09498106\n     4.62145703]]", "nfev": "287", "njev": "41", "status": "0", "success": "True", "message": "Optimization terminated successfully.", "x": "[3.66490073 1.39885938 4.87197521 7.30843251 3.68917416 0.59641593]", "nit": "25"}}, "cobyla": {"0": {"maxiter": 100, "tol": 1e-05, "catol": 1e-05, "duration": 0.01616072654724121, "x": "[3.57742759 1.9612798  5.23044671 7.37153484 3.46346494 0.52876049]", "status": "2", "success": "False", "message": "Maximum number of function evaluations has been exceeded.", "nfev": "100", "fun": "0.01720793056113734", "maxcv": "0.0"}, "1": {"maxiter": 100, "tol": 1e-05, "catol": 1e-10, "duration": 0.01609206199645996, "x": "[3.57742759 1.9612798  5.23044671 7.37153484 3.46346494 0.52876049]", "status": "2", "success": "False", "message": "Maximum number of function evaluations has been exceeded.", "nfev": "100", "fun": "0.01720793056113734", "maxcv": "0.0"}, "2": {"maxiter": 100, "tol": 1e-10, "catol": 1e-05, "duration": 0.016104936599731445, "x": "[3.57742759 1.9612798  5.23044671 7.37153484 3.46346494 0.52876049]", "status": "2", "success": "False", "message": "Maximum number of function evaluations has been exceeded.", "nfev": "100", "fun": "0.01720793056113734", "maxcv": "0.0"}, "3": {"maxiter": 100, "tol": 1e-10, "catol": 1e-10, "duration": 0.01599884033203125, "x": "[3.57742759 1.9612798  5.23044671 7.37153484 3.46346494 0.52876049]", "status": "2", "success": "False", "message": "Maximum number of function evaluations has been exceeded.", "nfev": "100", "fun": "0.01720793056113734", "maxcv": "0.0"}, "4": {"maxiter": 500, "tol": 1e-05, "catol": 1e-05, "duration": 0.07956290245056152, "x": "[3.66545356 1.40295916 4.91504577 7.31399146 3.73371939 0.56706753]", "status": "2", "success": "False", "message": "Maximum number of function evaluations has been exceeded.", "nfev": "500", "fun": "0.011683717911009306", "maxcv": "0.0"}, "5": {"maxiter": 500, "tol": 1e-05, "catol": 1e-10, "duration": 0.07943868637084961, "x": "[3.66545356 1.40295916 4.91504577 7.31399146 3.73371939 0.56706753]", "status": "2", "success": "False", "message": "Maximum number of function evaluations has been exceeded.", "nfev": "500", "fun": "0.011683717911009306", "maxcv": "0.0"}, "6": {"maxiter": 500, "tol": 1e-10, "catol": 1e-05, "duration": 0.07940793037414551, "x": "[3.66545356 1.40295916 4.91504577 7.31399146 3.73371939 0.56706753]", "status": "2", "success": "False", "message": "Maximum number of function evaluations has been exceeded.", "nfev": "500", "fun": "0.011683717911009306", "maxcv": "0.0"}, "7": {"maxiter": 500, "tol": 1e-10, "catol": 1e-10, "duration": 0.07956099510192871, "x": "[3.66545356 1.40295916 4.91504577 7.31399146 3.73371939 0.56706753]", "status": "2", "success": "False", "message": "Maximum number of function evaluations has been exceeded.", "nfev": "500", "fun"