{"date": "2024/07/19/, 17:48:55", "conf_id": 265, "data_type": "var_s_rank\n", "num_data_points": 2, "s_rank": 0, "unitary": "[[-0.45070455-0.02711853j,0.78437395-0.06613086j,0.06358678+0.19963393j,-0.07343613+0.35668523j],[-0.01890143-0.03813363j,0.32408202+0.25557629j,0.05872864-0.68979805j,0.55466693-0.20227297j],[-0.11215405+0.64023111j,-0.13344055+0.29565494j,-0.49012687-0.19046288j,-0.04241254+0.44046348j],[0.55771659+0.24656916j,0.31851997-0.05798805j,0.28761525-0.34294258j,-0.56718418+0.03616933j]]", "databatch_0": {"databatch": "[[[-0.17066353+0.03422238j,0.43365542+0.38591984j,0.19778678-0.28581592j,0.41651783+0.23746484j],[-0.05398241+0.06683397j,0.15080415+0.01391034j,-0.00134615-0.11213864j,0.1609691+0.02157217j],[0.11322277+0.03179186j,-0.14056436-0.232592j,-0.15052614+0.11279576j,-0.12444667-0.22745757j],[0.00386115-0.0075901j,0.06794577+0.09088177j,0.04769384-0.04658235j,0.05199383+0.04864188j]],[[0.41833686-0.25134698j,0.28701797-0.13151338j,-0.07872126-0.02543956j,-0.06101498-0.1912313j],[-0.38731158+0.06635309j,-0.25377166+0.0148121j,0.05163069+0.04208774j,-0.01009509+0.16130588j],[0.36291867-0.22097071j,0.2492059-0.11596893j,-0.06866593-0.02174413j,-0.05410107-0.16617475j],[0.14202018-0.15925518j,0.10275401-0.09217391j,-0.03616926-0.00039967j,-0.05030366-0.07191675j]]]", "initial param values": "[6.02769403,2.69307052,3.09959862,4.59132242,6.24828395,1.14954378]", "nelder_mead": {"type": "gradient-free", "0": {"maxiter": 100, "fatol": 1e-05, "xatol": 1e-05, "duration": 0.026875019073486328, "fun": "0.24042822451668477", "nit": "100", "nfev": "156", "status": "2", "success": "False", "message": "Maximum number of iterations has been exceeded.", "x": "[3.99345035 4.85482237 4.16649838 3.03723963 4.6906112  0.69697352]", "final_simplex": "(array([[3.99345035, 4.85482237, 4.16649838, 3.03723963, 4.6906112 ,\n        0.69697352],\n       [4.25268384, 5.14925614, 4.16749372, 2.87370818, 4.44055032,\n        0.54283926],\n       [4.15546797, 4.93836928, 4.11938579, 3.09489199, 4.44379582,\n        0.635249  ],\n       [4.29090896, 5.17037742, 4.21321772, 2.85157827, 4.55523361,\n        0.52161665],\n       [4.1871157 , 5.24999158, 4.18653804, 2.86053167, 4.27223068,\n        0.53745996],\n       [4.1753987 , 5.20714423, 4.12966201, 2.91563756, 4.40520614,\n        0.52860457],\n       [4.0202919 , 4.90810596, 3.93583319, 3.00026034, 4.55532407,\n        0.73222177]]), array([0.24042822, 0.25232483, 0.25469441, 0.25582151, 0.2578209 ,\n       0.25812268, 0.25820814]))"}, "1": {"maxiter": 100, "fatol": 1e-05, "xatol": 1e-10, "duration": 0.026811838150024414, "fun": "0.24042822451668477", "nit": "100", "nfev": "156", "status": "2", "success": "False", "message": "Maximum number of iterations has been exceeded.", "x": "[3.99345035 4.85482237 4.16649838 3.03723963 4.6906112  0.69697352]", "final_simplex": "(array([[3.99345035, 4.85482237, 4.16649838, 3.03723963, 4.6906112 ,\n        0.69697352],\n       [4.25268384, 5.14925614, 4.16749372, 2.87370818, 4.44055032,\n        0.54283926],\n       [4.15546797, 4.93836928, 4.11938579, 3.09489199, 4.44379582,\n        0.635249  ],\n       [4.29090896, 5.17037742, 4.21321772, 2.85157827, 4.55523361,\n        0.52161665],\n       [4.1871157 , 5.24999158, 4.18653804, 2.86053167, 4.27223068,\n        0.53745996],\n       [4.1753987 , 5.20714423, 4.12966201, 2.91563756, 4.40520614,\n        0.52860457],\n       [4.0202919 , 4.90810596, 3.93583319, 3.00026034, 4.55532407,\n        0.73222177]]), array([0.24042822, 0.25232483, 0.25469441, 0.25582151, 0.2578209 ,\n       0.25812268, 0.25820814]))"}, "2": {"maxiter": 100, "fatol": 1e-10, "xatol": 1e-05, "duration": 0.026690959930419922, "fun": "0.24042822451668477", "nit": "100", "nfev": "156", "status": "2", "success": "False", "message": "Maximum number of iterations has been exceeded.", "x": "[3.99345035 4.85482237 4.16649838 3.03723963 4.6906112  0.69697352]", "final_simplex": "(array([[3.99345035, 4.85482237, 4.16649838, 3.03723963, 4.6906112 ,\n        0.69697352],\n       [4.25268384, 5.14925614, 4.16749372, 2.87370818, 4.44055032,\n        0.54283926],\n       [4.15546797, 4.93836928, 4.11938579, 3.09489199, 4.44379582,\n        0.635249  ],\n       [4.29090896, 5.17037742, 4.21321772, 2.85157827, 4.55523361,\n        0.52161665],\n       [4.1871157 , 5.24999158, 4.18653804, 2.86053167, 4.27223068,\n        0.53745996],\n       [4.1753987 , 5.20714423, 4.12966201, 2.91563756, 4.40520614,\n        0.52860457],\n       [4.0202919 , 4.90810596, 3.93583319, 3.00026034, 4.55532407,\n        0.73222177]]), array([0.24042822, 0.25232483, 0.25469441, 0.25582151, 0.2578209 ,\n       0.25812268, 0.25820814]))"}, "3": {"maxiter": 100, "fatol": 1e-10, "xatol": 1e-10, "duration": 0.02672410011291504, "fun": "0.24042822451668477", "nit": "100", "nfev": "156", "status": "2", "success": "False", "message": "Maximum number of iterations has been exceeded.", "x": "[3.99345035 4.85482237 4.16649838 3.03723963 4.6906112  0.69697352]", "final_simplex": "(array([[3.99345035, 4.85482237, 4.16649838, 3.03723963, 4.6906112 ,\n        0.69697352],\n       [4.25268384, 5.14925614, 4.16749372, 2.87370818, 4.44055032,\n        0.54283926],\n       [4.15546797, 4.93836928, 4.11938579, 3.09489199, 4.44379582,\n        0.635249  ],\n       [4.29090896, 5.17037742, 4.21321772, 2.85157827, 4.55523361,\n        0.52161665],\n       [4.1871157 , 5.24999158, 4.18653804, 2.86053167, 4.27223068,\n        0.53745996],\n       [4.1753987 , 5.20714423, 4.12966201, 2.91563756, 4.40520614,\n        0.52860457],\n       [4.0202919 , 4.90810596, 3.93583319, 3.00026034, 4.55532407,\n        0.73222177]]), array([0.24042822, 0.25232483, 0.25469441, 0.25582151, 0.2578209 ,\n       0.25812268, 0.25820814]))"}, "4": {"maxiter": 500, "fatol": 1e-05, "xatol": 1e-05, "duration": 0.12081408500671387, "fun": "0.1940303624386598", "nit": "454", "nfev": "699", "status": "0", "success": "True", "message": "Optimization terminated successfully.", "x": "[ 4.27316698  4.60590421  4.29109589  2.4678497   3.96094696 -0.14430337]", "final_simplex": "(array([[ 4.27316698,  4.60590421,  4.29109589,  2.4678497 ,  3.96094696,\n        -0.14430337],\n       [ 4.27317115,  4.60590397,  4.29109588,  2.4678475 ,  3.96095289,\n        -0.14429883],\n       [ 4.27316849,  4.60590489,  4.29109871,  2.46784757,  3.9609537 ,\n        -0.14429672],\n       [ 4.27317271,  4.60590222,  4.29109678,  2.46784468,  3.96094215,\n        -0.14430643],\n       [ 4.27316841,  4.60590996,  4.2910983 ,  2.46785247,  3.96094256,\n        -0.14430394],\n       [ 4.27316614,  4.60590555,  4.29110212,  2.46785021,  3.96095242,\n        -0.14429989],\n       [ 4.27317108,  4.60590409,  4.291097  ,  2.46784892,  3.96095168,\n        -0.14429594]]), array([0.19403036, 0.19403036, 0.19403036, 0.19403036, 0.19403036,\n       0.19403036, 0.19403036]))"}, "5": {"maxiter": 500, "fatol": 1e-05, "xatol": 1e-10, "duration": 0.13249492645263672, "fun": "0.19403036243731953", "nit": "500", "nfev": "776", "status": "2", "success": "False", "message": "Maximum number of iterations has been exceeded.", "x": "[ 4.27316925  4.60590422  4.29109586  2.46784715  3.96094751 -0.1443032 ]", "final_simplex": "(array([[ 4.27316925,  4.60590422,  4.29109586,  2.46784715,  3.96094751,\n        -0.1443032 ],\n       [ 4.27316908,  4.60590431,  4.29109587,  2.46784739,  3.96094745,\n        -0.14430317],\n       [ 4.27316927,  4.6059041 ,  4.29109576,  2.46784716,  3.96094729,\n        -0.14430335],\n       [ 4.27316954,  4.60590397,  4.29109556,  2.46784703,  3.96094749,\n        -0.14430313],\n       [ 4.27316931,  4.60590432,  4.29109594,  2.46784735,  3.96094719,\n        -0.14430326],\n       [ 4.27316934,  4.60590391,  4.29109597,  2.46784705,  3.96094748,\n        -0.14430315],\n       [ 4.27316938,  4.60590409,  4.29109595,  2.46784722,  3.96094738,\n        -0.14430332]]), array([0.19403036, 0.19403036, 0.19403036, 0.19403036, 0.19403036,\n       0.19403036, 0.19403036]))"}, "6": {"maxiter": 500, "fatol": 1e-10, "xatol": 1e-05, "duration": 0.11926984786987305, "fun": "0.1940303624386598", "nit": "454", "nfev": "699", "status": "0", "success": "True", "message": "Optimization terminated successfully.", "x": "[ 4.27316698  4.60590421  4.29109589  2.4678497   3.96094696 -0.14430337]", "final_simplex": "(array([[ 4.27316698,  4.60590421,  4.29109589,  2.4678497 ,  3.96094696,\n        -0.14430337],\n       [ 4.27317115,  4.60590397,  4.29109588,  2.4678475 ,  3.96095289,\n        -0.14429883],\n       [ 4.27316849,  4.60590489,  4.29109871,  2.46784757,  3.9609537 ,\n        -0.14429672],\n       [ 4.27317271,  4.60590222,  4.29109678,  2.46784468,  3.96094215,\n        -0.14430643],\n       [ 4.27316841,  4.60590996,  4.2910983 ,  2.46785247,  3.96094256,\n        -0.14430394],\n       [ 4.27316614,  4.60590555,  4.29110212,  2.46785021,  3.96095242,\n        -0.14429989],\n       [ 4.27317108,  4.60590409,  4.291097  ,  2.46784892,  3.96095168,\n        -0.14429594]]), array([0.19403036, 0.19403036, 0.19403036, 0.19403036, 0.19403036,\n       0.19403036, 0.19403036]))"}, "7": {"maxiter": 500, "fatol": 1e-10, "xatol": 1e-10, "duration": 0.1323258876800537, "fun": "0.19403036243731953", "nit": "500", "nfev": "776", "status": "2", "success": "False", "message": "Maximum number of iterations has been exceeded.", "x": "[ 4.27316925  4.60590422  4.29109586  2.46784715  3.96094751 -0.1443032 ]", "final_simplex": "(array([[ 4.27316925,  4.60590422,  4.29109586,  2.46784715,  3.96094751,\n        -0.1443032 ],\n       [ 4.27316908,  4.60590431,  4.29109587,  2.46784739,  3.96094745,\n        -0.14430317],\n       [ 4.27316927,  4.6059041 ,  4.29109576,  2.46784716,  3.96094729,\n        -0.14430335],\n       [ 4.27316954,  4.60590397,  4.29109556,  2.46784703,  3.96094749,\n        -0.14430313],\n       [ 4.27316931,  4.60590432,  4.29109594,  2.46784735,  3.96094719,\n        -0.14430326],\n       [ 4.27316934,  4.60590391,  4.29109597,  2.46784705,  3.96094748,\n        -0.14430315],\n       [ 4.27316938,  4.60590409,  4.29109595,  2.46784722,  3.96094738,\n        -0.14430332]]), array([0.19403036, 0.19403036, 0.19403036, 0.19403036, 0.19403036,\n       0.19403036, 0.19403036]))"}, "8": {"maxiter": 1000, "fatol": 1e-05, "xatol": 1e-05, "duration": 0.11906194686889648, "fun": "0.1940303624386598", "nit": "454", "nfev": "699", "status": "0", "success": "True", "message": "Optimization terminated successfully.", "x": "[ 4.27316698  4.60590421  4.29109589  2.4678497   3.96094696 -0.14430337]", "final_simplex": "(array([[ 4.27316698,  4.60590421,  4.29109589,  2.4678497 ,  3.96094696,\n        -0.14430337],\n       [ 4.27317115,  4.60590397,  4.29109588,  2.4678475 ,  3.96095289,\n        -0.14429883],\n       [ 4.27316849,  4.60590489,  4.29109871,  2.46784757,  3.9609537 ,\n        -0.14429672],\n       [ 4.27317271,  4.60590222,  4.29109678,  2.46784468,  3.96094215,\n        -0.14430643],\n       [ 4.27316841,  4.60590996,  4.2910983 ,  2.46785247,  3.96094256,\n        -0.14430394],\n       [ 4.27316614,  4.60590555,  4.29110212,  2.46785021,  3.96095242,\n        -0.14429989],\n       [ 4.27317108,  4.60590409,  4.291097  ,  2.46784892,  3.96095168,\n        -0.14429594]]), array([0.19403036, 0.19403036, 0.19403036, 0.19403036, 0.19403036,\n       0.19403036, 0.19403036]))"}, "9": {"maxiter": 1000, "fatol": 1e-05, "xatol": 1e-10, "duration": 0.16159510612487793, "fun": "0.1940303624373102", "nit": "568", "nfev": "946", "status": "0", "success": "True", "message": "Optimization terminated successfully.", "x": "[ 4.27316927  4.60590415  4.29109584  2.4678471   3.96094782 -0.1443028 ]", "final_simplex": "(array([[ 4.27316927,  4.60590415,  4.29109584,  2.4678471 ,  3.96094782,\n        -0.1443028 ],\n       [ 4.27316927,  4.60590415,  4.29109584,  2.4678471 ,  3.96094782,\n        -0.1443028 ],\n       [ 4.27316927,  4.60590415,  4.29109584,  2.4678471 ,  3.96094782,\n        -0.1443028 ],\n       [ 4.27316927,  4.60590415,  4.29109584,  2.4678471 ,  3.96094782,\n        -0.1443028 ],\n       [ 4.27316927,  4.60590415,  4.29109584,  2.4678471 ,  3.96094782,\n        -0.1443028 ],\n       [ 4.27316927,  4.60590415,  4.29109584,  2.4678471 ,  3.96094782,\n        -0.1443028 ],\n       [ 4.27316927,  4.60590415,  4.29109584,  2.4678471 ,  3.96094782,\n        -0.1443028 ]]), array([0.19403036, 0.19403036, 0.19403036, 0.19403036, 0.19403036,\n       0.19403036, 0.19403036]))"}, "10": {"maxiter": 1000, "fatol": 1e-10, "xatol": 1e-05, "duration": 0.11962127685546875, "fun": "0.1940303624386598", "nit": "454", "nfev": "699", "status": "0", "success": "True", "message": "Optimization terminated successfully.", "x": "[ 4.27316698  4.60590421  4.29109589  2.4678497   3.96094696 -0.14430337]", "final_simplex": "(array([[ 4.27316698,  4.60590421,  4.29109589,  2.4678497 ,  3.96094696,\n        -0.14430337],\n       [ 4.27317115,  4.60590397,  4.29109588,  2.4678475 ,  3.96095289,\n        -0.14429883],\n       [ 4.27316849,  4.60590489,  4.29109871,  2.46784757,  3.9609537 ,\n        -0.14429672],\n       [ 4.27317271,  4.60590222,  4.29109678,  2.46784468,  3.96094215,\n        -0.14430643],\n       [ 4.27316841,  4.60590996,  4.2910983 ,  2.46785247,  3.96094256,\n        -0.14430394],\n       [ 4.27316614,  4.60590555,  4.29110212,  2.46785021,  3.96095242,\n        -0.14429989],\n       [ 4.27317108,  4.60590409,  4.291097  ,  2.46784892,  3.96095168,\n        -0.14429594]]), array([0.19403036, 0.19403036, 0.19403036, 0.19403036, 0.19403036,\n       0.19403036, 0.19403036]))"}, "11": {"maxiter": 1000, "fatol": 1e-10, "xatol": 1e-10, "duration": 0.1613471508026123, "fun": "0.1940303624373102", "nit": "568", "nfev": "946", "status": "0", "success": "True", "message": "Optimization terminated successfully.", "x": "[ 4.27316927  4.60590415  4.29109584  2.4678471   3.96094782 -0.1443028 ]", "final_simplex": "(array([[ 4.27316927,  4.60590415,  4.29109584,  2.4678471 ,  3.96094782,\n        -0.1443028 ],\n       [ 4.27316927,  4.60590415,  4.29109584,  2.4678471 ,  3.96094782,\n        -0.1443028 ],\n       [ 4.27316927,  4.60590415,  4.29109584,  2.4678471 ,  3.96094782,\n        -0.1443028 ],\n       [ 4.27316927,  4.60590415,  4.29109584,  2.4678471 ,  3.96094782,\n        -0.1443028 ],\n       [ 4.27316927,  4.60590415,  4.29109584,  2.4678471 ,  3.96094782,\n        -0.1443028 ],\n       [ 4.27316927,  4.60590415,  4.29109584,  2.4678471 ,  3.96094782,\n        -0.1443028 ],\n       [ 4.27316927,  4.60590415,  4.29109584,  2.4678471 ,  3.96094782,\n        -0.1443028 ]]), array([0.19403036, 0.19403036, 0.19403036, 0.19403036, 0.19403036,\n       0.19403036, 0.19403036]))"}}, "bfgs": {"type": "gradient", "0": {"maxiter": 100, "gtol": 1e-05, "xrtol": 1e-05, "eps": 1e-05, "duration": 0.04929685592651367, "fun": "0.1940303625197788", "jac": "[-5.74051917e-07 -4.76341189e-07  6.53277432e-07 -5.17808019e-08\n -1.01282316e-06 -6.20392626e-08]", "hess_inv": "[[ 4.23834863 -1.73803876 -0.99973284 -2.21698806 -0.77941919 -1.02430611]\n [-1.73803876  6.11186416  2.85465221  3.86629141 -2.10575455  0.04872545]\n [-0.99973284  2.85465221  6.2033155   2.13244204  0.70802761  1.32727888]\n [-2.21698806  3.86629141  2.13244204  5.60147933 -1.67596705 -0.39510099]\n [-0.77941919 -2.10575455  0.70802761 -1.67596705 11.63921769  7.53687831]\n [-1.02430611  0.04872545  1.32727888 -0.39510099  7.53687831  8.50571551]]", "nfev": "280", "njev": "40", "status": "0", "success": "True", "message": "Optimization terminated successfully.", "x": "[ 4.27317192  4.60589001  4.29108225  2.46783582  3.9609167  -0.14433301]", "nit": "30"}, "1": {"maxiter": 100, "gtol": 1e-05, "xrtol": 1e-05, "eps": 1e-10, "duration": 0.04750180244445801, "fun": "0.1940303627365103", "jac": "[-9.99200639e-06 -3.33066880e-06  4.44089173e-06 -1.11022293e-06\n -6.66133760e-06  7.77156053e-06]", "hess_inv": "[[ 4.64403206 -1.97231274 -0.98521    -2.32067952 -0.66316192 -1.04103793]\n [-1.97231274  6.040098    2.9050528   3.8780609  -2.3068936  -0.01467412]\n [-0.98521     2.9050528   6.22540509  2.32865458  0.64738603  1.17909211]\n [-2.32067952  3.8780609   2.32865458  5.77833051 -1.48958648 -0.24569648]\n [-0.66316192 -2.3068936   0.64738603 -1.48958648 11.44968583  7.46422295]\n [-1.04103793 -0.01467412  1.17909211 -0.24569648  7.46422295  8.34647628]]", "nfev": "273", "njev": "39", "status": "0", "success": "True", "message": "Optimization terminated successfully.", "x": "[ 4.27312693  4.60592684  4.29112371  2.46787216  3.96094841 -0.14427434]", "nit": "29"}, "2": {"maxiter": 100, "gtol": 1e-05, "xrtol": 1e-10, "eps": 1e-05, "duration": 0.04860091209411621, "fun": "0.1940303625197788", "jac": "[-5.74051917e-07 -4.76341189e-07  6.53277432e-07 -5.17808019e-08\n -1.01282316e-06 -6.20392626e-08]", "hess_inv": "[[ 4.23834863 -1.73803876 -0.99973284 -2.21698806 -0.77941919 -1.02430611]\n [-1.73803876  6.11186416  2.85465221  3.86629141 -2.10575455  0.04872545]\n [-0.99973284  2.85465221  6.2033155   2.13244204  0.70802761  1.32727888]\n [-2.21698806  3.86629141  2.13244204  5.60147933 -1.67596705 -0.39510099]\n [-0.77941919 -2.10575455  0.70802761 -1.67596705 11.63921769  7.53687831]\n [-1.02430611  0.04872545  1.32727888 -0.39510099  7.53687831  8.50571551]]", "nfev": "280", "njev": "40", "status": "0", "success": "True", "message": "Optimization terminated successfully.", "x": "[ 4.27317192  4.60589001  4.29108225  2.46783582  3.9609167  -0.14433301]", "nit": "30"}, "3": {"maxiter": 100, "gtol": 1e-05, "xrtol": 1e-10, "eps": 1e-10, "duration": 0.04737401008605957, "fun": "0.1940303627365103", "jac": "[-9.99200639e-06 -3.33066880e-06  4.44089173e-06 -1.11022293e-06\n -6.66133760e-06  7.77156053e-06]", "hess_inv": "[[ 4.64403206 -1.97231274 -0.98521    -2.32067952 -0.66316192 -1.04103793]\n [-1.97231274  6.040098    2.9050528   3.8780609  -2.3068936  -0.01467412]\n [-0.98521     2.9050528   6.22540509  2.32865458  0.64738603  1.17909211]\n [-2.32067952  3.8780609   2.32865458  5.77833051 -1.48958648 -0.24569648]\n [-0.66316192 -2.3068936   0.64738603 -1.48958648 11.44968583  7.46422295]\n [-1.04103793 -0.01467412  1.17909211 -0.24569648  7.46422295  8.34647628]]", "nfev": "273", "njev": "39", "status": "0", "success": "True", "message": "Optimization terminated successfully.", "x": "[ 4.27312693  4.60592684  4.29112371  2.46787216  3.96094841 -0.14427434]", "nit": "29"}, "4": {"maxiter": 100, "gtol": 1e-10, "xrtol": 1e-05, "eps": 1e-05, "duration": 0.04841184616088867, "fun": "0.1940303625197788", "jac": "[-5.74051917e-07 -4.76341189e-07  6.53277432e-07 -5.17808019e-08\n -1.01282316e-06 -6.20392626e-08]", "hess_inv": "[[ 4.23834863 -1.73803876 -0.99973284 -2.21698806 -0.77941919 -1.02430611]\n [-1.73803876  6.11186416  2.85465221  3.86629141 -2.10575455  0.04872545]\n [-0.99973284  2.85465221  6.2033155   2.13244204  0.70802761  1.32727888]\n [-2.21698806  3.86629141  2.13244204  5.60147933 -1.67596705 -0.39510099]\n [-0.77941919 -2.10575455  0.70802761 -1.67596705 11.63921769  7.53687831]\n [-1.02430611  0.04872545  1.32727888 -0.39510099  7.53687831  8.50571551]]", "nfev": "280", "njev": "40", "status": "0", "success": "True", "message": "Optimization terminated successfully.", "x": "[ 4.27317192  4.60589001  4.29108225  2.46783582  3.9609167  -0.14433301]", "nit": "30"}, "5": {"maxiter": 100, "gtol": 1e-10, "xrtol": 1e-05, "eps": 1e-10, "duration": 0.04841113090515137, "fun": "0.19403036244719274", "jac": "[-1.11022293e-06  2.22044587e-06  0.00000000e+00  1.11022293e-06\n  1.11022293e-06  0.00000000e+00]", "hess_inv": "[[ 4.0238652  -1.48525354 -0.75280316 -1.9908685  -0.59139486 -0.77627478]\n [-1.48525354  5.74592876  2.62720131  3.63273863 -2.32930978 -0.30818198]\n [-0.75280316  2.62720131  6.24116331  2.19027589  0.58386397  1.17219945]\n [-1.9908685   3.63273863  2.19027589  5.60505826 -1.52248868 -0.39976984]\n [-0.59139486 -2.32930978  0.58386397 -1.52248868 11.45442442  7.40070481]\n [-0.77627478 -0.30818198  1.17219945 -0.39976984  7.40070481  8.31632171]]", "nfev": "280", "njev": "40", "status": "0", "success": "True", "message": "Optimization terminated successfully.", "x": "[ 4.27316542  4.60591038  4.29109443  2.46785383  3.96094925 -0.14430411]", "nit": "30"}, "6": {"maxiter": 100, "gtol": 1e-10, "xrtol": 1e-10, "eps": 1e-05, "duration": 0.05341315269470215, "fun": "0.19403036249661998", "jac": "[-2.22044605e-11  0.00000000e+00 -1.11022302e-11 -1.11022302e-11\n -1.11022302e-11 -3.33066907e-11]", "hess_inv": "[[ 4.33976587 -1.81379461 -1.01271859 -2.32556084 -0.68593696 -1.07326255]\n [-1.81379461  6.07301695  2.88789665  3.82291862 -2.26688569 -0.02537682]\n [-1.01271859  2.88789665  6.26669415  2.13946728  0.39383809  1.10965047]\n [-2.32556084  3.82291862  2.13946728  5.55350689 -1.75323331 -0.3622772 ]\n [-0.68593696 -2.26688569  0.39383809 -1.75323331 13.13294351  8.56756418]\n [-1.07326255 -0.02537682  1.10965047 -0.3622772   8.56756418  9.32468807]]", "nfev": "308", "njev": "44", "status": "0", "success": "True", "message": "Optimization terminated successfully.", "x": "[ 4.27317336  4.60588782  4.2910795   2.46783334  3.96092888 -0.14432505]", "nit": "34"}, "7": {"maxiter": 100, "gtol": 1e-10, "xrtol": 1e-10, "eps": 1e-10, "duration": 0.08212089538574219, "fun": "0.194030362444769", "jac": "[ 2.22044587e-06  2.22044587e-06 -1.11022293e-06  4.44089173e-06\n  2.22044587e-06 -2.22044587e-06]", "hess_inv": "[[ 7.72262257 -3.06640014 -1.74909849 -4.65213127 -7.74559897 -7.41774636]\n [-3.06640014  3.74854381  1.23121329  3.1743392   4.82469493  5.56871754]\n [-1.74909849  1.23121329  5.13902046  1.88320509  5.81523123  5.29954319]\n [-4.65213127  3.1743392   1.88320509  6.5353598   5.81619905  6.05967934]\n [-7.74559897  4.82469493  5.81523123  5.81619905 16.97480968 14.52525521]\n [-7.41774636  5.56871754  5.29954319  6.05967934 14.52525521 16.2319408 ]]", "nfev": "478", "njev": "67", "status": "0", "success": "True", "message": "Optimization terminated successfully.", "x": "[ 4.27317126  4.60590329  4.29108932  2.4678471   3.96094664 -0.14430851]", "nit": "32"}, "8": {"maxiter": 500, "gtol": 1e-05, "xrtol": 1e-05, "eps": 1e-05, "duration": 0.04850482940673828, "fun": "0.1940303625197788", "jac": "[-5.74051917e-07 -4.76341189e-07  6.53277432e-07 -5.17808019e-08\n -1.01282316e-06 -6.20392626e-08]", "hess_inv": "[[ 4.23834863 -1.73803876 -0.99973284 -2.21698806 -0.77941919 -1.02430611]\n [-1.73803876  6.11186416  2.85465221  3.86629141 -2.10575455  0.04872545]\n [-0.99973284  2.85465221  6.2033155   2.13244204  0.70802761  1.32727888]\n [-2.21698806  3.86629141  2.13244204  5.60147933 -1.67596705 -0.39510099]\n [-0.77941919 -2.10575455  0.70802761 -1.67596705 11.63921769  7.53687831]\n [-1.02430611  0.04872545  1.32727888 -0.39510099  7.53687831  8.50571551]]", "nfev": "280", "njev": "40", "status": "0", "success": "True", "message": "Optimization terminated successfully.", "x": "[ 4.27317192  4.60589001  4.29108225  2.46783582  3.9609167  -0.14433301]", "nit": "30"}, "9": {"maxiter": 500, "gtol": 1e-05, "xrtol": 1e-05, "eps": 1e-10, "duration": 0.04726409912109375, "fun": "0.1940303627365103", "jac": "[-9.99200639e-06 -3.33066880e-06  4.44089173e-06 -1.11022293e-06\n -6.66133760e-06  7.77156053e-06]", "hess_inv": "[[ 4.64403206 -1.97231274 -0.98521    -2.32067952 -0.66316192 -1.04103793]\n [-1.97231274  6.040098    2.9050528   3.8780609  -2.3068936  -0.01467412]\n [-0.98521     2.9050528   6.22540509  2.32865458  0.64738603  1.17909211]\n [-2.32067952  3.8780609   2.32865458  5.77833051 -1.48958648 -0.24569648]\n [-0.66316192 -2.3068936   0.64738603 -1.48958648 11.44968583  7.46422295]\n [-1.04103793 -0.01467412  1.17909211 -0.24569648  7.46422295  8.34647628]]", "nfev": "273", "njev": "39", "status": "0", "success": "True", "message": "Optimization terminated successfully.", "x": "[ 4.27312693  4.60592684  4.29112371  2.46787216  3.96094841 -0.14427434]", "nit": "29"}, "10": {"maxiter": 500, "gtol": 1e-05, "xrtol": 1e-10, "eps": 1e-05, "duration": 0.048467159271240234, "fun": "0.1940303625197788", "jac": "[-5.74051917e-07 -4.76341189e-07  6.53277432e-07 -5.17808019e-08\n -1.01282316e-06 -6.20392626e-08]", "hess_inv": "[[ 4.23834863 -1.73803876 -0.99973284 -2.21698806 -0.77941919 -1.02430611]\n [-1.73803876  6.11186416  2.85465221  3.86629141 -2.10575455  0.04872545]\n [-0.99973284  2.85465221  6.2033155   2.13244204  0.70802761  1.32727888]\n [-2.21698806  3.86629141  2.13244204  5.60147933 -1.67596705 -0.39510099]\n [-0.77941919 -2.10575455  0.70802761 -1.67596705 11.63921769  7.53687831]\n [-1.02430611  0.04872545  1.32727888 -0.39510099  7.53687831  8.50571551]]", "nfev": "280", "njev": "40", "status": "0", "success": "True", "message": "Optimization terminated successfully.", "x": "[ 4.27317192  4.60589001  4.29108225  2.46783582  3.9609167  -0.14433301]", "nit": "30"}, "11": {"maxiter": 500, "gtol": 1e-05, "xrtol": 1e-10, "eps": 1e-10, "duration": 0.0474092960357666, "fun": "0.1940303627365103", "jac": "[-9.99200639e-06 -3.33066880e-06  4.44089173e-06 -1.11022293e-06\n -6.66133760e-06  7.77156053e-06]", "hess_inv": "[[ 4.64403206 -1.97231274 -0.98521    -2.32067952 -0.66316192 -1.04103793]\n [-1.97231274  6.040098    2.9050528   3.8780609  -2.3068936  -0.01467412]\n [-0.98521     2.9050528   6.22540509  2.32865458  0.64738603  1.17909211]\n [-2.32067952  3.8780609   2.32865458  5.77833051 -1.48958648 -0.24569648]\n [-0.66316192 -2.3068936   0.64738603 -1.48958648 11.44968583  7.46422295]\n [-1.04103793 -0.01467412  1.17909211 -0.24569648  7.46422295  8.34647628]]", "nfev": "273", "njev": "39", "status": "0", "success": "True", "message": "Optimization terminated successfully.", "x": "[ 4.27312693  4.60592684  4.29112371  2.46787216  3.96094841 -0.14427434]", "nit": "29"}, "12": {"maxiter": 500, "gtol": 1e-10, "xrtol": 1e-05, "eps": 1e-05, "duration": 0.04885721206665039, "fun": "0.1940303625197788", "jac": "[-5.74051917e-07 -4.76341189e-07  6.53277432e-07 -5.17808019e-08\n -1.01282316e-06 -6.20392626e-08]", "hess_inv": "[[ 4.23834863 -1.73803876 -0.99973284 -2.21698806 -0.77941919 -1.02430611]\n [-1.73803876  6.11186416  2.85465221  3.86629141 -2.10575455  0.04872545]\n [-0.99973284  2.85465221  6.2033155   2.13244204  0.70802761  1.32727888]\n [-2.21698806  3.86629141  2.13244204  5.60147933 -1.67596705 -0.39510099]\n [-0.77941919 -2.10575455  0.70802761 -1.67596705 11.63921769  7.53687831]\n [-1.02430611  0.04872545  1.32727888 -0.39510099  7.53687831  8.50571551]]", "nfev": "280", "njev": "40", "status": "0", "success": "True", "message": "Optimization terminated successfully.", "x": "[ 4.27317192  4.60589001  4.29108225  2.46783582  3.9609167  -0.14433301]", "nit": "30"}, "13": {"maxiter": 500, "gtol": 1e-10, "xrtol": 1e-05, "eps": 1e-10, "duration": 0.04848480224609375, "fun": "0.19403036244719274", "jac": "[-1.11022293e-06  2.22044587e-06  0.00000000e+00  1.11022293e-06\n  1.11022293e-06  0.00000000e+00]", "hess_inv": "[[ 4.0238652  -1.48525354 -0.75280316 -1.9908685  -0.59139486 -0.77627478]\n [-1.48525354  5.74592876  2.62720131  3.63273863 -2.32930978 -0.30818198]\n [-0.75280316  2.62720131  6.24116331  2.19027589  0.58386397  1.17219945]\n [-1.9908685   3.63273863  2.19027589  5.60505826 -1.52248868 -0.39976984]\n [-0.59139486 -2.32930978  0.58386397 -1.52248868 11.45442442  7.40070481]\n [-0.77627478 -0.30818198  1.17219945 -0.39976984  7.40070481  8.31632171]]", "nfev": "280", "njev": "40", "status": "0", "success": "True", "message": "Optimization terminated successfully.", "x": "[ 4.27316542  4.60591038  4.29109443  2.46785383  3.96094925 -0.14430411]", "nit": "30"}, "14": {"maxiter": 500, "gtol": 1e-10, "xrtol": 1e-10, "eps": 1e-05, "duration": 0.053420066833496094, "fun": "0.19403036249661998", "jac": "[-2.22044605e-11  0.00000000e+00 -1.11022302e-11 -1.11022302e-11\n -1.11022302e-11 -3.33066907e-11]", "hess_inv": "[[ 4.33976587 -1.81379461 -1.01271859 -2.32556084 -0.68593696 -1.07326255]\n [-1.81379461  6.07301695  2.88789665  3.82291862 -2.26688569 -0.02537682]\n [-1.01271859  2.88789665  6.26669415  2.13946728  0.39383809  1.10965047]\n [-2.32556084  3.82291862  2.13946728  5.55350689 -1.75323331 -0.3622772 ]\n [-0.68593696 -2.26688569  0.39383809 -1.75323331 13.13294351  8.56756418]\n [-1.07326255 -0.02537682  1.10965047 -0.3622772   8.56756418  9.32468807]]", "nfev": "308", "njev": "44", "status": "0", "success": "True", "message": "Optimization terminated successfully.", "x": "[ 4.27317336  4.60588782  4.2910795   2.46783334  3.96092888 -0.14432505]", "nit": "34"}, "15": {"maxiter": 500, "gtol": 1e-10, "xrtol": 1e-10, "eps": 1e-10, "duration": 0.0824580192565918, "fun": "0.194030362444769", "jac": "[ 2.22044587e-06  2.22044587e-06 -1.11022293e-06  4.44089173e-06\n  2.22044587e-06 -2.22044587e-06]", "hess_inv": "[[ 7.72262257 -3.06640014 -1.74909849 -4.65213127 -7.74559897 -7.41774636]\n [-3.06640014  3.74854381  1.23121329  3.1743392   4.82469493  5.56871754]\n [-1.74909849  1.23121329  5.13902046  1.88320509  5.81523123  5.29954319]\n [-4.65213127  3.1743392   1.88320509  6.5353598   5.81619905  6.05967934]\n [-7.74559897  4.82469493  5.81523123  5.81619905 16.97480968 14.52525521]\n [-7.41774636  5.56871754  5.29954319  6.05967934 14.52525521 16.2319408 ]]", "nfev": "478", "njev": "67", "status": "0", "success": "True", "message": "Optimization terminated successfully.", "x": "[ 4.27317126  4.60590329  4.29108932  2.4678471   3.96094664 -0.14430851]", "nit": "32"}, "16": {"maxiter": 1000, "gtol": 1e-05, "xrtol": 1e-05, "eps": 1e-05, "duration": 0.04851889610290527, "fun": "0.1940303625197788", "jac": "[-5.74051917e-07 -4.76341189e-07  6.53277432e-07 -5.17808019e-08\n -1.01282316e-06 -6.20392626e-08]", "hess_inv": "[[ 4.23834863 -1.73803876 -0.99973284 -2.21698806 -0.77941919 -1.02430611]\n [-1.73803876  6.11186416  2.85465221  3.86629141 -2.10575455  0.04872545]\n [-0.99973284  2.85465221  6.2033155   2.13244204  0.70802761  1.32727888]\n [-2.21698806  3.86629141  2.13244204  5.60147933 -1.67596705 -0.39510099]\n [-0.77941919 -2.10575455  0.70802761 -1.67596705 11.63921769  7.53687831]\n [-1.02430611  0.04872545  1.32727888 -0.39510099  7.53687831  8.50571551]]", "nfev": "280", "njev": "40", "status": "0", "success": "True", "message": "Optimization terminated successfully.", "x": "[ 4.27317192  4.60589001  4.29108225  2.46783582  3.9609167  -0.14433301]", "nit": "30"}, "17": {"maxiter": 1000, "gtol": 1e-05, "xrtol": 1e-05, "eps": 1e-10, "duration": 0.04720902442932129, "fun": "0.1940303627365103", "jac": "[-9.99200639e-06 -3.33066880e-06  4.44089173e-06 -1.11022293e-06\n -6.66133760e-06  7.77156053e-06]", "hess_inv": "[[ 4.64403206 -1.97231274 -0.98521    -2.32067952 -0.66316192 -1.04103793]\n [-1.97231274  6.040098    2.9050528   3.8780609  -2.3068936  -0.01467412]\n [-0.98521     2.9050528   6.22540509  2.32865458  0.64738603  1.17909211]\n [-2.32067952  3.8780609   2.32865458  5.77833051 -1.48958648 -0.24569648]\n [-0.66316192 -2.3068936   0.64738603 -1.48958648 11.44968583  7.46422295]\n [-1.04103793 -0.01467412  1.17909211 -0.24569648  7.46422295  8.34647628]]", "nfev": "273", "njev": "39", "status": "0", "success": "True", "message": "Optimization terminated successfully.", "x": "[ 4.27312693  4.60592684  4.29112371  2.46787216  3.96094841 -0.14427434]", "nit": "29"}, "18": {"maxiter": 1000, "gtol": 1e-05, "xrtol": 1e-10, "eps": 1e-05, "duration": 0.04830002784729004, "fun": "0.1940303625197788", "jac": "[-5.74051917e-07 -4.76341189e-07  6.53277432e-07 -5.17808019e-08\n -1.01282316e-06 -6.20392626e-08]", "hess_inv": "[[ 4.23834863 -1.73803876 -0.99973284 -2.21698806 -0.77941919 -1.02430611]\n [-1.73803876  6.11186416  2.85465221  3.86629141 -2.10575455  0.04872545]\n [-0.99973284  2.85465221  6.2033155   2.13244204  0.70802761  1.32727888]\n [-2.21698806  3.86629141  2.13244204  5.60147933 -1.67596705 -0.39510099]\n [-0.77941919 -2.10575455  0.70802761 -1.67596705 11.63921769  7.53687831]\n [-1.02430611  0.04872545  1.32727888 -0.39510099  7.53687831  8.50571551]]", "nfev": "280", "njev": "40", "status": "0", "success": "True", "message": "Optimization terminated successfully.", "x": "[ 4.27317192  4.60589001  4.29108225  2.46783582  3.9609167  -0.14433301]", "nit": "30"}, "19": {"maxiter": 1000, "gtol": 1e-05, "xrtol": 1e-10, "eps": 1e-10, "duration": 0.04725909233093262, "fun": "0.1940303627365103", "jac": "[-9.99200639e-06 -3.33066880e-06  4.44089173e-06 -1.11022293e-06\n -6.66133760e-06  7.77156053e-06]", "hess_inv": "[[ 4.64403206 -1.97231274 -0.98521    -2.32067952 -0.66316192 -1.04103793]\n [-1.97231274  6.040098    2.9050528   3.8780609  -2.3068936  -0.01467412]\n [-0.98521     2.9050528   6.22540509  2.32865458  0.64738603  1.17909211]\n [-2.32067952  3.8780609   2.32865458  5.77833051 -1.48958648 -0.24569648]\n [-0.66316192 -2.3068936   0.64738603 -1.48958648 11.44968583  7.46422295]\n [-1.04103793 -0.01467412  1.17909211 -0.24569648  7.46422295  8.34647628]]", "nfev": "273", "njev": "39", "status": "0", "success": "True", "message": "Optimization terminated successfully.", "x": "[ 4.27312693  4.60592684  4.29112371  2.46787216  3.96094841 -0.14427434]", "nit": "29"}, "20": {"maxiter": 1000, "gtol": 1e-10, "xrtol": 1e-05, "eps": 1e-05, "duration": 0.04853487014770508, "fun": "0.1940303625197788", "jac": "[-5.74051917e-07 -4.76341189e-07  6.53277432e-07 -5.17808019e-08\n -1.01282316e-06 -6.20392626e-08]", "hess_inv": "[[ 4.23834863 -1.73803876 -0.99973284 -2.21698806 -0.77941919 -1.02430611]\n [-1.73803876  6.11186416  2.85465221  3.86629141 -2.10575455  0.04872545]\n [-0.99973284  2.85465221  6.2033155   2.13244204  0.70802761  1.32727888]\n [-2.21698806  3.86629141  2.13244204  5.60147933 -1.67596705 -0.39510099]\n [-0.77941919 -2.10575455  0.70802761 -1.67596705 11.63921769  7.53687831]\n [-1.02430611  0.04872545  1.32727888 -0.39510099  7.53687831  8.50571551]]", "nfev": "280", "njev": "40", "status": "0", "success": "True", "message": "Optimization terminated successfully.", "x": "[ 4.27317192  4.60589001  4.29108225  2.46783582  3.9609167  -0.14433301]", "nit": "30"}, "21": {"maxiter": 1000, "gtol": 1e-10, "xrtol": 1e-05, "eps": 1e-10, "duration": 0.04851889610290527, "fun": "0.19403036244719274", "jac": "[-1.11022293e-06  2.22044587e-06  0.00000000e+00  1.11022293e-06\n  1.11022293e-06  0.00000000e+00]", "hess_inv": "[[ 4.0238652  -1.48525354 -0.75280316 -1.9908685  -0.59139486 -0.77627478]\n [-1.48525354  5.74592876  2.62720131  3.63273863 -2.32930978 -0.30818198]\n [-0.75280316  2.62720131  6.24116331  2.19027589  0.58386397  1.17219945]\n [-1.9908685   3.63273863  2.19027589  5.60505826 -1.52248868 -0.39976984]\n [-0.59139486 -2.32930978  0.58386397 -1.52248868 11.45442442  7.40070481]\n [-0.77627478 -0.30818198  1.17219945 -0.39976984  7.40070481  8.31632171]]", "nfev": "280", "njev": "40", "status": "0", "success": "True", "message": "Optimization terminated successfully.", "x": "[ 4.27316542  4.60591038  4.29109443  2.46785383  3.96094925 -0.14430411]", "nit": "30"}, "22": {"maxiter": 1000, "gtol": 1e-10, "xrtol": 1e-10, "eps": 1e-05, "duration": 0.0532526969909668, "fun": "0.19403036249661998", "jac": "[-2.22044605e-11  0.00000000e+00 -1.11022302e-11 -1.11022302e-11\n -1.11022302e-11 -3.33066907e-11]", "hess_inv": "[[ 4.33976587 -1.81379461 -1.01271859 -2.32556084 -0.68593696 -1.07326255]\n [-1.81379461  6.07301695  2.88789665  3.82291862 -2.26688569 -0.02537682]\n [-1.01271859  2.88789665  6.26669415  2.13946728  0.39383809  1.10965047]\n [-2.32556084  3.82291862  2.13946728  5.55350689 -1.75323331 -0.3622772 ]\n [-0.68593696 -2.26688569  0.39383809 -1.75323331 13.13294351  8.56756418]\n [-1.07326255 -0.02537682  1.10965047 -0.3622772   8.56756418  9.32468807]]", "nfev": "308", "njev": "44", "status": "0", "success": "True", "message": "Optimization terminated successfully.", "x": "[ 4.27317336  4.60588782  4.2910795   2.46783334  3.96092888 -0.14432505]", "nit": "34"}, "23": {"maxiter": 1000, "gtol": 1e-10, "xrtol": 1e-10, "eps": 1e-10, "duration": 0.0820322036743164, "fun": "0.194030362444769", "jac": "[ 2.22044587e-06  2.22044587e-06 -1.11022293e-06  4.44089173e-06\n  2.22044587e-06 -2.22044587e-06]", "hess_inv": "[[ 7.72262257 -3.06640014 -1.74909849 -4.65213127 -7.74559897 -7.41774636]\n [-3.06640014  3.74854381  1.23121329  3.1743392   4.82469493  5.56871754]\n [-1.74909849  1.23121329  5.13902046  1.88320509  5.81523123  5.29954319]\n [-4.65213127  3.1743392   1.88320509  6.5353598   5.81619905  6.05967934]\n [-7.74559897  4.82469493  5.81523123  5.81619905 16.97480968 14.52525521]\n [-7.41774636  5.56871754  5.29954319  6.05967934 14.52525521 16.2319408 ]]", "nfev": "478", "njev": "67", "status": "0", "success": "True", "message": "Optimization terminated successfully.", "x": "[ 4.27317126  4.60590329  4.29108932  2.4678471   3.96094664 -0.14430851]", "nit": "32"}}, "cobyla": {"0": {"maxiter": 100, "tol": 1e-05, "catol": 1e-05, "duration": 0.01663804054260254, "x": "[4.27763752 4.60237191 4.28579787 3.81844873 7.0902173  2.98698796]", "status": "2", "success": "False", "message": "Maximum number of function evaluations has been exceeded.", "nfev": "100", "fun": "0.19403992756131438", "maxcv": "0.0"}, "1": {"maxiter": 100, "tol": 1e-05, "catol": 1e-10, "duration": 0.0165860652923584, "x": "[4.27763752 4.60237191 4.28579787 3.81844873 7.0902173  2.98698796]", "status": "2", "success": "False", "message": "Maximum number of function evaluations has been exceeded.", "nfev": "100", "fun": "0.19403992756131438", "maxcv": "0.0"}, "2": {"maxiter": 100, "tol": 1e-10, "catol": 1e-05, "duration": 0.016577959060668945, "x": "[4.27763752 4.60237191 4.28579787 3.81844873 7.0902173  2.98698796]", "status": "2", "success": "False", "message": "Maximum number of function evaluations has been exceeded.", "nfev": "100", "fun": "0.19403992756131438", "maxcv": "0.0"}, "3": {"maxiter": 100, "tol": 1e-10, "catol": 1e-10, "duration": 0.01653909683227539, "x": "[4.27763752 4.60237191 4.28579787 3.81844873 7.0902173  2.98698796]", "status": "2", "success": "False", "message": "Maximum number of function evaluations has been exceeded.", "nfev": "100", "fun": "0.19403992756131438", "maxcv": "0.0"}, "4": {"maxiter": 500, "tol": 1e-05, "catol": 1e-05, "duration": 0.04221510887145996, "x": "[4.27316657 4.60592707 4.29109996 3.81532336 7.10248524 2.99725186]", "status": "1", "success": "True", "message": "Optimization terminated successfully.", "nfev": "254", "fun": "0.19403036257122497", "maxcv": "0.0"}, "5": {"maxiter": 500, "tol": 1e-05, "catol": 1e-10, "duration": 0.042218923568725586, "x": "[4.27316657 4.60592707 4.29109996 3.81532336 7.10248524 2.99725186]", "status": "1", "success": "True", "message": "Optimization terminated successfully.", "nfev": "254", "fun": "0.19403036257122497", "maxcv": "0.0"}, "6": {"maxiter": 500, "tol": 1e-10, "catol": 1e-05, "duration": 0.07249212265014648, "x": "[4.27316927 4.60590421 4.29109581 3.81533817 7.10254016 2.99728962]", "status": "1", "success": "True", "message": "Optimization terminated successfully.", "nfev": "437", "fun": "0.19403036243731453", "maxcv": "0.0"}, "7": {"maxiter": 500, "tol": 1e-10, "catol": 1e-10, "duration": 0.07240080833435059, "x": "[4.27316927 4.60590421 4.29109581 3.81533817 7.10254016 2.99728962]", "status": "1", "success": "True", "message": "Optimization terminated successfully.", "nfev": "437", "fun": "0.19403036243731453", "maxcv": "0.0"}, "8": {"maxiter": 1000, "tol": 1e-05, "catol": 1e-05, "duration": 0.04210186004638672, "x": "[4.27316657 4.60592707 4.29109996 3.81532336 7.10248524 2.99725186]", "status": "1", "success": "True", "message": "Optimization terminated successfully.", "nfev": "254", "fun": "0.19403036257122497", "maxcv": "0.0"}, "9": {"maxiter": 1000, "tol": 1e-05, "catol": 1e-10, "duration": 0.042057037353515625, "x": "[4.27316657 4.60592707 4.29109996 3.81532336 7.10248524 2.99725186]", "status": "1", "success": "True", "message": "Optimization terminated succ