{"date": "2024/07/19/, 16:57:24", "conf_id": 251, "data_type": "var_s_rank\n", "num_data_points": 1, "s_rank": 0, "unitary": "[[-0.56303964-0.00798273j,-0.21670212-0.15784972j,-0.06047197-0.73952673j,-0.01438004+0.24552571j],[-0.06976756+0.23474685j,-0.01275565-0.5435098j,-0.02703657-0.08917885j,-0.08210486-0.79311774j],[-0.38559961+0.10714929j,0.5933431-0.2687392j,-0.24060861+0.29149289j,-0.45147719+0.26241743j],[-0.50180421+0.45931857j,-0.11617175+0.44134496j,0.49642745+0.22684508j,-0.08544628-0.15407063j]]", "databatch_0": {"databatch": "[[[-0.09030186-0.10103562j,-0.09175409+0.32150542j,-0.37162079+0.39743419j,0.23208148-0.04891155j],[-0.13349295+0.06147515j,0.23671354-0.03828305j,-0.08389621-0.12051195j,0.06502318+0.0109053j],[0.16621254-0.13692653j,-0.32512358-0.1160038j,0.11981015+0.26898171j,0.08709739-0.08022187j],[-0.17962717-0.01017632j,0.28469042+0.08698207j,0.08749461-0.12440945j,0.04631174-0.00299942j]]]", "initial param values": "[0.98732602,2.28102275,5.03865837,4.67447749,5.09169919,1.99911317]", "nelder_mead": {"type": "gradient-free", "0": {"maxiter": 100, "fatol": 1e-05, "xatol": 1e-05, "duration": 0.027254104614257812, "fun": "0.3106604533528743", "nit": "100", "nfev": "161", "status": "2", "success": "False", "message": "Maximum number of iterations has been exceeded.", "x": "[ 1.56680526 -0.30312394  5.64293409  4.66443688  2.72382286  1.68036435]", "final_simplex": "(array([[ 1.56680526, -0.30312394,  5.64293409,  4.66443688,  2.72382286,\n         1.68036435],\n       [ 1.56177762, -0.28761577,  5.62922517,  4.68279857,  2.71131772,\n         1.69016747],\n       [ 1.55949239, -0.27730405,  5.62698434,  4.68494504,  2.74545767,\n         1.68959409],\n       [ 1.55130802, -0.26979067,  5.66530974,  4.65824305,  2.74948925,\n         1.69823964],\n       [ 1.55414176, -0.27852738,  5.68206721,  4.62937828,  2.74773164,\n         1.70117668],\n       [ 1.56624767, -0.31925069,  5.63129053,  4.72334049,  2.73346768,\n         1.67945742],\n       [ 1.55436841, -0.26275434,  5.65170955,  4.70539044,  2.72893416,\n         1.69684333]]), array([0.31066045, 0.31067774, 0.31070949, 0.3107194 , 0.31080511,\n       0.31096532, 0.31102802]))"}, "1": {"maxiter": 100, "fatol": 1e-05, "xatol": 1e-10, "duration": 0.027226924896240234, "fun": "0.3106604533528743", "nit": "100", "nfev": "161", "status": "2", "success": "False", "message": "Maximum number of iterations has been exceeded.", "x": "[ 1.56680526 -0.30312394  5.64293409  4.66443688  2.72382286  1.68036435]", "final_simplex": "(array([[ 1.56680526, -0.30312394,  5.64293409,  4.66443688,  2.72382286,\n         1.68036435],\n       [ 1.56177762, -0.28761577,  5.62922517,  4.68279857,  2.71131772,\n         1.69016747],\n       [ 1.55949239, -0.27730405,  5.62698434,  4.68494504,  2.74545767,\n         1.68959409],\n       [ 1.55130802, -0.26979067,  5.66530974,  4.65824305,  2.74948925,\n         1.69823964],\n       [ 1.55414176, -0.27852738,  5.68206721,  4.62937828,  2.74773164,\n         1.70117668],\n       [ 1.56624767, -0.31925069,  5.63129053,  4.72334049,  2.73346768,\n         1.67945742],\n       [ 1.55436841, -0.26275434,  5.65170955,  4.70539044,  2.72893416,\n         1.69684333]]), array([0.31066045, 0.31067774, 0.31070949, 0.3107194 , 0.31080511,\n       0.31096532, 0.31102802]))"}, "2": {"maxiter": 100, "fatol": 1e-10, "xatol": 1e-05, "duration": 0.027193784713745117, "fun": "0.3106604533528743", "nit": "100", "nfev": "161", "status": "2", "success": "False", "message": "Maximum number of iterations has been exceeded.", "x": "[ 1.56680526 -0.30312394  5.64293409  4.66443688  2.72382286  1.68036435]", "final_simplex": "(array([[ 1.56680526, -0.30312394,  5.64293409,  4.66443688,  2.72382286,\n         1.68036435],\n       [ 1.56177762, -0.28761577,  5.62922517,  4.68279857,  2.71131772,\n         1.69016747],\n       [ 1.55949239, -0.27730405,  5.62698434,  4.68494504,  2.74545767,\n         1.68959409],\n       [ 1.55130802, -0.26979067,  5.66530974,  4.65824305,  2.74948925,\n         1.69823964],\n       [ 1.55414176, -0.27852738,  5.68206721,  4.62937828,  2.74773164,\n         1.70117668],\n       [ 1.56624767, -0.31925069,  5.63129053,  4.72334049,  2.73346768,\n         1.67945742],\n       [ 1.55436841, -0.26275434,  5.65170955,  4.70539044,  2.72893416,\n         1.69684333]]), array([0.31066045, 0.31067774, 0.31070949, 0.3107194 , 0.31080511,\n       0.31096532, 0.31102802]))"}, "3": {"maxiter": 100, "fatol": 1e-10, "xatol": 1e-10, "duration": 0.02715587615966797, "fun": "0.3106604533528743", "nit": "100", "nfev": "161", "status": "2", "success": "False", "message": "Maximum number of iterations has been exceeded.", "x": "[ 1.56680526 -0.30312394  5.64293409  4.66443688  2.72382286  1.68036435]", "final_simplex": "(array([[ 1.56680526, -0.30312394,  5.64293409,  4.66443688,  2.72382286,\n         1.68036435],\n       [ 1.56177762, -0.28761577,  5.62922517,  4.68279857,  2.71131772,\n         1.69016747],\n       [ 1.55949239, -0.27730405,  5.62698434,  4.68494504,  2.74545767,\n         1.68959409],\n       [ 1.55130802, -0.26979067,  5.66530974,  4.65824305,  2.74948925,\n         1.69823964],\n       [ 1.55414176, -0.27852738,  5.68206721,  4.62937828,  2.74773164,\n         1.70117668],\n       [ 1.56624767, -0.31925069,  5.63129053,  4.72334049,  2.73346768,\n         1.67945742],\n       [ 1.55436841, -0.26275434,  5.65170955,  4.70539044,  2.72893416,\n         1.69684333]]), array([0.31066045, 0.31067774, 0.31070949, 0.3107194 , 0.31080511,\n       0.31096532, 0.31102802]))"}, "4": {"maxiter": 500, "fatol": 1e-05, "xatol": 1e-05, "duration": 0.0947120189666748, "fun": "0.3099701886565408", "nit": "352", "nfev": "562", "status": "0", "success": "True", "message": "Optimization terminated successfully.", "x": "[ 1.60766022 -0.25282032  5.67967888  4.65808647  2.75196055  1.65388938]", "final_simplex": "(array([[ 1.60766022, -0.25282032,  5.67967888,  4.65808647,  2.75196055,\n         1.65388938],\n       [ 1.6076615 , -0.25282308,  5.67967696,  4.65809092,  2.75195146,\n         1.65388708],\n       [ 1.60766156, -0.25282114,  5.67968027,  4.65809226,  2.7519563 ,\n         1.6538889 ],\n       [ 1.60765832, -0.25281878,  5.67968005,  4.65808698,  2.75195566,\n         1.65388498],\n       [ 1.60766005, -0.25282022,  5.67967491,  4.65808942,  2.75195685,\n         1.65389619],\n       [ 1.60766116, -0.25281791,  5.6796794 ,  4.65808146,  2.75195629,\n         1.65389472],\n       [ 1.60766258, -0.25281576,  5.67968233,  4.65808893,  2.75195497,\n         1.65388132]]), array([0.30997019, 0.30997019, 0.30997019, 0.30997019, 0.30997019,\n       0.30997019, 0.30997019]))"}, "5": {"maxiter": 500, "fatol": 1e-05, "xatol": 1e-10, "duration": 0.13723492622375488, "fun": "0.3099701886522912", "nit": "479", "nfev": "817", "status": "0", "success": "True", "message": "Optimization terminated successfully.", "x": "[ 1.6076646  -0.25282265  5.67967648  4.65808911  2.75195841  1.65389113]", "final_simplex": "(array([[ 1.6076646 , -0.25282265,  5.67967648,  4.65808911,  2.75195841,\n         1.65389113],\n       [ 1.6076646 , -0.25282265,  5.67967648,  4.65808911,  2.75195841,\n         1.65389113],\n       [ 1.6076646 , -0.25282265,  5.67967648,  4.65808911,  2.75195841,\n         1.65389113],\n       [ 1.6076646 , -0.25282265,  5.67967648,  4.65808911,  2.75195841,\n         1.65389113],\n       [ 1.6076646 , -0.25282265,  5.67967648,  4.65808911,  2.75195841,\n         1.65389113],\n       [ 1.6076646 , -0.25282265,  5.67967648,  4.65808911,  2.75195841,\n         1.65389113],\n       [ 1.6076646 , -0.25282265,  5.67967648,  4.65808911,  2.75195841,\n         1.65389113]]), array([0.30997019, 0.30997019, 0.30997019, 0.30997019, 0.30997019,\n       0.30997019, 0.30997019]))"}, "6": {"maxiter": 500, "fatol": 1e-10, "xatol": 1e-05, "duration": 0.09505701065063477, "fun": "0.3099701886565408", "nit": "352", "nfev": "562", "status": "0", "success": "True", "message": "Optimization terminated successfully.", "x": "[ 1.60766022 -0.25282032  5.67967888  4.65808647  2.75196055  1.65388938]", "final_simplex": "(array([[ 1.60766022, -0.25282032,  5.67967888,  4.65808647,  2.75196055,\n         1.65388938],\n       [ 1.6076615 , -0.25282308,  5.67967696,  4.65809092,  2.75195146,\n         1.65388708],\n       [ 1.60766156, -0.25282114,  5.67968027,  4.65809226,  2.7519563 ,\n         1.6538889 ],\n       [ 1.60765832, -0.25281878,  5.67968005,  4.65808698,  2.75195566,\n         1.65388498],\n       [ 1.60766005, -0.25282022,  5.67967491,  4.65808942,  2.75195685,\n         1.65389619],\n       [ 1.60766116, -0.25281791,  5.6796794 ,  4.65808146,  2.75195629,\n         1.65389472],\n       [ 1.60766258, -0.25281576,  5.67968233,  4.65808893,  2.75195497,\n         1.65388132]]), array([0.30997019, 0.30997019, 0.30997019, 0.30997019, 0.30997019,\n       0.30997019, 0.30997019]))"}, "7": {"maxiter": 500, "fatol": 1e-10, "xatol": 1e-10, "duration": 0.13797712326049805, "fun": "0.3099701886522912", "nit": "479", "nfev": "817", "status": "0", "success": "True", "message": "Optimization terminated successfully.", "x": "[ 1.6076646  -0.25282265  5.67967648  4.65808911  2.75195841  1.65389113]", "final_simplex": "(array([[ 1.6076646 , -0.25282265,  5.67967648,  4.65808911,  2.75195841,\n         1.65389113],\n       [ 1.6076646 , -0.25282265,  5.67967648,  4.65808911,  2.75195841,\n         1.65389113],\n       [ 1.6076646 , -0.25282265,  5.67967648,  4.65808911,  2.75195841,\n         1.65389113],\n       [ 1.6076646 , -0.25282265,  5.67967648,  4.65808911,  2.75195841,\n         1.65389113],\n       [ 1.6076646 , -0.25282265,  5.67967648,  4.65808911,  2.75195841,\n         1.65389113],\n       [ 1.6076646 , -0.25282265,  5.67967648,  4.65808911,  2.75195841,\n         1.65389113],\n       [ 1.6076646 , -0.25282265,  5.67967648,  4.65808911,  2.75195841,\n         1.65389113]]), array([0.30997019, 0.30997019, 0.30997019, 0.30997019, 0.30997019,\n       0.30997019, 0.30997019]))"}, "8": {"maxiter": 1000, "fatol": 1e-05, "xatol": 1e-05, "duration": 0.09502077102661133, "fun": "0.3099701886565408", "nit": "352", "nfev": "562", "status": "0", "success": "True", "message": "Optimization terminated successfully.", "x": "[ 1.60766022 -0.25282032  5.67967888  4.65808647  2.75196055  1.65388938]", "final_simplex": "(array([[ 1.60766022, -0.25282032,  5.67967888,  4.65808647,  2.75196055,\n         1.65388938],\n       [ 1.6076615 , -0.25282308,  5.67967696,  4.65809092,  2.75195146,\n         1.65388708],\n       [ 1.60766156, -0.25282114,  5.67968027,  4.65809226,  2.7519563 ,\n         1.6538889 ],\n       [ 1.60765832, -0.25281878,  5.67968005,  4.65808698,  2.75195566,\n         1.65388498],\n       [ 1.60766005, -0.25282022,  5.67967491,  4.65808942,  2.75195685,\n         1.65389619],\n       [ 1.60766116, -0.25281791,  5.6796794 ,  4.65808146,  2.75195629,\n         1.65389472],\n       [ 1.60766258, -0.25281576,  5.67968233,  4.65808893,  2.75195497,\n         1.65388132]]), array([0.30997019, 0.30997019, 0.30997019, 0.30997019, 0.30997019,\n       0.30997019, 0.30997019]))"}, "9": {"maxiter": 1000, "fatol": 1e-05, "xatol": 1e-10, "duration": 0.1374971866607666, "fun": "0.3099701886522912", "nit": "479", "nfev": "817", "status": "0", "success": "True", "message": "Optimization terminated successfully.", "x": "[ 1.6076646  -0.25282265  5.67967648  4.65808911  2.75195841  1.65389113]", "final_simplex": "(array([[ 1.6076646 , -0.25282265,  5.67967648,  4.65808911,  2.75195841,\n         1.65389113],\n       [ 1.6076646 , -0.25282265,  5.67967648,  4.65808911,  2.75195841,\n         1.65389113],\n       [ 1.6076646 , -0.25282265,  5.67967648,  4.65808911,  2.75195841,\n         1.65389113],\n       [ 1.6076646 , -0.25282265,  5.67967648,  4.65808911,  2.75195841,\n         1.65389113],\n       [ 1.6076646 , -0.25282265,  5.67967648,  4.65808911,  2.75195841,\n         1.65389113],\n       [ 1.6076646 , -0.25282265,  5.67967648,  4.65808911,  2.75195841,\n         1.65389113],\n       [ 1.6076646 , -0.25282265,  5.67967648,  4.65808911,  2.75195841,\n         1.65389113]]), array([0.30997019, 0.30997019, 0.30997019, 0.30997019, 0.30997019,\n       0.30997019, 0.30997019]))"}, "10": {"maxiter": 1000, "fatol": 1e-10, "xatol": 1e-05, "duration": 0.09494996070861816, "fun": "0.3099701886565408", "nit": "352", "nfev": "562", "status": "0", "success": "True", "message": "Optimization terminated successfully.", "x": "[ 1.60766022 -0.25282032  5.67967888  4.65808647  2.75196055  1.65388938]", "final_simplex": "(array([[ 1.60766022, -0.25282032,  5.67967888,  4.65808647,  2.75196055,\n         1.65388938],\n       [ 1.6076615 , -0.25282308,  5.67967696,  4.65809092,  2.75195146,\n         1.65388708],\n       [ 1.60766156, -0.25282114,  5.67968027,  4.65809226,  2.7519563 ,\n         1.6538889 ],\n       [ 1.60765832, -0.25281878,  5.67968005,  4.65808698,  2.75195566,\n         1.65388498],\n       [ 1.60766005, -0.25282022,  5.67967491,  4.65808942,  2.75195685,\n         1.65389619],\n       [ 1.60766116, -0.25281791,  5.6796794 ,  4.65808146,  2.75195629,\n         1.65389472],\n       [ 1.60766258, -0.25281576,  5.67968233,  4.65808893,  2.75195497,\n         1.65388132]]), array([0.30997019, 0.30997019, 0.30997019, 0.30997019, 0.30997019,\n       0.30997019, 0.30997019]))"}, "11": {"maxiter": 1000, "fatol": 1e-10, "xatol": 1e-10, "duration": 0.1374189853668213, "fun": "0.3099701886522912", "nit": "479", "nfev": "817", "status": "0", "success": "True", "message": "Optimization terminated successfully.", "x": "[ 1.6076646  -0.25282265  5.67967648  4.65808911  2.75195841  1.65389113]", "final_simplex": "(array([[ 1.6076646 , -0.25282265,  5.67967648,  4.65808911,  2.75195841,\n         1.65389113],\n       [ 1.6076646 , -0.25282265,  5.67967648,  4.65808911,  2.75195841,\n         1.65389113],\n       [ 1.6076646 , -0.25282265,  5.67967648,  4.65808911,  2.75195841,\n         1.65389113],\n       [ 1.6076646 , -0.25282265,  5.67967648,  4.65808911,  2.75195841,\n         1.65389113],\n       [ 1.6076646 , -0.25282265,  5.67967648,  4.65808911,  2.75195841,\n         1.65389113],\n       [ 1.6076646 , -0.25282265,  5.67967648,  4.65808911,  2.75195841,\n         1.65389113],\n       [ 1.6076646 , -0.25282265,  5.67967648,  4.65808911,  2.75195841,\n         1.65389113]]), array([0.30997019, 0.30997019, 0.30997019, 0.30997019, 0.30997019,\n       0.30997019, 0.30997019]))"}}, "bfgs": {"type": "gradient", "0": {"maxiter": 100, "gtol": 1e-05, "xrtol": 1e-05, "eps": 1e-05, "duration": 0.03148007392883301, "fun": "0.3099701891581659", "jac": "[-4.46072068e-06  5.41759970e-06 -6.87979673e-06  2.64601674e-06\n -2.75346412e-06 -7.31416039e-06]", "hess_inv": "[[ 3.13469036 -0.08677785 -0.90936361 -0.58187293  0.70090675  1.16993544]\n [-0.08677785  4.16179254  2.21705471  2.60203803  1.04006133 -1.42658564]\n [-0.90936361  2.21705471  6.78783938  2.74572841  1.38262408 -5.07466971]\n [-0.58187293  2.60203803  2.74572841  6.65867509  1.3284553   0.72369275]\n [ 0.70090675  1.04006133  1.38262408  1.3284553   3.30086973  0.50585038]\n [ 1.16993544 -1.42658564 -5.07466971  0.72369275  0.50585038  9.89225988]]", "nfev": "182", "njev": "26", "status": "0", "success": "True", "message": "Optimization terminated successfully.", "x": "[ 1.6076315  -0.25280694  5.67967495  1.62508523  5.8935157   4.79541213]", "nit": "23"}, "1": {"maxiter": 100, "gtol": 1e-05, "xrtol": 1e-05, "eps": 1e-10, "duration": 0.03135180473327637, "fun": "0.3099701890382184", "jac": "[-6.66133760e-06  4.44089173e-06 -2.22044587e-06 -1.11022293e-06\n -1.11022293e-06 -6.66133760e-06]", "hess_inv": "[[ 3.16468448 -0.07184455 -0.87247617 -0.61612618  0.74543772  1.12438935]\n [-0.07184455  4.14034088  2.21460555  2.54639546  1.04558633 -1.45359937]\n [-0.87247617  2.21460555  6.81783156  2.68958301  1.41728806 -5.12405435]\n [-0.61612618  2.54639546  2.68958301  6.53402733  1.26981523  0.65270293]\n [ 0.74543772  1.04558633  1.41728806  1.26981523  3.36026966  0.46428371]\n [ 1.12438935 -1.45359937 -5.12405435  0.65270293  0.46428371  9.85525015]]", "nfev": "182", "njev": "26", "status": "0", "success": "True", "message": "Optimization terminated successfully.", "x": "[ 1.60763941 -0.25278417  5.67970179  1.62510841  5.89354038  4.79541019]", "nit": "23"}, "2": {"maxiter": 100, "gtol": 1e-05, "xrtol": 1e-10, "eps": 1e-05, "duration": 0.0313260555267334, "fun": "0.3099701891581659", "jac": "[-4.46072068e-06  5.41759970e-06 -6.87979673e-06  2.64601674e-06\n -2.75346412e-06 -7.31416039e-06]", "hess_inv": "[[ 3.13469036 -0.08677785 -0.90936361 -0.58187293  0.70090675  1.16993544]\n [-0.08677785  4.16179254  2.21705471  2.60203803  1.04006133 -1.42658564]\n [-0.90936361  2.21705471  6.78783938  2.74572841  1.38262408 -5.07466971]\n [-0.58187293  2.60203803  2.74572841  6.65867509  1.3284553   0.72369275]\n [ 0.70090675  1.04006133  1.38262408  1.3284553   3.30086973  0.50585038]\n [ 1.16993544 -1.42658564 -5.07466971  0.72369275  0.50585038  9.89225988]]", "nfev": "182", "njev": "26", "status": "0", "success": "True", "message": "Optimization terminated successfully.", "x": "[ 1.6076315  -0.25280694  5.67967495  1.62508523  5.8935157   4.79541213]", "nit": "23"}, "3": {"maxiter": 100, "gtol": 1e-05, "xrtol": 1e-10, "eps": 1e-10, "duration": 0.031291961669921875, "fun": "0.3099701890382184", "jac": "[-6.66133760e-06  4.44089173e-06 -2.22044587e-06 -1.11022293e-06\n -1.11022293e-06 -6.66133760e-06]", "hess_inv": "[[ 3.16468448 -0.07184455 -0.87247617 -0.61612618  0.74543772  1.12438935]\n [-0.07184455  4.14034088  2.21460555  2.54639546  1.04558633 -1.45359937]\n [-0.87247617  2.21460555  6.81783156  2.68958301  1.41728806 -5.12405435]\n [-0.61612618  2.54639546  2.68958301  6.53402733  1.26981523  0.65270293]\n [ 0.74543772  1.04558633  1.41728806  1.26981523  3.36026966  0.46428371]\n [ 1.12438935 -1.45359937 -5.12405435  0.65270293  0.46428371  9.85525015]]", "nfev": "182", "njev": "26", "status": "0", "success": "True", "message": "Optimization terminated successfully.", "x": "[ 1.60763941 -0.25278417  5.67970179  1.62510841  5.89354038  4.79541019]", "nit": "23"}, "4": {"maxiter": 100, "gtol": 1e-10, "xrtol": 1e-05, "eps": 1e-05, "duration": 0.03248715400695801, "fun": "0.30997018869874293", "jac": "[ 6.86450896e-08  6.27087271e-07 -5.07183184e-07  4.22373247e-07\n  4.76974016e-07 -6.98963110e-07]", "hess_inv": "[[ 3.38787228 -0.32437285 -0.99838209 -0.63503279  0.9151763   1.7486785 ]\n [-0.32437285  4.04434077  1.99520437  2.41220642  0.74869412 -1.57759163]\n [-0.99838209  1.99520437  6.5451758   2.54936896  1.22628938 -4.92639778]\n [-0.63503279  2.41220642  2.54936896  6.50103025  1.21988548  0.87829237]\n [ 0.9151763   0.74869412  1.22628938  1.21988548  3.45826025  1.09964256]\n [ 1.7486785  -1.57759163 -4.92639778  0.87829237  1.09964256 10.76355295]]", "nfev": "189", "njev": "27", "status": "0", "success": "True", "message": "Optimization terminated successfully.", "x": "[ 1.60765849 -0.25283243  5.67966532  1.62507945  5.8935385   4.79547401]", "nit": "24"}, "5": {"maxiter": 100, "gtol": 1e-10, "xrtol": 1e-05, "eps": 1e-10, "duration": 0.03363776206970215, "fun": "0.30997018867088", "jac": "[2.22044587e-06 0.00000000e+00 1.11022293e-06 3.33066880e-06\n 2.22044587e-06 1.11022293e-06]", "hess_inv": "[[ 2.73384519 -0.89882867 -1.05369147 -1.30031264  0.42784649  1.14402152]\n [-0.89882867  5.14039233  2.95639943  2.74180636  0.53583299 -3.66199507]\n [-1.05369147  2.95639943  6.85073329  3.10899618  1.15538439 -5.79895656]\n [-1.30031264  2.74180636  3.10899618  6.31245377  0.85868966 -0.67974029]\n [ 0.42784649  0.53583299  1.15538439  0.85868966  3.04701888  0.52005402]\n [ 1.14402152 -3.66199507 -5.79895656 -0.67974029  0.52005402 11.60677093]]", "nfev": "196", "njev": "28", "status": "0", "success": "True", "message": "Optimization terminated successfully.", "x": "[ 1.60766592 -0.25282718  5.67966296  1.62509791  5.89355122  4.79549833]", "nit": "25"}, "6": {"maxiter": 100, "gtol": 1e-10, "xrtol": 1e-10, "eps": 1e-05, "duration": 0.06127595901489258, "fun": "0.30997018869874293", "jac": "[ 6.86450896e-08  6.27087271e-07 -5.07183184e-07  4.22373247e-07\n  4.76974016e-07 -6.98963110e-07]", "hess_inv": "[[ 3.36938373 -0.44571218 -1.1024353  -0.74156006  0.83019934  1.85776715]\n [-0.44571218  4.2900197   2.14301965  2.54253969  0.71169993 -1.99885203]\n [-1.1024353   2.14301965  6.62181736  2.61109411  1.1631519  -5.21903886]\n [-0.74156006  2.54253969  2.61109411  6.54750942  1.14475467  0.60160767]\n [ 0.83019934  0.71169993  1.1631519   1.14475467  3.3278891   1.03276774]\n [ 1.85776715 -1.99885203 -5.21903886  0.60160767  1.03276774 11.36097147]]", "nfev": "361", "njev": "50", "status": "2", "success": "False", "message": "Desired error not necessarily achieved due to precision loss.", "x": "[ 1.60765849 -0.25283243  5.67966532  1.62507945  5.8935385   4.79547401]", "nit": "24"}, "7": {"maxiter": 100, "gtol": 1e-10, "xrtol": 1e-10, "eps": 1e-10, "duration": 0.045220136642456055, "fun": "0.30997018867088", "jac": "[ 1.11022293e-06  1.11022293e-06  1.11022293e-06  2.22044587e-06\n -1.11022293e-06  0.00000000e+00]", "hess_inv": "[[ 3.78002861  1.51735226  0.86579437  2.50737385  2.49190091  1.72380745]\n [ 1.51735226 10.68922985  7.2003054  11.17655555  5.10501073 -2.50367313]\n [ 0.86579437  7.2003054   9.23193346  7.92969733  3.74990951 -5.82465286]\n [ 2.50737385 11.17655555  7.92969733 16.05965635  6.10698455 -0.63795511]\n [ 2.49190091  5.10501073  3.74990951  6.10698455  5.87248274  0.5248811 ]\n [ 1.72380745 -2.50367313 -5.82465286 -0.63795511  0.5248811  10.88745225]]", "nfev": "266", "njev": "38", "status": "0", "success": "True", "message": "Optimization terminated successfully.", "x": "[ 1.60766592 -0.25282718  5.67966296  1.62509791  5.89355122  4.79549833]", "nit": "26"}, "8": {"maxiter": 500, "gtol": 1e-05, "xrtol": 1e-05, "eps": 1e-05, "duration": 0.032089948654174805, "fun": "0.3099701891581659", "jac": "[-4.46072068e-06  5.41759970e-06 -6.87979673e-06  2.64601674e-06\n -2.75346412e-06 -7.31416039e-06]", "hess_inv": "[[ 3.13469036 -0.08677785 -0.90936361 -0.58187293  0.70090675  1.16993544]\n [-0.08677785  4.16179254  2.21705471  2.60203803  1.04006133 -1.42658564]\n [-0.90936361  2.21705471  6.78783938  2.74572841  1.38262408 -5.07466971]\n [-0.58187293  2.60203803  2.74572841  6.65867509  1.3284553   0.72369275]\n [ 0.70090675  1.04006133  1.38262408  1.3284553   3.30086973  0.50585038]\n [ 1.16993544 -1.42658564 -5.07466971  0.72369275  0.50585038  9.89225988]]", "nfev": "182", "njev": "26", "status": "0", "success": "True", "message": "Optimization terminated successfully.", "x": "[ 1.6076315  -0.25280694  5.67967495  1.62508523  5.8935157   4.79541213]", "nit": "23"}, "9": {"maxiter": 500, "gtol": 1e-05, "xrtol": 1e-05, "eps": 1e-10, "duration": 0.03155517578125, "fun": "0.3099701890382184", "jac": "[-6.66133760e-06  4.44089173e-06 -2.22044587e-06 -1.11022293e-06\n -1.11022293e-06 -6.66133760e-06]", "hess_inv": "[[ 3.16468448 -0.07184455 -0.87247617 -0.61612618  0.74543772  1.12438935]\n [-0.07184455  4.14034088  2.21460555  2.54639546  1.04558633 -1.45359937]\n [-0.87247617  2.21460555  6.81783156  2.68958301  1.41728806 -5.12405435]\n [-0.61612618  2.54639546  2.68958301  6.53402733  1.26981523  0.65270293]\n [ 0.74543772  1.04558633  1.41728806  1.26981523  3.36026966  0.46428371]\n [ 1.12438935 -1.45359937 -5.12405435  0.65270293  0.46428371  9.85525015]]", "nfev": "182", "njev": "26", "status": "0", "success": "True", "message": "Optimization terminated successfully.", "x": "[ 1.60763941 -0.25278417  5.67970179  1.62510841  5.89354038  4.79541019]", "nit": "23"}, "10": {"maxiter": 500, "gtol": 1e-05, "xrtol": 1e-10, "eps": 1e-05, "duration": 0.03139615058898926, "fun": "0.3099701891581659", "jac": "[-4.46072068e-06  5.41759970e-06 -6.87979673e-06  2.64601674e-06\n -2.75346412e-06 -7.31416039e-06]", "hess_inv": "[[ 3.13469036 -0.08677785 -0.90936361 -0.58187293  0.70090675  1.16993544]\n [-0.08677785  4.16179254  2.21705471  2.60203803  1.04006133 -1.42658564]\n [-0.90936361  2.21705471  6.78783938  2.74572841  1.38262408 -5.07466971]\n [-0.58187293  2.60203803  2.74572841  6.65867509  1.3284553   0.72369275]\n [ 0.70090675  1.04006133  1.38262408  1.3284553   3.30086973  0.50585038]\n [ 1.16993544 -1.42658564 -5.07466971  0.72369275  0.50585038  9.89225988]]", "nfev": "182", "njev": "26", "status": "0", "success": "True", "message": "Optimization terminated successfully.", "x": "[ 1.6076315  -0.25280694  5.67967495  1.62508523  5.8935157   4.79541213]", "nit": "23"}, "11": {"maxiter": 500, "gtol": 1e-05, "xrtol": 1e-10, "eps": 1e-10, "duration": 0.031059980392456055, "fun": "0.3099701890382184", "jac": "[-6.66133760e-06  4.44089173e-06 -2.22044587e-06 -1.11022293e-06\n -1.11022293e-06 -6.66133760e-06]", "hess_inv": "[[ 3.16468448 -0.07184455 -0.87247617 -0.61612618  0.74543772  1.12438935]\n [-0.07184455  4.14034088  2.21460555  2.54639546  1.04558633 -1.45359937]\n [-0.87247617  2.21460555  6.81783156  2.68958301  1.41728806 -5.12405435]\n [-0.61612618  2.54639546  2.68958301  6.53402733  1.26981523  0.65270293]\n [ 0.74543772  1.04558633  1.41728806  1.26981523  3.36026966  0.46428371]\n [ 1.12438935 -1.45359937 -5.12405435  0.65270293  0.46428371  9.85525015]]", "nfev": "182", "njev": "26", "status": "0", "success": "True", "message": "Optimization terminated successfully.", "x": "[ 1.60763941 -0.25278417  5.67970179  1.62510841  5.89354038  4.79541019]", "nit": "23"}, "12": {"maxiter": 500, "gtol": 1e-10, "xrtol": 1e-05, "eps": 1e-05, "duration": 0.032228946685791016, "fun": "0.30997018869874293", "jac": "[ 6.86450896e-08  6.27087271e-07 -5.07183184e-07  4.22373247e-07\n  4.76974016e-07 -6.98963110e-07]", "hess_inv": "[[ 3.38787228 -0.32437285 -0.99838209 -0.63503279  0.9151763   1.7486785 ]\n [-0.32437285  4.04434077  1.99520437  2.41220642  0.74869412 -1.57759163]\n [-0.99838209  1.99520437  6.5451758   2.54936896  1.22628938 -4.92639778]\n [-0.63503279  2.41220642  2.54936896  6.50103025  1.21988548  0.87829237]\n [ 0.9151763   0.74869412  1.22628938  1.21988548  3.45826025  1.09964256]\n [ 1.7486785  -1.57759163 -4.92639778  0.87829237  1.09964256 10.76355295]]", "nfev": "189", "njev": "27", "status": "0", "success": "True", "message": "Optimization terminated successfully.", "x": "[ 1.60765849 -0.25283243  5.67966532  1.62507945  5.8935385   4.79547401]", "nit": "24"}, "13": {"maxiter": 500, "gtol": 1e-10, "xrtol": 1e-05, "eps": 1e-10, "duration": 0.03337287902832031, "fun": "0.30997018867088", "jac": "[2.22044587e-06 0.00000000e+00 1.11022293e-06 3.33066880e-06\n 2.22044587e-06 1.11022293e-06]", "hess_inv": "[[ 2.73384519 -0.89882867 -1.05369147 -1.30031264  0.42784649  1.14402152]\n [-0.89882867  5.14039233  2.95639943  2.74180636  0.53583299 -3.66199507]\n [-1.05369147  2.95639943  6.85073329  3.10899618  1.15538439 -5.79895656]\n [-1.30031264  2.74180636  3.10899618  6.31245377  0.85868966 -0.67974029]\n [ 0.42784649  0.53583299  1.15538439  0.85868966  3.04701888  0.52005402]\n [ 1.14402152 -3.66199507 -5.79895656 -0.67974029  0.52005402 11.60677093]]", "nfev": "196", "njev": "28", "status": "0", "success": "True", "message": "Optimization terminated successfully.", "x": "[ 1.60766592 -0.25282718  5.67966296  1.62509791  5.89355122  4.79549833]", "nit": "25"}, "14": {"maxiter": 500, "gtol": 1e-10, "xrtol": 1e-10, "eps": 1e-05, "duration": 0.06088876724243164, "fun": "0.30997018869874293", "jac": "[ 6.86450896e-08  6.27087271e-07 -5.07183184e-07  4.22373247e-07\n  4.76974016e-07 -6.98963110e-07]", "hess_inv": "[[ 3.36938373 -0.44571218 -1.1024353  -0.74156006  0.83019934  1.85776715]\n [-0.44571218  4.2900197   2.14301965  2.54253969  0.71169993 -1.99885203]\n [-1.1024353   2.14301965  6.62181736  2.61109411  1.1631519  -5.21903886]\n [-0.74156006  2.54253969  2.61109411  6.54750942  1.14475467  0.60160767]\n [ 0.83019934  0.71169993  1.1631519   1.14475467  3.3278891   1.03276774]\n [ 1.85776715 -1.99885203 -5.21903886  0.60160767  1.03276774 11.36097147]]", "nfev": "361", "njev": "50", "status": "2", "success": "False", "message": "Desired error not necessarily achieved due to precision loss.", "x": "[ 1.60765849 -0.25283243  5.67966532  1.62507945  5.8935385   4.79547401]", "nit": "24"}, "15": {"maxiter": 500, "gtol": 1e-10, "xrtol": 1e-10, "eps": 1e-10, "duration": 0.045664072036743164, "fun": "0.30997018867088", "jac": "[ 1.11022293e-06  1.11022293e-06  1.11022293e-06  2.22044587e-06\n -1.11022293e-06  0.00000000e+00]", "hess_inv": "[[ 3.78002861  1.51735226  0.86579437  2.50737385  2.49190091  1.72380745]\n [ 1.51735226 10.68922985  7.2003054  11.17655555  5.10501073 -2.50367313]\n [ 0.86579437  7.2003054   9.23193346  7.92969733  3.74990951 -5.82465286]\n [ 2.50737385 11.17655555  7.92969733 16.05965635  6.10698455 -0.63795511]\n [ 2.49190091  5.10501073  3.74990951  6.10698455  5.87248274  0.5248811 ]\n [ 1.72380745 -2.50367313 -5.82465286 -0.63795511  0.5248811  10.88745225]]", "nfev": "266", "njev": "38", "status": "0", "success": "True", "message": "Optimization terminated successfully.", "x": "[ 1.60766592 -0.25282718  5.67966296  1.62509791  5.89355122  4.79549833]", "nit": "26"}, "16": {"maxiter": 1000, "gtol": 1e-05, "xrtol": 1e-05, "eps": 1e-05, "duration": 0.031482696533203125, "fun": "0.3099701891581659", "jac": "[-4.46072068e-06  5.41759970e-06 -6.87979673e-06  2.64601674e-06\n -2.75346412e-06 -7.31416039e-06]", "hess_inv": "[[ 3.13469036 -0.08677785 -0.90936361 -0.58187293  0.70090675  1.16993544]\n [-0.08677785  4.16179254  2.21705471  2.60203803  1.04006133 -1.42658564]\n [-0.90936361  2.21705471  6.78783938  2.74572841  1.38262408 -5.07466971]\n [-0.58187293  2.60203803  2.74572841  6.65867509  1.3284553   0.72369275]\n [ 0.70090675  1.04006133  1.38262408  1.3284553   3.30086973  0.50585038]\n [ 1.16993544 -1.42658564 -5.07466971  0.72369275  0.50585038  9.89225988]]", "nfev": "182", "njev": "26", "status": "0", "success": "True", "message": "Optimization terminated successfully.", "x": "[ 1.6076315  -0.25280694  5.67967495  1.62508523  5.8935157   4.79541213]", "nit": "23"}, "17": {"maxiter": 1000, "gtol": 1e-05, "xrtol": 1e-05, "eps": 1e-10, "duration": 0.03130078315734863, "fun": "0.3099701890382184", "jac": "[-6.66133760e-06  4.44089173e-06 -2.22044587e-06 -1.11022293e-06\n -1.11022293e-06 -6.66133760e-06]", "hess_inv": "[[ 3.16468448 -0.07184455 -0.87247617 -0.61612618  0.74543772  1.12438935]\n [-0.07184455  4.14034088  2.21460555  2.54639546  1.04558633 -1.45359937]\n [-0.87247617  2.21460555  6.81783156  2.68958301  1.41728806 -5.12405435]\n [-0.61612618  2.54639546  2.68958301  6.53402733  1.26981523  0.65270293]\n [ 0.74543772  1.04558633  1.41728806  1.26981523  3.36026966  0.46428371]\n [ 1.12438935 -1.45359937 -5.12405435  0.65270293  0.46428371  9.85525015]]", "nfev": "182", "njev": "26", "status": "0", "success": "True", "message": "Optimization terminated successfully.", "x": "[ 1.60763941 -0.25278417  5.67970179  1.62510841  5.89354038  4.79541019]", "nit": "23"}, "18": {"maxiter": 1000, "gtol": 1e-05, "xrtol": 1e-10, "eps": 1e-05, "duration": 0.031624794006347656, "fun": "0.3099701891581659", "jac": "[-4.46072068e-06  5.41759970e-06 -6.87979673e-06  2.64601674e-06\n -2.75346412e-06 -7.31416039e-06]", "hess_inv": "[[ 3.13469036 -0.08677785 -0.90936361 -0.58187293  0.70090675  1.16993544]\n [-0.08677785  4.16179254  2.21705471  2.60203803  1.04006133 -1.42658564]\n [-0.90936361  2.21705471  6.78783938  2.74572841  1.38262408 -5.07466971]\n [-0.58187293  2.60203803  2.74572841  6.65867509  1.3284553   0.72369275]\n [ 0.70090675  1.04006133  1.38262408  1.3284553   3.30086973  0.50585038]\n [ 1.16993544 -1.42658564 -5.07466971  0.72369275  0.50585038  9.89225988]]", "nfev": "182", "njev": "26", "status": "0", "success": "True", "message": "Optimization terminated successfully.", "x": "[ 1.6076315  -0.25280694  5.67967495  1.62508523  5.8935157   4.79541213]", "nit": "23"}, "19": {"maxiter": 1000, "gtol": 1e-05, "xrtol": 1e-10, "eps": 1e-10, "duration": 0.03173565864562988, "fun": "0.3099701890382184", "jac": "[-6.66133760e-06  4.44089173e-06 -2.22044587e-06 -1.11022293e-06\n -1.11022293e-06 -6.66133760e-06]", "hess_inv": "[[ 3.16468448 -0.07184455 -0.87247617 -0.61612618  0.74543772  1.12438935]\n [-0.07184455  4.14034088  2.21460555  2.54639546  1.04558633 -1.45359937]\n [-0.87247617  2.21460555  6.81783156  2.68958301  1.41728806 -5.12405435]\n [-0.61612618  2.54639546  2.68958301  6.53402733  1.26981523  0.65270293]\n [ 0.74543772  1.04558633  1.41728806  1.26981523  3.36026966  0.46428371]\n [ 1.12438935 -1.45359937 -5.12405435  0.65270293  0.46428371  9.85525015]]", "nfev": "182", "njev": "26", "status": "0", "success": "True", "message": "Optimization terminated successfully.", "x": "[ 1.60763941 -0.25278417  5.67970179  1.62510841  5.89354038  4.79541019]", "nit": "23"}, "20": {"maxiter": 1000, "gtol": 1e-10, "xrtol": 1e-05, "eps": 1e-05, "duration": 0.032874107360839844, "fun": "0.30997018869874293", "jac": "[ 6.86450896e-08  6.27087271e-07 -5.07183184e-07  4.22373247e-07\n  4.76974016e-07 -6.98963110e-07]", "hess_inv": "[[ 3.38787228 -0.32437285 -0.99838209 -0.63503279  0.9151763   1.7486785 ]\n [-0.32437285  4.04434077  1.99520437  2.41220642  0.74869412 -1.57759163]\n [-0.99838209  1.99520437  6.5451758   2.54936896  1.22628938 -4.92639778]\n [-0.63503279  2.41220642  2.54936896  6.50103025  1.21988548  0.87829237]\n [ 0.9151763   0.74869412  1.22628938  1.21988548  3.45826025  1.09964256]\n [ 1.7486785  -1.57759163 -4.92639778  0.87829237  1.09964256 10.76355295]]", "nfev": "189", "njev": "27", "status": "0", "success": "True", "message": "Optimization terminated successfully.", "x": "[ 1.60765849 -0.25283243  5.67966532  1.62507945  5.8935385   4.79547401]", "nit": "24"}, "21": {"maxiter": 1000, "gtol": 1e-10, "xrtol": 1e-05, "eps": 1e-10, "duration": 0.034049034118652344, "fun": "0.30997018867088", "jac": "[2.22044587e-06 0.00000000e+00 1.11022293e-06 3.33066880e-06\n 2.22044587e-06 1.11022293e-06]", "hess_inv": "[[ 2.73384519 -0.89882867 -1.05369147 -1.30031264  0.42784649  1.14402152]\n [-0.89882867  5.14039233  2.95639943  2.74180636  0.53583299 -3.66199507]\n [-1.05369147  2.95639943  6.85073329  3.10899618  1.15538439 -5.79895656]\n [-1.30031264  2.74180636  3.10899618  6.31245377  0.85868966 -0.67974029]\n [ 0.42784649  0.53583299  1.15538439  0.85868966  3.04701888  0.52005402]\n [ 1.14402152 -3.66199507 -5.79895656 -0.67974029  0.52005402 11.60677093]]", "nfev": "196", "njev": "28", "status": "0", "success": "True", "message": "Optimization terminated successfully.", "x": "[ 1.60766592 -0.25282718  5.67966296  1.62509791  5.89355122  4.79549833]", "nit": "25"}, "22": {"maxiter": 1000, "gtol": 1e-10, "xrtol": 1e-10, "eps": 1e-05, "duration": 0.062283992767333984, "fun": "0.30997018869874293", "jac": "[ 6.86450896e-08  6.27087271e-07 -5.07183184e-07  4.22373247e-07\n  4.76974016e-07 -6.98963110e-07]", "hess_inv": "[[ 3.36938373 -0.44571218 -1.1024353  -0.74156006  0.83019934  1.85776715]\n [-0.44571218  4.2900197   2.14301965  2.54253969  0.71169993 -1.99885203]\n [-1.1024353   2.14301965  6.62181736  2.61109411  1.1631519  -5.21903886]\n [-0.74156006  2.54253969  2.61109411  6.54750942  1.14475467  0.60160767]\n [ 0.83019934  0.71169993  1.1631519   1.14475467  3.3278891   1.03276774]\n [ 1.85776715 -1.99885203 -5.21903886  0.60160767  1.03276774 11.36097147]]", "nfev": "361", "njev": "50", "status": "2", "success": "False", "message": "Desired error not necessarily achieved due to precision loss.", "x": "[ 1.60765849 -0.25283243  5.67966532  1.62507945  5.8935385   4.79547401]", "nit": "24"}, "23": {"maxiter": 1000, "gtol": 1e-10, "xrtol": 1e-10, "eps": 1e-10, "duration": 0.04602789878845215, "fun": "0.30997018867088", "jac": "[ 1.11022293e-06  1.11022293e-06  1.11022293e-06  2.22044587e-06\n -1.11022293e-06  0.00000000e+00]", "hess_inv": "[[ 3.78002861  1.51735226  0.86579437  2.50737385  2.49190091  1.72380745]\n [ 1.51735226 10.68922985  7.2003054  11.17655555  5.10501073 -2.50367313]\n [ 0.86579437  7.2003054   9.23193346  7.92969733  3.74990951 -5.82465286]\n [ 2.50737385 11.17655555  7.92969733 16.05965635  6.10698455 -0.63795511]\n [ 2.49190091  5.10501073  3.74990951  6.10698455  5.87248274  0.5248811 ]\n [ 1.72380745 -2.50367313 -5.82465286 -0.63795511  0.5248811  10.88745225]]", "nfev": "266", "njev": "38", "status": "0", "success": "True", "message": "Optimization terminated successfully.", "x": "[ 1.60766592 -0.25282718  5.67966296  1.62509791  5.89355122  4.79549833]", "nit": "26"}}, "cobyla": {"0": {"maxiter": 100, "tol": 1e-05, "catol": 1e-05, "duration": 0.016620874404907227, "x": "[ 1.60820396 -0.25011414  5.68160045  4.65451207  2.75273713  1.65336016]", "status": "2", "success": "False", "message": "Maximum number of function evaluations has been exceeded.", "nfev": "100", "fun": "0.30997156346170773", "maxcv": "0.0"}, "1": {"maxiter": 100, "tol": 1e-05, "catol": 1e-10, "duration": 0.016611099243164062, "x": "[ 1.60820396 -0.25011414  5.68160045  4.65451207  2.75273713  1.65336016]", "status": "2", "success": "False", "message": "Maximum number of function evaluations has been exceeded.", "nfev": "100", "fun": "0.30997156346170773", "maxcv": "0.0"}, "2": {"maxiter": 100, "tol": 1e-10, "catol": 1e-05, "duration": 0.01660299301147461, "x": "[ 1.60820396 -0.25011414  5.68160045  4.65451207  2.75273713  1.65336016]", "status": "2", "success": "False", "message": "Maximum number of function evaluations has been exceeded.", "nfev": "100", "fun": "0.30997156346170773", "maxcv": "0.0"}, "3": {"maxiter": 100, "tol": 1e-10, "catol": 1e-10, "duration": 0.01690816879272461, "x": "[ 1.60820396 -0.25011414  5.68160045  4.65451207  2.75273713  1.65336016]", "status": "2", "success": "False", "message": "Maximum number of function evaluations has been exceeded.", "nfev": "100", "fun": "0.30997156346170773", "maxcv": "0.0"}, "4": {"maxiter": 500, "tol": 1e-05, "catol": 1e-05, "duration": 0.032823801040649414, "x": "[ 1.60765873 -0.25280969  5.67969763  4.65808605  2.75195985  1.65386514]", "status": "1", "success": "True", "message": "Optimization terminated successfully.", "nfev": "198", "fun": "0.3099701886990319", "maxcv": "0.0"}, "5": {"maxiter": 500, "tol": 1e-05, "catol": 1e-10, "duration": 0.032446861267089844, "x": "[ 1.60765873 -0.25280969  5.67969763  4.65808605  2.75195985  1.65386514]", "status": "1", "success": "True", "message": "Optimization terminated successfully.", "nfev": "198", "fun": "0.3099701886990319", "maxcv": "0.0"}, "6": {"maxiter": 500, "tol": 1e-10, "catol": 1e-05, "duration": 0.05808091163635254, "x": "[ 1.60766457 -0.25282257  5.67967665  4.65808902  2.75195842  1.65389092]", "status": "1", "success": "True", "message": "Optimization terminated successfully.", "nfev": "355", "fun": "0.309970188652294", "maxcv": "0.0"}, "7": {"maxiter": 500, "tol": 1e-10, "catol": 1e-10, "duration": 0.05791282653808594, "x": "[ 1.60766457 -0.25282257  5.67967665  4.65808902  2.75195842  1.65389092]", "status": "1", "success": "True", "message": "Optimization terminated successfully.", "nfev": "355", "fun": "0.309970188652294", "maxcv": "0.0"}, "8": {"maxiter": 1000, "tol": 1e-05, "catol": 1e-05, "duration": 0.03232431411743164, "x": "[ 1.60765873 -0.25280969  5.67969763  4.65808605  2.75195985  1.65386514]", "status": "1", "success": "True", "message": "Optimization terminated successfully.", "nfev": "198", "fun": "0.3099701886990319", "maxcv": "0.0"}, "9": {"maxiter": 1000, "tol": 1e-05, "catol": 1e-10, "duration": 0.0324711799621582, "x": "[ 1.60765873 -0.25280969  5.67969763  4.65808605  2.75195985  1.65386514]", "status": "1", "success": "True", "message": "Optimization terminated successfully.", "nfev": "198", "fun": "0.3099701886990319", "maxcv": "0.0"}, "10": {"maxiter": 1000, "tol": 