{"date": "2024/07/19/, 20:20:26", "conf_id": 307, "data_type": "var_s_rank\n", "num_data_points": 4, "s_rank": 0, "unitary": "[[0.18663085-0.53122324j,-0.11886349-0.70040876j,0.28555095-0.02789305j,-0.12262021-0.2844587j],[-0.16702216+0.27758472j,0.27526351-0.29738586j,-0.01109314+0.22495461j,-0.77239203+0.28900673j],[0.61935415+0.12301792j,-0.31269928-0.03315917j,-0.61902762-0.19039079j,-0.27120731-0.0968989j],[0.42341754+0.0023929j,-0.05847358+0.47832119j,0.64900495-0.16218422j,-0.37182676-0.05229966j]]", "databatch_0": {"databatch": "[[[-0.04719578-0.05194162j,0.31076121+0.03243967j,0.11599537+0.01385868j,0.04251914-0.21092516j],[-0.00213863-0.00805504j,0.14925754+0.02660672j,0.08532995+0.05455251j,-0.03107411-0.12829988j],[-0.05305761+0.01702782j,0.3378304-0.26067339j,0.20161065-0.03263769j,-0.27463408-0.26879396j],[-0.03443848-0.09765528j,0.46347488+0.18665214j,0.2008609+0.08398496j,0.12051899-0.29983578j]],[[0.03146951+0.08243668j,0.09525543+0.2798835j,0.18327015-0.26045343j,0.06332116+0.23236877j],[-0.08865204+0.10160432j,-0.18645031-0.10168943j,0.30463353+0.1935809j,-0.32697754-0.06993182j],[0.01422465+0.00315961j,0.25337882-0.19442392j,-0.16285973-0.02939923j,0.10598309-0.18968632j],[0.07257465+0.08345025j,-0.28752689-0.04552187j,0.20827291-0.09708075j,-0.27408706+0.19568862j]],[[0.04452474+0.17358864j,-0.06090377-0.25602157j,0.15356852+0.01665978j,-0.06500421-0.00487164j],[-0.05070627+0.14810689j,0.12332026+0.38669351j,0.0468925+0.03120453j,0.10871885+0.14468842j],[0.09147188-0.16558773j,-0.22109727+0.34858474j,-0.10735627-0.14168868j,0.04539776+0.10387628j],[-0.17294763+0.45778221j,0.0091026+0.09915927j,0.27465964+0.18127589j,-0.04076863+0.1880388j]],[[0.28630181-0.04026904j,-0.0220413-0.07330603j,0.30793044-0.05733377j,0.12913814+0.11416965j],[-0.29153425-0.15331464j,0.17326294+0.04476587j,0.01352183+0.18331233j,-0.00099713+0.09444202j],[-0.00299078-0.2739693j,0.16575285+0.09434823j,0.1374283+0.264607j,-0.00575324+0.2223586j],[-0.23303934+0.37474355j,0.02755775+0.00374371j,-0.25852302+0.20908927j,-0.1964947-0.07072846j]]]", "initial param values": "[4.37537808,0.56392648,0.25335507,2.5934409,0.30260066,0.16869372]", "nelder_mead": {"type": "gradient-free", "0": {"maxiter": 100, "fatol": 1e-05, "xatol": 1e-05, "duration": 0.026738882064819336, "fun": "0.6756956645313015", "nit": "100", "nfev": "158", "status": "2", "success": "False", "message": "Maximum number of iterations has been exceeded.", "x": "[ 2.42911198  0.60498627  0.51329332  1.52750289 -0.92343664  0.74780689]", "final_simplex": "(array([[ 2.42911198,  0.60498627,  0.51329332,  1.52750289, -0.92343664,\n         0.74780689],\n       [ 2.55165314,  0.49647738,  0.5562568 ,  1.48096436, -0.89561501,\n         0.70219857],\n       [ 2.5873968 ,  0.4515666 ,  0.54552835,  1.48454679, -0.86306247,\n         0.69040931],\n       [ 2.64958725,  0.48046414,  0.53222226,  1.55473854, -0.83144144,\n         0.68081455],\n       [ 2.5501953 ,  0.58008519,  0.51878102,  1.56814881, -0.81917523,\n         0.67913033],\n       [ 2.44659596,  0.52445811,  0.53572384,  1.63591236, -0.84626755,\n         0.69369855],\n       [ 2.51728989,  0.4227195 ,  0.54864982,  1.33006744, -0.72494992,\n         0.61901994]]), array([0.67569566, 0.67638063, 0.67686282, 0.67859374, 0.67859968,\n       0.67897755, 0.67948175]))"}, "1": {"maxiter": 100, "fatol": 1e-05, "xatol": 1e-10, "duration": 0.02666187286376953, "fun": "0.6756956645313015", "nit": "100", "nfev": "158", "status": "2", "success": "False", "message": "Maximum number of iterations has been exceeded.", "x": "[ 2.42911198  0.60498627  0.51329332  1.52750289 -0.92343664  0.74780689]", "final_simplex": "(array([[ 2.42911198,  0.60498627,  0.51329332,  1.52750289, -0.92343664,\n         0.74780689],\n       [ 2.55165314,  0.49647738,  0.5562568 ,  1.48096436, -0.89561501,\n         0.70219857],\n       [ 2.5873968 ,  0.4515666 ,  0.54552835,  1.48454679, -0.86306247,\n         0.69040931],\n       [ 2.64958725,  0.48046414,  0.53222226,  1.55473854, -0.83144144,\n         0.68081455],\n       [ 2.5501953 ,  0.58008519,  0.51878102,  1.56814881, -0.81917523,\n         0.67913033],\n       [ 2.44659596,  0.52445811,  0.53572384,  1.63591236, -0.84626755,\n         0.69369855],\n       [ 2.51728989,  0.4227195 ,  0.54864982,  1.33006744, -0.72494992,\n         0.61901994]]), array([0.67569566, 0.67638063, 0.67686282, 0.67859374, 0.67859968,\n       0.67897755, 0.67948175]))"}, "2": {"maxiter": 100, "fatol": 1e-10, "xatol": 1e-05, "duration": 0.02660083770751953, "fun": "0.6756956645313015", "nit": "100", "nfev": "158", "status": "2", "success": "False", "message": "Maximum number of iterations has been exceeded.", "x": "[ 2.42911198  0.60498627  0.51329332  1.52750289 -0.92343664  0.74780689]", "final_simplex": "(array([[ 2.42911198,  0.60498627,  0.51329332,  1.52750289, -0.92343664,\n         0.74780689],\n       [ 2.55165314,  0.49647738,  0.5562568 ,  1.48096436, -0.89561501,\n         0.70219857],\n       [ 2.5873968 ,  0.4515666 ,  0.54552835,  1.48454679, -0.86306247,\n         0.69040931],\n       [ 2.64958725,  0.48046414,  0.53222226,  1.55473854, -0.83144144,\n         0.68081455],\n       [ 2.5501953 ,  0.58008519,  0.51878102,  1.56814881, -0.81917523,\n         0.67913033],\n       [ 2.44659596,  0.52445811,  0.53572384,  1.63591236, -0.84626755,\n         0.69369855],\n       [ 2.51728989,  0.4227195 ,  0.54864982,  1.33006744, -0.72494992,\n         0.61901994]]), array([0.67569566, 0.67638063, 0.67686282, 0.67859374, 0.67859968,\n       0.67897755, 0.67948175]))"}, "3": {"maxiter": 100, "fatol": 1e-10, "xatol": 1e-10, "duration": 0.02667522430419922, "fun": "0.6756956645313015", "nit": "100", "nfev": "158", "status": "2", "success": "False", "message": "Maximum number of iterations has been exceeded.", "x": "[ 2.42911198  0.60498627  0.51329332  1.52750289 -0.92343664  0.74780689]", "final_simplex": "(array([[ 2.42911198,  0.60498627,  0.51329332,  1.52750289, -0.92343664,\n         0.74780689],\n       [ 2.55165314,  0.49647738,  0.5562568 ,  1.48096436, -0.89561501,\n         0.70219857],\n       [ 2.5873968 ,  0.4515666 ,  0.54552835,  1.48454679, -0.86306247,\n         0.69040931],\n       [ 2.64958725,  0.48046414,  0.53222226,  1.55473854, -0.83144144,\n         0.68081455],\n       [ 2.5501953 ,  0.58008519,  0.51878102,  1.56814881, -0.81917523,\n         0.67913033],\n       [ 2.44659596,  0.52445811,  0.53572384,  1.63591236, -0.84626755,\n         0.69369855],\n       [ 2.51728989,  0.4227195 ,  0.54864982,  1.33006744, -0.72494992,\n         0.61901994]]), array([0.67569566, 0.67638063, 0.67686282, 0.67859374, 0.67859968,\n       0.67897755, 0.67948175]))"}, "4": {"maxiter": 500, "fatol": 1e-05, "xatol": 1e-05, "duration": 0.13026213645935059, "fun": "0.22076584254921428", "nit": "500", "nfev": "768", "status": "2", "success": "False", "message": "Maximum number of iterations has been exceeded.", "x": "[ 1.18409648  0.86423072 -2.75025638  2.62838902  0.45788664  2.59217753]", "final_simplex": "(array([[ 1.18409648,  0.86423072, -2.75025638,  2.62838902,  0.45788664,\n         2.59217753],\n       [ 1.18460037,  0.86778023, -2.75519155,  2.62704474,  0.46056647,\n         2.59426724],\n       [ 1.1855985 ,  0.85934219, -2.74979153,  2.62656446,  0.45794915,\n         2.59033455],\n       [ 1.1842456 ,  0.86413985, -2.75473665,  2.62580771,  0.46009102,\n         2.59330918],\n       [ 1.18418536,  0.86756624, -2.75373572,  2.62540585,  0.46002611,\n         2.59377458],\n       [ 1.18584635,  0.86441673, -2.75267232,  2.62573267,  0.45850676,\n         2.5931047 ],\n       [ 1.18375093,  0.86325141, -2.75116855,  2.62775426,  0.45839846,\n         2.59133691]]), array([0.22076584, 0.22077075, 0.22077151, 0.22077155, 0.22077189,\n       0.22077265, 0.22077312]))"}, "5": {"maxiter": 500, "fatol": 1e-05, "xatol": 1e-10, "duration": 0.13226914405822754, "fun": "0.22076584254921428", "nit": "500", "nfev": "768", "status": "2", "success": "False", "message": "Maximum number of iterations has been exceeded.", "x": "[ 1.18409648  0.86423072 -2.75025638  2.62838902  0.45788664  2.59217753]", "final_simplex": "(array([[ 1.18409648,  0.86423072, -2.75025638,  2.62838902,  0.45788664,\n         2.59217753],\n       [ 1.18460037,  0.86778023, -2.75519155,  2.62704474,  0.46056647,\n         2.59426724],\n       [ 1.1855985 ,  0.85934219, -2.74979153,  2.62656446,  0.45794915,\n         2.59033455],\n       [ 1.1842456 ,  0.86413985, -2.75473665,  2.62580771,  0.46009102,\n         2.59330918],\n       [ 1.18418536,  0.86756624, -2.75373572,  2.62540585,  0.46002611,\n         2.59377458],\n       [ 1.18584635,  0.86441673, -2.75267232,  2.62573267,  0.45850676,\n         2.5931047 ],\n       [ 1.18375093,  0.86325141, -2.75116855,  2.62775426,  0.45839846,\n         2.59133691]]), array([0.22076584, 0.22077075, 0.22077151, 0.22077155, 0.22077189,\n       0.22077265, 0.22077312]))"}, "6": {"maxiter": 500, "fatol": 1e-10, "xatol": 1e-05, "duration": 0.13146090507507324, "fun": "0.22076584254921428", "nit": "500", "nfev": "768", "status": "2", "success": "False", "message": "Maximum number of iterations has been exceeded.", "x": "[ 1.18409648  0.86423072 -2.75025638  2.62838902  0.45788664  2.59217753]", "final_simplex": "(array([[ 1.18409648,  0.86423072, -2.75025638,  2.62838902,  0.45788664,\n         2.59217753],\n       [ 1.18460037,  0.86778023, -2.75519155,  2.62704474,  0.46056647,\n         2.59426724],\n       [ 1.1855985 ,  0.85934219, -2.74979153,  2.62656446,  0.45794915,\n         2.59033455],\n       [ 1.1842456 ,  0.86413985, -2.75473665,  2.62580771,  0.46009102,\n         2.59330918],\n       [ 1.18418536,  0.86756624, -2.75373572,  2.62540585,  0.46002611,\n         2.59377458],\n       [ 1.18584635,  0.86441673, -2.75267232,  2.62573267,  0.45850676,\n         2.5931047 ],\n       [ 1.18375093,  0.86325141, -2.75116855,  2.62775426,  0.45839846,\n         2.59133691]]), array([0.22076584, 0.22077075, 0.22077151, 0.22077155, 0.22077189,\n       0.22077265, 0.22077312]))"}, "7": {"maxiter": 500, "fatol": 1e-10, "xatol": 1e-10, "duration": 0.1301722526550293, "fun": "0.22076584254921428", "nit": "500", "nfev": "768", "status": "2", "success": "False", "message": "Maximum number of iterations has been exceeded.", "x": "[ 1.18409648  0.86423072 -2.75025638  2.62838902  0.45788664  2.59217753]", "final_simplex": "(array([[ 1.18409648,  0.86423072, -2.75025638,  2.62838902,  0.45788664,\n         2.59217753],\n       [ 1.18460037,  0.86778023, -2.75519155,  2.62704474,  0.46056647,\n         2.59426724],\n       [ 1.1855985 ,  0.85934219, -2.74979153,  2.62656446,  0.45794915,\n         2.59033455],\n       [ 1.1842456 ,  0.86413985, -2.75473665,  2.62580771,  0.46009102,\n         2.59330918],\n       [ 1.18418536,  0.86756624, -2.75373572,  2.62540585,  0.46002611,\n         2.59377458],\n       [ 1.18584635,  0.86441673, -2.75267232,  2.62573267,  0.45850676,\n         2.5931047 ],\n       [ 1.18375093,  0.86325141, -2.75116855,  2.62775426,  0.45839846,\n         2.59133691]]), array([0.22076584, 0.22077075, 0.22077151, 0.22077155, 0.22077189,\n       0.22077265, 0.22077312]))"}, "8": {"maxiter": 1000, "fatol": 1e-05, "xatol": 1e-05, "duration": 0.19335603713989258, "fun": "0.21835991438512958", "nit": "739", "nfev": "1143", "status": "0", "success": "True", "message": "Optimization terminated successfully.", "x": "[ 1.25439138  0.84079719 -2.72621663  2.60953653  0.76049241  2.85467612]", "final_simplex": "(array([[ 1.25439138,  0.84079719, -2.72621663,  2.60953653,  0.76049241,\n         2.85467612],\n       [ 1.2543977 ,  0.84079681, -2.72621846,  2.60953607,  0.76050206,\n         2.85468554],\n       [ 1.25439228,  0.84079481, -2.72622232,  2.60953638,  0.76049476,\n         2.85467819],\n       [ 1.25439181,  0.84079761, -2.72622072,  2.60953885,  0.76048909,\n         2.85467832],\n       [ 1.25439505,  0.84079229, -2.72621524,  2.60953964,  0.76049706,\n         2.85467559],\n       [ 1.25439529,  0.84079795, -2.72622283,  2.60953474,  0.76049171,\n         2.85467853],\n       [ 1.25439504,  0.84079379, -2.72622146,  2.60953404,  0.76048663,\n         2.85467239]]), array([0.21835991, 0.21835991, 0.21835991, 0.21835991, 0.21835991,\n       0.21835991, 0.21835991]))"}, "9": {"maxiter": 1000, "fatol": 1e-05, "xatol": 1e-10, "duration": 0.2473740577697754, "fun": "0.2183599143826439", "nit": "895", "nfev": "1452", "status": "0", "success": "True", "message": "Optimization terminated successfully.", "x": "[ 1.25439322  0.84079393 -2.72621609  2.60953579  0.76049349  2.85467764]", "final_simplex": "(array([[ 1.25439322,  0.84079393, -2.72621609,  2.60953579,  0.76049349,\n         2.85467764],\n       [ 1.25439322,  0.84079393, -2.72621609,  2.60953579,  0.76049349,\n         2.85467764],\n       [ 1.25439322,  0.84079393, -2.72621609,  2.60953579,  0.76049349,\n         2.85467764],\n       [ 1.25439322,  0.84079393, -2.72621609,  2.60953579,  0.76049349,\n         2.85467764],\n       [ 1.25439322,  0.84079393, -2.72621609,  2.60953579,  0.76049349,\n         2.85467764],\n       [ 1.25439322,  0.84079393, -2.72621609,  2.60953579,  0.76049349,\n         2.85467764],\n       [ 1.25439322,  0.84079393, -2.72621609,  2.60953579,  0.76049349,\n         2.85467764]]), array([0.21835991, 0.21835991, 0.21835991, 0.21835991, 0.21835991,\n       0.21835991, 0.21835991]))"}, "10": {"maxiter": 1000, "fatol": 1e-10, "xatol": 1e-05, "duration": 0.19520902633666992, "fun": "0.21835991438512958", "nit": "739", "nfev": "1143", "status": "0", "success": "True", "message": "Optimization terminated successfully.", "x": "[ 1.25439138  0.84079719 -2.72621663  2.60953653  0.76049241  2.85467612]", "final_simplex": "(array([[ 1.25439138,  0.84079719, -2.72621663,  2.60953653,  0.76049241,\n         2.85467612],\n       [ 1.2543977 ,  0.84079681, -2.72621846,  2.60953607,  0.76050206,\n         2.85468554],\n       [ 1.25439228,  0.84079481, -2.72622232,  2.60953638,  0.76049476,\n         2.85467819],\n       [ 1.25439181,  0.84079761, -2.72622072,  2.60953885,  0.76048909,\n         2.85467832],\n       [ 1.25439505,  0.84079229, -2.72621524,  2.60953964,  0.76049706,\n         2.85467559],\n       [ 1.25439529,  0.84079795, -2.72622283,  2.60953474,  0.76049171,\n         2.85467853],\n       [ 1.25439504,  0.84079379, -2.72622146,  2.60953404,  0.76048663,\n         2.85467239]]), array([0.21835991, 0.21835991, 0.21835991, 0.21835991, 0.21835991,\n       0.21835991, 0.21835991]))"}, "11": {"maxiter": 1000, "fatol": 1e-10, "xatol": 1e-10, "duration": 0.24833106994628906, "fun": "0.2183599143826439", "nit": "895", "nfev": "1452", "status": "0", "success": "True", "message": "Optimization terminated successfully.", "x": "[ 1.25439322  0.84079393 -2.72621609  2.60953579  0.76049349  2.85467764]", "final_simplex": "(array([[ 1.25439322,  0.84079393, -2.72621609,  2.60953579,  0.76049349,\n         2.85467764],\n       [ 1.25439322,  0.84079393, -2.72621609,  2.60953579,  0.76049349,\n         2.85467764],\n       [ 1.25439322,  0.84079393, -2.72621609,  2.60953579,  0.76049349,\n         2.85467764],\n       [ 1.25439322,  0.84079393, -2.72621609,  2.60953579,  0.76049349,\n         2.85467764],\n       [ 1.25439322,  0.84079393, -2.72621609,  2.60953579,  0.76049349,\n         2.85467764],\n       [ 1.25439322,  0.84079393, -2.72621609,  2.60953579,  0.76049349,\n         2.85467764],\n       [ 1.25439322,  0.84079393, -2.72621609,  2.60953579,  0.76049349,\n         2.85467764]]), array([0.21835991, 0.21835991, 0.21835991, 0.21835991, 0.21835991,\n       0.21835991, 0.21835991]))"}}, "bfgs": {"type": "gradient", "0": {"maxiter": 100, "gtol": 1e-05, "xrtol": 1e-05, "eps": 1e-05, "duration": 0.051770925521850586, "fun": "0.21835991447409864", "jac": "[ 5.03597164e-08 -2.27740049e-07 -1.36812783e-07  2.30082620e-07\n  4.41735537e-07 -3.77231579e-07]", "hess_inv": "[[ 4.68839198e+00 -3.87564903e-02 -1.40791426e-02  8.45912631e-01\n  -5.11077602e+00 -2.98597269e+00]\n [-3.87564903e-02  3.65406841e+00 -1.75731045e+00  2.02885197e-01\n  -1.19318286e-01  4.05216252e-01]\n [-1.40791426e-02 -1.75731045e+00  4.07052006e+00  2.77742852e-01\n  -1.12475327e-01 -6.22903486e-01]\n [ 8.45912631e-01  2.02885197e-01  2.77742852e-01  3.32115272e+00\n  -1.45050536e+00 -8.90298542e-01]\n [-5.11077602e+00 -1.19318286e-01 -1.12475327e-01 -1.45050536e+00\n   1.97514403e+01  1.55970174e+01]\n [-2.98597269e+00  4.05216252e-01 -6.22903486e-01 -8.90298542e-01\n   1.55970174e+01  1.55794269e+01]]", "nfev": "301", "njev": "43", "status": "0", "success": "True", "message": "Optimization terminated successfully.", "x": "[ 5.02879677 -2.30080353  0.41537389  2.60953223  0.76044412  2.85462949]", "nit": "30"}, "1": {"maxiter": 100, "gtol": 1e-05, "xrtol": 1e-05, "eps": 1e-10, "duration": 0.051656246185302734, "fun": "0.21835991455390025", "jac": "[-1.11022293e-06  1.11022293e-06 -1.11022293e-06  1.11022293e-06\n  2.22044587e-06  1.11022293e-06]", "hess_inv": "[[ 4.68128572e+00 -7.55907396e-02  6.91459751e-03  8.61499375e-01\n  -4.99145750e+00 -2.86665017e+00]\n [-7.55907396e-02  3.84564571e+00 -1.74677772e+00  1.91682744e-01\n  -2.58737522e-01  2.89062938e-01]\n [ 6.91459751e-03 -1.74677772e+00  3.96448528e+00  2.55891201e-01\n  -1.07201266e-01 -6.03918678e-01]\n [ 8.61499375e-01  1.91682744e-01  2.55891201e-01  3.26934868e+00\n  -1.37227364e+00 -8.09419272e-01]\n [-4.99145750e+00 -2.58737522e-01 -1.07201266e-01 -1.37227364e+00\n   1.90782201e+01  1.49367497e+01]\n [-2.86665017e+00  2.89062938e-01 -6.03918678e-01 -8.09419272e-01\n   1.49367497e+01  1.49435983e+01]]", "nfev": "301", "njev": "43", "status": "0", "success": "True", "message": "Optimization terminated successfully.", "x": "[ 5.02877347 -2.30079698  0.41537027  2.60953245  0.76057344  2.85474502]", "nit": "30"}, "2": {"maxiter": 100, "gtol": 1e-05, "xrtol": 1e-10, "eps": 1e-05, "duration": 0.05190396308898926, "fun": "0.21835991447409864", "jac": "[ 5.03597164e-08 -2.27740049e-07 -1.36812783e-07  2.30082620e-07\n  4.41735537e-07 -3.77231579e-07]", "hess_inv": "[[ 4.68839198e+00 -3.87564903e-02 -1.40791426e-02  8.45912631e-01\n  -5.11077602e+00 -2.98597269e+00]\n [-3.87564903e-02  3.65406841e+00 -1.75731045e+00  2.02885197e-01\n  -1.19318286e-01  4.05216252e-01]\n [-1.40791426e-02 -1.75731045e+00  4.07052006e+00  2.77742852e-01\n  -1.12475327e-01 -6.22903486e-01]\n [ 8.45912631e-01  2.02885197e-01  2.77742852e-01  3.32115272e+00\n  -1.45050536e+00 -8.90298542e-01]\n [-5.11077602e+00 -1.19318286e-01 -1.12475327e-01 -1.45050536e+00\n   1.97514403e+01  1.55970174e+01]\n [-2.98597269e+00  4.05216252e-01 -6.22903486e-01 -8.90298542e-01\n   1.55970174e+01  1.55794269e+01]]", "nfev": "301", "njev": "43", "status": "0", "success": "True", "message": "Optimization terminated successfully.", "x": "[ 5.02879677 -2.30080353  0.41537389  2.60953223  0.76044412  2.85462949]", "nit": "30"}, "3": {"maxiter": 100, "gtol": 1e-05, "xrtol": 1e-10, "eps": 1e-10, "duration": 0.05213594436645508, "fun": "0.21835991455390025", "jac": "[-1.11022293e-06  1.11022293e-06 -1.11022293e-06  1.11022293e-06\n  2.22044587e-06  1.11022293e-06]", "hess_inv": "[[ 4.68128572e+00 -7.55907396e-02  6.91459751e-03  8.61499375e-01\n  -4.99145750e+00 -2.86665017e+00]\n [-7.55907396e-02  3.84564571e+00 -1.74677772e+00  1.91682744e-01\n  -2.58737522e-01  2.89062938e-01]\n [ 6.91459751e-03 -1.74677772e+00  3.96448528e+00  2.55891201e-01\n  -1.07201266e-01 -6.03918678e-01]\n [ 8.61499375e-01  1.91682744e-01  2.55891201e-01  3.26934868e+00\n  -1.37227364e+00 -8.09419272e-01]\n [-4.99145750e+00 -2.58737522e-01 -1.07201266e-01 -1.37227364e+00\n   1.90782201e+01  1.49367497e+01]\n [-2.86665017e+00  2.89062938e-01 -6.03918678e-01 -8.09419272e-01\n   1.49367497e+01  1.49435983e+01]]", "nfev": "301", "njev": "43", "status": "0", "success": "True", "message": "Optimization terminated successfully.", "x": "[ 5.02877347 -2.30079698  0.41537027  2.60953245  0.76057344  2.85474502]", "nit": "30"}, "4": {"maxiter": 100, "gtol": 1e-10, "xrtol": 1e-05, "eps": 1e-05, "duration": 0.07517313957214355, "fun": "0.21835991447409864", "jac": "[ 5.03597164e-08 -2.27740049e-07 -1.36812783e-07  2.30082620e-07\n  4.41735537e-07 -3.77231579e-07]", "hess_inv": "[[ 4.68037928e+00 -4.86090375e-02 -1.15640629e-02  8.39719660e-01\n  -5.10934847e+00 -2.99819770e+00]\n [-4.86090375e-02  3.64209895e+00 -1.75440772e+00  1.96717754e-01\n  -1.14259302e-01  3.92776690e-01]\n [-1.15640629e-02 -1.75440772e+00  4.06997851e+00  2.77796641e-01\n  -1.17237103e-01 -6.22451364e-01]\n [ 8.39719660e-01  1.96717754e-01  2.77796641e-01  3.33077725e+00\n  -1.41651241e+00 -8.73937204e-01]\n [-5.10934847e+00 -1.14259302e-01 -1.17237103e-01 -1.41651241e+00\n   1.98262482e+01  1.56581003e+01]\n [-2.99819770e+00  3.92776690e-01 -6.22451364e-01 -8.73937204e-01\n   1.56581003e+01  1.56070005e+01]]", "nfev": "431", "njev": "60", "status": "2", "success": "False", "message": "Desired error not necessarily achieved due to precision loss.", "x": "[ 5.02879677 -2.30080353  0.41537389  2.60953223  0.76044412  2.85462949]", "nit": "30"}, "5": {"maxiter": 100, "gtol": 1e-10, "xrtol": 1e-05, "eps": 1e-10, "duration": 0.0562441349029541, "fun": "0.21835991438556168", "jac": "[ 0.00000000e+00 -1.11022293e-06  1.11022293e-06 -1.11022293e-06\n  0.00000000e+00  1.11022293e-06]", "hess_inv": "[[ 5.46010922e+00  6.03909727e-01 -1.19855769e-01  1.39542493e+00\n  -7.98346830e+00 -5.08618090e+00]\n [ 6.03909727e-01  3.17679295e+00 -1.27429718e+00 -3.43982426e-03\n  -2.81651862e+00 -2.07027111e+00]\n [-1.19855769e-01 -1.27429718e+00  3.71311696e+00  4.76851349e-01\n   4.05874982e-01  1.79147325e-03]\n [ 1.39542493e+00 -3.43982426e-03  4.76851349e-01  3.28683789e+00\n  -3.44381994e+00 -2.59917729e+00]\n [-7.98346830e+00 -2.81651862e+00  4.05874982e-01 -3.44381994e+00\n   2.95684746e+01  2.25067624e+01]\n [-5.08618090e+00 -2.07027111e+00  1.79147325e-03 -2.59917729e+00\n   2.25067624e+01  2.01795823e+01]]", "nfev": "322", "njev": "46", "status": "0", "success": "True", "message": "Optimization terminated successfully.", "x": "[ 5.02879558 -2.30079951  0.41537641  2.6095365   0.76049621  2.8546813 ]", "nit": "32"}, "6": {"maxiter": 100, "gtol": 1e-10, "xrtol": 1e-10, "eps": 1e-05, "duration": 0.07492280006408691, "fun": "0.21835991447409864", "jac": "[ 5.03597164e-08 -2.27740049e-07 -1.36812783e-07  2.30082620e-07\n  4.41735537e-07 -3.77231579e-07]", "hess_inv": "[[ 4.68037928e+00 -4.86090375e-02 -1.15640629e-02  8.39719660e-01\n  -5.10934847e+00 -2.99819770e+00]\n [-4.86090375e-02  3.64209895e+00 -1.75440772e+00  1.96717754e-01\n  -1.14259302e-01  3.92776690e-01]\n [-1.15640629e-02 -1.75440772e+00  4.06997851e+00  2.77796641e-01\n  -1.17237103e-01 -6.22451364e-01]\n [ 8.39719660e-01  1.96717754e-01  2.77796641e-01  3.33077725e+00\n  -1.41651241e+00 -8.73937204e-01]\n [-5.10934847e+00 -1.14259302e-01 -1.17237103e-01 -1.41651241e+00\n   1.98262482e+01  1.56581003e+01]\n [-2.99819770e+00  3.92776690e-01 -6.22451364e-01 -8.73937204e-01\n   1.56581003e+01  1.56070005e+01]]", "nfev": "431", "njev": "60", "status": "2", "success": "False", "message": "Desired error not necessarily achieved due to precision loss.", "x": "[ 5.02879677 -2.30080353  0.41537389  2.60953223  0.76044412  2.85462949]", "nit": "30"}, "7": {"maxiter": 100, "gtol": 1e-10, "xrtol": 1e-10, "eps": 1e-10, "duration": 0.06680989265441895, "fun": "0.21835991438545777", "jac": "[1.11022293e-06 0.00000000e+00 0.00000000e+00 1.11022293e-06\n 2.22044587e-06 0.00000000e+00]", "hess_inv": "[[ 4.45886638  0.02769932 -0.53293924  0.77118723 -2.75898127 -0.95154846]\n [ 0.02769932  2.75907788 -2.142233   -0.42770288  0.20484258 -0.22621335]\n [-0.53293924 -2.142233    4.42045344 -0.06269991  0.71742914 -0.03597836]\n [ 0.77118723 -0.42770288 -0.06269991  2.8554006  -0.24435058 -0.34886171]\n [-2.75898127  0.20484258  0.71742914 -0.24435058  2.99823152  0.25054385]\n [-0.95154846 -0.22621335 -0.03597836 -0.34886171  0.25054385  0.63818325]]", "nfev": "385", "njev": "55", "status": "0", "success": "True", "message": "Optimization terminated successfully.", "x": "[ 5.0287958  -2.30079927  0.41537629  2.60953669  0.76049538  2.85468066]", "nit": "34"}, "8": {"maxiter": 500, "gtol": 1e-05, "xrtol": 1e-05, "eps": 1e-05, "duration": 0.05240583419799805, "fun": "0.21835991447409864", "jac": "[ 5.03597164e-08 -2.27740049e-07 -1.36812783e-07  2.30082620e-07\n  4.41735537e-07 -3.77231579e-07]", "hess_inv": "[[ 4.68839198e+00 -3.87564903e-02 -1.40791426e-02  8.45912631e-01\n  -5.11077602e+00 -2.98597269e+00]\n [-3.87564903e-02  3.65406841e+00 -1.75731045e+00  2.02885197e-01\n  -1.19318286e-01  4.05216252e-01]\n [-1.40791426e-02 -1.75731045e+00  4.07052006e+00  2.77742852e-01\n  -1.12475327e-01 -6.22903486e-01]\n [ 8.45912631e-01  2.02885197e-01  2.77742852e-01  3.32115272e+00\n  -1.45050536e+00 -8.90298542e-01]\n [-5.11077602e+00 -1.19318286e-01 -1.12475327e-01 -1.45050536e+00\n   1.97514403e+01  1.55970174e+01]\n [-2.98597269e+00  4.05216252e-01 -6.22903486e-01 -8.90298542e-01\n   1.55970174e+01  1.55794269e+01]]", "nfev": "301", "njev": "43", "status": "0", "success": "True", "message": "Optimization terminated successfully.", "x": "[ 5.02879677 -2.30080353  0.41537389  2.60953223  0.76044412  2.85462949]", "nit": "30"}, "9": {"maxiter": 500, "gtol": 1e-05, "xrtol": 1e-05, "eps": 1e-10, "duration": 0.05230998992919922, "fun": "0.21835991455390025", "jac": "[-1.11022293e-06  1.11022293e-06 -1.11022293e-06  1.11022293e-06\n  2.22044587e-06  1.11022293e-06]", "hess_inv": "[[ 4.68128572e+00 -7.55907396e-02  6.91459751e-03  8.61499375e-01\n  -4.99145750e+00 -2.86665017e+00]\n [-7.55907396e-02  3.84564571e+00 -1.74677772e+00  1.91682744e-01\n  -2.58737522e-01  2.89062938e-01]\n [ 6.91459751e-03 -1.74677772e+00  3.96448528e+00  2.55891201e-01\n  -1.07201266e-01 -6.03918678e-01]\n [ 8.61499375e-01  1.91682744e-01  2.55891201e-01  3.26934868e+00\n  -1.37227364e+00 -8.09419272e-01]\n [-4.99145750e+00 -2.58737522e-01 -1.07201266e-01 -1.37227364e+00\n   1.90782201e+01  1.49367497e+01]\n [-2.86665017e+00  2.89062938e-01 -6.03918678e-01 -8.09419272e-01\n   1.49367497e+01  1.49435983e+01]]", "nfev": "301", "njev": "43", "status": "0", "success": "True", "message": "Optimization terminated successfully.", "x": "[ 5.02877347 -2.30079698  0.41537027  2.60953245  0.76057344  2.85474502]", "nit": "30"}, "10": {"maxiter": 500, "gtol": 1e-05, "xrtol": 1e-10, "eps": 1e-05, "duration": 0.05217313766479492, "fun": "0.21835991447409864", "jac": "[ 5.03597164e-08 -2.27740049e-07 -1.36812783e-07  2.30082620e-07\n  4.41735537e-07 -3.77231579e-07]", "hess_inv": "[[ 4.68839198e+00 -3.87564903e-02 -1.40791426e-02  8.45912631e-01\n  -5.11077602e+00 -2.98597269e+00]\n [-3.87564903e-02  3.65406841e+00 -1.75731045e+00  2.02885197e-01\n  -1.19318286e-01  4.05216252e-01]\n [-1.40791426e-02 -1.75731045e+00  4.07052006e+00  2.77742852e-01\n  -1.12475327e-01 -6.22903486e-01]\n [ 8.45912631e-01  2.02885197e-01  2.77742852e-01  3.32115272e+00\n  -1.45050536e+00 -8.90298542e-01]\n [-5.11077602e+00 -1.19318286e-01 -1.12475327e-01 -1.45050536e+00\n   1.97514403e+01  1.55970174e+01]\n [-2.98597269e+00  4.05216252e-01 -6.22903486e-01 -8.90298542e-01\n   1.55970174e+01  1.55794269e+01]]", "nfev": "301", "njev": "43", "status": "0", "success": "True", "message": "Optimization terminated successfully.", "x": "[ 5.02879677 -2.30080353  0.41537389  2.60953223  0.76044412  2.85462949]", "nit": "30"}, "11": {"maxiter": 500, "gtol": 1e-05, "xrtol": 1e-10, "eps": 1e-10, "duration": 0.05218982696533203, "fun": "0.21835991455390025", "jac": "[-1.11022293e-06  1.11022293e-06 -1.11022293e-06  1.11022293e-06\n  2.22044587e-06  1.11022293e-06]", "hess_inv": "[[ 4.68128572e+00 -7.55907396e-02  6.91459751e-03  8.61499375e-01\n  -4.99145750e+00 -2.86665017e+00]\n [-7.55907396e-02  3.84564571e+00 -1.74677772e+00  1.91682744e-01\n  -2.58737522e-01  2.89062938e-01]\n [ 6.91459751e-03 -1.74677772e+00  3.96448528e+00  2.55891201e-01\n  -1.07201266e-01 -6.03918678e-01]\n [ 8.61499375e-01  1.91682744e-01  2.55891201e-01  3.26934868e+00\n  -1.37227364e+00 -8.09419272e-01]\n [-4.99145750e+00 -2.58737522e-01 -1.07201266e-01 -1.37227364e+00\n   1.90782201e+01  1.49367497e+01]\n [-2.86665017e+00  2.89062938e-01 -6.03918678e-01 -8.09419272e-01\n   1.49367497e+01  1.49435983e+01]]", "nfev": "301", "njev": "43", "status": "0", "success": "True", "message": "Optimization terminated successfully.", "x": "[ 5.02877347 -2.30079698  0.41537027  2.60953245  0.76057344  2.85474502]", "nit": "30"}, "12": {"maxiter": 500, "gtol": 1e-10, "xrtol": 1e-05, "eps": 1e-05, "duration": 0.07452225685119629, "fun": "0.21835991447409864", "jac": "[ 5.03597164e-08 -2.27740049e-07 -1.36812783e-07  2.30082620e-07\n  4.41735537e-07 -3.77231579e-07]", "hess_inv": "[[ 4.68037928e+00 -4.86090375e-02 -1.15640629e-02  8.39719660e-01\n  -5.10934847e+00 -2.99819770e+00]\n [-4.86090375e-02  3.64209895e+00 -1.75440772e+00  1.96717754e-01\n  -1.14259302e-01  3.92776690e-01]\n [-1.15640629e-02 -1.75440772e+00  4.06997851e+00  2.77796641e-01\n  -1.17237103e-01 -6.22451364e-01]\n [ 8.39719660e-01  1.96717754e-01  2.77796641e-01  3.33077725e+00\n  -1.41651241e+00 -8.73937204e-01]\n [-5.10934847e+00 -1.14259302e-01 -1.17237103e-01 -1.41651241e+00\n   1.98262482e+01  1.56581003e+01]\n [-2.99819770e+00  3.92776690e-01 -6.22451364e-01 -8.73937204e-01\n   1.56581003e+01  1.56070005e+01]]", "nfev": "431", "njev": "60", "status": "2", "success": "False", "message": "Desired error not necessarily achieved due to precision loss.", "x": "[ 5.02879677 -2.30080353  0.41537389  2.60953223  0.76044412  2.85462949]", "nit": "30"}, "13": {"maxiter": 500, "gtol": 1e-10, "xrtol": 1e-05, "eps": 1e-10, "duration": 0.05603194236755371, "fun": "0.21835991438556168", "jac": "[ 0.00000000e+00 -1.11022293e-06  1.11022293e-06 -1.11022293e-06\n  0.00000000e+00  1.11022293e-06]", "hess_inv": "[[ 5.46010922e+00  6.03909727e-01 -1.19855769e-01  1.39542493e+00\n  -7.98346830e+00 -5.08618090e+00]\n [ 6.03909727e-01  3.17679295e+00 -1.27429718e+00 -3.43982426e-03\n  -2.81651862e+00 -2.07027111e+00]\n [-1.19855769e-01 -1.27429718e+00  3.71311696e+00  4.76851349e-01\n   4.05874982e-01  1.79147325e-03]\n [ 1.39542493e+00 -3.43982426e-03  4.76851349e-01  3.28683789e+00\n  -3.44381994e+00 -2.59917729e+00]\n [-7.98346830e+00 -2.81651862e+00  4.05874982e-01 -3.44381994e+00\n   2.95684746e+01  2.25067624e+01]\n [-5.08618090e+00 -2.07027111e+00  1.79147325e-03 -2.59917729e+00\n   2.25067624e+01  2.01795823e+01]]", "nfev": "322", "njev": "46", "status": "0", "success": "True", "message": "Optimization terminated successfully.", "x": "[ 5.02879558 -2.30079951  0.41537641  2.6095365   0.76049621  2.8546813 ]", "nit": "32"}, "14": {"maxiter": 500, "gtol": 1e-10, "xrtol": 1e-10, "eps": 1e-05, "duration": 0.07493901252746582, "fun": "0.21835991447409864", "jac": "[ 5.03597164e-08 -2.27740049e-07 -1.36812783e-07  2.30082620e-07\n  4.41735537e-07 -3.77231579e-07]", "hess_inv": "[[ 4.68037928e+00 -4.86090375e-02 -1.15640629e-02  8.39719660e-01\n  -5.10934847e+00 -2.99819770e+00]\n [-4.86090375e-02  3.64209895e+00 -1.75440772e+00  1.96717754e-01\n  -1.14259302e-01  3.92776690e-01]\n [-1.15640629e-02 -1.75440772e+00  4.06997851e+00  2.77796641e-01\n  -1.17237103e-01 -6.22451364e-01]\n [ 8.39719660e-01  1.96717754e-01  2.77796641e-01  3.33077725e+00\n  -1.41651241e+00 -8.73937204e-01]\n [-5.10934847e+00 -1.14259302e-01 -1.17237103e-01 -1.41651241e+00\n   1.98262482e+01  1.56581003e+01]\n [-2.99819770e+00  3.92776690e-01 -6.22451364e-01 -8.73937204e-01\n   1.56581003e+01  1.56070005e+01]]", "nfev": "431", "njev": "60", "status": "2", "success": "False", "message": "Desired error not necessarily achieved due to precision loss.", "x": "[ 5.02879677 -2.30080353  0.41537389  2.60953223  0.76044412  2.85462949]", "nit": "30"}, "15": {"maxiter": 500, "gtol": 1e-10, "xrtol": 1e-10, "eps": 1e-10, "duration": 0.06632590293884277, "fun": "0.21835991438545777", "jac": "[1.11022293e-06 0.00000000e+00 0.00000000e+00 1.11022293e-06\n 2.22044587e-06 0.00000000e+00]", "hess_inv": "[[ 4.45886638  0.02769932 -0.53293924  0.77118723 -2.75898127 -0.95154846]\n [ 0.02769932  2.75907788 -2.142233   -0.42770288  0.20484258 -0.22621335]\n [-0.53293924 -2.142233    4.42045344 -0.06269991  0.71742914 -0.03597836]\n [ 0.77118723 -0.42770288 -0.06269991  2.8554006  -0.24435058 -0.34886171]\n [-2.75898127  0.20484258  0.71742914 -0.24435058  2.99823152  0.25054385]\n [-0.95154846 -0.22621335 -0.03597836 -0.34886171  0.25054385  0.63818325]]", "nfev": "385", "njev": "55", "status": "0", "success": "True", "message": "Optimization terminated successfully.", "x": "[ 5.0287958  -2.30079927  0.41537629  2.60953669  0.76049538  2.85468066]", "nit": "34"}, "16": {"maxiter": 1000, "gtol": 1e-05, "xrtol": 1e-05, "eps": 1e-05, "duration": 0.05228710174560547, "fun": "0.21835991447409864", "jac": "[ 5.03597164e-08 -2.27740049e-07 -1.36812783e-07  2.30082620e-07\n  4.41735537e-07 -3.77231579e-07]", "hess_inv": "[[ 4.68839198e+00 -3.87564903e-02 -1.40791426e-02  8.45912631e-01\n  -5.11077602e+00 -2.98597269e+00]\n [-3.87564903e-02  3.65406841e+00 -1.75731045e+00  2.02885197e-01\n  -1.19318286e-01  4.05216252e-01]\n [-1.40791426e-02 -1.75731045e+00  4.07052006e+00  2.77742852e-01\n  -1.12475327e-01 -6.22903486e-01]\n [ 8.45912631e-01  2.02885197e-01  2.77742852e-01  3.32115272e+00\n  -1.45050536e+00 -8.90298542e-01]\n [-5.11077602e+00 -1.19318286e-01 -1.12475327e-01 -1.45050536e+00\n   1.97514403e+01  1.55970174e+01]\n [-2.98597269e+00  4.05216252e-01 -6.22903486e-01 -8.90298542e-01\n   1.55970174e+01  1.55794269e+01]]", "nfev": "301", "njev": "43", "status": "0", "success": "True", "message": "Optimization terminated successfully.", "x": "[ 5.02879677 -2.30080353  0.41537389  2.60953223  0.76044412  2.85462949]", "nit": "30"}, "17": {"maxiter": 1000, "gtol": 1e-05, "xrtol": 1e-05, "eps": 1e-10, "duration": 0.05191326141357422, "fun": "0.21835991455390025", "jac": "[-1.11022293e-06  1.11022293e-06 -1.11022293e-06  1.11022293e-06\n  2.22044587e-06  1.11022293e-06]", "hess_inv": "[[ 4.68128572e+00 -7.55907396e-02  6.91459751e-03  8.61499375e-01\n  -4.99145750e+00 -2.86665017e+00]\n [-7.55907396e-02  3.84564571e+00 -1.74677772e+00  1.91682744e-01\n  -2.58737522e-01  2.89062938e-01]\n [ 6.91459751e-03 -1.74677772e+00  3.96448528e+00  2.55891201e-01\n  -1.07201266e-01 -6.03918678e-01]\n [ 8.61499375e-01  1.91682744e-01  2.55891201e-01  3.26934868e+00\n  -1.37227364e+00 -8.09419272e-01]\n [-4.99145750e+00 -2.58737522e-01 -1.07201266e-01 -1.37227364e+00\n   1.90782201e+01  1.49367497e+01]\n [-2.86665017e+00  2.89062938e-01 -6.03918678e-01 -8.09419272e-01\n   1.49367497e+01  1.49435983e+01]]", "nfev": "301", "njev": "43", "status": "0", "success": "True", "message": "Optimization terminated successfully.", "x": "[ 5.02877347 -2.30079698  0.41537027  2.60953245  0.76057344  2.85474502]", "nit": "30"}, "18": {"maxiter": 1000, "gtol": 1e-05, "xrtol": 1e-10, "eps": 1e-05, "duration": 0.051954030990600586, "fun": "0.21835991447409864", "jac": "[ 5.03597164e-08 -2.27740049e-07 -1.36812783e-07  2.30082620e-07\n  4.41735537e-07 -3.77231579e-07]", "hess_inv": "[[ 4.68839198e+00 -3.87564903e-02 -1.40791426e-02  8.45912631e-01\n  -5.11077602e+00 -2.98597269e+00]\n [-3.87564903e-02  3.65406841e+00 -1.75731045e+00  2.02885197e-01\n  -1.19318286e-01  4.05216252e-01]\n [-1.40791426e-02 -1.75731045e+00  4.07052006e+00  2.77742852e-01\n  -1.12475327e-01 -6.22903486e-01]\n [ 8.45912631e-01  2.02885197e-01  2.77742852e-01  3.32115272e+00\n  -1.45050536e+00 -8.90298542e-01]\n [-5.11077602e+00 -1.19318286e-01 -1.12475327e-01 -1.45050536e+00\n   1.97514403e+01  1.55970174e+01]\n [-2.98597269e+00  4.05216252e-01 -6.22903486e-01 -8.90298542e-01\n   1.55970174e+01  1.55794269e+01]]", "nfev": "301", "njev": "43", "status": "0", "success": "True", "message": "Optimization terminated successfully.", "x": "[ 5.02879677 -2.30080353  0.41537389  2.60953223  0.76044412  2.85462949]", "nit": "30"}, "19": {"maxiter": 1000, "gtol": 1e-05, "xrtol": 1e-10, "eps": 1e-10, "duration": 0.051934003829956055, "fun": "0.21835991455390025", "jac": "[-1.11022293e-06  1.11022293e-06 -1.11022293e-06  1.11022293e-06\n  2.22044587e-06  1.11022293e-06]", "hess_inv": "[[ 4.68128572e+00 -7.55907396e-02  6.91459751e-03  8.61499375e-01\n  -4.99145750e+00 -2.86665017e+00]\n [-7.55907396e-02  3.84564571e+00 -1.74677772e+00  1.91682744e-01\n  -2.58737522e-01  2.89062938e-01]\n [ 6.91459751e-03 -1.74677772e+00  3.96448528e+00  2.55891201e-01\n  -1.07201266e-01 -6.03918678e-01]\n [ 8.61499375e-01  1.91682744e-01  2.55891201e-01  3.26934868e+00\n  -1.37227364e+00 -8.09419272e-01]\n [-4.99145750e+00 -2.58737522e-01 -1.07201266e-01 -1.37227364e+00\n   1.90782201e+01  1.49367497e+01]\n [-2.86665017e+00  2.89062938e-01 -6.03918678e-01 -8.09419272e-01\n   1.49367497e+01  1.49435983e+01]]", "nfev": "301", "njev": "43", "status": "0", "success": "True", "message": "Optimization terminated successfully.", "x": "[ 5.02877347 -2.30079698  0.41537027  2.60953245  0.76057344  2.85474502]", "nit": "30"}, "20": {"maxiter": 1000, "gtol": 1e-10, "xrtol": 1e-05, "eps": 1e-05, "duration": 0.07416200637817383, "fun": "0.21835991447409864", "jac": "[ 5.03597164e-08 -2.27740049e-07 -1.36812783e-07  2.30082620e-07\n  4.41735537e-07 -3.77231579e-07]", "hess_inv": "[[ 4.68037928e+00 -4.86090375e-02 -1.15640629e-02  8.39719660e-01\n  -5.10934847e+00 -2.99819770e+00]\n [-4.86090375e-02  3.64209895e+00 -1.75440772e+00  1.96717754e-01\n  -1.14259302e-01  3.92776690e-01]\n [-1.15640629e-02 -1.75440772e+00  4.06997851e+00  2.77796641e-01\n  -1.17237103e-01 -6.22451364e-01]\n [ 8.39719660e-01  1.96717754e-01  2.77796641e-01  3.33077725e+00\n  -1.41651241e+00 -8.73937204e-01]\n [-5.10934847e+00 -1.14259302e-01 -1.17237103e-01 -1.41651241e+00\n   1.98262482e+01  1.56581003e+01]\n [-2.99819770e+00  3.92776690e-01 -6.22451364e-01 -8.73937204e-01\n   1.56581003e+01  1.56070005e+01]]", "nfev": "431", "njev": "60", "status": "2", "success": "False", "message": "Desired error not necessarily achieved due to precision loss.", "x": "[ 5.02879677 -2.30080353  0.41537389  2.60953223  0.76044412  2.85462949]", "nit": "30"}, "21": {"maxiter": 1000, "gtol": 1e-10, "xrtol": 1e-05, "eps": 1e-10, "duration": 0.055561065673828125, "fun": "0.21835991438556168", "jac": "[ 0.00000000e+00 -1.11022293e-06  1.11022293e-06 -1.11022293e-06\n  0.00000000e+00  1.11022293e-06]", "hess_inv": "[[ 5.46010922e+00  6.03909727e-01 -1.19855769e-01  1.39542493e+00\n  -7.98346830e+00 -5.08618090e+00]\n [ 6.03909727e-01  3.17679295e+00 -1.27429718e+00 -3.43982426e-03\n  -2.81651862e+00 -2.07027111e+00]\n [-1.19855769e-01 -1.27429718e+00  3.71311696e+00  4.76851349e-01\n   4.05874982e-01  1.79147325e-03]\n [ 1.39542493e+00 -3.43982426e-03  4.76851349e-01  3.28683789e+00\n  -3.44381994e+00 -2.59917729e+00]\n [-7.98346830e+00 -2.81651862e+00  4.05874982e-01 -3.44381994e+00\n   2.95684746e+01  2.25067624e+01]\n [-5.08618090e+00 -2.07027111e+00  1.79147325e-03 -2.59917729e+00\n   2.25067624e+01  2.01795823e+01]]", "nfev": "322", "njev": "46", "status": "0", "success": "True", "message": "Optimization terminated successfully.", "x": "[ 5.02879558 -2.30079951  0.41537641  2.6095365   0.76049621  2.8546813 ]", "nit": "32"}, "22": {"maxiter": 1000, "gtol": 1e-10, "xrtol": 1e-10, "eps": 1e-05, "duration": 0.07546520233154297, "fun": "0.21835991447409864", "jac": "[ 5.03597164e-08 -2.27740049e-07 -1.36812783e-07  2.30082620e-07\n  4.41735537e-07 -3.77231579e-07]", "hess_inv": "[[ 4.68037928e+00 -4.86090375e-02 -1.15640629e-02  8.39719660e-01\n  -5.10934847e+00 -2.99819770e+00]\n [-4.86090375e-02  3.64209895e+00 -1.75440772e+00  1.96717754e-01\n  -1.14259302e-01  3.92776690e-01]\n [-1.15640629e-02 -1.75440772e+00  4.06997851e+00  2.77796641e-01\n  -1.17237103e-01 -6.22451364e-01]\n [ 8.39719660e-01  1.96717754e-01  2.77796641