{"date": "2024/07/18/, 22:35:26", "conf_id": 91, "data_type": "orthogonal\n", "num_data_points": 1, "s_rank": 0, "unitary": "[[-0.56303964-0.00798273j,-0.21670212-0.15784972j,-0.06047197-0.73952673j,-0.01438004+0.24552571j],[-0.06976756+0.23474685j,-0.01275565-0.5435098j,-0.02703657-0.08917885j,-0.08210486-0.79311774j],[-0.38559961+0.10714929j,0.5933431-0.2687392j,-0.24060861+0.29149289j,-0.45147719+0.26241743j],[-0.50180421+0.45931857j,-0.11617175+0.44134496j,0.49642745+0.22684508j,-0.08544628-0.15407063j]]", "databatch_0": {"databatch": "[[[0.067947-0.15644947j,0.15232526-0.18173596j,-0.17225828+0.34743715j,0.32084135+0.12197994j],[-0.14873769-0.07904109j,-0.01605481-0.01710771j,-0.29441333-0.22555637j,0.20792456-0.29128802j],[-0.15544403+0.021521j,0.17787076-0.03825986j,0.00906533+0.01280833j,-0.19109381-0.16625212j],[-0.00390462-0.16527926j,0.30026794+0.31785239j,-0.00296745-0.0562514j,-0.01944847-0.08780443j]]]", "initial param values": "[3.01385734,1.52633047,5.81825087,5.79999532,3.83620379,5.76892014]", "nelder_mead": {"type": "gradient-free", "0": {"maxiter": 100, "fatol": 1e-05, "xatol": 1e-05, "duration": 0.02633500099182129, "fun": "0.5204280361672531", "nit": "100", "nfev": "157", "status": "2", "success": "False", "message": "Maximum number of iterations has been exceeded.", "x": "[5.81842312 1.92809776 6.19627691 4.95226204 3.19320757 6.46141167]", "final_simplex": "(array([[5.81842312, 1.92809776, 6.19627691, 4.95226204, 3.19320757,\n        6.46141167],\n       [5.925779  , 1.9108    , 6.18580199, 4.84212332, 3.16269315,\n        6.53461347],\n       [5.93745739, 1.9230497 , 6.10957017, 4.84858924, 3.12056608,\n        6.51723219],\n       [5.85708302, 1.91266805, 6.14080686, 4.87397386, 3.1590495 ,\n        6.51452596],\n       [5.87098347, 1.89410548, 6.18736884, 4.91863868, 3.15910798,\n        6.53188871],\n       [5.89983146, 1.88101373, 6.19602687, 4.89925583, 3.11522811,\n        6.53984144],\n       [5.87277354, 1.9060365 , 6.18370697, 4.9188343 , 3.15712275,\n        6.48359495]]), array([0.52042804, 0.52058454, 0.52062466, 0.52072955, 0.52079337,\n       0.52094269, 0.52104863]))"}, "1": {"maxiter": 100, "fatol": 1e-05, "xatol": 1e-10, "duration": 0.026222705841064453, "fun": "0.5204280361672531", "nit": "100", "nfev": "157", "status": "2", "success": "False", "message": "Maximum number of iterations has been exceeded.", "x": "[5.81842312 1.92809776 6.19627691 4.95226204 3.19320757 6.46141167]", "final_simplex": "(array([[5.81842312, 1.92809776, 6.19627691, 4.95226204, 3.19320757,\n        6.46141167],\n       [5.925779  , 1.9108    , 6.18580199, 4.84212332, 3.16269315,\n        6.53461347],\n       [5.93745739, 1.9230497 , 6.10957017, 4.84858924, 3.12056608,\n        6.51723219],\n       [5.85708302, 1.91266805, 6.14080686, 4.87397386, 3.1590495 ,\n        6.51452596],\n       [5.87098347, 1.89410548, 6.18736884, 4.91863868, 3.15910798,\n        6.53188871],\n       [5.89983146, 1.88101373, 6.19602687, 4.89925583, 3.11522811,\n        6.53984144],\n       [5.87277354, 1.9060365 , 6.18370697, 4.9188343 , 3.15712275,\n        6.48359495]]), array([0.52042804, 0.52058454, 0.52062466, 0.52072955, 0.52079337,\n       0.52094269, 0.52104863]))"}, "2": {"maxiter": 100, "fatol": 1e-10, "xatol": 1e-05, "duration": 0.026136159896850586, "fun": "0.5204280361672531", "nit": "100", "nfev": "157", "status": "2", "success": "False", "message": "Maximum number of iterations has been exceeded.", "x": "[5.81842312 1.92809776 6.19627691 4.95226204 3.19320757 6.46141167]", "final_simplex": "(array([[5.81842312, 1.92809776, 6.19627691, 4.95226204, 3.19320757,\n        6.46141167],\n       [5.925779  , 1.9108    , 6.18580199, 4.84212332, 3.16269315,\n        6.53461347],\n       [5.93745739, 1.9230497 , 6.10957017, 4.84858924, 3.12056608,\n        6.51723219],\n       [5.85708302, 1.91266805, 6.14080686, 4.87397386, 3.1590495 ,\n        6.51452596],\n       [5.87098347, 1.89410548, 6.18736884, 4.91863868, 3.15910798,\n        6.53188871],\n       [5.89983146, 1.88101373, 6.19602687, 4.89925583, 3.11522811,\n        6.53984144],\n       [5.87277354, 1.9060365 , 6.18370697, 4.9188343 , 3.15712275,\n        6.48359495]]), array([0.52042804, 0.52058454, 0.52062466, 0.52072955, 0.52079337,\n       0.52094269, 0.52104863]))"}, "3": {"maxiter": 100, "fatol": 1e-10, "xatol": 1e-10, "duration": 0.026173114776611328, "fun": "0.5204280361672531", "nit": "100", "nfev": "157", "status": "2", "success": "False", "message": "Maximum number of iterations has been exceeded.", "x": "[5.81842312 1.92809776 6.19627691 4.95226204 3.19320757 6.46141167]", "final_simplex": "(array([[5.81842312, 1.92809776, 6.19627691, 4.95226204, 3.19320757,\n        6.46141167],\n       [5.925779  , 1.9108    , 6.18580199, 4.84212332, 3.16269315,\n        6.53461347],\n       [5.93745739, 1.9230497 , 6.10957017, 4.84858924, 3.12056608,\n        6.51723219],\n       [5.85708302, 1.91266805, 6.14080686, 4.87397386, 3.1590495 ,\n        6.51452596],\n       [5.87098347, 1.89410548, 6.18736884, 4.91863868, 3.15910798,\n        6.53188871],\n       [5.89983146, 1.88101373, 6.19602687, 4.89925583, 3.11522811,\n        6.53984144],\n       [5.87277354, 1.9060365 , 6.18370697, 4.9188343 , 3.15712275,\n        6.48359495]]), array([0.52042804, 0.52058454, 0.52062466, 0.52072955, 0.52079337,\n       0.52094269, 0.52104863]))"}, "4": {"maxiter": 500, "fatol": 1e-05, "xatol": 1e-05, "duration": 0.11767697334289551, "fun": "0.44714155274710665", "nit": "444", "nfev": "707", "status": "0", "success": "True", "message": "Optimization terminated successfully.", "x": "[5.31584846 3.42151762 3.92239681 4.00832514 2.85941073 7.3744798 ]", "final_simplex": "(array([[5.31584846, 3.42151762, 3.92239681, 4.00832514, 2.85941073,\n        7.3744798 ],\n       [5.31584322, 3.42151873, 3.92239137, 4.00831983, 2.85940964,\n        7.37448392],\n       [5.31584875, 3.42152474, 3.92239358, 4.00832812, 2.85940772,\n        7.37447418],\n       [5.31584617, 3.42152421, 3.92239106, 4.0083229 , 2.85941396,\n        7.37448205],\n       [5.31584787, 3.42152043, 3.92239608, 4.00832552, 2.85941141,\n        7.37447406],\n       [5.31584862, 3.42152438, 3.92238941, 4.00832069, 2.85940863,\n        7.37447628],\n       [5.31584526, 3.42151577, 3.92238789, 4.00832428, 2.85941537,\n        7.37448752]]), array([0.44714155, 0.44714155, 0.44714155, 0.44714155, 0.44714155,\n       0.44714155, 0.44714155]))"}, "5": {"maxiter": 500, "fatol": 1e-05, "xatol": 1e-10, "duration": 0.13332605361938477, "fun": "0.4471415527449045", "nit": "500", "nfev": "800", "status": "2", "success": "False", "message": "Maximum number of iterations has been exceeded.", "x": "[5.31584523 3.42151989 3.92239438 4.00832532 2.8594096  7.37447963]", "final_simplex": "(array([[5.31584523, 3.42151989, 3.92239438, 4.00832532, 2.8594096 ,\n        7.37447963],\n       [5.31584518, 3.42151989, 3.9223943 , 4.00832524, 2.85940967,\n        7.37447978],\n       [5.31584524, 3.4215199 , 3.92239423, 4.00832522, 2.85940959,\n        7.3744797 ],\n       [5.31584526, 3.42151993, 3.92239425, 4.00832528, 2.8594097 ,\n        7.37447974],\n       [5.31584523, 3.42151982, 3.92239435, 4.00832524, 2.85940966,\n        7.37447972],\n       [5.31584512, 3.42151977, 3.92239427, 4.00832525, 2.85940973,\n        7.37447985],\n       [5.3158452 , 3.4215198 , 3.92239434, 4.0083253 , 2.85940965,\n        7.37447984]]), array([0.44714155, 0.44714155, 0.44714155, 0.44714155, 0.44714155,\n       0.44714155, 0.44714155]))"}, "6": {"maxiter": 500, "fatol": 1e-10, "xatol": 1e-05, "duration": 0.11793088912963867, "fun": "0.44714155274710665", "nit": "444", "nfev": "707", "status": "0", "success": "True", "message": "Optimization terminated successfully.", "x": "[5.31584846 3.42151762 3.92239681 4.00832514 2.85941073 7.3744798 ]", "final_simplex": "(array([[5.31584846, 3.42151762, 3.92239681, 4.00832514, 2.85941073,\n        7.3744798 ],\n       [5.31584322, 3.42151873, 3.92239137, 4.00831983, 2.85940964,\n        7.37448392],\n       [5.31584875, 3.42152474, 3.92239358, 4.00832812, 2.85940772,\n        7.37447418],\n       [5.31584617, 3.42152421, 3.92239106, 4.0083229 , 2.85941396,\n        7.37448205],\n       [5.31584787, 3.42152043, 3.92239608, 4.00832552, 2.85941141,\n        7.37447406],\n       [5.31584862, 3.42152438, 3.92238941, 4.00832069, 2.85940863,\n        7.37447628],\n       [5.31584526, 3.42151577, 3.92238789, 4.00832428, 2.85941537,\n        7.37448752]]), array([0.44714155, 0.44714155, 0.44714155, 0.44714155, 0.44714155,\n       0.44714155, 0.44714155]))"}, "7": {"maxiter": 500, "fatol": 1e-10, "xatol": 1e-10, "duration": 0.13315200805664062, "fun": "0.4471415527449045", "nit": "500", "nfev": "800", "status": "2", "success": "False", "message": "Maximum number of iterations has been exceeded.", "x": "[5.31584523 3.42151989 3.92239438 4.00832532 2.8594096  7.37447963]", "final_simplex": "(array([[5.31584523, 3.42151989, 3.92239438, 4.00832532, 2.8594096 ,\n        7.37447963],\n       [5.31584518, 3.42151989, 3.9223943 , 4.00832524, 2.85940967,\n        7.37447978],\n       [5.31584524, 3.4215199 , 3.92239423, 4.00832522, 2.85940959,\n        7.3744797 ],\n       [5.31584526, 3.42151993, 3.92239425, 4.00832528, 2.8594097 ,\n        7.37447974],\n       [5.31584523, 3.42151982, 3.92239435, 4.00832524, 2.85940966,\n        7.37447972],\n       [5.31584512, 3.42151977, 3.92239427, 4.00832525, 2.85940973,\n        7.37447985],\n       [5.3158452 , 3.4215198 , 3.92239434, 4.0083253 , 2.85940965,\n        7.37447984]]), array([0.44714155, 0.44714155, 0.44714155, 0.44714155, 0.44714155,\n       0.44714155, 0.44714155]))"}, "8": {"maxiter": 1000, "fatol": 1e-05, "xatol": 1e-05, "duration": 0.11757206916809082, "fun": "0.44714155274710665", "nit": "444", "nfev": "707", "status": "0", "success": "True", "message": "Optimization terminated successfully.", "x": "[5.31584846 3.42151762 3.92239681 4.00832514 2.85941073 7.3744798 ]", "final_simplex": "(array([[5.31584846, 3.42151762, 3.92239681, 4.00832514, 2.85941073,\n        7.3744798 ],\n       [5.31584322, 3.42151873, 3.92239137, 4.00831983, 2.85940964,\n        7.37448392],\n       [5.31584875, 3.42152474, 3.92239358, 4.00832812, 2.85940772,\n        7.37447418],\n       [5.31584617, 3.42152421, 3.92239106, 4.0083229 , 2.85941396,\n        7.37448205],\n       [5.31584787, 3.42152043, 3.92239608, 4.00832552, 2.85941141,\n        7.37447406],\n       [5.31584862, 3.42152438, 3.92238941, 4.00832069, 2.85940863,\n        7.37447628],\n       [5.31584526, 3.42151577, 3.92238789, 4.00832428, 2.85941537,\n        7.37448752]]), array([0.44714155, 0.44714155, 0.44714155, 0.44714155, 0.44714155,\n       0.44714155, 0.44714155]))"}, "9": {"maxiter": 1000, "fatol": 1e-05, "xatol": 1e-10, "duration": 0.15929603576660156, "fun": "0.44714155274490386", "nit": "549", "nfev": "942", "status": "0", "success": "True", "message": "Optimization terminated successfully.", "x": "[5.31584519 3.42151987 3.92239423 4.00832523 2.85940969 7.3744798 ]", "final_simplex": "(array([[5.31584519, 3.42151987, 3.92239423, 4.00832523, 2.85940969,\n        7.3744798 ],\n       [5.31584519, 3.42151987, 3.92239423, 4.00832523, 2.85940969,\n        7.3744798 ],\n       [5.31584519, 3.42151987, 3.92239423, 4.00832523, 2.85940969,\n        7.3744798 ],\n       [5.31584519, 3.42151987, 3.92239423, 4.00832523, 2.85940969,\n        7.3744798 ],\n       [5.31584519, 3.42151987, 3.92239423, 4.00832523, 2.85940969,\n        7.3744798 ],\n       [5.31584519, 3.42151987, 3.92239423, 4.00832523, 2.85940969,\n        7.3744798 ],\n       [5.31584519, 3.42151987, 3.92239423, 4.00832523, 2.85940969,\n        7.3744798 ]]), array([0.44714155, 0.44714155, 0.44714155, 0.44714155, 0.44714155,\n       0.44714155, 0.44714155]))"}, "10": {"maxiter": 1000, "fatol": 1e-10, "xatol": 1e-05, "duration": 0.12223577499389648, "fun": "0.44714155274710665", "nit": "444", "nfev": "707", "status": "0", "success": "True", "message": "Optimization terminated successfully.", "x": "[5.31584846 3.42151762 3.92239681 4.00832514 2.85941073 7.3744798 ]", "final_simplex": "(array([[5.31584846, 3.42151762, 3.92239681, 4.00832514, 2.85941073,\n        7.3744798 ],\n       [5.31584322, 3.42151873, 3.92239137, 4.00831983, 2.85940964,\n        7.37448392],\n       [5.31584875, 3.42152474, 3.92239358, 4.00832812, 2.85940772,\n        7.37447418],\n       [5.31584617, 3.42152421, 3.92239106, 4.0083229 , 2.85941396,\n        7.37448205],\n       [5.31584787, 3.42152043, 3.92239608, 4.00832552, 2.85941141,\n        7.37447406],\n       [5.31584862, 3.42152438, 3.92238941, 4.00832069, 2.85940863,\n        7.37447628],\n       [5.31584526, 3.42151577, 3.92238789, 4.00832428, 2.85941537,\n        7.37448752]]), array([0.44714155, 0.44714155, 0.44714155, 0.44714155, 0.44714155,\n       0.44714155, 0.44714155]))"}, "11": {"maxiter": 1000, "fatol": 1e-10, "xatol": 1e-10, "duration": 0.1624162197113037, "fun": "0.44714155274490386", "nit": "549", "nfev": "942", "status": "0", "success": "True", "message": "Optimization terminated successfully.", "x": "[5.31584519 3.42151987 3.92239423 4.00832523 2.85940969 7.3744798 ]", "final_simplex": "(array([[5.31584519, 3.42151987, 3.92239423, 4.00832523, 2.85940969,\n        7.3744798 ],\n       [5.31584519, 3.42151987, 3.92239423, 4.00832523, 2.85940969,\n        7.3744798 ],\n       [5.31584519, 3.42151987, 3.92239423, 4.00832523, 2.85940969,\n        7.3744798 ],\n       [5.31584519, 3.42151987, 3.92239423, 4.00832523, 2.85940969,\n        7.3744798 ],\n       [5.31584519, 3.42151987, 3.92239423, 4.00832523, 2.85940969,\n        7.3744798 ],\n       [5.31584519, 3.42151987, 3.92239423, 4.00832523, 2.85940969,\n        7.3744798 ],\n       [5.31584519, 3.42151987, 3.92239423, 4.00832523, 2.85940969,\n        7.3744798 ]]), array([0.44714155, 0.44714155, 0.44714155, 0.44714155, 0.44714155,\n       0.44714155, 0.44714155]))"}}, "bfgs": {"type": "gradient", "0": {"maxiter": 100, "gtol": 1e-05, "xrtol": 1e-05, "eps": 1e-05, "duration": 0.04069089889526367, "fun": "0.44714155308154824", "jac": "[ 8.50731707e-06  3.78679310e-06 -2.19655405e-06 -6.62292443e-07\n -5.05386843e-06  3.05405701e-06]", "hess_inv": "[[ 4.38400117  0.65191916  1.74699974  1.53510658 -1.29153578 -3.49540271]\n [ 0.65191916  7.48776108 -4.79969221 -1.98719817 -2.21057015 -2.64244652]\n [ 1.74699974 -4.79969221 16.64738395  7.70559868 -1.07543717 -8.39882003]\n [ 1.53510658 -1.98719817  7.70559868  7.27870185 -0.33611853 -4.41740752]\n [-1.29153578 -2.21057015 -1.07543717 -0.33611853  7.63763514  7.0047618 ]\n [-3.49540271 -2.64244652 -8.39882003 -4.41740752  7.0047618  15.52693454]]", "nfev": "231", "njev": "33", "status": "0", "success": "True", "message": "Optimization terminated successfully.", "x": "[5.31587235 3.42155828 3.9223539  4.00830643 2.85936893 7.37445262]", "nit": "28"}, "1": {"maxiter": 100, "gtol": 1e-05, "xrtol": 1e-05, "eps": 1e-10, "duration": 0.04161381721496582, "fun": "0.44714155290491253", "jac": "[ 5.55111466e-06 -1.11022293e-06 -1.11022293e-06 -2.22044587e-06\n -1.11022293e-06  2.22044587e-06]", "hess_inv": "[[ 4.81814344  0.99356058  1.82058586  1.57441798 -1.56961797 -3.82070016]\n [ 0.99356058  7.21009283 -2.49002188 -0.55176146 -2.08078329 -4.11053115]\n [ 1.82058586 -2.49002188 13.65828225  6.28785099 -2.66244794 -8.969163  ]\n [ 1.57441798 -0.55176146  6.28785099  6.57390776 -1.29840475 -4.89853984]\n [-1.56961797 -2.08078329 -2.66244794 -1.29840475  7.65124469  8.11503955]\n [-3.82070016 -4.11053115 -8.969163   -4.89853984  8.11503955 17.5311148 ]]", "nfev": "238", "njev": "34", "status": "0", "success": "True", "message": "Optimization terminated successfully.", "x": "[5.31584494 3.4215198  3.92234087 4.00829442 2.85941376 7.3745178 ]", "nit": "29"}, "2": {"maxiter": 100, "gtol": 1e-05, "xrtol": 1e-10, "eps": 1e-05, "duration": 0.04023408889770508, "fun": "0.44714155308154824", "jac": "[ 8.50731707e-06  3.78679310e-06 -2.19655405e-06 -6.62292443e-07\n -5.05386843e-06  3.05405701e-06]", "hess_inv": "[[ 4.38400117  0.65191916  1.74699974  1.53510658 -1.29153578 -3.49540271]\n [ 0.65191916  7.48776108 -4.79969221 -1.98719817 -2.21057015 -2.64244652]\n [ 1.74699974 -4.79969221 16.64738395  7.70559868 -1.07543717 -8.39882003]\n [ 1.53510658 -1.98719817  7.70559868  7.27870185 -0.33611853 -4.41740752]\n [-1.29153578 -2.21057015 -1.07543717 -0.33611853  7.63763514  7.0047618 ]\n [-3.49540271 -2.64244652 -8.39882003 -4.41740752  7.0047618  15.52693454]]", "nfev": "231", "njev": "33", "status": "0", "success": "True", "message": "Optimization terminated successfully.", "x": "[5.31587235 3.42155828 3.9223539  4.00830643 2.85936893 7.37445262]", "nit": "28"}, "3": {"maxiter": 100, "gtol": 1e-05, "xrtol": 1e-10, "eps": 1e-10, "duration": 0.041322946548461914, "fun": "0.44714155290491253", "jac": "[ 5.55111466e-06 -1.11022293e-06 -1.11022293e-06 -2.22044587e-06\n -1.11022293e-06  2.22044587e-06]", "hess_inv": "[[ 4.81814344  0.99356058  1.82058586  1.57441798 -1.56961797 -3.82070016]\n [ 0.99356058  7.21009283 -2.49002188 -0.55176146 -2.08078329 -4.11053115]\n [ 1.82058586 -2.49002188 13.65828225  6.28785099 -2.66244794 -8.969163  ]\n [ 1.57441798 -0.55176146  6.28785099  6.57390776 -1.29840475 -4.89853984]\n [-1.56961797 -2.08078329 -2.66244794 -1.29840475  7.65124469  8.11503955]\n [-3.82070016 -4.11053115 -8.969163   -4.89853984  8.11503955 17.5311148 ]]", "nfev": "238", "njev": "34", "status": "0", "success": "True", "message": "Optimization terminated successfully.", "x": "[5.31584494 3.4215198  3.92234087 4.00829442 2.85941376 7.3745178 ]", "nit": "29"}, "4": {"maxiter": 100, "gtol": 1e-10, "xrtol": 1e-05, "eps": 1e-05, "duration": 0.041319847106933594, "fun": "0.4471415527755509", "jac": "[-1.71693770e-06 -1.24671384e-06  5.63993297e-09  1.22596377e-06\n  2.40991671e-06 -1.03507203e-06]", "hess_inv": "[[ 5.21261824  1.23028695  2.31972001  1.8415687  -2.19927556 -4.8182114 ]\n [ 1.23028695  7.52075192 -3.22970742 -1.24026868 -2.84037506 -4.14450239]\n [ 2.31972001 -3.22970742 13.34908408  6.23479132 -1.71480891 -7.48614385]\n [ 1.8415687  -1.24026868  6.23479132  6.62563654 -0.67729329 -4.07448961]\n [-2.19927556 -2.84037506 -1.71480891 -0.67729329  8.63201413  8.45979915]\n [-4.8182114  -4.14450239 -7.48614385 -4.07448961  8.45979915 16.73513165]]", "nfev": "238", "njev": "34", "status": "0", "success": "True", "message": "Optimization terminated successfully.", "x": "[5.31583326 3.42150972 3.92239404 4.00832257 2.85941197 7.37448181]", "nit": "29"}, "5": {"maxiter": 100, "gtol": 1e-10, "xrtol": 1e-05, "eps": 1e-10, "duration": 0.04248499870300293, "fun": "0.4471415527885676", "jac": "[-1.11022293e-06  0.00000000e+00 -1.11022293e-06  0.00000000e+00\n -1.11022293e-06 -1.11022293e-06]", "hess_inv": "[[ 4.8309823   0.95641462  2.30471603  1.95777087 -1.53095171 -4.25969911]\n [ 0.95641462  7.24248912 -2.68188671 -0.71411328 -2.12220415 -3.94551498]\n [ 2.30471603 -2.68188671 12.44970152  5.49872312 -2.33877003 -7.72893267]\n [ 1.95777087 -0.71411328  5.49872312  6.08052629 -1.03232068 -4.06994596]\n [-1.53095171 -2.12220415 -2.33877003 -1.03232068  7.7015851   7.82994583]\n [-4.25969911 -3.94551498 -7.72893267 -4.06994596  7.82994583 16.2745685 ]]", "nfev": "245", "njev": "35", "status": "0", "success": "True", "message": "Optimization terminated successfully.", "x": "[5.31583385 3.42152438 3.9223657  4.00831026 2.85940618 7.374492  ]", "nit": "30"}, "6": {"maxiter": 100, "gtol": 1e-10, "xrtol": 1e-10, "eps": 1e-05, "duration": 0.07860398292541504, "fun": "0.44714155277107837", "jac": "[ 2.88657986e-09  4.05231404e-09 -9.40358902e-09  2.80775403e-08\n  5.67323966e-09 -4.88498131e-10]", "hess_inv": "[[ 5.00171217  0.76576159  2.63632565  2.1450608  -1.59698466 -4.44947352]\n [ 0.76576159  6.69608228 -2.63449814 -0.79105501 -1.87685378 -3.53663279]\n [ 2.63632565 -2.63449814 12.92652676  5.8923089  -2.43212206 -7.93467602]\n [ 2.1450608  -0.79105501  5.8923089   6.43161566 -1.14291197 -4.37962748]\n [-1.59698466 -1.87685378 -2.43212206 -1.14291197  7.57613854  7.78046759]\n [-4.44947352 -3.53663279 -7.93467602 -4.37962748  7.78046759 16.30080485]]", "nfev": "460", "njev": "64", "status": "2", "success": "False", "message": "Desired error not necessarily achieved due to precision loss.", "x": "[5.31583945 3.42152125 3.92238567 4.00831569 2.85939812 7.37447326]", "nit": "30"}, "7": {"maxiter": 100, "gtol": 1e-10, "xrtol": 1e-10, "eps": 1e-10, "duration": 0.061196088790893555, "fun": "0.44714155276873646", "jac": "[0.0000000e+00 0.0000000e+00 0.0000000e+00 3.3306688e-06 0.0000000e+00\n 0.0000000e+00]", "hess_inv": "[[  4.97813828   2.8813983    0.22312654   0.79882274  -4.20019153\n   -6.50931542]\n [  2.8813983   13.45174411  -7.2917604   -3.14729084  -7.67990014\n  -10.67836472]\n [  0.22312654  -7.2917604   14.36320808   6.36782675   0.13741811\n   -2.76797245]\n [  0.79882274  -3.14729084   6.36782675   6.45174009   0.12154102\n   -1.4543903 ]\n [ -4.20019153  -7.67990014   0.13741811   0.12154102  10.54832649\n   13.61215928]\n [ -6.50931542 -10.67836472  -2.76797245  -1.4543903   13.61215928\n   23.44692339]]", "nfev": "357", "njev": "51", "status": "0", "success": "True", "message": "Optimization terminated successfully.", "x": "[5.31583349 3.42151736 3.9223741  4.00831499 2.85941656 7.37450007]", "nit": "32"}, "8": {"maxiter": 500, "gtol": 1e-05, "xrtol": 1e-05, "eps": 1e-05, "duration": 0.039708852767944336, "fun": "0.44714155308154824", "jac": "[ 8.50731707e-06  3.78679310e-06 -2.19655405e-06 -6.62292443e-07\n -5.05386843e-06  3.05405701e-06]", "hess_inv": "[[ 4.38400117  0.65191916  1.74699974  1.53510658 -1.29153578 -3.49540271]\n [ 0.65191916  7.48776108 -4.79969221 -1.98719817 -2.21057015 -2.64244652]\n [ 1.74699974 -4.79969221 16.64738395  7.70559868 -1.07543717 -8.39882003]\n [ 1.53510658 -1.98719817  7.70559868  7.27870185 -0.33611853 -4.41740752]\n [-1.29153578 -2.21057015 -1.07543717 -0.33611853  7.63763514  7.0047618 ]\n [-3.49540271 -2.64244652 -8.39882003 -4.41740752  7.0047618  15.52693454]]", "nfev": "231", "njev": "33", "status": "0", "success": "True", "message": "Optimization terminated successfully.", "x": "[5.31587235 3.42155828 3.9223539  4.00830643 2.85936893 7.37445262]", "nit": "28"}, "9": {"maxiter": 500, "gtol": 1e-05, "xrtol": 1e-05, "eps": 1e-10, "duration": 0.04229903221130371, "fun": "0.44714155290491253", "jac": "[ 5.55111466e-06 -1.11022293e-06 -1.11022293e-06 -2.22044587e-06\n -1.11022293e-06  2.22044587e-06]", "hess_inv": "[[ 4.81814344  0.99356058  1.82058586  1.57441798 -1.56961797 -3.82070016]\n [ 0.99356058  7.21009283 -2.49002188 -0.55176146 -2.08078329 -4.11053115]\n [ 1.82058586 -2.49002188 13.65828225  6.28785099 -2.66244794 -8.969163  ]\n [ 1.57441798 -0.55176146  6.28785099  6.57390776 -1.29840475 -4.89853984]\n [-1.56961797 -2.08078329 -2.66244794 -1.29840475  7.65124469  8.11503955]\n [-3.82070016 -4.11053115 -8.969163   -4.89853984  8.11503955 17.5311148 ]]", "nfev": "238", "njev": "34", "status": "0", "success": "True", "message": "Optimization terminated successfully.", "x": "[5.31584494 3.4215198  3.92234087 4.00829442 2.85941376 7.3745178 ]", "nit": "29"}, "10": {"maxiter": 500, "gtol": 1e-05, "xrtol": 1e-10, "eps": 1e-05, "duration": 0.0411379337310791, "fun": "0.44714155308154824", "jac": "[ 8.50731707e-06  3.78679310e-06 -2.19655405e-06 -6.62292443e-07\n -5.05386843e-06  3.05405701e-06]", "hess_inv": "[[ 4.38400117  0.65191916  1.74699974  1.53510658 -1.29153578 -3.49540271]\n [ 0.65191916  7.48776108 -4.79969221 -1.98719817 -2.21057015 -2.64244652]\n [ 1.74699974 -4.79969221 16.64738395  7.70559868 -1.07543717 -8.39882003]\n [ 1.53510658 -1.98719817  7.70559868  7.27870185 -0.33611853 -4.41740752]\n [-1.29153578 -2.21057015 -1.07543717 -0.33611853  7.63763514  7.0047618 ]\n [-3.49540271 -2.64244652 -8.39882003 -4.41740752  7.0047618  15.52693454]]", "nfev": "231", "njev": "33", "status": "0", "success": "True", "message": "Optimization terminated successfully.", "x": "[5.31587235 3.42155828 3.9223539  4.00830643 2.85936893 7.37445262]", "nit": "28"}, "11": {"maxiter": 500, "gtol": 1e-05, "xrtol": 1e-10, "eps": 1e-10, "duration": 0.04237723350524902, "fun": "0.44714155290491253", "jac": "[ 5.55111466e-06 -1.11022293e-06 -1.11022293e-06 -2.22044587e-06\n -1.11022293e-06  2.22044587e-06]", "hess_inv": "[[ 4.81814344  0.99356058  1.82058586  1.57441798 -1.56961797 -3.82070016]\n [ 0.99356058  7.21009283 -2.49002188 -0.55176146 -2.08078329 -4.11053115]\n [ 1.82058586 -2.49002188 13.65828225  6.28785099 -2.66244794 -8.969163  ]\n [ 1.57441798 -0.55176146  6.28785099  6.57390776 -1.29840475 -4.89853984]\n [-1.56961797 -2.08078329 -2.66244794 -1.29840475  7.65124469  8.11503955]\n [-3.82070016 -4.11053115 -8.969163   -4.89853984  8.11503955 17.5311148 ]]", "nfev": "238", "njev": "34", "status": "0", "success": "True", "message": "Optimization terminated successfully.", "x": "[5.31584494 3.4215198  3.92234087 4.00829442 2.85941376 7.3745178 ]", "nit": "29"}, "12": {"maxiter": 500, "gtol": 1e-10, "xrtol": 1e-05, "eps": 1e-05, "duration": 0.0422520637512207, "fun": "0.4471415527755509", "jac": "[-1.71693770e-06 -1.24671384e-06  5.63993297e-09  1.22596377e-06\n  2.40991671e-06 -1.03507203e-06]", "hess_inv": "[[ 5.21261824  1.23028695  2.31972001  1.8415687  -2.19927556 -4.8182114 ]\n [ 1.23028695  7.52075192 -3.22970742 -1.24026868 -2.84037506 -4.14450239]\n [ 2.31972001 -3.22970742 13.34908408  6.23479132 -1.71480891 -7.48614385]\n [ 1.8415687  -1.24026868  6.23479132  6.62563654 -0.67729329 -4.07448961]\n [-2.19927556 -2.84037506 -1.71480891 -0.67729329  8.63201413  8.45979915]\n [-4.8182114  -4.14450239 -7.48614385 -4.07448961  8.45979915 16.73513165]]", "nfev": "238", "njev": "34", "status": "0", "success": "True", "message": "Optimization terminated successfully.", "x": "[5.31583326 3.42150972 3.92239404 4.00832257 2.85941197 7.37448181]", "nit": "29"}, "13": {"maxiter": 500, "gtol": 1e-10, "xrtol": 1e-05, "eps": 1e-10, "duration": 0.0432131290435791, "fun": "0.4471415527885676", "jac": "[-1.11022293e-06  0.00000000e+00 -1.11022293e-06  0.00000000e+00\n -1.11022293e-06 -1.11022293e-06]", "hess_inv": "[[ 4.8309823   0.95641462  2.30471603  1.95777087 -1.53095171 -4.25969911]\n [ 0.95641462  7.24248912 -2.68188671 -0.71411328 -2.12220415 -3.94551498]\n [ 2.30471603 -2.68188671 12.44970152  5.49872312 -2.33877003 -7.72893267]\n [ 1.95777087 -0.71411328  5.49872312  6.08052629 -1.03232068 -4.06994596]\n [-1.53095171 -2.12220415 -2.33877003 -1.03232068  7.7015851   7.82994583]\n [-4.25969911 -3.94551498 -7.72893267 -4.06994596  7.82994583 16.2745685 ]]", "nfev": "245", "njev": "35", "status": "0", "success": "True", "message": "Optimization terminated successfully.", "x": "[5.31583385 3.42152438 3.9223657  4.00831026 2.85940618 7.374492  ]", "nit": "30"}, "14": {"maxiter": 500, "gtol": 1e-10, "xrtol": 1e-10, "eps": 1e-05, "duration": 0.07740902900695801, "fun": "0.44714155277107837", "jac": "[ 2.88657986e-09  4.05231404e-09 -9.40358902e-09  2.80775403e-08\n  5.67323966e-09 -4.88498131e-10]", "hess_inv": "[[ 5.00171217  0.76576159  2.63632565  2.1450608  -1.59698466 -4.44947352]\n [ 0.76576159  6.69608228 -2.63449814 -0.79105501 -1.87685378 -3.53663279]\n [ 2.63632565 -2.63449814 12.92652676  5.8923089  -2.43212206 -7.93467602]\n [ 2.1450608  -0.79105501  5.8923089   6.43161566 -1.14291197 -4.37962748]\n [-1.59698466 -1.87685378 -2.43212206 -1.14291197  7.57613854  7.78046759]\n [-4.44947352 -3.53663279 -7.93467602 -4.37962748  7.78046759 16.30080485]]", "nfev": "460", "njev": "64", "status": "2", "success": "False", "message": "Desired error not necessarily achieved due to precision loss.", "x": "[5.31583945 3.42152125 3.92238567 4.00831569 2.85939812 7.37447326]", "nit": "30"}, "15": {"maxiter": 500, "gtol": 1e-10, "xrtol": 1e-10, "eps": 1e-10, "duration": 0.06012701988220215, "fun": "0.44714155276873646", "jac": "[0.0000000e+00 0.0000000e+00 0.0000000e+00 3.3306688e-06 0.0000000e+00\n 0.0000000e+00]", "hess_inv": "[[  4.97813828   2.8813983    0.22312654   0.79882274  -4.20019153\n   -6.50931542]\n [  2.8813983   13.45174411  -7.2917604   -3.14729084  -7.67990014\n  -10.67836472]\n [  0.22312654  -7.2917604   14.36320808   6.36782675   0.13741811\n   -2.76797245]\n [  0.79882274  -3.14729084   6.36782675   6.45174009   0.12154102\n   -1.4543903 ]\n [ -4.20019153  -7.67990014   0.13741811   0.12154102  10.54832649\n   13.61215928]\n [ -6.50931542 -10.67836472  -2.76797245  -1.4543903   13.61215928\n   23.44692339]]", "nfev": "357", "njev": "51", "status": "0", "success": "True", "message": "Optimization terminated successfully.", "x": "[5.31583349 3.42151736 3.9223741  4.00831499 2.85941656 7.37450007]", "nit": "32"}, "16": {"maxiter": 1000, "gtol": 1e-05, "xrtol": 1e-05, "eps": 1e-05, "duration": 0.039166927337646484, "fun": "0.44714155308154824", "jac": "[ 8.50731707e-06  3.78679310e-06 -2.19655405e-06 -6.62292443e-07\n -5.05386843e-06  3.05405701e-06]", "hess_inv": "[[ 4.38400117  0.65191916  1.74699974  1.53510658 -1.29153578 -3.49540271]\n [ 0.65191916  7.48776108 -4.79969221 -1.98719817 -2.21057015 -2.64244652]\n [ 1.74699974 -4.79969221 16.64738395  7.70559868 -1.07543717 -8.39882003]\n [ 1.53510658 -1.98719817  7.70559868  7.27870185 -0.33611853 -4.41740752]\n [-1.29153578 -2.21057015 -1.07543717 -0.33611853  7.63763514  7.0047618 ]\n [-3.49540271 -2.64244652 -8.39882003 -4.41740752  7.0047618  15.52693454]]", "nfev": "231", "njev": "33", "status": "0", "success": "True", "message": "Optimization terminated successfully.", "x": "[5.31587235 3.42155828 3.9223539  4.00830643 2.85936893 7.37445262]", "nit": "28"}, "17": {"maxiter": 1000, "gtol": 1e-05, "xrtol": 1e-05, "eps": 1e-10, "duration": 0.040637969970703125, "fun": "0.44714155290491253", "jac": "[ 5.55111466e-06 -1.11022293e-06 -1.11022293e-06 -2.22044587e-06\n -1.11022293e-06  2.22044587e-06]", "hess_inv": "[[ 4.81814344  0.99356058  1.82058586  1.57441798 -1.56961797 -3.82070016]\n [ 0.99356058  7.21009283 -2.49002188 -0.55176146 -2.08078329 -4.11053115]\n [ 1.82058586 -2.49002188 13.65828225  6.28785099 -2.66244794 -8.969163  ]\n [ 1.57441798 -0.55176146  6.28785099  6.57390776 -1.29840475 -4.89853984]\n [-1.56961797 -2.08078329 -2.66244794 -1.29840475  7.65124469  8.11503955]\n [-3.82070016 -4.11053115 -8.969163   -4.89853984  8.11503955 17.5311148 ]]", "nfev": "238", "njev": "34", "status": "0", "success": "True", "message": "Optimization terminated successfully.", "x": "[5.31584494 3.4215198  3.92234087 4.00829442 2.85941376 7.3745178 ]", "nit": "29"}, "18": {"maxiter": 1000, "gtol": 1e-05, "xrtol": 1e-10, "eps": 1e-05, "duration": 0.03917884826660156, "fun": "0.44714155308154824", "jac": "[ 8.50731707e-06  3.78679310e-06 -2.19655405e-06 -6.62292443e-07\n -5.05386843e-06  3.05405701e-06]", "hess_inv": "[[ 4.38400117  0.65191916  1.74699974  1.53510658 -1.29153578 -3.49540271]\n [ 0.65191916  7.48776108 -4.79969221 -1.98719817 -2.21057015 -2.64244652]\n [ 1.74699974 -4.79969221 16.64738395  7.70559868 -1.07543717 -8.39882003]\n [ 1.53510658 -1.98719817  7.70559868  7.27870185 -0.33611853 -4.41740752]\n [-1.29153578 -2.21057015 -1.07543717 -0.33611853  7.63763514  7.0047618 ]\n [-3.49540271 -2.64244652 -8.39882003 -4.41740752  7.0047618  15.52693454]]", "nfev": "231", "njev": "33", "status": "0", "success": "True", "message": "Optimization terminated successfully.", "x": "[5.31587235 3.42155828 3.9223539  4.00830643 2.85936893 7.37445262]", "nit": "28"}, "19": {"maxiter": 1000, "gtol": 1e-05, "xrtol": 1e-10, "eps": 1e-10, "duration": 0.04028630256652832, "fun": "0.44714155290491253", "jac": "[ 5.55111466e-06 -1.11022293e-06 -1.11022293e-06 -2.22044587e-06\n -1.11022293e-06  2.22044587e-06]", "hess_inv": "[[ 4.81814344  0.99356058  1.82058586  1.57441798 -1.56961797 -3.82070016]\n [ 0.99356058  7.21009283 -2.49002188 -0.55176146 -2.08078329 -4.11053115]\n [ 1.82058586 -2.49002188 13.65828225  6.28785099 -2.66244794 -8.969163  ]\n [ 1.57441798 -0.55176146  6.28785099  6.57390776 -1.29840475 -4.89853984]\n [-1.56961797 -2.08078329 -2.66244794 -1.29840475  7.65124469  8.11503955]\n [-3.82070016 -4.11053115 -8.969163   -4.89853984  8.11503955 17.5311148 ]]", "nfev": "238", "njev": "34", "status": "0", "success": "True", "message": "Optimization terminated successfully.", "x": "[5.31584494 3.4215198  3.92234087 4.00829442 2.85941376 7.3745178 ]", "nit": "29"}, "20": {"maxiter": 1000, "gtol": 1e-10, "xrtol": 1e-05, "eps": 1e-05, "duration": 0.04033517837524414, "fun": "0.4471415527755509", "jac": "[-1.71693770e-06 -1.24671384e-06  5.63993297e-09  1.22596377e-06\n  2.40991671e-06 -1.03507203e-06]", "hess_inv": "[[ 5.21261824  1.23028695  2.31972001  1.8415687  -2.19927556 -4.8182114 ]\n [ 1.23028695  7.52075192 -3.22970742 -1.24026868 -2.84037506 -4.14450239]\n [ 2.31972001 -3.22970742 13.34908408  6.23479132 -1.71480891 -7.48614385]\n [ 1.8415687  -1.24026868  6.23479132  6.62563654 -0.67729329 -4.07448961]\n [-2.19927556 -2.84037506 -1.71480891 -0.67729329  8.63201413  8.45979915]\n [-4.8182114  -4.14450239 -7.48614385 -4.07448961  8.45979915 16.73513165]]", "nfev": "238", "njev": "34", "status": "0", "success": "True", "message": "Optimization terminated successfully.", "x": "[5.31583326 3.42150972 3.92239404 4.00832257 2.85941197 7.37448181]", "nit": "29"}, "21": {"maxiter": 1000, "gtol": 1e-10, "xrtol": 1e-05, "eps": 1e-10, "duration": 0.04150104522705078, "fun": "0.4471415527885676", "jac": "[-1.11022293e-06  0.00000000e+00 -1.11022293e-06  0.00000000e+00\n -1.11022293e-06 -1.11022293e-06]", "hess_inv": "[[ 4.8309823   0.95641462  2.30471603  1.95777087 -1.53095171 -4.25969911]\n [ 0.95641462  7.24248912 -2.68188671 -0.71411328 -2.12220415 -3.94551498]\n [ 2.30471603 -2.68188671 12.44970152  5.49872312 -2.33877003 -7.72893267]\n [ 1.95777087 -0.71411328  5.49872312  6.08052629 -1.03232068 -4.06994596]\n [-1.53095171 -2.12220415 -2.33877003 -1.03232068  7.7015851   7.82994583]\n [-4.25969911 -3.94551498 -7.72893267 -4.06994596  7.82994583 16.2745685 ]]", "nfev": "245", "njev": "35", "status": "0", "success": "True", "message": "Optimization terminated successfully.", "x": "[5.31583385 3.42152438 3.9223657  4.00831026 2.85940618 7.374492  ]", "nit": "30"}, "22": {"maxiter": 1000, "gtol": 1e-10, "xrtol": 1e-10, "eps": 1e-05, "duration": 0.07753992080688477, "fun": "0.44714155277107837", "jac": "[ 2.88657986e-09  4.05231404e-09 -9.40358902e-09  2.80775403e-08\n  5.67323966e-09 -4.88498131e-10]", "hess_inv": "[[ 5.00171217  0.76576159  2.63632565  2.1450608  -1.59698466 -4.44947352]\n [ 0.76576159  6.69608228 -2.63449814 -0.79105501 -1.87685378 -3.53663279]\n [ 2.63632565 -2.63449814 12.92652676  5.8923089  -2.43212206 -7.93467602]\n [ 2.1450608  -0.79105501  5.8923089   6.43161566 -1.14291197 -4.37962748]\n [-1.59698466 -1.87685378 -2.43212206 -1.14291197  7.57613854  7.78046759]\n [-4.44947352 -3.53663279 -7.93467602 -4.37962748  7.78046759 16.30080485]]", "nfev": "460", "njev": "64", "status": "2", "success": "False", "message": "Desired error not necessarily achieved due to precision loss.", "x": "[5.31583945 3.42152125 3.92238567 4.00831569 2.85939812 7.37447326]", "nit": "30"}, "23": {"maxiter": 1000, "gtol": 1e-10, "xrtol": 1e-10, "eps": 1e-10, "duration": 0.06029009819030762, "fun": "0.44714155276873646", "jac": "[0.0000000e+00 0.0000000e+00 0.0000000e+00 3.3306688e-06 0.0000000e+00\n 0.0000000e+00]", "hess_inv": "[[  4.97813828   2.8813983    0.22312654   0.79882274  -4.20019153\n   -6.50931542]\n [  2.8813983   13.45174411  -7.2917604   -3.14729084  -7.67990014\n  -10.67836472]\n [  0.22312654  -7.2917604   14.36320808   6.36782675   0.13741811\n   -2.76797245]\n [  0.79882274  -3.14729084   6.36782675   6.45174009   0.12154102\n   -1.4543903 ]\n [ -4.20019153  -7.67990014   0.13741811   0.12154102  10.54832649\n   13.61215928]\n [ -6.50931542 -10.67836472  -2.76797245  -1.4543903   13.61215928\n   23.44692339]]", "nfev": "357", "njev": "51", "status": "0", "success": "True", "message": "Optimization terminated successfully.", "x": "[5.31583349 3.42151736 3.9223741  4.00831499 2.85941656 7.37450007]", "nit": "32"}}, "cobyla": {"0": {"maxiter": 100, "tol": 1e-05, "catol": 1e-05, "duration": 0.016221046447753906, "x": "[5.62011546 3.07643649 4.88994337 4.57176102 2.8843371  6.84534739]", "status": "2", "success": "False", "message": "Maximum number of function evaluations has been exceeded.", "nfev": "100", "fun": "0.46836076130245763", "maxcv": "0.0"}, "1": {"maxiter": 100, "tol": 1e-05, "catol": 1e-10, "duration": 0.01614689826965332, "x": "[5.62011546 3.07643649 4.88994337 4.57176102 2.8843371  6.84534739]", "status": "2", "success": "False", "message": "Maximum number of function evaluations has been exceeded.", "nfev": "100", "fun": "0.46836076130245763", "maxcv": "0.0"}, "2": {"maxiter": 100, "tol": 1e-10, "catol": 1e-05, "duration": 0.0161592960357666, "x": "[5.62011546 3.07643649 4.88994337 4.57176102 2.8843371  6.84534739]", "status": "2", "success": "False", "message": "Maximum number of function evaluations has been exceeded.", "nfev": "100", "fun": "0.46836076130245763", "maxcv": "0.0"}, "3": {"maxiter": 100, "tol": 1e-10, "catol": 1e-10, "duration": 0.016265153884887695, "x": "[5.62011546 3.07643649 4.88994337 4.57176102 2.8843371  6.84534739]", "status": "2", "success": "False", "message": "Maximum number of function evaluations has been exceeded.", "nfev": "100", "fun": "0.46836076130245763", "maxcv": "0.0"}, "4": {"maxiter": 500, "tol": 1e-05, "catol": 1e-05, "duration": 0.07280898094177246, "x": "[5.31584975 3.42152247 3.92241472 4.00834379 2.85938907 7.3744365 ]", "status": "1", "success": "True", "message": "Optimization terminated successfully.", "nfev": "449", "fun": "0.44714155282570334", "maxcv": "0.0"}, "5": {"maxiter": 500, "tol": 1e-05, "catol": 1e-10, "duration": 0.07306504249572754, "x": "[5.31584975 3.42152247 3.92241472 4.00834379 2.85938907 7.3744365 ]", "status": "1", "success": "True", "message": "Optimization terminated successfully.", "nfev": "449", "fun": "0.44714155282570334", "maxcv": "0.0"}, "6": {"maxiter": 500, "tol": 1e-10, "catol": 1e-05, "duration": 0.08098411560058594, "x": "[5.3158474  3.42152064 3.92239921 4.00832806 2.8594059  7.37447351]", "status": "2", "success": "False", "message": "Maximum number of function evaluations has been exceeded.", "nfev": "500", "fun": "0.4471415527465292", "maxcv": "0.0"}, "7": {"maxiter": 500, "tol": 1e-10, "catol": 1e-10, "duration": 0.08121705055236816, "x": "[5.3158474  3.42152064 3.92239921 4.00832806 2.8594059  7.37447351]", "status": "2", "success": "False", "message": "Maximum number of function evaluations has been exceeded.", "nfev": "500", "fun": "0.4471415527465292", "maxcv": "0.0"}, "8": {"maxiter": 1000, "tol": 1e-05, "catol": 1e-05, "duration": 0.07318401336669922, "x": "[5.31584975 3.42152247 3.92241472 4.00834379 2.85938907 7.3744365 ]", "status": "1", "success": "True", "message": "Optimization terminated successfully.", "nfev": "449", "fun": "0.44714155282570334", "maxcv": "0.0"}, "9": {"maxiter": 1000, "tol": 1e-05, "catol": 1e-10, "duration": 0.07154679298400879, "x": "[5.31584975 3.42152247 3.92241472 4.00834379 2.85938907 7.3744365 ]", "status": "1", "success": "True", "message": "Optimization terminated successfully.", "nfev": "449", "fun": "0.44714155282570334", "maxcv": "0.0"}, "10": {"maxiter": 1000, "tol": 1e-10, "catol": 1e-05, "duration": 0.09808206558227539, "x": "[5.31584532 3.4215199  3.9223945  4.00832545 2.85940955 7.37447944]", "status": "1", "success": "True", "message": "Optimization terminated successfully.", "nfev": "625", "fun": "0.44714155274490797", "maxcv": "0.0"}, "11": {"maxiter": 1000, "tol": 1e-10, "catol": 1e-10, "duration": 0.09871387481689453, "x": "[5.31584532 3.4215199  3.9223945  4.00832545 2.85940955 7.37447944]", "status": "1", "success": "True", "message": "Optimization terminated successfully.", "nfev": "625"