{"date": "2024/07/19/, 17:30:29", "conf_id": 260, "data_type": "var_s_rank\n", "num_data_points": 2, "s_rank": 0, "unitary": "[[-0.45070455-0.02711853j,0.78437395-0.06613086j,0.06358678+0.19963393j,-0.07343613+0.35668523j],[-0.01890143-0.03813363j,0.32408202+0.25557629j,0.05872864-0.68979805j,0.55466693-0.20227297j],[-0.11215405+0.64023111j,-0.13344055+0.29565494j,-0.49012687-0.19046288j,-0.04241254+0.44046348j],[0.55771659+0.24656916j,0.31851997-0.05798805j,0.28761525-0.34294258j,-0.56718418+0.03616933j]]", "databatch_0": {"databatch": "[[[-0.11048788-0.10632971j,0.08269009-0.25277657j,0.1351642-0.50305224j,0.12136433+0.39825818j],[0.08966155-0.04316755j,0.13506598+0.10745378j,0.27544265+0.19596189j,-0.26969921-0.01622264j],[0.03992108-0.03328826j,0.08210743+0.03722819j,0.16449181+0.06418263j,-0.13868747+0.02613598j],[0.05184178+0.06946645j,-0.06937024+0.13337497j,-0.12165806+0.2681345j,-0.03105508-0.23328427j]],[[-0.15720866+0.29725521j,-0.24468489+0.20740815j,-0.02605423+0.09967823j,0.30233349+0.40466408j],[0.0246019-0.29133994j,0.12517225-0.24922936j,-0.01308246-0.08861943j,-0.37963095-0.22085909j],[0.17466525+0.01293327j,0.15006345+0.07343568j,0.05300217-0.00838494j,0.12994507-0.22876643j],[0.04738228+0.05695742j,0.02174077+0.06724634j,0.01812443+0.01366707j,0.10780177-0.02766646j]]]", "initial param values": "[3.34430851,1.10300156,1.40393205,5.78962028,4.98837685,2.19016035]", "nelder_mead": {"type": "gradient-free", "0": {"maxiter": 100, "fatol": 1e-05, "xatol": 1e-05, "duration": 0.027662038803100586, "fun": "0.12096853309925848", "nit": "100", "nfev": "163", "status": "2", "success": "False", "message": "Maximum number of iterations has been exceeded.", "x": "[1.12613948 0.63916072 2.04779367 5.51246026 6.66933445 1.88804026]", "final_simplex": "(array([[1.12613948, 0.63916072, 2.04779367, 5.51246026, 6.66933445,\n        1.88804026],\n       [1.110226  , 0.57744977, 2.09547424, 5.562428  , 6.67281147,\n        1.82228593],\n       [1.09234412, 0.66873047, 2.00569616, 5.62648037, 6.67434268,\n        1.83996322],\n       [1.12131216, 0.63125652, 2.05435456, 5.591951  , 6.6871623 ,\n        1.85501824],\n       [1.10465349, 0.63919205, 2.06264373, 5.50187601, 6.65722287,\n        1.89454764],\n       [1.0918583 , 0.58186954, 2.09874982, 5.56127968, 6.70269979,\n        1.81765932],\n       [1.10438736, 0.64021561, 2.05041332, 5.55721995, 6.66682488,\n        1.83916935]]), array([0.12096853, 0.12109523, 0.1212686 , 0.12131078, 0.12151261,\n       0.12179775, 0.12182574]))"}, "1": {"maxiter": 100, "fatol": 1e-05, "xatol": 1e-10, "duration": 0.027536869049072266, "fun": "0.12096853309925848", "nit": "100", "nfev": "163", "status": "2", "success": "False", "message": "Maximum number of iterations has been exceeded.", "x": "[1.12613948 0.63916072 2.04779367 5.51246026 6.66933445 1.88804026]", "final_simplex": "(array([[1.12613948, 0.63916072, 2.04779367, 5.51246026, 6.66933445,\n        1.88804026],\n       [1.110226  , 0.57744977, 2.09547424, 5.562428  , 6.67281147,\n        1.82228593],\n       [1.09234412, 0.66873047, 2.00569616, 5.62648037, 6.67434268,\n        1.83996322],\n       [1.12131216, 0.63125652, 2.05435456, 5.591951  , 6.6871623 ,\n        1.85501824],\n       [1.10465349, 0.63919205, 2.06264373, 5.50187601, 6.65722287,\n        1.89454764],\n       [1.0918583 , 0.58186954, 2.09874982, 5.56127968, 6.70269979,\n        1.81765932],\n       [1.10438736, 0.64021561, 2.05041332, 5.55721995, 6.66682488,\n        1.83916935]]), array([0.12096853, 0.12109523, 0.1212686 , 0.12131078, 0.12151261,\n       0.12179775, 0.12182574]))"}, "2": {"maxiter": 100, "fatol": 1e-10, "xatol": 1e-05, "duration": 0.02761077880859375, "fun": "0.12096853309925848", "nit": "100", "nfev": "163", "status": "2", "success": "False", "message": "Maximum number of iterations has been exceeded.", "x": "[1.12613948 0.63916072 2.04779367 5.51246026 6.66933445 1.88804026]", "final_simplex": "(array([[1.12613948, 0.63916072, 2.04779367, 5.51246026, 6.66933445,\n        1.88804026],\n       [1.110226  , 0.57744977, 2.09547424, 5.562428  , 6.67281147,\n        1.82228593],\n       [1.09234412, 0.66873047, 2.00569616, 5.62648037, 6.67434268,\n        1.83996322],\n       [1.12131216, 0.63125652, 2.05435456, 5.591951  , 6.6871623 ,\n        1.85501824],\n       [1.10465349, 0.63919205, 2.06264373, 5.50187601, 6.65722287,\n        1.89454764],\n       [1.0918583 , 0.58186954, 2.09874982, 5.56127968, 6.70269979,\n        1.81765932],\n       [1.10438736, 0.64021561, 2.05041332, 5.55721995, 6.66682488,\n        1.83916935]]), array([0.12096853, 0.12109523, 0.1212686 , 0.12131078, 0.12151261,\n       0.12179775, 0.12182574]))"}, "3": {"maxiter": 100, "fatol": 1e-10, "xatol": 1e-10, "duration": 0.027694225311279297, "fun": "0.12096853309925848", "nit": "100", "nfev": "163", "status": "2", "success": "False", "message": "Maximum number of iterations has been exceeded.", "x": "[1.12613948 0.63916072 2.04779367 5.51246026 6.66933445 1.88804026]", "final_simplex": "(array([[1.12613948, 0.63916072, 2.04779367, 5.51246026, 6.66933445,\n        1.88804026],\n       [1.110226  , 0.57744977, 2.09547424, 5.562428  , 6.67281147,\n        1.82228593],\n       [1.09234412, 0.66873047, 2.00569616, 5.62648037, 6.67434268,\n        1.83996322],\n       [1.12131216, 0.63125652, 2.05435456, 5.591951  , 6.6871623 ,\n        1.85501824],\n       [1.10465349, 0.63919205, 2.06264373, 5.50187601, 6.65722287,\n        1.89454764],\n       [1.0918583 , 0.58186954, 2.09874982, 5.56127968, 6.70269979,\n        1.81765932],\n       [1.10438736, 0.64021561, 2.05041332, 5.55721995, 6.66682488,\n        1.83916935]]), array([0.12096853, 0.12109523, 0.1212686 , 0.12131078, 0.12151261,\n       0.12179775, 0.12182574]))"}, "4": {"maxiter": 500, "fatol": 1e-05, "xatol": 1e-05, "duration": 0.08811306953430176, "fun": "0.09852183699414219", "nit": "321", "nfev": "513", "status": "0", "success": "True", "message": "Optimization terminated successfully.", "x": "[1.12876735 0.46681845 1.70097148 5.23891866 6.50577514 2.11844662]", "final_simplex": "(array([[1.12876735, 0.46681845, 1.70097148, 5.23891866, 6.50577514,\n        2.11844662],\n       [1.12876777, 0.46681611, 1.7009724 , 5.23892816, 6.50578187,\n        2.11843835],\n       [1.12876684, 0.46681357, 1.70096607, 5.23892272, 6.50577494,\n        2.11844522],\n       [1.1287702 , 0.46681162, 1.70097009, 5.23891797, 6.50577197,\n        2.11844879],\n       [1.12876503, 0.46680943, 1.70098004, 5.23892202, 6.50577874,\n        2.11843678],\n       [1.12876311, 0.46681359, 1.70097174, 5.23890907, 6.50577597,\n        2.11844898],\n       [1.12876389, 0.46681245, 1.70097243, 5.23892288, 6.5057747 ,\n        2.11844935]]), array([0.09852184, 0.09852184, 0.09852184, 0.09852184, 0.09852184,\n       0.09852184, 0.09852184]))"}, "5": {"maxiter": 500, "fatol": 1e-05, "xatol": 1e-10, "duration": 0.13172292709350586, "fun": "0.09852183699053862", "nit": "450", "nfev": "777", "status": "0", "success": "True", "message": "Optimization terminated successfully.", "x": "[1.12876693 0.46681401 1.70097128 5.2389205  6.50577918 2.11844276]", "final_simplex": "(array([[1.12876693, 0.46681401, 1.70097128, 5.2389205 , 6.50577918,\n        2.11844276],\n       [1.12876693, 0.46681401, 1.70097128, 5.2389205 , 6.50577918,\n        2.11844276],\n       [1.12876693, 0.46681401, 1.70097128, 5.2389205 , 6.50577918,\n        2.11844276],\n       [1.12876693, 0.46681401, 1.70097128, 5.2389205 , 6.50577918,\n        2.11844276],\n       [1.12876693, 0.46681401, 1.70097128, 5.2389205 , 6.50577918,\n        2.11844276],\n       [1.12876693, 0.46681401, 1.70097128, 5.2389205 , 6.50577918,\n        2.11844276],\n       [1.12876693, 0.46681401, 1.70097128, 5.2389205 , 6.50577918,\n        2.11844276]]), array([0.09852184, 0.09852184, 0.09852184, 0.09852184, 0.09852184,\n       0.09852184, 0.09852184]))"}, "6": {"maxiter": 500, "fatol": 1e-10, "xatol": 1e-05, "duration": 0.0865938663482666, "fun": "0.09852183699414219", "nit": "321", "nfev": "513", "status": "0", "success": "True", "message": "Optimization terminated successfully.", "x": "[1.12876735 0.46681845 1.70097148 5.23891866 6.50577514 2.11844662]", "final_simplex": "(array([[1.12876735, 0.46681845, 1.70097148, 5.23891866, 6.50577514,\n        2.11844662],\n       [1.12876777, 0.46681611, 1.7009724 , 5.23892816, 6.50578187,\n        2.11843835],\n       [1.12876684, 0.46681357, 1.70096607, 5.23892272, 6.50577494,\n        2.11844522],\n       [1.1287702 , 0.46681162, 1.70097009, 5.23891797, 6.50577197,\n        2.11844879],\n       [1.12876503, 0.46680943, 1.70098004, 5.23892202, 6.50577874,\n        2.11843678],\n       [1.12876311, 0.46681359, 1.70097174, 5.23890907, 6.50577597,\n        2.11844898],\n       [1.12876389, 0.46681245, 1.70097243, 5.23892288, 6.5057747 ,\n        2.11844935]]), array([0.09852184, 0.09852184, 0.09852184, 0.09852184, 0.09852184,\n       0.09852184, 0.09852184]))"}, "7": {"maxiter": 500, "fatol": 1e-10, "xatol": 1e-10, "duration": 0.1307823657989502, "fun": "0.09852183699053862", "nit": "450", "nfev": "777", "status": "0", "success": "True", "message": "Optimization terminated successfully.", "x": "[1.12876693 0.46681401 1.70097128 5.2389205  6.50577918 2.11844276]", "final_simplex": "(array([[1.12876693, 0.46681401, 1.70097128, 5.2389205 , 6.50577918,\n        2.11844276],\n       [1.12876693, 0.46681401, 1.70097128, 5.2389205 , 6.50577918,\n        2.11844276],\n       [1.12876693, 0.46681401, 1.70097128, 5.2389205 , 6.50577918,\n        2.11844276],\n       [1.12876693, 0.46681401, 1.70097128, 5.2389205 , 6.50577918,\n        2.11844276],\n       [1.12876693, 0.46681401, 1.70097128, 5.2389205 , 6.50577918,\n        2.11844276],\n       [1.12876693, 0.46681401, 1.70097128, 5.2389205 , 6.50577918,\n        2.11844276],\n       [1.12876693, 0.46681401, 1.70097128, 5.2389205 , 6.50577918,\n        2.11844276]]), array([0.09852184, 0.09852184, 0.09852184, 0.09852184, 0.09852184,\n       0.09852184, 0.09852184]))"}, "8": {"maxiter": 1000, "fatol": 1e-05, "xatol": 1e-05, "duration": 0.08738422393798828, "fun": "0.09852183699414219", "nit": "321", "nfev": "513", "status": "0", "success": "True", "message": "Optimization terminated successfully.", "x": "[1.12876735 0.46681845 1.70097148 5.23891866 6.50577514 2.11844662]", "final_simplex": "(array([[1.12876735, 0.46681845, 1.70097148, 5.23891866, 6.50577514,\n        2.11844662],\n       [1.12876777, 0.46681611, 1.7009724 , 5.23892816, 6.50578187,\n        2.11843835],\n       [1.12876684, 0.46681357, 1.70096607, 5.23892272, 6.50577494,\n        2.11844522],\n       [1.1287702 , 0.46681162, 1.70097009, 5.23891797, 6.50577197,\n        2.11844879],\n       [1.12876503, 0.46680943, 1.70098004, 5.23892202, 6.50577874,\n        2.11843678],\n       [1.12876311, 0.46681359, 1.70097174, 5.23890907, 6.50577597,\n        2.11844898],\n       [1.12876389, 0.46681245, 1.70097243, 5.23892288, 6.5057747 ,\n        2.11844935]]), array([0.09852184, 0.09852184, 0.09852184, 0.09852184, 0.09852184,\n       0.09852184, 0.09852184]))"}, "9": {"maxiter": 1000, "fatol": 1e-05, "xatol": 1e-10, "duration": 0.1317577362060547, "fun": "0.09852183699053862", "nit": "450", "nfev": "777", "status": "0", "success": "True", "message": "Optimization terminated successfully.", "x": "[1.12876693 0.46681401 1.70097128 5.2389205  6.50577918 2.11844276]", "final_simplex": "(array([[1.12876693, 0.46681401, 1.70097128, 5.2389205 , 6.50577918,\n        2.11844276],\n       [1.12876693, 0.46681401, 1.70097128, 5.2389205 , 6.50577918,\n        2.11844276],\n       [1.12876693, 0.46681401, 1.70097128, 5.2389205 , 6.50577918,\n        2.11844276],\n       [1.12876693, 0.46681401, 1.70097128, 5.2389205 , 6.50577918,\n        2.11844276],\n       [1.12876693, 0.46681401, 1.70097128, 5.2389205 , 6.50577918,\n        2.11844276],\n       [1.12876693, 0.46681401, 1.70097128, 5.2389205 , 6.50577918,\n        2.11844276],\n       [1.12876693, 0.46681401, 1.70097128, 5.2389205 , 6.50577918,\n        2.11844276]]), array([0.09852184, 0.09852184, 0.09852184, 0.09852184, 0.09852184,\n       0.09852184, 0.09852184]))"}, "10": {"maxiter": 1000, "fatol": 1e-10, "xatol": 1e-05, "duration": 0.08761715888977051, "fun": "0.09852183699414219", "nit": "321", "nfev": "513", "status": "0", "success": "True", "message": "Optimization terminated successfully.", "x": "[1.12876735 0.46681845 1.70097148 5.23891866 6.50577514 2.11844662]", "final_simplex": "(array([[1.12876735, 0.46681845, 1.70097148, 5.23891866, 6.50577514,\n        2.11844662],\n       [1.12876777, 0.46681611, 1.7009724 , 5.23892816, 6.50578187,\n        2.11843835],\n       [1.12876684, 0.46681357, 1.70096607, 5.23892272, 6.50577494,\n        2.11844522],\n       [1.1287702 , 0.46681162, 1.70097009, 5.23891797, 6.50577197,\n        2.11844879],\n       [1.12876503, 0.46680943, 1.70098004, 5.23892202, 6.50577874,\n        2.11843678],\n       [1.12876311, 0.46681359, 1.70097174, 5.23890907, 6.50577597,\n        2.11844898],\n       [1.12876389, 0.46681245, 1.70097243, 5.23892288, 6.5057747 ,\n        2.11844935]]), array([0.09852184, 0.09852184, 0.09852184, 0.09852184, 0.09852184,\n       0.09852184, 0.09852184]))"}, "11": {"maxiter": 1000, "fatol": 1e-10, "xatol": 1e-10, "duration": 0.13116788864135742, "fun": "0.09852183699053862", "nit": "450", "nfev": "777", "status": "0", "success": "True", "message": "Optimization terminated successfully.", "x": "[1.12876693 0.46681401 1.70097128 5.2389205  6.50577918 2.11844276]", "final_simplex": "(array([[1.12876693, 0.46681401, 1.70097128, 5.2389205 , 6.50577918,\n        2.11844276],\n       [1.12876693, 0.46681401, 1.70097128, 5.2389205 , 6.50577918,\n        2.11844276],\n       [1.12876693, 0.46681401, 1.70097128, 5.2389205 , 6.50577918,\n        2.11844276],\n       [1.12876693, 0.46681401, 1.70097128, 5.2389205 , 6.50577918,\n        2.11844276],\n       [1.12876693, 0.46681401, 1.70097128, 5.2389205 , 6.50577918,\n        2.11844276],\n       [1.12876693, 0.46681401, 1.70097128, 5.2389205 , 6.50577918,\n        2.11844276],\n       [1.12876693, 0.46681401, 1.70097128, 5.2389205 , 6.50577918,\n        2.11844276]]), array([0.09852184, 0.09852184, 0.09852184, 0.09852184, 0.09852184,\n       0.09852184, 0.09852184]))"}}, "bfgs": {"type": "gradient", "0": {"maxiter": 100, "gtol": 1e-05, "xrtol": 1e-05, "eps": 1e-05, "duration": 0.05922126770019531, "fun": "0.0985218370173292", "jac": "[ 2.83972845e-07 -7.13584747e-07  1.07536202e-07 -3.70459219e-07\n  1.62314606e-08  7.07556236e-07]", "hess_inv": "[[ 2.34737991 -0.08257215  0.35068894  0.13890599  0.58883302 -0.4622591 ]\n [-0.08257215  4.58949669 -1.71849785  0.70762366 -0.39892188  1.53772946]\n [ 0.35068894 -1.71849785  6.66609213 -1.9574229  -0.76853184 -0.9349601 ]\n [ 0.13890599  0.70762366 -1.9574229   8.92640179 -1.91736638  3.6333272 ]\n [ 0.58883302 -0.39892188 -0.76853184 -1.91736638  4.67088261 -3.13175536]\n [-0.4622591   1.53772946 -0.9349601   3.6333272  -3.13175536  5.45373272]]", "nfev": "343", "njev": "49", "status": "0", "success": "True", "message": "Optimization terminated successfully.", "x": "[-1.12877177  3.60839694 -1.44061897  1.04425318  9.64736927  5.26002893]", "nit": "37"}, "1": {"maxiter": 100, "gtol": 1e-05, "xrtol": 1e-05, "eps": 1e-10, "duration": 0.05918478965759277, "fun": "0.09852183700732875", "jac": "[-1.11022293e-06  0.00000000e+00 -1.11022293e-06  0.00000000e+00\n  0.00000000e+00  0.00000000e+00]", "hess_inv": "[[ 2.32634174 -0.08145256  0.43964794 -0.05534539  0.5676476  -0.46360842]\n [-0.08145256  4.57977704 -1.68232389  0.71063035 -0.4214931   1.52539347]\n [ 0.43964794 -1.68232389  6.65841434 -1.90796085 -0.8042851  -0.82505366]\n [-0.05534539  0.71063035 -1.90796085  8.64697944 -1.99869602  3.61501891]\n [ 0.5676476  -0.4214931  -0.8042851  -1.99869602  4.75703484 -3.25931293]\n [-0.46360842  1.52539347 -0.82505366  3.61501891 -3.25931293  5.55289627]]", "nfev": "343", "njev": "49", "status": "0", "success": "True", "message": "Optimization terminated successfully.", "x": "[-1.12877019  3.60839859 -1.4406225   1.04425983  9.64736795  5.26003285]", "nit": "37"}, "2": {"maxiter": 100, "gtol": 1e-05, "xrtol": 1e-10, "eps": 1e-05, "duration": 0.060012102127075195, "fun": "0.0985218370173292", "jac": "[ 2.83972845e-07 -7.13584747e-07  1.07536202e-07 -3.70459219e-07\n  1.62314606e-08  7.07556236e-07]", "hess_inv": "[[ 2.34737991 -0.08257215  0.35068894  0.13890599  0.58883302 -0.4622591 ]\n [-0.08257215  4.58949669 -1.71849785  0.70762366 -0.39892188  1.53772946]\n [ 0.35068894 -1.71849785  6.66609213 -1.9574229  -0.76853184 -0.9349601 ]\n [ 0.13890599  0.70762366 -1.9574229   8.92640179 -1.91736638  3.6333272 ]\n [ 0.58883302 -0.39892188 -0.76853184 -1.91736638  4.67088261 -3.13175536]\n [-0.4622591   1.53772946 -0.9349601   3.6333272  -3.13175536  5.45373272]]", "nfev": "343", "njev": "49", "status": "0", "success": "True", "message": "Optimization terminated successfully.", "x": "[-1.12877177  3.60839694 -1.44061897  1.04425318  9.64736927  5.26002893]", "nit": "37"}, "3": {"maxiter": 100, "gtol": 1e-05, "xrtol": 1e-10, "eps": 1e-10, "duration": 0.05924510955810547, "fun": "0.09852183700732875", "jac": "[-1.11022293e-06  0.00000000e+00 -1.11022293e-06  0.00000000e+00\n  0.00000000e+00  0.00000000e+00]", "hess_inv": "[[ 2.32634174 -0.08145256  0.43964794 -0.05534539  0.5676476  -0.46360842]\n [-0.08145256  4.57977704 -1.68232389  0.71063035 -0.4214931   1.52539347]\n [ 0.43964794 -1.68232389  6.65841434 -1.90796085 -0.8042851  -0.82505366]\n [-0.05534539  0.71063035 -1.90796085  8.64697944 -1.99869602  3.61501891]\n [ 0.5676476  -0.4214931  -0.8042851  -1.99869602  4.75703484 -3.25931293]\n [-0.46360842  1.52539347 -0.82505366  3.61501891 -3.25931293  5.55289627]]", "nfev": "343", "njev": "49", "status": "0", "success": "True", "message": "Optimization terminated successfully.", "x": "[-1.12877019  3.60839859 -1.4406225   1.04425983  9.64736795  5.26003285]", "nit": "37"}, "4": {"maxiter": 100, "gtol": 1e-10, "xrtol": 1e-05, "eps": 1e-05, "duration": 0.05931401252746582, "fun": "0.0985218370173292", "jac": "[ 2.83972845e-07 -7.13584747e-07  1.07536202e-07 -3.70459219e-07\n  1.62314606e-08  7.07556236e-07]", "hess_inv": "[[ 2.34737991 -0.08257215  0.35068894  0.13890599  0.58883302 -0.4622591 ]\n [-0.08257215  4.58949669 -1.71849785  0.70762366 -0.39892188  1.53772946]\n [ 0.35068894 -1.71849785  6.66609213 -1.9574229  -0.76853184 -0.9349601 ]\n [ 0.13890599  0.70762366 -1.9574229   8.92640179 -1.91736638  3.6333272 ]\n [ 0.58883302 -0.39892188 -0.76853184 -1.91736638  4.67088261 -3.13175536]\n [-0.4622591   1.53772946 -0.9349601   3.6333272  -3.13175536  5.45373272]]", "nfev": "343", "njev": "49", "status": "0", "success": "True", "message": "Optimization terminated successfully.", "x": "[-1.12877177  3.60839694 -1.44061897  1.04425318  9.64736927  5.26002893]", "nit": "37"}, "5": {"maxiter": 100, "gtol": 1e-10, "xrtol": 1e-05, "eps": 1e-10, "duration": 0.05990314483642578, "fun": "0.09852183700732875", "jac": "[-1.11022293e-06  0.00000000e+00 -1.11022293e-06  0.00000000e+00\n  0.00000000e+00  0.00000000e+00]", "hess_inv": "[[ 2.32634174 -0.08145256  0.43964794 -0.05534539  0.5676476  -0.46360842]\n [-0.08145256  4.57977704 -1.68232389  0.71063035 -0.4214931   1.52539347]\n [ 0.43964794 -1.68232389  6.65841434 -1.90796085 -0.8042851  -0.82505366]\n [-0.05534539  0.71063035 -1.90796085  8.64697944 -1.99869602  3.61501891]\n [ 0.5676476  -0.4214931  -0.8042851  -1.99869602  4.75703484 -3.25931293]\n [-0.46360842  1.52539347 -0.82505366  3.61501891 -3.25931293  5.55289627]]", "nfev": "343", "njev": "49", "status": "0", "success": "True", "message": "Optimization terminated successfully.", "x": "[-1.12877019  3.60839859 -1.4406225   1.04425983  9.64736795  5.26003285]", "nit": "37"}, "6": {"maxiter": 100, "gtol": 1e-10, "xrtol": 1e-10, "eps": 1e-05, "duration": 0.10328197479248047, "fun": "0.09852183701379291", "jac": "[ 4.09117185e-08 -1.47992729e-08  1.41442413e-08 -2.96762614e-08\n  1.95510275e-08  2.24598118e-08]", "hess_inv": "[[ 2.36129732 -0.16422008  0.41315655  0.08742928  0.53931539 -0.42714567]\n [-0.16422008  4.80654008 -1.93034794  0.94965824 -0.34396753  1.51827489]\n [ 0.41315655 -1.93034794  6.85393212 -2.15411838 -0.8589056  -0.88625055]\n [ 0.08742928  0.94965824 -2.15411838  9.10223219 -1.7939495   3.54713874]\n [ 0.53931539 -0.34396753 -0.8589056  -1.7939495   4.59510826 -3.08213048]\n [-0.42714567  1.51827489 -0.88625055  3.54713874 -3.08213048  5.40832461]]", "nfev": "598", "njev": "84", "status": "2", "success": "False", "message": "Desired error not necessarily achieved due to precision loss.", "x": "[-1.12877217  3.6083998  -1.44062119  1.04425469  9.6473705   5.26002767]", "nit": "38"}, "7": {"maxiter": 100, "gtol": 1e-10, "xrtol": 1e-10, "eps": 1e-10, "duration": 0.10482597351074219, "fun": "0.09852183700592276", "jac": "[ 2.22044587e-06 -1.11022293e-06  0.00000000e+00  3.33066880e-06\n  1.11022293e-06  2.22044587e-06]", "hess_inv": "[[ 2.28840923 -0.82995884  0.25805509  0.15665455 -0.31220509 -0.56794283]\n [-0.82995884  5.37739815 -3.44118647  1.12769014 -0.05352122  2.02736457]\n [ 0.25805509 -3.44118647  5.98951543 -1.33049365 -2.93199777 -1.03523756]\n [ 0.15665455  1.12769014 -1.33049365  8.3721356  -1.37257863  3.58180275]\n [-0.31220509 -0.05352122 -2.93199777 -1.37257863  4.53764687 -2.7576626 ]\n [-0.56794283  2.02736457 -1.03523756  3.58180275 -2.7576626   5.67840771]]", "nfev": "605", "njev": "85", "status": "0", "success": "True", "message": "Optimization terminated successfully.", "x": "[-1.12876932  3.60839813 -1.44062039  1.04425923  9.64736805  5.26003235]", "nit": "39"}, "8": {"maxiter": 500, "gtol": 1e-05, "xrtol": 1e-05, "eps": 1e-05, "duration": 0.05975914001464844, "fun": "0.0985218370173292", "jac": "[ 2.83972845e-07 -7.13584747e-07  1.07536202e-07 -3.70459219e-07\n  1.62314606e-08  7.07556236e-07]", "hess_inv": "[[ 2.34737991 -0.08257215  0.35068894  0.13890599  0.58883302 -0.4622591 ]\n [-0.08257215  4.58949669 -1.71849785  0.70762366 -0.39892188  1.53772946]\n [ 0.35068894 -1.71849785  6.66609213 -1.9574229  -0.76853184 -0.9349601 ]\n [ 0.13890599  0.70762366 -1.9574229   8.92640179 -1.91736638  3.6333272 ]\n [ 0.58883302 -0.39892188 -0.76853184 -1.91736638  4.67088261 -3.13175536]\n [-0.4622591   1.53772946 -0.9349601   3.6333272  -3.13175536  5.45373272]]", "nfev": "343", "njev": "49", "status": "0", "success": "True", "message": "Optimization terminated successfully.", "x": "[-1.12877177  3.60839694 -1.44061897  1.04425318  9.64736927  5.26002893]", "nit": "37"}, "9": {"maxiter": 500, "gtol": 1e-05, "xrtol": 1e-05, "eps": 1e-10, "duration": 0.060337066650390625, "fun": "0.09852183700732875", "jac": "[-1.11022293e-06  0.00000000e+00 -1.11022293e-06  0.00000000e+00\n  0.00000000e+00  0.00000000e+00]", "hess_inv": "[[ 2.32634174 -0.08145256  0.43964794 -0.05534539  0.5676476  -0.46360842]\n [-0.08145256  4.57977704 -1.68232389  0.71063035 -0.4214931   1.52539347]\n [ 0.43964794 -1.68232389  6.65841434 -1.90796085 -0.8042851  -0.82505366]\n [-0.05534539  0.71063035 -1.90796085  8.64697944 -1.99869602  3.61501891]\n [ 0.5676476  -0.4214931  -0.8042851  -1.99869602  4.75703484 -3.25931293]\n [-0.46360842  1.52539347 -0.82505366  3.61501891 -3.25931293  5.55289627]]", "nfev": "343", "njev": "49", "status": "0", "success": "True", "message": "Optimization terminated successfully.", "x": "[-1.12877019  3.60839859 -1.4406225   1.04425983  9.64736795  5.26003285]", "nit": "37"}, "10": {"maxiter": 500, "gtol": 1e-05, "xrtol": 1e-10, "eps": 1e-05, "duration": 0.0602259635925293, "fun": "0.0985218370173292", "jac": "[ 2.83972845e-07 -7.13584747e-07  1.07536202e-07 -3.70459219e-07\n  1.62314606e-08  7.07556236e-07]", "hess_inv": "[[ 2.34737991 -0.08257215  0.35068894  0.13890599  0.58883302 -0.4622591 ]\n [-0.08257215  4.58949669 -1.71849785  0.70762366 -0.39892188  1.53772946]\n [ 0.35068894 -1.71849785  6.66609213 -1.9574229  -0.76853184 -0.9349601 ]\n [ 0.13890599  0.70762366 -1.9574229   8.92640179 -1.91736638  3.6333272 ]\n [ 0.58883302 -0.39892188 -0.76853184 -1.91736638  4.67088261 -3.13175536]\n [-0.4622591   1.53772946 -0.9349601   3.6333272  -3.13175536  5.45373272]]", "nfev": "343", "njev": "49", "status": "0", "success": "True", "message": "Optimization terminated successfully.", "x": "[-1.12877177  3.60839694 -1.44061897  1.04425318  9.64736927  5.26002893]", "nit": "37"}, "11": {"maxiter": 500, "gtol": 1e-05, "xrtol": 1e-10, "eps": 1e-10, "duration": 0.059496164321899414, "fun": "0.09852183700732875", "jac": "[-1.11022293e-06  0.00000000e+00 -1.11022293e-06  0.00000000e+00\n  0.00000000e+00  0.00000000e+00]", "hess_inv": "[[ 2.32634174 -0.08145256  0.43964794 -0.05534539  0.5676476  -0.46360842]\n [-0.08145256  4.57977704 -1.68232389  0.71063035 -0.4214931   1.52539347]\n [ 0.43964794 -1.68232389  6.65841434 -1.90796085 -0.8042851  -0.82505366]\n [-0.05534539  0.71063035 -1.90796085  8.64697944 -1.99869602  3.61501891]\n [ 0.5676476  -0.4214931  -0.8042851  -1.99869602  4.75703484 -3.25931293]\n [-0.46360842  1.52539347 -0.82505366  3.61501891 -3.25931293  5.55289627]]", "nfev": "343", "njev": "49", "status": "0", "success": "True", "message": "Optimization terminated successfully.", "x": "[-1.12877019  3.60839859 -1.4406225   1.04425983  9.64736795  5.26003285]", "nit": "37"}, "12": {"maxiter": 500, "gtol": 1e-10, "xrtol": 1e-05, "eps": 1e-05, "duration": 0.05942392349243164, "fun": "0.0985218370173292", "jac": "[ 2.83972845e-07 -7.13584747e-07  1.07536202e-07 -3.70459219e-07\n  1.62314606e-08  7.07556236e-07]", "hess_inv": "[[ 2.34737991 -0.08257215  0.35068894  0.13890599  0.58883302 -0.4622591 ]\n [-0.08257215  4.58949669 -1.71849785  0.70762366 -0.39892188  1.53772946]\n [ 0.35068894 -1.71849785  6.66609213 -1.9574229  -0.76853184 -0.9349601 ]\n [ 0.13890599  0.70762366 -1.9574229   8.92640179 -1.91736638  3.6333272 ]\n [ 0.58883302 -0.39892188 -0.76853184 -1.91736638  4.67088261 -3.13175536]\n [-0.4622591   1.53772946 -0.9349601   3.6333272  -3.13175536  5.45373272]]", "nfev": "343", "njev": "49", "status": "0", "success": "True", "message": "Optimization terminated successfully.", "x": "[-1.12877177  3.60839694 -1.44061897  1.04425318  9.64736927  5.26002893]", "nit": "37"}, "13": {"maxiter": 500, "gtol": 1e-10, "xrtol": 1e-05, "eps": 1e-10, "duration": 0.059136152267456055, "fun": "0.09852183700732875", "jac": "[-1.11022293e-06  0.00000000e+00 -1.11022293e-06  0.00000000e+00\n  0.00000000e+00  0.00000000e+00]", "hess_inv": "[[ 2.32634174 -0.08145256  0.43964794 -0.05534539  0.5676476  -0.46360842]\n [-0.08145256  4.57977704 -1.68232389  0.71063035 -0.4214931   1.52539347]\n [ 0.43964794 -1.68232389  6.65841434 -1.90796085 -0.8042851  -0.82505366]\n [-0.05534539  0.71063035 -1.90796085  8.64697944 -1.99869602  3.61501891]\n [ 0.5676476  -0.4214931  -0.8042851  -1.99869602  4.75703484 -3.25931293]\n [-0.46360842  1.52539347 -0.82505366  3.61501891 -3.25931293  5.55289627]]", "nfev": "343", "njev": "49", "status": "0", "success": "True", "message": "Optimization terminated successfully.", "x": "[-1.12877019  3.60839859 -1.4406225   1.04425983  9.64736795  5.26003285]", "nit": "37"}, "14": {"maxiter": 500, "gtol": 1e-10, "xrtol": 1e-10, "eps": 1e-05, "duration": 0.10213804244995117, "fun": "0.09852183701379291", "jac": "[ 4.09117185e-08 -1.47992729e-08  1.41442413e-08 -2.96762614e-08\n  1.95510275e-08  2.24598118e-08]", "hess_inv": "[[ 2.36129732 -0.16422008  0.41315655  0.08742928  0.53931539 -0.42714567]\n [-0.16422008  4.80654008 -1.93034794  0.94965824 -0.34396753  1.51827489]\n [ 0.41315655 -1.93034794  6.85393212 -2.15411838 -0.8589056  -0.88625055]\n [ 0.08742928  0.94965824 -2.15411838  9.10223219 -1.7939495   3.54713874]\n [ 0.53931539 -0.34396753 -0.8589056  -1.7939495   4.59510826 -3.08213048]\n [-0.42714567  1.51827489 -0.88625055  3.54713874 -3.08213048  5.40832461]]", "nfev": "598", "njev": "84", "status": "2", "success": "False", "message": "Desired error not necessarily achieved due to precision loss.", "x": "[-1.12877217  3.6083998  -1.44062119  1.04425469  9.6473705   5.26002767]", "nit": "38"}, "15": {"maxiter": 500, "gtol": 1e-10, "xrtol": 1e-10, "eps": 1e-10, "duration": 0.1035609245300293, "fun": "0.09852183700592276", "jac": "[ 2.22044587e-06 -1.11022293e-06  0.00000000e+00  3.33066880e-06\n  1.11022293e-06  2.22044587e-06]", "hess_inv": "[[ 2.28840923 -0.82995884  0.25805509  0.15665455 -0.31220509 -0.56794283]\n [-0.82995884  5.37739815 -3.44118647  1.12769014 -0.05352122  2.02736457]\n [ 0.25805509 -3.44118647  5.98951543 -1.33049365 -2.93199777 -1.03523756]\n [ 0.15665455  1.12769014 -1.33049365  8.3721356  -1.37257863  3.58180275]\n [-0.31220509 -0.05352122 -2.93199777 -1.37257863  4.53764687 -2.7576626 ]\n [-0.56794283  2.02736457 -1.03523756  3.58180275 -2.7576626   5.67840771]]", "nfev": "605", "njev": "85", "status": "0", "success": "True", "message": "Optimization terminated successfully.", "x": "[-1.12876932  3.60839813 -1.44062039  1.04425923  9.64736805  5.26003235]", "nit": "39"}, "16": {"maxiter": 1000, "gtol": 1e-05, "xrtol": 1e-05, "eps": 1e-05, "duration": 0.05991792678833008, "fun": "0.0985218370173292", "jac": "[ 2.83972845e-07 -7.13584747e-07  1.07536202e-07 -3.70459219e-07\n  1.62314606e-08  7.07556236e-07]", "hess_inv": "[[ 2.34737991 -0.08257215  0.35068894  0.13890599  0.58883302 -0.4622591 ]\n [-0.08257215  4.58949669 -1.71849785  0.70762366 -0.39892188  1.53772946]\n [ 0.35068894 -1.71849785  6.66609213 -1.9574229  -0.76853184 -0.9349601 ]\n [ 0.13890599  0.70762366 -1.9574229   8.92640179 -1.91736638  3.6333272 ]\n [ 0.58883302 -0.39892188 -0.76853184 -1.91736638  4.67088261 -3.13175536]\n [-0.4622591   1.53772946 -0.9349601   3.6333272  -3.13175536  5.45373272]]", "nfev": "343", "njev": "49", "status": "0", "success": "True", "message": "Optimization terminated successfully.", "x": "[-1.12877177  3.60839694 -1.44061897  1.04425318  9.64736927  5.26002893]", "nit": "37"}, "17": {"maxiter": 1000, "gtol": 1e-05, "xrtol": 1e-05, "eps": 1e-10, "duration": 0.05960893630981445, "fun": "0.09852183700732875", "jac": "[-1.11022293e-06  0.00000000e+00 -1.11022293e-06  0.00000000e+00\n  0.00000000e+00  0.00000000e+00]", "hess_inv": "[[ 2.32634174 -0.08145256  0.43964794 -0.05534539  0.5676476  -0.46360842]\n [-0.08145256  4.57977704 -1.68232389  0.71063035 -0.4214931   1.52539347]\n [ 0.43964794 -1.68232389  6.65841434 -1.90796085 -0.8042851  -0.82505366]\n [-0.05534539  0.71063035 -1.90796085  8.64697944 -1.99869602  3.61501891]\n [ 0.5676476  -0.4214931  -0.8042851  -1.99869602  4.75703484 -3.25931293]\n [-0.46360842  1.52539347 -0.82505366  3.61501891 -3.25931293  5.55289627]]", "nfev": "343", "njev": "49", "status": "0", "success": "True", "message": "Optimization terminated successfully.", "x": "[-1.12877019  3.60839859 -1.4406225   1.04425983  9.64736795  5.26003285]", "nit": "37"}, "18": {"maxiter": 1000, "gtol": 1e-05, "xrtol": 1e-10, "eps": 1e-05, "duration": 0.05979275703430176, "fun": "0.0985218370173292", "jac": "[ 2.83972845e-07 -7.13584747e-07  1.07536202e-07 -3.70459219e-07\n  1.62314606e-08  7.07556236e-07]", "hess_inv": "[[ 2.34737991 -0.08257215  0.35068894  0.13890599  0.58883302 -0.4622591 ]\n [-0.08257215  4.58949669 -1.71849785  0.70762366 -0.39892188  1.53772946]\n [ 0.35068894 -1.71849785  6.66609213 -1.9574229  -0.76853184 -0.9349601 ]\n [ 0.13890599  0.70762366 -1.9574229   8.92640179 -1.91736638  3.6333272 ]\n [ 0.58883302 -0.39892188 -0.76853184 -1.91736638  4.67088261 -3.13175536]\n [-0.4622591   1.53772946 -0.9349601   3.6333272  -3.13175536  5.45373272]]", "nfev": "343", "njev": "49", "status": "0", "success": "True", "message": "Optimization terminated successfully.", "x": "[-1.12877177  3.60839694 -1.44061897  1.04425318  9.64736927  5.26002893]", "nit": "37"}, "19": {"maxiter": 1000, "gtol": 1e-05, "xrtol": 1e-10, "eps": 1e-10, "duration": 0.05926799774169922, "fun": "0.09852183700732875", "jac": "[-1.11022293e-06  0.00000000e+00 -1.11022293e-06  0.00000000e+00\n  0.00000000e+00  0.00000000e+00]", "hess_inv": "[[ 2.32634174 -0.08145256  0.43964794 -0.05534539  0.5676476  -0.46360842]\n [-0.08145256  4.57977704 -1.68232389  0.71063035 -0.4214931   1.52539347]\n [ 0.43964794 -1.68232389  6.65841434 -1.90796085 -0.8042851  -0.82505366]\n [-0.05534539  0.71063035 -1.90796085  8.64697944 -1.99869602  3.61501891]\n [ 0.5676476  -0.4214931  -0.8042851  -1.99869602  4.75703484 -3.25931293]\n [-0.46360842  1.52539347 -0.82505366  3.61501891 -3.25931293  5.55289627]]", "nfev": "343", "njev": "49", "status": "0", "success": "True", "message": "Optimization terminated successfully.", "x": "[-1.12877019  3.60839859 -1.4406225   1.04425983  9.64736795  5.26003285]", "nit": "37"}, "20": {"maxiter": 1000, "gtol": 1e-10, "xrtol": 1e-05, "eps": 1e-05, "duration": 0.05890989303588867, "fun": "0.0985218370173292", "jac": "[ 2.83972845e-07 -7.13584747e-07  1.07536202e-07 -3.70459219e-07\n  1.62314606e-08  7.07556236e-07]", "hess_inv": "[[ 2.34737991 -0.08257215  0.35068894  0.13890599  0.58883302 -0.4622591 ]\n [-0.08257215  4.58949669 -1.71849785  0.70762366 -0.39892188  1.53772946]\n [ 0.35068894 -1.71849785  6.66609213 -1.9574229  -0.76853184 -0.9349601 ]\n [ 0.13890599  0.70762366 -1.9574229   8.92640179 -1.91736638  3.6333272 ]\n [ 0.58883302 -0.39892188 -0.76853184 -1.91736638  4.67088261 -3.13175536]\n [-0.4622591   1.53772946 -0.9349601   3.6333272  -3.13175536  5.45373272]]", "nfev": "343", "njev": "49", "status": "0", "success": "True", "message": "Optimization terminated successfully.", "x": "[-1.12877177  3.60839694 -1.44061897  1.04425318  9.64736927  5.26002893]", "nit": "37"}, "21": {"maxiter": 1000, "gtol": 1e-10, "xrtol": 1e-05, "eps": 1e-10, "duration": 0.05880999565124512, "fun": "0.09852183700732875", "jac": "[-1.11022293e-06  0.00000000e+00 -1.11022293e-06  0.00000000e+00\n  0.00000000e+00  0.00000000e+00]", "hess_inv": "[[ 2.32634174 -0.08145256  0.43964794 -0.05534539  0.5676476  -0.46360842]\n [-0.08145256  4.57977704 -1.68232389  0.71063035 -0.4214931   1.52539347]\n [ 0.43964794 -1.68232389  6.65841434 -1.90796085 -0.8042851  -0.82505366]\n [-0.05534539  0.71063035 -1.90796085  8.64697944 -1.99869602  3.61501891]\n [ 0.5676476  -0.4214931  -0.8042851  -1.99869602  4.75703484 -3.25931293]\n [-0.46360842  1.52539347 -0.82505366  3.61501891 -3.25931293  5.55289627]]", "nfev": "343", "njev": "49", "status": "0", "success": "True", "message": "Optimization terminated successfully.", "x": "[-1.12877019  3.60839859 -1.4406225   1.04425983  9.64736795  5.26003285]", "nit": "37"}, "22": {"maxiter": 1000, "gtol": 1e-10, "xrtol": 1e-10, "eps": 1e-05, "duration": 0.10266494750976562, "fun": "0.09852183701379291", "jac": "[ 4.09117185e-08 -1.47992729e-08  1.41442413e-08 -2.96762614e-08\n  1.95510275e-08  2.24598118e-08]", "hess_inv": "[[ 2.36129732 -0.16422008  0.41315655  0.08742928  0.53931539 -0.42714567]\n [-0.16422008  4.80654008 -1.93034794  0.94965824 -0.34396753  1.51827489]\n [ 0.41315655 -1.93034794  6.85393212 -2.15411838 -0.8589056  -0.88625055]\n [ 0.08742928  0.94965824 -2.15411838  9.10223219 -1.7939495   3.54713874]\n [ 0.53931539 -0.34396753 -0.8589056  -1.7939495   4.59510826 -3.08213048]\n [-0.42714567  1.51827489 -0.88625055  3.54713874 -3.08213048  5.40832461]]", "nfev": "598", "njev": "84", "status": "2", "success": "False", "message": "Desired error not necessarily achieved due to precision loss.", "x": "[-1.12877217  3.6083998  -1.44062119  1.04425469  9.6473705   5.26002767]", "nit": "38"}, "23": {"maxiter": 1000, "gtol": 1e-10, "xrtol": 1e-10, "eps": 1e-10, "duration": 0.10509109497070312, "fun": "0.09852183700592276", "jac": "[ 2.22044587e-06 -1.11022293e-06  0.00000000e+00  3.33066880e-06\n  1.11022293e-06  2.22044587e-06]", "hess_inv": "[[ 2.28840923 -0.82995884  0.25805509  0.15665455 -0.31220509 -0.56794283]\n [-0.82995884  5.37739815 -3.44118647  1.12769014 -0.05352122  2.02736457]\n [ 0.25805509 -3.44118647  5.98951543 -1.33049365 -2.93199777 -1.03523756]\n [ 0.15665455  1.12769014 -1.33049365  8.3721356  -1.37257863  3.58180275]\n [-0.31220509 -0.05352122 -2.93199777 -1.37257863  4.53764687 -2.7576626 ]\n [-0.56794283  2.02736457 -1.03523756  3.58180275 -2.7576626   5.67840771]]", "nfev": "605", "njev": "85", "status": "0", "success": "True", "message": "Optimization terminated successfully.", "x": "[-1.12876932  3.60839813 -1.44062039  1.04425923  9.64736805  5.26003235]", "nit": "39"}}, "cobyla": {"0": {"maxiter": 100, "tol": 1e-05, "catol": 1e-05, "duration": 0.016603946685791016, "x": "[1.14536621 0.82437021 1.85359576 7.35010012 5.63136931 2.78097818]", "status": "2", "success": "False", "message": "Maximum number of function evaluations has been exceeded.", "nfev": "100", "fun": "0.21518739588177116", "maxcv": "0.0"}, "1": {"maxiter": 100, "tol": 1e-05, "catol": 1e-10, "duration": 0.016507863998413086, "x": "[1.14536621 0.82437021 1.85359576 7.35010012 5.63136931 2.78097818]", "status": "2", "success": "False", "message": "Maximum number of function evaluations has been exceeded.", "nfev": "100", "fun": "0.21518739588177116", "maxcv": "0.0"}, "2": {"maxiter": 100, "tol": 1e-10, "catol": 1e-05, "duration": 0.016536951065063477, "x": "[1.14536621 0.82437021 1.85359576 7.35010012 5.63136931 2.78097818]", "status": "2", "success": "False", "message": "Maximum number of function evaluations has been exceeded.", "nfev": "100", "fun": "0.21518739588177116", "maxcv": "0.0"}, "3": {"maxiter": 100, "tol": 1e-10, "catol": 1e-10, "duration": 0.016525983810424805, "x": "[1.14536621 0.82437021 1.85359576 7.35010012 5.63136931 2.78097818]", "status": "2", "success": "False", "message": "Maximum number of function evaluations has been exceeded.", "nfev": "100", "fun": "0.21518739588177116", "maxcv": "0.0"}, "4": {"maxiter": 500, "tol": 1e-05, "catol": 1e-05, "duration": 0.08271598815917969, "x": "[1.12877434 0.46681684 1.70093129 7.32738389 3.36434787 5.25971652]", "status": "2", "success": "False", "message": "Maximum number of function evaluations has been exceeded.", "nfev": "500", "fun": "0.09852184946878717", "maxcv": "0.0"}, "5": {"maxiter": 500, "tol": 1e-05, "catol": 1e-10, "duration": 0.08385586738586426, "x": "[1.12877434 0.46681684 1.70093129 7.32738389 3.36434787 5.25971652]", "status": "2", "success": "False", "message": "Maximum number of function evaluations has been exceeded.", "nfev": "500", "fun": "0.09852184946878717", "maxcv": "0.0"}, "6": {"maxiter": 500, "tol": 1e-10, "catol": 1e-05, "duration": 0.08231878280639648, "x": "[1.12877434 0.46681684 1.70093129 7.32738389 3.36434787 5.25971652]", "status": "2", "success": "False", "message": "Maximum number of function evaluations has been exceeded.", "nfev": "500", "fun": "0.09852184946878717", "maxcv": "0.0"}, "7": {"maxiter": 500, "tol": 1e-10, "catol": 1e-10, "duration": 0.08219003677368164, "x": "[1.12877434 0.46681684 1.70093129 7.32738389 3.36434787 5.25971652]", "status": "2", "success": "False", "message": "Maximum number of function evaluations has been exceeded.", "nfev": "500", "fun": "0.09852184946878717", "maxcv": "0.0"}, "8": {"maxiter": 1000, "tol": 1e-05, "catol": 1e-05, "duration": 0.08982706069946289, "x": "[1.12877256 0.46680143 1.70097293 7.32743032 3.36419915 5.26001864]", "status": "1", "success": "True", "message": "Optimization terminated successfully.", "nfev": "542", "fun": "0.09852183704582429", "maxcv": "0.0"}, "9": {"maxiter": 1000, "tol": 1e-05, "catol": 1e-10, "duration": 0.08950090408325195, "x": "[1.12877256 0.46680143 1.70097293 7.32743032 3.36419915 5.26001864]", "status": "1", "success": "True", "message": "Optimization terminated successfully.", "nfev": "542", "fun": "0.09852183704582429", "maxcv": "0.0"}, "10": {"maxiter": 1000, "tol": 1e-10, "catol": 1e-05, "duration": 0.10812807083129883, "x": "[1.12876691 0.46681404 1.70097134 7.32745005 3.36418655 5