{"date": "2024/07/19/, 13:55:57", "conf_id": 201, "data_type": "non_lin_ind\n", "num_data_points": 3, "s_rank": 0, "unitary": "[[-0.56303964-0.00798273j,-0.21670212-0.15784972j,-0.06047197-0.73952673j,-0.01438004+0.24552571j],[-0.06976756+0.23474685j,-0.01275565-0.5435098j,-0.02703657-0.08917885j,-0.08210486-0.79311774j],[-0.38559961+0.10714929j,0.5933431-0.2687392j,-0.24060861+0.29149289j,-0.45147719+0.26241743j],[-0.50180421+0.45931857j,-0.11617175+0.44134496j,0.49642745+0.22684508j,-0.08544628-0.15407063j]]", "databatch_0": {"databatch": "[[[-0.07051882-0.06842538j,0.0458904-0.03769809j,0.05797009-0.01038404j,0.00453798-0.02863415j],[0.20434241+0.3259668j,-0.20966412+0.10055354j,-0.2301248-0.01457833j,-0.04396175+0.10465349j],[-0.32855952+0.13158247j,-0.05667956-0.20627284j,0.05089635-0.20593405j,-0.08753655-0.05694112j],[0.49326141-0.16050273j,0.06284692+0.30715519j,-0.09443668+0.29620847j,0.12247944+0.09177379j]],[[-0.05839375-0.00326103j,0.02372652-0.0019397j,0.04838584-0.01581086j,-0.01857558-0.10279824j],[0.2190099+0.06686095j,-0.09203282-0.0147523j,-0.19874048+0.01499663j,-0.02523731+0.40823055j],[-0.09640475+0.18730722j,0.02843151-0.0808967j,0.01898198-0.18236814j,-0.36541951-0.08972288j],[0.15917747-0.26454777j,-0.04943691+0.11553927j,-0.04547636+0.26484679j,0.52566422+0.16671014j]],[[-0.02465242+0.0602833j,0.00119947+0.08182493j,-0.0722598-0.00943599j,0.03455502-0.00690918j],[0.14996728-0.20624472j,0.07175209-0.31227061j,0.26597867+0.10327424j,-0.1378446-0.00595419j],[0.16213691+0.16954621j,0.27093094+0.11611052j,-0.13706262+0.22386082j,0.02797187-0.12380949j],[-0.2206334-0.26369248j,-0.38492269-0.19611899j,0.22218587-0.31405288j,-0.05293384+0.17833859j]]]", "initial param values": "[1.84564426,0.24366421,0.83226694,4.39620503,4.75960964,1.59140352]", "nelder_mead": {"type": "gradient-free", "0": {"maxiter": 100, "fatol": 1e-05, "xatol": 1e-05, "duration": 0.027369976043701172, "fun": "0.0008844824413317687", "nit": "100", "nfev": "163", "status": "2", "success": "False", "message": "Maximum number of iterations has been exceeded.", "x": "[2.51963211 0.28997996 0.72174025 4.04121194 3.48890015 1.43871545]", "final_simplex": "(array([[2.51963211, 0.28997996, 0.72174025, 4.04121194, 3.48890015,\n        1.43871545],\n       [2.51438895, 0.29317908, 0.72289756, 4.01116378, 3.47316244,\n        1.42012379],\n       [2.53083267, 0.29320398, 0.71701926, 4.0078202 , 3.47893774,\n        1.42054984],\n       [2.52413488, 0.2907798 , 0.72631688, 4.02019123, 3.48226418,\n        1.42640475],\n       [2.51607999, 0.29031682, 0.72720337, 4.01668653, 3.48098221,\n        1.43272991],\n       [2.52817821, 0.29023758, 0.72424969, 4.03398671, 3.46607965,\n        1.43003358],\n       [2.52048732, 0.29246269, 0.72404537, 4.02163933, 3.48631499,\n        1.41562169]]), array([0.00088448, 0.00099319, 0.00099742, 0.00100042, 0.00100366,\n       0.00101165, 0.00101215]))"}, "1": {"maxiter": 100, "fatol": 1e-05, "xatol": 1e-10, "duration": 0.027256011962890625, "fun": "0.0008844824413317687", "nit": "100", "nfev": "163", "status": "2", "success": "False", "message": "Maximum number of iterations has been exceeded.", "x": "[2.51963211 0.28997996 0.72174025 4.04121194 3.48890015 1.43871545]", "final_simplex": "(array([[2.51963211, 0.28997996, 0.72174025, 4.04121194, 3.48890015,\n        1.43871545],\n       [2.51438895, 0.29317908, 0.72289756, 4.01116378, 3.47316244,\n        1.42012379],\n       [2.53083267, 0.29320398, 0.71701926, 4.0078202 , 3.47893774,\n        1.42054984],\n       [2.52413488, 0.2907798 , 0.72631688, 4.02019123, 3.48226418,\n        1.42640475],\n       [2.51607999, 0.29031682, 0.72720337, 4.01668653, 3.48098221,\n        1.43272991],\n       [2.52817821, 0.29023758, 0.72424969, 4.03398671, 3.46607965,\n        1.43003358],\n       [2.52048732, 0.29246269, 0.72404537, 4.02163933, 3.48631499,\n        1.41562169]]), array([0.00088448, 0.00099319, 0.00099742, 0.00100042, 0.00100366,\n       0.00101165, 0.00101215]))"}, "2": {"maxiter": 100, "fatol": 1e-10, "xatol": 1e-05, "duration": 0.0273287296295166, "fun": "0.0008844824413317687", "nit": "100", "nfev": "163", "status": "2", "success": "False", "message": "Maximum number of iterations has been exceeded.", "x": "[2.51963211 0.28997996 0.72174025 4.04121194 3.48890015 1.43871545]", "final_simplex": "(array([[2.51963211, 0.28997996, 0.72174025, 4.04121194, 3.48890015,\n        1.43871545],\n       [2.51438895, 0.29317908, 0.72289756, 4.01116378, 3.47316244,\n        1.42012379],\n       [2.53083267, 0.29320398, 0.71701926, 4.0078202 , 3.47893774,\n        1.42054984],\n       [2.52413488, 0.2907798 , 0.72631688, 4.02019123, 3.48226418,\n        1.42640475],\n       [2.51607999, 0.29031682, 0.72720337, 4.01668653, 3.48098221,\n        1.43272991],\n       [2.52817821, 0.29023758, 0.72424969, 4.03398671, 3.46607965,\n        1.43003358],\n       [2.52048732, 0.29246269, 0.72404537, 4.02163933, 3.48631499,\n        1.41562169]]), array([0.00088448, 0.00099319, 0.00099742, 0.00100042, 0.00100366,\n       0.00101165, 0.00101215]))"}, "3": {"maxiter": 100, "fatol": 1e-10, "xatol": 1e-10, "duration": 0.027361154556274414, "fun": "0.0008844824413317687", "nit": "100", "nfev": "163", "status": "2", "success": "False", "message": "Maximum number of iterations has been exceeded.", "x": "[2.51963211 0.28997996 0.72174025 4.04121194 3.48890015 1.43871545]", "final_simplex": "(array([[2.51963211, 0.28997996, 0.72174025, 4.04121194, 3.48890015,\n        1.43871545],\n       [2.51438895, 0.29317908, 0.72289756, 4.01116378, 3.47316244,\n        1.42012379],\n       [2.53083267, 0.29320398, 0.71701926, 4.0078202 , 3.47893774,\n        1.42054984],\n       [2.52413488, 0.2907798 , 0.72631688, 4.02019123, 3.48226418,\n        1.42640475],\n       [2.51607999, 0.29031682, 0.72720337, 4.01668653, 3.48098221,\n        1.43272991],\n       [2.52817821, 0.29023758, 0.72424969, 4.03398671, 3.46607965,\n        1.43003358],\n       [2.52048732, 0.29246269, 0.72404537, 4.02163933, 3.48631499,\n        1.41562169]]), array([0.00088448, 0.00099319, 0.00099742, 0.00100042, 0.00100366,\n       0.00101165, 0.00101215]))"}, "4": {"maxiter": 500, "fatol": 1e-05, "xatol": 1e-05, "duration": 0.06586813926696777, "fun": "0.0005564670823309248", "nit": "242", "nfev": "394", "status": "0", "success": "True", "message": "Optimization terminated successfully.", "x": "[2.49507461 0.29140065 0.68736922 4.10761401 3.5014352  1.48789802]", "final_simplex": "(array([[2.49507461, 0.29140065, 0.68736922, 4.10761401, 3.5014352 ,\n        1.48789802],\n       [2.49507365, 0.29140106, 0.68736871, 4.10761741, 3.50143539,\n        1.48789588],\n       [2.49507588, 0.29140136, 0.6873673 , 4.10761263, 3.50143635,\n        1.48789504],\n       [2.49507229, 0.29140129, 0.68736737, 4.10761496, 3.50143857,\n        1.48789763],\n       [2.49507649, 0.29140185, 0.68736848, 4.107609  , 3.50143245,\n        1.4878899 ],\n       [2.49507435, 0.29140163, 0.6873691 , 4.10760893, 3.50143958,\n        1.48789325],\n       [2.49507574, 0.29140125, 0.68737125, 4.10760521, 3.50143871,\n        1.48789097]]), array([0.00055647, 0.00055647, 0.00055647, 0.00055647, 0.00055647,\n       0.00055647, 0.00055647]))"}, "5": {"maxiter": 500, "fatol": 1e-05, "xatol": 1e-10, "duration": 0.10125112533569336, "fun": "0.0005564670815765282", "nit": "329", "nfev": "596", "status": "0", "success": "True", "message": "Optimization terminated successfully.", "x": "[2.49507451 0.29140084 0.68736937 4.10761386 3.50143583 1.48789635]", "final_simplex": "(array([[2.49507451, 0.29140084, 0.68736937, 4.10761386, 3.50143583,\n        1.48789635],\n       [2.49507451, 0.29140084, 0.68736937, 4.10761386, 3.50143583,\n        1.48789635],\n       [2.49507451, 0.29140084, 0.68736937, 4.10761386, 3.50143583,\n        1.48789635],\n       [2.49507451, 0.29140084, 0.68736937, 4.10761386, 3.50143583,\n        1.48789635],\n       [2.49507451, 0.29140084, 0.68736937, 4.10761386, 3.50143583,\n        1.48789635],\n       [2.49507451, 0.29140084, 0.68736937, 4.10761386, 3.50143583,\n        1.48789635],\n       [2.49507451, 0.29140084, 0.68736937, 4.10761386, 3.50143583,\n        1.48789635]]), array([0.00055647, 0.00055647, 0.00055647, 0.00055647, 0.00055647,\n       0.00055647, 0.00055647]))"}, "6": {"maxiter": 500, "fatol": 1e-10, "xatol": 1e-05, "duration": 0.06715607643127441, "fun": "0.0005564670823309248", "nit": "242", "nfev": "394", "status": "0", "success": "True", "message": "Optimization terminated successfully.", "x": "[2.49507461 0.29140065 0.68736922 4.10761401 3.5014352  1.48789802]", "final_simplex": "(array([[2.49507461, 0.29140065, 0.68736922, 4.10761401, 3.5014352 ,\n        1.48789802],\n       [2.49507365, 0.29140106, 0.68736871, 4.10761741, 3.50143539,\n        1.48789588],\n       [2.49507588, 0.29140136, 0.6873673 , 4.10761263, 3.50143635,\n        1.48789504],\n       [2.49507229, 0.29140129, 0.68736737, 4.10761496, 3.50143857,\n        1.48789763],\n       [2.49507649, 0.29140185, 0.68736848, 4.107609  , 3.50143245,\n        1.4878899 ],\n       [2.49507435, 0.29140163, 0.6873691 , 4.10760893, 3.50143958,\n        1.48789325],\n       [2.49507574, 0.29140125, 0.68737125, 4.10760521, 3.50143871,\n        1.48789097]]), array([0.00055647, 0.00055647, 0.00055647, 0.00055647, 0.00055647,\n       0.00055647, 0.00055647]))"}, "7": {"maxiter": 500, "fatol": 1e-10, "xatol": 1e-10, "duration": 0.10120701789855957, "fun": "0.0005564670815765282", "nit": "329", "nfev": "596", "status": "0", "success": "True", "message": "Optimization terminated successfully.", "x": "[2.49507451 0.29140084 0.68736937 4.10761386 3.50143583 1.48789635]", "final_simplex": "(array([[2.49507451, 0.29140084, 0.68736937, 4.10761386, 3.50143583,\n        1.48789635],\n       [2.49507451, 0.29140084, 0.68736937, 4.10761386, 3.50143583,\n        1.48789635],\n       [2.49507451, 0.29140084, 0.68736937, 4.10761386, 3.50143583,\n        1.48789635],\n       [2.49507451, 0.29140084, 0.68736937, 4.10761386, 3.50143583,\n        1.48789635],\n       [2.49507451, 0.29140084, 0.68736937, 4.10761386, 3.50143583,\n        1.48789635],\n       [2.49507451, 0.29140084, 0.68736937, 4.10761386, 3.50143583,\n        1.48789635],\n       [2.49507451, 0.29140084, 0.68736937, 4.10761386, 3.50143583,\n        1.48789635]]), array([0.00055647, 0.00055647, 0.00055647, 0.00055647, 0.00055647,\n       0.00055647, 0.00055647]))"}, "8": {"maxiter": 1000, "fatol": 1e-05, "xatol": 1e-05, "duration": 0.06675910949707031, "fun": "0.0005564670823309248", "nit": "242", "nfev": "394", "status": "0", "success": "True", "message": "Optimization terminated successfully.", "x": "[2.49507461 0.29140065 0.68736922 4.10761401 3.5014352  1.48789802]", "final_simplex": "(array([[2.49507461, 0.29140065, 0.68736922, 4.10761401, 3.5014352 ,\n        1.48789802],\n       [2.49507365, 0.29140106, 0.68736871, 4.10761741, 3.50143539,\n        1.48789588],\n       [2.49507588, 0.29140136, 0.6873673 , 4.10761263, 3.50143635,\n        1.48789504],\n       [2.49507229, 0.29140129, 0.68736737, 4.10761496, 3.50143857,\n        1.48789763],\n       [2.49507649, 0.29140185, 0.68736848, 4.107609  , 3.50143245,\n        1.4878899 ],\n       [2.49507435, 0.29140163, 0.6873691 , 4.10760893, 3.50143958,\n        1.48789325],\n       [2.49507574, 0.29140125, 0.68737125, 4.10760521, 3.50143871,\n        1.48789097]]), array([0.00055647, 0.00055647, 0.00055647, 0.00055647, 0.00055647,\n       0.00055647, 0.00055647]))"}, "9": {"maxiter": 1000, "fatol": 1e-05, "xatol": 1e-10, "duration": 0.10129594802856445, "fun": "0.0005564670815765282", "nit": "329", "nfev": "596", "status": "0", "success": "True", "message": "Optimization terminated successfully.", "x": "[2.49507451 0.29140084 0.68736937 4.10761386 3.50143583 1.48789635]", "final_simplex": "(array([[2.49507451, 0.29140084, 0.68736937, 4.10761386, 3.50143583,\n        1.48789635],\n       [2.49507451, 0.29140084, 0.68736937, 4.10761386, 3.50143583,\n        1.48789635],\n       [2.49507451, 0.29140084, 0.68736937, 4.10761386, 3.50143583,\n        1.48789635],\n       [2.49507451, 0.29140084, 0.68736937, 4.10761386, 3.50143583,\n        1.48789635],\n       [2.49507451, 0.29140084, 0.68736937, 4.10761386, 3.50143583,\n        1.48789635],\n       [2.49507451, 0.29140084, 0.68736937, 4.10761386, 3.50143583,\n        1.48789635],\n       [2.49507451, 0.29140084, 0.68736937, 4.10761386, 3.50143583,\n        1.48789635]]), array([0.00055647, 0.00055647, 0.00055647, 0.00055647, 0.00055647,\n       0.00055647, 0.00055647]))"}, "10": {"maxiter": 1000, "fatol": 1e-10, "xatol": 1e-05, "duration": 0.06695413589477539, "fun": "0.0005564670823309248", "nit": "242", "nfev": "394", "status": "0", "success": "True", "message": "Optimization terminated successfully.", "x": "[2.49507461 0.29140065 0.68736922 4.10761401 3.5014352  1.48789802]", "final_simplex": "(array([[2.49507461, 0.29140065, 0.68736922, 4.10761401, 3.5014352 ,\n        1.48789802],\n       [2.49507365, 0.29140106, 0.68736871, 4.10761741, 3.50143539,\n        1.48789588],\n       [2.49507588, 0.29140136, 0.6873673 , 4.10761263, 3.50143635,\n        1.48789504],\n       [2.49507229, 0.29140129, 0.68736737, 4.10761496, 3.50143857,\n        1.48789763],\n       [2.49507649, 0.29140185, 0.68736848, 4.107609  , 3.50143245,\n        1.4878899 ],\n       [2.49507435, 0.29140163, 0.6873691 , 4.10760893, 3.50143958,\n        1.48789325],\n       [2.49507574, 0.29140125, 0.68737125, 4.10760521, 3.50143871,\n        1.48789097]]), array([0.00055647, 0.00055647, 0.00055647, 0.00055647, 0.00055647,\n       0.00055647, 0.00055647]))"}, "11": {"maxiter": 1000, "fatol": 1e-10, "xatol": 1e-10, "duration": 0.10176706314086914, "fun": "0.0005564670815765282", "nit": "329", "nfev": "596", "status": "0", "success": "True", "message": "Optimization terminated successfully.", "x": "[2.49507451 0.29140084 0.68736937 4.10761386 3.50143583 1.48789635]", "final_simplex": "(array([[2.49507451, 0.29140084, 0.68736937, 4.10761386, 3.50143583,\n        1.48789635],\n       [2.49507451, 0.29140084, 0.68736937, 4.10761386, 3.50143583,\n        1.48789635],\n       [2.49507451, 0.29140084, 0.68736937, 4.10761386, 3.50143583,\n        1.48789635],\n       [2.49507451, 0.29140084, 0.68736937, 4.10761386, 3.50143583,\n        1.48789635],\n       [2.49507451, 0.29140084, 0.68736937, 4.10761386, 3.50143583,\n        1.48789635],\n       [2.49507451, 0.29140084, 0.68736937, 4.10761386, 3.50143583,\n        1.48789635],\n       [2.49507451, 0.29140084, 0.68736937, 4.10761386, 3.50143583,\n        1.48789635]]), array([0.00055647, 0.00055647, 0.00055647, 0.00055647, 0.00055647,\n       0.00055647, 0.00055647]))"}}, "bfgs": {"type": "gradient", "0": {"maxiter": 100, "gtol": 1e-05, "xrtol": 1e-05, "eps": 1e-05, "duration": 0.020889759063720703, "fun": "0.0005564671903437457", "jac": "[ 2.56633603e-06  9.77662395e-07  7.54107887e-07 -1.80513382e-06\n -5.34361444e-07  6.72395473e-07]", "hess_inv": "[[ 2.4604163  -0.13922535 -0.03922976  0.76482593 -0.59558569 -0.3724698 ]\n [-0.13922535  2.68292035  1.42004841  3.16889041  0.51188037  1.82244192]\n [-0.03922976  1.42004841  2.57624957  2.90031749  0.15104251  2.25582805]\n [ 0.76482593  3.16889041  2.90031749  7.71655117  0.05567422  3.52964089]\n [-0.59558569  0.51188037  0.15104251  0.05567422  2.8476741   1.56460475]\n [-0.3724698   1.82244192  2.25582805  3.52964089  1.56460475  5.07654948]]", "nfev": "119", "njev": "17", "status": "0", "success": "True", "message": "Optimization terminated successfully.", "x": "[2.45337443 0.20520779 0.58537978 4.17146613 3.49892743 1.52735251]", "nit": "16"}, "1": {"maxiter": 100, "gtol": 1e-05, "xrtol": 1e-05, "eps": 1e-10, "duration": 0.020800113677978516, "fun": "0.0005564672219744438", "jac": "[3.33066880e-06 0.00000000e+00 4.44089173e-06 5.55111466e-06\n 5.55111466e-06 4.44089173e-06]", "hess_inv": "[[ 2.47354988e+00 -1.16258556e-01 -2.97960584e-03  8.07656655e-01\n  -5.75772818e-01 -3.18603658e-01]\n [-1.16258556e-01  2.72696239e+00  1.46784105e+00  3.25521435e+00\n   5.64499289e-01  1.91480874e+00]\n [-2.97960584e-03  1.46784105e+00  2.58662278e+00  2.98786662e+00\n   2.27760575e-01  2.31698100e+00]\n [ 8.07656655e-01  3.25521435e+00  2.98786662e+00  7.88880641e+00\n   1.53852401e-01  3.70237361e+00]\n [-5.75772818e-01  5.64499289e-01  2.27760575e-01  1.53852401e-01\n   2.88906494e+00  1.67598286e+00]\n [-3.18603658e-01  1.91480874e+00  2.31698100e+00  3.70237361e+00\n   1.67598286e+00  5.21715971e+00]]", "nfev": "119", "njev": "17", "status": "0", "success": "True", "message": "Optimization terminated successfully.", "x": "[2.45340967 0.20529594 0.58548203 4.17149782 3.49895202 1.52738717]", "nit": "16"}, "2": {"maxiter": 100, "gtol": 1e-05, "xrtol": 1e-10, "eps": 1e-05, "duration": 0.020711183547973633, "fun": "0.0005564671903437457", "jac": "[ 2.56633603e-06  9.77662395e-07  7.54107887e-07 -1.80513382e-06\n -5.34361444e-07  6.72395473e-07]", "hess_inv": "[[ 2.4604163  -0.13922535 -0.03922976  0.76482593 -0.59558569 -0.3724698 ]\n [-0.13922535  2.68292035  1.42004841  3.16889041  0.51188037  1.82244192]\n [-0.03922976  1.42004841  2.57624957  2.90031749  0.15104251  2.25582805]\n [ 0.76482593  3.16889041  2.90031749  7.71655117  0.05567422  3.52964089]\n [-0.59558569  0.51188037  0.15104251  0.05567422  2.8476741   1.56460475]\n [-0.3724698   1.82244192  2.25582805  3.52964089  1.56460475  5.07654948]]", "nfev": "119", "njev": "17", "status": "0", "success": "True", "message": "Optimization terminated successfully.", "x": "[2.45337443 0.20520779 0.58537978 4.17146613 3.49892743 1.52735251]", "nit": "16"}, "3": {"maxiter": 100, "gtol": 1e-05, "xrtol": 1e-10, "eps": 1e-10, "duration": 0.0206449031829834, "fun": "0.0005564672219744438", "jac": "[3.33066880e-06 0.00000000e+00 4.44089173e-06 5.55111466e-06\n 5.55111466e-06 4.44089173e-06]", "hess_inv": "[[ 2.47354988e+00 -1.16258556e-01 -2.97960584e-03  8.07656655e-01\n  -5.75772818e-01 -3.18603658e-01]\n [-1.16258556e-01  2.72696239e+00  1.46784105e+00  3.25521435e+00\n   5.64499289e-01  1.91480874e+00]\n [-2.97960584e-03  1.46784105e+00  2.58662278e+00  2.98786662e+00\n   2.27760575e-01  2.31698100e+00]\n [ 8.07656655e-01  3.25521435e+00  2.98786662e+00  7.88880641e+00\n   1.53852401e-01  3.70237361e+00]\n [-5.75772818e-01  5.64499289e-01  2.27760575e-01  1.53852401e-01\n   2.88906494e+00  1.67598286e+00]\n [-3.18603658e-01  1.91480874e+00  2.31698100e+00  3.70237361e+00\n   1.67598286e+00  5.21715971e+00]]", "nfev": "119", "njev": "17", "status": "0", "success": "True", "message": "Optimization terminated successfully.", "x": "[2.45340967 0.20529594 0.58548203 4.17149782 3.49895202 1.52738717]", "nit": "16"}, "4": {"maxiter": 100, "gtol": 1e-10, "xrtol": 1e-05, "eps": 1e-05, "duration": 0.02184581756591797, "fun": "0.0005564671669029408", "jac": "[ 8.25595148e-07  1.24996680e-06  1.43037804e-06 -9.81226211e-07\n  1.02773345e-07 -3.62054831e-07]", "hess_inv": "[[ 2.52857358 -0.29404909 -0.13213235  0.48202797 -0.70605565 -0.50720576]\n [-0.29404909  2.68524572  1.41082925  3.23612993  0.53045888  1.82523503]\n [-0.13213235  1.41082925  2.56402581  2.92319041  0.15513098  2.24829013]\n [ 0.48202797  3.23612993  2.92319041  7.94307185  0.13150486  3.58942307]\n [-0.70605565  0.53045888  0.15513098  0.13150486  2.87218315  1.58128452]\n [-0.50720576  1.82523503  2.24829013  3.58942307  1.58128452  5.07964812]]", "nfev": "126", "njev": "18", "status": "0", "success": "True", "message": "Optimization terminated successfully.", "x": "[2.45336917 0.20520975 0.58538066 4.17147152 3.49892932 1.52735424]", "nit": "17"}, "5": {"maxiter": 100, "gtol": 1e-10, "xrtol": 1e-05, "eps": 1e-10, "duration": 0.028512954711914062, "fun": "0.0005564670866750054", "jac": "[ 0.00000000e+00  0.00000000e+00  0.00000000e+00  0.00000000e+00\n  1.11022293e-06 -2.22044587e-06]", "hess_inv": "[[ 2.6577733  -0.02096221  0.20255634  1.16573424 -0.49866605  0.05699401]\n [-0.02096221  2.0340419   0.75016774  1.91210145  0.22378391  0.87518152]\n [ 0.20255634  0.75016774  1.92156633  1.70795459 -0.12582165  1.396963  ]\n [ 1.16573424  1.91210145  1.70795459  5.45240446 -0.49448102  1.9177317 ]\n [-0.49866605  0.22378391 -0.12582165 -0.49448102  2.74044782  1.17468182]\n [ 0.05699401  0.87518152  1.396963    1.9177317   1.17468182  3.97805995]]", "nfev": "161", "njev": "23", "status": "0", "success": "True", "message": "Optimization terminated successfully.", "x": "[2.45340168 0.20527618 0.58545869 4.17145259 3.49893822 1.52734931]", "nit": "18"}, "6": {"maxiter": 100, "gtol": 1e-10, "xrtol": 1e-10, "eps": 1e-05, "duration": 0.06076788902282715, "fun": "0.000556467165992669", "jac": "[-5.08704190e-08  1.32518441e-06  1.73616677e-06 -6.69431177e-07\n  4.37205827e-07 -9.26614341e-07]", "hess_inv": "[[ 5.45585539  2.4670721   3.45741992 -2.1261291  -1.04875288 -1.69038168]\n [ 2.4670721   3.68036295  3.07880693  0.83060599 -0.09216027  0.94306597]\n [ 3.45741992  3.07880693  5.13110805 -0.20427504 -0.5849486   1.05521803]\n [-2.1261291   0.83060599 -0.20427504 10.08830654  0.45099908  4.52015659]\n [-1.04875288 -0.09216027 -0.5849486   0.45099908  2.85651934  1.76591766]\n [-1.69038168  0.94306597  1.05521803  4.52015659  1.76591766  5.44838266]]", "nfev": "347", "njev": "48", "status": "2", "success": "False", "message": "Desired error not necessarily achieved due to precision loss.", "x": "[2.45336557 0.2052085  0.58537857 4.17147413 3.49893015 1.52735504]", "nit": "18"}, "7": {"maxiter": 100, "gtol": 1e-10, "xrtol": 1e-10, "eps": 1e-10, "duration": 0.042172908782958984, "fun": "0.0005564670862957533", "jac": "[ 0.00000000e+00  0.00000000e+00  0.00000000e+00 -2.22044587e-06\n  0.00000000e+00 -2.22044587e-06]", "hess_inv": "[[ 2.72936297  1.32964707  1.23773309  0.92002052 -0.00376697 -0.78072639]\n [ 1.32964707  2.22157451  0.95762498  0.88184327 -0.09269869 -0.59301185]\n [ 1.23773309  0.95762498  1.94729014  0.34228548 -0.31271326 -0.67676615]\n [ 0.92002052  0.88184327  0.34228548  3.42152392 -1.52260333 -0.70503461]\n [-0.00376697 -0.09269869 -0.31271326 -1.52260333  1.3857063   0.18453807]\n [-0.78072639 -0.59301185 -0.67676615 -0.70503461  0.18453807  0.4502182 ]]", "nfev": "245", "njev": "35", "status": "0", "success": "True", "message": "Optimization terminated successfully.", "x": "[2.45340063 0.20527669 0.58545928 4.17145351 3.49893794 1.52735074]", "nit": "21"}, "8": {"maxiter": 500, "gtol": 1e-05, "xrtol": 1e-05, "eps": 1e-05, "duration": 0.02065110206604004, "fun": "0.0005564671903437457", "jac": "[ 2.56633603e-06  9.77662395e-07  7.54107887e-07 -1.80513382e-06\n -5.34361444e-07  6.72395473e-07]", "hess_inv": "[[ 2.4604163  -0.13922535 -0.03922976  0.76482593 -0.59558569 -0.3724698 ]\n [-0.13922535  2.68292035  1.42004841  3.16889041  0.51188037  1.82244192]\n [-0.03922976  1.42004841  2.57624957  2.90031749  0.15104251  2.25582805]\n [ 0.76482593  3.16889041  2.90031749  7.71655117  0.05567422  3.52964089]\n [-0.59558569  0.51188037  0.15104251  0.05567422  2.8476741   1.56460475]\n [-0.3724698   1.82244192  2.25582805  3.52964089  1.56460475  5.07654948]]", "nfev": "119", "njev": "17", "status": "0", "success": "True", "message": "Optimization terminated successfully.", "x": "[2.45337443 0.20520779 0.58537978 4.17146613 3.49892743 1.52735251]", "nit": "16"}, "9": {"maxiter": 500, "gtol": 1e-05, "xrtol": 1e-05, "eps": 1e-10, "duration": 0.02067089080810547, "fun": "0.0005564672219744438", "jac": "[3.33066880e-06 0.00000000e+00 4.44089173e-06 5.55111466e-06\n 5.55111466e-06 4.44089173e-06]", "hess_inv": "[[ 2.47354988e+00 -1.16258556e-01 -2.97960584e-03  8.07656655e-01\n  -5.75772818e-01 -3.18603658e-01]\n [-1.16258556e-01  2.72696239e+00  1.46784105e+00  3.25521435e+00\n   5.64499289e-01  1.91480874e+00]\n [-2.97960584e-03  1.46784105e+00  2.58662278e+00  2.98786662e+00\n   2.27760575e-01  2.31698100e+00]\n [ 8.07656655e-01  3.25521435e+00  2.98786662e+00  7.88880641e+00\n   1.53852401e-01  3.70237361e+00]\n [-5.75772818e-01  5.64499289e-01  2.27760575e-01  1.53852401e-01\n   2.88906494e+00  1.67598286e+00]\n [-3.18603658e-01  1.91480874e+00  2.31698100e+00  3.70237361e+00\n   1.67598286e+00  5.21715971e+00]]", "nfev": "119", "njev": "17", "status": "0", "success": "True", "message": "Optimization terminated successfully.", "x": "[2.45340967 0.20529594 0.58548203 4.17149782 3.49895202 1.52738717]", "nit": "16"}, "10": {"maxiter": 500, "gtol": 1e-05, "xrtol": 1e-10, "eps": 1e-05, "duration": 0.020684003829956055, "fun": "0.0005564671903437457", "jac": "[ 2.56633603e-06  9.77662395e-07  7.54107887e-07 -1.80513382e-06\n -5.34361444e-07  6.72395473e-07]", "hess_inv": "[[ 2.4604163  -0.13922535 -0.03922976  0.76482593 -0.59558569 -0.3724698 ]\n [-0.13922535  2.68292035  1.42004841  3.16889041  0.51188037  1.82244192]\n [-0.03922976  1.42004841  2.57624957  2.90031749  0.15104251  2.25582805]\n [ 0.76482593  3.16889041  2.90031749  7.71655117  0.05567422  3.52964089]\n [-0.59558569  0.51188037  0.15104251  0.05567422  2.8476741   1.56460475]\n [-0.3724698   1.82244192  2.25582805  3.52964089  1.56460475  5.07654948]]", "nfev": "119", "njev": "17", "status": "0", "success": "True", "message": "Optimization terminated successfully.", "x": "[2.45337443 0.20520779 0.58537978 4.17146613 3.49892743 1.52735251]", "nit": "16"}, "11": {"maxiter": 500, "gtol": 1e-05, "xrtol": 1e-10, "eps": 1e-10, "duration": 0.02068781852722168, "fun": "0.0005564672219744438", "jac": "[3.33066880e-06 0.00000000e+00 4.44089173e-06 5.55111466e-06\n 5.55111466e-06 4.44089173e-06]", "hess_inv": "[[ 2.47354988e+00 -1.16258556e-01 -2.97960584e-03  8.07656655e-01\n  -5.75772818e-01 -3.18603658e-01]\n [-1.16258556e-01  2.72696239e+00  1.46784105e+00  3.25521435e+00\n   5.64499289e-01  1.91480874e+00]\n [-2.97960584e-03  1.46784105e+00  2.58662278e+00  2.98786662e+00\n   2.27760575e-01  2.31698100e+00]\n [ 8.07656655e-01  3.25521435e+00  2.98786662e+00  7.88880641e+00\n   1.53852401e-01  3.70237361e+00]\n [-5.75772818e-01  5.64499289e-01  2.27760575e-01  1.53852401e-01\n   2.88906494e+00  1.67598286e+00]\n [-3.18603658e-01  1.91480874e+00  2.31698100e+00  3.70237361e+00\n   1.67598286e+00  5.21715971e+00]]", "nfev": "119", "njev": "17", "status": "0", "success": "True", "message": "Optimization terminated successfully.", "x": "[2.45340967 0.20529594 0.58548203 4.17149782 3.49895202 1.52738717]", "nit": "16"}, "12": {"maxiter": 500, "gtol": 1e-10, "xrtol": 1e-05, "eps": 1e-05, "duration": 0.02186894416809082, "fun": "0.0005564671669029408", "jac": "[ 8.25595148e-07  1.24996680e-06  1.43037804e-06 -9.81226211e-07\n  1.02773345e-07 -3.62054831e-07]", "hess_inv": "[[ 2.52857358 -0.29404909 -0.13213235  0.48202797 -0.70605565 -0.50720576]\n [-0.29404909  2.68524572  1.41082925  3.23612993  0.53045888  1.82523503]\n [-0.13213235  1.41082925  2.56402581  2.92319041  0.15513098  2.24829013]\n [ 0.48202797  3.23612993  2.92319041  7.94307185  0.13150486  3.58942307]\n [-0.70605565  0.53045888  0.15513098  0.13150486  2.87218315  1.58128452]\n [-0.50720576  1.82523503  2.24829013  3.58942307  1.58128452  5.07964812]]", "nfev": "126", "njev": "18", "status": "0", "success": "True", "message": "Optimization terminated successfully.", "x": "[2.45336917 0.20520975 0.58538066 4.17147152 3.49892932 1.52735424]", "nit": "17"}, "13": {"maxiter": 500, "gtol": 1e-10, "xrtol": 1e-05, "eps": 1e-10, "duration": 0.02785801887512207, "fun": "0.0005564670866750054", "jac": "[ 0.00000000e+00  0.00000000e+00  0.00000000e+00  0.00000000e+00\n  1.11022293e-06 -2.22044587e-06]", "hess_inv": "[[ 2.6577733  -0.02096221  0.20255634  1.16573424 -0.49866605  0.05699401]\n [-0.02096221  2.0340419   0.75016774  1.91210145  0.22378391  0.87518152]\n [ 0.20255634  0.75016774  1.92156633  1.70795459 -0.12582165  1.396963  ]\n [ 1.16573424  1.91210145  1.70795459  5.45240446 -0.49448102  1.9177317 ]\n [-0.49866605  0.22378391 -0.12582165 -0.49448102  2.74044782  1.17468182]\n [ 0.05699401  0.87518152  1.396963    1.9177317   1.17468182  3.97805995]]", "nfev": "161", "njev": "23", "status": "0", "success": "True", "message": "Optimization terminated successfully.", "x": "[2.45340168 0.20527618 0.58545869 4.17145259 3.49893822 1.52734931]", "nit": "18"}, "14": {"maxiter": 500, "gtol": 1e-10, "xrtol": 1e-10, "eps": 1e-05, "duration": 0.05963397026062012, "fun": "0.000556467165992669", "jac": "[-5.08704190e-08  1.32518441e-06  1.73616677e-06 -6.69431177e-07\n  4.37205827e-07 -9.26614341e-07]", "hess_inv": "[[ 5.45585539  2.4670721   3.45741992 -2.1261291  -1.04875288 -1.69038168]\n [ 2.4670721   3.68036295  3.07880693  0.83060599 -0.09216027  0.94306597]\n [ 3.45741992  3.07880693  5.13110805 -0.20427504 -0.5849486   1.05521803]\n [-2.1261291   0.83060599 -0.20427504 10.08830654  0.45099908  4.52015659]\n [-1.04875288 -0.09216027 -0.5849486   0.45099908  2.85651934  1.76591766]\n [-1.69038168  0.94306597  1.05521803  4.52015659  1.76591766  5.44838266]]", "nfev": "347", "njev": "48", "status": "2", "success": "False", "message": "Desired error not necessarily achieved due to precision loss.", "x": "[2.45336557 0.2052085  0.58537857 4.17147413 3.49893015 1.52735504]", "nit": "18"}, "15": {"maxiter": 500, "gtol": 1e-10, "xrtol": 1e-10, "eps": 1e-10, "duration": 0.042906999588012695, "fun": "0.0005564670862957533", "jac": "[ 0.00000000e+00  0.00000000e+00  0.00000000e+00 -2.22044587e-06\n  0.00000000e+00 -2.22044587e-06]", "hess_inv": "[[ 2.72936297  1.32964707  1.23773309  0.92002052 -0.00376697 -0.78072639]\n [ 1.32964707  2.22157451  0.95762498  0.88184327 -0.09269869 -0.59301185]\n [ 1.23773309  0.95762498  1.94729014  0.34228548 -0.31271326 -0.67676615]\n [ 0.92002052  0.88184327  0.34228548  3.42152392 -1.52260333 -0.70503461]\n [-0.00376697 -0.09269869 -0.31271326 -1.52260333  1.3857063   0.18453807]\n [-0.78072639 -0.59301185 -0.67676615 -0.70503461  0.18453807  0.4502182 ]]", "nfev": "245", "njev": "35", "status": "0", "success": "True", "message": "Optimization terminated successfully.", "x": "[2.45340063 0.20527669 0.58545928 4.17145351 3.49893794 1.52735074]", "nit": "21"}, "16": {"maxiter": 1000, "gtol": 1e-05, "xrtol": 1e-05, "eps": 1e-05, "duration": 0.021252155303955078, "fun": "0.0005564671903437457", "jac": "[ 2.56633603e-06  9.77662395e-07  7.54107887e-07 -1.80513382e-06\n -5.34361444e-07  6.72395473e-07]", "hess_inv": "[[ 2.4604163  -0.13922535 -0.03922976  0.76482593 -0.59558569 -0.3724698 ]\n [-0.13922535  2.68292035  1.42004841  3.16889041  0.51188037  1.82244192]\n [-0.03922976  1.42004841  2.57624957  2.90031749  0.15104251  2.25582805]\n [ 0.76482593  3.16889041  2.90031749  7.71655117  0.05567422  3.52964089]\n [-0.59558569  0.51188037  0.15104251  0.05567422  2.8476741   1.56460475]\n [-0.3724698   1.82244192  2.25582805  3.52964089  1.56460475  5.07654948]]", "nfev": "119", "njev": "17", "status": "0", "success": "True", "message": "Optimization terminated successfully.", "x": "[2.45337443 0.20520779 0.58537978 4.17146613 3.49892743 1.52735251]", "nit": "16"}, "17": {"maxiter": 1000, "gtol": 1e-05, "xrtol": 1e-05, "eps": 1e-10, "duration": 0.021058082580566406, "fun": "0.0005564672219744438", "jac": "[3.33066880e-06 0.00000000e+00 4.44089173e-06 5.55111466e-06\n 5.55111466e-06 4.44089173e-06]", "hess_inv": "[[ 2.47354988e+00 -1.16258556e-01 -2.97960584e-03  8.07656655e-01\n  -5.75772818e-01 -3.18603658e-01]\n [-1.16258556e-01  2.72696239e+00  1.46784105e+00  3.25521435e+00\n   5.64499289e-01  1.91480874e+00]\n [-2.97960584e-03  1.46784105e+00  2.58662278e+00  2.98786662e+00\n   2.27760575e-01  2.31698100e+00]\n [ 8.07656655e-01  3.25521435e+00  2.98786662e+00  7.88880641e+00\n   1.53852401e-01  3.70237361e+00]\n [-5.75772818e-01  5.64499289e-01  2.27760575e-01  1.53852401e-01\n   2.88906494e+00  1.67598286e+00]\n [-3.18603658e-01  1.91480874e+00  2.31698100e+00  3.70237361e+00\n   1.67598286e+00  5.21715971e+00]]", "nfev": "119", "njev": "17", "status": "0", "success": "True", "message": "Optimization terminated successfully.", "x": "[2.45340967 0.20529594 0.58548203 4.17149782 3.49895202 1.52738717]", "nit": "16"}, "18": {"maxiter": 1000, "gtol": 1e-05, "xrtol": 1e-10, "eps": 1e-05, "duration": 0.02110004425048828, "fun": "0.0005564671903437457", "jac": "[ 2.56633603e-06  9.77662395e-07  7.54107887e-07 -1.80513382e-06\n -5.34361444e-07  6.72395473e-07]", "hess_inv": "[[ 2.4604163  -0.13922535 -0.03922976  0.76482593 -0.59558569 -0.3724698 ]\n [-0.13922535  2.68292035  1.42004841  3.16889041  0.51188037  1.82244192]\n [-0.03922976  1.42004841  2.57624957  2.90031749  0.15104251  2.25582805]\n [ 0.76482593  3.16889041  2.90031749  7.71655117  0.05567422  3.52964089]\n [-0.59558569  0.51188037  0.15104251  0.05567422  2.8476741   1.56460475]\n [-0.3724698   1.82244192  2.25582805  3.52964089  1.56460475  5.07654948]]", "nfev": "119", "njev": "17", "status": "0", "success": "True", "message": "Optimization terminated successfully.", "x": "[2.45337443 0.20520779 0.58537978 4.17146613 3.49892743 1.52735251]", "nit": "16"}, "19": {"maxiter": 1000, "gtol": 1e-05, "xrtol": 1e-10, "eps": 1e-10, "duration": 0.02094411849975586, "fun": "0.0005564672219744438", "jac": "[3.33066880e-06 0.00000000e+00 4.44089173e-06 5.55111466e-06\n 5.55111466e-06 4.44089173e-06]", "hess_inv": "[[ 2.47354988e+00 -1.16258556e-01 -2.97960584e-03  8.07656655e-01\n  -5.75772818e-01 -3.18603658e-01]\n [-1.16258556e-01  2.72696239e+00  1.46784105e+00  3.25521435e+00\n   5.64499289e-01  1.91480874e+00]\n [-2.97960584e-03  1.46784105e+00  2.58662278e+00  2.98786662e+00\n   2.27760575e-01  2.31698100e+00]\n [ 8.07656655e-01  3.25521435e+00  2.98786662e+00  7.88880641e+00\n   1.53852401e-01  3.70237361e+00]\n [-5.75772818e-01  5.64499289e-01  2.27760575e-01  1.53852401e-01\n   2.88906494e+00  1.67598286e+00]\n [-3.18603658e-01  1.91480874e+00  2.31698100e+00  3.70237361e+00\n   1.67598286e+00  5.21715971e+00]]", "nfev": "119", "njev": "17", "status": "0", "success": "True", "message": "Optimization terminated successfully.", "x": "[2.45340967 0.20529594 0.58548203 4.17149782 3.49895202 1.52738717]", "nit": "16"}, "20": {"maxiter": 1000, "gtol": 1e-10, "xrtol": 1e-05, "eps": 1e-05, "duration": 0.022198915481567383, "fun": "0.0005564671669029408", "jac": "[ 8.25595148e-07  1.24996680e-06  1.43037804e-06 -9.81226211e-07\n  1.02773345e-07 -3.62054831e-07]", "hess_inv": "[[ 2.52857358 -0.29404909 -0.13213235  0.48202797 -0.70605565 -0.50720576]\n [-0.29404909  2.68524572  1.41082925  3.23612993  0.53045888  1.82523503]\n [-0.13213235  1.41082925  2.56402581  2.92319041  0.15513098  2.24829013]\n [ 0.48202797  3.23612993  2.92319041  7.94307185  0.13150486  3.58942307]\n [-0.70605565  0.53045888  0.15513098  0.13150486  2.87218315  1.58128452]\n [-0.50720576  1.82523503  2.24829013  3.58942307  1.58128452  5.07964812]]", "nfev": "126", "njev": "18", "status": "0", "success": "True", "message": "Optimization terminated successfully.", "x": "[2.45336917 0.20520975 0.58538066 4.17147152 3.49892932 1.52735424]", "nit": "17"}, "21": {"maxiter": 1000, "gtol": 1e-10, "xrtol": 1e-05, "eps": 1e-10, "duration": 0.028306007385253906, "fun": "0.0005564670866750054", "jac": "[ 0.00000000e+00  0.00000000e+00  0.00000000e+00  0.00000000e+00\n  1.11022293e-06 -2.22044587e-06]", "hess_inv": "[[ 2.6577733  -0.02096221  0.20255634  1.16573424 -0.49866605  0.05699401]\n [-0.02096221  2.0340419   0.75016774  1.91210145  0.22378391  0.87518152]\n [ 0.20255634  0.75016774  1.92156633  1.70795459 -0.12582165  1.396963  ]\n [ 1.16573424  1.91210145  1.70795459  5.45240446 -0.49448102  1.9177317 ]\n [-0.49866605  0.22378391 -0.12582165 -0.49448102  2.74044782  1.17468182]\n [ 0.05699401  0.87518152  1.396963    1.9177317   1.17468182  3.97805995]]", "nfev": "161", "njev": "23", "status": "0", "success": "True", "message": "Optimization terminated successfully.", "x": "[2.45340168 0.20527618 0.58545869 4.17145259 3.49893822 1.52734931]", "nit": "18"}, "22": {"maxiter": 1000, "gtol": 1e-10, "xrtol": 1e-10, "eps": 1e-05, "duration": 0.06024789810180664, "fun": "0.000556467165992669", "jac": "[-5.08704190e-08  1.32518441e-06  1.73616677e-06 -6.69431177e-07\n  4.37205827e-07 -9.26614341e-07]", "hess_inv": "[[ 5.45585539  2.4670721   3.45741992 -2.1261291  -1.04875288 -1.69038168]\n [ 2.4670721   3.68036295  3.07880693  0.83060599 -0.09216027  0.94306597]\n [ 3.45741992  3.07880693  5.13110805 -0.20427504 -0.5849486   1.05521803]\n [-2.1261291   0.83060599 -0.20427504 10.08830654  0.45099908  4.52015659]\n [-1.04875288 -0.09216027 -0.5849486   0.45099908  2.85651934  1.76591766]\n [-1.69038168  0.94306597  1.05521803  4.52015659  1.76591766  5.44838266]]", "nfev": "347", "njev": "48", "status": "2", "success": "False", "message": "Desired error not necessarily achieved due to precision loss.", "x": "[2.45336557 0.2052085  0.58537857 4.17147413 3.49893015 1.52735504]", "nit": "18"}, "23": {"maxiter": 1000, "gtol": 1e-10, "xrtol": 1e-10, "eps": 1e-10, "duration": 0.04265117645263672, "fun": "0.0005564670862957533", "jac": "[ 0.00000000e+00  0.00000000e+00  0.00000000e+00 -2.22044587e-06\n  0.00000000e+00 -2.22044587e-06]", "hess_inv": "[[ 2.72936297  1.32964707  1.23773309  0.92002052 -0.00376697 -0.78072639]\n [ 1.32964707  2.22157451  0.95762498  0.88184327 -0.09269869 -0.59301185]\n [ 1.23773309  0.95762498  1.94729014  0.34228548 -0.31271326 -0.67676615]\n [ 0.92002052  0.88184327  0.34228548  3.42152392 -1.52260333 -0.70503461]\n [-0.00376697 -0.09269869 -0.31271326 -1.52260333  1.3857063   0.18453807]\n [-0.78072639 -0.59301185 -0.67676615 -0.70503461  0.18453807  0.4502182 ]]", "nfev": "245", "njev": "35", "status": "0", "success": "True", "message": "Optimization terminated successfully.", "x": "[2.45340063 0.20527669 0.58545928 4.17145351 3.49893794 1.52735074]", "nit": "21"}}, "cobyla": {"0": {"maxiter": 100, "tol": 1e-05, "catol": 1e-05, "duration": 0.01677107810974121, "x": "[ 2.07321068 -0.14449321  0.11766227  4.6006261   3.41671592  1.784094  ]", "status": "2", "success": "False", "message": "Maximum number of function evaluations has been exceeded.", "nfev": "100", "fun": "0.0005565526432148582", "maxcv": "0.0"}, "1": {"maxiter": 100, "tol": 1e-05, "catol": 1e-10, "duration": 0.016708850860595703, "x": "[ 2.07321068 -0.14449321  0.11766227  4.6006261   3.41671592  1.784094  ]", "status": "2", "success": "False", "message": "Maximum number of function evaluations has been exceeded.", "nfev": "100", "fun": "0.0005565526432148582", "maxcv": "0.0"}, "2": {"maxiter": 100, "tol": 1e-10, "catol": 1e-05, "duration": 0.016750097274780273, "x": "[ 2.07321068 -0.14449321  0.11766227  4.6006261   3.41671592  1.784094  ]", "status": "2", "success": "False", "message": "Maximum number of function evaluations has been exceeded.", "nfev": "100", "fun": "0.0005565526432148582", "maxcv": "0.0"}, "3": {"maxiter": 100, "tol": 1e-10, "catol": 1e-10, "duration": 0.017010927200317383, "x": "[ 2.07321068 -0.14449321  0.11766227  4.6006261   3.41671592  1.784094  ]", "status": "2", "success": "False", "message": "Maximum number of function evaluations has been exceeded.", "nfev": "100", "fun": "0.0005565526432148582", "maxcv": "0.0"}, "4": {"maxiter": 500, "tol": 1e-05, "catol": 1e-05, "duration": 0.028211116790771484, "x": "[ 2.07295329 -0.14403092  0.11812495  4.60112531  3.41653941  1.78457136]", "status": "1", "success": "True", "message": "Optimization terminated successfully.", "nfev": "168", "fun": "0.0005564671093116758", "maxcv": "0.0"}, "5": {"maxiter": 500, "tol": 1e-05, "catol": 1e-10, "duration": 0.02820730209350586, "x": "[ 2.07295329 -0.14403092  0.11812495  4.60112531  3.41653941  1.78457136]", "status": "1", "success": "True", "message": "Optimization terminated successfully.", "nfev": "168", "fun": "0.0005564671093116758", "maxcv": "0.0"}, "6": {"maxiter": 500, "tol": 1e-10, "catol": 1e-05, "duration": 0.04250597953796387, "x": "[ 2.07295665 -0.14403433  0.11813157  4.60112283  3.4165443   1.78