{"date": "2024/07/19/, 15:34:27", "conf_id": 228, "data_type": "non_lin_ind\n", "num_data_points": 4, "s_rank": 0, "unitary": "[[-0.53618537-0.34368723j,-0.12107031-0.46226139j,-0.07699282-0.46603512j,0.36022595-0.11472301j],[0.26026499-0.63450712j,-0.56616638+0.37832564j,-0.14988651+0.08458591j,0.10363514-0.16008501j],[-0.32580188-0.11070003j,-0.36476308-0.23593218j,0.02559343+0.41761608j,-0.25598305+0.6725303j],[0.07406738-0.0126433j,0.28513701+0.19483972j,-0.74939717-0.10299659j,0.29798249+0.46269921j]]", "databatch_0": {"databatch": "[[[-0.1560947-0.30510303j,0.16951158-0.06989332j,-0.17161828+0.02394687j,0.22523401+0.01886581j],[0.04135428-0.06846883j,0.04438255+0.04752578j,-0.02411841-0.03840805j,-0.00383234+0.02599151j],[0.07471896+0.19658427j,-0.16504514+0.01406076j,0.11716028+0.01155143j,-0.05356995-0.04537362j],[0.46926527+0.29949482j,-0.1806179+0.2948647j,0.23153224-0.18858615j,-0.37123585+0.08673858j]],[[0.04631805+0.07798531j,-0.0693305-0.03217935j,-0.02243676-0.06235098j,-0.02318966+0.02394576j],[-0.09341397-0.05247413j,0.14922376-0.09455876j,0.07190918+0.02494882j,-0.09903335-0.03397989j],[0.24036906-0.09466593j,-0.05389209+0.42600558j,-0.15692347+0.09735765j,0.21896261-0.13246732j],[-0.24202687-0.30447016j,0.52338074-0.03428338j,0.18204495+0.20809352j,-0.15399382-0.20910553j]],[[-0.14480234+0.09727126j,-0.22565632-0.16653965j,0.2159052+0.24564749j,-0.36753749-0.01567558j],[-0.03673541+0.05510494j,-0.12639288-0.04103612j,0.14137466+0.06269918j,-0.16702013+0.03702763j],[-0.03936585-0.16144507j,0.28759293-0.1660406j,-0.35202601+0.15599624j,0.21068914-0.37322173j],[0.05572744-0.0996151j,0.145589-0.02442347j,-0.14117178-0.0342675j,0.15203688-0.15659492j]],[[-0.03586876+0.14691162j,0.13792653-0.21594114j,0.13161506-0.01686907j,-0.22338695+0.20183405j],[0.15112336+0.02881948j,-0.12275914-0.1405914j,0.04724766+0.04038134j,0.00988939+0.12325459j],[-0.29056895+0.22820855j,0.45006367+0.00435672j,-0.15519062+0.02742674j,-0.23679406-0.18767684j],[0.3116069-0.02163194j,-0.27625944-0.06264565j,-0.12623602+0.19327544j,0.17919261-0.08453184j]]]", "initial param values": "[3.17425596,2.79851247,3.46570891,1.20327656,2.89787125,2.87296264]", "nelder_mead": {"type": "gradient-free", "0": {"maxiter": 100, "fatol": 1e-05, "xatol": 1e-05, "duration": 0.025807857513427734, "fun": "0.4461735362525888", "nit": "100", "nfev": "150", "status": "2", "success": "False", "message": "Maximum number of iterations has been exceeded.", "x": "[ 5.6937432   3.07224459 -0.57574249  1.33374317  7.38250376  0.274626  ]", "final_simplex": "(array([[ 5.6937432 ,  3.07224459, -0.57574249,  1.33374317,  7.38250376,\n         0.274626  ],\n       [ 5.71513212,  2.84159173, -0.17127136,  1.34310678,  7.26560865,\n         0.18905729],\n       [ 5.81696569,  2.57408564,  0.40200178,  1.03694933,  6.97082973,\n         0.48269085],\n       [ 5.8255397 ,  3.04363695, -0.70320165,  1.39353001,  7.46018698,\n         0.05504649],\n       [ 5.75398573,  2.89736171,  0.06109059,  1.18549296,  6.66928031,\n         0.65697356],\n       [ 5.8888743 ,  2.93939917, -0.112887  ,  1.18101556,  6.84646899,\n         0.56302963],\n       [ 5.83168045,  2.59829856,  0.59157459,  1.03486494,  6.78855416,\n         0.40140721]]), array([0.44617354, 0.44746203, 0.49338967, 0.49477363, 0.49637765,\n       0.49890167, 0.50504117]))"}, "1": {"maxiter": 100, "fatol": 1e-05, "xatol": 1e-10, "duration": 0.02599787712097168, "fun": "0.4461735362525888", "nit": "100", "nfev": "150", "status": "2", "success": "False", "message": "Maximum number of iterations has been exceeded.", "x": "[ 5.6937432   3.07224459 -0.57574249  1.33374317  7.38250376  0.274626  ]", "final_simplex": "(array([[ 5.6937432 ,  3.07224459, -0.57574249,  1.33374317,  7.38250376,\n         0.274626  ],\n       [ 5.71513212,  2.84159173, -0.17127136,  1.34310678,  7.26560865,\n         0.18905729],\n       [ 5.81696569,  2.57408564,  0.40200178,  1.03694933,  6.97082973,\n         0.48269085],\n       [ 5.8255397 ,  3.04363695, -0.70320165,  1.39353001,  7.46018698,\n         0.05504649],\n       [ 5.75398573,  2.89736171,  0.06109059,  1.18549296,  6.66928031,\n         0.65697356],\n       [ 5.8888743 ,  2.93939917, -0.112887  ,  1.18101556,  6.84646899,\n         0.56302963],\n       [ 5.83168045,  2.59829856,  0.59157459,  1.03486494,  6.78855416,\n         0.40140721]]), array([0.44617354, 0.44746203, 0.49338967, 0.49477363, 0.49637765,\n       0.49890167, 0.50504117]))"}, "2": {"maxiter": 100, "fatol": 1e-10, "xatol": 1e-05, "duration": 0.025634050369262695, "fun": "0.4461735362525888", "nit": "100", "nfev": "150", "status": "2", "success": "False", "message": "Maximum number of iterations has been exceeded.", "x": "[ 5.6937432   3.07224459 -0.57574249  1.33374317  7.38250376  0.274626  ]", "final_simplex": "(array([[ 5.6937432 ,  3.07224459, -0.57574249,  1.33374317,  7.38250376,\n         0.274626  ],\n       [ 5.71513212,  2.84159173, -0.17127136,  1.34310678,  7.26560865,\n         0.18905729],\n       [ 5.81696569,  2.57408564,  0.40200178,  1.03694933,  6.97082973,\n         0.48269085],\n       [ 5.8255397 ,  3.04363695, -0.70320165,  1.39353001,  7.46018698,\n         0.05504649],\n       [ 5.75398573,  2.89736171,  0.06109059,  1.18549296,  6.66928031,\n         0.65697356],\n       [ 5.8888743 ,  2.93939917, -0.112887  ,  1.18101556,  6.84646899,\n         0.56302963],\n       [ 5.83168045,  2.59829856,  0.59157459,  1.03486494,  6.78855416,\n         0.40140721]]), array([0.44617354, 0.44746203, 0.49338967, 0.49477363, 0.49637765,\n       0.49890167, 0.50504117]))"}, "3": {"maxiter": 100, "fatol": 1e-10, "xatol": 1e-10, "duration": 0.025636672973632812, "fun": "0.4461735362525888", "nit": "100", "nfev": "150", "status": "2", "success": "False", "message": "Maximum number of iterations has been exceeded.", "x": "[ 5.6937432   3.07224459 -0.57574249  1.33374317  7.38250376  0.274626  ]", "final_simplex": "(array([[ 5.6937432 ,  3.07224459, -0.57574249,  1.33374317,  7.38250376,\n         0.274626  ],\n       [ 5.71513212,  2.84159173, -0.17127136,  1.34310678,  7.26560865,\n         0.18905729],\n       [ 5.81696569,  2.57408564,  0.40200178,  1.03694933,  6.97082973,\n         0.48269085],\n       [ 5.8255397 ,  3.04363695, -0.70320165,  1.39353001,  7.46018698,\n         0.05504649],\n       [ 5.75398573,  2.89736171,  0.06109059,  1.18549296,  6.66928031,\n         0.65697356],\n       [ 5.8888743 ,  2.93939917, -0.112887  ,  1.18101556,  6.84646899,\n         0.56302963],\n       [ 5.83168045,  2.59829856,  0.59157459,  1.03486494,  6.78855416,\n         0.40140721]]), array([0.44617354, 0.44746203, 0.49338967, 0.49477363, 0.49637765,\n       0.49890167, 0.50504117]))"}, "4": {"maxiter": 500, "fatol": 1e-05, "xatol": 1e-05, "duration": 0.12884187698364258, "fun": "0.14477012226421682", "nit": "500", "nfev": "755", "status": "2", "success": "False", "message": "Maximum number of iterations has been exceeded.", "x": "[ 4.71624618  2.67810528 -0.06470168  2.54429186  8.42264779  0.74943871]", "final_simplex": "(array([[ 4.71624618,  2.67810528, -0.06470168,  2.54429186,  8.42264779,\n         0.74943871],\n       [ 4.71704507,  2.67631405, -0.06244218,  2.5417455 ,  8.42243933,\n         0.74980867],\n       [ 4.71666387,  2.67695645, -0.0642056 ,  2.54197803,  8.42053336,\n         0.74660177],\n       [ 4.71881975,  2.67933223, -0.06218826,  2.54379609,  8.42145373,\n         0.74889475],\n       [ 4.71819331,  2.67653486, -0.06173229,  2.54256757,  8.42430362,\n         0.74830242],\n       [ 4.71924654,  2.6763096 , -0.06474234,  2.54145954,  8.42393337,\n         0.75052546],\n       [ 4.71706363,  2.6760376 , -0.06352698,  2.54439917,  8.42048204,\n         0.74797593]]), array([0.14477012, 0.14477019, 0.14477048, 0.1447707 , 0.14477078,\n       0.14477091, 0.14477102]))"}, "5": {"maxiter": 500, "fatol": 1e-05, "xatol": 1e-10, "duration": 0.12848114967346191, "fun": "0.14477012226421682", "nit": "500", "nfev": "755", "status": "2", "success": "False", "message": "Maximum number of iterations has been exceeded.", "x": "[ 4.71624618  2.67810528 -0.06470168  2.54429186  8.42264779  0.74943871]", "final_simplex": "(array([[ 4.71624618,  2.67810528, -0.06470168,  2.54429186,  8.42264779,\n         0.74943871],\n       [ 4.71704507,  2.67631405, -0.06244218,  2.5417455 ,  8.42243933,\n         0.74980867],\n       [ 4.71666387,  2.67695645, -0.0642056 ,  2.54197803,  8.42053336,\n         0.74660177],\n       [ 4.71881975,  2.67933223, -0.06218826,  2.54379609,  8.42145373,\n         0.74889475],\n       [ 4.71819331,  2.67653486, -0.06173229,  2.54256757,  8.42430362,\n         0.74830242],\n       [ 4.71924654,  2.6763096 , -0.06474234,  2.54145954,  8.42393337,\n         0.75052546],\n       [ 4.71706363,  2.6760376 , -0.06352698,  2.54439917,  8.42048204,\n         0.74797593]]), array([0.14477012, 0.14477019, 0.14477048, 0.1447707 , 0.14477078,\n       0.14477091, 0.14477102]))"}, "6": {"maxiter": 500, "fatol": 1e-10, "xatol": 1e-05, "duration": 0.12769198417663574, "fun": "0.14477012226421682", "nit": "500", "nfev": "755", "status": "2", "success": "False", "message": "Maximum number of iterations has been exceeded.", "x": "[ 4.71624618  2.67810528 -0.06470168  2.54429186  8.42264779  0.74943871]", "final_simplex": "(array([[ 4.71624618,  2.67810528, -0.06470168,  2.54429186,  8.42264779,\n         0.74943871],\n       [ 4.71704507,  2.67631405, -0.06244218,  2.5417455 ,  8.42243933,\n         0.74980867],\n       [ 4.71666387,  2.67695645, -0.0642056 ,  2.54197803,  8.42053336,\n         0.74660177],\n       [ 4.71881975,  2.67933223, -0.06218826,  2.54379609,  8.42145373,\n         0.74889475],\n       [ 4.71819331,  2.67653486, -0.06173229,  2.54256757,  8.42430362,\n         0.74830242],\n       [ 4.71924654,  2.6763096 , -0.06474234,  2.54145954,  8.42393337,\n         0.75052546],\n       [ 4.71706363,  2.6760376 , -0.06352698,  2.54439917,  8.42048204,\n         0.74797593]]), array([0.14477012, 0.14477019, 0.14477048, 0.1447707 , 0.14477078,\n       0.14477091, 0.14477102]))"}, "7": {"maxiter": 500, "fatol": 1e-10, "xatol": 1e-10, "duration": 0.12792015075683594, "fun": "0.14477012226421682", "nit": "500", "nfev": "755", "status": "2", "success": "False", "message": "Maximum number of iterations has been exceeded.", "x": "[ 4.71624618  2.67810528 -0.06470168  2.54429186  8.42264779  0.74943871]", "final_simplex": "(array([[ 4.71624618,  2.67810528, -0.06470168,  2.54429186,  8.42264779,\n         0.74943871],\n       [ 4.71704507,  2.67631405, -0.06244218,  2.5417455 ,  8.42243933,\n         0.74980867],\n       [ 4.71666387,  2.67695645, -0.0642056 ,  2.54197803,  8.42053336,\n         0.74660177],\n       [ 4.71881975,  2.67933223, -0.06218826,  2.54379609,  8.42145373,\n         0.74889475],\n       [ 4.71819331,  2.67653486, -0.06173229,  2.54256757,  8.42430362,\n         0.74830242],\n       [ 4.71924654,  2.6763096 , -0.06474234,  2.54145954,  8.42393337,\n         0.75052546],\n       [ 4.71706363,  2.6760376 , -0.06352698,  2.54439917,  8.42048204,\n         0.74797593]]), array([0.14477012, 0.14477019, 0.14477048, 0.1447707 , 0.14477078,\n       0.14477091, 0.14477102]))"}, "8": {"maxiter": 1000, "fatol": 1e-05, "xatol": 1e-05, "duration": 0.15680813789367676, "fun": "0.1447694591067108", "nit": "598", "nfev": "921", "status": "0", "success": "True", "message": "Optimization terminated successfully.", "x": "[ 4.71676221  2.67834769 -0.0631374   2.54344192  8.42082841  0.74814002]", "final_simplex": "(array([[ 4.71676221,  2.67834769, -0.0631374 ,  2.54344192,  8.42082841,\n         0.74814002],\n       [ 4.71676402,  2.67834983, -0.06313364,  2.54344281,  8.42083292,\n         0.74814648],\n       [ 4.71676155,  2.6783461 , -0.06313757,  2.54344136,  8.42083051,\n         0.74814466],\n       [ 4.71676077,  2.67835041, -0.06313465,  2.54344416,  8.42082248,\n         0.74813804],\n       [ 4.7167599 ,  2.67835061, -0.06313514,  2.54344585,  8.4208321 ,\n         0.74814417],\n       [ 4.71676024,  2.67834856, -0.06313538,  2.54344793,  8.42083048,\n         0.74814305],\n       [ 4.71675915,  2.6783513 , -0.06314148,  2.54344542,  8.42082225,\n         0.748139  ]]), array([0.14476946, 0.14476946, 0.14476946, 0.14476946, 0.14476946,\n       0.14476946, 0.14476946]))"}, "9": {"maxiter": 1000, "fatol": 1e-05, "xatol": 1e-10, "duration": 0.20227503776550293, "fun": "0.14476945910483263", "nit": "737", "nfev": "1192", "status": "0", "success": "True", "message": "Optimization terminated successfully.", "x": "[ 4.71676561  2.67834813 -0.06313693  2.54344125  8.42083006  0.74814076]", "final_simplex": "(array([[ 4.71676561,  2.67834813, -0.06313693,  2.54344125,  8.42083006,\n         0.74814076],\n       [ 4.71676561,  2.67834813, -0.06313693,  2.54344125,  8.42083006,\n         0.74814076],\n       [ 4.71676561,  2.67834813, -0.06313693,  2.54344125,  8.42083006,\n         0.74814076],\n       [ 4.71676561,  2.67834813, -0.06313693,  2.54344125,  8.42083006,\n         0.74814076],\n       [ 4.71676561,  2.67834813, -0.06313693,  2.54344125,  8.42083006,\n         0.74814076],\n       [ 4.71676561,  2.67834813, -0.06313693,  2.54344125,  8.42083006,\n         0.74814076],\n       [ 4.71676561,  2.67834813, -0.06313693,  2.54344125,  8.42083006,\n         0.74814076]]), array([0.14476946, 0.14476946, 0.14476946, 0.14476946, 0.14476946,\n       0.14476946, 0.14476946]))"}, "10": {"maxiter": 1000, "fatol": 1e-10, "xatol": 1e-05, "duration": 0.157059907913208, "fun": "0.1447694591067108", "nit": "598", "nfev": "921", "status": "0", "success": "True", "message": "Optimization terminated successfully.", "x": "[ 4.71676221  2.67834769 -0.0631374   2.54344192  8.42082841  0.74814002]", "final_simplex": "(array([[ 4.71676221,  2.67834769, -0.0631374 ,  2.54344192,  8.42082841,\n         0.74814002],\n       [ 4.71676402,  2.67834983, -0.06313364,  2.54344281,  8.42083292,\n         0.74814648],\n       [ 4.71676155,  2.6783461 , -0.06313757,  2.54344136,  8.42083051,\n         0.74814466],\n       [ 4.71676077,  2.67835041, -0.06313465,  2.54344416,  8.42082248,\n         0.74813804],\n       [ 4.7167599 ,  2.67835061, -0.06313514,  2.54344585,  8.4208321 ,\n         0.74814417],\n       [ 4.71676024,  2.67834856, -0.06313538,  2.54344793,  8.42083048,\n         0.74814305],\n       [ 4.71675915,  2.6783513 , -0.06314148,  2.54344542,  8.42082225,\n         0.748139  ]]), array([0.14476946, 0.14476946, 0.14476946, 0.14476946, 0.14476946,\n       0.14476946, 0.14476946]))"}, "11": {"maxiter": 1000, "fatol": 1e-10, "xatol": 1e-10, "duration": 0.2022249698638916, "fun": "0.14476945910483263", "nit": "737", "nfev": "1192", "status": "0", "success": "True", "message": "Optimization terminated successfully.", "x": "[ 4.71676561  2.67834813 -0.06313693  2.54344125  8.42083006  0.74814076]", "final_simplex": "(array([[ 4.71676561,  2.67834813, -0.06313693,  2.54344125,  8.42083006,\n         0.74814076],\n       [ 4.71676561,  2.67834813, -0.06313693,  2.54344125,  8.42083006,\n         0.74814076],\n       [ 4.71676561,  2.67834813, -0.06313693,  2.54344125,  8.42083006,\n         0.74814076],\n       [ 4.71676561,  2.67834813, -0.06313693,  2.54344125,  8.42083006,\n         0.74814076],\n       [ 4.71676561,  2.67834813, -0.06313693,  2.54344125,  8.42083006,\n         0.74814076],\n       [ 4.71676561,  2.67834813, -0.06313693,  2.54344125,  8.42083006,\n         0.74814076],\n       [ 4.71676561,  2.67834813, -0.06313693,  2.54344125,  8.42083006,\n         0.74814076]]), array([0.14476946, 0.14476946, 0.14476946, 0.14476946, 0.14476946,\n       0.14476946, 0.14476946]))"}}, "bfgs": {"type": "gradient", "0": {"maxiter": 100, "gtol": 1e-05, "xrtol": 1e-05, "eps": 1e-05, "duration": 0.05581307411193848, "fun": "0.14476945929010987", "jac": "[ 8.70237216e-07 -1.30562228e-07 -4.72644146e-07 -4.03537204e-06\n -4.61897187e-07  2.44171350e-07]", "hess_inv": "[[ 4.35594296 -2.16107829  0.39947339  2.82999901  2.69533926  1.35998587]\n [-2.16107829  6.09490661 -0.8441673  -3.13900729 -6.16033656 -3.26539044]\n [ 0.39947339 -0.8441673   3.20369334  0.52491958  0.77687025 -0.17801952]\n [ 2.82999901 -3.13900729  0.52491958  5.88251069  2.61534798  1.05452146]\n [ 2.69533926 -6.16033656  0.77687025  2.61534798 16.85141167 11.58084716]\n [ 1.35998587 -3.26539044 -0.17801952  1.05452146 11.58084716 10.95086396]]", "nfev": "322", "njev": "46", "status": "0", "success": "True", "message": "Optimization terminated successfully.", "x": "[ 4.71674206  2.67837258 -0.06314629 -2.54347509  5.27918     3.88969229]", "nit": "32"}, "1": {"maxiter": 100, "gtol": 1e-05, "xrtol": 1e-05, "eps": 1e-10, "duration": 0.05597805976867676, "fun": "0.14476945915778683", "jac": "[ 3.33066880e-06  1.11022293e-06 -2.22044617e-06 -5.55111466e-06\n  1.11022293e-06 -2.22044587e-06]", "hess_inv": "[[ 4.29353742 -1.92821756  0.37668284  2.54286307  2.69176854  1.39959346]\n [-1.92821756  5.40521791 -0.97091829 -2.59752178 -5.21776238 -2.70539903]\n [ 0.37668284 -0.97091829  3.19816765  0.66003722  0.76449399 -0.15061891]\n [ 2.54286307 -2.59752178  0.66003722  5.44403199  1.70713028  0.64069756]\n [ 2.69176854 -5.21776238  0.76449399  1.70713028 15.6816153  10.68540537]\n [ 1.39959346 -2.70539903 -0.15061891  0.64069756 10.68540537 10.33034925]]", "nfev": "322", "njev": "46", "status": "0", "success": "True", "message": "Optimization terminated successfully.", "x": "[ 4.71676968  2.67835685 -0.06314412 -2.54345574  5.27923693  3.88973251]", "nit": "32"}, "2": {"maxiter": 100, "gtol": 1e-05, "xrtol": 1e-10, "eps": 1e-05, "duration": 0.05533313751220703, "fun": "0.14476945929010987", "jac": "[ 8.70237216e-07 -1.30562228e-07 -4.72644146e-07 -4.03537204e-06\n -4.61897187e-07  2.44171350e-07]", "hess_inv": "[[ 4.35594296 -2.16107829  0.39947339  2.82999901  2.69533926  1.35998587]\n [-2.16107829  6.09490661 -0.8441673  -3.13900729 -6.16033656 -3.26539044]\n [ 0.39947339 -0.8441673   3.20369334  0.52491958  0.77687025 -0.17801952]\n [ 2.82999901 -3.13900729  0.52491958  5.88251069  2.61534798  1.05452146]\n [ 2.69533926 -6.16033656  0.77687025  2.61534798 16.85141167 11.58084716]\n [ 1.35998587 -3.26539044 -0.17801952  1.05452146 11.58084716 10.95086396]]", "nfev": "322", "njev": "46", "status": "0", "success": "True", "message": "Optimization terminated successfully.", "x": "[ 4.71674206  2.67837258 -0.06314629 -2.54347509  5.27918     3.88969229]", "nit": "32"}, "3": {"maxiter": 100, "gtol": 1e-05, "xrtol": 1e-10, "eps": 1e-10, "duration": 0.05522513389587402, "fun": "0.14476945915778683", "jac": "[ 3.33066880e-06  1.11022293e-06 -2.22044617e-06 -5.55111466e-06\n  1.11022293e-06 -2.22044587e-06]", "hess_inv": "[[ 4.29353742 -1.92821756  0.37668284  2.54286307  2.69176854  1.39959346]\n [-1.92821756  5.40521791 -0.97091829 -2.59752178 -5.21776238 -2.70539903]\n [ 0.37668284 -0.97091829  3.19816765  0.66003722  0.76449399 -0.15061891]\n [ 2.54286307 -2.59752178  0.66003722  5.44403199  1.70713028  0.64069756]\n [ 2.69176854 -5.21776238  0.76449399  1.70713028 15.6816153  10.68540537]\n [ 1.39959346 -2.70539903 -0.15061891  0.64069756 10.68540537 10.33034925]]", "nfev": "322", "njev": "46", "status": "0", "success": "True", "message": "Optimization terminated successfully.", "x": "[ 4.71676968  2.67835685 -0.06314412 -2.54345574  5.27923693  3.88973251]", "nit": "32"}, "4": {"maxiter": 100, "gtol": 1e-10, "xrtol": 1e-05, "eps": 1e-05, "duration": 0.05654597282409668, "fun": "0.1447694591949631", "jac": "[ 8.49764703e-08 -4.71178652e-08 -5.85309579e-08  3.81028542e-08\n -4.97824004e-08 -3.11861648e-08]", "hess_inv": "[[ 4.39719371 -2.0059472   0.36667442  2.70043716  2.52246307  1.3361567 ]\n [-2.0059472   5.83443956 -0.77101791 -2.69860362 -5.89170829 -3.16189479]\n [ 0.36667442 -0.77101791  3.1840177   0.41193172  0.70039076 -0.20403864]\n [ 2.70043716 -2.69860362  0.41193172  5.26970195  2.14834825  0.91708347]\n [ 2.52246307 -5.89170829  0.70039076  2.14834825 16.5756086  11.47046336]\n [ 1.3361567  -3.16189479 -0.20403864  0.91708347 11.47046336 10.92043822]]", "nfev": "329", "njev": "47", "status": "0", "success": "True", "message": "Optimization terminated successfully.", "x": "[ 4.71674988  2.67836188 -0.06314317 -2.54345556  5.27919089  3.88969695]", "nit": "33"}, "5": {"maxiter": 100, "gtol": 1e-10, "xrtol": 1e-05, "eps": 1e-10, "duration": 0.057724952697753906, "fun": "0.14476945912049044", "jac": "[ 1.11022293e-06  1.11022293e-06 -2.22044617e-06 -1.11022293e-06\n  0.00000000e+00  0.00000000e+00]", "hess_inv": "[[ 4.32861677 -1.95788992  0.35897772  2.56705237  2.93446303  1.60159003]\n [-1.95788992  5.20481078 -0.77957584 -2.2349267  -5.5175528  -2.94320518]\n [ 0.35897772 -0.77957584  3.06916907  0.34824358  0.7159128  -0.20021315]\n [ 2.56705237 -2.2349267   0.34824358  4.81003345  2.03501175  0.89370163]\n [ 2.93446303 -5.5175528   0.7159128   2.03501175 17.32107917 12.05485244]\n [ 1.60159003 -2.94320518 -0.20021315  0.89370163 12.05485244 11.47362785]]", "nfev": "336", "njev": "48", "status": "0", "success": "True", "message": "Optimization terminated successfully.", "x": "[ 4.71677127  2.67834974 -0.06314043 -2.54344485  5.27924557  3.88974   ]", "nit": "33"}, "6": {"maxiter": 100, "gtol": 1e-10, "xrtol": 1e-10, "eps": 1e-05, "duration": 0.10121393203735352, "fun": "0.14476945919359707", "jac": "[-6.63913369e-09  8.88178420e-11  2.00950367e-09 -2.22044605e-11\n  3.86357613e-09  1.03250741e-09]", "hess_inv": "[[ 4.28719018 -2.0069007   0.38683736  2.58143438  2.72770714  1.51326359]\n [-2.0069007   5.8545899  -0.77380591 -2.71360124 -5.92714929 -3.18406716]\n [ 0.38683736 -0.77380591  3.18968352  0.44663133  0.68508735 -0.21922276]\n [ 2.58143438 -2.71360124  0.44663133  5.16379051  2.41661747  1.14184736]\n [ 2.72770714 -5.92714929  0.68508735  2.41661747 16.29318049 11.20982427]\n [ 1.51326359 -3.18406716 -0.21922276  1.14184736 11.20982427 10.68449229]]", "nfev": "593", "njev": "83", "status": "2", "success": "False", "message": "Desired error not necessarily achieved due to precision loss.", "x": "[ 4.71674951  2.67836198 -0.06314303 -2.54345593  5.27919154  3.88969755]", "nit": "34"}, "7": {"maxiter": 100, "gtol": 1e-10, "xrtol": 1e-10, "eps": 1e-10, "duration": 0.07059693336486816, "fun": "0.1447694591104376", "jac": "[ 1.11022293e-06 -2.22044587e-06  0.00000000e+00 -2.22044587e-06\n  0.00000000e+00 -1.11022293e-06]", "hess_inv": "[[ 2.39932476 -1.38589448  0.71270847  2.30843397 -1.62245573 -2.39261342]\n [-1.38589448  2.94527284 -0.92105312 -1.93274454  1.22529904  1.80165363]\n [ 0.71270847 -0.92105312  4.4839904   1.68575172 -4.46856745 -4.4553187 ]\n [ 2.30843397 -1.93274454  1.68575172  4.29047782 -2.8480634  -3.73120008]\n [-1.62245573  1.22529904 -4.46856745 -2.8480634   5.88371836  4.73247469]\n [-2.39261342  1.80165363 -4.4553187  -3.73120008  4.73247469  6.48827027]]", "nfev": "413", "njev": "59", "status": "0", "success": "True", "message": "Optimization terminated successfully.", "x": "[ 4.71677031  2.67834428 -0.0631334  -2.54344037  5.27924455  3.88973613]", "nit": "37"}, "8": {"maxiter": 500, "gtol": 1e-05, "xrtol": 1e-05, "eps": 1e-05, "duration": 0.05499911308288574, "fun": "0.14476945929010987", "jac": "[ 8.70237216e-07 -1.30562228e-07 -4.72644146e-07 -4.03537204e-06\n -4.61897187e-07  2.44171350e-07]", "hess_inv": "[[ 4.35594296 -2.16107829  0.39947339  2.82999901  2.69533926  1.35998587]\n [-2.16107829  6.09490661 -0.8441673  -3.13900729 -6.16033656 -3.26539044]\n [ 0.39947339 -0.8441673   3.20369334  0.52491958  0.77687025 -0.17801952]\n [ 2.82999901 -3.13900729  0.52491958  5.88251069  2.61534798  1.05452146]\n [ 2.69533926 -6.16033656  0.77687025  2.61534798 16.85141167 11.58084716]\n [ 1.35998587 -3.26539044 -0.17801952  1.05452146 11.58084716 10.95086396]]", "nfev": "322", "njev": "46", "status": "0", "success": "True", "message": "Optimization terminated successfully.", "x": "[ 4.71674206  2.67837258 -0.06314629 -2.54347509  5.27918     3.88969229]", "nit": "32"}, "9": {"maxiter": 500, "gtol": 1e-05, "xrtol": 1e-05, "eps": 1e-10, "duration": 0.055132150650024414, "fun": "0.14476945915778683", "jac": "[ 3.33066880e-06  1.11022293e-06 -2.22044617e-06 -5.55111466e-06\n  1.11022293e-06 -2.22044587e-06]", "hess_inv": "[[ 4.29353742 -1.92821756  0.37668284  2.54286307  2.69176854  1.39959346]\n [-1.92821756  5.40521791 -0.97091829 -2.59752178 -5.21776238 -2.70539903]\n [ 0.37668284 -0.97091829  3.19816765  0.66003722  0.76449399 -0.15061891]\n [ 2.54286307 -2.59752178  0.66003722  5.44403199  1.70713028  0.64069756]\n [ 2.69176854 -5.21776238  0.76449399  1.70713028 15.6816153  10.68540537]\n [ 1.39959346 -2.70539903 -0.15061891  0.64069756 10.68540537 10.33034925]]", "nfev": "322", "njev": "46", "status": "0", "success": "True", "message": "Optimization terminated successfully.", "x": "[ 4.71676968  2.67835685 -0.06314412 -2.54345574  5.27923693  3.88973251]", "nit": "32"}, "10": {"maxiter": 500, "gtol": 1e-05, "xrtol": 1e-10, "eps": 1e-05, "duration": 0.05517125129699707, "fun": "0.14476945929010987", "jac": "[ 8.70237216e-07 -1.30562228e-07 -4.72644146e-07 -4.03537204e-06\n -4.61897187e-07  2.44171350e-07]", "hess_inv": "[[ 4.35594296 -2.16107829  0.39947339  2.82999901  2.69533926  1.35998587]\n [-2.16107829  6.09490661 -0.8441673  -3.13900729 -6.16033656 -3.26539044]\n [ 0.39947339 -0.8441673   3.20369334  0.52491958  0.77687025 -0.17801952]\n [ 2.82999901 -3.13900729  0.52491958  5.88251069  2.61534798  1.05452146]\n [ 2.69533926 -6.16033656  0.77687025  2.61534798 16.85141167 11.58084716]\n [ 1.35998587 -3.26539044 -0.17801952  1.05452146 11.58084716 10.95086396]]", "nfev": "322", "njev": "46", "status": "0", "success": "True", "message": "Optimization terminated successfully.", "x": "[ 4.71674206  2.67837258 -0.06314629 -2.54347509  5.27918     3.88969229]", "nit": "32"}, "11": {"maxiter": 500, "gtol": 1e-05, "xrtol": 1e-10, "eps": 1e-10, "duration": 0.05558300018310547, "fun": "0.14476945915778683", "jac": "[ 3.33066880e-06  1.11022293e-06 -2.22044617e-06 -5.55111466e-06\n  1.11022293e-06 -2.22044587e-06]", "hess_inv": "[[ 4.29353742 -1.92821756  0.37668284  2.54286307  2.69176854  1.39959346]\n [-1.92821756  5.40521791 -0.97091829 -2.59752178 -5.21776238 -2.70539903]\n [ 0.37668284 -0.97091829  3.19816765  0.66003722  0.76449399 -0.15061891]\n [ 2.54286307 -2.59752178  0.66003722  5.44403199  1.70713028  0.64069756]\n [ 2.69176854 -5.21776238  0.76449399  1.70713028 15.6816153  10.68540537]\n [ 1.39959346 -2.70539903 -0.15061891  0.64069756 10.68540537 10.33034925]]", "nfev": "322", "njev": "46", "status": "0", "success": "True", "message": "Optimization terminated successfully.", "x": "[ 4.71676968  2.67835685 -0.06314412 -2.54345574  5.27923693  3.88973251]", "nit": "32"}, "12": {"maxiter": 500, "gtol": 1e-10, "xrtol": 1e-05, "eps": 1e-05, "duration": 0.05646705627441406, "fun": "0.1447694591949631", "jac": "[ 8.49764703e-08 -4.71178652e-08 -5.85309579e-08  3.81028542e-08\n -4.97824004e-08 -3.11861648e-08]", "hess_inv": "[[ 4.39719371 -2.0059472   0.36667442  2.70043716  2.52246307  1.3361567 ]\n [-2.0059472   5.83443956 -0.77101791 -2.69860362 -5.89170829 -3.16189479]\n [ 0.36667442 -0.77101791  3.1840177   0.41193172  0.70039076 -0.20403864]\n [ 2.70043716 -2.69860362  0.41193172  5.26970195  2.14834825  0.91708347]\n [ 2.52246307 -5.89170829  0.70039076  2.14834825 16.5756086  11.47046336]\n [ 1.3361567  -3.16189479 -0.20403864  0.91708347 11.47046336 10.92043822]]", "nfev": "329", "njev": "47", "status": "0", "success": "True", "message": "Optimization terminated successfully.", "x": "[ 4.71674988  2.67836188 -0.06314317 -2.54345556  5.27919089  3.88969695]", "nit": "33"}, "13": {"maxiter": 500, "gtol": 1e-10, "xrtol": 1e-05, "eps": 1e-10, "duration": 0.05781888961791992, "fun": "0.14476945912049044", "jac": "[ 1.11022293e-06  1.11022293e-06 -2.22044617e-06 -1.11022293e-06\n  0.00000000e+00  0.00000000e+00]", "hess_inv": "[[ 4.32861677 -1.95788992  0.35897772  2.56705237  2.93446303  1.60159003]\n [-1.95788992  5.20481078 -0.77957584 -2.2349267  -5.5175528  -2.94320518]\n [ 0.35897772 -0.77957584  3.06916907  0.34824358  0.7159128  -0.20021315]\n [ 2.56705237 -2.2349267   0.34824358  4.81003345  2.03501175  0.89370163]\n [ 2.93446303 -5.5175528   0.7159128   2.03501175 17.32107917 12.05485244]\n [ 1.60159003 -2.94320518 -0.20021315  0.89370163 12.05485244 11.47362785]]", "nfev": "336", "njev": "48", "status": "0", "success": "True", "message": "Optimization terminated successfully.", "x": "[ 4.71677127  2.67834974 -0.06314043 -2.54344485  5.27924557  3.88974   ]", "nit": "33"}, "14": {"maxiter": 500, "gtol": 1e-10, "xrtol": 1e-10, "eps": 1e-05, "duration": 0.1019132137298584, "fun": "0.14476945919359707", "jac": "[-6.63913369e-09  8.88178420e-11  2.00950367e-09 -2.22044605e-11\n  3.86357613e-09  1.03250741e-09]", "hess_inv": "[[ 4.28719018 -2.0069007   0.38683736  2.58143438  2.72770714  1.51326359]\n [-2.0069007   5.8545899  -0.77380591 -2.71360124 -5.92714929 -3.18406716]\n [ 0.38683736 -0.77380591  3.18968352  0.44663133  0.68508735 -0.21922276]\n [ 2.58143438 -2.71360124  0.44663133  5.16379051  2.41661747  1.14184736]\n [ 2.72770714 -5.92714929  0.68508735  2.41661747 16.29318049 11.20982427]\n [ 1.51326359 -3.18406716 -0.21922276  1.14184736 11.20982427 10.68449229]]", "nfev": "593", "njev": "83", "status": "2", "success": "False", "message": "Desired error not necessarily achieved due to precision loss.", "x": "[ 4.71674951  2.67836198 -0.06314303 -2.54345593  5.27919154  3.88969755]", "nit": "34"}, "15": {"maxiter": 500, "gtol": 1e-10, "xrtol": 1e-10, "eps": 1e-10, "duration": 0.07128024101257324, "fun": "0.1447694591104376", "jac": "[ 1.11022293e-06 -2.22044587e-06  0.00000000e+00 -2.22044587e-06\n  0.00000000e+00 -1.11022293e-06]", "hess_inv": "[[ 2.39932476 -1.38589448  0.71270847  2.30843397 -1.62245573 -2.39261342]\n [-1.38589448  2.94527284 -0.92105312 -1.93274454  1.22529904  1.80165363]\n [ 0.71270847 -0.92105312  4.4839904   1.68575172 -4.46856745 -4.4553187 ]\n [ 2.30843397 -1.93274454  1.68575172  4.29047782 -2.8480634  -3.73120008]\n [-1.62245573  1.22529904 -4.46856745 -2.8480634   5.88371836  4.73247469]\n [-2.39261342  1.80165363 -4.4553187  -3.73120008  4.73247469  6.48827027]]", "nfev": "413", "njev": "59", "status": "0", "success": "True", "message": "Optimization terminated successfully.", "x": "[ 4.71677031  2.67834428 -0.0631334  -2.54344037  5.27924455  3.88973613]", "nit": "37"}, "16": {"maxiter": 1000, "gtol": 1e-05, "xrtol": 1e-05, "eps": 1e-05, "duration": 0.05546903610229492, "fun": "0.14476945929010987", "jac": "[ 8.70237216e-07 -1.30562228e-07 -4.72644146e-07 -4.03537204e-06\n -4.61897187e-07  2.44171350e-07]", "hess_inv": "[[ 4.35594296 -2.16107829  0.39947339  2.82999901  2.69533926  1.35998587]\n [-2.16107829  6.09490661 -0.8441673  -3.13900729 -6.16033656 -3.26539044]\n [ 0.39947339 -0.8441673   3.20369334  0.52491958  0.77687025 -0.17801952]\n [ 2.82999901 -3.13900729  0.52491958  5.88251069  2.61534798  1.05452146]\n [ 2.69533926 -6.16033656  0.77687025  2.61534798 16.85141167 11.58084716]\n [ 1.35998587 -3.26539044 -0.17801952  1.05452146 11.58084716 10.95086396]]", "nfev": "322", "njev": "46", "status": "0", "success": "True", "message": "Optimization terminated successfully.", "x": "[ 4.71674206  2.67837258 -0.06314629 -2.54347509  5.27918     3.88969229]", "nit": "32"}, "17": {"maxiter": 1000, "gtol": 1e-05, "xrtol": 1e-05, "eps": 1e-10, "duration": 0.05579400062561035, "fun": "0.14476945915778683", "jac": "[ 3.33066880e-06  1.11022293e-06 -2.22044617e-06 -5.55111466e-06\n  1.11022293e-06 -2.22044587e-06]", "hess_inv": "[[ 4.29353742 -1.92821756  0.37668284  2.54286307  2.69176854  1.39959346]\n [-1.92821756  5.40521791 -0.97091829 -2.59752178 -5.21776238 -2.70539903]\n [ 0.37668284 -0.97091829  3.19816765  0.66003722  0.76449399 -0.15061891]\n [ 2.54286307 -2.59752178  0.66003722  5.44403199  1.70713028  0.64069756]\n [ 2.69176854 -5.21776238  0.76449399  1.70713028 15.6816153  10.68540537]\n [ 1.39959346 -2.70539903 -0.15061891  0.64069756 10.68540537 10.33034925]]", "nfev": "322", "njev": "46", "status": "0", "success": "True", "message": "Optimization terminated successfully.", "x": "[ 4.71676968  2.67835685 -0.06314412 -2.54345574  5.27923693  3.88973251]", "nit": "32"}, "18": {"maxiter": 1000, "gtol": 1e-05, "xrtol": 1e-10, "eps": 1e-05, "duration": 0.05611395835876465, "fun": "0.14476945929010987", "jac": "[ 8.70237216e-07 -1.30562228e-07 -4.72644146e-07 -4.03537204e-06\n -4.61897187e-07  2.44171350e-07]", "hess_inv": "[[ 4.35594296 -2.16107829  0.39947339  2.82999901  2.69533926  1.35998587]\n [-2.16107829  6.09490661 -0.8441673  -3.13900729 -6.16033656 -3.26539044]\n [ 0.39947339 -0.8441673   3.20369334  0.52491958  0.77687025 -0.17801952]\n [ 2.82999901 -3.13900729  0.52491958  5.88251069  2.61534798  1.05452146]\n [ 2.69533926 -6.16033656  0.77687025  2.61534798 16.85141167 11.58084716]\n [ 1.35998587 -3.26539044 -0.17801952  1.05452146 11.58084716 10.95086396]]", "nfev": "322", "njev": "46", "status": "0", "success": "True", "message": "Optimization terminated successfully.", "x": "[ 4.71674206  2.67837258 -0.06314629 -2.54347509  5.27918     3.88969229]", "nit": "32"}, "19": {"maxiter": 1000, "gtol": 1e-05, "xrtol": 1e-10, "eps": 1e-10, "duration": 0.05610394477844238, "fun": "0.14476945915778683", "jac": "[ 3.33066880e-06  1.11022293e-06 -2.22044617e-06 -5.55111466e-06\n  1.11022293e-06 -2.22044587e-06]", "hess_inv": "[[ 4.29353742 -1.92821756  0.37668284  2.54286307  2.69176854  1.39959346]\n [-1.92821756  5.40521791 -0.97091829 -2.59752178 -5.21776238 -2.70539903]\n [ 0.37668284 -0.97091829  3.19816765  0.66003722  0.76449399 -0.15061891]\n [ 2.54286307 -2.59752178  0.66003722  5.44403199  1.70713028  0.64069756]\n [ 2.69176854 -5.21776238  0.76449399  1.70713028 15.6816153  10.68540537]\n [ 1.39959346 -2.70539903 -0.15061891  0.64069756 10.68540537 10.33034925]]", "nfev": "322", "njev": "46", "status": "0", "success": "True", "message": "Optimization terminated successfully.", "x": "[ 4.71676968  2.67835685 -0.06314412 -2.54345574  5.27923693  3.88973251]", "nit": "32"}, "20": {"maxiter": 1000, "gtol": 1e-10, "xrtol": 1e-05, "eps": 1e-05, "duration": 0.05717301368713379, "fun": "0.1447694591949631", "jac": "[ 8.49764703e-08 -4.71178652e-08 -5.85309579e-08  3.81028542e-08\n -4.97824004e-08 -3.11861648e-08]", "hess_inv": "[[ 4.39719371 -2.0059472   0.36667442  2.70043716  2.52246307  1.3361567 ]\n [-2.0059472   5.83443956 -0.77101791 -2.69860362 -5.89170829 -3.16189479]\n [ 0.36667442 -0.77101791  3.1840177   0.41193172  0.70039076 -0.20403864]\n [ 2.70043716 -2.69860362  0.41193172  5.26970195  2.14834825  0.91708347]\n [ 2.52246307 -5.89170829  0.70039076  2.14834825 16.5756086  11.47046336]\n [ 1.3361567  -3.16189479 -0.20403864  0.91708347 11.47046336 10.92043822]]", "nfev": "329", "njev": "47", "status": "0", "success": "True", "message": "Optimization terminated successfully.", "x": "[ 4.71674988  2.67836188 -0.06314317 -2.54345556  5.27919089  3.88969695]", "nit": "33"}, "21": {"maxiter": 1000, "gtol": 1e-10, "xrtol": 1e-05, "eps": 1e-10, "duration": 0.05827832221984863, "fun": "0.14476945912049044", "jac": "[ 1.11022293e-06  1.11022293e-06 -2.22044617e-06 -1.11022293e-06\n  0.00000000e+00  0.00000000e+00]", "hess_inv": "[[ 4.32861677 -1.95788992  0.35897772  2.56705237  2.93446303  1.60159003]\n [-1.95788992  5.20481078 -0.77957584 -2.2349267  -5.5175528  -2.94320518]\n [ 0.35897772 -0.77957584  3.06916907  0.34824358  0.7159128  -0.20021315]\n [ 2.56705237 -2.2349267   0.34824358  4.81003345  2.03501175  0.89370163]\n [ 2.93446303 -5.5175528   0.7159128   2.03501175 17.32107917 12.05485244]\n [ 1.60159003 -2.94320518 -0.20021315  0.89370163 12.05485244 11.47362785]]", "nfev": "336", "njev": "48", "status": "0", "success": "True", "message": "Optimization terminated successfully.", "x": "[ 4.71677127  2.67834974 -0.06314043 -2.54344485  5.27924557  3.88974   ]", "nit": "33"}, "22": {"maxiter": 1000, "gtol": 1e-10, "xrtol": 1e-10, "eps": 1e-05, "duration": 0.10177493095397949, "fun": "0.14476945919359707", "jac": "[-6.63913369e-09  8.88178420e-11  2.00950367e-09 -2.22044605e-11\n  3.86357613e-09  1.03250741e-09]", "hess_inv": "[[ 4.28719018 -2.0069007   0.38683736  2.58143438  2.72770714  1.51326359]\n [-2.0069007   5.8545899  -0.77380591 -2.71360124 -5.92714929 -3.18406716]\n [ 0.38683736 -0.77380591  3.18968352  0.44663133  0.68508735 -0.21922276]\n [ 2.58143438 -2.71360124  0.44663133  5.16379051  2.41661747  1.14184736]\n [ 2.72770714 -5.92714929  0.68508735  2.41661747 16.29318049 11.20982427]\n [ 1.51326359 -3.18406716 -0.21922276  1.14184736 11.20982427 10.68449229]]", "nfev": "593", "njev": "83", "status": "2", "success": "False", "message": "Desired error not necessarily achieved due to precision loss.", "x": "[ 4.71674951  2.67836198 -0.06314303 -2.54345593  5.27919154  3.88969755]", "nit": "34"}, "23": {"maxiter": 1000, "gtol": 1e-10, "xrtol": 1e-10, "eps": 1e-10, "duration": 0.07153582572937012, "fun": "0.1447694591104376", "jac": "[ 1.11022293e-06 -2.22044587e-06  0.00000000e+00 -2.22044587e-06\n  0.00000000e+00 -1.11022293e-06]", "hess_inv": "[[ 2.39932476 -1.38589448  0.71270847  2.30843397 -1.62245573 -2.39261342]\n [-1.38589448  2.94527284 -0.92105312 -1.93274454  1.22529904  1.80165363]\n [ 0.71270847 -0.92105312  4.4839904   1.68575172 -4.46856745 -4.4553187 ]\n [ 2.30843397 -1.93274454  1.68575172  4.29047782 -2.8480634  -3.73120008]\n [-1.62245573  1.22529904 -4.46856745 -2.8480634   5.88371836  4.73247469]\n [-2.39261342  1.80165363 -4.4553187  -3.73120008  4.73247469  6.48827027]]", "nfev": "413", "njev": "59", "status": "0", "success": "True", "message": "Optimization terminated successfully.", "x": "[ 4.71677031  2.67834428 -0.0631334  -2.54344037  5.27924455  3.88973613]", "nit": "37"}}, "cobyla": {"0": {"maxiter": 100, "tol": 1e-05, "catol": 1e-05, "duration": 0.016602039337158203, "x": "[4.72690073 2.65483172 6.22394352 2.53559953 2.19661937 0.78677259]", "status": "2", "success": "False", "message": "Maximum number of function evaluations has been exceeded.", "nfev": "100", "fun": "0.14488046053998072", "maxcv": "0.0"}, "1": {"maxiter": 100, "tol": 1e-05, "catol": 1e-10, "duration": 0.01652812957763672, "x": "[4.72690073 2.65483172 6.22394352 2.53559953 2.19661937 0.78677259]", "status": "2", "success": "False", "message": "Maximum number of function evaluations has been exceeded.", "nfev": "100", "fun": "0.14488046053998072", "maxcv": "0.0"}, "2": {"maxiter": 100, "tol": 1e-10, "catol": 1e-05, "duration": 0.016508817672729492, "x": "[4.72690073 2.65483172 6.22394352 2.53559953 2.19661937 0.78677259]", "status": "2", "success": "False", "message": "Maximum number of function evaluations has been exceeded.", "nfev": "100", "fun": "0.14488046053998072", "maxcv": "0.0"}, "3": {"maxiter": 100, "tol": 1e-10, "catol": 1e-10, "duration": 0.0164949893951416, "x": "[4.72690073 2.65483172 6.22394352 2.53559953 2.19661937 0.78677259]", "status": "2", "success": "False", "message": "Maximum number of function evaluations has been exceeded.", "nfev": "100", "fun": "0.14488046053998072", "maxcv": "0.0"}, "4": {"maxiter": 500, "tol": 1e-05, "catol": 1e-05, "duration": 0.061608076095581055, "x": "[4.71677716 2.67831874 6.22005346 2.54343156 2.13770931 0.74820243]", "status": "1", "success": "True", "message": "Optimization terminated successfully.", "nfev": "374", "fun": "0.14476945930718776", "maxcv": "0.0"}, "5": {"maxiter": 500, "tol": 1e-05, "catol": 1e-10, "duration": 0.06213212013244629, "x": "[4.71677716 2.67831874 6.22005346 2.54343156 2.13770931 0.74820243]", "status": "1", "success": "True", "message": "Optimization terminated successfully.", "nfev": "374", "fun": "0.14476945930718776", "maxcv": "0.0"}, "6": {"maxiter": 500, "tol": 1e-10, "catol": 1e-05, "duration": 0.08236479759216309, "