{"date": "2024/07/19/, 07:31:58", "conf_id": 159, "data_type": "orthogonal\n", "num_data_points": 4, "s_rank": 0, "unitary": "[[-0.24866696+0.58742286j,-0.44704345-0.43151574j,-0.35669027-0.20570733j,-0.10517633+0.1626036j],[0.10596805-0.19687975j,-0.30269685-0.15056416j,0.18246286+0.30440582j,-0.83484447-0.11310748j],[0.26054512-0.52548482j,0.0285017-0.50723956j,-0.43110112+0.17165838j,0.15243271+0.39915801j],[0.42978035+0.11991271j,-0.17224126-0.46030424j,0.6827807-0.15164662j,0.26483638+0.0061855j]]", "databatch_0": {"databatch": "[[[-0.09489858+0.04064775j,-0.05280308+0.13310903j,-0.05599885-0.29712142j,0.02699869-0.23801375j],[-0.11983474-0.03847227j,-0.22252136+0.11315205j,0.07921066-0.20933741j,-0.07071778+0.10328999j],[-0.08973689+0.00071496j,0.32032539+0.2578608j,-0.34271727+0.25826101j,-0.13649349-0.09301473j],[-0.14349818+0.00339597j,0.0531456+0.33179474j,-0.1966931+0.31035062j,-0.05406322-0.12680537j]],[[-0.06956308+0.05635955j,0.03896379+0.11226666j,0.03266816-0.30417873j,-0.01406889-0.36135703j],[-0.15677617-0.00133084j,-0.24005662+0.18540151j,0.12382418-0.17058167j,-0.21680337+0.20981728j],[-0.05004563+0.04847127j,0.23051353+0.19763312j,-0.26884716+0.20820479j,-0.11324939-0.0945384j],[-0.17811431-0.08433502j,-0.01317395+0.31930779j,-0.08305492+0.32030981j,-0.02842335-0.12546736j]],[[-0.10588527+0.09314273j,0.08021894+0.08294136j,0.06142518-0.30261576j,-0.02192863-0.38464896j],[-0.19983141-0.00604134j,-0.21851671+0.19617955j,0.13784234-0.14962653j,-0.24650582+0.23434827j],[-0.06062638-0.01671618j,0.22764214+0.15480979j,-0.22703359+0.15144516j,-0.09899263-0.07358442j],[-0.18410003-0.06502186j,-0.08054169+0.30808046j,-0.02401951+0.33751025j,-0.00794217-0.1273773j]],[[-0.19082541+0.18712747j,0.08390558+0.14542572j,0.02950759-0.35807719j,0.01803404-0.15788077j],[-0.20033402-0.06262541j,-0.12950478+0.13802711j,0.14919032-0.13696187j,0.03473807+0.00751332j],[-0.10782483-0.1241303j,0.31872341+0.17217211j,-0.26147996+0.1378569j,-0.10426966-0.03834247j],[-0.19730771+0.01172206j,-0.12833721+0.36430729j,-0.03272722+0.40490781j,0.02036122-0.11047894j]]]", "initial param values": "[0.14116154,3.53289341,2.53331461,2.83652945,3.56986519,3.69184513]", "nelder_mead": {"type": "gradient-free", "0": {"maxiter": 100, "fatol": 1e-05, "xatol": 1e-05, "duration": 0.025762081146240234, "fun": "0.6817495132830762", "nit": "100", "nfev": "153", "status": "2", "success": "False", "message": "Maximum number of iterations has been exceeded.", "x": "[0.17037722 3.85787066 3.39107793 2.42284627 4.96612405 4.04242793]", "final_simplex": "(array([[0.17037722, 3.85787066, 3.39107793, 2.42284627, 4.96612405,\n        4.04242793],\n       [0.15739862, 4.01367661, 3.30379023, 2.4535772 , 5.01419869,\n        4.07262112],\n       [0.1750417 , 3.78742553, 3.42300215, 2.41547806, 4.86915036,\n        3.93588239],\n       [0.16672166, 3.92180597, 3.3352201 , 2.46137547, 4.93539713,\n        3.95427687],\n       [0.15919641, 4.03744186, 3.26178036, 2.48105585, 4.87905692,\n        3.95542675],\n       [0.15480178, 4.08110594, 3.23147039, 2.43344619, 4.99738899,\n        4.04887505],\n       [0.15974732, 3.96806558, 3.28300093, 2.44030635, 4.96015412,\n        4.05565658]]), array([0.68174951, 0.68205374, 0.68208496, 0.68223756, 0.68243265,\n       0.68283206, 0.68308541]))"}, "1": {"maxiter": 100, "fatol": 1e-05, "xatol": 1e-10, "duration": 0.025738954544067383, "fun": "0.6817495132830762", "nit": "100", "nfev": "153", "status": "2", "success": "False", "message": "Maximum number of iterations has been exceeded.", "x": "[0.17037722 3.85787066 3.39107793 2.42284627 4.96612405 4.04242793]", "final_simplex": "(array([[0.17037722, 3.85787066, 3.39107793, 2.42284627, 4.96612405,\n        4.04242793],\n       [0.15739862, 4.01367661, 3.30379023, 2.4535772 , 5.01419869,\n        4.07262112],\n       [0.1750417 , 3.78742553, 3.42300215, 2.41547806, 4.86915036,\n        3.93588239],\n       [0.16672166, 3.92180597, 3.3352201 , 2.46137547, 4.93539713,\n        3.95427687],\n       [0.15919641, 4.03744186, 3.26178036, 2.48105585, 4.87905692,\n        3.95542675],\n       [0.15480178, 4.08110594, 3.23147039, 2.43344619, 4.99738899,\n        4.04887505],\n       [0.15974732, 3.96806558, 3.28300093, 2.44030635, 4.96015412,\n        4.05565658]]), array([0.68174951, 0.68205374, 0.68208496, 0.68223756, 0.68243265,\n       0.68283206, 0.68308541]))"}, "2": {"maxiter": 100, "fatol": 1e-10, "xatol": 1e-05, "duration": 0.025625944137573242, "fun": "0.6817495132830762", "nit": "100", "nfev": "153", "status": "2", "success": "False", "message": "Maximum number of iterations has been exceeded.", "x": "[0.17037722 3.85787066 3.39107793 2.42284627 4.96612405 4.04242793]", "final_simplex": "(array([[0.17037722, 3.85787066, 3.39107793, 2.42284627, 4.96612405,\n        4.04242793],\n       [0.15739862, 4.01367661, 3.30379023, 2.4535772 , 5.01419869,\n        4.07262112],\n       [0.1750417 , 3.78742553, 3.42300215, 2.41547806, 4.86915036,\n        3.93588239],\n       [0.16672166, 3.92180597, 3.3352201 , 2.46137547, 4.93539713,\n        3.95427687],\n       [0.15919641, 4.03744186, 3.26178036, 2.48105585, 4.87905692,\n        3.95542675],\n       [0.15480178, 4.08110594, 3.23147039, 2.43344619, 4.99738899,\n        4.04887505],\n       [0.15974732, 3.96806558, 3.28300093, 2.44030635, 4.96015412,\n        4.05565658]]), array([0.68174951, 0.68205374, 0.68208496, 0.68223756, 0.68243265,\n       0.68283206, 0.68308541]))"}, "3": {"maxiter": 100, "fatol": 1e-10, "xatol": 1e-10, "duration": 0.02567601203918457, "fun": "0.6817495132830762", "nit": "100", "nfev": "153", "status": "2", "success": "False", "message": "Maximum number of iterations has been exceeded.", "x": "[0.17037722 3.85787066 3.39107793 2.42284627 4.96612405 4.04242793]", "final_simplex": "(array([[0.17037722, 3.85787066, 3.39107793, 2.42284627, 4.96612405,\n        4.04242793],\n       [0.15739862, 4.01367661, 3.30379023, 2.4535772 , 5.01419869,\n        4.07262112],\n       [0.1750417 , 3.78742553, 3.42300215, 2.41547806, 4.86915036,\n        3.93588239],\n       [0.16672166, 3.92180597, 3.3352201 , 2.46137547, 4.93539713,\n        3.95427687],\n       [0.15919641, 4.03744186, 3.26178036, 2.48105585, 4.87905692,\n        3.95542675],\n       [0.15480178, 4.08110594, 3.23147039, 2.43344619, 4.99738899,\n        4.04887505],\n       [0.15974732, 3.96806558, 3.28300093, 2.44030635, 4.96015412,\n        4.05565658]]), array([0.68174951, 0.68205374, 0.68208496, 0.68223756, 0.68243265,\n       0.68283206, 0.68308541]))"}, "4": {"maxiter": 500, "fatol": 1e-05, "xatol": 1e-05, "duration": 0.12903285026550293, "fun": "0.5871701686807181", "nit": "500", "nfev": "772", "status": "2", "success": "False", "message": "Maximum number of iterations has been exceeded.", "x": "[1.97900214 4.75322935 2.28394844 2.07500981 6.25129964 5.79917325]", "final_simplex": "(array([[1.97900214, 4.75322935, 2.28394844, 2.07500981, 6.25129964,\n        5.79917325],\n       [1.97900406, 4.75322607, 2.28394918, 2.07499672, 6.2513049 ,\n        5.79918392],\n       [1.97903408, 4.75322126, 2.2839241 , 2.07497957, 6.2513013 ,\n        5.79918419],\n       [1.97903317, 4.7531888 , 2.28390064, 2.07501958, 6.2513325 ,\n        5.79920495],\n       [1.97898447, 4.75320484, 2.28394036, 2.07500001, 6.25128183,\n        5.79914885],\n       [1.97901083, 4.75321972, 2.28392156, 2.07500122, 6.25131996,\n        5.79918106],\n       [1.97905337, 4.75320253, 2.28389521, 2.07500001, 6.25129761,\n        5.79921078]]), array([0.58717017, 0.58717017, 0.58717017, 0.58717017, 0.58717017,\n       0.58717017, 0.58717017]))"}, "5": {"maxiter": 500, "fatol": 1e-05, "xatol": 1e-10, "duration": 0.12905192375183105, "fun": "0.5871701686807181", "nit": "500", "nfev": "772", "status": "2", "success": "False", "message": "Maximum number of iterations has been exceeded.", "x": "[1.97900214 4.75322935 2.28394844 2.07500981 6.25129964 5.79917325]", "final_simplex": "(array([[1.97900214, 4.75322935, 2.28394844, 2.07500981, 6.25129964,\n        5.79917325],\n       [1.97900406, 4.75322607, 2.28394918, 2.07499672, 6.2513049 ,\n        5.79918392],\n       [1.97903408, 4.75322126, 2.2839241 , 2.07497957, 6.2513013 ,\n        5.79918419],\n       [1.97903317, 4.7531888 , 2.28390064, 2.07501958, 6.2513325 ,\n        5.79920495],\n       [1.97898447, 4.75320484, 2.28394036, 2.07500001, 6.25128183,\n        5.79914885],\n       [1.97901083, 4.75321972, 2.28392156, 2.07500122, 6.25131996,\n        5.79918106],\n       [1.97905337, 4.75320253, 2.28389521, 2.07500001, 6.25129761,\n        5.79921078]]), array([0.58717017, 0.58717017, 0.58717017, 0.58717017, 0.58717017,\n       0.58717017, 0.58717017]))"}, "6": {"maxiter": 500, "fatol": 1e-10, "xatol": 1e-05, "duration": 0.12998700141906738, "fun": "0.5871701686807181", "nit": "500", "nfev": "772", "status": "2", "success": "False", "message": "Maximum number of iterations has been exceeded.", "x": "[1.97900214 4.75322935 2.28394844 2.07500981 6.25129964 5.79917325]", "final_simplex": "(array([[1.97900214, 4.75322935, 2.28394844, 2.07500981, 6.25129964,\n        5.79917325],\n       [1.97900406, 4.75322607, 2.28394918, 2.07499672, 6.2513049 ,\n        5.79918392],\n       [1.97903408, 4.75322126, 2.2839241 , 2.07497957, 6.2513013 ,\n        5.79918419],\n       [1.97903317, 4.7531888 , 2.28390064, 2.07501958, 6.2513325 ,\n        5.79920495],\n       [1.97898447, 4.75320484, 2.28394036, 2.07500001, 6.25128183,\n        5.79914885],\n       [1.97901083, 4.75321972, 2.28392156, 2.07500122, 6.25131996,\n        5.79918106],\n       [1.97905337, 4.75320253, 2.28389521, 2.07500001, 6.25129761,\n        5.79921078]]), array([0.58717017, 0.58717017, 0.58717017, 0.58717017, 0.58717017,\n       0.58717017, 0.58717017]))"}, "7": {"maxiter": 500, "fatol": 1e-10, "xatol": 1e-10, "duration": 0.1351020336151123, "fun": "0.5871701686807181", "nit": "500", "nfev": "772", "status": "2", "success": "False", "message": "Maximum number of iterations has been exceeded.", "x": "[1.97900214 4.75322935 2.28394844 2.07500981 6.25129964 5.79917325]", "final_simplex": "(array([[1.97900214, 4.75322935, 2.28394844, 2.07500981, 6.25129964,\n        5.79917325],\n       [1.97900406, 4.75322607, 2.28394918, 2.07499672, 6.2513049 ,\n        5.79918392],\n       [1.97903408, 4.75322126, 2.2839241 , 2.07497957, 6.2513013 ,\n        5.79918419],\n       [1.97903317, 4.7531888 , 2.28390064, 2.07501958, 6.2513325 ,\n        5.79920495],\n       [1.97898447, 4.75320484, 2.28394036, 2.07500001, 6.25128183,\n        5.79914885],\n       [1.97901083, 4.75321972, 2.28392156, 2.07500122, 6.25131996,\n        5.79918106],\n       [1.97905337, 4.75320253, 2.28389521, 2.07500001, 6.25129761,\n        5.79921078]]), array([0.58717017, 0.58717017, 0.58717017, 0.58717017, 0.58717017,\n       0.58717017, 0.58717017]))"}, "8": {"maxiter": 1000, "fatol": 1e-05, "xatol": 1e-05, "duration": 0.147230863571167, "fun": "0.5871701685405001", "nit": "550", "nfev": "847", "status": "0", "success": "True", "message": "Optimization terminated successfully.", "x": "[1.97901803 4.75320753 2.28397366 2.07500711 6.25127609 5.79914523]", "final_simplex": "(array([[1.97901803, 4.75320753, 2.28397366, 2.07500711, 6.25127609,\n        5.79914523],\n       [1.97901568, 4.75320974, 2.28397483, 2.07500746, 6.25126824,\n        5.79914351],\n       [1.9790173 , 4.75320852, 2.28397003, 2.07500389, 6.25127345,\n        5.79914629],\n       [1.97901525, 4.75320689, 2.28396615, 2.07501134, 6.25127524,\n        5.79914446],\n       [1.97902365, 4.75320525, 2.28396558, 2.07500575, 6.25127102,\n        5.79915051],\n       [1.97901278, 4.75320681, 2.28397729, 2.07500813, 6.25127182,\n        5.79914135],\n       [1.97901972, 4.75320739, 2.28397092, 2.07500546, 6.25127534,\n        5.79915435]]), array([0.58717017, 0.58717017, 0.58717017, 0.58717017, 0.58717017,\n       0.58717017, 0.58717017]))"}, "9": {"maxiter": 1000, "fatol": 1e-05, "xatol": 1e-10, "duration": 0.18834590911865234, "fun": "0.5871701685375884", "nit": "664", "nfev": "1087", "status": "0", "success": "True", "message": "Optimization terminated successfully.", "x": "[1.97901922 4.75321076 2.28397051 2.07500934 6.25127856 5.79914985]", "final_simplex": "(array([[1.97901922, 4.75321076, 2.28397051, 2.07500934, 6.25127856,\n        5.79914985],\n       [1.97901922, 4.75321076, 2.28397051, 2.07500934, 6.25127856,\n        5.79914985],\n       [1.97901922, 4.75321076, 2.28397051, 2.07500934, 6.25127856,\n        5.79914985],\n       [1.97901922, 4.75321076, 2.28397051, 2.07500934, 6.25127856,\n        5.79914985],\n       [1.97901922, 4.75321076, 2.28397051, 2.07500934, 6.25127856,\n        5.79914985],\n       [1.97901922, 4.75321076, 2.28397051, 2.07500934, 6.25127856,\n        5.79914985],\n       [1.97901922, 4.75321076, 2.28397051, 2.07500934, 6.25127856,\n        5.79914985]]), array([0.58717017, 0.58717017, 0.58717017, 0.58717017, 0.58717017,\n       0.58717017, 0.58717017]))"}, "10": {"maxiter": 1000, "fatol": 1e-10, "xatol": 1e-05, "duration": 0.1469099521636963, "fun": "0.5871701685405001", "nit": "550", "nfev": "847", "status": "0", "success": "True", "message": "Optimization terminated successfully.", "x": "[1.97901803 4.75320753 2.28397366 2.07500711 6.25127609 5.79914523]", "final_simplex": "(array([[1.97901803, 4.75320753, 2.28397366, 2.07500711, 6.25127609,\n        5.79914523],\n       [1.97901568, 4.75320974, 2.28397483, 2.07500746, 6.25126824,\n        5.79914351],\n       [1.9790173 , 4.75320852, 2.28397003, 2.07500389, 6.25127345,\n        5.79914629],\n       [1.97901525, 4.75320689, 2.28396615, 2.07501134, 6.25127524,\n        5.79914446],\n       [1.97902365, 4.75320525, 2.28396558, 2.07500575, 6.25127102,\n        5.79915051],\n       [1.97901278, 4.75320681, 2.28397729, 2.07500813, 6.25127182,\n        5.79914135],\n       [1.97901972, 4.75320739, 2.28397092, 2.07500546, 6.25127534,\n        5.79915435]]), array([0.58717017, 0.58717017, 0.58717017, 0.58717017, 0.58717017,\n       0.58717017, 0.58717017]))"}, "11": {"maxiter": 1000, "fatol": 1e-10, "xatol": 1e-10, "duration": 0.18848705291748047, "fun": "0.5871701685375884", "nit": "664", "nfev": "1087", "status": "0", "success": "True", "message": "Optimization terminated successfully.", "x": "[1.97901922 4.75321076 2.28397051 2.07500934 6.25127856 5.79914985]", "final_simplex": "(array([[1.97901922, 4.75321076, 2.28397051, 2.07500934, 6.25127856,\n        5.79914985],\n       [1.97901922, 4.75321076, 2.28397051, 2.07500934, 6.25127856,\n        5.79914985],\n       [1.97901922, 4.75321076, 2.28397051, 2.07500934, 6.25127856,\n        5.79914985],\n       [1.97901922, 4.75321076, 2.28397051, 2.07500934, 6.25127856,\n        5.79914985],\n       [1.97901922, 4.75321076, 2.28397051, 2.07500934, 6.25127856,\n        5.79914985],\n       [1.97901922, 4.75321076, 2.28397051, 2.07500934, 6.25127856,\n        5.79914985],\n       [1.97901922, 4.75321076, 2.28397051, 2.07500934, 6.25127856,\n        5.79914985]]), array([0.58717017, 0.58717017, 0.58717017, 0.58717017, 0.58717017,\n       0.58717017, 0.58717017]))"}}, "bfgs": {"type": "gradient", "0": {"maxiter": 100, "gtol": 1e-05, "xrtol": 1e-05, "eps": 1e-05, "duration": 0.04526329040527344, "fun": "0.5871701689391264", "jac": "[-1.84462445e-06 -6.58857413e-06 -8.85935769e-07  4.33215686e-06\n  3.37819772e-06 -1.95203853e-06]", "hess_inv": "[[ 12.19058822  -1.36331598  -8.07016208  -2.45069852   2.67611485\n    9.05782023]\n [ -1.36331598   7.33423815   4.62855416  -0.39756815  -0.43676415\n   -0.86280152]\n [ -8.07016208   4.62855416  16.44606233   1.27914536  -5.47105731\n  -10.70021178]\n [ -2.45069852  -0.39756815   1.27914536   5.32022286   0.43667919\n   -1.87549703]\n [  2.67611485  -0.43676415  -5.47105731   0.43667919  12.83847673\n    7.99026542]\n [  9.05782023  -0.86280152 -10.70021178  -1.87549703   7.99026542\n   15.54323839]]", "nfev": "252", "njev": "36", "status": "0", "success": "True", "message": "Optimization terminated successfully.", "x": "[1.97899459 4.7531514  2.28393089 2.07503879 6.25130672 5.79913483]", "nit": "33"}, "1": {"maxiter": 100, "gtol": 1e-05, "xrtol": 1e-05, "eps": 1e-10, "duration": 0.04509305953979492, "fun": "0.5871701689426786", "jac": "[ 0.00000000e+00 -5.55111466e-06 -2.22044587e-06  5.55111466e-06\n  3.33066880e-06 -2.22044587e-06]", "hess_inv": "[[ 12.17113963  -1.3901931   -8.06318346  -2.51488556   2.59218095\n    9.00215653]\n [ -1.3901931    7.3109278    4.65175142  -0.41221412  -0.48348927\n   -0.92623033]\n [ -8.06318346   4.65175142  16.43820169   1.32856768  -5.39916687\n  -10.65696322]\n [ -2.51488556  -0.41221412   1.32856768   5.35614021   0.44694941\n   -1.92013875]\n [  2.59218095  -0.48348927  -5.39916687   0.44694941  12.75178544\n    7.85862402]\n [  9.00215653  -0.92623033 -10.65696322  -1.92013875   7.85862402\n   15.42146268]]", "nfev": "252", "njev": "36", "status": "0", "success": "True", "message": "Optimization terminated successfully.", "x": "[1.97902355 4.75316529 2.2839119  2.07504705 6.25134905 5.79918061]", "nit": "33"}, "2": {"maxiter": 100, "gtol": 1e-05, "xrtol": 1e-10, "eps": 1e-05, "duration": 0.04512190818786621, "fun": "0.5871701689391264", "jac": "[-1.84462445e-06 -6.58857413e-06 -8.85935769e-07  4.33215686e-06\n  3.37819772e-06 -1.95203853e-06]", "hess_inv": "[[ 12.19058822  -1.36331598  -8.07016208  -2.45069852   2.67611485\n    9.05782023]\n [ -1.36331598   7.33423815   4.62855416  -0.39756815  -0.43676415\n   -0.86280152]\n [ -8.07016208   4.62855416  16.44606233   1.27914536  -5.47105731\n  -10.70021178]\n [ -2.45069852  -0.39756815   1.27914536   5.32022286   0.43667919\n   -1.87549703]\n [  2.67611485  -0.43676415  -5.47105731   0.43667919  12.83847673\n    7.99026542]\n [  9.05782023  -0.86280152 -10.70021178  -1.87549703   7.99026542\n   15.54323839]]", "nfev": "252", "njev": "36", "status": "0", "success": "True", "message": "Optimization terminated successfully.", "x": "[1.97899459 4.7531514  2.28393089 2.07503879 6.25130672 5.79913483]", "nit": "33"}, "3": {"maxiter": 100, "gtol": 1e-05, "xrtol": 1e-10, "eps": 1e-10, "duration": 0.04495120048522949, "fun": "0.5871701689426786", "jac": "[ 0.00000000e+00 -5.55111466e-06 -2.22044587e-06  5.55111466e-06\n  3.33066880e-06 -2.22044587e-06]", "hess_inv": "[[ 12.17113963  -1.3901931   -8.06318346  -2.51488556   2.59218095\n    9.00215653]\n [ -1.3901931    7.3109278    4.65175142  -0.41221412  -0.48348927\n   -0.92623033]\n [ -8.06318346   4.65175142  16.43820169   1.32856768  -5.39916687\n  -10.65696322]\n [ -2.51488556  -0.41221412   1.32856768   5.35614021   0.44694941\n   -1.92013875]\n [  2.59218095  -0.48348927  -5.39916687   0.44694941  12.75178544\n    7.85862402]\n [  9.00215653  -0.92623033 -10.65696322  -1.92013875   7.85862402\n   15.42146268]]", "nfev": "252", "njev": "36", "status": "0", "success": "True", "message": "Optimization terminated successfully.", "x": "[1.97902355 4.75316529 2.2839119  2.07504705 6.25134905 5.79918061]", "nit": "33"}, "4": {"maxiter": 100, "gtol": 1e-10, "xrtol": 1e-05, "eps": 1e-05, "duration": 0.04599404335021973, "fun": "0.5871701685625321", "jac": "[-3.82804899e-08  5.11790610e-07 -4.49795756e-07 -1.16130439e-06\n -2.99005265e-07  3.29591909e-07]", "hess_inv": "[[ 11.80262874  -1.74167922  -7.77139736  -2.38877398   2.64451367\n    8.70980237]\n [ -1.74167922   7.28796071   5.43201088  -0.70457782  -0.88913951\n   -1.32375464]\n [ -7.77139736   5.43201088  17.02852414   0.64848744  -6.11561877\n  -10.62506316]\n [ -2.38877398  -0.70457782   0.64848744   5.7286013    0.92163571\n   -1.68157881]\n [  2.64451367  -0.88913951  -6.11561877   0.92163571  13.38655189\n    8.12068159]\n [  8.70980237  -1.32375464 -10.62506316  -1.68157881   8.12068159\n   15.27682504]]", "nfev": "259", "njev": "37", "status": "0", "success": "True", "message": "Optimization terminated successfully.", "x": "[1.97901642 4.75320449 2.28396454 2.0749991  6.25126696 5.79914244]", "nit": "34"}, "5": {"maxiter": 100, "gtol": 1e-10, "xrtol": 1e-05, "eps": 1e-10, "duration": 0.04726386070251465, "fun": "0.5871701685507682", "jac": "[-1.11022293e-06  1.11022293e-06  0.00000000e+00  0.00000000e+00\n  0.00000000e+00  1.11022293e-06]", "hess_inv": "[[ 12.2094202   -2.4850254   -9.05463325  -1.80562998   3.60785949\n    9.29173443]\n [ -2.4850254    6.31905635   4.92148881  -0.24334251  -2.55277343\n   -2.67482429]\n [ -9.05463325   4.92148881  17.47901636   0.83371335  -8.43941074\n  -12.55719931]\n [ -1.80562998  -0.24334251   0.83371335   5.50822808   2.26308058\n   -0.6578126 ]\n [  3.60785949  -2.55277343  -8.43941074   2.26308058  17.00159235\n   10.0151419 ]\n [  9.29173443  -2.67482429 -12.55719931  -0.6578126   10.0151419\n   16.26102144]]", "nfev": "266", "njev": "38", "status": "0", "success": "True", "message": "Optimization terminated successfully.", "x": "[1.97900829 4.75321521 2.28397363 2.07500797 6.25126919 5.79914428]", "nit": "35"}, "6": {"maxiter": 100, "gtol": 1e-10, "xrtol": 1e-10, "eps": 1e-05, "duration": 0.07140827178955078, "fun": "0.5871701685569182", "jac": "[ 0.00000000e+00  2.66453526e-10 -2.44249065e-10 -3.33066907e-11\n  1.77635684e-10 -1.55431223e-10]", "hess_inv": "[[ 11.45018404  -2.18805941  -7.41672014  -1.80850803   2.45793791\n    8.3365244 ]\n [ -2.18805941   7.46796743   6.03186419  -0.47553377  -0.86416831\n   -1.95404202]\n [ -7.41672014   6.03186419  16.90992506   0.44906174  -6.21727066\n  -10.2665294 ]\n [ -1.80850803  -0.47553377   0.44906174   5.36176716   0.4499885\n   -1.04102252]\n [  2.45793791  -0.86416831  -6.21727066   0.4499885   13.89140659\n    7.86669482]\n [  8.3365244   -1.95404202 -10.2665294   -1.04102252   7.86669482\n   14.89984148]]", "nfev": "404", "njev": "56", "status": "2", "success": "False", "message": "Desired error not necessarily achieved due to precision loss.", "x": "[1.97901046 4.75320315 2.28397099 2.07500615 6.25126671 5.79913524]", "nit": "37"}, "7": {"maxiter": 100, "gtol": 1e-10, "xrtol": 1e-10, "eps": 1e-10, "duration": 0.09664201736450195, "fun": "0.5871701685474644", "jac": "[1.11022293e-06 1.11022293e-06 1.11022293e-06 1.11022293e-06\n 2.22044587e-06 1.11022293e-06]", "hess_inv": "[[ 25.20033311 -21.24334195 -21.73881402  -5.47328648  -4.61239729\n   10.16387873]\n [-21.24334195  29.22100853  22.67994385   3.20499438   1.08030225\n   -8.53812455]\n [-21.73881402  22.67994385  28.59525422   4.25475001  -0.28232476\n  -11.93753142]\n [ -5.47328648   3.20499438   4.25475001   5.3753851    0.84238932\n   -2.71074338]\n [ -4.61239729   1.08030225  -0.28232476   0.84238932   4.72757193\n   -1.72347296]\n [ 10.16387873  -8.53812455 -11.93753142  -2.71074338  -1.72347296\n    7.20869328]]", "nfev": "551", "njev": "77", "status": "2", "success": "False", "message": "Desired error not necessarily achieved due to precision loss.", "x": "[1.97901843 4.75320395 2.28396557 2.07500782 6.25126806 5.79914481]", "nit": "37"}, "8": {"maxiter": 500, "gtol": 1e-05, "xrtol": 1e-05, "eps": 1e-05, "duration": 0.044474124908447266, "fun": "0.5871701689391264", "jac": "[-1.84462445e-06 -6.58857413e-06 -8.85935769e-07  4.33215686e-06\n  3.37819772e-06 -1.95203853e-06]", "hess_inv": "[[ 12.19058822  -1.36331598  -8.07016208  -2.45069852   2.67611485\n    9.05782023]\n [ -1.36331598   7.33423815   4.62855416  -0.39756815  -0.43676415\n   -0.86280152]\n [ -8.07016208   4.62855416  16.44606233   1.27914536  -5.47105731\n  -10.70021178]\n [ -2.45069852  -0.39756815   1.27914536   5.32022286   0.43667919\n   -1.87549703]\n [  2.67611485  -0.43676415  -5.47105731   0.43667919  12.83847673\n    7.99026542]\n [  9.05782023  -0.86280152 -10.70021178  -1.87549703   7.99026542\n   15.54323839]]", "nfev": "252", "njev": "36", "status": "0", "success": "True", "message": "Optimization terminated successfully.", "x": "[1.97899459 4.7531514  2.28393089 2.07503879 6.25130672 5.79913483]", "nit": "33"}, "9": {"maxiter": 500, "gtol": 1e-05, "xrtol": 1e-05, "eps": 1e-10, "duration": 0.04432320594787598, "fun": "0.5871701689426786", "jac": "[ 0.00000000e+00 -5.55111466e-06 -2.22044587e-06  5.55111466e-06\n  3.33066880e-06 -2.22044587e-06]", "hess_inv": "[[ 12.17113963  -1.3901931   -8.06318346  -2.51488556   2.59218095\n    9.00215653]\n [ -1.3901931    7.3109278    4.65175142  -0.41221412  -0.48348927\n   -0.92623033]\n [ -8.06318346   4.65175142  16.43820169   1.32856768  -5.39916687\n  -10.65696322]\n [ -2.51488556  -0.41221412   1.32856768   5.35614021   0.44694941\n   -1.92013875]\n [  2.59218095  -0.48348927  -5.39916687   0.44694941  12.75178544\n    7.85862402]\n [  9.00215653  -0.92623033 -10.65696322  -1.92013875   7.85862402\n   15.42146268]]", "nfev": "252", "njev": "36", "status": "0", "success": "True", "message": "Optimization terminated successfully.", "x": "[1.97902355 4.75316529 2.2839119  2.07504705 6.25134905 5.79918061]", "nit": "33"}, "10": {"maxiter": 500, "gtol": 1e-05, "xrtol": 1e-10, "eps": 1e-05, "duration": 0.044232845306396484, "fun": "0.5871701689391264", "jac": "[-1.84462445e-06 -6.58857413e-06 -8.85935769e-07  4.33215686e-06\n  3.37819772e-06 -1.95203853e-06]", "hess_inv": "[[ 12.19058822  -1.36331598  -8.07016208  -2.45069852   2.67611485\n    9.05782023]\n [ -1.36331598   7.33423815   4.62855416  -0.39756815  -0.43676415\n   -0.86280152]\n [ -8.07016208   4.62855416  16.44606233   1.27914536  -5.47105731\n  -10.70021178]\n [ -2.45069852  -0.39756815   1.27914536   5.32022286   0.43667919\n   -1.87549703]\n [  2.67611485  -0.43676415  -5.47105731   0.43667919  12.83847673\n    7.99026542]\n [  9.05782023  -0.86280152 -10.70021178  -1.87549703   7.99026542\n   15.54323839]]", "nfev": "252", "njev": "36", "status": "0", "success": "True", "message": "Optimization terminated successfully.", "x": "[1.97899459 4.7531514  2.28393089 2.07503879 6.25130672 5.79913483]", "nit": "33"}, "11": {"maxiter": 500, "gtol": 1e-05, "xrtol": 1e-10, "eps": 1e-10, "duration": 0.0442047119140625, "fun": "0.5871701689426786", "jac": "[ 0.00000000e+00 -5.55111466e-06 -2.22044587e-06  5.55111466e-06\n  3.33066880e-06 -2.22044587e-06]", "hess_inv": "[[ 12.17113963  -1.3901931   -8.06318346  -2.51488556   2.59218095\n    9.00215653]\n [ -1.3901931    7.3109278    4.65175142  -0.41221412  -0.48348927\n   -0.92623033]\n [ -8.06318346   4.65175142  16.43820169   1.32856768  -5.39916687\n  -10.65696322]\n [ -2.51488556  -0.41221412   1.32856768   5.35614021   0.44694941\n   -1.92013875]\n [  2.59218095  -0.48348927  -5.39916687   0.44694941  12.75178544\n    7.85862402]\n [  9.00215653  -0.92623033 -10.65696322  -1.92013875   7.85862402\n   15.42146268]]", "nfev": "252", "njev": "36", "status": "0", "success": "True", "message": "Optimization terminated successfully.", "x": "[1.97902355 4.75316529 2.2839119  2.07504705 6.25134905 5.79918061]", "nit": "33"}, "12": {"maxiter": 500, "gtol": 1e-10, "xrtol": 1e-05, "eps": 1e-05, "duration": 0.04546022415161133, "fun": "0.5871701685625321", "jac": "[-3.82804899e-08  5.11790610e-07 -4.49795756e-07 -1.16130439e-06\n -2.99005265e-07  3.29591909e-07]", "hess_inv": "[[ 11.80262874  -1.74167922  -7.77139736  -2.38877398   2.64451367\n    8.70980237]\n [ -1.74167922   7.28796071   5.43201088  -0.70457782  -0.88913951\n   -1.32375464]\n [ -7.77139736   5.43201088  17.02852414   0.64848744  -6.11561877\n  -10.62506316]\n [ -2.38877398  -0.70457782   0.64848744   5.7286013    0.92163571\n   -1.68157881]\n [  2.64451367  -0.88913951  -6.11561877   0.92163571  13.38655189\n    8.12068159]\n [  8.70980237  -1.32375464 -10.62506316  -1.68157881   8.12068159\n   15.27682504]]", "nfev": "259", "njev": "37", "status": "0", "success": "True", "message": "Optimization terminated successfully.", "x": "[1.97901642 4.75320449 2.28396454 2.0749991  6.25126696 5.79914244]", "nit": "34"}, "13": {"maxiter": 500, "gtol": 1e-10, "xrtol": 1e-05, "eps": 1e-10, "duration": 0.046585798263549805, "fun": "0.5871701685507682", "jac": "[-1.11022293e-06  1.11022293e-06  0.00000000e+00  0.00000000e+00\n  0.00000000e+00  1.11022293e-06]", "hess_inv": "[[ 12.2094202   -2.4850254   -9.05463325  -1.80562998   3.60785949\n    9.29173443]\n [ -2.4850254    6.31905635   4.92148881  -0.24334251  -2.55277343\n   -2.67482429]\n [ -9.05463325   4.92148881  17.47901636   0.83371335  -8.43941074\n  -12.55719931]\n [ -1.80562998  -0.24334251   0.83371335   5.50822808   2.26308058\n   -0.6578126 ]\n [  3.60785949  -2.55277343  -8.43941074   2.26308058  17.00159235\n   10.0151419 ]\n [  9.29173443  -2.67482429 -12.55719931  -0.6578126   10.0151419\n   16.26102144]]", "nfev": "266", "njev": "38", "status": "0", "success": "True", "message": "Optimization terminated successfully.", "x": "[1.97900829 4.75321521 2.28397363 2.07500797 6.25126919 5.79914428]", "nit": "35"}, "14": {"maxiter": 500, "gtol": 1e-10, "xrtol": 1e-10, "eps": 1e-05, "duration": 0.07053375244140625, "fun": "0.5871701685569182", "jac": "[ 0.00000000e+00  2.66453526e-10 -2.44249065e-10 -3.33066907e-11\n  1.77635684e-10 -1.55431223e-10]", "hess_inv": "[[ 11.45018404  -2.18805941  -7.41672014  -1.80850803   2.45793791\n    8.3365244 ]\n [ -2.18805941   7.46796743   6.03186419  -0.47553377  -0.86416831\n   -1.95404202]\n [ -7.41672014   6.03186419  16.90992506   0.44906174  -6.21727066\n  -10.2665294 ]\n [ -1.80850803  -0.47553377   0.44906174   5.36176716   0.4499885\n   -1.04102252]\n [  2.45793791  -0.86416831  -6.21727066   0.4499885   13.89140659\n    7.86669482]\n [  8.3365244   -1.95404202 -10.2665294   -1.04102252   7.86669482\n   14.89984148]]", "nfev": "404", "njev": "56", "status": "2", "success": "False", "message": "Desired error not necessarily achieved due to precision loss.", "x": "[1.97901046 4.75320315 2.28397099 2.07500615 6.25126671 5.79913524]", "nit": "37"}, "15": {"maxiter": 500, "gtol": 1e-10, "xrtol": 1e-10, "eps": 1e-10, "duration": 0.09560322761535645, "fun": "0.5871701685474644", "jac": "[1.11022293e-06 1.11022293e-06 1.11022293e-06 1.11022293e-06\n 2.22044587e-06 1.11022293e-06]", "hess_inv": "[[ 25.20033311 -21.24334195 -21.73881402  -5.47328648  -4.61239729\n   10.16387873]\n [-21.24334195  29.22100853  22.67994385   3.20499438   1.08030225\n   -8.53812455]\n [-21.73881402  22.67994385  28.59525422   4.25475001  -0.28232476\n  -11.93753142]\n [ -5.47328648   3.20499438   4.25475001   5.3753851    0.84238932\n   -2.71074338]\n [ -4.61239729   1.08030225  -0.28232476   0.84238932   4.72757193\n   -1.72347296]\n [ 10.16387873  -8.53812455 -11.93753142  -2.71074338  -1.72347296\n    7.20869328]]", "nfev": "551", "njev": "77", "status": "2", "success": "False", "message": "Desired error not necessarily achieved due to precision loss.", "x": "[1.97901843 4.75320395 2.28396557 2.07500782 6.25126806 5.79914481]", "nit": "37"}, "16": {"maxiter": 1000, "gtol": 1e-05, "xrtol": 1e-05, "eps": 1e-05, "duration": 0.044075965881347656, "fun": "0.5871701689391264", "jac": "[-1.84462445e-06 -6.58857413e-06 -8.85935769e-07  4.33215686e-06\n  3.37819772e-06 -1.95203853e-06]", "hess_inv": "[[ 12.19058822  -1.36331598  -8.07016208  -2.45069852   2.67611485\n    9.05782023]\n [ -1.36331598   7.33423815   4.62855416  -0.39756815  -0.43676415\n   -0.86280152]\n [ -8.07016208   4.62855416  16.44606233   1.27914536  -5.47105731\n  -10.70021178]\n [ -2.45069852  -0.39756815   1.27914536   5.32022286   0.43667919\n   -1.87549703]\n [  2.67611485  -0.43676415  -5.47105731   0.43667919  12.83847673\n    7.99026542]\n [  9.05782023  -0.86280152 -10.70021178  -1.87549703   7.99026542\n   15.54323839]]", "nfev": "252", "njev": "36", "status": "0", "success": "True", "message": "Optimization terminated successfully.", "x": "[1.97899459 4.7531514  2.28393089 2.07503879 6.25130672 5.79913483]", "nit": "33"}, "17": {"maxiter": 1000, "gtol": 1e-05, "xrtol": 1e-05, "eps": 1e-10, "duration": 0.043981075286865234, "fun": "0.5871701689426786", "jac": "[ 0.00000000e+00 -5.55111466e-06 -2.22044587e-06  5.55111466e-06\n  3.33066880e-06 -2.22044587e-06]", "hess_inv": "[[ 12.17113963  -1.3901931   -8.06318346  -2.51488556   2.59218095\n    9.00215653]\n [ -1.3901931    7.3109278    4.65175142  -0.41221412  -0.48348927\n   -0.92623033]\n [ -8.06318346   4.65175142  16.43820169   1.32856768  -5.39916687\n  -10.65696322]\n [ -2.51488556  -0.41221412   1.32856768   5.35614021   0.44694941\n   -1.92013875]\n [  2.59218095  -0.48348927  -5.39916687   0.44694941  12.75178544\n    7.85862402]\n [  9.00215653  -0.92623033 -10.65696322  -1.92013875   7.85862402\n   15.42146268]]", "nfev": "252", "njev": "36", "status": "0", "success": "True", "message": "Optimization terminated successfully.", "x": "[1.97902355 4.75316529 2.2839119  2.07504705 6.25134905 5.79918061]", "nit": "33"}, "18": {"maxiter": 1000, "gtol": 1e-05, "xrtol": 1e-10, "eps": 1e-05, "duration": 0.04399991035461426, "fun": "0.5871701689391264", "jac": "[-1.84462445e-06 -6.58857413e-06 -8.85935769e-07  4.33215686e-06\n  3.37819772e-06 -1.95203853e-06]", "hess_inv": "[[ 12.19058822  -1.36331598  -8.07016208  -2.45069852   2.67611485\n    9.05782023]\n [ -1.36331598   7.33423815   4.62855416  -0.39756815  -0.43676415\n   -0.86280152]\n [ -8.07016208   4.62855416  16.44606233   1.27914536  -5.47105731\n  -10.70021178]\n [ -2.45069852  -0.39756815   1.27914536   5.32022286   0.43667919\n   -1.87549703]\n [  2.67611485  -0.43676415  -5.47105731   0.43667919  12.83847673\n    7.99026542]\n [  9.05782023  -0.86280152 -10.70021178  -1.87549703   7.99026542\n   15.54323839]]", "nfev": "252", "njev": "36", "status": "0", "success": "True", "message": "Optimization terminated successfully.", "x": "[1.97899459 4.7531514  2.28393089 2.07503879 6.25130672 5.79913483]", "nit": "33"}, "19": {"maxiter": 1000, "gtol": 1e-05, "xrtol": 1e-10, "eps": 1e-10, "duration": 0.04399895668029785, "fun": "0.5871701689426786", "jac": "[ 0.00000000e+00 -5.55111466e-06 -2.22044587e-06  5.55111466e-06\n  3.33066880e-06 -2.22044587e-06]", "hess_inv": "[[ 12.17113963  -1.3901931   -8.06318346  -2.51488556   2.59218095\n    9.00215653]\n [ -1.3901931    7.3109278    4.65175142  -0.41221412  -0.48348927\n   -0.92623033]\n [ -8.06318346   4.65175142  16.43820169   1.32856768  -5.39916687\n  -10.65696322]\n [ -2.51488556  -0.41221412   1.32856768   5.35614021   0.44694941\n   -1.92013875]\n [  2.59218095  -0.48348927  -5.39916687   0.44694941  12.75178544\n    7.85862402]\n [  9.00215653  -0.92623033 -10.65696322  -1.92013875   7.85862402\n   15.42146268]]", "nfev": "252", "njev": "36", "status": "0", "success": "True", "message": "Optimization terminated successfully.", "x": "[1.97902355 4.75316529 2.2839119  2.07504705 6.25134905 5.79918061]", "nit": "33"}, "20": {"maxiter": 1000, "gtol": 1e-10, "xrtol": 1e-05, "eps": 1e-05, "duration": 0.04516196250915527, "fun": "0.5871701685625321", "jac": "[-3.82804899e-08  5.11790610e-07 -4.49795756e-07 -1.16130439e-06\n -2.99005265e-07  3.29591909e-07]", "hess_inv": "[[ 11.80262874  -1.74167922  -7.77139736  -2.38877398   2.64451367\n    8.70980237]\n [ -1.74167922   7.28796071   5.43201088  -0.70457782  -0.88913951\n   -1.32375464]\n [ -7.77139736   5.43201088  17.02852414   0.64848744  -6.11561877\n  -10.62506316]\n [ -2.38877398  -0.70457782   0.64848744   5.7286013    0.92163571\n   -1.68157881]\n [  2.64451367  -0.88913951  -6.11561877   0.92163571  13.38655189\n    8.12068159]\n [  8.70980237  -1.32375464 -10.62506316  -1.68157881   8.12068159\n   15.27682504]]", "nfev": "259", "njev": "37", "status": "0", "success": "True", "message": "Optimization terminated successfully.", "x": "[1.97901642 4.75320449 2.28396454 2.0749991  6.25126696 5.79914244]", "nit": "34"}, "21": {"maxiter": 1000, "gtol": 1e-10, "xrtol": 1e-05, "eps": 1e-10, "duration": 0.0463409423828125, "fun": "0.5871701685507682", "jac": "[-1.11022293e-06  1.11022293e-06  0.00000000e+00  0.00000000e+00\n  0.00000000e+00  1.11022293e-06]", "hess_inv": "[[ 12.2094202   -2.4850254   -9.05463325  -1.80562998   3.60785949\n    9.29173443]\n [ -2.4850254    6.31905635   4.92148881  -0.24334251  -2.55277343\n   -2.67482429]\n [ -9.05463325   4.92148881  17.47901636   0.83371335  -8.43941074\n  -12.55719931]\n [ -1.80562998  -0.24334251   0.83371335   5.50822808   2.26308058\n   -0.6578126 ]\n [  3.60785949  -2.55277343  -8.43941074   2.26308058  17.00159235\n   10.0151419 ]\n [  9.29173443  -2.67482429 -12.55719931  -0.6578126   10.0151419\n   16.26102144]]", "nfev": "266", "njev": "38", "status": "0", "success": "True", "message": "Optimization terminated successfully.", "x": "[1.97900829 4.75321521 2.28397363 2.07500797 6.25126919 5.79914428]", "nit": "35"}, "22": {"maxiter": 1000, "gtol": 1e-10, "xrtol": 1e-10, "eps": 1e-05, "duration": 0.07044291496276855, "fun": "0.5871701685569182", "jac": "[ 0.00000000e+00  2.66453526e-10 -2.44249065e-10 -3.33066907e-11\n  1.77635684e-10 -1.55431223e-10]", "hess_inv": "[[ 11.45018404  -2.18805941  -7.41672014  -1.80850803   2.45793791\n    8.3365244 ]\n [ -2.18805941   7.46796743   6.03186419  -0.47553377  -0.86416831\n   -1.95404202]\n [ -7.41672014   6.03186419  16.90992506   0.44906174  -6.21727066\n  -10.2665294 ]\n [ -1.80850803  -0.47553377   0.44906174   5.36176716   0.4499885\n   -1.04102252]\n [  2.45793791  -0.86416831  -6.21727066   0.4499885   13.89140659\n    7.86669482]\n [  8.3365244   -1.95404202 -10.2665294   -1.04102252   7.86669482\n   14.89984148]]", "nfev": "404", "njev": "56", "status": "2", "success": "False", "message": "Desired error not necessarily achieved due to precision loss.", "x": "[1.97901046 4.75320315 2.28397099 2.07500615 6.25126671 5.79913524]", "nit": "37"}, "23": {"maxiter": 1000, "gtol": 1e-10, "xrtol": 1e-10, "eps": 1e-10, "duration": 0.09463000297546387, "fun": "0.5871701685474644", "jac": "[1.11022293e-06 1.11022293e-06 1.11022293e-06 1.11022293e-06\n 2.22044587e-06 1.11022293e-06]", "hess_inv": "[[ 25.20033311 -21.24334195 -21.73881402  -5.47328648  -4.61239729\n   10.16387873]\n [-21.24334195  29.22100853  22.67994385   3.20499438   1.08030225\n   -8.53812455]\n [-21.73881402  22.67994385  28.59525422   4.25475001  -0.28232476\n  -11.93753142]\n [ -5.47328648   3.20499438   4.25475001   5.3753851    0.84238932\n   -2.71074338]\n [ -4.61239729   1.08030225  -0.28232476   0.84238932   4.72757193\n   -1.72347296]\n [ 10.16387873  -8.53812455 -11.93753142  -2.71074338  -1.72347296\n    7.20869328]]", "nfev": "551", "njev": "77", "status": "2", "success": "False", "message": "Desired error not necessarily achieved due to precision loss.", "x": "[1.97901843 4.75320395 2.28396557 2.07500782 6.25126806 5.79914481]", "nit": "37"}}, "cobyla": {"0": {"maxiter": 100, "tol": 1e-05, "catol": 1e-05, "duration": 0.016640186309814453, "x": "[1.97902917 4.75322635 2.28689781 4.20888621 3.1028063  2.65579513]", "status": "2", "success": "False", "message": "Maximum number of function evaluations has been exceeded.", "nfev": "100", "fun": "0.5871722388185403", "maxcv": "0.0"}, "1": {"maxiter": 100, "tol": 1e-05, "catol": 1e-10, "duration": 0.016564130783081055, "x": "[1.97902917 4.75322635 2.28689781 4.20888621 3.1028063  2.65579513]", "status": "2", "success": "False", "message": "Maximum number of function evaluations has been exceeded.", "nfev": "100", "fun": "0.5871722388185403", "maxcv": "0.0"}, "2": {"maxiter": 100, "tol": 1e-10, "catol": 1e-05, "duration": 0.0165407657623291, "x": "[1.97902917 4.75322635 2.28689781 4.20888621 3.1028063  2.65579513]", "status": "2", "success": "False", "message": "Maximum number of function evaluations has been exceeded.", "nfev": "100", "fun": "0.5871722388185403", "maxcv": "0.0"}, "3": {"maxiter": 100, "tol": 1e-10, "catol": 1e-10, "duration": 0.016527175903320312, "x": "[1.97902917 4.75322635 2.28689781 4.20888621 3.1028063  2.65579513]", "status": "2", "success": "False", "message": "Maximum number of function evaluations has been exceeded.", "nfev": "100", "fun": "0.5871722388185403", "maxcv": "0.0"}, "4": {"maxiter": 500, "tol": 1e-05, "catol": 1e-05, "duration": 0.03163504600524902, "x": "[