{"date": "2024/07/19/, 00:44:00", "conf_id": 127, "data_type": "orthogonal\n", "num_data_points": 3, "s_rank": 0, "unitary": "[[0.18663085-0.53122324j,-0.11886349-0.70040876j,0.28555095-0.02789305j,-0.12262021-0.2844587j],[-0.16702216+0.27758472j,0.27526351-0.29738586j,-0.01109314+0.22495461j,-0.77239203+0.28900673j],[0.61935415+0.12301792j,-0.31269928-0.03315917j,-0.61902762-0.19039079j,-0.27120731-0.0968989j],[0.42341754+0.0023929j,-0.05847358+0.47832119j,0.64900495-0.16218422j,-0.37182676-0.05229966j]]", "databatch_0": {"databatch": "[[[0.01775328-0.15555281j,-0.21763149+0.08584316j,0.13603663-0.16658105j,0.42201299-0.0817258j],[0.1192975-0.14188611j,0.10264282-0.13814242j,-0.3776279+0.14358167j,0.02669694+0.06041691j],[-0.10281991-0.07914705j,-0.12472185+0.01593891j,0.13633782+0.11150763j,0.1172259-0.09425445j],[0.09936362+0.16083863j,-0.1321404-0.03672635j,0.41925233-0.15444533j,0.07372511+0.33504558j]],[[0.09064018-0.14013004j,0.02698224+0.07120399j,-0.28207203-0.1923385j,0.20430461-0.13838744j],[-0.16286525-0.17187776j,-0.14166268+0.06467225j,0.04867232+0.13689429j,0.1872674-0.26393017j],[0.01739803-0.09577591j,-0.2044597-0.21742343j,0.26096095+0.33517284j,0.18065195+0.28279807j],[-0.1884481-0.09594126j,-0.00770767-0.0049244j,-0.0534382+0.29455335j,-0.07895037-0.22469817j]],[[-0.05677758-0.23529715j,-0.21454955+0.0114478j,0.0634537+0.08894861j,0.37531913-0.13331512j],[0.23349851-0.19388656j,0.04845771-0.21015287j,-0.37789746+0.11700472j,0.18159808+0.21625329j],[-0.17263577-0.13863604j,-0.1616687+0.03489404j,0.1377482+0.18564483j,0.155681-0.19995387j],[0.09036112+0.17060389j,0.00720393-0.00348918j,0.19012862-0.17187804j,-0.06991012+0.21876964j]]]", "initial param values": "[5.56638969,0.83142179,2.32110609,4.00344274,5.01418136,4.18035966]", "nelder_mead": {"type": "gradient-free", "0": {"maxiter": 100, "fatol": 1e-05, "xatol": 1e-05, "duration": 0.026785850524902344, "fun": "0.283838212468578", "nit": "100", "nfev": "158", "status": "2", "success": "False", "message": "Maximum number of iterations has been exceeded.", "x": "[7.71728603 0.93202812 2.8848058  3.60463043 3.04699037 5.20259279]", "final_simplex": "(array([[7.71728603, 0.93202812, 2.8848058 , 3.60463043, 3.04699037,\n        5.20259279],\n       [7.71970481, 0.92825045, 2.92782835, 3.53644237, 3.07438639,\n        5.25014413],\n       [7.63010198, 0.93664386, 2.88608384, 3.5814387 , 2.98449568,\n        5.12978211],\n       [7.71302526, 0.94411759, 2.87437735, 3.56379698, 3.10841822,\n        5.21075573],\n       [7.63547142, 0.93295981, 2.8550317 , 3.58046656, 2.98924454,\n        5.19285011],\n       [7.70256513, 0.93025281, 2.94122988, 3.52873293, 2.93809961,\n        5.05127454],\n       [7.7274422 , 0.95730052, 2.88792543, 3.5304499 , 2.93423636,\n        5.12059309]]), array([0.28383821, 0.28389531, 0.28451861, 0.28542363, 0.28567245,\n       0.28601001, 0.28627473]))"}, "1": {"maxiter": 100, "fatol": 1e-05, "xatol": 1e-10, "duration": 0.026634931564331055, "fun": "0.283838212468578", "nit": "100", "nfev": "158", "status": "2", "success": "False", "message": "Maximum number of iterations has been exceeded.", "x": "[7.71728603 0.93202812 2.8848058  3.60463043 3.04699037 5.20259279]", "final_simplex": "(array([[7.71728603, 0.93202812, 2.8848058 , 3.60463043, 3.04699037,\n        5.20259279],\n       [7.71970481, 0.92825045, 2.92782835, 3.53644237, 3.07438639,\n        5.25014413],\n       [7.63010198, 0.93664386, 2.88608384, 3.5814387 , 2.98449568,\n        5.12978211],\n       [7.71302526, 0.94411759, 2.87437735, 3.56379698, 3.10841822,\n        5.21075573],\n       [7.63547142, 0.93295981, 2.8550317 , 3.58046656, 2.98924454,\n        5.19285011],\n       [7.70256513, 0.93025281, 2.94122988, 3.52873293, 2.93809961,\n        5.05127454],\n       [7.7274422 , 0.95730052, 2.88792543, 3.5304499 , 2.93423636,\n        5.12059309]]), array([0.28383821, 0.28389531, 0.28451861, 0.28542363, 0.28567245,\n       0.28601001, 0.28627473]))"}, "2": {"maxiter": 100, "fatol": 1e-10, "xatol": 1e-05, "duration": 0.026705265045166016, "fun": "0.283838212468578", "nit": "100", "nfev": "158", "status": "2", "success": "False", "message": "Maximum number of iterations has been exceeded.", "x": "[7.71728603 0.93202812 2.8848058  3.60463043 3.04699037 5.20259279]", "final_simplex": "(array([[7.71728603, 0.93202812, 2.8848058 , 3.60463043, 3.04699037,\n        5.20259279],\n       [7.71970481, 0.92825045, 2.92782835, 3.53644237, 3.07438639,\n        5.25014413],\n       [7.63010198, 0.93664386, 2.88608384, 3.5814387 , 2.98449568,\n        5.12978211],\n       [7.71302526, 0.94411759, 2.87437735, 3.56379698, 3.10841822,\n        5.21075573],\n       [7.63547142, 0.93295981, 2.8550317 , 3.58046656, 2.98924454,\n        5.19285011],\n       [7.70256513, 0.93025281, 2.94122988, 3.52873293, 2.93809961,\n        5.05127454],\n       [7.7274422 , 0.95730052, 2.88792543, 3.5304499 , 2.93423636,\n        5.12059309]]), array([0.28383821, 0.28389531, 0.28451861, 0.28542363, 0.28567245,\n       0.28601001, 0.28627473]))"}, "3": {"maxiter": 100, "fatol": 1e-10, "xatol": 1e-10, "duration": 0.026611804962158203, "fun": "0.283838212468578", "nit": "100", "nfev": "158", "status": "2", "success": "False", "message": "Maximum number of iterations has been exceeded.", "x": "[7.71728603 0.93202812 2.8848058  3.60463043 3.04699037 5.20259279]", "final_simplex": "(array([[7.71728603, 0.93202812, 2.8848058 , 3.60463043, 3.04699037,\n        5.20259279],\n       [7.71970481, 0.92825045, 2.92782835, 3.53644237, 3.07438639,\n        5.25014413],\n       [7.63010198, 0.93664386, 2.88608384, 3.5814387 , 2.98449568,\n        5.12978211],\n       [7.71302526, 0.94411759, 2.87437735, 3.56379698, 3.10841822,\n        5.21075573],\n       [7.63547142, 0.93295981, 2.8550317 , 3.58046656, 2.98924454,\n        5.19285011],\n       [7.70256513, 0.93025281, 2.94122988, 3.52873293, 2.93809961,\n        5.05127454],\n       [7.7274422 , 0.95730052, 2.88792543, 3.5304499 , 2.93423636,\n        5.12059309]]), array([0.28383821, 0.28389531, 0.28451861, 0.28542363, 0.28567245,\n       0.28601001, 0.28627473]))"}, "4": {"maxiter": 500, "fatol": 1e-05, "xatol": 1e-05, "duration": 0.0889589786529541, "fun": "0.27258841192759864", "nit": "332", "nfev": "529", "status": "0", "success": "True", "message": "Optimization terminated successfully.", "x": "[7.60670946 0.99551124 3.12514037 3.6807419  3.33666066 5.43653245]", "final_simplex": "(array([[7.60670946, 0.99551124, 3.12514037, 3.6807419 , 3.33666066,\n        5.43653245],\n       [7.60670843, 0.99550776, 3.12514522, 3.68074086, 3.33665109,\n        5.43652532],\n       [7.60671173, 0.99550856, 3.12514318, 3.6807453 , 3.33665492,\n        5.43652656],\n       [7.60671229, 0.99551195, 3.12514459, 3.68074257, 3.33665527,\n        5.4365285 ],\n       [7.60671125, 0.99551648, 3.12514063, 3.6807415 , 3.33665592,\n        5.43652537],\n       [7.60670929, 0.99550702, 3.12514775, 3.68074423, 3.33666749,\n        5.4365374 ],\n       [7.60671182, 0.99551231, 3.12513756, 3.68073829, 3.33665793,\n        5.43652797]]), array([0.27258841, 0.27258841, 0.27258841, 0.27258841, 0.27258841,\n       0.27258841, 0.27258841]))"}, "5": {"maxiter": 500, "fatol": 1e-05, "xatol": 1e-10, "duration": 0.12276506423950195, "fun": "0.2725884119244322", "nit": "416", "nfev": "730", "status": "0", "success": "True", "message": "Optimization terminated successfully.", "x": "[7.60670866 0.99551071 3.12514321 3.68074144 3.33665632 5.43652679]", "final_simplex": "(array([[7.60670866, 0.99551071, 3.12514321, 3.68074144, 3.33665632,\n        5.43652679],\n       [7.60670866, 0.99551071, 3.12514321, 3.68074144, 3.33665632,\n        5.43652679],\n       [7.60670866, 0.99551071, 3.12514321, 3.68074144, 3.33665632,\n        5.43652679],\n       [7.60670866, 0.99551071, 3.12514321, 3.68074144, 3.33665632,\n        5.43652679],\n       [7.60670866, 0.99551071, 3.12514321, 3.68074144, 3.33665632,\n        5.43652679],\n       [7.60670866, 0.99551071, 3.12514321, 3.68074144, 3.33665632,\n        5.43652679],\n       [7.60670866, 0.99551071, 3.12514321, 3.68074144, 3.33665632,\n        5.43652679]]), array([0.27258841, 0.27258841, 0.27258841, 0.27258841, 0.27258841,\n       0.27258841, 0.27258841]))"}, "6": {"maxiter": 500, "fatol": 1e-10, "xatol": 1e-05, "duration": 0.08894109725952148, "fun": "0.27258841192759864", "nit": "332", "nfev": "529", "status": "0", "success": "True", "message": "Optimization terminated successfully.", "x": "[7.60670946 0.99551124 3.12514037 3.6807419  3.33666066 5.43653245]", "final_simplex": "(array([[7.60670946, 0.99551124, 3.12514037, 3.6807419 , 3.33666066,\n        5.43653245],\n       [7.60670843, 0.99550776, 3.12514522, 3.68074086, 3.33665109,\n        5.43652532],\n       [7.60671173, 0.99550856, 3.12514318, 3.6807453 , 3.33665492,\n        5.43652656],\n       [7.60671229, 0.99551195, 3.12514459, 3.68074257, 3.33665527,\n        5.4365285 ],\n       [7.60671125, 0.99551648, 3.12514063, 3.6807415 , 3.33665592,\n        5.43652537],\n       [7.60670929, 0.99550702, 3.12514775, 3.68074423, 3.33666749,\n        5.4365374 ],\n       [7.60671182, 0.99551231, 3.12513756, 3.68073829, 3.33665793,\n        5.43652797]]), array([0.27258841, 0.27258841, 0.27258841, 0.27258841, 0.27258841,\n       0.27258841, 0.27258841]))"}, "7": {"maxiter": 500, "fatol": 1e-10, "xatol": 1e-10, "duration": 0.1222071647644043, "fun": "0.2725884119244322", "nit": "416", "nfev": "730", "status": "0", "success": "True", "message": "Optimization terminated successfully.", "x": "[7.60670866 0.99551071 3.12514321 3.68074144 3.33665632 5.43652679]", "final_simplex": "(array([[7.60670866, 0.99551071, 3.12514321, 3.68074144, 3.33665632,\n        5.43652679],\n       [7.60670866, 0.99551071, 3.12514321, 3.68074144, 3.33665632,\n        5.43652679],\n       [7.60670866, 0.99551071, 3.12514321, 3.68074144, 3.33665632,\n        5.43652679],\n       [7.60670866, 0.99551071, 3.12514321, 3.68074144, 3.33665632,\n        5.43652679],\n       [7.60670866, 0.99551071, 3.12514321, 3.68074144, 3.33665632,\n        5.43652679],\n       [7.60670866, 0.99551071, 3.12514321, 3.68074144, 3.33665632,\n        5.43652679],\n       [7.60670866, 0.99551071, 3.12514321, 3.68074144, 3.33665632,\n        5.43652679]]), array([0.27258841, 0.27258841, 0.27258841, 0.27258841, 0.27258841,\n       0.27258841, 0.27258841]))"}, "8": {"maxiter": 1000, "fatol": 1e-05, "xatol": 1e-05, "duration": 0.0887761116027832, "fun": "0.27258841192759864", "nit": "332", "nfev": "529", "status": "0", "success": "True", "message": "Optimization terminated successfully.", "x": "[7.60670946 0.99551124 3.12514037 3.6807419  3.33666066 5.43653245]", "final_simplex": "(array([[7.60670946, 0.99551124, 3.12514037, 3.6807419 , 3.33666066,\n        5.43653245],\n       [7.60670843, 0.99550776, 3.12514522, 3.68074086, 3.33665109,\n        5.43652532],\n       [7.60671173, 0.99550856, 3.12514318, 3.6807453 , 3.33665492,\n        5.43652656],\n       [7.60671229, 0.99551195, 3.12514459, 3.68074257, 3.33665527,\n        5.4365285 ],\n       [7.60671125, 0.99551648, 3.12514063, 3.6807415 , 3.33665592,\n        5.43652537],\n       [7.60670929, 0.99550702, 3.12514775, 3.68074423, 3.33666749,\n        5.4365374 ],\n       [7.60671182, 0.99551231, 3.12513756, 3.68073829, 3.33665793,\n        5.43652797]]), array([0.27258841, 0.27258841, 0.27258841, 0.27258841, 0.27258841,\n       0.27258841, 0.27258841]))"}, "9": {"maxiter": 1000, "fatol": 1e-05, "xatol": 1e-10, "duration": 0.12191414833068848, "fun": "0.2725884119244322", "nit": "416", "nfev": "730", "status": "0", "success": "True", "message": "Optimization terminated successfully.", "x": "[7.60670866 0.99551071 3.12514321 3.68074144 3.33665632 5.43652679]", "final_simplex": "(array([[7.60670866, 0.99551071, 3.12514321, 3.68074144, 3.33665632,\n        5.43652679],\n       [7.60670866, 0.99551071, 3.12514321, 3.68074144, 3.33665632,\n        5.43652679],\n       [7.60670866, 0.99551071, 3.12514321, 3.68074144, 3.33665632,\n        5.43652679],\n       [7.60670866, 0.99551071, 3.12514321, 3.68074144, 3.33665632,\n        5.43652679],\n       [7.60670866, 0.99551071, 3.12514321, 3.68074144, 3.33665632,\n        5.43652679],\n       [7.60670866, 0.99551071, 3.12514321, 3.68074144, 3.33665632,\n        5.43652679],\n       [7.60670866, 0.99551071, 3.12514321, 3.68074144, 3.33665632,\n        5.43652679]]), array([0.27258841, 0.27258841, 0.27258841, 0.27258841, 0.27258841,\n       0.27258841, 0.27258841]))"}, "10": {"maxiter": 1000, "fatol": 1e-10, "xatol": 1e-05, "duration": 0.08869767189025879, "fun": "0.27258841192759864", "nit": "332", "nfev": "529", "status": "0", "success": "True", "message": "Optimization terminated successfully.", "x": "[7.60670946 0.99551124 3.12514037 3.6807419  3.33666066 5.43653245]", "final_simplex": "(array([[7.60670946, 0.99551124, 3.12514037, 3.6807419 , 3.33666066,\n        5.43653245],\n       [7.60670843, 0.99550776, 3.12514522, 3.68074086, 3.33665109,\n        5.43652532],\n       [7.60671173, 0.99550856, 3.12514318, 3.6807453 , 3.33665492,\n        5.43652656],\n       [7.60671229, 0.99551195, 3.12514459, 3.68074257, 3.33665527,\n        5.4365285 ],\n       [7.60671125, 0.99551648, 3.12514063, 3.6807415 , 3.33665592,\n        5.43652537],\n       [7.60670929, 0.99550702, 3.12514775, 3.68074423, 3.33666749,\n        5.4365374 ],\n       [7.60671182, 0.99551231, 3.12513756, 3.68073829, 3.33665793,\n        5.43652797]]), array([0.27258841, 0.27258841, 0.27258841, 0.27258841, 0.27258841,\n       0.27258841, 0.27258841]))"}, "11": {"maxiter": 1000, "fatol": 1e-10, "xatol": 1e-10, "duration": 0.12444400787353516, "fun": "0.2725884119244322", "nit": "416", "nfev": "730", "status": "0", "success": "True", "message": "Optimization terminated successfully.", "x": "[7.60670866 0.99551071 3.12514321 3.68074144 3.33665632 5.43652679]", "final_simplex": "(array([[7.60670866, 0.99551071, 3.12514321, 3.68074144, 3.33665632,\n        5.43652679],\n       [7.60670866, 0.99551071, 3.12514321, 3.68074144, 3.33665632,\n        5.43652679],\n       [7.60670866, 0.99551071, 3.12514321, 3.68074144, 3.33665632,\n        5.43652679],\n       [7.60670866, 0.99551071, 3.12514321, 3.68074144, 3.33665632,\n        5.43652679],\n       [7.60670866, 0.99551071, 3.12514321, 3.68074144, 3.33665632,\n        5.43652679],\n       [7.60670866, 0.99551071, 3.12514321, 3.68074144, 3.33665632,\n        5.43652679],\n       [7.60670866, 0.99551071, 3.12514321, 3.68074144, 3.33665632,\n        5.43652679]]), array([0.27258841, 0.27258841, 0.27258841, 0.27258841, 0.27258841,\n       0.27258841, 0.27258841]))"}}, "bfgs": {"type": "gradient", "0": {"maxiter": 100, "gtol": 1e-05, "xrtol": 1e-05, "eps": 1e-05, "duration": 0.04070615768432617, "fun": "0.27258841198846684", "jac": "[ 1.43156598e-06 -5.16497956e-07  1.91565652e-06 -1.10641496e-06\n -1.06652465e-06  1.41259227e-06]", "hess_inv": "[[ 2.88502041  0.17068879 -0.21450237 -0.22221437 -1.46576279 -1.05786958]\n [ 0.17068879  3.31238491 -0.83109882 -0.73221969 -1.6093956  -1.98466461]\n [-0.21450237 -0.83109882  4.22979741  0.23696203  1.80021715  1.59900498]\n [-0.22221437 -0.73221969  0.23696203  3.02496218  0.97234334  0.72776384]\n [-1.46576279 -1.6093956   1.80021715  0.97234334 14.79074112 11.84795524]\n [-1.05786958 -1.98466461  1.59900498  0.72776384 11.84795524 13.07627431]]", "nfev": "231", "njev": "33", "status": "0", "success": "True", "message": "Optimization terminated successfully.", "x": "[7.6067108  0.99550931 3.12513988 3.68073202 3.33661807 5.43649654]", "nit": "22"}, "1": {"maxiter": 100, "gtol": 1e-05, "xrtol": 1e-05, "eps": 1e-10, "duration": 0.03915214538574219, "fun": "0.2725884123110278", "jac": "[-1.11022293e-06 -4.44089173e-06 -3.33066880e-06 -1.11022293e-06\n  3.33066880e-06  3.33066880e-06]", "hess_inv": "[[ 2.75534736  0.08626524 -0.12480136 -0.20498164 -1.11174467 -0.83452996]\n [ 0.08626524  3.2069666  -0.79596309 -0.74357495 -1.30655878 -1.58038943]\n [-0.12480136 -0.79596309  4.4449048   0.07072646  1.86116543  1.71203552]\n [-0.20498164 -0.74357495  0.07072646  3.15876412  0.80144175  0.48401312]\n [-1.11174467 -1.30655878  1.86116543  0.80144175 13.33272946 10.48851364]\n [-0.83452996 -1.58038943  1.71203552  0.48401312 10.48851364 11.8317727 ]]", "nfev": "224", "njev": "32", "status": "0", "success": "True", "message": "Optimization terminated successfully.", "x": "[7.60670111 0.99548818 3.12515877 3.68074486 3.33676201 5.43662386]", "nit": "21"}, "2": {"maxiter": 100, "gtol": 1e-05, "xrtol": 1e-10, "eps": 1e-05, "duration": 0.04044628143310547, "fun": "0.27258841198846684", "jac": "[ 1.43156598e-06 -5.16497956e-07  1.91565652e-06 -1.10641496e-06\n -1.06652465e-06  1.41259227e-06]", "hess_inv": "[[ 2.88502041  0.17068879 -0.21450237 -0.22221437 -1.46576279 -1.05786958]\n [ 0.17068879  3.31238491 -0.83109882 -0.73221969 -1.6093956  -1.98466461]\n [-0.21450237 -0.83109882  4.22979741  0.23696203  1.80021715  1.59900498]\n [-0.22221437 -0.73221969  0.23696203  3.02496218  0.97234334  0.72776384]\n [-1.46576279 -1.6093956   1.80021715  0.97234334 14.79074112 11.84795524]\n [-1.05786958 -1.98466461  1.59900498  0.72776384 11.84795524 13.07627431]]", "nfev": "231", "njev": "33", "status": "0", "success": "True", "message": "Optimization terminated successfully.", "x": "[7.6067108  0.99550931 3.12513988 3.68073202 3.33661807 5.43649654]", "nit": "22"}, "3": {"maxiter": 100, "gtol": 1e-05, "xrtol": 1e-10, "eps": 1e-10, "duration": 0.03931283950805664, "fun": "0.2725884123110278", "jac": "[-1.11022293e-06 -4.44089173e-06 -3.33066880e-06 -1.11022293e-06\n  3.33066880e-06  3.33066880e-06]", "hess_inv": "[[ 2.75534736  0.08626524 -0.12480136 -0.20498164 -1.11174467 -0.83452996]\n [ 0.08626524  3.2069666  -0.79596309 -0.74357495 -1.30655878 -1.58038943]\n [-0.12480136 -0.79596309  4.4449048   0.07072646  1.86116543  1.71203552]\n [-0.20498164 -0.74357495  0.07072646  3.15876412  0.80144175  0.48401312]\n [-1.11174467 -1.30655878  1.86116543  0.80144175 13.33272946 10.48851364]\n [-0.83452996 -1.58038943  1.71203552  0.48401312 10.48851364 11.8317727 ]]", "nfev": "224", "njev": "32", "status": "0", "success": "True", "message": "Optimization terminated successfully.", "x": "[7.60670111 0.99548818 3.12515877 3.68074486 3.33676201 5.43662386]", "nit": "21"}, "4": {"maxiter": 100, "gtol": 1e-10, "xrtol": 1e-05, "eps": 1e-05, "duration": 0.042900800704956055, "fun": "0.2725884119880554", "jac": "[ 1.14201981e-06 -4.13669099e-07  1.51724189e-06 -8.78319639e-07\n -7.92377275e-07  1.05073728e-06]", "hess_inv": "[[ 2.79666502  0.11179439 -0.33141888 -0.15957681 -1.21412853 -0.92793194]\n [ 0.11179439  3.56486397 -1.0596657  -0.68828945 -2.09231256 -2.5536775 ]\n [-0.33141888 -1.0596657   4.15286595  0.31872256  2.46914749  2.10947004]\n [-0.15957681 -0.68828945  0.31872256  2.98057296  0.78909453  0.63075193]\n [-1.21412853 -2.09231256  2.46914749  0.78909453 15.52520421 12.94010889]\n [-0.92793194 -2.5536775   2.10947004  0.63075193 12.94010889 14.35858417]]", "nfev": "245", "njev": "35", "status": "0", "success": "True", "message": "Optimization terminated successfully.", "x": "[7.60671012 0.99551015 3.12513831 3.68073251 3.33661711 5.43649463]", "nit": "23"}, "5": {"maxiter": 100, "gtol": 1e-10, "xrtol": 1e-05, "eps": 1e-10, "duration": 0.04169106483459473, "fun": "0.2725884119459733", "jac": "[-2.22044587e-06 -1.11022293e-06  2.22044587e-06  2.22044587e-06\n  2.22044587e-06  0.00000000e+00]", "hess_inv": "[[ 2.44476285 -0.26118494 -0.25066551 -0.10820637  0.03375751  0.31715614]\n [-0.26118494  3.19753849 -1.08289124 -0.69273725 -1.60703923 -1.80508494]\n [-0.25066551 -1.08289124  4.41871566  0.15169949  2.76982301  2.68565363]\n [-0.10820637 -0.69273725  0.15169949  3.12506447  0.78695665  0.40168704]\n [ 0.03375751 -1.60703923  2.76982301  0.78695665 14.84099512 12.15327204]\n [ 0.31715614 -1.80508494  2.68565363  0.40168704 12.15327204 13.41387114]]", "nfev": "238", "njev": "34", "status": "0", "success": "True", "message": "Optimization terminated successfully.", "x": "[7.60670055 0.99550908 3.1251504  3.68074168 3.3366751  5.43654043]", "nit": "23"}, "6": {"maxiter": 100, "gtol": 1e-10, "xrtol": 1e-10, "eps": 1e-05, "duration": 0.07398414611816406, "fun": "0.2725884119880554", "jac": "[ 1.14201981e-06 -4.13669099e-07  1.51724189e-06 -8.78319639e-07\n -7.92377275e-07  1.05073728e-06]", "hess_inv": "[[ 2.8168939   0.12311335 -0.31482488 -0.16936026 -1.2331112  -1.03933137]\n [ 0.12311335  3.50525673 -0.99594597 -0.70251347 -2.01689522 -2.31161911]\n [-0.31482488 -0.99594597  4.12154191  0.31792007  2.38254979  1.76680982]\n [-0.16936026 -0.70251347  0.31792007  2.98414359  0.80969188  0.72501893]\n [-1.2331112  -2.01689522  2.38254979  0.80969188 15.43075436 12.64747778]\n [-1.03933137 -2.31161911  1.76680982  0.72501893 12.64747778 13.56694333]]", "nfev": "424", "njev": "59", "status": "2", "success": "False", "message": "Desired error not necessarily achieved due to precision loss.", "x": "[7.60671012 0.99551015 3.12513831 3.68073251 3.33661711 5.43649463]", "nit": "23"}, "7": {"maxiter": 100, "gtol": 1e-10, "xrtol": 1e-10, "eps": 1e-10, "duration": 0.05770587921142578, "fun": "0.27258841194497185", "jac": "[-4.44089173e-06  0.00000000e+00 -1.11022293e-06  0.00000000e+00\n  0.00000000e+00  0.00000000e+00]", "hess_inv": "[[ 2.51706756 -0.64509283  1.48963053  0.38445021  3.55907684  2.93979648]\n [-0.64509283  2.87069751 -2.18590452 -0.42398964 -5.46077899 -4.49778594]\n [ 1.48963053 -2.18590452 16.67672741  2.16391312 29.65285567 22.04337807]\n [ 0.38445021 -0.42398964  2.16391312  2.96019055  7.00680006  4.818399  ]\n [ 3.55907684 -5.46077899 29.65285567  7.00680006 64.76676184 48.02366195]\n [ 2.93979648 -4.49778594 22.04337807  4.818399   48.02366195 39.13951457]]", "nfev": "329", "njev": "47", "status": "0", "success": "True", "message": "Optimization terminated successfully.", "x": "[7.60669962 0.995512   3.12513906 3.68073761 3.33665954 5.43652911]", "nit": "25"}, "8": {"maxiter": 500, "gtol": 1e-05, "xrtol": 1e-05, "eps": 1e-05, "duration": 0.04032301902770996, "fun": "0.27258841198846684", "jac": "[ 1.43156598e-06 -5.16497956e-07  1.91565652e-06 -1.10641496e-06\n -1.06652465e-06  1.41259227e-06]", "hess_inv": "[[ 2.88502041  0.17068879 -0.21450237 -0.22221437 -1.46576279 -1.05786958]\n [ 0.17068879  3.31238491 -0.83109882 -0.73221969 -1.6093956  -1.98466461]\n [-0.21450237 -0.83109882  4.22979741  0.23696203  1.80021715  1.59900498]\n [-0.22221437 -0.73221969  0.23696203  3.02496218  0.97234334  0.72776384]\n [-1.46576279 -1.6093956   1.80021715  0.97234334 14.79074112 11.84795524]\n [-1.05786958 -1.98466461  1.59900498  0.72776384 11.84795524 13.07627431]]", "nfev": "231", "njev": "33", "status": "0", "success": "True", "message": "Optimization terminated successfully.", "x": "[7.6067108  0.99550931 3.12513988 3.68073202 3.33661807 5.43649654]", "nit": "22"}, "9": {"maxiter": 500, "gtol": 1e-05, "xrtol": 1e-05, "eps": 1e-10, "duration": 0.039139747619628906, "fun": "0.2725884123110278", "jac": "[-1.11022293e-06 -4.44089173e-06 -3.33066880e-06 -1.11022293e-06\n  3.33066880e-06  3.33066880e-06]", "hess_inv": "[[ 2.75534736  0.08626524 -0.12480136 -0.20498164 -1.11174467 -0.83452996]\n [ 0.08626524  3.2069666  -0.79596309 -0.74357495 -1.30655878 -1.58038943]\n [-0.12480136 -0.79596309  4.4449048   0.07072646  1.86116543  1.71203552]\n [-0.20498164 -0.74357495  0.07072646  3.15876412  0.80144175  0.48401312]\n [-1.11174467 -1.30655878  1.86116543  0.80144175 13.33272946 10.48851364]\n [-0.83452996 -1.58038943  1.71203552  0.48401312 10.48851364 11.8317727 ]]", "nfev": "224", "njev": "32", "status": "0", "success": "True", "message": "Optimization terminated successfully.", "x": "[7.60670111 0.99548818 3.12515877 3.68074486 3.33676201 5.43662386]", "nit": "21"}, "10": {"maxiter": 500, "gtol": 1e-05, "xrtol": 1e-10, "eps": 1e-05, "duration": 0.04031991958618164, "fun": "0.27258841198846684", "jac": "[ 1.43156598e-06 -5.16497956e-07  1.91565652e-06 -1.10641496e-06\n -1.06652465e-06  1.41259227e-06]", "hess_inv": "[[ 2.88502041  0.17068879 -0.21450237 -0.22221437 -1.46576279 -1.05786958]\n [ 0.17068879  3.31238491 -0.83109882 -0.73221969 -1.6093956  -1.98466461]\n [-0.21450237 -0.83109882  4.22979741  0.23696203  1.80021715  1.59900498]\n [-0.22221437 -0.73221969  0.23696203  3.02496218  0.97234334  0.72776384]\n [-1.46576279 -1.6093956   1.80021715  0.97234334 14.79074112 11.84795524]\n [-1.05786958 -1.98466461  1.59900498  0.72776384 11.84795524 13.07627431]]", "nfev": "231", "njev": "33", "status": "0", "success": "True", "message": "Optimization terminated successfully.", "x": "[7.6067108  0.99550931 3.12513988 3.68073202 3.33661807 5.43649654]", "nit": "22"}, "11": {"maxiter": 500, "gtol": 1e-05, "xrtol": 1e-10, "eps": 1e-10, "duration": 0.0391087532043457, "fun": "0.2725884123110278", "jac": "[-1.11022293e-06 -4.44089173e-06 -3.33066880e-06 -1.11022293e-06\n  3.33066880e-06  3.33066880e-06]", "hess_inv": "[[ 2.75534736  0.08626524 -0.12480136 -0.20498164 -1.11174467 -0.83452996]\n [ 0.08626524  3.2069666  -0.79596309 -0.74357495 -1.30655878 -1.58038943]\n [-0.12480136 -0.79596309  4.4449048   0.07072646  1.86116543  1.71203552]\n [-0.20498164 -0.74357495  0.07072646  3.15876412  0.80144175  0.48401312]\n [-1.11174467 -1.30655878  1.86116543  0.80144175 13.33272946 10.48851364]\n [-0.83452996 -1.58038943  1.71203552  0.48401312 10.48851364 11.8317727 ]]", "nfev": "224", "njev": "32", "status": "0", "success": "True", "message": "Optimization terminated successfully.", "x": "[7.60670111 0.99548818 3.12515877 3.68074486 3.33676201 5.43662386]", "nit": "21"}, "12": {"maxiter": 500, "gtol": 1e-10, "xrtol": 1e-05, "eps": 1e-05, "duration": 0.04269719123840332, "fun": "0.2725884119880554", "jac": "[ 1.14201981e-06 -4.13669099e-07  1.51724189e-06 -8.78319639e-07\n -7.92377275e-07  1.05073728e-06]", "hess_inv": "[[ 2.79666502  0.11179439 -0.33141888 -0.15957681 -1.21412853 -0.92793194]\n [ 0.11179439  3.56486397 -1.0596657  -0.68828945 -2.09231256 -2.5536775 ]\n [-0.33141888 -1.0596657   4.15286595  0.31872256  2.46914749  2.10947004]\n [-0.15957681 -0.68828945  0.31872256  2.98057296  0.78909453  0.63075193]\n [-1.21412853 -2.09231256  2.46914749  0.78909453 15.52520421 12.94010889]\n [-0.92793194 -2.5536775   2.10947004  0.63075193 12.94010889 14.35858417]]", "nfev": "245", "njev": "35", "status": "0", "success": "True", "message": "Optimization terminated successfully.", "x": "[7.60671012 0.99551015 3.12513831 3.68073251 3.33661711 5.43649463]", "nit": "23"}, "13": {"maxiter": 500, "gtol": 1e-10, "xrtol": 1e-05, "eps": 1e-10, "duration": 0.04149174690246582, "fun": "0.2725884119459733", "jac": "[-2.22044587e-06 -1.11022293e-06  2.22044587e-06  2.22044587e-06\n  2.22044587e-06  0.00000000e+00]", "hess_inv": "[[ 2.44476285 -0.26118494 -0.25066551 -0.10820637  0.03375751  0.31715614]\n [-0.26118494  3.19753849 -1.08289124 -0.69273725 -1.60703923 -1.80508494]\n [-0.25066551 -1.08289124  4.41871566  0.15169949  2.76982301  2.68565363]\n [-0.10820637 -0.69273725  0.15169949  3.12506447  0.78695665  0.40168704]\n [ 0.03375751 -1.60703923  2.76982301  0.78695665 14.84099512 12.15327204]\n [ 0.31715614 -1.80508494  2.68565363  0.40168704 12.15327204 13.41387114]]", "nfev": "238", "njev": "34", "status": "0", "success": "True", "message": "Optimization terminated successfully.", "x": "[7.60670055 0.99550908 3.1251504  3.68074168 3.3366751  5.43654043]", "nit": "23"}, "14": {"maxiter": 500, "gtol": 1e-10, "xrtol": 1e-10, "eps": 1e-05, "duration": 0.07335805892944336, "fun": "0.2725884119880554", "jac": "[ 1.14201981e-06 -4.13669099e-07  1.51724189e-06 -8.78319639e-07\n -7.92377275e-07  1.05073728e-06]", "hess_inv": "[[ 2.8168939   0.12311335 -0.31482488 -0.16936026 -1.2331112  -1.03933137]\n [ 0.12311335  3.50525673 -0.99594597 -0.70251347 -2.01689522 -2.31161911]\n [-0.31482488 -0.99594597  4.12154191  0.31792007  2.38254979  1.76680982]\n [-0.16936026 -0.70251347  0.31792007  2.98414359  0.80969188  0.72501893]\n [-1.2331112  -2.01689522  2.38254979  0.80969188 15.43075436 12.64747778]\n [-1.03933137 -2.31161911  1.76680982  0.72501893 12.64747778 13.56694333]]", "nfev": "424", "njev": "59", "status": "2", "success": "False", "message": "Desired error not necessarily achieved due to precision loss.", "x": "[7.60671012 0.99551015 3.12513831 3.68073251 3.33661711 5.43649463]", "nit": "23"}, "15": {"maxiter": 500, "gtol": 1e-10, "xrtol": 1e-10, "eps": 1e-10, "duration": 0.05691790580749512, "fun": "0.27258841194497185", "jac": "[-4.44089173e-06  0.00000000e+00 -1.11022293e-06  0.00000000e+00\n  0.00000000e+00  0.00000000e+00]", "hess_inv": "[[ 2.51706756 -0.64509283  1.48963053  0.38445021  3.55907684  2.93979648]\n [-0.64509283  2.87069751 -2.18590452 -0.42398964 -5.46077899 -4.49778594]\n [ 1.48963053 -2.18590452 16.67672741  2.16391312 29.65285567 22.04337807]\n [ 0.38445021 -0.42398964  2.16391312  2.96019055  7.00680006  4.818399  ]\n [ 3.55907684 -5.46077899 29.65285567  7.00680006 64.76676184 48.02366195]\n [ 2.93979648 -4.49778594 22.04337807  4.818399   48.02366195 39.13951457]]", "nfev": "329", "njev": "47", "status": "0", "success": "True", "message": "Optimization terminated successfully.", "x": "[7.60669962 0.995512   3.12513906 3.68073761 3.33665954 5.43652911]", "nit": "25"}, "16": {"maxiter": 1000, "gtol": 1e-05, "xrtol": 1e-05, "eps": 1e-05, "duration": 0.04002881050109863, "fun": "0.27258841198846684", "jac": "[ 1.43156598e-06 -5.16497956e-07  1.91565652e-06 -1.10641496e-06\n -1.06652465e-06  1.41259227e-06]", "hess_inv": "[[ 2.88502041  0.17068879 -0.21450237 -0.22221437 -1.46576279 -1.05786958]\n [ 0.17068879  3.31238491 -0.83109882 -0.73221969 -1.6093956  -1.98466461]\n [-0.21450237 -0.83109882  4.22979741  0.23696203  1.80021715  1.59900498]\n [-0.22221437 -0.73221969  0.23696203  3.02496218  0.97234334  0.72776384]\n [-1.46576279 -1.6093956   1.80021715  0.97234334 14.79074112 11.84795524]\n [-1.05786958 -1.98466461  1.59900498  0.72776384 11.84795524 13.07627431]]", "nfev": "231", "njev": "33", "status": "0", "success": "True", "message": "Optimization terminated successfully.", "x": "[7.6067108  0.99550931 3.12513988 3.68073202 3.33661807 5.43649654]", "nit": "22"}, "17": {"maxiter": 1000, "gtol": 1e-05, "xrtol": 1e-05, "eps": 1e-10, "duration": 0.03873109817504883, "fun": "0.2725884123110278", "jac": "[-1.11022293e-06 -4.44089173e-06 -3.33066880e-06 -1.11022293e-06\n  3.33066880e-06  3.33066880e-06]", "hess_inv": "[[ 2.75534736  0.08626524 -0.12480136 -0.20498164 -1.11174467 -0.83452996]\n [ 0.08626524  3.2069666  -0.79596309 -0.74357495 -1.30655878 -1.58038943]\n [-0.12480136 -0.79596309  4.4449048   0.07072646  1.86116543  1.71203552]\n [-0.20498164 -0.74357495  0.07072646  3.15876412  0.80144175  0.48401312]\n [-1.11174467 -1.30655878  1.86116543  0.80144175 13.33272946 10.48851364]\n [-0.83452996 -1.58038943  1.71203552  0.48401312 10.48851364 11.8317727 ]]", "nfev": "224", "njev": "32", "status": "0", "success": "True", "message": "Optimization terminated successfully.", "x": "[7.60670111 0.99548818 3.12515877 3.68074486 3.33676201 5.43662386]", "nit": "21"}, "18": {"maxiter": 1000, "gtol": 1e-05, "xrtol": 1e-10, "eps": 1e-05, "duration": 0.03963899612426758, "fun": "0.27258841198846684", "jac": "[ 1.43156598e-06 -5.16497956e-07  1.91565652e-06 -1.10641496e-06\n -1.06652465e-06  1.41259227e-06]", "hess_inv": "[[ 2.88502041  0.17068879 -0.21450237 -0.22221437 -1.46576279 -1.05786958]\n [ 0.17068879  3.31238491 -0.83109882 -0.73221969 -1.6093956  -1.98466461]\n [-0.21450237 -0.83109882  4.22979741  0.23696203  1.80021715  1.59900498]\n [-0.22221437 -0.73221969  0.23696203  3.02496218  0.97234334  0.72776384]\n [-1.46576279 -1.6093956   1.80021715  0.97234334 14.79074112 11.84795524]\n [-1.05786958 -1.98466461  1.59900498  0.72776384 11.84795524 13.07627431]]", "nfev": "231", "njev": "33", "status": "0", "success": "True", "message": "Optimization terminated successfully.", "x": "[7.6067108  0.99550931 3.12513988 3.68073202 3.33661807 5.43649654]", "nit": "22"}, "19": {"maxiter": 1000, "gtol": 1e-05, "xrtol": 1e-10, "eps": 1e-10, "duration": 0.03818488121032715, "fun": "0.2725884123110278", "jac": "[-1.11022293e-06 -4.44089173e-06 -3.33066880e-06 -1.11022293e-06\n  3.33066880e-06  3.33066880e-06]", "hess_inv": "[[ 2.75534736  0.08626524 -0.12480136 -0.20498164 -1.11174467 -0.83452996]\n [ 0.08626524  3.2069666  -0.79596309 -0.74357495 -1.30655878 -1.58038943]\n [-0.12480136 -0.79596309  4.4449048   0.07072646  1.86116543  1.71203552]\n [-0.20498164 -0.74357495  0.07072646  3.15876412  0.80144175  0.48401312]\n [-1.11174467 -1.30655878  1.86116543  0.80144175 13.33272946 10.48851364]\n [-0.83452996 -1.58038943  1.71203552  0.48401312 10.48851364 11.8317727 ]]", "nfev": "224", "njev": "32", "status": "0", "success": "True", "message": "Optimization terminated successfully.", "x": "[7.60670111 0.99548818 3.12515877 3.68074486 3.33676201 5.43662386]", "nit": "21"}, "20": {"maxiter": 1000, "gtol": 1e-10, "xrtol": 1e-05, "eps": 1e-05, "duration": 0.04212594032287598, "fun": "0.2725884119880554", "jac": "[ 1.14201981e-06 -4.13669099e-07  1.51724189e-06 -8.78319639e-07\n -7.92377275e-07  1.05073728e-06]", "hess_inv": "[[ 2.79666502  0.11179439 -0.33141888 -0.15957681 -1.21412853 -0.92793194]\n [ 0.11179439  3.56486397 -1.0596657  -0.68828945 -2.09231256 -2.5536775 ]\n [-0.33141888 -1.0596657   4.15286595  0.31872256  2.46914749  2.10947004]\n [-0.15957681 -0.68828945  0.31872256  2.98057296  0.78909453  0.63075193]\n [-1.21412853 -2.09231256  2.46914749  0.78909453 15.52520421 12.94010889]\n [-0.92793194 -2.5536775   2.10947004  0.63075193 12.94010889 14.35858417]]", "nfev": "245", "njev": "35", "status": "0", "success": "True", "message": "Optimization terminated successfully.", "x": "[7.60671012 0.99551015 3.12513831 3.68073251 3.33661711 5.43649463]", "nit": "23"}, "21": {"maxiter": 1000, "gtol": 1e-10, "xrtol": 1e-05, "eps": 1e-10, "duration": 0.041133880615234375, "fun": "0.2725884119459733", "jac": "[-2.22044587e-06 -1.11022293e-06  2.22044587e-06  2.22044587e-06\n  2.22044587e-06  0.00000000e+00]", "hess_inv": "[[ 2.44476285 -0.26118494 -0.25066551 -0.10820637  0.03375751  0.31715614]\n [-0.26118494  3.19753849 -1.08289124 -0.69273725 -1.60703923 -1.80508494]\n [-0.25066551 -1.08289124  4.41871566  0.15169949  2.76982301  2.68565363]\n [-0.10820637 -0.69273725  0.15169949  3.12506447  0.78695665  0.40168704]\n [ 0.03375751 -1.60703923  2.76982301  0.78695665 14.84099512 12.15327204]\n [ 0.31715614 -1.80508494  2.68565363  0.40168704 12.15327204 13.41387114]]", "nfev": "238", "njev": "34", "status": "0", "success": "True", "message": "Optimization terminated successfully.", "x": "[7.60670055 0.99550908 3.1251504  3.68074168 3.3366751  5.43654043]", "nit": "23"}, "22": {"maxiter": 1000, "gtol": 1e-10, "xrtol": 1e-10, "eps": 1e-05, "duration": 0.07266902923583984, "fun": "0.2725884119880554", "jac": "[ 1.14201981e-06 -4.13669099e-07  1.51724189e-06 -8.78319639e-07\n -7.92377275e-07  1.05073728e-06]", "hess_inv": "[[ 2.8168939   0.12311335 -0.31482488 -0.16936026 -1.2331112  -1.03933137]\n [ 0.12311335  3.50525673 -0.99594597 -0.70251347 -2.01689522 -2.31161911]\n [-0.31482488 -0.99594597  4.12154191  0.31792007  2.38254979  1.76680982]\n [-0.16936026 -0.70251347  0.31792007  2.98414359  0.80969188  0.72501893]\n [-1.2331112  -2.01689522  2.38254979  0.80969188 15.43075436 12.64747778]\n [-1.03933137 -2.31161911  1.76680982  0.72501893 12.64747778 13.56694333]]", "nfev": "424", "njev": "59", "status": "2", "success": "False", "message": "Desired error not necessarily achieved due to precision loss.", "x": "[7.60671012 0.99551015 3.12513831 3.68073251 3.33661711 5.43649463]", "nit": "23"}, "23": {"maxiter": 1000, "gtol": 1e-10, "xrtol": 1e-10, "eps": 1e-10, "duration": 0.05638313293457031, "fun": "0.27258841194497185", "jac": "[-4.44089173e-06  0.00000000e+00 -1.11022293e-06  0.00000000e+00\n  0.00000000e+00  0.00000000e+00]", "hess_inv": "[[ 2.51706756 -0.64509283  1.48963053  0.38445021  3.55907684  2.93979648]\n [-0.64509283  2.87069751 -2.18590452 -0.42398964 -5.46077899 -4.49778594]\n [ 1.48963053 -2.18590452 16.67672741  2.16391312 29.65285567 22.04337807]\n [ 0.38445021 -0.42398964  2.16391312  2.96019055  7.00680006  4.818399  ]\n [ 3.55907684 -5.46077899 29.65285567  7.00680006 64.76676184 48.02366195]\n [ 2.93979648 -4.49778594 22.04337807  4.818399   48.02366195 39.13951457]]", "nfev": "329", "njev": "47", "status": "0", "success": "True", "message": "Optimization terminated successfully.", "x": "[7.60669962 0.995512   3.12513906 3.68073761 3.33665954 5.43652911]", "nit": "25"}}, "cobyla": {"0": {"maxiter": 100, "tol": 1e-05, "catol": 1e-05, "duration": 0.016834020614624023, "x": "[7.67831305 1.13722155 2.97678139 2.75326142 5.52172952 7.71486986]", "status": "2", "success": "False", "message": "Maximum number of function evaluations has been exceeded.", "nfev": "100", "fun": "0.2955275165735788", "maxcv": "0.0"}, "1": {"maxiter": 100, "tol": 1e-05, "catol": 1e-10, "duration": 0.016717910766601562, "x": "[7.67831305 1.13722155 2.97678139 2.75326142 5.52172952 7.71486986]", "status": "2", "success": "False", "message": "Maximum number of function evaluations has been exceeded.", "nfev": "100", "fun": "0.2955275165735788", "maxcv": "0.0"}, "2": {"maxiter": 100, "tol": 1e-10, "catol": 1e-05, "duration": 0.01666712760925293, "x": "[7.67831305 1.13722155 2.97678139 2.75326142 5.52172952 7.71486986]", "status": "2", "success": "False", "message": "Maximum number of function evaluations has been exceeded.", "nfev": "100", "fun": "0.2955275165735788", "maxcv": "0.0"}, "3": {"maxiter": 100, "tol": 1e-10, "catol": 1e-10, "duration": 0.016648054122924805, "x": "[7.67831305 1.13722155 2.97678139 2.75326142 5.52172952 7.71486986]", "status": "2", "success": "False", "message": "Maximum number of function evaluations has been exceeded.", "nfev": "100", "fun": "0.2955275165735788", "maxcv": "0.0"}, "4": {"maxiter": 500, "tol": 1e-05, "catol": 1e-05, "duration": 0.07626104354858398, "x": "[7.6067177  0.99551612 3.12513153 2.60245805 6.47820563 8.57808614]", "status": "1", "success": "True", "message": "Optimization terminated successfully.", "nfev": "460", "fun": "0.2725884120141272", "maxcv": "0.0"}, "5": {"maxiter": 500, "tol": 1e-05, "catol": 1e-10, "duration": 0.07838010787963867, "x": "[7.6067177  0.99551612 3.12513153 2.60245805 6.47820563 8.57808614]", "status": "1", "success": "True", "message": "Optimization terminated successfully.", "nfev": "460", "fun": "0.2725884120141272", "maxcv": "0.0"}, "6": {"maxiter": 500, "tol": 1e-10, "catol": 1e-05, "duration": 0.0850069522857666, "x": "[7.60670819 0.99551384 3.12514203 2.60244503 6.47823508 8.5781066 ]", "status": "2", "success": "False", "message": "Maximum number of function evaluations has been exceeded.", "nfev": "500", "fun": "0.27258841193174366", "maxcv": "0.0"}, "7": {"maxiter": 500, "tol": 1e-10, "catol": 1e-10, "duration": 0.08499979972839355, "x": "[7.60670819 0.99551384 3.12514203 2.60244503 6.47823508 8.5781066 ]", "status": "2", "success": "False", "message": "Maximum number of function evaluations has been exceeded.", "nfev": "500", "fun": "0.27258841193174366", "maxcv": "0.0"}, "8": {"maxiter": 1000, "tol": 1e-05, "catol": 1e-05, "duration": 0.07799696922302246, "x": "[7.6067177  0.99551612 3.12513153 2.60245805 6.47820563 8.57808614]", "status": "1", "success": "True", "message": "Optimization terminated successfully.", "nfev": "460", "fun": "0.2725884120141272", "maxcv": "0.0"}, "9": {"maxiter": 1000, "tol": 1e-05, "catol": 1e-10, "duration": 0.07795405387878418, "x": "[7.6067177  0.99551612 3.12513153 2.60245805 6.47820563 8.57808614]", "status": "1", "success": "True", "message": "Optimization terminated successfully.", "nfev": "460", "fun": "0.2725884120141272", "maxcv": 