{"date": "2024/07/19/, 01:58:59", "conf_id": 148, "data_type": "orthogonal\n", "num_data_points": 4, "s_rank": 0, "unitary": "[[-0.53618537-0.34368723j,-0.12107031-0.46226139j,-0.07699282-0.46603512j,0.36022595-0.11472301j],[0.26026499-0.63450712j,-0.56616638+0.37832564j,-0.14988651+0.08458591j,0.10363514-0.16008501j],[-0.32580188-0.11070003j,-0.36476308-0.23593218j,0.02559343+0.41761608j,-0.25598305+0.6725303j],[0.07406738-0.0126433j,0.28513701+0.19483972j,-0.74939717-0.10299659j,0.29798249+0.46269921j]]", "databatch_0": {"databatch": "[[[-0.0788831-1.80425774e-01j,0.17372141-1.38042432e-02j,0.06354963+3.83858483e-01j,-0.04510274-1.17596325e-01j],[0.2508109+2.36953996e-03j,-0.3150411+1.18407759e-03j,0.06552665-3.67431476e-01j,0.10506934+2.26909207e-01j],[-0.03467+3.09771031e-01j,0.04265788-2.33323741e-01j,0.17769886+9.63914082e-03j,-0.19635769+4.88931485e-02j],[0.00481306+1.66347139e-01j,-0.1428712-7.30555767e-02j,0.12247043-3.01738414e-01j,-0.01938464+1.17103157e-01j]],[[-0.25877423-8.22813686e-02j,0.00392317+1.26366567e-01j,0.02697951-2.08888557e-01j,0.08308688-7.30663028e-02j],[-0.3703406-2.75122549e-01j,-0.06178139+1.33469212e-01j,0.27890538-2.60435740e-01j,0.12796209-4.98264084e-02j],[-0.43423936+1.95757286e-01j,0.09425358+1.22547472e-01j,-0.09825721-3.73882973e-01j,0.01764803-1.43483454e-01j],[0.11351572-1.07982577e-01j,-0.05393932+2.31694433e-02j,-0.00611589+4.53564970e-02j,0.04594338+3.74676268e-02j]],[[-0.12068869-1.47428775e-01j,0.19619577-5.05662226e-03j,0.03899677+3.62687853e-01j,-0.05116853-1.38652638e-01j],[0.25342197+4.12679688e-02j,-0.31290069-2.10808145e-04j,0.03805099-3.89304885e-01j,0.09920128+2.27007472e-01j],[-0.05142626+2.66399609e-01j,0.02780863-2.31613280e-01j,0.22814377+3.45292054e-03j,-0.18601716+5.50628097e-02j],[0.04254383+1.61747705e-01j,-0.15468452-8.69698356e-02j,0.13107659-2.81831605e-01j,-0.02322244+1.33126099e-01j]],[[0.04165681-2.20951303e-01j,-0.01562776+2.76990340e-01j,-0.33829135-5.88642730e-02j,0.20556966-7.74187248e-02j],[-0.10704032+1.89371145e-02j,-0.02350347-6.24458149e-02j,0.18994127-7.58277372e-02j,-0.03611013+2.30374135e-02j],[-0.062247+8.75467516e-02j,-0.03317349-2.10716044e-03j,0.01650986-1.60352390e-01j,-0.00175406+1.62830306e-02j],[0.2706865-2.42611129e-01j,-0.17031946+3.31287309e-01j,-0.45898801-1.94242625e-01j,0.29562363+2.83875308e-02j]]]", "initial param values": "[5.35128587,4.11670509,0.12785587,1.18067576,5.67255576,5.90389881]", "nelder_mead": {"type": "gradient-free", "0": {"maxiter": 100, "fatol": 1e-05, "xatol": 1e-05, "duration": 0.026742935180664062, "fun": "0.3858954204493069", "nit": "100", "nfev": "159", "status": "2", "success": "False", "message": "Maximum number of iterations has been exceeded.", "x": "[3.78937803 5.46486541 0.14632887 1.31150459 4.43766359 5.31863119]", "final_simplex": "(array([[3.78937803, 5.46486541, 0.14632887, 1.31150459, 4.43766359,\n        5.31863119],\n       [3.79300301, 5.46596501, 0.1463515 , 1.30857685, 4.44008704,\n        5.34260837],\n       [3.81281087, 5.46025773, 0.14545852, 1.30689428, 4.45442909,\n        5.33700685],\n       [3.79133208, 5.45580178, 0.14616147, 1.30888753, 4.45154215,\n        5.32557834],\n       [3.8014659 , 5.46460265, 0.14625316, 1.30279777, 4.44420833,\n        5.31885   ],\n       [3.81163307, 5.47030541, 0.14596964, 1.30376468, 4.4320731 ,\n        5.33003927],\n       [3.79513842, 5.47198054, 0.14592127, 1.30338552, 4.44548532,\n        5.33792305]]), array([0.38589542, 0.38595106, 0.38595217, 0.38597286, 0.38597718,\n       0.38599221, 0.38599999]))"}, "1": {"maxiter": 100, "fatol": 1e-05, "xatol": 1e-10, "duration": 0.026582002639770508, "fun": "0.3858954204493069", "nit": "100", "nfev": "159", "status": "2", "success": "False", "message": "Maximum number of iterations has been exceeded.", "x": "[3.78937803 5.46486541 0.14632887 1.31150459 4.43766359 5.31863119]", "final_simplex": "(array([[3.78937803, 5.46486541, 0.14632887, 1.31150459, 4.43766359,\n        5.31863119],\n       [3.79300301, 5.46596501, 0.1463515 , 1.30857685, 4.44008704,\n        5.34260837],\n       [3.81281087, 5.46025773, 0.14545852, 1.30689428, 4.45442909,\n        5.33700685],\n       [3.79133208, 5.45580178, 0.14616147, 1.30888753, 4.45154215,\n        5.32557834],\n       [3.8014659 , 5.46460265, 0.14625316, 1.30279777, 4.44420833,\n        5.31885   ],\n       [3.81163307, 5.47030541, 0.14596964, 1.30376468, 4.4320731 ,\n        5.33003927],\n       [3.79513842, 5.47198054, 0.14592127, 1.30338552, 4.44548532,\n        5.33792305]]), array([0.38589542, 0.38595106, 0.38595217, 0.38597286, 0.38597718,\n       0.38599221, 0.38599999]))"}, "2": {"maxiter": 100, "fatol": 1e-10, "xatol": 1e-05, "duration": 0.02655792236328125, "fun": "0.3858954204493069", "nit": "100", "nfev": "159", "status": "2", "success": "False", "message": "Maximum number of iterations has been exceeded.", "x": "[3.78937803 5.46486541 0.14632887 1.31150459 4.43766359 5.31863119]", "final_simplex": "(array([[3.78937803, 5.46486541, 0.14632887, 1.31150459, 4.43766359,\n        5.31863119],\n       [3.79300301, 5.46596501, 0.1463515 , 1.30857685, 4.44008704,\n        5.34260837],\n       [3.81281087, 5.46025773, 0.14545852, 1.30689428, 4.45442909,\n        5.33700685],\n       [3.79133208, 5.45580178, 0.14616147, 1.30888753, 4.45154215,\n        5.32557834],\n       [3.8014659 , 5.46460265, 0.14625316, 1.30279777, 4.44420833,\n        5.31885   ],\n       [3.81163307, 5.47030541, 0.14596964, 1.30376468, 4.4320731 ,\n        5.33003927],\n       [3.79513842, 5.47198054, 0.14592127, 1.30338552, 4.44548532,\n        5.33792305]]), array([0.38589542, 0.38595106, 0.38595217, 0.38597286, 0.38597718,\n       0.38599221, 0.38599999]))"}, "3": {"maxiter": 100, "fatol": 1e-10, "xatol": 1e-10, "duration": 0.02647995948791504, "fun": "0.3858954204493069", "nit": "100", "nfev": "159", "status": "2", "success": "False", "message": "Maximum number of iterations has been exceeded.", "x": "[3.78937803 5.46486541 0.14632887 1.31150459 4.43766359 5.31863119]", "final_simplex": "(array([[3.78937803, 5.46486541, 0.14632887, 1.31150459, 4.43766359,\n        5.31863119],\n       [3.79300301, 5.46596501, 0.1463515 , 1.30857685, 4.44008704,\n        5.34260837],\n       [3.81281087, 5.46025773, 0.14545852, 1.30689428, 4.45442909,\n        5.33700685],\n       [3.79133208, 5.45580178, 0.14616147, 1.30888753, 4.45154215,\n        5.32557834],\n       [3.8014659 , 5.46460265, 0.14625316, 1.30279777, 4.44420833,\n        5.31885   ],\n       [3.81163307, 5.47030541, 0.14596964, 1.30376468, 4.4320731 ,\n        5.33003927],\n       [3.79513842, 5.47198054, 0.14592127, 1.30338552, 4.44548532,\n        5.33792305]]), array([0.38589542, 0.38595106, 0.38595217, 0.38597286, 0.38597718,\n       0.38599221, 0.38599999]))"}, "4": {"maxiter": 500, "fatol": 1e-05, "xatol": 1e-05, "duration": 0.12306094169616699, "fun": "0.2793110593944894", "nit": "485", "nfev": "739", "status": "0", "success": "True", "message": "Optimization terminated successfully.", "x": "[4.23378839 6.21870868 1.30481985 1.42913161 4.62948068 5.39100952]", "final_simplex": "(array([[4.23378839, 6.21870868, 1.30481985, 1.42913161, 4.62948068,\n        5.39100952],\n       [4.23379109, 6.21871747, 1.30482341, 1.42914013, 4.62948136,\n        5.39100585],\n       [4.23378539, 6.2187118 , 1.30482277, 1.42913073, 4.62948286,\n        5.39100303],\n       [4.23378913, 6.21871344, 1.30482339, 1.42912562, 4.62947454,\n        5.39100757],\n       [4.23378315, 6.21871169, 1.30482133, 1.42912643, 4.62947598,\n        5.39100938],\n       [4.23378558, 6.21871566, 1.30481593, 1.42913207, 4.62947489,\n        5.39100017],\n       [4.23379386, 6.21871623, 1.30481716, 1.42913586, 4.62948501,\n        5.39100855]]), array([0.27931106, 0.27931106, 0.27931106, 0.27931106, 0.27931106,\n       0.27931106, 0.27931106]))"}, "5": {"maxiter": 500, "fatol": 1e-05, "xatol": 1e-10, "duration": 0.1280651092529297, "fun": "0.27931105939020906", "nit": "500", "nfev": "766", "status": "2", "success": "False", "message": "Maximum number of iterations has been exceeded.", "x": "[4.23378914 6.21871352 1.30482165 1.42913161 4.62947861 5.39100623]", "final_simplex": "(array([[4.23378914, 6.21871352, 1.30482165, 1.42913161, 4.62947861,\n        5.39100623],\n       [4.23378853, 6.21871301, 1.30482222, 1.42913276, 4.62947893,\n        5.3910051 ],\n       [4.23379038, 6.21871394, 1.30482123, 1.4291335 , 4.6294775 ,\n        5.39100671],\n       [4.23379115, 6.21871464, 1.30482368, 1.42913502, 4.62947924,\n        5.39100611],\n       [4.23378987, 6.21871373, 1.30482137, 1.42913384, 4.62948061,\n        5.39100506],\n       [4.2337899 , 6.2187164 , 1.30482244, 1.42913445, 4.62947805,\n        5.39100382],\n       [4.23378999, 6.21871525, 1.30482194, 1.42913621, 4.62948071,\n        5.39100594]]), array([0.27931106, 0.27931106, 0.27931106, 0.27931106, 0.27931106,\n       0.27931106, 0.27931106]))"}, "6": {"maxiter": 500, "fatol": 1e-10, "xatol": 1e-05, "duration": 0.1245272159576416, "fun": "0.2793110593944894", "nit": "485", "nfev": "739", "status": "0", "success": "True", "message": "Optimization terminated successfully.", "x": "[4.23378839 6.21870868 1.30481985 1.42913161 4.62948068 5.39100952]", "final_simplex": "(array([[4.23378839, 6.21870868, 1.30481985, 1.42913161, 4.62948068,\n        5.39100952],\n       [4.23379109, 6.21871747, 1.30482341, 1.42914013, 4.62948136,\n        5.39100585],\n       [4.23378539, 6.2187118 , 1.30482277, 1.42913073, 4.62948286,\n        5.39100303],\n       [4.23378913, 6.21871344, 1.30482339, 1.42912562, 4.62947454,\n        5.39100757],\n       [4.23378315, 6.21871169, 1.30482133, 1.42912643, 4.62947598,\n        5.39100938],\n       [4.23378558, 6.21871566, 1.30481593, 1.42913207, 4.62947489,\n        5.39100017],\n       [4.23379386, 6.21871623, 1.30481716, 1.42913586, 4.62948501,\n        5.39100855]]), array([0.27931106, 0.27931106, 0.27931106, 0.27931106, 0.27931106,\n       0.27931106, 0.27931106]))"}, "7": {"maxiter": 500, "fatol": 1e-10, "xatol": 1e-10, "duration": 0.12858295440673828, "fun": "0.27931105939020906", "nit": "500", "nfev": "766", "status": "2", "success": "False", "message": "Maximum number of iterations has been exceeded.", "x": "[4.23378914 6.21871352 1.30482165 1.42913161 4.62947861 5.39100623]", "final_simplex": "(array([[4.23378914, 6.21871352, 1.30482165, 1.42913161, 4.62947861,\n        5.39100623],\n       [4.23378853, 6.21871301, 1.30482222, 1.42913276, 4.62947893,\n        5.3910051 ],\n       [4.23379038, 6.21871394, 1.30482123, 1.4291335 , 4.6294775 ,\n        5.39100671],\n       [4.23379115, 6.21871464, 1.30482368, 1.42913502, 4.62947924,\n        5.39100611],\n       [4.23378987, 6.21871373, 1.30482137, 1.42913384, 4.62948061,\n        5.39100506],\n       [4.2337899 , 6.2187164 , 1.30482244, 1.42913445, 4.62947805,\n        5.39100382],\n       [4.23378999, 6.21871525, 1.30482194, 1.42913621, 4.62948071,\n        5.39100594]]), array([0.27931106, 0.27931106, 0.27931106, 0.27931106, 0.27931106,\n       0.27931106, 0.27931106]))"}, "8": {"maxiter": 1000, "fatol": 1e-05, "xatol": 1e-05, "duration": 0.12430214881896973, "fun": "0.2793110593944894", "nit": "485", "nfev": "739", "status": "0", "success": "True", "message": "Optimization terminated successfully.", "x": "[4.23378839 6.21870868 1.30481985 1.42913161 4.62948068 5.39100952]", "final_simplex": "(array([[4.23378839, 6.21870868, 1.30481985, 1.42913161, 4.62948068,\n        5.39100952],\n       [4.23379109, 6.21871747, 1.30482341, 1.42914013, 4.62948136,\n        5.39100585],\n       [4.23378539, 6.2187118 , 1.30482277, 1.42913073, 4.62948286,\n        5.39100303],\n       [4.23378913, 6.21871344, 1.30482339, 1.42912562, 4.62947454,\n        5.39100757],\n       [4.23378315, 6.21871169, 1.30482133, 1.42912643, 4.62947598,\n        5.39100938],\n       [4.23378558, 6.21871566, 1.30481593, 1.42913207, 4.62947489,\n        5.39100017],\n       [4.23379386, 6.21871623, 1.30481716, 1.42913586, 4.62948501,\n        5.39100855]]), array([0.27931106, 0.27931106, 0.27931106, 0.27931106, 0.27931106,\n       0.27931106, 0.27931106]))"}, "9": {"maxiter": 1000, "fatol": 1e-05, "xatol": 1e-10, "duration": 0.16515088081359863, "fun": "0.2793110593893553", "nit": "600", "nfev": "983", "status": "0", "success": "True", "message": "Optimization terminated successfully.", "x": "[4.23378906 6.21871502 1.30482332 1.42913327 4.62947865 5.39100641]", "final_simplex": "(array([[4.23378906, 6.21871502, 1.30482332, 1.42913327, 4.62947865,\n        5.39100641],\n       [4.23378906, 6.21871502, 1.30482332, 1.42913327, 4.62947865,\n        5.39100641],\n       [4.23378906, 6.21871502, 1.30482332, 1.42913327, 4.62947865,\n        5.39100641],\n       [4.23378906, 6.21871502, 1.30482332, 1.42913327, 4.62947865,\n        5.39100641],\n       [4.23378906, 6.21871502, 1.30482332, 1.42913327, 4.62947865,\n        5.39100641],\n       [4.23378906, 6.21871502, 1.30482332, 1.42913327, 4.62947865,\n        5.39100641],\n       [4.23378906, 6.21871502, 1.30482332, 1.42913327, 4.62947865,\n        5.39100641]]), array([0.27931106, 0.27931106, 0.27931106, 0.27931106, 0.27931106,\n       0.27931106, 0.27931106]))"}, "10": {"maxiter": 1000, "fatol": 1e-10, "xatol": 1e-05, "duration": 0.12402725219726562, "fun": "0.2793110593944894", "nit": "485", "nfev": "739", "status": "0", "success": "True", "message": "Optimization terminated successfully.", "x": "[4.23378839 6.21870868 1.30481985 1.42913161 4.62948068 5.39100952]", "final_simplex": "(array([[4.23378839, 6.21870868, 1.30481985, 1.42913161, 4.62948068,\n        5.39100952],\n       [4.23379109, 6.21871747, 1.30482341, 1.42914013, 4.62948136,\n        5.39100585],\n       [4.23378539, 6.2187118 , 1.30482277, 1.42913073, 4.62948286,\n        5.39100303],\n       [4.23378913, 6.21871344, 1.30482339, 1.42912562, 4.62947454,\n        5.39100757],\n       [4.23378315, 6.21871169, 1.30482133, 1.42912643, 4.62947598,\n        5.39100938],\n       [4.23378558, 6.21871566, 1.30481593, 1.42913207, 4.62947489,\n        5.39100017],\n       [4.23379386, 6.21871623, 1.30481716, 1.42913586, 4.62948501,\n        5.39100855]]), array([0.27931106, 0.27931106, 0.27931106, 0.27931106, 0.27931106,\n       0.27931106, 0.27931106]))"}, "11": {"maxiter": 1000, "fatol": 1e-10, "xatol": 1e-10, "duration": 0.16460108757019043, "fun": "0.2793110593893553", "nit": "600", "nfev": "983", "status": "0", "success": "True", "message": "Optimization terminated successfully.", "x": "[4.23378906 6.21871502 1.30482332 1.42913327 4.62947865 5.39100641]", "final_simplex": "(array([[4.23378906, 6.21871502, 1.30482332, 1.42913327, 4.62947865,\n        5.39100641],\n       [4.23378906, 6.21871502, 1.30482332, 1.42913327, 4.62947865,\n        5.39100641],\n       [4.23378906, 6.21871502, 1.30482332, 1.42913327, 4.62947865,\n        5.39100641],\n       [4.23378906, 6.21871502, 1.30482332, 1.42913327, 4.62947865,\n        5.39100641],\n       [4.23378906, 6.21871502, 1.30482332, 1.42913327, 4.62947865,\n        5.39100641],\n       [4.23378906, 6.21871502, 1.30482332, 1.42913327, 4.62947865,\n        5.39100641],\n       [4.23378906, 6.21871502, 1.30482332, 1.42913327, 4.62947865,\n        5.39100641]]), array([0.27931106, 0.27931106, 0.27931106, 0.27931106, 0.27931106,\n       0.27931106, 0.27931106]))"}}, "bfgs": {"type": "gradient", "0": {"maxiter": 100, "gtol": 1e-05, "xrtol": 1e-05, "eps": 1e-05, "duration": 0.02651214599609375, "fun": "0.2793110594239133", "jac": "[ 7.22499838e-07 -1.05738751e-06  7.26829708e-07 -3.93252098e-07\n -4.34707825e-07  1.28619337e-07]", "hess_inv": "[[ 3.06715478 -0.03291815  0.31351303  0.22499616  0.60018904  0.64451959]\n [-0.03291815  4.54631493  2.47828854  0.37801911 -0.44211849 -1.52955931]\n [ 0.31351303  2.47828854  4.83351548 -0.34235048  0.05431613 -0.83816571]\n [ 0.22499616  0.37801911 -0.34235048  3.46045684  0.20677556 -0.36973469]\n [ 0.60018904 -0.44211849  0.05431613  0.20677556  3.34389091 -0.53489643]\n [ 0.64451959 -1.52955931 -0.83816571 -0.36973469 -0.53489643  3.91312043]]", "nfev": "154", "njev": "22", "status": "0", "success": "True", "message": "Optimization terminated successfully.", "x": "[4.23378396 6.21870303 1.30481526 1.42912512 4.62947217 5.39100726]", "nit": "20"}, "1": {"maxiter": 100, "gtol": 1e-05, "xrtol": 1e-05, "eps": 1e-10, "duration": 0.026428937911987305, "fun": "0.27931105943528156", "jac": "[ 3.33066880e-06  0.00000000e+00 -1.11022293e-06  0.00000000e+00\n  1.11022293e-06  0.00000000e+00]", "hess_inv": "[[ 3.12916575  0.17988725  0.39732687  0.24480982  0.67016246  0.69103246]\n [ 0.17988725  4.79036506  2.49570389  0.6140709  -0.32553854 -1.47800021]\n [ 0.39732687  2.49570389  4.76494585 -0.18074057  0.10427335 -0.74188788]\n [ 0.24480982  0.6140709  -0.18074057  3.39823908  0.25359101 -0.43700153]\n [ 0.67016246 -0.32553854  0.10427335  0.25359101  3.38388674 -0.5316049 ]\n [ 0.69103246 -1.47800021 -0.74188788 -0.43700153 -0.5316049   3.94156464]]", "nfev": "154", "njev": "22", "status": "0", "success": "True", "message": "Optimization terminated successfully.", "x": "[4.23380189 6.21871857 1.30482547 1.42914454 4.62948328 5.39101141]", "nit": "20"}, "2": {"maxiter": 100, "gtol": 1e-05, "xrtol": 1e-10, "eps": 1e-05, "duration": 0.02651190757751465, "fun": "0.2793110594239133", "jac": "[ 7.22499838e-07 -1.05738751e-06  7.26829708e-07 -3.93252098e-07\n -4.34707825e-07  1.28619337e-07]", "hess_inv": "[[ 3.06715478 -0.03291815  0.31351303  0.22499616  0.60018904  0.64451959]\n [-0.03291815  4.54631493  2.47828854  0.37801911 -0.44211849 -1.52955931]\n [ 0.31351303  2.47828854  4.83351548 -0.34235048  0.05431613 -0.83816571]\n [ 0.22499616  0.37801911 -0.34235048  3.46045684  0.20677556 -0.36973469]\n [ 0.60018904 -0.44211849  0.05431613  0.20677556  3.34389091 -0.53489643]\n [ 0.64451959 -1.52955931 -0.83816571 -0.36973469 -0.53489643  3.91312043]]", "nfev": "154", "njev": "22", "status": "0", "success": "True", "message": "Optimization terminated successfully.", "x": "[4.23378396 6.21870303 1.30481526 1.42912512 4.62947217 5.39100726]", "nit": "20"}, "3": {"maxiter": 100, "gtol": 1e-05, "xrtol": 1e-10, "eps": 1e-10, "duration": 0.026419878005981445, "fun": "0.27931105943528156", "jac": "[ 3.33066880e-06  0.00000000e+00 -1.11022293e-06  0.00000000e+00\n  1.11022293e-06  0.00000000e+00]", "hess_inv": "[[ 3.12916575  0.17988725  0.39732687  0.24480982  0.67016246  0.69103246]\n [ 0.17988725  4.79036506  2.49570389  0.6140709  -0.32553854 -1.47800021]\n [ 0.39732687  2.49570389  4.76494585 -0.18074057  0.10427335 -0.74188788]\n [ 0.24480982  0.6140709  -0.18074057  3.39823908  0.25359101 -0.43700153]\n [ 0.67016246 -0.32553854  0.10427335  0.25359101  3.38388674 -0.5316049 ]\n [ 0.69103246 -1.47800021 -0.74188788 -0.43700153 -0.5316049   3.94156464]]", "nfev": "154", "njev": "22", "status": "0", "success": "True", "message": "Optimization terminated successfully.", "x": "[4.23380189 6.21871857 1.30482547 1.42914454 4.62948328 5.39101141]", "nit": "20"}, "4": {"maxiter": 100, "gtol": 1e-10, "xrtol": 1e-05, "eps": 1e-05, "duration": 0.026453018188476562, "fun": "0.2793110594239133", "jac": "[ 7.22499838e-07 -1.05738751e-06  7.26829708e-07 -3.93252098e-07\n -4.34707825e-07  1.28619337e-07]", "hess_inv": "[[ 3.06715478 -0.03291815  0.31351303  0.22499616  0.60018904  0.64451959]\n [-0.03291815  4.54631493  2.47828854  0.37801911 -0.44211849 -1.52955931]\n [ 0.31351303  2.47828854  4.83351548 -0.34235048  0.05431613 -0.83816571]\n [ 0.22499616  0.37801911 -0.34235048  3.46045684  0.20677556 -0.36973469]\n [ 0.60018904 -0.44211849  0.05431613  0.20677556  3.34389091 -0.53489643]\n [ 0.64451959 -1.52955931 -0.83816571 -0.36973469 -0.53489643  3.91312043]]", "nfev": "154", "njev": "22", "status": "0", "success": "True", "message": "Optimization terminated successfully.", "x": "[4.23378396 6.21870303 1.30481526 1.42912512 4.62947217 5.39100726]", "nit": "20"}, "5": {"maxiter": 100, "gtol": 1e-10, "xrtol": 1e-05, "eps": 1e-10, "duration": 0.027181148529052734, "fun": "0.27931105943528156", "jac": "[ 3.33066880e-06  0.00000000e+00 -1.11022293e-06  0.00000000e+00\n  1.11022293e-06  0.00000000e+00]", "hess_inv": "[[ 3.12916575  0.17988725  0.39732687  0.24480982  0.67016246  0.69103246]\n [ 0.17988725  4.79036506  2.49570389  0.6140709  -0.32553854 -1.47800021]\n [ 0.39732687  2.49570389  4.76494585 -0.18074057  0.10427335 -0.74188788]\n [ 0.24480982  0.6140709  -0.18074057  3.39823908  0.25359101 -0.43700153]\n [ 0.67016246 -0.32553854  0.10427335  0.25359101  3.38388674 -0.5316049 ]\n [ 0.69103246 -1.47800021 -0.74188788 -0.43700153 -0.5316049   3.94156464]]", "nfev": "154", "njev": "22", "status": "0", "success": "True", "message": "Optimization terminated successfully.", "x": "[4.23380189 6.21871857 1.30482547 1.42914454 4.62948328 5.39101141]", "nit": "20"}, "6": {"maxiter": 100, "gtol": 1e-10, "xrtol": 1e-10, "eps": 1e-05, "duration": 0.04277205467224121, "fun": "0.2793110594182021", "jac": "[ 8.99280650e-08 -1.31450406e-08  6.39932551e-08 -4.74620343e-08\n -8.60422844e-09  2.19602114e-08]", "hess_inv": "[[ 3.18178484e+00 -3.41175637e-01  3.19703935e-01  9.80011496e-02\n   5.34751840e-01  8.19478020e-01]\n [-3.41175637e-01  4.76249048e+00  2.24852792e+00  6.14256223e-01\n  -3.98462704e-01 -1.77039477e+00]\n [ 3.19703935e-01  2.24852792e+00  4.75967848e+00 -3.85809258e-01\n   4.76202210e-03 -7.48867336e-01]\n [ 9.80011496e-02  6.14256223e-01 -3.85809258e-01  3.58306305e+00\n   2.56541078e-01 -5.24107926e-01]\n [ 5.34751840e-01 -3.98462704e-01  4.76202210e-03  2.56541078e-01\n   3.35267559e+00 -5.85185127e-01]\n [ 8.19478020e-01 -1.77039477e+00 -7.48867336e-01 -5.24107926e-01\n  -5.85185127e-01  4.09408065e+00]]", "nfev": "243", "njev": "33", "status": "2", "success": "False", "message": "Desired error not necessarily achieved due to precision loss.", "x": "[4.23378155 6.21870696 1.3048142  1.42912736 4.62947299 5.39100452]", "nit": "21"}, "7": {"maxiter": 100, "gtol": 1e-10, "xrtol": 1e-10, "eps": 1e-10, "duration": 0.05149221420288086, "fun": "0.2793110593984711", "jac": "[0.0000000e+00 3.3306688e-06 0.0000000e+00 0.0000000e+00 0.0000000e+00\n 0.0000000e+00]", "hess_inv": "[[ 1.58827239  0.51833174  0.23821067  1.28251525  0.76787317 -0.90257637]\n [ 0.51833174  0.64680594 -0.45557537  0.29509014  0.09658474 -0.35971243]\n [ 0.23821067 -0.45557537  1.44918418  0.503162   -0.68250502  0.37672035]\n [ 1.28251525  0.29509014  0.503162    1.15984367  0.55928012 -0.69268425]\n [ 0.76787317  0.09658474 -0.68250502  0.55928012  2.00469011 -1.17226242]\n [-0.90257637 -0.35971243  0.37672035 -0.69268425 -1.17226242  2.33136159]]", "nfev": "294", "njev": "42", "status": "0", "success": "True", "message": "Optimization terminated successfully.", "x": "[4.23378536 6.21872314 1.30482894 1.42913378 4.62947634 5.39100206]", "nit": "28"}, "8": {"maxiter": 500, "gtol": 1e-05, "xrtol": 1e-05, "eps": 1e-05, "duration": 0.027098894119262695, "fun": "0.2793110594239133", "jac": "[ 7.22499838e-07 -1.05738751e-06  7.26829708e-07 -3.93252098e-07\n -4.34707825e-07  1.28619337e-07]", "hess_inv": "[[ 3.06715478 -0.03291815  0.31351303  0.22499616  0.60018904  0.64451959]\n [-0.03291815  4.54631493  2.47828854  0.37801911 -0.44211849 -1.52955931]\n [ 0.31351303  2.47828854  4.83351548 -0.34235048  0.05431613 -0.83816571]\n [ 0.22499616  0.37801911 -0.34235048  3.46045684  0.20677556 -0.36973469]\n [ 0.60018904 -0.44211849  0.05431613  0.20677556  3.34389091 -0.53489643]\n [ 0.64451959 -1.52955931 -0.83816571 -0.36973469 -0.53489643  3.91312043]]", "nfev": "154", "njev": "22", "status": "0", "success": "True", "message": "Optimization terminated successfully.", "x": "[4.23378396 6.21870303 1.30481526 1.42912512 4.62947217 5.39100726]", "nit": "20"}, "9": {"maxiter": 500, "gtol": 1e-05, "xrtol": 1e-05, "eps": 1e-10, "duration": 0.027091026306152344, "fun": "0.27931105943528156", "jac": "[ 3.33066880e-06  0.00000000e+00 -1.11022293e-06  0.00000000e+00\n  1.11022293e-06  0.00000000e+00]", "hess_inv": "[[ 3.12916575  0.17988725  0.39732687  0.24480982  0.67016246  0.69103246]\n [ 0.17988725  4.79036506  2.49570389  0.6140709  -0.32553854 -1.47800021]\n [ 0.39732687  2.49570389  4.76494585 -0.18074057  0.10427335 -0.74188788]\n [ 0.24480982  0.6140709  -0.18074057  3.39823908  0.25359101 -0.43700153]\n [ 0.67016246 -0.32553854  0.10427335  0.25359101  3.38388674 -0.5316049 ]\n [ 0.69103246 -1.47800021 -0.74188788 -0.43700153 -0.5316049   3.94156464]]", "nfev": "154", "njev": "22", "status": "0", "success": "True", "message": "Optimization terminated successfully.", "x": "[4.23380189 6.21871857 1.30482547 1.42914454 4.62948328 5.39101141]", "nit": "20"}, "10": {"maxiter": 500, "gtol": 1e-05, "xrtol": 1e-10, "eps": 1e-05, "duration": 0.027000904083251953, "fun": "0.2793110594239133", "jac": "[ 7.22499838e-07 -1.05738751e-06  7.26829708e-07 -3.93252098e-07\n -4.34707825e-07  1.28619337e-07]", "hess_inv": "[[ 3.06715478 -0.03291815  0.31351303  0.22499616  0.60018904  0.64451959]\n [-0.03291815  4.54631493  2.47828854  0.37801911 -0.44211849 -1.52955931]\n [ 0.31351303  2.47828854  4.83351548 -0.34235048  0.05431613 -0.83816571]\n [ 0.22499616  0.37801911 -0.34235048  3.46045684  0.20677556 -0.36973469]\n [ 0.60018904 -0.44211849  0.05431613  0.20677556  3.34389091 -0.53489643]\n [ 0.64451959 -1.52955931 -0.83816571 -0.36973469 -0.53489643  3.91312043]]", "nfev": "154", "njev": "22", "status": "0", "success": "True", "message": "Optimization terminated successfully.", "x": "[4.23378396 6.21870303 1.30481526 1.42912512 4.62947217 5.39100726]", "nit": "20"}, "11": {"maxiter": 500, "gtol": 1e-05, "xrtol": 1e-10, "eps": 1e-10, "duration": 0.026938915252685547, "fun": "0.27931105943528156", "jac": "[ 3.33066880e-06  0.00000000e+00 -1.11022293e-06  0.00000000e+00\n  1.11022293e-06  0.00000000e+00]", "hess_inv": "[[ 3.12916575  0.17988725  0.39732687  0.24480982  0.67016246  0.69103246]\n [ 0.17988725  4.79036506  2.49570389  0.6140709  -0.32553854 -1.47800021]\n [ 0.39732687  2.49570389  4.76494585 -0.18074057  0.10427335 -0.74188788]\n [ 0.24480982  0.6140709  -0.18074057  3.39823908  0.25359101 -0.43700153]\n [ 0.67016246 -0.32553854  0.10427335  0.25359101  3.38388674 -0.5316049 ]\n [ 0.69103246 -1.47800021 -0.74188788 -0.43700153 -0.5316049   3.94156464]]", "nfev": "154", "njev": "22", "status": "0", "success": "True", "message": "Optimization terminated successfully.", "x": "[4.23380189 6.21871857 1.30482547 1.42914454 4.62948328 5.39101141]", "nit": "20"}, "12": {"maxiter": 500, "gtol": 1e-10, "xrtol": 1e-05, "eps": 1e-05, "duration": 0.02694082260131836, "fun": "0.2793110594239133", "jac": "[ 7.22499838e-07 -1.05738751e-06  7.26829708e-07 -3.93252098e-07\n -4.34707825e-07  1.28619337e-07]", "hess_inv": "[[ 3.06715478 -0.03291815  0.31351303  0.22499616  0.60018904  0.64451959]\n [-0.03291815  4.54631493  2.47828854  0.37801911 -0.44211849 -1.52955931]\n [ 0.31351303  2.47828854  4.83351548 -0.34235048  0.05431613 -0.83816571]\n [ 0.22499616  0.37801911 -0.34235048  3.46045684  0.20677556 -0.36973469]\n [ 0.60018904 -0.44211849  0.05431613  0.20677556  3.34389091 -0.53489643]\n [ 0.64451959 -1.52955931 -0.83816571 -0.36973469 -0.53489643  3.91312043]]", "nfev": "154", "njev": "22", "status": "0", "success": "True", "message": "Optimization terminated successfully.", "x": "[4.23378396 6.21870303 1.30481526 1.42912512 4.62947217 5.39100726]", "nit": "20"}, "13": {"maxiter": 500, "gtol": 1e-10, "xrtol": 1e-05, "eps": 1e-10, "duration": 0.026901960372924805, "fun": "0.27931105943528156", "jac": "[ 3.33066880e-06  0.00000000e+00 -1.11022293e-06  0.00000000e+00\n  1.11022293e-06  0.00000000e+00]", "hess_inv": "[[ 3.12916575  0.17988725  0.39732687  0.24480982  0.67016246  0.69103246]\n [ 0.17988725  4.79036506  2.49570389  0.6140709  -0.32553854 -1.47800021]\n [ 0.39732687  2.49570389  4.76494585 -0.18074057  0.10427335 -0.74188788]\n [ 0.24480982  0.6140709  -0.18074057  3.39823908  0.25359101 -0.43700153]\n [ 0.67016246 -0.32553854  0.10427335  0.25359101  3.38388674 -0.5316049 ]\n [ 0.69103246 -1.47800021 -0.74188788 -0.43700153 -0.5316049   3.94156464]]", "nfev": "154", "njev": "22", "status": "0", "success": "True", "message": "Optimization terminated successfully.", "x": "[4.23380189 6.21871857 1.30482547 1.42914454 4.62948328 5.39101141]", "nit": "20"}, "14": {"maxiter": 500, "gtol": 1e-10, "xrtol": 1e-10, "eps": 1e-05, "duration": 0.04220700263977051, "fun": "0.2793110594182021", "jac": "[ 8.99280650e-08 -1.31450406e-08  6.39932551e-08 -4.74620343e-08\n -8.60422844e-09  2.19602114e-08]", "hess_inv": "[[ 3.18178484e+00 -3.41175637e-01  3.19703935e-01  9.80011496e-02\n   5.34751840e-01  8.19478020e-01]\n [-3.41175637e-01  4.76249048e+00  2.24852792e+00  6.14256223e-01\n  -3.98462704e-01 -1.77039477e+00]\n [ 3.19703935e-01  2.24852792e+00  4.75967848e+00 -3.85809258e-01\n   4.76202210e-03 -7.48867336e-01]\n [ 9.80011496e-02  6.14256223e-01 -3.85809258e-01  3.58306305e+00\n   2.56541078e-01 -5.24107926e-01]\n [ 5.34751840e-01 -3.98462704e-01  4.76202210e-03  2.56541078e-01\n   3.35267559e+00 -5.85185127e-01]\n [ 8.19478020e-01 -1.77039477e+00 -7.48867336e-01 -5.24107926e-01\n  -5.85185127e-01  4.09408065e+00]]", "nfev": "243", "njev": "33", "status": "2", "success": "False", "message": "Desired error not necessarily achieved due to precision loss.", "x": "[4.23378155 6.21870696 1.3048142  1.42912736 4.62947299 5.39100452]", "nit": "21"}, "15": {"maxiter": 500, "gtol": 1e-10, "xrtol": 1e-10, "eps": 1e-10, "duration": 0.05086803436279297, "fun": "0.2793110593984711", "jac": "[0.0000000e+00 3.3306688e-06 0.0000000e+00 0.0000000e+00 0.0000000e+00\n 0.0000000e+00]", "hess_inv": "[[ 1.58827239  0.51833174  0.23821067  1.28251525  0.76787317 -0.90257637]\n [ 0.51833174  0.64680594 -0.45557537  0.29509014  0.09658474 -0.35971243]\n [ 0.23821067 -0.45557537  1.44918418  0.503162   -0.68250502  0.37672035]\n [ 1.28251525  0.29509014  0.503162    1.15984367  0.55928012 -0.69268425]\n [ 0.76787317  0.09658474 -0.68250502  0.55928012  2.00469011 -1.17226242]\n [-0.90257637 -0.35971243  0.37672035 -0.69268425 -1.17226242  2.33136159]]", "nfev": "294", "njev": "42", "status": "0", "success": "True", "message": "Optimization terminated successfully.", "x": "[4.23378536 6.21872314 1.30482894 1.42913378 4.62947634 5.39100206]", "nit": "28"}, "16": {"maxiter": 1000, "gtol": 1e-05, "xrtol": 1e-05, "eps": 1e-05, "duration": 0.026864051818847656, "fun": "0.2793110594239133", "jac": "[ 7.22499838e-07 -1.05738751e-06  7.26829708e-07 -3.93252098e-07\n -4.34707825e-07  1.28619337e-07]", "hess_inv": "[[ 3.06715478 -0.03291815  0.31351303  0.22499616  0.60018904  0.64451959]\n [-0.03291815  4.54631493  2.47828854  0.37801911 -0.44211849 -1.52955931]\n [ 0.31351303  2.47828854  4.83351548 -0.34235048  0.05431613 -0.83816571]\n [ 0.22499616  0.37801911 -0.34235048  3.46045684  0.20677556 -0.36973469]\n [ 0.60018904 -0.44211849  0.05431613  0.20677556  3.34389091 -0.53489643]\n [ 0.64451959 -1.52955931 -0.83816571 -0.36973469 -0.53489643  3.91312043]]", "nfev": "154", "njev": "22", "status": "0", "success": "True", "message": "Optimization terminated successfully.", "x": "[4.23378396 6.21870303 1.30481526 1.42912512 4.62947217 5.39100726]", "nit": "20"}, "17": {"maxiter": 1000, "gtol": 1e-05, "xrtol": 1e-05, "eps": 1e-10, "duration": 0.02675318717956543, "fun": "0.27931105943528156", "jac": "[ 3.33066880e-06  0.00000000e+00 -1.11022293e-06  0.00000000e+00\n  1.11022293e-06  0.00000000e+00]", "hess_inv": "[[ 3.12916575  0.17988725  0.39732687  0.24480982  0.67016246  0.69103246]\n [ 0.17988725  4.79036506  2.49570389  0.6140709  -0.32553854 -1.47800021]\n [ 0.39732687  2.49570389  4.76494585 -0.18074057  0.10427335 -0.74188788]\n [ 0.24480982  0.6140709  -0.18074057  3.39823908  0.25359101 -0.43700153]\n [ 0.67016246 -0.32553854  0.10427335  0.25359101  3.38388674 -0.5316049 ]\n [ 0.69103246 -1.47800021 -0.74188788 -0.43700153 -0.5316049   3.94156464]]", "nfev": "154", "njev": "22", "status": "0", "success": "True", "message": "Optimization terminated successfully.", "x": "[4.23380189 6.21871857 1.30482547 1.42914454 4.62948328 5.39101141]", "nit": "20"}, "18": {"maxiter": 1000, "gtol": 1e-05, "xrtol": 1e-10, "eps": 1e-05, "duration": 0.026710987091064453, "fun": "0.2793110594239133", "jac": "[ 7.22499838e-07 -1.05738751e-06  7.26829708e-07 -3.93252098e-07\n -4.34707825e-07  1.28619337e-07]", "hess_inv": "[[ 3.06715478 -0.03291815  0.31351303  0.22499616  0.60018904  0.64451959]\n [-0.03291815  4.54631493  2.47828854  0.37801911 -0.44211849 -1.52955931]\n [ 0.31351303  2.47828854  4.83351548 -0.34235048  0.05431613 -0.83816571]\n [ 0.22499616  0.37801911 -0.34235048  3.46045684  0.20677556 -0.36973469]\n [ 0.60018904 -0.44211849  0.05431613  0.20677556  3.34389091 -0.53489643]\n [ 0.64451959 -1.52955931 -0.83816571 -0.36973469 -0.53489643  3.91312043]]", "nfev": "154", "njev": "22", "status": "0", "success": "True", "message": "Optimization terminated successfully.", "x": "[4.23378396 6.21870303 1.30481526 1.42912512 4.62947217 5.39100726]", "nit": "20"}, "19": {"maxiter": 1000, "gtol": 1e-05, "xrtol": 1e-10, "eps": 1e-10, "duration": 0.026687145233154297, "fun": "0.27931105943528156", "jac": "[ 3.33066880e-06  0.00000000e+00 -1.11022293e-06  0.00000000e+00\n  1.11022293e-06  0.00000000e+00]", "hess_inv": "[[ 3.12916575  0.17988725  0.39732687  0.24480982  0.67016246  0.69103246]\n [ 0.17988725  4.79036506  2.49570389  0.6140709  -0.32553854 -1.47800021]\n [ 0.39732687  2.49570389  4.76494585 -0.18074057  0.10427335 -0.74188788]\n [ 0.24480982  0.6140709  -0.18074057  3.39823908  0.25359101 -0.43700153]\n [ 0.67016246 -0.32553854  0.10427335  0.25359101  3.38388674 -0.5316049 ]\n [ 0.69103246 -1.47800021 -0.74188788 -0.43700153 -0.5316049   3.94156464]]", "nfev": "154", "njev": "22", "status": "0", "success": "True", "message": "Optimization terminated successfully.", "x": "[4.23380189 6.21871857 1.30482547 1.42914454 4.62948328 5.39101141]", "nit": "20"}, "20": {"maxiter": 1000, "gtol": 1e-10, "xrtol": 1e-05, "eps": 1e-05, "duration": 0.02660512924194336, "fun": "0.2793110594239133", "jac": "[ 7.22499838e-07 -1.05738751e-06  7.26829708e-07 -3.93252098e-07\n -4.34707825e-07  1.28619337e-07]", "hess_inv": "[[ 3.06715478 -0.03291815  0.31351303  0.22499616  0.60018904  0.64451959]\n [-0.03291815  4.54631493  2.47828854  0.37801911 -0.44211849 -1.52955931]\n [ 0.31351303  2.47828854  4.83351548 -0.34235048  0.05431613 -0.83816571]\n [ 0.22499616  0.37801911 -0.34235048  3.46045684  0.20677556 -0.36973469]\n [ 0.60018904 -0.44211849  0.05431613  0.20677556  3.34389091 -0.53489643]\n [ 0.64451959 -1.52955931 -0.83816571 -0.36973469 -0.53489643  3.91312043]]", "nfev": "154", "njev": "22", "status": "0", "success": "True", "message": "Optimization terminated successfully.", "x": "[4.23378396 6.21870303 1.30481526 1.42912512 4.62947217 5.39100726]", "nit": "20"}, "21": {"maxiter": 1000, "gtol": 1e-10, "xrtol": 1e-05, "eps": 1e-10, "duration": 0.02678394317626953, "fun": "0.27931105943528156", "jac": "[ 3.33066880e-06  0.00000000e+00 -1.11022293e-06  0.00000000e+00\n  1.11022293e-06  0.00000000e+00]", "hess_inv": "[[ 3.12916575  0.17988725  0.39732687  0.24480982  0.67016246  0.69103246]\n [ 0.17988725  4.79036506  2.49570389  0.6140709  -0.32553854 -1.47800021]\n [ 0.39732687  2.49570389  4.76494585 -0.18074057  0.10427335 -0.74188788]\n [ 0.24480982  0.6140709  -0.18074057  3.39823908  0.25359101 -0.43700153]\n [ 0.67016246 -0.32553854  0.10427335  0.25359101  3.38388674 -0.5316049 ]\n [ 0.69103246 -1.47800021 -0.74188788 -0.43700153 -0.5316049   3.94156464]]", "nfev": "154", "njev": "22", "status": "0", "success": "True", "message": "Optimization terminated successfully.", "x": "[4.23380189 6.21871857 1.30482547 1.42914454 4.62948328 5.39101141]", "nit": "20"}, "22": {"maxiter": 1000, "gtol": 1e-10, "xrtol": 1e-10, "eps": 1e-05, "duration": 0.04185199737548828, "fun": "0.2793110594182021", "jac": "[ 8.99280650e-08 -1.31450406e-08  6.39932551e-08 -4.74620343e-08\n -8.60422844e-09  2.19602114e-08]", "hess_inv": "[[ 3.18178484e+00 -3.41175637e-01  3.19703935e-01  9.80011496e-02\n   5.34751840e-01  8.19478020e-01]\n [-3.41175637e-01  4.76249048e+00  2.24852792e+00  6.14256223e-01\n  -3.98462704e-01 -1.77039477e+00]\n [ 3.19703935e-01  2.24852792e+00  4.75967848e+00 -3.85809258e-01\n   4.76202210e-03 -7.48867336e-01]\n [ 9.80011496e-02  6.14256223e-01 -3.85809258e-01  3.58306305e+00\n   2.56541078e-01 -5.24107926e-01]\n [ 5.34751840e-01 -3.98462704e-01  4.76202210e-03  2.56541078e-01\n   3.35267559e+00 -5.85185127e-01]\n [ 8.19478020e-01 -1.77039477e+00 -7.48867336e-01 -5.24107926e-01\n  -5.85185127e-01  4.09408065e+00]]", "nfev": "243", "njev": "33", "status": "2", "success": "False", "message": "Desired error not necessarily achieved due to precision loss.", "x": "[4.23378155 6.21870696 1.3048142  1.42912736 4.62947299 5.39100452]", "nit": "21"}, "23": {"maxiter": 1000, "gtol": 1e-10, "xrtol": 1e-10, "eps": 1e-10, "duration": 0.05046796798706055, "fun": "0.2793110593984711", "jac": "[0.0000000e+00 3.3306688e-06 0.0000000e+00 0.0000000e+00 0.0000000e+00\n 0.0000000e+00]", "hess_inv": "[[ 1.58827239  0.51833174  0.23821067  1.28251525  0.76787317 -0.90257637]\n [ 0.51833174  0.64680594 -0.45557537  0.29509014  0.09658474 -0.35971243]\n [ 0.23821067 -0.45557537  1.44918418  0.503162   -0.68250502  0.37672035]\n [ 1.28251525  0.29509014  0.503162    1.15984367  0.55928012 -0.69268425]\n [ 0.76787317  0.09658474 -0.68250502  0.55928012  2.00469011 -1.17226242]\n [-0.90257637 -0.35971243  0.37672035 -0.69268425 -1.17226242  2.33136159]]", "nfev": "294", "njev": "42", "status": "0", "success": "True", "message": "Optimization terminated successfully.", "x": "[4.23378536 6.21872314 1.30482894 1.42913378 4.62947634 5.39100206]", "nit": "28"}}, "cobyla": {"0": {"maxiter": 100, "tol": 1e-05, "catol": 1e-05, "duration": 0.016466856002807617, "x": "[4.23373561 6.21894875 1.30507156 1.42907423 4.62943364 5.39092387]", "status": "2", "success": "False", "message": "Maximum number of function evaluations has been exceeded.", "nfev": "100", "fun": "0.2793110681875084", "maxcv": "0.0"}, "1": {"maxiter": 100, "tol": 1e-05, "catol": 1e-10, "duration": 0.016461849212646484, "x": "[4.23373561 6.21894875 1.30507156 1.42907423 4.62943364 5.39092387]", "status": "2", "success": "False", "message": "Maximum number of function evaluations has been exceeded.", "nfev": "100", "fun": "0.2793110681875084", "maxcv": "0.0"}, "2": {"maxiter": 100, "tol": 1e-10, "catol": 1e-05, "duration": 0.016455888748168945, "x": "[4.23373561 6.21894875 1.30507156 1.42907423 4.62943364 5.39092387]", "status": "2", "success": "False", "message": "Maximum number of function evaluations has been exceeded.", "nfev": "100", "fun": "0.2793110681875084", "maxcv": "0.0"}, "3": {"maxiter": 100, "tol": 1e-10, "catol": 1e-10, "duration": 0.016416072845458984, "x": "[4.23373561 6.21894875 1.30507156 1.42907423 4.62943364 5.39092387]", "status": "2", "success": "False", "message": "Maximum number of function evaluations has been exceeded.", "nfev": "100", "fun": "0.2793110681875084", "maxcv": "0.0"}, "4": {"maxiter": 500, "tol": 1e-05, "catol": 1e-05, "duration": 0.02320408821105957, "x": "[4.23379367 6.2187093  1.30482252 1.42912478 4.62948309 5.39101917]", "status": "1", "success": "True", "message": "Optimization terminated successfully.", "nfev": "141", "fun": "0.2793110594218118", "maxcv": "0.0"}, "5": {"maxiter": 500, "tol": 1e-05, "catol": 1e-10, "duration": 0.023125886917114258, "x": "[4.23379367 6.2187093  1.30482252 1.42912478 4.62948309 5.39101917]", "status": "1", "success": "True", "message": "Optimization terminated successfully.", "nfev": "141", "fun": "0.2793110594218118", "maxcv": "0.0"}, "6": {"maxiter": 500, "tol": 1e-10, "catol": 1e-05, "duration": 0.04078316688537598, "x": "[4.23378907 6.218715   1.30482332 1.42913