{"date": "2024/07/19/, 20:24:03", "conf_id": 308, "data_type": "var_s_rank\n", "num_data_points": 4, "s_rank": 0, "unitary": "[[-0.53618537-0.34368723j,-0.12107031-0.46226139j,-0.07699282-0.46603512j,0.36022595-0.11472301j],[0.26026499-0.63450712j,-0.56616638+0.37832564j,-0.14988651+0.08458591j,0.10363514-0.16008501j],[-0.32580188-0.11070003j,-0.36476308-0.23593218j,0.02559343+0.41761608j,-0.25598305+0.6725303j],[0.07406738-0.0126433j,0.28513701+0.19483972j,-0.74939717-0.10299659j,0.29798249+0.46269921j]]", "databatch_0": {"databatch": "[[[0.01334643+7.24354193e-02j,0.07358081-3.97565237e-04j,-0.48217702-2.19884584e-01j,-0.00105949+5.30732347e-02j],[0.06026367+2.23549976e-01j,0.00157188+4.11378559e-01j,-0.06251218+1.17363917e-01j,-0.02911535-9.30144577e-02j],[-0.16964445-1.80632910e-01j,-0.10342216+1.02435072e-01j,-0.20699048-2.75964359e-04j,-0.12387687-1.55044697e-01j],[-0.03612611+2.83075106e-01j,0.06512865-2.18008008e-01j,-0.1166779+2.07291624e-01j,0.0759231+3.08377343e-01j]],[[-0.03314052+1.44570909e-01j,-0.00195569-6.64942625e-02j,-0.05349779+1.59936609e-01j,0.06318353+5.15650835e-02j],[-0.0892503-4.22948311e-01j,0.08654039+1.73486466e-01j,-0.05420728-4.88501838e-01j,-0.23022161-5.90751757e-02j],[-0.05793714+9.44844437e-02j,0.01446778-4.75576346e-02j,-0.07601752+1.00513116e-01j,0.03245315+5.15820016e-02j],[-0.36939167-4.88015164e-03j,0.16087996-3.96314919e-02j,-0.41748065-4.63898755e-02j,-0.09242131+1.80885031e-01j]],[[0.13406344-4.88787329e-02j,-0.0431067+3.88668383e-01j,0.37234087-2.82512621e-02j,0.13899473+4.02681105e-02j],[-0.05063024-3.10172534e-02j,0.13482018-8.21742424e-02j,-0.1020693-1.12791779e-01j,-0.02153807-5.37205860e-02j],[0.13961729-1.12493388e-01j,0.10487841+4.76949097e-01j,0.42975633-1.83083526e-01j,0.18023075-8.33761448e-03j],[0.06745605+1.50217555e-02j,-0.1373228+1.53015547e-01j,0.16652751+9.69812922e-02j,0.04542666+6.12952630e-02j]],[[-0.2567105-1.86649306e-02j,0.00772483+1.57644833e-01j,-0.13967792+6.97536786e-02j,-0.13320423-4.03044356e-01j],[0.0385704+4.67740156e-01j,-0.08445514+2.39282346e-01j,-0.29675185+1.67954470e-01j,-0.20367455+1.15207166e-01j],[0.05285277+7.02444471e-02j,-0.02790232-6.21911237e-03j,-0.01815974-6.91601863e-03j,0.00866273+1.07111152e-01j],[-0.15784146-3.71272344e-02j,0.09536714-2.41232434e-01j,0.2233645-1.22906649e-01j,-0.24849981+8.82719279e-02j]]]", "initial param values": "[1.95378343,4.78520447,3.52647437,4.28272758,4.85835235,0.45425872]", "nelder_mead": {"type": "gradient-free", "0": {"maxiter": 100, "fatol": 1e-05, "xatol": 1e-05, "duration": 0.027220964431762695, "fun": "0.35363363735468945", "nit": "100", "nfev": "159", "status": "2", "success": "False", "message": "Maximum number of iterations has been exceeded.", "x": "[1.22505364 3.35438432 3.62982232 4.75274011 2.18044695 0.91630751]", "final_simplex": "(array([[1.22505364, 3.35438432, 3.62982232, 4.75274011, 2.18044695,\n        0.91630751],\n       [1.2182765 , 3.37807825, 3.64551651, 4.75634353, 2.21726947,\n        0.90313765],\n       [1.2475933 , 3.35891239, 3.62856116, 4.77056889, 2.17468617,\n        0.90651161],\n       [1.29713601, 3.39557971, 3.63136022, 4.75110119, 2.22035026,\n        0.8835027 ],\n       [1.21172796, 3.40975162, 3.6327078 , 4.76722656, 2.19011715,\n        0.90369353],\n       [1.24598748, 3.42349192, 3.63968284, 4.74632408, 2.18065752,\n        0.89645369],\n       [1.25401985, 3.37498275, 3.6335454 , 4.75176826, 2.20001807,\n        0.89255566]]), array([0.35363364, 0.35375394, 0.35386483, 0.35406626, 0.35410501,\n       0.35412955, 0.35424983]))"}, "1": {"maxiter": 100, "fatol": 1e-05, "xatol": 1e-10, "duration": 0.02733635902404785, "fun": "0.35363363735468945", "nit": "100", "nfev": "159", "status": "2", "success": "False", "message": "Maximum number of iterations has been exceeded.", "x": "[1.22505364 3.35438432 3.62982232 4.75274011 2.18044695 0.91630751]", "final_simplex": "(array([[1.22505364, 3.35438432, 3.62982232, 4.75274011, 2.18044695,\n        0.91630751],\n       [1.2182765 , 3.37807825, 3.64551651, 4.75634353, 2.21726947,\n        0.90313765],\n       [1.2475933 , 3.35891239, 3.62856116, 4.77056889, 2.17468617,\n        0.90651161],\n       [1.29713601, 3.39557971, 3.63136022, 4.75110119, 2.22035026,\n        0.8835027 ],\n       [1.21172796, 3.40975162, 3.6327078 , 4.76722656, 2.19011715,\n        0.90369353],\n       [1.24598748, 3.42349192, 3.63968284, 4.74632408, 2.18065752,\n        0.89645369],\n       [1.25401985, 3.37498275, 3.6335454 , 4.75176826, 2.20001807,\n        0.89255566]]), array([0.35363364, 0.35375394, 0.35386483, 0.35406626, 0.35410501,\n       0.35412955, 0.35424983]))"}, "2": {"maxiter": 100, "fatol": 1e-10, "xatol": 1e-05, "duration": 0.027101993560791016, "fun": "0.35363363735468945", "nit": "100", "nfev": "159", "status": "2", "success": "False", "message": "Maximum number of iterations has been exceeded.", "x": "[1.22505364 3.35438432 3.62982232 4.75274011 2.18044695 0.91630751]", "final_simplex": "(array([[1.22505364, 3.35438432, 3.62982232, 4.75274011, 2.18044695,\n        0.91630751],\n       [1.2182765 , 3.37807825, 3.64551651, 4.75634353, 2.21726947,\n        0.90313765],\n       [1.2475933 , 3.35891239, 3.62856116, 4.77056889, 2.17468617,\n        0.90651161],\n       [1.29713601, 3.39557971, 3.63136022, 4.75110119, 2.22035026,\n        0.8835027 ],\n       [1.21172796, 3.40975162, 3.6327078 , 4.76722656, 2.19011715,\n        0.90369353],\n       [1.24598748, 3.42349192, 3.63968284, 4.74632408, 2.18065752,\n        0.89645369],\n       [1.25401985, 3.37498275, 3.6335454 , 4.75176826, 2.20001807,\n        0.89255566]]), array([0.35363364, 0.35375394, 0.35386483, 0.35406626, 0.35410501,\n       0.35412955, 0.35424983]))"}, "3": {"maxiter": 100, "fatol": 1e-10, "xatol": 1e-10, "duration": 0.02702498435974121, "fun": "0.35363363735468945", "nit": "100", "nfev": "159", "status": "2", "success": "False", "message": "Maximum number of iterations has been exceeded.", "x": "[1.22505364 3.35438432 3.62982232 4.75274011 2.18044695 0.91630751]", "final_simplex": "(array([[1.22505364, 3.35438432, 3.62982232, 4.75274011, 2.18044695,\n        0.91630751],\n       [1.2182765 , 3.37807825, 3.64551651, 4.75634353, 2.21726947,\n        0.90313765],\n       [1.2475933 , 3.35891239, 3.62856116, 4.77056889, 2.17468617,\n        0.90651161],\n       [1.29713601, 3.39557971, 3.63136022, 4.75110119, 2.22035026,\n        0.8835027 ],\n       [1.21172796, 3.40975162, 3.6327078 , 4.76722656, 2.19011715,\n        0.90369353],\n       [1.24598748, 3.42349192, 3.63968284, 4.74632408, 2.18065752,\n        0.89645369],\n       [1.25401985, 3.37498275, 3.6335454 , 4.75176826, 2.20001807,\n        0.89255566]]), array([0.35363364, 0.35375394, 0.35386483, 0.35406626, 0.35410501,\n       0.35412955, 0.35424983]))"}, "4": {"maxiter": 500, "fatol": 1e-05, "xatol": 1e-05, "duration": 0.09900212287902832, "fun": "0.3063308654769059", "nit": "369", "nfev": "585", "status": "0", "success": "True", "message": "Optimization terminated successfully.", "x": "[1.54474409 2.99954926 4.00389921 5.00857096 1.89629033 1.83007106]", "final_simplex": "(array([[1.54474409, 2.99954926, 4.00389921, 5.00857096, 1.89629033,\n        1.83007106],\n       [1.5447469 , 2.9995466 , 4.00390636, 5.00857168, 1.89628402,\n        1.83007312],\n       [1.54474223, 2.99954773, 4.00389813, 5.00857218, 1.89628598,\n        1.8300698 ],\n       [1.54474622, 2.99954956, 4.00390165, 5.00856978, 1.89628538,\n        1.83006787],\n       [1.54474705, 2.99954346, 4.00390226, 5.00856671, 1.8962853 ,\n        1.83007444],\n       [1.5447478 , 2.99954927, 4.00390082, 5.00856677, 1.89628395,\n        1.83007747],\n       [1.54475044, 2.99954597, 4.00390536, 5.00857094, 1.89628269,\n        1.83008082]]), array([0.30633087, 0.30633087, 0.30633087, 0.30633087, 0.30633087,\n       0.30633087, 0.30633087]))"}, "5": {"maxiter": 500, "fatol": 1e-05, "xatol": 1e-10, "duration": 0.14508628845214844, "fun": "0.30633086547328603", "nit": "500", "nfev": "837", "status": "2", "success": "False", "message": "Maximum number of iterations has been exceeded.", "x": "[1.54474193 2.99954776 4.00390277 5.00856997 1.89628623 1.83007182]", "final_simplex": "(array([[1.54474193, 2.99954776, 4.00390277, 5.00856997, 1.89628623,\n        1.83007182],\n       [1.54474193, 2.99954776, 4.00390277, 5.00856997, 1.89628623,\n        1.83007182],\n       [1.54474193, 2.99954776, 4.00390277, 5.00856997, 1.89628623,\n        1.83007182],\n       [1.54474193, 2.99954776, 4.00390277, 5.00856997, 1.89628623,\n        1.83007182],\n       [1.54474193, 2.99954776, 4.00390277, 5.00856997, 1.89628623,\n        1.83007182],\n       [1.54474193, 2.99954776, 4.00390277, 5.00856997, 1.89628623,\n        1.83007182],\n       [1.54474193, 2.99954776, 4.00390277, 5.00856997, 1.89628623,\n        1.83007182]]), array([0.30633087, 0.30633087, 0.30633087, 0.30633087, 0.30633087,\n       0.30633087, 0.30633087]))"}, "6": {"maxiter": 500, "fatol": 1e-10, "xatol": 1e-05, "duration": 0.1001129150390625, "fun": "0.3063308654769059", "nit": "369", "nfev": "585", "status": "0", "success": "True", "message": "Optimization terminated successfully.", "x": "[1.54474409 2.99954926 4.00389921 5.00857096 1.89629033 1.83007106]", "final_simplex": "(array([[1.54474409, 2.99954926, 4.00389921, 5.00857096, 1.89629033,\n        1.83007106],\n       [1.5447469 , 2.9995466 , 4.00390636, 5.00857168, 1.89628402,\n        1.83007312],\n       [1.54474223, 2.99954773, 4.00389813, 5.00857218, 1.89628598,\n        1.8300698 ],\n       [1.54474622, 2.99954956, 4.00390165, 5.00856978, 1.89628538,\n        1.83006787],\n       [1.54474705, 2.99954346, 4.00390226, 5.00856671, 1.8962853 ,\n        1.83007444],\n       [1.5447478 , 2.99954927, 4.00390082, 5.00856677, 1.89628395,\n        1.83007747],\n       [1.54475044, 2.99954597, 4.00390536, 5.00857094, 1.89628269,\n        1.83008082]]), array([0.30633087, 0.30633087, 0.30633087, 0.30633087, 0.30633087,\n       0.30633087, 0.30633087]))"}, "7": {"maxiter": 500, "fatol": 1e-10, "xatol": 1e-10, "duration": 0.1429147720336914, "fun": "0.30633086547328603", "nit": "500", "nfev": "837", "status": "2", "success": "False", "message": "Maximum number of iterations has been exceeded.", "x": "[1.54474193 2.99954776 4.00390277 5.00856997 1.89628623 1.83007182]", "final_simplex": "(array([[1.54474193, 2.99954776, 4.00390277, 5.00856997, 1.89628623,\n        1.83007182],\n       [1.54474193, 2.99954776, 4.00390277, 5.00856997, 1.89628623,\n        1.83007182],\n       [1.54474193, 2.99954776, 4.00390277, 5.00856997, 1.89628623,\n        1.83007182],\n       [1.54474193, 2.99954776, 4.00390277, 5.00856997, 1.89628623,\n        1.83007182],\n       [1.54474193, 2.99954776, 4.00390277, 5.00856997, 1.89628623,\n        1.83007182],\n       [1.54474193, 2.99954776, 4.00390277, 5.00856997, 1.89628623,\n        1.83007182],\n       [1.54474193, 2.99954776, 4.00390277, 5.00856997, 1.89628623,\n        1.83007182]]), array([0.30633087, 0.30633087, 0.30633087, 0.30633087, 0.30633087,\n       0.30633087, 0.30633087]))"}, "8": {"maxiter": 1000, "fatol": 1e-05, "xatol": 1e-05, "duration": 0.0994417667388916, "fun": "0.3063308654769059", "nit": "369", "nfev": "585", "status": "0", "success": "True", "message": "Optimization terminated successfully.", "x": "[1.54474409 2.99954926 4.00389921 5.00857096 1.89629033 1.83007106]", "final_simplex": "(array([[1.54474409, 2.99954926, 4.00389921, 5.00857096, 1.89629033,\n        1.83007106],\n       [1.5447469 , 2.9995466 , 4.00390636, 5.00857168, 1.89628402,\n        1.83007312],\n       [1.54474223, 2.99954773, 4.00389813, 5.00857218, 1.89628598,\n        1.8300698 ],\n       [1.54474622, 2.99954956, 4.00390165, 5.00856978, 1.89628538,\n        1.83006787],\n       [1.54474705, 2.99954346, 4.00390226, 5.00856671, 1.8962853 ,\n        1.83007444],\n       [1.5447478 , 2.99954927, 4.00390082, 5.00856677, 1.89628395,\n        1.83007747],\n       [1.54475044, 2.99954597, 4.00390536, 5.00857094, 1.89628269,\n        1.83008082]]), array([0.30633087, 0.30633087, 0.30633087, 0.30633087, 0.30633087,\n       0.30633087, 0.30633087]))"}, "9": {"maxiter": 1000, "fatol": 1e-05, "xatol": 1e-10, "duration": 0.14616084098815918, "fun": "0.30633086547328603", "nit": "506", "nfev": "859", "status": "0", "success": "True", "message": "Optimization terminated successfully.", "x": "[1.54474193 2.99954776 4.00390277 5.00856997 1.89628623 1.83007182]", "final_simplex": "(array([[1.54474193, 2.99954776, 4.00390277, 5.00856997, 1.89628623,\n        1.83007182],\n       [1.54474193, 2.99954776, 4.00390277, 5.00856997, 1.89628623,\n        1.83007182],\n       [1.54474193, 2.99954776, 4.00390277, 5.00856997, 1.89628623,\n        1.83007182],\n       [1.54474193, 2.99954776, 4.00390277, 5.00856997, 1.89628623,\n        1.83007182],\n       [1.54474193, 2.99954776, 4.00390277, 5.00856997, 1.89628623,\n        1.83007182],\n       [1.54474193, 2.99954776, 4.00390277, 5.00856997, 1.89628623,\n        1.83007182],\n       [1.54474193, 2.99954776, 4.00390277, 5.00856997, 1.89628623,\n        1.83007182]]), array([0.30633087, 0.30633087, 0.30633087, 0.30633087, 0.30633087,\n       0.30633087, 0.30633087]))"}, "10": {"maxiter": 1000, "fatol": 1e-10, "xatol": 1e-05, "duration": 0.1001882553100586, "fun": "0.3063308654769059", "nit": "369", "nfev": "585", "status": "0", "success": "True", "message": "Optimization terminated successfully.", "x": "[1.54474409 2.99954926 4.00389921 5.00857096 1.89629033 1.83007106]", "final_simplex": "(array([[1.54474409, 2.99954926, 4.00389921, 5.00857096, 1.89629033,\n        1.83007106],\n       [1.5447469 , 2.9995466 , 4.00390636, 5.00857168, 1.89628402,\n        1.83007312],\n       [1.54474223, 2.99954773, 4.00389813, 5.00857218, 1.89628598,\n        1.8300698 ],\n       [1.54474622, 2.99954956, 4.00390165, 5.00856978, 1.89628538,\n        1.83006787],\n       [1.54474705, 2.99954346, 4.00390226, 5.00856671, 1.8962853 ,\n        1.83007444],\n       [1.5447478 , 2.99954927, 4.00390082, 5.00856677, 1.89628395,\n        1.83007747],\n       [1.54475044, 2.99954597, 4.00390536, 5.00857094, 1.89628269,\n        1.83008082]]), array([0.30633087, 0.30633087, 0.30633087, 0.30633087, 0.30633087,\n       0.30633087, 0.30633087]))"}, "11": {"maxiter": 1000, "fatol": 1e-10, "xatol": 1e-10, "duration": 0.14604401588439941, "fun": "0.30633086547328603", "nit": "506", "nfev": "859", "status": "0", "success": "True", "message": "Optimization terminated successfully.", "x": "[1.54474193 2.99954776 4.00390277 5.00856997 1.89628623 1.83007182]", "final_simplex": "(array([[1.54474193, 2.99954776, 4.00390277, 5.00856997, 1.89628623,\n        1.83007182],\n       [1.54474193, 2.99954776, 4.00390277, 5.00856997, 1.89628623,\n        1.83007182],\n       [1.54474193, 2.99954776, 4.00390277, 5.00856997, 1.89628623,\n        1.83007182],\n       [1.54474193, 2.99954776, 4.00390277, 5.00856997, 1.89628623,\n        1.83007182],\n       [1.54474193, 2.99954776, 4.00390277, 5.00856997, 1.89628623,\n        1.83007182],\n       [1.54474193, 2.99954776, 4.00390277, 5.00856997, 1.89628623,\n        1.83007182],\n       [1.54474193, 2.99954776, 4.00390277, 5.00856997, 1.89628623,\n        1.83007182]]), array([0.30633087, 0.30633087, 0.30633087, 0.30633087, 0.30633087,\n       0.30633087, 0.30633087]))"}}, "bfgs": {"type": "gradient", "0": {"maxiter": 100, "gtol": 1e-05, "xrtol": 1e-05, "eps": 1e-05, "duration": 0.03731894493103027, "fun": "0.3063308655120699", "jac": "[ 2.09867679e-06  8.82860451e-07 -5.34639000e-07 -1.83503213e-06\n -1.31294975e-06  6.24045260e-07]", "hess_inv": "[[ 3.62548837 -0.33597456  0.67309226  0.77876887 -0.47682894  1.92701954]\n [-0.33597456  4.30151968 -0.73895595 -0.15432944  1.14553819 -1.91253724]\n [ 0.67309226 -0.73895595  4.70225053  1.30241873 -2.71001597  1.55881541]\n [ 0.77876887 -0.15432944  1.30241873  3.2758134  -1.05175214  0.97869471]\n [-0.47682894  1.14553819 -2.71001597 -1.05175214  5.2897148  -2.94679297]\n [ 1.92701954 -1.91253724  1.55881541  0.97869471 -2.94679297  7.29868873]]", "nfev": "203", "njev": "29", "status": "0", "success": "True", "message": "Optimization terminated successfully.", "x": "[1.5447419  2.99954472 4.00389615 5.0085577  1.8962793  1.83007467]", "nit": "22"}, "1": {"maxiter": 100, "gtol": 1e-05, "xrtol": 1e-05, "eps": 1e-10, "duration": 0.03551912307739258, "fun": "0.30633086563144374", "jac": "[-4.44089173e-06 -5.55111466e-06 -6.66133760e-06 -4.44089173e-06\n -4.44089173e-06  0.00000000e+00]", "hess_inv": "[[ 3.91717289 -0.3845694   1.0376519   0.74913888 -0.6637123   1.74737621]\n [-0.3845694   4.12003948 -0.74602224 -0.28333779  1.08355665 -1.97726481]\n [ 1.0376519  -0.74602224  5.1883577   1.40852784 -2.89389871  1.49358046]\n [ 0.74913888 -0.28333779  1.40852784  3.06651171 -1.01786057  0.65867198]\n [-0.6637123   1.08355665 -2.89389871 -1.01786057  5.34201761 -2.82327712]\n [ 1.74737621 -1.97726481  1.49358046  0.65867198 -2.82327712  6.6481307 ]]", "nfev": "203", "njev": "29", "status": "0", "success": "True", "message": "Optimization terminated successfully.", "x": "[1.54472925 2.99953454 4.00387982 5.00854821 1.89628612 1.83007561]", "nit": "22"}, "2": {"maxiter": 100, "gtol": 1e-05, "xrtol": 1e-10, "eps": 1e-05, "duration": 0.037210702896118164, "fun": "0.3063308655120699", "jac": "[ 2.09867679e-06  8.82860451e-07 -5.34639000e-07 -1.83503213e-06\n -1.31294975e-06  6.24045260e-07]", "hess_inv": "[[ 3.62548837 -0.33597456  0.67309226  0.77876887 -0.47682894  1.92701954]\n [-0.33597456  4.30151968 -0.73895595 -0.15432944  1.14553819 -1.91253724]\n [ 0.67309226 -0.73895595  4.70225053  1.30241873 -2.71001597  1.55881541]\n [ 0.77876887 -0.15432944  1.30241873  3.2758134  -1.05175214  0.97869471]\n [-0.47682894  1.14553819 -2.71001597 -1.05175214  5.2897148  -2.94679297]\n [ 1.92701954 -1.91253724  1.55881541  0.97869471 -2.94679297  7.29868873]]", "nfev": "203", "njev": "29", "status": "0", "success": "True", "message": "Optimization terminated successfully.", "x": "[1.5447419  2.99954472 4.00389615 5.0085577  1.8962793  1.83007467]", "nit": "22"}, "3": {"maxiter": 100, "gtol": 1e-05, "xrtol": 1e-10, "eps": 1e-10, "duration": 0.037660837173461914, "fun": "0.30633086563144374", "jac": "[-4.44089173e-06 -5.55111466e-06 -6.66133760e-06 -4.44089173e-06\n -4.44089173e-06  0.00000000e+00]", "hess_inv": "[[ 3.91717289 -0.3845694   1.0376519   0.74913888 -0.6637123   1.74737621]\n [-0.3845694   4.12003948 -0.74602224 -0.28333779  1.08355665 -1.97726481]\n [ 1.0376519  -0.74602224  5.1883577   1.40852784 -2.89389871  1.49358046]\n [ 0.74913888 -0.28333779  1.40852784  3.06651171 -1.01786057  0.65867198]\n [-0.6637123   1.08355665 -2.89389871 -1.01786057  5.34201761 -2.82327712]\n [ 1.74737621 -1.97726481  1.49358046  0.65867198 -2.82327712  6.6481307 ]]", "nfev": "203", "njev": "29", "status": "0", "success": "True", "message": "Optimization terminated successfully.", "x": "[1.54472925 2.99953454 4.00387982 5.00854821 1.89628612 1.83007561]", "nit": "22"}, "4": {"maxiter": 100, "gtol": 1e-10, "xrtol": 1e-05, "eps": 1e-05, "duration": 0.035292863845825195, "fun": "0.3063308655120699", "jac": "[ 2.09867679e-06  8.82860451e-07 -5.34639000e-07 -1.83503213e-06\n -1.31294975e-06  6.24045260e-07]", "hess_inv": "[[ 3.62548837 -0.33597456  0.67309226  0.77876887 -0.47682894  1.92701954]\n [-0.33597456  4.30151968 -0.73895595 -0.15432944  1.14553819 -1.91253724]\n [ 0.67309226 -0.73895595  4.70225053  1.30241873 -2.71001597  1.55881541]\n [ 0.77876887 -0.15432944  1.30241873  3.2758134  -1.05175214  0.97869471]\n [-0.47682894  1.14553819 -2.71001597 -1.05175214  5.2897148  -2.94679297]\n [ 1.92701954 -1.91253724  1.55881541  0.97869471 -2.94679297  7.29868873]]", "nfev": "203", "njev": "29", "status": "0", "success": "True", "message": "Optimization terminated successfully.", "x": "[1.5447419  2.99954472 4.00389615 5.0085577  1.8962793  1.83007467]", "nit": "22"}, "5": {"maxiter": 100, "gtol": 1e-10, "xrtol": 1e-05, "eps": 1e-10, "duration": 0.03643178939819336, "fun": "0.3063308655094751", "jac": "[-2.22044587e-06  3.33066880e-06  0.00000000e+00 -2.22044587e-06\n  3.33066880e-06  3.33066880e-06]", "hess_inv": "[[ 3.23945314 -0.80042977  0.22452803  0.26643912 -0.58052283  1.77988979]\n [-0.80042977  4.59958885 -1.07416715 -0.06077871  1.85106024 -2.1808562 ]\n [ 0.22452803 -1.07416715  4.25248297  0.94998156 -2.62753428  1.48062335]\n [ 0.26643912 -0.06077871  0.94998156  3.08897574 -0.4527581   0.52399841]\n [-0.58052283  1.85106024 -2.62753428 -0.4527581   6.03044643 -3.04525134]\n [ 1.77988979 -2.1808562   1.48062335  0.52399841 -3.04525134  6.71458396]]", "nfev": "210", "njev": "30", "status": "0", "success": "True", "message": "Optimization terminated successfully.", "x": "[1.54473929 2.99955731 4.00389573 5.00856709 1.89630108 1.83007008]", "nit": "23"}, "6": {"maxiter": 100, "gtol": 1e-10, "xrtol": 1e-10, "eps": 1e-05, "duration": 0.07856488227844238, "fun": "0.3063308654984851", "jac": "[-3.06421555e-09  1.30562228e-08  8.24895707e-09 -4.37427872e-09\n  2.24931185e-08  1.66200387e-08]", "hess_inv": "[[ 3.81988538 -0.53869325  0.67508939  0.64912669 -0.88293174  2.33580428]\n [-0.53869325  4.14777269 -0.73330933 -0.07059153  1.13277915 -2.1062316 ]\n [ 0.67508939 -0.73330933  4.6902905   1.31741826 -2.72974021  1.57345127]\n [ 0.64912669 -0.07059153  1.31741826  3.3507795  -0.8318439   0.7035808 ]\n [-0.88293174  1.13277915 -2.72974021 -0.8318439   5.59464186 -3.4691871 ]\n [ 2.33580428 -2.1062316   1.57345127  0.7035808  -3.4691871   8.00567906]]", "nfev": "453", "njev": "63", "status": "2", "success": "False", "message": "Desired error not necessarily achieved due to precision loss.", "x": "[1.54473332 2.99954465 4.00389566 5.00856165 1.89628696 1.83006441]", "nit": "24"}, "7": {"maxiter": 100, "gtol": 1e-10, "xrtol": 1e-10, "eps": 1e-10, "duration": 0.08042216300964355, "fun": "0.3063308654806983", "jac": "[ 2.22044587e-06  1.11022293e-06  1.11022293e-06  2.22044587e-06\n  1.11022293e-06 -1.11022293e-06]", "hess_inv": "[[ 0.09290877 -0.06659136 -0.1729222  -0.09980482  0.23469534 -0.11661235]\n [-0.06659136  0.14179701  0.25910556  0.17242117 -0.44768683  0.18736626]\n [-0.1729222   0.25910556  0.62281721  0.38379969 -0.92899404  0.39724238]\n [-0.09980482  0.17242117  0.38379969  0.28122314 -0.648696    0.27316681]\n [ 0.23469534 -0.44768683 -0.92899404 -0.648696    1.58219724 -0.66342123]\n [-0.11661235  0.18736626  0.39724238  0.27316681 -0.66342123  0.29321627]]", "nfev": "462", "njev": "66", "status": "0", "success": "True", "message": "Optimization terminated successfully.", "x": "[1.5447477  2.9995447  4.00390788 5.0085724  1.89628205 1.83007982]", "nit": "41"}, "8": {"maxiter": 500, "gtol": 1e-05, "xrtol": 1e-05, "eps": 1e-05, "duration": 0.03526496887207031, "fun": "0.3063308655120699", "jac": "[ 2.09867679e-06  8.82860451e-07 -5.34639000e-07 -1.83503213e-06\n -1.31294975e-06  6.24045260e-07]", "hess_inv": "[[ 3.62548837 -0.33597456  0.67309226  0.77876887 -0.47682894  1.92701954]\n [-0.33597456  4.30151968 -0.73895595 -0.15432944  1.14553819 -1.91253724]\n [ 0.67309226 -0.73895595  4.70225053  1.30241873 -2.71001597  1.55881541]\n [ 0.77876887 -0.15432944  1.30241873  3.2758134  -1.05175214  0.97869471]\n [-0.47682894  1.14553819 -2.71001597 -1.05175214  5.2897148  -2.94679297]\n [ 1.92701954 -1.91253724  1.55881541  0.97869471 -2.94679297  7.29868873]]", "nfev": "203", "njev": "29", "status": "0", "success": "True", "message": "Optimization terminated successfully.", "x": "[1.5447419  2.99954472 4.00389615 5.0085577  1.8962793  1.83007467]", "nit": "22"}, "9": {"maxiter": 500, "gtol": 1e-05, "xrtol": 1e-05, "eps": 1e-10, "duration": 0.03514885902404785, "fun": "0.30633086563144374", "jac": "[-4.44089173e-06 -5.55111466e-06 -6.66133760e-06 -4.44089173e-06\n -4.44089173e-06  0.00000000e+00]", "hess_inv": "[[ 3.91717289 -0.3845694   1.0376519   0.74913888 -0.6637123   1.74737621]\n [-0.3845694   4.12003948 -0.74602224 -0.28333779  1.08355665 -1.97726481]\n [ 1.0376519  -0.74602224  5.1883577   1.40852784 -2.89389871  1.49358046]\n [ 0.74913888 -0.28333779  1.40852784  3.06651171 -1.01786057  0.65867198]\n [-0.6637123   1.08355665 -2.89389871 -1.01786057  5.34201761 -2.82327712]\n [ 1.74737621 -1.97726481  1.49358046  0.65867198 -2.82327712  6.6481307 ]]", "nfev": "203", "njev": "29", "status": "0", "success": "True", "message": "Optimization terminated successfully.", "x": "[1.54472925 2.99953454 4.00387982 5.00854821 1.89628612 1.83007561]", "nit": "22"}, "10": {"maxiter": 500, "gtol": 1e-05, "xrtol": 1e-10, "eps": 1e-05, "duration": 0.03506207466125488, "fun": "0.3063308655120699", "jac": "[ 2.09867679e-06  8.82860451e-07 -5.34639000e-07 -1.83503213e-06\n -1.31294975e-06  6.24045260e-07]", "hess_inv": "[[ 3.62548837 -0.33597456  0.67309226  0.77876887 -0.47682894  1.92701954]\n [-0.33597456  4.30151968 -0.73895595 -0.15432944  1.14553819 -1.91253724]\n [ 0.67309226 -0.73895595  4.70225053  1.30241873 -2.71001597  1.55881541]\n [ 0.77876887 -0.15432944  1.30241873  3.2758134  -1.05175214  0.97869471]\n [-0.47682894  1.14553819 -2.71001597 -1.05175214  5.2897148  -2.94679297]\n [ 1.92701954 -1.91253724  1.55881541  0.97869471 -2.94679297  7.29868873]]", "nfev": "203", "njev": "29", "status": "0", "success": "True", "message": "Optimization terminated successfully.", "x": "[1.5447419  2.99954472 4.00389615 5.0085577  1.8962793  1.83007467]", "nit": "22"}, "11": {"maxiter": 500, "gtol": 1e-05, "xrtol": 1e-10, "eps": 1e-10, "duration": 0.03514599800109863, "fun": "0.30633086563144374", "jac": "[-4.44089173e-06 -5.55111466e-06 -6.66133760e-06 -4.44089173e-06\n -4.44089173e-06  0.00000000e+00]", "hess_inv": "[[ 3.91717289 -0.3845694   1.0376519   0.74913888 -0.6637123   1.74737621]\n [-0.3845694   4.12003948 -0.74602224 -0.28333779  1.08355665 -1.97726481]\n [ 1.0376519  -0.74602224  5.1883577   1.40852784 -2.89389871  1.49358046]\n [ 0.74913888 -0.28333779  1.40852784  3.06651171 -1.01786057  0.65867198]\n [-0.6637123   1.08355665 -2.89389871 -1.01786057  5.34201761 -2.82327712]\n [ 1.74737621 -1.97726481  1.49358046  0.65867198 -2.82327712  6.6481307 ]]", "nfev": "203", "njev": "29", "status": "0", "success": "True", "message": "Optimization terminated successfully.", "x": "[1.54472925 2.99953454 4.00387982 5.00854821 1.89628612 1.83007561]", "nit": "22"}, "12": {"maxiter": 500, "gtol": 1e-10, "xrtol": 1e-05, "eps": 1e-05, "duration": 0.035162925720214844, "fun": "0.3063308655120699", "jac": "[ 2.09867679e-06  8.82860451e-07 -5.34639000e-07 -1.83503213e-06\n -1.31294975e-06  6.24045260e-07]", "hess_inv": "[[ 3.62548837 -0.33597456  0.67309226  0.77876887 -0.47682894  1.92701954]\n [-0.33597456  4.30151968 -0.73895595 -0.15432944  1.14553819 -1.91253724]\n [ 0.67309226 -0.73895595  4.70225053  1.30241873 -2.71001597  1.55881541]\n [ 0.77876887 -0.15432944  1.30241873  3.2758134  -1.05175214  0.97869471]\n [-0.47682894  1.14553819 -2.71001597 -1.05175214  5.2897148  -2.94679297]\n [ 1.92701954 -1.91253724  1.55881541  0.97869471 -2.94679297  7.29868873]]", "nfev": "203", "njev": "29", "status": "0", "success": "True", "message": "Optimization terminated successfully.", "x": "[1.5447419  2.99954472 4.00389615 5.0085577  1.8962793  1.83007467]", "nit": "22"}, "13": {"maxiter": 500, "gtol": 1e-10, "xrtol": 1e-05, "eps": 1e-10, "duration": 0.03635001182556152, "fun": "0.3063308655094751", "jac": "[-2.22044587e-06  3.33066880e-06  0.00000000e+00 -2.22044587e-06\n  3.33066880e-06  3.33066880e-06]", "hess_inv": "[[ 3.23945314 -0.80042977  0.22452803  0.26643912 -0.58052283  1.77988979]\n [-0.80042977  4.59958885 -1.07416715 -0.06077871  1.85106024 -2.1808562 ]\n [ 0.22452803 -1.07416715  4.25248297  0.94998156 -2.62753428  1.48062335]\n [ 0.26643912 -0.06077871  0.94998156  3.08897574 -0.4527581   0.52399841]\n [-0.58052283  1.85106024 -2.62753428 -0.4527581   6.03044643 -3.04525134]\n [ 1.77988979 -2.1808562   1.48062335  0.52399841 -3.04525134  6.71458396]]", "nfev": "210", "njev": "30", "status": "0", "success": "True", "message": "Optimization terminated successfully.", "x": "[1.54473929 2.99955731 4.00389573 5.00856709 1.89630108 1.83007008]", "nit": "23"}, "14": {"maxiter": 500, "gtol": 1e-10, "xrtol": 1e-10, "eps": 1e-05, "duration": 0.08104610443115234, "fun": "0.3063308654984851", "jac": "[-3.06421555e-09  1.30562228e-08  8.24895707e-09 -4.37427872e-09\n  2.24931185e-08  1.66200387e-08]", "hess_inv": "[[ 3.81988538 -0.53869325  0.67508939  0.64912669 -0.88293174  2.33580428]\n [-0.53869325  4.14777269 -0.73330933 -0.07059153  1.13277915 -2.1062316 ]\n [ 0.67508939 -0.73330933  4.6902905   1.31741826 -2.72974021  1.57345127]\n [ 0.64912669 -0.07059153  1.31741826  3.3507795  -0.8318439   0.7035808 ]\n [-0.88293174  1.13277915 -2.72974021 -0.8318439   5.59464186 -3.4691871 ]\n [ 2.33580428 -2.1062316   1.57345127  0.7035808  -3.4691871   8.00567906]]", "nfev": "453", "njev": "63", "status": "2", "success": "False", "message": "Desired error not necessarily achieved due to precision loss.", "x": "[1.54473332 2.99954465 4.00389566 5.00856165 1.89628696 1.83006441]", "nit": "24"}, "15": {"maxiter": 500, "gtol": 1e-10, "xrtol": 1e-10, "eps": 1e-10, "duration": 0.0797269344329834, "fun": "0.3063308654806983", "jac": "[ 2.22044587e-06  1.11022293e-06  1.11022293e-06  2.22044587e-06\n  1.11022293e-06 -1.11022293e-06]", "hess_inv": "[[ 0.09290877 -0.06659136 -0.1729222  -0.09980482  0.23469534 -0.11661235]\n [-0.06659136  0.14179701  0.25910556  0.17242117 -0.44768683  0.18736626]\n [-0.1729222   0.25910556  0.62281721  0.38379969 -0.92899404  0.39724238]\n [-0.09980482  0.17242117  0.38379969  0.28122314 -0.648696    0.27316681]\n [ 0.23469534 -0.44768683 -0.92899404 -0.648696    1.58219724 -0.66342123]\n [-0.11661235  0.18736626  0.39724238  0.27316681 -0.66342123  0.29321627]]", "nfev": "462", "njev": "66", "status": "0", "success": "True", "message": "Optimization terminated successfully.", "x": "[1.5447477  2.9995447  4.00390788 5.0085724  1.89628205 1.83007982]", "nit": "41"}, "16": {"maxiter": 1000, "gtol": 1e-05, "xrtol": 1e-05, "eps": 1e-05, "duration": 0.03512120246887207, "fun": "0.3063308655120699", "jac": "[ 2.09867679e-06  8.82860451e-07 -5.34639000e-07 -1.83503213e-06\n -1.31294975e-06  6.24045260e-07]", "hess_inv": "[[ 3.62548837 -0.33597456  0.67309226  0.77876887 -0.47682894  1.92701954]\n [-0.33597456  4.30151968 -0.73895595 -0.15432944  1.14553819 -1.91253724]\n [ 0.67309226 -0.73895595  4.70225053  1.30241873 -2.71001597  1.55881541]\n [ 0.77876887 -0.15432944  1.30241873  3.2758134  -1.05175214  0.97869471]\n [-0.47682894  1.14553819 -2.71001597 -1.05175214  5.2897148  -2.94679297]\n [ 1.92701954 -1.91253724  1.55881541  0.97869471 -2.94679297  7.29868873]]", "nfev": "203", "njev": "29", "status": "0", "success": "True", "message": "Optimization terminated successfully.", "x": "[1.5447419  2.99954472 4.00389615 5.0085577  1.8962793  1.83007467]", "nit": "22"}, "17": {"maxiter": 1000, "gtol": 1e-05, "xrtol": 1e-05, "eps": 1e-10, "duration": 0.03513216972351074, "fun": "0.30633086563144374", "jac": "[-4.44089173e-06 -5.55111466e-06 -6.66133760e-06 -4.44089173e-06\n -4.44089173e-06  0.00000000e+00]", "hess_inv": "[[ 3.91717289 -0.3845694   1.0376519   0.74913888 -0.6637123   1.74737621]\n [-0.3845694   4.12003948 -0.74602224 -0.28333779  1.08355665 -1.97726481]\n [ 1.0376519  -0.74602224  5.1883577   1.40852784 -2.89389871  1.49358046]\n [ 0.74913888 -0.28333779  1.40852784  3.06651171 -1.01786057  0.65867198]\n [-0.6637123   1.08355665 -2.89389871 -1.01786057  5.34201761 -2.82327712]\n [ 1.74737621 -1.97726481  1.49358046  0.65867198 -2.82327712  6.6481307 ]]", "nfev": "203", "njev": "29", "status": "0", "success": "True", "message": "Optimization terminated successfully.", "x": "[1.54472925 2.99953454 4.00387982 5.00854821 1.89628612 1.83007561]", "nit": "22"}, "18": {"maxiter": 1000, "gtol": 1e-05, "xrtol": 1e-10, "eps": 1e-05, "duration": 0.03510713577270508, "fun": "0.3063308655120699", "jac": "[ 2.09867679e-06  8.82860451e-07 -5.34639000e-07 -1.83503213e-06\n -1.31294975e-06  6.24045260e-07]", "hess_inv": "[[ 3.62548837 -0.33597456  0.67309226  0.77876887 -0.47682894  1.92701954]\n [-0.33597456  4.30151968 -0.73895595 -0.15432944  1.14553819 -1.91253724]\n [ 0.67309226 -0.73895595  4.70225053  1.30241873 -2.71001597  1.55881541]\n [ 0.77876887 -0.15432944  1.30241873  3.2758134  -1.05175214  0.97869471]\n [-0.47682894  1.14553819 -2.71001597 -1.05175214  5.2897148  -2.94679297]\n [ 1.92701954 -1.91253724  1.55881541  0.97869471 -2.94679297  7.29868873]]", "nfev": "203", "njev": "29", "status": "0", "success": "True", "message": "Optimization terminated successfully.", "x": "[1.5447419  2.99954472 4.00389615 5.0085577  1.8962793  1.83007467]", "nit": "22"}, "19": {"maxiter": 1000, "gtol": 1e-05, "xrtol": 1e-10, "eps": 1e-10, "duration": 0.035082101821899414, "fun": "0.30633086563144374", "jac": "[-4.44089173e-06 -5.55111466e-06 -6.66133760e-06 -4.44089173e-06\n -4.44089173e-06  0.00000000e+00]", "hess_inv": "[[ 3.91717289 -0.3845694   1.0376519   0.74913888 -0.6637123   1.74737621]\n [-0.3845694   4.12003948 -0.74602224 -0.28333779  1.08355665 -1.97726481]\n [ 1.0376519  -0.74602224  5.1883577   1.40852784 -2.89389871  1.49358046]\n [ 0.74913888 -0.28333779  1.40852784  3.06651171 -1.01786057  0.65867198]\n [-0.6637123   1.08355665 -2.89389871 -1.01786057  5.34201761 -2.82327712]\n [ 1.74737621 -1.97726481  1.49358046  0.65867198 -2.82327712  6.6481307 ]]", "nfev": "203", "njev": "29", "status": "0", "success": "True", "message": "Optimization terminated successfully.", "x": "[1.54472925 2.99953454 4.00387982 5.00854821 1.89628612 1.83007561]", "nit": "22"}, "20": {"maxiter": 1000, "gtol": 1e-10, "xrtol": 1e-05, "eps": 1e-05, "duration": 0.03549003601074219, "fun": "0.3063308655120699", "jac": "[ 2.09867679e-06  8.82860451e-07 -5.34639000e-07 -1.83503213e-06\n -1.31294975e-06  6.24045260e-07]", "hess_inv": "[[ 3.62548837 -0.33597456  0.67309226  0.77876887 -0.47682894  1.92701954]\n [-0.33597456  4.30151968 -0.73895595 -0.15432944  1.14553819 -1.91253724]\n [ 0.67309226 -0.73895595  4.70225053  1.30241873 -2.71001597  1.55881541]\n [ 0.77876887 -0.15432944  1.30241873  3.2758134  -1.05175214  0.97869471]\n [-0.47682894  1.14553819 -2.71001597 -1.05175214  5.2897148  -2.94679297]\n [ 1.92701954 -1.91253724  1.55881541  0.97869471 -2.94679297  7.29868873]]", "nfev": "203", "njev": "29", "status": "0", "success": "True", "message": "Optimization terminated successfully.", "x": "[1.5447419  2.99954472 4.00389615 5.0085577  1.8962793  1.83007467]", "nit": "22"}, "21": {"maxiter": 1000, "gtol": 1e-10, "xrtol": 1e-05, "eps": 1e-10, "duration": 0.03636789321899414, "fun": "0.3063308655094751", "jac": "[-2.22044587e-06  3.33066880e-06  0.00000000e+00 -2.22044587e-06\n  3.33066880e-06  3.33066880e-06]", "hess_inv": "[[ 3.23945314 -0.80042977  0.22452803  0.26643912 -0.58052283  1.77988979]\n [-0.80042977  4.59958885 -1.07416715 -0.06077871  1.85106024 -2.1808562 ]\n [ 0.22452803 -1.07416715  4.25248297  0.94998156 -2.62753428  1.48062335]\n [ 0.26643912 -0.06077871  0.94998156  3.08897574 -0.4527581   0.52399841]\n [-0.58052283  1.85106024 -2.62753428 -0.4527581   6.03044643 -3.04525134]\n [ 1.77988979 -2.1808562   1.48062335  0.52399841 -3.04525134  6.71458396]]", "nfev": "210", "njev": "30", "status": "0", "success": "True", "message": "Optimization terminated successfully.", "x": "[1.54473929 2.99955731 4.00389573 5.00856709 1.89630108 1.83007008]", "nit": "23"}, "22": {"maxiter": 1000, "gtol": 1e-10, "xrtol": 1e-10, "eps": 1e-05, "duration": 0.07783222198486328, "fun": "0.3063308654984851", "jac": "[-3.06421555e-09  1.30562228e-08  8.24895707e-09 -4.37427872e-09\n  2.24931185e-08  1.66200387e-08]", "hess_inv": "[[ 3.81988538 -0.53869325  0.67508939  0.64912669 -0.88293174  2.33580428]\n [-0.53869325  4.14777269 -0.73330933 -0.07059153  1.13277915 -2.1062316 ]\n [ 0.67508939 -0.73330933  4.6902905   1.31741826 -2.72974021  1.57345127]\n [ 0.64912669 -0.07059153  1.31741826  3.3507795  -0.8318439   0.7035808 ]\n [-0.88293174  1.13277915 -2.72974021 -0.8318439   5.59464186 -3.4691871 ]\n [ 2.33580428 -2.1062316   1.57345127  0.7035808  -3.4691871   8.00567906]]", "nfev": "453", "njev": "63", "status": "2", "success": "False", "message": "Desired error not necessarily achieved due to precision loss.", "x": "[1.54473332 2.99954465 4.00389566 5.00856165 1.89628696 1.83006441]", "nit": "24"}, "23": {"maxiter": 1000, "gtol": 1e-10, "xrtol": 1e-10, "eps": 1e-10, "duration": 0.08010387420654297, "fun": "0.3063308654806983", "jac": "[ 2.22044587e-06  1.11022293e-06  1.11022293e-06  2.22044587e-06\n  1.11022293e-06 -1.11022293e-06]", "hess_inv": "[[ 0.09290877 -0.06659136 -0.1729222  -0.09980482  0.23469534 -0.11661235]\n [-0.06659136  0.14179701  0.25910556  0.17242117 -0.44768683  0.18736626]\n [-0.1729222   0.25910556  0.62281721  0.38379969 -0.92899404  0.39724238]\n [-0.09980482  0.17242117  0.38379969  0.28122314 -0.648696    0.27316681]\n [ 0.23469534 -0.44768683 -0.92899404 -0.648696    1.58219724 -0.66342123]\n [-0.11661235  0.18736626  0.39724238  0.27316681 -0.66342123  0.29321627]]", "nfev": "462", "njev": "66", "status": "0", "success": "True", "message": "Optimization terminated successfully.", "x": "[1.5447477  2.9995447  4.00390788 5.0085724  1.89628205 1.83007982]", "nit": "41"}}, "cobyla": {"0": {"maxiter": 100, "tol": 1e-05, "catol": 1e-05, "duration": 0.01691126823425293, "x": "[1.52674511 3.02250479 3.96026126 4.99118939 1.94022657 1.76330911]", "status": "2", "success": "False", "message": "Maximum number of function evaluations has been exceeded.", "nfev": "100", "fun": "0.30671606932498063", "maxcv": "0.0"}, "1": {"maxiter": 100, "tol": 1e-05, "catol": 1e-10, "duration": 0.016761064529418945, "x": "[1.52674511 3.02250479 3.96026126 4.99118939 1.94022657 1.76330911]", "status": "2", "success": "False", "message": "Maximum number of function evaluations has been exceeded.", "nfev": "100", "fun": "0.30671606932498063", "maxcv": "0.0"}, "2": {"maxiter": 100, "tol": 1e-10, "catol": 1e-05, "duration": 0.01661205291748047, "x": "[1.52674511 3.02250479 3.96026126 4.99118939 1.94022657 1.76330911]", "status": "2", "success": "False", "message": "Maximum number of function evaluations has been exceeded.", "nfev": "100", "fun": "0.30671606932498063", "maxcv": "0.0"}, "3": {"maxiter": 100, "tol": 1e-10, "catol": 1e-10, "duration": 0.0165860652923584, "x": "[1.52674511 3.02250479 3.96026126 4.99118939 1.94022657 1.76330911]", "status": "2", "success": "False", "message": "Maximum number of function evaluations has been exceeded.", "nfev": "100", "fun": "0.30671606932498063", "maxcv": "0.0"}, "4": {"maxiter": 500, "tol": 1e-05, "catol": 1e-05, "duration": 0.040737152099609375, "x": "[1.54474607 2.99955716 4.00389215 5.00856403 1.89629393 1.83005447]", "status": "1", "success": "True", "message": "Optimization terminated successfully.", "nfev": "242", "fun": "0.3063308655195708", "maxcv": "0.0"}, "5": {"maxiter": 500, "tol": 1e-05, "catol": 1e-10, "duration": 0.04107475280761719, "x": "[1.54474607 2.99955716 4.00389215 5.00856403 1.89629393 1.83005447]", "status": "1", "success": "True", "message": "Optimization terminated successfully.", "nfev": "242", "fun": "0.3063308655195708", "maxcv": "0.0"}, "6": {"maxiter": 500, "tol": 1e-10, "catol": 1e-05, "duration": 0.058313846588134766, "x": "[1.54474194 2.99954773 4.00390279 5.00856996 1.89628616 1.8300719 ]", "status": "1", "success": "True", "message": "Optimization terminated successfully.", "nfev": "348", "fun": "0.3063308654732867", "maxcv": "0.0"}, "7": {"maxiter": 500, "tol": 1e-10, "catol": 1e-10, "duration": 0.0581049919128418, "x": "[1.54474194 2.99954773 4.00390279 5.00856996 1.89628616 1.8300719 ]", "status": "1", "success": "True", "message": "Optimization terminated successfully.", "nfev": "348", "fun": "0.30