{"date": "2024/07/18/, 20:48:53", "conf_id": 62, "data_type": "random\n", "num_data_points": 4, "s_rank": 0, "unitary": "[[0.18663085-0.53122324j,-0.11886349-0.70040876j,0.28555095-0.02789305j,-0.12262021-0.2844587j],[-0.16702216+0.27758472j,0.27526351-0.29738586j,-0.01109314+0.22495461j,-0.77239203+0.28900673j],[0.61935415+0.12301792j,-0.31269928-0.03315917j,-0.61902762-0.19039079j,-0.27120731-0.0968989j],[0.42341754+0.0023929j,-0.05847358+0.47832119j,0.64900495-0.16218422j,-0.37182676-0.05229966j]]", "databatch_0": {"databatch": "[[[-0.10099322-0.14896158j,0.02966139+0.33301479j,0.12427439-0.05460192j,0.10440989+0.02634079j],[0.2544059-0.01723762j,-0.4287184-0.20146965j,-0.02190924+0.19107106j,-0.10678316+0.10896884j],[-0.11687961+0.17503165j,0.34769162-0.17884106j,-0.11389957-0.11057322j,-0.01746213-0.12471281j],[-0.12847688+0.1665271j,0.3588555-0.15456884j,-0.10600917-0.1180163j,-0.00889624-0.12553017j]],[[-0.32535164-0.01414092j,0.25060964+0.10765794j,0.39668949+0.06367952j,-0.24976672-0.08390416j],[0.09238434-0.0074745j,-0.07457203-0.02157115j,-0.11427776-0.00400165j,0.07349668+0.01489232j],[-0.21710355-0.15707756j,0.12340054+0.18746817j,0.24367312+0.22342075j,-0.13358038-0.17076813j],[-0.25322357+0.08533608j,0.2236512+0.00833821j,0.32247149-0.06850069j,-0.21598535+0.00959525j]],[[0.04863807+0.00659315j,-0.06397902-0.16578042j,0.04639031-0.05899383j,0.04141634-0.18483294j],[0.11709843-0.04764539j,-0.35550464-0.28826035j,0.02797-0.19126541j,-0.14451425-0.46597533j],[-0.0109471-0.11528302j,-0.34655428+0.23593439j,-0.16042692-0.0749307j,-0.44687304+0.00401096j],[-0.0086552+0.00586015j,0.0336941+0.01722488j,0.00101474+0.0159498j,0.01967301+0.03521448j]],[[0.02879388+0.06344551j,0.14946074-0.13708629j,0.21330623-0.1433075j,0.21254881-0.11746515j],[0.02313333-0.06402464j,-0.1980646-0.00604726j,-0.24697212-0.04524445j,-0.22881507-0.06280619j],[-0.11405418-0.02278059j,0.04021261+0.33615313j,-0.01355547+0.42875821j,-0.04784749+0.40255477j],[-0.0642683+0.03524809j,0.15568676+0.14589501j,0.16728708+0.21237684j,0.14011732+0.21363607j]]]", "initial param values": "[5.20058773,0.91917405,2.69040907,2.87302069,3.79110077,5.55001325]", "nelder_mead": {"type": "gradient-free", "0": {"maxiter": 100, "fatol": 1e-05, "xatol": 1e-05, "duration": 0.02771925926208496, "fun": "0.16389528523387253", "nit": "100", "nfev": "162", "status": "2", "success": "False", "message": "Maximum number of iterations has been exceeded.", "x": "[7.41163006 1.02289358 3.15419419 3.35523285 2.5718609  4.70078928]", "final_simplex": "(array([[7.41163006, 1.02289358, 3.15419419, 3.35523285, 2.5718609 ,\n        4.70078928],\n       [7.40670044, 1.02145903, 3.15339738, 3.34712833, 2.5807523 ,\n        4.70650554],\n       [7.39999074, 1.02871197, 3.16193479, 3.35061008, 2.57151617,\n        4.70435188],\n       [7.40519175, 1.02472482, 3.16078778, 3.34556945, 2.57376442,\n        4.70356761],\n       [7.40245284, 1.02086377, 3.16019215, 3.35349289, 2.57131221,\n        4.69857349],\n       [7.40789489, 1.01358182, 3.16891168, 3.34633342, 2.56564732,\n        4.70896493],\n       [7.39983919, 1.03180985, 3.14686324, 3.35041074, 2.57783134,\n        4.70743131]]), array([0.16389529, 0.16389991, 0.16391496, 0.16391662, 0.16392076,\n       0.16392783, 0.16394465]))"}, "1": {"maxiter": 100, "fatol": 1e-05, "xatol": 1e-10, "duration": 0.027412891387939453, "fun": "0.16389528523387253", "nit": "100", "nfev": "162", "status": "2", "success": "False", "message": "Maximum number of iterations has been exceeded.", "x": "[7.41163006 1.02289358 3.15419419 3.35523285 2.5718609  4.70078928]", "final_simplex": "(array([[7.41163006, 1.02289358, 3.15419419, 3.35523285, 2.5718609 ,\n        4.70078928],\n       [7.40670044, 1.02145903, 3.15339738, 3.34712833, 2.5807523 ,\n        4.70650554],\n       [7.39999074, 1.02871197, 3.16193479, 3.35061008, 2.57151617,\n        4.70435188],\n       [7.40519175, 1.02472482, 3.16078778, 3.34556945, 2.57376442,\n        4.70356761],\n       [7.40245284, 1.02086377, 3.16019215, 3.35349289, 2.57131221,\n        4.69857349],\n       [7.40789489, 1.01358182, 3.16891168, 3.34633342, 2.56564732,\n        4.70896493],\n       [7.39983919, 1.03180985, 3.14686324, 3.35041074, 2.57783134,\n        4.70743131]]), array([0.16389529, 0.16389991, 0.16391496, 0.16391662, 0.16392076,\n       0.16392783, 0.16394465]))"}, "2": {"maxiter": 100, "fatol": 1e-10, "xatol": 1e-05, "duration": 0.02735590934753418, "fun": "0.16389528523387253", "nit": "100", "nfev": "162", "status": "2", "success": "False", "message": "Maximum number of iterations has been exceeded.", "x": "[7.41163006 1.02289358 3.15419419 3.35523285 2.5718609  4.70078928]", "final_simplex": "(array([[7.41163006, 1.02289358, 3.15419419, 3.35523285, 2.5718609 ,\n        4.70078928],\n       [7.40670044, 1.02145903, 3.15339738, 3.34712833, 2.5807523 ,\n        4.70650554],\n       [7.39999074, 1.02871197, 3.16193479, 3.35061008, 2.57151617,\n        4.70435188],\n       [7.40519175, 1.02472482, 3.16078778, 3.34556945, 2.57376442,\n        4.70356761],\n       [7.40245284, 1.02086377, 3.16019215, 3.35349289, 2.57131221,\n        4.69857349],\n       [7.40789489, 1.01358182, 3.16891168, 3.34633342, 2.56564732,\n        4.70896493],\n       [7.39983919, 1.03180985, 3.14686324, 3.35041074, 2.57783134,\n        4.70743131]]), array([0.16389529, 0.16389991, 0.16391496, 0.16391662, 0.16392076,\n       0.16392783, 0.16394465]))"}, "3": {"maxiter": 100, "fatol": 1e-10, "xatol": 1e-10, "duration": 0.027428150177001953, "fun": "0.16389528523387253", "nit": "100", "nfev": "162", "status": "2", "success": "False", "message": "Maximum number of iterations has been exceeded.", "x": "[7.41163006 1.02289358 3.15419419 3.35523285 2.5718609  4.70078928]", "final_simplex": "(array([[7.41163006, 1.02289358, 3.15419419, 3.35523285, 2.5718609 ,\n        4.70078928],\n       [7.40670044, 1.02145903, 3.15339738, 3.34712833, 2.5807523 ,\n        4.70650554],\n       [7.39999074, 1.02871197, 3.16193479, 3.35061008, 2.57151617,\n        4.70435188],\n       [7.40519175, 1.02472482, 3.16078778, 3.34556945, 2.57376442,\n        4.70356761],\n       [7.40245284, 1.02086377, 3.16019215, 3.35349289, 2.57131221,\n        4.69857349],\n       [7.40789489, 1.01358182, 3.16891168, 3.34633342, 2.56564732,\n        4.70896493],\n       [7.39983919, 1.03180985, 3.14686324, 3.35041074, 2.57783134,\n        4.70743131]]), array([0.16389529, 0.16389991, 0.16391496, 0.16391662, 0.16392076,\n       0.16392783, 0.16394465]))"}, "4": {"maxiter": 500, "fatol": 1e-05, "xatol": 1e-05, "duration": 0.1040182113647461, "fun": "0.1599062553983288", "nit": "388", "nfev": "614", "status": "0", "success": "True", "message": "Optimization terminated successfully.", "x": "[7.37056172 0.94364711 3.17914104 3.42481794 3.32880435 5.44949226]", "final_simplex": "(array([[7.37056172, 0.94364711, 3.17914104, 3.42481794, 3.32880435,\n        5.44949226],\n       [7.37055914, 0.94364884, 3.17914142, 3.42481708, 3.32880563,\n        5.44949448],\n       [7.37055972, 0.94364925, 3.17913998, 3.42481957, 3.32879848,\n        5.44948528],\n       [7.3705589 , 0.94364695, 3.17914293, 3.42481789, 3.32880619,\n        5.44949355],\n       [7.37055925, 0.94364808, 3.17914029, 3.42481899, 3.32880462,\n        5.44949027],\n       [7.37055995, 0.94365087, 3.17914104, 3.42481875, 3.32879947,\n        5.44948611],\n       [7.37055932, 0.94364815, 3.17914064, 3.42481754, 3.3288043 ,\n        5.44949078]]), array([0.15990626, 0.15990626, 0.15990626, 0.15990626, 0.15990626,\n       0.15990626, 0.15990626]))"}, "5": {"maxiter": 500, "fatol": 1e-05, "xatol": 1e-10, "duration": 0.13769912719726562, "fun": "0.15990625539502956", "nit": "500", "nfev": "838", "status": "2", "success": "False", "message": "Maximum number of iterations has been exceeded.", "x": "[7.37056129 0.94364777 3.17914063 3.42482196 3.32881    5.44949908]", "final_simplex": "(array([[7.37056129, 0.94364777, 3.17914063, 3.42482196, 3.32881   ,\n        5.44949908],\n       [7.37056129, 0.94364777, 3.17914063, 3.42482196, 3.32881   ,\n        5.44949908],\n       [7.37056129, 0.94364777, 3.17914063, 3.42482196, 3.32881   ,\n        5.44949908],\n       [7.37056129, 0.94364777, 3.17914063, 3.42482196, 3.32881   ,\n        5.44949908],\n       [7.37056129, 0.94364777, 3.17914063, 3.42482196, 3.32881   ,\n        5.44949908],\n       [7.37056129, 0.94364777, 3.17914063, 3.42482196, 3.32881   ,\n        5.44949908],\n       [7.37056129, 0.94364777, 3.17914063, 3.42482196, 3.32881   ,\n        5.44949908]]), array([0.15990626, 0.15990626, 0.15990626, 0.15990626, 0.15990626,\n       0.15990626, 0.15990626]))"}, "6": {"maxiter": 500, "fatol": 1e-10, "xatol": 1e-05, "duration": 0.10131525993347168, "fun": "0.1599062553983288", "nit": "388", "nfev": "614", "status": "0", "success": "True", "message": "Optimization terminated successfully.", "x": "[7.37056172 0.94364711 3.17914104 3.42481794 3.32880435 5.44949226]", "final_simplex": "(array([[7.37056172, 0.94364711, 3.17914104, 3.42481794, 3.32880435,\n        5.44949226],\n       [7.37055914, 0.94364884, 3.17914142, 3.42481708, 3.32880563,\n        5.44949448],\n       [7.37055972, 0.94364925, 3.17913998, 3.42481957, 3.32879848,\n        5.44948528],\n       [7.3705589 , 0.94364695, 3.17914293, 3.42481789, 3.32880619,\n        5.44949355],\n       [7.37055925, 0.94364808, 3.17914029, 3.42481899, 3.32880462,\n        5.44949027],\n       [7.37055995, 0.94365087, 3.17914104, 3.42481875, 3.32879947,\n        5.44948611],\n       [7.37055932, 0.94364815, 3.17914064, 3.42481754, 3.3288043 ,\n        5.44949078]]), array([0.15990626, 0.15990626, 0.15990626, 0.15990626, 0.15990626,\n       0.15990626, 0.15990626]))"}, "7": {"maxiter": 500, "fatol": 1e-10, "xatol": 1e-10, "duration": 0.13950085639953613, "fun": "0.15990625539502956", "nit": "500", "nfev": "838", "status": "2", "success": "False", "message": "Maximum number of iterations has been exceeded.", "x": "[7.37056129 0.94364777 3.17914063 3.42482196 3.32881    5.44949908]", "final_simplex": "(array([[7.37056129, 0.94364777, 3.17914063, 3.42482196, 3.32881   ,\n        5.44949908],\n       [7.37056129, 0.94364777, 3.17914063, 3.42482196, 3.32881   ,\n        5.44949908],\n       [7.37056129, 0.94364777, 3.17914063, 3.42482196, 3.32881   ,\n        5.44949908],\n       [7.37056129, 0.94364777, 3.17914063, 3.42482196, 3.32881   ,\n        5.44949908],\n       [7.37056129, 0.94364777, 3.17914063, 3.42482196, 3.32881   ,\n        5.44949908],\n       [7.37056129, 0.94364777, 3.17914063, 3.42482196, 3.32881   ,\n        5.44949908],\n       [7.37056129, 0.94364777, 3.17914063, 3.42482196, 3.32881   ,\n        5.44949908]]), array([0.15990626, 0.15990626, 0.15990626, 0.15990626, 0.15990626,\n       0.15990626, 0.15990626]))"}, "8": {"maxiter": 1000, "fatol": 1e-05, "xatol": 1e-05, "duration": 0.10312008857727051, "fun": "0.1599062553983288", "nit": "388", "nfev": "614", "status": "0", "success": "True", "message": "Optimization terminated successfully.", "x": "[7.37056172 0.94364711 3.17914104 3.42481794 3.32880435 5.44949226]", "final_simplex": "(array([[7.37056172, 0.94364711, 3.17914104, 3.42481794, 3.32880435,\n        5.44949226],\n       [7.37055914, 0.94364884, 3.17914142, 3.42481708, 3.32880563,\n        5.44949448],\n       [7.37055972, 0.94364925, 3.17913998, 3.42481957, 3.32879848,\n        5.44948528],\n       [7.3705589 , 0.94364695, 3.17914293, 3.42481789, 3.32880619,\n        5.44949355],\n       [7.37055925, 0.94364808, 3.17914029, 3.42481899, 3.32880462,\n        5.44949027],\n       [7.37055995, 0.94365087, 3.17914104, 3.42481875, 3.32879947,\n        5.44948611],\n       [7.37055932, 0.94364815, 3.17914064, 3.42481754, 3.3288043 ,\n        5.44949078]]), array([0.15990626, 0.15990626, 0.15990626, 0.15990626, 0.15990626,\n       0.15990626, 0.15990626]))"}, "9": {"maxiter": 1000, "fatol": 1e-05, "xatol": 1e-10, "duration": 0.14542698860168457, "fun": "0.15990625539502956", "nit": "510", "nfev": "870", "status": "0", "success": "True", "message": "Optimization terminated successfully.", "x": "[7.37056129 0.94364777 3.17914063 3.42482196 3.32881    5.44949908]", "final_simplex": "(array([[7.37056129, 0.94364777, 3.17914063, 3.42482196, 3.32881   ,\n        5.44949908],\n       [7.37056129, 0.94364777, 3.17914063, 3.42482196, 3.32881   ,\n        5.44949908],\n       [7.37056129, 0.94364777, 3.17914063, 3.42482196, 3.32881   ,\n        5.44949908],\n       [7.37056129, 0.94364777, 3.17914063, 3.42482196, 3.32881   ,\n        5.44949908],\n       [7.37056129, 0.94364777, 3.17914063, 3.42482196, 3.32881   ,\n        5.44949908],\n       [7.37056129, 0.94364777, 3.17914063, 3.42482196, 3.32881   ,\n        5.44949908],\n       [7.37056129, 0.94364777, 3.17914063, 3.42482196, 3.32881   ,\n        5.44949908]]), array([0.15990626, 0.15990626, 0.15990626, 0.15990626, 0.15990626,\n       0.15990626, 0.15990626]))"}, "10": {"maxiter": 1000, "fatol": 1e-10, "xatol": 1e-05, "duration": 0.10278987884521484, "fun": "0.1599062553983288", "nit": "388", "nfev": "614", "status": "0", "success": "True", "message": "Optimization terminated successfully.", "x": "[7.37056172 0.94364711 3.17914104 3.42481794 3.32880435 5.44949226]", "final_simplex": "(array([[7.37056172, 0.94364711, 3.17914104, 3.42481794, 3.32880435,\n        5.44949226],\n       [7.37055914, 0.94364884, 3.17914142, 3.42481708, 3.32880563,\n        5.44949448],\n       [7.37055972, 0.94364925, 3.17913998, 3.42481957, 3.32879848,\n        5.44948528],\n       [7.3705589 , 0.94364695, 3.17914293, 3.42481789, 3.32880619,\n        5.44949355],\n       [7.37055925, 0.94364808, 3.17914029, 3.42481899, 3.32880462,\n        5.44949027],\n       [7.37055995, 0.94365087, 3.17914104, 3.42481875, 3.32879947,\n        5.44948611],\n       [7.37055932, 0.94364815, 3.17914064, 3.42481754, 3.3288043 ,\n        5.44949078]]), array([0.15990626, 0.15990626, 0.15990626, 0.15990626, 0.15990626,\n       0.15990626, 0.15990626]))"}, "11": {"maxiter": 1000, "fatol": 1e-10, "xatol": 1e-10, "duration": 0.14512300491333008, "fun": "0.15990625539502956", "nit": "510", "nfev": "870", "status": "0", "success": "True", "message": "Optimization terminated successfully.", "x": "[7.37056129 0.94364777 3.17914063 3.42482196 3.32881    5.44949908]", "final_simplex": "(array([[7.37056129, 0.94364777, 3.17914063, 3.42482196, 3.32881   ,\n        5.44949908],\n       [7.37056129, 0.94364777, 3.17914063, 3.42482196, 3.32881   ,\n        5.44949908],\n       [7.37056129, 0.94364777, 3.17914063, 3.42482196, 3.32881   ,\n        5.44949908],\n       [7.37056129, 0.94364777, 3.17914063, 3.42482196, 3.32881   ,\n        5.44949908],\n       [7.37056129, 0.94364777, 3.17914063, 3.42482196, 3.32881   ,\n        5.44949908],\n       [7.37056129, 0.94364777, 3.17914063, 3.42482196, 3.32881   ,\n        5.44949908],\n       [7.37056129, 0.94364777, 3.17914063, 3.42482196, 3.32881   ,\n        5.44949908]]), array([0.15990626, 0.15990626, 0.15990626, 0.15990626, 0.15990626,\n       0.15990626, 0.15990626]))"}}, "bfgs": {"type": "gradient", "0": {"maxiter": 100, "gtol": 1e-05, "xrtol": 1e-05, "eps": 1e-05, "duration": 0.0301668643951416, "fun": "0.15990625726107632", "jac": "[ 1.76662018e-06  2.10654827e-06  7.80020493e-07 -6.80577816e-07\n  3.34274830e-06 -6.56407151e-06]", "hess_inv": "[[ 3.38090232e+00  6.88546015e-01 -2.44174153e-01  5.13140732e-01\n  -5.33421143e+00 -5.09493883e+00]\n [ 6.88546015e-01  5.38766787e+00 -2.82074363e+00 -3.49288514e-02\n  -7.16819924e+00 -7.88037654e+00]\n [-2.44174153e-01 -2.82074363e+00  4.99842090e+00 -1.40036549e+00\n   4.73248658e+00  6.24102552e+00]\n [ 5.13140732e-01 -3.49288514e-02 -1.40036549e+00  3.76228523e+00\n   8.34426986e-01  3.42563372e-01]\n [-5.33421143e+00 -7.16819924e+00  4.73248658e+00  8.34426986e-01\n   5.06557005e+01  4.88792682e+01]\n [-5.09493883e+00 -7.88037654e+00  6.24102552e+00  3.42563372e-01\n   4.88792682e+01  5.01006999e+01]]", "nfev": "175", "njev": "25", "status": "0", "success": "True", "message": "Optimization terminated successfully.", "x": "[7.37061256 0.9437371  3.17907225 3.42481162 3.32833502 5.44900127]", "nit": "22"}, "1": {"maxiter": 100, "gtol": 1e-05, "xrtol": 1e-05, "eps": 1e-10, "duration": 0.029988765716552734, "fun": "0.15990625586729224", "jac": "[-3.33066880e-06 -1.11022293e-06  0.00000000e+00  2.22044587e-06\n  1.11022293e-06 -3.33066880e-06]", "hess_inv": "[[ 3.38174322e+00  6.78966868e-01 -2.44884422e-01  5.34091075e-01\n  -5.12058455e+00 -4.92478799e+00]\n [ 6.78966868e-01  5.28965906e+00 -2.76643930e+00  1.61141106e-02\n  -7.02519983e+00 -7.66276217e+00]\n [-2.44884422e-01 -2.76643930e+00  4.94523581e+00 -1.40506425e+00\n   4.79727520e+00  6.21476795e+00]\n [ 5.34091075e-01  1.61141106e-02 -1.40506425e+00  3.69754686e+00\n   6.82688255e-01  1.70822165e-01]\n [-5.12058455e+00 -7.02519983e+00  4.79727520e+00  6.82688255e-01\n   5.18471645e+01  4.96574969e+01]\n [-4.92478799e+00 -7.66276217e+00  6.21476795e+00  1.70822165e-01\n   4.96574969e+01  5.04481701e+01]]", "nfev": "175", "njev": "25", "status": "0", "success": "True", "message": "Optimization terminated successfully.", "x": "[7.37056641 0.94368111 3.17910607 3.42481802 3.32859082 5.44927066]", "nit": "22"}, "2": {"maxiter": 100, "gtol": 1e-05, "xrtol": 1e-10, "eps": 1e-05, "duration": 0.02999281883239746, "fun": "0.15990625726107632", "jac": "[ 1.76662018e-06  2.10654827e-06  7.80020493e-07 -6.80577816e-07\n  3.34274830e-06 -6.56407151e-06]", "hess_inv": "[[ 3.38090232e+00  6.88546015e-01 -2.44174153e-01  5.13140732e-01\n  -5.33421143e+00 -5.09493883e+00]\n [ 6.88546015e-01  5.38766787e+00 -2.82074363e+00 -3.49288514e-02\n  -7.16819924e+00 -7.88037654e+00]\n [-2.44174153e-01 -2.82074363e+00  4.99842090e+00 -1.40036549e+00\n   4.73248658e+00  6.24102552e+00]\n [ 5.13140732e-01 -3.49288514e-02 -1.40036549e+00  3.76228523e+00\n   8.34426986e-01  3.42563372e-01]\n [-5.33421143e+00 -7.16819924e+00  4.73248658e+00  8.34426986e-01\n   5.06557005e+01  4.88792682e+01]\n [-5.09493883e+00 -7.88037654e+00  6.24102552e+00  3.42563372e-01\n   4.88792682e+01  5.01006999e+01]]", "nfev": "175", "njev": "25", "status": "0", "success": "True", "message": "Optimization terminated successfully.", "x": "[7.37061256 0.9437371  3.17907225 3.42481162 3.32833502 5.44900127]", "nit": "22"}, "3": {"maxiter": 100, "gtol": 1e-05, "xrtol": 1e-10, "eps": 1e-10, "duration": 0.029989004135131836, "fun": "0.15990625586729224", "jac": "[-3.33066880e-06 -1.11022293e-06  0.00000000e+00  2.22044587e-06\n  1.11022293e-06 -3.33066880e-06]", "hess_inv": "[[ 3.38174322e+00  6.78966868e-01 -2.44884422e-01  5.34091075e-01\n  -5.12058455e+00 -4.92478799e+00]\n [ 6.78966868e-01  5.28965906e+00 -2.76643930e+00  1.61141106e-02\n  -7.02519983e+00 -7.66276217e+00]\n [-2.44884422e-01 -2.76643930e+00  4.94523581e+00 -1.40506425e+00\n   4.79727520e+00  6.21476795e+00]\n [ 5.34091075e-01  1.61141106e-02 -1.40506425e+00  3.69754686e+00\n   6.82688255e-01  1.70822165e-01]\n [-5.12058455e+00 -7.02519983e+00  4.79727520e+00  6.82688255e-01\n   5.18471645e+01  4.96574969e+01]\n [-4.92478799e+00 -7.66276217e+00  6.21476795e+00  1.70822165e-01\n   4.96574969e+01  5.04481701e+01]]", "nfev": "175", "njev": "25", "status": "0", "success": "True", "message": "Optimization terminated successfully.", "x": "[7.37056641 0.94368111 3.17910607 3.42481802 3.32859082 5.44927066]", "nit": "22"}, "4": {"maxiter": 100, "gtol": 1e-10, "xrtol": 1e-05, "eps": 1e-05, "duration": 0.032356977462768555, "fun": "0.15990625585882035", "jac": "[-3.48276963e-08 -2.67452727e-08 -6.20614671e-09  1.16684440e-08\n -7.82818255e-08  6.23834318e-08]", "hess_inv": "[[  3.62491609   1.09885101  -0.52970543   0.48676539  -7.26196071\n   -7.15476075]\n [  1.09885101   6.07423093  -3.29933938  -0.07989875 -10.48643383\n  -11.40102962]\n [ -0.52970543  -3.29933938   5.33182682  -1.36921308   7.02272716\n    8.67696393]\n [  0.48676539  -0.07989875  -1.36921308   3.76501752   1.02873839\n    0.55475618]\n [ -7.26196071 -10.48643383   7.02272716   1.02873839  64.12711684\n   63.84423006]\n [ -7.15476075 -11.40102962   8.67696393   0.55475618  63.84423006\n   66.51542898]]", "nfev": "189", "njev": "27", "status": "0", "success": "True", "message": "Optimization terminated successfully.", "x": "[7.3705819  0.9436851  3.17910853 3.42481476 3.32856987 5.44925473]", "nit": "24"}, "5": {"maxiter": 100, "gtol": 1e-10, "xrtol": 1e-05, "eps": 1e-10, "duration": 0.03237462043762207, "fun": "0.15990625551719662", "jac": "[ 0.00000000e+00 -2.22044587e-06  0.00000000e+00  0.00000000e+00\n -2.22044587e-06 -2.22044587e-06]", "hess_inv": "[[ 3.14623594  0.21652356  0.38312758  0.09786539 -2.05931308 -1.43563253]\n [ 0.21652356  5.7695951  -3.23994299 -0.37840142 -8.97970278 -9.96598512]\n [ 0.38312758 -3.23994299  5.33899013 -0.77199003  6.14467195  7.9054177 ]\n [ 0.09786539 -0.37840142 -0.77199003  2.99544026  4.05946433  3.91613384]\n [-2.05931308 -8.97970278  6.14467195  4.05946433 55.09160626 54.37427515]\n [-1.43563253 -9.96598512  7.9054177   3.91613384 54.37427515 56.86162748]]", "nfev": "189", "njev": "27", "status": "0", "success": "True", "message": "Optimization terminated successfully.", "x": "[7.37057442 0.94366585 3.17912497 3.42481981 3.32868492 5.44937513]", "nit": "24"}, "6": {"maxiter": 100, "gtol": 1e-10, "xrtol": 1e-10, "eps": 1e-05, "duration": 0.06866192817687988, "fun": "0.1599062558568357", "jac": "[-6.43929354e-10 -5.77315973e-10  1.11022302e-10  3.88578059e-10\n -1.42108547e-09  1.39888101e-09]", "hess_inv": "[[  3.60723664   1.07199625  -0.5110248    0.48855296  -7.09124758\n   -6.98419779]\n [  1.07199625   6.03967836  -3.27585252  -0.07600935 -10.11777116\n  -11.06125622]\n [ -0.5110248   -3.27585252   5.31583512  -1.37212287   6.75267147\n    8.43037352]\n [  0.48855296  -0.07600935  -1.37212287   3.7649356    1.02722731\n    0.54889403]\n [ -7.09124758 -10.11777116   6.75267147   1.02722731  64.20436767\n   63.46121696]\n [ -6.98419779 -11.06125622   8.43037352   0.54889403  63.46121696\n   65.79516952]]", "nfev": "404", "njev": "56", "status": "2", "success": "False", "message": "Desired error not necessarily achieved due to precision loss.", "x": "[7.37058192 0.94368517 3.17910848 3.42481477 3.32857046 5.44925511]", "nit": "25"}, "7": {"maxiter": 100, "gtol": 1e-10, "xrtol": 1e-10, "eps": 1e-10, "duration": 0.0702672004699707, "fun": "0.15990625547931614", "jac": "[-1.11022293e-06  1.11022293e-06  0.00000000e+00 -1.11022293e-06\n -3.33066880e-06 -1.11022293e-06]", "hess_inv": "[[ 0.48244748 -0.56898579  0.10197587  0.2179873  -0.34613409 -0.43608339]\n [-0.56898579  0.78161158 -0.39917039 -0.23659799  0.48593041  0.4451987 ]\n [ 0.10197587 -0.39917039  1.27225341 -0.01538907 -0.45413791  0.14574775]\n [ 0.2179873  -0.23659799 -0.01538907  0.13664923 -0.18345525 -0.24933526]\n [-0.34613409  0.48593041 -0.45413791 -0.18345525  0.57762095  0.29579926]\n [-0.43608339  0.4451987   0.14574775 -0.24933526  0.29579926  0.53730326]]", "nfev": "406", "njev": "58", "status": "0", "success": "True", "message": "Optimization terminated successfully.", "x": "[7.37057171 0.94366925 3.1791258  3.42482191 3.32870736 5.44939535]", "nit": "41"}, "8": {"maxiter": 500, "gtol": 1e-05, "xrtol": 1e-05, "eps": 1e-05, "duration": 0.030324935913085938, "fun": "0.15990625726107632", "jac": "[ 1.76662018e-06  2.10654827e-06  7.80020493e-07 -6.80577816e-07\n  3.34274830e-06 -6.56407151e-06]", "hess_inv": "[[ 3.38090232e+00  6.88546015e-01 -2.44174153e-01  5.13140732e-01\n  -5.33421143e+00 -5.09493883e+00]\n [ 6.88546015e-01  5.38766787e+00 -2.82074363e+00 -3.49288514e-02\n  -7.16819924e+00 -7.88037654e+00]\n [-2.44174153e-01 -2.82074363e+00  4.99842090e+00 -1.40036549e+00\n   4.73248658e+00  6.24102552e+00]\n [ 5.13140732e-01 -3.49288514e-02 -1.40036549e+00  3.76228523e+00\n   8.34426986e-01  3.42563372e-01]\n [-5.33421143e+00 -7.16819924e+00  4.73248658e+00  8.34426986e-01\n   5.06557005e+01  4.88792682e+01]\n [-5.09493883e+00 -7.88037654e+00  6.24102552e+00  3.42563372e-01\n   4.88792682e+01  5.01006999e+01]]", "nfev": "175", "njev": "25", "status": "0", "success": "True", "message": "Optimization terminated successfully.", "x": "[7.37061256 0.9437371  3.17907225 3.42481162 3.32833502 5.44900127]", "nit": "22"}, "9": {"maxiter": 500, "gtol": 1e-05, "xrtol": 1e-05, "eps": 1e-10, "duration": 0.03030872344970703, "fun": "0.15990625586729224", "jac": "[-3.33066880e-06 -1.11022293e-06  0.00000000e+00  2.22044587e-06\n  1.11022293e-06 -3.33066880e-06]", "hess_inv": "[[ 3.38174322e+00  6.78966868e-01 -2.44884422e-01  5.34091075e-01\n  -5.12058455e+00 -4.92478799e+00]\n [ 6.78966868e-01  5.28965906e+00 -2.76643930e+00  1.61141106e-02\n  -7.02519983e+00 -7.66276217e+00]\n [-2.44884422e-01 -2.76643930e+00  4.94523581e+00 -1.40506425e+00\n   4.79727520e+00  6.21476795e+00]\n [ 5.34091075e-01  1.61141106e-02 -1.40506425e+00  3.69754686e+00\n   6.82688255e-01  1.70822165e-01]\n [-5.12058455e+00 -7.02519983e+00  4.79727520e+00  6.82688255e-01\n   5.18471645e+01  4.96574969e+01]\n [-4.92478799e+00 -7.66276217e+00  6.21476795e+00  1.70822165e-01\n   4.96574969e+01  5.04481701e+01]]", "nfev": "175", "njev": "25", "status": "0", "success": "True", "message": "Optimization terminated successfully.", "x": "[7.37056641 0.94368111 3.17910607 3.42481802 3.32859082 5.44927066]", "nit": "22"}, "10": {"maxiter": 500, "gtol": 1e-05, "xrtol": 1e-10, "eps": 1e-05, "duration": 0.030179738998413086, "fun": "0.15990625726107632", "jac": "[ 1.76662018e-06  2.10654827e-06  7.80020493e-07 -6.80577816e-07\n  3.34274830e-06 -6.56407151e-06]", "hess_inv": "[[ 3.38090232e+00  6.88546015e-01 -2.44174153e-01  5.13140732e-01\n  -5.33421143e+00 -5.09493883e+00]\n [ 6.88546015e-01  5.38766787e+00 -2.82074363e+00 -3.49288514e-02\n  -7.16819924e+00 -7.88037654e+00]\n [-2.44174153e-01 -2.82074363e+00  4.99842090e+00 -1.40036549e+00\n   4.73248658e+00  6.24102552e+00]\n [ 5.13140732e-01 -3.49288514e-02 -1.40036549e+00  3.76228523e+00\n   8.34426986e-01  3.42563372e-01]\n [-5.33421143e+00 -7.16819924e+00  4.73248658e+00  8.34426986e-01\n   5.06557005e+01  4.88792682e+01]\n [-5.09493883e+00 -7.88037654e+00  6.24102552e+00  3.42563372e-01\n   4.88792682e+01  5.01006999e+01]]", "nfev": "175", "njev": "25", "status": "0", "success": "True", "message": "Optimization terminated successfully.", "x": "[7.37061256 0.9437371  3.17907225 3.42481162 3.32833502 5.44900127]", "nit": "22"}, "11": {"maxiter": 500, "gtol": 1e-05, "xrtol": 1e-10, "eps": 1e-10, "duration": 0.030139923095703125, "fun": "0.15990625586729224", "jac": "[-3.33066880e-06 -1.11022293e-06  0.00000000e+00  2.22044587e-06\n  1.11022293e-06 -3.33066880e-06]", "hess_inv": "[[ 3.38174322e+00  6.78966868e-01 -2.44884422e-01  5.34091075e-01\n  -5.12058455e+00 -4.92478799e+00]\n [ 6.78966868e-01  5.28965906e+00 -2.76643930e+00  1.61141106e-02\n  -7.02519983e+00 -7.66276217e+00]\n [-2.44884422e-01 -2.76643930e+00  4.94523581e+00 -1.40506425e+00\n   4.79727520e+00  6.21476795e+00]\n [ 5.34091075e-01  1.61141106e-02 -1.40506425e+00  3.69754686e+00\n   6.82688255e-01  1.70822165e-01]\n [-5.12058455e+00 -7.02519983e+00  4.79727520e+00  6.82688255e-01\n   5.18471645e+01  4.96574969e+01]\n [-4.92478799e+00 -7.66276217e+00  6.21476795e+00  1.70822165e-01\n   4.96574969e+01  5.04481701e+01]]", "nfev": "175", "njev": "25", "status": "0", "success": "True", "message": "Optimization terminated successfully.", "x": "[7.37056641 0.94368111 3.17910607 3.42481802 3.32859082 5.44927066]", "nit": "22"}, "12": {"maxiter": 500, "gtol": 1e-10, "xrtol": 1e-05, "eps": 1e-05, "duration": 0.032647132873535156, "fun": "0.15990625585882035", "jac": "[-3.48276963e-08 -2.67452727e-08 -6.20614671e-09  1.16684440e-08\n -7.82818255e-08  6.23834318e-08]", "hess_inv": "[[  3.62491609   1.09885101  -0.52970543   0.48676539  -7.26196071\n   -7.15476075]\n [  1.09885101   6.07423093  -3.29933938  -0.07989875 -10.48643383\n  -11.40102962]\n [ -0.52970543  -3.29933938   5.33182682  -1.36921308   7.02272716\n    8.67696393]\n [  0.48676539  -0.07989875  -1.36921308   3.76501752   1.02873839\n    0.55475618]\n [ -7.26196071 -10.48643383   7.02272716   1.02873839  64.12711684\n   63.84423006]\n [ -7.15476075 -11.40102962   8.67696393   0.55475618  63.84423006\n   66.51542898]]", "nfev": "189", "njev": "27", "status": "0", "success": "True", "message": "Optimization terminated successfully.", "x": "[7.3705819  0.9436851  3.17910853 3.42481476 3.32856987 5.44925473]", "nit": "24"}, "13": {"maxiter": 500, "gtol": 1e-10, "xrtol": 1e-05, "eps": 1e-10, "duration": 0.0324549674987793, "fun": "0.15990625551719662", "jac": "[ 0.00000000e+00 -2.22044587e-06  0.00000000e+00  0.00000000e+00\n -2.22044587e-06 -2.22044587e-06]", "hess_inv": "[[ 3.14623594  0.21652356  0.38312758  0.09786539 -2.05931308 -1.43563253]\n [ 0.21652356  5.7695951  -3.23994299 -0.37840142 -8.97970278 -9.96598512]\n [ 0.38312758 -3.23994299  5.33899013 -0.77199003  6.14467195  7.9054177 ]\n [ 0.09786539 -0.37840142 -0.77199003  2.99544026  4.05946433  3.91613384]\n [-2.05931308 -8.97970278  6.14467195  4.05946433 55.09160626 54.37427515]\n [-1.43563253 -9.96598512  7.9054177   3.91613384 54.37427515 56.86162748]]", "nfev": "189", "njev": "27", "status": "0", "success": "True", "message": "Optimization terminated successfully.", "x": "[7.37057442 0.94366585 3.17912497 3.42481981 3.32868492 5.44937513]", "nit": "24"}, "14": {"maxiter": 500, "gtol": 1e-10, "xrtol": 1e-10, "eps": 1e-05, "duration": 0.07021903991699219, "fun": "0.1599062558568357", "jac": "[-6.43929354e-10 -5.77315973e-10  1.11022302e-10  3.88578059e-10\n -1.42108547e-09  1.39888101e-09]", "hess_inv": "[[  3.60723664   1.07199625  -0.5110248    0.48855296  -7.09124758\n   -6.98419779]\n [  1.07199625   6.03967836  -3.27585252  -0.07600935 -10.11777116\n  -11.06125622]\n [ -0.5110248   -3.27585252   5.31583512  -1.37212287   6.75267147\n    8.43037352]\n [  0.48855296  -0.07600935  -1.37212287   3.7649356    1.02722731\n    0.54889403]\n [ -7.09124758 -10.11777116   6.75267147   1.02722731  64.20436767\n   63.46121696]\n [ -6.98419779 -11.06125622   8.43037352   0.54889403  63.46121696\n   65.79516952]]", "nfev": "404", "njev": "56", "status": "2", "success": "False", "message": "Desired error not necessarily achieved due to precision loss.", "x": "[7.37058192 0.94368517 3.17910848 3.42481477 3.32857046 5.44925511]", "nit": "25"}, "15": {"maxiter": 500, "gtol": 1e-10, "xrtol": 1e-10, "eps": 1e-10, "duration": 0.07076907157897949, "fun": "0.15990625547931614", "jac": "[-1.11022293e-06  1.11022293e-06  0.00000000e+00 -1.11022293e-06\n -3.33066880e-06 -1.11022293e-06]", "hess_inv": "[[ 0.48244748 -0.56898579  0.10197587  0.2179873  -0.34613409 -0.43608339]\n [-0.56898579  0.78161158 -0.39917039 -0.23659799  0.48593041  0.4451987 ]\n [ 0.10197587 -0.39917039  1.27225341 -0.01538907 -0.45413791  0.14574775]\n [ 0.2179873  -0.23659799 -0.01538907  0.13664923 -0.18345525 -0.24933526]\n [-0.34613409  0.48593041 -0.45413791 -0.18345525  0.57762095  0.29579926]\n [-0.43608339  0.4451987   0.14574775 -0.24933526  0.29579926  0.53730326]]", "nfev": "406", "njev": "58", "status": "0", "success": "True", "message": "Optimization terminated successfully.", "x": "[7.37057171 0.94366925 3.1791258  3.42482191 3.32870736 5.44939535]", "nit": "41"}, "16": {"maxiter": 1000, "gtol": 1e-05, "xrtol": 1e-05, "eps": 1e-05, "duration": 0.030971765518188477, "fun": "0.15990625726107632", "jac": "[ 1.76662018e-06  2.10654827e-06  7.80020493e-07 -6.80577816e-07\n  3.34274830e-06 -6.56407151e-06]", "hess_inv": "[[ 3.38090232e+00  6.88546015e-01 -2.44174153e-01  5.13140732e-01\n  -5.33421143e+00 -5.09493883e+00]\n [ 6.88546015e-01  5.38766787e+00 -2.82074363e+00 -3.49288514e-02\n  -7.16819924e+00 -7.88037654e+00]\n [-2.44174153e-01 -2.82074363e+00  4.99842090e+00 -1.40036549e+00\n   4.73248658e+00  6.24102552e+00]\n [ 5.13140732e-01 -3.49288514e-02 -1.40036549e+00  3.76228523e+00\n   8.34426986e-01  3.42563372e-01]\n [-5.33421143e+00 -7.16819924e+00  4.73248658e+00  8.34426986e-01\n   5.06557005e+01  4.88792682e+01]\n [-5.09493883e+00 -7.88037654e+00  6.24102552e+00  3.42563372e-01\n   4.88792682e+01  5.01006999e+01]]", "nfev": "175", "njev": "25", "status": "0", "success": "True", "message": "Optimization terminated successfully.", "x": "[7.37061256 0.9437371  3.17907225 3.42481162 3.32833502 5.44900127]", "nit": "22"}, "17": {"maxiter": 1000, "gtol": 1e-05, "xrtol": 1e-05, "eps": 1e-10, "duration": 0.030836105346679688, "fun": "0.15990625586729224", "jac": "[-3.33066880e-06 -1.11022293e-06  0.00000000e+00  2.22044587e-06\n  1.11022293e-06 -3.33066880e-06]", "hess_inv": "[[ 3.38174322e+00  6.78966868e-01 -2.44884422e-01  5.34091075e-01\n  -5.12058455e+00 -4.92478799e+00]\n [ 6.78966868e-01  5.28965906e+00 -2.76643930e+00  1.61141106e-02\n  -7.02519983e+00 -7.66276217e+00]\n [-2.44884422e-01 -2.76643930e+00  4.94523581e+00 -1.40506425e+00\n   4.79727520e+00  6.21476795e+00]\n [ 5.34091075e-01  1.61141106e-02 -1.40506425e+00  3.69754686e+00\n   6.82688255e-01  1.70822165e-01]\n [-5.12058455e+00 -7.02519983e+00  4.79727520e+00  6.82688255e-01\n   5.18471645e+01  4.96574969e+01]\n [-4.92478799e+00 -7.66276217e+00  6.21476795e+00  1.70822165e-01\n   4.96574969e+01  5.04481701e+01]]", "nfev": "175", "njev": "25", "status": "0", "success": "True", "message": "Optimization terminated successfully.", "x": "[7.37056641 0.94368111 3.17910607 3.42481802 3.32859082 5.44927066]", "nit": "22"}, "18": {"maxiter": 1000, "gtol": 1e-05, "xrtol": 1e-10, "eps": 1e-05, "duration": 0.030883073806762695, "fun": "0.15990625726107632", "jac": "[ 1.76662018e-06  2.10654827e-06  7.80020493e-07 -6.80577816e-07\n  3.34274830e-06 -6.56407151e-06]", "hess_inv": "[[ 3.38090232e+00  6.88546015e-01 -2.44174153e-01  5.13140732e-01\n  -5.33421143e+00 -5.09493883e+00]\n [ 6.88546015e-01  5.38766787e+00 -2.82074363e+00 -3.49288514e-02\n  -7.16819924e+00 -7.88037654e+00]\n [-2.44174153e-01 -2.82074363e+00  4.99842090e+00 -1.40036549e+00\n   4.73248658e+00  6.24102552e+00]\n [ 5.13140732e-01 -3.49288514e-02 -1.40036549e+00  3.76228523e+00\n   8.34426986e-01  3.42563372e-01]\n [-5.33421143e+00 -7.16819924e+00  4.73248658e+00  8.34426986e-01\n   5.06557005e+01  4.88792682e+01]\n [-5.09493883e+00 -7.88037654e+00  6.24102552e+00  3.42563372e-01\n   4.88792682e+01  5.01006999e+01]]", "nfev": "175", "njev": "25", "status": "0", "success": "True", "message": "Optimization terminated successfully.", "x": "[7.37061256 0.9437371  3.17907225 3.42481162 3.32833502 5.44900127]", "nit": "22"}, "19": {"maxiter": 1000, "gtol": 1e-05, "xrtol": 1e-10, "eps": 1e-10, "duration": 0.030942201614379883, "fun": "0.15990625586729224", "jac": "[-3.33066880e-06 -1.11022293e-06  0.00000000e+00  2.22044587e-06\n  1.11022293e-06 -3.33066880e-06]", "hess_inv": "[[ 3.38174322e+00  6.78966868e-01 -2.44884422e-01  5.34091075e-01\n  -5.12058455e+00 -4.92478799e+00]\n [ 6.78966868e-01  5.28965906e+00 -2.76643930e+00  1.61141106e-02\n  -7.02519983e+00 -7.66276217e+00]\n [-2.44884422e-01 -2.76643930e+00  4.94523581e+00 -1.40506425e+00\n   4.79727520e+00  6.21476795e+00]\n [ 5.34091075e-01  1.61141106e-02 -1.40506425e+00  3.69754686e+00\n   6.82688255e-01  1.70822165e-01]\n [-5.12058455e+00 -7.02519983e+00  4.79727520e+00  6.82688255e-01\n   5.18471645e+01  4.96574969e+01]\n [-4.92478799e+00 -7.66276217e+00  6.21476795e+00  1.70822165e-01\n   4.96574969e+01  5.04481701e+01]]", "nfev": "175", "njev": "25", "status": "0", "success": "True", "message": "Optimization terminated successfully.", "x": "[7.37056641 0.94368111 3.17910607 3.42481802 3.32859082 5.44927066]", "nit": "22"}, "20": {"maxiter": 1000, "gtol": 1e-10, "xrtol": 1e-05, "eps": 1e-05, "duration": 0.03347206115722656, "fun": "0.15990625585882035", "jac": "[-3.48276963e-08 -2.67452727e-08 -6.20614671e-09  1.16684440e-08\n -7.82818255e-08  6.23834318e-08]", "hess_inv": "[[  3.62491609   1.09885101  -0.52970543   0.48676539  -7.26196071\n   -7.15476075]\n [  1.09885101   6.07423093  -3.29933938  -0.07989875 -10.48643383\n  -11.40102962]\n [ -0.52970543  -3.29933938   5.33182682  -1.36921308   7.02272716\n    8.67696393]\n [  0.48676539  -0.07989875  -1.36921308   3.76501752   1.02873839\n    0.55475618]\n [ -7.26196071 -10.48643383   7.02272716   1.02873839  64.12711684\n   63.84423006]\n [ -7.15476075 -11.40102962   8.67696393   0.55475618  63.84423006\n   66.51542898]]", "nfev": "189", "njev": "27", "status": "0", "success": "True", "message": "Optimization terminated successfully.", "x": "[7.3705819  0.9436851  3.17910853 3.42481476 3.32856987 5.44925473]", "nit": "24"}, "21": {"maxiter": 1000, "gtol": 1e-10, "xrtol": 1e-05, "eps": 1e-10, "duration": 0.03345894813537598, "fun": "0.15990625551719662", "jac": "[ 0.00000000e+00 -2.22044587e-06  0.00000000e+00  0.00000000e+00\n -2.22044587e-06 -2.22044587e-06]", "hess_inv": "[[ 3.14623594  0.21652356  0.38312758  0.09786539 -2.05931308 -1.43563253]\n [ 0.21652356  5.7695951  -3.23994299 -0.37840142 -8.97970278 -9.96598512]\n [ 0.38312758 -3.23994299  5.33899013 -0.77199003  6.14467195  7.9054177 ]\n [ 0.09786539 -0.37840142 -0.77199003  2.99544026  4.05946433  3.91613384]\n [-2.05931308 -8.97970278  6.14467195  4.05946433 55.09160626 54.37427515]\n [-1.43563253 -9.96598512  7.9054177   3.91613384 54.37427515 56.86162748]]", "nfev": "189", "njev": "27", "status": "0", "success": "True", "message": "Optimization terminated successfully.", "x": "[7.37057442 0.94366585 3.17912497 3.42481981 3.32868492 5.44937513]", "nit": "24"}, "22": {"maxiter": 1000, "gtol": 1e-10, "xrtol": 1e-10, "eps": 1e-05, "duration": 0.07113504409790039, "fun": "0.1599062558568357", "jac": "[-6.43929354e-10 -5.77315973e-10  1.11022302e-10  3.88578059e-10\n -1.42108547e-09  1.39888101e-09]", "hess_inv": "[[  3.60723664   1.07199625  -0.5110248    0.48855296  -7.09124758\n   -6.98419779]\n [  1.07199625   6.03967836  -3.27585252  -0.07600935 -10.11777116\n  -11.06125622]\n [ -0.5110248   -3.27585252   5.31583512  -1.37212287   6.75267147\n    8.43037352]\n [  0.48855296  -0.07600935  -1.37212287   3.7649356    1.02722731\n    0.54889403]\n [ -7.09124758 -10.11777116   6.75267147   1.02722731  64.20436767\n   63.46121696]\n [ -6.98419779 -11.06125622   8.43037352   0.54889403  63.46121696\n   65.79516952]]", "nfev": "404", "njev": "56", "status": "2", "success": "False", "message": "Desired error not necessarily achieved due to precision loss.", "x": "[7.37058192 0.94368517 3.17910848 3.42481477 3.32857046 5.44925511]", "nit": "25"}, "23": {"maxiter": 1000, "gtol": 1e-10, "xrtol": 1e-10, "eps": 1e-10, "duration": 0.07204699516296387, "fun": "0.15990625547931614", "jac": "[-1.11022293e-06  1.11022293e-06  0.00000000e+00 -1.11022293e-06\n -3.33066880e-06 -1.11022293e-06]", "hess_inv": "[[ 0.48244748 -0.56898579  0.10197587  0.2179873  -0.34613409 -0.43608339]\n [-0.56898579  0.78161158 -0.39917039 -0.23659799  0.48593041  0.4451987 ]\n [ 0.10197587 -0.39917039  1.27225341 -0.01538907 -0.45413791  0.14574775]\n [ 0.2179873  -0.23659799 -0.01538907  0.13664923 -0.18345525 -0.24933526]\n [-0.34613409  0.48593041 -0.45413791 -0.18345525  0.57762095  0.29579926]\n [-0.43608339  0.4451987   0.14574775 -0.24933526  0.29579926  0.53730326]]", "nfev": "406", "njev": "58", "status": "0", "success": "True", "message": "Optimization terminated successfully.", "x": "[7.37057171 0.94366925 3.1791258  3.42482191 3.32870736 5.44939535]", "nit": "41"}}, "cobyla": {"0": {"maxiter": 100, "tol": 1e-05, "catol": 1e-05, "duration": 0.01700592041015625, "x": "[7.38894902 0.97372116 3.160452   3.41989947 3.13484038 5.25189531]", "status": "2", "success": "False", "message": "Maximum number of function evaluations has been exceeded.", "nfev": "100", "fun": "0.16019891857288093", "maxcv": "0.0"}, "1": {"maxiter": 100, "tol": 1e-05, "catol": 1e-10, "duration": 0.016900062561035156, "x": "[7.38894902 0.97372116 3.160452   3.41989947 3.13484038 5.25189531]", "status": 