{"date": "2024/07/19/, 11:49:16", "conf_id": 184, "data_type": "non_lin_ind\n", "num_data_points": 2, "s_rank": 0, "unitary": "[[-0.24866696+0.58742286j,-0.44704345-0.43151574j,-0.35669027-0.20570733j,-0.10517633+0.1626036j],[0.10596805-0.19687975j,-0.30269685-0.15056416j,0.18246286+0.30440582j,-0.83484447-0.11310748j],[0.26054512-0.52548482j,0.0285017-0.50723956j,-0.43110112+0.17165838j,0.15243271+0.39915801j],[0.42978035+0.11991271j,-0.17224126-0.46030424j,0.6827807-0.15164662j,0.26483638+0.0061855j]]", "databatch_0": {"databatch": "[[[0.02923401+0.15056158j,-0.13510524-0.24514122j,-0.03006482+0.06621251j,0.01022826-0.0218551j],[0.28721376-0.15564887j,-0.41169289+0.43121628j,0.15374716+0.01875494j,-0.05094285-0.00680944j],[-0.03308492-0.24217031j,0.19310301+0.40210227j,0.05374311-0.10267074j,-0.01822394+0.03386188j],[0.10725332+0.12979331j,-0.2589872-0.16537046j,0.00578953+0.07962019j,-0.00161732-0.02644062j]],[[-0.11708987+0.09264158j,-0.12475993+0.11142843j,-0.06057181-0.15270106j,0.07720675+0.15658876j],[0.26307872+0.1786718j,0.30615222+0.18224514j,-0.27152662+0.22068706j,0.26879086-0.25697041j],[0.19456851-0.13696011j,0.20844835-0.16616821j,0.08275651+0.24836982j,-0.10887804-0.2560395j],[-0.06422559+0.15080183j,-0.06175344+0.17294106j,-0.13858756-0.11539808j,0.15666589+0.11040974j]]]", "initial param values": "[1.75487205,2.03764144,5.18047877,2.61670546,3.74537019,5.46060995]", "nelder_mead": {"type": "gradient-free", "0": {"maxiter": 100, "fatol": 1e-05, "xatol": 1e-05, "duration": 0.02784109115600586, "fun": "0.07051949647738676", "nit": "100", "nfev": "159", "status": "2", "success": "False", "message": "Maximum number of iterations has been exceeded.", "x": "[2.09766612 2.05140823 1.61131565 1.42690447 5.1782954  5.19306493]", "final_simplex": "(array([[2.09766612, 2.05140823, 1.61131565, 1.42690447, 5.1782954 ,\n        5.19306493],\n       [2.09668286, 2.06684282, 1.54962439, 1.42325127, 5.19074893,\n        5.14818179],\n       [2.10388624, 2.06753077, 1.5636064 , 1.40543637, 5.18106316,\n        5.1941837 ],\n       [2.10748712, 2.06156298, 1.59221231, 1.42919969, 5.15825896,\n        5.18797979],\n       [2.08771153, 2.06432646, 1.59934964, 1.43414808, 5.19489083,\n        5.19389571],\n       [2.11320073, 2.06129569, 1.55429163, 1.39640765, 5.19088153,\n        5.18566802],\n       [2.07922993, 2.07393338, 1.64471873, 1.45569468, 5.16388288,\n        5.18651012]]), array([0.0705195 , 0.07055157, 0.07079342, 0.0707979 , 0.0708475 ,\n       0.07104519, 0.07107731]))"}, "1": {"maxiter": 100, "fatol": 1e-05, "xatol": 1e-10, "duration": 0.027230024337768555, "fun": "0.07051949647738676", "nit": "100", "nfev": "159", "status": "2", "success": "False", "message": "Maximum number of iterations has been exceeded.", "x": "[2.09766612 2.05140823 1.61131565 1.42690447 5.1782954  5.19306493]", "final_simplex": "(array([[2.09766612, 2.05140823, 1.61131565, 1.42690447, 5.1782954 ,\n        5.19306493],\n       [2.09668286, 2.06684282, 1.54962439, 1.42325127, 5.19074893,\n        5.14818179],\n       [2.10388624, 2.06753077, 1.5636064 , 1.40543637, 5.18106316,\n        5.1941837 ],\n       [2.10748712, 2.06156298, 1.59221231, 1.42919969, 5.15825896,\n        5.18797979],\n       [2.08771153, 2.06432646, 1.59934964, 1.43414808, 5.19489083,\n        5.19389571],\n       [2.11320073, 2.06129569, 1.55429163, 1.39640765, 5.19088153,\n        5.18566802],\n       [2.07922993, 2.07393338, 1.64471873, 1.45569468, 5.16388288,\n        5.18651012]]), array([0.0705195 , 0.07055157, 0.07079342, 0.0707979 , 0.0708475 ,\n       0.07104519, 0.07107731]))"}, "2": {"maxiter": 100, "fatol": 1e-10, "xatol": 1e-05, "duration": 0.02697896957397461, "fun": "0.07051949647738676", "nit": "100", "nfev": "159", "status": "2", "success": "False", "message": "Maximum number of iterations has been exceeded.", "x": "[2.09766612 2.05140823 1.61131565 1.42690447 5.1782954  5.19306493]", "final_simplex": "(array([[2.09766612, 2.05140823, 1.61131565, 1.42690447, 5.1782954 ,\n        5.19306493],\n       [2.09668286, 2.06684282, 1.54962439, 1.42325127, 5.19074893,\n        5.14818179],\n       [2.10388624, 2.06753077, 1.5636064 , 1.40543637, 5.18106316,\n        5.1941837 ],\n       [2.10748712, 2.06156298, 1.59221231, 1.42919969, 5.15825896,\n        5.18797979],\n       [2.08771153, 2.06432646, 1.59934964, 1.43414808, 5.19489083,\n        5.19389571],\n       [2.11320073, 2.06129569, 1.55429163, 1.39640765, 5.19088153,\n        5.18566802],\n       [2.07922993, 2.07393338, 1.64471873, 1.45569468, 5.16388288,\n        5.18651012]]), array([0.0705195 , 0.07055157, 0.07079342, 0.0707979 , 0.0708475 ,\n       0.07104519, 0.07107731]))"}, "3": {"maxiter": 100, "fatol": 1e-10, "xatol": 1e-10, "duration": 0.02696514129638672, "fun": "0.07051949647738676", "nit": "100", "nfev": "159", "status": "2", "success": "False", "message": "Maximum number of iterations has been exceeded.", "x": "[2.09766612 2.05140823 1.61131565 1.42690447 5.1782954  5.19306493]", "final_simplex": "(array([[2.09766612, 2.05140823, 1.61131565, 1.42690447, 5.1782954 ,\n        5.19306493],\n       [2.09668286, 2.06684282, 1.54962439, 1.42325127, 5.19074893,\n        5.14818179],\n       [2.10388624, 2.06753077, 1.5636064 , 1.40543637, 5.18106316,\n        5.1941837 ],\n       [2.10748712, 2.06156298, 1.59221231, 1.42919969, 5.15825896,\n        5.18797979],\n       [2.08771153, 2.06432646, 1.59934964, 1.43414808, 5.19489083,\n        5.19389571],\n       [2.11320073, 2.06129569, 1.55429163, 1.39640765, 5.19088153,\n        5.18566802],\n       [2.07922993, 2.07393338, 1.64471873, 1.45569468, 5.16388288,\n        5.18651012]]), array([0.0705195 , 0.07055157, 0.07079342, 0.0707979 , 0.0708475 ,\n       0.07104519, 0.07107731]))"}, "4": {"maxiter": 500, "fatol": 1e-05, "xatol": 1e-05, "duration": 0.07493710517883301, "fun": "0.05619915467885783", "nit": "274", "nfev": "443", "status": "0", "success": "True", "message": "Optimization terminated successfully.", "x": "[1.84317603 1.82278574 1.43269731 1.44861866 5.03891975 4.99296152]", "final_simplex": "(array([[1.84317603, 1.82278574, 1.43269731, 1.44861866, 5.03891975,\n        4.99296152],\n       [1.84317619, 1.82278403, 1.43269565, 1.44861996, 5.03892478,\n        4.99295519],\n       [1.84317152, 1.82278247, 1.43269582, 1.44862122, 5.03892253,\n        4.99295255],\n       [1.84317154, 1.82277849, 1.43269257, 1.44862208, 5.03891849,\n        4.99295828],\n       [1.84317563, 1.82278167, 1.43269933, 1.44862054, 5.03891795,\n        4.99295825],\n       [1.84317689, 1.82278759, 1.43269056, 1.44861515, 5.03892603,\n        4.99295354],\n       [1.84317289, 1.82278528, 1.43269646, 1.44861004, 5.03891764,\n        4.99296091]]), array([0.05619915, 0.05619915, 0.05619915, 0.05619915, 0.05619915,\n       0.05619915, 0.05619915]))"}, "5": {"maxiter": 500, "fatol": 1e-05, "xatol": 1e-10, "duration": 0.10958695411682129, "fun": "0.056199154676427776", "nit": "364", "nfev": "650", "status": "0", "success": "True", "message": "Optimization terminated successfully.", "x": "[1.84317335 1.82278314 1.43269397 1.44861924 5.03892105 4.99295649]", "final_simplex": "(array([[1.84317335, 1.82278314, 1.43269397, 1.44861924, 5.03892105,\n        4.99295649],\n       [1.84317335, 1.82278314, 1.43269397, 1.44861924, 5.03892105,\n        4.99295649],\n       [1.84317335, 1.82278314, 1.43269397, 1.44861924, 5.03892105,\n        4.99295649],\n       [1.84317335, 1.82278314, 1.43269397, 1.44861924, 5.03892105,\n        4.99295649],\n       [1.84317335, 1.82278314, 1.43269397, 1.44861924, 5.03892105,\n        4.99295649],\n       [1.84317335, 1.82278314, 1.43269397, 1.44861924, 5.03892105,\n        4.99295649],\n       [1.84317335, 1.82278314, 1.43269397, 1.44861924, 5.03892105,\n        4.99295649]]), array([0.05619915, 0.05619915, 0.05619915, 0.05619915, 0.05619915,\n       0.05619915, 0.05619915]))"}, "6": {"maxiter": 500, "fatol": 1e-10, "xatol": 1e-05, "duration": 0.07486224174499512, "fun": "0.05619915467885783", "nit": "274", "nfev": "443", "status": "0", "success": "True", "message": "Optimization terminated successfully.", "x": "[1.84317603 1.82278574 1.43269731 1.44861866 5.03891975 4.99296152]", "final_simplex": "(array([[1.84317603, 1.82278574, 1.43269731, 1.44861866, 5.03891975,\n        4.99296152],\n       [1.84317619, 1.82278403, 1.43269565, 1.44861996, 5.03892478,\n        4.99295519],\n       [1.84317152, 1.82278247, 1.43269582, 1.44862122, 5.03892253,\n        4.99295255],\n       [1.84317154, 1.82277849, 1.43269257, 1.44862208, 5.03891849,\n        4.99295828],\n       [1.84317563, 1.82278167, 1.43269933, 1.44862054, 5.03891795,\n        4.99295825],\n       [1.84317689, 1.82278759, 1.43269056, 1.44861515, 5.03892603,\n        4.99295354],\n       [1.84317289, 1.82278528, 1.43269646, 1.44861004, 5.03891764,\n        4.99296091]]), array([0.05619915, 0.05619915, 0.05619915, 0.05619915, 0.05619915,\n       0.05619915, 0.05619915]))"}, "7": {"maxiter": 500, "fatol": 1e-10, "xatol": 1e-10, "duration": 0.10953807830810547, "fun": "0.056199154676427776", "nit": "364", "nfev": "650", "status": "0", "success": "True", "message": "Optimization terminated successfully.", "x": "[1.84317335 1.82278314 1.43269397 1.44861924 5.03892105 4.99295649]", "final_simplex": "(array([[1.84317335, 1.82278314, 1.43269397, 1.44861924, 5.03892105,\n        4.99295649],\n       [1.84317335, 1.82278314, 1.43269397, 1.44861924, 5.03892105,\n        4.99295649],\n       [1.84317335, 1.82278314, 1.43269397, 1.44861924, 5.03892105,\n        4.99295649],\n       [1.84317335, 1.82278314, 1.43269397, 1.44861924, 5.03892105,\n        4.99295649],\n       [1.84317335, 1.82278314, 1.43269397, 1.44861924, 5.03892105,\n        4.99295649],\n       [1.84317335, 1.82278314, 1.43269397, 1.44861924, 5.03892105,\n        4.99295649],\n       [1.84317335, 1.82278314, 1.43269397, 1.44861924, 5.03892105,\n        4.99295649]]), array([0.05619915, 0.05619915, 0.05619915, 0.05619915, 0.05619915,\n       0.05619915, 0.05619915]))"}, "8": {"maxiter": 1000, "fatol": 1e-05, "xatol": 1e-05, "duration": 0.07478213310241699, "fun": "0.05619915467885783", "nit": "274", "nfev": "443", "status": "0", "success": "True", "message": "Optimization terminated successfully.", "x": "[1.84317603 1.82278574 1.43269731 1.44861866 5.03891975 4.99296152]", "final_simplex": "(array([[1.84317603, 1.82278574, 1.43269731, 1.44861866, 5.03891975,\n        4.99296152],\n       [1.84317619, 1.82278403, 1.43269565, 1.44861996, 5.03892478,\n        4.99295519],\n       [1.84317152, 1.82278247, 1.43269582, 1.44862122, 5.03892253,\n        4.99295255],\n       [1.84317154, 1.82277849, 1.43269257, 1.44862208, 5.03891849,\n        4.99295828],\n       [1.84317563, 1.82278167, 1.43269933, 1.44862054, 5.03891795,\n        4.99295825],\n       [1.84317689, 1.82278759, 1.43269056, 1.44861515, 5.03892603,\n        4.99295354],\n       [1.84317289, 1.82278528, 1.43269646, 1.44861004, 5.03891764,\n        4.99296091]]), array([0.05619915, 0.05619915, 0.05619915, 0.05619915, 0.05619915,\n       0.05619915, 0.05619915]))"}, "9": {"maxiter": 1000, "fatol": 1e-05, "xatol": 1e-10, "duration": 0.10934019088745117, "fun": "0.056199154676427776", "nit": "364", "nfev": "650", "status": "0", "success": "True", "message": "Optimization terminated successfully.", "x": "[1.84317335 1.82278314 1.43269397 1.44861924 5.03892105 4.99295649]", "final_simplex": "(array([[1.84317335, 1.82278314, 1.43269397, 1.44861924, 5.03892105,\n        4.99295649],\n       [1.84317335, 1.82278314, 1.43269397, 1.44861924, 5.03892105,\n        4.99295649],\n       [1.84317335, 1.82278314, 1.43269397, 1.44861924, 5.03892105,\n        4.99295649],\n       [1.84317335, 1.82278314, 1.43269397, 1.44861924, 5.03892105,\n        4.99295649],\n       [1.84317335, 1.82278314, 1.43269397, 1.44861924, 5.03892105,\n        4.99295649],\n       [1.84317335, 1.82278314, 1.43269397, 1.44861924, 5.03892105,\n        4.99295649],\n       [1.84317335, 1.82278314, 1.43269397, 1.44861924, 5.03892105,\n        4.99295649]]), array([0.05619915, 0.05619915, 0.05619915, 0.05619915, 0.05619915,\n       0.05619915, 0.05619915]))"}, "10": {"maxiter": 1000, "fatol": 1e-10, "xatol": 1e-05, "duration": 0.07474207878112793, "fun": "0.05619915467885783", "nit": "274", "nfev": "443", "status": "0", "success": "True", "message": "Optimization terminated successfully.", "x": "[1.84317603 1.82278574 1.43269731 1.44861866 5.03891975 4.99296152]", "final_simplex": "(array([[1.84317603, 1.82278574, 1.43269731, 1.44861866, 5.03891975,\n        4.99296152],\n       [1.84317619, 1.82278403, 1.43269565, 1.44861996, 5.03892478,\n        4.99295519],\n       [1.84317152, 1.82278247, 1.43269582, 1.44862122, 5.03892253,\n        4.99295255],\n       [1.84317154, 1.82277849, 1.43269257, 1.44862208, 5.03891849,\n        4.99295828],\n       [1.84317563, 1.82278167, 1.43269933, 1.44862054, 5.03891795,\n        4.99295825],\n       [1.84317689, 1.82278759, 1.43269056, 1.44861515, 5.03892603,\n        4.99295354],\n       [1.84317289, 1.82278528, 1.43269646, 1.44861004, 5.03891764,\n        4.99296091]]), array([0.05619915, 0.05619915, 0.05619915, 0.05619915, 0.05619915,\n       0.05619915, 0.05619915]))"}, "11": {"maxiter": 1000, "fatol": 1e-10, "xatol": 1e-10, "duration": 0.10927581787109375, "fun": "0.056199154676427776", "nit": "364", "nfev": "650", "status": "0", "success": "True", "message": "Optimization terminated successfully.", "x": "[1.84317335 1.82278314 1.43269397 1.44861924 5.03892105 4.99295649]", "final_simplex": "(array([[1.84317335, 1.82278314, 1.43269397, 1.44861924, 5.03892105,\n        4.99295649],\n       [1.84317335, 1.82278314, 1.43269397, 1.44861924, 5.03892105,\n        4.99295649],\n       [1.84317335, 1.82278314, 1.43269397, 1.44861924, 5.03892105,\n        4.99295649],\n       [1.84317335, 1.82278314, 1.43269397, 1.44861924, 5.03892105,\n        4.99295649],\n       [1.84317335, 1.82278314, 1.43269397, 1.44861924, 5.03892105,\n        4.99295649],\n       [1.84317335, 1.82278314, 1.43269397, 1.44861924, 5.03892105,\n        4.99295649],\n       [1.84317335, 1.82278314, 1.43269397, 1.44861924, 5.03892105,\n        4.99295649]]), array([0.05619915, 0.05619915, 0.05619915, 0.05619915, 0.05619915,\n       0.05619915, 0.05619915]))"}}, "bfgs": {"type": "gradient", "0": {"maxiter": 100, "gtol": 1e-05, "xrtol": 1e-05, "eps": 1e-05, "duration": 0.019572973251342773, "fun": "0.056199154816303554", "jac": "[-4.22621937e-06  4.07995859e-07 -2.87569968e-07 -4.17299528e-07\n  1.39209755e-06  1.97164507e-07]", "hess_inv": "[[ 4.98995879  0.40465341 -0.49192452  1.94635006  1.08133058 -2.3424788 ]\n [ 0.40465341  1.17085205  0.39581212  0.80737255  0.66769579  0.47359975]\n [-0.49192452  0.39581212  3.40177931  1.78828805  0.88482148  2.4836522 ]\n [ 1.94635006  0.80737255  1.78828805  5.96285872  0.10849455  1.11742552]\n [ 1.08133058  0.66769579  0.88482148  0.10849455  3.53699563  0.6664704 ]\n [-2.3424788   0.47359975  2.4836522   1.11742552  0.6664704   5.22987717]]", "nfev": "112", "njev": "16", "status": "0", "success": "True", "message": "Optimization terminated successfully.", "x": "[-0.52692702  1.49238532  4.11517288  1.87268302  2.85920054  6.83072786]", "nit": "14"}, "1": {"maxiter": 100, "gtol": 1e-05, "xrtol": 1e-05, "eps": 1e-10, "duration": 0.01945185661315918, "fun": "0.05619915473117887", "jac": "[-4.44089173e-06  2.22044587e-06  1.11022293e-06 -3.33066880e-06\n  2.22044587e-06  0.00000000e+00]", "hess_inv": "[[ 4.970607    0.39619568 -0.50813679  1.93576545  1.06364649 -2.3574896 ]\n [ 0.39619568  1.16529449  0.37948582  0.79310583  0.65767344  0.45770456]\n [-0.50813679  0.37948582  3.35806915  1.77218039  0.85952479  2.44874678]\n [ 1.93576545  0.79310583  1.77218039  6.01616285  0.09017668  1.1229609 ]\n [ 1.06364649  0.65767344  0.85952479  0.09017668  3.51871505  0.64270387]\n [-2.3574896   0.45770456  2.44874678  1.1229609   0.64270387  5.20878143]]", "nfev": "112", "njev": "16", "status": "0", "success": "True", "message": "Optimization terminated successfully.", "x": "[-0.52691858  1.49242368  4.11516478  1.8727057   2.85921016  6.83074104]", "nit": "14"}, "2": {"maxiter": 100, "gtol": 1e-05, "xrtol": 1e-10, "eps": 1e-05, "duration": 0.019430160522460938, "fun": "0.056199154816303554", "jac": "[-4.22621937e-06  4.07995859e-07 -2.87569968e-07 -4.17299528e-07\n  1.39209755e-06  1.97164507e-07]", "hess_inv": "[[ 4.98995879  0.40465341 -0.49192452  1.94635006  1.08133058 -2.3424788 ]\n [ 0.40465341  1.17085205  0.39581212  0.80737255  0.66769579  0.47359975]\n [-0.49192452  0.39581212  3.40177931  1.78828805  0.88482148  2.4836522 ]\n [ 1.94635006  0.80737255  1.78828805  5.96285872  0.10849455  1.11742552]\n [ 1.08133058  0.66769579  0.88482148  0.10849455  3.53699563  0.6664704 ]\n [-2.3424788   0.47359975  2.4836522   1.11742552  0.6664704   5.22987717]]", "nfev": "112", "njev": "16", "status": "0", "success": "True", "message": "Optimization terminated successfully.", "x": "[-0.52692702  1.49238532  4.11517288  1.87268302  2.85920054  6.83072786]", "nit": "14"}, "3": {"maxiter": 100, "gtol": 1e-05, "xrtol": 1e-10, "eps": 1e-10, "duration": 0.01943802833557129, "fun": "0.05619915473117887", "jac": "[-4.44089173e-06  2.22044587e-06  1.11022293e-06 -3.33066880e-06\n  2.22044587e-06  0.00000000e+00]", "hess_inv": "[[ 4.970607    0.39619568 -0.50813679  1.93576545  1.06364649 -2.3574896 ]\n [ 0.39619568  1.16529449  0.37948582  0.79310583  0.65767344  0.45770456]\n [-0.50813679  0.37948582  3.35806915  1.77218039  0.85952479  2.44874678]\n [ 1.93576545  0.79310583  1.77218039  6.01616285  0.09017668  1.1229609 ]\n [ 1.06364649  0.65767344  0.85952479  0.09017668  3.51871505  0.64270387]\n [-2.3574896   0.45770456  2.44874678  1.1229609   0.64270387  5.20878143]]", "nfev": "112", "njev": "16", "status": "0", "success": "True", "message": "Optimization terminated successfully.", "x": "[-0.52691858  1.49242368  4.11516478  1.8727057   2.85921016  6.83074104]", "nit": "14"}, "4": {"maxiter": 100, "gtol": 1e-10, "xrtol": 1e-05, "eps": 1e-05, "duration": 0.020634174346923828, "fun": "0.05619915474487858", "jac": "[ 1.02535758e-06  4.04276612e-07  1.20803367e-07  1.01385567e-07\n -1.62936331e-07  2.88657986e-09]", "hess_inv": "[[ 4.97346303  0.43901244 -0.41891894  1.82622165  1.09690471 -2.33369186]\n [ 0.43901244  1.17389734  0.39603362  0.81875952  0.66777618  0.45542708]\n [-0.41891894  0.39603362  3.38949542  1.83248589  0.88226861  2.4450283 ]\n [ 1.82622165  0.81875952  1.83248589  5.85251674  0.11781713  1.18100036]\n [ 1.09690471  0.66777618  0.88226861  0.11781713  3.53646547  0.6582309 ]\n [-2.33369186  0.45542708  2.4450283   1.18100036  0.6582309   5.22519677]]", "nfev": "119", "njev": "17", "status": "0", "success": "True", "message": "Optimization terminated successfully.", "x": "[-0.52690661  1.49238614  4.11517098  1.87269297  2.85920015  6.83071706]", "nit": "15"}, "5": {"maxiter": 100, "gtol": 1e-10, "xrtol": 1e-05, "eps": 1e-10, "duration": 0.02183222770690918, "fun": "0.056199154684407615", "jac": "[ 0.00000000e+00  0.00000000e+00 -1.11022293e-06 -1.11022293e-06\n  0.00000000e+00 -3.33066880e-06]", "hess_inv": "[[ 4.94584684  0.43425848 -0.43406403  1.77170185  1.07901178 -2.36099044]\n [ 0.43425848  1.16838122  0.38129789  0.81771667  0.65087987  0.43894213]\n [-0.43406403  0.38129789  3.35371764  1.83557414  0.84515814  2.41387806]\n [ 1.77170185  0.81771667  1.83557414  5.76999039  0.12981658  1.18897208]\n [ 1.07901178  0.65087987  0.84515814  0.12981658  3.51377644  0.63828098]\n [-2.36099044  0.43894213  2.41387806  1.18897208  0.63828098  5.21774988]]", "nfev": "126", "njev": "18", "status": "0", "success": "True", "message": "Optimization terminated successfully.", "x": "[-0.52690635  1.49242377  4.11516368  1.87271693  2.85920773  6.83073537]", "nit": "15"}, "6": {"maxiter": 100, "gtol": 1e-10, "xrtol": 1e-10, "eps": 1e-05, "duration": 0.07150602340698242, "fun": "0.05619915474487858", "jac": "[ 1.02535758e-06  4.04276612e-07  1.20803367e-07  1.01385567e-07\n -1.62936331e-07  2.88657986e-09]", "hess_inv": "[[ 3.99927398  0.26804735 -0.44890449  1.27007267  0.92997309 -1.97531839]\n [ 0.26804735  1.16183077  0.40716173  0.73215342  0.66363568  0.53961826]\n [-0.44890449  0.40716173  3.40354973  1.82541477  0.90011674  2.47552122]\n [ 1.27007267  0.73215342  1.82541477  5.54176008  0.03793837  1.39864582]\n [ 0.92997309  0.66363568  0.90011674  0.03793837  3.5431391   0.74950929]\n [-1.97531839  0.53961826  2.47552122  1.39864582  0.74950929  5.11865257]]", "nfev": "417", "njev": "58", "status": "2", "success": "False", "message": "Desired error not necessarily achieved due to precision loss.", "x": "[-0.52690661  1.49238614  4.11517098  1.87269297  2.85920015  6.83071706]", "nit": "15"}, "7": {"maxiter": 100, "gtol": 1e-10, "xrtol": 1e-10, "eps": 1e-10, "duration": 0.034960031509399414, "fun": "0.056199154677526564", "jac": "[ 1.11022293e-06  2.22044587e-06  0.00000000e+00 -1.11022293e-06\n -1.11022293e-06  1.11022293e-06]", "hess_inv": "[[ 3.86617697  0.39302646  0.69731534  2.33405511  0.43661026  0.30103184]\n [ 0.39302646  1.0132147  -0.15922133 -0.11113806  0.5596019  -0.22222096]\n [ 0.69731534 -0.15922133  1.5629532   0.45407493 -0.21462401  0.03007061]\n [ 2.33405511 -0.11113806  0.45407493  4.43070941 -2.45647217  0.84097829]\n [ 0.43661026  0.5596019  -0.21462401 -2.45647217  4.39518154 -1.125289  ]\n [ 0.30103184 -0.22222096  0.03007061  0.84097829 -1.125289    1.63251097]]", "nfev": "203", "njev": "29", "status": "0", "success": "True", "message": "Optimization terminated successfully.", "x": "[-0.5269037   1.49242338  4.11516612  1.87272296  2.85920419  6.83074055]", "nit": "18"}, "8": {"maxiter": 500, "gtol": 1e-05, "xrtol": 1e-05, "eps": 1e-05, "duration": 0.019418001174926758, "fun": "0.056199154816303554", "jac": "[-4.22621937e-06  4.07995859e-07 -2.87569968e-07 -4.17299528e-07\n  1.39209755e-06  1.97164507e-07]", "hess_inv": "[[ 4.98995879  0.40465341 -0.49192452  1.94635006  1.08133058 -2.3424788 ]\n [ 0.40465341  1.17085205  0.39581212  0.80737255  0.66769579  0.47359975]\n [-0.49192452  0.39581212  3.40177931  1.78828805  0.88482148  2.4836522 ]\n [ 1.94635006  0.80737255  1.78828805  5.96285872  0.10849455  1.11742552]\n [ 1.08133058  0.66769579  0.88482148  0.10849455  3.53699563  0.6664704 ]\n [-2.3424788   0.47359975  2.4836522   1.11742552  0.6664704   5.22987717]]", "nfev": "112", "njev": "16", "status": "0", "success": "True", "message": "Optimization terminated successfully.", "x": "[-0.52692702  1.49238532  4.11517288  1.87268302  2.85920054  6.83072786]", "nit": "14"}, "9": {"maxiter": 500, "gtol": 1e-05, "xrtol": 1e-05, "eps": 1e-10, "duration": 0.01940321922302246, "fun": "0.05619915473117887", "jac": "[-4.44089173e-06  2.22044587e-06  1.11022293e-06 -3.33066880e-06\n  2.22044587e-06  0.00000000e+00]", "hess_inv": "[[ 4.970607    0.39619568 -0.50813679  1.93576545  1.06364649 -2.3574896 ]\n [ 0.39619568  1.16529449  0.37948582  0.79310583  0.65767344  0.45770456]\n [-0.50813679  0.37948582  3.35806915  1.77218039  0.85952479  2.44874678]\n [ 1.93576545  0.79310583  1.77218039  6.01616285  0.09017668  1.1229609 ]\n [ 1.06364649  0.65767344  0.85952479  0.09017668  3.51871505  0.64270387]\n [-2.3574896   0.45770456  2.44874678  1.1229609   0.64270387  5.20878143]]", "nfev": "112", "njev": "16", "status": "0", "success": "True", "message": "Optimization terminated successfully.", "x": "[-0.52691858  1.49242368  4.11516478  1.8727057   2.85921016  6.83074104]", "nit": "14"}, "10": {"maxiter": 500, "gtol": 1e-05, "xrtol": 1e-10, "eps": 1e-05, "duration": 0.019366025924682617, "fun": "0.056199154816303554", "jac": "[-4.22621937e-06  4.07995859e-07 -2.87569968e-07 -4.17299528e-07\n  1.39209755e-06  1.97164507e-07]", "hess_inv": "[[ 4.98995879  0.40465341 -0.49192452  1.94635006  1.08133058 -2.3424788 ]\n [ 0.40465341  1.17085205  0.39581212  0.80737255  0.66769579  0.47359975]\n [-0.49192452  0.39581212  3.40177931  1.78828805  0.88482148  2.4836522 ]\n [ 1.94635006  0.80737255  1.78828805  5.96285872  0.10849455  1.11742552]\n [ 1.08133058  0.66769579  0.88482148  0.10849455  3.53699563  0.6664704 ]\n [-2.3424788   0.47359975  2.4836522   1.11742552  0.6664704   5.22987717]]", "nfev": "112", "njev": "16", "status": "0", "success": "True", "message": "Optimization terminated successfully.", "x": "[-0.52692702  1.49238532  4.11517288  1.87268302  2.85920054  6.83072786]", "nit": "14"}, "11": {"maxiter": 500, "gtol": 1e-05, "xrtol": 1e-10, "eps": 1e-10, "duration": 0.01937413215637207, "fun": "0.05619915473117887", "jac": "[-4.44089173e-06  2.22044587e-06  1.11022293e-06 -3.33066880e-06\n  2.22044587e-06  0.00000000e+00]", "hess_inv": "[[ 4.970607    0.39619568 -0.50813679  1.93576545  1.06364649 -2.3574896 ]\n [ 0.39619568  1.16529449  0.37948582  0.79310583  0.65767344  0.45770456]\n [-0.50813679  0.37948582  3.35806915  1.77218039  0.85952479  2.44874678]\n [ 1.93576545  0.79310583  1.77218039  6.01616285  0.09017668  1.1229609 ]\n [ 1.06364649  0.65767344  0.85952479  0.09017668  3.51871505  0.64270387]\n [-2.3574896   0.45770456  2.44874678  1.1229609   0.64270387  5.20878143]]", "nfev": "112", "njev": "16", "status": "0", "success": "True", "message": "Optimization terminated successfully.", "x": "[-0.52691858  1.49242368  4.11516478  1.8727057   2.85921016  6.83074104]", "nit": "14"}, "12": {"maxiter": 500, "gtol": 1e-10, "xrtol": 1e-05, "eps": 1e-05, "duration": 0.020824909210205078, "fun": "0.05619915474487858", "jac": "[ 1.02535758e-06  4.04276612e-07  1.20803367e-07  1.01385567e-07\n -1.62936331e-07  2.88657986e-09]", "hess_inv": "[[ 4.97346303  0.43901244 -0.41891894  1.82622165  1.09690471 -2.33369186]\n [ 0.43901244  1.17389734  0.39603362  0.81875952  0.66777618  0.45542708]\n [-0.41891894  0.39603362  3.38949542  1.83248589  0.88226861  2.4450283 ]\n [ 1.82622165  0.81875952  1.83248589  5.85251674  0.11781713  1.18100036]\n [ 1.09690471  0.66777618  0.88226861  0.11781713  3.53646547  0.6582309 ]\n [-2.33369186  0.45542708  2.4450283   1.18100036  0.6582309   5.22519677]]", "nfev": "119", "njev": "17", "status": "0", "success": "True", "message": "Optimization terminated successfully.", "x": "[-0.52690661  1.49238614  4.11517098  1.87269297  2.85920015  6.83071706]", "nit": "15"}, "13": {"maxiter": 500, "gtol": 1e-10, "xrtol": 1e-05, "eps": 1e-10, "duration": 0.021915912628173828, "fun": "0.056199154684407615", "jac": "[ 0.00000000e+00  0.00000000e+00 -1.11022293e-06 -1.11022293e-06\n  0.00000000e+00 -3.33066880e-06]", "hess_inv": "[[ 4.94584684  0.43425848 -0.43406403  1.77170185  1.07901178 -2.36099044]\n [ 0.43425848  1.16838122  0.38129789  0.81771667  0.65087987  0.43894213]\n [-0.43406403  0.38129789  3.35371764  1.83557414  0.84515814  2.41387806]\n [ 1.77170185  0.81771667  1.83557414  5.76999039  0.12981658  1.18897208]\n [ 1.07901178  0.65087987  0.84515814  0.12981658  3.51377644  0.63828098]\n [-2.36099044  0.43894213  2.41387806  1.18897208  0.63828098  5.21774988]]", "nfev": "126", "njev": "18", "status": "0", "success": "True", "message": "Optimization terminated successfully.", "x": "[-0.52690635  1.49242377  4.11516368  1.87271693  2.85920773  6.83073537]", "nit": "15"}, "14": {"maxiter": 500, "gtol": 1e-10, "xrtol": 1e-10, "eps": 1e-05, "duration": 0.0713341236114502, "fun": "0.05619915474487858", "jac": "[ 1.02535758e-06  4.04276612e-07  1.20803367e-07  1.01385567e-07\n -1.62936331e-07  2.88657986e-09]", "hess_inv": "[[ 3.99927398  0.26804735 -0.44890449  1.27007267  0.92997309 -1.97531839]\n [ 0.26804735  1.16183077  0.40716173  0.73215342  0.66363568  0.53961826]\n [-0.44890449  0.40716173  3.40354973  1.82541477  0.90011674  2.47552122]\n [ 1.27007267  0.73215342  1.82541477  5.54176008  0.03793837  1.39864582]\n [ 0.92997309  0.66363568  0.90011674  0.03793837  3.5431391   0.74950929]\n [-1.97531839  0.53961826  2.47552122  1.39864582  0.74950929  5.11865257]]", "nfev": "417", "njev": "58", "status": "2", "success": "False", "message": "Desired error not necessarily achieved due to precision loss.", "x": "[-0.52690661  1.49238614  4.11517098  1.87269297  2.85920015  6.83071706]", "nit": "15"}, "15": {"maxiter": 500, "gtol": 1e-10, "xrtol": 1e-10, "eps": 1e-10, "duration": 0.03496193885803223, "fun": "0.056199154677526564", "jac": "[ 1.11022293e-06  2.22044587e-06  0.00000000e+00 -1.11022293e-06\n -1.11022293e-06  1.11022293e-06]", "hess_inv": "[[ 3.86617697  0.39302646  0.69731534  2.33405511  0.43661026  0.30103184]\n [ 0.39302646  1.0132147  -0.15922133 -0.11113806  0.5596019  -0.22222096]\n [ 0.69731534 -0.15922133  1.5629532   0.45407493 -0.21462401  0.03007061]\n [ 2.33405511 -0.11113806  0.45407493  4.43070941 -2.45647217  0.84097829]\n [ 0.43661026  0.5596019  -0.21462401 -2.45647217  4.39518154 -1.125289  ]\n [ 0.30103184 -0.22222096  0.03007061  0.84097829 -1.125289    1.63251097]]", "nfev": "203", "njev": "29", "status": "0", "success": "True", "message": "Optimization terminated successfully.", "x": "[-0.5269037   1.49242338  4.11516612  1.87272296  2.85920419  6.83074055]", "nit": "18"}, "16": {"maxiter": 1000, "gtol": 1e-05, "xrtol": 1e-05, "eps": 1e-05, "duration": 0.01940608024597168, "fun": "0.056199154816303554", "jac": "[-4.22621937e-06  4.07995859e-07 -2.87569968e-07 -4.17299528e-07\n  1.39209755e-06  1.97164507e-07]", "hess_inv": "[[ 4.98995879  0.40465341 -0.49192452  1.94635006  1.08133058 -2.3424788 ]\n [ 0.40465341  1.17085205  0.39581212  0.80737255  0.66769579  0.47359975]\n [-0.49192452  0.39581212  3.40177931  1.78828805  0.88482148  2.4836522 ]\n [ 1.94635006  0.80737255  1.78828805  5.96285872  0.10849455  1.11742552]\n [ 1.08133058  0.66769579  0.88482148  0.10849455  3.53699563  0.6664704 ]\n [-2.3424788   0.47359975  2.4836522   1.11742552  0.6664704   5.22987717]]", "nfev": "112", "njev": "16", "status": "0", "success": "True", "message": "Optimization terminated successfully.", "x": "[-0.52692702  1.49238532  4.11517288  1.87268302  2.85920054  6.83072786]", "nit": "14"}, "17": {"maxiter": 1000, "gtol": 1e-05, "xrtol": 1e-05, "eps": 1e-10, "duration": 0.01937103271484375, "fun": "0.05619915473117887", "jac": "[-4.44089173e-06  2.22044587e-06  1.11022293e-06 -3.33066880e-06\n  2.22044587e-06  0.00000000e+00]", "hess_inv": "[[ 4.970607    0.39619568 -0.50813679  1.93576545  1.06364649 -2.3574896 ]\n [ 0.39619568  1.16529449  0.37948582  0.79310583  0.65767344  0.45770456]\n [-0.50813679  0.37948582  3.35806915  1.77218039  0.85952479  2.44874678]\n [ 1.93576545  0.79310583  1.77218039  6.01616285  0.09017668  1.1229609 ]\n [ 1.06364649  0.65767344  0.85952479  0.09017668  3.51871505  0.64270387]\n [-2.3574896   0.45770456  2.44874678  1.1229609   0.64270387  5.20878143]]", "nfev": "112", "njev": "16", "status": "0", "success": "True", "message": "Optimization terminated successfully.", "x": "[-0.52691858  1.49242368  4.11516478  1.8727057   2.85921016  6.83074104]", "nit": "14"}, "18": {"maxiter": 1000, "gtol": 1e-05, "xrtol": 1e-10, "eps": 1e-05, "duration": 0.019349098205566406, "fun": "0.056199154816303554", "jac": "[-4.22621937e-06  4.07995859e-07 -2.87569968e-07 -4.17299528e-07\n  1.39209755e-06  1.97164507e-07]", "hess_inv": "[[ 4.98995879  0.40465341 -0.49192452  1.94635006  1.08133058 -2.3424788 ]\n [ 0.40465341  1.17085205  0.39581212  0.80737255  0.66769579  0.47359975]\n [-0.49192452  0.39581212  3.40177931  1.78828805  0.88482148  2.4836522 ]\n [ 1.94635006  0.80737255  1.78828805  5.96285872  0.10849455  1.11742552]\n [ 1.08133058  0.66769579  0.88482148  0.10849455  3.53699563  0.6664704 ]\n [-2.3424788   0.47359975  2.4836522   1.11742552  0.6664704   5.22987717]]", "nfev": "112", "njev": "16", "status": "0", "success": "True", "message": "Optimization terminated successfully.", "x": "[-0.52692702  1.49238532  4.11517288  1.87268302  2.85920054  6.83072786]", "nit": "14"}, "19": {"maxiter": 1000, "gtol": 1e-05, "xrtol": 1e-10, "eps": 1e-10, "duration": 0.019362926483154297, "fun": "0.05619915473117887", "jac": "[-4.44089173e-06  2.22044587e-06  1.11022293e-06 -3.33066880e-06\n  2.22044587e-06  0.00000000e+00]", "hess_inv": "[[ 4.970607    0.39619568 -0.50813679  1.93576545  1.06364649 -2.3574896 ]\n [ 0.39619568  1.16529449  0.37948582  0.79310583  0.65767344  0.45770456]\n [-0.50813679  0.37948582  3.35806915  1.77218039  0.85952479  2.44874678]\n [ 1.93576545  0.79310583  1.77218039  6.01616285  0.09017668  1.1229609 ]\n [ 1.06364649  0.65767344  0.85952479  0.09017668  3.51871505  0.64270387]\n [-2.3574896   0.45770456  2.44874678  1.1229609   0.64270387  5.20878143]]", "nfev": "112", "njev": "16", "status": "0", "success": "True", "message": "Optimization terminated successfully.", "x": "[-0.52691858  1.49242368  4.11516478  1.8727057   2.85921016  6.83074104]", "nit": "14"}, "20": {"maxiter": 1000, "gtol": 1e-10, "xrtol": 1e-05, "eps": 1e-05, "duration": 0.020394086837768555, "fun": "0.05619915474487858", "jac": "[ 1.02535758e-06  4.04276612e-07  1.20803367e-07  1.01385567e-07\n -1.62936331e-07  2.88657986e-09]", "hess_inv": "[[ 4.97346303  0.43901244 -0.41891894  1.82622165  1.09690471 -2.33369186]\n [ 0.43901244  1.17389734  0.39603362  0.81875952  0.66777618  0.45542708]\n [-0.41891894  0.39603362  3.38949542  1.83248589  0.88226861  2.4450283 ]\n [ 1.82622165  0.81875952  1.83248589  5.85251674  0.11781713  1.18100036]\n [ 1.09690471  0.66777618  0.88226861  0.11781713  3.53646547  0.6582309 ]\n [-2.33369186  0.45542708  2.4450283   1.18100036  0.6582309   5.22519677]]", "nfev": "119", "njev": "17", "status": "0", "success": "True", "message": "Optimization terminated successfully.", "x": "[-0.52690661  1.49238614  4.11517098  1.87269297  2.85920015  6.83071706]", "nit": "15"}, "21": {"maxiter": 1000, "gtol": 1e-10, "xrtol": 1e-05, "eps": 1e-10, "duration": 0.021624088287353516, "fun": "0.056199154684407615", "jac": "[ 0.00000000e+00  0.00000000e+00 -1.11022293e-06 -1.11022293e-06\n  0.00000000e+00 -3.33066880e-06]", "hess_inv": "[[ 4.94584684  0.43425848 -0.43406403  1.77170185  1.07901178 -2.36099044]\n [ 0.43425848  1.16838122  0.38129789  0.81771667  0.65087987  0.43894213]\n [-0.43406403  0.38129789  3.35371764  1.83557414  0.84515814  2.41387806]\n [ 1.77170185  0.81771667  1.83557414  5.76999039  0.12981658  1.18897208]\n [ 1.07901178  0.65087987  0.84515814  0.12981658  3.51377644  0.63828098]\n [-2.36099044  0.43894213  2.41387806  1.18897208  0.63828098  5.21774988]]", "nfev": "126", "njev": "18", "status": "0", "success": "True", "message": "Optimization terminated successfully.", "x": "[-0.52690635  1.49242377  4.11516368  1.87271693  2.85920773  6.83073537]", "nit": "15"}, "22": {"maxiter": 1000, "gtol": 1e-10, "xrtol": 1e-10, "eps": 1e-05, "duration": 0.07064509391784668, "fun": "0.05619915474487858", "jac": "[ 1.02535758e-06  4.04276612e-07  1.20803367e-07  1.01385567e-07\n -1.62936331e-07  2.88657986e-09]", "hess_inv": "[[ 3.99927398  0.26804735 -0.44890449  1.27007267  0.92997309 -1.97531839]\n [ 0.26804735  1.16183077  0.40716173  0.73215342  0.66363568  0.53961826]\n [-0.44890449  0.40716173  3.40354973  1.82541477  0.90011674  2.47552122]\n [ 1.27007267  0.73215342  1.82541477  5.54176008  0.03793837  1.39864582]\n [ 0.92997309  0.66363568  0.90011674  0.03793837  3.5431391   0.74950929]\n [-1.97531839  0.53961826  2.47552122  1.39864582  0.74950929  5.11865257]]", "nfev": "417", "njev": "58", "status": "2", "success": "False", "message": "Desired error not necessarily achieved due to precision loss.", "x": "[-0.52690661  1.49238614  4.11517098  1.87269297  2.85920015  6.83071706]", "nit": "15"}, "23": {"maxiter": 1000, "gtol": 1e-10, "xrtol": 1e-10, "eps": 1e-10, "duration": 0.03476572036743164, "fun": "0.056199154677526564", "jac": "[ 1.11022293e-06  2.22044587e-06  0.00000000e+00 -1.11022293e-06\n -1.11022293e-06  1.11022293e-06]", "hess_inv": "[[ 3.86617697  0.39302646  0.69731534  2.33405511  0.43661026  0.30103184]\n [ 0.39302646  1.0132147  -0.15922133 -0.11113806  0.5596019  -0.22222096]\n [ 0.69731534 -0.15922133  1.5629532   0.45407493 -0.21462401  0.03007061]\n [ 2.33405511 -0.11113806  0.45407493  4.43070941 -2.45647217  0.84097829]\n [ 0.43661026  0.5596019  -0.21462401 -2.45647217  4.39518154 -1.125289  ]\n [ 0.30103184 -0.22222096  0.03007061  0.84097829 -1.125289    1.63251097]]", "nfev": "203", "njev": "29", "status": "0", "success": "True", "message": "Optimization terminated successfully.", "x": "[-0.5269037   1.49242338  4.11516612  1.87272296  2.85920419  6.83074055]", "nit": "18"}}, "cobyla": {"0": {"maxiter": 100, "tol": 1e-05, "catol": 1e-05, "duration": 0.016455888748168945, "x": "[1.49271881 0.31238001 6.8169093  3.5142656  2.49263668 7.54552143]", "status": "2", "success": "False", "message": "Maximum number of function evaluations has been exceeded.", "nfev": "100", "fun": "0.0590649252208455", "maxcv": "0.0"}, "1": {"maxiter": 100, "tol": 1e-05, "catol": 1e-10, "duration": 0.01636195182800293, "x": "[1.49271881 0.31238001 6.8169093  3.5142656  2.49263668 7.54552143]", "status": "2", "success": "False", "message": "Maximum number of function evaluations has been exceeded.", "nfev": "100", "fun": "0.0590649252208455", "maxcv": "0.0"}, "2": {"maxiter": 100, "tol": 1e-10, "catol": 1e-05, "duration": 0.01638007164001465, "x": "[1.49271881 0.31238001 6.8169093  3.5142656  2.49263668 7.54552143]", "status": "2", "success": "False", "message": "Maximum number of function evaluations has been exceeded.", "nfev": "100", "fun": "0.0590649252208455", "maxcv": "0.0"}, "3": {"maxiter": 100, "tol": 1e-10, "catol": 1e-10, "duration": 0.016366004943847656, "x": "[1.49271881 0.31238001 6.8169093  3.5142656  2.49263668 7.54552143]", "status": "2", "success": "False", "message": "Maximum number of function evaluations has been exceeded.", "nfev": "100", "fun": "0.0590649252208455", "maxcv": "0.0"}, "4": {"maxiter": 500, "tol": 1e-05, "catol": 1e-05, "duration": 0.08169078826904297, "x": "[1.64663624 0.41076937 6.80497861 3.66382214 2.73067098 7.85473999]", "status": "2", "success": "False", "message": "Maximum number of function evaluations has been exceeded.", "nfev": "500", "fun": "0.05619915490747451", "maxcv": "0.0"}, "5": {"maxiter": 500, "tol": 1e-05, "catol": 1e-10, "duration": 0.08150792121887207, "x": "[1.64663624 0.41076937 6.80497861 3.66382214 2.73067098 7.85473999]", "status": "2", "success": "False", "message": "Maximum number of function evaluations has been exceeded.", "nfev": "500", "fun": "0.05619915490747451", "maxcv": "0.0"}, "6": {"maxiter": 500, "tol": 1e-10, "catol": 1e-05, "duration": 0.08149290084838867, "x": "[1.64663942 0.41076634 6.80497788 3.663819   2.73067628 7.85473997]", "status": "2", "success": "False", "message": "Maximum number of function evaluations has been exceeded.", "nfev": "500", "fun": "0.056199154909783555", "maxcv": "0.0"}, "7": {"maxiter": 500, "tol": 1e-10, "catol": 1e-10, "duration": 0.08201313018798828, "x": "[1.64663942 0.41076634 6.80497788 3.663819   2.73067628 7.85473997]", "status": "2", "success": "False", "message": "Maximum number of function evaluations has been exceeded.", "nfev": "500", "fun": "0.056199154909783555", "maxcv": "0.0"}, "8": {"maxiter": 1000, "tol": 1e-05, "catol": 1e-05, "duration": 0.0841970443725586, "x": "[1.6466573  0.41078002 6.80498053 3.66384051 2.73068398 7.85475457]", "status": "1", "success": "True", "message": "Optimization terminated successfully.", "nfev": "513", "fun": "0.056199154808376894", "maxcv": "0.0"}, "9": {"maxiter": 1000, "tol": 1e-05, "catol": 1e-10, "duration": 0.08409309387207031, "x": "[1.6466573  0.41078002 6.80498053 3.66384051 2.73068398 7.85475457]", "status": "1", "success": "True", "message": "Optimization terminated successfully.", "nfev": "513", "fun": "0.056199154808376894", "maxcv": "0.0"}, "10": {"maxiter": 1000, "tol": 1e-10, "catol": 1e-05, "duration": 0.1271517276763916, "x": "[1.64667597 0.41078418 6.