{"date": "2024/07/18/, 22:17:14", "conf_id": 86, "data_type": "orthogonal\n", "num_data_points": 1, "s_rank": 0, "unitary": "[[-0.56303964-0.00798273j,-0.21670212-0.15784972j,-0.06047197-0.73952673j,-0.01438004+0.24552571j],[-0.06976756+0.23474685j,-0.01275565-0.5435098j,-0.02703657-0.08917885j,-0.08210486-0.79311774j],[-0.38559961+0.10714929j,0.5933431-0.2687392j,-0.24060861+0.29149289j,-0.45147719+0.26241743j],[-0.50180421+0.45931857j,-0.11617175+0.44134496j,0.49642745+0.22684508j,-0.08544628-0.15407063j]]", "databatch_0": {"databatch": "[[[-0.06464831+0.16268366j,0.10255896-0.00597882j,0.11359991+0.27780012j,-0.08263944-0.17604336j],[-0.25055148+0.04803016j,0.24869795-0.00522654j,-0.11637183+0.30535734j,0.14103525-0.26040347j],[0.16969773-0.09163371j,0.01489764+0.35514129j,0.0831441-0.00583187j,-0.00498969+0.20488386j],[0.2094162+0.11157059j,-0.24604902+0.2980516j,0.12705751+0.13188894j,-0.20633991+0.12317365j]]]", "initial param values": "[2.54060274,5.89824261,1.32819772,2.0523234,1.45482212,4.15212226]", "nelder_mead": {"type": "gradient-free", "0": {"maxiter": 100, "fatol": 1e-05, "xatol": 1e-05, "duration": 0.025922060012817383, "fun": "0.28432582684584207", "nit": "100", "nfev": "153", "status": "2", "success": "False", "message": "Maximum number of iterations has been exceeded.", "x": "[0.29967509 5.10782586 1.69299822 1.93871084 0.81594448 5.22613653]", "final_simplex": "(array([[0.29967509, 5.10782586, 1.69299822, 1.93871084, 0.81594448,\n        5.22613653],\n       [0.40873996, 5.22171382, 1.63780375, 1.96113845, 0.9214421 ,\n        5.17557582],\n       [0.36867557, 5.25615277, 1.63589048, 2.00361165, 0.92725692,\n        5.21453361],\n       [0.4385518 , 5.24957178, 1.62951893, 1.98395277, 0.93603246,\n        5.31094993],\n       [0.41880074, 5.2103872 , 1.63753174, 2.01125609, 0.90041241,\n        5.28463422],\n       [0.40056757, 5.26078084, 1.59060863, 1.96768682, 1.02832398,\n        5.31539692],\n       [0.36918328, 5.31020067, 1.59726586, 2.01192342, 0.9731364 ,\n        5.271614  ]]), array([0.28432583, 0.28601185, 0.28838904, 0.28892553, 0.28997467,\n       0.29062221, 0.29080315]))"}, "1": {"maxiter": 100, "fatol": 1e-05, "xatol": 1e-10, "duration": 0.026317119598388672, "fun": "0.28432582684584207", "nit": "100", "nfev": "153", "status": "2", "success": "False", "message": "Maximum number of iterations has been exceeded.", "x": "[0.29967509 5.10782586 1.69299822 1.93871084 0.81594448 5.22613653]", "final_simplex": "(array([[0.29967509, 5.10782586, 1.69299822, 1.93871084, 0.81594448,\n        5.22613653],\n       [0.40873996, 5.22171382, 1.63780375, 1.96113845, 0.9214421 ,\n        5.17557582],\n       [0.36867557, 5.25615277, 1.63589048, 2.00361165, 0.92725692,\n        5.21453361],\n       [0.4385518 , 5.24957178, 1.62951893, 1.98395277, 0.93603246,\n        5.31094993],\n       [0.41880074, 5.2103872 , 1.63753174, 2.01125609, 0.90041241,\n        5.28463422],\n       [0.40056757, 5.26078084, 1.59060863, 1.96768682, 1.02832398,\n        5.31539692],\n       [0.36918328, 5.31020067, 1.59726586, 2.01192342, 0.9731364 ,\n        5.271614  ]]), array([0.28432583, 0.28601185, 0.28838904, 0.28892553, 0.28997467,\n       0.29062221, 0.29080315]))"}, "2": {"maxiter": 100, "fatol": 1e-10, "xatol": 1e-05, "duration": 0.02582073211669922, "fun": "0.28432582684584207", "nit": "100", "nfev": "153", "status": "2", "success": "False", "message": "Maximum number of iterations has been exceeded.", "x": "[0.29967509 5.10782586 1.69299822 1.93871084 0.81594448 5.22613653]", "final_simplex": "(array([[0.29967509, 5.10782586, 1.69299822, 1.93871084, 0.81594448,\n        5.22613653],\n       [0.40873996, 5.22171382, 1.63780375, 1.96113845, 0.9214421 ,\n        5.17557582],\n       [0.36867557, 5.25615277, 1.63589048, 2.00361165, 0.92725692,\n        5.21453361],\n       [0.4385518 , 5.24957178, 1.62951893, 1.98395277, 0.93603246,\n        5.31094993],\n       [0.41880074, 5.2103872 , 1.63753174, 2.01125609, 0.90041241,\n        5.28463422],\n       [0.40056757, 5.26078084, 1.59060863, 1.96768682, 1.02832398,\n        5.31539692],\n       [0.36918328, 5.31020067, 1.59726586, 2.01192342, 0.9731364 ,\n        5.271614  ]]), array([0.28432583, 0.28601185, 0.28838904, 0.28892553, 0.28997467,\n       0.29062221, 0.29080315]))"}, "3": {"maxiter": 100, "fatol": 1e-10, "xatol": 1e-10, "duration": 0.025845766067504883, "fun": "0.28432582684584207", "nit": "100", "nfev": "153", "status": "2", "success": "False", "message": "Maximum number of iterations has been exceeded.", "x": "[0.29967509 5.10782586 1.69299822 1.93871084 0.81594448 5.22613653]", "final_simplex": "(array([[0.29967509, 5.10782586, 1.69299822, 1.93871084, 0.81594448,\n        5.22613653],\n       [0.40873996, 5.22171382, 1.63780375, 1.96113845, 0.9214421 ,\n        5.17557582],\n       [0.36867557, 5.25615277, 1.63589048, 2.00361165, 0.92725692,\n        5.21453361],\n       [0.4385518 , 5.24957178, 1.62951893, 1.98395277, 0.93603246,\n        5.31094993],\n       [0.41880074, 5.2103872 , 1.63753174, 2.01125609, 0.90041241,\n        5.28463422],\n       [0.40056757, 5.26078084, 1.59060863, 1.96768682, 1.02832398,\n        5.31539692],\n       [0.36918328, 5.31020067, 1.59726586, 2.01192342, 0.9731364 ,\n        5.271614  ]]), array([0.28432583, 0.28601185, 0.28838904, 0.28892553, 0.28997467,\n       0.29062221, 0.29080315]))"}, "4": {"maxiter": 500, "fatol": 1e-05, "xatol": 1e-05, "duration": 0.12863516807556152, "fun": "0.1778748573047677", "nit": "500", "nfev": "765", "status": "2", "success": "False", "message": "Maximum number of iterations has been exceeded.", "x": "[ 0.34296798  5.57847226  1.29747915  0.84043186 -1.05068859  5.12267838]", "final_simplex": "(array([[ 0.34296798,  5.57847226,  1.29747915,  0.84043186, -1.05068859,\n         5.12267838],\n       [ 0.34382944,  5.57973844,  1.29689425,  0.84251307, -1.04938992,\n         5.12128293],\n       [ 0.34402868,  5.57570289,  1.29998055,  0.84211712, -1.04829988,\n         5.12119176],\n       [ 0.34397139,  5.57732986,  1.2998266 ,  0.8413898 , -1.04981756,\n         5.1215377 ],\n       [ 0.3431545 ,  5.57825206,  1.29893726,  0.84236765, -1.04903522,\n         5.12206786],\n       [ 0.34230695,  5.5773784 ,  1.29902554,  0.84235112, -1.0478687 ,\n         5.12009907],\n       [ 0.34449674,  5.57635723,  1.29920076,  0.84132521, -1.05368349,\n         5.12345967]]), array([0.17787486, 0.17787578, 0.1778758 , 0.17787592, 0.17787606,\n       0.17787623, 0.17787639]))"}, "5": {"maxiter": 500, "fatol": 1e-05, "xatol": 1e-10, "duration": 0.12843012809753418, "fun": "0.1778748573047677", "nit": "500", "nfev": "765", "status": "2", "success": "False", "message": "Maximum number of iterations has been exceeded.", "x": "[ 0.34296798  5.57847226  1.29747915  0.84043186 -1.05068859  5.12267838]", "final_simplex": "(array([[ 0.34296798,  5.57847226,  1.29747915,  0.84043186, -1.05068859,\n         5.12267838],\n       [ 0.34382944,  5.57973844,  1.29689425,  0.84251307, -1.04938992,\n         5.12128293],\n       [ 0.34402868,  5.57570289,  1.29998055,  0.84211712, -1.04829988,\n         5.12119176],\n       [ 0.34397139,  5.57732986,  1.2998266 ,  0.8413898 , -1.04981756,\n         5.1215377 ],\n       [ 0.3431545 ,  5.57825206,  1.29893726,  0.84236765, -1.04903522,\n         5.12206786],\n       [ 0.34230695,  5.5773784 ,  1.29902554,  0.84235112, -1.0478687 ,\n         5.12009907],\n       [ 0.34449674,  5.57635723,  1.29920076,  0.84132521, -1.05368349,\n         5.12345967]]), array([0.17787486, 0.17787578, 0.1778758 , 0.17787592, 0.17787606,\n       0.17787623, 0.17787639]))"}, "6": {"maxiter": 500, "fatol": 1e-10, "xatol": 1e-05, "duration": 0.12831711769104004, "fun": "0.1778748573047677", "nit": "500", "nfev": "765", "status": "2", "success": "False", "message": "Maximum number of iterations has been exceeded.", "x": "[ 0.34296798  5.57847226  1.29747915  0.84043186 -1.05068859  5.12267838]", "final_simplex": "(array([[ 0.34296798,  5.57847226,  1.29747915,  0.84043186, -1.05068859,\n         5.12267838],\n       [ 0.34382944,  5.57973844,  1.29689425,  0.84251307, -1.04938992,\n         5.12128293],\n       [ 0.34402868,  5.57570289,  1.29998055,  0.84211712, -1.04829988,\n         5.12119176],\n       [ 0.34397139,  5.57732986,  1.2998266 ,  0.8413898 , -1.04981756,\n         5.1215377 ],\n       [ 0.3431545 ,  5.57825206,  1.29893726,  0.84236765, -1.04903522,\n         5.12206786],\n       [ 0.34230695,  5.5773784 ,  1.29902554,  0.84235112, -1.0478687 ,\n         5.12009907],\n       [ 0.34449674,  5.57635723,  1.29920076,  0.84132521, -1.05368349,\n         5.12345967]]), array([0.17787486, 0.17787578, 0.1778758 , 0.17787592, 0.17787606,\n       0.17787623, 0.17787639]))"}, "7": {"maxiter": 500, "fatol": 1e-10, "xatol": 1e-10, "duration": 0.12833714485168457, "fun": "0.1778748573047677", "nit": "500", "nfev": "765", "status": "2", "success": "False", "message": "Maximum number of iterations has been exceeded.", "x": "[ 0.34296798  5.57847226  1.29747915  0.84043186 -1.05068859  5.12267838]", "final_simplex": "(array([[ 0.34296798,  5.57847226,  1.29747915,  0.84043186, -1.05068859,\n         5.12267838],\n       [ 0.34382944,  5.57973844,  1.29689425,  0.84251307, -1.04938992,\n         5.12128293],\n       [ 0.34402868,  5.57570289,  1.29998055,  0.84211712, -1.04829988,\n         5.12119176],\n       [ 0.34397139,  5.57732986,  1.2998266 ,  0.8413898 , -1.04981756,\n         5.1215377 ],\n       [ 0.3431545 ,  5.57825206,  1.29893726,  0.84236765, -1.04903522,\n         5.12206786],\n       [ 0.34230695,  5.5773784 ,  1.29902554,  0.84235112, -1.0478687 ,\n         5.12009907],\n       [ 0.34449674,  5.57635723,  1.29920076,  0.84132521, -1.05368349,\n         5.12345967]]), array([0.17787486, 0.17787578, 0.1778758 , 0.17787592, 0.17787606,\n       0.17787623, 0.17787639]))"}, "8": {"maxiter": 1000, "fatol": 1e-05, "xatol": 1e-05, "duration": 0.1560971736907959, "fun": "0.17787438570909453", "nit": "601", "nfev": "932", "status": "0", "success": "True", "message": "Optimization terminated successfully.", "x": "[ 0.34222194  5.58168295  1.29435076  0.8405995  -1.04769762  5.12178676]", "final_simplex": "(array([[ 0.34222194,  5.58168295,  1.29435076,  0.8405995 , -1.04769762,\n         5.12178676],\n       [ 0.34222258,  5.58168342,  1.29434861,  0.84059934, -1.04770432,\n         5.1217895 ],\n       [ 0.34222084,  5.58167934,  1.29435133,  0.84060149, -1.04769139,\n         5.12178431],\n       [ 0.34222056,  5.58168516,  1.29434626,  0.84060449, -1.04768933,\n         5.12178162],\n       [ 0.34221952,  5.5816838 ,  1.29434859,  0.84060071, -1.04769678,\n         5.12178581],\n       [ 0.34221568,  5.58168418,  1.29434994,  0.84060046, -1.04769612,\n         5.12179044],\n       [ 0.34222077,  5.58169063,  1.29434317,  0.84059767, -1.04769885,\n         5.12178995]]), array([0.17787439, 0.17787439, 0.17787439, 0.17787439, 0.17787439,\n       0.17787439, 0.17787439]))"}, "9": {"maxiter": 1000, "fatol": 1e-05, "xatol": 1e-10, "duration": 0.19943809509277344, "fun": "0.17787438570469338", "nit": "727", "nfev": "1195", "status": "0", "success": "True", "message": "Optimization terminated successfully.", "x": "[ 0.34222329  5.5816855   1.29434714  0.84060416 -1.0476973   5.12178923]", "final_simplex": "(array([[ 0.34222329,  5.5816855 ,  1.29434714,  0.84060416, -1.0476973 ,\n         5.12178923],\n       [ 0.34222329,  5.5816855 ,  1.29434714,  0.84060416, -1.0476973 ,\n         5.12178923],\n       [ 0.34222329,  5.5816855 ,  1.29434714,  0.84060416, -1.0476973 ,\n         5.12178923],\n       [ 0.34222329,  5.5816855 ,  1.29434714,  0.84060416, -1.0476973 ,\n         5.12178923],\n       [ 0.34222329,  5.5816855 ,  1.29434714,  0.84060416, -1.0476973 ,\n         5.12178923],\n       [ 0.34222329,  5.5816855 ,  1.29434714,  0.84060416, -1.0476973 ,\n         5.12178923],\n       [ 0.34222329,  5.5816855 ,  1.29434714,  0.84060416, -1.0476973 ,\n         5.12178923]]), array([0.17787439, 0.17787439, 0.17787439, 0.17787439, 0.17787439,\n       0.17787439, 0.17787439]))"}, "10": {"maxiter": 1000, "fatol": 1e-10, "xatol": 1e-05, "duration": 0.1539781093597412, "fun": "0.17787438570909453", "nit": "601", "nfev": "932", "status": "0", "success": "True", "message": "Optimization terminated successfully.", "x": "[ 0.34222194  5.58168295  1.29435076  0.8405995  -1.04769762  5.12178676]", "final_simplex": "(array([[ 0.34222194,  5.58168295,  1.29435076,  0.8405995 , -1.04769762,\n         5.12178676],\n       [ 0.34222258,  5.58168342,  1.29434861,  0.84059934, -1.04770432,\n         5.1217895 ],\n       [ 0.34222084,  5.58167934,  1.29435133,  0.84060149, -1.04769139,\n         5.12178431],\n       [ 0.34222056,  5.58168516,  1.29434626,  0.84060449, -1.04768933,\n         5.12178162],\n       [ 0.34221952,  5.5816838 ,  1.29434859,  0.84060071, -1.04769678,\n         5.12178581],\n       [ 0.34221568,  5.58168418,  1.29434994,  0.84060046, -1.04769612,\n         5.12179044],\n       [ 0.34222077,  5.58169063,  1.29434317,  0.84059767, -1.04769885,\n         5.12178995]]), array([0.17787439, 0.17787439, 0.17787439, 0.17787439, 0.17787439,\n       0.17787439, 0.17787439]))"}, "11": {"maxiter": 1000, "fatol": 1e-10, "xatol": 1e-10, "duration": 0.19680404663085938, "fun": "0.17787438570469338", "nit": "727", "nfev": "1195", "status": "0", "success": "True", "message": "Optimization terminated successfully.", "x": "[ 0.34222329  5.5816855   1.29434714  0.84060416 -1.0476973   5.12178923]", "final_simplex": "(array([[ 0.34222329,  5.5816855 ,  1.29434714,  0.84060416, -1.0476973 ,\n         5.12178923],\n       [ 0.34222329,  5.5816855 ,  1.29434714,  0.84060416, -1.0476973 ,\n         5.12178923],\n       [ 0.34222329,  5.5816855 ,  1.29434714,  0.84060416, -1.0476973 ,\n         5.12178923],\n       [ 0.34222329,  5.5816855 ,  1.29434714,  0.84060416, -1.0476973 ,\n         5.12178923],\n       [ 0.34222329,  5.5816855 ,  1.29434714,  0.84060416, -1.0476973 ,\n         5.12178923],\n       [ 0.34222329,  5.5816855 ,  1.29434714,  0.84060416, -1.0476973 ,\n         5.12178923],\n       [ 0.34222329,  5.5816855 ,  1.29434714,  0.84060416, -1.0476973 ,\n         5.12178923]]), array([0.17787439, 0.17787439, 0.17787439, 0.17787439, 0.17787439,\n       0.17787439, 0.17787439]))"}}, "bfgs": {"type": "gradient", "0": {"maxiter": 100, "gtol": 1e-05, "xrtol": 1e-05, "eps": 1e-05, "duration": 0.03541302680969238, "fun": "0.17787438596439187", "jac": "[-4.40283365e-06  3.54526408e-06  2.05955253e-06  2.72813994e-06\n  1.21469501e-06 -3.15826254e-06]", "hess_inv": "[[  4.53148932   1.08581427  -1.47891241   1.82515971  -0.65377707\n   -1.24857358]\n [  1.08581427  20.24374118 -18.93339548   0.48431802  -2.75318822\n    1.60137573]\n [ -1.47891241 -18.93339548  20.3074047   -1.52928385   2.00758037\n   -0.92419973]\n [  1.82515971   0.48431802  -1.52928385   4.27437739   3.45903709\n   -2.12701507]\n [ -0.65377707  -2.75318822   2.00758037   3.45903709  19.04296131\n   -9.32239214]\n [ -1.24857358   1.60137573  -0.92419973  -2.12701507  -9.32239214\n    7.66436082]]", "nfev": "210", "njev": "30", "status": "0", "success": "True", "message": "Optimization terminated successfully.", "x": "[0.34219191 5.58171054 1.29432349 0.84061522 5.23558051 5.12174054]", "nit": "25"}, "1": {"maxiter": 100, "gtol": 1e-05, "xrtol": 1e-05, "eps": 1e-10, "duration": 0.03536105155944824, "fun": "0.17787438618123663", "jac": "[-4.44089173e-06  2.22044587e-06  2.22044587e-06  3.33066880e-06\n  1.11022293e-06 -6.66133760e-06]", "hess_inv": "[[  4.5103546    1.28673749  -1.65326999   1.83466309  -0.72658154\n   -1.2102618 ]\n [  1.28673749  19.69845483 -18.36814111   0.42737828  -2.91755234\n    1.69794166]\n [ -1.65326999 -18.36814111  19.73522631  -1.48248796   2.03969085\n   -0.98140894]\n [  1.83466309   0.42737828  -1.48248796   4.27514527   3.5312546\n   -2.14495851]\n [ -0.72658154  -2.91755234   2.03969085   3.5312546   20.06127951\n   -9.68782585]\n [ -1.2102618    1.69794166  -0.98140894  -2.14495851  -9.68782585\n    7.77390173]]", "nfev": "210", "njev": "30", "status": "0", "success": "True", "message": "Optimization terminated successfully.", "x": "[0.34218712 5.58173758 1.2943014  0.84062771 5.23562059 5.12172961]", "nit": "25"}, "2": {"maxiter": 100, "gtol": 1e-05, "xrtol": 1e-10, "eps": 1e-05, "duration": 0.0354158878326416, "fun": "0.17787438596439187", "jac": "[-4.40283365e-06  3.54526408e-06  2.05955253e-06  2.72813994e-06\n  1.21469501e-06 -3.15826254e-06]", "hess_inv": "[[  4.53148932   1.08581427  -1.47891241   1.82515971  -0.65377707\n   -1.24857358]\n [  1.08581427  20.24374118 -18.93339548   0.48431802  -2.75318822\n    1.60137573]\n [ -1.47891241 -18.93339548  20.3074047   -1.52928385   2.00758037\n   -0.92419973]\n [  1.82515971   0.48431802  -1.52928385   4.27437739   3.45903709\n   -2.12701507]\n [ -0.65377707  -2.75318822   2.00758037   3.45903709  19.04296131\n   -9.32239214]\n [ -1.24857358   1.60137573  -0.92419973  -2.12701507  -9.32239214\n    7.66436082]]", "nfev": "210", "njev": "30", "status": "0", "success": "True", "message": "Optimization terminated successfully.", "x": "[0.34219191 5.58171054 1.29432349 0.84061522 5.23558051 5.12174054]", "nit": "25"}, "3": {"maxiter": 100, "gtol": 1e-05, "xrtol": 1e-10, "eps": 1e-10, "duration": 0.035327911376953125, "fun": "0.17787438618123663", "jac": "[-4.44089173e-06  2.22044587e-06  2.22044587e-06  3.33066880e-06\n  1.11022293e-06 -6.66133760e-06]", "hess_inv": "[[  4.5103546    1.28673749  -1.65326999   1.83466309  -0.72658154\n   -1.2102618 ]\n [  1.28673749  19.69845483 -18.36814111   0.42737828  -2.91755234\n    1.69794166]\n [ -1.65326999 -18.36814111  19.73522631  -1.48248796   2.03969085\n   -0.98140894]\n [  1.83466309   0.42737828  -1.48248796   4.27514527   3.5312546\n   -2.14495851]\n [ -0.72658154  -2.91755234   2.03969085   3.5312546   20.06127951\n   -9.68782585]\n [ -1.2102618    1.69794166  -0.98140894  -2.14495851  -9.68782585\n    7.77390173]]", "nfev": "210", "njev": "30", "status": "0", "success": "True", "message": "Optimization terminated successfully.", "x": "[0.34218712 5.58173758 1.2943014  0.84062771 5.23562059 5.12172961]", "nit": "25"}, "4": {"maxiter": 100, "gtol": 1e-10, "xrtol": 1e-05, "eps": 1e-05, "duration": 0.03766298294067383, "fun": "0.17787438572322545", "jac": "[ 9.62563362e-08 -6.35491659e-08 -1.07402975e-07 -2.60680366e-08\n  7.03437308e-08  8.58868532e-08]", "hess_inv": "[[  4.9600784    0.1327417   -0.55000217   1.09648237  -3.74203588\n    0.30628716]\n [  0.1327417   20.6384442  -19.20559217   0.63121815  -1.14210949\n    1.09743704]\n [ -0.55000217 -19.20559217  20.43551594  -1.55607551   0.85315815\n   -0.63971237]\n [  1.09648237   0.63121815  -1.55607551   4.23403413   4.14558715\n   -2.233013  ]\n [ -3.74203588  -1.14210949   0.85315815   4.14558715  25.01217447\n  -11.47349796]\n [  0.30628716   1.09743704  -0.63971237  -2.233013   -11.47349796\n    8.23703838]]", "nfev": "224", "njev": "32", "status": "0", "success": "True", "message": "Optimization terminated successfully.", "x": "[0.34221693 5.58168064 1.29434826 0.84059737 5.2354884  5.12178536]", "nit": "27"}, "5": {"maxiter": 100, "gtol": 1e-10, "xrtol": 1e-05, "eps": 1e-10, "duration": 0.03779315948486328, "fun": "0.17787438578996428", "jac": "[ 0.00000000e+00  1.11022293e-06 -2.22044587e-06  1.11022293e-06\n  3.33066880e-06  2.22044587e-06]", "hess_inv": "[[  5.66240308   1.25083239  -1.88506352   1.18828436  -5.26198266\n    1.0847391 ]\n [  1.25083239  18.95956788 -17.72060785   0.93145868  -1.06216181\n    0.30585876]\n [ -1.88506352 -17.72060785  19.21130585  -1.67268687   1.92017205\n   -0.56045054]\n [  1.18828436   0.93145868  -1.67268687   3.73397242   2.26488573\n   -1.01882705]\n [ -5.26198266  -1.06216181   1.92017205   2.26488573  21.62532694\n   -8.56416185]\n [  1.0847391    0.30585876  -0.56045054  -1.01882705  -8.56416185\n    5.89787609]]", "nfev": "224", "njev": "32", "status": "0", "success": "True", "message": "Optimization terminated successfully.", "x": "[0.34222278 5.58174049 1.29428942 0.8406129  5.23550672 5.12178718]", "nit": "27"}, "6": {"maxiter": 100, "gtol": 1e-10, "xrtol": 1e-10, "eps": 1e-05, "duration": 0.06868696212768555, "fun": "0.17787438572322545", "jac": "[ 9.62563362e-08 -6.35491659e-08 -1.07402975e-07 -2.60680366e-08\n  7.03437308e-08  8.58868532e-08]", "hess_inv": "[[ 4.85371896e+00  5.35728264e-02 -5.21107609e-01  1.18890230e+00\n  -3.25157360e+00  1.57521399e-01]\n [ 5.35728264e-02  2.08782046e+01 -1.96644946e+01  9.37585801e-01\n   1.32720103e-02  7.86036368e-01]\n [-5.21107609e-01 -1.96644946e+01  2.12003534e+01 -1.96329604e+00\n  -5.51204208e-01 -2.76547099e-01]\n [ 1.18890230e+00  9.37585801e-01 -1.96329604e+00  4.34269106e+00\n   4.34800478e+00 -2.26335249e+00]\n [-3.25157360e+00  1.32720103e-02 -5.51204208e-01  4.34800478e+00\n   2.48415439e+01 -1.13184290e+01]\n [ 1.57521399e-01  7.86036368e-01 -2.76547099e-01 -2.26335249e+00\n  -1.13184290e+01  8.16377083e+00]]", "nfev": "411", "njev": "57", "status": "2", "success": "False", "message": "Desired error not necessarily achieved due to precision loss.", "x": "[0.34221693 5.58168064 1.29434826 0.84059737 5.2354884  5.12178536]", "nit": "27"}, "7": {"maxiter": 100, "gtol": 1e-10, "xrtol": 1e-10, "eps": 1e-10, "duration": 0.07135200500488281, "fun": "0.17787438573191738", "jac": "[ 0.00000000e+00 -2.22044587e-06 -3.33066880e-06 -1.11022293e-06\n -1.11022293e-06 -2.22044587e-06]", "hess_inv": "[[  0.67781609   2.548642    -1.12372932   0.51682406   0.89697786\n   -1.32744836]\n [  2.548642    36.66441916 -14.76896822  10.51398457  14.76361675\n  -18.42408586]\n [ -1.12372932 -14.76896822   6.16879837  -4.2600062   -5.93075535\n    7.30750559]\n [  0.51682406  10.51398457  -4.2600062    3.23143813   4.24087461\n   -5.1674758 ]\n [  0.89697786  14.76361675  -5.93075535   4.24087461   6.14685245\n   -7.48206502]\n [ -1.32744836 -18.42408586   7.30750559  -5.1674758   -7.48206502\n    9.43570155]]", "nfev": "427", "njev": "61", "status": "0", "success": "True", "message": "Optimization terminated successfully.", "x": "[0.34221703 5.58170109 1.29432542 0.84060935 5.23551006 5.12177818]", "nit": "36"}, "8": {"maxiter": 500, "gtol": 1e-05, "xrtol": 1e-05, "eps": 1e-05, "duration": 0.035691022872924805, "fun": "0.17787438596439187", "jac": "[-4.40283365e-06  3.54526408e-06  2.05955253e-06  2.72813994e-06\n  1.21469501e-06 -3.15826254e-06]", "hess_inv": "[[  4.53148932   1.08581427  -1.47891241   1.82515971  -0.65377707\n   -1.24857358]\n [  1.08581427  20.24374118 -18.93339548   0.48431802  -2.75318822\n    1.60137573]\n [ -1.47891241 -18.93339548  20.3074047   -1.52928385   2.00758037\n   -0.92419973]\n [  1.82515971   0.48431802  -1.52928385   4.27437739   3.45903709\n   -2.12701507]\n [ -0.65377707  -2.75318822   2.00758037   3.45903709  19.04296131\n   -9.32239214]\n [ -1.24857358   1.60137573  -0.92419973  -2.12701507  -9.32239214\n    7.66436082]]", "nfev": "210", "njev": "30", "status": "0", "success": "True", "message": "Optimization terminated successfully.", "x": "[0.34219191 5.58171054 1.29432349 0.84061522 5.23558051 5.12174054]", "nit": "25"}, "9": {"maxiter": 500, "gtol": 1e-05, "xrtol": 1e-05, "eps": 1e-10, "duration": 0.035572052001953125, "fun": "0.17787438618123663", "jac": "[-4.44089173e-06  2.22044587e-06  2.22044587e-06  3.33066880e-06\n  1.11022293e-06 -6.66133760e-06]", "hess_inv": "[[  4.5103546    1.28673749  -1.65326999   1.83466309  -0.72658154\n   -1.2102618 ]\n [  1.28673749  19.69845483 -18.36814111   0.42737828  -2.91755234\n    1.69794166]\n [ -1.65326999 -18.36814111  19.73522631  -1.48248796   2.03969085\n   -0.98140894]\n [  1.83466309   0.42737828  -1.48248796   4.27514527   3.5312546\n   -2.14495851]\n [ -0.72658154  -2.91755234   2.03969085   3.5312546   20.06127951\n   -9.68782585]\n [ -1.2102618    1.69794166  -0.98140894  -2.14495851  -9.68782585\n    7.77390173]]", "nfev": "210", "njev": "30", "status": "0", "success": "True", "message": "Optimization terminated successfully.", "x": "[0.34218712 5.58173758 1.2943014  0.84062771 5.23562059 5.12172961]", "nit": "25"}, "10": {"maxiter": 500, "gtol": 1e-05, "xrtol": 1e-10, "eps": 1e-05, "duration": 0.035501956939697266, "fun": "0.17787438596439187", "jac": "[-4.40283365e-06  3.54526408e-06  2.05955253e-06  2.72813994e-06\n  1.21469501e-06 -3.15826254e-06]", "hess_inv": "[[  4.53148932   1.08581427  -1.47891241   1.82515971  -0.65377707\n   -1.24857358]\n [  1.08581427  20.24374118 -18.93339548   0.48431802  -2.75318822\n    1.60137573]\n [ -1.47891241 -18.93339548  20.3074047   -1.52928385   2.00758037\n   -0.92419973]\n [  1.82515971   0.48431802  -1.52928385   4.27437739   3.45903709\n   -2.12701507]\n [ -0.65377707  -2.75318822   2.00758037   3.45903709  19.04296131\n   -9.32239214]\n [ -1.24857358   1.60137573  -0.92419973  -2.12701507  -9.32239214\n    7.66436082]]", "nfev": "210", "njev": "30", "status": "0", "success": "True", "message": "Optimization terminated successfully.", "x": "[0.34219191 5.58171054 1.29432349 0.84061522 5.23558051 5.12174054]", "nit": "25"}, "11": {"maxiter": 500, "gtol": 1e-05, "xrtol": 1e-10, "eps": 1e-10, "duration": 0.03547191619873047, "fun": "0.17787438618123663", "jac": "[-4.44089173e-06  2.22044587e-06  2.22044587e-06  3.33066880e-06\n  1.11022293e-06 -6.66133760e-06]", "hess_inv": "[[  4.5103546    1.28673749  -1.65326999   1.83466309  -0.72658154\n   -1.2102618 ]\n [  1.28673749  19.69845483 -18.36814111   0.42737828  -2.91755234\n    1.69794166]\n [ -1.65326999 -18.36814111  19.73522631  -1.48248796   2.03969085\n   -0.98140894]\n [  1.83466309   0.42737828  -1.48248796   4.27514527   3.5312546\n   -2.14495851]\n [ -0.72658154  -2.91755234   2.03969085   3.5312546   20.06127951\n   -9.68782585]\n [ -1.2102618    1.69794166  -0.98140894  -2.14495851  -9.68782585\n    7.77390173]]", "nfev": "210", "njev": "30", "status": "0", "success": "True", "message": "Optimization terminated successfully.", "x": "[0.34218712 5.58173758 1.2943014  0.84062771 5.23562059 5.12172961]", "nit": "25"}, "12": {"maxiter": 500, "gtol": 1e-10, "xrtol": 1e-05, "eps": 1e-05, "duration": 0.03779006004333496, "fun": "0.17787438572322545", "jac": "[ 9.62563362e-08 -6.35491659e-08 -1.07402975e-07 -2.60680366e-08\n  7.03437308e-08  8.58868532e-08]", "hess_inv": "[[  4.9600784    0.1327417   -0.55000217   1.09648237  -3.74203588\n    0.30628716]\n [  0.1327417   20.6384442  -19.20559217   0.63121815  -1.14210949\n    1.09743704]\n [ -0.55000217 -19.20559217  20.43551594  -1.55607551   0.85315815\n   -0.63971237]\n [  1.09648237   0.63121815  -1.55607551   4.23403413   4.14558715\n   -2.233013  ]\n [ -3.74203588  -1.14210949   0.85315815   4.14558715  25.01217447\n  -11.47349796]\n [  0.30628716   1.09743704  -0.63971237  -2.233013   -11.47349796\n    8.23703838]]", "nfev": "224", "njev": "32", "status": "0", "success": "True", "message": "Optimization terminated successfully.", "x": "[0.34221693 5.58168064 1.29434826 0.84059737 5.2354884  5.12178536]", "nit": "27"}, "13": {"maxiter": 500, "gtol": 1e-10, "xrtol": 1e-05, "eps": 1e-10, "duration": 0.037696123123168945, "fun": "0.17787438578996428", "jac": "[ 0.00000000e+00  1.11022293e-06 -2.22044587e-06  1.11022293e-06\n  3.33066880e-06  2.22044587e-06]", "hess_inv": "[[  5.66240308   1.25083239  -1.88506352   1.18828436  -5.26198266\n    1.0847391 ]\n [  1.25083239  18.95956788 -17.72060785   0.93145868  -1.06216181\n    0.30585876]\n [ -1.88506352 -17.72060785  19.21130585  -1.67268687   1.92017205\n   -0.56045054]\n [  1.18828436   0.93145868  -1.67268687   3.73397242   2.26488573\n   -1.01882705]\n [ -5.26198266  -1.06216181   1.92017205   2.26488573  21.62532694\n   -8.56416185]\n [  1.0847391    0.30585876  -0.56045054  -1.01882705  -8.56416185\n    5.89787609]]", "nfev": "224", "njev": "32", "status": "0", "success": "True", "message": "Optimization terminated successfully.", "x": "[0.34222278 5.58174049 1.29428942 0.8406129  5.23550672 5.12178718]", "nit": "27"}, "14": {"maxiter": 500, "gtol": 1e-10, "xrtol": 1e-10, "eps": 1e-05, "duration": 0.07000279426574707, "fun": "0.17787438572322545", "jac": "[ 9.62563362e-08 -6.35491659e-08 -1.07402975e-07 -2.60680366e-08\n  7.03437308e-08  8.58868532e-08]", "hess_inv": "[[ 4.85371896e+00  5.35728264e-02 -5.21107609e-01  1.18890230e+00\n  -3.25157360e+00  1.57521399e-01]\n [ 5.35728264e-02  2.08782046e+01 -1.96644946e+01  9.37585801e-01\n   1.32720103e-02  7.86036368e-01]\n [-5.21107609e-01 -1.96644946e+01  2.12003534e+01 -1.96329604e+00\n  -5.51204208e-01 -2.76547099e-01]\n [ 1.18890230e+00  9.37585801e-01 -1.96329604e+00  4.34269106e+00\n   4.34800478e+00 -2.26335249e+00]\n [-3.25157360e+00  1.32720103e-02 -5.51204208e-01  4.34800478e+00\n   2.48415439e+01 -1.13184290e+01]\n [ 1.57521399e-01  7.86036368e-01 -2.76547099e-01 -2.26335249e+00\n  -1.13184290e+01  8.16377083e+00]]", "nfev": "411", "njev": "57", "status": "2", "success": "False", "message": "Desired error not necessarily achieved due to precision loss.", "x": "[0.34221693 5.58168064 1.29434826 0.84059737 5.2354884  5.12178536]", "nit": "27"}, "15": {"maxiter": 500, "gtol": 1e-10, "xrtol": 1e-10, "eps": 1e-10, "duration": 0.0744330883026123, "fun": "0.17787438573191738", "jac": "[ 0.00000000e+00 -2.22044587e-06 -3.33066880e-06 -1.11022293e-06\n -1.11022293e-06 -2.22044587e-06]", "hess_inv": "[[  0.67781609   2.548642    -1.12372932   0.51682406   0.89697786\n   -1.32744836]\n [  2.548642    36.66441916 -14.76896822  10.51398457  14.76361675\n  -18.42408586]\n [ -1.12372932 -14.76896822   6.16879837  -4.2600062   -5.93075535\n    7.30750559]\n [  0.51682406  10.51398457  -4.2600062    3.23143813   4.24087461\n   -5.1674758 ]\n [  0.89697786  14.76361675  -5.93075535   4.24087461   6.14685245\n   -7.48206502]\n [ -1.32744836 -18.42408586   7.30750559  -5.1674758   -7.48206502\n    9.43570155]]", "nfev": "427", "njev": "61", "status": "0", "success": "True", "message": "Optimization terminated successfully.", "x": "[0.34221703 5.58170109 1.29432542 0.84060935 5.23551006 5.12177818]", "nit": "36"}, "16": {"maxiter": 1000, "gtol": 1e-05, "xrtol": 1e-05, "eps": 1e-05, "duration": 0.035417795181274414, "fun": "0.17787438596439187", "jac": "[-4.40283365e-06  3.54526408e-06  2.05955253e-06  2.72813994e-06\n  1.21469501e-06 -3.15826254e-06]", "hess_inv": "[[  4.53148932   1.08581427  -1.47891241   1.82515971  -0.65377707\n   -1.24857358]\n [  1.08581427  20.24374118 -18.93339548   0.48431802  -2.75318822\n    1.60137573]\n [ -1.47891241 -18.93339548  20.3074047   -1.52928385   2.00758037\n   -0.92419973]\n [  1.82515971   0.48431802  -1.52928385   4.27437739   3.45903709\n   -2.12701507]\n [ -0.65377707  -2.75318822   2.00758037   3.45903709  19.04296131\n   -9.32239214]\n [ -1.24857358   1.60137573  -0.92419973  -2.12701507  -9.32239214\n    7.66436082]]", "nfev": "210", "njev": "30", "status": "0", "success": "True", "message": "Optimization terminated successfully.", "x": "[0.34219191 5.58171054 1.29432349 0.84061522 5.23558051 5.12174054]", "nit": "25"}, "17": {"maxiter": 1000, "gtol": 1e-05, "xrtol": 1e-05, "eps": 1e-10, "duration": 0.03540921211242676, "fun": "0.17787438618123663", "jac": "[-4.44089173e-06  2.22044587e-06  2.22044587e-06  3.33066880e-06\n  1.11022293e-06 -6.66133760e-06]", "hess_inv": "[[  4.5103546    1.28673749  -1.65326999   1.83466309  -0.72658154\n   -1.2102618 ]\n [  1.28673749  19.69845483 -18.36814111   0.42737828  -2.91755234\n    1.69794166]\n [ -1.65326999 -18.36814111  19.73522631  -1.48248796   2.03969085\n   -0.98140894]\n [  1.83466309   0.42737828  -1.48248796   4.27514527   3.5312546\n   -2.14495851]\n [ -0.72658154  -2.91755234   2.03969085   3.5312546   20.06127951\n   -9.68782585]\n [ -1.2102618    1.69794166  -0.98140894  -2.14495851  -9.68782585\n    7.77390173]]", "nfev": "210", "njev": "30", "status": "0", "success": "True", "message": "Optimization terminated successfully.", "x": "[0.34218712 5.58173758 1.2943014  0.84062771 5.23562059 5.12172961]", "nit": "25"}, "18": {"maxiter": 1000, "gtol": 1e-05, "xrtol": 1e-10, "eps": 1e-05, "duration": 0.03583884239196777, "fun": "0.17787438596439187", "jac": "[-4.40283365e-06  3.54526408e-06  2.05955253e-06  2.72813994e-06\n  1.21469501e-06 -3.15826254e-06]", "hess_inv": "[[  4.53148932   1.08581427  -1.47891241   1.82515971  -0.65377707\n   -1.24857358]\n [  1.08581427  20.24374118 -18.93339548   0.48431802  -2.75318822\n    1.60137573]\n [ -1.47891241 -18.93339548  20.3074047   -1.52928385   2.00758037\n   -0.92419973]\n [  1.82515971   0.48431802  -1.52928385   4.27437739   3.45903709\n   -2.12701507]\n [ -0.65377707  -2.75318822   2.00758037   3.45903709  19.04296131\n   -9.32239214]\n [ -1.24857358   1.60137573  -0.92419973  -2.12701507  -9.32239214\n    7.66436082]]", "nfev": "210", "njev": "30", "status": "0", "success": "True", "message": "Optimization terminated successfully.", "x": "[0.34219191 5.58171054 1.29432349 0.84061522 5.23558051 5.12174054]", "nit": "25"}, "19": {"maxiter": 1000, "gtol": 1e-05, "xrtol": 1e-10, "eps": 1e-10, "duration": 0.0371241569519043, "fun": "0.17787438618123663", "jac": "[-4.44089173e-06  2.22044587e-06  2.22044587e-06  3.33066880e-06\n  1.11022293e-06 -6.66133760e-06]", "hess_inv": "[[  4.5103546    1.28673749  -1.65326999   1.83466309  -0.72658154\n   -1.2102618 ]\n [  1.28673749  19.69845483 -18.36814111   0.42737828  -2.91755234\n    1.69794166]\n [ -1.65326999 -18.36814111  19.73522631  -1.48248796   2.03969085\n   -0.98140894]\n [  1.83466309   0.42737828  -1.48248796   4.27514527   3.5312546\n   -2.14495851]\n [ -0.72658154  -2.91755234   2.03969085   3.5312546   20.06127951\n   -9.68782585]\n [ -1.2102618    1.69794166  -0.98140894  -2.14495851  -9.68782585\n    7.77390173]]", "nfev": "210", "njev": "30", "status": "0", "success": "True", "message": "Optimization terminated successfully.", "x": "[0.34218712 5.58173758 1.2943014  0.84062771 5.23562059 5.12172961]", "nit": "25"}, "20": {"maxiter": 1000, "gtol": 1e-10, "xrtol": 1e-05, "eps": 1e-05, "duration": 0.039482831954956055, "fun": "0.17787438572322545", "jac": "[ 9.62563362e-08 -6.35491659e-08 -1.07402975e-07 -2.60680366e-08\n  7.03437308e-08  8.58868532e-08]", "hess_inv": "[[  4.9600784    0.1327417   -0.55000217   1.09648237  -3.74203588\n    0.30628716]\n [  0.1327417   20.6384442  -19.20559217   0.63121815  -1.14210949\n    1.09743704]\n [ -0.55000217 -19.20559217  20.43551594  -1.55607551   0.85315815\n   -0.63971237]\n [  1.09648237   0.63121815  -1.55607551   4.23403413   4.14558715\n   -2.233013  ]\n [ -3.74203588  -1.14210949   0.85315815   4.14558715  25.01217447\n  -11.47349796]\n [  0.30628716   1.09743704  -0.63971237  -2.233013   -11.47349796\n    8.23703838]]", "nfev": "224", "njev": "32", "status": "0", "success": "True", "message": "Optimization terminated successfully.", "x": "[0.34221693 5.58168064 1.29434826 0.84059737 5.2354884  5.12178536]", "nit": "27"}, "21": {"maxiter": 1000, "gtol": 1e-10, "xrtol": 1e-05, "eps": 1e-10, "duration": 0.03936505317687988, "fun": "0.17787438578996428", "jac": "[ 0.00000000e+00  1.11022293e-06 -2.22044587e-06  1.11022293e-06\n  3.33066880e-06  2.22044587e-06]", "hess_inv": "[[  5.66240308   1.25083239  -1.88506352   1.18828436  -5.26198266\n    1.0847391 ]\n [  1.25083239  18.95956788 -17.72060785   0.93145868  -1.06216181\n    0.30585876]\n [ -1.88506352 -17.72060785  19.21130585  -1.67268687   1.92017205\n   -0.56045054]\n [  1.18828436   0.93145868  -1.67268687   3.73397242   2.26488573\n   -1.01882705]\n [ -5.26198266  -1.06216181   1.92017205   2.26488573  21.62532694\n   -8.56416185]\n [  1.0847391    0.30585876  -0.56045054  -1.01882705  -8.56416185\n    5.89787609]]", "nfev": "224", "njev": "32", "status": "0", "success": "True", "message": "Optimization terminated successfully.", "x": "[0.34222278 5.58174049 1.29428942 0.8406129  5.23550672 5.12178718]", "nit": "27"}, "22": {"maxiter": 1000, "gtol": 1e-10, "xrtol": 1e-10, "eps": 1e-05, "duration": 0.07133293151855469, "fun": "0.17787438572322545", "jac": "[ 9.62563362e-08 -6.35491659e-08 -1.07402975e-07 -2.60680366e-08\n  7.03437308e-08  8.58868532e-08]", "hess_inv": "[[ 4.85371896e+00  5.35728264e-02 -5.21107609e-01  1.18890230e+00\n  -3.25157360e+00  1.57521399e-01]\n [ 5.35728264e-02  2.08782046e+01 -1.96644946e+01  9.37585801e-01\n   1.32720103e-02  7.86036368e-01]\n [-5.21107609e-01 -1.96644946e+01  2.12003534e+01 -1.96329604e+00\n  -5.51204208e-01 -2.76547099e-01]\n [ 1.18890230e+00  9.37585801e-01 -1.96329604e+00  4.34269106e+00\n   4.34800478e+00 -2.26335249e+00]\n [-3.25157360e+00  1.32720103e-02 -5.51204208e-01  4.34800478e+00\n   2.48415439e+01 -1.13184290e+01]\n [ 1.57521399e-01  7.86036368e-01 -2.76547099e-01 -2.26335249e+00\n  -1.13184290e+01  8.16377083e+00]]", "nfev": "411", "njev": "57", "status": "2", "success": "False", "message": "Desired error not necessarily achieved due to precision loss.", "x": "[0.34221693 5.58168064 1.29434826 0.84059737 5.2354884  5.12178536]", "nit": "27"}, "23": {"maxiter": 1000, "gtol": 1e-10, "xrtol": 1e-10, "eps": 1e-10, "duration": 0.07393407821655273, "fun": "0.17787438573191738", "jac": "[ 0.00000000e+00 -2.22044587e-06 -3.33066880e-06 -1.11022293e-06\n -1.11022293e-06 -2.22044587e-06]", "hess_inv": "[[  0.67781609   2.548642    -1.12372932   0.51682406   0.89697786\n   -1.32744836]\n [  2.548642    36.66441916 -14.76896822  10.51398457  14.76361675\n  -18.42408586]\n [ -1.12372932 -14.76896822   6.16879837  -4.2600062   -5.93075535\n    7.30750559]\n [  0.51682406  10.51398457  -4.2600062    3.23143813   4.24087461\n   -5.1674758 ]\n [  0.89697786  14.76361675  -5.93075535   4.24087461   6.14685245\n   -7.48206502]\n [ -1.32744836 -18.42408586   7.30750559  -5.1674758   -7.48206502\n    9.43570155]]", "nfev": "427", "njev": "61", "status": "0", "success": "True", "message": "Optimization terminated successfully.", "x": "[0.34221703 5.58170109 1.29432542 0.84060935 5.23551006 5.12177818]", "nit": "36"}}, "cobyla": {"0": {"maxiter": 100, "tol": 1e-05, "catol": 1e-05, "duration": 0.016811847686767578, "x": "[3.51117993 6.85288649 2.54000525 1.12862098 2.68011831 4.45588935]", "status": "2", "success": "False", "message": "Maximum number of function evaluations has been exceeded.", "nfev": "100", "fun": "0.5713707627746956", "maxcv": "0.0"}, "1": {"maxiter": 100, "tol": 1e-05, "catol": 1e-10, "duration": 0.016677141189575195, "x": "[3.51117993 6.85288649 2.54000525 1.12862098 2.68011831 4.45588935]", "status": "2", "success": "False", "message": "Maximum number of function evaluations has been exceeded.", "nfev": "100", "fun": "0.5713707627746956", "maxcv": "0.0"}, "2": {"maxiter": 100, "tol": 1e-10, "catol": 1e-05, "duration": 0.016785144805908203, "x": "[3.51117993 6.85288649 2.54000525 1.12862098 2.68011831 4.45588935]", "status": "2", "success": "False", "message": "Maximum number of function evaluations has been exceeded.", "nfev": "100", "fun": "0.5713707627746956", "maxcv": "0.0"}, "3": {"maxiter": 100, "tol": 1e-10, "catol": 1e-10, "duration": 0.01678299903869629, "x": "[3.51117993 6.85288649 2.54000525 1.12862098 2.68011831 4.45588935]", "status": "2", "success": "False", "message": "Maximum number of function evaluations has been exceeded.", "nfev": "100", "fun": "0.5713707627746956", "maxcv": "0.0"}, "4": {"maxiter": 500, "tol": 1e-05, "catol": 1e-05, "duration": 0.08363509178161621, "x": "[5.90873372 8.71987478 4.45465712 0.77750005 4.87926749 5.31229427]", "status": "2", "success": "False", "message": "Maximum number of function evaluations has been exceeded.", "nfev": "500", "fun": "0.18019624370355314", "maxcv": "0.0"}, "5": {"maxiter": 500, "tol": 1e-05, "catol": 1e-10, "duration": 0.08342814445495605, "x": "[5.90873372 8.71987478 4.45465712 0.77750005 4.87926749 5.31229427]", "status": "2", "success": "False", "message": "Maximum number of function eva