{"date": "2024/07/19/, 02:13:17", "conf_id": 152, "data_type": "orthogonal\n", "num_data_points": 4, "s_rank": 0, "unitary": "[[0.18663085-0.53122324j,-0.11886349-0.70040876j,0.28555095-0.02789305j,-0.12262021-0.2844587j],[-0.16702216+0.27758472j,0.27526351-0.29738586j,-0.01109314+0.22495461j,-0.77239203+0.28900673j],[0.61935415+0.12301792j,-0.31269928-0.03315917j,-0.61902762-0.19039079j,-0.27120731-0.0968989j],[0.42341754+0.0023929j,-0.05847358+0.47832119j,0.64900495-0.16218422j,-0.37182676-0.05229966j]]", "databatch_0": {"databatch": "[[[0.01395183+0.1360499j,-0.42305488+0.03583968j,0.33888579+0.23936991j,-0.03120536-0.39235405j],[0.10143269+0.05021041j,0.06743933-0.24429723j,-0.13055538-0.09910272j,0.15002494+0.16962673j],[-0.07579967+0.06015424j,0.06104536+0.014691j,0.09842293+0.05401658j,-0.00654942-0.02339937j],[-0.08942922+0.1086273j,-0.06843812+0.23434217j,0.30580307+0.06383538j,-0.29015485-0.17639051j]],[[0.01353466+0.12242154j,-0.11972957+0.10930991j,0.22910096+0.31705471j,0.11541872+0.37481046j],[0.26960386+0.04346863j,-0.28284211-0.19332854j,-0.07236056-0.23633424j,-0.09862393-0.17862047j],[0.11707519-0.16715297j,-0.1240958+0.0857749j,-0.11479748-0.05516492j,0.08929814+0.00205917j],[0.17212542-0.20487891j,-0.10688845+0.23543185j,0.05265292-0.03238236j,0.33283965+0.1240749j]],[[0.10585545+0.01162964j,-0.18506003-0.09474384j,-0.02757203+0.1116149j,0.15230065+0.10522318j],[-0.04062123+0.10542617j,-0.22135576+0.24792225j,0.33793622+0.20735812j,-0.18645217-0.09128514j],[0.22449875-0.16989768j,-0.20214448+0.25361847j,-0.08307298-0.25942923j,-0.26896882-0.02816085j],[-0.14750428+0.19326933j,0.17297367+0.06103052j,0.18159586-0.00892877j,-0.34161335+0.01108425j]],[[0.35970617+0.26642469j,-0.30624922-0.24572633j,0.22083455-0.20593383j,0.00385291-0.001992j],[-0.20560949-0.0121315j,0.16410441+0.06320712j,0.01885517+0.20200337j,0.06631984+0.07196313j],[0.06465363+0.02688784j,0.01600332+0.2011381j,0.19607277-0.15586775j,-0.13947244-0.02186574j],[0.31179886-0.10770583j,-0.24824667-0.12486338j,-0.12114628-0.17675207j,0.26425167-0.01046471j]]]", "initial param values": "[2.82626942,4.60251966,1.78392554,3.12996496,0.89698685,5.45059492]", "nelder_mead": {"type": "gradient-free", "0": {"maxiter": 100, "fatol": 1e-05, "xatol": 1e-05, "duration": 0.027687788009643555, "fun": "0.6016228058483694", "nit": "100", "nfev": "164", "status": "2", "success": "False", "message": "Maximum number of iterations has been exceeded.", "x": "[3.03177094 5.11735009 1.81296466 3.92433411 0.95490559 3.69772204]", "final_simplex": "(array([[3.03177094, 5.11735009, 1.81296466, 3.92433411, 0.95490559,\n        3.69772204],\n       [2.98938847, 5.12714936, 1.80117015, 4.01588758, 0.96116925,\n        3.81348441],\n       [2.9574292 , 5.08819121, 1.80887009, 3.9975527 , 0.95636286,\n        3.7662974 ],\n       [3.01531785, 5.0766654 , 1.81092063, 4.03246346, 0.95299867,\n        3.73474534],\n       [3.0184754 , 5.07589389, 1.82151932, 3.96672269, 0.94577151,\n        3.69571538],\n       [2.95755657, 5.12978899, 1.79805182, 4.01195113, 0.95297225,\n        3.78515426],\n       [2.98583385, 5.1207515 , 1.80757533, 4.00549179, 0.94871251,\n        3.70325694]]), array([0.60162281, 0.60180452, 0.60186767, 0.60213816, 0.6022531 ,\n       0.60228129, 0.60233101]))"}, "1": {"maxiter": 100, "fatol": 1e-05, "xatol": 1e-10, "duration": 0.027531862258911133, "fun": "0.6016228058483694", "nit": "100", "nfev": "164", "status": "2", "success": "False", "message": "Maximum number of iterations has been exceeded.", "x": "[3.03177094 5.11735009 1.81296466 3.92433411 0.95490559 3.69772204]", "final_simplex": "(array([[3.03177094, 5.11735009, 1.81296466, 3.92433411, 0.95490559,\n        3.69772204],\n       [2.98938847, 5.12714936, 1.80117015, 4.01588758, 0.96116925,\n        3.81348441],\n       [2.9574292 , 5.08819121, 1.80887009, 3.9975527 , 0.95636286,\n        3.7662974 ],\n       [3.01531785, 5.0766654 , 1.81092063, 4.03246346, 0.95299867,\n        3.73474534],\n       [3.0184754 , 5.07589389, 1.82151932, 3.96672269, 0.94577151,\n        3.69571538],\n       [2.95755657, 5.12978899, 1.79805182, 4.01195113, 0.95297225,\n        3.78515426],\n       [2.98583385, 5.1207515 , 1.80757533, 4.00549179, 0.94871251,\n        3.70325694]]), array([0.60162281, 0.60180452, 0.60186767, 0.60213816, 0.6022531 ,\n       0.60228129, 0.60233101]))"}, "2": {"maxiter": 100, "fatol": 1e-10, "xatol": 1e-05, "duration": 0.027498960494995117, "fun": "0.6016228058483694", "nit": "100", "nfev": "164", "status": "2", "success": "False", "message": "Maximum number of iterations has been exceeded.", "x": "[3.03177094 5.11735009 1.81296466 3.92433411 0.95490559 3.69772204]", "final_simplex": "(array([[3.03177094, 5.11735009, 1.81296466, 3.92433411, 0.95490559,\n        3.69772204],\n       [2.98938847, 5.12714936, 1.80117015, 4.01588758, 0.96116925,\n        3.81348441],\n       [2.9574292 , 5.08819121, 1.80887009, 3.9975527 , 0.95636286,\n        3.7662974 ],\n       [3.01531785, 5.0766654 , 1.81092063, 4.03246346, 0.95299867,\n        3.73474534],\n       [3.0184754 , 5.07589389, 1.82151932, 3.96672269, 0.94577151,\n        3.69571538],\n       [2.95755657, 5.12978899, 1.79805182, 4.01195113, 0.95297225,\n        3.78515426],\n       [2.98583385, 5.1207515 , 1.80757533, 4.00549179, 0.94871251,\n        3.70325694]]), array([0.60162281, 0.60180452, 0.60186767, 0.60213816, 0.6022531 ,\n       0.60228129, 0.60233101]))"}, "3": {"maxiter": 100, "fatol": 1e-10, "xatol": 1e-10, "duration": 0.0275571346282959, "fun": "0.6016228058483694", "nit": "100", "nfev": "164", "status": "2", "success": "False", "message": "Maximum number of iterations has been exceeded.", "x": "[3.03177094 5.11735009 1.81296466 3.92433411 0.95490559 3.69772204]", "final_simplex": "(array([[3.03177094, 5.11735009, 1.81296466, 3.92433411, 0.95490559,\n        3.69772204],\n       [2.98938847, 5.12714936, 1.80117015, 4.01588758, 0.96116925,\n        3.81348441],\n       [2.9574292 , 5.08819121, 1.80887009, 3.9975527 , 0.95636286,\n        3.7662974 ],\n       [3.01531785, 5.0766654 , 1.81092063, 4.03246346, 0.95299867,\n        3.73474534],\n       [3.0184754 , 5.07589389, 1.82151932, 3.96672269, 0.94577151,\n        3.69571538],\n       [2.95755657, 5.12978899, 1.79805182, 4.01195113, 0.95297225,\n        3.78515426],\n       [2.98583385, 5.1207515 , 1.80757533, 4.00549179, 0.94871251,\n        3.70325694]]), array([0.60162281, 0.60180452, 0.60186767, 0.60213816, 0.6022531 ,\n       0.60228129, 0.60233101]))"}, "4": {"maxiter": 500, "fatol": 1e-05, "xatol": 1e-05, "duration": 0.13077402114868164, "fun": "0.2636297126542082", "nit": "500", "nfev": "778", "status": "2", "success": "False", "message": "Maximum number of iterations has been exceeded.", "x": "[4.57431544 4.09983543 0.19426525 3.95224156 3.18711518 5.33115862]", "final_simplex": "(array([[4.57431544, 4.09983543, 0.19426525, 3.95224156, 3.18711518,\n        5.33115862],\n       [4.57561266, 4.0999358 , 0.19594678, 3.94897924, 3.1874584 ,\n        5.33179863],\n       [4.57426752, 4.10005923, 0.19459808, 3.95015623, 3.1886431 ,\n        5.3316435 ],\n       [4.57508692, 4.10116255, 0.19451254, 3.95051043, 3.18665707,\n        5.33030626],\n       [4.57691285, 4.10039574, 0.19532461, 3.94924056, 3.18765325,\n        5.33191538],\n       [4.57484352, 4.09957461, 0.19353529, 3.95081551, 3.18533363,\n        5.33050696],\n       [4.57547498, 4.10074507, 0.19537896, 3.9505649 , 3.18596682,\n        5.3289489 ]]), array([0.26362971, 0.2636298 , 0.26362984, 0.26362985, 0.26362986,\n       0.26362989, 0.26362994]))"}, "5": {"maxiter": 500, "fatol": 1e-05, "xatol": 1e-10, "duration": 0.1303081512451172, "fun": "0.2636297126542082", "nit": "500", "nfev": "778", "status": "2", "success": "False", "message": "Maximum number of iterations has been exceeded.", "x": "[4.57431544 4.09983543 0.19426525 3.95224156 3.18711518 5.33115862]", "final_simplex": "(array([[4.57431544, 4.09983543, 0.19426525, 3.95224156, 3.18711518,\n        5.33115862],\n       [4.57561266, 4.0999358 , 0.19594678, 3.94897924, 3.1874584 ,\n        5.33179863],\n       [4.57426752, 4.10005923, 0.19459808, 3.95015623, 3.1886431 ,\n        5.3316435 ],\n       [4.57508692, 4.10116255, 0.19451254, 3.95051043, 3.18665707,\n        5.33030626],\n       [4.57691285, 4.10039574, 0.19532461, 3.94924056, 3.18765325,\n        5.33191538],\n       [4.57484352, 4.09957461, 0.19353529, 3.95081551, 3.18533363,\n        5.33050696],\n       [4.57547498, 4.10074507, 0.19537896, 3.9505649 , 3.18596682,\n        5.3289489 ]]), array([0.26362971, 0.2636298 , 0.26362984, 0.26362985, 0.26362986,\n       0.26362989, 0.26362994]))"}, "6": {"maxiter": 500, "fatol": 1e-10, "xatol": 1e-05, "duration": 0.13020968437194824, "fun": "0.2636297126542082", "nit": "500", "nfev": "778", "status": "2", "success": "False", "message": "Maximum number of iterations has been exceeded.", "x": "[4.57431544 4.09983543 0.19426525 3.95224156 3.18711518 5.33115862]", "final_simplex": "(array([[4.57431544, 4.09983543, 0.19426525, 3.95224156, 3.18711518,\n        5.33115862],\n       [4.57561266, 4.0999358 , 0.19594678, 3.94897924, 3.1874584 ,\n        5.33179863],\n       [4.57426752, 4.10005923, 0.19459808, 3.95015623, 3.1886431 ,\n        5.3316435 ],\n       [4.57508692, 4.10116255, 0.19451254, 3.95051043, 3.18665707,\n        5.33030626],\n       [4.57691285, 4.10039574, 0.19532461, 3.94924056, 3.18765325,\n        5.33191538],\n       [4.57484352, 4.09957461, 0.19353529, 3.95081551, 3.18533363,\n        5.33050696],\n       [4.57547498, 4.10074507, 0.19537896, 3.9505649 , 3.18596682,\n        5.3289489 ]]), array([0.26362971, 0.2636298 , 0.26362984, 0.26362985, 0.26362986,\n       0.26362989, 0.26362994]))"}, "7": {"maxiter": 500, "fatol": 1e-10, "xatol": 1e-10, "duration": 0.13013982772827148, "fun": "0.2636297126542082", "nit": "500", "nfev": "778", "status": "2", "success": "False", "message": "Maximum number of iterations has been exceeded.", "x": "[4.57431544 4.09983543 0.19426525 3.95224156 3.18711518 5.33115862]", "final_simplex": "(array([[4.57431544, 4.09983543, 0.19426525, 3.95224156, 3.18711518,\n        5.33115862],\n       [4.57561266, 4.0999358 , 0.19594678, 3.94897924, 3.1874584 ,\n        5.33179863],\n       [4.57426752, 4.10005923, 0.19459808, 3.95015623, 3.1886431 ,\n        5.3316435 ],\n       [4.57508692, 4.10116255, 0.19451254, 3.95051043, 3.18665707,\n        5.33030626],\n       [4.57691285, 4.10039574, 0.19532461, 3.94924056, 3.18765325,\n        5.33191538],\n       [4.57484352, 4.09957461, 0.19353529, 3.95081551, 3.18533363,\n        5.33050696],\n       [4.57547498, 4.10074507, 0.19537896, 3.9505649 , 3.18596682,\n        5.3289489 ]]), array([0.26362971, 0.2636298 , 0.26362984, 0.26362985, 0.26362986,\n       0.26362989, 0.26362994]))"}, "8": {"maxiter": 1000, "fatol": 1e-05, "xatol": 1e-05, "duration": 0.1601400375366211, "fun": "0.26362906768190486", "nit": "606", "nfev": "949", "status": "0", "success": "True", "message": "Optimization terminated successfully.", "x": "[4.57572588 4.09893529 0.19496942 3.95023271 3.18820226 5.3315335 ]", "final_simplex": "(array([[4.57572588, 4.09893529, 0.19496942, 3.95023271, 3.18820226,\n        5.3315335 ],\n       [4.57572022, 4.09893685, 0.19497615, 3.95023092, 3.18820955,\n        5.33153541],\n       [4.57572181, 4.09894   , 0.19497388, 3.95022311, 3.18820219,\n        5.3315294 ],\n       [4.57572322, 4.09893727, 0.19497668, 3.95022978, 3.18819637,\n        5.33152581],\n       [4.57572552, 4.09894135, 0.19497531, 3.95023029, 3.18820214,\n        5.33152457],\n       [4.57571899, 4.09893307, 0.19496655, 3.95023113, 3.18820032,\n        5.33152976],\n       [4.57572591, 4.09893037, 0.19497377, 3.95022559, 3.18821028,\n        5.33153279]]), array([0.26362907, 0.26362907, 0.26362907, 0.26362907, 0.26362907,\n       0.26362907, 0.26362907]))"}, "9": {"maxiter": 1000, "fatol": 1e-05, "xatol": 1e-10, "duration": 0.20250296592712402, "fun": "0.2636290676752937", "nit": "723", "nfev": "1194", "status": "0", "success": "True", "message": "Optimization terminated successfully.", "x": "[4.57572645 4.0989388  0.19497229 3.95022885 3.18820598 5.33153621]", "final_simplex": "(array([[4.57572645, 4.0989388 , 0.19497229, 3.95022885, 3.18820598,\n        5.33153621],\n       [4.57572645, 4.0989388 , 0.19497229, 3.95022885, 3.18820598,\n        5.33153621],\n       [4.57572645, 4.0989388 , 0.19497229, 3.95022885, 3.18820598,\n        5.33153621],\n       [4.57572645, 4.0989388 , 0.19497229, 3.95022885, 3.18820598,\n        5.33153621],\n       [4.57572645, 4.0989388 , 0.19497229, 3.95022885, 3.18820598,\n        5.33153621],\n       [4.57572645, 4.0989388 , 0.19497229, 3.95022885, 3.18820598,\n        5.33153621],\n       [4.57572645, 4.0989388 , 0.19497229, 3.95022885, 3.18820598,\n        5.33153621]]), array([0.26362907, 0.26362907, 0.26362907, 0.26362907, 0.26362907,\n       0.26362907, 0.26362907]))"}, "10": {"maxiter": 1000, "fatol": 1e-10, "xatol": 1e-05, "duration": 0.16078591346740723, "fun": "0.26362906768190486", "nit": "606", "nfev": "949", "status": "0", "success": "True", "message": "Optimization terminated successfully.", "x": "[4.57572588 4.09893529 0.19496942 3.95023271 3.18820226 5.3315335 ]", "final_simplex": "(array([[4.57572588, 4.09893529, 0.19496942, 3.95023271, 3.18820226,\n        5.3315335 ],\n       [4.57572022, 4.09893685, 0.19497615, 3.95023092, 3.18820955,\n        5.33153541],\n       [4.57572181, 4.09894   , 0.19497388, 3.95022311, 3.18820219,\n        5.3315294 ],\n       [4.57572322, 4.09893727, 0.19497668, 3.95022978, 3.18819637,\n        5.33152581],\n       [4.57572552, 4.09894135, 0.19497531, 3.95023029, 3.18820214,\n        5.33152457],\n       [4.57571899, 4.09893307, 0.19496655, 3.95023113, 3.18820032,\n        5.33152976],\n       [4.57572591, 4.09893037, 0.19497377, 3.95022559, 3.18821028,\n        5.33153279]]), array([0.26362907, 0.26362907, 0.26362907, 0.26362907, 0.26362907,\n       0.26362907, 0.26362907]))"}, "11": {"maxiter": 1000, "fatol": 1e-10, "xatol": 1e-10, "duration": 0.20168495178222656, "fun": "0.2636290676752937", "nit": "723", "nfev": "1194", "status": "0", "success": "True", "message": "Optimization terminated successfully.", "x": "[4.57572645 4.0989388  0.19497229 3.95022885 3.18820598 5.33153621]", "final_simplex": "(array([[4.57572645, 4.0989388 , 0.19497229, 3.95022885, 3.18820598,\n        5.33153621],\n       [4.57572645, 4.0989388 , 0.19497229, 3.95022885, 3.18820598,\n        5.33153621],\n       [4.57572645, 4.0989388 , 0.19497229, 3.95022885, 3.18820598,\n        5.33153621],\n       [4.57572645, 4.0989388 , 0.19497229, 3.95022885, 3.18820598,\n        5.33153621],\n       [4.57572645, 4.0989388 , 0.19497229, 3.95022885, 3.18820598,\n        5.33153621],\n       [4.57572645, 4.0989388 , 0.19497229, 3.95022885, 3.18820598,\n        5.33153621],\n       [4.57572645, 4.0989388 , 0.19497229, 3.95022885, 3.18820598,\n        5.33153621]]), array([0.26362907, 0.26362907, 0.26362907, 0.26362907, 0.26362907,\n       0.26362907, 0.26362907]))"}}, "bfgs": {"type": "gradient", "0": {"maxiter": 100, "gtol": 1e-05, "xrtol": 1e-05, "eps": 1e-05, "duration": 0.03388810157775879, "fun": "0.2636290677152082", "jac": "[ 3.47879503e-06  1.96618277e-06 -2.48736587e-06 -1.51333390e-06\n  2.33606468e-06  5.50570700e-07]", "hess_inv": "[[ 4.10934971  0.26600551 -0.25822361  1.53258844 -2.26089385 -1.76456773]\n [ 0.26600551  3.58101476  0.14363054  1.12599277 -0.82195316 -0.85530872]\n [-0.25822361  0.14363054  3.23395354 -0.86387924  1.25284899  0.15773839]\n [ 1.53258844  1.12599277 -0.86387924  4.4915559  -0.53634757 -0.50988273]\n [-2.26089385 -0.82195316  1.25284899 -0.53634757  7.21232083  4.75821081]\n [-1.76456773 -0.85530872  0.15773839 -0.50988273  4.75821081  6.18414523]]", "nfev": "196", "njev": "28", "status": "0", "success": "True", "message": "Optimization terminated successfully.", "x": "[1.70746497 7.24053117 3.33655337 3.95022331 3.18819739 5.33152971]", "nit": "22"}, "1": {"maxiter": 100, "gtol": 1e-05, "xrtol": 1e-05, "eps": 1e-10, "duration": 0.03381705284118652, "fun": "0.2636290677397206", "jac": "[4.44089173e-06 4.44089173e-06 0.00000000e+00 1.11022293e-06\n 3.33066880e-06 2.22044587e-06]", "hess_inv": "[[ 4.28283048e+00  1.95678661e-01 -3.68080697e-01  1.66040459e+00\n  -2.22977179e+00 -1.71081321e+00]\n [ 1.95678661e-01  3.53570094e+00  1.72825195e-01  1.09224411e+00\n  -8.07176761e-01 -8.48286980e-01]\n [-3.68080697e-01  1.72825195e-01  3.31724965e+00 -8.51951468e-01\n   1.12299946e+00 -1.15316367e-03]\n [ 1.66040459e+00  1.09224411e+00 -8.51951468e-01  4.51100236e+00\n  -5.50468694e-01 -4.78618502e-01]\n [-2.22977179e+00 -8.07176761e-01  1.12299946e+00 -5.50468694e-01\n   7.23973044e+00  4.76713054e+00]\n [-1.71081321e+00 -8.48286980e-01 -1.15316367e-03 -4.78618502e-01\n   4.76713054e+00  6.17924091e+00]]", "nfev": "196", "njev": "28", "status": "0", "success": "True", "message": "Optimization terminated successfully.", "x": "[1.70746987 7.2405342  3.33656398 3.95024123 3.18821917 5.33154955]", "nit": "22"}, "2": {"maxiter": 100, "gtol": 1e-05, "xrtol": 1e-10, "eps": 1e-05, "duration": 0.0337679386138916, "fun": "0.2636290677152082", "jac": "[ 3.47879503e-06  1.96618277e-06 -2.48736587e-06 -1.51333390e-06\n  2.33606468e-06  5.50570700e-07]", "hess_inv": "[[ 4.10934971  0.26600551 -0.25822361  1.53258844 -2.26089385 -1.76456773]\n [ 0.26600551  3.58101476  0.14363054  1.12599277 -0.82195316 -0.85530872]\n [-0.25822361  0.14363054  3.23395354 -0.86387924  1.25284899  0.15773839]\n [ 1.53258844  1.12599277 -0.86387924  4.4915559  -0.53634757 -0.50988273]\n [-2.26089385 -0.82195316  1.25284899 -0.53634757  7.21232083  4.75821081]\n [-1.76456773 -0.85530872  0.15773839 -0.50988273  4.75821081  6.18414523]]", "nfev": "196", "njev": "28", "status": "0", "success": "True", "message": "Optimization terminated successfully.", "x": "[1.70746497 7.24053117 3.33655337 3.95022331 3.18819739 5.33152971]", "nit": "22"}, "3": {"maxiter": 100, "gtol": 1e-05, "xrtol": 1e-10, "eps": 1e-10, "duration": 0.033728837966918945, "fun": "0.2636290677397206", "jac": "[4.44089173e-06 4.44089173e-06 0.00000000e+00 1.11022293e-06\n 3.33066880e-06 2.22044587e-06]", "hess_inv": "[[ 4.28283048e+00  1.95678661e-01 -3.68080697e-01  1.66040459e+00\n  -2.22977179e+00 -1.71081321e+00]\n [ 1.95678661e-01  3.53570094e+00  1.72825195e-01  1.09224411e+00\n  -8.07176761e-01 -8.48286980e-01]\n [-3.68080697e-01  1.72825195e-01  3.31724965e+00 -8.51951468e-01\n   1.12299946e+00 -1.15316367e-03]\n [ 1.66040459e+00  1.09224411e+00 -8.51951468e-01  4.51100236e+00\n  -5.50468694e-01 -4.78618502e-01]\n [-2.22977179e+00 -8.07176761e-01  1.12299946e+00 -5.50468694e-01\n   7.23973044e+00  4.76713054e+00]\n [-1.71081321e+00 -8.48286980e-01 -1.15316367e-03 -4.78618502e-01\n   4.76713054e+00  6.17924091e+00]]", "nfev": "196", "njev": "28", "status": "0", "success": "True", "message": "Optimization terminated successfully.", "x": "[1.70746987 7.2405342  3.33656398 3.95024123 3.18821917 5.33154955]", "nit": "22"}, "4": {"maxiter": 100, "gtol": 1e-10, "xrtol": 1e-05, "eps": 1e-05, "duration": 0.03609180450439453, "fun": "0.26362906770931915", "jac": "[ 2.47761811e-06  1.39851464e-06 -1.77117210e-06 -1.15143450e-06\n  1.61664016e-06  3.78830300e-07]", "hess_inv": "[[ 3.94298765  0.20095015 -0.3896726   1.41275796 -2.13381162 -1.66204369]\n [ 0.20095015  3.55687723  0.0766997   1.07342119 -0.75170974 -0.79724009]\n [-0.3896726   0.0766997   3.31526207 -0.89044382  1.10822477  0.02437328]\n [ 1.41275796  1.07342119 -0.89044382  4.43030032 -0.53495072 -0.51489512]\n [-2.13381162 -0.75170974  1.10822477 -0.53495072  7.4395004   4.96357324]\n [-1.66204369 -0.79724009  0.02437328 -0.51489512  4.96357324  6.369143  ]]", "nfev": "210", "njev": "30", "status": "0", "success": "True", "message": "Optimization terminated successfully.", "x": "[1.7074629  7.24053009 3.33655499 3.95022302 3.18819467 5.33152723]", "nit": "23"}, "5": {"maxiter": 100, "gtol": 1e-10, "xrtol": 1e-05, "eps": 1e-10, "duration": 0.03487801551818848, "fun": "0.2636290677167854", "jac": "[-1.11022293e-06 -4.44089173e-06  1.11022293e-06  1.11022293e-06\n -2.22044587e-06  0.00000000e+00]", "hess_inv": "[[ 3.9453623  -0.0116944  -0.47076704  1.27233095 -2.2430622  -1.73368081]\n [-0.0116944   3.53180571  0.08645929  0.89499754 -0.44617299 -0.55162059]\n [-0.47076704  0.08645929  3.2903854  -0.97779993  1.04942896 -0.06662946]\n [ 1.27233095  0.89499754 -0.97779993  4.07849086 -0.44256042 -0.40122899]\n [-2.2430622  -0.44617299  1.04942896 -0.44256042  8.34243433  5.69477896]\n [-1.73368081 -0.55162059 -0.06662946 -0.40122899  5.69477896  6.95921957]]", "nfev": "203", "njev": "29", "status": "0", "success": "True", "message": "Optimization terminated successfully.", "x": "[1.7074623  7.24052028 3.33656343 3.95022944 3.18819117 5.33152573]", "nit": "23"}, "6": {"maxiter": 100, "gtol": 1e-10, "xrtol": 1e-10, "eps": 1e-05, "duration": 0.07608914375305176, "fun": "0.26362906770757344", "jac": "[ 1.62958536e-06  9.22695254e-07 -1.15932819e-06 -7.50488560e-07\n  1.06293863e-06  2.49633647e-07]", "hess_inv": "[[ 4.00188806  0.22104098 -0.41792037  1.33111288 -2.19703364 -1.69998412]\n [ 0.22104098  3.56140873  0.07014114  1.02768876 -0.80022695 -0.83090771]\n [-0.41792037  0.07014114  3.32375401 -0.82551151  1.17876428  0.07365844]\n [ 1.33111288  1.02768876 -0.82551151  4.40130261 -0.66449173 -0.62965373]\n [-2.19703364 -0.80022695  1.17876428 -0.66449173  7.17374345  4.7470053 ]\n [-1.69998412 -0.83090771  0.07365844 -0.62965373  4.7470053   6.19512881]]", "nfev": "446", "njev": "62", "status": "2", "success": "False", "message": "Desired error not necessarily achieved due to precision loss.", "x": "[1.70746112 7.24052921 3.33655635 3.95022311 3.18819279 5.33152543]", "nit": "24"}, "7": {"maxiter": 100, "gtol": 1e-10, "xrtol": 1e-10, "eps": 1e-10, "duration": 0.06653904914855957, "fun": "0.26362906768096006", "jac": "[ 2.22044587e-06 -1.11022293e-06 -1.11022293e-06 -4.44089173e-06\n  0.00000000e+00 -2.22044587e-06]", "hess_inv": "[[ 24.78969446  -2.63117139  -9.71416688  18.00216763 -53.54675182\n  -38.48600075]\n [ -2.63117139   2.14982582   1.41586908  -2.08993501   4.65733655\n    3.00370796]\n [ -9.71416688   1.41586908   7.3648898   -7.92447819  24.09433175\n   16.59002478]\n [ 18.00216763  -2.08993501  -7.92447819  14.2562794  -41.29154391\n  -30.49630215]\n [-53.54675182   4.65733655  24.09433175 -41.29154391 135.22403846\n   96.99936745]\n [-38.48600075   3.00370796  16.59002478 -30.49630215  96.99936745\n   72.45789276]]", "nfev": "389", "njev": "54", "status": "2", "success": "False", "message": "Desired error not necessarily achieved due to precision loss.", "x": "[1.70745581 7.24052799 3.33656576 3.95022323 3.18821086 5.33153863]", "nit": "25"}, "8": {"maxiter": 500, "gtol": 1e-05, "xrtol": 1e-05, "eps": 1e-05, "duration": 0.0334322452545166, "fun": "0.2636290677152082", "jac": "[ 3.47879503e-06  1.96618277e-06 -2.48736587e-06 -1.51333390e-06\n  2.33606468e-06  5.50570700e-07]", "hess_inv": "[[ 4.10934971  0.26600551 -0.25822361  1.53258844 -2.26089385 -1.76456773]\n [ 0.26600551  3.58101476  0.14363054  1.12599277 -0.82195316 -0.85530872]\n [-0.25822361  0.14363054  3.23395354 -0.86387924  1.25284899  0.15773839]\n [ 1.53258844  1.12599277 -0.86387924  4.4915559  -0.53634757 -0.50988273]\n [-2.26089385 -0.82195316  1.25284899 -0.53634757  7.21232083  4.75821081]\n [-1.76456773 -0.85530872  0.15773839 -0.50988273  4.75821081  6.18414523]]", "nfev": "196", "njev": "28", "status": "0", "success": "True", "message": "Optimization terminated successfully.", "x": "[1.70746497 7.24053117 3.33655337 3.95022331 3.18819739 5.33152971]", "nit": "22"}, "9": {"maxiter": 500, "gtol": 1e-05, "xrtol": 1e-05, "eps": 1e-10, "duration": 0.03332185745239258, "fun": "0.2636290677397206", "jac": "[4.44089173e-06 4.44089173e-06 0.00000000e+00 1.11022293e-06\n 3.33066880e-06 2.22044587e-06]", "hess_inv": "[[ 4.28283048e+00  1.95678661e-01 -3.68080697e-01  1.66040459e+00\n  -2.22977179e+00 -1.71081321e+00]\n [ 1.95678661e-01  3.53570094e+00  1.72825195e-01  1.09224411e+00\n  -8.07176761e-01 -8.48286980e-01]\n [-3.68080697e-01  1.72825195e-01  3.31724965e+00 -8.51951468e-01\n   1.12299946e+00 -1.15316367e-03]\n [ 1.66040459e+00  1.09224411e+00 -8.51951468e-01  4.51100236e+00\n  -5.50468694e-01 -4.78618502e-01]\n [-2.22977179e+00 -8.07176761e-01  1.12299946e+00 -5.50468694e-01\n   7.23973044e+00  4.76713054e+00]\n [-1.71081321e+00 -8.48286980e-01 -1.15316367e-03 -4.78618502e-01\n   4.76713054e+00  6.17924091e+00]]", "nfev": "196", "njev": "28", "status": "0", "success": "True", "message": "Optimization terminated successfully.", "x": "[1.70746987 7.2405342  3.33656398 3.95024123 3.18821917 5.33154955]", "nit": "22"}, "10": {"maxiter": 500, "gtol": 1e-05, "xrtol": 1e-10, "eps": 1e-05, "duration": 0.0333859920501709, "fun": "0.2636290677152082", "jac": "[ 3.47879503e-06  1.96618277e-06 -2.48736587e-06 -1.51333390e-06\n  2.33606468e-06  5.50570700e-07]", "hess_inv": "[[ 4.10934971  0.26600551 -0.25822361  1.53258844 -2.26089385 -1.76456773]\n [ 0.26600551  3.58101476  0.14363054  1.12599277 -0.82195316 -0.85530872]\n [-0.25822361  0.14363054  3.23395354 -0.86387924  1.25284899  0.15773839]\n [ 1.53258844  1.12599277 -0.86387924  4.4915559  -0.53634757 -0.50988273]\n [-2.26089385 -0.82195316  1.25284899 -0.53634757  7.21232083  4.75821081]\n [-1.76456773 -0.85530872  0.15773839 -0.50988273  4.75821081  6.18414523]]", "nfev": "196", "njev": "28", "status": "0", "success": "True", "message": "Optimization terminated successfully.", "x": "[1.70746497 7.24053117 3.33655337 3.95022331 3.18819739 5.33152971]", "nit": "22"}, "11": {"maxiter": 500, "gtol": 1e-05, "xrtol": 1e-10, "eps": 1e-10, "duration": 0.03332710266113281, "fun": "0.2636290677397206", "jac": "[4.44089173e-06 4.44089173e-06 0.00000000e+00 1.11022293e-06\n 3.33066880e-06 2.22044587e-06]", "hess_inv": "[[ 4.28283048e+00  1.95678661e-01 -3.68080697e-01  1.66040459e+00\n  -2.22977179e+00 -1.71081321e+00]\n [ 1.95678661e-01  3.53570094e+00  1.72825195e-01  1.09224411e+00\n  -8.07176761e-01 -8.48286980e-01]\n [-3.68080697e-01  1.72825195e-01  3.31724965e+00 -8.51951468e-01\n   1.12299946e+00 -1.15316367e-03]\n [ 1.66040459e+00  1.09224411e+00 -8.51951468e-01  4.51100236e+00\n  -5.50468694e-01 -4.78618502e-01]\n [-2.22977179e+00 -8.07176761e-01  1.12299946e+00 -5.50468694e-01\n   7.23973044e+00  4.76713054e+00]\n [-1.71081321e+00 -8.48286980e-01 -1.15316367e-03 -4.78618502e-01\n   4.76713054e+00  6.17924091e+00]]", "nfev": "196", "njev": "28", "status": "0", "success": "True", "message": "Optimization terminated successfully.", "x": "[1.70746987 7.2405342  3.33656398 3.95024123 3.18821917 5.33154955]", "nit": "22"}, "12": {"maxiter": 500, "gtol": 1e-10, "xrtol": 1e-05, "eps": 1e-05, "duration": 0.03596186637878418, "fun": "0.26362906770931915", "jac": "[ 2.47761811e-06  1.39851464e-06 -1.77117210e-06 -1.15143450e-06\n  1.61664016e-06  3.78830300e-07]", "hess_inv": "[[ 3.94298765  0.20095015 -0.3896726   1.41275796 -2.13381162 -1.66204369]\n [ 0.20095015  3.55687723  0.0766997   1.07342119 -0.75170974 -0.79724009]\n [-0.3896726   0.0766997   3.31526207 -0.89044382  1.10822477  0.02437328]\n [ 1.41275796  1.07342119 -0.89044382  4.43030032 -0.53495072 -0.51489512]\n [-2.13381162 -0.75170974  1.10822477 -0.53495072  7.4395004   4.96357324]\n [-1.66204369 -0.79724009  0.02437328 -0.51489512  4.96357324  6.369143  ]]", "nfev": "210", "njev": "30", "status": "0", "success": "True", "message": "Optimization terminated successfully.", "x": "[1.7074629  7.24053009 3.33655499 3.95022302 3.18819467 5.33152723]", "nit": "23"}, "13": {"maxiter": 500, "gtol": 1e-10, "xrtol": 1e-05, "eps": 1e-10, "duration": 0.034913063049316406, "fun": "0.2636290677167854", "jac": "[-1.11022293e-06 -4.44089173e-06  1.11022293e-06  1.11022293e-06\n -2.22044587e-06  0.00000000e+00]", "hess_inv": "[[ 3.9453623  -0.0116944  -0.47076704  1.27233095 -2.2430622  -1.73368081]\n [-0.0116944   3.53180571  0.08645929  0.89499754 -0.44617299 -0.55162059]\n [-0.47076704  0.08645929  3.2903854  -0.97779993  1.04942896 -0.06662946]\n [ 1.27233095  0.89499754 -0.97779993  4.07849086 -0.44256042 -0.40122899]\n [-2.2430622  -0.44617299  1.04942896 -0.44256042  8.34243433  5.69477896]\n [-1.73368081 -0.55162059 -0.06662946 -0.40122899  5.69477896  6.95921957]]", "nfev": "203", "njev": "29", "status": "0", "success": "True", "message": "Optimization terminated successfully.", "x": "[1.7074623  7.24052028 3.33656343 3.95022944 3.18819117 5.33152573]", "nit": "23"}, "14": {"maxiter": 500, "gtol": 1e-10, "xrtol": 1e-10, "eps": 1e-05, "duration": 0.0763390064239502, "fun": "0.26362906770757344", "jac": "[ 1.62958536e-06  9.22695254e-07 -1.15932819e-06 -7.50488560e-07\n  1.06293863e-06  2.49633647e-07]", "hess_inv": "[[ 4.00188806  0.22104098 -0.41792037  1.33111288 -2.19703364 -1.69998412]\n [ 0.22104098  3.56140873  0.07014114  1.02768876 -0.80022695 -0.83090771]\n [-0.41792037  0.07014114  3.32375401 -0.82551151  1.17876428  0.07365844]\n [ 1.33111288  1.02768876 -0.82551151  4.40130261 -0.66449173 -0.62965373]\n [-2.19703364 -0.80022695  1.17876428 -0.66449173  7.17374345  4.7470053 ]\n [-1.69998412 -0.83090771  0.07365844 -0.62965373  4.7470053   6.19512881]]", "nfev": "446", "njev": "62", "status": "2", "success": "False", "message": "Desired error not necessarily achieved due to precision loss.", "x": "[1.70746112 7.24052921 3.33655635 3.95022311 3.18819279 5.33152543]", "nit": "24"}, "15": {"maxiter": 500, "gtol": 1e-10, "xrtol": 1e-10, "eps": 1e-10, "duration": 0.06664609909057617, "fun": "0.26362906768096006", "jac": "[ 2.22044587e-06 -1.11022293e-06 -1.11022293e-06 -4.44089173e-06\n  0.00000000e+00 -2.22044587e-06]", "hess_inv": "[[ 24.78969446  -2.63117139  -9.71416688  18.00216763 -53.54675182\n  -38.48600075]\n [ -2.63117139   2.14982582   1.41586908  -2.08993501   4.65733655\n    3.00370796]\n [ -9.71416688   1.41586908   7.3648898   -7.92447819  24.09433175\n   16.59002478]\n [ 18.00216763  -2.08993501  -7.92447819  14.2562794  -41.29154391\n  -30.49630215]\n [-53.54675182   4.65733655  24.09433175 -41.29154391 135.22403846\n   96.99936745]\n [-38.48600075   3.00370796  16.59002478 -30.49630215  96.99936745\n   72.45789276]]", "nfev": "389", "njev": "54", "status": "2", "success": "False", "message": "Desired error not necessarily achieved due to precision loss.", "x": "[1.70745581 7.24052799 3.33656576 3.95022323 3.18821086 5.33153863]", "nit": "25"}, "16": {"maxiter": 1000, "gtol": 1e-05, "xrtol": 1e-05, "eps": 1e-05, "duration": 0.03383588790893555, "fun": "0.2636290677152082", "jac": "[ 3.47879503e-06  1.96618277e-06 -2.48736587e-06 -1.51333390e-06\n  2.33606468e-06  5.50570700e-07]", "hess_inv": "[[ 4.10934971  0.26600551 -0.25822361  1.53258844 -2.26089385 -1.76456773]\n [ 0.26600551  3.58101476  0.14363054  1.12599277 -0.82195316 -0.85530872]\n [-0.25822361  0.14363054  3.23395354 -0.86387924  1.25284899  0.15773839]\n [ 1.53258844  1.12599277 -0.86387924  4.4915559  -0.53634757 -0.50988273]\n [-2.26089385 -0.82195316  1.25284899 -0.53634757  7.21232083  4.75821081]\n [-1.76456773 -0.85530872  0.15773839 -0.50988273  4.75821081  6.18414523]]", "nfev": "196", "njev": "28", "status": "0", "success": "True", "message": "Optimization terminated successfully.", "x": "[1.70746497 7.24053117 3.33655337 3.95022331 3.18819739 5.33152971]", "nit": "22"}, "17": {"maxiter": 1000, "gtol": 1e-05, "xrtol": 1e-05, "eps": 1e-10, "duration": 0.033831119537353516, "fun": "0.2636290677397206", "jac": "[4.44089173e-06 4.44089173e-06 0.00000000e+00 1.11022293e-06\n 3.33066880e-06 2.22044587e-06]", "hess_inv": "[[ 4.28283048e+00  1.95678661e-01 -3.68080697e-01  1.66040459e+00\n  -2.22977179e+00 -1.71081321e+00]\n [ 1.95678661e-01  3.53570094e+00  1.72825195e-01  1.09224411e+00\n  -8.07176761e-01 -8.48286980e-01]\n [-3.68080697e-01  1.72825195e-01  3.31724965e+00 -8.51951468e-01\n   1.12299946e+00 -1.15316367e-03]\n [ 1.66040459e+00  1.09224411e+00 -8.51951468e-01  4.51100236e+00\n  -5.50468694e-01 -4.78618502e-01]\n [-2.22977179e+00 -8.07176761e-01  1.12299946e+00 -5.50468694e-01\n   7.23973044e+00  4.76713054e+00]\n [-1.71081321e+00 -8.48286980e-01 -1.15316367e-03 -4.78618502e-01\n   4.76713054e+00  6.17924091e+00]]", "nfev": "196", "njev": "28", "status": "0", "success": "True", "message": "Optimization terminated successfully.", "x": "[1.70746987 7.2405342  3.33656398 3.95024123 3.18821917 5.33154955]", "nit": "22"}, "18": {"maxiter": 1000, "gtol": 1e-05, "xrtol": 1e-10, "eps": 1e-05, "duration": 0.03384113311767578, "fun": "0.2636290677152082", "jac": "[ 3.47879503e-06  1.96618277e-06 -2.48736587e-06 -1.51333390e-06\n  2.33606468e-06  5.50570700e-07]", "hess_inv": "[[ 4.10934971  0.26600551 -0.25822361  1.53258844 -2.26089385 -1.76456773]\n [ 0.26600551  3.58101476  0.14363054  1.12599277 -0.82195316 -0.85530872]\n [-0.25822361  0.14363054  3.23395354 -0.86387924  1.25284899  0.15773839]\n [ 1.53258844  1.12599277 -0.86387924  4.4915559  -0.53634757 -0.50988273]\n [-2.26089385 -0.82195316  1.25284899 -0.53634757  7.21232083  4.75821081]\n [-1.76456773 -0.85530872  0.15773839 -0.50988273  4.75821081  6.18414523]]", "nfev": "196", "njev": "28", "status": "0", "success": "True", "message": "Optimization terminated successfully.", "x": "[1.70746497 7.24053117 3.33655337 3.95022331 3.18819739 5.33152971]", "nit": "22"}, "19": {"maxiter": 1000, "gtol": 1e-05, "xrtol": 1e-10, "eps": 1e-10, "duration": 0.03420686721801758, "fun": "0.2636290677397206", "jac": "[4.44089173e-06 4.44089173e-06 0.00000000e+00 1.11022293e-06\n 3.33066880e-06 2.22044587e-06]", "hess_inv": "[[ 4.28283048e+00  1.95678661e-01 -3.68080697e-01  1.66040459e+00\n  -2.22977179e+00 -1.71081321e+00]\n [ 1.95678661e-01  3.53570094e+00  1.72825195e-01  1.09224411e+00\n  -8.07176761e-01 -8.48286980e-01]\n [-3.68080697e-01  1.72825195e-01  3.31724965e+00 -8.51951468e-01\n   1.12299946e+00 -1.15316367e-03]\n [ 1.66040459e+00  1.09224411e+00 -8.51951468e-01  4.51100236e+00\n  -5.50468694e-01 -4.78618502e-01]\n [-2.22977179e+00 -8.07176761e-01  1.12299946e+00 -5.50468694e-01\n   7.23973044e+00  4.76713054e+00]\n [-1.71081321e+00 -8.48286980e-01 -1.15316367e-03 -4.78618502e-01\n   4.76713054e+00  6.17924091e+00]]", "nfev": "196", "njev": "28", "status": "0", "success": "True", "message": "Optimization terminated successfully.", "x": "[1.70746987 7.2405342  3.33656398 3.95024123 3.18821917 5.33154955]", "nit": "22"}, "20": {"maxiter": 1000, "gtol": 1e-10, "xrtol": 1e-05, "eps": 1e-05, "duration": 0.03624296188354492, "fun": "0.26362906770931915", "jac": "[ 2.47761811e-06  1.39851464e-06 -1.77117210e-06 -1.15143450e-06\n  1.61664016e-06  3.78830300e-07]", "hess_inv": "[[ 3.94298765  0.20095015 -0.3896726   1.41275796 -2.13381162 -1.66204369]\n [ 0.20095015  3.55687723  0.0766997   1.07342119 -0.75170974 -0.79724009]\n [-0.3896726   0.0766997   3.31526207 -0.89044382  1.10822477  0.02437328]\n [ 1.41275796  1.07342119 -0.89044382  4.43030032 -0.53495072 -0.51489512]\n [-2.13381162 -0.75170974  1.10822477 -0.53495072  7.4395004   4.96357324]\n [-1.66204369 -0.79724009  0.02437328 -0.51489512  4.96357324  6.369143  ]]", "nfev": "210", "njev": "30", "status": "0", "success": "True", "message": "Optimization terminated successfully.", "x": "[1.7074629  7.24053009 3.33655499 3.95022302 3.18819467 5.33152723]", "nit": "23"}, "21": {"maxiter": 1000, "gtol": 1e-10, "xrtol": 1e-05, "eps": 1e-10, "duration": 0.035179853439331055, "fun": "0.2636290677167854", "jac": "[-1.11022293e-06 -4.44089173e-06  1.11022293e-06  1.11022293e-06\n -2.22044587e-06  0.00000000e+00]", "hess_inv": "[[ 3.9453623  -0.0116944  -0.47076704  1.27233095 -2.2430622  -1.73368081]\n [-0.0116944   3.53180571  0.08645929  0.89499754 -0.44617299 -0.55162059]\n [-0.47076704  0.08645929  3.2903854  -0.97779993  1.04942896 -0.06662946]\n [ 1.27233095  0.89499754 -0.97779993  4.07849086 -0.44256042 -0.40122899]\n [-2.2430622  -0.44617299  1.04942896 -0.44256042  8.34243433  5.69477896]\n [-1.73368081 -0.55162059 -0.06662946 -0.40122899  5.69477896  6.95921957]]", "nfev": "203", "njev": "29", "status": "0", "success": "True", "message": "Optimization terminated successfully.", "x": "[1.7074623  7.24052028 3.33656343 3.95022944 3.18819117 5.33152573]", "nit": "23"}, "22": {"maxiter": 1000, "gtol": 1e-10, "xrtol": 1e-10, "eps": 1e-05, "duration": 0.07669377326965332, "fun": "0.26362906770757344", "jac": "[ 1.62958536e-06  9.22695254e-07 -1.15932819e-06 -7.50488560e-07\n  1.06293863e-06  2.49633647e-07]", "hess_inv": "[[ 4.00188806  0.22104098 -0.41792037  1.33111288 -2.19703364 -1.69998412]\n [ 0.22104098  3.56140873  0.07014114  1.02768876 -0.80022695 -0.83090771]\n [-0.41792037  0.07014114  3.32375401 -0.82551151  1.17876428  0.07365844]\n [ 1.33111288  1.02768876 -0.82551151  4.40130261 -0.66449173 -0.62965373]\n [-2.19703364 -0.80022695  1.17876428 -0.66449173  7.17374345  4.7470053 ]\n [-1.69998412 -0.83090771  0.07365844 -0.62965373  4.7470053   6.19512881]]", "nfev": "446", "njev": "62", "status": "2", "success": "False", "message": "Desired error not necessarily achieved due to precision loss.", "x": "[1.70746112 7.24052921 3.33655635 3.95022311 3.18819279 5.33152543]", "nit": "24"}, "23": {"maxiter": 1000, "gtol": 1e-10, "xrtol": 1e-10, "eps": 1e-10, "duration": 0.06693673133850098, "fun": "0.26362906768096006", "jac": "[ 2.22044587e-06 -1.11022293e-06 -1.11022293e-06 -4.44089173e-06\n  0.00000000e+00 -2.22044587e-06]", "hess_inv": "[[ 24.78969446  -2.63117139  -9.71416688  18.00216763 -53.54675182\n  -38.48600075]\n [ -2.63117139   2.14982582   1.41586908  -2.08993501   4.65733655\n    3.00370796]\n [ -9.71416688   1.41586908   7.3648898   -7.92447819  24.09433175\n   16.59002478]\n [ 18.00216763  -2.08993501  -7.92447819  14.2562794  -41.29154391\n  -30.49630215]\n [-53.54675182   4.65733655  24.09433175 -41.29154391 135.22403846\n   96.99936745]\n [-38.48600075   3.00370796  16.59002478 -30.49630215  96.99936745\n   72.45789276]]", "nfev": "389", "njev": "54", "status": "2", "success": "False", "message": "Desired error not necessarily achieved due to precision loss.", "x": "[1.70745581 7.24052799 3.33656576 3.95022323 3.18821086 5.33153863]", "nit": "25"}}, "cobyla": {"0": {"maxiter": 100, "tol": 1e-05, "catol": 1e-05, "duration": 0.016601085662841797, "x": "[1.70785167 7.24207758 3.33650267 3.95119733 3.1889079  5.33168585]", "status": "2", "success": "False", "message": "Maximum number of function evaluations has been exceeded.", "nfev": "100", "fun": "0.2636295731179318", "maxcv": "0.0"}, "1": {"maxiter": 100, "tol": 1e-05, "catol": 1e-10, "duration": 0.016590118408203125, "x": "[1.70785167 7.24207758 3.33650267 3.95119733 3.1889079  5.33168585]", "status": "2", "success": "False", "message": "Maximum number of function evaluations has been exceeded.", "nfev": "100", "fun": "0.2636295731179318", "maxcv": "0.0"}, "2": {"maxiter": 100, "tol": 1e-10, "catol": 1e-05, "duration": 0.01657390594482422, "x": "[1.70785167 7.24207758 3.33650267 3.95119733 3.1889079  5.33168585]", "status": "2", "success": "False", "message": "Maximum number of function evaluations has been exceeded.", "nfev": "100", "fun": "0.2636295731179318", "maxcv": "0.0"}, "3": {"maxiter": 100, "tol": 1e-10, "catol": 1e-10, "duration": 0.01656484603881836, "x": "[1.70785167 7.24207758 3.33650267 3.95119733 3.1889079  5.33168585]", "status": "2", "success": "False", "message": "Maximum number of function evaluations has been exceeded.", "nfev": "100", "fun": "0.2636295731179318", "maxcv": "0.0"}, "4": {"maxiter": 500, "tol": 1e-05, "catol": 1e-05, "duration": 0.0312807559967041, "x": "[1.70744003 7.24051556 3.3365757  3.95021982 3.1882316  5.33156201]", "status": "1", "success": "True", "message": "Optimization terminated successfully.", "nfev": "189", "fun": "0.263