{"date": "2024/07/18/, 18:02:19", "conf_id": 16, "data_type": "random\n", "num_data_points": 1, "s_rank": 0, "unitary": "[[-0.56303964-0.00798273j,-0.21670212-0.15784972j,-0.06047197-0.73952673j,-0.01438004+0.24552571j],[-0.06976756+0.23474685j,-0.01275565-0.5435098j,-0.02703657-0.08917885j,-0.08210486-0.79311774j],[-0.38559961+0.10714929j,0.5933431-0.2687392j,-0.24060861+0.29149289j,-0.45147719+0.26241743j],[-0.50180421+0.45931857j,-0.11617175+0.44134496j,0.49642745+0.22684508j,-0.08544628-0.15407063j]]", "databatch_0": {"databatch": "[[[0.18359778-0.05731629j,0.28285667+0.18574795j,0.11961838-0.03881763j,0.18692268+0.17197432j],[0.06595863+0.29985602j,0.1319522+0.34844993j,0.08352771+0.20417349j,-0.09856658+0.24679959j],[-0.14023834-0.00780672j,-0.07901865-0.16447414j,-0.13853394-0.12395462j,-0.05134566-0.28813528j],[-0.15352999-0.19169807j,0.10864262-0.29314823j,-0.04219803-0.12916573j,0.18521964-0.17809054j]]]", "initial param values": "[4.01997904,5.31561045,1.15880494,6.26524608,5.90056603,5.08438135]", "nelder_mead": {"type": "gradient-free", "0": {"maxiter": 100, "fatol": 1e-05, "xatol": 1e-05, "duration": 0.026763916015625, "fun": "0.13458819401382482", "nit": "100", "nfev": "157", "status": "2", "success": "False", "message": "Maximum number of iterations has been exceeded.", "x": "[5.33608786 5.93670623 1.30972388 7.33817126 7.02136901 4.78309022]", "final_simplex": "(array([[5.33608786, 5.93670623, 1.30972388, 7.33817126, 7.02136901,\n        4.78309022],\n       [5.30110174, 5.90153043, 1.3482999 , 7.40863716, 7.13647619,\n        4.81557759],\n       [5.25912504, 5.93711058, 1.33991103, 7.40097426, 7.08702731,\n        4.80692926],\n       [5.28104576, 5.92827058, 1.32003972, 7.39037728, 7.13185241,\n        4.79378235],\n       [5.33996781, 5.88764403, 1.34594206, 7.30395134, 7.02933027,\n        4.81300475],\n       [5.27743642, 5.94388573, 1.30400967, 7.36874424, 7.02922012,\n        4.82083637],\n       [5.22387127, 5.87064658, 1.33924653, 7.40789156, 7.17670198,\n        4.78691084]]), array([0.13458819, 0.13469306, 0.13472777, 0.13477562, 0.13481708,\n       0.13498147, 0.13499217]))"}, "1": {"maxiter": 100, "fatol": 1e-05, "xatol": 1e-10, "duration": 0.026664018630981445, "fun": "0.13458819401382482", "nit": "100", "nfev": "157", "status": "2", "success": "False", "message": "Maximum number of iterations has been exceeded.", "x": "[5.33608786 5.93670623 1.30972388 7.33817126 7.02136901 4.78309022]", "final_simplex": "(array([[5.33608786, 5.93670623, 1.30972388, 7.33817126, 7.02136901,\n        4.78309022],\n       [5.30110174, 5.90153043, 1.3482999 , 7.40863716, 7.13647619,\n        4.81557759],\n       [5.25912504, 5.93711058, 1.33991103, 7.40097426, 7.08702731,\n        4.80692926],\n       [5.28104576, 5.92827058, 1.32003972, 7.39037728, 7.13185241,\n        4.79378235],\n       [5.33996781, 5.88764403, 1.34594206, 7.30395134, 7.02933027,\n        4.81300475],\n       [5.27743642, 5.94388573, 1.30400967, 7.36874424, 7.02922012,\n        4.82083637],\n       [5.22387127, 5.87064658, 1.33924653, 7.40789156, 7.17670198,\n        4.78691084]]), array([0.13458819, 0.13469306, 0.13472777, 0.13477562, 0.13481708,\n       0.13498147, 0.13499217]))"}, "2": {"maxiter": 100, "fatol": 1e-10, "xatol": 1e-05, "duration": 0.027418136596679688, "fun": "0.13458819401382482", "nit": "100", "nfev": "157", "status": "2", "success": "False", "message": "Maximum number of iterations has been exceeded.", "x": "[5.33608786 5.93670623 1.30972388 7.33817126 7.02136901 4.78309022]", "final_simplex": "(array([[5.33608786, 5.93670623, 1.30972388, 7.33817126, 7.02136901,\n        4.78309022],\n       [5.30110174, 5.90153043, 1.3482999 , 7.40863716, 7.13647619,\n        4.81557759],\n       [5.25912504, 5.93711058, 1.33991103, 7.40097426, 7.08702731,\n        4.80692926],\n       [5.28104576, 5.92827058, 1.32003972, 7.39037728, 7.13185241,\n        4.79378235],\n       [5.33996781, 5.88764403, 1.34594206, 7.30395134, 7.02933027,\n        4.81300475],\n       [5.27743642, 5.94388573, 1.30400967, 7.36874424, 7.02922012,\n        4.82083637],\n       [5.22387127, 5.87064658, 1.33924653, 7.40789156, 7.17670198,\n        4.78691084]]), array([0.13458819, 0.13469306, 0.13472777, 0.13477562, 0.13481708,\n       0.13498147, 0.13499217]))"}, "3": {"maxiter": 100, "fatol": 1e-10, "xatol": 1e-10, "duration": 0.026181936264038086, "fun": "0.13458819401382482", "nit": "100", "nfev": "157", "status": "2", "success": "False", "message": "Maximum number of iterations has been exceeded.", "x": "[5.33608786 5.93670623 1.30972388 7.33817126 7.02136901 4.78309022]", "final_simplex": "(array([[5.33608786, 5.93670623, 1.30972388, 7.33817126, 7.02136901,\n        4.78309022],\n       [5.30110174, 5.90153043, 1.3482999 , 7.40863716, 7.13647619,\n        4.81557759],\n       [5.25912504, 5.93711058, 1.33991103, 7.40097426, 7.08702731,\n        4.80692926],\n       [5.28104576, 5.92827058, 1.32003972, 7.39037728, 7.13185241,\n        4.79378235],\n       [5.33996781, 5.88764403, 1.34594206, 7.30395134, 7.02933027,\n        4.81300475],\n       [5.27743642, 5.94388573, 1.30400967, 7.36874424, 7.02922012,\n        4.82083637],\n       [5.22387127, 5.87064658, 1.33924653, 7.40789156, 7.17670198,\n        4.78691084]]), array([0.13458819, 0.13469306, 0.13472777, 0.13477562, 0.13481708,\n       0.13498147, 0.13499217]))"}, "4": {"maxiter": 500, "fatol": 1e-05, "xatol": 1e-05, "duration": 0.06961226463317871, "fun": "0.13407599183001806", "nit": "264", "nfev": "427", "status": "0", "success": "True", "message": "Optimization terminated successfully.", "x": "[5.37407228 5.87863783 1.35343799 7.36798476 7.04230522 4.79076772]", "final_simplex": "(array([[5.37407228, 5.87863783, 1.35343799, 7.36798476, 7.04230522,\n        4.79076772],\n       [5.3740792 , 5.87863724, 1.3534358 , 7.36798435, 7.0423007 ,\n        4.79076717],\n       [5.37407323, 5.87863799, 1.35343834, 7.36798805, 7.04231   ,\n        4.79076594],\n       [5.37407581, 5.87863948, 1.35343605, 7.36798564, 7.0423073 ,\n        4.79076657],\n       [5.37406508, 5.87863905, 1.35343758, 7.36799149, 7.04231395,\n        4.79076536],\n       [5.37407294, 5.87863855, 1.35343691, 7.36798653, 7.04230517,\n        4.79076906],\n       [5.37407852, 5.87863472, 1.35343688, 7.36798771, 7.04230854,\n        4.7907675 ]]), array([0.13407599, 0.13407599, 0.13407599, 0.13407599, 0.13407599,\n       0.13407599, 0.13407599]))"}, "5": {"maxiter": 500, "fatol": 1e-05, "xatol": 1e-10, "duration": 0.1053919792175293, "fun": "0.13407599182937635", "nit": "365", "nfev": "650", "status": "0", "success": "True", "message": "Optimization terminated successfully.", "x": "[5.37407065 5.8786374  1.35343787 7.36798609 7.04230814 4.79076584]", "final_simplex": "(array([[5.37407065, 5.8786374 , 1.35343787, 7.36798609, 7.04230814,\n        4.79076584],\n       [5.37407065, 5.8786374 , 1.35343787, 7.36798609, 7.04230814,\n        4.79076584],\n       [5.37407065, 5.8786374 , 1.35343787, 7.36798609, 7.04230814,\n        4.79076584],\n       [5.37407065, 5.8786374 , 1.35343787, 7.36798609, 7.04230814,\n        4.79076584],\n       [5.37407065, 5.8786374 , 1.35343787, 7.36798609, 7.04230814,\n        4.79076584],\n       [5.37407065, 5.8786374 , 1.35343787, 7.36798609, 7.04230814,\n        4.79076584],\n       [5.37407065, 5.8786374 , 1.35343787, 7.36798609, 7.04230814,\n        4.79076584]]), array([0.13407599, 0.13407599, 0.13407599, 0.13407599, 0.13407599,\n       0.13407599, 0.13407599]))"}, "6": {"maxiter": 500, "fatol": 1e-10, "xatol": 1e-05, "duration": 0.06840300559997559, "fun": "0.13407599183001806", "nit": "264", "nfev": "427", "status": "0", "success": "True", "message": "Optimization terminated successfully.", "x": "[5.37407228 5.87863783 1.35343799 7.36798476 7.04230522 4.79076772]", "final_simplex": "(array([[5.37407228, 5.87863783, 1.35343799, 7.36798476, 7.04230522,\n        4.79076772],\n       [5.3740792 , 5.87863724, 1.3534358 , 7.36798435, 7.0423007 ,\n        4.79076717],\n       [5.37407323, 5.87863799, 1.35343834, 7.36798805, 7.04231   ,\n        4.79076594],\n       [5.37407581, 5.87863948, 1.35343605, 7.36798564, 7.0423073 ,\n        4.79076657],\n       [5.37406508, 5.87863905, 1.35343758, 7.36799149, 7.04231395,\n        4.79076536],\n       [5.37407294, 5.87863855, 1.35343691, 7.36798653, 7.04230517,\n        4.79076906],\n       [5.37407852, 5.87863472, 1.35343688, 7.36798771, 7.04230854,\n        4.7907675 ]]), array([0.13407599, 0.13407599, 0.13407599, 0.13407599, 0.13407599,\n       0.13407599, 0.13407599]))"}, "7": {"maxiter": 500, "fatol": 1e-10, "xatol": 1e-10, "duration": 0.10408306121826172, "fun": "0.13407599182937635", "nit": "365", "nfev": "650", "status": "0", "success": "True", "message": "Optimization terminated successfully.", "x": "[5.37407065 5.8786374  1.35343787 7.36798609 7.04230814 4.79076584]", "final_simplex": "(array([[5.37407065, 5.8786374 , 1.35343787, 7.36798609, 7.04230814,\n        4.79076584],\n       [5.37407065, 5.8786374 , 1.35343787, 7.36798609, 7.04230814,\n        4.79076584],\n       [5.37407065, 5.8786374 , 1.35343787, 7.36798609, 7.04230814,\n        4.79076584],\n       [5.37407065, 5.8786374 , 1.35343787, 7.36798609, 7.04230814,\n        4.79076584],\n       [5.37407065, 5.8786374 , 1.35343787, 7.36798609, 7.04230814,\n        4.79076584],\n       [5.37407065, 5.8786374 , 1.35343787, 7.36798609, 7.04230814,\n        4.79076584],\n       [5.37407065, 5.8786374 , 1.35343787, 7.36798609, 7.04230814,\n        4.79076584]]), array([0.13407599, 0.13407599, 0.13407599, 0.13407599, 0.13407599,\n       0.13407599, 0.13407599]))"}, "8": {"maxiter": 1000, "fatol": 1e-05, "xatol": 1e-05, "duration": 0.06881833076477051, "fun": "0.13407599183001806", "nit": "264", "nfev": "427", "status": "0", "success": "True", "message": "Optimization terminated successfully.", "x": "[5.37407228 5.87863783 1.35343799 7.36798476 7.04230522 4.79076772]", "final_simplex": "(array([[5.37407228, 5.87863783, 1.35343799, 7.36798476, 7.04230522,\n        4.79076772],\n       [5.3740792 , 5.87863724, 1.3534358 , 7.36798435, 7.0423007 ,\n        4.79076717],\n       [5.37407323, 5.87863799, 1.35343834, 7.36798805, 7.04231   ,\n        4.79076594],\n       [5.37407581, 5.87863948, 1.35343605, 7.36798564, 7.0423073 ,\n        4.79076657],\n       [5.37406508, 5.87863905, 1.35343758, 7.36799149, 7.04231395,\n        4.79076536],\n       [5.37407294, 5.87863855, 1.35343691, 7.36798653, 7.04230517,\n        4.79076906],\n       [5.37407852, 5.87863472, 1.35343688, 7.36798771, 7.04230854,\n        4.7907675 ]]), array([0.13407599, 0.13407599, 0.13407599, 0.13407599, 0.13407599,\n       0.13407599, 0.13407599]))"}, "9": {"maxiter": 1000, "fatol": 1e-05, "xatol": 1e-10, "duration": 0.10408687591552734, "fun": "0.13407599182937635", "nit": "365", "nfev": "650", "status": "0", "success": "True", "message": "Optimization terminated successfully.", "x": "[5.37407065 5.8786374  1.35343787 7.36798609 7.04230814 4.79076584]", "final_simplex": "(array([[5.37407065, 5.8786374 , 1.35343787, 7.36798609, 7.04230814,\n        4.79076584],\n       [5.37407065, 5.8786374 , 1.35343787, 7.36798609, 7.04230814,\n        4.79076584],\n       [5.37407065, 5.8786374 , 1.35343787, 7.36798609, 7.04230814,\n        4.79076584],\n       [5.37407065, 5.8786374 , 1.35343787, 7.36798609, 7.04230814,\n        4.79076584],\n       [5.37407065, 5.8786374 , 1.35343787, 7.36798609, 7.04230814,\n        4.79076584],\n       [5.37407065, 5.8786374 , 1.35343787, 7.36798609, 7.04230814,\n        4.79076584],\n       [5.37407065, 5.8786374 , 1.35343787, 7.36798609, 7.04230814,\n        4.79076584]]), array([0.13407599, 0.13407599, 0.13407599, 0.13407599, 0.13407599,\n       0.13407599, 0.13407599]))"}, "10": {"maxiter": 1000, "fatol": 1e-10, "xatol": 1e-05, "duration": 0.06882405281066895, "fun": "0.13407599183001806", "nit": "264", "nfev": "427", "status": "0", "success": "True", "message": "Optimization terminated successfully.", "x": "[5.37407228 5.87863783 1.35343799 7.36798476 7.04230522 4.79076772]", "final_simplex": "(array([[5.37407228, 5.87863783, 1.35343799, 7.36798476, 7.04230522,\n        4.79076772],\n       [5.3740792 , 5.87863724, 1.3534358 , 7.36798435, 7.0423007 ,\n        4.79076717],\n       [5.37407323, 5.87863799, 1.35343834, 7.36798805, 7.04231   ,\n        4.79076594],\n       [5.37407581, 5.87863948, 1.35343605, 7.36798564, 7.0423073 ,\n        4.79076657],\n       [5.37406508, 5.87863905, 1.35343758, 7.36799149, 7.04231395,\n        4.79076536],\n       [5.37407294, 5.87863855, 1.35343691, 7.36798653, 7.04230517,\n        4.79076906],\n       [5.37407852, 5.87863472, 1.35343688, 7.36798771, 7.04230854,\n        4.7907675 ]]), array([0.13407599, 0.13407599, 0.13407599, 0.13407599, 0.13407599,\n       0.13407599, 0.13407599]))"}, "11": {"maxiter": 1000, "fatol": 1e-10, "xatol": 1e-10, "duration": 0.10470008850097656, "fun": "0.13407599182937635", "nit": "365", "nfev": "650", "status": "0", "success": "True", "message": "Optimization terminated successfully.", "x": "[5.37407065 5.8786374  1.35343787 7.36798609 7.04230814 4.79076584]", "final_simplex": "(array([[5.37407065, 5.8786374 , 1.35343787, 7.36798609, 7.04230814,\n        4.79076584],\n       [5.37407065, 5.8786374 , 1.35343787, 7.36798609, 7.04230814,\n        4.79076584],\n       [5.37407065, 5.8786374 , 1.35343787, 7.36798609, 7.04230814,\n        4.79076584],\n       [5.37407065, 5.8786374 , 1.35343787, 7.36798609, 7.04230814,\n        4.79076584],\n       [5.37407065, 5.8786374 , 1.35343787, 7.36798609, 7.04230814,\n        4.79076584],\n       [5.37407065, 5.8786374 , 1.35343787, 7.36798609, 7.04230814,\n        4.79076584],\n       [5.37407065, 5.8786374 , 1.35343787, 7.36798609, 7.04230814,\n        4.79076584]]), array([0.13407599, 0.13407599, 0.13407599, 0.13407599, 0.13407599,\n       0.13407599, 0.13407599]))"}}, "bfgs": {"type": "gradient", "0": {"maxiter": 100, "gtol": 1e-05, "xrtol": 1e-05, "eps": 1e-05, "duration": 0.03499913215637207, "fun": "0.13407599196076925", "jac": "[-1.98937533e-06  2.91079383e-06 -2.65143463e-07  6.52700116e-06\n -3.45565798e-06  1.15040200e-06]", "hess_inv": "[[ 34.86637231  -5.98865285  -2.3565878   -6.85003836 -21.93967569\n    5.35089774]\n [ -5.98865285   6.15918297  -2.94293261   0.39186745   0.27616232\n   -0.94337672]\n [ -2.3565878   -2.94293261   4.75021701   0.66466564   4.27166092\n   -1.056832  ]\n [ -6.85003836   0.39186745   0.66466564   8.01860287  14.09927937\n   -3.08900703]\n [-21.93967569   0.27616232   4.27166092  14.09927937  37.93238813\n   -9.33023078]\n [  5.35089774  -0.94337672  -1.056832    -3.08900703  -9.33023078\n    5.22504094]]", "nfev": "203", "njev": "29", "status": "0", "success": "True", "message": "Optimization terminated successfully.", "x": "[5.37404407 5.87865898 1.35341916 7.36798977 7.04227905 4.79077075]", "nit": "28"}, "1": {"maxiter": 100, "gtol": 1e-05, "xrtol": 1e-05, "eps": 1e-10, "duration": 0.03718996047973633, "fun": "0.1340759919464629", "jac": "[-1.11022293e-06  2.22044587e-06  3.33066880e-06  5.55111466e-06\n -2.22044587e-06  0.00000000e+00]", "hess_inv": "[[ 34.05224274  -6.45516909  -1.93433553  -6.83793264 -21.14924771\n    5.29943783]\n [ -6.45516909   6.15567822  -2.88257396  -0.33655     -0.36044383\n   -0.92375618]\n [ -1.93433553  -2.88257396   4.64483092   1.05779583   4.43373222\n   -1.00947119]\n [ -6.83793264  -0.33655      1.05779583   8.79441601  15.38255916\n   -2.80754009]\n [-21.14924771  -0.36044383   4.43373222  15.38255916  39.60605429\n   -9.09210145]\n [  5.29943783  -0.92375618  -1.00947119  -2.80754009  -9.09210145\n    5.19434735]]", "nfev": "217", "njev": "31", "status": "0", "success": "True", "message": "Optimization terminated successfully.", "x": "[5.37398425 5.87866311 1.35343572 7.36800789 7.04235376 4.79075411]", "nit": "29"}, "2": {"maxiter": 100, "gtol": 1e-05, "xrtol": 1e-10, "eps": 1e-05, "duration": 0.034657955169677734, "fun": "0.13407599196076925", "jac": "[-1.98937533e-06  2.91079383e-06 -2.65143463e-07  6.52700116e-06\n -3.45565798e-06  1.15040200e-06]", "hess_inv": "[[ 34.86637231  -5.98865285  -2.3565878   -6.85003836 -21.93967569\n    5.35089774]\n [ -5.98865285   6.15918297  -2.94293261   0.39186745   0.27616232\n   -0.94337672]\n [ -2.3565878   -2.94293261   4.75021701   0.66466564   4.27166092\n   -1.056832  ]\n [ -6.85003836   0.39186745   0.66466564   8.01860287  14.09927937\n   -3.08900703]\n [-21.93967569   0.27616232   4.27166092  14.09927937  37.93238813\n   -9.33023078]\n [  5.35089774  -0.94337672  -1.056832    -3.08900703  -9.33023078\n    5.22504094]]", "nfev": "203", "njev": "29", "status": "0", "success": "True", "message": "Optimization terminated successfully.", "x": "[5.37404407 5.87865898 1.35341916 7.36798977 7.04227905 4.79077075]", "nit": "28"}, "3": {"maxiter": 100, "gtol": 1e-05, "xrtol": 1e-10, "eps": 1e-10, "duration": 0.03738093376159668, "fun": "0.1340759919464629", "jac": "[-1.11022293e-06  2.22044587e-06  3.33066880e-06  5.55111466e-06\n -2.22044587e-06  0.00000000e+00]", "hess_inv": "[[ 34.05224274  -6.45516909  -1.93433553  -6.83793264 -21.14924771\n    5.29943783]\n [ -6.45516909   6.15567822  -2.88257396  -0.33655     -0.36044383\n   -0.92375618]\n [ -1.93433553  -2.88257396   4.64483092   1.05779583   4.43373222\n   -1.00947119]\n [ -6.83793264  -0.33655      1.05779583   8.79441601  15.38255916\n   -2.80754009]\n [-21.14924771  -0.36044383   4.43373222  15.38255916  39.60605429\n   -9.09210145]\n [  5.29943783  -0.92375618  -1.00947119  -2.80754009  -9.09210145\n    5.19434735]]", "nfev": "217", "njev": "31", "status": "0", "success": "True", "message": "Optimization terminated successfully.", "x": "[5.37398425 5.87866311 1.35343572 7.36800789 7.04235376 4.79075411]", "nit": "29"}, "4": {"maxiter": 100, "gtol": 1e-10, "xrtol": 1e-05, "eps": 1e-05, "duration": 0.03601193428039551, "fun": "0.13407599185750263", "jac": "[ 2.17825757e-08 -6.97852887e-07 -4.92161867e-08  1.03621556e-06\n -2.42017517e-07 -1.37826417e-06]", "hess_inv": "[[ 35.51123397  -5.6420908   -2.67081668  -7.08137814 -22.26844478\n    5.0261134 ]\n [ -5.6420908    5.61974597  -2.59862661   0.30408841   0.4963607\n   -0.86957428]\n [ -2.67081668  -2.59862661   4.54043323   0.75154789   4.15120076\n   -1.0741936 ]\n [ -7.08137814   0.30408841   0.75154789   8.0997538   14.19723471\n   -2.9850004 ]\n [-22.26844478   0.4963607    4.15120076  14.19723471  37.88294309\n   -9.30047067]\n [  5.0261134   -0.86957428  -1.0741936   -2.9850004   -9.30047067\n    5.3036274 ]]", "nfev": "210", "njev": "30", "status": "0", "success": "True", "message": "Optimization terminated successfully.", "x": "[5.37409392 5.87863144 1.35343329 7.36797463 7.04228335 4.79076424]", "nit": "29"}, "5": {"maxiter": 100, "gtol": 1e-10, "xrtol": 1e-05, "eps": 1e-10, "duration": 0.03858470916748047, "fun": "0.1340759919464629", "jac": "[-1.11022293e-06  2.22044587e-06  3.33066880e-06  5.55111466e-06\n -2.22044587e-06  0.00000000e+00]", "hess_inv": "[[ 34.05224274  -6.45516909  -1.93433553  -6.83793264 -21.14924771\n    5.29943783]\n [ -6.45516909   6.15567822  -2.88257396  -0.33655     -0.36044383\n   -0.92375618]\n [ -1.93433553  -2.88257396   4.64483092   1.05779583   4.43373222\n   -1.00947119]\n [ -6.83793264  -0.33655      1.05779583   8.79441601  15.38255916\n   -2.80754009]\n [-21.14924771  -0.36044383   4.43373222  15.38255916  39.60605429\n   -9.09210145]\n [  5.29943783  -0.92375618  -1.00947119  -2.80754009  -9.09210145\n    5.19434735]]", "nfev": "217", "njev": "31", "status": "0", "success": "True", "message": "Optimization terminated successfully.", "x": "[5.37398425 5.87866311 1.35343572 7.36800789 7.04235376 4.79075411]", "nit": "29"}, "6": {"maxiter": 100, "gtol": 1e-10, "xrtol": 1e-10, "eps": 1e-05, "duration": 0.08313798904418945, "fun": "0.13407599185745755", "jac": "[ 1.75859327e-08 -5.93836091e-07 -6.49369447e-08  8.66917649e-07\n -1.94766425e-07 -1.11517462e-06]", "hess_inv": "[[ 37.41335794  -5.8564237   -2.621157    -9.16964787 -25.22621861\n    5.92819951]\n [ -5.8564237    5.44160062  -2.37939834   0.79936702   1.57915965\n   -1.37676044]\n [ -2.621157    -2.37939834   4.2867008    0.41321771   3.24126226\n   -0.59376164]\n [ -9.16964787   0.79936702   0.41321771  10.0532471   16.48100591\n   -3.46032214]\n [-25.22621861   1.57915965   3.24126226  16.48100591  39.70525036\n   -9.20098148]\n [  5.92819951  -1.37676044  -0.59376164  -3.46032214  -9.20098148\n    4.91107751]]", "nfev": "486", "njev": "68", "status": "2", "success": "False", "message": "Desired error not necessarily achieved due to precision loss.", "x": "[5.37409511 5.87863165 1.35343292 7.36797291 7.04228023 4.79076552]", "nit": "30"}, "7": {"maxiter": 100, "gtol": 1e-10, "xrtol": 1e-10, "eps": 1e-10, "duration": 0.06282496452331543, "fun": "0.1340759918630089", "jac": "[ 0.00000000e+00  2.22044587e-06  5.55111466e-06  5.55111466e-06\n -1.11022293e-06  1.11022293e-06]", "hess_inv": "[[113.74634938 -40.1547113   11.6847936  -24.54743002 -69.77063131\n   12.28706727]\n [-40.1547113   16.12568739  -4.87947212   7.8047128   24.84775797\n   -4.50698685]\n [ 11.6847936   -4.87947212   2.68176013  -2.98134363  -8.0180606\n    1.43215475]\n [-24.54743002   7.8047128   -2.98134363   6.28347386  15.4380755\n   -2.48637823]\n [-69.77063131  24.84775797  -8.0180606   15.4380755   43.734228\n   -7.8006021 ]\n [ 12.28706727  -4.50698685   1.43215475  -2.48637823  -7.8006021\n    2.09302424]]", "nfev": "378", "njev": "54", "status": "0", "success": "True", "message": "Optimization terminated successfully.", "x": "[5.37406607 5.87863937 1.35344494 7.3679785  7.04229104 4.79076194]", "nit": "35"}, "8": {"maxiter": 500, "gtol": 1e-05, "xrtol": 1e-05, "eps": 1e-05, "duration": 0.033838748931884766, "fun": "0.13407599196076925", "jac": "[-1.98937533e-06  2.91079383e-06 -2.65143463e-07  6.52700116e-06\n -3.45565798e-06  1.15040200e-06]", "hess_inv": "[[ 34.86637231  -5.98865285  -2.3565878   -6.85003836 -21.93967569\n    5.35089774]\n [ -5.98865285   6.15918297  -2.94293261   0.39186745   0.27616232\n   -0.94337672]\n [ -2.3565878   -2.94293261   4.75021701   0.66466564   4.27166092\n   -1.056832  ]\n [ -6.85003836   0.39186745   0.66466564   8.01860287  14.09927937\n   -3.08900703]\n [-21.93967569   0.27616232   4.27166092  14.09927937  37.93238813\n   -9.33023078]\n [  5.35089774  -0.94337672  -1.056832    -3.08900703  -9.33023078\n    5.22504094]]", "nfev": "203", "njev": "29", "status": "0", "success": "True", "message": "Optimization terminated successfully.", "x": "[5.37404407 5.87865898 1.35341916 7.36798977 7.04227905 4.79077075]", "nit": "28"}, "9": {"maxiter": 500, "gtol": 1e-05, "xrtol": 1e-05, "eps": 1e-10, "duration": 0.0361180305480957, "fun": "0.1340759919464629", "jac": "[-1.11022293e-06  2.22044587e-06  3.33066880e-06  5.55111466e-06\n -2.22044587e-06  0.00000000e+00]", "hess_inv": "[[ 34.05224274  -6.45516909  -1.93433553  -6.83793264 -21.14924771\n    5.29943783]\n [ -6.45516909   6.15567822  -2.88257396  -0.33655     -0.36044383\n   -0.92375618]\n [ -1.93433553  -2.88257396   4.64483092   1.05779583   4.43373222\n   -1.00947119]\n [ -6.83793264  -0.33655      1.05779583   8.79441601  15.38255916\n   -2.80754009]\n [-21.14924771  -0.36044383   4.43373222  15.38255916  39.60605429\n   -9.09210145]\n [  5.29943783  -0.92375618  -1.00947119  -2.80754009  -9.09210145\n    5.19434735]]", "nfev": "217", "njev": "31", "status": "0", "success": "True", "message": "Optimization terminated successfully.", "x": "[5.37398425 5.87866311 1.35343572 7.36800789 7.04235376 4.79075411]", "nit": "29"}, "10": {"maxiter": 500, "gtol": 1e-05, "xrtol": 1e-10, "eps": 1e-05, "duration": 0.03386998176574707, "fun": "0.13407599196076925", "jac": "[-1.98937533e-06  2.91079383e-06 -2.65143463e-07  6.52700116e-06\n -3.45565798e-06  1.15040200e-06]", "hess_inv": "[[ 34.86637231  -5.98865285  -2.3565878   -6.85003836 -21.93967569\n    5.35089774]\n [ -5.98865285   6.15918297  -2.94293261   0.39186745   0.27616232\n   -0.94337672]\n [ -2.3565878   -2.94293261   4.75021701   0.66466564   4.27166092\n   -1.056832  ]\n [ -6.85003836   0.39186745   0.66466564   8.01860287  14.09927937\n   -3.08900703]\n [-21.93967569   0.27616232   4.27166092  14.09927937  37.93238813\n   -9.33023078]\n [  5.35089774  -0.94337672  -1.056832    -3.08900703  -9.33023078\n    5.22504094]]", "nfev": "203", "njev": "29", "status": "0", "success": "True", "message": "Optimization terminated successfully.", "x": "[5.37404407 5.87865898 1.35341916 7.36798977 7.04227905 4.79077075]", "nit": "28"}, "11": {"maxiter": 500, "gtol": 1e-05, "xrtol": 1e-10, "eps": 1e-10, "duration": 0.036000967025756836, "fun": "0.1340759919464629", "jac": "[-1.11022293e-06  2.22044587e-06  3.33066880e-06  5.55111466e-06\n -2.22044587e-06  0.00000000e+00]", "hess_inv": "[[ 34.05224274  -6.45516909  -1.93433553  -6.83793264 -21.14924771\n    5.29943783]\n [ -6.45516909   6.15567822  -2.88257396  -0.33655     -0.36044383\n   -0.92375618]\n [ -1.93433553  -2.88257396   4.64483092   1.05779583   4.43373222\n   -1.00947119]\n [ -6.83793264  -0.33655      1.05779583   8.79441601  15.38255916\n   -2.80754009]\n [-21.14924771  -0.36044383   4.43373222  15.38255916  39.60605429\n   -9.09210145]\n [  5.29943783  -0.92375618  -1.00947119  -2.80754009  -9.09210145\n    5.19434735]]", "nfev": "217", "njev": "31", "status": "0", "success": "True", "message": "Optimization terminated successfully.", "x": "[5.37398425 5.87866311 1.35343572 7.36800789 7.04235376 4.79075411]", "nit": "29"}, "12": {"maxiter": 500, "gtol": 1e-10, "xrtol": 1e-05, "eps": 1e-05, "duration": 0.03497505187988281, "fun": "0.13407599185750263", "jac": "[ 2.17825757e-08 -6.97852887e-07 -4.92161867e-08  1.03621556e-06\n -2.42017517e-07 -1.37826417e-06]", "hess_inv": "[[ 35.51123397  -5.6420908   -2.67081668  -7.08137814 -22.26844478\n    5.0261134 ]\n [ -5.6420908    5.61974597  -2.59862661   0.30408841   0.4963607\n   -0.86957428]\n [ -2.67081668  -2.59862661   4.54043323   0.75154789   4.15120076\n   -1.0741936 ]\n [ -7.08137814   0.30408841   0.75154789   8.0997538   14.19723471\n   -2.9850004 ]\n [-22.26844478   0.4963607    4.15120076  14.19723471  37.88294309\n   -9.30047067]\n [  5.0261134   -0.86957428  -1.0741936   -2.9850004   -9.30047067\n    5.3036274 ]]", "nfev": "210", "njev": "30", "status": "0", "success": "True", "message": "Optimization terminated successfully.", "x": "[5.37409392 5.87863144 1.35343329 7.36797463 7.04228335 4.79076424]", "nit": "29"}, "13": {"maxiter": 500, "gtol": 1e-10, "xrtol": 1e-05, "eps": 1e-10, "duration": 0.03619194030761719, "fun": "0.1340759919464629", "jac": "[-1.11022293e-06  2.22044587e-06  3.33066880e-06  5.55111466e-06\n -2.22044587e-06  0.00000000e+00]", "hess_inv": "[[ 34.05224274  -6.45516909  -1.93433553  -6.83793264 -21.14924771\n    5.29943783]\n [ -6.45516909   6.15567822  -2.88257396  -0.33655     -0.36044383\n   -0.92375618]\n [ -1.93433553  -2.88257396   4.64483092   1.05779583   4.43373222\n   -1.00947119]\n [ -6.83793264  -0.33655      1.05779583   8.79441601  15.38255916\n   -2.80754009]\n [-21.14924771  -0.36044383   4.43373222  15.38255916  39.60605429\n   -9.09210145]\n [  5.29943783  -0.92375618  -1.00947119  -2.80754009  -9.09210145\n    5.19434735]]", "nfev": "217", "njev": "31", "status": "0", "success": "True", "message": "Optimization terminated successfully.", "x": "[5.37398425 5.87866311 1.35343572 7.36800789 7.04235376 4.79075411]", "nit": "29"}, "14": {"maxiter": 500, "gtol": 1e-10, "xrtol": 1e-10, "eps": 1e-05, "duration": 0.08022379875183105, "fun": "0.13407599185745755", "jac": "[ 1.75859327e-08 -5.93836091e-07 -6.49369447e-08  8.66917649e-07\n -1.94766425e-07 -1.11517462e-06]", "hess_inv": "[[ 37.41335794  -5.8564237   -2.621157    -9.16964787 -25.22621861\n    5.92819951]\n [ -5.8564237    5.44160062  -2.37939834   0.79936702   1.57915965\n   -1.37676044]\n [ -2.621157    -2.37939834   4.2867008    0.41321771   3.24126226\n   -0.59376164]\n [ -9.16964787   0.79936702   0.41321771  10.0532471   16.48100591\n   -3.46032214]\n [-25.22621861   1.57915965   3.24126226  16.48100591  39.70525036\n   -9.20098148]\n [  5.92819951  -1.37676044  -0.59376164  -3.46032214  -9.20098148\n    4.91107751]]", "nfev": "486", "njev": "68", "status": "2", "success": "False", "message": "Desired error not necessarily achieved due to precision loss.", "x": "[5.37409511 5.87863165 1.35343292 7.36797291 7.04228023 4.79076552]", "nit": "30"}, "15": {"maxiter": 500, "gtol": 1e-10, "xrtol": 1e-10, "eps": 1e-10, "duration": 0.06248617172241211, "fun": "0.1340759918630089", "jac": "[ 0.00000000e+00  2.22044587e-06  5.55111466e-06  5.55111466e-06\n -1.11022293e-06  1.11022293e-06]", "hess_inv": "[[113.74634938 -40.1547113   11.6847936  -24.54743002 -69.77063131\n   12.28706727]\n [-40.1547113   16.12568739  -4.87947212   7.8047128   24.84775797\n   -4.50698685]\n [ 11.6847936   -4.87947212   2.68176013  -2.98134363  -8.0180606\n    1.43215475]\n [-24.54743002   7.8047128   -2.98134363   6.28347386  15.4380755\n   -2.48637823]\n [-69.77063131  24.84775797  -8.0180606   15.4380755   43.734228\n   -7.8006021 ]\n [ 12.28706727  -4.50698685   1.43215475  -2.48637823  -7.8006021\n    2.09302424]]", "nfev": "378", "njev": "54", "status": "0", "success": "True", "message": "Optimization terminated successfully.", "x": "[5.37406607 5.87863937 1.35344494 7.3679785  7.04229104 4.79076194]", "nit": "35"}, "16": {"maxiter": 1000, "gtol": 1e-05, "xrtol": 1e-05, "eps": 1e-05, "duration": 0.03391289710998535, "fun": "0.13407599196076925", "jac": "[-1.98937533e-06  2.91079383e-06 -2.65143463e-07  6.52700116e-06\n -3.45565798e-06  1.15040200e-06]", "hess_inv": "[[ 34.86637231  -5.98865285  -2.3565878   -6.85003836 -21.93967569\n    5.35089774]\n [ -5.98865285   6.15918297  -2.94293261   0.39186745   0.27616232\n   -0.94337672]\n [ -2.3565878   -2.94293261   4.75021701   0.66466564   4.27166092\n   -1.056832  ]\n [ -6.85003836   0.39186745   0.66466564   8.01860287  14.09927937\n   -3.08900703]\n [-21.93967569   0.27616232   4.27166092  14.09927937  37.93238813\n   -9.33023078]\n [  5.35089774  -0.94337672  -1.056832    -3.08900703  -9.33023078\n    5.22504094]]", "nfev": "203", "njev": "29", "status": "0", "success": "True", "message": "Optimization terminated successfully.", "x": "[5.37404407 5.87865898 1.35341916 7.36798977 7.04227905 4.79077075]", "nit": "28"}, "17": {"maxiter": 1000, "gtol": 1e-05, "xrtol": 1e-05, "eps": 1e-10, "duration": 0.038027048110961914, "fun": "0.1340759919464629", "jac": "[-1.11022293e-06  2.22044587e-06  3.33066880e-06  5.55111466e-06\n -2.22044587e-06  0.00000000e+00]", "hess_inv": "[[ 34.05224274  -6.45516909  -1.93433553  -6.83793264 -21.14924771\n    5.29943783]\n [ -6.45516909   6.15567822  -2.88257396  -0.33655     -0.36044383\n   -0.92375618]\n [ -1.93433553  -2.88257396   4.64483092   1.05779583   4.43373222\n   -1.00947119]\n [ -6.83793264  -0.33655      1.05779583   8.79441601  15.38255916\n   -2.80754009]\n [-21.14924771  -0.36044383   4.43373222  15.38255916  39.60605429\n   -9.09210145]\n [  5.29943783  -0.92375618  -1.00947119  -2.80754009  -9.09210145\n    5.19434735]]", "nfev": "217", "njev": "31", "status": "0", "success": "True", "message": "Optimization terminated successfully.", "x": "[5.37398425 5.87866311 1.35343572 7.36800789 7.04235376 4.79075411]", "nit": "29"}, "18": {"maxiter": 1000, "gtol": 1e-05, "xrtol": 1e-10, "eps": 1e-05, "duration": 0.03572416305541992, "fun": "0.13407599196076925", "jac": "[-1.98937533e-06  2.91079383e-06 -2.65143463e-07  6.52700116e-06\n -3.45565798e-06  1.15040200e-06]", "hess_inv": "[[ 34.86637231  -5.98865285  -2.3565878   -6.85003836 -21.93967569\n    5.35089774]\n [ -5.98865285   6.15918297  -2.94293261   0.39186745   0.27616232\n   -0.94337672]\n [ -2.3565878   -2.94293261   4.75021701   0.66466564   4.27166092\n   -1.056832  ]\n [ -6.85003836   0.39186745   0.66466564   8.01860287  14.09927937\n   -3.08900703]\n [-21.93967569   0.27616232   4.27166092  14.09927937  37.93238813\n   -9.33023078]\n [  5.35089774  -0.94337672  -1.056832    -3.08900703  -9.33023078\n    5.22504094]]", "nfev": "203", "njev": "29", "status": "0", "success": "True", "message": "Optimization terminated successfully.", "x": "[5.37404407 5.87865898 1.35341916 7.36798977 7.04227905 4.79077075]", "nit": "28"}, "19": {"maxiter": 1000, "gtol": 1e-05, "xrtol": 1e-10, "eps": 1e-10, "duration": 0.0381169319152832, "fun": "0.1340759919464629", "jac": "[-1.11022293e-06  2.22044587e-06  3.33066880e-06  5.55111466e-06\n -2.22044587e-06  0.00000000e+00]", "hess_inv": "[[ 34.05224274  -6.45516909  -1.93433553  -6.83793264 -21.14924771\n    5.29943783]\n [ -6.45516909   6.15567822  -2.88257396  -0.33655     -0.36044383\n   -0.92375618]\n [ -1.93433553  -2.88257396   4.64483092   1.05779583   4.43373222\n   -1.00947119]\n [ -6.83793264  -0.33655      1.05779583   8.79441601  15.38255916\n   -2.80754009]\n [-21.14924771  -0.36044383   4.43373222  15.38255916  39.60605429\n   -9.09210145]\n [  5.29943783  -0.92375618  -1.00947119  -2.80754009  -9.09210145\n    5.19434735]]", "nfev": "217", "njev": "31", "status": "0", "success": "True", "message": "Optimization terminated successfully.", "x": "[5.37398425 5.87866311 1.35343572 7.36800789 7.04235376 4.79075411]", "nit": "29"}, "20": {"maxiter": 1000, "gtol": 1e-10, "xrtol": 1e-05, "eps": 1e-05, "duration": 0.0369112491607666, "fun": "0.13407599185750263", "jac": "[ 2.17825757e-08 -6.97852887e-07 -4.92161867e-08  1.03621556e-06\n -2.42017517e-07 -1.37826417e-06]", "hess_inv": "[[ 35.51123397  -5.6420908   -2.67081668  -7.08137814 -22.26844478\n    5.0261134 ]\n [ -5.6420908    5.61974597  -2.59862661   0.30408841   0.4963607\n   -0.86957428]\n [ -2.67081668  -2.59862661   4.54043323   0.75154789   4.15120076\n   -1.0741936 ]\n [ -7.08137814   0.30408841   0.75154789   8.0997538   14.19723471\n   -2.9850004 ]\n [-22.26844478   0.4963607    4.15120076  14.19723471  37.88294309\n   -9.30047067]\n [  5.0261134   -0.86957428  -1.0741936   -2.9850004   -9.30047067\n    5.3036274 ]]", "nfev": "210", "njev": "30", "status": "0", "success": "True", "message": "Optimization terminated successfully.", "x": "[5.37409392 5.87863144 1.35343329 7.36797463 7.04228335 4.79076424]", "nit": "29"}, "21": {"maxiter": 1000, "gtol": 1e-10, "xrtol": 1e-05, "eps": 1e-10, "duration": 0.03853893280029297, "fun": "0.1340759919464629", "jac": "[-1.11022293e-06  2.22044587e-06  3.33066880e-06  5.55111466e-06\n -2.22044587e-06  0.00000000e+00]", "hess_inv": "[[ 34.05224274  -6.45516909  -1.93433553  -6.83793264 -21.14924771\n    5.29943783]\n [ -6.45516909   6.15567822  -2.88257396  -0.33655     -0.36044383\n   -0.92375618]\n [ -1.93433553  -2.88257396   4.64483092   1.05779583   4.43373222\n   -1.00947119]\n [ -6.83793264  -0.33655      1.05779583   8.79441601  15.38255916\n   -2.80754009]\n [-21.14924771  -0.36044383   4.43373222  15.38255916  39.60605429\n   -9.09210145]\n [  5.29943783  -0.92375618  -1.00947119  -2.80754009  -9.09210145\n    5.19434735]]", "nfev": "217", "njev": "31", "status": "0", "success": "True", "message": "Optimization terminated successfully.", "x": "[5.37398425 5.87866311 1.35343572 7.36800789 7.04235376 4.79075411]", "nit": "29"}, "22": {"maxiter": 1000, "gtol": 1e-10, "xrtol": 1e-10, "eps": 1e-05, "duration": 0.08453178405761719, "fun": "0.13407599185745755", "jac": "[ 1.75859327e-08 -5.93836091e-07 -6.49369447e-08  8.66917649e-07\n -1.94766425e-07 -1.11517462e-06]", "hess_inv": "[[ 37.41335794  -5.8564237   -2.621157    -9.16964787 -25.22621861\n    5.92819951]\n [ -5.8564237    5.44160062  -2.37939834   0.79936702   1.57915965\n   -1.37676044]\n [ -2.621157    -2.37939834   4.2867008    0.41321771   3.24126226\n   -0.59376164]\n [ -9.16964787   0.79936702   0.41321771  10.0532471   16.48100591\n   -3.46032214]\n [-25.22621861   1.57915965   3.24126226  16.48100591  39.70525036\n   -9.20098148]\n [  5.92819951  -1.37676044  -0.59376164  -3.46032214  -9.20098148\n    4.91107751]]", "nfev": "486", "njev": "68", "status": "2", "success": "False", "message": "Desired error not necessarily achieved due to precision loss.", "x": "[5.37409511 5.87863165 1.35343292 7.36797291 7.04228023 4.79076552]", "nit": "30"}, "23": {"maxiter": 1000, "gtol": 1e-10, "xrtol": 1e-10, "eps": 1e-10, "duration": 0.06569981575012207, "fun": "0.1340759918630089", "jac": "[ 0.00000000e+00  2.22044587e-06  5.55111466e-06  5.55111466e-06\n -1.11022293e-06  1.11022293e-06]", "hess_inv": "[[113.74634938 -40.1547113   11.6847936  -24.54743002 -69.77063131\n   12.28706727]\n [-40.1547113   16.12568739  -4.87947212   7.8047128   24.84775797\n   -4.50698685]\n [ 11.6847936   -4.87947212   2.68176013  -2.98134363  -8.0180606\n    1.43215475]\n [-24.54743002   7.8047128   -2.98134363   6.28347386  15.4380755\n   -2.48637823]\n [-69.77063131  24.84775797  -8.0180606   15.4380755   43.734228\n   -7.8006021 ]\n [ 12.28706727  -4.50698685   1.43215475  -2.48637823  -7.8006021\n    2.09302424]]", "nfev": "378", "njev": "54", "status": "0", "success": "True", "message": "Optimization terminated successfully.", "x": "[5.37406607 5.87863937 1.35344494 7.3679785  7.04229104 4.79076194]", "nit": "35"}}, "cobyla": {"0": {"maxiter": 100, "tol": 1e-05, "catol": 1e-05, "duration": 0.016710758209228516, "x": "[5.28314164 5.88679778 1.36450026 7.40526062 7.13719333 4.77037361]", "status": "2", "success": "False", "message": "Maximum number of function evaluations has been exceeded.", "nfev": "100", "fun": "0.13420590760829498", "maxcv": "0.0"}, "1": {"maxiter": 100, "tol": 1e-05, "catol": 1e-10, "duration": 0.016629934310913086, "x": "[5.28314164 5.88679778 1.36450026 7.40526062 7.13719333 4.77037361]", "status": "2", "success": "False", "message": "Maximum number of function evaluations has been exceeded.", "nfev": "100", "fun": "0.13420590760829498", "maxcv": "0.0"}, "2": {"maxiter": 100, "tol": 1e-10, "catol": 1e-05, "duration": 0.016605854034423828, "x": "[5.28314164 5.88679778 1.36450026 7.40526062 7.13719333 4.77037361]", "status": "2", "success": "False", "message": "Maximum number of function evaluations has been exceeded.", "nfev": "100", "fun": "0.13420590760829498", "maxcv": "0.0"}, "3": {"maxiter": 100, "tol": 1e-10, "catol": 1e-10, "duration": 0.01656198501586914, "x": "[5.28314164 5.88679778 1.36450026 7.40526062 7.13719333 4.77037361]", "status": "2", "success": "False", "message": "Maximum number of function evaluations has been exceeded.", "nfev": "100", "fun": "0.13420590760829498", "maxcv": "0.0"}, "4": {"maxiter": 500, "tol": 1e-05, "catol": 1e-05, "duration": 0.08285212516784668, "x": "[5.37200278 5.87891912 1.35358996 7.36887811 7.04446763 4.79024545]", "status": "2", "success": "False", "message": "Maximum number of function evaluations has been exceeded.", "nfev": "500", "fun": "0.13407605855459892", "maxcv": "0.0"}, "5": {"maxiter": 500, "tol": 1e-05, "catol": 1e-10, "duration": 0.08261394500732422, "x": "[5.37200278 5.87891912 1.35358996 7.36887811 7.04446763 4.79024545]", "status": "2", "success": "False", "message": "Maximum number of function evaluations has been exceeded.", "nfev": "500", "fun": "0.13407605855459892", "maxcv": "0.0"}, "6": {"maxiter": 500, "tol": 1e-10, "catol": 1e-05, "duration": 0.08276724815368652, "x": "[5.37200278 5.87891912 1.35358996 7.36887811 7.04446763 4.79024545]", "status": "2", "success": "False", "message": "Maximum number of function evaluations has been exceeded.", "nfev": "500", "fun": "0.13407605855459892", "maxcv": "0.0"}, "7": {"maxiter": 500, "tol": 1e-10, "catol": 1e-10, "duration": 0.08275103569030762, "x": "[5.37200278 5.87891912 1.35358996 7.36887811 7.04446763 4.79024545]", "status": "2", "success": "False", "message": "Maximum number of function evaluations has been exceeded.", "nfev": "500", "fun": "0.13407605855459892", "maxcv": "0.0"}, "8": {"maxiter": 1000, 