{"date": "2024/07/19/, 19:37:35", "conf_id": 295, "data_type": "var_s_rank\n", "num_data_points": 3, "s_rank": 0, "unitary": "[[-0.45070455-0.02711853j,0.78437395-0.06613086j,0.06358678+0.19963393j,-0.07343613+0.35668523j],[-0.01890143-0.03813363j,0.32408202+0.25557629j,0.05872864-0.68979805j,0.55466693-0.20227297j],[-0.11215405+0.64023111j,-0.13344055+0.29565494j,-0.49012687-0.19046288j,-0.04241254+0.44046348j],[0.55771659+0.24656916j,0.31851997-0.05798805j,0.28761525-0.34294258j,-0.56718418+0.03616933j]]", "databatch_0": {"databatch": "[[[-0.10485061+3.26288235e-02j,0.05845536+2.13683798e-02j,0.01362737-2.94905630e-01j,-0.08256559+2.54902927e-01j],[0.23578603-2.86887777e-01j,0.16956655-2.27972006e-01j,0.05580682-5.26258947e-03j,-0.16230122+3.12571073e-01j],[-0.28242702-2.47717669e-01j,-0.22225105+7.20568140e-02j,-0.07752494-6.71939474e-02j,-0.31456426-1.63236630e-01j],[0.06416799+8.22200011e-02j,-0.21347724+9.55688806e-02j,-0.0477377-3.88937732e-02j,0.15316692+2.33748123e-01j]],[[0.12288802-7.43853769e-02j,-0.22830603-2.15214383e-01j,0.12000641-2.90189842e-02j,-0.01198405+6.32724050e-02j],[-0.36986212-6.68906516e-03j,-0.25864579+1.31498323e-01j,-0.17925415-1.23653221e-01j,0.09527545-1.70952460e-02j],[0.13479505-1.54926439e-01j,-0.11845855-2.02824035e-01j,0.1383791+3.11876346e-01j,-0.08452617+1.96177778e-01j],[-0.409363+2.85458139e-01j,-0.01758606+1.78322601e-01j,0.05081881-1.46552598e-01j,-0.12997932-4.68443072e-02j]],[[0.13875632-3.68318485e-02j,0.11183797+7.97404504e-02j,-0.0757045+7.65790808e-02j,-0.04902376+4.38545592e-02j],[0.05694905-6.50948967e-02j,0.11612002-1.20491066e-01j,-0.08527406+2.63923414e-01j,-0.13648275+6.57657678e-02j],[0.26814638-2.44140114e-01j,0.22690841-5.34438304e-02j,-0.20348366+5.86875682e-01j,-0.03651617+8.79429345e-03j],[-0.22925912+6.40125593e-02j,-0.04907236-1.48964429e-04j,-0.06651802+2.14925106e-01j,0.033714+3.54019513e-01j]]]", "initial param values": "[2.44021701,3.879586,1.40568308,3.71642336,4.90218771,1.09194453]", "nelder_mead": {"type": "gradient-free", "0": {"maxiter": 100, "fatol": 1e-05, "xatol": 1e-05, "duration": 0.02681708335876465, "fun": "0.5419404128934007", "nit": "100", "nfev": "154", "status": "2", "success": "False", "message": "Maximum number of iterations has been exceeded.", "x": "[3.79164409 3.27975332 2.00434438 4.31861987 1.39948362 0.38711373]", "final_simplex": "(array([[3.79164409, 3.27975332, 2.00434438, 4.31861987, 1.39948362,\n        0.38711373],\n       [3.90464959, 3.193582  , 2.05276962, 4.3585642 , 1.51894334,\n        0.23403348],\n       [3.76631953, 3.32093698, 2.04420503, 4.27770138, 1.56486268,\n        0.30740025],\n       [3.99000433, 3.23691394, 2.1699013 , 4.19823869, 1.19439352,\n        0.18916469],\n       [3.78819898, 3.24467591, 2.0817675 , 4.25663523, 1.43790259,\n        0.34156359],\n       [3.78093236, 3.28121016, 2.11190302, 4.35950569, 1.30053568,\n        0.2579192 ],\n       [3.93954262, 3.13764945, 2.07913866, 4.32064875, 1.19128441,\n        0.29909593]]), array([0.54194041, 0.54548917, 0.54604528, 0.54779132, 0.54857969,\n       0.54989062, 0.55024267]))"}, "1": {"maxiter": 100, "fatol": 1e-05, "xatol": 1e-10, "duration": 0.02617621421813965, "fun": "0.5419404128934007", "nit": "100", "nfev": "154", "status": "2", "success": "False", "message": "Maximum number of iterations has been exceeded.", "x": "[3.79164409 3.27975332 2.00434438 4.31861987 1.39948362 0.38711373]", "final_simplex": "(array([[3.79164409, 3.27975332, 2.00434438, 4.31861987, 1.39948362,\n        0.38711373],\n       [3.90464959, 3.193582  , 2.05276962, 4.3585642 , 1.51894334,\n        0.23403348],\n       [3.76631953, 3.32093698, 2.04420503, 4.27770138, 1.56486268,\n        0.30740025],\n       [3.99000433, 3.23691394, 2.1699013 , 4.19823869, 1.19439352,\n        0.18916469],\n       [3.78819898, 3.24467591, 2.0817675 , 4.25663523, 1.43790259,\n        0.34156359],\n       [3.78093236, 3.28121016, 2.11190302, 4.35950569, 1.30053568,\n        0.2579192 ],\n       [3.93954262, 3.13764945, 2.07913866, 4.32064875, 1.19128441,\n        0.29909593]]), array([0.54194041, 0.54548917, 0.54604528, 0.54779132, 0.54857969,\n       0.54989062, 0.55024267]))"}, "2": {"maxiter": 100, "fatol": 1e-10, "xatol": 1e-05, "duration": 0.02623271942138672, "fun": "0.5419404128934007", "nit": "100", "nfev": "154", "status": "2", "success": "False", "message": "Maximum number of iterations has been exceeded.", "x": "[3.79164409 3.27975332 2.00434438 4.31861987 1.39948362 0.38711373]", "final_simplex": "(array([[3.79164409, 3.27975332, 2.00434438, 4.31861987, 1.39948362,\n        0.38711373],\n       [3.90464959, 3.193582  , 2.05276962, 4.3585642 , 1.51894334,\n        0.23403348],\n       [3.76631953, 3.32093698, 2.04420503, 4.27770138, 1.56486268,\n        0.30740025],\n       [3.99000433, 3.23691394, 2.1699013 , 4.19823869, 1.19439352,\n        0.18916469],\n       [3.78819898, 3.24467591, 2.0817675 , 4.25663523, 1.43790259,\n        0.34156359],\n       [3.78093236, 3.28121016, 2.11190302, 4.35950569, 1.30053568,\n        0.2579192 ],\n       [3.93954262, 3.13764945, 2.07913866, 4.32064875, 1.19128441,\n        0.29909593]]), array([0.54194041, 0.54548917, 0.54604528, 0.54779132, 0.54857969,\n       0.54989062, 0.55024267]))"}, "3": {"maxiter": 100, "fatol": 1e-10, "xatol": 1e-10, "duration": 0.026175975799560547, "fun": "0.5419404128934007", "nit": "100", "nfev": "154", "status": "2", "success": "False", "message": "Maximum number of iterations has been exceeded.", "x": "[3.79164409 3.27975332 2.00434438 4.31861987 1.39948362 0.38711373]", "final_simplex": "(array([[3.79164409, 3.27975332, 2.00434438, 4.31861987, 1.39948362,\n        0.38711373],\n       [3.90464959, 3.193582  , 2.05276962, 4.3585642 , 1.51894334,\n        0.23403348],\n       [3.76631953, 3.32093698, 2.04420503, 4.27770138, 1.56486268,\n        0.30740025],\n       [3.99000433, 3.23691394, 2.1699013 , 4.19823869, 1.19439352,\n        0.18916469],\n       [3.78819898, 3.24467591, 2.0817675 , 4.25663523, 1.43790259,\n        0.34156359],\n       [3.78093236, 3.28121016, 2.11190302, 4.35950569, 1.30053568,\n        0.2579192 ],\n       [3.93954262, 3.13764945, 2.07913866, 4.32064875, 1.19128441,\n        0.29909593]]), array([0.54194041, 0.54548917, 0.54604528, 0.54779132, 0.54857969,\n       0.54989062, 0.55024267]))"}, "4": {"maxiter": 500, "fatol": 1e-05, "xatol": 1e-05, "duration": 0.11447691917419434, "fun": "0.32295568851792245", "nit": "434", "nfev": "672", "status": "0", "success": "True", "message": "Optimization terminated successfully.", "x": "[4.97967062 4.16922319 3.03568815 4.7316649  1.32679445 1.64185225]", "final_simplex": "(array([[4.97967062, 4.16922319, 3.03568815, 4.7316649 , 1.32679445,\n        1.64185225],\n       [4.97967569, 4.16922939, 3.03568993, 4.7316609 , 1.32679886,\n        1.6418559 ],\n       [4.9796671 , 4.16922733, 3.03568686, 4.73166562, 1.32679914,\n        1.64185   ],\n       [4.97967099, 4.16922469, 3.03569046, 4.73166023, 1.32679712,\n        1.64184499],\n       [4.97966919, 4.1692193 , 3.03568769, 4.73166174, 1.32680077,\n        1.64184821],\n       [4.97967263, 4.16922665, 3.03568236, 4.73167015, 1.32679795,\n        1.6418519 ],\n       [4.97967402, 4.16922731, 3.03568964, 4.73167104, 1.3268001 ,\n        1.64185381]]), array([0.32295569, 0.32295569, 0.32295569, 0.32295569, 0.32295569,\n       0.32295569, 0.32295569]))"}, "5": {"maxiter": 500, "fatol": 1e-05, "xatol": 1e-10, "duration": 0.13390588760375977, "fun": "0.3229556885136219", "nit": "500", "nfev": "783", "status": "2", "success": "False", "message": "Maximum number of iterations has been exceeded.", "x": "[4.97967396 4.16922412 3.03569327 4.73166251 1.32679271 1.6418565 ]", "final_simplex": "(array([[4.97967396, 4.16922412, 3.03569327, 4.73166251, 1.32679271,\n        1.6418565 ],\n       [4.97967391, 4.16922414, 3.03569336, 4.73166246, 1.32679269,\n        1.64185656],\n       [4.97967403, 4.16922412, 3.03569343, 4.73166249, 1.32679266,\n        1.64185658],\n       [4.97967396, 4.16922416, 3.03569341, 4.73166253, 1.32679274,\n        1.64185657],\n       [4.97967402, 4.16922413, 3.03569345, 4.73166246, 1.32679272,\n        1.64185659],\n       [4.97967387, 4.16922407, 3.03569335, 4.7316624 , 1.32679273,\n        1.64185642],\n       [4.97967396, 4.16922425, 3.03569345, 4.73166241, 1.32679266,\n        1.64185659]]), array([0.32295569, 0.32295569, 0.32295569, 0.32295569, 0.32295569,\n       0.32295569, 0.32295569]))"}, "6": {"maxiter": 500, "fatol": 1e-10, "xatol": 1e-05, "duration": 0.11447715759277344, "fun": "0.32295568851792245", "nit": "434", "nfev": "672", "status": "0", "success": "True", "message": "Optimization terminated successfully.", "x": "[4.97967062 4.16922319 3.03568815 4.7316649  1.32679445 1.64185225]", "final_simplex": "(array([[4.97967062, 4.16922319, 3.03568815, 4.7316649 , 1.32679445,\n        1.64185225],\n       [4.97967569, 4.16922939, 3.03568993, 4.7316609 , 1.32679886,\n        1.6418559 ],\n       [4.9796671 , 4.16922733, 3.03568686, 4.73166562, 1.32679914,\n        1.64185   ],\n       [4.97967099, 4.16922469, 3.03569046, 4.73166023, 1.32679712,\n        1.64184499],\n       [4.97966919, 4.1692193 , 3.03568769, 4.73166174, 1.32680077,\n        1.64184821],\n       [4.97967263, 4.16922665, 3.03568236, 4.73167015, 1.32679795,\n        1.6418519 ],\n       [4.97967402, 4.16922731, 3.03568964, 4.73167104, 1.3268001 ,\n        1.64185381]]), array([0.32295569, 0.32295569, 0.32295569, 0.32295569, 0.32295569,\n       0.32295569, 0.32295569]))"}, "7": {"maxiter": 500, "fatol": 1e-10, "xatol": 1e-10, "duration": 0.13338327407836914, "fun": "0.3229556885136219", "nit": "500", "nfev": "783", "status": "2", "success": "False", "message": "Maximum number of iterations has been exceeded.", "x": "[4.97967396 4.16922412 3.03569327 4.73166251 1.32679271 1.6418565 ]", "final_simplex": "(array([[4.97967396, 4.16922412, 3.03569327, 4.73166251, 1.32679271,\n        1.6418565 ],\n       [4.97967391, 4.16922414, 3.03569336, 4.73166246, 1.32679269,\n        1.64185656],\n       [4.97967403, 4.16922412, 3.03569343, 4.73166249, 1.32679266,\n        1.64185658],\n       [4.97967396, 4.16922416, 3.03569341, 4.73166253, 1.32679274,\n        1.64185657],\n       [4.97967402, 4.16922413, 3.03569345, 4.73166246, 1.32679272,\n        1.64185659],\n       [4.97967387, 4.16922407, 3.03569335, 4.7316624 , 1.32679273,\n        1.64185642],\n       [4.97967396, 4.16922425, 3.03569345, 4.73166241, 1.32679266,\n        1.64185659]]), array([0.32295569, 0.32295569, 0.32295569, 0.32295569, 0.32295569,\n       0.32295569, 0.32295569]))"}, "8": {"maxiter": 1000, "fatol": 1e-05, "xatol": 1e-05, "duration": 0.11446022987365723, "fun": "0.32295568851792245", "nit": "434", "nfev": "672", "status": "0", "success": "True", "message": "Optimization terminated successfully.", "x": "[4.97967062 4.16922319 3.03568815 4.7316649  1.32679445 1.64185225]", "final_simplex": "(array([[4.97967062, 4.16922319, 3.03568815, 4.7316649 , 1.32679445,\n        1.64185225],\n       [4.97967569, 4.16922939, 3.03568993, 4.7316609 , 1.32679886,\n        1.6418559 ],\n       [4.9796671 , 4.16922733, 3.03568686, 4.73166562, 1.32679914,\n        1.64185   ],\n       [4.97967099, 4.16922469, 3.03569046, 4.73166023, 1.32679712,\n        1.64184499],\n       [4.97966919, 4.1692193 , 3.03568769, 4.73166174, 1.32680077,\n        1.64184821],\n       [4.97967263, 4.16922665, 3.03568236, 4.73167015, 1.32679795,\n        1.6418519 ],\n       [4.97967402, 4.16922731, 3.03568964, 4.73167104, 1.3268001 ,\n        1.64185381]]), array([0.32295569, 0.32295569, 0.32295569, 0.32295569, 0.32295569,\n       0.32295569, 0.32295569]))"}, "9": {"maxiter": 1000, "fatol": 1e-05, "xatol": 1e-10, "duration": 0.15757203102111816, "fun": "0.32295568851362033", "nit": "547", "nfev": "915", "status": "0", "success": "True", "message": "Optimization terminated successfully.", "x": "[4.97967396 4.16922416 3.03569335 4.73166249 1.32679269 1.64185652]", "final_simplex": "(array([[4.97967396, 4.16922416, 3.03569335, 4.73166249, 1.32679269,\n        1.64185652],\n       [4.97967396, 4.16922416, 3.03569335, 4.73166249, 1.32679269,\n        1.64185652],\n       [4.97967396, 4.16922416, 3.03569335, 4.73166249, 1.32679269,\n        1.64185652],\n       [4.97967396, 4.16922416, 3.03569335, 4.73166249, 1.32679269,\n        1.64185652],\n       [4.97967396, 4.16922416, 3.03569335, 4.73166249, 1.32679269,\n        1.64185652],\n       [4.97967396, 4.16922416, 3.03569335, 4.73166249, 1.32679269,\n        1.64185652],\n       [4.97967396, 4.16922416, 3.03569335, 4.73166249, 1.32679269,\n        1.64185652]]), array([0.32295569, 0.32295569, 0.32295569, 0.32295569, 0.32295569,\n       0.32295569, 0.32295569]))"}, "10": {"maxiter": 1000, "fatol": 1e-10, "xatol": 1e-05, "duration": 0.11527395248413086, "fun": "0.32295568851792245", "nit": "434", "nfev": "672", "status": "0", "success": "True", "message": "Optimization terminated successfully.", "x": "[4.97967062 4.16922319 3.03568815 4.7316649  1.32679445 1.64185225]", "final_simplex": "(array([[4.97967062, 4.16922319, 3.03568815, 4.7316649 , 1.32679445,\n        1.64185225],\n       [4.97967569, 4.16922939, 3.03568993, 4.7316609 , 1.32679886,\n        1.6418559 ],\n       [4.9796671 , 4.16922733, 3.03568686, 4.73166562, 1.32679914,\n        1.64185   ],\n       [4.97967099, 4.16922469, 3.03569046, 4.73166023, 1.32679712,\n        1.64184499],\n       [4.97966919, 4.1692193 , 3.03568769, 4.73166174, 1.32680077,\n        1.64184821],\n       [4.97967263, 4.16922665, 3.03568236, 4.73167015, 1.32679795,\n        1.6418519 ],\n       [4.97967402, 4.16922731, 3.03568964, 4.73167104, 1.3268001 ,\n        1.64185381]]), array([0.32295569, 0.32295569, 0.32295569, 0.32295569, 0.32295569,\n       0.32295569, 0.32295569]))"}, "11": {"maxiter": 1000, "fatol": 1e-10, "xatol": 1e-10, "duration": 0.15494084358215332, "fun": "0.32295568851362033", "nit": "547", "nfev": "915", "status": "0", "success": "True", "message": "Optimization terminated successfully.", "x": "[4.97967396 4.16922416 3.03569335 4.73166249 1.32679269 1.64185652]", "final_simplex": "(array([[4.97967396, 4.16922416, 3.03569335, 4.73166249, 1.32679269,\n        1.64185652],\n       [4.97967396, 4.16922416, 3.03569335, 4.73166249, 1.32679269,\n        1.64185652],\n       [4.97967396, 4.16922416, 3.03569335, 4.73166249, 1.32679269,\n        1.64185652],\n       [4.97967396, 4.16922416, 3.03569335, 4.73166249, 1.32679269,\n        1.64185652],\n       [4.97967396, 4.16922416, 3.03569335, 4.73166249, 1.32679269,\n        1.64185652],\n       [4.97967396, 4.16922416, 3.03569335, 4.73166249, 1.32679269,\n        1.64185652],\n       [4.97967396, 4.16922416, 3.03569335, 4.73166249, 1.32679269,\n        1.64185652]]), array([0.32295569, 0.32295569, 0.32295569, 0.32295569, 0.32295569,\n       0.32295569, 0.32295569]))"}}, "bfgs": {"type": "gradient", "0": {"maxiter": 100, "gtol": 1e-05, "xrtol": 1e-05, "eps": 1e-05, "duration": 0.03535199165344238, "fun": "0.32295568866765434", "jac": "[ 6.95407065e-06 -1.15711885e-06 -1.04853903e-06 -6.22601970e-07\n  5.98466832e-06 -3.12593285e-06]", "hess_inv": "[[ 4.08636679e+00  7.55589205e-02  7.29381055e-01  2.65250915e-01\n  -1.05844586e+00  2.43532970e+00]\n [ 7.55589205e-02  3.72848371e+00 -5.41428602e-01  4.99591969e-01\n   4.43383378e-01  6.81702724e-01]\n [ 7.29381055e-01 -5.41428602e-01  5.14888066e+00 -1.13284293e+00\n  -8.23480555e-01  1.96993998e+00]\n [ 2.65250915e-01  4.99591969e-01 -1.13284293e+00  3.26946243e+00\n   9.16199579e-02 -2.14204058e-03]\n [-1.05844586e+00  4.43383378e-01 -8.23480555e-01  9.16199579e-02\n   3.45179254e+00 -9.00727496e-01]\n [ 2.43532970e+00  6.81702724e-01  1.96993998e+00 -2.14204058e-03\n  -9.00727496e-01  5.34990186e+00]]", "nfev": "203", "njev": "29", "status": "0", "success": "True", "message": "Optimization terminated successfully.", "x": "[4.97968015 4.1692131  3.03567414 4.73165813 1.32681053 1.64183249]", "nit": "25"}, "1": {"maxiter": 100, "gtol": 1e-05, "xrtol": 1e-05, "eps": 1e-10, "duration": 0.03514599800109863, "fun": "0.322955688650603", "jac": "[ 5.55111466e-06  0.00000000e+00  0.00000000e+00  0.00000000e+00\n  2.22044587e-06 -3.33066880e-06]", "hess_inv": "[[ 4.09756323  0.05689184  0.75009767  0.26529849 -1.0573453   2.4437341 ]\n [ 0.05689184  3.75214489 -0.54118628  0.49826745  0.45230018  0.68517804]\n [ 0.75009767 -0.54118628  5.1477336  -1.14008362 -0.81356175  1.96284186]\n [ 0.26529849  0.49826745 -1.14008362  3.26316745  0.08735098 -0.01043357]\n [-1.0573453   0.45230018 -0.81356175  0.08735098  3.50109318 -0.90644385]\n [ 2.4437341   0.68517804  1.96284186 -0.01043357 -0.90644385  5.33012043]]", "nfev": "203", "njev": "29", "status": "0", "success": "True", "message": "Optimization terminated successfully.", "x": "[4.979698   4.16922035 3.0356826  4.73166663 1.32680521 1.6418534 ]", "nit": "25"}, "2": {"maxiter": 100, "gtol": 1e-05, "xrtol": 1e-10, "eps": 1e-05, "duration": 0.03551316261291504, "fun": "0.32295568866765434", "jac": "[ 6.95407065e-06 -1.15711885e-06 -1.04853903e-06 -6.22601970e-07\n  5.98466832e-06 -3.12593285e-06]", "hess_inv": "[[ 4.08636679e+00  7.55589205e-02  7.29381055e-01  2.65250915e-01\n  -1.05844586e+00  2.43532970e+00]\n [ 7.55589205e-02  3.72848371e+00 -5.41428602e-01  4.99591969e-01\n   4.43383378e-01  6.81702724e-01]\n [ 7.29381055e-01 -5.41428602e-01  5.14888066e+00 -1.13284293e+00\n  -8.23480555e-01  1.96993998e+00]\n [ 2.65250915e-01  4.99591969e-01 -1.13284293e+00  3.26946243e+00\n   9.16199579e-02 -2.14204058e-03]\n [-1.05844586e+00  4.43383378e-01 -8.23480555e-01  9.16199579e-02\n   3.45179254e+00 -9.00727496e-01]\n [ 2.43532970e+00  6.81702724e-01  1.96993998e+00 -2.14204058e-03\n  -9.00727496e-01  5.34990186e+00]]", "nfev": "203", "njev": "29", "status": "0", "success": "True", "message": "Optimization terminated successfully.", "x": "[4.97968015 4.1692131  3.03567414 4.73165813 1.32681053 1.64183249]", "nit": "25"}, "3": {"maxiter": 100, "gtol": 1e-05, "xrtol": 1e-10, "eps": 1e-10, "duration": 0.03520011901855469, "fun": "0.322955688650603", "jac": "[ 5.55111466e-06  0.00000000e+00  0.00000000e+00  0.00000000e+00\n  2.22044587e-06 -3.33066880e-06]", "hess_inv": "[[ 4.09756323  0.05689184  0.75009767  0.26529849 -1.0573453   2.4437341 ]\n [ 0.05689184  3.75214489 -0.54118628  0.49826745  0.45230018  0.68517804]\n [ 0.75009767 -0.54118628  5.1477336  -1.14008362 -0.81356175  1.96284186]\n [ 0.26529849  0.49826745 -1.14008362  3.26316745  0.08735098 -0.01043357]\n [-1.0573453   0.45230018 -0.81356175  0.08735098  3.50109318 -0.90644385]\n [ 2.4437341   0.68517804  1.96284186 -0.01043357 -0.90644385  5.33012043]]", "nfev": "203", "njev": "29", "status": "0", "success": "True", "message": "Optimization terminated successfully.", "x": "[4.979698   4.16922035 3.0356826  4.73166663 1.32680521 1.6418534 ]", "nit": "25"}, "4": {"maxiter": 100, "gtol": 1e-10, "xrtol": 1e-05, "eps": 1e-05, "duration": 0.03633594512939453, "fun": "0.32295568854857726", "jac": "[ 7.24753591e-08 -1.30295774e-07 -1.15019105e-07  5.35349542e-08\n  2.41473508e-08  5.01709785e-08]", "hess_inv": "[[ 4.23097513  0.07600903  0.64509415  0.25669424 -0.84299516  2.32182428]\n [ 0.07600903  3.69036143 -0.56967697  0.52167542  0.39862435  0.7129255 ]\n [ 0.64509415 -0.56967697  5.1774643  -1.11162488 -0.98240809  2.05927765]\n [ 0.25669424  0.52167542 -1.11162488  3.25714585  0.10521867 -0.01373853]\n [-0.84299516  0.39862435 -0.98240809  0.10521867  3.71865497 -1.03221097]\n [ 2.32182428  0.7129255   2.05927765 -0.01373853 -1.03221097  5.4128411 ]]", "nfev": "210", "njev": "30", "status": "0", "success": "True", "message": "Optimization terminated successfully.", "x": "[4.97966396 4.16921642 3.03568605 4.73165713 1.32679041 1.64184242]", "nit": "26"}, "5": {"maxiter": 100, "gtol": 1e-10, "xrtol": 1e-05, "eps": 1e-10, "duration": 0.03649497032165527, "fun": "0.32295568854299894", "jac": "[ 1.11022293e-06 -3.33066880e-06 -1.11022293e-06 -1.11022293e-06\n  1.11022293e-06 -1.11022293e-06]", "hess_inv": "[[ 4.24267763  0.09866841  0.71518207  0.26886936 -0.89738393  2.35661597]\n [ 0.09866841  3.71667271 -0.56425255  0.51409931  0.40750642  0.6723603 ]\n [ 0.71518207 -0.56425255  5.15256864 -1.13688662 -0.8769406   1.98716298]\n [ 0.26886936  0.51409931 -1.13688662  3.25864146  0.11960036 -0.0163991 ]\n [-0.89738393  0.40750642 -0.8769406   0.11960036  3.50367546 -0.97902265]\n [ 2.35661597  0.6723603   1.98716298 -0.0163991  -0.97902265  5.37925533]]", "nfev": "210", "njev": "30", "status": "0", "success": "True", "message": "Optimization terminated successfully.", "x": "[4.97968429 4.16922114 3.0356872  4.73166482 1.32679916 1.64186041]", "nit": "26"}, "6": {"maxiter": 100, "gtol": 1e-10, "xrtol": 1e-10, "eps": 1e-05, "duration": 0.07525801658630371, "fun": "0.32295568854857193", "jac": "[-9.99200722e-11 -3.99680289e-09 -3.59712260e-09  3.05311332e-09\n -1.33226763e-09  3.09752224e-09]", "hess_inv": "[[ 4.26765092  0.03875581  0.5917405   0.29514473 -0.84343237  2.33753227]\n [ 0.03875581  3.72153746 -0.52075306  0.48862393  0.38980706  0.70423743]\n [ 0.5917405  -0.52075306  5.25064864 -1.16194459 -0.9895258   2.04270364]\n [ 0.29514473  0.48862393 -1.16194459  3.28919538  0.114518   -0.00556087]\n [-0.84343237  0.38980706 -0.9895258   0.114518    3.70508854 -1.02143484]\n [ 2.33753227  0.70423743  2.04270364 -0.00556087 -1.02143484  5.41057872]]", "nfev": "439", "njev": "61", "status": "2", "success": "False", "message": "Desired error not necessarily achieved due to precision loss.", "x": "[4.97966361 4.16921676 3.03568651 4.73165688 1.32679036 1.64184234]", "nit": "27"}, "7": {"maxiter": 100, "gtol": 1e-10, "xrtol": 1e-10, "eps": 1e-10, "duration": 0.0564427375793457, "fun": "0.3229556885218853", "jac": "[2.22044587e-06 2.22044587e-06 2.22044587e-06 0.00000000e+00\n 0.00000000e+00 2.22044587e-06]", "hess_inv": "[[  8.26563168   6.4243608    9.56688708   0.95082067  -7.40138023\n  -24.95655454]\n [  6.4243608    5.76998302   7.53399937   0.46776854  -5.76405589\n  -19.92950104]\n [  9.56688708   7.53399937  11.37574255   0.99600984  -8.38349022\n  -29.36066749]\n [  0.95082067   0.46776854   0.99600984   1.2604024   -1.91822154\n   -2.69013706]\n [ -7.40138023  -5.76405589  -8.38349022  -1.91822154   8.27188212\n   21.82261854]\n [-24.95655454 -19.92950104 -29.36066749  -2.69013706  21.82261854\n   76.65725238]]", "nfev": "329", "njev": "47", "status": "0", "success": "True", "message": "Optimization terminated successfully.", "x": "[4.97967455 4.16923095 3.03569507 4.7316658  1.32679274 1.64186002]", "nit": "34"}, "8": {"maxiter": 500, "gtol": 1e-05, "xrtol": 1e-05, "eps": 1e-05, "duration": 0.03500223159790039, "fun": "0.32295568866765434", "jac": "[ 6.95407065e-06 -1.15711885e-06 -1.04853903e-06 -6.22601970e-07\n  5.98466832e-06 -3.12593285e-06]", "hess_inv": "[[ 4.08636679e+00  7.55589205e-02  7.29381055e-01  2.65250915e-01\n  -1.05844586e+00  2.43532970e+00]\n [ 7.55589205e-02  3.72848371e+00 -5.41428602e-01  4.99591969e-01\n   4.43383378e-01  6.81702724e-01]\n [ 7.29381055e-01 -5.41428602e-01  5.14888066e+00 -1.13284293e+00\n  -8.23480555e-01  1.96993998e+00]\n [ 2.65250915e-01  4.99591969e-01 -1.13284293e+00  3.26946243e+00\n   9.16199579e-02 -2.14204058e-03]\n [-1.05844586e+00  4.43383378e-01 -8.23480555e-01  9.16199579e-02\n   3.45179254e+00 -9.00727496e-01]\n [ 2.43532970e+00  6.81702724e-01  1.96993998e+00 -2.14204058e-03\n  -9.00727496e-01  5.34990186e+00]]", "nfev": "203", "njev": "29", "status": "0", "success": "True", "message": "Optimization terminated successfully.", "x": "[4.97968015 4.1692131  3.03567414 4.73165813 1.32681053 1.64183249]", "nit": "25"}, "9": {"maxiter": 500, "gtol": 1e-05, "xrtol": 1e-05, "eps": 1e-10, "duration": 0.0349879264831543, "fun": "0.322955688650603", "jac": "[ 5.55111466e-06  0.00000000e+00  0.00000000e+00  0.00000000e+00\n  2.22044587e-06 -3.33066880e-06]", "hess_inv": "[[ 4.09756323  0.05689184  0.75009767  0.26529849 -1.0573453   2.4437341 ]\n [ 0.05689184  3.75214489 -0.54118628  0.49826745  0.45230018  0.68517804]\n [ 0.75009767 -0.54118628  5.1477336  -1.14008362 -0.81356175  1.96284186]\n [ 0.26529849  0.49826745 -1.14008362  3.26316745  0.08735098 -0.01043357]\n [-1.0573453   0.45230018 -0.81356175  0.08735098  3.50109318 -0.90644385]\n [ 2.4437341   0.68517804  1.96284186 -0.01043357 -0.90644385  5.33012043]]", "nfev": "203", "njev": "29", "status": "0", "success": "True", "message": "Optimization terminated successfully.", "x": "[4.979698   4.16922035 3.0356826  4.73166663 1.32680521 1.6418534 ]", "nit": "25"}, "10": {"maxiter": 500, "gtol": 1e-05, "xrtol": 1e-10, "eps": 1e-05, "duration": 0.03493499755859375, "fun": "0.32295568866765434", "jac": "[ 6.95407065e-06 -1.15711885e-06 -1.04853903e-06 -6.22601970e-07\n  5.98466832e-06 -3.12593285e-06]", "hess_inv": "[[ 4.08636679e+00  7.55589205e-02  7.29381055e-01  2.65250915e-01\n  -1.05844586e+00  2.43532970e+00]\n [ 7.55589205e-02  3.72848371e+00 -5.41428602e-01  4.99591969e-01\n   4.43383378e-01  6.81702724e-01]\n [ 7.29381055e-01 -5.41428602e-01  5.14888066e+00 -1.13284293e+00\n  -8.23480555e-01  1.96993998e+00]\n [ 2.65250915e-01  4.99591969e-01 -1.13284293e+00  3.26946243e+00\n   9.16199579e-02 -2.14204058e-03]\n [-1.05844586e+00  4.43383378e-01 -8.23480555e-01  9.16199579e-02\n   3.45179254e+00 -9.00727496e-01]\n [ 2.43532970e+00  6.81702724e-01  1.96993998e+00 -2.14204058e-03\n  -9.00727496e-01  5.34990186e+00]]", "nfev": "203", "njev": "29", "status": "0", "success": "True", "message": "Optimization terminated successfully.", "x": "[4.97968015 4.1692131  3.03567414 4.73165813 1.32681053 1.64183249]", "nit": "25"}, "11": {"maxiter": 500, "gtol": 1e-05, "xrtol": 1e-10, "eps": 1e-10, "duration": 0.03507208824157715, "fun": "0.322955688650603", "jac": "[ 5.55111466e-06  0.00000000e+00  0.00000000e+00  0.00000000e+00\n  2.22044587e-06 -3.33066880e-06]", "hess_inv": "[[ 4.09756323  0.05689184  0.75009767  0.26529849 -1.0573453   2.4437341 ]\n [ 0.05689184  3.75214489 -0.54118628  0.49826745  0.45230018  0.68517804]\n [ 0.75009767 -0.54118628  5.1477336  -1.14008362 -0.81356175  1.96284186]\n [ 0.26529849  0.49826745 -1.14008362  3.26316745  0.08735098 -0.01043357]\n [-1.0573453   0.45230018 -0.81356175  0.08735098  3.50109318 -0.90644385]\n [ 2.4437341   0.68517804  1.96284186 -0.01043357 -0.90644385  5.33012043]]", "nfev": "203", "njev": "29", "status": "0", "success": "True", "message": "Optimization terminated successfully.", "x": "[4.979698   4.16922035 3.0356826  4.73166663 1.32680521 1.6418534 ]", "nit": "25"}, "12": {"maxiter": 500, "gtol": 1e-10, "xrtol": 1e-05, "eps": 1e-05, "duration": 0.036267995834350586, "fun": "0.32295568854857726", "jac": "[ 7.24753591e-08 -1.30295774e-07 -1.15019105e-07  5.35349542e-08\n  2.41473508e-08  5.01709785e-08]", "hess_inv": "[[ 4.23097513  0.07600903  0.64509415  0.25669424 -0.84299516  2.32182428]\n [ 0.07600903  3.69036143 -0.56967697  0.52167542  0.39862435  0.7129255 ]\n [ 0.64509415 -0.56967697  5.1774643  -1.11162488 -0.98240809  2.05927765]\n [ 0.25669424  0.52167542 -1.11162488  3.25714585  0.10521867 -0.01373853]\n [-0.84299516  0.39862435 -0.98240809  0.10521867  3.71865497 -1.03221097]\n [ 2.32182428  0.7129255   2.05927765 -0.01373853 -1.03221097  5.4128411 ]]", "nfev": "210", "njev": "30", "status": "0", "success": "True", "message": "Optimization terminated successfully.", "x": "[4.97966396 4.16921642 3.03568605 4.73165713 1.32679041 1.64184242]", "nit": "26"}, "13": {"maxiter": 500, "gtol": 1e-10, "xrtol": 1e-05, "eps": 1e-10, "duration": 0.036270856857299805, "fun": "0.32295568854299894", "jac": "[ 1.11022293e-06 -3.33066880e-06 -1.11022293e-06 -1.11022293e-06\n  1.11022293e-06 -1.11022293e-06]", "hess_inv": "[[ 4.24267763  0.09866841  0.71518207  0.26886936 -0.89738393  2.35661597]\n [ 0.09866841  3.71667271 -0.56425255  0.51409931  0.40750642  0.6723603 ]\n [ 0.71518207 -0.56425255  5.15256864 -1.13688662 -0.8769406   1.98716298]\n [ 0.26886936  0.51409931 -1.13688662  3.25864146  0.11960036 -0.0163991 ]\n [-0.89738393  0.40750642 -0.8769406   0.11960036  3.50367546 -0.97902265]\n [ 2.35661597  0.6723603   1.98716298 -0.0163991  -0.97902265  5.37925533]]", "nfev": "210", "njev": "30", "status": "0", "success": "True", "message": "Optimization terminated successfully.", "x": "[4.97968429 4.16922114 3.0356872  4.73166482 1.32679916 1.64186041]", "nit": "26"}, "14": {"maxiter": 500, "gtol": 1e-10, "xrtol": 1e-10, "eps": 1e-05, "duration": 0.07505917549133301, "fun": "0.32295568854857193", "jac": "[-9.99200722e-11 -3.99680289e-09 -3.59712260e-09  3.05311332e-09\n -1.33226763e-09  3.09752224e-09]", "hess_inv": "[[ 4.26765092  0.03875581  0.5917405   0.29514473 -0.84343237  2.33753227]\n [ 0.03875581  3.72153746 -0.52075306  0.48862393  0.38980706  0.70423743]\n [ 0.5917405  -0.52075306  5.25064864 -1.16194459 -0.9895258   2.04270364]\n [ 0.29514473  0.48862393 -1.16194459  3.28919538  0.114518   -0.00556087]\n [-0.84343237  0.38980706 -0.9895258   0.114518    3.70508854 -1.02143484]\n [ 2.33753227  0.70423743  2.04270364 -0.00556087 -1.02143484  5.41057872]]", "nfev": "439", "njev": "61", "status": "2", "success": "False", "message": "Desired error not necessarily achieved due to precision loss.", "x": "[4.97966361 4.16921676 3.03568651 4.73165688 1.32679036 1.64184234]", "nit": "27"}, "15": {"maxiter": 500, "gtol": 1e-10, "xrtol": 1e-10, "eps": 1e-10, "duration": 0.05643177032470703, "fun": "0.3229556885218853", "jac": "[2.22044587e-06 2.22044587e-06 2.22044587e-06 0.00000000e+00\n 0.00000000e+00 2.22044587e-06]", "hess_inv": "[[  8.26563168   6.4243608    9.56688708   0.95082067  -7.40138023\n  -24.95655454]\n [  6.4243608    5.76998302   7.53399937   0.46776854  -5.76405589\n  -19.92950104]\n [  9.56688708   7.53399937  11.37574255   0.99600984  -8.38349022\n  -29.36066749]\n [  0.95082067   0.46776854   0.99600984   1.2604024   -1.91822154\n   -2.69013706]\n [ -7.40138023  -5.76405589  -8.38349022  -1.91822154   8.27188212\n   21.82261854]\n [-24.95655454 -19.92950104 -29.36066749  -2.69013706  21.82261854\n   76.65725238]]", "nfev": "329", "njev": "47", "status": "0", "success": "True", "message": "Optimization terminated successfully.", "x": "[4.97967455 4.16923095 3.03569507 4.7316658  1.32679274 1.64186002]", "nit": "34"}, "16": {"maxiter": 1000, "gtol": 1e-05, "xrtol": 1e-05, "eps": 1e-05, "duration": 0.03503894805908203, "fun": "0.32295568866765434", "jac": "[ 6.95407065e-06 -1.15711885e-06 -1.04853903e-06 -6.22601970e-07\n  5.98466832e-06 -3.12593285e-06]", "hess_inv": "[[ 4.08636679e+00  7.55589205e-02  7.29381055e-01  2.65250915e-01\n  -1.05844586e+00  2.43532970e+00]\n [ 7.55589205e-02  3.72848371e+00 -5.41428602e-01  4.99591969e-01\n   4.43383378e-01  6.81702724e-01]\n [ 7.29381055e-01 -5.41428602e-01  5.14888066e+00 -1.13284293e+00\n  -8.23480555e-01  1.96993998e+00]\n [ 2.65250915e-01  4.99591969e-01 -1.13284293e+00  3.26946243e+00\n   9.16199579e-02 -2.14204058e-03]\n [-1.05844586e+00  4.43383378e-01 -8.23480555e-01  9.16199579e-02\n   3.45179254e+00 -9.00727496e-01]\n [ 2.43532970e+00  6.81702724e-01  1.96993998e+00 -2.14204058e-03\n  -9.00727496e-01  5.34990186e+00]]", "nfev": "203", "njev": "29", "status": "0", "success": "True", "message": "Optimization terminated successfully.", "x": "[4.97968015 4.1692131  3.03567414 4.73165813 1.32681053 1.64183249]", "nit": "25"}, "17": {"maxiter": 1000, "gtol": 1e-05, "xrtol": 1e-05, "eps": 1e-10, "duration": 0.03502178192138672, "fun": "0.322955688650603", "jac": "[ 5.55111466e-06  0.00000000e+00  0.00000000e+00  0.00000000e+00\n  2.22044587e-06 -3.33066880e-06]", "hess_inv": "[[ 4.09756323  0.05689184  0.75009767  0.26529849 -1.0573453   2.4437341 ]\n [ 0.05689184  3.75214489 -0.54118628  0.49826745  0.45230018  0.68517804]\n [ 0.75009767 -0.54118628  5.1477336  -1.14008362 -0.81356175  1.96284186]\n [ 0.26529849  0.49826745 -1.14008362  3.26316745  0.08735098 -0.01043357]\n [-1.0573453   0.45230018 -0.81356175  0.08735098  3.50109318 -0.90644385]\n [ 2.4437341   0.68517804  1.96284186 -0.01043357 -0.90644385  5.33012043]]", "nfev": "203", "njev": "29", "status": "0", "success": "True", "message": "Optimization terminated successfully.", "x": "[4.979698   4.16922035 3.0356826  4.73166663 1.32680521 1.6418534 ]", "nit": "25"}, "18": {"maxiter": 1000, "gtol": 1e-05, "xrtol": 1e-10, "eps": 1e-05, "duration": 0.03496074676513672, "fun": "0.32295568866765434", "jac": "[ 6.95407065e-06 -1.15711885e-06 -1.04853903e-06 -6.22601970e-07\n  5.98466832e-06 -3.12593285e-06]", "hess_inv": "[[ 4.08636679e+00  7.55589205e-02  7.29381055e-01  2.65250915e-01\n  -1.05844586e+00  2.43532970e+00]\n [ 7.55589205e-02  3.72848371e+00 -5.41428602e-01  4.99591969e-01\n   4.43383378e-01  6.81702724e-01]\n [ 7.29381055e-01 -5.41428602e-01  5.14888066e+00 -1.13284293e+00\n  -8.23480555e-01  1.96993998e+00]\n [ 2.65250915e-01  4.99591969e-01 -1.13284293e+00  3.26946243e+00\n   9.16199579e-02 -2.14204058e-03]\n [-1.05844586e+00  4.43383378e-01 -8.23480555e-01  9.16199579e-02\n   3.45179254e+00 -9.00727496e-01]\n [ 2.43532970e+00  6.81702724e-01  1.96993998e+00 -2.14204058e-03\n  -9.00727496e-01  5.34990186e+00]]", "nfev": "203", "njev": "29", "status": "0", "success": "True", "message": "Optimization terminated successfully.", "x": "[4.97968015 4.1692131  3.03567414 4.73165813 1.32681053 1.64183249]", "nit": "25"}, "19": {"maxiter": 1000, "gtol": 1e-05, "xrtol": 1e-10, "eps": 1e-10, "duration": 0.03491091728210449, "fun": "0.322955688650603", "jac": "[ 5.55111466e-06  0.00000000e+00  0.00000000e+00  0.00000000e+00\n  2.22044587e-06 -3.33066880e-06]", "hess_inv": "[[ 4.09756323  0.05689184  0.75009767  0.26529849 -1.0573453   2.4437341 ]\n [ 0.05689184  3.75214489 -0.54118628  0.49826745  0.45230018  0.68517804]\n [ 0.75009767 -0.54118628  5.1477336  -1.14008362 -0.81356175  1.96284186]\n [ 0.26529849  0.49826745 -1.14008362  3.26316745  0.08735098 -0.01043357]\n [-1.0573453   0.45230018 -0.81356175  0.08735098  3.50109318 -0.90644385]\n [ 2.4437341   0.68517804  1.96284186 -0.01043357 -0.90644385  5.33012043]]", "nfev": "203", "njev": "29", "status": "0", "success": "True", "message": "Optimization terminated successfully.", "x": "[4.979698   4.16922035 3.0356826  4.73166663 1.32680521 1.6418534 ]", "nit": "25"}, "20": {"maxiter": 1000, "gtol": 1e-10, "xrtol": 1e-05, "eps": 1e-05, "duration": 0.03610110282897949, "fun": "0.32295568854857726", "jac": "[ 7.24753591e-08 -1.30295774e-07 -1.15019105e-07  5.35349542e-08\n  2.41473508e-08  5.01709785e-08]", "hess_inv": "[[ 4.23097513  0.07600903  0.64509415  0.25669424 -0.84299516  2.32182428]\n [ 0.07600903  3.69036143 -0.56967697  0.52167542  0.39862435  0.7129255 ]\n [ 0.64509415 -0.56967697  5.1774643  -1.11162488 -0.98240809  2.05927765]\n [ 0.25669424  0.52167542 -1.11162488  3.25714585  0.10521867 -0.01373853]\n [-0.84299516  0.39862435 -0.98240809  0.10521867  3.71865497 -1.03221097]\n [ 2.32182428  0.7129255   2.05927765 -0.01373853 -1.03221097  5.4128411 ]]", "nfev": "210", "njev": "30", "status": "0", "success": "True", "message": "Optimization terminated successfully.", "x": "[4.97966396 4.16921642 3.03568605 4.73165713 1.32679041 1.64184242]", "nit": "26"}, "21": {"maxiter": 1000, "gtol": 1e-10, "xrtol": 1e-05, "eps": 1e-10, "duration": 0.03616499900817871, "fun": "0.32295568854299894", "jac": "[ 1.11022293e-06 -3.33066880e-06 -1.11022293e-06 -1.11022293e-06\n  1.11022293e-06 -1.11022293e-06]", "hess_inv": "[[ 4.24267763  0.09866841  0.71518207  0.26886936 -0.89738393  2.35661597]\n [ 0.09866841  3.71667271 -0.56425255  0.51409931  0.40750642  0.6723603 ]\n [ 0.71518207 -0.56425255  5.15256864 -1.13688662 -0.8769406   1.98716298]\n [ 0.26886936  0.51409931 -1.13688662  3.25864146  0.11960036 -0.0163991 ]\n [-0.89738393  0.40750642 -0.8769406   0.11960036  3.50367546 -0.97902265]\n [ 2.35661597  0.6723603   1.98716298 -0.0163991  -0.97902265  5.37925533]]", "nfev": "210", "njev": "30", "status": "0", "success": "True", "message": "Optimization terminated successfully.", "x": "[4.97968429 4.16922114 3.0356872  4.73166482 1.32679916 1.64186041]", "nit": "26"}, "22": {"maxiter": 1000, "gtol": 1e-10, "xrtol": 1e-10, "eps": 1e-05, "duration": 0.07493329048156738, "fun": "0.32295568854857193", "jac": "[-9.99200722e-11 -3.99680289e-09 -3.59712260e-09  3.05311332e-09\n -1.33226763e-09  3.09752224e-09]", "hess_inv": "[[ 4.26765092  0.03875581  0.5917405   0.29514473 -0.84343237  2.33753227]\n [ 0.03875581  3.72153746 -0.52075306  0.48862393  0.38980706  0.70423743]\n [ 0.5917405  -0.52075306  5.25064864 -1.16194459 -0.9895258   2.04270364]\n [ 0.29514473  0.48862393 -1.16194459  3.28919538  0.114518   -0.00556087]\n [-0.84343237  0.38980706 -0.9895258   0.114518    3.70508854 -1.02143484]\n [ 2.33753227  0.70423743  2.04270364 -0.00556087 -1.02143484  5.41057872]]", "nfev": "439", "njev": "61", "status": "2", "success": "False", "message": "Desired error not necessarily achieved due to precision loss.", "x": "[4.97966361 4.16921676 3.03568651 4.73165688 1.32679036 1.64184234]", "nit": "27"}, "23": {"maxiter": 1000, "gtol": 1e-10, "xrtol": 1e-10, "eps": 1e-10, "duration": 0.05635380744934082, "fun": "0.3229556885218853", "jac": "[2.22044587e-06 2.22044587e-06 2.22044587e-06 0.00000000e+00\n 0.00000000e+00 2.22044587e-06]", "hess_inv": "[[  8.26563168   6.4243608    9.56688708   0.95082067  -7.40138023\n  -24.95655454]\n [  6.4243608    5.76998302   7.53399937   0.46776854  -5.76405589\n  -19.92950104]\n [  9.56688708   7.53399937  11.37574255   0.99600984  -8.38349022\n  -29.36066749]\n [  0.95082067   0.46776854   0.99600984   1.2604024   -1.91822154\n   -2.69013706]\n [ -7.40138023  -5.76405589  -8.38349022  -1.91822154   8.27188212\n   21.82261854]\n [-24.95655454 -19.92950104 -29.36066749  -2.69013706  21.82261854\n   76.65725238]]", "nfev": "329", "njev": "47", "status": "0", "success": "True", "message": "Optimization terminated successfully.", "x": "[4.97967455 4.16923095 3.03569507 4.7316658  1.32679274 1.64186002]", "nit": "34"}}, "cobyla": {"0": {"maxiter": 100, "tol": 1e-05, "catol": 1e-05, "duration": 0.016443729400634766, "x": "[4.97971349 4.16802612 3.03740969 1.55204547 4.46763973 4.78504334]", "status": "2", "success": "False", "message": "Maximum number of function evaluations has been exceeded.", "nfev": "100", "fun": "0.32295633819957514", "maxcv": "0.0"}, "1": {"maxiter": 100, "tol": 1e-05, "catol": 1e-10, "duration": 0.01676797866821289, "x": "[4.97971349 4.16802612 3.03740969 1.55204547 4.46763973 4.78504334]", "status": "2", "success": "False", "message": "Maximum number of function evaluations has been exceeded.", "nfev": "100", "fun": "0.32295633819957514", "maxcv": "0.0"}, "2": {"maxiter": 100, "tol": 1e-10, "catol": 1e-05, "duration": 0.016674041748046875, "x": "[4.97971349 4.16802612 3.03740969 1.55204547 4.46763973 4.78504334]", "status": "2", "success": "False", "message": "Maximum number of function evaluations has been exceeded.", "nfev": "100", "fun": "0.32295633819957514", "maxcv": "0.0"}, "3": {"maxiter": 100, "tol": 1e-10, "catol": 1e-10, "duration": 0.016873836517333984, "x": "[4.97971349 4.16802612 3.03740969 1.55204547 4.46763973 4.78504334]", "status": "2", "success": "False", "message": "Maximum number of function evaluations has been exceeded.", "nfev": "100", "fun": "0.32295633819957514", "maxcv": "0.0"}, "4": {"maxiter": 500, "tol": 1e-05, "catol": 1e-05, "duration": 0.028148889541625977, "x": "[4.97967206 4.16922196 3.03569276 1.55153053 4.46838224 4.78344833]", "status": "1", "success": "True", "message": "Optimization terminated successfully.", "nfev": "170", "fun": "0.3229556885255441", "maxcv": "0.0"}, "5": {"maxiter": 500, "tol": 1e-05, "catol": 1e-10, "duration": 0.028109073638916016, "x": "[4.97967206 4.16922196 3.03569276 1.55153053 4.46838224 4.78344833]", "status": "1", "success": "True", "message": "Optimization