{"date": "2024/07/19/, 16:13:59", "conf_id": 239, "data_type": "non_lin_ind\n", "num_data_points": 4, "s_rank": 0, "unitary": "[[-0.24866696+0.58742286j,-0.44704345-0.43151574j,-0.35669027-0.20570733j,-0.10517633+0.1626036j],[0.10596805-0.19687975j,-0.30269685-0.15056416j,0.18246286+0.30440582j,-0.83484447-0.11310748j],[0.26054512-0.52548482j,0.0285017-0.50723956j,-0.43110112+0.17165838j,0.15243271+0.39915801j],[0.42978035+0.11991271j,-0.17224126-0.46030424j,0.6827807-0.15164662j,0.26483638+0.0061855j]]", "databatch_0": {"databatch": "[[[-0.15264194+0.09627483j,0.1989805-0.04004522j,0.36733287-0.03544503j,0.17040649-0.07205196j],[0.15818923-0.23521259j,-0.05899106+0.1457574j,-0.25709132+0.2891513j,0.0595789+0.13280318j],[-0.00235852-0.03069925j,-0.07655897+0.05838636j,-0.22162531-0.15063733j,-0.13690811+0.1391246j],[0.27328507-0.01000342j,-0.3435801+0.18800992j,-0.282213+0.04914808j,-0.12758676+0.18222336j]],[[0.09201367+0.0303721j,0.10691052+0.0101499j,0.314067+0.02454048j,-0.19594087+0.10494501j],[-0.33461784-0.10965357j,0.00605423-0.24605784j,0.03473581+0.1539267j,-0.05203373-0.08157433j],[0.20892869+0.07907103j,-0.08977452+0.20919729j,-0.31145992-0.09467679j,0.1418321-0.11562241j],[0.11162077+0.27261324j,-0.29581951-0.11421009j,0.39203581-0.14366061j,-0.07918739-0.04981856j]],[[0.16351024+0.19811698j,0.17853643+0.56429037j,-0.06559261-0.23030501j,0.34091839+0.17723275j],[0.30385841-0.05830008j,0.34695045+0.13038197j,-0.16783212-0.16831376j,0.21104516-0.02626549j],[0.01698566+0.0875373j,0.00458929-0.01648629j,0.0617844-0.02083711j,-0.0719814-0.03893155j],[0.0627439+0.05337228j,0.06978815+0.07252937j,-0.02012505-0.06223094j,0.05599845+0.01957448j]],[[0.21182247+0.02897934j,-0.02472831-0.14669405j,0.34033391+0.03952358j,-0.18924263-0.02305729j],[0.16563638+0.30684072j,0.13102906-0.15471381j,0.33306228+0.51592843j,-0.13242831-0.2608513j],[0.10286142+0.13100906j,0.08175207-0.02740252j,0.10968196+0.12523869j,-0.03383081-0.1846569j],[-0.00236374+0.11752963j,0.02762556-0.0267386j,0.04777286+0.18704611j,-0.00721156-0.04784447j]]]", "initial param values": "[5.05240142,3.13313423,4.09417443,3.31652888,0.66157644,5.68808131]", "nelder_mead": {"type": "gradient-free", "0": {"maxiter": 100, "fatol": 1e-05, "xatol": 1e-05, "duration": 0.026320934295654297, "fun": "0.5009907629702012", "nit": "100", "nfev": "155", "status": "2", "success": "False", "message": "Maximum number of iterations has been exceeded.", "x": "[3.83270536 3.35680992 6.49144407 3.42703601 0.27953503 7.9239953 ]", "final_simplex": "(array([[3.83270536, 3.35680992, 6.49144407, 3.42703601, 0.27953503,\n        7.9239953 ],\n       [3.65705261, 2.96430074, 5.94035174, 3.32387257, 0.43224305,\n        8.1584653 ],\n       [3.65267241, 2.9763906 , 5.95674796, 3.33687494, 0.43130955,\n        8.04091011],\n       [3.84846327, 2.98512847, 5.86297966, 3.39277888, 0.41365641,\n        8.06001946],\n       [3.81961888, 2.86536985, 5.80299889, 3.25339932, 0.46255098,\n        7.94697709],\n       [3.7029674 , 3.34295688, 6.24032679, 3.35246542, 0.31610184,\n        8.06783995],\n       [3.76627575, 3.03250982, 5.92396137, 3.26790273, 0.43441971,\n        7.96821804]]), array([0.50099076, 0.50642181, 0.50650651, 0.50656745, 0.50768753,\n       0.50820185, 0.50825184]))"}, "1": {"maxiter": 100, "fatol": 1e-05, "xatol": 1e-10, "duration": 0.026172161102294922, "fun": "0.5009907629702012", "nit": "100", "nfev": "155", "status": "2", "success": "False", "message": "Maximum number of iterations has been exceeded.", "x": "[3.83270536 3.35680992 6.49144407 3.42703601 0.27953503 7.9239953 ]", "final_simplex": "(array([[3.83270536, 3.35680992, 6.49144407, 3.42703601, 0.27953503,\n        7.9239953 ],\n       [3.65705261, 2.96430074, 5.94035174, 3.32387257, 0.43224305,\n        8.1584653 ],\n       [3.65267241, 2.9763906 , 5.95674796, 3.33687494, 0.43130955,\n        8.04091011],\n       [3.84846327, 2.98512847, 5.86297966, 3.39277888, 0.41365641,\n        8.06001946],\n       [3.81961888, 2.86536985, 5.80299889, 3.25339932, 0.46255098,\n        7.94697709],\n       [3.7029674 , 3.34295688, 6.24032679, 3.35246542, 0.31610184,\n        8.06783995],\n       [3.76627575, 3.03250982, 5.92396137, 3.26790273, 0.43441971,\n        7.96821804]]), array([0.50099076, 0.50642181, 0.50650651, 0.50656745, 0.50768753,\n       0.50820185, 0.50825184]))"}, "2": {"maxiter": 100, "fatol": 1e-10, "xatol": 1e-05, "duration": 0.026189088821411133, "fun": "0.5009907629702012", "nit": "100", "nfev": "155", "status": "2", "success": "False", "message": "Maximum number of iterations has been exceeded.", "x": "[3.83270536 3.35680992 6.49144407 3.42703601 0.27953503 7.9239953 ]", "final_simplex": "(array([[3.83270536, 3.35680992, 6.49144407, 3.42703601, 0.27953503,\n        7.9239953 ],\n       [3.65705261, 2.96430074, 5.94035174, 3.32387257, 0.43224305,\n        8.1584653 ],\n       [3.65267241, 2.9763906 , 5.95674796, 3.33687494, 0.43130955,\n        8.04091011],\n       [3.84846327, 2.98512847, 5.86297966, 3.39277888, 0.41365641,\n        8.06001946],\n       [3.81961888, 2.86536985, 5.80299889, 3.25339932, 0.46255098,\n        7.94697709],\n       [3.7029674 , 3.34295688, 6.24032679, 3.35246542, 0.31610184,\n        8.06783995],\n       [3.76627575, 3.03250982, 5.92396137, 3.26790273, 0.43441971,\n        7.96821804]]), array([0.50099076, 0.50642181, 0.50650651, 0.50656745, 0.50768753,\n       0.50820185, 0.50825184]))"}, "3": {"maxiter": 100, "fatol": 1e-10, "xatol": 1e-10, "duration": 0.02613997459411621, "fun": "0.5009907629702012", "nit": "100", "nfev": "155", "status": "2", "success": "False", "message": "Maximum number of iterations has been exceeded.", "x": "[3.83270536 3.35680992 6.49144407 3.42703601 0.27953503 7.9239953 ]", "final_simplex": "(array([[3.83270536, 3.35680992, 6.49144407, 3.42703601, 0.27953503,\n        7.9239953 ],\n       [3.65705261, 2.96430074, 5.94035174, 3.32387257, 0.43224305,\n        8.1584653 ],\n       [3.65267241, 2.9763906 , 5.95674796, 3.33687494, 0.43130955,\n        8.04091011],\n       [3.84846327, 2.98512847, 5.86297966, 3.39277888, 0.41365641,\n        8.06001946],\n       [3.81961888, 2.86536985, 5.80299889, 3.25339932, 0.46255098,\n        7.94697709],\n       [3.7029674 , 3.34295688, 6.24032679, 3.35246542, 0.31610184,\n        8.06783995],\n       [3.76627575, 3.03250982, 5.92396137, 3.26790273, 0.43441971,\n        7.96821804]]), array([0.50099076, 0.50642181, 0.50650651, 0.50656745, 0.50768753,\n       0.50820185, 0.50825184]))"}, "4": {"maxiter": 500, "fatol": 1e-05, "xatol": 1e-05, "duration": 0.10009598731994629, "fun": "0.4816057135220023", "nit": "382", "nfev": "595", "status": "0", "success": "True", "message": "Optimization terminated successfully.", "x": "[4.38111435 3.32224945 7.19503139 4.00800251 0.30737564 8.31845702]", "final_simplex": "(array([[4.38111435, 3.32224945, 7.19503139, 4.00800251, 0.30737564,\n        8.31845702],\n       [4.38111145, 3.32224678, 7.19503017, 4.00799999, 0.30738089,\n        8.31846381],\n       [4.38111212, 3.32224679, 7.19502883, 4.00800293, 0.30738125,\n        8.3184612 ],\n       [4.38111241, 3.32224655, 7.19503248, 4.00800287, 0.30737626,\n        8.31845814],\n       [4.38111379, 3.32224744, 7.19503576, 4.00800548, 0.30738084,\n        8.31846566],\n       [4.38111402, 3.32224571, 7.19502744, 4.00799995, 0.30737447,\n        8.3184564 ],\n       [4.38110837, 3.3222488 , 7.19502683, 4.00800142, 0.30737745,\n        8.31845953]]), array([0.48160571, 0.48160571, 0.48160571, 0.48160571, 0.48160571,\n       0.48160571, 0.48160571]))"}, "5": {"maxiter": 500, "fatol": 1e-05, "xatol": 1e-10, "duration": 0.13999509811401367, "fun": "0.4816057135210874", "nit": "500", "nfev": "825", "status": "2", "success": "False", "message": "Maximum number of iterations has been exceeded.", "x": "[4.38111496 3.32224806 7.19503372 4.00800209 0.30737823 8.3184608 ]", "final_simplex": "(array([[4.38111496, 3.32224806, 7.19503372, 4.00800209, 0.30737823,\n        8.3184608 ],\n       [4.38111496, 3.32224806, 7.19503372, 4.00800209, 0.30737823,\n        8.3184608 ],\n       [4.38111496, 3.32224806, 7.19503372, 4.00800209, 0.30737823,\n        8.3184608 ],\n       [4.38111496, 3.32224806, 7.19503372, 4.00800209, 0.30737823,\n        8.3184608 ],\n       [4.38111496, 3.32224806, 7.19503372, 4.00800209, 0.30737823,\n        8.3184608 ],\n       [4.38111496, 3.32224806, 7.19503372, 4.00800209, 0.30737823,\n        8.3184608 ],\n       [4.38111496, 3.32224806, 7.19503372, 4.00800209, 0.30737823,\n        8.3184608 ]]), array([0.48160571, 0.48160571, 0.48160571, 0.48160571, 0.48160571,\n       0.48160571, 0.48160571]))"}, "6": {"maxiter": 500, "fatol": 1e-10, "xatol": 1e-05, "duration": 0.10163307189941406, "fun": "0.4816057135220023", "nit": "382", "nfev": "595", "status": "0", "success": "True", "message": "Optimization terminated successfully.", "x": "[4.38111435 3.32224945 7.19503139 4.00800251 0.30737564 8.31845702]", "final_simplex": "(array([[4.38111435, 3.32224945, 7.19503139, 4.00800251, 0.30737564,\n        8.31845702],\n       [4.38111145, 3.32224678, 7.19503017, 4.00799999, 0.30738089,\n        8.31846381],\n       [4.38111212, 3.32224679, 7.19502883, 4.00800293, 0.30738125,\n        8.3184612 ],\n       [4.38111241, 3.32224655, 7.19503248, 4.00800287, 0.30737626,\n        8.31845814],\n       [4.38111379, 3.32224744, 7.19503576, 4.00800548, 0.30738084,\n        8.31846566],\n       [4.38111402, 3.32224571, 7.19502744, 4.00799995, 0.30737447,\n        8.3184564 ],\n       [4.38110837, 3.3222488 , 7.19502683, 4.00800142, 0.30737745,\n        8.31845953]]), array([0.48160571, 0.48160571, 0.48160571, 0.48160571, 0.48160571,\n       0.48160571, 0.48160571]))"}, "7": {"maxiter": 500, "fatol": 1e-10, "xatol": 1e-10, "duration": 0.14032411575317383, "fun": "0.4816057135210874", "nit": "500", "nfev": "825", "status": "2", "success": "False", "message": "Maximum number of iterations has been exceeded.", "x": "[4.38111496 3.32224806 7.19503372 4.00800209 0.30737823 8.3184608 ]", "final_simplex": "(array([[4.38111496, 3.32224806, 7.19503372, 4.00800209, 0.30737823,\n        8.3184608 ],\n       [4.38111496, 3.32224806, 7.19503372, 4.00800209, 0.30737823,\n        8.3184608 ],\n       [4.38111496, 3.32224806, 7.19503372, 4.00800209, 0.30737823,\n        8.3184608 ],\n       [4.38111496, 3.32224806, 7.19503372, 4.00800209, 0.30737823,\n        8.3184608 ],\n       [4.38111496, 3.32224806, 7.19503372, 4.00800209, 0.30737823,\n        8.3184608 ],\n       [4.38111496, 3.32224806, 7.19503372, 4.00800209, 0.30737823,\n        8.3184608 ],\n       [4.38111496, 3.32224806, 7.19503372, 4.00800209, 0.30737823,\n        8.3184608 ]]), array([0.48160571, 0.48160571, 0.48160571, 0.48160571, 0.48160571,\n       0.48160571, 0.48160571]))"}, "8": {"maxiter": 1000, "fatol": 1e-05, "xatol": 1e-05, "duration": 0.10125994682312012, "fun": "0.4816057135220023", "nit": "382", "nfev": "595", "status": "0", "success": "True", "message": "Optimization terminated successfully.", "x": "[4.38111435 3.32224945 7.19503139 4.00800251 0.30737564 8.31845702]", "final_simplex": "(array([[4.38111435, 3.32224945, 7.19503139, 4.00800251, 0.30737564,\n        8.31845702],\n       [4.38111145, 3.32224678, 7.19503017, 4.00799999, 0.30738089,\n        8.31846381],\n       [4.38111212, 3.32224679, 7.19502883, 4.00800293, 0.30738125,\n        8.3184612 ],\n       [4.38111241, 3.32224655, 7.19503248, 4.00800287, 0.30737626,\n        8.31845814],\n       [4.38111379, 3.32224744, 7.19503576, 4.00800548, 0.30738084,\n        8.31846566],\n       [4.38111402, 3.32224571, 7.19502744, 4.00799995, 0.30737447,\n        8.3184564 ],\n       [4.38110837, 3.3222488 , 7.19502683, 4.00800142, 0.30737745,\n        8.31845953]]), array([0.48160571, 0.48160571, 0.48160571, 0.48160571, 0.48160571,\n       0.48160571, 0.48160571]))"}, "9": {"maxiter": 1000, "fatol": 1e-05, "xatol": 1e-10, "duration": 0.14469313621520996, "fun": "0.4816057135210874", "nit": "508", "nfev": "856", "status": "0", "success": "True", "message": "Optimization terminated successfully.", "x": "[4.38111496 3.32224806 7.19503372 4.00800209 0.30737823 8.3184608 ]", "final_simplex": "(array([[4.38111496, 3.32224806, 7.19503372, 4.00800209, 0.30737823,\n        8.3184608 ],\n       [4.38111496, 3.32224806, 7.19503372, 4.00800209, 0.30737823,\n        8.3184608 ],\n       [4.38111496, 3.32224806, 7.19503372, 4.00800209, 0.30737823,\n        8.3184608 ],\n       [4.38111496, 3.32224806, 7.19503372, 4.00800209, 0.30737823,\n        8.3184608 ],\n       [4.38111496, 3.32224806, 7.19503372, 4.00800209, 0.30737823,\n        8.3184608 ],\n       [4.38111496, 3.32224806, 7.19503372, 4.00800209, 0.30737823,\n        8.3184608 ],\n       [4.38111496, 3.32224806, 7.19503372, 4.00800209, 0.30737823,\n        8.3184608 ]]), array([0.48160571, 0.48160571, 0.48160571, 0.48160571, 0.48160571,\n       0.48160571, 0.48160571]))"}, "10": {"maxiter": 1000, "fatol": 1e-10, "xatol": 1e-05, "duration": 0.10023999214172363, "fun": "0.4816057135220023", "nit": "382", "nfev": "595", "status": "0", "success": "True", "message": "Optimization terminated successfully.", "x": "[4.38111435 3.32224945 7.19503139 4.00800251 0.30737564 8.31845702]", "final_simplex": "(array([[4.38111435, 3.32224945, 7.19503139, 4.00800251, 0.30737564,\n        8.31845702],\n       [4.38111145, 3.32224678, 7.19503017, 4.00799999, 0.30738089,\n        8.31846381],\n       [4.38111212, 3.32224679, 7.19502883, 4.00800293, 0.30738125,\n        8.3184612 ],\n       [4.38111241, 3.32224655, 7.19503248, 4.00800287, 0.30737626,\n        8.31845814],\n       [4.38111379, 3.32224744, 7.19503576, 4.00800548, 0.30738084,\n        8.31846566],\n       [4.38111402, 3.32224571, 7.19502744, 4.00799995, 0.30737447,\n        8.3184564 ],\n       [4.38110837, 3.3222488 , 7.19502683, 4.00800142, 0.30737745,\n        8.31845953]]), array([0.48160571, 0.48160571, 0.48160571, 0.48160571, 0.48160571,\n       0.48160571, 0.48160571]))"}, "11": {"maxiter": 1000, "fatol": 1e-10, "xatol": 1e-10, "duration": 0.1435108184814453, "fun": "0.4816057135210874", "nit": "508", "nfev": "856", "status": "0", "success": "True", "message": "Optimization terminated successfully.", "x": "[4.38111496 3.32224806 7.19503372 4.00800209 0.30737823 8.3184608 ]", "final_simplex": "(array([[4.38111496, 3.32224806, 7.19503372, 4.00800209, 0.30737823,\n        8.3184608 ],\n       [4.38111496, 3.32224806, 7.19503372, 4.00800209, 0.30737823,\n        8.3184608 ],\n       [4.38111496, 3.32224806, 7.19503372, 4.00800209, 0.30737823,\n        8.3184608 ],\n       [4.38111496, 3.32224806, 7.19503372, 4.00800209, 0.30737823,\n        8.3184608 ],\n       [4.38111496, 3.32224806, 7.19503372, 4.00800209, 0.30737823,\n        8.3184608 ],\n       [4.38111496, 3.32224806, 7.19503372, 4.00800209, 0.30737823,\n        8.3184608 ],\n       [4.38111496, 3.32224806, 7.19503372, 4.00800209, 0.30737823,\n        8.3184608 ]]), array([0.48160571, 0.48160571, 0.48160571, 0.48160571, 0.48160571,\n       0.48160571, 0.48160571]))"}}, "bfgs": {"type": "gradient", "0": {"maxiter": 100, "gtol": 1e-05, "xrtol": 1e-05, "eps": 1e-05, "duration": 0.03876209259033203, "fun": "0.48041949673224094", "jac": "[-6.39818198e-06 -2.65130140e-06 -1.44891876e-06 -6.01241279e-07\n  7.49427187e-06 -4.18433066e-06]", "hess_inv": "[[ 1.29039400e+01 -7.90932696e+00 -8.71374672e+00 -4.90834742e+00\n   8.34678821e+00 -3.47274520e+00]\n [-7.90932696e+00  1.30416723e+01  1.13334592e+01  4.87111897e+00\n  -8.82436013e+00 -1.59684416e-02]\n [-8.71374672e+00  1.13334592e+01  1.89403003e+01  3.97701410e+00\n  -9.55089192e+00 -1.77023698e+00]\n [-4.90834742e+00  4.87111897e+00  3.97701410e+00  9.09378602e+00\n  -6.25898133e+00 -7.82838269e-01]\n [ 8.34678821e+00 -8.82436013e+00 -9.55089192e+00 -6.25898133e+00\n   2.07114054e+01  8.31438814e+00]\n [-3.47274520e+00 -1.59684416e-02 -1.77023698e+00 -7.82838269e-01\n   8.31438814e+00  1.34121677e+01]]", "nfev": "224", "njev": "32", "status": "0", "success": "True", "message": "Optimization terminated successfully.", "x": "[ 4.27882261  1.89425986  4.98019326  2.24486641 -0.88080492  6.00325336]", "nit": "29"}, "1": {"maxiter": 100, "gtol": 1e-05, "xrtol": 1e-05, "eps": 1e-10, "duration": 0.038619041442871094, "fun": "0.4804194967641424", "jac": "[-7.77156053e-06 -3.33066880e-06 -2.22044587e-06 -1.11022293e-06\n  6.66133760e-06 -4.44089173e-06]", "hess_inv": "[[ 1.28699471e+01 -7.86219591e+00 -8.65878002e+00 -4.87455046e+00\n   8.33038552e+00 -3.47915522e+00]\n [-7.86219591e+00  1.29297895e+01  1.11760313e+01  4.78619748e+00\n  -8.79636728e+00 -5.27970023e-03]\n [-8.65878002e+00  1.11760313e+01  1.87381953e+01  3.87890677e+00\n  -9.49562689e+00 -1.74841994e+00]\n [-4.87455046e+00  4.78619748e+00  3.87890677e+00  9.04712480e+00\n  -6.16300376e+00 -7.30427755e-01]\n [ 8.33038552e+00 -8.79636728e+00 -9.49562689e+00 -6.16300376e+00\n   2.07275127e+01  8.29574062e+00]\n [-3.47915522e+00 -5.27970023e-03 -1.74841994e+00 -7.30427755e-01\n   8.29574062e+00  1.33695171e+01]]", "nfev": "224", "njev": "32", "status": "0", "success": "True", "message": "Optimization terminated successfully.", "x": "[ 4.27881852  1.89426368  4.98019403  2.24487426 -0.8807889   6.00327276]", "nit": "29"}, "2": {"maxiter": 100, "gtol": 1e-05, "xrtol": 1e-10, "eps": 1e-05, "duration": 0.03867506980895996, "fun": "0.48041949673224094", "jac": "[-6.39818198e-06 -2.65130140e-06 -1.44891876e-06 -6.01241279e-07\n  7.49427187e-06 -4.18433066e-06]", "hess_inv": "[[ 1.29039400e+01 -7.90932696e+00 -8.71374672e+00 -4.90834742e+00\n   8.34678821e+00 -3.47274520e+00]\n [-7.90932696e+00  1.30416723e+01  1.13334592e+01  4.87111897e+00\n  -8.82436013e+00 -1.59684416e-02]\n [-8.71374672e+00  1.13334592e+01  1.89403003e+01  3.97701410e+00\n  -9.55089192e+00 -1.77023698e+00]\n [-4.90834742e+00  4.87111897e+00  3.97701410e+00  9.09378602e+00\n  -6.25898133e+00 -7.82838269e-01]\n [ 8.34678821e+00 -8.82436013e+00 -9.55089192e+00 -6.25898133e+00\n   2.07114054e+01  8.31438814e+00]\n [-3.47274520e+00 -1.59684416e-02 -1.77023698e+00 -7.82838269e-01\n   8.31438814e+00  1.34121677e+01]]", "nfev": "224", "njev": "32", "status": "0", "success": "True", "message": "Optimization terminated successfully.", "x": "[ 4.27882261  1.89425986  4.98019326  2.24486641 -0.88080492  6.00325336]", "nit": "29"}, "3": {"maxiter": 100, "gtol": 1e-05, "xrtol": 1e-10, "eps": 1e-10, "duration": 0.03857302665710449, "fun": "0.4804194967641424", "jac": "[-7.77156053e-06 -3.33066880e-06 -2.22044587e-06 -1.11022293e-06\n  6.66133760e-06 -4.44089173e-06]", "hess_inv": "[[ 1.28699471e+01 -7.86219591e+00 -8.65878002e+00 -4.87455046e+00\n   8.33038552e+00 -3.47915522e+00]\n [-7.86219591e+00  1.29297895e+01  1.11760313e+01  4.78619748e+00\n  -8.79636728e+00 -5.27970023e-03]\n [-8.65878002e+00  1.11760313e+01  1.87381953e+01  3.87890677e+00\n  -9.49562689e+00 -1.74841994e+00]\n [-4.87455046e+00  4.78619748e+00  3.87890677e+00  9.04712480e+00\n  -6.16300376e+00 -7.30427755e-01]\n [ 8.33038552e+00 -8.79636728e+00 -9.49562689e+00 -6.16300376e+00\n   2.07275127e+01  8.29574062e+00]\n [-3.47915522e+00 -5.27970023e-03 -1.74841994e+00 -7.30427755e-01\n   8.29574062e+00  1.33695171e+01]]", "nfev": "224", "njev": "32", "status": "0", "success": "True", "message": "Optimization terminated successfully.", "x": "[ 4.27881852  1.89426368  4.98019403  2.24487426 -0.8807889   6.00327276]", "nit": "29"}, "4": {"maxiter": 100, "gtol": 1e-10, "xrtol": 1e-05, "eps": 1e-05, "duration": 0.04275703430175781, "fun": "0.48041949628168257", "jac": "[-1.07018838e-06 -1.00797148e-07 -1.90070182e-08  7.53952456e-07\n  8.10340683e-07 -2.11564100e-07]", "hess_inv": "[[11.93303583 -6.67455561 -7.34248586 -4.13536416  7.01530118 -3.47503152]\n [-6.67455561 12.37354827 10.22638645  4.36453866 -9.20276885 -1.01762896]\n [-7.34248586 10.22638645 17.31431913  3.39419271 -9.26559116 -2.55318769]\n [-4.13536416  4.36453866  3.39419271  8.51549566 -6.12794092 -1.21573202]\n [ 7.01530118 -9.20276885 -9.26559116 -6.12794092 23.51566801 10.54427077]\n [-3.47503152 -1.01762896 -2.55318769 -1.21573202 10.54427077 14.48788527]]", "nfev": "245", "njev": "35", "status": "0", "success": "True", "message": "Optimization terminated successfully.", "x": "[ 4.27879262  1.89433395  4.98026206  2.24490795 -0.88092758  6.00321385]", "nit": "31"}, "5": {"maxiter": 100, "gtol": 1e-10, "xrtol": 1e-05, "eps": 1e-10, "duration": 0.04179787635803223, "fun": "0.4804194962740709", "jac": "[ 2.22044587e-06 -1.11022293e-06  1.11022293e-06  2.22044587e-06\n  0.00000000e+00  2.22044587e-06]", "hess_inv": "[[ 12.5511584   -7.14592036  -7.88550571  -4.54543721   8.1527131\n   -3.40418835]\n [ -7.14592036  11.6421174    9.65707603   4.29331462  -9.65717606\n   -0.68844684]\n [ -7.88550571   9.65707603  16.87696214   3.41254408 -10.05505601\n   -2.35547342]\n [ -4.54543721   4.29331462   3.41254408   8.69435112  -6.78002166\n   -1.10948356]\n [  8.1527131   -9.65717606 -10.05505601  -6.78002166  25.42820977\n   10.2775146 ]\n [ -3.40418835  -0.68844684  -2.35547342  -1.10948356  10.2775146\n   14.13274561]]", "nfev": "238", "njev": "34", "status": "0", "success": "True", "message": "Optimization terminated successfully.", "x": "[ 4.27880028  1.8943344   4.98026269  2.2449107  -0.8809113   6.00323185]", "nit": "31"}, "6": {"maxiter": 100, "gtol": 1e-10, "xrtol": 1e-10, "eps": 1e-05, "duration": 0.08518314361572266, "fun": "0.48041949628045344", "jac": "[-6.44839737e-07 -5.58109114e-08 -1.41331391e-08  4.51028104e-07\n  4.84767781e-07 -1.24777966e-07]", "hess_inv": "[[12.86643932 -6.77212297 -6.65348299 -4.60380857  7.09871824 -4.24900294]\n [-6.77212297 12.36305325 10.01697557  4.39637439 -9.30305336 -0.95246128]\n [-6.65348299 10.01697557 16.74960657  2.90207643 -9.97017658 -3.26313868]\n [-4.60380857  4.39637439  2.90207643  8.72980627 -6.27763743 -0.84724442]\n [ 7.09871824 -9.30305336 -9.97017658 -6.27763743 22.96252671 10.37191341]\n [-4.24900294 -0.95246128 -3.26313868 -0.84724442 10.37191341 15.11044434]]", "nfev": "488", "njev": "68", "status": "2", "success": "False", "message": "Desired error not necessarily achieved due to precision loss.", "x": "[ 4.27879647  1.89433329  4.98026184  2.24490552 -0.88092971  6.00321018]", "nit": "33"}, "7": {"maxiter": 100, "gtol": 1e-10, "xrtol": 1e-10, "eps": 1e-10, "duration": 0.05505490303039551, "fun": "0.48041949627245184", "jac": "[ 1.11022293e-06 -1.11022293e-06 -1.11022293e-06  1.11022293e-06\n -2.22044587e-06  1.11022293e-06]", "hess_inv": "[[ 9.17020534 -4.71798937 -6.14091288 -0.21921802 21.00715449  4.33113427]\n [-4.71798937  9.77872669  8.33507011  4.42216268 -7.21502742  0.9005918 ]\n [-6.14091288  8.33507011 15.93942502  3.53943333 -8.15563301 -1.1496783 ]\n [-0.21921802  4.42216268  3.53943333  8.16634252 -1.24398675 -2.15938576]\n [21.00715449 -7.21502742 -8.15563301 -1.24398675 70.16960358 21.34563421]\n [ 4.33113427  0.9005918  -1.1496783  -2.15938576 21.34563421 11.14726417]]", "nfev": "315", "njev": "45", "status": "0", "success": "True", "message": "Optimization terminated successfully.", "x": "[ 4.27880066  1.89433411  4.98026247  2.2449087  -0.88091831  6.00322768]", "nit": "33"}, "8": {"maxiter": 500, "gtol": 1e-05, "xrtol": 1e-05, "eps": 1e-05, "duration": 0.03931903839111328, "fun": "0.48041949673224094", "jac": "[-6.39818198e-06 -2.65130140e-06 -1.44891876e-06 -6.01241279e-07\n  7.49427187e-06 -4.18433066e-06]", "hess_inv": "[[ 1.29039400e+01 -7.90932696e+00 -8.71374672e+00 -4.90834742e+00\n   8.34678821e+00 -3.47274520e+00]\n [-7.90932696e+00  1.30416723e+01  1.13334592e+01  4.87111897e+00\n  -8.82436013e+00 -1.59684416e-02]\n [-8.71374672e+00  1.13334592e+01  1.89403003e+01  3.97701410e+00\n  -9.55089192e+00 -1.77023698e+00]\n [-4.90834742e+00  4.87111897e+00  3.97701410e+00  9.09378602e+00\n  -6.25898133e+00 -7.82838269e-01]\n [ 8.34678821e+00 -8.82436013e+00 -9.55089192e+00 -6.25898133e+00\n   2.07114054e+01  8.31438814e+00]\n [-3.47274520e+00 -1.59684416e-02 -1.77023698e+00 -7.82838269e-01\n   8.31438814e+00  1.34121677e+01]]", "nfev": "224", "njev": "32", "status": "0", "success": "True", "message": "Optimization terminated successfully.", "x": "[ 4.27882261  1.89425986  4.98019326  2.24486641 -0.88080492  6.00325336]", "nit": "29"}, "9": {"maxiter": 500, "gtol": 1e-05, "xrtol": 1e-05, "eps": 1e-10, "duration": 0.03940296173095703, "fun": "0.4804194967641424", "jac": "[-7.77156053e-06 -3.33066880e-06 -2.22044587e-06 -1.11022293e-06\n  6.66133760e-06 -4.44089173e-06]", "hess_inv": "[[ 1.28699471e+01 -7.86219591e+00 -8.65878002e+00 -4.87455046e+00\n   8.33038552e+00 -3.47915522e+00]\n [-7.86219591e+00  1.29297895e+01  1.11760313e+01  4.78619748e+00\n  -8.79636728e+00 -5.27970023e-03]\n [-8.65878002e+00  1.11760313e+01  1.87381953e+01  3.87890677e+00\n  -9.49562689e+00 -1.74841994e+00]\n [-4.87455046e+00  4.78619748e+00  3.87890677e+00  9.04712480e+00\n  -6.16300376e+00 -7.30427755e-01]\n [ 8.33038552e+00 -8.79636728e+00 -9.49562689e+00 -6.16300376e+00\n   2.07275127e+01  8.29574062e+00]\n [-3.47915522e+00 -5.27970023e-03 -1.74841994e+00 -7.30427755e-01\n   8.29574062e+00  1.33695171e+01]]", "nfev": "224", "njev": "32", "status": "0", "success": "True", "message": "Optimization terminated successfully.", "x": "[ 4.27881852  1.89426368  4.98019403  2.24487426 -0.8807889   6.00327276]", "nit": "29"}, "10": {"maxiter": 500, "gtol": 1e-05, "xrtol": 1e-10, "eps": 1e-05, "duration": 0.039340972900390625, "fun": "0.48041949673224094", "jac": "[-6.39818198e-06 -2.65130140e-06 -1.44891876e-06 -6.01241279e-07\n  7.49427187e-06 -4.18433066e-06]", "hess_inv": "[[ 1.29039400e+01 -7.90932696e+00 -8.71374672e+00 -4.90834742e+00\n   8.34678821e+00 -3.47274520e+00]\n [-7.90932696e+00  1.30416723e+01  1.13334592e+01  4.87111897e+00\n  -8.82436013e+00 -1.59684416e-02]\n [-8.71374672e+00  1.13334592e+01  1.89403003e+01  3.97701410e+00\n  -9.55089192e+00 -1.77023698e+00]\n [-4.90834742e+00  4.87111897e+00  3.97701410e+00  9.09378602e+00\n  -6.25898133e+00 -7.82838269e-01]\n [ 8.34678821e+00 -8.82436013e+00 -9.55089192e+00 -6.25898133e+00\n   2.07114054e+01  8.31438814e+00]\n [-3.47274520e+00 -1.59684416e-02 -1.77023698e+00 -7.82838269e-01\n   8.31438814e+00  1.34121677e+01]]", "nfev": "224", "njev": "32", "status": "0", "success": "True", "message": "Optimization terminated successfully.", "x": "[ 4.27882261  1.89425986  4.98019326  2.24486641 -0.88080492  6.00325336]", "nit": "29"}, "11": {"maxiter": 500, "gtol": 1e-05, "xrtol": 1e-10, "eps": 1e-10, "duration": 0.03927111625671387, "fun": "0.4804194967641424", "jac": "[-7.77156053e-06 -3.33066880e-06 -2.22044587e-06 -1.11022293e-06\n  6.66133760e-06 -4.44089173e-06]", "hess_inv": "[[ 1.28699471e+01 -7.86219591e+00 -8.65878002e+00 -4.87455046e+00\n   8.33038552e+00 -3.47915522e+00]\n [-7.86219591e+00  1.29297895e+01  1.11760313e+01  4.78619748e+00\n  -8.79636728e+00 -5.27970023e-03]\n [-8.65878002e+00  1.11760313e+01  1.87381953e+01  3.87890677e+00\n  -9.49562689e+00 -1.74841994e+00]\n [-4.87455046e+00  4.78619748e+00  3.87890677e+00  9.04712480e+00\n  -6.16300376e+00 -7.30427755e-01]\n [ 8.33038552e+00 -8.79636728e+00 -9.49562689e+00 -6.16300376e+00\n   2.07275127e+01  8.29574062e+00]\n [-3.47915522e+00 -5.27970023e-03 -1.74841994e+00 -7.30427755e-01\n   8.29574062e+00  1.33695171e+01]]", "nfev": "224", "njev": "32", "status": "0", "success": "True", "message": "Optimization terminated successfully.", "x": "[ 4.27881852  1.89426368  4.98019403  2.24487426 -0.8807889   6.00327276]", "nit": "29"}, "12": {"maxiter": 500, "gtol": 1e-10, "xrtol": 1e-05, "eps": 1e-05, "duration": 0.04294300079345703, "fun": "0.48041949628168257", "jac": "[-1.07018838e-06 -1.00797148e-07 -1.90070182e-08  7.53952456e-07\n  8.10340683e-07 -2.11564100e-07]", "hess_inv": "[[11.93303583 -6.67455561 -7.34248586 -4.13536416  7.01530118 -3.47503152]\n [-6.67455561 12.37354827 10.22638645  4.36453866 -9.20276885 -1.01762896]\n [-7.34248586 10.22638645 17.31431913  3.39419271 -9.26559116 -2.55318769]\n [-4.13536416  4.36453866  3.39419271  8.51549566 -6.12794092 -1.21573202]\n [ 7.01530118 -9.20276885 -9.26559116 -6.12794092 23.51566801 10.54427077]\n [-3.47503152 -1.01762896 -2.55318769 -1.21573202 10.54427077 14.48788527]]", "nfev": "245", "njev": "35", "status": "0", "success": "True", "message": "Optimization terminated successfully.", "x": "[ 4.27879262  1.89433395  4.98026206  2.24490795 -0.88092758  6.00321385]", "nit": "31"}, "13": {"maxiter": 500, "gtol": 1e-10, "xrtol": 1e-05, "eps": 1e-10, "duration": 0.041773080825805664, "fun": "0.4804194962740709", "jac": "[ 2.22044587e-06 -1.11022293e-06  1.11022293e-06  2.22044587e-06\n  0.00000000e+00  2.22044587e-06]", "hess_inv": "[[ 12.5511584   -7.14592036  -7.88550571  -4.54543721   8.1527131\n   -3.40418835]\n [ -7.14592036  11.6421174    9.65707603   4.29331462  -9.65717606\n   -0.68844684]\n [ -7.88550571   9.65707603  16.87696214   3.41254408 -10.05505601\n   -2.35547342]\n [ -4.54543721   4.29331462   3.41254408   8.69435112  -6.78002166\n   -1.10948356]\n [  8.1527131   -9.65717606 -10.05505601  -6.78002166  25.42820977\n   10.2775146 ]\n [ -3.40418835  -0.68844684  -2.35547342  -1.10948356  10.2775146\n   14.13274561]]", "nfev": "238", "njev": "34", "status": "0", "success": "True", "message": "Optimization terminated successfully.", "x": "[ 4.27880028  1.8943344   4.98026269  2.2449107  -0.8809113   6.00323185]", "nit": "31"}, "14": {"maxiter": 500, "gtol": 1e-10, "xrtol": 1e-10, "eps": 1e-05, "duration": 0.08485674858093262, "fun": "0.48041949628045344", "jac": "[-6.44839737e-07 -5.58109114e-08 -1.41331391e-08  4.51028104e-07\n  4.84767781e-07 -1.24777966e-07]", "hess_inv": "[[12.86643932 -6.77212297 -6.65348299 -4.60380857  7.09871824 -4.24900294]\n [-6.77212297 12.36305325 10.01697557  4.39637439 -9.30305336 -0.95246128]\n [-6.65348299 10.01697557 16.74960657  2.90207643 -9.97017658 -3.26313868]\n [-4.60380857  4.39637439  2.90207643  8.72980627 -6.27763743 -0.84724442]\n [ 7.09871824 -9.30305336 -9.97017658 -6.27763743 22.96252671 10.37191341]\n [-4.24900294 -0.95246128 -3.26313868 -0.84724442 10.37191341 15.11044434]]", "nfev": "488", "njev": "68", "status": "2", "success": "False", "message": "Desired error not necessarily achieved due to precision loss.", "x": "[ 4.27879647  1.89433329  4.98026184  2.24490552 -0.88092971  6.00321018]", "nit": "33"}, "15": {"maxiter": 500, "gtol": 1e-10, "xrtol": 1e-10, "eps": 1e-10, "duration": 0.05423092842102051, "fun": "0.48041949627245184", "jac": "[ 1.11022293e-06 -1.11022293e-06 -1.11022293e-06  1.11022293e-06\n -2.22044587e-06  1.11022293e-06]", "hess_inv": "[[ 9.17020534 -4.71798937 -6.14091288 -0.21921802 21.00715449  4.33113427]\n [-4.71798937  9.77872669  8.33507011  4.42216268 -7.21502742  0.9005918 ]\n [-6.14091288  8.33507011 15.93942502  3.53943333 -8.15563301 -1.1496783 ]\n [-0.21921802  4.42216268  3.53943333  8.16634252 -1.24398675 -2.15938576]\n [21.00715449 -7.21502742 -8.15563301 -1.24398675 70.16960358 21.34563421]\n [ 4.33113427  0.9005918  -1.1496783  -2.15938576 21.34563421 11.14726417]]", "nfev": "315", "njev": "45", "status": "0", "success": "True", "message": "Optimization terminated successfully.", "x": "[ 4.27880066  1.89433411  4.98026247  2.2449087  -0.88091831  6.00322768]", "nit": "33"}, "16": {"maxiter": 1000, "gtol": 1e-05, "xrtol": 1e-05, "eps": 1e-05, "duration": 0.03861403465270996, "fun": "0.48041949673224094", "jac": "[-6.39818198e-06 -2.65130140e-06 -1.44891876e-06 -6.01241279e-07\n  7.49427187e-06 -4.18433066e-06]", "hess_inv": "[[ 1.29039400e+01 -7.90932696e+00 -8.71374672e+00 -4.90834742e+00\n   8.34678821e+00 -3.47274520e+00]\n [-7.90932696e+00  1.30416723e+01  1.13334592e+01  4.87111897e+00\n  -8.82436013e+00 -1.59684416e-02]\n [-8.71374672e+00  1.13334592e+01  1.89403003e+01  3.97701410e+00\n  -9.55089192e+00 -1.77023698e+00]\n [-4.90834742e+00  4.87111897e+00  3.97701410e+00  9.09378602e+00\n  -6.25898133e+00 -7.82838269e-01]\n [ 8.34678821e+00 -8.82436013e+00 -9.55089192e+00 -6.25898133e+00\n   2.07114054e+01  8.31438814e+00]\n [-3.47274520e+00 -1.59684416e-02 -1.77023698e+00 -7.82838269e-01\n   8.31438814e+00  1.34121677e+01]]", "nfev": "224", "njev": "32", "status": "0", "success": "True", "message": "Optimization terminated successfully.", "x": "[ 4.27882261  1.89425986  4.98019326  2.24486641 -0.88080492  6.00325336]", "nit": "29"}, "17": {"maxiter": 1000, "gtol": 1e-05, "xrtol": 1e-05, "eps": 1e-10, "duration": 0.03869986534118652, "fun": "0.4804194967641424", "jac": "[-7.77156053e-06 -3.33066880e-06 -2.22044587e-06 -1.11022293e-06\n  6.66133760e-06 -4.44089173e-06]", "hess_inv": "[[ 1.28699471e+01 -7.86219591e+00 -8.65878002e+00 -4.87455046e+00\n   8.33038552e+00 -3.47915522e+00]\n [-7.86219591e+00  1.29297895e+01  1.11760313e+01  4.78619748e+00\n  -8.79636728e+00 -5.27970023e-03]\n [-8.65878002e+00  1.11760313e+01  1.87381953e+01  3.87890677e+00\n  -9.49562689e+00 -1.74841994e+00]\n [-4.87455046e+00  4.78619748e+00  3.87890677e+00  9.04712480e+00\n  -6.16300376e+00 -7.30427755e-01]\n [ 8.33038552e+00 -8.79636728e+00 -9.49562689e+00 -6.16300376e+00\n   2.07275127e+01  8.29574062e+00]\n [-3.47915522e+00 -5.27970023e-03 -1.74841994e+00 -7.30427755e-01\n   8.29574062e+00  1.33695171e+01]]", "nfev": "224", "njev": "32", "status": "0", "success": "True", "message": "Optimization terminated successfully.", "x": "[ 4.27881852  1.89426368  4.98019403  2.24487426 -0.8807889   6.00327276]", "nit": "29"}, "18": {"maxiter": 1000, "gtol": 1e-05, "xrtol": 1e-10, "eps": 1e-05, "duration": 0.03864598274230957, "fun": "0.48041949673224094", "jac": "[-6.39818198e-06 -2.65130140e-06 -1.44891876e-06 -6.01241279e-07\n  7.49427187e-06 -4.18433066e-06]", "hess_inv": "[[ 1.29039400e+01 -7.90932696e+00 -8.71374672e+00 -4.90834742e+00\n   8.34678821e+00 -3.47274520e+00]\n [-7.90932696e+00  1.30416723e+01  1.13334592e+01  4.87111897e+00\n  -8.82436013e+00 -1.59684416e-02]\n [-8.71374672e+00  1.13334592e+01  1.89403003e+01  3.97701410e+00\n  -9.55089192e+00 -1.77023698e+00]\n [-4.90834742e+00  4.87111897e+00  3.97701410e+00  9.09378602e+00\n  -6.25898133e+00 -7.82838269e-01]\n [ 8.34678821e+00 -8.82436013e+00 -9.55089192e+00 -6.25898133e+00\n   2.07114054e+01  8.31438814e+00]\n [-3.47274520e+00 -1.59684416e-02 -1.77023698e+00 -7.82838269e-01\n   8.31438814e+00  1.34121677e+01]]", "nfev": "224", "njev": "32", "status": "0", "success": "True", "message": "Optimization terminated successfully.", "x": "[ 4.27882261  1.89425986  4.98019326  2.24486641 -0.88080492  6.00325336]", "nit": "29"}, "19": {"maxiter": 1000, "gtol": 1e-05, "xrtol": 1e-10, "eps": 1e-10, "duration": 0.03870415687561035, "fun": "0.4804194967641424", "jac": "[-7.77156053e-06 -3.33066880e-06 -2.22044587e-06 -1.11022293e-06\n  6.66133760e-06 -4.44089173e-06]", "hess_inv": "[[ 1.28699471e+01 -7.86219591e+00 -8.65878002e+00 -4.87455046e+00\n   8.33038552e+00 -3.47915522e+00]\n [-7.86219591e+00  1.29297895e+01  1.11760313e+01  4.78619748e+00\n  -8.79636728e+00 -5.27970023e-03]\n [-8.65878002e+00  1.11760313e+01  1.87381953e+01  3.87890677e+00\n  -9.49562689e+00 -1.74841994e+00]\n [-4.87455046e+00  4.78619748e+00  3.87890677e+00  9.04712480e+00\n  -6.16300376e+00 -7.30427755e-01]\n [ 8.33038552e+00 -8.79636728e+00 -9.49562689e+00 -6.16300376e+00\n   2.07275127e+01  8.29574062e+00]\n [-3.47915522e+00 -5.27970023e-03 -1.74841994e+00 -7.30427755e-01\n   8.29574062e+00  1.33695171e+01]]", "nfev": "224", "njev": "32", "status": "0", "success": "True", "message": "Optimization terminated successfully.", "x": "[ 4.27881852  1.89426368  4.98019403  2.24487426 -0.8807889   6.00327276]", "nit": "29"}, "20": {"maxiter": 1000, "gtol": 1e-10, "xrtol": 1e-05, "eps": 1e-05, "duration": 0.042317867279052734, "fun": "0.48041949628168257", "jac": "[-1.07018838e-06 -1.00797148e-07 -1.90070182e-08  7.53952456e-07\n  8.10340683e-07 -2.11564100e-07]", "hess_inv": "[[11.93303583 -6.67455561 -7.34248586 -4.13536416  7.01530118 -3.47503152]\n [-6.67455561 12.37354827 10.22638645  4.36453866 -9.20276885 -1.01762896]\n [-7.34248586 10.22638645 17.31431913  3.39419271 -9.26559116 -2.55318769]\n [-4.13536416  4.36453866  3.39419271  8.51549566 -6.12794092 -1.21573202]\n [ 7.01530118 -9.20276885 -9.26559116 -6.12794092 23.51566801 10.54427077]\n [-3.47503152 -1.01762896 -2.55318769 -1.21573202 10.54427077 14.48788527]]", "nfev": "245", "njev": "35", "status": "0", "success": "True", "message": "Optimization terminated successfully.", "x": "[ 4.27879262  1.89433395  4.98026206  2.24490795 -0.88092758  6.00321385]", "nit": "31"}, "21": {"maxiter": 1000, "gtol": 1e-10, "xrtol": 1e-05, "eps": 1e-10, "duration": 0.04116320610046387, "fun": "0.4804194962740709", "jac": "[ 2.22044587e-06 -1.11022293e-06  1.11022293e-06  2.22044587e-06\n  0.00000000e+00  2.22044587e-06]", "hess_inv": "[[ 12.5511584   -7.14592036  -7.88550571  -4.54543721   8.1527131\n   -3.40418835]\n [ -7.14592036  11.6421174    9.65707603   4.29331462  -9.65717606\n   -0.68844684]\n [ -7.88550571   9.65707603  16.87696214   3.41254408 -10.05505601\n   -2.35547342]\n [ -4.54543721   4.29331462   3.41254408   8.69435112  -6.78002166\n   -1.10948356]\n [  8.1527131   -9.65717606 -10.05505601  -6.78002166  25.42820977\n   10.2775146 ]\n [ -3.40418835  -0.68844684  -2.35547342  -1.10948356  10.2775146\n   14.13274561]]", "nfev": "238", "njev": "34", "status": "0", "success": "True", "message": "Optimization terminated successfully.", "x": "[ 4.27880028  1.8943344   4.98026269  2.2449107  -0.8809113   6.00323185]", "nit": "31"}, "22": {"maxiter": 1000, "gtol": 1e-10, "xrtol": 1e-10, "eps": 1e-05, "duration": 0.08333301544189453, "fun": "0.48041949628045344", "jac": "[-6.44839737e-07 -5.58109114e-08 -1.41331391e-08  4.51028104e-07\n  4.84767781e-07 -1.24777966e-07]", "hess_inv": "[[12.86643932 -6.77212297 -6.65348299 -4.60380857  7.09871824 -4.24900294]\n [-6.77212297 12.36305325 10.01697557  4.39637439 -9.30305336 -0.95246128]\n [-6.65348299 10.01697557 16.74960657  2.90207643 -9.97017658 -3.26313868]\n [-4.60380857  4.39637439  2.90207643  8.72980627 -6.27763743 -0.84724442]\n [ 7.09871824 -9.30305336 -9.97017658 -6.27763743 22.96252671 10.37191341]\n [-4.24900294 -0.95246128 -3.26313868 -0.84724442 10.37191341 15.11044434]]", "nfev": "488", "njev": "68", "status": "2", "success": "False", "message": "Desired error not necessarily achieved due to precision loss.", "x": "[ 4.27879647  1.89433329  4.98026184  2.24490552 -0.88092971  6.00321018]", "nit": "33"}, "23": {"maxiter": 1000, "gtol": 1e-10, "xrtol": 1e-10, "eps": 1e-10, "duration": 0.05403900146484375, "fun": "0.48041949627245184", "jac": "[ 1.11022293e-06 -1.11022293e-06 -1.11022293e-06  1.11022293e-06\n -2.22044587e-06  1.11022293e-06]", "hess_inv": "[[ 9.17020534 -4.71798937 -6.14091288 -0.21921802 21.00715449  4.33113427]\n [-4.71798937  9.77872669  8.33507011  4.42216268 -7.21502742  0.9005918 ]\n [-6.14091288  8.33507011 15.93942502  3.53943333 -8.15563301 -1.1496783 ]\n [-0.21921802  4.42216268  3.53943333  8.16634252 -1.24398675 -2.15938576]\n [21.00715449 -7.21502742 -8.15563301 -1.24398675 70.16960358 21.34563421]\n [ 4.33113427  0.9005918  -1.1496783  -2.15938576 21.34563421 11.14726417]]", "nfev": "315", "njev": "45", "status": "0", "success": "True", "message": "Optimization terminated successfully.", "x": "[ 4.27880066  1.89433411  4.98026247  2.2449087  -0.88091831  6.00322768]", "nit": "33"}}, "cobyla": {"0": {"maxiter": 100, "tol": 1e-05, "catol": 1e-05, "duration": 0.016426801681518555, "x": "[3.97474214 2.96074222 6.3752237  3.73614513 0.99602297 8.64888501]", "status": "2", "success": "False", "message": "Maximum number of function evaluations has been exceeded.", "nfev": "100", "fun": "0.48707614857226167", "maxcv": "0.0"}, "1": {"maxiter": 100, "tol": 1e-05, "catol": 1e-10, "duration": 0.016406774520874023, "x": "[3.97474214 2.96074222 6.3752237  3.73614513 0.99602297 8.64888501]", "status": "2", "success": "False", "message": "Maximum n