{"date": "2024/07/18/, 22:03:12", "conf_id": 82, "data_type": "orthogonal\n", "num_data_points": 1, "s_rank": 0, "unitary": "[[0.18663085-0.53122324j,-0.11886349-0.70040876j,0.28555095-0.02789305j,-0.12262021-0.2844587j],[-0.16702216+0.27758472j,0.27526351-0.29738586j,-0.01109314+0.22495461j,-0.77239203+0.28900673j],[0.61935415+0.12301792j,-0.31269928-0.03315917j,-0.61902762-0.19039079j,-0.27120731-0.0968989j],[0.42341754+0.0023929j,-0.05847358+0.47832119j,0.64900495-0.16218422j,-0.37182676-0.05229966j]]", "databatch_0": {"databatch": "[[[-0.01176153+0.02071136j,-0.01565891-0.01867698j,-0.00986331-0.00648342j,0.00151949+0.0088533j],[0.11113881-0.25025316j,0.20026988+0.19597006j,0.12017502+0.06302099j,-0.0273958-0.0995697j],[0.41074158-0.15683864j,0.00366689+0.44989365j,0.06432944+0.20817121j,0.08233368-0.143932j],[-0.27341432+0.25899289j,-0.15068128-0.35470067j,-0.11927-0.14355076j,-0.01785454+0.14090764j]]]", "initial param values": "[3.97844396,2.81553077,3.23053235,4.67575449,4.11755545,1.71140484]", "nelder_mead": {"type": "gradient-free", "0": {"maxiter": 100, "fatol": 1e-05, "xatol": 1e-05, "duration": 0.026179075241088867, "fun": "0.04184841128556449", "nit": "100", "nfev": "160", "status": "2", "success": "False", "message": "Maximum number of iterations has been exceeded.", "x": "[4.28719671 2.55251316 4.159827   4.59235593 5.51329331 0.81836843]", "final_simplex": "(array([[4.28719671, 2.55251316, 4.159827  , 4.59235593, 5.51329331,\n        0.81836843],\n       [4.31463875, 2.53542938, 4.09525644, 4.62817733, 5.55335484,\n        0.80599047],\n       [4.29068116, 2.54239315, 4.1239631 , 4.60231202, 5.5454495 ,\n        0.81869157],\n       [4.30223492, 2.55300215, 4.11006306, 4.60614574, 5.56369602,\n        0.80373692],\n       [4.30026621, 2.55875115, 4.13305303, 4.59585007, 5.52610084,\n        0.8097821 ],\n       [4.2828106 , 2.56020368, 4.13086584, 4.60584852, 5.54585815,\n        0.80770398],\n       [4.28039105, 2.54486337, 4.1273829 , 4.61653783, 5.5573114 ,\n        0.80389092]]), array([0.04184841, 0.04189219, 0.04189508, 0.04189594, 0.04192353,\n       0.04193473, 0.04197062]))"}, "1": {"maxiter": 100, "fatol": 1e-05, "xatol": 1e-10, "duration": 0.026154041290283203, "fun": "0.04184841128556449", "nit": "100", "nfev": "160", "status": "2", "success": "False", "message": "Maximum number of iterations has been exceeded.", "x": "[4.28719671 2.55251316 4.159827   4.59235593 5.51329331 0.81836843]", "final_simplex": "(array([[4.28719671, 2.55251316, 4.159827  , 4.59235593, 5.51329331,\n        0.81836843],\n       [4.31463875, 2.53542938, 4.09525644, 4.62817733, 5.55335484,\n        0.80599047],\n       [4.29068116, 2.54239315, 4.1239631 , 4.60231202, 5.5454495 ,\n        0.81869157],\n       [4.30223492, 2.55300215, 4.11006306, 4.60614574, 5.56369602,\n        0.80373692],\n       [4.30026621, 2.55875115, 4.13305303, 4.59585007, 5.52610084,\n        0.8097821 ],\n       [4.2828106 , 2.56020368, 4.13086584, 4.60584852, 5.54585815,\n        0.80770398],\n       [4.28039105, 2.54486337, 4.1273829 , 4.61653783, 5.5573114 ,\n        0.80389092]]), array([0.04184841, 0.04189219, 0.04189508, 0.04189594, 0.04192353,\n       0.04193473, 0.04197062]))"}, "2": {"maxiter": 100, "fatol": 1e-10, "xatol": 1e-05, "duration": 0.02614593505859375, "fun": "0.04184841128556449", "nit": "100", "nfev": "160", "status": "2", "success": "False", "message": "Maximum number of iterations has been exceeded.", "x": "[4.28719671 2.55251316 4.159827   4.59235593 5.51329331 0.81836843]", "final_simplex": "(array([[4.28719671, 2.55251316, 4.159827  , 4.59235593, 5.51329331,\n        0.81836843],\n       [4.31463875, 2.53542938, 4.09525644, 4.62817733, 5.55335484,\n        0.80599047],\n       [4.29068116, 2.54239315, 4.1239631 , 4.60231202, 5.5454495 ,\n        0.81869157],\n       [4.30223492, 2.55300215, 4.11006306, 4.60614574, 5.56369602,\n        0.80373692],\n       [4.30026621, 2.55875115, 4.13305303, 4.59585007, 5.52610084,\n        0.8097821 ],\n       [4.2828106 , 2.56020368, 4.13086584, 4.60584852, 5.54585815,\n        0.80770398],\n       [4.28039105, 2.54486337, 4.1273829 , 4.61653783, 5.5573114 ,\n        0.80389092]]), array([0.04184841, 0.04189219, 0.04189508, 0.04189594, 0.04192353,\n       0.04193473, 0.04197062]))"}, "3": {"maxiter": 100, "fatol": 1e-10, "xatol": 1e-10, "duration": 0.02619314193725586, "fun": "0.04184841128556449", "nit": "100", "nfev": "160", "status": "2", "success": "False", "message": "Maximum number of iterations has been exceeded.", "x": "[4.28719671 2.55251316 4.159827   4.59235593 5.51329331 0.81836843]", "final_simplex": "(array([[4.28719671, 2.55251316, 4.159827  , 4.59235593, 5.51329331,\n        0.81836843],\n       [4.31463875, 2.53542938, 4.09525644, 4.62817733, 5.55335484,\n        0.80599047],\n       [4.29068116, 2.54239315, 4.1239631 , 4.60231202, 5.5454495 ,\n        0.81869157],\n       [4.30223492, 2.55300215, 4.11006306, 4.60614574, 5.56369602,\n        0.80373692],\n       [4.30026621, 2.55875115, 4.13305303, 4.59585007, 5.52610084,\n        0.8097821 ],\n       [4.2828106 , 2.56020368, 4.13086584, 4.60584852, 5.54585815,\n        0.80770398],\n       [4.28039105, 2.54486337, 4.1273829 , 4.61653783, 5.5573114 ,\n        0.80389092]]), array([0.04184841, 0.04189219, 0.04189508, 0.04189594, 0.04192353,\n       0.04193473, 0.04197062]))"}, "4": {"maxiter": 500, "fatol": 1e-05, "xatol": 1e-05, "duration": 0.05490374565124512, "fun": "0.04182662789669844", "nit": "201", "nfev": "336", "status": "0", "success": "True", "message": "Optimization terminated successfully.", "x": "[4.29325102 2.54022266 4.14372526 4.60458684 5.5250325  0.81640011]", "final_simplex": "(array([[4.29325102, 2.54022266, 4.14372526, 4.60458684, 5.5250325 ,\n        0.81640011],\n       [4.29325116, 2.54021984, 4.14372464, 4.60459084, 5.52503186,\n        0.81640092],\n       [4.29325195, 2.54022103, 4.14371936, 4.60459031, 5.525038  ,\n        0.81640005],\n       [4.2932507 , 2.54022483, 4.14372398, 4.60458628, 5.52503475,\n        0.81640162],\n       [4.29324851, 2.54021997, 4.1437294 , 4.60458707, 5.52502712,\n        0.81640434],\n       [4.2932457 , 2.5402242 , 4.14373179, 4.60458541, 5.52503155,\n        0.81640025],\n       [4.29325204, 2.54022092, 4.14371804, 4.60459454, 5.52503604,\n        0.8164003 ]]), array([0.04182663, 0.04182663, 0.04182663, 0.04182663, 0.04182663,\n       0.04182663, 0.04182663]))"}, "5": {"maxiter": 500, "fatol": 1e-05, "xatol": 1e-10, "duration": 0.08709716796875, "fun": "0.041826627895856894", "nit": "286", "nfev": "537", "status": "0", "success": "True", "message": "Optimization terminated successfully.", "x": "[4.29325062 2.54022202 4.14372464 4.60458827 5.52503285 0.81640121]", "final_simplex": "(array([[4.29325062, 2.54022202, 4.14372464, 4.60458827, 5.52503285,\n        0.81640121],\n       [4.29325062, 2.54022202, 4.14372464, 4.60458827, 5.52503285,\n        0.81640121],\n       [4.29325062, 2.54022202, 4.14372464, 4.60458827, 5.52503285,\n        0.81640121],\n       [4.29325062, 2.54022202, 4.14372464, 4.60458827, 5.52503285,\n        0.81640121],\n       [4.29325062, 2.54022202, 4.14372464, 4.60458827, 5.52503285,\n        0.81640121],\n       [4.29325062, 2.54022202, 4.14372464, 4.60458827, 5.52503285,\n        0.81640121],\n       [4.29325062, 2.54022202, 4.14372464, 4.60458827, 5.52503285,\n        0.81640121]]), array([0.04182663, 0.04182663, 0.04182663, 0.04182663, 0.04182663,\n       0.04182663, 0.04182663]))"}, "6": {"maxiter": 500, "fatol": 1e-10, "xatol": 1e-05, "duration": 0.05489397048950195, "fun": "0.04182662789669844", "nit": "201", "nfev": "336", "status": "0", "success": "True", "message": "Optimization terminated successfully.", "x": "[4.29325102 2.54022266 4.14372526 4.60458684 5.5250325  0.81640011]", "final_simplex": "(array([[4.29325102, 2.54022266, 4.14372526, 4.60458684, 5.5250325 ,\n        0.81640011],\n       [4.29325116, 2.54021984, 4.14372464, 4.60459084, 5.52503186,\n        0.81640092],\n       [4.29325195, 2.54022103, 4.14371936, 4.60459031, 5.525038  ,\n        0.81640005],\n       [4.2932507 , 2.54022483, 4.14372398, 4.60458628, 5.52503475,\n        0.81640162],\n       [4.29324851, 2.54021997, 4.1437294 , 4.60458707, 5.52502712,\n        0.81640434],\n       [4.2932457 , 2.5402242 , 4.14373179, 4.60458541, 5.52503155,\n        0.81640025],\n       [4.29325204, 2.54022092, 4.14371804, 4.60459454, 5.52503604,\n        0.8164003 ]]), array([0.04182663, 0.04182663, 0.04182663, 0.04182663, 0.04182663,\n       0.04182663, 0.04182663]))"}, "7": {"maxiter": 500, "fatol": 1e-10, "xatol": 1e-10, "duration": 0.08722686767578125, "fun": "0.041826627895856894", "nit": "286", "nfev": "537", "status": "0", "success": "True", "message": "Optimization terminated successfully.", "x": "[4.29325062 2.54022202 4.14372464 4.60458827 5.52503285 0.81640121]", "final_simplex": "(array([[4.29325062, 2.54022202, 4.14372464, 4.60458827, 5.52503285,\n        0.81640121],\n       [4.29325062, 2.54022202, 4.14372464, 4.60458827, 5.52503285,\n        0.81640121],\n       [4.29325062, 2.54022202, 4.14372464, 4.60458827, 5.52503285,\n        0.81640121],\n       [4.29325062, 2.54022202, 4.14372464, 4.60458827, 5.52503285,\n        0.81640121],\n       [4.29325062, 2.54022202, 4.14372464, 4.60458827, 5.52503285,\n        0.81640121],\n       [4.29325062, 2.54022202, 4.14372464, 4.60458827, 5.52503285,\n        0.81640121],\n       [4.29325062, 2.54022202, 4.14372464, 4.60458827, 5.52503285,\n        0.81640121]]), array([0.04182663, 0.04182663, 0.04182663, 0.04182663, 0.04182663,\n       0.04182663, 0.04182663]))"}, "8": {"maxiter": 1000, "fatol": 1e-05, "xatol": 1e-05, "duration": 0.054900169372558594, "fun": "0.04182662789669844", "nit": "201", "nfev": "336", "status": "0", "success": "True", "message": "Optimization terminated successfully.", "x": "[4.29325102 2.54022266 4.14372526 4.60458684 5.5250325  0.81640011]", "final_simplex": "(array([[4.29325102, 2.54022266, 4.14372526, 4.60458684, 5.5250325 ,\n        0.81640011],\n       [4.29325116, 2.54021984, 4.14372464, 4.60459084, 5.52503186,\n        0.81640092],\n       [4.29325195, 2.54022103, 4.14371936, 4.60459031, 5.525038  ,\n        0.81640005],\n       [4.2932507 , 2.54022483, 4.14372398, 4.60458628, 5.52503475,\n        0.81640162],\n       [4.29324851, 2.54021997, 4.1437294 , 4.60458707, 5.52502712,\n        0.81640434],\n       [4.2932457 , 2.5402242 , 4.14373179, 4.60458541, 5.52503155,\n        0.81640025],\n       [4.29325204, 2.54022092, 4.14371804, 4.60459454, 5.52503604,\n        0.8164003 ]]), array([0.04182663, 0.04182663, 0.04182663, 0.04182663, 0.04182663,\n       0.04182663, 0.04182663]))"}, "9": {"maxiter": 1000, "fatol": 1e-05, "xatol": 1e-10, "duration": 0.08722472190856934, "fun": "0.041826627895856894", "nit": "286", "nfev": "537", "status": "0", "success": "True", "message": "Optimization terminated successfully.", "x": "[4.29325062 2.54022202 4.14372464 4.60458827 5.52503285 0.81640121]", "final_simplex": "(array([[4.29325062, 2.54022202, 4.14372464, 4.60458827, 5.52503285,\n        0.81640121],\n       [4.29325062, 2.54022202, 4.14372464, 4.60458827, 5.52503285,\n        0.81640121],\n       [4.29325062, 2.54022202, 4.14372464, 4.60458827, 5.52503285,\n        0.81640121],\n       [4.29325062, 2.54022202, 4.14372464, 4.60458827, 5.52503285,\n        0.81640121],\n       [4.29325062, 2.54022202, 4.14372464, 4.60458827, 5.52503285,\n        0.81640121],\n       [4.29325062, 2.54022202, 4.14372464, 4.60458827, 5.52503285,\n        0.81640121],\n       [4.29325062, 2.54022202, 4.14372464, 4.60458827, 5.52503285,\n        0.81640121]]), array([0.04182663, 0.04182663, 0.04182663, 0.04182663, 0.04182663,\n       0.04182663, 0.04182663]))"}, "10": {"maxiter": 1000, "fatol": 1e-10, "xatol": 1e-05, "duration": 0.055262088775634766, "fun": "0.04182662789669844", "nit": "201", "nfev": "336", "status": "0", "success": "True", "message": "Optimization terminated successfully.", "x": "[4.29325102 2.54022266 4.14372526 4.60458684 5.5250325  0.81640011]", "final_simplex": "(array([[4.29325102, 2.54022266, 4.14372526, 4.60458684, 5.5250325 ,\n        0.81640011],\n       [4.29325116, 2.54021984, 4.14372464, 4.60459084, 5.52503186,\n        0.81640092],\n       [4.29325195, 2.54022103, 4.14371936, 4.60459031, 5.525038  ,\n        0.81640005],\n       [4.2932507 , 2.54022483, 4.14372398, 4.60458628, 5.52503475,\n        0.81640162],\n       [4.29324851, 2.54021997, 4.1437294 , 4.60458707, 5.52502712,\n        0.81640434],\n       [4.2932457 , 2.5402242 , 4.14373179, 4.60458541, 5.52503155,\n        0.81640025],\n       [4.29325204, 2.54022092, 4.14371804, 4.60459454, 5.52503604,\n        0.8164003 ]]), array([0.04182663, 0.04182663, 0.04182663, 0.04182663, 0.04182663,\n       0.04182663, 0.04182663]))"}, "11": {"maxiter": 1000, "fatol": 1e-10, "xatol": 1e-10, "duration": 0.08847212791442871, "fun": "0.041826627895856894", "nit": "286", "nfev": "537", "status": "0", "success": "True", "message": "Optimization terminated successfully.", "x": "[4.29325062 2.54022202 4.14372464 4.60458827 5.52503285 0.81640121]", "final_simplex": "(array([[4.29325062, 2.54022202, 4.14372464, 4.60458827, 5.52503285,\n        0.81640121],\n       [4.29325062, 2.54022202, 4.14372464, 4.60458827, 5.52503285,\n        0.81640121],\n       [4.29325062, 2.54022202, 4.14372464, 4.60458827, 5.52503285,\n        0.81640121],\n       [4.29325062, 2.54022202, 4.14372464, 4.60458827, 5.52503285,\n        0.81640121],\n       [4.29325062, 2.54022202, 4.14372464, 4.60458827, 5.52503285,\n        0.81640121],\n       [4.29325062, 2.54022202, 4.14372464, 4.60458827, 5.52503285,\n        0.81640121],\n       [4.29325062, 2.54022202, 4.14372464, 4.60458827, 5.52503285,\n        0.81640121]]), array([0.04182663, 0.04182663, 0.04182663, 0.04182663, 0.04182663,\n       0.04182663, 0.04182663]))"}}, "bfgs": {"type": "gradient", "0": {"maxiter": 100, "gtol": 1e-05, "xrtol": 1e-05, "eps": 1e-05, "duration": 0.02146005630493164, "fun": "0.04182662793944547", "jac": "[ 9.08240150e-07  8.18067836e-07 -6.21069862e-07  1.56623603e-06\n  9.26425603e-07  9.09361475e-07]", "hess_inv": "[[ 2.95577616 -0.02762026  1.32309943 -0.03877561 -0.6678827   1.63825379]\n [-0.02762026  5.02492157  2.23526902 -2.6824839   1.41839857  0.48745319]\n [ 1.32309943  2.23526902  3.99411166 -1.15958926  0.5200987   2.45951753]\n [-0.03877561 -2.6824839  -1.15958926  3.40797765 -0.8335348  -0.39830521]\n [-0.6678827   1.41839857  0.5200987  -0.8335348   1.95539833 -0.3600193 ]\n [ 1.63825379  0.48745319  2.45951753 -0.39830521 -0.3600193   4.15093236]]", "nfev": "126", "njev": "18", "status": "0", "success": "True", "message": "Optimization terminated successfully.", "x": "[4.22182701 2.53159974 4.22235682 4.55970647 5.4247499  0.79606089]", "nit": "16"}, "1": {"maxiter": 100, "gtol": 1e-05, "xrtol": 1e-05, "eps": 1e-10, "duration": 0.020201921463012695, "fun": "0.041826628943682165", "jac": "[ 9.99200639e-06 -9.99200639e-06  4.44089173e-06 -6.66133760e-06\n -3.33066880e-06  5.55111466e-06]", "hess_inv": "[[ 2.77525849  0.05480951  1.2012079  -0.02868824 -0.59560713  1.41503606]\n [ 0.05480951  5.01410412  2.30518694 -2.65704029  1.38974402  0.57762987]\n [ 1.2012079   2.30518694  3.91777687 -1.13202516  0.57083155  2.29871304]\n [-0.02868824 -2.65704029 -1.13202516  3.43833795 -0.83364921 -0.3928127 ]\n [-0.59560713  1.38974402  0.57083155 -0.83364921  1.92749257 -0.27252709]\n [ 1.41503606  0.57762987  2.29871304 -0.3928127  -0.27252709  3.87245567]]", "nfev": "119", "njev": "17", "status": "0", "success": "True", "message": "Optimization terminated successfully.", "x": "[4.22193141 2.53160201 4.22239813 4.55972121 5.42476928 0.79615917]", "nit": "15"}, "2": {"maxiter": 100, "gtol": 1e-05, "xrtol": 1e-10, "eps": 1e-05, "duration": 0.021363019943237305, "fun": "0.04182662793944547", "jac": "[ 9.08240150e-07  8.18067836e-07 -6.21069862e-07  1.56623603e-06\n  9.26425603e-07  9.09361475e-07]", "hess_inv": "[[ 2.95577616 -0.02762026  1.32309943 -0.03877561 -0.6678827   1.63825379]\n [-0.02762026  5.02492157  2.23526902 -2.6824839   1.41839857  0.48745319]\n [ 1.32309943  2.23526902  3.99411166 -1.15958926  0.5200987   2.45951753]\n [-0.03877561 -2.6824839  -1.15958926  3.40797765 -0.8335348  -0.39830521]\n [-0.6678827   1.41839857  0.5200987  -0.8335348   1.95539833 -0.3600193 ]\n [ 1.63825379  0.48745319  2.45951753 -0.39830521 -0.3600193   4.15093236]]", "nfev": "126", "njev": "18", "status": "0", "success": "True", "message": "Optimization terminated successfully.", "x": "[4.22182701 2.53159974 4.22235682 4.55970647 5.4247499  0.79606089]", "nit": "16"}, "3": {"maxiter": 100, "gtol": 1e-05, "xrtol": 1e-10, "eps": 1e-10, "duration": 0.02014303207397461, "fun": "0.041826628943682165", "jac": "[ 9.99200639e-06 -9.99200639e-06  4.44089173e-06 -6.66133760e-06\n -3.33066880e-06  5.55111466e-06]", "hess_inv": "[[ 2.77525849  0.05480951  1.2012079  -0.02868824 -0.59560713  1.41503606]\n [ 0.05480951  5.01410412  2.30518694 -2.65704029  1.38974402  0.57762987]\n [ 1.2012079   2.30518694  3.91777687 -1.13202516  0.57083155  2.29871304]\n [-0.02868824 -2.65704029 -1.13202516  3.43833795 -0.83364921 -0.3928127 ]\n [-0.59560713  1.38974402  0.57083155 -0.83364921  1.92749257 -0.27252709]\n [ 1.41503606  0.57762987  2.29871304 -0.3928127  -0.27252709  3.87245567]]", "nfev": "119", "njev": "17", "status": "0", "success": "True", "message": "Optimization terminated successfully.", "x": "[4.22193141 2.53160201 4.22239813 4.55972121 5.42476928 0.79615917]", "nit": "15"}, "4": {"maxiter": 100, "gtol": 1e-10, "xrtol": 1e-05, "eps": 1e-05, "duration": 0.06860899925231934, "fun": "0.04182662793944547", "jac": "[ 9.08240150e-07  8.18067836e-07 -6.21069862e-07  1.56623603e-06\n  9.26425603e-07  9.09361475e-07]", "hess_inv": "[[ 3.05336882 -0.02418776  1.38187338  0.04452713 -0.66185987  1.75591145]\n [-0.02418776  5.01789606  2.24377992 -2.69881322  1.40763723  0.49243802]\n [ 1.38187338  2.24377992  4.02369725 -1.09205529  0.53362032  2.52961199]\n [ 0.04452713 -2.69881322 -1.09205529  3.42717901 -0.8579667  -0.29559384]\n [-0.66185987  1.40763723  0.53362032 -0.8579667   1.93892053 -0.3514582 ]\n [ 1.75591145  0.49243802  2.52961199 -0.29559384 -0.3514582   4.29268008]]", "nfev": "411", "njev": "57", "status": "2", "success": "False", "message": "Desired error not necessarily achieved due to precision loss.", "x": "[4.22182701 2.53159974 4.22235682 4.55970647 5.4247499  0.79606089]", "nit": "16"}, "5": {"maxiter": 100, "gtol": 1e-10, "xrtol": 1e-05, "eps": 1e-10, "duration": 0.0213010311126709, "fun": "0.041826628057227255", "jac": "[5.55111466e-06 7.77156053e-06 6.66133760e-06 8.88178346e-06\n 4.44089173e-06 5.55111466e-06]", "hess_inv": "[[ 2.89046781 -0.01760077  1.26216984 -0.04502059 -0.64878105  1.54213193]\n [-0.01760077  5.05306633  2.26288483 -2.65554664  1.42324369  0.50365702]\n [ 1.26216984  2.26288483  3.94760696 -1.14600758  0.54274335  2.36956177]\n [-0.04502059 -2.65554664 -1.14600758  3.42890425 -0.82600492 -0.40291619]\n [-0.64878105  1.42324369  0.54274335 -0.82600492  1.9520336  -0.3312587 ]\n [ 1.54213193  0.50365702  2.36956177 -0.40291619 -0.3312587   4.00733378]]", "nfev": "126", "njev": "18", "status": "0", "success": "True", "message": "Optimization terminated successfully.", "x": "[4.22188573 2.53162689 4.22237162 4.55972254 5.42479042 0.79611224]", "nit": "16"}, "6": {"maxiter": 100, "gtol": 1e-10, "xrtol": 1e-10, "eps": 1e-05, "duration": 0.0684809684753418, "fun": "0.04182662793944547", "jac": "[ 9.08240150e-07  8.18067836e-07 -6.21069862e-07  1.56623603e-06\n  9.26425603e-07  9.09361475e-07]", "hess_inv": "[[ 3.05336882 -0.02418776  1.38187338  0.04452713 -0.66185987  1.75591145]\n [-0.02418776  5.01789606  2.24377992 -2.69881322  1.40763723  0.49243802]\n [ 1.38187338  2.24377992  4.02369725 -1.09205529  0.53362032  2.52961199]\n [ 0.04452713 -2.69881322 -1.09205529  3.42717901 -0.8579667  -0.29559384]\n [-0.66185987  1.40763723  0.53362032 -0.8579667   1.93892053 -0.3514582 ]\n [ 1.75591145  0.49243802  2.52961199 -0.29559384 -0.3514582   4.29268008]]", "nfev": "411", "njev": "57", "status": "2", "success": "False", "message": "Desired error not necessarily achieved due to precision loss.", "x": "[4.22182701 2.53159974 4.22235682 4.55970647 5.4247499  0.79606089]", "nit": "16"}, "7": {"maxiter": 100, "gtol": 1e-10, "xrtol": 1e-10, "eps": 1e-10, "duration": 0.06879997253417969, "fun": "0.04182662790621783", "jac": "[1.11022293e-06 0.00000000e+00 1.11022293e-06 1.11022293e-06\n 2.22044587e-06 2.22044587e-06]", "hess_inv": "[[  0.52821899   1.62275088  -3.43838261  -1.23586162   0.83900167\n   -0.19586737]\n [  1.62275088   5.44724991 -11.36757955  -4.14607501   2.58079148\n   -0.52403094]\n [ -3.43838261 -11.36757955  23.85540314   8.67341565  -5.48695471\n    1.15406091]\n [ -1.23586162  -4.14607501   8.67341565   3.27139143  -1.97179285\n    0.38373076]\n [  0.83900167   2.58079148  -5.48695471  -1.97179285   1.34991758\n   -0.32126602]\n [ -0.19586737  -0.52403094   1.15406091   0.38373076  -0.32126602\n    0.11143424]]", "nfev": "411", "njev": "57", "status": "2", "success": "False", "message": "Desired error not necessarily achieved due to precision loss.", "x": "[4.22187312 2.53161904 4.22234555 4.55971708 5.42479733 0.796094  ]", "nit": "27"}, "8": {"maxiter": 500, "gtol": 1e-05, "xrtol": 1e-05, "eps": 1e-05, "duration": 0.021325111389160156, "fun": "0.04182662793944547", "jac": "[ 9.08240150e-07  8.18067836e-07 -6.21069862e-07  1.56623603e-06\n  9.26425603e-07  9.09361475e-07]", "hess_inv": "[[ 2.95577616 -0.02762026  1.32309943 -0.03877561 -0.6678827   1.63825379]\n [-0.02762026  5.02492157  2.23526902 -2.6824839   1.41839857  0.48745319]\n [ 1.32309943  2.23526902  3.99411166 -1.15958926  0.5200987   2.45951753]\n [-0.03877561 -2.6824839  -1.15958926  3.40797765 -0.8335348  -0.39830521]\n [-0.6678827   1.41839857  0.5200987  -0.8335348   1.95539833 -0.3600193 ]\n [ 1.63825379  0.48745319  2.45951753 -0.39830521 -0.3600193   4.15093236]]", "nfev": "126", "njev": "18", "status": "0", "success": "True", "message": "Optimization terminated successfully.", "x": "[4.22182701 2.53159974 4.22235682 4.55970647 5.4247499  0.79606089]", "nit": "16"}, "9": {"maxiter": 500, "gtol": 1e-05, "xrtol": 1e-05, "eps": 1e-10, "duration": 0.02010202407836914, "fun": "0.041826628943682165", "jac": "[ 9.99200639e-06 -9.99200639e-06  4.44089173e-06 -6.66133760e-06\n -3.33066880e-06  5.55111466e-06]", "hess_inv": "[[ 2.77525849  0.05480951  1.2012079  -0.02868824 -0.59560713  1.41503606]\n [ 0.05480951  5.01410412  2.30518694 -2.65704029  1.38974402  0.57762987]\n [ 1.2012079   2.30518694  3.91777687 -1.13202516  0.57083155  2.29871304]\n [-0.02868824 -2.65704029 -1.13202516  3.43833795 -0.83364921 -0.3928127 ]\n [-0.59560713  1.38974402  0.57083155 -0.83364921  1.92749257 -0.27252709]\n [ 1.41503606  0.57762987  2.29871304 -0.3928127  -0.27252709  3.87245567]]", "nfev": "119", "njev": "17", "status": "0", "success": "True", "message": "Optimization terminated successfully.", "x": "[4.22193141 2.53160201 4.22239813 4.55972121 5.42476928 0.79615917]", "nit": "15"}, "10": {"maxiter": 500, "gtol": 1e-05, "xrtol": 1e-10, "eps": 1e-05, "duration": 0.021281003952026367, "fun": "0.04182662793944547", "jac": "[ 9.08240150e-07  8.18067836e-07 -6.21069862e-07  1.56623603e-06\n  9.26425603e-07  9.09361475e-07]", "hess_inv": "[[ 2.95577616 -0.02762026  1.32309943 -0.03877561 -0.6678827   1.63825379]\n [-0.02762026  5.02492157  2.23526902 -2.6824839   1.41839857  0.48745319]\n [ 1.32309943  2.23526902  3.99411166 -1.15958926  0.5200987   2.45951753]\n [-0.03877561 -2.6824839  -1.15958926  3.40797765 -0.8335348  -0.39830521]\n [-0.6678827   1.41839857  0.5200987  -0.8335348   1.95539833 -0.3600193 ]\n [ 1.63825379  0.48745319  2.45951753 -0.39830521 -0.3600193   4.15093236]]", "nfev": "126", "njev": "18", "status": "0", "success": "True", "message": "Optimization terminated successfully.", "x": "[4.22182701 2.53159974 4.22235682 4.55970647 5.4247499  0.79606089]", "nit": "16"}, "11": {"maxiter": 500, "gtol": 1e-05, "xrtol": 1e-10, "eps": 1e-10, "duration": 0.020104169845581055, "fun": "0.041826628943682165", "jac": "[ 9.99200639e-06 -9.99200639e-06  4.44089173e-06 -6.66133760e-06\n -3.33066880e-06  5.55111466e-06]", "hess_inv": "[[ 2.77525849  0.05480951  1.2012079  -0.02868824 -0.59560713  1.41503606]\n [ 0.05480951  5.01410412  2.30518694 -2.65704029  1.38974402  0.57762987]\n [ 1.2012079   2.30518694  3.91777687 -1.13202516  0.57083155  2.29871304]\n [-0.02868824 -2.65704029 -1.13202516  3.43833795 -0.83364921 -0.3928127 ]\n [-0.59560713  1.38974402  0.57083155 -0.83364921  1.92749257 -0.27252709]\n [ 1.41503606  0.57762987  2.29871304 -0.3928127  -0.27252709  3.87245567]]", "nfev": "119", "njev": "17", "status": "0", "success": "True", "message": "Optimization terminated successfully.", "x": "[4.22193141 2.53160201 4.22239813 4.55972121 5.42476928 0.79615917]", "nit": "15"}, "12": {"maxiter": 500, "gtol": 1e-10, "xrtol": 1e-05, "eps": 1e-05, "duration": 0.06838297843933105, "fun": "0.04182662793944547", "jac": "[ 9.08240150e-07  8.18067836e-07 -6.21069862e-07  1.56623603e-06\n  9.26425603e-07  9.09361475e-07]", "hess_inv": "[[ 3.05336882 -0.02418776  1.38187338  0.04452713 -0.66185987  1.75591145]\n [-0.02418776  5.01789606  2.24377992 -2.69881322  1.40763723  0.49243802]\n [ 1.38187338  2.24377992  4.02369725 -1.09205529  0.53362032  2.52961199]\n [ 0.04452713 -2.69881322 -1.09205529  3.42717901 -0.8579667  -0.29559384]\n [-0.66185987  1.40763723  0.53362032 -0.8579667   1.93892053 -0.3514582 ]\n [ 1.75591145  0.49243802  2.52961199 -0.29559384 -0.3514582   4.29268008]]", "nfev": "411", "njev": "57", "status": "2", "success": "False", "message": "Desired error not necessarily achieved due to precision loss.", "x": "[4.22182701 2.53159974 4.22235682 4.55970647 5.4247499  0.79606089]", "nit": "16"}, "13": {"maxiter": 500, "gtol": 1e-10, "xrtol": 1e-05, "eps": 1e-10, "duration": 0.021268844604492188, "fun": "0.041826628057227255", "jac": "[5.55111466e-06 7.77156053e-06 6.66133760e-06 8.88178346e-06\n 4.44089173e-06 5.55111466e-06]", "hess_inv": "[[ 2.89046781 -0.01760077  1.26216984 -0.04502059 -0.64878105  1.54213193]\n [-0.01760077  5.05306633  2.26288483 -2.65554664  1.42324369  0.50365702]\n [ 1.26216984  2.26288483  3.94760696 -1.14600758  0.54274335  2.36956177]\n [-0.04502059 -2.65554664 -1.14600758  3.42890425 -0.82600492 -0.40291619]\n [-0.64878105  1.42324369  0.54274335 -0.82600492  1.9520336  -0.3312587 ]\n [ 1.54213193  0.50365702  2.36956177 -0.40291619 -0.3312587   4.00733378]]", "nfev": "126", "njev": "18", "status": "0", "success": "True", "message": "Optimization terminated successfully.", "x": "[4.22188573 2.53162689 4.22237162 4.55972254 5.42479042 0.79611224]", "nit": "16"}, "14": {"maxiter": 500, "gtol": 1e-10, "xrtol": 1e-10, "eps": 1e-05, "duration": 0.0684208869934082, "fun": "0.04182662793944547", "jac": "[ 9.08240150e-07  8.18067836e-07 -6.21069862e-07  1.56623603e-06\n  9.26425603e-07  9.09361475e-07]", "hess_inv": "[[ 3.05336882 -0.02418776  1.38187338  0.04452713 -0.66185987  1.75591145]\n [-0.02418776  5.01789606  2.24377992 -2.69881322  1.40763723  0.49243802]\n [ 1.38187338  2.24377992  4.02369725 -1.09205529  0.53362032  2.52961199]\n [ 0.04452713 -2.69881322 -1.09205529  3.42717901 -0.8579667  -0.29559384]\n [-0.66185987  1.40763723  0.53362032 -0.8579667   1.93892053 -0.3514582 ]\n [ 1.75591145  0.49243802  2.52961199 -0.29559384 -0.3514582   4.29268008]]", "nfev": "411", "njev": "57", "status": "2", "success": "False", "message": "Desired error not necessarily achieved due to precision loss.", "x": "[4.22182701 2.53159974 4.22235682 4.55970647 5.4247499  0.79606089]", "nit": "16"}, "15": {"maxiter": 500, "gtol": 1e-10, "xrtol": 1e-10, "eps": 1e-10, "duration": 0.06875109672546387, "fun": "0.04182662790621783", "jac": "[1.11022293e-06 0.00000000e+00 1.11022293e-06 1.11022293e-06\n 2.22044587e-06 2.22044587e-06]", "hess_inv": "[[  0.52821899   1.62275088  -3.43838261  -1.23586162   0.83900167\n   -0.19586737]\n [  1.62275088   5.44724991 -11.36757955  -4.14607501   2.58079148\n   -0.52403094]\n [ -3.43838261 -11.36757955  23.85540314   8.67341565  -5.48695471\n    1.15406091]\n [ -1.23586162  -4.14607501   8.67341565   3.27139143  -1.97179285\n    0.38373076]\n [  0.83900167   2.58079148  -5.48695471  -1.97179285   1.34991758\n   -0.32126602]\n [ -0.19586737  -0.52403094   1.15406091   0.38373076  -0.32126602\n    0.11143424]]", "nfev": "411", "njev": "57", "status": "2", "success": "False", "message": "Desired error not necessarily achieved due to precision loss.", "x": "[4.22187312 2.53161904 4.22234555 4.55971708 5.42479733 0.796094  ]", "nit": "27"}, "16": {"maxiter": 1000, "gtol": 1e-05, "xrtol": 1e-05, "eps": 1e-05, "duration": 0.021302223205566406, "fun": "0.04182662793944547", "jac": "[ 9.08240150e-07  8.18067836e-07 -6.21069862e-07  1.56623603e-06\n  9.26425603e-07  9.09361475e-07]", "hess_inv": "[[ 2.95577616 -0.02762026  1.32309943 -0.03877561 -0.6678827   1.63825379]\n [-0.02762026  5.02492157  2.23526902 -2.6824839   1.41839857  0.48745319]\n [ 1.32309943  2.23526902  3.99411166 -1.15958926  0.5200987   2.45951753]\n [-0.03877561 -2.6824839  -1.15958926  3.40797765 -0.8335348  -0.39830521]\n [-0.6678827   1.41839857  0.5200987  -0.8335348   1.95539833 -0.3600193 ]\n [ 1.63825379  0.48745319  2.45951753 -0.39830521 -0.3600193   4.15093236]]", "nfev": "126", "njev": "18", "status": "0", "success": "True", "message": "Optimization terminated successfully.", "x": "[4.22182701 2.53159974 4.22235682 4.55970647 5.4247499  0.79606089]", "nit": "16"}, "17": {"maxiter": 1000, "gtol": 1e-05, "xrtol": 1e-05, "eps": 1e-10, "duration": 0.02013087272644043, "fun": "0.041826628943682165", "jac": "[ 9.99200639e-06 -9.99200639e-06  4.44089173e-06 -6.66133760e-06\n -3.33066880e-06  5.55111466e-06]", "hess_inv": "[[ 2.77525849  0.05480951  1.2012079  -0.02868824 -0.59560713  1.41503606]\n [ 0.05480951  5.01410412  2.30518694 -2.65704029  1.38974402  0.57762987]\n [ 1.2012079   2.30518694  3.91777687 -1.13202516  0.57083155  2.29871304]\n [-0.02868824 -2.65704029 -1.13202516  3.43833795 -0.83364921 -0.3928127 ]\n [-0.59560713  1.38974402  0.57083155 -0.83364921  1.92749257 -0.27252709]\n [ 1.41503606  0.57762987  2.29871304 -0.3928127  -0.27252709  3.87245567]]", "nfev": "119", "njev": "17", "status": "0", "success": "True", "message": "Optimization terminated successfully.", "x": "[4.22193141 2.53160201 4.22239813 4.55972121 5.42476928 0.79615917]", "nit": "15"}, "18": {"maxiter": 1000, "gtol": 1e-05, "xrtol": 1e-10, "eps": 1e-05, "duration": 0.021445751190185547, "fun": "0.04182662793944547", "jac": "[ 9.08240150e-07  8.18067836e-07 -6.21069862e-07  1.56623603e-06\n  9.26425603e-07  9.09361475e-07]", "hess_inv": "[[ 2.95577616 -0.02762026  1.32309943 -0.03877561 -0.6678827   1.63825379]\n [-0.02762026  5.02492157  2.23526902 -2.6824839   1.41839857  0.48745319]\n [ 1.32309943  2.23526902  3.99411166 -1.15958926  0.5200987   2.45951753]\n [-0.03877561 -2.6824839  -1.15958926  3.40797765 -0.8335348  -0.39830521]\n [-0.6678827   1.41839857  0.5200987  -0.8335348   1.95539833 -0.3600193 ]\n [ 1.63825379  0.48745319  2.45951753 -0.39830521 -0.3600193   4.15093236]]", "nfev": "126", "njev": "18", "status": "0", "success": "True", "message": "Optimization terminated successfully.", "x": "[4.22182701 2.53159974 4.22235682 4.55970647 5.4247499  0.79606089]", "nit": "16"}, "19": {"maxiter": 1000, "gtol": 1e-05, "xrtol": 1e-10, "eps": 1e-10, "duration": 0.0201418399810791, "fun": "0.041826628943682165", "jac": "[ 9.99200639e-06 -9.99200639e-06  4.44089173e-06 -6.66133760e-06\n -3.33066880e-06  5.55111466e-06]", "hess_inv": "[[ 2.77525849  0.05480951  1.2012079  -0.02868824 -0.59560713  1.41503606]\n [ 0.05480951  5.01410412  2.30518694 -2.65704029  1.38974402  0.57762987]\n [ 1.2012079   2.30518694  3.91777687 -1.13202516  0.57083155  2.29871304]\n [-0.02868824 -2.65704029 -1.13202516  3.43833795 -0.83364921 -0.3928127 ]\n [-0.59560713  1.38974402  0.57083155 -0.83364921  1.92749257 -0.27252709]\n [ 1.41503606  0.57762987  2.29871304 -0.3928127  -0.27252709  3.87245567]]", "nfev": "119", "njev": "17", "status": "0", "success": "True", "message": "Optimization terminated successfully.", "x": "[4.22193141 2.53160201 4.22239813 4.55972121 5.42476928 0.79615917]", "nit": "15"}, "20": {"maxiter": 1000, "gtol": 1e-10, "xrtol": 1e-05, "eps": 1e-05, "duration": 0.06830000877380371, "fun": "0.04182662793944547", "jac": "[ 9.08240150e-07  8.18067836e-07 -6.21069862e-07  1.56623603e-06\n  9.26425603e-07  9.09361475e-07]", "hess_inv": "[[ 3.05336882 -0.02418776  1.38187338  0.04452713 -0.66185987  1.75591145]\n [-0.02418776  5.01789606  2.24377992 -2.69881322  1.40763723  0.49243802]\n [ 1.38187338  2.24377992  4.02369725 -1.09205529  0.53362032  2.52961199]\n [ 0.04452713 -2.69881322 -1.09205529  3.42717901 -0.8579667  -0.29559384]\n [-0.66185987  1.40763723  0.53362032 -0.8579667   1.93892053 -0.3514582 ]\n [ 1.75591145  0.49243802  2.52961199 -0.29559384 -0.3514582   4.29268008]]", "nfev": "411", "njev": "57", "status": "2", "success": "False", "message": "Desired error not necessarily achieved due to precision loss.", "x": "[4.22182701 2.53159974 4.22235682 4.55970647 5.4247499  0.79606089]", "nit": "16"}, "21": {"maxiter": 1000, "gtol": 1e-10, "xrtol": 1e-05, "eps": 1e-10, "duration": 0.02122211456298828, "fun": "0.041826628057227255", "jac": "[5.55111466e-06 7.77156053e-06 6.66133760e-06 8.88178346e-06\n 4.44089173e-06 5.55111466e-06]", "hess_inv": "[[ 2.89046781 -0.01760077  1.26216984 -0.04502059 -0.64878105  1.54213193]\n [-0.01760077  5.05306633  2.26288483 -2.65554664  1.42324369  0.50365702]\n [ 1.26216984  2.26288483  3.94760696 -1.14600758  0.54274335  2.36956177]\n [-0.04502059 -2.65554664 -1.14600758  3.42890425 -0.82600492 -0.40291619]\n [-0.64878105  1.42324369  0.54274335 -0.82600492  1.9520336  -0.3312587 ]\n [ 1.54213193  0.50365702  2.36956177 -0.40291619 -0.3312587   4.00733378]]", "nfev": "126", "njev": "18", "status": "0", "success": "True", "message": "Optimization terminated successfully.", "x": "[4.22188573 2.53162689 4.22237162 4.55972254 5.42479042 0.79611224]", "nit": "16"}, "22": {"maxiter": 1000, "gtol": 1e-10, "xrtol": 1e-10, "eps": 1e-05, "duration": 0.0683431625366211, "fun": "0.04182662793944547", "jac": "[ 9.08240150e-07  8.18067836e-07 -6.21069862e-07  1.56623603e-06\n  9.26425603e-07  9.09361475e-07]", "hess_inv": "[[ 3.05336882 -0.02418776  1.38187338  0.04452713 -0.66185987  1.75591145]\n [-0.02418776  5.01789606  2.24377992 -2.69881322  1.40763723  0.49243802]\n [ 1.38187338  2.24377992  4.02369725 -1.09205529  0.53362032  2.52961199]\n [ 0.04452713 -2.69881322 -1.09205529  3.42717901 -0.8579667  -0.29559384]\n [-0.66185987  1.40763723  0.53362032 -0.8579667   1.93892053 -0.3514582 ]\n [ 1.75591145  0.49243802  2.52961199 -0.29559384 -0.3514582   4.29268008]]", "nfev": "411", "njev": "57", "status": "2", "success": "False", "message": "Desired error not necessarily achieved due to precision loss.", "x": "[4.22182701 2.53159974 4.22235682 4.55970647 5.4247499  0.79606089]", "nit": "16"}, "23": {"maxiter": 1000, "gtol": 1e-10, "xrtol": 1e-10, "eps": 1e-10, "duration": 0.06877779960632324, "fun": "0.04182662790621783", "jac": "[1.11022293e-06 0.00000000e+00 1.11022293e-06 1.11022293e-06\n 2.22044587e-06 2.22044587e-06]", "hess_inv": "[[  0.52821899   1.62275088  -3.43838261  -1.23586162   0.83900167\n   -0.19586737]\n [  1.62275088   5.44724991 -11.36757955  -4.14607501   2.58079148\n   -0.52403094]\n [ -3.43838261 -11.36757955  23.85540314   8.67341565  -5.48695471\n    1.15406091]\n [ -1.23586162  -4.14607501   8.67341565   3.27139143  -1.97179285\n    0.38373076]\n [  0.83900167   2.58079148  -5.48695471  -1.97179285   1.34991758\n   -0.32126602]\n [ -0.19586737  -0.52403094   1.15406091   0.38373076  -0.32126602\n    0.11143424]]", "nfev": "411", "njev": "57", "status": "2", "success": "False", "message": "Desired error not necessarily achieved due to precision loss.", "x": "[4.22187312 2.53161904 4.22234555 4.55971708 5.42479733 0.796094  ]", "nit": "27"}}, "cobyla": {"0": {"maxiter": 100, "tol": 1e-05, "catol": 1e-05, "duration": 0.01613903045654297, "x": "[4.59415368 2.64142507 3.80537955 4.81749585 5.95674451 0.8510885 ]", "status": "2", "success": "False", "message": "Maximum number of function evaluations has been exceeded.", "nfev": "100", "fun": "0.04182695378651835", "maxcv": "0.0"}, "1": {"maxiter": 100, "tol": 1e-05, "catol": 1e-10, "duration": 0.016045093536376953, "x": "[4.59415368 2.64142507 3.80537955 4.81749585 5.95674451 0.8510885 ]", "status": "2", "success": "False", "message": "Maximum number of function evaluations has been exceeded.", "nfev": "100", "fun": "0.04182695378651835", "maxcv": "0.0"}, "2": {"maxiter": 100, "tol": 1e-10, "catol": 1e-05, "duration": 0.016391277313232422, "x": "[4.59415368 2.64142507 3.80537955 4.81749585 5.95674451 0.8510885 ]", "status": "2", "success": "False", "message": "Maximum number of function evaluations has been exceeded.", "nfev": "100", "fun": "0.04182695378651835", "maxcv": "0.0"}, "3": {"maxiter": 100, "tol": 1e-10, "catol": 1e-10, "duration": 0.0160980224609375, "x": "[4.59415368 2.64142507 3.80537955 4.81749585 5.95674451 0.8510885 ]", "status": "2", "success": "False", "message": "Maximum number of function evaluations has been exceeded.", "nfev": "100", "fun": "0.04182695378651835", "maxcv": "0.0"}, "4": {"maxiter": 500, "tol": 1e-05, "catol": 1e-05, "duration": 0.02747797966003418, "x": "[4.59279631 2.64157942 3.80482629 4.81726076 5.95699656 0.84979237]", "status": "1", "success": "True", "message": "Optimization terminated successfully.", "nfev": "171", "fun": "0.04182662800652659", "maxcv": "0.0"}, "5": {"maxiter": 500, "tol": 1e-05, "catol": 1e-10, "duration": 0.027459144592285156, "x": "[4.59279631 2.64157942 3.80482629 4.81726076 5.95699656 0.84979237]", "status": "1", "success": "True", "message": "Optimization terminated successfully.", "nfev": "171", "fun": "0.04182662800652659", "maxcv": "0.0"}, "6": {"maxiter": 500, "tol": 1e-10, "catol": 1e-05, "duration": 0.047039031982421875, "x": "[4.59278454 2.64158507 3.80481705 4.81726496 5.95700626 0.84976729]", "status": "1", "success": "True", "message": "Optimization terminated successfully.", "nfev": "294", "fun": "0.041826627895858004", "maxcv": "0.0"}, "7": {"maxiter": 500, "tol": 1e-10, "catol": 1e-10, "duration": 0.047122955322265625, "x": "[4.59278454 2.64158507 3.80481705 4.81726496 5.95700626 0.84976729]", "status": "1", "success": "True", "message": "Optimization terminated successfully.", "nfev": "294", "fun": "0.041826627895858004", "maxcv": "0.0"}, "8": {"maxiter": 1000, "tol": 1e-05, "catol": 1e-05, "duration": 0.027369976043701172, "x": "[4.59279631 2.64157942 3.80482629 4.81726076 5.95699656 0.84979237]", "status": "1", "success": "True", "message": "Optimization terminated successfully.", "nfev": "171", "fun": "0.04182662800652659", "maxcv": "0.0"}, "9": {"maxiter": 1000, "tol": 1e-05, "catol": 1e-10, "duration": 0.02739405632019043, "x": "[4.59279631 2.64157942 3.80482629 4.81726076 5.95699656 0.84979237]", "status": "1", "success": "True", "message": "Optimization terminated successfully.", "nfev": "171", "fun": "0.04182662800652659", "maxcv": "0.0"}, "10": {"maxiter": 1000, "tol": 1e-10, "catol": 1e-05, "duration": 0.04700899124145508, "x": "[4.59278454 2.64158507 3.80481705 4.81726496 5.95700626 0.84976729]", "status": "1", "success": "True", "message": "Optimization terminated successfully.", "nfev": "294", "fun": "0.041826627895858004", "maxcv": "0.0"}, "11": {"maxiter": 1000, "tol": 1e-10, "catol": 1e-10, "duration": 0.047042131423950195, "x": "[4.59278454 2.64158507 3.80481705 4.81726496 5.95700626 0