{"date": "2024/07/18/, 21:35:05", "conf_id": 74, "data_type": "random\n", "num_data_points": 4, "s_rank": 0, "unitary": "[[-0.24866696+0.58742286j,-0.44704345-0.43151574j,-0.35669027-0.20570733j,-0.10517633+0.1626036j],[0.10596805-0.19687975j,-0.30269685-0.15056416j,0.18246286+0.30440582j,-0.83484447-0.11310748j],[0.26054512-0.52548482j,0.0285017-0.50723956j,-0.43110112+0.17165838j,0.15243271+0.39915801j],[0.42978035+0.11991271j,-0.17224126-0.46030424j,0.6827807-0.15164662j,0.26483638+0.0061855j]]", "databatch_0": {"databatch": "[[[0.06413071+0.06075305j,-0.06799595+0.06897845j,-0.19852599-0.13493689j,-0.36471702-0.13923424j],[-0.18723701+0.12284627j,0.19114114-0.24550379j,0.25517489-0.047261j,-0.01651278-0.01402429j],[0.30337338+0.03191488j,0.08683258-0.34131317j,-0.08358342+0.00810977j,0.11275171+0.17654159j],[0.05230056-0.21708293j,0.19433075-0.27256164j,-0.01844933+0.10050961j,-0.21865283-0.26425342j]],[[0.10853816-0.15730837j,-0.17418728-0.01963532j,-0.08636435+0.1694774j,-0.00915293+0.20362576j],[-0.0844309-0.07272955j,0.0353417-0.22447057j,0.03573369-0.16280834j,-0.35241178+0.08934934j],[0.17422573-0.06141877j,-0.11251814-0.10885502j,-0.15239867+0.09804022j,-0.11830648+0.11149459j],[-0.43721427-0.15937145j,-0.00767419+0.26732237j,0.39704885+0.00085558j,0.24737194+0.07864272j]],[[-0.26842145-0.13637297j,0.10094541-0.09873562j,0.15514664-0.27031935j,-0.48851943+0.12563367j],[-0.21504433+0.16087734j,-0.00825851-0.16493446j,-0.07222193-0.15194085j,-0.01658926+0.38230009j],[-0.12049784+0.06136647j,0.01390142-0.15946315j,-0.09047947-0.09301709j,-0.00917669+0.06874966j],[0.15379338-0.05445681j,-0.01585895+0.07706279j,0.11737691+0.28471629j,0.11514791-0.23925546j]],[[-0.04325117-0.31718917j,-0.05091053-0.08764692j,-0.12245422+0.11350972j,0.22794886+0.43903477j],[0.16234067-0.10159328j,-0.27911932-0.1211294j,-0.25142189-0.02310973j,0.02279771-0.17839774j],[-0.07268125+0.05555173j,-0.0582593+0.30052184j,0.10666532-0.31726932j,0.05903634+0.25166403j],[-0.05953751-0.04044442j,-0.28477025+0.11652486j,0.04429266-0.04397094j,0.02266941-0.06412032j]]]", "initial param values": "[2.99858219,4.87518469,0.61984274,5.41273376,3.15286192,3.5062143]", "nelder_mead": {"type": "gradient-free", "0": {"maxiter": 100, "fatol": 1e-05, "xatol": 1e-05, "duration": 0.024892330169677734, "fun": "0.5367767183749714", "nit": "100", "nfev": "148", "status": "2", "success": "False", "message": "Maximum number of iterations has been exceeded.", "x": "[1.65101335 4.46446483 1.08520028 3.00128289 3.5516746  3.74665707]", "final_simplex": "(array([[1.65101335, 4.46446483, 1.08520028, 3.00128289, 3.5516746 ,\n        3.74665707],\n       [1.61675994, 4.51136835, 1.04091203, 2.98436148, 3.66457569,\n        3.81490549],\n       [1.72475465, 4.51059234, 1.0384524 , 3.03828575, 3.58687075,\n        3.7773263 ],\n       [1.70627925, 4.46825114, 1.03428981, 3.04324231, 3.69248757,\n        3.78533589],\n       [1.63357821, 4.49764945, 1.02877954, 3.02450852, 3.66339542,\n        3.86471458],\n       [1.66444855, 4.48910162, 1.03014436, 2.98427034, 3.67353682,\n        3.83896185],\n       [1.65675329, 4.44006812, 1.00688577, 2.99498208, 3.72381952,\n        3.91884034]]), array([0.53677672, 0.53870082, 0.5389398 , 0.53897558, 0.53898117,\n       0.53899527, 0.54029991]))"}, "1": {"maxiter": 100, "fatol": 1e-05, "xatol": 1e-10, "duration": 0.024856090545654297, "fun": "0.5367767183749714", "nit": "100", "nfev": "148", "status": "2", "success": "False", "message": "Maximum number of iterations has been exceeded.", "x": "[1.65101335 4.46446483 1.08520028 3.00128289 3.5516746  3.74665707]", "final_simplex": "(array([[1.65101335, 4.46446483, 1.08520028, 3.00128289, 3.5516746 ,\n        3.74665707],\n       [1.61675994, 4.51136835, 1.04091203, 2.98436148, 3.66457569,\n        3.81490549],\n       [1.72475465, 4.51059234, 1.0384524 , 3.03828575, 3.58687075,\n        3.7773263 ],\n       [1.70627925, 4.46825114, 1.03428981, 3.04324231, 3.69248757,\n        3.78533589],\n       [1.63357821, 4.49764945, 1.02877954, 3.02450852, 3.66339542,\n        3.86471458],\n       [1.66444855, 4.48910162, 1.03014436, 2.98427034, 3.67353682,\n        3.83896185],\n       [1.65675329, 4.44006812, 1.00688577, 2.99498208, 3.72381952,\n        3.91884034]]), array([0.53677672, 0.53870082, 0.5389398 , 0.53897558, 0.53898117,\n       0.53899527, 0.54029991]))"}, "2": {"maxiter": 100, "fatol": 1e-10, "xatol": 1e-05, "duration": 0.024844884872436523, "fun": "0.5367767183749714", "nit": "100", "nfev": "148", "status": "2", "success": "False", "message": "Maximum number of iterations has been exceeded.", "x": "[1.65101335 4.46446483 1.08520028 3.00128289 3.5516746  3.74665707]", "final_simplex": "(array([[1.65101335, 4.46446483, 1.08520028, 3.00128289, 3.5516746 ,\n        3.74665707],\n       [1.61675994, 4.51136835, 1.04091203, 2.98436148, 3.66457569,\n        3.81490549],\n       [1.72475465, 4.51059234, 1.0384524 , 3.03828575, 3.58687075,\n        3.7773263 ],\n       [1.70627925, 4.46825114, 1.03428981, 3.04324231, 3.69248757,\n        3.78533589],\n       [1.63357821, 4.49764945, 1.02877954, 3.02450852, 3.66339542,\n        3.86471458],\n       [1.66444855, 4.48910162, 1.03014436, 2.98427034, 3.67353682,\n        3.83896185],\n       [1.65675329, 4.44006812, 1.00688577, 2.99498208, 3.72381952,\n        3.91884034]]), array([0.53677672, 0.53870082, 0.5389398 , 0.53897558, 0.53898117,\n       0.53899527, 0.54029991]))"}, "3": {"maxiter": 100, "fatol": 1e-10, "xatol": 1e-10, "duration": 0.024795055389404297, "fun": "0.5367767183749714", "nit": "100", "nfev": "148", "status": "2", "success": "False", "message": "Maximum number of iterations has been exceeded.", "x": "[1.65101335 4.46446483 1.08520028 3.00128289 3.5516746  3.74665707]", "final_simplex": "(array([[1.65101335, 4.46446483, 1.08520028, 3.00128289, 3.5516746 ,\n        3.74665707],\n       [1.61675994, 4.51136835, 1.04091203, 2.98436148, 3.66457569,\n        3.81490549],\n       [1.72475465, 4.51059234, 1.0384524 , 3.03828575, 3.58687075,\n        3.7773263 ],\n       [1.70627925, 4.46825114, 1.03428981, 3.04324231, 3.69248757,\n        3.78533589],\n       [1.63357821, 4.49764945, 1.02877954, 3.02450852, 3.66339542,\n        3.86471458],\n       [1.66444855, 4.48910162, 1.03014436, 2.98427034, 3.67353682,\n        3.83896185],\n       [1.65675329, 4.44006812, 1.00688577, 2.99498208, 3.72381952,\n        3.91884034]]), array([0.53677672, 0.53870082, 0.5389398 , 0.53897558, 0.53898117,\n       0.53899527, 0.54029991]))"}, "4": {"maxiter": 500, "fatol": 1e-05, "xatol": 1e-05, "duration": 0.11141014099121094, "fun": "0.5236661783794597", "nit": "430", "nfev": "669", "status": "0", "success": "True", "message": "Optimization terminated successfully.", "x": "[1.6477335  4.57513096 1.4080603  3.35611018 2.1142808  2.18825972]", "final_simplex": "(array([[1.6477335 , 4.57513096, 1.4080603 , 3.35611018, 2.1142808 ,\n        2.18825972],\n       [1.64773152, 4.57513124, 1.40806031, 3.35611075, 2.11428881,\n        2.18826908],\n       [1.64773236, 4.57513165, 1.40805892, 3.35611282, 2.11428677,\n        2.18826685],\n       [1.64773422, 4.57513035, 1.40806105, 3.35611135, 2.11428913,\n        2.18826895],\n       [1.64773382, 4.57513193, 1.40805801, 3.35611214, 2.11427737,\n        2.18825901],\n       [1.64772967, 4.57513097, 1.40806118, 3.35611164, 2.11428102,\n        2.1882614 ],\n       [1.64773257, 4.57512908, 1.40805782, 3.35610954, 2.11428352,\n        2.18826408]]), array([0.52366618, 0.52366618, 0.52366618, 0.52366618, 0.52366618,\n       0.52366618, 0.52366618]))"}, "5": {"maxiter": 500, "fatol": 1e-05, "xatol": 1e-10, "duration": 0.13190007209777832, "fun": "0.5236661783793006", "nit": "500", "nfev": "791", "status": "2", "success": "False", "message": "Maximum number of iterations has been exceeded.", "x": "[1.64773325 4.57513162 1.40806001 3.35611055 2.11428138 2.18826132]", "final_simplex": "(array([[1.64773325, 4.57513162, 1.40806001, 3.35611055, 2.11428138,\n        2.18826132],\n       [1.64773324, 4.57513162, 1.40806   , 3.35611055, 2.11428141,\n        2.18826135],\n       [1.64773325, 4.57513163, 1.40805998, 3.35611056, 2.11428138,\n        2.18826133],\n       [1.64773324, 4.57513162, 1.40806001, 3.35611057, 2.11428143,\n        2.18826137],\n       [1.64773324, 4.57513164, 1.40806   , 3.35611056, 2.11428146,\n        2.18826141],\n       [1.64773323, 4.57513163, 1.40806   , 3.35611056, 2.11428138,\n        2.18826133],\n       [1.64773324, 4.57513162, 1.40806001, 3.35611055, 2.11428138,\n        2.18826133]]), array([0.52366618, 0.52366618, 0.52366618, 0.52366618, 0.52366618,\n       0.52366618, 0.52366618]))"}, "6": {"maxiter": 500, "fatol": 1e-10, "xatol": 1e-05, "duration": 0.1145179271697998, "fun": "0.5236661783794597", "nit": "430", "nfev": "669", "status": "0", "success": "True", "message": "Optimization terminated successfully.", "x": "[1.6477335  4.57513096 1.4080603  3.35611018 2.1142808  2.18825972]", "final_simplex": "(array([[1.6477335 , 4.57513096, 1.4080603 , 3.35611018, 2.1142808 ,\n        2.18825972],\n       [1.64773152, 4.57513124, 1.40806031, 3.35611075, 2.11428881,\n        2.18826908],\n       [1.64773236, 4.57513165, 1.40805892, 3.35611282, 2.11428677,\n        2.18826685],\n       [1.64773422, 4.57513035, 1.40806105, 3.35611135, 2.11428913,\n        2.18826895],\n       [1.64773382, 4.57513193, 1.40805801, 3.35611214, 2.11427737,\n        2.18825901],\n       [1.64772967, 4.57513097, 1.40806118, 3.35611164, 2.11428102,\n        2.1882614 ],\n       [1.64773257, 4.57512908, 1.40805782, 3.35610954, 2.11428352,\n        2.18826408]]), array([0.52366618, 0.52366618, 0.52366618, 0.52366618, 0.52366618,\n       0.52366618, 0.52366618]))"}, "7": {"maxiter": 500, "fatol": 1e-10, "xatol": 1e-10, "duration": 0.13851094245910645, "fun": "0.5236661783793006", "nit": "500", "nfev": "791", "status": "2", "success": "False", "message": "Maximum number of iterations has been exceeded.", "x": "[1.64773325 4.57513162 1.40806001 3.35611055 2.11428138 2.18826132]", "final_simplex": "(array([[1.64773325, 4.57513162, 1.40806001, 3.35611055, 2.11428138,\n        2.18826132],\n       [1.64773324, 4.57513162, 1.40806   , 3.35611055, 2.11428141,\n        2.18826135],\n       [1.64773325, 4.57513163, 1.40805998, 3.35611056, 2.11428138,\n        2.18826133],\n       [1.64773324, 4.57513162, 1.40806001, 3.35611057, 2.11428143,\n        2.18826137],\n       [1.64773324, 4.57513164, 1.40806   , 3.35611056, 2.11428146,\n        2.18826141],\n       [1.64773323, 4.57513163, 1.40806   , 3.35611056, 2.11428138,\n        2.18826133],\n       [1.64773324, 4.57513162, 1.40806001, 3.35611055, 2.11428138,\n        2.18826133]]), array([0.52366618, 0.52366618, 0.52366618, 0.52366618, 0.52366618,\n       0.52366618, 0.52366618]))"}, "8": {"maxiter": 1000, "fatol": 1e-05, "xatol": 1e-05, "duration": 0.11615610122680664, "fun": "0.5236661783794597", "nit": "430", "nfev": "669", "status": "0", "success": "True", "message": "Optimization terminated successfully.", "x": "[1.6477335  4.57513096 1.4080603  3.35611018 2.1142808  2.18825972]", "final_simplex": "(array([[1.6477335 , 4.57513096, 1.4080603 , 3.35611018, 2.1142808 ,\n        2.18825972],\n       [1.64773152, 4.57513124, 1.40806031, 3.35611075, 2.11428881,\n        2.18826908],\n       [1.64773236, 4.57513165, 1.40805892, 3.35611282, 2.11428677,\n        2.18826685],\n       [1.64773422, 4.57513035, 1.40806105, 3.35611135, 2.11428913,\n        2.18826895],\n       [1.64773382, 4.57513193, 1.40805801, 3.35611214, 2.11427737,\n        2.18825901],\n       [1.64772967, 4.57513097, 1.40806118, 3.35611164, 2.11428102,\n        2.1882614 ],\n       [1.64773257, 4.57512908, 1.40805782, 3.35610954, 2.11428352,\n        2.18826408]]), array([0.52366618, 0.52366618, 0.52366618, 0.52366618, 0.52366618,\n       0.52366618, 0.52366618]))"}, "9": {"maxiter": 1000, "fatol": 1e-05, "xatol": 1e-10, "duration": 0.15424108505249023, "fun": "0.5236661783793005", "nit": "526", "nfev": "888", "status": "0", "success": "True", "message": "Optimization terminated successfully.", "x": "[1.64773324 4.57513163 1.40806001 3.35611056 2.1142814  2.18826134]", "final_simplex": "(array([[1.64773324, 4.57513163, 1.40806001, 3.35611056, 2.1142814 ,\n        2.18826134],\n       [1.64773324, 4.57513163, 1.40806001, 3.35611056, 2.1142814 ,\n        2.18826134],\n       [1.64773324, 4.57513163, 1.40806001, 3.35611056, 2.1142814 ,\n        2.18826134],\n       [1.64773324, 4.57513163, 1.40806001, 3.35611056, 2.1142814 ,\n        2.18826134],\n       [1.64773324, 4.57513163, 1.40806001, 3.35611056, 2.1142814 ,\n        2.18826134],\n       [1.64773324, 4.57513163, 1.40806001, 3.35611056, 2.1142814 ,\n        2.18826134],\n       [1.64773324, 4.57513163, 1.40806001, 3.35611056, 2.1142814 ,\n        2.18826134]]), array([0.52366618, 0.52366618, 0.52366618, 0.52366618, 0.52366618,\n       0.52366618, 0.52366618]))"}, "10": {"maxiter": 1000, "fatol": 1e-10, "xatol": 1e-05, "duration": 0.1164400577545166, "fun": "0.5236661783794597", "nit": "430", "nfev": "669", "status": "0", "success": "True", "message": "Optimization terminated successfully.", "x": "[1.6477335  4.57513096 1.4080603  3.35611018 2.1142808  2.18825972]", "final_simplex": "(array([[1.6477335 , 4.57513096, 1.4080603 , 3.35611018, 2.1142808 ,\n        2.18825972],\n       [1.64773152, 4.57513124, 1.40806031, 3.35611075, 2.11428881,\n        2.18826908],\n       [1.64773236, 4.57513165, 1.40805892, 3.35611282, 2.11428677,\n        2.18826685],\n       [1.64773422, 4.57513035, 1.40806105, 3.35611135, 2.11428913,\n        2.18826895],\n       [1.64773382, 4.57513193, 1.40805801, 3.35611214, 2.11427737,\n        2.18825901],\n       [1.64772967, 4.57513097, 1.40806118, 3.35611164, 2.11428102,\n        2.1882614 ],\n       [1.64773257, 4.57512908, 1.40805782, 3.35610954, 2.11428352,\n        2.18826408]]), array([0.52366618, 0.52366618, 0.52366618, 0.52366618, 0.52366618,\n       0.52366618, 0.52366618]))"}, "11": {"maxiter": 1000, "fatol": 1e-10, "xatol": 1e-10, "duration": 0.15410304069519043, "fun": "0.5236661783793005", "nit": "526", "nfev": "888", "status": "0", "success": "True", "message": "Optimization terminated successfully.", "x": "[1.64773324 4.57513163 1.40806001 3.35611056 2.1142814  2.18826134]", "final_simplex": "(array([[1.64773324, 4.57513163, 1.40806001, 3.35611056, 2.1142814 ,\n        2.18826134],\n       [1.64773324, 4.57513163, 1.40806001, 3.35611056, 2.1142814 ,\n        2.18826134],\n       [1.64773324, 4.57513163, 1.40806001, 3.35611056, 2.1142814 ,\n        2.18826134],\n       [1.64773324, 4.57513163, 1.40806001, 3.35611056, 2.1142814 ,\n        2.18826134],\n       [1.64773324, 4.57513163, 1.40806001, 3.35611056, 2.1142814 ,\n        2.18826134],\n       [1.64773324, 4.57513163, 1.40806001, 3.35611056, 2.1142814 ,\n        2.18826134],\n       [1.64773324, 4.57513163, 1.40806001, 3.35611056, 2.1142814 ,\n        2.18826134]]), array([0.52366618, 0.52366618, 0.52366618, 0.52366618, 0.52366618,\n       0.52366618, 0.52366618]))"}}, "bfgs": {"type": "gradient", "0": {"maxiter": 100, "gtol": 1e-05, "xrtol": 1e-05, "eps": 1e-05, "duration": 0.04375290870666504, "fun": "0.5236661785418717", "jac": "[ 2.96782598e-06 -2.04817274e-06 -1.82164284e-06  1.91795468e-06\n  7.03692660e-07  3.15258930e-07]", "hess_inv": "[[ 6.79405675e+00  5.04163674e-01  8.13087919e-03 -1.73459511e+00\n   5.68234662e+00  4.56474699e+00]\n [ 5.04163674e-01  4.45517301e+00  5.92534388e-01  1.11157345e+00\n   3.14801920e+00  3.00989174e+00]\n [ 8.13087919e-03  5.92534388e-01  5.77635998e+00  4.34779259e-01\n   4.54906455e+00  3.09317663e+00]\n [-1.73459511e+00  1.11157345e+00  4.34779259e-01  5.63131079e+00\n   4.27363448e-02  1.61980490e-01]\n [ 5.68234662e+00  3.14801920e+00  4.54906455e+00  4.27363448e-02\n   1.55046726e+02  1.49152222e+02]\n [ 4.56474699e+00  3.00989174e+00  3.09317663e+00  1.61980490e-01\n   1.49152222e+02  1.48211918e+02]]", "nfev": "245", "njev": "35", "status": "0", "success": "True", "message": "Optimization terminated successfully.", "x": "[1.64774278 4.57511278 1.40803686 3.35610485 2.11412768 2.18811132]", "nit": "31"}, "1": {"maxiter": 100, "gtol": 1e-05, "xrtol": 1e-05, "eps": 1e-10, "duration": 0.04353928565979004, "fun": "0.5236661785955383", "jac": "[ 1.11022293e-06 -4.44089173e-06 -1.11022293e-06  0.00000000e+00\n  0.00000000e+00  0.00000000e+00]", "hess_inv": "[[ 6.79010045e+00  5.09474905e-01  1.28680428e-02 -1.73347100e+00\n   5.67127455e+00  4.54590465e+00]\n [ 5.09474905e-01  4.44670048e+00  5.90320720e-01  1.10098511e+00\n   3.27014002e+00  3.13999844e+00]\n [ 1.28680428e-02  5.90320720e-01  5.79275614e+00  4.33080176e-01\n   4.79908492e+00  3.32948140e+00]\n [-1.73347100e+00  1.10098511e+00  4.33080176e-01  5.62638783e+00\n   7.64616459e-02  2.03326036e-01]\n [ 5.67127455e+00  3.27014002e+00  4.79908492e+00  7.64616459e-02\n   1.56484227e+02  1.50239094e+02]\n [ 4.54590465e+00  3.13999844e+00  3.32948140e+00  2.03326036e-01\n   1.50239094e+02  1.48953395e+02]]", "nfev": "245", "njev": "35", "status": "0", "success": "True", "message": "Optimization terminated successfully.", "x": "[1.64775937 4.57511918 1.4080567  3.35610801 2.11447505 2.18844593]", "nit": "31"}, "2": {"maxiter": 100, "gtol": 1e-05, "xrtol": 1e-10, "eps": 1e-05, "duration": 0.04359292984008789, "fun": "0.5236661785418717", "jac": "[ 2.96782598e-06 -2.04817274e-06 -1.82164284e-06  1.91795468e-06\n  7.03692660e-07  3.15258930e-07]", "hess_inv": "[[ 6.79405675e+00  5.04163674e-01  8.13087919e-03 -1.73459511e+00\n   5.68234662e+00  4.56474699e+00]\n [ 5.04163674e-01  4.45517301e+00  5.92534388e-01  1.11157345e+00\n   3.14801920e+00  3.00989174e+00]\n [ 8.13087919e-03  5.92534388e-01  5.77635998e+00  4.34779259e-01\n   4.54906455e+00  3.09317663e+00]\n [-1.73459511e+00  1.11157345e+00  4.34779259e-01  5.63131079e+00\n   4.27363448e-02  1.61980490e-01]\n [ 5.68234662e+00  3.14801920e+00  4.54906455e+00  4.27363448e-02\n   1.55046726e+02  1.49152222e+02]\n [ 4.56474699e+00  3.00989174e+00  3.09317663e+00  1.61980490e-01\n   1.49152222e+02  1.48211918e+02]]", "nfev": "245", "njev": "35", "status": "0", "success": "True", "message": "Optimization terminated successfully.", "x": "[1.64774278 4.57511278 1.40803686 3.35610485 2.11412768 2.18811132]", "nit": "31"}, "3": {"maxiter": 100, "gtol": 1e-05, "xrtol": 1e-10, "eps": 1e-10, "duration": 0.04351377487182617, "fun": "0.5236661785955383", "jac": "[ 1.11022293e-06 -4.44089173e-06 -1.11022293e-06  0.00000000e+00\n  0.00000000e+00  0.00000000e+00]", "hess_inv": "[[ 6.79010045e+00  5.09474905e-01  1.28680428e-02 -1.73347100e+00\n   5.67127455e+00  4.54590465e+00]\n [ 5.09474905e-01  4.44670048e+00  5.90320720e-01  1.10098511e+00\n   3.27014002e+00  3.13999844e+00]\n [ 1.28680428e-02  5.90320720e-01  5.79275614e+00  4.33080176e-01\n   4.79908492e+00  3.32948140e+00]\n [-1.73347100e+00  1.10098511e+00  4.33080176e-01  5.62638783e+00\n   7.64616459e-02  2.03326036e-01]\n [ 5.67127455e+00  3.27014002e+00  4.79908492e+00  7.64616459e-02\n   1.56484227e+02  1.50239094e+02]\n [ 4.54590465e+00  3.13999844e+00  3.32948140e+00  2.03326036e-01\n   1.50239094e+02  1.48953395e+02]]", "nfev": "245", "njev": "35", "status": "0", "success": "True", "message": "Optimization terminated successfully.", "x": "[1.64775937 4.57511918 1.4080567  3.35610801 2.11447505 2.18844593]", "nit": "31"}, "4": {"maxiter": 100, "gtol": 1e-10, "xrtol": 1e-05, "eps": 1e-05, "duration": 0.08230805397033691, "fun": "0.5236661785418717", "jac": "[ 2.96782598e-06 -2.04817274e-06 -1.82164284e-06  1.91795468e-06\n  7.03692660e-07  3.15258930e-07]", "hess_inv": "[[ 6.85475642e+00  4.65741314e-01 -1.27204942e-01 -1.67780355e+00\n   5.59532905e+00  4.64199873e+00]\n [ 4.65741314e-01  4.46546026e+00  6.21326727e-01  1.09969732e+00\n   2.93883389e+00  2.78358272e+00]\n [-1.27204942e-01  6.21326727e-01  5.84761323e+00  4.05714291e-01\n   3.67209604e+00  2.20195680e+00]\n [-1.67780355e+00  1.09969732e+00  4.05714291e-01  5.64315388e+00\n   4.14623929e-01  5.38572684e-01]\n [ 5.59532905e+00  2.93883389e+00  3.67209604e+00  4.14623929e-01\n   1.50195125e+02  1.45700719e+02]\n [ 4.64199873e+00  2.78358272e+00  2.20195680e+00  5.38572684e-01\n   1.45700719e+02  1.46067496e+02]]", "nfev": "467", "njev": "65", "status": "2", "success": "False", "message": "Desired error not necessarily achieved due to precision loss.", "x": "[1.64774278 4.57511278 1.40803686 3.35610485 2.11412768 2.18811132]", "nit": "31"}, "5": {"maxiter": 100, "gtol": 1e-10, "xrtol": 1e-05, "eps": 1e-10, "duration": 0.043364763259887695, "fun": "0.5236661785704185", "jac": "[2.22044587e-06 2.22044587e-06 0.00000000e+00 1.11022293e-06\n 2.22044587e-06 1.11022293e-06]", "hess_inv": "[[ 6.80215187e+00  4.78501209e-01 -2.53536950e-02 -1.73075629e+00\n   5.56467221e+00  4.47648904e+00]\n [ 4.78501209e-01  4.50261888e+00  7.17254161e-01  1.06219287e+00\n   3.66789040e+00  3.38486237e+00]\n [-2.53536950e-02  7.17254161e-01  5.87920938e+00  4.63015128e-01\n   4.98723139e+00  3.46912269e+00]\n [-1.73075629e+00  1.06219287e+00  4.63015128e-01  5.58426887e+00\n   2.18680455e-01  2.76946853e-01]\n [ 5.56467221e+00  3.66789040e+00  4.98723139e+00  2.18680455e-01\n   1.56780508e+02  1.50505885e+02]\n [ 4.47648904e+00  3.38486237e+00  3.46912269e+00  2.76946853e-01\n   1.50505885e+02  1.49166781e+02]]", "nfev": "252", "njev": "36", "status": "0", "success": "True", "message": "Optimization terminated successfully.", "x": "[1.64775391 4.57513944 1.40806644 3.35611517 2.1144907  2.18845984]", "nit": "32"}, "6": {"maxiter": 100, "gtol": 1e-10, "xrtol": 1e-10, "eps": 1e-05, "duration": 0.07927083969116211, "fun": "0.5236661785418717", "jac": "[ 2.96782598e-06 -2.04817274e-06 -1.82164284e-06  1.91795468e-06\n  7.03692660e-07  3.15258930e-07]", "hess_inv": "[[ 6.85475642e+00  4.65741314e-01 -1.27204942e-01 -1.67780355e+00\n   5.59532905e+00  4.64199873e+00]\n [ 4.65741314e-01  4.46546026e+00  6.21326727e-01  1.09969732e+00\n   2.93883389e+00  2.78358272e+00]\n [-1.27204942e-01  6.21326727e-01  5.84761323e+00  4.05714291e-01\n   3.67209604e+00  2.20195680e+00]\n [-1.67780355e+00  1.09969732e+00  4.05714291e-01  5.64315388e+00\n   4.14623929e-01  5.38572684e-01]\n [ 5.59532905e+00  2.93883389e+00  3.67209604e+00  4.14623929e-01\n   1.50195125e+02  1.45700719e+02]\n [ 4.64199873e+00  2.78358272e+00  2.20195680e+00  5.38572684e-01\n   1.45700719e+02  1.46067496e+02]]", "nfev": "467", "njev": "65", "status": "2", "success": "False", "message": "Desired error not necessarily achieved due to precision loss.", "x": "[1.64774278 4.57511278 1.40803686 3.35610485 2.11412768 2.18811132]", "nit": "31"}, "7": {"maxiter": 100, "gtol": 1e-10, "xrtol": 1e-10, "eps": 1e-10, "duration": 0.06855511665344238, "fun": "0.5236661784752372", "jac": "[ 0.00000000e+00 -2.22044587e-06  0.00000000e+00 -1.11022293e-06\n  0.00000000e+00  0.00000000e+00]", "hess_inv": "[[ 2.10569859 -0.49907912  0.05227502 -1.4528297   1.12203852  1.15496446]\n [-0.49907912  3.30002672 -1.34456087  0.88531883 -2.21414686 -1.13015534]\n [ 0.05227502 -1.34456087  2.58265563  0.17708915  1.01869924 -0.76027893]\n [-1.4528297   0.88531883  0.17708915  2.32621285 -1.35630499 -0.61722032]\n [ 1.12203852 -2.21414686  1.01869924 -1.35630499  4.10429519  1.20386446]\n [ 1.15496446 -1.13015534 -0.76027893 -0.61722032  1.20386446  3.02273714]]", "nfev": "399", "njev": "57", "status": "0", "success": "True", "message": "Optimization terminated successfully.", "x": "[1.6477408  4.57513335 1.40807032 3.3561153  2.11443147 2.18840545]", "nit": "42"}, "8": {"maxiter": 500, "gtol": 1e-05, "xrtol": 1e-05, "eps": 1e-05, "duration": 0.042005062103271484, "fun": "0.5236661785418717", "jac": "[ 2.96782598e-06 -2.04817274e-06 -1.82164284e-06  1.91795468e-06\n  7.03692660e-07  3.15258930e-07]", "hess_inv": "[[ 6.79405675e+00  5.04163674e-01  8.13087919e-03 -1.73459511e+00\n   5.68234662e+00  4.56474699e+00]\n [ 5.04163674e-01  4.45517301e+00  5.92534388e-01  1.11157345e+00\n   3.14801920e+00  3.00989174e+00]\n [ 8.13087919e-03  5.92534388e-01  5.77635998e+00  4.34779259e-01\n   4.54906455e+00  3.09317663e+00]\n [-1.73459511e+00  1.11157345e+00  4.34779259e-01  5.63131079e+00\n   4.27363448e-02  1.61980490e-01]\n [ 5.68234662e+00  3.14801920e+00  4.54906455e+00  4.27363448e-02\n   1.55046726e+02  1.49152222e+02]\n [ 4.56474699e+00  3.00989174e+00  3.09317663e+00  1.61980490e-01\n   1.49152222e+02  1.48211918e+02]]", "nfev": "245", "njev": "35", "status": "0", "success": "True", "message": "Optimization terminated successfully.", "x": "[1.64774278 4.57511278 1.40803686 3.35610485 2.11412768 2.18811132]", "nit": "31"}, "9": {"maxiter": 500, "gtol": 1e-05, "xrtol": 1e-05, "eps": 1e-10, "duration": 0.04205203056335449, "fun": "0.5236661785955383", "jac": "[ 1.11022293e-06 -4.44089173e-06 -1.11022293e-06  0.00000000e+00\n  0.00000000e+00  0.00000000e+00]", "hess_inv": "[[ 6.79010045e+00  5.09474905e-01  1.28680428e-02 -1.73347100e+00\n   5.67127455e+00  4.54590465e+00]\n [ 5.09474905e-01  4.44670048e+00  5.90320720e-01  1.10098511e+00\n   3.27014002e+00  3.13999844e+00]\n [ 1.28680428e-02  5.90320720e-01  5.79275614e+00  4.33080176e-01\n   4.79908492e+00  3.32948140e+00]\n [-1.73347100e+00  1.10098511e+00  4.33080176e-01  5.62638783e+00\n   7.64616459e-02  2.03326036e-01]\n [ 5.67127455e+00  3.27014002e+00  4.79908492e+00  7.64616459e-02\n   1.56484227e+02  1.50239094e+02]\n [ 4.54590465e+00  3.13999844e+00  3.32948140e+00  2.03326036e-01\n   1.50239094e+02  1.48953395e+02]]", "nfev": "245", "njev": "35", "status": "0", "success": "True", "message": "Optimization terminated successfully.", "x": "[1.64775937 4.57511918 1.4080567  3.35610801 2.11447505 2.18844593]", "nit": "31"}, "10": {"maxiter": 500, "gtol": 1e-05, "xrtol": 1e-10, "eps": 1e-05, "duration": 0.04204869270324707, "fun": "0.5236661785418717", "jac": "[ 2.96782598e-06 -2.04817274e-06 -1.82164284e-06  1.91795468e-06\n  7.03692660e-07  3.15258930e-07]", "hess_inv": "[[ 6.79405675e+00  5.04163674e-01  8.13087919e-03 -1.73459511e+00\n   5.68234662e+00  4.56474699e+00]\n [ 5.04163674e-01  4.45517301e+00  5.92534388e-01  1.11157345e+00\n   3.14801920e+00  3.00989174e+00]\n [ 8.13087919e-03  5.92534388e-01  5.77635998e+00  4.34779259e-01\n   4.54906455e+00  3.09317663e+00]\n [-1.73459511e+00  1.11157345e+00  4.34779259e-01  5.63131079e+00\n   4.27363448e-02  1.61980490e-01]\n [ 5.68234662e+00  3.14801920e+00  4.54906455e+00  4.27363448e-02\n   1.55046726e+02  1.49152222e+02]\n [ 4.56474699e+00  3.00989174e+00  3.09317663e+00  1.61980490e-01\n   1.49152222e+02  1.48211918e+02]]", "nfev": "245", "njev": "35", "status": "0", "success": "True", "message": "Optimization terminated successfully.", "x": "[1.64774278 4.57511278 1.40803686 3.35610485 2.11412768 2.18811132]", "nit": "31"}, "11": {"maxiter": 500, "gtol": 1e-05, "xrtol": 1e-10, "eps": 1e-10, "duration": 0.04209113121032715, "fun": "0.5236661785955383", "jac": "[ 1.11022293e-06 -4.44089173e-06 -1.11022293e-06  0.00000000e+00\n  0.00000000e+00  0.00000000e+00]", "hess_inv": "[[ 6.79010045e+00  5.09474905e-01  1.28680428e-02 -1.73347100e+00\n   5.67127455e+00  4.54590465e+00]\n [ 5.09474905e-01  4.44670048e+00  5.90320720e-01  1.10098511e+00\n   3.27014002e+00  3.13999844e+00]\n [ 1.28680428e-02  5.90320720e-01  5.79275614e+00  4.33080176e-01\n   4.79908492e+00  3.32948140e+00]\n [-1.73347100e+00  1.10098511e+00  4.33080176e-01  5.62638783e+00\n   7.64616459e-02  2.03326036e-01]\n [ 5.67127455e+00  3.27014002e+00  4.79908492e+00  7.64616459e-02\n   1.56484227e+02  1.50239094e+02]\n [ 4.54590465e+00  3.13999844e+00  3.32948140e+00  2.03326036e-01\n   1.50239094e+02  1.48953395e+02]]", "nfev": "245", "njev": "35", "status": "0", "success": "True", "message": "Optimization terminated successfully.", "x": "[1.64775937 4.57511918 1.4080567  3.35610801 2.11447505 2.18844593]", "nit": "31"}, "12": {"maxiter": 500, "gtol": 1e-10, "xrtol": 1e-05, "eps": 1e-05, "duration": 0.07957005500793457, "fun": "0.5236661785418717", "jac": "[ 2.96782598e-06 -2.04817274e-06 -1.82164284e-06  1.91795468e-06\n  7.03692660e-07  3.15258930e-07]", "hess_inv": "[[ 6.85475642e+00  4.65741314e-01 -1.27204942e-01 -1.67780355e+00\n   5.59532905e+00  4.64199873e+00]\n [ 4.65741314e-01  4.46546026e+00  6.21326727e-01  1.09969732e+00\n   2.93883389e+00  2.78358272e+00]\n [-1.27204942e-01  6.21326727e-01  5.84761323e+00  4.05714291e-01\n   3.67209604e+00  2.20195680e+00]\n [-1.67780355e+00  1.09969732e+00  4.05714291e-01  5.64315388e+00\n   4.14623929e-01  5.38572684e-01]\n [ 5.59532905e+00  2.93883389e+00  3.67209604e+00  4.14623929e-01\n   1.50195125e+02  1.45700719e+02]\n [ 4.64199873e+00  2.78358272e+00  2.20195680e+00  5.38572684e-01\n   1.45700719e+02  1.46067496e+02]]", "nfev": "467", "njev": "65", "status": "2", "success": "False", "message": "Desired error not necessarily achieved due to precision loss.", "x": "[1.64774278 4.57511278 1.40803686 3.35610485 2.11412768 2.18811132]", "nit": "31"}, "13": {"maxiter": 500, "gtol": 1e-10, "xrtol": 1e-05, "eps": 1e-10, "duration": 0.04334735870361328, "fun": "0.5236661785704185", "jac": "[2.22044587e-06 2.22044587e-06 0.00000000e+00 1.11022293e-06\n 2.22044587e-06 1.11022293e-06]", "hess_inv": "[[ 6.80215187e+00  4.78501209e-01 -2.53536950e-02 -1.73075629e+00\n   5.56467221e+00  4.47648904e+00]\n [ 4.78501209e-01  4.50261888e+00  7.17254161e-01  1.06219287e+00\n   3.66789040e+00  3.38486237e+00]\n [-2.53536950e-02  7.17254161e-01  5.87920938e+00  4.63015128e-01\n   4.98723139e+00  3.46912269e+00]\n [-1.73075629e+00  1.06219287e+00  4.63015128e-01  5.58426887e+00\n   2.18680455e-01  2.76946853e-01]\n [ 5.56467221e+00  3.66789040e+00  4.98723139e+00  2.18680455e-01\n   1.56780508e+02  1.50505885e+02]\n [ 4.47648904e+00  3.38486237e+00  3.46912269e+00  2.76946853e-01\n   1.50505885e+02  1.49166781e+02]]", "nfev": "252", "njev": "36", "status": "0", "success": "True", "message": "Optimization terminated successfully.", "x": "[1.64775391 4.57513944 1.40806644 3.35611517 2.1144907  2.18845984]", "nit": "32"}, "14": {"maxiter": 500, "gtol": 1e-10, "xrtol": 1e-10, "eps": 1e-05, "duration": 0.07956600189208984, "fun": "0.5236661785418717", "jac": "[ 2.96782598e-06 -2.04817274e-06 -1.82164284e-06  1.91795468e-06\n  7.03692660e-07  3.15258930e-07]", "hess_inv": "[[ 6.85475642e+00  4.65741314e-01 -1.27204942e-01 -1.67780355e+00\n   5.59532905e+00  4.64199873e+00]\n [ 4.65741314e-01  4.46546026e+00  6.21326727e-01  1.09969732e+00\n   2.93883389e+00  2.78358272e+00]\n [-1.27204942e-01  6.21326727e-01  5.84761323e+00  4.05714291e-01\n   3.67209604e+00  2.20195680e+00]\n [-1.67780355e+00  1.09969732e+00  4.05714291e-01  5.64315388e+00\n   4.14623929e-01  5.38572684e-01]\n [ 5.59532905e+00  2.93883389e+00  3.67209604e+00  4.14623929e-01\n   1.50195125e+02  1.45700719e+02]\n [ 4.64199873e+00  2.78358272e+00  2.20195680e+00  5.38572684e-01\n   1.45700719e+02  1.46067496e+02]]", "nfev": "467", "njev": "65", "status": "2", "success": "False", "message": "Desired error not necessarily achieved due to precision loss.", "x": "[1.64774278 4.57511278 1.40803686 3.35610485 2.11412768 2.18811132]", "nit": "31"}, "15": {"maxiter": 500, "gtol": 1e-10, "xrtol": 1e-10, "eps": 1e-10, "duration": 0.06834197044372559, "fun": "0.5236661784752372", "jac": "[ 0.00000000e+00 -2.22044587e-06  0.00000000e+00 -1.11022293e-06\n  0.00000000e+00  0.00000000e+00]", "hess_inv": "[[ 2.10569859 -0.49907912  0.05227502 -1.4528297   1.12203852  1.15496446]\n [-0.49907912  3.30002672 -1.34456087  0.88531883 -2.21414686 -1.13015534]\n [ 0.05227502 -1.34456087  2.58265563  0.17708915  1.01869924 -0.76027893]\n [-1.4528297   0.88531883  0.17708915  2.32621285 -1.35630499 -0.61722032]\n [ 1.12203852 -2.21414686  1.01869924 -1.35630499  4.10429519  1.20386446]\n [ 1.15496446 -1.13015534 -0.76027893 -0.61722032  1.20386446  3.02273714]]", "nfev": "399", "njev": "57", "status": "0", "success": "True", "message": "Optimization terminated successfully.", "x": "[1.6477408  4.57513335 1.40807032 3.3561153  2.11443147 2.18840545]", "nit": "42"}, "16": {"maxiter": 1000, "gtol": 1e-05, "xrtol": 1e-05, "eps": 1e-05, "duration": 0.04222226142883301, "fun": "0.5236661785418717", "jac": "[ 2.96782598e-06 -2.04817274e-06 -1.82164284e-06  1.91795468e-06\n  7.03692660e-07  3.15258930e-07]", "hess_inv": "[[ 6.79405675e+00  5.04163674e-01  8.13087919e-03 -1.73459511e+00\n   5.68234662e+00  4.56474699e+00]\n [ 5.04163674e-01  4.45517301e+00  5.92534388e-01  1.11157345e+00\n   3.14801920e+00  3.00989174e+00]\n [ 8.13087919e-03  5.92534388e-01  5.77635998e+00  4.34779259e-01\n   4.54906455e+00  3.09317663e+00]\n [-1.73459511e+00  1.11157345e+00  4.34779259e-01  5.63131079e+00\n   4.27363448e-02  1.61980490e-01]\n [ 5.68234662e+00  3.14801920e+00  4.54906455e+00  4.27363448e-02\n   1.55046726e+02  1.49152222e+02]\n [ 4.56474699e+00  3.00989174e+00  3.09317663e+00  1.61980490e-01\n   1.49152222e+02  1.48211918e+02]]", "nfev": "245", "njev": "35", "status": "0", "success": "True", "message": "Optimization terminated successfully.", "x": "[1.64774278 4.57511278 1.40803686 3.35610485 2.11412768 2.18811132]", "nit": "31"}, "17": {"maxiter": 1000, "gtol": 1e-05, "xrtol": 1e-05, "eps": 1e-10, "duration": 0.0421140193939209, "fun": "0.5236661785955383", "jac": "[ 1.11022293e-06 -4.44089173e-06 -1.11022293e-06  0.00000000e+00\n  0.00000000e+00  0.00000000e+00]", "hess_inv": "[[ 6.79010045e+00  5.09474905e-01  1.28680428e-02 -1.73347100e+00\n   5.67127455e+00  4.54590465e+00]\n [ 5.09474905e-01  4.44670048e+00  5.90320720e-01  1.10098511e+00\n   3.27014002e+00  3.13999844e+00]\n [ 1.28680428e-02  5.90320720e-01  5.79275614e+00  4.33080176e-01\n   4.79908492e+00  3.32948140e+00]\n [-1.73347100e+00  1.10098511e+00  4.33080176e-01  5.62638783e+00\n   7.64616459e-02  2.03326036e-01]\n [ 5.67127455e+00  3.27014002e+00  4.79908492e+00  7.64616459e-02\n   1.56484227e+02  1.50239094e+02]\n [ 4.54590465e+00  3.13999844e+00  3.32948140e+00  2.03326036e-01\n   1.50239094e+02  1.48953395e+02]]", "nfev": "245", "njev": "35", "status": "0", "success": "True", "message": "Optimization terminated successfully.", "x": "[1.64775937 4.57511918 1.4080567  3.35610801 2.11447505 2.18844593]", "nit": "31"}, "18": {"maxiter": 1000, "gtol": 1e-05, "xrtol": 1e-10, "eps": 1e-05, "duration": 0.04193687438964844, "fun": "0.5236661785418717", "jac": "[ 2.96782598e-06 -2.04817274e-06 -1.82164284e-06  1.91795468e-06\n  7.03692660e-07  3.15258930e-07]", "hess_inv": "[[ 6.79405675e+00  5.04163674e-01  8.13087919e-03 -1.73459511e+00\n   5.68234662e+00  4.56474699e+00]\n [ 5.04163674e-01  4.45517301e+00  5.92534388e-01  1.11157345e+00\n   3.14801920e+00  3.00989174e+00]\n [ 8.13087919e-03  5.92534388e-01  5.77635998e+00  4.34779259e-01\n   4.54906455e+00  3.09317663e+00]\n [-1.73459511e+00  1.11157345e+00  4.34779259e-01  5.63131079e+00\n   4.27363448e-02  1.61980490e-01]\n [ 5.68234662e+00  3.14801920e+00  4.54906455e+00  4.27363448e-02\n   1.55046726e+02  1.49152222e+02]\n [ 4.56474699e+00  3.00989174e+00  3.09317663e+00  1.61980490e-01\n   1.49152222e+02  1.48211918e+02]]", "nfev": "245", "njev": "35", "status": "0", "success": "True", "message": "Optimization terminated successfully.", "x": "[1.64774278 4.57511278 1.40803686 3.35610485 2.11412768 2.18811132]", "nit": "31"}, "19": {"maxiter": 1000, "gtol": 1e-05, "xrtol": 1e-10, "eps": 1e-10, "duration": 0.04190802574157715, "fun": "0.5236661785955383", "jac": "[ 1.11022293e-06 -4.44089173e-06 -1.11022293e-06  0.00000000e+00\n  0.00000000e+00  0.00000000e+00]", "hess_inv": "[[ 6.79010045e+00  5.09474905e-01  1.28680428e-02 -1.73347100e+00\n   5.67127455e+00  4.54590465e+00]\n [ 5.09474905e-01  4.44670048e+00  5.90320720e-01  1.10098511e+00\n   3.27014002e+00  3.13999844e+00]\n [ 1.28680428e-02  5.90320720e-01  5.79275614e+00  4.33080176e-01\n   4.79908492e+00  3.32948140e+00]\n [-1.73347100e+00  1.10098511e+00  4.33080176e-01  5.62638783e+00\n   7.64616459e-02  2.03326036e-01]\n [ 5.67127455e+00  3.27014002e+00  4.79908492e+00  7.64616459e-02\n   1.56484227e+02  1.50239094e+02]\n [ 4.54590465e+00  3.13999844e+00  3.32948140e+00  2.03326036e-01\n   1.50239094e+02  1.48953395e+02]]", "nfev": "245", "njev": "35", "status": "0", "success": "True", "message": "Optimization terminated successfully.", "x": "[1.64775937 4.57511918 1.4080567  3.35610801 2.11447505 2.18844593]", "nit": "31"}, "20": {"maxiter": 1000, "gtol": 1e-10, "xrtol": 1e-05, "eps": 1e-05, "duration": 0.07935500144958496, "fun": "0.5236661785418717", "jac": "[ 2.96782598e-06 -2.04817274e-06 -1.82164284e-06  1.91795468e-06\n  7.03692660e-07  3.15258930e-07]", "hess_inv": "[[ 6.85475642e+00  4.65741314e-01 -1.27204942e-01 -1.67780355e+00\n   5.59532905e+00  4.64199873e+00]\n [ 4.65741314e-01  4.46546026e+00  6.21326727e-01  1.09969732e+00\n   2.93883389e+00  2.78358272e+00]\n [-1.27204942e-01  6.21326727e-01  5.84761323e+00  4.05714291e-01\n   3.67209604e+00  2.20195680e+00]\n [-1.67780355e+00  1.09969732e+00  4.05714291e-01  5.64315388e+00\n   4.14623929e-01  5.38572684e-01]\n [ 5.59532905e+00  2.93883389e+00  3.67209604e+00  4.14623929e-01\n   1.50195125e+02  1.45700719e+02]\n [ 4.64199873e+00  2.78358272e+00  2.20195680e+00  5.38572684e-01\n   1.45700719e+02  1.46067496e+02]]", "nfev": "467", "njev": "65", "status": "2", "success": "False", "message": "Desired error not necessarily achieved due to precision loss.", "x": "[1.64774278 4.57511278 1.40803686 3.35610485 2.11412768 2.18811132]", "nit": "31"}, "21": {"maxiter": 1000, "gtol": 1e-10, "xrtol": 1e-05, "eps": 1e-10, "duration": 0.043229103088378906, "fun": "0.5236661785704185", "jac": "[2.22044587e-06 2.22044587e-06 0.00000000e+00 1.11022293e-06\n 2.22044587e-06 1.11022293e-06]", "hess_inv": "[[ 6.80215187e+00  4.78501209e-01 -2.53536950e-02 -1.73075629e+00\n   5.56467221e+00  4.47648904e+00]\n [ 4.78501209e-01  4.50261888e+00  7.17254161e-01  1.06219287e+00\n   3.66789040e+00  3.38486237e+00]\n [-2.53536950e-02  7.17254161e-01  5.87920938e+00  4.63015128e-01\n   4.98723139e+00  3.46912269e+00]\n [-1.73075629e+00  1.06219287e+00  4.63015128e-01  5.58426887e+00\n   2.18680455e-01  2.76946853e-01]\n [ 5.56467221e+00  3.66789040e+00  4.98723139e+00  2.18680455e-01\n   1.56780508e+02  1.50505885e+02]\n [ 4.47648904e+00  3.38486237e+00  3.46912269e+00  2.76946853e-01\n   1.50505885e+02  1.49166781e+02]]", "nfev": "252", "njev": "36", "status": "0", "success": "True", "message": "Optimization terminated successfully.", "x": "[1.64775391 4.57513944 1.40806644 3.35611517 2.1144907  2.18845984]", "nit": "32"}, "22": {"maxiter": 1000, "gtol": 1e-10, "xrtol": 1e-10, "eps": 1e-05, "duration": 0.07913613319396973, "fun": "0.5236661785418717", "jac": "[ 2.96782598e-06 -2.04817274e-06 -1.82164284e-06  1.91795468e-06\n  7.03692660e-07  3.15258930e-07]", "hess_inv": "[[ 6.85475642e+00  4.65741314e-01 -1.27204942e-01 -1.67780355e+00\n   5.59532905e+00  4.64199873e+00]\n [ 4.65741314e-01  4.46546026e+00  6.21326727e-01  1.09969732e+00\n   2.93883389e+00  2.78358272e+00]\n [-1.27204942e-01  6.21326727e-01  5.84761323e+00  4.05714291e-01\n   3.67209604e+00  2.20195680e+00]\n [-1.67780355e+00  1.09969732e+00  4.05714291e-01  5.64315388e+00\n   4.14623929e-01  5.38572684e-01]\n [ 5.59532905e+00  2.93883389e+00  3.67209604e+00  4.14623929e-01\n   1.50195125e+02  1.45700719e+02]\n [ 4.64199873e+00  2.78358272e+00  2.20195680e+00  5.38572684e-01\n   1.45700719e+02  1.46067496e+02]]", "nfev": "467", "njev": "65", "status": "2", "success": "False", "message": "Desired error not necessarily achieved due to precision loss.", "x": "[1.64774278 4.57511278 1.40803686 3.35610485 2.11412768 2.18811132]", "nit": "31"}, "23": {"maxiter": 1000, "gtol": 1e-10, "xrtol": 1e-10, "eps": 1e-10, "duration": 0.06756782531738281, "fun": "0.5236661784752372", "jac": "[ 0.00000000e+00 -2.22044587e-06  0.00000000e+00 -1.11022293e-06\n  0.00000000e+00  0.00000000e+00]", "hess_inv": "[[ 2.1056