{"date": "2024/07/19/, 19:48:12", "conf_id": 298, "data_type": "var_s_rank\n", "num_data_points": 3, "s_rank": 0, "unitary": "[[-0.53618537-0.34368723j,-0.12107031-0.46226139j,-0.07699282-0.46603512j,0.36022595-0.11472301j],[0.26026499-0.63450712j,-0.56616638+0.37832564j,-0.14988651+0.08458591j,0.10363514-0.16008501j],[-0.32580188-0.11070003j,-0.36476308-0.23593218j,0.02559343+0.41761608j,-0.25598305+0.6725303j],[0.07406738-0.0126433j,0.28513701+0.19483972j,-0.74939717-0.10299659j,0.29798249+0.46269921j]]", "databatch_0": {"databatch": "[[[-0.13617863+0.1643102j,0.32994962+0.02564023j,-0.10746187+0.19796565j,-0.07282215+0.05399352j],[-0.16387812+0.0506596j,-0.42012529+0.28161762j,0.32709609-0.24699335j,0.28895696-0.18290948j],[-0.10893922+0.11677368j,-0.00124952-0.09465578j,0.06844202+0.13904733j,0.00375243-0.06743569j],[0.1715401-0.0055071j,-0.26071339+0.02333743j,-0.1641502+0.05919717j,0.15595857+0.00066667j]],[[-0.19231526+0.01758317j,0.25109651+0.18726036j,-0.13582738-0.06462049j,0.0426705-0.28296811j],[-0.18806854+0.25670329j,-0.25131952+0.13697926j,-0.07928947+0.06963851j,0.20502034-0.07475218j],[0.07881904+0.11498375j,-0.03589308-0.15194281j,-0.01479762-0.25571199j,0.25313753-0.15554312j],[-0.1968053+0.14055468j,-0.17343003+0.23739254j,0.16874985-0.35667942j,-0.13422687-0.04244072j]],[[-0.20617372+0.08519259j,0.1098598-0.31320906j,-0.08203378+0.20701651j,0.31816517-0.0657259j],[-0.25516291+0.32251749j,-0.06683731+0.00977905j,-0.1120615+0.05452608j,0.15905534-0.23723157j],[-0.12856128+0.24090723j,-0.00461525+0.08258341j,-0.0152899+0.25452251j,-0.15889854+0.0562072j],[-0.04941595+0.29988134j,-0.09700883+0.24979132j,0.1857683-0.10281951j,0.17167088-0.02398986j]]]", "initial param values": "[3.99528365,4.63101281,3.23916406,4.53525402,1.66251435,3.53932478]", "nelder_mead": {"type": "gradient-free", "0": {"maxiter": 100, "fatol": 1e-05, "xatol": 1e-05, "duration": 0.024917125701904297, "fun": "0.7247940038349392", "nit": "100", "nfev": "146", "status": "2", "success": "False", "message": "Maximum number of iterations has been exceeded.", "x": "[1.86045692 5.31271614 3.89908687 4.54060595 1.75737526 5.71139225]", "final_simplex": "(array([[1.86045692, 5.31271614, 3.89908687, 4.54060595, 1.75737526,\n        5.71139225],\n       [1.89841708, 5.30721675, 3.92058237, 4.53735981, 1.7550149 ,\n        5.74747501],\n       [1.80960006, 5.3410426 , 3.90181563, 4.58961298, 1.76530249,\n        5.7917873 ],\n       [1.7725919 , 5.36541074, 3.92671569, 4.53341678, 1.75475711,\n        5.7163701 ],\n       [1.83539948, 5.42431983, 3.9075578 , 4.5780478 , 1.75130917,\n        5.7119687 ],\n       [1.79812453, 5.30902681, 3.89040759, 4.5930081 , 1.72583639,\n        5.72237905],\n       [1.81408575, 5.30759186, 3.90373993, 4.49390749, 1.73912371,\n        5.77294829]]), array([0.724794  , 0.72509271, 0.7251543 , 0.72519893, 0.72527667,\n       0.72534793, 0.72555437]))"}, "1": {"maxiter": 100, "fatol": 1e-05, "xatol": 1e-10, "duration": 0.024810075759887695, "fun": "0.7247940038349392", "nit": "100", "nfev": "146", "status": "2", "success": "False", "message": "Maximum number of iterations has been exceeded.", "x": "[1.86045692 5.31271614 3.89908687 4.54060595 1.75737526 5.71139225]", "final_simplex": "(array([[1.86045692, 5.31271614, 3.89908687, 4.54060595, 1.75737526,\n        5.71139225],\n       [1.89841708, 5.30721675, 3.92058237, 4.53735981, 1.7550149 ,\n        5.74747501],\n       [1.80960006, 5.3410426 , 3.90181563, 4.58961298, 1.76530249,\n        5.7917873 ],\n       [1.7725919 , 5.36541074, 3.92671569, 4.53341678, 1.75475711,\n        5.7163701 ],\n       [1.83539948, 5.42431983, 3.9075578 , 4.5780478 , 1.75130917,\n        5.7119687 ],\n       [1.79812453, 5.30902681, 3.89040759, 4.5930081 , 1.72583639,\n        5.72237905],\n       [1.81408575, 5.30759186, 3.90373993, 4.49390749, 1.73912371,\n        5.77294829]]), array([0.724794  , 0.72509271, 0.7251543 , 0.72519893, 0.72527667,\n       0.72534793, 0.72555437]))"}, "2": {"maxiter": 100, "fatol": 1e-10, "xatol": 1e-05, "duration": 0.024801015853881836, "fun": "0.7247940038349392", "nit": "100", "nfev": "146", "status": "2", "success": "False", "message": "Maximum number of iterations has been exceeded.", "x": "[1.86045692 5.31271614 3.89908687 4.54060595 1.75737526 5.71139225]", "final_simplex": "(array([[1.86045692, 5.31271614, 3.89908687, 4.54060595, 1.75737526,\n        5.71139225],\n       [1.89841708, 5.30721675, 3.92058237, 4.53735981, 1.7550149 ,\n        5.74747501],\n       [1.80960006, 5.3410426 , 3.90181563, 4.58961298, 1.76530249,\n        5.7917873 ],\n       [1.7725919 , 5.36541074, 3.92671569, 4.53341678, 1.75475711,\n        5.7163701 ],\n       [1.83539948, 5.42431983, 3.9075578 , 4.5780478 , 1.75130917,\n        5.7119687 ],\n       [1.79812453, 5.30902681, 3.89040759, 4.5930081 , 1.72583639,\n        5.72237905],\n       [1.81408575, 5.30759186, 3.90373993, 4.49390749, 1.73912371,\n        5.77294829]]), array([0.724794  , 0.72509271, 0.7251543 , 0.72519893, 0.72527667,\n       0.72534793, 0.72555437]))"}, "3": {"maxiter": 100, "fatol": 1e-10, "xatol": 1e-10, "duration": 0.024790048599243164, "fun": "0.7247940038349392", "nit": "100", "nfev": "146", "status": "2", "success": "False", "message": "Maximum number of iterations has been exceeded.", "x": "[1.86045692 5.31271614 3.89908687 4.54060595 1.75737526 5.71139225]", "final_simplex": "(array([[1.86045692, 5.31271614, 3.89908687, 4.54060595, 1.75737526,\n        5.71139225],\n       [1.89841708, 5.30721675, 3.92058237, 4.53735981, 1.7550149 ,\n        5.74747501],\n       [1.80960006, 5.3410426 , 3.90181563, 4.58961298, 1.76530249,\n        5.7917873 ],\n       [1.7725919 , 5.36541074, 3.92671569, 4.53341678, 1.75475711,\n        5.7163701 ],\n       [1.83539948, 5.42431983, 3.9075578 , 4.5780478 , 1.75130917,\n        5.7119687 ],\n       [1.79812453, 5.30902681, 3.89040759, 4.5930081 , 1.72583639,\n        5.72237905],\n       [1.81408575, 5.30759186, 3.90373993, 4.49390749, 1.73912371,\n        5.77294829]]), array([0.724794  , 0.72509271, 0.7251543 , 0.72519893, 0.72527667,\n       0.72534793, 0.72555437]))"}, "4": {"maxiter": 500, "fatol": 1e-05, "xatol": 1e-05, "duration": 0.07257509231567383, "fun": "0.724552414246455", "nit": "276", "nfev": "429", "status": "0", "success": "True", "message": "Optimization terminated successfully.", "x": "[1.83202342 5.33903679 3.89290381 4.55071677 1.82602158 5.70098118]", "final_simplex": "(array([[1.83202342, 5.33903679, 3.89290381, 4.55071677, 1.82602158,\n        5.70098118],\n       [1.8320277 , 5.33903493, 3.89290239, 4.550715  , 1.82601586,\n        5.70098066],\n       [1.83202796, 5.33903819, 3.89290331, 4.55070976, 1.82602093,\n        5.70098279],\n       [1.83202604, 5.33904146, 3.8929034 , 4.55071842, 1.82601992,\n        5.70098243],\n       [1.83202657, 5.33903689, 3.89289897, 4.55071721, 1.82602839,\n        5.7009851 ],\n       [1.83202704, 5.33903557, 3.8929061 , 4.55071782, 1.82601967,\n        5.70098301],\n       [1.83201832, 5.33903446, 3.89290273, 4.55071854, 1.82602169,\n        5.70098633]]), array([0.72455241, 0.72455241, 0.72455241, 0.72455241, 0.72455241,\n       0.72455241, 0.72455241]))"}, "5": {"maxiter": 500, "fatol": 1e-05, "xatol": 1e-10, "duration": 0.10642409324645996, "fun": "0.7245524142455522", "nit": "352", "nfev": "623", "status": "0", "success": "True", "message": "Optimization terminated successfully.", "x": "[1.83202406 5.3390367  3.89290035 4.55071536 1.82602331 5.70098313]", "final_simplex": "(array([[1.83202406, 5.3390367 , 3.89290035, 4.55071536, 1.82602331,\n        5.70098313],\n       [1.83202406, 5.3390367 , 3.89290035, 4.55071536, 1.82602331,\n        5.70098313],\n       [1.83202406, 5.3390367 , 3.89290035, 4.55071536, 1.82602331,\n        5.70098313],\n       [1.83202406, 5.3390367 , 3.89290035, 4.55071536, 1.82602331,\n        5.70098313],\n       [1.83202406, 5.3390367 , 3.89290035, 4.55071536, 1.82602331,\n        5.70098313],\n       [1.83202406, 5.3390367 , 3.89290035, 4.55071536, 1.82602331,\n        5.70098313],\n       [1.83202406, 5.3390367 , 3.89290035, 4.55071536, 1.82602331,\n        5.70098313]]), array([0.72455241, 0.72455241, 0.72455241, 0.72455241, 0.72455241,\n       0.72455241, 0.72455241]))"}, "6": {"maxiter": 500, "fatol": 1e-10, "xatol": 1e-05, "duration": 0.07490897178649902, "fun": "0.724552414246455", "nit": "276", "nfev": "429", "status": "0", "success": "True", "message": "Optimization terminated successfully.", "x": "[1.83202342 5.33903679 3.89290381 4.55071677 1.82602158 5.70098118]", "final_simplex": "(array([[1.83202342, 5.33903679, 3.89290381, 4.55071677, 1.82602158,\n        5.70098118],\n       [1.8320277 , 5.33903493, 3.89290239, 4.550715  , 1.82601586,\n        5.70098066],\n       [1.83202796, 5.33903819, 3.89290331, 4.55070976, 1.82602093,\n        5.70098279],\n       [1.83202604, 5.33904146, 3.8929034 , 4.55071842, 1.82601992,\n        5.70098243],\n       [1.83202657, 5.33903689, 3.89289897, 4.55071721, 1.82602839,\n        5.7009851 ],\n       [1.83202704, 5.33903557, 3.8929061 , 4.55071782, 1.82601967,\n        5.70098301],\n       [1.83201832, 5.33903446, 3.89290273, 4.55071854, 1.82602169,\n        5.70098633]]), array([0.72455241, 0.72455241, 0.72455241, 0.72455241, 0.72455241,\n       0.72455241, 0.72455241]))"}, "7": {"maxiter": 500, "fatol": 1e-10, "xatol": 1e-10, "duration": 0.10566210746765137, "fun": "0.7245524142455522", "nit": "352", "nfev": "623", "status": "0", "success": "True", "message": "Optimization terminated successfully.", "x": "[1.83202406 5.3390367  3.89290035 4.55071536 1.82602331 5.70098313]", "final_simplex": "(array([[1.83202406, 5.3390367 , 3.89290035, 4.55071536, 1.82602331,\n        5.70098313],\n       [1.83202406, 5.3390367 , 3.89290035, 4.55071536, 1.82602331,\n        5.70098313],\n       [1.83202406, 5.3390367 , 3.89290035, 4.55071536, 1.82602331,\n        5.70098313],\n       [1.83202406, 5.3390367 , 3.89290035, 4.55071536, 1.82602331,\n        5.70098313],\n       [1.83202406, 5.3390367 , 3.89290035, 4.55071536, 1.82602331,\n        5.70098313],\n       [1.83202406, 5.3390367 , 3.89290035, 4.55071536, 1.82602331,\n        5.70098313],\n       [1.83202406, 5.3390367 , 3.89290035, 4.55071536, 1.82602331,\n        5.70098313]]), array([0.72455241, 0.72455241, 0.72455241, 0.72455241, 0.72455241,\n       0.72455241, 0.72455241]))"}, "8": {"maxiter": 1000, "fatol": 1e-05, "xatol": 1e-05, "duration": 0.0730581283569336, "fun": "0.724552414246455", "nit": "276", "nfev": "429", "status": "0", "success": "True", "message": "Optimization terminated successfully.", "x": "[1.83202342 5.33903679 3.89290381 4.55071677 1.82602158 5.70098118]", "final_simplex": "(array([[1.83202342, 5.33903679, 3.89290381, 4.55071677, 1.82602158,\n        5.70098118],\n       [1.8320277 , 5.33903493, 3.89290239, 4.550715  , 1.82601586,\n        5.70098066],\n       [1.83202796, 5.33903819, 3.89290331, 4.55070976, 1.82602093,\n        5.70098279],\n       [1.83202604, 5.33904146, 3.8929034 , 4.55071842, 1.82601992,\n        5.70098243],\n       [1.83202657, 5.33903689, 3.89289897, 4.55071721, 1.82602839,\n        5.7009851 ],\n       [1.83202704, 5.33903557, 3.8929061 , 4.55071782, 1.82601967,\n        5.70098301],\n       [1.83201832, 5.33903446, 3.89290273, 4.55071854, 1.82602169,\n        5.70098633]]), array([0.72455241, 0.72455241, 0.72455241, 0.72455241, 0.72455241,\n       0.72455241, 0.72455241]))"}, "9": {"maxiter": 1000, "fatol": 1e-05, "xatol": 1e-10, "duration": 0.10577893257141113, "fun": "0.7245524142455522", "nit": "352", "nfev": "623", "status": "0", "success": "True", "message": "Optimization terminated successfully.", "x": "[1.83202406 5.3390367  3.89290035 4.55071536 1.82602331 5.70098313]", "final_simplex": "(array([[1.83202406, 5.3390367 , 3.89290035, 4.55071536, 1.82602331,\n        5.70098313],\n       [1.83202406, 5.3390367 , 3.89290035, 4.55071536, 1.82602331,\n        5.70098313],\n       [1.83202406, 5.3390367 , 3.89290035, 4.55071536, 1.82602331,\n        5.70098313],\n       [1.83202406, 5.3390367 , 3.89290035, 4.55071536, 1.82602331,\n        5.70098313],\n       [1.83202406, 5.3390367 , 3.89290035, 4.55071536, 1.82602331,\n        5.70098313],\n       [1.83202406, 5.3390367 , 3.89290035, 4.55071536, 1.82602331,\n        5.70098313],\n       [1.83202406, 5.3390367 , 3.89290035, 4.55071536, 1.82602331,\n        5.70098313]]), array([0.72455241, 0.72455241, 0.72455241, 0.72455241, 0.72455241,\n       0.72455241, 0.72455241]))"}, "10": {"maxiter": 1000, "fatol": 1e-10, "xatol": 1e-05, "duration": 0.07313108444213867, "fun": "0.724552414246455", "nit": "276", "nfev": "429", "status": "0", "success": "True", "message": "Optimization terminated successfully.", "x": "[1.83202342 5.33903679 3.89290381 4.55071677 1.82602158 5.70098118]", "final_simplex": "(array([[1.83202342, 5.33903679, 3.89290381, 4.55071677, 1.82602158,\n        5.70098118],\n       [1.8320277 , 5.33903493, 3.89290239, 4.550715  , 1.82601586,\n        5.70098066],\n       [1.83202796, 5.33903819, 3.89290331, 4.55070976, 1.82602093,\n        5.70098279],\n       [1.83202604, 5.33904146, 3.8929034 , 4.55071842, 1.82601992,\n        5.70098243],\n       [1.83202657, 5.33903689, 3.89289897, 4.55071721, 1.82602839,\n        5.7009851 ],\n       [1.83202704, 5.33903557, 3.8929061 , 4.55071782, 1.82601967,\n        5.70098301],\n       [1.83201832, 5.33903446, 3.89290273, 4.55071854, 1.82602169,\n        5.70098633]]), array([0.72455241, 0.72455241, 0.72455241, 0.72455241, 0.72455241,\n       0.72455241, 0.72455241]))"}, "11": {"maxiter": 1000, "fatol": 1e-10, "xatol": 1e-10, "duration": 0.10542631149291992, "fun": "0.7245524142455522", "nit": "352", "nfev": "623", "status": "0", "success": "True", "message": "Optimization terminated successfully.", "x": "[1.83202406 5.3390367  3.89290035 4.55071536 1.82602331 5.70098313]", "final_simplex": "(array([[1.83202406, 5.3390367 , 3.89290035, 4.55071536, 1.82602331,\n        5.70098313],\n       [1.83202406, 5.3390367 , 3.89290035, 4.55071536, 1.82602331,\n        5.70098313],\n       [1.83202406, 5.3390367 , 3.89290035, 4.55071536, 1.82602331,\n        5.70098313],\n       [1.83202406, 5.3390367 , 3.89290035, 4.55071536, 1.82602331,\n        5.70098313],\n       [1.83202406, 5.3390367 , 3.89290035, 4.55071536, 1.82602331,\n        5.70098313],\n       [1.83202406, 5.3390367 , 3.89290035, 4.55071536, 1.82602331,\n        5.70098313],\n       [1.83202406, 5.3390367 , 3.89290035, 4.55071536, 1.82602331,\n        5.70098313]]), array([0.72455241, 0.72455241, 0.72455241, 0.72455241, 0.72455241,\n       0.72455241, 0.72455241]))"}}, "bfgs": {"type": "gradient", "0": {"maxiter": 100, "gtol": 1e-05, "xrtol": 1e-05, "eps": 1e-05, "duration": 0.03952193260192871, "fun": "0.40858879586408514", "jac": "[ 1.82324156e-06 -3.41016104e-07 -6.84574619e-07  1.48303592e-07\n -6.17139673e-07  2.22044605e-11]", "hess_inv": "[[ 3.9589885  -0.12201609  0.13428349  0.53242024  1.01581185 -0.58916111]\n [-0.12201609  4.68293809  1.72416078 -0.67955609 -1.11964444  0.55746387]\n [ 0.13428349  1.72416078  4.96170798 -0.16915183 -0.91467707  0.43480991]\n [ 0.53242024 -0.67955609 -0.16915183  4.824094   -0.09909993  0.50282948]\n [ 1.01581185 -1.11964444 -0.91467707 -0.09909993  4.71513645 -1.84650676]\n [-0.58916111  0.55746387  0.43480991  0.50282948 -1.84650676  4.57358389]]", "nfev": "224", "njev": "32", "status": "0", "success": "True", "message": "Optimization terminated successfully.", "x": "[4.32089918 5.95295951 1.18668938 5.01267313 1.60071007 2.22780115]", "nit": "30"}, "1": {"maxiter": 100, "gtol": 1e-05, "xrtol": 1e-05, "eps": 1e-10, "duration": 0.03903794288635254, "fun": "0.4085887960000184", "jac": "[ 3.33066880e-06 -1.11022293e-06 -1.11022293e-06  4.44089173e-06\n  5.55111466e-06 -3.33066880e-06]", "hess_inv": "[[ 3.89129716 -0.15449314  0.04358469  0.50766589  1.01939904 -0.56113308]\n [-0.15449314  4.72887969  1.76178123 -0.75431541 -1.21273273  0.60508047]\n [ 0.04358469  1.76178123  4.94956066 -0.2848345  -1.02994623  0.51750587]\n [ 0.50766589 -0.75431541 -0.2848345   4.81149216  0.00819981  0.48532477]\n [ 1.01939904 -1.21273273 -1.02994623  0.00819981  4.83928584 -1.90853278]\n [-0.56113308  0.60508047  0.51750587  0.48532477 -1.90853278  4.58852232]]", "nfev": "224", "njev": "32", "status": "0", "success": "True", "message": "Optimization terminated successfully.", "x": "[4.32091667 5.95295068 1.18668598 5.01269566 1.60074127 2.22778649]", "nit": "30"}, "2": {"maxiter": 100, "gtol": 1e-05, "xrtol": 1e-10, "eps": 1e-05, "duration": 0.03918576240539551, "fun": "0.40858879586408514", "jac": "[ 1.82324156e-06 -3.41016104e-07 -6.84574619e-07  1.48303592e-07\n -6.17139673e-07  2.22044605e-11]", "hess_inv": "[[ 3.9589885  -0.12201609  0.13428349  0.53242024  1.01581185 -0.58916111]\n [-0.12201609  4.68293809  1.72416078 -0.67955609 -1.11964444  0.55746387]\n [ 0.13428349  1.72416078  4.96170798 -0.16915183 -0.91467707  0.43480991]\n [ 0.53242024 -0.67955609 -0.16915183  4.824094   -0.09909993  0.50282948]\n [ 1.01581185 -1.11964444 -0.91467707 -0.09909993  4.71513645 -1.84650676]\n [-0.58916111  0.55746387  0.43480991  0.50282948 -1.84650676  4.57358389]]", "nfev": "224", "njev": "32", "status": "0", "success": "True", "message": "Optimization terminated successfully.", "x": "[4.32089918 5.95295951 1.18668938 5.01267313 1.60071007 2.22780115]", "nit": "30"}, "3": {"maxiter": 100, "gtol": 1e-05, "xrtol": 1e-10, "eps": 1e-10, "duration": 0.03905773162841797, "fun": "0.4085887960000184", "jac": "[ 3.33066880e-06 -1.11022293e-06 -1.11022293e-06  4.44089173e-06\n  5.55111466e-06 -3.33066880e-06]", "hess_inv": "[[ 3.89129716 -0.15449314  0.04358469  0.50766589  1.01939904 -0.56113308]\n [-0.15449314  4.72887969  1.76178123 -0.75431541 -1.21273273  0.60508047]\n [ 0.04358469  1.76178123  4.94956066 -0.2848345  -1.02994623  0.51750587]\n [ 0.50766589 -0.75431541 -0.2848345   4.81149216  0.00819981  0.48532477]\n [ 1.01939904 -1.21273273 -1.02994623  0.00819981  4.83928584 -1.90853278]\n [-0.56113308  0.60508047  0.51750587  0.48532477 -1.90853278  4.58852232]]", "nfev": "224", "njev": "32", "status": "0", "success": "True", "message": "Optimization terminated successfully.", "x": "[4.32091667 5.95295068 1.18668598 5.01269566 1.60074127 2.22778649]", "nit": "30"}, "4": {"maxiter": 100, "gtol": 1e-10, "xrtol": 1e-05, "eps": 1e-05, "duration": 0.04012703895568848, "fun": "0.40858879585949703", "jac": "[ 4.17998969e-08 -8.28892510e-08  2.24265051e-09 -3.43058915e-08\n -1.94955163e-08  2.54685162e-08]", "hess_inv": "[[ 4.01671699 -0.14983301  0.12287067  0.56547027  1.00334339 -0.66770466]\n [-0.14983301  4.69532652  1.73212152 -0.69327585 -1.11541282  0.58404346]\n [ 0.12287067  1.73212152  4.95799748 -0.18103257 -0.90790579  0.47765128]\n [ 0.56547027 -0.69327585 -0.18103257  4.83822414 -0.10237936  0.48233815]\n [ 1.00334339 -1.11541282 -0.90790579 -0.10237936  4.71472155 -1.84925498]\n [-0.66770466  0.58404346  0.47765128  0.48233815 -1.84925498  4.55541824]]", "nfev": "231", "njev": "33", "status": "0", "success": "True", "message": "Optimization terminated successfully.", "x": "[4.32089243 5.95296198 1.1866926  5.01267095 1.60071016 2.22780168]", "nit": "31"}, "5": {"maxiter": 100, "gtol": 1e-10, "xrtol": 1e-05, "eps": 1e-10, "duration": 0.040148019790649414, "fun": "0.4085887958502771", "jac": "[-2.22044587e-06  0.00000000e+00 -1.11022293e-06 -1.11022293e-06\n -2.22044587e-06 -1.11022293e-06]", "hess_inv": "[[ 3.93031886 -0.16203639  0.09976322  0.54207717  0.99881244 -0.50672551]\n [-0.16203639  4.7179716   1.71162318 -0.75897843 -1.16762889  0.54740393]\n [ 0.09976322  1.71162318  4.90555531 -0.22897272 -0.92889722  0.44597033]\n [ 0.54207717 -0.75897843 -0.22897272  4.84151783 -0.01656893  0.54088916]\n [ 0.99881244 -1.16762889 -0.92889722 -0.01656893  4.71338715 -1.78040815]\n [-0.50672551  0.54740393  0.44597033  0.54088916 -1.78040815  4.48454012]]", "nfev": "231", "njev": "33", "status": "0", "success": "True", "message": "Optimization terminated successfully.", "x": "[4.32089387 5.95297003 1.18670066 5.01267315 1.6007036  2.2278117 ]", "nit": "31"}, "6": {"maxiter": 100, "gtol": 1e-10, "xrtol": 1e-10, "eps": 1e-05, "duration": 0.07204198837280273, "fun": "0.408588795859088", "jac": "[-4.10782519e-10  2.69784195e-09 -2.42028619e-09  1.12132525e-09\n -3.10862447e-10  9.99200722e-10]", "hess_inv": "[[ 4.04595781 -0.25775383  0.06586944  0.54476887  0.98545419 -0.61723381]\n [-0.25775383  4.70073884  1.85921113 -0.76023447 -1.07225393  0.5297588 ]\n [ 0.06586944  1.85921113  5.01992054 -0.16352093 -0.89451327  0.43552953]\n [ 0.54476887 -0.76023447 -0.16352093  4.79876282 -0.09407731  0.48799926]\n [ 0.98545419 -1.07225393 -0.89451327 -0.09407731  4.71556298 -1.85753355]\n [-0.61723381  0.5297588   0.43552953  0.48799926 -1.85753355  4.57282443]]", "nfev": "418", "njev": "58", "status": "2", "success": "False", "message": "Desired error not necessarily achieved due to precision loss.", "x": "[4.32089229 5.95296232 1.1866927  5.01267102 1.60071017 2.22780161]", "nit": "32"}, "7": {"maxiter": 100, "gtol": 1e-10, "xrtol": 1e-10, "eps": 1e-10, "duration": 0.06167793273925781, "fun": "0.40858879584429275", "jac": "[0.00000000e+00 0.00000000e+00 0.00000000e+00 0.00000000e+00\n 2.22044587e-06 2.22044587e-06]", "hess_inv": "[[ 1.53597059  0.11762855 -0.13001864 -0.20940721  0.36224515 -1.18882181]\n [ 0.11762855  8.95132655  2.74562825 -2.30582178  1.88053282 -6.41453314]\n [-0.13001864  2.74562825  5.17383377 -0.8436068   0.21559675 -1.52330028]\n [-0.20940721 -2.30582178 -0.8436068   5.00205551 -0.80753264  2.06500522]\n [ 0.36224515  1.88053282  0.21559675 -0.80753264  3.64885733 -4.76968189]\n [-1.18882181 -6.41453314 -1.52330028  2.06500522 -4.76968189  8.57085095]]", "nfev": "357", "njev": "51", "status": "2", "success": "False", "message": "Desired error not necessarily achieved due to precision loss.", "x": "[4.32090037 5.95296813 1.1867034  5.01267789 1.60071631 2.22780994]", "nit": "35"}, "8": {"maxiter": 500, "gtol": 1e-05, "xrtol": 1e-05, "eps": 1e-05, "duration": 0.03883194923400879, "fun": "0.40858879586408514", "jac": "[ 1.82324156e-06 -3.41016104e-07 -6.84574619e-07  1.48303592e-07\n -6.17139673e-07  2.22044605e-11]", "hess_inv": "[[ 3.9589885  -0.12201609  0.13428349  0.53242024  1.01581185 -0.58916111]\n [-0.12201609  4.68293809  1.72416078 -0.67955609 -1.11964444  0.55746387]\n [ 0.13428349  1.72416078  4.96170798 -0.16915183 -0.91467707  0.43480991]\n [ 0.53242024 -0.67955609 -0.16915183  4.824094   -0.09909993  0.50282948]\n [ 1.01581185 -1.11964444 -0.91467707 -0.09909993  4.71513645 -1.84650676]\n [-0.58916111  0.55746387  0.43480991  0.50282948 -1.84650676  4.57358389]]", "nfev": "224", "njev": "32", "status": "0", "success": "True", "message": "Optimization terminated successfully.", "x": "[4.32089918 5.95295951 1.18668938 5.01267313 1.60071007 2.22780115]", "nit": "30"}, "9": {"maxiter": 500, "gtol": 1e-05, "xrtol": 1e-05, "eps": 1e-10, "duration": 0.03877615928649902, "fun": "0.4085887960000184", "jac": "[ 3.33066880e-06 -1.11022293e-06 -1.11022293e-06  4.44089173e-06\n  5.55111466e-06 -3.33066880e-06]", "hess_inv": "[[ 3.89129716 -0.15449314  0.04358469  0.50766589  1.01939904 -0.56113308]\n [-0.15449314  4.72887969  1.76178123 -0.75431541 -1.21273273  0.60508047]\n [ 0.04358469  1.76178123  4.94956066 -0.2848345  -1.02994623  0.51750587]\n [ 0.50766589 -0.75431541 -0.2848345   4.81149216  0.00819981  0.48532477]\n [ 1.01939904 -1.21273273 -1.02994623  0.00819981  4.83928584 -1.90853278]\n [-0.56113308  0.60508047  0.51750587  0.48532477 -1.90853278  4.58852232]]", "nfev": "224", "njev": "32", "status": "0", "success": "True", "message": "Optimization terminated successfully.", "x": "[4.32091667 5.95295068 1.18668598 5.01269566 1.60074127 2.22778649]", "nit": "30"}, "10": {"maxiter": 500, "gtol": 1e-05, "xrtol": 1e-10, "eps": 1e-05, "duration": 0.03878617286682129, "fun": "0.40858879586408514", "jac": "[ 1.82324156e-06 -3.41016104e-07 -6.84574619e-07  1.48303592e-07\n -6.17139673e-07  2.22044605e-11]", "hess_inv": "[[ 3.9589885  -0.12201609  0.13428349  0.53242024  1.01581185 -0.58916111]\n [-0.12201609  4.68293809  1.72416078 -0.67955609 -1.11964444  0.55746387]\n [ 0.13428349  1.72416078  4.96170798 -0.16915183 -0.91467707  0.43480991]\n [ 0.53242024 -0.67955609 -0.16915183  4.824094   -0.09909993  0.50282948]\n [ 1.01581185 -1.11964444 -0.91467707 -0.09909993  4.71513645 -1.84650676]\n [-0.58916111  0.55746387  0.43480991  0.50282948 -1.84650676  4.57358389]]", "nfev": "224", "njev": "32", "status": "0", "success": "True", "message": "Optimization terminated successfully.", "x": "[4.32089918 5.95295951 1.18668938 5.01267313 1.60071007 2.22780115]", "nit": "30"}, "11": {"maxiter": 500, "gtol": 1e-05, "xrtol": 1e-10, "eps": 1e-10, "duration": 0.03875017166137695, "fun": "0.4085887960000184", "jac": "[ 3.33066880e-06 -1.11022293e-06 -1.11022293e-06  4.44089173e-06\n  5.55111466e-06 -3.33066880e-06]", "hess_inv": "[[ 3.89129716 -0.15449314  0.04358469  0.50766589  1.01939904 -0.56113308]\n [-0.15449314  4.72887969  1.76178123 -0.75431541 -1.21273273  0.60508047]\n [ 0.04358469  1.76178123  4.94956066 -0.2848345  -1.02994623  0.51750587]\n [ 0.50766589 -0.75431541 -0.2848345   4.81149216  0.00819981  0.48532477]\n [ 1.01939904 -1.21273273 -1.02994623  0.00819981  4.83928584 -1.90853278]\n [-0.56113308  0.60508047  0.51750587  0.48532477 -1.90853278  4.58852232]]", "nfev": "224", "njev": "32", "status": "0", "success": "True", "message": "Optimization terminated successfully.", "x": "[4.32091667 5.95295068 1.18668598 5.01269566 1.60074127 2.22778649]", "nit": "30"}, "12": {"maxiter": 500, "gtol": 1e-10, "xrtol": 1e-05, "eps": 1e-05, "duration": 0.039998769760131836, "fun": "0.40858879585949703", "jac": "[ 4.17998969e-08 -8.28892510e-08  2.24265051e-09 -3.43058915e-08\n -1.94955163e-08  2.54685162e-08]", "hess_inv": "[[ 4.01671699 -0.14983301  0.12287067  0.56547027  1.00334339 -0.66770466]\n [-0.14983301  4.69532652  1.73212152 -0.69327585 -1.11541282  0.58404346]\n [ 0.12287067  1.73212152  4.95799748 -0.18103257 -0.90790579  0.47765128]\n [ 0.56547027 -0.69327585 -0.18103257  4.83822414 -0.10237936  0.48233815]\n [ 1.00334339 -1.11541282 -0.90790579 -0.10237936  4.71472155 -1.84925498]\n [-0.66770466  0.58404346  0.47765128  0.48233815 -1.84925498  4.55541824]]", "nfev": "231", "njev": "33", "status": "0", "success": "True", "message": "Optimization terminated successfully.", "x": "[4.32089243 5.95296198 1.1866926  5.01267095 1.60071016 2.22780168]", "nit": "31"}, "13": {"maxiter": 500, "gtol": 1e-10, "xrtol": 1e-05, "eps": 1e-10, "duration": 0.03998088836669922, "fun": "0.4085887958502771", "jac": "[-2.22044587e-06  0.00000000e+00 -1.11022293e-06 -1.11022293e-06\n -2.22044587e-06 -1.11022293e-06]", "hess_inv": "[[ 3.93031886 -0.16203639  0.09976322  0.54207717  0.99881244 -0.50672551]\n [-0.16203639  4.7179716   1.71162318 -0.75897843 -1.16762889  0.54740393]\n [ 0.09976322  1.71162318  4.90555531 -0.22897272 -0.92889722  0.44597033]\n [ 0.54207717 -0.75897843 -0.22897272  4.84151783 -0.01656893  0.54088916]\n [ 0.99881244 -1.16762889 -0.92889722 -0.01656893  4.71338715 -1.78040815]\n [-0.50672551  0.54740393  0.44597033  0.54088916 -1.78040815  4.48454012]]", "nfev": "231", "njev": "33", "status": "0", "success": "True", "message": "Optimization terminated successfully.", "x": "[4.32089387 5.95297003 1.18670066 5.01267315 1.6007036  2.2278117 ]", "nit": "31"}, "14": {"maxiter": 500, "gtol": 1e-10, "xrtol": 1e-10, "eps": 1e-05, "duration": 0.07226300239562988, "fun": "0.408588795859088", "jac": "[-4.10782519e-10  2.69784195e-09 -2.42028619e-09  1.12132525e-09\n -3.10862447e-10  9.99200722e-10]", "hess_inv": "[[ 4.04595781 -0.25775383  0.06586944  0.54476887  0.98545419 -0.61723381]\n [-0.25775383  4.70073884  1.85921113 -0.76023447 -1.07225393  0.5297588 ]\n [ 0.06586944  1.85921113  5.01992054 -0.16352093 -0.89451327  0.43552953]\n [ 0.54476887 -0.76023447 -0.16352093  4.79876282 -0.09407731  0.48799926]\n [ 0.98545419 -1.07225393 -0.89451327 -0.09407731  4.71556298 -1.85753355]\n [-0.61723381  0.5297588   0.43552953  0.48799926 -1.85753355  4.57282443]]", "nfev": "418", "njev": "58", "status": "2", "success": "False", "message": "Desired error not necessarily achieved due to precision loss.", "x": "[4.32089229 5.95296232 1.1866927  5.01267102 1.60071017 2.22780161]", "nit": "32"}, "15": {"maxiter": 500, "gtol": 1e-10, "xrtol": 1e-10, "eps": 1e-10, "duration": 0.06146693229675293, "fun": "0.40858879584429275", "jac": "[0.00000000e+00 0.00000000e+00 0.00000000e+00 0.00000000e+00\n 2.22044587e-06 2.22044587e-06]", "hess_inv": "[[ 1.53597059  0.11762855 -0.13001864 -0.20940721  0.36224515 -1.18882181]\n [ 0.11762855  8.95132655  2.74562825 -2.30582178  1.88053282 -6.41453314]\n [-0.13001864  2.74562825  5.17383377 -0.8436068   0.21559675 -1.52330028]\n [-0.20940721 -2.30582178 -0.8436068   5.00205551 -0.80753264  2.06500522]\n [ 0.36224515  1.88053282  0.21559675 -0.80753264  3.64885733 -4.76968189]\n [-1.18882181 -6.41453314 -1.52330028  2.06500522 -4.76968189  8.57085095]]", "nfev": "357", "njev": "51", "status": "2", "success": "False", "message": "Desired error not necessarily achieved due to precision loss.", "x": "[4.32090037 5.95296813 1.1867034  5.01267789 1.60071631 2.22780994]", "nit": "35"}, "16": {"maxiter": 1000, "gtol": 1e-05, "xrtol": 1e-05, "eps": 1e-05, "duration": 0.03905296325683594, "fun": "0.40858879586408514", "jac": "[ 1.82324156e-06 -3.41016104e-07 -6.84574619e-07  1.48303592e-07\n -6.17139673e-07  2.22044605e-11]", "hess_inv": "[[ 3.9589885  -0.12201609  0.13428349  0.53242024  1.01581185 -0.58916111]\n [-0.12201609  4.68293809  1.72416078 -0.67955609 -1.11964444  0.55746387]\n [ 0.13428349  1.72416078  4.96170798 -0.16915183 -0.91467707  0.43480991]\n [ 0.53242024 -0.67955609 -0.16915183  4.824094   -0.09909993  0.50282948]\n [ 1.01581185 -1.11964444 -0.91467707 -0.09909993  4.71513645 -1.84650676]\n [-0.58916111  0.55746387  0.43480991  0.50282948 -1.84650676  4.57358389]]", "nfev": "224", "njev": "32", "status": "0", "success": "True", "message": "Optimization terminated successfully.", "x": "[4.32089918 5.95295951 1.18668938 5.01267313 1.60071007 2.22780115]", "nit": "30"}, "17": {"maxiter": 1000, "gtol": 1e-05, "xrtol": 1e-05, "eps": 1e-10, "duration": 0.03864717483520508, "fun": "0.4085887960000184", "jac": "[ 3.33066880e-06 -1.11022293e-06 -1.11022293e-06  4.44089173e-06\n  5.55111466e-06 -3.33066880e-06]", "hess_inv": "[[ 3.89129716 -0.15449314  0.04358469  0.50766589  1.01939904 -0.56113308]\n [-0.15449314  4.72887969  1.76178123 -0.75431541 -1.21273273  0.60508047]\n [ 0.04358469  1.76178123  4.94956066 -0.2848345  -1.02994623  0.51750587]\n [ 0.50766589 -0.75431541 -0.2848345   4.81149216  0.00819981  0.48532477]\n [ 1.01939904 -1.21273273 -1.02994623  0.00819981  4.83928584 -1.90853278]\n [-0.56113308  0.60508047  0.51750587  0.48532477 -1.90853278  4.58852232]]", "nfev": "224", "njev": "32", "status": "0", "success": "True", "message": "Optimization terminated successfully.", "x": "[4.32091667 5.95295068 1.18668598 5.01269566 1.60074127 2.22778649]", "nit": "30"}, "18": {"maxiter": 1000, "gtol": 1e-05, "xrtol": 1e-10, "eps": 1e-05, "duration": 0.03861522674560547, "fun": "0.40858879586408514", "jac": "[ 1.82324156e-06 -3.41016104e-07 -6.84574619e-07  1.48303592e-07\n -6.17139673e-07  2.22044605e-11]", "hess_inv": "[[ 3.9589885  -0.12201609  0.13428349  0.53242024  1.01581185 -0.58916111]\n [-0.12201609  4.68293809  1.72416078 -0.67955609 -1.11964444  0.55746387]\n [ 0.13428349  1.72416078  4.96170798 -0.16915183 -0.91467707  0.43480991]\n [ 0.53242024 -0.67955609 -0.16915183  4.824094   -0.09909993  0.50282948]\n [ 1.01581185 -1.11964444 -0.91467707 -0.09909993  4.71513645 -1.84650676]\n [-0.58916111  0.55746387  0.43480991  0.50282948 -1.84650676  4.57358389]]", "nfev": "224", "njev": "32", "status": "0", "success": "True", "message": "Optimization terminated successfully.", "x": "[4.32089918 5.95295951 1.18668938 5.01267313 1.60071007 2.22780115]", "nit": "30"}, "19": {"maxiter": 1000, "gtol": 1e-05, "xrtol": 1e-10, "eps": 1e-10, "duration": 0.03855586051940918, "fun": "0.4085887960000184", "jac": "[ 3.33066880e-06 -1.11022293e-06 -1.11022293e-06  4.44089173e-06\n  5.55111466e-06 -3.33066880e-06]", "hess_inv": "[[ 3.89129716 -0.15449314  0.04358469  0.50766589  1.01939904 -0.56113308]\n [-0.15449314  4.72887969  1.76178123 -0.75431541 -1.21273273  0.60508047]\n [ 0.04358469  1.76178123  4.94956066 -0.2848345  -1.02994623  0.51750587]\n [ 0.50766589 -0.75431541 -0.2848345   4.81149216  0.00819981  0.48532477]\n [ 1.01939904 -1.21273273 -1.02994623  0.00819981  4.83928584 -1.90853278]\n [-0.56113308  0.60508047  0.51750587  0.48532477 -1.90853278  4.58852232]]", "nfev": "224", "njev": "32", "status": "0", "success": "True", "message": "Optimization terminated successfully.", "x": "[4.32091667 5.95295068 1.18668598 5.01269566 1.60074127 2.22778649]", "nit": "30"}, "20": {"maxiter": 1000, "gtol": 1e-10, "xrtol": 1e-05, "eps": 1e-05, "duration": 0.03973984718322754, "fun": "0.40858879585949703", "jac": "[ 4.17998969e-08 -8.28892510e-08  2.24265051e-09 -3.43058915e-08\n -1.94955163e-08  2.54685162e-08]", "hess_inv": "[[ 4.01671699 -0.14983301  0.12287067  0.56547027  1.00334339 -0.66770466]\n [-0.14983301  4.69532652  1.73212152 -0.69327585 -1.11541282  0.58404346]\n [ 0.12287067  1.73212152  4.95799748 -0.18103257 -0.90790579  0.47765128]\n [ 0.56547027 -0.69327585 -0.18103257  4.83822414 -0.10237936  0.48233815]\n [ 1.00334339 -1.11541282 -0.90790579 -0.10237936  4.71472155 -1.84925498]\n [-0.66770466  0.58404346  0.47765128  0.48233815 -1.84925498  4.55541824]]", "nfev": "231", "njev": "33", "status": "0", "success": "True", "message": "Optimization terminated successfully.", "x": "[4.32089243 5.95296198 1.1866926  5.01267095 1.60071016 2.22780168]", "nit": "31"}, "21": {"maxiter": 1000, "gtol": 1e-10, "xrtol": 1e-05, "eps": 1e-10, "duration": 0.03971099853515625, "fun": "0.4085887958502771", "jac": "[-2.22044587e-06  0.00000000e+00 -1.11022293e-06 -1.11022293e-06\n -2.22044587e-06 -1.11022293e-06]", "hess_inv": "[[ 3.93031886 -0.16203639  0.09976322  0.54207717  0.99881244 -0.50672551]\n [-0.16203639  4.7179716   1.71162318 -0.75897843 -1.16762889  0.54740393]\n [ 0.09976322  1.71162318  4.90555531 -0.22897272 -0.92889722  0.44597033]\n [ 0.54207717 -0.75897843 -0.22897272  4.84151783 -0.01656893  0.54088916]\n [ 0.99881244 -1.16762889 -0.92889722 -0.01656893  4.71338715 -1.78040815]\n [-0.50672551  0.54740393  0.44597033  0.54088916 -1.78040815  4.48454012]]", "nfev": "231", "njev": "33", "status": "0", "success": "True", "message": "Optimization terminated successfully.", "x": "[4.32089387 5.95297003 1.18670066 5.01267315 1.6007036  2.2278117 ]", "nit": "31"}, "22": {"maxiter": 1000, "gtol": 1e-10, "xrtol": 1e-10, "eps": 1e-05, "duration": 0.07281303405761719, "fun": "0.408588795859088", "jac": "[-4.10782519e-10  2.69784195e-09 -2.42028619e-09  1.12132525e-09\n -3.10862447e-10  9.99200722e-10]", "hess_inv": "[[ 4.04595781 -0.25775383  0.06586944  0.54476887  0.98545419 -0.61723381]\n [-0.25775383  4.70073884  1.85921113 -0.76023447 -1.07225393  0.5297588 ]\n [ 0.06586944  1.85921113  5.01992054 -0.16352093 -0.89451327  0.43552953]\n [ 0.54476887 -0.76023447 -0.16352093  4.79876282 -0.09407731  0.48799926]\n [ 0.98545419 -1.07225393 -0.89451327 -0.09407731  4.71556298 -1.85753355]\n [-0.61723381  0.5297588   0.43552953  0.48799926 -1.85753355  4.57282443]]", "nfev": "418", "njev": "58", "status": "2", "success": "False", "message": "Desired error not necessarily achieved due to precision loss.", "x": "[4.32089229 5.95296232 1.1866927  5.01267102 1.60071017 2.22780161]", "nit": "32"}, "23": {"maxiter": 1000, "gtol": 1e-10, "xrtol": 1e-10, "eps": 1e-10, "duration": 0.0624239444732666, "fun": "0.40858879584429275", "jac": "[0.00000000e+00 0.00000000e+00 0.00000000e+00 0.00000000e+00\n 2.22044587e-06 2.22044587e-06]", "hess_inv": "[[ 1.53597059  0.11762855 -0.13001864 -0.20940721  0.36224515 -1.18882181]\n [ 0.11762855  8.95132655  2.74562825 -2.30582178  1.88053282 -6.41453314]\n [-0.13001864  2.74562825  5.17383377 -0.8436068   0.21559675 -1.52330028]\n [-0.20940721 -2.30582178 -0.8436068   5.00205551 -0.80753264  2.06500522]\n [ 0.36224515  1.88053282  0.21559675 -0.80753264  3.64885733 -4.76968189]\n [-1.18882181 -6.41453314 -1.52330028  2.06500522 -4.76968189  8.57085095]]", "nfev": "357", "njev": "51", "status": "2", "success": "False", "message": "Desired error not necessarily achieved due to precision loss.", "x": "[4.32090037 5.95296813 1.1867034  5.01267789 1.60071631 2.22780994]", "nit": "35"}}, "cobyla": {"0": {"maxiter": 100, "tol": 1e-05, "catol": 1e-05, "duration": 0.016819000244140625, "x": "[4.32058543 5.95229573 1.18617368 5.01254256 1.60098282 2.22760303]", "status": "2", "success": "False", "message": "Maximum number of function evaluations has been exceeded.", "nfev": "100", "fun": "0.40858887408923494", "maxcv": "0.0"}, "1": {"maxiter": 100, "tol": 1e-05, "catol": 1e-10, "duration": 0.016746997833251953, "x": "[4.32058543 5.95229573 1.18617368 5.01254256 1.60098282 2.22760303]", "status": "2", "success": "False", "message": "Maximum number of function evaluations has been exceeded.", "nfev": "100", "fun": "0.40858887408923494", "maxcv": "0.0"}, "2": {"maxiter": 100, "tol": 1e-10, "catol": 1e-05, "duration": 0.016770124435424805, "x": "[4.32058543 5.95229573 1.18617368 5.01254256 1.60098282 2.22760303]", "status": "2", "success": "False", "message": "Maximum number of function evaluations has been exceeded.", "nfev": "100", "fun": "0.40858887408923494", "maxcv": "0.0"}, "3": {"maxiter": 100, "tol": 1e-10, "catol": 1e-10, "duration": 0.016904830932617188, "x": "[4.32058543 5.95229573 1.18617368 5.01254256 1.60098282 2.22760303]", "status": "2", "success": "False", "message": "Maximum number of function evaluations has been exceeded.", "nfev": "100", "fun": "0.40858887408923494", "maxcv": "0.0"}, "4": {"maxiter": 500, "tol": 1e-05, "catol": 1e-05, "duration": 0.02487802505493164, "x": "[4.3209053  5.95295855 1.186694   5.01267832 1.60072233 2.22779926]", "status": "1", "success": "True", "message": "Optimization terminated successfully.", "nfev": "149", "fun": "0.408588795858957", "maxcv": "0.0"}, "5": {"maxiter": 500, "tol": 1e-05, "catol": 1e-10, "duration": 0.02491283416748047, "x": "[4.3209053  5.95295855 1.186694   5.01267832 1.60072233 2.22779926]", "status": "1", "success": "True", "message": "Optimization terminated successfully.", "nfev": "149", "fun": "0.408588795858957", "maxcv": "0.0"}, "6": {"maxiter": 500, "tol": 1e-10, "catol": 1e-05, "duration": 0.041895389556884766, "x": "[4.32089861 5.95296877 1.18670047 5.01267654 1.60071288 2.22780608]", "status": "1", "success": "True", "message": "Optimization terminated successfully.", "nfev": "251", "fun": "0.4085887958379013", "maxcv": "0.0"}, "7": {"maxiter": 500, "tol": 1e-10, "catol": 1e-10, "duration": 0.04187583923339844, "x": "[4.32089861 5.95296877 1.18670047 5.01267654 1.60071288 2.22780608]", "status": "1", "success": "True", "message": "Optimization terminated successfully.", "nfev": "251", "fun": "0.4085887958379013", "maxcv": "0.0"}, "8": {"maxiter": 1000, "tol": 1e-05, "catol": 1e-05, "duration": 0.02484917640686035, "x": "[4.3209053  5.95295855 1.186694   5.01267832 1.60072233 2.22779926]", "status": "1", "success": "True", "message": "Optimization terminated successfully.", "nfev": "149", "fun": "0.408588795858957", "maxcv": "0.0"}, "9": {"maxiter": 1000, "tol": 1e-05, "catol": 1e-10, "duration": 0.024852991104125977, "x": "[4.3209053  5.95295855 1.186694   5.01267832 1.60072233 2.22779926]", "status": "1", "success": "True", "message": "Optimization terminated successfully.", "nfev": "149", "fun": "