{"date": "2024/07/19/, 19:19:42", "conf_id": 290, "data_type": "var_s_rank\n", "num_data_points": 3, "s_rank": 0, "unitary": "[[-0.45070455-0.02711853j,0.78437395-0.06613086j,0.06358678+0.19963393j,-0.07343613+0.35668523j],[-0.01890143-0.03813363j,0.32408202+0.25557629j,0.05872864-0.68979805j,0.55466693-0.20227297j],[-0.11215405+0.64023111j,-0.13344055+0.29565494j,-0.49012687-0.19046288j,-0.04241254+0.44046348j],[0.55771659+0.24656916j,0.31851997-0.05798805j,0.28761525-0.34294258j,-0.56718418+0.03616933j]]", "databatch_0": {"databatch": "[[[0.1129682-0.19254793j,-0.14157748-0.03191145j,-0.26772642+0.24599348j,0.08296277+0.14260518j],[0.10945859+0.13003813j,0.00118124+0.14383255j,-0.10954091+0.35742189j,0.33440833-0.08140425j],[-0.08029914-0.02998095j,0.03342577+0.14131749j,0.12658932+0.0728699j,0.13665279-0.03208738j],[0.0128867-0.29265941j,-0.33595349-0.0261805j,0.23007733+0.12301073j,-0.28718378+0.20621708j]],[[0.12550981+0.07732493j,0.14565986+0.21817266j,-0.02198405+0.08926192j,-0.14492192+0.06621853j],[0.20262879+0.08165371j,0.16169831+0.00798706j,-0.20822683+0.1277818j,0.11114154+0.14612589j],[-0.20681998-0.07031922j,-0.12009783+0.17337131j,-0.02669392+0.25155124j,-0.21177947-0.25365506j],[0.16334615-0.24389837j,0.46431984+0.05534946j,-0.27867587-0.06366109j,-0.04639858+0.23283686j]],[[0.11528627+0.20788932j,0.01756731-0.08242154j,0.18902689-0.02176106j,-0.23031287+0.07808392j],[-0.32074519-0.05967301j,0.26229698+0.33770055j,0.02679755+0.20929955j,-0.03104037-0.30159539j],[0.25559236-0.05179133j,0.04465516-0.03964081j,0.04567287+0.1957265j,0.06195295-0.05011643j],[0.21249484+0.34507832j,-0.29429531+0.01685467j,0.03410504+0.14612156j,-0.15234029+0.01211763j]]]", "initial param values": "[4.76291964,3.39705949,1.04463047,1.22677593,0.84045204,2.60291733]", "nelder_mead": {"type": "gradient-free", "0": {"maxiter": 100, "fatol": 1e-05, "xatol": 1e-05, "duration": 0.025030136108398438, "fun": "0.7227681939553992", "nit": "100", "nfev": "146", "status": "2", "success": "False", "message": "Maximum number of iterations has been exceeded.", "x": "[ 4.49820021  4.0565106   1.02112619  1.73884765 -0.45375061  2.92752346]", "final_simplex": "(array([[ 4.49820021,  4.0565106 ,  1.02112619,  1.73884765, -0.45375061,\n         2.92752346],\n       [ 4.39058115,  4.27838273,  0.79796834,  1.67301175, -0.53062833,\n         3.02211056],\n       [ 4.66368842,  4.16465061,  0.74176047,  1.55906949, -0.20472941,\n         2.94124944],\n       [ 4.27779861,  4.1635896 ,  0.95518444,  1.53757719, -0.50098895,\n         2.88232817],\n       [ 4.95496527,  4.09993774,  0.70614156,  1.38832968, -0.21491853,\n         2.81331511],\n       [ 4.75601944,  4.15708059,  0.63474889,  1.43281919, -0.30280762,\n         2.97728463],\n       [ 4.63539672,  3.90621171,  0.85177847,  1.54483398, -0.22682084,\n         2.86308582]]), array([0.72276819, 0.72681584, 0.73067075, 0.732205  , 0.73225011,\n       0.73264798, 0.73325744]))"}, "1": {"maxiter": 100, "fatol": 1e-05, "xatol": 1e-10, "duration": 0.024955034255981445, "fun": "0.7227681939553992", "nit": "100", "nfev": "146", "status": "2", "success": "False", "message": "Maximum number of iterations has been exceeded.", "x": "[ 4.49820021  4.0565106   1.02112619  1.73884765 -0.45375061  2.92752346]", "final_simplex": "(array([[ 4.49820021,  4.0565106 ,  1.02112619,  1.73884765, -0.45375061,\n         2.92752346],\n       [ 4.39058115,  4.27838273,  0.79796834,  1.67301175, -0.53062833,\n         3.02211056],\n       [ 4.66368842,  4.16465061,  0.74176047,  1.55906949, -0.20472941,\n         2.94124944],\n       [ 4.27779861,  4.1635896 ,  0.95518444,  1.53757719, -0.50098895,\n         2.88232817],\n       [ 4.95496527,  4.09993774,  0.70614156,  1.38832968, -0.21491853,\n         2.81331511],\n       [ 4.75601944,  4.15708059,  0.63474889,  1.43281919, -0.30280762,\n         2.97728463],\n       [ 4.63539672,  3.90621171,  0.85177847,  1.54483398, -0.22682084,\n         2.86308582]]), array([0.72276819, 0.72681584, 0.73067075, 0.732205  , 0.73225011,\n       0.73264798, 0.73325744]))"}, "2": {"maxiter": 100, "fatol": 1e-10, "xatol": 1e-05, "duration": 0.025005102157592773, "fun": "0.7227681939553992", "nit": "100", "nfev": "146", "status": "2", "success": "False", "message": "Maximum number of iterations has been exceeded.", "x": "[ 4.49820021  4.0565106   1.02112619  1.73884765 -0.45375061  2.92752346]", "final_simplex": "(array([[ 4.49820021,  4.0565106 ,  1.02112619,  1.73884765, -0.45375061,\n         2.92752346],\n       [ 4.39058115,  4.27838273,  0.79796834,  1.67301175, -0.53062833,\n         3.02211056],\n       [ 4.66368842,  4.16465061,  0.74176047,  1.55906949, -0.20472941,\n         2.94124944],\n       [ 4.27779861,  4.1635896 ,  0.95518444,  1.53757719, -0.50098895,\n         2.88232817],\n       [ 4.95496527,  4.09993774,  0.70614156,  1.38832968, -0.21491853,\n         2.81331511],\n       [ 4.75601944,  4.15708059,  0.63474889,  1.43281919, -0.30280762,\n         2.97728463],\n       [ 4.63539672,  3.90621171,  0.85177847,  1.54483398, -0.22682084,\n         2.86308582]]), array([0.72276819, 0.72681584, 0.73067075, 0.732205  , 0.73225011,\n       0.73264798, 0.73325744]))"}, "3": {"maxiter": 100, "fatol": 1e-10, "xatol": 1e-10, "duration": 0.025013208389282227, "fun": "0.7227681939553992", "nit": "100", "nfev": "146", "status": "2", "success": "False", "message": "Maximum number of iterations has been exceeded.", "x": "[ 4.49820021  4.0565106   1.02112619  1.73884765 -0.45375061  2.92752346]", "final_simplex": "(array([[ 4.49820021,  4.0565106 ,  1.02112619,  1.73884765, -0.45375061,\n         2.92752346],\n       [ 4.39058115,  4.27838273,  0.79796834,  1.67301175, -0.53062833,\n         3.02211056],\n       [ 4.66368842,  4.16465061,  0.74176047,  1.55906949, -0.20472941,\n         2.94124944],\n       [ 4.27779861,  4.1635896 ,  0.95518444,  1.53757719, -0.50098895,\n         2.88232817],\n       [ 4.95496527,  4.09993774,  0.70614156,  1.38832968, -0.21491853,\n         2.81331511],\n       [ 4.75601944,  4.15708059,  0.63474889,  1.43281919, -0.30280762,\n         2.97728463],\n       [ 4.63539672,  3.90621171,  0.85177847,  1.54483398, -0.22682084,\n         2.86308582]]), array([0.72276819, 0.72681584, 0.73067075, 0.732205  , 0.73225011,\n       0.73264798, 0.73325744]))"}, "4": {"maxiter": 500, "fatol": 1e-05, "xatol": 1e-05, "duration": 0.1322498321533203, "fun": "0.33668836028730975", "nit": "500", "nfev": "773", "status": "2", "success": "False", "message": "Maximum number of iterations has been exceeded.", "x": "[ 4.90752342  4.38897409  3.13639596  1.59592869 -2.20427692 -1.12421729]", "final_simplex": "(array([[ 4.90752342,  4.38897409,  3.13639596,  1.59592869, -2.20427692,\n        -1.12421729],\n       [ 4.90758961,  4.38888206,  3.13639977,  1.59589282, -2.20429504,\n        -1.12413999],\n       [ 4.90759633,  4.38897626,  3.13644257,  1.59588929, -2.20424604,\n        -1.12398815],\n       [ 4.90758009,  4.38898983,  3.13647672,  1.59580492, -2.20424087,\n        -1.12404371],\n       [ 4.90760241,  4.38903298,  3.13650261,  1.59600068, -2.20433454,\n        -1.12402974],\n       [ 4.90765129,  4.38898988,  3.13643016,  1.59599437, -2.20413652,\n        -1.12399515],\n       [ 4.90740484,  4.38882542,  3.13650396,  1.5960243 , -2.20440657,\n        -1.12411033]]), array([0.33668836, 0.33668836, 0.33668836, 0.33668836, 0.33668836,\n       0.33668836, 0.33668836]))"}, "5": {"maxiter": 500, "fatol": 1e-05, "xatol": 1e-10, "duration": 0.13255906105041504, "fun": "0.33668836028730975", "nit": "500", "nfev": "773", "status": "2", "success": "False", "message": "Maximum number of iterations has been exceeded.", "x": "[ 4.90752342  4.38897409  3.13639596  1.59592869 -2.20427692 -1.12421729]", "final_simplex": "(array([[ 4.90752342,  4.38897409,  3.13639596,  1.59592869, -2.20427692,\n        -1.12421729],\n       [ 4.90758961,  4.38888206,  3.13639977,  1.59589282, -2.20429504,\n        -1.12413999],\n       [ 4.90759633,  4.38897626,  3.13644257,  1.59588929, -2.20424604,\n        -1.12398815],\n       [ 4.90758009,  4.38898983,  3.13647672,  1.59580492, -2.20424087,\n        -1.12404371],\n       [ 4.90760241,  4.38903298,  3.13650261,  1.59600068, -2.20433454,\n        -1.12402974],\n       [ 4.90765129,  4.38898988,  3.13643016,  1.59599437, -2.20413652,\n        -1.12399515],\n       [ 4.90740484,  4.38882542,  3.13650396,  1.5960243 , -2.20440657,\n        -1.12411033]]), array([0.33668836, 0.33668836, 0.33668836, 0.33668836, 0.33668836,\n       0.33668836, 0.33668836]))"}, "6": {"maxiter": 500, "fatol": 1e-10, "xatol": 1e-05, "duration": 0.1322948932647705, "fun": "0.33668836028730975", "nit": "500", "nfev": "773", "status": "2", "success": "False", "message": "Maximum number of iterations has been exceeded.", "x": "[ 4.90752342  4.38897409  3.13639596  1.59592869 -2.20427692 -1.12421729]", "final_simplex": "(array([[ 4.90752342,  4.38897409,  3.13639596,  1.59592869, -2.20427692,\n        -1.12421729],\n       [ 4.90758961,  4.38888206,  3.13639977,  1.59589282, -2.20429504,\n        -1.12413999],\n       [ 4.90759633,  4.38897626,  3.13644257,  1.59588929, -2.20424604,\n        -1.12398815],\n       [ 4.90758009,  4.38898983,  3.13647672,  1.59580492, -2.20424087,\n        -1.12404371],\n       [ 4.90760241,  4.38903298,  3.13650261,  1.59600068, -2.20433454,\n        -1.12402974],\n       [ 4.90765129,  4.38898988,  3.13643016,  1.59599437, -2.20413652,\n        -1.12399515],\n       [ 4.90740484,  4.38882542,  3.13650396,  1.5960243 , -2.20440657,\n        -1.12411033]]), array([0.33668836, 0.33668836, 0.33668836, 0.33668836, 0.33668836,\n       0.33668836, 0.33668836]))"}, "7": {"maxiter": 500, "fatol": 1e-10, "xatol": 1e-10, "duration": 0.13231325149536133, "fun": "0.33668836028730975", "nit": "500", "nfev": "773", "status": "2", "success": "False", "message": "Maximum number of iterations has been exceeded.", "x": "[ 4.90752342  4.38897409  3.13639596  1.59592869 -2.20427692 -1.12421729]", "final_simplex": "(array([[ 4.90752342,  4.38897409,  3.13639596,  1.59592869, -2.20427692,\n        -1.12421729],\n       [ 4.90758961,  4.38888206,  3.13639977,  1.59589282, -2.20429504,\n        -1.12413999],\n       [ 4.90759633,  4.38897626,  3.13644257,  1.59588929, -2.20424604,\n        -1.12398815],\n       [ 4.90758009,  4.38898983,  3.13647672,  1.59580492, -2.20424087,\n        -1.12404371],\n       [ 4.90760241,  4.38903298,  3.13650261,  1.59600068, -2.20433454,\n        -1.12402974],\n       [ 4.90765129,  4.38898988,  3.13643016,  1.59599437, -2.20413652,\n        -1.12399515],\n       [ 4.90740484,  4.38882542,  3.13650396,  1.5960243 , -2.20440657,\n        -1.12411033]]), array([0.33668836, 0.33668836, 0.33668836, 0.33668836, 0.33668836,\n       0.33668836, 0.33668836]))"}, "8": {"maxiter": 1000, "fatol": 1e-05, "xatol": 1e-05, "duration": 0.14902305603027344, "fun": "0.3366883578388812", "nit": "566", "nfev": "878", "status": "0", "success": "True", "message": "Optimization terminated successfully.", "x": "[ 4.9075549   4.38896108  3.13647182  1.5959307  -2.20429685 -1.12412946]", "final_simplex": "(array([[ 4.9075549 ,  4.38896108,  3.13647182,  1.5959307 , -2.20429685,\n        -1.12412946],\n       [ 4.90755195,  4.38897013,  3.13646989,  1.5959248 , -2.20429936,\n        -1.1241249 ],\n       [ 4.9075499 ,  4.38896634,  3.13647187,  1.59593254, -2.2043022 ,\n        -1.12413109],\n       [ 4.90755303,  4.38897087,  3.13646743,  1.59592347, -2.20429881,\n        -1.12413188],\n       [ 4.9075544 ,  4.38896935,  3.13647488,  1.59592668, -2.20429715,\n        -1.12413726],\n       [ 4.90754953,  4.3889634 ,  3.13647121,  1.5959292 , -2.20429442,\n        -1.12412845],\n       [ 4.90754501,  4.38896366,  3.13647471,  1.59592329, -2.20430323,\n        -1.12412972]]), array([0.33668836, 0.33668836, 0.33668836, 0.33668836, 0.33668836,\n       0.33668836, 0.33668836]))"}, "9": {"maxiter": 1000, "fatol": 1e-05, "xatol": 1e-10, "duration": 0.1922168731689453, "fun": "0.336688357833128", "nit": "693", "nfev": "1139", "status": "0", "success": "True", "message": "Optimization terminated successfully.", "x": "[ 4.90755634  4.3889617   3.13647439  1.59592648 -2.20430025 -1.12413157]", "final_simplex": "(array([[ 4.90755634,  4.3889617 ,  3.13647439,  1.59592648, -2.20430025,\n        -1.12413157],\n       [ 4.90755634,  4.3889617 ,  3.13647439,  1.59592648, -2.20430025,\n        -1.12413157],\n       [ 4.90755634,  4.3889617 ,  3.13647439,  1.59592648, -2.20430025,\n        -1.12413157],\n       [ 4.90755634,  4.3889617 ,  3.13647439,  1.59592648, -2.20430025,\n        -1.12413157],\n       [ 4.90755634,  4.3889617 ,  3.13647439,  1.59592648, -2.20430025,\n        -1.12413157],\n       [ 4.90755634,  4.3889617 ,  3.13647439,  1.59592648, -2.20430025,\n        -1.12413157],\n       [ 4.90755634,  4.3889617 ,  3.13647439,  1.59592648, -2.20430025,\n        -1.12413157]]), array([0.33668836, 0.33668836, 0.33668836, 0.33668836, 0.33668836,\n       0.33668836, 0.33668836]))"}, "10": {"maxiter": 1000, "fatol": 1e-10, "xatol": 1e-05, "duration": 0.14830684661865234, "fun": "0.3366883578388812", "nit": "566", "nfev": "878", "status": "0", "success": "True", "message": "Optimization terminated successfully.", "x": "[ 4.9075549   4.38896108  3.13647182  1.5959307  -2.20429685 -1.12412946]", "final_simplex": "(array([[ 4.9075549 ,  4.38896108,  3.13647182,  1.5959307 , -2.20429685,\n        -1.12412946],\n       [ 4.90755195,  4.38897013,  3.13646989,  1.5959248 , -2.20429936,\n        -1.1241249 ],\n       [ 4.9075499 ,  4.38896634,  3.13647187,  1.59593254, -2.2043022 ,\n        -1.12413109],\n       [ 4.90755303,  4.38897087,  3.13646743,  1.59592347, -2.20429881,\n        -1.12413188],\n       [ 4.9075544 ,  4.38896935,  3.13647488,  1.59592668, -2.20429715,\n        -1.12413726],\n       [ 4.90754953,  4.3889634 ,  3.13647121,  1.5959292 , -2.20429442,\n        -1.12412845],\n       [ 4.90754501,  4.38896366,  3.13647471,  1.59592329, -2.20430323,\n        -1.12412972]]), array([0.33668836, 0.33668836, 0.33668836, 0.33668836, 0.33668836,\n       0.33668836, 0.33668836]))"}, "11": {"maxiter": 1000, "fatol": 1e-10, "xatol": 1e-10, "duration": 0.19195175170898438, "fun": "0.336688357833128", "nit": "693", "nfev": "1139", "status": "0", "success": "True", "message": "Optimization terminated successfully.", "x": "[ 4.90755634  4.3889617   3.13647439  1.59592648 -2.20430025 -1.12413157]", "final_simplex": "(array([[ 4.90755634,  4.3889617 ,  3.13647439,  1.59592648, -2.20430025,\n        -1.12413157],\n       [ 4.90755634,  4.3889617 ,  3.13647439,  1.59592648, -2.20430025,\n        -1.12413157],\n       [ 4.90755634,  4.3889617 ,  3.13647439,  1.59592648, -2.20430025,\n        -1.12413157],\n       [ 4.90755634,  4.3889617 ,  3.13647439,  1.59592648, -2.20430025,\n        -1.12413157],\n       [ 4.90755634,  4.3889617 ,  3.13647439,  1.59592648, -2.20430025,\n        -1.12413157],\n       [ 4.90755634,  4.3889617 ,  3.13647439,  1.59592648, -2.20430025,\n        -1.12413157],\n       [ 4.90755634,  4.3889617 ,  3.13647439,  1.59592648, -2.20430025,\n        -1.12413157]]), array([0.33668836, 0.33668836, 0.33668836, 0.33668836, 0.33668836,\n       0.33668836, 0.33668836]))"}}, "bfgs": {"type": "gradient", "0": {"maxiter": 100, "gtol": 1e-05, "xrtol": 1e-05, "eps": 1e-05, "duration": 0.057897090911865234, "fun": "0.33668835821931087", "jac": "[-9.19435639e-06  2.41440201e-07 -5.67871306e-06 -4.94559949e-07\n -4.65203431e-06  4.71622741e-08]", "hess_inv": "[[ 3.27824687  0.25680138 -0.42944079 -0.3047088   0.79641152  0.23433967]\n [ 0.25680138  4.50959944 -0.72488819 -1.75391211 -0.16665978  0.70366393]\n [-0.42944079 -0.72488819  3.38425778  0.39324716 -0.78441909 -0.73246039]\n [-0.3047088  -1.75391211  0.39324716  3.99848816  0.04915683 -0.15064934]\n [ 0.79641152 -0.16665978 -0.78441909  0.04915683  3.5763016   0.50087833]\n [ 0.23433967  0.70366393 -0.73246039 -0.15064934  0.50087833  4.08941089]]", "nfev": "336", "njev": "48", "status": "0", "success": "True", "message": "Optimization terminated successfully.", "x": "[ 4.90751556  4.38896293  3.1364558   1.59592145 -2.20432901 -1.12413879]", "nit": "35"}, "1": {"maxiter": 100, "gtol": 1e-05, "xrtol": 1e-05, "eps": 1e-10, "duration": 0.05773210525512695, "fun": "0.33668835812186815", "jac": "[-8.88178346e-06 -3.33066880e-06 -6.66133760e-06  1.11022293e-06\n -4.44089173e-06 -1.11022293e-06]", "hess_inv": "[[ 3.29389182  0.25724189 -0.39419249 -0.26082019  0.8014313   0.19783794]\n [ 0.25724189  4.49981887 -0.76074982 -1.81134084 -0.16860495  0.7235656 ]\n [-0.39419249 -0.76074982  3.37100322  0.38920803 -0.78646831 -0.76712906]\n [-0.26082019 -1.81134084  0.38920803  4.07602866  0.06719889 -0.20592061]\n [ 0.8014313  -0.16860495 -0.78646831  0.06719889  3.59035582  0.48134399]\n [ 0.19783794  0.7235656  -0.76712906 -0.20592061  0.48134399  4.12619363]]", "nfev": "336", "njev": "48", "status": "0", "success": "True", "message": "Optimization terminated successfully.", "x": "[ 4.90752348  4.38894899  3.13645828  1.59593542 -2.204322   -1.12414571]", "nit": "35"}, "2": {"maxiter": 100, "gtol": 1e-05, "xrtol": 1e-10, "eps": 1e-05, "duration": 0.05827903747558594, "fun": "0.33668835821931087", "jac": "[-9.19435639e-06  2.41440201e-07 -5.67871306e-06 -4.94559949e-07\n -4.65203431e-06  4.71622741e-08]", "hess_inv": "[[ 3.27824687  0.25680138 -0.42944079 -0.3047088   0.79641152  0.23433967]\n [ 0.25680138  4.50959944 -0.72488819 -1.75391211 -0.16665978  0.70366393]\n [-0.42944079 -0.72488819  3.38425778  0.39324716 -0.78441909 -0.73246039]\n [-0.3047088  -1.75391211  0.39324716  3.99848816  0.04915683 -0.15064934]\n [ 0.79641152 -0.16665978 -0.78441909  0.04915683  3.5763016   0.50087833]\n [ 0.23433967  0.70366393 -0.73246039 -0.15064934  0.50087833  4.08941089]]", "nfev": "336", "njev": "48", "status": "0", "success": "True", "message": "Optimization terminated successfully.", "x": "[ 4.90751556  4.38896293  3.1364558   1.59592145 -2.20432901 -1.12413879]", "nit": "35"}, "3": {"maxiter": 100, "gtol": 1e-05, "xrtol": 1e-10, "eps": 1e-10, "duration": 0.058365821838378906, "fun": "0.33668835812186815", "jac": "[-8.88178346e-06 -3.33066880e-06 -6.66133760e-06  1.11022293e-06\n -4.44089173e-06 -1.11022293e-06]", "hess_inv": "[[ 3.29389182  0.25724189 -0.39419249 -0.26082019  0.8014313   0.19783794]\n [ 0.25724189  4.49981887 -0.76074982 -1.81134084 -0.16860495  0.7235656 ]\n [-0.39419249 -0.76074982  3.37100322  0.38920803 -0.78646831 -0.76712906]\n [-0.26082019 -1.81134084  0.38920803  4.07602866  0.06719889 -0.20592061]\n [ 0.8014313  -0.16860495 -0.78646831  0.06719889  3.59035582  0.48134399]\n [ 0.19783794  0.7235656  -0.76712906 -0.20592061  0.48134399  4.12619363]]", "nfev": "336", "njev": "48", "status": "0", "success": "True", "message": "Optimization terminated successfully.", "x": "[ 4.90752348  4.38894899  3.13645828  1.59593542 -2.204322   -1.12414571]", "nit": "35"}, "4": {"maxiter": 100, "gtol": 1e-10, "xrtol": 1e-05, "eps": 1e-05, "duration": 0.05978798866271973, "fun": "0.3366883578740053", "jac": "[-7.05668857e-07  5.66213743e-08 -1.19273480e-06  4.51638726e-08\n -5.58530999e-07 -4.80548934e-07]", "hess_inv": "[[ 3.25821127  0.27636904 -0.41765569 -0.320892    0.80798591  0.19043006]\n [ 0.27636904  4.50384841 -0.72075559 -1.75001599 -0.15861604  0.71128681]\n [-0.41765569 -0.72075559  3.39564105  0.38882215 -0.76857337 -0.74791888]\n [-0.320892   -1.75001599  0.38882215  3.99603273  0.04125858 -0.15468335]\n [ 0.80798591 -0.15861604 -0.76857337  0.04125858  3.59763525  0.47517819]\n [ 0.19043006  0.71128681 -0.74791888 -0.15468335  0.47517819  4.08624741]]", "nfev": "343", "njev": "49", "status": "0", "success": "True", "message": "Optimization terminated successfully.", "x": "[ 4.90754667  4.38895865  3.13646807  1.5959233  -2.20430917 -1.12413951]", "nit": "36"}, "5": {"maxiter": 100, "gtol": 1e-10, "xrtol": 1e-05, "eps": 1e-10, "duration": 0.06040501594543457, "fun": "0.33668835784902995", "jac": "[ 1.11022293e-06  1.11022293e-06 -1.11022293e-06  0.00000000e+00\n  0.00000000e+00 -1.11022293e-06]", "hess_inv": "[[ 3.2756743   0.267524   -0.38024395 -0.26888005  0.81201463  0.15704681]\n [ 0.267524    4.51138356 -0.749238   -1.81987899 -0.15505906  0.71158667]\n [-0.38024395 -0.749238    3.38195839  0.38077252 -0.77278614 -0.77496227]\n [-0.26888005 -1.81987899  0.38077252  4.0823243   0.05717302 -0.1975929 ]\n [ 0.81201463 -0.15505906 -0.77278614  0.05717302  3.60614439  0.46570418]\n [ 0.15704681  0.71158667 -0.77496227 -0.1975929   0.46570418  4.10539672]]", "nfev": "343", "njev": "49", "status": "0", "success": "True", "message": "Optimization terminated successfully.", "x": "[ 4.90755501  4.38896352  3.13647022  1.59592501 -2.20430398 -1.12414027]", "nit": "36"}, "6": {"maxiter": 100, "gtol": 1e-10, "xrtol": 1e-10, "eps": 1e-05, "duration": 0.08217191696166992, "fun": "0.336688357855185", "jac": "[ 3.28626015e-09  1.44328993e-09 -1.92068583e-09  1.84297022e-09\n  2.77555756e-10 -1.43218770e-09]", "hess_inv": "[[ 3.33362383  0.17349945 -0.14431017 -0.23277899  0.88643697  0.25905794]\n [ 0.17349945  4.42251184 -0.62776013 -1.688453   -0.21138325  0.68433732]\n [-0.14431017 -0.62776013  3.40483573  0.22480388 -0.57748724 -0.61925663]\n [-0.23277899 -1.688453    0.22480388  4.07576454  0.04284735 -0.24804116]\n [ 0.88643697 -0.21138325 -0.57748724  0.04284735  3.67945045  0.55892887]\n [ 0.25905794  0.68433732 -0.61925663 -0.24804116  0.55892887  4.17276231]]", "nfev": "473", "njev": "66", "status": "2", "success": "False", "message": "Desired error not necessarily achieved due to precision loss.", "x": "[ 4.9075495   4.38895808  3.13647141  1.59592323 -2.20430689 -1.12413778]", "nit": "38"}, "7": {"maxiter": 100, "gtol": 1e-10, "xrtol": 1e-10, "eps": 1e-10, "duration": 0.0823049545288086, "fun": "0.33668835783755025", "jac": "[-1.11022293e-06 -1.11022293e-06 -2.22044587e-06 -1.11022293e-06\n  0.00000000e+00 -1.11022293e-06]", "hess_inv": "[[ 38.82912373  34.22593038 -23.16364035 -30.53040594  48.08849084\n   55.266162  ]\n [ 34.22593038  33.27864777 -22.3528667  -28.14617121  46.07308784\n   52.2395799 ]\n [-23.16364035 -22.3528667   15.87930251  18.69994603 -30.8692354\n  -35.46173229]\n [-30.53040594 -28.14617121  18.69994603  24.96182517 -39.47703071\n  -45.70890486]\n [ 48.08849084  46.07308784 -30.8692354  -39.47703071  65.20802455\n   73.09316512]\n [ 55.266162    52.2395799  -35.46173229 -45.70890486  73.09316512\n   87.23226574]]", "nfev": "476", "njev": "68", "status": "0", "success": "True", "message": "Optimization terminated successfully.", "x": "[ 4.90755576  4.38896235  3.1364696   1.59592483 -2.20429919 -1.12412863]", "nit": "41"}, "8": {"maxiter": 500, "gtol": 1e-05, "xrtol": 1e-05, "eps": 1e-05, "duration": 0.058397769927978516, "fun": "0.33668835821931087", "jac": "[-9.19435639e-06  2.41440201e-07 -5.67871306e-06 -4.94559949e-07\n -4.65203431e-06  4.71622741e-08]", "hess_inv": "[[ 3.27824687  0.25680138 -0.42944079 -0.3047088   0.79641152  0.23433967]\n [ 0.25680138  4.50959944 -0.72488819 -1.75391211 -0.16665978  0.70366393]\n [-0.42944079 -0.72488819  3.38425778  0.39324716 -0.78441909 -0.73246039]\n [-0.3047088  -1.75391211  0.39324716  3.99848816  0.04915683 -0.15064934]\n [ 0.79641152 -0.16665978 -0.78441909  0.04915683  3.5763016   0.50087833]\n [ 0.23433967  0.70366393 -0.73246039 -0.15064934  0.50087833  4.08941089]]", "nfev": "336", "njev": "48", "status": "0", "success": "True", "message": "Optimization terminated successfully.", "x": "[ 4.90751556  4.38896293  3.1364558   1.59592145 -2.20432901 -1.12413879]", "nit": "35"}, "9": {"maxiter": 500, "gtol": 1e-05, "xrtol": 1e-05, "eps": 1e-10, "duration": 0.05838608741760254, "fun": "0.33668835812186815", "jac": "[-8.88178346e-06 -3.33066880e-06 -6.66133760e-06  1.11022293e-06\n -4.44089173e-06 -1.11022293e-06]", "hess_inv": "[[ 3.29389182  0.25724189 -0.39419249 -0.26082019  0.8014313   0.19783794]\n [ 0.25724189  4.49981887 -0.76074982 -1.81134084 -0.16860495  0.7235656 ]\n [-0.39419249 -0.76074982  3.37100322  0.38920803 -0.78646831 -0.76712906]\n [-0.26082019 -1.81134084  0.38920803  4.07602866  0.06719889 -0.20592061]\n [ 0.8014313  -0.16860495 -0.78646831  0.06719889  3.59035582  0.48134399]\n [ 0.19783794  0.7235656  -0.76712906 -0.20592061  0.48134399  4.12619363]]", "nfev": "336", "njev": "48", "status": "0", "success": "True", "message": "Optimization terminated successfully.", "x": "[ 4.90752348  4.38894899  3.13645828  1.59593542 -2.204322   -1.12414571]", "nit": "35"}, "10": {"maxiter": 500, "gtol": 1e-05, "xrtol": 1e-10, "eps": 1e-05, "duration": 0.05844593048095703, "fun": "0.33668835821931087", "jac": "[-9.19435639e-06  2.41440201e-07 -5.67871306e-06 -4.94559949e-07\n -4.65203431e-06  4.71622741e-08]", "hess_inv": "[[ 3.27824687  0.25680138 -0.42944079 -0.3047088   0.79641152  0.23433967]\n [ 0.25680138  4.50959944 -0.72488819 -1.75391211 -0.16665978  0.70366393]\n [-0.42944079 -0.72488819  3.38425778  0.39324716 -0.78441909 -0.73246039]\n [-0.3047088  -1.75391211  0.39324716  3.99848816  0.04915683 -0.15064934]\n [ 0.79641152 -0.16665978 -0.78441909  0.04915683  3.5763016   0.50087833]\n [ 0.23433967  0.70366393 -0.73246039 -0.15064934  0.50087833  4.08941089]]", "nfev": "336", "njev": "48", "status": "0", "success": "True", "message": "Optimization terminated successfully.", "x": "[ 4.90751556  4.38896293  3.1364558   1.59592145 -2.20432901 -1.12413879]", "nit": "35"}, "11": {"maxiter": 500, "gtol": 1e-05, "xrtol": 1e-10, "eps": 1e-10, "duration": 0.05841422080993652, "fun": "0.33668835812186815", "jac": "[-8.88178346e-06 -3.33066880e-06 -6.66133760e-06  1.11022293e-06\n -4.44089173e-06 -1.11022293e-06]", "hess_inv": "[[ 3.29389182  0.25724189 -0.39419249 -0.26082019  0.8014313   0.19783794]\n [ 0.25724189  4.49981887 -0.76074982 -1.81134084 -0.16860495  0.7235656 ]\n [-0.39419249 -0.76074982  3.37100322  0.38920803 -0.78646831 -0.76712906]\n [-0.26082019 -1.81134084  0.38920803  4.07602866  0.06719889 -0.20592061]\n [ 0.8014313  -0.16860495 -0.78646831  0.06719889  3.59035582  0.48134399]\n [ 0.19783794  0.7235656  -0.76712906 -0.20592061  0.48134399  4.12619363]]", "nfev": "336", "njev": "48", "status": "0", "success": "True", "message": "Optimization terminated successfully.", "x": "[ 4.90752348  4.38894899  3.13645828  1.59593542 -2.204322   -1.12414571]", "nit": "35"}, "12": {"maxiter": 500, "gtol": 1e-10, "xrtol": 1e-05, "eps": 1e-05, "duration": 0.05957674980163574, "fun": "0.3366883578740053", "jac": "[-7.05668857e-07  5.66213743e-08 -1.19273480e-06  4.51638726e-08\n -5.58530999e-07 -4.80548934e-07]", "hess_inv": "[[ 3.25821127  0.27636904 -0.41765569 -0.320892    0.80798591  0.19043006]\n [ 0.27636904  4.50384841 -0.72075559 -1.75001599 -0.15861604  0.71128681]\n [-0.41765569 -0.72075559  3.39564105  0.38882215 -0.76857337 -0.74791888]\n [-0.320892   -1.75001599  0.38882215  3.99603273  0.04125858 -0.15468335]\n [ 0.80798591 -0.15861604 -0.76857337  0.04125858  3.59763525  0.47517819]\n [ 0.19043006  0.71128681 -0.74791888 -0.15468335  0.47517819  4.08624741]]", "nfev": "343", "njev": "49", "status": "0", "success": "True", "message": "Optimization terminated successfully.", "x": "[ 4.90754667  4.38895865  3.13646807  1.5959233  -2.20430917 -1.12413951]", "nit": "36"}, "13": {"maxiter": 500, "gtol": 1e-10, "xrtol": 1e-05, "eps": 1e-10, "duration": 0.05962705612182617, "fun": "0.33668835784902995", "jac": "[ 1.11022293e-06  1.11022293e-06 -1.11022293e-06  0.00000000e+00\n  0.00000000e+00 -1.11022293e-06]", "hess_inv": "[[ 3.2756743   0.267524   -0.38024395 -0.26888005  0.81201463  0.15704681]\n [ 0.267524    4.51138356 -0.749238   -1.81987899 -0.15505906  0.71158667]\n [-0.38024395 -0.749238    3.38195839  0.38077252 -0.77278614 -0.77496227]\n [-0.26888005 -1.81987899  0.38077252  4.0823243   0.05717302 -0.1975929 ]\n [ 0.81201463 -0.15505906 -0.77278614  0.05717302  3.60614439  0.46570418]\n [ 0.15704681  0.71158667 -0.77496227 -0.1975929   0.46570418  4.10539672]]", "nfev": "343", "njev": "49", "status": "0", "success": "True", "message": "Optimization terminated successfully.", "x": "[ 4.90755501  4.38896352  3.13647022  1.59592501 -2.20430398 -1.12414027]", "nit": "36"}, "14": {"maxiter": 500, "gtol": 1e-10, "xrtol": 1e-10, "eps": 1e-05, "duration": 0.0822598934173584, "fun": "0.336688357855185", "jac": "[ 3.28626015e-09  1.44328993e-09 -1.92068583e-09  1.84297022e-09\n  2.77555756e-10 -1.43218770e-09]", "hess_inv": "[[ 3.33362383  0.17349945 -0.14431017 -0.23277899  0.88643697  0.25905794]\n [ 0.17349945  4.42251184 -0.62776013 -1.688453   -0.21138325  0.68433732]\n [-0.14431017 -0.62776013  3.40483573  0.22480388 -0.57748724 -0.61925663]\n [-0.23277899 -1.688453    0.22480388  4.07576454  0.04284735 -0.24804116]\n [ 0.88643697 -0.21138325 -0.57748724  0.04284735  3.67945045  0.55892887]\n [ 0.25905794  0.68433732 -0.61925663 -0.24804116  0.55892887  4.17276231]]", "nfev": "473", "njev": "66", "status": "2", "success": "False", "message": "Desired error not necessarily achieved due to precision loss.", "x": "[ 4.9075495   4.38895808  3.13647141  1.59592323 -2.20430689 -1.12413778]", "nit": "38"}, "15": {"maxiter": 500, "gtol": 1e-10, "xrtol": 1e-10, "eps": 1e-10, "duration": 0.08293986320495605, "fun": "0.33668835783755025", "jac": "[-1.11022293e-06 -1.11022293e-06 -2.22044587e-06 -1.11022293e-06\n  0.00000000e+00 -1.11022293e-06]", "hess_inv": "[[ 38.82912373  34.22593038 -23.16364035 -30.53040594  48.08849084\n   55.266162  ]\n [ 34.22593038  33.27864777 -22.3528667  -28.14617121  46.07308784\n   52.2395799 ]\n [-23.16364035 -22.3528667   15.87930251  18.69994603 -30.8692354\n  -35.46173229]\n [-30.53040594 -28.14617121  18.69994603  24.96182517 -39.47703071\n  -45.70890486]\n [ 48.08849084  46.07308784 -30.8692354  -39.47703071  65.20802455\n   73.09316512]\n [ 55.266162    52.2395799  -35.46173229 -45.70890486  73.09316512\n   87.23226574]]", "nfev": "476", "njev": "68", "status": "0", "success": "True", "message": "Optimization terminated successfully.", "x": "[ 4.90755576  4.38896235  3.1364696   1.59592483 -2.20429919 -1.12412863]", "nit": "41"}, "16": {"maxiter": 1000, "gtol": 1e-05, "xrtol": 1e-05, "eps": 1e-05, "duration": 0.05865788459777832, "fun": "0.33668835821931087", "jac": "[-9.19435639e-06  2.41440201e-07 -5.67871306e-06 -4.94559949e-07\n -4.65203431e-06  4.71622741e-08]", "hess_inv": "[[ 3.27824687  0.25680138 -0.42944079 -0.3047088   0.79641152  0.23433967]\n [ 0.25680138  4.50959944 -0.72488819 -1.75391211 -0.16665978  0.70366393]\n [-0.42944079 -0.72488819  3.38425778  0.39324716 -0.78441909 -0.73246039]\n [-0.3047088  -1.75391211  0.39324716  3.99848816  0.04915683 -0.15064934]\n [ 0.79641152 -0.16665978 -0.78441909  0.04915683  3.5763016   0.50087833]\n [ 0.23433967  0.70366393 -0.73246039 -0.15064934  0.50087833  4.08941089]]", "nfev": "336", "njev": "48", "status": "0", "success": "True", "message": "Optimization terminated successfully.", "x": "[ 4.90751556  4.38896293  3.1364558   1.59592145 -2.20432901 -1.12413879]", "nit": "35"}, "17": {"maxiter": 1000, "gtol": 1e-05, "xrtol": 1e-05, "eps": 1e-10, "duration": 0.05857276916503906, "fun": "0.33668835812186815", "jac": "[-8.88178346e-06 -3.33066880e-06 -6.66133760e-06  1.11022293e-06\n -4.44089173e-06 -1.11022293e-06]", "hess_inv": "[[ 3.29389182  0.25724189 -0.39419249 -0.26082019  0.8014313   0.19783794]\n [ 0.25724189  4.49981887 -0.76074982 -1.81134084 -0.16860495  0.7235656 ]\n [-0.39419249 -0.76074982  3.37100322  0.38920803 -0.78646831 -0.76712906]\n [-0.26082019 -1.81134084  0.38920803  4.07602866  0.06719889 -0.20592061]\n [ 0.8014313  -0.16860495 -0.78646831  0.06719889  3.59035582  0.48134399]\n [ 0.19783794  0.7235656  -0.76712906 -0.20592061  0.48134399  4.12619363]]", "nfev": "336", "njev": "48", "status": "0", "success": "True", "message": "Optimization terminated successfully.", "x": "[ 4.90752348  4.38894899  3.13645828  1.59593542 -2.204322   -1.12414571]", "nit": "35"}, "18": {"maxiter": 1000, "gtol": 1e-05, "xrtol": 1e-10, "eps": 1e-05, "duration": 0.05779290199279785, "fun": "0.33668835821931087", "jac": "[-9.19435639e-06  2.41440201e-07 -5.67871306e-06 -4.94559949e-07\n -4.65203431e-06  4.71622741e-08]", "hess_inv": "[[ 3.27824687  0.25680138 -0.42944079 -0.3047088   0.79641152  0.23433967]\n [ 0.25680138  4.50959944 -0.72488819 -1.75391211 -0.16665978  0.70366393]\n [-0.42944079 -0.72488819  3.38425778  0.39324716 -0.78441909 -0.73246039]\n [-0.3047088  -1.75391211  0.39324716  3.99848816  0.04915683 -0.15064934]\n [ 0.79641152 -0.16665978 -0.78441909  0.04915683  3.5763016   0.50087833]\n [ 0.23433967  0.70366393 -0.73246039 -0.15064934  0.50087833  4.08941089]]", "nfev": "336", "njev": "48", "status": "0", "success": "True", "message": "Optimization terminated successfully.", "x": "[ 4.90751556  4.38896293  3.1364558   1.59592145 -2.20432901 -1.12413879]", "nit": "35"}, "19": {"maxiter": 1000, "gtol": 1e-05, "xrtol": 1e-10, "eps": 1e-10, "duration": 0.057740211486816406, "fun": "0.33668835812186815", "jac": "[-8.88178346e-06 -3.33066880e-06 -6.66133760e-06  1.11022293e-06\n -4.44089173e-06 -1.11022293e-06]", "hess_inv": "[[ 3.29389182  0.25724189 -0.39419249 -0.26082019  0.8014313   0.19783794]\n [ 0.25724189  4.49981887 -0.76074982 -1.81134084 -0.16860495  0.7235656 ]\n [-0.39419249 -0.76074982  3.37100322  0.38920803 -0.78646831 -0.76712906]\n [-0.26082019 -1.81134084  0.38920803  4.07602866  0.06719889 -0.20592061]\n [ 0.8014313  -0.16860495 -0.78646831  0.06719889  3.59035582  0.48134399]\n [ 0.19783794  0.7235656  -0.76712906 -0.20592061  0.48134399  4.12619363]]", "nfev": "336", "njev": "48", "status": "0", "success": "True", "message": "Optimization terminated successfully.", "x": "[ 4.90752348  4.38894899  3.13645828  1.59593542 -2.204322   -1.12414571]", "nit": "35"}, "20": {"maxiter": 1000, "gtol": 1e-10, "xrtol": 1e-05, "eps": 1e-05, "duration": 0.05923199653625488, "fun": "0.3366883578740053", "jac": "[-7.05668857e-07  5.66213743e-08 -1.19273480e-06  4.51638726e-08\n -5.58530999e-07 -4.80548934e-07]", "hess_inv": "[[ 3.25821127  0.27636904 -0.41765569 -0.320892    0.80798591  0.19043006]\n [ 0.27636904  4.50384841 -0.72075559 -1.75001599 -0.15861604  0.71128681]\n [-0.41765569 -0.72075559  3.39564105  0.38882215 -0.76857337 -0.74791888]\n [-0.320892   -1.75001599  0.38882215  3.99603273  0.04125858 -0.15468335]\n [ 0.80798591 -0.15861604 -0.76857337  0.04125858  3.59763525  0.47517819]\n [ 0.19043006  0.71128681 -0.74791888 -0.15468335  0.47517819  4.08624741]]", "nfev": "343", "njev": "49", "status": "0", "success": "True", "message": "Optimization terminated successfully.", "x": "[ 4.90754667  4.38895865  3.13646807  1.5959233  -2.20430917 -1.12413951]", "nit": "36"}, "21": {"maxiter": 1000, "gtol": 1e-10, "xrtol": 1e-05, "eps": 1e-10, "duration": 0.05911707878112793, "fun": "0.33668835784902995", "jac": "[ 1.11022293e-06  1.11022293e-06 -1.11022293e-06  0.00000000e+00\n  0.00000000e+00 -1.11022293e-06]", "hess_inv": "[[ 3.2756743   0.267524   -0.38024395 -0.26888005  0.81201463  0.15704681]\n [ 0.267524    4.51138356 -0.749238   -1.81987899 -0.15505906  0.71158667]\n [-0.38024395 -0.749238    3.38195839  0.38077252 -0.77278614 -0.77496227]\n [-0.26888005 -1.81987899  0.38077252  4.0823243   0.05717302 -0.1975929 ]\n [ 0.81201463 -0.15505906 -0.77278614  0.05717302  3.60614439  0.46570418]\n [ 0.15704681  0.71158667 -0.77496227 -0.1975929   0.46570418  4.10539672]]", "nfev": "343", "njev": "49", "status": "0", "success": "True", "message": "Optimization terminated successfully.", "x": "[ 4.90755501  4.38896352  3.13647022  1.59592501 -2.20430398 -1.12414027]", "nit": "36"}, "22": {"maxiter": 1000, "gtol": 1e-10, "xrtol": 1e-10, "eps": 1e-05, "duration": 0.08132815361022949, "fun": "0.336688357855185", "jac": "[ 3.28626015e-09  1.44328993e-09 -1.92068583e-09  1.84297022e-09\n  2.77555756e-10 -1.43218770e-09]", "hess_inv": "[[ 3.33362383  0.17349945 -0.14431017 -0.23277899  0.88643697  0.25905794]\n [ 0.17349945  4.42251184 -0.62776013 -1.688453   -0.21138325  0.68433732]\n [-0.14431017 -0.62776013  3.40483573  0.22480388 -0.57748724 -0.61925663]\n [-0.23277899 -1.688453    0.22480388  4.07576454  0.04284735 -0.24804116]\n [ 0.88643697 -0.21138325 -0.57748724  0.04284735  3.67945045  0.55892887]\n [ 0.25905794  0.68433732 -0.61925663 -0.24804116  0.55892887  4.17276231]]", "nfev": "473", "njev": "66", "status": "2", "success": "False", "message": "Desired error not necessarily achieved due to precision loss.", "x": "[ 4.9075495   4.38895808  3.13647141  1.59592323 -2.20430689 -1.12413778]", "nit": "38"}, "23": {"maxiter": 1000, "gtol": 1e-10, "xrtol": 1e-10, "eps": 1e-10, "duration": 0.08184599876403809, "fun": "0.33668835783755025", "jac": "[-1.11022293e-06 -1.11022293e-06 -2.22044587e-06 -1.11022293e-06\n  0.00000000e+00 -1.11022293e-06]", "hess_inv": "[[ 38.82912373  34.22593038 -23.16364035 -30.53040594  48.08849084\n   55.266162  ]\n [ 34.22593038  33.27864777 -22.3528667  -28.14617121  46.07308784\n   52.2395799 ]\n [-23.16364035 -22.3528667   15.87930251  18.69994603 -30.8692354\n  -35.46173229]\n [-30.53040594 -28.14617121  18.69994603  24.96182517 -39.47703071\n  -45.70890486]\n [ 48.08849084  46.07308784 -30.8692354  -39.47703071  65.20802455\n   73.09316512]\n [ 55.266162    52.2395799  -35.46173229 -45.70890486  73.09316512\n   87.23226574]]", "nfev": "476", "njev": "68", "status": "0", "success": "True", "message": "Optimization terminated successfully.", "x": "[ 4.90755576  4.38896235  3.1364696   1.59592483 -2.20429919 -1.12412863]", "nit": "41"}}, "cobyla": {"0": {"maxiter": 100, "tol": 1e-05, "catol": 1e-05, "duration": 0.0164949893951416, "x": "[ 7.63788594  1.34111674 -0.03943302 -1.57284315  0.89904626  2.0397647 ]", "status": "2", "success": "False", "message": "Maximum number of function evaluations has been exceeded.", "nfev": "100", "fun": "0.33809554965395716", "maxcv": "0.0"}, "1": {"maxiter": 100, "tol": 1e-05, "catol": 1e-10, "duration": 0.016468048095703125, "x": "[ 7.63788594  1.34111674 -0.03943302 -1.57284315  0.89904626  2.0397647 ]", "status": "2", "success": "False", "message": "Maximum number of function evaluations has been exceeded.", "nfev": "100", "fun": "0.33809554965395716", "maxcv": "0.0"}, "2": {"maxiter": 100, "tol": 1e-10, "catol": 1e-05, "duration": 0.016440868377685547, "x": "[ 7.63788594  1.34111674 -0.03943302 -1.57284315  0.89904626  2.0397647 ]", "status": "2", "success": "False", "message": "Maximum number of function evaluations has been exceeded.", "nfev": "100", "fun": "0.33809554965395716", "maxcv": "0.0"}, "3": {"maxiter": 100, "tol": 1e-10, "catol": 1e-10, "duration": 0.01649308204650879, "x": "[ 7.63788594  1.34111674 -0.03943302 -1.57284315  0.89904626  2.0397647 ]", "status": "2", "success": "False", "message": "Maximum number of function evaluations has been exceeded.", "nfev": "100", "fun": "0.33809554965395716", "maxcv": "0.0"}, "4": {"maxiter": 500, "tol": 1e-05, "catol": 1e-05, "duration": 0.03478503227233887, "x": "[ 7.65880850e+00  1.24737005e+00 -5.11029087e-03 -1.59591712e+00\n  9.37292930e-01  2.01746417e+00]", "status": "1", "success": "True", "message": "Optimization terminated successfully.", "nfev": "211", "fun": "0.3366883578617067", "maxcv": "0.0"}, "5": {"maxiter": 500, "tol": 1e-05, "catol": 1e-10, "duration": 0.034796953201293945, "x": "[ 7.65880850e+00  1.24737005e+00 -5.11029087e-03 -1.59591712e+00\n  9.37292930e-01  2.01746417e+00]", "status": "1", "success": "True", "message": "Optimization terminated successfully.", "nfev": "211", "fun": "0.3366883578617067", "maxcv": "0.0"}, "6": {"maxiter": 500, "tol": 1e-10, "catol": 1e-05, "duration": 0.050813913345336914, "x": "[ 7.65881428e+00  1.24736907e+00 -5.11828440e-03 -1.59592647e+00\n  9.37292388e-01  2.01746106e+00]", "status": "1", "success": "True", "mes