{"date": "2024/07/18/, 21:03:25", "conf_id": 66, "data_type": "random\n", "num_data_points": 4, "s_rank": 0, "unitary": "[[-0.56303964-0.00798273j,-0.21670212-0.15784972j,-0.06047197-0.73952673j,-0.01438004+0.24552571j],[-0.06976756+0.23474685j,-0.01275565-0.5435098j,-0.02703657-0.08917885j,-0.08210486-0.79311774j],[-0.38559961+0.10714929j,0.5933431-0.2687392j,-0.24060861+0.29149289j,-0.45147719+0.26241743j],[-0.50180421+0.45931857j,-0.11617175+0.44134496j,0.49642745+0.22684508j,-0.08544628-0.15407063j]]", "databatch_0": {"databatch": "[[[0.01295112-0.00904539j,-0.07885771-0.11343167j,0.06228031+0.20198661j,-0.04615934-0.09999562j],[0.13450084+0.09327725j,0.06321301+0.14727028j,0.19350216+0.13914196j,-0.05554337+0.02872875j],[0.12943666-0.08368391j,0.16199403+0.27763883j,0.37561468-0.49320365j,-0.04759+0.27326761j],[0.04474186+0.10581087j,-0.16762096+0.16563655j,0.29769883+0.19052383j,-0.16921153+0.00484406j]],[[-0.04362393+0.28288395j,-0.1313876+0.09724615j,0.34051192-0.11747875j,-0.23888939+0.03168604j],[-0.09434191-0.03053747j,-0.06978215-0.23879133j,0.03126904+0.12296395j,-0.24424365-0.15613221j],[0.00370084-0.06751693j,-0.03204217-0.05983907j,-0.07493667+0.03288607j,-0.02350217+0.0349837j],[-0.13568183-0.24078186j,-0.25867766+0.14375567j,-0.19962551+0.27397404j,0.30819983+0.37438089j]],[[0.23888048+0.13164114j,-0.29396874+0.05334376j,0.33066638+0.19120101j,-0.27247874-0.01212258j],[-0.11384651+0.15914448j,0.17006061-0.21971961j,0.21090701-0.29893259j,0.22826779-0.05079842j],[0.0024726-0.16529448j,0.02180437+0.12092823j,-0.24297537-0.02709788j,-0.00646165+0.05391168j],[-0.19209967-0.03546489j,0.16703735+0.05407541j,0.12065399+0.33606771j,0.03939427+0.09410608j]],[[0.01900687-0.15493047j,-0.03758807-0.01265577j,0.06428142+0.02757782j,0.02300715-0.11271336j],[-0.14366873-0.40311741j,-0.13226096-0.00454041j,-0.03622886-0.07772719j,-0.33696005-0.24515056j],[-0.07587146+0.39011525j,0.13985314+0.07235649j,0.26265127+0.01788995j,0.38027059+0.14985308j],[0.00072144-0.28333711j,-0.09226573-0.03021128j,-0.07448038-0.00981791j,-0.1964499-0.14571404j]]]", "initial param values": "[0.47462133,6.09169614,5.4744446,1.74663645,4.10631703,2.10098769]", "nelder_mead": {"type": "gradient-free", "0": {"maxiter": 100, "fatol": 1e-05, "xatol": 1e-05, "duration": 0.025249004364013672, "fun": "0.6075673070732127", "nit": "100", "nfev": "151", "status": "2", "success": "False", "message": "Maximum number of iterations has been exceeded.", "x": "[0.21133804 6.56687428 6.43410237 3.81206794 3.81612137 2.09982265]", "final_simplex": "(array([[0.21133804, 6.56687428, 6.43410237, 3.81206794, 3.81612137,\n        2.09982265],\n       [0.1968273 , 6.42882587, 6.72768239, 3.78669038, 3.81406744,\n        2.12098804],\n       [0.22433499, 6.12902947, 6.88731972, 3.66079101, 3.73600058,\n        2.08371861],\n       [0.20338361, 6.19143417, 6.71687107, 4.00410916, 3.56632453,\n        2.07207428],\n       [0.1963524 , 6.05583643, 6.83225773, 3.94245688, 3.71567621,\n        2.0865036 ],\n       [0.19007432, 6.35162332, 6.5884678 , 3.87711804, 3.79731924,\n        2.16579087],\n       [0.22290584, 6.35643213, 6.48512497, 3.74495906, 3.68155911,\n        2.07381545]]), array([0.60756731, 0.60868524, 0.6110271 , 0.61183595, 0.61188558,\n       0.61206096, 0.61315465]))"}, "1": {"maxiter": 100, "fatol": 1e-05, "xatol": 1e-10, "duration": 0.0251920223236084, "fun": "0.6075673070732127", "nit": "100", "nfev": "151", "status": "2", "success": "False", "message": "Maximum number of iterations has been exceeded.", "x": "[0.21133804 6.56687428 6.43410237 3.81206794 3.81612137 2.09982265]", "final_simplex": "(array([[0.21133804, 6.56687428, 6.43410237, 3.81206794, 3.81612137,\n        2.09982265],\n       [0.1968273 , 6.42882587, 6.72768239, 3.78669038, 3.81406744,\n        2.12098804],\n       [0.22433499, 6.12902947, 6.88731972, 3.66079101, 3.73600058,\n        2.08371861],\n       [0.20338361, 6.19143417, 6.71687107, 4.00410916, 3.56632453,\n        2.07207428],\n       [0.1963524 , 6.05583643, 6.83225773, 3.94245688, 3.71567621,\n        2.0865036 ],\n       [0.19007432, 6.35162332, 6.5884678 , 3.87711804, 3.79731924,\n        2.16579087],\n       [0.22290584, 6.35643213, 6.48512497, 3.74495906, 3.68155911,\n        2.07381545]]), array([0.60756731, 0.60868524, 0.6110271 , 0.61183595, 0.61188558,\n       0.61206096, 0.61315465]))"}, "2": {"maxiter": 100, "fatol": 1e-10, "xatol": 1e-05, "duration": 0.025402069091796875, "fun": "0.6075673070732127", "nit": "100", "nfev": "151", "status": "2", "success": "False", "message": "Maximum number of iterations has been exceeded.", "x": "[0.21133804 6.56687428 6.43410237 3.81206794 3.81612137 2.09982265]", "final_simplex": "(array([[0.21133804, 6.56687428, 6.43410237, 3.81206794, 3.81612137,\n        2.09982265],\n       [0.1968273 , 6.42882587, 6.72768239, 3.78669038, 3.81406744,\n        2.12098804],\n       [0.22433499, 6.12902947, 6.88731972, 3.66079101, 3.73600058,\n        2.08371861],\n       [0.20338361, 6.19143417, 6.71687107, 4.00410916, 3.56632453,\n        2.07207428],\n       [0.1963524 , 6.05583643, 6.83225773, 3.94245688, 3.71567621,\n        2.0865036 ],\n       [0.19007432, 6.35162332, 6.5884678 , 3.87711804, 3.79731924,\n        2.16579087],\n       [0.22290584, 6.35643213, 6.48512497, 3.74495906, 3.68155911,\n        2.07381545]]), array([0.60756731, 0.60868524, 0.6110271 , 0.61183595, 0.61188558,\n       0.61206096, 0.61315465]))"}, "3": {"maxiter": 100, "fatol": 1e-10, "xatol": 1e-10, "duration": 0.025213956832885742, "fun": "0.6075673070732127", "nit": "100", "nfev": "151", "status": "2", "success": "False", "message": "Maximum number of iterations has been exceeded.", "x": "[0.21133804 6.56687428 6.43410237 3.81206794 3.81612137 2.09982265]", "final_simplex": "(array([[0.21133804, 6.56687428, 6.43410237, 3.81206794, 3.81612137,\n        2.09982265],\n       [0.1968273 , 6.42882587, 6.72768239, 3.78669038, 3.81406744,\n        2.12098804],\n       [0.22433499, 6.12902947, 6.88731972, 3.66079101, 3.73600058,\n        2.08371861],\n       [0.20338361, 6.19143417, 6.71687107, 4.00410916, 3.56632453,\n        2.07207428],\n       [0.1963524 , 6.05583643, 6.83225773, 3.94245688, 3.71567621,\n        2.0865036 ],\n       [0.19007432, 6.35162332, 6.5884678 , 3.87711804, 3.79731924,\n        2.16579087],\n       [0.22290584, 6.35643213, 6.48512497, 3.74495906, 3.68155911,\n        2.07381545]]), array([0.60756731, 0.60868524, 0.6110271 , 0.61183595, 0.61188558,\n       0.61206096, 0.61315465]))"}, "4": {"maxiter": 500, "fatol": 1e-05, "xatol": 1e-05, "duration": 0.12175893783569336, "fun": "0.4657426699866807", "nit": "474", "nfev": "732", "status": "0", "success": "True", "message": "Optimization terminated successfully.", "x": "[1.60387938 6.14952621 6.28786439 4.07985789 4.01111045 2.82633483]", "final_simplex": "(array([[1.60387938, 6.14952621, 6.28786439, 4.07985789, 4.01111045,\n        2.82633483],\n       [1.60388125, 6.14952665, 6.28786042, 4.07985401, 4.01110886,\n        2.82633597],\n       [1.60388067, 6.14952899, 6.28786197, 4.07985621, 4.01111021,\n        2.82632958],\n       [1.60387846, 6.149527  , 6.28786108, 4.07985723, 4.01110611,\n        2.82632989],\n       [1.60388495, 6.14952542, 6.28785564, 4.07985641, 4.01111833,\n        2.82634176],\n       [1.60387783, 6.1495298 , 6.28785895, 4.07985643, 4.01111272,\n        2.82633701],\n       [1.60387749, 6.14952368, 6.28785979, 4.07985409, 4.01111048,\n        2.82633124]]), array([0.46574267, 0.46574267, 0.46574267, 0.46574267, 0.46574267,\n       0.46574267, 0.46574267]))"}, "5": {"maxiter": 500, "fatol": 1e-05, "xatol": 1e-10, "duration": 0.1295638084411621, "fun": "0.46574266998501723", "nit": "500", "nfev": "779", "status": "2", "success": "False", "message": "Maximum number of iterations has been exceeded.", "x": "[1.60388214 6.14952574 6.28786121 4.07985639 4.01111035 2.8263357 ]", "final_simplex": "(array([[1.60388214, 6.14952574, 6.28786121, 4.07985639, 4.01111035,\n        2.8263357 ],\n       [1.60388246, 6.14952593, 6.28786124, 4.07985633, 4.01111101,\n        2.82633591],\n       [1.60388261, 6.14952574, 6.28786087, 4.07985614, 4.01111076,\n        2.8263358 ],\n       [1.60388245, 6.14952634, 6.28786111, 4.07985624, 4.01111029,\n        2.82633545],\n       [1.60388236, 6.14952543, 6.28786164, 4.07985613, 4.01110983,\n        2.82633542],\n       [1.60388251, 6.14952584, 6.28786149, 4.07985648, 4.01111036,\n        2.82633468],\n       [1.60388192, 6.14952623, 6.28786116, 4.07985595, 4.01111031,\n        2.82633538]]), array([0.46574267, 0.46574267, 0.46574267, 0.46574267, 0.46574267,\n       0.46574267, 0.46574267]))"}, "6": {"maxiter": 500, "fatol": 1e-10, "xatol": 1e-05, "duration": 0.12299704551696777, "fun": "0.4657426699866807", "nit": "474", "nfev": "732", "status": "0", "success": "True", "message": "Optimization terminated successfully.", "x": "[1.60387938 6.14952621 6.28786439 4.07985789 4.01111045 2.82633483]", "final_simplex": "(array([[1.60387938, 6.14952621, 6.28786439, 4.07985789, 4.01111045,\n        2.82633483],\n       [1.60388125, 6.14952665, 6.28786042, 4.07985401, 4.01110886,\n        2.82633597],\n       [1.60388067, 6.14952899, 6.28786197, 4.07985621, 4.01111021,\n        2.82632958],\n       [1.60387846, 6.149527  , 6.28786108, 4.07985723, 4.01110611,\n        2.82632989],\n       [1.60388495, 6.14952542, 6.28785564, 4.07985641, 4.01111833,\n        2.82634176],\n       [1.60387783, 6.1495298 , 6.28785895, 4.07985643, 4.01111272,\n        2.82633701],\n       [1.60387749, 6.14952368, 6.28785979, 4.07985409, 4.01111048,\n        2.82633124]]), array([0.46574267, 0.46574267, 0.46574267, 0.46574267, 0.46574267,\n       0.46574267, 0.46574267]))"}, "7": {"maxiter": 500, "fatol": 1e-10, "xatol": 1e-10, "duration": 0.130051851272583, "fun": "0.46574266998501723", "nit": "500", "nfev": "779", "status": "2", "success": "False", "message": "Maximum number of iterations has been exceeded.", "x": "[1.60388214 6.14952574 6.28786121 4.07985639 4.01111035 2.8263357 ]", "final_simplex": "(array([[1.60388214, 6.14952574, 6.28786121, 4.07985639, 4.01111035,\n        2.8263357 ],\n       [1.60388246, 6.14952593, 6.28786124, 4.07985633, 4.01111101,\n        2.82633591],\n       [1.60388261, 6.14952574, 6.28786087, 4.07985614, 4.01111076,\n        2.8263358 ],\n       [1.60388245, 6.14952634, 6.28786111, 4.07985624, 4.01111029,\n        2.82633545],\n       [1.60388236, 6.14952543, 6.28786164, 4.07985613, 4.01110983,\n        2.82633542],\n       [1.60388251, 6.14952584, 6.28786149, 4.07985648, 4.01111036,\n        2.82633468],\n       [1.60388192, 6.14952623, 6.28786116, 4.07985595, 4.01111031,\n        2.82633538]]), array([0.46574267, 0.46574267, 0.46574267, 0.46574267, 0.46574267,\n       0.46574267, 0.46574267]))"}, "8": {"maxiter": 1000, "fatol": 1e-05, "xatol": 1e-05, "duration": 0.12210798263549805, "fun": "0.4657426699866807", "nit": "474", "nfev": "732", "status": "0", "success": "True", "message": "Optimization terminated successfully.", "x": "[1.60387938 6.14952621 6.28786439 4.07985789 4.01111045 2.82633483]", "final_simplex": "(array([[1.60387938, 6.14952621, 6.28786439, 4.07985789, 4.01111045,\n        2.82633483],\n       [1.60388125, 6.14952665, 6.28786042, 4.07985401, 4.01110886,\n        2.82633597],\n       [1.60388067, 6.14952899, 6.28786197, 4.07985621, 4.01111021,\n        2.82632958],\n       [1.60387846, 6.149527  , 6.28786108, 4.07985723, 4.01110611,\n        2.82632989],\n       [1.60388495, 6.14952542, 6.28785564, 4.07985641, 4.01111833,\n        2.82634176],\n       [1.60387783, 6.1495298 , 6.28785895, 4.07985643, 4.01111272,\n        2.82633701],\n       [1.60387749, 6.14952368, 6.28785979, 4.07985409, 4.01111048,\n        2.82633124]]), array([0.46574267, 0.46574267, 0.46574267, 0.46574267, 0.46574267,\n       0.46574267, 0.46574267]))"}, "9": {"maxiter": 1000, "fatol": 1e-05, "xatol": 1e-10, "duration": 0.15539789199829102, "fun": "0.46574266998499403", "nit": "559", "nfev": "937", "status": "0", "success": "True", "message": "Optimization terminated successfully.", "x": "[1.60388236 6.14952593 6.2878613  4.07985641 4.01111023 2.82633523]", "final_simplex": "(array([[1.60388236, 6.14952593, 6.2878613 , 4.07985641, 4.01111023,\n        2.82633523],\n       [1.60388236, 6.14952593, 6.2878613 , 4.07985641, 4.01111023,\n        2.82633523],\n       [1.60388236, 6.14952593, 6.2878613 , 4.07985641, 4.01111023,\n        2.82633523],\n       [1.60388236, 6.14952593, 6.2878613 , 4.07985641, 4.01111023,\n        2.82633523],\n       [1.60388236, 6.14952593, 6.2878613 , 4.07985641, 4.01111023,\n        2.82633523],\n       [1.60388236, 6.14952593, 6.2878613 , 4.07985641, 4.01111023,\n        2.82633523],\n       [1.60388236, 6.14952593, 6.2878613 , 4.07985641, 4.01111023,\n        2.82633523]]), array([0.46574267, 0.46574267, 0.46574267, 0.46574267, 0.46574267,\n       0.46574267, 0.46574267]))"}, "10": {"maxiter": 1000, "fatol": 1e-10, "xatol": 1e-05, "duration": 0.12228989601135254, "fun": "0.4657426699866807", "nit": "474", "nfev": "732", "status": "0", "success": "True", "message": "Optimization terminated successfully.", "x": "[1.60387938 6.14952621 6.28786439 4.07985789 4.01111045 2.82633483]", "final_simplex": "(array([[1.60387938, 6.14952621, 6.28786439, 4.07985789, 4.01111045,\n        2.82633483],\n       [1.60388125, 6.14952665, 6.28786042, 4.07985401, 4.01110886,\n        2.82633597],\n       [1.60388067, 6.14952899, 6.28786197, 4.07985621, 4.01111021,\n        2.82632958],\n       [1.60387846, 6.149527  , 6.28786108, 4.07985723, 4.01110611,\n        2.82632989],\n       [1.60388495, 6.14952542, 6.28785564, 4.07985641, 4.01111833,\n        2.82634176],\n       [1.60387783, 6.1495298 , 6.28785895, 4.07985643, 4.01111272,\n        2.82633701],\n       [1.60387749, 6.14952368, 6.28785979, 4.07985409, 4.01111048,\n        2.82633124]]), array([0.46574267, 0.46574267, 0.46574267, 0.46574267, 0.46574267,\n       0.46574267, 0.46574267]))"}, "11": {"maxiter": 1000, "fatol": 1e-10, "xatol": 1e-10, "duration": 0.1560659408569336, "fun": "0.46574266998499403", "nit": "559", "nfev": "937", "status": "0", "success": "True", "message": "Optimization terminated successfully.", "x": "[1.60388236 6.14952593 6.2878613  4.07985641 4.01111023 2.82633523]", "final_simplex": "(array([[1.60388236, 6.14952593, 6.2878613 , 4.07985641, 4.01111023,\n        2.82633523],\n       [1.60388236, 6.14952593, 6.2878613 , 4.07985641, 4.01111023,\n        2.82633523],\n       [1.60388236, 6.14952593, 6.2878613 , 4.07985641, 4.01111023,\n        2.82633523],\n       [1.60388236, 6.14952593, 6.2878613 , 4.07985641, 4.01111023,\n        2.82633523],\n       [1.60388236, 6.14952593, 6.2878613 , 4.07985641, 4.01111023,\n        2.82633523],\n       [1.60388236, 6.14952593, 6.2878613 , 4.07985641, 4.01111023,\n        2.82633523],\n       [1.60388236, 6.14952593, 6.2878613 , 4.07985641, 4.01111023,\n        2.82633523]]), array([0.46574267, 0.46574267, 0.46574267, 0.46574267, 0.46574267,\n       0.46574267, 0.46574267]))"}}, "bfgs": {"type": "gradient", "0": {"maxiter": 100, "gtol": 1e-05, "xrtol": 1e-05, "eps": 1e-05, "duration": 0.037941694259643555, "fun": "0.46574267067373065", "jac": "[ 5.43093348e-06 -1.10609300e-06  4.44362325e-06  2.57955879e-06\n  4.29006830e-06  9.41227096e-06]", "hess_inv": "[[ 5.4526977   1.12281271  1.53438508  0.37735884 -1.35114411 -3.10054005]\n [ 1.12281271  5.79190844  1.0877042  -0.75916694  0.64082149 -2.78646129]\n [ 1.53438508  1.0877042   5.94675717 -0.57765957 -2.08274469 -4.05391414]\n [ 0.37735884 -0.75916694 -0.57765957  4.35097366 -0.06754563  0.69989637]\n [-1.35114411  0.64082149 -2.08274469 -0.06754563  8.99391882  5.97527772]\n [-3.10054005 -2.78646129 -4.05391414  0.69989637  5.97527772 11.28616549]]", "nfev": "224", "njev": "32", "status": "0", "success": "True", "message": "Optimization terminated successfully.", "x": "[-1.60388452  9.29108346  9.42943209  4.07987621  4.01120186  2.82646517]", "nit": "22"}, "1": {"maxiter": 100, "gtol": 1e-05, "xrtol": 1e-05, "eps": 1e-10, "duration": 0.03889274597167969, "fun": "0.46574267001110503", "jac": "[ 1.11022293e-06  1.11022293e-06 -2.22044587e-06 -2.22044587e-06\n  1.11022293e-06  0.00000000e+00]", "hess_inv": "[[ 5.32118675  1.04802847  1.55500145  0.33561831 -1.71197822 -3.40766057]\n [ 1.04802847  5.92818426  1.20768485 -0.95346788 -0.31588    -3.94628293]\n [ 1.55500145  1.20768485  5.95071583 -0.62993908 -2.21354976 -4.28990301]\n [ 0.33561831 -0.95346788 -0.62993908  4.44994176  0.36263352  1.30843949]\n [-1.71197822 -0.31588    -2.21354976  0.36263352  9.82775728  7.63647807]\n [-3.40766057 -3.94628293 -4.28990301  1.30843949  7.63647807 14.00215613]]", "nfev": "231", "njev": "33", "status": "0", "success": "True", "message": "Optimization terminated successfully.", "x": "[-1.60388006  9.29112702  9.42944543  4.07984796  4.01111694  2.82634099]", "nit": "23"}, "2": {"maxiter": 100, "gtol": 1e-05, "xrtol": 1e-10, "eps": 1e-05, "duration": 0.0377199649810791, "fun": "0.46574267067373065", "jac": "[ 5.43093348e-06 -1.10609300e-06  4.44362325e-06  2.57955879e-06\n  4.29006830e-06  9.41227096e-06]", "hess_inv": "[[ 5.4526977   1.12281271  1.53438508  0.37735884 -1.35114411 -3.10054005]\n [ 1.12281271  5.79190844  1.0877042  -0.75916694  0.64082149 -2.78646129]\n [ 1.53438508  1.0877042   5.94675717 -0.57765957 -2.08274469 -4.05391414]\n [ 0.37735884 -0.75916694 -0.57765957  4.35097366 -0.06754563  0.69989637]\n [-1.35114411  0.64082149 -2.08274469 -0.06754563  8.99391882  5.97527772]\n [-3.10054005 -2.78646129 -4.05391414  0.69989637  5.97527772 11.28616549]]", "nfev": "224", "njev": "32", "status": "0", "success": "True", "message": "Optimization terminated successfully.", "x": "[-1.60388452  9.29108346  9.42943209  4.07987621  4.01120186  2.82646517]", "nit": "22"}, "3": {"maxiter": 100, "gtol": 1e-05, "xrtol": 1e-10, "eps": 1e-10, "duration": 0.03894615173339844, "fun": "0.46574267001110503", "jac": "[ 1.11022293e-06  1.11022293e-06 -2.22044587e-06 -2.22044587e-06\n  1.11022293e-06  0.00000000e+00]", "hess_inv": "[[ 5.32118675  1.04802847  1.55500145  0.33561831 -1.71197822 -3.40766057]\n [ 1.04802847  5.92818426  1.20768485 -0.95346788 -0.31588    -3.94628293]\n [ 1.55500145  1.20768485  5.95071583 -0.62993908 -2.21354976 -4.28990301]\n [ 0.33561831 -0.95346788 -0.62993908  4.44994176  0.36263352  1.30843949]\n [-1.71197822 -0.31588    -2.21354976  0.36263352  9.82775728  7.63647807]\n [-3.40766057 -3.94628293 -4.28990301  1.30843949  7.63647807 14.00215613]]", "nfev": "231", "njev": "33", "status": "0", "success": "True", "message": "Optimization terminated successfully.", "x": "[-1.60388006  9.29112702  9.42944543  4.07984796  4.01111694  2.82634099]", "nit": "23"}, "4": {"maxiter": 100, "gtol": 1e-10, "xrtol": 1e-05, "eps": 1e-05, "duration": 0.07854104042053223, "fun": "0.4657426699914158", "jac": "[ 1.38571377e-06  1.06632481e-06  2.12496687e-08 -8.42326209e-08\n  7.34268202e-07  9.89031079e-07]", "hess_inv": "[[ 5.31790921  0.89900478  1.54823653  0.4303989  -1.44433842 -3.02937443]\n [ 0.89900478  5.59477602  1.22693515 -0.81104391 -0.10755468 -3.46028966]\n [ 1.54823653  1.22693515  6.02272338 -0.67632924 -2.46846623 -4.58865974]\n [ 0.4303989  -0.81104391 -0.67632924  4.44234553  0.44523257  1.30709332]\n [-1.44433842 -0.10755468 -2.46846623  0.44523257 10.94857533  8.7184274 ]\n [-3.02937443 -3.46028966 -4.58865974  1.30709332  8.7184274  14.84289255]]", "nfev": "467", "njev": "65", "status": "2", "success": "False", "message": "Desired error not necessarily achieved due to precision loss.", "x": "[-1.60388142  9.29111824  9.42945109  4.07985127  4.01110483  2.82633069]", "nit": "23"}, "5": {"maxiter": 100, "gtol": 1e-10, "xrtol": 1e-05, "eps": 1e-10, "duration": 0.04012584686279297, "fun": "0.4657426699915578", "jac": "[-1.11022293e-06  1.11022293e-06  0.00000000e+00  0.00000000e+00\n -2.22044587e-06  1.11022293e-06]", "hess_inv": "[[ 5.31410778  1.0051861   1.5957208   0.37962049 -1.73023501 -3.38770731]\n [ 1.0051861   5.67898439  1.39418669 -0.716222   -0.31675667 -3.72217116]\n [ 1.5957208   1.39418669  6.07268942 -0.71035102 -2.75999028 -5.01892371]\n [ 0.37962049 -0.716222   -0.71035102  4.26015669  0.16027004  0.88660677]\n [-1.73023501 -0.31675667 -2.75999028  0.16027004 10.97213327  8.81134444]\n [-3.38770731 -3.72217116 -5.01892371  0.88660677  8.81134444 15.00515431]]", "nfev": "238", "njev": "34", "status": "0", "success": "True", "message": "Optimization terminated successfully.", "x": "[-1.60388077  9.29112146  9.42945708  4.07985603  4.01110126  2.82632992]", "nit": "24"}, "6": {"maxiter": 100, "gtol": 1e-10, "xrtol": 1e-10, "eps": 1e-05, "duration": 0.07811212539672852, "fun": "0.4657426699914158", "jac": "[ 1.38571377e-06  1.06632481e-06  2.12496687e-08 -8.42326209e-08\n  7.34268202e-07  9.89031079e-07]", "hess_inv": "[[ 5.31790921  0.89900478  1.54823653  0.4303989  -1.44433842 -3.02937443]\n [ 0.89900478  5.59477602  1.22693515 -0.81104391 -0.10755468 -3.46028966]\n [ 1.54823653  1.22693515  6.02272338 -0.67632924 -2.46846623 -4.58865974]\n [ 0.4303989  -0.81104391 -0.67632924  4.44234553  0.44523257  1.30709332]\n [-1.44433842 -0.10755468 -2.46846623  0.44523257 10.94857533  8.7184274 ]\n [-3.02937443 -3.46028966 -4.58865974  1.30709332  8.7184274  14.84289255]]", "nfev": "467", "njev": "65", "status": "2", "success": "False", "message": "Desired error not necessarily achieved due to precision loss.", "x": "[-1.60388142  9.29111824  9.42945109  4.07985127  4.01110483  2.82633069]", "nit": "23"}, "7": {"maxiter": 100, "gtol": 1e-10, "xrtol": 1e-10, "eps": 1e-10, "duration": 0.06950497627258301, "fun": "0.4657426699872287", "jac": "[ 1.11022293e-06 -1.11022293e-06  0.00000000e+00  0.00000000e+00\n  0.00000000e+00 -1.11022293e-06]", "hess_inv": "[[ 6.84839524e-02 -2.25966391e-01  3.72731874e-01  1.76476486e-02\n   8.92583075e-02  1.36835405e-01]\n [-2.25966391e-01  3.66758716e+00 -4.75479653e+00 -1.18451861e-02\n  -1.19029203e+00 -2.47825524e+00]\n [ 3.72731874e-01 -4.75479653e+00  6.52158252e+00  1.65943861e-01\n   1.63026700e+00  3.12603604e+00]\n [ 1.76476486e-02 -1.18451861e-02  1.65943861e-01  1.09886127e-01\n   1.70767509e-02 -5.22828385e-03]\n [ 8.92583075e-02 -1.19029203e+00  1.63026700e+00  1.70767509e-02\n   4.60966698e-01  7.29858458e-01]\n [ 1.36835405e-01 -2.47825524e+00  3.12603604e+00 -5.22828385e-03\n   7.29858458e-01  1.74910360e+00]]", "nfev": "413", "njev": "59", "status": "2", "success": "False", "message": "Desired error not necessarily achieved due to precision loss.", "x": "[-1.60387758  9.29111927  9.4294558   4.07985651  4.01110752  2.82633017]", "nit": "35"}, "8": {"maxiter": 500, "gtol": 1e-05, "xrtol": 1e-05, "eps": 1e-05, "duration": 0.03798079490661621, "fun": "0.46574267067373065", "jac": "[ 5.43093348e-06 -1.10609300e-06  4.44362325e-06  2.57955879e-06\n  4.29006830e-06  9.41227096e-06]", "hess_inv": "[[ 5.4526977   1.12281271  1.53438508  0.37735884 -1.35114411 -3.10054005]\n [ 1.12281271  5.79190844  1.0877042  -0.75916694  0.64082149 -2.78646129]\n [ 1.53438508  1.0877042   5.94675717 -0.57765957 -2.08274469 -4.05391414]\n [ 0.37735884 -0.75916694 -0.57765957  4.35097366 -0.06754563  0.69989637]\n [-1.35114411  0.64082149 -2.08274469 -0.06754563  8.99391882  5.97527772]\n [-3.10054005 -2.78646129 -4.05391414  0.69989637  5.97527772 11.28616549]]", "nfev": "224", "njev": "32", "status": "0", "success": "True", "message": "Optimization terminated successfully.", "x": "[-1.60388452  9.29108346  9.42943209  4.07987621  4.01120186  2.82646517]", "nit": "22"}, "9": {"maxiter": 500, "gtol": 1e-05, "xrtol": 1e-05, "eps": 1e-10, "duration": 0.03921222686767578, "fun": "0.46574267001110503", "jac": "[ 1.11022293e-06  1.11022293e-06 -2.22044587e-06 -2.22044587e-06\n  1.11022293e-06  0.00000000e+00]", "hess_inv": "[[ 5.32118675  1.04802847  1.55500145  0.33561831 -1.71197822 -3.40766057]\n [ 1.04802847  5.92818426  1.20768485 -0.95346788 -0.31588    -3.94628293]\n [ 1.55500145  1.20768485  5.95071583 -0.62993908 -2.21354976 -4.28990301]\n [ 0.33561831 -0.95346788 -0.62993908  4.44994176  0.36263352  1.30843949]\n [-1.71197822 -0.31588    -2.21354976  0.36263352  9.82775728  7.63647807]\n [-3.40766057 -3.94628293 -4.28990301  1.30843949  7.63647807 14.00215613]]", "nfev": "231", "njev": "33", "status": "0", "success": "True", "message": "Optimization terminated successfully.", "x": "[-1.60388006  9.29112702  9.42944543  4.07984796  4.01111694  2.82634099]", "nit": "23"}, "10": {"maxiter": 500, "gtol": 1e-05, "xrtol": 1e-10, "eps": 1e-05, "duration": 0.03790616989135742, "fun": "0.46574267067373065", "jac": "[ 5.43093348e-06 -1.10609300e-06  4.44362325e-06  2.57955879e-06\n  4.29006830e-06  9.41227096e-06]", "hess_inv": "[[ 5.4526977   1.12281271  1.53438508  0.37735884 -1.35114411 -3.10054005]\n [ 1.12281271  5.79190844  1.0877042  -0.75916694  0.64082149 -2.78646129]\n [ 1.53438508  1.0877042   5.94675717 -0.57765957 -2.08274469 -4.05391414]\n [ 0.37735884 -0.75916694 -0.57765957  4.35097366 -0.06754563  0.69989637]\n [-1.35114411  0.64082149 -2.08274469 -0.06754563  8.99391882  5.97527772]\n [-3.10054005 -2.78646129 -4.05391414  0.69989637  5.97527772 11.28616549]]", "nfev": "224", "njev": "32", "status": "0", "success": "True", "message": "Optimization terminated successfully.", "x": "[-1.60388452  9.29108346  9.42943209  4.07987621  4.01120186  2.82646517]", "nit": "22"}, "11": {"maxiter": 500, "gtol": 1e-05, "xrtol": 1e-10, "eps": 1e-10, "duration": 0.039794921875, "fun": "0.46574267001110503", "jac": "[ 1.11022293e-06  1.11022293e-06 -2.22044587e-06 -2.22044587e-06\n  1.11022293e-06  0.00000000e+00]", "hess_inv": "[[ 5.32118675  1.04802847  1.55500145  0.33561831 -1.71197822 -3.40766057]\n [ 1.04802847  5.92818426  1.20768485 -0.95346788 -0.31588    -3.94628293]\n [ 1.55500145  1.20768485  5.95071583 -0.62993908 -2.21354976 -4.28990301]\n [ 0.33561831 -0.95346788 -0.62993908  4.44994176  0.36263352  1.30843949]\n [-1.71197822 -0.31588    -2.21354976  0.36263352  9.82775728  7.63647807]\n [-3.40766057 -3.94628293 -4.28990301  1.30843949  7.63647807 14.00215613]]", "nfev": "231", "njev": "33", "status": "0", "success": "True", "message": "Optimization terminated successfully.", "x": "[-1.60388006  9.29112702  9.42944543  4.07984796  4.01111694  2.82634099]", "nit": "23"}, "12": {"maxiter": 500, "gtol": 1e-10, "xrtol": 1e-05, "eps": 1e-05, "duration": 0.08017897605895996, "fun": "0.4657426699914158", "jac": "[ 1.38571377e-06  1.06632481e-06  2.12496687e-08 -8.42326209e-08\n  7.34268202e-07  9.89031079e-07]", "hess_inv": "[[ 5.31790921  0.89900478  1.54823653  0.4303989  -1.44433842 -3.02937443]\n [ 0.89900478  5.59477602  1.22693515 -0.81104391 -0.10755468 -3.46028966]\n [ 1.54823653  1.22693515  6.02272338 -0.67632924 -2.46846623 -4.58865974]\n [ 0.4303989  -0.81104391 -0.67632924  4.44234553  0.44523257  1.30709332]\n [-1.44433842 -0.10755468 -2.46846623  0.44523257 10.94857533  8.7184274 ]\n [-3.02937443 -3.46028966 -4.58865974  1.30709332  8.7184274  14.84289255]]", "nfev": "467", "njev": "65", "status": "2", "success": "False", "message": "Desired error not necessarily achieved due to precision loss.", "x": "[-1.60388142  9.29111824  9.42945109  4.07985127  4.01110483  2.82633069]", "nit": "23"}, "13": {"maxiter": 500, "gtol": 1e-10, "xrtol": 1e-05, "eps": 1e-10, "duration": 0.041245222091674805, "fun": "0.4657426699915578", "jac": "[-1.11022293e-06  1.11022293e-06  0.00000000e+00  0.00000000e+00\n -2.22044587e-06  1.11022293e-06]", "hess_inv": "[[ 5.31410778  1.0051861   1.5957208   0.37962049 -1.73023501 -3.38770731]\n [ 1.0051861   5.67898439  1.39418669 -0.716222   -0.31675667 -3.72217116]\n [ 1.5957208   1.39418669  6.07268942 -0.71035102 -2.75999028 -5.01892371]\n [ 0.37962049 -0.716222   -0.71035102  4.26015669  0.16027004  0.88660677]\n [-1.73023501 -0.31675667 -2.75999028  0.16027004 10.97213327  8.81134444]\n [-3.38770731 -3.72217116 -5.01892371  0.88660677  8.81134444 15.00515431]]", "nfev": "238", "njev": "34", "status": "0", "success": "True", "message": "Optimization terminated successfully.", "x": "[-1.60388077  9.29112146  9.42945708  4.07985603  4.01110126  2.82632992]", "nit": "24"}, "14": {"maxiter": 500, "gtol": 1e-10, "xrtol": 1e-10, "eps": 1e-05, "duration": 0.08042001724243164, "fun": "0.4657426699914158", "jac": "[ 1.38571377e-06  1.06632481e-06  2.12496687e-08 -8.42326209e-08\n  7.34268202e-07  9.89031079e-07]", "hess_inv": "[[ 5.31790921  0.89900478  1.54823653  0.4303989  -1.44433842 -3.02937443]\n [ 0.89900478  5.59477602  1.22693515 -0.81104391 -0.10755468 -3.46028966]\n [ 1.54823653  1.22693515  6.02272338 -0.67632924 -2.46846623 -4.58865974]\n [ 0.4303989  -0.81104391 -0.67632924  4.44234553  0.44523257  1.30709332]\n [-1.44433842 -0.10755468 -2.46846623  0.44523257 10.94857533  8.7184274 ]\n [-3.02937443 -3.46028966 -4.58865974  1.30709332  8.7184274  14.84289255]]", "nfev": "467", "njev": "65", "status": "2", "success": "False", "message": "Desired error not necessarily achieved due to precision loss.", "x": "[-1.60388142  9.29111824  9.42945109  4.07985127  4.01110483  2.82633069]", "nit": "23"}, "15": {"maxiter": 500, "gtol": 1e-10, "xrtol": 1e-10, "eps": 1e-10, "duration": 0.07358098030090332, "fun": "0.4657426699872287", "jac": "[ 1.11022293e-06 -1.11022293e-06  0.00000000e+00  0.00000000e+00\n  0.00000000e+00 -1.11022293e-06]", "hess_inv": "[[ 6.84839524e-02 -2.25966391e-01  3.72731874e-01  1.76476486e-02\n   8.92583075e-02  1.36835405e-01]\n [-2.25966391e-01  3.66758716e+00 -4.75479653e+00 -1.18451861e-02\n  -1.19029203e+00 -2.47825524e+00]\n [ 3.72731874e-01 -4.75479653e+00  6.52158252e+00  1.65943861e-01\n   1.63026700e+00  3.12603604e+00]\n [ 1.76476486e-02 -1.18451861e-02  1.65943861e-01  1.09886127e-01\n   1.70767509e-02 -5.22828385e-03]\n [ 8.92583075e-02 -1.19029203e+00  1.63026700e+00  1.70767509e-02\n   4.60966698e-01  7.29858458e-01]\n [ 1.36835405e-01 -2.47825524e+00  3.12603604e+00 -5.22828385e-03\n   7.29858458e-01  1.74910360e+00]]", "nfev": "413", "njev": "59", "status": "2", "success": "False", "message": "Desired error not necessarily achieved due to precision loss.", "x": "[-1.60387758  9.29111927  9.4294558   4.07985651  4.01110752  2.82633017]", "nit": "35"}, "16": {"maxiter": 1000, "gtol": 1e-05, "xrtol": 1e-05, "eps": 1e-05, "duration": 0.03965187072753906, "fun": "0.46574267067373065", "jac": "[ 5.43093348e-06 -1.10609300e-06  4.44362325e-06  2.57955879e-06\n  4.29006830e-06  9.41227096e-06]", "hess_inv": "[[ 5.4526977   1.12281271  1.53438508  0.37735884 -1.35114411 -3.10054005]\n [ 1.12281271  5.79190844  1.0877042  -0.75916694  0.64082149 -2.78646129]\n [ 1.53438508  1.0877042   5.94675717 -0.57765957 -2.08274469 -4.05391414]\n [ 0.37735884 -0.75916694 -0.57765957  4.35097366 -0.06754563  0.69989637]\n [-1.35114411  0.64082149 -2.08274469 -0.06754563  8.99391882  5.97527772]\n [-3.10054005 -2.78646129 -4.05391414  0.69989637  5.97527772 11.28616549]]", "nfev": "224", "njev": "32", "status": "0", "success": "True", "message": "Optimization terminated successfully.", "x": "[-1.60388452  9.29108346  9.42943209  4.07987621  4.01120186  2.82646517]", "nit": "22"}, "17": {"maxiter": 1000, "gtol": 1e-05, "xrtol": 1e-05, "eps": 1e-10, "duration": 0.039833784103393555, "fun": "0.46574267001110503", "jac": "[ 1.11022293e-06  1.11022293e-06 -2.22044587e-06 -2.22044587e-06\n  1.11022293e-06  0.00000000e+00]", "hess_inv": "[[ 5.32118675  1.04802847  1.55500145  0.33561831 -1.71197822 -3.40766057]\n [ 1.04802847  5.92818426  1.20768485 -0.95346788 -0.31588    -3.94628293]\n [ 1.55500145  1.20768485  5.95071583 -0.62993908 -2.21354976 -4.28990301]\n [ 0.33561831 -0.95346788 -0.62993908  4.44994176  0.36263352  1.30843949]\n [-1.71197822 -0.31588    -2.21354976  0.36263352  9.82775728  7.63647807]\n [-3.40766057 -3.94628293 -4.28990301  1.30843949  7.63647807 14.00215613]]", "nfev": "231", "njev": "33", "status": "0", "success": "True", "message": "Optimization terminated successfully.", "x": "[-1.60388006  9.29112702  9.42944543  4.07984796  4.01111694  2.82634099]", "nit": "23"}, "18": {"maxiter": 1000, "gtol": 1e-05, "xrtol": 1e-10, "eps": 1e-05, "duration": 0.03773093223571777, "fun": "0.46574267067373065", "jac": "[ 5.43093348e-06 -1.10609300e-06  4.44362325e-06  2.57955879e-06\n  4.29006830e-06  9.41227096e-06]", "hess_inv": "[[ 5.4526977   1.12281271  1.53438508  0.37735884 -1.35114411 -3.10054005]\n [ 1.12281271  5.79190844  1.0877042  -0.75916694  0.64082149 -2.78646129]\n [ 1.53438508  1.0877042   5.94675717 -0.57765957 -2.08274469 -4.05391414]\n [ 0.37735884 -0.75916694 -0.57765957  4.35097366 -0.06754563  0.69989637]\n [-1.35114411  0.64082149 -2.08274469 -0.06754563  8.99391882  5.97527772]\n [-3.10054005 -2.78646129 -4.05391414  0.69989637  5.97527772 11.28616549]]", "nfev": "224", "njev": "32", "status": "0", "success": "True", "message": "Optimization terminated successfully.", "x": "[-1.60388452  9.29108346  9.42943209  4.07987621  4.01120186  2.82646517]", "nit": "22"}, "19": {"maxiter": 1000, "gtol": 1e-05, "xrtol": 1e-10, "eps": 1e-10, "duration": 0.03881502151489258, "fun": "0.46574267001110503", "jac": "[ 1.11022293e-06  1.11022293e-06 -2.22044587e-06 -2.22044587e-06\n  1.11022293e-06  0.00000000e+00]", "hess_inv": "[[ 5.32118675  1.04802847  1.55500145  0.33561831 -1.71197822 -3.40766057]\n [ 1.04802847  5.92818426  1.20768485 -0.95346788 -0.31588    -3.94628293]\n [ 1.55500145  1.20768485  5.95071583 -0.62993908 -2.21354976 -4.28990301]\n [ 0.33561831 -0.95346788 -0.62993908  4.44994176  0.36263352  1.30843949]\n [-1.71197822 -0.31588    -2.21354976  0.36263352  9.82775728  7.63647807]\n [-3.40766057 -3.94628293 -4.28990301  1.30843949  7.63647807 14.00215613]]", "nfev": "231", "njev": "33", "status": "0", "success": "True", "message": "Optimization terminated successfully.", "x": "[-1.60388006  9.29112702  9.42944543  4.07984796  4.01111694  2.82634099]", "nit": "23"}, "20": {"maxiter": 1000, "gtol": 1e-10, "xrtol": 1e-05, "eps": 1e-05, "duration": 0.07905006408691406, "fun": "0.4657426699914158", "jac": "[ 1.38571377e-06  1.06632481e-06  2.12496687e-08 -8.42326209e-08\n  7.34268202e-07  9.89031079e-07]", "hess_inv": "[[ 5.31790921  0.89900478  1.54823653  0.4303989  -1.44433842 -3.02937443]\n [ 0.89900478  5.59477602  1.22693515 -0.81104391 -0.10755468 -3.46028966]\n [ 1.54823653  1.22693515  6.02272338 -0.67632924 -2.46846623 -4.58865974]\n [ 0.4303989  -0.81104391 -0.67632924  4.44234553  0.44523257  1.30709332]\n [-1.44433842 -0.10755468 -2.46846623  0.44523257 10.94857533  8.7184274 ]\n [-3.02937443 -3.46028966 -4.58865974  1.30709332  8.7184274  14.84289255]]", "nfev": "467", "njev": "65", "status": "2", "success": "False", "message": "Desired error not necessarily achieved due to precision loss.", "x": "[-1.60388142  9.29111824  9.42945109  4.07985127  4.01110483  2.82633069]", "nit": "23"}, "21": {"maxiter": 1000, "gtol": 1e-10, "xrtol": 1e-05, "eps": 1e-10, "duration": 0.04041790962219238, "fun": "0.4657426699915578", "jac": "[-1.11022293e-06  1.11022293e-06  0.00000000e+00  0.00000000e+00\n -2.22044587e-06  1.11022293e-06]", "hess_inv": "[[ 5.31410778  1.0051861   1.5957208   0.37962049 -1.73023501 -3.38770731]\n [ 1.0051861   5.67898439  1.39418669 -0.716222   -0.31675667 -3.72217116]\n [ 1.5957208   1.39418669  6.07268942 -0.71035102 -2.75999028 -5.01892371]\n [ 0.37962049 -0.716222   -0.71035102  4.26015669  0.16027004  0.88660677]\n [-1.73023501 -0.31675667 -2.75999028  0.16027004 10.97213327  8.81134444]\n [-3.38770731 -3.72217116 -5.01892371  0.88660677  8.81134444 15.00515431]]", "nfev": "238", "njev": "34", "status": "0", "success": "True", "message": "Optimization terminated successfully.", "x": "[-1.60388077  9.29112146  9.42945708  4.07985603  4.01110126  2.82632992]", "nit": "24"}, "22": {"maxiter": 1000, "gtol": 1e-10, "xrtol": 1e-10, "eps": 1e-05, "duration": 0.07905101776123047, "fun": "0.4657426699914158", "jac": "[ 1.38571377e-06  1.06632481e-06  2.12496687e-08 -8.42326209e-08\n  7.34268202e-07  9.89031079e-07]", "hess_inv": "[[ 5.31790921  0.89900478  1.54823653  0.4303989  -1.44433842 -3.02937443]\n [ 0.89900478  5.59477602  1.22693515 -0.81104391 -0.10755468 -3.46028966]\n [ 1.54823653  1.22693515  6.02272338 -0.67632924 -2.46846623 -4.58865974]\n [ 0.4303989  -0.81104391 -0.67632924  4.44234553  0.44523257  1.30709332]\n [-1.44433842 -0.10755468 -2.46846623  0.44523257 10.94857533  8.7184274 ]\n [-3.02937443 -3.46028966 -4.58865974  1.30709332  8.7184274  14.84289255]]", "nfev": "467", "njev": "65", "status": "2", "success": "False", "message": "Desired error not necessarily achieved due to precision loss.", "x": "[-1.60388142  9.29111824  9.42945109  4.07985127  4.01110483  2.82633069]", "nit": "23"}, "23": {"maxiter": 1000, "gtol": 1e-10, "xrtol": 1e-10, "eps": 1e-10, "duration": 0.07005000114440918, "fun": "0.4657426699872287", "jac": "[ 1.11022293e-06 -1.11022293e-06  0.00000000e+00  0.00000000e+00\n  0.00000000e+00 -1.11022293e-06]", "hess_inv": "[[ 6.84839524e-02 -2.25966391e-01  3.72731874e-01  1.76476486e-02\n   8.92583075e-02  1.36835405e-01]\n [-2.25966391e-01  3.66758716e+00 -4.75479653e+00 -1.18451861e-02\n  -1.19029203e+00 -2.47825524e+00]\n [ 3.72731874e-01 -4.75479653e+00  6.52158252e+00  1.65943861e-01\n   1.63026700e+00  3.12603604e+00]\n [ 1.76476486e-02 -1.18451861e-02  1.65943861e-01  1.09886127e-01\n   1.70767509e-02 -5.22828385e-03]\n [ 8.92583075e-02 -1.19029203e+00  1.63026700e+00  1.70767509e-02\n   4.60966698e-01  7.29858458e-01]\n [ 1.36835405e-01 -2.47825524e+00  3.12603604e+00 -5.22828385e-03\n   7.29858458e-01  1.74910360e+00]]", "nfev": "413", "njev": "59", "status": "2", "success": "False", "message": "Desired error not necessarily achieved due to precision loss.", "x": "[-1.60387758  9.29111927  9.4294558   4.07985651  4.01110752  2.82633017]", "nit": "35"}}, "cobyla": {"0": {"maxiter": 100, "tol": 1e-05, "catol": 1e-05, "duration": 0.016340970993041992, "x": "[1.59953997 6.15647093 6.29433881 4.07708168 3.99675408 2.80864567]", "status": "2", "success": "False", "message": "Maximum number of function evaluations has been exceeded.", "nfev": "100", "fun": "0.4657568873567104", "maxcv": "0.0"}, "1": {"maxiter": 100, "tol": 1e-05, "catol": 1e-10, "duration": 0.01625514030456543, "x": "[1.59953997 6.15647093 6.29433881 4.07708168 3.99675408 2.80864567]", "status": "2", "success": "False", "message": "Maximum number of function evaluations has been exceeded.", "nfev": "100", "fun": "0.4657568873567104", "maxcv": "0.0"}, "2": {"maxiter": 100, "tol": 1e-10, "catol": 1e-05, "duration": 0.01631617546081543, "x": "[1.59953997 6.15647093 6.29433881 4.07708168 3.99675408 2.80864567]", "status": "2", "success": "False", "message": "Maximum number of function evaluations has been exceeded.", "nfev": "100", "fun": "0.4657568873567104", "maxcv": "0.0"}, "3": {"maxiter": 100, "tol": 1e-10, "catol": 1e-10, "duration": 0.016345739364624023, "x": "[1.59953997 6.15647093 6.29433881 4.07708168 3.99675408 2.80864567]", "status": "2", "success": "False", "message": "Maximum number of function evaluations has been exceeded.", "nfev": "100", "fun": "0.4657568873567104", "maxcv": "0.0"}, "4": {"maxiter": 500, "tol": 1e-05, "catol": 1e-05, "duration": 0.037940025329589844, "x": "[1.60387702 6.1495283  6.28786786 4.07984543 4.01109752 2.82631611]", "status": "1", "success": "True", "message": "Optimization terminated successfully.", "nfev": "233", "fun": "0.4657426700085028", "maxcv": "0.0"}, "5": {"maxiter": 500, "tol": 1e-05, "catol": 1e-10, "duration": 0.03843402862548828, "x": "[1.60387702 6.1495283  6.28786786 4.07984543 4.01109752 2.82631611]", "status": "1", "success": "True", "message": "Optimization terminated successfully.", "nfev": "233", "fun": "0.4657426700085028", "maxcv": "0.0"}, "6": {"maxiter": 500, "tol": 1e-10, "catol": 1e-05, "duration": 0.06