{"date": "2024/07/19/, 19:51:43", "conf_id": 299, "data_type": "var_s_rank\n", "num_data_points": 3, "s_rank": 0, "unitary": "[[-0.24866696+0.58742286j,-0.44704345-0.43151574j,-0.35669027-0.20570733j,-0.10517633+0.1626036j],[0.10596805-0.19687975j,-0.30269685-0.15056416j,0.18246286+0.30440582j,-0.83484447-0.11310748j],[0.26054512-0.52548482j,0.0285017-0.50723956j,-0.43110112+0.17165838j,0.15243271+0.39915801j],[0.42978035+0.11991271j,-0.17224126-0.46030424j,0.6827807-0.15164662j,0.26483638+0.0061855j]]", "databatch_0": {"databatch": "[[[0.02752092+0.07199396j,0.18810323-0.0343075j,-0.00700126-0.31637231j,-0.04344739-0.35329094j],[-0.06524723-0.10298969j,-0.42073714-0.07253198j,-0.0591221-0.10618052j,0.08812393-0.15385855j],[0.09326313-0.00630535j,-0.00691586-0.11330109j,-0.10637004-0.31220392j,0.3075622-0.06013316j],[0.11925213-0.37810741j,0.00372306-0.01143267j,0.19760809+0.04314912j,-0.12755288-0.21017562j]],[[-0.01432268-0.07232093j,-0.22984696+0.05365692j,-0.0477896+0.28506792j,0.09145314+0.3672788j],[0.14566533-0.04213425j,0.10589803-0.10219208j,0.01367291+0.18700439j,-0.24039596-0.20913574j],[-0.17240002-0.15850178j,-0.33378892-0.0266057j,0.154255+0.00488932j,0.06978311-0.26023784j],[-0.11244359-0.32825912j,0.16467002+0.19938924j,-0.2433673+0.03814839j,-0.0694786-0.12064206j]],[[-0.24956987-0.04385019j,-0.06341594+0.29423717j,0.16170226-0.02588466j,-0.20576108+0.05146103j],[0.19149102+0.04513081j,-0.10344941-0.21386597j,-0.16217867-0.05022269j,0.19062734+0.08651142j],[-0.26010862-0.05533015j,-0.16670086+0.03900849j,0.45956468+0.27672399j,-0.10130606-0.11851414j],[0.143257+0.12127258j,-0.21408609-0.1643242j,-0.05005728+0.2316663j,0.04899804-0.16384236j]]]", "initial param values": "[3.74234649,2.1149201,5.08055597,5.22711768,5.84000803,5.83663456]", "nelder_mead": {"type": "gradient-free", "0": {"maxiter": 100, "fatol": 1e-05, "xatol": 1e-05, "duration": 0.026379108428955078, "fun": "0.6262546808414304", "nit": "100", "nfev": "154", "status": "2", "success": "False", "message": "Maximum number of iterations has been exceeded.", "x": "[4.90812108 1.76591699 4.96827939 2.77808834 6.37383638 6.11915698]", "final_simplex": "(array([[4.90812108, 1.76591699, 4.96827939, 2.77808834, 6.37383638,\n        6.11915698],\n       [4.93118816, 1.78501091, 4.97571008, 2.75184941, 6.37995624,\n        6.07623612],\n       [4.92644315, 1.70819964, 4.93654861, 2.772868  , 6.40891446,\n        6.20710551],\n       [4.93404766, 1.80068402, 4.89867544, 2.73886653, 6.39877172,\n        6.11216006],\n       [4.92515532, 1.80289573, 4.94778393, 2.73839598, 6.39103745,\n        6.13035534],\n       [4.90473399, 1.76661398, 4.96192131, 2.76754842, 6.43161646,\n        6.17476152],\n       [4.93682679, 1.76476589, 4.99203196, 2.78630814, 6.39787301,\n        6.10757713]]), array([0.62625468, 0.6262855 , 0.62662076, 0.62698816, 0.62702747,\n       0.62713759, 0.62733478]))"}, "1": {"maxiter": 100, "fatol": 1e-05, "xatol": 1e-10, "duration": 0.026217222213745117, "fun": "0.6262546808414304", "nit": "100", "nfev": "154", "status": "2", "success": "False", "message": "Maximum number of iterations has been exceeded.", "x": "[4.90812108 1.76591699 4.96827939 2.77808834 6.37383638 6.11915698]", "final_simplex": "(array([[4.90812108, 1.76591699, 4.96827939, 2.77808834, 6.37383638,\n        6.11915698],\n       [4.93118816, 1.78501091, 4.97571008, 2.75184941, 6.37995624,\n        6.07623612],\n       [4.92644315, 1.70819964, 4.93654861, 2.772868  , 6.40891446,\n        6.20710551],\n       [4.93404766, 1.80068402, 4.89867544, 2.73886653, 6.39877172,\n        6.11216006],\n       [4.92515532, 1.80289573, 4.94778393, 2.73839598, 6.39103745,\n        6.13035534],\n       [4.90473399, 1.76661398, 4.96192131, 2.76754842, 6.43161646,\n        6.17476152],\n       [4.93682679, 1.76476589, 4.99203196, 2.78630814, 6.39787301,\n        6.10757713]]), array([0.62625468, 0.6262855 , 0.62662076, 0.62698816, 0.62702747,\n       0.62713759, 0.62733478]))"}, "2": {"maxiter": 100, "fatol": 1e-10, "xatol": 1e-05, "duration": 0.026236772537231445, "fun": "0.6262546808414304", "nit": "100", "nfev": "154", "status": "2", "success": "False", "message": "Maximum number of iterations has been exceeded.", "x": "[4.90812108 1.76591699 4.96827939 2.77808834 6.37383638 6.11915698]", "final_simplex": "(array([[4.90812108, 1.76591699, 4.96827939, 2.77808834, 6.37383638,\n        6.11915698],\n       [4.93118816, 1.78501091, 4.97571008, 2.75184941, 6.37995624,\n        6.07623612],\n       [4.92644315, 1.70819964, 4.93654861, 2.772868  , 6.40891446,\n        6.20710551],\n       [4.93404766, 1.80068402, 4.89867544, 2.73886653, 6.39877172,\n        6.11216006],\n       [4.92515532, 1.80289573, 4.94778393, 2.73839598, 6.39103745,\n        6.13035534],\n       [4.90473399, 1.76661398, 4.96192131, 2.76754842, 6.43161646,\n        6.17476152],\n       [4.93682679, 1.76476589, 4.99203196, 2.78630814, 6.39787301,\n        6.10757713]]), array([0.62625468, 0.6262855 , 0.62662076, 0.62698816, 0.62702747,\n       0.62713759, 0.62733478]))"}, "3": {"maxiter": 100, "fatol": 1e-10, "xatol": 1e-10, "duration": 0.0262448787689209, "fun": "0.6262546808414304", "nit": "100", "nfev": "154", "status": "2", "success": "False", "message": "Maximum number of iterations has been exceeded.", "x": "[4.90812108 1.76591699 4.96827939 2.77808834 6.37383638 6.11915698]", "final_simplex": "(array([[4.90812108, 1.76591699, 4.96827939, 2.77808834, 6.37383638,\n        6.11915698],\n       [4.93118816, 1.78501091, 4.97571008, 2.75184941, 6.37995624,\n        6.07623612],\n       [4.92644315, 1.70819964, 4.93654861, 2.772868  , 6.40891446,\n        6.20710551],\n       [4.93404766, 1.80068402, 4.89867544, 2.73886653, 6.39877172,\n        6.11216006],\n       [4.92515532, 1.80289573, 4.94778393, 2.73839598, 6.39103745,\n        6.13035534],\n       [4.90473399, 1.76661398, 4.96192131, 2.76754842, 6.43161646,\n        6.17476152],\n       [4.93682679, 1.76476589, 4.99203196, 2.78630814, 6.39787301,\n        6.10757713]]), array([0.62625468, 0.6262855 , 0.62662076, 0.62698816, 0.62702747,\n       0.62713759, 0.62733478]))"}, "4": {"maxiter": 500, "fatol": 1e-05, "xatol": 1e-05, "duration": 0.08522391319274902, "fun": "0.6104638927295067", "nit": "315", "nfev": "502", "status": "0", "success": "True", "message": "Optimization terminated successfully.", "x": "[4.75548909 1.53069664 5.10090889 2.53435519 5.6549913  5.54990803]", "final_simplex": "(array([[4.75548909, 1.53069664, 5.10090889, 2.53435519, 5.6549913 ,\n        5.54990803],\n       [4.7554918 , 1.53069589, 5.10090573, 2.5343558 , 5.65498706,\n        5.54990585],\n       [4.75549421, 1.53069802, 5.10090654, 2.53435334, 5.6549957 ,\n        5.54990938],\n       [4.75549429, 1.53070103, 5.10090835, 2.53435447, 5.65499626,\n        5.54991224],\n       [4.75549458, 1.53069281, 5.10090656, 2.53435796, 5.65499223,\n        5.54991314],\n       [4.75549044, 1.53069498, 5.10090012, 2.53435511, 5.65499299,\n        5.54991778],\n       [4.75549508, 1.53069877, 5.10090674, 2.53435668, 5.65499572,\n        5.54990691]]), array([0.61046389, 0.61046389, 0.61046389, 0.61046389, 0.61046389,\n       0.61046389, 0.61046389]))"}, "5": {"maxiter": 500, "fatol": 1e-05, "xatol": 1e-10, "duration": 0.12104296684265137, "fun": "0.6104638927272388", "nit": "404", "nfev": "716", "status": "0", "success": "True", "message": "Optimization terminated successfully.", "x": "[4.75549026 1.53069402 5.10090749 2.53435226 5.65499044 5.54991163]", "final_simplex": "(array([[4.75549026, 1.53069402, 5.10090749, 2.53435226, 5.65499044,\n        5.54991163],\n       [4.75549026, 1.53069402, 5.10090749, 2.53435226, 5.65499044,\n        5.54991163],\n       [4.75549026, 1.53069402, 5.10090749, 2.53435226, 5.65499044,\n        5.54991163],\n       [4.75549026, 1.53069402, 5.10090749, 2.53435226, 5.65499044,\n        5.54991163],\n       [4.75549026, 1.53069402, 5.10090749, 2.53435226, 5.65499044,\n        5.54991163],\n       [4.75549026, 1.53069402, 5.10090749, 2.53435226, 5.65499044,\n        5.54991163],\n       [4.75549026, 1.53069402, 5.10090749, 2.53435226, 5.65499044,\n        5.54991163]]), array([0.61046389, 0.61046389, 0.61046389, 0.61046389, 0.61046389,\n       0.61046389, 0.61046389]))"}, "6": {"maxiter": 500, "fatol": 1e-10, "xatol": 1e-05, "duration": 0.08538222312927246, "fun": "0.6104638927295067", "nit": "315", "nfev": "502", "status": "0", "success": "True", "message": "Optimization terminated successfully.", "x": "[4.75548909 1.53069664 5.10090889 2.53435519 5.6549913  5.54990803]", "final_simplex": "(array([[4.75548909, 1.53069664, 5.10090889, 2.53435519, 5.6549913 ,\n        5.54990803],\n       [4.7554918 , 1.53069589, 5.10090573, 2.5343558 , 5.65498706,\n        5.54990585],\n       [4.75549421, 1.53069802, 5.10090654, 2.53435334, 5.6549957 ,\n        5.54990938],\n       [4.75549429, 1.53070103, 5.10090835, 2.53435447, 5.65499626,\n        5.54991224],\n       [4.75549458, 1.53069281, 5.10090656, 2.53435796, 5.65499223,\n        5.54991314],\n       [4.75549044, 1.53069498, 5.10090012, 2.53435511, 5.65499299,\n        5.54991778],\n       [4.75549508, 1.53069877, 5.10090674, 2.53435668, 5.65499572,\n        5.54990691]]), array([0.61046389, 0.61046389, 0.61046389, 0.61046389, 0.61046389,\n       0.61046389, 0.61046389]))"}, "7": {"maxiter": 500, "fatol": 1e-10, "xatol": 1e-10, "duration": 0.12113261222839355, "fun": "0.6104638927272388", "nit": "404", "nfev": "716", "status": "0", "success": "True", "message": "Optimization terminated successfully.", "x": "[4.75549026 1.53069402 5.10090749 2.53435226 5.65499044 5.54991163]", "final_simplex": "(array([[4.75549026, 1.53069402, 5.10090749, 2.53435226, 5.65499044,\n        5.54991163],\n       [4.75549026, 1.53069402, 5.10090749, 2.53435226, 5.65499044,\n        5.54991163],\n       [4.75549026, 1.53069402, 5.10090749, 2.53435226, 5.65499044,\n        5.54991163],\n       [4.75549026, 1.53069402, 5.10090749, 2.53435226, 5.65499044,\n        5.54991163],\n       [4.75549026, 1.53069402, 5.10090749, 2.53435226, 5.65499044,\n        5.54991163],\n       [4.75549026, 1.53069402, 5.10090749, 2.53435226, 5.65499044,\n        5.54991163],\n       [4.75549026, 1.53069402, 5.10090749, 2.53435226, 5.65499044,\n        5.54991163]]), array([0.61046389, 0.61046389, 0.61046389, 0.61046389, 0.61046389,\n       0.61046389, 0.61046389]))"}, "8": {"maxiter": 1000, "fatol": 1e-05, "xatol": 1e-05, "duration": 0.08625292778015137, "fun": "0.6104638927295067", "nit": "315", "nfev": "502", "status": "0", "success": "True", "message": "Optimization terminated successfully.", "x": "[4.75548909 1.53069664 5.10090889 2.53435519 5.6549913  5.54990803]", "final_simplex": "(array([[4.75548909, 1.53069664, 5.10090889, 2.53435519, 5.6549913 ,\n        5.54990803],\n       [4.7554918 , 1.53069589, 5.10090573, 2.5343558 , 5.65498706,\n        5.54990585],\n       [4.75549421, 1.53069802, 5.10090654, 2.53435334, 5.6549957 ,\n        5.54990938],\n       [4.75549429, 1.53070103, 5.10090835, 2.53435447, 5.65499626,\n        5.54991224],\n       [4.75549458, 1.53069281, 5.10090656, 2.53435796, 5.65499223,\n        5.54991314],\n       [4.75549044, 1.53069498, 5.10090012, 2.53435511, 5.65499299,\n        5.54991778],\n       [4.75549508, 1.53069877, 5.10090674, 2.53435668, 5.65499572,\n        5.54990691]]), array([0.61046389, 0.61046389, 0.61046389, 0.61046389, 0.61046389,\n       0.61046389, 0.61046389]))"}, "9": {"maxiter": 1000, "fatol": 1e-05, "xatol": 1e-10, "duration": 0.12209701538085938, "fun": "0.6104638927272388", "nit": "404", "nfev": "716", "status": "0", "success": "True", "message": "Optimization terminated successfully.", "x": "[4.75549026 1.53069402 5.10090749 2.53435226 5.65499044 5.54991163]", "final_simplex": "(array([[4.75549026, 1.53069402, 5.10090749, 2.53435226, 5.65499044,\n        5.54991163],\n       [4.75549026, 1.53069402, 5.10090749, 2.53435226, 5.65499044,\n        5.54991163],\n       [4.75549026, 1.53069402, 5.10090749, 2.53435226, 5.65499044,\n        5.54991163],\n       [4.75549026, 1.53069402, 5.10090749, 2.53435226, 5.65499044,\n        5.54991163],\n       [4.75549026, 1.53069402, 5.10090749, 2.53435226, 5.65499044,\n        5.54991163],\n       [4.75549026, 1.53069402, 5.10090749, 2.53435226, 5.65499044,\n        5.54991163],\n       [4.75549026, 1.53069402, 5.10090749, 2.53435226, 5.65499044,\n        5.54991163]]), array([0.61046389, 0.61046389, 0.61046389, 0.61046389, 0.61046389,\n       0.61046389, 0.61046389]))"}, "10": {"maxiter": 1000, "fatol": 1e-10, "xatol": 1e-05, "duration": 0.08558106422424316, "fun": "0.6104638927295067", "nit": "315", "nfev": "502", "status": "0", "success": "True", "message": "Optimization terminated successfully.", "x": "[4.75548909 1.53069664 5.10090889 2.53435519 5.6549913  5.54990803]", "final_simplex": "(array([[4.75548909, 1.53069664, 5.10090889, 2.53435519, 5.6549913 ,\n        5.54990803],\n       [4.7554918 , 1.53069589, 5.10090573, 2.5343558 , 5.65498706,\n        5.54990585],\n       [4.75549421, 1.53069802, 5.10090654, 2.53435334, 5.6549957 ,\n        5.54990938],\n       [4.75549429, 1.53070103, 5.10090835, 2.53435447, 5.65499626,\n        5.54991224],\n       [4.75549458, 1.53069281, 5.10090656, 2.53435796, 5.65499223,\n        5.54991314],\n       [4.75549044, 1.53069498, 5.10090012, 2.53435511, 5.65499299,\n        5.54991778],\n       [4.75549508, 1.53069877, 5.10090674, 2.53435668, 5.65499572,\n        5.54990691]]), array([0.61046389, 0.61046389, 0.61046389, 0.61046389, 0.61046389,\n       0.61046389, 0.61046389]))"}, "11": {"maxiter": 1000, "fatol": 1e-10, "xatol": 1e-10, "duration": 0.12188887596130371, "fun": "0.6104638927272388", "nit": "404", "nfev": "716", "status": "0", "success": "True", "message": "Optimization terminated successfully.", "x": "[4.75549026 1.53069402 5.10090749 2.53435226 5.65499044 5.54991163]", "final_simplex": "(array([[4.75549026, 1.53069402, 5.10090749, 2.53435226, 5.65499044,\n        5.54991163],\n       [4.75549026, 1.53069402, 5.10090749, 2.53435226, 5.65499044,\n        5.54991163],\n       [4.75549026, 1.53069402, 5.10090749, 2.53435226, 5.65499044,\n        5.54991163],\n       [4.75549026, 1.53069402, 5.10090749, 2.53435226, 5.65499044,\n        5.54991163],\n       [4.75549026, 1.53069402, 5.10090749, 2.53435226, 5.65499044,\n        5.54991163],\n       [4.75549026, 1.53069402, 5.10090749, 2.53435226, 5.65499044,\n        5.54991163],\n       [4.75549026, 1.53069402, 5.10090749, 2.53435226, 5.65499044,\n        5.54991163]]), array([0.61046389, 0.61046389, 0.61046389, 0.61046389, 0.61046389,\n       0.61046389, 0.61046389]))"}}, "bfgs": {"type": "gradient", "0": {"maxiter": 100, "gtol": 1e-05, "xrtol": 1e-05, "eps": 1e-05, "duration": 0.04537224769592285, "fun": "0.481270190919315", "jac": "[-9.98978678e-08  4.05540046e-06  1.11153309e-06  2.12958540e-06\n -6.34645669e-06  5.12829779e-06]", "hess_inv": "[[ 6.25723471  0.70590298 -1.31204827 -0.06446972 -1.01761377 -1.58686952]\n [ 0.70590298  4.55551549 -1.87485012 -0.19104179  0.24727126 -1.02301968]\n [-1.31204827 -1.87485012  5.84811802 -0.84531254  0.33112041  1.87222689]\n [-0.06446972 -0.19104179 -0.84531254  4.75623502 -0.21581335 -0.43199569]\n [-1.01761377  0.24727126  0.33112041 -0.21581335  4.17108273  1.57292926]\n [-1.58686952 -1.02301968  1.87222689 -0.43199569  1.57292926  4.91136248]]", "nfev": "259", "njev": "37", "status": "0", "success": "True", "message": "Optimization terminated successfully.", "x": "[5.00966918 2.7901427  7.8145531  1.83677872 3.15039509 5.45786765]", "nit": "29"}, "1": {"maxiter": 100, "gtol": 1e-05, "xrtol": 1e-05, "eps": 1e-10, "duration": 0.04523277282714844, "fun": "0.48127019102842195", "jac": "[-1.11022293e-06  6.66133760e-06 -1.11022293e-06  1.11022293e-06\n -8.88178346e-06  6.66133760e-06]", "hess_inv": "[[ 6.26034377  0.71950168 -1.38157563 -0.08439811 -0.98558435 -1.64533522]\n [ 0.71950168  4.45038485 -1.80880476 -0.17631525  0.31486234 -1.02384015]\n [-1.38157563 -1.80880476  5.83670204 -0.87988821  0.25660313  1.87078712]\n [-0.08439811 -0.17631525 -0.87988821  4.72891548 -0.20922011 -0.4863584 ]\n [-0.98558435  0.31486234  0.25660313 -0.20922011  4.1551364   1.56628396]\n [-1.64533522 -1.02384015  1.87078712 -0.4863584   1.56628396  4.89833706]]", "nfev": "259", "njev": "37", "status": "0", "success": "True", "message": "Optimization terminated successfully.", "x": "[5.00967412 2.7901596  7.81454328 1.83678413 3.15039309 5.45786909]", "nit": "29"}, "2": {"maxiter": 100, "gtol": 1e-05, "xrtol": 1e-10, "eps": 1e-05, "duration": 0.0451967716217041, "fun": "0.481270190919315", "jac": "[-9.98978678e-08  4.05540046e-06  1.11153309e-06  2.12958540e-06\n -6.34645669e-06  5.12829779e-06]", "hess_inv": "[[ 6.25723471  0.70590298 -1.31204827 -0.06446972 -1.01761377 -1.58686952]\n [ 0.70590298  4.55551549 -1.87485012 -0.19104179  0.24727126 -1.02301968]\n [-1.31204827 -1.87485012  5.84811802 -0.84531254  0.33112041  1.87222689]\n [-0.06446972 -0.19104179 -0.84531254  4.75623502 -0.21581335 -0.43199569]\n [-1.01761377  0.24727126  0.33112041 -0.21581335  4.17108273  1.57292926]\n [-1.58686952 -1.02301968  1.87222689 -0.43199569  1.57292926  4.91136248]]", "nfev": "259", "njev": "37", "status": "0", "success": "True", "message": "Optimization terminated successfully.", "x": "[5.00966918 2.7901427  7.8145531  1.83677872 3.15039509 5.45786765]", "nit": "29"}, "3": {"maxiter": 100, "gtol": 1e-05, "xrtol": 1e-10, "eps": 1e-10, "duration": 0.04517769813537598, "fun": "0.48127019102842195", "jac": "[-1.11022293e-06  6.66133760e-06 -1.11022293e-06  1.11022293e-06\n -8.88178346e-06  6.66133760e-06]", "hess_inv": "[[ 6.26034377  0.71950168 -1.38157563 -0.08439811 -0.98558435 -1.64533522]\n [ 0.71950168  4.45038485 -1.80880476 -0.17631525  0.31486234 -1.02384015]\n [-1.38157563 -1.80880476  5.83670204 -0.87988821  0.25660313  1.87078712]\n [-0.08439811 -0.17631525 -0.87988821  4.72891548 -0.20922011 -0.4863584 ]\n [-0.98558435  0.31486234  0.25660313 -0.20922011  4.1551364   1.56628396]\n [-1.64533522 -1.02384015  1.87078712 -0.4863584   1.56628396  4.89833706]]", "nfev": "259", "njev": "37", "status": "0", "success": "True", "message": "Optimization terminated successfully.", "x": "[5.00967412 2.7901596  7.81454328 1.83678413 3.15039309 5.45786909]", "nit": "29"}, "4": {"maxiter": 100, "gtol": 1e-10, "xrtol": 1e-05, "eps": 1e-05, "duration": 0.04631495475769043, "fun": "0.4812701907927073", "jac": "[ 1.78412840e-08  2.12874163e-07  4.71789274e-07  3.77664566e-07\n -6.61826149e-07  6.66522393e-07]", "hess_inv": "[[ 6.24466471  0.68368586 -1.25335455 -0.04470878 -1.04149768 -1.54210182]\n [ 0.68368586  4.64626794 -1.77251018 -0.08542024  0.02164692 -0.84066223]\n [-1.25335455 -1.77251018  5.57407165 -0.9383442   0.44461691  1.66207971]\n [-0.04470878 -0.08542024 -0.9383442   4.76360745 -0.27798976 -0.4462446 ]\n [-1.04149768  0.02164692  0.44461691 -0.27798976  4.38442453  1.51236978]\n [-1.54210182 -0.84066223  1.66207971 -0.4462446   1.51236978  4.83388607]]", "nfev": "266", "njev": "38", "status": "0", "success": "True", "message": "Optimization terminated successfully.", "x": "[5.00966982 2.79013053 7.81455026 1.83677049 3.15041507 5.45785482]", "nit": "30"}, "5": {"maxiter": 100, "gtol": 1e-10, "xrtol": 1e-05, "eps": 1e-10, "duration": 0.04642367362976074, "fun": "0.4812701907893072", "jac": "[ 1.11022293e-06 -2.22044587e-06  1.11022293e-06  0.00000000e+00\n -1.11022293e-06  0.00000000e+00]", "hess_inv": "[[ 6.21129284  0.65819564 -1.27043225 -0.07831055 -1.00791034 -1.57111153]\n [ 0.65819564  4.74019858 -1.88376248 -0.11823234 -0.04638403 -0.83190669]\n [-1.27043225 -1.88376248  5.70968917 -0.9231411   0.50174531  1.64472779]\n [-0.07831055 -0.11823234 -0.9231411   4.73511251 -0.25236516 -0.48191065]\n [-1.00791034 -0.04638403  0.50174531 -0.25236516  4.44821133  1.50985823]\n [-1.57111153 -0.83190669  1.64472779 -0.48191065  1.50985823  4.81285823]]", "nfev": "266", "njev": "38", "status": "0", "success": "True", "message": "Optimization terminated successfully.", "x": "[5.00967683 2.79013192 7.81455528 1.83677952 3.15042257 5.4578566 ]", "nit": "30"}, "6": {"maxiter": 100, "gtol": 1e-10, "xrtol": 1e-10, "eps": 1e-05, "duration": 0.08184695243835449, "fun": "0.4812701907927073", "jac": "[ 1.78412840e-08  2.12874163e-07  4.71789274e-07  3.77664566e-07\n -6.61826149e-07  6.66522393e-07]", "hess_inv": "[[ 6.24824797  0.65243133 -1.26825388 -0.07000668 -0.98331544 -1.58349631]\n [ 0.65243133  4.53463915 -1.65319982 -0.08168152  0.07325275 -0.79721567]\n [-1.26825388 -1.65319982  5.63572854 -0.8391653   0.21818516  1.82539868]\n [-0.07000668 -0.08168152 -0.8391653   4.81975247 -0.37312917 -0.33330196]\n [-0.98331544  0.07325275  0.21818516 -0.37312917  4.51563351  1.30237931]\n [-1.58349631 -0.79721567  1.82539868 -0.33330196  1.30237931  5.04954783]]", "nfev": "472", "njev": "66", "status": "2", "success": "False", "message": "Desired error not necessarily achieved due to precision loss.", "x": "[5.00966982 2.79013053 7.81455026 1.83677049 3.15041507 5.45785482]", "nit": "30"}, "7": {"maxiter": 100, "gtol": 1e-10, "xrtol": 1e-10, "eps": 1e-10, "duration": 0.11245989799499512, "fun": "0.48127019078529754", "jac": "[0.00000000e+00 0.00000000e+00 0.00000000e+00 1.11022293e-06\n 0.00000000e+00 0.00000000e+00]", "hess_inv": "[[ 0.0123305  -0.04523269 -0.0091999   0.00983313  0.00213165  0.00081394]\n [-0.04523269  0.29005227  0.04656431 -0.05054566 -0.08811959  0.05727075]\n [-0.0091999   0.04656431  0.01835074 -0.01248296  0.00086369 -0.01258557]\n [ 0.00983313 -0.05054566 -0.01248296  0.0129617   0.00162177  0.00654451]\n [ 0.00213165 -0.08811959  0.00086369  0.00162177  0.08065662 -0.07764766]\n [ 0.00081394  0.05727075 -0.01258557  0.00654451 -0.07764766  0.08778954]]", "nfev": "648", "njev": "91", "status": "2", "success": "False", "message": "Desired error not necessarily achieved due to precision loss.", "x": "[5.0096723  2.79013574 7.81455135 1.83677941 3.15042502 5.45785709]", "nit": "41"}, "8": {"maxiter": 500, "gtol": 1e-05, "xrtol": 1e-05, "eps": 1e-05, "duration": 0.045165061950683594, "fun": "0.481270190919315", "jac": "[-9.98978678e-08  4.05540046e-06  1.11153309e-06  2.12958540e-06\n -6.34645669e-06  5.12829779e-06]", "hess_inv": "[[ 6.25723471  0.70590298 -1.31204827 -0.06446972 -1.01761377 -1.58686952]\n [ 0.70590298  4.55551549 -1.87485012 -0.19104179  0.24727126 -1.02301968]\n [-1.31204827 -1.87485012  5.84811802 -0.84531254  0.33112041  1.87222689]\n [-0.06446972 -0.19104179 -0.84531254  4.75623502 -0.21581335 -0.43199569]\n [-1.01761377  0.24727126  0.33112041 -0.21581335  4.17108273  1.57292926]\n [-1.58686952 -1.02301968  1.87222689 -0.43199569  1.57292926  4.91136248]]", "nfev": "259", "njev": "37", "status": "0", "success": "True", "message": "Optimization terminated successfully.", "x": "[5.00966918 2.7901427  7.8145531  1.83677872 3.15039509 5.45786765]", "nit": "29"}, "9": {"maxiter": 500, "gtol": 1e-05, "xrtol": 1e-05, "eps": 1e-10, "duration": 0.045104265213012695, "fun": "0.48127019102842195", "jac": "[-1.11022293e-06  6.66133760e-06 -1.11022293e-06  1.11022293e-06\n -8.88178346e-06  6.66133760e-06]", "hess_inv": "[[ 6.26034377  0.71950168 -1.38157563 -0.08439811 -0.98558435 -1.64533522]\n [ 0.71950168  4.45038485 -1.80880476 -0.17631525  0.31486234 -1.02384015]\n [-1.38157563 -1.80880476  5.83670204 -0.87988821  0.25660313  1.87078712]\n [-0.08439811 -0.17631525 -0.87988821  4.72891548 -0.20922011 -0.4863584 ]\n [-0.98558435  0.31486234  0.25660313 -0.20922011  4.1551364   1.56628396]\n [-1.64533522 -1.02384015  1.87078712 -0.4863584   1.56628396  4.89833706]]", "nfev": "259", "njev": "37", "status": "0", "success": "True", "message": "Optimization terminated successfully.", "x": "[5.00967412 2.7901596  7.81454328 1.83678413 3.15039309 5.45786909]", "nit": "29"}, "10": {"maxiter": 500, "gtol": 1e-05, "xrtol": 1e-10, "eps": 1e-05, "duration": 0.045316219329833984, "fun": "0.481270190919315", "jac": "[-9.98978678e-08  4.05540046e-06  1.11153309e-06  2.12958540e-06\n -6.34645669e-06  5.12829779e-06]", "hess_inv": "[[ 6.25723471  0.70590298 -1.31204827 -0.06446972 -1.01761377 -1.58686952]\n [ 0.70590298  4.55551549 -1.87485012 -0.19104179  0.24727126 -1.02301968]\n [-1.31204827 -1.87485012  5.84811802 -0.84531254  0.33112041  1.87222689]\n [-0.06446972 -0.19104179 -0.84531254  4.75623502 -0.21581335 -0.43199569]\n [-1.01761377  0.24727126  0.33112041 -0.21581335  4.17108273  1.57292926]\n [-1.58686952 -1.02301968  1.87222689 -0.43199569  1.57292926  4.91136248]]", "nfev": "259", "njev": "37", "status": "0", "success": "True", "message": "Optimization terminated successfully.", "x": "[5.00966918 2.7901427  7.8145531  1.83677872 3.15039509 5.45786765]", "nit": "29"}, "11": {"maxiter": 500, "gtol": 1e-05, "xrtol": 1e-10, "eps": 1e-10, "duration": 0.04536890983581543, "fun": "0.48127019102842195", "jac": "[-1.11022293e-06  6.66133760e-06 -1.11022293e-06  1.11022293e-06\n -8.88178346e-06  6.66133760e-06]", "hess_inv": "[[ 6.26034377  0.71950168 -1.38157563 -0.08439811 -0.98558435 -1.64533522]\n [ 0.71950168  4.45038485 -1.80880476 -0.17631525  0.31486234 -1.02384015]\n [-1.38157563 -1.80880476  5.83670204 -0.87988821  0.25660313  1.87078712]\n [-0.08439811 -0.17631525 -0.87988821  4.72891548 -0.20922011 -0.4863584 ]\n [-0.98558435  0.31486234  0.25660313 -0.20922011  4.1551364   1.56628396]\n [-1.64533522 -1.02384015  1.87078712 -0.4863584   1.56628396  4.89833706]]", "nfev": "259", "njev": "37", "status": "0", "success": "True", "message": "Optimization terminated successfully.", "x": "[5.00967412 2.7901596  7.81454328 1.83678413 3.15039309 5.45786909]", "nit": "29"}, "12": {"maxiter": 500, "gtol": 1e-10, "xrtol": 1e-05, "eps": 1e-05, "duration": 0.04619789123535156, "fun": "0.4812701907927073", "jac": "[ 1.78412840e-08  2.12874163e-07  4.71789274e-07  3.77664566e-07\n -6.61826149e-07  6.66522393e-07]", "hess_inv": "[[ 6.24466471  0.68368586 -1.25335455 -0.04470878 -1.04149768 -1.54210182]\n [ 0.68368586  4.64626794 -1.77251018 -0.08542024  0.02164692 -0.84066223]\n [-1.25335455 -1.77251018  5.57407165 -0.9383442   0.44461691  1.66207971]\n [-0.04470878 -0.08542024 -0.9383442   4.76360745 -0.27798976 -0.4462446 ]\n [-1.04149768  0.02164692  0.44461691 -0.27798976  4.38442453  1.51236978]\n [-1.54210182 -0.84066223  1.66207971 -0.4462446   1.51236978  4.83388607]]", "nfev": "266", "njev": "38", "status": "0", "success": "True", "message": "Optimization terminated successfully.", "x": "[5.00966982 2.79013053 7.81455026 1.83677049 3.15041507 5.45785482]", "nit": "30"}, "13": {"maxiter": 500, "gtol": 1e-10, "xrtol": 1e-05, "eps": 1e-10, "duration": 0.046973228454589844, "fun": "0.4812701907893072", "jac": "[ 1.11022293e-06 -2.22044587e-06  1.11022293e-06  0.00000000e+00\n -1.11022293e-06  0.00000000e+00]", "hess_inv": "[[ 6.21129284  0.65819564 -1.27043225 -0.07831055 -1.00791034 -1.57111153]\n [ 0.65819564  4.74019858 -1.88376248 -0.11823234 -0.04638403 -0.83190669]\n [-1.27043225 -1.88376248  5.70968917 -0.9231411   0.50174531  1.64472779]\n [-0.07831055 -0.11823234 -0.9231411   4.73511251 -0.25236516 -0.48191065]\n [-1.00791034 -0.04638403  0.50174531 -0.25236516  4.44821133  1.50985823]\n [-1.57111153 -0.83190669  1.64472779 -0.48191065  1.50985823  4.81285823]]", "nfev": "266", "njev": "38", "status": "0", "success": "True", "message": "Optimization terminated successfully.", "x": "[5.00967683 2.79013192 7.81455528 1.83677952 3.15042257 5.4578566 ]", "nit": "30"}, "14": {"maxiter": 500, "gtol": 1e-10, "xrtol": 1e-10, "eps": 1e-05, "duration": 0.08208203315734863, "fun": "0.4812701907927073", "jac": "[ 1.78412840e-08  2.12874163e-07  4.71789274e-07  3.77664566e-07\n -6.61826149e-07  6.66522393e-07]", "hess_inv": "[[ 6.24824797  0.65243133 -1.26825388 -0.07000668 -0.98331544 -1.58349631]\n [ 0.65243133  4.53463915 -1.65319982 -0.08168152  0.07325275 -0.79721567]\n [-1.26825388 -1.65319982  5.63572854 -0.8391653   0.21818516  1.82539868]\n [-0.07000668 -0.08168152 -0.8391653   4.81975247 -0.37312917 -0.33330196]\n [-0.98331544  0.07325275  0.21818516 -0.37312917  4.51563351  1.30237931]\n [-1.58349631 -0.79721567  1.82539868 -0.33330196  1.30237931  5.04954783]]", "nfev": "472", "njev": "66", "status": "2", "success": "False", "message": "Desired error not necessarily achieved due to precision loss.", "x": "[5.00966982 2.79013053 7.81455026 1.83677049 3.15041507 5.45785482]", "nit": "30"}, "15": {"maxiter": 500, "gtol": 1e-10, "xrtol": 1e-10, "eps": 1e-10, "duration": 0.11282610893249512, "fun": "0.48127019078529754", "jac": "[0.00000000e+00 0.00000000e+00 0.00000000e+00 1.11022293e-06\n 0.00000000e+00 0.00000000e+00]", "hess_inv": "[[ 0.0123305  -0.04523269 -0.0091999   0.00983313  0.00213165  0.00081394]\n [-0.04523269  0.29005227  0.04656431 -0.05054566 -0.08811959  0.05727075]\n [-0.0091999   0.04656431  0.01835074 -0.01248296  0.00086369 -0.01258557]\n [ 0.00983313 -0.05054566 -0.01248296  0.0129617   0.00162177  0.00654451]\n [ 0.00213165 -0.08811959  0.00086369  0.00162177  0.08065662 -0.07764766]\n [ 0.00081394  0.05727075 -0.01258557  0.00654451 -0.07764766  0.08778954]]", "nfev": "648", "njev": "91", "status": "2", "success": "False", "message": "Desired error not necessarily achieved due to precision loss.", "x": "[5.0096723  2.79013574 7.81455135 1.83677941 3.15042502 5.45785709]", "nit": "41"}, "16": {"maxiter": 1000, "gtol": 1e-05, "xrtol": 1e-05, "eps": 1e-05, "duration": 0.04541182518005371, "fun": "0.481270190919315", "jac": "[-9.98978678e-08  4.05540046e-06  1.11153309e-06  2.12958540e-06\n -6.34645669e-06  5.12829779e-06]", "hess_inv": "[[ 6.25723471  0.70590298 -1.31204827 -0.06446972 -1.01761377 -1.58686952]\n [ 0.70590298  4.55551549 -1.87485012 -0.19104179  0.24727126 -1.02301968]\n [-1.31204827 -1.87485012  5.84811802 -0.84531254  0.33112041  1.87222689]\n [-0.06446972 -0.19104179 -0.84531254  4.75623502 -0.21581335 -0.43199569]\n [-1.01761377  0.24727126  0.33112041 -0.21581335  4.17108273  1.57292926]\n [-1.58686952 -1.02301968  1.87222689 -0.43199569  1.57292926  4.91136248]]", "nfev": "259", "njev": "37", "status": "0", "success": "True", "message": "Optimization terminated successfully.", "x": "[5.00966918 2.7901427  7.8145531  1.83677872 3.15039509 5.45786765]", "nit": "29"}, "17": {"maxiter": 1000, "gtol": 1e-05, "xrtol": 1e-05, "eps": 1e-10, "duration": 0.045274972915649414, "fun": "0.48127019102842195", "jac": "[-1.11022293e-06  6.66133760e-06 -1.11022293e-06  1.11022293e-06\n -8.88178346e-06  6.66133760e-06]", "hess_inv": "[[ 6.26034377  0.71950168 -1.38157563 -0.08439811 -0.98558435 -1.64533522]\n [ 0.71950168  4.45038485 -1.80880476 -0.17631525  0.31486234 -1.02384015]\n [-1.38157563 -1.80880476  5.83670204 -0.87988821  0.25660313  1.87078712]\n [-0.08439811 -0.17631525 -0.87988821  4.72891548 -0.20922011 -0.4863584 ]\n [-0.98558435  0.31486234  0.25660313 -0.20922011  4.1551364   1.56628396]\n [-1.64533522 -1.02384015  1.87078712 -0.4863584   1.56628396  4.89833706]]", "nfev": "259", "njev": "37", "status": "0", "success": "True", "message": "Optimization terminated successfully.", "x": "[5.00967412 2.7901596  7.81454328 1.83678413 3.15039309 5.45786909]", "nit": "29"}, "18": {"maxiter": 1000, "gtol": 1e-05, "xrtol": 1e-10, "eps": 1e-05, "duration": 0.04522204399108887, "fun": "0.481270190919315", "jac": "[-9.98978678e-08  4.05540046e-06  1.11153309e-06  2.12958540e-06\n -6.34645669e-06  5.12829779e-06]", "hess_inv": "[[ 6.25723471  0.70590298 -1.31204827 -0.06446972 -1.01761377 -1.58686952]\n [ 0.70590298  4.55551549 -1.87485012 -0.19104179  0.24727126 -1.02301968]\n [-1.31204827 -1.87485012  5.84811802 -0.84531254  0.33112041  1.87222689]\n [-0.06446972 -0.19104179 -0.84531254  4.75623502 -0.21581335 -0.43199569]\n [-1.01761377  0.24727126  0.33112041 -0.21581335  4.17108273  1.57292926]\n [-1.58686952 -1.02301968  1.87222689 -0.43199569  1.57292926  4.91136248]]", "nfev": "259", "njev": "37", "status": "0", "success": "True", "message": "Optimization terminated successfully.", "x": "[5.00966918 2.7901427  7.8145531  1.83677872 3.15039509 5.45786765]", "nit": "29"}, "19": {"maxiter": 1000, "gtol": 1e-05, "xrtol": 1e-10, "eps": 1e-10, "duration": 0.04574227333068848, "fun": "0.48127019102842195", "jac": "[-1.11022293e-06  6.66133760e-06 -1.11022293e-06  1.11022293e-06\n -8.88178346e-06  6.66133760e-06]", "hess_inv": "[[ 6.26034377  0.71950168 -1.38157563 -0.08439811 -0.98558435 -1.64533522]\n [ 0.71950168  4.45038485 -1.80880476 -0.17631525  0.31486234 -1.02384015]\n [-1.38157563 -1.80880476  5.83670204 -0.87988821  0.25660313  1.87078712]\n [-0.08439811 -0.17631525 -0.87988821  4.72891548 -0.20922011 -0.4863584 ]\n [-0.98558435  0.31486234  0.25660313 -0.20922011  4.1551364   1.56628396]\n [-1.64533522 -1.02384015  1.87078712 -0.4863584   1.56628396  4.89833706]]", "nfev": "259", "njev": "37", "status": "0", "success": "True", "message": "Optimization terminated successfully.", "x": "[5.00967412 2.7901596  7.81454328 1.83678413 3.15039309 5.45786909]", "nit": "29"}, "20": {"maxiter": 1000, "gtol": 1e-10, "xrtol": 1e-05, "eps": 1e-05, "duration": 0.0466458797454834, "fun": "0.4812701907927073", "jac": "[ 1.78412840e-08  2.12874163e-07  4.71789274e-07  3.77664566e-07\n -6.61826149e-07  6.66522393e-07]", "hess_inv": "[[ 6.24466471  0.68368586 -1.25335455 -0.04470878 -1.04149768 -1.54210182]\n [ 0.68368586  4.64626794 -1.77251018 -0.08542024  0.02164692 -0.84066223]\n [-1.25335455 -1.77251018  5.57407165 -0.9383442   0.44461691  1.66207971]\n [-0.04470878 -0.08542024 -0.9383442   4.76360745 -0.27798976 -0.4462446 ]\n [-1.04149768  0.02164692  0.44461691 -0.27798976  4.38442453  1.51236978]\n [-1.54210182 -0.84066223  1.66207971 -0.4462446   1.51236978  4.83388607]]", "nfev": "266", "njev": "38", "status": "0", "success": "True", "message": "Optimization terminated successfully.", "x": "[5.00966982 2.79013053 7.81455026 1.83677049 3.15041507 5.45785482]", "nit": "30"}, "21": {"maxiter": 1000, "gtol": 1e-10, "xrtol": 1e-05, "eps": 1e-10, "duration": 0.04654192924499512, "fun": "0.4812701907893072", "jac": "[ 1.11022293e-06 -2.22044587e-06  1.11022293e-06  0.00000000e+00\n -1.11022293e-06  0.00000000e+00]", "hess_inv": "[[ 6.21129284  0.65819564 -1.27043225 -0.07831055 -1.00791034 -1.57111153]\n [ 0.65819564  4.74019858 -1.88376248 -0.11823234 -0.04638403 -0.83190669]\n [-1.27043225 -1.88376248  5.70968917 -0.9231411   0.50174531  1.64472779]\n [-0.07831055 -0.11823234 -0.9231411   4.73511251 -0.25236516 -0.48191065]\n [-1.00791034 -0.04638403  0.50174531 -0.25236516  4.44821133  1.50985823]\n [-1.57111153 -0.83190669  1.64472779 -0.48191065  1.50985823  4.81285823]]", "nfev": "266", "njev": "38", "status": "0", "success": "True", "message": "Optimization terminated successfully.", "x": "[5.00967683 2.79013192 7.81455528 1.83677952 3.15042257 5.4578566 ]", "nit": "30"}, "22": {"maxiter": 1000, "gtol": 1e-10, "xrtol": 1e-10, "eps": 1e-05, "duration": 0.08207416534423828, "fun": "0.4812701907927073", "jac": "[ 1.78412840e-08  2.12874163e-07  4.71789274e-07  3.77664566e-07\n -6.61826149e-07  6.66522393e-07]", "hess_inv": "[[ 6.24824797  0.65243133 -1.26825388 -0.07000668 -0.98331544 -1.58349631]\n [ 0.65243133  4.53463915 -1.65319982 -0.08168152  0.07325275 -0.79721567]\n [-1.26825388 -1.65319982  5.63572854 -0.8391653   0.21818516  1.82539868]\n [-0.07000668 -0.08168152 -0.8391653   4.81975247 -0.37312917 -0.33330196]\n [-0.98331544  0.07325275  0.21818516 -0.37312917  4.51563351  1.30237931]\n [-1.58349631 -0.79721567  1.82539868 -0.33330196  1.30237931  5.04954783]]", "nfev": "472", "njev": "66", "status": "2", "success": "False", "message": "Desired error not necessarily achieved due to precision loss.", "x": "[5.00966982 2.79013053 7.81455026 1.83677049 3.15041507 5.45785482]", "nit": "30"}, "23": {"maxiter": 1000, "gtol": 1e-10, "xrtol": 1e-10, "eps": 1e-10, "duration": 0.11279702186584473, "fun": "0.48127019078529754", "jac": "[0.00000000e+00 0.00000000e+00 0.00000000e+00 1.11022293e-06\n 0.00000000e+00 0.00000000e+00]", "hess_inv": "[[ 0.0123305  -0.04523269 -0.0091999   0.00983313  0.00213165  0.00081394]\n [-0.04523269  0.29005227  0.04656431 -0.05054566 -0.08811959  0.05727075]\n [-0.0091999   0.04656431  0.01835074 -0.01248296  0.00086369 -0.01258557]\n [ 0.00983313 -0.05054566 -0.01248296  0.0129617   0.00162177  0.00654451]\n [ 0.00213165 -0.08811959  0.00086369  0.00162177  0.08065662 -0.07764766]\n [ 0.00081394  0.05727075 -0.01258557  0.00654451 -0.07764766  0.08778954]]", "nfev": "648", "njev": "91", "status": "2", "success": "False", "message": "Desired error not necessarily achieved due to precision loss.", "x": "[5.0096723  2.79013574 7.81455135 1.83677941 3.15042502 5.45785709]", "nit": "41"}}, "cobyla": {"0": {"maxiter": 100, "tol": 1e-05, "catol": 1e-05, "duration": 0.016809940338134766, "x": "[5.01202253 2.79025765 1.53112746 4.44595948 6.29210224 8.60080215]", "status": "2", "success": "False", "message": "Maximum number of function evaluations has been exceeded.", "nfev": "100", "fun": "0.4812711070749657", "maxcv": "0.0"}, "1": {"maxiter": 100, "tol": 1e-05, "catol": 1e-10, "duration": 0.01677083969116211, "x": "[5.01202253 2.79025765 1.53112746 4.44595948 6.29210224 8.60080215]", "status": "2", "success": "False", "message": "Maximum number of function evaluations has been exceeded.", "nfev": "100", "fun": "0.4812711070749657", "maxcv": "0.0"}, "2": {"maxiter": 100, "tol": 1e-10, "catol": 1e-05, "duration": 0.01675701141357422, "x": "[5.01202253 2.79025765 1.53112746 4.44595948 6.29210224 8.60080215]", "status": "2", "success": "False", "message": "Maximum number of function evaluations has been exceeded.", "nfev": "100", "fun": "0.4812711070749657", "maxcv": "0.0"}, "3": {"maxiter": 100, "tol": 1e-10, "catol": 1e-10, "duration": 0.016739845275878906, "x": "[5.01202253 2.79025765 1.53112746 4.44595948 6.29210224 8.60080215]", "status": "2", "success": "False", "message": "Maximum number of function evaluations has been exceeded.", "nfev": "100", "fun": "0.4812711070749657", "maxcv": "0.0"}, "4": {"maxiter": 500, "tol": 1e-05, "catol": 1e-05, "duration": 0.02577376365661621, "x": "[5.0096697  2.79013146 1.53137463 4.44640757 6.29201491 8.59944959]", "status": "1", "success": "True", "message": "Optimization terminated successfully.", "nfev": "154", "fun": "0.48127019079147626", "maxcv": "0.0"}, "5": {"maxiter": 500, "tol": 1e-05, "catol": 1e-10, "duration": 0.02590203285217285, "x": "[5.0096697  2.79013146 1.53137463 4.44640757 6.29201491 8.59944959]", "status": "1", "success": "True", "message": "Optimization terminated successfully.", "nfev": "154", "fun": "0.48127019079147626", "maxcv": "0.0"}, "6": {"maxiter": 500, "tol": 1e-10, "catol": 1e-05, "duration": 0.04158806800842285, "x": "[5.00967219 2.79013429 1.53136686 4.44641274 6.2920163  8.59945194]", "status": "1", "success": "True", "message": "Optimization terminated successfully.", "nfev": "248", "fun": "0.48127019077890176", "maxcv": "0.0"}, "7": {"maxiter": 500, "tol": 1e-10, "catol": 1e-10, "duration": 0.04162096977233887, "x": "[5.00967219 2.79013429 1.53136686 4.44641274 6.2920163  8.59945194]", "status": "1", "success": "True", "message": "Optimization terminated successfully.", "nfev": "248", "fun": "0.48127019077890176", "maxcv": "0.0"}, "8": {"maxiter": 1000, "tol": 1e-05, "catol": 1e-05, "duration": 0.026141881942749023, "x": "[5.0096697  2.79013146 1.53137463 4.44640757 6.29201491 8.59944959]", "status": "1", "success": "True", "message": "Optimization terminated successfully.", "nfev": "154", "fun": "0.48127019079147626", "maxcv": "0.0"}, "9": {"maxiter": 1000, "tol": 1e-05, "catol": 1e-10, "duration": 0.02588486671447754, "x": "[5.0096697  2.79013146 1.53137463 4.44640757 6.29201491 8.59944959]", "status": "1", "success": "True", "message": "Optimization terminated successfully.", "nfev": "154", "fun": "0.481270