{"date": "2024/07/18/, 17:25:38", "conf_id": 6, "data_type": "random\n", "num_data_points": 1, "s_rank": 0, "unitary": "[[-0.56303964-0.00798273j,-0.21670212-0.15784972j,-0.06047197-0.73952673j,-0.01438004+0.24552571j],[-0.06976756+0.23474685j,-0.01275565-0.5435098j,-0.02703657-0.08917885j,-0.08210486-0.79311774j],[-0.38559961+0.10714929j,0.5933431-0.2687392j,-0.24060861+0.29149289j,-0.45147719+0.26241743j],[-0.50180421+0.45931857j,-0.11617175+0.44134496j,0.49642745+0.22684508j,-0.08544628-0.15407063j]]", "databatch_0": {"databatch": "[[[0.36710987-0.16365503j,-0.14622709+0.21158961j,-0.10012118+0.1207779j,-0.01911325+0.14084891j],[0.24682593-0.19527458j,-0.18405057+0.07027965j,-0.08788909+0.17173535j,-0.16562656+0.05309288j],[0.15287225-0.08205305j,-0.32576065+0.20215266j,0.03593997+0.15332315j,-0.21680394+0.31333213j],[0.11575056-0.19485065j,0.06424287+0.25897354j,0.03265725+0.04913167j,0.16138829+0.1516147j]]]", "initial param values": "[3.42567181,3.85122232,4.62718877,4.63145776,2.41731765,1.19641174]", "nelder_mead": {"type": "gradient-free", "0": {"maxiter": 100, "fatol": 1e-05, "xatol": 1e-05, "duration": 0.027556896209716797, "fun": "0.2919004114142105", "nit": "100", "nfev": "159", "status": "2", "success": "False", "message": "Maximum number of iterations has been exceeded.", "x": "[3.14487606 1.51316182 5.15694045 6.6294657  3.05356286 1.35720362]", "final_simplex": "(array([[3.14487606, 1.51316182, 5.15694045, 6.6294657 , 3.05356286,\n        1.35720362],\n       [3.15121211, 1.50059066, 5.16607343, 6.61801179, 3.04979361,\n        1.36023503],\n       [3.14304394, 1.52192   , 5.15986841, 6.63166349, 3.03579165,\n        1.35750224],\n       [3.17637571, 1.49325487, 5.17784975, 6.64892862, 3.03129374,\n        1.35902515],\n       [3.16576786, 1.50985603, 5.18404211, 6.6012535 , 3.02202541,\n        1.35795337],\n       [3.12709762, 1.52767986, 5.18539701, 6.58073565, 3.03912949,\n        1.35847014],\n       [3.1474489 , 1.49184395, 5.15644056, 6.66488906, 3.04182577,\n        1.36068782]]), array([0.29190041, 0.29190365, 0.2919437 , 0.29199057, 0.29201371,\n       0.29202723, 0.29202962]))"}, "1": {"maxiter": 100, "fatol": 1e-05, "xatol": 1e-10, "duration": 0.027328014373779297, "fun": "0.2919004114142105", "nit": "100", "nfev": "159", "status": "2", "success": "False", "message": "Maximum number of iterations has been exceeded.", "x": "[3.14487606 1.51316182 5.15694045 6.6294657  3.05356286 1.35720362]", "final_simplex": "(array([[3.14487606, 1.51316182, 5.15694045, 6.6294657 , 3.05356286,\n        1.35720362],\n       [3.15121211, 1.50059066, 5.16607343, 6.61801179, 3.04979361,\n        1.36023503],\n       [3.14304394, 1.52192   , 5.15986841, 6.63166349, 3.03579165,\n        1.35750224],\n       [3.17637571, 1.49325487, 5.17784975, 6.64892862, 3.03129374,\n        1.35902515],\n       [3.16576786, 1.50985603, 5.18404211, 6.6012535 , 3.02202541,\n        1.35795337],\n       [3.12709762, 1.52767986, 5.18539701, 6.58073565, 3.03912949,\n        1.35847014],\n       [3.1474489 , 1.49184395, 5.15644056, 6.66488906, 3.04182577,\n        1.36068782]]), array([0.29190041, 0.29190365, 0.2919437 , 0.29199057, 0.29201371,\n       0.29202723, 0.29202962]))"}, "2": {"maxiter": 100, "fatol": 1e-10, "xatol": 1e-05, "duration": 0.027150869369506836, "fun": "0.2919004114142105", "nit": "100", "nfev": "159", "status": "2", "success": "False", "message": "Maximum number of iterations has been exceeded.", "x": "[3.14487606 1.51316182 5.15694045 6.6294657  3.05356286 1.35720362]", "final_simplex": "(array([[3.14487606, 1.51316182, 5.15694045, 6.6294657 , 3.05356286,\n        1.35720362],\n       [3.15121211, 1.50059066, 5.16607343, 6.61801179, 3.04979361,\n        1.36023503],\n       [3.14304394, 1.52192   , 5.15986841, 6.63166349, 3.03579165,\n        1.35750224],\n       [3.17637571, 1.49325487, 5.17784975, 6.64892862, 3.03129374,\n        1.35902515],\n       [3.16576786, 1.50985603, 5.18404211, 6.6012535 , 3.02202541,\n        1.35795337],\n       [3.12709762, 1.52767986, 5.18539701, 6.58073565, 3.03912949,\n        1.35847014],\n       [3.1474489 , 1.49184395, 5.15644056, 6.66488906, 3.04182577,\n        1.36068782]]), array([0.29190041, 0.29190365, 0.2919437 , 0.29199057, 0.29201371,\n       0.29202723, 0.29202962]))"}, "3": {"maxiter": 100, "fatol": 1e-10, "xatol": 1e-10, "duration": 0.027160167694091797, "fun": "0.2919004114142105", "nit": "100", "nfev": "159", "status": "2", "success": "False", "message": "Maximum number of iterations has been exceeded.", "x": "[3.14487606 1.51316182 5.15694045 6.6294657  3.05356286 1.35720362]", "final_simplex": "(array([[3.14487606, 1.51316182, 5.15694045, 6.6294657 , 3.05356286,\n        1.35720362],\n       [3.15121211, 1.50059066, 5.16607343, 6.61801179, 3.04979361,\n        1.36023503],\n       [3.14304394, 1.52192   , 5.15986841, 6.63166349, 3.03579165,\n        1.35750224],\n       [3.17637571, 1.49325487, 5.17784975, 6.64892862, 3.03129374,\n        1.35902515],\n       [3.16576786, 1.50985603, 5.18404211, 6.6012535 , 3.02202541,\n        1.35795337],\n       [3.12709762, 1.52767986, 5.18539701, 6.58073565, 3.03912949,\n        1.35847014],\n       [3.1474489 , 1.49184395, 5.15644056, 6.66488906, 3.04182577,\n        1.36068782]]), array([0.29190041, 0.29190365, 0.2919437 , 0.29199057, 0.29201371,\n       0.29202723, 0.29202962]))"}, "4": {"maxiter": 500, "fatol": 1e-05, "xatol": 1e-05, "duration": 0.13052988052368164, "fun": "0.2813523400084944", "nit": "500", "nfev": "776", "status": "2", "success": "False", "message": "Maximum number of iterations has been exceeded.", "x": "[ 2.54390874 -1.40405011  2.31100758  6.87977618  2.86963594  1.47601252]", "final_simplex": "(array([[ 2.54390874, -1.40405011,  2.31100758,  6.87977618,  2.86963594,\n         1.47601252],\n       [ 2.54570008, -1.407768  ,  2.33943283,  6.87099215,  2.88796822,\n         1.44509007],\n       [ 2.51821182, -1.42132189,  2.30624147,  6.87639473,  2.88841685,\n         1.45318397],\n       [ 2.52896012, -1.38473781,  2.35968491,  6.85921982,  2.88944411,\n         1.44168699],\n       [ 2.55501131, -1.38380405,  2.34493735,  6.86693612,  2.87359314,\n         1.44747515],\n       [ 2.54778635, -1.39140825,  2.3360291 ,  6.86797617,  2.8821907 ,\n         1.45316777],\n       [ 2.53175103, -1.40753238,  2.34032405,  6.84888426,  2.87124339,\n         1.45237548]]), array([0.28135234, 0.28147164, 0.28148991, 0.28152092, 0.28153412,\n       0.28153544, 0.28155182]))"}, "5": {"maxiter": 500, "fatol": 1e-05, "xatol": 1e-10, "duration": 0.13269400596618652, "fun": "0.2813523400084944", "nit": "500", "nfev": "776", "status": "2", "success": "False", "message": "Maximum number of iterations has been exceeded.", "x": "[ 2.54390874 -1.40405011  2.31100758  6.87977618  2.86963594  1.47601252]", "final_simplex": "(array([[ 2.54390874, -1.40405011,  2.31100758,  6.87977618,  2.86963594,\n         1.47601252],\n       [ 2.54570008, -1.407768  ,  2.33943283,  6.87099215,  2.88796822,\n         1.44509007],\n       [ 2.51821182, -1.42132189,  2.30624147,  6.87639473,  2.88841685,\n         1.45318397],\n       [ 2.52896012, -1.38473781,  2.35968491,  6.85921982,  2.88944411,\n         1.44168699],\n       [ 2.55501131, -1.38380405,  2.34493735,  6.86693612,  2.87359314,\n         1.44747515],\n       [ 2.54778635, -1.39140825,  2.3360291 ,  6.86797617,  2.8821907 ,\n         1.45316777],\n       [ 2.53175103, -1.40753238,  2.34032405,  6.84888426,  2.87124339,\n         1.45237548]]), array([0.28135234, 0.28147164, 0.28148991, 0.28152092, 0.28153412,\n       0.28153544, 0.28155182]))"}, "6": {"maxiter": 500, "fatol": 1e-10, "xatol": 1e-05, "duration": 0.13333487510681152, "fun": "0.2813523400084944", "nit": "500", "nfev": "776", "status": "2", "success": "False", "message": "Maximum number of iterations has been exceeded.", "x": "[ 2.54390874 -1.40405011  2.31100758  6.87977618  2.86963594  1.47601252]", "final_simplex": "(array([[ 2.54390874, -1.40405011,  2.31100758,  6.87977618,  2.86963594,\n         1.47601252],\n       [ 2.54570008, -1.407768  ,  2.33943283,  6.87099215,  2.88796822,\n         1.44509007],\n       [ 2.51821182, -1.42132189,  2.30624147,  6.87639473,  2.88841685,\n         1.45318397],\n       [ 2.52896012, -1.38473781,  2.35968491,  6.85921982,  2.88944411,\n         1.44168699],\n       [ 2.55501131, -1.38380405,  2.34493735,  6.86693612,  2.87359314,\n         1.44747515],\n       [ 2.54778635, -1.39140825,  2.3360291 ,  6.86797617,  2.8821907 ,\n         1.45316777],\n       [ 2.53175103, -1.40753238,  2.34032405,  6.84888426,  2.87124339,\n         1.45237548]]), array([0.28135234, 0.28147164, 0.28148991, 0.28152092, 0.28153412,\n       0.28153544, 0.28155182]))"}, "7": {"maxiter": 500, "fatol": 1e-10, "xatol": 1e-10, "duration": 0.1333460807800293, "fun": "0.2813523400084944", "nit": "500", "nfev": "776", "status": "2", "success": "False", "message": "Maximum number of iterations has been exceeded.", "x": "[ 2.54390874 -1.40405011  2.31100758  6.87977618  2.86963594  1.47601252]", "final_simplex": "(array([[ 2.54390874, -1.40405011,  2.31100758,  6.87977618,  2.86963594,\n         1.47601252],\n       [ 2.54570008, -1.407768  ,  2.33943283,  6.87099215,  2.88796822,\n         1.44509007],\n       [ 2.51821182, -1.42132189,  2.30624147,  6.87639473,  2.88841685,\n         1.45318397],\n       [ 2.52896012, -1.38473781,  2.35968491,  6.85921982,  2.88944411,\n         1.44168699],\n       [ 2.55501131, -1.38380405,  2.34493735,  6.86693612,  2.87359314,\n         1.44747515],\n       [ 2.54778635, -1.39140825,  2.3360291 ,  6.86797617,  2.8821907 ,\n         1.45316777],\n       [ 2.53175103, -1.40753238,  2.34032405,  6.84888426,  2.87124339,\n         1.45237548]]), array([0.28135234, 0.28147164, 0.28148991, 0.28152092, 0.28153412,\n       0.28153544, 0.28155182]))"}, "8": {"maxiter": 1000, "fatol": 1e-05, "xatol": 1e-05, "duration": 0.26259374618530273, "fun": "0.170890999637055", "nit": "1000", "nfev": "1531", "status": "2", "success": "False", "message": "Maximum number of iterations has been exceeded.", "x": "[ 0.29784874 -3.49155365  3.68575835  8.86852334  3.01744504  2.35770651]", "final_simplex": "(array([[ 0.29784874, -3.49155365,  3.68575835,  8.86852334,  3.01744504,\n         2.35770651],\n       [ 0.29786806, -3.49161434,  3.68583942,  8.86850281,  3.01740062,\n         2.35765906],\n       [ 0.29785687, -3.49168702,  3.68589575,  8.8685859 ,  3.01748536,\n         2.35775125],\n       [ 0.297834  , -3.49161585,  3.68584251,  8.86853953,  3.01742082,\n         2.35766669],\n       [ 0.29785127, -3.49162219,  3.68583208,  8.8685254 ,  3.0174384 ,\n         2.35765503],\n       [ 0.29782419, -3.49178704,  3.6859753 ,  8.86856231,  3.01752134,\n         2.35779386],\n       [ 0.29784703, -3.49162797,  3.68585155,  8.86850681,  3.01747807,\n         2.35772308]]), array([0.170891, 0.170891, 0.170891, 0.170891, 0.170891, 0.170891,\n       0.170891]))"}, "9": {"maxiter": 1000, "fatol": 1e-05, "xatol": 1e-10, "duration": 0.26194310188293457, "fun": "0.170890999637055", "nit": "1000", "nfev": "1531", "status": "2", "success": "False", "message": "Maximum number of iterations has been exceeded.", "x": "[ 0.29784874 -3.49155365  3.68575835  8.86852334  3.01744504  2.35770651]", "final_simplex": "(array([[ 0.29784874, -3.49155365,  3.68575835,  8.86852334,  3.01744504,\n         2.35770651],\n       [ 0.29786806, -3.49161434,  3.68583942,  8.86850281,  3.01740062,\n         2.35765906],\n       [ 0.29785687, -3.49168702,  3.68589575,  8.8685859 ,  3.01748536,\n         2.35775125],\n       [ 0.297834  , -3.49161585,  3.68584251,  8.86853953,  3.01742082,\n         2.35766669],\n       [ 0.29785127, -3.49162219,  3.68583208,  8.8685254 ,  3.0174384 ,\n         2.35765503],\n       [ 0.29782419, -3.49178704,  3.6859753 ,  8.86856231,  3.01752134,\n         2.35779386],\n       [ 0.29784703, -3.49162797,  3.68585155,  8.86850681,  3.01747807,\n         2.35772308]]), array([0.170891, 0.170891, 0.170891, 0.170891, 0.170891, 0.170891,\n       0.170891]))"}, "10": {"maxiter": 1000, "fatol": 1e-10, "xatol": 1e-05, "duration": 0.2631490230560303, "fun": "0.170890999637055", "nit": "1000", "nfev": "1531", "status": "2", "success": "False", "message": "Maximum number of iterations has been exceeded.", "x": "[ 0.29784874 -3.49155365  3.68575835  8.86852334  3.01744504  2.35770651]", "final_simplex": "(array([[ 0.29784874, -3.49155365,  3.68575835,  8.86852334,  3.01744504,\n         2.35770651],\n       [ 0.29786806, -3.49161434,  3.68583942,  8.86850281,  3.01740062,\n         2.35765906],\n       [ 0.29785687, -3.49168702,  3.68589575,  8.8685859 ,  3.01748536,\n         2.35775125],\n       [ 0.297834  , -3.49161585,  3.68584251,  8.86853953,  3.01742082,\n         2.35766669],\n       [ 0.29785127, -3.49162219,  3.68583208,  8.8685254 ,  3.0174384 ,\n         2.35765503],\n       [ 0.29782419, -3.49178704,  3.6859753 ,  8.86856231,  3.01752134,\n         2.35779386],\n       [ 0.29784703, -3.49162797,  3.68585155,  8.86850681,  3.01747807,\n         2.35772308]]), array([0.170891, 0.170891, 0.170891, 0.170891, 0.170891, 0.170891,\n       0.170891]))"}, "11": {"maxiter": 1000, "fatol": 1e-10, "xatol": 1e-10, "duration": 0.2616729736328125, "fun": "0.170890999637055", "nit": "1000", "nfev": "1531", "status": "2", "success": "False", "message": "Maximum number of iterations has been exceeded.", "x": "[ 0.29784874 -3.49155365  3.68575835  8.86852334  3.01744504  2.35770651]", "final_simplex": "(array([[ 0.29784874, -3.49155365,  3.68575835,  8.86852334,  3.01744504,\n         2.35770651],\n       [ 0.29786806, -3.49161434,  3.68583942,  8.86850281,  3.01740062,\n         2.35765906],\n       [ 0.29785687, -3.49168702,  3.68589575,  8.8685859 ,  3.01748536,\n         2.35775125],\n       [ 0.297834  , -3.49161585,  3.68584251,  8.86853953,  3.01742082,\n         2.35766669],\n       [ 0.29785127, -3.49162219,  3.68583208,  8.8685254 ,  3.0174384 ,\n         2.35765503],\n       [ 0.29782419, -3.49178704,  3.6859753 ,  8.86856231,  3.01752134,\n         2.35779386],\n       [ 0.29784703, -3.49162797,  3.68585155,  8.86850681,  3.01747807,\n         2.35772308]]), array([0.170891, 0.170891, 0.170891, 0.170891, 0.170891, 0.170891,\n       0.170891]))"}}, "bfgs": {"type": "gradient", "0": {"maxiter": 100, "gtol": 1e-05, "xrtol": 1e-05, "eps": 1e-05, "duration": 0.04930877685546875, "fun": "0.17089099973691835", "jac": "[-9.30860944e-06 -4.44988490e-06 -6.61297683e-06 -7.00636216e-06\n  4.16185975e-06 -1.30072619e-06]", "hess_inv": "[[   3.7925684     8.16142718   -7.6035302     0.59707059   -1.28159562\n    -2.15744957]\n [   8.16142718  170.32166685 -161.35844338   33.29467988  -43.16240063\n   -47.62033573]\n [  -7.6035302  -161.35844338  155.54283401  -32.32253809   40.09568939\n    44.57496546]\n [   0.59707059   33.29467988  -32.32253809   15.00764663  -12.13624343\n   -14.18491959]\n [  -1.28159562  -43.16240063   40.09568939  -12.13624343   22.96384519\n    23.62911223]\n [  -2.15744957  -47.62033573   44.57496546  -14.18491959   23.62911223\n    27.24489048]]", "nfev": "280", "njev": "40", "status": "0", "success": "True", "message": "Optimization terminated successfully.", "x": "[ 5.98530492 -0.35011178  6.8274686   3.69780019 -0.12413875 -0.78388309]", "nit": "35"}, "1": {"maxiter": 100, "gtol": 1e-05, "xrtol": 1e-05, "eps": 1e-10, "duration": 0.04919290542602539, "fun": "0.17089100023632897", "jac": "[-3.33066880e-06 -1.11022293e-06 -7.77156053e-06 -6.66133760e-06\n  9.99200778e-06  0.00000000e+00]", "hess_inv": "[[   4.00251474    7.07770105   -6.5600885     0.27299265   -0.98014137\n    -1.84914112]\n [   7.07770105  157.7535828  -149.25528923   31.59368382  -40.95550108\n   -44.76877507]\n [  -6.5600885  -149.25528923  143.87301429  -30.67318423   37.93190199\n    41.79517414]\n [   0.27299265   31.59368382  -30.67318423   14.86391811  -12.19013246\n   -14.14447126]\n [  -0.98014137  -40.95550108   37.93190199  -12.19013246   23.60508918\n    24.28861561]\n [  -1.84914112  -44.76877507   41.79517414  -14.14447126   24.28861561\n    27.90174437]]", "nfev": "280", "njev": "40", "status": "0", "success": "True", "message": "Optimization terminated successfully.", "x": "[ 5.98533929 -0.34993583  6.82729909  3.69778832 -0.12409642 -0.78385084]", "nit": "35"}, "2": {"maxiter": 100, "gtol": 1e-05, "xrtol": 1e-10, "eps": 1e-05, "duration": 0.04925417900085449, "fun": "0.17089099973691835", "jac": "[-9.30860944e-06 -4.44988490e-06 -6.61297683e-06 -7.00636216e-06\n  4.16185975e-06 -1.30072619e-06]", "hess_inv": "[[   3.7925684     8.16142718   -7.6035302     0.59707059   -1.28159562\n    -2.15744957]\n [   8.16142718  170.32166685 -161.35844338   33.29467988  -43.16240063\n   -47.62033573]\n [  -7.6035302  -161.35844338  155.54283401  -32.32253809   40.09568939\n    44.57496546]\n [   0.59707059   33.29467988  -32.32253809   15.00764663  -12.13624343\n   -14.18491959]\n [  -1.28159562  -43.16240063   40.09568939  -12.13624343   22.96384519\n    23.62911223]\n [  -2.15744957  -47.62033573   44.57496546  -14.18491959   23.62911223\n    27.24489048]]", "nfev": "280", "njev": "40", "status": "0", "success": "True", "message": "Optimization terminated successfully.", "x": "[ 5.98530492 -0.35011178  6.8274686   3.69780019 -0.12413875 -0.78388309]", "nit": "35"}, "3": {"maxiter": 100, "gtol": 1e-05, "xrtol": 1e-10, "eps": 1e-10, "duration": 0.04934883117675781, "fun": "0.17089100023632897", "jac": "[-3.33066880e-06 -1.11022293e-06 -7.77156053e-06 -6.66133760e-06\n  9.99200778e-06  0.00000000e+00]", "hess_inv": "[[   4.00251474    7.07770105   -6.5600885     0.27299265   -0.98014137\n    -1.84914112]\n [   7.07770105  157.7535828  -149.25528923   31.59368382  -40.95550108\n   -44.76877507]\n [  -6.5600885  -149.25528923  143.87301429  -30.67318423   37.93190199\n    41.79517414]\n [   0.27299265   31.59368382  -30.67318423   14.86391811  -12.19013246\n   -14.14447126]\n [  -0.98014137  -40.95550108   37.93190199  -12.19013246   23.60508918\n    24.28861561]\n [  -1.84914112  -44.76877507   41.79517414  -14.14447126   24.28861561\n    27.90174437]]", "nfev": "280", "njev": "40", "status": "0", "success": "True", "message": "Optimization terminated successfully.", "x": "[ 5.98533929 -0.34993583  6.82729909  3.69778832 -0.12409642 -0.78385084]", "nit": "35"}, "4": {"maxiter": 100, "gtol": 1e-10, "xrtol": 1e-05, "eps": 1e-05, "duration": 0.0520932674407959, "fun": "0.17089099951192055", "jac": "[-2.03170814e-09 -8.10462808e-09 -8.89288643e-09 -6.51700915e-09\n  3.77586851e-08 -4.19775326e-08]", "hess_inv": "[[   3.31250027    6.26885357   -5.97107201   -0.25981854   -0.17380915\n    -0.86930337]\n [   6.26885357  163.11068184 -155.36995917   29.15185844  -38.12881965\n   -41.88795879]\n [  -5.97107201 -155.36995917  150.68396788  -28.45587511   35.50149153\n    39.38847032]\n [  -0.25981854   29.15185844  -28.45587511   14.21457458  -10.78869875\n   -12.48138017]\n [  -0.17380915  -38.12881965   35.50149153  -10.78869875   20.94586181\n    21.16527916]\n [  -0.86930337  -41.88795879   39.38847032  -12.48138017   21.16527916\n    24.26803893]]", "nfev": "294", "njev": "42", "status": "0", "success": "True", "message": "Optimization terminated successfully.", "x": "[ 5.98532194 -0.35004661  6.82742222  3.69786757 -0.1242105  -0.78396108]", "nit": "37"}, "5": {"maxiter": 100, "gtol": 1e-10, "xrtol": 1e-05, "eps": 1e-10, "duration": 0.06562185287475586, "fun": "0.1708909994319774", "jac": "[ 3.33066880e-06  1.11022293e-06  3.33066880e-06 -1.11022293e-06\n -2.22044617e-06 -2.22044587e-06]", "hess_inv": "[[   4.75000818   25.66711276  -24.33665816    4.70069529   -5.11806443\n    -6.46330632]\n [  25.66711276  326.09652082 -309.91617062   57.93458421  -66.1678376\n   -75.03142667]\n [ -24.33665816 -309.91617062  297.20878987  -55.82624191   62.30915415\n    71.06864994]\n [   4.70069529   57.93458421  -55.82624191   15.77222471  -10.75660571\n   -13.12952245]\n [  -5.11806443  -66.1678376    62.30915415  -10.75660571   17.35425556\n    17.97603852]\n [  -6.46330632  -75.03142667   71.06864994  -13.12952245   17.97603852\n    21.59664967]]", "nfev": "371", "njev": "53", "status": "0", "success": "True", "message": "Optimization terminated successfully.", "x": "[ 5.98532858 -0.35010233  6.82747921  3.69784569 -0.12418334 -0.78393381]", "nit": "39"}, "6": {"maxiter": 100, "gtol": 1e-10, "xrtol": 1e-10, "eps": 1e-05, "duration": 0.10009384155273438, "fun": "0.1708909995115857", "jac": "[ 0.00000000e+00 -9.21485110e-10 -8.32667269e-10  4.21884749e-10\n  4.14113188e-09 -3.37507799e-09]", "hess_inv": "[[ 3.33236799e+00  6.12209278e+00 -5.86092207e+00 -2.51336302e-01\n  -8.07497849e-02 -8.58265912e-01]\n [ 6.12209278e+00  1.60490535e+02 -1.52768619e+02  2.87964122e+01\n  -3.72369742e+01 -4.03710317e+01]\n [-5.86092207e+00 -1.52768619e+02  1.48142311e+02 -2.81367743e+01\n   3.45696305e+01  3.79734092e+01]\n [-2.51336302e-01  2.87964122e+01 -2.81367743e+01  1.41939011e+01\n  -1.06285148e+01 -1.23489224e+01]\n [-8.07497849e-02 -3.72369742e+01  3.45696305e+01 -1.06285148e+01\n   2.06918480e+01  2.05408113e+01]\n [-8.58265912e-01 -4.03710317e+01  3.79734092e+01 -1.23489224e+01\n   2.05408113e+01  2.35826997e+01]]", "nfev": "571", "njev": "80", "status": "2", "success": "False", "message": "Desired error not necessarily achieved due to precision loss.", "x": "[ 5.98532191 -0.35004678  6.82742242  3.69786753 -0.12421047 -0.78396093]", "nit": "38"}, "7": {"maxiter": 100, "gtol": 1e-10, "xrtol": 1e-10, "eps": 1e-10, "duration": 0.06413102149963379, "fun": "0.1708909994319774", "jac": "[ 3.33066880e-06  1.11022293e-06  3.33066880e-06 -1.11022293e-06\n -2.22044617e-06 -2.22044587e-06]", "hess_inv": "[[  1.79039021  -3.54196571   2.98399025  -0.94098954   1.33935177\n    0.92690008]\n [ -3.54196571  53.7343289  -56.68725949   5.83994536  -3.80730656\n   -3.73277595]\n [  2.98399025 -56.68725949  61.92368073  -7.44311672   4.11156045\n    4.53646642]\n [ -0.94098954   5.83994536  -7.44311672   5.82551616   1.24419382\n    0.58904729]\n [  1.33935177  -3.80730656   4.11156045   1.24419382   3.38301675\n    1.99264431]\n [  0.92690008  -3.73277595   4.53646642   0.58904729   1.99264431\n    3.3116177 ]]", "nfev": "371", "njev": "53", "status": "2", "success": "False", "message": "Desired error not necessarily achieved due to precision loss.", "x": "[ 5.98532858 -0.35010233  6.82747921  3.69784569 -0.12418334 -0.78393381]", "nit": "39"}, "8": {"maxiter": 500, "gtol": 1e-05, "xrtol": 1e-05, "eps": 1e-05, "duration": 0.048696279525756836, "fun": "0.17089099973691835", "jac": "[-9.30860944e-06 -4.44988490e-06 -6.61297683e-06 -7.00636216e-06\n  4.16185975e-06 -1.30072619e-06]", "hess_inv": "[[   3.7925684     8.16142718   -7.6035302     0.59707059   -1.28159562\n    -2.15744957]\n [   8.16142718  170.32166685 -161.35844338   33.29467988  -43.16240063\n   -47.62033573]\n [  -7.6035302  -161.35844338  155.54283401  -32.32253809   40.09568939\n    44.57496546]\n [   0.59707059   33.29467988  -32.32253809   15.00764663  -12.13624343\n   -14.18491959]\n [  -1.28159562  -43.16240063   40.09568939  -12.13624343   22.96384519\n    23.62911223]\n [  -2.15744957  -47.62033573   44.57496546  -14.18491959   23.62911223\n    27.24489048]]", "nfev": "280", "njev": "40", "status": "0", "success": "True", "message": "Optimization terminated successfully.", "x": "[ 5.98530492 -0.35011178  6.8274686   3.69780019 -0.12413875 -0.78388309]", "nit": "35"}, "9": {"maxiter": 500, "gtol": 1e-05, "xrtol": 1e-05, "eps": 1e-10, "duration": 0.048848867416381836, "fun": "0.17089100023632897", "jac": "[-3.33066880e-06 -1.11022293e-06 -7.77156053e-06 -6.66133760e-06\n  9.99200778e-06  0.00000000e+00]", "hess_inv": "[[   4.00251474    7.07770105   -6.5600885     0.27299265   -0.98014137\n    -1.84914112]\n [   7.07770105  157.7535828  -149.25528923   31.59368382  -40.95550108\n   -44.76877507]\n [  -6.5600885  -149.25528923  143.87301429  -30.67318423   37.93190199\n    41.79517414]\n [   0.27299265   31.59368382  -30.67318423   14.86391811  -12.19013246\n   -14.14447126]\n [  -0.98014137  -40.95550108   37.93190199  -12.19013246   23.60508918\n    24.28861561]\n [  -1.84914112  -44.76877507   41.79517414  -14.14447126   24.28861561\n    27.90174437]]", "nfev": "280", "njev": "40", "status": "0", "success": "True", "message": "Optimization terminated successfully.", "x": "[ 5.98533929 -0.34993583  6.82729909  3.69778832 -0.12409642 -0.78385084]", "nit": "35"}, "10": {"maxiter": 500, "gtol": 1e-05, "xrtol": 1e-10, "eps": 1e-05, "duration": 0.04884696006774902, "fun": "0.17089099973691835", "jac": "[-9.30860944e-06 -4.44988490e-06 -6.61297683e-06 -7.00636216e-06\n  4.16185975e-06 -1.30072619e-06]", "hess_inv": "[[   3.7925684     8.16142718   -7.6035302     0.59707059   -1.28159562\n    -2.15744957]\n [   8.16142718  170.32166685 -161.35844338   33.29467988  -43.16240063\n   -47.62033573]\n [  -7.6035302  -161.35844338  155.54283401  -32.32253809   40.09568939\n    44.57496546]\n [   0.59707059   33.29467988  -32.32253809   15.00764663  -12.13624343\n   -14.18491959]\n [  -1.28159562  -43.16240063   40.09568939  -12.13624343   22.96384519\n    23.62911223]\n [  -2.15744957  -47.62033573   44.57496546  -14.18491959   23.62911223\n    27.24489048]]", "nfev": "280", "njev": "40", "status": "0", "success": "True", "message": "Optimization terminated successfully.", "x": "[ 5.98530492 -0.35011178  6.8274686   3.69780019 -0.12413875 -0.78388309]", "nit": "35"}, "11": {"maxiter": 500, "gtol": 1e-05, "xrtol": 1e-10, "eps": 1e-10, "duration": 0.04795503616333008, "fun": "0.17089100023632897", "jac": "[-3.33066880e-06 -1.11022293e-06 -7.77156053e-06 -6.66133760e-06\n  9.99200778e-06  0.00000000e+00]", "hess_inv": "[[   4.00251474    7.07770105   -6.5600885     0.27299265   -0.98014137\n    -1.84914112]\n [   7.07770105  157.7535828  -149.25528923   31.59368382  -40.95550108\n   -44.76877507]\n [  -6.5600885  -149.25528923  143.87301429  -30.67318423   37.93190199\n    41.79517414]\n [   0.27299265   31.59368382  -30.67318423   14.86391811  -12.19013246\n   -14.14447126]\n [  -0.98014137  -40.95550108   37.93190199  -12.19013246   23.60508918\n    24.28861561]\n [  -1.84914112  -44.76877507   41.79517414  -14.14447126   24.28861561\n    27.90174437]]", "nfev": "280", "njev": "40", "status": "0", "success": "True", "message": "Optimization terminated successfully.", "x": "[ 5.98533929 -0.34993583  6.82729909  3.69778832 -0.12409642 -0.78385084]", "nit": "35"}, "12": {"maxiter": 500, "gtol": 1e-10, "xrtol": 1e-05, "eps": 1e-05, "duration": 0.050112009048461914, "fun": "0.17089099951192055", "jac": "[-2.03170814e-09 -8.10462808e-09 -8.89288643e-09 -6.51700915e-09\n  3.77586851e-08 -4.19775326e-08]", "hess_inv": "[[   3.31250027    6.26885357   -5.97107201   -0.25981854   -0.17380915\n    -0.86930337]\n [   6.26885357  163.11068184 -155.36995917   29.15185844  -38.12881965\n   -41.88795879]\n [  -5.97107201 -155.36995917  150.68396788  -28.45587511   35.50149153\n    39.38847032]\n [  -0.25981854   29.15185844  -28.45587511   14.21457458  -10.78869875\n   -12.48138017]\n [  -0.17380915  -38.12881965   35.50149153  -10.78869875   20.94586181\n    21.16527916]\n [  -0.86930337  -41.88795879   39.38847032  -12.48138017   21.16527916\n    24.26803893]]", "nfev": "294", "njev": "42", "status": "0", "success": "True", "message": "Optimization terminated successfully.", "x": "[ 5.98532194 -0.35004661  6.82742222  3.69786757 -0.1242105  -0.78396108]", "nit": "37"}, "13": {"maxiter": 500, "gtol": 1e-10, "xrtol": 1e-05, "eps": 1e-10, "duration": 0.06279897689819336, "fun": "0.1708909994319774", "jac": "[ 3.33066880e-06  1.11022293e-06  3.33066880e-06 -1.11022293e-06\n -2.22044617e-06 -2.22044587e-06]", "hess_inv": "[[   4.75000818   25.66711276  -24.33665816    4.70069529   -5.11806443\n    -6.46330632]\n [  25.66711276  326.09652082 -309.91617062   57.93458421  -66.1678376\n   -75.03142667]\n [ -24.33665816 -309.91617062  297.20878987  -55.82624191   62.30915415\n    71.06864994]\n [   4.70069529   57.93458421  -55.82624191   15.77222471  -10.75660571\n   -13.12952245]\n [  -5.11806443  -66.1678376    62.30915415  -10.75660571   17.35425556\n    17.97603852]\n [  -6.46330632  -75.03142667   71.06864994  -13.12952245   17.97603852\n    21.59664967]]", "nfev": "371", "njev": "53", "status": "0", "success": "True", "message": "Optimization terminated successfully.", "x": "[ 5.98532858 -0.35010233  6.82747921  3.69784569 -0.12418334 -0.78393381]", "nit": "39"}, "14": {"maxiter": 500, "gtol": 1e-10, "xrtol": 1e-10, "eps": 1e-05, "duration": 0.0962529182434082, "fun": "0.1708909995115857", "jac": "[ 0.00000000e+00 -9.21485110e-10 -8.32667269e-10  4.21884749e-10\n  4.14113188e-09 -3.37507799e-09]", "hess_inv": "[[ 3.33236799e+00  6.12209278e+00 -5.86092207e+00 -2.51336302e-01\n  -8.07497849e-02 -8.58265912e-01]\n [ 6.12209278e+00  1.60490535e+02 -1.52768619e+02  2.87964122e+01\n  -3.72369742e+01 -4.03710317e+01]\n [-5.86092207e+00 -1.52768619e+02  1.48142311e+02 -2.81367743e+01\n   3.45696305e+01  3.79734092e+01]\n [-2.51336302e-01  2.87964122e+01 -2.81367743e+01  1.41939011e+01\n  -1.06285148e+01 -1.23489224e+01]\n [-8.07497849e-02 -3.72369742e+01  3.45696305e+01 -1.06285148e+01\n   2.06918480e+01  2.05408113e+01]\n [-8.58265912e-01 -4.03710317e+01  3.79734092e+01 -1.23489224e+01\n   2.05408113e+01  2.35826997e+01]]", "nfev": "571", "njev": "80", "status": "2", "success": "False", "message": "Desired error not necessarily achieved due to precision loss.", "x": "[ 5.98532191 -0.35004678  6.82742242  3.69786753 -0.12421047 -0.78396093]", "nit": "38"}, "15": {"maxiter": 500, "gtol": 1e-10, "xrtol": 1e-10, "eps": 1e-10, "duration": 0.06283211708068848, "fun": "0.1708909994319774", "jac": "[ 3.33066880e-06  1.11022293e-06  3.33066880e-06 -1.11022293e-06\n -2.22044617e-06 -2.22044587e-06]", "hess_inv": "[[  1.79039021  -3.54196571   2.98399025  -0.94098954   1.33935177\n    0.92690008]\n [ -3.54196571  53.7343289  -56.68725949   5.83994536  -3.80730656\n   -3.73277595]\n [  2.98399025 -56.68725949  61.92368073  -7.44311672   4.11156045\n    4.53646642]\n [ -0.94098954   5.83994536  -7.44311672   5.82551616   1.24419382\n    0.58904729]\n [  1.33935177  -3.80730656   4.11156045   1.24419382   3.38301675\n    1.99264431]\n [  0.92690008  -3.73277595   4.53646642   0.58904729   1.99264431\n    3.3116177 ]]", "nfev": "371", "njev": "53", "status": "2", "success": "False", "message": "Desired error not necessarily achieved due to precision loss.", "x": "[ 5.98532858 -0.35010233  6.82747921  3.69784569 -0.12418334 -0.78393381]", "nit": "39"}, "16": {"maxiter": 1000, "gtol": 1e-05, "xrtol": 1e-05, "eps": 1e-05, "duration": 0.04751729965209961, "fun": "0.17089099973691835", "jac": "[-9.30860944e-06 -4.44988490e-06 -6.61297683e-06 -7.00636216e-06\n  4.16185975e-06 -1.30072619e-06]", "hess_inv": "[[   3.7925684     8.16142718   -7.6035302     0.59707059   -1.28159562\n    -2.15744957]\n [   8.16142718  170.32166685 -161.35844338   33.29467988  -43.16240063\n   -47.62033573]\n [  -7.6035302  -161.35844338  155.54283401  -32.32253809   40.09568939\n    44.57496546]\n [   0.59707059   33.29467988  -32.32253809   15.00764663  -12.13624343\n   -14.18491959]\n [  -1.28159562  -43.16240063   40.09568939  -12.13624343   22.96384519\n    23.62911223]\n [  -2.15744957  -47.62033573   44.57496546  -14.18491959   23.62911223\n    27.24489048]]", "nfev": "280", "njev": "40", "status": "0", "success": "True", "message": "Optimization terminated successfully.", "x": "[ 5.98530492 -0.35011178  6.8274686   3.69780019 -0.12413875 -0.78388309]", "nit": "35"}, "17": {"maxiter": 1000, "gtol": 1e-05, "xrtol": 1e-05, "eps": 1e-10, "duration": 0.04754185676574707, "fun": "0.17089100023632897", "jac": "[-3.33066880e-06 -1.11022293e-06 -7.77156053e-06 -6.66133760e-06\n  9.99200778e-06  0.00000000e+00]", "hess_inv": "[[   4.00251474    7.07770105   -6.5600885     0.27299265   -0.98014137\n    -1.84914112]\n [   7.07770105  157.7535828  -149.25528923   31.59368382  -40.95550108\n   -44.76877507]\n [  -6.5600885  -149.25528923  143.87301429  -30.67318423   37.93190199\n    41.79517414]\n [   0.27299265   31.59368382  -30.67318423   14.86391811  -12.19013246\n   -14.14447126]\n [  -0.98014137  -40.95550108   37.93190199  -12.19013246   23.60508918\n    24.28861561]\n [  -1.84914112  -44.76877507   41.79517414  -14.14447126   24.28861561\n    27.90174437]]", "nfev": "280", "njev": "40", "status": "0", "success": "True", "message": "Optimization terminated successfully.", "x": "[ 5.98533929 -0.34993583  6.82729909  3.69778832 -0.12409642 -0.78385084]", "nit": "35"}, "18": {"maxiter": 1000, "gtol": 1e-05, "xrtol": 1e-10, "eps": 1e-05, "duration": 0.04739189147949219, "fun": "0.17089099973691835", "jac": "[-9.30860944e-06 -4.44988490e-06 -6.61297683e-06 -7.00636216e-06\n  4.16185975e-06 -1.30072619e-06]", "hess_inv": "[[   3.7925684     8.16142718   -7.6035302     0.59707059   -1.28159562\n    -2.15744957]\n [   8.16142718  170.32166685 -161.35844338   33.29467988  -43.16240063\n   -47.62033573]\n [  -7.6035302  -161.35844338  155.54283401  -32.32253809   40.09568939\n    44.57496546]\n [   0.59707059   33.29467988  -32.32253809   15.00764663  -12.13624343\n   -14.18491959]\n [  -1.28159562  -43.16240063   40.09568939  -12.13624343   22.96384519\n    23.62911223]\n [  -2.15744957  -47.62033573   44.57496546  -14.18491959   23.62911223\n    27.24489048]]", "nfev": "280", "njev": "40", "status": "0", "success": "True", "message": "Optimization terminated successfully.", "x": "[ 5.98530492 -0.35011178  6.8274686   3.69780019 -0.12413875 -0.78388309]", "nit": "35"}, "19": {"maxiter": 1000, "gtol": 1e-05, "xrtol": 1e-10, "eps": 1e-10, "duration": 0.047371864318847656, "fun": "0.17089100023632897", "jac": "[-3.33066880e-06 -1.11022293e-06 -7.77156053e-06 -6.66133760e-06\n  9.99200778e-06  0.00000000e+00]", "hess_inv": "[[   4.00251474    7.07770105   -6.5600885     0.27299265   -0.98014137\n    -1.84914112]\n [   7.07770105  157.7535828  -149.25528923   31.59368382  -40.95550108\n   -44.76877507]\n [  -6.5600885  -149.25528923  143.87301429  -30.67318423   37.93190199\n    41.79517414]\n [   0.27299265   31.59368382  -30.67318423   14.86391811  -12.19013246\n   -14.14447126]\n [  -0.98014137  -40.95550108   37.93190199  -12.19013246   23.60508918\n    24.28861561]\n [  -1.84914112  -44.76877507   41.79517414  -14.14447126   24.28861561\n    27.90174437]]", "nfev": "280", "njev": "40", "status": "0", "success": "True", "message": "Optimization terminated successfully.", "x": "[ 5.98533929 -0.34993583  6.82729909  3.69778832 -0.12409642 -0.78385084]", "nit": "35"}, "20": {"maxiter": 1000, "gtol": 1e-10, "xrtol": 1e-05, "eps": 1e-05, "duration": 0.049764156341552734, "fun": "0.17089099951192055", "jac": "[-2.03170814e-09 -8.10462808e-09 -8.89288643e-09 -6.51700915e-09\n  3.77586851e-08 -4.19775326e-08]", "hess_inv": "[[   3.31250027    6.26885357   -5.97107201   -0.25981854   -0.17380915\n    -0.86930337]\n [   6.26885357  163.11068184 -155.36995917   29.15185844  -38.12881965\n   -41.88795879]\n [  -5.97107201 -155.36995917  150.68396788  -28.45587511   35.50149153\n    39.38847032]\n [  -0.25981854   29.15185844  -28.45587511   14.21457458  -10.78869875\n   -12.48138017]\n [  -0.17380915  -38.12881965   35.50149153  -10.78869875   20.94586181\n    21.16527916]\n [  -0.86930337  -41.88795879   39.38847032  -12.48138017   21.16527916\n    24.26803893]]", "nfev": "294", "njev": "42", "status": "0", "success": "True", "message": "Optimization terminated successfully.", "x": "[ 5.98532194 -0.35004661  6.82742222  3.69786757 -0.1242105  -0.78396108]", "nit": "37"}, "21": {"maxiter": 1000, "gtol": 1e-10, "xrtol": 1e-05, "eps": 1e-10, "duration": 0.06253194808959961, "fun": "0.1708909994319774", "jac": "[ 3.33066880e-06  1.11022293e-06  3.33066880e-06 -1.11022293e-06\n -2.22044617e-06 -2.22044587e-06]", "hess_inv": "[[   4.75000818   25.66711276  -24.33665816    4.70069529   -5.11806443\n    -6.46330632]\n [  25.66711276  326.09652082 -309.91617062   57.93458421  -66.1678376\n   -75.03142667]\n [ -24.33665816 -309.91617062  297.20878987  -55.82624191   62.30915415\n    71.06864994]\n [   4.70069529   57.93458421  -55.82624191   15.77222471  -10.75660571\n   -13.12952245]\n [  -5.11806443  -66.1678376    62.30915415  -10.75660571   17.35425556\n    17.97603852]\n [  -6.46330632  -75.03142667   71.06864994  -13.12952245   17.97603852\n    21.59664967]]", "nfev": "371", "njev": "53", "status": "0", "success": "True", "message": "Optimization terminated successfully.", "x": "[ 5.98532858 -0.35010233  6.82747921  3.69784569 -0.12418334 -0.78393381]", "nit": "39"}, "22": {"maxiter": 1000, "gtol": 1e-10, "xrtol": 1e-10, "eps": 1e-05, "duration": 0.096038818359375, "fun": "0.1708909995115857", "jac": "[ 0.00000000e+00 -9.21485110e-10 -8.32667269e-10  4.21884749e-10\n  4.14113188e-09 -3.37507799e-09]", "hess_inv": "[[ 3.33236799e+00  6.12209278e+00 -5.86092207e+00 -2.51336302e-01\n  -8.07497849e-02 -8.58265912e-01]\n [ 6.12209278e+00  1.60490535e+02 -1.52768619e+02  2.87964122e+01\n  -3.72369742e+01 -4.03710317e+01]\n [-5.86092207e+00 -1.52768619e+02  1.48142311e+02 -2.81367743e+01\n   3.45696305e+01  3.79734092e+01]\n [-2.51336302e-01  2.87964122e+01 -2.81367743e+01  1.41939011e+01\n  -1.06285148e+01 -1.23489224e+01]\n [-8.07497849e-02 -3.72369742e+01  3.45696305e+01 -1.06285148e+01\n   2.06918480e+01  2.05408113e+01]\n [-8.58265912e-01 -4.03710317e+01  3.79734092e+01 -1.23489224e+01\n   2.05408113e+01  2.35826997e+01]]", "nfev": "571", "njev": "80", "status": "2", "success": "False", "message": "Desired error not necessarily achieved due to precision loss.", "x": "[ 5.98532191 -0.35004678  6.82742242  3.69786753 -0.12421047 -0.78396093]", "nit": "38"}, "23": {"maxiter": 1000, "gtol": 1e-10, "xrtol": 1e-10, "eps": 1e-10, "duration": 0.0626533031463623, "fun": "0.1708909994319774", "jac": "[ 3.33066880e-06  1.11022293e-06  3.33066880e-06 -1.11022293e-06\n -2.22044617e-06 -2.22044587e-06]", "hess_inv": "[[  1.79039021  -3.54196571   2.98399025  -0.94098954   1.33935177\n    0.92690008]\n [ -3.54196571  53.7343289  -56.68725949   5.83994536  -3.80730656\n   -3.73277595]\n [  2.98399025 -56.68725949  61.92368073  -7.44311672   4.11156045\n    4.53646642]\n [ -0.94098954   5.83994536  -7.44311672   5.82551616   1.24419382\n    0.58904729]\n [  1.33935177  -3.80730656   4.11156045   1.24419382   3.38301675\n    1.99264431]\n [  0.92690008  -3.73277595   4.53646642   0.58904729   1.99264431\n    3.3116177 ]]", "nfev": "371", "njev": "53", "status": "2", "success": "False", "message": "Desired error not necessarily achieved due to precision loss.", "x": "[ 5.98532858 -0.35010233  6.82747921  3.69784569 -0.12418334 -0.78393381]", "nit": "39"}}, "cobyla": {"0": {"maxiter": 100, "tol": 1e-05, "catol": 1e-05, "duration": 0.01618194580078125, "x": "[5.79328411 4.95136625 7.79493093 3.41300296 1.61768837 1.01276967]", "status": "2", "success": "False", "message": "Maximum number of function evaluations has been exceeded.", "nfev": "100", "fun": "0.18264642922144947", "maxcv": "0.0"}, "1": {"maxiter": 100, "tol": 1e-05, "catol": 1e-10, "duration": 0.016096115112304688, "x": "[5.79328411 4.95136625 7.79493093 3.41300296 1.61768837 1.01276967]", "status": "2", "success": "False", "message": "Maximum number of function evaluations has been exceeded.", "nfev": "100", "fun": "0.18264642922144947", "maxcv": "0.0"}, "2": {"maxiter": 100, "tol": 1e-10, "catol": 1e-05, "duration": 0.016123056411743164, "x": "[5.79328411 4.95136625 7.79493093 3.41300296 1.61768837 1.01276967]", "status": "2", "success": "False", "message": "Maximum number of function evaluations has been exceeded.", "nfev": "100", "fun": "0.18264642922144947", "maxcv": "0.0"}, "3": {"maxiter": 100, "tol": 1e-10, "catol": 1e-10, "durat