{"date": "2024/07/19/, 18:07:06", "conf_id": 270, "data_type": "var_s_rank\n", "num_data_points": 2, "s_rank": 0, "unitary": "[[-0.45070455-0.02711853j,0.78437395-0.06613086j,0.06358678+0.19963393j,-0.07343613+0.35668523j],[-0.01890143-0.03813363j,0.32408202+0.25557629j,0.05872864-0.68979805j,0.55466693-0.20227297j],[-0.11215405+0.64023111j,-0.13344055+0.29565494j,-0.49012687-0.19046288j,-0.04241254+0.44046348j],[0.55771659+0.24656916j,0.31851997-0.05798805j,0.28761525-0.34294258j,-0.56718418+0.03616933j]]", "databatch_0": {"databatch": "[[[-0.01013075-0.14275607j,0.01873217+0.07912863j,-0.1119446+0.24688628j,-0.069438+0.19110637j],[-0.00443532-0.27213499j,-0.31665914+0.20383594j,0.01470825+0.01436114j,-0.07046876-0.05898011j],[-0.08733625+0.17909609j,-0.209838-0.26370155j,0.32136146-0.06128521j,0.04998424-0.5327499j],[-0.00598333+0.18865457j,-0.03989695-0.05702634j,0.04377977+0.07303197j,0.19565163-0.02623616j]],[[0.04610675+0.10067246j,0.25547667-0.11933949j,-0.081856-0.04098505j,-0.20433497+0.21525039j],[0.14622836+0.1401603j,0.40841786-0.18641325j,-0.17278278-0.02327241j,-0.29326517+0.36930791j],[-0.07590523-0.15300968j,-0.22346542+0.10277475j,0.12134348+0.06682502j,0.19909918-0.22624681j],[0.06378551-0.01926057j,-0.2393467+0.06861977j,-0.02537712+0.03048601j,0.201454-0.09005107j]]]", "initial param values": "[2.68270566,1.96635211,0.79158723,1.77042889,2.75087878,1.77555767]", "nelder_mead": {"type": "gradient-free", "0": {"maxiter": 100, "fatol": 1e-05, "xatol": 1e-05, "duration": 0.025724172592163086, "fun": "0.23184791464683818", "nit": "100", "nfev": "151", "status": "2", "success": "False", "message": "Maximum number of iterations has been exceeded.", "x": "[1.23063075 1.76200696 1.45240257 2.12891919 3.88168127 0.14654261]", "final_simplex": "(array([[ 1.23063075,  1.76200696,  1.45240257,  2.12891919,  3.88168127,\n         0.14654261],\n       [ 1.15638658,  1.82725108,  1.4967977 ,  2.08836888,  3.79998274,\n         0.10094956],\n       [ 1.15628139,  1.8901805 ,  1.50266443,  2.14244928,  3.79277486,\n         0.0356613 ],\n       [ 1.28197061,  1.85854498,  1.47523138,  2.08662037,  3.88999436,\n         0.04692659],\n       [ 1.29090019,  1.71898016,  1.41280111,  2.05254547,  3.92401598,\n         0.19461256],\n       [ 1.35315455,  1.68213872,  1.62994223,  2.25523744,  3.70467021,\n        -0.01851893],\n       [ 1.40434535,  1.92279426,  1.54752391,  2.23687138,  3.58560411,\n         0.02264365]]), array([0.23184791, 0.23517167, 0.23539628, 0.23563196, 0.23773323,\n       0.2412206 , 0.2437672 ]))"}, "1": {"maxiter": 100, "fatol": 1e-05, "xatol": 1e-10, "duration": 0.025745868682861328, "fun": "0.23184791464683818", "nit": "100", "nfev": "151", "status": "2", "success": "False", "message": "Maximum number of iterations has been exceeded.", "x": "[1.23063075 1.76200696 1.45240257 2.12891919 3.88168127 0.14654261]", "final_simplex": "(array([[ 1.23063075,  1.76200696,  1.45240257,  2.12891919,  3.88168127,\n         0.14654261],\n       [ 1.15638658,  1.82725108,  1.4967977 ,  2.08836888,  3.79998274,\n         0.10094956],\n       [ 1.15628139,  1.8901805 ,  1.50266443,  2.14244928,  3.79277486,\n         0.0356613 ],\n       [ 1.28197061,  1.85854498,  1.47523138,  2.08662037,  3.88999436,\n         0.04692659],\n       [ 1.29090019,  1.71898016,  1.41280111,  2.05254547,  3.92401598,\n         0.19461256],\n       [ 1.35315455,  1.68213872,  1.62994223,  2.25523744,  3.70467021,\n        -0.01851893],\n       [ 1.40434535,  1.92279426,  1.54752391,  2.23687138,  3.58560411,\n         0.02264365]]), array([0.23184791, 0.23517167, 0.23539628, 0.23563196, 0.23773323,\n       0.2412206 , 0.2437672 ]))"}, "2": {"maxiter": 100, "fatol": 1e-10, "xatol": 1e-05, "duration": 0.02569890022277832, "fun": "0.23184791464683818", "nit": "100", "nfev": "151", "status": "2", "success": "False", "message": "Maximum number of iterations has been exceeded.", "x": "[1.23063075 1.76200696 1.45240257 2.12891919 3.88168127 0.14654261]", "final_simplex": "(array([[ 1.23063075,  1.76200696,  1.45240257,  2.12891919,  3.88168127,\n         0.14654261],\n       [ 1.15638658,  1.82725108,  1.4967977 ,  2.08836888,  3.79998274,\n         0.10094956],\n       [ 1.15628139,  1.8901805 ,  1.50266443,  2.14244928,  3.79277486,\n         0.0356613 ],\n       [ 1.28197061,  1.85854498,  1.47523138,  2.08662037,  3.88999436,\n         0.04692659],\n       [ 1.29090019,  1.71898016,  1.41280111,  2.05254547,  3.92401598,\n         0.19461256],\n       [ 1.35315455,  1.68213872,  1.62994223,  2.25523744,  3.70467021,\n        -0.01851893],\n       [ 1.40434535,  1.92279426,  1.54752391,  2.23687138,  3.58560411,\n         0.02264365]]), array([0.23184791, 0.23517167, 0.23539628, 0.23563196, 0.23773323,\n       0.2412206 , 0.2437672 ]))"}, "3": {"maxiter": 100, "fatol": 1e-10, "xatol": 1e-10, "duration": 0.025658845901489258, "fun": "0.23184791464683818", "nit": "100", "nfev": "151", "status": "2", "success": "False", "message": "Maximum number of iterations has been exceeded.", "x": "[1.23063075 1.76200696 1.45240257 2.12891919 3.88168127 0.14654261]", "final_simplex": "(array([[ 1.23063075,  1.76200696,  1.45240257,  2.12891919,  3.88168127,\n         0.14654261],\n       [ 1.15638658,  1.82725108,  1.4967977 ,  2.08836888,  3.79998274,\n         0.10094956],\n       [ 1.15628139,  1.8901805 ,  1.50266443,  2.14244928,  3.79277486,\n         0.0356613 ],\n       [ 1.28197061,  1.85854498,  1.47523138,  2.08662037,  3.88999436,\n         0.04692659],\n       [ 1.29090019,  1.71898016,  1.41280111,  2.05254547,  3.92401598,\n         0.19461256],\n       [ 1.35315455,  1.68213872,  1.62994223,  2.25523744,  3.70467021,\n        -0.01851893],\n       [ 1.40434535,  1.92279426,  1.54752391,  2.23687138,  3.58560411,\n         0.02264365]]), array([0.23184791, 0.23517167, 0.23539628, 0.23563196, 0.23773323,\n       0.2412206 , 0.2437672 ]))"}, "4": {"maxiter": 500, "fatol": 1e-05, "xatol": 1e-05, "duration": 0.12882423400878906, "fun": "0.2171453984314553", "nit": "500", "nfev": "758", "status": "2", "success": "False", "message": "Maximum number of iterations has been exceeded.", "x": "[1.12328425 1.8512127  1.86451354 2.24053772 4.20925968 0.65584391]", "final_simplex": "(array([[1.12328425, 1.8512127 , 1.86451354, 2.24053772, 4.20925968,\n        0.65584391],\n       [1.12328948, 1.85122399, 1.86450196, 2.24054019, 4.20926606,\n        0.65585068],\n       [1.1232837 , 1.85121877, 1.86450547, 2.24052887, 4.2092568 ,\n        0.65584331],\n       [1.12328511, 1.85121789, 1.86449525, 2.24054435, 4.20924958,\n        0.65582911],\n       [1.12327791, 1.85121612, 1.86450647, 2.24053662, 4.20926738,\n        0.65585163],\n       [1.1232882 , 1.85121295, 1.86449535, 2.24054051, 4.20925267,\n        0.65583108],\n       [1.12328444, 1.85122506, 1.86449767, 2.24053395, 4.20927671,\n        0.65584811]]), array([0.2171454, 0.2171454, 0.2171454, 0.2171454, 0.2171454, 0.2171454,\n       0.2171454]))"}, "5": {"maxiter": 500, "fatol": 1e-05, "xatol": 1e-10, "duration": 0.12873411178588867, "fun": "0.2171453984314553", "nit": "500", "nfev": "758", "status": "2", "success": "False", "message": "Maximum number of iterations has been exceeded.", "x": "[1.12328425 1.8512127  1.86451354 2.24053772 4.20925968 0.65584391]", "final_simplex": "(array([[1.12328425, 1.8512127 , 1.86451354, 2.24053772, 4.20925968,\n        0.65584391],\n       [1.12328948, 1.85122399, 1.86450196, 2.24054019, 4.20926606,\n        0.65585068],\n       [1.1232837 , 1.85121877, 1.86450547, 2.24052887, 4.2092568 ,\n        0.65584331],\n       [1.12328511, 1.85121789, 1.86449525, 2.24054435, 4.20924958,\n        0.65582911],\n       [1.12327791, 1.85121612, 1.86450647, 2.24053662, 4.20926738,\n        0.65585163],\n       [1.1232882 , 1.85121295, 1.86449535, 2.24054051, 4.20925267,\n        0.65583108],\n       [1.12328444, 1.85122506, 1.86449767, 2.24053395, 4.20927671,\n        0.65584811]]), array([0.2171454, 0.2171454, 0.2171454, 0.2171454, 0.2171454, 0.2171454,\n       0.2171454]))"}, "6": {"maxiter": 500, "fatol": 1e-10, "xatol": 1e-05, "duration": 0.1284162998199463, "fun": "0.2171453984314553", "nit": "500", "nfev": "758", "status": "2", "success": "False", "message": "Maximum number of iterations has been exceeded.", "x": "[1.12328425 1.8512127  1.86451354 2.24053772 4.20925968 0.65584391]", "final_simplex": "(array([[1.12328425, 1.8512127 , 1.86451354, 2.24053772, 4.20925968,\n        0.65584391],\n       [1.12328948, 1.85122399, 1.86450196, 2.24054019, 4.20926606,\n        0.65585068],\n       [1.1232837 , 1.85121877, 1.86450547, 2.24052887, 4.2092568 ,\n        0.65584331],\n       [1.12328511, 1.85121789, 1.86449525, 2.24054435, 4.20924958,\n        0.65582911],\n       [1.12327791, 1.85121612, 1.86450647, 2.24053662, 4.20926738,\n        0.65585163],\n       [1.1232882 , 1.85121295, 1.86449535, 2.24054051, 4.20925267,\n        0.65583108],\n       [1.12328444, 1.85122506, 1.86449767, 2.24053395, 4.20927671,\n        0.65584811]]), array([0.2171454, 0.2171454, 0.2171454, 0.2171454, 0.2171454, 0.2171454,\n       0.2171454]))"}, "7": {"maxiter": 500, "fatol": 1e-10, "xatol": 1e-10, "duration": 0.12856006622314453, "fun": "0.2171453984314553", "nit": "500", "nfev": "758", "status": "2", "success": "False", "message": "Maximum number of iterations has been exceeded.", "x": "[1.12328425 1.8512127  1.86451354 2.24053772 4.20925968 0.65584391]", "final_simplex": "(array([[1.12328425, 1.8512127 , 1.86451354, 2.24053772, 4.20925968,\n        0.65584391],\n       [1.12328948, 1.85122399, 1.86450196, 2.24054019, 4.20926606,\n        0.65585068],\n       [1.1232837 , 1.85121877, 1.86450547, 2.24052887, 4.2092568 ,\n        0.65584331],\n       [1.12328511, 1.85121789, 1.86449525, 2.24054435, 4.20924958,\n        0.65582911],\n       [1.12327791, 1.85121612, 1.86450647, 2.24053662, 4.20926738,\n        0.65585163],\n       [1.1232882 , 1.85121295, 1.86449535, 2.24054051, 4.20925267,\n        0.65583108],\n       [1.12328444, 1.85122506, 1.86449767, 2.24053395, 4.20927671,\n        0.65584811]]), array([0.2171454, 0.2171454, 0.2171454, 0.2171454, 0.2171454, 0.2171454,\n       0.2171454]))"}, "8": {"maxiter": 1000, "fatol": 1e-05, "xatol": 1e-05, "duration": 0.1341557502746582, "fun": "0.21714539840260028", "nit": "522", "nfev": "790", "status": "0", "success": "True", "message": "Optimization terminated successfully.", "x": "[1.12328077 1.85122156 1.86451696 2.24054391 4.20926147 0.65585221]", "final_simplex": "(array([[1.12328077, 1.85122156, 1.86451696, 2.24054391, 4.20926147,\n        0.65585221],\n       [1.12328439, 1.85122433, 1.8645105 , 2.24054325, 4.20925727,\n        0.65584649],\n       [1.12328368, 1.85122589, 1.86451352, 2.24054384, 4.20926265,\n        0.65585505],\n       [1.12328709, 1.85122633, 1.86451406, 2.24054991, 4.20925852,\n        0.65584859],\n       [1.12328405, 1.85122477, 1.86451635, 2.24053884, 4.20926266,\n        0.65585274],\n       [1.12328052, 1.85122628, 1.86450935, 2.24054246, 4.20926645,\n        0.65585094],\n       [1.12328476, 1.85122076, 1.8645122 , 2.24054351, 4.20926091,\n        0.6558479 ]]), array([0.2171454, 0.2171454, 0.2171454, 0.2171454, 0.2171454, 0.2171454,\n       0.2171454]))"}, "9": {"maxiter": 1000, "fatol": 1e-05, "xatol": 1e-10, "duration": 0.16767215728759766, "fun": "0.2171453983998095", "nit": "606", "nfev": "990", "status": "0", "success": "True", "message": "Optimization terminated successfully.", "x": "[1.12328172 1.85122576 1.86451646 2.24054491 4.20926129 0.6558519 ]", "final_simplex": "(array([[1.12328172, 1.85122576, 1.86451646, 2.24054491, 4.20926129,\n        0.6558519 ],\n       [1.12328172, 1.85122576, 1.86451646, 2.24054491, 4.20926129,\n        0.6558519 ],\n       [1.12328172, 1.85122576, 1.86451646, 2.24054491, 4.20926129,\n        0.6558519 ],\n       [1.12328172, 1.85122576, 1.86451646, 2.24054491, 4.20926129,\n        0.6558519 ],\n       [1.12328172, 1.85122576, 1.86451646, 2.24054491, 4.20926129,\n        0.6558519 ],\n       [1.12328172, 1.85122576, 1.86451646, 2.24054491, 4.20926129,\n        0.6558519 ],\n       [1.12328172, 1.85122576, 1.86451646, 2.24054491, 4.20926129,\n        0.6558519 ]]), array([0.2171454, 0.2171454, 0.2171454, 0.2171454, 0.2171454, 0.2171454,\n       0.2171454]))"}, "10": {"maxiter": 1000, "fatol": 1e-10, "xatol": 1e-05, "duration": 0.1340789794921875, "fun": "0.21714539840260028", "nit": "522", "nfev": "790", "status": "0", "success": "True", "message": "Optimization terminated successfully.", "x": "[1.12328077 1.85122156 1.86451696 2.24054391 4.20926147 0.65585221]", "final_simplex": "(array([[1.12328077, 1.85122156, 1.86451696, 2.24054391, 4.20926147,\n        0.65585221],\n       [1.12328439, 1.85122433, 1.8645105 , 2.24054325, 4.20925727,\n        0.65584649],\n       [1.12328368, 1.85122589, 1.86451352, 2.24054384, 4.20926265,\n        0.65585505],\n       [1.12328709, 1.85122633, 1.86451406, 2.24054991, 4.20925852,\n        0.65584859],\n       [1.12328405, 1.85122477, 1.86451635, 2.24053884, 4.20926266,\n        0.65585274],\n       [1.12328052, 1.85122628, 1.86450935, 2.24054246, 4.20926645,\n        0.65585094],\n       [1.12328476, 1.85122076, 1.8645122 , 2.24054351, 4.20926091,\n        0.6558479 ]]), array([0.2171454, 0.2171454, 0.2171454, 0.2171454, 0.2171454, 0.2171454,\n       0.2171454]))"}, "11": {"maxiter": 1000, "fatol": 1e-10, "xatol": 1e-10, "duration": 0.16845226287841797, "fun": "0.2171453983998095", "nit": "606", "nfev": "990", "status": "0", "success": "True", "message": "Optimization terminated successfully.", "x": "[1.12328172 1.85122576 1.86451646 2.24054491 4.20926129 0.6558519 ]", "final_simplex": "(array([[1.12328172, 1.85122576, 1.86451646, 2.24054491, 4.20926129,\n        0.6558519 ],\n       [1.12328172, 1.85122576, 1.86451646, 2.24054491, 4.20926129,\n        0.6558519 ],\n       [1.12328172, 1.85122576, 1.86451646, 2.24054491, 4.20926129,\n        0.6558519 ],\n       [1.12328172, 1.85122576, 1.86451646, 2.24054491, 4.20926129,\n        0.6558519 ],\n       [1.12328172, 1.85122576, 1.86451646, 2.24054491, 4.20926129,\n        0.6558519 ],\n       [1.12328172, 1.85122576, 1.86451646, 2.24054491, 4.20926129,\n        0.6558519 ],\n       [1.12328172, 1.85122576, 1.86451646, 2.24054491, 4.20926129,\n        0.6558519 ]]), array([0.2171454, 0.2171454, 0.2171454, 0.2171454, 0.2171454, 0.2171454,\n       0.2171454]))"}}, "bfgs": {"type": "gradient", "0": {"maxiter": 100, "gtol": 1e-05, "xrtol": 1e-05, "eps": 1e-05, "duration": 0.03561592102050781, "fun": "0.2171453986608184", "jac": "[-2.90611979e-07  3.14082094e-07 -1.51146873e-06 -2.92798008e-06\n -1.25928157e-06 -5.94857497e-07]", "hess_inv": "[[ 4.18208286  0.51144928 -1.40658638  0.93680289 -1.64714841 -1.8817876 ]\n [ 0.51144928  3.87473908 -1.98127377  1.11423934  0.63359181  0.05813273]\n [-1.40658638 -1.98127377  7.0168138  -1.32906199  1.82053924  5.3213129 ]\n [ 0.93680289  1.11423934 -1.32906199  3.86941391 -1.87662787 -1.69355718]\n [-1.64714841  0.63359181  1.82053924 -1.87662787  6.94909515  5.52779443]\n [-1.8817876   0.05813273  5.3213129  -1.69355718  5.52779443  9.76384114]]", "nfev": "203", "njev": "29", "status": "0", "success": "True", "message": "Optimization terminated successfully.", "x": "[1.12328545 1.85121741 1.86446774 2.24052855 4.20921685 0.65577947]", "nit": "23"}, "1": {"maxiter": 100, "gtol": 1e-05, "xrtol": 1e-05, "eps": 1e-10, "duration": 0.03552603721618652, "fun": "0.21714539860825055", "jac": "[ 1.11022293e-06  1.11022293e-06  0.00000000e+00 -4.44089173e-06\n -1.11022293e-06 -3.33066880e-06]", "hess_inv": "[[ 4.04026053  0.46535763 -1.72123321  0.94336292 -2.19209929 -2.38357362]\n [ 0.46535763  3.81504443 -1.85277796  1.07600196  0.59295252  0.19753865]\n [-1.72123321 -1.85277796  6.39963693 -2.03119325  2.45830015  4.94946458]\n [ 0.94336292  1.07600196 -2.03119325  3.72012831 -2.47367697 -2.76652342]\n [-2.19209929  0.59295252  2.45830015 -2.47367697  8.05674908  6.83941418]\n [-2.38357362  0.19753865  4.94946458 -2.76652342  6.83941418 10.0068322 ]]", "nfev": "203", "njev": "29", "status": "0", "success": "True", "message": "Optimization terminated successfully.", "x": "[1.12328555 1.8512261  1.86447032 2.24053065 4.20922389 0.655786  ]", "nit": "23"}, "2": {"maxiter": 100, "gtol": 1e-05, "xrtol": 1e-10, "eps": 1e-05, "duration": 0.03541684150695801, "fun": "0.2171453986608184", "jac": "[-2.90611979e-07  3.14082094e-07 -1.51146873e-06 -2.92798008e-06\n -1.25928157e-06 -5.94857497e-07]", "hess_inv": "[[ 4.18208286  0.51144928 -1.40658638  0.93680289 -1.64714841 -1.8817876 ]\n [ 0.51144928  3.87473908 -1.98127377  1.11423934  0.63359181  0.05813273]\n [-1.40658638 -1.98127377  7.0168138  -1.32906199  1.82053924  5.3213129 ]\n [ 0.93680289  1.11423934 -1.32906199  3.86941391 -1.87662787 -1.69355718]\n [-1.64714841  0.63359181  1.82053924 -1.87662787  6.94909515  5.52779443]\n [-1.8817876   0.05813273  5.3213129  -1.69355718  5.52779443  9.76384114]]", "nfev": "203", "njev": "29", "status": "0", "success": "True", "message": "Optimization terminated successfully.", "x": "[1.12328545 1.85121741 1.86446774 2.24052855 4.20921685 0.65577947]", "nit": "23"}, "3": {"maxiter": 100, "gtol": 1e-05, "xrtol": 1e-10, "eps": 1e-10, "duration": 0.03540492057800293, "fun": "0.21714539860825055", "jac": "[ 1.11022293e-06  1.11022293e-06  0.00000000e+00 -4.44089173e-06\n -1.11022293e-06 -3.33066880e-06]", "hess_inv": "[[ 4.04026053  0.46535763 -1.72123321  0.94336292 -2.19209929 -2.38357362]\n [ 0.46535763  3.81504443 -1.85277796  1.07600196  0.59295252  0.19753865]\n [-1.72123321 -1.85277796  6.39963693 -2.03119325  2.45830015  4.94946458]\n [ 0.94336292  1.07600196 -2.03119325  3.72012831 -2.47367697 -2.76652342]\n [-2.19209929  0.59295252  2.45830015 -2.47367697  8.05674908  6.83941418]\n [-2.38357362  0.19753865  4.94946458 -2.76652342  6.83941418 10.0068322 ]]", "nfev": "203", "njev": "29", "status": "0", "success": "True", "message": "Optimization terminated successfully.", "x": "[1.12328555 1.8512261  1.86447032 2.24053065 4.20922389 0.655786  ]", "nit": "23"}, "4": {"maxiter": 100, "gtol": 1e-10, "xrtol": 1e-05, "eps": 1e-05, "duration": 0.03545808792114258, "fun": "0.2171453986608184", "jac": "[-2.90611979e-07  3.14082094e-07 -1.51146873e-06 -2.92798008e-06\n -1.25928157e-06 -5.94857497e-07]", "hess_inv": "[[ 4.18208286  0.51144928 -1.40658638  0.93680289 -1.64714841 -1.8817876 ]\n [ 0.51144928  3.87473908 -1.98127377  1.11423934  0.63359181  0.05813273]\n [-1.40658638 -1.98127377  7.0168138  -1.32906199  1.82053924  5.3213129 ]\n [ 0.93680289  1.11423934 -1.32906199  3.86941391 -1.87662787 -1.69355718]\n [-1.64714841  0.63359181  1.82053924 -1.87662787  6.94909515  5.52779443]\n [-1.8817876   0.05813273  5.3213129  -1.69355718  5.52779443  9.76384114]]", "nfev": "203", "njev": "29", "status": "0", "success": "True", "message": "Optimization terminated successfully.", "x": "[1.12328545 1.85121741 1.86446774 2.24052855 4.20921685 0.65577947]", "nit": "23"}, "5": {"maxiter": 100, "gtol": 1e-10, "xrtol": 1e-05, "eps": 1e-10, "duration": 0.0390620231628418, "fun": "0.21714539845227565", "jac": "[-4.44089173e-06  0.00000000e+00 -4.44089173e-06 -1.11022293e-06\n -1.11022293e-06 -1.11022293e-06]", "hess_inv": "[[ 2.70266617  0.37992423 -0.68318502  0.31755575 -0.56824804 -0.27981735]\n [ 0.37992423  3.85287825 -1.58031444  1.27770946  0.9016231   0.7172024 ]\n [-0.68318502 -1.58031444  5.77702748 -1.12260735  2.0255304   4.25639561]\n [ 0.31755575  1.27770946 -1.12260735  4.11307326 -0.70519124 -0.44722983]\n [-0.56824804  0.9016231   2.0255304  -0.70519124  7.02805695  5.94299393]\n [-0.27981735  0.7172024   4.25639561 -0.44722983  5.94299393  9.12379603]]", "nfev": "224", "njev": "32", "status": "0", "success": "True", "message": "Optimization terminated successfully.", "x": "[1.12327462 1.85122896 1.86449111 2.24054119 4.20925316 0.65582968]", "nit": "25"}, "6": {"maxiter": 100, "gtol": 1e-10, "xrtol": 1e-10, "eps": 1e-05, "duration": 0.06154584884643555, "fun": "0.21714539849364456", "jac": "[ 3.97459843e-09 -9.43689571e-10  2.49800181e-09  5.35127498e-09\n  4.10782519e-10 -9.99200722e-10]", "hess_inv": "[[ 4.21319038  0.51883544 -1.70277067  0.81788177 -1.83568276 -2.22556555]\n [ 0.51883544  3.87407964 -1.98329792  1.11920932  0.62504784  0.0493823 ]\n [-1.70277067 -1.98329792  9.11007353 -0.41067421  3.30018817  7.91764675]\n [ 0.81788177  1.11920932 -0.41067421  4.30393778 -1.22718108 -0.54819287]\n [-1.83568276  0.62504784  3.30018817 -1.22718108  7.96563867  7.33276755]\n [-2.22556555  0.0493823   7.91764675 -0.54819287  7.33276755 12.95405227]]", "nfev": "354", "njev": "49", "status": "2", "success": "False", "message": "Desired error not necessarily achieved due to precision loss.", "x": "[1.12328274 1.85121744 1.86449012 2.24053909 4.20923235 0.65580701]", "nit": "26"}, "7": {"maxiter": 100, "gtol": 1e-10, "xrtol": 1e-10, "eps": 1e-10, "duration": 0.05504202842712402, "fun": "0.21714539843431702", "jac": "[ 1.11022293e-06  3.33066880e-06  0.00000000e+00  0.00000000e+00\n -1.11022293e-06  0.00000000e+00]", "hess_inv": "[[ 3.03011228  1.17137136 -0.21336906 -0.64416288 -2.48696367 -0.81352824]\n [ 1.17137136  1.25919226 -0.42400809 -0.13221846 -0.44970743 -0.6600059 ]\n [-0.21336906 -0.42400809  1.63701221 -0.70171002 -1.39833028 -0.14254069]\n [-0.64416288 -0.13221846 -0.70171002  0.65999823  1.35539623  0.17256843]\n [-2.48696367 -0.44970743 -1.39833028  1.35539623  5.77531489  1.06129105]\n [-0.81352824 -0.6600059  -0.14254069  0.17256843  1.06129105  0.65524372]]", "nfev": "315", "njev": "45", "status": "0", "success": "True", "message": "Optimization terminated successfully.", "x": "[1.12328304 1.85123023 1.86449396 2.24054096 4.20924939 0.655827  ]", "nit": "30"}, "8": {"maxiter": 500, "gtol": 1e-05, "xrtol": 1e-05, "eps": 1e-05, "duration": 0.03585481643676758, "fun": "0.2171453986608184", "jac": "[-2.90611979e-07  3.14082094e-07 -1.51146873e-06 -2.92798008e-06\n -1.25928157e-06 -5.94857497e-07]", "hess_inv": "[[ 4.18208286  0.51144928 -1.40658638  0.93680289 -1.64714841 -1.8817876 ]\n [ 0.51144928  3.87473908 -1.98127377  1.11423934  0.63359181  0.05813273]\n [-1.40658638 -1.98127377  7.0168138  -1.32906199  1.82053924  5.3213129 ]\n [ 0.93680289  1.11423934 -1.32906199  3.86941391 -1.87662787 -1.69355718]\n [-1.64714841  0.63359181  1.82053924 -1.87662787  6.94909515  5.52779443]\n [-1.8817876   0.05813273  5.3213129  -1.69355718  5.52779443  9.76384114]]", "nfev": "203", "njev": "29", "status": "0", "success": "True", "message": "Optimization terminated successfully.", "x": "[1.12328545 1.85121741 1.86446774 2.24052855 4.20921685 0.65577947]", "nit": "23"}, "9": {"maxiter": 500, "gtol": 1e-05, "xrtol": 1e-05, "eps": 1e-10, "duration": 0.03542184829711914, "fun": "0.21714539860825055", "jac": "[ 1.11022293e-06  1.11022293e-06  0.00000000e+00 -4.44089173e-06\n -1.11022293e-06 -3.33066880e-06]", "hess_inv": "[[ 4.04026053  0.46535763 -1.72123321  0.94336292 -2.19209929 -2.38357362]\n [ 0.46535763  3.81504443 -1.85277796  1.07600196  0.59295252  0.19753865]\n [-1.72123321 -1.85277796  6.39963693 -2.03119325  2.45830015  4.94946458]\n [ 0.94336292  1.07600196 -2.03119325  3.72012831 -2.47367697 -2.76652342]\n [-2.19209929  0.59295252  2.45830015 -2.47367697  8.05674908  6.83941418]\n [-2.38357362  0.19753865  4.94946458 -2.76652342  6.83941418 10.0068322 ]]", "nfev": "203", "njev": "29", "status": "0", "success": "True", "message": "Optimization terminated successfully.", "x": "[1.12328555 1.8512261  1.86447032 2.24053065 4.20922389 0.655786  ]", "nit": "23"}, "10": {"maxiter": 500, "gtol": 1e-05, "xrtol": 1e-10, "eps": 1e-05, "duration": 0.035321950912475586, "fun": "0.2171453986608184", "jac": "[-2.90611979e-07  3.14082094e-07 -1.51146873e-06 -2.92798008e-06\n -1.25928157e-06 -5.94857497e-07]", "hess_inv": "[[ 4.18208286  0.51144928 -1.40658638  0.93680289 -1.64714841 -1.8817876 ]\n [ 0.51144928  3.87473908 -1.98127377  1.11423934  0.63359181  0.05813273]\n [-1.40658638 -1.98127377  7.0168138  -1.32906199  1.82053924  5.3213129 ]\n [ 0.93680289  1.11423934 -1.32906199  3.86941391 -1.87662787 -1.69355718]\n [-1.64714841  0.63359181  1.82053924 -1.87662787  6.94909515  5.52779443]\n [-1.8817876   0.05813273  5.3213129  -1.69355718  5.52779443  9.76384114]]", "nfev": "203", "njev": "29", "status": "0", "success": "True", "message": "Optimization terminated successfully.", "x": "[1.12328545 1.85121741 1.86446774 2.24052855 4.20921685 0.65577947]", "nit": "23"}, "11": {"maxiter": 500, "gtol": 1e-05, "xrtol": 1e-10, "eps": 1e-10, "duration": 0.03529810905456543, "fun": "0.21714539860825055", "jac": "[ 1.11022293e-06  1.11022293e-06  0.00000000e+00 -4.44089173e-06\n -1.11022293e-06 -3.33066880e-06]", "hess_inv": "[[ 4.04026053  0.46535763 -1.72123321  0.94336292 -2.19209929 -2.38357362]\n [ 0.46535763  3.81504443 -1.85277796  1.07600196  0.59295252  0.19753865]\n [-1.72123321 -1.85277796  6.39963693 -2.03119325  2.45830015  4.94946458]\n [ 0.94336292  1.07600196 -2.03119325  3.72012831 -2.47367697 -2.76652342]\n [-2.19209929  0.59295252  2.45830015 -2.47367697  8.05674908  6.83941418]\n [-2.38357362  0.19753865  4.94946458 -2.76652342  6.83941418 10.0068322 ]]", "nfev": "203", "njev": "29", "status": "0", "success": "True", "message": "Optimization terminated successfully.", "x": "[1.12328555 1.8512261  1.86447032 2.24053065 4.20922389 0.655786  ]", "nit": "23"}, "12": {"maxiter": 500, "gtol": 1e-10, "xrtol": 1e-05, "eps": 1e-05, "duration": 0.03525829315185547, "fun": "0.2171453986608184", "jac": "[-2.90611979e-07  3.14082094e-07 -1.51146873e-06 -2.92798008e-06\n -1.25928157e-06 -5.94857497e-07]", "hess_inv": "[[ 4.18208286  0.51144928 -1.40658638  0.93680289 -1.64714841 -1.8817876 ]\n [ 0.51144928  3.87473908 -1.98127377  1.11423934  0.63359181  0.05813273]\n [-1.40658638 -1.98127377  7.0168138  -1.32906199  1.82053924  5.3213129 ]\n [ 0.93680289  1.11423934 -1.32906199  3.86941391 -1.87662787 -1.69355718]\n [-1.64714841  0.63359181  1.82053924 -1.87662787  6.94909515  5.52779443]\n [-1.8817876   0.05813273  5.3213129  -1.69355718  5.52779443  9.76384114]]", "nfev": "203", "njev": "29", "status": "0", "success": "True", "message": "Optimization terminated successfully.", "x": "[1.12328545 1.85121741 1.86446774 2.24052855 4.20921685 0.65577947]", "nit": "23"}, "13": {"maxiter": 500, "gtol": 1e-10, "xrtol": 1e-05, "eps": 1e-10, "duration": 0.03895211219787598, "fun": "0.21714539845227565", "jac": "[-4.44089173e-06  0.00000000e+00 -4.44089173e-06 -1.11022293e-06\n -1.11022293e-06 -1.11022293e-06]", "hess_inv": "[[ 2.70266617  0.37992423 -0.68318502  0.31755575 -0.56824804 -0.27981735]\n [ 0.37992423  3.85287825 -1.58031444  1.27770946  0.9016231   0.7172024 ]\n [-0.68318502 -1.58031444  5.77702748 -1.12260735  2.0255304   4.25639561]\n [ 0.31755575  1.27770946 -1.12260735  4.11307326 -0.70519124 -0.44722983]\n [-0.56824804  0.9016231   2.0255304  -0.70519124  7.02805695  5.94299393]\n [-0.27981735  0.7172024   4.25639561 -0.44722983  5.94299393  9.12379603]]", "nfev": "224", "njev": "32", "status": "0", "success": "True", "message": "Optimization terminated successfully.", "x": "[1.12327462 1.85122896 1.86449111 2.24054119 4.20925316 0.65582968]", "nit": "25"}, "14": {"maxiter": 500, "gtol": 1e-10, "xrtol": 1e-10, "eps": 1e-05, "duration": 0.06136012077331543, "fun": "0.21714539849364456", "jac": "[ 3.97459843e-09 -9.43689571e-10  2.49800181e-09  5.35127498e-09\n  4.10782519e-10 -9.99200722e-10]", "hess_inv": "[[ 4.21319038  0.51883544 -1.70277067  0.81788177 -1.83568276 -2.22556555]\n [ 0.51883544  3.87407964 -1.98329792  1.11920932  0.62504784  0.0493823 ]\n [-1.70277067 -1.98329792  9.11007353 -0.41067421  3.30018817  7.91764675]\n [ 0.81788177  1.11920932 -0.41067421  4.30393778 -1.22718108 -0.54819287]\n [-1.83568276  0.62504784  3.30018817 -1.22718108  7.96563867  7.33276755]\n [-2.22556555  0.0493823   7.91764675 -0.54819287  7.33276755 12.95405227]]", "nfev": "354", "njev": "49", "status": "2", "success": "False", "message": "Desired error not necessarily achieved due to precision loss.", "x": "[1.12328274 1.85121744 1.86449012 2.24053909 4.20923235 0.65580701]", "nit": "26"}, "15": {"maxiter": 500, "gtol": 1e-10, "xrtol": 1e-10, "eps": 1e-10, "duration": 0.0546267032623291, "fun": "0.21714539843431702", "jac": "[ 1.11022293e-06  3.33066880e-06  0.00000000e+00  0.00000000e+00\n -1.11022293e-06  0.00000000e+00]", "hess_inv": "[[ 3.03011228  1.17137136 -0.21336906 -0.64416288 -2.48696367 -0.81352824]\n [ 1.17137136  1.25919226 -0.42400809 -0.13221846 -0.44970743 -0.6600059 ]\n [-0.21336906 -0.42400809  1.63701221 -0.70171002 -1.39833028 -0.14254069]\n [-0.64416288 -0.13221846 -0.70171002  0.65999823  1.35539623  0.17256843]\n [-2.48696367 -0.44970743 -1.39833028  1.35539623  5.77531489  1.06129105]\n [-0.81352824 -0.6600059  -0.14254069  0.17256843  1.06129105  0.65524372]]", "nfev": "315", "njev": "45", "status": "0", "success": "True", "message": "Optimization terminated successfully.", "x": "[1.12328304 1.85123023 1.86449396 2.24054096 4.20924939 0.655827  ]", "nit": "30"}, "16": {"maxiter": 1000, "gtol": 1e-05, "xrtol": 1e-05, "eps": 1e-05, "duration": 0.035085201263427734, "fun": "0.2171453986608184", "jac": "[-2.90611979e-07  3.14082094e-07 -1.51146873e-06 -2.92798008e-06\n -1.25928157e-06 -5.94857497e-07]", "hess_inv": "[[ 4.18208286  0.51144928 -1.40658638  0.93680289 -1.64714841 -1.8817876 ]\n [ 0.51144928  3.87473908 -1.98127377  1.11423934  0.63359181  0.05813273]\n [-1.40658638 -1.98127377  7.0168138  -1.32906199  1.82053924  5.3213129 ]\n [ 0.93680289  1.11423934 -1.32906199  3.86941391 -1.87662787 -1.69355718]\n [-1.64714841  0.63359181  1.82053924 -1.87662787  6.94909515  5.52779443]\n [-1.8817876   0.05813273  5.3213129  -1.69355718  5.52779443  9.76384114]]", "nfev": "203", "njev": "29", "status": "0", "success": "True", "message": "Optimization terminated successfully.", "x": "[1.12328545 1.85121741 1.86446774 2.24052855 4.20921685 0.65577947]", "nit": "23"}, "17": {"maxiter": 1000, "gtol": 1e-05, "xrtol": 1e-05, "eps": 1e-10, "duration": 0.035104990005493164, "fun": "0.21714539860825055", "jac": "[ 1.11022293e-06  1.11022293e-06  0.00000000e+00 -4.44089173e-06\n -1.11022293e-06 -3.33066880e-06]", "hess_inv": "[[ 4.04026053  0.46535763 -1.72123321  0.94336292 -2.19209929 -2.38357362]\n [ 0.46535763  3.81504443 -1.85277796  1.07600196  0.59295252  0.19753865]\n [-1.72123321 -1.85277796  6.39963693 -2.03119325  2.45830015  4.94946458]\n [ 0.94336292  1.07600196 -2.03119325  3.72012831 -2.47367697 -2.76652342]\n [-2.19209929  0.59295252  2.45830015 -2.47367697  8.05674908  6.83941418]\n [-2.38357362  0.19753865  4.94946458 -2.76652342  6.83941418 10.0068322 ]]", "nfev": "203", "njev": "29", "status": "0", "success": "True", "message": "Optimization terminated successfully.", "x": "[1.12328555 1.8512261  1.86447032 2.24053065 4.20922389 0.655786  ]", "nit": "23"}, "18": {"maxiter": 1000, "gtol": 1e-05, "xrtol": 1e-10, "eps": 1e-05, "duration": 0.0351560115814209, "fun": "0.2171453986608184", "jac": "[-2.90611979e-07  3.14082094e-07 -1.51146873e-06 -2.92798008e-06\n -1.25928157e-06 -5.94857497e-07]", "hess_inv": "[[ 4.18208286  0.51144928 -1.40658638  0.93680289 -1.64714841 -1.8817876 ]\n [ 0.51144928  3.87473908 -1.98127377  1.11423934  0.63359181  0.05813273]\n [-1.40658638 -1.98127377  7.0168138  -1.32906199  1.82053924  5.3213129 ]\n [ 0.93680289  1.11423934 -1.32906199  3.86941391 -1.87662787 -1.69355718]\n [-1.64714841  0.63359181  1.82053924 -1.87662787  6.94909515  5.52779443]\n [-1.8817876   0.05813273  5.3213129  -1.69355718  5.52779443  9.76384114]]", "nfev": "203", "njev": "29", "status": "0", "success": "True", "message": "Optimization terminated successfully.", "x": "[1.12328545 1.85121741 1.86446774 2.24052855 4.20921685 0.65577947]", "nit": "23"}, "19": {"maxiter": 1000, "gtol": 1e-05, "xrtol": 1e-10, "eps": 1e-10, "duration": 0.03612494468688965, "fun": "0.21714539860825055", "jac": "[ 1.11022293e-06  1.11022293e-06  0.00000000e+00 -4.44089173e-06\n -1.11022293e-06 -3.33066880e-06]", "hess_inv": "[[ 4.04026053  0.46535763 -1.72123321  0.94336292 -2.19209929 -2.38357362]\n [ 0.46535763  3.81504443 -1.85277796  1.07600196  0.59295252  0.19753865]\n [-1.72123321 -1.85277796  6.39963693 -2.03119325  2.45830015  4.94946458]\n [ 0.94336292  1.07600196 -2.03119325  3.72012831 -2.47367697 -2.76652342]\n [-2.19209929  0.59295252  2.45830015 -2.47367697  8.05674908  6.83941418]\n [-2.38357362  0.19753865  4.94946458 -2.76652342  6.83941418 10.0068322 ]]", "nfev": "203", "njev": "29", "status": "0", "success": "True", "message": "Optimization terminated successfully.", "x": "[1.12328555 1.8512261  1.86447032 2.24053065 4.20922389 0.655786  ]", "nit": "23"}, "20": {"maxiter": 1000, "gtol": 1e-10, "xrtol": 1e-05, "eps": 1e-05, "duration": 0.03626275062561035, "fun": "0.2171453986608184", "jac": "[-2.90611979e-07  3.14082094e-07 -1.51146873e-06 -2.92798008e-06\n -1.25928157e-06 -5.94857497e-07]", "hess_inv": "[[ 4.18208286  0.51144928 -1.40658638  0.93680289 -1.64714841 -1.8817876 ]\n [ 0.51144928  3.87473908 -1.98127377  1.11423934  0.63359181  0.05813273]\n [-1.40658638 -1.98127377  7.0168138  -1.32906199  1.82053924  5.3213129 ]\n [ 0.93680289  1.11423934 -1.32906199  3.86941391 -1.87662787 -1.69355718]\n [-1.64714841  0.63359181  1.82053924 -1.87662787  6.94909515  5.52779443]\n [-1.8817876   0.05813273  5.3213129  -1.69355718  5.52779443  9.76384114]]", "nfev": "203", "njev": "29", "status": "0", "success": "True", "message": "Optimization terminated successfully.", "x": "[1.12328545 1.85121741 1.86446774 2.24052855 4.20921685 0.65577947]", "nit": "23"}, "21": {"maxiter": 1000, "gtol": 1e-10, "xrtol": 1e-05, "eps": 1e-10, "duration": 0.04017925262451172, "fun": "0.21714539845227565", "jac": "[-4.44089173e-06  0.00000000e+00 -4.44089173e-06 -1.11022293e-06\n -1.11022293e-06 -1.11022293e-06]", "hess_inv": "[[ 2.70266617  0.37992423 -0.68318502  0.31755575 -0.56824804 -0.27981735]\n [ 0.37992423  3.85287825 -1.58031444  1.27770946  0.9016231   0.7172024 ]\n [-0.68318502 -1.58031444  5.77702748 -1.12260735  2.0255304   4.25639561]\n [ 0.31755575  1.27770946 -1.12260735  4.11307326 -0.70519124 -0.44722983]\n [-0.56824804  0.9016231   2.0255304  -0.70519124  7.02805695  5.94299393]\n [-0.27981735  0.7172024   4.25639561 -0.44722983  5.94299393  9.12379603]]", "nfev": "224", "njev": "32", "status": "0", "success": "True", "message": "Optimization terminated successfully.", "x": "[1.12327462 1.85122896 1.86449111 2.24054119 4.20925316 0.65582968]", "nit": "25"}, "22": {"maxiter": 1000, "gtol": 1e-10, "xrtol": 1e-10, "eps": 1e-05, "duration": 0.06260299682617188, "fun": "0.21714539849364456", "jac": "[ 3.97459843e-09 -9.43689571e-10  2.49800181e-09  5.35127498e-09\n  4.10782519e-10 -9.99200722e-10]", "hess_inv": "[[ 4.21319038  0.51883544 -1.70277067  0.81788177 -1.83568276 -2.22556555]\n [ 0.51883544  3.87407964 -1.98329792  1.11920932  0.62504784  0.0493823 ]\n [-1.70277067 -1.98329792  9.11007353 -0.41067421  3.30018817  7.91764675]\n [ 0.81788177  1.11920932 -0.41067421  4.30393778 -1.22718108 -0.54819287]\n [-1.83568276  0.62504784  3.30018817 -1.22718108  7.96563867  7.33276755]\n [-2.22556555  0.0493823   7.91764675 -0.54819287  7.33276755 12.95405227]]", "nfev": "354", "njev": "49", "status": "2", "success": "False", "message": "Desired error not necessarily achieved due to precision loss.", "x": "[1.12328274 1.85121744 1.86449012 2.24053909 4.20923235 0.65580701]", "nit": "26"}, "23": {"maxiter": 1000, "gtol": 1e-10, "xrtol": 1e-10, "eps": 1e-10, "duration": 0.05523204803466797, "fun": "0.21714539843431702", "jac": "[ 1.11022293e-06  3.33066880e-06  0.00000000e+00  0.00000000e+00\n -1.11022293e-06  0.00000000e+00]", "hess_inv": "[[ 3.03011228  1.17137136 -0.21336906 -0.64416288 -2.48696367 -0.81352824]\n [ 1.17137136  1.25919226 -0.42400809 -0.13221846 -0.44970743 -0.6600059 ]\n [-0.21336906 -0.42400809  1.63701221 -0.70171002 -1.39833028 -0.14254069]\n [-0.64416288 -0.13221846 -0.70171002  0.65999823  1.35539623  0.17256843]\n [-2.48696367 -0.44970743 -1.39833028  1.35539623  5.77531489  1.06129105]\n [-0.81352824 -0.6600059  -0.14254069  0.17256843  1.06129105  0.65524372]]", "nfev": "315", "njev": "45", "status": "0", "success": "True", "message": "Optimization terminated successfully.", "x": "[1.12328304 1.85123023 1.86449396 2.24054096 4.20924939 0.655827  ]", "nit": "30"}}, "cobyla": {"0": {"maxiter": 100, "tol": 1e-05, "catol": 1e-05, "duration": 0.016801118850708008, "x": "[4.96568595 4.20077517 1.64283371 0.89142588 4.08425302 3.08327696]", "status": "2", "success": "False", "message": "Maximum number of function evaluations has been exceeded.", "nfev": "100", "fun": "0.4398976548775615", "maxcv": "0.0"}, "1": {"maxiter": 100, "tol": 1e-05, "catol": 1e-10, "duration": 0.016713380813598633, "x": "[4.96568595 4.20077517 1.64283371 0.89142588 4.08425302 3.08327696]", "status": "2", "success": "False", "message": "Maximum number of function evaluations has been exceeded.", "nfev": "100", "fun": "0.4398976548775615", "maxcv": "0.0"}, "2": {"maxiter": 100, "tol": 1e-10, "catol": 1e-05, "duration": 0.016629934310913086, "x": "[4.96568595 4.20077517 1.64283371 0.89142588 4.08425302 3.08327696]", "status": "2", "success": "False", "message": "Maximum number of function evaluations has been exceeded.", "nfev": "100", "fun": "0.4398976548775615", "maxcv": "0.0"}, "3": {"maxiter": 100, "tol": 1e-10, "catol": 1e-10, "duration": 0.016518115997314453, "x": "[4.96568595 4.20077517 1.64283371 0.89142588 4.08425302 3.08327696]", "status": "2", "success": "False", "message": "Maximum number of function evaluations has been exceeded.", "nfev": "100", "fun": "0.4398976548775615", "maxcv": "0.0"}, "4": {"maxiter": 500, "tol": 1e-05, "catol": 1e-05, "duration": 0.07634115219116211, "x": "[ 5.15991366  4.99281814 -1.27704482  2.24053969  4.20928944  0.65588406]", "status": "1", "success": "True", "message": "Optimization terminated successfully.", "nfev": "461", "fun": "0.21714539848355985", "maxcv": "0.0"}, "5": {"maxiter": 500, "tol": 1e-05, "catol": 1e-10, "duration": 0.0772547721862793, "x": "[ 5.15991366  4.99281814 -1.27704482  2.24053969  4.20928944  0.65588406]", "status": "1", "success": "True", "message": "Optimization terminated successfully.", "nfev": "461", "fun": "0.21714539848355985", "maxcv": "0.0"}, "6": {"maxiter": 500, "tol": 1e-10, "catol": 1e-05, "duration": 0.08320999145507812, "x": "[ 5.15990737  4.99281584 -1.2770672   2.24054282  4.20926925  0.65586508]", "status": "2", "success": "False", "message": "Maximum number of function evaluations has been exceeded.", "nfev": "500", "fun": "0.21714539840751956", "maxcv": "0.0"}, "7": {"maxiter": 500, "tol": 1e-10, "catol": 1e-10, "duration": 0.08308196067810059, "x": "[ 5.15990737  4.99281584 -1.2770672   2.24054282  4.20926925  0.65586508]", "status": "2", "success": "False", "message": "Maximum number of function evaluations has been exceeded.", "nfev": "500", "fun": "0.21714539840751956", "maxcv": "0.0"}, "8": {"maxiter": 1000, "tol": 1e-05, "catol": 1e-05, "duration": 0.07723188400268555, "x": "[ 5.15991366  4.99281814 -1.27704482  2.24053969  4.20928944  0.65588406]", "status": "1", "success": "True", "message": "Optimization terminated successfully.", "nfev": "461", "fun": "0.21714539848355985", "maxcv": "0.0"}, "9": {"maxiter": 1000, "tol": 1e-05, "catol": 1e-10, "duration": 0.07695508003234863, "x": "[ 5.15991366  4.99281814 -1.27704482  2.24053969  4.20928944  0.65588406]", "status": "1", "success": "True", "message": "Optimization terminated successfully.", "nfev": "461", "fun": "0.21714539848355985", "maxcv": "0.0"}, "10": {"maxiter": 1000, "tol": 1e-10, "catol": 1e-05, "duration": 0.11302566528320312, "x": "[ 5.15990363  4.9928184  -1.27707597  2.24054487  4.20926152  0.65