{"date": "2024/07/18/, 20:16:36", "conf_id": 53, "data_type": "random\n", "num_data_points": 3, "s_rank": 0, "unitary": "[[-0.53618537-0.34368723j,-0.12107031-0.46226139j,-0.07699282-0.46603512j,0.36022595-0.11472301j],[0.26026499-0.63450712j,-0.56616638+0.37832564j,-0.14988651+0.08458591j,0.10363514-0.16008501j],[-0.32580188-0.11070003j,-0.36476308-0.23593218j,0.02559343+0.41761608j,-0.25598305+0.6725303j],[0.07406738-0.0126433j,0.28513701+0.19483972j,-0.74939717-0.10299659j,0.29798249+0.46269921j]]", "databatch_0": {"databatch": "[[[-0.03315385-0.16423182j,0.14554283+0.15166137j,0.17255318-0.15561827j,0.12675103+0.02242813j],[0.04573886-0.04200729j,-0.00412485-0.01843708j,0.05011106-0.07386583j,0.0802111+0.0556951j],[0.38707257-0.1259112j,-0.28163269+0.16966204j,-0.04776826-0.15595063j,-0.23440367+0.30037643j],[-0.13948597-0.24739573j,-0.01459351+0.09795295j,0.08256852-0.08905544j,0.47642273-0.24024458j]],[[-0.15412531-0.14041048j,-0.38199321+0.070603j,0.21203434-0.00378922j,0.32425714-0.19991123j],[0.11173778+0.15495439j,0.0139093+0.09256228j,0.06991237-0.07549086j,-0.29585847+0.07326674j],[-0.00468157+0.18901557j,-0.07308915-0.22953398j,0.18022496+0.25875375j,0.1121445-0.07731716j],[-0.14744059+0.10428198j,0.04949495-0.18522034j,-0.03065865+0.17023901j,-0.07320387-0.38779746j]],[[0.08684812+0.25334386j,-0.11224056-0.12917522j,-0.17927083-0.26654737j,0.14338172-0.10962861j],[0.34235421-0.05642226j,0.3207354+0.1852541j,-0.05319728-0.19545043j,0.02714115+0.02622057j],[-0.18939309-0.04126289j,0.10310118+0.09866435j,-0.02756801-0.24291495j,0.1223997-0.14213523j],[-0.15593349+0.33576589j,0.2786098+0.04703027j,-0.09985991+0.05411414j,-0.27618184-0.06510022j]]]", "initial param values": "[2.135941,3.35900886,3.40702068,3.74433182,0.92762369,2.8165143]", "nelder_mead": {"type": "gradient-free", "0": {"maxiter": 100, "fatol": 1e-05, "xatol": 1e-05, "duration": 0.0270388126373291, "fun": "0.4456873631772468", "nit": "100", "nfev": "161", "status": "2", "success": "False", "message": "Maximum number of iterations has been exceeded.", "x": "[1.7315849  2.7309282  4.5649499  5.12948373 1.30562953 2.63641136]", "final_simplex": "(array([[1.7315849 , 2.7309282 , 4.5649499 , 5.12948373, 1.30562953,\n        2.63641136],\n       [1.71495716, 2.76022487, 4.52177562, 5.08432349, 1.28295593,\n        2.66022061],\n       [1.67710763, 2.76786256, 4.5638533 , 5.13023823, 1.30352286,\n        2.69663378],\n       [1.71225455, 2.7406407 , 4.58304513, 5.11835006, 1.32000488,\n        2.60370348],\n       [1.72674999, 2.79978106, 4.57561709, 5.11079623, 1.30184254,\n        2.65522067],\n       [1.67737527, 2.78032118, 4.50086754, 5.13704888, 1.29645646,\n        2.63384155],\n       [1.71476983, 2.72975802, 4.55036032, 5.14469403, 1.27032545,\n        2.65654382]]), array([0.44568736, 0.44610794, 0.44620079, 0.44633289, 0.44644183,\n       0.44656447, 0.44679868]))"}, "1": {"maxiter": 100, "fatol": 1e-05, "xatol": 1e-10, "duration": 0.026939868927001953, "fun": "0.4456873631772468", "nit": "100", "nfev": "161", "status": "2", "success": "False", "message": "Maximum number of iterations has been exceeded.", "x": "[1.7315849  2.7309282  4.5649499  5.12948373 1.30562953 2.63641136]", "final_simplex": "(array([[1.7315849 , 2.7309282 , 4.5649499 , 5.12948373, 1.30562953,\n        2.63641136],\n       [1.71495716, 2.76022487, 4.52177562, 5.08432349, 1.28295593,\n        2.66022061],\n       [1.67710763, 2.76786256, 4.5638533 , 5.13023823, 1.30352286,\n        2.69663378],\n       [1.71225455, 2.7406407 , 4.58304513, 5.11835006, 1.32000488,\n        2.60370348],\n       [1.72674999, 2.79978106, 4.57561709, 5.11079623, 1.30184254,\n        2.65522067],\n       [1.67737527, 2.78032118, 4.50086754, 5.13704888, 1.29645646,\n        2.63384155],\n       [1.71476983, 2.72975802, 4.55036032, 5.14469403, 1.27032545,\n        2.65654382]]), array([0.44568736, 0.44610794, 0.44620079, 0.44633289, 0.44644183,\n       0.44656447, 0.44679868]))"}, "2": {"maxiter": 100, "fatol": 1e-10, "xatol": 1e-05, "duration": 0.026905059814453125, "fun": "0.4456873631772468", "nit": "100", "nfev": "161", "status": "2", "success": "False", "message": "Maximum number of iterations has been exceeded.", "x": "[1.7315849  2.7309282  4.5649499  5.12948373 1.30562953 2.63641136]", "final_simplex": "(array([[1.7315849 , 2.7309282 , 4.5649499 , 5.12948373, 1.30562953,\n        2.63641136],\n       [1.71495716, 2.76022487, 4.52177562, 5.08432349, 1.28295593,\n        2.66022061],\n       [1.67710763, 2.76786256, 4.5638533 , 5.13023823, 1.30352286,\n        2.69663378],\n       [1.71225455, 2.7406407 , 4.58304513, 5.11835006, 1.32000488,\n        2.60370348],\n       [1.72674999, 2.79978106, 4.57561709, 5.11079623, 1.30184254,\n        2.65522067],\n       [1.67737527, 2.78032118, 4.50086754, 5.13704888, 1.29645646,\n        2.63384155],\n       [1.71476983, 2.72975802, 4.55036032, 5.14469403, 1.27032545,\n        2.65654382]]), array([0.44568736, 0.44610794, 0.44620079, 0.44633289, 0.44644183,\n       0.44656447, 0.44679868]))"}, "3": {"maxiter": 100, "fatol": 1e-10, "xatol": 1e-10, "duration": 0.026867151260375977, "fun": "0.4456873631772468", "nit": "100", "nfev": "161", "status": "2", "success": "False", "message": "Maximum number of iterations has been exceeded.", "x": "[1.7315849  2.7309282  4.5649499  5.12948373 1.30562953 2.63641136]", "final_simplex": "(array([[1.7315849 , 2.7309282 , 4.5649499 , 5.12948373, 1.30562953,\n        2.63641136],\n       [1.71495716, 2.76022487, 4.52177562, 5.08432349, 1.28295593,\n        2.66022061],\n       [1.67710763, 2.76786256, 4.5638533 , 5.13023823, 1.30352286,\n        2.69663378],\n       [1.71225455, 2.7406407 , 4.58304513, 5.11835006, 1.32000488,\n        2.60370348],\n       [1.72674999, 2.79978106, 4.57561709, 5.11079623, 1.30184254,\n        2.65522067],\n       [1.67737527, 2.78032118, 4.50086754, 5.13704888, 1.29645646,\n        2.63384155],\n       [1.71476983, 2.72975802, 4.55036032, 5.14469403, 1.27032545,\n        2.65654382]]), array([0.44568736, 0.44610794, 0.44620079, 0.44633289, 0.44644183,\n       0.44656447, 0.44679868]))"}, "4": {"maxiter": 500, "fatol": 1e-05, "xatol": 1e-05, "duration": 0.07453608512878418, "fun": "0.4407768526775695", "nit": "274", "nfev": "447", "status": "0", "success": "True", "message": "Optimization terminated successfully.", "x": "[1.73879009 2.63350338 4.42727387 5.13107163 1.50925852 2.59750373]", "final_simplex": "(array([[1.73879009, 2.63350338, 4.42727387, 5.13107163, 1.50925852,\n        2.59750373],\n       [1.73879224, 2.63350045, 4.42727412, 5.13107798, 1.5092622 ,\n        2.5974968 ],\n       [1.73879102, 2.63350605, 4.42727766, 5.13107808, 1.50925864,\n        2.59750151],\n       [1.73879247, 2.63349663, 4.42727669, 5.13107375, 1.50926013,\n        2.59750478],\n       [1.73879473, 2.63349863, 4.42727523, 5.13107455, 1.50926602,\n        2.59749856],\n       [1.73879633, 2.63350223, 4.42727435, 5.13107912, 1.50926003,\n        2.59750505],\n       [1.73879395, 2.63350433, 4.42727587, 5.13106953, 1.5092572 ,\n        2.59749909]]), array([0.44077685, 0.44077685, 0.44077685, 0.44077685, 0.44077685,\n       0.44077685, 0.44077685]))"}, "5": {"maxiter": 500, "fatol": 1e-05, "xatol": 1e-10, "duration": 0.11384391784667969, "fun": "0.44077685267421685", "nit": "378", "nfev": "683", "status": "0", "success": "True", "message": "Optimization terminated successfully.", "x": "[1.73879004 2.63350026 4.42727327 5.13107551 1.50926109 2.59750187]", "final_simplex": "(array([[1.73879004, 2.63350026, 4.42727327, 5.13107551, 1.50926109,\n        2.59750187],\n       [1.73879004, 2.63350026, 4.42727327, 5.13107551, 1.50926109,\n        2.59750188],\n       [1.73879004, 2.63350026, 4.42727327, 5.13107551, 1.50926109,\n        2.59750187],\n       [1.73879004, 2.63350026, 4.42727327, 5.13107551, 1.50926109,\n        2.59750187],\n       [1.73879004, 2.63350026, 4.42727327, 5.13107551, 1.50926109,\n        2.59750187],\n       [1.73879004, 2.63350026, 4.42727327, 5.13107551, 1.50926109,\n        2.59750187],\n       [1.73879004, 2.63350026, 4.42727327, 5.13107551, 1.50926109,\n        2.59750187]]), array([0.44077685, 0.44077685, 0.44077685, 0.44077685, 0.44077685,\n       0.44077685, 0.44077685]))"}, "6": {"maxiter": 500, "fatol": 1e-10, "xatol": 1e-05, "duration": 0.07478594779968262, "fun": "0.4407768526775695", "nit": "274", "nfev": "447", "status": "0", "success": "True", "message": "Optimization terminated successfully.", "x": "[1.73879009 2.63350338 4.42727387 5.13107163 1.50925852 2.59750373]", "final_simplex": "(array([[1.73879009, 2.63350338, 4.42727387, 5.13107163, 1.50925852,\n        2.59750373],\n       [1.73879224, 2.63350045, 4.42727412, 5.13107798, 1.5092622 ,\n        2.5974968 ],\n       [1.73879102, 2.63350605, 4.42727766, 5.13107808, 1.50925864,\n        2.59750151],\n       [1.73879247, 2.63349663, 4.42727669, 5.13107375, 1.50926013,\n        2.59750478],\n       [1.73879473, 2.63349863, 4.42727523, 5.13107455, 1.50926602,\n        2.59749856],\n       [1.73879633, 2.63350223, 4.42727435, 5.13107912, 1.50926003,\n        2.59750505],\n       [1.73879395, 2.63350433, 4.42727587, 5.13106953, 1.5092572 ,\n        2.59749909]]), array([0.44077685, 0.44077685, 0.44077685, 0.44077685, 0.44077685,\n       0.44077685, 0.44077685]))"}, "7": {"maxiter": 500, "fatol": 1e-10, "xatol": 1e-10, "duration": 0.11359190940856934, "fun": "0.44077685267421685", "nit": "378", "nfev": "683", "status": "0", "success": "True", "message": "Optimization terminated successfully.", "x": "[1.73879004 2.63350026 4.42727327 5.13107551 1.50926109 2.59750187]", "final_simplex": "(array([[1.73879004, 2.63350026, 4.42727327, 5.13107551, 1.50926109,\n        2.59750187],\n       [1.73879004, 2.63350026, 4.42727327, 5.13107551, 1.50926109,\n        2.59750188],\n       [1.73879004, 2.63350026, 4.42727327, 5.13107551, 1.50926109,\n        2.59750187],\n       [1.73879004, 2.63350026, 4.42727327, 5.13107551, 1.50926109,\n        2.59750187],\n       [1.73879004, 2.63350026, 4.42727327, 5.13107551, 1.50926109,\n        2.59750187],\n       [1.73879004, 2.63350026, 4.42727327, 5.13107551, 1.50926109,\n        2.59750187],\n       [1.73879004, 2.63350026, 4.42727327, 5.13107551, 1.50926109,\n        2.59750187]]), array([0.44077685, 0.44077685, 0.44077685, 0.44077685, 0.44077685,\n       0.44077685, 0.44077685]))"}, "8": {"maxiter": 1000, "fatol": 1e-05, "xatol": 1e-05, "duration": 0.07411003112792969, "fun": "0.4407768526775695", "nit": "274", "nfev": "447", "status": "0", "success": "True", "message": "Optimization terminated successfully.", "x": "[1.73879009 2.63350338 4.42727387 5.13107163 1.50925852 2.59750373]", "final_simplex": "(array([[1.73879009, 2.63350338, 4.42727387, 5.13107163, 1.50925852,\n        2.59750373],\n       [1.73879224, 2.63350045, 4.42727412, 5.13107798, 1.5092622 ,\n        2.5974968 ],\n       [1.73879102, 2.63350605, 4.42727766, 5.13107808, 1.50925864,\n        2.59750151],\n       [1.73879247, 2.63349663, 4.42727669, 5.13107375, 1.50926013,\n        2.59750478],\n       [1.73879473, 2.63349863, 4.42727523, 5.13107455, 1.50926602,\n        2.59749856],\n       [1.73879633, 2.63350223, 4.42727435, 5.13107912, 1.50926003,\n        2.59750505],\n       [1.73879395, 2.63350433, 4.42727587, 5.13106953, 1.5092572 ,\n        2.59749909]]), array([0.44077685, 0.44077685, 0.44077685, 0.44077685, 0.44077685,\n       0.44077685, 0.44077685]))"}, "9": {"maxiter": 1000, "fatol": 1e-05, "xatol": 1e-10, "duration": 0.1130218505859375, "fun": "0.44077685267421685", "nit": "378", "nfev": "683", "status": "0", "success": "True", "message": "Optimization terminated successfully.", "x": "[1.73879004 2.63350026 4.42727327 5.13107551 1.50926109 2.59750187]", "final_simplex": "(array([[1.73879004, 2.63350026, 4.42727327, 5.13107551, 1.50926109,\n        2.59750187],\n       [1.73879004, 2.63350026, 4.42727327, 5.13107551, 1.50926109,\n        2.59750188],\n       [1.73879004, 2.63350026, 4.42727327, 5.13107551, 1.50926109,\n        2.59750187],\n       [1.73879004, 2.63350026, 4.42727327, 5.13107551, 1.50926109,\n        2.59750187],\n       [1.73879004, 2.63350026, 4.42727327, 5.13107551, 1.50926109,\n        2.59750187],\n       [1.73879004, 2.63350026, 4.42727327, 5.13107551, 1.50926109,\n        2.59750187],\n       [1.73879004, 2.63350026, 4.42727327, 5.13107551, 1.50926109,\n        2.59750187]]), array([0.44077685, 0.44077685, 0.44077685, 0.44077685, 0.44077685,\n       0.44077685, 0.44077685]))"}, "10": {"maxiter": 1000, "fatol": 1e-10, "xatol": 1e-05, "duration": 0.07410192489624023, "fun": "0.4407768526775695", "nit": "274", "nfev": "447", "status": "0", "success": "True", "message": "Optimization terminated successfully.", "x": "[1.73879009 2.63350338 4.42727387 5.13107163 1.50925852 2.59750373]", "final_simplex": "(array([[1.73879009, 2.63350338, 4.42727387, 5.13107163, 1.50925852,\n        2.59750373],\n       [1.73879224, 2.63350045, 4.42727412, 5.13107798, 1.5092622 ,\n        2.5974968 ],\n       [1.73879102, 2.63350605, 4.42727766, 5.13107808, 1.50925864,\n        2.59750151],\n       [1.73879247, 2.63349663, 4.42727669, 5.13107375, 1.50926013,\n        2.59750478],\n       [1.73879473, 2.63349863, 4.42727523, 5.13107455, 1.50926602,\n        2.59749856],\n       [1.73879633, 2.63350223, 4.42727435, 5.13107912, 1.50926003,\n        2.59750505],\n       [1.73879395, 2.63350433, 4.42727587, 5.13106953, 1.5092572 ,\n        2.59749909]]), array([0.44077685, 0.44077685, 0.44077685, 0.44077685, 0.44077685,\n       0.44077685, 0.44077685]))"}, "11": {"maxiter": 1000, "fatol": 1e-10, "xatol": 1e-10, "duration": 0.11262202262878418, "fun": "0.44077685267421685", "nit": "378", "nfev": "683", "status": "0", "success": "True", "message": "Optimization terminated successfully.", "x": "[1.73879004 2.63350026 4.42727327 5.13107551 1.50926109 2.59750187]", "final_simplex": "(array([[1.73879004, 2.63350026, 4.42727327, 5.13107551, 1.50926109,\n        2.59750187],\n       [1.73879004, 2.63350026, 4.42727327, 5.13107551, 1.50926109,\n        2.59750188],\n       [1.73879004, 2.63350026, 4.42727327, 5.13107551, 1.50926109,\n        2.59750187],\n       [1.73879004, 2.63350026, 4.42727327, 5.13107551, 1.50926109,\n        2.59750187],\n       [1.73879004, 2.63350026, 4.42727327, 5.13107551, 1.50926109,\n        2.59750187],\n       [1.73879004, 2.63350026, 4.42727327, 5.13107551, 1.50926109,\n        2.59750187],\n       [1.73879004, 2.63350026, 4.42727327, 5.13107551, 1.50926109,\n        2.59750187]]), array([0.44077685, 0.44077685, 0.44077685, 0.44077685, 0.44077685,\n       0.44077685, 0.44077685]))"}}, "bfgs": {"type": "gradient", "0": {"maxiter": 100, "gtol": 1e-05, "xrtol": 1e-05, "eps": 1e-05, "duration": 0.02394390106201172, "fun": "0.44077685289048263", "jac": "[-2.24932295e-06  3.84077214e-06 -5.89206461e-06  9.16666743e-07\n  4.19131396e-07 -5.26250155e-06]", "hess_inv": "[[ 2.82508161  1.42381576  0.35863742  0.33276102  0.63274108 -0.91121569]\n [ 1.42381576  4.5501463   1.11099165  0.38273654 -2.47937112  1.38697344]\n [ 0.35863742  1.11099165  4.01790482 -0.47465471 -1.38625259  0.40841318]\n [ 0.33276102  0.38273654 -0.47465471  3.72876541 -0.0489693   0.07790536]\n [ 0.63274108 -2.47937112 -1.38625259 -0.0489693   5.02569867 -2.05468927]\n [-0.91121569  1.38697344  0.40841318  0.07790536 -2.05468927  4.2344684 ]]", "nfev": "140", "njev": "20", "status": "0", "success": "True", "message": "Optimization terminated successfully.", "x": "[1.73878027 2.63349713 4.42724088 5.13107838 1.50927736 2.59747291]", "nit": "17"}, "1": {"maxiter": 100, "gtol": 1e-05, "xrtol": 1e-05, "eps": 1e-10, "duration": 0.024086952209472656, "fun": "0.44077685282933166", "jac": "[ 0.00000000e+00  4.44089173e-06 -4.44089173e-06  3.33066880e-06\n  1.11022293e-06 -4.44089173e-06]", "hess_inv": "[[ 2.80615924  1.41006686  0.35209845  0.33112745  0.62092195 -0.91821895]\n [ 1.41006686  4.54599131  1.11135379  0.38965774 -2.49622434  1.3915574 ]\n [ 0.35209845  1.11135379  4.02312897 -0.47285648 -1.39654236  0.41712678]\n [ 0.33112745  0.38965774 -0.47285648  3.74327953 -0.06201393  0.08673346]\n [ 0.62092195 -2.49622434 -1.39654236 -0.06201393  5.02964839 -2.07323912]\n [-0.91821895  1.3915574   0.41712678  0.08673346 -2.07323912  4.2460667 ]]", "nfev": "140", "njev": "20", "status": "0", "success": "True", "message": "Optimization terminated successfully.", "x": "[1.73879066 2.63351042 4.42725027 5.13108757 1.50927843 2.59747892]", "nit": "17"}, "2": {"maxiter": 100, "gtol": 1e-05, "xrtol": 1e-10, "eps": 1e-05, "duration": 0.023742198944091797, "fun": "0.44077685289048263", "jac": "[-2.24932295e-06  3.84077214e-06 -5.89206461e-06  9.16666743e-07\n  4.19131396e-07 -5.26250155e-06]", "hess_inv": "[[ 2.82508161  1.42381576  0.35863742  0.33276102  0.63274108 -0.91121569]\n [ 1.42381576  4.5501463   1.11099165  0.38273654 -2.47937112  1.38697344]\n [ 0.35863742  1.11099165  4.01790482 -0.47465471 -1.38625259  0.40841318]\n [ 0.33276102  0.38273654 -0.47465471  3.72876541 -0.0489693   0.07790536]\n [ 0.63274108 -2.47937112 -1.38625259 -0.0489693   5.02569867 -2.05468927]\n [-0.91121569  1.38697344  0.40841318  0.07790536 -2.05468927  4.2344684 ]]", "nfev": "140", "njev": "20", "status": "0", "success": "True", "message": "Optimization terminated successfully.", "x": "[1.73878027 2.63349713 4.42724088 5.13107838 1.50927736 2.59747291]", "nit": "17"}, "3": {"maxiter": 100, "gtol": 1e-05, "xrtol": 1e-10, "eps": 1e-10, "duration": 0.024415969848632812, "fun": "0.44077685282933166", "jac": "[ 0.00000000e+00  4.44089173e-06 -4.44089173e-06  3.33066880e-06\n  1.11022293e-06 -4.44089173e-06]", "hess_inv": "[[ 2.80615924  1.41006686  0.35209845  0.33112745  0.62092195 -0.91821895]\n [ 1.41006686  4.54599131  1.11135379  0.38965774 -2.49622434  1.3915574 ]\n [ 0.35209845  1.11135379  4.02312897 -0.47285648 -1.39654236  0.41712678]\n [ 0.33112745  0.38965774 -0.47285648  3.74327953 -0.06201393  0.08673346]\n [ 0.62092195 -2.49622434 -1.39654236 -0.06201393  5.02964839 -2.07323912]\n [-0.91821895  1.3915574   0.41712678  0.08673346 -2.07323912  4.2460667 ]]", "nfev": "140", "njev": "20", "status": "0", "success": "True", "message": "Optimization terminated successfully.", "x": "[1.73879066 2.63351042 4.42725027 5.13108757 1.50927843 2.59747892]", "nit": "17"}, "4": {"maxiter": 100, "gtol": 1e-10, "xrtol": 1e-05, "eps": 1e-05, "duration": 0.026561975479125977, "fun": "0.44077685271128153", "jac": "[-2.32963648e-06  1.76805237e-06  2.49689158e-08  3.07487369e-07\n  7.85282950e-07 -1.02724496e-06]", "hess_inv": "[[ 2.7916101   1.42250276  0.24037737  0.39408835  0.62773383 -0.99578556]\n [ 1.42250276  4.55019093  1.11500451  0.38218695 -2.48222317  1.3902206 ]\n [ 0.24037737  1.11500451  4.37866297 -0.5239241  -1.64292656  0.70036792]\n [ 0.39408835  0.38218695 -0.5239241   3.70724188  0.04183611  0.03106851]\n [ 0.62773383 -2.48222317 -1.64292656  0.04183611  5.09830364 -2.24866832]\n [-0.99578556  1.3902206   0.70036792  0.03106851 -2.24866832  4.46902524]]", "nfev": "147", "njev": "21", "status": "0", "success": "True", "message": "Optimization terminated successfully.", "x": "[1.73877664 2.63349743 4.4272678  5.13107146 1.50926461 2.59749389]", "nit": "18"}, "5": {"maxiter": 100, "gtol": 1e-10, "xrtol": 1e-05, "eps": 1e-10, "duration": 0.026502132415771484, "fun": "0.44077685270251366", "jac": "[-4.44089173e-06  1.11022293e-06  0.00000000e+00 -2.22044587e-06\n  2.22044587e-06 -1.11022293e-06]", "hess_inv": "[[ 2.90299984  1.46746603  0.19362365  0.4488775   0.72185204 -1.06442064]\n [ 1.46746603  4.53851221  1.03650994  0.36642132 -2.39558216  1.3231346 ]\n [ 0.19362365  1.03650994  4.27368653 -0.62276253 -1.58048297  0.64799252]\n [ 0.4488775   0.36642132 -0.62276253  3.67791725  0.15220985 -0.0501626 ]\n [ 0.72185204 -2.39558216 -1.58048297  0.15220985  5.0946919  -2.24354893]\n [-1.06442064  1.3231346   0.64799252 -0.0501626  -2.24354893  4.45877851]]", "nfev": "147", "njev": "21", "status": "0", "success": "True", "message": "Optimization terminated successfully.", "x": "[1.73877798 2.63350219 4.42727136 5.13107054 1.50926592 2.59749838]", "nit": "18"}, "6": {"maxiter": 100, "gtol": 1e-10, "xrtol": 1e-10, "eps": 1e-05, "duration": 0.07534909248352051, "fun": "0.44077685269055566", "jac": "[-2.20601315e-07  1.90669702e-07  3.33233441e-07 -5.45896661e-08\n  3.69415609e-07  2.30215846e-07]", "hess_inv": "[[ 3.97169154  0.4883752   0.1342412   0.17342099 -0.06739457 -0.5642205 ]\n [ 0.4883752   5.27645865  1.1847703   0.56762692 -1.97035454  1.03821033]\n [ 0.1342412   1.1847703   3.92199682 -0.34294131 -1.50232409  0.28177313]\n [ 0.17342099  0.56762692 -0.34294131  3.690127    0.16344406  0.08100747]\n [-0.06739457 -1.97035454 -1.50232409  0.16344406  5.36312142 -2.43619869]\n [-0.5642205   1.03821033  0.28177313  0.08100747 -2.43619869  4.31672874]]", "nfev": "423", "njev": "59", "status": "2", "success": "False", "message": "Desired error not necessarily achieved due to precision loss.", "x": "[1.7387835  2.6334925  4.427269   5.13106935 1.50926187 2.59749797]", "nit": "20"}, "7": {"maxiter": 100, "gtol": 1e-10, "xrtol": 1e-10, "eps": 1e-10, "duration": 0.0425572395324707, "fun": "0.4407768526782875", "jac": "[-1.11022293e-06  0.00000000e+00  1.11022293e-06  1.11022293e-06\n  1.11022293e-06  0.00000000e+00]", "hess_inv": "[[ 3.08100258  0.91894968  1.05899916  0.20086458  0.19911782 -0.13783203]\n [ 0.91894968  2.77635379  0.35057155 -0.47463621 -0.24428346  0.16915484]\n [ 1.05899916  0.35057155  4.94451947 -0.33801381 -1.46383251  1.47025859]\n [ 0.20086458 -0.47463621 -0.33801381  3.08833911  0.31428541 -0.27820493]\n [ 0.19911782 -0.24428346 -1.46383251  0.31428541  2.80655678 -2.73033054]\n [-0.13783203  0.16915484  1.47025859 -0.27820493 -2.73033054  2.85491709]]", "nfev": "238", "njev": "34", "status": "0", "success": "True", "message": "Optimization terminated successfully.", "x": "[1.73878926 2.63350399 4.42727789 5.13107757 1.50926072 2.59750267]", "nit": "22"}, "8": {"maxiter": 500, "gtol": 1e-05, "xrtol": 1e-05, "eps": 1e-05, "duration": 0.02518296241760254, "fun": "0.44077685289048263", "jac": "[-2.24932295e-06  3.84077214e-06 -5.89206461e-06  9.16666743e-07\n  4.19131396e-07 -5.26250155e-06]", "hess_inv": "[[ 2.82508161  1.42381576  0.35863742  0.33276102  0.63274108 -0.91121569]\n [ 1.42381576  4.5501463   1.11099165  0.38273654 -2.47937112  1.38697344]\n [ 0.35863742  1.11099165  4.01790482 -0.47465471 -1.38625259  0.40841318]\n [ 0.33276102  0.38273654 -0.47465471  3.72876541 -0.0489693   0.07790536]\n [ 0.63274108 -2.47937112 -1.38625259 -0.0489693   5.02569867 -2.05468927]\n [-0.91121569  1.38697344  0.40841318  0.07790536 -2.05468927  4.2344684 ]]", "nfev": "140", "njev": "20", "status": "0", "success": "True", "message": "Optimization terminated successfully.", "x": "[1.73878027 2.63349713 4.42724088 5.13107838 1.50927736 2.59747291]", "nit": "17"}, "9": {"maxiter": 500, "gtol": 1e-05, "xrtol": 1e-05, "eps": 1e-10, "duration": 0.025145769119262695, "fun": "0.44077685282933166", "jac": "[ 0.00000000e+00  4.44089173e-06 -4.44089173e-06  3.33066880e-06\n  1.11022293e-06 -4.44089173e-06]", "hess_inv": "[[ 2.80615924  1.41006686  0.35209845  0.33112745  0.62092195 -0.91821895]\n [ 1.41006686  4.54599131  1.11135379  0.38965774 -2.49622434  1.3915574 ]\n [ 0.35209845  1.11135379  4.02312897 -0.47285648 -1.39654236  0.41712678]\n [ 0.33112745  0.38965774 -0.47285648  3.74327953 -0.06201393  0.08673346]\n [ 0.62092195 -2.49622434 -1.39654236 -0.06201393  5.02964839 -2.07323912]\n [-0.91821895  1.3915574   0.41712678  0.08673346 -2.07323912  4.2460667 ]]", "nfev": "140", "njev": "20", "status": "0", "success": "True", "message": "Optimization terminated successfully.", "x": "[1.73879066 2.63351042 4.42725027 5.13108757 1.50927843 2.59747892]", "nit": "17"}, "10": {"maxiter": 500, "gtol": 1e-05, "xrtol": 1e-10, "eps": 1e-05, "duration": 0.025151968002319336, "fun": "0.44077685289048263", "jac": "[-2.24932295e-06  3.84077214e-06 -5.89206461e-06  9.16666743e-07\n  4.19131396e-07 -5.26250155e-06]", "hess_inv": "[[ 2.82508161  1.42381576  0.35863742  0.33276102  0.63274108 -0.91121569]\n [ 1.42381576  4.5501463   1.11099165  0.38273654 -2.47937112  1.38697344]\n [ 0.35863742  1.11099165  4.01790482 -0.47465471 -1.38625259  0.40841318]\n [ 0.33276102  0.38273654 -0.47465471  3.72876541 -0.0489693   0.07790536]\n [ 0.63274108 -2.47937112 -1.38625259 -0.0489693   5.02569867 -2.05468927]\n [-0.91121569  1.38697344  0.40841318  0.07790536 -2.05468927  4.2344684 ]]", "nfev": "140", "njev": "20", "status": "0", "success": "True", "message": "Optimization terminated successfully.", "x": "[1.73878027 2.63349713 4.42724088 5.13107838 1.50927736 2.59747291]", "nit": "17"}, "11": {"maxiter": 500, "gtol": 1e-05, "xrtol": 1e-10, "eps": 1e-10, "duration": 0.025332927703857422, "fun": "0.44077685282933166", "jac": "[ 0.00000000e+00  4.44089173e-06 -4.44089173e-06  3.33066880e-06\n  1.11022293e-06 -4.44089173e-06]", "hess_inv": "[[ 2.80615924  1.41006686  0.35209845  0.33112745  0.62092195 -0.91821895]\n [ 1.41006686  4.54599131  1.11135379  0.38965774 -2.49622434  1.3915574 ]\n [ 0.35209845  1.11135379  4.02312897 -0.47285648 -1.39654236  0.41712678]\n [ 0.33112745  0.38965774 -0.47285648  3.74327953 -0.06201393  0.08673346]\n [ 0.62092195 -2.49622434 -1.39654236 -0.06201393  5.02964839 -2.07323912]\n [-0.91821895  1.3915574   0.41712678  0.08673346 -2.07323912  4.2460667 ]]", "nfev": "140", "njev": "20", "status": "0", "success": "True", "message": "Optimization terminated successfully.", "x": "[1.73879066 2.63351042 4.42725027 5.13108757 1.50927843 2.59747892]", "nit": "17"}, "12": {"maxiter": 500, "gtol": 1e-10, "xrtol": 1e-05, "eps": 1e-05, "duration": 0.026073694229125977, "fun": "0.44077685271128153", "jac": "[-2.32963648e-06  1.76805237e-06  2.49689158e-08  3.07487369e-07\n  7.85282950e-07 -1.02724496e-06]", "hess_inv": "[[ 2.7916101   1.42250276  0.24037737  0.39408835  0.62773383 -0.99578556]\n [ 1.42250276  4.55019093  1.11500451  0.38218695 -2.48222317  1.3902206 ]\n [ 0.24037737  1.11500451  4.37866297 -0.5239241  -1.64292656  0.70036792]\n [ 0.39408835  0.38218695 -0.5239241   3.70724188  0.04183611  0.03106851]\n [ 0.62773383 -2.48222317 -1.64292656  0.04183611  5.09830364 -2.24866832]\n [-0.99578556  1.3902206   0.70036792  0.03106851 -2.24866832  4.46902524]]", "nfev": "147", "njev": "21", "status": "0", "success": "True", "message": "Optimization terminated successfully.", "x": "[1.73877664 2.63349743 4.4272678  5.13107146 1.50926461 2.59749389]", "nit": "18"}, "13": {"maxiter": 500, "gtol": 1e-10, "xrtol": 1e-05, "eps": 1e-10, "duration": 0.025892257690429688, "fun": "0.44077685270251366", "jac": "[-4.44089173e-06  1.11022293e-06  0.00000000e+00 -2.22044587e-06\n  2.22044587e-06 -1.11022293e-06]", "hess_inv": "[[ 2.90299984  1.46746603  0.19362365  0.4488775   0.72185204 -1.06442064]\n [ 1.46746603  4.53851221  1.03650994  0.36642132 -2.39558216  1.3231346 ]\n [ 0.19362365  1.03650994  4.27368653 -0.62276253 -1.58048297  0.64799252]\n [ 0.4488775   0.36642132 -0.62276253  3.67791725  0.15220985 -0.0501626 ]\n [ 0.72185204 -2.39558216 -1.58048297  0.15220985  5.0946919  -2.24354893]\n [-1.06442064  1.3231346   0.64799252 -0.0501626  -2.24354893  4.45877851]]", "nfev": "147", "njev": "21", "status": "0", "success": "True", "message": "Optimization terminated successfully.", "x": "[1.73877798 2.63350219 4.42727136 5.13107054 1.50926592 2.59749838]", "nit": "18"}, "14": {"maxiter": 500, "gtol": 1e-10, "xrtol": 1e-10, "eps": 1e-05, "duration": 0.0735931396484375, "fun": "0.44077685269055566", "jac": "[-2.20601315e-07  1.90669702e-07  3.33233441e-07 -5.45896661e-08\n  3.69415609e-07  2.30215846e-07]", "hess_inv": "[[ 3.97169154  0.4883752   0.1342412   0.17342099 -0.06739457 -0.5642205 ]\n [ 0.4883752   5.27645865  1.1847703   0.56762692 -1.97035454  1.03821033]\n [ 0.1342412   1.1847703   3.92199682 -0.34294131 -1.50232409  0.28177313]\n [ 0.17342099  0.56762692 -0.34294131  3.690127    0.16344406  0.08100747]\n [-0.06739457 -1.97035454 -1.50232409  0.16344406  5.36312142 -2.43619869]\n [-0.5642205   1.03821033  0.28177313  0.08100747 -2.43619869  4.31672874]]", "nfev": "423", "njev": "59", "status": "2", "success": "False", "message": "Desired error not necessarily achieved due to precision loss.", "x": "[1.7387835  2.6334925  4.427269   5.13106935 1.50926187 2.59749797]", "nit": "20"}, "15": {"maxiter": 500, "gtol": 1e-10, "xrtol": 1e-10, "eps": 1e-10, "duration": 0.04166889190673828, "fun": "0.4407768526782875", "jac": "[-1.11022293e-06  0.00000000e+00  1.11022293e-06  1.11022293e-06\n  1.11022293e-06  0.00000000e+00]", "hess_inv": "[[ 3.08100258  0.91894968  1.05899916  0.20086458  0.19911782 -0.13783203]\n [ 0.91894968  2.77635379  0.35057155 -0.47463621 -0.24428346  0.16915484]\n [ 1.05899916  0.35057155  4.94451947 -0.33801381 -1.46383251  1.47025859]\n [ 0.20086458 -0.47463621 -0.33801381  3.08833911  0.31428541 -0.27820493]\n [ 0.19911782 -0.24428346 -1.46383251  0.31428541  2.80655678 -2.73033054]\n [-0.13783203  0.16915484  1.47025859 -0.27820493 -2.73033054  2.85491709]]", "nfev": "238", "njev": "34", "status": "0", "success": "True", "message": "Optimization terminated successfully.", "x": "[1.73878926 2.63350399 4.42727789 5.13107757 1.50926072 2.59750267]", "nit": "22"}, "16": {"maxiter": 1000, "gtol": 1e-05, "xrtol": 1e-05, "eps": 1e-05, "duration": 0.025266170501708984, "fun": "0.44077685289048263", "jac": "[-2.24932295e-06  3.84077214e-06 -5.89206461e-06  9.16666743e-07\n  4.19131396e-07 -5.26250155e-06]", "hess_inv": "[[ 2.82508161  1.42381576  0.35863742  0.33276102  0.63274108 -0.91121569]\n [ 1.42381576  4.5501463   1.11099165  0.38273654 -2.47937112  1.38697344]\n [ 0.35863742  1.11099165  4.01790482 -0.47465471 -1.38625259  0.40841318]\n [ 0.33276102  0.38273654 -0.47465471  3.72876541 -0.0489693   0.07790536]\n [ 0.63274108 -2.47937112 -1.38625259 -0.0489693   5.02569867 -2.05468927]\n [-0.91121569  1.38697344  0.40841318  0.07790536 -2.05468927  4.2344684 ]]", "nfev": "140", "njev": "20", "status": "0", "success": "True", "message": "Optimization terminated successfully.", "x": "[1.73878027 2.63349713 4.42724088 5.13107838 1.50927736 2.59747291]", "nit": "17"}, "17": {"maxiter": 1000, "gtol": 1e-05, "xrtol": 1e-05, "eps": 1e-10, "duration": 0.02518296241760254, "fun": "0.44077685282933166", "jac": "[ 0.00000000e+00  4.44089173e-06 -4.44089173e-06  3.33066880e-06\n  1.11022293e-06 -4.44089173e-06]", "hess_inv": "[[ 2.80615924  1.41006686  0.35209845  0.33112745  0.62092195 -0.91821895]\n [ 1.41006686  4.54599131  1.11135379  0.38965774 -2.49622434  1.3915574 ]\n [ 0.35209845  1.11135379  4.02312897 -0.47285648 -1.39654236  0.41712678]\n [ 0.33112745  0.38965774 -0.47285648  3.74327953 -0.06201393  0.08673346]\n [ 0.62092195 -2.49622434 -1.39654236 -0.06201393  5.02964839 -2.07323912]\n [-0.91821895  1.3915574   0.41712678  0.08673346 -2.07323912  4.2460667 ]]", "nfev": "140", "njev": "20", "status": "0", "success": "True", "message": "Optimization terminated successfully.", "x": "[1.73879066 2.63351042 4.42725027 5.13108757 1.50927843 2.59747892]", "nit": "17"}, "18": {"maxiter": 1000, "gtol": 1e-05, "xrtol": 1e-10, "eps": 1e-05, "duration": 0.02518296241760254, "fun": "0.44077685289048263", "jac": "[-2.24932295e-06  3.84077214e-06 -5.89206461e-06  9.16666743e-07\n  4.19131396e-07 -5.26250155e-06]", "hess_inv": "[[ 2.82508161  1.42381576  0.35863742  0.33276102  0.63274108 -0.91121569]\n [ 1.42381576  4.5501463   1.11099165  0.38273654 -2.47937112  1.38697344]\n [ 0.35863742  1.11099165  4.01790482 -0.47465471 -1.38625259  0.40841318]\n [ 0.33276102  0.38273654 -0.47465471  3.72876541 -0.0489693   0.07790536]\n [ 0.63274108 -2.47937112 -1.38625259 -0.0489693   5.02569867 -2.05468927]\n [-0.91121569  1.38697344  0.40841318  0.07790536 -2.05468927  4.2344684 ]]", "nfev": "140", "njev": "20", "status": "0", "success": "True", "message": "Optimization terminated successfully.", "x": "[1.73878027 2.63349713 4.42724088 5.13107838 1.50927736 2.59747291]", "nit": "17"}, "19": {"maxiter": 1000, "gtol": 1e-05, "xrtol": 1e-10, "eps": 1e-10, "duration": 0.025107145309448242, "fun": "0.44077685282933166", "jac": "[ 0.00000000e+00  4.44089173e-06 -4.44089173e-06  3.33066880e-06\n  1.11022293e-06 -4.44089173e-06]", "hess_inv": "[[ 2.80615924  1.41006686  0.35209845  0.33112745  0.62092195 -0.91821895]\n [ 1.41006686  4.54599131  1.11135379  0.38965774 -2.49622434  1.3915574 ]\n [ 0.35209845  1.11135379  4.02312897 -0.47285648 -1.39654236  0.41712678]\n [ 0.33112745  0.38965774 -0.47285648  3.74327953 -0.06201393  0.08673346]\n [ 0.62092195 -2.49622434 -1.39654236 -0.06201393  5.02964839 -2.07323912]\n [-0.91821895  1.3915574   0.41712678  0.08673346 -2.07323912  4.2460667 ]]", "nfev": "140", "njev": "20", "status": "0", "success": "True", "message": "Optimization terminated successfully.", "x": "[1.73879066 2.63351042 4.42725027 5.13108757 1.50927843 2.59747892]", "nit": "17"}, "20": {"maxiter": 1000, "gtol": 1e-10, "xrtol": 1e-05, "eps": 1e-05, "duration": 0.026371002197265625, "fun": "0.44077685271128153", "jac": "[-2.32963648e-06  1.76805237e-06  2.49689158e-08  3.07487369e-07\n  7.85282950e-07 -1.02724496e-06]", "hess_inv": "[[ 2.7916101   1.42250276  0.24037737  0.39408835  0.62773383 -0.99578556]\n [ 1.42250276  4.55019093  1.11500451  0.38218695 -2.48222317  1.3902206 ]\n [ 0.24037737  1.11500451  4.37866297 -0.5239241  -1.64292656  0.70036792]\n [ 0.39408835  0.38218695 -0.5239241   3.70724188  0.04183611  0.03106851]\n [ 0.62773383 -2.48222317 -1.64292656  0.04183611  5.09830364 -2.24866832]\n [-0.99578556  1.3902206   0.70036792  0.03106851 -2.24866832  4.46902524]]", "nfev": "147", "njev": "21", "status": "0", "success": "True", "message": "Optimization terminated successfully.", "x": "[1.73877664 2.63349743 4.4272678  5.13107146 1.50926461 2.59749389]", "nit": "18"}, "21": {"maxiter": 1000, "gtol": 1e-10, "xrtol": 1e-05, "eps": 1e-10, "duration": 0.026552915573120117, "fun": "0.44077685270251366", "jac": "[-4.44089173e-06  1.11022293e-06  0.00000000e+00 -2.22044587e-06\n  2.22044587e-06 -1.11022293e-06]", "hess_inv": "[[ 2.90299984  1.46746603  0.19362365  0.4488775   0.72185204 -1.06442064]\n [ 1.46746603  4.53851221  1.03650994  0.36642132 -2.39558216  1.3231346 ]\n [ 0.19362365  1.03650994  4.27368653 -0.62276253 -1.58048297  0.64799252]\n [ 0.4488775   0.36642132 -0.62276253  3.67791725  0.15220985 -0.0501626 ]\n [ 0.72185204 -2.39558216 -1.58048297  0.15220985  5.0946919  -2.24354893]\n [-1.06442064  1.3231346   0.64799252 -0.0501626  -2.24354893  4.45877851]]", "nfev": "147", "njev": "21", "status": "0", "success": "True", "message": "Optimization terminated successfully.", "x": "[1.73877798 2.63350219 4.42727136 5.13107054 1.50926592 2.59749838]", "nit": "18"}, "22": {"maxiter": 1000, "gtol": 1e-10, "xrtol": 1e-10, "eps": 1e-05, "duration": 0.07544898986816406, "fun": "0.44077685269055566", "jac": "[-2.20601315e-07  1.90669702e-07  3.33233441e-07 -5.45896661e-08\n  3.69415609e-07  2.30215846e-07]", "hess_inv": "[[ 3.97169154  0.4883752   0.1342412   0.17342099 -0.06739457 -0.5642205 ]\n [ 0.4883752   5.27645865  1.1847703   0.56762692 -1.97035454  1.03821033]\n [ 0.1342412   1.1847703   3.92199682 -0.34294131 -1.50232409  0.28177313]\n [ 0.17342099  0.56762692 -0.34294131  3.690127    0.16344406  0.08100747]\n [-0.06739457 -1.97035454 -1.50232409  0.16344406  5.36312142 -2.43619869]\n [-0.5642205   1.03821033  0.28177313  0.08100747 -2.43619869  4.31672874]]", "nfev": "423", "njev": "59", "status": "2", "success": "False", "message": "Desired error not necessarily achieved due to precision loss.", "x": "[1.7387835  2.6334925  4.427269   5.13106935 1.50926187 2.59749797]", "nit": "20"}, "23": {"maxiter": 1000, "gtol": 1e-10, "xrtol": 1e-10, "eps": 1e-10, "duration": 0.04276609420776367, "fun": "0.4407768526782875", "jac": "[-1.11022293e-06  0.00000000e+00  1.11022293e-06  1.11022293e-06\n  1.11022293e-06  0.00000000e+00]", "hess_inv": "[[ 3.08100258  0.91894968  1.05899916  0.20086458  0.19911782 -0.13783203]\n [ 0.91894968  2.77635379  0.35057155 -0.47463621 -0.24428346  0.16915484]\n [ 1.05899916  0.35057155  4.94451947 -0.33801381 -1.46383251  1.47025859]\n [ 0.20086458 -0.47463621 -0.33801381  3.08833911  0.31428541 -0.27820493]\n [ 0.19911782 -0.24428346 -1.46383251  0.31428541  2.80655678 -2.73033054]\n [-0.13783203  0.16915484  1.47025859 -0.27820493 -2.73033054  2.85491709]]", "nfev": "238", "njev": "34", "status": "0", "success": "True", "message": "Optimization terminated successfully.", "x": "[1.73878926 2.63350399 4.42727789 5.13107757 1.50926072 2.59750267]", "nit": "22"}}, "cobyla": {"0": {"maxiter": 100, "tol": 1e-05, "catol": 1e-05, "duration": 0.01717686653137207, "x": "[1.73904064 2.63368909 4.4274644  5.13105167 1.50911778 2.59742702]", "status": "2", "success": "False", "message": "Maximum number of function evaluations has been exceeded.", "nfev": "100", "fun": "0.44077686608374733", "maxcv": "0.0"}, "1": {"maxiter": 100, "tol": 1e-05, "catol": 1e-10, "duration": 0.0171511173248291, "x": "[1.73904064 2.63368909 4.4274644  5.13105167 1.50911778 2.59742702]", "status": "2", "success": "False", "message": "Maximum number of function evaluations has been exceeded.", "nfev": "100", "fun": "0.44077686608374733", "maxcv": "0.0"}, "2": {"maxiter": 100, "tol": 1e-10, "catol": 1e-05, "duration": 0.017189741134643555, "x": "[1.73904064 2.63368909 4.4274644  5.13105167 1.50911778 2.59742702]", "status": "2", "success": "False", "message": "Maximum number of function evaluations has been exceeded.", "nfev": "100", "fun": "0.44077686608374733", "maxcv": "0.0"}, "3": {"maxiter": 100, "tol": 1e-10, "catol": 1e-10, "duration": 0.017302989959716797, "x": "[1.73904064 2.63368909 4.4274644  5.13105167 1.50911778 2.59742702]", "status": "2", "success": "False", "message": "Maximum number of function evaluations has been exceeded.", "nfev": "100", "fun": "0.44077686608374733", "maxcv": "0.0"}, "4": {"maxiter": 500, "tol": 1e-05, "catol": 1e-05, "duration": 0.023973703384399414, "x": "[1.7387933  2.6335039  4.42727136 5.13108209 1.50926538 2.59750403]", "status": "1", "success": "True", "message": "Optimization terminated successfully.", "nfev": "142", "fun": "0.4407768526856276", "maxcv": "0.0"}, "5": {"maxiter": 500, "tol": 1e-05, "catol": 1e-10, "duration": 0.023818016052246094, "x": "[1.7387933  2.6335039  4.42727136 5.13108209 1.50926538 2.59750403]", "status": "1", "success": "True", "message": "Optimization terminated successfully.", "nfev": "142", "fun": "0.4407768526856276", "maxcv": "0.0"}, "6": {"maxiter": 500, "tol": 1e-10, "catol": 1e-05, "duration": 0.039823293685913086, "x": "[1.73879006 2.63350025 4.42727329 5.13107553 1.50926109 2.59750188]", "status": "1", "success": "True", "message": "Optimization terminated successfully.", "nfev": "232", "fun": "0.4407768526742174", "maxcv": "0.0"}, "7": {"maxiter": 500, "tol": 1e-10, "catol": 1e-10, "duration": 0.0387730598449707, "x": "[1.73879006 2.63350025 4.42727329 5.13107553 1.50926109 2.59750188]", "status": "1", "success": "True", "message": "Optimization terminated successfully.", "nfev": "232", "fun": "0.4407768526742174", "maxcv": "0.0"}, "8": {"maxiter": 1000, "tol": 1e-05, "catol": 1e-05, "duration": 0.024374961853027344, "x": "[1.7387933  2.6335039  4.42727136 5.13108209 1.50926538 2.59750403]", "status": "1", "success": "True", "message": "Optimization terminated successfully.", "nfev": "142", "fun": "0.4407768526856276", "maxcv": "0.0"}, "9": {"maxiter": 1000, "tol": 1e-05, "catol": 1e-10, "duration": 0.024456024169921875, "x": "[1.7387933  2.6335039  4.42727136 5.13108209 1.50926538 2.59750403]", "status": "1", "success": "True", "message": "Optimization terminated successfully.", "nfev": "142", "fun": "0.4407768526856276", "maxcv": "0.0"}, "