{"date": "2024/07/19/, 19:34:04", "conf_id": 294, "data_type": "var_s_rank\n", "num_data_points": 3, "s_rank": 0, "unitary": "[[-0.24866696+0.58742286j,-0.44704345-0.43151574j,-0.35669027-0.20570733j,-0.10517633+0.1626036j],[0.10596805-0.19687975j,-0.30269685-0.15056416j,0.18246286+0.30440582j,-0.83484447-0.11310748j],[0.26054512-0.52548482j,0.0285017-0.50723956j,-0.43110112+0.17165838j,0.15243271+0.39915801j],[0.42978035+0.11991271j,-0.17224126-0.46030424j,0.6827807-0.15164662j,0.26483638+0.0061855j]]", "databatch_0": {"databatch": "[[[3.46701257e-02+8.03681542e-03j,1.63627906e-01+1.23467787e-02j,-2.38456986e-01+1.17990849e-01j,-2.12080679e-01-3.33129000e-02j],[-1.00052342e-01-1.48239555e-01j,-1.57264229e-01+2.08079372e-01j,8.98072197e-02-9.75835175e-02j,1.36015675e-01+5.87598179e-02j],[-2.76230255e-01-5.12776634e-02j,3.01089974e-01+2.65560123e-01j,-2.44990174e-04+2.59926883e-01j,7.19715695e-04+1.86006942e-01j],[9.83048078e-02-2.05519518e-02j,-2.20206057e-01+1.12090359e-01j,-4.14572029e-01-1.25881634e-01j,-1.80577542e-01-2.85732980e-01j]],[[1.83186342e-01-1.12662020e-01j,1.08887988e-01+2.52200530e-01j,-4.25136263e-01+2.06016196e-01j,-6.46679361e-02-6.25083283e-02j],[-1.08286875e-01-2.91218488e-01j,2.04457594e-01-6.46337665e-02j,1.54374411e-02+2.85162731e-01j,-1.32686034e-01+2.96235020e-02j],[1.61079785e-02+9.15309524e-02j,-1.50018864e-01-1.77225573e-01j,2.83075258e-01-2.64311589e-01j,2.79258332e-02+2.68577060e-02j],[3.22576720e-02-3.82077401e-03j,-1.57368179e-02+1.64504774e-01j,-3.88699012e-01-5.02663235e-02j,-6.06139666e-02-6.90218057e-02j]],[[-1.98106924e-01-3.94622087e-02j,8.76075751e-02-1.09740178e-01j,-1.64036199e-01+1.17172711e-01j,1.44367869e-01+7.38551845e-02j],[8.28816632e-02-8.33090590e-02j,1.30828483e-01-3.72843506e-01j,2.56391629e-01-1.93229904e-01j,3.24496199e-01+2.13168612e-01j],[1.92504755e-02+2.47671613e-01j,-5.22508413e-02-9.24155710e-02j,1.42153386e-01+2.83075715e-01j,-1.83058616e-01-8.95839256e-05j],[-8.02966975e-02+2.17078187e-01j,6.79242623e-02-2.98075255e-01j,1.12641297e-01+1.39393920e-01j,6.85584501e-02-2.41057247e-01j]]]", "initial param values": "[1.77974585,4.4154399,3.3871688,2.48135769,2.43604004,6.05028192]", "nelder_mead": {"type": "gradient-free", "0": {"maxiter": 100, "fatol": 1e-05, "xatol": 1e-05, "duration": 0.02505016326904297, "fun": "0.4763972583255789", "nit": "100", "nfev": "146", "status": "2", "success": "False", "message": "Maximum number of iterations has been exceeded.", "x": "[0.88579689 4.60801929 1.550013   3.74798537 3.27704439 8.21308575]", "final_simplex": "(array([[0.88579689, 4.60801929, 1.550013  , 3.74798537, 3.27704439,\n        8.21308575],\n       [0.99367486, 4.61424506, 1.62743281, 3.64535828, 3.15891771,\n        8.09613051],\n       [0.95137708, 4.62964814, 1.54924725, 3.73315247, 3.1352295 ,\n        8.15850786],\n       [0.93934894, 4.55163041, 1.56048876, 3.67624864, 3.23423643,\n        8.18448339],\n       [0.96335302, 4.64275543, 1.66910363, 3.66233467, 3.163533  ,\n        8.11217104],\n       [0.8976202 , 4.64760565, 1.54621184, 3.72714969, 3.2037279 ,\n        8.12265167],\n       [0.90682751, 4.62694617, 1.56149818, 3.64468698, 3.23276296,\n        8.20805894]]), array([0.47639726, 0.47676231, 0.47690869, 0.47703091, 0.47739974,\n       0.47786193, 0.4779304 ]))"}, "1": {"maxiter": 100, "fatol": 1e-05, "xatol": 1e-10, "duration": 0.02497386932373047, "fun": "0.4763972583255789", "nit": "100", "nfev": "146", "status": "2", "success": "False", "message": "Maximum number of iterations has been exceeded.", "x": "[0.88579689 4.60801929 1.550013   3.74798537 3.27704439 8.21308575]", "final_simplex": "(array([[0.88579689, 4.60801929, 1.550013  , 3.74798537, 3.27704439,\n        8.21308575],\n       [0.99367486, 4.61424506, 1.62743281, 3.64535828, 3.15891771,\n        8.09613051],\n       [0.95137708, 4.62964814, 1.54924725, 3.73315247, 3.1352295 ,\n        8.15850786],\n       [0.93934894, 4.55163041, 1.56048876, 3.67624864, 3.23423643,\n        8.18448339],\n       [0.96335302, 4.64275543, 1.66910363, 3.66233467, 3.163533  ,\n        8.11217104],\n       [0.8976202 , 4.64760565, 1.54621184, 3.72714969, 3.2037279 ,\n        8.12265167],\n       [0.90682751, 4.62694617, 1.56149818, 3.64468698, 3.23276296,\n        8.20805894]]), array([0.47639726, 0.47676231, 0.47690869, 0.47703091, 0.47739974,\n       0.47786193, 0.4779304 ]))"}, "2": {"maxiter": 100, "fatol": 1e-10, "xatol": 1e-05, "duration": 0.024933815002441406, "fun": "0.4763972583255789", "nit": "100", "nfev": "146", "status": "2", "success": "False", "message": "Maximum number of iterations has been exceeded.", "x": "[0.88579689 4.60801929 1.550013   3.74798537 3.27704439 8.21308575]", "final_simplex": "(array([[0.88579689, 4.60801929, 1.550013  , 3.74798537, 3.27704439,\n        8.21308575],\n       [0.99367486, 4.61424506, 1.62743281, 3.64535828, 3.15891771,\n        8.09613051],\n       [0.95137708, 4.62964814, 1.54924725, 3.73315247, 3.1352295 ,\n        8.15850786],\n       [0.93934894, 4.55163041, 1.56048876, 3.67624864, 3.23423643,\n        8.18448339],\n       [0.96335302, 4.64275543, 1.66910363, 3.66233467, 3.163533  ,\n        8.11217104],\n       [0.8976202 , 4.64760565, 1.54621184, 3.72714969, 3.2037279 ,\n        8.12265167],\n       [0.90682751, 4.62694617, 1.56149818, 3.64468698, 3.23276296,\n        8.20805894]]), array([0.47639726, 0.47676231, 0.47690869, 0.47703091, 0.47739974,\n       0.47786193, 0.4779304 ]))"}, "3": {"maxiter": 100, "fatol": 1e-10, "xatol": 1e-10, "duration": 0.02506399154663086, "fun": "0.4763972583255789", "nit": "100", "nfev": "146", "status": "2", "success": "False", "message": "Maximum number of iterations has been exceeded.", "x": "[0.88579689 4.60801929 1.550013   3.74798537 3.27704439 8.21308575]", "final_simplex": "(array([[0.88579689, 4.60801929, 1.550013  , 3.74798537, 3.27704439,\n        8.21308575],\n       [0.99367486, 4.61424506, 1.62743281, 3.64535828, 3.15891771,\n        8.09613051],\n       [0.95137708, 4.62964814, 1.54924725, 3.73315247, 3.1352295 ,\n        8.15850786],\n       [0.93934894, 4.55163041, 1.56048876, 3.67624864, 3.23423643,\n        8.18448339],\n       [0.96335302, 4.64275543, 1.66910363, 3.66233467, 3.163533  ,\n        8.11217104],\n       [0.8976202 , 4.64760565, 1.54621184, 3.72714969, 3.2037279 ,\n        8.12265167],\n       [0.90682751, 4.62694617, 1.56149818, 3.64468698, 3.23276296,\n        8.20805894]]), array([0.47639726, 0.47676231, 0.47690869, 0.47703091, 0.47739974,\n       0.47786193, 0.4779304 ]))"}, "4": {"maxiter": 500, "fatol": 1e-05, "xatol": 1e-05, "duration": 0.08148813247680664, "fun": "0.4647130723160474", "nit": "303", "nfev": "477", "status": "0", "success": "True", "message": "Optimization terminated successfully.", "x": "[1.2086891  4.49063248 1.60084193 3.87224715 3.58439786 8.62364899]", "final_simplex": "(array([[1.2086891 , 4.49063248, 1.60084193, 3.87224715, 3.58439786,\n        8.62364899],\n       [1.20869269, 4.49062575, 1.60084351, 3.87224744, 3.58440083,\n        8.62365281],\n       [1.20869807, 4.49062611, 1.60084679, 3.87224854, 3.58439612,\n        8.62364607],\n       [1.20869158, 4.49063142, 1.60084123, 3.87224934, 3.58439024,\n        8.62364657],\n       [1.2086934 , 4.49063067, 1.6008361 , 3.87224762, 3.58440207,\n        8.62365285],\n       [1.20869765, 4.49062701, 1.6008444 , 3.8722427 , 3.58439707,\n        8.62364689],\n       [1.20868604, 4.49063034, 1.60083696, 3.87224497, 3.5843945 ,\n        8.62364073]]), array([0.46471307, 0.46471307, 0.46471307, 0.46471307, 0.46471307,\n       0.46471307, 0.46471307]))"}, "5": {"maxiter": 500, "fatol": 1e-05, "xatol": 1e-10, "duration": 0.11665058135986328, "fun": "0.4647130723140679", "nit": "391", "nfev": "684", "status": "0", "success": "True", "message": "Optimization terminated successfully.", "x": "[1.20869388 4.49062992 1.60084321 3.87224748 3.58439488 8.62364754]", "final_simplex": "(array([[1.20869388, 4.49062992, 1.60084321, 3.87224748, 3.58439488,\n        8.62364754],\n       [1.20869388, 4.49062992, 1.60084321, 3.87224748, 3.58439488,\n        8.62364754],\n       [1.20869388, 4.49062992, 1.60084321, 3.87224748, 3.58439488,\n        8.62364754],\n       [1.20869388, 4.49062992, 1.60084321, 3.87224748, 3.58439488,\n        8.62364754],\n       [1.20869388, 4.49062992, 1.60084321, 3.87224748, 3.58439488,\n        8.62364754],\n       [1.20869388, 4.49062992, 1.60084321, 3.87224748, 3.58439488,\n        8.62364754],\n       [1.20869388, 4.49062992, 1.60084321, 3.87224748, 3.58439488,\n        8.62364754]]), array([0.46471307, 0.46471307, 0.46471307, 0.46471307, 0.46471307,\n       0.46471307, 0.46471307]))"}, "6": {"maxiter": 500, "fatol": 1e-10, "xatol": 1e-05, "duration": 0.08176493644714355, "fun": "0.4647130723160474", "nit": "303", "nfev": "477", "status": "0", "success": "True", "message": "Optimization terminated successfully.", "x": "[1.2086891  4.49063248 1.60084193 3.87224715 3.58439786 8.62364899]", "final_simplex": "(array([[1.2086891 , 4.49063248, 1.60084193, 3.87224715, 3.58439786,\n        8.62364899],\n       [1.20869269, 4.49062575, 1.60084351, 3.87224744, 3.58440083,\n        8.62365281],\n       [1.20869807, 4.49062611, 1.60084679, 3.87224854, 3.58439612,\n        8.62364607],\n       [1.20869158, 4.49063142, 1.60084123, 3.87224934, 3.58439024,\n        8.62364657],\n       [1.2086934 , 4.49063067, 1.6008361 , 3.87224762, 3.58440207,\n        8.62365285],\n       [1.20869765, 4.49062701, 1.6008444 , 3.8722427 , 3.58439707,\n        8.62364689],\n       [1.20868604, 4.49063034, 1.60083696, 3.87224497, 3.5843945 ,\n        8.62364073]]), array([0.46471307, 0.46471307, 0.46471307, 0.46471307, 0.46471307,\n       0.46471307, 0.46471307]))"}, "7": {"maxiter": 500, "fatol": 1e-10, "xatol": 1e-10, "duration": 0.11686205863952637, "fun": "0.4647130723140679", "nit": "391", "nfev": "684", "status": "0", "success": "True", "message": "Optimization terminated successfully.", "x": "[1.20869388 4.49062992 1.60084321 3.87224748 3.58439488 8.62364754]", "final_simplex": "(array([[1.20869388, 4.49062992, 1.60084321, 3.87224748, 3.58439488,\n        8.62364754],\n       [1.20869388, 4.49062992, 1.60084321, 3.87224748, 3.58439488,\n        8.62364754],\n       [1.20869388, 4.49062992, 1.60084321, 3.87224748, 3.58439488,\n        8.62364754],\n       [1.20869388, 4.49062992, 1.60084321, 3.87224748, 3.58439488,\n        8.62364754],\n       [1.20869388, 4.49062992, 1.60084321, 3.87224748, 3.58439488,\n        8.62364754],\n       [1.20869388, 4.49062992, 1.60084321, 3.87224748, 3.58439488,\n        8.62364754],\n       [1.20869388, 4.49062992, 1.60084321, 3.87224748, 3.58439488,\n        8.62364754]]), array([0.46471307, 0.46471307, 0.46471307, 0.46471307, 0.46471307,\n       0.46471307, 0.46471307]))"}, "8": {"maxiter": 1000, "fatol": 1e-05, "xatol": 1e-05, "duration": 0.08178997039794922, "fun": "0.4647130723160474", "nit": "303", "nfev": "477", "status": "0", "success": "True", "message": "Optimization terminated successfully.", "x": "[1.2086891  4.49063248 1.60084193 3.87224715 3.58439786 8.62364899]", "final_simplex": "(array([[1.2086891 , 4.49063248, 1.60084193, 3.87224715, 3.58439786,\n        8.62364899],\n       [1.20869269, 4.49062575, 1.60084351, 3.87224744, 3.58440083,\n        8.62365281],\n       [1.20869807, 4.49062611, 1.60084679, 3.87224854, 3.58439612,\n        8.62364607],\n       [1.20869158, 4.49063142, 1.60084123, 3.87224934, 3.58439024,\n        8.62364657],\n       [1.2086934 , 4.49063067, 1.6008361 , 3.87224762, 3.58440207,\n        8.62365285],\n       [1.20869765, 4.49062701, 1.6008444 , 3.8722427 , 3.58439707,\n        8.62364689],\n       [1.20868604, 4.49063034, 1.60083696, 3.87224497, 3.5843945 ,\n        8.62364073]]), array([0.46471307, 0.46471307, 0.46471307, 0.46471307, 0.46471307,\n       0.46471307, 0.46471307]))"}, "9": {"maxiter": 1000, "fatol": 1e-05, "xatol": 1e-10, "duration": 0.11665201187133789, "fun": "0.4647130723140679", "nit": "391", "nfev": "684", "status": "0", "success": "True", "message": "Optimization terminated successfully.", "x": "[1.20869388 4.49062992 1.60084321 3.87224748 3.58439488 8.62364754]", "final_simplex": "(array([[1.20869388, 4.49062992, 1.60084321, 3.87224748, 3.58439488,\n        8.62364754],\n       [1.20869388, 4.49062992, 1.60084321, 3.87224748, 3.58439488,\n        8.62364754],\n       [1.20869388, 4.49062992, 1.60084321, 3.87224748, 3.58439488,\n        8.62364754],\n       [1.20869388, 4.49062992, 1.60084321, 3.87224748, 3.58439488,\n        8.62364754],\n       [1.20869388, 4.49062992, 1.60084321, 3.87224748, 3.58439488,\n        8.62364754],\n       [1.20869388, 4.49062992, 1.60084321, 3.87224748, 3.58439488,\n        8.62364754],\n       [1.20869388, 4.49062992, 1.60084321, 3.87224748, 3.58439488,\n        8.62364754]]), array([0.46471307, 0.46471307, 0.46471307, 0.46471307, 0.46471307,\n       0.46471307, 0.46471307]))"}, "10": {"maxiter": 1000, "fatol": 1e-10, "xatol": 1e-05, "duration": 0.08173799514770508, "fun": "0.4647130723160474", "nit": "303", "nfev": "477", "status": "0", "success": "True", "message": "Optimization terminated successfully.", "x": "[1.2086891  4.49063248 1.60084193 3.87224715 3.58439786 8.62364899]", "final_simplex": "(array([[1.2086891 , 4.49063248, 1.60084193, 3.87224715, 3.58439786,\n        8.62364899],\n       [1.20869269, 4.49062575, 1.60084351, 3.87224744, 3.58440083,\n        8.62365281],\n       [1.20869807, 4.49062611, 1.60084679, 3.87224854, 3.58439612,\n        8.62364607],\n       [1.20869158, 4.49063142, 1.60084123, 3.87224934, 3.58439024,\n        8.62364657],\n       [1.2086934 , 4.49063067, 1.6008361 , 3.87224762, 3.58440207,\n        8.62365285],\n       [1.20869765, 4.49062701, 1.6008444 , 3.8722427 , 3.58439707,\n        8.62364689],\n       [1.20868604, 4.49063034, 1.60083696, 3.87224497, 3.5843945 ,\n        8.62364073]]), array([0.46471307, 0.46471307, 0.46471307, 0.46471307, 0.46471307,\n       0.46471307, 0.46471307]))"}, "11": {"maxiter": 1000, "fatol": 1e-10, "xatol": 1e-10, "duration": 0.11679792404174805, "fun": "0.4647130723140679", "nit": "391", "nfev": "684", "status": "0", "success": "True", "message": "Optimization terminated successfully.", "x": "[1.20869388 4.49062992 1.60084321 3.87224748 3.58439488 8.62364754]", "final_simplex": "(array([[1.20869388, 4.49062992, 1.60084321, 3.87224748, 3.58439488,\n        8.62364754],\n       [1.20869388, 4.49062992, 1.60084321, 3.87224748, 3.58439488,\n        8.62364754],\n       [1.20869388, 4.49062992, 1.60084321, 3.87224748, 3.58439488,\n        8.62364754],\n       [1.20869388, 4.49062992, 1.60084321, 3.87224748, 3.58439488,\n        8.62364754],\n       [1.20869388, 4.49062992, 1.60084321, 3.87224748, 3.58439488,\n        8.62364754],\n       [1.20869388, 4.49062992, 1.60084321, 3.87224748, 3.58439488,\n        8.62364754],\n       [1.20869388, 4.49062992, 1.60084321, 3.87224748, 3.58439488,\n        8.62364754]]), array([0.46471307, 0.46471307, 0.46471307, 0.46471307, 0.46471307,\n       0.46471307, 0.46471307]))"}}, "bfgs": {"type": "gradient", "0": {"maxiter": 100, "gtol": 1e-05, "xrtol": 1e-05, "eps": 1e-05, "duration": 0.03666496276855469, "fun": "0.46471307258239525", "jac": "[-1.19992905e-07 -6.67810252e-07  3.50378615e-06 -3.46245255e-06\n  2.14517293e-06 -3.70206088e-06]", "hess_inv": "[[ 6.87419582 -1.12756317  1.49665047 -0.67540017 -2.33633347 -0.07608093]\n [-1.12756317  6.62912391 -1.99589176  2.54720012  0.09403685  0.54816418]\n [ 1.49665047 -1.99589176  6.23423171  0.40323461 -3.38561384 -2.27531562]\n [-0.67540017  2.54720012  0.40323461  5.62285038 -1.25583828 -1.94813492]\n [-2.33633347  0.09403685 -3.38561384 -1.25583828 15.27105067 10.98916491]\n [-0.07608093  0.54816418 -2.27531562 -1.94813492 10.98916491 12.57242822]]", "nfev": "210", "njev": "30", "status": "0", "success": "True", "message": "Optimization terminated successfully.", "x": "[1.2086932  4.49059027 1.60087786 2.41090995 0.44275541 5.48199277]", "nit": "27"}, "1": {"maxiter": 100, "gtol": 1e-05, "xrtol": 1e-05, "eps": 1e-10, "duration": 0.036138057708740234, "fun": "0.46471307250154104", "jac": "[-1.11022293e-06 -6.66133760e-06  1.11022293e-06 -2.22044587e-06\n  0.00000000e+00 -2.22044587e-06]", "hess_inv": "[[ 6.8058711  -1.17331991  1.47949611 -0.62692941 -2.22805649 -0.04795875]\n [-1.17331991  6.66994409 -2.28077064  2.6223221   0.50935618  1.01704605]\n [ 1.47949611 -2.28077064  6.02601206  0.08958793 -3.46367317 -2.37339289]\n [-0.62692941  2.6223221   0.08958793  5.58580026 -0.98119821 -1.44766097]\n [-2.22805649  0.50935618 -3.46367317 -0.98119821 14.99644253 10.84168789]\n [-0.04795875  1.01704605 -2.37339289 -1.44766097 10.84168789 12.56619753]]", "nfev": "210", "njev": "30", "status": "0", "success": "True", "message": "Optimization terminated successfully.", "x": "[1.20870041 4.49058238 1.60088015 2.41091274 0.44278296 5.48202703]", "nit": "27"}, "2": {"maxiter": 100, "gtol": 1e-05, "xrtol": 1e-10, "eps": 1e-05, "duration": 0.0363919734954834, "fun": "0.46471307258239525", "jac": "[-1.19992905e-07 -6.67810252e-07  3.50378615e-06 -3.46245255e-06\n  2.14517293e-06 -3.70206088e-06]", "hess_inv": "[[ 6.87419582 -1.12756317  1.49665047 -0.67540017 -2.33633347 -0.07608093]\n [-1.12756317  6.62912391 -1.99589176  2.54720012  0.09403685  0.54816418]\n [ 1.49665047 -1.99589176  6.23423171  0.40323461 -3.38561384 -2.27531562]\n [-0.67540017  2.54720012  0.40323461  5.62285038 -1.25583828 -1.94813492]\n [-2.33633347  0.09403685 -3.38561384 -1.25583828 15.27105067 10.98916491]\n [-0.07608093  0.54816418 -2.27531562 -1.94813492 10.98916491 12.57242822]]", "nfev": "210", "njev": "30", "status": "0", "success": "True", "message": "Optimization terminated successfully.", "x": "[1.2086932  4.49059027 1.60087786 2.41090995 0.44275541 5.48199277]", "nit": "27"}, "3": {"maxiter": 100, "gtol": 1e-05, "xrtol": 1e-10, "eps": 1e-10, "duration": 0.036314964294433594, "fun": "0.46471307250154104", "jac": "[-1.11022293e-06 -6.66133760e-06  1.11022293e-06 -2.22044587e-06\n  0.00000000e+00 -2.22044587e-06]", "hess_inv": "[[ 6.8058711  -1.17331991  1.47949611 -0.62692941 -2.22805649 -0.04795875]\n [-1.17331991  6.66994409 -2.28077064  2.6223221   0.50935618  1.01704605]\n [ 1.47949611 -2.28077064  6.02601206  0.08958793 -3.46367317 -2.37339289]\n [-0.62692941  2.6223221   0.08958793  5.58580026 -0.98119821 -1.44766097]\n [-2.22805649  0.50935618 -3.46367317 -0.98119821 14.99644253 10.84168789]\n [-0.04795875  1.01704605 -2.37339289 -1.44766097 10.84168789 12.56619753]]", "nfev": "210", "njev": "30", "status": "0", "success": "True", "message": "Optimization terminated successfully.", "x": "[1.20870041 4.49058238 1.60088015 2.41091274 0.44278296 5.48202703]", "nit": "27"}, "4": {"maxiter": 100, "gtol": 1e-10, "xrtol": 1e-05, "eps": 1e-05, "duration": 0.037409067153930664, "fun": "0.464713072370167", "jac": "[ 5.98410210e-08 -9.94537785e-08  3.36497497e-07 -8.00026712e-08\n -1.24433797e-07 -3.34998695e-07]", "hess_inv": "[[ 6.81357252 -1.11337064  1.3979913  -0.73814644 -2.04943947  0.15191404]\n [-1.11337064  7.35765547 -2.59993533  3.18213441  0.09778266  0.97959016]\n [ 1.3979913  -2.59993533  6.61108202 -0.23037982 -2.97948342 -2.31971014]\n [-0.73814644  3.18213441 -0.23037982  6.0835628  -0.89880091 -1.30128724]\n [-2.04943947  0.09778266 -2.97948342 -0.89880091 13.92022266  9.95717364]\n [ 0.15191404  0.97959016 -2.31971014 -1.30128724  9.95717364 12.03612111]]", "nfev": "217", "njev": "31", "status": "0", "success": "True", "message": "Optimization terminated successfully.", "x": "[1.20869077 4.4906186  1.60085013 2.41093096 0.44276956 5.48202027]", "nit": "28"}, "5": {"maxiter": 100, "gtol": 1e-10, "xrtol": 1e-05, "eps": 1e-10, "duration": 0.038683176040649414, "fun": "0.46471307233049075", "jac": "[-3.33066880e-06  1.11022293e-06  0.00000000e+00  0.00000000e+00\n  0.00000000e+00 -1.11022293e-06]", "hess_inv": "[[ 6.69253466 -2.43808741  2.09366181 -1.49131332 -2.17580232 -0.50413296]\n [-2.43808741  7.69704992 -4.26105714  3.56276101 -0.10261885  0.34682721]\n [ 2.09366181 -4.26105714  7.68269448 -1.18928607 -3.61060878 -2.84427536]\n [-1.49131332  3.56276101 -1.18928607  6.12566624 -0.71031789 -1.37701819]\n [-2.17580232 -0.10261885 -3.61060878 -0.71031789 13.20768761  9.49763862]\n [-0.50413296  0.34682721 -2.84427536 -1.37701819  9.49763862 11.23895937]]", "nfev": "224", "njev": "32", "status": "0", "success": "True", "message": "Optimization terminated successfully.", "x": "[1.20868484 4.49064436 1.6008366  2.41094668 0.44280338 5.48205384]", "nit": "29"}, "6": {"maxiter": 100, "gtol": 1e-10, "xrtol": 1e-10, "eps": 1e-05, "duration": 0.04116988182067871, "fun": "0.4647130723533376", "jac": "[2.22044605e-11 4.44089210e-11 0.00000000e+00 1.11022302e-11\n 0.00000000e+00 2.22044605e-11]", "hess_inv": "[[ 6.88216048 -1.24424765  1.61224325 -0.76141378 -2.40385187 -0.20041121]\n [-1.24424765  7.52888599 -2.93380206  3.16607024  0.73146501  1.56615157]\n [ 1.61224325 -2.93380206  7.20945858 -0.24481995 -4.04892849 -3.34133775]\n [-0.76141378  3.16607024 -0.24481995  6.04525674 -0.81359074 -1.24993102]\n [-2.40385187  0.73146501 -4.04892849 -0.81359074 15.74169906 11.74399218]\n [-0.20041121  1.56615157 -3.34133775 -1.24993102 11.74399218 13.76465711]]", "nfev": "238", "njev": "34", "status": "0", "success": "True", "message": "Optimization terminated successfully.", "x": "[1.20868926 4.49062134 1.60084561 2.41093142 0.44277699 5.48202759]", "nit": "31"}, "7": {"maxiter": 100, "gtol": 1e-10, "xrtol": 1e-10, "eps": 1e-10, "duration": 0.052845001220703125, "fun": "0.46471307231508663", "jac": "[0.00000000e+00 1.11022293e-06 1.11022293e-06 2.22044587e-06\n 1.11022293e-06 1.11022293e-06]", "hess_inv": "[[  5.29372534  -2.40480934   3.88762737   0.43020021 -10.68534498\n   -6.84585911]\n [ -2.40480934   1.94692693  -2.01885157   0.79345954   4.81181637\n    3.06958279]\n [  3.88762737  -2.01885157   9.02974283   2.17330374 -12.13406514\n   -6.58483541]\n [  0.43020021   0.79345954   2.17330374   6.08041001  -5.26113836\n   -3.83236792]\n [-10.68534498   4.81181637 -12.13406514  -5.26113836  33.45674534\n   17.17863484]\n [ -6.84585911   3.06958279  -6.58483541  -3.83236792  17.17863484\n   11.57942784]]", "nfev": "308", "njev": "44", "status": "0", "success": "True", "message": "Optimization terminated successfully.", "x": "[1.20869369 4.49063065 1.60084292 2.4109391  0.44279771 5.48205009]", "nit": "33"}, "8": {"maxiter": 500, "gtol": 1e-05, "xrtol": 1e-05, "eps": 1e-05, "duration": 0.03619575500488281, "fun": "0.46471307258239525", "jac": "[-1.19992905e-07 -6.67810252e-07  3.50378615e-06 -3.46245255e-06\n  2.14517293e-06 -3.70206088e-06]", "hess_inv": "[[ 6.87419582 -1.12756317  1.49665047 -0.67540017 -2.33633347 -0.07608093]\n [-1.12756317  6.62912391 -1.99589176  2.54720012  0.09403685  0.54816418]\n [ 1.49665047 -1.99589176  6.23423171  0.40323461 -3.38561384 -2.27531562]\n [-0.67540017  2.54720012  0.40323461  5.62285038 -1.25583828 -1.94813492]\n [-2.33633347  0.09403685 -3.38561384 -1.25583828 15.27105067 10.98916491]\n [-0.07608093  0.54816418 -2.27531562 -1.94813492 10.98916491 12.57242822]]", "nfev": "210", "njev": "30", "status": "0", "success": "True", "message": "Optimization terminated successfully.", "x": "[1.2086932  4.49059027 1.60087786 2.41090995 0.44275541 5.48199277]", "nit": "27"}, "9": {"maxiter": 500, "gtol": 1e-05, "xrtol": 1e-05, "eps": 1e-10, "duration": 0.03644371032714844, "fun": "0.46471307250154104", "jac": "[-1.11022293e-06 -6.66133760e-06  1.11022293e-06 -2.22044587e-06\n  0.00000000e+00 -2.22044587e-06]", "hess_inv": "[[ 6.8058711  -1.17331991  1.47949611 -0.62692941 -2.22805649 -0.04795875]\n [-1.17331991  6.66994409 -2.28077064  2.6223221   0.50935618  1.01704605]\n [ 1.47949611 -2.28077064  6.02601206  0.08958793 -3.46367317 -2.37339289]\n [-0.62692941  2.6223221   0.08958793  5.58580026 -0.98119821 -1.44766097]\n [-2.22805649  0.50935618 -3.46367317 -0.98119821 14.99644253 10.84168789]\n [-0.04795875  1.01704605 -2.37339289 -1.44766097 10.84168789 12.56619753]]", "nfev": "210", "njev": "30", "status": "0", "success": "True", "message": "Optimization terminated successfully.", "x": "[1.20870041 4.49058238 1.60088015 2.41091274 0.44278296 5.48202703]", "nit": "27"}, "10": {"maxiter": 500, "gtol": 1e-05, "xrtol": 1e-10, "eps": 1e-05, "duration": 0.036190032958984375, "fun": "0.46471307258239525", "jac": "[-1.19992905e-07 -6.67810252e-07  3.50378615e-06 -3.46245255e-06\n  2.14517293e-06 -3.70206088e-06]", "hess_inv": "[[ 6.87419582 -1.12756317  1.49665047 -0.67540017 -2.33633347 -0.07608093]\n [-1.12756317  6.62912391 -1.99589176  2.54720012  0.09403685  0.54816418]\n [ 1.49665047 -1.99589176  6.23423171  0.40323461 -3.38561384 -2.27531562]\n [-0.67540017  2.54720012  0.40323461  5.62285038 -1.25583828 -1.94813492]\n [-2.33633347  0.09403685 -3.38561384 -1.25583828 15.27105067 10.98916491]\n [-0.07608093  0.54816418 -2.27531562 -1.94813492 10.98916491 12.57242822]]", "nfev": "210", "njev": "30", "status": "0", "success": "True", "message": "Optimization terminated successfully.", "x": "[1.2086932  4.49059027 1.60087786 2.41090995 0.44275541 5.48199277]", "nit": "27"}, "11": {"maxiter": 500, "gtol": 1e-05, "xrtol": 1e-10, "eps": 1e-10, "duration": 0.03627419471740723, "fun": "0.46471307250154104", "jac": "[-1.11022293e-06 -6.66133760e-06  1.11022293e-06 -2.22044587e-06\n  0.00000000e+00 -2.22044587e-06]", "hess_inv": "[[ 6.8058711  -1.17331991  1.47949611 -0.62692941 -2.22805649 -0.04795875]\n [-1.17331991  6.66994409 -2.28077064  2.6223221   0.50935618  1.01704605]\n [ 1.47949611 -2.28077064  6.02601206  0.08958793 -3.46367317 -2.37339289]\n [-0.62692941  2.6223221   0.08958793  5.58580026 -0.98119821 -1.44766097]\n [-2.22805649  0.50935618 -3.46367317 -0.98119821 14.99644253 10.84168789]\n [-0.04795875  1.01704605 -2.37339289 -1.44766097 10.84168789 12.56619753]]", "nfev": "210", "njev": "30", "status": "0", "success": "True", "message": "Optimization terminated successfully.", "x": "[1.20870041 4.49058238 1.60088015 2.41091274 0.44278296 5.48202703]", "nit": "27"}, "12": {"maxiter": 500, "gtol": 1e-10, "xrtol": 1e-05, "eps": 1e-05, "duration": 0.037611961364746094, "fun": "0.464713072370167", "jac": "[ 5.98410210e-08 -9.94537785e-08  3.36497497e-07 -8.00026712e-08\n -1.24433797e-07 -3.34998695e-07]", "hess_inv": "[[ 6.81357252 -1.11337064  1.3979913  -0.73814644 -2.04943947  0.15191404]\n [-1.11337064  7.35765547 -2.59993533  3.18213441  0.09778266  0.97959016]\n [ 1.3979913  -2.59993533  6.61108202 -0.23037982 -2.97948342 -2.31971014]\n [-0.73814644  3.18213441 -0.23037982  6.0835628  -0.89880091 -1.30128724]\n [-2.04943947  0.09778266 -2.97948342 -0.89880091 13.92022266  9.95717364]\n [ 0.15191404  0.97959016 -2.31971014 -1.30128724  9.95717364 12.03612111]]", "nfev": "217", "njev": "31", "status": "0", "success": "True", "message": "Optimization terminated successfully.", "x": "[1.20869077 4.4906186  1.60085013 2.41093096 0.44276956 5.48202027]", "nit": "28"}, "13": {"maxiter": 500, "gtol": 1e-10, "xrtol": 1e-05, "eps": 1e-10, "duration": 0.03878188133239746, "fun": "0.46471307233049075", "jac": "[-3.33066880e-06  1.11022293e-06  0.00000000e+00  0.00000000e+00\n  0.00000000e+00 -1.11022293e-06]", "hess_inv": "[[ 6.69253466 -2.43808741  2.09366181 -1.49131332 -2.17580232 -0.50413296]\n [-2.43808741  7.69704992 -4.26105714  3.56276101 -0.10261885  0.34682721]\n [ 2.09366181 -4.26105714  7.68269448 -1.18928607 -3.61060878 -2.84427536]\n [-1.49131332  3.56276101 -1.18928607  6.12566624 -0.71031789 -1.37701819]\n [-2.17580232 -0.10261885 -3.61060878 -0.71031789 13.20768761  9.49763862]\n [-0.50413296  0.34682721 -2.84427536 -1.37701819  9.49763862 11.23895937]]", "nfev": "224", "njev": "32", "status": "0", "success": "True", "message": "Optimization terminated successfully.", "x": "[1.20868484 4.49064436 1.6008366  2.41094668 0.44280338 5.48205384]", "nit": "29"}, "14": {"maxiter": 500, "gtol": 1e-10, "xrtol": 1e-10, "eps": 1e-05, "duration": 0.04116487503051758, "fun": "0.4647130723533376", "jac": "[2.22044605e-11 4.44089210e-11 0.00000000e+00 1.11022302e-11\n 0.00000000e+00 2.22044605e-11]", "hess_inv": "[[ 6.88216048 -1.24424765  1.61224325 -0.76141378 -2.40385187 -0.20041121]\n [-1.24424765  7.52888599 -2.93380206  3.16607024  0.73146501  1.56615157]\n [ 1.61224325 -2.93380206  7.20945858 -0.24481995 -4.04892849 -3.34133775]\n [-0.76141378  3.16607024 -0.24481995  6.04525674 -0.81359074 -1.24993102]\n [-2.40385187  0.73146501 -4.04892849 -0.81359074 15.74169906 11.74399218]\n [-0.20041121  1.56615157 -3.34133775 -1.24993102 11.74399218 13.76465711]]", "nfev": "238", "njev": "34", "status": "0", "success": "True", "message": "Optimization terminated successfully.", "x": "[1.20868926 4.49062134 1.60084561 2.41093142 0.44277699 5.48202759]", "nit": "31"}, "15": {"maxiter": 500, "gtol": 1e-10, "xrtol": 1e-10, "eps": 1e-10, "duration": 0.05319714546203613, "fun": "0.46471307231508663", "jac": "[0.00000000e+00 1.11022293e-06 1.11022293e-06 2.22044587e-06\n 1.11022293e-06 1.11022293e-06]", "hess_inv": "[[  5.29372534  -2.40480934   3.88762737   0.43020021 -10.68534498\n   -6.84585911]\n [ -2.40480934   1.94692693  -2.01885157   0.79345954   4.81181637\n    3.06958279]\n [  3.88762737  -2.01885157   9.02974283   2.17330374 -12.13406514\n   -6.58483541]\n [  0.43020021   0.79345954   2.17330374   6.08041001  -5.26113836\n   -3.83236792]\n [-10.68534498   4.81181637 -12.13406514  -5.26113836  33.45674534\n   17.17863484]\n [ -6.84585911   3.06958279  -6.58483541  -3.83236792  17.17863484\n   11.57942784]]", "nfev": "308", "njev": "44", "status": "0", "success": "True", "message": "Optimization terminated successfully.", "x": "[1.20869369 4.49063065 1.60084292 2.4109391  0.44279771 5.48205009]", "nit": "33"}, "16": {"maxiter": 1000, "gtol": 1e-05, "xrtol": 1e-05, "eps": 1e-05, "duration": 0.03639721870422363, "fun": "0.46471307258239525", "jac": "[-1.19992905e-07 -6.67810252e-07  3.50378615e-06 -3.46245255e-06\n  2.14517293e-06 -3.70206088e-06]", "hess_inv": "[[ 6.87419582 -1.12756317  1.49665047 -0.67540017 -2.33633347 -0.07608093]\n [-1.12756317  6.62912391 -1.99589176  2.54720012  0.09403685  0.54816418]\n [ 1.49665047 -1.99589176  6.23423171  0.40323461 -3.38561384 -2.27531562]\n [-0.67540017  2.54720012  0.40323461  5.62285038 -1.25583828 -1.94813492]\n [-2.33633347  0.09403685 -3.38561384 -1.25583828 15.27105067 10.98916491]\n [-0.07608093  0.54816418 -2.27531562 -1.94813492 10.98916491 12.57242822]]", "nfev": "210", "njev": "30", "status": "0", "success": "True", "message": "Optimization terminated successfully.", "x": "[1.2086932  4.49059027 1.60087786 2.41090995 0.44275541 5.48199277]", "nit": "27"}, "17": {"maxiter": 1000, "gtol": 1e-05, "xrtol": 1e-05, "eps": 1e-10, "duration": 0.03637981414794922, "fun": "0.46471307250154104", "jac": "[-1.11022293e-06 -6.66133760e-06  1.11022293e-06 -2.22044587e-06\n  0.00000000e+00 -2.22044587e-06]", "hess_inv": "[[ 6.8058711  -1.17331991  1.47949611 -0.62692941 -2.22805649 -0.04795875]\n [-1.17331991  6.66994409 -2.28077064  2.6223221   0.50935618  1.01704605]\n [ 1.47949611 -2.28077064  6.02601206  0.08958793 -3.46367317 -2.37339289]\n [-0.62692941  2.6223221   0.08958793  5.58580026 -0.98119821 -1.44766097]\n [-2.22805649  0.50935618 -3.46367317 -0.98119821 14.99644253 10.84168789]\n [-0.04795875  1.01704605 -2.37339289 -1.44766097 10.84168789 12.56619753]]", "nfev": "210", "njev": "30", "status": "0", "success": "True", "message": "Optimization terminated successfully.", "x": "[1.20870041 4.49058238 1.60088015 2.41091274 0.44278296 5.48202703]", "nit": "27"}, "18": {"maxiter": 1000, "gtol": 1e-05, "xrtol": 1e-10, "eps": 1e-05, "duration": 0.03630805015563965, "fun": "0.46471307258239525", "jac": "[-1.19992905e-07 -6.67810252e-07  3.50378615e-06 -3.46245255e-06\n  2.14517293e-06 -3.70206088e-06]", "hess_inv": "[[ 6.87419582 -1.12756317  1.49665047 -0.67540017 -2.33633347 -0.07608093]\n [-1.12756317  6.62912391 -1.99589176  2.54720012  0.09403685  0.54816418]\n [ 1.49665047 -1.99589176  6.23423171  0.40323461 -3.38561384 -2.27531562]\n [-0.67540017  2.54720012  0.40323461  5.62285038 -1.25583828 -1.94813492]\n [-2.33633347  0.09403685 -3.38561384 -1.25583828 15.27105067 10.98916491]\n [-0.07608093  0.54816418 -2.27531562 -1.94813492 10.98916491 12.57242822]]", "nfev": "210", "njev": "30", "status": "0", "success": "True", "message": "Optimization terminated successfully.", "x": "[1.2086932  4.49059027 1.60087786 2.41090995 0.44275541 5.48199277]", "nit": "27"}, "19": {"maxiter": 1000, "gtol": 1e-05, "xrtol": 1e-10, "eps": 1e-10, "duration": 0.0363011360168457, "fun": "0.46471307250154104", "jac": "[-1.11022293e-06 -6.66133760e-06  1.11022293e-06 -2.22044587e-06\n  0.00000000e+00 -2.22044587e-06]", "hess_inv": "[[ 6.8058711  -1.17331991  1.47949611 -0.62692941 -2.22805649 -0.04795875]\n [-1.17331991  6.66994409 -2.28077064  2.6223221   0.50935618  1.01704605]\n [ 1.47949611 -2.28077064  6.02601206  0.08958793 -3.46367317 -2.37339289]\n [-0.62692941  2.6223221   0.08958793  5.58580026 -0.98119821 -1.44766097]\n [-2.22805649  0.50935618 -3.46367317 -0.98119821 14.99644253 10.84168789]\n [-0.04795875  1.01704605 -2.37339289 -1.44766097 10.84168789 12.56619753]]", "nfev": "210", "njev": "30", "status": "0", "success": "True", "message": "Optimization terminated successfully.", "x": "[1.20870041 4.49058238 1.60088015 2.41091274 0.44278296 5.48202703]", "nit": "27"}, "20": {"maxiter": 1000, "gtol": 1e-10, "xrtol": 1e-05, "eps": 1e-05, "duration": 0.03766131401062012, "fun": "0.464713072370167", "jac": "[ 5.98410210e-08 -9.94537785e-08  3.36497497e-07 -8.00026712e-08\n -1.24433797e-07 -3.34998695e-07]", "hess_inv": "[[ 6.81357252 -1.11337064  1.3979913  -0.73814644 -2.04943947  0.15191404]\n [-1.11337064  7.35765547 -2.59993533  3.18213441  0.09778266  0.97959016]\n [ 1.3979913  -2.59993533  6.61108202 -0.23037982 -2.97948342 -2.31971014]\n [-0.73814644  3.18213441 -0.23037982  6.0835628  -0.89880091 -1.30128724]\n [-2.04943947  0.09778266 -2.97948342 -0.89880091 13.92022266  9.95717364]\n [ 0.15191404  0.97959016 -2.31971014 -1.30128724  9.95717364 12.03612111]]", "nfev": "217", "njev": "31", "status": "0", "success": "True", "message": "Optimization terminated successfully.", "x": "[1.20869077 4.4906186  1.60085013 2.41093096 0.44276956 5.48202027]", "nit": "28"}, "21": {"maxiter": 1000, "gtol": 1e-10, "xrtol": 1e-05, "eps": 1e-10, "duration": 0.0387730598449707, "fun": "0.46471307233049075", "jac": "[-3.33066880e-06  1.11022293e-06  0.00000000e+00  0.00000000e+00\n  0.00000000e+00 -1.11022293e-06]", "hess_inv": "[[ 6.69253466 -2.43808741  2.09366181 -1.49131332 -2.17580232 -0.50413296]\n [-2.43808741  7.69704992 -4.26105714  3.56276101 -0.10261885  0.34682721]\n [ 2.09366181 -4.26105714  7.68269448 -1.18928607 -3.61060878 -2.84427536]\n [-1.49131332  3.56276101 -1.18928607  6.12566624 -0.71031789 -1.37701819]\n [-2.17580232 -0.10261885 -3.61060878 -0.71031789 13.20768761  9.49763862]\n [-0.50413296  0.34682721 -2.84427536 -1.37701819  9.49763862 11.23895937]]", "nfev": "224", "njev": "32", "status": "0", "success": "True", "message": "Optimization terminated successfully.", "x": "[1.20868484 4.49064436 1.6008366  2.41094668 0.44280338 5.48205384]", "nit": "29"}, "22": {"maxiter": 1000, "gtol": 1e-10, "xrtol": 1e-10, "eps": 1e-05, "duration": 0.041200876235961914, "fun": "0.4647130723533376", "jac": "[2.22044605e-11 4.44089210e-11 0.00000000e+00 1.11022302e-11\n 0.00000000e+00 2.22044605e-11]", "hess_inv": "[[ 6.88216048 -1.24424765  1.61224325 -0.76141378 -2.40385187 -0.20041121]\n [-1.24424765  7.52888599 -2.93380206  3.16607024  0.73146501  1.56615157]\n [ 1.61224325 -2.93380206  7.20945858 -0.24481995 -4.04892849 -3.34133775]\n [-0.76141378  3.16607024 -0.24481995  6.04525674 -0.81359074 -1.24993102]\n [-2.40385187  0.73146501 -4.04892849 -0.81359074 15.74169906 11.74399218]\n [-0.20041121  1.56615157 -3.34133775 -1.24993102 11.74399218 13.76465711]]", "nfev": "238", "njev": "34", "status": "0", "success": "True", "message": "Optimization terminated successfully.", "x": "[1.20868926 4.49062134 1.60084561 2.41093142 0.44277699 5.48202759]", "nit": "31"}, "23": {"maxiter": 1000, "gtol": 1e-10, "xrtol": 1e-10, "eps": 1e-10, "duration": 0.05306291580200195, "fun": "0.46471307231508663", "jac": "[0.00000000e+00 1.11022293e-06 1.11022293e-06 2.22044587e-06\n 1.11022293e-06 1.11022293e-06]", "hess_inv": "[[  5.29372534  -2.40480934   3.88762737   0.43020021 -10.68534498\n   -6.84585911]\n [ -2.40480934   1.94692693  -2.01885157   0.79345954   4.81181637\n    3.06958279]\n [  3.88762737  -2.01885157   9.02974283   2.17330374 -12.13406514\n   -6.58483541]\n [  0.43020021   0.79345954   2.17330374   6.08041001  -5.26113836\n   -3.83236792]\n [-10.68534498   4.81181637 -12.13406514  -5.26113836  33.45674534\n   17.17863484]\n [ -6.84585911   3.06958279  -6.58483541  -3.83236792  17.17863484\n   11.57942784]]", "nfev": "308", "njev": "44", "status": "0", "success": "True", "message": "Optimization terminated successfully.", "x": "[1.20869369 4.49063065 1.60084292 2.4109391  0.44279771 5.48205009]", "nit": "33"}}, "cobyla": {"0": {"maxiter": 100, "tol": 1e-05, "catol": 1e-05, "duration": 0.0166168212890625, "x": "[1.20856014 4.48886064 1.60067379 2.40969902 0.44804677 5.4881401 ]", "status": "2", "success": "False", "message": "Maximum number of function evaluations has been exceeded.", "nfev": "100", "fun": "0.46471472367709177", "maxcv": "0.0"}, "1": {"maxiter": 100, "tol": 1e-05, "catol": 1e-10, "duration": 0.01649308204650879, "x": "[1.20856014 4.48886064 1.60067379 2.40969902 0.44804677 5.4881401 ]", "status": "2", "success": "False", "message": "Maximum number of function evaluations has been exceeded.", "nfev": "100", "fun": "0.46471472367709177", "maxcv": "0.0"}, "2": {"maxiter": 100, "tol": 1e-10, "catol": 1e-05, "duration": 0.016536951065063477, "x": "[1.20856014 4.48886064 1.60067379 2.40969902 0.44804677 5.4881401 ]", "status": "2", "success": "False", "message": "Maximum number of function evaluations has been exceeded.", "nfev": "100", "fun": "0.46471472367709177", "maxcv": "0.0"}, "3": {"maxiter": 100, "tol": 1e-10, "catol": 1e-10, "duration": 0.016859769821166992, "x": "[1.20856014 4.48886064 1.60067379 2.40969902 0.44804677 5.4881401 ]", "status": "2", "success": "False", "message": "Maximum number of function evaluations has been exceeded.", "nfev": "100", "fun": "0.46471472367709177", "maxcv": "0.0"}, "4": {"maxiter": 500, "tol": 1e-05, "catol": 1e-05, "duration": 0.03918886184692383, "x": "[1.20867181 4.49064434 1.60081988 2.4109403  0.44284085 5.48208566]", "status": "1", "success": "True", "message": "Optimization terminated successfully.", "nfev": "236", "fun": "0.46471307239347814", "maxcv": "0.0"}, "5": {"maxiter": 500, "tol": 1e-05, "catol": 1e-10, "duration": 0.03921103477478027, "x": "[1.20867181 4.49064434 1.60081988 2.4109403  0.44284085 5.48208566]", "status": "1", "success": "True", "message": "Optimization terminated successfully.", "nfev": "236", "fun": "0.46471307239347814", "maxcv": "0.0"}, "6": {"maxiter": 500, "tol": 1e-10, "catol": 1e-05, "duration": 0.06699180603027344, "x": "[1.20869384 4.49062999 1.6008431  2.41093783 0.44280243 5.48205509]", "status": "1", "success": "True", "message": "Optimization terminated successfully.", "nfev": "401", "fun": "0.46471307231407044", "maxcv": "0.0"}, "7": {"maxiter": 500, "tol": 1e-10, "catol": 1e-10, "duration": 0.06643795967102051, "x": "[1.20869384 4.49062999 1.6008431  2.41093783 0.44280243 5.48205509]", "status": "1", "success": "True", "message": "Optimization terminated successfully.", "nfev": "401", "fun": "0.46471307231407044", "maxcv": "0.0"}, "8": {"maxiter": 1000, "tol": 1e-05, "catol": 1e-05, "duration": 0.039433956146240234, "x": "[1.20867181 4.49064434 1.60081988 2.4109403  0.44284085 5.48208566]", "status": "1", "success":