{"date": "2024/07/18/, 20:20:14", "conf_id": 54, "data_type": "random\n", "num_data_points": 3, "s_rank": 0, "unitary": "[[-0.24866696+0.58742286j,-0.44704345-0.43151574j,-0.35669027-0.20570733j,-0.10517633+0.1626036j],[0.10596805-0.19687975j,-0.30269685-0.15056416j,0.18246286+0.30440582j,-0.83484447-0.11310748j],[0.26054512-0.52548482j,0.0285017-0.50723956j,-0.43110112+0.17165838j,0.15243271+0.39915801j],[0.42978035+0.11991271j,-0.17224126-0.46030424j,0.6827807-0.15164662j,0.26483638+0.0061855j]]", "databatch_0": {"databatch": "[[[0.09839316-2.56319094e-01j,0.08484972+1.79474239e-01j,-0.12249281-1.37364694e-01j,0.28194403-2.59173980e-01j],[0.05905822+3.83403873e-01j,0.20914485-2.14242125e-01j,-0.1403728-9.96447647e-03j,-0.27231961+1.43465998e-01j],[-0.01399406+3.25961642e-02j,-0.23516799+7.13372694e-02j,0.19200617+6.43362988e-02j,0.21702518+2.70960231e-01j],[-0.07294293+1.43198821e-01j,-0.08077118-1.38092327e-01j,0.08076487+2.24159261e-01j,0.0153637+1.35635877e-01j]],[[0.09550287+7.77911123e-02j,0.09278899+8.62201891e-02j,-0.43623428+3.82133872e-02j,0.19833398+1.73587746e-01j],[0.10955656-7.17963419e-02j,-0.07184892-2.51052366e-02j,-0.07526712+3.33430911e-01j,0.46545361-7.06534405e-02j],[-0.20716478-9.90059745e-02j,0.15066426+3.16318343e-02j,0.10931045-6.41061727e-02j,-0.0598346-2.80849314e-01j],[0.00589901-5.62314606e-02j,-0.10972947+2.51081036e-01j,-0.01418334-2.85679905e-01j,0.10502453+8.13707242e-03j]],[[0.14231672+1.60534541e-01j,-0.00108057-1.91040124e-01j,-0.16259445-4.84379527e-02j,0.16588674+2.52020447e-02j],[-0.300876+1.05676554e-01j,-0.35838379-2.97609836e-01j,0.17151658+1.23478464e-04j,0.00284481-1.71232645e-03j],[-0.00092624-1.25333176e-01j,-0.11125189-1.13516474e-01j,-0.32329501-3.13492857e-01j,0.19627311-1.02154745e-01j],[0.18362028-3.44718397e-01j,-0.13223924+4.78602860e-02j,0.16475718-8.71287506e-02j,0.03332766-1.07268188e-01j]]]", "initial param values": "[0.80411454,4.39084819,6.12358014,4.77166587,5.59242167,4.88485349]", "nelder_mead": {"type": "gradient-free", "0": {"maxiter": 100, "fatol": 1e-05, "xatol": 1e-05, "duration": 0.0252838134765625, "fun": "0.4429748230505143", "nit": "100", "nfev": "152", "status": "2", "success": "False", "message": "Maximum number of iterations has been exceeded.", "x": "[0.92726106 6.07415128 4.3716721  4.89606466 6.25501122 2.36411896]", "final_simplex": "(array([[0.92726106, 6.07415128, 4.3716721 , 4.89606466, 6.25501122,\n        2.36411896],\n       [0.93013857, 6.09291751, 4.30291553, 4.89317227, 6.30068365,\n        2.34809616],\n       [0.92368416, 6.13431162, 4.30545636, 4.94301382, 6.28661412,\n        2.30721469],\n       [0.9232191 , 6.0738553 , 4.41660294, 4.92789068, 6.25661677,\n        2.38500818],\n       [0.93458479, 6.11549279, 4.37484316, 4.86041029, 6.22189555,\n        2.3454281 ],\n       [0.93157059, 6.11782034, 4.34410601, 4.89465119, 6.28521072,\n        2.29472578],\n       [0.94005853, 6.0312294 , 4.29733355, 4.945264  , 6.35510235,\n        2.28169474]]), array([0.44297482, 0.44302481, 0.44309186, 0.44315574, 0.44327281,\n       0.44342936, 0.44351506]))"}, "1": {"maxiter": 100, "fatol": 1e-05, "xatol": 1e-10, "duration": 0.025254249572753906, "fun": "0.4429748230505143", "nit": "100", "nfev": "152", "status": "2", "success": "False", "message": "Maximum number of iterations has been exceeded.", "x": "[0.92726106 6.07415128 4.3716721  4.89606466 6.25501122 2.36411896]", "final_simplex": "(array([[0.92726106, 6.07415128, 4.3716721 , 4.89606466, 6.25501122,\n        2.36411896],\n       [0.93013857, 6.09291751, 4.30291553, 4.89317227, 6.30068365,\n        2.34809616],\n       [0.92368416, 6.13431162, 4.30545636, 4.94301382, 6.28661412,\n        2.30721469],\n       [0.9232191 , 6.0738553 , 4.41660294, 4.92789068, 6.25661677,\n        2.38500818],\n       [0.93458479, 6.11549279, 4.37484316, 4.86041029, 6.22189555,\n        2.3454281 ],\n       [0.93157059, 6.11782034, 4.34410601, 4.89465119, 6.28521072,\n        2.29472578],\n       [0.94005853, 6.0312294 , 4.29733355, 4.945264  , 6.35510235,\n        2.28169474]]), array([0.44297482, 0.44302481, 0.44309186, 0.44315574, 0.44327281,\n       0.44342936, 0.44351506]))"}, "2": {"maxiter": 100, "fatol": 1e-10, "xatol": 1e-05, "duration": 0.02520918846130371, "fun": "0.4429748230505143", "nit": "100", "nfev": "152", "status": "2", "success": "False", "message": "Maximum number of iterations has been exceeded.", "x": "[0.92726106 6.07415128 4.3716721  4.89606466 6.25501122 2.36411896]", "final_simplex": "(array([[0.92726106, 6.07415128, 4.3716721 , 4.89606466, 6.25501122,\n        2.36411896],\n       [0.93013857, 6.09291751, 4.30291553, 4.89317227, 6.30068365,\n        2.34809616],\n       [0.92368416, 6.13431162, 4.30545636, 4.94301382, 6.28661412,\n        2.30721469],\n       [0.9232191 , 6.0738553 , 4.41660294, 4.92789068, 6.25661677,\n        2.38500818],\n       [0.93458479, 6.11549279, 4.37484316, 4.86041029, 6.22189555,\n        2.3454281 ],\n       [0.93157059, 6.11782034, 4.34410601, 4.89465119, 6.28521072,\n        2.29472578],\n       [0.94005853, 6.0312294 , 4.29733355, 4.945264  , 6.35510235,\n        2.28169474]]), array([0.44297482, 0.44302481, 0.44309186, 0.44315574, 0.44327281,\n       0.44342936, 0.44351506]))"}, "3": {"maxiter": 100, "fatol": 1e-10, "xatol": 1e-10, "duration": 0.025555133819580078, "fun": "0.4429748230505143", "nit": "100", "nfev": "152", "status": "2", "success": "False", "message": "Maximum number of iterations has been exceeded.", "x": "[0.92726106 6.07415128 4.3716721  4.89606466 6.25501122 2.36411896]", "final_simplex": "(array([[0.92726106, 6.07415128, 4.3716721 , 4.89606466, 6.25501122,\n        2.36411896],\n       [0.93013857, 6.09291751, 4.30291553, 4.89317227, 6.30068365,\n        2.34809616],\n       [0.92368416, 6.13431162, 4.30545636, 4.94301382, 6.28661412,\n        2.30721469],\n       [0.9232191 , 6.0738553 , 4.41660294, 4.92789068, 6.25661677,\n        2.38500818],\n       [0.93458479, 6.11549279, 4.37484316, 4.86041029, 6.22189555,\n        2.3454281 ],\n       [0.93157059, 6.11782034, 4.34410601, 4.89465119, 6.28521072,\n        2.29472578],\n       [0.94005853, 6.0312294 , 4.29733355, 4.945264  , 6.35510235,\n        2.28169474]]), array([0.44297482, 0.44302481, 0.44309186, 0.44315574, 0.44327281,\n       0.44342936, 0.44351506]))"}, "4": {"maxiter": 500, "fatol": 1e-05, "xatol": 1e-05, "duration": 0.08626890182495117, "fun": "0.43559215990500233", "nit": "331", "nfev": "520", "status": "0", "success": "True", "message": "Optimization terminated successfully.", "x": "[1.20243564 6.13183392 4.34692067 4.84969563 6.31063156 2.40924381]", "final_simplex": "(array([[1.20243564, 6.13183392, 4.34692067, 4.84969563, 6.31063156,\n        2.40924381],\n       [1.20244366, 6.13183544, 4.34691976, 4.84969322, 6.31063376,\n        2.40924441],\n       [1.20244245, 6.131837  , 4.34692176, 4.84969245, 6.3106329 ,\n        2.40924459],\n       [1.20244024, 6.13183372, 4.34692194, 4.84969577, 6.3106339 ,\n        2.40924743],\n       [1.20243879, 6.13183671, 4.3469184 , 4.84969851, 6.31063583,\n        2.40924352],\n       [1.20244468, 6.13183362, 4.34692374, 4.8496923 , 6.31063315,\n        2.40924683],\n       [1.2024412 , 6.13183805, 4.34692175, 4.84969485, 6.3106273 ,\n        2.40924519]]), array([0.43559216, 0.43559216, 0.43559216, 0.43559216, 0.43559216,\n       0.43559216, 0.43559216]))"}, "5": {"maxiter": 500, "fatol": 1e-05, "xatol": 1e-10, "duration": 0.12854886054992676, "fun": "0.4355921599032436", "nit": "458", "nfev": "780", "status": "0", "success": "True", "message": "Optimization terminated successfully.", "x": "[1.20243936 6.13183541 4.34691904 4.84969416 6.31063354 2.40924413]", "final_simplex": "(array([[1.20243936, 6.13183541, 4.34691904, 4.84969416, 6.31063354,\n        2.40924413],\n       [1.20243936, 6.13183541, 4.34691904, 4.84969416, 6.31063354,\n        2.40924413],\n       [1.20243936, 6.13183541, 4.34691904, 4.84969416, 6.31063354,\n        2.40924413],\n       [1.20243936, 6.13183541, 4.34691904, 4.84969416, 6.31063354,\n        2.40924413],\n       [1.20243936, 6.13183541, 4.34691904, 4.84969416, 6.31063354,\n        2.40924413],\n       [1.20243936, 6.13183541, 4.34691904, 4.84969416, 6.31063354,\n        2.40924413],\n       [1.20243936, 6.13183541, 4.34691904, 4.84969416, 6.31063354,\n        2.40924413]]), array([0.43559216, 0.43559216, 0.43559216, 0.43559216, 0.43559216,\n       0.43559216, 0.43559216]))"}, "6": {"maxiter": 500, "fatol": 1e-10, "xatol": 1e-05, "duration": 0.08603882789611816, "fun": "0.43559215990500233", "nit": "331", "nfev": "520", "status": "0", "success": "True", "message": "Optimization terminated successfully.", "x": "[1.20243564 6.13183392 4.34692067 4.84969563 6.31063156 2.40924381]", "final_simplex": "(array([[1.20243564, 6.13183392, 4.34692067, 4.84969563, 6.31063156,\n        2.40924381],\n       [1.20244366, 6.13183544, 4.34691976, 4.84969322, 6.31063376,\n        2.40924441],\n       [1.20244245, 6.131837  , 4.34692176, 4.84969245, 6.3106329 ,\n        2.40924459],\n       [1.20244024, 6.13183372, 4.34692194, 4.84969577, 6.3106339 ,\n        2.40924743],\n       [1.20243879, 6.13183671, 4.3469184 , 4.84969851, 6.31063583,\n        2.40924352],\n       [1.20244468, 6.13183362, 4.34692374, 4.8496923 , 6.31063315,\n        2.40924683],\n       [1.2024412 , 6.13183805, 4.34692175, 4.84969485, 6.3106273 ,\n        2.40924519]]), array([0.43559216, 0.43559216, 0.43559216, 0.43559216, 0.43559216,\n       0.43559216, 0.43559216]))"}, "7": {"maxiter": 500, "fatol": 1e-10, "xatol": 1e-10, "duration": 0.12855100631713867, "fun": "0.4355921599032436", "nit": "458", "nfev": "780", "status": "0", "success": "True", "message": "Optimization terminated successfully.", "x": "[1.20243936 6.13183541 4.34691904 4.84969416 6.31063354 2.40924413]", "final_simplex": "(array([[1.20243936, 6.13183541, 4.34691904, 4.84969416, 6.31063354,\n        2.40924413],\n       [1.20243936, 6.13183541, 4.34691904, 4.84969416, 6.31063354,\n        2.40924413],\n       [1.20243936, 6.13183541, 4.34691904, 4.84969416, 6.31063354,\n        2.40924413],\n       [1.20243936, 6.13183541, 4.34691904, 4.84969416, 6.31063354,\n        2.40924413],\n       [1.20243936, 6.13183541, 4.34691904, 4.84969416, 6.31063354,\n        2.40924413],\n       [1.20243936, 6.13183541, 4.34691904, 4.84969416, 6.31063354,\n        2.40924413],\n       [1.20243936, 6.13183541, 4.34691904, 4.84969416, 6.31063354,\n        2.40924413]]), array([0.43559216, 0.43559216, 0.43559216, 0.43559216, 0.43559216,\n       0.43559216, 0.43559216]))"}, "8": {"maxiter": 1000, "fatol": 1e-05, "xatol": 1e-05, "duration": 0.08601021766662598, "fun": "0.43559215990500233", "nit": "331", "nfev": "520", "status": "0", "success": "True", "message": "Optimization terminated successfully.", "x": "[1.20243564 6.13183392 4.34692067 4.84969563 6.31063156 2.40924381]", "final_simplex": "(array([[1.20243564, 6.13183392, 4.34692067, 4.84969563, 6.31063156,\n        2.40924381],\n       [1.20244366, 6.13183544, 4.34691976, 4.84969322, 6.31063376,\n        2.40924441],\n       [1.20244245, 6.131837  , 4.34692176, 4.84969245, 6.3106329 ,\n        2.40924459],\n       [1.20244024, 6.13183372, 4.34692194, 4.84969577, 6.3106339 ,\n        2.40924743],\n       [1.20243879, 6.13183671, 4.3469184 , 4.84969851, 6.31063583,\n        2.40924352],\n       [1.20244468, 6.13183362, 4.34692374, 4.8496923 , 6.31063315,\n        2.40924683],\n       [1.2024412 , 6.13183805, 4.34692175, 4.84969485, 6.3106273 ,\n        2.40924519]]), array([0.43559216, 0.43559216, 0.43559216, 0.43559216, 0.43559216,\n       0.43559216, 0.43559216]))"}, "9": {"maxiter": 1000, "fatol": 1e-05, "xatol": 1e-10, "duration": 0.1270449161529541, "fun": "0.4355921599032436", "nit": "458", "nfev": "780", "status": "0", "success": "True", "message": "Optimization terminated successfully.", "x": "[1.20243936 6.13183541 4.34691904 4.84969416 6.31063354 2.40924413]", "final_simplex": "(array([[1.20243936, 6.13183541, 4.34691904, 4.84969416, 6.31063354,\n        2.40924413],\n       [1.20243936, 6.13183541, 4.34691904, 4.84969416, 6.31063354,\n        2.40924413],\n       [1.20243936, 6.13183541, 4.34691904, 4.84969416, 6.31063354,\n        2.40924413],\n       [1.20243936, 6.13183541, 4.34691904, 4.84969416, 6.31063354,\n        2.40924413],\n       [1.20243936, 6.13183541, 4.34691904, 4.84969416, 6.31063354,\n        2.40924413],\n       [1.20243936, 6.13183541, 4.34691904, 4.84969416, 6.31063354,\n        2.40924413],\n       [1.20243936, 6.13183541, 4.34691904, 4.84969416, 6.31063354,\n        2.40924413]]), array([0.43559216, 0.43559216, 0.43559216, 0.43559216, 0.43559216,\n       0.43559216, 0.43559216]))"}, "10": {"maxiter": 1000, "fatol": 1e-10, "xatol": 1e-05, "duration": 0.08594989776611328, "fun": "0.43559215990500233", "nit": "331", "nfev": "520", "status": "0", "success": "True", "message": "Optimization terminated successfully.", "x": "[1.20243564 6.13183392 4.34692067 4.84969563 6.31063156 2.40924381]", "final_simplex": "(array([[1.20243564, 6.13183392, 4.34692067, 4.84969563, 6.31063156,\n        2.40924381],\n       [1.20244366, 6.13183544, 4.34691976, 4.84969322, 6.31063376,\n        2.40924441],\n       [1.20244245, 6.131837  , 4.34692176, 4.84969245, 6.3106329 ,\n        2.40924459],\n       [1.20244024, 6.13183372, 4.34692194, 4.84969577, 6.3106339 ,\n        2.40924743],\n       [1.20243879, 6.13183671, 4.3469184 , 4.84969851, 6.31063583,\n        2.40924352],\n       [1.20244468, 6.13183362, 4.34692374, 4.8496923 , 6.31063315,\n        2.40924683],\n       [1.2024412 , 6.13183805, 4.34692175, 4.84969485, 6.3106273 ,\n        2.40924519]]), array([0.43559216, 0.43559216, 0.43559216, 0.43559216, 0.43559216,\n       0.43559216, 0.43559216]))"}, "11": {"maxiter": 1000, "fatol": 1e-10, "xatol": 1e-10, "duration": 0.12698793411254883, "fun": "0.4355921599032436", "nit": "458", "nfev": "780", "status": "0", "success": "True", "message": "Optimization terminated successfully.", "x": "[1.20243936 6.13183541 4.34691904 4.84969416 6.31063354 2.40924413]", "final_simplex": "(array([[1.20243936, 6.13183541, 4.34691904, 4.84969416, 6.31063354,\n        2.40924413],\n       [1.20243936, 6.13183541, 4.34691904, 4.84969416, 6.31063354,\n        2.40924413],\n       [1.20243936, 6.13183541, 4.34691904, 4.84969416, 6.31063354,\n        2.40924413],\n       [1.20243936, 6.13183541, 4.34691904, 4.84969416, 6.31063354,\n        2.40924413],\n       [1.20243936, 6.13183541, 4.34691904, 4.84969416, 6.31063354,\n        2.40924413],\n       [1.20243936, 6.13183541, 4.34691904, 4.84969416, 6.31063354,\n        2.40924413],\n       [1.20243936, 6.13183541, 4.34691904, 4.84969416, 6.31063354,\n        2.40924413]]), array([0.43559216, 0.43559216, 0.43559216, 0.43559216, 0.43559216,\n       0.43559216, 0.43559216]))"}}, "bfgs": {"type": "gradient", "0": {"maxiter": 100, "gtol": 1e-05, "xrtol": 1e-05, "eps": 1e-05, "duration": 0.043985843658447266, "fun": "0.43559216010991586", "jac": "[-3.84982046e-06  2.77917689e-06 -4.83355578e-06 -6.96576130e-07\n  3.42490480e-06  2.27704522e-06]", "hess_inv": "[[ 5.32746686  0.28578234  0.08138487 -1.9472325   1.15885968  0.59404059]\n [ 0.28578234  4.1758271  -0.59655382 -0.46224377 -0.64957075  0.41856855]\n [ 0.08138487 -0.59655382  5.40123209 -0.90227233 -2.60364869  1.94114432]\n [-1.9472325  -0.46224377 -0.90227233  4.86847146  0.30824679 -0.59009114]\n [ 1.15885968 -0.64957075 -2.60364869  0.30824679  5.50669973 -1.35204701]\n [ 0.59404059  0.41856855  1.94114432 -0.59009114 -1.35204701  4.70546899]]", "nfev": "259", "njev": "37", "status": "0", "success": "True", "message": "Optimization terminated successfully.", "x": "[1.20241755 6.13184608 4.34687628 4.84970087 6.31065671 2.40923182]", "nit": "31"}, "1": {"maxiter": 100, "gtol": 1e-05, "xrtol": 1e-05, "eps": 1e-10, "duration": 0.043931007385253906, "fun": "0.4355921601550672", "jac": "[ 0.00000000e+00  3.33066880e-06 -5.55111466e-06 -1.11022293e-06\n  4.44089173e-06  1.11022293e-06]", "hess_inv": "[[ 5.30307567  0.27749614  0.09497198 -1.92490768  1.14489663  0.57858017]\n [ 0.27749614  4.18028658 -0.59597701 -0.45051312 -0.65351674  0.41582723]\n [ 0.09497198 -0.59597701  5.3752458  -0.90683048 -2.58240909  1.94052143]\n [-1.92490768 -0.45051312 -0.90683048  4.85475402  0.31141056 -0.57993462]\n [ 1.14489663 -0.65351674 -2.58240909  0.31141056  5.48760627 -1.3560684 ]\n [ 0.57858017  0.41582723  1.94052143 -0.57993462 -1.3560684   4.71292618]]", "nfev": "259", "njev": "37", "status": "0", "success": "True", "message": "Optimization terminated successfully.", "x": "[1.2024353  6.1318519  4.34686823 4.84969498 6.31066865 2.40922964]", "nit": "31"}, "2": {"maxiter": 100, "gtol": 1e-05, "xrtol": 1e-10, "eps": 1e-05, "duration": 0.04387402534484863, "fun": "0.43559216010991586", "jac": "[-3.84982046e-06  2.77917689e-06 -4.83355578e-06 -6.96576130e-07\n  3.42490480e-06  2.27704522e-06]", "hess_inv": "[[ 5.32746686  0.28578234  0.08138487 -1.9472325   1.15885968  0.59404059]\n [ 0.28578234  4.1758271  -0.59655382 -0.46224377 -0.64957075  0.41856855]\n [ 0.08138487 -0.59655382  5.40123209 -0.90227233 -2.60364869  1.94114432]\n [-1.9472325  -0.46224377 -0.90227233  4.86847146  0.30824679 -0.59009114]\n [ 1.15885968 -0.64957075 -2.60364869  0.30824679  5.50669973 -1.35204701]\n [ 0.59404059  0.41856855  1.94114432 -0.59009114 -1.35204701  4.70546899]]", "nfev": "259", "njev": "37", "status": "0", "success": "True", "message": "Optimization terminated successfully.", "x": "[1.20241755 6.13184608 4.34687628 4.84970087 6.31065671 2.40923182]", "nit": "31"}, "3": {"maxiter": 100, "gtol": 1e-05, "xrtol": 1e-10, "eps": 1e-10, "duration": 0.04568290710449219, "fun": "0.4355921601550672", "jac": "[ 0.00000000e+00  3.33066880e-06 -5.55111466e-06 -1.11022293e-06\n  4.44089173e-06  1.11022293e-06]", "hess_inv": "[[ 5.30307567  0.27749614  0.09497198 -1.92490768  1.14489663  0.57858017]\n [ 0.27749614  4.18028658 -0.59597701 -0.45051312 -0.65351674  0.41582723]\n [ 0.09497198 -0.59597701  5.3752458  -0.90683048 -2.58240909  1.94052143]\n [-1.92490768 -0.45051312 -0.90683048  4.85475402  0.31141056 -0.57993462]\n [ 1.14489663 -0.65351674 -2.58240909  0.31141056  5.48760627 -1.3560684 ]\n [ 0.57858017  0.41582723  1.94052143 -0.57993462 -1.3560684   4.71292618]]", "nfev": "259", "njev": "37", "status": "0", "success": "True", "message": "Optimization terminated successfully.", "x": "[1.2024353  6.1318519  4.34686823 4.84969498 6.31066865 2.40922964]", "nit": "31"}, "4": {"maxiter": 100, "gtol": 1e-10, "xrtol": 1e-05, "eps": 1e-05, "duration": 0.048158884048461914, "fun": "0.4355921599247271", "jac": "[-1.17972299e-07  7.20756788e-08 -4.54392080e-07  1.43818291e-07\n -1.51656465e-07 -9.87432358e-08]", "hess_inv": "[[ 5.27535829  0.23429742  0.10459036 -1.89214863  1.05015763  0.49413006]\n [ 0.23429742  4.25086632 -0.75937585 -0.44358956 -0.51257935  0.42632539]\n [ 0.10459036 -0.75937585  5.6649314  -0.87403136 -2.91578839  1.82856174]\n [-1.89214863 -0.44358956 -0.87403136  4.82040475  0.3537237  -0.51472445]\n [ 1.05015763 -0.51257935 -2.91578839  0.3537237   5.75431561 -1.35380148]\n [ 0.49413006  0.42632539  1.82856174 -0.51472445 -1.35380148  4.60394085]]", "nfev": "266", "njev": "38", "status": "0", "success": "True", "message": "Optimization terminated successfully.", "x": "[1.20243168 6.13183198 4.34691139 4.84969391 6.31063171 2.40923517]", "nit": "32"}, "5": {"maxiter": 100, "gtol": 1e-10, "xrtol": 1e-05, "eps": 1e-10, "duration": 0.0482790470123291, "fun": "0.43559215992774203", "jac": "[-2.22044587e-06  0.00000000e+00 -1.11022293e-06 -2.22044587e-06\n -1.11022293e-06 -1.11022293e-06]", "hess_inv": "[[ 5.32238557  0.32299055  0.01168782 -1.93965455  1.24043139  0.59471577]\n [ 0.32299055  4.27505725 -0.80559216 -0.46980696 -0.44686599  0.40492859]\n [ 0.01168782 -0.80559216  5.71999698 -0.82655519 -3.01434099  1.81814605]\n [-1.93965455 -0.46980696 -0.82655519  4.84678891  0.2613876  -0.53138435]\n [ 1.24043139 -0.44686599 -3.01434099  0.2613876   5.9328984  -1.34885447]\n [ 0.59471577  0.40492859  1.81814605 -0.53138435 -1.34885447  4.53368686]]", "nfev": "266", "njev": "38", "status": "0", "success": "True", "message": "Optimization terminated successfully.", "x": "[1.20242597 6.13183421 4.34691312 4.84969677 6.31062885 2.40923875]", "nit": "32"}, "6": {"maxiter": 100, "gtol": 1e-10, "xrtol": 1e-10, "eps": 1e-05, "duration": 0.09639096260070801, "fun": "0.43559215992032874", "jac": "[ 1.15463195e-09  2.66453526e-10 -4.99600361e-10  7.21644966e-10\n -1.27675648e-09  3.21964677e-10]", "hess_inv": "[[ 5.31657339  0.20625855  0.19045127 -1.9149939   0.9953917   0.51476246]\n [ 0.20625855  4.30720966 -0.9174554  -0.32958453 -0.57020658  0.36209153]\n [ 0.19045127 -0.9174554   6.05207808 -1.09053283 -2.89396796  1.9340353 ]\n [-1.9149939  -0.32958453 -1.09053283  4.93493614  0.33472108 -0.53831706]\n [ 0.9953917  -0.57020658 -2.89396796  0.33472108  5.80995545 -1.40677694]\n [ 0.51476246  0.36209153  1.9340353  -0.53831706 -1.40677694  4.59018511]]", "nfev": "536", "njev": "75", "status": "2", "success": "False", "message": "Desired error not necessarily achieved due to precision loss.", "x": "[1.2024329  6.13183129 4.34691418 4.84969249 6.3106312  2.40923645]", "nit": "34"}, "7": {"maxiter": 100, "gtol": 1e-10, "xrtol": 1e-10, "eps": 1e-10, "duration": 0.07077193260192871, "fun": "0.43559215990972744", "jac": "[ 1.11022293e-06  0.00000000e+00 -1.11022293e-06  2.22044587e-06\n  0.00000000e+00  1.11022293e-06]", "hess_inv": "[[ 2.06005553  0.67692157 -0.46575622 -0.54616343  0.2737362  -0.83710755]\n [ 0.67692157  6.2945156  -3.02760801 -2.3193488   2.65146978 -4.88126606]\n [-0.46575622 -3.02760801  1.65601039  1.40582387 -1.17843841  2.53057372]\n [-0.54616343 -2.3193488   1.40582387  1.56894439 -1.09914277  2.64579367]\n [ 0.2737362   2.65146978 -1.17843841 -1.09914277  1.47547284 -2.49463178]\n [-0.83710755 -4.88126606  2.53057372  2.64579367 -2.49463178  5.11365548]]", "nfev": "392", "njev": "56", "status": "2", "success": "False", "message": "Desired error not necessarily achieved due to precision loss.", "x": "[1.20243818 6.13183813 4.34691859 4.84970044 6.31063179 2.4092471 ]", "nit": "38"}, "8": {"maxiter": 500, "gtol": 1e-05, "xrtol": 1e-05, "eps": 1e-05, "duration": 0.04653573036193848, "fun": "0.43559216010991586", "jac": "[-3.84982046e-06  2.77917689e-06 -4.83355578e-06 -6.96576130e-07\n  3.42490480e-06  2.27704522e-06]", "hess_inv": "[[ 5.32746686  0.28578234  0.08138487 -1.9472325   1.15885968  0.59404059]\n [ 0.28578234  4.1758271  -0.59655382 -0.46224377 -0.64957075  0.41856855]\n [ 0.08138487 -0.59655382  5.40123209 -0.90227233 -2.60364869  1.94114432]\n [-1.9472325  -0.46224377 -0.90227233  4.86847146  0.30824679 -0.59009114]\n [ 1.15885968 -0.64957075 -2.60364869  0.30824679  5.50669973 -1.35204701]\n [ 0.59404059  0.41856855  1.94114432 -0.59009114 -1.35204701  4.70546899]]", "nfev": "259", "njev": "37", "status": "0", "success": "True", "message": "Optimization terminated successfully.", "x": "[1.20241755 6.13184608 4.34687628 4.84970087 6.31065671 2.40923182]", "nit": "31"}, "9": {"maxiter": 500, "gtol": 1e-05, "xrtol": 1e-05, "eps": 1e-10, "duration": 0.045622825622558594, "fun": "0.4355921601550672", "jac": "[ 0.00000000e+00  3.33066880e-06 -5.55111466e-06 -1.11022293e-06\n  4.44089173e-06  1.11022293e-06]", "hess_inv": "[[ 5.30307567  0.27749614  0.09497198 -1.92490768  1.14489663  0.57858017]\n [ 0.27749614  4.18028658 -0.59597701 -0.45051312 -0.65351674  0.41582723]\n [ 0.09497198 -0.59597701  5.3752458  -0.90683048 -2.58240909  1.94052143]\n [-1.92490768 -0.45051312 -0.90683048  4.85475402  0.31141056 -0.57993462]\n [ 1.14489663 -0.65351674 -2.58240909  0.31141056  5.48760627 -1.3560684 ]\n [ 0.57858017  0.41582723  1.94052143 -0.57993462 -1.3560684   4.71292618]]", "nfev": "259", "njev": "37", "status": "0", "success": "True", "message": "Optimization terminated successfully.", "x": "[1.2024353  6.1318519  4.34686823 4.84969498 6.31066865 2.40922964]", "nit": "31"}, "10": {"maxiter": 500, "gtol": 1e-05, "xrtol": 1e-10, "eps": 1e-05, "duration": 0.04552912712097168, "fun": "0.43559216010991586", "jac": "[-3.84982046e-06  2.77917689e-06 -4.83355578e-06 -6.96576130e-07\n  3.42490480e-06  2.27704522e-06]", "hess_inv": "[[ 5.32746686  0.28578234  0.08138487 -1.9472325   1.15885968  0.59404059]\n [ 0.28578234  4.1758271  -0.59655382 -0.46224377 -0.64957075  0.41856855]\n [ 0.08138487 -0.59655382  5.40123209 -0.90227233 -2.60364869  1.94114432]\n [-1.9472325  -0.46224377 -0.90227233  4.86847146  0.30824679 -0.59009114]\n [ 1.15885968 -0.64957075 -2.60364869  0.30824679  5.50669973 -1.35204701]\n [ 0.59404059  0.41856855  1.94114432 -0.59009114 -1.35204701  4.70546899]]", "nfev": "259", "njev": "37", "status": "0", "success": "True", "message": "Optimization terminated successfully.", "x": "[1.20241755 6.13184608 4.34687628 4.84970087 6.31065671 2.40923182]", "nit": "31"}, "11": {"maxiter": 500, "gtol": 1e-05, "xrtol": 1e-10, "eps": 1e-10, "duration": 0.045641183853149414, "fun": "0.4355921601550672", "jac": "[ 0.00000000e+00  3.33066880e-06 -5.55111466e-06 -1.11022293e-06\n  4.44089173e-06  1.11022293e-06]", "hess_inv": "[[ 5.30307567  0.27749614  0.09497198 -1.92490768  1.14489663  0.57858017]\n [ 0.27749614  4.18028658 -0.59597701 -0.45051312 -0.65351674  0.41582723]\n [ 0.09497198 -0.59597701  5.3752458  -0.90683048 -2.58240909  1.94052143]\n [-1.92490768 -0.45051312 -0.90683048  4.85475402  0.31141056 -0.57993462]\n [ 1.14489663 -0.65351674 -2.58240909  0.31141056  5.48760627 -1.3560684 ]\n [ 0.57858017  0.41582723  1.94052143 -0.57993462 -1.3560684   4.71292618]]", "nfev": "259", "njev": "37", "status": "0", "success": "True", "message": "Optimization terminated successfully.", "x": "[1.2024353  6.1318519  4.34686823 4.84969498 6.31066865 2.40922964]", "nit": "31"}, "12": {"maxiter": 500, "gtol": 1e-10, "xrtol": 1e-05, "eps": 1e-05, "duration": 0.046855926513671875, "fun": "0.4355921599247271", "jac": "[-1.17972299e-07  7.20756788e-08 -4.54392080e-07  1.43818291e-07\n -1.51656465e-07 -9.87432358e-08]", "hess_inv": "[[ 5.27535829  0.23429742  0.10459036 -1.89214863  1.05015763  0.49413006]\n [ 0.23429742  4.25086632 -0.75937585 -0.44358956 -0.51257935  0.42632539]\n [ 0.10459036 -0.75937585  5.6649314  -0.87403136 -2.91578839  1.82856174]\n [-1.89214863 -0.44358956 -0.87403136  4.82040475  0.3537237  -0.51472445]\n [ 1.05015763 -0.51257935 -2.91578839  0.3537237   5.75431561 -1.35380148]\n [ 0.49413006  0.42632539  1.82856174 -0.51472445 -1.35380148  4.60394085]]", "nfev": "266", "njev": "38", "status": "0", "success": "True", "message": "Optimization terminated successfully.", "x": "[1.20243168 6.13183198 4.34691139 4.84969391 6.31063171 2.40923517]", "nit": "32"}, "13": {"maxiter": 500, "gtol": 1e-10, "xrtol": 1e-05, "eps": 1e-10, "duration": 0.0469508171081543, "fun": "0.43559215992774203", "jac": "[-2.22044587e-06  0.00000000e+00 -1.11022293e-06 -2.22044587e-06\n -1.11022293e-06 -1.11022293e-06]", "hess_inv": "[[ 5.32238557  0.32299055  0.01168782 -1.93965455  1.24043139  0.59471577]\n [ 0.32299055  4.27505725 -0.80559216 -0.46980696 -0.44686599  0.40492859]\n [ 0.01168782 -0.80559216  5.71999698 -0.82655519 -3.01434099  1.81814605]\n [-1.93965455 -0.46980696 -0.82655519  4.84678891  0.2613876  -0.53138435]\n [ 1.24043139 -0.44686599 -3.01434099  0.2613876   5.9328984  -1.34885447]\n [ 0.59471577  0.40492859  1.81814605 -0.53138435 -1.34885447  4.53368686]]", "nfev": "266", "njev": "38", "status": "0", "success": "True", "message": "Optimization terminated successfully.", "x": "[1.20242597 6.13183421 4.34691312 4.84969677 6.31062885 2.40923875]", "nit": "32"}, "14": {"maxiter": 500, "gtol": 1e-10, "xrtol": 1e-10, "eps": 1e-05, "duration": 0.09416007995605469, "fun": "0.43559215992032874", "jac": "[ 1.15463195e-09  2.66453526e-10 -4.99600361e-10  7.21644966e-10\n -1.27675648e-09  3.21964677e-10]", "hess_inv": "[[ 5.31657339  0.20625855  0.19045127 -1.9149939   0.9953917   0.51476246]\n [ 0.20625855  4.30720966 -0.9174554  -0.32958453 -0.57020658  0.36209153]\n [ 0.19045127 -0.9174554   6.05207808 -1.09053283 -2.89396796  1.9340353 ]\n [-1.9149939  -0.32958453 -1.09053283  4.93493614  0.33472108 -0.53831706]\n [ 0.9953917  -0.57020658 -2.89396796  0.33472108  5.80995545 -1.40677694]\n [ 0.51476246  0.36209153  1.9340353  -0.53831706 -1.40677694  4.59018511]]", "nfev": "536", "njev": "75", "status": "2", "success": "False", "message": "Desired error not necessarily achieved due to precision loss.", "x": "[1.2024329  6.13183129 4.34691418 4.84969249 6.3106312  2.40923645]", "nit": "34"}, "15": {"maxiter": 500, "gtol": 1e-10, "xrtol": 1e-10, "eps": 1e-10, "duration": 0.06930780410766602, "fun": "0.43559215990972744", "jac": "[ 1.11022293e-06  0.00000000e+00 -1.11022293e-06  2.22044587e-06\n  0.00000000e+00  1.11022293e-06]", "hess_inv": "[[ 2.06005553  0.67692157 -0.46575622 -0.54616343  0.2737362  -0.83710755]\n [ 0.67692157  6.2945156  -3.02760801 -2.3193488   2.65146978 -4.88126606]\n [-0.46575622 -3.02760801  1.65601039  1.40582387 -1.17843841  2.53057372]\n [-0.54616343 -2.3193488   1.40582387  1.56894439 -1.09914277  2.64579367]\n [ 0.2737362   2.65146978 -1.17843841 -1.09914277  1.47547284 -2.49463178]\n [-0.83710755 -4.88126606  2.53057372  2.64579367 -2.49463178  5.11365548]]", "nfev": "392", "njev": "56", "status": "2", "success": "False", "message": "Desired error not necessarily achieved due to precision loss.", "x": "[1.20243818 6.13183813 4.34691859 4.84970044 6.31063179 2.4092471 ]", "nit": "38"}, "16": {"maxiter": 1000, "gtol": 1e-05, "xrtol": 1e-05, "eps": 1e-05, "duration": 0.045979976654052734, "fun": "0.43559216010991586", "jac": "[-3.84982046e-06  2.77917689e-06 -4.83355578e-06 -6.96576130e-07\n  3.42490480e-06  2.27704522e-06]", "hess_inv": "[[ 5.32746686  0.28578234  0.08138487 -1.9472325   1.15885968  0.59404059]\n [ 0.28578234  4.1758271  -0.59655382 -0.46224377 -0.64957075  0.41856855]\n [ 0.08138487 -0.59655382  5.40123209 -0.90227233 -2.60364869  1.94114432]\n [-1.9472325  -0.46224377 -0.90227233  4.86847146  0.30824679 -0.59009114]\n [ 1.15885968 -0.64957075 -2.60364869  0.30824679  5.50669973 -1.35204701]\n [ 0.59404059  0.41856855  1.94114432 -0.59009114 -1.35204701  4.70546899]]", "nfev": "259", "njev": "37", "status": "0", "success": "True", "message": "Optimization terminated successfully.", "x": "[1.20241755 6.13184608 4.34687628 4.84970087 6.31065671 2.40923182]", "nit": "31"}, "17": {"maxiter": 1000, "gtol": 1e-05, "xrtol": 1e-05, "eps": 1e-10, "duration": 0.04600214958190918, "fun": "0.4355921601550672", "jac": "[ 0.00000000e+00  3.33066880e-06 -5.55111466e-06 -1.11022293e-06\n  4.44089173e-06  1.11022293e-06]", "hess_inv": "[[ 5.30307567  0.27749614  0.09497198 -1.92490768  1.14489663  0.57858017]\n [ 0.27749614  4.18028658 -0.59597701 -0.45051312 -0.65351674  0.41582723]\n [ 0.09497198 -0.59597701  5.3752458  -0.90683048 -2.58240909  1.94052143]\n [-1.92490768 -0.45051312 -0.90683048  4.85475402  0.31141056 -0.57993462]\n [ 1.14489663 -0.65351674 -2.58240909  0.31141056  5.48760627 -1.3560684 ]\n [ 0.57858017  0.41582723  1.94052143 -0.57993462 -1.3560684   4.71292618]]", "nfev": "259", "njev": "37", "status": "0", "success": "True", "message": "Optimization terminated successfully.", "x": "[1.2024353  6.1318519  4.34686823 4.84969498 6.31066865 2.40922964]", "nit": "31"}, "18": {"maxiter": 1000, "gtol": 1e-05, "xrtol": 1e-10, "eps": 1e-05, "duration": 0.04600667953491211, "fun": "0.43559216010991586", "jac": "[-3.84982046e-06  2.77917689e-06 -4.83355578e-06 -6.96576130e-07\n  3.42490480e-06  2.27704522e-06]", "hess_inv": "[[ 5.32746686  0.28578234  0.08138487 -1.9472325   1.15885968  0.59404059]\n [ 0.28578234  4.1758271  -0.59655382 -0.46224377 -0.64957075  0.41856855]\n [ 0.08138487 -0.59655382  5.40123209 -0.90227233 -2.60364869  1.94114432]\n [-1.9472325  -0.46224377 -0.90227233  4.86847146  0.30824679 -0.59009114]\n [ 1.15885968 -0.64957075 -2.60364869  0.30824679  5.50669973 -1.35204701]\n [ 0.59404059  0.41856855  1.94114432 -0.59009114 -1.35204701  4.70546899]]", "nfev": "259", "njev": "37", "status": "0", "success": "True", "message": "Optimization terminated successfully.", "x": "[1.20241755 6.13184608 4.34687628 4.84970087 6.31065671 2.40923182]", "nit": "31"}, "19": {"maxiter": 1000, "gtol": 1e-05, "xrtol": 1e-10, "eps": 1e-10, "duration": 0.04596090316772461, "fun": "0.4355921601550672", "jac": "[ 0.00000000e+00  3.33066880e-06 -5.55111466e-06 -1.11022293e-06\n  4.44089173e-06  1.11022293e-06]", "hess_inv": "[[ 5.30307567  0.27749614  0.09497198 -1.92490768  1.14489663  0.57858017]\n [ 0.27749614  4.18028658 -0.59597701 -0.45051312 -0.65351674  0.41582723]\n [ 0.09497198 -0.59597701  5.3752458  -0.90683048 -2.58240909  1.94052143]\n [-1.92490768 -0.45051312 -0.90683048  4.85475402  0.31141056 -0.57993462]\n [ 1.14489663 -0.65351674 -2.58240909  0.31141056  5.48760627 -1.3560684 ]\n [ 0.57858017  0.41582723  1.94052143 -0.57993462 -1.3560684   4.71292618]]", "nfev": "259", "njev": "37", "status": "0", "success": "True", "message": "Optimization terminated successfully.", "x": "[1.2024353  6.1318519  4.34686823 4.84969498 6.31066865 2.40922964]", "nit": "31"}, "20": {"maxiter": 1000, "gtol": 1e-10, "xrtol": 1e-05, "eps": 1e-05, "duration": 0.04734206199645996, "fun": "0.4355921599247271", "jac": "[-1.17972299e-07  7.20756788e-08 -4.54392080e-07  1.43818291e-07\n -1.51656465e-07 -9.87432358e-08]", "hess_inv": "[[ 5.27535829  0.23429742  0.10459036 -1.89214863  1.05015763  0.49413006]\n [ 0.23429742  4.25086632 -0.75937585 -0.44358956 -0.51257935  0.42632539]\n [ 0.10459036 -0.75937585  5.6649314  -0.87403136 -2.91578839  1.82856174]\n [-1.89214863 -0.44358956 -0.87403136  4.82040475  0.3537237  -0.51472445]\n [ 1.05015763 -0.51257935 -2.91578839  0.3537237   5.75431561 -1.35380148]\n [ 0.49413006  0.42632539  1.82856174 -0.51472445 -1.35380148  4.60394085]]", "nfev": "266", "njev": "38", "status": "0", "success": "True", "message": "Optimization terminated successfully.", "x": "[1.20243168 6.13183198 4.34691139 4.84969391 6.31063171 2.40923517]", "nit": "32"}, "21": {"maxiter": 1000, "gtol": 1e-10, "xrtol": 1e-05, "eps": 1e-10, "duration": 0.04754281044006348, "fun": "0.43559215992774203", "jac": "[-2.22044587e-06  0.00000000e+00 -1.11022293e-06 -2.22044587e-06\n -1.11022293e-06 -1.11022293e-06]", "hess_inv": "[[ 5.32238557  0.32299055  0.01168782 -1.93965455  1.24043139  0.59471577]\n [ 0.32299055  4.27505725 -0.80559216 -0.46980696 -0.44686599  0.40492859]\n [ 0.01168782 -0.80559216  5.71999698 -0.82655519 -3.01434099  1.81814605]\n [-1.93965455 -0.46980696 -0.82655519  4.84678891  0.2613876  -0.53138435]\n [ 1.24043139 -0.44686599 -3.01434099  0.2613876   5.9328984  -1.34885447]\n [ 0.59471577  0.40492859  1.81814605 -0.53138435 -1.34885447  4.53368686]]", "nfev": "266", "njev": "38", "status": "0", "success": "True", "message": "Optimization terminated successfully.", "x": "[1.20242597 6.13183421 4.34691312 4.84969677 6.31062885 2.40923875]", "nit": "32"}, "22": {"maxiter": 1000, "gtol": 1e-10, "xrtol": 1e-10, "eps": 1e-05, "duration": 0.09673428535461426, "fun": "0.43559215992032874", "jac": "[ 1.15463195e-09  2.66453526e-10 -4.99600361e-10  7.21644966e-10\n -1.27675648e-09  3.21964677e-10]", "hess_inv": "[[ 5.31657339  0.20625855  0.19045127 -1.9149939   0.9953917   0.51476246]\n [ 0.20625855  4.30720966 -0.9174554  -0.32958453 -0.57020658  0.36209153]\n [ 0.19045127 -0.9174554   6.05207808 -1.09053283 -2.89396796  1.9340353 ]\n [-1.9149939  -0.32958453 -1.09053283  4.93493614  0.33472108 -0.53831706]\n [ 0.9953917  -0.57020658 -2.89396796  0.33472108  5.80995545 -1.40677694]\n [ 0.51476246  0.36209153  1.9340353  -0.53831706 -1.40677694  4.59018511]]", "nfev": "536", "njev": "75", "status": "2", "success": "False", "message": "Desired error not necessarily achieved due to precision loss.", "x": "[1.2024329  6.13183129 4.34691418 4.84969249 6.3106312  2.40923645]", "nit": "34"}, "23": {"maxiter": 1000, "gtol": 1e-10, "xrtol": 1e-10, "eps": 1e-10, "duration": 0.06994414329528809, "fun": "0.43559215990972744", "jac": "[ 1.11022293e-06  0.00000000e+00 -1.11022293e-06  2.22044587e-06\n  0.00000000e+00  1.11022293e-06]", "hess_inv": "[[ 2.06005553  0.67692157 -0.46575622 -0.54616343  0.2737362  -0.83710755]\n [ 0.67692157  6.2945156  -3.02760801 -2.3193488   2.65146978 -4.88126606]\n [-0.46575622 -3.02760801  1.65601039  1.40582387 -1.17843841  2.53057372]\n [-0.54616343 -2.3193488   1.40582387  1.56894439 -1.09914277  2.64579367]\n [ 0.2737362   2.65146978 -1.17843841 -1.09914277  1.47547284 -2.49463178]\n [-0.83710755 -4.88126606  2.53057372  2.64579367 -2.49463178  5.11365548]]", "nfev": "392", "njev": "56", "status": "2", "success": "False", "message": "Desired error not necessarily achieved due to precision loss.", "x": "[1.20243818 6.13183813 4.34691859 4.84970044 6.31063179 2.4092471 ]", "nit": "38"}}, "cobyla": {"0": {"maxiter": 100, "tol": 1e-05, "catol": 1e-05, "duration": 0.017034053802490234, "x": "[1.20326999 6.13312819 4.34254829 4.84940887 6.31219037 2.40782686]", "status": "2", "success": "False", "message": "Maximum number of function evaluations has been exceeded.", "nfev": "100", "fun": "0.4355939426492862", "maxcv": "0.0"}, "1": {"maxiter": 100, "tol": 1e-05, "catol": 1e-10, "duration": 0.01701498031616211, "x": "[1.20326999 6.13312819 4.34254829 4.84940887 6.31219037 2.40782686]", "status": "2", "success": "False", "message": "Maximum number of function evaluations has been exceeded.", "nfev": "100", "fun": "0.4355939426492862", "maxcv": "0.0"}, "2": {"maxiter": 100, "tol": 1e-10, "catol": 1e-05, "duration": 0.01698780059814453, "x": "[1.20326999 6.13312819 4.34254829 4.84940887 6.31219037 2.40782686]", "status": "2", "success": "False", "message": "Maximum number of function evaluations has been exceeded.", "nfev": "100", "fun": "0.4355939426492862", "maxcv": "0.0"}, "3": {"maxiter": 100, "tol": 1e-10, "catol": 1e-10, "duration": 0.01697516441345215, "x": "[1.20326999 6.13312819 4.34254829 4.84940887 6.31219037 2.40782686]", "status": "2", "success": "False", "message": "Maximum number of function evaluations has been exceeded.", "nfev": "100", "fun": "0.4355939426492862", "maxcv": "0.0"}, "4": {"maxiter": 500, "tol": 1e-05, "catol": 1e-05, "duration": 0.030590057373046875, "x": "[1.20243892 6.13183061 4.3469158  4.84969184 6.31062933 2.40924452]", "status": "1", "success": "True", "message": "Optimization terminated successfully.", "nfev": "180", "fun": "0.4355921599154794", "maxcv": "0.0"}, "5": {"maxiter": 500, "tol": 1e-05, "catol": 1e-10, "duration": 0.030572891235351562, "x": "[1.20243892 6.13183061 4.3469158  4.84969184 6.31062933 2.40924452]", "status": "1", "success": "True", "message": "Optimization terminated successfully.", "nfev": "180", "fun": "0.4355921599154794", "maxcv": "0.0"}, "6": {"maxiter": 500, "tol": 1e-10, "catol": 1e-05, "duration": 0.04592585563659668, "x": "[1.20243939 6.13183543 4.346919   4.84969412 6.31063355 2.40924415]", "status": "1", "success": "True", "message": "Optimization terminated successfully.", "nfev": "270", "fun": "0.43559215990324385", "maxcv": "0.0"}, "7": {"maxiter": 500, "tol": 1e-10, "catol": 1e-10, "duration": 0.04576301574707031, "x": "[1.20243939 6.13183543 4.346919   4.84969412 6.31063355 2.40924415]", "status": "1", "success": "True", "message": "Optimization terminated successfully.", "nfev": "270", "fun": "0.43559215990324385", "maxcv": "0.0"}, "8": {"maxiter": 1000, "tol": 1e-05, "catol": 1e-05, "duration": 0.030558109283447266, "x": "[1.20243892 6.13183061 4.3469158  4.84969184 6.31062933 2.40924452]", "status": "1", "success": "True", "message": "Optimization terminated successfully.", "nfev": "180", "fun": "0.4355921599154794", "maxcv": "0.0"}, "9": {"maxiter": 1000, "tol": 1e-05, "catol": 1e-10, "d