{"date": "2024/07/18/, 19:44:07", "conf_id": 44, "data_type": "random\n", "num_data_points": 3, "s_rank": 0, "unitary": "[[-0.24866696+0.58742286j,-0.44704345-0.43151574j,-0.35669027-0.20570733j,-0.10517633+0.1626036j],[0.10596805-0.19687975j,-0.30269685-0.15056416j,0.18246286+0.30440582j,-0.83484447-0.11310748j],[0.26054512-0.52548482j,0.0285017-0.50723956j,-0.43110112+0.17165838j,0.15243271+0.39915801j],[0.42978035+0.11991271j,-0.17224126-0.46030424j,0.6827807-0.15164662j,0.26483638+0.0061855j]]", "databatch_0": {"databatch": "[[[-0.1393162+0.03413388j,-0.13772406+0.18306573j,-0.18377067+0.13835163j,-0.12704325+0.31787317j],[0.0082628+0.11503832j,0.12653322+0.13386798j,0.08487721+0.16433613j,0.23483358+0.14358776j],[0.03445938+0.11570948j,0.15959886+0.10820978j,0.12391313+0.14877044j,0.2724881+0.09365366j],[0.19011152+0.00444647j,0.23953214-0.18672887j,0.28301999-0.1135872j,0.2724395-0.36296596j]],[[-0.01176478-0.3331863j,-0.13365541+0.21757595j,-0.46847825+0.31291035j,-0.40725554-0.307511j],[0.06059161+0.04879519j,-0.01798764-0.05680509j,0.0163104-0.13044499j,0.11644481-0.02491477j],[0.03042901+0.00090287j,-0.0190329-0.01346803j,-0.02573503-0.04454149j,0.03043367-0.03528566j],[0.16988802-0.01980235j,-0.11678779-0.05934194j,-0.17939119-0.22660889j,0.14039452-0.22097417j]],[[-0.05397573+0.01297339j,0.07636922-0.00654938j,0.01045779-0.0383462j,-0.08140622-0.06664992j],[0.05889974+0.01518449j,-0.07726862-0.03290938j,-0.02982671+0.03173337j,0.04452478+0.10633322j],[-0.11367525+0.3240471j,0.22219643-0.41887506j,-0.16420206-0.18300985j,-0.61952268+0.19945435j],[-0.09310342+0.09619782j,0.1469954-0.11207433j,-0.02829113-0.09158212j,-0.25189245-0.03042356j]]]", "initial param values": "[0.71762611,4.63395229,3.88561649,5.57717336,4.28275404,5.99356188]", "nelder_mead": {"type": "gradient-free", "0": {"maxiter": 100, "fatol": 1e-05, "xatol": 1e-05, "duration": 0.02589702606201172, "fun": "0.34012411587322255", "nit": "100", "nfev": "153", "status": "2", "success": "False", "message": "Maximum number of iterations has been exceeded.", "x": "[1.09407393 3.77199086 2.24303061 4.87364404 2.23043922 8.18789867]", "final_simplex": "(array([[1.09407393, 3.77199086, 2.24303061, 4.87364404, 2.23043922,\n        8.18789867],\n       [1.09298908, 3.78940857, 2.29712345, 4.91672455, 2.27680858,\n        8.06729509],\n       [1.07313813, 3.7951061 , 2.35004993, 4.90103447, 2.27798875,\n        8.15492245],\n       [1.07781305, 3.8626745 , 2.26322593, 4.94161116, 2.30258583,\n        8.18566925],\n       [1.07851973, 3.81214127, 2.29360735, 4.8629261 , 2.33930933,\n        8.1489703 ],\n       [1.07181304, 3.72538468, 2.36008762, 4.96995604, 2.31725747,\n        8.11120271],\n       [1.07577172, 3.83466172, 2.27319041, 4.93798969, 2.23551461,\n        8.16459578]]), array([0.34012412, 0.34084603, 0.3409109 , 0.34111762, 0.3411314 ,\n       0.34167054, 0.34172301]))"}, "1": {"maxiter": 100, "fatol": 1e-05, "xatol": 1e-10, "duration": 0.025707006454467773, "fun": "0.34012411587322255", "nit": "100", "nfev": "153", "status": "2", "success": "False", "message": "Maximum number of iterations has been exceeded.", "x": "[1.09407393 3.77199086 2.24303061 4.87364404 2.23043922 8.18789867]", "final_simplex": "(array([[1.09407393, 3.77199086, 2.24303061, 4.87364404, 2.23043922,\n        8.18789867],\n       [1.09298908, 3.78940857, 2.29712345, 4.91672455, 2.27680858,\n        8.06729509],\n       [1.07313813, 3.7951061 , 2.35004993, 4.90103447, 2.27798875,\n        8.15492245],\n       [1.07781305, 3.8626745 , 2.26322593, 4.94161116, 2.30258583,\n        8.18566925],\n       [1.07851973, 3.81214127, 2.29360735, 4.8629261 , 2.33930933,\n        8.1489703 ],\n       [1.07181304, 3.72538468, 2.36008762, 4.96995604, 2.31725747,\n        8.11120271],\n       [1.07577172, 3.83466172, 2.27319041, 4.93798969, 2.23551461,\n        8.16459578]]), array([0.34012412, 0.34084603, 0.3409109 , 0.34111762, 0.3411314 ,\n       0.34167054, 0.34172301]))"}, "2": {"maxiter": 100, "fatol": 1e-10, "xatol": 1e-05, "duration": 0.025668859481811523, "fun": "0.34012411587322255", "nit": "100", "nfev": "153", "status": "2", "success": "False", "message": "Maximum number of iterations has been exceeded.", "x": "[1.09407393 3.77199086 2.24303061 4.87364404 2.23043922 8.18789867]", "final_simplex": "(array([[1.09407393, 3.77199086, 2.24303061, 4.87364404, 2.23043922,\n        8.18789867],\n       [1.09298908, 3.78940857, 2.29712345, 4.91672455, 2.27680858,\n        8.06729509],\n       [1.07313813, 3.7951061 , 2.35004993, 4.90103447, 2.27798875,\n        8.15492245],\n       [1.07781305, 3.8626745 , 2.26322593, 4.94161116, 2.30258583,\n        8.18566925],\n       [1.07851973, 3.81214127, 2.29360735, 4.8629261 , 2.33930933,\n        8.1489703 ],\n       [1.07181304, 3.72538468, 2.36008762, 4.96995604, 2.31725747,\n        8.11120271],\n       [1.07577172, 3.83466172, 2.27319041, 4.93798969, 2.23551461,\n        8.16459578]]), array([0.34012412, 0.34084603, 0.3409109 , 0.34111762, 0.3411314 ,\n       0.34167054, 0.34172301]))"}, "3": {"maxiter": 100, "fatol": 1e-10, "xatol": 1e-10, "duration": 0.02576279640197754, "fun": "0.34012411587322255", "nit": "100", "nfev": "153", "status": "2", "success": "False", "message": "Maximum number of iterations has been exceeded.", "x": "[1.09407393 3.77199086 2.24303061 4.87364404 2.23043922 8.18789867]", "final_simplex": "(array([[1.09407393, 3.77199086, 2.24303061, 4.87364404, 2.23043922,\n        8.18789867],\n       [1.09298908, 3.78940857, 2.29712345, 4.91672455, 2.27680858,\n        8.06729509],\n       [1.07313813, 3.7951061 , 2.35004993, 4.90103447, 2.27798875,\n        8.15492245],\n       [1.07781305, 3.8626745 , 2.26322593, 4.94161116, 2.30258583,\n        8.18566925],\n       [1.07851973, 3.81214127, 2.29360735, 4.8629261 , 2.33930933,\n        8.1489703 ],\n       [1.07181304, 3.72538468, 2.36008762, 4.96995604, 2.31725747,\n        8.11120271],\n       [1.07577172, 3.83466172, 2.27319041, 4.93798969, 2.23551461,\n        8.16459578]]), array([0.34012412, 0.34084603, 0.3409109 , 0.34111762, 0.3411314 ,\n       0.34167054, 0.34172301]))"}, "4": {"maxiter": 500, "fatol": 1e-05, "xatol": 1e-05, "duration": 0.08426213264465332, "fun": "0.2867810947503563", "nit": "310", "nfev": "501", "status": "0", "success": "True", "message": "Optimization terminated successfully.", "x": "[1.89586548 3.55884065 2.71039158 5.44627676 2.14208458 8.14407329]", "final_simplex": "(array([[1.89586548, 3.55884065, 2.71039158, 5.44627676, 2.14208458,\n        8.14407329],\n       [1.89586335, 3.55883704, 2.71039217, 5.44627753, 2.14208862,\n        8.14406866],\n       [1.89586551, 3.55884653, 2.71039348, 5.44627608, 2.14209079,\n        8.14407286],\n       [1.89586117, 3.55884073, 2.71038815, 5.44627705, 2.14209106,\n        8.14407112],\n       [1.89586414, 3.55884247, 2.71038333, 5.44627023, 2.14209303,\n        8.14407485],\n       [1.89585883, 3.55884538, 2.71038968, 5.44626992, 2.14208323,\n        8.1440814 ],\n       [1.89586944, 3.55883569, 2.71039058, 5.44627991, 2.14208415,\n        8.14407389]]), array([0.28678109, 0.28678109, 0.28678109, 0.28678109, 0.28678109,\n       0.28678109, 0.28678109]))"}, "5": {"maxiter": 500, "fatol": 1e-05, "xatol": 1e-10, "duration": 0.12279391288757324, "fun": "0.28678109474727764", "nit": "413", "nfev": "733", "status": "0", "success": "True", "message": "Optimization terminated successfully.", "x": "[1.89586473 3.55884124 2.71039167 5.44627366 2.14208792 8.14407367]", "final_simplex": "(array([[1.89586473, 3.55884124, 2.71039167, 5.44627366, 2.14208792,\n        8.14407367],\n       [1.89586473, 3.55884124, 2.71039167, 5.44627366, 2.14208792,\n        8.14407367],\n       [1.89586473, 3.55884124, 2.71039167, 5.44627366, 2.14208792,\n        8.14407367],\n       [1.89586473, 3.55884124, 2.71039167, 5.44627366, 2.14208792,\n        8.14407367],\n       [1.89586473, 3.55884124, 2.71039167, 5.44627366, 2.14208792,\n        8.14407367],\n       [1.89586473, 3.55884124, 2.71039167, 5.44627366, 2.14208792,\n        8.14407367],\n       [1.89586473, 3.55884124, 2.71039167, 5.44627366, 2.14208792,\n        8.14407367]]), array([0.28678109, 0.28678109, 0.28678109, 0.28678109, 0.28678109,\n       0.28678109, 0.28678109]))"}, "6": {"maxiter": 500, "fatol": 1e-10, "xatol": 1e-05, "duration": 0.0842130184173584, "fun": "0.2867810947503563", "nit": "310", "nfev": "501", "status": "0", "success": "True", "message": "Optimization terminated successfully.", "x": "[1.89586548 3.55884065 2.71039158 5.44627676 2.14208458 8.14407329]", "final_simplex": "(array([[1.89586548, 3.55884065, 2.71039158, 5.44627676, 2.14208458,\n        8.14407329],\n       [1.89586335, 3.55883704, 2.71039217, 5.44627753, 2.14208862,\n        8.14406866],\n       [1.89586551, 3.55884653, 2.71039348, 5.44627608, 2.14209079,\n        8.14407286],\n       [1.89586117, 3.55884073, 2.71038815, 5.44627705, 2.14209106,\n        8.14407112],\n       [1.89586414, 3.55884247, 2.71038333, 5.44627023, 2.14209303,\n        8.14407485],\n       [1.89585883, 3.55884538, 2.71038968, 5.44626992, 2.14208323,\n        8.1440814 ],\n       [1.89586944, 3.55883569, 2.71039058, 5.44627991, 2.14208415,\n        8.14407389]]), array([0.28678109, 0.28678109, 0.28678109, 0.28678109, 0.28678109,\n       0.28678109, 0.28678109]))"}, "7": {"maxiter": 500, "fatol": 1e-10, "xatol": 1e-10, "duration": 0.12284493446350098, "fun": "0.28678109474727764", "nit": "413", "nfev": "733", "status": "0", "success": "True", "message": "Optimization terminated successfully.", "x": "[1.89586473 3.55884124 2.71039167 5.44627366 2.14208792 8.14407367]", "final_simplex": "(array([[1.89586473, 3.55884124, 2.71039167, 5.44627366, 2.14208792,\n        8.14407367],\n       [1.89586473, 3.55884124, 2.71039167, 5.44627366, 2.14208792,\n        8.14407367],\n       [1.89586473, 3.55884124, 2.71039167, 5.44627366, 2.14208792,\n        8.14407367],\n       [1.89586473, 3.55884124, 2.71039167, 5.44627366, 2.14208792,\n        8.14407367],\n       [1.89586473, 3.55884124, 2.71039167, 5.44627366, 2.14208792,\n        8.14407367],\n       [1.89586473, 3.55884124, 2.71039167, 5.44627366, 2.14208792,\n        8.14407367],\n       [1.89586473, 3.55884124, 2.71039167, 5.44627366, 2.14208792,\n        8.14407367]]), array([0.28678109, 0.28678109, 0.28678109, 0.28678109, 0.28678109,\n       0.28678109, 0.28678109]))"}, "8": {"maxiter": 1000, "fatol": 1e-05, "xatol": 1e-05, "duration": 0.08695101737976074, "fun": "0.2867810947503563", "nit": "310", "nfev": "501", "status": "0", "success": "True", "message": "Optimization terminated successfully.", "x": "[1.89586548 3.55884065 2.71039158 5.44627676 2.14208458 8.14407329]", "final_simplex": "(array([[1.89586548, 3.55884065, 2.71039158, 5.44627676, 2.14208458,\n        8.14407329],\n       [1.89586335, 3.55883704, 2.71039217, 5.44627753, 2.14208862,\n        8.14406866],\n       [1.89586551, 3.55884653, 2.71039348, 5.44627608, 2.14209079,\n        8.14407286],\n       [1.89586117, 3.55884073, 2.71038815, 5.44627705, 2.14209106,\n        8.14407112],\n       [1.89586414, 3.55884247, 2.71038333, 5.44627023, 2.14209303,\n        8.14407485],\n       [1.89585883, 3.55884538, 2.71038968, 5.44626992, 2.14208323,\n        8.1440814 ],\n       [1.89586944, 3.55883569, 2.71039058, 5.44627991, 2.14208415,\n        8.14407389]]), array([0.28678109, 0.28678109, 0.28678109, 0.28678109, 0.28678109,\n       0.28678109, 0.28678109]))"}, "9": {"maxiter": 1000, "fatol": 1e-05, "xatol": 1e-10, "duration": 0.12304210662841797, "fun": "0.28678109474727764", "nit": "413", "nfev": "733", "status": "0", "success": "True", "message": "Optimization terminated successfully.", "x": "[1.89586473 3.55884124 2.71039167 5.44627366 2.14208792 8.14407367]", "final_simplex": "(array([[1.89586473, 3.55884124, 2.71039167, 5.44627366, 2.14208792,\n        8.14407367],\n       [1.89586473, 3.55884124, 2.71039167, 5.44627366, 2.14208792,\n        8.14407367],\n       [1.89586473, 3.55884124, 2.71039167, 5.44627366, 2.14208792,\n        8.14407367],\n       [1.89586473, 3.55884124, 2.71039167, 5.44627366, 2.14208792,\n        8.14407367],\n       [1.89586473, 3.55884124, 2.71039167, 5.44627366, 2.14208792,\n        8.14407367],\n       [1.89586473, 3.55884124, 2.71039167, 5.44627366, 2.14208792,\n        8.14407367],\n       [1.89586473, 3.55884124, 2.71039167, 5.44627366, 2.14208792,\n        8.14407367]]), array([0.28678109, 0.28678109, 0.28678109, 0.28678109, 0.28678109,\n       0.28678109, 0.28678109]))"}, "10": {"maxiter": 1000, "fatol": 1e-10, "xatol": 1e-05, "duration": 0.084442138671875, "fun": "0.2867810947503563", "nit": "310", "nfev": "501", "status": "0", "success": "True", "message": "Optimization terminated successfully.", "x": "[1.89586548 3.55884065 2.71039158 5.44627676 2.14208458 8.14407329]", "final_simplex": "(array([[1.89586548, 3.55884065, 2.71039158, 5.44627676, 2.14208458,\n        8.14407329],\n       [1.89586335, 3.55883704, 2.71039217, 5.44627753, 2.14208862,\n        8.14406866],\n       [1.89586551, 3.55884653, 2.71039348, 5.44627608, 2.14209079,\n        8.14407286],\n       [1.89586117, 3.55884073, 2.71038815, 5.44627705, 2.14209106,\n        8.14407112],\n       [1.89586414, 3.55884247, 2.71038333, 5.44627023, 2.14209303,\n        8.14407485],\n       [1.89585883, 3.55884538, 2.71038968, 5.44626992, 2.14208323,\n        8.1440814 ],\n       [1.89586944, 3.55883569, 2.71039058, 5.44627991, 2.14208415,\n        8.14407389]]), array([0.28678109, 0.28678109, 0.28678109, 0.28678109, 0.28678109,\n       0.28678109, 0.28678109]))"}, "11": {"maxiter": 1000, "fatol": 1e-10, "xatol": 1e-10, "duration": 0.12311291694641113, "fun": "0.28678109474727764", "nit": "413", "nfev": "733", "status": "0", "success": "True", "message": "Optimization terminated successfully.", "x": "[1.89586473 3.55884124 2.71039167 5.44627366 2.14208792 8.14407367]", "final_simplex": "(array([[1.89586473, 3.55884124, 2.71039167, 5.44627366, 2.14208792,\n        8.14407367],\n       [1.89586473, 3.55884124, 2.71039167, 5.44627366, 2.14208792,\n        8.14407367],\n       [1.89586473, 3.55884124, 2.71039167, 5.44627366, 2.14208792,\n        8.14407367],\n       [1.89586473, 3.55884124, 2.71039167, 5.44627366, 2.14208792,\n        8.14407367],\n       [1.89586473, 3.55884124, 2.71039167, 5.44627366, 2.14208792,\n        8.14407367],\n       [1.89586473, 3.55884124, 2.71039167, 5.44627366, 2.14208792,\n        8.14407367],\n       [1.89586473, 3.55884124, 2.71039167, 5.44627366, 2.14208792,\n        8.14407367]]), array([0.28678109, 0.28678109, 0.28678109, 0.28678109, 0.28678109,\n       0.28678109, 0.28678109]))"}}, "bfgs": {"type": "gradient", "0": {"maxiter": 100, "gtol": 1e-05, "xrtol": 1e-05, "eps": 1e-05, "duration": 0.04697442054748535, "fun": "0.28678109477151004", "jac": "[ 1.24775745e-06 -3.25417471e-07 -2.89834823e-07  6.61182220e-07\n -3.10584891e-07 -8.00493005e-07]", "hess_inv": "[[ 6.0101911  -1.05490602  1.55446024 -2.89178459 -1.79172738  0.6287694 ]\n [-1.05490602  3.35451652  0.43414031  0.82490698  0.61058924  0.22125631]\n [ 1.55446024  0.43414031  6.26830907 -2.82684082 -1.16827297 -1.47124223]\n [-2.89178459  0.82490698 -2.82684082  6.24307101  0.46621778  1.20603143]\n [-1.79172738  0.61058924 -1.16827297  0.46621778  6.79983191 -4.31834386]\n [ 0.6287694   0.22125631 -1.47124223  1.20603143 -4.31834386  7.00673149]]", "nfev": "273", "njev": "39", "status": "0", "success": "True", "message": "Optimization terminated successfully.", "x": "[1.89586739 3.55883127 2.7103882  7.12009182 5.28367996 5.00247238]", "nit": "27"}, "1": {"maxiter": 100, "gtol": 1e-05, "xrtol": 1e-05, "eps": 1e-10, "duration": 0.04669809341430664, "fun": "0.2867810948109675", "jac": "[ 3.33066880e-06  0.00000000e+00 -1.11022293e-06  0.00000000e+00\n -1.11022293e-06 -4.44089173e-06]", "hess_inv": "[[ 5.96398452 -1.0351988   1.56611551 -2.8208074  -1.8331427   0.68733482]\n [-1.0351988   3.40045221  0.45774325  0.81956743  0.62828188  0.25739867]\n [ 1.56611551  0.45774325  6.28596615 -2.83137456 -1.15914574 -1.45312496]\n [-2.8208074   0.81956743 -2.83137456  6.14474194  0.53395308  1.13945888]\n [-1.8331427   0.62828188 -1.15914574  0.53395308  6.75153199 -4.25948501]\n [ 0.68733482  0.25739867 -1.45312496  1.13945888 -4.25948501  6.99511847]]", "nfev": "273", "njev": "39", "status": "0", "success": "True", "message": "Optimization terminated successfully.", "x": "[1.89586487 3.55883011 2.71038384 7.1200914  5.28368646 5.00246039]", "nit": "27"}, "2": {"maxiter": 100, "gtol": 1e-05, "xrtol": 1e-10, "eps": 1e-05, "duration": 0.046549081802368164, "fun": "0.28678109477151004", "jac": "[ 1.24775745e-06 -3.25417471e-07 -2.89834823e-07  6.61182220e-07\n -3.10584891e-07 -8.00493005e-07]", "hess_inv": "[[ 6.0101911  -1.05490602  1.55446024 -2.89178459 -1.79172738  0.6287694 ]\n [-1.05490602  3.35451652  0.43414031  0.82490698  0.61058924  0.22125631]\n [ 1.55446024  0.43414031  6.26830907 -2.82684082 -1.16827297 -1.47124223]\n [-2.89178459  0.82490698 -2.82684082  6.24307101  0.46621778  1.20603143]\n [-1.79172738  0.61058924 -1.16827297  0.46621778  6.79983191 -4.31834386]\n [ 0.6287694   0.22125631 -1.47124223  1.20603143 -4.31834386  7.00673149]]", "nfev": "273", "njev": "39", "status": "0", "success": "True", "message": "Optimization terminated successfully.", "x": "[1.89586739 3.55883127 2.7103882  7.12009182 5.28367996 5.00247238]", "nit": "27"}, "3": {"maxiter": 100, "gtol": 1e-05, "xrtol": 1e-10, "eps": 1e-10, "duration": 0.04658222198486328, "fun": "0.2867810948109675", "jac": "[ 3.33066880e-06  0.00000000e+00 -1.11022293e-06  0.00000000e+00\n -1.11022293e-06 -4.44089173e-06]", "hess_inv": "[[ 5.96398452 -1.0351988   1.56611551 -2.8208074  -1.8331427   0.68733482]\n [-1.0351988   3.40045221  0.45774325  0.81956743  0.62828188  0.25739867]\n [ 1.56611551  0.45774325  6.28596615 -2.83137456 -1.15914574 -1.45312496]\n [-2.8208074   0.81956743 -2.83137456  6.14474194  0.53395308  1.13945888]\n [-1.8331427   0.62828188 -1.15914574  0.53395308  6.75153199 -4.25948501]\n [ 0.68733482  0.25739867 -1.45312496  1.13945888 -4.25948501  6.99511847]]", "nfev": "273", "njev": "39", "status": "0", "success": "True", "message": "Optimization terminated successfully.", "x": "[1.89586487 3.55883011 2.71038384 7.1200914  5.28368646 5.00246039]", "nit": "27"}, "4": {"maxiter": 100, "gtol": 1e-10, "xrtol": 1e-05, "eps": 1e-05, "duration": 0.046546220779418945, "fun": "0.28678109477151004", "jac": "[ 1.24775745e-06 -3.25417471e-07 -2.89834823e-07  6.61182220e-07\n -3.10584891e-07 -8.00493005e-07]", "hess_inv": "[[ 6.0101911  -1.05490602  1.55446024 -2.89178459 -1.79172738  0.6287694 ]\n [-1.05490602  3.35451652  0.43414031  0.82490698  0.61058924  0.22125631]\n [ 1.55446024  0.43414031  6.26830907 -2.82684082 -1.16827297 -1.47124223]\n [-2.89178459  0.82490698 -2.82684082  6.24307101  0.46621778  1.20603143]\n [-1.79172738  0.61058924 -1.16827297  0.46621778  6.79983191 -4.31834386]\n [ 0.6287694   0.22125631 -1.47124223  1.20603143 -4.31834386  7.00673149]]", "nfev": "273", "njev": "39", "status": "0", "success": "True", "message": "Optimization terminated successfully.", "x": "[1.89586739 3.55883127 2.7103882  7.12009182 5.28367996 5.00247238]", "nit": "27"}, "5": {"maxiter": 100, "gtol": 1e-10, "xrtol": 1e-05, "eps": 1e-10, "duration": 0.047715187072753906, "fun": "0.2867810948109675", "jac": "[ 3.33066880e-06  0.00000000e+00 -1.11022293e-06  0.00000000e+00\n -1.11022293e-06 -4.44089173e-06]", "hess_inv": "[[ 5.96398452 -1.0351988   1.56611551 -2.8208074  -1.8331427   0.68733482]\n [-1.0351988   3.40045221  0.45774325  0.81956743  0.62828188  0.25739867]\n [ 1.56611551  0.45774325  6.28596615 -2.83137456 -1.15914574 -1.45312496]\n [-2.8208074   0.81956743 -2.83137456  6.14474194  0.53395308  1.13945888]\n [-1.8331427   0.62828188 -1.15914574  0.53395308  6.75153199 -4.25948501]\n [ 0.68733482  0.25739867 -1.45312496  1.13945888 -4.25948501  6.99511847]]", "nfev": "273", "njev": "39", "status": "0", "success": "True", "message": "Optimization terminated successfully.", "x": "[1.89586487 3.55883011 2.71038384 7.1200914  5.28368646 5.00246039]", "nit": "27"}, "6": {"maxiter": 100, "gtol": 1e-10, "xrtol": 1e-10, "eps": 1e-05, "duration": 0.09181523323059082, "fun": "0.2867810947649089", "jac": "[ 6.55031585e-10 -8.19344592e-09  1.72195591e-08  1.13131726e-08\n  1.00364161e-08  3.70814490e-09]", "hess_inv": "[[ 5.58026414 -0.78843336  1.6691763  -3.09422714 -1.59222422  0.15660889]\n [-0.78843336  3.19363648  0.35620827  0.92113381  0.48601761  0.42117431]\n [ 1.6691763   0.35620827  6.44254471 -2.7820594  -1.08278108 -1.75466615]\n [-3.09422714  0.92113381 -2.7820594   6.22786718  0.51842559  1.21055834]\n [-1.59222422  0.48601761 -1.08278108  0.51842559  6.80406595 -4.50908365]\n [ 0.15660889  0.42117431 -1.75466615  1.21055834 -4.50908365  7.7286823 ]]", "nfev": "523", "njev": "73", "status": "2", "success": "False", "message": "Desired error not necessarily achieved due to precision loss.", "x": "[1.89586229 3.55883331 2.71038809 7.12009213 5.28367989 5.00247583]", "nit": "29"}, "7": {"maxiter": 100, "gtol": 1e-10, "xrtol": 1e-10, "eps": 1e-10, "duration": 0.07381510734558105, "fun": "0.2867810947569378", "jac": "[0.00000000e+00 0.00000000e+00 0.00000000e+00 0.00000000e+00\n 0.00000000e+00 1.11022293e-06]", "hess_inv": "[[  3.40616527   1.84561253  -2.03137719  -5.48984602   3.39460796\n    6.69863534]\n [  1.84561253   5.8245829   -0.52915881  -8.43873502   4.3640905\n   11.24850899]\n [ -2.03137719  -0.52915881   2.57342964   2.10824322  -1.67848014\n   -2.304682  ]\n [ -5.48984602  -8.43873502   2.10824322  15.60296938  -8.46224579\n  -19.75142776]\n [  3.39460796   4.3640905   -1.67848014  -8.46224579   4.96071317\n   10.91367879]\n [  6.69863534  11.24850899  -2.304682   -19.75142776  10.91367879\n   26.04348665]]", "nfev": "406", "njev": "58", "status": "0", "success": "True", "message": "Optimization terminated successfully.", "x": "[1.89586395 3.55883621 2.71038461 7.12009671 5.28367595 5.00248702]", "nit": "35"}, "8": {"maxiter": 500, "gtol": 1e-05, "xrtol": 1e-05, "eps": 1e-05, "duration": 0.049543142318725586, "fun": "0.28678109477151004", "jac": "[ 1.24775745e-06 -3.25417471e-07 -2.89834823e-07  6.61182220e-07\n -3.10584891e-07 -8.00493005e-07]", "hess_inv": "[[ 6.0101911  -1.05490602  1.55446024 -2.89178459 -1.79172738  0.6287694 ]\n [-1.05490602  3.35451652  0.43414031  0.82490698  0.61058924  0.22125631]\n [ 1.55446024  0.43414031  6.26830907 -2.82684082 -1.16827297 -1.47124223]\n [-2.89178459  0.82490698 -2.82684082  6.24307101  0.46621778  1.20603143]\n [-1.79172738  0.61058924 -1.16827297  0.46621778  6.79983191 -4.31834386]\n [ 0.6287694   0.22125631 -1.47124223  1.20603143 -4.31834386  7.00673149]]", "nfev": "273", "njev": "39", "status": "0", "success": "True", "message": "Optimization terminated successfully.", "x": "[1.89586739 3.55883127 2.7103882  7.12009182 5.28367996 5.00247238]", "nit": "27"}, "9": {"maxiter": 500, "gtol": 1e-05, "xrtol": 1e-05, "eps": 1e-10, "duration": 0.049675703048706055, "fun": "0.2867810948109675", "jac": "[ 3.33066880e-06  0.00000000e+00 -1.11022293e-06  0.00000000e+00\n -1.11022293e-06 -4.44089173e-06]", "hess_inv": "[[ 5.96398452 -1.0351988   1.56611551 -2.8208074  -1.8331427   0.68733482]\n [-1.0351988   3.40045221  0.45774325  0.81956743  0.62828188  0.25739867]\n [ 1.56611551  0.45774325  6.28596615 -2.83137456 -1.15914574 -1.45312496]\n [-2.8208074   0.81956743 -2.83137456  6.14474194  0.53395308  1.13945888]\n [-1.8331427   0.62828188 -1.15914574  0.53395308  6.75153199 -4.25948501]\n [ 0.68733482  0.25739867 -1.45312496  1.13945888 -4.25948501  6.99511847]]", "nfev": "273", "njev": "39", "status": "0", "success": "True", "message": "Optimization terminated successfully.", "x": "[1.89586487 3.55883011 2.71038384 7.1200914  5.28368646 5.00246039]", "nit": "27"}, "10": {"maxiter": 500, "gtol": 1e-05, "xrtol": 1e-10, "eps": 1e-05, "duration": 0.04929518699645996, "fun": "0.28678109477151004", "jac": "[ 1.24775745e-06 -3.25417471e-07 -2.89834823e-07  6.61182220e-07\n -3.10584891e-07 -8.00493005e-07]", "hess_inv": "[[ 6.0101911  -1.05490602  1.55446024 -2.89178459 -1.79172738  0.6287694 ]\n [-1.05490602  3.35451652  0.43414031  0.82490698  0.61058924  0.22125631]\n [ 1.55446024  0.43414031  6.26830907 -2.82684082 -1.16827297 -1.47124223]\n [-2.89178459  0.82490698 -2.82684082  6.24307101  0.46621778  1.20603143]\n [-1.79172738  0.61058924 -1.16827297  0.46621778  6.79983191 -4.31834386]\n [ 0.6287694   0.22125631 -1.47124223  1.20603143 -4.31834386  7.00673149]]", "nfev": "273", "njev": "39", "status": "0", "success": "True", "message": "Optimization terminated successfully.", "x": "[1.89586739 3.55883127 2.7103882  7.12009182 5.28367996 5.00247238]", "nit": "27"}, "11": {"maxiter": 500, "gtol": 1e-05, "xrtol": 1e-10, "eps": 1e-10, "duration": 0.0494692325592041, "fun": "0.2867810948109675", "jac": "[ 3.33066880e-06  0.00000000e+00 -1.11022293e-06  0.00000000e+00\n -1.11022293e-06 -4.44089173e-06]", "hess_inv": "[[ 5.96398452 -1.0351988   1.56611551 -2.8208074  -1.8331427   0.68733482]\n [-1.0351988   3.40045221  0.45774325  0.81956743  0.62828188  0.25739867]\n [ 1.56611551  0.45774325  6.28596615 -2.83137456 -1.15914574 -1.45312496]\n [-2.8208074   0.81956743 -2.83137456  6.14474194  0.53395308  1.13945888]\n [-1.8331427   0.62828188 -1.15914574  0.53395308  6.75153199 -4.25948501]\n [ 0.68733482  0.25739867 -1.45312496  1.13945888 -4.25948501  6.99511847]]", "nfev": "273", "njev": "39", "status": "0", "success": "True", "message": "Optimization terminated successfully.", "x": "[1.89586487 3.55883011 2.71038384 7.1200914  5.28368646 5.00246039]", "nit": "27"}, "12": {"maxiter": 500, "gtol": 1e-10, "xrtol": 1e-05, "eps": 1e-05, "duration": 0.04925107955932617, "fun": "0.28678109477151004", "jac": "[ 1.24775745e-06 -3.25417471e-07 -2.89834823e-07  6.61182220e-07\n -3.10584891e-07 -8.00493005e-07]", "hess_inv": "[[ 6.0101911  -1.05490602  1.55446024 -2.89178459 -1.79172738  0.6287694 ]\n [-1.05490602  3.35451652  0.43414031  0.82490698  0.61058924  0.22125631]\n [ 1.55446024  0.43414031  6.26830907 -2.82684082 -1.16827297 -1.47124223]\n [-2.89178459  0.82490698 -2.82684082  6.24307101  0.46621778  1.20603143]\n [-1.79172738  0.61058924 -1.16827297  0.46621778  6.79983191 -4.31834386]\n [ 0.6287694   0.22125631 -1.47124223  1.20603143 -4.31834386  7.00673149]]", "nfev": "273", "njev": "39", "status": "0", "success": "True", "message": "Optimization terminated successfully.", "x": "[1.89586739 3.55883127 2.7103882  7.12009182 5.28367996 5.00247238]", "nit": "27"}, "13": {"maxiter": 500, "gtol": 1e-10, "xrtol": 1e-05, "eps": 1e-10, "duration": 0.049223899841308594, "fun": "0.2867810948109675", "jac": "[ 3.33066880e-06  0.00000000e+00 -1.11022293e-06  0.00000000e+00\n -1.11022293e-06 -4.44089173e-06]", "hess_inv": "[[ 5.96398452 -1.0351988   1.56611551 -2.8208074  -1.8331427   0.68733482]\n [-1.0351988   3.40045221  0.45774325  0.81956743  0.62828188  0.25739867]\n [ 1.56611551  0.45774325  6.28596615 -2.83137456 -1.15914574 -1.45312496]\n [-2.8208074   0.81956743 -2.83137456  6.14474194  0.53395308  1.13945888]\n [-1.8331427   0.62828188 -1.15914574  0.53395308  6.75153199 -4.25948501]\n [ 0.68733482  0.25739867 -1.45312496  1.13945888 -4.25948501  6.99511847]]", "nfev": "273", "njev": "39", "status": "0", "success": "True", "message": "Optimization terminated successfully.", "x": "[1.89586487 3.55883011 2.71038384 7.1200914  5.28368646 5.00246039]", "nit": "27"}, "14": {"maxiter": 500, "gtol": 1e-10, "xrtol": 1e-10, "eps": 1e-05, "duration": 0.09228301048278809, "fun": "0.2867810947649089", "jac": "[ 6.55031585e-10 -8.19344592e-09  1.72195591e-08  1.13131726e-08\n  1.00364161e-08  3.70814490e-09]", "hess_inv": "[[ 5.58026414 -0.78843336  1.6691763  -3.09422714 -1.59222422  0.15660889]\n [-0.78843336  3.19363648  0.35620827  0.92113381  0.48601761  0.42117431]\n [ 1.6691763   0.35620827  6.44254471 -2.7820594  -1.08278108 -1.75466615]\n [-3.09422714  0.92113381 -2.7820594   6.22786718  0.51842559  1.21055834]\n [-1.59222422  0.48601761 -1.08278108  0.51842559  6.80406595 -4.50908365]\n [ 0.15660889  0.42117431 -1.75466615  1.21055834 -4.50908365  7.7286823 ]]", "nfev": "523", "njev": "73", "status": "2", "success": "False", "message": "Desired error not necessarily achieved due to precision loss.", "x": "[1.89586229 3.55883331 2.71038809 7.12009213 5.28367989 5.00247583]", "nit": "29"}, "15": {"maxiter": 500, "gtol": 1e-10, "xrtol": 1e-10, "eps": 1e-10, "duration": 0.07059931755065918, "fun": "0.2867810947569378", "jac": "[0.00000000e+00 0.00000000e+00 0.00000000e+00 0.00000000e+00\n 0.00000000e+00 1.11022293e-06]", "hess_inv": "[[  3.40616527   1.84561253  -2.03137719  -5.48984602   3.39460796\n    6.69863534]\n [  1.84561253   5.8245829   -0.52915881  -8.43873502   4.3640905\n   11.24850899]\n [ -2.03137719  -0.52915881   2.57342964   2.10824322  -1.67848014\n   -2.304682  ]\n [ -5.48984602  -8.43873502   2.10824322  15.60296938  -8.46224579\n  -19.75142776]\n [  3.39460796   4.3640905   -1.67848014  -8.46224579   4.96071317\n   10.91367879]\n [  6.69863534  11.24850899  -2.304682   -19.75142776  10.91367879\n   26.04348665]]", "nfev": "406", "njev": "58", "status": "0", "success": "True", "message": "Optimization terminated successfully.", "x": "[1.89586395 3.55883621 2.71038461 7.12009671 5.28367595 5.00248702]", "nit": "35"}, "16": {"maxiter": 1000, "gtol": 1e-05, "xrtol": 1e-05, "eps": 1e-05, "duration": 0.04771685600280762, "fun": "0.28678109477151004", "jac": "[ 1.24775745e-06 -3.25417471e-07 -2.89834823e-07  6.61182220e-07\n -3.10584891e-07 -8.00493005e-07]", "hess_inv": "[[ 6.0101911  -1.05490602  1.55446024 -2.89178459 -1.79172738  0.6287694 ]\n [-1.05490602  3.35451652  0.43414031  0.82490698  0.61058924  0.22125631]\n [ 1.55446024  0.43414031  6.26830907 -2.82684082 -1.16827297 -1.47124223]\n [-2.89178459  0.82490698 -2.82684082  6.24307101  0.46621778  1.20603143]\n [-1.79172738  0.61058924 -1.16827297  0.46621778  6.79983191 -4.31834386]\n [ 0.6287694   0.22125631 -1.47124223  1.20603143 -4.31834386  7.00673149]]", "nfev": "273", "njev": "39", "status": "0", "success": "True", "message": "Optimization terminated successfully.", "x": "[1.89586739 3.55883127 2.7103882  7.12009182 5.28367996 5.00247238]", "nit": "27"}, "17": {"maxiter": 1000, "gtol": 1e-05, "xrtol": 1e-05, "eps": 1e-10, "duration": 0.04795527458190918, "fun": "0.2867810948109675", "jac": "[ 3.33066880e-06  0.00000000e+00 -1.11022293e-06  0.00000000e+00\n -1.11022293e-06 -4.44089173e-06]", "hess_inv": "[[ 5.96398452 -1.0351988   1.56611551 -2.8208074  -1.8331427   0.68733482]\n [-1.0351988   3.40045221  0.45774325  0.81956743  0.62828188  0.25739867]\n [ 1.56611551  0.45774325  6.28596615 -2.83137456 -1.15914574 -1.45312496]\n [-2.8208074   0.81956743 -2.83137456  6.14474194  0.53395308  1.13945888]\n [-1.8331427   0.62828188 -1.15914574  0.53395308  6.75153199 -4.25948501]\n [ 0.68733482  0.25739867 -1.45312496  1.13945888 -4.25948501  6.99511847]]", "nfev": "273", "njev": "39", "status": "0", "success": "True", "message": "Optimization terminated successfully.", "x": "[1.89586487 3.55883011 2.71038384 7.1200914  5.28368646 5.00246039]", "nit": "27"}, "18": {"maxiter": 1000, "gtol": 1e-05, "xrtol": 1e-10, "eps": 1e-05, "duration": 0.048020124435424805, "fun": "0.28678109477151004", "jac": "[ 1.24775745e-06 -3.25417471e-07 -2.89834823e-07  6.61182220e-07\n -3.10584891e-07 -8.00493005e-07]", "hess_inv": "[[ 6.0101911  -1.05490602  1.55446024 -2.89178459 -1.79172738  0.6287694 ]\n [-1.05490602  3.35451652  0.43414031  0.82490698  0.61058924  0.22125631]\n [ 1.55446024  0.43414031  6.26830907 -2.82684082 -1.16827297 -1.47124223]\n [-2.89178459  0.82490698 -2.82684082  6.24307101  0.46621778  1.20603143]\n [-1.79172738  0.61058924 -1.16827297  0.46621778  6.79983191 -4.31834386]\n [ 0.6287694   0.22125631 -1.47124223  1.20603143 -4.31834386  7.00673149]]", "nfev": "273", "njev": "39", "status": "0", "success": "True", "message": "Optimization terminated successfully.", "x": "[1.89586739 3.55883127 2.7103882  7.12009182 5.28367996 5.00247238]", "nit": "27"}, "19": {"maxiter": 1000, "gtol": 1e-05, "xrtol": 1e-10, "eps": 1e-10, "duration": 0.04803919792175293, "fun": "0.2867810948109675", "jac": "[ 3.33066880e-06  0.00000000e+00 -1.11022293e-06  0.00000000e+00\n -1.11022293e-06 -4.44089173e-06]", "hess_inv": "[[ 5.96398452 -1.0351988   1.56611551 -2.8208074  -1.8331427   0.68733482]\n [-1.0351988   3.40045221  0.45774325  0.81956743  0.62828188  0.25739867]\n [ 1.56611551  0.45774325  6.28596615 -2.83137456 -1.15914574 -1.45312496]\n [-2.8208074   0.81956743 -2.83137456  6.14474194  0.53395308  1.13945888]\n [-1.8331427   0.62828188 -1.15914574  0.53395308  6.75153199 -4.25948501]\n [ 0.68733482  0.25739867 -1.45312496  1.13945888 -4.25948501  6.99511847]]", "nfev": "273", "njev": "39", "status": "0", "success": "True", "message": "Optimization terminated successfully.", "x": "[1.89586487 3.55883011 2.71038384 7.1200914  5.28368646 5.00246039]", "nit": "27"}, "20": {"maxiter": 1000, "gtol": 1e-10, "xrtol": 1e-05, "eps": 1e-05, "duration": 0.04813265800476074, "fun": "0.28678109477151004", "jac": "[ 1.24775745e-06 -3.25417471e-07 -2.89834823e-07  6.61182220e-07\n -3.10584891e-07 -8.00493005e-07]", "hess_inv": "[[ 6.0101911  -1.05490602  1.55446024 -2.89178459 -1.79172738  0.6287694 ]\n [-1.05490602  3.35451652  0.43414031  0.82490698  0.61058924  0.22125631]\n [ 1.55446024  0.43414031  6.26830907 -2.82684082 -1.16827297 -1.47124223]\n [-2.89178459  0.82490698 -2.82684082  6.24307101  0.46621778  1.20603143]\n [-1.79172738  0.61058924 -1.16827297  0.46621778  6.79983191 -4.31834386]\n [ 0.6287694   0.22125631 -1.47124223  1.20603143 -4.31834386  7.00673149]]", "nfev": "273", "njev": "39", "status": "0", "success": "True", "message": "Optimization terminated successfully.", "x": "[1.89586739 3.55883127 2.7103882  7.12009182 5.28367996 5.00247238]", "nit": "27"}, "21": {"maxiter": 1000, "gtol": 1e-10, "xrtol": 1e-05, "eps": 1e-10, "duration": 0.04820370674133301, "fun": "0.2867810948109675", "jac": "[ 3.33066880e-06  0.00000000e+00 -1.11022293e-06  0.00000000e+00\n -1.11022293e-06 -4.44089173e-06]", "hess_inv": "[[ 5.96398452 -1.0351988   1.56611551 -2.8208074  -1.8331427   0.68733482]\n [-1.0351988   3.40045221  0.45774325  0.81956743  0.62828188  0.25739867]\n [ 1.56611551  0.45774325  6.28596615 -2.83137456 -1.15914574 -1.45312496]\n [-2.8208074   0.81956743 -2.83137456  6.14474194  0.53395308  1.13945888]\n [-1.8331427   0.62828188 -1.15914574  0.53395308  6.75153199 -4.25948501]\n [ 0.68733482  0.25739867 -1.45312496  1.13945888 -4.25948501  6.99511847]]", "nfev": "273", "njev": "39", "status": "0", "success": "True", "message": "Optimization terminated successfully.", "x": "[1.89586487 3.55883011 2.71038384 7.1200914  5.28368646 5.00246039]", "nit": "27"}, "22": {"maxiter": 1000, "gtol": 1e-10, "xrtol": 1e-10, "eps": 1e-05, "duration": 0.09105682373046875, "fun": "0.2867810947649089", "jac": "[ 6.55031585e-10 -8.19344592e-09  1.72195591e-08  1.13131726e-08\n  1.00364161e-08  3.70814490e-09]", "hess_inv": "[[ 5.58026414 -0.78843336  1.6691763  -3.09422714 -1.59222422  0.15660889]\n [-0.78843336  3.19363648  0.35620827  0.92113381  0.48601761  0.42117431]\n [ 1.6691763   0.35620827  6.44254471 -2.7820594  -1.08278108 -1.75466615]\n [-3.09422714  0.92113381 -2.7820594   6.22786718  0.51842559  1.21055834]\n [-1.59222422  0.48601761 -1.08278108  0.51842559  6.80406595 -4.50908365]\n [ 0.15660889  0.42117431 -1.75466615  1.21055834 -4.50908365  7.7286823 ]]", "nfev": "523", "njev": "73", "status": "2", "success": "False", "message": "Desired error not necessarily achieved due to precision loss.", "x": "[1.89586229 3.55883331 2.71038809 7.12009213 5.28367989 5.00247583]", "nit": "29"}, "23": {"maxiter": 1000, "gtol": 1e-10, "xrtol": 1e-10, "eps": 1e-10, "duration": 0.06968283653259277, "fun": "0.2867810947569378", "jac": "[0.00000000e+00 0.00000000e+00 0.00000000e+00 0.00000000e+00\n 0.00000000e+00 1.11022293e-06]", "hess_inv": "[[  3.40616527   1.84561253  -2.03137719  -5.48984602   3.39460796\n    6.69863534]\n [  1.84561253   5.8245829   -0.52915881  -8.43873502   4.3640905\n   11.24850899]\n [ -2.03137719  -0.52915881   2.57342964   2.10824322  -1.67848014\n   -2.304682  ]\n [ -5.48984602  -8.43873502   2.10824322  15.60296938  -8.46224579\n  -19.75142776]\n [  3.39460796   4.3640905   -1.67848014  -8.46224579   4.96071317\n   10.91367879]\n [  6.69863534  11.24850899  -2.304682   -19.75142776  10.91367879\n   26.04348665]]", "nfev": "406", "njev": "58", "status": "0", "success": "True", "message": "Optimization terminated successfully.", "x": "[1.89586395 3.55883621 2.71038461 7.12009671 5.28367595 5.00248702]", "nit": "35"}}, "cobyla": {"0": {"maxiter": 100, "tol": 1e-05, "catol": 1e-05, "duration": 0.01656508445739746, "x": "[1.91906105 3.57239828 2.72424059 7.10965725 5.21841606 5.05882418]", "status": "2", "success": "False", "message": "Maximum number of function evaluations has been exceeded.", "nfev": "100", "fun": "0.28713567907069526", "maxcv": "0.0"}, "1": {"maxiter": 100, "tol": 1e-05, "catol": 1e-10, "duration": 0.016442060470581055, "x": "[1.91906105 3.57239828 2.72424059 7.10965725 5.21841606 5.05882418]", "status": "2", "success": "False", "message": "Maximum number of function evaluations has been exceeded.", "nfev": "100", "fun": "0.28713567907069526", "maxcv": "0.0"}, "2": {"maxiter": 100, "tol": 1e-10, "catol": 1e-05, "duration": 0.01645207405090332, "x": "[1.91906105 3.57239828 2.72424059 7.10965725 5.21841606 5.05882418]", "status": "2", "success": "False", "message": "Maximum number of function evaluations has been exceeded.", "nfev": "100", "fun": "0.28713567907069526", "maxcv": "0.0"}, "3": {"maxiter": 100, "tol": 1e-10, "catol": 1e-10, "duration": 0.01647496223449707, "x": "[1.91906105 3.57239828 2.72424059 7.10965725 5.21841606 5.05882418]", "status": "2", "success": "False", "message": "Maximum number of function evaluations has been exceeded.", "nfev": "100", "fun": "0.28713567907069526", "maxcv": "0.0"}, "4": {"maxiter": 500, "tol": 1e-05, "catol": 1e-05, "duration": 0.03840994834899902, "x": "[1.89585981 3.55885575 2.71038774 7.1200997  5.28366644 5.00248816]", "status": "1", "success": "True", "message": "Optimization terminated successfully.", "nfev": "233", "fun": "0.2867810948103795", "maxcv": "0.0"}, "5": {"maxiter": 500, "tol": 1e-05, "catol": 1e-10, "duration": 0.03834795951843262, "x": "[1.89585981 3.55885575 2.71038774 7.1200997  5.28366644 5.00248816]", "status": "1", "success": "True", "message": "Optimization terminated successfully.", "nfev": "233", "fun": "0.2867810948103795", "maxcv": "0.0"}, "6": {"maxiter": 500, "tol": 1e-10, "catol": 1e-05, "duration": 0.05764603614807129, "x": "[1.89586466 3.55884127 2.71039161 7.12009705 5.28368049 5.00248112]", "status": "1", "success": "True", "message": "Optimization terminated successfully.", "nfev": "348", "fun": "0.2867810947472792", "maxcv": "0.0"}, "7": {"maxiter": 500, "tol": 1e-10, "catol": 1e-10, "duration": 0.0572199821472168, "x": "[1.89586466 3.55884127 2.71039161 7.12009705 5.28368049 5.00248112]", "status": "1", "success": "True", "message": "Optimization terminated successfully.", "nfev": "348", "fun": "0.2867810947472792", "maxcv": "0.0"}, "8": {"maxiter": 1000, "tol": 1e-05, "catol": 1e-05, "duration": 0.038259029388427734, "x": "[1.89585981 3.55885575 2.71038774 7.1200997  5.28366644 5.00248816]", "status": "1", "success": "True", "message": "Optimization terminated successfully.", "nfev": "233", "fun": "0.2867810948103795", "maxcv": "0.0"}, "9": {"maxiter": 1000, "tol": 1e-05, "catol": 1e-10, "duration": 0.038230180740356445, "x": "[1.89585981 3.55885575 2.71038774 7.1200997  5.28366644 5.00248816]", "status": "1", "success": "T