{"date": "2024/07/18/, 23:54:13", "conf_id": 113, "data_type": "orthogonal\n", "num_data_points": 2, "s_rank": 0, "unitary": "[[-0.53618537-0.34368723j,-0.12107031-0.46226139j,-0.07699282-0.46603512j,0.36022595-0.11472301j],[0.26026499-0.63450712j,-0.56616638+0.37832564j,-0.14988651+0.08458591j,0.10363514-0.16008501j],[-0.32580188-0.11070003j,-0.36476308-0.23593218j,0.02559343+0.41761608j,-0.25598305+0.6725303j],[0.07406738-0.0126433j,0.28513701+0.19483972j,-0.74939717-0.10299659j,0.29798249+0.46269921j]]", "databatch_0": {"databatch": "[[[0.1663494-1.69911820e-01j,0.2806074-2.00158184e-01j,0.12097642-2.81283345e-01j,-0.09708698-5.48428628e-02j],[0.044319+3.89039906e-01j,0.05086401-1.84417867e-01j,-0.11699412+7.79137307e-02j,-0.22093952-1.61192008e-01j],[0.14597168+2.40574975e-01j,-0.12649914+1.12434642e-01j,-0.09872199-3.13156452e-01j,0.08738321-9.06759404e-02j],[0.11420414+1.62581415e-02j,0.04349677-1.06751711e-01j,0.22203963-3.54165825e-01j,0.03006951+1.62352339e-02j]],[[-0.16458543-1.73361630e-01j,0.27703046+1.68134436e-01j,-0.08206765+5.58602662e-02j,0.10535282-1.63835775e-01j],[-0.13470014+2.47130905e-02j,-0.14450872-4.47477800e-02j,-0.10407058-2.31433731e-01j,0.09961346+2.35189620e-04j],[0.11610957-1.29306844e-01j,0.32399639-1.47894582e-01j,-0.17552848-1.96579035e-02j,-0.18536227-1.63214836e-01j],[0.02723395+2.09970301e-01j,-0.44707687-2.71801289e-01j,0.142817-1.25037244e-02j,-0.09796362+2.75888439e-01j]]]", "initial param values": "[5.55016883,1.87782181,3.49713361,5.13474249,3.02430855,1.97746354]", "nelder_mead": {"type": "gradient-free", "0": {"maxiter": 100, "fatol": 1e-05, "xatol": 1e-05, "duration": 0.025296926498413086, "fun": "0.43931420080321737", "nit": "100", "nfev": "149", "status": "2", "success": "False", "message": "Maximum number of iterations has been exceeded.", "x": "[8.44418952 2.39916606 3.85414277 4.63136438 1.80356718 2.07188865]", "final_simplex": "(array([[8.44418952, 2.39916606, 3.85414277, 4.63136438, 1.80356718,\n        2.07188865],\n       [8.37289728, 2.40034838, 3.8222675 , 4.58533805, 1.79441728,\n        2.12340668],\n       [8.47017876, 2.36006453, 3.84361808, 4.73097711, 1.76559884,\n        2.00451923],\n       [8.48266574, 2.44889534, 3.79087358, 4.52373566, 1.84198172,\n        2.0409563 ],\n       [8.47113851, 2.35821907, 3.89719248, 4.60191682, 1.83722155,\n        2.03771693],\n       [8.33711055, 2.36862531, 3.83182029, 4.60287239, 1.9189057 ,\n        2.01482872],\n       [8.45894799, 2.41580154, 3.7598908 , 4.63536159, 1.92142295,\n        1.97884772]]), array([0.4393142 , 0.4417794 , 0.44266466, 0.44313728, 0.44320556,\n       0.4440057 , 0.4440345 ]))"}, "1": {"maxiter": 100, "fatol": 1e-05, "xatol": 1e-10, "duration": 0.02517986297607422, "fun": "0.43931420080321737", "nit": "100", "nfev": "149", "status": "2", "success": "False", "message": "Maximum number of iterations has been exceeded.", "x": "[8.44418952 2.39916606 3.85414277 4.63136438 1.80356718 2.07188865]", "final_simplex": "(array([[8.44418952, 2.39916606, 3.85414277, 4.63136438, 1.80356718,\n        2.07188865],\n       [8.37289728, 2.40034838, 3.8222675 , 4.58533805, 1.79441728,\n        2.12340668],\n       [8.47017876, 2.36006453, 3.84361808, 4.73097711, 1.76559884,\n        2.00451923],\n       [8.48266574, 2.44889534, 3.79087358, 4.52373566, 1.84198172,\n        2.0409563 ],\n       [8.47113851, 2.35821907, 3.89719248, 4.60191682, 1.83722155,\n        2.03771693],\n       [8.33711055, 2.36862531, 3.83182029, 4.60287239, 1.9189057 ,\n        2.01482872],\n       [8.45894799, 2.41580154, 3.7598908 , 4.63536159, 1.92142295,\n        1.97884772]]), array([0.4393142 , 0.4417794 , 0.44266466, 0.44313728, 0.44320556,\n       0.4440057 , 0.4440345 ]))"}, "2": {"maxiter": 100, "fatol": 1e-10, "xatol": 1e-05, "duration": 0.025126934051513672, "fun": "0.43931420080321737", "nit": "100", "nfev": "149", "status": "2", "success": "False", "message": "Maximum number of iterations has been exceeded.", "x": "[8.44418952 2.39916606 3.85414277 4.63136438 1.80356718 2.07188865]", "final_simplex": "(array([[8.44418952, 2.39916606, 3.85414277, 4.63136438, 1.80356718,\n        2.07188865],\n       [8.37289728, 2.40034838, 3.8222675 , 4.58533805, 1.79441728,\n        2.12340668],\n       [8.47017876, 2.36006453, 3.84361808, 4.73097711, 1.76559884,\n        2.00451923],\n       [8.48266574, 2.44889534, 3.79087358, 4.52373566, 1.84198172,\n        2.0409563 ],\n       [8.47113851, 2.35821907, 3.89719248, 4.60191682, 1.83722155,\n        2.03771693],\n       [8.33711055, 2.36862531, 3.83182029, 4.60287239, 1.9189057 ,\n        2.01482872],\n       [8.45894799, 2.41580154, 3.7598908 , 4.63536159, 1.92142295,\n        1.97884772]]), array([0.4393142 , 0.4417794 , 0.44266466, 0.44313728, 0.44320556,\n       0.4440057 , 0.4440345 ]))"}, "3": {"maxiter": 100, "fatol": 1e-10, "xatol": 1e-10, "duration": 0.0251619815826416, "fun": "0.43931420080321737", "nit": "100", "nfev": "149", "status": "2", "success": "False", "message": "Maximum number of iterations has been exceeded.", "x": "[8.44418952 2.39916606 3.85414277 4.63136438 1.80356718 2.07188865]", "final_simplex": "(array([[8.44418952, 2.39916606, 3.85414277, 4.63136438, 1.80356718,\n        2.07188865],\n       [8.37289728, 2.40034838, 3.8222675 , 4.58533805, 1.79441728,\n        2.12340668],\n       [8.47017876, 2.36006453, 3.84361808, 4.73097711, 1.76559884,\n        2.00451923],\n       [8.48266574, 2.44889534, 3.79087358, 4.52373566, 1.84198172,\n        2.0409563 ],\n       [8.47113851, 2.35821907, 3.89719248, 4.60191682, 1.83722155,\n        2.03771693],\n       [8.33711055, 2.36862531, 3.83182029, 4.60287239, 1.9189057 ,\n        2.01482872],\n       [8.45894799, 2.41580154, 3.7598908 , 4.63536159, 1.92142295,\n        1.97884772]]), array([0.4393142 , 0.4417794 , 0.44266466, 0.44313728, 0.44320556,\n       0.4440057 , 0.4440345 ]))"}, "4": {"maxiter": 500, "fatol": 1e-05, "xatol": 1e-05, "duration": 0.08877968788146973, "fun": "0.4138118959759777", "nit": "341", "nfev": "528", "status": "0", "success": "True", "message": "Optimization terminated successfully.", "x": "[8.267053   2.85552666 4.1732708  4.80888067 1.79806172 2.01511164]", "final_simplex": "(array([[8.267053  , 2.85552666, 4.1732708 , 4.80888067, 1.79806172,\n        2.01511164],\n       [8.26705783, 2.85552631, 4.17326521, 4.80887787, 1.79806922,\n        2.01511113],\n       [8.26705136, 2.85553076, 4.17326625, 4.80888142, 1.79805956,\n        2.01511527],\n       [8.26705009, 2.85553013, 4.17326927, 4.80888195, 1.79806731,\n        2.01510486],\n       [8.26705238, 2.85553318, 4.17327568, 4.80888287, 1.79806248,\n        2.01511269],\n       [8.26705987, 2.85552897, 4.17327149, 4.80887429, 1.79806307,\n        2.01510741],\n       [8.26705999, 2.85553094, 4.17327008, 4.80888752, 1.79805962,\n        2.01511178]]), array([0.4138119, 0.4138119, 0.4138119, 0.4138119, 0.4138119, 0.4138119,\n       0.4138119]))"}, "5": {"maxiter": 500, "fatol": 1e-05, "xatol": 1e-10, "duration": 0.12627005577087402, "fun": "0.4138118959708945", "nit": "441", "nfev": "754", "status": "0", "success": "True", "message": "Optimization terminated successfully.", "x": "[8.26705317 2.85552909 4.17326729 4.80888064 1.79806484 2.01511147]", "final_simplex": "(array([[8.26705317, 2.85552909, 4.17326729, 4.80888064, 1.79806484,\n        2.01511147],\n       [8.26705317, 2.85552909, 4.17326729, 4.80888064, 1.79806484,\n        2.01511147],\n       [8.26705317, 2.85552909, 4.17326729, 4.80888064, 1.79806484,\n        2.01511147],\n       [8.26705317, 2.85552909, 4.17326729, 4.80888064, 1.79806484,\n        2.01511147],\n       [8.26705317, 2.85552909, 4.17326729, 4.80888064, 1.79806484,\n        2.01511147],\n       [8.26705317, 2.85552909, 4.17326729, 4.80888064, 1.79806484,\n        2.01511147],\n       [8.26705317, 2.85552909, 4.17326729, 4.80888064, 1.79806484,\n        2.01511147]]), array([0.4138119, 0.4138119, 0.4138119, 0.4138119, 0.4138119, 0.4138119,\n       0.4138119]))"}, "6": {"maxiter": 500, "fatol": 1e-10, "xatol": 1e-05, "duration": 0.08872795104980469, "fun": "0.4138118959759777", "nit": "341", "nfev": "528", "status": "0", "success": "True", "message": "Optimization terminated successfully.", "x": "[8.267053   2.85552666 4.1732708  4.80888067 1.79806172 2.01511164]", "final_simplex": "(array([[8.267053  , 2.85552666, 4.1732708 , 4.80888067, 1.79806172,\n        2.01511164],\n       [8.26705783, 2.85552631, 4.17326521, 4.80887787, 1.79806922,\n        2.01511113],\n       [8.26705136, 2.85553076, 4.17326625, 4.80888142, 1.79805956,\n        2.01511527],\n       [8.26705009, 2.85553013, 4.17326927, 4.80888195, 1.79806731,\n        2.01510486],\n       [8.26705238, 2.85553318, 4.17327568, 4.80888287, 1.79806248,\n        2.01511269],\n       [8.26705987, 2.85552897, 4.17327149, 4.80887429, 1.79806307,\n        2.01510741],\n       [8.26705999, 2.85553094, 4.17327008, 4.80888752, 1.79805962,\n        2.01511178]]), array([0.4138119, 0.4138119, 0.4138119, 0.4138119, 0.4138119, 0.4138119,\n       0.4138119]))"}, "7": {"maxiter": 500, "fatol": 1e-10, "xatol": 1e-10, "duration": 0.1254730224609375, "fun": "0.4138118959708945", "nit": "441", "nfev": "754", "status": "0", "success": "True", "message": "Optimization terminated successfully.", "x": "[8.26705317 2.85552909 4.17326729 4.80888064 1.79806484 2.01511147]", "final_simplex": "(array([[8.26705317, 2.85552909, 4.17326729, 4.80888064, 1.79806484,\n        2.01511147],\n       [8.26705317, 2.85552909, 4.17326729, 4.80888064, 1.79806484,\n        2.01511147],\n       [8.26705317, 2.85552909, 4.17326729, 4.80888064, 1.79806484,\n        2.01511147],\n       [8.26705317, 2.85552909, 4.17326729, 4.80888064, 1.79806484,\n        2.01511147],\n       [8.26705317, 2.85552909, 4.17326729, 4.80888064, 1.79806484,\n        2.01511147],\n       [8.26705317, 2.85552909, 4.17326729, 4.80888064, 1.79806484,\n        2.01511147],\n       [8.26705317, 2.85552909, 4.17326729, 4.80888064, 1.79806484,\n        2.01511147]]), array([0.4138119, 0.4138119, 0.4138119, 0.4138119, 0.4138119, 0.4138119,\n       0.4138119]))"}, "8": {"maxiter": 1000, "fatol": 1e-05, "xatol": 1e-05, "duration": 0.08801674842834473, "fun": "0.4138118959759777", "nit": "341", "nfev": "528", "status": "0", "success": "True", "message": "Optimization terminated successfully.", "x": "[8.267053   2.85552666 4.1732708  4.80888067 1.79806172 2.01511164]", "final_simplex": "(array([[8.267053  , 2.85552666, 4.1732708 , 4.80888067, 1.79806172,\n        2.01511164],\n       [8.26705783, 2.85552631, 4.17326521, 4.80887787, 1.79806922,\n        2.01511113],\n       [8.26705136, 2.85553076, 4.17326625, 4.80888142, 1.79805956,\n        2.01511527],\n       [8.26705009, 2.85553013, 4.17326927, 4.80888195, 1.79806731,\n        2.01510486],\n       [8.26705238, 2.85553318, 4.17327568, 4.80888287, 1.79806248,\n        2.01511269],\n       [8.26705987, 2.85552897, 4.17327149, 4.80887429, 1.79806307,\n        2.01510741],\n       [8.26705999, 2.85553094, 4.17327008, 4.80888752, 1.79805962,\n        2.01511178]]), array([0.4138119, 0.4138119, 0.4138119, 0.4138119, 0.4138119, 0.4138119,\n       0.4138119]))"}, "9": {"maxiter": 1000, "fatol": 1e-05, "xatol": 1e-10, "duration": 0.1254262924194336, "fun": "0.4138118959708945", "nit": "441", "nfev": "754", "status": "0", "success": "True", "message": "Optimization terminated successfully.", "x": "[8.26705317 2.85552909 4.17326729 4.80888064 1.79806484 2.01511147]", "final_simplex": "(array([[8.26705317, 2.85552909, 4.17326729, 4.80888064, 1.79806484,\n        2.01511147],\n       [8.26705317, 2.85552909, 4.17326729, 4.80888064, 1.79806484,\n        2.01511147],\n       [8.26705317, 2.85552909, 4.17326729, 4.80888064, 1.79806484,\n        2.01511147],\n       [8.26705317, 2.85552909, 4.17326729, 4.80888064, 1.79806484,\n        2.01511147],\n       [8.26705317, 2.85552909, 4.17326729, 4.80888064, 1.79806484,\n        2.01511147],\n       [8.26705317, 2.85552909, 4.17326729, 4.80888064, 1.79806484,\n        2.01511147],\n       [8.26705317, 2.85552909, 4.17326729, 4.80888064, 1.79806484,\n        2.01511147]]), array([0.4138119, 0.4138119, 0.4138119, 0.4138119, 0.4138119, 0.4138119,\n       0.4138119]))"}, "10": {"maxiter": 1000, "fatol": 1e-10, "xatol": 1e-05, "duration": 0.08806705474853516, "fun": "0.4138118959759777", "nit": "341", "nfev": "528", "status": "0", "success": "True", "message": "Optimization terminated successfully.", "x": "[8.267053   2.85552666 4.1732708  4.80888067 1.79806172 2.01511164]", "final_simplex": "(array([[8.267053  , 2.85552666, 4.1732708 , 4.80888067, 1.79806172,\n        2.01511164],\n       [8.26705783, 2.85552631, 4.17326521, 4.80887787, 1.79806922,\n        2.01511113],\n       [8.26705136, 2.85553076, 4.17326625, 4.80888142, 1.79805956,\n        2.01511527],\n       [8.26705009, 2.85553013, 4.17326927, 4.80888195, 1.79806731,\n        2.01510486],\n       [8.26705238, 2.85553318, 4.17327568, 4.80888287, 1.79806248,\n        2.01511269],\n       [8.26705987, 2.85552897, 4.17327149, 4.80887429, 1.79806307,\n        2.01510741],\n       [8.26705999, 2.85553094, 4.17327008, 4.80888752, 1.79805962,\n        2.01511178]]), array([0.4138119, 0.4138119, 0.4138119, 0.4138119, 0.4138119, 0.4138119,\n       0.4138119]))"}, "11": {"maxiter": 1000, "fatol": 1e-10, "xatol": 1e-10, "duration": 0.12529277801513672, "fun": "0.4138118959708945", "nit": "441", "nfev": "754", "status": "0", "success": "True", "message": "Optimization terminated successfully.", "x": "[8.26705317 2.85552909 4.17326729 4.80888064 1.79806484 2.01511147]", "final_simplex": "(array([[8.26705317, 2.85552909, 4.17326729, 4.80888064, 1.79806484,\n        2.01511147],\n       [8.26705317, 2.85552909, 4.17326729, 4.80888064, 1.79806484,\n        2.01511147],\n       [8.26705317, 2.85552909, 4.17326729, 4.80888064, 1.79806484,\n        2.01511147],\n       [8.26705317, 2.85552909, 4.17326729, 4.80888064, 1.79806484,\n        2.01511147],\n       [8.26705317, 2.85552909, 4.17326729, 4.80888064, 1.79806484,\n        2.01511147],\n       [8.26705317, 2.85552909, 4.17326729, 4.80888064, 1.79806484,\n        2.01511147],\n       [8.26705317, 2.85552909, 4.17326729, 4.80888064, 1.79806484,\n        2.01511147]]), array([0.4138119, 0.4138119, 0.4138119, 0.4138119, 0.4138119, 0.4138119,\n       0.4138119]))"}}, "bfgs": {"type": "gradient", "0": {"maxiter": 100, "gtol": 1e-05, "xrtol": 1e-05, "eps": 1e-05, "duration": 0.02632594108581543, "fun": "0.4138118960264541", "jac": "[-1.04402043e-06 -5.45263834e-07 -1.14371845e-06  1.81774595e-06\n  1.16316956e-06  2.51988430e-06]", "hess_inv": "[[ 3.94567731 -0.12622035  0.03250128 -0.6837578  -0.31099728 -0.1020907 ]\n [-0.12622035  4.77315711  1.83745167 -0.155368   -0.75748061 -0.90476851]\n [ 0.03250128  1.83745167  4.02226886  0.40487121 -0.47617147 -0.55281248]\n [-0.6837578  -0.155368    0.40487121  4.43701512 -0.47570658 -0.05419179]\n [-0.31099728 -0.75748061 -0.47617147 -0.47570658  3.75826628 -0.23571249]\n [-0.1020907  -0.90476851 -0.55281248 -0.05419179 -0.23571249  3.64934965]]", "nfev": "154", "njev": "22", "status": "0", "success": "True", "message": "Optimization terminated successfully.", "x": "[8.26704251 2.85551268 4.17325137 4.80888636 1.79806768 2.01512175]", "nit": "19"}, "1": {"maxiter": 100, "gtol": 1e-05, "xrtol": 1e-05, "eps": 1e-10, "duration": 0.02627086639404297, "fun": "0.4138118960338716", "jac": "[-3.33066880e-06  2.22044587e-06 -1.11022293e-06  3.33066880e-06\n  2.22044587e-06  4.44089173e-06]", "hess_inv": "[[ 3.94716726 -0.1295261   0.01452289 -0.72441308 -0.28806312 -0.11706645]\n [-0.1295261   4.81194936  1.92406319 -0.06806779 -0.87937826 -0.8891375 ]\n [ 0.01452289  1.92406319  4.0898075   0.41755794 -0.55090507 -0.55576511]\n [-0.72441308 -0.06806779  0.41755794  4.40928195 -0.44611694 -0.05387853]\n [-0.28806312 -0.87937826 -0.55090507 -0.44611694  3.76649289 -0.21099512]\n [-0.11706645 -0.8891375  -0.55576511 -0.05387853 -0.21099512  3.66445301]]", "nfev": "154", "njev": "22", "status": "0", "success": "True", "message": "Optimization terminated successfully.", "x": "[8.26703496 2.85553366 4.17326351 4.80889194 1.79806599 2.01512104]", "nit": "19"}, "2": {"maxiter": 100, "gtol": 1e-05, "xrtol": 1e-10, "eps": 1e-05, "duration": 0.026255130767822266, "fun": "0.4138118960264541", "jac": "[-1.04402043e-06 -5.45263834e-07 -1.14371845e-06  1.81774595e-06\n  1.16316956e-06  2.51988430e-06]", "hess_inv": "[[ 3.94567731 -0.12622035  0.03250128 -0.6837578  -0.31099728 -0.1020907 ]\n [-0.12622035  4.77315711  1.83745167 -0.155368   -0.75748061 -0.90476851]\n [ 0.03250128  1.83745167  4.02226886  0.40487121 -0.47617147 -0.55281248]\n [-0.6837578  -0.155368    0.40487121  4.43701512 -0.47570658 -0.05419179]\n [-0.31099728 -0.75748061 -0.47617147 -0.47570658  3.75826628 -0.23571249]\n [-0.1020907  -0.90476851 -0.55281248 -0.05419179 -0.23571249  3.64934965]]", "nfev": "154", "njev": "22", "status": "0", "success": "True", "message": "Optimization terminated successfully.", "x": "[8.26704251 2.85551268 4.17325137 4.80888636 1.79806768 2.01512175]", "nit": "19"}, "3": {"maxiter": 100, "gtol": 1e-05, "xrtol": 1e-10, "eps": 1e-10, "duration": 0.026250839233398438, "fun": "0.4138118960338716", "jac": "[-3.33066880e-06  2.22044587e-06 -1.11022293e-06  3.33066880e-06\n  2.22044587e-06  4.44089173e-06]", "hess_inv": "[[ 3.94716726 -0.1295261   0.01452289 -0.72441308 -0.28806312 -0.11706645]\n [-0.1295261   4.81194936  1.92406319 -0.06806779 -0.87937826 -0.8891375 ]\n [ 0.01452289  1.92406319  4.0898075   0.41755794 -0.55090507 -0.55576511]\n [-0.72441308 -0.06806779  0.41755794  4.40928195 -0.44611694 -0.05387853]\n [-0.28806312 -0.87937826 -0.55090507 -0.44611694  3.76649289 -0.21099512]\n [-0.11706645 -0.8891375  -0.55576511 -0.05387853 -0.21099512  3.66445301]]", "nfev": "154", "njev": "22", "status": "0", "success": "True", "message": "Optimization terminated successfully.", "x": "[8.26703496 2.85553366 4.17326351 4.80889194 1.79806599 2.01512104]", "nit": "19"}, "4": {"maxiter": 100, "gtol": 1e-10, "xrtol": 1e-05, "eps": 1e-05, "duration": 0.027437925338745117, "fun": "0.4138118959870122", "jac": "[-5.39679412e-08 -6.65689726e-08  6.31494856e-08  2.43949305e-07\n -6.29940544e-08  2.18203233e-07]", "hess_inv": "[[ 4.04407968  0.01918771  0.19701643 -0.74860104 -0.43723496 -0.25185904]\n [ 0.01918771  4.98251828  2.0585536  -0.27808784 -0.91962407 -1.1331777 ]\n [ 0.19701643  2.0585536   4.20942002  0.18898444 -0.58975439 -0.83156323]\n [-0.74860104 -0.27808784  0.18898444  4.34832119 -0.27333663  0.00982269]\n [-0.43723496 -0.91962407 -0.58975439 -0.27333663  3.81212772 -0.0121312 ]\n [-0.25185904 -1.1331777  -0.83156323  0.00982269 -0.0121312   3.86814723]]", "nfev": "161", "njev": "23", "status": "0", "success": "True", "message": "Optimization terminated successfully.", "x": "[8.26704948 2.8555222  4.17325996 4.80887803 1.79806214 2.01511016]", "nit": "20"}, "5": {"maxiter": 100, "gtol": 1e-10, "xrtol": 1e-05, "eps": 1e-10, "duration": 0.02742290496826172, "fun": "0.4138118959933099", "jac": "[-2.22044587e-06  0.00000000e+00 -2.22044587e-06 -4.44089173e-06\n -4.44089173e-06 -3.33066880e-06]", "hess_inv": "[[ 4.23333765  0.16853111  0.46970074 -0.78878209 -0.6767479  -0.4189462 ]\n [ 0.16853111  4.63204978  1.81544816 -0.40729947 -0.86581825 -1.12496073]\n [ 0.46970074  1.81544816  4.12134554 -0.0082862  -0.6719407  -0.94252942]\n [-0.78878209 -0.40729947 -0.0082862   4.27266707 -0.12643865  0.05765301]\n [-0.6767479  -0.86581825 -0.6719407  -0.12643865  3.93741646  0.13196313]\n [-0.4189462  -1.12496073 -0.94252942  0.05765301  0.13196313  3.9703064 ]]", "nfev": "161", "njev": "23", "status": "0", "success": "True", "message": "Optimization terminated successfully.", "x": "[8.2670552  2.85553423 4.17327133 4.808876   1.798056   2.01510298]", "nit": "20"}, "6": {"maxiter": 100, "gtol": 1e-10, "xrtol": 1e-10, "eps": 1e-05, "duration": 0.06435918807983398, "fun": "0.4138118959870122", "jac": "[-5.39679412e-08 -6.65689726e-08  6.31494856e-08  2.43949305e-07\n -6.29940544e-08  2.18203233e-07]", "hess_inv": "[[ 4.0861703   0.06549175  0.19450753 -0.86534782 -0.41025732 -0.34120861]\n [ 0.06549175  5.03044321  2.04123963 -0.4242898  -0.87376445 -1.23664191]\n [ 0.19450753  2.04123963  4.13929912  0.11015243 -0.513234   -0.85120169]\n [-0.86534782 -0.4242898   0.11015243  4.56740236 -0.25278     0.22717348]\n [-0.41025732 -0.87376445 -0.513234   -0.25278     3.74255365 -0.04164311]\n [-0.34120861 -1.23664191 -0.85120169  0.22717348 -0.04164311  4.0489488 ]]", "nfev": "382", "njev": "53", "status": "2", "success": "False", "message": "Desired error not necessarily achieved due to precision loss.", "x": "[8.26704948 2.8555222  4.17325996 4.80887803 1.79806214 2.01511016]", "nit": "20"}, "7": {"maxiter": 100, "gtol": 1e-10, "xrtol": 1e-10, "eps": 1e-10, "duration": 0.0462338924407959, "fun": "0.41381189597499524", "jac": "[2.22044587e-06 0.00000000e+00 2.22044587e-06 1.11022293e-06\n 1.11022293e-06 1.11022293e-06]", "hess_inv": "[[ 0.74239386 -0.49047461 -0.09723908 -0.18736469  0.73727645 -0.98308954]\n [-0.49047461  1.14140955 -0.21863985  0.89011032 -1.12044566  0.51686728]\n [-0.09723908 -0.21863985  0.2564068  -0.24594119  0.10139558  0.07841373]\n [-0.18736469  0.89011032 -0.24594119  1.04312197 -0.99094769  0.13979967]\n [ 0.73727645 -1.12044566  0.10139558 -0.99094769  1.56980842 -1.04028768]\n [-0.98308954  0.51686728  0.07841373  0.13979967 -1.04028768  1.59699364]]", "nfev": "273", "njev": "39", "status": "0", "success": "True", "message": "Optimization terminated successfully.", "x": "[8.26705702 2.85553194 4.17327128 4.80887926 1.79806389 2.01511177]", "nit": "29"}, "8": {"maxiter": 500, "gtol": 1e-05, "xrtol": 1e-05, "eps": 1e-05, "duration": 0.02615189552307129, "fun": "0.4138118960264541", "jac": "[-1.04402043e-06 -5.45263834e-07 -1.14371845e-06  1.81774595e-06\n  1.16316956e-06  2.51988430e-06]", "hess_inv": "[[ 3.94567731 -0.12622035  0.03250128 -0.6837578  -0.31099728 -0.1020907 ]\n [-0.12622035  4.77315711  1.83745167 -0.155368   -0.75748061 -0.90476851]\n [ 0.03250128  1.83745167  4.02226886  0.40487121 -0.47617147 -0.55281248]\n [-0.6837578  -0.155368    0.40487121  4.43701512 -0.47570658 -0.05419179]\n [-0.31099728 -0.75748061 -0.47617147 -0.47570658  3.75826628 -0.23571249]\n [-0.1020907  -0.90476851 -0.55281248 -0.05419179 -0.23571249  3.64934965]]", "nfev": "154", "njev": "22", "status": "0", "success": "True", "message": "Optimization terminated successfully.", "x": "[8.26704251 2.85551268 4.17325137 4.80888636 1.79806768 2.01512175]", "nit": "19"}, "9": {"maxiter": 500, "gtol": 1e-05, "xrtol": 1e-05, "eps": 1e-10, "duration": 0.026196956634521484, "fun": "0.4138118960338716", "jac": "[-3.33066880e-06  2.22044587e-06 -1.11022293e-06  3.33066880e-06\n  2.22044587e-06  4.44089173e-06]", "hess_inv": "[[ 3.94716726 -0.1295261   0.01452289 -0.72441308 -0.28806312 -0.11706645]\n [-0.1295261   4.81194936  1.92406319 -0.06806779 -0.87937826 -0.8891375 ]\n [ 0.01452289  1.92406319  4.0898075   0.41755794 -0.55090507 -0.55576511]\n [-0.72441308 -0.06806779  0.41755794  4.40928195 -0.44611694 -0.05387853]\n [-0.28806312 -0.87937826 -0.55090507 -0.44611694  3.76649289 -0.21099512]\n [-0.11706645 -0.8891375  -0.55576511 -0.05387853 -0.21099512  3.66445301]]", "nfev": "154", "njev": "22", "status": "0", "success": "True", "message": "Optimization terminated successfully.", "x": "[8.26703496 2.85553366 4.17326351 4.80889194 1.79806599 2.01512104]", "nit": "19"}, "10": {"maxiter": 500, "gtol": 1e-05, "xrtol": 1e-10, "eps": 1e-05, "duration": 0.026206016540527344, "fun": "0.4138118960264541", "jac": "[-1.04402043e-06 -5.45263834e-07 -1.14371845e-06  1.81774595e-06\n  1.16316956e-06  2.51988430e-06]", "hess_inv": "[[ 3.94567731 -0.12622035  0.03250128 -0.6837578  -0.31099728 -0.1020907 ]\n [-0.12622035  4.77315711  1.83745167 -0.155368   -0.75748061 -0.90476851]\n [ 0.03250128  1.83745167  4.02226886  0.40487121 -0.47617147 -0.55281248]\n [-0.6837578  -0.155368    0.40487121  4.43701512 -0.47570658 -0.05419179]\n [-0.31099728 -0.75748061 -0.47617147 -0.47570658  3.75826628 -0.23571249]\n [-0.1020907  -0.90476851 -0.55281248 -0.05419179 -0.23571249  3.64934965]]", "nfev": "154", "njev": "22", "status": "0", "success": "True", "message": "Optimization terminated successfully.", "x": "[8.26704251 2.85551268 4.17325137 4.80888636 1.79806768 2.01512175]", "nit": "19"}, "11": {"maxiter": 500, "gtol": 1e-05, "xrtol": 1e-10, "eps": 1e-10, "duration": 0.026200056076049805, "fun": "0.4138118960338716", "jac": "[-3.33066880e-06  2.22044587e-06 -1.11022293e-06  3.33066880e-06\n  2.22044587e-06  4.44089173e-06]", "hess_inv": "[[ 3.94716726 -0.1295261   0.01452289 -0.72441308 -0.28806312 -0.11706645]\n [-0.1295261   4.81194936  1.92406319 -0.06806779 -0.87937826 -0.8891375 ]\n [ 0.01452289  1.92406319  4.0898075   0.41755794 -0.55090507 -0.55576511]\n [-0.72441308 -0.06806779  0.41755794  4.40928195 -0.44611694 -0.05387853]\n [-0.28806312 -0.87937826 -0.55090507 -0.44611694  3.76649289 -0.21099512]\n [-0.11706645 -0.8891375  -0.55576511 -0.05387853 -0.21099512  3.66445301]]", "nfev": "154", "njev": "22", "status": "0", "success": "True", "message": "Optimization terminated successfully.", "x": "[8.26703496 2.85553366 4.17326351 4.80889194 1.79806599 2.01512104]", "nit": "19"}, "12": {"maxiter": 500, "gtol": 1e-10, "xrtol": 1e-05, "eps": 1e-05, "duration": 0.027432918548583984, "fun": "0.4138118959870122", "jac": "[-5.39679412e-08 -6.65689726e-08  6.31494856e-08  2.43949305e-07\n -6.29940544e-08  2.18203233e-07]", "hess_inv": "[[ 4.04407968  0.01918771  0.19701643 -0.74860104 -0.43723496 -0.25185904]\n [ 0.01918771  4.98251828  2.0585536  -0.27808784 -0.91962407 -1.1331777 ]\n [ 0.19701643  2.0585536   4.20942002  0.18898444 -0.58975439 -0.83156323]\n [-0.74860104 -0.27808784  0.18898444  4.34832119 -0.27333663  0.00982269]\n [-0.43723496 -0.91962407 -0.58975439 -0.27333663  3.81212772 -0.0121312 ]\n [-0.25185904 -1.1331777  -0.83156323  0.00982269 -0.0121312   3.86814723]]", "nfev": "161", "njev": "23", "status": "0", "success": "True", "message": "Optimization terminated successfully.", "x": "[8.26704948 2.8555222  4.17325996 4.80887803 1.79806214 2.01511016]", "nit": "20"}, "13": {"maxiter": 500, "gtol": 1e-10, "xrtol": 1e-05, "eps": 1e-10, "duration": 0.027868032455444336, "fun": "0.4138118959933099", "jac": "[-2.22044587e-06  0.00000000e+00 -2.22044587e-06 -4.44089173e-06\n -4.44089173e-06 -3.33066880e-06]", "hess_inv": "[[ 4.23333765  0.16853111  0.46970074 -0.78878209 -0.6767479  -0.4189462 ]\n [ 0.16853111  4.63204978  1.81544816 -0.40729947 -0.86581825 -1.12496073]\n [ 0.46970074  1.81544816  4.12134554 -0.0082862  -0.6719407  -0.94252942]\n [-0.78878209 -0.40729947 -0.0082862   4.27266707 -0.12643865  0.05765301]\n [-0.6767479  -0.86581825 -0.6719407  -0.12643865  3.93741646  0.13196313]\n [-0.4189462  -1.12496073 -0.94252942  0.05765301  0.13196313  3.9703064 ]]", "nfev": "161", "njev": "23", "status": "0", "success": "True", "message": "Optimization terminated successfully.", "x": "[8.2670552  2.85553423 4.17327133 4.808876   1.798056   2.01510298]", "nit": "20"}, "14": {"maxiter": 500, "gtol": 1e-10, "xrtol": 1e-10, "eps": 1e-05, "duration": 0.06792306900024414, "fun": "0.4138118959870122", "jac": "[-5.39679412e-08 -6.65689726e-08  6.31494856e-08  2.43949305e-07\n -6.29940544e-08  2.18203233e-07]", "hess_inv": "[[ 4.0861703   0.06549175  0.19450753 -0.86534782 -0.41025732 -0.34120861]\n [ 0.06549175  5.03044321  2.04123963 -0.4242898  -0.87376445 -1.23664191]\n [ 0.19450753  2.04123963  4.13929912  0.11015243 -0.513234   -0.85120169]\n [-0.86534782 -0.4242898   0.11015243  4.56740236 -0.25278     0.22717348]\n [-0.41025732 -0.87376445 -0.513234   -0.25278     3.74255365 -0.04164311]\n [-0.34120861 -1.23664191 -0.85120169  0.22717348 -0.04164311  4.0489488 ]]", "nfev": "382", "njev": "53", "status": "2", "success": "False", "message": "Desired error not necessarily achieved due to precision loss.", "x": "[8.26704948 2.8555222  4.17325996 4.80887803 1.79806214 2.01511016]", "nit": "20"}, "15": {"maxiter": 500, "gtol": 1e-10, "xrtol": 1e-10, "eps": 1e-10, "duration": 0.04873180389404297, "fun": "0.41381189597499524", "jac": "[2.22044587e-06 0.00000000e+00 2.22044587e-06 1.11022293e-06\n 1.11022293e-06 1.11022293e-06]", "hess_inv": "[[ 0.74239386 -0.49047461 -0.09723908 -0.18736469  0.73727645 -0.98308954]\n [-0.49047461  1.14140955 -0.21863985  0.89011032 -1.12044566  0.51686728]\n [-0.09723908 -0.21863985  0.2564068  -0.24594119  0.10139558  0.07841373]\n [-0.18736469  0.89011032 -0.24594119  1.04312197 -0.99094769  0.13979967]\n [ 0.73727645 -1.12044566  0.10139558 -0.99094769  1.56980842 -1.04028768]\n [-0.98308954  0.51686728  0.07841373  0.13979967 -1.04028768  1.59699364]]", "nfev": "273", "njev": "39", "status": "0", "success": "True", "message": "Optimization terminated successfully.", "x": "[8.26705702 2.85553194 4.17327128 4.80887926 1.79806389 2.01511177]", "nit": "29"}, "16": {"maxiter": 1000, "gtol": 1e-05, "xrtol": 1e-05, "eps": 1e-05, "duration": 0.026237964630126953, "fun": "0.4138118960264541", "jac": "[-1.04402043e-06 -5.45263834e-07 -1.14371845e-06  1.81774595e-06\n  1.16316956e-06  2.51988430e-06]", "hess_inv": "[[ 3.94567731 -0.12622035  0.03250128 -0.6837578  -0.31099728 -0.1020907 ]\n [-0.12622035  4.77315711  1.83745167 -0.155368   -0.75748061 -0.90476851]\n [ 0.03250128  1.83745167  4.02226886  0.40487121 -0.47617147 -0.55281248]\n [-0.6837578  -0.155368    0.40487121  4.43701512 -0.47570658 -0.05419179]\n [-0.31099728 -0.75748061 -0.47617147 -0.47570658  3.75826628 -0.23571249]\n [-0.1020907  -0.90476851 -0.55281248 -0.05419179 -0.23571249  3.64934965]]", "nfev": "154", "njev": "22", "status": "0", "success": "True", "message": "Optimization terminated successfully.", "x": "[8.26704251 2.85551268 4.17325137 4.80888636 1.79806768 2.01512175]", "nit": "19"}, "17": {"maxiter": 1000, "gtol": 1e-05, "xrtol": 1e-05, "eps": 1e-10, "duration": 0.026217937469482422, "fun": "0.4138118960338716", "jac": "[-3.33066880e-06  2.22044587e-06 -1.11022293e-06  3.33066880e-06\n  2.22044587e-06  4.44089173e-06]", "hess_inv": "[[ 3.94716726 -0.1295261   0.01452289 -0.72441308 -0.28806312 -0.11706645]\n [-0.1295261   4.81194936  1.92406319 -0.06806779 -0.87937826 -0.8891375 ]\n [ 0.01452289  1.92406319  4.0898075   0.41755794 -0.55090507 -0.55576511]\n [-0.72441308 -0.06806779  0.41755794  4.40928195 -0.44611694 -0.05387853]\n [-0.28806312 -0.87937826 -0.55090507 -0.44611694  3.76649289 -0.21099512]\n [-0.11706645 -0.8891375  -0.55576511 -0.05387853 -0.21099512  3.66445301]]", "nfev": "154", "njev": "22", "status": "0", "success": "True", "message": "Optimization terminated successfully.", "x": "[8.26703496 2.85553366 4.17326351 4.80889194 1.79806599 2.01512104]", "nit": "19"}, "18": {"maxiter": 1000, "gtol": 1e-05, "xrtol": 1e-10, "eps": 1e-05, "duration": 0.026205062866210938, "fun": "0.4138118960264541", "jac": "[-1.04402043e-06 -5.45263834e-07 -1.14371845e-06  1.81774595e-06\n  1.16316956e-06  2.51988430e-06]", "hess_inv": "[[ 3.94567731 -0.12622035  0.03250128 -0.6837578  -0.31099728 -0.1020907 ]\n [-0.12622035  4.77315711  1.83745167 -0.155368   -0.75748061 -0.90476851]\n [ 0.03250128  1.83745167  4.02226886  0.40487121 -0.47617147 -0.55281248]\n [-0.6837578  -0.155368    0.40487121  4.43701512 -0.47570658 -0.05419179]\n [-0.31099728 -0.75748061 -0.47617147 -0.47570658  3.75826628 -0.23571249]\n [-0.1020907  -0.90476851 -0.55281248 -0.05419179 -0.23571249  3.64934965]]", "nfev": "154", "njev": "22", "status": "0", "success": "True", "message": "Optimization terminated successfully.", "x": "[8.26704251 2.85551268 4.17325137 4.80888636 1.79806768 2.01512175]", "nit": "19"}, "19": {"maxiter": 1000, "gtol": 1e-05, "xrtol": 1e-10, "eps": 1e-10, "duration": 0.02620387077331543, "fun": "0.4138118960338716", "jac": "[-3.33066880e-06  2.22044587e-06 -1.11022293e-06  3.33066880e-06\n  2.22044587e-06  4.44089173e-06]", "hess_inv": "[[ 3.94716726 -0.1295261   0.01452289 -0.72441308 -0.28806312 -0.11706645]\n [-0.1295261   4.81194936  1.92406319 -0.06806779 -0.87937826 -0.8891375 ]\n [ 0.01452289  1.92406319  4.0898075   0.41755794 -0.55090507 -0.55576511]\n [-0.72441308 -0.06806779  0.41755794  4.40928195 -0.44611694 -0.05387853]\n [-0.28806312 -0.87937826 -0.55090507 -0.44611694  3.76649289 -0.21099512]\n [-0.11706645 -0.8891375  -0.55576511 -0.05387853 -0.21099512  3.66445301]]", "nfev": "154", "njev": "22", "status": "0", "success": "True", "message": "Optimization terminated successfully.", "x": "[8.26703496 2.85553366 4.17326351 4.80889194 1.79806599 2.01512104]", "nit": "19"}, "20": {"maxiter": 1000, "gtol": 1e-10, "xrtol": 1e-05, "eps": 1e-05, "duration": 0.027369976043701172, "fun": "0.4138118959870122", "jac": "[-5.39679412e-08 -6.65689726e-08  6.31494856e-08  2.43949305e-07\n -6.29940544e-08  2.18203233e-07]", "hess_inv": "[[ 4.04407968  0.01918771  0.19701643 -0.74860104 -0.43723496 -0.25185904]\n [ 0.01918771  4.98251828  2.0585536  -0.27808784 -0.91962407 -1.1331777 ]\n [ 0.19701643  2.0585536   4.20942002  0.18898444 -0.58975439 -0.83156323]\n [-0.74860104 -0.27808784  0.18898444  4.34832119 -0.27333663  0.00982269]\n [-0.43723496 -0.91962407 -0.58975439 -0.27333663  3.81212772 -0.0121312 ]\n [-0.25185904 -1.1331777  -0.83156323  0.00982269 -0.0121312   3.86814723]]", "nfev": "161", "njev": "23", "status": "0", "success": "True", "message": "Optimization terminated successfully.", "x": "[8.26704948 2.8555222  4.17325996 4.80887803 1.79806214 2.01511016]", "nit": "20"}, "21": {"maxiter": 1000, "gtol": 1e-10, "xrtol": 1e-05, "eps": 1e-10, "duration": 0.027322769165039062, "fun": "0.4138118959933099", "jac": "[-2.22044587e-06  0.00000000e+00 -2.22044587e-06 -4.44089173e-06\n -4.44089173e-06 -3.33066880e-06]", "hess_inv": "[[ 4.23333765  0.16853111  0.46970074 -0.78878209 -0.6767479  -0.4189462 ]\n [ 0.16853111  4.63204978  1.81544816 -0.40729947 -0.86581825 -1.12496073]\n [ 0.46970074  1.81544816  4.12134554 -0.0082862  -0.6719407  -0.94252942]\n [-0.78878209 -0.40729947 -0.0082862   4.27266707 -0.12643865  0.05765301]\n [-0.6767479  -0.86581825 -0.6719407  -0.12643865  3.93741646  0.13196313]\n [-0.4189462  -1.12496073 -0.94252942  0.05765301  0.13196313  3.9703064 ]]", "nfev": "161", "njev": "23", "status": "0", "success": "True", "message": "Optimization terminated successfully.", "x": "[8.2670552  2.85553423 4.17327133 4.808876   1.798056   2.01510298]", "nit": "20"}, "22": {"maxiter": 1000, "gtol": 1e-10, "xrtol": 1e-10, "eps": 1e-05, "duration": 0.06708192825317383, "fun": "0.4138118959870122", "jac": "[-5.39679412e-08 -6.65689726e-08  6.31494856e-08  2.43949305e-07\n -6.29940544e-08  2.18203233e-07]", "hess_inv": "[[ 4.0861703   0.06549175  0.19450753 -0.86534782 -0.41025732 -0.34120861]\n [ 0.06549175  5.03044321  2.04123963 -0.4242898  -0.87376445 -1.23664191]\n [ 0.19450753  2.04123963  4.13929912  0.11015243 -0.513234   -0.85120169]\n [-0.86534782 -0.4242898   0.11015243  4.56740236 -0.25278     0.22717348]\n [-0.41025732 -0.87376445 -0.513234   -0.25278     3.74255365 -0.04164311]\n [-0.34120861 -1.23664191 -0.85120169  0.22717348 -0.04164311  4.0489488 ]]", "nfev": "382", "njev": "53", "status": "2", "success": "False", "message": "Desired error not necessarily achieved due to precision loss.", "x": "[8.26704948 2.8555222  4.17325996 4.80887803 1.79806214 2.01511016]", "nit": "20"}, "23": {"maxiter": 1000, "gtol": 1e-10, "xrtol": 1e-10, "eps": 1e-10, "duration": 0.04906177520751953, "fun": "0.41381189597499524", "jac": "[2.22044587e-06 0.00000000e+00 2.22044587e-06 1.11022293e-06\n 1.11022293e-06 1.11022293e-06]", "hess_inv": "[[ 0.74239386 -0.49047461 -0.09723908 -0.18736469  0.73727645 -0.98308954]\n [-0.49047461  1.14140955 -0.21863985  0.89011032 -1.12044566  0.51686728]\n [-0.09723908 -0.21863985  0.2564068  -0.24594119  0.10139558  0.07841373]\n [-0.18736469  0.89011032 -0.24594119  1.04312197 -0.99094769  0.13979967]\n [ 0.73727645 -1.12044566  0.10139558 -0.99094769  1.56980842 -1.04028768]\n [-0.98308954  0.51686728  0.07841373  0.13979967 -1.04028768  1.59699364]]", "nfev": "273", "njev": "39", "status": "0", "success": "True", "message": "Optimization terminated successfully.", "x": "[8.26705702 2.85553194 4.17327128 4.80887926 1.79806389 2.01511177]", "nit": "29"}}, "cobyla": {"0": {"maxiter": 100, "tol": 1e-05, "catol": 1e-05, "duration": 0.0160830020904541, "x": "[8.26715319 2.85614478 4.17385527 4.80869317 1.79802761 2.01479824]", "status": "2", "success": "False", "message": "Maximum number of function evaluations has been exceeded.", "nfev": "100", "fun": "0.41381195530307946", "maxcv": "0.0"}, "1": {"maxiter": 100, "tol": 1e-05, "catol": 1e-10, "duration": 0.01598501205444336, "x": "[8.26715319 2.85614478 4.17385527 4.80869317 1.79802761 2.01479824]", "status": "2", "success": "False", "message": "Maximum number of function evaluations has been exceeded.", "nfev": "100", "fun": "0.41381195530307946", "maxcv": "0.0"}, "2": {"maxiter": 100, "tol": 1e-10, "catol": 1e-05, "duration": 0.01598501205444336, "x": "[8.26715319 2.85614478 4.17385527 4.80869317 1.79802761 2.01479824]", "status": "2", "success": "False", "message": "Maximum number of function evaluations has been exceeded.", "nfev": "100", "fun": "0.41381195530307946", "maxcv": "0.0"}, "3": {"maxiter": 100, "tol": 1e-10, "catol": 1e-10, "duration": 0.015984058380126953, "x": "[8.26715319 2.85614478 4.17385527 4.80869317 1.79802761 2.01479824]", "status": "2", "success": "False", "message": "Maximum number of function evaluations has been exceeded.", "nfev": "100", "fun": "0.41381195530307946", "maxcv": "0.0"}, "4": {"maxiter": 500, "tol": 1e-05, "catol": 1e-05, "duration": 0.023276090621948242, "x": "[8.26705343 2.85552222 4.17326305 4.80887469 1.79806092 2.015116  ]", "status": "1", "success": "True", "message": "Optimization terminated successfully.", "nfev": "145", "fun": "0.41381189598516277", "maxcv": "0.0"}, "5": {"maxiter": 500, "tol": 1e-05, "catol": 1e-10, "duration": 0.023257017135620117, "x": "[8.26705343 2.85552222 4.17326305 4.80887469 1.79806092 2.015116  ]", "status": "1", "success": "True", "message": "Optimization terminated successfully.", "nfev": "145", "fun": "0.41381189598516277", "maxcv": "0.0"}, "6": {"maxiter": 500, "tol": 1e-10, "catol": 1e-05, "duration": 0.03790593147277832, "x": "[8.26705313 2.85552905 4.17326724 4.80888065 1.79806481 2.01511151]", "status": "1", "success": "True", "message": "Optimization terminated successfully.", "nfev": "237", "fun": "0.4138118959708952", "maxcv": "0.0"}, "7": {"maxiter": 500, "tol": 1e-10, "catol": 1e-10, "duration": 0.037921905517578125, "x": "[8.26705313 2.85552905 4.17326724 4.80888065 1.79806481 2.01511151]", "status": "1", "success": "True", "message": "Optimization terminated successfully.", "nfev": "237", "fun": "0.4138118959708952", "maxcv": "0.0"}, "8": {"maxiter": 1000, "tol": 1e-05, "catol": 1e-05, "duration": 0.02329277992248535, "x": "[8.26705343 2.85552222 4.17326305 4.80887469 1.79806092 2.015116  ]", "status": "1", "success": "True", "message": "Optimization terminated successfully.", "nfev": "145", "fun": "0.41381189598516277", "maxcv": "0.0"}, "9": {"maxiter": 1000, "tol": 1e-05, "catol": 1e-10, "duration": 0.023298025131225586, "x": "[8.26705343 2.85552222 4.17326305 4.80887469 1.79806092 2.015116  ]", "status": "1", "success": "True", "message": "Optimization terminated successfully.", "nfev": "145", "fun": "0.41381189598516277", "maxcv": "0.0"}, "10": {"maxiter": 1000, "tol": 1e-10, "catol": 1e-05, "duration": 0.038134098052978516, "x": "[8.26705313 2.85552905 4.17326724 4.80888065 1.79806481 2.01511151]", "status": "1", "success": "True", "message": "Optimization terminated successfully.", "nfev": "237", "fun": "0.4138118959708952", "maxcv": "0.0"}, "11": {"maxiter": 1000, "to