{"date": "2024/07/19/, 19:05:07", "conf_id": 286, "data_type": "var_s_rank\n", "num_data_points": 3, "s_rank": 0, "unitary": "[[-0.56303964-0.00798273j,-0.21670212-0.15784972j,-0.06047197-0.73952673j,-0.01438004+0.24552571j],[-0.06976756+0.23474685j,-0.01275565-0.5435098j,-0.02703657-0.08917885j,-0.08210486-0.79311774j],[-0.38559961+0.10714929j,0.5933431-0.2687392j,-0.24060861+0.29149289j,-0.45147719+0.26241743j],[-0.50180421+0.45931857j,-0.11617175+0.44134496j,0.49642745+0.22684508j,-0.08544628-0.15407063j]]", "databatch_0": {"databatch": "[[[-0.05565162-0.12927482j,-0.42587296+0.02089178j,-0.00947309-0.09603647j,-0.1165004-0.23876332j],[-0.08602032-0.33397187j,0.22165346+0.03962024j,0.07980231-0.20164753j,-0.16273002+0.22077646j],[-0.31647059-0.0539686j,-0.37257865+0.02372214j,-0.17215675-0.14381943j,-0.05327521-0.07989514j],[0.13871844+0.11334772j,0.06974829-0.19951168j,0.04347703+0.09870921j,0.18274676-0.05315855j]],[[-0.03498507-0.04095348j,-0.08356688+0.0148396j,-0.0634501+0.14985364j,-0.09284924-0.11381185j],[-0.30059045-0.11273372j,-0.20235889-0.14088167j,-0.34901735+0.1492749j,-0.02898181-0.16314552j],[0.34043772+0.09086713j,0.27076164+0.00303283j,0.21642598-0.40189055j,0.26372029+0.19077581j],[-0.04817253+0.14072278j,0.06308545+0.01868544j,0.10771834-0.11413941j,0.08436026+0.19091991j]],[[-0.17741177-0.05051034j,-0.24453639+0.07379998j,-0.21363699+0.01796574j,-0.04362583+0.24556498j],[-0.03723999+0.01407057j,0.12133484+0.10693509j,0.00507462+0.07429387j,0.09267475-0.03525684j],[-0.19056593+0.29807245j,0.06457392+0.32561245j,-0.03915165+0.35951814j,0.33761838+0.14421916j],[0.18947779+0.14612747j,0.22006479+0.10614359j,0.21892233+0.08900772j,0.19735133-0.19174746j]]]", "initial param values": "[3.80486093,3.61328657,2.75167595,0.35923582,3.47618093,0.76141484]", "nelder_mead": {"type": "gradient-free", "0": {"maxiter": 100, "fatol": 1e-05, "xatol": 1e-05, "duration": 0.02802300453186035, "fun": "0.4841573569957527", "nit": "100", "nfev": "163", "status": "2", "success": "False", "message": "Maximum number of iterations has been exceeded.", "x": "[1.72728255 3.3594704  3.43850977 0.38256154 3.95970107 0.69400163]", "final_simplex": "(array([[1.72728255, 3.3594704 , 3.43850977, 0.38256154, 3.95970107,\n        0.69400163],\n       [1.71538529, 3.37354539, 3.44042616, 0.38638471, 3.92267989,\n        0.70516723],\n       [1.75949287, 3.31402278, 3.43074142, 0.38314738, 3.95682693,\n        0.70529201],\n       [1.71994082, 3.31439231, 3.4294866 , 0.38971566, 3.88797654,\n        0.71998007],\n       [1.71081783, 3.33357425, 3.42697006, 0.38372012, 3.96585151,\n        0.70050869],\n       [1.75587065, 3.37803577, 3.41346235, 0.38544011, 3.90564066,\n        0.71340124],\n       [1.74709559, 3.35899732, 3.46254251, 0.38895026, 3.84078767,\n        0.75426865]]), array([0.48415736, 0.4842707 , 0.4843065 , 0.48436261, 0.48441396,\n       0.4844833 , 0.48453097]))"}, "1": {"maxiter": 100, "fatol": 1e-05, "xatol": 1e-10, "duration": 0.028219223022460938, "fun": "0.4841573569957527", "nit": "100", "nfev": "163", "status": "2", "success": "False", "message": "Maximum number of iterations has been exceeded.", "x": "[1.72728255 3.3594704  3.43850977 0.38256154 3.95970107 0.69400163]", "final_simplex": "(array([[1.72728255, 3.3594704 , 3.43850977, 0.38256154, 3.95970107,\n        0.69400163],\n       [1.71538529, 3.37354539, 3.44042616, 0.38638471, 3.92267989,\n        0.70516723],\n       [1.75949287, 3.31402278, 3.43074142, 0.38314738, 3.95682693,\n        0.70529201],\n       [1.71994082, 3.31439231, 3.4294866 , 0.38971566, 3.88797654,\n        0.71998007],\n       [1.71081783, 3.33357425, 3.42697006, 0.38372012, 3.96585151,\n        0.70050869],\n       [1.75587065, 3.37803577, 3.41346235, 0.38544011, 3.90564066,\n        0.71340124],\n       [1.74709559, 3.35899732, 3.46254251, 0.38895026, 3.84078767,\n        0.75426865]]), array([0.48415736, 0.4842707 , 0.4843065 , 0.48436261, 0.48441396,\n       0.4844833 , 0.48453097]))"}, "2": {"maxiter": 100, "fatol": 1e-10, "xatol": 1e-05, "duration": 0.028111696243286133, "fun": "0.4841573569957527", "nit": "100", "nfev": "163", "status": "2", "success": "False", "message": "Maximum number of iterations has been exceeded.", "x": "[1.72728255 3.3594704  3.43850977 0.38256154 3.95970107 0.69400163]", "final_simplex": "(array([[1.72728255, 3.3594704 , 3.43850977, 0.38256154, 3.95970107,\n        0.69400163],\n       [1.71538529, 3.37354539, 3.44042616, 0.38638471, 3.92267989,\n        0.70516723],\n       [1.75949287, 3.31402278, 3.43074142, 0.38314738, 3.95682693,\n        0.70529201],\n       [1.71994082, 3.31439231, 3.4294866 , 0.38971566, 3.88797654,\n        0.71998007],\n       [1.71081783, 3.33357425, 3.42697006, 0.38372012, 3.96585151,\n        0.70050869],\n       [1.75587065, 3.37803577, 3.41346235, 0.38544011, 3.90564066,\n        0.71340124],\n       [1.74709559, 3.35899732, 3.46254251, 0.38895026, 3.84078767,\n        0.75426865]]), array([0.48415736, 0.4842707 , 0.4843065 , 0.48436261, 0.48441396,\n       0.4844833 , 0.48453097]))"}, "3": {"maxiter": 100, "fatol": 1e-10, "xatol": 1e-10, "duration": 0.028060197830200195, "fun": "0.4841573569957527", "nit": "100", "nfev": "163", "status": "2", "success": "False", "message": "Maximum number of iterations has been exceeded.", "x": "[1.72728255 3.3594704  3.43850977 0.38256154 3.95970107 0.69400163]", "final_simplex": "(array([[1.72728255, 3.3594704 , 3.43850977, 0.38256154, 3.95970107,\n        0.69400163],\n       [1.71538529, 3.37354539, 3.44042616, 0.38638471, 3.92267989,\n        0.70516723],\n       [1.75949287, 3.31402278, 3.43074142, 0.38314738, 3.95682693,\n        0.70529201],\n       [1.71994082, 3.31439231, 3.4294866 , 0.38971566, 3.88797654,\n        0.71998007],\n       [1.71081783, 3.33357425, 3.42697006, 0.38372012, 3.96585151,\n        0.70050869],\n       [1.75587065, 3.37803577, 3.41346235, 0.38544011, 3.90564066,\n        0.71340124],\n       [1.74709559, 3.35899732, 3.46254251, 0.38895026, 3.84078767,\n        0.75426865]]), array([0.48415736, 0.4842707 , 0.4843065 , 0.48436261, 0.48441396,\n       0.4844833 , 0.48453097]))"}, "4": {"maxiter": 500, "fatol": 1e-05, "xatol": 1e-05, "duration": 0.12595796585083008, "fun": "0.472468170716278", "nit": "458", "nfev": "728", "status": "0", "success": "True", "message": "Optimization terminated successfully.", "x": "[ 1.64956851  3.24537403  3.31315645  0.38827328  4.86743221 -0.40971149]", "final_simplex": "(array([[ 1.64956851,  3.24537403,  3.31315645,  0.38827328,  4.86743221,\n        -0.40971149],\n       [ 1.64956893,  3.24537415,  3.31315773,  0.38827212,  4.86742676,\n        -0.40970459],\n       [ 1.64956673,  3.24537018,  3.31316031,  0.38827274,  4.86743444,\n        -0.40970846],\n       [ 1.64956829,  3.24537229,  3.31315697,  0.38827455,  4.86743365,\n        -0.40970945],\n       [ 1.64956678,  3.24537178,  3.31315715,  0.38827064,  4.86743396,\n        -0.40970963],\n       [ 1.64957023,  3.2453728 ,  3.31315636,  0.38827247,  4.86742629,\n        -0.40970466],\n       [ 1.64956724,  3.2453757 ,  3.3131537 ,  0.38827758,  4.86742277,\n        -0.40970558]]), array([0.47246817, 0.47246817, 0.47246817, 0.47246817, 0.47246817,\n       0.47246817, 0.47246817]))"}, "5": {"maxiter": 500, "fatol": 1e-05, "xatol": 1e-10, "duration": 0.13716506958007812, "fun": "0.4724681707159767", "nit": "500", "nfev": "800", "status": "2", "success": "False", "message": "Maximum number of iterations has been exceeded.", "x": "[ 1.64956694  3.24537314  3.31315745  0.38827415  4.86743119 -0.40970959]", "final_simplex": "(array([[ 1.64956694,  3.24537314,  3.31315745,  0.38827415,  4.86743119,\n        -0.40970959],\n       [ 1.64956694,  3.24537303,  3.31315752,  0.38827401,  4.86743125,\n        -0.40970945],\n       [ 1.6495669 ,  3.24537306,  3.31315753,  0.38827409,  4.86743113,\n        -0.40970942],\n       [ 1.64956697,  3.2453731 ,  3.31315743,  0.388274  ,  4.86743109,\n        -0.40970942],\n       [ 1.64956704,  3.24537314,  3.31315742,  0.38827409,  4.86743088,\n        -0.40970932],\n       [ 1.64956693,  3.24537313,  3.31315755,  0.388274  ,  4.86743122,\n        -0.40970938],\n       [ 1.64956698,  3.24537311,  3.31315758,  0.38827405,  4.86743133,\n        -0.40970967]]), array([0.47246817, 0.47246817, 0.47246817, 0.47246817, 0.47246817,\n       0.47246817, 0.47246817]))"}, "6": {"maxiter": 500, "fatol": 1e-10, "xatol": 1e-05, "duration": 0.12495994567871094, "fun": "0.472468170716278", "nit": "458", "nfev": "728", "status": "0", "success": "True", "message": "Optimization terminated successfully.", "x": "[ 1.64956851  3.24537403  3.31315645  0.38827328  4.86743221 -0.40971149]", "final_simplex": "(array([[ 1.64956851,  3.24537403,  3.31315645,  0.38827328,  4.86743221,\n        -0.40971149],\n       [ 1.64956893,  3.24537415,  3.31315773,  0.38827212,  4.86742676,\n        -0.40970459],\n       [ 1.64956673,  3.24537018,  3.31316031,  0.38827274,  4.86743444,\n        -0.40970846],\n       [ 1.64956829,  3.24537229,  3.31315697,  0.38827455,  4.86743365,\n        -0.40970945],\n       [ 1.64956678,  3.24537178,  3.31315715,  0.38827064,  4.86743396,\n        -0.40970963],\n       [ 1.64957023,  3.2453728 ,  3.31315636,  0.38827247,  4.86742629,\n        -0.40970466],\n       [ 1.64956724,  3.2453757 ,  3.3131537 ,  0.38827758,  4.86742277,\n        -0.40970558]]), array([0.47246817, 0.47246817, 0.47246817, 0.47246817, 0.47246817,\n       0.47246817, 0.47246817]))"}, "7": {"maxiter": 500, "fatol": 1e-10, "xatol": 1e-10, "duration": 0.13732075691223145, "fun": "0.4724681707159767", "nit": "500", "nfev": "800", "status": "2", "success": "False", "message": "Maximum number of iterations has been exceeded.", "x": "[ 1.64956694  3.24537314  3.31315745  0.38827415  4.86743119 -0.40970959]", "final_simplex": "(array([[ 1.64956694,  3.24537314,  3.31315745,  0.38827415,  4.86743119,\n        -0.40970959],\n       [ 1.64956694,  3.24537303,  3.31315752,  0.38827401,  4.86743125,\n        -0.40970945],\n       [ 1.6495669 ,  3.24537306,  3.31315753,  0.38827409,  4.86743113,\n        -0.40970942],\n       [ 1.64956697,  3.2453731 ,  3.31315743,  0.388274  ,  4.86743109,\n        -0.40970942],\n       [ 1.64956704,  3.24537314,  3.31315742,  0.38827409,  4.86743088,\n        -0.40970932],\n       [ 1.64956693,  3.24537313,  3.31315755,  0.388274  ,  4.86743122,\n        -0.40970938],\n       [ 1.64956698,  3.24537311,  3.31315758,  0.38827405,  4.86743133,\n        -0.40970967]]), array([0.47246817, 0.47246817, 0.47246817, 0.47246817, 0.47246817,\n       0.47246817, 0.47246817]))"}, "8": {"maxiter": 1000, "fatol": 1e-05, "xatol": 1e-05, "duration": 0.12467598915100098, "fun": "0.472468170716278", "nit": "458", "nfev": "728", "status": "0", "success": "True", "message": "Optimization terminated successfully.", "x": "[ 1.64956851  3.24537403  3.31315645  0.38827328  4.86743221 -0.40971149]", "final_simplex": "(array([[ 1.64956851,  3.24537403,  3.31315645,  0.38827328,  4.86743221,\n        -0.40971149],\n       [ 1.64956893,  3.24537415,  3.31315773,  0.38827212,  4.86742676,\n        -0.40970459],\n       [ 1.64956673,  3.24537018,  3.31316031,  0.38827274,  4.86743444,\n        -0.40970846],\n       [ 1.64956829,  3.24537229,  3.31315697,  0.38827455,  4.86743365,\n        -0.40970945],\n       [ 1.64956678,  3.24537178,  3.31315715,  0.38827064,  4.86743396,\n        -0.40970963],\n       [ 1.64957023,  3.2453728 ,  3.31315636,  0.38827247,  4.86742629,\n        -0.40970466],\n       [ 1.64956724,  3.2453757 ,  3.3131537 ,  0.38827758,  4.86742277,\n        -0.40970558]]), array([0.47246817, 0.47246817, 0.47246817, 0.47246817, 0.47246817,\n       0.47246817, 0.47246817]))"}, "9": {"maxiter": 1000, "fatol": 1e-05, "xatol": 1e-10, "duration": 0.16033196449279785, "fun": "0.47246817071597613", "nit": "544", "nfev": "942", "status": "0", "success": "True", "message": "Optimization terminated successfully.", "x": "[ 1.64956697  3.24537313  3.31315746  0.38827408  4.86743113 -0.40970948]", "final_simplex": "(array([[ 1.64956697,  3.24537313,  3.31315746,  0.38827408,  4.86743113,\n        -0.40970948],\n       [ 1.64956697,  3.24537313,  3.31315746,  0.38827408,  4.86743113,\n        -0.40970948],\n       [ 1.64956697,  3.24537313,  3.31315746,  0.38827408,  4.86743113,\n        -0.40970948],\n       [ 1.64956697,  3.24537313,  3.31315746,  0.38827408,  4.86743113,\n        -0.40970948],\n       [ 1.64956697,  3.24537313,  3.31315746,  0.38827408,  4.86743113,\n        -0.40970948],\n       [ 1.64956697,  3.24537313,  3.31315746,  0.38827408,  4.86743113,\n        -0.40970948],\n       [ 1.64956697,  3.24537313,  3.31315746,  0.38827408,  4.86743113,\n        -0.40970948]]), array([0.47246817, 0.47246817, 0.47246817, 0.47246817, 0.47246817,\n       0.47246817, 0.47246817]))"}, "10": {"maxiter": 1000, "fatol": 1e-10, "xatol": 1e-05, "duration": 0.12427783012390137, "fun": "0.472468170716278", "nit": "458", "nfev": "728", "status": "0", "success": "True", "message": "Optimization terminated successfully.", "x": "[ 1.64956851  3.24537403  3.31315645  0.38827328  4.86743221 -0.40971149]", "final_simplex": "(array([[ 1.64956851,  3.24537403,  3.31315645,  0.38827328,  4.86743221,\n        -0.40971149],\n       [ 1.64956893,  3.24537415,  3.31315773,  0.38827212,  4.86742676,\n        -0.40970459],\n       [ 1.64956673,  3.24537018,  3.31316031,  0.38827274,  4.86743444,\n        -0.40970846],\n       [ 1.64956829,  3.24537229,  3.31315697,  0.38827455,  4.86743365,\n        -0.40970945],\n       [ 1.64956678,  3.24537178,  3.31315715,  0.38827064,  4.86743396,\n        -0.40970963],\n       [ 1.64957023,  3.2453728 ,  3.31315636,  0.38827247,  4.86742629,\n        -0.40970466],\n       [ 1.64956724,  3.2453757 ,  3.3131537 ,  0.38827758,  4.86742277,\n        -0.40970558]]), array([0.47246817, 0.47246817, 0.47246817, 0.47246817, 0.47246817,\n       0.47246817, 0.47246817]))"}, "11": {"maxiter": 1000, "fatol": 1e-10, "xatol": 1e-10, "duration": 0.16049575805664062, "fun": "0.47246817071597613", "nit": "544", "nfev": "942", "status": "0", "success": "True", "message": "Optimization terminated successfully.", "x": "[ 1.64956697  3.24537313  3.31315746  0.38827408  4.86743113 -0.40970948]", "final_simplex": "(array([[ 1.64956697,  3.24537313,  3.31315746,  0.38827408,  4.86743113,\n        -0.40970948],\n       [ 1.64956697,  3.24537313,  3.31315746,  0.38827408,  4.86743113,\n        -0.40970948],\n       [ 1.64956697,  3.24537313,  3.31315746,  0.38827408,  4.86743113,\n        -0.40970948],\n       [ 1.64956697,  3.24537313,  3.31315746,  0.38827408,  4.86743113,\n        -0.40970948],\n       [ 1.64956697,  3.24537313,  3.31315746,  0.38827408,  4.86743113,\n        -0.40970948],\n       [ 1.64956697,  3.24537313,  3.31315746,  0.38827408,  4.86743113,\n        -0.40970948],\n       [ 1.64956697,  3.24537313,  3.31315746,  0.38827408,  4.86743113,\n        -0.40970948]]), array([0.47246817, 0.47246817, 0.47246817, 0.47246817, 0.47246817,\n       0.47246817, 0.47246817]))"}}, "bfgs": {"type": "gradient", "0": {"maxiter": 100, "gtol": 1e-05, "xrtol": 1e-05, "eps": 1e-05, "duration": 0.045081138610839844, "fun": "0.4724681707457249", "jac": "[ 4.60342875e-07 -1.76447745e-07  2.39765985e-06 -8.21476220e-07\n -9.33142452e-07 -1.35367273e-06]", "hess_inv": "[[ 11.24764026   4.19088311  -0.49684827  -4.11181992  -7.99897961\n    5.44251994]\n [  4.19088311  10.59627895  -3.11826024   1.62923687 -16.90662243\n    7.55522241]\n [ -0.49684827  -3.11826024   8.81285377  -4.32427809   3.84289597\n    4.12407866]\n [ -4.11181992   1.62923687  -4.32427809   9.6194564   -3.34080846\n   -3.53667711]\n [ -7.99897961 -16.90662243   3.84289597  -3.34080846  61.91946484\n  -42.68685977]\n [  5.44251994   7.55522241   4.12407866  -3.53667711 -42.68685977\n   43.58577614]]", "nfev": "259", "njev": "37", "status": "0", "success": "True", "message": "Optimization terminated successfully.", "x": "[ 1.64956827  3.24536219  3.31316998  0.38826     4.86745589 -0.40972915]", "nit": "31"}, "1": {"maxiter": 100, "gtol": 1e-05, "xrtol": 1e-05, "eps": 1e-10, "duration": 0.0448760986328125, "fun": "0.4724681707404761", "jac": "[-1.11022293e-06  0.00000000e+00  0.00000000e+00 -1.11022293e-06\n  0.00000000e+00 -1.11022293e-06]", "hess_inv": "[[ 11.17586101   3.93495659  -0.27525543  -4.40120662  -8.39134712\n    6.10835295]\n [  3.93495659  10.18397057  -2.86584701   1.44747306 -17.27315071\n    8.24132965]\n [ -0.27525543  -2.86584701   8.78448606  -4.36163303   3.88075826\n    3.89605067]\n [ -4.40120662   1.44747306  -4.36163303   9.96201348  -2.76950725\n   -4.12952208]\n [ -8.39134712 -17.27315071   3.88075826  -2.76950725  63.79287612\n  -44.72992692]\n [  6.10835295   8.24132965   3.89605067  -4.12952208 -44.72992692\n   45.57442801]]", "nfev": "259", "njev": "37", "status": "0", "success": "True", "message": "Optimization terminated successfully.", "x": "[ 1.64956431  3.24536438  3.31317705  0.38826932  4.86745085 -0.40971008]", "nit": "31"}, "2": {"maxiter": 100, "gtol": 1e-05, "xrtol": 1e-10, "eps": 1e-05, "duration": 0.04467415809631348, "fun": "0.4724681707457249", "jac": "[ 4.60342875e-07 -1.76447745e-07  2.39765985e-06 -8.21476220e-07\n -9.33142452e-07 -1.35367273e-06]", "hess_inv": "[[ 11.24764026   4.19088311  -0.49684827  -4.11181992  -7.99897961\n    5.44251994]\n [  4.19088311  10.59627895  -3.11826024   1.62923687 -16.90662243\n    7.55522241]\n [ -0.49684827  -3.11826024   8.81285377  -4.32427809   3.84289597\n    4.12407866]\n [ -4.11181992   1.62923687  -4.32427809   9.6194564   -3.34080846\n   -3.53667711]\n [ -7.99897961 -16.90662243   3.84289597  -3.34080846  61.91946484\n  -42.68685977]\n [  5.44251994   7.55522241   4.12407866  -3.53667711 -42.68685977\n   43.58577614]]", "nfev": "259", "njev": "37", "status": "0", "success": "True", "message": "Optimization terminated successfully.", "x": "[ 1.64956827  3.24536219  3.31316998  0.38826     4.86745589 -0.40972915]", "nit": "31"}, "3": {"maxiter": 100, "gtol": 1e-05, "xrtol": 1e-10, "eps": 1e-10, "duration": 0.04470396041870117, "fun": "0.4724681707404761", "jac": "[-1.11022293e-06  0.00000000e+00  0.00000000e+00 -1.11022293e-06\n  0.00000000e+00 -1.11022293e-06]", "hess_inv": "[[ 11.17586101   3.93495659  -0.27525543  -4.40120662  -8.39134712\n    6.10835295]\n [  3.93495659  10.18397057  -2.86584701   1.44747306 -17.27315071\n    8.24132965]\n [ -0.27525543  -2.86584701   8.78448606  -4.36163303   3.88075826\n    3.89605067]\n [ -4.40120662   1.44747306  -4.36163303   9.96201348  -2.76950725\n   -4.12952208]\n [ -8.39134712 -17.27315071   3.88075826  -2.76950725  63.79287612\n  -44.72992692]\n [  6.10835295   8.24132965   3.89605067  -4.12952208 -44.72992692\n   45.57442801]]", "nfev": "259", "njev": "37", "status": "0", "success": "True", "message": "Optimization terminated successfully.", "x": "[ 1.64956431  3.24536438  3.31317705  0.38826932  4.86745085 -0.40971008]", "nit": "31"}, "4": {"maxiter": 100, "gtol": 1e-10, "xrtol": 1e-05, "eps": 1e-05, "duration": 0.04579496383666992, "fun": "0.47246817072613645", "jac": "[-1.46438417e-08 -3.63820085e-08  4.69735362e-08 -8.24562640e-08\n -6.75015599e-09 -3.36952688e-08]", "hess_inv": "[[ 11.35521426   4.19609922  -0.28580699  -4.25477797  -7.97845397\n    5.40025111]\n [  4.19609922  10.43620767  -2.98780203   1.4583095  -16.45260441\n    7.43692903]\n [ -0.28580699  -2.98780203   9.13672437  -4.48175848   3.54344758\n    4.12832444]\n [ -4.25477797   1.4583095   -4.48175848   9.64168638  -2.90468887\n   -3.59941064]\n [ -7.97845397 -16.45260441   3.54344758  -2.90468887  60.64328991\n  -42.36645856]\n [  5.40025111   7.43692903   4.12832444  -3.59941064 -42.36645856\n   43.5181016 ]]", "nfev": "266", "njev": "38", "status": "0", "success": "True", "message": "Optimization terminated successfully.", "x": "[ 1.64956084  3.24536518  3.3131529   0.3882733   4.86744501 -0.4097238 ]", "nit": "32"}, "5": {"maxiter": 100, "gtol": 1e-10, "xrtol": 1e-05, "eps": 1e-10, "duration": 0.04939913749694824, "fun": "0.4724681707402717", "jac": "[1.11022293e-06 0.00000000e+00 2.22044587e-06 1.11022293e-06\n 1.11022293e-06 1.11022293e-06]", "hess_inv": "[[ 11.06811624   3.80840396  -0.44235402  -4.37493291  -7.52339172\n    5.54954342]\n [  3.80840396  10.03709369  -3.03784044   1.47297617 -16.30978774\n    7.60754121]\n [ -0.44235402  -3.03784044   8.85885078  -4.39448827   4.45602256\n    3.33946409]\n [ -4.37493291   1.47297617  -4.39448827   9.97184979  -2.81104747\n   -4.0616814 ]\n [ -7.52339172 -16.30978774   4.45602256  -2.81104747  58.58247283\n  -40.94495762]\n [  5.54954342   7.60754121   3.33946409  -4.0616814  -40.94495762\n   42.96445718]]", "nfev": "287", "njev": "41", "status": "0", "success": "True", "message": "Optimization terminated successfully.", "x": "[ 1.64956477  3.24536486  3.313177    0.38826938  4.86744893 -0.40970841]", "nit": "32"}, "6": {"maxiter": 100, "gtol": 1e-10, "xrtol": 1e-10, "eps": 1e-05, "duration": 0.062210798263549805, "fun": "0.47246817072555636", "jac": "[ 3.33066907e-09  3.35287353e-09 -2.88657986e-10  3.25295346e-09\n  5.60662627e-09  5.22915045e-09]", "hess_inv": "[[ 11.25759499   3.98075475  -0.20723472  -4.39167523  -7.47224575\n    5.13497908]\n [  3.98075475  10.51301549  -3.33942863   1.75234837 -16.8491377\n    7.45846429]\n [ -0.20723472  -3.33942863   9.55754776  -4.92934198   4.58778528\n    3.77867343]\n [ -4.39167523   1.75234837  -4.92934198  10.08790981  -3.83656838\n   -3.32454416]\n [ -7.47224575 -16.8491377    4.58778528  -3.83656838  62.15774146\n  -42.66578864]\n [  5.13497908   7.45846429   3.77867343  -3.32454416 -42.66578864\n   43.45151067]]", "nfev": "362", "njev": "50", "status": "2", "success": "False", "message": "Desired error not necessarily achieved due to precision loss.", "x": "[ 1.64956094  3.24536606  3.31315209  0.38827421  4.86744277 -0.40972271]", "nit": "33"}, "7": {"maxiter": 100, "gtol": 1e-10, "xrtol": 1e-10, "eps": 1e-10, "duration": 0.09459495544433594, "fun": "0.4724681707241448", "jac": "[2.22044587e-06 1.11022293e-06 2.22044587e-06 2.22044587e-06\n 2.22044587e-06 2.22044587e-06]", "hess_inv": "[[  1.88006871  -6.29959828   1.83657854  -2.58361345   7.62005214\n   -5.0050471 ]\n [ -6.29959828  21.61985919  -6.48852494   8.87642002 -26.10865881\n   17.4715074 ]\n [  1.83657854  -6.48852494   2.16781537  -2.76282975   7.8172105\n   -5.43063203]\n [ -2.58361345   8.87642002  -2.76282975   3.72475629 -10.73385815\n    7.23572599]\n [  7.62005214 -26.10865881   7.8172105  -10.73385815  31.55868844\n  -21.08835294]\n [ -5.0050471   17.4715074   -5.43063203   7.23572599 -21.08835294\n   14.35319448]]", "nfev": "553", "njev": "79", "status": "0", "success": "True", "message": "Optimization terminated successfully.", "x": "[ 1.64956727  3.24537039  3.31316616  0.38827414  4.86742484 -0.40969576]", "nit": "47"}, "8": {"maxiter": 500, "gtol": 1e-05, "xrtol": 1e-05, "eps": 1e-05, "duration": 0.044587135314941406, "fun": "0.4724681707457249", "jac": "[ 4.60342875e-07 -1.76447745e-07  2.39765985e-06 -8.21476220e-07\n -9.33142452e-07 -1.35367273e-06]", "hess_inv": "[[ 11.24764026   4.19088311  -0.49684827  -4.11181992  -7.99897961\n    5.44251994]\n [  4.19088311  10.59627895  -3.11826024   1.62923687 -16.90662243\n    7.55522241]\n [ -0.49684827  -3.11826024   8.81285377  -4.32427809   3.84289597\n    4.12407866]\n [ -4.11181992   1.62923687  -4.32427809   9.6194564   -3.34080846\n   -3.53667711]\n [ -7.99897961 -16.90662243   3.84289597  -3.34080846  61.91946484\n  -42.68685977]\n [  5.44251994   7.55522241   4.12407866  -3.53667711 -42.68685977\n   43.58577614]]", "nfev": "259", "njev": "37", "status": "0", "success": "True", "message": "Optimization terminated successfully.", "x": "[ 1.64956827  3.24536219  3.31316998  0.38826     4.86745589 -0.40972915]", "nit": "31"}, "9": {"maxiter": 500, "gtol": 1e-05, "xrtol": 1e-05, "eps": 1e-10, "duration": 0.04485917091369629, "fun": "0.4724681707404761", "jac": "[-1.11022293e-06  0.00000000e+00  0.00000000e+00 -1.11022293e-06\n  0.00000000e+00 -1.11022293e-06]", "hess_inv": "[[ 11.17586101   3.93495659  -0.27525543  -4.40120662  -8.39134712\n    6.10835295]\n [  3.93495659  10.18397057  -2.86584701   1.44747306 -17.27315071\n    8.24132965]\n [ -0.27525543  -2.86584701   8.78448606  -4.36163303   3.88075826\n    3.89605067]\n [ -4.40120662   1.44747306  -4.36163303   9.96201348  -2.76950725\n   -4.12952208]\n [ -8.39134712 -17.27315071   3.88075826  -2.76950725  63.79287612\n  -44.72992692]\n [  6.10835295   8.24132965   3.89605067  -4.12952208 -44.72992692\n   45.57442801]]", "nfev": "259", "njev": "37", "status": "0", "success": "True", "message": "Optimization terminated successfully.", "x": "[ 1.64956431  3.24536438  3.31317705  0.38826932  4.86745085 -0.40971008]", "nit": "31"}, "10": {"maxiter": 500, "gtol": 1e-05, "xrtol": 1e-10, "eps": 1e-05, "duration": 0.0445399284362793, "fun": "0.4724681707457249", "jac": "[ 4.60342875e-07 -1.76447745e-07  2.39765985e-06 -8.21476220e-07\n -9.33142452e-07 -1.35367273e-06]", "hess_inv": "[[ 11.24764026   4.19088311  -0.49684827  -4.11181992  -7.99897961\n    5.44251994]\n [  4.19088311  10.59627895  -3.11826024   1.62923687 -16.90662243\n    7.55522241]\n [ -0.49684827  -3.11826024   8.81285377  -4.32427809   3.84289597\n    4.12407866]\n [ -4.11181992   1.62923687  -4.32427809   9.6194564   -3.34080846\n   -3.53667711]\n [ -7.99897961 -16.90662243   3.84289597  -3.34080846  61.91946484\n  -42.68685977]\n [  5.44251994   7.55522241   4.12407866  -3.53667711 -42.68685977\n   43.58577614]]", "nfev": "259", "njev": "37", "status": "0", "success": "True", "message": "Optimization terminated successfully.", "x": "[ 1.64956827  3.24536219  3.31316998  0.38826     4.86745589 -0.40972915]", "nit": "31"}, "11": {"maxiter": 500, "gtol": 1e-05, "xrtol": 1e-10, "eps": 1e-10, "duration": 0.04456305503845215, "fun": "0.4724681707404761", "jac": "[-1.11022293e-06  0.00000000e+00  0.00000000e+00 -1.11022293e-06\n  0.00000000e+00 -1.11022293e-06]", "hess_inv": "[[ 11.17586101   3.93495659  -0.27525543  -4.40120662  -8.39134712\n    6.10835295]\n [  3.93495659  10.18397057  -2.86584701   1.44747306 -17.27315071\n    8.24132965]\n [ -0.27525543  -2.86584701   8.78448606  -4.36163303   3.88075826\n    3.89605067]\n [ -4.40120662   1.44747306  -4.36163303   9.96201348  -2.76950725\n   -4.12952208]\n [ -8.39134712 -17.27315071   3.88075826  -2.76950725  63.79287612\n  -44.72992692]\n [  6.10835295   8.24132965   3.89605067  -4.12952208 -44.72992692\n   45.57442801]]", "nfev": "259", "njev": "37", "status": "0", "success": "True", "message": "Optimization terminated successfully.", "x": "[ 1.64956431  3.24536438  3.31317705  0.38826932  4.86745085 -0.40971008]", "nit": "31"}, "12": {"maxiter": 500, "gtol": 1e-10, "xrtol": 1e-05, "eps": 1e-05, "duration": 0.045762062072753906, "fun": "0.47246817072613645", "jac": "[-1.46438417e-08 -3.63820085e-08  4.69735362e-08 -8.24562640e-08\n -6.75015599e-09 -3.36952688e-08]", "hess_inv": "[[ 11.35521426   4.19609922  -0.28580699  -4.25477797  -7.97845397\n    5.40025111]\n [  4.19609922  10.43620767  -2.98780203   1.4583095  -16.45260441\n    7.43692903]\n [ -0.28580699  -2.98780203   9.13672437  -4.48175848   3.54344758\n    4.12832444]\n [ -4.25477797   1.4583095   -4.48175848   9.64168638  -2.90468887\n   -3.59941064]\n [ -7.97845397 -16.45260441   3.54344758  -2.90468887  60.64328991\n  -42.36645856]\n [  5.40025111   7.43692903   4.12832444  -3.59941064 -42.36645856\n   43.5181016 ]]", "nfev": "266", "njev": "38", "status": "0", "success": "True", "message": "Optimization terminated successfully.", "x": "[ 1.64956084  3.24536518  3.3131529   0.3882733   4.86744501 -0.4097238 ]", "nit": "32"}, "13": {"maxiter": 500, "gtol": 1e-10, "xrtol": 1e-05, "eps": 1e-10, "duration": 0.04929924011230469, "fun": "0.4724681707402717", "jac": "[1.11022293e-06 0.00000000e+00 2.22044587e-06 1.11022293e-06\n 1.11022293e-06 1.11022293e-06]", "hess_inv": "[[ 11.06811624   3.80840396  -0.44235402  -4.37493291  -7.52339172\n    5.54954342]\n [  3.80840396  10.03709369  -3.03784044   1.47297617 -16.30978774\n    7.60754121]\n [ -0.44235402  -3.03784044   8.85885078  -4.39448827   4.45602256\n    3.33946409]\n [ -4.37493291   1.47297617  -4.39448827   9.97184979  -2.81104747\n   -4.0616814 ]\n [ -7.52339172 -16.30978774   4.45602256  -2.81104747  58.58247283\n  -40.94495762]\n [  5.54954342   7.60754121   3.33946409  -4.0616814  -40.94495762\n   42.96445718]]", "nfev": "287", "njev": "41", "status": "0", "success": "True", "message": "Optimization terminated successfully.", "x": "[ 1.64956477  3.24536486  3.313177    0.38826938  4.86744893 -0.40970841]", "nit": "32"}, "14": {"maxiter": 500, "gtol": 1e-10, "xrtol": 1e-10, "eps": 1e-05, "duration": 0.06210184097290039, "fun": "0.47246817072555636", "jac": "[ 3.33066907e-09  3.35287353e-09 -2.88657986e-10  3.25295346e-09\n  5.60662627e-09  5.22915045e-09]", "hess_inv": "[[ 11.25759499   3.98075475  -0.20723472  -4.39167523  -7.47224575\n    5.13497908]\n [  3.98075475  10.51301549  -3.33942863   1.75234837 -16.8491377\n    7.45846429]\n [ -0.20723472  -3.33942863   9.55754776  -4.92934198   4.58778528\n    3.77867343]\n [ -4.39167523   1.75234837  -4.92934198  10.08790981  -3.83656838\n   -3.32454416]\n [ -7.47224575 -16.8491377    4.58778528  -3.83656838  62.15774146\n  -42.66578864]\n [  5.13497908   7.45846429   3.77867343  -3.32454416 -42.66578864\n   43.45151067]]", "nfev": "362", "njev": "50", "status": "2", "success": "False", "message": "Desired error not necessarily achieved due to precision loss.", "x": "[ 1.64956094  3.24536606  3.31315209  0.38827421  4.86744277 -0.40972271]", "nit": "33"}, "15": {"maxiter": 500, "gtol": 1e-10, "xrtol": 1e-10, "eps": 1e-10, "duration": 0.09439468383789062, "fun": "0.4724681707241448", "jac": "[2.22044587e-06 1.11022293e-06 2.22044587e-06 2.22044587e-06\n 2.22044587e-06 2.22044587e-06]", "hess_inv": "[[  1.88006871  -6.29959828   1.83657854  -2.58361345   7.62005214\n   -5.0050471 ]\n [ -6.29959828  21.61985919  -6.48852494   8.87642002 -26.10865881\n   17.4715074 ]\n [  1.83657854  -6.48852494   2.16781537  -2.76282975   7.8172105\n   -5.43063203]\n [ -2.58361345   8.87642002  -2.76282975   3.72475629 -10.73385815\n    7.23572599]\n [  7.62005214 -26.10865881   7.8172105  -10.73385815  31.55868844\n  -21.08835294]\n [ -5.0050471   17.4715074   -5.43063203   7.23572599 -21.08835294\n   14.35319448]]", "nfev": "553", "njev": "79", "status": "0", "success": "True", "message": "Optimization terminated successfully.", "x": "[ 1.64956727  3.24537039  3.31316616  0.38827414  4.86742484 -0.40969576]", "nit": "47"}, "16": {"maxiter": 1000, "gtol": 1e-05, "xrtol": 1e-05, "eps": 1e-05, "duration": 0.04529881477355957, "fun": "0.4724681707457249", "jac": "[ 4.60342875e-07 -1.76447745e-07  2.39765985e-06 -8.21476220e-07\n -9.33142452e-07 -1.35367273e-06]", "hess_inv": "[[ 11.24764026   4.19088311  -0.49684827  -4.11181992  -7.99897961\n    5.44251994]\n [  4.19088311  10.59627895  -3.11826024   1.62923687 -16.90662243\n    7.55522241]\n [ -0.49684827  -3.11826024   8.81285377  -4.32427809   3.84289597\n    4.12407866]\n [ -4.11181992   1.62923687  -4.32427809   9.6194564   -3.34080846\n   -3.53667711]\n [ -7.99897961 -16.90662243   3.84289597  -3.34080846  61.91946484\n  -42.68685977]\n [  5.44251994   7.55522241   4.12407866  -3.53667711 -42.68685977\n   43.58577614]]", "nfev": "259", "njev": "37", "status": "0", "success": "True", "message": "Optimization terminated successfully.", "x": "[ 1.64956827  3.24536219  3.31316998  0.38826     4.86745589 -0.40972915]", "nit": "31"}, "17": {"maxiter": 1000, "gtol": 1e-05, "xrtol": 1e-05, "eps": 1e-10, "duration": 0.04580998420715332, "fun": "0.4724681707404761", "jac": "[-1.11022293e-06  0.00000000e+00  0.00000000e+00 -1.11022293e-06\n  0.00000000e+00 -1.11022293e-06]", "hess_inv": "[[ 11.17586101   3.93495659  -0.27525543  -4.40120662  -8.39134712\n    6.10835295]\n [  3.93495659  10.18397057  -2.86584701   1.44747306 -17.27315071\n    8.24132965]\n [ -0.27525543  -2.86584701   8.78448606  -4.36163303   3.88075826\n    3.89605067]\n [ -4.40120662   1.44747306  -4.36163303   9.96201348  -2.76950725\n   -4.12952208]\n [ -8.39134712 -17.27315071   3.88075826  -2.76950725  63.79287612\n  -44.72992692]\n [  6.10835295   8.24132965   3.89605067  -4.12952208 -44.72992692\n   45.57442801]]", "nfev": "259", "njev": "37", "status": "0", "success": "True", "message": "Optimization terminated successfully.", "x": "[ 1.64956431  3.24536438  3.31317705  0.38826932  4.86745085 -0.40971008]", "nit": "31"}, "18": {"maxiter": 1000, "gtol": 1e-05, "xrtol": 1e-10, "eps": 1e-05, "duration": 0.04541277885437012, "fun": "0.4724681707457249", "jac": "[ 4.60342875e-07 -1.76447745e-07  2.39765985e-06 -8.21476220e-07\n -9.33142452e-07 -1.35367273e-06]", "hess_inv": "[[ 11.24764026   4.19088311  -0.49684827  -4.11181992  -7.99897961\n    5.44251994]\n [  4.19088311  10.59627895  -3.11826024   1.62923687 -16.90662243\n    7.55522241]\n [ -0.49684827  -3.11826024   8.81285377  -4.32427809   3.84289597\n    4.12407866]\n [ -4.11181992   1.62923687  -4.32427809   9.6194564   -3.34080846\n   -3.53667711]\n [ -7.99897961 -16.90662243   3.84289597  -3.34080846  61.91946484\n  -42.68685977]\n [  5.44251994   7.55522241   4.12407866  -3.53667711 -42.68685977\n   43.58577614]]", "nfev": "259", "njev": "37", "status": "0", "success": "True", "message": "Optimization terminated successfully.", "x": "[ 1.64956827  3.24536219  3.31316998  0.38826     4.86745589 -0.40972915]", "nit": "31"}, "19": {"maxiter": 1000, "gtol": 1e-05, "xrtol": 1e-10, "eps": 1e-10, "duration": 0.04673910140991211, "fun": "0.4724681707404761", "jac": "[-1.11022293e-06  0.00000000e+00  0.00000000e+00 -1.11022293e-06\n  0.00000000e+00 -1.11022293e-06]", "hess_inv": "[[ 11.17586101   3.93495659  -0.27525543  -4.40120662  -8.39134712\n    6.10835295]\n [  3.93495659  10.18397057  -2.86584701   1.44747306 -17.27315071\n    8.24132965]\n [ -0.27525543  -2.86584701   8.78448606  -4.36163303   3.88075826\n    3.89605067]\n [ -4.40120662   1.44747306  -4.36163303   9.96201348  -2.76950725\n   -4.12952208]\n [ -8.39134712 -17.27315071   3.88075826  -2.76950725  63.79287612\n  -44.72992692]\n [  6.10835295   8.24132965   3.89605067  -4.12952208 -44.72992692\n   45.57442801]]", "nfev": "259", "njev": "37", "status": "0", "success": "True", "message": "Optimization terminated successfully.", "x": "[ 1.64956431  3.24536438  3.31317705  0.38826932  4.86745085 -0.40971008]", "nit": "31"}, "20": {"maxiter": 1000, "gtol": 1e-10, "xrtol": 1e-05, "eps": 1e-05, "duration": 0.04621410369873047, "fun": "0.47246817072613645", "jac": "[-1.46438417e-08 -3.63820085e-08  4.69735362e-08 -8.24562640e-08\n -6.75015599e-09 -3.36952688e-08]", "hess_inv": "[[ 11.35521426   4.19609922  -0.28580699  -4.25477797  -7.97845397\n    5.40025111]\n [  4.19609922  10.43620767  -2.98780203   1.4583095  -16.45260441\n    7.43692903]\n [ -0.28580699  -2.98780203   9.13672437  -4.48175848   3.54344758\n    4.12832444]\n [ -4.25477797   1.4583095   -4.48175848   9.64168638  -2.90468887\n   -3.59941064]\n [ -7.97845397 -16.45260441   3.54344758  -2.90468887  60.64328991\n  -42.36645856]\n [  5.40025111   7.43692903   4.12832444  -3.59941064 -42.36645856\n   43.5181016 ]]", "nfev": "266", "njev": "38", "status": "0", "success": "True", "message": "Optimization terminated successfully.", "x": "[ 1.64956084  3.24536518  3.3131529   0.3882733   4.86744501 -0.4097238 ]", "nit": "32"}, "21": {"maxiter": 1000, "gtol": 1e-10, "xrtol": 1e-05, "eps": 1e-10, "duration": 0.050557851791381836, "fun": "0.4724681707402717", "jac": "[1.11022293e-06 0.00000000e+00 2.22044587e-06 1.11022293e-06\n 1.11022293e-06 1.11022293e-06]", "hess_inv": "[[ 11.06811624   3.80840396  -0.44235402  -4.37493291  -7.52339172\n    5.54954342]\n [  3.80840396  10.03709369  -3.03784044   1.47297617 -16.30978774\n    7.60754121]\n [ -0.44235402  -3.03784044   8.85885078  -4.39448827   4.45602256\n    3.33946409]\n [ -4.37493291   1.47297617  -4.39448827   9.97184979  -2.81104747\n   -4.0616814 ]\n [ -7.52339172 -16.30978774   4.45602256  -2.81104747  58.58247283\n  -40.94495762]\n [  5.54954342   7.60754121   3.33946409  -4.0616814  -40.94495762\n   42.96445718]]", "nfev": "287", "njev": "41", "status": "0", "success": "True", "message": "Optimization terminated successfully.", "x": "[ 1.64956477  3.24536486  3.313177    0.38826938  4.86744893 -0.40970841]", "nit": "32"}, "22": {"maxiter": 1000, "gtol": 1e-10, "xrtol": 1e-10, "eps": 1e-05, "duration": 0.06255221366882324, "fun": "0.47246817072555636", "jac": "[ 3.33066907e-09  3.35287353e-09 -2.88657986e-10  3.25295346e-09\n  5.60662627e-09  5.22915045e-09]", "hess_inv": "[[ 11.25759499   3.98075475  -0.20723472  -4.39167523  -7.47224575\n    5.13497908]\n [  3.98075475  10.51301549  -3.33942863   1.75234837 -16.8491377\n    7.45846429]\n [ -0.20723472  -3.33942863   9.55754776  -4.92934198   4.58778528\n    3.77867343]\n [ -4.39167523   1.75234837  -4.92934198  10.08790981  -3.83656838\n   -3.32454416]\n [ -7.47224575 -16.8491377    4.58778528  -3.83656838  62.15774146\n  -42.66578864]\n [  5.13497908   7.45846429   3.77867343  -3.32454416 -42.66578864\n   43.45151067]]", "nfev": "362", "njev": "50", "status": "2", "success": "False", "message": "Desired error not necessarily achieved due to precision loss.", "x": "[ 1.64956094  3.24536606  3.31315209  0.38827421  4.86744277 -0.40972271]", "nit": "33"}, "23": {"maxiter": 1000, "gtol": 1e-10, "xrtol": 1e-10, "eps": 1e-10, "duration": 0.09515690803527832, "fun": "0.4724681707241448", "jac": "[2.22044587e-06 1.11022293e-06 2.22044587e-06 2.22044587e-06\n 2.22044587e-06 2.22044587e-06]", "hess_inv": "[[  1.88006871  -6.29959828   1.83657854  -2.58361345   7.62005214\n   -5.0050471 ]\n [ -6.29959828  21.61985919  -6.48852494   8.87642002 -26.10865881\n   17.4715074 ]\n [  1.83657854  -6.48852494   2.16781537  -2.76282975   7.8172105\n   -5.43063203]\n [ -2.58361345   8.87642002  -2.76282975   3.72475629 -10.73385815\n    7.23572599]\n [  7.62005214 -26.10865881   7.8172105  -10.73385815  31.55868844\n  -21.08835294]\n [ -5.0050471   17.4715074   -5.43063203   7.23572599 -21.08835294\n   14.35319448]]", "nfev": "553", "njev": "79", "status": "0", "success": "True", "message": "Optimization terminated successfully.", "x": "[ 1.64956727  3.24537039  3.31316616  0.38827414  4.86742484 -0.40969576]", "nit": "47"}}, "cobyla": {"0": {"maxiter": 100, "tol": 1e-05, "catol": 1e-05, "duration": 0.01657700538635254, "x": "[1.78250156 3.17394104 3.52798899 0.02428806 3.64449768 1.11013188]", "status": "2", "success": "False", "message": "Maximum number of function evaluations has been exceeded.", "nfev": "100", "fun": "0.4795317147113095", "maxcv": "0.0"}, "1": {"maxiter": 100, "tol": 1e-05, "catol": 1e-10, "duration": 0.01653003692626953, "x": "[1.78250156 3.17394104 3.52798899 0.02428806 3.64449768 1.11013188]", "status": "2", "success": "False", "message": "Maximum number of function evaluations has been exceeded.", "nfev": "100", "fun": "0.4795317147113095", "maxcv": "0.0"}, "2": {"maxiter": 100, "tol": 1e-10, "catol": 1e-05, "duration": 0.01653289794921875, "x": "[1.78250156 3.17394104 3.52798899 0.02428806 3.64449768 1.11013188]", "status": "2", "success": "False", "message": "Maximum number of function evaluations has been exceeded.", "nfev": "100", "fun": "0.4795317147113095", "maxcv": "0.0"}, "3": {"maxiter": 100, "tol": 1e-10, "catol": 1e-10, "duration": 0.016485929489135742, "x": "[1.78250156 3.17394104 3.52798899 0.02428806 3.64449768 1.11013188]", "status": "2", "success": "False", "message": "Maximum number of function evaluations has been exceeded.", "nfev": "100", "fun": "0.4795317147113095", "maxcv": "0.0"}, "4": {"maxiter": 500, "tol": 1e-05, "catol": 1e-05, "duration"