{"date": "2024/07/19/, 15:45:19", "conf_id": 231, "data_type": "non_lin_ind\n", "num_data_points": 4, "s_rank": 0, "unitary": "[[-0.56303964-0.00798273j,-0.21670212-0.15784972j,-0.06047197-0.73952673j,-0.01438004+0.24552571j],[-0.06976756+0.23474685j,-0.01275565-0.5435098j,-0.02703657-0.08917885j,-0.08210486-0.79311774j],[-0.38559961+0.10714929j,0.5933431-0.2687392j,-0.24060861+0.29149289j,-0.45147719+0.26241743j],[-0.50180421+0.45931857j,-0.11617175+0.44134496j,0.49642745+0.22684508j,-0.08544628-0.15407063j]]", "databatch_0": {"databatch": "[[[0.11676288+3.62917266e-01j,0.00092596+6.22172194e-02j,-0.04925446-2.70378367e-01j,-0.03255784+1.44646429e-01j],[-0.00453908+1.88143589e-01j,-0.28197531-1.41594675e-02j,-0.18374628+1.81839415e-04j,-0.09475477-2.99439650e-01j],[0.05206142+4.78841843e-02j,-0.11408857-4.55969463e-01j,0.21353771-5.30952429e-02j,0.03553354-1.06858564e-01j],[-0.01149462+1.96412172e-01j,0.10134095+2.23660136e-01j,-0.29495492+1.16233819e-01j,-0.02822988-1.35654989e-01j]],[[0.06440851-9.03971247e-03j,-0.06421944+2.54791145e-01j,-0.0232859-3.81690223e-01j,0.15589024-2.88424648e-01j],[-0.08433701+2.07240884e-01j,-0.08990025+1.14119099e-01j,-0.00310323+4.34704118e-02j,-0.0720255-2.07593549e-01j],[-0.0873213+3.10936570e-02j,-0.27576346+1.01157976e-01j,0.28123346-2.25593233e-01j,0.35104554-2.34427657e-01j],[-0.02478167+9.39793602e-02j,0.06150204-8.10397315e-02j,-0.10039259+2.83634373e-01j,-0.15824771+1.15101661e-01j]],[[-0.21692521-2.92044287e-01j,0.05706487-1.44462089e-01j,-0.19975313+1.88206970e-01j,-0.06072154-1.21278816e-01j],[0.22063026-2.67011823e-01j,-0.04888881-1.70339520e-01j,-0.10110038-4.11988091e-02j,0.29662431-9.68019087e-02j],[0.03518835-2.54050250e-01j,-0.18451454-1.05428548e-01j,-0.2372948+2.01593476e-01j,0.02760014-1.34073773e-01j],[0.24290637-5.70829505e-02j,0.13274124-2.04504616e-01j,-0.05397603-2.48983760e-01j,0.28258173+1.29247581e-02j]],[[-0.01968059-1.13958851e-01j,-0.14195541-1.56324940e-01j,-0.13228062+2.00931115e-01j,0.12085003-2.05014552e-01j],[0.11962038+5.77130359e-02j,0.07691049+7.14977917e-03j,0.20268725+1.28830900e-01j,-0.20010416+1.55678182e-01j],[-0.23297775-1.62238010e-01j,-0.24851521-6.72978791e-02j,-0.14812687-2.20605202e-02j,0.1640693-3.00855160e-01j],[0.32434494+8.23545315e-03j,0.22382753-9.76743288e-02j,0.27488887+8.40131647e-02j,-0.10782874+3.68865738e-01j]]]", "initial param values": "[1.05202467,5.02577946,5.00133687,0.79857779,2.6589311,0.38212969]", "nelder_mead": {"type": "gradient-free", "0": {"maxiter": 100, "fatol": 1e-05, "xatol": 1e-05, "duration": 0.027450084686279297, "fun": "0.5360152786539121", "nit": "100", "nfev": "162", "status": "2", "success": "False", "message": "Maximum number of iterations has been exceeded.", "x": "[0.78716041 5.62369799 4.29941556 1.08720899 4.56815845 0.43055176]", "final_simplex": "(array([[0.78716041, 5.62369799, 4.29941556, 1.08720899, 4.56815845,\n        0.43055176],\n       [0.78197249, 5.63184843, 4.29642712, 1.09287003, 4.58329605,\n        0.43109469],\n       [0.78686449, 5.6175711 , 4.29303344, 1.08938962, 4.57326872,\n        0.43193393],\n       [0.78299963, 5.6661513 , 4.25674277, 1.09191287, 4.57204539,\n        0.43000983],\n       [0.78252743, 5.62614171, 4.28830907, 1.09622375, 4.57178149,\n        0.43074403],\n       [0.78473857, 5.65894283, 4.25845839, 1.09201236, 4.57179889,\n        0.42978559],\n       [0.78290382, 5.62698783, 4.28442106, 1.09409362, 4.58354787,\n        0.43122279]]), array([0.53601528, 0.53601577, 0.53602051, 0.53605101, 0.53606264,\n       0.53606536, 0.53606821]))"}, "1": {"maxiter": 100, "fatol": 1e-05, "xatol": 1e-10, "duration": 0.027254104614257812, "fun": "0.5360152786539121", "nit": "100", "nfev": "162", "status": "2", "success": "False", "message": "Maximum number of iterations has been exceeded.", "x": "[0.78716041 5.62369799 4.29941556 1.08720899 4.56815845 0.43055176]", "final_simplex": "(array([[0.78716041, 5.62369799, 4.29941556, 1.08720899, 4.56815845,\n        0.43055176],\n       [0.78197249, 5.63184843, 4.29642712, 1.09287003, 4.58329605,\n        0.43109469],\n       [0.78686449, 5.6175711 , 4.29303344, 1.08938962, 4.57326872,\n        0.43193393],\n       [0.78299963, 5.6661513 , 4.25674277, 1.09191287, 4.57204539,\n        0.43000983],\n       [0.78252743, 5.62614171, 4.28830907, 1.09622375, 4.57178149,\n        0.43074403],\n       [0.78473857, 5.65894283, 4.25845839, 1.09201236, 4.57179889,\n        0.42978559],\n       [0.78290382, 5.62698783, 4.28442106, 1.09409362, 4.58354787,\n        0.43122279]]), array([0.53601528, 0.53601577, 0.53602051, 0.53605101, 0.53606264,\n       0.53606536, 0.53606821]))"}, "2": {"maxiter": 100, "fatol": 1e-10, "xatol": 1e-05, "duration": 0.027309179306030273, "fun": "0.5360152786539121", "nit": "100", "nfev": "162", "status": "2", "success": "False", "message": "Maximum number of iterations has been exceeded.", "x": "[0.78716041 5.62369799 4.29941556 1.08720899 4.56815845 0.43055176]", "final_simplex": "(array([[0.78716041, 5.62369799, 4.29941556, 1.08720899, 4.56815845,\n        0.43055176],\n       [0.78197249, 5.63184843, 4.29642712, 1.09287003, 4.58329605,\n        0.43109469],\n       [0.78686449, 5.6175711 , 4.29303344, 1.08938962, 4.57326872,\n        0.43193393],\n       [0.78299963, 5.6661513 , 4.25674277, 1.09191287, 4.57204539,\n        0.43000983],\n       [0.78252743, 5.62614171, 4.28830907, 1.09622375, 4.57178149,\n        0.43074403],\n       [0.78473857, 5.65894283, 4.25845839, 1.09201236, 4.57179889,\n        0.42978559],\n       [0.78290382, 5.62698783, 4.28442106, 1.09409362, 4.58354787,\n        0.43122279]]), array([0.53601528, 0.53601577, 0.53602051, 0.53605101, 0.53606264,\n       0.53606536, 0.53606821]))"}, "3": {"maxiter": 100, "fatol": 1e-10, "xatol": 1e-10, "duration": 0.027286767959594727, "fun": "0.5360152786539121", "nit": "100", "nfev": "162", "status": "2", "success": "False", "message": "Maximum number of iterations has been exceeded.", "x": "[0.78716041 5.62369799 4.29941556 1.08720899 4.56815845 0.43055176]", "final_simplex": "(array([[0.78716041, 5.62369799, 4.29941556, 1.08720899, 4.56815845,\n        0.43055176],\n       [0.78197249, 5.63184843, 4.29642712, 1.09287003, 4.58329605,\n        0.43109469],\n       [0.78686449, 5.6175711 , 4.29303344, 1.08938962, 4.57326872,\n        0.43193393],\n       [0.78299963, 5.6661513 , 4.25674277, 1.09191287, 4.57204539,\n        0.43000983],\n       [0.78252743, 5.62614171, 4.28830907, 1.09622375, 4.57178149,\n        0.43074403],\n       [0.78473857, 5.65894283, 4.25845839, 1.09201236, 4.57179889,\n        0.42978559],\n       [0.78290382, 5.62698783, 4.28442106, 1.09409362, 4.58354787,\n        0.43122279]]), array([0.53601528, 0.53601577, 0.53602051, 0.53605101, 0.53606264,\n       0.53606536, 0.53606821]))"}, "4": {"maxiter": 500, "fatol": 1e-05, "xatol": 1e-05, "duration": 0.12733793258666992, "fun": "0.3495610069127818", "nit": "500", "nfev": "755", "status": "2", "success": "False", "message": "Maximum number of iterations has been exceeded.", "x": "[ 1.39643756  6.05648774  0.55297879  2.66931838  0.4007944  -0.70598396]", "final_simplex": "(array([[ 1.39643756,  6.05648774,  0.55297879,  2.66931838,  0.4007944 ,\n        -0.70598396],\n       [ 1.30787023,  6.16107543,  0.63567686,  2.55341555,  0.70178387,\n        -0.55562852],\n       [ 1.38561903,  6.04129387,  0.50016907,  2.70409033,  0.36483452,\n        -0.71772445],\n       [ 1.28843381,  6.13480767,  0.60525472,  2.60977802,  0.57393192,\n        -0.52541167],\n       [ 1.29388552,  6.17906351,  0.60627353,  2.56301137,  0.62838064,\n        -0.47907455],\n       [ 1.23718958,  6.29395081,  0.68593127,  2.4849768 ,  0.82300413,\n        -0.39316316],\n       [ 1.34298753,  6.4147346 ,  0.43817175,  2.51823022,  0.57139238,\n        -0.56315202]]), array([0.34956101, 0.35105868, 0.35330892, 0.36096307, 0.3621445 ,\n       0.36714612, 0.37323989]))"}, "5": {"maxiter": 500, "fatol": 1e-05, "xatol": 1e-10, "duration": 0.1276092529296875, "fun": "0.3495610069127818", "nit": "500", "nfev": "755", "status": "2", "success": "False", "message": "Maximum number of iterations has been exceeded.", "x": "[ 1.39643756  6.05648774  0.55297879  2.66931838  0.4007944  -0.70598396]", "final_simplex": "(array([[ 1.39643756,  6.05648774,  0.55297879,  2.66931838,  0.4007944 ,\n        -0.70598396],\n       [ 1.30787023,  6.16107543,  0.63567686,  2.55341555,  0.70178387,\n        -0.55562852],\n       [ 1.38561903,  6.04129387,  0.50016907,  2.70409033,  0.36483452,\n        -0.71772445],\n       [ 1.28843381,  6.13480767,  0.60525472,  2.60977802,  0.57393192,\n        -0.52541167],\n       [ 1.29388552,  6.17906351,  0.60627353,  2.56301137,  0.62838064,\n        -0.47907455],\n       [ 1.23718958,  6.29395081,  0.68593127,  2.4849768 ,  0.82300413,\n        -0.39316316],\n       [ 1.34298753,  6.4147346 ,  0.43817175,  2.51823022,  0.57139238,\n        -0.56315202]]), array([0.34956101, 0.35105868, 0.35330892, 0.36096307, 0.3621445 ,\n       0.36714612, 0.37323989]))"}, "6": {"maxiter": 500, "fatol": 1e-10, "xatol": 1e-05, "duration": 0.12755489349365234, "fun": "0.3495610069127818", "nit": "500", "nfev": "755", "status": "2", "success": "False", "message": "Maximum number of iterations has been exceeded.", "x": "[ 1.39643756  6.05648774  0.55297879  2.66931838  0.4007944  -0.70598396]", "final_simplex": "(array([[ 1.39643756,  6.05648774,  0.55297879,  2.66931838,  0.4007944 ,\n        -0.70598396],\n       [ 1.30787023,  6.16107543,  0.63567686,  2.55341555,  0.70178387,\n        -0.55562852],\n       [ 1.38561903,  6.04129387,  0.50016907,  2.70409033,  0.36483452,\n        -0.71772445],\n       [ 1.28843381,  6.13480767,  0.60525472,  2.60977802,  0.57393192,\n        -0.52541167],\n       [ 1.29388552,  6.17906351,  0.60627353,  2.56301137,  0.62838064,\n        -0.47907455],\n       [ 1.23718958,  6.29395081,  0.68593127,  2.4849768 ,  0.82300413,\n        -0.39316316],\n       [ 1.34298753,  6.4147346 ,  0.43817175,  2.51823022,  0.57139238,\n        -0.56315202]]), array([0.34956101, 0.35105868, 0.35330892, 0.36096307, 0.3621445 ,\n       0.36714612, 0.37323989]))"}, "7": {"maxiter": 500, "fatol": 1e-10, "xatol": 1e-10, "duration": 0.12797212600708008, "fun": "0.3495610069127818", "nit": "500", "nfev": "755", "status": "2", "success": "False", "message": "Maximum number of iterations has been exceeded.", "x": "[ 1.39643756  6.05648774  0.55297879  2.66931838  0.4007944  -0.70598396]", "final_simplex": "(array([[ 1.39643756,  6.05648774,  0.55297879,  2.66931838,  0.4007944 ,\n        -0.70598396],\n       [ 1.30787023,  6.16107543,  0.63567686,  2.55341555,  0.70178387,\n        -0.55562852],\n       [ 1.38561903,  6.04129387,  0.50016907,  2.70409033,  0.36483452,\n        -0.71772445],\n       [ 1.28843381,  6.13480767,  0.60525472,  2.60977802,  0.57393192,\n        -0.52541167],\n       [ 1.29388552,  6.17906351,  0.60627353,  2.56301137,  0.62838064,\n        -0.47907455],\n       [ 1.23718958,  6.29395081,  0.68593127,  2.4849768 ,  0.82300413,\n        -0.39316316],\n       [ 1.34298753,  6.4147346 ,  0.43817175,  2.51823022,  0.57139238,\n        -0.56315202]]), array([0.34956101, 0.35105868, 0.35330892, 0.36096307, 0.3621445 ,\n       0.36714612, 0.37323989]))"}, "8": {"maxiter": 1000, "fatol": 1e-05, "xatol": 1e-05, "duration": 0.24037885665893555, "fun": "0.23706379839073566", "nit": "914", "nfev": "1409", "status": "0", "success": "True", "message": "Optimization terminated successfully.", "x": "[ 1.98879489  6.57957823  1.13970971  3.45769353 -0.25152366 -2.07758374]", "final_simplex": "(array([[ 1.98879489,  6.57957823,  1.13970971,  3.45769353, -0.25152366,\n        -2.07758374],\n       [ 1.98879695,  6.57957768,  1.13970958,  3.45769362, -0.25152158,\n        -2.07758203],\n       [ 1.98879525,  6.57957605,  1.13970808,  3.45769254, -0.2515213 ,\n        -2.07758155],\n       [ 1.98879433,  6.57957665,  1.13970884,  3.45769358, -0.25152814,\n        -2.07758856],\n       [ 1.98879522,  6.5795767 ,  1.13970716,  3.4576934 , -0.25152328,\n        -2.07758426],\n       [ 1.98879658,  6.57957776,  1.13970675,  3.45769144, -0.25153198,\n        -2.07759184],\n       [ 1.98879479,  6.57957363,  1.1397061 ,  3.45769283, -0.25152558,\n        -2.07758351]]), array([0.2370638, 0.2370638, 0.2370638, 0.2370638, 0.2370638, 0.2370638,\n       0.2370638]))"}, "9": {"maxiter": 1000, "fatol": 1e-05, "xatol": 1e-10, "duration": 0.2675468921661377, "fun": "0.23706379839037717", "nit": "1000", "nfev": "1583", "status": "2", "success": "False", "message": "Maximum number of iterations has been exceeded.", "x": "[ 1.98879496  6.57957754  1.13970842  3.4576933  -0.25152571 -2.07758441]", "final_simplex": "(array([[ 1.98879496,  6.57957754,  1.13970842,  3.4576933 , -0.25152571,\n        -2.07758441],\n       [ 1.98879496,  6.57957754,  1.13970842,  3.4576933 , -0.2515257 ,\n        -2.0775844 ],\n       [ 1.98879496,  6.57957754,  1.13970842,  3.4576933 , -0.25152571,\n        -2.07758441],\n       [ 1.98879496,  6.57957754,  1.13970842,  3.4576933 , -0.25152571,\n        -2.07758441],\n       [ 1.98879496,  6.57957754,  1.13970842,  3.4576933 , -0.25152571,\n        -2.07758441],\n       [ 1.98879496,  6.57957754,  1.13970842,  3.4576933 , -0.25152571,\n        -2.07758441],\n       [ 1.98879496,  6.57957754,  1.13970842,  3.4576933 , -0.2515257 ,\n        -2.0775844 ]]), array([0.2370638, 0.2370638, 0.2370638, 0.2370638, 0.2370638, 0.2370638,\n       0.2370638]))"}, "10": {"maxiter": 1000, "fatol": 1e-10, "xatol": 1e-05, "duration": 0.23856878280639648, "fun": "0.23706379839073566", "nit": "914", "nfev": "1409", "status": "0", "success": "True", "message": "Optimization terminated successfully.", "x": "[ 1.98879489  6.57957823  1.13970971  3.45769353 -0.25152366 -2.07758374]", "final_simplex": "(array([[ 1.98879489,  6.57957823,  1.13970971,  3.45769353, -0.25152366,\n        -2.07758374],\n       [ 1.98879695,  6.57957768,  1.13970958,  3.45769362, -0.25152158,\n        -2.07758203],\n       [ 1.98879525,  6.57957605,  1.13970808,  3.45769254, -0.2515213 ,\n        -2.07758155],\n       [ 1.98879433,  6.57957665,  1.13970884,  3.45769358, -0.25152814,\n        -2.07758856],\n       [ 1.98879522,  6.5795767 ,  1.13970716,  3.4576934 , -0.25152328,\n        -2.07758426],\n       [ 1.98879658,  6.57957776,  1.13970675,  3.45769144, -0.25153198,\n        -2.07759184],\n       [ 1.98879479,  6.57957363,  1.1397061 ,  3.45769283, -0.25152558,\n        -2.07758351]]), array([0.2370638, 0.2370638, 0.2370638, 0.2370638, 0.2370638, 0.2370638,\n       0.2370638]))"}, "11": {"maxiter": 1000, "fatol": 1e-10, "xatol": 1e-10, "duration": 0.26949286460876465, "fun": "0.23706379839037717", "nit": "1000", "nfev": "1583", "status": "2", "success": "False", "message": "Maximum number of iterations has been exceeded.", "x": "[ 1.98879496  6.57957754  1.13970842  3.4576933  -0.25152571 -2.07758441]", "final_simplex": "(array([[ 1.98879496,  6.57957754,  1.13970842,  3.4576933 , -0.25152571,\n        -2.07758441],\n       [ 1.98879496,  6.57957754,  1.13970842,  3.4576933 , -0.2515257 ,\n        -2.0775844 ],\n       [ 1.98879496,  6.57957754,  1.13970842,  3.4576933 , -0.25152571,\n        -2.07758441],\n       [ 1.98879496,  6.57957754,  1.13970842,  3.4576933 , -0.25152571,\n        -2.07758441],\n       [ 1.98879496,  6.57957754,  1.13970842,  3.4576933 , -0.25152571,\n        -2.07758441],\n       [ 1.98879496,  6.57957754,  1.13970842,  3.4576933 , -0.25152571,\n        -2.07758441],\n       [ 1.98879496,  6.57957754,  1.13970842,  3.4576933 , -0.2515257 ,\n        -2.0775844 ]]), array([0.2370638, 0.2370638, 0.2370638, 0.2370638, 0.2370638, 0.2370638,\n       0.2370638]))"}}, "bfgs": {"type": "gradient", "0": {"maxiter": 100, "gtol": 1e-05, "xrtol": 1e-05, "eps": 1e-05, "duration": 0.05495905876159668, "fun": "0.23706379857525106", "jac": "[ 5.97966121e-08  4.48241444e-07  1.57729385e-07 -7.32525152e-08\n -3.99125177e-08  7.50099982e-07]", "hess_inv": "[[ 4.15645954e+00 -1.53013460e-02 -2.90818779e-01  5.91491923e-02\n   1.05479608e+00  1.00633226e+00]\n [-1.53013460e-02  4.86476912e+00  2.43624116e+00 -1.67764387e+00\n   1.36965798e+00 -7.50307907e-01]\n [-2.90818779e-01  2.43624116e+00  4.46513033e+00 -1.45892686e+00\n   4.67836907e+00  3.10869127e+00]\n [ 5.91491923e-02 -1.67764387e+00 -1.45892686e+00  4.04818952e+00\n  -1.28331123e+00 -2.34895547e-01]\n [ 1.05479608e+00  1.36965798e+00  4.67836907e+00 -1.28331123e+00\n   3.72083348e+01  3.38908915e+01]\n [ 1.00633226e+00 -7.50307907e-01  3.10869127e+00 -2.34895547e-01\n   3.38908915e+01  3.47900259e+01]]", "nfev": "315", "njev": "45", "status": "0", "success": "True", "message": "Optimization terminated successfully.", "x": "[1.98878619 6.57956704 1.13968712 2.82549274 2.88994541 1.06389583]", "nit": "34"}, "1": {"maxiter": 100, "gtol": 1e-05, "xrtol": 1e-05, "eps": 1e-10, "duration": 0.054823875427246094, "fun": "0.23706379846128867", "jac": "[-2.22044587e-06  4.44089173e-06 -2.22044587e-06  2.22044587e-06\n -2.22044587e-06  0.00000000e+00]", "hess_inv": "[[ 4.09237553 -0.09940315 -0.30056897  0.09193299  0.7596828   0.70170554]\n [-0.09940315  4.81611984  2.319445   -1.54259258  0.26317967 -1.82362743]\n [-0.30056897  2.319445    4.58563443 -1.44739555  5.48501029  3.90595528]\n [ 0.09193299 -1.54259258 -1.44739555  3.90801066 -1.11513273 -0.10027394]\n [ 0.7596828   0.26317967  5.48501029 -1.11513273 41.5253933  38.0935279 ]\n [ 0.70170554 -1.82362743  3.90595528 -0.10027394 38.0935279  38.85328962]]", "nfev": "315", "njev": "45", "status": "0", "success": "True", "message": "Optimization terminated successfully.", "x": "[1.98878658 6.57958806 1.13970021 2.82549127 2.89001021 1.06395211]", "nit": "34"}, "2": {"maxiter": 100, "gtol": 1e-05, "xrtol": 1e-10, "eps": 1e-05, "duration": 0.054308176040649414, "fun": "0.23706379857525106", "jac": "[ 5.97966121e-08  4.48241444e-07  1.57729385e-07 -7.32525152e-08\n -3.99125177e-08  7.50099982e-07]", "hess_inv": "[[ 4.15645954e+00 -1.53013460e-02 -2.90818779e-01  5.91491923e-02\n   1.05479608e+00  1.00633226e+00]\n [-1.53013460e-02  4.86476912e+00  2.43624116e+00 -1.67764387e+00\n   1.36965798e+00 -7.50307907e-01]\n [-2.90818779e-01  2.43624116e+00  4.46513033e+00 -1.45892686e+00\n   4.67836907e+00  3.10869127e+00]\n [ 5.91491923e-02 -1.67764387e+00 -1.45892686e+00  4.04818952e+00\n  -1.28331123e+00 -2.34895547e-01]\n [ 1.05479608e+00  1.36965798e+00  4.67836907e+00 -1.28331123e+00\n   3.72083348e+01  3.38908915e+01]\n [ 1.00633226e+00 -7.50307907e-01  3.10869127e+00 -2.34895547e-01\n   3.38908915e+01  3.47900259e+01]]", "nfev": "315", "njev": "45", "status": "0", "success": "True", "message": "Optimization terminated successfully.", "x": "[1.98878619 6.57956704 1.13968712 2.82549274 2.88994541 1.06389583]", "nit": "34"}, "3": {"maxiter": 100, "gtol": 1e-05, "xrtol": 1e-10, "eps": 1e-10, "duration": 0.05432295799255371, "fun": "0.23706379846128867", "jac": "[-2.22044587e-06  4.44089173e-06 -2.22044587e-06  2.22044587e-06\n -2.22044587e-06  0.00000000e+00]", "hess_inv": "[[ 4.09237553 -0.09940315 -0.30056897  0.09193299  0.7596828   0.70170554]\n [-0.09940315  4.81611984  2.319445   -1.54259258  0.26317967 -1.82362743]\n [-0.30056897  2.319445    4.58563443 -1.44739555  5.48501029  3.90595528]\n [ 0.09193299 -1.54259258 -1.44739555  3.90801066 -1.11513273 -0.10027394]\n [ 0.7596828   0.26317967  5.48501029 -1.11513273 41.5253933  38.0935279 ]\n [ 0.70170554 -1.82362743  3.90595528 -0.10027394 38.0935279  38.85328962]]", "nfev": "315", "njev": "45", "status": "0", "success": "True", "message": "Optimization terminated successfully.", "x": "[1.98878658 6.57958806 1.13970021 2.82549127 2.89001021 1.06395211]", "nit": "34"}, "4": {"maxiter": 100, "gtol": 1e-10, "xrtol": 1e-05, "eps": 1e-05, "duration": 0.10170507431030273, "fun": "0.23706379857525106", "jac": "[ 5.97966121e-08  4.48241444e-07  1.57729385e-07 -7.32525152e-08\n -3.99125177e-08  7.50099982e-07]", "hess_inv": "[[ 4.14389896 -0.05200309 -0.27203468  0.06786987  1.12986591  1.07831767]\n [-0.05200309  4.75941213  2.47341531 -1.64962115  1.48750354 -0.63919557]\n [-0.27203468  2.47341531  4.60350724 -1.49585058  5.52009636  3.93360915]\n [ 0.06786987 -1.64962115 -1.49585058  4.04556107 -1.47229465 -0.41866421]\n [ 1.12986591  1.48750354  5.52009636 -1.47229465 42.22679557 38.80502125]\n [ 1.07831767 -0.63919557  3.93360915 -0.41866421 38.80502125 39.60182392]]", "nfev": "593", "njev": "83", "status": "2", "success": "False", "message": "Desired error not necessarily achieved due to precision loss.", "x": "[1.98878619 6.57956704 1.13968712 2.82549274 2.88994541 1.06389583]", "nit": "34"}, "5": {"maxiter": 100, "gtol": 1e-10, "xrtol": 1e-05, "eps": 1e-10, "duration": 0.0664830207824707, "fun": "0.23706379840274538", "jac": "[ 2.22044587e-06  0.00000000e+00  0.00000000e+00 -1.11022293e-06\n  1.11022293e-06  0.00000000e+00]", "hess_inv": "[[ 4.06032998  0.13654078 -0.13970639  0.35927176  1.32993008  1.27865729]\n [ 0.13654078  4.38534031  2.27608    -1.97375231  0.80841391 -1.33991359]\n [-0.13970639  2.27608     5.28385901 -1.25900179  9.5766181   7.88386672]\n [ 0.35927176 -1.97375231 -1.25900179  3.55574684  0.74618957  1.66520562]\n [ 1.32993008  0.80841391  9.5766181   0.74618957 64.12163485 60.14305263]\n [ 1.27865729 -1.33991359  7.88386672  1.66520562 60.14305263 60.36427396]]", "nfev": "385", "njev": "55", "status": "0", "success": "True", "message": "Optimization terminated successfully.", "x": "[1.98879462 6.57957859 1.13971124 2.82548565 2.8900916  1.06403027]", "nit": "36"}, "6": {"maxiter": 100, "gtol": 1e-10, "xrtol": 1e-10, "eps": 1e-05, "duration": 0.10198569297790527, "fun": "0.23706379857525106", "jac": "[ 5.97966121e-08  4.48241444e-07  1.57729385e-07 -7.32525152e-08\n -3.99125177e-08  7.50099982e-07]", "hess_inv": "[[ 4.14389896 -0.05200309 -0.27203468  0.06786987  1.12986591  1.07831767]\n [-0.05200309  4.75941213  2.47341531 -1.64962115  1.48750354 -0.63919557]\n [-0.27203468  2.47341531  4.60350724 -1.49585058  5.52009636  3.93360915]\n [ 0.06786987 -1.64962115 -1.49585058  4.04556107 -1.47229465 -0.41866421]\n [ 1.12986591  1.48750354  5.52009636 -1.47229465 42.22679557 38.80502125]\n [ 1.07831767 -0.63919557  3.93360915 -0.41866421 38.80502125 39.60182392]]", "nfev": "593", "njev": "83", "status": "2", "success": "False", "message": "Desired error not necessarily achieved due to precision loss.", "x": "[1.98878619 6.57956704 1.13968712 2.82549274 2.88994541 1.06389583]", "nit": "34"}, "7": {"maxiter": 100, "gtol": 1e-10, "xrtol": 1e-10, "eps": 1e-10, "duration": 0.06652426719665527, "fun": "0.23706379840274538", "jac": "[ 2.22044587e-06  0.00000000e+00  0.00000000e+00 -1.11022293e-06\n  1.11022293e-06  0.00000000e+00]", "hess_inv": "[[ 4.06032998  0.13654078 -0.13970639  0.35927176  1.32993008  1.27865729]\n [ 0.13654078  4.38534031  2.27608    -1.97375231  0.80841391 -1.33991359]\n [-0.13970639  2.27608     5.28385901 -1.25900179  9.5766181   7.88386672]\n [ 0.35927176 -1.97375231 -1.25900179  3.55574684  0.74618957  1.66520562]\n [ 1.32993008  0.80841391  9.5766181   0.74618957 64.12163485 60.14305263]\n [ 1.27865729 -1.33991359  7.88386672  1.66520562 60.14305263 60.36427396]]", "nfev": "385", "njev": "55", "status": "0", "success": "True", "message": "Optimization terminated successfully.", "x": "[1.98879462 6.57957859 1.13971124 2.82548565 2.8900916  1.06403027]", "nit": "36"}, "8": {"maxiter": 500, "gtol": 1e-05, "xrtol": 1e-05, "eps": 1e-05, "duration": 0.05460095405578613, "fun": "0.23706379857525106", "jac": "[ 5.97966121e-08  4.48241444e-07  1.57729385e-07 -7.32525152e-08\n -3.99125177e-08  7.50099982e-07]", "hess_inv": "[[ 4.15645954e+00 -1.53013460e-02 -2.90818779e-01  5.91491923e-02\n   1.05479608e+00  1.00633226e+00]\n [-1.53013460e-02  4.86476912e+00  2.43624116e+00 -1.67764387e+00\n   1.36965798e+00 -7.50307907e-01]\n [-2.90818779e-01  2.43624116e+00  4.46513033e+00 -1.45892686e+00\n   4.67836907e+00  3.10869127e+00]\n [ 5.91491923e-02 -1.67764387e+00 -1.45892686e+00  4.04818952e+00\n  -1.28331123e+00 -2.34895547e-01]\n [ 1.05479608e+00  1.36965798e+00  4.67836907e+00 -1.28331123e+00\n   3.72083348e+01  3.38908915e+01]\n [ 1.00633226e+00 -7.50307907e-01  3.10869127e+00 -2.34895547e-01\n   3.38908915e+01  3.47900259e+01]]", "nfev": "315", "njev": "45", "status": "0", "success": "True", "message": "Optimization terminated successfully.", "x": "[1.98878619 6.57956704 1.13968712 2.82549274 2.88994541 1.06389583]", "nit": "34"}, "9": {"maxiter": 500, "gtol": 1e-05, "xrtol": 1e-05, "eps": 1e-10, "duration": 0.05474400520324707, "fun": "0.23706379846128867", "jac": "[-2.22044587e-06  4.44089173e-06 -2.22044587e-06  2.22044587e-06\n -2.22044587e-06  0.00000000e+00]", "hess_inv": "[[ 4.09237553 -0.09940315 -0.30056897  0.09193299  0.7596828   0.70170554]\n [-0.09940315  4.81611984  2.319445   -1.54259258  0.26317967 -1.82362743]\n [-0.30056897  2.319445    4.58563443 -1.44739555  5.48501029  3.90595528]\n [ 0.09193299 -1.54259258 -1.44739555  3.90801066 -1.11513273 -0.10027394]\n [ 0.7596828   0.26317967  5.48501029 -1.11513273 41.5253933  38.0935279 ]\n [ 0.70170554 -1.82362743  3.90595528 -0.10027394 38.0935279  38.85328962]]", "nfev": "315", "njev": "45", "status": "0", "success": "True", "message": "Optimization terminated successfully.", "x": "[1.98878658 6.57958806 1.13970021 2.82549127 2.89001021 1.06395211]", "nit": "34"}, "10": {"maxiter": 500, "gtol": 1e-05, "xrtol": 1e-10, "eps": 1e-05, "duration": 0.05482912063598633, "fun": "0.23706379857525106", "jac": "[ 5.97966121e-08  4.48241444e-07  1.57729385e-07 -7.32525152e-08\n -3.99125177e-08  7.50099982e-07]", "hess_inv": "[[ 4.15645954e+00 -1.53013460e-02 -2.90818779e-01  5.91491923e-02\n   1.05479608e+00  1.00633226e+00]\n [-1.53013460e-02  4.86476912e+00  2.43624116e+00 -1.67764387e+00\n   1.36965798e+00 -7.50307907e-01]\n [-2.90818779e-01  2.43624116e+00  4.46513033e+00 -1.45892686e+00\n   4.67836907e+00  3.10869127e+00]\n [ 5.91491923e-02 -1.67764387e+00 -1.45892686e+00  4.04818952e+00\n  -1.28331123e+00 -2.34895547e-01]\n [ 1.05479608e+00  1.36965798e+00  4.67836907e+00 -1.28331123e+00\n   3.72083348e+01  3.38908915e+01]\n [ 1.00633226e+00 -7.50307907e-01  3.10869127e+00 -2.34895547e-01\n   3.38908915e+01  3.47900259e+01]]", "nfev": "315", "njev": "45", "status": "0", "success": "True", "message": "Optimization terminated successfully.", "x": "[1.98878619 6.57956704 1.13968712 2.82549274 2.88994541 1.06389583]", "nit": "34"}, "11": {"maxiter": 500, "gtol": 1e-05, "xrtol": 1e-10, "eps": 1e-10, "duration": 0.05435490608215332, "fun": "0.23706379846128867", "jac": "[-2.22044587e-06  4.44089173e-06 -2.22044587e-06  2.22044587e-06\n -2.22044587e-06  0.00000000e+00]", "hess_inv": "[[ 4.09237553 -0.09940315 -0.30056897  0.09193299  0.7596828   0.70170554]\n [-0.09940315  4.81611984  2.319445   -1.54259258  0.26317967 -1.82362743]\n [-0.30056897  2.319445    4.58563443 -1.44739555  5.48501029  3.90595528]\n [ 0.09193299 -1.54259258 -1.44739555  3.90801066 -1.11513273 -0.10027394]\n [ 0.7596828   0.26317967  5.48501029 -1.11513273 41.5253933  38.0935279 ]\n [ 0.70170554 -1.82362743  3.90595528 -0.10027394 38.0935279  38.85328962]]", "nfev": "315", "njev": "45", "status": "0", "success": "True", "message": "Optimization terminated successfully.", "x": "[1.98878658 6.57958806 1.13970021 2.82549127 2.89001021 1.06395211]", "nit": "34"}, "12": {"maxiter": 500, "gtol": 1e-10, "xrtol": 1e-05, "eps": 1e-05, "duration": 0.10205531120300293, "fun": "0.23706379857525106", "jac": "[ 5.97966121e-08  4.48241444e-07  1.57729385e-07 -7.32525152e-08\n -3.99125177e-08  7.50099982e-07]", "hess_inv": "[[ 4.14389896 -0.05200309 -0.27203468  0.06786987  1.12986591  1.07831767]\n [-0.05200309  4.75941213  2.47341531 -1.64962115  1.48750354 -0.63919557]\n [-0.27203468  2.47341531  4.60350724 -1.49585058  5.52009636  3.93360915]\n [ 0.06786987 -1.64962115 -1.49585058  4.04556107 -1.47229465 -0.41866421]\n [ 1.12986591  1.48750354  5.52009636 -1.47229465 42.22679557 38.80502125]\n [ 1.07831767 -0.63919557  3.93360915 -0.41866421 38.80502125 39.60182392]]", "nfev": "593", "njev": "83", "status": "2", "success": "False", "message": "Desired error not necessarily achieved due to precision loss.", "x": "[1.98878619 6.57956704 1.13968712 2.82549274 2.88994541 1.06389583]", "nit": "34"}, "13": {"maxiter": 500, "gtol": 1e-10, "xrtol": 1e-05, "eps": 1e-10, "duration": 0.06669402122497559, "fun": "0.23706379840274538", "jac": "[ 2.22044587e-06  0.00000000e+00  0.00000000e+00 -1.11022293e-06\n  1.11022293e-06  0.00000000e+00]", "hess_inv": "[[ 4.06032998  0.13654078 -0.13970639  0.35927176  1.32993008  1.27865729]\n [ 0.13654078  4.38534031  2.27608    -1.97375231  0.80841391 -1.33991359]\n [-0.13970639  2.27608     5.28385901 -1.25900179  9.5766181   7.88386672]\n [ 0.35927176 -1.97375231 -1.25900179  3.55574684  0.74618957  1.66520562]\n [ 1.32993008  0.80841391  9.5766181   0.74618957 64.12163485 60.14305263]\n [ 1.27865729 -1.33991359  7.88386672  1.66520562 60.14305263 60.36427396]]", "nfev": "385", "njev": "55", "status": "0", "success": "True", "message": "Optimization terminated successfully.", "x": "[1.98879462 6.57957859 1.13971124 2.82548565 2.8900916  1.06403027]", "nit": "36"}, "14": {"maxiter": 500, "gtol": 1e-10, "xrtol": 1e-10, "eps": 1e-05, "duration": 0.10161113739013672, "fun": "0.23706379857525106", "jac": "[ 5.97966121e-08  4.48241444e-07  1.57729385e-07 -7.32525152e-08\n -3.99125177e-08  7.50099982e-07]", "hess_inv": "[[ 4.14389896 -0.05200309 -0.27203468  0.06786987  1.12986591  1.07831767]\n [-0.05200309  4.75941213  2.47341531 -1.64962115  1.48750354 -0.63919557]\n [-0.27203468  2.47341531  4.60350724 -1.49585058  5.52009636  3.93360915]\n [ 0.06786987 -1.64962115 -1.49585058  4.04556107 -1.47229465 -0.41866421]\n [ 1.12986591  1.48750354  5.52009636 -1.47229465 42.22679557 38.80502125]\n [ 1.07831767 -0.63919557  3.93360915 -0.41866421 38.80502125 39.60182392]]", "nfev": "593", "njev": "83", "status": "2", "success": "False", "message": "Desired error not necessarily achieved due to precision loss.", "x": "[1.98878619 6.57956704 1.13968712 2.82549274 2.88994541 1.06389583]", "nit": "34"}, "15": {"maxiter": 500, "gtol": 1e-10, "xrtol": 1e-10, "eps": 1e-10, "duration": 0.06617188453674316, "fun": "0.23706379840274538", "jac": "[ 2.22044587e-06  0.00000000e+00  0.00000000e+00 -1.11022293e-06\n  1.11022293e-06  0.00000000e+00]", "hess_inv": "[[ 4.06032998  0.13654078 -0.13970639  0.35927176  1.32993008  1.27865729]\n [ 0.13654078  4.38534031  2.27608    -1.97375231  0.80841391 -1.33991359]\n [-0.13970639  2.27608     5.28385901 -1.25900179  9.5766181   7.88386672]\n [ 0.35927176 -1.97375231 -1.25900179  3.55574684  0.74618957  1.66520562]\n [ 1.32993008  0.80841391  9.5766181   0.74618957 64.12163485 60.14305263]\n [ 1.27865729 -1.33991359  7.88386672  1.66520562 60.14305263 60.36427396]]", "nfev": "385", "njev": "55", "status": "0", "success": "True", "message": "Optimization terminated successfully.", "x": "[1.98879462 6.57957859 1.13971124 2.82548565 2.8900916  1.06403027]", "nit": "36"}, "16": {"maxiter": 1000, "gtol": 1e-05, "xrtol": 1e-05, "eps": 1e-05, "duration": 0.05434298515319824, "fun": "0.23706379857525106", "jac": "[ 5.97966121e-08  4.48241444e-07  1.57729385e-07 -7.32525152e-08\n -3.99125177e-08  7.50099982e-07]", "hess_inv": "[[ 4.15645954e+00 -1.53013460e-02 -2.90818779e-01  5.91491923e-02\n   1.05479608e+00  1.00633226e+00]\n [-1.53013460e-02  4.86476912e+00  2.43624116e+00 -1.67764387e+00\n   1.36965798e+00 -7.50307907e-01]\n [-2.90818779e-01  2.43624116e+00  4.46513033e+00 -1.45892686e+00\n   4.67836907e+00  3.10869127e+00]\n [ 5.91491923e-02 -1.67764387e+00 -1.45892686e+00  4.04818952e+00\n  -1.28331123e+00 -2.34895547e-01]\n [ 1.05479608e+00  1.36965798e+00  4.67836907e+00 -1.28331123e+00\n   3.72083348e+01  3.38908915e+01]\n [ 1.00633226e+00 -7.50307907e-01  3.10869127e+00 -2.34895547e-01\n   3.38908915e+01  3.47900259e+01]]", "nfev": "315", "njev": "45", "status": "0", "success": "True", "message": "Optimization terminated successfully.", "x": "[1.98878619 6.57956704 1.13968712 2.82549274 2.88994541 1.06389583]", "nit": "34"}, "17": {"maxiter": 1000, "gtol": 1e-05, "xrtol": 1e-05, "eps": 1e-10, "duration": 0.054621219635009766, "fun": "0.23706379846128867", "jac": "[-2.22044587e-06  4.44089173e-06 -2.22044587e-06  2.22044587e-06\n -2.22044587e-06  0.00000000e+00]", "hess_inv": "[[ 4.09237553 -0.09940315 -0.30056897  0.09193299  0.7596828   0.70170554]\n [-0.09940315  4.81611984  2.319445   -1.54259258  0.26317967 -1.82362743]\n [-0.30056897  2.319445    4.58563443 -1.44739555  5.48501029  3.90595528]\n [ 0.09193299 -1.54259258 -1.44739555  3.90801066 -1.11513273 -0.10027394]\n [ 0.7596828   0.26317967  5.48501029 -1.11513273 41.5253933  38.0935279 ]\n [ 0.70170554 -1.82362743  3.90595528 -0.10027394 38.0935279  38.85328962]]", "nfev": "315", "njev": "45", "status": "0", "success": "True", "message": "Optimization terminated successfully.", "x": "[1.98878658 6.57958806 1.13970021 2.82549127 2.89001021 1.06395211]", "nit": "34"}, "18": {"maxiter": 1000, "gtol": 1e-05, "xrtol": 1e-10, "eps": 1e-05, "duration": 0.05411481857299805, "fun": "0.23706379857525106", "jac": "[ 5.97966121e-08  4.48241444e-07  1.57729385e-07 -7.32525152e-08\n -3.99125177e-08  7.50099982e-07]", "hess_inv": "[[ 4.15645954e+00 -1.53013460e-02 -2.90818779e-01  5.91491923e-02\n   1.05479608e+00  1.00633226e+00]\n [-1.53013460e-02  4.86476912e+00  2.43624116e+00 -1.67764387e+00\n   1.36965798e+00 -7.50307907e-01]\n [-2.90818779e-01  2.43624116e+00  4.46513033e+00 -1.45892686e+00\n   4.67836907e+00  3.10869127e+00]\n [ 5.91491923e-02 -1.67764387e+00 -1.45892686e+00  4.04818952e+00\n  -1.28331123e+00 -2.34895547e-01]\n [ 1.05479608e+00  1.36965798e+00  4.67836907e+00 -1.28331123e+00\n   3.72083348e+01  3.38908915e+01]\n [ 1.00633226e+00 -7.50307907e-01  3.10869127e+00 -2.34895547e-01\n   3.38908915e+01  3.47900259e+01]]", "nfev": "315", "njev": "45", "status": "0", "success": "True", "message": "Optimization terminated successfully.", "x": "[1.98878619 6.57956704 1.13968712 2.82549274 2.88994541 1.06389583]", "nit": "34"}, "19": {"maxiter": 1000, "gtol": 1e-05, "xrtol": 1e-10, "eps": 1e-10, "duration": 0.05415034294128418, "fun": "0.23706379846128867", "jac": "[-2.22044587e-06  4.44089173e-06 -2.22044587e-06  2.22044587e-06\n -2.22044587e-06  0.00000000e+00]", "hess_inv": "[[ 4.09237553 -0.09940315 -0.30056897  0.09193299  0.7596828   0.70170554]\n [-0.09940315  4.81611984  2.319445   -1.54259258  0.26317967 -1.82362743]\n [-0.30056897  2.319445    4.58563443 -1.44739555  5.48501029  3.90595528]\n [ 0.09193299 -1.54259258 -1.44739555  3.90801066 -1.11513273 -0.10027394]\n [ 0.7596828   0.26317967  5.48501029 -1.11513273 41.5253933  38.0935279 ]\n [ 0.70170554 -1.82362743  3.90595528 -0.10027394 38.0935279  38.85328962]]", "nfev": "315", "njev": "45", "status": "0", "success": "True", "message": "Optimization terminated successfully.", "x": "[1.98878658 6.57958806 1.13970021 2.82549127 2.89001021 1.06395211]", "nit": "34"}, "20": {"maxiter": 1000, "gtol": 1e-10, "xrtol": 1e-05, "eps": 1e-05, "duration": 0.10123801231384277, "fun": "0.23706379857525106", "jac": "[ 5.97966121e-08  4.48241444e-07  1.57729385e-07 -7.32525152e-08\n -3.99125177e-08  7.50099982e-07]", "hess_inv": "[[ 4.14389896 -0.05200309 -0.27203468  0.06786987  1.12986591  1.07831767]\n [-0.05200309  4.75941213  2.47341531 -1.64962115  1.48750354 -0.63919557]\n [-0.27203468  2.47341531  4.60350724 -1.49585058  5.52009636  3.93360915]\n [ 0.06786987 -1.64962115 -1.49585058  4.04556107 -1.47229465 -0.41866421]\n [ 1.12986591  1.48750354  5.52009636 -1.47229465 42.22679557 38.80502125]\n [ 1.07831767 -0.63919557  3.93360915 -0.41866421 38.80502125 39.60182392]]", "nfev": "593", "njev": "83", "status": "2", "success": "False", "message": "Desired error not necessarily achieved due to precision loss.", "x": "[1.98878619 6.57956704 1.13968712 2.82549274 2.88994541 1.06389583]", "nit": "34"}, "21": {"maxiter": 1000, "gtol": 1e-10, "xrtol": 1e-05, "eps": 1e-10, "duration": 0.06602811813354492, "fun": "0.23706379840274538", "jac": "[ 2.22044587e-06  0.00000000e+00  0.00000000e+00 -1.11022293e-06\n  1.11022293e-06  0.00000000e+00]", "hess_inv": "[[ 4.06032998  0.13654078 -0.13970639  0.35927176  1.32993008  1.27865729]\n [ 0.13654078  4.38534031  2.27608    -1.97375231  0.80841391 -1.33991359]\n [-0.13970639  2.27608     5.28385901 -1.25900179  9.5766181   7.88386672]\n [ 0.35927176 -1.97375231 -1.25900179  3.55574684  0.74618957  1.66520562]\n [ 1.32993008  0.80841391  9.5766181   0.74618957 64.12163485 60.14305263]\n [ 1.27865729 -1.33991359  7.88386672  1.66520562 60.14305263 60.36427396]]", "nfev": "385", "njev": "55", "status": "0", "success": "True", "message": "Optimization terminated successfully.", "x": "[1.98879462 6.57957859 1.13971124 2.82548565 2.8900916  1.06403027]", "nit": "36"}, "22": {"maxiter": 1000, "gtol": 1e-10, "xrtol": 1e-10, "eps": 1e-05, "duration": 0.10125303268432617, "fun": "0.23706379857525106", "jac": "[ 5.97966121e-08  4.48241444e-07  1.57729385e-07 -7.32525152e-08\n -3.99125177e-08  7.50099982e-07]", "hess_inv": "[[ 4.14389896 -0.05200309 -0.27203468  0.06786987  1.12986591  1.07831767]\n [-0.05200309  4.75941213  2.47341531 -1.64962115  1.48750354 -0.63919557]\n [-0.27203468  2.47341531  4.60350724 -1.49585058  5.52009636  3.93360915]\n [ 0.06786987 -1.64962115 -1.49585058  4.04556107 -1.47229465 -0.41866421]\n [ 1.12986591  1.48750354  5.52009636 -1.47229465 42.22679557 38.80502125]\n [ 1.07831767 -0.63919557  3.93360915 -0.41866421 38.80502125 39.60182392]]", "nfev": "593", "njev": "83", "status": "2", "success": "False", "message": "Desired error not necessarily achieved due to precision loss.", "x": "[1.98878619 6.57956704 1.13968712 2.82549274 2.88994541 1.06389583]", "nit": "34"}, "23": {"maxiter": 1000, "gtol": 1e-10, "xrtol": 1e-10, "eps": 1e-10, "duration": 0.06601500511169434, "fun": "0.23706379840274538", "jac": "[ 2.22044587e-06  0.00000000e+00  0.00000000e+00 -1.11022293e-06\n  1.11022293e-06  0.00000000e+00]", "hess_inv": "[[ 4.06032998  0.13654078 -0.13970639  0.35927176  1.32993008  1.27865729]\n [ 0.13654078  4.38534031  2.27608    -1.97375231  0.80841391 -1.33991359]\n [-0.13970639  2.27608     5.28385901 -1.25900179  9.5766181   7.88386672]\n [ 0.35927176 -1.97375231 -1.25900179  3.55574684  0.74618957  1.66520562]\n [ 1.32993008  0.80841391  9.5766181   0.74618957 64.12163485 60.14305263]\n [ 1.27865729 -1.33991359  7.88386672  1.66520562 60.14305263 60.36427396]]", "nfev": "385", "njev": "55", "status": "0", "success": "True", "message": "Optimization terminated successfully.", "x": "[1.98879462 6.57957859 1.13971124 2.82548565 2.8900916  1.06403027]", "nit": "36"}}, "cobyla": {"0": {"maxiter": 100, "tol": 1e-05, "catol": 1e-05, "duration": 0.016538143157958984, "x": "[1.99067738 6.57868219 7.43402265 2.82484967 3.04661818 1.21564661]", "status": "2", "success": "False", "message": "Maximum number of function evaluations has been exceeded.", "nfev": "100", "fun": "0.23736429787033575", "maxcv": "0.0"}, "1": {"maxiter": 100, "tol": 1e-05, "catol": 1e-10, "duration": 0.016468048095703125, "x": "[1.99067738 6.57868219 7.43402265 2.82484967 3.04661818 1.21564661]", "status": "2", "success": "False", "message": "Maximum number of function evaluations has been exceeded.", "nfev": "100", "fun": "0.23736429787033575", "maxcv": "0.0"}, "2": {"maxiter": 100, "tol": 1e-10, "catol": 1e-05, "duration": 0.017034053802490234, "x": "[1.99067738 6.57868219 7.43402265 2.82484967 3.04661818 1.21564661]", "status": "2", "success": "False", "message": "Maximum number of function evaluations has been exceeded.", "nfev": "100", "fun": "0.23736429787033575", "maxcv": "0.0"}, "3": {"maxiter": 100, "tol": 1e-10, "catol": 1e-