{"date": "2024/07/19/, 15:56:10", "conf_id": 234, "data_type": "non_lin_ind\n", "num_data_points": 4, "s_rank": 0, "unitary": "[[-0.24866696+0.58742286j,-0.44704345-0.43151574j,-0.35669027-0.20570733j,-0.10517633+0.1626036j],[0.10596805-0.19687975j,-0.30269685-0.15056416j,0.18246286+0.30440582j,-0.83484447-0.11310748j],[0.26054512-0.52548482j,0.0285017-0.50723956j,-0.43110112+0.17165838j,0.15243271+0.39915801j],[0.42978035+0.11991271j,-0.17224126-0.46030424j,0.6827807-0.15164662j,0.26483638+0.0061855j]]", "databatch_0": {"databatch": "[[[0.01131682+0.05002134j,0.01412203+0.05614773j,-0.04761154-0.19100718j,-0.16428703-0.00268981j],[-0.06994443-0.07673958j,0.20464179-0.32696307j,-0.24873326+0.51800895j,0.34532322+0.47320754j],[-0.01214969-0.04651693j,0.02811368+0.02451732j,-0.02497464-0.04706365j,-0.01655448-0.04760435j],[-0.01092773+0.01483648j,-0.04798529-0.06960786j,0.15979362+0.1669787j,0.15879227+0.0114148j]],[[0.20901291+0.12137575j,0.22842947+0.03370356j,-0.03138854+0.22472766j,0.01194575+0.16826431j],[-0.25456194-0.34639784j,-0.43663415-0.11179954j,0.18629355-0.3179037j,0.13448231-0.10531374j],[-0.00225269+0.01080834j,-0.09302032-0.11737044j,0.0021897+0.05953773j,-0.1089045+0.05314108j],[-0.22257766+0.01807234j,-0.0306495+0.20116526j,-0.14556203-0.24386302j,-0.01209996-0.20633367j]],[[-0.17546972-0.41088408j,-0.23462823-0.34542449j,-0.17993746+0.12979413j,0.1769543+0.07468648j],[0.12346715-0.20598208j,0.01848252-0.22292267j,-0.09503262-0.03541102j,-0.00660807+0.06990737j],[0.26577962-0.0950747j,0.11508898-0.09661469j,-0.02229435-0.11175219j,-0.14428728+0.10823783j],[0.17696027+0.30568362j,0.31638282+0.13868449j,0.06717981-0.09653944j,-0.04464952-0.0969009j]],[[0.04059968+0.16075693j,-0.17257183+0.02950306j,-0.13422936-0.20524519j,0.03840129+0.02124886j],[-0.05937731+0.03199424j,0.1520379-0.02350619j,0.20851886-0.07445595j,0.00497704+0.03098382j],[-0.36794607-0.09068893j,0.20391256-0.21383713j,0.40479026-0.09330044j,-0.09684773+0.14933276j],[0.31949181-0.14658755j,-0.02770359+0.21586918j,-0.15483533+0.33101076j,-0.007039-0.20152652j]]]", "initial param values": "[4.90081185,5.30240672,1.52183116,4.93622228,3.64011611,1.03818044]", "nelder_mead": {"type": "gradient-free", "0": {"maxiter": 100, "fatol": 1e-05, "xatol": 1e-05, "duration": 0.026350021362304688, "fun": "0.45703707427265217", "nit": "100", "nfev": "155", "status": "2", "success": "False", "message": "Maximum number of iterations has been exceeded.", "x": "[1.2240938  4.64336346 2.80782236 3.30697589 3.29799698 1.6976331 ]", "final_simplex": "(array([[1.2240938 , 4.64336346, 2.80782236, 3.30697589, 3.29799698,\n        1.6976331 ],\n       [1.4027397 , 4.73642949, 2.89435569, 3.15319982, 3.34878504,\n        1.63073924],\n       [1.14822367, 4.89577737, 2.83296708, 3.30619135, 3.23908043,\n        1.71508854],\n       [1.01226541, 4.98707941, 2.58328182, 3.4096128 , 3.23177113,\n        1.75582039],\n       [1.10162683, 4.60499181, 3.0638937 , 2.87111864, 3.36493457,\n        1.69901797],\n       [1.41369078, 4.80243043, 2.6934569 , 3.42381064, 2.97873869,\n        1.75122133],\n       [1.55626382, 4.89602192, 2.44281229, 3.78027707, 2.96045201,\n        1.7516461 ]]), array([0.45703707, 0.45754092, 0.4606345 , 0.46397338, 0.4710376 ,\n       0.47235612, 0.47485896]))"}, "1": {"maxiter": 100, "fatol": 1e-05, "xatol": 1e-10, "duration": 0.02620697021484375, "fun": "0.45703707427265217", "nit": "100", "nfev": "155", "status": "2", "success": "False", "message": "Maximum number of iterations has been exceeded.", "x": "[1.2240938  4.64336346 2.80782236 3.30697589 3.29799698 1.6976331 ]", "final_simplex": "(array([[1.2240938 , 4.64336346, 2.80782236, 3.30697589, 3.29799698,\n        1.6976331 ],\n       [1.4027397 , 4.73642949, 2.89435569, 3.15319982, 3.34878504,\n        1.63073924],\n       [1.14822367, 4.89577737, 2.83296708, 3.30619135, 3.23908043,\n        1.71508854],\n       [1.01226541, 4.98707941, 2.58328182, 3.4096128 , 3.23177113,\n        1.75582039],\n       [1.10162683, 4.60499181, 3.0638937 , 2.87111864, 3.36493457,\n        1.69901797],\n       [1.41369078, 4.80243043, 2.6934569 , 3.42381064, 2.97873869,\n        1.75122133],\n       [1.55626382, 4.89602192, 2.44281229, 3.78027707, 2.96045201,\n        1.7516461 ]]), array([0.45703707, 0.45754092, 0.4606345 , 0.46397338, 0.4710376 ,\n       0.47235612, 0.47485896]))"}, "2": {"maxiter": 100, "fatol": 1e-10, "xatol": 1e-05, "duration": 0.026165008544921875, "fun": "0.45703707427265217", "nit": "100", "nfev": "155", "status": "2", "success": "False", "message": "Maximum number of iterations has been exceeded.", "x": "[1.2240938  4.64336346 2.80782236 3.30697589 3.29799698 1.6976331 ]", "final_simplex": "(array([[1.2240938 , 4.64336346, 2.80782236, 3.30697589, 3.29799698,\n        1.6976331 ],\n       [1.4027397 , 4.73642949, 2.89435569, 3.15319982, 3.34878504,\n        1.63073924],\n       [1.14822367, 4.89577737, 2.83296708, 3.30619135, 3.23908043,\n        1.71508854],\n       [1.01226541, 4.98707941, 2.58328182, 3.4096128 , 3.23177113,\n        1.75582039],\n       [1.10162683, 4.60499181, 3.0638937 , 2.87111864, 3.36493457,\n        1.69901797],\n       [1.41369078, 4.80243043, 2.6934569 , 3.42381064, 2.97873869,\n        1.75122133],\n       [1.55626382, 4.89602192, 2.44281229, 3.78027707, 2.96045201,\n        1.7516461 ]]), array([0.45703707, 0.45754092, 0.4606345 , 0.46397338, 0.4710376 ,\n       0.47235612, 0.47485896]))"}, "3": {"maxiter": 100, "fatol": 1e-10, "xatol": 1e-10, "duration": 0.026198863983154297, "fun": "0.45703707427265217", "nit": "100", "nfev": "155", "status": "2", "success": "False", "message": "Maximum number of iterations has been exceeded.", "x": "[1.2240938  4.64336346 2.80782236 3.30697589 3.29799698 1.6976331 ]", "final_simplex": "(array([[1.2240938 , 4.64336346, 2.80782236, 3.30697589, 3.29799698,\n        1.6976331 ],\n       [1.4027397 , 4.73642949, 2.89435569, 3.15319982, 3.34878504,\n        1.63073924],\n       [1.14822367, 4.89577737, 2.83296708, 3.30619135, 3.23908043,\n        1.71508854],\n       [1.01226541, 4.98707941, 2.58328182, 3.4096128 , 3.23177113,\n        1.75582039],\n       [1.10162683, 4.60499181, 3.0638937 , 2.87111864, 3.36493457,\n        1.69901797],\n       [1.41369078, 4.80243043, 2.6934569 , 3.42381064, 2.97873869,\n        1.75122133],\n       [1.55626382, 4.89602192, 2.44281229, 3.78027707, 2.96045201,\n        1.7516461 ]]), array([0.45703707, 0.45754092, 0.4606345 , 0.46397338, 0.4710376 ,\n       0.47235612, 0.47485896]))"}, "4": {"maxiter": 500, "fatol": 1e-05, "xatol": 1e-05, "duration": 0.13106727600097656, "fun": "0.35229930232911455", "nit": "500", "nfev": "776", "status": "2", "success": "False", "message": "Maximum number of iterations has been exceeded.", "x": "[ 1.42037014  4.96355205  4.27806481  2.02755414  3.0188077  -0.50087482]", "final_simplex": "(array([[ 1.42037014,  4.96355205,  4.27806481,  2.02755414,  3.0188077 ,\n        -0.50087482],\n       [ 1.42138876,  4.9600809 ,  4.27788287,  2.02704763,  3.02316467,\n        -0.50068981],\n       [ 1.41987544,  4.96165165,  4.27864379,  2.02440982,  3.02362285,\n        -0.50112554],\n       [ 1.42012085,  4.96268101,  4.28077467,  2.02662837,  3.02333172,\n        -0.50071738],\n       [ 1.417399  ,  4.95893654,  4.28134717,  2.0254624 ,  3.020897  ,\n        -0.50646587],\n       [ 1.42204311,  4.96052331,  4.28143153,  2.0274006 ,  3.02001661,\n        -0.50463022],\n       [ 1.42093027,  4.95612104,  4.27939961,  2.02694479,  3.01954048,\n        -0.50039105]]), array([0.3522993 , 0.35229945, 0.35229953, 0.35230001, 0.35230065,\n       0.35230082, 0.35230098]))"}, "5": {"maxiter": 500, "fatol": 1e-05, "xatol": 1e-10, "duration": 0.1306161880493164, "fun": "0.35229930232911455", "nit": "500", "nfev": "776", "status": "2", "success": "False", "message": "Maximum number of iterations has been exceeded.", "x": "[ 1.42037014  4.96355205  4.27806481  2.02755414  3.0188077  -0.50087482]", "final_simplex": "(array([[ 1.42037014,  4.96355205,  4.27806481,  2.02755414,  3.0188077 ,\n        -0.50087482],\n       [ 1.42138876,  4.9600809 ,  4.27788287,  2.02704763,  3.02316467,\n        -0.50068981],\n       [ 1.41987544,  4.96165165,  4.27864379,  2.02440982,  3.02362285,\n        -0.50112554],\n       [ 1.42012085,  4.96268101,  4.28077467,  2.02662837,  3.02333172,\n        -0.50071738],\n       [ 1.417399  ,  4.95893654,  4.28134717,  2.0254624 ,  3.020897  ,\n        -0.50646587],\n       [ 1.42204311,  4.96052331,  4.28143153,  2.0274006 ,  3.02001661,\n        -0.50463022],\n       [ 1.42093027,  4.95612104,  4.27939961,  2.02694479,  3.01954048,\n        -0.50039105]]), array([0.3522993 , 0.35229945, 0.35229953, 0.35230001, 0.35230065,\n       0.35230082, 0.35230098]))"}, "6": {"maxiter": 500, "fatol": 1e-10, "xatol": 1e-05, "duration": 0.13098502159118652, "fun": "0.35229930232911455", "nit": "500", "nfev": "776", "status": "2", "success": "False", "message": "Maximum number of iterations has been exceeded.", "x": "[ 1.42037014  4.96355205  4.27806481  2.02755414  3.0188077  -0.50087482]", "final_simplex": "(array([[ 1.42037014,  4.96355205,  4.27806481,  2.02755414,  3.0188077 ,\n        -0.50087482],\n       [ 1.42138876,  4.9600809 ,  4.27788287,  2.02704763,  3.02316467,\n        -0.50068981],\n       [ 1.41987544,  4.96165165,  4.27864379,  2.02440982,  3.02362285,\n        -0.50112554],\n       [ 1.42012085,  4.96268101,  4.28077467,  2.02662837,  3.02333172,\n        -0.50071738],\n       [ 1.417399  ,  4.95893654,  4.28134717,  2.0254624 ,  3.020897  ,\n        -0.50646587],\n       [ 1.42204311,  4.96052331,  4.28143153,  2.0274006 ,  3.02001661,\n        -0.50463022],\n       [ 1.42093027,  4.95612104,  4.27939961,  2.02694479,  3.01954048,\n        -0.50039105]]), array([0.3522993 , 0.35229945, 0.35229953, 0.35230001, 0.35230065,\n       0.35230082, 0.35230098]))"}, "7": {"maxiter": 500, "fatol": 1e-10, "xatol": 1e-10, "duration": 0.13163089752197266, "fun": "0.35229930232911455", "nit": "500", "nfev": "776", "status": "2", "success": "False", "message": "Maximum number of iterations has been exceeded.", "x": "[ 1.42037014  4.96355205  4.27806481  2.02755414  3.0188077  -0.50087482]", "final_simplex": "(array([[ 1.42037014,  4.96355205,  4.27806481,  2.02755414,  3.0188077 ,\n        -0.50087482],\n       [ 1.42138876,  4.9600809 ,  4.27788287,  2.02704763,  3.02316467,\n        -0.50068981],\n       [ 1.41987544,  4.96165165,  4.27864379,  2.02440982,  3.02362285,\n        -0.50112554],\n       [ 1.42012085,  4.96268101,  4.28077467,  2.02662837,  3.02333172,\n        -0.50071738],\n       [ 1.417399  ,  4.95893654,  4.28134717,  2.0254624 ,  3.020897  ,\n        -0.50646587],\n       [ 1.42204311,  4.96052331,  4.28143153,  2.0274006 ,  3.02001661,\n        -0.50463022],\n       [ 1.42093027,  4.95612104,  4.27939961,  2.02694479,  3.01954048,\n        -0.50039105]]), array([0.3522993 , 0.35229945, 0.35229953, 0.35230001, 0.35230065,\n       0.35230082, 0.35230098]))"}, "8": {"maxiter": 1000, "fatol": 1e-05, "xatol": 1e-05, "duration": 0.1578972339630127, "fun": "0.3522985209768368", "nit": "587", "nfev": "932", "status": "0", "success": "True", "message": "Optimization terminated successfully.", "x": "[ 1.42012819  4.96075345  4.2784154   2.02606568  3.02036958 -0.50197559]", "final_simplex": "(array([[ 1.42012819,  4.96075345,  4.2784154 ,  2.02606568,  3.02036958,\n        -0.50197559],\n       [ 1.42013221,  4.96074744,  4.27841266,  2.02606456,  3.02036705,\n        -0.5019703 ],\n       [ 1.42012741,  4.96075393,  4.27841388,  2.02606341,  3.02037008,\n        -0.50197105],\n       [ 1.42013066,  4.96075102,  4.27840753,  2.02606746,  3.02036702,\n        -0.50196847],\n       [ 1.42013013,  4.96074892,  4.27841134,  2.02606663,  3.02037217,\n        -0.50196765],\n       [ 1.42012472,  4.96074874,  4.27841106,  2.02606679,  3.02036504,\n        -0.50197727],\n       [ 1.42013187,  4.96075544,  4.27841484,  2.02607288,  3.02036537,\n        -0.50196972]]), array([0.35229852, 0.35229852, 0.35229852, 0.35229852, 0.35229852,\n       0.35229852, 0.35229852]))"}, "9": {"maxiter": 1000, "fatol": 1e-05, "xatol": 1e-10, "duration": 0.19977116584777832, "fun": "0.352298520974186", "nit": "700", "nfev": "1178", "status": "0", "success": "True", "message": "Optimization terminated successfully.", "x": "[ 1.42013073  4.96075186  4.27841219  2.02606513  3.02036746 -0.50197329]", "final_simplex": "(array([[ 1.42013073,  4.96075186,  4.27841219,  2.02606513,  3.02036746,\n        -0.50197329],\n       [ 1.42013073,  4.96075186,  4.27841219,  2.02606513,  3.02036746,\n        -0.50197329],\n       [ 1.42013073,  4.96075186,  4.27841219,  2.02606513,  3.02036746,\n        -0.50197329],\n       [ 1.42013073,  4.96075186,  4.27841219,  2.02606513,  3.02036746,\n        -0.50197329],\n       [ 1.42013073,  4.96075186,  4.27841219,  2.02606513,  3.02036746,\n        -0.50197329],\n       [ 1.42013073,  4.96075186,  4.27841219,  2.02606513,  3.02036746,\n        -0.50197329],\n       [ 1.42013073,  4.96075186,  4.27841219,  2.02606513,  3.02036746,\n        -0.50197329]]), array([0.35229852, 0.35229852, 0.35229852, 0.35229852, 0.35229852,\n       0.35229852, 0.35229852]))"}, "10": {"maxiter": 1000, "fatol": 1e-10, "xatol": 1e-05, "duration": 0.16017389297485352, "fun": "0.3522985209768368", "nit": "587", "nfev": "932", "status": "0", "success": "True", "message": "Optimization terminated successfully.", "x": "[ 1.42012819  4.96075345  4.2784154   2.02606568  3.02036958 -0.50197559]", "final_simplex": "(array([[ 1.42012819,  4.96075345,  4.2784154 ,  2.02606568,  3.02036958,\n        -0.50197559],\n       [ 1.42013221,  4.96074744,  4.27841266,  2.02606456,  3.02036705,\n        -0.5019703 ],\n       [ 1.42012741,  4.96075393,  4.27841388,  2.02606341,  3.02037008,\n        -0.50197105],\n       [ 1.42013066,  4.96075102,  4.27840753,  2.02606746,  3.02036702,\n        -0.50196847],\n       [ 1.42013013,  4.96074892,  4.27841134,  2.02606663,  3.02037217,\n        -0.50196765],\n       [ 1.42012472,  4.96074874,  4.27841106,  2.02606679,  3.02036504,\n        -0.50197727],\n       [ 1.42013187,  4.96075544,  4.27841484,  2.02607288,  3.02036537,\n        -0.50196972]]), array([0.35229852, 0.35229852, 0.35229852, 0.35229852, 0.35229852,\n       0.35229852, 0.35229852]))"}, "11": {"maxiter": 1000, "fatol": 1e-10, "xatol": 1e-10, "duration": 0.2007308006286621, "fun": "0.352298520974186", "nit": "700", "nfev": "1178", "status": "0", "success": "True", "message": "Optimization terminated successfully.", "x": "[ 1.42013073  4.96075186  4.27841219  2.02606513  3.02036746 -0.50197329]", "final_simplex": "(array([[ 1.42013073,  4.96075186,  4.27841219,  2.02606513,  3.02036746,\n        -0.50197329],\n       [ 1.42013073,  4.96075186,  4.27841219,  2.02606513,  3.02036746,\n        -0.50197329],\n       [ 1.42013073,  4.96075186,  4.27841219,  2.02606513,  3.02036746,\n        -0.50197329],\n       [ 1.42013073,  4.96075186,  4.27841219,  2.02606513,  3.02036746,\n        -0.50197329],\n       [ 1.42013073,  4.96075186,  4.27841219,  2.02606513,  3.02036746,\n        -0.50197329],\n       [ 1.42013073,  4.96075186,  4.27841219,  2.02606513,  3.02036746,\n        -0.50197329],\n       [ 1.42013073,  4.96075186,  4.27841219,  2.02606513,  3.02036746,\n        -0.50197329]]), array([0.35229852, 0.35229852, 0.35229852, 0.35229852, 0.35229852,\n       0.35229852, 0.35229852]))"}}, "bfgs": {"type": "gradient", "0": {"maxiter": 100, "gtol": 1e-05, "xrtol": 1e-05, "eps": 1e-05, "duration": 0.05093884468078613, "fun": "0.3522985210179046", "jac": "[-8.97171226e-07  1.59328106e-07  4.50506299e-07 -1.88049576e-07\n  1.63984382e-06  5.91438010e-07]", "hess_inv": "[[ 5.26720537  1.62522917 -0.41945705  2.48871441  0.24640744  3.85017384]\n [ 1.62522917  8.00424477  0.90971139  1.41304594 -0.53722998  2.1635037 ]\n [-0.41945705  0.90971139  5.35561991  0.04611051 -0.18870706 -1.29278247]\n [ 2.48871441  1.41304594  0.04611051  6.14250983 -1.06836949  3.00164643]\n [ 0.24640744 -0.53722998 -0.18870706 -1.06836949  5.54012774  0.8305307 ]\n [ 3.85017384  2.1635037  -1.29278247  3.00164643  0.8305307   8.36530155]]", "nfev": "294", "njev": "42", "status": "0", "success": "True", "message": "Optimization terminated successfully.", "x": "[ 1.42011169  4.96073967  4.27840918  2.0260471   3.02037395 -0.50198855]", "nit": "34"}, "1": {"maxiter": 100, "gtol": 1e-05, "xrtol": 1e-05, "eps": 1e-10, "duration": 0.05069613456726074, "fun": "0.35229852103171666", "jac": "[-1.11022293e-06 -1.11022293e-06  0.00000000e+00 -4.44089173e-06\n  2.22044587e-06 -1.11022293e-06]", "hess_inv": "[[ 5.192585    1.57226401 -0.4969936   2.4106671   0.19067467  3.7044128 ]\n [ 1.57226401  8.12477646  0.90187293  1.40628205 -0.51922469  2.09529565]\n [-0.4969936   0.90187293  5.3355114  -0.07200158 -0.17606488 -1.43184679]\n [ 2.4106671   1.40628205 -0.07200158  6.06197827 -1.10196511  2.88037683]\n [ 0.19067467 -0.51922469 -0.17606488 -1.10196511  5.64921207  0.78820402]\n [ 3.7044128   2.09529565 -1.43184679  2.88037683  0.78820402  8.17604276]]", "nfev": "294", "njev": "42", "status": "0", "success": "True", "message": "Optimization terminated successfully.", "x": "[ 1.42010959  4.96074523  4.27840911  2.02604278  3.02037376 -0.50199192]", "nit": "34"}, "2": {"maxiter": 100, "gtol": 1e-05, "xrtol": 1e-10, "eps": 1e-05, "duration": 0.05090594291687012, "fun": "0.3522985210179046", "jac": "[-8.97171226e-07  1.59328106e-07  4.50506299e-07 -1.88049576e-07\n  1.63984382e-06  5.91438010e-07]", "hess_inv": "[[ 5.26720537  1.62522917 -0.41945705  2.48871441  0.24640744  3.85017384]\n [ 1.62522917  8.00424477  0.90971139  1.41304594 -0.53722998  2.1635037 ]\n [-0.41945705  0.90971139  5.35561991  0.04611051 -0.18870706 -1.29278247]\n [ 2.48871441  1.41304594  0.04611051  6.14250983 -1.06836949  3.00164643]\n [ 0.24640744 -0.53722998 -0.18870706 -1.06836949  5.54012774  0.8305307 ]\n [ 3.85017384  2.1635037  -1.29278247  3.00164643  0.8305307   8.36530155]]", "nfev": "294", "njev": "42", "status": "0", "success": "True", "message": "Optimization terminated successfully.", "x": "[ 1.42011169  4.96073967  4.27840918  2.0260471   3.02037395 -0.50198855]", "nit": "34"}, "3": {"maxiter": 100, "gtol": 1e-05, "xrtol": 1e-10, "eps": 1e-10, "duration": 0.05040287971496582, "fun": "0.35229852103171666", "jac": "[-1.11022293e-06 -1.11022293e-06  0.00000000e+00 -4.44089173e-06\n  2.22044587e-06 -1.11022293e-06]", "hess_inv": "[[ 5.192585    1.57226401 -0.4969936   2.4106671   0.19067467  3.7044128 ]\n [ 1.57226401  8.12477646  0.90187293  1.40628205 -0.51922469  2.09529565]\n [-0.4969936   0.90187293  5.3355114  -0.07200158 -0.17606488 -1.43184679]\n [ 2.4106671   1.40628205 -0.07200158  6.06197827 -1.10196511  2.88037683]\n [ 0.19067467 -0.51922469 -0.17606488 -1.10196511  5.64921207  0.78820402]\n [ 3.7044128   2.09529565 -1.43184679  2.88037683  0.78820402  8.17604276]]", "nfev": "294", "njev": "42", "status": "0", "success": "True", "message": "Optimization terminated successfully.", "x": "[ 1.42010959  4.96074523  4.27840911  2.02604278  3.02037376 -0.50199192]", "nit": "34"}, "4": {"maxiter": 100, "gtol": 1e-10, "xrtol": 1e-05, "eps": 1e-05, "duration": 0.051725149154663086, "fun": "0.35229852101051995", "jac": "[-1.45616852e-07  5.37458966e-08  9.65116875e-08 -1.17006405e-07\n  4.02455846e-08  2.21056506e-07]", "hess_inv": "[[ 5.32652777  1.61638715 -0.46499994  2.56469134  0.01745246  3.79906512]\n [ 1.61638715  8.00363246  0.90539467  1.4061261  -0.52227773  2.14724271]\n [-0.46499994  0.90539467  5.32669557  0.01312176 -0.12324299 -1.39092414]\n [ 2.56469134  1.4061261   0.01312176  6.22976629 -1.31785076  2.9906778 ]\n [ 0.01745246 -0.52227773 -0.12324299 -1.31785076  6.23332251  0.79058883]\n [ 3.79906512  2.14724271 -1.39092414  2.9906778   0.79058883  8.11392954]]", "nfev": "301", "njev": "43", "status": "0", "success": "True", "message": "Optimization terminated successfully.", "x": "[ 1.42011463  4.96073929  4.27840724  2.02605074  3.02036317 -0.50199039]", "nit": "35"}, "5": {"maxiter": 100, "gtol": 1e-10, "xrtol": 1e-05, "eps": 1e-10, "duration": 0.0505218505859375, "fun": "0.35229852103171666", "jac": "[-1.11022293e-06 -1.11022293e-06  0.00000000e+00 -4.44089173e-06\n  2.22044587e-06 -1.11022293e-06]", "hess_inv": "[[ 5.192585    1.57226401 -0.4969936   2.4106671   0.19067467  3.7044128 ]\n [ 1.57226401  8.12477646  0.90187293  1.40628205 -0.51922469  2.09529565]\n [-0.4969936   0.90187293  5.3355114  -0.07200158 -0.17606488 -1.43184679]\n [ 2.4106671   1.40628205 -0.07200158  6.06197827 -1.10196511  2.88037683]\n [ 0.19067467 -0.51922469 -0.17606488 -1.10196511  5.64921207  0.78820402]\n [ 3.7044128   2.09529565 -1.43184679  2.88037683  0.78820402  8.17604276]]", "nfev": "294", "njev": "42", "status": "0", "success": "True", "message": "Optimization terminated successfully.", "x": "[ 1.42010959  4.96074523  4.27840911  2.02604278  3.02037376 -0.50199192]", "nit": "34"}, "6": {"maxiter": 100, "gtol": 1e-10, "xrtol": 1e-10, "eps": 1e-05, "duration": 0.08098506927490234, "fun": "0.35229852101051995", "jac": "[-1.45616852e-07  5.37458966e-08  9.65116875e-08 -1.17006405e-07\n  4.02455846e-08  2.21056506e-07]", "hess_inv": "[[ 5.35045638  1.53731272 -0.50708106  2.61911265 -0.04647373  3.67524858]\n [ 1.53731272  8.02379373  0.96087764  1.30505506 -0.23512961  2.21092596]\n [-0.50708106  0.96087764  5.37173295 -0.05528385  0.01548334 -1.29291733]\n [ 2.61911265  1.30505506 -0.05528385  6.32780818 -1.48803093  2.82192853]\n [-0.04647373 -0.23512961  0.01548334 -1.48803093  6.38021612  1.23010442]\n [ 3.67524858  2.21092596 -1.29291733  2.82192853  1.23010442  8.25965471]]", "nfev": "473", "njev": "66", "status": "2", "success": "False", "message": "Desired error not necessarily achieved due to precision loss.", "x": "[ 1.42011463  4.96073929  4.27840724  2.02605074  3.02036317 -0.50199039]", "nit": "35"}, "7": {"maxiter": 100, "gtol": 1e-10, "xrtol": 1e-10, "eps": 1e-10, "duration": 0.08946728706359863, "fun": "0.35229852097992476", "jac": "[2.22044587e-06 4.44089173e-06 2.22044587e-06 1.11022293e-06\n 1.11022293e-06 1.11022293e-06]", "hess_inv": "[[  2.38148543  -2.38279209   4.21464672  -6.04279419   7.41442627\n   -9.25089834]\n [ -2.38279209   2.60425198  -5.32215045   7.81508394  -8.75767076\n   11.04581437]\n [  4.21464672  -5.32215045  13.53716621 -20.63218816  20.15025972\n  -26.18271995]\n [ -6.04279419   7.81508394 -20.63218816  31.66054448 -30.18505547\n   39.5033608 ]\n [  7.41442627  -8.75767076  20.15025972 -30.18505547  31.55674385\n  -40.30589453]\n [ -9.25089834  11.04581437 -26.18271995  39.5033608  -40.30589453\n   51.91170237]]", "nfev": "518", "njev": "74", "status": "0", "success": "True", "message": "Optimization terminated successfully.", "x": "[ 1.42013221  4.96075038  4.27840764  2.02606438  3.0203633  -0.50197731]", "nit": "42"}, "8": {"maxiter": 500, "gtol": 1e-05, "xrtol": 1e-05, "eps": 1e-05, "duration": 0.05129504203796387, "fun": "0.3522985210179046", "jac": "[-8.97171226e-07  1.59328106e-07  4.50506299e-07 -1.88049576e-07\n  1.63984382e-06  5.91438010e-07]", "hess_inv": "[[ 5.26720537  1.62522917 -0.41945705  2.48871441  0.24640744  3.85017384]\n [ 1.62522917  8.00424477  0.90971139  1.41304594 -0.53722998  2.1635037 ]\n [-0.41945705  0.90971139  5.35561991  0.04611051 -0.18870706 -1.29278247]\n [ 2.48871441  1.41304594  0.04611051  6.14250983 -1.06836949  3.00164643]\n [ 0.24640744 -0.53722998 -0.18870706 -1.06836949  5.54012774  0.8305307 ]\n [ 3.85017384  2.1635037  -1.29278247  3.00164643  0.8305307   8.36530155]]", "nfev": "294", "njev": "42", "status": "0", "success": "True", "message": "Optimization terminated successfully.", "x": "[ 1.42011169  4.96073967  4.27840918  2.0260471   3.02037395 -0.50198855]", "nit": "34"}, "9": {"maxiter": 500, "gtol": 1e-05, "xrtol": 1e-05, "eps": 1e-10, "duration": 0.05143404006958008, "fun": "0.35229852103171666", "jac": "[-1.11022293e-06 -1.11022293e-06  0.00000000e+00 -4.44089173e-06\n  2.22044587e-06 -1.11022293e-06]", "hess_inv": "[[ 5.192585    1.57226401 -0.4969936   2.4106671   0.19067467  3.7044128 ]\n [ 1.57226401  8.12477646  0.90187293  1.40628205 -0.51922469  2.09529565]\n [-0.4969936   0.90187293  5.3355114  -0.07200158 -0.17606488 -1.43184679]\n [ 2.4106671   1.40628205 -0.07200158  6.06197827 -1.10196511  2.88037683]\n [ 0.19067467 -0.51922469 -0.17606488 -1.10196511  5.64921207  0.78820402]\n [ 3.7044128   2.09529565 -1.43184679  2.88037683  0.78820402  8.17604276]]", "nfev": "294", "njev": "42", "status": "0", "success": "True", "message": "Optimization terminated successfully.", "x": "[ 1.42010959  4.96074523  4.27840911  2.02604278  3.02037376 -0.50199192]", "nit": "34"}, "10": {"maxiter": 500, "gtol": 1e-05, "xrtol": 1e-10, "eps": 1e-05, "duration": 0.051183223724365234, "fun": "0.3522985210179046", "jac": "[-8.97171226e-07  1.59328106e-07  4.50506299e-07 -1.88049576e-07\n  1.63984382e-06  5.91438010e-07]", "hess_inv": "[[ 5.26720537  1.62522917 -0.41945705  2.48871441  0.24640744  3.85017384]\n [ 1.62522917  8.00424477  0.90971139  1.41304594 -0.53722998  2.1635037 ]\n [-0.41945705  0.90971139  5.35561991  0.04611051 -0.18870706 -1.29278247]\n [ 2.48871441  1.41304594  0.04611051  6.14250983 -1.06836949  3.00164643]\n [ 0.24640744 -0.53722998 -0.18870706 -1.06836949  5.54012774  0.8305307 ]\n [ 3.85017384  2.1635037  -1.29278247  3.00164643  0.8305307   8.36530155]]", "nfev": "294", "njev": "42", "status": "0", "success": "True", "message": "Optimization terminated successfully.", "x": "[ 1.42011169  4.96073967  4.27840918  2.0260471   3.02037395 -0.50198855]", "nit": "34"}, "11": {"maxiter": 500, "gtol": 1e-05, "xrtol": 1e-10, "eps": 1e-10, "duration": 0.050643205642700195, "fun": "0.35229852103171666", "jac": "[-1.11022293e-06 -1.11022293e-06  0.00000000e+00 -4.44089173e-06\n  2.22044587e-06 -1.11022293e-06]", "hess_inv": "[[ 5.192585    1.57226401 -0.4969936   2.4106671   0.19067467  3.7044128 ]\n [ 1.57226401  8.12477646  0.90187293  1.40628205 -0.51922469  2.09529565]\n [-0.4969936   0.90187293  5.3355114  -0.07200158 -0.17606488 -1.43184679]\n [ 2.4106671   1.40628205 -0.07200158  6.06197827 -1.10196511  2.88037683]\n [ 0.19067467 -0.51922469 -0.17606488 -1.10196511  5.64921207  0.78820402]\n [ 3.7044128   2.09529565 -1.43184679  2.88037683  0.78820402  8.17604276]]", "nfev": "294", "njev": "42", "status": "0", "success": "True", "message": "Optimization terminated successfully.", "x": "[ 1.42010959  4.96074523  4.27840911  2.02604278  3.02037376 -0.50199192]", "nit": "34"}, "12": {"maxiter": 500, "gtol": 1e-10, "xrtol": 1e-05, "eps": 1e-05, "duration": 0.05178117752075195, "fun": "0.35229852101051995", "jac": "[-1.45616852e-07  5.37458966e-08  9.65116875e-08 -1.17006405e-07\n  4.02455846e-08  2.21056506e-07]", "hess_inv": "[[ 5.32652777  1.61638715 -0.46499994  2.56469134  0.01745246  3.79906512]\n [ 1.61638715  8.00363246  0.90539467  1.4061261  -0.52227773  2.14724271]\n [-0.46499994  0.90539467  5.32669557  0.01312176 -0.12324299 -1.39092414]\n [ 2.56469134  1.4061261   0.01312176  6.22976629 -1.31785076  2.9906778 ]\n [ 0.01745246 -0.52227773 -0.12324299 -1.31785076  6.23332251  0.79058883]\n [ 3.79906512  2.14724271 -1.39092414  2.9906778   0.79058883  8.11392954]]", "nfev": "301", "njev": "43", "status": "0", "success": "True", "message": "Optimization terminated successfully.", "x": "[ 1.42011463  4.96073929  4.27840724  2.02605074  3.02036317 -0.50199039]", "nit": "35"}, "13": {"maxiter": 500, "gtol": 1e-10, "xrtol": 1e-05, "eps": 1e-10, "duration": 0.05067014694213867, "fun": "0.35229852103171666", "jac": "[-1.11022293e-06 -1.11022293e-06  0.00000000e+00 -4.44089173e-06\n  2.22044587e-06 -1.11022293e-06]", "hess_inv": "[[ 5.192585    1.57226401 -0.4969936   2.4106671   0.19067467  3.7044128 ]\n [ 1.57226401  8.12477646  0.90187293  1.40628205 -0.51922469  2.09529565]\n [-0.4969936   0.90187293  5.3355114  -0.07200158 -0.17606488 -1.43184679]\n [ 2.4106671   1.40628205 -0.07200158  6.06197827 -1.10196511  2.88037683]\n [ 0.19067467 -0.51922469 -0.17606488 -1.10196511  5.64921207  0.78820402]\n [ 3.7044128   2.09529565 -1.43184679  2.88037683  0.78820402  8.17604276]]", "nfev": "294", "njev": "42", "status": "0", "success": "True", "message": "Optimization terminated successfully.", "x": "[ 1.42010959  4.96074523  4.27840911  2.02604278  3.02037376 -0.50199192]", "nit": "34"}, "14": {"maxiter": 500, "gtol": 1e-10, "xrtol": 1e-10, "eps": 1e-05, "duration": 0.08084702491760254, "fun": "0.35229852101051995", "jac": "[-1.45616852e-07  5.37458966e-08  9.65116875e-08 -1.17006405e-07\n  4.02455846e-08  2.21056506e-07]", "hess_inv": "[[ 5.35045638  1.53731272 -0.50708106  2.61911265 -0.04647373  3.67524858]\n [ 1.53731272  8.02379373  0.96087764  1.30505506 -0.23512961  2.21092596]\n [-0.50708106  0.96087764  5.37173295 -0.05528385  0.01548334 -1.29291733]\n [ 2.61911265  1.30505506 -0.05528385  6.32780818 -1.48803093  2.82192853]\n [-0.04647373 -0.23512961  0.01548334 -1.48803093  6.38021612  1.23010442]\n [ 3.67524858  2.21092596 -1.29291733  2.82192853  1.23010442  8.25965471]]", "nfev": "473", "njev": "66", "status": "2", "success": "False", "message": "Desired error not necessarily achieved due to precision loss.", "x": "[ 1.42011463  4.96073929  4.27840724  2.02605074  3.02036317 -0.50199039]", "nit": "35"}, "15": {"maxiter": 500, "gtol": 1e-10, "xrtol": 1e-10, "eps": 1e-10, "duration": 0.08841300010681152, "fun": "0.35229852097992476", "jac": "[2.22044587e-06 4.44089173e-06 2.22044587e-06 1.11022293e-06\n 1.11022293e-06 1.11022293e-06]", "hess_inv": "[[  2.38148543  -2.38279209   4.21464672  -6.04279419   7.41442627\n   -9.25089834]\n [ -2.38279209   2.60425198  -5.32215045   7.81508394  -8.75767076\n   11.04581437]\n [  4.21464672  -5.32215045  13.53716621 -20.63218816  20.15025972\n  -26.18271995]\n [ -6.04279419   7.81508394 -20.63218816  31.66054448 -30.18505547\n   39.5033608 ]\n [  7.41442627  -8.75767076  20.15025972 -30.18505547  31.55674385\n  -40.30589453]\n [ -9.25089834  11.04581437 -26.18271995  39.5033608  -40.30589453\n   51.91170237]]", "nfev": "518", "njev": "74", "status": "0", "success": "True", "message": "Optimization terminated successfully.", "x": "[ 1.42013221  4.96075038  4.27840764  2.02606438  3.0203633  -0.50197731]", "nit": "42"}, "16": {"maxiter": 1000, "gtol": 1e-05, "xrtol": 1e-05, "eps": 1e-05, "duration": 0.0504608154296875, "fun": "0.3522985210179046", "jac": "[-8.97171226e-07  1.59328106e-07  4.50506299e-07 -1.88049576e-07\n  1.63984382e-06  5.91438010e-07]", "hess_inv": "[[ 5.26720537  1.62522917 -0.41945705  2.48871441  0.24640744  3.85017384]\n [ 1.62522917  8.00424477  0.90971139  1.41304594 -0.53722998  2.1635037 ]\n [-0.41945705  0.90971139  5.35561991  0.04611051 -0.18870706 -1.29278247]\n [ 2.48871441  1.41304594  0.04611051  6.14250983 -1.06836949  3.00164643]\n [ 0.24640744 -0.53722998 -0.18870706 -1.06836949  5.54012774  0.8305307 ]\n [ 3.85017384  2.1635037  -1.29278247  3.00164643  0.8305307   8.36530155]]", "nfev": "294", "njev": "42", "status": "0", "success": "True", "message": "Optimization terminated successfully.", "x": "[ 1.42011169  4.96073967  4.27840918  2.0260471   3.02037395 -0.50198855]", "nit": "34"}, "17": {"maxiter": 1000, "gtol": 1e-05, "xrtol": 1e-05, "eps": 1e-10, "duration": 0.05040431022644043, "fun": "0.35229852103171666", "jac": "[-1.11022293e-06 -1.11022293e-06  0.00000000e+00 -4.44089173e-06\n  2.22044587e-06 -1.11022293e-06]", "hess_inv": "[[ 5.192585    1.57226401 -0.4969936   2.4106671   0.19067467  3.7044128 ]\n [ 1.57226401  8.12477646  0.90187293  1.40628205 -0.51922469  2.09529565]\n [-0.4969936   0.90187293  5.3355114  -0.07200158 -0.17606488 -1.43184679]\n [ 2.4106671   1.40628205 -0.07200158  6.06197827 -1.10196511  2.88037683]\n [ 0.19067467 -0.51922469 -0.17606488 -1.10196511  5.64921207  0.78820402]\n [ 3.7044128   2.09529565 -1.43184679  2.88037683  0.78820402  8.17604276]]", "nfev": "294", "njev": "42", "status": "0", "success": "True", "message": "Optimization terminated successfully.", "x": "[ 1.42010959  4.96074523  4.27840911  2.02604278  3.02037376 -0.50199192]", "nit": "34"}, "18": {"maxiter": 1000, "gtol": 1e-05, "xrtol": 1e-10, "eps": 1e-05, "duration": 0.05043292045593262, "fun": "0.3522985210179046", "jac": "[-8.97171226e-07  1.59328106e-07  4.50506299e-07 -1.88049576e-07\n  1.63984382e-06  5.91438010e-07]", "hess_inv": "[[ 5.26720537  1.62522917 -0.41945705  2.48871441  0.24640744  3.85017384]\n [ 1.62522917  8.00424477  0.90971139  1.41304594 -0.53722998  2.1635037 ]\n [-0.41945705  0.90971139  5.35561991  0.04611051 -0.18870706 -1.29278247]\n [ 2.48871441  1.41304594  0.04611051  6.14250983 -1.06836949  3.00164643]\n [ 0.24640744 -0.53722998 -0.18870706 -1.06836949  5.54012774  0.8305307 ]\n [ 3.85017384  2.1635037  -1.29278247  3.00164643  0.8305307   8.36530155]]", "nfev": "294", "njev": "42", "status": "0", "success": "True", "message": "Optimization terminated successfully.", "x": "[ 1.42011169  4.96073967  4.27840918  2.0260471   3.02037395 -0.50198855]", "nit": "34"}, "19": {"maxiter": 1000, "gtol": 1e-05, "xrtol": 1e-10, "eps": 1e-10, "duration": 0.051126956939697266, "fun": "0.35229852103171666", "jac": "[-1.11022293e-06 -1.11022293e-06  0.00000000e+00 -4.44089173e-06\n  2.22044587e-06 -1.11022293e-06]", "hess_inv": "[[ 5.192585    1.57226401 -0.4969936   2.4106671   0.19067467  3.7044128 ]\n [ 1.57226401  8.12477646  0.90187293  1.40628205 -0.51922469  2.09529565]\n [-0.4969936   0.90187293  5.3355114  -0.07200158 -0.17606488 -1.43184679]\n [ 2.4106671   1.40628205 -0.07200158  6.06197827 -1.10196511  2.88037683]\n [ 0.19067467 -0.51922469 -0.17606488 -1.10196511  5.64921207  0.78820402]\n [ 3.7044128   2.09529565 -1.43184679  2.88037683  0.78820402  8.17604276]]", "nfev": "294", "njev": "42", "status": "0", "success": "True", "message": "Optimization terminated successfully.", "x": "[ 1.42010959  4.96074523  4.27840911  2.02604278  3.02037376 -0.50199192]", "nit": "34"}, "20": {"maxiter": 1000, "gtol": 1e-10, "xrtol": 1e-05, "eps": 1e-05, "duration": 0.0526270866394043, "fun": "0.35229852101051995", "jac": "[-1.45616852e-07  5.37458966e-08  9.65116875e-08 -1.17006405e-07\n  4.02455846e-08  2.21056506e-07]", "hess_inv": "[[ 5.32652777  1.61638715 -0.46499994  2.56469134  0.01745246  3.79906512]\n [ 1.61638715  8.00363246  0.90539467  1.4061261  -0.52227773  2.14724271]\n [-0.46499994  0.90539467  5.32669557  0.01312176 -0.12324299 -1.39092414]\n [ 2.56469134  1.4061261   0.01312176  6.22976629 -1.31785076  2.9906778 ]\n [ 0.01745246 -0.52227773 -0.12324299 -1.31785076  6.23332251  0.79058883]\n [ 3.79906512  2.14724271 -1.39092414  2.9906778   0.79058883  8.11392954]]", "nfev": "301", "njev": "43", "status": "0", "success": "True", "message": "Optimization terminated successfully.", "x": "[ 1.42011463  4.96073929  4.27840724  2.02605074  3.02036317 -0.50199039]", "nit": "35"}, "21": {"maxiter": 1000, "gtol": 1e-10, "xrtol": 1e-05, "eps": 1e-10, "duration": 0.051319122314453125, "fun": "0.35229852103171666", "jac": "[-1.11022293e-06 -1.11022293e-06  0.00000000e+00 -4.44089173e-06\n  2.22044587e-06 -1.11022293e-06]", "hess_inv": "[[ 5.192585    1.57226401 -0.4969936   2.4106671   0.19067467  3.7044128 ]\n [ 1.57226401  8.12477646  0.90187293  1.40628205 -0.51922469  2.09529565]\n [-0.4969936   0.90187293  5.3355114  -0.07200158 -0.17606488 -1.43184679]\n [ 2.4106671   1.40628205 -0.07200158  6.06197827 -1.10196511  2.88037683]\n [ 0.19067467 -0.51922469 -0.17606488 -1.10196511  5.64921207  0.78820402]\n [ 3.7044128   2.09529565 -1.43184679  2.88037683  0.78820402  8.17604276]]", "nfev": "294", "njev": "42", "status": "0", "success": "True", "message": "Optimization terminated successfully.", "x": "[ 1.42010959  4.96074523  4.27840911  2.02604278  3.02037376 -0.50199192]", "nit": "34"}, "22": {"maxiter": 1000, "gtol": 1e-10, "xrtol": 1e-10, "eps": 1e-05, "duration": 0.08193826675415039, "fun": "0.35229852101051995", "jac": "[-1.45616852e-07  5.37458966e-08  9.65116875e-08 -1.17006405e-07\n  4.02455846e-08  2.21056506e-07]", "hess_inv": "[[ 5.35045638  1.53731272 -0.50708106  2.61911265 -0.04647373  3.67524858]\n [ 1.53731272  8.02379373  0.96087764  1.30505506 -0.23512961  2.21092596]\n [-0.50708106  0.96087764  5.37173295 -0.05528385  0.01548334 -1.29291733]\n [ 2.61911265  1.30505506 -0.05528385  6.32780818 -1.48803093  2.82192853]\n [-0.04647373 -0.23512961  0.01548334 -1.48803093  6.38021612  1.23010442]\n [ 3.67524858  2.21092596 -1.29291733  2.82192853  1.23010442  8.25965471]]", "nfev": "473", "njev": "66", "status": "2", "success": "False", "message": "Desired error not necessarily achieved due to precision loss.", "x": "[ 1.42011463  4.96073929  4.27840724  2.02605074  3.02036317 -0.50199039]", "nit": "35"}, "23": {"maxiter": 1000, "gtol": 1e-10, "xrtol": 1e-10, "eps": 1e-10, "duration": 0.08983206748962402, "fun": "0.35229852097992476", "jac": "[2.22044587e-06 4.44089173e-06 2.22044587e-06 1.11022293e-06\n 1.11022293e-06 1.11022293e-06]", "hess_inv": "[[  2.38148543  -2.38279209   4.21464672  -6.04279419   7.41442627\n   -9.25089834]\n [ -2.38279209   2.60425198  -5.32215045   7.81508394  -8.75767076\n   11.04581437]\n [  4.21464672  -5.32215045  13.53716621 -20.63218816  20.15025972\n  -26.18271995]\n [ -6.04279419   7.81508394 -20.63218816  31.66054448 -30.18505547\n   39.5033608 ]\n [  7.41442627  -8.75767076  20.15025972 -30.18505547  31.55674385\n  -40.30589453]\n [ -9.25089834  11.04581437 -26.18271995  39.5033608  -40.30589453\n   51.91170237]]", "nfev": "518", "njev": "74", "status": "0", "success": "True", "message": "Optimization terminated successfully.", "x": "[ 1.42013221  4.96075038  4.27840764  2.02606438  3.0203633  -0.50197731]", "nit": "42"}}, "cobyla": {"0": {"maxiter": 100, "tol": 1e-05, "catol": 1e-05, "duration": 0.01677393913269043, "x": "[ 4.50734463  2.08764286 -0.23016228  4.0661188   2.84822176  1.47644568]", "status": "2", "success": "False", "message": "Maximum number of function evaluations has been exceeded.", "nfev": "100", "fun": "0.4716198596654937", "maxcv": "0.0"}, "1": {"maxiter": 100, "tol": 1e-05, "catol": 1e-10, "duration": 0.016662120819091797, "x": "[ 4.50734463  2.08764286 -0.23016228  4.0661188   2.84822176  1.47644568]", "status": "2", "success": "False", "message": "Maximum number of function evaluations has been exceeded.", "nfev": "100", "fun": "0.4716198596654937", "maxcv": "0.0"}, "2": {"maxiter": 100, "tol": 1e-10, "catol": 1e-05, "duration": 0.016695022583007812, "x": "[ 4.50734463  2.08764286 -0.23016228  4.0661188   2.84822176  1.47644568]", "status": "2", "success": "False", "message": "Maximum number of function evaluations has been exceeded.", "nfev": "100", "fun": "0.4716198596654937", "maxcv": "0.0"}, "3": {"maxiter": 100, "tol": 1e-10, "catol": 1e-10, "duration": 0.016663789749145508, "x": "[ 4.50734463  2.08764286 -0.23016228  4.0661188   2.84822176  1.47644568]", "status": "2", "success": "False", "message": "Maximum number of function evaluations has been exceeded.", "nfev": "100", "fun": "0.4716198596654937", "maxcv": "0.0"}, "4": {"maxiter": 500, "tol": 1e-05, "catol": 1e-05, "duration": 0.06181001663208008, "x": "[ 4.86305406  1.81915229  1.13681848  2.02606016  3.02037123 -0.50197469]", "status": "1", "success": "True", "message": "Optimization terminated successfully.", "nfev": "372", "fun": "0.352298520980056", "maxcv": "0.0"}, "5": {"maxiter": 500, "tol": 1e-05, "catol": 1e-10, "duration": 0.06192803382873535, "x": "[ 4.86305406  1.81915229  1.13681848  2.02606016  3.02037123 -0.50197469]", "status": "1", "success": "True", "message": "Optimization terminated successfully.", "nfev": "372", "fun": "0.352298520980056", "maxcv": "0.0"}, "6": {"maxiter": 500, "tol": 1e-10, "catol": 1e-05, "duration": 0.07926511764526367, "x": "[ 4.86305456  1