{"date": "2024/07/19/, 20:13:20", "conf_id": 305, "data_type": "var_s_rank\n", "num_data_points": 4, "s_rank": 0, "unitary": "[[-0.45070455-0.02711853j,0.78437395-0.06613086j,0.06358678+0.19963393j,-0.07343613+0.35668523j],[-0.01890143-0.03813363j,0.32408202+0.25557629j,0.05872864-0.68979805j,0.55466693-0.20227297j],[-0.11215405+0.64023111j,-0.13344055+0.29565494j,-0.49012687-0.19046288j,-0.04241254+0.44046348j],[0.55771659+0.24656916j,0.31851997-0.05798805j,0.28761525-0.34294258j,-0.56718418+0.03616933j]]", "databatch_0": {"databatch": "[[[-0.05276504+0.09760449j,-0.01311267-0.03876124j,-0.22254052+0.05615587j,-0.02852607-0.05843628j],[0.09840403+0.24997107j,-0.02278523-0.0090166j,-0.10130732+0.25129894j,0.00936715+0.04795686j],[-0.41867628+0.21208925j,-0.02898671+0.04771228j,-0.1503873+0.0539372j,-0.19620283+0.23320431j],[-0.15574528-0.47831068j,0.0069351-0.0295483j,0.02179539-0.36357774j,-0.08373554-0.21238918j]],[[-0.22623405+0.28034194j,-0.05308425-0.44515326j,0.03167715-0.13311939j,0.31757531-0.18584163j],[-0.20911576-0.1806043j,0.34260793-0.029299j,0.10123686+0.02769083j,0.13433487+0.24820645j],[-0.04698642-0.18434647j,0.20503506+0.1183636j,0.04627246+0.05550393j,-0.02186842+0.19307977j],[0.15832723-0.0163471j,-0.12304113+0.15523092j,-0.05159844+0.03151182j,-0.15713569-0.04171122j]],[[-0.27078608+0.17917132j,0.0640285+0.05393569j,-0.17862189-0.22940012j,0.20014805+0.10830658j],[0.17615959+0.03872751j,-0.00775826-0.14694755j,-0.04192385-0.05535915j,-0.36804122-0.21929326j],[-0.07977541+0.05848011j,0.07539458-0.16638612j,0.5441925+0.14630267j,0.03313729+0.05759839j],[0.19022231-0.10913762j,-0.08682824+0.09548846j,0.07974008+0.05390903j,0.23769304-0.11427358j]],[[0.13792301-0.00270602j,-0.16091094+0.2335042j,-0.00819437-0.30233271j,0.02091766-0.0304739j],[-0.17102663+0.1528843j,-0.05010204-0.46889759j,0.33798231+0.37244503j,0.00664249+0.06110513j],[0.0036874+0.1591266j,-0.27008009-0.18470471j,0.34880256-0.01069364j,0.03524696+0.02401025j],[-0.04028635-0.01887887j,0.07983825-0.04461309j,-0.04072864+0.08863183j,-0.01039562+0.00583405j]]]", "initial param values": "[4.83032188,5.55425917,3.58696373,3.71148119,4.4851618,6.13490906]", "nelder_mead": {"type": "gradient-free", "0": {"maxiter": 100, "fatol": 1e-05, "xatol": 1e-05, "duration": 0.026680946350097656, "fun": "0.294495552005561", "nit": "100", "nfev": "156", "status": "2", "success": "False", "message": "Maximum number of iterations has been exceeded.", "x": "[5.36907531 5.27909907 4.45403784 2.32357988 3.11398721 5.680355  ]", "final_simplex": "(array([[5.36907531, 5.27909907, 4.45403784, 2.32357988, 3.11398721,\n        5.680355  ],\n       [5.3201095 , 5.33240798, 4.2907127 , 2.23937054, 3.09901326,\n        5.6353175 ],\n       [5.4024416 , 5.20738092, 4.47034415, 2.38790337, 2.97560035,\n        5.61816125],\n       [5.31886294, 5.3090394 , 4.47691256, 2.36962275, 2.94042952,\n        5.46702875],\n       [5.32360443, 5.30021192, 4.42124944, 2.40586208, 3.15491452,\n        5.67897462],\n       [5.39063971, 5.36612459, 4.28888485, 2.27127184, 3.10892363,\n        5.53140399],\n       [5.40493803, 5.30251721, 4.46591799, 2.32565476, 2.9665156 ,\n        5.61030698]]), array([0.29449555, 0.29583545, 0.295867  , 0.29711672, 0.2972475 ,\n       0.29748811, 0.29848967]))"}, "1": {"maxiter": 100, "fatol": 1e-05, "xatol": 1e-10, "duration": 0.026588916778564453, "fun": "0.294495552005561", "nit": "100", "nfev": "156", "status": "2", "success": "False", "message": "Maximum number of iterations has been exceeded.", "x": "[5.36907531 5.27909907 4.45403784 2.32357988 3.11398721 5.680355  ]", "final_simplex": "(array([[5.36907531, 5.27909907, 4.45403784, 2.32357988, 3.11398721,\n        5.680355  ],\n       [5.3201095 , 5.33240798, 4.2907127 , 2.23937054, 3.09901326,\n        5.6353175 ],\n       [5.4024416 , 5.20738092, 4.47034415, 2.38790337, 2.97560035,\n        5.61816125],\n       [5.31886294, 5.3090394 , 4.47691256, 2.36962275, 2.94042952,\n        5.46702875],\n       [5.32360443, 5.30021192, 4.42124944, 2.40586208, 3.15491452,\n        5.67897462],\n       [5.39063971, 5.36612459, 4.28888485, 2.27127184, 3.10892363,\n        5.53140399],\n       [5.40493803, 5.30251721, 4.46591799, 2.32565476, 2.9665156 ,\n        5.61030698]]), array([0.29449555, 0.29583545, 0.295867  , 0.29711672, 0.2972475 ,\n       0.29748811, 0.29848967]))"}, "2": {"maxiter": 100, "fatol": 1e-10, "xatol": 1e-05, "duration": 0.02660202980041504, "fun": "0.294495552005561", "nit": "100", "nfev": "156", "status": "2", "success": "False", "message": "Maximum number of iterations has been exceeded.", "x": "[5.36907531 5.27909907 4.45403784 2.32357988 3.11398721 5.680355  ]", "final_simplex": "(array([[5.36907531, 5.27909907, 4.45403784, 2.32357988, 3.11398721,\n        5.680355  ],\n       [5.3201095 , 5.33240798, 4.2907127 , 2.23937054, 3.09901326,\n        5.6353175 ],\n       [5.4024416 , 5.20738092, 4.47034415, 2.38790337, 2.97560035,\n        5.61816125],\n       [5.31886294, 5.3090394 , 4.47691256, 2.36962275, 2.94042952,\n        5.46702875],\n       [5.32360443, 5.30021192, 4.42124944, 2.40586208, 3.15491452,\n        5.67897462],\n       [5.39063971, 5.36612459, 4.28888485, 2.27127184, 3.10892363,\n        5.53140399],\n       [5.40493803, 5.30251721, 4.46591799, 2.32565476, 2.9665156 ,\n        5.61030698]]), array([0.29449555, 0.29583545, 0.295867  , 0.29711672, 0.2972475 ,\n       0.29748811, 0.29848967]))"}, "3": {"maxiter": 100, "fatol": 1e-10, "xatol": 1e-10, "duration": 0.026674985885620117, "fun": "0.294495552005561", "nit": "100", "nfev": "156", "status": "2", "success": "False", "message": "Maximum number of iterations has been exceeded.", "x": "[5.36907531 5.27909907 4.45403784 2.32357988 3.11398721 5.680355  ]", "final_simplex": "(array([[5.36907531, 5.27909907, 4.45403784, 2.32357988, 3.11398721,\n        5.680355  ],\n       [5.3201095 , 5.33240798, 4.2907127 , 2.23937054, 3.09901326,\n        5.6353175 ],\n       [5.4024416 , 5.20738092, 4.47034415, 2.38790337, 2.97560035,\n        5.61816125],\n       [5.31886294, 5.3090394 , 4.47691256, 2.36962275, 2.94042952,\n        5.46702875],\n       [5.32360443, 5.30021192, 4.42124944, 2.40586208, 3.15491452,\n        5.67897462],\n       [5.39063971, 5.36612459, 4.28888485, 2.27127184, 3.10892363,\n        5.53140399],\n       [5.40493803, 5.30251721, 4.46591799, 2.32565476, 2.9665156 ,\n        5.61030698]]), array([0.29449555, 0.29583545, 0.295867  , 0.29711672, 0.2972475 ,\n       0.29748811, 0.29848967]))"}, "4": {"maxiter": 500, "fatol": 1e-05, "xatol": 1e-05, "duration": 0.09233379364013672, "fun": "0.25881049916858423", "nit": "347", "nfev": "542", "status": "0", "success": "True", "message": "Optimization terminated successfully.", "x": "[5.09734818 4.61520297 4.24614538 1.83367406 3.36922851 5.39900072]", "final_simplex": "(array([[5.09734818, 4.61520297, 4.24614538, 1.83367406, 3.36922851,\n        5.39900072],\n       [5.09734542, 4.61520404, 4.2461448 , 1.83367484, 3.36922167,\n        5.3989989 ],\n       [5.09734738, 4.61519951, 4.24614501, 1.83366982, 3.36922659,\n        5.39899883],\n       [5.0973493 , 4.61520538, 4.2461511 , 1.83367768, 3.36922378,\n        5.39900438],\n       [5.09735106, 4.61520246, 4.24614475, 1.83367301, 3.36922398,\n        5.39900256],\n       [5.09735175, 4.61520791, 4.2461467 , 1.83367646, 3.36921971,\n        5.39900219],\n       [5.09734734, 4.61520946, 4.24614851, 1.83367162, 3.36922436,\n        5.39900519]]), array([0.2588105, 0.2588105, 0.2588105, 0.2588105, 0.2588105, 0.2588105,\n       0.2588105]))"}, "5": {"maxiter": 500, "fatol": 1e-05, "xatol": 1e-10, "duration": 0.12782692909240723, "fun": "0.25881049916656085", "nit": "441", "nfev": "754", "status": "0", "success": "True", "message": "Optimization terminated successfully.", "x": "[5.09734688 4.61520373 4.24614543 1.83367554 3.36922534 5.39900132]", "final_simplex": "(array([[5.09734688, 4.61520373, 4.24614543, 1.83367554, 3.36922534,\n        5.39900132],\n       [5.09734688, 4.61520373, 4.24614543, 1.83367554, 3.36922534,\n        5.39900132],\n       [5.09734688, 4.61520373, 4.24614543, 1.83367554, 3.36922534,\n        5.39900132],\n       [5.09734688, 4.61520373, 4.24614543, 1.83367554, 3.36922534,\n        5.39900132],\n       [5.09734688, 4.61520373, 4.24614543, 1.83367554, 3.36922534,\n        5.39900132],\n       [5.09734688, 4.61520373, 4.24614543, 1.83367554, 3.36922534,\n        5.39900132],\n       [5.09734688, 4.61520373, 4.24614543, 1.83367554, 3.36922534,\n        5.39900132]]), array([0.2588105, 0.2588105, 0.2588105, 0.2588105, 0.2588105, 0.2588105,\n       0.2588105]))"}, "6": {"maxiter": 500, "fatol": 1e-10, "xatol": 1e-05, "duration": 0.09224390983581543, "fun": "0.25881049916858423", "nit": "347", "nfev": "542", "status": "0", "success": "True", "message": "Optimization terminated successfully.", "x": "[5.09734818 4.61520297 4.24614538 1.83367406 3.36922851 5.39900072]", "final_simplex": "(array([[5.09734818, 4.61520297, 4.24614538, 1.83367406, 3.36922851,\n        5.39900072],\n       [5.09734542, 4.61520404, 4.2461448 , 1.83367484, 3.36922167,\n        5.3989989 ],\n       [5.09734738, 4.61519951, 4.24614501, 1.83366982, 3.36922659,\n        5.39899883],\n       [5.0973493 , 4.61520538, 4.2461511 , 1.83367768, 3.36922378,\n        5.39900438],\n       [5.09735106, 4.61520246, 4.24614475, 1.83367301, 3.36922398,\n        5.39900256],\n       [5.09735175, 4.61520791, 4.2461467 , 1.83367646, 3.36921971,\n        5.39900219],\n       [5.09734734, 4.61520946, 4.24614851, 1.83367162, 3.36922436,\n        5.39900519]]), array([0.2588105, 0.2588105, 0.2588105, 0.2588105, 0.2588105, 0.2588105,\n       0.2588105]))"}, "7": {"maxiter": 500, "fatol": 1e-10, "xatol": 1e-10, "duration": 0.1279747486114502, "fun": "0.25881049916656085", "nit": "441", "nfev": "754", "status": "0", "success": "True", "message": "Optimization terminated successfully.", "x": "[5.09734688 4.61520373 4.24614543 1.83367554 3.36922534 5.39900132]", "final_simplex": "(array([[5.09734688, 4.61520373, 4.24614543, 1.83367554, 3.36922534,\n        5.39900132],\n       [5.09734688, 4.61520373, 4.24614543, 1.83367554, 3.36922534,\n        5.39900132],\n       [5.09734688, 4.61520373, 4.24614543, 1.83367554, 3.36922534,\n        5.39900132],\n       [5.09734688, 4.61520373, 4.24614543, 1.83367554, 3.36922534,\n        5.39900132],\n       [5.09734688, 4.61520373, 4.24614543, 1.83367554, 3.36922534,\n        5.39900132],\n       [5.09734688, 4.61520373, 4.24614543, 1.83367554, 3.36922534,\n        5.39900132],\n       [5.09734688, 4.61520373, 4.24614543, 1.83367554, 3.36922534,\n        5.39900132]]), array([0.2588105, 0.2588105, 0.2588105, 0.2588105, 0.2588105, 0.2588105,\n       0.2588105]))"}, "8": {"maxiter": 1000, "fatol": 1e-05, "xatol": 1e-05, "duration": 0.09227895736694336, "fun": "0.25881049916858423", "nit": "347", "nfev": "542", "status": "0", "success": "True", "message": "Optimization terminated successfully.", "x": "[5.09734818 4.61520297 4.24614538 1.83367406 3.36922851 5.39900072]", "final_simplex": "(array([[5.09734818, 4.61520297, 4.24614538, 1.83367406, 3.36922851,\n        5.39900072],\n       [5.09734542, 4.61520404, 4.2461448 , 1.83367484, 3.36922167,\n        5.3989989 ],\n       [5.09734738, 4.61519951, 4.24614501, 1.83366982, 3.36922659,\n        5.39899883],\n       [5.0973493 , 4.61520538, 4.2461511 , 1.83367768, 3.36922378,\n        5.39900438],\n       [5.09735106, 4.61520246, 4.24614475, 1.83367301, 3.36922398,\n        5.39900256],\n       [5.09735175, 4.61520791, 4.2461467 , 1.83367646, 3.36921971,\n        5.39900219],\n       [5.09734734, 4.61520946, 4.24614851, 1.83367162, 3.36922436,\n        5.39900519]]), array([0.2588105, 0.2588105, 0.2588105, 0.2588105, 0.2588105, 0.2588105,\n       0.2588105]))"}, "9": {"maxiter": 1000, "fatol": 1e-05, "xatol": 1e-10, "duration": 0.12777495384216309, "fun": "0.25881049916656085", "nit": "441", "nfev": "754", "status": "0", "success": "True", "message": "Optimization terminated successfully.", "x": "[5.09734688 4.61520373 4.24614543 1.83367554 3.36922534 5.39900132]", "final_simplex": "(array([[5.09734688, 4.61520373, 4.24614543, 1.83367554, 3.36922534,\n        5.39900132],\n       [5.09734688, 4.61520373, 4.24614543, 1.83367554, 3.36922534,\n        5.39900132],\n       [5.09734688, 4.61520373, 4.24614543, 1.83367554, 3.36922534,\n        5.39900132],\n       [5.09734688, 4.61520373, 4.24614543, 1.83367554, 3.36922534,\n        5.39900132],\n       [5.09734688, 4.61520373, 4.24614543, 1.83367554, 3.36922534,\n        5.39900132],\n       [5.09734688, 4.61520373, 4.24614543, 1.83367554, 3.36922534,\n        5.39900132],\n       [5.09734688, 4.61520373, 4.24614543, 1.83367554, 3.36922534,\n        5.39900132]]), array([0.2588105, 0.2588105, 0.2588105, 0.2588105, 0.2588105, 0.2588105,\n       0.2588105]))"}, "10": {"maxiter": 1000, "fatol": 1e-10, "xatol": 1e-05, "duration": 0.0919499397277832, "fun": "0.25881049916858423", "nit": "347", "nfev": "542", "status": "0", "success": "True", "message": "Optimization terminated successfully.", "x": "[5.09734818 4.61520297 4.24614538 1.83367406 3.36922851 5.39900072]", "final_simplex": "(array([[5.09734818, 4.61520297, 4.24614538, 1.83367406, 3.36922851,\n        5.39900072],\n       [5.09734542, 4.61520404, 4.2461448 , 1.83367484, 3.36922167,\n        5.3989989 ],\n       [5.09734738, 4.61519951, 4.24614501, 1.83366982, 3.36922659,\n        5.39899883],\n       [5.0973493 , 4.61520538, 4.2461511 , 1.83367768, 3.36922378,\n        5.39900438],\n       [5.09735106, 4.61520246, 4.24614475, 1.83367301, 3.36922398,\n        5.39900256],\n       [5.09735175, 4.61520791, 4.2461467 , 1.83367646, 3.36921971,\n        5.39900219],\n       [5.09734734, 4.61520946, 4.24614851, 1.83367162, 3.36922436,\n        5.39900519]]), array([0.2588105, 0.2588105, 0.2588105, 0.2588105, 0.2588105, 0.2588105,\n       0.2588105]))"}, "11": {"maxiter": 1000, "fatol": 1e-10, "xatol": 1e-10, "duration": 0.1281728744506836, "fun": "0.25881049916656085", "nit": "441", "nfev": "754", "status": "0", "success": "True", "message": "Optimization terminated successfully.", "x": "[5.09734688 4.61520373 4.24614543 1.83367554 3.36922534 5.39900132]", "final_simplex": "(array([[5.09734688, 4.61520373, 4.24614543, 1.83367554, 3.36922534,\n        5.39900132],\n       [5.09734688, 4.61520373, 4.24614543, 1.83367554, 3.36922534,\n        5.39900132],\n       [5.09734688, 4.61520373, 4.24614543, 1.83367554, 3.36922534,\n        5.39900132],\n       [5.09734688, 4.61520373, 4.24614543, 1.83367554, 3.36922534,\n        5.39900132],\n       [5.09734688, 4.61520373, 4.24614543, 1.83367554, 3.36922534,\n        5.39900132],\n       [5.09734688, 4.61520373, 4.24614543, 1.83367554, 3.36922534,\n        5.39900132],\n       [5.09734688, 4.61520373, 4.24614543, 1.83367554, 3.36922534,\n        5.39900132]]), array([0.2588105, 0.2588105, 0.2588105, 0.2588105, 0.2588105, 0.2588105,\n       0.2588105]))"}}, "bfgs": {"type": "gradient", "0": {"maxiter": 100, "gtol": 1e-05, "xrtol": 1e-05, "eps": 1e-05, "duration": 0.03530311584472656, "fun": "0.2588104992475988", "jac": "[ 1.29212197e-06 -1.12774234e-06 -4.55213645e-07  1.86406446e-06\n  2.22845076e-06 -2.30137021e-06]", "hess_inv": "[[ 3.05918852  0.47056289  0.51757692  0.17066987 -1.0666564   0.62802212]\n [ 0.47056289  6.84439662  0.02474623  1.99550145 -0.45738469  0.99689362]\n [ 0.51757692  0.02474623  4.60177337  2.25947797 -1.66123425  1.45351605]\n [ 0.17066987  1.99550145  2.25947797  6.06441293 -1.6395003   1.53518833]\n [-1.0666564  -0.45738469 -1.66123425 -1.6395003   4.67817553  0.3470871 ]\n [ 0.62802212  0.99689362  1.45351605  1.53518833  0.3470871   3.71369815]]", "nfev": "203", "njev": "29", "status": "0", "success": "True", "message": "Optimization terminated successfully.", "x": "[5.09733903 4.61518449 4.2461269  1.83366425 3.36923495 5.3989798 ]", "nit": "26"}, "1": {"maxiter": 100, "gtol": 1e-05, "xrtol": 1e-05, "eps": 1e-10, "duration": 0.03520607948303223, "fun": "0.25881049921858024", "jac": "[ 0.00000000e+00 -4.44089173e-06  0.00000000e+00  0.00000000e+00\n  1.11022293e-06  1.11022293e-06]", "hess_inv": "[[ 2.97736482  0.39170482  0.61760892  0.30113378 -1.01928532  0.70215317]\n [ 0.39170482  6.87709449  0.03486625  1.92849845 -0.39448788  0.88192833]\n [ 0.61760892  0.03486625  4.47866732  2.09623775 -1.71463853  1.39520502]\n [ 0.30113378  1.92849845  2.09623775  5.87430955 -1.69991806  1.49460748]\n [-1.01928532 -0.39448788 -1.71463853 -1.69991806  4.65803209  0.31113615]\n [ 0.70215317  0.88192833  1.39520502  1.49460748  0.31113615  3.73806051]]", "nfev": "203", "njev": "29", "status": "0", "success": "True", "message": "Optimization terminated successfully.", "x": "[5.09734818 4.61518685 4.24615056 1.83368671 3.36923267 5.39900349]", "nit": "26"}, "2": {"maxiter": 100, "gtol": 1e-05, "xrtol": 1e-10, "eps": 1e-05, "duration": 0.035104990005493164, "fun": "0.2588104992475988", "jac": "[ 1.29212197e-06 -1.12774234e-06 -4.55213645e-07  1.86406446e-06\n  2.22845076e-06 -2.30137021e-06]", "hess_inv": "[[ 3.05918852  0.47056289  0.51757692  0.17066987 -1.0666564   0.62802212]\n [ 0.47056289  6.84439662  0.02474623  1.99550145 -0.45738469  0.99689362]\n [ 0.51757692  0.02474623  4.60177337  2.25947797 -1.66123425  1.45351605]\n [ 0.17066987  1.99550145  2.25947797  6.06441293 -1.6395003   1.53518833]\n [-1.0666564  -0.45738469 -1.66123425 -1.6395003   4.67817553  0.3470871 ]\n [ 0.62802212  0.99689362  1.45351605  1.53518833  0.3470871   3.71369815]]", "nfev": "203", "njev": "29", "status": "0", "success": "True", "message": "Optimization terminated successfully.", "x": "[5.09733903 4.61518449 4.2461269  1.83366425 3.36923495 5.3989798 ]", "nit": "26"}, "3": {"maxiter": 100, "gtol": 1e-05, "xrtol": 1e-10, "eps": 1e-10, "duration": 0.0354459285736084, "fun": "0.25881049921858024", "jac": "[ 0.00000000e+00 -4.44089173e-06  0.00000000e+00  0.00000000e+00\n  1.11022293e-06  1.11022293e-06]", "hess_inv": "[[ 2.97736482  0.39170482  0.61760892  0.30113378 -1.01928532  0.70215317]\n [ 0.39170482  6.87709449  0.03486625  1.92849845 -0.39448788  0.88192833]\n [ 0.61760892  0.03486625  4.47866732  2.09623775 -1.71463853  1.39520502]\n [ 0.30113378  1.92849845  2.09623775  5.87430955 -1.69991806  1.49460748]\n [-1.01928532 -0.39448788 -1.71463853 -1.69991806  4.65803209  0.31113615]\n [ 0.70215317  0.88192833  1.39520502  1.49460748  0.31113615  3.73806051]]", "nfev": "203", "njev": "29", "status": "0", "success": "True", "message": "Optimization terminated successfully.", "x": "[5.09734818 4.61518685 4.24615056 1.83368671 3.36923267 5.39900349]", "nit": "26"}, "4": {"maxiter": 100, "gtol": 1e-10, "xrtol": 1e-05, "eps": 1e-05, "duration": 0.03507709503173828, "fun": "0.2588104992475988", "jac": "[ 1.29212197e-06 -1.12774234e-06 -4.55213645e-07  1.86406446e-06\n  2.22845076e-06 -2.30137021e-06]", "hess_inv": "[[ 3.05918852  0.47056289  0.51757692  0.17066987 -1.0666564   0.62802212]\n [ 0.47056289  6.84439662  0.02474623  1.99550145 -0.45738469  0.99689362]\n [ 0.51757692  0.02474623  4.60177337  2.25947797 -1.66123425  1.45351605]\n [ 0.17066987  1.99550145  2.25947797  6.06441293 -1.6395003   1.53518833]\n [-1.0666564  -0.45738469 -1.66123425 -1.6395003   4.67817553  0.3470871 ]\n [ 0.62802212  0.99689362  1.45351605  1.53518833  0.3470871   3.71369815]]", "nfev": "203", "njev": "29", "status": "0", "success": "True", "message": "Optimization terminated successfully.", "x": "[5.09733903 4.61518449 4.2461269  1.83366425 3.36923495 5.3989798 ]", "nit": "26"}, "5": {"maxiter": 100, "gtol": 1e-10, "xrtol": 1e-05, "eps": 1e-10, "duration": 0.0350499153137207, "fun": "0.25881049921858024", "jac": "[ 0.00000000e+00 -4.44089173e-06  0.00000000e+00  0.00000000e+00\n  1.11022293e-06  1.11022293e-06]", "hess_inv": "[[ 2.97736482  0.39170482  0.61760892  0.30113378 -1.01928532  0.70215317]\n [ 0.39170482  6.87709449  0.03486625  1.92849845 -0.39448788  0.88192833]\n [ 0.61760892  0.03486625  4.47866732  2.09623775 -1.71463853  1.39520502]\n [ 0.30113378  1.92849845  2.09623775  5.87430955 -1.69991806  1.49460748]\n [-1.01928532 -0.39448788 -1.71463853 -1.69991806  4.65803209  0.31113615]\n [ 0.70215317  0.88192833  1.39520502  1.49460748  0.31113615  3.73806051]]", "nfev": "203", "njev": "29", "status": "0", "success": "True", "message": "Optimization terminated successfully.", "x": "[5.09734818 4.61518685 4.24615056 1.83368671 3.36923267 5.39900349]", "nit": "26"}, "6": {"maxiter": 100, "gtol": 1e-10, "xrtol": 1e-10, "eps": 1e-05, "duration": 0.03988313674926758, "fun": "0.25881049920405985", "jac": "[-6.66133815e-11  2.22044605e-11 -5.55111512e-11  0.00000000e+00\n -2.22044605e-11  0.00000000e+00]", "hess_inv": "[[ 2.96653388  0.57973342  0.56986309  0.19049342 -1.06564072  0.63961758]\n [ 0.57973342  7.23958716  0.36216591  1.95481451 -0.83928588  1.36099119]\n [ 0.56986309  0.36216591  4.92380774  2.26676631 -1.89364121  1.7021431 ]\n [ 0.19049342  1.95481451  2.26676631  6.08008079 -1.59048134  1.50069462]\n [-1.06564072 -0.83928588 -1.89364121 -1.59048134  5.02349127  0.03516227]\n [ 0.63961758  1.36099119  1.7021431   1.50069462  0.03516227  4.00427951]]", "nfev": "231", "njev": "33", "status": "0", "success": "True", "message": "Optimization terminated successfully.", "x": "[5.09733955 4.61519361 4.24613279 1.83366287 3.3692262  5.39898776]", "nit": "30"}, "7": {"maxiter": 100, "gtol": 1e-10, "xrtol": 1e-10, "eps": 1e-10, "duration": 0.05076003074645996, "fun": "0.2588104991929635", "jac": "[2.22044587e-06 2.22044587e-06 1.11022293e-06 1.11022293e-06\n 2.22044587e-06 1.11022293e-06]", "hess_inv": "[[ 1.15927427 -0.2166767  -0.50423906  0.44994667 -0.54252159 -0.05553282]\n [-0.2166767   0.54355497  0.02999971  0.06647569 -0.6688989   0.09558044]\n [-0.50423906  0.02999971  0.43125841 -0.28555625  0.16800872  0.14511117]\n [ 0.44994667  0.06647569 -0.28555625  0.28401789 -0.4318992  -0.0020419 ]\n [-0.54252159 -0.6688989   0.16800872 -0.4318992   1.75336904 -0.26222469]\n [-0.05553282  0.09558044  0.14511117 -0.0020419  -0.26222469  0.14439502]]", "nfev": "294", "njev": "42", "status": "0", "success": "True", "message": "Optimization terminated successfully.", "x": "[5.09734771 4.61521932 4.24615135 1.83368824 3.36922574 5.39900895]", "nit": "35"}, "8": {"maxiter": 500, "gtol": 1e-05, "xrtol": 1e-05, "eps": 1e-05, "duration": 0.03534293174743652, "fun": "0.2588104992475988", "jac": "[ 1.29212197e-06 -1.12774234e-06 -4.55213645e-07  1.86406446e-06\n  2.22845076e-06 -2.30137021e-06]", "hess_inv": "[[ 3.05918852  0.47056289  0.51757692  0.17066987 -1.0666564   0.62802212]\n [ 0.47056289  6.84439662  0.02474623  1.99550145 -0.45738469  0.99689362]\n [ 0.51757692  0.02474623  4.60177337  2.25947797 -1.66123425  1.45351605]\n [ 0.17066987  1.99550145  2.25947797  6.06441293 -1.6395003   1.53518833]\n [-1.0666564  -0.45738469 -1.66123425 -1.6395003   4.67817553  0.3470871 ]\n [ 0.62802212  0.99689362  1.45351605  1.53518833  0.3470871   3.71369815]]", "nfev": "203", "njev": "29", "status": "0", "success": "True", "message": "Optimization terminated successfully.", "x": "[5.09733903 4.61518449 4.2461269  1.83366425 3.36923495 5.3989798 ]", "nit": "26"}, "9": {"maxiter": 500, "gtol": 1e-05, "xrtol": 1e-05, "eps": 1e-10, "duration": 0.03503584861755371, "fun": "0.25881049921858024", "jac": "[ 0.00000000e+00 -4.44089173e-06  0.00000000e+00  0.00000000e+00\n  1.11022293e-06  1.11022293e-06]", "hess_inv": "[[ 2.97736482  0.39170482  0.61760892  0.30113378 -1.01928532  0.70215317]\n [ 0.39170482  6.87709449  0.03486625  1.92849845 -0.39448788  0.88192833]\n [ 0.61760892  0.03486625  4.47866732  2.09623775 -1.71463853  1.39520502]\n [ 0.30113378  1.92849845  2.09623775  5.87430955 -1.69991806  1.49460748]\n [-1.01928532 -0.39448788 -1.71463853 -1.69991806  4.65803209  0.31113615]\n [ 0.70215317  0.88192833  1.39520502  1.49460748  0.31113615  3.73806051]]", "nfev": "203", "njev": "29", "status": "0", "success": "True", "message": "Optimization terminated successfully.", "x": "[5.09734818 4.61518685 4.24615056 1.83368671 3.36923267 5.39900349]", "nit": "26"}, "10": {"maxiter": 500, "gtol": 1e-05, "xrtol": 1e-10, "eps": 1e-05, "duration": 0.03504824638366699, "fun": "0.2588104992475988", "jac": "[ 1.29212197e-06 -1.12774234e-06 -4.55213645e-07  1.86406446e-06\n  2.22845076e-06 -2.30137021e-06]", "hess_inv": "[[ 3.05918852  0.47056289  0.51757692  0.17066987 -1.0666564   0.62802212]\n [ 0.47056289  6.84439662  0.02474623  1.99550145 -0.45738469  0.99689362]\n [ 0.51757692  0.02474623  4.60177337  2.25947797 -1.66123425  1.45351605]\n [ 0.17066987  1.99550145  2.25947797  6.06441293 -1.6395003   1.53518833]\n [-1.0666564  -0.45738469 -1.66123425 -1.6395003   4.67817553  0.3470871 ]\n [ 0.62802212  0.99689362  1.45351605  1.53518833  0.3470871   3.71369815]]", "nfev": "203", "njev": "29", "status": "0", "success": "True", "message": "Optimization terminated successfully.", "x": "[5.09733903 4.61518449 4.2461269  1.83366425 3.36923495 5.3989798 ]", "nit": "26"}, "11": {"maxiter": 500, "gtol": 1e-05, "xrtol": 1e-10, "eps": 1e-10, "duration": 0.03508186340332031, "fun": "0.25881049921858024", "jac": "[ 0.00000000e+00 -4.44089173e-06  0.00000000e+00  0.00000000e+00\n  1.11022293e-06  1.11022293e-06]", "hess_inv": "[[ 2.97736482  0.39170482  0.61760892  0.30113378 -1.01928532  0.70215317]\n [ 0.39170482  6.87709449  0.03486625  1.92849845 -0.39448788  0.88192833]\n [ 0.61760892  0.03486625  4.47866732  2.09623775 -1.71463853  1.39520502]\n [ 0.30113378  1.92849845  2.09623775  5.87430955 -1.69991806  1.49460748]\n [-1.01928532 -0.39448788 -1.71463853 -1.69991806  4.65803209  0.31113615]\n [ 0.70215317  0.88192833  1.39520502  1.49460748  0.31113615  3.73806051]]", "nfev": "203", "njev": "29", "status": "0", "success": "True", "message": "Optimization terminated successfully.", "x": "[5.09734818 4.61518685 4.24615056 1.83368671 3.36923267 5.39900349]", "nit": "26"}, "12": {"maxiter": 500, "gtol": 1e-10, "xrtol": 1e-05, "eps": 1e-05, "duration": 0.035058021545410156, "fun": "0.2588104992475988", "jac": "[ 1.29212197e-06 -1.12774234e-06 -4.55213645e-07  1.86406446e-06\n  2.22845076e-06 -2.30137021e-06]", "hess_inv": "[[ 3.05918852  0.47056289  0.51757692  0.17066987 -1.0666564   0.62802212]\n [ 0.47056289  6.84439662  0.02474623  1.99550145 -0.45738469  0.99689362]\n [ 0.51757692  0.02474623  4.60177337  2.25947797 -1.66123425  1.45351605]\n [ 0.17066987  1.99550145  2.25947797  6.06441293 -1.6395003   1.53518833]\n [-1.0666564  -0.45738469 -1.66123425 -1.6395003   4.67817553  0.3470871 ]\n [ 0.62802212  0.99689362  1.45351605  1.53518833  0.3470871   3.71369815]]", "nfev": "203", "njev": "29", "status": "0", "success": "True", "message": "Optimization terminated successfully.", "x": "[5.09733903 4.61518449 4.2461269  1.83366425 3.36923495 5.3989798 ]", "nit": "26"}, "13": {"maxiter": 500, "gtol": 1e-10, "xrtol": 1e-05, "eps": 1e-10, "duration": 0.035079002380371094, "fun": "0.25881049921858024", "jac": "[ 0.00000000e+00 -4.44089173e-06  0.00000000e+00  0.00000000e+00\n  1.11022293e-06  1.11022293e-06]", "hess_inv": "[[ 2.97736482  0.39170482  0.61760892  0.30113378 -1.01928532  0.70215317]\n [ 0.39170482  6.87709449  0.03486625  1.92849845 -0.39448788  0.88192833]\n [ 0.61760892  0.03486625  4.47866732  2.09623775 -1.71463853  1.39520502]\n [ 0.30113378  1.92849845  2.09623775  5.87430955 -1.69991806  1.49460748]\n [-1.01928532 -0.39448788 -1.71463853 -1.69991806  4.65803209  0.31113615]\n [ 0.70215317  0.88192833  1.39520502  1.49460748  0.31113615  3.73806051]]", "nfev": "203", "njev": "29", "status": "0", "success": "True", "message": "Optimization terminated successfully.", "x": "[5.09734818 4.61518685 4.24615056 1.83368671 3.36923267 5.39900349]", "nit": "26"}, "14": {"maxiter": 500, "gtol": 1e-10, "xrtol": 1e-10, "eps": 1e-05, "duration": 0.039927005767822266, "fun": "0.25881049920405985", "jac": "[-6.66133815e-11  2.22044605e-11 -5.55111512e-11  0.00000000e+00\n -2.22044605e-11  0.00000000e+00]", "hess_inv": "[[ 2.96653388  0.57973342  0.56986309  0.19049342 -1.06564072  0.63961758]\n [ 0.57973342  7.23958716  0.36216591  1.95481451 -0.83928588  1.36099119]\n [ 0.56986309  0.36216591  4.92380774  2.26676631 -1.89364121  1.7021431 ]\n [ 0.19049342  1.95481451  2.26676631  6.08008079 -1.59048134  1.50069462]\n [-1.06564072 -0.83928588 -1.89364121 -1.59048134  5.02349127  0.03516227]\n [ 0.63961758  1.36099119  1.7021431   1.50069462  0.03516227  4.00427951]]", "nfev": "231", "njev": "33", "status": "0", "success": "True", "message": "Optimization terminated successfully.", "x": "[5.09733955 4.61519361 4.24613279 1.83366287 3.3692262  5.39898776]", "nit": "30"}, "15": {"maxiter": 500, "gtol": 1e-10, "xrtol": 1e-10, "eps": 1e-10, "duration": 0.05067086219787598, "fun": "0.2588104991929635", "jac": "[2.22044587e-06 2.22044587e-06 1.11022293e-06 1.11022293e-06\n 2.22044587e-06 1.11022293e-06]", "hess_inv": "[[ 1.15927427 -0.2166767  -0.50423906  0.44994667 -0.54252159 -0.05553282]\n [-0.2166767   0.54355497  0.02999971  0.06647569 -0.6688989   0.09558044]\n [-0.50423906  0.02999971  0.43125841 -0.28555625  0.16800872  0.14511117]\n [ 0.44994667  0.06647569 -0.28555625  0.28401789 -0.4318992  -0.0020419 ]\n [-0.54252159 -0.6688989   0.16800872 -0.4318992   1.75336904 -0.26222469]\n [-0.05553282  0.09558044  0.14511117 -0.0020419  -0.26222469  0.14439502]]", "nfev": "294", "njev": "42", "status": "0", "success": "True", "message": "Optimization terminated successfully.", "x": "[5.09734771 4.61521932 4.24615135 1.83368824 3.36922574 5.39900895]", "nit": "35"}, "16": {"maxiter": 1000, "gtol": 1e-05, "xrtol": 1e-05, "eps": 1e-05, "duration": 0.035077810287475586, "fun": "0.2588104992475988", "jac": "[ 1.29212197e-06 -1.12774234e-06 -4.55213645e-07  1.86406446e-06\n  2.22845076e-06 -2.30137021e-06]", "hess_inv": "[[ 3.05918852  0.47056289  0.51757692  0.17066987 -1.0666564   0.62802212]\n [ 0.47056289  6.84439662  0.02474623  1.99550145 -0.45738469  0.99689362]\n [ 0.51757692  0.02474623  4.60177337  2.25947797 -1.66123425  1.45351605]\n [ 0.17066987  1.99550145  2.25947797  6.06441293 -1.6395003   1.53518833]\n [-1.0666564  -0.45738469 -1.66123425 -1.6395003   4.67817553  0.3470871 ]\n [ 0.62802212  0.99689362  1.45351605  1.53518833  0.3470871   3.71369815]]", "nfev": "203", "njev": "29", "status": "0", "success": "True", "message": "Optimization terminated successfully.", "x": "[5.09733903 4.61518449 4.2461269  1.83366425 3.36923495 5.3989798 ]", "nit": "26"}, "17": {"maxiter": 1000, "gtol": 1e-05, "xrtol": 1e-05, "eps": 1e-10, "duration": 0.034932851791381836, "fun": "0.25881049921858024", "jac": "[ 0.00000000e+00 -4.44089173e-06  0.00000000e+00  0.00000000e+00\n  1.11022293e-06  1.11022293e-06]", "hess_inv": "[[ 2.97736482  0.39170482  0.61760892  0.30113378 -1.01928532  0.70215317]\n [ 0.39170482  6.87709449  0.03486625  1.92849845 -0.39448788  0.88192833]\n [ 0.61760892  0.03486625  4.47866732  2.09623775 -1.71463853  1.39520502]\n [ 0.30113378  1.92849845  2.09623775  5.87430955 -1.69991806  1.49460748]\n [-1.01928532 -0.39448788 -1.71463853 -1.69991806  4.65803209  0.31113615]\n [ 0.70215317  0.88192833  1.39520502  1.49460748  0.31113615  3.73806051]]", "nfev": "203", "njev": "29", "status": "0", "success": "True", "message": "Optimization terminated successfully.", "x": "[5.09734818 4.61518685 4.24615056 1.83368671 3.36923267 5.39900349]", "nit": "26"}, "18": {"maxiter": 1000, "gtol": 1e-05, "xrtol": 1e-10, "eps": 1e-05, "duration": 0.034871816635131836, "fun": "0.2588104992475988", "jac": "[ 1.29212197e-06 -1.12774234e-06 -4.55213645e-07  1.86406446e-06\n  2.22845076e-06 -2.30137021e-06]", "hess_inv": "[[ 3.05918852  0.47056289  0.51757692  0.17066987 -1.0666564   0.62802212]\n [ 0.47056289  6.84439662  0.02474623  1.99550145 -0.45738469  0.99689362]\n [ 0.51757692  0.02474623  4.60177337  2.25947797 -1.66123425  1.45351605]\n [ 0.17066987  1.99550145  2.25947797  6.06441293 -1.6395003   1.53518833]\n [-1.0666564  -0.45738469 -1.66123425 -1.6395003   4.67817553  0.3470871 ]\n [ 0.62802212  0.99689362  1.45351605  1.53518833  0.3470871   3.71369815]]", "nfev": "203", "njev": "29", "status": "0", "success": "True", "message": "Optimization terminated successfully.", "x": "[5.09733903 4.61518449 4.2461269  1.83366425 3.36923495 5.3989798 ]", "nit": "26"}, "19": {"maxiter": 1000, "gtol": 1e-05, "xrtol": 1e-10, "eps": 1e-10, "duration": 0.03486490249633789, "fun": "0.25881049921858024", "jac": "[ 0.00000000e+00 -4.44089173e-06  0.00000000e+00  0.00000000e+00\n  1.11022293e-06  1.11022293e-06]", "hess_inv": "[[ 2.97736482  0.39170482  0.61760892  0.30113378 -1.01928532  0.70215317]\n [ 0.39170482  6.87709449  0.03486625  1.92849845 -0.39448788  0.88192833]\n [ 0.61760892  0.03486625  4.47866732  2.09623775 -1.71463853  1.39520502]\n [ 0.30113378  1.92849845  2.09623775  5.87430955 -1.69991806  1.49460748]\n [-1.01928532 -0.39448788 -1.71463853 -1.69991806  4.65803209  0.31113615]\n [ 0.70215317  0.88192833  1.39520502  1.49460748  0.31113615  3.73806051]]", "nfev": "203", "njev": "29", "status": "0", "success": "True", "message": "Optimization terminated successfully.", "x": "[5.09734818 4.61518685 4.24615056 1.83368671 3.36923267 5.39900349]", "nit": "26"}, "20": {"maxiter": 1000, "gtol": 1e-10, "xrtol": 1e-05, "eps": 1e-05, "duration": 0.03491783142089844, "fun": "0.2588104992475988", "jac": "[ 1.29212197e-06 -1.12774234e-06 -4.55213645e-07  1.86406446e-06\n  2.22845076e-06 -2.30137021e-06]", "hess_inv": "[[ 3.05918852  0.47056289  0.51757692  0.17066987 -1.0666564   0.62802212]\n [ 0.47056289  6.84439662  0.02474623  1.99550145 -0.45738469  0.99689362]\n [ 0.51757692  0.02474623  4.60177337  2.25947797 -1.66123425  1.45351605]\n [ 0.17066987  1.99550145  2.25947797  6.06441293 -1.6395003   1.53518833]\n [-1.0666564  -0.45738469 -1.66123425 -1.6395003   4.67817553  0.3470871 ]\n [ 0.62802212  0.99689362  1.45351605  1.53518833  0.3470871   3.71369815]]", "nfev": "203", "njev": "29", "status": "0", "success": "True", "message": "Optimization terminated successfully.", "x": "[5.09733903 4.61518449 4.2461269  1.83366425 3.36923495 5.3989798 ]", "nit": "26"}, "21": {"maxiter": 1000, "gtol": 1e-10, "xrtol": 1e-05, "eps": 1e-10, "duration": 0.0349268913269043, "fun": "0.25881049921858024", "jac": "[ 0.00000000e+00 -4.44089173e-06  0.00000000e+00  0.00000000e+00\n  1.11022293e-06  1.11022293e-06]", "hess_inv": "[[ 2.97736482  0.39170482  0.61760892  0.30113378 -1.01928532  0.70215317]\n [ 0.39170482  6.87709449  0.03486625  1.92849845 -0.39448788  0.88192833]\n [ 0.61760892  0.03486625  4.47866732  2.09623775 -1.71463853  1.39520502]\n [ 0.30113378  1.92849845  2.09623775  5.87430955 -1.69991806  1.49460748]\n [-1.01928532 -0.39448788 -1.71463853 -1.69991806  4.65803209  0.31113615]\n [ 0.70215317  0.88192833  1.39520502  1.49460748  0.31113615  3.73806051]]", "nfev": "203", "njev": "29", "status": "0", "success": "True", "message": "Optimization terminated successfully.", "x": "[5.09734818 4.61518685 4.24615056 1.83368671 3.36923267 5.39900349]", "nit": "26"}, "22": {"maxiter": 1000, "gtol": 1e-10, "xrtol": 1e-10, "eps": 1e-05, "duration": 0.03978109359741211, "fun": "0.25881049920405985", "jac": "[-6.66133815e-11  2.22044605e-11 -5.55111512e-11  0.00000000e+00\n -2.22044605e-11  0.00000000e+00]", "hess_inv": "[[ 2.96653388  0.57973342  0.56986309  0.19049342 -1.06564072  0.63961758]\n [ 0.57973342  7.23958716  0.36216591  1.95481451 -0.83928588  1.36099119]\n [ 0.56986309  0.36216591  4.92380774  2.26676631 -1.89364121  1.7021431 ]\n [ 0.19049342  1.95481451  2.26676631  6.08008079 -1.59048134  1.50069462]\n [-1.06564072 -0.83928588 -1.89364121 -1.59048134  5.02349127  0.03516227]\n [ 0.63961758  1.36099119  1.7021431   1.50069462  0.03516227  4.00427951]]", "nfev": "231", "njev": "33", "status": "0", "success": "True", "message": "Optimization terminated successfully.", "x": "[5.09733955 4.61519361 4.24613279 1.83366287 3.3692262  5.39898776]", "nit": "30"}, "23": {"maxiter": 1000, "gtol": 1e-10, "xrtol": 1e-10, "eps": 1e-10, "duration": 0.050884246826171875, "fun": "0.2588104991929635", "jac": "[2.22044587e-06 2.22044587e-06 1.11022293e-06 1.11022293e-06\n 2.22044587e-06 1.11022293e-06]", "hess_inv": "[[ 1.15927427 -0.2166767  -0.50423906  0.44994667 -0.54252159 -0.05553282]\n [-0.2166767   0.54355497  0.02999971  0.06647569 -0.6688989   0.09558044]\n [-0.50423906  0.02999971  0.43125841 -0.28555625  0.16800872  0.14511117]\n [ 0.44994667  0.06647569 -0.28555625  0.28401789 -0.4318992  -0.0020419 ]\n [-0.54252159 -0.6688989   0.16800872 -0.4318992   1.75336904 -0.26222469]\n [-0.05553282  0.09558044  0.14511117 -0.0020419  -0.26222469  0.14439502]]", "nfev": "294", "njev": "42", "status": "0", "success": "True", "message": "Optimization terminated successfully.", "x": "[5.09734771 4.61521932 4.24615135 1.83368824 3.36922574 5.39900895]", "nit": "35"}}, "cobyla": {"0": {"maxiter": 100, "tol": 1e-05, "catol": 1e-05, "duration": 0.01649308204650879, "x": "[5.15800852 4.72860372 4.37616065 4.2728779  6.40396917 8.62635516]", "status": "2", "success": "False", "message": "Maximum number of function evaluations has been exceeded.", "nfev": "100", "fun": "0.26206102311406565", "maxcv": "0.0"}, "1": {"maxiter": 100, "tol": 1e-05, "catol": 1e-10, "duration": 0.0164029598236084, "x": "[5.15800852 4.72860372 4.37616065 4.2728779  6.40396917 8.62635516]", "status": "2", "success": "False", "message": "Maximum number of function evaluations has been exceeded.", "nfev": "100", "fun": "0.26206102311406565", "maxcv": "0.0"}, "2": {"maxiter": 100, "tol": 1e-10, "catol": 1e-05, "duration": 0.016422748565673828, "x": "[5.15800852 4.72860372 4.37616065 4.2728779  6.40396917 8.62635516]", "status": "2", "success": "False", "message": "Maximum number of function evaluations has been exceeded.", "nfev": "100", "fun": "0.26206102311406565", "maxcv": "0.0"}, "3": {"maxiter": 100, "tol": 1e-10, "catol": 1e-10, "duration": 0.016475915908813477, "x": "[5.15800852 4.72860372 4.37616065 4.2728779  6.40396917 8.62635516]", "status": "2", "success": "False", "message": "Maximum number of function evaluations has been exceeded.", "nfev": "100", "fun": "0.26206102311406565", "maxcv": "0.0"}, "4": {"maxiter": 500, "tol": 1e-05, "catol": 1e-05, "duration": 0.035749197006225586, "x": "[5.09734738 4.6151995  4.24614008 4.44951308 6.51081716 8.54059044]", "status": "1", "success": "True", "message": "Optimization terminated successfully.", "nfev": "216", "fun": "0.25881049917181853", "maxcv": "0.0"}, "5": {"maxiter": 500, "tol": 1e-05, "catol": 1e-10, "duration": 0.03580594062805176, "x": "[5.09734738 4.6151995  4.24614008 4.44951308 6.51081716 8.54059044]", "status": "1", "success": "True", "message": "Optimization terminated successfully.", "nfev": "216", "fun": "0.25881049917181853", "maxcv": "0.0"}, "6": {"maxiter": 500, "tol": 1e-10, "catol": 1e-05, "duration": 0.05166912078857422, "x": "[5.09734689 4.61520368 4.24614539 4.44950979 6.51081804 8.540594  ]", "status": "1", "success": "True", "message": "Optimization terminated successfully.", "nfev": "314", "fun": "0.25881049916656085", "maxcv": "0.0"}, "7": {"maxiter": 500, "tol": 1e-10, "catol": 1e-10, "duration": 0.051542043685913086, "x": "[5.09734689 4.61520368 4.24614539 4.44950979 6.51081804 8.540594  ]", "status": "1", "success": "True", "message": "Optimization terminated successfully.", "nfev": "314", "fun": "0.25881049916656085", "maxcv": "0.0"}, "8": {"maxiter": 1000, "tol": 1e-05, "catol": 1e-05, "duration": 0.03564023971557617, "x": "[5.09734738 4.6151995  4.24614008 4.44951308 6.51081716 8.54059044]", "status": "1", "success": "True", "message": "Optimization terminated successfully.", "nfev": "216", "fun": "0.25881049917181853", "maxcv": "0.0"}, "9": {"maxiter": 1000, "tol": 1e-05, "catol": 1e-10, "duration": 0.03570389747619