{"date": "2024/07/18/, 21:42:09", "conf_id": 76, "data_type": "random\n", "num_data_points": 4, "s_rank": 0, "unitary": "[[-0.56303964-0.00798273j,-0.21670212-0.15784972j,-0.06047197-0.73952673j,-0.01438004+0.24552571j],[-0.06976756+0.23474685j,-0.01275565-0.5435098j,-0.02703657-0.08917885j,-0.08210486-0.79311774j],[-0.38559961+0.10714929j,0.5933431-0.2687392j,-0.24060861+0.29149289j,-0.45147719+0.26241743j],[-0.50180421+0.45931857j,-0.11617175+0.44134496j,0.49642745+0.22684508j,-0.08544628-0.15407063j]]", "databatch_0": {"databatch": "[[[0.185311-0.07724686j,-0.0713681+0.26063635j,0.14667212+0.18998148j,-0.22334378-0.12235214j],[-0.39950135+0.08971998j,-0.28041586+0.22893845j,0.04977781-0.04459275j,0.00557983+0.14700849j],[0.02003372-0.02949124j,0.18009206+0.04132666j,0.0915828-0.01571917j,-0.06730595+0.2698751j],[0.10189497-0.206555j,-0.05900113+0.1719437j,0.16408151+0.19050825j,0.40760425+0.05043871j]],[[-0.05962854-0.1731832j,0.19030193-0.00974672j,-0.1790001+0.04908793j,-0.01583906+0.16348489j],[0.07632888-0.0622789j,0.04778203-0.08843644j,0.24323209+0.07893461j,-0.21230865-0.591675j],[0.03360746+0.16709682j,-0.16924639+0.14207441j,0.03281058-0.18859799j,0.03277852-0.2320781j],[0.26138862-0.01025031j,0.00716561-0.22641026j,-0.00387691-0.27513154j,0.08973765+0.12405526j]],[[-0.04778579+0.12172196j,-0.05781027-0.19974534j,0.09767955+0.12831736j,-0.24999561+0.23739065j],[0.03159675+0.158016j,-0.04750379-0.29665224j,0.05634421+0.19759363j,0.02997683-0.11672541j],[0.36712495-0.15830965j,0.3410726+0.19536404j,0.10203983-0.26976555j,0.14434218+0.03484348j],[0.06000911-0.2408608j,0.24058226+0.05582447j,0.02505812-0.00340098j,0.22448218-0.16916213j]],[[0.25887392-0.03679587j,-0.02756945-0.19503281j,0.00831416-0.1285476j,-0.29707775-0.00889644j],[0.16546368-0.2345725j,0.34213398+0.07690706j,-0.02139336+0.08087934j,-0.09115475+0.18792342j],[0.16653816-0.20210754j,-0.23197697-0.08027271j,0.21408213+0.30113068j,0.10765803-0.1337649j],[-0.3085257-0.04379485j,-0.06647285+0.04235233j,-0.02962279+0.18023j,-0.2972261-0.1097834j]]]", "initial param values": "[1.1381215,1.23473642,2.33786609,6.11380395,1.93790327,4.93236426]", "nelder_mead": {"type": "gradient-free", "0": {"maxiter": 100, "fatol": 1e-05, "xatol": 1e-05, "duration": 0.025034189224243164, "fun": "0.623864433318708", "nit": "100", "nfev": "152", "status": "2", "success": "False", "message": "Maximum number of iterations has been exceeded.", "x": "[ 1.86317376  3.48555547  3.78802545  6.27542321 -5.52178982  9.92415336]", "final_simplex": "(array([[ 1.86317376,  3.48555547,  3.78802545,  6.27542321, -5.52178982,\n         9.92415336],\n       [ 1.75811796,  3.72295698,  3.73793679,  6.42139586, -6.18387108,\n        10.56075646],\n       [ 1.68028843,  3.79304351,  3.7792313 ,  6.38494028, -6.71616336,\n        10.96215521],\n       [ 1.92244922,  3.34773338,  3.7719413 ,  6.22395347, -5.10447452,\n         9.74696945],\n       [ 1.593993  ,  3.63235243,  3.64765902,  6.44586771, -6.12397452,\n        10.3380009 ],\n       [ 1.98828919,  3.59821646,  3.85866986,  6.37417393, -5.81591017,\n        10.22598193],\n       [ 1.71726511,  3.22671541,  3.57373909,  6.65202473, -4.7556109 ,\n         9.31537922]]), array([0.62386443, 0.62717744, 0.62786924, 0.62974381, 0.63023495,\n       0.63274193, 0.63327957]))"}, "1": {"maxiter": 100, "fatol": 1e-05, "xatol": 1e-10, "duration": 0.025092124938964844, "fun": "0.623864433318708", "nit": "100", "nfev": "152", "status": "2", "success": "False", "message": "Maximum number of iterations has been exceeded.", "x": "[ 1.86317376  3.48555547  3.78802545  6.27542321 -5.52178982  9.92415336]", "final_simplex": "(array([[ 1.86317376,  3.48555547,  3.78802545,  6.27542321, -5.52178982,\n         9.92415336],\n       [ 1.75811796,  3.72295698,  3.73793679,  6.42139586, -6.18387108,\n        10.56075646],\n       [ 1.68028843,  3.79304351,  3.7792313 ,  6.38494028, -6.71616336,\n        10.96215521],\n       [ 1.92244922,  3.34773338,  3.7719413 ,  6.22395347, -5.10447452,\n         9.74696945],\n       [ 1.593993  ,  3.63235243,  3.64765902,  6.44586771, -6.12397452,\n        10.3380009 ],\n       [ 1.98828919,  3.59821646,  3.85866986,  6.37417393, -5.81591017,\n        10.22598193],\n       [ 1.71726511,  3.22671541,  3.57373909,  6.65202473, -4.7556109 ,\n         9.31537922]]), array([0.62386443, 0.62717744, 0.62786924, 0.62974381, 0.63023495,\n       0.63274193, 0.63327957]))"}, "2": {"maxiter": 100, "fatol": 1e-10, "xatol": 1e-05, "duration": 0.02533102035522461, "fun": "0.623864433318708", "nit": "100", "nfev": "152", "status": "2", "success": "False", "message": "Maximum number of iterations has been exceeded.", "x": "[ 1.86317376  3.48555547  3.78802545  6.27542321 -5.52178982  9.92415336]", "final_simplex": "(array([[ 1.86317376,  3.48555547,  3.78802545,  6.27542321, -5.52178982,\n         9.92415336],\n       [ 1.75811796,  3.72295698,  3.73793679,  6.42139586, -6.18387108,\n        10.56075646],\n       [ 1.68028843,  3.79304351,  3.7792313 ,  6.38494028, -6.71616336,\n        10.96215521],\n       [ 1.92244922,  3.34773338,  3.7719413 ,  6.22395347, -5.10447452,\n         9.74696945],\n       [ 1.593993  ,  3.63235243,  3.64765902,  6.44586771, -6.12397452,\n        10.3380009 ],\n       [ 1.98828919,  3.59821646,  3.85866986,  6.37417393, -5.81591017,\n        10.22598193],\n       [ 1.71726511,  3.22671541,  3.57373909,  6.65202473, -4.7556109 ,\n         9.31537922]]), array([0.62386443, 0.62717744, 0.62786924, 0.62974381, 0.63023495,\n       0.63274193, 0.63327957]))"}, "3": {"maxiter": 100, "fatol": 1e-10, "xatol": 1e-10, "duration": 0.0249783992767334, "fun": "0.623864433318708", "nit": "100", "nfev": "152", "status": "2", "success": "False", "message": "Maximum number of iterations has been exceeded.", "x": "[ 1.86317376  3.48555547  3.78802545  6.27542321 -5.52178982  9.92415336]", "final_simplex": "(array([[ 1.86317376,  3.48555547,  3.78802545,  6.27542321, -5.52178982,\n         9.92415336],\n       [ 1.75811796,  3.72295698,  3.73793679,  6.42139586, -6.18387108,\n        10.56075646],\n       [ 1.68028843,  3.79304351,  3.7792313 ,  6.38494028, -6.71616336,\n        10.96215521],\n       [ 1.92244922,  3.34773338,  3.7719413 ,  6.22395347, -5.10447452,\n         9.74696945],\n       [ 1.593993  ,  3.63235243,  3.64765902,  6.44586771, -6.12397452,\n        10.3380009 ],\n       [ 1.98828919,  3.59821646,  3.85866986,  6.37417393, -5.81591017,\n        10.22598193],\n       [ 1.71726511,  3.22671541,  3.57373909,  6.65202473, -4.7556109 ,\n         9.31537922]]), array([0.62386443, 0.62717744, 0.62786924, 0.62974381, 0.63023495,\n       0.63274193, 0.63327957]))"}, "4": {"maxiter": 500, "fatol": 1e-05, "xatol": 1e-05, "duration": 0.1073310375213623, "fun": "0.5931155410895766", "nit": "417", "nfev": "656", "status": "0", "success": "True", "message": "Optimization terminated successfully.", "x": "[ 1.44357238  3.57194984  3.93560334  5.83939106 -7.01755116 11.71929085]", "final_simplex": "(array([[ 1.44357238,  3.57194984,  3.93560334,  5.83939106, -7.01755116,\n        11.71929085],\n       [ 1.44356885,  3.57194782,  3.93560597,  5.83938956, -7.01755491,\n        11.7192982 ],\n       [ 1.44356992,  3.57195053,  3.93560486,  5.83938748, -7.01755282,\n        11.71929788],\n       [ 1.44356564,  3.57194722,  3.93560527,  5.83939179, -7.01754973,\n        11.71929648],\n       [ 1.4435699 ,  3.57195037,  3.93560717,  5.83938774, -7.01754364,\n        11.71928764],\n       [ 1.44356801,  3.57195379,  3.93560001,  5.83938866, -7.01754697,\n        11.71928585],\n       [ 1.44357004,  3.57194804,  3.93560163,  5.83938817, -7.01754149,\n        11.71928543]]), array([0.59311554, 0.59311554, 0.59311554, 0.59311554, 0.59311554,\n       0.59311554, 0.59311554]))"}, "5": {"maxiter": 500, "fatol": 1e-05, "xatol": 1e-10, "duration": 0.1318819522857666, "fun": "0.5931155410888076", "nit": "500", "nfev": "807", "status": "2", "success": "False", "message": "Maximum number of iterations has been exceeded.", "x": "[ 1.44357011  3.5719509   3.93560342  5.83939165 -7.01755095 11.7192925 ]", "final_simplex": "(array([[ 1.44357011,  3.5719509 ,  3.93560342,  5.83939165, -7.01755095,\n        11.7192925 ],\n       [ 1.44357011,  3.5719509 ,  3.93560342,  5.83939165, -7.01755096,\n        11.7192925 ],\n       [ 1.44357011,  3.57195089,  3.93560342,  5.83939165, -7.01755096,\n        11.71929251],\n       [ 1.44357011,  3.57195089,  3.93560342,  5.83939165, -7.01755096,\n        11.7192925 ],\n       [ 1.44357011,  3.57195089,  3.93560342,  5.83939165, -7.01755095,\n        11.7192925 ],\n       [ 1.44357011,  3.57195089,  3.93560342,  5.83939165, -7.01755095,\n        11.7192925 ],\n       [ 1.44357011,  3.5719509 ,  3.93560342,  5.83939165, -7.01755096,\n        11.7192925 ]]), array([0.59311554, 0.59311554, 0.59311554, 0.59311554, 0.59311554,\n       0.59311554, 0.59311554]))"}, "6": {"maxiter": 500, "fatol": 1e-10, "xatol": 1e-05, "duration": 0.10725998878479004, "fun": "0.5931155410895766", "nit": "417", "nfev": "656", "status": "0", "success": "True", "message": "Optimization terminated successfully.", "x": "[ 1.44357238  3.57194984  3.93560334  5.83939106 -7.01755116 11.71929085]", "final_simplex": "(array([[ 1.44357238,  3.57194984,  3.93560334,  5.83939106, -7.01755116,\n        11.71929085],\n       [ 1.44356885,  3.57194782,  3.93560597,  5.83938956, -7.01755491,\n        11.7192982 ],\n       [ 1.44356992,  3.57195053,  3.93560486,  5.83938748, -7.01755282,\n        11.71929788],\n       [ 1.44356564,  3.57194722,  3.93560527,  5.83939179, -7.01754973,\n        11.71929648],\n       [ 1.4435699 ,  3.57195037,  3.93560717,  5.83938774, -7.01754364,\n        11.71928764],\n       [ 1.44356801,  3.57195379,  3.93560001,  5.83938866, -7.01754697,\n        11.71928585],\n       [ 1.44357004,  3.57194804,  3.93560163,  5.83938817, -7.01754149,\n        11.71928543]]), array([0.59311554, 0.59311554, 0.59311554, 0.59311554, 0.59311554,\n       0.59311554, 0.59311554]))"}, "7": {"maxiter": 500, "fatol": 1e-10, "xatol": 1e-10, "duration": 0.13179612159729004, "fun": "0.5931155410888076", "nit": "500", "nfev": "807", "status": "2", "success": "False", "message": "Maximum number of iterations has been exceeded.", "x": "[ 1.44357011  3.5719509   3.93560342  5.83939165 -7.01755095 11.7192925 ]", "final_simplex": "(array([[ 1.44357011,  3.5719509 ,  3.93560342,  5.83939165, -7.01755095,\n        11.7192925 ],\n       [ 1.44357011,  3.5719509 ,  3.93560342,  5.83939165, -7.01755096,\n        11.7192925 ],\n       [ 1.44357011,  3.57195089,  3.93560342,  5.83939165, -7.01755096,\n        11.71929251],\n       [ 1.44357011,  3.57195089,  3.93560342,  5.83939165, -7.01755096,\n        11.7192925 ],\n       [ 1.44357011,  3.57195089,  3.93560342,  5.83939165, -7.01755095,\n        11.7192925 ],\n       [ 1.44357011,  3.57195089,  3.93560342,  5.83939165, -7.01755095,\n        11.7192925 ],\n       [ 1.44357011,  3.5719509 ,  3.93560342,  5.83939165, -7.01755096,\n        11.7192925 ]]), array([0.59311554, 0.59311554, 0.59311554, 0.59311554, 0.59311554,\n       0.59311554, 0.59311554]))"}, "8": {"maxiter": 1000, "fatol": 1e-05, "xatol": 1e-05, "duration": 0.10744619369506836, "fun": "0.5931155410895766", "nit": "417", "nfev": "656", "status": "0", "success": "True", "message": "Optimization terminated successfully.", "x": "[ 1.44357238  3.57194984  3.93560334  5.83939106 -7.01755116 11.71929085]", "final_simplex": "(array([[ 1.44357238,  3.57194984,  3.93560334,  5.83939106, -7.01755116,\n        11.71929085],\n       [ 1.44356885,  3.57194782,  3.93560597,  5.83938956, -7.01755491,\n        11.7192982 ],\n       [ 1.44356992,  3.57195053,  3.93560486,  5.83938748, -7.01755282,\n        11.71929788],\n       [ 1.44356564,  3.57194722,  3.93560527,  5.83939179, -7.01754973,\n        11.71929648],\n       [ 1.4435699 ,  3.57195037,  3.93560717,  5.83938774, -7.01754364,\n        11.71928764],\n       [ 1.44356801,  3.57195379,  3.93560001,  5.83938866, -7.01754697,\n        11.71928585],\n       [ 1.44357004,  3.57194804,  3.93560163,  5.83938817, -7.01754149,\n        11.71928543]]), array([0.59311554, 0.59311554, 0.59311554, 0.59311554, 0.59311554,\n       0.59311554, 0.59311554]))"}, "9": {"maxiter": 1000, "fatol": 1e-05, "xatol": 1e-10, "duration": 0.1427168846130371, "fun": "0.5931155410888076", "nit": "513", "nfev": "873", "status": "0", "success": "True", "message": "Optimization terminated successfully.", "x": "[ 1.44357011  3.5719509   3.93560342  5.83939165 -7.01755095 11.7192925 ]", "final_simplex": "(array([[ 1.44357011,  3.5719509 ,  3.93560342,  5.83939165, -7.01755095,\n        11.7192925 ],\n       [ 1.44357011,  3.5719509 ,  3.93560342,  5.83939165, -7.01755095,\n        11.7192925 ],\n       [ 1.44357011,  3.5719509 ,  3.93560342,  5.83939165, -7.01755095,\n        11.7192925 ],\n       [ 1.44357011,  3.5719509 ,  3.93560342,  5.83939165, -7.01755095,\n        11.7192925 ],\n       [ 1.44357011,  3.5719509 ,  3.93560342,  5.83939165, -7.01755095,\n        11.7192925 ],\n       [ 1.44357011,  3.5719509 ,  3.93560342,  5.83939165, -7.01755095,\n        11.7192925 ],\n       [ 1.44357011,  3.5719509 ,  3.93560342,  5.83939165, -7.01755095,\n        11.7192925 ]]), array([0.59311554, 0.59311554, 0.59311554, 0.59311554, 0.59311554,\n       0.59311554, 0.59311554]))"}, "10": {"maxiter": 1000, "fatol": 1e-10, "xatol": 1e-05, "duration": 0.1088409423828125, "fun": "0.5931155410895766", "nit": "417", "nfev": "656", "status": "0", "success": "True", "message": "Optimization terminated successfully.", "x": "[ 1.44357238  3.57194984  3.93560334  5.83939106 -7.01755116 11.71929085]", "final_simplex": "(array([[ 1.44357238,  3.57194984,  3.93560334,  5.83939106, -7.01755116,\n        11.71929085],\n       [ 1.44356885,  3.57194782,  3.93560597,  5.83938956, -7.01755491,\n        11.7192982 ],\n       [ 1.44356992,  3.57195053,  3.93560486,  5.83938748, -7.01755282,\n        11.71929788],\n       [ 1.44356564,  3.57194722,  3.93560527,  5.83939179, -7.01754973,\n        11.71929648],\n       [ 1.4435699 ,  3.57195037,  3.93560717,  5.83938774, -7.01754364,\n        11.71928764],\n       [ 1.44356801,  3.57195379,  3.93560001,  5.83938866, -7.01754697,\n        11.71928585],\n       [ 1.44357004,  3.57194804,  3.93560163,  5.83938817, -7.01754149,\n        11.71928543]]), array([0.59311554, 0.59311554, 0.59311554, 0.59311554, 0.59311554,\n       0.59311554, 0.59311554]))"}, "11": {"maxiter": 1000, "fatol": 1e-10, "xatol": 1e-10, "duration": 0.14714813232421875, "fun": "0.5931155410888076", "nit": "513", "nfev": "873", "status": "0", "success": "True", "message": "Optimization terminated successfully.", "x": "[ 1.44357011  3.5719509   3.93560342  5.83939165 -7.01755095 11.7192925 ]", "final_simplex": "(array([[ 1.44357011,  3.5719509 ,  3.93560342,  5.83939165, -7.01755095,\n        11.7192925 ],\n       [ 1.44357011,  3.5719509 ,  3.93560342,  5.83939165, -7.01755095,\n        11.7192925 ],\n       [ 1.44357011,  3.5719509 ,  3.93560342,  5.83939165, -7.01755095,\n        11.7192925 ],\n       [ 1.44357011,  3.5719509 ,  3.93560342,  5.83939165, -7.01755095,\n        11.7192925 ],\n       [ 1.44357011,  3.5719509 ,  3.93560342,  5.83939165, -7.01755095,\n        11.7192925 ],\n       [ 1.44357011,  3.5719509 ,  3.93560342,  5.83939165, -7.01755095,\n        11.7192925 ],\n       [ 1.44357011,  3.5719509 ,  3.93560342,  5.83939165, -7.01755095,\n        11.7192925 ]]), array([0.59311554, 0.59311554, 0.59311554, 0.59311554, 0.59311554,\n       0.59311554, 0.59311554]))"}}, "bfgs": {"type": "gradient", "0": {"maxiter": 100, "gtol": 1e-05, "xrtol": 1e-05, "eps": 1e-05, "duration": 0.05759310722351074, "fun": "0.5931155412369561", "jac": "[-7.57671703e-07  2.29016806e-07  2.52161625e-06 -2.47016851e-06\n -4.42739179e-06 -3.76675358e-06]", "hess_inv": "[[  6.83937906  -0.65892014   0.35110881   0.32700137  -2.02112685\n    4.38919498]\n [ -0.65892014   8.28058535  -2.71858847  -0.20892722   0.31269525\n   -5.37525662]\n [  0.35110881  -2.71858847   7.46271301  -1.77636673  -3.29390026\n    6.74465357]\n [  0.32700137  -0.20892722  -1.77636673   5.94156367   0.48957994\n   -0.89507506]\n [ -2.02112685   0.31269525  -3.29390026   0.48957994  34.67994097\n  -32.18087814]\n [  4.38919498  -5.37525662   6.74465357  -0.89507506 -32.18087814\n   39.82555682]]", "nfev": "336", "njev": "48", "status": "0", "success": "True", "message": "Optimization terminated successfully.", "x": "[ 4.83959454  0.43037187  0.794014    5.83937174 -0.73439279  5.43609537]", "nit": "34"}, "1": {"maxiter": 100, "gtol": 1e-05, "xrtol": 1e-05, "eps": 1e-10, "duration": 0.05749988555908203, "fun": "0.5931155412409924", "jac": "[ 0.00000000e+00  1.11022293e-06  4.44089173e-06 -3.33066880e-06\n -5.55111466e-06 -5.55111466e-06]", "hess_inv": "[[  6.84096373  -0.64939485   0.36766869   0.30530578  -2.08201187\n    4.42656479]\n [ -0.64939485   8.282347    -2.73683285  -0.19099875   0.38504762\n   -5.44632129]\n [  0.36766869  -2.73683285   7.51477094  -1.78246355  -3.41301427\n    6.88209018]\n [  0.30530578  -0.19099875  -1.78246355   5.9463743    0.52266455\n   -0.94681624]\n [ -2.08201187   0.38504762  -3.41301427   0.52266455  35.14268363\n  -32.64540582]\n [  4.42656479  -5.44632129   6.88209018  -0.94681624 -32.64540582\n   40.28389207]]", "nfev": "336", "njev": "48", "status": "0", "success": "True", "message": "Optimization terminated successfully.", "x": "[ 4.83961039  0.43036682  0.79403575  5.83936858 -0.73441025  5.43612963]", "nit": "34"}, "2": {"maxiter": 100, "gtol": 1e-05, "xrtol": 1e-10, "eps": 1e-05, "duration": 0.05752706527709961, "fun": "0.5931155412369561", "jac": "[-7.57671703e-07  2.29016806e-07  2.52161625e-06 -2.47016851e-06\n -4.42739179e-06 -3.76675358e-06]", "hess_inv": "[[  6.83937906  -0.65892014   0.35110881   0.32700137  -2.02112685\n    4.38919498]\n [ -0.65892014   8.28058535  -2.71858847  -0.20892722   0.31269525\n   -5.37525662]\n [  0.35110881  -2.71858847   7.46271301  -1.77636673  -3.29390026\n    6.74465357]\n [  0.32700137  -0.20892722  -1.77636673   5.94156367   0.48957994\n   -0.89507506]\n [ -2.02112685   0.31269525  -3.29390026   0.48957994  34.67994097\n  -32.18087814]\n [  4.38919498  -5.37525662   6.74465357  -0.89507506 -32.18087814\n   39.82555682]]", "nfev": "336", "njev": "48", "status": "0", "success": "True", "message": "Optimization terminated successfully.", "x": "[ 4.83959454  0.43037187  0.794014    5.83937174 -0.73439279  5.43609537]", "nit": "34"}, "3": {"maxiter": 100, "gtol": 1e-05, "xrtol": 1e-10, "eps": 1e-10, "duration": 0.057459115982055664, "fun": "0.5931155412409924", "jac": "[ 0.00000000e+00  1.11022293e-06  4.44089173e-06 -3.33066880e-06\n -5.55111466e-06 -5.55111466e-06]", "hess_inv": "[[  6.84096373  -0.64939485   0.36766869   0.30530578  -2.08201187\n    4.42656479]\n [ -0.64939485   8.282347    -2.73683285  -0.19099875   0.38504762\n   -5.44632129]\n [  0.36766869  -2.73683285   7.51477094  -1.78246355  -3.41301427\n    6.88209018]\n [  0.30530578  -0.19099875  -1.78246355   5.9463743    0.52266455\n   -0.94681624]\n [ -2.08201187   0.38504762  -3.41301427   0.52266455  35.14268363\n  -32.64540582]\n [  4.42656479  -5.44632129   6.88209018  -0.94681624 -32.64540582\n   40.28389207]]", "nfev": "336", "njev": "48", "status": "0", "success": "True", "message": "Optimization terminated successfully.", "x": "[ 4.83961039  0.43036682  0.79403575  5.83936858 -0.73441025  5.43612963]", "nit": "34"}, "4": {"maxiter": 100, "gtol": 1e-10, "xrtol": 1e-05, "eps": 1e-05, "duration": 0.05856680870056152, "fun": "0.5931155411006667", "jac": "[ 8.60533866e-08 -4.26214619e-08 -8.89621710e-08  3.79996035e-07\n  5.36581890e-07  2.74369416e-07]", "hess_inv": "[[  6.84869679  -0.63898119   0.35954287   0.37703643  -2.02422914\n    4.36677596]\n [ -0.63898119   8.23025582  -2.75125013  -0.21307391   0.40369511\n   -5.37109535]\n [  0.35954287  -2.75125013   7.44269603  -1.79172139  -3.24346764\n    6.75278941]\n [  0.37703643  -0.21307391  -1.79172139   6.07724022   0.58968844\n   -0.9531126 ]\n [ -2.02422914   0.40369511  -3.24346764   0.58968844  34.57846205\n  -32.2281516 ]\n [  4.36677596  -5.37109535   6.75278941  -0.9531126  -32.2281516\n   39.85027022]]", "nfev": "343", "njev": "49", "status": "0", "success": "True", "message": "Optimization terminated successfully.", "x": "[ 4.83960739  0.43035747  0.79400278  5.83939062 -0.73435308  5.43608795]", "nit": "35"}, "5": {"maxiter": 100, "gtol": 1e-10, "xrtol": 1e-05, "eps": 1e-10, "duration": 0.058502197265625, "fun": "0.5931155411211174", "jac": "[ 1.11022293e-06 -1.11022293e-06  0.00000000e+00  0.00000000e+00\n  1.11022293e-06  1.11022293e-06]", "hess_inv": "[[  6.8522471   -0.62489255   0.37422948   0.36541024  -2.09387664\n    4.41043148]\n [ -0.62489255   8.17474924  -2.7956103   -0.19178497   0.49005463\n   -5.38210515]\n [  0.37422948  -2.7956103    7.48542411  -1.80714343  -3.36052743\n    6.91778058]\n [  0.36541024  -0.19178497  -1.80714343   6.15932234   0.56624464\n   -0.95171276]\n [ -2.09387664   0.49005463  -3.36052743   0.56624464  35.04881217\n  -32.70915451]\n [  4.41043148  -5.38210515   6.91778058  -0.95171276 -32.70915451\n   40.245702  ]]", "nfev": "343", "njev": "49", "status": "0", "success": "True", "message": "Optimization terminated successfully.", "x": "[ 4.8396235   0.43034237  0.79401934  5.83939519 -0.73438099  5.43614355]", "nit": "35"}, "6": {"maxiter": 100, "gtol": 1e-10, "xrtol": 1e-10, "eps": 1e-05, "duration": 0.08859109878540039, "fun": "0.5931155411005107", "jac": "[ 6.35269615e-08 -3.27515792e-08 -7.13540338e-08  2.92921243e-07\n  4.12758716e-07  2.13362661e-07]", "hess_inv": "[[  6.83636427  -0.60412636   0.37745739   0.30064599  -2.48798712\n    4.75125781]\n [ -0.60412636   8.181499    -2.77670786  -0.12394102   0.90640102\n   -5.76009843]\n [  0.37745739  -2.77670786   7.43163136  -1.74191853  -2.92511719\n    6.49480681]\n [  0.30064599  -0.12394102  -1.74191853   5.93104497  -0.15248876\n   -0.41941745]\n [ -2.48798712   0.90640102  -2.92511719  -0.15248876  31.55023739\n  -30.36373571]\n [  4.75125781  -5.76009843   6.49480681  -0.41941745 -30.36373571\n   38.88531493]]", "nfev": "522", "njev": "73", "status": "2", "success": "False", "message": "Desired error not necessarily achieved due to precision loss.", "x": "[ 4.83960723  0.43035776  0.79400299  5.83939011 -0.73435511  5.43608932]", "nit": "36"}, "7": {"maxiter": 100, "gtol": 1e-10, "xrtol": 1e-10, "eps": 1e-10, "duration": 0.07256317138671875, "fun": "0.5931155410958102", "jac": "[0.00000000e+00 1.11022293e-06 0.00000000e+00 2.22044587e-06\n 1.11022293e-06 1.11022293e-06]", "hess_inv": "[[  6.70711611  -1.16632587  -1.30463645   2.43451297  10.00357072\n   -5.21884091]\n [ -1.16632587   9.68926595   0.10988974  -4.12864493 -15.62517228\n    6.06596338]\n [ -1.30463645   0.10988974   6.27615359  -1.97313588  -7.99724962\n    7.43735452]\n [  2.43451297  -4.12864493  -1.97313588   8.35306942  14.52579086\n   -7.9841231 ]\n [ 10.00357072 -15.62517228  -7.99724962  14.52579086  55.8605733\n  -26.92574053]\n [ -5.21884091   6.06596338   7.43735452  -7.9841231  -26.92574053\n   18.41764198]]", "nfev": "427", "njev": "61", "status": "0", "success": "True", "message": "Optimization terminated successfully.", "x": "[ 4.83961241  0.43035713  0.79401353  5.83939315 -0.73438186  5.43612534]", "nit": "38"}, "8": {"maxiter": 500, "gtol": 1e-05, "xrtol": 1e-05, "eps": 1e-05, "duration": 0.0571589469909668, "fun": "0.5931155412369561", "jac": "[-7.57671703e-07  2.29016806e-07  2.52161625e-06 -2.47016851e-06\n -4.42739179e-06 -3.76675358e-06]", "hess_inv": "[[  6.83937906  -0.65892014   0.35110881   0.32700137  -2.02112685\n    4.38919498]\n [ -0.65892014   8.28058535  -2.71858847  -0.20892722   0.31269525\n   -5.37525662]\n [  0.35110881  -2.71858847   7.46271301  -1.77636673  -3.29390026\n    6.74465357]\n [  0.32700137  -0.20892722  -1.77636673   5.94156367   0.48957994\n   -0.89507506]\n [ -2.02112685   0.31269525  -3.29390026   0.48957994  34.67994097\n  -32.18087814]\n [  4.38919498  -5.37525662   6.74465357  -0.89507506 -32.18087814\n   39.82555682]]", "nfev": "336", "njev": "48", "status": "0", "success": "True", "message": "Optimization terminated successfully.", "x": "[ 4.83959454  0.43037187  0.794014    5.83937174 -0.73439279  5.43609537]", "nit": "34"}, "9": {"maxiter": 500, "gtol": 1e-05, "xrtol": 1e-05, "eps": 1e-10, "duration": 0.05677914619445801, "fun": "0.5931155412409924", "jac": "[ 0.00000000e+00  1.11022293e-06  4.44089173e-06 -3.33066880e-06\n -5.55111466e-06 -5.55111466e-06]", "hess_inv": "[[  6.84096373  -0.64939485   0.36766869   0.30530578  -2.08201187\n    4.42656479]\n [ -0.64939485   8.282347    -2.73683285  -0.19099875   0.38504762\n   -5.44632129]\n [  0.36766869  -2.73683285   7.51477094  -1.78246355  -3.41301427\n    6.88209018]\n [  0.30530578  -0.19099875  -1.78246355   5.9463743    0.52266455\n   -0.94681624]\n [ -2.08201187   0.38504762  -3.41301427   0.52266455  35.14268363\n  -32.64540582]\n [  4.42656479  -5.44632129   6.88209018  -0.94681624 -32.64540582\n   40.28389207]]", "nfev": "336", "njev": "48", "status": "0", "success": "True", "message": "Optimization terminated successfully.", "x": "[ 4.83961039  0.43036682  0.79403575  5.83936858 -0.73441025  5.43612963]", "nit": "34"}, "10": {"maxiter": 500, "gtol": 1e-05, "xrtol": 1e-10, "eps": 1e-05, "duration": 0.05661725997924805, "fun": "0.5931155412369561", "jac": "[-7.57671703e-07  2.29016806e-07  2.52161625e-06 -2.47016851e-06\n -4.42739179e-06 -3.76675358e-06]", "hess_inv": "[[  6.83937906  -0.65892014   0.35110881   0.32700137  -2.02112685\n    4.38919498]\n [ -0.65892014   8.28058535  -2.71858847  -0.20892722   0.31269525\n   -5.37525662]\n [  0.35110881  -2.71858847   7.46271301  -1.77636673  -3.29390026\n    6.74465357]\n [  0.32700137  -0.20892722  -1.77636673   5.94156367   0.48957994\n   -0.89507506]\n [ -2.02112685   0.31269525  -3.29390026   0.48957994  34.67994097\n  -32.18087814]\n [  4.38919498  -5.37525662   6.74465357  -0.89507506 -32.18087814\n   39.82555682]]", "nfev": "336", "njev": "48", "status": "0", "success": "True", "message": "Optimization terminated successfully.", "x": "[ 4.83959454  0.43037187  0.794014    5.83937174 -0.73439279  5.43609537]", "nit": "34"}, "11": {"maxiter": 500, "gtol": 1e-05, "xrtol": 1e-10, "eps": 1e-10, "duration": 0.05652809143066406, "fun": "0.5931155412409924", "jac": "[ 0.00000000e+00  1.11022293e-06  4.44089173e-06 -3.33066880e-06\n -5.55111466e-06 -5.55111466e-06]", "hess_inv": "[[  6.84096373  -0.64939485   0.36766869   0.30530578  -2.08201187\n    4.42656479]\n [ -0.64939485   8.282347    -2.73683285  -0.19099875   0.38504762\n   -5.44632129]\n [  0.36766869  -2.73683285   7.51477094  -1.78246355  -3.41301427\n    6.88209018]\n [  0.30530578  -0.19099875  -1.78246355   5.9463743    0.52266455\n   -0.94681624]\n [ -2.08201187   0.38504762  -3.41301427   0.52266455  35.14268363\n  -32.64540582]\n [  4.42656479  -5.44632129   6.88209018  -0.94681624 -32.64540582\n   40.28389207]]", "nfev": "336", "njev": "48", "status": "0", "success": "True", "message": "Optimization terminated successfully.", "x": "[ 4.83961039  0.43036682  0.79403575  5.83936858 -0.73441025  5.43612963]", "nit": "34"}, "12": {"maxiter": 500, "gtol": 1e-10, "xrtol": 1e-05, "eps": 1e-05, "duration": 0.057833194732666016, "fun": "0.5931155411006667", "jac": "[ 8.60533866e-08 -4.26214619e-08 -8.89621710e-08  3.79996035e-07\n  5.36581890e-07  2.74369416e-07]", "hess_inv": "[[  6.84869679  -0.63898119   0.35954287   0.37703643  -2.02422914\n    4.36677596]\n [ -0.63898119   8.23025582  -2.75125013  -0.21307391   0.40369511\n   -5.37109535]\n [  0.35954287  -2.75125013   7.44269603  -1.79172139  -3.24346764\n    6.75278941]\n [  0.37703643  -0.21307391  -1.79172139   6.07724022   0.58968844\n   -0.9531126 ]\n [ -2.02422914   0.40369511  -3.24346764   0.58968844  34.57846205\n  -32.2281516 ]\n [  4.36677596  -5.37109535   6.75278941  -0.9531126  -32.2281516\n   39.85027022]]", "nfev": "343", "njev": "49", "status": "0", "success": "True", "message": "Optimization terminated successfully.", "x": "[ 4.83960739  0.43035747  0.79400278  5.83939062 -0.73435308  5.43608795]", "nit": "35"}, "13": {"maxiter": 500, "gtol": 1e-10, "xrtol": 1e-05, "eps": 1e-10, "duration": 0.05870795249938965, "fun": "0.5931155411211174", "jac": "[ 1.11022293e-06 -1.11022293e-06  0.00000000e+00  0.00000000e+00\n  1.11022293e-06  1.11022293e-06]", "hess_inv": "[[  6.8522471   -0.62489255   0.37422948   0.36541024  -2.09387664\n    4.41043148]\n [ -0.62489255   8.17474924  -2.7956103   -0.19178497   0.49005463\n   -5.38210515]\n [  0.37422948  -2.7956103    7.48542411  -1.80714343  -3.36052743\n    6.91778058]\n [  0.36541024  -0.19178497  -1.80714343   6.15932234   0.56624464\n   -0.95171276]\n [ -2.09387664   0.49005463  -3.36052743   0.56624464  35.04881217\n  -32.70915451]\n [  4.41043148  -5.38210515   6.91778058  -0.95171276 -32.70915451\n   40.245702  ]]", "nfev": "343", "njev": "49", "status": "0", "success": "True", "message": "Optimization terminated successfully.", "x": "[ 4.8396235   0.43034237  0.79401934  5.83939519 -0.73438099  5.43614355]", "nit": "35"}, "14": {"maxiter": 500, "gtol": 1e-10, "xrtol": 1e-10, "eps": 1e-05, "duration": 0.08894896507263184, "fun": "0.5931155411005107", "jac": "[ 6.35269615e-08 -3.27515792e-08 -7.13540338e-08  2.92921243e-07\n  4.12758716e-07  2.13362661e-07]", "hess_inv": "[[  6.83636427  -0.60412636   0.37745739   0.30064599  -2.48798712\n    4.75125781]\n [ -0.60412636   8.181499    -2.77670786  -0.12394102   0.90640102\n   -5.76009843]\n [  0.37745739  -2.77670786   7.43163136  -1.74191853  -2.92511719\n    6.49480681]\n [  0.30064599  -0.12394102  -1.74191853   5.93104497  -0.15248876\n   -0.41941745]\n [ -2.48798712   0.90640102  -2.92511719  -0.15248876  31.55023739\n  -30.36373571]\n [  4.75125781  -5.76009843   6.49480681  -0.41941745 -30.36373571\n   38.88531493]]", "nfev": "522", "njev": "73", "status": "2", "success": "False", "message": "Desired error not necessarily achieved due to precision loss.", "x": "[ 4.83960723  0.43035776  0.79400299  5.83939011 -0.73435511  5.43608932]", "nit": "36"}, "15": {"maxiter": 500, "gtol": 1e-10, "xrtol": 1e-10, "eps": 1e-10, "duration": 0.07305908203125, "fun": "0.5931155410958102", "jac": "[0.00000000e+00 1.11022293e-06 0.00000000e+00 2.22044587e-06\n 1.11022293e-06 1.11022293e-06]", "hess_inv": "[[  6.70711611  -1.16632587  -1.30463645   2.43451297  10.00357072\n   -5.21884091]\n [ -1.16632587   9.68926595   0.10988974  -4.12864493 -15.62517228\n    6.06596338]\n [ -1.30463645   0.10988974   6.27615359  -1.97313588  -7.99724962\n    7.43735452]\n [  2.43451297  -4.12864493  -1.97313588   8.35306942  14.52579086\n   -7.9841231 ]\n [ 10.00357072 -15.62517228  -7.99724962  14.52579086  55.8605733\n  -26.92574053]\n [ -5.21884091   6.06596338   7.43735452  -7.9841231  -26.92574053\n   18.41764198]]", "nfev": "427", "njev": "61", "status": "0", "success": "True", "message": "Optimization terminated successfully.", "x": "[ 4.83961241  0.43035713  0.79401353  5.83939315 -0.73438186  5.43612534]", "nit": "38"}, "16": {"maxiter": 1000, "gtol": 1e-05, "xrtol": 1e-05, "eps": 1e-05, "duration": 0.05732917785644531, "fun": "0.5931155412369561", "jac": "[-7.57671703e-07  2.29016806e-07  2.52161625e-06 -2.47016851e-06\n -4.42739179e-06 -3.76675358e-06]", "hess_inv": "[[  6.83937906  -0.65892014   0.35110881   0.32700137  -2.02112685\n    4.38919498]\n [ -0.65892014   8.28058535  -2.71858847  -0.20892722   0.31269525\n   -5.37525662]\n [  0.35110881  -2.71858847   7.46271301  -1.77636673  -3.29390026\n    6.74465357]\n [  0.32700137  -0.20892722  -1.77636673   5.94156367   0.48957994\n   -0.89507506]\n [ -2.02112685   0.31269525  -3.29390026   0.48957994  34.67994097\n  -32.18087814]\n [  4.38919498  -5.37525662   6.74465357  -0.89507506 -32.18087814\n   39.82555682]]", "nfev": "336", "njev": "48", "status": "0", "success": "True", "message": "Optimization terminated successfully.", "x": "[ 4.83959454  0.43037187  0.794014    5.83937174 -0.73439279  5.43609537]", "nit": "34"}, "17": {"maxiter": 1000, "gtol": 1e-05, "xrtol": 1e-05, "eps": 1e-10, "duration": 0.05716085433959961, "fun": "0.5931155412409924", "jac": "[ 0.00000000e+00  1.11022293e-06  4.44089173e-06 -3.33066880e-06\n -5.55111466e-06 -5.55111466e-06]", "hess_inv": "[[  6.84096373  -0.64939485   0.36766869   0.30530578  -2.08201187\n    4.42656479]\n [ -0.64939485   8.282347    -2.73683285  -0.19099875   0.38504762\n   -5.44632129]\n [  0.36766869  -2.73683285   7.51477094  -1.78246355  -3.41301427\n    6.88209018]\n [  0.30530578  -0.19099875  -1.78246355   5.9463743    0.52266455\n   -0.94681624]\n [ -2.08201187   0.38504762  -3.41301427   0.52266455  35.14268363\n  -32.64540582]\n [  4.42656479  -5.44632129   6.88209018  -0.94681624 -32.64540582\n   40.28389207]]", "nfev": "336", "njev": "48", "status": "0", "success": "True", "message": "Optimization terminated successfully.", "x": "[ 4.83961039  0.43036682  0.79403575  5.83936858 -0.73441025  5.43612963]", "nit": "34"}, "18": {"maxiter": 1000, "gtol": 1e-05, "xrtol": 1e-10, "eps": 1e-05, "duration": 0.057196617126464844, "fun": "0.5931155412369561", "jac": "[-7.57671703e-07  2.29016806e-07  2.52161625e-06 -2.47016851e-06\n -4.42739179e-06 -3.76675358e-06]", "hess_inv": "[[  6.83937906  -0.65892014   0.35110881   0.32700137  -2.02112685\n    4.38919498]\n [ -0.65892014   8.28058535  -2.71858847  -0.20892722   0.31269525\n   -5.37525662]\n [  0.35110881  -2.71858847   7.46271301  -1.77636673  -3.29390026\n    6.74465357]\n [  0.32700137  -0.20892722  -1.77636673   5.94156367   0.48957994\n   -0.89507506]\n [ -2.02112685   0.31269525  -3.29390026   0.48957994  34.67994097\n  -32.18087814]\n [  4.38919498  -5.37525662   6.74465357  -0.89507506 -32.18087814\n   39.82555682]]", "nfev": "336", "njev": "48", "status": "0", "success": "True", "message": "Optimization terminated successfully.", "x": "[ 4.83959454  0.43037187  0.794014    5.83937174 -0.73439279  5.43609537]", "nit": "34"}, "19": {"maxiter": 1000, "gtol": 1e-05, "xrtol": 1e-10, "eps": 1e-10, "duration": 0.05706787109375, "fun": "0.5931155412409924", "jac": "[ 0.00000000e+00  1.11022293e-06  4.44089173e-06 -3.33066880e-06\n -5.55111466e-06 -5.55111466e-06]", "hess_inv": "[[  6.84096373  -0.64939485   0.36766869   0.30530578  -2.08201187\n    4.42656479]\n [ -0.64939485   8.282347    -2.73683285  -0.19099875   0.38504762\n   -5.44632129]\n [  0.36766869  -2.73683285   7.51477094  -1.78246355  -3.41301427\n    6.88209018]\n [  0.30530578  -0.19099875  -1.78246355   5.9463743    0.52266455\n   -0.94681624]\n [ -2.08201187   0.38504762  -3.41301427   0.52266455  35.14268363\n  -32.64540582]\n [  4.42656479  -5.44632129   6.88209018  -0.94681624 -32.64540582\n   40.28389207]]", "nfev": "336", "njev": "48", "status": "0", "success": "True", "message": "Optimization terminated successfully.", "x": "[ 4.83961039  0.43036682  0.79403575  5.83936858 -0.73441025  5.43612963]", "nit": "34"}, "20": {"maxiter": 1000, "gtol": 1e-10, "xrtol": 1e-05, "eps": 1e-05, "duration": 0.05824422836303711, "fun": "0.5931155411006667", "jac": "[ 8.60533866e-08 -4.26214619e-08 -8.89621710e-08  3.79996035e-07\n  5.36581890e-07  2.74369416e-07]", "hess_inv": "[[  6.84869679  -0.63898119   0.35954287   0.37703643  -2.02422914\n    4.36677596]\n [ -0.63898119   8.23025582  -2.75125013  -0.21307391   0.40369511\n   -5.37109535]\n [  0.35954287  -2.75125013   7.44269603  -1.79172139  -3.24346764\n    6.75278941]\n [  0.37703643  -0.21307391  -1.79172139   6.07724022   0.58968844\n   -0.9531126 ]\n [ -2.02422914   0.40369511  -3.24346764   0.58968844  34.57846205\n  -32.2281516 ]\n [  4.36677596  -5.37109535   6.75278941  -0.9531126  -32.2281516\n   39.85027022]]", "nfev": "343", "njev": "49", "status": "0", "success": "True", "message": "Optimization terminated successfully.", "x": "[ 4.83960739  0.43035747  0.79400278  5.83939062 -0.73435308  5.43608795]", "nit": "35"}, "21": {"maxiter": 1000, "gtol": 1e-10, "xrtol": 1e-05, "eps": 1e-10, "duration": 0.0582730770111084, "fun": "0.5931155411211174", "jac": "[ 1.11022293e-06 -1.11022293e-06  0.00000000e+00  0.00000000e+00\n  1.11022293e-06  1.11022293e-06]", "hess_inv": "[[  6.8522471   -0.62489255   0.37422948   0.36541024  -2.09387664\n    4.41043148]\n [ -0.62489255   8.17474924  -2.7956103   -0.19178497   0.49005463\n   -5.38210515]\n [  0.37422948  -2.7956103    7.48542411  -1.80714343  -3.36052743\n    6.91778058]\n [  0.36541024  -0.19178497  -1.80714343   6.15932234   0.56624464\n   -0.95171276]\n [ -2.09387664   0.49005463  -3.36052743   0.56624464  35.04881217\n  -32.70915451]\n [  4.41043148  -5.38210515   6.91778058  -0.95171276 -32.70915451\n   40.245702  ]]", "nfev": "343", "njev": "49", "status": "0", "success": "True", "message": "Optimization terminated successfully.", "x": "[ 4.8396235   0.43034237  0.79401934  5.83939519 -0.73438099  5.43614355]", "nit": "35"}, "22": {"maxiter": 1000, "gtol": 1e-10, "xrtol": 1e-10, "eps": 1e-05, "duration": 0.0881049633026123, "fun": "0.5931155411005107", "jac": "[ 6.35269615e-08 -3.27515792e-08 -7.13540338e-08  2.92921243e-07\n  4.12758716e-07  2.13362661e-07]", "hess_inv": "[[  6.83636427  -0.60412636   0.37745739   0.30064599  -2.48798712\n    4.75125781]\n [ -0.60412636   8.181499    -2.77670786  -0.12394102   0.90640102\n   -5.76009843]\n [  0.37745739  -2.77670786   7.43163136  -1.74191853  -2.92511719\n    6.49480681]\n [  0.30064599  -0.12394102  -1.74191853   5.93104497  -0.15248876\n   -0.41941745]\n [ -2.48798712   0.90640102  -2.92511719  -0.15248876  31.55023739\n  -30.36373571]\n [  4.75125781  -5.76009843   6.49480681  -0.41941745 -30.36373571\n   38.88531493]]", "nfev": "522", "njev": "73", "status": "2", "success": "False", "message": "Desired error not necessarily achieved due to precision loss.", "x": "[ 4.83960723  0.43035776  0.79400299  5.83939011 -0.73435511  5.43608932]", "nit": "36"}, "23": {"maxiter": 1000, "gtol": 1e-10, "xrtol": 1e-10, "eps": 1e-10, "duration": 0.07213902473449707, "fun": "0.5931155410958102", "jac": "[0.00000000e+00 1.11022293e-06 0.00000000e+00 2.22044587e-06\n 1.11022293e-06 1.11022293e-06]", "hess_inv": "[[  6.70711611  -1.16632587  -1.30463645   2.43451297  10.00357072\n   -5.21884091]\n [ -1.16632587   9.68926595   0.10988974  -4.12864493 -15.62517228\n    6.06596338]\n [ -1.30463645   0.10988974   6.27615359  -1.97313588  -7.99724962\n    7.43735452]\n [  2.43451297  -4.12864493  -1.97313588   8.35306942  14.52579086\n   -7.9841231 ]\n [ 10.00357072 -15.62517228  -7.99724962  14.52579086  55.8605733\n  -26.92574053]\n [ -5.21884091   6.06596338   7.43735452  -7.9841231  -26.92574053\n   18.41764198]]", "nfev": "427", "njev": "61", "status": "0", "success": "True", "message": "Optimization terminated successfully.", "x": "[ 4.83961241  0.43035713  0.79401353  5.83939315 -0.73438186  5.43612534]", "nit": "38"}}, "cobyla": {"0": {"maxiter": 100, "tol": 1e-05, "catol": 1e-05, "duration": 0.01630401611328125, "x": "[ 1.4885927   3.61469221  3.85043075  5.87677225 -0.38128013  5.01973098]", "status": "2", "success": "False", "message": "Maximum number of function evaluations has been exceeded.", "nfev": "100", "fun": "0.5953049780056554", "maxcv": "0.0"}, "1": {"maxiter": 100, "tol": 1e-05, "catol": 1e-10, "duration": 0.01617908477783203, "x": "[ 1.4885927   3.61469221  3.85043075  5.87677225 -0.38128013  5.01973098]", "status": "2", "success": "False", "message": "Maximum number of function evaluations has been exceeded.", "nfev": "100", "fun": "0.5953049780056554", "maxcv": "0.0"}, "2": {"maxiter": 100, "tol": 1e-10, "catol": 1e-05, "duration": 0.016153812408447266, "x": "[ 1.4885927   3.61469221  3.85043075  5.87677225 -0.38128013  5.01973098]", "status