{"date": "2024/07/18/, 23:29:08", "conf_id": 106, "data_type": "orthogonal\n", "num_data_points": 2, "s_rank": 0, "unitary": "[[-0.56303964-0.00798273j,-0.21670212-0.15784972j,-0.06047197-0.73952673j,-0.01438004+0.24552571j],[-0.06976756+0.23474685j,-0.01275565-0.5435098j,-0.02703657-0.08917885j,-0.08210486-0.79311774j],[-0.38559961+0.10714929j,0.5933431-0.2687392j,-0.24060861+0.29149289j,-0.45147719+0.26241743j],[-0.50180421+0.45931857j,-0.11617175+0.44134496j,0.49642745+0.22684508j,-0.08544628-0.15407063j]]", "databatch_0": {"databatch": "[[[0.02705355-0.05021652j,-0.14093759-0.01461386j,0.03789808+0.17950667j,-0.08244482+0.06910298j],[-0.07597247+0.16877537j,0.42655569+0.04408401j,0.3659545-0.36492961j,0.22789327+0.01239368j],[-0.16021192+0.07414759j,0.29085785+0.26331738j,0.02494707+0.0440144j,0.06400109-0.04053567j],[0.13699367-0.01145067j,-0.12233707-0.26697235j,-0.08610026-0.28925156j,0.04055661-0.05329445j]],[[-0.02450375-0.03645415j,-0.01527826+0.09212492j,-0.11372223-0.48945079j,0.21431212-0.09322756j],[0.06867008-0.09994031j,-0.25572095-0.02879485j,0.206462-0.25909836j,0.11061679+0.11824017j],[-0.0220678+0.13461035j,0.29684781-0.08586777j,-0.13630752+0.05893102j,-0.04429197-0.12723641j],[0.06948484+0.18503098j,0.29831229-0.30829503j,0.10511731+0.23537139j,-0.14533639-0.01892217j]]]", "initial param values": "[0.45124842,4.85875898,0.39110449,2.13980565,0.48803797,0.28420478]", "nelder_mead": {"type": "gradient-free", "0": {"maxiter": 100, "fatol": 1e-05, "xatol": 1e-05, "duration": 0.02637314796447754, "fun": "0.42094501751107916", "nit": "100", "nfev": "153", "status": "2", "success": "False", "message": "Maximum number of iterations has been exceeded.", "x": "[ 1.53250568  5.86915494  0.58239411  0.84645806 -0.57564276 -0.14101139]", "final_simplex": "(array([[ 1.53250568,  5.86915494,  0.58239411,  0.84645806, -0.57564276,\n        -0.14101139],\n       [ 1.52373891,  5.85178695,  0.59047828,  0.84182325, -0.56700064,\n        -0.13714518],\n       [ 1.53979726,  5.78015608,  0.5896279 ,  0.85853469, -0.58487463,\n        -0.13670548],\n       [ 1.55517125,  5.81819427,  0.57696097,  0.8928669 , -0.59057611,\n        -0.15557148],\n       [ 1.56432302,  5.85267828,  0.58818966,  0.90474633, -0.61260322,\n        -0.16035868],\n       [ 1.52330309,  5.85064903,  0.58008465,  0.89444984, -0.56024182,\n        -0.13920372],\n       [ 1.55832468,  5.85872559,  0.5788017 ,  0.83519398, -0.58267167,\n        -0.15235978]]), array([0.42094502, 0.42098189, 0.4213011 , 0.42159361, 0.42176892,\n       0.42177435, 0.42195171]))"}, "1": {"maxiter": 100, "fatol": 1e-05, "xatol": 1e-10, "duration": 0.026050090789794922, "fun": "0.42094501751107916", "nit": "100", "nfev": "153", "status": "2", "success": "False", "message": "Maximum number of iterations has been exceeded.", "x": "[ 1.53250568  5.86915494  0.58239411  0.84645806 -0.57564276 -0.14101139]", "final_simplex": "(array([[ 1.53250568,  5.86915494,  0.58239411,  0.84645806, -0.57564276,\n        -0.14101139],\n       [ 1.52373891,  5.85178695,  0.59047828,  0.84182325, -0.56700064,\n        -0.13714518],\n       [ 1.53979726,  5.78015608,  0.5896279 ,  0.85853469, -0.58487463,\n        -0.13670548],\n       [ 1.55517125,  5.81819427,  0.57696097,  0.8928669 , -0.59057611,\n        -0.15557148],\n       [ 1.56432302,  5.85267828,  0.58818966,  0.90474633, -0.61260322,\n        -0.16035868],\n       [ 1.52330309,  5.85064903,  0.58008465,  0.89444984, -0.56024182,\n        -0.13920372],\n       [ 1.55832468,  5.85872559,  0.5788017 ,  0.83519398, -0.58267167,\n        -0.15235978]]), array([0.42094502, 0.42098189, 0.4213011 , 0.42159361, 0.42176892,\n       0.42177435, 0.42195171]))"}, "2": {"maxiter": 100, "fatol": 1e-10, "xatol": 1e-05, "duration": 0.02600717544555664, "fun": "0.42094501751107916", "nit": "100", "nfev": "153", "status": "2", "success": "False", "message": "Maximum number of iterations has been exceeded.", "x": "[ 1.53250568  5.86915494  0.58239411  0.84645806 -0.57564276 -0.14101139]", "final_simplex": "(array([[ 1.53250568,  5.86915494,  0.58239411,  0.84645806, -0.57564276,\n        -0.14101139],\n       [ 1.52373891,  5.85178695,  0.59047828,  0.84182325, -0.56700064,\n        -0.13714518],\n       [ 1.53979726,  5.78015608,  0.5896279 ,  0.85853469, -0.58487463,\n        -0.13670548],\n       [ 1.55517125,  5.81819427,  0.57696097,  0.8928669 , -0.59057611,\n        -0.15557148],\n       [ 1.56432302,  5.85267828,  0.58818966,  0.90474633, -0.61260322,\n        -0.16035868],\n       [ 1.52330309,  5.85064903,  0.58008465,  0.89444984, -0.56024182,\n        -0.13920372],\n       [ 1.55832468,  5.85872559,  0.5788017 ,  0.83519398, -0.58267167,\n        -0.15235978]]), array([0.42094502, 0.42098189, 0.4213011 , 0.42159361, 0.42176892,\n       0.42177435, 0.42195171]))"}, "3": {"maxiter": 100, "fatol": 1e-10, "xatol": 1e-10, "duration": 0.02601790428161621, "fun": "0.42094501751107916", "nit": "100", "nfev": "153", "status": "2", "success": "False", "message": "Maximum number of iterations has been exceeded.", "x": "[ 1.53250568  5.86915494  0.58239411  0.84645806 -0.57564276 -0.14101139]", "final_simplex": "(array([[ 1.53250568,  5.86915494,  0.58239411,  0.84645806, -0.57564276,\n        -0.14101139],\n       [ 1.52373891,  5.85178695,  0.59047828,  0.84182325, -0.56700064,\n        -0.13714518],\n       [ 1.53979726,  5.78015608,  0.5896279 ,  0.85853469, -0.58487463,\n        -0.13670548],\n       [ 1.55517125,  5.81819427,  0.57696097,  0.8928669 , -0.59057611,\n        -0.15557148],\n       [ 1.56432302,  5.85267828,  0.58818966,  0.90474633, -0.61260322,\n        -0.16035868],\n       [ 1.52330309,  5.85064903,  0.58008465,  0.89444984, -0.56024182,\n        -0.13920372],\n       [ 1.55832468,  5.85872559,  0.5788017 ,  0.83519398, -0.58267167,\n        -0.15235978]]), array([0.42094502, 0.42098189, 0.4213011 , 0.42159361, 0.42176892,\n       0.42177435, 0.42195171]))"}, "4": {"maxiter": 500, "fatol": 1e-05, "xatol": 1e-05, "duration": 0.13084197044372559, "fun": "0.3617610799360743", "nit": "500", "nfev": "772", "status": "2", "success": "False", "message": "Maximum number of iterations has been exceeded.", "x": "[ 0.93502091  5.69113864  0.85003262  1.51183143 -1.77215753  1.06552672]", "final_simplex": "(array([[ 0.93502091,  5.69113864,  0.85003262,  1.51183143, -1.77215753,\n         1.06552672],\n       [ 0.93414299,  5.69060866,  0.85038011,  1.51071754, -1.77175301,\n         1.06430156],\n       [ 0.93511009,  5.69141294,  0.85003737,  1.51217703, -1.77247012,\n         1.06541981],\n       [ 0.93461027,  5.69082915,  0.85018764,  1.51190677, -1.77228435,\n         1.06536839],\n       [ 0.93494636,  5.69071379,  0.85029512,  1.51174908, -1.77201071,\n         1.06496313],\n       [ 0.93434639,  5.69027604,  0.85075541,  1.51018704, -1.77200054,\n         1.06431536],\n       [ 0.93374391,  5.69028331,  0.85125503,  1.51185753, -1.77209752,\n         1.06519085]]), array([0.36176108, 0.3617611 , 0.3617611 , 0.36176111, 0.36176111,\n       0.36176114, 0.36176116]))"}, "5": {"maxiter": 500, "fatol": 1e-05, "xatol": 1e-10, "duration": 0.13113808631896973, "fun": "0.3617610799360743", "nit": "500", "nfev": "772", "status": "2", "success": "False", "message": "Maximum number of iterations has been exceeded.", "x": "[ 0.93502091  5.69113864  0.85003262  1.51183143 -1.77215753  1.06552672]", "final_simplex": "(array([[ 0.93502091,  5.69113864,  0.85003262,  1.51183143, -1.77215753,\n         1.06552672],\n       [ 0.93414299,  5.69060866,  0.85038011,  1.51071754, -1.77175301,\n         1.06430156],\n       [ 0.93511009,  5.69141294,  0.85003737,  1.51217703, -1.77247012,\n         1.06541981],\n       [ 0.93461027,  5.69082915,  0.85018764,  1.51190677, -1.77228435,\n         1.06536839],\n       [ 0.93494636,  5.69071379,  0.85029512,  1.51174908, -1.77201071,\n         1.06496313],\n       [ 0.93434639,  5.69027604,  0.85075541,  1.51018704, -1.77200054,\n         1.06431536],\n       [ 0.93374391,  5.69028331,  0.85125503,  1.51185753, -1.77209752,\n         1.06519085]]), array([0.36176108, 0.3617611 , 0.3617611 , 0.36176111, 0.36176111,\n       0.36176114, 0.36176116]))"}, "6": {"maxiter": 500, "fatol": 1e-10, "xatol": 1e-05, "duration": 0.13110899925231934, "fun": "0.3617610799360743", "nit": "500", "nfev": "772", "status": "2", "success": "False", "message": "Maximum number of iterations has been exceeded.", "x": "[ 0.93502091  5.69113864  0.85003262  1.51183143 -1.77215753  1.06552672]", "final_simplex": "(array([[ 0.93502091,  5.69113864,  0.85003262,  1.51183143, -1.77215753,\n         1.06552672],\n       [ 0.93414299,  5.69060866,  0.85038011,  1.51071754, -1.77175301,\n         1.06430156],\n       [ 0.93511009,  5.69141294,  0.85003737,  1.51217703, -1.77247012,\n         1.06541981],\n       [ 0.93461027,  5.69082915,  0.85018764,  1.51190677, -1.77228435,\n         1.06536839],\n       [ 0.93494636,  5.69071379,  0.85029512,  1.51174908, -1.77201071,\n         1.06496313],\n       [ 0.93434639,  5.69027604,  0.85075541,  1.51018704, -1.77200054,\n         1.06431536],\n       [ 0.93374391,  5.69028331,  0.85125503,  1.51185753, -1.77209752,\n         1.06519085]]), array([0.36176108, 0.3617611 , 0.3617611 , 0.36176111, 0.36176111,\n       0.36176114, 0.36176116]))"}, "7": {"maxiter": 500, "fatol": 1e-10, "xatol": 1e-10, "duration": 0.13087201118469238, "fun": "0.3617610799360743", "nit": "500", "nfev": "772", "status": "2", "success": "False", "message": "Maximum number of iterations has been exceeded.", "x": "[ 0.93502091  5.69113864  0.85003262  1.51183143 -1.77215753  1.06552672]", "final_simplex": "(array([[ 0.93502091,  5.69113864,  0.85003262,  1.51183143, -1.77215753,\n         1.06552672],\n       [ 0.93414299,  5.69060866,  0.85038011,  1.51071754, -1.77175301,\n         1.06430156],\n       [ 0.93511009,  5.69141294,  0.85003737,  1.51217703, -1.77247012,\n         1.06541981],\n       [ 0.93461027,  5.69082915,  0.85018764,  1.51190677, -1.77228435,\n         1.06536839],\n       [ 0.93494636,  5.69071379,  0.85029512,  1.51174908, -1.77201071,\n         1.06496313],\n       [ 0.93434639,  5.69027604,  0.85075541,  1.51018704, -1.77200054,\n         1.06431536],\n       [ 0.93374391,  5.69028331,  0.85125503,  1.51185753, -1.77209752,\n         1.06519085]]), array([0.36176108, 0.3617611 , 0.3617611 , 0.36176111, 0.36176111,\n       0.36176114, 0.36176116]))"}, "8": {"maxiter": 1000, "fatol": 1e-05, "xatol": 1e-05, "duration": 0.15293097496032715, "fun": "0.36176105696038063", "nit": "574", "nfev": "905", "status": "0", "success": "True", "message": "Optimization terminated successfully.", "x": "[ 0.93457849  5.6911655   0.85023733  1.51124778 -1.77197469  1.06511985]", "final_simplex": "(array([[ 0.93457849,  5.6911655 ,  0.85023733,  1.51124778, -1.77197469,\n         1.06511985],\n       [ 0.93458015,  5.69116759,  0.85023669,  1.51125223, -1.77197695,\n         1.06512287],\n       [ 0.93457922,  5.69116725,  0.85023557,  1.51124882, -1.77197466,\n         1.065118  ],\n       [ 0.93457847,  5.69116634,  0.85023771,  1.51125006, -1.77197682,\n         1.06512051],\n       [ 0.93457837,  5.6911644 ,  0.85023813,  1.51124197, -1.77197292,\n         1.0651158 ],\n       [ 0.93457557,  5.69116636,  0.85023764,  1.51124528, -1.77197356,\n         1.06511656],\n       [ 0.9345797 ,  5.69116715,  0.8502334 ,  1.5112439 , -1.77197297,\n         1.06511769]]), array([0.36176106, 0.36176106, 0.36176106, 0.36176106, 0.36176106,\n       0.36176106, 0.36176106]))"}, "9": {"maxiter": 1000, "fatol": 1e-05, "xatol": 1e-10, "duration": 0.19240593910217285, "fun": "0.36176105695997374", "nit": "680", "nfev": "1140", "status": "0", "success": "True", "message": "Optimization terminated successfully.", "x": "[ 0.93457969  5.69116705  0.85023641  1.51124765 -1.77197413  1.06511913]", "final_simplex": "(array([[ 0.93457969,  5.69116705,  0.85023641,  1.51124765, -1.77197413,\n         1.06511913],\n       [ 0.93457969,  5.69116705,  0.85023641,  1.51124765, -1.77197413,\n         1.06511913],\n       [ 0.93457969,  5.69116705,  0.85023641,  1.51124765, -1.77197413,\n         1.06511913],\n       [ 0.93457969,  5.69116705,  0.85023641,  1.51124765, -1.77197413,\n         1.06511913],\n       [ 0.93457969,  5.69116705,  0.85023641,  1.51124765, -1.77197413,\n         1.06511913],\n       [ 0.93457969,  5.69116705,  0.85023641,  1.51124765, -1.77197413,\n         1.06511913],\n       [ 0.93457969,  5.69116705,  0.85023641,  1.51124765, -1.77197413,\n         1.06511913]]), array([0.36176106, 0.36176106, 0.36176106, 0.36176106, 0.36176106,\n       0.36176106, 0.36176106]))"}, "10": {"maxiter": 1000, "fatol": 1e-10, "xatol": 1e-05, "duration": 0.1499481201171875, "fun": "0.36176105696038063", "nit": "574", "nfev": "905", "status": "0", "success": "True", "message": "Optimization terminated successfully.", "x": "[ 0.93457849  5.6911655   0.85023733  1.51124778 -1.77197469  1.06511985]", "final_simplex": "(array([[ 0.93457849,  5.6911655 ,  0.85023733,  1.51124778, -1.77197469,\n         1.06511985],\n       [ 0.93458015,  5.69116759,  0.85023669,  1.51125223, -1.77197695,\n         1.06512287],\n       [ 0.93457922,  5.69116725,  0.85023557,  1.51124882, -1.77197466,\n         1.065118  ],\n       [ 0.93457847,  5.69116634,  0.85023771,  1.51125006, -1.77197682,\n         1.06512051],\n       [ 0.93457837,  5.6911644 ,  0.85023813,  1.51124197, -1.77197292,\n         1.0651158 ],\n       [ 0.93457557,  5.69116636,  0.85023764,  1.51124528, -1.77197356,\n         1.06511656],\n       [ 0.9345797 ,  5.69116715,  0.8502334 ,  1.5112439 , -1.77197297,\n         1.06511769]]), array([0.36176106, 0.36176106, 0.36176106, 0.36176106, 0.36176106,\n       0.36176106, 0.36176106]))"}, "11": {"maxiter": 1000, "fatol": 1e-10, "xatol": 1e-10, "duration": 0.1867997646331787, "fun": "0.36176105695997374", "nit": "680", "nfev": "1140", "status": "0", "success": "True", "message": "Optimization terminated successfully.", "x": "[ 0.93457969  5.69116705  0.85023641  1.51124765 -1.77197413  1.06511913]", "final_simplex": "(array([[ 0.93457969,  5.69116705,  0.85023641,  1.51124765, -1.77197413,\n         1.06511913],\n       [ 0.93457969,  5.69116705,  0.85023641,  1.51124765, -1.77197413,\n         1.06511913],\n       [ 0.93457969,  5.69116705,  0.85023641,  1.51124765, -1.77197413,\n         1.06511913],\n       [ 0.93457969,  5.69116705,  0.85023641,  1.51124765, -1.77197413,\n         1.06511913],\n       [ 0.93457969,  5.69116705,  0.85023641,  1.51124765, -1.77197413,\n         1.06511913],\n       [ 0.93457969,  5.69116705,  0.85023641,  1.51124765, -1.77197413,\n         1.06511913],\n       [ 0.93457969,  5.69116705,  0.85023641,  1.51124765, -1.77197413,\n         1.06511913]]), array([0.36176106, 0.36176106, 0.36176106, 0.36176106, 0.36176106,\n       0.36176106, 0.36176106]))"}}, "bfgs": {"type": "gradient", "0": {"maxiter": 100, "gtol": 1e-05, "xrtol": 1e-05, "eps": 1e-05, "duration": 0.0409090518951416, "fun": "0.3617610573467991", "jac": "[-6.48384679e-06  3.21402904e-06 -3.12838644e-07 -4.04787315e-07\n -4.32348601e-06 -1.98747685e-06]", "hess_inv": "[[  7.37696197   3.33924138  -2.51829717   6.01252131  -2.39310986\n    4.7756456 ]\n [  3.33924138   7.50523495  -3.99960732   6.04858097  -3.02013425\n    5.46195888]\n [ -2.51829717  -3.99960732   7.60455363   3.08723639  -2.49918874\n    1.44134571]\n [  6.01252131   6.04858097   3.08723639  39.45626401 -15.43623299\n   26.53986653]\n [ -2.39310986  -3.02013425  -2.49918874 -15.43623299  10.52135943\n  -11.96201095]\n [  4.7756456    5.46195888   1.44134571  26.53986653 -11.96201095\n   22.79095728]]", "nfev": "238", "njev": "34", "status": "0", "success": "True", "message": "Optimization terminated successfully.", "x": "[ 0.93450697  5.69115891  0.85024622  1.51116257 -1.77197167  1.06505274]", "nit": "28"}, "1": {"maxiter": 100, "gtol": 1e-05, "xrtol": 1e-05, "eps": 1e-10, "duration": 0.04053783416748047, "fun": "0.3617610572669909", "jac": "[-6.66133760e-06  2.22044587e-06  1.11022293e-06  0.00000000e+00\n -4.44089173e-06 -4.44089173e-06]", "hess_inv": "[[  7.26687405   3.15227304  -2.39056188   5.94487725  -2.13819388\n    4.6472873 ]\n [  3.15227304   7.44430657  -3.85228954   5.95614984  -2.86546857\n    5.36826626]\n [ -2.39056188  -3.85228954   7.44480686   2.99251107  -2.60045507\n    1.4604566 ]\n [  5.94487725   5.95614984   2.99251107  38.69215008 -14.89704736\n   26.03076264]\n [ -2.13819388  -2.86546857  -2.60045507 -14.89704736  10.0803988\n  -11.52017424]\n [  4.6472873    5.36826626   1.4604566   26.03076264 -11.52017424\n   22.45405214]]", "nfev": "238", "njev": "34", "status": "0", "success": "True", "message": "Optimization terminated successfully.", "x": "[ 0.93451096  5.69115283  0.85026732  1.51122206 -1.77198516  1.06508386]", "nit": "28"}, "2": {"maxiter": 100, "gtol": 1e-05, "xrtol": 1e-10, "eps": 1e-05, "duration": 0.04056692123413086, "fun": "0.3617610573467991", "jac": "[-6.48384679e-06  3.21402904e-06 -3.12838644e-07 -4.04787315e-07\n -4.32348601e-06 -1.98747685e-06]", "hess_inv": "[[  7.37696197   3.33924138  -2.51829717   6.01252131  -2.39310986\n    4.7756456 ]\n [  3.33924138   7.50523495  -3.99960732   6.04858097  -3.02013425\n    5.46195888]\n [ -2.51829717  -3.99960732   7.60455363   3.08723639  -2.49918874\n    1.44134571]\n [  6.01252131   6.04858097   3.08723639  39.45626401 -15.43623299\n   26.53986653]\n [ -2.39310986  -3.02013425  -2.49918874 -15.43623299  10.52135943\n  -11.96201095]\n [  4.7756456    5.46195888   1.44134571  26.53986653 -11.96201095\n   22.79095728]]", "nfev": "238", "njev": "34", "status": "0", "success": "True", "message": "Optimization terminated successfully.", "x": "[ 0.93450697  5.69115891  0.85024622  1.51116257 -1.77197167  1.06505274]", "nit": "28"}, "3": {"maxiter": 100, "gtol": 1e-05, "xrtol": 1e-10, "eps": 1e-10, "duration": 0.04055976867675781, "fun": "0.3617610572669909", "jac": "[-6.66133760e-06  2.22044587e-06  1.11022293e-06  0.00000000e+00\n -4.44089173e-06 -4.44089173e-06]", "hess_inv": "[[  7.26687405   3.15227304  -2.39056188   5.94487725  -2.13819388\n    4.6472873 ]\n [  3.15227304   7.44430657  -3.85228954   5.95614984  -2.86546857\n    5.36826626]\n [ -2.39056188  -3.85228954   7.44480686   2.99251107  -2.60045507\n    1.4604566 ]\n [  5.94487725   5.95614984   2.99251107  38.69215008 -14.89704736\n   26.03076264]\n [ -2.13819388  -2.86546857  -2.60045507 -14.89704736  10.0803988\n  -11.52017424]\n [  4.6472873    5.36826626   1.4604566   26.03076264 -11.52017424\n   22.45405214]]", "nfev": "238", "njev": "34", "status": "0", "success": "True", "message": "Optimization terminated successfully.", "x": "[ 0.93451096  5.69115283  0.85026732  1.51122206 -1.77198516  1.06508386]", "nit": "28"}, "4": {"maxiter": 100, "gtol": 1e-10, "xrtol": 1e-05, "eps": 1e-05, "duration": 0.041831016540527344, "fun": "0.36176105703109307", "jac": "[-5.76805270e-07 -2.22144525e-07 -7.94864174e-07 -1.47026835e-07\n -8.43281001e-07 -3.95028454e-07]", "hess_inv": "[[  8.88840304   3.04645444  -3.20780423   5.94428346  -1.68620359\n    4.7824587 ]\n [  3.04645444   7.50952067  -3.9949425    5.73341382  -3.03703393\n    5.21623476]\n [ -3.20780423  -3.9949425    7.60219453   2.31102814  -2.52656017\n    0.83736853]\n [  5.94428346   5.73341382   2.31102814  37.40260516 -14.7163296\n   25.00881024]\n [ -1.68620359  -3.03703393  -2.52656017 -14.7163296   10.57716302\n  -11.39927615]\n [  4.7824587    5.21623476   0.83736853  25.00881024 -11.39927615\n   21.65171323]]", "nfev": "245", "njev": "35", "status": "0", "success": "True", "message": "Optimization terminated successfully.", "x": "[ 0.93455842  5.69115284  0.85023231  1.51118463 -1.77195651  1.06507112]", "nit": "29"}, "5": {"maxiter": 100, "gtol": 1e-10, "xrtol": 1e-05, "eps": 1e-10, "duration": 0.05365300178527832, "fun": "0.36176105699147043", "jac": "[ 0.00000000e+00 -2.22044587e-06 -2.22044587e-06 -1.11022293e-06\n  0.00000000e+00 -1.11022293e-06]", "hess_inv": "[[ 18.69669461   6.03901198  -3.78478563  26.48293612  -7.41819987\n   20.74122097]\n [  6.03901198   7.77569709  -4.6096297    9.54075169  -3.36908358\n    8.21819169]\n [ -3.78478563  -4.6096297    6.0922513   -3.95099966   0.35802907\n   -3.39644771]\n [ 26.48293612   9.54075169  -3.95099966  62.04709936 -17.32727246\n   45.86830488]\n [ -7.41819987  -3.36908358   0.35802907 -17.32727246   8.84355307\n  -14.22792162]\n [ 20.74122097   8.21819169  -3.39644771  45.86830488 -14.22792162\n   38.93357037]]", "nfev": "315", "njev": "45", "status": "0", "success": "True", "message": "Optimization terminated successfully.", "x": "[ 0.93458628  5.69116864  0.85023201  1.51128669 -1.771983    1.065146  ]", "nit": "30"}, "6": {"maxiter": 100, "gtol": 1e-10, "xrtol": 1e-10, "eps": 1e-05, "duration": 0.04745006561279297, "fun": "0.3617610570034906", "jac": "[-2.22044605e-11 -2.22044605e-11  0.00000000e+00  0.00000000e+00\n -4.44089210e-11  4.44089210e-11]", "hess_inv": "[[  9.46480822   3.18807281  -3.07511831   6.94629619  -1.68294438\n    5.50461525]\n [  3.18807281   7.48133736  -4.03101112   5.80818395  -3.025352\n    5.2901551 ]\n [ -3.07511831  -4.03101112   7.98248321   3.20359478  -2.91338798\n    1.526472  ]\n [  6.94629619   5.80818395   3.20359478  40.34487222 -15.44592881\n   27.21579435]\n [ -1.68294438  -3.025352    -2.91338798 -15.44592881  10.91312249\n  -11.93304901]\n [  5.50461525   5.2901551    1.526472    27.21579435 -11.93304901\n   23.29098753]]", "nfev": "273", "njev": "39", "status": "0", "success": "True", "message": "Optimization terminated successfully.", "x": "[ 0.93456403  5.69115355  0.85023458  1.51119623 -1.77195824  1.0650799 ]", "nit": "33"}, "7": {"maxiter": 100, "gtol": 1e-10, "xrtol": 1e-10, "eps": 1e-10, "duration": 0.05778217315673828, "fun": "0.36176105699147043", "jac": "[ 0.00000000e+00 -2.22044587e-06 -2.22044587e-06 -1.11022293e-06\n  0.00000000e+00 -1.11022293e-06]", "hess_inv": "[[ 18.69669461   6.03901198  -3.78478563  26.48293612  -7.41819987\n   20.74122097]\n [  6.03901198   7.77569709  -4.6096297    9.54075169  -3.36908358\n    8.21819169]\n [ -3.78478563  -4.6096297    6.0922513   -3.95099966   0.35802907\n   -3.39644771]\n [ 26.48293612   9.54075169  -3.95099966  62.04709936 -17.32727246\n   45.86830488]\n [ -7.41819987  -3.36908358   0.35802907 -17.32727246   8.84355307\n  -14.22792162]\n [ 20.74122097   8.21819169  -3.39644771  45.86830488 -14.22792162\n   38.93357037]]", "nfev": "315", "njev": "45", "status": "0", "success": "True", "message": "Optimization terminated successfully.", "x": "[ 0.93458628  5.69116864  0.85023201  1.51128669 -1.771983    1.065146  ]", "nit": "30"}, "8": {"maxiter": 500, "gtol": 1e-05, "xrtol": 1e-05, "eps": 1e-05, "duration": 0.040654897689819336, "fun": "0.3617610573467991", "jac": "[-6.48384679e-06  3.21402904e-06 -3.12838644e-07 -4.04787315e-07\n -4.32348601e-06 -1.98747685e-06]", "hess_inv": "[[  7.37696197   3.33924138  -2.51829717   6.01252131  -2.39310986\n    4.7756456 ]\n [  3.33924138   7.50523495  -3.99960732   6.04858097  -3.02013425\n    5.46195888]\n [ -2.51829717  -3.99960732   7.60455363   3.08723639  -2.49918874\n    1.44134571]\n [  6.01252131   6.04858097   3.08723639  39.45626401 -15.43623299\n   26.53986653]\n [ -2.39310986  -3.02013425  -2.49918874 -15.43623299  10.52135943\n  -11.96201095]\n [  4.7756456    5.46195888   1.44134571  26.53986653 -11.96201095\n   22.79095728]]", "nfev": "238", "njev": "34", "status": "0", "success": "True", "message": "Optimization terminated successfully.", "x": "[ 0.93450697  5.69115891  0.85024622  1.51116257 -1.77197167  1.06505274]", "nit": "28"}, "9": {"maxiter": 500, "gtol": 1e-05, "xrtol": 1e-05, "eps": 1e-10, "duration": 0.04059791564941406, "fun": "0.3617610572669909", "jac": "[-6.66133760e-06  2.22044587e-06  1.11022293e-06  0.00000000e+00\n -4.44089173e-06 -4.44089173e-06]", "hess_inv": "[[  7.26687405   3.15227304  -2.39056188   5.94487725  -2.13819388\n    4.6472873 ]\n [  3.15227304   7.44430657  -3.85228954   5.95614984  -2.86546857\n    5.36826626]\n [ -2.39056188  -3.85228954   7.44480686   2.99251107  -2.60045507\n    1.4604566 ]\n [  5.94487725   5.95614984   2.99251107  38.69215008 -14.89704736\n   26.03076264]\n [ -2.13819388  -2.86546857  -2.60045507 -14.89704736  10.0803988\n  -11.52017424]\n [  4.6472873    5.36826626   1.4604566   26.03076264 -11.52017424\n   22.45405214]]", "nfev": "238", "njev": "34", "status": "0", "success": "True", "message": "Optimization terminated successfully.", "x": "[ 0.93451096  5.69115283  0.85026732  1.51122206 -1.77198516  1.06508386]", "nit": "28"}, "10": {"maxiter": 500, "gtol": 1e-05, "xrtol": 1e-10, "eps": 1e-05, "duration": 0.04054403305053711, "fun": "0.3617610573467991", "jac": "[-6.48384679e-06  3.21402904e-06 -3.12838644e-07 -4.04787315e-07\n -4.32348601e-06 -1.98747685e-06]", "hess_inv": "[[  7.37696197   3.33924138  -2.51829717   6.01252131  -2.39310986\n    4.7756456 ]\n [  3.33924138   7.50523495  -3.99960732   6.04858097  -3.02013425\n    5.46195888]\n [ -2.51829717  -3.99960732   7.60455363   3.08723639  -2.49918874\n    1.44134571]\n [  6.01252131   6.04858097   3.08723639  39.45626401 -15.43623299\n   26.53986653]\n [ -2.39310986  -3.02013425  -2.49918874 -15.43623299  10.52135943\n  -11.96201095]\n [  4.7756456    5.46195888   1.44134571  26.53986653 -11.96201095\n   22.79095728]]", "nfev": "238", "njev": "34", "status": "0", "success": "True", "message": "Optimization terminated successfully.", "x": "[ 0.93450697  5.69115891  0.85024622  1.51116257 -1.77197167  1.06505274]", "nit": "28"}, "11": {"maxiter": 500, "gtol": 1e-05, "xrtol": 1e-10, "eps": 1e-10, "duration": 0.04065299034118652, "fun": "0.3617610572669909", "jac": "[-6.66133760e-06  2.22044587e-06  1.11022293e-06  0.00000000e+00\n -4.44089173e-06 -4.44089173e-06]", "hess_inv": "[[  7.26687405   3.15227304  -2.39056188   5.94487725  -2.13819388\n    4.6472873 ]\n [  3.15227304   7.44430657  -3.85228954   5.95614984  -2.86546857\n    5.36826626]\n [ -2.39056188  -3.85228954   7.44480686   2.99251107  -2.60045507\n    1.4604566 ]\n [  5.94487725   5.95614984   2.99251107  38.69215008 -14.89704736\n   26.03076264]\n [ -2.13819388  -2.86546857  -2.60045507 -14.89704736  10.0803988\n  -11.52017424]\n [  4.6472873    5.36826626   1.4604566   26.03076264 -11.52017424\n   22.45405214]]", "nfev": "238", "njev": "34", "status": "0", "success": "True", "message": "Optimization terminated successfully.", "x": "[ 0.93451096  5.69115283  0.85026732  1.51122206 -1.77198516  1.06508386]", "nit": "28"}, "12": {"maxiter": 500, "gtol": 1e-10, "xrtol": 1e-05, "eps": 1e-05, "duration": 0.04189181327819824, "fun": "0.36176105703109307", "jac": "[-5.76805270e-07 -2.22144525e-07 -7.94864174e-07 -1.47026835e-07\n -8.43281001e-07 -3.95028454e-07]", "hess_inv": "[[  8.88840304   3.04645444  -3.20780423   5.94428346  -1.68620359\n    4.7824587 ]\n [  3.04645444   7.50952067  -3.9949425    5.73341382  -3.03703393\n    5.21623476]\n [ -3.20780423  -3.9949425    7.60219453   2.31102814  -2.52656017\n    0.83736853]\n [  5.94428346   5.73341382   2.31102814  37.40260516 -14.7163296\n   25.00881024]\n [ -1.68620359  -3.03703393  -2.52656017 -14.7163296   10.57716302\n  -11.39927615]\n [  4.7824587    5.21623476   0.83736853  25.00881024 -11.39927615\n   21.65171323]]", "nfev": "245", "njev": "35", "status": "0", "success": "True", "message": "Optimization terminated successfully.", "x": "[ 0.93455842  5.69115284  0.85023231  1.51118463 -1.77195651  1.06507112]", "nit": "29"}, "13": {"maxiter": 500, "gtol": 1e-10, "xrtol": 1e-05, "eps": 1e-10, "duration": 0.05368995666503906, "fun": "0.36176105699147043", "jac": "[ 0.00000000e+00 -2.22044587e-06 -2.22044587e-06 -1.11022293e-06\n  0.00000000e+00 -1.11022293e-06]", "hess_inv": "[[ 18.69669461   6.03901198  -3.78478563  26.48293612  -7.41819987\n   20.74122097]\n [  6.03901198   7.77569709  -4.6096297    9.54075169  -3.36908358\n    8.21819169]\n [ -3.78478563  -4.6096297    6.0922513   -3.95099966   0.35802907\n   -3.39644771]\n [ 26.48293612   9.54075169  -3.95099966  62.04709936 -17.32727246\n   45.86830488]\n [ -7.41819987  -3.36908358   0.35802907 -17.32727246   8.84355307\n  -14.22792162]\n [ 20.74122097   8.21819169  -3.39644771  45.86830488 -14.22792162\n   38.93357037]]", "nfev": "315", "njev": "45", "status": "0", "success": "True", "message": "Optimization terminated successfully.", "x": "[ 0.93458628  5.69116864  0.85023201  1.51128669 -1.771983    1.065146  ]", "nit": "30"}, "14": {"maxiter": 500, "gtol": 1e-10, "xrtol": 1e-10, "eps": 1e-05, "duration": 0.04687619209289551, "fun": "0.3617610570034906", "jac": "[-2.22044605e-11 -2.22044605e-11  0.00000000e+00  0.00000000e+00\n -4.44089210e-11  4.44089210e-11]", "hess_inv": "[[  9.46480822   3.18807281  -3.07511831   6.94629619  -1.68294438\n    5.50461525]\n [  3.18807281   7.48133736  -4.03101112   5.80818395  -3.025352\n    5.2901551 ]\n [ -3.07511831  -4.03101112   7.98248321   3.20359478  -2.91338798\n    1.526472  ]\n [  6.94629619   5.80818395   3.20359478  40.34487222 -15.44592881\n   27.21579435]\n [ -1.68294438  -3.025352    -2.91338798 -15.44592881  10.91312249\n  -11.93304901]\n [  5.50461525   5.2901551    1.526472    27.21579435 -11.93304901\n   23.29098753]]", "nfev": "273", "njev": "39", "status": "0", "success": "True", "message": "Optimization terminated successfully.", "x": "[ 0.93456403  5.69115355  0.85023458  1.51119623 -1.77195824  1.0650799 ]", "nit": "33"}, "15": {"maxiter": 500, "gtol": 1e-10, "xrtol": 1e-10, "eps": 1e-10, "duration": 0.05384707450866699, "fun": "0.36176105699147043", "jac": "[ 0.00000000e+00 -2.22044587e-06 -2.22044587e-06 -1.11022293e-06\n  0.00000000e+00 -1.11022293e-06]", "hess_inv": "[[ 18.69669461   6.03901198  -3.78478563  26.48293612  -7.41819987\n   20.74122097]\n [  6.03901198   7.77569709  -4.6096297    9.54075169  -3.36908358\n    8.21819169]\n [ -3.78478563  -4.6096297    6.0922513   -3.95099966   0.35802907\n   -3.39644771]\n [ 26.48293612   9.54075169  -3.95099966  62.04709936 -17.32727246\n   45.86830488]\n [ -7.41819987  -3.36908358   0.35802907 -17.32727246   8.84355307\n  -14.22792162]\n [ 20.74122097   8.21819169  -3.39644771  45.86830488 -14.22792162\n   38.93357037]]", "nfev": "315", "njev": "45", "status": "0", "success": "True", "message": "Optimization terminated successfully.", "x": "[ 0.93458628  5.69116864  0.85023201  1.51128669 -1.771983    1.065146  ]", "nit": "30"}, "16": {"maxiter": 1000, "gtol": 1e-05, "xrtol": 1e-05, "eps": 1e-05, "duration": 0.04074716567993164, "fun": "0.3617610573467991", "jac": "[-6.48384679e-06  3.21402904e-06 -3.12838644e-07 -4.04787315e-07\n -4.32348601e-06 -1.98747685e-06]", "hess_inv": "[[  7.37696197   3.33924138  -2.51829717   6.01252131  -2.39310986\n    4.7756456 ]\n [  3.33924138   7.50523495  -3.99960732   6.04858097  -3.02013425\n    5.46195888]\n [ -2.51829717  -3.99960732   7.60455363   3.08723639  -2.49918874\n    1.44134571]\n [  6.01252131   6.04858097   3.08723639  39.45626401 -15.43623299\n   26.53986653]\n [ -2.39310986  -3.02013425  -2.49918874 -15.43623299  10.52135943\n  -11.96201095]\n [  4.7756456    5.46195888   1.44134571  26.53986653 -11.96201095\n   22.79095728]]", "nfev": "238", "njev": "34", "status": "0", "success": "True", "message": "Optimization terminated successfully.", "x": "[ 0.93450697  5.69115891  0.85024622  1.51116257 -1.77197167  1.06505274]", "nit": "28"}, "17": {"maxiter": 1000, "gtol": 1e-05, "xrtol": 1e-05, "eps": 1e-10, "duration": 0.040805816650390625, "fun": "0.3617610572669909", "jac": "[-6.66133760e-06  2.22044587e-06  1.11022293e-06  0.00000000e+00\n -4.44089173e-06 -4.44089173e-06]", "hess_inv": "[[  7.26687405   3.15227304  -2.39056188   5.94487725  -2.13819388\n    4.6472873 ]\n [  3.15227304   7.44430657  -3.85228954   5.95614984  -2.86546857\n    5.36826626]\n [ -2.39056188  -3.85228954   7.44480686   2.99251107  -2.60045507\n    1.4604566 ]\n [  5.94487725   5.95614984   2.99251107  38.69215008 -14.89704736\n   26.03076264]\n [ -2.13819388  -2.86546857  -2.60045507 -14.89704736  10.0803988\n  -11.52017424]\n [  4.6472873    5.36826626   1.4604566   26.03076264 -11.52017424\n   22.45405214]]", "nfev": "238", "njev": "34", "status": "0", "success": "True", "message": "Optimization terminated successfully.", "x": "[ 0.93451096  5.69115283  0.85026732  1.51122206 -1.77198516  1.06508386]", "nit": "28"}, "18": {"maxiter": 1000, "gtol": 1e-05, "xrtol": 1e-10, "eps": 1e-05, "duration": 0.04073500633239746, "fun": "0.3617610573467991", "jac": "[-6.48384679e-06  3.21402904e-06 -3.12838644e-07 -4.04787315e-07\n -4.32348601e-06 -1.98747685e-06]", "hess_inv": "[[  7.37696197   3.33924138  -2.51829717   6.01252131  -2.39310986\n    4.7756456 ]\n [  3.33924138   7.50523495  -3.99960732   6.04858097  -3.02013425\n    5.46195888]\n [ -2.51829717  -3.99960732   7.60455363   3.08723639  -2.49918874\n    1.44134571]\n [  6.01252131   6.04858097   3.08723639  39.45626401 -15.43623299\n   26.53986653]\n [ -2.39310986  -3.02013425  -2.49918874 -15.43623299  10.52135943\n  -11.96201095]\n [  4.7756456    5.46195888   1.44134571  26.53986653 -11.96201095\n   22.79095728]]", "nfev": "238", "njev": "34", "status": "0", "success": "True", "message": "Optimization terminated successfully.", "x": "[ 0.93450697  5.69115891  0.85024622  1.51116257 -1.77197167  1.06505274]", "nit": "28"}, "19": {"maxiter": 1000, "gtol": 1e-05, "xrtol": 1e-10, "eps": 1e-10, "duration": 0.04069781303405762, "fun": "0.3617610572669909", "jac": "[-6.66133760e-06  2.22044587e-06  1.11022293e-06  0.00000000e+00\n -4.44089173e-06 -4.44089173e-06]", "hess_inv": "[[  7.26687405   3.15227304  -2.39056188   5.94487725  -2.13819388\n    4.6472873 ]\n [  3.15227304   7.44430657  -3.85228954   5.95614984  -2.86546857\n    5.36826626]\n [ -2.39056188  -3.85228954   7.44480686   2.99251107  -2.60045507\n    1.4604566 ]\n [  5.94487725   5.95614984   2.99251107  38.69215008 -14.89704736\n   26.03076264]\n [ -2.13819388  -2.86546857  -2.60045507 -14.89704736  10.0803988\n  -11.52017424]\n [  4.6472873    5.36826626   1.4604566   26.03076264 -11.52017424\n   22.45405214]]", "nfev": "238", "njev": "34", "status": "0", "success": "True", "message": "Optimization terminated successfully.", "x": "[ 0.93451096  5.69115283  0.85026732  1.51122206 -1.77198516  1.06508386]", "nit": "28"}, "20": {"maxiter": 1000, "gtol": 1e-10, "xrtol": 1e-05, "eps": 1e-05, "duration": 0.04196357727050781, "fun": "0.36176105703109307", "jac": "[-5.76805270e-07 -2.22144525e-07 -7.94864174e-07 -1.47026835e-07\n -8.43281001e-07 -3.95028454e-07]", "hess_inv": "[[  8.88840304   3.04645444  -3.20780423   5.94428346  -1.68620359\n    4.7824587 ]\n [  3.04645444   7.50952067  -3.9949425    5.73341382  -3.03703393\n    5.21623476]\n [ -3.20780423  -3.9949425    7.60219453   2.31102814  -2.52656017\n    0.83736853]\n [  5.94428346   5.73341382   2.31102814  37.40260516 -14.7163296\n   25.00881024]\n [ -1.68620359  -3.03703393  -2.52656017 -14.7163296   10.57716302\n  -11.39927615]\n [  4.7824587    5.21623476   0.83736853  25.00881024 -11.39927615\n   21.65171323]]", "nfev": "245", "njev": "35", "status": "0", "success": "True", "message": "Optimization terminated successfully.", "x": "[ 0.93455842  5.69115284  0.85023231  1.51118463 -1.77195651  1.06507112]", "nit": "29"}, "21": {"maxiter": 1000, "gtol": 1e-10, "xrtol": 1e-05, "eps": 1e-10, "duration": 0.05372309684753418, "fun": "0.36176105699147043", "jac": "[ 0.00000000e+00 -2.22044587e-06 -2.22044587e-06 -1.11022293e-06\n  0.00000000e+00 -1.11022293e-06]", "hess_inv": "[[ 18.69669461   6.03901198  -3.78478563  26.48293612  -7.41819987\n   20.74122097]\n [  6.03901198   7.77569709  -4.6096297    9.54075169  -3.36908358\n    8.21819169]\n [ -3.78478563  -4.6096297    6.0922513   -3.95099966   0.35802907\n   -3.39644771]\n [ 26.48293612   9.54075169  -3.95099966  62.04709936 -17.32727246\n   45.86830488]\n [ -7.41819987  -3.36908358   0.35802907 -17.32727246   8.84355307\n  -14.22792162]\n [ 20.74122097   8.21819169  -3.39644771  45.86830488 -14.22792162\n   38.93357037]]", "nfev": "315", "njev": "45", "status": "0", "success": "True", "message": "Optimization terminated successfully.", "x": "[ 0.93458628  5.69116864  0.85023201  1.51128669 -1.771983    1.065146  ]", "nit": "30"}, "22": {"maxiter": 1000, "gtol": 1e-10, "xrtol": 1e-10, "eps": 1e-05, "duration": 0.04669904708862305, "fun": "0.3617610570034906", "jac": "[-2.22044605e-11 -2.22044605e-11  0.00000000e+00  0.00000000e+00\n -4.44089210e-11  4.44089210e-11]", "hess_inv": "[[  9.46480822   3.18807281  -3.07511831   6.94629619  -1.68294438\n    5.50461525]\n [  3.18807281   7.48133736  -4.03101112   5.80818395  -3.025352\n    5.2901551 ]\n [ -3.07511831  -4.03101112   7.98248321   3.20359478  -2.91338798\n    1.526472  ]\n [  6.94629619   5.80818395   3.20359478  40.34487222 -15.44592881\n   27.21579435]\n [ -1.68294438  -3.025352    -2.91338798 -15.44592881  10.91312249\n  -11.93304901]\n [  5.50461525   5.2901551    1.526472    27.21579435 -11.93304901\n   23.29098753]]", "nfev": "273", "njev": "39", "status": "0", "success": "True", "message": "Optimization terminated successfully.", "x": "[ 0.93456403  5.69115355  0.85023458  1.51119623 -1.77195824  1.0650799 ]", "nit": "33"}, "23": {"maxiter": 1000, "gtol": 1e-10, "xrtol": 1e-10, "eps": 1e-10, "duration": 0.0540771484375, "fun": "0.36176105699147043", "jac": "[ 0.00000000e+00 -2.22044587e-06 -2.22044587e-06 -1.11022293e-06\n  0.00000000e+00 -1.11022293e-06]", "hess_inv": "[[ 18.69669461   6.03901198  -3.78478563  26.48293612  -7.41819987\n   20.74122097]\n [  6.03901198   7.77569709  -4.6096297    9.54075169  -3.36908358\n    8.21819169]\n [ -3.78478563  -4.6096297    6.0922513   -3.95099966   0.35802907\n   -3.39644771]\n [ 26.48293612   9.54075169  -3.95099966  62.04709936 -17.32727246\n   45.86830488]\n [ -7.41819987  -3.36908358   0.35802907 -17.32727246   8.84355307\n  -14.22792162]\n [ 20.74122097   8.21819169  -3.39644771  45.86830488 -14.22792162\n   38.93357037]]", "nfev": "315", "njev": "45", "status": "0", "success": "True", "message": "Optimization terminated successfully.", "x": "[ 0.93458628  5.69116864  0.85023201  1.51128669 -1.771983    1.065146  ]", "nit": "30"}}, "cobyla": {"0": {"maxiter": 100, "tol": 1e-05, "catol": 1e-05, "duration": 0.016450881958007812, "x": "[-0.29279022  7.01478486 -0.2557293   0.66146677 -0.05506797 -1.17053313]", "status": "2", "success": "False", "message": "Maximum number of function evaluations has been exceeded.", "nfev": "100", "fun": "0.39075801215451456", "maxcv": "0.0"}, "1": {"maxiter": 100, "tol": 1e-05, "catol": 1e-10, "duration": 0.016353130340576172, "x": "[-0.29279022  7.01478486 -0.2557293   0.66146677 -0.05506797 -1.17053313]", "status": "2", "success": "False", "message": "Maximum number of function evaluations has been exceeded.", "nfev": "100", "fun": "0.39075801215451456", "maxcv": "0.0"}, "2": {"maxiter": 100, "tol": 1e-10, "catol": 1e-05, "duration": 0.016349077224731445, "x": "[-0.29279022  7.01478486 -0.2557293   0.66146677 -0.05506797 -1.17053313]", "status": "2", "success": "False", "message": "Maximum number of function evaluations has been exceeded.", "nfev": "100", "fun": "0.39075801215451456", "maxcv": "0.0"}, "3": {"maxiter": 100, "tol": 1e-10, "catol": 1e-10, "duration": 0.016444921493530273, "x": "[-0.29279022  7.01478486 -0.2557293   0.66146677 -0.05506797 -1.17053313]", "status": "2", "success": "False", "message": "Maximum number of function evaluations has been exceeded.", "nfev": "100", "fun": "0.39075801215451456", "maxcv": "0.0"}, "4": {"maxiter": 500, "tol": 1e-05, "catol": 1e-05, "duration": 0.08183097839355469, "x": "[-0.28960406  7.74063088 -1.04077701  0.64243092 -0.25868315 -0.9272202 ]", "status": "2", "success": "False", "message": "Maximum number of function evaluati