{"date": "2024/07/19/, 18:17:56", "conf_id": 273, "data_type": "var_s_rank\n", "num_data_points": 2, "s_rank": 0, "unitary": "[[-0.53618537-0.34368723j,-0.12107031-0.46226139j,-0.07699282-0.46603512j,0.36022595-0.11472301j],[0.26026499-0.63450712j,-0.56616638+0.37832564j,-0.14988651+0.08458591j,0.10363514-0.16008501j],[-0.32580188-0.11070003j,-0.36476308-0.23593218j,0.02559343+0.41761608j,-0.25598305+0.6725303j],[0.07406738-0.0126433j,0.28513701+0.19483972j,-0.74939717-0.10299659j,0.29798249+0.46269921j]]", "databatch_0": {"databatch": "[[[-0.36570629+0.01524807j,0.11608142-0.19766381j,-0.17483524-0.01859479j,0.16853013-0.03549269j],[-0.02653148+0.06342973j,0.01792393+0.12443785j,0.07993661+0.2706251j,-0.25075963+0.31230608j],[-0.21865949-0.07042804j,-0.40370969+0.02230463j,0.17158777-0.17377302j,-0.05659581-0.07004154j],[-0.06331472-0.0522469j,0.28026985-0.05915033j,-0.03662443-0.20315687j,-0.27277132-0.05022514j]],[[0.57907288-0.10252238j,-0.04688188+0.09560117j,0.14407329+0.09225988j,0.27964803+0.01033511j],[0.01422231+0.04113078j,0.10251171+0.14605668j,-0.14698355+0.41775898j,-0.1654857-0.30359277j],[0.14701324+0.11395441j,-0.01667688+0.00867008j,0.03074126+0.08274692j,0.02615717+0.06405907j],[0.2045492+0.00054848j,0.06564193-0.00920042j,0.23345009+0.15811729j,-0.08807115+0.06934716j]]]", "initial param values": "[5.83130974,4.51431073,2.52109299,1.71254984,1.18810093,0.78069198]", "nelder_mead": {"type": "gradient-free", "0": {"maxiter": 100, "fatol": 1e-05, "xatol": 1e-05, "duration": 0.026266813278198242, "fun": "0.6155022962507403", "nit": "100", "nfev": "154", "status": "2", "success": "False", "message": "Maximum number of iterations has been exceeded.", "x": "[ 4.54487161  5.69735147  1.14808196 -0.53987205  2.4227934   1.26156353]", "final_simplex": "(array([[ 4.54487161,  5.69735147,  1.14808196, -0.53987205,  2.4227934 ,\n         1.26156353],\n       [ 4.63360568,  5.68909386,  1.12790427, -0.55668948,  2.48709257,\n         1.1595565 ],\n       [ 4.5813187 ,  5.5271111 ,  1.1959401 , -0.60140459,  2.47568252,\n         1.18006044],\n       [ 4.68425669,  5.49800384,  1.26053915, -0.54371194,  2.43747084,\n         1.18180281],\n       [ 4.50956766,  5.63343735,  1.29100465, -0.55236086,  2.42333146,\n         1.18255332],\n       [ 4.74111671,  5.6445886 ,  1.18830174, -0.61912853,  2.49697577,\n         1.09915838],\n       [ 4.54654411,  5.55669651,  1.30295981, -0.64310922,  2.49664119,\n         1.16446977]]), array([0.6155023 , 0.6256731 , 0.62710084, 0.6274456 , 0.62929493,\n       0.63255883, 0.63377382]))"}, "1": {"maxiter": 100, "fatol": 1e-05, "xatol": 1e-10, "duration": 0.02614283561706543, "fun": "0.6155022962507403", "nit": "100", "nfev": "154", "status": "2", "success": "False", "message": "Maximum number of iterations has been exceeded.", "x": "[ 4.54487161  5.69735147  1.14808196 -0.53987205  2.4227934   1.26156353]", "final_simplex": "(array([[ 4.54487161,  5.69735147,  1.14808196, -0.53987205,  2.4227934 ,\n         1.26156353],\n       [ 4.63360568,  5.68909386,  1.12790427, -0.55668948,  2.48709257,\n         1.1595565 ],\n       [ 4.5813187 ,  5.5271111 ,  1.1959401 , -0.60140459,  2.47568252,\n         1.18006044],\n       [ 4.68425669,  5.49800384,  1.26053915, -0.54371194,  2.43747084,\n         1.18180281],\n       [ 4.50956766,  5.63343735,  1.29100465, -0.55236086,  2.42333146,\n         1.18255332],\n       [ 4.74111671,  5.6445886 ,  1.18830174, -0.61912853,  2.49697577,\n         1.09915838],\n       [ 4.54654411,  5.55669651,  1.30295981, -0.64310922,  2.49664119,\n         1.16446977]]), array([0.6155023 , 0.6256731 , 0.62710084, 0.6274456 , 0.62929493,\n       0.63255883, 0.63377382]))"}, "2": {"maxiter": 100, "fatol": 1e-10, "xatol": 1e-05, "duration": 0.026122093200683594, "fun": "0.6155022962507403", "nit": "100", "nfev": "154", "status": "2", "success": "False", "message": "Maximum number of iterations has been exceeded.", "x": "[ 4.54487161  5.69735147  1.14808196 -0.53987205  2.4227934   1.26156353]", "final_simplex": "(array([[ 4.54487161,  5.69735147,  1.14808196, -0.53987205,  2.4227934 ,\n         1.26156353],\n       [ 4.63360568,  5.68909386,  1.12790427, -0.55668948,  2.48709257,\n         1.1595565 ],\n       [ 4.5813187 ,  5.5271111 ,  1.1959401 , -0.60140459,  2.47568252,\n         1.18006044],\n       [ 4.68425669,  5.49800384,  1.26053915, -0.54371194,  2.43747084,\n         1.18180281],\n       [ 4.50956766,  5.63343735,  1.29100465, -0.55236086,  2.42333146,\n         1.18255332],\n       [ 4.74111671,  5.6445886 ,  1.18830174, -0.61912853,  2.49697577,\n         1.09915838],\n       [ 4.54654411,  5.55669651,  1.30295981, -0.64310922,  2.49664119,\n         1.16446977]]), array([0.6155023 , 0.6256731 , 0.62710084, 0.6274456 , 0.62929493,\n       0.63255883, 0.63377382]))"}, "3": {"maxiter": 100, "fatol": 1e-10, "xatol": 1e-10, "duration": 0.026111841201782227, "fun": "0.6155022962507403", "nit": "100", "nfev": "154", "status": "2", "success": "False", "message": "Maximum number of iterations has been exceeded.", "x": "[ 4.54487161  5.69735147  1.14808196 -0.53987205  2.4227934   1.26156353]", "final_simplex": "(array([[ 4.54487161,  5.69735147,  1.14808196, -0.53987205,  2.4227934 ,\n         1.26156353],\n       [ 4.63360568,  5.68909386,  1.12790427, -0.55668948,  2.48709257,\n         1.1595565 ],\n       [ 4.5813187 ,  5.5271111 ,  1.1959401 , -0.60140459,  2.47568252,\n         1.18006044],\n       [ 4.68425669,  5.49800384,  1.26053915, -0.54371194,  2.43747084,\n         1.18180281],\n       [ 4.50956766,  5.63343735,  1.29100465, -0.55236086,  2.42333146,\n         1.18255332],\n       [ 4.74111671,  5.6445886 ,  1.18830174, -0.61912853,  2.49697577,\n         1.09915838],\n       [ 4.54654411,  5.55669651,  1.30295981, -0.64310922,  2.49664119,\n         1.16446977]]), array([0.6155023 , 0.6256731 , 0.62710084, 0.6274456 , 0.62929493,\n       0.63255883, 0.63377382]))"}, "4": {"maxiter": 500, "fatol": 1e-05, "xatol": 1e-05, "duration": 0.09549593925476074, "fun": "0.4432791570989739", "nit": "363", "nfev": "564", "status": "0", "success": "True", "message": "Optimization terminated successfully.", "x": "[ 4.19644441  5.63289166  1.01342973 -1.38062399  1.40317015  2.57072625]", "final_simplex": "(array([[ 4.19644441,  5.63289166,  1.01342973, -1.38062399,  1.40317015,\n         2.57072625],\n       [ 4.19644902,  5.6328883 ,  1.01342902, -1.38063046,  1.40316876,\n         2.57072105],\n       [ 4.1964416 ,  5.63288338,  1.01342582, -1.38063069,  1.40316605,\n         2.57072015],\n       [ 4.19644872,  5.63288367,  1.013428  , -1.38062364,  1.40317565,\n         2.5707172 ],\n       [ 4.19644579,  5.6328875 ,  1.01342633, -1.38062247,  1.40316962,\n         2.57071944],\n       [ 4.19644576,  5.63288787,  1.013435  , -1.38062698,  1.40316776,\n         2.57072314],\n       [ 4.19644557,  5.63288451,  1.01342602, -1.38062337,  1.40316709,\n         2.57072603]]), array([0.44327916, 0.44327916, 0.44327916, 0.44327916, 0.44327916,\n       0.44327916, 0.44327916]))"}, "5": {"maxiter": 500, "fatol": 1e-05, "xatol": 1e-10, "duration": 0.13118886947631836, "fun": "0.4432791570880936", "nit": "500", "nfev": "777", "status": "2", "success": "False", "message": "Maximum number of iterations has been exceeded.", "x": "[ 4.19644369  5.63288696  1.01342462 -1.38063111  1.40317464  2.5707236 ]", "final_simplex": "(array([[ 4.19644369,  5.63288696,  1.01342462, -1.38063111,  1.40317464,\n         2.5707236 ],\n       [ 4.19644369,  5.63288693,  1.01342462, -1.38063114,  1.4031746 ,\n         2.5707236 ],\n       [ 4.19644365,  5.63288694,  1.01342462, -1.38063113,  1.40317462,\n         2.57072362],\n       [ 4.19644368,  5.63288695,  1.01342463, -1.38063113,  1.40317463,\n         2.57072364],\n       [ 4.19644367,  5.63288695,  1.01342464, -1.38063111,  1.4031746 ,\n         2.57072363],\n       [ 4.19644369,  5.63288693,  1.0134246 , -1.38063111,  1.40317463,\n         2.5707236 ],\n       [ 4.19644367,  5.63288697,  1.01342461, -1.38063114,  1.40317461,\n         2.57072362]]), array([0.44327916, 0.44327916, 0.44327916, 0.44327916, 0.44327916,\n       0.44327916, 0.44327916]))"}, "6": {"maxiter": 500, "fatol": 1e-10, "xatol": 1e-05, "duration": 0.09518003463745117, "fun": "0.4432791570989739", "nit": "363", "nfev": "564", "status": "0", "success": "True", "message": "Optimization terminated successfully.", "x": "[ 4.19644441  5.63289166  1.01342973 -1.38062399  1.40317015  2.57072625]", "final_simplex": "(array([[ 4.19644441,  5.63289166,  1.01342973, -1.38062399,  1.40317015,\n         2.57072625],\n       [ 4.19644902,  5.6328883 ,  1.01342902, -1.38063046,  1.40316876,\n         2.57072105],\n       [ 4.1964416 ,  5.63288338,  1.01342582, -1.38063069,  1.40316605,\n         2.57072015],\n       [ 4.19644872,  5.63288367,  1.013428  , -1.38062364,  1.40317565,\n         2.5707172 ],\n       [ 4.19644579,  5.6328875 ,  1.01342633, -1.38062247,  1.40316962,\n         2.57071944],\n       [ 4.19644576,  5.63288787,  1.013435  , -1.38062698,  1.40316776,\n         2.57072314],\n       [ 4.19644557,  5.63288451,  1.01342602, -1.38062337,  1.40316709,\n         2.57072603]]), array([0.44327916, 0.44327916, 0.44327916, 0.44327916, 0.44327916,\n       0.44327916, 0.44327916]))"}, "7": {"maxiter": 500, "fatol": 1e-10, "xatol": 1e-10, "duration": 0.13186001777648926, "fun": "0.4432791570880936", "nit": "500", "nfev": "777", "status": "2", "success": "False", "message": "Maximum number of iterations has been exceeded.", "x": "[ 4.19644369  5.63288696  1.01342462 -1.38063111  1.40317464  2.5707236 ]", "final_simplex": "(array([[ 4.19644369,  5.63288696,  1.01342462, -1.38063111,  1.40317464,\n         2.5707236 ],\n       [ 4.19644369,  5.63288693,  1.01342462, -1.38063114,  1.4031746 ,\n         2.5707236 ],\n       [ 4.19644365,  5.63288694,  1.01342462, -1.38063113,  1.40317462,\n         2.57072362],\n       [ 4.19644368,  5.63288695,  1.01342463, -1.38063113,  1.40317463,\n         2.57072364],\n       [ 4.19644367,  5.63288695,  1.01342464, -1.38063111,  1.4031746 ,\n         2.57072363],\n       [ 4.19644369,  5.63288693,  1.0134246 , -1.38063111,  1.40317463,\n         2.5707236 ],\n       [ 4.19644367,  5.63288697,  1.01342461, -1.38063114,  1.40317461,\n         2.57072362]]), array([0.44327916, 0.44327916, 0.44327916, 0.44327916, 0.44327916,\n       0.44327916, 0.44327916]))"}, "8": {"maxiter": 1000, "fatol": 1e-05, "xatol": 1e-05, "duration": 0.09576916694641113, "fun": "0.4432791570989739", "nit": "363", "nfev": "564", "status": "0", "success": "True", "message": "Optimization terminated successfully.", "x": "[ 4.19644441  5.63289166  1.01342973 -1.38062399  1.40317015  2.57072625]", "final_simplex": "(array([[ 4.19644441,  5.63289166,  1.01342973, -1.38062399,  1.40317015,\n         2.57072625],\n       [ 4.19644902,  5.6328883 ,  1.01342902, -1.38063046,  1.40316876,\n         2.57072105],\n       [ 4.1964416 ,  5.63288338,  1.01342582, -1.38063069,  1.40316605,\n         2.57072015],\n       [ 4.19644872,  5.63288367,  1.013428  , -1.38062364,  1.40317565,\n         2.5707172 ],\n       [ 4.19644579,  5.6328875 ,  1.01342633, -1.38062247,  1.40316962,\n         2.57071944],\n       [ 4.19644576,  5.63288787,  1.013435  , -1.38062698,  1.40316776,\n         2.57072314],\n       [ 4.19644557,  5.63288451,  1.01342602, -1.38062337,  1.40316709,\n         2.57072603]]), array([0.44327916, 0.44327916, 0.44327916, 0.44327916, 0.44327916,\n       0.44327916, 0.44327916]))"}, "9": {"maxiter": 1000, "fatol": 1e-05, "xatol": 1e-10, "duration": 0.14879417419433594, "fun": "0.4432791570880932", "nit": "534", "nfev": "881", "status": "0", "success": "True", "message": "Optimization terminated successfully.", "x": "[ 4.19644369  5.63288692  1.01342463 -1.3806311   1.40317463  2.57072361]", "final_simplex": "(array([[ 4.19644369,  5.63288692,  1.01342463, -1.3806311 ,  1.40317463,\n         2.57072361],\n       [ 4.19644369,  5.63288692,  1.01342463, -1.3806311 ,  1.40317463,\n         2.57072361],\n       [ 4.19644369,  5.63288692,  1.01342463, -1.3806311 ,  1.40317463,\n         2.57072361],\n       [ 4.19644369,  5.63288692,  1.01342463, -1.3806311 ,  1.40317463,\n         2.57072361],\n       [ 4.19644369,  5.63288692,  1.01342463, -1.3806311 ,  1.40317463,\n         2.57072361],\n       [ 4.19644369,  5.63288692,  1.01342463, -1.3806311 ,  1.40317463,\n         2.57072361],\n       [ 4.19644369,  5.63288692,  1.01342463, -1.3806311 ,  1.40317463,\n         2.57072361]]), array([0.44327916, 0.44327916, 0.44327916, 0.44327916, 0.44327916,\n       0.44327916, 0.44327916]))"}, "10": {"maxiter": 1000, "fatol": 1e-10, "xatol": 1e-05, "duration": 0.09588289260864258, "fun": "0.4432791570989739", "nit": "363", "nfev": "564", "status": "0", "success": "True", "message": "Optimization terminated successfully.", "x": "[ 4.19644441  5.63289166  1.01342973 -1.38062399  1.40317015  2.57072625]", "final_simplex": "(array([[ 4.19644441,  5.63289166,  1.01342973, -1.38062399,  1.40317015,\n         2.57072625],\n       [ 4.19644902,  5.6328883 ,  1.01342902, -1.38063046,  1.40316876,\n         2.57072105],\n       [ 4.1964416 ,  5.63288338,  1.01342582, -1.38063069,  1.40316605,\n         2.57072015],\n       [ 4.19644872,  5.63288367,  1.013428  , -1.38062364,  1.40317565,\n         2.5707172 ],\n       [ 4.19644579,  5.6328875 ,  1.01342633, -1.38062247,  1.40316962,\n         2.57071944],\n       [ 4.19644576,  5.63288787,  1.013435  , -1.38062698,  1.40316776,\n         2.57072314],\n       [ 4.19644557,  5.63288451,  1.01342602, -1.38062337,  1.40316709,\n         2.57072603]]), array([0.44327916, 0.44327916, 0.44327916, 0.44327916, 0.44327916,\n       0.44327916, 0.44327916]))"}, "11": {"maxiter": 1000, "fatol": 1e-10, "xatol": 1e-10, "duration": 0.14882421493530273, "fun": "0.4432791570880932", "nit": "534", "nfev": "881", "status": "0", "success": "True", "message": "Optimization terminated successfully.", "x": "[ 4.19644369  5.63288692  1.01342463 -1.3806311   1.40317463  2.57072361]", "final_simplex": "(array([[ 4.19644369,  5.63288692,  1.01342463, -1.3806311 ,  1.40317463,\n         2.57072361],\n       [ 4.19644369,  5.63288692,  1.01342463, -1.3806311 ,  1.40317463,\n         2.57072361],\n       [ 4.19644369,  5.63288692,  1.01342463, -1.3806311 ,  1.40317463,\n         2.57072361],\n       [ 4.19644369,  5.63288692,  1.01342463, -1.3806311 ,  1.40317463,\n         2.57072361],\n       [ 4.19644369,  5.63288692,  1.01342463, -1.3806311 ,  1.40317463,\n         2.57072361],\n       [ 4.19644369,  5.63288692,  1.01342463, -1.3806311 ,  1.40317463,\n         2.57072361],\n       [ 4.19644369,  5.63288692,  1.01342463, -1.3806311 ,  1.40317463,\n         2.57072361]]), array([0.44327916, 0.44327916, 0.44327916, 0.44327916, 0.44327916,\n       0.44327916, 0.44327916]))"}}, "bfgs": {"type": "gradient", "0": {"maxiter": 100, "gtol": 1e-05, "xrtol": 1e-05, "eps": 1e-05, "duration": 0.0579981803894043, "fun": "0.443279157123322", "jac": "[ 1.42501566e-06  2.31703545e-08 -9.04964992e-07 -4.01112477e-07\n -6.02051742e-07 -2.83562063e-07]", "hess_inv": "[[ 3.93183813e+00 -3.71663807e-01 -1.76562198e-01 -4.35987343e-03\n   8.68434332e-01 -1.39936245e+00]\n [-3.71663807e-01  4.91658997e+00  2.00491169e+00 -4.68754920e-01\n  -1.64068986e-01  9.04996512e-01]\n [-1.76562198e-01  2.00491169e+00  5.41457586e+00 -5.75162207e-01\n  -8.83873647e-01  5.21646748e-01]\n [-4.35987343e-03 -4.68754920e-01 -5.75162207e-01  4.18659920e+00\n  -1.72117241e-01 -7.72421297e-02]\n [ 8.68434332e-01 -1.64068986e-01 -8.83873647e-01 -1.72117241e-01\n   4.48573398e+00 -1.10579772e+00]\n [-1.39936245e+00  9.04996512e-01  5.21646748e-01 -7.72421297e-02\n  -1.10579772e+00  4.72557824e+00]]", "nfev": "336", "njev": "48", "status": "0", "success": "True", "message": "Optimization terminated successfully.", "x": "[ 4.19644569  5.63287559  1.01341121  1.38062681 -1.73842235  5.71230847]", "nit": "33"}, "1": {"maxiter": 100, "gtol": 1e-05, "xrtol": 1e-05, "eps": 1e-10, "duration": 0.05797410011291504, "fun": "0.4432791571113326", "jac": "[ 2.22044587e-06 -1.11022293e-06  1.11022293e-06  0.00000000e+00\n -1.11022293e-06 -1.11022293e-06]", "hess_inv": "[[ 3.93484410e+00 -3.70421756e-01 -1.85465205e-01  2.63360160e-03\n   8.79151073e-01 -1.39290557e+00]\n [-3.70421756e-01  4.90259386e+00  2.02043047e+00 -4.85910539e-01\n  -1.68703548e-01  9.02848472e-01]\n [-1.85465205e-01  2.02043047e+00  5.41672027e+00 -5.68611322e-01\n  -9.02524351e-01  5.07700258e-01]\n [ 2.63360160e-03 -4.85910539e-01 -5.68611322e-01  4.17623166e+00\n  -1.65841584e-01 -7.16791412e-02]\n [ 8.79151073e-01 -1.68703548e-01 -9.02524351e-01 -1.65841584e-01\n   4.51615969e+00 -1.08831832e+00]\n [-1.39290557e+00  9.02848472e-01  5.07700258e-01 -7.16791412e-02\n  -1.08831832e+00  4.73797417e+00]]", "nfev": "336", "njev": "48", "status": "0", "success": "True", "message": "Optimization terminated successfully.", "x": "[ 4.19644701  5.63287995  1.01342689  1.38062645 -1.73842525  5.71231066]", "nit": "33"}, "2": {"maxiter": 100, "gtol": 1e-05, "xrtol": 1e-10, "eps": 1e-05, "duration": 0.061388254165649414, "fun": "0.443279157123322", "jac": "[ 1.42501566e-06  2.31703545e-08 -9.04964992e-07 -4.01112477e-07\n -6.02051742e-07 -2.83562063e-07]", "hess_inv": "[[ 3.93183813e+00 -3.71663807e-01 -1.76562198e-01 -4.35987343e-03\n   8.68434332e-01 -1.39936245e+00]\n [-3.71663807e-01  4.91658997e+00  2.00491169e+00 -4.68754920e-01\n  -1.64068986e-01  9.04996512e-01]\n [-1.76562198e-01  2.00491169e+00  5.41457586e+00 -5.75162207e-01\n  -8.83873647e-01  5.21646748e-01]\n [-4.35987343e-03 -4.68754920e-01 -5.75162207e-01  4.18659920e+00\n  -1.72117241e-01 -7.72421297e-02]\n [ 8.68434332e-01 -1.64068986e-01 -8.83873647e-01 -1.72117241e-01\n   4.48573398e+00 -1.10579772e+00]\n [-1.39936245e+00  9.04996512e-01  5.21646748e-01 -7.72421297e-02\n  -1.10579772e+00  4.72557824e+00]]", "nfev": "336", "njev": "48", "status": "0", "success": "True", "message": "Optimization terminated successfully.", "x": "[ 4.19644569  5.63287559  1.01341121  1.38062681 -1.73842235  5.71230847]", "nit": "33"}, "3": {"maxiter": 100, "gtol": 1e-05, "xrtol": 1e-10, "eps": 1e-10, "duration": 0.06237173080444336, "fun": "0.4432791571113326", "jac": "[ 2.22044587e-06 -1.11022293e-06  1.11022293e-06  0.00000000e+00\n -1.11022293e-06 -1.11022293e-06]", "hess_inv": "[[ 3.93484410e+00 -3.70421756e-01 -1.85465205e-01  2.63360160e-03\n   8.79151073e-01 -1.39290557e+00]\n [-3.70421756e-01  4.90259386e+00  2.02043047e+00 -4.85910539e-01\n  -1.68703548e-01  9.02848472e-01]\n [-1.85465205e-01  2.02043047e+00  5.41672027e+00 -5.68611322e-01\n  -9.02524351e-01  5.07700258e-01]\n [ 2.63360160e-03 -4.85910539e-01 -5.68611322e-01  4.17623166e+00\n  -1.65841584e-01 -7.16791412e-02]\n [ 8.79151073e-01 -1.68703548e-01 -9.02524351e-01 -1.65841584e-01\n   4.51615969e+00 -1.08831832e+00]\n [-1.39290557e+00  9.02848472e-01  5.07700258e-01 -7.16791412e-02\n  -1.08831832e+00  4.73797417e+00]]", "nfev": "336", "njev": "48", "status": "0", "success": "True", "message": "Optimization terminated successfully.", "x": "[ 4.19644701  5.63287995  1.01342689  1.38062645 -1.73842525  5.71231066]", "nit": "33"}, "4": {"maxiter": 100, "gtol": 1e-10, "xrtol": 1e-05, "eps": 1e-05, "duration": 0.06389927864074707, "fun": "0.44327915710942034", "jac": "[ 2.31370478e-08  3.64486219e-08 -1.93733918e-08 -8.78186412e-09\n -2.53241872e-08 -3.62487818e-08]", "hess_inv": "[[ 4.11485582 -0.46552197 -0.32245043 -0.04908931  0.88912129 -1.47618915]\n [-0.46552197  4.94509589  2.07980146 -0.45511439 -0.1483809   0.96510759]\n [-0.32245043  2.07980146  5.53086694 -0.53947264 -0.90046149  0.58281037]\n [-0.04908931 -0.45511439 -0.53947264  4.19312615 -0.1647154  -0.04865405]\n [ 0.88912129 -0.1483809  -0.90046149 -0.1647154   4.45284001 -1.14223047]\n [-1.47618915  0.96510759  0.58281037 -0.04865405 -1.14223047  4.73597344]]", "nfev": "343", "njev": "49", "status": "0", "success": "True", "message": "Optimization terminated successfully.", "x": "[ 4.19643964  5.63287803  1.01341603  1.38062798 -1.73842214  5.71231172]", "nit": "34"}, "5": {"maxiter": 100, "gtol": 1e-10, "xrtol": 1e-05, "eps": 1e-10, "duration": 0.05991792678833008, "fun": "0.44327915710018406", "jac": "[ 0.00000000e+00  0.00000000e+00 -1.11022293e-06 -2.22044587e-06\n  1.11022293e-06  1.11022293e-06]", "hess_inv": "[[ 4.32410218 -0.6145029  -0.25814615 -0.04347469  0.93347231 -1.5633631 ]\n [-0.6145029   5.04766015  2.02654569 -0.46623472 -0.17447555  1.03393011]\n [-0.25814615  2.02654569  5.23524758 -0.60565544 -0.77283203  0.65913552]\n [-0.04347469 -0.46623472 -0.60565544  4.17100732 -0.13954522 -0.02349182]\n [ 0.93347231 -0.17447555 -0.77283203 -0.13954522  4.42348655 -1.1978579 ]\n [-1.5633631   1.03393011  0.65913552 -0.02349182 -1.1978579   4.73926998]]", "nfev": "343", "njev": "49", "status": "0", "success": "True", "message": "Optimization terminated successfully.", "x": "[ 4.19643631  5.63288563  1.01342377  1.38062652 -1.73842308  5.71231848]", "nit": "34"}, "6": {"maxiter": 100, "gtol": 1e-10, "xrtol": 1e-10, "eps": 1e-05, "duration": 0.08833503723144531, "fun": "0.4432791571093603", "jac": "[ 1.50990331e-09  1.04360964e-09  1.16573418e-09  4.77395901e-10\n -1.34336986e-09  2.44249065e-10]", "hess_inv": "[[ 4.21718181 -0.34624077 -0.26321142 -0.06263728  0.8136745  -1.54713613]\n [-0.34624077  4.99416425  2.08778766 -0.46883998 -0.20451338  0.91064242]\n [-0.26321142  2.08778766  5.47404833 -0.56112327 -0.89904358  0.50759261]\n [-0.06263728 -0.46883998 -0.56112327  4.1902141  -0.14825948 -0.05623595]\n [ 0.8136745  -0.20451338 -0.89904358 -0.14825948  4.48609687 -1.0746779 ]\n [-1.54713613  0.91064242  0.50759261 -0.05623595 -1.0746779   4.71908062]]", "nfev": "507", "njev": "71", "status": "2", "success": "False", "message": "Desired error not necessarily achieved due to precision loss.", "x": "[ 4.19643952  5.63287792  1.01341607  1.38062802 -1.7384221   5.71231188]", "nit": "35"}, "7": {"maxiter": 100, "gtol": 1e-10, "xrtol": 1e-10, "eps": 1e-10, "duration": 0.09535002708435059, "fun": "0.4432791570942931", "jac": "[ 1.11022293e-06  2.22044587e-06  0.00000000e+00  1.11022293e-06\n -1.11022293e-06  0.00000000e+00]", "hess_inv": "[[ 0.71792573 -0.06793841 -0.09617808  0.08858758  0.194198   -0.34712666]\n [-0.06793841  0.04478857  0.0029763  -0.03256779 -0.00323505  0.08098192]\n [-0.09617808  0.0029763   0.10161814 -0.05877004 -0.01731995  0.07604328]\n [ 0.08858758 -0.03256779 -0.05877004  0.07056202  0.00922261 -0.12163676]\n [ 0.194198   -0.00323505 -0.01731995  0.00922261  0.06290837 -0.06827075]\n [-0.34712666  0.08098192  0.07604328 -0.12163676 -0.06827075  0.30262561]]", "nfev": "553", "njev": "79", "status": "0", "success": "True", "message": "Optimization terminated successfully.", "x": "[ 4.19644173  5.63288456  1.01342103  1.38062923 -1.73842223  5.7123141 ]", "nit": "45"}, "8": {"maxiter": 500, "gtol": 1e-05, "xrtol": 1e-05, "eps": 1e-05, "duration": 0.057821035385131836, "fun": "0.443279157123322", "jac": "[ 1.42501566e-06  2.31703545e-08 -9.04964992e-07 -4.01112477e-07\n -6.02051742e-07 -2.83562063e-07]", "hess_inv": "[[ 3.93183813e+00 -3.71663807e-01 -1.76562198e-01 -4.35987343e-03\n   8.68434332e-01 -1.39936245e+00]\n [-3.71663807e-01  4.91658997e+00  2.00491169e+00 -4.68754920e-01\n  -1.64068986e-01  9.04996512e-01]\n [-1.76562198e-01  2.00491169e+00  5.41457586e+00 -5.75162207e-01\n  -8.83873647e-01  5.21646748e-01]\n [-4.35987343e-03 -4.68754920e-01 -5.75162207e-01  4.18659920e+00\n  -1.72117241e-01 -7.72421297e-02]\n [ 8.68434332e-01 -1.64068986e-01 -8.83873647e-01 -1.72117241e-01\n   4.48573398e+00 -1.10579772e+00]\n [-1.39936245e+00  9.04996512e-01  5.21646748e-01 -7.72421297e-02\n  -1.10579772e+00  4.72557824e+00]]", "nfev": "336", "njev": "48", "status": "0", "success": "True", "message": "Optimization terminated successfully.", "x": "[ 4.19644569  5.63287559  1.01341121  1.38062681 -1.73842235  5.71230847]", "nit": "33"}, "9": {"maxiter": 500, "gtol": 1e-05, "xrtol": 1e-05, "eps": 1e-10, "duration": 0.057787179946899414, "fun": "0.4432791571113326", "jac": "[ 2.22044587e-06 -1.11022293e-06  1.11022293e-06  0.00000000e+00\n -1.11022293e-06 -1.11022293e-06]", "hess_inv": "[[ 3.93484410e+00 -3.70421756e-01 -1.85465205e-01  2.63360160e-03\n   8.79151073e-01 -1.39290557e+00]\n [-3.70421756e-01  4.90259386e+00  2.02043047e+00 -4.85910539e-01\n  -1.68703548e-01  9.02848472e-01]\n [-1.85465205e-01  2.02043047e+00  5.41672027e+00 -5.68611322e-01\n  -9.02524351e-01  5.07700258e-01]\n [ 2.63360160e-03 -4.85910539e-01 -5.68611322e-01  4.17623166e+00\n  -1.65841584e-01 -7.16791412e-02]\n [ 8.79151073e-01 -1.68703548e-01 -9.02524351e-01 -1.65841584e-01\n   4.51615969e+00 -1.08831832e+00]\n [-1.39290557e+00  9.02848472e-01  5.07700258e-01 -7.16791412e-02\n  -1.08831832e+00  4.73797417e+00]]", "nfev": "336", "njev": "48", "status": "0", "success": "True", "message": "Optimization terminated successfully.", "x": "[ 4.19644701  5.63287995  1.01342689  1.38062645 -1.73842525  5.71231066]", "nit": "33"}, "10": {"maxiter": 500, "gtol": 1e-05, "xrtol": 1e-10, "eps": 1e-05, "duration": 0.05785083770751953, "fun": "0.443279157123322", "jac": "[ 1.42501566e-06  2.31703545e-08 -9.04964992e-07 -4.01112477e-07\n -6.02051742e-07 -2.83562063e-07]", "hess_inv": "[[ 3.93183813e+00 -3.71663807e-01 -1.76562198e-01 -4.35987343e-03\n   8.68434332e-01 -1.39936245e+00]\n [-3.71663807e-01  4.91658997e+00  2.00491169e+00 -4.68754920e-01\n  -1.64068986e-01  9.04996512e-01]\n [-1.76562198e-01  2.00491169e+00  5.41457586e+00 -5.75162207e-01\n  -8.83873647e-01  5.21646748e-01]\n [-4.35987343e-03 -4.68754920e-01 -5.75162207e-01  4.18659920e+00\n  -1.72117241e-01 -7.72421297e-02]\n [ 8.68434332e-01 -1.64068986e-01 -8.83873647e-01 -1.72117241e-01\n   4.48573398e+00 -1.10579772e+00]\n [-1.39936245e+00  9.04996512e-01  5.21646748e-01 -7.72421297e-02\n  -1.10579772e+00  4.72557824e+00]]", "nfev": "336", "njev": "48", "status": "0", "success": "True", "message": "Optimization terminated successfully.", "x": "[ 4.19644569  5.63287559  1.01341121  1.38062681 -1.73842235  5.71230847]", "nit": "33"}, "11": {"maxiter": 500, "gtol": 1e-05, "xrtol": 1e-10, "eps": 1e-10, "duration": 0.057924747467041016, "fun": "0.4432791571113326", "jac": "[ 2.22044587e-06 -1.11022293e-06  1.11022293e-06  0.00000000e+00\n -1.11022293e-06 -1.11022293e-06]", "hess_inv": "[[ 3.93484410e+00 -3.70421756e-01 -1.85465205e-01  2.63360160e-03\n   8.79151073e-01 -1.39290557e+00]\n [-3.70421756e-01  4.90259386e+00  2.02043047e+00 -4.85910539e-01\n  -1.68703548e-01  9.02848472e-01]\n [-1.85465205e-01  2.02043047e+00  5.41672027e+00 -5.68611322e-01\n  -9.02524351e-01  5.07700258e-01]\n [ 2.63360160e-03 -4.85910539e-01 -5.68611322e-01  4.17623166e+00\n  -1.65841584e-01 -7.16791412e-02]\n [ 8.79151073e-01 -1.68703548e-01 -9.02524351e-01 -1.65841584e-01\n   4.51615969e+00 -1.08831832e+00]\n [-1.39290557e+00  9.02848472e-01  5.07700258e-01 -7.16791412e-02\n  -1.08831832e+00  4.73797417e+00]]", "nfev": "336", "njev": "48", "status": "0", "success": "True", "message": "Optimization terminated successfully.", "x": "[ 4.19644701  5.63287995  1.01342689  1.38062645 -1.73842525  5.71231066]", "nit": "33"}, "12": {"maxiter": 500, "gtol": 1e-10, "xrtol": 1e-05, "eps": 1e-05, "duration": 0.059509992599487305, "fun": "0.44327915710942034", "jac": "[ 2.31370478e-08  3.64486219e-08 -1.93733918e-08 -8.78186412e-09\n -2.53241872e-08 -3.62487818e-08]", "hess_inv": "[[ 4.11485582 -0.46552197 -0.32245043 -0.04908931  0.88912129 -1.47618915]\n [-0.46552197  4.94509589  2.07980146 -0.45511439 -0.1483809   0.96510759]\n [-0.32245043  2.07980146  5.53086694 -0.53947264 -0.90046149  0.58281037]\n [-0.04908931 -0.45511439 -0.53947264  4.19312615 -0.1647154  -0.04865405]\n [ 0.88912129 -0.1483809  -0.90046149 -0.1647154   4.45284001 -1.14223047]\n [-1.47618915  0.96510759  0.58281037 -0.04865405 -1.14223047  4.73597344]]", "nfev": "343", "njev": "49", "status": "0", "success": "True", "message": "Optimization terminated successfully.", "x": "[ 4.19643964  5.63287803  1.01341603  1.38062798 -1.73842214  5.71231172]", "nit": "34"}, "13": {"maxiter": 500, "gtol": 1e-10, "xrtol": 1e-05, "eps": 1e-10, "duration": 0.05917024612426758, "fun": "0.44327915710018406", "jac": "[ 0.00000000e+00  0.00000000e+00 -1.11022293e-06 -2.22044587e-06\n  1.11022293e-06  1.11022293e-06]", "hess_inv": "[[ 4.32410218 -0.6145029  -0.25814615 -0.04347469  0.93347231 -1.5633631 ]\n [-0.6145029   5.04766015  2.02654569 -0.46623472 -0.17447555  1.03393011]\n [-0.25814615  2.02654569  5.23524758 -0.60565544 -0.77283203  0.65913552]\n [-0.04347469 -0.46623472 -0.60565544  4.17100732 -0.13954522 -0.02349182]\n [ 0.93347231 -0.17447555 -0.77283203 -0.13954522  4.42348655 -1.1978579 ]\n [-1.5633631   1.03393011  0.65913552 -0.02349182 -1.1978579   4.73926998]]", "nfev": "343", "njev": "49", "status": "0", "success": "True", "message": "Optimization terminated successfully.", "x": "[ 4.19643631  5.63288563  1.01342377  1.38062652 -1.73842308  5.71231848]", "nit": "34"}, "14": {"maxiter": 500, "gtol": 1e-10, "xrtol": 1e-10, "eps": 1e-05, "duration": 0.08761787414550781, "fun": "0.4432791571093603", "jac": "[ 1.50990331e-09  1.04360964e-09  1.16573418e-09  4.77395901e-10\n -1.34336986e-09  2.44249065e-10]", "hess_inv": "[[ 4.21718181 -0.34624077 -0.26321142 -0.06263728  0.8136745  -1.54713613]\n [-0.34624077  4.99416425  2.08778766 -0.46883998 -0.20451338  0.91064242]\n [-0.26321142  2.08778766  5.47404833 -0.56112327 -0.89904358  0.50759261]\n [-0.06263728 -0.46883998 -0.56112327  4.1902141  -0.14825948 -0.05623595]\n [ 0.8136745  -0.20451338 -0.89904358 -0.14825948  4.48609687 -1.0746779 ]\n [-1.54713613  0.91064242  0.50759261 -0.05623595 -1.0746779   4.71908062]]", "nfev": "507", "njev": "71", "status": "2", "success": "False", "message": "Desired error not necessarily achieved due to precision loss.", "x": "[ 4.19643952  5.63287792  1.01341607  1.38062802 -1.7384221   5.71231188]", "nit": "35"}, "15": {"maxiter": 500, "gtol": 1e-10, "xrtol": 1e-10, "eps": 1e-10, "duration": 0.09524416923522949, "fun": "0.4432791570942931", "jac": "[ 1.11022293e-06  2.22044587e-06  0.00000000e+00  1.11022293e-06\n -1.11022293e-06  0.00000000e+00]", "hess_inv": "[[ 0.71792573 -0.06793841 -0.09617808  0.08858758  0.194198   -0.34712666]\n [-0.06793841  0.04478857  0.0029763  -0.03256779 -0.00323505  0.08098192]\n [-0.09617808  0.0029763   0.10161814 -0.05877004 -0.01731995  0.07604328]\n [ 0.08858758 -0.03256779 -0.05877004  0.07056202  0.00922261 -0.12163676]\n [ 0.194198   -0.00323505 -0.01731995  0.00922261  0.06290837 -0.06827075]\n [-0.34712666  0.08098192  0.07604328 -0.12163676 -0.06827075  0.30262561]]", "nfev": "553", "njev": "79", "status": "0", "success": "True", "message": "Optimization terminated successfully.", "x": "[ 4.19644173  5.63288456  1.01342103  1.38062923 -1.73842223  5.7123141 ]", "nit": "45"}, "16": {"maxiter": 1000, "gtol": 1e-05, "xrtol": 1e-05, "eps": 1e-05, "duration": 0.05797910690307617, "fun": "0.443279157123322", "jac": "[ 1.42501566e-06  2.31703545e-08 -9.04964992e-07 -4.01112477e-07\n -6.02051742e-07 -2.83562063e-07]", "hess_inv": "[[ 3.93183813e+00 -3.71663807e-01 -1.76562198e-01 -4.35987343e-03\n   8.68434332e-01 -1.39936245e+00]\n [-3.71663807e-01  4.91658997e+00  2.00491169e+00 -4.68754920e-01\n  -1.64068986e-01  9.04996512e-01]\n [-1.76562198e-01  2.00491169e+00  5.41457586e+00 -5.75162207e-01\n  -8.83873647e-01  5.21646748e-01]\n [-4.35987343e-03 -4.68754920e-01 -5.75162207e-01  4.18659920e+00\n  -1.72117241e-01 -7.72421297e-02]\n [ 8.68434332e-01 -1.64068986e-01 -8.83873647e-01 -1.72117241e-01\n   4.48573398e+00 -1.10579772e+00]\n [-1.39936245e+00  9.04996512e-01  5.21646748e-01 -7.72421297e-02\n  -1.10579772e+00  4.72557824e+00]]", "nfev": "336", "njev": "48", "status": "0", "success": "True", "message": "Optimization terminated successfully.", "x": "[ 4.19644569  5.63287559  1.01341121  1.38062681 -1.73842235  5.71230847]", "nit": "33"}, "17": {"maxiter": 1000, "gtol": 1e-05, "xrtol": 1e-05, "eps": 1e-10, "duration": 0.057923078536987305, "fun": "0.4432791571113326", "jac": "[ 2.22044587e-06 -1.11022293e-06  1.11022293e-06  0.00000000e+00\n -1.11022293e-06 -1.11022293e-06]", "hess_inv": "[[ 3.93484410e+00 -3.70421756e-01 -1.85465205e-01  2.63360160e-03\n   8.79151073e-01 -1.39290557e+00]\n [-3.70421756e-01  4.90259386e+00  2.02043047e+00 -4.85910539e-01\n  -1.68703548e-01  9.02848472e-01]\n [-1.85465205e-01  2.02043047e+00  5.41672027e+00 -5.68611322e-01\n  -9.02524351e-01  5.07700258e-01]\n [ 2.63360160e-03 -4.85910539e-01 -5.68611322e-01  4.17623166e+00\n  -1.65841584e-01 -7.16791412e-02]\n [ 8.79151073e-01 -1.68703548e-01 -9.02524351e-01 -1.65841584e-01\n   4.51615969e+00 -1.08831832e+00]\n [-1.39290557e+00  9.02848472e-01  5.07700258e-01 -7.16791412e-02\n  -1.08831832e+00  4.73797417e+00]]", "nfev": "336", "njev": "48", "status": "0", "success": "True", "message": "Optimization terminated successfully.", "x": "[ 4.19644701  5.63287995  1.01342689  1.38062645 -1.73842525  5.71231066]", "nit": "33"}, "18": {"maxiter": 1000, "gtol": 1e-05, "xrtol": 1e-10, "eps": 1e-05, "duration": 0.058135986328125, "fun": "0.443279157123322", "jac": "[ 1.42501566e-06  2.31703545e-08 -9.04964992e-07 -4.01112477e-07\n -6.02051742e-07 -2.83562063e-07]", "hess_inv": "[[ 3.93183813e+00 -3.71663807e-01 -1.76562198e-01 -4.35987343e-03\n   8.68434332e-01 -1.39936245e+00]\n [-3.71663807e-01  4.91658997e+00  2.00491169e+00 -4.68754920e-01\n  -1.64068986e-01  9.04996512e-01]\n [-1.76562198e-01  2.00491169e+00  5.41457586e+00 -5.75162207e-01\n  -8.83873647e-01  5.21646748e-01]\n [-4.35987343e-03 -4.68754920e-01 -5.75162207e-01  4.18659920e+00\n  -1.72117241e-01 -7.72421297e-02]\n [ 8.68434332e-01 -1.64068986e-01 -8.83873647e-01 -1.72117241e-01\n   4.48573398e+00 -1.10579772e+00]\n [-1.39936245e+00  9.04996512e-01  5.21646748e-01 -7.72421297e-02\n  -1.10579772e+00  4.72557824e+00]]", "nfev": "336", "njev": "48", "status": "0", "success": "True", "message": "Optimization terminated successfully.", "x": "[ 4.19644569  5.63287559  1.01341121  1.38062681 -1.73842235  5.71230847]", "nit": "33"}, "19": {"maxiter": 1000, "gtol": 1e-05, "xrtol": 1e-10, "eps": 1e-10, "duration": 0.058023929595947266, "fun": "0.4432791571113326", "jac": "[ 2.22044587e-06 -1.11022293e-06  1.11022293e-06  0.00000000e+00\n -1.11022293e-06 -1.11022293e-06]", "hess_inv": "[[ 3.93484410e+00 -3.70421756e-01 -1.85465205e-01  2.63360160e-03\n   8.79151073e-01 -1.39290557e+00]\n [-3.70421756e-01  4.90259386e+00  2.02043047e+00 -4.85910539e-01\n  -1.68703548e-01  9.02848472e-01]\n [-1.85465205e-01  2.02043047e+00  5.41672027e+00 -5.68611322e-01\n  -9.02524351e-01  5.07700258e-01]\n [ 2.63360160e-03 -4.85910539e-01 -5.68611322e-01  4.17623166e+00\n  -1.65841584e-01 -7.16791412e-02]\n [ 8.79151073e-01 -1.68703548e-01 -9.02524351e-01 -1.65841584e-01\n   4.51615969e+00 -1.08831832e+00]\n [-1.39290557e+00  9.02848472e-01  5.07700258e-01 -7.16791412e-02\n  -1.08831832e+00  4.73797417e+00]]", "nfev": "336", "njev": "48", "status": "0", "success": "True", "message": "Optimization terminated successfully.", "x": "[ 4.19644701  5.63287995  1.01342689  1.38062645 -1.73842525  5.71231066]", "nit": "33"}, "20": {"maxiter": 1000, "gtol": 1e-10, "xrtol": 1e-05, "eps": 1e-05, "duration": 0.0590672492980957, "fun": "0.44327915710942034", "jac": "[ 2.31370478e-08  3.64486219e-08 -1.93733918e-08 -8.78186412e-09\n -2.53241872e-08 -3.62487818e-08]", "hess_inv": "[[ 4.11485582 -0.46552197 -0.32245043 -0.04908931  0.88912129 -1.47618915]\n [-0.46552197  4.94509589  2.07980146 -0.45511439 -0.1483809   0.96510759]\n [-0.32245043  2.07980146  5.53086694 -0.53947264 -0.90046149  0.58281037]\n [-0.04908931 -0.45511439 -0.53947264  4.19312615 -0.1647154  -0.04865405]\n [ 0.88912129 -0.1483809  -0.90046149 -0.1647154   4.45284001 -1.14223047]\n [-1.47618915  0.96510759  0.58281037 -0.04865405 -1.14223047  4.73597344]]", "nfev": "343", "njev": "49", "status": "0", "success": "True", "message": "Optimization terminated successfully.", "x": "[ 4.19643964  5.63287803  1.01341603  1.38062798 -1.73842214  5.71231172]", "nit": "34"}, "21": {"maxiter": 1000, "gtol": 1e-10, "xrtol": 1e-05, "eps": 1e-10, "duration": 0.05902600288391113, "fun": "0.44327915710018406", "jac": "[ 0.00000000e+00  0.00000000e+00 -1.11022293e-06 -2.22044587e-06\n  1.11022293e-06  1.11022293e-06]", "hess_inv": "[[ 4.32410218 -0.6145029  -0.25814615 -0.04347469  0.93347231 -1.5633631 ]\n [-0.6145029   5.04766015  2.02654569 -0.46623472 -0.17447555  1.03393011]\n [-0.25814615  2.02654569  5.23524758 -0.60565544 -0.77283203  0.65913552]\n [-0.04347469 -0.46623472 -0.60565544  4.17100732 -0.13954522 -0.02349182]\n [ 0.93347231 -0.17447555 -0.77283203 -0.13954522  4.42348655 -1.1978579 ]\n [-1.5633631   1.03393011  0.65913552 -0.02349182 -1.1978579   4.73926998]]", "nfev": "343", "njev": "49", "status": "0", "success": "True", "message": "Optimization terminated successfully.", "x": "[ 4.19643631  5.63288563  1.01342377  1.38062652 -1.73842308  5.71231848]", "nit": "34"}, "22": {"maxiter": 1000, "gtol": 1e-10, "xrtol": 1e-10, "eps": 1e-05, "duration": 0.08691000938415527, "fun": "0.4432791571093603", "jac": "[ 1.50990331e-09  1.04360964e-09  1.16573418e-09  4.77395901e-10\n -1.34336986e-09  2.44249065e-10]", "hess_inv": "[[ 4.21718181 -0.34624077 -0.26321142 -0.06263728  0.8136745  -1.54713613]\n [-0.34624077  4.99416425  2.08778766 -0.46883998 -0.20451338  0.91064242]\n [-0.26321142  2.08778766  5.47404833 -0.56112327 -0.89904358  0.50759261]\n [-0.06263728 -0.46883998 -0.56112327  4.1902141  -0.14825948 -0.05623595]\n [ 0.8136745  -0.20451338 -0.89904358 -0.14825948  4.48609687 -1.0746779 ]\n [-1.54713613  0.91064242  0.50759261 -0.05623595 -1.0746779   4.71908062]]", "nfev": "507", "njev": "71", "status": "2", "success": "False", "message": "Desired error not necessarily achieved due to precision loss.", "x": "[ 4.19643952  5.63287792  1.01341607  1.38062802 -1.7384221   5.71231188]", "nit": "35"}, "23": {"maxiter": 1000, "gtol": 1e-10, "xrtol": 1e-10, "eps": 1e-10, "duration": 0.09492683410644531, "fun": "0.4432791570942931", "jac": "[ 1.11022293e-06  2.22044587e-06  0.00000000e+00  1.11022293e-06\n -1.11022293e-06  0.00000000e+00]", "hess_inv": "[[ 0.71792573 -0.06793841 -0.09617808  0.08858758  0.194198   -0.34712666]\n [-0.06793841  0.04478857  0.0029763  -0.03256779 -0.00323505  0.08098192]\n [-0.09617808  0.0029763   0.10161814 -0.05877004 -0.01731995  0.07604328]\n [ 0.08858758 -0.03256779 -0.05877004  0.07056202  0.00922261 -0.12163676]\n [ 0.194198   -0.00323505 -0.01731995  0.00922261  0.06290837 -0.06827075]\n [-0.34712666  0.08098192  0.07604328 -0.12163676 -0.06827075  0.30262561]]", "nfev": "553", "njev": "79", "status": "0", "success": "True", "message": "Optimization terminated successfully.", "x": "[ 4.19644173  5.63288456  1.01342103  1.38062923 -1.73842223  5.7123141 ]", "nit": "45"}}, "cobyla": {"0": {"maxiter": 100, "tol": 1e-05, "catol": 1e-05, "duration": 0.016560077667236328, "x": "[ 4.19628059  5.64468433  1.01760736  1.37551855  4.5446079  -0.58280209]", "status": "2", "success": "False", "message": "Maximum number of function evaluations has been exceeded.", "nfev": "100", "fun": "0.44332055909253343", "maxcv": "0.0"}, "1": {"maxiter": 100, "tol": 1e-05, "catol": 1e-10, "duration": 0.01676011085510254, "x": "[ 4.19628059  5.64468433  1.01760736  1.37551855  4.5446079  -0.58280209]", "status": "2", "success": "False", "message": "Maximum number of function evaluations has been exceeded.", "nfev": "100", "fun": "0.44332055909253343", "maxcv": "0.0"}, "2": {"maxiter": 100, "tol": 1e-10, "catol": 1e-05, "duration": 0.016541004180908203, "x": "[ 4.19628059  5.64468433  1.01760736  1.37551855  4.5446079  -0.58280209]", "status": "2", "success": "False", "message": "Maxim