{"date": "2024/07/18/, 18:16:42", "conf_id": 20, "data_type": "random\n", "num_data_points": 2, "s_rank": 0, "unitary": "[[-0.45070455-0.02711853j,0.78437395-0.06613086j,0.06358678+0.19963393j,-0.07343613+0.35668523j],[-0.01890143-0.03813363j,0.32408202+0.25557629j,0.05872864-0.68979805j,0.55466693-0.20227297j],[-0.11215405+0.64023111j,-0.13344055+0.29565494j,-0.49012687-0.19046288j,-0.04241254+0.44046348j],[0.55771659+0.24656916j,0.31851997-0.05798805j,0.28761525-0.34294258j,-0.56718418+0.03616933j]]", "databatch_0": {"databatch": "[[[-0.16811901+0.02966382j,-0.23212775+0.03896928j,0.33948159-0.26018506j,0.27352776+0.11940141j],[0.13654387+0.06964903j,0.18745551+0.09759219j,-0.38402731+0.00291695j,-0.13149012-0.23349513j],[0.00749575+0.14486588j,0.00867267+0.19981412j,-0.18403637-0.31339845j,0.12919548-0.21822286j],[-0.01663666+0.08818888j,-0.02394878+0.1213961j,-0.06490405-0.21527852j,0.10952331-0.11234176j]],[[0.17418489+0.23751354j,-0.0107776+0.07026464j,0.20393147-0.09873665j,-0.02147044+0.20487301j],[-0.02250134+0.4189999j,-0.07531725+0.0676982j,0.31387277+0.07532193j,-0.20863593+0.20637742j],[-0.27289121+0.14321977j,-0.07102251-0.02209927j,0.070387+0.22638885j,-0.20863373-0.05413616j],[-0.08635279-0.31971584j,0.03979591-0.06931625j,-0.2539028+0.02084804j,0.10559531-0.20614435j]]]", "initial param values": "[2.63373306,0.05851514,0.41578741,1.10585098,1.30068483,4.72253008]", "nelder_mead": {"type": "gradient-free", "0": {"maxiter": 100, "fatol": 1e-05, "xatol": 1e-05, "duration": 0.02731490135192871, "fun": "0.2677934095187644", "nit": "100", "nfev": "154", "status": "2", "success": "False", "message": "Maximum number of iterations has been exceeded.", "x": "[ 1.99115883 -0.08316447  1.00729721  2.10609361  2.22278788  4.06077749]", "final_simplex": "(array([[ 1.99115883, -0.08316447,  1.00729721,  2.10609361,  2.22278788,\n         4.06077749],\n       [ 1.81743511, -0.05028199,  0.88970294,  1.92315356,  2.12471663,\n         4.04293515],\n       [ 1.88628924, -0.07001878,  0.95739261,  2.00367164,  2.24071383,\n         4.01109621],\n       [ 1.9623428 , -0.07923484,  0.99173164,  2.08556462,  2.22144352,\n         3.99093585],\n       [ 1.93550782, -0.05549149,  0.90454013,  1.92559206,  2.13032024,\n         3.992688  ],\n       [ 1.82748624, -0.03869204,  0.82347078,  1.76822225,  2.15477809,\n         4.04942185],\n       [ 1.85527624, -0.06847398,  0.92455662,  1.97549668,  2.31353772,\n         4.00191715]]), array([0.26779341, 0.27419175, 0.27537523, 0.27565911, 0.27725365,\n       0.28064568, 0.2807647 ]))"}, "1": {"maxiter": 100, "fatol": 1e-05, "xatol": 1e-10, "duration": 0.02719402313232422, "fun": "0.2677934095187644", "nit": "100", "nfev": "154", "status": "2", "success": "False", "message": "Maximum number of iterations has been exceeded.", "x": "[ 1.99115883 -0.08316447  1.00729721  2.10609361  2.22278788  4.06077749]", "final_simplex": "(array([[ 1.99115883, -0.08316447,  1.00729721,  2.10609361,  2.22278788,\n         4.06077749],\n       [ 1.81743511, -0.05028199,  0.88970294,  1.92315356,  2.12471663,\n         4.04293515],\n       [ 1.88628924, -0.07001878,  0.95739261,  2.00367164,  2.24071383,\n         4.01109621],\n       [ 1.9623428 , -0.07923484,  0.99173164,  2.08556462,  2.22144352,\n         3.99093585],\n       [ 1.93550782, -0.05549149,  0.90454013,  1.92559206,  2.13032024,\n         3.992688  ],\n       [ 1.82748624, -0.03869204,  0.82347078,  1.76822225,  2.15477809,\n         4.04942185],\n       [ 1.85527624, -0.06847398,  0.92455662,  1.97549668,  2.31353772,\n         4.00191715]]), array([0.26779341, 0.27419175, 0.27537523, 0.27565911, 0.27725365,\n       0.28064568, 0.2807647 ]))"}, "2": {"maxiter": 100, "fatol": 1e-10, "xatol": 1e-05, "duration": 0.02725076675415039, "fun": "0.2677934095187644", "nit": "100", "nfev": "154", "status": "2", "success": "False", "message": "Maximum number of iterations has been exceeded.", "x": "[ 1.99115883 -0.08316447  1.00729721  2.10609361  2.22278788  4.06077749]", "final_simplex": "(array([[ 1.99115883, -0.08316447,  1.00729721,  2.10609361,  2.22278788,\n         4.06077749],\n       [ 1.81743511, -0.05028199,  0.88970294,  1.92315356,  2.12471663,\n         4.04293515],\n       [ 1.88628924, -0.07001878,  0.95739261,  2.00367164,  2.24071383,\n         4.01109621],\n       [ 1.9623428 , -0.07923484,  0.99173164,  2.08556462,  2.22144352,\n         3.99093585],\n       [ 1.93550782, -0.05549149,  0.90454013,  1.92559206,  2.13032024,\n         3.992688  ],\n       [ 1.82748624, -0.03869204,  0.82347078,  1.76822225,  2.15477809,\n         4.04942185],\n       [ 1.85527624, -0.06847398,  0.92455662,  1.97549668,  2.31353772,\n         4.00191715]]), array([0.26779341, 0.27419175, 0.27537523, 0.27565911, 0.27725365,\n       0.28064568, 0.2807647 ]))"}, "3": {"maxiter": 100, "fatol": 1e-10, "xatol": 1e-10, "duration": 0.027167081832885742, "fun": "0.2677934095187644", "nit": "100", "nfev": "154", "status": "2", "success": "False", "message": "Maximum number of iterations has been exceeded.", "x": "[ 1.99115883 -0.08316447  1.00729721  2.10609361  2.22278788  4.06077749]", "final_simplex": "(array([[ 1.99115883, -0.08316447,  1.00729721,  2.10609361,  2.22278788,\n         4.06077749],\n       [ 1.81743511, -0.05028199,  0.88970294,  1.92315356,  2.12471663,\n         4.04293515],\n       [ 1.88628924, -0.07001878,  0.95739261,  2.00367164,  2.24071383,\n         4.01109621],\n       [ 1.9623428 , -0.07923484,  0.99173164,  2.08556462,  2.22144352,\n         3.99093585],\n       [ 1.93550782, -0.05549149,  0.90454013,  1.92559206,  2.13032024,\n         3.992688  ],\n       [ 1.82748624, -0.03869204,  0.82347078,  1.76822225,  2.15477809,\n         4.04942185],\n       [ 1.85527624, -0.06847398,  0.92455662,  1.97549668,  2.31353772,\n         4.00191715]]), array([0.26779341, 0.27419175, 0.27537523, 0.27565911, 0.27725365,\n       0.28064568, 0.2807647 ]))"}, "4": {"maxiter": 500, "fatol": 1e-05, "xatol": 1e-05, "duration": 0.1266481876373291, "fun": "0.1707145798081635", "nit": "500", "nfev": "751", "status": "2", "success": "False", "message": "Maximum number of iterations has been exceeded.", "x": "[1.50324145 1.04429617 1.2084543  2.16167157 3.36828544 5.60362587]", "final_simplex": "(array([[1.50324145, 1.04429617, 1.2084543 , 2.16167157, 3.36828544,\n        5.60362587],\n       [1.52707966, 0.89005054, 1.15342252, 2.14116694, 3.43387615,\n        5.5358511 ],\n       [1.41684127, 0.92678418, 1.22805347, 2.14190461, 3.30603678,\n        5.4616855 ],\n       [1.53216043, 0.98443467, 1.18915082, 2.14742676, 3.40290907,\n        5.47392337],\n       [1.56536077, 0.79080109, 1.16823313, 2.22010997, 3.31385733,\n        5.40488627],\n       [1.46244198, 0.99591055, 1.17277924, 2.19243992, 3.58532536,\n        5.67819892],\n       [1.55250274, 0.94408405, 1.11295068, 2.24955991, 3.22513412,\n        5.34470015]]), array([0.17071458, 0.17093352, 0.17105377, 0.171304  , 0.17414294,\n       0.17484344, 0.17516644]))"}, "5": {"maxiter": 500, "fatol": 1e-05, "xatol": 1e-10, "duration": 0.12612009048461914, "fun": "0.1707145798081635", "nit": "500", "nfev": "751", "status": "2", "success": "False", "message": "Maximum number of iterations has been exceeded.", "x": "[1.50324145 1.04429617 1.2084543  2.16167157 3.36828544 5.60362587]", "final_simplex": "(array([[1.50324145, 1.04429617, 1.2084543 , 2.16167157, 3.36828544,\n        5.60362587],\n       [1.52707966, 0.89005054, 1.15342252, 2.14116694, 3.43387615,\n        5.5358511 ],\n       [1.41684127, 0.92678418, 1.22805347, 2.14190461, 3.30603678,\n        5.4616855 ],\n       [1.53216043, 0.98443467, 1.18915082, 2.14742676, 3.40290907,\n        5.47392337],\n       [1.56536077, 0.79080109, 1.16823313, 2.22010997, 3.31385733,\n        5.40488627],\n       [1.46244198, 0.99591055, 1.17277924, 2.19243992, 3.58532536,\n        5.67819892],\n       [1.55250274, 0.94408405, 1.11295068, 2.24955991, 3.22513412,\n        5.34470015]]), array([0.17071458, 0.17093352, 0.17105377, 0.171304  , 0.17414294,\n       0.17484344, 0.17516644]))"}, "6": {"maxiter": 500, "fatol": 1e-10, "xatol": 1e-05, "duration": 0.12610697746276855, "fun": "0.1707145798081635", "nit": "500", "nfev": "751", "status": "2", "success": "False", "message": "Maximum number of iterations has been exceeded.", "x": "[1.50324145 1.04429617 1.2084543  2.16167157 3.36828544 5.60362587]", "final_simplex": "(array([[1.50324145, 1.04429617, 1.2084543 , 2.16167157, 3.36828544,\n        5.60362587],\n       [1.52707966, 0.89005054, 1.15342252, 2.14116694, 3.43387615,\n        5.5358511 ],\n       [1.41684127, 0.92678418, 1.22805347, 2.14190461, 3.30603678,\n        5.4616855 ],\n       [1.53216043, 0.98443467, 1.18915082, 2.14742676, 3.40290907,\n        5.47392337],\n       [1.56536077, 0.79080109, 1.16823313, 2.22010997, 3.31385733,\n        5.40488627],\n       [1.46244198, 0.99591055, 1.17277924, 2.19243992, 3.58532536,\n        5.67819892],\n       [1.55250274, 0.94408405, 1.11295068, 2.24955991, 3.22513412,\n        5.34470015]]), array([0.17071458, 0.17093352, 0.17105377, 0.171304  , 0.17414294,\n       0.17484344, 0.17516644]))"}, "7": {"maxiter": 500, "fatol": 1e-10, "xatol": 1e-10, "duration": 0.12835001945495605, "fun": "0.1707145798081635", "nit": "500", "nfev": "751", "status": "2", "success": "False", "message": "Maximum number of iterations has been exceeded.", "x": "[1.50324145 1.04429617 1.2084543  2.16167157 3.36828544 5.60362587]", "final_simplex": "(array([[1.50324145, 1.04429617, 1.2084543 , 2.16167157, 3.36828544,\n        5.60362587],\n       [1.52707966, 0.89005054, 1.15342252, 2.14116694, 3.43387615,\n        5.5358511 ],\n       [1.41684127, 0.92678418, 1.22805347, 2.14190461, 3.30603678,\n        5.4616855 ],\n       [1.53216043, 0.98443467, 1.18915082, 2.14742676, 3.40290907,\n        5.47392337],\n       [1.56536077, 0.79080109, 1.16823313, 2.22010997, 3.31385733,\n        5.40488627],\n       [1.46244198, 0.99591055, 1.17277924, 2.19243992, 3.58532536,\n        5.67819892],\n       [1.55250274, 0.94408405, 1.11295068, 2.24955991, 3.22513412,\n        5.34470015]]), array([0.17071458, 0.17093352, 0.17105377, 0.171304  , 0.17414294,\n       0.17484344, 0.17516644]))"}, "8": {"maxiter": 1000, "fatol": 1e-05, "xatol": 1e-05, "duration": 0.17910480499267578, "fun": "0.1679511791841265", "nit": "672", "nfev": "1034", "status": "0", "success": "True", "message": "Optimization terminated successfully.", "x": "[1.40719317 1.06139366 1.13342427 2.01996452 3.43240507 5.57952372]", "final_simplex": "(array([[1.40719317, 1.06139366, 1.13342427, 2.01996452, 3.43240507,\n        5.57952372],\n       [1.4071969 , 1.06139789, 1.13341974, 2.01996445, 3.43241367,\n        5.57953073],\n       [1.40719319, 1.0613924 , 1.13341722, 2.01996331, 3.43241213,\n        5.57952653],\n       [1.40719792, 1.06139766, 1.13341996, 2.01996778, 3.43240724,\n        5.57952427],\n       [1.40719526, 1.06140336, 1.13341799, 2.01996421, 3.43241256,\n        5.57952796],\n       [1.40719401, 1.06139572, 1.13341839, 2.01996415, 3.43241241,\n        5.57952393],\n       [1.40719661, 1.06139807, 1.13341882, 2.01996086, 3.43240472,\n        5.5795208 ]]), array([0.16795118, 0.16795118, 0.16795118, 0.16795118, 0.16795118,\n       0.16795118, 0.16795118]))"}, "9": {"maxiter": 1000, "fatol": 1e-05, "xatol": 1e-10, "duration": 0.21859478950500488, "fun": "0.16795117917999502", "nit": "782", "nfev": "1268", "status": "0", "success": "True", "message": "Optimization terminated successfully.", "x": "[1.40719296 1.06139738 1.13342079 2.01996335 3.43240708 5.57952835]", "final_simplex": "(array([[1.40719296, 1.06139738, 1.13342079, 2.01996335, 3.43240708,\n        5.57952835],\n       [1.40719296, 1.06139738, 1.13342079, 2.01996335, 3.43240708,\n        5.57952835],\n       [1.40719296, 1.06139738, 1.13342079, 2.01996335, 3.43240708,\n        5.57952835],\n       [1.40719296, 1.06139738, 1.13342079, 2.01996335, 3.43240708,\n        5.57952835],\n       [1.40719296, 1.06139738, 1.13342079, 2.01996335, 3.43240708,\n        5.57952835],\n       [1.40719296, 1.06139738, 1.13342079, 2.01996335, 3.43240708,\n        5.57952835],\n       [1.40719296, 1.06139738, 1.13342079, 2.01996335, 3.43240708,\n        5.57952835]]), array([0.16795118, 0.16795118, 0.16795118, 0.16795118, 0.16795118,\n       0.16795118, 0.16795118]))"}, "10": {"maxiter": 1000, "fatol": 1e-10, "xatol": 1e-05, "duration": 0.17806792259216309, "fun": "0.1679511791841265", "nit": "672", "nfev": "1034", "status": "0", "success": "True", "message": "Optimization terminated successfully.", "x": "[1.40719317 1.06139366 1.13342427 2.01996452 3.43240507 5.57952372]", "final_simplex": "(array([[1.40719317, 1.06139366, 1.13342427, 2.01996452, 3.43240507,\n        5.57952372],\n       [1.4071969 , 1.06139789, 1.13341974, 2.01996445, 3.43241367,\n        5.57953073],\n       [1.40719319, 1.0613924 , 1.13341722, 2.01996331, 3.43241213,\n        5.57952653],\n       [1.40719792, 1.06139766, 1.13341996, 2.01996778, 3.43240724,\n        5.57952427],\n       [1.40719526, 1.06140336, 1.13341799, 2.01996421, 3.43241256,\n        5.57952796],\n       [1.40719401, 1.06139572, 1.13341839, 2.01996415, 3.43241241,\n        5.57952393],\n       [1.40719661, 1.06139807, 1.13341882, 2.01996086, 3.43240472,\n        5.5795208 ]]), array([0.16795118, 0.16795118, 0.16795118, 0.16795118, 0.16795118,\n       0.16795118, 0.16795118]))"}, "11": {"maxiter": 1000, "fatol": 1e-10, "xatol": 1e-10, "duration": 0.2187941074371338, "fun": "0.16795117917999502", "nit": "782", "nfev": "1268", "status": "0", "success": "True", "message": "Optimization terminated successfully.", "x": "[1.40719296 1.06139738 1.13342079 2.01996335 3.43240708 5.57952835]", "final_simplex": "(array([[1.40719296, 1.06139738, 1.13342079, 2.01996335, 3.43240708,\n        5.57952835],\n       [1.40719296, 1.06139738, 1.13342079, 2.01996335, 3.43240708,\n        5.57952835],\n       [1.40719296, 1.06139738, 1.13342079, 2.01996335, 3.43240708,\n        5.57952835],\n       [1.40719296, 1.06139738, 1.13342079, 2.01996335, 3.43240708,\n        5.57952835],\n       [1.40719296, 1.06139738, 1.13342079, 2.01996335, 3.43240708,\n        5.57952835],\n       [1.40719296, 1.06139738, 1.13342079, 2.01996335, 3.43240708,\n        5.57952835],\n       [1.40719296, 1.06139738, 1.13342079, 2.01996335, 3.43240708,\n        5.57952835]]), array([0.16795118, 0.16795118, 0.16795118, 0.16795118, 0.16795118,\n       0.16795118, 0.16795118]))"}}, "bfgs": {"type": "gradient", "0": {"maxiter": 100, "gtol": 1e-05, "xrtol": 1e-05, "eps": 1e-05, "duration": 0.03733396530151367, "fun": "0.16795117958396955", "jac": "[ 5.50258727e-06 -8.67147465e-06  3.69224651e-06 -4.80261386e-06\n -1.04571907e-07  2.35144126e-06]", "hess_inv": "[[ 4.12670963 -1.85174785  0.02961035  2.36216741 -1.12128548 -1.72120672]\n [-1.85174785  8.17961714 -1.18684235 -2.05284373  3.35963007  4.27880526]\n [ 0.02961035 -1.18684235  4.28200083  1.44462484 -3.10921745 -0.47663953]\n [ 2.36216741 -2.05284373  1.44462484  4.66558007 -2.15767294 -1.59228301]\n [-1.12128548  3.35963007 -3.10921745 -2.15767294 11.04697443  6.6263138 ]\n [-1.72120672  4.27880526 -0.47663953 -1.59228301  6.6263138   7.92261249]]", "nfev": "210", "njev": "30", "status": "0", "success": "True", "message": "Optimization terminated successfully.", "x": "[1.40720847 1.0613193  1.13343993 2.01997165 3.43237489 5.57949061]", "nit": "26"}, "1": {"maxiter": 100, "gtol": 1e-05, "xrtol": 1e-05, "eps": 1e-10, "duration": 0.03727006912231445, "fun": "0.16795117965648432", "jac": "[ 8.88178346e-06 -9.99200639e-06  3.33066880e-06 -4.44089173e-06\n -2.22044587e-06  6.66133760e-06]", "hess_inv": "[[ 4.11800372 -1.86419082  0.02996135  2.34952693 -1.14377236 -1.73525076]\n [-1.86419082  8.18605117 -1.19230446 -2.06419649  3.36051617  4.27797335]\n [ 0.02996135 -1.19230446  4.28859246  1.4554564  -3.11079647 -0.47221501]\n [ 2.34952693 -2.06419649  1.4554564   4.67443527 -2.17132879 -1.58924419]\n [-1.14377236  3.36051617 -3.11079647 -2.17132879 11.02803326  6.61565527]\n [-1.73525076  4.27797335 -0.47221501 -1.58924419  6.61565527  7.92312761]]", "nfev": "210", "njev": "30", "status": "0", "success": "True", "message": "Optimization terminated successfully.", "x": "[1.407227   1.06132013 1.13345261 2.0199891  3.43236105 5.57949666]", "nit": "26"}, "2": {"maxiter": 100, "gtol": 1e-05, "xrtol": 1e-10, "eps": 1e-05, "duration": 0.03724527359008789, "fun": "0.16795117958396955", "jac": "[ 5.50258727e-06 -8.67147465e-06  3.69224651e-06 -4.80261386e-06\n -1.04571907e-07  2.35144126e-06]", "hess_inv": "[[ 4.12670963 -1.85174785  0.02961035  2.36216741 -1.12128548 -1.72120672]\n [-1.85174785  8.17961714 -1.18684235 -2.05284373  3.35963007  4.27880526]\n [ 0.02961035 -1.18684235  4.28200083  1.44462484 -3.10921745 -0.47663953]\n [ 2.36216741 -2.05284373  1.44462484  4.66558007 -2.15767294 -1.59228301]\n [-1.12128548  3.35963007 -3.10921745 -2.15767294 11.04697443  6.6263138 ]\n [-1.72120672  4.27880526 -0.47663953 -1.59228301  6.6263138   7.92261249]]", "nfev": "210", "njev": "30", "status": "0", "success": "True", "message": "Optimization terminated successfully.", "x": "[1.40720847 1.0613193  1.13343993 2.01997165 3.43237489 5.57949061]", "nit": "26"}, "3": {"maxiter": 100, "gtol": 1e-05, "xrtol": 1e-10, "eps": 1e-10, "duration": 0.03725314140319824, "fun": "0.16795117965648432", "jac": "[ 8.88178346e-06 -9.99200639e-06  3.33066880e-06 -4.44089173e-06\n -2.22044587e-06  6.66133760e-06]", "hess_inv": "[[ 4.11800372 -1.86419082  0.02996135  2.34952693 -1.14377236 -1.73525076]\n [-1.86419082  8.18605117 -1.19230446 -2.06419649  3.36051617  4.27797335]\n [ 0.02996135 -1.19230446  4.28859246  1.4554564  -3.11079647 -0.47221501]\n [ 2.34952693 -2.06419649  1.4554564   4.67443527 -2.17132879 -1.58924419]\n [-1.14377236  3.36051617 -3.11079647 -2.17132879 11.02803326  6.61565527]\n [-1.73525076  4.27797335 -0.47221501 -1.58924419  6.61565527  7.92312761]]", "nfev": "210", "njev": "30", "status": "0", "success": "True", "message": "Optimization terminated successfully.", "x": "[1.407227   1.06132013 1.13345261 2.0199891  3.43236105 5.57949666]", "nit": "26"}, "4": {"maxiter": 100, "gtol": 1e-10, "xrtol": 1e-05, "eps": 1e-05, "duration": 0.08631181716918945, "fun": "0.16795117920942948", "jac": "[-7.86126719e-07  9.27968813e-07  1.23594468e-06  2.02412531e-06\n  1.88733473e-06 -9.47275591e-07]", "hess_inv": "[[ 4.04429661 -1.94317173  0.24626679  2.60228172 -0.92806816 -1.51170341]\n [-1.94317173  8.72037773 -1.78089622 -2.75202394  2.79856377  3.88795043]\n [ 0.24626679 -1.78089622  4.56220188  1.71120225 -3.0764226  -0.5301476 ]\n [ 2.60228172 -2.75202394  1.71120225  4.87476225 -2.26519174 -1.7413131 ]\n [-0.92806816  2.79856377 -3.0764226  -2.26519174 10.60072115  6.26524459]\n [-1.51170341  3.88795043 -0.5301476  -1.7413131   6.26524459  7.5781111 ]]", "nfev": "502", "njev": "70", "status": "2", "success": "False", "message": "Desired error not necessarily achieved due to precision loss.", "x": "[1.40718469 1.06139357 1.13341739 2.01995917 3.43240013 5.57951433]", "nit": "27"}, "5": {"maxiter": 100, "gtol": 1e-10, "xrtol": 1e-05, "eps": 1e-10, "duration": 0.03850126266479492, "fun": "0.16795117919262126", "jac": "[-2.22044587e-06  0.00000000e+00 -2.22044587e-06  0.00000000e+00\n  0.00000000e+00 -1.11022293e-06]", "hess_inv": "[[ 4.2309066  -2.25564902  0.58817747  2.76827355 -2.04144026 -2.13250976]\n [-2.25564902  8.67196267 -2.16939576 -2.83337868  5.21919904  5.24211631]\n [ 0.58817747 -2.16939576  4.89281948  1.94653132 -4.0483852  -0.98667803]\n [ 2.76827355 -2.83337868  1.94653132  5.0696725  -2.92288203 -1.99052094]\n [-2.04144026  5.21919904 -4.0483852  -2.92288203 12.27485968  7.26293234]\n [-2.13250976  5.24211631 -0.98667803 -1.99052094  7.26293234  8.22596618]]", "nfev": "224", "njev": "32", "status": "0", "success": "True", "message": "Optimization terminated successfully.", "x": "[1.40718689 1.06139812 1.13341564 2.019959   3.43241071 5.57952376]", "nit": "28"}, "6": {"maxiter": 100, "gtol": 1e-10, "xrtol": 1e-10, "eps": 1e-05, "duration": 0.08515691757202148, "fun": "0.16795117920942948", "jac": "[-7.86126719e-07  9.27968813e-07  1.23594468e-06  2.02412531e-06\n  1.88733473e-06 -9.47275591e-07]", "hess_inv": "[[ 4.04429661 -1.94317173  0.24626679  2.60228172 -0.92806816 -1.51170341]\n [-1.94317173  8.72037773 -1.78089622 -2.75202394  2.79856377  3.88795043]\n [ 0.24626679 -1.78089622  4.56220188  1.71120225 -3.0764226  -0.5301476 ]\n [ 2.60228172 -2.75202394  1.71120225  4.87476225 -2.26519174 -1.7413131 ]\n [-0.92806816  2.79856377 -3.0764226  -2.26519174 10.60072115  6.26524459]\n [-1.51170341  3.88795043 -0.5301476  -1.7413131   6.26524459  7.5781111 ]]", "nfev": "502", "njev": "70", "status": "2", "success": "False", "message": "Desired error not necessarily achieved due to precision loss.", "x": "[1.40718469 1.06139357 1.13341739 2.01995917 3.43240013 5.57951433]", "nit": "27"}, "7": {"maxiter": 100, "gtol": 1e-10, "xrtol": 1e-10, "eps": 1e-10, "duration": 0.10405993461608887, "fun": "0.16795117918500213", "jac": "[2.22044587e-06 0.00000000e+00 0.00000000e+00 3.33066880e-06\n 3.33066880e-06 1.11022293e-06]", "hess_inv": "[[  2.21973159  -2.00669966   2.27640697   0.18459596  -3.24211696\n   -1.55574326]\n [ -2.00669966  11.06003329  -9.4208916   -1.23714197   8.72770283\n    2.76923731]\n [  2.27640697  -9.4208916   12.16953337   2.21257102 -12.14345481\n   -2.52623104]\n [  0.18459596  -1.23714197   2.21257102   2.1327277   -2.66613904\n   -1.17308377]\n [ -3.24211696   8.72770283 -12.14345481  -2.66613904  14.86309447\n    3.63945712]\n [ -1.55574326   2.76923731  -2.52623104  -1.17308377   3.63945712\n    4.05525129]]", "nfev": "614", "njev": "86", "status": "2", "success": "False", "message": "Desired error not necessarily achieved due to precision loss.", "x": "[1.40719291 1.06138945 1.13342282 2.01996391 3.43240709 5.57952514]", "nit": "30"}, "8": {"maxiter": 500, "gtol": 1e-05, "xrtol": 1e-05, "eps": 1e-05, "duration": 0.03595113754272461, "fun": "0.16795117958396955", "jac": "[ 5.50258727e-06 -8.67147465e-06  3.69224651e-06 -4.80261386e-06\n -1.04571907e-07  2.35144126e-06]", "hess_inv": "[[ 4.12670963 -1.85174785  0.02961035  2.36216741 -1.12128548 -1.72120672]\n [-1.85174785  8.17961714 -1.18684235 -2.05284373  3.35963007  4.27880526]\n [ 0.02961035 -1.18684235  4.28200083  1.44462484 -3.10921745 -0.47663953]\n [ 2.36216741 -2.05284373  1.44462484  4.66558007 -2.15767294 -1.59228301]\n [-1.12128548  3.35963007 -3.10921745 -2.15767294 11.04697443  6.6263138 ]\n [-1.72120672  4.27880526 -0.47663953 -1.59228301  6.6263138   7.92261249]]", "nfev": "210", "njev": "30", "status": "0", "success": "True", "message": "Optimization terminated successfully.", "x": "[1.40720847 1.0613193  1.13343993 2.01997165 3.43237489 5.57949061]", "nit": "26"}, "9": {"maxiter": 500, "gtol": 1e-05, "xrtol": 1e-05, "eps": 1e-10, "duration": 0.036451101303100586, "fun": "0.16795117965648432", "jac": "[ 8.88178346e-06 -9.99200639e-06  3.33066880e-06 -4.44089173e-06\n -2.22044587e-06  6.66133760e-06]", "hess_inv": "[[ 4.11800372 -1.86419082  0.02996135  2.34952693 -1.14377236 -1.73525076]\n [-1.86419082  8.18605117 -1.19230446 -2.06419649  3.36051617  4.27797335]\n [ 0.02996135 -1.19230446  4.28859246  1.4554564  -3.11079647 -0.47221501]\n [ 2.34952693 -2.06419649  1.4554564   4.67443527 -2.17132879 -1.58924419]\n [-1.14377236  3.36051617 -3.11079647 -2.17132879 11.02803326  6.61565527]\n [-1.73525076  4.27797335 -0.47221501 -1.58924419  6.61565527  7.92312761]]", "nfev": "210", "njev": "30", "status": "0", "success": "True", "message": "Optimization terminated successfully.", "x": "[1.407227   1.06132013 1.13345261 2.0199891  3.43236105 5.57949666]", "nit": "26"}, "10": {"maxiter": 500, "gtol": 1e-05, "xrtol": 1e-10, "eps": 1e-05, "duration": 0.03819108009338379, "fun": "0.16795117958396955", "jac": "[ 5.50258727e-06 -8.67147465e-06  3.69224651e-06 -4.80261386e-06\n -1.04571907e-07  2.35144126e-06]", "hess_inv": "[[ 4.12670963 -1.85174785  0.02961035  2.36216741 -1.12128548 -1.72120672]\n [-1.85174785  8.17961714 -1.18684235 -2.05284373  3.35963007  4.27880526]\n [ 0.02961035 -1.18684235  4.28200083  1.44462484 -3.10921745 -0.47663953]\n [ 2.36216741 -2.05284373  1.44462484  4.66558007 -2.15767294 -1.59228301]\n [-1.12128548  3.35963007 -3.10921745 -2.15767294 11.04697443  6.6263138 ]\n [-1.72120672  4.27880526 -0.47663953 -1.59228301  6.6263138   7.92261249]]", "nfev": "210", "njev": "30", "status": "0", "success": "True", "message": "Optimization terminated successfully.", "x": "[1.40720847 1.0613193  1.13343993 2.01997165 3.43237489 5.57949061]", "nit": "26"}, "11": {"maxiter": 500, "gtol": 1e-05, "xrtol": 1e-10, "eps": 1e-10, "duration": 0.03780412673950195, "fun": "0.16795117965648432", "jac": "[ 8.88178346e-06 -9.99200639e-06  3.33066880e-06 -4.44089173e-06\n -2.22044587e-06  6.66133760e-06]", "hess_inv": "[[ 4.11800372 -1.86419082  0.02996135  2.34952693 -1.14377236 -1.73525076]\n [-1.86419082  8.18605117 -1.19230446 -2.06419649  3.36051617  4.27797335]\n [ 0.02996135 -1.19230446  4.28859246  1.4554564  -3.11079647 -0.47221501]\n [ 2.34952693 -2.06419649  1.4554564   4.67443527 -2.17132879 -1.58924419]\n [-1.14377236  3.36051617 -3.11079647 -2.17132879 11.02803326  6.61565527]\n [-1.73525076  4.27797335 -0.47221501 -1.58924419  6.61565527  7.92312761]]", "nfev": "210", "njev": "30", "status": "0", "success": "True", "message": "Optimization terminated successfully.", "x": "[1.407227   1.06132013 1.13345261 2.0199891  3.43236105 5.57949666]", "nit": "26"}, "12": {"maxiter": 500, "gtol": 1e-10, "xrtol": 1e-05, "eps": 1e-05, "duration": 0.08930301666259766, "fun": "0.16795117920942948", "jac": "[-7.86126719e-07  9.27968813e-07  1.23594468e-06  2.02412531e-06\n  1.88733473e-06 -9.47275591e-07]", "hess_inv": "[[ 4.04429661 -1.94317173  0.24626679  2.60228172 -0.92806816 -1.51170341]\n [-1.94317173  8.72037773 -1.78089622 -2.75202394  2.79856377  3.88795043]\n [ 0.24626679 -1.78089622  4.56220188  1.71120225 -3.0764226  -0.5301476 ]\n [ 2.60228172 -2.75202394  1.71120225  4.87476225 -2.26519174 -1.7413131 ]\n [-0.92806816  2.79856377 -3.0764226  -2.26519174 10.60072115  6.26524459]\n [-1.51170341  3.88795043 -0.5301476  -1.7413131   6.26524459  7.5781111 ]]", "nfev": "502", "njev": "70", "status": "2", "success": "False", "message": "Desired error not necessarily achieved due to precision loss.", "x": "[1.40718469 1.06139357 1.13341739 2.01995917 3.43240013 5.57951433]", "nit": "27"}, "13": {"maxiter": 500, "gtol": 1e-10, "xrtol": 1e-05, "eps": 1e-10, "duration": 0.04027414321899414, "fun": "0.16795117919262126", "jac": "[-2.22044587e-06  0.00000000e+00 -2.22044587e-06  0.00000000e+00\n  0.00000000e+00 -1.11022293e-06]", "hess_inv": "[[ 4.2309066  -2.25564902  0.58817747  2.76827355 -2.04144026 -2.13250976]\n [-2.25564902  8.67196267 -2.16939576 -2.83337868  5.21919904  5.24211631]\n [ 0.58817747 -2.16939576  4.89281948  1.94653132 -4.0483852  -0.98667803]\n [ 2.76827355 -2.83337868  1.94653132  5.0696725  -2.92288203 -1.99052094]\n [-2.04144026  5.21919904 -4.0483852  -2.92288203 12.27485968  7.26293234]\n [-2.13250976  5.24211631 -0.98667803 -1.99052094  7.26293234  8.22596618]]", "nfev": "224", "njev": "32", "status": "0", "success": "True", "message": "Optimization terminated successfully.", "x": "[1.40718689 1.06139812 1.13341564 2.019959   3.43241071 5.57952376]", "nit": "28"}, "14": {"maxiter": 500, "gtol": 1e-10, "xrtol": 1e-10, "eps": 1e-05, "duration": 0.08917999267578125, "fun": "0.16795117920942948", "jac": "[-7.86126719e-07  9.27968813e-07  1.23594468e-06  2.02412531e-06\n  1.88733473e-06 -9.47275591e-07]", "hess_inv": "[[ 4.04429661 -1.94317173  0.24626679  2.60228172 -0.92806816 -1.51170341]\n [-1.94317173  8.72037773 -1.78089622 -2.75202394  2.79856377  3.88795043]\n [ 0.24626679 -1.78089622  4.56220188  1.71120225 -3.0764226  -0.5301476 ]\n [ 2.60228172 -2.75202394  1.71120225  4.87476225 -2.26519174 -1.7413131 ]\n [-0.92806816  2.79856377 -3.0764226  -2.26519174 10.60072115  6.26524459]\n [-1.51170341  3.88795043 -0.5301476  -1.7413131   6.26524459  7.5781111 ]]", "nfev": "502", "njev": "70", "status": "2", "success": "False", "message": "Desired error not necessarily achieved due to precision loss.", "x": "[1.40718469 1.06139357 1.13341739 2.01995917 3.43240013 5.57951433]", "nit": "27"}, "15": {"maxiter": 500, "gtol": 1e-10, "xrtol": 1e-10, "eps": 1e-10, "duration": 0.10864472389221191, "fun": "0.16795117918500213", "jac": "[2.22044587e-06 0.00000000e+00 0.00000000e+00 3.33066880e-06\n 3.33066880e-06 1.11022293e-06]", "hess_inv": "[[  2.21973159  -2.00669966   2.27640697   0.18459596  -3.24211696\n   -1.55574326]\n [ -2.00669966  11.06003329  -9.4208916   -1.23714197   8.72770283\n    2.76923731]\n [  2.27640697  -9.4208916   12.16953337   2.21257102 -12.14345481\n   -2.52623104]\n [  0.18459596  -1.23714197   2.21257102   2.1327277   -2.66613904\n   -1.17308377]\n [ -3.24211696   8.72770283 -12.14345481  -2.66613904  14.86309447\n    3.63945712]\n [ -1.55574326   2.76923731  -2.52623104  -1.17308377   3.63945712\n    4.05525129]]", "nfev": "614", "njev": "86", "status": "2", "success": "False", "message": "Desired error not necessarily achieved due to precision loss.", "x": "[1.40719291 1.06138945 1.13342282 2.01996391 3.43240709 5.57952514]", "nit": "30"}, "16": {"maxiter": 1000, "gtol": 1e-05, "xrtol": 1e-05, "eps": 1e-05, "duration": 0.03755593299865723, "fun": "0.16795117958396955", "jac": "[ 5.50258727e-06 -8.67147465e-06  3.69224651e-06 -4.80261386e-06\n -1.04571907e-07  2.35144126e-06]", "hess_inv": "[[ 4.12670963 -1.85174785  0.02961035  2.36216741 -1.12128548 -1.72120672]\n [-1.85174785  8.17961714 -1.18684235 -2.05284373  3.35963007  4.27880526]\n [ 0.02961035 -1.18684235  4.28200083  1.44462484 -3.10921745 -0.47663953]\n [ 2.36216741 -2.05284373  1.44462484  4.66558007 -2.15767294 -1.59228301]\n [-1.12128548  3.35963007 -3.10921745 -2.15767294 11.04697443  6.6263138 ]\n [-1.72120672  4.27880526 -0.47663953 -1.59228301  6.6263138   7.92261249]]", "nfev": "210", "njev": "30", "status": "0", "success": "True", "message": "Optimization terminated successfully.", "x": "[1.40720847 1.0613193  1.13343993 2.01997165 3.43237489 5.57949061]", "nit": "26"}, "17": {"maxiter": 1000, "gtol": 1e-05, "xrtol": 1e-05, "eps": 1e-10, "duration": 0.03741812705993652, "fun": "0.16795117965648432", "jac": "[ 8.88178346e-06 -9.99200639e-06  3.33066880e-06 -4.44089173e-06\n -2.22044587e-06  6.66133760e-06]", "hess_inv": "[[ 4.11800372 -1.86419082  0.02996135  2.34952693 -1.14377236 -1.73525076]\n [-1.86419082  8.18605117 -1.19230446 -2.06419649  3.36051617  4.27797335]\n [ 0.02996135 -1.19230446  4.28859246  1.4554564  -3.11079647 -0.47221501]\n [ 2.34952693 -2.06419649  1.4554564   4.67443527 -2.17132879 -1.58924419]\n [-1.14377236  3.36051617 -3.11079647 -2.17132879 11.02803326  6.61565527]\n [-1.73525076  4.27797335 -0.47221501 -1.58924419  6.61565527  7.92312761]]", "nfev": "210", "njev": "30", "status": "0", "success": "True", "message": "Optimization terminated successfully.", "x": "[1.407227   1.06132013 1.13345261 2.0199891  3.43236105 5.57949666]", "nit": "26"}, "18": {"maxiter": 1000, "gtol": 1e-05, "xrtol": 1e-10, "eps": 1e-05, "duration": 0.03753185272216797, "fun": "0.16795117958396955", "jac": "[ 5.50258727e-06 -8.67147465e-06  3.69224651e-06 -4.80261386e-06\n -1.04571907e-07  2.35144126e-06]", "hess_inv": "[[ 4.12670963 -1.85174785  0.02961035  2.36216741 -1.12128548 -1.72120672]\n [-1.85174785  8.17961714 -1.18684235 -2.05284373  3.35963007  4.27880526]\n [ 0.02961035 -1.18684235  4.28200083  1.44462484 -3.10921745 -0.47663953]\n [ 2.36216741 -2.05284373  1.44462484  4.66558007 -2.15767294 -1.59228301]\n [-1.12128548  3.35963007 -3.10921745 -2.15767294 11.04697443  6.6263138 ]\n [-1.72120672  4.27880526 -0.47663953 -1.59228301  6.6263138   7.92261249]]", "nfev": "210", "njev": "30", "status": "0", "success": "True", "message": "Optimization terminated successfully.", "x": "[1.40720847 1.0613193  1.13343993 2.01997165 3.43237489 5.57949061]", "nit": "26"}, "19": {"maxiter": 1000, "gtol": 1e-05, "xrtol": 1e-10, "eps": 1e-10, "duration": 0.03753304481506348, "fun": "0.16795117965648432", "jac": "[ 8.88178346e-06 -9.99200639e-06  3.33066880e-06 -4.44089173e-06\n -2.22044587e-06  6.66133760e-06]", "hess_inv": "[[ 4.11800372 -1.86419082  0.02996135  2.34952693 -1.14377236 -1.73525076]\n [-1.86419082  8.18605117 -1.19230446 -2.06419649  3.36051617  4.27797335]\n [ 0.02996135 -1.19230446  4.28859246  1.4554564  -3.11079647 -0.47221501]\n [ 2.34952693 -2.06419649  1.4554564   4.67443527 -2.17132879 -1.58924419]\n [-1.14377236  3.36051617 -3.11079647 -2.17132879 11.02803326  6.61565527]\n [-1.73525076  4.27797335 -0.47221501 -1.58924419  6.61565527  7.92312761]]", "nfev": "210", "njev": "30", "status": "0", "success": "True", "message": "Optimization terminated successfully.", "x": "[1.407227   1.06132013 1.13345261 2.0199891  3.43236105 5.57949666]", "nit": "26"}, "20": {"maxiter": 1000, "gtol": 1e-10, "xrtol": 1e-05, "eps": 1e-05, "duration": 0.0887141227722168, "fun": "0.16795117920942948", "jac": "[-7.86126719e-07  9.27968813e-07  1.23594468e-06  2.02412531e-06\n  1.88733473e-06 -9.47275591e-07]", "hess_inv": "[[ 4.04429661 -1.94317173  0.24626679  2.60228172 -0.92806816 -1.51170341]\n [-1.94317173  8.72037773 -1.78089622 -2.75202394  2.79856377  3.88795043]\n [ 0.24626679 -1.78089622  4.56220188  1.71120225 -3.0764226  -0.5301476 ]\n [ 2.60228172 -2.75202394  1.71120225  4.87476225 -2.26519174 -1.7413131 ]\n [-0.92806816  2.79856377 -3.0764226  -2.26519174 10.60072115  6.26524459]\n [-1.51170341  3.88795043 -0.5301476  -1.7413131   6.26524459  7.5781111 ]]", "nfev": "502", "njev": "70", "status": "2", "success": "False", "message": "Desired error not necessarily achieved due to precision loss.", "x": "[1.40718469 1.06139357 1.13341739 2.01995917 3.43240013 5.57951433]", "nit": "27"}, "21": {"maxiter": 1000, "gtol": 1e-10, "xrtol": 1e-05, "eps": 1e-10, "duration": 0.03936505317687988, "fun": "0.16795117919262126", "jac": "[-2.22044587e-06  0.00000000e+00 -2.22044587e-06  0.00000000e+00\n  0.00000000e+00 -1.11022293e-06]", "hess_inv": "[[ 4.2309066  -2.25564902  0.58817747  2.76827355 -2.04144026 -2.13250976]\n [-2.25564902  8.67196267 -2.16939576 -2.83337868  5.21919904  5.24211631]\n [ 0.58817747 -2.16939576  4.89281948  1.94653132 -4.0483852  -0.98667803]\n [ 2.76827355 -2.83337868  1.94653132  5.0696725  -2.92288203 -1.99052094]\n [-2.04144026  5.21919904 -4.0483852  -2.92288203 12.27485968  7.26293234]\n [-2.13250976  5.24211631 -0.98667803 -1.99052094  7.26293234  8.22596618]]", "nfev": "224", "njev": "32", "status": "0", "success": "True", "message": "Optimization terminated successfully.", "x": "[1.40718689 1.06139812 1.13341564 2.019959   3.43241071 5.57952376]", "nit": "28"}, "22": {"maxiter": 1000, "gtol": 1e-10, "xrtol": 1e-10, "eps": 1e-05, "duration": 0.08509397506713867, "fun": "0.16795117920942948", "jac": "[-7.86126719e-07  9.27968813e-07  1.23594468e-06  2.02412531e-06\n  1.88733473e-06 -9.47275591e-07]", "hess_inv": "[[ 4.04429661 -1.94317173  0.24626679  2.60228172 -0.92806816 -1.51170341]\n [-1.94317173  8.72037773 -1.78089622 -2.75202394  2.79856377  3.88795043]\n [ 0.24626679 -1.78089622  4.56220188  1.71120225 -3.0764226  -0.5301476 ]\n [ 2.60228172 -2.75202394  1.71120225  4.87476225 -2.26519174 -1.7413131 ]\n [-0.92806816  2.79856377 -3.0764226  -2.26519174 10.60072115  6.26524459]\n [-1.51170341  3.88795043 -0.5301476  -1.7413131   6.26524459  7.5781111 ]]", "nfev": "502", "njev": "70", "status": "2", "success": "False", "message": "Desired error not necessarily achieved due to precision loss.", "x": "[1.40718469 1.06139357 1.13341739 2.01995917 3.43240013 5.57951433]", "nit": "27"}, "23": {"maxiter": 1000, "gtol": 1e-10, "xrtol": 1e-10, "eps": 1e-10, "duration": 0.10426807403564453, "fun": "0.16795117918500213", "jac": "[2.22044587e-06 0.00000000e+00 0.00000000e+00 3.33066880e-06\n 3.33066880e-06 1.11022293e-06]", "hess_inv": "[[  2.21973159  -2.00669966   2.27640697   0.18459596  -3.24211696\n   -1.55574326]\n [ -2.00669966  11.06003329  -9.4208916   -1.23714197   8.72770283\n    2.76923731]\n [  2.27640697  -9.4208916   12.16953337   2.21257102 -12.14345481\n   -2.52623104]\n [  0.18459596  -1.23714197   2.21257102   2.1327277   -2.66613904\n   -1.17308377]\n [ -3.24211696   8.72770283 -12.14345481  -2.66613904  14.86309447\n    3.63945712]\n [ -1.55574326   2.76923731  -2.52623104  -1.17308377   3.63945712\n    4.05525129]]", "nfev": "614", "njev": "86", "status": "2", "success": "False", "message": "Desired error not necessarily achieved due to precision loss.", "x": "[1.40719291 1.06138945 1.13342282 2.01996391 3.43240709 5.57952514]", "nit": "30"}}, "cobyla": {"0": {"maxiter": 100, "tol": 1e-05, "catol": 1e-05, "duration": 0.0164186954498291, "x": "[1.4144644  1.04369574 1.14391235 2.03160336 3.41222068 5.55932721]", "status": "2", "success": "False", "message": "Maximum number of function evaluations has been exceeded.", "nfev": "100", "fun": "0.16798624010949847", "maxcv": "0.0"}, "1": {"maxiter": 100, "tol": 1e-05, "catol": 1e-10, "duration": 0.016327857971191406, "x": "[1.4144644  1.04369574 1.14391235 2.03160336 3.41222068 5.55932721]", "status": "2", "success": "False", "message": "Maximum number of function evaluations has been exceeded.", "nfev": "100", "fun": "0.16798624010949847", "maxcv": "0.0"}, "2": {"maxiter": 100, "tol": 1e-10, "catol": 1e-05, "duration": 0.016380786895751953, "x": "[1.4144644  1.04369574 1.14391235 2.03160336 3.41222068 5.55932721]", "status": "2", "success": "False", "message": "Maximum number of function evaluations has been exceeded.", "nfev": "100", "fun": "0.16798624010949847", "maxcv": "0.0"}, "3": {"maxiter": 100, "tol": 1e-10, "catol": 1e-10, "duration": 0.016417980194091797, "x": "[1.4144644  1.04369574 1.14391235 2.03160336 3.41222068 5.55932721]", "status": "2", "success": "False", "message": "Maximum number of function evaluations has been exceeded.", "nfev": "100", "fun": "0.16798624010949847", "maxcv": "0.0"}, "4": {"maxiter": 500, "tol": 1e-05, "catol": 1e-05, "duration": 0.04583406448364258, "x": "[1.40720031 1.06138479 1.13342796 2.01997679 3.43240089 5.57951578]", "status": "1", "success": "True", "message": "Optimization terminated successfully.", "nfev": "281", "fun": "0.167951179209069", "maxcv": "0.0"}, "5": {"maxiter": 500, "tol": 1e-05, "catol": 1e-10, "duration": 0.04601001739501953, "x": "[1.40720031 1.06138479 1.13342796 2.01997679 3.43240089 5.57951578]", "status": "1", "success": "True", "message": "Optimization terminated successfully.", "nfev": "281", "fun": "0.167951179209069", "maxcv": "0.0"}, "6": {"maxiter": 500, "tol": 1e-10, "catol": 1e-05, "duration": 0.07598280906677246, "x": "[1.407193   1.06139729 1.13342087 2.01996341 3.43240691 5.57952826]", "status": "1", "success": "True", "message": "Optimization terminated successfully.", "nfev": "466", "fun": "0.16795117917999658", "maxcv": "0.0"}, "7": {"maxiter": 500, "tol": 1e-10, "catol": 1e-10, "duration": 0.07590770721435547, "x": "[1.407193   1.06139729 1.13342087 2.01996341 3.43240691 5.57952826]", "status": "1", "success": "True", "message": "Optimization terminated successfully.", "nfev": "466", "fun": "0.16795117917999658", "maxcv": "0.0"}, "8": {"maxiter": 1000, "tol": 1e-05, "catol": 1e-05, "duration": 0.04602789878845215, "x": "[1.40720031 1.06138479 1.13342796 2.01997679 3.43240089 5.57951578]", "status": "1", "success": "True", "message": "Optimization terminated successfully.", "nfev": "281", "fun": "0.167951179209069", "maxcv": "0.0"}, "9": {"maxiter": 1000, "tol": 1e-05, "catol": 1e-10, "duration": 0.04590415954589844, "x": "[1.40720031 1.06138479 1.13342796 2.01997679 3.43240089 5.57951578]", "statu