{"date": "2024/07/19/, 15:38:07", "conf_id": 229, "data_type": "non_lin_ind\n", "num_data_points": 4, "s_rank": 0, "unitary": "[[-0.24866696+0.58742286j,-0.44704345-0.43151574j,-0.35669027-0.20570733j,-0.10517633+0.1626036j],[0.10596805-0.19687975j,-0.30269685-0.15056416j,0.18246286+0.30440582j,-0.83484447-0.11310748j],[0.26054512-0.52548482j,0.0285017-0.50723956j,-0.43110112+0.17165838j,0.15243271+0.39915801j],[0.42978035+0.11991271j,-0.17224126-0.46030424j,0.6827807-0.15164662j,0.26483638+0.0061855j]]", "databatch_0": {"databatch": "[[[-3.41553493e-01-0.00729374j,-1.94284544e-01+0.04114862j,3.03101504e-01+0.16463217j,-2.03018657e-01-0.02426567j],[1.43480648e-01-0.22185683j,-6.26787230e-02+0.05063659j,-2.24329979e-01+0.05425694j,1.24712422e-01-0.27418811j],[2.51337865e-01-0.0616138j,2.70621002e-02-0.11168304j,-2.13915607e-01-0.06321542j,2.31213119e-01-0.01979596j],[1.87285968e-01+0.17641458j,-1.83180415e-01+0.01565603j,2.07720030e-02-0.27261318j,3.12847786e-01+0.07979581j]],[[1.81035084e-01-0.33054725j,3.73387835e-01-0.35304519j,-1.88716730e-01-0.03746623j,3.54767661e-01+0.21303303j],[3.32124477e-02+0.00549637j,-2.45241369e-04+0.08374767j,2.90101733e-02-0.12830962j,-9.72155432e-02+0.15706496j],[4.94075087e-02+0.20313837j,-5.56889063e-02+0.26815267j,1.49868378e-01-0.04750605j,-2.92672945e-01+0.00889652j],[7.84614069e-03-0.1703959j,-2.08327598e-02-0.24252582j,7.80317530e-02+0.01135158j,-1.58147938e-02-0.04569396j]],[[1.08336188e-01-0.0121299j,-5.73202363e-01-0.03361304j,3.58933631e-01-0.23646448j,2.23747895e-01+0.14211749j],[-5.56624228e-03-0.05259521j,-1.10137181e-01-0.00657282j,7.68976462e-02+0.01915158j,-7.33151658e-02+0.05598216j],[-9.57592613e-03+0.0360254j,2.18808227e-01-0.24592068j,-5.31819064e-02+0.25421841j,-1.66444069e-01-0.00648183j],[1.18265828e-01-0.0684306j,-3.41675280e-01-0.00661694j,1.26239928e-01-0.10809511j,4.35503311e-02-0.06114499j]],[[1.94745494e-01-0.09714281j,2.25259280e-01+0.05456073j,7.93447535e-02-0.31185829j,-2.63056685e-01-0.0715137j],[1.98428552e-01+0.00876057j,1.26442679e-01+0.15989289j,1.54437681e-01-0.20112403j,-1.97379848e-01-0.15545341j],[-2.75139851e-02+0.20546412j,-1.73934732e-01+0.13493061j,1.93652117e-01+0.20642423j,1.86424263e-01-0.17751133j],[1.53327101e-01+0.16378281j,-2.32497124e-02+0.20786521j,2.92607632e-01-0.06979899j,-3.99031895e-02-0.29774101j]]]", "initial param values": "[2.08506263,4.72695605,0.08213784,5.73247491,4.07753176,2.28826113]", "nelder_mead": {"type": "gradient-free", "0": {"maxiter": 100, "fatol": 1e-05, "xatol": 1e-05, "duration": 0.02640700340270996, "fun": "0.45242784461107743", "nit": "100", "nfev": "155", "status": "2", "success": "False", "message": "Maximum number of iterations has been exceeded.", "x": "[5.80353139 1.69777107 0.00694172 2.61495941 5.80896355 3.22646354]", "final_simplex": "(array([[ 5.80353139e+00,  1.69777107e+00,  6.94172334e-03,\n         2.61495941e+00,  5.80896355e+00,  3.22646354e+00],\n       [ 5.87096332e+00,  1.75191203e+00,  4.69496682e-03,\n         2.48546478e+00,  5.85591376e+00,  3.23418883e+00],\n       [ 5.78477242e+00,  1.68736819e+00,  7.68745662e-03,\n         2.60031285e+00,  5.77879583e+00,  3.23164748e+00],\n       [ 5.83510468e+00,  1.65875430e+00,  7.67590124e-03,\n         2.46705614e+00,  5.77517475e+00,  3.26863422e+00],\n       [ 5.92791646e+00,  1.71810177e+00,  4.23152119e-03,\n         2.46846335e+00,  5.84217851e+00,  3.25604568e+00],\n       [ 5.91450621e+00,  1.56271425e+00,  4.92265432e-03,\n         2.52144578e+00,  5.84060319e+00,  3.24052928e+00],\n       [ 6.03606335e+00,  1.71937055e+00, -2.33055592e-04,\n         2.44082362e+00,  5.92977220e+00,  3.25944830e+00]]), array([0.45242784, 0.45287427, 0.45290783, 0.45319718, 0.45349343,\n       0.45400889, 0.45444848]))"}, "1": {"maxiter": 100, "fatol": 1e-05, "xatol": 1e-10, "duration": 0.02628302574157715, "fun": "0.45242784461107743", "nit": "100", "nfev": "155", "status": "2", "success": "False", "message": "Maximum number of iterations has been exceeded.", "x": "[5.80353139 1.69777107 0.00694172 2.61495941 5.80896355 3.22646354]", "final_simplex": "(array([[ 5.80353139e+00,  1.69777107e+00,  6.94172334e-03,\n         2.61495941e+00,  5.80896355e+00,  3.22646354e+00],\n       [ 5.87096332e+00,  1.75191203e+00,  4.69496682e-03,\n         2.48546478e+00,  5.85591376e+00,  3.23418883e+00],\n       [ 5.78477242e+00,  1.68736819e+00,  7.68745662e-03,\n         2.60031285e+00,  5.77879583e+00,  3.23164748e+00],\n       [ 5.83510468e+00,  1.65875430e+00,  7.67590124e-03,\n         2.46705614e+00,  5.77517475e+00,  3.26863422e+00],\n       [ 5.92791646e+00,  1.71810177e+00,  4.23152119e-03,\n         2.46846335e+00,  5.84217851e+00,  3.25604568e+00],\n       [ 5.91450621e+00,  1.56271425e+00,  4.92265432e-03,\n         2.52144578e+00,  5.84060319e+00,  3.24052928e+00],\n       [ 6.03606335e+00,  1.71937055e+00, -2.33055592e-04,\n         2.44082362e+00,  5.92977220e+00,  3.25944830e+00]]), array([0.45242784, 0.45287427, 0.45290783, 0.45319718, 0.45349343,\n       0.45400889, 0.45444848]))"}, "2": {"maxiter": 100, "fatol": 1e-10, "xatol": 1e-05, "duration": 0.026163816452026367, "fun": "0.45242784461107743", "nit": "100", "nfev": "155", "status": "2", "success": "False", "message": "Maximum number of iterations has been exceeded.", "x": "[5.80353139 1.69777107 0.00694172 2.61495941 5.80896355 3.22646354]", "final_simplex": "(array([[ 5.80353139e+00,  1.69777107e+00,  6.94172334e-03,\n         2.61495941e+00,  5.80896355e+00,  3.22646354e+00],\n       [ 5.87096332e+00,  1.75191203e+00,  4.69496682e-03,\n         2.48546478e+00,  5.85591376e+00,  3.23418883e+00],\n       [ 5.78477242e+00,  1.68736819e+00,  7.68745662e-03,\n         2.60031285e+00,  5.77879583e+00,  3.23164748e+00],\n       [ 5.83510468e+00,  1.65875430e+00,  7.67590124e-03,\n         2.46705614e+00,  5.77517475e+00,  3.26863422e+00],\n       [ 5.92791646e+00,  1.71810177e+00,  4.23152119e-03,\n         2.46846335e+00,  5.84217851e+00,  3.25604568e+00],\n       [ 5.91450621e+00,  1.56271425e+00,  4.92265432e-03,\n         2.52144578e+00,  5.84060319e+00,  3.24052928e+00],\n       [ 6.03606335e+00,  1.71937055e+00, -2.33055592e-04,\n         2.44082362e+00,  5.92977220e+00,  3.25944830e+00]]), array([0.45242784, 0.45287427, 0.45290783, 0.45319718, 0.45349343,\n       0.45400889, 0.45444848]))"}, "3": {"maxiter": 100, "fatol": 1e-10, "xatol": 1e-10, "duration": 0.02619481086730957, "fun": "0.45242784461107743", "nit": "100", "nfev": "155", "status": "2", "success": "False", "message": "Maximum number of iterations has been exceeded.", "x": "[5.80353139 1.69777107 0.00694172 2.61495941 5.80896355 3.22646354]", "final_simplex": "(array([[ 5.80353139e+00,  1.69777107e+00,  6.94172334e-03,\n         2.61495941e+00,  5.80896355e+00,  3.22646354e+00],\n       [ 5.87096332e+00,  1.75191203e+00,  4.69496682e-03,\n         2.48546478e+00,  5.85591376e+00,  3.23418883e+00],\n       [ 5.78477242e+00,  1.68736819e+00,  7.68745662e-03,\n         2.60031285e+00,  5.77879583e+00,  3.23164748e+00],\n       [ 5.83510468e+00,  1.65875430e+00,  7.67590124e-03,\n         2.46705614e+00,  5.77517475e+00,  3.26863422e+00],\n       [ 5.92791646e+00,  1.71810177e+00,  4.23152119e-03,\n         2.46846335e+00,  5.84217851e+00,  3.25604568e+00],\n       [ 5.91450621e+00,  1.56271425e+00,  4.92265432e-03,\n         2.52144578e+00,  5.84060319e+00,  3.24052928e+00],\n       [ 6.03606335e+00,  1.71937055e+00, -2.33055592e-04,\n         2.44082362e+00,  5.92977220e+00,  3.25944830e+00]]), array([0.45242784, 0.45287427, 0.45290783, 0.45319718, 0.45349343,\n       0.45400889, 0.45444848]))"}, "4": {"maxiter": 500, "fatol": 1e-05, "xatol": 1e-05, "duration": 0.12913298606872559, "fun": "0.18623661503818323", "nit": "500", "nfev": "763", "status": "2", "success": "False", "message": "Maximum number of iterations has been exceeded.", "x": "[ 4.68946409 -0.15653327  0.95421517  1.77840749  7.84047664  4.41898483]", "final_simplex": "(array([[ 4.68946409, -0.15653327,  0.95421517,  1.77840749,  7.84047664,\n         4.41898483],\n       [ 4.66510491, -0.10999991,  0.9794754 ,  1.81106077,  7.93856796,\n         4.4814633 ],\n       [ 4.82168414,  0.18522191,  0.7713043 ,  1.80872127,  7.68263055,\n         4.68938948],\n       [ 4.65970288, -0.07537727,  0.98317671,  1.78467412,  7.94935819,\n         4.57373342],\n       [ 4.75755122,  0.13648907,  0.78943771,  1.77325776,  7.67571798,\n         4.72347559],\n       [ 4.88169019,  0.27665203,  0.57227492,  1.82980692,  7.61757995,\n         4.6512841 ],\n       [ 4.8759523 ,  0.52542925,  0.4627869 ,  1.8198645 ,  7.35782048,\n         4.70514775]]), array([0.18623662, 0.19441784, 0.20756232, 0.20905028, 0.21649815,\n       0.21722031, 0.21818753]))"}, "5": {"maxiter": 500, "fatol": 1e-05, "xatol": 1e-10, "duration": 0.12932300567626953, "fun": "0.18623661503818323", "nit": "500", "nfev": "763", "status": "2", "success": "False", "message": "Maximum number of iterations has been exceeded.", "x": "[ 4.68946409 -0.15653327  0.95421517  1.77840749  7.84047664  4.41898483]", "final_simplex": "(array([[ 4.68946409, -0.15653327,  0.95421517,  1.77840749,  7.84047664,\n         4.41898483],\n       [ 4.66510491, -0.10999991,  0.9794754 ,  1.81106077,  7.93856796,\n         4.4814633 ],\n       [ 4.82168414,  0.18522191,  0.7713043 ,  1.80872127,  7.68263055,\n         4.68938948],\n       [ 4.65970288, -0.07537727,  0.98317671,  1.78467412,  7.94935819,\n         4.57373342],\n       [ 4.75755122,  0.13648907,  0.78943771,  1.77325776,  7.67571798,\n         4.72347559],\n       [ 4.88169019,  0.27665203,  0.57227492,  1.82980692,  7.61757995,\n         4.6512841 ],\n       [ 4.8759523 ,  0.52542925,  0.4627869 ,  1.8198645 ,  7.35782048,\n         4.70514775]]), array([0.18623662, 0.19441784, 0.20756232, 0.20905028, 0.21649815,\n       0.21722031, 0.21818753]))"}, "6": {"maxiter": 500, "fatol": 1e-10, "xatol": 1e-05, "duration": 0.12908124923706055, "fun": "0.18623661503818323", "nit": "500", "nfev": "763", "status": "2", "success": "False", "message": "Maximum number of iterations has been exceeded.", "x": "[ 4.68946409 -0.15653327  0.95421517  1.77840749  7.84047664  4.41898483]", "final_simplex": "(array([[ 4.68946409, -0.15653327,  0.95421517,  1.77840749,  7.84047664,\n         4.41898483],\n       [ 4.66510491, -0.10999991,  0.9794754 ,  1.81106077,  7.93856796,\n         4.4814633 ],\n       [ 4.82168414,  0.18522191,  0.7713043 ,  1.80872127,  7.68263055,\n         4.68938948],\n       [ 4.65970288, -0.07537727,  0.98317671,  1.78467412,  7.94935819,\n         4.57373342],\n       [ 4.75755122,  0.13648907,  0.78943771,  1.77325776,  7.67571798,\n         4.72347559],\n       [ 4.88169019,  0.27665203,  0.57227492,  1.82980692,  7.61757995,\n         4.6512841 ],\n       [ 4.8759523 ,  0.52542925,  0.4627869 ,  1.8198645 ,  7.35782048,\n         4.70514775]]), array([0.18623662, 0.19441784, 0.20756232, 0.20905028, 0.21649815,\n       0.21722031, 0.21818753]))"}, "7": {"maxiter": 500, "fatol": 1e-10, "xatol": 1e-10, "duration": 0.12905025482177734, "fun": "0.18623661503818323", "nit": "500", "nfev": "763", "status": "2", "success": "False", "message": "Maximum number of iterations has been exceeded.", "x": "[ 4.68946409 -0.15653327  0.95421517  1.77840749  7.84047664  4.41898483]", "final_simplex": "(array([[ 4.68946409, -0.15653327,  0.95421517,  1.77840749,  7.84047664,\n         4.41898483],\n       [ 4.66510491, -0.10999991,  0.9794754 ,  1.81106077,  7.93856796,\n         4.4814633 ],\n       [ 4.82168414,  0.18522191,  0.7713043 ,  1.80872127,  7.68263055,\n         4.68938948],\n       [ 4.65970288, -0.07537727,  0.98317671,  1.78467412,  7.94935819,\n         4.57373342],\n       [ 4.75755122,  0.13648907,  0.78943771,  1.77325776,  7.67571798,\n         4.72347559],\n       [ 4.88169019,  0.27665203,  0.57227492,  1.82980692,  7.61757995,\n         4.6512841 ],\n       [ 4.8759523 ,  0.52542925,  0.4627869 ,  1.8198645 ,  7.35782048,\n         4.70514775]]), array([0.18623662, 0.19441784, 0.20756232, 0.20905028, 0.21649815,\n       0.21722031, 0.21818753]))"}, "8": {"maxiter": 1000, "fatol": 1e-05, "xatol": 1e-05, "duration": 0.2201380729675293, "fun": "0.09404510075783468", "nit": "835", "nfev": "1288", "status": "0", "success": "True", "message": "Optimization terminated successfully.", "x": "[ 4.36772243 -0.03885991  1.49134866  2.22721346  7.6637218   3.67813108]", "final_simplex": "(array([[ 4.36772243, -0.03885991,  1.49134866,  2.22721346,  7.6637218 ,\n         3.67813108],\n       [ 4.36772953, -0.0388589 ,  1.4913449 ,  2.227213  ,  7.66372325,\n         3.6781382 ],\n       [ 4.36772053, -0.03886225,  1.49134577,  2.2272145 ,  7.66372703,\n         3.67813045],\n       [ 4.36772379, -0.03885819,  1.49134864,  2.22721534,  7.66372467,\n         3.67813323],\n       [ 4.36771765, -0.03886242,  1.49134764,  2.2272209 ,  7.66372994,\n         3.67813528],\n       [ 4.36771905, -0.0388581 ,  1.49134714,  2.22721783,  7.66372654,\n         3.67813667],\n       [ 4.36772761, -0.03886065,  1.49134378,  2.22720842,  7.66372395,\n         3.67813837]]), array([0.0940451, 0.0940451, 0.0940451, 0.0940451, 0.0940451, 0.0940451,\n       0.0940451]))"}, "9": {"maxiter": 1000, "fatol": 1e-05, "xatol": 1e-10, "duration": 0.27424097061157227, "fun": "0.09404510072243444", "nit": "992", "nfev": "1601", "status": "0", "success": "True", "message": "Optimization terminated successfully.", "x": "[ 4.3677243  -0.03887107  1.49134189  2.22721605  7.663711    3.67812617]", "final_simplex": "(array([[ 4.3677243 , -0.03887107,  1.49134189,  2.22721605,  7.663711  ,\n         3.67812617],\n       [ 4.3677243 , -0.03887107,  1.49134189,  2.22721605,  7.663711  ,\n         3.67812617],\n       [ 4.3677243 , -0.03887107,  1.49134189,  2.22721605,  7.663711  ,\n         3.67812617],\n       [ 4.3677243 , -0.03887107,  1.49134189,  2.22721605,  7.663711  ,\n         3.67812617],\n       [ 4.3677243 , -0.03887107,  1.49134189,  2.22721605,  7.663711  ,\n         3.67812617],\n       [ 4.3677243 , -0.03887107,  1.49134189,  2.22721605,  7.663711  ,\n         3.67812617],\n       [ 4.3677243 , -0.03887107,  1.49134189,  2.22721605,  7.663711  ,\n         3.67812617]]), array([0.0940451, 0.0940451, 0.0940451, 0.0940451, 0.0940451, 0.0940451,\n       0.0940451]))"}, "10": {"maxiter": 1000, "fatol": 1e-10, "xatol": 1e-05, "duration": 0.21889686584472656, "fun": "0.09404510075783468", "nit": "835", "nfev": "1288", "status": "0", "success": "True", "message": "Optimization terminated successfully.", "x": "[ 4.36772243 -0.03885991  1.49134866  2.22721346  7.6637218   3.67813108]", "final_simplex": "(array([[ 4.36772243, -0.03885991,  1.49134866,  2.22721346,  7.6637218 ,\n         3.67813108],\n       [ 4.36772953, -0.0388589 ,  1.4913449 ,  2.227213  ,  7.66372325,\n         3.6781382 ],\n       [ 4.36772053, -0.03886225,  1.49134577,  2.2272145 ,  7.66372703,\n         3.67813045],\n       [ 4.36772379, -0.03885819,  1.49134864,  2.22721534,  7.66372467,\n         3.67813323],\n       [ 4.36771765, -0.03886242,  1.49134764,  2.2272209 ,  7.66372994,\n         3.67813528],\n       [ 4.36771905, -0.0388581 ,  1.49134714,  2.22721783,  7.66372654,\n         3.67813667],\n       [ 4.36772761, -0.03886065,  1.49134378,  2.22720842,  7.66372395,\n         3.67813837]]), array([0.0940451, 0.0940451, 0.0940451, 0.0940451, 0.0940451, 0.0940451,\n       0.0940451]))"}, "11": {"maxiter": 1000, "fatol": 1e-10, "xatol": 1e-10, "duration": 0.26975417137145996, "fun": "0.09404510072243444", "nit": "992", "nfev": "1601", "status": "0", "success": "True", "message": "Optimization terminated successfully.", "x": "[ 4.3677243  -0.03887107  1.49134189  2.22721605  7.663711    3.67812617]", "final_simplex": "(array([[ 4.3677243 , -0.03887107,  1.49134189,  2.22721605,  7.663711  ,\n         3.67812617],\n       [ 4.3677243 , -0.03887107,  1.49134189,  2.22721605,  7.663711  ,\n         3.67812617],\n       [ 4.3677243 , -0.03887107,  1.49134189,  2.22721605,  7.663711  ,\n         3.67812617],\n       [ 4.3677243 , -0.03887107,  1.49134189,  2.22721605,  7.663711  ,\n         3.67812617],\n       [ 4.3677243 , -0.03887107,  1.49134189,  2.22721605,  7.663711  ,\n         3.67812617],\n       [ 4.3677243 , -0.03887107,  1.49134189,  2.22721605,  7.663711  ,\n         3.67812617],\n       [ 4.3677243 , -0.03887107,  1.49134189,  2.22721605,  7.663711  ,\n         3.67812617]]), array([0.0940451, 0.0940451, 0.0940451, 0.0940451, 0.0940451, 0.0940451,\n       0.0940451]))"}}, "bfgs": {"type": "gradient", "0": {"maxiter": 100, "gtol": 1e-05, "xrtol": 1e-05, "eps": 1e-05, "duration": 0.033699989318847656, "fun": "0.09404510078454775", "jac": "[-5.60662627e-08 -1.76905157e-06  4.32155423e-06  4.41802150e-07\n  1.22963861e-06 -4.59676741e-07]", "hess_inv": "[[ 5.15143736 -1.22118848  1.37936012 -1.03469993  1.89361296 -2.34207334]\n [-1.22118848  4.46922474  0.86786132 -0.62056036  0.1548813   1.36012655]\n [ 1.37936012  0.86786132  3.39207296 -1.56482641  0.72845143 -1.474801  ]\n [-1.03469993 -0.62056036 -1.56482641  3.18351171 -0.69910626  1.09315554]\n [ 1.89361296  0.1548813   0.72845143 -0.69910626  4.64165013  1.49627084]\n [-2.34207334  1.36012655 -1.474801    1.09315554  1.49627084  5.79026701]]", "nfev": "196", "njev": "28", "status": "0", "success": "True", "message": "Optimization terminated successfully.", "x": "[ 1.91546549  3.10270847 -1.65024012  4.05596151  4.52211006  0.53651197]", "nit": "21"}, "1": {"maxiter": 100, "gtol": 1e-05, "xrtol": 1e-05, "eps": 1e-10, "duration": 0.03355526924133301, "fun": "0.0940451007811921", "jac": "[-1.11022293e-06 -5.55111466e-06  2.22044587e-06 -1.11022293e-06\n  1.11022293e-06  1.11022293e-06]", "hess_inv": "[[ 5.1690746  -1.22867419  1.40321145 -1.02220648  1.89447031 -2.35468668]\n [-1.22867419  4.52595862  0.93026415 -0.60500336  0.17900172  1.35834621]\n [ 1.40321145  0.93026415  3.47900606 -1.56904967  0.73620007 -1.52433173]\n [-1.02220648 -0.60500336 -1.56904967  3.17998336 -0.68850582  1.14109413]\n [ 1.89447031  0.17900172  0.73620007 -0.68850582  4.61816658  1.46010006]\n [-2.35468668  1.35834621 -1.52433173  1.14109413  1.46010006  5.80048411]]", "nfev": "196", "njev": "28", "status": "0", "success": "True", "message": "Optimization terminated successfully.", "x": "[ 1.91546754  3.10270752 -1.6502409   4.05595951  4.5221278   0.5365296 ]", "nit": "21"}, "2": {"maxiter": 100, "gtol": 1e-05, "xrtol": 1e-10, "eps": 1e-05, "duration": 0.033934831619262695, "fun": "0.09404510078454775", "jac": "[-5.60662627e-08 -1.76905157e-06  4.32155423e-06  4.41802150e-07\n  1.22963861e-06 -4.59676741e-07]", "hess_inv": "[[ 5.15143736 -1.22118848  1.37936012 -1.03469993  1.89361296 -2.34207334]\n [-1.22118848  4.46922474  0.86786132 -0.62056036  0.1548813   1.36012655]\n [ 1.37936012  0.86786132  3.39207296 -1.56482641  0.72845143 -1.474801  ]\n [-1.03469993 -0.62056036 -1.56482641  3.18351171 -0.69910626  1.09315554]\n [ 1.89361296  0.1548813   0.72845143 -0.69910626  4.64165013  1.49627084]\n [-2.34207334  1.36012655 -1.474801    1.09315554  1.49627084  5.79026701]]", "nfev": "196", "njev": "28", "status": "0", "success": "True", "message": "Optimization terminated successfully.", "x": "[ 1.91546549  3.10270847 -1.65024012  4.05596151  4.52211006  0.53651197]", "nit": "21"}, "3": {"maxiter": 100, "gtol": 1e-05, "xrtol": 1e-10, "eps": 1e-10, "duration": 0.03406715393066406, "fun": "0.0940451007811921", "jac": "[-1.11022293e-06 -5.55111466e-06  2.22044587e-06 -1.11022293e-06\n  1.11022293e-06  1.11022293e-06]", "hess_inv": "[[ 5.1690746  -1.22867419  1.40321145 -1.02220648  1.89447031 -2.35468668]\n [-1.22867419  4.52595862  0.93026415 -0.60500336  0.17900172  1.35834621]\n [ 1.40321145  0.93026415  3.47900606 -1.56904967  0.73620007 -1.52433173]\n [-1.02220648 -0.60500336 -1.56904967  3.17998336 -0.68850582  1.14109413]\n [ 1.89447031  0.17900172  0.73620007 -0.68850582  4.61816658  1.46010006]\n [-2.35468668  1.35834621 -1.52433173  1.14109413  1.46010006  5.80048411]]", "nfev": "196", "njev": "28", "status": "0", "success": "True", "message": "Optimization terminated successfully.", "x": "[ 1.91546754  3.10270752 -1.6502409   4.05595951  4.5221278   0.5365296 ]", "nit": "21"}, "4": {"maxiter": 100, "gtol": 1e-10, "xrtol": 1e-05, "eps": 1e-05, "duration": 0.03522491455078125, "fun": "0.09404510077385198", "jac": "[ 3.53828078e-08 -2.73969736e-07  4.08650891e-07 -1.49769086e-08\n -1.85229609e-07 -1.47470924e-07]", "hess_inv": "[[ 5.27888886 -1.15093698  1.66020907 -1.16363643  2.16737658 -2.32214417]\n [-1.15093698  4.31554245  0.84659566 -0.59588504  0.02488176  1.17988301]\n [ 1.66020907  0.84659566  3.8498227  -1.76133096  1.07465948 -1.60587907]\n [-1.16363643 -0.59588504 -1.76133096  3.26630534 -0.8362778   1.16815406]\n [ 2.16737658  0.02488176  1.07465948 -0.8362778   4.8195965   1.25989744]\n [-2.32214417  1.17988301 -1.60587907  1.16815406  1.25989744  5.60332406]]", "nfev": "203", "njev": "29", "status": "0", "success": "True", "message": "Optimization terminated successfully.", "x": "[ 1.91545336  3.10271316 -1.65025645  4.05596812  4.5221006   0.53652138]", "nit": "22"}, "5": {"maxiter": 100, "gtol": 1e-10, "xrtol": 1e-05, "eps": 1e-10, "duration": 0.03529071807861328, "fun": "0.0940451007310994", "jac": "[ 0.00000000e+00  1.11022293e-06  0.00000000e+00 -2.22044587e-06\n -1.11022293e-06  1.11022293e-06]", "hess_inv": "[[ 5.21950443 -1.26418408  1.50492132 -1.07263884  2.04282405 -2.31764792]\n [-1.26418408  4.06469085  0.6187629  -0.48388222 -0.17386798  1.17778234]\n [ 1.50492132  0.6187629   3.56580398 -1.62853263  0.9128669  -1.52583789]\n [-1.07263884 -0.48388222 -1.62853263  3.21534647 -0.79313424  1.1312507 ]\n [ 2.04282405 -0.17386798  0.9128669  -0.79313424  4.927695    1.49014389]\n [-2.31764792  1.17778234 -1.52583789  1.1312507   1.49014389  5.77861002]]", "nfev": "203", "njev": "29", "status": "0", "success": "True", "message": "Optimization terminated successfully.", "x": "[ 1.91546209  3.10272565 -1.65024484  4.05596245  4.52211907  0.53653014]", "nit": "22"}, "6": {"maxiter": 100, "gtol": 1e-10, "xrtol": 1e-10, "eps": 1e-05, "duration": 0.08840799331665039, "fun": "0.09404510076985928", "jac": "[ 1.55431223e-10  0.00000000e+00 -6.66133815e-11 -3.10862447e-10\n -1.44328993e-10  2.44249065e-10]", "hess_inv": "[[ 5.35134672 -1.26833939  1.82915747 -1.24969343  1.94145104 -2.66301694]\n [-1.26833939  4.40881565  0.65386208 -0.53535767  0.05040625  1.41011378]\n [ 1.82915747  0.65386208  4.13061335 -1.9327216   0.79664689 -2.09387321]\n [-1.24969343 -0.53535767 -1.9327216   3.58674557 -0.49443676  1.44156937]\n [ 1.94145104  0.05040625  0.79664689 -0.49443676  4.75974751  1.34381708]\n [-2.66301694  1.41011378 -2.09387321  1.44156937  1.34381708  6.13766444]]", "nfev": "514", "njev": "73", "status": "0", "success": "True", "message": "Optimization terminated successfully.", "x": "[ 1.91545201  3.10271439 -1.65025824  4.05596896  4.52210132  0.53652395]", "nit": "26"}, "7": {"maxiter": 100, "gtol": 1e-10, "xrtol": 1e-10, "eps": 1e-10, "duration": 0.0489201545715332, "fun": "0.09404510072722871", "jac": "[ 1.11022293e-06 -2.22044587e-06  0.00000000e+00  2.22044587e-06\n  1.11022293e-06 -1.11022293e-06]", "hess_inv": "[[ 6.18079076 -1.6025532   1.70913024 -0.13455696  5.14190017 -0.1165406 ]\n [-1.6025532   3.45643633  0.03612057  0.17604392 -1.70516747 -0.24057958]\n [ 1.70913024  0.03612057  3.46164969 -0.96711727  1.85506088 -0.85801359]\n [-0.13455696  0.17604392 -0.96711727  1.70916221 -1.34527837 -0.41330153]\n [ 5.14190017 -1.70516747  1.85506088 -1.34527837  7.00584885 -0.14986491]\n [-0.1165406  -0.24057958 -0.85801359 -0.41330153 -0.14986491  1.13848945]]", "nfev": "280", "njev": "40", "status": "0", "success": "True", "message": "Optimization terminated successfully.", "x": "[ 1.91546477  3.1027219  -1.65024671  4.05596788  4.52212062  0.53652788]", "nit": "25"}, "8": {"maxiter": 500, "gtol": 1e-05, "xrtol": 1e-05, "eps": 1e-05, "duration": 0.03415417671203613, "fun": "0.09404510078454775", "jac": "[-5.60662627e-08 -1.76905157e-06  4.32155423e-06  4.41802150e-07\n  1.22963861e-06 -4.59676741e-07]", "hess_inv": "[[ 5.15143736 -1.22118848  1.37936012 -1.03469993  1.89361296 -2.34207334]\n [-1.22118848  4.46922474  0.86786132 -0.62056036  0.1548813   1.36012655]\n [ 1.37936012  0.86786132  3.39207296 -1.56482641  0.72845143 -1.474801  ]\n [-1.03469993 -0.62056036 -1.56482641  3.18351171 -0.69910626  1.09315554]\n [ 1.89361296  0.1548813   0.72845143 -0.69910626  4.64165013  1.49627084]\n [-2.34207334  1.36012655 -1.474801    1.09315554  1.49627084  5.79026701]]", "nfev": "196", "njev": "28", "status": "0", "success": "True", "message": "Optimization terminated successfully.", "x": "[ 1.91546549  3.10270847 -1.65024012  4.05596151  4.52211006  0.53651197]", "nit": "21"}, "9": {"maxiter": 500, "gtol": 1e-05, "xrtol": 1e-05, "eps": 1e-10, "duration": 0.0343019962310791, "fun": "0.0940451007811921", "jac": "[-1.11022293e-06 -5.55111466e-06  2.22044587e-06 -1.11022293e-06\n  1.11022293e-06  1.11022293e-06]", "hess_inv": "[[ 5.1690746  -1.22867419  1.40321145 -1.02220648  1.89447031 -2.35468668]\n [-1.22867419  4.52595862  0.93026415 -0.60500336  0.17900172  1.35834621]\n [ 1.40321145  0.93026415  3.47900606 -1.56904967  0.73620007 -1.52433173]\n [-1.02220648 -0.60500336 -1.56904967  3.17998336 -0.68850582  1.14109413]\n [ 1.89447031  0.17900172  0.73620007 -0.68850582  4.61816658  1.46010006]\n [-2.35468668  1.35834621 -1.52433173  1.14109413  1.46010006  5.80048411]]", "nfev": "196", "njev": "28", "status": "0", "success": "True", "message": "Optimization terminated successfully.", "x": "[ 1.91546754  3.10270752 -1.6502409   4.05595951  4.5221278   0.5365296 ]", "nit": "21"}, "10": {"maxiter": 500, "gtol": 1e-05, "xrtol": 1e-10, "eps": 1e-05, "duration": 0.03425908088684082, "fun": "0.09404510078454775", "jac": "[-5.60662627e-08 -1.76905157e-06  4.32155423e-06  4.41802150e-07\n  1.22963861e-06 -4.59676741e-07]", "hess_inv": "[[ 5.15143736 -1.22118848  1.37936012 -1.03469993  1.89361296 -2.34207334]\n [-1.22118848  4.46922474  0.86786132 -0.62056036  0.1548813   1.36012655]\n [ 1.37936012  0.86786132  3.39207296 -1.56482641  0.72845143 -1.474801  ]\n [-1.03469993 -0.62056036 -1.56482641  3.18351171 -0.69910626  1.09315554]\n [ 1.89361296  0.1548813   0.72845143 -0.69910626  4.64165013  1.49627084]\n [-2.34207334  1.36012655 -1.474801    1.09315554  1.49627084  5.79026701]]", "nfev": "196", "njev": "28", "status": "0", "success": "True", "message": "Optimization terminated successfully.", "x": "[ 1.91546549  3.10270847 -1.65024012  4.05596151  4.52211006  0.53651197]", "nit": "21"}, "11": {"maxiter": 500, "gtol": 1e-05, "xrtol": 1e-10, "eps": 1e-10, "duration": 0.0342707633972168, "fun": "0.0940451007811921", "jac": "[-1.11022293e-06 -5.55111466e-06  2.22044587e-06 -1.11022293e-06\n  1.11022293e-06  1.11022293e-06]", "hess_inv": "[[ 5.1690746  -1.22867419  1.40321145 -1.02220648  1.89447031 -2.35468668]\n [-1.22867419  4.52595862  0.93026415 -0.60500336  0.17900172  1.35834621]\n [ 1.40321145  0.93026415  3.47900606 -1.56904967  0.73620007 -1.52433173]\n [-1.02220648 -0.60500336 -1.56904967  3.17998336 -0.68850582  1.14109413]\n [ 1.89447031  0.17900172  0.73620007 -0.68850582  4.61816658  1.46010006]\n [-2.35468668  1.35834621 -1.52433173  1.14109413  1.46010006  5.80048411]]", "nfev": "196", "njev": "28", "status": "0", "success": "True", "message": "Optimization terminated successfully.", "x": "[ 1.91546754  3.10270752 -1.6502409   4.05595951  4.5221278   0.5365296 ]", "nit": "21"}, "12": {"maxiter": 500, "gtol": 1e-10, "xrtol": 1e-05, "eps": 1e-05, "duration": 0.03544187545776367, "fun": "0.09404510077385198", "jac": "[ 3.53828078e-08 -2.73969736e-07  4.08650891e-07 -1.49769086e-08\n -1.85229609e-07 -1.47470924e-07]", "hess_inv": "[[ 5.27888886 -1.15093698  1.66020907 -1.16363643  2.16737658 -2.32214417]\n [-1.15093698  4.31554245  0.84659566 -0.59588504  0.02488176  1.17988301]\n [ 1.66020907  0.84659566  3.8498227  -1.76133096  1.07465948 -1.60587907]\n [-1.16363643 -0.59588504 -1.76133096  3.26630534 -0.8362778   1.16815406]\n [ 2.16737658  0.02488176  1.07465948 -0.8362778   4.8195965   1.25989744]\n [-2.32214417  1.17988301 -1.60587907  1.16815406  1.25989744  5.60332406]]", "nfev": "203", "njev": "29", "status": "0", "success": "True", "message": "Optimization terminated successfully.", "x": "[ 1.91545336  3.10271316 -1.65025645  4.05596812  4.5221006   0.53652138]", "nit": "22"}, "13": {"maxiter": 500, "gtol": 1e-10, "xrtol": 1e-05, "eps": 1e-10, "duration": 0.03553891181945801, "fun": "0.0940451007310994", "jac": "[ 0.00000000e+00  1.11022293e-06  0.00000000e+00 -2.22044587e-06\n -1.11022293e-06  1.11022293e-06]", "hess_inv": "[[ 5.21950443 -1.26418408  1.50492132 -1.07263884  2.04282405 -2.31764792]\n [-1.26418408  4.06469085  0.6187629  -0.48388222 -0.17386798  1.17778234]\n [ 1.50492132  0.6187629   3.56580398 -1.62853263  0.9128669  -1.52583789]\n [-1.07263884 -0.48388222 -1.62853263  3.21534647 -0.79313424  1.1312507 ]\n [ 2.04282405 -0.17386798  0.9128669  -0.79313424  4.927695    1.49014389]\n [-2.31764792  1.17778234 -1.52583789  1.1312507   1.49014389  5.77861002]]", "nfev": "203", "njev": "29", "status": "0", "success": "True", "message": "Optimization terminated successfully.", "x": "[ 1.91546209  3.10272565 -1.65024484  4.05596245  4.52211907  0.53653014]", "nit": "22"}, "14": {"maxiter": 500, "gtol": 1e-10, "xrtol": 1e-10, "eps": 1e-05, "duration": 0.08910799026489258, "fun": "0.09404510076985928", "jac": "[ 1.55431223e-10  0.00000000e+00 -6.66133815e-11 -3.10862447e-10\n -1.44328993e-10  2.44249065e-10]", "hess_inv": "[[ 5.35134672 -1.26833939  1.82915747 -1.24969343  1.94145104 -2.66301694]\n [-1.26833939  4.40881565  0.65386208 -0.53535767  0.05040625  1.41011378]\n [ 1.82915747  0.65386208  4.13061335 -1.9327216   0.79664689 -2.09387321]\n [-1.24969343 -0.53535767 -1.9327216   3.58674557 -0.49443676  1.44156937]\n [ 1.94145104  0.05040625  0.79664689 -0.49443676  4.75974751  1.34381708]\n [-2.66301694  1.41011378 -2.09387321  1.44156937  1.34381708  6.13766444]]", "nfev": "514", "njev": "73", "status": "0", "success": "True", "message": "Optimization terminated successfully.", "x": "[ 1.91545201  3.10271439 -1.65025824  4.05596896  4.52210132  0.53652395]", "nit": "26"}, "15": {"maxiter": 500, "gtol": 1e-10, "xrtol": 1e-10, "eps": 1e-10, "duration": 0.04849886894226074, "fun": "0.09404510072722871", "jac": "[ 1.11022293e-06 -2.22044587e-06  0.00000000e+00  2.22044587e-06\n  1.11022293e-06 -1.11022293e-06]", "hess_inv": "[[ 6.18079076 -1.6025532   1.70913024 -0.13455696  5.14190017 -0.1165406 ]\n [-1.6025532   3.45643633  0.03612057  0.17604392 -1.70516747 -0.24057958]\n [ 1.70913024  0.03612057  3.46164969 -0.96711727  1.85506088 -0.85801359]\n [-0.13455696  0.17604392 -0.96711727  1.70916221 -1.34527837 -0.41330153]\n [ 5.14190017 -1.70516747  1.85506088 -1.34527837  7.00584885 -0.14986491]\n [-0.1165406  -0.24057958 -0.85801359 -0.41330153 -0.14986491  1.13848945]]", "nfev": "280", "njev": "40", "status": "0", "success": "True", "message": "Optimization terminated successfully.", "x": "[ 1.91546477  3.1027219  -1.65024671  4.05596788  4.52212062  0.53652788]", "nit": "25"}, "16": {"maxiter": 1000, "gtol": 1e-05, "xrtol": 1e-05, "eps": 1e-05, "duration": 0.03399920463562012, "fun": "0.09404510078454775", "jac": "[-5.60662627e-08 -1.76905157e-06  4.32155423e-06  4.41802150e-07\n  1.22963861e-06 -4.59676741e-07]", "hess_inv": "[[ 5.15143736 -1.22118848  1.37936012 -1.03469993  1.89361296 -2.34207334]\n [-1.22118848  4.46922474  0.86786132 -0.62056036  0.1548813   1.36012655]\n [ 1.37936012  0.86786132  3.39207296 -1.56482641  0.72845143 -1.474801  ]\n [-1.03469993 -0.62056036 -1.56482641  3.18351171 -0.69910626  1.09315554]\n [ 1.89361296  0.1548813   0.72845143 -0.69910626  4.64165013  1.49627084]\n [-2.34207334  1.36012655 -1.474801    1.09315554  1.49627084  5.79026701]]", "nfev": "196", "njev": "28", "status": "0", "success": "True", "message": "Optimization terminated successfully.", "x": "[ 1.91546549  3.10270847 -1.65024012  4.05596151  4.52211006  0.53651197]", "nit": "21"}, "17": {"maxiter": 1000, "gtol": 1e-05, "xrtol": 1e-05, "eps": 1e-10, "duration": 0.034255027770996094, "fun": "0.0940451007811921", "jac": "[-1.11022293e-06 -5.55111466e-06  2.22044587e-06 -1.11022293e-06\n  1.11022293e-06  1.11022293e-06]", "hess_inv": "[[ 5.1690746  -1.22867419  1.40321145 -1.02220648  1.89447031 -2.35468668]\n [-1.22867419  4.52595862  0.93026415 -0.60500336  0.17900172  1.35834621]\n [ 1.40321145  0.93026415  3.47900606 -1.56904967  0.73620007 -1.52433173]\n [-1.02220648 -0.60500336 -1.56904967  3.17998336 -0.68850582  1.14109413]\n [ 1.89447031  0.17900172  0.73620007 -0.68850582  4.61816658  1.46010006]\n [-2.35468668  1.35834621 -1.52433173  1.14109413  1.46010006  5.80048411]]", "nfev": "196", "njev": "28", "status": "0", "success": "True", "message": "Optimization terminated successfully.", "x": "[ 1.91546754  3.10270752 -1.6502409   4.05595951  4.5221278   0.5365296 ]", "nit": "21"}, "18": {"maxiter": 1000, "gtol": 1e-05, "xrtol": 1e-10, "eps": 1e-05, "duration": 0.03421902656555176, "fun": "0.09404510078454775", "jac": "[-5.60662627e-08 -1.76905157e-06  4.32155423e-06  4.41802150e-07\n  1.22963861e-06 -4.59676741e-07]", "hess_inv": "[[ 5.15143736 -1.22118848  1.37936012 -1.03469993  1.89361296 -2.34207334]\n [-1.22118848  4.46922474  0.86786132 -0.62056036  0.1548813   1.36012655]\n [ 1.37936012  0.86786132  3.39207296 -1.56482641  0.72845143 -1.474801  ]\n [-1.03469993 -0.62056036 -1.56482641  3.18351171 -0.69910626  1.09315554]\n [ 1.89361296  0.1548813   0.72845143 -0.69910626  4.64165013  1.49627084]\n [-2.34207334  1.36012655 -1.474801    1.09315554  1.49627084  5.79026701]]", "nfev": "196", "njev": "28", "status": "0", "success": "True", "message": "Optimization terminated successfully.", "x": "[ 1.91546549  3.10270847 -1.65024012  4.05596151  4.52211006  0.53651197]", "nit": "21"}, "19": {"maxiter": 1000, "gtol": 1e-05, "xrtol": 1e-10, "eps": 1e-10, "duration": 0.03427290916442871, "fun": "0.0940451007811921", "jac": "[-1.11022293e-06 -5.55111466e-06  2.22044587e-06 -1.11022293e-06\n  1.11022293e-06  1.11022293e-06]", "hess_inv": "[[ 5.1690746  -1.22867419  1.40321145 -1.02220648  1.89447031 -2.35468668]\n [-1.22867419  4.52595862  0.93026415 -0.60500336  0.17900172  1.35834621]\n [ 1.40321145  0.93026415  3.47900606 -1.56904967  0.73620007 -1.52433173]\n [-1.02220648 -0.60500336 -1.56904967  3.17998336 -0.68850582  1.14109413]\n [ 1.89447031  0.17900172  0.73620007 -0.68850582  4.61816658  1.46010006]\n [-2.35468668  1.35834621 -1.52433173  1.14109413  1.46010006  5.80048411]]", "nfev": "196", "njev": "28", "status": "0", "success": "True", "message": "Optimization terminated successfully.", "x": "[ 1.91546754  3.10270752 -1.6502409   4.05595951  4.5221278   0.5365296 ]", "nit": "21"}, "20": {"maxiter": 1000, "gtol": 1e-10, "xrtol": 1e-05, "eps": 1e-05, "duration": 0.03536701202392578, "fun": "0.09404510077385198", "jac": "[ 3.53828078e-08 -2.73969736e-07  4.08650891e-07 -1.49769086e-08\n -1.85229609e-07 -1.47470924e-07]", "hess_inv": "[[ 5.27888886 -1.15093698  1.66020907 -1.16363643  2.16737658 -2.32214417]\n [-1.15093698  4.31554245  0.84659566 -0.59588504  0.02488176  1.17988301]\n [ 1.66020907  0.84659566  3.8498227  -1.76133096  1.07465948 -1.60587907]\n [-1.16363643 -0.59588504 -1.76133096  3.26630534 -0.8362778   1.16815406]\n [ 2.16737658  0.02488176  1.07465948 -0.8362778   4.8195965   1.25989744]\n [-2.32214417  1.17988301 -1.60587907  1.16815406  1.25989744  5.60332406]]", "nfev": "203", "njev": "29", "status": "0", "success": "True", "message": "Optimization terminated successfully.", "x": "[ 1.91545336  3.10271316 -1.65025645  4.05596812  4.5221006   0.53652138]", "nit": "22"}, "21": {"maxiter": 1000, "gtol": 1e-10, "xrtol": 1e-05, "eps": 1e-10, "duration": 0.03542590141296387, "fun": "0.0940451007310994", "jac": "[ 0.00000000e+00  1.11022293e-06  0.00000000e+00 -2.22044587e-06\n -1.11022293e-06  1.11022293e-06]", "hess_inv": "[[ 5.21950443 -1.26418408  1.50492132 -1.07263884  2.04282405 -2.31764792]\n [-1.26418408  4.06469085  0.6187629  -0.48388222 -0.17386798  1.17778234]\n [ 1.50492132  0.6187629   3.56580398 -1.62853263  0.9128669  -1.52583789]\n [-1.07263884 -0.48388222 -1.62853263  3.21534647 -0.79313424  1.1312507 ]\n [ 2.04282405 -0.17386798  0.9128669  -0.79313424  4.927695    1.49014389]\n [-2.31764792  1.17778234 -1.52583789  1.1312507   1.49014389  5.77861002]]", "nfev": "203", "njev": "29", "status": "0", "success": "True", "message": "Optimization terminated successfully.", "x": "[ 1.91546209  3.10272565 -1.65024484  4.05596245  4.52211907  0.53653014]", "nit": "22"}, "22": {"maxiter": 1000, "gtol": 1e-10, "xrtol": 1e-10, "eps": 1e-05, "duration": 0.0885777473449707, "fun": "0.09404510076985928", "jac": "[ 1.55431223e-10  0.00000000e+00 -6.66133815e-11 -3.10862447e-10\n -1.44328993e-10  2.44249065e-10]", "hess_inv": "[[ 5.35134672 -1.26833939  1.82915747 -1.24969343  1.94145104 -2.66301694]\n [-1.26833939  4.40881565  0.65386208 -0.53535767  0.05040625  1.41011378]\n [ 1.82915747  0.65386208  4.13061335 -1.9327216   0.79664689 -2.09387321]\n [-1.24969343 -0.53535767 -1.9327216   3.58674557 -0.49443676  1.44156937]\n [ 1.94145104  0.05040625  0.79664689 -0.49443676  4.75974751  1.34381708]\n [-2.66301694  1.41011378 -2.09387321  1.44156937  1.34381708  6.13766444]]", "nfev": "514", "njev": "73", "status": "0", "success": "True", "message": "Optimization terminated successfully.", "x": "[ 1.91545201  3.10271439 -1.65025824  4.05596896  4.52210132  0.53652395]", "nit": "26"}, "23": {"maxiter": 1000, "gtol": 1e-10, "xrtol": 1e-10, "eps": 1e-10, "duration": 0.048478126525878906, "fun": "0.09404510072722871", "jac": "[ 1.11022293e-06 -2.22044587e-06  0.00000000e+00  2.22044587e-06\n  1.11022293e-06 -1.11022293e-06]", "hess_inv": "[[ 6.18079076 -1.6025532   1.70913024 -0.13455696  5.14190017 -0.1165406 ]\n [-1.6025532   3.45643633  0.03612057  0.17604392 -1.70516747 -0.24057958]\n [ 1.70913024  0.03612057  3.46164969 -0.96711727  1.85506088 -0.85801359]\n [-0.13455696  0.17604392 -0.96711727  1.70916221 -1.34527837 -0.41330153]\n [ 5.14190017 -1.70516747  1.85506088 -1.34527837  7.00584885 -0.14986491]\n [-0.1165406  -0.24057958 -0.85801359 -0.41330153 -0.14986491  1.13848945]]", "nfev": "280", "njev": "40", "status": "0", "success": "True", "message": "Optimization terminated successfully.", "x": "[ 1.91546477  3.1027219  -1.65024671  4.05596788  4.52212062  0.53652788]", "nit": "25"}}, "cobyla": {"0": {"maxiter": 100, "tol": 1e-05, "catol": 1e-05, "duration": 0.016719818115234375, "x": "[ 1.83370633  3.15139025 -1.70541208  8.48705815  1.34750019  3.76112348]", "status": "2", "success": "False", "message": "Maximum number of function evaluations has been exceeded.", "nfev": "100", "fun": "0.09505328858846251", "maxcv": "0.0"}, "1": {"maxiter": 100, "tol": 1e-05, "catol": 1e-10, "duration": 0.01661515235900879, "x": "[ 1.83370633  3.15139025 -1.70541208  8.48705815  1.34750019  3.76112348]", "status": "2", "success": "False", "message": "Maximum number of function evaluations has been exceeded.", "nfev": "100", "fun": "0.09505328858846251", "maxcv": "0.0"}, "2": {"maxiter": 100, "tol": 1e-10, "catol": 1e-05, "duration": 0.016693115234375, "x": "[ 1.83370633  3.15139025 -1.70541208  8.48705815  1.34750019  3.76112348]", "status": "2", "success": "False", "message": "Maximum number of function evaluations has been exceeded.", "nfev": "100", "fun": "0.09505328858846251", "maxcv": "0.0"}, "3": {"maxiter": 100, "tol": 1e-10, "catol": 1e-10, "duration": 0.01647186279296875, "x": "[ 1.83370633  3.15139025 -1.70541208  8.48705815  1.34750019  3.76112348]", "status": "2", "success": "False", "message": "Max