{"date": "2024/07/19/, 17:04:37", "conf_id": 253, "data_type": "var_s_rank\n", "num_data_points": 1, "s_rank": 0, "unitary": "[[-0.53618537-0.34368723j,-0.12107031-0.46226139j,-0.07699282-0.46603512j,0.36022595-0.11472301j],[0.26026499-0.63450712j,-0.56616638+0.37832564j,-0.14988651+0.08458591j,0.10363514-0.16008501j],[-0.32580188-0.11070003j,-0.36476308-0.23593218j,0.02559343+0.41761608j,-0.25598305+0.6725303j],[0.07406738-0.0126433j,0.28513701+0.19483972j,-0.74939717-0.10299659j,0.29798249+0.46269921j]]", "databatch_0": {"databatch": "[[[0.32888444-0.11521136j,0.05938212+0.02286872j,0.07665845+0.12022509j,-0.01542557-0.31693898j],[-0.04335232+0.24658021j,-0.0899882+0.25948873j,-0.10201508+0.24031578j,-0.16476569+0.14838761j],[0.07248655-0.14972532j,-0.06218369-0.24118172j,-0.32006361+0.27459312j,0.12040762+0.19932267j],[-0.13992193+0.18358598j,-0.08218663-0.07863316j,-0.07607658-0.15902395j,0.28071958-0.01333775j]]]", "initial param values": "[1.57282741,0.87224524,2.21356242,3.86285499,6.12558551,5.52286875]", "nelder_mead": {"type": "gradient-free", "0": {"maxiter": 100, "fatol": 1e-05, "xatol": 1e-05, "duration": 0.026477813720703125, "fun": "0.233996077792602", "nit": "100", "nfev": "156", "status": "2", "success": "False", "message": "Maximum number of iterations has been exceeded.", "x": "[2.26883648 0.72575995 3.17660719 2.01861184 5.054607   6.32276601]", "final_simplex": "(array([[2.26883648, 0.72575995, 3.17660719, 2.01861184, 5.054607  ,\n        6.32276601],\n       [2.28302614, 0.7211617 , 3.16752148, 2.02910626, 4.99591401,\n        6.35873366],\n       [2.27274491, 0.72207726, 3.19523847, 2.00558951, 5.04678301,\n        6.3379173 ],\n       [2.26585501, 0.73865536, 3.17676473, 1.97200833, 5.01696769,\n        6.29085492],\n       [2.27069994, 0.73189601, 3.17579964, 1.9600463 , 5.01527037,\n        6.3198992 ],\n       [2.24461804, 0.73792407, 3.17086329, 2.00462067, 5.04106718,\n        6.3342352 ],\n       [2.2398799 , 0.73703753, 3.17102198, 1.97124302, 5.06006608,\n        6.40757822]]), array([0.23399608, 0.23409111, 0.23445647, 0.23498783, 0.2350113 ,\n       0.23577388, 0.236062  ]))"}, "1": {"maxiter": 100, "fatol": 1e-05, "xatol": 1e-10, "duration": 0.026337146759033203, "fun": "0.233996077792602", "nit": "100", "nfev": "156", "status": "2", "success": "False", "message": "Maximum number of iterations has been exceeded.", "x": "[2.26883648 0.72575995 3.17660719 2.01861184 5.054607   6.32276601]", "final_simplex": "(array([[2.26883648, 0.72575995, 3.17660719, 2.01861184, 5.054607  ,\n        6.32276601],\n       [2.28302614, 0.7211617 , 3.16752148, 2.02910626, 4.99591401,\n        6.35873366],\n       [2.27274491, 0.72207726, 3.19523847, 2.00558951, 5.04678301,\n        6.3379173 ],\n       [2.26585501, 0.73865536, 3.17676473, 1.97200833, 5.01696769,\n        6.29085492],\n       [2.27069994, 0.73189601, 3.17579964, 1.9600463 , 5.01527037,\n        6.3198992 ],\n       [2.24461804, 0.73792407, 3.17086329, 2.00462067, 5.04106718,\n        6.3342352 ],\n       [2.2398799 , 0.73703753, 3.17102198, 1.97124302, 5.06006608,\n        6.40757822]]), array([0.23399608, 0.23409111, 0.23445647, 0.23498783, 0.2350113 ,\n       0.23577388, 0.236062  ]))"}, "2": {"maxiter": 100, "fatol": 1e-10, "xatol": 1e-05, "duration": 0.026309967041015625, "fun": "0.233996077792602", "nit": "100", "nfev": "156", "status": "2", "success": "False", "message": "Maximum number of iterations has been exceeded.", "x": "[2.26883648 0.72575995 3.17660719 2.01861184 5.054607   6.32276601]", "final_simplex": "(array([[2.26883648, 0.72575995, 3.17660719, 2.01861184, 5.054607  ,\n        6.32276601],\n       [2.28302614, 0.7211617 , 3.16752148, 2.02910626, 4.99591401,\n        6.35873366],\n       [2.27274491, 0.72207726, 3.19523847, 2.00558951, 5.04678301,\n        6.3379173 ],\n       [2.26585501, 0.73865536, 3.17676473, 1.97200833, 5.01696769,\n        6.29085492],\n       [2.27069994, 0.73189601, 3.17579964, 1.9600463 , 5.01527037,\n        6.3198992 ],\n       [2.24461804, 0.73792407, 3.17086329, 2.00462067, 5.04106718,\n        6.3342352 ],\n       [2.2398799 , 0.73703753, 3.17102198, 1.97124302, 5.06006608,\n        6.40757822]]), array([0.23399608, 0.23409111, 0.23445647, 0.23498783, 0.2350113 ,\n       0.23577388, 0.236062  ]))"}, "3": {"maxiter": 100, "fatol": 1e-10, "xatol": 1e-10, "duration": 0.02628302574157715, "fun": "0.233996077792602", "nit": "100", "nfev": "156", "status": "2", "success": "False", "message": "Maximum number of iterations has been exceeded.", "x": "[2.26883648 0.72575995 3.17660719 2.01861184 5.054607   6.32276601]", "final_simplex": "(array([[2.26883648, 0.72575995, 3.17660719, 2.01861184, 5.054607  ,\n        6.32276601],\n       [2.28302614, 0.7211617 , 3.16752148, 2.02910626, 4.99591401,\n        6.35873366],\n       [2.27274491, 0.72207726, 3.19523847, 2.00558951, 5.04678301,\n        6.3379173 ],\n       [2.26585501, 0.73865536, 3.17676473, 1.97200833, 5.01696769,\n        6.29085492],\n       [2.27069994, 0.73189601, 3.17579964, 1.9600463 , 5.01527037,\n        6.3198992 ],\n       [2.24461804, 0.73792407, 3.17086329, 2.00462067, 5.04106718,\n        6.3342352 ],\n       [2.2398799 , 0.73703753, 3.17102198, 1.97124302, 5.06006608,\n        6.40757822]]), array([0.23399608, 0.23409111, 0.23445647, 0.23498783, 0.2350113 ,\n       0.23577388, 0.236062  ]))"}, "4": {"maxiter": 500, "fatol": 1e-05, "xatol": 1e-05, "duration": 0.10226917266845703, "fun": "0.1602194603695679", "nit": "390", "nfev": "608", "status": "0", "success": "True", "message": "Optimization terminated successfully.", "x": "[2.49528705 1.65263409 3.79438507 1.95346848 4.96052429 6.21205364]", "final_simplex": "(array([[2.49528705, 1.65263409, 3.79438507, 1.95346848, 4.96052429,\n        6.21205364],\n       [2.49528667, 1.6526421 , 3.7943924 , 1.95346004, 4.96052128,\n        6.21205106],\n       [2.49529045, 1.6526312 , 3.79438608, 1.95346587, 4.96052808,\n        6.21205346],\n       [2.49529159, 1.65263705, 3.79438582, 1.95346732, 4.9605279 ,\n        6.21205522],\n       [2.4952924 , 1.65263349, 3.79438282, 1.95346784, 4.96051983,\n        6.21204913],\n       [2.49528708, 1.65263229, 3.79438198, 1.95346839, 4.96052322,\n        6.21205171],\n       [2.49529393, 1.65263095, 3.79438006, 1.95346734, 4.96052315,\n        6.21205527]]), array([0.16021946, 0.16021946, 0.16021946, 0.16021946, 0.16021946,\n       0.16021946, 0.16021946]))"}, "5": {"maxiter": 500, "fatol": 1e-05, "xatol": 1e-10, "duration": 0.1315476894378662, "fun": "0.16021946035831913", "nit": "500", "nfev": "782", "status": "2", "success": "False", "message": "Maximum number of iterations has been exceeded.", "x": "[2.49529124 1.65263967 3.79439431 1.95346716 4.96052115 6.21205468]", "final_simplex": "(array([[2.49529124, 1.65263967, 3.79439431, 1.95346716, 4.96052115,\n        6.21205468],\n       [2.49529123, 1.65263969, 3.79439433, 1.95346718, 4.96052115,\n        6.21205467],\n       [2.49529123, 1.6526397 , 3.79439432, 1.95346717, 4.96052114,\n        6.21205466],\n       [2.49529124, 1.65263975, 3.79439437, 1.95346714, 4.96052114,\n        6.21205467],\n       [2.49529122, 1.65263966, 3.7943943 , 1.95346715, 4.96052118,\n        6.21205469],\n       [2.49529123, 1.65263971, 3.79439435, 1.95346714, 4.96052113,\n        6.2120547 ],\n       [2.49529122, 1.65263969, 3.7943943 , 1.95346716, 4.96052117,\n        6.21205468]]), array([0.16021946, 0.16021946, 0.16021946, 0.16021946, 0.16021946,\n       0.16021946, 0.16021946]))"}, "6": {"maxiter": 500, "fatol": 1e-10, "xatol": 1e-05, "duration": 0.10223078727722168, "fun": "0.1602194603695679", "nit": "390", "nfev": "608", "status": "0", "success": "True", "message": "Optimization terminated successfully.", "x": "[2.49528705 1.65263409 3.79438507 1.95346848 4.96052429 6.21205364]", "final_simplex": "(array([[2.49528705, 1.65263409, 3.79438507, 1.95346848, 4.96052429,\n        6.21205364],\n       [2.49528667, 1.6526421 , 3.7943924 , 1.95346004, 4.96052128,\n        6.21205106],\n       [2.49529045, 1.6526312 , 3.79438608, 1.95346587, 4.96052808,\n        6.21205346],\n       [2.49529159, 1.65263705, 3.79438582, 1.95346732, 4.9605279 ,\n        6.21205522],\n       [2.4952924 , 1.65263349, 3.79438282, 1.95346784, 4.96051983,\n        6.21204913],\n       [2.49528708, 1.65263229, 3.79438198, 1.95346839, 4.96052322,\n        6.21205171],\n       [2.49529393, 1.65263095, 3.79438006, 1.95346734, 4.96052315,\n        6.21205527]]), array([0.16021946, 0.16021946, 0.16021946, 0.16021946, 0.16021946,\n       0.16021946, 0.16021946]))"}, "7": {"maxiter": 500, "fatol": 1e-10, "xatol": 1e-10, "duration": 0.1313169002532959, "fun": "0.16021946035831913", "nit": "500", "nfev": "782", "status": "2", "success": "False", "message": "Maximum number of iterations has been exceeded.", "x": "[2.49529124 1.65263967 3.79439431 1.95346716 4.96052115 6.21205468]", "final_simplex": "(array([[2.49529124, 1.65263967, 3.79439431, 1.95346716, 4.96052115,\n        6.21205468],\n       [2.49529123, 1.65263969, 3.79439433, 1.95346718, 4.96052115,\n        6.21205467],\n       [2.49529123, 1.6526397 , 3.79439432, 1.95346717, 4.96052114,\n        6.21205466],\n       [2.49529124, 1.65263975, 3.79439437, 1.95346714, 4.96052114,\n        6.21205467],\n       [2.49529122, 1.65263966, 3.7943943 , 1.95346715, 4.96052118,\n        6.21205469],\n       [2.49529123, 1.65263971, 3.79439435, 1.95346714, 4.96052113,\n        6.2120547 ],\n       [2.49529122, 1.65263969, 3.7943943 , 1.95346716, 4.96052117,\n        6.21205468]]), array([0.16021946, 0.16021946, 0.16021946, 0.16021946, 0.16021946,\n       0.16021946, 0.16021946]))"}, "8": {"maxiter": 1000, "fatol": 1e-05, "xatol": 1e-05, "duration": 0.10213112831115723, "fun": "0.1602194603695679", "nit": "390", "nfev": "608", "status": "0", "success": "True", "message": "Optimization terminated successfully.", "x": "[2.49528705 1.65263409 3.79438507 1.95346848 4.96052429 6.21205364]", "final_simplex": "(array([[2.49528705, 1.65263409, 3.79438507, 1.95346848, 4.96052429,\n        6.21205364],\n       [2.49528667, 1.6526421 , 3.7943924 , 1.95346004, 4.96052128,\n        6.21205106],\n       [2.49529045, 1.6526312 , 3.79438608, 1.95346587, 4.96052808,\n        6.21205346],\n       [2.49529159, 1.65263705, 3.79438582, 1.95346732, 4.9605279 ,\n        6.21205522],\n       [2.4952924 , 1.65263349, 3.79438282, 1.95346784, 4.96051983,\n        6.21204913],\n       [2.49528708, 1.65263229, 3.79438198, 1.95346839, 4.96052322,\n        6.21205171],\n       [2.49529393, 1.65263095, 3.79438006, 1.95346734, 4.96052315,\n        6.21205527]]), array([0.16021946, 0.16021946, 0.16021946, 0.16021946, 0.16021946,\n       0.16021946, 0.16021946]))"}, "9": {"maxiter": 1000, "fatol": 1e-05, "xatol": 1e-10, "duration": 0.14984893798828125, "fun": "0.16021946035831902", "nit": "534", "nfev": "895", "status": "0", "success": "True", "message": "Optimization terminated successfully.", "x": "[2.49529124 1.65263972 3.79439434 1.95346715 4.96052115 6.21205467]", "final_simplex": "(array([[2.49529124, 1.65263972, 3.79439434, 1.95346715, 4.96052115,\n        6.21205467],\n       [2.49529124, 1.65263972, 3.79439434, 1.95346715, 4.96052115,\n        6.21205467],\n       [2.49529124, 1.65263972, 3.79439434, 1.95346715, 4.96052115,\n        6.21205467],\n       [2.49529124, 1.65263972, 3.79439434, 1.95346715, 4.96052115,\n        6.21205467],\n       [2.49529124, 1.65263972, 3.79439434, 1.95346715, 4.96052115,\n        6.21205467],\n       [2.49529124, 1.65263972, 3.79439434, 1.95346715, 4.96052115,\n        6.21205467],\n       [2.49529124, 1.65263972, 3.79439434, 1.95346715, 4.96052115,\n        6.21205467]]), array([0.16021946, 0.16021946, 0.16021946, 0.16021946, 0.16021946,\n       0.16021946, 0.16021946]))"}, "10": {"maxiter": 1000, "fatol": 1e-10, "xatol": 1e-05, "duration": 0.1019279956817627, "fun": "0.1602194603695679", "nit": "390", "nfev": "608", "status": "0", "success": "True", "message": "Optimization terminated successfully.", "x": "[2.49528705 1.65263409 3.79438507 1.95346848 4.96052429 6.21205364]", "final_simplex": "(array([[2.49528705, 1.65263409, 3.79438507, 1.95346848, 4.96052429,\n        6.21205364],\n       [2.49528667, 1.6526421 , 3.7943924 , 1.95346004, 4.96052128,\n        6.21205106],\n       [2.49529045, 1.6526312 , 3.79438608, 1.95346587, 4.96052808,\n        6.21205346],\n       [2.49529159, 1.65263705, 3.79438582, 1.95346732, 4.9605279 ,\n        6.21205522],\n       [2.4952924 , 1.65263349, 3.79438282, 1.95346784, 4.96051983,\n        6.21204913],\n       [2.49528708, 1.65263229, 3.79438198, 1.95346839, 4.96052322,\n        6.21205171],\n       [2.49529393, 1.65263095, 3.79438006, 1.95346734, 4.96052315,\n        6.21205527]]), array([0.16021946, 0.16021946, 0.16021946, 0.16021946, 0.16021946,\n       0.16021946, 0.16021946]))"}, "11": {"maxiter": 1000, "fatol": 1e-10, "xatol": 1e-10, "duration": 0.15002799034118652, "fun": "0.16021946035831902", "nit": "534", "nfev": "895", "status": "0", "success": "True", "message": "Optimization terminated successfully.", "x": "[2.49529124 1.65263972 3.79439434 1.95346715 4.96052115 6.21205467]", "final_simplex": "(array([[2.49529124, 1.65263972, 3.79439434, 1.95346715, 4.96052115,\n        6.21205467],\n       [2.49529124, 1.65263972, 3.79439434, 1.95346715, 4.96052115,\n        6.21205467],\n       [2.49529124, 1.65263972, 3.79439434, 1.95346715, 4.96052115,\n        6.21205467],\n       [2.49529124, 1.65263972, 3.79439434, 1.95346715, 4.96052115,\n        6.21205467],\n       [2.49529124, 1.65263972, 3.79439434, 1.95346715, 4.96052115,\n        6.21205467],\n       [2.49529124, 1.65263972, 3.79439434, 1.95346715, 4.96052115,\n        6.21205467],\n       [2.49529124, 1.65263972, 3.79439434, 1.95346715, 4.96052115,\n        6.21205467]]), array([0.16021946, 0.16021946, 0.16021946, 0.16021946, 0.16021946,\n       0.16021946, 0.16021946]))"}}, "bfgs": {"type": "gradient", "0": {"maxiter": 100, "gtol": 1e-05, "xrtol": 1e-05, "eps": 1e-05, "duration": 0.029009342193603516, "fun": "0.16021946069193727", "jac": "[ 8.83583207e-06 -3.79994924e-06  2.03537187e-07 -5.12360154e-06\n -4.91940932e-06  7.42824691e-06]", "hess_inv": "[[ 2.60874141 -0.76278293 -0.74858377  0.68654321 -0.23160186  0.20547376]\n [-0.76278293  9.87706793  7.69424557 -1.01698855 -1.59951479 -2.10864604]\n [-0.74858377  7.69424557  8.40195826 -0.99391428 -1.42945178 -1.10782645]\n [ 0.68654321 -1.01698855 -0.99391428  2.97847408  0.33140777  0.11727988]\n [-0.23160186 -1.59951479 -1.42945178  0.33140777  3.0931393   1.19918019]\n [ 0.20547376 -2.10864604 -1.10782645  0.11727988  1.19918019  3.55660861]]", "nfev": "168", "njev": "24", "status": "0", "success": "True", "message": "Optimization terminated successfully.", "x": "[2.49530716 1.65258837 3.7943551  1.95346002 4.96051388 6.21207098]", "nit": "19"}, "1": {"maxiter": 100, "gtol": 1e-05, "xrtol": 1e-05, "eps": 1e-10, "duration": 0.0288848876953125, "fun": "0.16021946056175906", "jac": "[ 6.66133760e-06 -6.66133760e-06 -1.11022293e-06 -8.88178346e-06\n -4.44089173e-06  4.44089173e-06]", "hess_inv": "[[ 2.59451943 -0.78452841 -0.76355911  0.67816756 -0.22744318  0.21422868]\n [-0.78452841  9.84955292  7.69981412 -1.01199563 -1.59296159 -2.07952173]\n [-0.76355911  7.69981412  8.43130704 -0.97706439 -1.42942993 -1.10339968]\n [ 0.67816756 -1.01199563 -0.97706439  2.9867289   0.32833285  0.11426253]\n [-0.22744318 -1.59296159 -1.42942993  0.32833285  3.09379499  1.19609818]\n [ 0.21422868 -2.07952173 -1.10339968  0.11426253  1.19609818  3.53136376]]", "nfev": "168", "njev": "24", "status": "0", "success": "True", "message": "Optimization terminated successfully.", "x": "[2.49531607 1.65262611 3.79439074 1.95346204 4.96051355 6.21206712]", "nit": "19"}, "2": {"maxiter": 100, "gtol": 1e-05, "xrtol": 1e-10, "eps": 1e-05, "duration": 0.028926849365234375, "fun": "0.16021946069193727", "jac": "[ 8.83583207e-06 -3.79994924e-06  2.03537187e-07 -5.12360154e-06\n -4.91940932e-06  7.42824691e-06]", "hess_inv": "[[ 2.60874141 -0.76278293 -0.74858377  0.68654321 -0.23160186  0.20547376]\n [-0.76278293  9.87706793  7.69424557 -1.01698855 -1.59951479 -2.10864604]\n [-0.74858377  7.69424557  8.40195826 -0.99391428 -1.42945178 -1.10782645]\n [ 0.68654321 -1.01698855 -0.99391428  2.97847408  0.33140777  0.11727988]\n [-0.23160186 -1.59951479 -1.42945178  0.33140777  3.0931393   1.19918019]\n [ 0.20547376 -2.10864604 -1.10782645  0.11727988  1.19918019  3.55660861]]", "nfev": "168", "njev": "24", "status": "0", "success": "True", "message": "Optimization terminated successfully.", "x": "[2.49530716 1.65258837 3.7943551  1.95346002 4.96051388 6.21207098]", "nit": "19"}, "3": {"maxiter": 100, "gtol": 1e-05, "xrtol": 1e-10, "eps": 1e-10, "duration": 0.02897191047668457, "fun": "0.16021946056175906", "jac": "[ 6.66133760e-06 -6.66133760e-06 -1.11022293e-06 -8.88178346e-06\n -4.44089173e-06  4.44089173e-06]", "hess_inv": "[[ 2.59451943 -0.78452841 -0.76355911  0.67816756 -0.22744318  0.21422868]\n [-0.78452841  9.84955292  7.69981412 -1.01199563 -1.59296159 -2.07952173]\n [-0.76355911  7.69981412  8.43130704 -0.97706439 -1.42942993 -1.10339968]\n [ 0.67816756 -1.01199563 -0.97706439  2.9867289   0.32833285  0.11426253]\n [-0.22744318 -1.59296159 -1.42942993  0.32833285  3.09379499  1.19609818]\n [ 0.21422868 -2.07952173 -1.10339968  0.11426253  1.19609818  3.53136376]]", "nfev": "168", "njev": "24", "status": "0", "success": "True", "message": "Optimization terminated successfully.", "x": "[2.49531607 1.65262611 3.79439074 1.95346204 4.96051355 6.21206712]", "nit": "19"}, "4": {"maxiter": 100, "gtol": 1e-10, "xrtol": 1e-05, "eps": 1e-05, "duration": 0.030219078063964844, "fun": "0.16021946042963175", "jac": "[-1.83173476e-06 -5.92315086e-07  9.64817115e-07  9.56401625e-07\n  2.81386026e-07 -7.56295027e-07]", "hess_inv": "[[ 2.97137273 -0.34693358 -0.41528432  0.8076982  -0.28264284  0.18326398]\n [-0.34693358  8.72356065  6.9032709  -1.20073532 -1.67470138 -1.44905456]\n [-0.41528432  6.9032709   7.86409945 -1.11475356 -1.48834887 -0.63528578]\n [ 0.8076982  -1.20073532 -1.11475356  2.95508748  0.31105866  0.24544519]\n [-0.28264284 -1.67470138 -1.48834887  0.31105866  3.10015327  1.20930445]\n [ 0.18326398 -1.44905456 -0.63528578  0.24544519  1.20930445  3.27011772]]", "nfev": "175", "njev": "25", "status": "0", "success": "True", "message": "Optimization terminated successfully.", "x": "[2.49528106 1.65261956 3.79437509 1.9534634  4.96051817 6.2120469 ]", "nit": "20"}, "5": {"maxiter": 100, "gtol": 1e-10, "xrtol": 1e-05, "eps": 1e-10, "duration": 0.03029799461364746, "fun": "0.16021946047598068", "jac": "[-1.11022293e-06  3.33066880e-06  3.33066880e-06  2.22044587e-06\n  0.00000000e+00 -1.11022293e-06]", "hess_inv": "[[ 2.92630428 -0.51186352 -0.55942235  0.75284737 -0.2553167   0.18033716]\n [-0.51186352  8.06691757  6.33593032 -1.39269784 -1.5940686  -1.47570069]\n [-0.55942235  6.33593032  7.38786125 -1.26853461 -1.42994071 -0.64212068]\n [ 0.75284737 -1.39269784 -1.26853461  2.90615003  0.32686138  0.24579039]\n [-0.2553167  -1.5940686  -1.42994071  0.32686138  3.09589985  1.1920833 ]\n [ 0.18033716 -1.47570069 -0.64212068  0.24579039  1.1920833   3.33598762]]", "nfev": "175", "njev": "25", "status": "0", "success": "True", "message": "Optimization terminated successfully.", "x": "[2.4952973  1.6526774  3.79443011 1.95347251 4.9605144  6.21204803]", "nit": "20"}, "6": {"maxiter": 100, "gtol": 1e-10, "xrtol": 1e-10, "eps": 1e-05, "duration": 0.07507109642028809, "fun": "0.16021946042164892", "jac": "[ 3.39506201e-08 -1.02362563e-08  2.72892819e-08  3.37507799e-09\n  1.02362563e-08 -2.51354493e-08]", "hess_inv": "[[ 2.64032631 -0.23434168 -0.2620397   0.85097198 -0.24584387  0.05651048]\n [-0.23434168  8.79368477  6.86299028 -1.22180639 -1.67400707 -1.47103399]\n [-0.2620397   6.86299028  7.80515405 -1.13299344 -1.50652602 -0.58507955]\n [ 0.85097198 -1.22180639 -1.13299344  2.95038058  0.30487372  0.26551214]\n [-0.24584387 -1.67400707 -1.50652602  0.30487372  3.09829679  1.2157925 ]\n [ 0.05651048 -1.47103399 -0.58507955  0.26551214  1.2157925   3.26083561]]", "nfev": "439", "njev": "61", "status": "2", "success": "False", "message": "Desired error not necessarily achieved due to precision loss.", "x": "[2.4952854  1.65261835 3.79437234 1.95346264 4.96051791 6.2120485 ]", "nit": "21"}, "7": {"maxiter": 100, "gtol": 1e-10, "xrtol": 1e-10, "eps": 1e-10, "duration": 0.0963590145111084, "fun": "0.16021946038814527", "jac": "[4.44089173e-06 4.44089173e-06 3.33066880e-06 6.66133760e-06\n 4.44089173e-06 4.44089173e-06]", "hess_inv": "[[  52.07683257  -49.01936233   -4.50946715  106.02668264  -75.91486802\n   -55.34611947]\n [ -49.01936233   46.22399075    4.27795088 -100.04357247   71.59540643\n    52.12587646]\n [  -4.50946715    4.27795088    0.55638738   -9.50758184    6.81492504\n     4.72494129]\n [ 106.02668264 -100.04357247   -9.50758184  217.4360046  -155.63346256\n  -112.82123625]\n [ -75.91486802   71.59540643    6.81492504 -155.63346256  111.42904015\n    80.75012274]\n [ -55.34611947   52.12587646    4.72494129 -112.82123625   80.75012274\n    58.95483861]]", "nfev": "565", "njev": "79", "status": "2", "success": "False", "message": "Desired error not necessarily achieved due to precision loss.", "x": "[2.49529651 1.65265164 3.79440342 1.95347264 4.96052458 6.21205968]", "nit": "28"}, "8": {"maxiter": 500, "gtol": 1e-05, "xrtol": 1e-05, "eps": 1e-05, "duration": 0.02899789810180664, "fun": "0.16021946069193727", "jac": "[ 8.83583207e-06 -3.79994924e-06  2.03537187e-07 -5.12360154e-06\n -4.91940932e-06  7.42824691e-06]", "hess_inv": "[[ 2.60874141 -0.76278293 -0.74858377  0.68654321 -0.23160186  0.20547376]\n [-0.76278293  9.87706793  7.69424557 -1.01698855 -1.59951479 -2.10864604]\n [-0.74858377  7.69424557  8.40195826 -0.99391428 -1.42945178 -1.10782645]\n [ 0.68654321 -1.01698855 -0.99391428  2.97847408  0.33140777  0.11727988]\n [-0.23160186 -1.59951479 -1.42945178  0.33140777  3.0931393   1.19918019]\n [ 0.20547376 -2.10864604 -1.10782645  0.11727988  1.19918019  3.55660861]]", "nfev": "168", "njev": "24", "status": "0", "success": "True", "message": "Optimization terminated successfully.", "x": "[2.49530716 1.65258837 3.7943551  1.95346002 4.96051388 6.21207098]", "nit": "19"}, "9": {"maxiter": 500, "gtol": 1e-05, "xrtol": 1e-05, "eps": 1e-10, "duration": 0.028934001922607422, "fun": "0.16021946056175906", "jac": "[ 6.66133760e-06 -6.66133760e-06 -1.11022293e-06 -8.88178346e-06\n -4.44089173e-06  4.44089173e-06]", "hess_inv": "[[ 2.59451943 -0.78452841 -0.76355911  0.67816756 -0.22744318  0.21422868]\n [-0.78452841  9.84955292  7.69981412 -1.01199563 -1.59296159 -2.07952173]\n [-0.76355911  7.69981412  8.43130704 -0.97706439 -1.42942993 -1.10339968]\n [ 0.67816756 -1.01199563 -0.97706439  2.9867289   0.32833285  0.11426253]\n [-0.22744318 -1.59296159 -1.42942993  0.32833285  3.09379499  1.19609818]\n [ 0.21422868 -2.07952173 -1.10339968  0.11426253  1.19609818  3.53136376]]", "nfev": "168", "njev": "24", "status": "0", "success": "True", "message": "Optimization terminated successfully.", "x": "[2.49531607 1.65262611 3.79439074 1.95346204 4.96051355 6.21206712]", "nit": "19"}, "10": {"maxiter": 500, "gtol": 1e-05, "xrtol": 1e-10, "eps": 1e-05, "duration": 0.028498172760009766, "fun": "0.16021946069193727", "jac": "[ 8.83583207e-06 -3.79994924e-06  2.03537187e-07 -5.12360154e-06\n -4.91940932e-06  7.42824691e-06]", "hess_inv": "[[ 2.60874141 -0.76278293 -0.74858377  0.68654321 -0.23160186  0.20547376]\n [-0.76278293  9.87706793  7.69424557 -1.01698855 -1.59951479 -2.10864604]\n [-0.74858377  7.69424557  8.40195826 -0.99391428 -1.42945178 -1.10782645]\n [ 0.68654321 -1.01698855 -0.99391428  2.97847408  0.33140777  0.11727988]\n [-0.23160186 -1.59951479 -1.42945178  0.33140777  3.0931393   1.19918019]\n [ 0.20547376 -2.10864604 -1.10782645  0.11727988  1.19918019  3.55660861]]", "nfev": "168", "njev": "24", "status": "0", "success": "True", "message": "Optimization terminated successfully.", "x": "[2.49530716 1.65258837 3.7943551  1.95346002 4.96051388 6.21207098]", "nit": "19"}, "11": {"maxiter": 500, "gtol": 1e-05, "xrtol": 1e-10, "eps": 1e-10, "duration": 0.028658390045166016, "fun": "0.16021946056175906", "jac": "[ 6.66133760e-06 -6.66133760e-06 -1.11022293e-06 -8.88178346e-06\n -4.44089173e-06  4.44089173e-06]", "hess_inv": "[[ 2.59451943 -0.78452841 -0.76355911  0.67816756 -0.22744318  0.21422868]\n [-0.78452841  9.84955292  7.69981412 -1.01199563 -1.59296159 -2.07952173]\n [-0.76355911  7.69981412  8.43130704 -0.97706439 -1.42942993 -1.10339968]\n [ 0.67816756 -1.01199563 -0.97706439  2.9867289   0.32833285  0.11426253]\n [-0.22744318 -1.59296159 -1.42942993  0.32833285  3.09379499  1.19609818]\n [ 0.21422868 -2.07952173 -1.10339968  0.11426253  1.19609818  3.53136376]]", "nfev": "168", "njev": "24", "status": "0", "success": "True", "message": "Optimization terminated successfully.", "x": "[2.49531607 1.65262611 3.79439074 1.95346204 4.96051355 6.21206712]", "nit": "19"}, "12": {"maxiter": 500, "gtol": 1e-10, "xrtol": 1e-05, "eps": 1e-05, "duration": 0.030215978622436523, "fun": "0.16021946042963175", "jac": "[-1.83173476e-06 -5.92315086e-07  9.64817115e-07  9.56401625e-07\n  2.81386026e-07 -7.56295027e-07]", "hess_inv": "[[ 2.97137273 -0.34693358 -0.41528432  0.8076982  -0.28264284  0.18326398]\n [-0.34693358  8.72356065  6.9032709  -1.20073532 -1.67470138 -1.44905456]\n [-0.41528432  6.9032709   7.86409945 -1.11475356 -1.48834887 -0.63528578]\n [ 0.8076982  -1.20073532 -1.11475356  2.95508748  0.31105866  0.24544519]\n [-0.28264284 -1.67470138 -1.48834887  0.31105866  3.10015327  1.20930445]\n [ 0.18326398 -1.44905456 -0.63528578  0.24544519  1.20930445  3.27011772]]", "nfev": "175", "njev": "25", "status": "0", "success": "True", "message": "Optimization terminated successfully.", "x": "[2.49528106 1.65261956 3.79437509 1.9534634  4.96051817 6.2120469 ]", "nit": "20"}, "13": {"maxiter": 500, "gtol": 1e-10, "xrtol": 1e-05, "eps": 1e-10, "duration": 0.031138181686401367, "fun": "0.16021946047598068", "jac": "[-1.11022293e-06  3.33066880e-06  3.33066880e-06  2.22044587e-06\n  0.00000000e+00 -1.11022293e-06]", "hess_inv": "[[ 2.92630428 -0.51186352 -0.55942235  0.75284737 -0.2553167   0.18033716]\n [-0.51186352  8.06691757  6.33593032 -1.39269784 -1.5940686  -1.47570069]\n [-0.55942235  6.33593032  7.38786125 -1.26853461 -1.42994071 -0.64212068]\n [ 0.75284737 -1.39269784 -1.26853461  2.90615003  0.32686138  0.24579039]\n [-0.2553167  -1.5940686  -1.42994071  0.32686138  3.09589985  1.1920833 ]\n [ 0.18033716 -1.47570069 -0.64212068  0.24579039  1.1920833   3.33598762]]", "nfev": "175", "njev": "25", "status": "0", "success": "True", "message": "Optimization terminated successfully.", "x": "[2.4952973  1.6526774  3.79443011 1.95347251 4.9605144  6.21204803]", "nit": "20"}, "14": {"maxiter": 500, "gtol": 1e-10, "xrtol": 1e-10, "eps": 1e-05, "duration": 0.0774531364440918, "fun": "0.16021946042164892", "jac": "[ 3.39506201e-08 -1.02362563e-08  2.72892819e-08  3.37507799e-09\n  1.02362563e-08 -2.51354493e-08]", "hess_inv": "[[ 2.64032631 -0.23434168 -0.2620397   0.85097198 -0.24584387  0.05651048]\n [-0.23434168  8.79368477  6.86299028 -1.22180639 -1.67400707 -1.47103399]\n [-0.2620397   6.86299028  7.80515405 -1.13299344 -1.50652602 -0.58507955]\n [ 0.85097198 -1.22180639 -1.13299344  2.95038058  0.30487372  0.26551214]\n [-0.24584387 -1.67400707 -1.50652602  0.30487372  3.09829679  1.2157925 ]\n [ 0.05651048 -1.47103399 -0.58507955  0.26551214  1.2157925   3.26083561]]", "nfev": "439", "njev": "61", "status": "2", "success": "False", "message": "Desired error not necessarily achieved due to precision loss.", "x": "[2.4952854  1.65261835 3.79437234 1.95346264 4.96051791 6.2120485 ]", "nit": "21"}, "15": {"maxiter": 500, "gtol": 1e-10, "xrtol": 1e-10, "eps": 1e-10, "duration": 0.0956580638885498, "fun": "0.16021946038814527", "jac": "[4.44089173e-06 4.44089173e-06 3.33066880e-06 6.66133760e-06\n 4.44089173e-06 4.44089173e-06]", "hess_inv": "[[  52.07683257  -49.01936233   -4.50946715  106.02668264  -75.91486802\n   -55.34611947]\n [ -49.01936233   46.22399075    4.27795088 -100.04357247   71.59540643\n    52.12587646]\n [  -4.50946715    4.27795088    0.55638738   -9.50758184    6.81492504\n     4.72494129]\n [ 106.02668264 -100.04357247   -9.50758184  217.4360046  -155.63346256\n  -112.82123625]\n [ -75.91486802   71.59540643    6.81492504 -155.63346256  111.42904015\n    80.75012274]\n [ -55.34611947   52.12587646    4.72494129 -112.82123625   80.75012274\n    58.95483861]]", "nfev": "565", "njev": "79", "status": "2", "success": "False", "message": "Desired error not necessarily achieved due to precision loss.", "x": "[2.49529651 1.65265164 3.79440342 1.95347264 4.96052458 6.21205968]", "nit": "28"}, "16": {"maxiter": 1000, "gtol": 1e-05, "xrtol": 1e-05, "eps": 1e-05, "duration": 0.028792858123779297, "fun": "0.16021946069193727", "jac": "[ 8.83583207e-06 -3.79994924e-06  2.03537187e-07 -5.12360154e-06\n -4.91940932e-06  7.42824691e-06]", "hess_inv": "[[ 2.60874141 -0.76278293 -0.74858377  0.68654321 -0.23160186  0.20547376]\n [-0.76278293  9.87706793  7.69424557 -1.01698855 -1.59951479 -2.10864604]\n [-0.74858377  7.69424557  8.40195826 -0.99391428 -1.42945178 -1.10782645]\n [ 0.68654321 -1.01698855 -0.99391428  2.97847408  0.33140777  0.11727988]\n [-0.23160186 -1.59951479 -1.42945178  0.33140777  3.0931393   1.19918019]\n [ 0.20547376 -2.10864604 -1.10782645  0.11727988  1.19918019  3.55660861]]", "nfev": "168", "njev": "24", "status": "0", "success": "True", "message": "Optimization terminated successfully.", "x": "[2.49530716 1.65258837 3.7943551  1.95346002 4.96051388 6.21207098]", "nit": "19"}, "17": {"maxiter": 1000, "gtol": 1e-05, "xrtol": 1e-05, "eps": 1e-10, "duration": 0.02879786491394043, "fun": "0.16021946056175906", "jac": "[ 6.66133760e-06 -6.66133760e-06 -1.11022293e-06 -8.88178346e-06\n -4.44089173e-06  4.44089173e-06]", "hess_inv": "[[ 2.59451943 -0.78452841 -0.76355911  0.67816756 -0.22744318  0.21422868]\n [-0.78452841  9.84955292  7.69981412 -1.01199563 -1.59296159 -2.07952173]\n [-0.76355911  7.69981412  8.43130704 -0.97706439 -1.42942993 -1.10339968]\n [ 0.67816756 -1.01199563 -0.97706439  2.9867289   0.32833285  0.11426253]\n [-0.22744318 -1.59296159 -1.42942993  0.32833285  3.09379499  1.19609818]\n [ 0.21422868 -2.07952173 -1.10339968  0.11426253  1.19609818  3.53136376]]", "nfev": "168", "njev": "24", "status": "0", "success": "True", "message": "Optimization terminated successfully.", "x": "[2.49531607 1.65262611 3.79439074 1.95346204 4.96051355 6.21206712]", "nit": "19"}, "18": {"maxiter": 1000, "gtol": 1e-05, "xrtol": 1e-10, "eps": 1e-05, "duration": 0.028815269470214844, "fun": "0.16021946069193727", "jac": "[ 8.83583207e-06 -3.79994924e-06  2.03537187e-07 -5.12360154e-06\n -4.91940932e-06  7.42824691e-06]", "hess_inv": "[[ 2.60874141 -0.76278293 -0.74858377  0.68654321 -0.23160186  0.20547376]\n [-0.76278293  9.87706793  7.69424557 -1.01698855 -1.59951479 -2.10864604]\n [-0.74858377  7.69424557  8.40195826 -0.99391428 -1.42945178 -1.10782645]\n [ 0.68654321 -1.01698855 -0.99391428  2.97847408  0.33140777  0.11727988]\n [-0.23160186 -1.59951479 -1.42945178  0.33140777  3.0931393   1.19918019]\n [ 0.20547376 -2.10864604 -1.10782645  0.11727988  1.19918019  3.55660861]]", "nfev": "168", "njev": "24", "status": "0", "success": "True", "message": "Optimization terminated successfully.", "x": "[2.49530716 1.65258837 3.7943551  1.95346002 4.96051388 6.21207098]", "nit": "19"}, "19": {"maxiter": 1000, "gtol": 1e-05, "xrtol": 1e-10, "eps": 1e-10, "duration": 0.028826236724853516, "fun": "0.16021946056175906", "jac": "[ 6.66133760e-06 -6.66133760e-06 -1.11022293e-06 -8.88178346e-06\n -4.44089173e-06  4.44089173e-06]", "hess_inv": "[[ 2.59451943 -0.78452841 -0.76355911  0.67816756 -0.22744318  0.21422868]\n [-0.78452841  9.84955292  7.69981412 -1.01199563 -1.59296159 -2.07952173]\n [-0.76355911  7.69981412  8.43130704 -0.97706439 -1.42942993 -1.10339968]\n [ 0.67816756 -1.01199563 -0.97706439  2.9867289   0.32833285  0.11426253]\n [-0.22744318 -1.59296159 -1.42942993  0.32833285  3.09379499  1.19609818]\n [ 0.21422868 -2.07952173 -1.10339968  0.11426253  1.19609818  3.53136376]]", "nfev": "168", "njev": "24", "status": "0", "success": "True", "message": "Optimization terminated successfully.", "x": "[2.49531607 1.65262611 3.79439074 1.95346204 4.96051355 6.21206712]", "nit": "19"}, "20": {"maxiter": 1000, "gtol": 1e-10, "xrtol": 1e-05, "eps": 1e-05, "duration": 0.030117034912109375, "fun": "0.16021946042963175", "jac": "[-1.83173476e-06 -5.92315086e-07  9.64817115e-07  9.56401625e-07\n  2.81386026e-07 -7.56295027e-07]", "hess_inv": "[[ 2.97137273 -0.34693358 -0.41528432  0.8076982  -0.28264284  0.18326398]\n [-0.34693358  8.72356065  6.9032709  -1.20073532 -1.67470138 -1.44905456]\n [-0.41528432  6.9032709   7.86409945 -1.11475356 -1.48834887 -0.63528578]\n [ 0.8076982  -1.20073532 -1.11475356  2.95508748  0.31105866  0.24544519]\n [-0.28264284 -1.67470138 -1.48834887  0.31105866  3.10015327  1.20930445]\n [ 0.18326398 -1.44905456 -0.63528578  0.24544519  1.20930445  3.27011772]]", "nfev": "175", "njev": "25", "status": "0", "success": "True", "message": "Optimization terminated successfully.", "x": "[2.49528106 1.65261956 3.79437509 1.9534634  4.96051817 6.2120469 ]", "nit": "20"}, "21": {"maxiter": 1000, "gtol": 1e-10, "xrtol": 1e-05, "eps": 1e-10, "duration": 0.030148029327392578, "fun": "0.16021946047598068", "jac": "[-1.11022293e-06  3.33066880e-06  3.33066880e-06  2.22044587e-06\n  0.00000000e+00 -1.11022293e-06]", "hess_inv": "[[ 2.92630428 -0.51186352 -0.55942235  0.75284737 -0.2553167   0.18033716]\n [-0.51186352  8.06691757  6.33593032 -1.39269784 -1.5940686  -1.47570069]\n [-0.55942235  6.33593032  7.38786125 -1.26853461 -1.42994071 -0.64212068]\n [ 0.75284737 -1.39269784 -1.26853461  2.90615003  0.32686138  0.24579039]\n [-0.2553167  -1.5940686  -1.42994071  0.32686138  3.09589985  1.1920833 ]\n [ 0.18033716 -1.47570069 -0.64212068  0.24579039  1.1920833   3.33598762]]", "nfev": "175", "njev": "25", "status": "0", "success": "True", "message": "Optimization terminated successfully.", "x": "[2.4952973  1.6526774  3.79443011 1.95347251 4.9605144  6.21204803]", "nit": "20"}, "22": {"maxiter": 1000, "gtol": 1e-10, "xrtol": 1e-10, "eps": 1e-05, "duration": 0.07542014122009277, "fun": "0.16021946042164892", "jac": "[ 3.39506201e-08 -1.02362563e-08  2.72892819e-08  3.37507799e-09\n  1.02362563e-08 -2.51354493e-08]", "hess_inv": "[[ 2.64032631 -0.23434168 -0.2620397   0.85097198 -0.24584387  0.05651048]\n [-0.23434168  8.79368477  6.86299028 -1.22180639 -1.67400707 -1.47103399]\n [-0.2620397   6.86299028  7.80515405 -1.13299344 -1.50652602 -0.58507955]\n [ 0.85097198 -1.22180639 -1.13299344  2.95038058  0.30487372  0.26551214]\n [-0.24584387 -1.67400707 -1.50652602  0.30487372  3.09829679  1.2157925 ]\n [ 0.05651048 -1.47103399 -0.58507955  0.26551214  1.2157925   3.26083561]]", "nfev": "439", "njev": "61", "status": "2", "success": "False", "message": "Desired error not necessarily achieved due to precision loss.", "x": "[2.4952854  1.65261835 3.79437234 1.95346264 4.96051791 6.2120485 ]", "nit": "21"}, "23": {"maxiter": 1000, "gtol": 1e-10, "xrtol": 1e-10, "eps": 1e-10, "duration": 0.0975339412689209, "fun": "0.16021946038814527", "jac": "[4.44089173e-06 4.44089173e-06 3.33066880e-06 6.66133760e-06\n 4.44089173e-06 4.44089173e-06]", "hess_inv": "[[  52.07683257  -49.01936233   -4.50946715  106.02668264  -75.91486802\n   -55.34611947]\n [ -49.01936233   46.22399075    4.27795088 -100.04357247   71.59540643\n    52.12587646]\n [  -4.50946715    4.27795088    0.55638738   -9.50758184    6.81492504\n     4.72494129]\n [ 106.02668264 -100.04357247   -9.50758184  217.4360046  -155.63346256\n  -112.82123625]\n [ -75.91486802   71.59540643    6.81492504 -155.63346256  111.42904015\n    80.75012274]\n [ -55.34611947   52.12587646    4.72494129 -112.82123625   80.75012274\n    58.95483861]]", "nfev": "565", "njev": "79", "status": "2", "success": "False", "message": "Desired error not necessarily achieved due to precision loss.", "x": "[2.49529651 1.65265164 3.79440342 1.95347264 4.96052458 6.21205968]", "nit": "28"}}, "cobyla": {"0": {"maxiter": 100, "tol": 1e-05, "catol": 1e-05, "duration": 0.016654253005981445, "x": "[2.49782917 1.63231246 3.78162569 4.32262016 8.1098025  9.35891283]", "status": "2", "success": "False", "message": "Maximum number of function evaluations has been exceeded.", "nfev": "100", "fun": "0.16025480064035047", "maxcv": "0.0"}, "1": {"maxiter": 100, "tol": 1e-05, "catol": 1e-10, "duration": 0.01662302017211914, "x": "[2.49782917 1.63231246 3.78162569 4.32262016 8.1098025  9.35891283]", "status": "2", "success": "False", "message": "Maximum number of function evaluations has been exceeded.", "nfev": "100", "fun": "0.16025480064035047", "maxcv": "0.0"}, "2": {"maxiter": 100, "tol": 1e-10, "catol": 1e-05, "duration": 0.016598939895629883, "x": "[2.49782917 1.63231246 3.78162569 4.32262016 8.1098025  9.35891283]", "status": "2", "success": "False", "message": "Maximum number of function evaluations has been exceeded.", "nfev": "100", "fun": "0.16025480064035047", "maxcv": "0.0"}, "3": {"maxiter": 100, "tol": 1e-10, "catol": 1e-10, "duration": 0.0165860652923584, "x": "[2.49782917 1.63231246 3.78162569 4.32262016 8.1098025  9.35891283]", "status": "2", "success": "False", "message": "Maximum number of function evaluations has been exceeded.", "nfev": "100", "fun": "0.16025480064035047", "maxcv": "0.0"}, "4": {"maxiter": 500, "tol": 1e-05, "catol": 1e-05, "duration": 0.03972005844116211, "x": "[2.49529023 1.65260403 3.79437138 4.32971482 8.10212469 9.35364806]", "status": "1", "success": "True", "message": "Optimization terminated successfully.", "nfev": "239", "fun": "0.16021946045779845", "maxcv": "0.0"}, "5": {"maxiter": 500, "tol": 1e-05, "catol": 1e-10, "duration": 0.03980112075805664, "x": "[2.49529023 1.65260403 3.79437138 4.32971482 8.10212469 9.35364806]", "status": "1", "success": "True", "message": "Optimization terminated successfully.", "nfev": "239", "fun": "0.16021946045779845", "maxcv": "0.0"}, "6": {"maxiter": 500, "tol": 1e-10, "catol": 1e-05, "duration": 0.06773877143859863, "x": "[2.49529125 1.65263944 3.79439409 4.32971811 8.10211386 9.35364736]", "status": "1", "success": "True", "message": "Optimization terminated successfully.", "nfev": "407", "fun": "0.16021946035832324", "maxcv": "0.0"}, "7": {"maxiter": 500, "tol": 1e-10, "catol": 1e-10, "duration": 0.06779098510742188, "x": "[2.49529125 1.65263944 3.79439409 4.32971811 8.10211386 9.35364736]", "status": "1", "success": "True", "message": "Optimization terminated successfully.", "nfev": "407", "fun": "0.16021946035832324", "maxcv": "0.0"}, "8": {"maxiter": 1000, "tol": 1e-05, "catol": 1e-05, "duration": 0.03972887992858887, "x": "[2.49529023 1.65260403 3.79437138 4.32971482 8.10212469 9.35364806]", "status": "1", "success": "True", "message": "Optimization terminated successfully.", "nfev": "239", "fun": "0.16021946045779845", "maxcv": "0.0"}, "9": {"maxiter": 1000, "tol": 1e-05, "catol": 1e-10, "duration": 0.04004478454589844, "x": "[2.49529023 1.65260403 3.79437138 4.32971482 8.10212469 9.35364806]", "status": "1", "success": "True", "message": "Optimization terminated successfully.", "nfev": "239", "fun": "0.16021946045779845", "maxcv": "0.0"}, "10": {"maxiter": 1000, "tol": 1e-10, "catol": 1e-05, "duration": 0.06715202331542969, "x": "[2.49529125 1.65263944 3.79439409 4.32971811 8.10211386 9.35364736]", "status": "1", "success": "True", "message": "Optimization terminated successfully.", "nfev": "407", "fun": "0.16021946035832324", "maxcv": "0.0"}, "11": {"maxiter": 1000, "tol": 1e-10, "catol": 1e-10, "duration": 0.06641888618469238, "x": "[2.