{"date": "2024/07/19/, 15:09:13", "conf_id": 221, "data_type": "non_lin_ind\n", "num_data_points": 4, "s_rank": 0, "unitary": "[[-0.56303964-0.00798273j,-0.21670212-0.15784972j,-0.06047197-0.73952673j,-0.01438004+0.24552571j],[-0.06976756+0.23474685j,-0.01275565-0.5435098j,-0.02703657-0.08917885j,-0.08210486-0.79311774j],[-0.38559961+0.10714929j,0.5933431-0.2687392j,-0.24060861+0.29149289j,-0.45147719+0.26241743j],[-0.50180421+0.45931857j,-0.11617175+0.44134496j,0.49642745+0.22684508j,-0.08544628-0.15407063j]]", "databatch_0": {"databatch": "[[[-0.03543482-0.08621215j,-0.04999212+0.09059277j,0.00614543-0.0104145j,0.00057931-0.20978689j],[0.05348655+0.1019308j,0.05105054-0.1171428j,-0.00635857+0.0135125j,0.02341683+0.2580205j],[0.10393555+0.1927884j,0.09462789-0.22395998j,-0.01180931+0.02584395j,0.05005568+0.49039962j],[0.25636408-0.03285022j,-0.20662032-0.19906413j,0.02346631+0.02395106j,0.5613645+0.15251703j]],[[0.0501441-0.02619302j,-0.01011402-0.07595656j,-0.00866353-0.09570437j,-0.20480211+0.05745468j],[-0.05864451+0.03797437j,0.02117252+0.09223287j,0.02166035+0.11668159j,0.2452163-0.09420207j],[-0.1107646+0.0734994j,0.04224937+0.1750268j,0.04369899+0.22153153j,0.46452896-0.18445562j],[0.03405699+0.15312812j,0.21067976+0.02757546j,0.26251797+0.04567048j,-0.00647741-0.58977804j]],[[0.18668813-0.01789783j,0.10900343+0.02581017j,0.06989083+0.01179512j,-0.09796587+0.03478018j],[-0.22749308+0.04347956j,-0.13699919-0.01919887j,-0.08729438-0.00646461j,0.11645846-0.05403348j],[-0.43189145+0.08757502j,-0.26105852-0.03360468j,-0.16622056-0.01043725j,0.22041646-0.105286j],[-0.08641549+0.51280551j,-0.14755666+0.27332331j,-0.08188023+0.17867039j,-0.02263902-0.28736788j]],[[-0.01954018+0.09637572j,0.08309117+0.1484417j,-0.1534684-0.03173992j,0.00609587+0.01857995j],[0.0129417-0.120751j,-0.11924226-0.17296691j,0.19235533+0.02137585j,-0.0096325-0.02214477j],[0.02204663-0.23001191j,-0.2305549-0.32653615j,0.36642324+0.03656571j,-0.01879876-0.04192626j],[-0.24401995-0.12167936j,-0.45730074+0.11568629j,0.1954334-0.38812746j,-0.05414132+0.00295353j]]]", "initial param values": "[2.08690241,1.82099529,3.57383695,6.15899229,1.8747633,0.9115605]", "nelder_mead": {"type": "gradient-free", "0": {"maxiter": 100, "fatol": 1e-05, "xatol": 1e-05, "duration": 0.026035785675048828, "fun": "0.09470415312814351", "nit": "100", "nfev": "153", "status": "2", "success": "False", "message": "Maximum number of iterations has been exceeded.", "x": "[0.62481573 1.92686841 4.20889116 4.56587435 1.81474504 1.77284399]", "final_simplex": "(array([[0.62481573, 1.92686841, 4.20889116, 4.56587435, 1.81474504,\n        1.77284399],\n       [0.58765999, 1.90866894, 4.24214753, 4.46190688, 1.7955307 ,\n        1.77501186],\n       [0.52368613, 1.97840694, 4.21281405, 4.50662126, 1.83817996,\n        1.75232266],\n       [0.57920413, 1.97404524, 4.27952694, 4.46702563, 1.81987269,\n        1.71200157],\n       [0.56650189, 1.86640037, 4.29208825, 4.44459551, 1.8687914 ,\n        1.74754857],\n       [0.51743867, 1.86228074, 4.3471335 , 4.48078712, 1.82722414,\n        1.7668166 ],\n       [0.62157889, 1.97027034, 4.19514529, 4.57865029, 1.84633603,\n        1.70157086]]), array([0.09470415, 0.094904  , 0.09741292, 0.09750303, 0.09974913,\n       0.10004405, 0.10030657]))"}, "1": {"maxiter": 100, "fatol": 1e-05, "xatol": 1e-10, "duration": 0.025924205780029297, "fun": "0.09470415312814351", "nit": "100", "nfev": "153", "status": "2", "success": "False", "message": "Maximum number of iterations has been exceeded.", "x": "[0.62481573 1.92686841 4.20889116 4.56587435 1.81474504 1.77284399]", "final_simplex": "(array([[0.62481573, 1.92686841, 4.20889116, 4.56587435, 1.81474504,\n        1.77284399],\n       [0.58765999, 1.90866894, 4.24214753, 4.46190688, 1.7955307 ,\n        1.77501186],\n       [0.52368613, 1.97840694, 4.21281405, 4.50662126, 1.83817996,\n        1.75232266],\n       [0.57920413, 1.97404524, 4.27952694, 4.46702563, 1.81987269,\n        1.71200157],\n       [0.56650189, 1.86640037, 4.29208825, 4.44459551, 1.8687914 ,\n        1.74754857],\n       [0.51743867, 1.86228074, 4.3471335 , 4.48078712, 1.82722414,\n        1.7668166 ],\n       [0.62157889, 1.97027034, 4.19514529, 4.57865029, 1.84633603,\n        1.70157086]]), array([0.09470415, 0.094904  , 0.09741292, 0.09750303, 0.09974913,\n       0.10004405, 0.10030657]))"}, "2": {"maxiter": 100, "fatol": 1e-10, "xatol": 1e-05, "duration": 0.02593994140625, "fun": "0.09470415312814351", "nit": "100", "nfev": "153", "status": "2", "success": "False", "message": "Maximum number of iterations has been exceeded.", "x": "[0.62481573 1.92686841 4.20889116 4.56587435 1.81474504 1.77284399]", "final_simplex": "(array([[0.62481573, 1.92686841, 4.20889116, 4.56587435, 1.81474504,\n        1.77284399],\n       [0.58765999, 1.90866894, 4.24214753, 4.46190688, 1.7955307 ,\n        1.77501186],\n       [0.52368613, 1.97840694, 4.21281405, 4.50662126, 1.83817996,\n        1.75232266],\n       [0.57920413, 1.97404524, 4.27952694, 4.46702563, 1.81987269,\n        1.71200157],\n       [0.56650189, 1.86640037, 4.29208825, 4.44459551, 1.8687914 ,\n        1.74754857],\n       [0.51743867, 1.86228074, 4.3471335 , 4.48078712, 1.82722414,\n        1.7668166 ],\n       [0.62157889, 1.97027034, 4.19514529, 4.57865029, 1.84633603,\n        1.70157086]]), array([0.09470415, 0.094904  , 0.09741292, 0.09750303, 0.09974913,\n       0.10004405, 0.10030657]))"}, "3": {"maxiter": 100, "fatol": 1e-10, "xatol": 1e-10, "duration": 0.025882959365844727, "fun": "0.09470415312814351", "nit": "100", "nfev": "153", "status": "2", "success": "False", "message": "Maximum number of iterations has been exceeded.", "x": "[0.62481573 1.92686841 4.20889116 4.56587435 1.81474504 1.77284399]", "final_simplex": "(array([[0.62481573, 1.92686841, 4.20889116, 4.56587435, 1.81474504,\n        1.77284399],\n       [0.58765999, 1.90866894, 4.24214753, 4.46190688, 1.7955307 ,\n        1.77501186],\n       [0.52368613, 1.97840694, 4.21281405, 4.50662126, 1.83817996,\n        1.75232266],\n       [0.57920413, 1.97404524, 4.27952694, 4.46702563, 1.81987269,\n        1.71200157],\n       [0.56650189, 1.86640037, 4.29208825, 4.44459551, 1.8687914 ,\n        1.74754857],\n       [0.51743867, 1.86228074, 4.3471335 , 4.48078712, 1.82722414,\n        1.7668166 ],\n       [0.62157889, 1.97027034, 4.19514529, 4.57865029, 1.84633603,\n        1.70157086]]), array([0.09470415, 0.094904  , 0.09741292, 0.09750303, 0.09974913,\n       0.10004405, 0.10030657]))"}, "4": {"maxiter": 500, "fatol": 1e-05, "xatol": 1e-05, "duration": 0.08878111839294434, "fun": "0.004160160538401181", "nit": "333", "nfev": "522", "status": "0", "success": "True", "message": "Optimization terminated successfully.", "x": "[1.36475533 2.74617085 2.67205063 3.61660472 1.0822012  2.31766869]", "final_simplex": "(array([[1.36475533, 2.74617085, 2.67205063, 3.61660472, 1.0822012 ,\n        2.31766869],\n       [1.36475275, 2.74617228, 2.67205705, 3.61660883, 1.08220107,\n        2.31767122],\n       [1.36475389, 2.74617013, 2.67205215, 3.61660224, 1.08220152,\n        2.31767289],\n       [1.36475924, 2.74616837, 2.67204984, 3.61660162, 1.08220028,\n        2.31766909],\n       [1.36475993, 2.74617613, 2.67204387, 3.61659948, 1.08219891,\n        2.3176737 ],\n       [1.36475745, 2.74617621, 2.67204849, 3.61659852, 1.08220236,\n        2.31767134],\n       [1.3647571 , 2.74617578, 2.67205628, 3.61660311, 1.08219378,\n        2.31766895]]), array([0.00416016, 0.00416016, 0.00416016, 0.00416016, 0.00416016,\n       0.00416016, 0.00416016]))"}, "5": {"maxiter": 500, "fatol": 1e-05, "xatol": 1e-10, "duration": 0.12377095222473145, "fun": "0.004160160536039292", "nit": "428", "nfev": "736", "status": "0", "success": "True", "message": "Optimization terminated successfully.", "x": "[1.36475731 2.74617138 2.67205125 3.61660325 1.08219834 2.31766981]", "final_simplex": "(array([[1.36475731, 2.74617138, 2.67205125, 3.61660325, 1.08219834,\n        2.31766981],\n       [1.36475731, 2.74617138, 2.67205125, 3.61660325, 1.08219834,\n        2.31766981],\n       [1.36475731, 2.74617138, 2.67205125, 3.61660325, 1.08219834,\n        2.31766981],\n       [1.36475731, 2.74617138, 2.67205125, 3.61660325, 1.08219834,\n        2.31766981],\n       [1.36475731, 2.74617138, 2.67205125, 3.61660325, 1.08219834,\n        2.31766981],\n       [1.36475731, 2.74617138, 2.67205125, 3.61660325, 1.08219834,\n        2.31766981],\n       [1.36475731, 2.74617138, 2.67205125, 3.61660325, 1.08219834,\n        2.31766981]]), array([0.00416016, 0.00416016, 0.00416016, 0.00416016, 0.00416016,\n       0.00416016, 0.00416016]))"}, "6": {"maxiter": 500, "fatol": 1e-10, "xatol": 1e-05, "duration": 0.08783984184265137, "fun": "0.004160160538401181", "nit": "333", "nfev": "522", "status": "0", "success": "True", "message": "Optimization terminated successfully.", "x": "[1.36475533 2.74617085 2.67205063 3.61660472 1.0822012  2.31766869]", "final_simplex": "(array([[1.36475533, 2.74617085, 2.67205063, 3.61660472, 1.0822012 ,\n        2.31766869],\n       [1.36475275, 2.74617228, 2.67205705, 3.61660883, 1.08220107,\n        2.31767122],\n       [1.36475389, 2.74617013, 2.67205215, 3.61660224, 1.08220152,\n        2.31767289],\n       [1.36475924, 2.74616837, 2.67204984, 3.61660162, 1.08220028,\n        2.31766909],\n       [1.36475993, 2.74617613, 2.67204387, 3.61659948, 1.08219891,\n        2.3176737 ],\n       [1.36475745, 2.74617621, 2.67204849, 3.61659852, 1.08220236,\n        2.31767134],\n       [1.3647571 , 2.74617578, 2.67205628, 3.61660311, 1.08219378,\n        2.31766895]]), array([0.00416016, 0.00416016, 0.00416016, 0.00416016, 0.00416016,\n       0.00416016, 0.00416016]))"}, "7": {"maxiter": 500, "fatol": 1e-10, "xatol": 1e-10, "duration": 0.12354612350463867, "fun": "0.004160160536039292", "nit": "428", "nfev": "736", "status": "0", "success": "True", "message": "Optimization terminated successfully.", "x": "[1.36475731 2.74617138 2.67205125 3.61660325 1.08219834 2.31766981]", "final_simplex": "(array([[1.36475731, 2.74617138, 2.67205125, 3.61660325, 1.08219834,\n        2.31766981],\n       [1.36475731, 2.74617138, 2.67205125, 3.61660325, 1.08219834,\n        2.31766981],\n       [1.36475731, 2.74617138, 2.67205125, 3.61660325, 1.08219834,\n        2.31766981],\n       [1.36475731, 2.74617138, 2.67205125, 3.61660325, 1.08219834,\n        2.31766981],\n       [1.36475731, 2.74617138, 2.67205125, 3.61660325, 1.08219834,\n        2.31766981],\n       [1.36475731, 2.74617138, 2.67205125, 3.61660325, 1.08219834,\n        2.31766981],\n       [1.36475731, 2.74617138, 2.67205125, 3.61660325, 1.08219834,\n        2.31766981]]), array([0.00416016, 0.00416016, 0.00416016, 0.00416016, 0.00416016,\n       0.00416016, 0.00416016]))"}, "8": {"maxiter": 1000, "fatol": 1e-05, "xatol": 1e-05, "duration": 0.0879969596862793, "fun": "0.004160160538401181", "nit": "333", "nfev": "522", "status": "0", "success": "True", "message": "Optimization terminated successfully.", "x": "[1.36475533 2.74617085 2.67205063 3.61660472 1.0822012  2.31766869]", "final_simplex": "(array([[1.36475533, 2.74617085, 2.67205063, 3.61660472, 1.0822012 ,\n        2.31766869],\n       [1.36475275, 2.74617228, 2.67205705, 3.61660883, 1.08220107,\n        2.31767122],\n       [1.36475389, 2.74617013, 2.67205215, 3.61660224, 1.08220152,\n        2.31767289],\n       [1.36475924, 2.74616837, 2.67204984, 3.61660162, 1.08220028,\n        2.31766909],\n       [1.36475993, 2.74617613, 2.67204387, 3.61659948, 1.08219891,\n        2.3176737 ],\n       [1.36475745, 2.74617621, 2.67204849, 3.61659852, 1.08220236,\n        2.31767134],\n       [1.3647571 , 2.74617578, 2.67205628, 3.61660311, 1.08219378,\n        2.31766895]]), array([0.00416016, 0.00416016, 0.00416016, 0.00416016, 0.00416016,\n       0.00416016, 0.00416016]))"}, "9": {"maxiter": 1000, "fatol": 1e-05, "xatol": 1e-10, "duration": 0.12598609924316406, "fun": "0.004160160536039292", "nit": "428", "nfev": "736", "status": "0", "success": "True", "message": "Optimization terminated successfully.", "x": "[1.36475731 2.74617138 2.67205125 3.61660325 1.08219834 2.31766981]", "final_simplex": "(array([[1.36475731, 2.74617138, 2.67205125, 3.61660325, 1.08219834,\n        2.31766981],\n       [1.36475731, 2.74617138, 2.67205125, 3.61660325, 1.08219834,\n        2.31766981],\n       [1.36475731, 2.74617138, 2.67205125, 3.61660325, 1.08219834,\n        2.31766981],\n       [1.36475731, 2.74617138, 2.67205125, 3.61660325, 1.08219834,\n        2.31766981],\n       [1.36475731, 2.74617138, 2.67205125, 3.61660325, 1.08219834,\n        2.31766981],\n       [1.36475731, 2.74617138, 2.67205125, 3.61660325, 1.08219834,\n        2.31766981],\n       [1.36475731, 2.74617138, 2.67205125, 3.61660325, 1.08219834,\n        2.31766981]]), array([0.00416016, 0.00416016, 0.00416016, 0.00416016, 0.00416016,\n       0.00416016, 0.00416016]))"}, "10": {"maxiter": 1000, "fatol": 1e-10, "xatol": 1e-05, "duration": 0.08851003646850586, "fun": "0.004160160538401181", "nit": "333", "nfev": "522", "status": "0", "success": "True", "message": "Optimization terminated successfully.", "x": "[1.36475533 2.74617085 2.67205063 3.61660472 1.0822012  2.31766869]", "final_simplex": "(array([[1.36475533, 2.74617085, 2.67205063, 3.61660472, 1.0822012 ,\n        2.31766869],\n       [1.36475275, 2.74617228, 2.67205705, 3.61660883, 1.08220107,\n        2.31767122],\n       [1.36475389, 2.74617013, 2.67205215, 3.61660224, 1.08220152,\n        2.31767289],\n       [1.36475924, 2.74616837, 2.67204984, 3.61660162, 1.08220028,\n        2.31766909],\n       [1.36475993, 2.74617613, 2.67204387, 3.61659948, 1.08219891,\n        2.3176737 ],\n       [1.36475745, 2.74617621, 2.67204849, 3.61659852, 1.08220236,\n        2.31767134],\n       [1.3647571 , 2.74617578, 2.67205628, 3.61660311, 1.08219378,\n        2.31766895]]), array([0.00416016, 0.00416016, 0.00416016, 0.00416016, 0.00416016,\n       0.00416016, 0.00416016]))"}, "11": {"maxiter": 1000, "fatol": 1e-10, "xatol": 1e-10, "duration": 0.12336206436157227, "fun": "0.004160160536039292", "nit": "428", "nfev": "736", "status": "0", "success": "True", "message": "Optimization terminated successfully.", "x": "[1.36475731 2.74617138 2.67205125 3.61660325 1.08219834 2.31766981]", "final_simplex": "(array([[1.36475731, 2.74617138, 2.67205125, 3.61660325, 1.08219834,\n        2.31766981],\n       [1.36475731, 2.74617138, 2.67205125, 3.61660325, 1.08219834,\n        2.31766981],\n       [1.36475731, 2.74617138, 2.67205125, 3.61660325, 1.08219834,\n        2.31766981],\n       [1.36475731, 2.74617138, 2.67205125, 3.61660325, 1.08219834,\n        2.31766981],\n       [1.36475731, 2.74617138, 2.67205125, 3.61660325, 1.08219834,\n        2.31766981],\n       [1.36475731, 2.74617138, 2.67205125, 3.61660325, 1.08219834,\n        2.31766981],\n       [1.36475731, 2.74617138, 2.67205125, 3.61660325, 1.08219834,\n        2.31766981]]), array([0.00416016, 0.00416016, 0.00416016, 0.00416016, 0.00416016,\n       0.00416016, 0.00416016]))"}}, "bfgs": {"type": "gradient", "0": {"maxiter": 100, "gtol": 1e-05, "xrtol": 1e-05, "eps": 1e-05, "duration": 0.024392127990722656, "fun": "0.004160160591805018", "jac": "[ 3.21720428e-07 -1.59106062e-07 -4.09217105e-07 -1.17672538e-07\n  1.40243372e-06 -7.76878561e-07]", "hess_inv": "[[ 3.60337801  0.11813277 -0.44201376  0.12759065 -1.44977809 -1.26654554]\n [ 0.11813277  5.26009931 -1.19458584  3.96834699  2.30988842 -1.84212193]\n [-0.44201376 -1.19458584  2.7584464  -0.1074552  -1.53961626  1.8398461 ]\n [ 0.12759065  3.96834699 -0.1074552   5.06012854  1.1077639  -0.61173562]\n [-1.44977809  2.30988842 -1.53961626  1.1077639   4.00763034 -1.43331261]\n [-1.26654554 -1.84212193  1.8398461  -0.61173562 -1.43331261  3.5318932 ]]", "nfev": "140", "njev": "20", "status": "0", "success": "True", "message": "Optimization terminated successfully.", "x": "[0.45495035 2.35966553 5.02385686 5.43337429 2.46739985 1.99413179]", "nit": "19"}, "1": {"maxiter": 100, "gtol": 1e-05, "xrtol": 1e-05, "eps": 1e-10, "duration": 0.02434992790222168, "fun": "0.004160160540034985", "jac": "[ 4.44089173e-06  1.11022293e-06 -4.44089173e-06  1.11022293e-06\n  3.33066880e-06  2.22044587e-06]", "hess_inv": "[[ 3.59307378  0.09373407 -0.41490863  0.1144583  -1.46546867 -1.23872051]\n [ 0.09373407  5.27204475 -1.19921992  3.97000891  2.32856999 -1.84754393]\n [-0.41490863 -1.19921992  2.74915522 -0.11041792 -1.54804906  1.83202362]\n [ 0.1144583   3.97000891 -0.11041792  5.05454525  1.1179452  -0.61404615]\n [-1.46546867  2.32856999 -1.54804906  1.1179452   4.02527441 -1.44383038]\n [-1.23872051 -1.84754393  1.83202362 -0.61404615 -1.44383038  3.52565305]]", "nfev": "140", "njev": "20", "status": "0", "success": "True", "message": "Optimization terminated successfully.", "x": "[0.4549551  2.35967323 5.02387449 5.43340003 2.46741066 1.99412728]", "nit": "19"}, "2": {"maxiter": 100, "gtol": 1e-05, "xrtol": 1e-10, "eps": 1e-05, "duration": 0.0244140625, "fun": "0.004160160591805018", "jac": "[ 3.21720428e-07 -1.59106062e-07 -4.09217105e-07 -1.17672538e-07\n  1.40243372e-06 -7.76878561e-07]", "hess_inv": "[[ 3.60337801  0.11813277 -0.44201376  0.12759065 -1.44977809 -1.26654554]\n [ 0.11813277  5.26009931 -1.19458584  3.96834699  2.30988842 -1.84212193]\n [-0.44201376 -1.19458584  2.7584464  -0.1074552  -1.53961626  1.8398461 ]\n [ 0.12759065  3.96834699 -0.1074552   5.06012854  1.1077639  -0.61173562]\n [-1.44977809  2.30988842 -1.53961626  1.1077639   4.00763034 -1.43331261]\n [-1.26654554 -1.84212193  1.8398461  -0.61173562 -1.43331261  3.5318932 ]]", "nfev": "140", "njev": "20", "status": "0", "success": "True", "message": "Optimization terminated successfully.", "x": "[0.45495035 2.35966553 5.02385686 5.43337429 2.46739985 1.99413179]", "nit": "19"}, "3": {"maxiter": 100, "gtol": 1e-05, "xrtol": 1e-10, "eps": 1e-10, "duration": 0.024419784545898438, "fun": "0.004160160540034985", "jac": "[ 4.44089173e-06  1.11022293e-06 -4.44089173e-06  1.11022293e-06\n  3.33066880e-06  2.22044587e-06]", "hess_inv": "[[ 3.59307378  0.09373407 -0.41490863  0.1144583  -1.46546867 -1.23872051]\n [ 0.09373407  5.27204475 -1.19921992  3.97000891  2.32856999 -1.84754393]\n [-0.41490863 -1.19921992  2.74915522 -0.11041792 -1.54804906  1.83202362]\n [ 0.1144583   3.97000891 -0.11041792  5.05454525  1.1179452  -0.61404615]\n [-1.46546867  2.32856999 -1.54804906  1.1179452   4.02527441 -1.44383038]\n [-1.23872051 -1.84754393  1.83202362 -0.61404615 -1.44383038  3.52565305]]", "nfev": "140", "njev": "20", "status": "0", "success": "True", "message": "Optimization terminated successfully.", "x": "[0.4549551  2.35967323 5.02387449 5.43340003 2.46741066 1.99412728]", "nit": "19"}, "4": {"maxiter": 100, "gtol": 1e-10, "xrtol": 1e-05, "eps": 1e-05, "duration": 0.025667905807495117, "fun": "0.004160160588177697", "jac": "[ 1.04549702e-07 -3.40005801e-07  2.77899925e-07  2.22766250e-07\n  2.69739786e-07 -2.29494201e-07]", "hess_inv": "[[ 3.52896929  0.09596268 -0.39242099  0.11298513 -1.48132092 -1.20287637]\n [ 0.09596268  5.35525259 -1.2993921   3.98629729  2.46819908 -1.96522941]\n [-0.39242099 -1.2993921   2.86592113 -0.12392908 -1.71567712  1.96437448]\n [ 0.11298513  3.98629729 -0.12392908  5.06214949  1.1383284  -0.63037666]\n [-1.48132092  2.46819908 -1.71567712  1.1383284   4.27066002 -1.64048081]\n [-1.20287637 -1.96522941  1.96437448 -0.63037666 -1.64048081  3.67578522]]", "nfev": "147", "njev": "21", "status": "0", "success": "True", "message": "Optimization terminated successfully.", "x": "[0.45495023 2.3596613  5.02386187 5.43337334 2.46739289 1.99413775]", "nit": "20"}, "5": {"maxiter": 100, "gtol": 1e-10, "xrtol": 1e-05, "eps": 1e-10, "duration": 0.026870012283325195, "fun": "0.00416016053807311", "jac": "[ 1.11022293e-06 -1.11022293e-06  2.22044587e-06  1.11022293e-06\n  1.11022293e-06 -1.11022293e-06]", "hess_inv": "[[ 3.17416604 -0.02283655 -0.30871846 -0.08656327 -1.34956898 -1.21132363]\n [-0.02283655  6.04567006 -1.84085321  4.31743001  3.19135149 -2.44919846]\n [-0.30871846 -1.84085321  3.28110916 -0.39532509 -2.26898401  2.332405  ]\n [-0.08656327  4.31743001 -0.39532509  5.15992501  1.58916498 -0.90578633]\n [-1.34956898  3.19135149 -2.26898401  1.58916498  4.84894671 -2.07918175]\n [-1.21132363 -2.44919846  2.332405   -0.90578633 -2.07918175  3.98439569]]", "nfev": "154", "njev": "22", "status": "0", "success": "True", "message": "Optimization terminated successfully.", "x": "[0.454953   2.35966684 5.02387986 5.43339611 2.46740526 1.99413181]", "nit": "20"}, "6": {"maxiter": 100, "gtol": 1e-10, "xrtol": 1e-10, "eps": 1e-05, "duration": 0.07362604141235352, "fun": "0.004160160588177697", "jac": "[ 1.04549702e-07 -3.40005801e-07  2.77899925e-07  2.22766250e-07\n  2.69739786e-07 -2.29494201e-07]", "hess_inv": "[[ 3.53107893  0.13011079 -0.43238825  0.12257188 -1.42026735 -1.25573367]\n [ 0.13011079  5.23847412 -1.14475984  4.02727431  2.44058436 -1.9617521 ]\n [-0.43238825 -1.14475984  2.66344355 -0.1688266  -1.65611545  1.93726835]\n [ 0.12257188  4.02727431 -0.1688266   5.0862349   1.24249435 -0.7240434 ]\n [-1.42026735  2.44058436 -1.65611545  1.24249435  4.49618368 -1.86672736]\n [-1.25573367 -1.9617521   1.93726835 -0.7240434  -1.86672736  3.89787268]]", "nfev": "425", "njev": "59", "status": "2", "success": "False", "message": "Desired error not necessarily achieved due to precision loss.", "x": "[0.45495023 2.3596613  5.02386187 5.43337334 2.46739289 1.99413775]", "nit": "20"}, "7": {"maxiter": 100, "gtol": 1e-10, "xrtol": 1e-10, "eps": 1e-10, "duration": 0.04332590103149414, "fun": "0.004160160538072999", "jac": "[2.22044587e-06 0.00000000e+00 2.22044587e-06 1.11022293e-06\n 2.22044587e-06 2.22044587e-06]", "hess_inv": "[[ 3.1709515  -0.33371592  0.09436215 -0.17578244 -1.6441642  -1.03108797]\n [-0.33371592  4.18814432  0.15014346  3.48671644  1.52515953 -1.25496677]\n [ 0.09436215  0.15014346  1.2470386   0.5663673  -0.5055931   1.02426367]\n [-0.17578244  3.48671644  0.5663673   4.83924435  0.82795981 -0.39174186]\n [-1.6441642   1.52515953 -0.5055931   0.82795981  3.35945414 -1.00163167]\n [-1.03108797 -1.25496677  1.02426367 -0.39174186 -1.00163167  3.22450249]]", "nfev": "252", "njev": "36", "status": "0", "success": "True", "message": "Optimization terminated successfully.", "x": "[0.454953   2.35966684 5.02387986 5.43339611 2.46740526 1.99413181]", "nit": "21"}, "8": {"maxiter": 500, "gtol": 1e-05, "xrtol": 1e-05, "eps": 1e-05, "duration": 0.024318933486938477, "fun": "0.004160160591805018", "jac": "[ 3.21720428e-07 -1.59106062e-07 -4.09217105e-07 -1.17672538e-07\n  1.40243372e-06 -7.76878561e-07]", "hess_inv": "[[ 3.60337801  0.11813277 -0.44201376  0.12759065 -1.44977809 -1.26654554]\n [ 0.11813277  5.26009931 -1.19458584  3.96834699  2.30988842 -1.84212193]\n [-0.44201376 -1.19458584  2.7584464  -0.1074552  -1.53961626  1.8398461 ]\n [ 0.12759065  3.96834699 -0.1074552   5.06012854  1.1077639  -0.61173562]\n [-1.44977809  2.30988842 -1.53961626  1.1077639   4.00763034 -1.43331261]\n [-1.26654554 -1.84212193  1.8398461  -0.61173562 -1.43331261  3.5318932 ]]", "nfev": "140", "njev": "20", "status": "0", "success": "True", "message": "Optimization terminated successfully.", "x": "[0.45495035 2.35966553 5.02385686 5.43337429 2.46739985 1.99413179]", "nit": "19"}, "9": {"maxiter": 500, "gtol": 1e-05, "xrtol": 1e-05, "eps": 1e-10, "duration": 0.02429986000061035, "fun": "0.004160160540034985", "jac": "[ 4.44089173e-06  1.11022293e-06 -4.44089173e-06  1.11022293e-06\n  3.33066880e-06  2.22044587e-06]", "hess_inv": "[[ 3.59307378  0.09373407 -0.41490863  0.1144583  -1.46546867 -1.23872051]\n [ 0.09373407  5.27204475 -1.19921992  3.97000891  2.32856999 -1.84754393]\n [-0.41490863 -1.19921992  2.74915522 -0.11041792 -1.54804906  1.83202362]\n [ 0.1144583   3.97000891 -0.11041792  5.05454525  1.1179452  -0.61404615]\n [-1.46546867  2.32856999 -1.54804906  1.1179452   4.02527441 -1.44383038]\n [-1.23872051 -1.84754393  1.83202362 -0.61404615 -1.44383038  3.52565305]]", "nfev": "140", "njev": "20", "status": "0", "success": "True", "message": "Optimization terminated successfully.", "x": "[0.4549551  2.35967323 5.02387449 5.43340003 2.46741066 1.99412728]", "nit": "19"}, "10": {"maxiter": 500, "gtol": 1e-05, "xrtol": 1e-10, "eps": 1e-05, "duration": 0.02431797981262207, "fun": "0.004160160591805018", "jac": "[ 3.21720428e-07 -1.59106062e-07 -4.09217105e-07 -1.17672538e-07\n  1.40243372e-06 -7.76878561e-07]", "hess_inv": "[[ 3.60337801  0.11813277 -0.44201376  0.12759065 -1.44977809 -1.26654554]\n [ 0.11813277  5.26009931 -1.19458584  3.96834699  2.30988842 -1.84212193]\n [-0.44201376 -1.19458584  2.7584464  -0.1074552  -1.53961626  1.8398461 ]\n [ 0.12759065  3.96834699 -0.1074552   5.06012854  1.1077639  -0.61173562]\n [-1.44977809  2.30988842 -1.53961626  1.1077639   4.00763034 -1.43331261]\n [-1.26654554 -1.84212193  1.8398461  -0.61173562 -1.43331261  3.5318932 ]]", "nfev": "140", "njev": "20", "status": "0", "success": "True", "message": "Optimization terminated successfully.", "x": "[0.45495035 2.35966553 5.02385686 5.43337429 2.46739985 1.99413179]", "nit": "19"}, "11": {"maxiter": 500, "gtol": 1e-05, "xrtol": 1e-10, "eps": 1e-10, "duration": 0.024280786514282227, "fun": "0.004160160540034985", "jac": "[ 4.44089173e-06  1.11022293e-06 -4.44089173e-06  1.11022293e-06\n  3.33066880e-06  2.22044587e-06]", "hess_inv": "[[ 3.59307378  0.09373407 -0.41490863  0.1144583  -1.46546867 -1.23872051]\n [ 0.09373407  5.27204475 -1.19921992  3.97000891  2.32856999 -1.84754393]\n [-0.41490863 -1.19921992  2.74915522 -0.11041792 -1.54804906  1.83202362]\n [ 0.1144583   3.97000891 -0.11041792  5.05454525  1.1179452  -0.61404615]\n [-1.46546867  2.32856999 -1.54804906  1.1179452   4.02527441 -1.44383038]\n [-1.23872051 -1.84754393  1.83202362 -0.61404615 -1.44383038  3.52565305]]", "nfev": "140", "njev": "20", "status": "0", "success": "True", "message": "Optimization terminated successfully.", "x": "[0.4549551  2.35967323 5.02387449 5.43340003 2.46741066 1.99412728]", "nit": "19"}, "12": {"maxiter": 500, "gtol": 1e-10, "xrtol": 1e-05, "eps": 1e-05, "duration": 0.025478839874267578, "fun": "0.004160160588177697", "jac": "[ 1.04549702e-07 -3.40005801e-07  2.77899925e-07  2.22766250e-07\n  2.69739786e-07 -2.29494201e-07]", "hess_inv": "[[ 3.52896929  0.09596268 -0.39242099  0.11298513 -1.48132092 -1.20287637]\n [ 0.09596268  5.35525259 -1.2993921   3.98629729  2.46819908 -1.96522941]\n [-0.39242099 -1.2993921   2.86592113 -0.12392908 -1.71567712  1.96437448]\n [ 0.11298513  3.98629729 -0.12392908  5.06214949  1.1383284  -0.63037666]\n [-1.48132092  2.46819908 -1.71567712  1.1383284   4.27066002 -1.64048081]\n [-1.20287637 -1.96522941  1.96437448 -0.63037666 -1.64048081  3.67578522]]", "nfev": "147", "njev": "21", "status": "0", "success": "True", "message": "Optimization terminated successfully.", "x": "[0.45495023 2.3596613  5.02386187 5.43337334 2.46739289 1.99413775]", "nit": "20"}, "13": {"maxiter": 500, "gtol": 1e-10, "xrtol": 1e-05, "eps": 1e-10, "duration": 0.026690959930419922, "fun": "0.00416016053807311", "jac": "[ 1.11022293e-06 -1.11022293e-06  2.22044587e-06  1.11022293e-06\n  1.11022293e-06 -1.11022293e-06]", "hess_inv": "[[ 3.17416604 -0.02283655 -0.30871846 -0.08656327 -1.34956898 -1.21132363]\n [-0.02283655  6.04567006 -1.84085321  4.31743001  3.19135149 -2.44919846]\n [-0.30871846 -1.84085321  3.28110916 -0.39532509 -2.26898401  2.332405  ]\n [-0.08656327  4.31743001 -0.39532509  5.15992501  1.58916498 -0.90578633]\n [-1.34956898  3.19135149 -2.26898401  1.58916498  4.84894671 -2.07918175]\n [-1.21132363 -2.44919846  2.332405   -0.90578633 -2.07918175  3.98439569]]", "nfev": "154", "njev": "22", "status": "0", "success": "True", "message": "Optimization terminated successfully.", "x": "[0.454953   2.35966684 5.02387986 5.43339611 2.46740526 1.99413181]", "nit": "20"}, "14": {"maxiter": 500, "gtol": 1e-10, "xrtol": 1e-10, "eps": 1e-05, "duration": 0.07271575927734375, "fun": "0.004160160588177697", "jac": "[ 1.04549702e-07 -3.40005801e-07  2.77899925e-07  2.22766250e-07\n  2.69739786e-07 -2.29494201e-07]", "hess_inv": "[[ 3.53107893  0.13011079 -0.43238825  0.12257188 -1.42026735 -1.25573367]\n [ 0.13011079  5.23847412 -1.14475984  4.02727431  2.44058436 -1.9617521 ]\n [-0.43238825 -1.14475984  2.66344355 -0.1688266  -1.65611545  1.93726835]\n [ 0.12257188  4.02727431 -0.1688266   5.0862349   1.24249435 -0.7240434 ]\n [-1.42026735  2.44058436 -1.65611545  1.24249435  4.49618368 -1.86672736]\n [-1.25573367 -1.9617521   1.93726835 -0.7240434  -1.86672736  3.89787268]]", "nfev": "425", "njev": "59", "status": "2", "success": "False", "message": "Desired error not necessarily achieved due to precision loss.", "x": "[0.45495023 2.3596613  5.02386187 5.43337334 2.46739289 1.99413775]", "nit": "20"}, "15": {"maxiter": 500, "gtol": 1e-10, "xrtol": 1e-10, "eps": 1e-10, "duration": 0.04337501525878906, "fun": "0.004160160538072999", "jac": "[2.22044587e-06 0.00000000e+00 2.22044587e-06 1.11022293e-06\n 2.22044587e-06 2.22044587e-06]", "hess_inv": "[[ 3.1709515  -0.33371592  0.09436215 -0.17578244 -1.6441642  -1.03108797]\n [-0.33371592  4.18814432  0.15014346  3.48671644  1.52515953 -1.25496677]\n [ 0.09436215  0.15014346  1.2470386   0.5663673  -0.5055931   1.02426367]\n [-0.17578244  3.48671644  0.5663673   4.83924435  0.82795981 -0.39174186]\n [-1.6441642   1.52515953 -0.5055931   0.82795981  3.35945414 -1.00163167]\n [-1.03108797 -1.25496677  1.02426367 -0.39174186 -1.00163167  3.22450249]]", "nfev": "252", "njev": "36", "status": "0", "success": "True", "message": "Optimization terminated successfully.", "x": "[0.454953   2.35966684 5.02387986 5.43339611 2.46740526 1.99413181]", "nit": "21"}, "16": {"maxiter": 1000, "gtol": 1e-05, "xrtol": 1e-05, "eps": 1e-05, "duration": 0.024258136749267578, "fun": "0.004160160591805018", "jac": "[ 3.21720428e-07 -1.59106062e-07 -4.09217105e-07 -1.17672538e-07\n  1.40243372e-06 -7.76878561e-07]", "hess_inv": "[[ 3.60337801  0.11813277 -0.44201376  0.12759065 -1.44977809 -1.26654554]\n [ 0.11813277  5.26009931 -1.19458584  3.96834699  2.30988842 -1.84212193]\n [-0.44201376 -1.19458584  2.7584464  -0.1074552  -1.53961626  1.8398461 ]\n [ 0.12759065  3.96834699 -0.1074552   5.06012854  1.1077639  -0.61173562]\n [-1.44977809  2.30988842 -1.53961626  1.1077639   4.00763034 -1.43331261]\n [-1.26654554 -1.84212193  1.8398461  -0.61173562 -1.43331261  3.5318932 ]]", "nfev": "140", "njev": "20", "status": "0", "success": "True", "message": "Optimization terminated successfully.", "x": "[0.45495035 2.35966553 5.02385686 5.43337429 2.46739985 1.99413179]", "nit": "19"}, "17": {"maxiter": 1000, "gtol": 1e-05, "xrtol": 1e-05, "eps": 1e-10, "duration": 0.024247169494628906, "fun": "0.004160160540034985", "jac": "[ 4.44089173e-06  1.11022293e-06 -4.44089173e-06  1.11022293e-06\n  3.33066880e-06  2.22044587e-06]", "hess_inv": "[[ 3.59307378  0.09373407 -0.41490863  0.1144583  -1.46546867 -1.23872051]\n [ 0.09373407  5.27204475 -1.19921992  3.97000891  2.32856999 -1.84754393]\n [-0.41490863 -1.19921992  2.74915522 -0.11041792 -1.54804906  1.83202362]\n [ 0.1144583   3.97000891 -0.11041792  5.05454525  1.1179452  -0.61404615]\n [-1.46546867  2.32856999 -1.54804906  1.1179452   4.02527441 -1.44383038]\n [-1.23872051 -1.84754393  1.83202362 -0.61404615 -1.44383038  3.52565305]]", "nfev": "140", "njev": "20", "status": "0", "success": "True", "message": "Optimization terminated successfully.", "x": "[0.4549551  2.35967323 5.02387449 5.43340003 2.46741066 1.99412728]", "nit": "19"}, "18": {"maxiter": 1000, "gtol": 1e-05, "xrtol": 1e-10, "eps": 1e-05, "duration": 0.02422308921813965, "fun": "0.004160160591805018", "jac": "[ 3.21720428e-07 -1.59106062e-07 -4.09217105e-07 -1.17672538e-07\n  1.40243372e-06 -7.76878561e-07]", "hess_inv": "[[ 3.60337801  0.11813277 -0.44201376  0.12759065 -1.44977809 -1.26654554]\n [ 0.11813277  5.26009931 -1.19458584  3.96834699  2.30988842 -1.84212193]\n [-0.44201376 -1.19458584  2.7584464  -0.1074552  -1.53961626  1.8398461 ]\n [ 0.12759065  3.96834699 -0.1074552   5.06012854  1.1077639  -0.61173562]\n [-1.44977809  2.30988842 -1.53961626  1.1077639   4.00763034 -1.43331261]\n [-1.26654554 -1.84212193  1.8398461  -0.61173562 -1.43331261  3.5318932 ]]", "nfev": "140", "njev": "20", "status": "0", "success": "True", "message": "Optimization terminated successfully.", "x": "[0.45495035 2.35966553 5.02385686 5.43337429 2.46739985 1.99413179]", "nit": "19"}, "19": {"maxiter": 1000, "gtol": 1e-05, "xrtol": 1e-10, "eps": 1e-10, "duration": 0.02424931526184082, "fun": "0.004160160540034985", "jac": "[ 4.44089173e-06  1.11022293e-06 -4.44089173e-06  1.11022293e-06\n  3.33066880e-06  2.22044587e-06]", "hess_inv": "[[ 3.59307378  0.09373407 -0.41490863  0.1144583  -1.46546867 -1.23872051]\n [ 0.09373407  5.27204475 -1.19921992  3.97000891  2.32856999 -1.84754393]\n [-0.41490863 -1.19921992  2.74915522 -0.11041792 -1.54804906  1.83202362]\n [ 0.1144583   3.97000891 -0.11041792  5.05454525  1.1179452  -0.61404615]\n [-1.46546867  2.32856999 -1.54804906  1.1179452   4.02527441 -1.44383038]\n [-1.23872051 -1.84754393  1.83202362 -0.61404615 -1.44383038  3.52565305]]", "nfev": "140", "njev": "20", "status": "0", "success": "True", "message": "Optimization terminated successfully.", "x": "[0.4549551  2.35967323 5.02387449 5.43340003 2.46741066 1.99412728]", "nit": "19"}, "20": {"maxiter": 1000, "gtol": 1e-10, "xrtol": 1e-05, "eps": 1e-05, "duration": 0.025396108627319336, "fun": "0.004160160588177697", "jac": "[ 1.04549702e-07 -3.40005801e-07  2.77899925e-07  2.22766250e-07\n  2.69739786e-07 -2.29494201e-07]", "hess_inv": "[[ 3.52896929  0.09596268 -0.39242099  0.11298513 -1.48132092 -1.20287637]\n [ 0.09596268  5.35525259 -1.2993921   3.98629729  2.46819908 -1.96522941]\n [-0.39242099 -1.2993921   2.86592113 -0.12392908 -1.71567712  1.96437448]\n [ 0.11298513  3.98629729 -0.12392908  5.06214949  1.1383284  -0.63037666]\n [-1.48132092  2.46819908 -1.71567712  1.1383284   4.27066002 -1.64048081]\n [-1.20287637 -1.96522941  1.96437448 -0.63037666 -1.64048081  3.67578522]]", "nfev": "147", "njev": "21", "status": "0", "success": "True", "message": "Optimization terminated successfully.", "x": "[0.45495023 2.3596613  5.02386187 5.43337334 2.46739289 1.99413775]", "nit": "20"}, "21": {"maxiter": 1000, "gtol": 1e-10, "xrtol": 1e-05, "eps": 1e-10, "duration": 0.02671504020690918, "fun": "0.00416016053807311", "jac": "[ 1.11022293e-06 -1.11022293e-06  2.22044587e-06  1.11022293e-06\n  1.11022293e-06 -1.11022293e-06]", "hess_inv": "[[ 3.17416604 -0.02283655 -0.30871846 -0.08656327 -1.34956898 -1.21132363]\n [-0.02283655  6.04567006 -1.84085321  4.31743001  3.19135149 -2.44919846]\n [-0.30871846 -1.84085321  3.28110916 -0.39532509 -2.26898401  2.332405  ]\n [-0.08656327  4.31743001 -0.39532509  5.15992501  1.58916498 -0.90578633]\n [-1.34956898  3.19135149 -2.26898401  1.58916498  4.84894671 -2.07918175]\n [-1.21132363 -2.44919846  2.332405   -0.90578633 -2.07918175  3.98439569]]", "nfev": "154", "njev": "22", "status": "0", "success": "True", "message": "Optimization terminated successfully.", "x": "[0.454953   2.35966684 5.02387986 5.43339611 2.46740526 1.99413181]", "nit": "20"}, "22": {"maxiter": 1000, "gtol": 1e-10, "xrtol": 1e-10, "eps": 1e-05, "duration": 0.07259488105773926, "fun": "0.004160160588177697", "jac": "[ 1.04549702e-07 -3.40005801e-07  2.77899925e-07  2.22766250e-07\n  2.69739786e-07 -2.29494201e-07]", "hess_inv": "[[ 3.53107893  0.13011079 -0.43238825  0.12257188 -1.42026735 -1.25573367]\n [ 0.13011079  5.23847412 -1.14475984  4.02727431  2.44058436 -1.9617521 ]\n [-0.43238825 -1.14475984  2.66344355 -0.1688266  -1.65611545  1.93726835]\n [ 0.12257188  4.02727431 -0.1688266   5.0862349   1.24249435 -0.7240434 ]\n [-1.42026735  2.44058436 -1.65611545  1.24249435  4.49618368 -1.86672736]\n [-1.25573367 -1.9617521   1.93726835 -0.7240434  -1.86672736  3.89787268]]", "nfev": "425", "njev": "59", "status": "2", "success": "False", "message": "Desired error not necessarily achieved due to precision loss.", "x": "[0.45495023 2.3596613  5.02386187 5.43337334 2.46739289 1.99413775]", "nit": "20"}, "23": {"maxiter": 1000, "gtol": 1e-10, "xrtol": 1e-10, "eps": 1e-10, "duration": 0.04317784309387207, "fun": "0.004160160538072999", "jac": "[2.22044587e-06 0.00000000e+00 2.22044587e-06 1.11022293e-06\n 2.22044587e-06 2.22044587e-06]", "hess_inv": "[[ 3.1709515  -0.33371592  0.09436215 -0.17578244 -1.6441642  -1.03108797]\n [-0.33371592  4.18814432  0.15014346  3.48671644  1.52515953 -1.25496677]\n [ 0.09436215  0.15014346  1.2470386   0.5663673  -0.5055931   1.02426367]\n [-0.17578244  3.48671644  0.5663673   4.83924435  0.82795981 -0.39174186]\n [-1.6441642   1.52515953 -0.5055931   0.82795981  3.35945414 -1.00163167]\n [-1.03108797 -1.25496677  1.02426367 -0.39174186 -1.00163167  3.22450249]]", "nfev": "252", "njev": "36", "status": "0", "success": "True", "message": "Optimization terminated successfully.", "x": "[0.454953   2.35966684 5.02387986 5.43339611 2.46740526 1.99413181]", "nit": "21"}}, "cobyla": {"0": {"maxiter": 100, "tol": 1e-05, "catol": 1e-05, "duration": 0.016577959060668945, "x": "[0.45443629 2.18324647 5.28203991 5.48059367 2.60003601 1.87966743]", "status": "2", "success": "False", "message": "Maximum number of function evaluations has been exceeded.", "nfev": "100", "fun": "0.004222202097043493", "maxcv": "0.0"}, "1": {"maxiter": 100, "tol": 1e-05, "catol": 1e-10, "duration": 0.01648402214050293, "x": "[0.45443629 2.18324647 5.28203991 5.48059367 2.60003601 1.87966743]", "status": "2", "success": "False", "message": "Maximum number of function evaluations has been exceeded.", "nfev": "100", "fun": "0.004222202097043493", "maxcv": "0.0"}, "2": {"maxiter": 100, "tol": 1e-10, "catol": 1e-05, "duration": 0.016510963439941406, "x": "[0.45443629 2.18324647 5.28203991 5.48059367 2.60003601 1.87966743]", "status": "2", "success": "False", "message": "Maximum number of function evaluations has been exceeded.", "nfev": "100", "fun": "0.004222202097043493", "maxcv": "0.0"}, "3": {"maxiter": 100, "tol": 1e-10, "catol": 1e-10, "duration": 0.01655411720275879, "x": "[0.45443629 2.18324647 5.28203991 5.48059367 2.60003601 1.87966743]", "status": "2", "success": "False", "message": "Maximum number of function evaluations has been exceeded.", "nfev": "100", "fun": "0.004222202097043493", "maxcv": "0.0"}, "4": {"maxiter": 500, "tol": 1e-05, "catol": 1e-05, "duration": 0.04956507682800293, "x": "[0.45941989 2.20888529 5.27133516 5.49916401 2.61706826 1.86325982]", "status": "1", "success": "True", "message": "Optimization terminated successfully.", "nfev": "301", "fun": "0.004160160770144028", "maxcv": "0.0"}, "5": {"maxiter": 500, "tol": 1e-05, "catol": 1e-10, "duration": 0.049485206604003906, "x": "[0.45941989 2.20888529 5.27133516 5.49916401 2.61706826 1.86325982]", "status": "1", "success": "True", "message": "Optimization terminated successfully.", "nfev": "301", "fun": "0.004160160770144028", "maxcv": "0.0"}, "6": {"maxiter": 500, "tol": 1e-10, "catol": 1e-05, "duration": 0.08149504661560059, "x": "[0.45942158 2.20892985 5.27131719 5.49917737 2.61710032 1.863226  ]", "status": "2", "success": "False", "message": "Maximum number of function evaluations has been exceeded.", "nfev": "500", "fun": "0.004160160536040625", "maxcv": "0.0"}, "7": {"maxiter": 500, "tol": 1e-10, "catol": 1e-10, "duration": 0.08142685890197754, "x": "[0.45942158 2.20892985 5.27131719 5.49917737 2.61710032 1.863226  ]", "status": "2", "success": "False", "message": "Maximum number of function evaluations has been exceeded.", "nfev": "500", "fun": "0.004160160536040625", "maxcv": "0.0"}, "8": {"maxiter": 1000, "tol": 1e-05, "catol": 1e-05, "duration": 0.049552202224731445, "x": "[0.45941989 2.20888529 5.27133516 5.49916401 2.61706826 1.86325982]", "statu