{"date": "2024/07/18/, 20:59:48", "conf_id": 65, "data_type": "random\n", "num_data_points": 4, "s_rank": 0, "unitary": "[[-0.45070455-0.02711853j,0.78437395-0.06613086j,0.06358678+0.19963393j,-0.07343613+0.35668523j],[-0.01890143-0.03813363j,0.32408202+0.25557629j,0.05872864-0.68979805j,0.55466693-0.20227297j],[-0.11215405+0.64023111j,-0.13344055+0.29565494j,-0.49012687-0.19046288j,-0.04241254+0.44046348j],[0.55771659+0.24656916j,0.31851997-0.05798805j,0.28761525-0.34294258j,-0.56718418+0.03616933j]]", "databatch_0": {"databatch": "[[[-0.11617718-0.36663886j,0.27862956+0.3155785j,-0.32528724-0.02426854j,-0.59853786+0.13592614j],[-0.01530636-0.11827333j,0.07905731+0.11241033j,-0.10095817-0.02448577j,-0.21229101+0.03528716j],[0.03625953+0.09155984j,-0.08529673-0.09893602j,0.08777402+0.00567078j,0.22316408-0.02491277j],[-0.07650733+0.01648271j,0.0566217-0.02741513j,-0.00990633+0.05835041j,-0.01822393+0.05174745j]],[[-0.1480136+0.21483465j,-0.13470064+0.13990056j,0.02951735-0.04885248j,0.11125398-0.07833214j],[-0.31044479-0.23617911j,-0.25392629-0.25515182j,0.07341845+0.05847706j,0.10309907+0.19240623j],[0.03057702+0.50728157j,-0.05598888+0.36873211j,-0.01189221-0.10774129j,0.07665039-0.24792596j],[0.06340938+0.14981399j,0.03864908+0.14187282j,-0.01471072-0.03595089j,0.00172572-0.09052692j]],[[-0.10175678-0.05719243j,-0.02201703-0.16055506j,-0.07887255-0.09825127j,0.05720834-0.18613334j],[-0.05829357+0.19770101j,0.2559284-0.26392656j,-0.20477729+0.15413741j,0.56874482+0.3706157j],[-0.00852067+0.13815344j,-0.08589812+0.02203877j,-0.07643112+0.13424261j,-0.05587959+0.0643671j],[-0.03233368+0.14248991j,0.02879149+0.09346244j,-0.10334697+0.1106389j,-0.08223569+0.28881006j]],[[-0.10840461-0.08943371j,0.29293419-0.49472959j,0.06889514-0.14030618j,-0.11993801-0.07428699j],[0.05382146+0.27837561j,-0.04971128-0.2086629j,-0.09637646+0.24714729j,-0.18186596-0.12113865j],[-0.09455978+0.15414279j,0.11066741+0.17923711j,-0.1968311+0.10849651j,0.08308352-0.16288957j],[-0.20339893-0.17828807j,-0.04341758-0.12086646j,-0.04912054-0.29794924j,0.11647011+0.07346429j]]]", "initial param values": "[0.37192513,6.16275613,3.78401476,1.70465615,3.95747218,2.13720064]", "nelder_mead": {"type": "gradient-free", "0": {"maxiter": 100, "fatol": 1e-05, "xatol": 1e-05, "duration": 0.025331974029541016, "fun": "0.3483863829750181", "nit": "100", "nfev": "149", "status": "2", "success": "False", "message": "Maximum number of iterations has been exceeded.", "x": "[ 1.02200967  7.58448561  0.45603001  1.91822936  3.78775766 -0.41914497]", "final_simplex": "(array([[ 1.02200967,  7.58448561,  0.45603001,  1.91822936,  3.78775766,\n        -0.41914497],\n       [ 0.90045542,  7.77105293,  0.77112666,  2.31092978,  3.59232521,\n        -0.40235553],\n       [ 0.89113471,  7.76939083,  1.05752173,  2.2445138 ,  3.32426084,\n        -0.15970061],\n       [ 0.86342648,  7.45534016,  1.22114076,  2.24279585,  3.49829049,\n        -0.14760857],\n       [ 0.79457558,  7.50516069,  1.30288581,  2.34918187,  3.69237126,\n        -0.0741797 ],\n       [ 0.78404253,  7.85033658,  1.4941995 ,  2.38906447,  3.28439193,\n        -0.17326115],\n       [ 0.74110023,  7.71872178,  1.30697655,  2.24539238,  3.90653232,\n         0.16252491]]), array([0.34838638, 0.37263892, 0.37810092, 0.37814069, 0.39098185,\n       0.39267554, 0.40291093]))"}, "1": {"maxiter": 100, "fatol": 1e-05, "xatol": 1e-10, "duration": 0.025516033172607422, "fun": "0.3483863829750181", "nit": "100", "nfev": "149", "status": "2", "success": "False", "message": "Maximum number of iterations has been exceeded.", "x": "[ 1.02200967  7.58448561  0.45603001  1.91822936  3.78775766 -0.41914497]", "final_simplex": "(array([[ 1.02200967,  7.58448561,  0.45603001,  1.91822936,  3.78775766,\n        -0.41914497],\n       [ 0.90045542,  7.77105293,  0.77112666,  2.31092978,  3.59232521,\n        -0.40235553],\n       [ 0.89113471,  7.76939083,  1.05752173,  2.2445138 ,  3.32426084,\n        -0.15970061],\n       [ 0.86342648,  7.45534016,  1.22114076,  2.24279585,  3.49829049,\n        -0.14760857],\n       [ 0.79457558,  7.50516069,  1.30288581,  2.34918187,  3.69237126,\n        -0.0741797 ],\n       [ 0.78404253,  7.85033658,  1.4941995 ,  2.38906447,  3.28439193,\n        -0.17326115],\n       [ 0.74110023,  7.71872178,  1.30697655,  2.24539238,  3.90653232,\n         0.16252491]]), array([0.34838638, 0.37263892, 0.37810092, 0.37814069, 0.39098185,\n       0.39267554, 0.40291093]))"}, "2": {"maxiter": 100, "fatol": 1e-10, "xatol": 1e-05, "duration": 0.026034832000732422, "fun": "0.3483863829750181", "nit": "100", "nfev": "149", "status": "2", "success": "False", "message": "Maximum number of iterations has been exceeded.", "x": "[ 1.02200967  7.58448561  0.45603001  1.91822936  3.78775766 -0.41914497]", "final_simplex": "(array([[ 1.02200967,  7.58448561,  0.45603001,  1.91822936,  3.78775766,\n        -0.41914497],\n       [ 0.90045542,  7.77105293,  0.77112666,  2.31092978,  3.59232521,\n        -0.40235553],\n       [ 0.89113471,  7.76939083,  1.05752173,  2.2445138 ,  3.32426084,\n        -0.15970061],\n       [ 0.86342648,  7.45534016,  1.22114076,  2.24279585,  3.49829049,\n        -0.14760857],\n       [ 0.79457558,  7.50516069,  1.30288581,  2.34918187,  3.69237126,\n        -0.0741797 ],\n       [ 0.78404253,  7.85033658,  1.4941995 ,  2.38906447,  3.28439193,\n        -0.17326115],\n       [ 0.74110023,  7.71872178,  1.30697655,  2.24539238,  3.90653232,\n         0.16252491]]), array([0.34838638, 0.37263892, 0.37810092, 0.37814069, 0.39098185,\n       0.39267554, 0.40291093]))"}, "3": {"maxiter": 100, "fatol": 1e-10, "xatol": 1e-10, "duration": 0.02599191665649414, "fun": "0.3483863829750181", "nit": "100", "nfev": "149", "status": "2", "success": "False", "message": "Maximum number of iterations has been exceeded.", "x": "[ 1.02200967  7.58448561  0.45603001  1.91822936  3.78775766 -0.41914497]", "final_simplex": "(array([[ 1.02200967,  7.58448561,  0.45603001,  1.91822936,  3.78775766,\n        -0.41914497],\n       [ 0.90045542,  7.77105293,  0.77112666,  2.31092978,  3.59232521,\n        -0.40235553],\n       [ 0.89113471,  7.76939083,  1.05752173,  2.2445138 ,  3.32426084,\n        -0.15970061],\n       [ 0.86342648,  7.45534016,  1.22114076,  2.24279585,  3.49829049,\n        -0.14760857],\n       [ 0.79457558,  7.50516069,  1.30288581,  2.34918187,  3.69237126,\n        -0.0741797 ],\n       [ 0.78404253,  7.85033658,  1.4941995 ,  2.38906447,  3.28439193,\n        -0.17326115],\n       [ 0.74110023,  7.71872178,  1.30697655,  2.24539238,  3.90653232,\n         0.16252491]]), array([0.34838638, 0.37263892, 0.37810092, 0.37814069, 0.39098185,\n       0.39267554, 0.40291093]))"}, "4": {"maxiter": 500, "fatol": 1e-05, "xatol": 1e-05, "duration": 0.12034821510314941, "fun": "0.26196811405358655", "nit": "452", "nfev": "701", "status": "0", "success": "True", "message": "Optimization terminated successfully.", "x": "[ 1.65317306  7.59578483  0.99185907  2.16695423  3.61703779 -0.41497797]", "final_simplex": "(array([[ 1.65317306,  7.59578483,  0.99185907,  2.16695423,  3.61703779,\n        -0.41497797],\n       [ 1.65317696,  7.59578783,  0.99185832,  2.16695429,  3.61703886,\n        -0.41498092],\n       [ 1.65317044,  7.59578938,  0.9918583 ,  2.16695302,  3.61703846,\n        -0.41498143],\n       [ 1.65316887,  7.59578334,  0.99185889,  2.16695069,  3.61704395,\n        -0.41497982],\n       [ 1.65317168,  7.59578138,  0.99185461,  2.16695251,  3.61704173,\n        -0.41498795],\n       [ 1.65317012,  7.59577658,  0.99185284,  2.16695294,  3.61704653,\n        -0.41498172],\n       [ 1.65316834,  7.59578691,  0.99185521,  2.16694843,  3.61703601,\n        -0.414985  ]]), array([0.26196811, 0.26196811, 0.26196811, 0.26196811, 0.26196811,\n       0.26196811, 0.26196811]))"}, "5": {"maxiter": 500, "fatol": 1e-05, "xatol": 1e-10, "duration": 0.13375091552734375, "fun": "0.26196811405078735", "nit": "500", "nfev": "787", "status": "2", "success": "False", "message": "Maximum number of iterations has been exceeded.", "x": "[ 1.65317549  7.59578299  0.99185713  2.16695516  3.61704039 -0.41498022]", "final_simplex": "(array([[ 1.65317549,  7.59578299,  0.99185713,  2.16695516,  3.61704039,\n        -0.41498022],\n       [ 1.65317553,  7.59578308,  0.99185715,  2.16695525,  3.61704036,\n        -0.41498013],\n       [ 1.65317548,  7.59578313,  0.9918572 ,  2.16695517,  3.6170403 ,\n        -0.41498007],\n       [ 1.6531755 ,  7.59578295,  0.99185703,  2.16695521,  3.61704028,\n        -0.4149802 ],\n       [ 1.65317535,  7.59578306,  0.99185715,  2.16695517,  3.61704031,\n        -0.41498013],\n       [ 1.65317546,  7.59578308,  0.99185707,  2.16695519,  3.61704037,\n        -0.41498021],\n       [ 1.65317558,  7.59578311,  0.99185709,  2.1669552 ,  3.61704014,\n        -0.41498025]]), array([0.26196811, 0.26196811, 0.26196811, 0.26196811, 0.26196811,\n       0.26196811, 0.26196811]))"}, "6": {"maxiter": 500, "fatol": 1e-10, "xatol": 1e-05, "duration": 0.12137389183044434, "fun": "0.26196811405358655", "nit": "452", "nfev": "701", "status": "0", "success": "True", "message": "Optimization terminated successfully.", "x": "[ 1.65317306  7.59578483  0.99185907  2.16695423  3.61703779 -0.41497797]", "final_simplex": "(array([[ 1.65317306,  7.59578483,  0.99185907,  2.16695423,  3.61703779,\n        -0.41497797],\n       [ 1.65317696,  7.59578783,  0.99185832,  2.16695429,  3.61703886,\n        -0.41498092],\n       [ 1.65317044,  7.59578938,  0.9918583 ,  2.16695302,  3.61703846,\n        -0.41498143],\n       [ 1.65316887,  7.59578334,  0.99185889,  2.16695069,  3.61704395,\n        -0.41497982],\n       [ 1.65317168,  7.59578138,  0.99185461,  2.16695251,  3.61704173,\n        -0.41498795],\n       [ 1.65317012,  7.59577658,  0.99185284,  2.16695294,  3.61704653,\n        -0.41498172],\n       [ 1.65316834,  7.59578691,  0.99185521,  2.16694843,  3.61703601,\n        -0.414985  ]]), array([0.26196811, 0.26196811, 0.26196811, 0.26196811, 0.26196811,\n       0.26196811, 0.26196811]))"}, "7": {"maxiter": 500, "fatol": 1e-10, "xatol": 1e-10, "duration": 0.1345071792602539, "fun": "0.26196811405078735", "nit": "500", "nfev": "787", "status": "2", "success": "False", "message": "Maximum number of iterations has been exceeded.", "x": "[ 1.65317549  7.59578299  0.99185713  2.16695516  3.61704039 -0.41498022]", "final_simplex": "(array([[ 1.65317549,  7.59578299,  0.99185713,  2.16695516,  3.61704039,\n        -0.41498022],\n       [ 1.65317553,  7.59578308,  0.99185715,  2.16695525,  3.61704036,\n        -0.41498013],\n       [ 1.65317548,  7.59578313,  0.9918572 ,  2.16695517,  3.6170403 ,\n        -0.41498007],\n       [ 1.6531755 ,  7.59578295,  0.99185703,  2.16695521,  3.61704028,\n        -0.4149802 ],\n       [ 1.65317535,  7.59578306,  0.99185715,  2.16695517,  3.61704031,\n        -0.41498013],\n       [ 1.65317546,  7.59578308,  0.99185707,  2.16695519,  3.61704037,\n        -0.41498021],\n       [ 1.65317558,  7.59578311,  0.99185709,  2.1669552 ,  3.61704014,\n        -0.41498025]]), array([0.26196811, 0.26196811, 0.26196811, 0.26196811, 0.26196811,\n       0.26196811, 0.26196811]))"}, "8": {"maxiter": 1000, "fatol": 1e-05, "xatol": 1e-05, "duration": 0.12159419059753418, "fun": "0.26196811405358655", "nit": "452", "nfev": "701", "status": "0", "success": "True", "message": "Optimization terminated successfully.", "x": "[ 1.65317306  7.59578483  0.99185907  2.16695423  3.61703779 -0.41497797]", "final_simplex": "(array([[ 1.65317306,  7.59578483,  0.99185907,  2.16695423,  3.61703779,\n        -0.41497797],\n       [ 1.65317696,  7.59578783,  0.99185832,  2.16695429,  3.61703886,\n        -0.41498092],\n       [ 1.65317044,  7.59578938,  0.9918583 ,  2.16695302,  3.61703846,\n        -0.41498143],\n       [ 1.65316887,  7.59578334,  0.99185889,  2.16695069,  3.61704395,\n        -0.41497982],\n       [ 1.65317168,  7.59578138,  0.99185461,  2.16695251,  3.61704173,\n        -0.41498795],\n       [ 1.65317012,  7.59577658,  0.99185284,  2.16695294,  3.61704653,\n        -0.41498172],\n       [ 1.65316834,  7.59578691,  0.99185521,  2.16694843,  3.61703601,\n        -0.414985  ]]), array([0.26196811, 0.26196811, 0.26196811, 0.26196811, 0.26196811,\n       0.26196811, 0.26196811]))"}, "9": {"maxiter": 1000, "fatol": 1e-05, "xatol": 1e-10, "duration": 0.16277074813842773, "fun": "0.261968114050781", "nit": "563", "nfev": "941", "status": "0", "success": "True", "message": "Optimization terminated successfully.", "x": "[ 1.65317556  7.59578301  0.99185737  2.16695522  3.61704028 -0.41498013]", "final_simplex": "(array([[ 1.65317556,  7.59578301,  0.99185737,  2.16695522,  3.61704028,\n        -0.41498013],\n       [ 1.65317556,  7.59578301,  0.99185737,  2.16695522,  3.61704028,\n        -0.41498013],\n       [ 1.65317556,  7.59578301,  0.99185737,  2.16695522,  3.61704028,\n        -0.41498013],\n       [ 1.65317556,  7.59578301,  0.99185737,  2.16695522,  3.61704028,\n        -0.41498013],\n       [ 1.65317556,  7.59578301,  0.99185737,  2.16695522,  3.61704028,\n        -0.41498013],\n       [ 1.65317556,  7.59578301,  0.99185737,  2.16695522,  3.61704028,\n        -0.41498013],\n       [ 1.65317556,  7.59578301,  0.99185737,  2.16695522,  3.61704028,\n        -0.41498013]]), array([0.26196811, 0.26196811, 0.26196811, 0.26196811, 0.26196811,\n       0.26196811, 0.26196811]))"}, "10": {"maxiter": 1000, "fatol": 1e-10, "xatol": 1e-05, "duration": 0.11916494369506836, "fun": "0.26196811405358655", "nit": "452", "nfev": "701", "status": "0", "success": "True", "message": "Optimization terminated successfully.", "x": "[ 1.65317306  7.59578483  0.99185907  2.16695423  3.61703779 -0.41497797]", "final_simplex": "(array([[ 1.65317306,  7.59578483,  0.99185907,  2.16695423,  3.61703779,\n        -0.41497797],\n       [ 1.65317696,  7.59578783,  0.99185832,  2.16695429,  3.61703886,\n        -0.41498092],\n       [ 1.65317044,  7.59578938,  0.9918583 ,  2.16695302,  3.61703846,\n        -0.41498143],\n       [ 1.65316887,  7.59578334,  0.99185889,  2.16695069,  3.61704395,\n        -0.41497982],\n       [ 1.65317168,  7.59578138,  0.99185461,  2.16695251,  3.61704173,\n        -0.41498795],\n       [ 1.65317012,  7.59577658,  0.99185284,  2.16695294,  3.61704653,\n        -0.41498172],\n       [ 1.65316834,  7.59578691,  0.99185521,  2.16694843,  3.61703601,\n        -0.414985  ]]), array([0.26196811, 0.26196811, 0.26196811, 0.26196811, 0.26196811,\n       0.26196811, 0.26196811]))"}, "11": {"maxiter": 1000, "fatol": 1e-10, "xatol": 1e-10, "duration": 0.16179394721984863, "fun": "0.261968114050781", "nit": "563", "nfev": "941", "status": "0", "success": "True", "message": "Optimization terminated successfully.", "x": "[ 1.65317556  7.59578301  0.99185737  2.16695522  3.61704028 -0.41498013]", "final_simplex": "(array([[ 1.65317556,  7.59578301,  0.99185737,  2.16695522,  3.61704028,\n        -0.41498013],\n       [ 1.65317556,  7.59578301,  0.99185737,  2.16695522,  3.61704028,\n        -0.41498013],\n       [ 1.65317556,  7.59578301,  0.99185737,  2.16695522,  3.61704028,\n        -0.41498013],\n       [ 1.65317556,  7.59578301,  0.99185737,  2.16695522,  3.61704028,\n        -0.41498013],\n       [ 1.65317556,  7.59578301,  0.99185737,  2.16695522,  3.61704028,\n        -0.41498013],\n       [ 1.65317556,  7.59578301,  0.99185737,  2.16695522,  3.61704028,\n        -0.41498013],\n       [ 1.65317556,  7.59578301,  0.99185737,  2.16695522,  3.61704028,\n        -0.41498013]]), array([0.26196811, 0.26196811, 0.26196811, 0.26196811, 0.26196811,\n       0.26196811, 0.26196811]))"}}, "bfgs": {"type": "gradient", "0": {"maxiter": 100, "gtol": 1e-05, "xrtol": 1e-05, "eps": 1e-05, "duration": 0.03637409210205078, "fun": "0.2619681145547401", "jac": "[-9.83773063e-06 -8.57223181e-06  3.00117708e-06  3.16588977e-06\n -9.48603418e-06  3.71267461e-06]", "hess_inv": "[[ 3.10911814 -0.42788016  0.06337138  0.7709247  -0.4596988  -0.17618567]\n [-0.42788016  3.61060391  0.94422296  0.13779965 -1.47507451 -0.02154692]\n [ 0.06337138  0.94422296  6.64856728  0.96009506 -0.38760685  1.49058391]\n [ 0.7709247   0.13779965  0.96009506  3.60550683 -0.01954357  0.07667514]\n [-0.4596988  -1.47507451 -0.38760685 -0.01954357  5.18474043  2.11928376]\n [-0.17618567 -0.02154692  1.49058391  0.07667514  2.11928376  4.74705394]]", "nfev": "203", "njev": "29", "status": "0", "success": "True", "message": "Optimization terminated successfully.", "x": "[ 1.65314269  7.59576609  0.99187785  2.16695546  3.61700043 -0.41498559]", "nit": "26"}, "1": {"maxiter": 100, "gtol": 1e-05, "xrtol": 1e-05, "eps": 1e-10, "duration": 0.03627276420593262, "fun": "0.26196811441155776", "jac": "[-7.77156053e-06 -7.77156053e-06  4.44089173e-06  1.11022293e-06\n -7.77156053e-06  6.66133760e-06]", "hess_inv": "[[ 3.07698074 -0.45048515  0.03792967  0.74309158 -0.4528677  -0.17404774]\n [-0.45048515  3.60659843  0.93523906  0.08464334 -1.47886538 -0.00766445]\n [ 0.03792967  0.93523906  6.64647626  0.94638456 -0.41317434  1.48949979]\n [ 0.74309158  0.08464334  0.94638456  3.62640117  0.07563651  0.13976415]\n [-0.4528677  -1.47886538 -0.41317434  0.07563651  5.1772209   2.05660216]\n [-0.17404774 -0.00766445  1.48949979  0.13976415  2.05660216  4.68474983]]", "nfev": "203", "njev": "29", "status": "0", "success": "True", "message": "Optimization terminated successfully.", "x": "[ 1.65314837  7.59577012  0.99188471  2.16694775  3.61701618 -0.41496413]", "nit": "26"}, "2": {"maxiter": 100, "gtol": 1e-05, "xrtol": 1e-10, "eps": 1e-05, "duration": 0.036296844482421875, "fun": "0.2619681145547401", "jac": "[-9.83773063e-06 -8.57223181e-06  3.00117708e-06  3.16588977e-06\n -9.48603418e-06  3.71267461e-06]", "hess_inv": "[[ 3.10911814 -0.42788016  0.06337138  0.7709247  -0.4596988  -0.17618567]\n [-0.42788016  3.61060391  0.94422296  0.13779965 -1.47507451 -0.02154692]\n [ 0.06337138  0.94422296  6.64856728  0.96009506 -0.38760685  1.49058391]\n [ 0.7709247   0.13779965  0.96009506  3.60550683 -0.01954357  0.07667514]\n [-0.4596988  -1.47507451 -0.38760685 -0.01954357  5.18474043  2.11928376]\n [-0.17618567 -0.02154692  1.49058391  0.07667514  2.11928376  4.74705394]]", "nfev": "203", "njev": "29", "status": "0", "success": "True", "message": "Optimization terminated successfully.", "x": "[ 1.65314269  7.59576609  0.99187785  2.16695546  3.61700043 -0.41498559]", "nit": "26"}, "3": {"maxiter": 100, "gtol": 1e-05, "xrtol": 1e-10, "eps": 1e-10, "duration": 0.0362088680267334, "fun": "0.26196811441155776", "jac": "[-7.77156053e-06 -7.77156053e-06  4.44089173e-06  1.11022293e-06\n -7.77156053e-06  6.66133760e-06]", "hess_inv": "[[ 3.07698074 -0.45048515  0.03792967  0.74309158 -0.4528677  -0.17404774]\n [-0.45048515  3.60659843  0.93523906  0.08464334 -1.47886538 -0.00766445]\n [ 0.03792967  0.93523906  6.64647626  0.94638456 -0.41317434  1.48949979]\n [ 0.74309158  0.08464334  0.94638456  3.62640117  0.07563651  0.13976415]\n [-0.4528677  -1.47886538 -0.41317434  0.07563651  5.1772209   2.05660216]\n [-0.17404774 -0.00766445  1.48949979  0.13976415  2.05660216  4.68474983]]", "nfev": "203", "njev": "29", "status": "0", "success": "True", "message": "Optimization terminated successfully.", "x": "[ 1.65314837  7.59577012  0.99188471  2.16694775  3.61701618 -0.41496413]", "nit": "26"}, "4": {"maxiter": 100, "gtol": 1e-10, "xrtol": 1e-05, "eps": 1e-05, "duration": 0.03748178482055664, "fun": "0.26196811409111487", "jac": "[-3.25983684e-07 -1.09690035e-07  2.95496960e-07  4.03788114e-08\n -1.02379216e-06 -2.16382467e-08]", "hess_inv": "[[ 3.31499173 -0.31550621 -0.14188633  0.71023862 -0.26464879 -0.23991466]\n [-0.31550621  3.63717557  0.77061499  0.10604697 -1.24671744 -0.01033948]\n [-0.14188633  0.77061499  6.74417244  1.02302969 -0.3662088   1.63557458]\n [ 0.71023862  0.10604697  1.02302969  3.62334132 -0.08185002  0.09364547]\n [-0.26464879 -1.24671744 -0.3662088  -0.08185002  4.94218686  1.89765333]\n [-0.23991466 -0.01033948  1.63557458  0.09364547  1.89765333  4.70593619]]", "nfev": "210", "njev": "30", "status": "0", "success": "True", "message": "Optimization terminated successfully.", "x": "[ 1.65316916  7.59577973  0.99185004  2.16694769  3.61702834 -0.41499272]", "nit": "27"}, "5": {"maxiter": 100, "gtol": 1e-10, "xrtol": 1e-05, "eps": 1e-10, "duration": 0.03743791580200195, "fun": "0.2619681140991821", "jac": "[-1.11022293e-06 -1.11022293e-06 -3.33066880e-06 -4.44089173e-06\n -4.44089173e-06 -2.22044587e-06]", "hess_inv": "[[ 3.23191174e+00 -3.60768693e-01 -2.53868439e-01  7.16434839e-01\n  -3.56332646e-01 -3.74911371e-01]\n [-3.60768693e-01  3.62842471e+00  6.50075248e-01  9.22678469e-02\n  -1.34631111e+00 -1.61365990e-01]\n [-2.53868439e-01  6.50075248e-01  6.74792185e+00  1.08553115e+00\n  -2.99350627e-01  1.72361383e+00]\n [ 7.16434839e-01  9.22678469e-02  1.08553115e+00  3.61333528e+00\n   3.51118002e-04  2.02942330e-01]\n [-3.56332646e-01 -1.34631111e+00 -2.99350627e-01  3.51118002e-04\n   5.04233251e+00  2.02657444e+00]\n [-3.74911371e-01 -1.61365990e-01  1.72361383e+00  2.02942330e-01\n   2.02657444e+00  4.89876671e+00]]", "nfev": "210", "njev": "30", "status": "0", "success": "True", "message": "Optimization terminated successfully.", "x": "[ 1.65317075  7.59578314  0.99184281  2.16694385  3.61702996 -0.41499306]", "nit": "27"}, "6": {"maxiter": 100, "gtol": 1e-10, "xrtol": 1e-10, "eps": 1e-05, "duration": 0.08578610420227051, "fun": "0.26196811408207255", "jac": "[ 3.33066907e-10 -6.66133815e-10  4.55191440e-10 -3.77475828e-10\n  3.66373598e-10 -5.55111512e-11]", "hess_inv": "[[ 3.22311555 -0.20908259 -0.33130432  0.77168499 -0.26504586 -0.23266745]\n [-0.20908259  3.47451569  1.08386363  0.02575893 -1.30214939 -0.02274066]\n [-0.33130432  1.08386363  6.62879081  1.14075233 -0.81621175  1.4930403 ]\n [ 0.77168499  0.02575893  1.14075233  3.58204417 -0.05889006  0.09809528]\n [-0.26504586 -1.30214939 -0.81621175 -0.05889006  5.54448531  2.08742097]\n [-0.23266745 -0.02274066  1.4930403   0.09809528  2.08742097  4.76098592]]", "nfev": "487", "njev": "68", "status": "2", "success": "False", "message": "Desired error not necessarily achieved due to precision loss.", "x": "[ 1.65317001  7.5957784   0.99184728  2.16694739  3.61703402 -0.41499104]", "nit": "30"}, "7": {"maxiter": 100, "gtol": 1e-10, "xrtol": 1e-10, "eps": 1e-10, "duration": 0.07138276100158691, "fun": "0.2619681140664357", "jac": "[1.11022293e-06 1.11022293e-06 0.00000000e+00 0.00000000e+00\n 4.44089173e-06 2.22044587e-06]", "hess_inv": "[[ 3.15385962  0.86704075 -0.29666853  2.97918562  0.34417736 -3.35760308]\n [ 0.86704075  4.50821177  0.2587677   4.08864779  1.27347777 -3.89845538]\n [-0.29666853  0.2587677   2.82766916  1.88929547  1.71428488 -2.00957692]\n [ 2.97918562  4.08864779  1.88929547 10.8284264   2.74917499 -7.34124436]\n [ 0.34417736  1.27347777  1.71428488  2.74917499  1.95213968 -2.56395425]\n [-3.35760308 -3.89845538 -2.00957692 -7.34124436 -2.56395425  7.95830988]]", "nfev": "406", "njev": "58", "status": "0", "success": "True", "message": "Optimization terminated successfully.", "x": "[ 1.65317924  7.59577892  0.99185218  2.16695286  3.61705019 -0.41497383]", "nit": "32"}, "8": {"maxiter": 500, "gtol": 1e-05, "xrtol": 1e-05, "eps": 1e-05, "duration": 0.0350341796875, "fun": "0.2619681145547401", "jac": "[-9.83773063e-06 -8.57223181e-06  3.00117708e-06  3.16588977e-06\n -9.48603418e-06  3.71267461e-06]", "hess_inv": "[[ 3.10911814 -0.42788016  0.06337138  0.7709247  -0.4596988  -0.17618567]\n [-0.42788016  3.61060391  0.94422296  0.13779965 -1.47507451 -0.02154692]\n [ 0.06337138  0.94422296  6.64856728  0.96009506 -0.38760685  1.49058391]\n [ 0.7709247   0.13779965  0.96009506  3.60550683 -0.01954357  0.07667514]\n [-0.4596988  -1.47507451 -0.38760685 -0.01954357  5.18474043  2.11928376]\n [-0.17618567 -0.02154692  1.49058391  0.07667514  2.11928376  4.74705394]]", "nfev": "203", "njev": "29", "status": "0", "success": "True", "message": "Optimization terminated successfully.", "x": "[ 1.65314269  7.59576609  0.99187785  2.16695546  3.61700043 -0.41498559]", "nit": "26"}, "9": {"maxiter": 500, "gtol": 1e-05, "xrtol": 1e-05, "eps": 1e-10, "duration": 0.03496980667114258, "fun": "0.26196811441155776", "jac": "[-7.77156053e-06 -7.77156053e-06  4.44089173e-06  1.11022293e-06\n -7.77156053e-06  6.66133760e-06]", "hess_inv": "[[ 3.07698074 -0.45048515  0.03792967  0.74309158 -0.4528677  -0.17404774]\n [-0.45048515  3.60659843  0.93523906  0.08464334 -1.47886538 -0.00766445]\n [ 0.03792967  0.93523906  6.64647626  0.94638456 -0.41317434  1.48949979]\n [ 0.74309158  0.08464334  0.94638456  3.62640117  0.07563651  0.13976415]\n [-0.4528677  -1.47886538 -0.41317434  0.07563651  5.1772209   2.05660216]\n [-0.17404774 -0.00766445  1.48949979  0.13976415  2.05660216  4.68474983]]", "nfev": "203", "njev": "29", "status": "0", "success": "True", "message": "Optimization terminated successfully.", "x": "[ 1.65314837  7.59577012  0.99188471  2.16694775  3.61701618 -0.41496413]", "nit": "26"}, "10": {"maxiter": 500, "gtol": 1e-05, "xrtol": 1e-10, "eps": 1e-05, "duration": 0.03492474555969238, "fun": "0.2619681145547401", "jac": "[-9.83773063e-06 -8.57223181e-06  3.00117708e-06  3.16588977e-06\n -9.48603418e-06  3.71267461e-06]", "hess_inv": "[[ 3.10911814 -0.42788016  0.06337138  0.7709247  -0.4596988  -0.17618567]\n [-0.42788016  3.61060391  0.94422296  0.13779965 -1.47507451 -0.02154692]\n [ 0.06337138  0.94422296  6.64856728  0.96009506 -0.38760685  1.49058391]\n [ 0.7709247   0.13779965  0.96009506  3.60550683 -0.01954357  0.07667514]\n [-0.4596988  -1.47507451 -0.38760685 -0.01954357  5.18474043  2.11928376]\n [-0.17618567 -0.02154692  1.49058391  0.07667514  2.11928376  4.74705394]]", "nfev": "203", "njev": "29", "status": "0", "success": "True", "message": "Optimization terminated successfully.", "x": "[ 1.65314269  7.59576609  0.99187785  2.16695546  3.61700043 -0.41498559]", "nit": "26"}, "11": {"maxiter": 500, "gtol": 1e-05, "xrtol": 1e-10, "eps": 1e-10, "duration": 0.03503108024597168, "fun": "0.26196811441155776", "jac": "[-7.77156053e-06 -7.77156053e-06  4.44089173e-06  1.11022293e-06\n -7.77156053e-06  6.66133760e-06]", "hess_inv": "[[ 3.07698074 -0.45048515  0.03792967  0.74309158 -0.4528677  -0.17404774]\n [-0.45048515  3.60659843  0.93523906  0.08464334 -1.47886538 -0.00766445]\n [ 0.03792967  0.93523906  6.64647626  0.94638456 -0.41317434  1.48949979]\n [ 0.74309158  0.08464334  0.94638456  3.62640117  0.07563651  0.13976415]\n [-0.4528677  -1.47886538 -0.41317434  0.07563651  5.1772209   2.05660216]\n [-0.17404774 -0.00766445  1.48949979  0.13976415  2.05660216  4.68474983]]", "nfev": "203", "njev": "29", "status": "0", "success": "True", "message": "Optimization terminated successfully.", "x": "[ 1.65314837  7.59577012  0.99188471  2.16694775  3.61701618 -0.41496413]", "nit": "26"}, "12": {"maxiter": 500, "gtol": 1e-10, "xrtol": 1e-05, "eps": 1e-05, "duration": 0.03613114356994629, "fun": "0.26196811409111487", "jac": "[-3.25983684e-07 -1.09690035e-07  2.95496960e-07  4.03788114e-08\n -1.02379216e-06 -2.16382467e-08]", "hess_inv": "[[ 3.31499173 -0.31550621 -0.14188633  0.71023862 -0.26464879 -0.23991466]\n [-0.31550621  3.63717557  0.77061499  0.10604697 -1.24671744 -0.01033948]\n [-0.14188633  0.77061499  6.74417244  1.02302969 -0.3662088   1.63557458]\n [ 0.71023862  0.10604697  1.02302969  3.62334132 -0.08185002  0.09364547]\n [-0.26464879 -1.24671744 -0.3662088  -0.08185002  4.94218686  1.89765333]\n [-0.23991466 -0.01033948  1.63557458  0.09364547  1.89765333  4.70593619]]", "nfev": "210", "njev": "30", "status": "0", "success": "True", "message": "Optimization terminated successfully.", "x": "[ 1.65316916  7.59577973  0.99185004  2.16694769  3.61702834 -0.41499272]", "nit": "27"}, "13": {"maxiter": 500, "gtol": 1e-10, "xrtol": 1e-05, "eps": 1e-10, "duration": 0.03615403175354004, "fun": "0.2619681140991821", "jac": "[-1.11022293e-06 -1.11022293e-06 -3.33066880e-06 -4.44089173e-06\n -4.44089173e-06 -2.22044587e-06]", "hess_inv": "[[ 3.23191174e+00 -3.60768693e-01 -2.53868439e-01  7.16434839e-01\n  -3.56332646e-01 -3.74911371e-01]\n [-3.60768693e-01  3.62842471e+00  6.50075248e-01  9.22678469e-02\n  -1.34631111e+00 -1.61365990e-01]\n [-2.53868439e-01  6.50075248e-01  6.74792185e+00  1.08553115e+00\n  -2.99350627e-01  1.72361383e+00]\n [ 7.16434839e-01  9.22678469e-02  1.08553115e+00  3.61333528e+00\n   3.51118002e-04  2.02942330e-01]\n [-3.56332646e-01 -1.34631111e+00 -2.99350627e-01  3.51118002e-04\n   5.04233251e+00  2.02657444e+00]\n [-3.74911371e-01 -1.61365990e-01  1.72361383e+00  2.02942330e-01\n   2.02657444e+00  4.89876671e+00]]", "nfev": "210", "njev": "30", "status": "0", "success": "True", "message": "Optimization terminated successfully.", "x": "[ 1.65317075  7.59578314  0.99184281  2.16694385  3.61702996 -0.41499306]", "nit": "27"}, "14": {"maxiter": 500, "gtol": 1e-10, "xrtol": 1e-10, "eps": 1e-05, "duration": 0.08298301696777344, "fun": "0.26196811408207255", "jac": "[ 3.33066907e-10 -6.66133815e-10  4.55191440e-10 -3.77475828e-10\n  3.66373598e-10 -5.55111512e-11]", "hess_inv": "[[ 3.22311555 -0.20908259 -0.33130432  0.77168499 -0.26504586 -0.23266745]\n [-0.20908259  3.47451569  1.08386363  0.02575893 -1.30214939 -0.02274066]\n [-0.33130432  1.08386363  6.62879081  1.14075233 -0.81621175  1.4930403 ]\n [ 0.77168499  0.02575893  1.14075233  3.58204417 -0.05889006  0.09809528]\n [-0.26504586 -1.30214939 -0.81621175 -0.05889006  5.54448531  2.08742097]\n [-0.23266745 -0.02274066  1.4930403   0.09809528  2.08742097  4.76098592]]", "nfev": "487", "njev": "68", "status": "2", "success": "False", "message": "Desired error not necessarily achieved due to precision loss.", "x": "[ 1.65317001  7.5957784   0.99184728  2.16694739  3.61703402 -0.41499104]", "nit": "30"}, "15": {"maxiter": 500, "gtol": 1e-10, "xrtol": 1e-10, "eps": 1e-10, "duration": 0.06932902336120605, "fun": "0.2619681140664357", "jac": "[1.11022293e-06 1.11022293e-06 0.00000000e+00 0.00000000e+00\n 4.44089173e-06 2.22044587e-06]", "hess_inv": "[[ 3.15385962  0.86704075 -0.29666853  2.97918562  0.34417736 -3.35760308]\n [ 0.86704075  4.50821177  0.2587677   4.08864779  1.27347777 -3.89845538]\n [-0.29666853  0.2587677   2.82766916  1.88929547  1.71428488 -2.00957692]\n [ 2.97918562  4.08864779  1.88929547 10.8284264   2.74917499 -7.34124436]\n [ 0.34417736  1.27347777  1.71428488  2.74917499  1.95213968 -2.56395425]\n [-3.35760308 -3.89845538 -2.00957692 -7.34124436 -2.56395425  7.95830988]]", "nfev": "406", "njev": "58", "status": "0", "success": "True", "message": "Optimization terminated successfully.", "x": "[ 1.65317924  7.59577892  0.99185218  2.16695286  3.61705019 -0.41497383]", "nit": "32"}, "16": {"maxiter": 1000, "gtol": 1e-05, "xrtol": 1e-05, "eps": 1e-05, "duration": 0.03486299514770508, "fun": "0.2619681145547401", "jac": "[-9.83773063e-06 -8.57223181e-06  3.00117708e-06  3.16588977e-06\n -9.48603418e-06  3.71267461e-06]", "hess_inv": "[[ 3.10911814 -0.42788016  0.06337138  0.7709247  -0.4596988  -0.17618567]\n [-0.42788016  3.61060391  0.94422296  0.13779965 -1.47507451 -0.02154692]\n [ 0.06337138  0.94422296  6.64856728  0.96009506 -0.38760685  1.49058391]\n [ 0.7709247   0.13779965  0.96009506  3.60550683 -0.01954357  0.07667514]\n [-0.4596988  -1.47507451 -0.38760685 -0.01954357  5.18474043  2.11928376]\n [-0.17618567 -0.02154692  1.49058391  0.07667514  2.11928376  4.74705394]]", "nfev": "203", "njev": "29", "status": "0", "success": "True", "message": "Optimization terminated successfully.", "x": "[ 1.65314269  7.59576609  0.99187785  2.16695546  3.61700043 -0.41498559]", "nit": "26"}, "17": {"maxiter": 1000, "gtol": 1e-05, "xrtol": 1e-05, "eps": 1e-10, "duration": 0.03490710258483887, "fun": "0.26196811441155776", "jac": "[-7.77156053e-06 -7.77156053e-06  4.44089173e-06  1.11022293e-06\n -7.77156053e-06  6.66133760e-06]", "hess_inv": "[[ 3.07698074 -0.45048515  0.03792967  0.74309158 -0.4528677  -0.17404774]\n [-0.45048515  3.60659843  0.93523906  0.08464334 -1.47886538 -0.00766445]\n [ 0.03792967  0.93523906  6.64647626  0.94638456 -0.41317434  1.48949979]\n [ 0.74309158  0.08464334  0.94638456  3.62640117  0.07563651  0.13976415]\n [-0.4528677  -1.47886538 -0.41317434  0.07563651  5.1772209   2.05660216]\n [-0.17404774 -0.00766445  1.48949979  0.13976415  2.05660216  4.68474983]]", "nfev": "203", "njev": "29", "status": "0", "success": "True", "message": "Optimization terminated successfully.", "x": "[ 1.65314837  7.59577012  0.99188471  2.16694775  3.61701618 -0.41496413]", "nit": "26"}, "18": {"maxiter": 1000, "gtol": 1e-05, "xrtol": 1e-10, "eps": 1e-05, "duration": 0.0348210334777832, "fun": "0.2619681145547401", "jac": "[-9.83773063e-06 -8.57223181e-06  3.00117708e-06  3.16588977e-06\n -9.48603418e-06  3.71267461e-06]", "hess_inv": "[[ 3.10911814 -0.42788016  0.06337138  0.7709247  -0.4596988  -0.17618567]\n [-0.42788016  3.61060391  0.94422296  0.13779965 -1.47507451 -0.02154692]\n [ 0.06337138  0.94422296  6.64856728  0.96009506 -0.38760685  1.49058391]\n [ 0.7709247   0.13779965  0.96009506  3.60550683 -0.01954357  0.07667514]\n [-0.4596988  -1.47507451 -0.38760685 -0.01954357  5.18474043  2.11928376]\n [-0.17618567 -0.02154692  1.49058391  0.07667514  2.11928376  4.74705394]]", "nfev": "203", "njev": "29", "status": "0", "success": "True", "message": "Optimization terminated successfully.", "x": "[ 1.65314269  7.59576609  0.99187785  2.16695546  3.61700043 -0.41498559]", "nit": "26"}, "19": {"maxiter": 1000, "gtol": 1e-05, "xrtol": 1e-10, "eps": 1e-10, "duration": 0.03558492660522461, "fun": "0.26196811441155776", "jac": "[-7.77156053e-06 -7.77156053e-06  4.44089173e-06  1.11022293e-06\n -7.77156053e-06  6.66133760e-06]", "hess_inv": "[[ 3.07698074 -0.45048515  0.03792967  0.74309158 -0.4528677  -0.17404774]\n [-0.45048515  3.60659843  0.93523906  0.08464334 -1.47886538 -0.00766445]\n [ 0.03792967  0.93523906  6.64647626  0.94638456 -0.41317434  1.48949979]\n [ 0.74309158  0.08464334  0.94638456  3.62640117  0.07563651  0.13976415]\n [-0.4528677  -1.47886538 -0.41317434  0.07563651  5.1772209   2.05660216]\n [-0.17404774 -0.00766445  1.48949979  0.13976415  2.05660216  4.68474983]]", "nfev": "203", "njev": "29", "status": "0", "success": "True", "message": "Optimization terminated successfully.", "x": "[ 1.65314837  7.59577012  0.99188471  2.16694775  3.61701618 -0.41496413]", "nit": "26"}, "20": {"maxiter": 1000, "gtol": 1e-10, "xrtol": 1e-05, "eps": 1e-05, "duration": 0.037014007568359375, "fun": "0.26196811409111487", "jac": "[-3.25983684e-07 -1.09690035e-07  2.95496960e-07  4.03788114e-08\n -1.02379216e-06 -2.16382467e-08]", "hess_inv": "[[ 3.31499173 -0.31550621 -0.14188633  0.71023862 -0.26464879 -0.23991466]\n [-0.31550621  3.63717557  0.77061499  0.10604697 -1.24671744 -0.01033948]\n [-0.14188633  0.77061499  6.74417244  1.02302969 -0.3662088   1.63557458]\n [ 0.71023862  0.10604697  1.02302969  3.62334132 -0.08185002  0.09364547]\n [-0.26464879 -1.24671744 -0.3662088  -0.08185002  4.94218686  1.89765333]\n [-0.23991466 -0.01033948  1.63557458  0.09364547  1.89765333  4.70593619]]", "nfev": "210", "njev": "30", "status": "0", "success": "True", "message": "Optimization terminated successfully.", "x": "[ 1.65316916  7.59577973  0.99185004  2.16694769  3.61702834 -0.41499272]", "nit": "27"}, "21": {"maxiter": 1000, "gtol": 1e-10, "xrtol": 1e-05, "eps": 1e-10, "duration": 0.03692793846130371, "fun": "0.2619681140991821", "jac": "[-1.11022293e-06 -1.11022293e-06 -3.33066880e-06 -4.44089173e-06\n -4.44089173e-06 -2.22044587e-06]", "hess_inv": "[[ 3.23191174e+00 -3.60768693e-01 -2.53868439e-01  7.16434839e-01\n  -3.56332646e-01 -3.74911371e-01]\n [-3.60768693e-01  3.62842471e+00  6.50075248e-01  9.22678469e-02\n  -1.34631111e+00 -1.61365990e-01]\n [-2.53868439e-01  6.50075248e-01  6.74792185e+00  1.08553115e+00\n  -2.99350627e-01  1.72361383e+00]\n [ 7.16434839e-01  9.22678469e-02  1.08553115e+00  3.61333528e+00\n   3.51118002e-04  2.02942330e-01]\n [-3.56332646e-01 -1.34631111e+00 -2.99350627e-01  3.51118002e-04\n   5.04233251e+00  2.02657444e+00]\n [-3.74911371e-01 -1.61365990e-01  1.72361383e+00  2.02942330e-01\n   2.02657444e+00  4.89876671e+00]]", "nfev": "210", "njev": "30", "status": "0", "success": "True", "message": "Optimization terminated successfully.", "x": "[ 1.65317075  7.59578314  0.99184281  2.16694385  3.61702996 -0.41499306]", "nit": "27"}, "22": {"maxiter": 1000, "gtol": 1e-10, "xrtol": 1e-10, "eps": 1e-05, "duration": 0.08532500267028809, "fun": "0.26196811408207255", "jac": "[ 3.33066907e-10 -6.66133815e-10  4.55191440e-10 -3.77475828e-10\n  3.66373598e-10 -5.55111512e-11]", "hess_inv": "[[ 3.22311555 -0.20908259 -0.33130432  0.77168499 -0.26504586 -0.23266745]\n [-0.20908259  3.47451569  1.08386363  0.02575893 -1.30214939 -0.02274066]\n [-0.33130432  1.08386363  6.62879081  1.14075233 -0.81621175  1.4930403 ]\n [ 0.77168499  0.02575893  1.14075233  3.58204417 -0.05889006  0.09809528]\n [-0.26504586 -1.30214939 -0.81621175 -0.05889006  5.54448531  2.08742097]\n [-0.23266745 -0.02274066  1.4930403   0.09809528  2.08742097  4.76098592]]", "nfev": "487", "njev": "68", "status": "2", "success": "False", "message": "Desired error not necessarily achieved due to precision loss.", "x": "[ 1.65317001  7.5957784   0.99184728  2.16694739  3.61703402 -0.41499104]", "nit": "30"}, "23": {"maxiter": 1000, "gtol": 1e-10, "xrtol": 1e-10, "eps": 1e-10, "duration": 0.07100105285644531, "fun": "0.2619681140664357", "jac": "[1.11022293e-06 1.11022293e-06 0.00000000e+00 0.00000000e+00\n 4.44089173e-06 2.22044587e-06]", "hess_inv": "[[ 3.15385962  0.86704075 -0.29666853  2.97918562  0.34417736 -3.35760308]\n [ 0.86704075  4.50821177  0.2587677   4.08864779  1.27347777 -3.89845538]\n [-0.29666853  0.2587677   2.82766916  1.88929547  1.71428488 -2.00957692]\n [ 2.97918562  4.08864779  1.88929547 10.8284264   2.74917499 -7.34124436]\n [ 0.34417736  1.27347777  1.71428488  2.74917499  1.95213968 -2.56395425]\n [-3.35760308 -3.89845538 -2.00957692 -7.34124436 -2.56395425  7.95830988]]", "nfev": "406", "njev": "58", "status": "0", "success": "True", "message": "Optimization terminated successfully.", "x": "[ 1.65317924  7.59577892  0.99185218  2.16695286  3.61705019 -0.41497383]", "nit": "32"}}, "cobyla": {"0": {"maxiter": 100, "tol": 1e-05, "catol": 1e-05, "duration": 0.01680302619934082, "x": "[ 1.63480753  7.58256906  1.02473082  2.15594764  3.6112813  -0.43339581]", "status": "2", "success": "False", "message": "Maximum number of function evaluations has been exceeded.", "nfev": "100", "fun": "0.26226799321955585", "maxcv": "0.0"}, "1": {"maxiter": 100, "tol": 1e-05, "catol": 1e-10, "duration": 0.01669907569885254, "x": "[ 1.63480753  7.58256906  1.02473082  2.15594764  3.6112813  -0.43339581]", "status": "2", "success": "False", "message": "Maximum number of function evaluations has been exceeded.", "nfev": "100", "fun": "0.26226799321955585", "maxcv": "0.0"}, "2": {"maxiter": 100, "tol": 1e-10, "catol": 1e-05, "duration": 0.01669907569885254, "x": "[ 1.63480753  7.58256906  1.02473082  2.15594764  3.6112813  -0.43339581]", "status": "2", "success": "False", "message": "Maximum number of function evaluations has been exceeded.", "nfev": "100", "fun": "0.26226799321955585", "maxcv": "0.0"}, "3": {"maxiter": 100, "tol": 1e-10, "catol": 1e-10, "duration": 0.016688823699951172, "x": "[ 1.63480753  7.58256906  1.02473082  2.15594764  3.6112813  -0.43339581]", "status": "2", "success": "False", "message": "Maximum number of function evaluations has been exceeded.", "nfev": "100", "fun": "0.26226799321955585", "maxcv": "0.0"}, "4": {"maxiter": 500, "tol": 1e-05, "catol": 1e-05, "duration": 0.03299307823181152, "x": "[ 1.65316598  7.59578927  0.9918547   2.16695425  3.61703549 -0.41497862]", "status": "1", "success": "True", "message": "Optimization terminated successf