{"date": "2024/07/19/, 13:38:01", "conf_id": 196, "data_type": "non_lin_ind\n", "num_data_points": 2, "s_rank": 0, "unitary": "[[-0.56303964-0.00798273j,-0.21670212-0.15784972j,-0.06047197-0.73952673j,-0.01438004+0.24552571j],[-0.06976756+0.23474685j,-0.01275565-0.5435098j,-0.02703657-0.08917885j,-0.08210486-0.79311774j],[-0.38559961+0.10714929j,0.5933431-0.2687392j,-0.24060861+0.29149289j,-0.45147719+0.26241743j],[-0.50180421+0.45931857j,-0.11617175+0.44134496j,0.49642745+0.22684508j,-0.08544628-0.15407063j]]", "databatch_0": {"databatch": "[[[0.19912056-0.06375642j,-0.23425798-0.13677548j,0.04964166-0.27666848j,-0.06847017+0.10585686j],[0.09419922-0.03620942j,0.28308569-0.12710674j,-0.21193151+0.10169604j,-0.13657533+0.09156041j],[-0.24795347+0.16277735j,0.11369478-0.04481907j,-0.17394997+0.04610497j,-0.11629316+0.14201573j],[-0.3589643-0.09336925j,-0.10923676+0.15561779j,-0.14344109-0.44724067j,0.12304117-0.14344292j]],[[-0.05738086+0.31531178j,0.04474259+0.22408398j,-0.06200678-0.00818534j,0.04393513-0.048649j],[0.23440945-0.17582092j,-0.01056734-0.03015413j,0.18480021+0.10000586j,-0.22323924+0.09674963j],[-0.29948379-0.15574704j,-0.12427696-0.24223968j,-0.33329738-0.03147979j,0.00789119-0.24643051j],[-0.16775996-0.08561725j,-0.24021236+0.22008451j,0.1836844+0.00569081j,-0.00537224+0.33207871j]]]", "initial param values": "[1.6500434,4.04720637,1.41774191,2.35023152,2.11169278,5.59200632]", "nelder_mead": {"type": "gradient-free", "0": {"maxiter": 100, "fatol": 1e-05, "xatol": 1e-05, "duration": 0.027837038040161133, "fun": "0.46026071793602297", "nit": "100", "nfev": "162", "status": "2", "success": "False", "message": "Maximum number of iterations has been exceeded.", "x": "[1.88120585 6.17085126 0.19126524 2.7502922  1.49229235 6.22235202]", "final_simplex": "(array([[1.88120585, 6.17085126, 0.19126524, 2.7502922 , 1.49229235,\n        6.22235202],\n       [1.90862157, 6.14601356, 0.16469433, 2.76000881, 1.48941474,\n        6.24530836],\n       [1.90657367, 6.17909321, 0.16612523, 2.76470933, 1.49404798,\n        6.18819297],\n       [1.91150744, 6.15693735, 0.12927128, 2.80476755, 1.48759599,\n        6.24309994],\n       [1.89922569, 6.10403152, 0.16679427, 2.79378646, 1.49931497,\n        6.25116288],\n       [1.8712263 , 6.17235662, 0.16872793, 2.81580844, 1.49386773,\n        6.23226619],\n       [1.90406391, 6.14784934, 0.14737415, 2.79343396, 1.51234655,\n        6.23177294]]), array([0.46026072, 0.46045624, 0.46061463, 0.46063299, 0.46081645,\n       0.46092577, 0.46095612]))"}, "1": {"maxiter": 100, "fatol": 1e-05, "xatol": 1e-10, "duration": 0.027669906616210938, "fun": "0.46026071793602297", "nit": "100", "nfev": "162", "status": "2", "success": "False", "message": "Maximum number of iterations has been exceeded.", "x": "[1.88120585 6.17085126 0.19126524 2.7502922  1.49229235 6.22235202]", "final_simplex": "(array([[1.88120585, 6.17085126, 0.19126524, 2.7502922 , 1.49229235,\n        6.22235202],\n       [1.90862157, 6.14601356, 0.16469433, 2.76000881, 1.48941474,\n        6.24530836],\n       [1.90657367, 6.17909321, 0.16612523, 2.76470933, 1.49404798,\n        6.18819297],\n       [1.91150744, 6.15693735, 0.12927128, 2.80476755, 1.48759599,\n        6.24309994],\n       [1.89922569, 6.10403152, 0.16679427, 2.79378646, 1.49931497,\n        6.25116288],\n       [1.8712263 , 6.17235662, 0.16872793, 2.81580844, 1.49386773,\n        6.23226619],\n       [1.90406391, 6.14784934, 0.14737415, 2.79343396, 1.51234655,\n        6.23177294]]), array([0.46026072, 0.46045624, 0.46061463, 0.46063299, 0.46081645,\n       0.46092577, 0.46095612]))"}, "2": {"maxiter": 100, "fatol": 1e-10, "xatol": 1e-05, "duration": 0.02745819091796875, "fun": "0.46026071793602297", "nit": "100", "nfev": "162", "status": "2", "success": "False", "message": "Maximum number of iterations has been exceeded.", "x": "[1.88120585 6.17085126 0.19126524 2.7502922  1.49229235 6.22235202]", "final_simplex": "(array([[1.88120585, 6.17085126, 0.19126524, 2.7502922 , 1.49229235,\n        6.22235202],\n       [1.90862157, 6.14601356, 0.16469433, 2.76000881, 1.48941474,\n        6.24530836],\n       [1.90657367, 6.17909321, 0.16612523, 2.76470933, 1.49404798,\n        6.18819297],\n       [1.91150744, 6.15693735, 0.12927128, 2.80476755, 1.48759599,\n        6.24309994],\n       [1.89922569, 6.10403152, 0.16679427, 2.79378646, 1.49931497,\n        6.25116288],\n       [1.8712263 , 6.17235662, 0.16872793, 2.81580844, 1.49386773,\n        6.23226619],\n       [1.90406391, 6.14784934, 0.14737415, 2.79343396, 1.51234655,\n        6.23177294]]), array([0.46026072, 0.46045624, 0.46061463, 0.46063299, 0.46081645,\n       0.46092577, 0.46095612]))"}, "3": {"maxiter": 100, "fatol": 1e-10, "xatol": 1e-10, "duration": 0.027505159378051758, "fun": "0.46026071793602297", "nit": "100", "nfev": "162", "status": "2", "success": "False", "message": "Maximum number of iterations has been exceeded.", "x": "[1.88120585 6.17085126 0.19126524 2.7502922  1.49229235 6.22235202]", "final_simplex": "(array([[1.88120585, 6.17085126, 0.19126524, 2.7502922 , 1.49229235,\n        6.22235202],\n       [1.90862157, 6.14601356, 0.16469433, 2.76000881, 1.48941474,\n        6.24530836],\n       [1.90657367, 6.17909321, 0.16612523, 2.76470933, 1.49404798,\n        6.18819297],\n       [1.91150744, 6.15693735, 0.12927128, 2.80476755, 1.48759599,\n        6.24309994],\n       [1.89922569, 6.10403152, 0.16679427, 2.79378646, 1.49931497,\n        6.25116288],\n       [1.8712263 , 6.17235662, 0.16872793, 2.81580844, 1.49386773,\n        6.23226619],\n       [1.90406391, 6.14784934, 0.14737415, 2.79343396, 1.51234655,\n        6.23177294]]), array([0.46026072, 0.46045624, 0.46061463, 0.46063299, 0.46081645,\n       0.46092577, 0.46095612]))"}, "4": {"maxiter": 500, "fatol": 1e-05, "xatol": 1e-05, "duration": 0.12370896339416504, "fun": "0.41402360447557107", "nit": "467", "nfev": "723", "status": "0", "success": "True", "message": "Optimization terminated successfully.", "x": "[1.57629409 6.12783333 0.17694892 2.35667047 0.62744921 5.49737911]", "final_simplex": "(array([[1.57629409, 6.12783333, 0.17694892, 2.35667047, 0.62744921,\n        5.49737911],\n       [1.57629714, 6.12783263, 0.17694712, 2.35667141, 0.62745354,\n        5.49738167],\n       [1.57629883, 6.12783324, 0.17695187, 2.35667451, 0.62744578,\n        5.49737707],\n       [1.57629896, 6.12783682, 0.17695074, 2.35667133, 0.6274475 ,\n        5.49737227],\n       [1.57629866, 6.1278338 , 0.17695794, 2.35667165, 0.62744506,\n        5.49737152],\n       [1.57629384, 6.12784039, 0.17695183, 2.35667205, 0.62745045,\n        5.49737426],\n       [1.57629568, 6.1278296 , 0.17694142, 2.35667412, 0.627455  ,\n        5.49738191]]), array([0.4140236, 0.4140236, 0.4140236, 0.4140236, 0.4140236, 0.4140236,\n       0.4140236]))"}, "5": {"maxiter": 500, "fatol": 1e-05, "xatol": 1e-10, "duration": 0.13420796394348145, "fun": "0.41402360447169984", "nit": "500", "nfev": "780", "status": "2", "success": "False", "message": "Maximum number of iterations has been exceeded.", "x": "[1.57629518 6.12783177 0.17694988 2.35667474 0.62745206 5.49737986]", "final_simplex": "(array([[1.57629518, 6.12783177, 0.17694988, 2.35667474, 0.62745206,\n        5.49737986],\n       [1.57629484, 6.12783137, 0.17695026, 2.3566751 , 0.62745226,\n        5.49738006],\n       [1.57629491, 6.12783147, 0.17694981, 2.35667543, 0.62745231,\n        5.49738083],\n       [1.57629469, 6.12783122, 0.17694934, 2.35667523, 0.62745299,\n        5.49738084],\n       [1.57629444, 6.12783178, 0.17694942, 2.35667506, 0.62745258,\n        5.4973805 ],\n       [1.57629451, 6.12783167, 0.17695027, 2.35667507, 0.62745303,\n        5.49738046],\n       [1.57629441, 6.12783102, 0.17695022, 2.3566746 , 0.62745218,\n        5.49738065]]), array([0.4140236, 0.4140236, 0.4140236, 0.4140236, 0.4140236, 0.4140236,\n       0.4140236]))"}, "6": {"maxiter": 500, "fatol": 1e-10, "xatol": 1e-05, "duration": 0.12446808815002441, "fun": "0.41402360447557107", "nit": "467", "nfev": "723", "status": "0", "success": "True", "message": "Optimization terminated successfully.", "x": "[1.57629409 6.12783333 0.17694892 2.35667047 0.62744921 5.49737911]", "final_simplex": "(array([[1.57629409, 6.12783333, 0.17694892, 2.35667047, 0.62744921,\n        5.49737911],\n       [1.57629714, 6.12783263, 0.17694712, 2.35667141, 0.62745354,\n        5.49738167],\n       [1.57629883, 6.12783324, 0.17695187, 2.35667451, 0.62744578,\n        5.49737707],\n       [1.57629896, 6.12783682, 0.17695074, 2.35667133, 0.6274475 ,\n        5.49737227],\n       [1.57629866, 6.1278338 , 0.17695794, 2.35667165, 0.62744506,\n        5.49737152],\n       [1.57629384, 6.12784039, 0.17695183, 2.35667205, 0.62745045,\n        5.49737426],\n       [1.57629568, 6.1278296 , 0.17694142, 2.35667412, 0.627455  ,\n        5.49738191]]), array([0.4140236, 0.4140236, 0.4140236, 0.4140236, 0.4140236, 0.4140236,\n       0.4140236]))"}, "7": {"maxiter": 500, "fatol": 1e-10, "xatol": 1e-10, "duration": 0.13189196586608887, "fun": "0.41402360447169984", "nit": "500", "nfev": "780", "status": "2", "success": "False", "message": "Maximum number of iterations has been exceeded.", "x": "[1.57629518 6.12783177 0.17694988 2.35667474 0.62745206 5.49737986]", "final_simplex": "(array([[1.57629518, 6.12783177, 0.17694988, 2.35667474, 0.62745206,\n        5.49737986],\n       [1.57629484, 6.12783137, 0.17695026, 2.3566751 , 0.62745226,\n        5.49738006],\n       [1.57629491, 6.12783147, 0.17694981, 2.35667543, 0.62745231,\n        5.49738083],\n       [1.57629469, 6.12783122, 0.17694934, 2.35667523, 0.62745299,\n        5.49738084],\n       [1.57629444, 6.12783178, 0.17694942, 2.35667506, 0.62745258,\n        5.4973805 ],\n       [1.57629451, 6.12783167, 0.17695027, 2.35667507, 0.62745303,\n        5.49738046],\n       [1.57629441, 6.12783102, 0.17695022, 2.3566746 , 0.62745218,\n        5.49738065]]), array([0.4140236, 0.4140236, 0.4140236, 0.4140236, 0.4140236, 0.4140236,\n       0.4140236]))"}, "8": {"maxiter": 1000, "fatol": 1e-05, "xatol": 1e-05, "duration": 0.12224698066711426, "fun": "0.41402360447557107", "nit": "467", "nfev": "723", "status": "0", "success": "True", "message": "Optimization terminated successfully.", "x": "[1.57629409 6.12783333 0.17694892 2.35667047 0.62744921 5.49737911]", "final_simplex": "(array([[1.57629409, 6.12783333, 0.17694892, 2.35667047, 0.62744921,\n        5.49737911],\n       [1.57629714, 6.12783263, 0.17694712, 2.35667141, 0.62745354,\n        5.49738167],\n       [1.57629883, 6.12783324, 0.17695187, 2.35667451, 0.62744578,\n        5.49737707],\n       [1.57629896, 6.12783682, 0.17695074, 2.35667133, 0.6274475 ,\n        5.49737227],\n       [1.57629866, 6.1278338 , 0.17695794, 2.35667165, 0.62744506,\n        5.49737152],\n       [1.57629384, 6.12784039, 0.17695183, 2.35667205, 0.62745045,\n        5.49737426],\n       [1.57629568, 6.1278296 , 0.17694142, 2.35667412, 0.627455  ,\n        5.49738191]]), array([0.4140236, 0.4140236, 0.4140236, 0.4140236, 0.4140236, 0.4140236,\n       0.4140236]))"}, "9": {"maxiter": 1000, "fatol": 1e-05, "xatol": 1e-10, "duration": 0.15979290008544922, "fun": "0.41402360447167386", "nit": "565", "nfev": "944", "status": "0", "success": "True", "message": "Optimization terminated successfully.", "x": "[1.57629496 6.1278316  0.17694997 2.35667489 0.62745249 5.49738043]", "final_simplex": "(array([[1.57629496, 6.1278316 , 0.17694997, 2.35667489, 0.62745249,\n        5.49738043],\n       [1.57629496, 6.1278316 , 0.17694997, 2.35667489, 0.62745249,\n        5.49738043],\n       [1.57629496, 6.1278316 , 0.17694997, 2.35667489, 0.62745249,\n        5.49738043],\n       [1.57629496, 6.1278316 , 0.17694997, 2.35667489, 0.62745249,\n        5.49738043],\n       [1.57629496, 6.1278316 , 0.17694997, 2.35667489, 0.62745249,\n        5.49738043],\n       [1.57629496, 6.1278316 , 0.17694997, 2.35667489, 0.62745249,\n        5.49738043],\n       [1.57629496, 6.1278316 , 0.17694997, 2.35667489, 0.62745249,\n        5.49738043]]), array([0.4140236, 0.4140236, 0.4140236, 0.4140236, 0.4140236, 0.4140236,\n       0.4140236]))"}, "10": {"maxiter": 1000, "fatol": 1e-10, "xatol": 1e-05, "duration": 0.12300586700439453, "fun": "0.41402360447557107", "nit": "467", "nfev": "723", "status": "0", "success": "True", "message": "Optimization terminated successfully.", "x": "[1.57629409 6.12783333 0.17694892 2.35667047 0.62744921 5.49737911]", "final_simplex": "(array([[1.57629409, 6.12783333, 0.17694892, 2.35667047, 0.62744921,\n        5.49737911],\n       [1.57629714, 6.12783263, 0.17694712, 2.35667141, 0.62745354,\n        5.49738167],\n       [1.57629883, 6.12783324, 0.17695187, 2.35667451, 0.62744578,\n        5.49737707],\n       [1.57629896, 6.12783682, 0.17695074, 2.35667133, 0.6274475 ,\n        5.49737227],\n       [1.57629866, 6.1278338 , 0.17695794, 2.35667165, 0.62744506,\n        5.49737152],\n       [1.57629384, 6.12784039, 0.17695183, 2.35667205, 0.62745045,\n        5.49737426],\n       [1.57629568, 6.1278296 , 0.17694142, 2.35667412, 0.627455  ,\n        5.49738191]]), array([0.4140236, 0.4140236, 0.4140236, 0.4140236, 0.4140236, 0.4140236,\n       0.4140236]))"}, "11": {"maxiter": 1000, "fatol": 1e-10, "xatol": 1e-10, "duration": 0.16022706031799316, "fun": "0.41402360447167386", "nit": "565", "nfev": "944", "status": "0", "success": "True", "message": "Optimization terminated successfully.", "x": "[1.57629496 6.1278316  0.17694997 2.35667489 0.62745249 5.49738043]", "final_simplex": "(array([[1.57629496, 6.1278316 , 0.17694997, 2.35667489, 0.62745249,\n        5.49738043],\n       [1.57629496, 6.1278316 , 0.17694997, 2.35667489, 0.62745249,\n        5.49738043],\n       [1.57629496, 6.1278316 , 0.17694997, 2.35667489, 0.62745249,\n        5.49738043],\n       [1.57629496, 6.1278316 , 0.17694997, 2.35667489, 0.62745249,\n        5.49738043],\n       [1.57629496, 6.1278316 , 0.17694997, 2.35667489, 0.62745249,\n        5.49738043],\n       [1.57629496, 6.1278316 , 0.17694997, 2.35667489, 0.62745249,\n        5.49738043],\n       [1.57629496, 6.1278316 , 0.17694997, 2.35667489, 0.62745249,\n        5.49738043]]), array([0.4140236, 0.4140236, 0.4140236, 0.4140236, 0.4140236, 0.4140236,\n       0.4140236]))"}}, "bfgs": {"type": "gradient", "0": {"maxiter": 100, "gtol": 1e-05, "xrtol": 1e-05, "eps": 1e-05, "duration": 0.03609800338745117, "fun": "0.41402360454915277", "jac": "[-2.37054820e-07 -2.85758084e-06 -1.16537890e-06  2.05766515e-06\n  1.73245862e-06 -2.91299207e-06]", "hess_inv": "[[ 4.39270696  1.04095493  0.82546515  0.51787155 -1.15425422 -2.80062044]\n [ 1.04095493  4.69841714  1.33844524 -0.54442288 -1.46350572 -3.6818999 ]\n [ 0.82546515  1.33844524  6.35438312 -1.12270367 -3.70931175 -6.02099524]\n [ 0.51787155 -0.54442288 -1.12270367  3.99209563  0.9434836   1.08988365]\n [-1.15425422 -1.46350572 -3.70931175  0.9434836   9.72459427  9.34246679]\n [-2.80062044 -3.6818999  -6.02099524  1.08988365  9.34246679 15.45701308]]", "nfev": "203", "njev": "29", "status": "0", "success": "True", "message": "Optimization terminated successfully.", "x": "[1.57629485 6.12782103 0.1769496  2.35667783 0.62743223 5.4973545 ]", "nit": "24"}, "1": {"maxiter": 100, "gtol": 1e-05, "xrtol": 1e-05, "eps": 1e-10, "duration": 0.035858869552612305, "fun": "0.4140236045943503", "jac": "[ 3.33066880e-06 -3.33066880e-06  1.11022293e-06  6.66133760e-06\n  3.33066880e-06 -3.33066880e-06]", "hess_inv": "[[ 4.36223606  1.04062221  0.88971261  0.49750936 -1.22031182 -2.88566338]\n [ 1.04062221  4.63278359  1.29697036 -0.47991832 -1.43766301 -3.58091039]\n [ 0.88971261  1.29697036  6.34042354 -1.0522693  -3.76600286 -6.03578174]\n [ 0.49750936 -0.47991832 -1.0522693   4.00687019  0.84059762  0.92850822]\n [-1.22031182 -1.43766301 -3.76600286  0.84059762  9.79298402  9.41424059]\n [-2.88566338 -3.58091039 -6.03578174  0.92850822  9.41424059 15.52612735]]", "nfev": "203", "njev": "29", "status": "0", "success": "True", "message": "Optimization terminated successfully.", "x": "[1.57630587 6.12782384 0.17695419 2.35669711 0.62744525 5.49735657]", "nit": "24"}, "2": {"maxiter": 100, "gtol": 1e-05, "xrtol": 1e-10, "eps": 1e-05, "duration": 0.035820960998535156, "fun": "0.41402360454915277", "jac": "[-2.37054820e-07 -2.85758084e-06 -1.16537890e-06  2.05766515e-06\n  1.73245862e-06 -2.91299207e-06]", "hess_inv": "[[ 4.39270696  1.04095493  0.82546515  0.51787155 -1.15425422 -2.80062044]\n [ 1.04095493  4.69841714  1.33844524 -0.54442288 -1.46350572 -3.6818999 ]\n [ 0.82546515  1.33844524  6.35438312 -1.12270367 -3.70931175 -6.02099524]\n [ 0.51787155 -0.54442288 -1.12270367  3.99209563  0.9434836   1.08988365]\n [-1.15425422 -1.46350572 -3.70931175  0.9434836   9.72459427  9.34246679]\n [-2.80062044 -3.6818999  -6.02099524  1.08988365  9.34246679 15.45701308]]", "nfev": "203", "njev": "29", "status": "0", "success": "True", "message": "Optimization terminated successfully.", "x": "[1.57629485 6.12782103 0.1769496  2.35667783 0.62743223 5.4973545 ]", "nit": "24"}, "3": {"maxiter": 100, "gtol": 1e-05, "xrtol": 1e-10, "eps": 1e-10, "duration": 0.03562283515930176, "fun": "0.4140236045943503", "jac": "[ 3.33066880e-06 -3.33066880e-06  1.11022293e-06  6.66133760e-06\n  3.33066880e-06 -3.33066880e-06]", "hess_inv": "[[ 4.36223606  1.04062221  0.88971261  0.49750936 -1.22031182 -2.88566338]\n [ 1.04062221  4.63278359  1.29697036 -0.47991832 -1.43766301 -3.58091039]\n [ 0.88971261  1.29697036  6.34042354 -1.0522693  -3.76600286 -6.03578174]\n [ 0.49750936 -0.47991832 -1.0522693   4.00687019  0.84059762  0.92850822]\n [-1.22031182 -1.43766301 -3.76600286  0.84059762  9.79298402  9.41424059]\n [-2.88566338 -3.58091039 -6.03578174  0.92850822  9.41424059 15.52612735]]", "nfev": "203", "njev": "29", "status": "0", "success": "True", "message": "Optimization terminated successfully.", "x": "[1.57630587 6.12782384 0.17695419 2.35669711 0.62744525 5.49735657]", "nit": "24"}, "4": {"maxiter": 100, "gtol": 1e-10, "xrtol": 1e-05, "eps": 1e-05, "duration": 0.03650403022766113, "fun": "0.4140236045082022", "jac": "[ 3.77142761e-08  2.77688983e-07 -1.72750703e-08 -7.66942065e-08\n -5.42854650e-07  4.72422101e-07]", "hess_inv": "[[ 4.42809567  0.93309815  0.77854442  0.62091432 -1.12170387 -2.82609085]\n [ 0.93309815  5.00158474  1.48834101 -0.80269024 -1.59595283 -3.73580769]\n [ 0.77854442  1.48834101  6.41473505 -1.27436896 -3.74350443 -5.951751  ]\n [ 0.62091432 -0.80269024 -1.27436896  4.17036203  1.11082202  1.30284369]\n [-1.12170387 -1.59595283 -3.74350443  1.11082202  9.71129591  9.14794494]\n [-2.82609085 -3.73580769 -5.951751    1.30284369  9.14794494 14.79831887]]", "nfev": "210", "njev": "30", "status": "0", "success": "True", "message": "Optimization terminated successfully.", "x": "[1.57629191 6.12783082 0.17695328 2.35666749 0.62743058 5.4973608 ]", "nit": "25"}, "5": {"maxiter": 100, "gtol": 1e-10, "xrtol": 1e-05, "eps": 1e-10, "duration": 0.035971879959106445, "fun": "0.4140236045175427", "jac": "[-3.33066880e-06  1.11022293e-06  0.00000000e+00 -2.22044587e-06\n  0.00000000e+00  0.00000000e+00]", "hess_inv": "[[ 4.56406104  0.75555322  0.69924201  0.70616379 -0.90022611 -2.49286747]\n [ 0.75555322  4.773059    1.26917474 -0.85311538 -1.54958956 -3.45840658]\n [ 0.69924201  1.26917474  6.18437192 -1.33797318 -3.68322763 -5.64022357]\n [ 0.70616379 -0.85311538 -1.33797318  4.19910942  1.27327067  1.53719558]\n [-0.90022611 -1.54958956 -3.68322763  1.27327067  9.85956242  9.15902529]\n [-2.49286747 -3.45840658 -5.64022357  1.53719558  9.15902529 14.54212363]]", "nfev": "210", "njev": "30", "status": "0", "success": "True", "message": "Optimization terminated successfully.", "x": "[1.5762824  6.12783514 0.17695161 2.35666631 0.62743636 5.49736731]", "nit": "25"}, "6": {"maxiter": 100, "gtol": 1e-10, "xrtol": 1e-10, "eps": 1e-05, "duration": 0.07228899002075195, "fun": "0.41402360450601194", "jac": "[ 2.22044605e-10  8.88178420e-11 -2.44249065e-10  5.55111512e-11\n  0.00000000e+00 -6.66133815e-11]", "hess_inv": "[[ 4.36467819  0.97521014  0.85750387  0.54116732 -1.1816556  -2.87860259]\n [ 0.97521014  5.05428928  1.57339828 -0.83810689 -1.47617947 -3.91049708]\n [ 0.85750387  1.57339828  6.34575889 -1.28371705 -3.70857577 -5.88570583]\n [ 0.54116732 -0.83810689 -1.28371705  4.16136971  0.96524849  1.37058857]\n [-1.1816556  -1.47617947 -3.70857577  0.96524849  9.69564023  9.33421047]\n [-2.87860259 -3.91049708 -5.88570583  1.37058857  9.33421047 14.83950968]]", "nfev": "424", "njev": "59", "status": "2", "success": "False", "message": "Desired error not necessarily achieved due to precision loss.", "x": "[1.57629222 6.12783036 0.1769536  2.35666787 0.6274319  5.49736008]", "nit": "27"}, "7": {"maxiter": 100, "gtol": 1e-10, "xrtol": 1e-10, "eps": 1e-10, "duration": 0.05356311798095703, "fun": "0.4140236044797585", "jac": "[-1.11022293e-06 -1.11022293e-06  0.00000000e+00  0.00000000e+00\n  0.00000000e+00  0.00000000e+00]", "hess_inv": "[[ 4.48300467  0.39479986  1.03102994  1.55141267  1.86961579  0.27266645]\n [ 0.39479986  3.07772316  0.69989552  0.38171061 -0.97908222 -1.20113266]\n [ 1.03102994  0.69989552  1.83918378  0.279715    0.38533364 -1.30674649]\n [ 1.55141267  0.38171061  0.279715    3.94482743  3.88964248  1.94859455]\n [ 1.86961579 -0.97908222  0.38533364  3.88964248  5.42755075  2.97622872]\n [ 0.27266645 -1.20113266 -1.30674649  1.94859455  2.97622872  5.56507563]]", "nfev": "308", "njev": "44", "status": "0", "success": "True", "message": "Optimization terminated successfully.", "x": "[1.57630017 6.12782874 0.17695027 2.3566806  0.62744878 5.49737678]", "nit": "30"}, "8": {"maxiter": 500, "gtol": 1e-05, "xrtol": 1e-05, "eps": 1e-05, "duration": 0.035115718841552734, "fun": "0.41402360454915277", "jac": "[-2.37054820e-07 -2.85758084e-06 -1.16537890e-06  2.05766515e-06\n  1.73245862e-06 -2.91299207e-06]", "hess_inv": "[[ 4.39270696  1.04095493  0.82546515  0.51787155 -1.15425422 -2.80062044]\n [ 1.04095493  4.69841714  1.33844524 -0.54442288 -1.46350572 -3.6818999 ]\n [ 0.82546515  1.33844524  6.35438312 -1.12270367 -3.70931175 -6.02099524]\n [ 0.51787155 -0.54442288 -1.12270367  3.99209563  0.9434836   1.08988365]\n [-1.15425422 -1.46350572 -3.70931175  0.9434836   9.72459427  9.34246679]\n [-2.80062044 -3.6818999  -6.02099524  1.08988365  9.34246679 15.45701308]]", "nfev": "203", "njev": "29", "status": "0", "success": "True", "message": "Optimization terminated successfully.", "x": "[1.57629485 6.12782103 0.1769496  2.35667783 0.62743223 5.4973545 ]", "nit": "24"}, "9": {"maxiter": 500, "gtol": 1e-05, "xrtol": 1e-05, "eps": 1e-10, "duration": 0.03504610061645508, "fun": "0.4140236045943503", "jac": "[ 3.33066880e-06 -3.33066880e-06  1.11022293e-06  6.66133760e-06\n  3.33066880e-06 -3.33066880e-06]", "hess_inv": "[[ 4.36223606  1.04062221  0.88971261  0.49750936 -1.22031182 -2.88566338]\n [ 1.04062221  4.63278359  1.29697036 -0.47991832 -1.43766301 -3.58091039]\n [ 0.88971261  1.29697036  6.34042354 -1.0522693  -3.76600286 -6.03578174]\n [ 0.49750936 -0.47991832 -1.0522693   4.00687019  0.84059762  0.92850822]\n [-1.22031182 -1.43766301 -3.76600286  0.84059762  9.79298402  9.41424059]\n [-2.88566338 -3.58091039 -6.03578174  0.92850822  9.41424059 15.52612735]]", "nfev": "203", "njev": "29", "status": "0", "success": "True", "message": "Optimization terminated successfully.", "x": "[1.57630587 6.12782384 0.17695419 2.35669711 0.62744525 5.49735657]", "nit": "24"}, "10": {"maxiter": 500, "gtol": 1e-05, "xrtol": 1e-10, "eps": 1e-05, "duration": 0.03506159782409668, "fun": "0.41402360454915277", "jac": "[-2.37054820e-07 -2.85758084e-06 -1.16537890e-06  2.05766515e-06\n  1.73245862e-06 -2.91299207e-06]", "hess_inv": "[[ 4.39270696  1.04095493  0.82546515  0.51787155 -1.15425422 -2.80062044]\n [ 1.04095493  4.69841714  1.33844524 -0.54442288 -1.46350572 -3.6818999 ]\n [ 0.82546515  1.33844524  6.35438312 -1.12270367 -3.70931175 -6.02099524]\n [ 0.51787155 -0.54442288 -1.12270367  3.99209563  0.9434836   1.08988365]\n [-1.15425422 -1.46350572 -3.70931175  0.9434836   9.72459427  9.34246679]\n [-2.80062044 -3.6818999  -6.02099524  1.08988365  9.34246679 15.45701308]]", "nfev": "203", "njev": "29", "status": "0", "success": "True", "message": "Optimization terminated successfully.", "x": "[1.57629485 6.12782103 0.1769496  2.35667783 0.62743223 5.4973545 ]", "nit": "24"}, "11": {"maxiter": 500, "gtol": 1e-05, "xrtol": 1e-10, "eps": 1e-10, "duration": 0.03509664535522461, "fun": "0.4140236045943503", "jac": "[ 3.33066880e-06 -3.33066880e-06  1.11022293e-06  6.66133760e-06\n  3.33066880e-06 -3.33066880e-06]", "hess_inv": "[[ 4.36223606  1.04062221  0.88971261  0.49750936 -1.22031182 -2.88566338]\n [ 1.04062221  4.63278359  1.29697036 -0.47991832 -1.43766301 -3.58091039]\n [ 0.88971261  1.29697036  6.34042354 -1.0522693  -3.76600286 -6.03578174]\n [ 0.49750936 -0.47991832 -1.0522693   4.00687019  0.84059762  0.92850822]\n [-1.22031182 -1.43766301 -3.76600286  0.84059762  9.79298402  9.41424059]\n [-2.88566338 -3.58091039 -6.03578174  0.92850822  9.41424059 15.52612735]]", "nfev": "203", "njev": "29", "status": "0", "success": "True", "message": "Optimization terminated successfully.", "x": "[1.57630587 6.12782384 0.17695419 2.35669711 0.62744525 5.49735657]", "nit": "24"}, "12": {"maxiter": 500, "gtol": 1e-10, "xrtol": 1e-05, "eps": 1e-05, "duration": 0.036843061447143555, "fun": "0.4140236045082022", "jac": "[ 3.77142761e-08  2.77688983e-07 -1.72750703e-08 -7.66942065e-08\n -5.42854650e-07  4.72422101e-07]", "hess_inv": "[[ 4.42809567  0.93309815  0.77854442  0.62091432 -1.12170387 -2.82609085]\n [ 0.93309815  5.00158474  1.48834101 -0.80269024 -1.59595283 -3.73580769]\n [ 0.77854442  1.48834101  6.41473505 -1.27436896 -3.74350443 -5.951751  ]\n [ 0.62091432 -0.80269024 -1.27436896  4.17036203  1.11082202  1.30284369]\n [-1.12170387 -1.59595283 -3.74350443  1.11082202  9.71129591  9.14794494]\n [-2.82609085 -3.73580769 -5.951751    1.30284369  9.14794494 14.79831887]]", "nfev": "210", "njev": "30", "status": "0", "success": "True", "message": "Optimization terminated successfully.", "x": "[1.57629191 6.12783082 0.17695328 2.35666749 0.62743058 5.4973608 ]", "nit": "25"}, "13": {"maxiter": 500, "gtol": 1e-10, "xrtol": 1e-05, "eps": 1e-10, "duration": 0.03668022155761719, "fun": "0.4140236045175427", "jac": "[-3.33066880e-06  1.11022293e-06  0.00000000e+00 -2.22044587e-06\n  0.00000000e+00  0.00000000e+00]", "hess_inv": "[[ 4.56406104  0.75555322  0.69924201  0.70616379 -0.90022611 -2.49286747]\n [ 0.75555322  4.773059    1.26917474 -0.85311538 -1.54958956 -3.45840658]\n [ 0.69924201  1.26917474  6.18437192 -1.33797318 -3.68322763 -5.64022357]\n [ 0.70616379 -0.85311538 -1.33797318  4.19910942  1.27327067  1.53719558]\n [-0.90022611 -1.54958956 -3.68322763  1.27327067  9.85956242  9.15902529]\n [-2.49286747 -3.45840658 -5.64022357  1.53719558  9.15902529 14.54212363]]", "nfev": "210", "njev": "30", "status": "0", "success": "True", "message": "Optimization terminated successfully.", "x": "[1.5762824  6.12783514 0.17695161 2.35666631 0.62743636 5.49736731]", "nit": "25"}, "14": {"maxiter": 500, "gtol": 1e-10, "xrtol": 1e-10, "eps": 1e-05, "duration": 0.07387280464172363, "fun": "0.41402360450601194", "jac": "[ 2.22044605e-10  8.88178420e-11 -2.44249065e-10  5.55111512e-11\n  0.00000000e+00 -6.66133815e-11]", "hess_inv": "[[ 4.36467819  0.97521014  0.85750387  0.54116732 -1.1816556  -2.87860259]\n [ 0.97521014  5.05428928  1.57339828 -0.83810689 -1.47617947 -3.91049708]\n [ 0.85750387  1.57339828  6.34575889 -1.28371705 -3.70857577 -5.88570583]\n [ 0.54116732 -0.83810689 -1.28371705  4.16136971  0.96524849  1.37058857]\n [-1.1816556  -1.47617947 -3.70857577  0.96524849  9.69564023  9.33421047]\n [-2.87860259 -3.91049708 -5.88570583  1.37058857  9.33421047 14.83950968]]", "nfev": "424", "njev": "59", "status": "2", "success": "False", "message": "Desired error not necessarily achieved due to precision loss.", "x": "[1.57629222 6.12783036 0.1769536  2.35666787 0.6274319  5.49736008]", "nit": "27"}, "15": {"maxiter": 500, "gtol": 1e-10, "xrtol": 1e-10, "eps": 1e-10, "duration": 0.05353212356567383, "fun": "0.4140236044797585", "jac": "[-1.11022293e-06 -1.11022293e-06  0.00000000e+00  0.00000000e+00\n  0.00000000e+00  0.00000000e+00]", "hess_inv": "[[ 4.48300467  0.39479986  1.03102994  1.55141267  1.86961579  0.27266645]\n [ 0.39479986  3.07772316  0.69989552  0.38171061 -0.97908222 -1.20113266]\n [ 1.03102994  0.69989552  1.83918378  0.279715    0.38533364 -1.30674649]\n [ 1.55141267  0.38171061  0.279715    3.94482743  3.88964248  1.94859455]\n [ 1.86961579 -0.97908222  0.38533364  3.88964248  5.42755075  2.97622872]\n [ 0.27266645 -1.20113266 -1.30674649  1.94859455  2.97622872  5.56507563]]", "nfev": "308", "njev": "44", "status": "0", "success": "True", "message": "Optimization terminated successfully.", "x": "[1.57630017 6.12782874 0.17695027 2.3566806  0.62744878 5.49737678]", "nit": "30"}, "16": {"maxiter": 1000, "gtol": 1e-05, "xrtol": 1e-05, "eps": 1e-05, "duration": 0.03548789024353027, "fun": "0.41402360454915277", "jac": "[-2.37054820e-07 -2.85758084e-06 -1.16537890e-06  2.05766515e-06\n  1.73245862e-06 -2.91299207e-06]", "hess_inv": "[[ 4.39270696  1.04095493  0.82546515  0.51787155 -1.15425422 -2.80062044]\n [ 1.04095493  4.69841714  1.33844524 -0.54442288 -1.46350572 -3.6818999 ]\n [ 0.82546515  1.33844524  6.35438312 -1.12270367 -3.70931175 -6.02099524]\n [ 0.51787155 -0.54442288 -1.12270367  3.99209563  0.9434836   1.08988365]\n [-1.15425422 -1.46350572 -3.70931175  0.9434836   9.72459427  9.34246679]\n [-2.80062044 -3.6818999  -6.02099524  1.08988365  9.34246679 15.45701308]]", "nfev": "203", "njev": "29", "status": "0", "success": "True", "message": "Optimization terminated successfully.", "x": "[1.57629485 6.12782103 0.1769496  2.35667783 0.62743223 5.4973545 ]", "nit": "24"}, "17": {"maxiter": 1000, "gtol": 1e-05, "xrtol": 1e-05, "eps": 1e-10, "duration": 0.03535199165344238, "fun": "0.4140236045943503", "jac": "[ 3.33066880e-06 -3.33066880e-06  1.11022293e-06  6.66133760e-06\n  3.33066880e-06 -3.33066880e-06]", "hess_inv": "[[ 4.36223606  1.04062221  0.88971261  0.49750936 -1.22031182 -2.88566338]\n [ 1.04062221  4.63278359  1.29697036 -0.47991832 -1.43766301 -3.58091039]\n [ 0.88971261  1.29697036  6.34042354 -1.0522693  -3.76600286 -6.03578174]\n [ 0.49750936 -0.47991832 -1.0522693   4.00687019  0.84059762  0.92850822]\n [-1.22031182 -1.43766301 -3.76600286  0.84059762  9.79298402  9.41424059]\n [-2.88566338 -3.58091039 -6.03578174  0.92850822  9.41424059 15.52612735]]", "nfev": "203", "njev": "29", "status": "0", "success": "True", "message": "Optimization terminated successfully.", "x": "[1.57630587 6.12782384 0.17695419 2.35669711 0.62744525 5.49735657]", "nit": "24"}, "18": {"maxiter": 1000, "gtol": 1e-05, "xrtol": 1e-10, "eps": 1e-05, "duration": 0.03534412384033203, "fun": "0.41402360454915277", "jac": "[-2.37054820e-07 -2.85758084e-06 -1.16537890e-06  2.05766515e-06\n  1.73245862e-06 -2.91299207e-06]", "hess_inv": "[[ 4.39270696  1.04095493  0.82546515  0.51787155 -1.15425422 -2.80062044]\n [ 1.04095493  4.69841714  1.33844524 -0.54442288 -1.46350572 -3.6818999 ]\n [ 0.82546515  1.33844524  6.35438312 -1.12270367 -3.70931175 -6.02099524]\n [ 0.51787155 -0.54442288 -1.12270367  3.99209563  0.9434836   1.08988365]\n [-1.15425422 -1.46350572 -3.70931175  0.9434836   9.72459427  9.34246679]\n [-2.80062044 -3.6818999  -6.02099524  1.08988365  9.34246679 15.45701308]]", "nfev": "203", "njev": "29", "status": "0", "success": "True", "message": "Optimization terminated successfully.", "x": "[1.57629485 6.12782103 0.1769496  2.35667783 0.62743223 5.4973545 ]", "nit": "24"}, "19": {"maxiter": 1000, "gtol": 1e-05, "xrtol": 1e-10, "eps": 1e-10, "duration": 0.03569316864013672, "fun": "0.4140236045943503", "jac": "[ 3.33066880e-06 -3.33066880e-06  1.11022293e-06  6.66133760e-06\n  3.33066880e-06 -3.33066880e-06]", "hess_inv": "[[ 4.36223606  1.04062221  0.88971261  0.49750936 -1.22031182 -2.88566338]\n [ 1.04062221  4.63278359  1.29697036 -0.47991832 -1.43766301 -3.58091039]\n [ 0.88971261  1.29697036  6.34042354 -1.0522693  -3.76600286 -6.03578174]\n [ 0.49750936 -0.47991832 -1.0522693   4.00687019  0.84059762  0.92850822]\n [-1.22031182 -1.43766301 -3.76600286  0.84059762  9.79298402  9.41424059]\n [-2.88566338 -3.58091039 -6.03578174  0.92850822  9.41424059 15.52612735]]", "nfev": "203", "njev": "29", "status": "0", "success": "True", "message": "Optimization terminated successfully.", "x": "[1.57630587 6.12782384 0.17695419 2.35669711 0.62744525 5.49735657]", "nit": "24"}, "20": {"maxiter": 1000, "gtol": 1e-10, "xrtol": 1e-05, "eps": 1e-05, "duration": 0.036885976791381836, "fun": "0.4140236045082022", "jac": "[ 3.77142761e-08  2.77688983e-07 -1.72750703e-08 -7.66942065e-08\n -5.42854650e-07  4.72422101e-07]", "hess_inv": "[[ 4.42809567  0.93309815  0.77854442  0.62091432 -1.12170387 -2.82609085]\n [ 0.93309815  5.00158474  1.48834101 -0.80269024 -1.59595283 -3.73580769]\n [ 0.77854442  1.48834101  6.41473505 -1.27436896 -3.74350443 -5.951751  ]\n [ 0.62091432 -0.80269024 -1.27436896  4.17036203  1.11082202  1.30284369]\n [-1.12170387 -1.59595283 -3.74350443  1.11082202  9.71129591  9.14794494]\n [-2.82609085 -3.73580769 -5.951751    1.30284369  9.14794494 14.79831887]]", "nfev": "210", "njev": "30", "status": "0", "success": "True", "message": "Optimization terminated successfully.", "x": "[1.57629191 6.12783082 0.17695328 2.35666749 0.62743058 5.4973608 ]", "nit": "25"}, "21": {"maxiter": 1000, "gtol": 1e-10, "xrtol": 1e-05, "eps": 1e-10, "duration": 0.03668713569641113, "fun": "0.4140236045175427", "jac": "[-3.33066880e-06  1.11022293e-06  0.00000000e+00 -2.22044587e-06\n  0.00000000e+00  0.00000000e+00]", "hess_inv": "[[ 4.56406104  0.75555322  0.69924201  0.70616379 -0.90022611 -2.49286747]\n [ 0.75555322  4.773059    1.26917474 -0.85311538 -1.54958956 -3.45840658]\n [ 0.69924201  1.26917474  6.18437192 -1.33797318 -3.68322763 -5.64022357]\n [ 0.70616379 -0.85311538 -1.33797318  4.19910942  1.27327067  1.53719558]\n [-0.90022611 -1.54958956 -3.68322763  1.27327067  9.85956242  9.15902529]\n [-2.49286747 -3.45840658 -5.64022357  1.53719558  9.15902529 14.54212363]]", "nfev": "210", "njev": "30", "status": "0", "success": "True", "message": "Optimization terminated successfully.", "x": "[1.5762824  6.12783514 0.17695161 2.35666631 0.62743636 5.49736731]", "nit": "25"}, "22": {"maxiter": 1000, "gtol": 1e-10, "xrtol": 1e-10, "eps": 1e-05, "duration": 0.07329392433166504, "fun": "0.41402360450601194", "jac": "[ 2.22044605e-10  8.88178420e-11 -2.44249065e-10  5.55111512e-11\n  0.00000000e+00 -6.66133815e-11]", "hess_inv": "[[ 4.36467819  0.97521014  0.85750387  0.54116732 -1.1816556  -2.87860259]\n [ 0.97521014  5.05428928  1.57339828 -0.83810689 -1.47617947 -3.91049708]\n [ 0.85750387  1.57339828  6.34575889 -1.28371705 -3.70857577 -5.88570583]\n [ 0.54116732 -0.83810689 -1.28371705  4.16136971  0.96524849  1.37058857]\n [-1.1816556  -1.47617947 -3.70857577  0.96524849  9.69564023  9.33421047]\n [-2.87860259 -3.91049708 -5.88570583  1.37058857  9.33421047 14.83950968]]", "nfev": "424", "njev": "59", "status": "2", "success": "False", "message": "Desired error not necessarily achieved due to precision loss.", "x": "[1.57629222 6.12783036 0.1769536  2.35666787 0.6274319  5.49736008]", "nit": "27"}, "23": {"maxiter": 1000, "gtol": 1e-10, "xrtol": 1e-10, "eps": 1e-10, "duration": 0.053527116775512695, "fun": "0.4140236044797585", "jac": "[-1.11022293e-06 -1.11022293e-06  0.00000000e+00  0.00000000e+00\n  0.00000000e+00  0.00000000e+00]", "hess_inv": "[[ 4.48300467  0.39479986  1.03102994  1.55141267  1.86961579  0.27266645]\n [ 0.39479986  3.07772316  0.69989552  0.38171061 -0.97908222 -1.20113266]\n [ 1.03102994  0.69989552  1.83918378  0.279715    0.38533364 -1.30674649]\n [ 1.55141267  0.38171061  0.279715    3.94482743  3.88964248  1.94859455]\n [ 1.86961579 -0.97908222  0.38533364  3.88964248  5.42755075  2.97622872]\n [ 0.27266645 -1.20113266 -1.30674649  1.94859455  2.97622872  5.56507563]]", "nfev": "308", "njev": "44", "status": "0", "success": "True", "message": "Optimization terminated successfully.", "x": "[1.57630017 6.12782874 0.17695027 2.3566806  0.62744878 5.49737678]", "nit": "30"}}, "cobyla": {"0": {"maxiter": 100, "tol": 1e-05, "catol": 1e-05, "duration": 0.016652822494506836, "x": "[1.57886176 6.13302625 0.18332579 3.93059226 3.75480943 8.6193666 ]", "status": "2", "success": "False", "message": "Maximum number of function evaluations has been exceeded.", "nfev": "100", "fun": "0.41403780460236694", "maxcv": "0.0"}, "1": {"maxiter": 100, "tol": 1e-05, "catol": 1e-10, "duration": 0.01660609245300293, "x": "[1.57886176 6.13302625 0.18332579 3.93059226 3.75480943 8.6193666 ]", "status": "2", "success": "False", "message": "Maximum number of function evaluations has been exceeded.", "nfev": "100", "fun": "0.41403780460236694", "maxcv": "0.0"}, "2": {"maxiter": 100, "tol": 1e-10, "catol": 1e-05, "duration": 0.016681909561157227, "x": "[1.57886176 6.13302625 0.18332579 3.93059226 3.75480943 8.6193666 ]", "status": "2", "success": "False", "message": "Maximum number of function evaluations has been exceeded.", "nfev": "100", "fun": "0.41403780460236694", "maxcv": "0.0"}, "3": {"maxiter": 100, "tol": 1e-10, "catol": 1e-10, "duration": 0.01666879653930664, "x": "[1.57886176 6.13302625 0.18332579 3.93059226 3.75480943 8.6193666 ]", "status": "2", "success": "False", "message": "Maximum number of function evaluations has been exceeded.", "nfev": "100", "fun": "0.41403780460236694", "maxcv": "0.0"}, "4": {"maxiter": 500, "tol": 1e-05, "catol": 1e-05, "duration": 0.0448760986328125, "x": "[1.57630403 6.12783534 0.17697651 3.92651653 3.769006   8.6389166 ]", "status": "1", "success": "True", "message": "Optimization terminated successfully.", "nfev": "267", "fun": "0.41402360459433885", "maxcv": "0.0"}, "5": {"maxiter": 500, "tol": 1e-05, "catol": 1e-10, "duration": 0.04441404342651367, "x": "[1.57630403 6.12783534 0.17697651 3.92651653 3.769006   8.6389166 ]", "status": "1", "success": "True", "message": "Optimization terminated successfully.", "nfev": "267", "fun": "0.41402360459433885", "maxcv": "0.0"}, "6": {"maxiter": 500, "tol": 1e-10, "catol": 1e-05, "duration": 0.07518601417541504, "x": "[1.576295   6.12783169 0.17695008 3.92651046 3.76904494 8.6389728 ]", "status": "1", "success": "True", "message": "Optimization terminated successfully.", "nfev": "457", "fun": "0.41402360447167696", "maxcv": "0.0"}, "7": {"maxiter": 500, "tol": 1e-10, "catol": 1e-10, "duration": 0.07606124877929688, "x": "[1.576295   6.12783169 0.17695008 3.92651046 3.76904494 8.6389728 ]", "status": "1", "success": "True", "message": "Optimization terminated successfully.", "nfev": "457", "fun": "0.41402360447167696", "maxcv": "0.0"}, "8": {"maxiter": 1000, "tol": 1e-05, "catol": 1e-05, "duration": 0.04406285285949707, "x": "[1.57630403 6.12783534 0.17697651 3.92651653 3.769006   8.6389166 ]", "status": "1", "success": "True", "message": "Optimization terminated successfully.", "nfev": "267", "fun": "0.41402360459433885", "maxcv": "0.0"}, "9": {"maxiter": 1000, "tol": 1e-05, "catol": 1e-10, "duration": 0.04386496543884277, "x": "[1.57630403 6.12783534 0.17697651 3.92651653 3.769006   8.6389166 ]", "status": "1", "success": "True", "message": "Optimization terminated successfully.", "nfev": "267", "fun": "0.41402360459433885", "maxcv": "0.0"}, "10": {"maxiter": 1000, "tol": 1e-10, "catol": 1e-05, "duration": 0.07539582252502441, "x": "[1.576295   6.12783169 0.17695008 3.92651046 3.76904494 8.6389728 ]", "status": "1", "success": "True", "message": "Optimization terminated successfully.", "nfev": "457", "fun": "0.41402360447167696", "maxcv": "0.0"}, "11": {"maxiter": 1000, "tol": 1e-10, "catol": 1e-10, "duration": 0.0754842758178711, "x": 