{"date": "2024/07/19/, 20:38:27", "conf_id": 312, "data_type": "var_s_rank\n", "num_data_points": 4, "s_rank": 0, "unitary": "[[0.18663085-0.53122324j,-0.11886349-0.70040876j,0.28555095-0.02789305j,-0.12262021-0.2844587j],[-0.16702216+0.27758472j,0.27526351-0.29738586j,-0.01109314+0.22495461j,-0.77239203+0.28900673j],[0.61935415+0.12301792j,-0.31269928-0.03315917j,-0.61902762-0.19039079j,-0.27120731-0.0968989j],[0.42341754+0.0023929j,-0.05847358+0.47832119j,0.64900495-0.16218422j,-0.37182676-0.05229966j]]", "databatch_0": {"databatch": "[[[0.0008608+0.06799834j,0.21255664-0.07656879j,-0.24637937-0.10082311j,-0.05505878-0.21732173j],[-0.05848507+0.09730237j,-0.31592432-0.06121782j,0.01843404+0.08960876j,0.12569979-0.00130509j],[-0.0913601+0.406708j,0.06906563-0.08828053j,-0.2421458+0.10072749j,-0.25544233-0.18435214j],[0.1672585+0.32913523j,0.01195573+0.08085168j,0.41795993+0.00219085j,0.01808251-0.10120297j]],[[0.07805903-0.11361112j,-0.02306903-0.09228933j,-0.0257639+0.10129252j,-0.01053268+0.15307915j],[0.00852178+0.17537398j,0.03834633+0.11367236j,0.11689553-0.09463245j,-0.06256795-0.33365565j],[-0.29390551-0.03101126j,-0.13565825+0.08766132j,0.10332846+0.01152752j,0.35643959-0.01349904j],[0.33397363+0.23237108j,0.23393078-0.01641535j,-0.14039959-0.10228132j,-0.46150452-0.19809565j]],[[-0.0147888-0.09068879j,-0.02734818+0.05193387j,-0.28434676+0.06579975j,-0.44957644+0.12561207j],[0.00887077-0.27230325j,0.11838637-0.02856049j,-0.15744637-0.05688764j,0.11823255+0.03326558j],[0.32455662+0.01691836j,0.18666194-0.07358687j,-0.18915581+0.39694526j,-0.15322847+0.02799352j],[-0.16881793+0.01388556j,0.25448158+0.14703968j,0.24784136-0.08623813j,0.03172656-0.06655885j]],[[-0.45649781-0.11332212j,0.23288488+0.2665852j,0.01461372+0.23726448j,-0.24019677-0.14503384j],[0.09977724+0.40049127j,0.04798594-0.05395749j,0.11173785-0.04660572j,0.14564923+0.24304529j],[-0.15685323-0.08301466j,0.15951984-0.20364813j,0.07811166+0.00567729j,-0.29458808-0.0789961j],[0.08237676-0.07744534j,-0.15965609-0.00251012j,-0.07076064-0.04744236j,0.0648139+0.02034901j]]]", "initial param values": "[3.47882731,6.08477125,3.19930978,1.68097977,1.19142845,3.02281282]", "nelder_mead": {"type": "gradient-free", "0": {"maxiter": 100, "fatol": 1e-05, "xatol": 1e-05, "duration": 0.02618575096130371, "fun": "0.2634441004933219", "nit": "100", "nfev": "153", "status": "2", "success": "False", "message": "Maximum number of iterations has been exceeded.", "x": "[1.54112263 6.71001914 3.36643842 2.1007331  1.09125928 2.81687986]", "final_simplex": "(array([[1.54112263, 6.71001914, 3.36643842, 2.1007331 , 1.09125928,\n        2.81687986],\n       [1.47368717, 6.73714777, 3.32156633, 2.12629547, 1.05272647,\n        2.73612027],\n       [1.46554746, 6.693205  , 3.36561756, 2.08768111, 1.08438548,\n        2.72803751],\n       [1.54454314, 6.73468414, 3.41397314, 2.14696913, 1.05818478,\n        2.72329352],\n       [1.5195517 , 6.69291195, 3.38107369, 2.14075399, 1.10193919,\n        2.84363117],\n       [1.56592746, 6.66722203, 3.34009882, 2.11402626, 1.09093991,\n        2.73225225],\n       [1.52936081, 6.74325836, 3.34116174, 2.12867033, 1.08193568,\n        2.75596787]]), array([0.2634441 , 0.26363407, 0.2636909 , 0.2645014 , 0.2650921 ,\n       0.26509863, 0.2652878 ]))"}, "1": {"maxiter": 100, "fatol": 1e-05, "xatol": 1e-10, "duration": 0.026133060455322266, "fun": "0.2634441004933219", "nit": "100", "nfev": "153", "status": "2", "success": "False", "message": "Maximum number of iterations has been exceeded.", "x": "[1.54112263 6.71001914 3.36643842 2.1007331  1.09125928 2.81687986]", "final_simplex": "(array([[1.54112263, 6.71001914, 3.36643842, 2.1007331 , 1.09125928,\n        2.81687986],\n       [1.47368717, 6.73714777, 3.32156633, 2.12629547, 1.05272647,\n        2.73612027],\n       [1.46554746, 6.693205  , 3.36561756, 2.08768111, 1.08438548,\n        2.72803751],\n       [1.54454314, 6.73468414, 3.41397314, 2.14696913, 1.05818478,\n        2.72329352],\n       [1.5195517 , 6.69291195, 3.38107369, 2.14075399, 1.10193919,\n        2.84363117],\n       [1.56592746, 6.66722203, 3.34009882, 2.11402626, 1.09093991,\n        2.73225225],\n       [1.52936081, 6.74325836, 3.34116174, 2.12867033, 1.08193568,\n        2.75596787]]), array([0.2634441 , 0.26363407, 0.2636909 , 0.2645014 , 0.2650921 ,\n       0.26509863, 0.2652878 ]))"}, "2": {"maxiter": 100, "fatol": 1e-10, "xatol": 1e-05, "duration": 0.026167869567871094, "fun": "0.2634441004933219", "nit": "100", "nfev": "153", "status": "2", "success": "False", "message": "Maximum number of iterations has been exceeded.", "x": "[1.54112263 6.71001914 3.36643842 2.1007331  1.09125928 2.81687986]", "final_simplex": "(array([[1.54112263, 6.71001914, 3.36643842, 2.1007331 , 1.09125928,\n        2.81687986],\n       [1.47368717, 6.73714777, 3.32156633, 2.12629547, 1.05272647,\n        2.73612027],\n       [1.46554746, 6.693205  , 3.36561756, 2.08768111, 1.08438548,\n        2.72803751],\n       [1.54454314, 6.73468414, 3.41397314, 2.14696913, 1.05818478,\n        2.72329352],\n       [1.5195517 , 6.69291195, 3.38107369, 2.14075399, 1.10193919,\n        2.84363117],\n       [1.56592746, 6.66722203, 3.34009882, 2.11402626, 1.09093991,\n        2.73225225],\n       [1.52936081, 6.74325836, 3.34116174, 2.12867033, 1.08193568,\n        2.75596787]]), array([0.2634441 , 0.26363407, 0.2636909 , 0.2645014 , 0.2650921 ,\n       0.26509863, 0.2652878 ]))"}, "3": {"maxiter": 100, "fatol": 1e-10, "xatol": 1e-10, "duration": 0.026102066040039062, "fun": "0.2634441004933219", "nit": "100", "nfev": "153", "status": "2", "success": "False", "message": "Maximum number of iterations has been exceeded.", "x": "[1.54112263 6.71001914 3.36643842 2.1007331  1.09125928 2.81687986]", "final_simplex": "(array([[1.54112263, 6.71001914, 3.36643842, 2.1007331 , 1.09125928,\n        2.81687986],\n       [1.47368717, 6.73714777, 3.32156633, 2.12629547, 1.05272647,\n        2.73612027],\n       [1.46554746, 6.693205  , 3.36561756, 2.08768111, 1.08438548,\n        2.72803751],\n       [1.54454314, 6.73468414, 3.41397314, 2.14696913, 1.05818478,\n        2.72329352],\n       [1.5195517 , 6.69291195, 3.38107369, 2.14075399, 1.10193919,\n        2.84363117],\n       [1.56592746, 6.66722203, 3.34009882, 2.11402626, 1.09093991,\n        2.73225225],\n       [1.52936081, 6.74325836, 3.34116174, 2.12867033, 1.08193568,\n        2.75596787]]), array([0.2634441 , 0.26363407, 0.2636909 , 0.2645014 , 0.2650921 ,\n       0.26509863, 0.2652878 ]))"}, "4": {"maxiter": 500, "fatol": 1e-05, "xatol": 1e-05, "duration": 0.0927128791809082, "fun": "0.2385446793288909", "nit": "348", "nfev": "545", "status": "0", "success": "True", "message": "Optimization terminated successfully.", "x": "[1.36459134 6.48138596 3.37022094 1.93834845 0.62469843 2.68152811]", "final_simplex": "(array([[1.36459134, 6.48138596, 3.37022094, 1.93834845, 0.62469843,\n        2.68152811],\n       [1.36458645, 6.48138313, 3.37021632, 1.93834883, 0.62469936,\n        2.68153556],\n       [1.3645918 , 6.48138855, 3.37021359, 1.9383506 , 0.62470054,\n        2.68152736],\n       [1.36458535, 6.48137704, 3.37021449, 1.93834016, 0.62469561,\n        2.68152878],\n       [1.36459484, 6.48138629, 3.37021813, 1.93834601, 0.62470475,\n        2.68153471],\n       [1.36459741, 6.48138589, 3.37021614, 1.93835145, 0.62469901,\n        2.68152899],\n       [1.36458555, 6.48138907, 3.37021335, 1.93834834, 0.62469228,\n        2.6815288 ]]), array([0.23854468, 0.23854468, 0.23854468, 0.23854468, 0.23854468,\n       0.23854468, 0.23854468]))"}, "5": {"maxiter": 500, "fatol": 1e-05, "xatol": 1e-10, "duration": 0.13629388809204102, "fun": "0.2385446793017223", "nit": "473", "nfev": "804", "status": "0", "success": "True", "message": "Optimization terminated successfully.", "x": "[1.36458291 6.48137882 3.37022413 1.93834993 0.62470554 2.68152875]", "final_simplex": "(array([[1.36458291, 6.48137882, 3.37022413, 1.93834993, 0.62470554,\n        2.68152875],\n       [1.36458291, 6.48137882, 3.37022413, 1.93834993, 0.62470554,\n        2.68152875],\n       [1.36458291, 6.48137882, 3.37022413, 1.93834993, 0.62470554,\n        2.68152875],\n       [1.36458291, 6.48137882, 3.37022413, 1.93834993, 0.62470554,\n        2.68152875],\n       [1.36458291, 6.48137882, 3.37022413, 1.93834993, 0.62470554,\n        2.68152875],\n       [1.36458291, 6.48137882, 3.37022413, 1.93834993, 0.62470554,\n        2.68152875],\n       [1.36458291, 6.48137882, 3.37022413, 1.93834993, 0.62470554,\n        2.68152875]]), array([0.23854468, 0.23854468, 0.23854468, 0.23854468, 0.23854468,\n       0.23854468, 0.23854468]))"}, "6": {"maxiter": 500, "fatol": 1e-10, "xatol": 1e-05, "duration": 0.09280800819396973, "fun": "0.2385446793288909", "nit": "348", "nfev": "545", "status": "0", "success": "True", "message": "Optimization terminated successfully.", "x": "[1.36459134 6.48138596 3.37022094 1.93834845 0.62469843 2.68152811]", "final_simplex": "(array([[1.36459134, 6.48138596, 3.37022094, 1.93834845, 0.62469843,\n        2.68152811],\n       [1.36458645, 6.48138313, 3.37021632, 1.93834883, 0.62469936,\n        2.68153556],\n       [1.3645918 , 6.48138855, 3.37021359, 1.9383506 , 0.62470054,\n        2.68152736],\n       [1.36458535, 6.48137704, 3.37021449, 1.93834016, 0.62469561,\n        2.68152878],\n       [1.36459484, 6.48138629, 3.37021813, 1.93834601, 0.62470475,\n        2.68153471],\n       [1.36459741, 6.48138589, 3.37021614, 1.93835145, 0.62469901,\n        2.68152899],\n       [1.36458555, 6.48138907, 3.37021335, 1.93834834, 0.62469228,\n        2.6815288 ]]), array([0.23854468, 0.23854468, 0.23854468, 0.23854468, 0.23854468,\n       0.23854468, 0.23854468]))"}, "7": {"maxiter": 500, "fatol": 1e-10, "xatol": 1e-10, "duration": 0.13666200637817383, "fun": "0.2385446793017223", "nit": "473", "nfev": "804", "status": "0", "success": "True", "message": "Optimization terminated successfully.", "x": "[1.36458291 6.48137882 3.37022413 1.93834993 0.62470554 2.68152875]", "final_simplex": "(array([[1.36458291, 6.48137882, 3.37022413, 1.93834993, 0.62470554,\n        2.68152875],\n       [1.36458291, 6.48137882, 3.37022413, 1.93834993, 0.62470554,\n        2.68152875],\n       [1.36458291, 6.48137882, 3.37022413, 1.93834993, 0.62470554,\n        2.68152875],\n       [1.36458291, 6.48137882, 3.37022413, 1.93834993, 0.62470554,\n        2.68152875],\n       [1.36458291, 6.48137882, 3.37022413, 1.93834993, 0.62470554,\n        2.68152875],\n       [1.36458291, 6.48137882, 3.37022413, 1.93834993, 0.62470554,\n        2.68152875],\n       [1.36458291, 6.48137882, 3.37022413, 1.93834993, 0.62470554,\n        2.68152875]]), array([0.23854468, 0.23854468, 0.23854468, 0.23854468, 0.23854468,\n       0.23854468, 0.23854468]))"}, "8": {"maxiter": 1000, "fatol": 1e-05, "xatol": 1e-05, "duration": 0.09280920028686523, "fun": "0.2385446793288909", "nit": "348", "nfev": "545", "status": "0", "success": "True", "message": "Optimization terminated successfully.", "x": "[1.36459134 6.48138596 3.37022094 1.93834845 0.62469843 2.68152811]", "final_simplex": "(array([[1.36459134, 6.48138596, 3.37022094, 1.93834845, 0.62469843,\n        2.68152811],\n       [1.36458645, 6.48138313, 3.37021632, 1.93834883, 0.62469936,\n        2.68153556],\n       [1.3645918 , 6.48138855, 3.37021359, 1.9383506 , 0.62470054,\n        2.68152736],\n       [1.36458535, 6.48137704, 3.37021449, 1.93834016, 0.62469561,\n        2.68152878],\n       [1.36459484, 6.48138629, 3.37021813, 1.93834601, 0.62470475,\n        2.68153471],\n       [1.36459741, 6.48138589, 3.37021614, 1.93835145, 0.62469901,\n        2.68152899],\n       [1.36458555, 6.48138907, 3.37021335, 1.93834834, 0.62469228,\n        2.6815288 ]]), array([0.23854468, 0.23854468, 0.23854468, 0.23854468, 0.23854468,\n       0.23854468, 0.23854468]))"}, "9": {"maxiter": 1000, "fatol": 1e-05, "xatol": 1e-10, "duration": 0.13558197021484375, "fun": "0.2385446793017223", "nit": "473", "nfev": "804", "status": "0", "success": "True", "message": "Optimization terminated successfully.", "x": "[1.36458291 6.48137882 3.37022413 1.93834993 0.62470554 2.68152875]", "final_simplex": "(array([[1.36458291, 6.48137882, 3.37022413, 1.93834993, 0.62470554,\n        2.68152875],\n       [1.36458291, 6.48137882, 3.37022413, 1.93834993, 0.62470554,\n        2.68152875],\n       [1.36458291, 6.48137882, 3.37022413, 1.93834993, 0.62470554,\n        2.68152875],\n       [1.36458291, 6.48137882, 3.37022413, 1.93834993, 0.62470554,\n        2.68152875],\n       [1.36458291, 6.48137882, 3.37022413, 1.93834993, 0.62470554,\n        2.68152875],\n       [1.36458291, 6.48137882, 3.37022413, 1.93834993, 0.62470554,\n        2.68152875],\n       [1.36458291, 6.48137882, 3.37022413, 1.93834993, 0.62470554,\n        2.68152875]]), array([0.23854468, 0.23854468, 0.23854468, 0.23854468, 0.23854468,\n       0.23854468, 0.23854468]))"}, "10": {"maxiter": 1000, "fatol": 1e-10, "xatol": 1e-05, "duration": 0.09213614463806152, "fun": "0.2385446793288909", "nit": "348", "nfev": "545", "status": "0", "success": "True", "message": "Optimization terminated successfully.", "x": "[1.36459134 6.48138596 3.37022094 1.93834845 0.62469843 2.68152811]", "final_simplex": "(array([[1.36459134, 6.48138596, 3.37022094, 1.93834845, 0.62469843,\n        2.68152811],\n       [1.36458645, 6.48138313, 3.37021632, 1.93834883, 0.62469936,\n        2.68153556],\n       [1.3645918 , 6.48138855, 3.37021359, 1.9383506 , 0.62470054,\n        2.68152736],\n       [1.36458535, 6.48137704, 3.37021449, 1.93834016, 0.62469561,\n        2.68152878],\n       [1.36459484, 6.48138629, 3.37021813, 1.93834601, 0.62470475,\n        2.68153471],\n       [1.36459741, 6.48138589, 3.37021614, 1.93835145, 0.62469901,\n        2.68152899],\n       [1.36458555, 6.48138907, 3.37021335, 1.93834834, 0.62469228,\n        2.6815288 ]]), array([0.23854468, 0.23854468, 0.23854468, 0.23854468, 0.23854468,\n       0.23854468, 0.23854468]))"}, "11": {"maxiter": 1000, "fatol": 1e-10, "xatol": 1e-10, "duration": 0.1362619400024414, "fun": "0.2385446793017223", "nit": "473", "nfev": "804", "status": "0", "success": "True", "message": "Optimization terminated successfully.", "x": "[1.36458291 6.48137882 3.37022413 1.93834993 0.62470554 2.68152875]", "final_simplex": "(array([[1.36458291, 6.48137882, 3.37022413, 1.93834993, 0.62470554,\n        2.68152875],\n       [1.36458291, 6.48137882, 3.37022413, 1.93834993, 0.62470554,\n        2.68152875],\n       [1.36458291, 6.48137882, 3.37022413, 1.93834993, 0.62470554,\n        2.68152875],\n       [1.36458291, 6.48137882, 3.37022413, 1.93834993, 0.62470554,\n        2.68152875],\n       [1.36458291, 6.48137882, 3.37022413, 1.93834993, 0.62470554,\n        2.68152875],\n       [1.36458291, 6.48137882, 3.37022413, 1.93834993, 0.62470554,\n        2.68152875],\n       [1.36458291, 6.48137882, 3.37022413, 1.93834993, 0.62470554,\n        2.68152875]]), array([0.23854468, 0.23854468, 0.23854468, 0.23854468, 0.23854468,\n       0.23854468, 0.23854468]))"}}, "bfgs": {"type": "gradient", "0": {"maxiter": 100, "gtol": 1e-05, "xrtol": 1e-05, "eps": 1e-05, "duration": 0.023284912109375, "fun": "0.2385446795090269", "jac": "[ 9.50817203e-07  1.02171605e-06  1.03135278e-06 -6.28335162e-06\n -3.31250583e-06 -1.07580611e-06]", "hess_inv": "[[ 3.50906125  1.26747265 -0.46103072  0.51740896  0.80778713 -0.43372587]\n [ 1.26747265  4.24782067 -0.94832566  1.3446386   0.16440996 -0.764377  ]\n [-0.46103072 -0.94832566  3.45743694 -0.13413455  0.45497842  0.48019788]\n [ 0.51740896  1.3446386  -0.13413455  2.43566099 -0.61100251 -0.44467663]\n [ 0.80778713  0.16440996  0.45497842 -0.61100251  4.27678648  1.09548905]\n [-0.43372587 -0.764377    0.48019788 -0.44467663  1.09548905  3.27654319]]", "nfev": "133", "njev": "19", "status": "0", "success": "True", "message": "Optimization terminated successfully.", "x": "[1.36457149 6.48136262 3.37022167 1.93832234 0.62467659 2.68151345]", "nit": "17"}, "1": {"maxiter": 100, "gtol": 1e-05, "xrtol": 1e-05, "eps": 1e-10, "duration": 0.023215055465698242, "fun": "0.2385446794008108", "jac": "[ 1.11022293e-06  0.00000000e+00  0.00000000e+00 -6.66133760e-06\n  0.00000000e+00 -1.11022293e-06]", "hess_inv": "[[ 3.32262328  1.06891887 -0.40776059  0.44633986  0.69982834 -0.41464236]\n [ 1.06891887  4.18703212 -0.9082812   1.4081613  -0.15111744 -0.90897362]\n [-0.40776059 -0.9082812   3.22614487 -0.16383417  0.37187443  0.53477028]\n [ 0.44633986  1.4081613  -0.16383417  2.62376879 -0.71456119 -0.48558802]\n [ 0.69982834 -0.15111744  0.37187443 -0.71456119  4.32090289  1.24782867]\n [-0.41464236 -0.90897362  0.53477028 -0.48558802  1.24782867  3.3178349 ]]", "nfev": "133", "njev": "19", "status": "0", "success": "True", "message": "Optimization terminated successfully.", "x": "[1.36458015 6.48136756 3.3702236  1.9383271  0.62469264 2.68152224]", "nit": "17"}, "2": {"maxiter": 100, "gtol": 1e-05, "xrtol": 1e-10, "eps": 1e-05, "duration": 0.023199081420898438, "fun": "0.2385446795090269", "jac": "[ 9.50817203e-07  1.02171605e-06  1.03135278e-06 -6.28335162e-06\n -3.31250583e-06 -1.07580611e-06]", "hess_inv": "[[ 3.50906125  1.26747265 -0.46103072  0.51740896  0.80778713 -0.43372587]\n [ 1.26747265  4.24782067 -0.94832566  1.3446386   0.16440996 -0.764377  ]\n [-0.46103072 -0.94832566  3.45743694 -0.13413455  0.45497842  0.48019788]\n [ 0.51740896  1.3446386  -0.13413455  2.43566099 -0.61100251 -0.44467663]\n [ 0.80778713  0.16440996  0.45497842 -0.61100251  4.27678648  1.09548905]\n [-0.43372587 -0.764377    0.48019788 -0.44467663  1.09548905  3.27654319]]", "nfev": "133", "njev": "19", "status": "0", "success": "True", "message": "Optimization terminated successfully.", "x": "[1.36457149 6.48136262 3.37022167 1.93832234 0.62467659 2.68151345]", "nit": "17"}, "3": {"maxiter": 100, "gtol": 1e-05, "xrtol": 1e-10, "eps": 1e-10, "duration": 0.02322101593017578, "fun": "0.2385446794008108", "jac": "[ 1.11022293e-06  0.00000000e+00  0.00000000e+00 -6.66133760e-06\n  0.00000000e+00 -1.11022293e-06]", "hess_inv": "[[ 3.32262328  1.06891887 -0.40776059  0.44633986  0.69982834 -0.41464236]\n [ 1.06891887  4.18703212 -0.9082812   1.4081613  -0.15111744 -0.90897362]\n [-0.40776059 -0.9082812   3.22614487 -0.16383417  0.37187443  0.53477028]\n [ 0.44633986  1.4081613  -0.16383417  2.62376879 -0.71456119 -0.48558802]\n [ 0.69982834 -0.15111744  0.37187443 -0.71456119  4.32090289  1.24782867]\n [-0.41464236 -0.90897362  0.53477028 -0.48558802  1.24782867  3.3178349 ]]", "nfev": "133", "njev": "19", "status": "0", "success": "True", "message": "Optimization terminated successfully.", "x": "[1.36458015 6.48136756 3.3702236  1.9383271  0.62469264 2.68152224]", "nit": "17"}, "4": {"maxiter": 100, "gtol": 1e-10, "xrtol": 1e-05, "eps": 1e-05, "duration": 0.02321910858154297, "fun": "0.2385446795090269", "jac": "[ 9.50817203e-07  1.02171605e-06  1.03135278e-06 -6.28335162e-06\n -3.31250583e-06 -1.07580611e-06]", "hess_inv": "[[ 3.50906125  1.26747265 -0.46103072  0.51740896  0.80778713 -0.43372587]\n [ 1.26747265  4.24782067 -0.94832566  1.3446386   0.16440996 -0.764377  ]\n [-0.46103072 -0.94832566  3.45743694 -0.13413455  0.45497842  0.48019788]\n [ 0.51740896  1.3446386  -0.13413455  2.43566099 -0.61100251 -0.44467663]\n [ 0.80778713  0.16440996  0.45497842 -0.61100251  4.27678648  1.09548905]\n [-0.43372587 -0.764377    0.48019788 -0.44467663  1.09548905  3.27654319]]", "nfev": "133", "njev": "19", "status": "0", "success": "True", "message": "Optimization terminated successfully.", "x": "[1.36457149 6.48136262 3.37022167 1.93832234 0.62467659 2.68151345]", "nit": "17"}, "5": {"maxiter": 100, "gtol": 1e-10, "xrtol": 1e-05, "eps": 1e-10, "duration": 0.02439403533935547, "fun": "0.23854467932430812", "jac": "[ 1.11022293e-06  1.11022293e-06  1.11022293e-06 -1.11022293e-06\n -3.33066880e-06 -1.11022293e-06]", "hess_inv": "[[ 3.34873675  1.04034562 -0.42493394  0.29093465  0.68083411 -0.46403232]\n [ 1.04034562  3.85864967 -0.839588    1.00224492  0.17499752 -0.77474106]\n [-0.42493394 -0.839588    3.23051472  0.01828332  0.34200013  0.5561246 ]\n [ 0.29093465  1.00224492  0.01828332  2.62623248 -0.11254779 -0.06323947]\n [ 0.68083411  0.17499752  0.34200013 -0.11254779  4.07549985  1.21567403]\n [-0.46403232 -0.77474106  0.5561246  -0.06323947  1.21567403  3.39336913]]", "nfev": "140", "njev": "20", "status": "0", "success": "True", "message": "Optimization terminated successfully.", "x": "[1.36457785 6.48137222 3.37022481 1.9383442  0.62469248 2.6815261 ]", "nit": "18"}, "6": {"maxiter": 100, "gtol": 1e-10, "xrtol": 1e-10, "eps": 1e-05, "duration": 0.040860891342163086, "fun": "0.2385446793411492", "jac": "[-1.07691633e-09 -3.18634008e-09  1.07691633e-09  2.58681965e-09\n  3.38618023e-09  1.77635684e-10]", "hess_inv": "[[ 3.5126897   1.29557666 -0.46888968  0.59673742  0.89874843 -0.37912928]\n [ 1.29557666  4.36331757 -0.99274291  1.59868753  0.40476364 -0.62589708]\n [-0.46888968 -0.99274291  3.47737187 -0.20982072  0.38107099  0.4324165 ]\n [ 0.59673742  1.59868753 -0.20982072  3.15993657  0.07178844 -0.08506964]\n [ 0.89874843  0.40476364  0.38107099  0.07178844  4.86884396  1.38672333]\n [-0.37912928 -0.62589708  0.4324165  -0.08506964  1.38672333  3.41593122]]", "nfev": "235", "njev": "32", "status": "2", "success": "False", "message": "Desired error not necessarily achieved due to precision loss.", "x": "[1.36457366 6.48136874 3.37021999 1.93834094 0.62469365 2.68152206]", "nit": "20"}, "7": {"maxiter": 100, "gtol": 1e-10, "xrtol": 1e-10, "eps": 1e-10, "duration": 0.04978489875793457, "fun": "0.23854467930508294", "jac": "[ 0.00000000e+00  0.00000000e+00  0.00000000e+00 -1.11022293e-06\n  0.00000000e+00  1.11022293e-06]", "hess_inv": "[[ 4.60636932e+00 -1.01038692e+01 -5.61531348e-02  2.59507060e+00\n  -3.39979741e+00 -6.01607446e-01]\n [-1.01038692e+01  2.85655882e+01 -3.27463686e-01 -6.37568501e+00\n   8.77249205e+00  2.32255181e+00]\n [-5.61531348e-02 -3.27463686e-01  1.08179198e-01  2.36918775e-02\n  -4.57018575e-02 -7.00953962e-02]\n [ 2.59507060e+00 -6.37568501e+00  2.36918775e-02  1.62450939e+00\n  -2.07545469e+00 -5.29976959e-01]\n [-3.39979741e+00  8.77249205e+00 -4.57018575e-02 -2.07545469e+00\n   2.88342807e+00  6.84488232e-01]\n [-6.01607446e-01  2.32255181e+00 -7.00953962e-02 -5.29976959e-01\n   6.84488232e-01  3.90886904e-01]]", "nfev": "287", "njev": "41", "status": "0", "success": "True", "message": "Optimization terminated successfully.", "x": "[1.36458228 6.4813797  3.37021978 1.93834888 0.62470317 2.68152759]", "nit": "28"}, "8": {"maxiter": 500, "gtol": 1e-05, "xrtol": 1e-05, "eps": 1e-05, "duration": 0.02320098876953125, "fun": "0.2385446795090269", "jac": "[ 9.50817203e-07  1.02171605e-06  1.03135278e-06 -6.28335162e-06\n -3.31250583e-06 -1.07580611e-06]", "hess_inv": "[[ 3.50906125  1.26747265 -0.46103072  0.51740896  0.80778713 -0.43372587]\n [ 1.26747265  4.24782067 -0.94832566  1.3446386   0.16440996 -0.764377  ]\n [-0.46103072 -0.94832566  3.45743694 -0.13413455  0.45497842  0.48019788]\n [ 0.51740896  1.3446386  -0.13413455  2.43566099 -0.61100251 -0.44467663]\n [ 0.80778713  0.16440996  0.45497842 -0.61100251  4.27678648  1.09548905]\n [-0.43372587 -0.764377    0.48019788 -0.44467663  1.09548905  3.27654319]]", "nfev": "133", "njev": "19", "status": "0", "success": "True", "message": "Optimization terminated successfully.", "x": "[1.36457149 6.48136262 3.37022167 1.93832234 0.62467659 2.68151345]", "nit": "17"}, "9": {"maxiter": 500, "gtol": 1e-05, "xrtol": 1e-05, "eps": 1e-10, "duration": 0.023172855377197266, "fun": "0.2385446794008108", "jac": "[ 1.11022293e-06  0.00000000e+00  0.00000000e+00 -6.66133760e-06\n  0.00000000e+00 -1.11022293e-06]", "hess_inv": "[[ 3.32262328  1.06891887 -0.40776059  0.44633986  0.69982834 -0.41464236]\n [ 1.06891887  4.18703212 -0.9082812   1.4081613  -0.15111744 -0.90897362]\n [-0.40776059 -0.9082812   3.22614487 -0.16383417  0.37187443  0.53477028]\n [ 0.44633986  1.4081613  -0.16383417  2.62376879 -0.71456119 -0.48558802]\n [ 0.69982834 -0.15111744  0.37187443 -0.71456119  4.32090289  1.24782867]\n [-0.41464236 -0.90897362  0.53477028 -0.48558802  1.24782867  3.3178349 ]]", "nfev": "133", "njev": "19", "status": "0", "success": "True", "message": "Optimization terminated successfully.", "x": "[1.36458015 6.48136756 3.3702236  1.9383271  0.62469264 2.68152224]", "nit": "17"}, "10": {"maxiter": 500, "gtol": 1e-05, "xrtol": 1e-10, "eps": 1e-05, "duration": 0.023190021514892578, "fun": "0.2385446795090269", "jac": "[ 9.50817203e-07  1.02171605e-06  1.03135278e-06 -6.28335162e-06\n -3.31250583e-06 -1.07580611e-06]", "hess_inv": "[[ 3.50906125  1.26747265 -0.46103072  0.51740896  0.80778713 -0.43372587]\n [ 1.26747265  4.24782067 -0.94832566  1.3446386   0.16440996 -0.764377  ]\n [-0.46103072 -0.94832566  3.45743694 -0.13413455  0.45497842  0.48019788]\n [ 0.51740896  1.3446386  -0.13413455  2.43566099 -0.61100251 -0.44467663]\n [ 0.80778713  0.16440996  0.45497842 -0.61100251  4.27678648  1.09548905]\n [-0.43372587 -0.764377    0.48019788 -0.44467663  1.09548905  3.27654319]]", "nfev": "133", "njev": "19", "status": "0", "success": "True", "message": "Optimization terminated successfully.", "x": "[1.36457149 6.48136262 3.37022167 1.93832234 0.62467659 2.68151345]", "nit": "17"}, "11": {"maxiter": 500, "gtol": 1e-05, "xrtol": 1e-10, "eps": 1e-10, "duration": 0.023138999938964844, "fun": "0.2385446794008108", "jac": "[ 1.11022293e-06  0.00000000e+00  0.00000000e+00 -6.66133760e-06\n  0.00000000e+00 -1.11022293e-06]", "hess_inv": "[[ 3.32262328  1.06891887 -0.40776059  0.44633986  0.69982834 -0.41464236]\n [ 1.06891887  4.18703212 -0.9082812   1.4081613  -0.15111744 -0.90897362]\n [-0.40776059 -0.9082812   3.22614487 -0.16383417  0.37187443  0.53477028]\n [ 0.44633986  1.4081613  -0.16383417  2.62376879 -0.71456119 -0.48558802]\n [ 0.69982834 -0.15111744  0.37187443 -0.71456119  4.32090289  1.24782867]\n [-0.41464236 -0.90897362  0.53477028 -0.48558802  1.24782867  3.3178349 ]]", "nfev": "133", "njev": "19", "status": "0", "success": "True", "message": "Optimization terminated successfully.", "x": "[1.36458015 6.48136756 3.3702236  1.9383271  0.62469264 2.68152224]", "nit": "17"}, "12": {"maxiter": 500, "gtol": 1e-10, "xrtol": 1e-05, "eps": 1e-05, "duration": 0.023150205612182617, "fun": "0.2385446795090269", "jac": "[ 9.50817203e-07  1.02171605e-06  1.03135278e-06 -6.28335162e-06\n -3.31250583e-06 -1.07580611e-06]", "hess_inv": "[[ 3.50906125  1.26747265 -0.46103072  0.51740896  0.80778713 -0.43372587]\n [ 1.26747265  4.24782067 -0.94832566  1.3446386   0.16440996 -0.764377  ]\n [-0.46103072 -0.94832566  3.45743694 -0.13413455  0.45497842  0.48019788]\n [ 0.51740896  1.3446386  -0.13413455  2.43566099 -0.61100251 -0.44467663]\n [ 0.80778713  0.16440996  0.45497842 -0.61100251  4.27678648  1.09548905]\n [-0.43372587 -0.764377    0.48019788 -0.44467663  1.09548905  3.27654319]]", "nfev": "133", "njev": "19", "status": "0", "success": "True", "message": "Optimization terminated successfully.", "x": "[1.36457149 6.48136262 3.37022167 1.93832234 0.62467659 2.68151345]", "nit": "17"}, "13": {"maxiter": 500, "gtol": 1e-10, "xrtol": 1e-05, "eps": 1e-10, "duration": 0.02431797981262207, "fun": "0.23854467932430812", "jac": "[ 1.11022293e-06  1.11022293e-06  1.11022293e-06 -1.11022293e-06\n -3.33066880e-06 -1.11022293e-06]", "hess_inv": "[[ 3.34873675  1.04034562 -0.42493394  0.29093465  0.68083411 -0.46403232]\n [ 1.04034562  3.85864967 -0.839588    1.00224492  0.17499752 -0.77474106]\n [-0.42493394 -0.839588    3.23051472  0.01828332  0.34200013  0.5561246 ]\n [ 0.29093465  1.00224492  0.01828332  2.62623248 -0.11254779 -0.06323947]\n [ 0.68083411  0.17499752  0.34200013 -0.11254779  4.07549985  1.21567403]\n [-0.46403232 -0.77474106  0.5561246  -0.06323947  1.21567403  3.39336913]]", "nfev": "140", "njev": "20", "status": "0", "success": "True", "message": "Optimization terminated successfully.", "x": "[1.36457785 6.48137222 3.37022481 1.9383442  0.62469248 2.6815261 ]", "nit": "18"}, "14": {"maxiter": 500, "gtol": 1e-10, "xrtol": 1e-10, "eps": 1e-05, "duration": 0.040616750717163086, "fun": "0.2385446793411492", "jac": "[-1.07691633e-09 -3.18634008e-09  1.07691633e-09  2.58681965e-09\n  3.38618023e-09  1.77635684e-10]", "hess_inv": "[[ 3.5126897   1.29557666 -0.46888968  0.59673742  0.89874843 -0.37912928]\n [ 1.29557666  4.36331757 -0.99274291  1.59868753  0.40476364 -0.62589708]\n [-0.46888968 -0.99274291  3.47737187 -0.20982072  0.38107099  0.4324165 ]\n [ 0.59673742  1.59868753 -0.20982072  3.15993657  0.07178844 -0.08506964]\n [ 0.89874843  0.40476364  0.38107099  0.07178844  4.86884396  1.38672333]\n [-0.37912928 -0.62589708  0.4324165  -0.08506964  1.38672333  3.41593122]]", "nfev": "235", "njev": "32", "status": "2", "success": "False", "message": "Desired error not necessarily achieved due to precision loss.", "x": "[1.36457366 6.48136874 3.37021999 1.93834094 0.62469365 2.68152206]", "nit": "20"}, "15": {"maxiter": 500, "gtol": 1e-10, "xrtol": 1e-10, "eps": 1e-10, "duration": 0.04948997497558594, "fun": "0.23854467930508294", "jac": "[ 0.00000000e+00  0.00000000e+00  0.00000000e+00 -1.11022293e-06\n  0.00000000e+00  1.11022293e-06]", "hess_inv": "[[ 4.60636932e+00 -1.01038692e+01 -5.61531348e-02  2.59507060e+00\n  -3.39979741e+00 -6.01607446e-01]\n [-1.01038692e+01  2.85655882e+01 -3.27463686e-01 -6.37568501e+00\n   8.77249205e+00  2.32255181e+00]\n [-5.61531348e-02 -3.27463686e-01  1.08179198e-01  2.36918775e-02\n  -4.57018575e-02 -7.00953962e-02]\n [ 2.59507060e+00 -6.37568501e+00  2.36918775e-02  1.62450939e+00\n  -2.07545469e+00 -5.29976959e-01]\n [-3.39979741e+00  8.77249205e+00 -4.57018575e-02 -2.07545469e+00\n   2.88342807e+00  6.84488232e-01]\n [-6.01607446e-01  2.32255181e+00 -7.00953962e-02 -5.29976959e-01\n   6.84488232e-01  3.90886904e-01]]", "nfev": "287", "njev": "41", "status": "0", "success": "True", "message": "Optimization terminated successfully.", "x": "[1.36458228 6.4813797  3.37021978 1.93834888 0.62470317 2.68152759]", "nit": "28"}, "16": {"maxiter": 1000, "gtol": 1e-05, "xrtol": 1e-05, "eps": 1e-05, "duration": 0.023405075073242188, "fun": "0.2385446795090269", "jac": "[ 9.50817203e-07  1.02171605e-06  1.03135278e-06 -6.28335162e-06\n -3.31250583e-06 -1.07580611e-06]", "hess_inv": "[[ 3.50906125  1.26747265 -0.46103072  0.51740896  0.80778713 -0.43372587]\n [ 1.26747265  4.24782067 -0.94832566  1.3446386   0.16440996 -0.764377  ]\n [-0.46103072 -0.94832566  3.45743694 -0.13413455  0.45497842  0.48019788]\n [ 0.51740896  1.3446386  -0.13413455  2.43566099 -0.61100251 -0.44467663]\n [ 0.80778713  0.16440996  0.45497842 -0.61100251  4.27678648  1.09548905]\n [-0.43372587 -0.764377    0.48019788 -0.44467663  1.09548905  3.27654319]]", "nfev": "133", "njev": "19", "status": "0", "success": "True", "message": "Optimization terminated successfully.", "x": "[1.36457149 6.48136262 3.37022167 1.93832234 0.62467659 2.68151345]", "nit": "17"}, "17": {"maxiter": 1000, "gtol": 1e-05, "xrtol": 1e-05, "eps": 1e-10, "duration": 0.023062944412231445, "fun": "0.2385446794008108", "jac": "[ 1.11022293e-06  0.00000000e+00  0.00000000e+00 -6.66133760e-06\n  0.00000000e+00 -1.11022293e-06]", "hess_inv": "[[ 3.32262328  1.06891887 -0.40776059  0.44633986  0.69982834 -0.41464236]\n [ 1.06891887  4.18703212 -0.9082812   1.4081613  -0.15111744 -0.90897362]\n [-0.40776059 -0.9082812   3.22614487 -0.16383417  0.37187443  0.53477028]\n [ 0.44633986  1.4081613  -0.16383417  2.62376879 -0.71456119 -0.48558802]\n [ 0.69982834 -0.15111744  0.37187443 -0.71456119  4.32090289  1.24782867]\n [-0.41464236 -0.90897362  0.53477028 -0.48558802  1.24782867  3.3178349 ]]", "nfev": "133", "njev": "19", "status": "0", "success": "True", "message": "Optimization terminated successfully.", "x": "[1.36458015 6.48136756 3.3702236  1.9383271  0.62469264 2.68152224]", "nit": "17"}, "18": {"maxiter": 1000, "gtol": 1e-05, "xrtol": 1e-10, "eps": 1e-05, "duration": 0.02308201789855957, "fun": "0.2385446795090269", "jac": "[ 9.50817203e-07  1.02171605e-06  1.03135278e-06 -6.28335162e-06\n -3.31250583e-06 -1.07580611e-06]", "hess_inv": "[[ 3.50906125  1.26747265 -0.46103072  0.51740896  0.80778713 -0.43372587]\n [ 1.26747265  4.24782067 -0.94832566  1.3446386   0.16440996 -0.764377  ]\n [-0.46103072 -0.94832566  3.45743694 -0.13413455  0.45497842  0.48019788]\n [ 0.51740896  1.3446386  -0.13413455  2.43566099 -0.61100251 -0.44467663]\n [ 0.80778713  0.16440996  0.45497842 -0.61100251  4.27678648  1.09548905]\n [-0.43372587 -0.764377    0.48019788 -0.44467663  1.09548905  3.27654319]]", "nfev": "133", "njev": "19", "status": "0", "success": "True", "message": "Optimization terminated successfully.", "x": "[1.36457149 6.48136262 3.37022167 1.93832234 0.62467659 2.68151345]", "nit": "17"}, "19": {"maxiter": 1000, "gtol": 1e-05, "xrtol": 1e-10, "eps": 1e-10, "duration": 0.02309393882751465, "fun": "0.2385446794008108", "jac": "[ 1.11022293e-06  0.00000000e+00  0.00000000e+00 -6.66133760e-06\n  0.00000000e+00 -1.11022293e-06]", "hess_inv": "[[ 3.32262328  1.06891887 -0.40776059  0.44633986  0.69982834 -0.41464236]\n [ 1.06891887  4.18703212 -0.9082812   1.4081613  -0.15111744 -0.90897362]\n [-0.40776059 -0.9082812   3.22614487 -0.16383417  0.37187443  0.53477028]\n [ 0.44633986  1.4081613  -0.16383417  2.62376879 -0.71456119 -0.48558802]\n [ 0.69982834 -0.15111744  0.37187443 -0.71456119  4.32090289  1.24782867]\n [-0.41464236 -0.90897362  0.53477028 -0.48558802  1.24782867  3.3178349 ]]", "nfev": "133", "njev": "19", "status": "0", "success": "True", "message": "Optimization terminated successfully.", "x": "[1.36458015 6.48136756 3.3702236  1.9383271  0.62469264 2.68152224]", "nit": "17"}, "20": {"maxiter": 1000, "gtol": 1e-10, "xrtol": 1e-05, "eps": 1e-05, "duration": 0.023083925247192383, "fun": "0.2385446795090269", "jac": "[ 9.50817203e-07  1.02171605e-06  1.03135278e-06 -6.28335162e-06\n -3.31250583e-06 -1.07580611e-06]", "hess_inv": "[[ 3.50906125  1.26747265 -0.46103072  0.51740896  0.80778713 -0.43372587]\n [ 1.26747265  4.24782067 -0.94832566  1.3446386   0.16440996 -0.764377  ]\n [-0.46103072 -0.94832566  3.45743694 -0.13413455  0.45497842  0.48019788]\n [ 0.51740896  1.3446386  -0.13413455  2.43566099 -0.61100251 -0.44467663]\n [ 0.80778713  0.16440996  0.45497842 -0.61100251  4.27678648  1.09548905]\n [-0.43372587 -0.764377    0.48019788 -0.44467663  1.09548905  3.27654319]]", "nfev": "133", "njev": "19", "status": "0", "success": "True", "message": "Optimization terminated successfully.", "x": "[1.36457149 6.48136262 3.37022167 1.93832234 0.62467659 2.68151345]", "nit": "17"}, "21": {"maxiter": 1000, "gtol": 1e-10, "xrtol": 1e-05, "eps": 1e-10, "duration": 0.024312257766723633, "fun": "0.23854467932430812", "jac": "[ 1.11022293e-06  1.11022293e-06  1.11022293e-06 -1.11022293e-06\n -3.33066880e-06 -1.11022293e-06]", "hess_inv": "[[ 3.34873675  1.04034562 -0.42493394  0.29093465  0.68083411 -0.46403232]\n [ 1.04034562  3.85864967 -0.839588    1.00224492  0.17499752 -0.77474106]\n [-0.42493394 -0.839588    3.23051472  0.01828332  0.34200013  0.5561246 ]\n [ 0.29093465  1.00224492  0.01828332  2.62623248 -0.11254779 -0.06323947]\n [ 0.68083411  0.17499752  0.34200013 -0.11254779  4.07549985  1.21567403]\n [-0.46403232 -0.77474106  0.5561246  -0.06323947  1.21567403  3.39336913]]", "nfev": "140", "njev": "20", "status": "0", "success": "True", "message": "Optimization terminated successfully.", "x": "[1.36457785 6.48137222 3.37022481 1.9383442  0.62469248 2.6815261 ]", "nit": "18"}, "22": {"maxiter": 1000, "gtol": 1e-10, "xrtol": 1e-10, "eps": 1e-05, "duration": 0.040635108947753906, "fun": "0.2385446793411492", "jac": "[-1.07691633e-09 -3.18634008e-09  1.07691633e-09  2.58681965e-09\n  3.38618023e-09  1.77635684e-10]", "hess_inv": "[[ 3.5126897   1.29557666 -0.46888968  0.59673742  0.89874843 -0.37912928]\n [ 1.29557666  4.36331757 -0.99274291  1.59868753  0.40476364 -0.62589708]\n [-0.46888968 -0.99274291  3.47737187 -0.20982072  0.38107099  0.4324165 ]\n [ 0.59673742  1.59868753 -0.20982072  3.15993657  0.07178844 -0.08506964]\n [ 0.89874843  0.40476364  0.38107099  0.07178844  4.86884396  1.38672333]\n [-0.37912928 -0.62589708  0.4324165  -0.08506964  1.38672333  3.41593122]]", "nfev": "235", "njev": "32", "status": "2", "success": "False", "message": "Desired error not necessarily achieved due to precision loss.", "x": "[1.36457366 6.48136874 3.37021999 1.93834094 0.62469365 2.68152206]", "nit": "20"}, "23": {"maxiter": 1000, "gtol": 1e-10, "xrtol": 1e-10, "eps": 1e-10, "duration": 0.04950904846191406, "fun": "0.23854467930508294", "jac": "[ 0.00000000e+00  0.00000000e+00  0.00000000e+00 -1.11022293e-06\n  0.00000000e+00  1.11022293e-06]", "hess_inv": "[[ 4.60636932e+00 -1.01038692e+01 -5.61531348e-02  2.59507060e+00\n  -3.39979741e+00 -6.01607446e-01]\n [-1.01038692e+01  2.85655882e+01 -3.27463686e-01 -6.37568501e+00\n   8.77249205e+00  2.32255181e+00]\n [-5.61531348e-02 -3.27463686e-01  1.08179198e-01  2.36918775e-02\n  -4.57018575e-02 -7.00953962e-02]\n [ 2.59507060e+00 -6.37568501e+00  2.36918775e-02  1.62450939e+00\n  -2.07545469e+00 -5.29976959e-01]\n [-3.39979741e+00  8.77249205e+00 -4.57018575e-02 -2.07545469e+00\n   2.88342807e+00  6.84488232e-01]\n [-6.01607446e-01  2.32255181e+00 -7.00953962e-02 -5.29976959e-01\n   6.84488232e-01  3.90886904e-01]]", "nfev": "287", "njev": "41", "status": "0", "success": "True", "message": "Optimization terminated successfully.", "x": "[1.36458228 6.4813797  3.37021978 1.93834888 0.62470317 2.68152759]", "nit": "28"}}, "cobyla": {"0": {"maxiter": 100, "tol": 1e-05, "catol": 1e-05, "duration": 0.016572237014770508, "x": "[1.36473274 6.48147152 3.37022126 1.93834951 0.6248278  2.68149567]", "status": "2", "success": "False", "message": "Maximum number of function evaluations has been exceeded.", "nfev": "100", "fun": "0.23854468367736592", "maxcv": "0.0"}, "1": {"maxiter": 100, "tol": 1e-05, "catol": 1e-10, "duration": 0.01651477813720703, "x": "[1.36473274 6.48147152 3.37022126 1.93834951 0.6248278  2.68149567]", "status": "2", "success": "False", "message": "Maximum number of function evaluations has been exceeded.", "nfev": "100", "fun": "0.23854468367736592", "maxcv": "0.0"}, "2": {"maxiter": 100, "tol": 1e-10, "catol": 1e-05, "duration": 0.016534805297851562, "x": "[1.36473274 6.48147152 3.37022126 1.93834951 0.6248278  2.68149567]", "status": "2", "success": "False", "message": "Maximum number of function evaluations has been exceeded.", "nfev": "100", "fun": "0.23854468367736592", "maxcv": "0.0"}, "3": {"maxiter": 100, "tol": 1e-10, "catol": 1e-10, "duration": 0.01653599739074707, "x": "[1.36473274 6.48147152 3.37022126 1.93834951 0.6248278  2.68149567]", "status": "2", "success": "False", "message": "Maximum number of function evaluations has been exceeded.", "nfev": "100", "fun": "0.23854468367736592", "maxcv": "0.0"}, "4": {"maxiter": 500, "tol": 1e-05, "catol": 1e-05, "duration": 0.021187782287597656, "x": "[1.36457433 6.48138301 3.37022281 1.93834383 0.62470841 2.68154015]", "status": "1", "success": "True", "message": "Optimization terminated successfully.", "nfev": "128", "fun": "0.23854467934590862", "maxcv": "0.0"}, "5": {"maxiter": 500, "tol": 1e-05, "catol": 1e-10, "duration": 0.021142005920410156, "x": "[1.36457433 6.48138301 3.37022281 1.93834383 0.62470841 2.68154015]", "status": "1", "success": "True", "message": "Optimization terminated successfully.", "nfev": "128", "fun": "0.23854467934590862", "maxcv": "0.0"}, "6": {"maxiter": 500, "tol": 1e-10, "catol": 1e-05, "duration": 0.036398887634277344, "x": "[1.36458293 6.48137881 3.37022412 1.93834994 0.62470555 2.68152873]", "status": "1", "success": "True", "message": "Optimization terminated successfully.", "nfev": "221", "fun": "0.23854467930172274", "maxcv": "0.0"}, "7": {"maxiter": 500, "tol": 1e-10, "catol": 1e-10, "duration": 0.