{"date": "2024/07/19/, 16:39:05", "conf_id": 246, "data_type": "var_s_rank\n", "num_data_points": 1, "s_rank": 0, "unitary": "[[-0.56303964-0.00798273j,-0.21670212-0.15784972j,-0.06047197-0.73952673j,-0.01438004+0.24552571j],[-0.06976756+0.23474685j,-0.01275565-0.5435098j,-0.02703657-0.08917885j,-0.08210486-0.79311774j],[-0.38559961+0.10714929j,0.5933431-0.2687392j,-0.24060861+0.29149289j,-0.45147719+0.26241743j],[-0.50180421+0.45931857j,-0.11617175+0.44134496j,0.49642745+0.22684508j,-0.08544628-0.15407063j]]", "databatch_0": {"databatch": "[[[-0.05563135-0.15687551j,0.0243513+0.26311928j,-0.08316343+0.04278638j,0.02531983-0.02546964j],[0.01267293+0.12403161j,0.02158763-0.06328978j,0.05155849+0.04804808j,-0.06798359-0.0312952j],[-0.07138346+0.3936364j,0.13747282-0.27563109j,0.13305547+0.14640427j,-0.15071312-0.11964771j],[-0.20875832+0.10392809j,-0.14618111+0.41547402j,-0.22442991+0.30165208j,-0.05264537-0.37183639j]]]", "initial param values": "[5.69360717,2.4795194,0.4087055,3.79793116,1.23118304,6.25078276]", "nelder_mead": {"type": "gradient-free", "0": {"maxiter": 100, "fatol": 1e-05, "xatol": 1e-05, "duration": 0.026920318603515625, "fun": "0.3364003862929036", "nit": "100", "nfev": "157", "status": "2", "success": "False", "message": "Maximum number of iterations has been exceeded.", "x": "[0.72627601 2.93339851 0.38948343 7.15820206 1.6867403  2.37303096]", "final_simplex": "(array([[0.72627601, 2.93339851, 0.38948343, 7.15820206, 1.6867403 ,\n        2.37303096],\n       [0.72937231, 2.86617453, 0.41114818, 7.13827167, 1.70403103,\n        2.30131306],\n       [0.65276426, 2.89903782, 0.41594097, 7.01974341, 1.72929779,\n        2.25842372],\n       [0.73781946, 2.92943242, 0.41266312, 7.08863331, 1.6964088 ,\n        2.33532596],\n       [0.65939736, 2.9073965 , 0.41673423, 7.15495927, 1.68047552,\n        2.32251765],\n       [0.70413644, 2.82218574, 0.41596842, 7.08570891, 1.70854142,\n        2.41146485],\n       [0.53183664, 2.85954816, 0.43057568, 7.12127561, 1.72358227,\n        2.26759498]]), array([0.33640039, 0.33821593, 0.33830204, 0.33851376, 0.33873846,\n       0.34178481, 0.3422527 ]))"}, "1": {"maxiter": 100, "fatol": 1e-05, "xatol": 1e-10, "duration": 0.026818037033081055, "fun": "0.3364003862929036", "nit": "100", "nfev": "157", "status": "2", "success": "False", "message": "Maximum number of iterations has been exceeded.", "x": "[0.72627601 2.93339851 0.38948343 7.15820206 1.6867403  2.37303096]", "final_simplex": "(array([[0.72627601, 2.93339851, 0.38948343, 7.15820206, 1.6867403 ,\n        2.37303096],\n       [0.72937231, 2.86617453, 0.41114818, 7.13827167, 1.70403103,\n        2.30131306],\n       [0.65276426, 2.89903782, 0.41594097, 7.01974341, 1.72929779,\n        2.25842372],\n       [0.73781946, 2.92943242, 0.41266312, 7.08863331, 1.6964088 ,\n        2.33532596],\n       [0.65939736, 2.9073965 , 0.41673423, 7.15495927, 1.68047552,\n        2.32251765],\n       [0.70413644, 2.82218574, 0.41596842, 7.08570891, 1.70854142,\n        2.41146485],\n       [0.53183664, 2.85954816, 0.43057568, 7.12127561, 1.72358227,\n        2.26759498]]), array([0.33640039, 0.33821593, 0.33830204, 0.33851376, 0.33873846,\n       0.34178481, 0.3422527 ]))"}, "2": {"maxiter": 100, "fatol": 1e-10, "xatol": 1e-05, "duration": 0.026760101318359375, "fun": "0.3364003862929036", "nit": "100", "nfev": "157", "status": "2", "success": "False", "message": "Maximum number of iterations has been exceeded.", "x": "[0.72627601 2.93339851 0.38948343 7.15820206 1.6867403  2.37303096]", "final_simplex": "(array([[0.72627601, 2.93339851, 0.38948343, 7.15820206, 1.6867403 ,\n        2.37303096],\n       [0.72937231, 2.86617453, 0.41114818, 7.13827167, 1.70403103,\n        2.30131306],\n       [0.65276426, 2.89903782, 0.41594097, 7.01974341, 1.72929779,\n        2.25842372],\n       [0.73781946, 2.92943242, 0.41266312, 7.08863331, 1.6964088 ,\n        2.33532596],\n       [0.65939736, 2.9073965 , 0.41673423, 7.15495927, 1.68047552,\n        2.32251765],\n       [0.70413644, 2.82218574, 0.41596842, 7.08570891, 1.70854142,\n        2.41146485],\n       [0.53183664, 2.85954816, 0.43057568, 7.12127561, 1.72358227,\n        2.26759498]]), array([0.33640039, 0.33821593, 0.33830204, 0.33851376, 0.33873846,\n       0.34178481, 0.3422527 ]))"}, "3": {"maxiter": 100, "fatol": 1e-10, "xatol": 1e-10, "duration": 0.026774168014526367, "fun": "0.3364003862929036", "nit": "100", "nfev": "157", "status": "2", "success": "False", "message": "Maximum number of iterations has been exceeded.", "x": "[0.72627601 2.93339851 0.38948343 7.15820206 1.6867403  2.37303096]", "final_simplex": "(array([[0.72627601, 2.93339851, 0.38948343, 7.15820206, 1.6867403 ,\n        2.37303096],\n       [0.72937231, 2.86617453, 0.41114818, 7.13827167, 1.70403103,\n        2.30131306],\n       [0.65276426, 2.89903782, 0.41594097, 7.01974341, 1.72929779,\n        2.25842372],\n       [0.73781946, 2.92943242, 0.41266312, 7.08863331, 1.6964088 ,\n        2.33532596],\n       [0.65939736, 2.9073965 , 0.41673423, 7.15495927, 1.68047552,\n        2.32251765],\n       [0.70413644, 2.82218574, 0.41596842, 7.08570891, 1.70854142,\n        2.41146485],\n       [0.53183664, 2.85954816, 0.43057568, 7.12127561, 1.72358227,\n        2.26759498]]), array([0.33640039, 0.33821593, 0.33830204, 0.33851376, 0.33873846,\n       0.34178481, 0.3422527 ]))"}, "4": {"maxiter": 500, "fatol": 1e-05, "xatol": 1e-05, "duration": 0.10783672332763672, "fun": "0.12781327546832788", "nit": "404", "nfev": "634", "status": "0", "success": "True", "message": "Optimization terminated successfully.", "x": "[ 1.39964069  4.80964603 -0.79742047  8.08094895  1.87830688  1.27733339]", "final_simplex": "(array([[ 1.39964069,  4.80964603, -0.79742047,  8.08094895,  1.87830688,\n         1.27733339],\n       [ 1.39964126,  4.80964366, -0.79742198,  8.08095238,  1.87830905,\n         1.27733838],\n       [ 1.39963662,  4.80965109, -0.79741932,  8.08095   ,  1.87830962,\n         1.27732886],\n       [ 1.39963943,  4.80964888, -0.79741689,  8.08095575,  1.87830978,\n         1.27732682],\n       [ 1.39963978,  4.80964576, -0.79741482,  8.08094975,  1.87831134,\n         1.27733237],\n       [ 1.39963573,  4.80964627, -0.79741401,  8.08095175,  1.87830858,\n         1.27733084],\n       [ 1.39963705,  4.80963726, -0.79742103,  8.08094511,  1.87831139,\n         1.27733918]]), array([0.12781328, 0.12781328, 0.12781328, 0.12781328, 0.12781328,\n       0.12781328, 0.12781328]))"}, "5": {"maxiter": 500, "fatol": 1e-05, "xatol": 1e-10, "duration": 0.136016845703125, "fun": "0.12781327546575827", "nit": "500", "nfev": "799", "status": "2", "success": "False", "message": "Maximum number of iterations has been exceeded.", "x": "[ 1.39964042  4.80964881 -0.79742077  8.08095269  1.8783054   1.27733147]", "final_simplex": "(array([[ 1.39964042,  4.80964881, -0.79742077,  8.08095269,  1.8783054 ,\n         1.27733147],\n       [ 1.39964041,  4.80964879, -0.79742077,  8.08095267,  1.8783054 ,\n         1.27733148],\n       [ 1.39964042,  4.8096488 , -0.79742076,  8.08095269,  1.87830541,\n         1.27733148],\n       [ 1.39964042,  4.80964884, -0.79742076,  8.0809527 ,  1.8783054 ,\n         1.27733146],\n       [ 1.39964043,  4.80964882, -0.79742076,  8.08095269,  1.8783054 ,\n         1.27733147],\n       [ 1.39964043,  4.80964881, -0.79742077,  8.08095269,  1.87830541,\n         1.27733149],\n       [ 1.39964042,  4.80964881, -0.79742076,  8.08095269,  1.87830541,\n         1.27733147]]), array([0.12781328, 0.12781328, 0.12781328, 0.12781328, 0.12781328,\n       0.12781328, 0.12781328]))"}, "6": {"maxiter": 500, "fatol": 1e-10, "xatol": 1e-05, "duration": 0.10712909698486328, "fun": "0.12781327546832788", "nit": "404", "nfev": "634", "status": "0", "success": "True", "message": "Optimization terminated successfully.", "x": "[ 1.39964069  4.80964603 -0.79742047  8.08094895  1.87830688  1.27733339]", "final_simplex": "(array([[ 1.39964069,  4.80964603, -0.79742047,  8.08094895,  1.87830688,\n         1.27733339],\n       [ 1.39964126,  4.80964366, -0.79742198,  8.08095238,  1.87830905,\n         1.27733838],\n       [ 1.39963662,  4.80965109, -0.79741932,  8.08095   ,  1.87830962,\n         1.27732886],\n       [ 1.39963943,  4.80964888, -0.79741689,  8.08095575,  1.87830978,\n         1.27732682],\n       [ 1.39963978,  4.80964576, -0.79741482,  8.08094975,  1.87831134,\n         1.27733237],\n       [ 1.39963573,  4.80964627, -0.79741401,  8.08095175,  1.87830858,\n         1.27733084],\n       [ 1.39963705,  4.80963726, -0.79742103,  8.08094511,  1.87831139,\n         1.27733918]]), array([0.12781328, 0.12781328, 0.12781328, 0.12781328, 0.12781328,\n       0.12781328, 0.12781328]))"}, "7": {"maxiter": 500, "fatol": 1e-10, "xatol": 1e-10, "duration": 0.13317394256591797, "fun": "0.12781327546575827", "nit": "500", "nfev": "799", "status": "2", "success": "False", "message": "Maximum number of iterations has been exceeded.", "x": "[ 1.39964042  4.80964881 -0.79742077  8.08095269  1.8783054   1.27733147]", "final_simplex": "(array([[ 1.39964042,  4.80964881, -0.79742077,  8.08095269,  1.8783054 ,\n         1.27733147],\n       [ 1.39964041,  4.80964879, -0.79742077,  8.08095267,  1.8783054 ,\n         1.27733148],\n       [ 1.39964042,  4.8096488 , -0.79742076,  8.08095269,  1.87830541,\n         1.27733148],\n       [ 1.39964042,  4.80964884, -0.79742076,  8.0809527 ,  1.8783054 ,\n         1.27733146],\n       [ 1.39964043,  4.80964882, -0.79742076,  8.08095269,  1.8783054 ,\n         1.27733147],\n       [ 1.39964043,  4.80964881, -0.79742077,  8.08095269,  1.87830541,\n         1.27733149],\n       [ 1.39964042,  4.80964881, -0.79742076,  8.08095269,  1.87830541,\n         1.27733147]]), array([0.12781328, 0.12781328, 0.12781328, 0.12781328, 0.12781328,\n       0.12781328, 0.12781328]))"}, "8": {"maxiter": 1000, "fatol": 1e-05, "xatol": 1e-05, "duration": 0.10579109191894531, "fun": "0.12781327546832788", "nit": "404", "nfev": "634", "status": "0", "success": "True", "message": "Optimization terminated successfully.", "x": "[ 1.39964069  4.80964603 -0.79742047  8.08094895  1.87830688  1.27733339]", "final_simplex": "(array([[ 1.39964069,  4.80964603, -0.79742047,  8.08094895,  1.87830688,\n         1.27733339],\n       [ 1.39964126,  4.80964366, -0.79742198,  8.08095238,  1.87830905,\n         1.27733838],\n       [ 1.39963662,  4.80965109, -0.79741932,  8.08095   ,  1.87830962,\n         1.27732886],\n       [ 1.39963943,  4.80964888, -0.79741689,  8.08095575,  1.87830978,\n         1.27732682],\n       [ 1.39963978,  4.80964576, -0.79741482,  8.08094975,  1.87831134,\n         1.27733237],\n       [ 1.39963573,  4.80964627, -0.79741401,  8.08095175,  1.87830858,\n         1.27733084],\n       [ 1.39963705,  4.80963726, -0.79742103,  8.08094511,  1.87831139,\n         1.27733918]]), array([0.12781328, 0.12781328, 0.12781328, 0.12781328, 0.12781328,\n       0.12781328, 0.12781328]))"}, "9": {"maxiter": 1000, "fatol": 1e-05, "xatol": 1e-10, "duration": 0.14819908142089844, "fun": "0.12781327546575816", "nit": "529", "nfev": "889", "status": "0", "success": "True", "message": "Optimization terminated successfully.", "x": "[ 1.39964042  4.80964881 -0.79742077  8.08095268  1.8783054   1.27733147]", "final_simplex": "(array([[ 1.39964042,  4.80964881, -0.79742077,  8.08095268,  1.8783054 ,\n         1.27733147],\n       [ 1.39964042,  4.80964881, -0.79742077,  8.08095268,  1.8783054 ,\n         1.27733147],\n       [ 1.39964042,  4.80964881, -0.79742077,  8.08095268,  1.8783054 ,\n         1.27733147],\n       [ 1.39964042,  4.80964881, -0.79742077,  8.08095268,  1.8783054 ,\n         1.27733147],\n       [ 1.39964042,  4.80964881, -0.79742077,  8.08095268,  1.8783054 ,\n         1.27733147],\n       [ 1.39964042,  4.80964881, -0.79742077,  8.08095268,  1.8783054 ,\n         1.27733147],\n       [ 1.39964042,  4.80964881, -0.79742077,  8.08095268,  1.8783054 ,\n         1.27733147]]), array([0.12781328, 0.12781328, 0.12781328, 0.12781328, 0.12781328,\n       0.12781328, 0.12781328]))"}, "10": {"maxiter": 1000, "fatol": 1e-10, "xatol": 1e-05, "duration": 0.10598397254943848, "fun": "0.12781327546832788", "nit": "404", "nfev": "634", "status": "0", "success": "True", "message": "Optimization terminated successfully.", "x": "[ 1.39964069  4.80964603 -0.79742047  8.08094895  1.87830688  1.27733339]", "final_simplex": "(array([[ 1.39964069,  4.80964603, -0.79742047,  8.08094895,  1.87830688,\n         1.27733339],\n       [ 1.39964126,  4.80964366, -0.79742198,  8.08095238,  1.87830905,\n         1.27733838],\n       [ 1.39963662,  4.80965109, -0.79741932,  8.08095   ,  1.87830962,\n         1.27732886],\n       [ 1.39963943,  4.80964888, -0.79741689,  8.08095575,  1.87830978,\n         1.27732682],\n       [ 1.39963978,  4.80964576, -0.79741482,  8.08094975,  1.87831134,\n         1.27733237],\n       [ 1.39963573,  4.80964627, -0.79741401,  8.08095175,  1.87830858,\n         1.27733084],\n       [ 1.39963705,  4.80963726, -0.79742103,  8.08094511,  1.87831139,\n         1.27733918]]), array([0.12781328, 0.12781328, 0.12781328, 0.12781328, 0.12781328,\n       0.12781328, 0.12781328]))"}, "11": {"maxiter": 1000, "fatol": 1e-10, "xatol": 1e-10, "duration": 0.14767003059387207, "fun": "0.12781327546575816", "nit": "529", "nfev": "889", "status": "0", "success": "True", "message": "Optimization terminated successfully.", "x": "[ 1.39964042  4.80964881 -0.79742077  8.08095268  1.8783054   1.27733147]", "final_simplex": "(array([[ 1.39964042,  4.80964881, -0.79742077,  8.08095268,  1.8783054 ,\n         1.27733147],\n       [ 1.39964042,  4.80964881, -0.79742077,  8.08095268,  1.8783054 ,\n         1.27733147],\n       [ 1.39964042,  4.80964881, -0.79742077,  8.08095268,  1.8783054 ,\n         1.27733147],\n       [ 1.39964042,  4.80964881, -0.79742077,  8.08095268,  1.8783054 ,\n         1.27733147],\n       [ 1.39964042,  4.80964881, -0.79742077,  8.08095268,  1.8783054 ,\n         1.27733147],\n       [ 1.39964042,  4.80964881, -0.79742077,  8.08095268,  1.8783054 ,\n         1.27733147],\n       [ 1.39964042,  4.80964881, -0.79742077,  8.08095268,  1.8783054 ,\n         1.27733147]]), array([0.12781328, 0.12781328, 0.12781328, 0.12781328, 0.12781328,\n       0.12781328, 0.12781328]))"}}, "bfgs": {"type": "gradient", "0": {"maxiter": 100, "gtol": 1e-05, "xrtol": 1e-05, "eps": 1e-05, "duration": 0.03853321075439453, "fun": "0.12781327551282273", "jac": "[-5.66624525e-07 -1.38472567e-06  1.82738269e-06 -1.09892095e-06\n  1.77078352e-06 -8.84847751e-07]", "hess_inv": "[[ 3.1628246  -1.66828432 -0.3784512  -2.02036013  0.21818817  1.28214081]\n [-1.66828432  8.42834417  1.47523386  4.1230385  -1.0239401  -6.76915068]\n [-0.3784512   1.47523386  4.57311132  1.78636286  1.02727726 -2.2245318 ]\n [-2.02036013  4.1230385   1.78636286  4.9937944  -0.16670804 -3.56670471]\n [ 0.21818817 -1.0239401   1.02727726 -0.16670804  3.29009679  1.08354611]\n [ 1.28214081 -6.76915068 -2.2245318  -3.56670471  1.08354611  8.09896023]]", "nfev": "224", "njev": "32", "status": "0", "success": "True", "message": "Optimization terminated successfully.", "x": "[4.8835449  1.66803712 2.34417098 1.79775241 1.87830683 7.56052415]", "nit": "27"}, "1": {"maxiter": 100, "gtol": 1e-05, "xrtol": 1e-05, "eps": 1e-10, "duration": 0.038591861724853516, "fun": "0.12781327548013777", "jac": "[2.22044587e-06 5.55111466e-06 3.33066880e-06 5.55111466e-06\n 2.22044587e-06 6.66133760e-06]", "hess_inv": "[[ 3.16108802 -1.65018851 -0.36540363 -1.9983924   0.23783948  1.27205399]\n [-1.65018851  8.1957592   1.5404076   4.04411343 -1.06274535 -6.60460765]\n [-0.36540363  1.5404076   4.58556785  1.74638014  1.11499144 -2.31735767]\n [-1.9983924   4.04411343  1.74638014  4.95163535 -0.23754549 -3.49384343]\n [ 0.23783948 -1.06274535  1.11499144 -0.23754549  3.41755429  1.03271428]\n [ 1.27205399 -6.60460765 -2.31735767 -3.49384343  1.03271428  8.02824169]]", "nfev": "224", "njev": "32", "status": "0", "success": "True", "message": "Optimization terminated successfully.", "x": "[4.88354397 1.66805881 2.34417732 1.7977713  1.87831234 7.56051949]", "nit": "27"}, "2": {"maxiter": 100, "gtol": 1e-05, "xrtol": 1e-10, "eps": 1e-05, "duration": 0.038957834243774414, "fun": "0.12781327551282273", "jac": "[-5.66624525e-07 -1.38472567e-06  1.82738269e-06 -1.09892095e-06\n  1.77078352e-06 -8.84847751e-07]", "hess_inv": "[[ 3.1628246  -1.66828432 -0.3784512  -2.02036013  0.21818817  1.28214081]\n [-1.66828432  8.42834417  1.47523386  4.1230385  -1.0239401  -6.76915068]\n [-0.3784512   1.47523386  4.57311132  1.78636286  1.02727726 -2.2245318 ]\n [-2.02036013  4.1230385   1.78636286  4.9937944  -0.16670804 -3.56670471]\n [ 0.21818817 -1.0239401   1.02727726 -0.16670804  3.29009679  1.08354611]\n [ 1.28214081 -6.76915068 -2.2245318  -3.56670471  1.08354611  8.09896023]]", "nfev": "224", "njev": "32", "status": "0", "success": "True", "message": "Optimization terminated successfully.", "x": "[4.8835449  1.66803712 2.34417098 1.79775241 1.87830683 7.56052415]", "nit": "27"}, "3": {"maxiter": 100, "gtol": 1e-05, "xrtol": 1e-10, "eps": 1e-10, "duration": 0.03897428512573242, "fun": "0.12781327548013777", "jac": "[2.22044587e-06 5.55111466e-06 3.33066880e-06 5.55111466e-06\n 2.22044587e-06 6.66133760e-06]", "hess_inv": "[[ 3.16108802 -1.65018851 -0.36540363 -1.9983924   0.23783948  1.27205399]\n [-1.65018851  8.1957592   1.5404076   4.04411343 -1.06274535 -6.60460765]\n [-0.36540363  1.5404076   4.58556785  1.74638014  1.11499144 -2.31735767]\n [-1.9983924   4.04411343  1.74638014  4.95163535 -0.23754549 -3.49384343]\n [ 0.23783948 -1.06274535  1.11499144 -0.23754549  3.41755429  1.03271428]\n [ 1.27205399 -6.60460765 -2.31735767 -3.49384343  1.03271428  8.02824169]]", "nfev": "224", "njev": "32", "status": "0", "success": "True", "message": "Optimization terminated successfully.", "x": "[4.88354397 1.66805881 2.34417732 1.7977713  1.87831234 7.56051949]", "nit": "27"}, "4": {"maxiter": 100, "gtol": 1e-10, "xrtol": 1e-05, "eps": 1e-05, "duration": 0.040244102478027344, "fun": "0.12781327549919985", "jac": "[-8.81517082e-09 -1.50202073e-07  2.63200572e-07  5.30686606e-09\n  4.61408689e-08  5.56443780e-08]", "hess_inv": "[[ 3.16057615 -1.65169709 -0.37832421 -2.02357225  0.23152065  1.25729312]\n [-1.65169709  8.30743821  1.48459857  4.13966584 -1.10283103 -6.59941042]\n [-0.37832421  1.48459857  4.64574722  1.73669598  1.16378496 -2.31878671]\n [-2.02357225  4.13966584  1.73669598  5.02341193 -0.24185089 -3.53656031]\n [ 0.23152065 -1.10283103  1.16378496 -0.24185089  3.47039747  1.0501349 ]\n [ 1.25729312 -6.59941042 -2.31878671 -3.53656031  1.0501349   7.95033362]]", "nfev": "231", "njev": "33", "status": "0", "success": "True", "message": "Optimization terminated successfully.", "x": "[4.88354357 1.66804563 2.34416213 1.79775664 1.87829783 7.56052125]", "nit": "28"}, "5": {"maxiter": 100, "gtol": 1e-10, "xrtol": 1e-05, "eps": 1e-10, "duration": 0.04129171371459961, "fun": "0.127813275468447", "jac": "[ 0.00000000e+00 -2.22044587e-06 -1.11022293e-06 -1.11022293e-06\n -1.11022293e-06 -3.33066880e-06]", "hess_inv": "[[ 3.16757369 -1.68744018 -0.40923614 -1.98897483  0.15657975  1.34781882]\n [-1.68744018  8.3966518   1.76508955  4.04616593 -0.68601506 -6.94709174]\n [-0.40923614  1.76508955  4.82570045  1.79905734  1.47770329 -2.63736951]\n [-1.98897483  4.04616593  1.79905734  4.72412337  0.03108842 -3.78199158]\n [ 0.15657975 -0.68601506  1.47770329  0.03108842  3.81589413  0.72171207]\n [ 1.34781882 -6.94709174 -2.63736951 -3.78199158  0.72171207  8.25601005]]", "nfev": "238", "njev": "34", "status": "0", "success": "True", "message": "Optimization terminated successfully.", "x": "[4.88354561 1.66805171 2.34417105 1.79776367 1.87830781 7.56052214]", "nit": "28"}, "6": {"maxiter": 100, "gtol": 1e-10, "xrtol": 1e-10, "eps": 1e-05, "duration": 0.06705999374389648, "fun": "0.12781327549919985", "jac": "[-8.81517082e-09 -1.50202073e-07  2.63200572e-07  5.30686606e-09\n  4.61408689e-08  5.56443780e-08]", "hess_inv": "[[ 3.1690798  -1.70678854 -0.33237136 -2.04167362  0.26968284  1.28961012]\n [-1.70678854  8.66432512  1.18628451  4.25744258 -1.3511639  -6.80800954]\n [-0.33237136  1.18628451  4.88032895  1.65035928  1.34512183 -2.12670376]\n [-2.04167362  4.25744258  1.65035928  5.0523517  -0.302293   -3.61992657]\n [ 0.26968284 -1.3511639   1.34512183 -0.302293    3.59658865  1.22675813]\n [ 1.28961012 -6.80800954 -2.12670376 -3.61992657  1.22675813  8.05100484]]", "nfev": "389", "njev": "54", "status": "2", "success": "False", "message": "Desired error not necessarily achieved due to precision loss.", "x": "[4.88354357 1.66804563 2.34416213 1.79775664 1.87829783 7.56052125]", "nit": "28"}, "7": {"maxiter": 100, "gtol": 1e-10, "xrtol": 1e-10, "eps": 1e-10, "duration": 0.0715939998626709, "fun": "0.12781327546844679", "jac": "[-1.11022293e-06  1.11022293e-06  2.22044587e-06  0.00000000e+00\n  2.22044587e-06  1.11022293e-06]", "hess_inv": "[[ 3.0916638  -1.44708328 -0.15451008 -1.69790433  0.39315064  1.3436082 ]\n [-1.44708328  7.7374131   0.99917711  3.1957706  -1.46678088 -7.07104264]\n [-0.15451008  0.99917711  3.9871525   0.85076279  0.67120415 -2.67803546]\n [-1.69790433  3.1957706   0.85076279  3.65787552 -0.89820346 -3.86189645]\n [ 0.39315064 -1.46678088  0.67120415 -0.89820346  3.08849848  0.77757877]\n [ 1.3436082  -7.07104264 -2.67803546 -3.86189645  0.77757877  8.44088504]]", "nfev": "416", "njev": "58", "status": "0", "success": "True", "message": "Optimization terminated successfully.", "x": "[4.88354561 1.66805171 2.34417105 1.79776367 1.87830781 7.56052214]", "nit": "29"}, "8": {"maxiter": 500, "gtol": 1e-05, "xrtol": 1e-05, "eps": 1e-05, "duration": 0.03849506378173828, "fun": "0.12781327551282273", "jac": "[-5.66624525e-07 -1.38472567e-06  1.82738269e-06 -1.09892095e-06\n  1.77078352e-06 -8.84847751e-07]", "hess_inv": "[[ 3.1628246  -1.66828432 -0.3784512  -2.02036013  0.21818817  1.28214081]\n [-1.66828432  8.42834417  1.47523386  4.1230385  -1.0239401  -6.76915068]\n [-0.3784512   1.47523386  4.57311132  1.78636286  1.02727726 -2.2245318 ]\n [-2.02036013  4.1230385   1.78636286  4.9937944  -0.16670804 -3.56670471]\n [ 0.21818817 -1.0239401   1.02727726 -0.16670804  3.29009679  1.08354611]\n [ 1.28214081 -6.76915068 -2.2245318  -3.56670471  1.08354611  8.09896023]]", "nfev": "224", "njev": "32", "status": "0", "success": "True", "message": "Optimization terminated successfully.", "x": "[4.8835449  1.66803712 2.34417098 1.79775241 1.87830683 7.56052415]", "nit": "27"}, "9": {"maxiter": 500, "gtol": 1e-05, "xrtol": 1e-05, "eps": 1e-10, "duration": 0.0384368896484375, "fun": "0.12781327548013777", "jac": "[2.22044587e-06 5.55111466e-06 3.33066880e-06 5.55111466e-06\n 2.22044587e-06 6.66133760e-06]", "hess_inv": "[[ 3.16108802 -1.65018851 -0.36540363 -1.9983924   0.23783948  1.27205399]\n [-1.65018851  8.1957592   1.5404076   4.04411343 -1.06274535 -6.60460765]\n [-0.36540363  1.5404076   4.58556785  1.74638014  1.11499144 -2.31735767]\n [-1.9983924   4.04411343  1.74638014  4.95163535 -0.23754549 -3.49384343]\n [ 0.23783948 -1.06274535  1.11499144 -0.23754549  3.41755429  1.03271428]\n [ 1.27205399 -6.60460765 -2.31735767 -3.49384343  1.03271428  8.02824169]]", "nfev": "224", "njev": "32", "status": "0", "success": "True", "message": "Optimization terminated successfully.", "x": "[4.88354397 1.66805881 2.34417732 1.7977713  1.87831234 7.56051949]", "nit": "27"}, "10": {"maxiter": 500, "gtol": 1e-05, "xrtol": 1e-10, "eps": 1e-05, "duration": 0.038378000259399414, "fun": "0.12781327551282273", "jac": "[-5.66624525e-07 -1.38472567e-06  1.82738269e-06 -1.09892095e-06\n  1.77078352e-06 -8.84847751e-07]", "hess_inv": "[[ 3.1628246  -1.66828432 -0.3784512  -2.02036013  0.21818817  1.28214081]\n [-1.66828432  8.42834417  1.47523386  4.1230385  -1.0239401  -6.76915068]\n [-0.3784512   1.47523386  4.57311132  1.78636286  1.02727726 -2.2245318 ]\n [-2.02036013  4.1230385   1.78636286  4.9937944  -0.16670804 -3.56670471]\n [ 0.21818817 -1.0239401   1.02727726 -0.16670804  3.29009679  1.08354611]\n [ 1.28214081 -6.76915068 -2.2245318  -3.56670471  1.08354611  8.09896023]]", "nfev": "224", "njev": "32", "status": "0", "success": "True", "message": "Optimization terminated successfully.", "x": "[4.8835449  1.66803712 2.34417098 1.79775241 1.87830683 7.56052415]", "nit": "27"}, "11": {"maxiter": 500, "gtol": 1e-05, "xrtol": 1e-10, "eps": 1e-10, "duration": 0.03843402862548828, "fun": "0.12781327548013777", "jac": "[2.22044587e-06 5.55111466e-06 3.33066880e-06 5.55111466e-06\n 2.22044587e-06 6.66133760e-06]", "hess_inv": "[[ 3.16108802 -1.65018851 -0.36540363 -1.9983924   0.23783948  1.27205399]\n [-1.65018851  8.1957592   1.5404076   4.04411343 -1.06274535 -6.60460765]\n [-0.36540363  1.5404076   4.58556785  1.74638014  1.11499144 -2.31735767]\n [-1.9983924   4.04411343  1.74638014  4.95163535 -0.23754549 -3.49384343]\n [ 0.23783948 -1.06274535  1.11499144 -0.23754549  3.41755429  1.03271428]\n [ 1.27205399 -6.60460765 -2.31735767 -3.49384343  1.03271428  8.02824169]]", "nfev": "224", "njev": "32", "status": "0", "success": "True", "message": "Optimization terminated successfully.", "x": "[4.88354397 1.66805881 2.34417732 1.7977713  1.87831234 7.56051949]", "nit": "27"}, "12": {"maxiter": 500, "gtol": 1e-10, "xrtol": 1e-05, "eps": 1e-05, "duration": 0.03960871696472168, "fun": "0.12781327549919985", "jac": "[-8.81517082e-09 -1.50202073e-07  2.63200572e-07  5.30686606e-09\n  4.61408689e-08  5.56443780e-08]", "hess_inv": "[[ 3.16057615 -1.65169709 -0.37832421 -2.02357225  0.23152065  1.25729312]\n [-1.65169709  8.30743821  1.48459857  4.13966584 -1.10283103 -6.59941042]\n [-0.37832421  1.48459857  4.64574722  1.73669598  1.16378496 -2.31878671]\n [-2.02357225  4.13966584  1.73669598  5.02341193 -0.24185089 -3.53656031]\n [ 0.23152065 -1.10283103  1.16378496 -0.24185089  3.47039747  1.0501349 ]\n [ 1.25729312 -6.59941042 -2.31878671 -3.53656031  1.0501349   7.95033362]]", "nfev": "231", "njev": "33", "status": "0", "success": "True", "message": "Optimization terminated successfully.", "x": "[4.88354357 1.66804563 2.34416213 1.79775664 1.87829783 7.56052125]", "nit": "28"}, "13": {"maxiter": 500, "gtol": 1e-10, "xrtol": 1e-05, "eps": 1e-10, "duration": 0.040669918060302734, "fun": "0.127813275468447", "jac": "[ 0.00000000e+00 -2.22044587e-06 -1.11022293e-06 -1.11022293e-06\n -1.11022293e-06 -3.33066880e-06]", "hess_inv": "[[ 3.16757369 -1.68744018 -0.40923614 -1.98897483  0.15657975  1.34781882]\n [-1.68744018  8.3966518   1.76508955  4.04616593 -0.68601506 -6.94709174]\n [-0.40923614  1.76508955  4.82570045  1.79905734  1.47770329 -2.63736951]\n [-1.98897483  4.04616593  1.79905734  4.72412337  0.03108842 -3.78199158]\n [ 0.15657975 -0.68601506  1.47770329  0.03108842  3.81589413  0.72171207]\n [ 1.34781882 -6.94709174 -2.63736951 -3.78199158  0.72171207  8.25601005]]", "nfev": "238", "njev": "34", "status": "0", "success": "True", "message": "Optimization terminated successfully.", "x": "[4.88354561 1.66805171 2.34417105 1.79776367 1.87830781 7.56052214]", "nit": "28"}, "14": {"maxiter": 500, "gtol": 1e-10, "xrtol": 1e-10, "eps": 1e-05, "duration": 0.06620597839355469, "fun": "0.12781327549919985", "jac": "[-8.81517082e-09 -1.50202073e-07  2.63200572e-07  5.30686606e-09\n  4.61408689e-08  5.56443780e-08]", "hess_inv": "[[ 3.1690798  -1.70678854 -0.33237136 -2.04167362  0.26968284  1.28961012]\n [-1.70678854  8.66432512  1.18628451  4.25744258 -1.3511639  -6.80800954]\n [-0.33237136  1.18628451  4.88032895  1.65035928  1.34512183 -2.12670376]\n [-2.04167362  4.25744258  1.65035928  5.0523517  -0.302293   -3.61992657]\n [ 0.26968284 -1.3511639   1.34512183 -0.302293    3.59658865  1.22675813]\n [ 1.28961012 -6.80800954 -2.12670376 -3.61992657  1.22675813  8.05100484]]", "nfev": "389", "njev": "54", "status": "2", "success": "False", "message": "Desired error not necessarily achieved due to precision loss.", "x": "[4.88354357 1.66804563 2.34416213 1.79775664 1.87829783 7.56052125]", "nit": "28"}, "15": {"maxiter": 500, "gtol": 1e-10, "xrtol": 1e-10, "eps": 1e-10, "duration": 0.07076907157897949, "fun": "0.12781327546844679", "jac": "[-1.11022293e-06  1.11022293e-06  2.22044587e-06  0.00000000e+00\n  2.22044587e-06  1.11022293e-06]", "hess_inv": "[[ 3.0916638  -1.44708328 -0.15451008 -1.69790433  0.39315064  1.3436082 ]\n [-1.44708328  7.7374131   0.99917711  3.1957706  -1.46678088 -7.07104264]\n [-0.15451008  0.99917711  3.9871525   0.85076279  0.67120415 -2.67803546]\n [-1.69790433  3.1957706   0.85076279  3.65787552 -0.89820346 -3.86189645]\n [ 0.39315064 -1.46678088  0.67120415 -0.89820346  3.08849848  0.77757877]\n [ 1.3436082  -7.07104264 -2.67803546 -3.86189645  0.77757877  8.44088504]]", "nfev": "416", "njev": "58", "status": "0", "success": "True", "message": "Optimization terminated successfully.", "x": "[4.88354561 1.66805171 2.34417105 1.79776367 1.87830781 7.56052214]", "nit": "29"}, "16": {"maxiter": 1000, "gtol": 1e-05, "xrtol": 1e-05, "eps": 1e-05, "duration": 0.03842520713806152, "fun": "0.12781327551282273", "jac": "[-5.66624525e-07 -1.38472567e-06  1.82738269e-06 -1.09892095e-06\n  1.77078352e-06 -8.84847751e-07]", "hess_inv": "[[ 3.1628246  -1.66828432 -0.3784512  -2.02036013  0.21818817  1.28214081]\n [-1.66828432  8.42834417  1.47523386  4.1230385  -1.0239401  -6.76915068]\n [-0.3784512   1.47523386  4.57311132  1.78636286  1.02727726 -2.2245318 ]\n [-2.02036013  4.1230385   1.78636286  4.9937944  -0.16670804 -3.56670471]\n [ 0.21818817 -1.0239401   1.02727726 -0.16670804  3.29009679  1.08354611]\n [ 1.28214081 -6.76915068 -2.2245318  -3.56670471  1.08354611  8.09896023]]", "nfev": "224", "njev": "32", "status": "0", "success": "True", "message": "Optimization terminated successfully.", "x": "[4.8835449  1.66803712 2.34417098 1.79775241 1.87830683 7.56052415]", "nit": "27"}, "17": {"maxiter": 1000, "gtol": 1e-05, "xrtol": 1e-05, "eps": 1e-10, "duration": 0.0386960506439209, "fun": "0.12781327548013777", "jac": "[2.22044587e-06 5.55111466e-06 3.33066880e-06 5.55111466e-06\n 2.22044587e-06 6.66133760e-06]", "hess_inv": "[[ 3.16108802 -1.65018851 -0.36540363 -1.9983924   0.23783948  1.27205399]\n [-1.65018851  8.1957592   1.5404076   4.04411343 -1.06274535 -6.60460765]\n [-0.36540363  1.5404076   4.58556785  1.74638014  1.11499144 -2.31735767]\n [-1.9983924   4.04411343  1.74638014  4.95163535 -0.23754549 -3.49384343]\n [ 0.23783948 -1.06274535  1.11499144 -0.23754549  3.41755429  1.03271428]\n [ 1.27205399 -6.60460765 -2.31735767 -3.49384343  1.03271428  8.02824169]]", "nfev": "224", "njev": "32", "status": "0", "success": "True", "message": "Optimization terminated successfully.", "x": "[4.88354397 1.66805881 2.34417732 1.7977713  1.87831234 7.56051949]", "nit": "27"}, "18": {"maxiter": 1000, "gtol": 1e-05, "xrtol": 1e-10, "eps": 1e-05, "duration": 0.03834199905395508, "fun": "0.12781327551282273", "jac": "[-5.66624525e-07 -1.38472567e-06  1.82738269e-06 -1.09892095e-06\n  1.77078352e-06 -8.84847751e-07]", "hess_inv": "[[ 3.1628246  -1.66828432 -0.3784512  -2.02036013  0.21818817  1.28214081]\n [-1.66828432  8.42834417  1.47523386  4.1230385  -1.0239401  -6.76915068]\n [-0.3784512   1.47523386  4.57311132  1.78636286  1.02727726 -2.2245318 ]\n [-2.02036013  4.1230385   1.78636286  4.9937944  -0.16670804 -3.56670471]\n [ 0.21818817 -1.0239401   1.02727726 -0.16670804  3.29009679  1.08354611]\n [ 1.28214081 -6.76915068 -2.2245318  -3.56670471  1.08354611  8.09896023]]", "nfev": "224", "njev": "32", "status": "0", "success": "True", "message": "Optimization terminated successfully.", "x": "[4.8835449  1.66803712 2.34417098 1.79775241 1.87830683 7.56052415]", "nit": "27"}, "19": {"maxiter": 1000, "gtol": 1e-05, "xrtol": 1e-10, "eps": 1e-10, "duration": 0.038340091705322266, "fun": "0.12781327548013777", "jac": "[2.22044587e-06 5.55111466e-06 3.33066880e-06 5.55111466e-06\n 2.22044587e-06 6.66133760e-06]", "hess_inv": "[[ 3.16108802 -1.65018851 -0.36540363 -1.9983924   0.23783948  1.27205399]\n [-1.65018851  8.1957592   1.5404076   4.04411343 -1.06274535 -6.60460765]\n [-0.36540363  1.5404076   4.58556785  1.74638014  1.11499144 -2.31735767]\n [-1.9983924   4.04411343  1.74638014  4.95163535 -0.23754549 -3.49384343]\n [ 0.23783948 -1.06274535  1.11499144 -0.23754549  3.41755429  1.03271428]\n [ 1.27205399 -6.60460765 -2.31735767 -3.49384343  1.03271428  8.02824169]]", "nfev": "224", "njev": "32", "status": "0", "success": "True", "message": "Optimization terminated successfully.", "x": "[4.88354397 1.66805881 2.34417732 1.7977713  1.87831234 7.56051949]", "nit": "27"}, "20": {"maxiter": 1000, "gtol": 1e-10, "xrtol": 1e-05, "eps": 1e-05, "duration": 0.03959989547729492, "fun": "0.12781327549919985", "jac": "[-8.81517082e-09 -1.50202073e-07  2.63200572e-07  5.30686606e-09\n  4.61408689e-08  5.56443780e-08]", "hess_inv": "[[ 3.16057615 -1.65169709 -0.37832421 -2.02357225  0.23152065  1.25729312]\n [-1.65169709  8.30743821  1.48459857  4.13966584 -1.10283103 -6.59941042]\n [-0.37832421  1.48459857  4.64574722  1.73669598  1.16378496 -2.31878671]\n [-2.02357225  4.13966584  1.73669598  5.02341193 -0.24185089 -3.53656031]\n [ 0.23152065 -1.10283103  1.16378496 -0.24185089  3.47039747  1.0501349 ]\n [ 1.25729312 -6.59941042 -2.31878671 -3.53656031  1.0501349   7.95033362]]", "nfev": "231", "njev": "33", "status": "0", "success": "True", "message": "Optimization terminated successfully.", "x": "[4.88354357 1.66804563 2.34416213 1.79775664 1.87829783 7.56052125]", "nit": "28"}, "21": {"maxiter": 1000, "gtol": 1e-10, "xrtol": 1e-05, "eps": 1e-10, "duration": 0.04078793525695801, "fun": "0.127813275468447", "jac": "[ 0.00000000e+00 -2.22044587e-06 -1.11022293e-06 -1.11022293e-06\n -1.11022293e-06 -3.33066880e-06]", "hess_inv": "[[ 3.16757369 -1.68744018 -0.40923614 -1.98897483  0.15657975  1.34781882]\n [-1.68744018  8.3966518   1.76508955  4.04616593 -0.68601506 -6.94709174]\n [-0.40923614  1.76508955  4.82570045  1.79905734  1.47770329 -2.63736951]\n [-1.98897483  4.04616593  1.79905734  4.72412337  0.03108842 -3.78199158]\n [ 0.15657975 -0.68601506  1.47770329  0.03108842  3.81589413  0.72171207]\n [ 1.34781882 -6.94709174 -2.63736951 -3.78199158  0.72171207  8.25601005]]", "nfev": "238", "njev": "34", "status": "0", "success": "True", "message": "Optimization terminated successfully.", "x": "[4.88354561 1.66805171 2.34417105 1.79776367 1.87830781 7.56052214]", "nit": "28"}, "22": {"maxiter": 1000, "gtol": 1e-10, "xrtol": 1e-10, "eps": 1e-05, "duration": 0.06632781028747559, "fun": "0.12781327549919985", "jac": "[-8.81517082e-09 -1.50202073e-07  2.63200572e-07  5.30686606e-09\n  4.61408689e-08  5.56443780e-08]", "hess_inv": "[[ 3.1690798  -1.70678854 -0.33237136 -2.04167362  0.26968284  1.28961012]\n [-1.70678854  8.66432512  1.18628451  4.25744258 -1.3511639  -6.80800954]\n [-0.33237136  1.18628451  4.88032895  1.65035928  1.34512183 -2.12670376]\n [-2.04167362  4.25744258  1.65035928  5.0523517  -0.302293   -3.61992657]\n [ 0.26968284 -1.3511639   1.34512183 -0.302293    3.59658865  1.22675813]\n [ 1.28961012 -6.80800954 -2.12670376 -3.61992657  1.22675813  8.05100484]]", "nfev": "389", "njev": "54", "status": "2", "success": "False", "message": "Desired error not necessarily achieved due to precision loss.", "x": "[4.88354357 1.66804563 2.34416213 1.79775664 1.87829783 7.56052125]", "nit": "28"}, "23": {"maxiter": 1000, "gtol": 1e-10, "xrtol": 1e-10, "eps": 1e-10, "duration": 0.07081913948059082, "fun": "0.12781327546844679", "jac": "[-1.11022293e-06  1.11022293e-06  2.22044587e-06  0.00000000e+00\n  2.22044587e-06  1.11022293e-06]", "hess_inv": "[[ 3.0916638  -1.44708328 -0.15451008 -1.69790433  0.39315064  1.3436082 ]\n [-1.44708328  7.7374131   0.99917711  3.1957706  -1.46678088 -7.07104264]\n [-0.15451008  0.99917711  3.9871525   0.85076279  0.67120415 -2.67803546]\n [-1.69790433  3.1957706   0.85076279  3.65787552 -0.89820346 -3.86189645]\n [ 0.39315064 -1.46678088  0.67120415 -0.89820346  3.08849848  0.77757877]\n [ 1.3436082  -7.07104264 -2.67803546 -3.86189645  0.77757877  8.44088504]]", "nfev": "416", "njev": "58", "status": "0", "success": "True", "message": "Optimization terminated successfully.", "x": "[4.88354561 1.66805171 2.34417105 1.79776367 1.87830781 7.56052214]", "nit": "29"}}, "cobyla": {"0": {"maxiter": 100, "tol": 1e-05, "catol": 1e-05, "duration": 0.016344070434570312, "x": "[4.81080809 1.98945585 2.4604544  1.99494565 1.79603149 7.21139728]", "status": "2", "success": "False", "message": "Maximum number of function evaluations has been exceeded.", "nfev": "100", "fun": "0.13508858023997017", "maxcv": "0.0"}, "1": {"maxiter": 100, "tol": 1e-05, "catol": 1e-10, "duration": 0.016275882720947266, "x": "[4.81080809 1.98945585 2.4604544  1.99494565 1.79603149 7.21139728]", "status": "2", "success": "False", "message": "Maximum number of function evaluations has been exceeded.", "nfev": "100", "fun": "0.13508858023997017", "maxcv": "0.0"}, "2": {"maxiter": 100, "tol": 1e-10, "catol": 1e-05, "duration": 0.016479015350341797, "x": "[4.81080809 1.98945585 2.4604544  1.99494565 1.79603149 7.21139728]", "status": "2", "success": "False", "message": "Maximum number of function evaluations has been exceeded.", "nfev": "100", "fun": "0.13508858023997017", "maxcv": "0.0"}, "3": {"maxiter": 100, "tol": 1e-10, "catol": 1e-10, "duration": 0.016290903091430664, "x": "[4.81080809 1.98945585 2.4604544  1.99494565 1.79603149 7.21139728]", "status": "2", "success": "False", "message": "Maximum number of function evaluations has been exceeded.", "nfev": "100", "fun": "0.13508858023997017", "maxcv": "0.0"}, "4": {"maxiter": 500, "tol": 1e-05, "catol": 1e-05, "duration": 0.06507110595703125, "x": "[4.88352989 1.66808957 2.34418548 1.79779595 1.87830218 7.56047318]", "status": "1", "success": "True", "message": "Optimization terminated successfully.", "nfev": "400", "fun": "0.12781327560761135", "maxcv": "0.0"}, "5": {"maxiter": 500, "tol": 1e-05, "catol": 1e-10, "duration": 0.06564092636108398, "x": "[4.88352989 1.66808957 2.34418548 1.79779595 1.87830218 7.56047318]", "status": "1", "success": "True", "message": "Optimization terminated successfully.", "nfev": "400", "fun": "0.12781327560761135", "maxcv": "0.0"}, "6": {"maxiter": 500, "tol": 1e-10, "catol": 1e-05, "duration": 0.08336782455444336, "x": "[4.88354478 1.66805755 2.34417207 1.79776806 1.87830546 7.56051551]", "status": "2", "success": "False", "message": "Maximum number of function evaluations has been exceeded.", "nfev": "500", "fun": "0.12781327546589727", "maxcv": "0.0"}, "7": {"maxiter": 500, "tol": 1e-10, "catol": 1e-10, "duration": 0.08330607414245605, "x": "[4.88354478 1.66805755 2.34417207 1.79776806 1.87830546 7.56051551]", "status": "2", "success": "False", "message": "Maximum number of function evaluations has been exceeded.", "nfev": "500", "fun": "0.12781327546589727", "maxcv": "0.0"}, "8": {"maxiter": 1000, "tol": 1e-05, "catol": 1e-05, "duration": 0.06665492057800293, "x": "[4.88352989 1.66808957 2.34418548 1.79779595 1.87830218 7.56047318]", "status": "1", "success": "True", "message": "Optimization terminated successfully.", "nfev": "400", "fun": "0.12781327560761135", "maxcv": "0.0"}, "9": {"maxiter": 1000, "tol": 1e-05, "catol": 1e-10, "duration": 0.0660099983215332, "x": "[4.88352989 1.66808957 2.34418548 1.79779595 1.87830218 7.56047318]", "status": "1", "success": "True", "message": "Optimization terminated successfully.", "nfev": "400", "fun": "0.12781327560761135", "maxcv": "0.0"}, "10": {"maxiter": 1000, "tol": 1e-10, "catol": 1e-05, "duration": 0.09835195541381836, "x": "[4.88354483 1.66805634 2.34417197 1.79776751 1.8783054  7.56051664]", "status": "1", "success": "True", "message": "Optimization terminated successfully.", "nfev": "602", "fun": "0.12781327546576027", "maxcv": "0.0"}, "11": {"maxiter": 1000, "tol": 1e