{"date": "2024/07/19/, 15:52:37", "conf_id": 233, "data_type": "non_lin_ind\n", "num_data_points": 4, "s_rank": 0, "unitary": "[[-0.53618537-0.34368723j,-0.12107031-0.46226139j,-0.07699282-0.46603512j,0.36022595-0.11472301j],[0.26026499-0.63450712j,-0.56616638+0.37832564j,-0.14988651+0.08458591j,0.10363514-0.16008501j],[-0.32580188-0.11070003j,-0.36476308-0.23593218j,0.02559343+0.41761608j,-0.25598305+0.6725303j],[0.07406738-0.0126433j,0.28513701+0.19483972j,-0.74939717-0.10299659j,0.29798249+0.46269921j]]", "databatch_0": {"databatch": "[[[2.64774799e-01-0.08090409j,-1.99036382e-01-0.11191331j,1.54010631e-01-0.14434338j,1.97849450e-01+0.03769361j],[-8.91726606e-02-0.09463517j,-1.17727434e-01+0.31160517j,-1.67944227e-01-0.14388374j,3.98426484e-02-0.25335411j],[2.72872777e-01-0.08154725j,-4.02111914e-01-0.06207143j,-8.21295913e-02+0.2610928j,4.08060970e-02-0.28769978j],[1.49882960e-02-0.074753j,8.74442162e-02-0.08017968j,-6.46408651e-02-0.28227911j,1.72521490e-01+0.06341692j]],[[-3.30730125e-02-0.15743112j,-4.65110386e-01-0.22622248j,7.73825174e-02-0.0250171j,9.73820566e-03-0.13130701j],[-8.69690172e-02+0.11219092j,-1.29646967e-01+0.31433702j,-3.45480326e-02-0.31024024j,-2.89174786e-01+0.02203204j],[3.22208832e-02+0.03109105j,-4.37961080e-01-0.20046258j,-6.54403439e-02+0.09016035j,4.51480183e-02-0.24487524j],[-1.19536005e-01-0.082291j,-1.00042164e-01+0.09693177j,-3.81704060e-02-0.06161225j,4.43395606e-02+0.09619281j]],[[5.67999389e-02+0.35334647j,-1.91173377e-01+0.07412985j,1.53043404e-01+0.02781059j,8.22632662e-02-0.32038453j],[2.29763396e-01+0.17348334j,-7.61502661e-02+0.06995387j,6.63177817e-02+0.18288151j,-5.01925804e-02+0.09669452j],[3.55821725e-01+0.34307359j,8.90790581e-02+0.2480324j,2.10516761e-01+0.07701875j,-1.46412856e-01-0.24791901j],[1.15381271e-02+0.06846455j,-1.62504518e-01+0.11626779j,2.67026497e-02-0.11094882j,-2.25201825e-04-0.21975615j]],[[-7.98802591e-02-0.06615087j,-1.56250419e-01-0.18968575j,5.25735313e-02+0.09478216j,1.95334665e-01+0.38739907j],[-1.35117599e-01-0.03885304j,-1.06249672e-01-0.00650342j,8.56878906e-02-0.0641605j,4.00521323e-01-0.38291599j],[-2.11303612e-01+0.01793437j,-3.85309191e-01-0.10988133j,1.18642930e-01+0.08933183j,5.43099423e-01+0.17670657j],[6.43565124e-03-0.02619227j,-1.10858827e-02-0.06809341j,-1.35473118e-02+0.01842434j,-6.50834468e-02+0.20881295j]]]", "initial param values": "[5.50928407,3.20262031,1.96520983,5.09985188,0.94736433,5.0835905]", "nelder_mead": {"type": "gradient-free", "0": {"maxiter": 100, "fatol": 1e-05, "xatol": 1e-05, "duration": 0.026153087615966797, "fun": "0.06775720314610023", "nit": "100", "nfev": "152", "status": "2", "success": "False", "message": "Maximum number of iterations has been exceeded.", "x": "[4.29929308 0.08145661 0.31658658 5.0046421  2.06893603 7.39351433]", "final_simplex": "(array([[4.29929308, 0.08145661, 0.31658658, 5.0046421 , 2.06893603,\n        7.39351433],\n       [4.2785518 , 0.15228036, 0.31209082, 4.93047696, 2.06483091,\n        7.24957629],\n       [4.39722688, 0.11647011, 0.23485316, 4.81970384, 2.06667642,\n        7.32256315],\n       [4.31642662, 0.13698034, 0.28541849, 4.86997224, 2.06325868,\n        7.32671468],\n       [4.37470691, 0.19574067, 0.27400742, 4.86354304, 2.05102003,\n        7.33580552],\n       [4.31501586, 0.13203275, 0.23711102, 4.93578589, 2.08716328,\n        7.28466295],\n       [4.21741765, 0.0963368 , 0.30403112, 4.9850447 , 2.0973192 ,\n        7.2625707 ]]), array([0.0677572 , 0.06891082, 0.06932533, 0.06934245, 0.06959175,\n       0.07000058, 0.07070115]))"}, "1": {"maxiter": 100, "fatol": 1e-05, "xatol": 1e-10, "duration": 0.026046037673950195, "fun": "0.06775720314610023", "nit": "100", "nfev": "152", "status": "2", "success": "False", "message": "Maximum number of iterations has been exceeded.", "x": "[4.29929308 0.08145661 0.31658658 5.0046421  2.06893603 7.39351433]", "final_simplex": "(array([[4.29929308, 0.08145661, 0.31658658, 5.0046421 , 2.06893603,\n        7.39351433],\n       [4.2785518 , 0.15228036, 0.31209082, 4.93047696, 2.06483091,\n        7.24957629],\n       [4.39722688, 0.11647011, 0.23485316, 4.81970384, 2.06667642,\n        7.32256315],\n       [4.31642662, 0.13698034, 0.28541849, 4.86997224, 2.06325868,\n        7.32671468],\n       [4.37470691, 0.19574067, 0.27400742, 4.86354304, 2.05102003,\n        7.33580552],\n       [4.31501586, 0.13203275, 0.23711102, 4.93578589, 2.08716328,\n        7.28466295],\n       [4.21741765, 0.0963368 , 0.30403112, 4.9850447 , 2.0973192 ,\n        7.2625707 ]]), array([0.0677572 , 0.06891082, 0.06932533, 0.06934245, 0.06959175,\n       0.07000058, 0.07070115]))"}, "2": {"maxiter": 100, "fatol": 1e-10, "xatol": 1e-05, "duration": 0.026002168655395508, "fun": "0.06775720314610023", "nit": "100", "nfev": "152", "status": "2", "success": "False", "message": "Maximum number of iterations has been exceeded.", "x": "[4.29929308 0.08145661 0.31658658 5.0046421  2.06893603 7.39351433]", "final_simplex": "(array([[4.29929308, 0.08145661, 0.31658658, 5.0046421 , 2.06893603,\n        7.39351433],\n       [4.2785518 , 0.15228036, 0.31209082, 4.93047696, 2.06483091,\n        7.24957629],\n       [4.39722688, 0.11647011, 0.23485316, 4.81970384, 2.06667642,\n        7.32256315],\n       [4.31642662, 0.13698034, 0.28541849, 4.86997224, 2.06325868,\n        7.32671468],\n       [4.37470691, 0.19574067, 0.27400742, 4.86354304, 2.05102003,\n        7.33580552],\n       [4.31501586, 0.13203275, 0.23711102, 4.93578589, 2.08716328,\n        7.28466295],\n       [4.21741765, 0.0963368 , 0.30403112, 4.9850447 , 2.0973192 ,\n        7.2625707 ]]), array([0.0677572 , 0.06891082, 0.06932533, 0.06934245, 0.06959175,\n       0.07000058, 0.07070115]))"}, "3": {"maxiter": 100, "fatol": 1e-10, "xatol": 1e-10, "duration": 0.026104211807250977, "fun": "0.06775720314610023", "nit": "100", "nfev": "152", "status": "2", "success": "False", "message": "Maximum number of iterations has been exceeded.", "x": "[4.29929308 0.08145661 0.31658658 5.0046421  2.06893603 7.39351433]", "final_simplex": "(array([[4.29929308, 0.08145661, 0.31658658, 5.0046421 , 2.06893603,\n        7.39351433],\n       [4.2785518 , 0.15228036, 0.31209082, 4.93047696, 2.06483091,\n        7.24957629],\n       [4.39722688, 0.11647011, 0.23485316, 4.81970384, 2.06667642,\n        7.32256315],\n       [4.31642662, 0.13698034, 0.28541849, 4.86997224, 2.06325868,\n        7.32671468],\n       [4.37470691, 0.19574067, 0.27400742, 4.86354304, 2.05102003,\n        7.33580552],\n       [4.31501586, 0.13203275, 0.23711102, 4.93578589, 2.08716328,\n        7.28466295],\n       [4.21741765, 0.0963368 , 0.30403112, 4.9850447 , 2.0973192 ,\n        7.2625707 ]]), array([0.0677572 , 0.06891082, 0.06932533, 0.06934245, 0.06959175,\n       0.07000058, 0.07070115]))"}, "4": {"maxiter": 500, "fatol": 1e-05, "xatol": 1e-05, "duration": 0.09448909759521484, "fun": "0.048637520372207366", "nit": "351", "nfev": "561", "status": "0", "success": "True", "message": "Optimization terminated successfully.", "x": "[4.39587438 0.0550187  0.3907694  4.92974084 2.27979868 7.36222333]", "final_simplex": "(array([[4.39587438, 0.0550187 , 0.3907694 , 4.92974084, 2.27979868,\n        7.36222333],\n       [4.39587721, 0.05501275, 0.3907701 , 4.9297432 , 2.27980128,\n        7.36222911],\n       [4.39587528, 0.0550161 , 0.39076933, 4.92973752, 2.2798028 ,\n        7.36222476],\n       [4.39587575, 0.05502278, 0.39076914, 4.92973765, 2.27980109,\n        7.36221921],\n       [4.39587174, 0.05502403, 0.39076727, 4.92973929, 2.27980189,\n        7.36222022],\n       [4.39587225, 0.0550195 , 0.3907676 , 4.92974111, 2.27980459,\n        7.36221866],\n       [4.39587077, 0.05502276, 0.39076093, 4.92973801, 2.27980468,\n        7.36221622]]), array([0.04863752, 0.04863752, 0.04863752, 0.04863752, 0.04863752,\n       0.04863752, 0.04863752]))"}, "5": {"maxiter": 500, "fatol": 1e-05, "xatol": 1e-10, "duration": 0.12987112998962402, "fun": "0.04863752036912783", "nit": "447", "nfev": "771", "status": "0", "success": "True", "message": "Optimization terminated successfully.", "x": "[4.39587564 0.05501627 0.39076581 4.9297391  2.27980187 7.36222477]", "final_simplex": "(array([[4.39587564, 0.05501627, 0.39076581, 4.9297391 , 2.27980187,\n        7.36222477],\n       [4.39587564, 0.05501627, 0.39076581, 4.9297391 , 2.27980187,\n        7.36222477],\n       [4.39587564, 0.05501627, 0.39076581, 4.9297391 , 2.27980187,\n        7.36222477],\n       [4.39587564, 0.05501627, 0.39076581, 4.9297391 , 2.27980187,\n        7.36222477],\n       [4.39587564, 0.05501627, 0.39076581, 4.9297391 , 2.27980187,\n        7.36222477],\n       [4.39587564, 0.05501627, 0.39076581, 4.9297391 , 2.27980187,\n        7.36222477],\n       [4.39587564, 0.05501627, 0.39076581, 4.9297391 , 2.27980187,\n        7.36222477]]), array([0.04863752, 0.04863752, 0.04863752, 0.04863752, 0.04863752,\n       0.04863752, 0.04863752]))"}, "6": {"maxiter": 500, "fatol": 1e-10, "xatol": 1e-05, "duration": 0.09443092346191406, "fun": "0.048637520372207366", "nit": "351", "nfev": "561", "status": "0", "success": "True", "message": "Optimization terminated successfully.", "x": "[4.39587438 0.0550187  0.3907694  4.92974084 2.27979868 7.36222333]", "final_simplex": "(array([[4.39587438, 0.0550187 , 0.3907694 , 4.92974084, 2.27979868,\n        7.36222333],\n       [4.39587721, 0.05501275, 0.3907701 , 4.9297432 , 2.27980128,\n        7.36222911],\n       [4.39587528, 0.0550161 , 0.39076933, 4.92973752, 2.2798028 ,\n        7.36222476],\n       [4.39587575, 0.05502278, 0.39076914, 4.92973765, 2.27980109,\n        7.36221921],\n       [4.39587174, 0.05502403, 0.39076727, 4.92973929, 2.27980189,\n        7.36222022],\n       [4.39587225, 0.0550195 , 0.3907676 , 4.92974111, 2.27980459,\n        7.36221866],\n       [4.39587077, 0.05502276, 0.39076093, 4.92973801, 2.27980468,\n        7.36221622]]), array([0.04863752, 0.04863752, 0.04863752, 0.04863752, 0.04863752,\n       0.04863752, 0.04863752]))"}, "7": {"maxiter": 500, "fatol": 1e-10, "xatol": 1e-10, "duration": 0.12942290306091309, "fun": "0.04863752036912783", "nit": "447", "nfev": "771", "status": "0", "success": "True", "message": "Optimization terminated successfully.", "x": "[4.39587564 0.05501627 0.39076581 4.9297391  2.27980187 7.36222477]", "final_simplex": "(array([[4.39587564, 0.05501627, 0.39076581, 4.9297391 , 2.27980187,\n        7.36222477],\n       [4.39587564, 0.05501627, 0.39076581, 4.9297391 , 2.27980187,\n        7.36222477],\n       [4.39587564, 0.05501627, 0.39076581, 4.9297391 , 2.27980187,\n        7.36222477],\n       [4.39587564, 0.05501627, 0.39076581, 4.9297391 , 2.27980187,\n        7.36222477],\n       [4.39587564, 0.05501627, 0.39076581, 4.9297391 , 2.27980187,\n        7.36222477],\n       [4.39587564, 0.05501627, 0.39076581, 4.9297391 , 2.27980187,\n        7.36222477],\n       [4.39587564, 0.05501627, 0.39076581, 4.9297391 , 2.27980187,\n        7.36222477]]), array([0.04863752, 0.04863752, 0.04863752, 0.04863752, 0.04863752,\n       0.04863752, 0.04863752]))"}, "8": {"maxiter": 1000, "fatol": 1e-05, "xatol": 1e-05, "duration": 0.09442591667175293, "fun": "0.048637520372207366", "nit": "351", "nfev": "561", "status": "0", "success": "True", "message": "Optimization terminated successfully.", "x": "[4.39587438 0.0550187  0.3907694  4.92974084 2.27979868 7.36222333]", "final_simplex": "(array([[4.39587438, 0.0550187 , 0.3907694 , 4.92974084, 2.27979868,\n        7.36222333],\n       [4.39587721, 0.05501275, 0.3907701 , 4.9297432 , 2.27980128,\n        7.36222911],\n       [4.39587528, 0.0550161 , 0.39076933, 4.92973752, 2.2798028 ,\n        7.36222476],\n       [4.39587575, 0.05502278, 0.39076914, 4.92973765, 2.27980109,\n        7.36221921],\n       [4.39587174, 0.05502403, 0.39076727, 4.92973929, 2.27980189,\n        7.36222022],\n       [4.39587225, 0.0550195 , 0.3907676 , 4.92974111, 2.27980459,\n        7.36221866],\n       [4.39587077, 0.05502276, 0.39076093, 4.92973801, 2.27980468,\n        7.36221622]]), array([0.04863752, 0.04863752, 0.04863752, 0.04863752, 0.04863752,\n       0.04863752, 0.04863752]))"}, "9": {"maxiter": 1000, "fatol": 1e-05, "xatol": 1e-10, "duration": 0.1302788257598877, "fun": "0.04863752036912783", "nit": "447", "nfev": "771", "status": "0", "success": "True", "message": "Optimization terminated successfully.", "x": "[4.39587564 0.05501627 0.39076581 4.9297391  2.27980187 7.36222477]", "final_simplex": "(array([[4.39587564, 0.05501627, 0.39076581, 4.9297391 , 2.27980187,\n        7.36222477],\n       [4.39587564, 0.05501627, 0.39076581, 4.9297391 , 2.27980187,\n        7.36222477],\n       [4.39587564, 0.05501627, 0.39076581, 4.9297391 , 2.27980187,\n        7.36222477],\n       [4.39587564, 0.05501627, 0.39076581, 4.9297391 , 2.27980187,\n        7.36222477],\n       [4.39587564, 0.05501627, 0.39076581, 4.9297391 , 2.27980187,\n        7.36222477],\n       [4.39587564, 0.05501627, 0.39076581, 4.9297391 , 2.27980187,\n        7.36222477],\n       [4.39587564, 0.05501627, 0.39076581, 4.9297391 , 2.27980187,\n        7.36222477]]), array([0.04863752, 0.04863752, 0.04863752, 0.04863752, 0.04863752,\n       0.04863752, 0.04863752]))"}, "10": {"maxiter": 1000, "fatol": 1e-10, "xatol": 1e-05, "duration": 0.09487390518188477, "fun": "0.048637520372207366", "nit": "351", "nfev": "561", "status": "0", "success": "True", "message": "Optimization terminated successfully.", "x": "[4.39587438 0.0550187  0.3907694  4.92974084 2.27979868 7.36222333]", "final_simplex": "(array([[4.39587438, 0.0550187 , 0.3907694 , 4.92974084, 2.27979868,\n        7.36222333],\n       [4.39587721, 0.05501275, 0.3907701 , 4.9297432 , 2.27980128,\n        7.36222911],\n       [4.39587528, 0.0550161 , 0.39076933, 4.92973752, 2.2798028 ,\n        7.36222476],\n       [4.39587575, 0.05502278, 0.39076914, 4.92973765, 2.27980109,\n        7.36221921],\n       [4.39587174, 0.05502403, 0.39076727, 4.92973929, 2.27980189,\n        7.36222022],\n       [4.39587225, 0.0550195 , 0.3907676 , 4.92974111, 2.27980459,\n        7.36221866],\n       [4.39587077, 0.05502276, 0.39076093, 4.92973801, 2.27980468,\n        7.36221622]]), array([0.04863752, 0.04863752, 0.04863752, 0.04863752, 0.04863752,\n       0.04863752, 0.04863752]))"}, "11": {"maxiter": 1000, "fatol": 1e-10, "xatol": 1e-10, "duration": 0.12981915473937988, "fun": "0.04863752036912783", "nit": "447", "nfev": "771", "status": "0", "success": "True", "message": "Optimization terminated successfully.", "x": "[4.39587564 0.05501627 0.39076581 4.9297391  2.27980187 7.36222477]", "final_simplex": "(array([[4.39587564, 0.05501627, 0.39076581, 4.9297391 , 2.27980187,\n        7.36222477],\n       [4.39587564, 0.05501627, 0.39076581, 4.9297391 , 2.27980187,\n        7.36222477],\n       [4.39587564, 0.05501627, 0.39076581, 4.9297391 , 2.27980187,\n        7.36222477],\n       [4.39587564, 0.05501627, 0.39076581, 4.9297391 , 2.27980187,\n        7.36222477],\n       [4.39587564, 0.05501627, 0.39076581, 4.9297391 , 2.27980187,\n        7.36222477],\n       [4.39587564, 0.05501627, 0.39076581, 4.9297391 , 2.27980187,\n        7.36222477],\n       [4.39587564, 0.05501627, 0.39076581, 4.9297391 , 2.27980187,\n        7.36222477]]), array([0.04863752, 0.04863752, 0.04863752, 0.04863752, 0.04863752,\n       0.04863752, 0.04863752]))"}}, "bfgs": {"type": "gradient", "0": {"maxiter": 100, "gtol": 1e-05, "xrtol": 1e-05, "eps": 1e-05, "duration": 0.03396296501159668, "fun": "0.04863752070523508", "jac": "[ 9.17567133e-06  4.10377288e-06 -2.95881097e-06  1.86738403e-06\n -4.43601822e-06 -2.87773139e-06]", "hess_inv": "[[ 2.84563439 -0.25053755 -0.28807268 -1.34683738  1.10582511 -0.59298204]\n [-0.25053755  5.67430906  0.17632881  1.33297447 -0.31244128 -3.4975633 ]\n [-0.28807268  0.17632881  4.98762487 -2.10226435 -2.96672895  2.47499893]\n [-1.34683738  1.33297447 -2.10226435  4.01656638  0.72177111 -1.58171512]\n [ 1.10582511 -0.31244128 -2.96672895  0.72177111  4.36925413 -1.94291026]\n [-0.59298204 -3.4975633   2.47499893 -1.58171512 -1.94291026  5.90496054]]", "nfev": "196", "njev": "28", "status": "0", "success": "True", "message": "Optimization terminated successfully.", "x": "[ 1.8873329   3.19665475 -2.75085382  7.6366414   5.4213988   4.22057405]", "nit": "21"}, "1": {"maxiter": 100, "gtol": 1e-05, "xrtol": 1e-05, "eps": 1e-10, "duration": 0.03397393226623535, "fun": "0.0486375205475732", "jac": "[ 5.55111466e-06  2.22044587e-06 -1.11022293e-06  5.55111466e-06\n -3.33066880e-06 -3.33066880e-06]", "hess_inv": "[[ 2.93005672 -0.2123457  -0.25022266 -1.40310487  1.11092315 -0.60737413]\n [-0.2123457   5.70102582  0.18562115  1.31219788 -0.30336783 -3.50881358]\n [-0.25022266  0.18562115  4.96482276 -2.11407543 -2.94471145  2.4668426 ]\n [-1.40310487  1.31219788 -2.11407543  4.07160657  0.70471676 -1.58137624]\n [ 1.11092315 -0.30336783 -2.94471145  0.70471676  4.35854445 -1.94242577]\n [-0.60737413 -3.50881358  2.4668426  -1.58137624 -1.94242577  5.90183547]]", "nfev": "196", "njev": "28", "status": "0", "success": "True", "message": "Optimization terminated successfully.", "x": "[ 1.88732049  3.19664359 -2.75084446  7.6366502   5.4213943   4.2205904 ]", "nit": "21"}, "2": {"maxiter": 100, "gtol": 1e-05, "xrtol": 1e-10, "eps": 1e-05, "duration": 0.03400087356567383, "fun": "0.04863752070523508", "jac": "[ 9.17567133e-06  4.10377288e-06 -2.95881097e-06  1.86738403e-06\n -4.43601822e-06 -2.87773139e-06]", "hess_inv": "[[ 2.84563439 -0.25053755 -0.28807268 -1.34683738  1.10582511 -0.59298204]\n [-0.25053755  5.67430906  0.17632881  1.33297447 -0.31244128 -3.4975633 ]\n [-0.28807268  0.17632881  4.98762487 -2.10226435 -2.96672895  2.47499893]\n [-1.34683738  1.33297447 -2.10226435  4.01656638  0.72177111 -1.58171512]\n [ 1.10582511 -0.31244128 -2.96672895  0.72177111  4.36925413 -1.94291026]\n [-0.59298204 -3.4975633   2.47499893 -1.58171512 -1.94291026  5.90496054]]", "nfev": "196", "njev": "28", "status": "0", "success": "True", "message": "Optimization terminated successfully.", "x": "[ 1.8873329   3.19665475 -2.75085382  7.6366414   5.4213988   4.22057405]", "nit": "21"}, "3": {"maxiter": 100, "gtol": 1e-05, "xrtol": 1e-10, "eps": 1e-10, "duration": 0.033879995346069336, "fun": "0.0486375205475732", "jac": "[ 5.55111466e-06  2.22044587e-06 -1.11022293e-06  5.55111466e-06\n -3.33066880e-06 -3.33066880e-06]", "hess_inv": "[[ 2.93005672 -0.2123457  -0.25022266 -1.40310487  1.11092315 -0.60737413]\n [-0.2123457   5.70102582  0.18562115  1.31219788 -0.30336783 -3.50881358]\n [-0.25022266  0.18562115  4.96482276 -2.11407543 -2.94471145  2.4668426 ]\n [-1.40310487  1.31219788 -2.11407543  4.07160657  0.70471676 -1.58137624]\n [ 1.11092315 -0.30336783 -2.94471145  0.70471676  4.35854445 -1.94242577]\n [-0.60737413 -3.50881358  2.4668426  -1.58137624 -1.94242577  5.90183547]]", "nfev": "196", "njev": "28", "status": "0", "success": "True", "message": "Optimization terminated successfully.", "x": "[ 1.88732049  3.19664359 -2.75084446  7.6366502   5.4213943   4.2205904 ]", "nit": "21"}, "4": {"maxiter": 100, "gtol": 1e-10, "xrtol": 1e-05, "eps": 1e-05, "duration": 0.03506016731262207, "fun": "0.048637520401768386", "jac": "[ 1.48903112e-07  6.12931927e-07 -1.26836319e-06  1.93989269e-07\n -9.02466990e-07  1.90658600e-07]", "hess_inv": "[[ 3.18622854  0.30771042 -0.49765288 -1.24431869  1.19149634 -1.21364625]\n [ 0.30771042  6.4982734  -0.01424445  1.34993473 -0.18017924 -4.39977956]\n [-0.49765288 -0.01424445  4.85963307 -1.9115275  -3.0057414   2.66357064]\n [-1.24431869  1.34993473 -1.9115275   3.79669971  0.73402101 -1.57754688]\n [ 1.19149634 -0.18017924 -3.0057414   0.73402101  4.39007252 -2.08871702]\n [-1.21364625 -4.39977956  2.66357064 -1.57754688 -2.08871702  6.89051227]]", "nfev": "203", "njev": "29", "status": "0", "success": "True", "message": "Optimization terminated successfully.", "x": "[ 1.88730505  3.19660924 -2.75083692  7.63663324  5.4213918   4.22062463]", "nit": "22"}, "5": {"maxiter": 100, "gtol": 1e-10, "xrtol": 1e-05, "eps": 1e-10, "duration": 0.03504586219787598, "fun": "0.048637520382809996", "jac": "[-2.22044587e-06  2.22044587e-06 -3.33066880e-06 -3.33066880e-06\n -3.33066880e-06 -2.22044587e-06]", "hess_inv": "[[ 3.03379203  0.23063393 -0.47484082 -1.09494837  1.17709413 -1.1129629 ]\n [ 0.23063393  6.47284454  0.08243697  1.38943723 -0.17278992 -4.31822613]\n [-0.47484082  0.08243697  4.79686181 -1.83448118 -2.97180937  2.52996177]\n [-1.09494837  1.38943723 -1.83448118  3.61688116  0.73316275 -1.59045277]\n [ 1.17709413 -0.17278992 -2.97180937  0.73316275  4.3801245  -2.08175567]\n [-1.1129629  -4.31822613  2.52996177 -1.59045277 -2.08175567  6.73948658]]", "nfev": "203", "njev": "29", "status": "0", "success": "True", "message": "Optimization terminated successfully.", "x": "[ 1.88730891  3.19660536 -2.75082797  7.63662822  5.42138843  4.22063332]", "nit": "22"}, "6": {"maxiter": 100, "gtol": 1e-10, "xrtol": 1e-10, "eps": 1e-05, "duration": 0.03986024856567383, "fun": "0.04863752039227531", "jac": "[ 2.22044605e-11  0.00000000e+00  0.00000000e+00 -4.44089210e-11\n  2.22044605e-11  0.00000000e+00]", "hess_inv": "[[ 3.21507123  0.09970895 -0.48658762 -1.13991276  1.25758097 -1.10741932]\n [ 0.09970895  6.992198   -0.39398239  1.58860672 -0.33671208 -4.7158646 ]\n [-0.48658762 -0.39398239  5.11751594 -2.08905444 -2.95818071  2.98455519]\n [-1.13991276  1.58860672 -2.08905444  3.96278284  0.76728479 -1.85494279]\n [ 1.25758097 -0.33671208 -2.95818071  0.76728479  4.45530023 -2.01963941]\n [-1.10741932 -4.7158646   2.98455519 -1.85494279 -2.01963941  7.14268871]]", "nfev": "231", "njev": "33", "status": "0", "success": "True", "message": "Optimization terminated successfully.", "x": "[ 1.8873055   3.19660462 -2.7508328   7.63662991  5.42139234  4.22062875]", "nit": "26"}, "7": {"maxiter": 100, "gtol": 1e-10, "xrtol": 1e-10, "eps": 1e-10, "duration": 0.08137917518615723, "fun": "0.048637520374607446", "jac": "[ 0.00000000e+00  0.00000000e+00 -2.22044587e-06  0.00000000e+00\n -2.22044587e-06  0.00000000e+00]", "hess_inv": "[[ 0.1455428  -0.00158487 -0.25812212  0.15824112  0.06464721  0.03151619]\n [-0.00158487  0.52242609 -0.6229736   0.36769385  0.56904448 -0.72024349]\n [-0.25812212 -0.6229736   1.32499355 -0.76144434 -0.88765852  0.92375698]\n [ 0.15824112  0.36769385 -0.76144434  0.46729702  0.51481889 -0.49489806]\n [ 0.06464721  0.56904448 -0.88765852  0.51481889  0.93666466 -1.03671592]\n [ 0.03151619 -0.72024349  0.92375698 -0.49489806 -1.03671592  1.43111308]]", "nfev": "473", "njev": "66", "status": "0", "success": "True", "message": "Optimization terminated successfully.", "x": "[ 1.8873087   3.19660403 -2.75082801  7.63662876  5.42139217  4.22063495]", "nit": "31"}, "8": {"maxiter": 500, "gtol": 1e-05, "xrtol": 1e-05, "eps": 1e-05, "duration": 0.033785104751586914, "fun": "0.04863752070523508", "jac": "[ 9.17567133e-06  4.10377288e-06 -2.95881097e-06  1.86738403e-06\n -4.43601822e-06 -2.87773139e-06]", "hess_inv": "[[ 2.84563439 -0.25053755 -0.28807268 -1.34683738  1.10582511 -0.59298204]\n [-0.25053755  5.67430906  0.17632881  1.33297447 -0.31244128 -3.4975633 ]\n [-0.28807268  0.17632881  4.98762487 -2.10226435 -2.96672895  2.47499893]\n [-1.34683738  1.33297447 -2.10226435  4.01656638  0.72177111 -1.58171512]\n [ 1.10582511 -0.31244128 -2.96672895  0.72177111  4.36925413 -1.94291026]\n [-0.59298204 -3.4975633   2.47499893 -1.58171512 -1.94291026  5.90496054]]", "nfev": "196", "njev": "28", "status": "0", "success": "True", "message": "Optimization terminated successfully.", "x": "[ 1.8873329   3.19665475 -2.75085382  7.6366414   5.4213988   4.22057405]", "nit": "21"}, "9": {"maxiter": 500, "gtol": 1e-05, "xrtol": 1e-05, "eps": 1e-10, "duration": 0.033822059631347656, "fun": "0.0486375205475732", "jac": "[ 5.55111466e-06  2.22044587e-06 -1.11022293e-06  5.55111466e-06\n -3.33066880e-06 -3.33066880e-06]", "hess_inv": "[[ 2.93005672 -0.2123457  -0.25022266 -1.40310487  1.11092315 -0.60737413]\n [-0.2123457   5.70102582  0.18562115  1.31219788 -0.30336783 -3.50881358]\n [-0.25022266  0.18562115  4.96482276 -2.11407543 -2.94471145  2.4668426 ]\n [-1.40310487  1.31219788 -2.11407543  4.07160657  0.70471676 -1.58137624]\n [ 1.11092315 -0.30336783 -2.94471145  0.70471676  4.35854445 -1.94242577]\n [-0.60737413 -3.50881358  2.4668426  -1.58137624 -1.94242577  5.90183547]]", "nfev": "196", "njev": "28", "status": "0", "success": "True", "message": "Optimization terminated successfully.", "x": "[ 1.88732049  3.19664359 -2.75084446  7.6366502   5.4213943   4.2205904 ]", "nit": "21"}, "10": {"maxiter": 500, "gtol": 1e-05, "xrtol": 1e-10, "eps": 1e-05, "duration": 0.03376269340515137, "fun": "0.04863752070523508", "jac": "[ 9.17567133e-06  4.10377288e-06 -2.95881097e-06  1.86738403e-06\n -4.43601822e-06 -2.87773139e-06]", "hess_inv": "[[ 2.84563439 -0.25053755 -0.28807268 -1.34683738  1.10582511 -0.59298204]\n [-0.25053755  5.67430906  0.17632881  1.33297447 -0.31244128 -3.4975633 ]\n [-0.28807268  0.17632881  4.98762487 -2.10226435 -2.96672895  2.47499893]\n [-1.34683738  1.33297447 -2.10226435  4.01656638  0.72177111 -1.58171512]\n [ 1.10582511 -0.31244128 -2.96672895  0.72177111  4.36925413 -1.94291026]\n [-0.59298204 -3.4975633   2.47499893 -1.58171512 -1.94291026  5.90496054]]", "nfev": "196", "njev": "28", "status": "0", "success": "True", "message": "Optimization terminated successfully.", "x": "[ 1.8873329   3.19665475 -2.75085382  7.6366414   5.4213988   4.22057405]", "nit": "21"}, "11": {"maxiter": 500, "gtol": 1e-05, "xrtol": 1e-10, "eps": 1e-10, "duration": 0.03374481201171875, "fun": "0.0486375205475732", "jac": "[ 5.55111466e-06  2.22044587e-06 -1.11022293e-06  5.55111466e-06\n -3.33066880e-06 -3.33066880e-06]", "hess_inv": "[[ 2.93005672 -0.2123457  -0.25022266 -1.40310487  1.11092315 -0.60737413]\n [-0.2123457   5.70102582  0.18562115  1.31219788 -0.30336783 -3.50881358]\n [-0.25022266  0.18562115  4.96482276 -2.11407543 -2.94471145  2.4668426 ]\n [-1.40310487  1.31219788 -2.11407543  4.07160657  0.70471676 -1.58137624]\n [ 1.11092315 -0.30336783 -2.94471145  0.70471676  4.35854445 -1.94242577]\n [-0.60737413 -3.50881358  2.4668426  -1.58137624 -1.94242577  5.90183547]]", "nfev": "196", "njev": "28", "status": "0", "success": "True", "message": "Optimization terminated successfully.", "x": "[ 1.88732049  3.19664359 -2.75084446  7.6366502   5.4213943   4.2205904 ]", "nit": "21"}, "12": {"maxiter": 500, "gtol": 1e-10, "xrtol": 1e-05, "eps": 1e-05, "duration": 0.03490495681762695, "fun": "0.048637520401768386", "jac": "[ 1.48903112e-07  6.12931927e-07 -1.26836319e-06  1.93989269e-07\n -9.02466990e-07  1.90658600e-07]", "hess_inv": "[[ 3.18622854  0.30771042 -0.49765288 -1.24431869  1.19149634 -1.21364625]\n [ 0.30771042  6.4982734  -0.01424445  1.34993473 -0.18017924 -4.39977956]\n [-0.49765288 -0.01424445  4.85963307 -1.9115275  -3.0057414   2.66357064]\n [-1.24431869  1.34993473 -1.9115275   3.79669971  0.73402101 -1.57754688]\n [ 1.19149634 -0.18017924 -3.0057414   0.73402101  4.39007252 -2.08871702]\n [-1.21364625 -4.39977956  2.66357064 -1.57754688 -2.08871702  6.89051227]]", "nfev": "203", "njev": "29", "status": "0", "success": "True", "message": "Optimization terminated successfully.", "x": "[ 1.88730505  3.19660924 -2.75083692  7.63663324  5.4213918   4.22062463]", "nit": "22"}, "13": {"maxiter": 500, "gtol": 1e-10, "xrtol": 1e-05, "eps": 1e-10, "duration": 0.03482985496520996, "fun": "0.048637520382809996", "jac": "[-2.22044587e-06  2.22044587e-06 -3.33066880e-06 -3.33066880e-06\n -3.33066880e-06 -2.22044587e-06]", "hess_inv": "[[ 3.03379203  0.23063393 -0.47484082 -1.09494837  1.17709413 -1.1129629 ]\n [ 0.23063393  6.47284454  0.08243697  1.38943723 -0.17278992 -4.31822613]\n [-0.47484082  0.08243697  4.79686181 -1.83448118 -2.97180937  2.52996177]\n [-1.09494837  1.38943723 -1.83448118  3.61688116  0.73316275 -1.59045277]\n [ 1.17709413 -0.17278992 -2.97180937  0.73316275  4.3801245  -2.08175567]\n [-1.1129629  -4.31822613  2.52996177 -1.59045277 -2.08175567  6.73948658]]", "nfev": "203", "njev": "29", "status": "0", "success": "True", "message": "Optimization terminated successfully.", "x": "[ 1.88730891  3.19660536 -2.75082797  7.63662822  5.42138843  4.22063332]", "nit": "22"}, "14": {"maxiter": 500, "gtol": 1e-10, "xrtol": 1e-10, "eps": 1e-05, "duration": 0.03968501091003418, "fun": "0.04863752039227531", "jac": "[ 2.22044605e-11  0.00000000e+00  0.00000000e+00 -4.44089210e-11\n  2.22044605e-11  0.00000000e+00]", "hess_inv": "[[ 3.21507123  0.09970895 -0.48658762 -1.13991276  1.25758097 -1.10741932]\n [ 0.09970895  6.992198   -0.39398239  1.58860672 -0.33671208 -4.7158646 ]\n [-0.48658762 -0.39398239  5.11751594 -2.08905444 -2.95818071  2.98455519]\n [-1.13991276  1.58860672 -2.08905444  3.96278284  0.76728479 -1.85494279]\n [ 1.25758097 -0.33671208 -2.95818071  0.76728479  4.45530023 -2.01963941]\n [-1.10741932 -4.7158646   2.98455519 -1.85494279 -2.01963941  7.14268871]]", "nfev": "231", "njev": "33", "status": "0", "success": "True", "message": "Optimization terminated successfully.", "x": "[ 1.8873055   3.19660462 -2.7508328   7.63662991  5.42139234  4.22062875]", "nit": "26"}, "15": {"maxiter": 500, "gtol": 1e-10, "xrtol": 1e-10, "eps": 1e-10, "duration": 0.08145618438720703, "fun": "0.048637520374607446", "jac": "[ 0.00000000e+00  0.00000000e+00 -2.22044587e-06  0.00000000e+00\n -2.22044587e-06  0.00000000e+00]", "hess_inv": "[[ 0.1455428  -0.00158487 -0.25812212  0.15824112  0.06464721  0.03151619]\n [-0.00158487  0.52242609 -0.6229736   0.36769385  0.56904448 -0.72024349]\n [-0.25812212 -0.6229736   1.32499355 -0.76144434 -0.88765852  0.92375698]\n [ 0.15824112  0.36769385 -0.76144434  0.46729702  0.51481889 -0.49489806]\n [ 0.06464721  0.56904448 -0.88765852  0.51481889  0.93666466 -1.03671592]\n [ 0.03151619 -0.72024349  0.92375698 -0.49489806 -1.03671592  1.43111308]]", "nfev": "473", "njev": "66", "status": "0", "success": "True", "message": "Optimization terminated successfully.", "x": "[ 1.8873087   3.19660403 -2.75082801  7.63662876  5.42139217  4.22063495]", "nit": "31"}, "16": {"maxiter": 1000, "gtol": 1e-05, "xrtol": 1e-05, "eps": 1e-05, "duration": 0.03401303291320801, "fun": "0.04863752070523508", "jac": "[ 9.17567133e-06  4.10377288e-06 -2.95881097e-06  1.86738403e-06\n -4.43601822e-06 -2.87773139e-06]", "hess_inv": "[[ 2.84563439 -0.25053755 -0.28807268 -1.34683738  1.10582511 -0.59298204]\n [-0.25053755  5.67430906  0.17632881  1.33297447 -0.31244128 -3.4975633 ]\n [-0.28807268  0.17632881  4.98762487 -2.10226435 -2.96672895  2.47499893]\n [-1.34683738  1.33297447 -2.10226435  4.01656638  0.72177111 -1.58171512]\n [ 1.10582511 -0.31244128 -2.96672895  0.72177111  4.36925413 -1.94291026]\n [-0.59298204 -3.4975633   2.47499893 -1.58171512 -1.94291026  5.90496054]]", "nfev": "196", "njev": "28", "status": "0", "success": "True", "message": "Optimization terminated successfully.", "x": "[ 1.8873329   3.19665475 -2.75085382  7.6366414   5.4213988   4.22057405]", "nit": "21"}, "17": {"maxiter": 1000, "gtol": 1e-05, "xrtol": 1e-05, "eps": 1e-10, "duration": 0.03399205207824707, "fun": "0.0486375205475732", "jac": "[ 5.55111466e-06  2.22044587e-06 -1.11022293e-06  5.55111466e-06\n -3.33066880e-06 -3.33066880e-06]", "hess_inv": "[[ 2.93005672 -0.2123457  -0.25022266 -1.40310487  1.11092315 -0.60737413]\n [-0.2123457   5.70102582  0.18562115  1.31219788 -0.30336783 -3.50881358]\n [-0.25022266  0.18562115  4.96482276 -2.11407543 -2.94471145  2.4668426 ]\n [-1.40310487  1.31219788 -2.11407543  4.07160657  0.70471676 -1.58137624]\n [ 1.11092315 -0.30336783 -2.94471145  0.70471676  4.35854445 -1.94242577]\n [-0.60737413 -3.50881358  2.4668426  -1.58137624 -1.94242577  5.90183547]]", "nfev": "196", "njev": "28", "status": "0", "success": "True", "message": "Optimization terminated successfully.", "x": "[ 1.88732049  3.19664359 -2.75084446  7.6366502   5.4213943   4.2205904 ]", "nit": "21"}, "18": {"maxiter": 1000, "gtol": 1e-05, "xrtol": 1e-10, "eps": 1e-05, "duration": 0.03400301933288574, "fun": "0.04863752070523508", "jac": "[ 9.17567133e-06  4.10377288e-06 -2.95881097e-06  1.86738403e-06\n -4.43601822e-06 -2.87773139e-06]", "hess_inv": "[[ 2.84563439 -0.25053755 -0.28807268 -1.34683738  1.10582511 -0.59298204]\n [-0.25053755  5.67430906  0.17632881  1.33297447 -0.31244128 -3.4975633 ]\n [-0.28807268  0.17632881  4.98762487 -2.10226435 -2.96672895  2.47499893]\n [-1.34683738  1.33297447 -2.10226435  4.01656638  0.72177111 -1.58171512]\n [ 1.10582511 -0.31244128 -2.96672895  0.72177111  4.36925413 -1.94291026]\n [-0.59298204 -3.4975633   2.47499893 -1.58171512 -1.94291026  5.90496054]]", "nfev": "196", "njev": "28", "status": "0", "success": "True", "message": "Optimization terminated successfully.", "x": "[ 1.8873329   3.19665475 -2.75085382  7.6366414   5.4213988   4.22057405]", "nit": "21"}, "19": {"maxiter": 1000, "gtol": 1e-05, "xrtol": 1e-10, "eps": 1e-10, "duration": 0.03403210639953613, "fun": "0.0486375205475732", "jac": "[ 5.55111466e-06  2.22044587e-06 -1.11022293e-06  5.55111466e-06\n -3.33066880e-06 -3.33066880e-06]", "hess_inv": "[[ 2.93005672 -0.2123457  -0.25022266 -1.40310487  1.11092315 -0.60737413]\n [-0.2123457   5.70102582  0.18562115  1.31219788 -0.30336783 -3.50881358]\n [-0.25022266  0.18562115  4.96482276 -2.11407543 -2.94471145  2.4668426 ]\n [-1.40310487  1.31219788 -2.11407543  4.07160657  0.70471676 -1.58137624]\n [ 1.11092315 -0.30336783 -2.94471145  0.70471676  4.35854445 -1.94242577]\n [-0.60737413 -3.50881358  2.4668426  -1.58137624 -1.94242577  5.90183547]]", "nfev": "196", "njev": "28", "status": "0", "success": "True", "message": "Optimization terminated successfully.", "x": "[ 1.88732049  3.19664359 -2.75084446  7.6366502   5.4213943   4.2205904 ]", "nit": "21"}, "20": {"maxiter": 1000, "gtol": 1e-10, "xrtol": 1e-05, "eps": 1e-05, "duration": 0.03516411781311035, "fun": "0.048637520401768386", "jac": "[ 1.48903112e-07  6.12931927e-07 -1.26836319e-06  1.93989269e-07\n -9.02466990e-07  1.90658600e-07]", "hess_inv": "[[ 3.18622854  0.30771042 -0.49765288 -1.24431869  1.19149634 -1.21364625]\n [ 0.30771042  6.4982734  -0.01424445  1.34993473 -0.18017924 -4.39977956]\n [-0.49765288 -0.01424445  4.85963307 -1.9115275  -3.0057414   2.66357064]\n [-1.24431869  1.34993473 -1.9115275   3.79669971  0.73402101 -1.57754688]\n [ 1.19149634 -0.18017924 -3.0057414   0.73402101  4.39007252 -2.08871702]\n [-1.21364625 -4.39977956  2.66357064 -1.57754688 -2.08871702  6.89051227]]", "nfev": "203", "njev": "29", "status": "0", "success": "True", "message": "Optimization terminated successfully.", "x": "[ 1.88730505  3.19660924 -2.75083692  7.63663324  5.4213918   4.22062463]", "nit": "22"}, "21": {"maxiter": 1000, "gtol": 1e-10, "xrtol": 1e-05, "eps": 1e-10, "duration": 0.03517413139343262, "fun": "0.048637520382809996", "jac": "[-2.22044587e-06  2.22044587e-06 -3.33066880e-06 -3.33066880e-06\n -3.33066880e-06 -2.22044587e-06]", "hess_inv": "[[ 3.03379203  0.23063393 -0.47484082 -1.09494837  1.17709413 -1.1129629 ]\n [ 0.23063393  6.47284454  0.08243697  1.38943723 -0.17278992 -4.31822613]\n [-0.47484082  0.08243697  4.79686181 -1.83448118 -2.97180937  2.52996177]\n [-1.09494837  1.38943723 -1.83448118  3.61688116  0.73316275 -1.59045277]\n [ 1.17709413 -0.17278992 -2.97180937  0.73316275  4.3801245  -2.08175567]\n [-1.1129629  -4.31822613  2.52996177 -1.59045277 -2.08175567  6.73948658]]", "nfev": "203", "njev": "29", "status": "0", "success": "True", "message": "Optimization terminated successfully.", "x": "[ 1.88730891  3.19660536 -2.75082797  7.63662822  5.42138843  4.22063332]", "nit": "22"}, "22": {"maxiter": 1000, "gtol": 1e-10, "xrtol": 1e-10, "eps": 1e-05, "duration": 0.04003500938415527, "fun": "0.04863752039227531", "jac": "[ 2.22044605e-11  0.00000000e+00  0.00000000e+00 -4.44089210e-11\n  2.22044605e-11  0.00000000e+00]", "hess_inv": "[[ 3.21507123  0.09970895 -0.48658762 -1.13991276  1.25758097 -1.10741932]\n [ 0.09970895  6.992198   -0.39398239  1.58860672 -0.33671208 -4.7158646 ]\n [-0.48658762 -0.39398239  5.11751594 -2.08905444 -2.95818071  2.98455519]\n [-1.13991276  1.58860672 -2.08905444  3.96278284  0.76728479 -1.85494279]\n [ 1.25758097 -0.33671208 -2.95818071  0.76728479  4.45530023 -2.01963941]\n [-1.10741932 -4.7158646   2.98455519 -1.85494279 -2.01963941  7.14268871]]", "nfev": "231", "njev": "33", "status": "0", "success": "True", "message": "Optimization terminated successfully.", "x": "[ 1.8873055   3.19660462 -2.7508328   7.63662991  5.42139234  4.22062875]", "nit": "26"}, "23": {"maxiter": 1000, "gtol": 1e-10, "xrtol": 1e-10, "eps": 1e-10, "duration": 0.08121204376220703, "fun": "0.048637520374607446", "jac": "[ 0.00000000e+00  0.00000000e+00 -2.22044587e-06  0.00000000e+00\n -2.22044587e-06  0.00000000e+00]", "hess_inv": "[[ 0.1455428  -0.00158487 -0.25812212  0.15824112  0.06464721  0.03151619]\n [-0.00158487  0.52242609 -0.6229736   0.36769385  0.56904448 -0.72024349]\n [-0.25812212 -0.6229736   1.32499355 -0.76144434 -0.88765852  0.92375698]\n [ 0.15824112  0.36769385 -0.76144434  0.46729702  0.51481889 -0.49489806]\n [ 0.06464721  0.56904448 -0.88765852  0.51481889  0.93666466 -1.03671592]\n [ 0.03151619 -0.72024349  0.92375698 -0.49489806 -1.03671592  1.43111308]]", "nfev": "473", "njev": "66", "status": "0", "success": "True", "message": "Optimization terminated successfully.", "x": "[ 1.8873087   3.19660403 -2.75082801  7.63662876  5.42139217  4.22063495]", "nit": "31"}}, "cobyla": {"0": {"maxiter": 100, "tol": 1e-05, "catol": 1e-05, "duration": 0.016650915145874023, "x": "[4.07344957 0.47238898 1.4953363  6.94084728 4.30437739 5.19112448]", "status": "2", "success": "False", "message": "Maximum number of function evaluations has been exceeded.", "nfev": "100", "fun": "0.20781688350503535", "maxcv": "0.0"}, "1": {"maxiter": 100, "tol": 1e-05, "catol": 1e-10, "duration": 0.016617298126220703, "x": "[4.07344957 0.47238898 1.4953363  6.94084728 4.30437739 5.19112448]", "status": "2", "success": "False", "message": "Maximum number of function evaluations has been exceeded.", "nfev": "100", "fun": "0.20781688350503535", "maxcv": "0.0"}, "2": {"maxiter": 100, "tol": 1e-10, "catol": 1e-05, "duration": 0.016546249389648438, "x": "[4.07344957 0.47238898 1.4953363  6.94084728 4.30437739 5.19112448]", "status": "2", "success": "False", "message": "Maximum number of function evaluations has been exceeded.", "nfev": "100", "fun": "0.20781688350503535", "maxcv": "0.0"}, "3": {"maxiter": 100, "tol": 1e-10, "catol": 1e-10, "duration": 0.016555070877075195, "x": "[4.07344957 0.47238898 1.4953363  6.94084728 4.30437739 5.19112448]", "status": "2", "success": "False", "message": "Maximum number of function evaluations has been exceeded.", "nfev": "100", "fun": "0.20781688350503535", "maxcv": "0.0"}, "4": {"maxiter": 500, "tol": 1e-05, "catol": 1e-05, "duration": 0.06223011016845703, "x": "[4.39588168 0.05500463 0.39079075 7.63662919 5.4213766  4.22065249]", "status": "1", "success": "True", "message": "Optimization terminated successfully.", "nfev": "375", "fun": "0.048637520453844285", "maxcv": "0.0"}, "5": {"maxiter": 500, "tol": 1e-05, "catol": 1e-10, "duration": 0.06170392036437988, "x": "[4.39588168 0.05500463 0.39079075 7.63662919 5.4213766  4.22065249]", "status": "1", "success": "True", "message": "Optimization terminated successfully.", "nfev": "375", "fun": "0.048637520453844285", "maxcv": "0.0"}, "6": {"maxiter": 500, "tol": 1e-10, "catol": 1e-05, "duration": 0.08219575881958008, "x": "[4.39587561 0.05501613 0.39076596 7.63663135 5.42139444 4.22063243]", "status": "2", "success": "False", "message": "Maximum number of function evaluations has been exceeded.", "nfev": "500", "fun": "0.04863752036913782", "maxcv": "0.0"}, "7": {"maxiter": 500, "tol": 1e-10, "catol": 1e-10, "duration": 0.0826261043548584, "x": "[4.39587561 0.05501613 0.39076596 7.63663135 5.42139444 4.22063243]", "status