{"date": "2024/07/19/, 13:41:37", "conf_id": 197, "data_type": "non_lin_ind\n", "num_data_points": 2, "s_rank": 0, "unitary": "[[0.18663085-0.53122324j,-0.11886349-0.70040876j,0.28555095-0.02789305j,-0.12262021-0.2844587j],[-0.16702216+0.27758472j,0.27526351-0.29738586j,-0.01109314+0.22495461j,-0.77239203+0.28900673j],[0.61935415+0.12301792j,-0.31269928-0.03315917j,-0.61902762-0.19039079j,-0.27120731-0.0968989j],[0.42341754+0.0023929j,-0.05847358+0.47832119j,0.64900495-0.16218422j,-0.37182676-0.05229966j]]", "databatch_0": {"databatch": "[[[-0.30312381+0.09782776j,0.20783119-0.10565208j,-0.06251466+0.17349916j,-0.32085039+0.00195865j],[-0.10069171+0.00925166j,-0.00180644+0.37446398j,-0.1999747+0.26064028j,0.21643992-0.22349401j],[0.15669831+0.0223559j,-0.26616166-0.04158978j,-0.22488658+0.19881956j,0.10556822-0.09979574j],[0.23850014+0.13690445j,-0.03331372+0.05371744j,-0.03740601+0.03176615j,-0.24670506+0.01831835j]],[[0.12364242+0.14151619j,-0.10882838-0.18245322j,-0.25367036+0.07562801j,0.05424495+0.01550205j],[-0.38646152-0.06122564j,-0.20935735+0.24352264j,0.18456892+0.27614395j,-0.10268368-0.14159621j],[0.15029907-0.09316862j,0.0556996+0.12177917j,0.23692132-0.0113623j,-0.00259585+0.02698493j],[0.15565829+0.43718738j,-0.17662577+0.08613679j,-0.05889785+0.2717478j,-0.10508491+0.02483289j]]]", "initial param values": "[1.61590511,3.91756524,1.87530625,5.19350653,2.23817818,2.96260417]", "nelder_mead": {"type": "gradient-free", "0": {"maxiter": 100, "fatol": 1e-05, "xatol": 1e-05, "duration": 0.02544999122619629, "fun": "0.2569757885385948", "nit": "100", "nfev": "147", "status": "2", "success": "False", "message": "Maximum number of iterations has been exceeded.", "x": "[1.63073057 7.38207043 3.57672447 2.39687853 0.38609405 2.61734584]", "final_simplex": "(array([[1.63073057, 7.38207043, 3.57672447, 2.39687853, 0.38609405,\n        2.61734584],\n       [1.61277066, 7.45794737, 3.56572964, 2.2502827 , 0.40204335,\n        2.5336188 ],\n       [1.54973907, 7.48669256, 3.60464855, 2.32626712, 0.31391943,\n        2.72425561],\n       [1.59031262, 7.56075261, 3.48854076, 2.31511627, 0.4616935 ,\n        2.65254865],\n       [1.62352076, 7.53834865, 3.62864591, 2.2470145 , 0.35375942,\n        2.5667112 ],\n       [1.62329009, 7.39553102, 3.58921872, 2.51910551, 0.43525698,\n        2.5915347 ],\n       [1.67296554, 7.2594331 , 3.61374688, 2.27765768, 0.398805  ,\n        2.61005069]]), array([0.25697579, 0.25756152, 0.25838761, 0.25898076, 0.26077275,\n       0.26222233, 0.26570047]))"}, "1": {"maxiter": 100, "fatol": 1e-05, "xatol": 1e-10, "duration": 0.025322914123535156, "fun": "0.2569757885385948", "nit": "100", "nfev": "147", "status": "2", "success": "False", "message": "Maximum number of iterations has been exceeded.", "x": "[1.63073057 7.38207043 3.57672447 2.39687853 0.38609405 2.61734584]", "final_simplex": "(array([[1.63073057, 7.38207043, 3.57672447, 2.39687853, 0.38609405,\n        2.61734584],\n       [1.61277066, 7.45794737, 3.56572964, 2.2502827 , 0.40204335,\n        2.5336188 ],\n       [1.54973907, 7.48669256, 3.60464855, 2.32626712, 0.31391943,\n        2.72425561],\n       [1.59031262, 7.56075261, 3.48854076, 2.31511627, 0.4616935 ,\n        2.65254865],\n       [1.62352076, 7.53834865, 3.62864591, 2.2470145 , 0.35375942,\n        2.5667112 ],\n       [1.62329009, 7.39553102, 3.58921872, 2.51910551, 0.43525698,\n        2.5915347 ],\n       [1.67296554, 7.2594331 , 3.61374688, 2.27765768, 0.398805  ,\n        2.61005069]]), array([0.25697579, 0.25756152, 0.25838761, 0.25898076, 0.26077275,\n       0.26222233, 0.26570047]))"}, "2": {"maxiter": 100, "fatol": 1e-10, "xatol": 1e-05, "duration": 0.0249941349029541, "fun": "0.2569757885385948", "nit": "100", "nfev": "147", "status": "2", "success": "False", "message": "Maximum number of iterations has been exceeded.", "x": "[1.63073057 7.38207043 3.57672447 2.39687853 0.38609405 2.61734584]", "final_simplex": "(array([[1.63073057, 7.38207043, 3.57672447, 2.39687853, 0.38609405,\n        2.61734584],\n       [1.61277066, 7.45794737, 3.56572964, 2.2502827 , 0.40204335,\n        2.5336188 ],\n       [1.54973907, 7.48669256, 3.60464855, 2.32626712, 0.31391943,\n        2.72425561],\n       [1.59031262, 7.56075261, 3.48854076, 2.31511627, 0.4616935 ,\n        2.65254865],\n       [1.62352076, 7.53834865, 3.62864591, 2.2470145 , 0.35375942,\n        2.5667112 ],\n       [1.62329009, 7.39553102, 3.58921872, 2.51910551, 0.43525698,\n        2.5915347 ],\n       [1.67296554, 7.2594331 , 3.61374688, 2.27765768, 0.398805  ,\n        2.61005069]]), array([0.25697579, 0.25756152, 0.25838761, 0.25898076, 0.26077275,\n       0.26222233, 0.26570047]))"}, "3": {"maxiter": 100, "fatol": 1e-10, "xatol": 1e-10, "duration": 0.025028228759765625, "fun": "0.2569757885385948", "nit": "100", "nfev": "147", "status": "2", "success": "False", "message": "Maximum number of iterations has been exceeded.", "x": "[1.63073057 7.38207043 3.57672447 2.39687853 0.38609405 2.61734584]", "final_simplex": "(array([[1.63073057, 7.38207043, 3.57672447, 2.39687853, 0.38609405,\n        2.61734584],\n       [1.61277066, 7.45794737, 3.56572964, 2.2502827 , 0.40204335,\n        2.5336188 ],\n       [1.54973907, 7.48669256, 3.60464855, 2.32626712, 0.31391943,\n        2.72425561],\n       [1.59031262, 7.56075261, 3.48854076, 2.31511627, 0.4616935 ,\n        2.65254865],\n       [1.62352076, 7.53834865, 3.62864591, 2.2470145 , 0.35375942,\n        2.5667112 ],\n       [1.62329009, 7.39553102, 3.58921872, 2.51910551, 0.43525698,\n        2.5915347 ],\n       [1.67296554, 7.2594331 , 3.61374688, 2.27765768, 0.398805  ,\n        2.61005069]]), array([0.25697579, 0.25756152, 0.25838761, 0.25898076, 0.26077275,\n       0.26222233, 0.26570047]))"}, "4": {"maxiter": 500, "fatol": 1e-05, "xatol": 1e-05, "duration": 0.08039999008178711, "fun": "0.2499581127438999", "nit": "304", "nfev": "475", "status": "0", "success": "True", "message": "Optimization terminated successfully.", "x": "[1.45064684 7.42939076 3.48132378 2.35085727 0.32082973 2.54199445]", "final_simplex": "(array([[1.45064684, 7.42939076, 3.48132378, 2.35085727, 0.32082973,\n        2.54199445],\n       [1.45064773, 7.42939724, 3.48133013, 2.35085351, 0.32082038,\n        2.54199121],\n       [1.45065179, 7.42939223, 3.48133006, 2.3508596 , 0.32082821,\n        2.54200335],\n       [1.45064828, 7.42939947, 3.48132954, 2.35085356, 0.32083256,\n        2.54200106],\n       [1.45065621, 7.42939794, 3.48132748, 2.35085269, 0.32082485,\n        2.54199228],\n       [1.45065533, 7.42939527, 3.48132086, 2.35086201, 0.32082165,\n        2.54199998],\n       [1.45065586, 7.42939893, 3.48132963, 2.35086438, 0.32082094,\n        2.54199054]]), array([0.24995811, 0.24995811, 0.24995811, 0.24995811, 0.24995811,\n       0.24995811, 0.24995811]))"}, "5": {"maxiter": 500, "fatol": 1e-05, "xatol": 1e-10, "duration": 0.12283587455749512, "fun": "0.24995811273027846", "nit": "427", "nfev": "724", "status": "0", "success": "True", "message": "Optimization terminated successfully.", "x": "[1.45064451 7.42938591 3.48132195 2.3508616  0.32082192 2.54198578]", "final_simplex": "(array([[1.45064451, 7.42938591, 3.48132195, 2.3508616 , 0.32082192,\n        2.54198578],\n       [1.45064451, 7.42938591, 3.48132195, 2.3508616 , 0.32082192,\n        2.54198578],\n       [1.45064451, 7.42938591, 3.48132195, 2.3508616 , 0.32082192,\n        2.54198578],\n       [1.45064451, 7.42938591, 3.48132195, 2.3508616 , 0.32082192,\n        2.54198578],\n       [1.45064451, 7.42938591, 3.48132195, 2.3508616 , 0.32082192,\n        2.54198578],\n       [1.45064451, 7.42938591, 3.48132195, 2.3508616 , 0.32082192,\n        2.54198578],\n       [1.45064451, 7.42938591, 3.48132195, 2.3508616 , 0.32082192,\n        2.54198578]]), array([0.24995811, 0.24995811, 0.24995811, 0.24995811, 0.24995811,\n       0.24995811, 0.24995811]))"}, "6": {"maxiter": 500, "fatol": 1e-10, "xatol": 1e-05, "duration": 0.08028388023376465, "fun": "0.2499581127438999", "nit": "304", "nfev": "475", "status": "0", "success": "True", "message": "Optimization terminated successfully.", "x": "[1.45064684 7.42939076 3.48132378 2.35085727 0.32082973 2.54199445]", "final_simplex": "(array([[1.45064684, 7.42939076, 3.48132378, 2.35085727, 0.32082973,\n        2.54199445],\n       [1.45064773, 7.42939724, 3.48133013, 2.35085351, 0.32082038,\n        2.54199121],\n       [1.45065179, 7.42939223, 3.48133006, 2.3508596 , 0.32082821,\n        2.54200335],\n       [1.45064828, 7.42939947, 3.48132954, 2.35085356, 0.32083256,\n        2.54200106],\n       [1.45065621, 7.42939794, 3.48132748, 2.35085269, 0.32082485,\n        2.54199228],\n       [1.45065533, 7.42939527, 3.48132086, 2.35086201, 0.32082165,\n        2.54199998],\n       [1.45065586, 7.42939893, 3.48132963, 2.35086438, 0.32082094,\n        2.54199054]]), array([0.24995811, 0.24995811, 0.24995811, 0.24995811, 0.24995811,\n       0.24995811, 0.24995811]))"}, "7": {"maxiter": 500, "fatol": 1e-10, "xatol": 1e-10, "duration": 0.12433385848999023, "fun": "0.24995811273027846", "nit": "427", "nfev": "724", "status": "0", "success": "True", "message": "Optimization terminated successfully.", "x": "[1.45064451 7.42938591 3.48132195 2.3508616  0.32082192 2.54198578]", "final_simplex": "(array([[1.45064451, 7.42938591, 3.48132195, 2.3508616 , 0.32082192,\n        2.54198578],\n       [1.45064451, 7.42938591, 3.48132195, 2.3508616 , 0.32082192,\n        2.54198578],\n       [1.45064451, 7.42938591, 3.48132195, 2.3508616 , 0.32082192,\n        2.54198578],\n       [1.45064451, 7.42938591, 3.48132195, 2.3508616 , 0.32082192,\n        2.54198578],\n       [1.45064451, 7.42938591, 3.48132195, 2.3508616 , 0.32082192,\n        2.54198578],\n       [1.45064451, 7.42938591, 3.48132195, 2.3508616 , 0.32082192,\n        2.54198578],\n       [1.45064451, 7.42938591, 3.48132195, 2.3508616 , 0.32082192,\n        2.54198578]]), array([0.24995811, 0.24995811, 0.24995811, 0.24995811, 0.24995811,\n       0.24995811, 0.24995811]))"}, "8": {"maxiter": 1000, "fatol": 1e-05, "xatol": 1e-05, "duration": 0.08141088485717773, "fun": "0.2499581127438999", "nit": "304", "nfev": "475", "status": "0", "success": "True", "message": "Optimization terminated successfully.", "x": "[1.45064684 7.42939076 3.48132378 2.35085727 0.32082973 2.54199445]", "final_simplex": "(array([[1.45064684, 7.42939076, 3.48132378, 2.35085727, 0.32082973,\n        2.54199445],\n       [1.45064773, 7.42939724, 3.48133013, 2.35085351, 0.32082038,\n        2.54199121],\n       [1.45065179, 7.42939223, 3.48133006, 2.3508596 , 0.32082821,\n        2.54200335],\n       [1.45064828, 7.42939947, 3.48132954, 2.35085356, 0.32083256,\n        2.54200106],\n       [1.45065621, 7.42939794, 3.48132748, 2.35085269, 0.32082485,\n        2.54199228],\n       [1.45065533, 7.42939527, 3.48132086, 2.35086201, 0.32082165,\n        2.54199998],\n       [1.45065586, 7.42939893, 3.48132963, 2.35086438, 0.32082094,\n        2.54199054]]), array([0.24995811, 0.24995811, 0.24995811, 0.24995811, 0.24995811,\n       0.24995811, 0.24995811]))"}, "9": {"maxiter": 1000, "fatol": 1e-05, "xatol": 1e-10, "duration": 0.12259888648986816, "fun": "0.24995811273027846", "nit": "427", "nfev": "724", "status": "0", "success": "True", "message": "Optimization terminated successfully.", "x": "[1.45064451 7.42938591 3.48132195 2.3508616  0.32082192 2.54198578]", "final_simplex": "(array([[1.45064451, 7.42938591, 3.48132195, 2.3508616 , 0.32082192,\n        2.54198578],\n       [1.45064451, 7.42938591, 3.48132195, 2.3508616 , 0.32082192,\n        2.54198578],\n       [1.45064451, 7.42938591, 3.48132195, 2.3508616 , 0.32082192,\n        2.54198578],\n       [1.45064451, 7.42938591, 3.48132195, 2.3508616 , 0.32082192,\n        2.54198578],\n       [1.45064451, 7.42938591, 3.48132195, 2.3508616 , 0.32082192,\n        2.54198578],\n       [1.45064451, 7.42938591, 3.48132195, 2.3508616 , 0.32082192,\n        2.54198578],\n       [1.45064451, 7.42938591, 3.48132195, 2.3508616 , 0.32082192,\n        2.54198578]]), array([0.24995811, 0.24995811, 0.24995811, 0.24995811, 0.24995811,\n       0.24995811, 0.24995811]))"}, "10": {"maxiter": 1000, "fatol": 1e-10, "xatol": 1e-05, "duration": 0.08118295669555664, "fun": "0.2499581127438999", "nit": "304", "nfev": "475", "status": "0", "success": "True", "message": "Optimization terminated successfully.", "x": "[1.45064684 7.42939076 3.48132378 2.35085727 0.32082973 2.54199445]", "final_simplex": "(array([[1.45064684, 7.42939076, 3.48132378, 2.35085727, 0.32082973,\n        2.54199445],\n       [1.45064773, 7.42939724, 3.48133013, 2.35085351, 0.32082038,\n        2.54199121],\n       [1.45065179, 7.42939223, 3.48133006, 2.3508596 , 0.32082821,\n        2.54200335],\n       [1.45064828, 7.42939947, 3.48132954, 2.35085356, 0.32083256,\n        2.54200106],\n       [1.45065621, 7.42939794, 3.48132748, 2.35085269, 0.32082485,\n        2.54199228],\n       [1.45065533, 7.42939527, 3.48132086, 2.35086201, 0.32082165,\n        2.54199998],\n       [1.45065586, 7.42939893, 3.48132963, 2.35086438, 0.32082094,\n        2.54199054]]), array([0.24995811, 0.24995811, 0.24995811, 0.24995811, 0.24995811,\n       0.24995811, 0.24995811]))"}, "11": {"maxiter": 1000, "fatol": 1e-10, "xatol": 1e-10, "duration": 0.12206912040710449, "fun": "0.24995811273027846", "nit": "427", "nfev": "724", "status": "0", "success": "True", "message": "Optimization terminated successfully.", "x": "[1.45064451 7.42938591 3.48132195 2.3508616  0.32082192 2.54198578]", "final_simplex": "(array([[1.45064451, 7.42938591, 3.48132195, 2.3508616 , 0.32082192,\n        2.54198578],\n       [1.45064451, 7.42938591, 3.48132195, 2.3508616 , 0.32082192,\n        2.54198578],\n       [1.45064451, 7.42938591, 3.48132195, 2.3508616 , 0.32082192,\n        2.54198578],\n       [1.45064451, 7.42938591, 3.48132195, 2.3508616 , 0.32082192,\n        2.54198578],\n       [1.45064451, 7.42938591, 3.48132195, 2.3508616 , 0.32082192,\n        2.54198578],\n       [1.45064451, 7.42938591, 3.48132195, 2.3508616 , 0.32082192,\n        2.54198578],\n       [1.45064451, 7.42938591, 3.48132195, 2.3508616 , 0.32082192,\n        2.54198578]]), array([0.24995811, 0.24995811, 0.24995811, 0.24995811, 0.24995811,\n       0.24995811, 0.24995811]))"}}, "bfgs": {"type": "gradient", "0": {"maxiter": 100, "gtol": 1e-05, "xrtol": 1e-05, "eps": 1e-05, "duration": 0.03854990005493164, "fun": "0.24995811279081837", "jac": "[-1.46105350e-08 -2.85549362e-08  1.01585407e-08 -4.14446255e-08\n -3.16413562e-09  2.64677169e-08]", "hess_inv": "[[ 2.94005839  0.04263315 -0.19780684 -0.09174539 -0.09142995 -0.03706069]\n [ 0.04263315  2.86391914 -0.36904159  0.46993445 -0.62031827  0.16476847]\n [-0.19780684 -0.36904159  3.30922536  0.29564845  1.63017129  1.76734206]\n [-0.09174539  0.46993445  0.29564845  3.22027563 -0.16725866 -0.39645965]\n [-0.09142995 -0.62031827  1.63017129 -0.16725866  6.26182437  4.85623397]\n [-0.03706069  0.16476847  1.76734206 -0.39645965  4.85623397  7.16856482]]", "nfev": "224", "njev": "32", "status": "0", "success": "True", "message": "Optimization terminated successfully.", "x": "[4.83253617 4.28778801 6.62290341 3.93231788 3.46239404 5.68355538]", "nit": "24"}, "1": {"maxiter": 100, "gtol": 1e-05, "xrtol": 1e-05, "eps": 1e-10, "duration": 0.0384519100189209, "fun": "0.24995811276100122", "jac": "[-1.11022293e-06  0.00000000e+00  1.11022293e-06  4.44089173e-06\n -1.11022293e-06 -1.11022293e-06]", "hess_inv": "[[ 2.84277644  0.10038904 -0.21250855 -0.05619305 -0.14057311 -0.14600891]\n [ 0.10038904  3.05609371 -0.41068409  0.53525316 -0.65719033  0.11452712]\n [-0.21250855 -0.41068409  3.32109777  0.27865141  1.61915494  1.7586179 ]\n [-0.05619305  0.53525316  0.27865141  3.36192654 -0.17019673 -0.45622388]\n [-0.14057311 -0.65719033  1.61915494 -0.17019673  6.23148688  4.77357122]\n [-0.14600891  0.11452712  1.7586179  -0.45622388  4.77357122  7.04226532]]", "nfev": "224", "njev": "32", "status": "0", "success": "True", "message": "Optimization terminated successfully.", "x": "[4.83253439 4.28778929 6.62291226 3.93233152 3.46240545 5.68356492]", "nit": "24"}, "2": {"maxiter": 100, "gtol": 1e-05, "xrtol": 1e-10, "eps": 1e-05, "duration": 0.03845524787902832, "fun": "0.24995811279081837", "jac": "[-1.46105350e-08 -2.85549362e-08  1.01585407e-08 -4.14446255e-08\n -3.16413562e-09  2.64677169e-08]", "hess_inv": "[[ 2.94005839  0.04263315 -0.19780684 -0.09174539 -0.09142995 -0.03706069]\n [ 0.04263315  2.86391914 -0.36904159  0.46993445 -0.62031827  0.16476847]\n [-0.19780684 -0.36904159  3.30922536  0.29564845  1.63017129  1.76734206]\n [-0.09174539  0.46993445  0.29564845  3.22027563 -0.16725866 -0.39645965]\n [-0.09142995 -0.62031827  1.63017129 -0.16725866  6.26182437  4.85623397]\n [-0.03706069  0.16476847  1.76734206 -0.39645965  4.85623397  7.16856482]]", "nfev": "224", "njev": "32", "status": "0", "success": "True", "message": "Optimization terminated successfully.", "x": "[4.83253617 4.28778801 6.62290341 3.93231788 3.46239404 5.68355538]", "nit": "24"}, "3": {"maxiter": 100, "gtol": 1e-05, "xrtol": 1e-10, "eps": 1e-10, "duration": 0.03885293006896973, "fun": "0.24995811276100122", "jac": "[-1.11022293e-06  0.00000000e+00  1.11022293e-06  4.44089173e-06\n -1.11022293e-06 -1.11022293e-06]", "hess_inv": "[[ 2.84277644  0.10038904 -0.21250855 -0.05619305 -0.14057311 -0.14600891]\n [ 0.10038904  3.05609371 -0.41068409  0.53525316 -0.65719033  0.11452712]\n [-0.21250855 -0.41068409  3.32109777  0.27865141  1.61915494  1.7586179 ]\n [-0.05619305  0.53525316  0.27865141  3.36192654 -0.17019673 -0.45622388]\n [-0.14057311 -0.65719033  1.61915494 -0.17019673  6.23148688  4.77357122]\n [-0.14600891  0.11452712  1.7586179  -0.45622388  4.77357122  7.04226532]]", "nfev": "224", "njev": "32", "status": "0", "success": "True", "message": "Optimization terminated successfully.", "x": "[4.83253439 4.28778929 6.62291226 3.93233152 3.46240545 5.68356492]", "nit": "24"}, "4": {"maxiter": 100, "gtol": 1e-10, "xrtol": 1e-05, "eps": 1e-05, "duration": 0.03865504264831543, "fun": "0.24995811279081837", "jac": "[-1.46105350e-08 -2.85549362e-08  1.01585407e-08 -4.14446255e-08\n -3.16413562e-09  2.64677169e-08]", "hess_inv": "[[ 2.94005839  0.04263315 -0.19780684 -0.09174539 -0.09142995 -0.03706069]\n [ 0.04263315  2.86391914 -0.36904159  0.46993445 -0.62031827  0.16476847]\n [-0.19780684 -0.36904159  3.30922536  0.29564845  1.63017129  1.76734206]\n [-0.09174539  0.46993445  0.29564845  3.22027563 -0.16725866 -0.39645965]\n [-0.09142995 -0.62031827  1.63017129 -0.16725866  6.26182437  4.85623397]\n [-0.03706069  0.16476847  1.76734206 -0.39645965  4.85623397  7.16856482]]", "nfev": "224", "njev": "32", "status": "0", "success": "True", "message": "Optimization terminated successfully.", "x": "[4.83253617 4.28778801 6.62290341 3.93231788 3.46239404 5.68355538]", "nit": "24"}, "5": {"maxiter": 100, "gtol": 1e-10, "xrtol": 1e-05, "eps": 1e-10, "duration": 0.03850126266479492, "fun": "0.24995811276100122", "jac": "[-1.11022293e-06  0.00000000e+00  1.11022293e-06  4.44089173e-06\n -1.11022293e-06 -1.11022293e-06]", "hess_inv": "[[ 2.84277644  0.10038904 -0.21250855 -0.05619305 -0.14057311 -0.14600891]\n [ 0.10038904  3.05609371 -0.41068409  0.53525316 -0.65719033  0.11452712]\n [-0.21250855 -0.41068409  3.32109777  0.27865141  1.61915494  1.7586179 ]\n [-0.05619305  0.53525316  0.27865141  3.36192654 -0.17019673 -0.45622388]\n [-0.14057311 -0.65719033  1.61915494 -0.17019673  6.23148688  4.77357122]\n [-0.14600891  0.11452712  1.7586179  -0.45622388  4.77357122  7.04226532]]", "nfev": "224", "njev": "32", "status": "0", "success": "True", "message": "Optimization terminated successfully.", "x": "[4.83253439 4.28778929 6.62291226 3.93233152 3.46240545 5.68356492]", "nit": "24"}, "6": {"maxiter": 100, "gtol": 1e-10, "xrtol": 1e-10, "eps": 1e-05, "duration": 0.06845998764038086, "fun": "0.24995811279081837", "jac": "[-1.46105350e-08 -2.85549362e-08  1.01585407e-08 -4.14446255e-08\n -3.16413562e-09  2.64677169e-08]", "hess_inv": "[[ 2.94259267  0.04531932 -0.20009568 -0.08544762 -0.0962434  -0.04414132]\n [ 0.04531932  2.85730096 -0.36484967  0.46858792 -0.61316671  0.17212768]\n [-0.20009568 -0.36484967  3.30666542  0.29556922  1.62595122  1.76334425]\n [-0.08544762  0.46858792  0.29556922  3.22912743 -0.16883556 -0.40145801]\n [-0.0962434  -0.61316671  1.62595122 -0.16883556  6.25510378  4.85043979]\n [-0.04414132  0.17212768  1.76334425 -0.40145801  4.85043979  7.16500519]]", "nfev": "397", "njev": "55", "status": "2", "success": "False", "message": "Desired error not necessarily achieved due to precision loss.", "x": "[4.83253617 4.28778801 6.62290341 3.93231788 3.46239404 5.68355538]", "nit": "24"}, "7": {"maxiter": 100, "gtol": 1e-10, "xrtol": 1e-10, "eps": 1e-10, "duration": 0.0500330924987793, "fun": "0.24995811274941082", "jac": "[ 0.00000000e+00  0.00000000e+00  0.00000000e+00 -2.22044587e-06\n  1.11022293e-06 -1.11022293e-06]", "hess_inv": "[[ 3.02919414 -0.52261034 -0.33723861 -0.8486734   0.71844291  0.63399076]\n [-0.52261034  2.04249623 -1.39104311 -0.22974075 -1.63781699 -1.31559317]\n [-0.33723861 -1.39104311  2.73387183 -0.87114578  1.84853755  1.71832041]\n [-0.8486734  -0.22974075 -0.87114578  2.48700885 -1.94714414 -2.69750928]\n [ 0.71844291 -1.63781699  1.84853755 -1.94714414  9.27368945  7.97650304]\n [ 0.63399076 -1.31559317  1.71832041 -2.69750928  7.97650304 10.30196929]]", "nfev": "287", "njev": "41", "status": "0", "success": "True", "message": "Optimization terminated successfully.", "x": "[4.83254022 4.28778444 6.6229133  3.93231721 3.46242058 5.6835807 ]", "nit": "27"}, "8": {"maxiter": 500, "gtol": 1e-05, "xrtol": 1e-05, "eps": 1e-05, "duration": 0.03880810737609863, "fun": "0.24995811279081837", "jac": "[-1.46105350e-08 -2.85549362e-08  1.01585407e-08 -4.14446255e-08\n -3.16413562e-09  2.64677169e-08]", "hess_inv": "[[ 2.94005839  0.04263315 -0.19780684 -0.09174539 -0.09142995 -0.03706069]\n [ 0.04263315  2.86391914 -0.36904159  0.46993445 -0.62031827  0.16476847]\n [-0.19780684 -0.36904159  3.30922536  0.29564845  1.63017129  1.76734206]\n [-0.09174539  0.46993445  0.29564845  3.22027563 -0.16725866 -0.39645965]\n [-0.09142995 -0.62031827  1.63017129 -0.16725866  6.26182437  4.85623397]\n [-0.03706069  0.16476847  1.76734206 -0.39645965  4.85623397  7.16856482]]", "nfev": "224", "njev": "32", "status": "0", "success": "True", "message": "Optimization terminated successfully.", "x": "[4.83253617 4.28778801 6.62290341 3.93231788 3.46239404 5.68355538]", "nit": "24"}, "9": {"maxiter": 500, "gtol": 1e-05, "xrtol": 1e-05, "eps": 1e-10, "duration": 0.03880596160888672, "fun": "0.24995811276100122", "jac": "[-1.11022293e-06  0.00000000e+00  1.11022293e-06  4.44089173e-06\n -1.11022293e-06 -1.11022293e-06]", "hess_inv": "[[ 2.84277644  0.10038904 -0.21250855 -0.05619305 -0.14057311 -0.14600891]\n [ 0.10038904  3.05609371 -0.41068409  0.53525316 -0.65719033  0.11452712]\n [-0.21250855 -0.41068409  3.32109777  0.27865141  1.61915494  1.7586179 ]\n [-0.05619305  0.53525316  0.27865141  3.36192654 -0.17019673 -0.45622388]\n [-0.14057311 -0.65719033  1.61915494 -0.17019673  6.23148688  4.77357122]\n [-0.14600891  0.11452712  1.7586179  -0.45622388  4.77357122  7.04226532]]", "nfev": "224", "njev": "32", "status": "0", "success": "True", "message": "Optimization terminated successfully.", "x": "[4.83253439 4.28778929 6.62291226 3.93233152 3.46240545 5.68356492]", "nit": "24"}, "10": {"maxiter": 500, "gtol": 1e-05, "xrtol": 1e-10, "eps": 1e-05, "duration": 0.03909921646118164, "fun": "0.24995811279081837", "jac": "[-1.46105350e-08 -2.85549362e-08  1.01585407e-08 -4.14446255e-08\n -3.16413562e-09  2.64677169e-08]", "hess_inv": "[[ 2.94005839  0.04263315 -0.19780684 -0.09174539 -0.09142995 -0.03706069]\n [ 0.04263315  2.86391914 -0.36904159  0.46993445 -0.62031827  0.16476847]\n [-0.19780684 -0.36904159  3.30922536  0.29564845  1.63017129  1.76734206]\n [-0.09174539  0.46993445  0.29564845  3.22027563 -0.16725866 -0.39645965]\n [-0.09142995 -0.62031827  1.63017129 -0.16725866  6.26182437  4.85623397]\n [-0.03706069  0.16476847  1.76734206 -0.39645965  4.85623397  7.16856482]]", "nfev": "224", "njev": "32", "status": "0", "success": "True", "message": "Optimization terminated successfully.", "x": "[4.83253617 4.28778801 6.62290341 3.93231788 3.46239404 5.68355538]", "nit": "24"}, "11": {"maxiter": 500, "gtol": 1e-05, "xrtol": 1e-10, "eps": 1e-10, "duration": 0.0387730598449707, "fun": "0.24995811276100122", "jac": "[-1.11022293e-06  0.00000000e+00  1.11022293e-06  4.44089173e-06\n -1.11022293e-06 -1.11022293e-06]", "hess_inv": "[[ 2.84277644  0.10038904 -0.21250855 -0.05619305 -0.14057311 -0.14600891]\n [ 0.10038904  3.05609371 -0.41068409  0.53525316 -0.65719033  0.11452712]\n [-0.21250855 -0.41068409  3.32109777  0.27865141  1.61915494  1.7586179 ]\n [-0.05619305  0.53525316  0.27865141  3.36192654 -0.17019673 -0.45622388]\n [-0.14057311 -0.65719033  1.61915494 -0.17019673  6.23148688  4.77357122]\n [-0.14600891  0.11452712  1.7586179  -0.45622388  4.77357122  7.04226532]]", "nfev": "224", "njev": "32", "status": "0", "success": "True", "message": "Optimization terminated successfully.", "x": "[4.83253439 4.28778929 6.62291226 3.93233152 3.46240545 5.68356492]", "nit": "24"}, "12": {"maxiter": 500, "gtol": 1e-10, "xrtol": 1e-05, "eps": 1e-05, "duration": 0.03865814208984375, "fun": "0.24995811279081837", "jac": "[-1.46105350e-08 -2.85549362e-08  1.01585407e-08 -4.14446255e-08\n -3.16413562e-09  2.64677169e-08]", "hess_inv": "[[ 2.94005839  0.04263315 -0.19780684 -0.09174539 -0.09142995 -0.03706069]\n [ 0.04263315  2.86391914 -0.36904159  0.46993445 -0.62031827  0.16476847]\n [-0.19780684 -0.36904159  3.30922536  0.29564845  1.63017129  1.76734206]\n [-0.09174539  0.46993445  0.29564845  3.22027563 -0.16725866 -0.39645965]\n [-0.09142995 -0.62031827  1.63017129 -0.16725866  6.26182437  4.85623397]\n [-0.03706069  0.16476847  1.76734206 -0.39645965  4.85623397  7.16856482]]", "nfev": "224", "njev": "32", "status": "0", "success": "True", "message": "Optimization terminated successfully.", "x": "[4.83253617 4.28778801 6.62290341 3.93231788 3.46239404 5.68355538]", "nit": "24"}, "13": {"maxiter": 500, "gtol": 1e-10, "xrtol": 1e-05, "eps": 1e-10, "duration": 0.03862404823303223, "fun": "0.24995811276100122", "jac": "[-1.11022293e-06  0.00000000e+00  1.11022293e-06  4.44089173e-06\n -1.11022293e-06 -1.11022293e-06]", "hess_inv": "[[ 2.84277644  0.10038904 -0.21250855 -0.05619305 -0.14057311 -0.14600891]\n [ 0.10038904  3.05609371 -0.41068409  0.53525316 -0.65719033  0.11452712]\n [-0.21250855 -0.41068409  3.32109777  0.27865141  1.61915494  1.7586179 ]\n [-0.05619305  0.53525316  0.27865141  3.36192654 -0.17019673 -0.45622388]\n [-0.14057311 -0.65719033  1.61915494 -0.17019673  6.23148688  4.77357122]\n [-0.14600891  0.11452712  1.7586179  -0.45622388  4.77357122  7.04226532]]", "nfev": "224", "njev": "32", "status": "0", "success": "True", "message": "Optimization terminated successfully.", "x": "[4.83253439 4.28778929 6.62291226 3.93233152 3.46240545 5.68356492]", "nit": "24"}, "14": {"maxiter": 500, "gtol": 1e-10, "xrtol": 1e-10, "eps": 1e-05, "duration": 0.06808710098266602, "fun": "0.24995811279081837", "jac": "[-1.46105350e-08 -2.85549362e-08  1.01585407e-08 -4.14446255e-08\n -3.16413562e-09  2.64677169e-08]", "hess_inv": "[[ 2.94259267  0.04531932 -0.20009568 -0.08544762 -0.0962434  -0.04414132]\n [ 0.04531932  2.85730096 -0.36484967  0.46858792 -0.61316671  0.17212768]\n [-0.20009568 -0.36484967  3.30666542  0.29556922  1.62595122  1.76334425]\n [-0.08544762  0.46858792  0.29556922  3.22912743 -0.16883556 -0.40145801]\n [-0.0962434  -0.61316671  1.62595122 -0.16883556  6.25510378  4.85043979]\n [-0.04414132  0.17212768  1.76334425 -0.40145801  4.85043979  7.16500519]]", "nfev": "397", "njev": "55", "status": "2", "success": "False", "message": "Desired error not necessarily achieved due to precision loss.", "x": "[4.83253617 4.28778801 6.62290341 3.93231788 3.46239404 5.68355538]", "nit": "24"}, "15": {"maxiter": 500, "gtol": 1e-10, "xrtol": 1e-10, "eps": 1e-10, "duration": 0.04939699172973633, "fun": "0.24995811274941082", "jac": "[ 0.00000000e+00  0.00000000e+00  0.00000000e+00 -2.22044587e-06\n  1.11022293e-06 -1.11022293e-06]", "hess_inv": "[[ 3.02919414 -0.52261034 -0.33723861 -0.8486734   0.71844291  0.63399076]\n [-0.52261034  2.04249623 -1.39104311 -0.22974075 -1.63781699 -1.31559317]\n [-0.33723861 -1.39104311  2.73387183 -0.87114578  1.84853755  1.71832041]\n [-0.8486734  -0.22974075 -0.87114578  2.48700885 -1.94714414 -2.69750928]\n [ 0.71844291 -1.63781699  1.84853755 -1.94714414  9.27368945  7.97650304]\n [ 0.63399076 -1.31559317  1.71832041 -2.69750928  7.97650304 10.30196929]]", "nfev": "287", "njev": "41", "status": "0", "success": "True", "message": "Optimization terminated successfully.", "x": "[4.83254022 4.28778444 6.6229133  3.93231721 3.46242058 5.6835807 ]", "nit": "27"}, "16": {"maxiter": 1000, "gtol": 1e-05, "xrtol": 1e-05, "eps": 1e-05, "duration": 0.03861093521118164, "fun": "0.24995811279081837", "jac": "[-1.46105350e-08 -2.85549362e-08  1.01585407e-08 -4.14446255e-08\n -3.16413562e-09  2.64677169e-08]", "hess_inv": "[[ 2.94005839  0.04263315 -0.19780684 -0.09174539 -0.09142995 -0.03706069]\n [ 0.04263315  2.86391914 -0.36904159  0.46993445 -0.62031827  0.16476847]\n [-0.19780684 -0.36904159  3.30922536  0.29564845  1.63017129  1.76734206]\n [-0.09174539  0.46993445  0.29564845  3.22027563 -0.16725866 -0.39645965]\n [-0.09142995 -0.62031827  1.63017129 -0.16725866  6.26182437  4.85623397]\n [-0.03706069  0.16476847  1.76734206 -0.39645965  4.85623397  7.16856482]]", "nfev": "224", "njev": "32", "status": "0", "success": "True", "message": "Optimization terminated successfully.", "x": "[4.83253617 4.28778801 6.62290341 3.93231788 3.46239404 5.68355538]", "nit": "24"}, "17": {"maxiter": 1000, "gtol": 1e-05, "xrtol": 1e-05, "eps": 1e-10, "duration": 0.0386049747467041, "fun": "0.24995811276100122", "jac": "[-1.11022293e-06  0.00000000e+00  1.11022293e-06  4.44089173e-06\n -1.11022293e-06 -1.11022293e-06]", "hess_inv": "[[ 2.84277644  0.10038904 -0.21250855 -0.05619305 -0.14057311 -0.14600891]\n [ 0.10038904  3.05609371 -0.41068409  0.53525316 -0.65719033  0.11452712]\n [-0.21250855 -0.41068409  3.32109777  0.27865141  1.61915494  1.7586179 ]\n [-0.05619305  0.53525316  0.27865141  3.36192654 -0.17019673 -0.45622388]\n [-0.14057311 -0.65719033  1.61915494 -0.17019673  6.23148688  4.77357122]\n [-0.14600891  0.11452712  1.7586179  -0.45622388  4.77357122  7.04226532]]", "nfev": "224", "njev": "32", "status": "0", "success": "True", "message": "Optimization terminated successfully.", "x": "[4.83253439 4.28778929 6.62291226 3.93233152 3.46240545 5.68356492]", "nit": "24"}, "18": {"maxiter": 1000, "gtol": 1e-05, "xrtol": 1e-10, "eps": 1e-05, "duration": 0.039177894592285156, "fun": "0.24995811279081837", "jac": "[-1.46105350e-08 -2.85549362e-08  1.01585407e-08 -4.14446255e-08\n -3.16413562e-09  2.64677169e-08]", "hess_inv": "[[ 2.94005839  0.04263315 -0.19780684 -0.09174539 -0.09142995 -0.03706069]\n [ 0.04263315  2.86391914 -0.36904159  0.46993445 -0.62031827  0.16476847]\n [-0.19780684 -0.36904159  3.30922536  0.29564845  1.63017129  1.76734206]\n [-0.09174539  0.46993445  0.29564845  3.22027563 -0.16725866 -0.39645965]\n [-0.09142995 -0.62031827  1.63017129 -0.16725866  6.26182437  4.85623397]\n [-0.03706069  0.16476847  1.76734206 -0.39645965  4.85623397  7.16856482]]", "nfev": "224", "njev": "32", "status": "0", "success": "True", "message": "Optimization terminated successfully.", "x": "[4.83253617 4.28778801 6.62290341 3.93231788 3.46239404 5.68355538]", "nit": "24"}, "19": {"maxiter": 1000, "gtol": 1e-05, "xrtol": 1e-10, "eps": 1e-10, "duration": 0.03856015205383301, "fun": "0.24995811276100122", "jac": "[-1.11022293e-06  0.00000000e+00  1.11022293e-06  4.44089173e-06\n -1.11022293e-06 -1.11022293e-06]", "hess_inv": "[[ 2.84277644  0.10038904 -0.21250855 -0.05619305 -0.14057311 -0.14600891]\n [ 0.10038904  3.05609371 -0.41068409  0.53525316 -0.65719033  0.11452712]\n [-0.21250855 -0.41068409  3.32109777  0.27865141  1.61915494  1.7586179 ]\n [-0.05619305  0.53525316  0.27865141  3.36192654 -0.17019673 -0.45622388]\n [-0.14057311 -0.65719033  1.61915494 -0.17019673  6.23148688  4.77357122]\n [-0.14600891  0.11452712  1.7586179  -0.45622388  4.77357122  7.04226532]]", "nfev": "224", "njev": "32", "status": "0", "success": "True", "message": "Optimization terminated successfully.", "x": "[4.83253439 4.28778929 6.62291226 3.93233152 3.46240545 5.68356492]", "nit": "24"}, "20": {"maxiter": 1000, "gtol": 1e-10, "xrtol": 1e-05, "eps": 1e-05, "duration": 0.03857684135437012, "fun": "0.24995811279081837", "jac": "[-1.46105350e-08 -2.85549362e-08  1.01585407e-08 -4.14446255e-08\n -3.16413562e-09  2.64677169e-08]", "hess_inv": "[[ 2.94005839  0.04263315 -0.19780684 -0.09174539 -0.09142995 -0.03706069]\n [ 0.04263315  2.86391914 -0.36904159  0.46993445 -0.62031827  0.16476847]\n [-0.19780684 -0.36904159  3.30922536  0.29564845  1.63017129  1.76734206]\n [-0.09174539  0.46993445  0.29564845  3.22027563 -0.16725866 -0.39645965]\n [-0.09142995 -0.62031827  1.63017129 -0.16725866  6.26182437  4.85623397]\n [-0.03706069  0.16476847  1.76734206 -0.39645965  4.85623397  7.16856482]]", "nfev": "224", "njev": "32", "status": "0", "success": "True", "message": "Optimization terminated successfully.", "x": "[4.83253617 4.28778801 6.62290341 3.93231788 3.46239404 5.68355538]", "nit": "24"}, "21": {"maxiter": 1000, "gtol": 1e-10, "xrtol": 1e-05, "eps": 1e-10, "duration": 0.03858590126037598, "fun": "0.24995811276100122", "jac": "[-1.11022293e-06  0.00000000e+00  1.11022293e-06  4.44089173e-06\n -1.11022293e-06 -1.11022293e-06]", "hess_inv": "[[ 2.84277644  0.10038904 -0.21250855 -0.05619305 -0.14057311 -0.14600891]\n [ 0.10038904  3.05609371 -0.41068409  0.53525316 -0.65719033  0.11452712]\n [-0.21250855 -0.41068409  3.32109777  0.27865141  1.61915494  1.7586179 ]\n [-0.05619305  0.53525316  0.27865141  3.36192654 -0.17019673 -0.45622388]\n [-0.14057311 -0.65719033  1.61915494 -0.17019673  6.23148688  4.77357122]\n [-0.14600891  0.11452712  1.7586179  -0.45622388  4.77357122  7.04226532]]", "nfev": "224", "njev": "32", "status": "0", "success": "True", "message": "Optimization terminated successfully.", "x": "[4.83253439 4.28778929 6.62291226 3.93233152 3.46240545 5.68356492]", "nit": "24"}, "22": {"maxiter": 1000, "gtol": 1e-10, "xrtol": 1e-10, "eps": 1e-05, "duration": 0.06873774528503418, "fun": "0.24995811279081837", "jac": "[-1.46105350e-08 -2.85549362e-08  1.01585407e-08 -4.14446255e-08\n -3.16413562e-09  2.64677169e-08]", "hess_inv": "[[ 2.94259267  0.04531932 -0.20009568 -0.08544762 -0.0962434  -0.04414132]\n [ 0.04531932  2.85730096 -0.36484967  0.46858792 -0.61316671  0.17212768]\n [-0.20009568 -0.36484967  3.30666542  0.29556922  1.62595122  1.76334425]\n [-0.08544762  0.46858792  0.29556922  3.22912743 -0.16883556 -0.40145801]\n [-0.0962434  -0.61316671  1.62595122 -0.16883556  6.25510378  4.85043979]\n [-0.04414132  0.17212768  1.76334425 -0.40145801  4.85043979  7.16500519]]", "nfev": "397", "njev": "55", "status": "2", "success": "False", "message": "Desired error not necessarily achieved due to precision loss.", "x": "[4.83253617 4.28778801 6.62290341 3.93231788 3.46239404 5.68355538]", "nit": "24"}, "23": {"maxiter": 1000, "gtol": 1e-10, "xrtol": 1e-10, "eps": 1e-10, "duration": 0.049509286880493164, "fun": "0.24995811274941082", "jac": "[ 0.00000000e+00  0.00000000e+00  0.00000000e+00 -2.22044587e-06\n  1.11022293e-06 -1.11022293e-06]", "hess_inv": "[[ 3.02919414 -0.52261034 -0.33723861 -0.8486734   0.71844291  0.63399076]\n [-0.52261034  2.04249623 -1.39104311 -0.22974075 -1.63781699 -1.31559317]\n [-0.33723861 -1.39104311  2.73387183 -0.87114578  1.84853755  1.71832041]\n [-0.8486734  -0.22974075 -0.87114578  2.48700885 -1.94714414 -2.69750928]\n [ 0.71844291 -1.63781699  1.84853755 -1.94714414  9.27368945  7.97650304]\n [ 0.63399076 -1.31559317  1.71832041 -2.69750928  7.97650304 10.30196929]]", "nfev": "287", "njev": "41", "status": "0", "success": "True", "message": "Optimization terminated successfully.", "x": "[4.83254022 4.28778444 6.6229133  3.93231721 3.46242058 5.6835807 ]", "nit": "27"}}, "cobyla": {"0": {"maxiter": 100, "tol": 1e-05, "catol": 1e-05, "duration": 0.01656794548034668, "x": "[4.83054827 4.2925042  0.34800145 8.62656572 0.33152421 2.55976304]", "status": "2", "success": "False", "message": "Maximum number of function evaluations has been exceeded.", "nfev": "100", "fun": "0.24999536639190412", "maxcv": "0.0"}, "1": {"maxiter": 100, "tol": 1e-05, "catol": 1e-10, "duration": 0.01646709442138672, "x": "[4.83054827 4.2925042  0.34800145 8.62656572 0.33152421 2.55976304]", "status": "2", "success": "False", "message": "Maximum number of function evaluations has been exceeded.", "nfev": "100", "fun": "0.24999536639190412", "maxcv": "0.0"}, "2": {"maxiter": 100, "tol": 1e-10, "catol": 1e-05, "duration": 0.016528844833374023, "x": "[4.83054827 4.2925042  0.34800145 8.62656572 0.33152421 2.55976304]", "status": "2", "success": "False", "message": "Maximum number of function evaluations has been exceeded.", "nfev": "100", "fun": "0.24999536639190412", "maxcv": "0.0"}, "3": {"maxiter": 100, "tol": 1e-10, "catol": 1e-10, "duration": 0.016566753387451172, "x": "[4.83054827 4.2925042  0.34800145 8.62656572 0.33152421 2.55976304]", "status": "2", "success": "False", "message": "Maximum number of function evaluations has been exceeded.", "nfev": "100", "fun": "0.24999536639190412", "maxcv": "0.0"}, "4": {"maxiter": 500, "tol": 1e-05, "catol": 1e-05, "duration": 0.03368186950683594, "x": "[4.83254087 4.28780024 0.33971825 8.63403976 0.32080924 2.54196777]", "status": "1", "success": "True", "message": "Optimization terminated successfully.", "nfev": "202", "fun": "0.24995811277159918", "maxcv": "0.0"}, "5": {"maxiter": 500, "tol": 1e-05, "catol": 1e-10, "duration": 0.03336691856384277, "x": "[4.83254087 4.28780024 0.33971825 8.63403976 0.32080924 2.54196777]", "status": "1", "success": "True", "message": "Optimization terminated successfully.", "nfev": "202", "fun": "0.24995811277159918", "maxcv": "0.0"}, "6": {"maxiter": 500, "tol": 1e-10, "catol": 1e-05, "duration": 0.051107168197631836, "x": "[4.83254081 4.28779329 0.33972927 8.63404691 0.32082182 2.54198567]", "status": "1", "success": "True", "message": "Optimization terminated successfully.", "nfev": "310", "fun": "0.24995811273027968", "maxcv": "0.0"}, "7": {"maxiter": 500, "tol": 1e-10, "catol": 1e-10, "duration": 0.05121302604675293, "x": "[4.83254081 4.28779329 0.33972927 8.63404691 0.32082182 2.54198567]", "status": "1", "success": "True", "message": "Optimization terminated successfully.", "nfev": "310", "fun": "0.24995811273027968", "maxcv": "0.0"}, "8": {"maxiter": 1000, "tol": 1e-05, "catol": 1e-05, "duration": 0.034012794494628906, "x": "[4.83254087 4.28780024 0.33971825 8.63403976 0.32080924 2.54196777]", "status": "1", "success": "True", "message": "Optimization terminated successfully.", "nfev": "202", "fun": "0.24995811277159918", "maxcv": "0.0"}, "9": {"maxiter": 1000, "tol": 1e-05, "catol": 1e-10, "duration": 0.03318595886230469, "x": "[4.83254087 4.28780024 0.33971825 8.63403976 0.32080924 2.54196777]", "status": "1", "success": "True", "message": "Optimization terminated successfully.", "nfev": "202", "fun": "0.24995811277159918", "maxcv": "0.0"}, "10": {"maxiter": 1000, "tol": 1e-10, "catol": 1e-05, "duration": 0.051239967346191406, "x": "[4.83254081 4.28779329 0.33972927 8.63404691 0.32082182 2.54198567]", "status": "1", "success": "True", "message": "Optimization terminated successfully.", "nfev": "310", "fun": "0.24995811273027968", "maxcv": "0.0"}, "11": {"maxiter": 1000, "tol": 1e-10, "catol": 1e-10, "durati