{"date": "2024/07/19/, 15:59:49", "conf_id": 235, "data_type": "non_lin_ind\n", "num_data_points": 4, "s_rank": 0, "unitary": "[[-0.45070455-0.02711853j,0.78437395-0.06613086j,0.06358678+0.19963393j,-0.07343613+0.35668523j],[-0.01890143-0.03813363j,0.32408202+0.25557629j,0.05872864-0.68979805j,0.55466693-0.20227297j],[-0.11215405+0.64023111j,-0.13344055+0.29565494j,-0.49012687-0.19046288j,-0.04241254+0.44046348j],[0.55771659+0.24656916j,0.31851997-0.05798805j,0.28761525-0.34294258j,-0.56718418+0.03616933j]]", "databatch_0": {"databatch": "[[[0.32396977-0.115209j,0.17247386+0.08017675j,-0.170141-0.12013451j,-0.07512065+0.27050713j],[-0.11443422-0.11161279j,0.05988651-0.0659324j,-0.17310743+0.17682713j,0.08943968+0.34402705j],[0.09190443+0.15344858j,0.01831764-0.24496666j,0.01184459-0.13878547j,0.42819176-0.12219412j],[0.21292426-0.10067377j,0.04360889-0.03139066j,-0.10785372-0.34190368j,0.05886967-0.04415497j]],[[0.36498127+0.01053952j,0.14051747-0.08769615j,-0.15589128-0.00929313j,-0.0830922+0.35135918j],[0.36661464-0.11873081j,-0.06705692+0.12171357j,-0.10693499+0.0798006j,-0.13917962-0.01837232j],[0.1453877-0.11369707j,-0.02364698-0.16203483j,-0.11389361-0.29703534j,-0.1207597-0.24146822j],[-0.06702448+0.01105481j,-0.30517161-0.23880073j,-0.19681466+0.06478213j,0.04800217-0.21021979j]],[[0.10616545-0.30344076j,-0.08627748-0.04584814j,0.02258701+0.34157363j,0.02648031+0.1988611j],[-0.54208733+0.13257414j,0.04591461+0.06917665j,0.33678622-0.18427308j,0.15296062+0.00716654j],[-0.07093287+0.02423255j,0.14913723+0.13405569j,0.0579097-0.17947939j,-0.00754637+0.07731502j],[0.06865038+0.22826489j,0.02649655-0.00688886j,-0.19200395-0.08574269j,-0.22649024+0.0020569j]],[[0.26412292+0.14463498j,0.39377281+0.34761502j,-0.17443556+0.13473728j,0.00228443-0.05715227j],[-0.20109638+0.2412179j,-0.0381493-0.01706966j,0.18938378+0.24953265j,0.08678427-0.17998138j],[0.04935837+0.16284759j,0.11265299-0.15033856j,0.27082426-0.08828868j,-0.06525149-0.05187425j],[-0.31582577+0.09076811j,-0.14186618-0.1055657j,0.04851284+0.22092078j,0.01116216+0.01632865j]]]", "initial param values": "[5.34602504,2.15182853,2.58420671,0.98379457,2.82708491,5.32369932]", "nelder_mead": {"type": "gradient-free", "0": {"maxiter": 100, "fatol": 1e-05, "xatol": 1e-05, "duration": 0.02554011344909668, "fun": "0.5618280849861784", "nit": "100", "nfev": "151", "status": "2", "success": "False", "message": "Maximum number of iterations has been exceeded.", "x": "[6.86169959 1.55743848 3.09115484 2.76395082 0.69279102 4.6087482 ]", "final_simplex": "(array([[6.86169959, 1.55743848, 3.09115484, 2.76395082, 0.69279102,\n        4.6087482 ],\n       [6.96895348, 1.54260653, 3.17744845, 2.76909044, 0.62878143,\n        4.55255237],\n       [6.93513881, 1.72302311, 3.03427512, 2.718934  , 0.47239449,\n        4.43964005],\n       [6.96087823, 1.49322586, 3.16878804, 2.73527169, 0.73860605,\n        4.56332628],\n       [6.79973022, 1.78435293, 2.94603131, 2.65952625, 0.63887535,\n        4.60731226],\n       [6.87161051, 1.60037827, 3.18184612, 2.62681583, 0.71579323,\n        4.63821085],\n       [6.95871685, 1.53170285, 3.18714598, 2.73002961, 0.67077036,\n        4.64635855]]), array([0.56182808, 0.56194579, 0.56323621, 0.56359032, 0.56406771,\n       0.56432878, 0.56445638]))"}, "1": {"maxiter": 100, "fatol": 1e-05, "xatol": 1e-10, "duration": 0.02545905113220215, "fun": "0.5618280849861784", "nit": "100", "nfev": "151", "status": "2", "success": "False", "message": "Maximum number of iterations has been exceeded.", "x": "[6.86169959 1.55743848 3.09115484 2.76395082 0.69279102 4.6087482 ]", "final_simplex": "(array([[6.86169959, 1.55743848, 3.09115484, 2.76395082, 0.69279102,\n        4.6087482 ],\n       [6.96895348, 1.54260653, 3.17744845, 2.76909044, 0.62878143,\n        4.55255237],\n       [6.93513881, 1.72302311, 3.03427512, 2.718934  , 0.47239449,\n        4.43964005],\n       [6.96087823, 1.49322586, 3.16878804, 2.73527169, 0.73860605,\n        4.56332628],\n       [6.79973022, 1.78435293, 2.94603131, 2.65952625, 0.63887535,\n        4.60731226],\n       [6.87161051, 1.60037827, 3.18184612, 2.62681583, 0.71579323,\n        4.63821085],\n       [6.95871685, 1.53170285, 3.18714598, 2.73002961, 0.67077036,\n        4.64635855]]), array([0.56182808, 0.56194579, 0.56323621, 0.56359032, 0.56406771,\n       0.56432878, 0.56445638]))"}, "2": {"maxiter": 100, "fatol": 1e-10, "xatol": 1e-05, "duration": 0.025398969650268555, "fun": "0.5618280849861784", "nit": "100", "nfev": "151", "status": "2", "success": "False", "message": "Maximum number of iterations has been exceeded.", "x": "[6.86169959 1.55743848 3.09115484 2.76395082 0.69279102 4.6087482 ]", "final_simplex": "(array([[6.86169959, 1.55743848, 3.09115484, 2.76395082, 0.69279102,\n        4.6087482 ],\n       [6.96895348, 1.54260653, 3.17744845, 2.76909044, 0.62878143,\n        4.55255237],\n       [6.93513881, 1.72302311, 3.03427512, 2.718934  , 0.47239449,\n        4.43964005],\n       [6.96087823, 1.49322586, 3.16878804, 2.73527169, 0.73860605,\n        4.56332628],\n       [6.79973022, 1.78435293, 2.94603131, 2.65952625, 0.63887535,\n        4.60731226],\n       [6.87161051, 1.60037827, 3.18184612, 2.62681583, 0.71579323,\n        4.63821085],\n       [6.95871685, 1.53170285, 3.18714598, 2.73002961, 0.67077036,\n        4.64635855]]), array([0.56182808, 0.56194579, 0.56323621, 0.56359032, 0.56406771,\n       0.56432878, 0.56445638]))"}, "3": {"maxiter": 100, "fatol": 1e-10, "xatol": 1e-10, "duration": 0.025427818298339844, "fun": "0.5618280849861784", "nit": "100", "nfev": "151", "status": "2", "success": "False", "message": "Maximum number of iterations has been exceeded.", "x": "[6.86169959 1.55743848 3.09115484 2.76395082 0.69279102 4.6087482 ]", "final_simplex": "(array([[6.86169959, 1.55743848, 3.09115484, 2.76395082, 0.69279102,\n        4.6087482 ],\n       [6.96895348, 1.54260653, 3.17744845, 2.76909044, 0.62878143,\n        4.55255237],\n       [6.93513881, 1.72302311, 3.03427512, 2.718934  , 0.47239449,\n        4.43964005],\n       [6.96087823, 1.49322586, 3.16878804, 2.73527169, 0.73860605,\n        4.56332628],\n       [6.79973022, 1.78435293, 2.94603131, 2.65952625, 0.63887535,\n        4.60731226],\n       [6.87161051, 1.60037827, 3.18184612, 2.62681583, 0.71579323,\n        4.63821085],\n       [6.95871685, 1.53170285, 3.18714598, 2.73002961, 0.67077036,\n        4.64635855]]), array([0.56182808, 0.56194579, 0.56323621, 0.56359032, 0.56406771,\n       0.56432878, 0.56445638]))"}, "4": {"maxiter": 500, "fatol": 1e-05, "xatol": 1e-05, "duration": 0.08416295051574707, "fun": "0.5564114679743786", "nit": "314", "nfev": "502", "status": "0", "success": "True", "message": "Optimization terminated successfully.", "x": "[6.94838964 1.37613764 3.4339135  2.83014529 0.174164   3.99273462]", "final_simplex": "(array([[6.94838964, 1.37613764, 3.4339135 , 2.83014529, 0.174164  ,\n        3.99273462],\n       [6.94838976, 1.37613926, 3.43391319, 2.83014527, 0.17415862,\n        3.99273012],\n       [6.9483905 , 1.3761389 , 3.43391302, 2.83014501, 0.1741585 ,\n        3.99272759],\n       [6.9483897 , 1.3761401 , 3.433915  , 2.83014549, 0.17416451,\n        3.99273416],\n       [6.94839025, 1.37614297, 3.43390963, 2.83014493, 0.17416604,\n        3.99273716],\n       [6.94838494, 1.37614001, 3.43391117, 2.83014506, 0.17416841,\n        3.99274111],\n       [6.94839004, 1.37614248, 3.43391249, 2.83014755, 0.17416657,\n        3.99273539]]), array([0.55641147, 0.55641147, 0.55641147, 0.55641147, 0.55641147,\n       0.55641147, 0.55641147]))"}, "5": {"maxiter": 500, "fatol": 1e-05, "xatol": 1e-10, "duration": 0.12963271141052246, "fun": "0.5564114679739878", "nit": "447", "nfev": "774", "status": "0", "success": "True", "message": "Optimization terminated successfully.", "x": "[6.94838868 1.37614018 3.43391166 2.83014621 0.17416407 3.99273438]", "final_simplex": "(array([[6.94838868, 1.37614018, 3.43391166, 2.83014621, 0.17416407,\n        3.99273438],\n       [6.94838868, 1.37614018, 3.43391166, 2.83014621, 0.17416407,\n        3.99273438],\n       [6.94838868, 1.37614018, 3.43391166, 2.83014621, 0.17416407,\n        3.99273438],\n       [6.94838868, 1.37614018, 3.43391166, 2.83014621, 0.17416407,\n        3.99273438],\n       [6.94838868, 1.37614018, 3.43391166, 2.83014621, 0.17416407,\n        3.99273438],\n       [6.94838868, 1.37614018, 3.43391166, 2.83014621, 0.17416407,\n        3.99273438],\n       [6.94838868, 1.37614018, 3.43391166, 2.83014621, 0.17416407,\n        3.99273438]]), array([0.55641147, 0.55641147, 0.55641147, 0.55641147, 0.55641147,\n       0.55641147, 0.55641147]))"}, "6": {"maxiter": 500, "fatol": 1e-10, "xatol": 1e-05, "duration": 0.08445405960083008, "fun": "0.5564114679743786", "nit": "314", "nfev": "502", "status": "0", "success": "True", "message": "Optimization terminated successfully.", "x": "[6.94838964 1.37613764 3.4339135  2.83014529 0.174164   3.99273462]", "final_simplex": "(array([[6.94838964, 1.37613764, 3.4339135 , 2.83014529, 0.174164  ,\n        3.99273462],\n       [6.94838976, 1.37613926, 3.43391319, 2.83014527, 0.17415862,\n        3.99273012],\n       [6.9483905 , 1.3761389 , 3.43391302, 2.83014501, 0.1741585 ,\n        3.99272759],\n       [6.9483897 , 1.3761401 , 3.433915  , 2.83014549, 0.17416451,\n        3.99273416],\n       [6.94839025, 1.37614297, 3.43390963, 2.83014493, 0.17416604,\n        3.99273716],\n       [6.94838494, 1.37614001, 3.43391117, 2.83014506, 0.17416841,\n        3.99274111],\n       [6.94839004, 1.37614248, 3.43391249, 2.83014755, 0.17416657,\n        3.99273539]]), array([0.55641147, 0.55641147, 0.55641147, 0.55641147, 0.55641147,\n       0.55641147, 0.55641147]))"}, "7": {"maxiter": 500, "fatol": 1e-10, "xatol": 1e-10, "duration": 0.13212275505065918, "fun": "0.5564114679739878", "nit": "447", "nfev": "774", "status": "0", "success": "True", "message": "Optimization terminated successfully.", "x": "[6.94838868 1.37614018 3.43391166 2.83014621 0.17416407 3.99273438]", "final_simplex": "(array([[6.94838868, 1.37614018, 3.43391166, 2.83014621, 0.17416407,\n        3.99273438],\n       [6.94838868, 1.37614018, 3.43391166, 2.83014621, 0.17416407,\n        3.99273438],\n       [6.94838868, 1.37614018, 3.43391166, 2.83014621, 0.17416407,\n        3.99273438],\n       [6.94838868, 1.37614018, 3.43391166, 2.83014621, 0.17416407,\n        3.99273438],\n       [6.94838868, 1.37614018, 3.43391166, 2.83014621, 0.17416407,\n        3.99273438],\n       [6.94838868, 1.37614018, 3.43391166, 2.83014621, 0.17416407,\n        3.99273438],\n       [6.94838868, 1.37614018, 3.43391166, 2.83014621, 0.17416407,\n        3.99273438]]), array([0.55641147, 0.55641147, 0.55641147, 0.55641147, 0.55641147,\n       0.55641147, 0.55641147]))"}, "8": {"maxiter": 1000, "fatol": 1e-05, "xatol": 1e-05, "duration": 0.08636593818664551, "fun": "0.5564114679743786", "nit": "314", "nfev": "502", "status": "0", "success": "True", "message": "Optimization terminated successfully.", "x": "[6.94838964 1.37613764 3.4339135  2.83014529 0.174164   3.99273462]", "final_simplex": "(array([[6.94838964, 1.37613764, 3.4339135 , 2.83014529, 0.174164  ,\n        3.99273462],\n       [6.94838976, 1.37613926, 3.43391319, 2.83014527, 0.17415862,\n        3.99273012],\n       [6.9483905 , 1.3761389 , 3.43391302, 2.83014501, 0.1741585 ,\n        3.99272759],\n       [6.9483897 , 1.3761401 , 3.433915  , 2.83014549, 0.17416451,\n        3.99273416],\n       [6.94839025, 1.37614297, 3.43390963, 2.83014493, 0.17416604,\n        3.99273716],\n       [6.94838494, 1.37614001, 3.43391117, 2.83014506, 0.17416841,\n        3.99274111],\n       [6.94839004, 1.37614248, 3.43391249, 2.83014755, 0.17416657,\n        3.99273539]]), array([0.55641147, 0.55641147, 0.55641147, 0.55641147, 0.55641147,\n       0.55641147, 0.55641147]))"}, "9": {"maxiter": 1000, "fatol": 1e-05, "xatol": 1e-10, "duration": 0.13192200660705566, "fun": "0.5564114679739878", "nit": "447", "nfev": "774", "status": "0", "success": "True", "message": "Optimization terminated successfully.", "x": "[6.94838868 1.37614018 3.43391166 2.83014621 0.17416407 3.99273438]", "final_simplex": "(array([[6.94838868, 1.37614018, 3.43391166, 2.83014621, 0.17416407,\n        3.99273438],\n       [6.94838868, 1.37614018, 3.43391166, 2.83014621, 0.17416407,\n        3.99273438],\n       [6.94838868, 1.37614018, 3.43391166, 2.83014621, 0.17416407,\n        3.99273438],\n       [6.94838868, 1.37614018, 3.43391166, 2.83014621, 0.17416407,\n        3.99273438],\n       [6.94838868, 1.37614018, 3.43391166, 2.83014621, 0.17416407,\n        3.99273438],\n       [6.94838868, 1.37614018, 3.43391166, 2.83014621, 0.17416407,\n        3.99273438],\n       [6.94838868, 1.37614018, 3.43391166, 2.83014621, 0.17416407,\n        3.99273438]]), array([0.55641147, 0.55641147, 0.55641147, 0.55641147, 0.55641147,\n       0.55641147, 0.55641147]))"}, "10": {"maxiter": 1000, "fatol": 1e-10, "xatol": 1e-05, "duration": 0.0856928825378418, "fun": "0.5564114679743786", "nit": "314", "nfev": "502", "status": "0", "success": "True", "message": "Optimization terminated successfully.", "x": "[6.94838964 1.37613764 3.4339135  2.83014529 0.174164   3.99273462]", "final_simplex": "(array([[6.94838964, 1.37613764, 3.4339135 , 2.83014529, 0.174164  ,\n        3.99273462],\n       [6.94838976, 1.37613926, 3.43391319, 2.83014527, 0.17415862,\n        3.99273012],\n       [6.9483905 , 1.3761389 , 3.43391302, 2.83014501, 0.1741585 ,\n        3.99272759],\n       [6.9483897 , 1.3761401 , 3.433915  , 2.83014549, 0.17416451,\n        3.99273416],\n       [6.94839025, 1.37614297, 3.43390963, 2.83014493, 0.17416604,\n        3.99273716],\n       [6.94838494, 1.37614001, 3.43391117, 2.83014506, 0.17416841,\n        3.99274111],\n       [6.94839004, 1.37614248, 3.43391249, 2.83014755, 0.17416657,\n        3.99273539]]), array([0.55641147, 0.55641147, 0.55641147, 0.55641147, 0.55641147,\n       0.55641147, 0.55641147]))"}, "11": {"maxiter": 1000, "fatol": 1e-10, "xatol": 1e-10, "duration": 0.13172316551208496, "fun": "0.5564114679739878", "nit": "447", "nfev": "774", "status": "0", "success": "True", "message": "Optimization terminated successfully.", "x": "[6.94838868 1.37614018 3.43391166 2.83014621 0.17416407 3.99273438]", "final_simplex": "(array([[6.94838868, 1.37614018, 3.43391166, 2.83014621, 0.17416407,\n        3.99273438],\n       [6.94838868, 1.37614018, 3.43391166, 2.83014621, 0.17416407,\n        3.99273438],\n       [6.94838868, 1.37614018, 3.43391166, 2.83014621, 0.17416407,\n        3.99273438],\n       [6.94838868, 1.37614018, 3.43391166, 2.83014621, 0.17416407,\n        3.99273438],\n       [6.94838868, 1.37614018, 3.43391166, 2.83014621, 0.17416407,\n        3.99273438],\n       [6.94838868, 1.37614018, 3.43391166, 2.83014621, 0.17416407,\n        3.99273438],\n       [6.94838868, 1.37614018, 3.43391166, 2.83014621, 0.17416407,\n        3.99273438]]), array([0.55641147, 0.55641147, 0.55641147, 0.55641147, 0.55641147,\n       0.55641147, 0.55641147]))"}}, "bfgs": {"type": "gradient", "0": {"maxiter": 100, "gtol": 1e-05, "xrtol": 1e-05, "eps": 1e-05, "duration": 0.027958154678344727, "fun": "0.4316384423752524", "jac": "[-1.66439085e-06  7.17110815e-06 -2.10254147e-05  1.28911104e-05\n -6.15025808e-06  1.08529741e-05]", "hess_inv": "[[ 4.09670686  0.59749103 -0.10943863  0.55344046 -0.32743705 -1.0721811 ]\n [ 0.59749103  4.58403469 -0.44887561 -1.22372815  0.4587277  -0.57941842]\n [-0.10943863 -0.44887561  2.77724686  1.67988547 -0.73609964  0.92114967]\n [ 0.55344046 -1.22372815  1.67988547  4.32534802 -0.39883693 -0.36430984]\n [-0.32743705  0.4587277  -0.73609964 -0.39883693  4.59264723  0.34251636]\n [-1.0721811  -0.57941842  0.92114967 -0.36430984  0.34251636  3.48414936]]", "nfev": "161", "njev": "23", "status": "0", "success": "True", "message": "Optimization terminated successfully.", "x": "[5.16325345 4.39602909 3.22916515 1.62477628 4.05328105 5.28813791]", "nit": "20"}, "1": {"maxiter": 100, "gtol": 1e-05, "xrtol": 1e-05, "eps": 1e-10, "duration": 0.027806758880615234, "fun": "0.4316384423212867", "jac": "[ 2.22044587e-06  6.66133760e-06 -2.22044587e-05  1.11022293e-05\n -4.44089173e-06  1.11022293e-05]", "hess_inv": "[[ 4.07433204  0.40108294 -0.04722216  0.75652686 -0.16796487 -0.97821926]\n [ 0.40108294  4.36937455 -0.38084003 -1.03447694  0.417552   -0.49107421]\n [-0.04722216 -0.38084003  2.75570822  1.60191466 -0.7552959   0.89400664]\n [ 0.75652686 -1.03447694  1.60191466  4.21607557 -0.28821652 -0.41427652]\n [-0.16796487  0.417552   -0.7552959  -0.28821652  4.81376125  0.41609997]\n [-0.97821926 -0.49107421  0.89400664 -0.41427652  0.41609997  3.46084107]]", "nfev": "161", "njev": "23", "status": "0", "success": "True", "message": "Optimization terminated successfully.", "x": "[5.16326791 4.39603529 3.22916496 1.62477372 4.05328976 5.28813808]", "nit": "20"}, "2": {"maxiter": 100, "gtol": 1e-05, "xrtol": 1e-10, "eps": 1e-05, "duration": 0.029026031494140625, "fun": "0.43163844066320056", "jac": "[ 8.05622236e-07 -2.54452015e-07 -8.11836154e-06  8.96516195e-06\n  1.96581640e-06  7.28014316e-06]", "hess_inv": "[[ 4.11683235  0.454811    0.06827462  0.53378932 -0.22479927 -1.11011308]\n [ 0.454811    5.49964657 -1.74981143 -0.86351901 -0.15090553 -0.17146584]\n [ 0.06827462 -1.74981143  4.32894614  1.6008576   0.22070646  0.64567831]\n [ 0.53378932 -0.86351901  1.6008576   3.8358526  -0.77083715 -0.64744563]\n [-0.22479927 -0.15090553  0.22070646 -0.77083715  4.97087993 -0.02199639]\n [-1.11011308 -0.17146584  0.64567831 -0.64744563 -0.02199639  3.35411992]]", "nfev": "168", "njev": "24", "status": "0", "success": "True", "message": "Optimization terminated successfully.", "x": "[5.16326226 4.39596568 3.22924254 1.62476986 4.05332715 5.28812268]", "nit": "21"}, "3": {"maxiter": 100, "gtol": 1e-05, "xrtol": 1e-10, "eps": 1e-10, "duration": 0.030192852020263672, "fun": "0.4316384403851492", "jac": "[ 2.22044587e-06 -1.11022293e-06  0.00000000e+00  2.22044587e-06\n  1.11022293e-06  4.44089173e-06]", "hess_inv": "[[ 3.69015888  0.36314371  0.26100864  0.64568508 -0.53758524 -1.13141   ]\n [ 0.36314371  5.71321507 -2.30835367 -0.35172096 -0.10681945 -0.08797752]\n [ 0.26100864 -2.30835367  5.29063759  0.88670739  0.34524631  0.48006089]\n [ 0.64568508 -0.35172096  0.88670739  3.87734037 -0.95598369 -0.47384279]\n [-0.53758524 -0.10681945  0.34524631 -0.95598369  4.49002288  0.00959702]\n [-1.13141    -0.08797752  0.48006089 -0.47384279  0.00959702  3.4494089 ]]", "nfev": "175", "njev": "25", "status": "0", "success": "True", "message": "Optimization terminated successfully.", "x": "[5.16326609 4.39594958 3.22928359 1.62475229 4.05332978 5.28811885]", "nit": "22"}, "4": {"maxiter": 100, "gtol": 1e-10, "xrtol": 1e-05, "eps": 1e-05, "duration": 0.02777695655822754, "fun": "0.4316384423752524", "jac": "[-1.66439085e-06  7.17110815e-06 -2.10254147e-05  1.28911104e-05\n -6.15025808e-06  1.08529741e-05]", "hess_inv": "[[ 4.09670686  0.59749103 -0.10943863  0.55344046 -0.32743705 -1.0721811 ]\n [ 0.59749103  4.58403469 -0.44887561 -1.22372815  0.4587277  -0.57941842]\n [-0.10943863 -0.44887561  2.77724686  1.67988547 -0.73609964  0.92114967]\n [ 0.55344046 -1.22372815  1.67988547  4.32534802 -0.39883693 -0.36430984]\n [-0.32743705  0.4587277  -0.73609964 -0.39883693  4.59264723  0.34251636]\n [-1.0721811  -0.57941842  0.92114967 -0.36430984  0.34251636  3.48414936]]", "nfev": "161", "njev": "23", "status": "0", "success": "True", "message": "Optimization terminated successfully.", "x": "[5.16325345 4.39602909 3.22916515 1.62477628 4.05328105 5.28813791]", "nit": "20"}, "5": {"maxiter": 100, "gtol": 1e-10, "xrtol": 1e-05, "eps": 1e-10, "duration": 0.027653932571411133, "fun": "0.4316384423212867", "jac": "[ 2.22044587e-06  6.66133760e-06 -2.22044587e-05  1.11022293e-05\n -4.44089173e-06  1.11022293e-05]", "hess_inv": "[[ 4.07433204  0.40108294 -0.04722216  0.75652686 -0.16796487 -0.97821926]\n [ 0.40108294  4.36937455 -0.38084003 -1.03447694  0.417552   -0.49107421]\n [-0.04722216 -0.38084003  2.75570822  1.60191466 -0.7552959   0.89400664]\n [ 0.75652686 -1.03447694  1.60191466  4.21607557 -0.28821652 -0.41427652]\n [-0.16796487  0.417552   -0.7552959  -0.28821652  4.81376125  0.41609997]\n [-0.97821926 -0.49107421  0.89400664 -0.41427652  0.41609997  3.46084107]]", "nfev": "161", "njev": "23", "status": "0", "success": "True", "message": "Optimization terminated successfully.", "x": "[5.16326791 4.39603529 3.22916496 1.62477372 4.05328976 5.28813808]", "nit": "20"}, "6": {"maxiter": 100, "gtol": 1e-10, "xrtol": 1e-10, "eps": 1e-05, "duration": 0.08640384674072266, "fun": "0.43163844033555643", "jac": "[ 1.04172226e-07 -2.22499796e-07  9.20485910e-08  1.98707717e-07\n  3.04123393e-07  1.57729385e-07]", "hess_inv": "[[ 4.11596007  0.47366147  0.07926547  0.48520635 -0.25025115 -1.14342539]\n [ 0.47366147  5.30561119 -1.65575595 -0.67265592  0.03873757 -0.0616581 ]\n [ 0.07926547 -1.65575595  4.70852476  0.87357515 -0.01982647  0.11369627]\n [ 0.48520635 -0.67265592  0.87357515  4.59580531 -0.73550129 -0.04065854]\n [-0.25025115  0.03873757 -0.01982647 -0.73550129  4.83747798  0.03803998]\n [-1.14342539 -0.0616581   0.11369627 -0.04065854  0.03803998  3.83113799]]", "nfev": "509", "njev": "71", "status": "2", "success": "False", "message": "Desired error not necessarily achieved due to precision loss.", "x": "[5.16326466 4.39595599 3.22927523 1.62473787 4.05332697 5.28809708]", "nit": "23"}, "7": {"maxiter": 100, "gtol": 1e-10, "xrtol": 1e-10, "eps": 1e-10, "duration": 0.10898303985595703, "fun": "0.431638440323316", "jac": "[0.00000000e+00 1.11022293e-06 1.11022293e-06 1.11022293e-06\n 1.11022293e-06 0.00000000e+00]", "hess_inv": "[[ 0.43477951  0.59837686 -0.57356633 -0.37595867 -0.01838213  0.53336907]\n [ 0.59837686  1.6582076  -1.88373856 -0.87875124  0.24692834  1.91794913]\n [-0.57356633 -1.88373856  2.22387381  0.97026655 -0.36093633 -2.26063557]\n [-0.37595867 -0.87875124  0.97026655  0.50804366 -0.10439436 -0.99836296]\n [-0.01838213  0.24692834 -0.36093633 -0.10439436  0.12145718  0.36248978]\n [ 0.53336907  1.91794913 -2.26063557 -0.99836296  0.36248978  2.36434329]]", "nfev": "642", "njev": "90", "status": "2", "success": "False", "message": "Desired error not necessarily achieved due to precision loss.", "x": "[5.16326734 4.39596329 3.22927939 1.62474065 4.05332957 5.288101  ]", "nit": "33"}, "8": {"maxiter": 500, "gtol": 1e-05, "xrtol": 1e-05, "eps": 1e-05, "duration": 0.027740001678466797, "fun": "0.4316384423752524", "jac": "[-1.66439085e-06  7.17110815e-06 -2.10254147e-05  1.28911104e-05\n -6.15025808e-06  1.08529741e-05]", "hess_inv": "[[ 4.09670686  0.59749103 -0.10943863  0.55344046 -0.32743705 -1.0721811 ]\n [ 0.59749103  4.58403469 -0.44887561 -1.22372815  0.4587277  -0.57941842]\n [-0.10943863 -0.44887561  2.77724686  1.67988547 -0.73609964  0.92114967]\n [ 0.55344046 -1.22372815  1.67988547  4.32534802 -0.39883693 -0.36430984]\n [-0.32743705  0.4587277  -0.73609964 -0.39883693  4.59264723  0.34251636]\n [-1.0721811  -0.57941842  0.92114967 -0.36430984  0.34251636  3.48414936]]", "nfev": "161", "njev": "23", "status": "0", "success": "True", "message": "Optimization terminated successfully.", "x": "[5.16325345 4.39602909 3.22916515 1.62477628 4.05328105 5.28813791]", "nit": "20"}, "9": {"maxiter": 500, "gtol": 1e-05, "xrtol": 1e-05, "eps": 1e-10, "duration": 0.02778005599975586, "fun": "0.4316384423212867", "jac": "[ 2.22044587e-06  6.66133760e-06 -2.22044587e-05  1.11022293e-05\n -4.44089173e-06  1.11022293e-05]", "hess_inv": "[[ 4.07433204  0.40108294 -0.04722216  0.75652686 -0.16796487 -0.97821926]\n [ 0.40108294  4.36937455 -0.38084003 -1.03447694  0.417552   -0.49107421]\n [-0.04722216 -0.38084003  2.75570822  1.60191466 -0.7552959   0.89400664]\n [ 0.75652686 -1.03447694  1.60191466  4.21607557 -0.28821652 -0.41427652]\n [-0.16796487  0.417552   -0.7552959  -0.28821652  4.81376125  0.41609997]\n [-0.97821926 -0.49107421  0.89400664 -0.41427652  0.41609997  3.46084107]]", "nfev": "161", "njev": "23", "status": "0", "success": "True", "message": "Optimization terminated successfully.", "x": "[5.16326791 4.39603529 3.22916496 1.62477372 4.05328976 5.28813808]", "nit": "20"}, "10": {"maxiter": 500, "gtol": 1e-05, "xrtol": 1e-10, "eps": 1e-05, "duration": 0.02888321876525879, "fun": "0.43163844066320056", "jac": "[ 8.05622236e-07 -2.54452015e-07 -8.11836154e-06  8.96516195e-06\n  1.96581640e-06  7.28014316e-06]", "hess_inv": "[[ 4.11683235  0.454811    0.06827462  0.53378932 -0.22479927 -1.11011308]\n [ 0.454811    5.49964657 -1.74981143 -0.86351901 -0.15090553 -0.17146584]\n [ 0.06827462 -1.74981143  4.32894614  1.6008576   0.22070646  0.64567831]\n [ 0.53378932 -0.86351901  1.6008576   3.8358526  -0.77083715 -0.64744563]\n [-0.22479927 -0.15090553  0.22070646 -0.77083715  4.97087993 -0.02199639]\n [-1.11011308 -0.17146584  0.64567831 -0.64744563 -0.02199639  3.35411992]]", "nfev": "168", "njev": "24", "status": "0", "success": "True", "message": "Optimization terminated successfully.", "x": "[5.16326226 4.39596568 3.22924254 1.62476986 4.05332715 5.28812268]", "nit": "21"}, "11": {"maxiter": 500, "gtol": 1e-05, "xrtol": 1e-10, "eps": 1e-10, "duration": 0.03016805648803711, "fun": "0.4316384403851492", "jac": "[ 2.22044587e-06 -1.11022293e-06  0.00000000e+00  2.22044587e-06\n  1.11022293e-06  4.44089173e-06]", "hess_inv": "[[ 3.69015888  0.36314371  0.26100864  0.64568508 -0.53758524 -1.13141   ]\n [ 0.36314371  5.71321507 -2.30835367 -0.35172096 -0.10681945 -0.08797752]\n [ 0.26100864 -2.30835367  5.29063759  0.88670739  0.34524631  0.48006089]\n [ 0.64568508 -0.35172096  0.88670739  3.87734037 -0.95598369 -0.47384279]\n [-0.53758524 -0.10681945  0.34524631 -0.95598369  4.49002288  0.00959702]\n [-1.13141    -0.08797752  0.48006089 -0.47384279  0.00959702  3.4494089 ]]", "nfev": "175", "njev": "25", "status": "0", "success": "True", "message": "Optimization terminated successfully.", "x": "[5.16326609 4.39594958 3.22928359 1.62475229 4.05332978 5.28811885]", "nit": "22"}, "12": {"maxiter": 500, "gtol": 1e-10, "xrtol": 1e-05, "eps": 1e-05, "duration": 0.02793574333190918, "fun": "0.4316384423752524", "jac": "[-1.66439085e-06  7.17110815e-06 -2.10254147e-05  1.28911104e-05\n -6.15025808e-06  1.08529741e-05]", "hess_inv": "[[ 4.09670686  0.59749103 -0.10943863  0.55344046 -0.32743705 -1.0721811 ]\n [ 0.59749103  4.58403469 -0.44887561 -1.22372815  0.4587277  -0.57941842]\n [-0.10943863 -0.44887561  2.77724686  1.67988547 -0.73609964  0.92114967]\n [ 0.55344046 -1.22372815  1.67988547  4.32534802 -0.39883693 -0.36430984]\n [-0.32743705  0.4587277  -0.73609964 -0.39883693  4.59264723  0.34251636]\n [-1.0721811  -0.57941842  0.92114967 -0.36430984  0.34251636  3.48414936]]", "nfev": "161", "njev": "23", "status": "0", "success": "True", "message": "Optimization terminated successfully.", "x": "[5.16325345 4.39602909 3.22916515 1.62477628 4.05328105 5.28813791]", "nit": "20"}, "13": {"maxiter": 500, "gtol": 1e-10, "xrtol": 1e-05, "eps": 1e-10, "duration": 0.0277249813079834, "fun": "0.4316384423212867", "jac": "[ 2.22044587e-06  6.66133760e-06 -2.22044587e-05  1.11022293e-05\n -4.44089173e-06  1.11022293e-05]", "hess_inv": "[[ 4.07433204  0.40108294 -0.04722216  0.75652686 -0.16796487 -0.97821926]\n [ 0.40108294  4.36937455 -0.38084003 -1.03447694  0.417552   -0.49107421]\n [-0.04722216 -0.38084003  2.75570822  1.60191466 -0.7552959   0.89400664]\n [ 0.75652686 -1.03447694  1.60191466  4.21607557 -0.28821652 -0.41427652]\n [-0.16796487  0.417552   -0.7552959  -0.28821652  4.81376125  0.41609997]\n [-0.97821926 -0.49107421  0.89400664 -0.41427652  0.41609997  3.46084107]]", "nfev": "161", "njev": "23", "status": "0", "success": "True", "message": "Optimization terminated successfully.", "x": "[5.16326791 4.39603529 3.22916496 1.62477372 4.05328976 5.28813808]", "nit": "20"}, "14": {"maxiter": 500, "gtol": 1e-10, "xrtol": 1e-10, "eps": 1e-05, "duration": 0.08644986152648926, "fun": "0.43163844033555643", "jac": "[ 1.04172226e-07 -2.22499796e-07  9.20485910e-08  1.98707717e-07\n  3.04123393e-07  1.57729385e-07]", "hess_inv": "[[ 4.11596007  0.47366147  0.07926547  0.48520635 -0.25025115 -1.14342539]\n [ 0.47366147  5.30561119 -1.65575595 -0.67265592  0.03873757 -0.0616581 ]\n [ 0.07926547 -1.65575595  4.70852476  0.87357515 -0.01982647  0.11369627]\n [ 0.48520635 -0.67265592  0.87357515  4.59580531 -0.73550129 -0.04065854]\n [-0.25025115  0.03873757 -0.01982647 -0.73550129  4.83747798  0.03803998]\n [-1.14342539 -0.0616581   0.11369627 -0.04065854  0.03803998  3.83113799]]", "nfev": "509", "njev": "71", "status": "2", "success": "False", "message": "Desired error not necessarily achieved due to precision loss.", "x": "[5.16326466 4.39595599 3.22927523 1.62473787 4.05332697 5.28809708]", "nit": "23"}, "15": {"maxiter": 500, "gtol": 1e-10, "xrtol": 1e-10, "eps": 1e-10, "duration": 0.10930299758911133, "fun": "0.431638440323316", "jac": "[0.00000000e+00 1.11022293e-06 1.11022293e-06 1.11022293e-06\n 1.11022293e-06 0.00000000e+00]", "hess_inv": "[[ 0.43477951  0.59837686 -0.57356633 -0.37595867 -0.01838213  0.53336907]\n [ 0.59837686  1.6582076  -1.88373856 -0.87875124  0.24692834  1.91794913]\n [-0.57356633 -1.88373856  2.22387381  0.97026655 -0.36093633 -2.26063557]\n [-0.37595867 -0.87875124  0.97026655  0.50804366 -0.10439436 -0.99836296]\n [-0.01838213  0.24692834 -0.36093633 -0.10439436  0.12145718  0.36248978]\n [ 0.53336907  1.91794913 -2.26063557 -0.99836296  0.36248978  2.36434329]]", "nfev": "642", "njev": "90", "status": "2", "success": "False", "message": "Desired error not necessarily achieved due to precision loss.", "x": "[5.16326734 4.39596329 3.22927939 1.62474065 4.05332957 5.288101  ]", "nit": "33"}, "16": {"maxiter": 1000, "gtol": 1e-05, "xrtol": 1e-05, "eps": 1e-05, "duration": 0.0276641845703125, "fun": "0.4316384423752524", "jac": "[-1.66439085e-06  7.17110815e-06 -2.10254147e-05  1.28911104e-05\n -6.15025808e-06  1.08529741e-05]", "hess_inv": "[[ 4.09670686  0.59749103 -0.10943863  0.55344046 -0.32743705 -1.0721811 ]\n [ 0.59749103  4.58403469 -0.44887561 -1.22372815  0.4587277  -0.57941842]\n [-0.10943863 -0.44887561  2.77724686  1.67988547 -0.73609964  0.92114967]\n [ 0.55344046 -1.22372815  1.67988547  4.32534802 -0.39883693 -0.36430984]\n [-0.32743705  0.4587277  -0.73609964 -0.39883693  4.59264723  0.34251636]\n [-1.0721811  -0.57941842  0.92114967 -0.36430984  0.34251636  3.48414936]]", "nfev": "161", "njev": "23", "status": "0", "success": "True", "message": "Optimization terminated successfully.", "x": "[5.16325345 4.39602909 3.22916515 1.62477628 4.05328105 5.28813791]", "nit": "20"}, "17": {"maxiter": 1000, "gtol": 1e-05, "xrtol": 1e-05, "eps": 1e-10, "duration": 0.027634859085083008, "fun": "0.4316384423212867", "jac": "[ 2.22044587e-06  6.66133760e-06 -2.22044587e-05  1.11022293e-05\n -4.44089173e-06  1.11022293e-05]", "hess_inv": "[[ 4.07433204  0.40108294 -0.04722216  0.75652686 -0.16796487 -0.97821926]\n [ 0.40108294  4.36937455 -0.38084003 -1.03447694  0.417552   -0.49107421]\n [-0.04722216 -0.38084003  2.75570822  1.60191466 -0.7552959   0.89400664]\n [ 0.75652686 -1.03447694  1.60191466  4.21607557 -0.28821652 -0.41427652]\n [-0.16796487  0.417552   -0.7552959  -0.28821652  4.81376125  0.41609997]\n [-0.97821926 -0.49107421  0.89400664 -0.41427652  0.41609997  3.46084107]]", "nfev": "161", "njev": "23", "status": "0", "success": "True", "message": "Optimization terminated successfully.", "x": "[5.16326791 4.39603529 3.22916496 1.62477372 4.05328976 5.28813808]", "nit": "20"}, "18": {"maxiter": 1000, "gtol": 1e-05, "xrtol": 1e-10, "eps": 1e-05, "duration": 0.028880834579467773, "fun": "0.43163844066320056", "jac": "[ 8.05622236e-07 -2.54452015e-07 -8.11836154e-06  8.96516195e-06\n  1.96581640e-06  7.28014316e-06]", "hess_inv": "[[ 4.11683235  0.454811    0.06827462  0.53378932 -0.22479927 -1.11011308]\n [ 0.454811    5.49964657 -1.74981143 -0.86351901 -0.15090553 -0.17146584]\n [ 0.06827462 -1.74981143  4.32894614  1.6008576   0.22070646  0.64567831]\n [ 0.53378932 -0.86351901  1.6008576   3.8358526  -0.77083715 -0.64744563]\n [-0.22479927 -0.15090553  0.22070646 -0.77083715  4.97087993 -0.02199639]\n [-1.11011308 -0.17146584  0.64567831 -0.64744563 -0.02199639  3.35411992]]", "nfev": "168", "njev": "24", "status": "0", "success": "True", "message": "Optimization terminated successfully.", "x": "[5.16326226 4.39596568 3.22924254 1.62476986 4.05332715 5.28812268]", "nit": "21"}, "19": {"maxiter": 1000, "gtol": 1e-05, "xrtol": 1e-10, "eps": 1e-10, "duration": 0.030041933059692383, "fun": "0.4316384403851492", "jac": "[ 2.22044587e-06 -1.11022293e-06  0.00000000e+00  2.22044587e-06\n  1.11022293e-06  4.44089173e-06]", "hess_inv": "[[ 3.69015888  0.36314371  0.26100864  0.64568508 -0.53758524 -1.13141   ]\n [ 0.36314371  5.71321507 -2.30835367 -0.35172096 -0.10681945 -0.08797752]\n [ 0.26100864 -2.30835367  5.29063759  0.88670739  0.34524631  0.48006089]\n [ 0.64568508 -0.35172096  0.88670739  3.87734037 -0.95598369 -0.47384279]\n [-0.53758524 -0.10681945  0.34524631 -0.95598369  4.49002288  0.00959702]\n [-1.13141    -0.08797752  0.48006089 -0.47384279  0.00959702  3.4494089 ]]", "nfev": "175", "njev": "25", "status": "0", "success": "True", "message": "Optimization terminated successfully.", "x": "[5.16326609 4.39594958 3.22928359 1.62475229 4.05332978 5.28811885]", "nit": "22"}, "20": {"maxiter": 1000, "gtol": 1e-10, "xrtol": 1e-05, "eps": 1e-05, "duration": 0.027718782424926758, "fun": "0.4316384423752524", "jac": "[-1.66439085e-06  7.17110815e-06 -2.10254147e-05  1.28911104e-05\n -6.15025808e-06  1.08529741e-05]", "hess_inv": "[[ 4.09670686  0.59749103 -0.10943863  0.55344046 -0.32743705 -1.0721811 ]\n [ 0.59749103  4.58403469 -0.44887561 -1.22372815  0.4587277  -0.57941842]\n [-0.10943863 -0.44887561  2.77724686  1.67988547 -0.73609964  0.92114967]\n [ 0.55344046 -1.22372815  1.67988547  4.32534802 -0.39883693 -0.36430984]\n [-0.32743705  0.4587277  -0.73609964 -0.39883693  4.59264723  0.34251636]\n [-1.0721811  -0.57941842  0.92114967 -0.36430984  0.34251636  3.48414936]]", "nfev": "161", "njev": "23", "status": "0", "success": "True", "message": "Optimization terminated successfully.", "x": "[5.16325345 4.39602909 3.22916515 1.62477628 4.05328105 5.28813791]", "nit": "20"}, "21": {"maxiter": 1000, "gtol": 1e-10, "xrtol": 1e-05, "eps": 1e-10, "duration": 0.0276639461517334, "fun": "0.4316384423212867", "jac": "[ 2.22044587e-06  6.66133760e-06 -2.22044587e-05  1.11022293e-05\n -4.44089173e-06  1.11022293e-05]", "hess_inv": "[[ 4.07433204  0.40108294 -0.04722216  0.75652686 -0.16796487 -0.97821926]\n [ 0.40108294  4.36937455 -0.38084003 -1.03447694  0.417552   -0.49107421]\n [-0.04722216 -0.38084003  2.75570822  1.60191466 -0.7552959   0.89400664]\n [ 0.75652686 -1.03447694  1.60191466  4.21607557 -0.28821652 -0.41427652]\n [-0.16796487  0.417552   -0.7552959  -0.28821652  4.81376125  0.41609997]\n [-0.97821926 -0.49107421  0.89400664 -0.41427652  0.41609997  3.46084107]]", "nfev": "161", "njev": "23", "status": "0", "success": "True", "message": "Optimization terminated successfully.", "x": "[5.16326791 4.39603529 3.22916496 1.62477372 4.05328976 5.28813808]", "nit": "20"}, "22": {"maxiter": 1000, "gtol": 1e-10, "xrtol": 1e-10, "eps": 1e-05, "duration": 0.08672690391540527, "fun": "0.43163844033555643", "jac": "[ 1.04172226e-07 -2.22499796e-07  9.20485910e-08  1.98707717e-07\n  3.04123393e-07  1.57729385e-07]", "hess_inv": "[[ 4.11596007  0.47366147  0.07926547  0.48520635 -0.25025115 -1.14342539]\n [ 0.47366147  5.30561119 -1.65575595 -0.67265592  0.03873757 -0.0616581 ]\n [ 0.07926547 -1.65575595  4.70852476  0.87357515 -0.01982647  0.11369627]\n [ 0.48520635 -0.67265592  0.87357515  4.59580531 -0.73550129 -0.04065854]\n [-0.25025115  0.03873757 -0.01982647 -0.73550129  4.83747798  0.03803998]\n [-1.14342539 -0.0616581   0.11369627 -0.04065854  0.03803998  3.83113799]]", "nfev": "509", "njev": "71", "status": "2", "success": "False", "message": "Desired error not necessarily achieved due to precision loss.", "x": "[5.16326466 4.39595599 3.22927523 1.62473787 4.05332697 5.28809708]", "nit": "23"}, "23": {"maxiter": 1000, "gtol": 1e-10, "xrtol": 1e-10, "eps": 1e-10, "duration": 0.10973310470581055, "fun": "0.431638440323316", "jac": "[0.00000000e+00 1.11022293e-06 1.11022293e-06 1.11022293e-06\n 1.11022293e-06 0.00000000e+00]", "hess_inv": "[[ 0.43477951  0.59837686 -0.57356633 -0.37595867 -0.01838213  0.53336907]\n [ 0.59837686  1.6582076  -1.88373856 -0.87875124  0.24692834  1.91794913]\n [-0.57356633 -1.88373856  2.22387381  0.97026655 -0.36093633 -2.26063557]\n [-0.37595867 -0.87875124  0.97026655  0.50804366 -0.10439436 -0.99836296]\n [-0.01838213  0.24692834 -0.36093633 -0.10439436  0.12145718  0.36248978]\n [ 0.53336907  1.91794913 -2.26063557 -0.99836296  0.36248978  2.36434329]]", "nfev": "642", "njev": "90", "status": "2", "success": "False", "message": "Desired error not necessarily achieved due to precision loss.", "x": "[5.16326734 4.39596329 3.22927939 1.62474065 4.05332957 5.288101  ]", "nit": "33"}}, "cobyla": {"0": {"maxiter": 100, "tol": 1e-05, "catol": 1e-05, "duration": 0.01648426055908203, "x": "[5.16331514 4.39590209 3.22930894 1.62472491 4.05326517 5.28804201]", "status": "2", "success": "False", "message": "Maximum number of function evaluations has been exceeded.", "nfev": "100", "fun": "0.431638441871829", "maxcv": "0.0"}, "1": {"maxiter": 100, "tol": 1e-05, "catol": 1e-10, "duration": 0.016475200653076172, "x": "[5.16331514 4.39590209 3.22930894 1.62472491 4.05326517 5.28804201]", "status": "2", "success": "False", "message": "Maximum number of function evaluations has been exceeded.", "nfev": "100", "fun": "0.431638441871829", "maxcv": "0.0"}, "2": {"maxiter": 100, "tol": 1e-10, "catol": 1e-05, "duration": 0.016496896743774414, "x": "[5.16331514 4.39590209 3.22930894 1.62472491 4.05326517 5.28804201]", "status": "2", "success": "False", "message": "Maximum number of function evaluations has been exceeded.", "nfev": "100", "fun": "0.431638441871829", "maxcv": "0.0"}, "3": {"maxiter": 100, "tol": 1e-10, "catol": 1e-10, "duration": 0.016473770141601562, "x": "[5.16331514 4.39590209 3.22930894 1.62472491 4.05326517 5.28804201]", "status": "2", "success": "False", "message": "Maximum number of function evaluations has been exceeded.", "nfev": "100", "fun": "0.431638441871829", "maxcv": "0.0"}, "4": {"maxiter": 500, "tol": 1e-05, "catol": 1e-05, "duration": 0.021647214889526367, "x": "[5.16326835 4.3959619  3.22927858 1.62473181 4.0533258  5.28810531]", "status": "1", "success": "True", "message": "Optimization terminated successfully.", "nfev": "131", "fun": "0.4316384403397481", "maxcv": "0.0"}, "5": {"maxiter": 500, "tol": 1e-05, "catol": 1e-10, "duration": 0.021600008010864258, "x": "[5.16326835 4.3959619  3.22927858 1.62473181 4.0533258  5.28810531]", "status": "1", "success": "True", "message": "Optimization terminated successfully.", "nfev": "131", "fun": "0.4316384403397481", "maxcv": "0.0"}, "6": {"maxiter": 500, "tol": 1e-10, "catol": 1e-05, "duration": 0.03666806221008301, "x": "[5.16326921 4.39596084 3.22927927 1.62474198 4.05333009 5.28810078]", "status": "1", "success": "True", "message": "Optimization terminated successfully.", "nfev": "223", "fun": "0.4316384403219461", "maxcv": "0.0"}, "7": {"maxiter": 500, "tol": 1e-10, "catol": 1e-10, "duration": 0.0366361141204834, "x": "[5.16326921 4.39596084 3.22927927 1.62474198 4.05333009 5.28810078]", "status": "1", "success": "True", "message": "Optimization terminated successfully.", "nfev": "223", "fun": "0.4316384403219461", "maxcv": "0.0"}, "8": {"maxiter": 1000, "tol": 1e-05, "catol": 1e-05, "duration": 0.021516084671020508, "x": "[5.16326835 4.3959619  3.22927858 1.62473181 4.0533258  5.28810531]", "status": "1", "success": "True", "message": "