{"date": "2024/07/18/, 22:13:36", "conf_id": 85, "data_type": "orthogonal\n", "num_data_points": 1, "s_rank": 0, "unitary": "[[-0.45070455-0.02711853j,0.78437395-0.06613086j,0.06358678+0.19963393j,-0.07343613+0.35668523j],[-0.01890143-0.03813363j,0.32408202+0.25557629j,0.05872864-0.68979805j,0.55466693-0.20227297j],[-0.11215405+0.64023111j,-0.13344055+0.29565494j,-0.49012687-0.19046288j,-0.04241254+0.44046348j],[0.55771659+0.24656916j,0.31851997-0.05798805j,0.28761525-0.34294258j,-0.56718418+0.03616933j]]", "databatch_0": {"databatch": "[[[-0.09299952-0.01762068j,-0.01843073+0.03193577j,0.00859476+0.03080871j,-0.21841592+0.19968552j],[-0.01062757-0.02485036j,-0.07847893+0.05882142j,-0.00522027+0.04363924j,-0.06681599-0.03649762j],[0.04842658-0.16878417j,-0.12899713+0.09325242j,-0.03534095+0.06840596j,-0.31718025-0.47287379j],[0.18314235+0.0616157j,-0.13409235-0.17795346j,-0.09333669-0.03841364j,0.54599814-0.318438j]]]", "initial param values": "[4.96767255,2.03269242,5.97346186,2.92655548,4.8630541,5.5548395]", "nelder_mead": {"type": "gradient-free", "0": {"maxiter": 100, "fatol": 1e-05, "xatol": 1e-05, "duration": 0.025702953338623047, "fun": "0.14718026024531805", "nit": "100", "nfev": "155", "status": "2", "success": "False", "message": "Maximum number of iterations has been exceeded.", "x": "[3.19679732 2.92728589 5.92653769 2.34196386 6.61393684 5.0581481 ]", "final_simplex": "(array([[3.19679732, 2.92728589, 5.92653769, 2.34196386, 6.61393684,\n        5.0581481 ],\n       [3.32749161, 2.9100056 , 6.02540571, 2.42668826, 6.26722463,\n        4.89964421],\n       [3.12228807, 2.90854387, 6.01462991, 2.35650255, 6.61020653,\n        4.98672532],\n       [3.10759313, 2.95812437, 6.25766373, 2.3162675 , 6.51978272,\n        4.94105148],\n       [3.10673289, 2.85610765, 6.11096223, 2.29248295, 6.5793514 ,\n        5.07473389],\n       [3.28210214, 2.86033229, 5.9825274 , 2.36477593, 6.56152234,\n        4.95466617],\n       [3.26377459, 2.84769206, 5.9554383 , 2.36545234, 6.5358281 ,\n        5.03864313]]), array([0.14718026, 0.14851978, 0.14964983, 0.14972826, 0.15089229,\n       0.15140866, 0.15187154]))"}, "1": {"maxiter": 100, "fatol": 1e-05, "xatol": 1e-10, "duration": 0.025566816329956055, "fun": "0.14718026024531805", "nit": "100", "nfev": "155", "status": "2", "success": "False", "message": "Maximum number of iterations has been exceeded.", "x": "[3.19679732 2.92728589 5.92653769 2.34196386 6.61393684 5.0581481 ]", "final_simplex": "(array([[3.19679732, 2.92728589, 5.92653769, 2.34196386, 6.61393684,\n        5.0581481 ],\n       [3.32749161, 2.9100056 , 6.02540571, 2.42668826, 6.26722463,\n        4.89964421],\n       [3.12228807, 2.90854387, 6.01462991, 2.35650255, 6.61020653,\n        4.98672532],\n       [3.10759313, 2.95812437, 6.25766373, 2.3162675 , 6.51978272,\n        4.94105148],\n       [3.10673289, 2.85610765, 6.11096223, 2.29248295, 6.5793514 ,\n        5.07473389],\n       [3.28210214, 2.86033229, 5.9825274 , 2.36477593, 6.56152234,\n        4.95466617],\n       [3.26377459, 2.84769206, 5.9554383 , 2.36545234, 6.5358281 ,\n        5.03864313]]), array([0.14718026, 0.14851978, 0.14964983, 0.14972826, 0.15089229,\n       0.15140866, 0.15187154]))"}, "2": {"maxiter": 100, "fatol": 1e-10, "xatol": 1e-05, "duration": 0.026949167251586914, "fun": "0.14718026024531805", "nit": "100", "nfev": "155", "status": "2", "success": "False", "message": "Maximum number of iterations has been exceeded.", "x": "[3.19679732 2.92728589 5.92653769 2.34196386 6.61393684 5.0581481 ]", "final_simplex": "(array([[3.19679732, 2.92728589, 5.92653769, 2.34196386, 6.61393684,\n        5.0581481 ],\n       [3.32749161, 2.9100056 , 6.02540571, 2.42668826, 6.26722463,\n        4.89964421],\n       [3.12228807, 2.90854387, 6.01462991, 2.35650255, 6.61020653,\n        4.98672532],\n       [3.10759313, 2.95812437, 6.25766373, 2.3162675 , 6.51978272,\n        4.94105148],\n       [3.10673289, 2.85610765, 6.11096223, 2.29248295, 6.5793514 ,\n        5.07473389],\n       [3.28210214, 2.86033229, 5.9825274 , 2.36477593, 6.56152234,\n        4.95466617],\n       [3.26377459, 2.84769206, 5.9554383 , 2.36545234, 6.5358281 ,\n        5.03864313]]), array([0.14718026, 0.14851978, 0.14964983, 0.14972826, 0.15089229,\n       0.15140866, 0.15187154]))"}, "3": {"maxiter": 100, "fatol": 1e-10, "xatol": 1e-10, "duration": 0.02803778648376465, "fun": "0.14718026024531805", "nit": "100", "nfev": "155", "status": "2", "success": "False", "message": "Maximum number of iterations has been exceeded.", "x": "[3.19679732 2.92728589 5.92653769 2.34196386 6.61393684 5.0581481 ]", "final_simplex": "(array([[3.19679732, 2.92728589, 5.92653769, 2.34196386, 6.61393684,\n        5.0581481 ],\n       [3.32749161, 2.9100056 , 6.02540571, 2.42668826, 6.26722463,\n        4.89964421],\n       [3.12228807, 2.90854387, 6.01462991, 2.35650255, 6.61020653,\n        4.98672532],\n       [3.10759313, 2.95812437, 6.25766373, 2.3162675 , 6.51978272,\n        4.94105148],\n       [3.10673289, 2.85610765, 6.11096223, 2.29248295, 6.5793514 ,\n        5.07473389],\n       [3.28210214, 2.86033229, 5.9825274 , 2.36477593, 6.56152234,\n        4.95466617],\n       [3.26377459, 2.84769206, 5.9554383 , 2.36545234, 6.5358281 ,\n        5.03864313]]), array([0.14718026, 0.14851978, 0.14964983, 0.14972826, 0.15089229,\n       0.15140866, 0.15187154]))"}, "4": {"maxiter": 500, "fatol": 1e-05, "xatol": 1e-05, "duration": 0.1263430118560791, "fun": "0.016098372380367154", "nit": "500", "nfev": "773", "status": "2", "success": "False", "message": "Maximum number of iterations has been exceeded.", "x": "[4.52889359 5.06216745 3.78968621 1.14383769 8.48787557 5.06720195]", "final_simplex": "(array([[4.52889359, 5.06216745, 3.78968621, 1.14383769, 8.48787557,\n        5.06720195],\n       [4.52886018, 5.06220668, 3.78960915, 1.14382175, 8.48804112,\n        5.06711925],\n       [4.52885555, 5.06218406, 3.78962249, 1.14376604, 8.4880601 ,\n        5.06713027],\n       [4.5288983 , 5.06216516, 3.7896989 , 1.1438047 , 8.48798902,\n        5.06716583],\n       [4.5288021 , 5.06225795, 3.78949269, 1.14371699, 8.48824203,\n        5.06704664],\n       [4.52889478, 5.06215535, 3.78967476, 1.14381623, 8.48794984,\n        5.06715116],\n       [4.52884135, 5.06219449, 3.7895388 , 1.14378105, 8.48802581,\n        5.06715057]]), array([0.01609837, 0.01609837, 0.01609837, 0.01609837, 0.01609837,\n       0.01609837, 0.01609837]))"}, "5": {"maxiter": 500, "fatol": 1e-05, "xatol": 1e-10, "duration": 0.12525701522827148, "fun": "0.016098372380367154", "nit": "500", "nfev": "773", "status": "2", "success": "False", "message": "Maximum number of iterations has been exceeded.", "x": "[4.52889359 5.06216745 3.78968621 1.14383769 8.48787557 5.06720195]", "final_simplex": "(array([[4.52889359, 5.06216745, 3.78968621, 1.14383769, 8.48787557,\n        5.06720195],\n       [4.52886018, 5.06220668, 3.78960915, 1.14382175, 8.48804112,\n        5.06711925],\n       [4.52885555, 5.06218406, 3.78962249, 1.14376604, 8.4880601 ,\n        5.06713027],\n       [4.5288983 , 5.06216516, 3.7896989 , 1.1438047 , 8.48798902,\n        5.06716583],\n       [4.5288021 , 5.06225795, 3.78949269, 1.14371699, 8.48824203,\n        5.06704664],\n       [4.52889478, 5.06215535, 3.78967476, 1.14381623, 8.48794984,\n        5.06715116],\n       [4.52884135, 5.06219449, 3.7895388 , 1.14378105, 8.48802581,\n        5.06715057]]), array([0.01609837, 0.01609837, 0.01609837, 0.01609837, 0.01609837,\n       0.01609837, 0.01609837]))"}, "6": {"maxiter": 500, "fatol": 1e-10, "xatol": 1e-05, "duration": 0.1270129680633545, "fun": "0.016098372380367154", "nit": "500", "nfev": "773", "status": "2", "success": "False", "message": "Maximum number of iterations has been exceeded.", "x": "[4.52889359 5.06216745 3.78968621 1.14383769 8.48787557 5.06720195]", "final_simplex": "(array([[4.52889359, 5.06216745, 3.78968621, 1.14383769, 8.48787557,\n        5.06720195],\n       [4.52886018, 5.06220668, 3.78960915, 1.14382175, 8.48804112,\n        5.06711925],\n       [4.52885555, 5.06218406, 3.78962249, 1.14376604, 8.4880601 ,\n        5.06713027],\n       [4.5288983 , 5.06216516, 3.7896989 , 1.1438047 , 8.48798902,\n        5.06716583],\n       [4.5288021 , 5.06225795, 3.78949269, 1.14371699, 8.48824203,\n        5.06704664],\n       [4.52889478, 5.06215535, 3.78967476, 1.14381623, 8.48794984,\n        5.06715116],\n       [4.52884135, 5.06219449, 3.7895388 , 1.14378105, 8.48802581,\n        5.06715057]]), array([0.01609837, 0.01609837, 0.01609837, 0.01609837, 0.01609837,\n       0.01609837, 0.01609837]))"}, "7": {"maxiter": 500, "fatol": 1e-10, "xatol": 1e-10, "duration": 0.12614989280700684, "fun": "0.016098372380367154", "nit": "500", "nfev": "773", "status": "2", "success": "False", "message": "Maximum number of iterations has been exceeded.", "x": "[4.52889359 5.06216745 3.78968621 1.14383769 8.48787557 5.06720195]", "final_simplex": "(array([[4.52889359, 5.06216745, 3.78968621, 1.14383769, 8.48787557,\n        5.06720195],\n       [4.52886018, 5.06220668, 3.78960915, 1.14382175, 8.48804112,\n        5.06711925],\n       [4.52885555, 5.06218406, 3.78962249, 1.14376604, 8.4880601 ,\n        5.06713027],\n       [4.5288983 , 5.06216516, 3.7896989 , 1.1438047 , 8.48798902,\n        5.06716583],\n       [4.5288021 , 5.06225795, 3.78949269, 1.14371699, 8.48824203,\n        5.06704664],\n       [4.52889478, 5.06215535, 3.78967476, 1.14381623, 8.48794984,\n        5.06715116],\n       [4.52884135, 5.06219449, 3.7895388 , 1.14378105, 8.48802581,\n        5.06715057]]), array([0.01609837, 0.01609837, 0.01609837, 0.01609837, 0.01609837,\n       0.01609837, 0.01609837]))"}, "8": {"maxiter": 1000, "fatol": 1e-05, "xatol": 1e-05, "duration": 0.14992618560791016, "fun": "0.01609837192779706", "nit": "594", "nfev": "919", "status": "0", "success": "True", "message": "Optimization terminated successfully.", "x": "[4.52882617 5.06221241 3.78960699 1.14380863 8.4880277  5.0671477 ]", "final_simplex": "(array([[4.52882617, 5.06221241, 3.78960699, 1.14380863, 8.4880277 ,\n        5.0671477 ],\n       [4.52882874, 5.06221197, 3.78960946, 1.14380999, 8.48802501,\n        5.06714811],\n       [4.52882742, 5.062212  , 3.78960697, 1.14380824, 8.48802935,\n        5.06714729],\n       [4.52882872, 5.06221092, 3.78961083, 1.14381027, 8.48802519,\n        5.06714833],\n       [4.52882412, 5.06221457, 3.78960294, 1.14380655, 8.48803576,\n        5.06714405],\n       [4.52882502, 5.06221505, 3.78960309, 1.14380714, 8.48803517,\n        5.06714532],\n       [4.52882832, 5.06221052, 3.78960937, 1.14381092, 8.48802206,\n        5.06714983]]), array([0.01609837, 0.01609837, 0.01609837, 0.01609837, 0.01609837,\n       0.01609837, 0.01609837]))"}, "9": {"maxiter": 1000, "fatol": 1e-05, "xatol": 1e-10, "duration": 0.18337106704711914, "fun": "0.016098371927167898", "nit": "689", "nfev": "1121", "status": "0", "success": "True", "message": "Optimization terminated successfully.", "x": "[4.52882485 5.06221528 3.78960369 1.14380612 8.4880324  5.06714551]", "final_simplex": "(array([[4.52882485, 5.06221528, 3.78960369, 1.14380612, 8.4880324 ,\n        5.06714551],\n       [4.52882485, 5.06221528, 3.78960369, 1.14380612, 8.4880324 ,\n        5.06714551],\n       [4.52882485, 5.06221528, 3.78960369, 1.14380612, 8.4880324 ,\n        5.06714551],\n       [4.52882485, 5.06221528, 3.78960369, 1.14380612, 8.4880324 ,\n        5.06714551],\n       [4.52882485, 5.06221528, 3.78960369, 1.14380612, 8.4880324 ,\n        5.06714551],\n       [4.52882485, 5.06221528, 3.78960369, 1.14380612, 8.4880324 ,\n        5.06714551],\n       [4.52882485, 5.06221528, 3.78960369, 1.14380612, 8.4880324 ,\n        5.06714551]]), array([0.01609837, 0.01609837, 0.01609837, 0.01609837, 0.01609837,\n       0.01609837, 0.01609837]))"}, "10": {"maxiter": 1000, "fatol": 1e-10, "xatol": 1e-05, "duration": 0.15016698837280273, "fun": "0.01609837192779706", "nit": "594", "nfev": "919", "status": "0", "success": "True", "message": "Optimization terminated successfully.", "x": "[4.52882617 5.06221241 3.78960699 1.14380863 8.4880277  5.0671477 ]", "final_simplex": "(array([[4.52882617, 5.06221241, 3.78960699, 1.14380863, 8.4880277 ,\n        5.0671477 ],\n       [4.52882874, 5.06221197, 3.78960946, 1.14380999, 8.48802501,\n        5.06714811],\n       [4.52882742, 5.062212  , 3.78960697, 1.14380824, 8.48802935,\n        5.06714729],\n       [4.52882872, 5.06221092, 3.78961083, 1.14381027, 8.48802519,\n        5.06714833],\n       [4.52882412, 5.06221457, 3.78960294, 1.14380655, 8.48803576,\n        5.06714405],\n       [4.52882502, 5.06221505, 3.78960309, 1.14380714, 8.48803517,\n        5.06714532],\n       [4.52882832, 5.06221052, 3.78960937, 1.14381092, 8.48802206,\n        5.06714983]]), array([0.01609837, 0.01609837, 0.01609837, 0.01609837, 0.01609837,\n       0.01609837, 0.01609837]))"}, "11": {"maxiter": 1000, "fatol": 1e-10, "xatol": 1e-10, "duration": 0.18301701545715332, "fun": "0.016098371927167898", "nit": "689", "nfev": "1121", "status": "0", "success": "True", "message": "Optimization terminated successfully.", "x": "[4.52882485 5.06221528 3.78960369 1.14380612 8.4880324  5.06714551]", "final_simplex": "(array([[4.52882485, 5.06221528, 3.78960369, 1.14380612, 8.4880324 ,\n        5.06714551],\n       [4.52882485, 5.06221528, 3.78960369, 1.14380612, 8.4880324 ,\n        5.06714551],\n       [4.52882485, 5.06221528, 3.78960369, 1.14380612, 8.4880324 ,\n        5.06714551],\n       [4.52882485, 5.06221528, 3.78960369, 1.14380612, 8.4880324 ,\n        5.06714551],\n       [4.52882485, 5.06221528, 3.78960369, 1.14380612, 8.4880324 ,\n        5.06714551],\n       [4.52882485, 5.06221528, 3.78960369, 1.14380612, 8.4880324 ,\n        5.06714551],\n       [4.52882485, 5.06221528, 3.78960369, 1.14380612, 8.4880324 ,\n        5.06714551]]), array([0.01609837, 0.01609837, 0.01609837, 0.01609837, 0.01609837,\n       0.01609837, 0.01609837]))"}}, "bfgs": {"type": "gradient", "0": {"maxiter": 100, "gtol": 1e-05, "xrtol": 1e-05, "eps": 1e-05, "duration": 0.05668187141418457, "fun": "0.016098372401812555", "jac": "[ 5.39884804e-06 -7.44012629e-06 -5.15590903e-06 -4.76692019e-06\n -2.50371945e-06 -4.94592145e-06]", "hess_inv": "[[ 16.71497637 -16.29271766  30.99856477  15.6355507  -40.95845488\n   16.10000398]\n [-16.29271766  20.48968886 -34.83297586 -17.26705353  47.05054726\n  -18.28303156]\n [ 30.99856477 -34.83297586  67.93744487  32.59431331 -87.49189547\n   33.08785111]\n [ 15.6355507  -17.26705353  32.59431331  20.20873462 -49.92959039\n   19.05693285]\n [-40.95845488  47.05054726 -87.49189547 -49.92959039 139.49664539\n  -53.51697265]\n [ 16.10000398 -18.28303156  33.08785111  19.05693285 -53.51697265\n   22.72005549]]", "nfev": "336", "njev": "48", "status": "0", "success": "True", "message": "Optimization terminated successfully.", "x": "[4.52876242 5.06226222 3.78945303 1.14370615 8.48824739 5.06705383]", "nit": "41"}, "1": {"maxiter": 100, "gtol": 1e-05, "xrtol": 1e-05, "eps": 1e-10, "duration": 0.054296255111694336, "fun": "0.016098372052350762", "jac": "[5.55111466e-06 6.66133760e-06 0.00000000e+00 0.00000000e+00\n 0.00000000e+00 3.33066880e-06]", "hess_inv": "[[ 16.83902721 -16.28041233  30.36919456  15.00354765 -39.22600127\n   15.33522457]\n [-16.28041233  19.66287845 -33.26590664 -16.04347018  43.45378961\n  -16.71702821]\n [ 30.36919456 -33.26590664  64.84250205  30.15848537 -81.314779\n   30.28248801]\n [ 15.00354765 -16.04347018  30.15848537  18.88417277 -45.82021096\n   17.39926727]\n [-39.22600127  43.45378961 -81.314779   -45.82021096 127.23451678\n  -48.11416125]\n [ 15.33522457 -16.71702821  30.28248801  17.39926727 -48.11416125\n   20.55829556]]", "nfev": "322", "njev": "46", "status": "0", "success": "True", "message": "Optimization terminated successfully.", "x": "[4.52879178 5.06227005 3.78950855 1.14376201 8.48813878 5.06710988]", "nit": "41"}, "2": {"maxiter": 100, "gtol": 1e-05, "xrtol": 1e-10, "eps": 1e-05, "duration": 0.05883169174194336, "fun": "0.016098372401812555", "jac": "[ 5.39884804e-06 -7.44012629e-06 -5.15590903e-06 -4.76692019e-06\n -2.50371945e-06 -4.94592145e-06]", "hess_inv": "[[ 16.71497637 -16.29271766  30.99856477  15.6355507  -40.95845488\n   16.10000398]\n [-16.29271766  20.48968886 -34.83297586 -17.26705353  47.05054726\n  -18.28303156]\n [ 30.99856477 -34.83297586  67.93744487  32.59431331 -87.49189547\n   33.08785111]\n [ 15.6355507  -17.26705353  32.59431331  20.20873462 -49.92959039\n   19.05693285]\n [-40.95845488  47.05054726 -87.49189547 -49.92959039 139.49664539\n  -53.51697265]\n [ 16.10000398 -18.28303156  33.08785111  19.05693285 -53.51697265\n   22.72005549]]", "nfev": "336", "njev": "48", "status": "0", "success": "True", "message": "Optimization terminated successfully.", "x": "[4.52876242 5.06226222 3.78945303 1.14370615 8.48824739 5.06705383]", "nit": "41"}, "3": {"maxiter": 100, "gtol": 1e-05, "xrtol": 1e-10, "eps": 1e-10, "duration": 0.057489871978759766, "fun": "0.016098372052350762", "jac": "[5.55111466e-06 6.66133760e-06 0.00000000e+00 0.00000000e+00\n 0.00000000e+00 3.33066880e-06]", "hess_inv": "[[ 16.83902721 -16.28041233  30.36919456  15.00354765 -39.22600127\n   15.33522457]\n [-16.28041233  19.66287845 -33.26590664 -16.04347018  43.45378961\n  -16.71702821]\n [ 30.36919456 -33.26590664  64.84250205  30.15848537 -81.314779\n   30.28248801]\n [ 15.00354765 -16.04347018  30.15848537  18.88417277 -45.82021096\n   17.39926727]\n [-39.22600127  43.45378961 -81.314779   -45.82021096 127.23451678\n  -48.11416125]\n [ 15.33522457 -16.71702821  30.28248801  17.39926727 -48.11416125\n   20.55829556]]", "nfev": "322", "njev": "46", "status": "0", "success": "True", "message": "Optimization terminated successfully.", "x": "[4.52879178 5.06227005 3.78950855 1.14376201 8.48813878 5.06710988]", "nit": "41"}, "4": {"maxiter": 100, "gtol": 1e-10, "xrtol": 1e-05, "eps": 1e-05, "duration": 0.0610198974609375, "fun": "0.016098372133456773", "jac": "[ 8.92841356e-08 -6.15374418e-07 -3.19055893e-07 -1.59543490e-06\n -3.58635344e-07  4.29745128e-07]", "hess_inv": "[[ 15.88803392 -15.4857485   28.47328983  14.01924591 -37.72960795\n   14.82662826]\n [-15.4857485   19.78321653 -32.03950093 -15.40217515  43.43715455\n  -16.80655341]\n [ 28.47328983 -32.03950093  61.56367039  28.82732854 -79.51145514\n   30.14963925]\n [ 14.01924591 -15.40217515  28.82732854  18.0707488  -45.26085786\n   17.3983667 ]\n [-37.72960795  43.43715455 -79.51145514 -45.26085786 129.53041445\n  -49.88029954]\n [ 14.82662826 -16.80655341  30.14963925  17.3983667  -49.88029954\n   21.43436809]]", "nfev": "343", "njev": "49", "status": "0", "success": "True", "message": "Optimization terminated successfully.", "x": "[4.52875393 5.06228003 3.78946581 1.14372338 8.48822616 5.06706825]", "nit": "42"}, "5": {"maxiter": 100, "gtol": 1e-10, "xrtol": 1e-05, "eps": 1e-10, "duration": 0.0608370304107666, "fun": "0.01609837203674025", "jac": "[ 4.44089173e-06  5.55111466e-06 -2.22044587e-06  1.11022293e-06\n  0.00000000e+00  4.44089173e-06]", "hess_inv": "[[ 15.06339652 -14.96361273  27.29090219  13.17730484 -34.4240955\n   13.20833845]\n [-14.96361273  19.27254183 -31.72149957 -14.82765551  40.34828005\n  -15.18992247]\n [ 27.29090219 -31.72149957  60.43609745  27.16694431 -73.5639141\n   26.65846423]\n [ 13.17730484 -14.82765551  27.16694431  17.03860728 -40.98908257\n   15.22361528]\n [-34.4240955   40.34828005 -73.5639141  -40.98908257 114.60257947\n  -42.40134191]\n [ 13.20833845 -15.18992247  26.65846423  15.22361528 -42.40134191\n   18.01496472]]", "nfev": "343", "njev": "49", "status": "0", "success": "True", "message": "Optimization terminated successfully.", "x": "[4.52878139 5.06227201 3.78949777 1.14375268 8.48816242 5.06709793]", "nit": "42"}, "6": {"maxiter": 100, "gtol": 1e-10, "xrtol": 1e-10, "eps": 1e-05, "duration": 0.07756495475769043, "fun": "0.016098372110859516", "jac": "[-6.28386232e-09  3.49720253e-09  4.67403893e-09 -1.44328993e-09\n  1.07691633e-09  7.23865412e-09]", "hess_inv": "[[ 15.68559046 -14.97299438  27.88908797  13.9978118  -36.53571119\n   14.17323046]\n [-14.97299438  18.92604469 -30.58252801 -14.84426096  40.96451044\n  -15.63149103]\n [ 27.88908797 -30.58252801  59.89676523  28.73008572 -76.05214033\n   28.27343589]\n [ 13.9978118  -14.84426096  28.73008572  18.6248198  -44.44301911\n   16.75164955]\n [-36.53571119  40.96451044 -76.05214033 -44.44301911 122.96496785\n  -46.52137865]\n [ 14.17323046 -15.63149103  28.27343589  16.75164955 -46.52137865\n   19.79668088]]", "nfev": "445", "njev": "62", "status": "2", "success": "False", "message": "Desired error not necessarily achieved due to precision loss.", "x": "[4.52875536 5.06228096 3.78947014 1.14372879 8.48822335 5.06706804]", "nit": "44"}, "7": {"maxiter": 100, "gtol": 1e-10, "xrtol": 1e-10, "eps": 1e-10, "duration": 0.1024470329284668, "fun": "0.01609837203029596", "jac": "[ 2.22044587e-06  0.00000000e+00 -1.11022293e-06 -1.11022293e-06\n  2.22044587e-06  1.11022293e-06]", "hess_inv": "[[ 0.43346904 -0.58701689 -0.12285905  0.09968436 -0.03852612  0.51595378]\n [-0.58701689  1.30761741 -0.00933872  0.05065141  0.28279237 -1.18211121]\n [-0.12285905 -0.00933872  0.14804474 -0.08674717 -0.00555259 -0.03986374]\n [ 0.09968436  0.05065141 -0.08674717  0.23563643  0.17922762 -0.11691583]\n [-0.03852612  0.28279237 -0.00555259  0.17922762  0.34307992 -0.44626244]\n [ 0.51595378 -1.18211121 -0.03986374 -0.11691583 -0.44626244  1.24823565]]", "nfev": "606", "njev": "85", "status": "2", "success": "False", "message": "Desired error not necessarily achieved due to precision loss.", "x": "[4.52877747 5.06227143 3.78949604 1.14374981 8.48817392 5.06709176]", "nit": "48"}, "8": {"maxiter": 500, "gtol": 1e-05, "xrtol": 1e-05, "eps": 1e-05, "duration": 0.05707502365112305, "fun": "0.016098372401812555", "jac": "[ 5.39884804e-06 -7.44012629e-06 -5.15590903e-06 -4.76692019e-06\n -2.50371945e-06 -4.94592145e-06]", "hess_inv": "[[ 16.71497637 -16.29271766  30.99856477  15.6355507  -40.95845488\n   16.10000398]\n [-16.29271766  20.48968886 -34.83297586 -17.26705353  47.05054726\n  -18.28303156]\n [ 30.99856477 -34.83297586  67.93744487  32.59431331 -87.49189547\n   33.08785111]\n [ 15.6355507  -17.26705353  32.59431331  20.20873462 -49.92959039\n   19.05693285]\n [-40.95845488  47.05054726 -87.49189547 -49.92959039 139.49664539\n  -53.51697265]\n [ 16.10000398 -18.28303156  33.08785111  19.05693285 -53.51697265\n   22.72005549]]", "nfev": "336", "njev": "48", "status": "0", "success": "True", "message": "Optimization terminated successfully.", "x": "[4.52876242 5.06226222 3.78945303 1.14370615 8.48824739 5.06705383]", "nit": "41"}, "9": {"maxiter": 500, "gtol": 1e-05, "xrtol": 1e-05, "eps": 1e-10, "duration": 0.05476188659667969, "fun": "0.016098372052350762", "jac": "[5.55111466e-06 6.66133760e-06 0.00000000e+00 0.00000000e+00\n 0.00000000e+00 3.33066880e-06]", "hess_inv": "[[ 16.83902721 -16.28041233  30.36919456  15.00354765 -39.22600127\n   15.33522457]\n [-16.28041233  19.66287845 -33.26590664 -16.04347018  43.45378961\n  -16.71702821]\n [ 30.36919456 -33.26590664  64.84250205  30.15848537 -81.314779\n   30.28248801]\n [ 15.00354765 -16.04347018  30.15848537  18.88417277 -45.82021096\n   17.39926727]\n [-39.22600127  43.45378961 -81.314779   -45.82021096 127.23451678\n  -48.11416125]\n [ 15.33522457 -16.71702821  30.28248801  17.39926727 -48.11416125\n   20.55829556]]", "nfev": "322", "njev": "46", "status": "0", "success": "True", "message": "Optimization terminated successfully.", "x": "[4.52879178 5.06227005 3.78950855 1.14376201 8.48813878 5.06710988]", "nit": "41"}, "10": {"maxiter": 500, "gtol": 1e-05, "xrtol": 1e-10, "eps": 1e-05, "duration": 0.057106971740722656, "fun": "0.016098372401812555", "jac": "[ 5.39884804e-06 -7.44012629e-06 -5.15590903e-06 -4.76692019e-06\n -2.50371945e-06 -4.94592145e-06]", "hess_inv": "[[ 16.71497637 -16.29271766  30.99856477  15.6355507  -40.95845488\n   16.10000398]\n [-16.29271766  20.48968886 -34.83297586 -17.26705353  47.05054726\n  -18.28303156]\n [ 30.99856477 -34.83297586  67.93744487  32.59431331 -87.49189547\n   33.08785111]\n [ 15.6355507  -17.26705353  32.59431331  20.20873462 -49.92959039\n   19.05693285]\n [-40.95845488  47.05054726 -87.49189547 -49.92959039 139.49664539\n  -53.51697265]\n [ 16.10000398 -18.28303156  33.08785111  19.05693285 -53.51697265\n   22.72005549]]", "nfev": "336", "njev": "48", "status": "0", "success": "True", "message": "Optimization terminated successfully.", "x": "[4.52876242 5.06226222 3.78945303 1.14370615 8.48824739 5.06705383]", "nit": "41"}, "11": {"maxiter": 500, "gtol": 1e-05, "xrtol": 1e-10, "eps": 1e-10, "duration": 0.05488085746765137, "fun": "0.016098372052350762", "jac": "[5.55111466e-06 6.66133760e-06 0.00000000e+00 0.00000000e+00\n 0.00000000e+00 3.33066880e-06]", "hess_inv": "[[ 16.83902721 -16.28041233  30.36919456  15.00354765 -39.22600127\n   15.33522457]\n [-16.28041233  19.66287845 -33.26590664 -16.04347018  43.45378961\n  -16.71702821]\n [ 30.36919456 -33.26590664  64.84250205  30.15848537 -81.314779\n   30.28248801]\n [ 15.00354765 -16.04347018  30.15848537  18.88417277 -45.82021096\n   17.39926727]\n [-39.22600127  43.45378961 -81.314779   -45.82021096 127.23451678\n  -48.11416125]\n [ 15.33522457 -16.71702821  30.28248801  17.39926727 -48.11416125\n   20.55829556]]", "nfev": "322", "njev": "46", "status": "0", "success": "True", "message": "Optimization terminated successfully.", "x": "[4.52879178 5.06227005 3.78950855 1.14376201 8.48813878 5.06710988]", "nit": "41"}, "12": {"maxiter": 500, "gtol": 1e-10, "xrtol": 1e-05, "eps": 1e-05, "duration": 0.05857205390930176, "fun": "0.016098372133456773", "jac": "[ 8.92841356e-08 -6.15374418e-07 -3.19055893e-07 -1.59543490e-06\n -3.58635344e-07  4.29745128e-07]", "hess_inv": "[[ 15.88803392 -15.4857485   28.47328983  14.01924591 -37.72960795\n   14.82662826]\n [-15.4857485   19.78321653 -32.03950093 -15.40217515  43.43715455\n  -16.80655341]\n [ 28.47328983 -32.03950093  61.56367039  28.82732854 -79.51145514\n   30.14963925]\n [ 14.01924591 -15.40217515  28.82732854  18.0707488  -45.26085786\n   17.3983667 ]\n [-37.72960795  43.43715455 -79.51145514 -45.26085786 129.53041445\n  -49.88029954]\n [ 14.82662826 -16.80655341  30.14963925  17.3983667  -49.88029954\n   21.43436809]]", "nfev": "343", "njev": "49", "status": "0", "success": "True", "message": "Optimization terminated successfully.", "x": "[4.52875393 5.06228003 3.78946581 1.14372338 8.48822616 5.06706825]", "nit": "42"}, "13": {"maxiter": 500, "gtol": 1e-10, "xrtol": 1e-05, "eps": 1e-10, "duration": 0.05863022804260254, "fun": "0.01609837203674025", "jac": "[ 4.44089173e-06  5.55111466e-06 -2.22044587e-06  1.11022293e-06\n  0.00000000e+00  4.44089173e-06]", "hess_inv": "[[ 15.06339652 -14.96361273  27.29090219  13.17730484 -34.4240955\n   13.20833845]\n [-14.96361273  19.27254183 -31.72149957 -14.82765551  40.34828005\n  -15.18992247]\n [ 27.29090219 -31.72149957  60.43609745  27.16694431 -73.5639141\n   26.65846423]\n [ 13.17730484 -14.82765551  27.16694431  17.03860728 -40.98908257\n   15.22361528]\n [-34.4240955   40.34828005 -73.5639141  -40.98908257 114.60257947\n  -42.40134191]\n [ 13.20833845 -15.18992247  26.65846423  15.22361528 -42.40134191\n   18.01496472]]", "nfev": "343", "njev": "49", "status": "0", "success": "True", "message": "Optimization terminated successfully.", "x": "[4.52878139 5.06227201 3.78949777 1.14375268 8.48816242 5.06709793]", "nit": "42"}, "14": {"maxiter": 500, "gtol": 1e-10, "xrtol": 1e-10, "eps": 1e-05, "duration": 0.07602715492248535, "fun": "0.016098372110859516", "jac": "[-6.28386232e-09  3.49720253e-09  4.67403893e-09 -1.44328993e-09\n  1.07691633e-09  7.23865412e-09]", "hess_inv": "[[ 15.68559046 -14.97299438  27.88908797  13.9978118  -36.53571119\n   14.17323046]\n [-14.97299438  18.92604469 -30.58252801 -14.84426096  40.96451044\n  -15.63149103]\n [ 27.88908797 -30.58252801  59.89676523  28.73008572 -76.05214033\n   28.27343589]\n [ 13.9978118  -14.84426096  28.73008572  18.6248198  -44.44301911\n   16.75164955]\n [-36.53571119  40.96451044 -76.05214033 -44.44301911 122.96496785\n  -46.52137865]\n [ 14.17323046 -15.63149103  28.27343589  16.75164955 -46.52137865\n   19.79668088]]", "nfev": "445", "njev": "62", "status": "2", "success": "False", "message": "Desired error not necessarily achieved due to precision loss.", "x": "[4.52875536 5.06228096 3.78947014 1.14372879 8.48822335 5.06706804]", "nit": "44"}, "15": {"maxiter": 500, "gtol": 1e-10, "xrtol": 1e-10, "eps": 1e-10, "duration": 0.1028451919555664, "fun": "0.01609837203029596", "jac": "[ 2.22044587e-06  0.00000000e+00 -1.11022293e-06 -1.11022293e-06\n  2.22044587e-06  1.11022293e-06]", "hess_inv": "[[ 0.43346904 -0.58701689 -0.12285905  0.09968436 -0.03852612  0.51595378]\n [-0.58701689  1.30761741 -0.00933872  0.05065141  0.28279237 -1.18211121]\n [-0.12285905 -0.00933872  0.14804474 -0.08674717 -0.00555259 -0.03986374]\n [ 0.09968436  0.05065141 -0.08674717  0.23563643  0.17922762 -0.11691583]\n [-0.03852612  0.28279237 -0.00555259  0.17922762  0.34307992 -0.44626244]\n [ 0.51595378 -1.18211121 -0.03986374 -0.11691583 -0.44626244  1.24823565]]", "nfev": "606", "njev": "85", "status": "2", "success": "False", "message": "Desired error not necessarily achieved due to precision loss.", "x": "[4.52877747 5.06227143 3.78949604 1.14374981 8.48817392 5.06709176]", "nit": "48"}, "16": {"maxiter": 1000, "gtol": 1e-05, "xrtol": 1e-05, "eps": 1e-05, "duration": 0.05727577209472656, "fun": "0.016098372401812555", "jac": "[ 5.39884804e-06 -7.44012629e-06 -5.15590903e-06 -4.76692019e-06\n -2.50371945e-06 -4.94592145e-06]", "hess_inv": "[[ 16.71497637 -16.29271766  30.99856477  15.6355507  -40.95845488\n   16.10000398]\n [-16.29271766  20.48968886 -34.83297586 -17.26705353  47.05054726\n  -18.28303156]\n [ 30.99856477 -34.83297586  67.93744487  32.59431331 -87.49189547\n   33.08785111]\n [ 15.6355507  -17.26705353  32.59431331  20.20873462 -49.92959039\n   19.05693285]\n [-40.95845488  47.05054726 -87.49189547 -49.92959039 139.49664539\n  -53.51697265]\n [ 16.10000398 -18.28303156  33.08785111  19.05693285 -53.51697265\n   22.72005549]]", "nfev": "336", "njev": "48", "status": "0", "success": "True", "message": "Optimization terminated successfully.", "x": "[4.52876242 5.06226222 3.78945303 1.14370615 8.48824739 5.06705383]", "nit": "41"}, "17": {"maxiter": 1000, "gtol": 1e-05, "xrtol": 1e-05, "eps": 1e-10, "duration": 0.056333065032958984, "fun": "0.016098372052350762", "jac": "[5.55111466e-06 6.66133760e-06 0.00000000e+00 0.00000000e+00\n 0.00000000e+00 3.33066880e-06]", "hess_inv": "[[ 16.83902721 -16.28041233  30.36919456  15.00354765 -39.22600127\n   15.33522457]\n [-16.28041233  19.66287845 -33.26590664 -16.04347018  43.45378961\n  -16.71702821]\n [ 30.36919456 -33.26590664  64.84250205  30.15848537 -81.314779\n   30.28248801]\n [ 15.00354765 -16.04347018  30.15848537  18.88417277 -45.82021096\n   17.39926727]\n [-39.22600127  43.45378961 -81.314779   -45.82021096 127.23451678\n  -48.11416125]\n [ 15.33522457 -16.71702821  30.28248801  17.39926727 -48.11416125\n   20.55829556]]", "nfev": "322", "njev": "46", "status": "0", "success": "True", "message": "Optimization terminated successfully.", "x": "[4.52879178 5.06227005 3.78950855 1.14376201 8.48813878 5.06710988]", "nit": "41"}, "18": {"maxiter": 1000, "gtol": 1e-05, "xrtol": 1e-10, "eps": 1e-05, "duration": 0.059422969818115234, "fun": "0.016098372401812555", "jac": "[ 5.39884804e-06 -7.44012629e-06 -5.15590903e-06 -4.76692019e-06\n -2.50371945e-06 -4.94592145e-06]", "hess_inv": "[[ 16.71497637 -16.29271766  30.99856477  15.6355507  -40.95845488\n   16.10000398]\n [-16.29271766  20.48968886 -34.83297586 -17.26705353  47.05054726\n  -18.28303156]\n [ 30.99856477 -34.83297586  67.93744487  32.59431331 -87.49189547\n   33.08785111]\n [ 15.6355507  -17.26705353  32.59431331  20.20873462 -49.92959039\n   19.05693285]\n [-40.95845488  47.05054726 -87.49189547 -49.92959039 139.49664539\n  -53.51697265]\n [ 16.10000398 -18.28303156  33.08785111  19.05693285 -53.51697265\n   22.72005549]]", "nfev": "336", "njev": "48", "status": "0", "success": "True", "message": "Optimization terminated successfully.", "x": "[4.52876242 5.06226222 3.78945303 1.14370615 8.48824739 5.06705383]", "nit": "41"}, "19": {"maxiter": 1000, "gtol": 1e-05, "xrtol": 1e-10, "eps": 1e-10, "duration": 0.056999921798706055, "fun": "0.016098372052350762", "jac": "[5.55111466e-06 6.66133760e-06 0.00000000e+00 0.00000000e+00\n 0.00000000e+00 3.33066880e-06]", "hess_inv": "[[ 16.83902721 -16.28041233  30.36919456  15.00354765 -39.22600127\n   15.33522457]\n [-16.28041233  19.66287845 -33.26590664 -16.04347018  43.45378961\n  -16.71702821]\n [ 30.36919456 -33.26590664  64.84250205  30.15848537 -81.314779\n   30.28248801]\n [ 15.00354765 -16.04347018  30.15848537  18.88417277 -45.82021096\n   17.39926727]\n [-39.22600127  43.45378961 -81.314779   -45.82021096 127.23451678\n  -48.11416125]\n [ 15.33522457 -16.71702821  30.28248801  17.39926727 -48.11416125\n   20.55829556]]", "nfev": "322", "njev": "46", "status": "0", "success": "True", "message": "Optimization terminated successfully.", "x": "[4.52879178 5.06227005 3.78950855 1.14376201 8.48813878 5.06710988]", "nit": "41"}, "20": {"maxiter": 1000, "gtol": 1e-10, "xrtol": 1e-05, "eps": 1e-05, "duration": 0.06055307388305664, "fun": "0.016098372133456773", "jac": "[ 8.92841356e-08 -6.15374418e-07 -3.19055893e-07 -1.59543490e-06\n -3.58635344e-07  4.29745128e-07]", "hess_inv": "[[ 15.88803392 -15.4857485   28.47328983  14.01924591 -37.72960795\n   14.82662826]\n [-15.4857485   19.78321653 -32.03950093 -15.40217515  43.43715455\n  -16.80655341]\n [ 28.47328983 -32.03950093  61.56367039  28.82732854 -79.51145514\n   30.14963925]\n [ 14.01924591 -15.40217515  28.82732854  18.0707488  -45.26085786\n   17.3983667 ]\n [-37.72960795  43.43715455 -79.51145514 -45.26085786 129.53041445\n  -49.88029954]\n [ 14.82662826 -16.80655341  30.14963925  17.3983667  -49.88029954\n   21.43436809]]", "nfev": "343", "njev": "49", "status": "0", "success": "True", "message": "Optimization terminated successfully.", "x": "[4.52875393 5.06228003 3.78946581 1.14372338 8.48822616 5.06706825]", "nit": "42"}, "21": {"maxiter": 1000, "gtol": 1e-10, "xrtol": 1e-05, "eps": 1e-10, "duration": 0.060395002365112305, "fun": "0.01609837203674025", "jac": "[ 4.44089173e-06  5.55111466e-06 -2.22044587e-06  1.11022293e-06\n  0.00000000e+00  4.44089173e-06]", "hess_inv": "[[ 15.06339652 -14.96361273  27.29090219  13.17730484 -34.4240955\n   13.20833845]\n [-14.96361273  19.27254183 -31.72149957 -14.82765551  40.34828005\n  -15.18992247]\n [ 27.29090219 -31.72149957  60.43609745  27.16694431 -73.5639141\n   26.65846423]\n [ 13.17730484 -14.82765551  27.16694431  17.03860728 -40.98908257\n   15.22361528]\n [-34.4240955   40.34828005 -73.5639141  -40.98908257 114.60257947\n  -42.40134191]\n [ 13.20833845 -15.18992247  26.65846423  15.22361528 -42.40134191\n   18.01496472]]", "nfev": "343", "njev": "49", "status": "0", "success": "True", "message": "Optimization terminated successfully.", "x": "[4.52878139 5.06227201 3.78949777 1.14375268 8.48816242 5.06709793]", "nit": "42"}, "22": {"maxiter": 1000, "gtol": 1e-10, "xrtol": 1e-10, "eps": 1e-05, "duration": 0.07803797721862793, "fun": "0.016098372110859516", "jac": "[-6.28386232e-09  3.49720253e-09  4.67403893e-09 -1.44328993e-09\n  1.07691633e-09  7.23865412e-09]", "hess_inv": "[[ 15.68559046 -14.97299438  27.88908797  13.9978118  -36.53571119\n   14.17323046]\n [-14.97299438  18.92604469 -30.58252801 -14.84426096  40.96451044\n  -15.63149103]\n [ 27.88908797 -30.58252801  59.89676523  28.73008572 -76.05214033\n   28.27343589]\n [ 13.9978118  -14.84426096  28.73008572  18.6248198  -44.44301911\n   16.75164955]\n [-36.53571119  40.96451044 -76.05214033 -44.44301911 122.96496785\n  -46.52137865]\n [ 14.17323046 -15.63149103  28.27343589  16.75164955 -46.52137865\n   19.79668088]]", "nfev": "445", "njev": "62", "status": "2", "success": "False", "message": "Desired error not necessarily achieved due to precision loss.", "x": "[4.52875536 5.06228096 3.78947014 1.14372879 8.48822335 5.06706804]", "nit": "44"}, "23": {"maxiter": 1000, "gtol": 1e-10, "xrtol": 1e-10, "eps": 1e-10, "duration": 0.1059567928314209, "fun": "0.01609837203029596", "jac": "[ 2.22044587e-06  0.00000000e+00 -1.11022293e-06 -1.11022293e-06\n  2.22044587e-06  1.11022293e-06]", "hess_inv": "[[ 0.43346904 -0.58701689 -0.12285905  0.09968436 -0.03852612  0.51595378]\n [-0.58701689  1.30761741 -0.00933872  0.05065141  0.28279237 -1.18211121]\n [-0.12285905 -0.00933872  0.14804474 -0.08674717 -0.00555259 -0.03986374]\n [ 0.09968436  0.05065141 -0.08674717  0.23563643  0.17922762 -0.11691583]\n [-0.03852612  0.28279237 -0.00555259  0.17922762  0.34307992 -0.44626244]\n [ 0.51595378 -1.18211121 -0.03986374 -0.11691583 -0.44626244  1.24823565]]", "nfev": "606", "njev": "85", "status": "2", "success": "False", "message": "Desired error not necessarily achieved due to precision loss.", "x": "[4.52877747 5.06227143 3.78949604 1.14374981 8.48817392 5.06709176]", "nit": "48"}}, "cobyla": {"0": {"maxiter": 100, "tol": 1e-05, "catol": 1e-05, "duration": 0.016857147216796875, "x": "[4.25019111 3.94986061 5.72901858 2.06736498 5.9610412  4.5642854 ]", "status": "2", "success": "False", "message": "Maximum number of function evaluations has been exceeded.", "nfev": "100", "fun": "0.03395627840229121", "maxcv": "0.0"}, "1": {"maxiter": 100, "tol": 1e-05, "catol": 1e-10, "duration": 0.016816139221191406, "x": "[4.25019111 3.94986061 5.72901858 2.06736498 5.9610412  4.5642854 ]", "status": "2", "success": "False", "message": "Maximum number of function evaluations has been exceeded.", "nfev": "100", "fun": "0.03395627840229121", "maxcv": "0.0"}, "2": {"maxiter": 100, "tol": 1e-10, "catol": 1e-05, "duration": 0.01685190200805664, "x": "[4.25019111 3.94986061 5.72901858 2.06736498 5.9610412  4.5642854 ]", "status": "2", "success": "False", "message": "Maximum number of function evaluations has been exceeded.", "nfev": "100", "fun": "0.03395627840229121", "maxcv": "0.0"}, "3": {"maxiter": 100, "tol": 1e-10, "catol": 1e-10, "duration": 0.016820907592773438, "x": "[4.25019111 3.94986061 5.72901858 2.06736498 5.9610412  4.5642854 ]", "status": "2", "success": "False", "message": "Maximum number of function evaluations has been exceeded.", "nfev": "100", "fun": "0.03395627840229121", "maxcv": "0.0"}, "4": {"maxiter": 500, "tol": 1e-05, "catol": 1e-05, "duration": 0.08365011215209961, "x": "[4.5860829  4.22890853 5.14316438 1.98306712 6.83701435 4.99261885]", "status": "2", "success": "False", "message": "Maximum number of function evaluations has been exceeded.", "nfev": "500", "fun": "0.02744932747240647", "maxcv": "0.0"}, "5": {"maxiter": 500, "tol": 1e-05, "catol": 1e-10, "duration": 0.08350396156311035, "x": "[4.5860829  4.22890853 5.14316438 1.98306712 6.83701435 4.99261885]", "status": "2", "success": "False", "message": "Maximum number of function evaluations has been exceeded.", "nfev": "500", "fun": "0.02744932747240647", "maxcv": "0.0"}, "6": {"maxiter": 500, "tol": 1e-10, "catol": 1e-05, "duration": 0.08316588401794434, "x": "[4.5860829  4.22890853 5.14316438 1.98306712 6.83701435 4.99261885]", "status": "2", "success": "False", "message": "Maximum number of function evaluations has been exceeded.", "nfev": "500", "fun": "0.02744932747240647", "maxcv": "0.0"}, "7": {"maxiter": 500, "tol": 1e-10, "catol": 1e-10, "duration": 0.08321523666381836, "x": "[4.5860829  4.22890853 5.14316438 1.98306712 6.83701435 4.99261885]", "status": "2", "success": "False", "message": "Maximum number of function evaluations has been exceeded.", "nfev": "500", "fun": "0.02744932747240647", "maxcv": "0.0"}, "8": {"maxiter": 1000, "tol": 1e-05, "catol": 1e-05, "durati