{"date": "2024/07/18/, 20:41:32", "conf_id": 60, "data_type": "random\n", "num_data_points": 4, "s_rank": 0, "unitary": "[[-0.45070455-0.02711853j,0.78437395-0.06613086j,0.06358678+0.19963393j,-0.07343613+0.35668523j],[-0.01890143-0.03813363j,0.32408202+0.25557629j,0.05872864-0.68979805j,0.55466693-0.20227297j],[-0.11215405+0.64023111j,-0.13344055+0.29565494j,-0.49012687-0.19046288j,-0.04241254+0.44046348j],[0.55771659+0.24656916j,0.31851997-0.05798805j,0.28761525-0.34294258j,-0.56718418+0.03616933j]]", "databatch_0": {"databatch": "[[[-0.19704156+0.22295059j,-0.32448756+0.14784895j,-0.2917029+0.16443111j,-0.12867224+0.23252371j],[-0.16697909-0.1676148j,-0.10095003-0.26495986j,-0.11576342-0.23978033j,-0.1780263-0.1138432j],[-0.24094089+0.00480677j,-0.26606113-0.11234123j,-0.25796753-0.08370665j,-0.20915649+0.05080859j],[-0.03667867-0.13516559j,0.02582823-0.16584436j,0.01082502-0.15724417j,-0.05813359-0.11075996j]],[[0.28869568+0.16233279j,-0.12301739-0.04896819j,-0.35686498+0.15334061j,-0.1326647+0.08720438j],[0.13695714-0.12309386j,-0.04771939+0.05605406j,0.01713131+0.2152717j,0.02227263+0.08541137j],[-0.17903754-0.16225545j,0.07956499+0.05476833j,0.27868753-0.05123236j,0.10849675-0.04052664j],[-0.31661835+0.24381376j,0.11248504-0.11343819j,-0.0016344-0.46863788j,-0.0341355-0.18848454j]],[[0.2622876-0.14087545j,0.05972558+0.0600628j,-0.01956112-0.05306229j,-0.0539546+0.17492367j],[0.24664356+0.31971189j,-0.06712349+0.09322984j,0.06666132-0.03793718j,-0.24601231-0.03341075j],[0.4251388+0.30952061j,-0.04983841+0.14106774j,0.06946552-0.07178159j,-0.31973062+0.04813259j],[0.05924369+0.37030382j,-0.09614737+0.04624751j,0.07122093-0.00134922j,-0.18584384-0.13648112j]],[[0.00488457-0.00173503j,0.00205199+0.00860616j,-0.00310723-0.00098937j,-0.00172609-0.00322276j],[0.11631341-0.29808464j,0.4846043+0.25184294j,-0.17169155+0.105076j,-0.22015392-0.04960545j],[0.01553626+0.09777148j,-0.16875788+0.00850324j,0.02941879-0.05489273j,0.06653644-0.02116664j],[-0.30938765+0.01111847j,0.03765423-0.52706635j,0.15922642+0.11215201j,0.04045037+0.21456831j]]]", "initial param values": "[6.1206441,1.2554421,0.22996124,5.61922369,1.41359845,5.93001607]", "nelder_mead": {"type": "gradient-free", "0": {"maxiter": 100, "fatol": 1e-05, "xatol": 1e-05, "duration": 0.026849031448364258, "fun": "0.34710913362773677", "nit": "100", "nfev": "153", "status": "2", "success": "False", "message": "Maximum number of iterations has been exceeded.", "x": "[7.07433478 1.52998134 0.26737254 4.94676146 0.68620029 7.71376049]", "final_simplex": "(array([[7.07433478, 1.52998134, 0.26737254, 4.94676146, 0.68620029,\n        7.71376049],\n       [7.08384939, 1.4772906 , 0.25892214, 4.97598193, 0.6829524 ,\n        7.77271389],\n       [6.97598153, 1.49088911, 0.26071078, 4.92685461, 0.71928974,\n        7.77782527],\n       [7.11611729, 1.46800904, 0.25752208, 4.90167426, 0.70692415,\n        7.80203793],\n       [7.08812908, 1.54935463, 0.26469426, 4.93501433, 0.69112597,\n        7.79649787],\n       [6.9269355 , 1.55507179, 0.2553142 , 4.97772762, 0.70868713,\n        7.78735783],\n       [7.07875294, 1.49054249, 0.25702222, 4.92515784, 0.73939622,\n        7.72657143]]), array([0.34710913, 0.34722973, 0.34724361, 0.34757891, 0.34766882,\n       0.34784547, 0.34821781]))"}, "1": {"maxiter": 100, "fatol": 1e-05, "xatol": 1e-10, "duration": 0.02668285369873047, "fun": "0.34710913362773677", "nit": "100", "nfev": "153", "status": "2", "success": "False", "message": "Maximum number of iterations has been exceeded.", "x": "[7.07433478 1.52998134 0.26737254 4.94676146 0.68620029 7.71376049]", "final_simplex": "(array([[7.07433478, 1.52998134, 0.26737254, 4.94676146, 0.68620029,\n        7.71376049],\n       [7.08384939, 1.4772906 , 0.25892214, 4.97598193, 0.6829524 ,\n        7.77271389],\n       [6.97598153, 1.49088911, 0.26071078, 4.92685461, 0.71928974,\n        7.77782527],\n       [7.11611729, 1.46800904, 0.25752208, 4.90167426, 0.70692415,\n        7.80203793],\n       [7.08812908, 1.54935463, 0.26469426, 4.93501433, 0.69112597,\n        7.79649787],\n       [6.9269355 , 1.55507179, 0.2553142 , 4.97772762, 0.70868713,\n        7.78735783],\n       [7.07875294, 1.49054249, 0.25702222, 4.92515784, 0.73939622,\n        7.72657143]]), array([0.34710913, 0.34722973, 0.34724361, 0.34757891, 0.34766882,\n       0.34784547, 0.34821781]))"}, "2": {"maxiter": 100, "fatol": 1e-10, "xatol": 1e-05, "duration": 0.026657819747924805, "fun": "0.34710913362773677", "nit": "100", "nfev": "153", "status": "2", "success": "False", "message": "Maximum number of iterations has been exceeded.", "x": "[7.07433478 1.52998134 0.26737254 4.94676146 0.68620029 7.71376049]", "final_simplex": "(array([[7.07433478, 1.52998134, 0.26737254, 4.94676146, 0.68620029,\n        7.71376049],\n       [7.08384939, 1.4772906 , 0.25892214, 4.97598193, 0.6829524 ,\n        7.77271389],\n       [6.97598153, 1.49088911, 0.26071078, 4.92685461, 0.71928974,\n        7.77782527],\n       [7.11611729, 1.46800904, 0.25752208, 4.90167426, 0.70692415,\n        7.80203793],\n       [7.08812908, 1.54935463, 0.26469426, 4.93501433, 0.69112597,\n        7.79649787],\n       [6.9269355 , 1.55507179, 0.2553142 , 4.97772762, 0.70868713,\n        7.78735783],\n       [7.07875294, 1.49054249, 0.25702222, 4.92515784, 0.73939622,\n        7.72657143]]), array([0.34710913, 0.34722973, 0.34724361, 0.34757891, 0.34766882,\n       0.34784547, 0.34821781]))"}, "3": {"maxiter": 100, "fatol": 1e-10, "xatol": 1e-10, "duration": 0.026484966278076172, "fun": "0.34710913362773677", "nit": "100", "nfev": "153", "status": "2", "success": "False", "message": "Maximum number of iterations has been exceeded.", "x": "[7.07433478 1.52998134 0.26737254 4.94676146 0.68620029 7.71376049]", "final_simplex": "(array([[7.07433478, 1.52998134, 0.26737254, 4.94676146, 0.68620029,\n        7.71376049],\n       [7.08384939, 1.4772906 , 0.25892214, 4.97598193, 0.6829524 ,\n        7.77271389],\n       [6.97598153, 1.49088911, 0.26071078, 4.92685461, 0.71928974,\n        7.77782527],\n       [7.11611729, 1.46800904, 0.25752208, 4.90167426, 0.70692415,\n        7.80203793],\n       [7.08812908, 1.54935463, 0.26469426, 4.93501433, 0.69112597,\n        7.79649787],\n       [6.9269355 , 1.55507179, 0.2553142 , 4.97772762, 0.70868713,\n        7.78735783],\n       [7.07875294, 1.49054249, 0.25702222, 4.92515784, 0.73939622,\n        7.72657143]]), array([0.34710913, 0.34722973, 0.34724361, 0.34757891, 0.34766882,\n       0.34784547, 0.34821781]))"}, "4": {"maxiter": 500, "fatol": 1e-05, "xatol": 1e-05, "duration": 0.10381412506103516, "fun": "0.34118914678461465", "nit": "375", "nfev": "598", "status": "0", "success": "True", "message": "Optimization terminated successfully.", "x": "[6.89012107 1.28588328 0.53280233 4.96613792 0.49075409 7.90777927]", "final_simplex": "(array([[6.89012107, 1.28588328, 0.53280233, 4.96613792, 0.49075409,\n        7.90777927],\n       [6.89012333, 1.2858825 , 0.53280194, 4.96613555, 0.49075349,\n        7.90777227],\n       [6.89012424, 1.28588652, 0.53279916, 4.96614025, 0.49075728,\n        7.90777155],\n       [6.89012279, 1.28588438, 0.53280491, 4.96613831, 0.49075564,\n        7.90777426],\n       [6.89012075, 1.28588521, 0.53280125, 4.9661378 , 0.49075898,\n        7.90777282],\n       [6.89012681, 1.28588936, 0.53279612, 4.96613575, 0.49075564,\n        7.90777414],\n       [6.89011846, 1.28588581, 0.53279864, 4.9661372 , 0.49075048,\n        7.90777368]]), array([0.34118915, 0.34118915, 0.34118915, 0.34118915, 0.34118915,\n       0.34118915, 0.34118915]))"}, "5": {"maxiter": 500, "fatol": 1e-05, "xatol": 1e-10, "duration": 0.14391303062438965, "fun": "0.34118914677295265", "nit": "484", "nfev": "833", "status": "0", "success": "True", "message": "Optimization terminated successfully.", "x": "[6.89012214 1.28586645 0.53281651 4.9661414  0.49075578 7.90777749]", "final_simplex": "(array([[6.89012214, 1.28586645, 0.53281651, 4.9661414 , 0.49075578,\n        7.90777749],\n       [6.89012214, 1.28586645, 0.53281651, 4.9661414 , 0.49075578,\n        7.90777749],\n       [6.89012214, 1.28586645, 0.53281651, 4.9661414 , 0.49075578,\n        7.90777749],\n       [6.89012214, 1.28586645, 0.53281651, 4.9661414 , 0.49075578,\n        7.90777749],\n       [6.89012214, 1.28586645, 0.53281651, 4.9661414 , 0.49075578,\n        7.90777749],\n       [6.89012214, 1.28586645, 0.53281651, 4.9661414 , 0.49075578,\n        7.90777749],\n       [6.89012214, 1.28586645, 0.53281651, 4.9661414 , 0.49075578,\n        7.90777749]]), array([0.34118915, 0.34118915, 0.34118915, 0.34118915, 0.34118915,\n       0.34118915, 0.34118915]))"}, "6": {"maxiter": 500, "fatol": 1e-10, "xatol": 1e-05, "duration": 0.10329771041870117, "fun": "0.34118914678461465", "nit": "375", "nfev": "598", "status": "0", "success": "True", "message": "Optimization terminated successfully.", "x": "[6.89012107 1.28588328 0.53280233 4.96613792 0.49075409 7.90777927]", "final_simplex": "(array([[6.89012107, 1.28588328, 0.53280233, 4.96613792, 0.49075409,\n        7.90777927],\n       [6.89012333, 1.2858825 , 0.53280194, 4.96613555, 0.49075349,\n        7.90777227],\n       [6.89012424, 1.28588652, 0.53279916, 4.96614025, 0.49075728,\n        7.90777155],\n       [6.89012279, 1.28588438, 0.53280491, 4.96613831, 0.49075564,\n        7.90777426],\n       [6.89012075, 1.28588521, 0.53280125, 4.9661378 , 0.49075898,\n        7.90777282],\n       [6.89012681, 1.28588936, 0.53279612, 4.96613575, 0.49075564,\n        7.90777414],\n       [6.89011846, 1.28588581, 0.53279864, 4.9661372 , 0.49075048,\n        7.90777368]]), array([0.34118915, 0.34118915, 0.34118915, 0.34118915, 0.34118915,\n       0.34118915, 0.34118915]))"}, "7": {"maxiter": 500, "fatol": 1e-10, "xatol": 1e-10, "duration": 0.14270591735839844, "fun": "0.34118914677295265", "nit": "484", "nfev": "833", "status": "0", "success": "True", "message": "Optimization terminated successfully.", "x": "[6.89012214 1.28586645 0.53281651 4.9661414  0.49075578 7.90777749]", "final_simplex": "(array([[6.89012214, 1.28586645, 0.53281651, 4.9661414 , 0.49075578,\n        7.90777749],\n       [6.89012214, 1.28586645, 0.53281651, 4.9661414 , 0.49075578,\n        7.90777749],\n       [6.89012214, 1.28586645, 0.53281651, 4.9661414 , 0.49075578,\n        7.90777749],\n       [6.89012214, 1.28586645, 0.53281651, 4.9661414 , 0.49075578,\n        7.90777749],\n       [6.89012214, 1.28586645, 0.53281651, 4.9661414 , 0.49075578,\n        7.90777749],\n       [6.89012214, 1.28586645, 0.53281651, 4.9661414 , 0.49075578,\n        7.90777749],\n       [6.89012214, 1.28586645, 0.53281651, 4.9661414 , 0.49075578,\n        7.90777749]]), array([0.34118915, 0.34118915, 0.34118915, 0.34118915, 0.34118915,\n       0.34118915, 0.34118915]))"}, "8": {"maxiter": 1000, "fatol": 1e-05, "xatol": 1e-05, "duration": 0.1028897762298584, "fun": "0.34118914678461465", "nit": "375", "nfev": "598", "status": "0", "success": "True", "message": "Optimization terminated successfully.", "x": "[6.89012107 1.28588328 0.53280233 4.96613792 0.49075409 7.90777927]", "final_simplex": "(array([[6.89012107, 1.28588328, 0.53280233, 4.96613792, 0.49075409,\n        7.90777927],\n       [6.89012333, 1.2858825 , 0.53280194, 4.96613555, 0.49075349,\n        7.90777227],\n       [6.89012424, 1.28588652, 0.53279916, 4.96614025, 0.49075728,\n        7.90777155],\n       [6.89012279, 1.28588438, 0.53280491, 4.96613831, 0.49075564,\n        7.90777426],\n       [6.89012075, 1.28588521, 0.53280125, 4.9661378 , 0.49075898,\n        7.90777282],\n       [6.89012681, 1.28588936, 0.53279612, 4.96613575, 0.49075564,\n        7.90777414],\n       [6.89011846, 1.28588581, 0.53279864, 4.9661372 , 0.49075048,\n        7.90777368]]), array([0.34118915, 0.34118915, 0.34118915, 0.34118915, 0.34118915,\n       0.34118915, 0.34118915]))"}, "9": {"maxiter": 1000, "fatol": 1e-05, "xatol": 1e-10, "duration": 0.1425621509552002, "fun": "0.34118914677295265", "nit": "484", "nfev": "833", "status": "0", "success": "True", "message": "Optimization terminated successfully.", "x": "[6.89012214 1.28586645 0.53281651 4.9661414  0.49075578 7.90777749]", "final_simplex": "(array([[6.89012214, 1.28586645, 0.53281651, 4.9661414 , 0.49075578,\n        7.90777749],\n       [6.89012214, 1.28586645, 0.53281651, 4.9661414 , 0.49075578,\n        7.90777749],\n       [6.89012214, 1.28586645, 0.53281651, 4.9661414 , 0.49075578,\n        7.90777749],\n       [6.89012214, 1.28586645, 0.53281651, 4.9661414 , 0.49075578,\n        7.90777749],\n       [6.89012214, 1.28586645, 0.53281651, 4.9661414 , 0.49075578,\n        7.90777749],\n       [6.89012214, 1.28586645, 0.53281651, 4.9661414 , 0.49075578,\n        7.90777749],\n       [6.89012214, 1.28586645, 0.53281651, 4.9661414 , 0.49075578,\n        7.90777749]]), array([0.34118915, 0.34118915, 0.34118915, 0.34118915, 0.34118915,\n       0.34118915, 0.34118915]))"}, "10": {"maxiter": 1000, "fatol": 1e-10, "xatol": 1e-05, "duration": 0.10237979888916016, "fun": "0.34118914678461465", "nit": "375", "nfev": "598", "status": "0", "success": "True", "message": "Optimization terminated successfully.", "x": "[6.89012107 1.28588328 0.53280233 4.96613792 0.49075409 7.90777927]", "final_simplex": "(array([[6.89012107, 1.28588328, 0.53280233, 4.96613792, 0.49075409,\n        7.90777927],\n       [6.89012333, 1.2858825 , 0.53280194, 4.96613555, 0.49075349,\n        7.90777227],\n       [6.89012424, 1.28588652, 0.53279916, 4.96614025, 0.49075728,\n        7.90777155],\n       [6.89012279, 1.28588438, 0.53280491, 4.96613831, 0.49075564,\n        7.90777426],\n       [6.89012075, 1.28588521, 0.53280125, 4.9661378 , 0.49075898,\n        7.90777282],\n       [6.89012681, 1.28588936, 0.53279612, 4.96613575, 0.49075564,\n        7.90777414],\n       [6.89011846, 1.28588581, 0.53279864, 4.9661372 , 0.49075048,\n        7.90777368]]), array([0.34118915, 0.34118915, 0.34118915, 0.34118915, 0.34118915,\n       0.34118915, 0.34118915]))"}, "11": {"maxiter": 1000, "fatol": 1e-10, "xatol": 1e-10, "duration": 0.14246892929077148, "fun": "0.34118914677295265", "nit": "484", "nfev": "833", "status": "0", "success": "True", "message": "Optimization terminated successfully.", "x": "[6.89012214 1.28586645 0.53281651 4.9661414  0.49075578 7.90777749]", "final_simplex": "(array([[6.89012214, 1.28586645, 0.53281651, 4.9661414 , 0.49075578,\n        7.90777749],\n       [6.89012214, 1.28586645, 0.53281651, 4.9661414 , 0.49075578,\n        7.90777749],\n       [6.89012214, 1.28586645, 0.53281651, 4.9661414 , 0.49075578,\n        7.90777749],\n       [6.89012214, 1.28586645, 0.53281651, 4.9661414 , 0.49075578,\n        7.90777749],\n       [6.89012214, 1.28586645, 0.53281651, 4.9661414 , 0.49075578,\n        7.90777749],\n       [6.89012214, 1.28586645, 0.53281651, 4.9661414 , 0.49075578,\n        7.90777749],\n       [6.89012214, 1.28586645, 0.53281651, 4.9661414 , 0.49075578,\n        7.90777749]]), array([0.34118915, 0.34118915, 0.34118915, 0.34118915, 0.34118915,\n       0.34118915, 0.34118915]))"}}, "bfgs": {"type": "gradient", "0": {"maxiter": 100, "gtol": 1e-05, "xrtol": 1e-05, "eps": 1e-05, "duration": 0.030952930450439453, "fun": "0.3411891475237272", "jac": "[-3.99548172e-06  3.97903932e-07  7.80780995e-06 -4.40244508e-06\n -2.36142217e-06 -5.67601521e-07]", "hess_inv": "[[ 10.74783036   2.00837686  -3.77266156  -2.84862111   2.04051573\n   -1.30196732]\n [  2.00837686  15.24168107 -14.38717127  -2.35223448   0.23134421\n   -2.48245983]\n [ -3.77266156 -14.38717127  18.67901212   3.65038249  -0.40752606\n    2.99295985]\n [ -2.84862111  -2.35223448   3.65038249   4.13692407   0.12180008\n    0.156483  ]\n [  2.04051573   0.23134421  -0.40752606   0.12180008   7.2412547\n   -3.96911119]\n [ -1.30196732  -2.48245983   2.99295985   0.156483    -3.96911119\n    6.51184344]]", "nfev": "175", "njev": "25", "status": "0", "success": "True", "message": "Optimization terminated successfully.", "x": "[6.89004183 1.28574182 0.53297239 4.96615541 0.49071808 7.90781426]", "nit": "24"}, "1": {"maxiter": 100, "gtol": 1e-05, "xrtol": 1e-05, "eps": 1e-10, "duration": 0.030889034271240234, "fun": "0.3411891473616778", "jac": "[-3.33066880e-06  0.00000000e+00  5.55111466e-06 -6.66133760e-06\n -4.44089173e-06  1.11022293e-06]", "hess_inv": "[[ 10.77097135   2.07317514  -3.79699751  -2.89485257   2.03755653\n   -1.28763427]\n [  2.07317514  15.26441563 -14.42755584  -2.38567227   0.22018894\n   -2.47060071]\n [ -3.79699751 -14.42755584  18.70153385   3.68041036  -0.40473077\n    2.9851867 ]\n [ -2.89485257  -2.38567227   3.68041036   4.17122265   0.12859609\n    0.14435005]\n [  2.03755653   0.22018894  -0.40473077   0.12859609   7.24088228\n   -3.97187785]\n [ -1.28763427  -2.47060071   2.9851867    0.14435005  -3.97187785\n    6.51746466]]", "nfev": "175", "njev": "25", "status": "0", "success": "True", "message": "Optimization terminated successfully.", "x": "[6.89006908 1.28576321 0.53293945 4.9661372  0.49070898 7.90782105]", "nit": "24"}, "2": {"maxiter": 100, "gtol": 1e-05, "xrtol": 1e-10, "eps": 1e-05, "duration": 0.030900001525878906, "fun": "0.3411891475237272", "jac": "[-3.99548172e-06  3.97903932e-07  7.80780995e-06 -4.40244508e-06\n -2.36142217e-06 -5.67601521e-07]", "hess_inv": "[[ 10.74783036   2.00837686  -3.77266156  -2.84862111   2.04051573\n   -1.30196732]\n [  2.00837686  15.24168107 -14.38717127  -2.35223448   0.23134421\n   -2.48245983]\n [ -3.77266156 -14.38717127  18.67901212   3.65038249  -0.40752606\n    2.99295985]\n [ -2.84862111  -2.35223448   3.65038249   4.13692407   0.12180008\n    0.156483  ]\n [  2.04051573   0.23134421  -0.40752606   0.12180008   7.2412547\n   -3.96911119]\n [ -1.30196732  -2.48245983   2.99295985   0.156483    -3.96911119\n    6.51184344]]", "nfev": "175", "njev": "25", "status": "0", "success": "True", "message": "Optimization terminated successfully.", "x": "[6.89004183 1.28574182 0.53297239 4.96615541 0.49071808 7.90781426]", "nit": "24"}, "3": {"maxiter": 100, "gtol": 1e-05, "xrtol": 1e-10, "eps": 1e-10, "duration": 0.030928850173950195, "fun": "0.3411891473616778", "jac": "[-3.33066880e-06  0.00000000e+00  5.55111466e-06 -6.66133760e-06\n -4.44089173e-06  1.11022293e-06]", "hess_inv": "[[ 10.77097135   2.07317514  -3.79699751  -2.89485257   2.03755653\n   -1.28763427]\n [  2.07317514  15.26441563 -14.42755584  -2.38567227   0.22018894\n   -2.47060071]\n [ -3.79699751 -14.42755584  18.70153385   3.68041036  -0.40473077\n    2.9851867 ]\n [ -2.89485257  -2.38567227   3.68041036   4.17122265   0.12859609\n    0.14435005]\n [  2.03755653   0.22018894  -0.40473077   0.12859609   7.24088228\n   -3.97187785]\n [ -1.28763427  -2.47060071   2.9851867    0.14435005  -3.97187785\n    6.51746466]]", "nfev": "175", "njev": "25", "status": "0", "success": "True", "message": "Optimization terminated successfully.", "x": "[6.89006908 1.28576321 0.53293945 4.9661372  0.49070898 7.90782105]", "nit": "24"}, "4": {"maxiter": 100, "gtol": 1e-10, "xrtol": 1e-05, "eps": 1e-05, "duration": 0.03362393379211426, "fun": "0.3411891467904642", "jac": "[-1.08557607e-07 -1.06459286e-07 -8.65307825e-08 -2.58371102e-07\n  4.82502927e-08  3.16635607e-08]", "hess_inv": "[[ 11.49855863   3.23599837  -5.26261594  -2.93832368   2.36064822\n   -1.69783326]\n [  3.23599837  17.16595497 -16.80560236  -2.4134256    0.76317636\n   -3.16193978]\n [ -5.26261594 -16.80560236  21.60016172   3.77816902  -1.04546229\n    3.78751333]\n [ -2.93832368  -2.4134256    3.77816902   4.02832293   0.07421382\n    0.23873319]\n [  2.36064822   0.76317636  -1.04546229   0.07421382   7.37691412\n   -4.13465137]\n [ -1.69783326  -3.16193978   3.78751333   0.23873319  -4.13465137\n    6.70804982]]", "nfev": "189", "njev": "27", "status": "0", "success": "True", "message": "Optimization terminated successfully.", "x": "[6.89011925 1.28586851 0.53280572 4.96613318 0.49075077 7.90777426]", "nit": "26"}, "5": {"maxiter": 100, "gtol": 1e-10, "xrtol": 1e-05, "eps": 1e-10, "duration": 0.03489995002746582, "fun": "0.3411891467839938", "jac": "[-1.11022293e-06 -1.11022293e-06  0.00000000e+00 -2.22044587e-06\n  0.00000000e+00 -2.22044587e-06]", "hess_inv": "[[ 11.40477961   4.25039305  -5.62349913  -2.37694242   2.6950463\n   -1.68243641]\n [  4.25039305  20.55161317 -19.69006547  -1.62155374   2.38359734\n   -4.17443462]\n [ -5.62349913 -19.69006547  23.4939363    2.6826124   -2.23950079\n    4.2682194 ]\n [ -2.37694242  -1.62155374   2.6826124    3.95903061   0.52042798\n   -0.24340467]\n [  2.6950463    2.38359734  -2.23950079   0.52042798   7.85668466\n   -4.33779164]\n [ -1.68243641  -4.17443462   4.2682194   -0.24340467  -4.33779164\n    6.65272558]]", "nfev": "196", "njev": "28", "status": "0", "success": "True", "message": "Optimization terminated successfully.", "x": "[6.89012838 1.28586541 0.53281583 4.96613608 0.49076451 7.9077695 ]", "nit": "26"}, "6": {"maxiter": 100, "gtol": 1e-10, "xrtol": 1e-10, "eps": 1e-05, "duration": 0.03753399848937988, "fun": "0.3411891467878492", "jac": "[ 6.66133815e-11  0.00000000e+00 -2.22044605e-11  5.55111512e-11\n -5.55111512e-11 -1.11022302e-11]", "hess_inv": "[[ 11.47798211   3.18414942  -4.93278499  -2.71781337   2.33703132\n   -1.67663843]\n [  3.18414942  17.02898702 -16.3816165   -2.20680788   0.7063658\n   -3.10475752]\n [ -4.93278499 -16.3816165   21.40634329   4.01962476  -0.97431377\n    3.65982685]\n [ -2.71781337  -2.20680788   4.01962476   4.46499764   0.09303101\n    0.16843189]\n [  2.33703132   0.7063658   -0.97431377   0.09303101   7.36315575\n   -4.12044277]\n [ -1.67663843  -3.10475752   3.65982685   0.16843189  -4.12044277\n    6.69535475]]", "nfev": "210", "njev": "30", "status": "0", "success": "True", "message": "Optimization terminated successfully.", "x": "[6.89011965 1.28586876 0.53280624 4.96613417 0.49075083 7.90777408]", "nit": "29"}, "7": {"maxiter": 100, "gtol": 1e-10, "xrtol": 1e-10, "eps": 1e-10, "duration": 0.06336164474487305, "fun": "0.34118914677539713", "jac": "[0.00000000e+00 0.00000000e+00 0.00000000e+00 0.00000000e+00\n 1.11022293e-06 0.00000000e+00]", "hess_inv": "[[ 0.71127275 -1.11444657  0.55247367  0.90043041 -1.37983457  1.82126285]\n [-1.11444657  6.30704825 -3.04773317 -4.03525646  4.36883231 -6.6638702 ]\n [ 0.55247367 -3.04773317  1.62345682  1.94885947 -2.17380751  3.07423535]\n [ 0.90043041 -4.03525646  1.94885947  2.90465339 -3.28803122  4.72824436]\n [-1.37983457  4.36883231 -2.17380751 -3.28803122  4.14743775 -5.72337125]\n [ 1.82126285 -6.6638702   3.07423535  4.72824436 -5.72337125  8.60761539]]", "nfev": "357", "njev": "51", "status": "0", "success": "True", "message": "Optimization terminated successfully.", "x": "[6.89012849 1.28586738 0.53281519 4.96614081 0.49075958 7.90777671]", "nit": "36"}, "8": {"maxiter": 500, "gtol": 1e-05, "xrtol": 1e-05, "eps": 1e-05, "duration": 0.031252145767211914, "fun": "0.3411891475237272", "jac": "[-3.99548172e-06  3.97903932e-07  7.80780995e-06 -4.40244508e-06\n -2.36142217e-06 -5.67601521e-07]", "hess_inv": "[[ 10.74783036   2.00837686  -3.77266156  -2.84862111   2.04051573\n   -1.30196732]\n [  2.00837686  15.24168107 -14.38717127  -2.35223448   0.23134421\n   -2.48245983]\n [ -3.77266156 -14.38717127  18.67901212   3.65038249  -0.40752606\n    2.99295985]\n [ -2.84862111  -2.35223448   3.65038249   4.13692407   0.12180008\n    0.156483  ]\n [  2.04051573   0.23134421  -0.40752606   0.12180008   7.2412547\n   -3.96911119]\n [ -1.30196732  -2.48245983   2.99295985   0.156483    -3.96911119\n    6.51184344]]", "nfev": "175", "njev": "25", "status": "0", "success": "True", "message": "Optimization terminated successfully.", "x": "[6.89004183 1.28574182 0.53297239 4.96615541 0.49071808 7.90781426]", "nit": "24"}, "9": {"maxiter": 500, "gtol": 1e-05, "xrtol": 1e-05, "eps": 1e-10, "duration": 0.031324148178100586, "fun": "0.3411891473616778", "jac": "[-3.33066880e-06  0.00000000e+00  5.55111466e-06 -6.66133760e-06\n -4.44089173e-06  1.11022293e-06]", "hess_inv": "[[ 10.77097135   2.07317514  -3.79699751  -2.89485257   2.03755653\n   -1.28763427]\n [  2.07317514  15.26441563 -14.42755584  -2.38567227   0.22018894\n   -2.47060071]\n [ -3.79699751 -14.42755584  18.70153385   3.68041036  -0.40473077\n    2.9851867 ]\n [ -2.89485257  -2.38567227   3.68041036   4.17122265   0.12859609\n    0.14435005]\n [  2.03755653   0.22018894  -0.40473077   0.12859609   7.24088228\n   -3.97187785]\n [ -1.28763427  -2.47060071   2.9851867    0.14435005  -3.97187785\n    6.51746466]]", "nfev": "175", "njev": "25", "status": "0", "success": "True", "message": "Optimization terminated successfully.", "x": "[6.89006908 1.28576321 0.53293945 4.9661372  0.49070898 7.90782105]", "nit": "24"}, "10": {"maxiter": 500, "gtol": 1e-05, "xrtol": 1e-10, "eps": 1e-05, "duration": 0.03145194053649902, "fun": "0.3411891475237272", "jac": "[-3.99548172e-06  3.97903932e-07  7.80780995e-06 -4.40244508e-06\n -2.36142217e-06 -5.67601521e-07]", "hess_inv": "[[ 10.74783036   2.00837686  -3.77266156  -2.84862111   2.04051573\n   -1.30196732]\n [  2.00837686  15.24168107 -14.38717127  -2.35223448   0.23134421\n   -2.48245983]\n [ -3.77266156 -14.38717127  18.67901212   3.65038249  -0.40752606\n    2.99295985]\n [ -2.84862111  -2.35223448   3.65038249   4.13692407   0.12180008\n    0.156483  ]\n [  2.04051573   0.23134421  -0.40752606   0.12180008   7.2412547\n   -3.96911119]\n [ -1.30196732  -2.48245983   2.99295985   0.156483    -3.96911119\n    6.51184344]]", "nfev": "175", "njev": "25", "status": "0", "success": "True", "message": "Optimization terminated successfully.", "x": "[6.89004183 1.28574182 0.53297239 4.96615541 0.49071808 7.90781426]", "nit": "24"}, "11": {"maxiter": 500, "gtol": 1e-05, "xrtol": 1e-10, "eps": 1e-10, "duration": 0.03149986267089844, "fun": "0.3411891473616778", "jac": "[-3.33066880e-06  0.00000000e+00  5.55111466e-06 -6.66133760e-06\n -4.44089173e-06  1.11022293e-06]", "hess_inv": "[[ 10.77097135   2.07317514  -3.79699751  -2.89485257   2.03755653\n   -1.28763427]\n [  2.07317514  15.26441563 -14.42755584  -2.38567227   0.22018894\n   -2.47060071]\n [ -3.79699751 -14.42755584  18.70153385   3.68041036  -0.40473077\n    2.9851867 ]\n [ -2.89485257  -2.38567227   3.68041036   4.17122265   0.12859609\n    0.14435005]\n [  2.03755653   0.22018894  -0.40473077   0.12859609   7.24088228\n   -3.97187785]\n [ -1.28763427  -2.47060071   2.9851867    0.14435005  -3.97187785\n    6.51746466]]", "nfev": "175", "njev": "25", "status": "0", "success": "True", "message": "Optimization terminated successfully.", "x": "[6.89006908 1.28576321 0.53293945 4.9661372  0.49070898 7.90782105]", "nit": "24"}, "12": {"maxiter": 500, "gtol": 1e-10, "xrtol": 1e-05, "eps": 1e-05, "duration": 0.03408312797546387, "fun": "0.3411891467904642", "jac": "[-1.08557607e-07 -1.06459286e-07 -8.65307825e-08 -2.58371102e-07\n  4.82502927e-08  3.16635607e-08]", "hess_inv": "[[ 11.49855863   3.23599837  -5.26261594  -2.93832368   2.36064822\n   -1.69783326]\n [  3.23599837  17.16595497 -16.80560236  -2.4134256    0.76317636\n   -3.16193978]\n [ -5.26261594 -16.80560236  21.60016172   3.77816902  -1.04546229\n    3.78751333]\n [ -2.93832368  -2.4134256    3.77816902   4.02832293   0.07421382\n    0.23873319]\n [  2.36064822   0.76317636  -1.04546229   0.07421382   7.37691412\n   -4.13465137]\n [ -1.69783326  -3.16193978   3.78751333   0.23873319  -4.13465137\n    6.70804982]]", "nfev": "189", "njev": "27", "status": "0", "success": "True", "message": "Optimization terminated successfully.", "x": "[6.89011925 1.28586851 0.53280572 4.96613318 0.49075077 7.90777426]", "nit": "26"}, "13": {"maxiter": 500, "gtol": 1e-10, "xrtol": 1e-05, "eps": 1e-10, "duration": 0.035285234451293945, "fun": "0.3411891467839938", "jac": "[-1.11022293e-06 -1.11022293e-06  0.00000000e+00 -2.22044587e-06\n  0.00000000e+00 -2.22044587e-06]", "hess_inv": "[[ 11.40477961   4.25039305  -5.62349913  -2.37694242   2.6950463\n   -1.68243641]\n [  4.25039305  20.55161317 -19.69006547  -1.62155374   2.38359734\n   -4.17443462]\n [ -5.62349913 -19.69006547  23.4939363    2.6826124   -2.23950079\n    4.2682194 ]\n [ -2.37694242  -1.62155374   2.6826124    3.95903061   0.52042798\n   -0.24340467]\n [  2.6950463    2.38359734  -2.23950079   0.52042798   7.85668466\n   -4.33779164]\n [ -1.68243641  -4.17443462   4.2682194   -0.24340467  -4.33779164\n    6.65272558]]", "nfev": "196", "njev": "28", "status": "0", "success": "True", "message": "Optimization terminated successfully.", "x": "[6.89012838 1.28586541 0.53281583 4.96613608 0.49076451 7.9077695 ]", "nit": "26"}, "14": {"maxiter": 500, "gtol": 1e-10, "xrtol": 1e-10, "eps": 1e-05, "duration": 0.03788399696350098, "fun": "0.3411891467878492", "jac": "[ 6.66133815e-11  0.00000000e+00 -2.22044605e-11  5.55111512e-11\n -5.55111512e-11 -1.11022302e-11]", "hess_inv": "[[ 11.47798211   3.18414942  -4.93278499  -2.71781337   2.33703132\n   -1.67663843]\n [  3.18414942  17.02898702 -16.3816165   -2.20680788   0.7063658\n   -3.10475752]\n [ -4.93278499 -16.3816165   21.40634329   4.01962476  -0.97431377\n    3.65982685]\n [ -2.71781337  -2.20680788   4.01962476   4.46499764   0.09303101\n    0.16843189]\n [  2.33703132   0.7063658   -0.97431377   0.09303101   7.36315575\n   -4.12044277]\n [ -1.67663843  -3.10475752   3.65982685   0.16843189  -4.12044277\n    6.69535475]]", "nfev": "210", "njev": "30", "status": "0", "success": "True", "message": "Optimization terminated successfully.", "x": "[6.89011965 1.28586876 0.53280624 4.96613417 0.49075083 7.90777408]", "nit": "29"}, "15": {"maxiter": 500, "gtol": 1e-10, "xrtol": 1e-10, "eps": 1e-10, "duration": 0.06402087211608887, "fun": "0.34118914677539713", "jac": "[0.00000000e+00 0.00000000e+00 0.00000000e+00 0.00000000e+00\n 1.11022293e-06 0.00000000e+00]", "hess_inv": "[[ 0.71127275 -1.11444657  0.55247367  0.90043041 -1.37983457  1.82126285]\n [-1.11444657  6.30704825 -3.04773317 -4.03525646  4.36883231 -6.6638702 ]\n [ 0.55247367 -3.04773317  1.62345682  1.94885947 -2.17380751  3.07423535]\n [ 0.90043041 -4.03525646  1.94885947  2.90465339 -3.28803122  4.72824436]\n [-1.37983457  4.36883231 -2.17380751 -3.28803122  4.14743775 -5.72337125]\n [ 1.82126285 -6.6638702   3.07423535  4.72824436 -5.72337125  8.60761539]]", "nfev": "357", "njev": "51", "status": "0", "success": "True", "message": "Optimization terminated successfully.", "x": "[6.89012849 1.28586738 0.53281519 4.96614081 0.49075958 7.90777671]", "nit": "36"}, "16": {"maxiter": 1000, "gtol": 1e-05, "xrtol": 1e-05, "eps": 1e-05, "duration": 0.031636953353881836, "fun": "0.3411891475237272", "jac": "[-3.99548172e-06  3.97903932e-07  7.80780995e-06 -4.40244508e-06\n -2.36142217e-06 -5.67601521e-07]", "hess_inv": "[[ 10.74783036   2.00837686  -3.77266156  -2.84862111   2.04051573\n   -1.30196732]\n [  2.00837686  15.24168107 -14.38717127  -2.35223448   0.23134421\n   -2.48245983]\n [ -3.77266156 -14.38717127  18.67901212   3.65038249  -0.40752606\n    2.99295985]\n [ -2.84862111  -2.35223448   3.65038249   4.13692407   0.12180008\n    0.156483  ]\n [  2.04051573   0.23134421  -0.40752606   0.12180008   7.2412547\n   -3.96911119]\n [ -1.30196732  -2.48245983   2.99295985   0.156483    -3.96911119\n    6.51184344]]", "nfev": "175", "njev": "25", "status": "0", "success": "True", "message": "Optimization terminated successfully.", "x": "[6.89004183 1.28574182 0.53297239 4.96615541 0.49071808 7.90781426]", "nit": "24"}, "17": {"maxiter": 1000, "gtol": 1e-05, "xrtol": 1e-05, "eps": 1e-10, "duration": 0.031645774841308594, "fun": "0.3411891473616778", "jac": "[-3.33066880e-06  0.00000000e+00  5.55111466e-06 -6.66133760e-06\n -4.44089173e-06  1.11022293e-06]", "hess_inv": "[[ 10.77097135   2.07317514  -3.79699751  -2.89485257   2.03755653\n   -1.28763427]\n [  2.07317514  15.26441563 -14.42755584  -2.38567227   0.22018894\n   -2.47060071]\n [ -3.79699751 -14.42755584  18.70153385   3.68041036  -0.40473077\n    2.9851867 ]\n [ -2.89485257  -2.38567227   3.68041036   4.17122265   0.12859609\n    0.14435005]\n [  2.03755653   0.22018894  -0.40473077   0.12859609   7.24088228\n   -3.97187785]\n [ -1.28763427  -2.47060071   2.9851867    0.14435005  -3.97187785\n    6.51746466]]", "nfev": "175", "njev": "25", "status": "0", "success": "True", "message": "Optimization terminated successfully.", "x": "[6.89006908 1.28576321 0.53293945 4.9661372  0.49070898 7.90782105]", "nit": "24"}, "18": {"maxiter": 1000, "gtol": 1e-05, "xrtol": 1e-10, "eps": 1e-05, "duration": 0.030258893966674805, "fun": "0.3411891475237272", "jac": "[-3.99548172e-06  3.97903932e-07  7.80780995e-06 -4.40244508e-06\n -2.36142217e-06 -5.67601521e-07]", "hess_inv": "[[ 10.74783036   2.00837686  -3.77266156  -2.84862111   2.04051573\n   -1.30196732]\n [  2.00837686  15.24168107 -14.38717127  -2.35223448   0.23134421\n   -2.48245983]\n [ -3.77266156 -14.38717127  18.67901212   3.65038249  -0.40752606\n    2.99295985]\n [ -2.84862111  -2.35223448   3.65038249   4.13692407   0.12180008\n    0.156483  ]\n [  2.04051573   0.23134421  -0.40752606   0.12180008   7.2412547\n   -3.96911119]\n [ -1.30196732  -2.48245983   2.99295985   0.156483    -3.96911119\n    6.51184344]]", "nfev": "175", "njev": "25", "status": "0", "success": "True", "message": "Optimization terminated successfully.", "x": "[6.89004183 1.28574182 0.53297239 4.96615541 0.49071808 7.90781426]", "nit": "24"}, "19": {"maxiter": 1000, "gtol": 1e-05, "xrtol": 1e-10, "eps": 1e-10, "duration": 0.030185937881469727, "fun": "0.3411891473616778", "jac": "[-3.33066880e-06  0.00000000e+00  5.55111466e-06 -6.66133760e-06\n -4.44089173e-06  1.11022293e-06]", "hess_inv": "[[ 10.77097135   2.07317514  -3.79699751  -2.89485257   2.03755653\n   -1.28763427]\n [  2.07317514  15.26441563 -14.42755584  -2.38567227   0.22018894\n   -2.47060071]\n [ -3.79699751 -14.42755584  18.70153385   3.68041036  -0.40473077\n    2.9851867 ]\n [ -2.89485257  -2.38567227   3.68041036   4.17122265   0.12859609\n    0.14435005]\n [  2.03755653   0.22018894  -0.40473077   0.12859609   7.24088228\n   -3.97187785]\n [ -1.28763427  -2.47060071   2.9851867    0.14435005  -3.97187785\n    6.51746466]]", "nfev": "175", "njev": "25", "status": "0", "success": "True", "message": "Optimization terminated successfully.", "x": "[6.89006908 1.28576321 0.53293945 4.9661372  0.49070898 7.90782105]", "nit": "24"}, "20": {"maxiter": 1000, "gtol": 1e-10, "xrtol": 1e-05, "eps": 1e-05, "duration": 0.03254818916320801, "fun": "0.3411891467904642", "jac": "[-1.08557607e-07 -1.06459286e-07 -8.65307825e-08 -2.58371102e-07\n  4.82502927e-08  3.16635607e-08]", "hess_inv": "[[ 11.49855863   3.23599837  -5.26261594  -2.93832368   2.36064822\n   -1.69783326]\n [  3.23599837  17.16595497 -16.80560236  -2.4134256    0.76317636\n   -3.16193978]\n [ -5.26261594 -16.80560236  21.60016172   3.77816902  -1.04546229\n    3.78751333]\n [ -2.93832368  -2.4134256    3.77816902   4.02832293   0.07421382\n    0.23873319]\n [  2.36064822   0.76317636  -1.04546229   0.07421382   7.37691412\n   -4.13465137]\n [ -1.69783326  -3.16193978   3.78751333   0.23873319  -4.13465137\n    6.70804982]]", "nfev": "189", "njev": "27", "status": "0", "success": "True", "message": "Optimization terminated successfully.", "x": "[6.89011925 1.28586851 0.53280572 4.96613318 0.49075077 7.90777426]", "nit": "26"}, "21": {"maxiter": 1000, "gtol": 1e-10, "xrtol": 1e-05, "eps": 1e-10, "duration": 0.03377985954284668, "fun": "0.3411891467839938", "jac": "[-1.11022293e-06 -1.11022293e-06  0.00000000e+00 -2.22044587e-06\n  0.00000000e+00 -2.22044587e-06]", "hess_inv": "[[ 11.40477961   4.25039305  -5.62349913  -2.37694242   2.6950463\n   -1.68243641]\n [  4.25039305  20.55161317 -19.69006547  -1.62155374   2.38359734\n   -4.17443462]\n [ -5.62349913 -19.69006547  23.4939363    2.6826124   -2.23950079\n    4.2682194 ]\n [ -2.37694242  -1.62155374   2.6826124    3.95903061   0.52042798\n   -0.24340467]\n [  2.6950463    2.38359734  -2.23950079   0.52042798   7.85668466\n   -4.33779164]\n [ -1.68243641  -4.17443462   4.2682194   -0.24340467  -4.33779164\n    6.65272558]]", "nfev": "196", "njev": "28", "status": "0", "success": "True", "message": "Optimization terminated successfully.", "x": "[6.89012838 1.28586541 0.53281583 4.96613608 0.49076451 7.9077695 ]", "nit": "26"}, "22": {"maxiter": 1000, "gtol": 1e-10, "xrtol": 1e-10, "eps": 1e-05, "duration": 0.03614687919616699, "fun": "0.3411891467878492", "jac": "[ 6.66133815e-11  0.00000000e+00 -2.22044605e-11  5.55111512e-11\n -5.55111512e-11 -1.11022302e-11]", "hess_inv": "[[ 11.47798211   3.18414942  -4.93278499  -2.71781337   2.33703132\n   -1.67663843]\n [  3.18414942  17.02898702 -16.3816165   -2.20680788   0.7063658\n   -3.10475752]\n [ -4.93278499 -16.3816165   21.40634329   4.01962476  -0.97431377\n    3.65982685]\n [ -2.71781337  -2.20680788   4.01962476   4.46499764   0.09303101\n    0.16843189]\n [  2.33703132   0.7063658   -0.97431377   0.09303101   7.36315575\n   -4.12044277]\n [ -1.67663843  -3.10475752   3.65982685   0.16843189  -4.12044277\n    6.69535475]]", "nfev": "210", "njev": "30", "status": "0", "success": "True", "message": "Optimization terminated successfully.", "x": "[6.89011965 1.28586876 0.53280624 4.96613417 0.49075083 7.90777408]", "nit": "29"}, "23": {"maxiter": 1000, "gtol": 1e-10, "xrtol": 1e-10, "eps": 1e-10, "duration": 0.06148791313171387, "fun": "0.34118914677539713", "jac": "[0.00000000e+00 0.00000000e+00 0.00000000e+00 0.00000000e+00\n 1.11022293e-06 0.00000000e+00]", "hess_inv": "[[ 0.71127275 -1.11444657  0.55247367  0.90043041 -1.37983457  1.82126285]\n [-1.11444657  6.30704825 -3.04773317 -4.03525646  4.36883231 -6.6638702 ]\n [ 0.55247367 -3.04773317  1.62345682  1.94885947 -2.17380751  3.07423535]\n [ 0.90043041 -4.03525646  1.94885947  2.90465339 -3.28803122  4.72824436]\n [-1.37983457  4.36883231 -2.17380751 -3.28803122  4.14743775 -5.72337125]\n [ 1.82126285 -6.6638702   3.07423535  4.72824436 -5.72337125  8.60761539]]", "nfev": "357", "njev": "51", "status": "0", "success": "True", "message": "Optimization terminated successfully.", "x": "[6.89012849 1.28586738 0.53281519 4.96614081 0.49075958 7.90777671]", "nit": "36"}}, "cobyla": {"0": {"maxiter": 100, "tol": 1e-05, "catol": 1e-05, "duration": 0.01653575897216797, "x": "[6.88869351 1.28101774 0.53811797 4.96735823 0.49026609 7.9089946 ]", "status": "2", "success": "False", "message": "Maximum number of function evaluations has been exceeded.", "nfev": "100", "fun": "0.34118987844738735", "maxcv": "0.0"}, "1": {"maxiter": 100, "tol": 1e-05, "catol": 1e-10, "duration": 0.016403913497924805, "x": "[6.88869351 1.28101774 0.53811797 4.96735823 0.49026609 7.9089946 ]", "status": "2", "success": "False", "message": "Maximum number of function evaluations has been exceeded.", "nfev": "100", "fun": "0.34118987844738735", "maxcv": "0.0"}, "2": {"maxiter": 100, "tol": 1e-10, "catol": 1e-05, "duration": 0.01640915870666504, "x": "[6.88869351 1.28101774 0.53811797 4.96735823 0.49026609 7.9089946 ]", "status": "2", "success": "False", "message": "Maximum number of function evaluations has been exceeded.", "nfev": "100", "fun": "0.34118987844738735", "maxcv": "0.0"}, "3": {"maxiter": 100, "tol": 1e-10, "catol": 1e-10, "duration": 0.016497135162353516, "x": "[6.88869351 1.28101774 0.53811797 4.96735823 0.49026609 7.9089946 ]", "status": "2", "success": "False", "message": "Maximum number of function evaluations has been exceeded.", "nfev": "100", "fun": "0.34118987844738735", "maxcv": "0.0"}, "4": {"maxiter": 500, "tol": 1e-05, "catol": 1e-05, "duration": 0.047090768814086914, "x": "[6.89010415 1.28581399 0.53286141 4.96614455 0.49074944 7.90778598]", "status": "1", "success": "True", "message": "Optimization terminated successfully.", "nfev": "282", "fun": "0.3411891468626371", "maxcv": "0.0"}, "5": {"maxiter": 500, "tol": 1e-05, "catol": 1e-10, "duration": 0.04751014709472656, "x": "[6.89010415 1.28581399 0.53286141 4.96614455 0.