{"date": "2024/07/19/, 16:35:16", "conf_id": 245, "data_type": "var_s_rank\n", "num_data_points": 1, "s_rank": 0, "unitary": "[[-0.45070455-0.02711853j,0.78437395-0.06613086j,0.06358678+0.19963393j,-0.07343613+0.35668523j],[-0.01890143-0.03813363j,0.32408202+0.25557629j,0.05872864-0.68979805j,0.55466693-0.20227297j],[-0.11215405+0.64023111j,-0.13344055+0.29565494j,-0.49012687-0.19046288j,-0.04241254+0.44046348j],[0.55771659+0.24656916j,0.31851997-0.05798805j,0.28761525-0.34294258j,-0.56718418+0.03616933j]]", "databatch_0": {"databatch": "[[[-0.09654501-0.00596119j,0.1860829-0.2811281j,-0.11772082-0.16398655j,0.25433918-0.09859532j],[0.04246167-0.02443043j,-0.10501629-0.08361425j,-0.09510893+0.06871403j,-0.08281826-0.0449044j],[-0.22809358-0.17115056j,0.16298203+0.02534668j,0.14416255-0.01528268j,0.29875539+0.23467977j],[-0.35790061-0.26743387j,0.05047574-0.09066757j,0.10492344+0.09585263j,0.38657374+0.254703j]]]", "initial param values": "[3.264789,1.16093228,1.33928866,5.55523622,2.72747879,1.30752447]", "nelder_mead": {"type": "gradient-free", "0": {"maxiter": 100, "fatol": 1e-05, "xatol": 1e-05, "duration": 0.026720046997070312, "fun": "0.2818652196706739", "nit": "100", "nfev": "157", "status": "2", "success": "False", "message": "Maximum number of iterations has been exceeded.", "x": "[0.99490573 0.50145228 1.32827567 8.2431603  1.75334869 2.25977172]", "final_simplex": "(array([[0.99490573, 0.50145228, 1.32827567, 8.2431603 , 1.75334869,\n        2.25977172],\n       [1.07588387, 0.36852428, 1.35306972, 8.35852017, 1.87497121,\n        2.30330093],\n       [1.01784824, 0.36977153, 1.40550346, 8.25220125, 1.77048302,\n        2.34150823],\n       [1.00343912, 0.45671844, 1.33547909, 8.22255494, 1.89181299,\n        2.27050511],\n       [1.08108312, 0.43983948, 1.38052372, 8.27930801, 1.76265688,\n        2.25197213],\n       [0.97141752, 0.35718689, 1.40501891, 8.38661055, 1.82956477,\n        2.31730492],\n       [1.02485971, 0.50887656, 1.36669404, 8.21252998, 1.78184619,\n        2.24496808]]), array([0.28186522, 0.28506917, 0.28731357, 0.28792865, 0.28840466,\n       0.28860839, 0.28910689]))"}, "1": {"maxiter": 100, "fatol": 1e-05, "xatol": 1e-10, "duration": 0.026664018630981445, "fun": "0.2818652196706739", "nit": "100", "nfev": "157", "status": "2", "success": "False", "message": "Maximum number of iterations has been exceeded.", "x": "[0.99490573 0.50145228 1.32827567 8.2431603  1.75334869 2.25977172]", "final_simplex": "(array([[0.99490573, 0.50145228, 1.32827567, 8.2431603 , 1.75334869,\n        2.25977172],\n       [1.07588387, 0.36852428, 1.35306972, 8.35852017, 1.87497121,\n        2.30330093],\n       [1.01784824, 0.36977153, 1.40550346, 8.25220125, 1.77048302,\n        2.34150823],\n       [1.00343912, 0.45671844, 1.33547909, 8.22255494, 1.89181299,\n        2.27050511],\n       [1.08108312, 0.43983948, 1.38052372, 8.27930801, 1.76265688,\n        2.25197213],\n       [0.97141752, 0.35718689, 1.40501891, 8.38661055, 1.82956477,\n        2.31730492],\n       [1.02485971, 0.50887656, 1.36669404, 8.21252998, 1.78184619,\n        2.24496808]]), array([0.28186522, 0.28506917, 0.28731357, 0.28792865, 0.28840466,\n       0.28860839, 0.28910689]))"}, "2": {"maxiter": 100, "fatol": 1e-10, "xatol": 1e-05, "duration": 0.026711225509643555, "fun": "0.2818652196706739", "nit": "100", "nfev": "157", "status": "2", "success": "False", "message": "Maximum number of iterations has been exceeded.", "x": "[0.99490573 0.50145228 1.32827567 8.2431603  1.75334869 2.25977172]", "final_simplex": "(array([[0.99490573, 0.50145228, 1.32827567, 8.2431603 , 1.75334869,\n        2.25977172],\n       [1.07588387, 0.36852428, 1.35306972, 8.35852017, 1.87497121,\n        2.30330093],\n       [1.01784824, 0.36977153, 1.40550346, 8.25220125, 1.77048302,\n        2.34150823],\n       [1.00343912, 0.45671844, 1.33547909, 8.22255494, 1.89181299,\n        2.27050511],\n       [1.08108312, 0.43983948, 1.38052372, 8.27930801, 1.76265688,\n        2.25197213],\n       [0.97141752, 0.35718689, 1.40501891, 8.38661055, 1.82956477,\n        2.31730492],\n       [1.02485971, 0.50887656, 1.36669404, 8.21252998, 1.78184619,\n        2.24496808]]), array([0.28186522, 0.28506917, 0.28731357, 0.28792865, 0.28840466,\n       0.28860839, 0.28910689]))"}, "3": {"maxiter": 100, "fatol": 1e-10, "xatol": 1e-10, "duration": 0.026443958282470703, "fun": "0.2818652196706739", "nit": "100", "nfev": "157", "status": "2", "success": "False", "message": "Maximum number of iterations has been exceeded.", "x": "[0.99490573 0.50145228 1.32827567 8.2431603  1.75334869 2.25977172]", "final_simplex": "(array([[0.99490573, 0.50145228, 1.32827567, 8.2431603 , 1.75334869,\n        2.25977172],\n       [1.07588387, 0.36852428, 1.35306972, 8.35852017, 1.87497121,\n        2.30330093],\n       [1.01784824, 0.36977153, 1.40550346, 8.25220125, 1.77048302,\n        2.34150823],\n       [1.00343912, 0.45671844, 1.33547909, 8.22255494, 1.89181299,\n        2.27050511],\n       [1.08108312, 0.43983948, 1.38052372, 8.27930801, 1.76265688,\n        2.25197213],\n       [0.97141752, 0.35718689, 1.40501891, 8.38661055, 1.82956477,\n        2.31730492],\n       [1.02485971, 0.50887656, 1.36669404, 8.21252998, 1.78184619,\n        2.24496808]]), array([0.28186522, 0.28506917, 0.28731357, 0.28792865, 0.28840466,\n       0.28860839, 0.28910689]))"}, "4": {"maxiter": 500, "fatol": 1e-05, "xatol": 1e-05, "duration": 0.09369802474975586, "fun": "0.18469658463695848", "nit": "355", "nfev": "556", "status": "0", "success": "True", "message": "Optimization terminated successfully.", "x": "[1.26735185 0.7408795  0.15568632 7.89630062 1.19130261 2.40504705]", "final_simplex": "(array([[1.26735185, 0.7408795 , 0.15568632, 7.89630062, 1.19130261,\n        2.40504705],\n       [1.26735179, 0.74087731, 0.15568431, 7.89630313, 1.19130257,\n        2.40504408],\n       [1.26734671, 0.74087862, 0.15568743, 7.89629064, 1.19129933,\n        2.40504599],\n       [1.26734916, 0.74087682, 0.15568367, 7.89629926, 1.19130418,\n        2.40504757],\n       [1.26734993, 0.74088166, 0.1556826 , 7.89629756, 1.1913035 ,\n        2.40504563],\n       [1.26735289, 0.74087978, 0.15568172, 7.89629187, 1.19129639,\n        2.40504615],\n       [1.26735319, 0.74088055, 0.15568696, 7.89629662, 1.19130571,\n        2.4050439 ]]), array([0.18469658, 0.18469658, 0.18469658, 0.18469658, 0.18469658,\n       0.18469658, 0.18469658]))"}, "5": {"maxiter": 500, "fatol": 1e-05, "xatol": 1e-10, "duration": 0.12657809257507324, "fun": "0.18469658463466576", "nit": "441", "nfev": "757", "status": "0", "success": "True", "message": "Optimization terminated successfully.", "x": "[1.26734908 0.74087782 0.15568786 7.89630034 1.19130334 2.40504591]", "final_simplex": "(array([[1.26734908, 0.74087782, 0.15568786, 7.89630034, 1.19130334,\n        2.40504591],\n       [1.26734908, 0.74087782, 0.15568786, 7.89630034, 1.19130334,\n        2.40504591],\n       [1.26734908, 0.74087782, 0.15568786, 7.89630034, 1.19130334,\n        2.40504591],\n       [1.26734908, 0.74087782, 0.15568786, 7.89630034, 1.19130334,\n        2.40504591],\n       [1.26734908, 0.74087782, 0.15568786, 7.89630034, 1.19130334,\n        2.40504591],\n       [1.26734908, 0.74087782, 0.15568786, 7.89630034, 1.19130334,\n        2.40504591],\n       [1.26734908, 0.74087782, 0.15568786, 7.89630034, 1.19130334,\n        2.40504591]]), array([0.18469658, 0.18469658, 0.18469658, 0.18469658, 0.18469658,\n       0.18469658, 0.18469658]))"}, "6": {"maxiter": 500, "fatol": 1e-10, "xatol": 1e-05, "duration": 0.09319186210632324, "fun": "0.18469658463695848", "nit": "355", "nfev": "556", "status": "0", "success": "True", "message": "Optimization terminated successfully.", "x": "[1.26735185 0.7408795  0.15568632 7.89630062 1.19130261 2.40504705]", "final_simplex": "(array([[1.26735185, 0.7408795 , 0.15568632, 7.89630062, 1.19130261,\n        2.40504705],\n       [1.26735179, 0.74087731, 0.15568431, 7.89630313, 1.19130257,\n        2.40504408],\n       [1.26734671, 0.74087862, 0.15568743, 7.89629064, 1.19129933,\n        2.40504599],\n       [1.26734916, 0.74087682, 0.15568367, 7.89629926, 1.19130418,\n        2.40504757],\n       [1.26734993, 0.74088166, 0.1556826 , 7.89629756, 1.1913035 ,\n        2.40504563],\n       [1.26735289, 0.74087978, 0.15568172, 7.89629187, 1.19129639,\n        2.40504615],\n       [1.26735319, 0.74088055, 0.15568696, 7.89629662, 1.19130571,\n        2.4050439 ]]), array([0.18469658, 0.18469658, 0.18469658, 0.18469658, 0.18469658,\n       0.18469658, 0.18469658]))"}, "7": {"maxiter": 500, "fatol": 1e-10, "xatol": 1e-10, "duration": 0.12633609771728516, "fun": "0.18469658463466576", "nit": "441", "nfev": "757", "status": "0", "success": "True", "message": "Optimization terminated successfully.", "x": "[1.26734908 0.74087782 0.15568786 7.89630034 1.19130334 2.40504591]", "final_simplex": "(array([[1.26734908, 0.74087782, 0.15568786, 7.89630034, 1.19130334,\n        2.40504591],\n       [1.26734908, 0.74087782, 0.15568786, 7.89630034, 1.19130334,\n        2.40504591],\n       [1.26734908, 0.74087782, 0.15568786, 7.89630034, 1.19130334,\n        2.40504591],\n       [1.26734908, 0.74087782, 0.15568786, 7.89630034, 1.19130334,\n        2.40504591],\n       [1.26734908, 0.74087782, 0.15568786, 7.89630034, 1.19130334,\n        2.40504591],\n       [1.26734908, 0.74087782, 0.15568786, 7.89630034, 1.19130334,\n        2.40504591],\n       [1.26734908, 0.74087782, 0.15568786, 7.89630034, 1.19130334,\n        2.40504591]]), array([0.18469658, 0.18469658, 0.18469658, 0.18469658, 0.18469658,\n       0.18469658, 0.18469658]))"}, "8": {"maxiter": 1000, "fatol": 1e-05, "xatol": 1e-05, "duration": 0.09341311454772949, "fun": "0.18469658463695848", "nit": "355", "nfev": "556", "status": "0", "success": "True", "message": "Optimization terminated successfully.", "x": "[1.26735185 0.7408795  0.15568632 7.89630062 1.19130261 2.40504705]", "final_simplex": "(array([[1.26735185, 0.7408795 , 0.15568632, 7.89630062, 1.19130261,\n        2.40504705],\n       [1.26735179, 0.74087731, 0.15568431, 7.89630313, 1.19130257,\n        2.40504408],\n       [1.26734671, 0.74087862, 0.15568743, 7.89629064, 1.19129933,\n        2.40504599],\n       [1.26734916, 0.74087682, 0.15568367, 7.89629926, 1.19130418,\n        2.40504757],\n       [1.26734993, 0.74088166, 0.1556826 , 7.89629756, 1.1913035 ,\n        2.40504563],\n       [1.26735289, 0.74087978, 0.15568172, 7.89629187, 1.19129639,\n        2.40504615],\n       [1.26735319, 0.74088055, 0.15568696, 7.89629662, 1.19130571,\n        2.4050439 ]]), array([0.18469658, 0.18469658, 0.18469658, 0.18469658, 0.18469658,\n       0.18469658, 0.18469658]))"}, "9": {"maxiter": 1000, "fatol": 1e-05, "xatol": 1e-10, "duration": 0.1264801025390625, "fun": "0.18469658463466576", "nit": "441", "nfev": "757", "status": "0", "success": "True", "message": "Optimization terminated successfully.", "x": "[1.26734908 0.74087782 0.15568786 7.89630034 1.19130334 2.40504591]", "final_simplex": "(array([[1.26734908, 0.74087782, 0.15568786, 7.89630034, 1.19130334,\n        2.40504591],\n       [1.26734908, 0.74087782, 0.15568786, 7.89630034, 1.19130334,\n        2.40504591],\n       [1.26734908, 0.74087782, 0.15568786, 7.89630034, 1.19130334,\n        2.40504591],\n       [1.26734908, 0.74087782, 0.15568786, 7.89630034, 1.19130334,\n        2.40504591],\n       [1.26734908, 0.74087782, 0.15568786, 7.89630034, 1.19130334,\n        2.40504591],\n       [1.26734908, 0.74087782, 0.15568786, 7.89630034, 1.19130334,\n        2.40504591],\n       [1.26734908, 0.74087782, 0.15568786, 7.89630034, 1.19130334,\n        2.40504591]]), array([0.18469658, 0.18469658, 0.18469658, 0.18469658, 0.18469658,\n       0.18469658, 0.18469658]))"}, "10": {"maxiter": 1000, "fatol": 1e-10, "xatol": 1e-05, "duration": 0.0931999683380127, "fun": "0.18469658463695848", "nit": "355", "nfev": "556", "status": "0", "success": "True", "message": "Optimization terminated successfully.", "x": "[1.26735185 0.7408795  0.15568632 7.89630062 1.19130261 2.40504705]", "final_simplex": "(array([[1.26735185, 0.7408795 , 0.15568632, 7.89630062, 1.19130261,\n        2.40504705],\n       [1.26735179, 0.74087731, 0.15568431, 7.89630313, 1.19130257,\n        2.40504408],\n       [1.26734671, 0.74087862, 0.15568743, 7.89629064, 1.19129933,\n        2.40504599],\n       [1.26734916, 0.74087682, 0.15568367, 7.89629926, 1.19130418,\n        2.40504757],\n       [1.26734993, 0.74088166, 0.1556826 , 7.89629756, 1.1913035 ,\n        2.40504563],\n       [1.26735289, 0.74087978, 0.15568172, 7.89629187, 1.19129639,\n        2.40504615],\n       [1.26735319, 0.74088055, 0.15568696, 7.89629662, 1.19130571,\n        2.4050439 ]]), array([0.18469658, 0.18469658, 0.18469658, 0.18469658, 0.18469658,\n       0.18469658, 0.18469658]))"}, "11": {"maxiter": 1000, "fatol": 1e-10, "xatol": 1e-10, "duration": 0.12636303901672363, "fun": "0.18469658463466576", "nit": "441", "nfev": "757", "status": "0", "success": "True", "message": "Optimization terminated successfully.", "x": "[1.26734908 0.74087782 0.15568786 7.89630034 1.19130334 2.40504591]", "final_simplex": "(array([[1.26734908, 0.74087782, 0.15568786, 7.89630034, 1.19130334,\n        2.40504591],\n       [1.26734908, 0.74087782, 0.15568786, 7.89630034, 1.19130334,\n        2.40504591],\n       [1.26734908, 0.74087782, 0.15568786, 7.89630034, 1.19130334,\n        2.40504591],\n       [1.26734908, 0.74087782, 0.15568786, 7.89630034, 1.19130334,\n        2.40504591],\n       [1.26734908, 0.74087782, 0.15568786, 7.89630034, 1.19130334,\n        2.40504591],\n       [1.26734908, 0.74087782, 0.15568786, 7.89630034, 1.19130334,\n        2.40504591],\n       [1.26734908, 0.74087782, 0.15568786, 7.89630034, 1.19130334,\n        2.40504591]]), array([0.18469658, 0.18469658, 0.18469658, 0.18469658, 0.18469658,\n       0.18469658, 0.18469658]))"}}, "bfgs": {"type": "gradient", "0": {"maxiter": 100, "gtol": 1e-05, "xrtol": 1e-05, "eps": 1e-05, "duration": 0.05055999755859375, "fun": "0.1846965846678108", "jac": "[-4.74364992e-07 -3.52828877e-07  1.83247861e-06 -5.10502751e-07\n -1.33633105e-06  1.31114009e-06]", "hess_inv": "[[  3.69591952  -0.12974678  -0.73380562  -0.44179034  -0.05631478\n   -0.86712419]\n [ -0.12974678   3.24481982  -0.98648506   3.24353832  -1.21793338\n    0.06813624]\n [ -0.73380562  -0.98648506   5.1080603   -2.36864508   3.05188733\n   -0.67674859]\n [ -0.44179034   3.24353832  -2.36864508  21.57722309 -10.49645412\n   -0.62953027]\n [ -0.05631478  -1.21793338   3.05188733 -10.49645412   8.96494324\n    0.23425478]\n [ -0.86712419   0.06813624  -0.67674859  -0.62953027   0.23425478\n    2.94610895]]", "nfev": "294", "njev": "42", "status": "0", "success": "True", "message": "Optimization terminated successfully.", "x": "[ 1.26734256  0.74086975  0.15568977  4.6700687   4.33288595 -0.73654771]", "nit": "30"}, "1": {"maxiter": 100, "gtol": 1e-05, "xrtol": 1e-05, "eps": 1e-10, "duration": 0.04946613311767578, "fun": "0.18469658471540573", "jac": "[5.55111466e-06 3.33066880e-06 2.22044587e-06 2.22044587e-06\n 4.44089173e-06 4.44089173e-06]", "hess_inv": "[[  3.80118097   0.27327279  -1.03405321  -0.06816031  -0.09617681\n   -0.89750767]\n [  0.27327279   3.72578816  -1.01166411   3.5891991   -1.21900745\n   -0.24660782]\n [ -1.03405321  -1.01166411   5.98875548  -3.04738812   3.43415727\n   -0.79417609]\n [ -0.06816031   3.5891991   -3.04738812  21.35758276 -10.38620668\n   -0.74817464]\n [ -0.09617681  -1.21900745   3.43415727 -10.38620668   8.88762265\n    0.05054155]\n [ -0.89750767  -0.24660782  -0.79417609  -0.74817464   0.05054155\n    2.97630539]]", "nfev": "287", "njev": "41", "status": "0", "success": "True", "message": "Optimization terminated successfully.", "x": "[ 1.26735323  0.74087844  0.15570728  4.67004787  4.33292496 -0.73654222]", "nit": "30"}, "2": {"maxiter": 100, "gtol": 1e-05, "xrtol": 1e-10, "eps": 1e-05, "duration": 0.05059099197387695, "fun": "0.1846965846678108", "jac": "[-4.74364992e-07 -3.52828877e-07  1.83247861e-06 -5.10502751e-07\n -1.33633105e-06  1.31114009e-06]", "hess_inv": "[[  3.69591952  -0.12974678  -0.73380562  -0.44179034  -0.05631478\n   -0.86712419]\n [ -0.12974678   3.24481982  -0.98648506   3.24353832  -1.21793338\n    0.06813624]\n [ -0.73380562  -0.98648506   5.1080603   -2.36864508   3.05188733\n   -0.67674859]\n [ -0.44179034   3.24353832  -2.36864508  21.57722309 -10.49645412\n   -0.62953027]\n [ -0.05631478  -1.21793338   3.05188733 -10.49645412   8.96494324\n    0.23425478]\n [ -0.86712419   0.06813624  -0.67674859  -0.62953027   0.23425478\n    2.94610895]]", "nfev": "294", "njev": "42", "status": "0", "success": "True", "message": "Optimization terminated successfully.", "x": "[ 1.26734256  0.74086975  0.15568977  4.6700687   4.33288595 -0.73654771]", "nit": "30"}, "3": {"maxiter": 100, "gtol": 1e-05, "xrtol": 1e-10, "eps": 1e-10, "duration": 0.04989004135131836, "fun": "0.18469658471540573", "jac": "[5.55111466e-06 3.33066880e-06 2.22044587e-06 2.22044587e-06\n 4.44089173e-06 4.44089173e-06]", "hess_inv": "[[  3.80118097   0.27327279  -1.03405321  -0.06816031  -0.09617681\n   -0.89750767]\n [  0.27327279   3.72578816  -1.01166411   3.5891991   -1.21900745\n   -0.24660782]\n [ -1.03405321  -1.01166411   5.98875548  -3.04738812   3.43415727\n   -0.79417609]\n [ -0.06816031   3.5891991   -3.04738812  21.35758276 -10.38620668\n   -0.74817464]\n [ -0.09617681  -1.21900745   3.43415727 -10.38620668   8.88762265\n    0.05054155]\n [ -0.89750767  -0.24660782  -0.79417609  -0.74817464   0.05054155\n    2.97630539]]", "nfev": "287", "njev": "41", "status": "0", "success": "True", "message": "Optimization terminated successfully.", "x": "[ 1.26735323  0.74087844  0.15570728  4.67004787  4.33292496 -0.73654222]", "nit": "30"}, "4": {"maxiter": 100, "gtol": 1e-10, "xrtol": 1e-05, "eps": 1e-05, "duration": 0.05167198181152344, "fun": "0.1846965846559948", "jac": "[ 3.18189919e-08  6.56696919e-08  2.90389934e-07 -8.33555447e-08\n -1.06781251e-07 -5.78426196e-08]", "hess_inv": "[[  3.71670391  -0.14466526  -0.73826812  -0.5214218    0.03355132\n   -0.8684436 ]\n [ -0.14466526   3.20524465  -0.93439032   3.13979275  -1.13441732\n    0.09387609]\n [ -0.73826812  -0.93439032   5.06147983  -2.19509791   2.88866955\n   -0.70057196]\n [ -0.5214218    3.13979275  -2.19509791  21.36743794 -10.36710692\n   -0.54513996]\n [  0.03355132  -1.13441732   2.88866955 -10.36710692   8.91777279\n    0.15556706]\n [ -0.8684436    0.09387609  -0.70057196  -0.54513996   0.15556706\n    2.93396831]]", "nfev": "301", "njev": "43", "status": "0", "success": "True", "message": "Optimization terminated successfully.", "x": "[ 1.26734654  0.74087248  0.15568347  4.67007135  4.33288669 -0.73655073]", "nit": "31"}, "5": {"maxiter": 100, "gtol": 1e-10, "xrtol": 1e-05, "eps": 1e-10, "duration": 0.049311161041259766, "fun": "0.18469658471540573", "jac": "[5.55111466e-06 3.33066880e-06 2.22044587e-06 2.22044587e-06\n 4.44089173e-06 4.44089173e-06]", "hess_inv": "[[  3.80118097   0.27327279  -1.03405321  -0.06816031  -0.09617681\n   -0.89750767]\n [  0.27327279   3.72578816  -1.01166411   3.5891991   -1.21900745\n   -0.24660782]\n [ -1.03405321  -1.01166411   5.98875548  -3.04738812   3.43415727\n   -0.79417609]\n [ -0.06816031   3.5891991   -3.04738812  21.35758276 -10.38620668\n   -0.74817464]\n [ -0.09617681  -1.21900745   3.43415727 -10.38620668   8.88762265\n    0.05054155]\n [ -0.89750767  -0.24660782  -0.79417609  -0.74817464   0.05054155\n    2.97630539]]", "nfev": "287", "njev": "41", "status": "0", "success": "True", "message": "Optimization terminated successfully.", "x": "[ 1.26735323  0.74087844  0.15570728  4.67004787  4.33292496 -0.73654222]", "nit": "30"}, "6": {"maxiter": 100, "gtol": 1e-10, "xrtol": 1e-10, "eps": 1e-05, "duration": 0.08897185325622559, "fun": "0.1846965846559948", "jac": "[ 3.18189919e-08  6.56696919e-08  2.90389934e-07 -8.33555447e-08\n -1.06781251e-07 -5.78426196e-08]", "hess_inv": "[[  3.66877158  -0.13563271  -0.92921094  -0.32747277  -0.11575978\n   -0.75323582]\n [ -0.13563271   3.24033263  -1.13209362   3.30112747  -1.22925696\n    0.14133334]\n [ -0.92921094  -1.13209362   5.78517573  -2.67940884   3.07500279\n   -0.68097245]\n [ -0.32747277   3.30112747  -2.67940884  21.64701593 -10.42440194\n   -0.63927495]\n [ -0.11575978  -1.22925696   3.07500279 -10.42440194   8.86372959\n    0.28324148]\n [ -0.75323582   0.14133334  -0.68097245  -0.63927495   0.28324148\n    2.78709913]]", "nfev": "522", "njev": "73", "status": "2", "success": "False", "message": "Desired error not necessarily achieved due to precision loss.", "x": "[ 1.26734654  0.74087248  0.15568347  4.67007135  4.33288669 -0.73655073]", "nit": "31"}, "7": {"maxiter": 100, "gtol": 1e-10, "xrtol": 1e-10, "eps": 1e-10, "duration": 0.07430100440979004, "fun": "0.18469658463670424", "jac": "[ 3.33066880e-06  2.22044587e-06  2.22044587e-06  1.11022293e-06\n  4.44089173e-06 -1.11022293e-06]", "hess_inv": "[[ 0.32050523 -0.01832716 -0.00931164 -0.15499166 -0.04684318 -0.13351773]\n [-0.01832716  0.25067674 -0.39506931  0.18309063 -0.00698063 -0.05924962]\n [-0.00931164 -0.39506931  1.08122748 -0.51533616 -0.10359579  0.15883678]\n [-0.15499166  0.18309063 -0.51533616  0.46281913  0.10907181 -0.08395154]\n [-0.04684318 -0.00698063 -0.10359579  0.10907181  0.12630936 -0.04985349]\n [-0.13351773 -0.05924962  0.15883678 -0.08395154 -0.04985349  0.1818603 ]]", "nfev": "434", "njev": "62", "status": "0", "success": "True", "message": "Optimization terminated successfully.", "x": "[ 1.26734808  0.74087653  0.15569112  4.67006524  4.33290088 -0.73654817]", "nit": "42"}, "8": {"maxiter": 500, "gtol": 1e-05, "xrtol": 1e-05, "eps": 1e-05, "duration": 0.05035805702209473, "fun": "0.1846965846678108", "jac": "[-4.74364992e-07 -3.52828877e-07  1.83247861e-06 -5.10502751e-07\n -1.33633105e-06  1.31114009e-06]", "hess_inv": "[[  3.69591952  -0.12974678  -0.73380562  -0.44179034  -0.05631478\n   -0.86712419]\n [ -0.12974678   3.24481982  -0.98648506   3.24353832  -1.21793338\n    0.06813624]\n [ -0.73380562  -0.98648506   5.1080603   -2.36864508   3.05188733\n   -0.67674859]\n [ -0.44179034   3.24353832  -2.36864508  21.57722309 -10.49645412\n   -0.62953027]\n [ -0.05631478  -1.21793338   3.05188733 -10.49645412   8.96494324\n    0.23425478]\n [ -0.86712419   0.06813624  -0.67674859  -0.62953027   0.23425478\n    2.94610895]]", "nfev": "294", "njev": "42", "status": "0", "success": "True", "message": "Optimization terminated successfully.", "x": "[ 1.26734256  0.74086975  0.15568977  4.6700687   4.33288595 -0.73654771]", "nit": "30"}, "9": {"maxiter": 500, "gtol": 1e-05, "xrtol": 1e-05, "eps": 1e-10, "duration": 0.04926300048828125, "fun": "0.18469658471540573", "jac": "[5.55111466e-06 3.33066880e-06 2.22044587e-06 2.22044587e-06\n 4.44089173e-06 4.44089173e-06]", "hess_inv": "[[  3.80118097   0.27327279  -1.03405321  -0.06816031  -0.09617681\n   -0.89750767]\n [  0.27327279   3.72578816  -1.01166411   3.5891991   -1.21900745\n   -0.24660782]\n [ -1.03405321  -1.01166411   5.98875548  -3.04738812   3.43415727\n   -0.79417609]\n [ -0.06816031   3.5891991   -3.04738812  21.35758276 -10.38620668\n   -0.74817464]\n [ -0.09617681  -1.21900745   3.43415727 -10.38620668   8.88762265\n    0.05054155]\n [ -0.89750767  -0.24660782  -0.79417609  -0.74817464   0.05054155\n    2.97630539]]", "nfev": "287", "njev": "41", "status": "0", "success": "True", "message": "Optimization terminated successfully.", "x": "[ 1.26735323  0.74087844  0.15570728  4.67004787  4.33292496 -0.73654222]", "nit": "30"}, "10": {"maxiter": 500, "gtol": 1e-05, "xrtol": 1e-10, "eps": 1e-05, "duration": 0.05040597915649414, "fun": "0.1846965846678108", "jac": "[-4.74364992e-07 -3.52828877e-07  1.83247861e-06 -5.10502751e-07\n -1.33633105e-06  1.31114009e-06]", "hess_inv": "[[  3.69591952  -0.12974678  -0.73380562  -0.44179034  -0.05631478\n   -0.86712419]\n [ -0.12974678   3.24481982  -0.98648506   3.24353832  -1.21793338\n    0.06813624]\n [ -0.73380562  -0.98648506   5.1080603   -2.36864508   3.05188733\n   -0.67674859]\n [ -0.44179034   3.24353832  -2.36864508  21.57722309 -10.49645412\n   -0.62953027]\n [ -0.05631478  -1.21793338   3.05188733 -10.49645412   8.96494324\n    0.23425478]\n [ -0.86712419   0.06813624  -0.67674859  -0.62953027   0.23425478\n    2.94610895]]", "nfev": "294", "njev": "42", "status": "0", "success": "True", "message": "Optimization terminated successfully.", "x": "[ 1.26734256  0.74086975  0.15568977  4.6700687   4.33288595 -0.73654771]", "nit": "30"}, "11": {"maxiter": 500, "gtol": 1e-05, "xrtol": 1e-10, "eps": 1e-10, "duration": 0.04901289939880371, "fun": "0.18469658471540573", "jac": "[5.55111466e-06 3.33066880e-06 2.22044587e-06 2.22044587e-06\n 4.44089173e-06 4.44089173e-06]", "hess_inv": "[[  3.80118097   0.27327279  -1.03405321  -0.06816031  -0.09617681\n   -0.89750767]\n [  0.27327279   3.72578816  -1.01166411   3.5891991   -1.21900745\n   -0.24660782]\n [ -1.03405321  -1.01166411   5.98875548  -3.04738812   3.43415727\n   -0.79417609]\n [ -0.06816031   3.5891991   -3.04738812  21.35758276 -10.38620668\n   -0.74817464]\n [ -0.09617681  -1.21900745   3.43415727 -10.38620668   8.88762265\n    0.05054155]\n [ -0.89750767  -0.24660782  -0.79417609  -0.74817464   0.05054155\n    2.97630539]]", "nfev": "287", "njev": "41", "status": "0", "success": "True", "message": "Optimization terminated successfully.", "x": "[ 1.26735323  0.74087844  0.15570728  4.67004787  4.33292496 -0.73654222]", "nit": "30"}, "12": {"maxiter": 500, "gtol": 1e-10, "xrtol": 1e-05, "eps": 1e-05, "duration": 0.05129599571228027, "fun": "0.1846965846559948", "jac": "[ 3.18189919e-08  6.56696919e-08  2.90389934e-07 -8.33555447e-08\n -1.06781251e-07 -5.78426196e-08]", "hess_inv": "[[  3.71670391  -0.14466526  -0.73826812  -0.5214218    0.03355132\n   -0.8684436 ]\n [ -0.14466526   3.20524465  -0.93439032   3.13979275  -1.13441732\n    0.09387609]\n [ -0.73826812  -0.93439032   5.06147983  -2.19509791   2.88866955\n   -0.70057196]\n [ -0.5214218    3.13979275  -2.19509791  21.36743794 -10.36710692\n   -0.54513996]\n [  0.03355132  -1.13441732   2.88866955 -10.36710692   8.91777279\n    0.15556706]\n [ -0.8684436    0.09387609  -0.70057196  -0.54513996   0.15556706\n    2.93396831]]", "nfev": "301", "njev": "43", "status": "0", "success": "True", "message": "Optimization terminated successfully.", "x": "[ 1.26734654  0.74087248  0.15568347  4.67007135  4.33288669 -0.73655073]", "nit": "31"}, "13": {"maxiter": 500, "gtol": 1e-10, "xrtol": 1e-05, "eps": 1e-10, "duration": 0.04898500442504883, "fun": "0.18469658471540573", "jac": "[5.55111466e-06 3.33066880e-06 2.22044587e-06 2.22044587e-06\n 4.44089173e-06 4.44089173e-06]", "hess_inv": "[[  3.80118097   0.27327279  -1.03405321  -0.06816031  -0.09617681\n   -0.89750767]\n [  0.27327279   3.72578816  -1.01166411   3.5891991   -1.21900745\n   -0.24660782]\n [ -1.03405321  -1.01166411   5.98875548  -3.04738812   3.43415727\n   -0.79417609]\n [ -0.06816031   3.5891991   -3.04738812  21.35758276 -10.38620668\n   -0.74817464]\n [ -0.09617681  -1.21900745   3.43415727 -10.38620668   8.88762265\n    0.05054155]\n [ -0.89750767  -0.24660782  -0.79417609  -0.74817464   0.05054155\n    2.97630539]]", "nfev": "287", "njev": "41", "status": "0", "success": "True", "message": "Optimization terminated successfully.", "x": "[ 1.26735323  0.74087844  0.15570728  4.67004787  4.33292496 -0.73654222]", "nit": "30"}, "14": {"maxiter": 500, "gtol": 1e-10, "xrtol": 1e-10, "eps": 1e-05, "duration": 0.08858489990234375, "fun": "0.1846965846559948", "jac": "[ 3.18189919e-08  6.56696919e-08  2.90389934e-07 -8.33555447e-08\n -1.06781251e-07 -5.78426196e-08]", "hess_inv": "[[  3.66877158  -0.13563271  -0.92921094  -0.32747277  -0.11575978\n   -0.75323582]\n [ -0.13563271   3.24033263  -1.13209362   3.30112747  -1.22925696\n    0.14133334]\n [ -0.92921094  -1.13209362   5.78517573  -2.67940884   3.07500279\n   -0.68097245]\n [ -0.32747277   3.30112747  -2.67940884  21.64701593 -10.42440194\n   -0.63927495]\n [ -0.11575978  -1.22925696   3.07500279 -10.42440194   8.86372959\n    0.28324148]\n [ -0.75323582   0.14133334  -0.68097245  -0.63927495   0.28324148\n    2.78709913]]", "nfev": "522", "njev": "73", "status": "2", "success": "False", "message": "Desired error not necessarily achieved due to precision loss.", "x": "[ 1.26734654  0.74087248  0.15568347  4.67007135  4.33288669 -0.73655073]", "nit": "31"}, "15": {"maxiter": 500, "gtol": 1e-10, "xrtol": 1e-10, "eps": 1e-10, "duration": 0.07385396957397461, "fun": "0.18469658463670424", "jac": "[ 3.33066880e-06  2.22044587e-06  2.22044587e-06  1.11022293e-06\n  4.44089173e-06 -1.11022293e-06]", "hess_inv": "[[ 0.32050523 -0.01832716 -0.00931164 -0.15499166 -0.04684318 -0.13351773]\n [-0.01832716  0.25067674 -0.39506931  0.18309063 -0.00698063 -0.05924962]\n [-0.00931164 -0.39506931  1.08122748 -0.51533616 -0.10359579  0.15883678]\n [-0.15499166  0.18309063 -0.51533616  0.46281913  0.10907181 -0.08395154]\n [-0.04684318 -0.00698063 -0.10359579  0.10907181  0.12630936 -0.04985349]\n [-0.13351773 -0.05924962  0.15883678 -0.08395154 -0.04985349  0.1818603 ]]", "nfev": "434", "njev": "62", "status": "0", "success": "True", "message": "Optimization terminated successfully.", "x": "[ 1.26734808  0.74087653  0.15569112  4.67006524  4.33290088 -0.73654817]", "nit": "42"}, "16": {"maxiter": 1000, "gtol": 1e-05, "xrtol": 1e-05, "eps": 1e-05, "duration": 0.050061941146850586, "fun": "0.1846965846678108", "jac": "[-4.74364992e-07 -3.52828877e-07  1.83247861e-06 -5.10502751e-07\n -1.33633105e-06  1.31114009e-06]", "hess_inv": "[[  3.69591952  -0.12974678  -0.73380562  -0.44179034  -0.05631478\n   -0.86712419]\n [ -0.12974678   3.24481982  -0.98648506   3.24353832  -1.21793338\n    0.06813624]\n [ -0.73380562  -0.98648506   5.1080603   -2.36864508   3.05188733\n   -0.67674859]\n [ -0.44179034   3.24353832  -2.36864508  21.57722309 -10.49645412\n   -0.62953027]\n [ -0.05631478  -1.21793338   3.05188733 -10.49645412   8.96494324\n    0.23425478]\n [ -0.86712419   0.06813624  -0.67674859  -0.62953027   0.23425478\n    2.94610895]]", "nfev": "294", "njev": "42", "status": "0", "success": "True", "message": "Optimization terminated successfully.", "x": "[ 1.26734256  0.74086975  0.15568977  4.6700687   4.33288595 -0.73654771]", "nit": "30"}, "17": {"maxiter": 1000, "gtol": 1e-05, "xrtol": 1e-05, "eps": 1e-10, "duration": 0.04903912544250488, "fun": "0.18469658471540573", "jac": "[5.55111466e-06 3.33066880e-06 2.22044587e-06 2.22044587e-06\n 4.44089173e-06 4.44089173e-06]", "hess_inv": "[[  3.80118097   0.27327279  -1.03405321  -0.06816031  -0.09617681\n   -0.89750767]\n [  0.27327279   3.72578816  -1.01166411   3.5891991   -1.21900745\n   -0.24660782]\n [ -1.03405321  -1.01166411   5.98875548  -3.04738812   3.43415727\n   -0.79417609]\n [ -0.06816031   3.5891991   -3.04738812  21.35758276 -10.38620668\n   -0.74817464]\n [ -0.09617681  -1.21900745   3.43415727 -10.38620668   8.88762265\n    0.05054155]\n [ -0.89750767  -0.24660782  -0.79417609  -0.74817464   0.05054155\n    2.97630539]]", "nfev": "287", "njev": "41", "status": "0", "success": "True", "message": "Optimization terminated successfully.", "x": "[ 1.26735323  0.74087844  0.15570728  4.67004787  4.33292496 -0.73654222]", "nit": "30"}, "18": {"maxiter": 1000, "gtol": 1e-05, "xrtol": 1e-10, "eps": 1e-05, "duration": 0.05030488967895508, "fun": "0.1846965846678108", "jac": "[-4.74364992e-07 -3.52828877e-07  1.83247861e-06 -5.10502751e-07\n -1.33633105e-06  1.31114009e-06]", "hess_inv": "[[  3.69591952  -0.12974678  -0.73380562  -0.44179034  -0.05631478\n   -0.86712419]\n [ -0.12974678   3.24481982  -0.98648506   3.24353832  -1.21793338\n    0.06813624]\n [ -0.73380562  -0.98648506   5.1080603   -2.36864508   3.05188733\n   -0.67674859]\n [ -0.44179034   3.24353832  -2.36864508  21.57722309 -10.49645412\n   -0.62953027]\n [ -0.05631478  -1.21793338   3.05188733 -10.49645412   8.96494324\n    0.23425478]\n [ -0.86712419   0.06813624  -0.67674859  -0.62953027   0.23425478\n    2.94610895]]", "nfev": "294", "njev": "42", "status": "0", "success": "True", "message": "Optimization terminated successfully.", "x": "[ 1.26734256  0.74086975  0.15568977  4.6700687   4.33288595 -0.73654771]", "nit": "30"}, "19": {"maxiter": 1000, "gtol": 1e-05, "xrtol": 1e-10, "eps": 1e-10, "duration": 0.04929995536804199, "fun": "0.18469658471540573", "jac": "[5.55111466e-06 3.33066880e-06 2.22044587e-06 2.22044587e-06\n 4.44089173e-06 4.44089173e-06]", "hess_inv": "[[  3.80118097   0.27327279  -1.03405321  -0.06816031  -0.09617681\n   -0.89750767]\n [  0.27327279   3.72578816  -1.01166411   3.5891991   -1.21900745\n   -0.24660782]\n [ -1.03405321  -1.01166411   5.98875548  -3.04738812   3.43415727\n   -0.79417609]\n [ -0.06816031   3.5891991   -3.04738812  21.35758276 -10.38620668\n   -0.74817464]\n [ -0.09617681  -1.21900745   3.43415727 -10.38620668   8.88762265\n    0.05054155]\n [ -0.89750767  -0.24660782  -0.79417609  -0.74817464   0.05054155\n    2.97630539]]", "nfev": "287", "njev": "41", "status": "0", "success": "True", "message": "Optimization terminated successfully.", "x": "[ 1.26735323  0.74087844  0.15570728  4.67004787  4.33292496 -0.73654222]", "nit": "30"}, "20": {"maxiter": 1000, "gtol": 1e-10, "xrtol": 1e-05, "eps": 1e-05, "duration": 0.05193805694580078, "fun": "0.1846965846559948", "jac": "[ 3.18189919e-08  6.56696919e-08  2.90389934e-07 -8.33555447e-08\n -1.06781251e-07 -5.78426196e-08]", "hess_inv": "[[  3.71670391  -0.14466526  -0.73826812  -0.5214218    0.03355132\n   -0.8684436 ]\n [ -0.14466526   3.20524465  -0.93439032   3.13979275  -1.13441732\n    0.09387609]\n [ -0.73826812  -0.93439032   5.06147983  -2.19509791   2.88866955\n   -0.70057196]\n [ -0.5214218    3.13979275  -2.19509791  21.36743794 -10.36710692\n   -0.54513996]\n [  0.03355132  -1.13441732   2.88866955 -10.36710692   8.91777279\n    0.15556706]\n [ -0.8684436    0.09387609  -0.70057196  -0.54513996   0.15556706\n    2.93396831]]", "nfev": "301", "njev": "43", "status": "0", "success": "True", "message": "Optimization terminated successfully.", "x": "[ 1.26734654  0.74087248  0.15568347  4.67007135  4.33288669 -0.73655073]", "nit": "31"}, "21": {"maxiter": 1000, "gtol": 1e-10, "xrtol": 1e-05, "eps": 1e-10, "duration": 0.049147844314575195, "fun": "0.18469658471540573", "jac": "[5.55111466e-06 3.33066880e-06 2.22044587e-06 2.22044587e-06\n 4.44089173e-06 4.44089173e-06]", "hess_inv": "[[  3.80118097   0.27327279  -1.03405321  -0.06816031  -0.09617681\n   -0.89750767]\n [  0.27327279   3.72578816  -1.01166411   3.5891991   -1.21900745\n   -0.24660782]\n [ -1.03405321  -1.01166411   5.98875548  -3.04738812   3.43415727\n   -0.79417609]\n [ -0.06816031   3.5891991   -3.04738812  21.35758276 -10.38620668\n   -0.74817464]\n [ -0.09617681  -1.21900745   3.43415727 -10.38620668   8.88762265\n    0.05054155]\n [ -0.89750767  -0.24660782  -0.79417609  -0.74817464   0.05054155\n    2.97630539]]", "nfev": "287", "njev": "41", "status": "0", "success": "True", "message": "Optimization terminated successfully.", "x": "[ 1.26735323  0.74087844  0.15570728  4.67004787  4.33292496 -0.73654222]", "nit": "30"}, "22": {"maxiter": 1000, "gtol": 1e-10, "xrtol": 1e-10, "eps": 1e-05, "duration": 0.0887916088104248, "fun": "0.1846965846559948", "jac": "[ 3.18189919e-08  6.56696919e-08  2.90389934e-07 -8.33555447e-08\n -1.06781251e-07 -5.78426196e-08]", "hess_inv": "[[  3.66877158  -0.13563271  -0.92921094  -0.32747277  -0.11575978\n   -0.75323582]\n [ -0.13563271   3.24033263  -1.13209362   3.30112747  -1.22925696\n    0.14133334]\n [ -0.92921094  -1.13209362   5.78517573  -2.67940884   3.07500279\n   -0.68097245]\n [ -0.32747277   3.30112747  -2.67940884  21.64701593 -10.42440194\n   -0.63927495]\n [ -0.11575978  -1.22925696   3.07500279 -10.42440194   8.86372959\n    0.28324148]\n [ -0.75323582   0.14133334  -0.68097245  -0.63927495   0.28324148\n    2.78709913]]", "nfev": "522", "njev": "73", "status": "2", "success": "False", "message": "Desired error not necessarily achieved due to precision loss.", "x": "[ 1.26734654  0.74087248  0.15568347  4.67007135  4.33288669 -0.73655073]", "nit": "31"}, "23": {"maxiter": 1000, "gtol": 1e-10, "xrtol": 1e-10, "eps": 1e-10, "duration": 0.0744020938873291, "fun": "0.18469658463670424", "jac": "[ 3.33066880e-06  2.22044587e-06  2.22044587e-06  1.11022293e-06\n  4.44089173e-06 -1.11022293e-06]", "hess_inv": "[[ 0.32050523 -0.01832716 -0.00931164 -0.15499166 -0.04684318 -0.13351773]\n [-0.01832716  0.25067674 -0.39506931  0.18309063 -0.00698063 -0.05924962]\n [-0.00931164 -0.39506931  1.08122748 -0.51533616 -0.10359579  0.15883678]\n [-0.15499166  0.18309063 -0.51533616  0.46281913  0.10907181 -0.08395154]\n [-0.04684318 -0.00698063 -0.10359579  0.10907181  0.12630936 -0.04985349]\n [-0.13351773 -0.05924962  0.15883678 -0.08395154 -0.04985349  0.1818603 ]]", "nfev": "434", "njev": "62", "status": "0", "success": "True", "message": "Optimization terminated successfully.", "x": "[ 1.26734808  0.74087653  0.15569112  4.67006524  4.33290088 -0.73654817]", "nit": "42"}}, "cobyla": {"0": {"maxiter": 100, "tol": 1e-05, "catol": 1e-05, "duration": 0.016397953033447266, "x": "[4.96037259 4.21102041 3.1536683  5.87598874 1.94462572 1.04885803]", "status": "2", "success": "False", "message": "Maximum number of function evaluations has been exceeded.", "nfev": "100", "fun": "0.2281039346808711", "maxcv": "0.0"}, "1": {"maxiter": 100, "tol": 1e-05, "catol": 1e-10, "duration": 0.016297101974487305, "x": "[4.96037259 4.21102041 3.1536683  5.87598874 1.94462572 1.04885803]", "status": "2", "success": "False", "message": "Maximum number of function evaluations has been exceeded.", "nfev": "100", "fun": "0.2281039346808711", "maxcv": "0.0"}, "2": {"maxiter": 100, "tol": 1e-10, "catol": 1e-05, "duration": 0.01630091667175293, "x": "[4.96037259 4.21102041 3.1536683  5.87598874 1.94462572 1.04885803]", "status": "2", "success": "False", "message": "Maximum number of function evaluations has been exceeded.", "nfev": "100", "fun": "0.2281039346808711", "maxcv": "0.0"}, "3": {"maxiter": 100, "tol": 1e-10, "catol": 1e-10, "duration": 0.01630115509033203, "x": "[4.96037259 4.21102041 3.1536683  5.87598874 1.94462572 1.04885803]", "status": "2", "success": "False", "message": "Maximum number of function evaluations has been exceeded.", "nfev": "100", "fun": "0.2281039346808711", "maxcv": "0.0"}, "4": {"maxiter": 500, "tol": 1e-05, "catol": 1e-05, "duration": 0.08139395713806152, "x": "[ 5.02819604  4.06997408  3.1577905   5.54431589  3.66275039 -0.4203514 ]", "status": "2", "success": "False", "message": "Maximum number of function evaluations has been exceeded.", "nfev": "500", "fun": "0.20130019651097364", "maxcv": "0.0"}, "5": {"maxiter": 500, "tol": 1e-05, "catol": 1e-10, "duration": 0.08126401901245117, "x": "[ 5.02819604  4.06997408  3.1577905   5.54431589  3.66275039 -0.4203514 ]", "status": "2", "success": "False", "message": "Maximum number of function evaluations has been exceeded.", "nfev": "500", "fun": "0.20130019651097364", "maxcv": "0.0"}, "6": {"maxiter": 500, "tol": 1e-10, "catol": 1e-05, "duration": 0.08132004737854004, "x": "[ 5.02819604  4.06997408  3.1577905   5.54431589  3.66275039 -0.4203514 ]", "status": "2", "success": "False", "message": "Maximum number of function evaluations has been exceeded.", "nfev": "500", "fun": "0.20130019651097364", "maxcv": "0.0"}, "7": {"maxiter": 500, "tol": 1e-10, "catol": 1e-10, "duration": 0.08141517639160156, "x": "[ 5.02819604  4.06997408  3.1577905   5.54431589  3.66275039 -0.4203514 ]", "status": "2", "success": "False", "message": "Maximum number of function evaluations has been exceeded.", "nfev": "500", "fun": "0.20130019651097364", "maxcv": "0.0"}, "8": {"maxiter": 1000, "tol": 1e-05, "catol": 1e-05, "duration":