{"date": "2024/07/19/, 14:32:13", "conf_id": 211, "data_type": "non_lin_ind\n", "num_data_points": 3, "s_rank": 0, "unitary": "[[-0.56303964-0.00798273j,-0.21670212-0.15784972j,-0.06047197-0.73952673j,-0.01438004+0.24552571j],[-0.06976756+0.23474685j,-0.01275565-0.5435098j,-0.02703657-0.08917885j,-0.08210486-0.79311774j],[-0.38559961+0.10714929j,0.5933431-0.2687392j,-0.24060861+0.29149289j,-0.45147719+0.26241743j],[-0.50180421+0.45931857j,-0.11617175+0.44134496j,0.49642745+0.22684508j,-0.08544628-0.15407063j]]", "databatch_0": {"databatch": "[[[-5.85842989e-02-0.04160926j,-1.62829951e-01+0.18907109j,1.19851654e-01+0.11255257j,-1.82252493e-01-0.2570853j],[2.96100143e-01+0.11038497j,2.55456618e-01-0.05257791j,-2.29657509e-01+0.22002908j,-1.60533092e-01-0.04788457j],[-2.77075997e-01+0.19628398j,-1.55230303e-01-0.15543588j,-2.38697614e-01+0.1467428j,-1.82640275e-02+0.30461462j],[-1.45844136e-02+0.126682j,-1.07320180e-01+0.10611734j,-1.67886576e-01+0.17178702j,-1.00562946e-01-0.25902486j]],[[-1.51229429e-01-0.14038074j,1.01978154e-01-0.19657862j,-1.04212199e-01+0.16223469j,4.94572392e-01+0.07701666j],[1.40604817e-01+0.03634184j,-3.74054922e-02+0.17056768j,1.29323780e-01-0.17465468j,-6.70603494e-01+0.131436j],[-2.17600037e-02+0.07101858j,-6.80420535e-02+0.0236495j,2.35206616e-02-0.08438279j,-6.56094556e-04+0.09630384j],[-2.54465424e-02-0.08503626j,6.26135155e-02-0.05146417j,-2.39276517e-02+0.0378496j,3.74810924e-02+0.09673596j]],[[1.27276463e-01+0.38356569j,6.17665912e-02+0.28595357j,2.66411016e-01-0.06699317j,-1.47098222e-03+0.34074802j],[-1.42748944e-01-0.35785713j,-1.13848631e-01-0.16368773j,-2.70337590e-01+0.02732242j,-1.43361303e-02-0.24537262j],[1.69530498e-01-0.14134989j,1.36775526e-01+0.05019761j,-1.20739834e-01-0.14248015j,1.90667309e-01+0.10689187j],[5.62936488e-02+0.1181604j,-1.84547381e-02+0.1503321j,8.37933243e-02-0.06416803j,-9.04338253e-03+0.1821668j]]]", "initial param values": "[0.65792546,2.74147587,4.50409159,2.63216085,0.81932041,2.87313415]", "nelder_mead": {"type": "gradient-free", "0": {"maxiter": 100, "fatol": 1e-05, "xatol": 1e-05, "duration": 0.02704000473022461, "fun": "0.49847043563036053", "nit": "100", "nfev": "157", "status": "2", "success": "False", "message": "Maximum number of iterations has been exceeded.", "x": "[0.90297938 4.25620745 3.61449705 0.16270529 1.01124206 3.21956799]", "final_simplex": "(array([[ 9.02979376e-01,  4.25620745e+00,  3.61449705e+00,\n         1.62705291e-01,  1.01124206e+00,  3.21956799e+00],\n       [ 8.78045258e-01,  4.41661543e+00,  3.56916657e+00,\n        -6.88143456e-02,  1.02011011e+00,  3.14460385e+00],\n       [ 8.50413560e-01,  4.45687599e+00,  3.64660091e+00,\n         1.30200701e-03,  1.07974979e+00,  2.94953170e+00],\n       [ 8.58360577e-01,  4.49733940e+00,  3.37654249e+00,\n         2.03271835e-02,  1.18372196e+00,  2.84470245e+00],\n       [ 8.53061358e-01,  4.57566298e+00,  3.35438436e+00,\n        -1.48047356e-03,  1.18347192e+00,  2.79127182e+00],\n       [ 8.49036363e-01,  4.40300971e+00,  3.46828185e+00,\n         7.15722149e-02,  1.10643672e+00,  2.93362663e+00],\n       [ 8.64923423e-01,  4.43443569e+00,  3.41459397e+00,\n        -7.80643117e-02,  1.09511952e+00,  2.96416353e+00]]), array([0.49847044, 0.50108599, 0.50813292, 0.50975023, 0.51149683,\n       0.5128445 , 0.51345019]))"}, "1": {"maxiter": 100, "fatol": 1e-05, "xatol": 1e-10, "duration": 0.026607036590576172, "fun": "0.49847043563036053", "nit": "100", "nfev": "157", "status": "2", "success": "False", "message": "Maximum number of iterations has been exceeded.", "x": "[0.90297938 4.25620745 3.61449705 0.16270529 1.01124206 3.21956799]", "final_simplex": "(array([[ 9.02979376e-01,  4.25620745e+00,  3.61449705e+00,\n         1.62705291e-01,  1.01124206e+00,  3.21956799e+00],\n       [ 8.78045258e-01,  4.41661543e+00,  3.56916657e+00,\n        -6.88143456e-02,  1.02011011e+00,  3.14460385e+00],\n       [ 8.50413560e-01,  4.45687599e+00,  3.64660091e+00,\n         1.30200701e-03,  1.07974979e+00,  2.94953170e+00],\n       [ 8.58360577e-01,  4.49733940e+00,  3.37654249e+00,\n         2.03271835e-02,  1.18372196e+00,  2.84470245e+00],\n       [ 8.53061358e-01,  4.57566298e+00,  3.35438436e+00,\n        -1.48047356e-03,  1.18347192e+00,  2.79127182e+00],\n       [ 8.49036363e-01,  4.40300971e+00,  3.46828185e+00,\n         7.15722149e-02,  1.10643672e+00,  2.93362663e+00],\n       [ 8.64923423e-01,  4.43443569e+00,  3.41459397e+00,\n        -7.80643117e-02,  1.09511952e+00,  2.96416353e+00]]), array([0.49847044, 0.50108599, 0.50813292, 0.50975023, 0.51149683,\n       0.5128445 , 0.51345019]))"}, "2": {"maxiter": 100, "fatol": 1e-10, "xatol": 1e-05, "duration": 0.02653217315673828, "fun": "0.49847043563036053", "nit": "100", "nfev": "157", "status": "2", "success": "False", "message": "Maximum number of iterations has been exceeded.", "x": "[0.90297938 4.25620745 3.61449705 0.16270529 1.01124206 3.21956799]", "final_simplex": "(array([[ 9.02979376e-01,  4.25620745e+00,  3.61449705e+00,\n         1.62705291e-01,  1.01124206e+00,  3.21956799e+00],\n       [ 8.78045258e-01,  4.41661543e+00,  3.56916657e+00,\n        -6.88143456e-02,  1.02011011e+00,  3.14460385e+00],\n       [ 8.50413560e-01,  4.45687599e+00,  3.64660091e+00,\n         1.30200701e-03,  1.07974979e+00,  2.94953170e+00],\n       [ 8.58360577e-01,  4.49733940e+00,  3.37654249e+00,\n         2.03271835e-02,  1.18372196e+00,  2.84470245e+00],\n       [ 8.53061358e-01,  4.57566298e+00,  3.35438436e+00,\n        -1.48047356e-03,  1.18347192e+00,  2.79127182e+00],\n       [ 8.49036363e-01,  4.40300971e+00,  3.46828185e+00,\n         7.15722149e-02,  1.10643672e+00,  2.93362663e+00],\n       [ 8.64923423e-01,  4.43443569e+00,  3.41459397e+00,\n        -7.80643117e-02,  1.09511952e+00,  2.96416353e+00]]), array([0.49847044, 0.50108599, 0.50813292, 0.50975023, 0.51149683,\n       0.5128445 , 0.51345019]))"}, "3": {"maxiter": 100, "fatol": 1e-10, "xatol": 1e-10, "duration": 0.027340173721313477, "fun": "0.49847043563036053", "nit": "100", "nfev": "157", "status": "2", "success": "False", "message": "Maximum number of iterations has been exceeded.", "x": "[0.90297938 4.25620745 3.61449705 0.16270529 1.01124206 3.21956799]", "final_simplex": "(array([[ 9.02979376e-01,  4.25620745e+00,  3.61449705e+00,\n         1.62705291e-01,  1.01124206e+00,  3.21956799e+00],\n       [ 8.78045258e-01,  4.41661543e+00,  3.56916657e+00,\n        -6.88143456e-02,  1.02011011e+00,  3.14460385e+00],\n       [ 8.50413560e-01,  4.45687599e+00,  3.64660091e+00,\n         1.30200701e-03,  1.07974979e+00,  2.94953170e+00],\n       [ 8.58360577e-01,  4.49733940e+00,  3.37654249e+00,\n         2.03271835e-02,  1.18372196e+00,  2.84470245e+00],\n       [ 8.53061358e-01,  4.57566298e+00,  3.35438436e+00,\n        -1.48047356e-03,  1.18347192e+00,  2.79127182e+00],\n       [ 8.49036363e-01,  4.40300971e+00,  3.46828185e+00,\n         7.15722149e-02,  1.10643672e+00,  2.93362663e+00],\n       [ 8.64923423e-01,  4.43443569e+00,  3.41459397e+00,\n        -7.80643117e-02,  1.09511952e+00,  2.96416353e+00]]), array([0.49847044, 0.50108599, 0.50813292, 0.50975023, 0.51149683,\n       0.5128445 , 0.51345019]))"}, "4": {"maxiter": 500, "fatol": 1e-05, "xatol": 1e-05, "duration": 0.13499212265014648, "fun": "0.1748265992157857", "nit": "500", "nfev": "773", "status": "2", "success": "False", "message": "Maximum number of iterations has been exceeded.", "x": "[2.50607622 5.04942034 5.62899679 2.0094307  2.78850552 2.06339517]", "final_simplex": "(array([[2.50607622, 5.04942034, 5.62899679, 2.0094307 , 2.78850552,\n        2.06339517],\n       [2.5059839 , 5.04893801, 5.6283839 , 2.00894175, 2.78830928,\n        2.0636442 ],\n       [2.50619968, 5.04928042, 5.6283069 , 2.00881572, 2.78800846,\n        2.0632193 ],\n       [2.50636264, 5.04917406, 5.62875279, 2.00855003, 2.7884438 ,\n        2.06343723],\n       [2.50578074, 5.04854069, 5.62764544, 2.00854735, 2.78823694,\n        2.06354855],\n       [2.50621697, 5.04863801, 5.62805598, 2.00900309, 2.78796453,\n        2.06307133],\n       [2.50608071, 5.04855134, 5.6280612 , 2.00900317, 2.78855884,\n        2.0637804 ]]), array([0.1748266 , 0.17482661, 0.17482662, 0.17482663, 0.17482664,\n       0.17482665, 0.17482665]))"}, "5": {"maxiter": 500, "fatol": 1e-05, "xatol": 1e-10, "duration": 0.13400483131408691, "fun": "0.1748265992157857", "nit": "500", "nfev": "773", "status": "2", "success": "False", "message": "Maximum number of iterations has been exceeded.", "x": "[2.50607622 5.04942034 5.62899679 2.0094307  2.78850552 2.06339517]", "final_simplex": "(array([[2.50607622, 5.04942034, 5.62899679, 2.0094307 , 2.78850552,\n        2.06339517],\n       [2.5059839 , 5.04893801, 5.6283839 , 2.00894175, 2.78830928,\n        2.0636442 ],\n       [2.50619968, 5.04928042, 5.6283069 , 2.00881572, 2.78800846,\n        2.0632193 ],\n       [2.50636264, 5.04917406, 5.62875279, 2.00855003, 2.7884438 ,\n        2.06343723],\n       [2.50578074, 5.04854069, 5.62764544, 2.00854735, 2.78823694,\n        2.06354855],\n       [2.50621697, 5.04863801, 5.62805598, 2.00900309, 2.78796453,\n        2.06307133],\n       [2.50608071, 5.04855134, 5.6280612 , 2.00900317, 2.78855884,\n        2.0637804 ]]), array([0.1748266 , 0.17482661, 0.17482662, 0.17482663, 0.17482664,\n       0.17482665, 0.17482665]))"}, "6": {"maxiter": 500, "fatol": 1e-10, "xatol": 1e-05, "duration": 0.13910984992980957, "fun": "0.1748265992157857", "nit": "500", "nfev": "773", "status": "2", "success": "False", "message": "Maximum number of iterations has been exceeded.", "x": "[2.50607622 5.04942034 5.62899679 2.0094307  2.78850552 2.06339517]", "final_simplex": "(array([[2.50607622, 5.04942034, 5.62899679, 2.0094307 , 2.78850552,\n        2.06339517],\n       [2.5059839 , 5.04893801, 5.6283839 , 2.00894175, 2.78830928,\n        2.0636442 ],\n       [2.50619968, 5.04928042, 5.6283069 , 2.00881572, 2.78800846,\n        2.0632193 ],\n       [2.50636264, 5.04917406, 5.62875279, 2.00855003, 2.7884438 ,\n        2.06343723],\n       [2.50578074, 5.04854069, 5.62764544, 2.00854735, 2.78823694,\n        2.06354855],\n       [2.50621697, 5.04863801, 5.62805598, 2.00900309, 2.78796453,\n        2.06307133],\n       [2.50608071, 5.04855134, 5.6280612 , 2.00900317, 2.78855884,\n        2.0637804 ]]), array([0.1748266 , 0.17482661, 0.17482662, 0.17482663, 0.17482664,\n       0.17482665, 0.17482665]))"}, "7": {"maxiter": 500, "fatol": 1e-10, "xatol": 1e-10, "duration": 0.13256287574768066, "fun": "0.1748265992157857", "nit": "500", "nfev": "773", "status": "2", "success": "False", "message": "Maximum number of iterations has been exceeded.", "x": "[2.50607622 5.04942034 5.62899679 2.0094307  2.78850552 2.06339517]", "final_simplex": "(array([[2.50607622, 5.04942034, 5.62899679, 2.0094307 , 2.78850552,\n        2.06339517],\n       [2.5059839 , 5.04893801, 5.6283839 , 2.00894175, 2.78830928,\n        2.0636442 ],\n       [2.50619968, 5.04928042, 5.6283069 , 2.00881572, 2.78800846,\n        2.0632193 ],\n       [2.50636264, 5.04917406, 5.62875279, 2.00855003, 2.7884438 ,\n        2.06343723],\n       [2.50578074, 5.04854069, 5.62764544, 2.00854735, 2.78823694,\n        2.06354855],\n       [2.50621697, 5.04863801, 5.62805598, 2.00900309, 2.78796453,\n        2.06307133],\n       [2.50608071, 5.04855134, 5.6280612 , 2.00900317, 2.78855884,\n        2.0637804 ]]), array([0.1748266 , 0.17482661, 0.17482662, 0.17482663, 0.17482664,\n       0.17482665, 0.17482665]))"}, "8": {"maxiter": 1000, "fatol": 1e-05, "xatol": 1e-05, "duration": 0.16232800483703613, "fun": "0.17482658346659707", "nit": "599", "nfev": "931", "status": "0", "success": "True", "message": "Optimization terminated successfully.", "x": "[2.50596227 5.04933378 5.62873108 2.00900611 2.78831933 2.06335478]", "final_simplex": "(array([[2.50596227, 5.04933378, 5.62873108, 2.00900611, 2.78831933,\n        2.06335478],\n       [2.5059623 , 5.04933833, 5.6287379 , 2.00900845, 2.78831977,\n        2.06335457],\n       [2.50596168, 5.04933466, 5.62873322, 2.00900765, 2.78831831,\n        2.06335403],\n       [2.50596259, 5.04933826, 5.62873653, 2.00900654, 2.78831768,\n        2.06335446],\n       [2.50596132, 5.04933886, 5.62873681, 2.00901085, 2.78831943,\n        2.06335342],\n       [2.50596197, 5.04933275, 5.62873018, 2.00900079, 2.78831599,\n        2.06335275],\n       [2.50596135, 5.04933643, 5.62873316, 2.00900321, 2.78831823,\n        2.06335451]]), array([0.17482658, 0.17482658, 0.17482658, 0.17482658, 0.17482658,\n       0.17482658, 0.17482658]))"}, "9": {"maxiter": 1000, "fatol": 1e-05, "xatol": 1e-10, "duration": 0.20003724098205566, "fun": "0.17482658346295132", "nit": "705", "nfev": "1160", "status": "0", "success": "True", "message": "Optimization terminated successfully.", "x": "[2.50596551 5.04933388 5.62873005 2.00900529 2.78831885 2.06335235]", "final_simplex": "(array([[2.50596551, 5.04933388, 5.62873005, 2.00900529, 2.78831885,\n        2.06335235],\n       [2.50596551, 5.04933388, 5.62873005, 2.00900529, 2.78831885,\n        2.06335235],\n       [2.50596551, 5.04933388, 5.62873005, 2.00900529, 2.78831885,\n        2.06335235],\n       [2.50596551, 5.04933388, 5.62873005, 2.00900529, 2.78831885,\n        2.06335235],\n       [2.50596551, 5.04933388, 5.62873005, 2.00900529, 2.78831885,\n        2.06335235],\n       [2.50596551, 5.04933388, 5.62873005, 2.00900529, 2.78831885,\n        2.06335235],\n       [2.50596551, 5.04933388, 5.62873005, 2.00900529, 2.78831885,\n        2.06335235]]), array([0.17482658, 0.17482658, 0.17482658, 0.17482658, 0.17482658,\n       0.17482658, 0.17482658]))"}, "10": {"maxiter": 1000, "fatol": 1e-10, "xatol": 1e-05, "duration": 0.16524314880371094, "fun": "0.17482658346659707", "nit": "599", "nfev": "931", "status": "0", "success": "True", "message": "Optimization terminated successfully.", "x": "[2.50596227 5.04933378 5.62873108 2.00900611 2.78831933 2.06335478]", "final_simplex": "(array([[2.50596227, 5.04933378, 5.62873108, 2.00900611, 2.78831933,\n        2.06335478],\n       [2.5059623 , 5.04933833, 5.6287379 , 2.00900845, 2.78831977,\n        2.06335457],\n       [2.50596168, 5.04933466, 5.62873322, 2.00900765, 2.78831831,\n        2.06335403],\n       [2.50596259, 5.04933826, 5.62873653, 2.00900654, 2.78831768,\n        2.06335446],\n       [2.50596132, 5.04933886, 5.62873681, 2.00901085, 2.78831943,\n        2.06335342],\n       [2.50596197, 5.04933275, 5.62873018, 2.00900079, 2.78831599,\n        2.06335275],\n       [2.50596135, 5.04933643, 5.62873316, 2.00900321, 2.78831823,\n        2.06335451]]), array([0.17482658, 0.17482658, 0.17482658, 0.17482658, 0.17482658,\n       0.17482658, 0.17482658]))"}, "11": {"maxiter": 1000, "fatol": 1e-10, "xatol": 1e-10, "duration": 0.19994330406188965, "fun": "0.17482658346295132", "nit": "705", "nfev": "1160", "status": "0", "success": "True", "message": "Optimization terminated successfully.", "x": "[2.50596551 5.04933388 5.62873005 2.00900529 2.78831885 2.06335235]", "final_simplex": "(array([[2.50596551, 5.04933388, 5.62873005, 2.00900529, 2.78831885,\n        2.06335235],\n       [2.50596551, 5.04933388, 5.62873005, 2.00900529, 2.78831885,\n        2.06335235],\n       [2.50596551, 5.04933388, 5.62873005, 2.00900529, 2.78831885,\n        2.06335235],\n       [2.50596551, 5.04933388, 5.62873005, 2.00900529, 2.78831885,\n        2.06335235],\n       [2.50596551, 5.04933388, 5.62873005, 2.00900529, 2.78831885,\n        2.06335235],\n       [2.50596551, 5.04933388, 5.62873005, 2.00900529, 2.78831885,\n        2.06335235],\n       [2.50596551, 5.04933388, 5.62873005, 2.00900529, 2.78831885,\n        2.06335235]]), array([0.17482658, 0.17482658, 0.17482658, 0.17482658, 0.17482658,\n       0.17482658, 0.17482658]))"}}, "bfgs": {"type": "gradient", "0": {"maxiter": 100, "gtol": 1e-05, "xrtol": 1e-05, "eps": 1e-05, "duration": 0.04875588417053223, "fun": "0.17482658361232417", "jac": "[-1.53910218e-07 -8.46878123e-08  3.26927374e-07 -3.73556741e-07\n -9.33730870e-07  2.10331752e-07]", "hess_inv": "[[ 2.5847966   0.34558065  0.10330569  0.3334924  -0.39136042 -0.55096265]\n [ 0.34558065 12.25682639 13.14745892  6.21606915  1.42033791  0.57139062]\n [ 0.10330569 13.14745892 18.42064299  8.21646828  2.73550375  0.97612955]\n [ 0.3334924   6.21606915  8.21646828  9.29413011  2.0169069   0.62703578]\n [-0.39136042  1.42033791  2.73550375  2.0169069   3.69677362  1.58294823]\n [-0.55096265  0.57139062  0.97612955  0.62703578  1.58294823  3.15210558]]", "nfev": "266", "njev": "38", "status": "0", "success": "True", "message": "Optimization terminated successfully.", "x": "[-2.5059701   1.90769317  2.48707349 -4.2742203   2.78829606  2.06333779]", "nit": "27"}, "1": {"maxiter": 100, "gtol": 1e-05, "xrtol": 1e-05, "eps": 1e-10, "duration": 0.04716777801513672, "fun": "0.17482658352829805", "jac": "[ 1.11022293e-06 -1.11022293e-06  5.55111466e-06 -3.33066880e-06\n  0.00000000e+00  3.33066880e-06]", "hess_inv": "[[ 2.56684324  0.37438639  0.14288775  0.2861705  -0.39300828 -0.5648364 ]\n [ 0.37438639 11.64659803 12.39075629  5.89608021  1.35818132  0.57778613]\n [ 0.14288775 12.39075629 17.48263216  7.8200947   2.65504337  0.98286697]\n [ 0.2861705   5.89608021  7.8200947   9.25345373  1.97344143  0.64878473]\n [-0.39300828  1.35818132  2.65504337  1.97344143  3.67722203  1.57987554]\n [-0.5648364   0.57778613  0.98286697  0.64878473  1.57987554  3.15393852]]", "nfev": "266", "njev": "38", "status": "0", "success": "True", "message": "Optimization terminated successfully.", "x": "[-2.50596505  1.90775768  2.48715966 -4.27419439  2.78831539  2.06335251]", "nit": "27"}, "2": {"maxiter": 100, "gtol": 1e-05, "xrtol": 1e-10, "eps": 1e-05, "duration": 0.04657578468322754, "fun": "0.17482658361232417", "jac": "[-1.53910218e-07 -8.46878123e-08  3.26927374e-07 -3.73556741e-07\n -9.33730870e-07  2.10331752e-07]", "hess_inv": "[[ 2.5847966   0.34558065  0.10330569  0.3334924  -0.39136042 -0.55096265]\n [ 0.34558065 12.25682639 13.14745892  6.21606915  1.42033791  0.57139062]\n [ 0.10330569 13.14745892 18.42064299  8.21646828  2.73550375  0.97612955]\n [ 0.3334924   6.21606915  8.21646828  9.29413011  2.0169069   0.62703578]\n [-0.39136042  1.42033791  2.73550375  2.0169069   3.69677362  1.58294823]\n [-0.55096265  0.57139062  0.97612955  0.62703578  1.58294823  3.15210558]]", "nfev": "266", "njev": "38", "status": "0", "success": "True", "message": "Optimization terminated successfully.", "x": "[-2.5059701   1.90769317  2.48707349 -4.2742203   2.78829606  2.06333779]", "nit": "27"}, "3": {"maxiter": 100, "gtol": 1e-05, "xrtol": 1e-10, "eps": 1e-10, "duration": 0.04630684852600098, "fun": "0.17482658352829805", "jac": "[ 1.11022293e-06 -1.11022293e-06  5.55111466e-06 -3.33066880e-06\n  0.00000000e+00  3.33066880e-06]", "hess_inv": "[[ 2.56684324  0.37438639  0.14288775  0.2861705  -0.39300828 -0.5648364 ]\n [ 0.37438639 11.64659803 12.39075629  5.89608021  1.35818132  0.57778613]\n [ 0.14288775 12.39075629 17.48263216  7.8200947   2.65504337  0.98286697]\n [ 0.2861705   5.89608021  7.8200947   9.25345373  1.97344143  0.64878473]\n [-0.39300828  1.35818132  2.65504337  1.97344143  3.67722203  1.57987554]\n [-0.5648364   0.57778613  0.98286697  0.64878473  1.57987554  3.15393852]]", "nfev": "266", "njev": "38", "status": "0", "success": "True", "message": "Optimization terminated successfully.", "x": "[-2.50596505  1.90775768  2.48715966 -4.27419439  2.78831539  2.06335251]", "nit": "27"}, "4": {"maxiter": 100, "gtol": 1e-10, "xrtol": 1e-05, "eps": 1e-05, "duration": 0.046018123626708984, "fun": "0.17482658361232417", "jac": "[-1.53910218e-07 -8.46878123e-08  3.26927374e-07 -3.73556741e-07\n -9.33730870e-07  2.10331752e-07]", "hess_inv": "[[ 2.5847966   0.34558065  0.10330569  0.3334924  -0.39136042 -0.55096265]\n [ 0.34558065 12.25682639 13.14745892  6.21606915  1.42033791  0.57139062]\n [ 0.10330569 13.14745892 18.42064299  8.21646828  2.73550375  0.97612955]\n [ 0.3334924   6.21606915  8.21646828  9.29413011  2.0169069   0.62703578]\n [-0.39136042  1.42033791  2.73550375  2.0169069   3.69677362  1.58294823]\n [-0.55096265  0.57139062  0.97612955  0.62703578  1.58294823  3.15210558]]", "nfev": "266", "njev": "38", "status": "0", "success": "True", "message": "Optimization terminated successfully.", "x": "[-2.5059701   1.90769317  2.48707349 -4.2742203   2.78829606  2.06333779]", "nit": "27"}, "5": {"maxiter": 100, "gtol": 1e-10, "xrtol": 1e-05, "eps": 1e-10, "duration": 0.0475771427154541, "fun": "0.17482658350014868", "jac": "[ 4.44089173e-06  2.22044587e-06 -1.11022293e-06  0.00000000e+00\n  3.33066880e-06 -4.44089173e-06]", "hess_inv": "[[ 2.72095214 -0.08496306 -0.68347761  0.33389423 -0.29455301 -0.77667757]\n [-0.08496306  9.69078915  9.59888766  5.05067251  0.12457509  0.11515717]\n [-0.68347761  9.59888766 13.60846921  6.45287639  0.64124799  0.38968825]\n [ 0.33389423  5.05067251  6.45287639  9.11953052  1.80511179  0.35181389]\n [-0.29455301  0.12457509  0.64124799  1.80511179  3.47429568  1.13519037]\n [-0.77667757  0.11515717  0.38968825  0.35181389  1.13519037  3.08514769]]", "nfev": "273", "njev": "39", "status": "0", "success": "True", "message": "Optimization terminated successfully.", "x": "[-2.50596067  1.90773169  2.48711573 -4.27419577  2.78831453  2.06334224]", "nit": "28"}, "6": {"maxiter": 100, "gtol": 1e-10, "xrtol": 1e-10, "eps": 1e-05, "duration": 0.050872087478637695, "fun": "0.17482658359720038", "jac": "[ 0.00000000e+00 -2.22044605e-11 -1.11022302e-11 -1.11022302e-11\n  2.22044605e-11 -1.11022302e-11]", "hess_inv": "[[ 2.50425289  0.44501006  0.16841844  0.44350175 -0.38136369 -0.54699578]\n [ 0.44501006 12.1515372  13.1710823   6.19659953  1.49728633  0.62254077]\n [ 0.16841844 13.1710823  19.19312762  8.63901628  3.07430657  1.39867899]\n [ 0.44350175  6.19659953  8.63901628  9.66595322  2.40437297  0.90639601]\n [-0.38136369  1.49728633  3.07430657  2.40437297  4.00983063  1.77958025]\n [-0.54699578  0.62254077  1.39867899  0.90639601  1.77958025  3.37228134]]", "nfev": "294", "njev": "42", "status": "0", "success": "True", "message": "Optimization terminated successfully.", "x": "[-2.5059698   1.90769353  2.4870741  -4.27421688  2.78829939  2.06333856]", "nit": "31"}, "7": {"maxiter": 100, "gtol": 1e-10, "xrtol": 1e-10, "eps": 1e-10, "duration": 0.06508803367614746, "fun": "0.17482658349803293", "jac": "[ 3.33066880e-06  3.33066880e-06 -1.11022293e-06 -1.11022293e-06\n  1.11022293e-06  1.11022293e-06]", "hess_inv": "[[ 4.06540942  7.82560302  7.76652642  2.61096122 -0.97706495 -1.47393259]\n [ 7.82560302 33.13886278 34.41971161 13.59104871  0.98330609 -4.91171293]\n [ 7.76652642 34.41971161 39.60662536 15.56424242  1.44055951 -5.09188844]\n [ 2.61096122 13.59104871 15.56424242 11.94970051  1.69643931 -1.00979395]\n [-0.97706495  0.98330609  1.44055951  1.69643931  2.69080071  1.62142121]\n [-1.47393259 -4.91171293 -5.09188844 -1.00979395  1.62142121  3.37077575]]", "nfev": "371", "njev": "53", "status": "0", "success": "True", "message": "Optimization terminated successfully.", "x": "[-2.5059661   1.90772169  2.48710472 -4.27420027  2.78831232  2.06334572]", "nit": "30"}, "8": {"maxiter": 500, "gtol": 1e-05, "xrtol": 1e-05, "eps": 1e-05, "duration": 0.047573089599609375, "fun": "0.17482658361232417", "jac": "[-1.53910218e-07 -8.46878123e-08  3.26927374e-07 -3.73556741e-07\n -9.33730870e-07  2.10331752e-07]", "hess_inv": "[[ 2.5847966   0.34558065  0.10330569  0.3334924  -0.39136042 -0.55096265]\n [ 0.34558065 12.25682639 13.14745892  6.21606915  1.42033791  0.57139062]\n [ 0.10330569 13.14745892 18.42064299  8.21646828  2.73550375  0.97612955]\n [ 0.3334924   6.21606915  8.21646828  9.29413011  2.0169069   0.62703578]\n [-0.39136042  1.42033791  2.73550375  2.0169069   3.69677362  1.58294823]\n [-0.55096265  0.57139062  0.97612955  0.62703578  1.58294823  3.15210558]]", "nfev": "266", "njev": "38", "status": "0", "success": "True", "message": "Optimization terminated successfully.", "x": "[-2.5059701   1.90769317  2.48707349 -4.2742203   2.78829606  2.06333779]", "nit": "27"}, "9": {"maxiter": 500, "gtol": 1e-05, "xrtol": 1e-05, "eps": 1e-10, "duration": 0.0466609001159668, "fun": "0.17482658352829805", "jac": "[ 1.11022293e-06 -1.11022293e-06  5.55111466e-06 -3.33066880e-06\n  0.00000000e+00  3.33066880e-06]", "hess_inv": "[[ 2.56684324  0.37438639  0.14288775  0.2861705  -0.39300828 -0.5648364 ]\n [ 0.37438639 11.64659803 12.39075629  5.89608021  1.35818132  0.57778613]\n [ 0.14288775 12.39075629 17.48263216  7.8200947   2.65504337  0.98286697]\n [ 0.2861705   5.89608021  7.8200947   9.25345373  1.97344143  0.64878473]\n [-0.39300828  1.35818132  2.65504337  1.97344143  3.67722203  1.57987554]\n [-0.5648364   0.57778613  0.98286697  0.64878473  1.57987554  3.15393852]]", "nfev": "266", "njev": "38", "status": "0", "success": "True", "message": "Optimization terminated successfully.", "x": "[-2.50596505  1.90775768  2.48715966 -4.27419439  2.78831539  2.06335251]", "nit": "27"}, "10": {"maxiter": 500, "gtol": 1e-05, "xrtol": 1e-10, "eps": 1e-05, "duration": 0.04720187187194824, "fun": "0.17482658361232417", "jac": "[-1.53910218e-07 -8.46878123e-08  3.26927374e-07 -3.73556741e-07\n -9.33730870e-07  2.10331752e-07]", "hess_inv": "[[ 2.5847966   0.34558065  0.10330569  0.3334924  -0.39136042 -0.55096265]\n [ 0.34558065 12.25682639 13.14745892  6.21606915  1.42033791  0.57139062]\n [ 0.10330569 13.14745892 18.42064299  8.21646828  2.73550375  0.97612955]\n [ 0.3334924   6.21606915  8.21646828  9.29413011  2.0169069   0.62703578]\n [-0.39136042  1.42033791  2.73550375  2.0169069   3.69677362  1.58294823]\n [-0.55096265  0.57139062  0.97612955  0.62703578  1.58294823  3.15210558]]", "nfev": "266", "njev": "38", "status": "0", "success": "True", "message": "Optimization terminated successfully.", "x": "[-2.5059701   1.90769317  2.48707349 -4.2742203   2.78829606  2.06333779]", "nit": "27"}, "11": {"maxiter": 500, "gtol": 1e-05, "xrtol": 1e-10, "eps": 1e-10, "duration": 0.04616975784301758, "fun": "0.17482658352829805", "jac": "[ 1.11022293e-06 -1.11022293e-06  5.55111466e-06 -3.33066880e-06\n  0.00000000e+00  3.33066880e-06]", "hess_inv": "[[ 2.56684324  0.37438639  0.14288775  0.2861705  -0.39300828 -0.5648364 ]\n [ 0.37438639 11.64659803 12.39075629  5.89608021  1.35818132  0.57778613]\n [ 0.14288775 12.39075629 17.48263216  7.8200947   2.65504337  0.98286697]\n [ 0.2861705   5.89608021  7.8200947   9.25345373  1.97344143  0.64878473]\n [-0.39300828  1.35818132  2.65504337  1.97344143  3.67722203  1.57987554]\n [-0.5648364   0.57778613  0.98286697  0.64878473  1.57987554  3.15393852]]", "nfev": "266", "njev": "38", "status": "0", "success": "True", "message": "Optimization terminated successfully.", "x": "[-2.50596505  1.90775768  2.48715966 -4.27419439  2.78831539  2.06335251]", "nit": "27"}, "12": {"maxiter": 500, "gtol": 1e-10, "xrtol": 1e-05, "eps": 1e-05, "duration": 0.04634499549865723, "fun": "0.17482658361232417", "jac": "[-1.53910218e-07 -8.46878123e-08  3.26927374e-07 -3.73556741e-07\n -9.33730870e-07  2.10331752e-07]", "hess_inv": "[[ 2.5847966   0.34558065  0.10330569  0.3334924  -0.39136042 -0.55096265]\n [ 0.34558065 12.25682639 13.14745892  6.21606915  1.42033791  0.57139062]\n [ 0.10330569 13.14745892 18.42064299  8.21646828  2.73550375  0.97612955]\n [ 0.3334924   6.21606915  8.21646828  9.29413011  2.0169069   0.62703578]\n [-0.39136042  1.42033791  2.73550375  2.0169069   3.69677362  1.58294823]\n [-0.55096265  0.57139062  0.97612955  0.62703578  1.58294823  3.15210558]]", "nfev": "266", "njev": "38", "status": "0", "success": "True", "message": "Optimization terminated successfully.", "x": "[-2.5059701   1.90769317  2.48707349 -4.2742203   2.78829606  2.06333779]", "nit": "27"}, "13": {"maxiter": 500, "gtol": 1e-10, "xrtol": 1e-05, "eps": 1e-10, "duration": 0.049497127532958984, "fun": "0.17482658350014868", "jac": "[ 4.44089173e-06  2.22044587e-06 -1.11022293e-06  0.00000000e+00\n  3.33066880e-06 -4.44089173e-06]", "hess_inv": "[[ 2.72095214 -0.08496306 -0.68347761  0.33389423 -0.29455301 -0.77667757]\n [-0.08496306  9.69078915  9.59888766  5.05067251  0.12457509  0.11515717]\n [-0.68347761  9.59888766 13.60846921  6.45287639  0.64124799  0.38968825]\n [ 0.33389423  5.05067251  6.45287639  9.11953052  1.80511179  0.35181389]\n [-0.29455301  0.12457509  0.64124799  1.80511179  3.47429568  1.13519037]\n [-0.77667757  0.11515717  0.38968825  0.35181389  1.13519037  3.08514769]]", "nfev": "273", "njev": "39", "status": "0", "success": "True", "message": "Optimization terminated successfully.", "x": "[-2.50596067  1.90773169  2.48711573 -4.27419577  2.78831453  2.06334224]", "nit": "28"}, "14": {"maxiter": 500, "gtol": 1e-10, "xrtol": 1e-10, "eps": 1e-05, "duration": 0.05185079574584961, "fun": "0.17482658359720038", "jac": "[ 0.00000000e+00 -2.22044605e-11 -1.11022302e-11 -1.11022302e-11\n  2.22044605e-11 -1.11022302e-11]", "hess_inv": "[[ 2.50425289  0.44501006  0.16841844  0.44350175 -0.38136369 -0.54699578]\n [ 0.44501006 12.1515372  13.1710823   6.19659953  1.49728633  0.62254077]\n [ 0.16841844 13.1710823  19.19312762  8.63901628  3.07430657  1.39867899]\n [ 0.44350175  6.19659953  8.63901628  9.66595322  2.40437297  0.90639601]\n [-0.38136369  1.49728633  3.07430657  2.40437297  4.00983063  1.77958025]\n [-0.54699578  0.62254077  1.39867899  0.90639601  1.77958025  3.37228134]]", "nfev": "294", "njev": "42", "status": "0", "success": "True", "message": "Optimization terminated successfully.", "x": "[-2.5059698   1.90769353  2.4870741  -4.27421688  2.78829939  2.06333856]", "nit": "31"}, "15": {"maxiter": 500, "gtol": 1e-10, "xrtol": 1e-10, "eps": 1e-10, "duration": 0.06434011459350586, "fun": "0.17482658349803293", "jac": "[ 3.33066880e-06  3.33066880e-06 -1.11022293e-06 -1.11022293e-06\n  1.11022293e-06  1.11022293e-06]", "hess_inv": "[[ 4.06540942  7.82560302  7.76652642  2.61096122 -0.97706495 -1.47393259]\n [ 7.82560302 33.13886278 34.41971161 13.59104871  0.98330609 -4.91171293]\n [ 7.76652642 34.41971161 39.60662536 15.56424242  1.44055951 -5.09188844]\n [ 2.61096122 13.59104871 15.56424242 11.94970051  1.69643931 -1.00979395]\n [-0.97706495  0.98330609  1.44055951  1.69643931  2.69080071  1.62142121]\n [-1.47393259 -4.91171293 -5.09188844 -1.00979395  1.62142121  3.37077575]]", "nfev": "371", "njev": "53", "status": "0", "success": "True", "message": "Optimization terminated successfully.", "x": "[-2.5059661   1.90772169  2.48710472 -4.27420027  2.78831232  2.06334572]", "nit": "30"}, "16": {"maxiter": 1000, "gtol": 1e-05, "xrtol": 1e-05, "eps": 1e-05, "duration": 0.0478053092956543, "fun": "0.17482658361232417", "jac": "[-1.53910218e-07 -8.46878123e-08  3.26927374e-07 -3.73556741e-07\n -9.33730870e-07  2.10331752e-07]", "hess_inv": "[[ 2.5847966   0.34558065  0.10330569  0.3334924  -0.39136042 -0.55096265]\n [ 0.34558065 12.25682639 13.14745892  6.21606915  1.42033791  0.57139062]\n [ 0.10330569 13.14745892 18.42064299  8.21646828  2.73550375  0.97612955]\n [ 0.3334924   6.21606915  8.21646828  9.29413011  2.0169069   0.62703578]\n [-0.39136042  1.42033791  2.73550375  2.0169069   3.69677362  1.58294823]\n [-0.55096265  0.57139062  0.97612955  0.62703578  1.58294823  3.15210558]]", "nfev": "266", "njev": "38", "status": "0", "success": "True", "message": "Optimization terminated successfully.", "x": "[-2.5059701   1.90769317  2.48707349 -4.2742203   2.78829606  2.06333779]", "nit": "27"}, "17": {"maxiter": 1000, "gtol": 1e-05, "xrtol": 1e-05, "eps": 1e-10, "duration": 0.04594612121582031, "fun": "0.17482658352829805", "jac": "[ 1.11022293e-06 -1.11022293e-06  5.55111466e-06 -3.33066880e-06\n  0.00000000e+00  3.33066880e-06]", "hess_inv": "[[ 2.56684324  0.37438639  0.14288775  0.2861705  -0.39300828 -0.5648364 ]\n [ 0.37438639 11.64659803 12.39075629  5.89608021  1.35818132  0.57778613]\n [ 0.14288775 12.39075629 17.48263216  7.8200947   2.65504337  0.98286697]\n [ 0.2861705   5.89608021  7.8200947   9.25345373  1.97344143  0.64878473]\n [-0.39300828  1.35818132  2.65504337  1.97344143  3.67722203  1.57987554]\n [-0.5648364   0.57778613  0.98286697  0.64878473  1.57987554  3.15393852]]", "nfev": "266", "njev": "38", "status": "0", "success": "True", "message": "Optimization terminated successfully.", "x": "[-2.50596505  1.90775768  2.48715966 -4.27419439  2.78831539  2.06335251]", "nit": "27"}, "18": {"maxiter": 1000, "gtol": 1e-05, "xrtol": 1e-10, "eps": 1e-05, "duration": 0.04716205596923828, "fun": "0.17482658361232417", "jac": "[-1.53910218e-07 -8.46878123e-08  3.26927374e-07 -3.73556741e-07\n -9.33730870e-07  2.10331752e-07]", "hess_inv": "[[ 2.5847966   0.34558065  0.10330569  0.3334924  -0.39136042 -0.55096265]\n [ 0.34558065 12.25682639 13.14745892  6.21606915  1.42033791  0.57139062]\n [ 0.10330569 13.14745892 18.42064299  8.21646828  2.73550375  0.97612955]\n [ 0.3334924   6.21606915  8.21646828  9.29413011  2.0169069   0.62703578]\n [-0.39136042  1.42033791  2.73550375  2.0169069   3.69677362  1.58294823]\n [-0.55096265  0.57139062  0.97612955  0.62703578  1.58294823  3.15210558]]", "nfev": "266", "njev": "38", "status": "0", "success": "True", "message": "Optimization terminated successfully.", "x": "[-2.5059701   1.90769317  2.48707349 -4.2742203   2.78829606  2.06333779]", "nit": "27"}, "19": {"maxiter": 1000, "gtol": 1e-05, "xrtol": 1e-10, "eps": 1e-10, "duration": 0.04753398895263672, "fun": "0.17482658352829805", "jac": "[ 1.11022293e-06 -1.11022293e-06  5.55111466e-06 -3.33066880e-06\n  0.00000000e+00  3.33066880e-06]", "hess_inv": "[[ 2.56684324  0.37438639  0.14288775  0.2861705  -0.39300828 -0.5648364 ]\n [ 0.37438639 11.64659803 12.39075629  5.89608021  1.35818132  0.57778613]\n [ 0.14288775 12.39075629 17.48263216  7.8200947   2.65504337  0.98286697]\n [ 0.2861705   5.89608021  7.8200947   9.25345373  1.97344143  0.64878473]\n [-0.39300828  1.35818132  2.65504337  1.97344143  3.67722203  1.57987554]\n [-0.5648364   0.57778613  0.98286697  0.64878473  1.57987554  3.15393852]]", "nfev": "266", "njev": "38", "status": "0", "success": "True", "message": "Optimization terminated successfully.", "x": "[-2.50596505  1.90775768  2.48715966 -4.27419439  2.78831539  2.06335251]", "nit": "27"}, "20": {"maxiter": 1000, "gtol": 1e-10, "xrtol": 1e-05, "eps": 1e-05, "duration": 0.048442840576171875, "fun": "0.17482658361232417", "jac": "[-1.53910218e-07 -8.46878123e-08  3.26927374e-07 -3.73556741e-07\n -9.33730870e-07  2.10331752e-07]", "hess_inv": "[[ 2.5847966   0.34558065  0.10330569  0.3334924  -0.39136042 -0.55096265]\n [ 0.34558065 12.25682639 13.14745892  6.21606915  1.42033791  0.57139062]\n [ 0.10330569 13.14745892 18.42064299  8.21646828  2.73550375  0.97612955]\n [ 0.3334924   6.21606915  8.21646828  9.29413011  2.0169069   0.62703578]\n [-0.39136042  1.42033791  2.73550375  2.0169069   3.69677362  1.58294823]\n [-0.55096265  0.57139062  0.97612955  0.62703578  1.58294823  3.15210558]]", "nfev": "266", "njev": "38", "status": "0", "success": "True", "message": "Optimization terminated successfully.", "x": "[-2.5059701   1.90769317  2.48707349 -4.2742203   2.78829606  2.06333779]", "nit": "27"}, "21": {"maxiter": 1000, "gtol": 1e-10, "xrtol": 1e-05, "eps": 1e-10, "duration": 0.0475461483001709, "fun": "0.17482658350014868", "jac": "[ 4.44089173e-06  2.22044587e-06 -1.11022293e-06  0.00000000e+00\n  3.33066880e-06 -4.44089173e-06]", "hess_inv": "[[ 2.72095214 -0.08496306 -0.68347761  0.33389423 -0.29455301 -0.77667757]\n [-0.08496306  9.69078915  9.59888766  5.05067251  0.12457509  0.11515717]\n [-0.68347761  9.59888766 13.60846921  6.45287639  0.64124799  0.38968825]\n [ 0.33389423  5.05067251  6.45287639  9.11953052  1.80511179  0.35181389]\n [-0.29455301  0.12457509  0.64124799  1.80511179  3.47429568  1.13519037]\n [-0.77667757  0.11515717  0.38968825  0.35181389  1.13519037  3.08514769]]", "nfev": "273", "njev": "39", "status": "0", "success": "True", "message": "Optimization terminated successfully.", "x": "[-2.50596067  1.90773169  2.48711573 -4.27419577  2.78831453  2.06334224]", "nit": "28"}, "22": {"maxiter": 1000, "gtol": 1e-10, "xrtol": 1e-10, "eps": 1e-05, "duration": 0.05244636535644531, "fun": "0.17482658359720038", "jac": "[ 0.00000000e+00 -2.22044605e-11 -1.11022302e-11 -1.11022302e-11\n  2.22044605e-11 -1.11022302e-11]", "hess_inv": "[[ 2.50425289  0.44501006  0.16841844  0.44350175 -0.38136369 -0.54699578]\n [ 0.44501006 12.1515372  13.1710823   6.19659953  1.49728633  0.62254077]\n [ 0.16841844 13.1710823  19.19312762  8.63901628  3.07430657  1.39867899]\n [ 0.44350175  6.19659953  8.63901628  9.66595322  2.40437297  0.90639601]\n [-0.38136369  1.49728633  3.07430657  2.40437297  4.00983063  1.77958025]\n [-0.54699578  0.62254077  1.39867899  0.90639601  1.77958025  3.37228134]]", "nfev": "294", "njev": "42", "status": "0", "success": "True", "message": "Optimization terminated successfully.", "x": "[-2.5059698   1.90769353  2.4870741  -4.27421688  2.78829939  2.06333856]", "nit": "31"}, "23": {"maxiter": 1000, "gtol": 1e-10, "xrtol": 1e-10, "eps": 1e-10, "duration": 0.06673502922058105, "fun": "0.17482658349803293", "jac": "[ 3.33066880e-06  3.33066880e-06 -1.11022293e-06 -1.11022293e-06\n  1.11022293e-06  1.11022293e-06]", "hess_inv": "[[ 4.06540942  7.82560302  7.76652642  2.61096122 -0.97706495 -1.47393259]\n [ 7.82560302 33.13886278 34.41971161 13.59104871  0.98330609 -4.91171293]\n [ 7.76652642 34.41971161 39.60662536 15.56424242  1.44055951 -5.09188844]\n [ 2.61096122 13.59104871 15.56424242 11.94970051  1.69643931 -1.00979395]\n [-0.97706495  0.98330609  1.44055951  1.69643931  2.69080071  1.62142121]\n [-1.47393259 -4.91171293 -5.09188844 -1.00979395  1.62142121  3.37077575]]", "nfev": "371", "njev": "53", "status": "0", "success": "True", "message": "Optimization terminated successfully.", "x": "[-2.5059661   1.90772169  2.48710472 -4.27420027  2.78831232  2.06334572]", "nit": "30"}}, "cobyla": {"0": {"maxiter": 100, "tol": 1e-05, "catol": 1e-05, "duration": 0.01684093475341797, "x": "[2.49592159 5.27877365 5.93568945 2.18531479 2.85418313 2.10879169]", "status": "2", "success": "False", "message": "Maximum number of function evaluations has been exceeded.", "nfev": "100", "fun": "0.17751553853303825", "maxcv": "0.0"}, "1": {"maxiter": 100, "tol": 1e-05, "catol": 1e-10, "duration": 0.016766071319580078, "x": "[2.49592159 5.27877365 5.93568945 2.18531479 2.85418313 2.10879169]", "status": "2", "success": "False", "message": "Maximum number of function evaluations has been exceeded.", "nfev": "100", "fun": "0.17751553853303825", "maxcv": "0.0"}, "2": {"maxiter": 100, "tol": 1e-10, "catol": 1e-05, "duration": 0.016546010971069336, "x": "[2.49592159 5.27877365 5.93568945 2.18531479 2.85418313 2.10879169]", "status": "2", "success": "False", "message": "Maximum number of function evaluations has been exceeded.", "nfev": "100", "fun": "0.17751553853303825", "maxcv": "0.0"}, "3": {"maxiter": 100, "tol": 1e-10, "catol": 1e-10, "duration": 0.016452789306640625, "x": "[2.49592159 5.27877365 5.93568945 2.18531479 2.85418313 2.10879169]", "status": "2", "success": "False", "message": "Maximum number of function evaluations has been exceeded.", "nfev": "100", "fun": "0.17751553853303825", "maxcv": "0.0"}, "4": {"maxiter": 500, "tol": 1e-05, "catol": 1e-05, "duration": 0.08411908149719238, "x": "[2.50596691 5.04941216 5.62882123 2.00905826 2.78833901 2.06335645]", "status": "1", "success": "True", "message": "Optimization terminated successfully.", "nfev": "481", "fun": "0.17482658374667615", "maxcv": "0.0"}, "5": {"maxiter": 500, "tol": 1e-05, "catol": 1e-10, "duration": 0.08174705505371094, "x": "[2.50596691 5.04941216 5.62882123 2.00905826 2.78833901 2.06335645]", "status": "1", "success": "True", "message": "Optimization terminated successfully.", "nfev": "481", "fun": "0.17482658374667615", "maxcv": "0.0"}, "6": {"maxiter": 500, "tol": 1e-10, "catol": 1e-05, "duration": 0.08501