{"date": "2024/07/19/, 08:35:37", "conf_id": 167, "data_type": "non_lin_ind\n", "num_data_points": 1, "s_rank": 0, "unitary": "[[0.18663085-0.53122324j,-0.11886349-0.70040876j,0.28555095-0.02789305j,-0.12262021-0.2844587j],[-0.16702216+0.27758472j,0.27526351-0.29738586j,-0.01109314+0.22495461j,-0.77239203+0.28900673j],[0.61935415+0.12301792j,-0.31269928-0.03315917j,-0.61902762-0.19039079j,-0.27120731-0.0968989j],[0.42341754+0.0023929j,-0.05847358+0.47832119j,0.64900495-0.16218422j,-0.37182676-0.05229966j]]", "databatch_0": {"databatch": "[[[0.06080709-0.01964038j,0.08666177+0.09264053j,0.19105309+0.04884766j,0.03747748+0.11393736j],[0.05204411-0.01700207j,0.01861167+0.06454953j,0.20976579+0.36025019j,-0.08438444-0.18700975j],[0.00743323+0.10638014j,-0.12563086+0.14282782j,-0.0801968-0.10000773j,-0.17868537+0.39354595j],[-0.08842585-0.04417635j,-0.08755148-0.15563196j,0.24971912+0.12543318j,-0.38544781-0.42900977j]]]", "initial param values": "[2.64376013,5.75755697,3.12559663,2.08536719,1.33863615,1.99092093]", "nelder_mead": {"type": "gradient-free", "0": {"maxiter": 100, "fatol": 1e-05, "xatol": 1e-05, "duration": 0.025578022003173828, "fun": "0.1453892449785288", "nit": "100", "nfev": "153", "status": "2", "success": "False", "message": "Maximum number of iterations has been exceeded.", "x": "[1.51728975 1.75113018 3.64705945 1.92404607 1.2082273  3.0129363 ]", "final_simplex": "(array([[1.51728975, 1.75113018, 3.64705945, 1.92404607, 1.2082273 ,\n        3.0129363 ],\n       [1.47018195, 1.8459086 , 3.688207  , 1.88448945, 1.19514695,\n        3.02509444],\n       [1.59505478, 1.76472941, 3.66384836, 1.93395251, 1.16121889,\n        3.064304  ],\n       [1.50726915, 1.74974356, 3.71812801, 1.89542114, 1.2117542 ,\n        3.02461132],\n       [1.5460052 , 1.80415476, 3.65393367, 1.87620136, 1.16488813,\n        3.10322182],\n       [1.53969361, 1.77486862, 3.73134969, 1.94175821, 1.20036733,\n        3.00229952],\n       [1.53811905, 1.89437914, 3.6978764 , 1.84615723, 1.19113576,\n        3.05017045]]), array([0.14538924, 0.1479769 , 0.14917986, 0.14936696, 0.14975981,\n       0.15090174, 0.15094631]))"}, "1": {"maxiter": 100, "fatol": 1e-05, "xatol": 1e-10, "duration": 0.025408029556274414, "fun": "0.1453892449785288", "nit": "100", "nfev": "153", "status": "2", "success": "False", "message": "Maximum number of iterations has been exceeded.", "x": "[1.51728975 1.75113018 3.64705945 1.92404607 1.2082273  3.0129363 ]", "final_simplex": "(array([[1.51728975, 1.75113018, 3.64705945, 1.92404607, 1.2082273 ,\n        3.0129363 ],\n       [1.47018195, 1.8459086 , 3.688207  , 1.88448945, 1.19514695,\n        3.02509444],\n       [1.59505478, 1.76472941, 3.66384836, 1.93395251, 1.16121889,\n        3.064304  ],\n       [1.50726915, 1.74974356, 3.71812801, 1.89542114, 1.2117542 ,\n        3.02461132],\n       [1.5460052 , 1.80415476, 3.65393367, 1.87620136, 1.16488813,\n        3.10322182],\n       [1.53969361, 1.77486862, 3.73134969, 1.94175821, 1.20036733,\n        3.00229952],\n       [1.53811905, 1.89437914, 3.6978764 , 1.84615723, 1.19113576,\n        3.05017045]]), array([0.14538924, 0.1479769 , 0.14917986, 0.14936696, 0.14975981,\n       0.15090174, 0.15094631]))"}, "2": {"maxiter": 100, "fatol": 1e-10, "xatol": 1e-05, "duration": 0.02547001838684082, "fun": "0.1453892449785288", "nit": "100", "nfev": "153", "status": "2", "success": "False", "message": "Maximum number of iterations has been exceeded.", "x": "[1.51728975 1.75113018 3.64705945 1.92404607 1.2082273  3.0129363 ]", "final_simplex": "(array([[1.51728975, 1.75113018, 3.64705945, 1.92404607, 1.2082273 ,\n        3.0129363 ],\n       [1.47018195, 1.8459086 , 3.688207  , 1.88448945, 1.19514695,\n        3.02509444],\n       [1.59505478, 1.76472941, 3.66384836, 1.93395251, 1.16121889,\n        3.064304  ],\n       [1.50726915, 1.74974356, 3.71812801, 1.89542114, 1.2117542 ,\n        3.02461132],\n       [1.5460052 , 1.80415476, 3.65393367, 1.87620136, 1.16488813,\n        3.10322182],\n       [1.53969361, 1.77486862, 3.73134969, 1.94175821, 1.20036733,\n        3.00229952],\n       [1.53811905, 1.89437914, 3.6978764 , 1.84615723, 1.19113576,\n        3.05017045]]), array([0.14538924, 0.1479769 , 0.14917986, 0.14936696, 0.14975981,\n       0.15090174, 0.15094631]))"}, "3": {"maxiter": 100, "fatol": 1e-10, "xatol": 1e-10, "duration": 0.025460004806518555, "fun": "0.1453892449785288", "nit": "100", "nfev": "153", "status": "2", "success": "False", "message": "Maximum number of iterations has been exceeded.", "x": "[1.51728975 1.75113018 3.64705945 1.92404607 1.2082273  3.0129363 ]", "final_simplex": "(array([[1.51728975, 1.75113018, 3.64705945, 1.92404607, 1.2082273 ,\n        3.0129363 ],\n       [1.47018195, 1.8459086 , 3.688207  , 1.88448945, 1.19514695,\n        3.02509444],\n       [1.59505478, 1.76472941, 3.66384836, 1.93395251, 1.16121889,\n        3.064304  ],\n       [1.50726915, 1.74974356, 3.71812801, 1.89542114, 1.2117542 ,\n        3.02461132],\n       [1.5460052 , 1.80415476, 3.65393367, 1.87620136, 1.16488813,\n        3.10322182],\n       [1.53969361, 1.77486862, 3.73134969, 1.94175821, 1.20036733,\n        3.00229952],\n       [1.53811905, 1.89437914, 3.6978764 , 1.84615723, 1.19113576,\n        3.05017045]]), array([0.14538924, 0.1479769 , 0.14917986, 0.14936696, 0.14975981,\n       0.15090174, 0.15094631]))"}, "4": {"maxiter": 500, "fatol": 1e-05, "xatol": 1e-05, "duration": 0.10536694526672363, "fun": "0.13175946748031064", "nit": "407", "nfev": "635", "status": "0", "success": "True", "message": "Optimization terminated successfully.", "x": "[1.42443327 1.83777437 3.48687791 1.75010967 1.11339735 2.75439813]", "final_simplex": "(array([[1.42443327, 1.83777437, 3.48687791, 1.75010967, 1.11339735,\n        2.75439813],\n       [1.4244362 , 1.83776919, 3.48688022, 1.75011467, 1.11339396,\n        2.75440048],\n       [1.42443992, 1.83776884, 3.48688585, 1.75011121, 1.11339633,\n        2.75440096],\n       [1.42443328, 1.83777869, 3.48688152, 1.75010893, 1.11339631,\n        2.75440727],\n       [1.42443824, 1.83777892, 3.48687576, 1.75010682, 1.11339486,\n        2.75439433],\n       [1.42444174, 1.83777231, 3.48687317, 1.7501173 , 1.11339661,\n        2.75440292],\n       [1.42443651, 1.83776854, 3.48688169, 1.75010318, 1.11339226,\n        2.75440113]]), array([0.13175947, 0.13175947, 0.13175947, 0.13175947, 0.13175947,\n       0.13175947, 0.13175947]))"}, "5": {"maxiter": 500, "fatol": 1e-05, "xatol": 1e-10, "duration": 0.13678312301635742, "fun": "0.13175946747596368", "nit": "500", "nfev": "828", "status": "2", "success": "False", "message": "Maximum number of iterations has been exceeded.", "x": "[1.4244372  1.83777556 3.48687936 1.75010988 1.11339688 2.75440204]", "final_simplex": "(array([[1.4244372 , 1.83777556, 3.48687936, 1.75010988, 1.11339688,\n        2.75440204],\n       [1.4244372 , 1.83777556, 3.48687936, 1.75010988, 1.11339688,\n        2.75440204],\n       [1.4244372 , 1.83777556, 3.48687936, 1.75010988, 1.11339688,\n        2.75440204],\n       [1.4244372 , 1.83777556, 3.48687936, 1.75010988, 1.11339688,\n        2.75440204],\n       [1.4244372 , 1.83777556, 3.48687936, 1.75010988, 1.11339688,\n        2.75440204],\n       [1.4244372 , 1.83777556, 3.48687936, 1.75010988, 1.11339688,\n        2.75440204],\n       [1.4244372 , 1.83777556, 3.48687936, 1.75010988, 1.11339688,\n        2.75440204]]), array([0.13175947, 0.13175947, 0.13175947, 0.13175947, 0.13175947,\n       0.13175947, 0.13175947]))"}, "6": {"maxiter": 500, "fatol": 1e-10, "xatol": 1e-05, "duration": 0.10585689544677734, "fun": "0.13175946748031064", "nit": "407", "nfev": "635", "status": "0", "success": "True", "message": "Optimization terminated successfully.", "x": "[1.42443327 1.83777437 3.48687791 1.75010967 1.11339735 2.75439813]", "final_simplex": "(array([[1.42443327, 1.83777437, 3.48687791, 1.75010967, 1.11339735,\n        2.75439813],\n       [1.4244362 , 1.83776919, 3.48688022, 1.75011467, 1.11339396,\n        2.75440048],\n       [1.42443992, 1.83776884, 3.48688585, 1.75011121, 1.11339633,\n        2.75440096],\n       [1.42443328, 1.83777869, 3.48688152, 1.75010893, 1.11339631,\n        2.75440727],\n       [1.42443824, 1.83777892, 3.48687576, 1.75010682, 1.11339486,\n        2.75439433],\n       [1.42444174, 1.83777231, 3.48687317, 1.7501173 , 1.11339661,\n        2.75440292],\n       [1.42443651, 1.83776854, 3.48688169, 1.75010318, 1.11339226,\n        2.75440113]]), array([0.13175947, 0.13175947, 0.13175947, 0.13175947, 0.13175947,\n       0.13175947, 0.13175947]))"}, "7": {"maxiter": 500, "fatol": 1e-10, "xatol": 1e-10, "duration": 0.13697385787963867, "fun": "0.13175946747596368", "nit": "500", "nfev": "828", "status": "2", "success": "False", "message": "Maximum number of iterations has been exceeded.", "x": "[1.4244372  1.83777556 3.48687936 1.75010988 1.11339688 2.75440204]", "final_simplex": "(array([[1.4244372 , 1.83777556, 3.48687936, 1.75010988, 1.11339688,\n        2.75440204],\n       [1.4244372 , 1.83777556, 3.48687936, 1.75010988, 1.11339688,\n        2.75440204],\n       [1.4244372 , 1.83777556, 3.48687936, 1.75010988, 1.11339688,\n        2.75440204],\n       [1.4244372 , 1.83777556, 3.48687936, 1.75010988, 1.11339688,\n        2.75440204],\n       [1.4244372 , 1.83777556, 3.48687936, 1.75010988, 1.11339688,\n        2.75440204],\n       [1.4244372 , 1.83777556, 3.48687936, 1.75010988, 1.11339688,\n        2.75440204],\n       [1.4244372 , 1.83777556, 3.48687936, 1.75010988, 1.11339688,\n        2.75440204]]), array([0.13175947, 0.13175947, 0.13175947, 0.13175947, 0.13175947,\n       0.13175947, 0.13175947]))"}, "8": {"maxiter": 1000, "fatol": 1e-05, "xatol": 1e-05, "duration": 0.10531091690063477, "fun": "0.13175946748031064", "nit": "407", "nfev": "635", "status": "0", "success": "True", "message": "Optimization terminated successfully.", "x": "[1.42443327 1.83777437 3.48687791 1.75010967 1.11339735 2.75439813]", "final_simplex": "(array([[1.42443327, 1.83777437, 3.48687791, 1.75010967, 1.11339735,\n        2.75439813],\n       [1.4244362 , 1.83776919, 3.48688022, 1.75011467, 1.11339396,\n        2.75440048],\n       [1.42443992, 1.83776884, 3.48688585, 1.75011121, 1.11339633,\n        2.75440096],\n       [1.42443328, 1.83777869, 3.48688152, 1.75010893, 1.11339631,\n        2.75440727],\n       [1.42443824, 1.83777892, 3.48687576, 1.75010682, 1.11339486,\n        2.75439433],\n       [1.42444174, 1.83777231, 3.48687317, 1.7501173 , 1.11339661,\n        2.75440292],\n       [1.42443651, 1.83776854, 3.48688169, 1.75010318, 1.11339226,\n        2.75440113]]), array([0.13175947, 0.13175947, 0.13175947, 0.13175947, 0.13175947,\n       0.13175947, 0.13175947]))"}, "9": {"maxiter": 1000, "fatol": 1e-05, "xatol": 1e-10, "duration": 0.14360713958740234, "fun": "0.13175946747596357", "nit": "514", "nfev": "869", "status": "0", "success": "True", "message": "Optimization terminated successfully.", "x": "[1.4244372  1.83777556 3.48687936 1.75010988 1.11339688 2.75440204]", "final_simplex": "(array([[1.4244372 , 1.83777556, 3.48687936, 1.75010988, 1.11339688,\n        2.75440204],\n       [1.4244372 , 1.83777556, 3.48687936, 1.75010988, 1.11339688,\n        2.75440204],\n       [1.4244372 , 1.83777556, 3.48687936, 1.75010988, 1.11339688,\n        2.75440204],\n       [1.4244372 , 1.83777556, 3.48687936, 1.75010988, 1.11339688,\n        2.75440204],\n       [1.4244372 , 1.83777556, 3.48687936, 1.75010988, 1.11339688,\n        2.75440204],\n       [1.4244372 , 1.83777556, 3.48687936, 1.75010988, 1.11339688,\n        2.75440204],\n       [1.4244372 , 1.83777556, 3.48687936, 1.75010988, 1.11339688,\n        2.75440204]]), array([0.13175947, 0.13175947, 0.13175947, 0.13175947, 0.13175947,\n       0.13175947, 0.13175947]))"}, "10": {"maxiter": 1000, "fatol": 1e-10, "xatol": 1e-05, "duration": 0.10549688339233398, "fun": "0.13175946748031064", "nit": "407", "nfev": "635", "status": "0", "success": "True", "message": "Optimization terminated successfully.", "x": "[1.42443327 1.83777437 3.48687791 1.75010967 1.11339735 2.75439813]", "final_simplex": "(array([[1.42443327, 1.83777437, 3.48687791, 1.75010967, 1.11339735,\n        2.75439813],\n       [1.4244362 , 1.83776919, 3.48688022, 1.75011467, 1.11339396,\n        2.75440048],\n       [1.42443992, 1.83776884, 3.48688585, 1.75011121, 1.11339633,\n        2.75440096],\n       [1.42443328, 1.83777869, 3.48688152, 1.75010893, 1.11339631,\n        2.75440727],\n       [1.42443824, 1.83777892, 3.48687576, 1.75010682, 1.11339486,\n        2.75439433],\n       [1.42444174, 1.83777231, 3.48687317, 1.7501173 , 1.11339661,\n        2.75440292],\n       [1.42443651, 1.83776854, 3.48688169, 1.75010318, 1.11339226,\n        2.75440113]]), array([0.13175947, 0.13175947, 0.13175947, 0.13175947, 0.13175947,\n       0.13175947, 0.13175947]))"}, "11": {"maxiter": 1000, "fatol": 1e-10, "xatol": 1e-10, "duration": 0.1434931755065918, "fun": "0.13175946747596357", "nit": "514", "nfev": "869", "status": "0", "success": "True", "message": "Optimization terminated successfully.", "x": "[1.4244372  1.83777556 3.48687936 1.75010988 1.11339688 2.75440204]", "final_simplex": "(array([[1.4244372 , 1.83777556, 3.48687936, 1.75010988, 1.11339688,\n        2.75440204],\n       [1.4244372 , 1.83777556, 3.48687936, 1.75010988, 1.11339688,\n        2.75440204],\n       [1.4244372 , 1.83777556, 3.48687936, 1.75010988, 1.11339688,\n        2.75440204],\n       [1.4244372 , 1.83777556, 3.48687936, 1.75010988, 1.11339688,\n        2.75440204],\n       [1.4244372 , 1.83777556, 3.48687936, 1.75010988, 1.11339688,\n        2.75440204],\n       [1.4244372 , 1.83777556, 3.48687936, 1.75010988, 1.11339688,\n        2.75440204],\n       [1.4244372 , 1.83777556, 3.48687936, 1.75010988, 1.11339688,\n        2.75440204]]), array([0.13175947, 0.13175947, 0.13175947, 0.13175947, 0.13175947,\n       0.13175947, 0.13175947]))"}}, "bfgs": {"type": "gradient", "0": {"maxiter": 100, "gtol": 1e-05, "xrtol": 1e-05, "eps": 1e-05, "duration": 0.03107619285583496, "fun": "0.13175946779624315", "jac": "[ 1.66064940e-06 -6.53141985e-06 -4.83566520e-06  2.44104736e-07\n -5.61499736e-06 -4.39309700e-06]", "hess_inv": "[[ 2.71111634 -0.40871346  0.66916108  0.86395827 -0.81252469  0.90175203]\n [-0.40871346  3.91877811 -2.2610306   1.21456085  0.21604642  0.24657232]\n [ 0.66916108 -2.2610306   5.53341213 -3.3699643  -1.06973778 -0.23065847]\n [ 0.86395827  1.21456085 -3.3699643   5.68489988  1.22814794  2.27978594]\n [-0.81252469  0.21604642 -1.06973778  1.22814794  2.35490933  0.15406136]\n [ 0.90175203  0.24657232 -0.23065847  2.27978594  0.15406136  3.68458007]]", "nfev": "182", "njev": "26", "status": "0", "success": "True", "message": "Optimization terminated successfully.", "x": "[1.42443373 8.12093044 3.4868758  1.75010306 1.11337515 2.7543707 ]", "nit": "25"}, "1": {"maxiter": 100, "gtol": 1e-05, "xrtol": 1e-05, "eps": 1e-10, "duration": 0.032241106033325195, "fun": "0.13175946748856326", "jac": "[-2.22044587e-06  0.00000000e+00  0.00000000e+00 -3.33066880e-06\n  2.22044587e-06  0.00000000e+00]", "hess_inv": "[[ 2.7141069  -0.52494374  0.75602756  0.71974138 -0.88436546  0.78064503]\n [-0.52494374  4.03344516 -2.23424821  1.29582443  0.46049471  0.23883581]\n [ 0.75602756 -2.23424821  5.39036518 -3.23482539 -1.15012972 -0.08258974]\n [ 0.71974138  1.29582443 -3.23482539  5.63662865  1.43594114  2.20494844]\n [-0.88436546  0.46049471 -1.15012972  1.43594114  2.53779437  0.35661494]\n [ 0.78064503  0.23883581 -0.08258974  2.20494844  0.35661494  3.53419664]]", "nfev": "189", "njev": "27", "status": "0", "success": "True", "message": "Optimization terminated successfully.", "x": "[1.42443085 8.12096339 3.48687587 1.75010423 1.11339739 2.75439573]", "nit": "26"}, "2": {"maxiter": 100, "gtol": 1e-05, "xrtol": 1e-10, "eps": 1e-05, "duration": 0.031033039093017578, "fun": "0.13175946779624315", "jac": "[ 1.66064940e-06 -6.53141985e-06 -4.83566520e-06  2.44104736e-07\n -5.61499736e-06 -4.39309700e-06]", "hess_inv": "[[ 2.71111634 -0.40871346  0.66916108  0.86395827 -0.81252469  0.90175203]\n [-0.40871346  3.91877811 -2.2610306   1.21456085  0.21604642  0.24657232]\n [ 0.66916108 -2.2610306   5.53341213 -3.3699643  -1.06973778 -0.23065847]\n [ 0.86395827  1.21456085 -3.3699643   5.68489988  1.22814794  2.27978594]\n [-0.81252469  0.21604642 -1.06973778  1.22814794  2.35490933  0.15406136]\n [ 0.90175203  0.24657232 -0.23065847  2.27978594  0.15406136  3.68458007]]", "nfev": "182", "njev": "26", "status": "0", "success": "True", "message": "Optimization terminated successfully.", "x": "[1.42443373 8.12093044 3.4868758  1.75010306 1.11337515 2.7543707 ]", "nit": "25"}, "3": {"maxiter": 100, "gtol": 1e-05, "xrtol": 1e-10, "eps": 1e-10, "duration": 0.0322110652923584, "fun": "0.13175946748856326", "jac": "[-2.22044587e-06  0.00000000e+00  0.00000000e+00 -3.33066880e-06\n  2.22044587e-06  0.00000000e+00]", "hess_inv": "[[ 2.7141069  -0.52494374  0.75602756  0.71974138 -0.88436546  0.78064503]\n [-0.52494374  4.03344516 -2.23424821  1.29582443  0.46049471  0.23883581]\n [ 0.75602756 -2.23424821  5.39036518 -3.23482539 -1.15012972 -0.08258974]\n [ 0.71974138  1.29582443 -3.23482539  5.63662865  1.43594114  2.20494844]\n [-0.88436546  0.46049471 -1.15012972  1.43594114  2.53779437  0.35661494]\n [ 0.78064503  0.23883581 -0.08258974  2.20494844  0.35661494  3.53419664]]", "nfev": "189", "njev": "27", "status": "0", "success": "True", "message": "Optimization terminated successfully.", "x": "[1.42443085 8.12096339 3.48687587 1.75010423 1.11339739 2.75439573]", "nit": "26"}, "4": {"maxiter": 100, "gtol": 1e-10, "xrtol": 1e-05, "eps": 1e-05, "duration": 0.03223299980163574, "fun": "0.13175946754216228", "jac": "[-1.06478160e-06 -7.37176986e-07  8.79196715e-07  2.04076755e-06\n -1.22254429e-06 -1.38375977e-06]", "hess_inv": "[[ 2.72512623 -0.46319054  0.65479519  0.84620163 -0.84573539  0.85177108]\n [-0.46319054  3.98631188 -2.22921277  1.24606751  0.33656946  0.25494602]\n [ 0.65479519 -2.22921277  5.54413684 -3.35801142 -1.03711879 -0.21039537]\n [ 0.84620163  1.24606751 -3.35801142  5.69763932  1.26799895  2.29475171]\n [-0.84573539  0.33656946 -1.03711879  1.26799895  2.43312147  0.26143776]\n [ 0.85177108  0.25494602 -0.21039537  2.29475171  0.26143776  3.62319931]]", "nfev": "189", "njev": "27", "status": "0", "success": "True", "message": "Optimization terminated successfully.", "x": "[1.42442813 8.12094917 3.48688104 1.75010936 1.11338824 2.75438675]", "nit": "26"}, "5": {"maxiter": 100, "gtol": 1e-10, "xrtol": 1e-05, "eps": 1e-10, "duration": 0.03216910362243652, "fun": "0.13175946748856326", "jac": "[-2.22044587e-06  0.00000000e+00  0.00000000e+00 -3.33066880e-06\n  2.22044587e-06  0.00000000e+00]", "hess_inv": "[[ 2.7141069  -0.52494374  0.75602756  0.71974138 -0.88436546  0.78064503]\n [-0.52494374  4.03344516 -2.23424821  1.29582443  0.46049471  0.23883581]\n [ 0.75602756 -2.23424821  5.39036518 -3.23482539 -1.15012972 -0.08258974]\n [ 0.71974138  1.29582443 -3.23482539  5.63662865  1.43594114  2.20494844]\n [-0.88436546  0.46049471 -1.15012972  1.43594114  2.53779437  0.35661494]\n [ 0.78064503  0.23883581 -0.08258974  2.20494844  0.35661494  3.53419664]]", "nfev": "189", "njev": "27", "status": "0", "success": "True", "message": "Optimization terminated successfully.", "x": "[1.42443085 8.12096339 3.48687587 1.75010423 1.11339739 2.75439573]", "nit": "26"}, "6": {"maxiter": 100, "gtol": 1e-10, "xrtol": 1e-10, "eps": 1e-05, "duration": 0.07377886772155762, "fun": "0.13175946750695822", "jac": "[-4.14590584e-07  2.37387887e-07  3.95272703e-07  3.56492613e-07\n -1.78512760e-07  1.73749903e-07]", "hess_inv": "[[ 2.82408047 -0.09172502  0.55005014  0.41775658 -0.61403593  1.02658466]\n [-0.09172502  4.42761801 -2.57772942  0.06331971  0.72514045  0.18530753]\n [ 0.55005014 -2.57772942  5.65187161 -2.92473342 -1.26420796 -0.35839242]\n [ 0.41775658  0.06331971 -2.92473342  7.35986947  0.48490194  1.85777998]\n [-0.61403593  0.72514045 -1.26420796  0.48490194  2.69894399  0.32889722]\n [ 1.02658466  0.18530753 -0.35839242  1.85777998  0.32889722  3.3612222 ]]", "nfev": "439", "njev": "61", "status": "2", "success": "False", "message": "Desired error not necessarily achieved due to precision loss.", "x": "[1.42442972 8.12095599 3.48687933 1.75010241 1.11339171 2.75439074]", "nit": "28"}, "7": {"maxiter": 100, "gtol": 1e-10, "xrtol": 1e-10, "eps": 1e-10, "duration": 0.04406404495239258, "fun": "0.13175946748194334", "jac": "[-1.11022293e-06  1.11022293e-06  1.11022293e-06  1.11022293e-06\n  1.11022293e-06  0.00000000e+00]", "hess_inv": "[[ 2.75439666  0.138096   -1.0266542   3.1880557   1.16697085  1.966563  ]\n [ 0.138096    0.80653522 -0.72087089  0.67829938 -0.26986703  0.56524676]\n [-1.0266542  -0.72087089  1.19186085 -1.9427713  -0.45592921 -1.86303383]\n [ 3.1880557   0.67829938 -1.9427713   8.79740825  3.38847853  6.052895  ]\n [ 1.16697085 -0.26986703 -0.45592921  3.38847853  2.09438204  2.30735824]\n [ 1.966563    0.56524676 -1.86303383  6.052895    2.30735824  5.71213466]]", "nfev": "259", "njev": "37", "status": "0", "success": "True", "message": "Optimization terminated successfully.", "x": "[1.42443675 8.12096528 3.48687222 1.75011509 1.11339657 2.75440235]", "nit": "30"}, "8": {"maxiter": 500, "gtol": 1e-05, "xrtol": 1e-05, "eps": 1e-05, "duration": 0.030813217163085938, "fun": "0.13175946779624315", "jac": "[ 1.66064940e-06 -6.53141985e-06 -4.83566520e-06  2.44104736e-07\n -5.61499736e-06 -4.39309700e-06]", "hess_inv": "[[ 2.71111634 -0.40871346  0.66916108  0.86395827 -0.81252469  0.90175203]\n [-0.40871346  3.91877811 -2.2610306   1.21456085  0.21604642  0.24657232]\n [ 0.66916108 -2.2610306   5.53341213 -3.3699643  -1.06973778 -0.23065847]\n [ 0.86395827  1.21456085 -3.3699643   5.68489988  1.22814794  2.27978594]\n [-0.81252469  0.21604642 -1.06973778  1.22814794  2.35490933  0.15406136]\n [ 0.90175203  0.24657232 -0.23065847  2.27978594  0.15406136  3.68458007]]", "nfev": "182", "njev": "26", "status": "0", "success": "True", "message": "Optimization terminated successfully.", "x": "[1.42443373 8.12093044 3.4868758  1.75010306 1.11337515 2.7543707 ]", "nit": "25"}, "9": {"maxiter": 500, "gtol": 1e-05, "xrtol": 1e-05, "eps": 1e-10, "duration": 0.03206610679626465, "fun": "0.13175946748856326", "jac": "[-2.22044587e-06  0.00000000e+00  0.00000000e+00 -3.33066880e-06\n  2.22044587e-06  0.00000000e+00]", "hess_inv": "[[ 2.7141069  -0.52494374  0.75602756  0.71974138 -0.88436546  0.78064503]\n [-0.52494374  4.03344516 -2.23424821  1.29582443  0.46049471  0.23883581]\n [ 0.75602756 -2.23424821  5.39036518 -3.23482539 -1.15012972 -0.08258974]\n [ 0.71974138  1.29582443 -3.23482539  5.63662865  1.43594114  2.20494844]\n [-0.88436546  0.46049471 -1.15012972  1.43594114  2.53779437  0.35661494]\n [ 0.78064503  0.23883581 -0.08258974  2.20494844  0.35661494  3.53419664]]", "nfev": "189", "njev": "27", "status": "0", "success": "True", "message": "Optimization terminated successfully.", "x": "[1.42443085 8.12096339 3.48687587 1.75010423 1.11339739 2.75439573]", "nit": "26"}, "10": {"maxiter": 500, "gtol": 1e-05, "xrtol": 1e-10, "eps": 1e-05, "duration": 0.030816078186035156, "fun": "0.13175946779624315", "jac": "[ 1.66064940e-06 -6.53141985e-06 -4.83566520e-06  2.44104736e-07\n -5.61499736e-06 -4.39309700e-06]", "hess_inv": "[[ 2.71111634 -0.40871346  0.66916108  0.86395827 -0.81252469  0.90175203]\n [-0.40871346  3.91877811 -2.2610306   1.21456085  0.21604642  0.24657232]\n [ 0.66916108 -2.2610306   5.53341213 -3.3699643  -1.06973778 -0.23065847]\n [ 0.86395827  1.21456085 -3.3699643   5.68489988  1.22814794  2.27978594]\n [-0.81252469  0.21604642 -1.06973778  1.22814794  2.35490933  0.15406136]\n [ 0.90175203  0.24657232 -0.23065847  2.27978594  0.15406136  3.68458007]]", "nfev": "182", "njev": "26", "status": "0", "success": "True", "message": "Optimization terminated successfully.", "x": "[1.42443373 8.12093044 3.4868758  1.75010306 1.11337515 2.7543707 ]", "nit": "25"}, "11": {"maxiter": 500, "gtol": 1e-05, "xrtol": 1e-10, "eps": 1e-10, "duration": 0.03192710876464844, "fun": "0.13175946748856326", "jac": "[-2.22044587e-06  0.00000000e+00  0.00000000e+00 -3.33066880e-06\n  2.22044587e-06  0.00000000e+00]", "hess_inv": "[[ 2.7141069  -0.52494374  0.75602756  0.71974138 -0.88436546  0.78064503]\n [-0.52494374  4.03344516 -2.23424821  1.29582443  0.46049471  0.23883581]\n [ 0.75602756 -2.23424821  5.39036518 -3.23482539 -1.15012972 -0.08258974]\n [ 0.71974138  1.29582443 -3.23482539  5.63662865  1.43594114  2.20494844]\n [-0.88436546  0.46049471 -1.15012972  1.43594114  2.53779437  0.35661494]\n [ 0.78064503  0.23883581 -0.08258974  2.20494844  0.35661494  3.53419664]]", "nfev": "189", "njev": "27", "status": "0", "success": "True", "message": "Optimization terminated successfully.", "x": "[1.42443085 8.12096339 3.48687587 1.75010423 1.11339739 2.75439573]", "nit": "26"}, "12": {"maxiter": 500, "gtol": 1e-10, "xrtol": 1e-05, "eps": 1e-05, "duration": 0.03200173377990723, "fun": "0.13175946754216228", "jac": "[-1.06478160e-06 -7.37176986e-07  8.79196715e-07  2.04076755e-06\n -1.22254429e-06 -1.38375977e-06]", "hess_inv": "[[ 2.72512623 -0.46319054  0.65479519  0.84620163 -0.84573539  0.85177108]\n [-0.46319054  3.98631188 -2.22921277  1.24606751  0.33656946  0.25494602]\n [ 0.65479519 -2.22921277  5.54413684 -3.35801142 -1.03711879 -0.21039537]\n [ 0.84620163  1.24606751 -3.35801142  5.69763932  1.26799895  2.29475171]\n [-0.84573539  0.33656946 -1.03711879  1.26799895  2.43312147  0.26143776]\n [ 0.85177108  0.25494602 -0.21039537  2.29475171  0.26143776  3.62319931]]", "nfev": "189", "njev": "27", "status": "0", "success": "True", "message": "Optimization terminated successfully.", "x": "[1.42442813 8.12094917 3.48688104 1.75010936 1.11338824 2.75438675]", "nit": "26"}, "13": {"maxiter": 500, "gtol": 1e-10, "xrtol": 1e-05, "eps": 1e-10, "duration": 0.03199887275695801, "fun": "0.13175946748856326", "jac": "[-2.22044587e-06  0.00000000e+00  0.00000000e+00 -3.33066880e-06\n  2.22044587e-06  0.00000000e+00]", "hess_inv": "[[ 2.7141069  -0.52494374  0.75602756  0.71974138 -0.88436546  0.78064503]\n [-0.52494374  4.03344516 -2.23424821  1.29582443  0.46049471  0.23883581]\n [ 0.75602756 -2.23424821  5.39036518 -3.23482539 -1.15012972 -0.08258974]\n [ 0.71974138  1.29582443 -3.23482539  5.63662865  1.43594114  2.20494844]\n [-0.88436546  0.46049471 -1.15012972  1.43594114  2.53779437  0.35661494]\n [ 0.78064503  0.23883581 -0.08258974  2.20494844  0.35661494  3.53419664]]", "nfev": "189", "njev": "27", "status": "0", "success": "True", "message": "Optimization terminated successfully.", "x": "[1.42443085 8.12096339 3.48687587 1.75010423 1.11339739 2.75439573]", "nit": "26"}, "14": {"maxiter": 500, "gtol": 1e-10, "xrtol": 1e-10, "eps": 1e-05, "duration": 0.07352590560913086, "fun": "0.13175946750695822", "jac": "[-4.14590584e-07  2.37387887e-07  3.95272703e-07  3.56492613e-07\n -1.78512760e-07  1.73749903e-07]", "hess_inv": "[[ 2.82408047 -0.09172502  0.55005014  0.41775658 -0.61403593  1.02658466]\n [-0.09172502  4.42761801 -2.57772942  0.06331971  0.72514045  0.18530753]\n [ 0.55005014 -2.57772942  5.65187161 -2.92473342 -1.26420796 -0.35839242]\n [ 0.41775658  0.06331971 -2.92473342  7.35986947  0.48490194  1.85777998]\n [-0.61403593  0.72514045 -1.26420796  0.48490194  2.69894399  0.32889722]\n [ 1.02658466  0.18530753 -0.35839242  1.85777998  0.32889722  3.3612222 ]]", "nfev": "439", "njev": "61", "status": "2", "success": "False", "message": "Desired error not necessarily achieved due to precision loss.", "x": "[1.42442972 8.12095599 3.48687933 1.75010241 1.11339171 2.75439074]", "nit": "28"}, "15": {"maxiter": 500, "gtol": 1e-10, "xrtol": 1e-10, "eps": 1e-10, "duration": 0.0437321662902832, "fun": "0.13175946748194334", "jac": "[-1.11022293e-06  1.11022293e-06  1.11022293e-06  1.11022293e-06\n  1.11022293e-06  0.00000000e+00]", "hess_inv": "[[ 2.75439666  0.138096   -1.0266542   3.1880557   1.16697085  1.966563  ]\n [ 0.138096    0.80653522 -0.72087089  0.67829938 -0.26986703  0.56524676]\n [-1.0266542  -0.72087089  1.19186085 -1.9427713  -0.45592921 -1.86303383]\n [ 3.1880557   0.67829938 -1.9427713   8.79740825  3.38847853  6.052895  ]\n [ 1.16697085 -0.26986703 -0.45592921  3.38847853  2.09438204  2.30735824]\n [ 1.966563    0.56524676 -1.86303383  6.052895    2.30735824  5.71213466]]", "nfev": "259", "njev": "37", "status": "0", "success": "True", "message": "Optimization terminated successfully.", "x": "[1.42443675 8.12096528 3.48687222 1.75011509 1.11339657 2.75440235]", "nit": "30"}, "16": {"maxiter": 1000, "gtol": 1e-05, "xrtol": 1e-05, "eps": 1e-05, "duration": 0.030825138092041016, "fun": "0.13175946779624315", "jac": "[ 1.66064940e-06 -6.53141985e-06 -4.83566520e-06  2.44104736e-07\n -5.61499736e-06 -4.39309700e-06]", "hess_inv": "[[ 2.71111634 -0.40871346  0.66916108  0.86395827 -0.81252469  0.90175203]\n [-0.40871346  3.91877811 -2.2610306   1.21456085  0.21604642  0.24657232]\n [ 0.66916108 -2.2610306   5.53341213 -3.3699643  -1.06973778 -0.23065847]\n [ 0.86395827  1.21456085 -3.3699643   5.68489988  1.22814794  2.27978594]\n [-0.81252469  0.21604642 -1.06973778  1.22814794  2.35490933  0.15406136]\n [ 0.90175203  0.24657232 -0.23065847  2.27978594  0.15406136  3.68458007]]", "nfev": "182", "njev": "26", "status": "0", "success": "True", "message": "Optimization terminated successfully.", "x": "[1.42443373 8.12093044 3.4868758  1.75010306 1.11337515 2.7543707 ]", "nit": "25"}, "17": {"maxiter": 1000, "gtol": 1e-05, "xrtol": 1e-05, "eps": 1e-10, "duration": 0.03200101852416992, "fun": "0.13175946748856326", "jac": "[-2.22044587e-06  0.00000000e+00  0.00000000e+00 -3.33066880e-06\n  2.22044587e-06  0.00000000e+00]", "hess_inv": "[[ 2.7141069  -0.52494374  0.75602756  0.71974138 -0.88436546  0.78064503]\n [-0.52494374  4.03344516 -2.23424821  1.29582443  0.46049471  0.23883581]\n [ 0.75602756 -2.23424821  5.39036518 -3.23482539 -1.15012972 -0.08258974]\n [ 0.71974138  1.29582443 -3.23482539  5.63662865  1.43594114  2.20494844]\n [-0.88436546  0.46049471 -1.15012972  1.43594114  2.53779437  0.35661494]\n [ 0.78064503  0.23883581 -0.08258974  2.20494844  0.35661494  3.53419664]]", "nfev": "189", "njev": "27", "status": "0", "success": "True", "message": "Optimization terminated successfully.", "x": "[1.42443085 8.12096339 3.48687587 1.75010423 1.11339739 2.75439573]", "nit": "26"}, "18": {"maxiter": 1000, "gtol": 1e-05, "xrtol": 1e-10, "eps": 1e-05, "duration": 0.03087782859802246, "fun": "0.13175946779624315", "jac": "[ 1.66064940e-06 -6.53141985e-06 -4.83566520e-06  2.44104736e-07\n -5.61499736e-06 -4.39309700e-06]", "hess_inv": "[[ 2.71111634 -0.40871346  0.66916108  0.86395827 -0.81252469  0.90175203]\n [-0.40871346  3.91877811 -2.2610306   1.21456085  0.21604642  0.24657232]\n [ 0.66916108 -2.2610306   5.53341213 -3.3699643  -1.06973778 -0.23065847]\n [ 0.86395827  1.21456085 -3.3699643   5.68489988  1.22814794  2.27978594]\n [-0.81252469  0.21604642 -1.06973778  1.22814794  2.35490933  0.15406136]\n [ 0.90175203  0.24657232 -0.23065847  2.27978594  0.15406136  3.68458007]]", "nfev": "182", "njev": "26", "status": "0", "success": "True", "message": "Optimization terminated successfully.", "x": "[1.42443373 8.12093044 3.4868758  1.75010306 1.11337515 2.7543707 ]", "nit": "25"}, "19": {"maxiter": 1000, "gtol": 1e-05, "xrtol": 1e-10, "eps": 1e-10, "duration": 0.03191709518432617, "fun": "0.13175946748856326", "jac": "[-2.22044587e-06  0.00000000e+00  0.00000000e+00 -3.33066880e-06\n  2.22044587e-06  0.00000000e+00]", "hess_inv": "[[ 2.7141069  -0.52494374  0.75602756  0.71974138 -0.88436546  0.78064503]\n [-0.52494374  4.03344516 -2.23424821  1.29582443  0.46049471  0.23883581]\n [ 0.75602756 -2.23424821  5.39036518 -3.23482539 -1.15012972 -0.08258974]\n [ 0.71974138  1.29582443 -3.23482539  5.63662865  1.43594114  2.20494844]\n [-0.88436546  0.46049471 -1.15012972  1.43594114  2.53779437  0.35661494]\n [ 0.78064503  0.23883581 -0.08258974  2.20494844  0.35661494  3.53419664]]", "nfev": "189", "njev": "27", "status": "0", "success": "True", "message": "Optimization terminated successfully.", "x": "[1.42443085 8.12096339 3.48687587 1.75010423 1.11339739 2.75439573]", "nit": "26"}, "20": {"maxiter": 1000, "gtol": 1e-10, "xrtol": 1e-05, "eps": 1e-05, "duration": 0.03224682807922363, "fun": "0.13175946754216228", "jac": "[-1.06478160e-06 -7.37176986e-07  8.79196715e-07  2.04076755e-06\n -1.22254429e-06 -1.38375977e-06]", "hess_inv": "[[ 2.72512623 -0.46319054  0.65479519  0.84620163 -0.84573539  0.85177108]\n [-0.46319054  3.98631188 -2.22921277  1.24606751  0.33656946  0.25494602]\n [ 0.65479519 -2.22921277  5.54413684 -3.35801142 -1.03711879 -0.21039537]\n [ 0.84620163  1.24606751 -3.35801142  5.69763932  1.26799895  2.29475171]\n [-0.84573539  0.33656946 -1.03711879  1.26799895  2.43312147  0.26143776]\n [ 0.85177108  0.25494602 -0.21039537  2.29475171  0.26143776  3.62319931]]", "nfev": "189", "njev": "27", "status": "0", "success": "True", "message": "Optimization terminated successfully.", "x": "[1.42442813 8.12094917 3.48688104 1.75010936 1.11338824 2.75438675]", "nit": "26"}, "21": {"maxiter": 1000, "gtol": 1e-10, "xrtol": 1e-05, "eps": 1e-10, "duration": 0.0320742130279541, "fun": "0.13175946748856326", "jac": "[-2.22044587e-06  0.00000000e+00  0.00000000e+00 -3.33066880e-06\n  2.22044587e-06  0.00000000e+00]", "hess_inv": "[[ 2.7141069  -0.52494374  0.75602756  0.71974138 -0.88436546  0.78064503]\n [-0.52494374  4.03344516 -2.23424821  1.29582443  0.46049471  0.23883581]\n [ 0.75602756 -2.23424821  5.39036518 -3.23482539 -1.15012972 -0.08258974]\n [ 0.71974138  1.29582443 -3.23482539  5.63662865  1.43594114  2.20494844]\n [-0.88436546  0.46049471 -1.15012972  1.43594114  2.53779437  0.35661494]\n [ 0.78064503  0.23883581 -0.08258974  2.20494844  0.35661494  3.53419664]]", "nfev": "189", "njev": "27", "status": "0", "success": "True", "message": "Optimization terminated successfully.", "x": "[1.42443085 8.12096339 3.48687587 1.75010423 1.11339739 2.75439573]", "nit": "26"}, "22": {"maxiter": 1000, "gtol": 1e-10, "xrtol": 1e-10, "eps": 1e-05, "duration": 0.07353711128234863, "fun": "0.13175946750695822", "jac": "[-4.14590584e-07  2.37387887e-07  3.95272703e-07  3.56492613e-07\n -1.78512760e-07  1.73749903e-07]", "hess_inv": "[[ 2.82408047 -0.09172502  0.55005014  0.41775658 -0.61403593  1.02658466]\n [-0.09172502  4.42761801 -2.57772942  0.06331971  0.72514045  0.18530753]\n [ 0.55005014 -2.57772942  5.65187161 -2.92473342 -1.26420796 -0.35839242]\n [ 0.41775658  0.06331971 -2.92473342  7.35986947  0.48490194  1.85777998]\n [-0.61403593  0.72514045 -1.26420796  0.48490194  2.69894399  0.32889722]\n [ 1.02658466  0.18530753 -0.35839242  1.85777998  0.32889722  3.3612222 ]]", "nfev": "439", "njev": "61", "status": "2", "success": "False", "message": "Desired error not necessarily achieved due to precision loss.", "x": "[1.42442972 8.12095599 3.48687933 1.75010241 1.11339171 2.75439074]", "nit": "28"}, "23": {"maxiter": 1000, "gtol": 1e-10, "xrtol": 1e-10, "eps": 1e-10, "duration": 0.0436100959777832, "fun": "0.13175946748194334", "jac": "[-1.11022293e-06  1.11022293e-06  1.11022293e-06  1.11022293e-06\n  1.11022293e-06  0.00000000e+00]", "hess_inv": "[[ 2.75439666  0.138096   -1.0266542   3.1880557   1.16697085  1.966563  ]\n [ 0.138096    0.80653522 -0.72087089  0.67829938 -0.26986703  0.56524676]\n [-1.0266542  -0.72087089  1.19186085 -1.9427713  -0.45592921 -1.86303383]\n [ 3.1880557   0.67829938 -1.9427713   8.79740825  3.38847853  6.052895  ]\n [ 1.16697085 -0.26986703 -0.45592921  3.38847853  2.09438204  2.30735824]\n [ 1.966563    0.56524676 -1.86303383  6.052895    2.30735824  5.71213466]]", "nfev": "259", "njev": "37", "status": "0", "success": "True", "message": "Optimization terminated successfully.", "x": "[1.42443675 8.12096528 3.48687222 1.75011509 1.11339657 2.75440235]", "nit": "30"}}, "cobyla": {"0": {"maxiter": 100, "tol": 1e-05, "catol": 1e-05, "duration": 0.01616382598876953, "x": "[4.81709147 5.07650001 6.26515249 2.46500973 1.66872361 3.57047038]", "status": "2", "success": "False", "message": "Maximum number of function evaluations has been exceeded.", "nfev": "100", "fun": "0.19562753491052898", "maxcv": "0.0"}, "1": {"maxiter": 100, "tol": 1e-05, "catol": 1e-10, "duration": 0.016102075576782227, "x": "[4.81709147 5.07650001 6.26515249 2.46500973 1.66872361 3.57047038]", "status": "2", "success": "False", "message": "Maximum number of function evaluations has been exceeded.", "nfev": "100", "fun": "0.19562753491052898", "maxcv": "0.0"}, "2": {"maxiter": 100, "tol": 1e-10, "catol": 1e-05, "duration": 0.016315937042236328, "x": "[4.81709147 5.07650001 6.26515249 2.46500973 1.66872361 3.57047038]", "status": "2", "success": "False", "message": "Maximum number of function evaluations has been exceeded.", "nfev": "100", "fun": "0.19562753491052898", "maxcv": "0.0"}, "3": {"maxiter": 100, "tol": 1e-10, "catol": 1e-10, "duration": 0.01609659194946289, "x": "[4.81709147 5.07650001 6.26515249 2.46500973 1.66872361 3.57047038]", "status": "2", "success": "False", "message": "Maximum number of function evaluations has been exceeded.", "nfev": "100", "fun": "0.19562753491052898", "maxcv": "0.0"}, "4": {"maxiter": 500, "tol": 1e-05, "catol": 1e-05, "duration": 0.04845380783081055, "x": "[4.85874598 4.97937762 6.62846298 1.75011807 1.1133957  2.75441226]", "status": "1", "success": "True", "message": "Optimization terminated successfully.", "nfev": "301", "fun": "0.13175946750220047", "maxcv": "0.0"}, "5": {"maxiter": 500, "tol": 1e-05, "catol": 1e-10, "duration": 0.04842495918273926, "x": "[4.85874598 4.97937762 6.62846298 1.75011807 1.1133957  2.75441226]", "status": "1", "success": "True", "message": "Optimization terminated successfully.", "nfev": "301", "fun": "0.13175946750220047", "maxcv": "0.0"}, "6": {"maxiter": 500, "tol": 1e-10, "catol": 1e-05, "duration": 0.06572270393371582, "x": "[4.85874813 4.97936824 6.62847195 1.75011    1.113397   2.75440207]", "status": "1", "success": "True", "message": "Optimization terminated successfully.", "nfev": "406", "fun": "0.131759467475964", "maxcv": "0.0"}, "7": {"maxiter": 500, "tol": 1e-10, "catol": 1e-10, "duration": 0.06546306610107422, "x": "[4.85874813 4.97936824 6.62847195 1.75011    1.113397   2.75440207]", "status": "1", "success": "True", "message": "Optimization terminated successfully.", "nfev": "406", "fun": "0.131759467475964", "maxcv": "0.0"}, "8": {"maxiter": 1000, "tol": 1e-05, "catol": 1e-05, "duration": 0.04858112335205078, "x": "[4.85874598 4.97937762 6.62846298 1.75011807 1.1133957  2.75441226]", "status": "1", "success": "True", "message": "Optimization terminated successfully.", "nfev": "301", "fun": "0.13175946750220047", "maxcv": "0.0"}, "9": {"maxiter": 1000, "tol": 1e-05, "catol": 1e-10, "duration": 0.04878592491149902, "x": "[4.85874598 4.97937762 6.62846298 1.75011807 1.1133957  2.75441226]", "status": "1", "success": "True", "message": "Optimization terminated successfully.", "nfev": "301", "fun": "0.13175946750220047", "maxcv": "0.0"}, "10": {"maxiter": 1000, "tol": 1e-10, "catol": 1e-05, "duration": 0.06536507606506348, "x": "[4.85874813 4.97936824 6.62847195 1.75011    1.113397   2.75440207]", "status": "1", "success": "True", "message": "Optimization terminated successfully.", "nfev": "406", "fun": "0.131759467475964", "maxcv": "0.0"}, "11": {"maxiter": 1000, "tol": 1e-10, "catol": 1e-10, "duration": 0.06580090522766113, "x": "[4.85874813 4.97936824 6.62847195 1.75011    1.113397   2.75440207]", "status": "1", "success": "True", "message": "Optimization terminated successfully.", "nfev": "406", "fun": "0.131759467475964", "maxcv": "0.0"}}, "powell": {"type": "gradient-free", "0": {"maxiter": 100, "ftol": 1e-05, "xtol": 1e-05, "duration": 0.070210218429565