{"date": "2024/07/19/, 01:23:25", "conf_id": 138, "data_type": "orthogonal\n", "num_data_points": 3, "s_rank": 0, "unitary": "[[-0.53618537-0.34368723j,-0.12107031-0.46226139j,-0.07699282-0.46603512j,0.36022595-0.11472301j],[0.26026499-0.63450712j,-0.56616638+0.37832564j,-0.14988651+0.08458591j,0.10363514-0.16008501j],[-0.32580188-0.11070003j,-0.36476308-0.23593218j,0.02559343+0.41761608j,-0.25598305+0.6725303j],[0.07406738-0.0126433j,0.28513701+0.19483972j,-0.74939717-0.10299659j,0.29798249+0.46269921j]]", "databatch_0": {"databatch": "[[[-0.18471834+0.13043462j,0.15745775-0.00300831j,-0.16262854-0.04787186j,-0.10311774+0.19767336j],[0.02920917+0.18885834j,-0.00685061-0.24423755j,0.0870456-0.13005633j,-0.01789925-0.04490258j],[0.07643411-0.00635963j,0.1135747-0.12576091j,0.1394287+0.07723669j,0.08714264-0.49949305j],[-0.22525002-0.28523377j,-0.45349045-0.01604783j,0.03416388+0.25596899j,-0.00507262-0.02752683j]],[[-0.17913516+0.13422785j,-0.00050164-0.09697582j,-0.42027487-0.03257706j,-0.16538211+0.01134853j],[-0.14580757+0.09570453j,-0.08971575-0.20755663j,0.14051227-0.33856869j,0.02442431-0.01437651j],[-0.11888267+0.11822779j,0.07716476+0.12627246j,0.09094649+0.10301287j,0.01865111-0.56207728j],[-0.14527827-0.01888646j,-0.12212375-0.0301557j,-0.04928881+0.17746322j,0.24907582+0.01319137j]],[[-0.34172478+0.06551113j,0.17339796-0.17156706j,-0.24341513+0.07894581j,-0.12960362+0.06891454j],[-0.12169638+0.35758468j,-0.21282907-0.3393571j,0.21915784-0.15024521j,0.02944471+0.02899029j],[-0.05837971+0.0131997j,0.10863755-0.02177662j,0.04330239+0.08999371j,0.02382081-0.37786579j],[-0.2661716-0.0416592j,-0.20392727-0.15046067j,0.02908166+0.21390214j,0.06470531+0.01327737j]]]", "initial param values": "[1.24577579,1.62640126,3.23218358,0.5815561,1.65565191,4.42303827]", "nelder_mead": {"type": "gradient-free", "0": {"maxiter": 100, "fatol": 1e-05, "xatol": 1e-05, "duration": 0.02695012092590332, "fun": "0.5034190838722714", "nit": "100", "nfev": "157", "status": "2", "success": "False", "message": "Maximum number of iterations has been exceeded.", "x": "[ 1.98353096  3.13272523  4.27621884  0.83022486 -1.32530226  5.60740417]", "final_simplex": "(array([[ 1.98353096,  3.13272523,  4.27621884,  0.83022486, -1.32530226,\n         5.60740417],\n       [ 2.15597768,  3.03126482,  4.37504681,  0.79264846, -1.19602365,\n         5.40642959],\n       [ 2.15961496,  3.05621493,  4.39034484,  0.79706236, -1.31274492,\n         5.62421704],\n       [ 2.02334461,  3.05619766,  4.21517428,  0.78771692, -1.12288535,\n         5.54135498],\n       [ 2.1215291 ,  3.19584745,  4.4332178 ,  0.81183496, -1.42290357,\n         5.57420132],\n       [ 2.24017705,  3.06569414,  4.15661854,  0.79217485, -1.18066767,\n         5.34102598],\n       [ 2.28395002,  2.94949285,  4.30574623,  0.79964152, -1.23390432,\n         5.63839837]]), array([0.50341908, 0.50647809, 0.50903096, 0.51140618, 0.51216458,\n       0.51226476, 0.51227567]))"}, "1": {"maxiter": 100, "fatol": 1e-05, "xatol": 1e-10, "duration": 0.026540756225585938, "fun": "0.5034190838722714", "nit": "100", "nfev": "157", "status": "2", "success": "False", "message": "Maximum number of iterations has been exceeded.", "x": "[ 1.98353096  3.13272523  4.27621884  0.83022486 -1.32530226  5.60740417]", "final_simplex": "(array([[ 1.98353096,  3.13272523,  4.27621884,  0.83022486, -1.32530226,\n         5.60740417],\n       [ 2.15597768,  3.03126482,  4.37504681,  0.79264846, -1.19602365,\n         5.40642959],\n       [ 2.15961496,  3.05621493,  4.39034484,  0.79706236, -1.31274492,\n         5.62421704],\n       [ 2.02334461,  3.05619766,  4.21517428,  0.78771692, -1.12288535,\n         5.54135498],\n       [ 2.1215291 ,  3.19584745,  4.4332178 ,  0.81183496, -1.42290357,\n         5.57420132],\n       [ 2.24017705,  3.06569414,  4.15661854,  0.79217485, -1.18066767,\n         5.34102598],\n       [ 2.28395002,  2.94949285,  4.30574623,  0.79964152, -1.23390432,\n         5.63839837]]), array([0.50341908, 0.50647809, 0.50903096, 0.51140618, 0.51216458,\n       0.51226476, 0.51227567]))"}, "2": {"maxiter": 100, "fatol": 1e-10, "xatol": 1e-05, "duration": 0.02647089958190918, "fun": "0.5034190838722714", "nit": "100", "nfev": "157", "status": "2", "success": "False", "message": "Maximum number of iterations has been exceeded.", "x": "[ 1.98353096  3.13272523  4.27621884  0.83022486 -1.32530226  5.60740417]", "final_simplex": "(array([[ 1.98353096,  3.13272523,  4.27621884,  0.83022486, -1.32530226,\n         5.60740417],\n       [ 2.15597768,  3.03126482,  4.37504681,  0.79264846, -1.19602365,\n         5.40642959],\n       [ 2.15961496,  3.05621493,  4.39034484,  0.79706236, -1.31274492,\n         5.62421704],\n       [ 2.02334461,  3.05619766,  4.21517428,  0.78771692, -1.12288535,\n         5.54135498],\n       [ 2.1215291 ,  3.19584745,  4.4332178 ,  0.81183496, -1.42290357,\n         5.57420132],\n       [ 2.24017705,  3.06569414,  4.15661854,  0.79217485, -1.18066767,\n         5.34102598],\n       [ 2.28395002,  2.94949285,  4.30574623,  0.79964152, -1.23390432,\n         5.63839837]]), array([0.50341908, 0.50647809, 0.50903096, 0.51140618, 0.51216458,\n       0.51226476, 0.51227567]))"}, "3": {"maxiter": 100, "fatol": 1e-10, "xatol": 1e-10, "duration": 0.026507854461669922, "fun": "0.5034190838722714", "nit": "100", "nfev": "157", "status": "2", "success": "False", "message": "Maximum number of iterations has been exceeded.", "x": "[ 1.98353096  3.13272523  4.27621884  0.83022486 -1.32530226  5.60740417]", "final_simplex": "(array([[ 1.98353096,  3.13272523,  4.27621884,  0.83022486, -1.32530226,\n         5.60740417],\n       [ 2.15597768,  3.03126482,  4.37504681,  0.79264846, -1.19602365,\n         5.40642959],\n       [ 2.15961496,  3.05621493,  4.39034484,  0.79706236, -1.31274492,\n         5.62421704],\n       [ 2.02334461,  3.05619766,  4.21517428,  0.78771692, -1.12288535,\n         5.54135498],\n       [ 2.1215291 ,  3.19584745,  4.4332178 ,  0.81183496, -1.42290357,\n         5.57420132],\n       [ 2.24017705,  3.06569414,  4.15661854,  0.79217485, -1.18066767,\n         5.34102598],\n       [ 2.28395002,  2.94949285,  4.30574623,  0.79964152, -1.23390432,\n         5.63839837]]), array([0.50341908, 0.50647809, 0.50903096, 0.51140618, 0.51216458,\n       0.51226476, 0.51227567]))"}, "4": {"maxiter": 500, "fatol": 1e-05, "xatol": 1e-05, "duration": 0.10489296913146973, "fun": "0.42716172716478784", "nit": "397", "nfev": "620", "status": "0", "success": "True", "message": "Optimization terminated successfully.", "x": "[ 1.94239548  2.7144589   4.26206415  1.46669264 -1.49259512  5.56720288]", "final_simplex": "(array([[ 1.94239548,  2.7144589 ,  4.26206415,  1.46669264, -1.49259512,\n         5.56720288],\n       [ 1.94239859,  2.71445976,  4.26207268,  1.46669454, -1.49260135,\n         5.56720041],\n       [ 1.942391  ,  2.71445753,  4.26206585,  1.46669292, -1.49259856,\n         5.56719919],\n       [ 1.94239616,  2.7144537 ,  4.26206557,  1.46669468, -1.49260018,\n         5.56720375],\n       [ 1.94239468,  2.71446023,  4.26207356,  1.46669802, -1.49259854,\n         5.5672112 ],\n       [ 1.94239618,  2.71445371,  4.26206787,  1.4666903 , -1.49259231,\n         5.56720056],\n       [ 1.94239082,  2.71446605,  4.26207175,  1.46668831, -1.49260127,\n         5.56720864]]), array([0.42716173, 0.42716173, 0.42716173, 0.42716173, 0.42716173,\n       0.42716173, 0.42716173]))"}, "5": {"maxiter": 500, "fatol": 1e-05, "xatol": 1e-10, "duration": 0.1422102451324463, "fun": "0.42716172716084266", "nit": "500", "nfev": "846", "status": "2", "success": "False", "message": "Maximum number of iterations has been exceeded.", "x": "[ 1.94239463  2.71446151  4.26207091  1.46669408 -1.49259807  5.56720323]", "final_simplex": "(array([[ 1.94239463,  2.71446151,  4.26207091,  1.46669408, -1.49259807,\n         5.56720323],\n       [ 1.94239463,  2.71446151,  4.26207091,  1.46669408, -1.49259807,\n         5.56720323],\n       [ 1.94239463,  2.71446151,  4.26207091,  1.46669408, -1.49259807,\n         5.56720323],\n       [ 1.94239463,  2.71446151,  4.26207091,  1.46669408, -1.49259807,\n         5.56720323],\n       [ 1.94239463,  2.71446151,  4.26207091,  1.46669408, -1.49259807,\n         5.56720323],\n       [ 1.94239463,  2.71446151,  4.26207091,  1.46669408, -1.49259807,\n         5.56720323],\n       [ 1.94239463,  2.71446151,  4.26207091,  1.46669408, -1.49259807,\n         5.56720323]]), array([0.42716173, 0.42716173, 0.42716173, 0.42716173, 0.42716173,\n       0.42716173, 0.42716173]))"}, "6": {"maxiter": 500, "fatol": 1e-10, "xatol": 1e-05, "duration": 0.10441231727600098, "fun": "0.42716172716478784", "nit": "397", "nfev": "620", "status": "0", "success": "True", "message": "Optimization terminated successfully.", "x": "[ 1.94239548  2.7144589   4.26206415  1.46669264 -1.49259512  5.56720288]", "final_simplex": "(array([[ 1.94239548,  2.7144589 ,  4.26206415,  1.46669264, -1.49259512,\n         5.56720288],\n       [ 1.94239859,  2.71445976,  4.26207268,  1.46669454, -1.49260135,\n         5.56720041],\n       [ 1.942391  ,  2.71445753,  4.26206585,  1.46669292, -1.49259856,\n         5.56719919],\n       [ 1.94239616,  2.7144537 ,  4.26206557,  1.46669468, -1.49260018,\n         5.56720375],\n       [ 1.94239468,  2.71446023,  4.26207356,  1.46669802, -1.49259854,\n         5.5672112 ],\n       [ 1.94239618,  2.71445371,  4.26206787,  1.4666903 , -1.49259231,\n         5.56720056],\n       [ 1.94239082,  2.71446605,  4.26207175,  1.46668831, -1.49260127,\n         5.56720864]]), array([0.42716173, 0.42716173, 0.42716173, 0.42716173, 0.42716173,\n       0.42716173, 0.42716173]))"}, "7": {"maxiter": 500, "fatol": 1e-10, "xatol": 1e-10, "duration": 0.1423490047454834, "fun": "0.42716172716084266", "nit": "500", "nfev": "846", "status": "2", "success": "False", "message": "Maximum number of iterations has been exceeded.", "x": "[ 1.94239463  2.71446151  4.26207091  1.46669408 -1.49259807  5.56720323]", "final_simplex": "(array([[ 1.94239463,  2.71446151,  4.26207091,  1.46669408, -1.49259807,\n         5.56720323],\n       [ 1.94239463,  2.71446151,  4.26207091,  1.46669408, -1.49259807,\n         5.56720323],\n       [ 1.94239463,  2.71446151,  4.26207091,  1.46669408, -1.49259807,\n         5.56720323],\n       [ 1.94239463,  2.71446151,  4.26207091,  1.46669408, -1.49259807,\n         5.56720323],\n       [ 1.94239463,  2.71446151,  4.26207091,  1.46669408, -1.49259807,\n         5.56720323],\n       [ 1.94239463,  2.71446151,  4.26207091,  1.46669408, -1.49259807,\n         5.56720323],\n       [ 1.94239463,  2.71446151,  4.26207091,  1.46669408, -1.49259807,\n         5.56720323]]), array([0.42716173, 0.42716173, 0.42716173, 0.42716173, 0.42716173,\n       0.42716173, 0.42716173]))"}, "8": {"maxiter": 1000, "fatol": 1e-05, "xatol": 1e-05, "duration": 0.1046288013458252, "fun": "0.42716172716478784", "nit": "397", "nfev": "620", "status": "0", "success": "True", "message": "Optimization terminated successfully.", "x": "[ 1.94239548  2.7144589   4.26206415  1.46669264 -1.49259512  5.56720288]", "final_simplex": "(array([[ 1.94239548,  2.7144589 ,  4.26206415,  1.46669264, -1.49259512,\n         5.56720288],\n       [ 1.94239859,  2.71445976,  4.26207268,  1.46669454, -1.49260135,\n         5.56720041],\n       [ 1.942391  ,  2.71445753,  4.26206585,  1.46669292, -1.49259856,\n         5.56719919],\n       [ 1.94239616,  2.7144537 ,  4.26206557,  1.46669468, -1.49260018,\n         5.56720375],\n       [ 1.94239468,  2.71446023,  4.26207356,  1.46669802, -1.49259854,\n         5.5672112 ],\n       [ 1.94239618,  2.71445371,  4.26206787,  1.4666903 , -1.49259231,\n         5.56720056],\n       [ 1.94239082,  2.71446605,  4.26207175,  1.46668831, -1.49260127,\n         5.56720864]]), array([0.42716173, 0.42716173, 0.42716173, 0.42716173, 0.42716173,\n       0.42716173, 0.42716173]))"}, "9": {"maxiter": 1000, "fatol": 1e-05, "xatol": 1e-10, "duration": 0.14203619956970215, "fun": "0.42716172716084266", "nit": "500", "nfev": "846", "status": "0", "success": "True", "message": "Optimization terminated successfully.", "x": "[ 1.94239463  2.71446151  4.26207091  1.46669408 -1.49259807  5.56720323]", "final_simplex": "(array([[ 1.94239463,  2.71446151,  4.26207091,  1.46669408, -1.49259807,\n         5.56720323],\n       [ 1.94239463,  2.71446151,  4.26207091,  1.46669408, -1.49259807,\n         5.56720323],\n       [ 1.94239463,  2.71446151,  4.26207091,  1.46669408, -1.49259807,\n         5.56720323],\n       [ 1.94239463,  2.71446151,  4.26207091,  1.46669408, -1.49259807,\n         5.56720323],\n       [ 1.94239463,  2.71446151,  4.26207091,  1.46669408, -1.49259807,\n         5.56720323],\n       [ 1.94239463,  2.71446151,  4.26207091,  1.46669408, -1.49259807,\n         5.56720323],\n       [ 1.94239463,  2.71446151,  4.26207091,  1.46669408, -1.49259807,\n         5.56720323]]), array([0.42716173, 0.42716173, 0.42716173, 0.42716173, 0.42716173,\n       0.42716173, 0.42716173]))"}, "10": {"maxiter": 1000, "fatol": 1e-10, "xatol": 1e-05, "duration": 0.10385680198669434, "fun": "0.42716172716478784", "nit": "397", "nfev": "620", "status": "0", "success": "True", "message": "Optimization terminated successfully.", "x": "[ 1.94239548  2.7144589   4.26206415  1.46669264 -1.49259512  5.56720288]", "final_simplex": "(array([[ 1.94239548,  2.7144589 ,  4.26206415,  1.46669264, -1.49259512,\n         5.56720288],\n       [ 1.94239859,  2.71445976,  4.26207268,  1.46669454, -1.49260135,\n         5.56720041],\n       [ 1.942391  ,  2.71445753,  4.26206585,  1.46669292, -1.49259856,\n         5.56719919],\n       [ 1.94239616,  2.7144537 ,  4.26206557,  1.46669468, -1.49260018,\n         5.56720375],\n       [ 1.94239468,  2.71446023,  4.26207356,  1.46669802, -1.49259854,\n         5.5672112 ],\n       [ 1.94239618,  2.71445371,  4.26206787,  1.4666903 , -1.49259231,\n         5.56720056],\n       [ 1.94239082,  2.71446605,  4.26207175,  1.46668831, -1.49260127,\n         5.56720864]]), array([0.42716173, 0.42716173, 0.42716173, 0.42716173, 0.42716173,\n       0.42716173, 0.42716173]))"}, "11": {"maxiter": 1000, "fatol": 1e-10, "xatol": 1e-10, "duration": 0.1415863037109375, "fun": "0.42716172716084266", "nit": "500", "nfev": "846", "status": "0", "success": "True", "message": "Optimization terminated successfully.", "x": "[ 1.94239463  2.71446151  4.26207091  1.46669408 -1.49259807  5.56720323]", "final_simplex": "(array([[ 1.94239463,  2.71446151,  4.26207091,  1.46669408, -1.49259807,\n         5.56720323],\n       [ 1.94239463,  2.71446151,  4.26207091,  1.46669408, -1.49259807,\n         5.56720323],\n       [ 1.94239463,  2.71446151,  4.26207091,  1.46669408, -1.49259807,\n         5.56720323],\n       [ 1.94239463,  2.71446151,  4.26207091,  1.46669408, -1.49259807,\n         5.56720323],\n       [ 1.94239463,  2.71446151,  4.26207091,  1.46669408, -1.49259807,\n         5.56720323],\n       [ 1.94239463,  2.71446151,  4.26207091,  1.46669408, -1.49259807,\n         5.56720323],\n       [ 1.94239463,  2.71446151,  4.26207091,  1.46669408, -1.49259807,\n         5.56720323]]), array([0.42716173, 0.42716173, 0.42716173, 0.42716173, 0.42716173,\n       0.42716173, 0.42716173]))"}}, "bfgs": {"type": "gradient", "0": {"maxiter": 100, "gtol": 1e-05, "xrtol": 1e-05, "eps": 1e-05, "duration": 0.031260013580322266, "fun": "0.4271617272076589", "jac": "[ 7.82707232e-08 -4.32820446e-07 -9.72677494e-07 -1.03357323e-06\n  2.97206704e-07  1.24456001e-08]", "hess_inv": "[[ 4.33059004  0.12870288 -0.73391471  0.12240947  0.4668725  -0.5971159 ]\n [ 0.12870288  4.31619987  1.67663853  0.2441798  -0.88765573 -0.2249235 ]\n [-0.73391471  1.67663853  5.17619919  0.55948656 -1.73225525  0.33752174]\n [ 0.12240947  0.2441798   0.55948656  3.83182362 -0.53626936  0.37677251]\n [ 0.4668725  -0.88765573 -1.73225525 -0.53626936  4.42567012 -0.65780822]\n [-0.5971159  -0.2249235   0.33752174  0.37677251 -0.65780822  3.89418832]]", "nfev": "182", "njev": "26", "status": "0", "success": "True", "message": "Optimization terminated successfully.", "x": "[ 1.94239191  2.71444908  4.26205452  1.46668162 -1.49259418  5.56719777]", "nit": "23"}, "1": {"maxiter": 100, "gtol": 1e-05, "xrtol": 1e-05, "eps": 1e-10, "duration": 0.02993488311767578, "fun": "0.42716172783621786", "jac": "[-2.22044587e-06 -3.33066880e-06  2.22044587e-06 -8.88178346e-06\n  5.55111466e-06 -7.77156053e-06]", "hess_inv": "[[ 4.31675569  0.09541842 -0.77356726  0.0694038   0.48567574 -0.61658443]\n [ 0.09541842  4.47062476  1.91697134  0.26996935 -0.89771241 -0.37801455]\n [-0.77356726  1.91697134  5.55570225  0.609055   -1.73626789  0.09475018]\n [ 0.0694038   0.26996935  0.609055    3.42971873 -0.24469744 -0.15061125]\n [ 0.48567574 -0.89771241 -1.73626789 -0.24469744  4.18924875 -0.28171333]\n [-0.61658443 -0.37801455  0.09475018 -0.15061125 -0.28171333  3.43227802]]", "nfev": "175", "njev": "25", "status": "0", "success": "True", "message": "Optimization terminated successfully.", "x": "[ 1.94238822  2.71444432  4.26204277  1.46663534 -1.49256075  5.56715927]", "nit": "22"}, "2": {"maxiter": 100, "gtol": 1e-05, "xrtol": 1e-10, "eps": 1e-05, "duration": 0.03109002113342285, "fun": "0.4271617272076589", "jac": "[ 7.82707232e-08 -4.32820446e-07 -9.72677494e-07 -1.03357323e-06\n  2.97206704e-07  1.24456001e-08]", "hess_inv": "[[ 4.33059004  0.12870288 -0.73391471  0.12240947  0.4668725  -0.5971159 ]\n [ 0.12870288  4.31619987  1.67663853  0.2441798  -0.88765573 -0.2249235 ]\n [-0.73391471  1.67663853  5.17619919  0.55948656 -1.73225525  0.33752174]\n [ 0.12240947  0.2441798   0.55948656  3.83182362 -0.53626936  0.37677251]\n [ 0.4668725  -0.88765573 -1.73225525 -0.53626936  4.42567012 -0.65780822]\n [-0.5971159  -0.2249235   0.33752174  0.37677251 -0.65780822  3.89418832]]", "nfev": "182", "njev": "26", "status": "0", "success": "True", "message": "Optimization terminated successfully.", "x": "[ 1.94239191  2.71444908  4.26205452  1.46668162 -1.49259418  5.56719777]", "nit": "23"}, "3": {"maxiter": 100, "gtol": 1e-05, "xrtol": 1e-10, "eps": 1e-10, "duration": 0.029955148696899414, "fun": "0.42716172783621786", "jac": "[-2.22044587e-06 -3.33066880e-06  2.22044587e-06 -8.88178346e-06\n  5.55111466e-06 -7.77156053e-06]", "hess_inv": "[[ 4.31675569  0.09541842 -0.77356726  0.0694038   0.48567574 -0.61658443]\n [ 0.09541842  4.47062476  1.91697134  0.26996935 -0.89771241 -0.37801455]\n [-0.77356726  1.91697134  5.55570225  0.609055   -1.73626789  0.09475018]\n [ 0.0694038   0.26996935  0.609055    3.42971873 -0.24469744 -0.15061125]\n [ 0.48567574 -0.89771241 -1.73626789 -0.24469744  4.18924875 -0.28171333]\n [-0.61658443 -0.37801455  0.09475018 -0.15061125 -0.28171333  3.43227802]]", "nfev": "175", "njev": "25", "status": "0", "success": "True", "message": "Optimization terminated successfully.", "x": "[ 1.94238822  2.71444432  4.26204277  1.46663534 -1.49256075  5.56715927]", "nit": "22"}, "4": {"maxiter": 100, "gtol": 1e-10, "xrtol": 1e-05, "eps": 1e-05, "duration": 0.031177759170532227, "fun": "0.4271617272076589", "jac": "[ 7.82707232e-08 -4.32820446e-07 -9.72677494e-07 -1.03357323e-06\n  2.97206704e-07  1.24456001e-08]", "hess_inv": "[[ 4.33059004  0.12870288 -0.73391471  0.12240947  0.4668725  -0.5971159 ]\n [ 0.12870288  4.31619987  1.67663853  0.2441798  -0.88765573 -0.2249235 ]\n [-0.73391471  1.67663853  5.17619919  0.55948656 -1.73225525  0.33752174]\n [ 0.12240947  0.2441798   0.55948656  3.83182362 -0.53626936  0.37677251]\n [ 0.4668725  -0.88765573 -1.73225525 -0.53626936  4.42567012 -0.65780822]\n [-0.5971159  -0.2249235   0.33752174  0.37677251 -0.65780822  3.89418832]]", "nfev": "182", "njev": "26", "status": "0", "success": "True", "message": "Optimization terminated successfully.", "x": "[ 1.94239191  2.71444908  4.26205452  1.46668162 -1.49259418  5.56719777]", "nit": "23"}, "5": {"maxiter": 100, "gtol": 1e-10, "xrtol": 1e-05, "eps": 1e-10, "duration": 0.03118896484375, "fun": "0.4271617272535413", "jac": "[ 1.11022293e-06  3.33066880e-06 -1.11022293e-06 -3.33066880e-06\n -1.11022293e-06 -1.11022293e-06]", "hess_inv": "[[ 4.32610631  0.10450423 -0.77957591  0.12473911  0.43821087 -0.55156189]\n [ 0.10450423  4.29756693  1.72085173  0.28546446 -0.91713739 -0.16210469]\n [-0.77957591  1.72085173  5.36050003  0.53345723 -1.67783939  0.21274482]\n [ 0.12473911  0.28546446  0.53345723  3.74912985 -0.51996886  0.26631844]\n [ 0.43821087 -0.91713739 -1.67783939 -0.51996886  4.42626811 -0.63419192]\n [-0.55156189 -0.16210469  0.21274482  0.26631844 -0.63419192  3.75618801]]", "nfev": "182", "njev": "26", "status": "0", "success": "True", "message": "Optimization terminated successfully.", "x": "[ 1.9423943   2.71446142  4.26205058  1.46667364 -1.49259323  5.56719211]", "nit": "23"}, "6": {"maxiter": 100, "gtol": 1e-10, "xrtol": 1e-10, "eps": 1e-05, "duration": 0.05172610282897949, "fun": "0.42716172718136225", "jac": "[-1.33226763e-10 -1.22124533e-09 -1.47659662e-09  1.44328993e-09\n -8.43769499e-10  3.87467836e-09]", "hess_inv": "[[ 4.33480855  0.07848074 -0.80917402  0.05939479  0.52002096 -0.61514608]\n [ 0.07848074  4.54080476  2.05938278  0.49205596 -1.09675973 -0.20571713]\n [-0.80917402  2.05938278  5.81260553  0.98949266 -2.09533342  0.38626295]\n [ 0.05939479  0.49205596  0.98949266  4.09388389 -0.75764395  0.38212405]\n [ 0.52002096 -1.09675973 -2.09533342 -0.75764395  4.61264901 -0.66240362]\n [-0.61514608 -0.20571713  0.38626295  0.38212405 -0.66240362  3.87167747]]", "nfev": "304", "njev": "42", "status": "2", "success": "False", "message": "Desired error not necessarily achieved due to precision loss.", "x": "[ 1.94239068  2.71445385  4.26206283  1.46668735 -1.49259894  5.56719877]", "nit": "25"}, "7": {"maxiter": 100, "gtol": 1e-10, "xrtol": 1e-10, "eps": 1e-10, "duration": 0.08638596534729004, "fun": "0.4271617271713658", "jac": "[2.22044587e-06 0.00000000e+00 1.11022293e-06 2.22044587e-06\n 3.33066880e-06 2.22044587e-06]", "hess_inv": "[[ 0.1551304  -0.13614301 -0.17709049 -0.08396926 -0.11290952  0.09984939]\n [-0.13614301  0.23479356  0.32752722  0.16519521  0.16570868 -0.30900819]\n [-0.17709049  0.32752722  0.82094709  0.38046294  0.27283182 -0.72225958]\n [-0.08396926  0.16519521  0.38046294  0.18476061  0.13057654 -0.34666342]\n [-0.11290952  0.16570868  0.27283182  0.13057654  0.137212   -0.2392612 ]\n [ 0.09984939 -0.30900819 -0.72225958 -0.34666342 -0.2392612   0.70794465]]", "nfev": "509", "njev": "71", "status": "2", "success": "False", "message": "Desired error not necessarily achieved due to precision loss.", "x": "[ 1.94239231  2.71445649  4.26206405  1.46668853 -1.49259652  5.56719928]", "nit": "35"}, "8": {"maxiter": 500, "gtol": 1e-05, "xrtol": 1e-05, "eps": 1e-05, "duration": 0.031184911727905273, "fun": "0.4271617272076589", "jac": "[ 7.82707232e-08 -4.32820446e-07 -9.72677494e-07 -1.03357323e-06\n  2.97206704e-07  1.24456001e-08]", "hess_inv": "[[ 4.33059004  0.12870288 -0.73391471  0.12240947  0.4668725  -0.5971159 ]\n [ 0.12870288  4.31619987  1.67663853  0.2441798  -0.88765573 -0.2249235 ]\n [-0.73391471  1.67663853  5.17619919  0.55948656 -1.73225525  0.33752174]\n [ 0.12240947  0.2441798   0.55948656  3.83182362 -0.53626936  0.37677251]\n [ 0.4668725  -0.88765573 -1.73225525 -0.53626936  4.42567012 -0.65780822]\n [-0.5971159  -0.2249235   0.33752174  0.37677251 -0.65780822  3.89418832]]", "nfev": "182", "njev": "26", "status": "0", "success": "True", "message": "Optimization terminated successfully.", "x": "[ 1.94239191  2.71444908  4.26205452  1.46668162 -1.49259418  5.56719777]", "nit": "23"}, "9": {"maxiter": 500, "gtol": 1e-05, "xrtol": 1e-05, "eps": 1e-10, "duration": 0.029980897903442383, "fun": "0.42716172783621786", "jac": "[-2.22044587e-06 -3.33066880e-06  2.22044587e-06 -8.88178346e-06\n  5.55111466e-06 -7.77156053e-06]", "hess_inv": "[[ 4.31675569  0.09541842 -0.77356726  0.0694038   0.48567574 -0.61658443]\n [ 0.09541842  4.47062476  1.91697134  0.26996935 -0.89771241 -0.37801455]\n [-0.77356726  1.91697134  5.55570225  0.609055   -1.73626789  0.09475018]\n [ 0.0694038   0.26996935  0.609055    3.42971873 -0.24469744 -0.15061125]\n [ 0.48567574 -0.89771241 -1.73626789 -0.24469744  4.18924875 -0.28171333]\n [-0.61658443 -0.37801455  0.09475018 -0.15061125 -0.28171333  3.43227802]]", "nfev": "175", "njev": "25", "status": "0", "success": "True", "message": "Optimization terminated successfully.", "x": "[ 1.94238822  2.71444432  4.26204277  1.46663534 -1.49256075  5.56715927]", "nit": "22"}, "10": {"maxiter": 500, "gtol": 1e-05, "xrtol": 1e-10, "eps": 1e-05, "duration": 0.03115701675415039, "fun": "0.4271617272076589", "jac": "[ 7.82707232e-08 -4.32820446e-07 -9.72677494e-07 -1.03357323e-06\n  2.97206704e-07  1.24456001e-08]", "hess_inv": "[[ 4.33059004  0.12870288 -0.73391471  0.12240947  0.4668725  -0.5971159 ]\n [ 0.12870288  4.31619987  1.67663853  0.2441798  -0.88765573 -0.2249235 ]\n [-0.73391471  1.67663853  5.17619919  0.55948656 -1.73225525  0.33752174]\n [ 0.12240947  0.2441798   0.55948656  3.83182362 -0.53626936  0.37677251]\n [ 0.4668725  -0.88765573 -1.73225525 -0.53626936  4.42567012 -0.65780822]\n [-0.5971159  -0.2249235   0.33752174  0.37677251 -0.65780822  3.89418832]]", "nfev": "182", "njev": "26", "status": "0", "success": "True", "message": "Optimization terminated successfully.", "x": "[ 1.94239191  2.71444908  4.26205452  1.46668162 -1.49259418  5.56719777]", "nit": "23"}, "11": {"maxiter": 500, "gtol": 1e-05, "xrtol": 1e-10, "eps": 1e-10, "duration": 0.02990579605102539, "fun": "0.42716172783621786", "jac": "[-2.22044587e-06 -3.33066880e-06  2.22044587e-06 -8.88178346e-06\n  5.55111466e-06 -7.77156053e-06]", "hess_inv": "[[ 4.31675569  0.09541842 -0.77356726  0.0694038   0.48567574 -0.61658443]\n [ 0.09541842  4.47062476  1.91697134  0.26996935 -0.89771241 -0.37801455]\n [-0.77356726  1.91697134  5.55570225  0.609055   -1.73626789  0.09475018]\n [ 0.0694038   0.26996935  0.609055    3.42971873 -0.24469744 -0.15061125]\n [ 0.48567574 -0.89771241 -1.73626789 -0.24469744  4.18924875 -0.28171333]\n [-0.61658443 -0.37801455  0.09475018 -0.15061125 -0.28171333  3.43227802]]", "nfev": "175", "njev": "25", "status": "0", "success": "True", "message": "Optimization terminated successfully.", "x": "[ 1.94238822  2.71444432  4.26204277  1.46663534 -1.49256075  5.56715927]", "nit": "22"}, "12": {"maxiter": 500, "gtol": 1e-10, "xrtol": 1e-05, "eps": 1e-05, "duration": 0.031141996383666992, "fun": "0.4271617272076589", "jac": "[ 7.82707232e-08 -4.32820446e-07 -9.72677494e-07 -1.03357323e-06\n  2.97206704e-07  1.24456001e-08]", "hess_inv": "[[ 4.33059004  0.12870288 -0.73391471  0.12240947  0.4668725  -0.5971159 ]\n [ 0.12870288  4.31619987  1.67663853  0.2441798  -0.88765573 -0.2249235 ]\n [-0.73391471  1.67663853  5.17619919  0.55948656 -1.73225525  0.33752174]\n [ 0.12240947  0.2441798   0.55948656  3.83182362 -0.53626936  0.37677251]\n [ 0.4668725  -0.88765573 -1.73225525 -0.53626936  4.42567012 -0.65780822]\n [-0.5971159  -0.2249235   0.33752174  0.37677251 -0.65780822  3.89418832]]", "nfev": "182", "njev": "26", "status": "0", "success": "True", "message": "Optimization terminated successfully.", "x": "[ 1.94239191  2.71444908  4.26205452  1.46668162 -1.49259418  5.56719777]", "nit": "23"}, "13": {"maxiter": 500, "gtol": 1e-10, "xrtol": 1e-05, "eps": 1e-10, "duration": 0.031107187271118164, "fun": "0.4271617272535413", "jac": "[ 1.11022293e-06  3.33066880e-06 -1.11022293e-06 -3.33066880e-06\n -1.11022293e-06 -1.11022293e-06]", "hess_inv": "[[ 4.32610631  0.10450423 -0.77957591  0.12473911  0.43821087 -0.55156189]\n [ 0.10450423  4.29756693  1.72085173  0.28546446 -0.91713739 -0.16210469]\n [-0.77957591  1.72085173  5.36050003  0.53345723 -1.67783939  0.21274482]\n [ 0.12473911  0.28546446  0.53345723  3.74912985 -0.51996886  0.26631844]\n [ 0.43821087 -0.91713739 -1.67783939 -0.51996886  4.42626811 -0.63419192]\n [-0.55156189 -0.16210469  0.21274482  0.26631844 -0.63419192  3.75618801]]", "nfev": "182", "njev": "26", "status": "0", "success": "True", "message": "Optimization terminated successfully.", "x": "[ 1.9423943   2.71446142  4.26205058  1.46667364 -1.49259323  5.56719211]", "nit": "23"}, "14": {"maxiter": 500, "gtol": 1e-10, "xrtol": 1e-10, "eps": 1e-05, "duration": 0.052381277084350586, "fun": "0.42716172718136225", "jac": "[-1.33226763e-10 -1.22124533e-09 -1.47659662e-09  1.44328993e-09\n -8.43769499e-10  3.87467836e-09]", "hess_inv": "[[ 4.33480855  0.07848074 -0.80917402  0.05939479  0.52002096 -0.61514608]\n [ 0.07848074  4.54080476  2.05938278  0.49205596 -1.09675973 -0.20571713]\n [-0.80917402  2.05938278  5.81260553  0.98949266 -2.09533342  0.38626295]\n [ 0.05939479  0.49205596  0.98949266  4.09388389 -0.75764395  0.38212405]\n [ 0.52002096 -1.09675973 -2.09533342 -0.75764395  4.61264901 -0.66240362]\n [-0.61514608 -0.20571713  0.38626295  0.38212405 -0.66240362  3.87167747]]", "nfev": "304", "njev": "42", "status": "2", "success": "False", "message": "Desired error not necessarily achieved due to precision loss.", "x": "[ 1.94239068  2.71445385  4.26206283  1.46668735 -1.49259894  5.56719877]", "nit": "25"}, "15": {"maxiter": 500, "gtol": 1e-10, "xrtol": 1e-10, "eps": 1e-10, "duration": 0.08729100227355957, "fun": "0.4271617271713658", "jac": "[2.22044587e-06 0.00000000e+00 1.11022293e-06 2.22044587e-06\n 3.33066880e-06 2.22044587e-06]", "hess_inv": "[[ 0.1551304  -0.13614301 -0.17709049 -0.08396926 -0.11290952  0.09984939]\n [-0.13614301  0.23479356  0.32752722  0.16519521  0.16570868 -0.30900819]\n [-0.17709049  0.32752722  0.82094709  0.38046294  0.27283182 -0.72225958]\n [-0.08396926  0.16519521  0.38046294  0.18476061  0.13057654 -0.34666342]\n [-0.11290952  0.16570868  0.27283182  0.13057654  0.137212   -0.2392612 ]\n [ 0.09984939 -0.30900819 -0.72225958 -0.34666342 -0.2392612   0.70794465]]", "nfev": "509", "njev": "71", "status": "2", "success": "False", "message": "Desired error not necessarily achieved due to precision loss.", "x": "[ 1.94239231  2.71445649  4.26206405  1.46668853 -1.49259652  5.56719928]", "nit": "35"}, "16": {"maxiter": 1000, "gtol": 1e-05, "xrtol": 1e-05, "eps": 1e-05, "duration": 0.031311750411987305, "fun": "0.4271617272076589", "jac": "[ 7.82707232e-08 -4.32820446e-07 -9.72677494e-07 -1.03357323e-06\n  2.97206704e-07  1.24456001e-08]", "hess_inv": "[[ 4.33059004  0.12870288 -0.73391471  0.12240947  0.4668725  -0.5971159 ]\n [ 0.12870288  4.31619987  1.67663853  0.2441798  -0.88765573 -0.2249235 ]\n [-0.73391471  1.67663853  5.17619919  0.55948656 -1.73225525  0.33752174]\n [ 0.12240947  0.2441798   0.55948656  3.83182362 -0.53626936  0.37677251]\n [ 0.4668725  -0.88765573 -1.73225525 -0.53626936  4.42567012 -0.65780822]\n [-0.5971159  -0.2249235   0.33752174  0.37677251 -0.65780822  3.89418832]]", "nfev": "182", "njev": "26", "status": "0", "success": "True", "message": "Optimization terminated successfully.", "x": "[ 1.94239191  2.71444908  4.26205452  1.46668162 -1.49259418  5.56719777]", "nit": "23"}, "17": {"maxiter": 1000, "gtol": 1e-05, "xrtol": 1e-05, "eps": 1e-10, "duration": 0.030130863189697266, "fun": "0.42716172783621786", "jac": "[-2.22044587e-06 -3.33066880e-06  2.22044587e-06 -8.88178346e-06\n  5.55111466e-06 -7.77156053e-06]", "hess_inv": "[[ 4.31675569  0.09541842 -0.77356726  0.0694038   0.48567574 -0.61658443]\n [ 0.09541842  4.47062476  1.91697134  0.26996935 -0.89771241 -0.37801455]\n [-0.77356726  1.91697134  5.55570225  0.609055   -1.73626789  0.09475018]\n [ 0.0694038   0.26996935  0.609055    3.42971873 -0.24469744 -0.15061125]\n [ 0.48567574 -0.89771241 -1.73626789 -0.24469744  4.18924875 -0.28171333]\n [-0.61658443 -0.37801455  0.09475018 -0.15061125 -0.28171333  3.43227802]]", "nfev": "175", "njev": "25", "status": "0", "success": "True", "message": "Optimization terminated successfully.", "x": "[ 1.94238822  2.71444432  4.26204277  1.46663534 -1.49256075  5.56715927]", "nit": "22"}, "18": {"maxiter": 1000, "gtol": 1e-05, "xrtol": 1e-10, "eps": 1e-05, "duration": 0.031281232833862305, "fun": "0.4271617272076589", "jac": "[ 7.82707232e-08 -4.32820446e-07 -9.72677494e-07 -1.03357323e-06\n  2.97206704e-07  1.24456001e-08]", "hess_inv": "[[ 4.33059004  0.12870288 -0.73391471  0.12240947  0.4668725  -0.5971159 ]\n [ 0.12870288  4.31619987  1.67663853  0.2441798  -0.88765573 -0.2249235 ]\n [-0.73391471  1.67663853  5.17619919  0.55948656 -1.73225525  0.33752174]\n [ 0.12240947  0.2441798   0.55948656  3.83182362 -0.53626936  0.37677251]\n [ 0.4668725  -0.88765573 -1.73225525 -0.53626936  4.42567012 -0.65780822]\n [-0.5971159  -0.2249235   0.33752174  0.37677251 -0.65780822  3.89418832]]", "nfev": "182", "njev": "26", "status": "0", "success": "True", "message": "Optimization terminated successfully.", "x": "[ 1.94239191  2.71444908  4.26205452  1.46668162 -1.49259418  5.56719777]", "nit": "23"}, "19": {"maxiter": 1000, "gtol": 1e-05, "xrtol": 1e-10, "eps": 1e-10, "duration": 0.03009772300720215, "fun": "0.42716172783621786", "jac": "[-2.22044587e-06 -3.33066880e-06  2.22044587e-06 -8.88178346e-06\n  5.55111466e-06 -7.77156053e-06]", "hess_inv": "[[ 4.31675569  0.09541842 -0.77356726  0.0694038   0.48567574 -0.61658443]\n [ 0.09541842  4.47062476  1.91697134  0.26996935 -0.89771241 -0.37801455]\n [-0.77356726  1.91697134  5.55570225  0.609055   -1.73626789  0.09475018]\n [ 0.0694038   0.26996935  0.609055    3.42971873 -0.24469744 -0.15061125]\n [ 0.48567574 -0.89771241 -1.73626789 -0.24469744  4.18924875 -0.28171333]\n [-0.61658443 -0.37801455  0.09475018 -0.15061125 -0.28171333  3.43227802]]", "nfev": "175", "njev": "25", "status": "0", "success": "True", "message": "Optimization terminated successfully.", "x": "[ 1.94238822  2.71444432  4.26204277  1.46663534 -1.49256075  5.56715927]", "nit": "22"}, "20": {"maxiter": 1000, "gtol": 1e-10, "xrtol": 1e-05, "eps": 1e-05, "duration": 0.03128504753112793, "fun": "0.4271617272076589", "jac": "[ 7.82707232e-08 -4.32820446e-07 -9.72677494e-07 -1.03357323e-06\n  2.97206704e-07  1.24456001e-08]", "hess_inv": "[[ 4.33059004  0.12870288 -0.73391471  0.12240947  0.4668725  -0.5971159 ]\n [ 0.12870288  4.31619987  1.67663853  0.2441798  -0.88765573 -0.2249235 ]\n [-0.73391471  1.67663853  5.17619919  0.55948656 -1.73225525  0.33752174]\n [ 0.12240947  0.2441798   0.55948656  3.83182362 -0.53626936  0.37677251]\n [ 0.4668725  -0.88765573 -1.73225525 -0.53626936  4.42567012 -0.65780822]\n [-0.5971159  -0.2249235   0.33752174  0.37677251 -0.65780822  3.89418832]]", "nfev": "182", "njev": "26", "status": "0", "success": "True", "message": "Optimization terminated successfully.", "x": "[ 1.94239191  2.71444908  4.26205452  1.46668162 -1.49259418  5.56719777]", "nit": "23"}, "21": {"maxiter": 1000, "gtol": 1e-10, "xrtol": 1e-05, "eps": 1e-10, "duration": 0.03133106231689453, "fun": "0.4271617272535413", "jac": "[ 1.11022293e-06  3.33066880e-06 -1.11022293e-06 -3.33066880e-06\n -1.11022293e-06 -1.11022293e-06]", "hess_inv": "[[ 4.32610631  0.10450423 -0.77957591  0.12473911  0.43821087 -0.55156189]\n [ 0.10450423  4.29756693  1.72085173  0.28546446 -0.91713739 -0.16210469]\n [-0.77957591  1.72085173  5.36050003  0.53345723 -1.67783939  0.21274482]\n [ 0.12473911  0.28546446  0.53345723  3.74912985 -0.51996886  0.26631844]\n [ 0.43821087 -0.91713739 -1.67783939 -0.51996886  4.42626811 -0.63419192]\n [-0.55156189 -0.16210469  0.21274482  0.26631844 -0.63419192  3.75618801]]", "nfev": "182", "njev": "26", "status": "0", "success": "True", "message": "Optimization terminated successfully.", "x": "[ 1.9423943   2.71446142  4.26205058  1.46667364 -1.49259323  5.56719211]", "nit": "23"}, "22": {"maxiter": 1000, "gtol": 1e-10, "xrtol": 1e-10, "eps": 1e-05, "duration": 0.05207395553588867, "fun": "0.42716172718136225", "jac": "[-1.33226763e-10 -1.22124533e-09 -1.47659662e-09  1.44328993e-09\n -8.43769499e-10  3.87467836e-09]", "hess_inv": "[[ 4.33480855  0.07848074 -0.80917402  0.05939479  0.52002096 -0.61514608]\n [ 0.07848074  4.54080476  2.05938278  0.49205596 -1.09675973 -0.20571713]\n [-0.80917402  2.05938278  5.81260553  0.98949266 -2.09533342  0.38626295]\n [ 0.05939479  0.49205596  0.98949266  4.09388389 -0.75764395  0.38212405]\n [ 0.52002096 -1.09675973 -2.09533342 -0.75764395  4.61264901 -0.66240362]\n [-0.61514608 -0.20571713  0.38626295  0.38212405 -0.66240362  3.87167747]]", "nfev": "304", "njev": "42", "status": "2", "success": "False", "message": "Desired error not necessarily achieved due to precision loss.", "x": "[ 1.94239068  2.71445385  4.26206283  1.46668735 -1.49259894  5.56719877]", "nit": "25"}, "23": {"maxiter": 1000, "gtol": 1e-10, "xrtol": 1e-10, "eps": 1e-10, "duration": 0.08744502067565918, "fun": "0.4271617271713658", "jac": "[2.22044587e-06 0.00000000e+00 1.11022293e-06 2.22044587e-06\n 3.33066880e-06 2.22044587e-06]", "hess_inv": "[[ 0.1551304  -0.13614301 -0.17709049 -0.08396926 -0.11290952  0.09984939]\n [-0.13614301  0.23479356  0.32752722  0.16519521  0.16570868 -0.30900819]\n [-0.17709049  0.32752722  0.82094709  0.38046294  0.27283182 -0.72225958]\n [-0.08396926  0.16519521  0.38046294  0.18476061  0.13057654 -0.34666342]\n [-0.11290952  0.16570868  0.27283182  0.13057654  0.137212   -0.2392612 ]\n [ 0.09984939 -0.30900819 -0.72225958 -0.34666342 -0.2392612   0.70794465]]", "nfev": "509", "njev": "71", "status": "2", "success": "False", "message": "Desired error not necessarily achieved due to precision loss.", "x": "[ 1.94239231  2.71445649  4.26206405  1.46668853 -1.49259652  5.56719928]", "nit": "35"}}, "cobyla": {"0": {"maxiter": 100, "tol": 1e-05, "catol": 1e-05, "duration": 0.01646900177001953, "x": "[ 1.94426618  2.71366258  4.26165855  1.46519507 -1.49252289  5.56787169]", "status": "2", "success": "False", "message": "Maximum number of function evaluations has been exceeded.", "nfev": "100", "fun": "0.42716262017545636", "maxcv": "0.0"}, "1": {"maxiter": 100, "tol": 1e-05, "catol": 1e-10, "duration": 0.016417980194091797, "x": "[ 1.94426618  2.71366258  4.26165855  1.46519507 -1.49252289  5.56787169]", "status": "2", "success": "False", "message": "Maximum number of function evaluations has been exceeded.", "nfev": "100", "fun": "0.42716262017545636", "maxcv": "0.0"}, "2": {"maxiter": 100, "tol": 1e-10, "catol": 1e-05, "duration": 0.01642322540283203, "x": "[ 1.94426618  2.71366258  4.26165855  1.46519507 -1.49252289  5.56787169]", "status": "2", "success": "False", "message": "Maximum number of function evaluations has been exceeded.", "nfev": "100", "fun": "0.42716262017545636", "maxcv": "0.0"}, "3": {"maxiter": 100, "tol": 1e-10, "catol": 1e-10, "duration": 0.016457080841064453, "x": "[ 1.94426618  2.71366258  4.26165855  1.46519507 -1.49252289  5.56787169]", "status": "2", "success": "False", "message": "Maximum number of function evaluations has been exceeded.", "nfev": "100", "fun": "0.42716262017545636", "maxcv": "0.0"}, "4": {"maxiter": 500, "tol": 1e-05, "catol": 1e-05, "duration": 0.026302099227905273, "x": "[ 1.9423902   2.71445417  4.26207807  1.46669447 -1.49259577  5.56719853]", "status": "1", "success": "True", "message": "Optimization terminated successfully.", "nfev": "160", "fun": "0.42716172718709866", "maxcv": "0.0"}, "5": {"maxiter": 500, "tol": 1e-05, "catol": 1e-10, "duration": 0.02630472183227539, "x": "[ 1.9423902   2.71445417  4.26207807  1.46669447 -1.49259577  5.56719853]", "status": "1", "success": "True", "message": "Optimization terminated successfully.", "nfev": "160", "fun": "0.42716172718709866", "maxcv": "0.0"}, "6": {"maxiter": 500, "tol": 1e-10, "catol": 1e-05, "duration": 0.04280900955200195, "x": "[ 1.94239461  2.71446154  4.26207097  1.4666941  -1.49259809  5.56720325]", "status": "1", "success": "True", "message": "Optimization terminated successfully.", "nfev": "260", "fun": "0.4271617271608429", "maxcv": "0.0"}, "7": {"maxiter": 500, "tol": 1e-10, "catol": 1e-10, "duration": 0.04285693168640137, "x"