{"date": "2024/07/19/, 19:01:27", "conf_id": 285, "data_type": "var_s_rank\n", "num_data_points": 3, "s_rank": 0, "unitary": "[[-0.45070455-0.02711853j,0.78437395-0.06613086j,0.06358678+0.19963393j,-0.07343613+0.35668523j],[-0.01890143-0.03813363j,0.32408202+0.25557629j,0.05872864-0.68979805j,0.55466693-0.20227297j],[-0.11215405+0.64023111j,-0.13344055+0.29565494j,-0.49012687-0.19046288j,-0.04241254+0.44046348j],[0.55771659+0.24656916j,0.31851997-0.05798805j,0.28761525-0.34294258j,-0.56718418+0.03616933j]]", "databatch_0": {"databatch": "[[[0.34173511-0.06503973j,-0.14451687+0.04114057j,-0.30921392+0.01521488j,-0.35227606+0.21005526j],[0.07493417+0.28371191j,0.0553936+0.03108453j,0.09874765+0.01007245j,-0.17726658+0.21728106j],[0.28126753-0.12654703j,0.06581213-0.12844979j,0.07888957-0.20304462j,0.45332523+0.05104912j],[-0.1270638+0.06242442j,0.05095647+0.03757692j,0.10241806+0.07472005j,0.01289796+0.04367422j]],[[-0.521731+0.19697022j,0.09246298+0.14767984j,0.31196753-0.07421648j,0.45302628-0.44176904j],[-0.20107905-0.00154253j,0.04916833+0.04090015j,0.11413459+0.08588867j,0.17386878-0.08085165j],[0.05339448-0.02746324j,0.01255996-0.00150912j,-0.08121256+0.03466356j,-0.05120419+0.03897019j],[-0.008098-0.11195476j,-0.06095595-0.0018101j,0.04381724+0.06436171j,0.07562105+0.09958773j]],[[-0.08645824+0.29709227j,0.2452293-0.19832945j,0.10863302-0.13073712j,-0.23093615-0.27325752j],[-0.07270655+0.19168764j,0.17238761-0.1181177j,0.07861699-0.08064648j,-0.1381824-0.19261239j],[0.28010793+0.1114572j,-0.16956878-0.25626818j,-0.11670462-0.11750723j,-0.28648154+0.19858887j],[0.10013102+0.18227829j,0.02226402-0.21081369j,-0.01051957-0.11376456j,-0.23963149-0.02008442j]]]", "initial param values": "[3.28130805,5.65785561,5.37445637,2.26123724,3.15597645,5.2790668]", "nelder_mead": {"type": "gradient-free", "0": {"maxiter": 100, "fatol": 1e-05, "xatol": 1e-05, "duration": 0.024953842163085938, "fun": "0.21209826481001814", "nit": "100", "nfev": "145", "status": "2", "success": "False", "message": "Maximum number of iterations has been exceeded.", "x": "[4.76394113 4.71766892 4.99082147 2.73418335 2.12706046 6.16482456]", "final_simplex": "(array([[4.76394113, 4.71766892, 4.99082147, 2.73418335, 2.12706046,\n        6.16482456],\n       [4.78710638, 4.81155491, 5.0131146 , 2.72857768, 2.09958158,\n        6.33993677],\n       [4.75209662, 4.81301544, 4.7874848 , 2.65535599, 2.24419235,\n        6.31973293],\n       [4.70727547, 4.85513132, 4.87773362, 2.5347469 , 2.27578157,\n        6.20850665],\n       [4.6872386 , 4.75198775, 5.00621221, 2.75787508, 2.11040958,\n        6.26755853],\n       [4.73289217, 4.84136321, 4.94365174, 2.76360422, 2.04358084,\n        6.3335227 ],\n       [4.74304459, 4.71680467, 4.86454775, 2.56855926, 2.26803307,\n        6.31425608]]), array([0.21209826, 0.21354814, 0.21505904, 0.21559334, 0.21605714,\n       0.21614368, 0.21635667]))"}, "1": {"maxiter": 100, "fatol": 1e-05, "xatol": 1e-10, "duration": 0.024815797805786133, "fun": "0.21209826481001814", "nit": "100", "nfev": "145", "status": "2", "success": "False", "message": "Maximum number of iterations has been exceeded.", "x": "[4.76394113 4.71766892 4.99082147 2.73418335 2.12706046 6.16482456]", "final_simplex": "(array([[4.76394113, 4.71766892, 4.99082147, 2.73418335, 2.12706046,\n        6.16482456],\n       [4.78710638, 4.81155491, 5.0131146 , 2.72857768, 2.09958158,\n        6.33993677],\n       [4.75209662, 4.81301544, 4.7874848 , 2.65535599, 2.24419235,\n        6.31973293],\n       [4.70727547, 4.85513132, 4.87773362, 2.5347469 , 2.27578157,\n        6.20850665],\n       [4.6872386 , 4.75198775, 5.00621221, 2.75787508, 2.11040958,\n        6.26755853],\n       [4.73289217, 4.84136321, 4.94365174, 2.76360422, 2.04358084,\n        6.3335227 ],\n       [4.74304459, 4.71680467, 4.86454775, 2.56855926, 2.26803307,\n        6.31425608]]), array([0.21209826, 0.21354814, 0.21505904, 0.21559334, 0.21605714,\n       0.21614368, 0.21635667]))"}, "2": {"maxiter": 100, "fatol": 1e-10, "xatol": 1e-05, "duration": 0.025265932083129883, "fun": "0.21209826481001814", "nit": "100", "nfev": "145", "status": "2", "success": "False", "message": "Maximum number of iterations has been exceeded.", "x": "[4.76394113 4.71766892 4.99082147 2.73418335 2.12706046 6.16482456]", "final_simplex": "(array([[4.76394113, 4.71766892, 4.99082147, 2.73418335, 2.12706046,\n        6.16482456],\n       [4.78710638, 4.81155491, 5.0131146 , 2.72857768, 2.09958158,\n        6.33993677],\n       [4.75209662, 4.81301544, 4.7874848 , 2.65535599, 2.24419235,\n        6.31973293],\n       [4.70727547, 4.85513132, 4.87773362, 2.5347469 , 2.27578157,\n        6.20850665],\n       [4.6872386 , 4.75198775, 5.00621221, 2.75787508, 2.11040958,\n        6.26755853],\n       [4.73289217, 4.84136321, 4.94365174, 2.76360422, 2.04358084,\n        6.3335227 ],\n       [4.74304459, 4.71680467, 4.86454775, 2.56855926, 2.26803307,\n        6.31425608]]), array([0.21209826, 0.21354814, 0.21505904, 0.21559334, 0.21605714,\n       0.21614368, 0.21635667]))"}, "3": {"maxiter": 100, "fatol": 1e-10, "xatol": 1e-10, "duration": 0.024747610092163086, "fun": "0.21209826481001814", "nit": "100", "nfev": "145", "status": "2", "success": "False", "message": "Maximum number of iterations has been exceeded.", "x": "[4.76394113 4.71766892 4.99082147 2.73418335 2.12706046 6.16482456]", "final_simplex": "(array([[4.76394113, 4.71766892, 4.99082147, 2.73418335, 2.12706046,\n        6.16482456],\n       [4.78710638, 4.81155491, 5.0131146 , 2.72857768, 2.09958158,\n        6.33993677],\n       [4.75209662, 4.81301544, 4.7874848 , 2.65535599, 2.24419235,\n        6.31973293],\n       [4.70727547, 4.85513132, 4.87773362, 2.5347469 , 2.27578157,\n        6.20850665],\n       [4.6872386 , 4.75198775, 5.00621221, 2.75787508, 2.11040958,\n        6.26755853],\n       [4.73289217, 4.84136321, 4.94365174, 2.76360422, 2.04358084,\n        6.3335227 ],\n       [4.74304459, 4.71680467, 4.86454775, 2.56855926, 2.26803307,\n        6.31425608]]), array([0.21209826, 0.21354814, 0.21505904, 0.21559334, 0.21605714,\n       0.21614368, 0.21635667]))"}, "4": {"maxiter": 500, "fatol": 1e-05, "xatol": 1e-05, "duration": 0.0792839527130127, "fun": "0.20991970279393335", "nit": "298", "nfev": "469", "status": "0", "success": "True", "message": "Optimization terminated successfully.", "x": "[4.84549361 4.80559207 4.96546288 2.71012491 2.14878196 6.19595219]", "final_simplex": "(array([[4.84549361, 4.80559207, 4.96546288, 2.71012491, 2.14878196,\n        6.19595219],\n       [4.84549243, 4.80559293, 4.96546547, 2.71012207, 2.14878526,\n        6.19595102],\n       [4.84549251, 4.80559469, 4.9654644 , 2.71011889, 2.14878625,\n        6.19595812],\n       [4.84549377, 4.8055988 , 4.96546751, 2.71012618, 2.1487915 ,\n        6.19596079],\n       [4.845495  , 4.80559922, 4.96546573, 2.71012484, 2.14877517,\n        6.19594677],\n       [4.84548895, 4.80559496, 4.96546757, 2.71012147, 2.14877757,\n        6.19595202],\n       [4.84549543, 4.80558912, 4.9654701 , 2.71012438, 2.14878874,\n        6.19595561]]), array([0.2099197, 0.2099197, 0.2099197, 0.2099197, 0.2099197, 0.2099197,\n       0.2099197]))"}, "5": {"maxiter": 500, "fatol": 1e-05, "xatol": 1e-10, "duration": 0.11773014068603516, "fun": "0.20991970279157923", "nit": "393", "nfev": "695", "status": "0", "success": "True", "message": "Optimization terminated successfully.", "x": "[4.84549169 4.80559374 4.96546362 2.71012414 2.14878931 6.19595719]", "final_simplex": "(array([[4.84549169, 4.80559374, 4.96546362, 2.71012414, 2.14878931,\n        6.19595719],\n       [4.84549169, 4.80559374, 4.96546362, 2.71012414, 2.14878931,\n        6.19595719],\n       [4.84549169, 4.80559374, 4.96546362, 2.71012414, 2.14878931,\n        6.19595719],\n       [4.84549169, 4.80559374, 4.96546362, 2.71012414, 2.14878931,\n        6.19595719],\n       [4.84549169, 4.80559374, 4.96546362, 2.71012414, 2.14878931,\n        6.19595719],\n       [4.84549169, 4.80559374, 4.96546362, 2.71012414, 2.14878931,\n        6.19595719],\n       [4.84549169, 4.80559374, 4.96546362, 2.71012414, 2.14878931,\n        6.19595719]]), array([0.2099197, 0.2099197, 0.2099197, 0.2099197, 0.2099197, 0.2099197,\n       0.2099197]))"}, "6": {"maxiter": 500, "fatol": 1e-10, "xatol": 1e-05, "duration": 0.07971000671386719, "fun": "0.20991970279393335", "nit": "298", "nfev": "469", "status": "0", "success": "True", "message": "Optimization terminated successfully.", "x": "[4.84549361 4.80559207 4.96546288 2.71012491 2.14878196 6.19595219]", "final_simplex": "(array([[4.84549361, 4.80559207, 4.96546288, 2.71012491, 2.14878196,\n        6.19595219],\n       [4.84549243, 4.80559293, 4.96546547, 2.71012207, 2.14878526,\n        6.19595102],\n       [4.84549251, 4.80559469, 4.9654644 , 2.71011889, 2.14878625,\n        6.19595812],\n       [4.84549377, 4.8055988 , 4.96546751, 2.71012618, 2.1487915 ,\n        6.19596079],\n       [4.845495  , 4.80559922, 4.96546573, 2.71012484, 2.14877517,\n        6.19594677],\n       [4.84548895, 4.80559496, 4.96546757, 2.71012147, 2.14877757,\n        6.19595202],\n       [4.84549543, 4.80558912, 4.9654701 , 2.71012438, 2.14878874,\n        6.19595561]]), array([0.2099197, 0.2099197, 0.2099197, 0.2099197, 0.2099197, 0.2099197,\n       0.2099197]))"}, "7": {"maxiter": 500, "fatol": 1e-10, "xatol": 1e-10, "duration": 0.11769390106201172, "fun": "0.20991970279157923", "nit": "393", "nfev": "695", "status": "0", "success": "True", "message": "Optimization terminated successfully.", "x": "[4.84549169 4.80559374 4.96546362 2.71012414 2.14878931 6.19595719]", "final_simplex": "(array([[4.84549169, 4.80559374, 4.96546362, 2.71012414, 2.14878931,\n        6.19595719],\n       [4.84549169, 4.80559374, 4.96546362, 2.71012414, 2.14878931,\n        6.19595719],\n       [4.84549169, 4.80559374, 4.96546362, 2.71012414, 2.14878931,\n        6.19595719],\n       [4.84549169, 4.80559374, 4.96546362, 2.71012414, 2.14878931,\n        6.19595719],\n       [4.84549169, 4.80559374, 4.96546362, 2.71012414, 2.14878931,\n        6.19595719],\n       [4.84549169, 4.80559374, 4.96546362, 2.71012414, 2.14878931,\n        6.19595719],\n       [4.84549169, 4.80559374, 4.96546362, 2.71012414, 2.14878931,\n        6.19595719]]), array([0.2099197, 0.2099197, 0.2099197, 0.2099197, 0.2099197, 0.2099197,\n       0.2099197]))"}, "8": {"maxiter": 1000, "fatol": 1e-05, "xatol": 1e-05, "duration": 0.0797579288482666, "fun": "0.20991970279393335", "nit": "298", "nfev": "469", "status": "0", "success": "True", "message": "Optimization terminated successfully.", "x": "[4.84549361 4.80559207 4.96546288 2.71012491 2.14878196 6.19595219]", "final_simplex": "(array([[4.84549361, 4.80559207, 4.96546288, 2.71012491, 2.14878196,\n        6.19595219],\n       [4.84549243, 4.80559293, 4.96546547, 2.71012207, 2.14878526,\n        6.19595102],\n       [4.84549251, 4.80559469, 4.9654644 , 2.71011889, 2.14878625,\n        6.19595812],\n       [4.84549377, 4.8055988 , 4.96546751, 2.71012618, 2.1487915 ,\n        6.19596079],\n       [4.845495  , 4.80559922, 4.96546573, 2.71012484, 2.14877517,\n        6.19594677],\n       [4.84548895, 4.80559496, 4.96546757, 2.71012147, 2.14877757,\n        6.19595202],\n       [4.84549543, 4.80558912, 4.9654701 , 2.71012438, 2.14878874,\n        6.19595561]]), array([0.2099197, 0.2099197, 0.2099197, 0.2099197, 0.2099197, 0.2099197,\n       0.2099197]))"}, "9": {"maxiter": 1000, "fatol": 1e-05, "xatol": 1e-10, "duration": 0.11760115623474121, "fun": "0.20991970279157923", "nit": "393", "nfev": "695", "status": "0", "success": "True", "message": "Optimization terminated successfully.", "x": "[4.84549169 4.80559374 4.96546362 2.71012414 2.14878931 6.19595719]", "final_simplex": "(array([[4.84549169, 4.80559374, 4.96546362, 2.71012414, 2.14878931,\n        6.19595719],\n       [4.84549169, 4.80559374, 4.96546362, 2.71012414, 2.14878931,\n        6.19595719],\n       [4.84549169, 4.80559374, 4.96546362, 2.71012414, 2.14878931,\n        6.19595719],\n       [4.84549169, 4.80559374, 4.96546362, 2.71012414, 2.14878931,\n        6.19595719],\n       [4.84549169, 4.80559374, 4.96546362, 2.71012414, 2.14878931,\n        6.19595719],\n       [4.84549169, 4.80559374, 4.96546362, 2.71012414, 2.14878931,\n        6.19595719],\n       [4.84549169, 4.80559374, 4.96546362, 2.71012414, 2.14878931,\n        6.19595719]]), array([0.2099197, 0.2099197, 0.2099197, 0.2099197, 0.2099197, 0.2099197,\n       0.2099197]))"}, "10": {"maxiter": 1000, "fatol": 1e-10, "xatol": 1e-05, "duration": 0.07973575592041016, "fun": "0.20991970279393335", "nit": "298", "nfev": "469", "status": "0", "success": "True", "message": "Optimization terminated successfully.", "x": "[4.84549361 4.80559207 4.96546288 2.71012491 2.14878196 6.19595219]", "final_simplex": "(array([[4.84549361, 4.80559207, 4.96546288, 2.71012491, 2.14878196,\n        6.19595219],\n       [4.84549243, 4.80559293, 4.96546547, 2.71012207, 2.14878526,\n        6.19595102],\n       [4.84549251, 4.80559469, 4.9654644 , 2.71011889, 2.14878625,\n        6.19595812],\n       [4.84549377, 4.8055988 , 4.96546751, 2.71012618, 2.1487915 ,\n        6.19596079],\n       [4.845495  , 4.80559922, 4.96546573, 2.71012484, 2.14877517,\n        6.19594677],\n       [4.84548895, 4.80559496, 4.96546757, 2.71012147, 2.14877757,\n        6.19595202],\n       [4.84549543, 4.80558912, 4.9654701 , 2.71012438, 2.14878874,\n        6.19595561]]), array([0.2099197, 0.2099197, 0.2099197, 0.2099197, 0.2099197, 0.2099197,\n       0.2099197]))"}, "11": {"maxiter": 1000, "fatol": 1e-10, "xatol": 1e-10, "duration": 0.11767315864562988, "fun": "0.20991970279157923", "nit": "393", "nfev": "695", "status": "0", "success": "True", "message": "Optimization terminated successfully.", "x": "[4.84549169 4.80559374 4.96546362 2.71012414 2.14878931 6.19595719]", "final_simplex": "(array([[4.84549169, 4.80559374, 4.96546362, 2.71012414, 2.14878931,\n        6.19595719],\n       [4.84549169, 4.80559374, 4.96546362, 2.71012414, 2.14878931,\n        6.19595719],\n       [4.84549169, 4.80559374, 4.96546362, 2.71012414, 2.14878931,\n        6.19595719],\n       [4.84549169, 4.80559374, 4.96546362, 2.71012414, 2.14878931,\n        6.19595719],\n       [4.84549169, 4.80559374, 4.96546362, 2.71012414, 2.14878931,\n        6.19595719],\n       [4.84549169, 4.80559374, 4.96546362, 2.71012414, 2.14878931,\n        6.19595719],\n       [4.84549169, 4.80559374, 4.96546362, 2.71012414, 2.14878931,\n        6.19595719]]), array([0.2099197, 0.2099197, 0.2099197, 0.2099197, 0.2099197, 0.2099197,\n       0.2099197]))"}}, "bfgs": {"type": "gradient", "0": {"maxiter": 100, "gtol": 1e-05, "xrtol": 1e-05, "eps": 1e-05, "duration": 0.03174567222595215, "fun": "0.20991970284085915", "jac": "[-1.78597137e-06 -5.13555865e-07 -1.53239643e-06  1.98123740e-06\n  1.12251319e-06  7.87969690e-07]", "hess_inv": "[[ 2.82399882 -0.3329123   0.34478727  0.94278647  0.15664724  0.53605599]\n [-0.3329123   5.14785039 -1.61981981 -1.31854622 -3.57288747 -2.03478591]\n [ 0.34478727 -1.61981981  5.20461681  2.10404848  0.53453788  1.07895391]\n [ 0.94278647 -1.31854622  2.10404848  4.43233101 -3.09738424 -0.60640854]\n [ 0.15664724 -3.57288747  0.53453788 -3.09738424 33.47363792 18.89030856]\n [ 0.53605599 -2.03478591  1.07895391 -0.60640854 18.89030856 16.09185663]]", "nfev": "182", "njev": "26", "status": "0", "success": "True", "message": "Optimization terminated successfully.", "x": "[4.8454803  4.805587   4.96545118 2.71011781 2.14881302 6.19596869]", "nit": "23"}, "1": {"maxiter": 100, "gtol": 1e-05, "xrtol": 1e-05, "eps": 1e-10, "duration": 0.032189130783081055, "fun": "0.20991970290824813", "jac": "[-2.22044587e-06  0.00000000e+00 -2.22044587e-06  4.44089173e-06\n  0.00000000e+00  1.11022293e-06]", "hess_inv": "[[ 2.85923153e+00 -3.13875188e-01  3.76447318e-01  1.03481036e+00\n   2.10100116e-02  4.90591758e-01]\n [-3.13875188e-01  5.04929056e+00 -1.42233168e+00 -1.11453643e+00\n  -3.85002518e+00 -2.10119125e+00]\n [ 3.76447318e-01 -1.42233168e+00  4.95957845e+00  1.93568330e+00\n   7.35554879e-01  1.10950851e+00]\n [ 1.03481036e+00 -1.11453643e+00  1.93568330e+00  4.44050296e+00\n  -3.11801493e+00 -6.40203950e-01]\n [ 2.10100116e-02 -3.85002518e+00  7.35554879e-01 -3.11801493e+00\n   3.35878612e+01  1.89794314e+01]\n [ 4.90591758e-01 -2.10119125e+00  1.10950851e+00 -6.40203950e-01\n   1.89794314e+01  1.61364771e+01]]", "nfev": "182", "njev": "26", "status": "0", "success": "True", "message": "Optimization terminated successfully.", "x": "[4.84549094 4.80557758 4.96546988 2.71014161 2.14884224 6.19600422]", "nit": "23"}, "2": {"maxiter": 100, "gtol": 1e-05, "xrtol": 1e-10, "eps": 1e-05, "duration": 0.031507015228271484, "fun": "0.20991970284085915", "jac": "[-1.78597137e-06 -5.13555865e-07 -1.53239643e-06  1.98123740e-06\n  1.12251319e-06  7.87969690e-07]", "hess_inv": "[[ 2.82399882 -0.3329123   0.34478727  0.94278647  0.15664724  0.53605599]\n [-0.3329123   5.14785039 -1.61981981 -1.31854622 -3.57288747 -2.03478591]\n [ 0.34478727 -1.61981981  5.20461681  2.10404848  0.53453788  1.07895391]\n [ 0.94278647 -1.31854622  2.10404848  4.43233101 -3.09738424 -0.60640854]\n [ 0.15664724 -3.57288747  0.53453788 -3.09738424 33.47363792 18.89030856]\n [ 0.53605599 -2.03478591  1.07895391 -0.60640854 18.89030856 16.09185663]]", "nfev": "182", "njev": "26", "status": "0", "success": "True", "message": "Optimization terminated successfully.", "x": "[4.8454803  4.805587   4.96545118 2.71011781 2.14881302 6.19596869]", "nit": "23"}, "3": {"maxiter": 100, "gtol": 1e-05, "xrtol": 1e-10, "eps": 1e-10, "duration": 0.03148388862609863, "fun": "0.20991970290824813", "jac": "[-2.22044587e-06  0.00000000e+00 -2.22044587e-06  4.44089173e-06\n  0.00000000e+00  1.11022293e-06]", "hess_inv": "[[ 2.85923153e+00 -3.13875188e-01  3.76447318e-01  1.03481036e+00\n   2.10100116e-02  4.90591758e-01]\n [-3.13875188e-01  5.04929056e+00 -1.42233168e+00 -1.11453643e+00\n  -3.85002518e+00 -2.10119125e+00]\n [ 3.76447318e-01 -1.42233168e+00  4.95957845e+00  1.93568330e+00\n   7.35554879e-01  1.10950851e+00]\n [ 1.03481036e+00 -1.11453643e+00  1.93568330e+00  4.44050296e+00\n  -3.11801493e+00 -6.40203950e-01]\n [ 2.10100116e-02 -3.85002518e+00  7.35554879e-01 -3.11801493e+00\n   3.35878612e+01  1.89794314e+01]\n [ 4.90591758e-01 -2.10119125e+00  1.10950851e+00 -6.40203950e-01\n   1.89794314e+01  1.61364771e+01]]", "nfev": "182", "njev": "26", "status": "0", "success": "True", "message": "Optimization terminated successfully.", "x": "[4.84549094 4.80557758 4.96546988 2.71014161 2.14884224 6.19600422]", "nit": "23"}, "4": {"maxiter": 100, "gtol": 1e-10, "xrtol": 1e-05, "eps": 1e-05, "duration": 0.03272294998168945, "fun": "0.20991970282826766", "jac": "[-3.97792910e-08  3.08619796e-07 -1.65267799e-07  1.45683465e-07\n  1.14541709e-07  1.03139719e-07]", "hess_inv": "[[ 2.83860177 -0.27697134  0.39280587  0.93483953 -0.40745886  0.15346345]\n [-0.27697134  5.31465831 -1.53926148 -1.33520548 -4.82092113 -2.87023188]\n [ 0.39280587 -1.53926148  5.13742377  2.10792535  0.6671548   1.19285808]\n [ 0.93483953 -1.33520548  2.10792535  4.43265507 -3.05537304 -0.58110961]\n [-0.40745886 -4.82092113  0.6671548  -3.05537304 37.71473943 21.55517881]\n [ 0.15346345 -2.87023188  1.19285808 -0.58110961 21.55517881 17.75320757]]", "nfev": "189", "njev": "27", "status": "0", "success": "True", "message": "Optimization terminated successfully.", "x": "[4.84548431 4.80559719 4.9654531  2.71011713 2.14875757 6.19593229]", "nit": "24"}, "5": {"maxiter": 100, "gtol": 1e-10, "xrtol": 1e-05, "eps": 1e-10, "duration": 0.03352212905883789, "fun": "0.2099197028304992", "jac": "[ 1.11022293e-06 -2.22044587e-06  0.00000000e+00  2.22044587e-06\n  0.00000000e+00  0.00000000e+00]", "hess_inv": "[[ 2.91021977 -0.2317771   0.40471191  0.88108616 -0.15161796  0.2854235 ]\n [-0.2317771   5.18115592 -1.37894588 -1.34708951 -4.1312778  -2.42365675]\n [ 0.40471191 -1.37894588  4.96131466  1.94861761  0.61823057  1.04748507]\n [ 0.88108616 -1.34708951  1.94861761  4.21251111 -2.44517413 -0.38592703]\n [-0.15161796 -4.1312778   0.61823057 -2.44517413 34.13873448 19.7543402 ]\n [ 0.2854235  -2.42365675  1.04748507 -0.38592703 19.7543402  16.77012196]]", "nfev": "189", "njev": "27", "status": "0", "success": "True", "message": "Optimization terminated successfully.", "x": "[4.84549407 4.80558267 4.96547198 2.71012961 2.1488322  6.19599027]", "nit": "24"}, "6": {"maxiter": 100, "gtol": 1e-10, "xrtol": 1e-10, "eps": 1e-05, "duration": 0.07935595512390137, "fun": "0.20991970282826766", "jac": "[-3.97792910e-08  3.08619796e-07 -1.65267799e-07  1.45683465e-07\n  1.14541709e-07  1.03139719e-07]", "hess_inv": "[[ 2.84103122 -0.32149483  0.42435239  0.95803035 -0.53461505  0.06351317]\n [-0.32149483  5.07281039 -1.48336617 -1.26770731 -4.44356377 -2.63888382]\n [ 0.42435239 -1.48336617  5.16702642  2.11385877  0.18661051  0.87425587]\n [ 0.95803035 -1.26770731  2.11385877  4.4247217  -3.35988067 -0.77994583]\n [-0.53461505 -4.44356377  0.18661051 -3.35988067 40.7643496  23.64675656]\n [ 0.06351317 -2.63888382  0.87425587 -0.77994583 23.64675656 19.18510411]]", "nfev": "459", "njev": "64", "status": "2", "success": "False", "message": "Desired error not necessarily achieved due to precision loss.", "x": "[4.84548431 4.80559719 4.9654531  2.71011713 2.14875757 6.19593229]", "nit": "24"}, "7": {"maxiter": 100, "gtol": 1e-10, "xrtol": 1e-10, "eps": 1e-10, "duration": 0.04506230354309082, "fun": "0.20991970281536132", "jac": "[ 2.22044587e-06  0.00000000e+00  3.33066880e-06 -1.11022293e-06\n  3.33066880e-06  0.00000000e+00]", "hess_inv": "[[  2.11603299  -0.87005432   0.82569773   0.09841589  -2.64220765\n    3.75655892]\n [ -0.87005432   0.99187832  -0.51144797  -0.76588324   3.02077993\n   -4.30076353]\n [  0.82569773  -0.51144797   1.17358523  -0.84372376  -1.68397343\n    4.77621793]\n [  0.09841589  -0.76588324  -0.84372376   2.47889198  -2.36220068\n   -0.49792882]\n [ -2.64220765   3.02077993  -1.68397343  -2.36220068   9.41990694\n  -13.11798583]\n [  3.75655892  -4.30076353   4.77621793  -0.49792882 -13.11798583\n   27.58655618]]", "nfev": "259", "njev": "37", "status": "0", "success": "True", "message": "Optimization terminated successfully.", "x": "[4.84549336 4.80558994 4.96546998 2.71011995 2.14882712 6.19598283]", "nit": "29"}, "8": {"maxiter": 500, "gtol": 1e-05, "xrtol": 1e-05, "eps": 1e-05, "duration": 0.03175806999206543, "fun": "0.20991970284085915", "jac": "[-1.78597137e-06 -5.13555865e-07 -1.53239643e-06  1.98123740e-06\n  1.12251319e-06  7.87969690e-07]", "hess_inv": "[[ 2.82399882 -0.3329123   0.34478727  0.94278647  0.15664724  0.53605599]\n [-0.3329123   5.14785039 -1.61981981 -1.31854622 -3.57288747 -2.03478591]\n [ 0.34478727 -1.61981981  5.20461681  2.10404848  0.53453788  1.07895391]\n [ 0.94278647 -1.31854622  2.10404848  4.43233101 -3.09738424 -0.60640854]\n [ 0.15664724 -3.57288747  0.53453788 -3.09738424 33.47363792 18.89030856]\n [ 0.53605599 -2.03478591  1.07895391 -0.60640854 18.89030856 16.09185663]]", "nfev": "182", "njev": "26", "status": "0", "success": "True", "message": "Optimization terminated successfully.", "x": "[4.8454803  4.805587   4.96545118 2.71011781 2.14881302 6.19596869]", "nit": "23"}, "9": {"maxiter": 500, "gtol": 1e-05, "xrtol": 1e-05, "eps": 1e-10, "duration": 0.03177070617675781, "fun": "0.20991970290824813", "jac": "[-2.22044587e-06  0.00000000e+00 -2.22044587e-06  4.44089173e-06\n  0.00000000e+00  1.11022293e-06]", "hess_inv": "[[ 2.85923153e+00 -3.13875188e-01  3.76447318e-01  1.03481036e+00\n   2.10100116e-02  4.90591758e-01]\n [-3.13875188e-01  5.04929056e+00 -1.42233168e+00 -1.11453643e+00\n  -3.85002518e+00 -2.10119125e+00]\n [ 3.76447318e-01 -1.42233168e+00  4.95957845e+00  1.93568330e+00\n   7.35554879e-01  1.10950851e+00]\n [ 1.03481036e+00 -1.11453643e+00  1.93568330e+00  4.44050296e+00\n  -3.11801493e+00 -6.40203950e-01]\n [ 2.10100116e-02 -3.85002518e+00  7.35554879e-01 -3.11801493e+00\n   3.35878612e+01  1.89794314e+01]\n [ 4.90591758e-01 -2.10119125e+00  1.10950851e+00 -6.40203950e-01\n   1.89794314e+01  1.61364771e+01]]", "nfev": "182", "njev": "26", "status": "0", "success": "True", "message": "Optimization terminated successfully.", "x": "[4.84549094 4.80557758 4.96546988 2.71014161 2.14884224 6.19600422]", "nit": "23"}, "10": {"maxiter": 500, "gtol": 1e-05, "xrtol": 1e-10, "eps": 1e-05, "duration": 0.03186202049255371, "fun": "0.20991970284085915", "jac": "[-1.78597137e-06 -5.13555865e-07 -1.53239643e-06  1.98123740e-06\n  1.12251319e-06  7.87969690e-07]", "hess_inv": "[[ 2.82399882 -0.3329123   0.34478727  0.94278647  0.15664724  0.53605599]\n [-0.3329123   5.14785039 -1.61981981 -1.31854622 -3.57288747 -2.03478591]\n [ 0.34478727 -1.61981981  5.20461681  2.10404848  0.53453788  1.07895391]\n [ 0.94278647 -1.31854622  2.10404848  4.43233101 -3.09738424 -0.60640854]\n [ 0.15664724 -3.57288747  0.53453788 -3.09738424 33.47363792 18.89030856]\n [ 0.53605599 -2.03478591  1.07895391 -0.60640854 18.89030856 16.09185663]]", "nfev": "182", "njev": "26", "status": "0", "success": "True", "message": "Optimization terminated successfully.", "x": "[4.8454803  4.805587   4.96545118 2.71011781 2.14881302 6.19596869]", "nit": "23"}, "11": {"maxiter": 500, "gtol": 1e-05, "xrtol": 1e-10, "eps": 1e-10, "duration": 0.03175783157348633, "fun": "0.20991970290824813", "jac": "[-2.22044587e-06  0.00000000e+00 -2.22044587e-06  4.44089173e-06\n  0.00000000e+00  1.11022293e-06]", "hess_inv": "[[ 2.85923153e+00 -3.13875188e-01  3.76447318e-01  1.03481036e+00\n   2.10100116e-02  4.90591758e-01]\n [-3.13875188e-01  5.04929056e+00 -1.42233168e+00 -1.11453643e+00\n  -3.85002518e+00 -2.10119125e+00]\n [ 3.76447318e-01 -1.42233168e+00  4.95957845e+00  1.93568330e+00\n   7.35554879e-01  1.10950851e+00]\n [ 1.03481036e+00 -1.11453643e+00  1.93568330e+00  4.44050296e+00\n  -3.11801493e+00 -6.40203950e-01]\n [ 2.10100116e-02 -3.85002518e+00  7.35554879e-01 -3.11801493e+00\n   3.35878612e+01  1.89794314e+01]\n [ 4.90591758e-01 -2.10119125e+00  1.10950851e+00 -6.40203950e-01\n   1.89794314e+01  1.61364771e+01]]", "nfev": "182", "njev": "26", "status": "0", "success": "True", "message": "Optimization terminated successfully.", "x": "[4.84549094 4.80557758 4.96546988 2.71014161 2.14884224 6.19600422]", "nit": "23"}, "12": {"maxiter": 500, "gtol": 1e-10, "xrtol": 1e-05, "eps": 1e-05, "duration": 0.033035993576049805, "fun": "0.20991970282826766", "jac": "[-3.97792910e-08  3.08619796e-07 -1.65267799e-07  1.45683465e-07\n  1.14541709e-07  1.03139719e-07]", "hess_inv": "[[ 2.83860177 -0.27697134  0.39280587  0.93483953 -0.40745886  0.15346345]\n [-0.27697134  5.31465831 -1.53926148 -1.33520548 -4.82092113 -2.87023188]\n [ 0.39280587 -1.53926148  5.13742377  2.10792535  0.6671548   1.19285808]\n [ 0.93483953 -1.33520548  2.10792535  4.43265507 -3.05537304 -0.58110961]\n [-0.40745886 -4.82092113  0.6671548  -3.05537304 37.71473943 21.55517881]\n [ 0.15346345 -2.87023188  1.19285808 -0.58110961 21.55517881 17.75320757]]", "nfev": "189", "njev": "27", "status": "0", "success": "True", "message": "Optimization terminated successfully.", "x": "[4.84548431 4.80559719 4.9654531  2.71011713 2.14875757 6.19593229]", "nit": "24"}, "13": {"maxiter": 500, "gtol": 1e-10, "xrtol": 1e-05, "eps": 1e-10, "duration": 0.03297281265258789, "fun": "0.2099197028304992", "jac": "[ 1.11022293e-06 -2.22044587e-06  0.00000000e+00  2.22044587e-06\n  0.00000000e+00  0.00000000e+00]", "hess_inv": "[[ 2.91021977 -0.2317771   0.40471191  0.88108616 -0.15161796  0.2854235 ]\n [-0.2317771   5.18115592 -1.37894588 -1.34708951 -4.1312778  -2.42365675]\n [ 0.40471191 -1.37894588  4.96131466  1.94861761  0.61823057  1.04748507]\n [ 0.88108616 -1.34708951  1.94861761  4.21251111 -2.44517413 -0.38592703]\n [-0.15161796 -4.1312778   0.61823057 -2.44517413 34.13873448 19.7543402 ]\n [ 0.2854235  -2.42365675  1.04748507 -0.38592703 19.7543402  16.77012196]]", "nfev": "189", "njev": "27", "status": "0", "success": "True", "message": "Optimization terminated successfully.", "x": "[4.84549407 4.80558267 4.96547198 2.71012961 2.1488322  6.19599027]", "nit": "24"}, "14": {"maxiter": 500, "gtol": 1e-10, "xrtol": 1e-10, "eps": 1e-05, "duration": 0.07913708686828613, "fun": "0.20991970282826766", "jac": "[-3.97792910e-08  3.08619796e-07 -1.65267799e-07  1.45683465e-07\n  1.14541709e-07  1.03139719e-07]", "hess_inv": "[[ 2.84103122 -0.32149483  0.42435239  0.95803035 -0.53461505  0.06351317]\n [-0.32149483  5.07281039 -1.48336617 -1.26770731 -4.44356377 -2.63888382]\n [ 0.42435239 -1.48336617  5.16702642  2.11385877  0.18661051  0.87425587]\n [ 0.95803035 -1.26770731  2.11385877  4.4247217  -3.35988067 -0.77994583]\n [-0.53461505 -4.44356377  0.18661051 -3.35988067 40.7643496  23.64675656]\n [ 0.06351317 -2.63888382  0.87425587 -0.77994583 23.64675656 19.18510411]]", "nfev": "459", "njev": "64", "status": "2", "success": "False", "message": "Desired error not necessarily achieved due to precision loss.", "x": "[4.84548431 4.80559719 4.9654531  2.71011713 2.14875757 6.19593229]", "nit": "24"}, "15": {"maxiter": 500, "gtol": 1e-10, "xrtol": 1e-10, "eps": 1e-10, "duration": 0.04506683349609375, "fun": "0.20991970281536132", "jac": "[ 2.22044587e-06  0.00000000e+00  3.33066880e-06 -1.11022293e-06\n  3.33066880e-06  0.00000000e+00]", "hess_inv": "[[  2.11603299  -0.87005432   0.82569773   0.09841589  -2.64220765\n    3.75655892]\n [ -0.87005432   0.99187832  -0.51144797  -0.76588324   3.02077993\n   -4.30076353]\n [  0.82569773  -0.51144797   1.17358523  -0.84372376  -1.68397343\n    4.77621793]\n [  0.09841589  -0.76588324  -0.84372376   2.47889198  -2.36220068\n   -0.49792882]\n [ -2.64220765   3.02077993  -1.68397343  -2.36220068   9.41990694\n  -13.11798583]\n [  3.75655892  -4.30076353   4.77621793  -0.49792882 -13.11798583\n   27.58655618]]", "nfev": "259", "njev": "37", "status": "0", "success": "True", "message": "Optimization terminated successfully.", "x": "[4.84549336 4.80558994 4.96546998 2.71011995 2.14882712 6.19598283]", "nit": "29"}, "16": {"maxiter": 1000, "gtol": 1e-05, "xrtol": 1e-05, "eps": 1e-05, "duration": 0.03168511390686035, "fun": "0.20991970284085915", "jac": "[-1.78597137e-06 -5.13555865e-07 -1.53239643e-06  1.98123740e-06\n  1.12251319e-06  7.87969690e-07]", "hess_inv": "[[ 2.82399882 -0.3329123   0.34478727  0.94278647  0.15664724  0.53605599]\n [-0.3329123   5.14785039 -1.61981981 -1.31854622 -3.57288747 -2.03478591]\n [ 0.34478727 -1.61981981  5.20461681  2.10404848  0.53453788  1.07895391]\n [ 0.94278647 -1.31854622  2.10404848  4.43233101 -3.09738424 -0.60640854]\n [ 0.15664724 -3.57288747  0.53453788 -3.09738424 33.47363792 18.89030856]\n [ 0.53605599 -2.03478591  1.07895391 -0.60640854 18.89030856 16.09185663]]", "nfev": "182", "njev": "26", "status": "0", "success": "True", "message": "Optimization terminated successfully.", "x": "[4.8454803  4.805587   4.96545118 2.71011781 2.14881302 6.19596869]", "nit": "23"}, "17": {"maxiter": 1000, "gtol": 1e-05, "xrtol": 1e-05, "eps": 1e-10, "duration": 0.031636953353881836, "fun": "0.20991970290824813", "jac": "[-2.22044587e-06  0.00000000e+00 -2.22044587e-06  4.44089173e-06\n  0.00000000e+00  1.11022293e-06]", "hess_inv": "[[ 2.85923153e+00 -3.13875188e-01  3.76447318e-01  1.03481036e+00\n   2.10100116e-02  4.90591758e-01]\n [-3.13875188e-01  5.04929056e+00 -1.42233168e+00 -1.11453643e+00\n  -3.85002518e+00 -2.10119125e+00]\n [ 3.76447318e-01 -1.42233168e+00  4.95957845e+00  1.93568330e+00\n   7.35554879e-01  1.10950851e+00]\n [ 1.03481036e+00 -1.11453643e+00  1.93568330e+00  4.44050296e+00\n  -3.11801493e+00 -6.40203950e-01]\n [ 2.10100116e-02 -3.85002518e+00  7.35554879e-01 -3.11801493e+00\n   3.35878612e+01  1.89794314e+01]\n [ 4.90591758e-01 -2.10119125e+00  1.10950851e+00 -6.40203950e-01\n   1.89794314e+01  1.61364771e+01]]", "nfev": "182", "njev": "26", "status": "0", "success": "True", "message": "Optimization terminated successfully.", "x": "[4.84549094 4.80557758 4.96546988 2.71014161 2.14884224 6.19600422]", "nit": "23"}, "18": {"maxiter": 1000, "gtol": 1e-05, "xrtol": 1e-10, "eps": 1e-05, "duration": 0.03163909912109375, "fun": "0.20991970284085915", "jac": "[-1.78597137e-06 -5.13555865e-07 -1.53239643e-06  1.98123740e-06\n  1.12251319e-06  7.87969690e-07]", "hess_inv": "[[ 2.82399882 -0.3329123   0.34478727  0.94278647  0.15664724  0.53605599]\n [-0.3329123   5.14785039 -1.61981981 -1.31854622 -3.57288747 -2.03478591]\n [ 0.34478727 -1.61981981  5.20461681  2.10404848  0.53453788  1.07895391]\n [ 0.94278647 -1.31854622  2.10404848  4.43233101 -3.09738424 -0.60640854]\n [ 0.15664724 -3.57288747  0.53453788 -3.09738424 33.47363792 18.89030856]\n [ 0.53605599 -2.03478591  1.07895391 -0.60640854 18.89030856 16.09185663]]", "nfev": "182", "njev": "26", "status": "0", "success": "True", "message": "Optimization terminated successfully.", "x": "[4.8454803  4.805587   4.96545118 2.71011781 2.14881302 6.19596869]", "nit": "23"}, "19": {"maxiter": 1000, "gtol": 1e-05, "xrtol": 1e-10, "eps": 1e-10, "duration": 0.031703948974609375, "fun": "0.20991970290824813", "jac": "[-2.22044587e-06  0.00000000e+00 -2.22044587e-06  4.44089173e-06\n  0.00000000e+00  1.11022293e-06]", "hess_inv": "[[ 2.85923153e+00 -3.13875188e-01  3.76447318e-01  1.03481036e+00\n   2.10100116e-02  4.90591758e-01]\n [-3.13875188e-01  5.04929056e+00 -1.42233168e+00 -1.11453643e+00\n  -3.85002518e+00 -2.10119125e+00]\n [ 3.76447318e-01 -1.42233168e+00  4.95957845e+00  1.93568330e+00\n   7.35554879e-01  1.10950851e+00]\n [ 1.03481036e+00 -1.11453643e+00  1.93568330e+00  4.44050296e+00\n  -3.11801493e+00 -6.40203950e-01]\n [ 2.10100116e-02 -3.85002518e+00  7.35554879e-01 -3.11801493e+00\n   3.35878612e+01  1.89794314e+01]\n [ 4.90591758e-01 -2.10119125e+00  1.10950851e+00 -6.40203950e-01\n   1.89794314e+01  1.61364771e+01]]", "nfev": "182", "njev": "26", "status": "0", "success": "True", "message": "Optimization terminated successfully.", "x": "[4.84549094 4.80557758 4.96546988 2.71014161 2.14884224 6.19600422]", "nit": "23"}, "20": {"maxiter": 1000, "gtol": 1e-10, "xrtol": 1e-05, "eps": 1e-05, "duration": 0.03278684616088867, "fun": "0.20991970282826766", "jac": "[-3.97792910e-08  3.08619796e-07 -1.65267799e-07  1.45683465e-07\n  1.14541709e-07  1.03139719e-07]", "hess_inv": "[[ 2.83860177 -0.27697134  0.39280587  0.93483953 -0.40745886  0.15346345]\n [-0.27697134  5.31465831 -1.53926148 -1.33520548 -4.82092113 -2.87023188]\n [ 0.39280587 -1.53926148  5.13742377  2.10792535  0.6671548   1.19285808]\n [ 0.93483953 -1.33520548  2.10792535  4.43265507 -3.05537304 -0.58110961]\n [-0.40745886 -4.82092113  0.6671548  -3.05537304 37.71473943 21.55517881]\n [ 0.15346345 -2.87023188  1.19285808 -0.58110961 21.55517881 17.75320757]]", "nfev": "189", "njev": "27", "status": "0", "success": "True", "message": "Optimization terminated successfully.", "x": "[4.84548431 4.80559719 4.9654531  2.71011713 2.14875757 6.19593229]", "nit": "24"}, "21": {"maxiter": 1000, "gtol": 1e-10, "xrtol": 1e-05, "eps": 1e-10, "duration": 0.03285479545593262, "fun": "0.2099197028304992", "jac": "[ 1.11022293e-06 -2.22044587e-06  0.00000000e+00  2.22044587e-06\n  0.00000000e+00  0.00000000e+00]", "hess_inv": "[[ 2.91021977 -0.2317771   0.40471191  0.88108616 -0.15161796  0.2854235 ]\n [-0.2317771   5.18115592 -1.37894588 -1.34708951 -4.1312778  -2.42365675]\n [ 0.40471191 -1.37894588  4.96131466  1.94861761  0.61823057  1.04748507]\n [ 0.88108616 -1.34708951  1.94861761  4.21251111 -2.44517413 -0.38592703]\n [-0.15161796 -4.1312778   0.61823057 -2.44517413 34.13873448 19.7543402 ]\n [ 0.2854235  -2.42365675  1.04748507 -0.38592703 19.7543402  16.77012196]]", "nfev": "189", "njev": "27", "status": "0", "success": "True", "message": "Optimization terminated successfully.", "x": "[4.84549407 4.80558267 4.96547198 2.71012961 2.1488322  6.19599027]", "nit": "24"}, "22": {"maxiter": 1000, "gtol": 1e-10, "xrtol": 1e-10, "eps": 1e-05, "duration": 0.0788428783416748, "fun": "0.20991970282826766", "jac": "[-3.97792910e-08  3.08619796e-07 -1.65267799e-07  1.45683465e-07\n  1.14541709e-07  1.03139719e-07]", "hess_inv": "[[ 2.84103122 -0.32149483  0.42435239  0.95803035 -0.53461505  0.06351317]\n [-0.32149483  5.07281039 -1.48336617 -1.26770731 -4.44356377 -2.63888382]\n [ 0.42435239 -1.48336617  5.16702642  2.11385877  0.18661051  0.87425587]\n [ 0.95803035 -1.26770731  2.11385877  4.4247217  -3.35988067 -0.77994583]\n [-0.53461505 -4.44356377  0.18661051 -3.35988067 40.7643496  23.64675656]\n [ 0.06351317 -2.63888382  0.87425587 -0.77994583 23.64675656 19.18510411]]", "nfev": "459", "njev": "64", "status": "2", "success": "False", "message": "Desired error not necessarily achieved due to precision loss.", "x": "[4.84548431 4.80559719 4.9654531  2.71011713 2.14875757 6.19593229]", "nit": "24"}, "23": {"maxiter": 1000, "gtol": 1e-10, "xrtol": 1e-10, "eps": 1e-10, "duration": 0.04489398002624512, "fun": "0.20991970281536132", "jac": "[ 2.22044587e-06  0.00000000e+00  3.33066880e-06 -1.11022293e-06\n  3.33066880e-06  0.00000000e+00]", "hess_inv": "[[  2.11603299  -0.87005432   0.82569773   0.09841589  -2.64220765\n    3.75655892]\n [ -0.87005432   0.99187832  -0.51144797  -0.76588324   3.02077993\n   -4.30076353]\n [  0.82569773  -0.51144797   1.17358523  -0.84372376  -1.68397343\n    4.77621793]\n [  0.09841589  -0.76588324  -0.84372376   2.47889198  -2.36220068\n   -0.49792882]\n [ -2.64220765   3.02077993  -1.68397343  -2.36220068   9.41990694\n  -13.11798583]\n [  3.75655892  -4.30076353   4.77621793  -0.49792882 -13.11798583\n   27.58655618]]", "nfev": "259", "njev": "37", "status": "0", "success": "True", "message": "Optimization terminated successfully.", "x": "[4.84549336 4.80558994 4.96546998 2.71011995 2.14882712 6.19598283]", "nit": "29"}}, "cobyla": {"0": {"maxiter": 100, "tol": 1e-05, "catol": 1e-05, "duration": 0.016546249389648438, "x": "[4.84734619 4.79603561 4.97188169 2.71099668 2.20117068 6.2326926 ]", "status": "2", "success": "False", "message": "Maximum number of function evaluations has been exceeded.", "nfev": "100", "fun": "0.20996020252569814", "maxcv": "0.0"}, "1": {"maxiter": 100, "tol": 1e-05, "catol": 1e-10, "duration": 0.016544818878173828, "x": "[4.84734619 4.79603561 4.97188169 2.71099668 2.20117068 6.2326926 ]", "status": "2", "success": "False", "message": "Maximum number of function evaluations has been exceeded.", "nfev": "100", "fun": "0.20996020252569814", "maxcv": "0.0"}, "2": {"maxiter": 100, "tol": 1e-10, "catol": 1e-05, "duration": 0.016560792922973633, "x": "[4.84734619 4.79603561 4.97188169 2.71099668 2.20117068 6.2326926 ]", "status": "2", "success": "False", "message": "Maximum number of function evaluations has been exceeded.", "nfev": "100", "fun": "0.20996020252569814", "maxcv": "0.0"}, "3": {"maxiter": 100, "tol": 1e-10, "catol": 1e-10, "duration": 0.01659679412841797, "x": "[4.84734619 4.79603561 4.97188169 2.71099668 2.20117068 6.2326926 ]", "status": "2", "success": "False", "message": "Maximum number of function evaluations has been exceeded.", "nfev": "100", "fun": "0.20996020252569814", "maxcv": "0.0"}, "4": {"maxiter": 500, "tol": 1e-05, "catol": 1e-05, "duration": 0.0833280086517334, "x": "[4.84549301 4.80557292 4.96546899 2.71011336 2.14898072 6.19606724]", "status": "2", "success": "False", "message": "Maximum number of function evaluations has been exceeded.", "nfev": "500", "fun": "0.20991970323156162", "maxcv": "0.0"}, "5": {"maxiter": 500, "tol": 1e-05, "catol": 1e-10, "duration": 0.08370614051818848, "x": "[4.84549301 4.80557292 4.96546899 2.71011336 2.14898072 6.19606724]", "status": "2", "success": "False", "message": "Maximum number of function evaluations has been exceeded.", "nfev": "500", "fun": "0.20991970323156162", "maxcv": "0.0"}, "6": {"maxiter": 500, "tol": 1e-10, "catol": 1e-05, "duration": 0.0831000804901123, "x": "[4.84548544 4.805570