{"date": "2024/07/18/, 22:38:59", "conf_id": 92, "data_type": "orthogonal\n", "num_data_points": 1, "s_rank": 0, "unitary": "[[0.18663085-0.53122324j,-0.11886349-0.70040876j,0.28555095-0.02789305j,-0.12262021-0.2844587j],[-0.16702216+0.27758472j,0.27526351-0.29738586j,-0.01109314+0.22495461j,-0.77239203+0.28900673j],[0.61935415+0.12301792j,-0.31269928-0.03315917j,-0.61902762-0.19039079j,-0.27120731-0.0968989j],[0.42341754+0.0023929j,-0.05847358+0.47832119j,0.64900495-0.16218422j,-0.37182676-0.05229966j]]", "databatch_0": {"databatch": "[[[-0.10305148-0.08265784j,0.15033648-0.00889088j,-0.06156925+0.0856017j,-0.11144876-0.12347697j],[-0.10564811-0.03647576j,0.0093738-0.06549014j,0.09250136+0.02585692j,-0.05516799+0.04680932j],[-0.17185685+0.29837835j,-0.08694147-0.0577421j,0.05227867-0.18971042j,-0.21365811-0.02870578j],[0.56983669-0.19503682j,0.06755503+0.12234575j,-0.27991976+0.26381999j,0.28340031+0.25405146j]]]", "initial param values": "[3.87742384,4.07611324,5.99513635,1.63601622,0.82506019,3.28335641]", "nelder_mead": {"type": "gradient-free", "0": {"maxiter": 100, "fatol": 1e-05, "xatol": 1e-05, "duration": 0.02643132209777832, "fun": "0.24883464209495132", "nit": "100", "nfev": "156", "status": "2", "success": "False", "message": "Maximum number of iterations has been exceeded.", "x": "[ 6.88942174  3.43200983  6.26262285  3.62821065 -0.42304091  3.32643964]", "final_simplex": "(array([[ 6.88942174,  3.43200983,  6.26262285,  3.62821065, -0.42304091,\n         3.32643964],\n       [ 6.73035328,  3.54237926,  6.20310131,  3.56909757, -0.40228028,\n         3.31973521],\n       [ 6.74261602,  3.41158889,  6.19609481,  3.52363035, -0.35514934,\n         3.33450229],\n       [ 6.81510141,  3.35871737,  6.40018276,  3.49714422, -0.38537931,\n         3.3681073 ],\n       [ 6.63673862,  3.61228323,  6.06888234,  3.52425626, -0.32678349,\n         3.26094289],\n       [ 6.75700656,  3.51839418,  6.20490273,  3.49170041, -0.3407327 ,\n         3.30364313],\n       [ 6.77060079,  3.50233546,  6.08986463,  3.53143014, -0.32792416,\n         3.27212557]]), array([0.24883464, 0.24908817, 0.24947305, 0.25225517, 0.25312348,\n       0.25447354, 0.25597902]))"}, "1": {"maxiter": 100, "fatol": 1e-05, "xatol": 1e-10, "duration": 0.026389122009277344, "fun": "0.24883464209495132", "nit": "100", "nfev": "156", "status": "2", "success": "False", "message": "Maximum number of iterations has been exceeded.", "x": "[ 6.88942174  3.43200983  6.26262285  3.62821065 -0.42304091  3.32643964]", "final_simplex": "(array([[ 6.88942174,  3.43200983,  6.26262285,  3.62821065, -0.42304091,\n         3.32643964],\n       [ 6.73035328,  3.54237926,  6.20310131,  3.56909757, -0.40228028,\n         3.31973521],\n       [ 6.74261602,  3.41158889,  6.19609481,  3.52363035, -0.35514934,\n         3.33450229],\n       [ 6.81510141,  3.35871737,  6.40018276,  3.49714422, -0.38537931,\n         3.3681073 ],\n       [ 6.63673862,  3.61228323,  6.06888234,  3.52425626, -0.32678349,\n         3.26094289],\n       [ 6.75700656,  3.51839418,  6.20490273,  3.49170041, -0.3407327 ,\n         3.30364313],\n       [ 6.77060079,  3.50233546,  6.08986463,  3.53143014, -0.32792416,\n         3.27212557]]), array([0.24883464, 0.24908817, 0.24947305, 0.25225517, 0.25312348,\n       0.25447354, 0.25597902]))"}, "2": {"maxiter": 100, "fatol": 1e-10, "xatol": 1e-05, "duration": 0.026170969009399414, "fun": "0.24883464209495132", "nit": "100", "nfev": "156", "status": "2", "success": "False", "message": "Maximum number of iterations has been exceeded.", "x": "[ 6.88942174  3.43200983  6.26262285  3.62821065 -0.42304091  3.32643964]", "final_simplex": "(array([[ 6.88942174,  3.43200983,  6.26262285,  3.62821065, -0.42304091,\n         3.32643964],\n       [ 6.73035328,  3.54237926,  6.20310131,  3.56909757, -0.40228028,\n         3.31973521],\n       [ 6.74261602,  3.41158889,  6.19609481,  3.52363035, -0.35514934,\n         3.33450229],\n       [ 6.81510141,  3.35871737,  6.40018276,  3.49714422, -0.38537931,\n         3.3681073 ],\n       [ 6.63673862,  3.61228323,  6.06888234,  3.52425626, -0.32678349,\n         3.26094289],\n       [ 6.75700656,  3.51839418,  6.20490273,  3.49170041, -0.3407327 ,\n         3.30364313],\n       [ 6.77060079,  3.50233546,  6.08986463,  3.53143014, -0.32792416,\n         3.27212557]]), array([0.24883464, 0.24908817, 0.24947305, 0.25225517, 0.25312348,\n       0.25447354, 0.25597902]))"}, "3": {"maxiter": 100, "fatol": 1e-10, "xatol": 1e-10, "duration": 0.02649402618408203, "fun": "0.24883464209495132", "nit": "100", "nfev": "156", "status": "2", "success": "False", "message": "Maximum number of iterations has been exceeded.", "x": "[ 6.88942174  3.43200983  6.26262285  3.62821065 -0.42304091  3.32643964]", "final_simplex": "(array([[ 6.88942174,  3.43200983,  6.26262285,  3.62821065, -0.42304091,\n         3.32643964],\n       [ 6.73035328,  3.54237926,  6.20310131,  3.56909757, -0.40228028,\n         3.31973521],\n       [ 6.74261602,  3.41158889,  6.19609481,  3.52363035, -0.35514934,\n         3.33450229],\n       [ 6.81510141,  3.35871737,  6.40018276,  3.49714422, -0.38537931,\n         3.3681073 ],\n       [ 6.63673862,  3.61228323,  6.06888234,  3.52425626, -0.32678349,\n         3.26094289],\n       [ 6.75700656,  3.51839418,  6.20490273,  3.49170041, -0.3407327 ,\n         3.30364313],\n       [ 6.77060079,  3.50233546,  6.08986463,  3.53143014, -0.32792416,\n         3.27212557]]), array([0.24883464, 0.24908817, 0.24947305, 0.25225517, 0.25312348,\n       0.25447354, 0.25597902]))"}, "4": {"maxiter": 500, "fatol": 1e-05, "xatol": 1e-05, "duration": 0.13118386268615723, "fun": "0.2270391758484145", "nit": "500", "nfev": "778", "status": "2", "success": "False", "message": "Maximum number of iterations has been exceeded.", "x": "[ 6.87839502  3.19770103  5.87687803  3.62487257 -1.7289509   2.56105437]", "final_simplex": "(array([[ 6.87839502,  3.19770103,  5.87687803,  3.62487257, -1.7289509 ,\n         2.56105437],\n       [ 6.87839929,  3.19769863,  5.87687517,  3.62487519, -1.72894652,\n         2.56105934],\n       [ 6.87839857,  3.19770222,  5.87687593,  3.6248721 , -1.72895078,\n         2.56105514],\n       [ 6.87839703,  3.19770486,  5.87686381,  3.6248717 , -1.72897747,\n         2.56103778],\n       [ 6.87839994,  3.19769315,  5.8768875 ,  3.6248754 , -1.72894548,\n         2.56106166],\n       [ 6.87839394,  3.19769764,  5.87687541,  3.62487653, -1.72896612,\n         2.5610388 ],\n       [ 6.87840176,  3.1976974 ,  5.87688127,  3.62487793, -1.72895243,\n         2.56105716]]), array([0.22703918, 0.22703918, 0.22703918, 0.22703918, 0.22703918,\n       0.22703918, 0.22703918]))"}, "5": {"maxiter": 500, "fatol": 1e-05, "xatol": 1e-10, "duration": 0.1315138339996338, "fun": "0.2270391758484145", "nit": "500", "nfev": "778", "status": "2", "success": "False", "message": "Maximum number of iterations has been exceeded.", "x": "[ 6.87839502  3.19770103  5.87687803  3.62487257 -1.7289509   2.56105437]", "final_simplex": "(array([[ 6.87839502,  3.19770103,  5.87687803,  3.62487257, -1.7289509 ,\n         2.56105437],\n       [ 6.87839929,  3.19769863,  5.87687517,  3.62487519, -1.72894652,\n         2.56105934],\n       [ 6.87839857,  3.19770222,  5.87687593,  3.6248721 , -1.72895078,\n         2.56105514],\n       [ 6.87839703,  3.19770486,  5.87686381,  3.6248717 , -1.72897747,\n         2.56103778],\n       [ 6.87839994,  3.19769315,  5.8768875 ,  3.6248754 , -1.72894548,\n         2.56106166],\n       [ 6.87839394,  3.19769764,  5.87687541,  3.62487653, -1.72896612,\n         2.5610388 ],\n       [ 6.87840176,  3.1976974 ,  5.87688127,  3.62487793, -1.72895243,\n         2.56105716]]), array([0.22703918, 0.22703918, 0.22703918, 0.22703918, 0.22703918,\n       0.22703918, 0.22703918]))"}, "6": {"maxiter": 500, "fatol": 1e-10, "xatol": 1e-05, "duration": 0.13126492500305176, "fun": "0.2270391758484145", "nit": "500", "nfev": "778", "status": "2", "success": "False", "message": "Maximum number of iterations has been exceeded.", "x": "[ 6.87839502  3.19770103  5.87687803  3.62487257 -1.7289509   2.56105437]", "final_simplex": "(array([[ 6.87839502,  3.19770103,  5.87687803,  3.62487257, -1.7289509 ,\n         2.56105437],\n       [ 6.87839929,  3.19769863,  5.87687517,  3.62487519, -1.72894652,\n         2.56105934],\n       [ 6.87839857,  3.19770222,  5.87687593,  3.6248721 , -1.72895078,\n         2.56105514],\n       [ 6.87839703,  3.19770486,  5.87686381,  3.6248717 , -1.72897747,\n         2.56103778],\n       [ 6.87839994,  3.19769315,  5.8768875 ,  3.6248754 , -1.72894548,\n         2.56106166],\n       [ 6.87839394,  3.19769764,  5.87687541,  3.62487653, -1.72896612,\n         2.5610388 ],\n       [ 6.87840176,  3.1976974 ,  5.87688127,  3.62487793, -1.72895243,\n         2.56105716]]), array([0.22703918, 0.22703918, 0.22703918, 0.22703918, 0.22703918,\n       0.22703918, 0.22703918]))"}, "7": {"maxiter": 500, "fatol": 1e-10, "xatol": 1e-10, "duration": 0.13150310516357422, "fun": "0.2270391758484145", "nit": "500", "nfev": "778", "status": "2", "success": "False", "message": "Maximum number of iterations has been exceeded.", "x": "[ 6.87839502  3.19770103  5.87687803  3.62487257 -1.7289509   2.56105437]", "final_simplex": "(array([[ 6.87839502,  3.19770103,  5.87687803,  3.62487257, -1.7289509 ,\n         2.56105437],\n       [ 6.87839929,  3.19769863,  5.87687517,  3.62487519, -1.72894652,\n         2.56105934],\n       [ 6.87839857,  3.19770222,  5.87687593,  3.6248721 , -1.72895078,\n         2.56105514],\n       [ 6.87839703,  3.19770486,  5.87686381,  3.6248717 , -1.72897747,\n         2.56103778],\n       [ 6.87839994,  3.19769315,  5.8768875 ,  3.6248754 , -1.72894548,\n         2.56106166],\n       [ 6.87839394,  3.19769764,  5.87687541,  3.62487653, -1.72896612,\n         2.5610388 ],\n       [ 6.87840176,  3.1976974 ,  5.87688127,  3.62487793, -1.72895243,\n         2.56105716]]), array([0.22703918, 0.22703918, 0.22703918, 0.22703918, 0.22703918,\n       0.22703918, 0.22703918]))"}, "8": {"maxiter": 1000, "fatol": 1e-05, "xatol": 1e-05, "duration": 0.1364588737487793, "fun": "0.22703917584635036", "nit": "517", "nfev": "807", "status": "0", "success": "True", "message": "Optimization terminated successfully.", "x": "[ 6.87839618  3.19769891  5.87687611  3.62487675 -1.72895141  2.56105517]", "final_simplex": "(array([[ 6.87839618,  3.19769891,  5.87687611,  3.62487675, -1.72895141,\n         2.56105517],\n       [ 6.87839697,  3.19770047,  5.87687659,  3.62487468, -1.72894683,\n         2.56105842],\n       [ 6.87839471,  3.19770071,  5.87687625,  3.62487468, -1.72894821,\n         2.56105659],\n       [ 6.87839593,  3.19770216,  5.87687134,  3.6248743 , -1.72896033,\n         2.5610488 ],\n       [ 6.87839606,  3.19769766,  5.87687667,  3.62487697, -1.72895377,\n         2.56105207],\n       [ 6.87839574,  3.19770109,  5.87687695,  3.62487437, -1.72895211,\n         2.56105292],\n       [ 6.87839683,  3.19769683,  5.87688208,  3.62487633, -1.72894548,\n         2.56105996]]), array([0.22703918, 0.22703918, 0.22703918, 0.22703918, 0.22703918,\n       0.22703918, 0.22703918]))"}, "9": {"maxiter": 1000, "fatol": 1e-05, "xatol": 1e-10, "duration": 0.16830205917358398, "fun": "0.22703917584620803", "nit": "609", "nfev": "1019", "status": "0", "success": "True", "message": "Optimization terminated successfully.", "x": "[ 6.87839608  3.19770079  5.87687485  3.6248757  -1.72895079  2.56105555]", "final_simplex": "(array([[ 6.87839608,  3.19770079,  5.87687485,  3.6248757 , -1.72895079,\n         2.56105555],\n       [ 6.87839608,  3.19770079,  5.87687485,  3.6248757 , -1.72895079,\n         2.56105555],\n       [ 6.87839608,  3.19770079,  5.87687485,  3.6248757 , -1.72895079,\n         2.56105555],\n       [ 6.87839608,  3.19770079,  5.87687485,  3.6248757 , -1.72895079,\n         2.56105555],\n       [ 6.87839608,  3.19770079,  5.87687485,  3.6248757 , -1.72895079,\n         2.56105555],\n       [ 6.87839608,  3.19770079,  5.87687485,  3.6248757 , -1.72895079,\n         2.56105555],\n       [ 6.87839608,  3.19770079,  5.87687485,  3.6248757 , -1.72895079,\n         2.56105555]]), array([0.22703918, 0.22703918, 0.22703918, 0.22703918, 0.22703918,\n       0.22703918, 0.22703918]))"}, "10": {"maxiter": 1000, "fatol": 1e-10, "xatol": 1e-05, "duration": 0.13329410552978516, "fun": "0.22703917584635036", "nit": "517", "nfev": "807", "status": "0", "success": "True", "message": "Optimization terminated successfully.", "x": "[ 6.87839618  3.19769891  5.87687611  3.62487675 -1.72895141  2.56105517]", "final_simplex": "(array([[ 6.87839618,  3.19769891,  5.87687611,  3.62487675, -1.72895141,\n         2.56105517],\n       [ 6.87839697,  3.19770047,  5.87687659,  3.62487468, -1.72894683,\n         2.56105842],\n       [ 6.87839471,  3.19770071,  5.87687625,  3.62487468, -1.72894821,\n         2.56105659],\n       [ 6.87839593,  3.19770216,  5.87687134,  3.6248743 , -1.72896033,\n         2.5610488 ],\n       [ 6.87839606,  3.19769766,  5.87687667,  3.62487697, -1.72895377,\n         2.56105207],\n       [ 6.87839574,  3.19770109,  5.87687695,  3.62487437, -1.72895211,\n         2.56105292],\n       [ 6.87839683,  3.19769683,  5.87688208,  3.62487633, -1.72894548,\n         2.56105996]]), array([0.22703918, 0.22703918, 0.22703918, 0.22703918, 0.22703918,\n       0.22703918, 0.22703918]))"}, "11": {"maxiter": 1000, "fatol": 1e-10, "xatol": 1e-10, "duration": 0.16884994506835938, "fun": "0.22703917584620803", "nit": "609", "nfev": "1019", "status": "0", "success": "True", "message": "Optimization terminated successfully.", "x": "[ 6.87839608  3.19770079  5.87687485  3.6248757  -1.72895079  2.56105555]", "final_simplex": "(array([[ 6.87839608,  3.19770079,  5.87687485,  3.6248757 , -1.72895079,\n         2.56105555],\n       [ 6.87839608,  3.19770079,  5.87687485,  3.6248757 , -1.72895079,\n         2.56105555],\n       [ 6.87839608,  3.19770079,  5.87687485,  3.6248757 , -1.72895079,\n         2.56105555],\n       [ 6.87839608,  3.19770079,  5.87687485,  3.6248757 , -1.72895079,\n         2.56105555],\n       [ 6.87839608,  3.19770079,  5.87687485,  3.6248757 , -1.72895079,\n         2.56105555],\n       [ 6.87839608,  3.19770079,  5.87687485,  3.6248757 , -1.72895079,\n         2.56105555],\n       [ 6.87839608,  3.19770079,  5.87687485,  3.6248757 , -1.72895079,\n         2.56105555]]), array([0.22703918, 0.22703918, 0.22703918, 0.22703918, 0.22703918,\n       0.22703918, 0.22703918]))"}}, "bfgs": {"type": "gradient", "0": {"maxiter": 100, "gtol": 1e-05, "xrtol": 1e-05, "eps": 1e-05, "duration": 0.04542708396911621, "fun": "0.22703917642172144", "jac": "[ 8.02962141e-06  3.42685880e-06  6.40600906e-06 -9.26000387e-06\n  2.89643864e-06 -5.77317083e-06]", "hess_inv": "[[  5.12902338  -0.7852155   -1.86534384  -0.25488302  -1.51974246\n    3.61138857]\n [ -0.7852155   17.58650546 -20.99747256  -6.7232693  -15.52893342\n  -10.62798712]\n [ -1.86534384 -20.99747256  40.73922903   7.59723879  43.46058521\n   25.4560623 ]\n [ -0.25488302  -6.7232693    7.59723879   5.02229773   5.99537827\n    3.59452588]\n [ -1.51974246 -15.52893342  43.46058521   5.99537827  82.61447973\n   53.04034116]\n [  3.61138857 -10.62798712  25.4560623    3.59452588  53.04034116\n   41.22621914]]", "nfev": "266", "njev": "38", "status": "0", "success": "True", "message": "Optimization terminated successfully.", "x": "[ 6.87838345  3.1977422   5.87685698  3.62482528 -1.72906215  2.56093719]", "nit": "36"}, "1": {"maxiter": 100, "gtol": 1e-05, "xrtol": 1e-05, "eps": 1e-10, "duration": 0.04527783393859863, "fun": "0.22703917704946952", "jac": "[ 9.99200639e-06  6.66133760e-06  6.66133760e-06 -7.77156053e-06\n  5.55111466e-06 -4.44089173e-06]", "hess_inv": "[[  5.18706472  -0.5926842   -2.03972417  -0.37384753  -1.70957321\n    3.54173951]\n [ -0.5926842   18.09629761 -21.69113833  -6.83279508 -16.42673342\n  -11.14754376]\n [ -2.03972417 -21.69113833  41.65606643   7.79755277  44.43610605\n   26.00847491]\n [ -0.37384753  -6.83279508   7.79755277   5.01556056   6.2491995\n    3.68033944]\n [ -1.70957321 -16.42673342  44.43610605   6.2491995   83.20199039\n   53.22638605]\n [  3.54173951 -11.14754376  26.00847491   3.68033944  53.22638605\n   41.2272732 ]]", "nfev": "266", "njev": "38", "status": "0", "success": "True", "message": "Optimization terminated successfully.", "x": "[ 6.87841599  3.19770097  5.87704873  3.62485014 -1.72860986  2.5612683 ]", "nit": "36"}, "2": {"maxiter": 100, "gtol": 1e-05, "xrtol": 1e-10, "eps": 1e-05, "duration": 0.04518699645996094, "fun": "0.22703917642172144", "jac": "[ 8.02962141e-06  3.42685880e-06  6.40600906e-06 -9.26000387e-06\n  2.89643864e-06 -5.77317083e-06]", "hess_inv": "[[  5.12902338  -0.7852155   -1.86534384  -0.25488302  -1.51974246\n    3.61138857]\n [ -0.7852155   17.58650546 -20.99747256  -6.7232693  -15.52893342\n  -10.62798712]\n [ -1.86534384 -20.99747256  40.73922903   7.59723879  43.46058521\n   25.4560623 ]\n [ -0.25488302  -6.7232693    7.59723879   5.02229773   5.99537827\n    3.59452588]\n [ -1.51974246 -15.52893342  43.46058521   5.99537827  82.61447973\n   53.04034116]\n [  3.61138857 -10.62798712  25.4560623    3.59452588  53.04034116\n   41.22621914]]", "nfev": "266", "njev": "38", "status": "0", "success": "True", "message": "Optimization terminated successfully.", "x": "[ 6.87838345  3.1977422   5.87685698  3.62482528 -1.72906215  2.56093719]", "nit": "36"}, "3": {"maxiter": 100, "gtol": 1e-05, "xrtol": 1e-10, "eps": 1e-10, "duration": 0.04505610466003418, "fun": "0.22703917704946952", "jac": "[ 9.99200639e-06  6.66133760e-06  6.66133760e-06 -7.77156053e-06\n  5.55111466e-06 -4.44089173e-06]", "hess_inv": "[[  5.18706472  -0.5926842   -2.03972417  -0.37384753  -1.70957321\n    3.54173951]\n [ -0.5926842   18.09629761 -21.69113833  -6.83279508 -16.42673342\n  -11.14754376]\n [ -2.03972417 -21.69113833  41.65606643   7.79755277  44.43610605\n   26.00847491]\n [ -0.37384753  -6.83279508   7.79755277   5.01556056   6.2491995\n    3.68033944]\n [ -1.70957321 -16.42673342  44.43610605   6.2491995   83.20199039\n   53.22638605]\n [  3.54173951 -11.14754376  26.00847491   3.68033944  53.22638605\n   41.2272732 ]]", "nfev": "266", "njev": "38", "status": "0", "success": "True", "message": "Optimization terminated successfully.", "x": "[ 6.87841599  3.19770097  5.87704873  3.62485014 -1.72860986  2.5612683 ]", "nit": "36"}, "4": {"maxiter": 100, "gtol": 1e-10, "xrtol": 1e-05, "eps": 1e-05, "duration": 0.0751039981842041, "fun": "0.22703917613823377", "jac": "[ 1.22974964e-06  2.74980039e-07  4.35362857e-07 -1.87516669e-07\n  7.75335351e-07 -1.21982424e-06]", "hess_inv": "[[  5.12501439  -0.82182948  -1.73993161  -0.24984203  -1.39794964\n    3.64410777]\n [ -0.82182948  17.43140921 -20.79594243  -6.5934769  -15.39538161\n  -10.64017113]\n [ -1.73993161 -20.79594243  41.75036959   7.01468409  44.77561025\n   26.0494834 ]\n [ -0.24984203  -6.5934769    7.01468409   5.04757444   5.39786747\n    3.4175793 ]\n [ -1.39794964 -15.39538161  44.77561025   5.39786747  84.23556427\n   53.72790814]\n [  3.64410777 -10.64017113  26.0494834    3.4175793   53.72790814\n   41.48669971]]", "nfev": "446", "njev": "62", "status": "2", "success": "False", "message": "Desired error not necessarily achieved due to precision loss.", "x": "[ 6.87837887  3.1977414   5.87677236  3.62485579 -1.72915652  2.56089637]", "nit": "37"}, "5": {"maxiter": 100, "gtol": 1e-10, "xrtol": 1e-05, "eps": 1e-10, "duration": 0.04858899116516113, "fun": "0.2270391758652046", "jac": "[ 2.22044587e-06  0.00000000e+00 -1.11022293e-06  0.00000000e+00\n  1.11022293e-06 -2.22044587e-06]", "hess_inv": "[[  5.33549826  -0.31964342  -1.51873598  -0.6261837   -0.26588531\n    4.46296599]\n [ -0.31964342  17.32897064 -16.27921649  -7.18752618  -6.48311781\n   -4.92684616]\n [ -1.51873598 -16.27921649  27.83366998   6.49428933  23.85808438\n   13.34779991]\n [ -0.6261837   -7.18752618   6.49428933   5.39496188   3.07182104\n    1.70400229]\n [ -0.26588531  -6.48311781  23.85808438   3.07182104  55.18277443\n   36.1568199 ]\n [  4.46296599  -4.92684616  13.34779991   1.70400229  36.1568199\n   30.79878608]]", "nfev": "287", "njev": "41", "status": "0", "success": "True", "message": "Optimization terminated successfully.", "x": "[ 6.87839642  3.19768982  5.87689633  3.62488542 -1.72893309  2.5610603 ]", "nit": "38"}, "6": {"maxiter": 100, "gtol": 1e-10, "xrtol": 1e-10, "eps": 1e-05, "duration": 0.07498693466186523, "fun": "0.22703917613823377", "jac": "[ 1.22974964e-06  2.74980039e-07  4.35362857e-07 -1.87516669e-07\n  7.75335351e-07 -1.21982424e-06]", "hess_inv": "[[  5.12501439  -0.82182948  -1.73993161  -0.24984203  -1.39794964\n    3.64410777]\n [ -0.82182948  17.43140921 -20.79594243  -6.5934769  -15.39538161\n  -10.64017113]\n [ -1.73993161 -20.79594243  41.75036959   7.01468409  44.77561025\n   26.0494834 ]\n [ -0.24984203  -6.5934769    7.01468409   5.04757444   5.39786747\n    3.4175793 ]\n [ -1.39794964 -15.39538161  44.77561025   5.39786747  84.23556427\n   53.72790814]\n [  3.64410777 -10.64017113  26.0494834    3.4175793   53.72790814\n   41.48669971]]", "nfev": "446", "njev": "62", "status": "2", "success": "False", "message": "Desired error not necessarily achieved due to precision loss.", "x": "[ 6.87837887  3.1977414   5.87677236  3.62485579 -1.72915652  2.56089637]", "nit": "37"}, "7": {"maxiter": 100, "gtol": 1e-10, "xrtol": 1e-10, "eps": 1e-10, "duration": 0.06026315689086914, "fun": "0.2270391758652046", "jac": "[0.00000000e+00 2.22044587e-06 0.00000000e+00 2.22044587e-06\n 0.00000000e+00 0.00000000e+00]", "hess_inv": "[[  5.31717836  -0.47857838  -1.10712241  -0.68219891   0.32750458\n    4.76095205]\n [ -0.47857838  16.01518243 -13.02106757  -7.5131285   -1.85187588\n   -2.51736838]\n [ -1.10712241 -13.02106757  20.08963145   6.98178189  13.01036225\n    7.49749332]\n [ -0.68219891  -7.5131285    6.98178189   5.61895705   3.6124915\n    2.18202211]\n [  0.32750458  -1.85187588  13.01036225   3.6124915   40.06686055\n   27.90053418]\n [  4.76095205  -2.51736838   7.49749332   2.18202211  27.90053418\n   26.42640187]]", "nfev": "357", "njev": "51", "status": "0", "success": "True", "message": "Optimization terminated successfully.", "x": "[ 6.87839642  3.19768982  5.87689633  3.62488542 -1.72893309  2.5610603 ]", "nit": "39"}, "8": {"maxiter": 500, "gtol": 1e-05, "xrtol": 1e-05, "eps": 1e-05, "duration": 0.04515695571899414, "fun": "0.22703917642172144", "jac": "[ 8.02962141e-06  3.42685880e-06  6.40600906e-06 -9.26000387e-06\n  2.89643864e-06 -5.77317083e-06]", "hess_inv": "[[  5.12902338  -0.7852155   -1.86534384  -0.25488302  -1.51974246\n    3.61138857]\n [ -0.7852155   17.58650546 -20.99747256  -6.7232693  -15.52893342\n  -10.62798712]\n [ -1.86534384 -20.99747256  40.73922903   7.59723879  43.46058521\n   25.4560623 ]\n [ -0.25488302  -6.7232693    7.59723879   5.02229773   5.99537827\n    3.59452588]\n [ -1.51974246 -15.52893342  43.46058521   5.99537827  82.61447973\n   53.04034116]\n [  3.61138857 -10.62798712  25.4560623    3.59452588  53.04034116\n   41.22621914]]", "nfev": "266", "njev": "38", "status": "0", "success": "True", "message": "Optimization terminated successfully.", "x": "[ 6.87838345  3.1977422   5.87685698  3.62482528 -1.72906215  2.56093719]", "nit": "36"}, "9": {"maxiter": 500, "gtol": 1e-05, "xrtol": 1e-05, "eps": 1e-10, "duration": 0.04534506797790527, "fun": "0.22703917704946952", "jac": "[ 9.99200639e-06  6.66133760e-06  6.66133760e-06 -7.77156053e-06\n  5.55111466e-06 -4.44089173e-06]", "hess_inv": "[[  5.18706472  -0.5926842   -2.03972417  -0.37384753  -1.70957321\n    3.54173951]\n [ -0.5926842   18.09629761 -21.69113833  -6.83279508 -16.42673342\n  -11.14754376]\n [ -2.03972417 -21.69113833  41.65606643   7.79755277  44.43610605\n   26.00847491]\n [ -0.37384753  -6.83279508   7.79755277   5.01556056   6.2491995\n    3.68033944]\n [ -1.70957321 -16.42673342  44.43610605   6.2491995   83.20199039\n   53.22638605]\n [  3.54173951 -11.14754376  26.00847491   3.68033944  53.22638605\n   41.2272732 ]]", "nfev": "266", "njev": "38", "status": "0", "success": "True", "message": "Optimization terminated successfully.", "x": "[ 6.87841599  3.19770097  5.87704873  3.62485014 -1.72860986  2.5612683 ]", "nit": "36"}, "10": {"maxiter": 500, "gtol": 1e-05, "xrtol": 1e-10, "eps": 1e-05, "duration": 0.045092105865478516, "fun": "0.22703917642172144", "jac": "[ 8.02962141e-06  3.42685880e-06  6.40600906e-06 -9.26000387e-06\n  2.89643864e-06 -5.77317083e-06]", "hess_inv": "[[  5.12902338  -0.7852155   -1.86534384  -0.25488302  -1.51974246\n    3.61138857]\n [ -0.7852155   17.58650546 -20.99747256  -6.7232693  -15.52893342\n  -10.62798712]\n [ -1.86534384 -20.99747256  40.73922903   7.59723879  43.46058521\n   25.4560623 ]\n [ -0.25488302  -6.7232693    7.59723879   5.02229773   5.99537827\n    3.59452588]\n [ -1.51974246 -15.52893342  43.46058521   5.99537827  82.61447973\n   53.04034116]\n [  3.61138857 -10.62798712  25.4560623    3.59452588  53.04034116\n   41.22621914]]", "nfev": "266", "njev": "38", "status": "0", "success": "True", "message": "Optimization terminated successfully.", "x": "[ 6.87838345  3.1977422   5.87685698  3.62482528 -1.72906215  2.56093719]", "nit": "36"}, "11": {"maxiter": 500, "gtol": 1e-05, "xrtol": 1e-10, "eps": 1e-10, "duration": 0.04574918746948242, "fun": "0.22703917704946952", "jac": "[ 9.99200639e-06  6.66133760e-06  6.66133760e-06 -7.77156053e-06\n  5.55111466e-06 -4.44089173e-06]", "hess_inv": "[[  5.18706472  -0.5926842   -2.03972417  -0.37384753  -1.70957321\n    3.54173951]\n [ -0.5926842   18.09629761 -21.69113833  -6.83279508 -16.42673342\n  -11.14754376]\n [ -2.03972417 -21.69113833  41.65606643   7.79755277  44.43610605\n   26.00847491]\n [ -0.37384753  -6.83279508   7.79755277   5.01556056   6.2491995\n    3.68033944]\n [ -1.70957321 -16.42673342  44.43610605   6.2491995   83.20199039\n   53.22638605]\n [  3.54173951 -11.14754376  26.00847491   3.68033944  53.22638605\n   41.2272732 ]]", "nfev": "266", "njev": "38", "status": "0", "success": "True", "message": "Optimization terminated successfully.", "x": "[ 6.87841599  3.19770097  5.87704873  3.62485014 -1.72860986  2.5612683 ]", "nit": "36"}, "12": {"maxiter": 500, "gtol": 1e-10, "xrtol": 1e-05, "eps": 1e-05, "duration": 0.0763559341430664, "fun": "0.22703917613823377", "jac": "[ 1.22974964e-06  2.74980039e-07  4.35362857e-07 -1.87516669e-07\n  7.75335351e-07 -1.21982424e-06]", "hess_inv": "[[  5.12501439  -0.82182948  -1.73993161  -0.24984203  -1.39794964\n    3.64410777]\n [ -0.82182948  17.43140921 -20.79594243  -6.5934769  -15.39538161\n  -10.64017113]\n [ -1.73993161 -20.79594243  41.75036959   7.01468409  44.77561025\n   26.0494834 ]\n [ -0.24984203  -6.5934769    7.01468409   5.04757444   5.39786747\n    3.4175793 ]\n [ -1.39794964 -15.39538161  44.77561025   5.39786747  84.23556427\n   53.72790814]\n [  3.64410777 -10.64017113  26.0494834    3.4175793   53.72790814\n   41.48669971]]", "nfev": "446", "njev": "62", "status": "2", "success": "False", "message": "Desired error not necessarily achieved due to precision loss.", "x": "[ 6.87837887  3.1977414   5.87677236  3.62485579 -1.72915652  2.56089637]", "nit": "37"}, "13": {"maxiter": 500, "gtol": 1e-10, "xrtol": 1e-05, "eps": 1e-10, "duration": 0.049810171127319336, "fun": "0.2270391758652046", "jac": "[ 2.22044587e-06  0.00000000e+00 -1.11022293e-06  0.00000000e+00\n  1.11022293e-06 -2.22044587e-06]", "hess_inv": "[[  5.33549826  -0.31964342  -1.51873598  -0.6261837   -0.26588531\n    4.46296599]\n [ -0.31964342  17.32897064 -16.27921649  -7.18752618  -6.48311781\n   -4.92684616]\n [ -1.51873598 -16.27921649  27.83366998   6.49428933  23.85808438\n   13.34779991]\n [ -0.6261837   -7.18752618   6.49428933   5.39496188   3.07182104\n    1.70400229]\n [ -0.26588531  -6.48311781  23.85808438   3.07182104  55.18277443\n   36.1568199 ]\n [  4.46296599  -4.92684616  13.34779991   1.70400229  36.1568199\n   30.79878608]]", "nfev": "287", "njev": "41", "status": "0", "success": "True", "message": "Optimization terminated successfully.", "x": "[ 6.87839642  3.19768982  5.87689633  3.62488542 -1.72893309  2.5610603 ]", "nit": "38"}, "14": {"maxiter": 500, "gtol": 1e-10, "xrtol": 1e-10, "eps": 1e-05, "duration": 0.07610297203063965, "fun": "0.22703917613823377", "jac": "[ 1.22974964e-06  2.74980039e-07  4.35362857e-07 -1.87516669e-07\n  7.75335351e-07 -1.21982424e-06]", "hess_inv": "[[  5.12501439  -0.82182948  -1.73993161  -0.24984203  -1.39794964\n    3.64410777]\n [ -0.82182948  17.43140921 -20.79594243  -6.5934769  -15.39538161\n  -10.64017113]\n [ -1.73993161 -20.79594243  41.75036959   7.01468409  44.77561025\n   26.0494834 ]\n [ -0.24984203  -6.5934769    7.01468409   5.04757444   5.39786747\n    3.4175793 ]\n [ -1.39794964 -15.39538161  44.77561025   5.39786747  84.23556427\n   53.72790814]\n [  3.64410777 -10.64017113  26.0494834    3.4175793   53.72790814\n   41.48669971]]", "nfev": "446", "njev": "62", "status": "2", "success": "False", "message": "Desired error not necessarily achieved due to precision loss.", "x": "[ 6.87837887  3.1977414   5.87677236  3.62485579 -1.72915652  2.56089637]", "nit": "37"}, "15": {"maxiter": 500, "gtol": 1e-10, "xrtol": 1e-10, "eps": 1e-10, "duration": 0.06113910675048828, "fun": "0.2270391758652046", "jac": "[0.00000000e+00 2.22044587e-06 0.00000000e+00 2.22044587e-06\n 0.00000000e+00 0.00000000e+00]", "hess_inv": "[[  5.31717836  -0.47857838  -1.10712241  -0.68219891   0.32750458\n    4.76095205]\n [ -0.47857838  16.01518243 -13.02106757  -7.5131285   -1.85187588\n   -2.51736838]\n [ -1.10712241 -13.02106757  20.08963145   6.98178189  13.01036225\n    7.49749332]\n [ -0.68219891  -7.5131285    6.98178189   5.61895705   3.6124915\n    2.18202211]\n [  0.32750458  -1.85187588  13.01036225   3.6124915   40.06686055\n   27.90053418]\n [  4.76095205  -2.51736838   7.49749332   2.18202211  27.90053418\n   26.42640187]]", "nfev": "357", "njev": "51", "status": "0", "success": "True", "message": "Optimization terminated successfully.", "x": "[ 6.87839642  3.19768982  5.87689633  3.62488542 -1.72893309  2.5610603 ]", "nit": "39"}, "16": {"maxiter": 1000, "gtol": 1e-05, "xrtol": 1e-05, "eps": 1e-05, "duration": 0.04572319984436035, "fun": "0.22703917642172144", "jac": "[ 8.02962141e-06  3.42685880e-06  6.40600906e-06 -9.26000387e-06\n  2.89643864e-06 -5.77317083e-06]", "hess_inv": "[[  5.12902338  -0.7852155   -1.86534384  -0.25488302  -1.51974246\n    3.61138857]\n [ -0.7852155   17.58650546 -20.99747256  -6.7232693  -15.52893342\n  -10.62798712]\n [ -1.86534384 -20.99747256  40.73922903   7.59723879  43.46058521\n   25.4560623 ]\n [ -0.25488302  -6.7232693    7.59723879   5.02229773   5.99537827\n    3.59452588]\n [ -1.51974246 -15.52893342  43.46058521   5.99537827  82.61447973\n   53.04034116]\n [  3.61138857 -10.62798712  25.4560623    3.59452588  53.04034116\n   41.22621914]]", "nfev": "266", "njev": "38", "status": "0", "success": "True", "message": "Optimization terminated successfully.", "x": "[ 6.87838345  3.1977422   5.87685698  3.62482528 -1.72906215  2.56093719]", "nit": "36"}, "17": {"maxiter": 1000, "gtol": 1e-05, "xrtol": 1e-05, "eps": 1e-10, "duration": 0.0457768440246582, "fun": "0.22703917704946952", "jac": "[ 9.99200639e-06  6.66133760e-06  6.66133760e-06 -7.77156053e-06\n  5.55111466e-06 -4.44089173e-06]", "hess_inv": "[[  5.18706472  -0.5926842   -2.03972417  -0.37384753  -1.70957321\n    3.54173951]\n [ -0.5926842   18.09629761 -21.69113833  -6.83279508 -16.42673342\n  -11.14754376]\n [ -2.03972417 -21.69113833  41.65606643   7.79755277  44.43610605\n   26.00847491]\n [ -0.37384753  -6.83279508   7.79755277   5.01556056   6.2491995\n    3.68033944]\n [ -1.70957321 -16.42673342  44.43610605   6.2491995   83.20199039\n   53.22638605]\n [  3.54173951 -11.14754376  26.00847491   3.68033944  53.22638605\n   41.2272732 ]]", "nfev": "266", "njev": "38", "status": "0", "success": "True", "message": "Optimization terminated successfully.", "x": "[ 6.87841599  3.19770097  5.87704873  3.62485014 -1.72860986  2.5612683 ]", "nit": "36"}, "18": {"maxiter": 1000, "gtol": 1e-05, "xrtol": 1e-10, "eps": 1e-05, "duration": 0.04549908638000488, "fun": "0.22703917642172144", "jac": "[ 8.02962141e-06  3.42685880e-06  6.40600906e-06 -9.26000387e-06\n  2.89643864e-06 -5.77317083e-06]", "hess_inv": "[[  5.12902338  -0.7852155   -1.86534384  -0.25488302  -1.51974246\n    3.61138857]\n [ -0.7852155   17.58650546 -20.99747256  -6.7232693  -15.52893342\n  -10.62798712]\n [ -1.86534384 -20.99747256  40.73922903   7.59723879  43.46058521\n   25.4560623 ]\n [ -0.25488302  -6.7232693    7.59723879   5.02229773   5.99537827\n    3.59452588]\n [ -1.51974246 -15.52893342  43.46058521   5.99537827  82.61447973\n   53.04034116]\n [  3.61138857 -10.62798712  25.4560623    3.59452588  53.04034116\n   41.22621914]]", "nfev": "266", "njev": "38", "status": "0", "success": "True", "message": "Optimization terminated successfully.", "x": "[ 6.87838345  3.1977422   5.87685698  3.62482528 -1.72906215  2.56093719]", "nit": "36"}, "19": {"maxiter": 1000, "gtol": 1e-05, "xrtol": 1e-10, "eps": 1e-10, "duration": 0.045607805252075195, "fun": "0.22703917704946952", "jac": "[ 9.99200639e-06  6.66133760e-06  6.66133760e-06 -7.77156053e-06\n  5.55111466e-06 -4.44089173e-06]", "hess_inv": "[[  5.18706472  -0.5926842   -2.03972417  -0.37384753  -1.70957321\n    3.54173951]\n [ -0.5926842   18.09629761 -21.69113833  -6.83279508 -16.42673342\n  -11.14754376]\n [ -2.03972417 -21.69113833  41.65606643   7.79755277  44.43610605\n   26.00847491]\n [ -0.37384753  -6.83279508   7.79755277   5.01556056   6.2491995\n    3.68033944]\n [ -1.70957321 -16.42673342  44.43610605   6.2491995   83.20199039\n   53.22638605]\n [  3.54173951 -11.14754376  26.00847491   3.68033944  53.22638605\n   41.2272732 ]]", "nfev": "266", "njev": "38", "status": "0", "success": "True", "message": "Optimization terminated successfully.", "x": "[ 6.87841599  3.19770097  5.87704873  3.62485014 -1.72860986  2.5612683 ]", "nit": "36"}, "20": {"maxiter": 1000, "gtol": 1e-10, "xrtol": 1e-05, "eps": 1e-05, "duration": 0.0757303237915039, "fun": "0.22703917613823377", "jac": "[ 1.22974964e-06  2.74980039e-07  4.35362857e-07 -1.87516669e-07\n  7.75335351e-07 -1.21982424e-06]", "hess_inv": "[[  5.12501439  -0.82182948  -1.73993161  -0.24984203  -1.39794964\n    3.64410777]\n [ -0.82182948  17.43140921 -20.79594243  -6.5934769  -15.39538161\n  -10.64017113]\n [ -1.73993161 -20.79594243  41.75036959   7.01468409  44.77561025\n   26.0494834 ]\n [ -0.24984203  -6.5934769    7.01468409   5.04757444   5.39786747\n    3.4175793 ]\n [ -1.39794964 -15.39538161  44.77561025   5.39786747  84.23556427\n   53.72790814]\n [  3.64410777 -10.64017113  26.0494834    3.4175793   53.72790814\n   41.48669971]]", "nfev": "446", "njev": "62", "status": "2", "success": "False", "message": "Desired error not necessarily achieved due to precision loss.", "x": "[ 6.87837887  3.1977414   5.87677236  3.62485579 -1.72915652  2.56089637]", "nit": "37"}, "21": {"maxiter": 1000, "gtol": 1e-10, "xrtol": 1e-05, "eps": 1e-10, "duration": 0.04903411865234375, "fun": "0.2270391758652046", "jac": "[ 2.22044587e-06  0.00000000e+00 -1.11022293e-06  0.00000000e+00\n  1.11022293e-06 -2.22044587e-06]", "hess_inv": "[[  5.33549826  -0.31964342  -1.51873598  -0.6261837   -0.26588531\n    4.46296599]\n [ -0.31964342  17.32897064 -16.27921649  -7.18752618  -6.48311781\n   -4.92684616]\n [ -1.51873598 -16.27921649  27.83366998   6.49428933  23.85808438\n   13.34779991]\n [ -0.6261837   -7.18752618   6.49428933   5.39496188   3.07182104\n    1.70400229]\n [ -0.26588531  -6.48311781  23.85808438   3.07182104  55.18277443\n   36.1568199 ]\n [  4.46296599  -4.92684616  13.34779991   1.70400229  36.1568199\n   30.79878608]]", "nfev": "287", "njev": "41", "status": "0", "success": "True", "message": "Optimization terminated successfully.", "x": "[ 6.87839642  3.19768982  5.87689633  3.62488542 -1.72893309  2.5610603 ]", "nit": "38"}, "22": {"maxiter": 1000, "gtol": 1e-10, "xrtol": 1e-10, "eps": 1e-05, "duration": 0.07553577423095703, "fun": "0.22703917613823377", "jac": "[ 1.22974964e-06  2.74980039e-07  4.35362857e-07 -1.87516669e-07\n  7.75335351e-07 -1.21982424e-06]", "hess_inv": "[[  5.12501439  -0.82182948  -1.73993161  -0.24984203  -1.39794964\n    3.64410777]\n [ -0.82182948  17.43140921 -20.79594243  -6.5934769  -15.39538161\n  -10.64017113]\n [ -1.73993161 -20.79594243  41.75036959   7.01468409  44.77561025\n   26.0494834 ]\n [ -0.24984203  -6.5934769    7.01468409   5.04757444   5.39786747\n    3.4175793 ]\n [ -1.39794964 -15.39538161  44.77561025   5.39786747  84.23556427\n   53.72790814]\n [  3.64410777 -10.64017113  26.0494834    3.4175793   53.72790814\n   41.48669971]]", "nfev": "446", "njev": "62", "status": "2", "success": "False", "message": "Desired error not necessarily achieved due to precision loss.", "x": "[ 6.87837887  3.1977414   5.87677236  3.62485579 -1.72915652  2.56089637]", "nit": "37"}, "23": {"maxiter": 1000, "gtol": 1e-10, "xrtol": 1e-10, "eps": 1e-10, "duration": 0.060639142990112305, "fun": "0.2270391758652046", "jac": "[0.00000000e+00 2.22044587e-06 0.00000000e+00 2.22044587e-06\n 0.00000000e+00 0.00000000e+00]", "hess_inv": "[[  5.31717836  -0.47857838  -1.10712241  -0.68219891   0.32750458\n    4.76095205]\n [ -0.47857838  16.01518243 -13.02106757  -7.5131285   -1.85187588\n   -2.51736838]\n [ -1.10712241 -13.02106757  20.08963145   6.98178189  13.01036225\n    7.49749332]\n [ -0.68219891  -7.5131285    6.98178189   5.61895705   3.6124915\n    2.18202211]\n [  0.32750458  -1.85187588  13.01036225   3.6124915   40.06686055\n   27.90053418]\n [  4.76095205  -2.51736838   7.49749332   2.18202211  27.90053418\n   26.42640187]]", "nfev": "357", "njev": "51", "status": "0", "success": "True", "message": "Optimization terminated successfully.", "x": "[ 6.87839642  3.19768982  5.87689633  3.62488542 -1.72893309  2.5610603 ]", "nit": "39"}}, "cobyla": {"0": {"maxiter": 100, "tol": 1e-05, "catol": 1e-05, "duration": 0.017019033432006836, "x": "[ 6.87704795  3.57500283  5.87996608  3.44149991 -0.40007451  3.65365125]", "status": "2", "success": "False", "message": "Maximum number of function evaluations has been exceeded.", "nfev": "100", "fun": "0.24802051802916647", "maxcv": "0.0"}, "1": {"maxiter": 100, "tol": 1e-05, "catol": 1e-10, "duration": 0.01690506935119629, "x": "[ 6.87704795  3.57500283  5.87996608  3.44149991 -0.40007451  3.65365125]", "status": "2", "success": "False", "message": "Maximum number of function evaluations has been exceeded.", "nfev": "100", "fun": "0.24802051802916647", "maxcv": "0.0"}, "2": {"maxiter": 100, "tol": 1e-10, "catol": 1e-05, "duration": 0.017020225524902344, "x": "[ 6.87704795  3.57500283  5.87996608  3.44149991 -0.40007451  3.65365125]", "status": "2", "success": "False", "message": "Maximum number of function evaluations has been exceeded.", "nfev": "100", "fun": "0.24802051802916647", "maxcv": "0.0"}, "3": {"maxiter": 100, "tol": 1e-10, "catol": 1e-10, "duration": 0.017010927200317383, "x": "[ 6.87704795  3.57500283  5.87996608  3.44149991 -0.40007451  3.65365125]", "status": "2", "success": "False", "message": "Maximum number of function evaluations has been exceeded.", "nfev": "100", "fun": "0.24802051802916647", "maxcv": "0.0"}, "4": {"maxiter": 500, "tol": 1e-05, "catol": 1e-05, "duration": 0.08512997627258301, "x": "[ 6.88016815  3.15806185  5.97007019  3.6431017  -1.58723495  2.65456872]", "status": "2", "success": "False", "message": "Maximum number of function evaluations has been exceeded.", "nfev": "500", "fun": "0.22717040513366582", "maxcv": "0.0"}, "5": {"maxiter": 500, "tol": 1e-05, "catol": 1e-10, "duration": 0.0817725658416748, "x": "[ 6.88016815  3.15806185  5.97007019  3.6431017  -1.58723495  2