{"date": "2024/07/18/, 23:03:54", "conf_id": 99, "data_type": "orthogonal\n", "num_data_points": 1, "s_rank": 0, "unitary": "[[-0.24866696+0.58742286j,-0.44704345-0.43151574j,-0.35669027-0.20570733j,-0.10517633+0.1626036j],[0.10596805-0.19687975j,-0.30269685-0.15056416j,0.18246286+0.30440582j,-0.83484447-0.11310748j],[0.26054512-0.52548482j,0.0285017-0.50723956j,-0.43110112+0.17165838j,0.15243271+0.39915801j],[0.42978035+0.11991271j,-0.17224126-0.46030424j,0.6827807-0.15164662j,0.26483638+0.0061855j]]", "databatch_0": {"databatch": "[[[-0.38791953+0.19856083j,0.00236853+0.34364797j,0.03692268+0.06555831j,0.02207269-0.06114839j],[-0.02877858+0.33794454j,-0.0415863+0.11134869j,0.03089828+0.15933167j,-0.18146292-0.25926083j],[0.03998241+0.09848915j,-0.12441625-0.05852775j,0.0482421-0.27085331j,0.03692002+0.00921517j],[-0.23311889+0.18569162j,-0.07551084+0.38152963j,0.00651471+0.13011585j,0.20957633-0.13464129j]]]", "initial param values": "[1.92187601,0.34114729,0.85578825,1.86185661,6.14437739,1.58207636]", "nelder_mead": {"type": "gradient-free", "0": {"maxiter": 100, "fatol": 1e-05, "xatol": 1e-05, "duration": 0.02581310272216797, "fun": "0.35318965276050307", "nit": "100", "nfev": "156", "status": "2", "success": "False", "message": "Maximum number of iterations has been exceeded.", "x": "[0.44302335 0.27661057 0.11139199 4.45198637 7.48053413 1.29266793]", "final_simplex": "(array([[ 0.44302335,  0.27661057,  0.11139199,  4.45198637,  7.48053413,\n         1.29266793],\n       [ 0.671415  ,  0.27582518,  0.14585517,  4.44756819,  7.3872106 ,\n         1.30024773],\n       [ 0.70868642,  0.29480062, -0.02621391,  4.67821235,  7.18480873,\n         1.24403191],\n       [ 0.88860592,  0.25123777, -0.05636124,  4.76421852,  7.23621757,\n         1.49513772],\n       [ 0.78036741,  0.27844302,  0.0389629 ,  4.59676425,  7.12271936,\n         1.36939674],\n       [ 0.78282807,  0.30712083, -0.0433468 ,  4.59341437,  7.04856841,\n         1.27923297],\n       [ 0.50037086,  0.24963979,  0.15087858,  4.65854529,  7.50782633,\n         1.37632452]]), array([0.35318965, 0.35714392, 0.35808569, 0.36017016, 0.36233362,\n       0.36299385, 0.363726  ]))"}, "1": {"maxiter": 100, "fatol": 1e-05, "xatol": 1e-10, "duration": 0.02579522132873535, "fun": "0.35318965276050307", "nit": "100", "nfev": "156", "status": "2", "success": "False", "message": "Maximum number of iterations has been exceeded.", "x": "[0.44302335 0.27661057 0.11139199 4.45198637 7.48053413 1.29266793]", "final_simplex": "(array([[ 0.44302335,  0.27661057,  0.11139199,  4.45198637,  7.48053413,\n         1.29266793],\n       [ 0.671415  ,  0.27582518,  0.14585517,  4.44756819,  7.3872106 ,\n         1.30024773],\n       [ 0.70868642,  0.29480062, -0.02621391,  4.67821235,  7.18480873,\n         1.24403191],\n       [ 0.88860592,  0.25123777, -0.05636124,  4.76421852,  7.23621757,\n         1.49513772],\n       [ 0.78036741,  0.27844302,  0.0389629 ,  4.59676425,  7.12271936,\n         1.36939674],\n       [ 0.78282807,  0.30712083, -0.0433468 ,  4.59341437,  7.04856841,\n         1.27923297],\n       [ 0.50037086,  0.24963979,  0.15087858,  4.65854529,  7.50782633,\n         1.37632452]]), array([0.35318965, 0.35714392, 0.35808569, 0.36017016, 0.36233362,\n       0.36299385, 0.363726  ]))"}, "2": {"maxiter": 100, "fatol": 1e-10, "xatol": 1e-05, "duration": 0.025806903839111328, "fun": "0.35318965276050307", "nit": "100", "nfev": "156", "status": "2", "success": "False", "message": "Maximum number of iterations has been exceeded.", "x": "[0.44302335 0.27661057 0.11139199 4.45198637 7.48053413 1.29266793]", "final_simplex": "(array([[ 0.44302335,  0.27661057,  0.11139199,  4.45198637,  7.48053413,\n         1.29266793],\n       [ 0.671415  ,  0.27582518,  0.14585517,  4.44756819,  7.3872106 ,\n         1.30024773],\n       [ 0.70868642,  0.29480062, -0.02621391,  4.67821235,  7.18480873,\n         1.24403191],\n       [ 0.88860592,  0.25123777, -0.05636124,  4.76421852,  7.23621757,\n         1.49513772],\n       [ 0.78036741,  0.27844302,  0.0389629 ,  4.59676425,  7.12271936,\n         1.36939674],\n       [ 0.78282807,  0.30712083, -0.0433468 ,  4.59341437,  7.04856841,\n         1.27923297],\n       [ 0.50037086,  0.24963979,  0.15087858,  4.65854529,  7.50782633,\n         1.37632452]]), array([0.35318965, 0.35714392, 0.35808569, 0.36017016, 0.36233362,\n       0.36299385, 0.363726  ]))"}, "3": {"maxiter": 100, "fatol": 1e-10, "xatol": 1e-10, "duration": 0.025768041610717773, "fun": "0.35318965276050307", "nit": "100", "nfev": "156", "status": "2", "success": "False", "message": "Maximum number of iterations has been exceeded.", "x": "[0.44302335 0.27661057 0.11139199 4.45198637 7.48053413 1.29266793]", "final_simplex": "(array([[ 0.44302335,  0.27661057,  0.11139199,  4.45198637,  7.48053413,\n         1.29266793],\n       [ 0.671415  ,  0.27582518,  0.14585517,  4.44756819,  7.3872106 ,\n         1.30024773],\n       [ 0.70868642,  0.29480062, -0.02621391,  4.67821235,  7.18480873,\n         1.24403191],\n       [ 0.88860592,  0.25123777, -0.05636124,  4.76421852,  7.23621757,\n         1.49513772],\n       [ 0.78036741,  0.27844302,  0.0389629 ,  4.59676425,  7.12271936,\n         1.36939674],\n       [ 0.78282807,  0.30712083, -0.0433468 ,  4.59341437,  7.04856841,\n         1.27923297],\n       [ 0.50037086,  0.24963979,  0.15087858,  4.65854529,  7.50782633,\n         1.37632452]]), array([0.35318965, 0.35714392, 0.35808569, 0.36017016, 0.36233362,\n       0.36299385, 0.363726  ]))"}, "4": {"maxiter": 500, "fatol": 1e-05, "xatol": 1e-05, "duration": 0.12001490592956543, "fun": "0.3311306120202182", "nit": "461", "nfev": "728", "status": "0", "success": "True", "message": "Optimization terminated successfully.", "x": "[ 0.43763959  0.36363551 -0.40322211  4.58104211  7.68817376  1.40021363]", "final_simplex": "(array([[ 0.43763959,  0.36363551, -0.40322211,  4.58104211,  7.68817376,\n         1.40021363],\n       [ 0.43763731,  0.36363685, -0.40322353,  4.58104159,  7.68817737,\n         1.40021437],\n       [ 0.43764192,  0.36363186, -0.40321683,  4.58104138,  7.6881752 ,\n         1.40021466],\n       [ 0.43763873,  0.36362584, -0.40321384,  4.58104037,  7.68817669,\n         1.40021512],\n       [ 0.43763971,  0.36363145, -0.40321709,  4.58104307,  7.68817446,\n         1.40021529],\n       [ 0.43763925,  0.36363137, -0.40321625,  4.58103955,  7.68817282,\n         1.40021382],\n       [ 0.437636  ,  0.36363345, -0.40321862,  4.58104016,  7.68817808,\n         1.40021078]]), array([0.33113061, 0.33113061, 0.33113061, 0.33113061, 0.33113061,\n       0.33113061, 0.33113061]))"}, "5": {"maxiter": 500, "fatol": 1e-05, "xatol": 1e-10, "duration": 0.13120484352111816, "fun": "0.3311306120196159", "nit": "500", "nfev": "797", "status": "2", "success": "False", "message": "Maximum number of iterations has been exceeded.", "x": "[ 0.43763968  0.36363341 -0.40321942  4.58104145  7.68817584  1.40021399]", "final_simplex": "(array([[ 0.43763968,  0.36363341, -0.40321942,  4.58104145,  7.68817584,\n         1.40021399],\n       [ 0.43763973,  0.36363299, -0.40321898,  4.58104142,  7.68817584,\n         1.40021398],\n       [ 0.43763958,  0.36363327, -0.40321922,  4.58104133,  7.68817583,\n         1.40021394],\n       [ 0.43763963,  0.36363319, -0.40321923,  4.58104145,  7.68817587,\n         1.40021407],\n       [ 0.43763951,  0.3636338 , -0.40321972,  4.58104148,  7.68817592,\n         1.40021393],\n       [ 0.43763954,  0.36363359, -0.40321975,  4.58104151,  7.68817592,\n         1.40021397],\n       [ 0.4376394 ,  0.36363291, -0.40321892,  4.58104128,  7.68817607,\n         1.40021401]]), array([0.33113061, 0.33113061, 0.33113061, 0.33113061, 0.33113061,\n       0.33113061, 0.33113061]))"}, "6": {"maxiter": 500, "fatol": 1e-10, "xatol": 1e-05, "duration": 0.11980390548706055, "fun": "0.3311306120202182", "nit": "461", "nfev": "728", "status": "0", "success": "True", "message": "Optimization terminated successfully.", "x": "[ 0.43763959  0.36363551 -0.40322211  4.58104211  7.68817376  1.40021363]", "final_simplex": "(array([[ 0.43763959,  0.36363551, -0.40322211,  4.58104211,  7.68817376,\n         1.40021363],\n       [ 0.43763731,  0.36363685, -0.40322353,  4.58104159,  7.68817737,\n         1.40021437],\n       [ 0.43764192,  0.36363186, -0.40321683,  4.58104138,  7.6881752 ,\n         1.40021466],\n       [ 0.43763873,  0.36362584, -0.40321384,  4.58104037,  7.68817669,\n         1.40021512],\n       [ 0.43763971,  0.36363145, -0.40321709,  4.58104307,  7.68817446,\n         1.40021529],\n       [ 0.43763925,  0.36363137, -0.40321625,  4.58103955,  7.68817282,\n         1.40021382],\n       [ 0.437636  ,  0.36363345, -0.40321862,  4.58104016,  7.68817808,\n         1.40021078]]), array([0.33113061, 0.33113061, 0.33113061, 0.33113061, 0.33113061,\n       0.33113061, 0.33113061]))"}, "7": {"maxiter": 500, "fatol": 1e-10, "xatol": 1e-10, "duration": 0.13109803199768066, "fun": "0.3311306120196159", "nit": "500", "nfev": "797", "status": "2", "success": "False", "message": "Maximum number of iterations has been exceeded.", "x": "[ 0.43763968  0.36363341 -0.40321942  4.58104145  7.68817584  1.40021399]", "final_simplex": "(array([[ 0.43763968,  0.36363341, -0.40321942,  4.58104145,  7.68817584,\n         1.40021399],\n       [ 0.43763973,  0.36363299, -0.40321898,  4.58104142,  7.68817584,\n         1.40021398],\n       [ 0.43763958,  0.36363327, -0.40321922,  4.58104133,  7.68817583,\n         1.40021394],\n       [ 0.43763963,  0.36363319, -0.40321923,  4.58104145,  7.68817587,\n         1.40021407],\n       [ 0.43763951,  0.3636338 , -0.40321972,  4.58104148,  7.68817592,\n         1.40021393],\n       [ 0.43763954,  0.36363359, -0.40321975,  4.58104151,  7.68817592,\n         1.40021397],\n       [ 0.4376394 ,  0.36363291, -0.40321892,  4.58104128,  7.68817607,\n         1.40021401]]), array([0.33113061, 0.33113061, 0.33113061, 0.33113061, 0.33113061,\n       0.33113061, 0.33113061]))"}, "8": {"maxiter": 1000, "fatol": 1e-05, "xatol": 1e-05, "duration": 0.12137889862060547, "fun": "0.3311306120202182", "nit": "461", "nfev": "728", "status": "0", "success": "True", "message": "Optimization terminated successfully.", "x": "[ 0.43763959  0.36363551 -0.40322211  4.58104211  7.68817376  1.40021363]", "final_simplex": "(array([[ 0.43763959,  0.36363551, -0.40322211,  4.58104211,  7.68817376,\n         1.40021363],\n       [ 0.43763731,  0.36363685, -0.40322353,  4.58104159,  7.68817737,\n         1.40021437],\n       [ 0.43764192,  0.36363186, -0.40321683,  4.58104138,  7.6881752 ,\n         1.40021466],\n       [ 0.43763873,  0.36362584, -0.40321384,  4.58104037,  7.68817669,\n         1.40021512],\n       [ 0.43763971,  0.36363145, -0.40321709,  4.58104307,  7.68817446,\n         1.40021529],\n       [ 0.43763925,  0.36363137, -0.40321625,  4.58103955,  7.68817282,\n         1.40021382],\n       [ 0.437636  ,  0.36363345, -0.40321862,  4.58104016,  7.68817808,\n         1.40021078]]), array([0.33113061, 0.33113061, 0.33113061, 0.33113061, 0.33113061,\n       0.33113061, 0.33113061]))"}, "9": {"maxiter": 1000, "fatol": 1e-05, "xatol": 1e-10, "duration": 0.1565539836883545, "fun": "0.3311306120196127", "nit": "561", "nfev": "951", "status": "0", "success": "True", "message": "Optimization terminated successfully.", "x": "[ 0.43763961  0.36363337 -0.40321932  4.58104146  7.68817592  1.40021391]", "final_simplex": "(array([[ 0.43763961,  0.36363337, -0.40321932,  4.58104146,  7.68817592,\n         1.40021391],\n       [ 0.43763961,  0.36363337, -0.40321932,  4.58104146,  7.68817592,\n         1.40021391],\n       [ 0.43763961,  0.36363337, -0.40321932,  4.58104146,  7.68817592,\n         1.40021391],\n       [ 0.43763961,  0.36363337, -0.40321932,  4.58104146,  7.68817592,\n         1.40021391],\n       [ 0.43763961,  0.36363337, -0.40321932,  4.58104146,  7.68817592,\n         1.40021391],\n       [ 0.43763961,  0.36363337, -0.40321932,  4.58104146,  7.68817592,\n         1.40021391],\n       [ 0.43763961,  0.36363337, -0.40321932,  4.58104146,  7.68817592,\n         1.40021391]]), array([0.33113061, 0.33113061, 0.33113061, 0.33113061, 0.33113061,\n       0.33113061, 0.33113061]))"}, "10": {"maxiter": 1000, "fatol": 1e-10, "xatol": 1e-05, "duration": 0.1234886646270752, "fun": "0.3311306120202182", "nit": "461", "nfev": "728", "status": "0", "success": "True", "message": "Optimization terminated successfully.", "x": "[ 0.43763959  0.36363551 -0.40322211  4.58104211  7.68817376  1.40021363]", "final_simplex": "(array([[ 0.43763959,  0.36363551, -0.40322211,  4.58104211,  7.68817376,\n         1.40021363],\n       [ 0.43763731,  0.36363685, -0.40322353,  4.58104159,  7.68817737,\n         1.40021437],\n       [ 0.43764192,  0.36363186, -0.40321683,  4.58104138,  7.6881752 ,\n         1.40021466],\n       [ 0.43763873,  0.36362584, -0.40321384,  4.58104037,  7.68817669,\n         1.40021512],\n       [ 0.43763971,  0.36363145, -0.40321709,  4.58104307,  7.68817446,\n         1.40021529],\n       [ 0.43763925,  0.36363137, -0.40321625,  4.58103955,  7.68817282,\n         1.40021382],\n       [ 0.437636  ,  0.36363345, -0.40321862,  4.58104016,  7.68817808,\n         1.40021078]]), array([0.33113061, 0.33113061, 0.33113061, 0.33113061, 0.33113061,\n       0.33113061, 0.33113061]))"}, "11": {"maxiter": 1000, "fatol": 1e-10, "xatol": 1e-10, "duration": 0.1586451530456543, "fun": "0.3311306120196127", "nit": "561", "nfev": "951", "status": "0", "success": "True", "message": "Optimization terminated successfully.", "x": "[ 0.43763961  0.36363337 -0.40321932  4.58104146  7.68817592  1.40021391]", "final_simplex": "(array([[ 0.43763961,  0.36363337, -0.40321932,  4.58104146,  7.68817592,\n         1.40021391],\n       [ 0.43763961,  0.36363337, -0.40321932,  4.58104146,  7.68817592,\n         1.40021391],\n       [ 0.43763961,  0.36363337, -0.40321932,  4.58104146,  7.68817592,\n         1.40021391],\n       [ 0.43763961,  0.36363337, -0.40321932,  4.58104146,  7.68817592,\n         1.40021391],\n       [ 0.43763961,  0.36363337, -0.40321932,  4.58104146,  7.68817592,\n         1.40021391],\n       [ 0.43763961,  0.36363337, -0.40321932,  4.58104146,  7.68817592,\n         1.40021391],\n       [ 0.43763961,  0.36363337, -0.40321932,  4.58104146,  7.68817592,\n         1.40021391]]), array([0.33113061, 0.33113061, 0.33113061, 0.33113061, 0.33113061,\n       0.33113061, 0.33113061]))"}}, "bfgs": {"type": "gradient", "0": {"maxiter": 100, "gtol": 1e-05, "xrtol": 1e-05, "eps": 1e-05, "duration": 0.046302080154418945, "fun": "0.33113061203638516", "jac": "[-9.30888699e-07  2.48967513e-07  4.05997458e-07  1.84250393e-06\n -2.96107583e-07  1.94000371e-07]", "hess_inv": "[[  7.03945303   0.84873652  -1.77523701   2.86274889  -5.3232966\n    1.23436997]\n [  0.84873652  53.94760317 -54.51726212  12.59009321   2.3816443\n   -5.2782251 ]\n [ -1.77523701 -54.51726212  60.91766253 -14.55145936  -1.70513124\n    2.01408153]\n [  2.86274889  12.59009321 -14.55145936   7.06091186  -1.11944987\n   -0.0744976 ]\n [ -5.3232966    2.3816443   -1.70513124  -1.11944987   9.37638783\n   -1.55021184]\n [  1.23436997  -5.2782251    2.01408153  -0.0744976   -1.55021184\n    5.82690679]]", "nfev": "259", "njev": "37", "status": "0", "success": "True", "message": "Optimization terminated successfully.", "x": "[ 0.43762837  0.36362217 -0.4032089   4.58103542  7.68817815  1.40021012]", "nit": "33"}, "1": {"maxiter": 100, "gtol": 1e-05, "xrtol": 1e-05, "eps": 1e-10, "duration": 0.046090126037597656, "fun": "0.331130612103821", "jac": "[-3.33066880e-06 -4.44089173e-06 -1.11022293e-06 -1.11022293e-06\n -2.22044587e-06 -1.11022293e-06]", "hess_inv": "[[ 6.94006042e+00 -8.16604570e-01 -3.69949832e-02  2.46955516e+00\n  -5.39420948e+00  1.32237586e+00]\n [-8.16604570e-01  5.39557867e+01 -5.44824022e+01  1.16760464e+01\n   2.01292543e+00 -5.10201816e+00]\n [-3.69949832e-02 -5.44824022e+01  6.08554224e+01 -1.36214116e+01\n  -1.32852754e+00  1.80239090e+00]\n [ 2.46955516e+00  1.16760464e+01 -1.36214116e+01  6.64619299e+00\n  -1.24825456e+00  5.17197436e-02]\n [-5.39420948e+00  2.01292543e+00 -1.32852754e+00 -1.24825456e+00\n   9.22718634e+00 -1.46528493e+00]\n [ 1.32237586e+00 -5.10201816e+00  1.80239090e+00  5.17197436e-02\n  -1.46528493e+00  5.80662350e+00]]", "nfev": "259", "njev": "37", "status": "0", "success": "True", "message": "Optimization terminated successfully.", "x": "[ 0.43762966  0.36355768 -0.40313556  4.58102785  7.68818571  1.40021176]", "nit": "33"}, "2": {"maxiter": 100, "gtol": 1e-05, "xrtol": 1e-10, "eps": 1e-05, "duration": 0.04586219787597656, "fun": "0.33113061203638516", "jac": "[-9.30888699e-07  2.48967513e-07  4.05997458e-07  1.84250393e-06\n -2.96107583e-07  1.94000371e-07]", "hess_inv": "[[  7.03945303   0.84873652  -1.77523701   2.86274889  -5.3232966\n    1.23436997]\n [  0.84873652  53.94760317 -54.51726212  12.59009321   2.3816443\n   -5.2782251 ]\n [ -1.77523701 -54.51726212  60.91766253 -14.55145936  -1.70513124\n    2.01408153]\n [  2.86274889  12.59009321 -14.55145936   7.06091186  -1.11944987\n   -0.0744976 ]\n [ -5.3232966    2.3816443   -1.70513124  -1.11944987   9.37638783\n   -1.55021184]\n [  1.23436997  -5.2782251    2.01408153  -0.0744976   -1.55021184\n    5.82690679]]", "nfev": "259", "njev": "37", "status": "0", "success": "True", "message": "Optimization terminated successfully.", "x": "[ 0.43762837  0.36362217 -0.4032089   4.58103542  7.68817815  1.40021012]", "nit": "33"}, "3": {"maxiter": 100, "gtol": 1e-05, "xrtol": 1e-10, "eps": 1e-10, "duration": 0.04570889472961426, "fun": "0.331130612103821", "jac": "[-3.33066880e-06 -4.44089173e-06 -1.11022293e-06 -1.11022293e-06\n -2.22044587e-06 -1.11022293e-06]", "hess_inv": "[[ 6.94006042e+00 -8.16604570e-01 -3.69949832e-02  2.46955516e+00\n  -5.39420948e+00  1.32237586e+00]\n [-8.16604570e-01  5.39557867e+01 -5.44824022e+01  1.16760464e+01\n   2.01292543e+00 -5.10201816e+00]\n [-3.69949832e-02 -5.44824022e+01  6.08554224e+01 -1.36214116e+01\n  -1.32852754e+00  1.80239090e+00]\n [ 2.46955516e+00  1.16760464e+01 -1.36214116e+01  6.64619299e+00\n  -1.24825456e+00  5.17197436e-02]\n [-5.39420948e+00  2.01292543e+00 -1.32852754e+00 -1.24825456e+00\n   9.22718634e+00 -1.46528493e+00]\n [ 1.32237586e+00 -5.10201816e+00  1.80239090e+00  5.17197436e-02\n  -1.46528493e+00  5.80662350e+00]]", "nfev": "259", "njev": "37", "status": "0", "success": "True", "message": "Optimization terminated successfully.", "x": "[ 0.43762966  0.36355768 -0.40313556  4.58102785  7.68818571  1.40021176]", "nit": "33"}, "4": {"maxiter": 100, "gtol": 1e-10, "xrtol": 1e-05, "eps": 1e-05, "duration": 0.09131574630737305, "fun": "0.33113061203638516", "jac": "[-9.30888699e-07  2.48967513e-07  4.05997458e-07  1.84250393e-06\n -2.96107583e-07  1.94000371e-07]", "hess_inv": "[[  6.9086299    0.77976442  -1.69256747   2.68668017  -5.30229499\n    1.23076239]\n [  0.77976442  56.07048688 -56.83606978  13.91458888   2.34231447\n   -5.31515674]\n [ -1.69256747 -56.83606978  63.45007226 -15.99086426  -1.66325839\n    2.05468654]\n [  2.68668017  13.91458888 -15.99086426   7.75427432  -1.12426863\n   -0.10234622]\n [ -5.30229499   2.34231447  -1.66325839  -1.12426863   9.37419286\n   -1.54881502]\n [  1.23076239  -5.31515674   2.05468654  -0.10234622  -1.54881502\n    5.8273756 ]]", "nfev": "523", "njev": "73", "status": "2", "success": "False", "message": "Desired error not necessarily achieved due to precision loss.", "x": "[ 0.43762837  0.36362217 -0.4032089   4.58103542  7.68817815  1.40021012]", "nit": "33"}, "5": {"maxiter": 100, "gtol": 1e-10, "xrtol": 1e-05, "eps": 1e-10, "duration": 0.04780697822570801, "fun": "0.3311306120710784", "jac": "[-1.11022293e-06  2.22044587e-06  0.00000000e+00  1.11022293e-06\n  1.11022293e-06 -1.11022293e-06]", "hess_inv": "[[  7.42548455  -0.12359704  -0.94447384   2.53820312  -5.77656446\n    1.46372001]\n [ -0.12359704  49.80908329 -53.49564402   8.42711691  -2.05534275\n   -2.60180333]\n [ -0.94447384 -53.49564402  63.10474096 -11.18228386   2.66929969\n   -0.50503458]\n [  2.53820312   8.42711691 -11.18228386   5.21946944  -2.41359075\n    0.86509983]\n [ -5.77656446  -2.05534275   2.66929969  -2.41359075   8.99569381\n   -1.12047395]\n [  1.46372001  -2.60180333  -0.50503458   0.86509983  -1.12047395\n    5.48555293]]", "nfev": "273", "njev": "39", "status": "0", "success": "True", "message": "Optimization terminated successfully.", "x": "[ 0.43764204  0.36370443 -0.40329055  4.58106237  7.68818283  1.40020618]", "nit": "35"}, "6": {"maxiter": 100, "gtol": 1e-10, "xrtol": 1e-10, "eps": 1e-05, "duration": 0.09041404724121094, "fun": "0.33113061203638516", "jac": "[-9.30888699e-07  2.48967513e-07  4.05997458e-07  1.84250393e-06\n -2.96107583e-07  1.94000371e-07]", "hess_inv": "[[  6.9086299    0.77976442  -1.69256747   2.68668017  -5.30229499\n    1.23076239]\n [  0.77976442  56.07048688 -56.83606978  13.91458888   2.34231447\n   -5.31515674]\n [ -1.69256747 -56.83606978  63.45007226 -15.99086426  -1.66325839\n    2.05468654]\n [  2.68668017  13.91458888 -15.99086426   7.75427432  -1.12426863\n   -0.10234622]\n [ -5.30229499   2.34231447  -1.66325839  -1.12426863   9.37419286\n   -1.54881502]\n [  1.23076239  -5.31515674   2.05468654  -0.10234622  -1.54881502\n    5.8273756 ]]", "nfev": "523", "njev": "73", "status": "2", "success": "False", "message": "Desired error not necessarily achieved due to precision loss.", "x": "[ 0.43762837  0.36362217 -0.4032089   4.58103542  7.68817815  1.40021012]", "nit": "33"}, "7": {"maxiter": 100, "gtol": 1e-10, "xrtol": 1e-10, "eps": 1e-10, "duration": 0.05924582481384277, "fun": "0.3311306120663864", "jac": "[ 1.11022293e-06  2.22044587e-06  1.11022293e-06 -1.11022293e-06\n  2.22044587e-06  2.22044587e-06]", "hess_inv": "[[ 8.50461651  3.493823   -5.87569539  3.72893219 -7.40520969  2.33548052]\n [ 3.493823    4.35575195 -3.77681517  0.52992852 -4.24038378  0.23868991]\n [-5.87569539 -3.77681517  6.319894   -2.70077588  6.62072497 -1.07356203]\n [ 3.72893219  0.52992852 -2.70077588  3.50969154 -3.89386994  1.39782938]\n [-7.40520969 -4.24038378  6.62072497 -3.89386994 11.03553519 -2.82073006]\n [ 2.33548052  0.23868991 -1.07356203  1.39782938 -2.82073006  2.5846123 ]]", "nfev": "357", "njev": "51", "status": "0", "success": "True", "message": "Optimization terminated successfully.", "x": "[ 0.43764416  0.36370154 -0.40329055  4.58106175  7.68817973  1.40020954]", "nit": "38"}, "8": {"maxiter": 500, "gtol": 1e-05, "xrtol": 1e-05, "eps": 1e-05, "duration": 0.043206214904785156, "fun": "0.33113061203638516", "jac": "[-9.30888699e-07  2.48967513e-07  4.05997458e-07  1.84250393e-06\n -2.96107583e-07  1.94000371e-07]", "hess_inv": "[[  7.03945303   0.84873652  -1.77523701   2.86274889  -5.3232966\n    1.23436997]\n [  0.84873652  53.94760317 -54.51726212  12.59009321   2.3816443\n   -5.2782251 ]\n [ -1.77523701 -54.51726212  60.91766253 -14.55145936  -1.70513124\n    2.01408153]\n [  2.86274889  12.59009321 -14.55145936   7.06091186  -1.11944987\n   -0.0744976 ]\n [ -5.3232966    2.3816443   -1.70513124  -1.11944987   9.37638783\n   -1.55021184]\n [  1.23436997  -5.2782251    2.01408153  -0.0744976   -1.55021184\n    5.82690679]]", "nfev": "259", "njev": "37", "status": "0", "success": "True", "message": "Optimization terminated successfully.", "x": "[ 0.43762837  0.36362217 -0.4032089   4.58103542  7.68817815  1.40021012]", "nit": "33"}, "9": {"maxiter": 500, "gtol": 1e-05, "xrtol": 1e-05, "eps": 1e-10, "duration": 0.044007062911987305, "fun": "0.331130612103821", "jac": "[-3.33066880e-06 -4.44089173e-06 -1.11022293e-06 -1.11022293e-06\n -2.22044587e-06 -1.11022293e-06]", "hess_inv": "[[ 6.94006042e+00 -8.16604570e-01 -3.69949832e-02  2.46955516e+00\n  -5.39420948e+00  1.32237586e+00]\n [-8.16604570e-01  5.39557867e+01 -5.44824022e+01  1.16760464e+01\n   2.01292543e+00 -5.10201816e+00]\n [-3.69949832e-02 -5.44824022e+01  6.08554224e+01 -1.36214116e+01\n  -1.32852754e+00  1.80239090e+00]\n [ 2.46955516e+00  1.16760464e+01 -1.36214116e+01  6.64619299e+00\n  -1.24825456e+00  5.17197436e-02]\n [-5.39420948e+00  2.01292543e+00 -1.32852754e+00 -1.24825456e+00\n   9.22718634e+00 -1.46528493e+00]\n [ 1.32237586e+00 -5.10201816e+00  1.80239090e+00  5.17197436e-02\n  -1.46528493e+00  5.80662350e+00]]", "nfev": "259", "njev": "37", "status": "0", "success": "True", "message": "Optimization terminated successfully.", "x": "[ 0.43762966  0.36355768 -0.40313556  4.58102785  7.68818571  1.40021176]", "nit": "33"}, "10": {"maxiter": 500, "gtol": 1e-05, "xrtol": 1e-10, "eps": 1e-05, "duration": 0.044046878814697266, "fun": "0.33113061203638516", "jac": "[-9.30888699e-07  2.48967513e-07  4.05997458e-07  1.84250393e-06\n -2.96107583e-07  1.94000371e-07]", "hess_inv": "[[  7.03945303   0.84873652  -1.77523701   2.86274889  -5.3232966\n    1.23436997]\n [  0.84873652  53.94760317 -54.51726212  12.59009321   2.3816443\n   -5.2782251 ]\n [ -1.77523701 -54.51726212  60.91766253 -14.55145936  -1.70513124\n    2.01408153]\n [  2.86274889  12.59009321 -14.55145936   7.06091186  -1.11944987\n   -0.0744976 ]\n [ -5.3232966    2.3816443   -1.70513124  -1.11944987   9.37638783\n   -1.55021184]\n [  1.23436997  -5.2782251    2.01408153  -0.0744976   -1.55021184\n    5.82690679]]", "nfev": "259", "njev": "37", "status": "0", "success": "True", "message": "Optimization terminated successfully.", "x": "[ 0.43762837  0.36362217 -0.4032089   4.58103542  7.68817815  1.40021012]", "nit": "33"}, "11": {"maxiter": 500, "gtol": 1e-05, "xrtol": 1e-10, "eps": 1e-10, "duration": 0.044059038162231445, "fun": "0.331130612103821", "jac": "[-3.33066880e-06 -4.44089173e-06 -1.11022293e-06 -1.11022293e-06\n -2.22044587e-06 -1.11022293e-06]", "hess_inv": "[[ 6.94006042e+00 -8.16604570e-01 -3.69949832e-02  2.46955516e+00\n  -5.39420948e+00  1.32237586e+00]\n [-8.16604570e-01  5.39557867e+01 -5.44824022e+01  1.16760464e+01\n   2.01292543e+00 -5.10201816e+00]\n [-3.69949832e-02 -5.44824022e+01  6.08554224e+01 -1.36214116e+01\n  -1.32852754e+00  1.80239090e+00]\n [ 2.46955516e+00  1.16760464e+01 -1.36214116e+01  6.64619299e+00\n  -1.24825456e+00  5.17197436e-02]\n [-5.39420948e+00  2.01292543e+00 -1.32852754e+00 -1.24825456e+00\n   9.22718634e+00 -1.46528493e+00]\n [ 1.32237586e+00 -5.10201816e+00  1.80239090e+00  5.17197436e-02\n  -1.46528493e+00  5.80662350e+00]]", "nfev": "259", "njev": "37", "status": "0", "success": "True", "message": "Optimization terminated successfully.", "x": "[ 0.43762966  0.36355768 -0.40313556  4.58102785  7.68818571  1.40021176]", "nit": "33"}, "12": {"maxiter": 500, "gtol": 1e-10, "xrtol": 1e-05, "eps": 1e-05, "duration": 0.08857488632202148, "fun": "0.33113061203638516", "jac": "[-9.30888699e-07  2.48967513e-07  4.05997458e-07  1.84250393e-06\n -2.96107583e-07  1.94000371e-07]", "hess_inv": "[[  6.9086299    0.77976442  -1.69256747   2.68668017  -5.30229499\n    1.23076239]\n [  0.77976442  56.07048688 -56.83606978  13.91458888   2.34231447\n   -5.31515674]\n [ -1.69256747 -56.83606978  63.45007226 -15.99086426  -1.66325839\n    2.05468654]\n [  2.68668017  13.91458888 -15.99086426   7.75427432  -1.12426863\n   -0.10234622]\n [ -5.30229499   2.34231447  -1.66325839  -1.12426863   9.37419286\n   -1.54881502]\n [  1.23076239  -5.31515674   2.05468654  -0.10234622  -1.54881502\n    5.8273756 ]]", "nfev": "523", "njev": "73", "status": "2", "success": "False", "message": "Desired error not necessarily achieved due to precision loss.", "x": "[ 0.43762837  0.36362217 -0.4032089   4.58103542  7.68817815  1.40021012]", "nit": "33"}, "13": {"maxiter": 500, "gtol": 1e-10, "xrtol": 1e-05, "eps": 1e-10, "duration": 0.046530961990356445, "fun": "0.3311306120710784", "jac": "[-1.11022293e-06  2.22044587e-06  0.00000000e+00  1.11022293e-06\n  1.11022293e-06 -1.11022293e-06]", "hess_inv": "[[  7.42548455  -0.12359704  -0.94447384   2.53820312  -5.77656446\n    1.46372001]\n [ -0.12359704  49.80908329 -53.49564402   8.42711691  -2.05534275\n   -2.60180333]\n [ -0.94447384 -53.49564402  63.10474096 -11.18228386   2.66929969\n   -0.50503458]\n [  2.53820312   8.42711691 -11.18228386   5.21946944  -2.41359075\n    0.86509983]\n [ -5.77656446  -2.05534275   2.66929969  -2.41359075   8.99569381\n   -1.12047395]\n [  1.46372001  -2.60180333  -0.50503458   0.86509983  -1.12047395\n    5.48555293]]", "nfev": "273", "njev": "39", "status": "0", "success": "True", "message": "Optimization terminated successfully.", "x": "[ 0.43764204  0.36370443 -0.40329055  4.58106237  7.68818283  1.40020618]", "nit": "35"}, "14": {"maxiter": 500, "gtol": 1e-10, "xrtol": 1e-10, "eps": 1e-05, "duration": 0.08824801445007324, "fun": "0.33113061203638516", "jac": "[-9.30888699e-07  2.48967513e-07  4.05997458e-07  1.84250393e-06\n -2.96107583e-07  1.94000371e-07]", "hess_inv": "[[  6.9086299    0.77976442  -1.69256747   2.68668017  -5.30229499\n    1.23076239]\n [  0.77976442  56.07048688 -56.83606978  13.91458888   2.34231447\n   -5.31515674]\n [ -1.69256747 -56.83606978  63.45007226 -15.99086426  -1.66325839\n    2.05468654]\n [  2.68668017  13.91458888 -15.99086426   7.75427432  -1.12426863\n   -0.10234622]\n [ -5.30229499   2.34231447  -1.66325839  -1.12426863   9.37419286\n   -1.54881502]\n [  1.23076239  -5.31515674   2.05468654  -0.10234622  -1.54881502\n    5.8273756 ]]", "nfev": "523", "njev": "73", "status": "2", "success": "False", "message": "Desired error not necessarily achieved due to precision loss.", "x": "[ 0.43762837  0.36362217 -0.4032089   4.58103542  7.68817815  1.40021012]", "nit": "33"}, "15": {"maxiter": 500, "gtol": 1e-10, "xrtol": 1e-10, "eps": 1e-10, "duration": 0.06053519248962402, "fun": "0.3311306120663864", "jac": "[ 1.11022293e-06  2.22044587e-06  1.11022293e-06 -1.11022293e-06\n  2.22044587e-06  2.22044587e-06]", "hess_inv": "[[ 8.50461651  3.493823   -5.87569539  3.72893219 -7.40520969  2.33548052]\n [ 3.493823    4.35575195 -3.77681517  0.52992852 -4.24038378  0.23868991]\n [-5.87569539 -3.77681517  6.319894   -2.70077588  6.62072497 -1.07356203]\n [ 3.72893219  0.52992852 -2.70077588  3.50969154 -3.89386994  1.39782938]\n [-7.40520969 -4.24038378  6.62072497 -3.89386994 11.03553519 -2.82073006]\n [ 2.33548052  0.23868991 -1.07356203  1.39782938 -2.82073006  2.5846123 ]]", "nfev": "357", "njev": "51", "status": "0", "success": "True", "message": "Optimization terminated successfully.", "x": "[ 0.43764416  0.36370154 -0.40329055  4.58106175  7.68817973  1.40020954]", "nit": "38"}, "16": {"maxiter": 1000, "gtol": 1e-05, "xrtol": 1e-05, "eps": 1e-05, "duration": 0.04391980171203613, "fun": "0.33113061203638516", "jac": "[-9.30888699e-07  2.48967513e-07  4.05997458e-07  1.84250393e-06\n -2.96107583e-07  1.94000371e-07]", "hess_inv": "[[  7.03945303   0.84873652  -1.77523701   2.86274889  -5.3232966\n    1.23436997]\n [  0.84873652  53.94760317 -54.51726212  12.59009321   2.3816443\n   -5.2782251 ]\n [ -1.77523701 -54.51726212  60.91766253 -14.55145936  -1.70513124\n    2.01408153]\n [  2.86274889  12.59009321 -14.55145936   7.06091186  -1.11944987\n   -0.0744976 ]\n [ -5.3232966    2.3816443   -1.70513124  -1.11944987   9.37638783\n   -1.55021184]\n [  1.23436997  -5.2782251    2.01408153  -0.0744976   -1.55021184\n    5.82690679]]", "nfev": "259", "njev": "37", "status": "0", "success": "True", "message": "Optimization terminated successfully.", "x": "[ 0.43762837  0.36362217 -0.4032089   4.58103542  7.68817815  1.40021012]", "nit": "33"}, "17": {"maxiter": 1000, "gtol": 1e-05, "xrtol": 1e-05, "eps": 1e-10, "duration": 0.043990135192871094, "fun": "0.331130612103821", "jac": "[-3.33066880e-06 -4.44089173e-06 -1.11022293e-06 -1.11022293e-06\n -2.22044587e-06 -1.11022293e-06]", "hess_inv": "[[ 6.94006042e+00 -8.16604570e-01 -3.69949832e-02  2.46955516e+00\n  -5.39420948e+00  1.32237586e+00]\n [-8.16604570e-01  5.39557867e+01 -5.44824022e+01  1.16760464e+01\n   2.01292543e+00 -5.10201816e+00]\n [-3.69949832e-02 -5.44824022e+01  6.08554224e+01 -1.36214116e+01\n  -1.32852754e+00  1.80239090e+00]\n [ 2.46955516e+00  1.16760464e+01 -1.36214116e+01  6.64619299e+00\n  -1.24825456e+00  5.17197436e-02]\n [-5.39420948e+00  2.01292543e+00 -1.32852754e+00 -1.24825456e+00\n   9.22718634e+00 -1.46528493e+00]\n [ 1.32237586e+00 -5.10201816e+00  1.80239090e+00  5.17197436e-02\n  -1.46528493e+00  5.80662350e+00]]", "nfev": "259", "njev": "37", "status": "0", "success": "True", "message": "Optimization terminated successfully.", "x": "[ 0.43762966  0.36355768 -0.40313556  4.58102785  7.68818571  1.40021176]", "nit": "33"}, "18": {"maxiter": 1000, "gtol": 1e-05, "xrtol": 1e-10, "eps": 1e-05, "duration": 0.043968915939331055, "fun": "0.33113061203638516", "jac": "[-9.30888699e-07  2.48967513e-07  4.05997458e-07  1.84250393e-06\n -2.96107583e-07  1.94000371e-07]", "hess_inv": "[[  7.03945303   0.84873652  -1.77523701   2.86274889  -5.3232966\n    1.23436997]\n [  0.84873652  53.94760317 -54.51726212  12.59009321   2.3816443\n   -5.2782251 ]\n [ -1.77523701 -54.51726212  60.91766253 -14.55145936  -1.70513124\n    2.01408153]\n [  2.86274889  12.59009321 -14.55145936   7.06091186  -1.11944987\n   -0.0744976 ]\n [ -5.3232966    2.3816443   -1.70513124  -1.11944987   9.37638783\n   -1.55021184]\n [  1.23436997  -5.2782251    2.01408153  -0.0744976   -1.55021184\n    5.82690679]]", "nfev": "259", "njev": "37", "status": "0", "success": "True", "message": "Optimization terminated successfully.", "x": "[ 0.43762837  0.36362217 -0.4032089   4.58103542  7.68817815  1.40021012]", "nit": "33"}, "19": {"maxiter": 1000, "gtol": 1e-05, "xrtol": 1e-10, "eps": 1e-10, "duration": 0.04403114318847656, "fun": "0.331130612103821", "jac": "[-3.33066880e-06 -4.44089173e-06 -1.11022293e-06 -1.11022293e-06\n -2.22044587e-06 -1.11022293e-06]", "hess_inv": "[[ 6.94006042e+00 -8.16604570e-01 -3.69949832e-02  2.46955516e+00\n  -5.39420948e+00  1.32237586e+00]\n [-8.16604570e-01  5.39557867e+01 -5.44824022e+01  1.16760464e+01\n   2.01292543e+00 -5.10201816e+00]\n [-3.69949832e-02 -5.44824022e+01  6.08554224e+01 -1.36214116e+01\n  -1.32852754e+00  1.80239090e+00]\n [ 2.46955516e+00  1.16760464e+01 -1.36214116e+01  6.64619299e+00\n  -1.24825456e+00  5.17197436e-02]\n [-5.39420948e+00  2.01292543e+00 -1.32852754e+00 -1.24825456e+00\n   9.22718634e+00 -1.46528493e+00]\n [ 1.32237586e+00 -5.10201816e+00  1.80239090e+00  5.17197436e-02\n  -1.46528493e+00  5.80662350e+00]]", "nfev": "259", "njev": "37", "status": "0", "success": "True", "message": "Optimization terminated successfully.", "x": "[ 0.43762966  0.36355768 -0.40313556  4.58102785  7.68818571  1.40021176]", "nit": "33"}, "20": {"maxiter": 1000, "gtol": 1e-10, "xrtol": 1e-05, "eps": 1e-05, "duration": 0.08839011192321777, "fun": "0.33113061203638516", "jac": "[-9.30888699e-07  2.48967513e-07  4.05997458e-07  1.84250393e-06\n -2.96107583e-07  1.94000371e-07]", "hess_inv": "[[  6.9086299    0.77976442  -1.69256747   2.68668017  -5.30229499\n    1.23076239]\n [  0.77976442  56.07048688 -56.83606978  13.91458888   2.34231447\n   -5.31515674]\n [ -1.69256747 -56.83606978  63.45007226 -15.99086426  -1.66325839\n    2.05468654]\n [  2.68668017  13.91458888 -15.99086426   7.75427432  -1.12426863\n   -0.10234622]\n [ -5.30229499   2.34231447  -1.66325839  -1.12426863   9.37419286\n   -1.54881502]\n [  1.23076239  -5.31515674   2.05468654  -0.10234622  -1.54881502\n    5.8273756 ]]", "nfev": "523", "njev": "73", "status": "2", "success": "False", "message": "Desired error not necessarily achieved due to precision loss.", "x": "[ 0.43762837  0.36362217 -0.4032089   4.58103542  7.68817815  1.40021012]", "nit": "33"}, "21": {"maxiter": 1000, "gtol": 1e-10, "xrtol": 1e-05, "eps": 1e-10, "duration": 0.04655003547668457, "fun": "0.3311306120710784", "jac": "[-1.11022293e-06  2.22044587e-06  0.00000000e+00  1.11022293e-06\n  1.11022293e-06 -1.11022293e-06]", "hess_inv": "[[  7.42548455  -0.12359704  -0.94447384   2.53820312  -5.77656446\n    1.46372001]\n [ -0.12359704  49.80908329 -53.49564402   8.42711691  -2.05534275\n   -2.60180333]\n [ -0.94447384 -53.49564402  63.10474096 -11.18228386   2.66929969\n   -0.50503458]\n [  2.53820312   8.42711691 -11.18228386   5.21946944  -2.41359075\n    0.86509983]\n [ -5.77656446  -2.05534275   2.66929969  -2.41359075   8.99569381\n   -1.12047395]\n [  1.46372001  -2.60180333  -0.50503458   0.86509983  -1.12047395\n    5.48555293]]", "nfev": "273", "njev": "39", "status": "0", "success": "True", "message": "Optimization terminated successfully.", "x": "[ 0.43764204  0.36370443 -0.40329055  4.58106237  7.68818283  1.40020618]", "nit": "35"}, "22": {"maxiter": 1000, "gtol": 1e-10, "xrtol": 1e-10, "eps": 1e-05, "duration": 0.08826208114624023, "fun": "0.33113061203638516", "jac": "[-9.30888699e-07  2.48967513e-07  4.05997458e-07  1.84250393e-06\n -2.96107583e-07  1.94000371e-07]", "hess_inv": "[[  6.9086299    0.77976442  -1.69256747   2.68668017  -5.30229499\n    1.23076239]\n [  0.77976442  56.07048688 -56.83606978  13.91458888   2.34231447\n   -5.31515674]\n [ -1.69256747 -56.83606978  63.45007226 -15.99086426  -1.66325839\n    2.05468654]\n [  2.68668017  13.91458888 -15.99086426   7.75427432  -1.12426863\n   -0.10234622]\n [ -5.30229499   2.34231447  -1.66325839  -1.12426863   9.37419286\n   -1.54881502]\n [  1.23076239  -5.31515674   2.05468654  -0.10234622  -1.54881502\n    5.8273756 ]]", "nfev": "523", "njev": "73", "status": "2", "success": "False", "message": "Desired error not necessarily achieved due to precision loss.", "x": "[ 0.43762837  0.36362217 -0.4032089   4.58103542  7.68817815  1.40021012]", "nit": "33"}, "23": {"maxiter": 1000, "gtol": 1e-10, "xrtol": 1e-10, "eps": 1e-10, "duration": 0.0604701042175293, "fun": "0.3311306120663864", "jac": "[ 1.11022293e-06  2.22044587e-06  1.11022293e-06 -1.11022293e-06\n  2.22044587e-06  2.22044587e-06]", "hess_inv": "[[ 8.50461651  3.493823   -5.87569539  3.72893219 -7.40520969  2.33548052]\n [ 3.493823    4.35575195 -3.77681517  0.52992852 -4.24038378  0.23868991]\n [-5.87569539 -3.77681517  6.319894   -2.70077588  6.62072497 -1.07356203]\n [ 3.72893219  0.52992852 -2.70077588  3.50969154 -3.89386994  1.39782938]\n [-7.40520969 -4.24038378  6.62072497 -3.89386994 11.03553519 -2.82073006]\n [ 2.33548052  0.23868991 -1.07356203  1.39782938 -2.82073006  2.5846123 ]]", "nfev": "357", "njev": "51", "status": "0", "success": "True", "message": "Optimization terminated successfully.", "x": "[ 0.43764416  0.36370154 -0.40329055  4.58106175  7.68817973  1.40020954]", "nit": "38"}}, "cobyla": {"0": {"maxiter": 100, "tol": 1e-05, "catol": 1e-05, "duration": 0.016366958618164062, "x": "[ 0.8085236  -0.50797889  0.76933373  4.05072227  7.44262686  1.26191934]", "status": "2", "success": "False", "message": "Maximum number of function evaluations has been exceeded.", "nfev": "100", "fun": "0.3564418163533314", "maxcv": "0.0"}, "1": {"maxiter": 100, "tol": 1e-05, "catol": 1e-10, "duration": 0.016279220581054688, "x": "[ 0.8085236  -0.50797889  0.76933373  4.05072227  7.44262686  1.26191934]", "status": "2", "success": "False", "message": "Maximum number of function evaluations has been exceeded.", "nfev": "100", "fun": "0.3564418163533314", "maxcv": "0.0"}, "2": {"maxiter": 100, "tol": 1e-10, "catol": 1e-05, "duration": 0.016268014907836914, "x": "[ 0.8085236  -0.50797889  0.76933373  4.05072227  7.44262686  1.26191934]", "status": "2", "success": "False", "message": "Maximum number of function evaluations has been exceeded.", "nfev": "100", "fun": "0.3564418163533314", "maxcv": "0.0"}, "3": {"maxiter": 100, "tol": 1e-10, "catol": 1e-10, "duration": 0.016282081604003906, "x": "[ 0.8085236  -0.50797889  0.76933373  4.05072227  7.44262686  1.26191934]", "status": "2", "success": "False", "message": "Maximum number of function evaluations has been exceeded.", "nfev": "100", "fun": "0.3564418163533314", "maxcv": "0.0"}, "4": {"maxiter": 500, "tol": 1e-05, "catol": 1e-0