{"date": "2024/07/18/, 17:07:41", "conf_id": 1, "data_type": "random\n", "num_data_points": 1, "s_rank": 0, "unitary": "[[-0.56303964-0.00798273j,-0.21670212-0.15784972j,-0.06047197-0.73952673j,-0.01438004+0.24552571j],[-0.06976756+0.23474685j,-0.01275565-0.5435098j,-0.02703657-0.08917885j,-0.08210486-0.79311774j],[-0.38559961+0.10714929j,0.5933431-0.2687392j,-0.24060861+0.29149289j,-0.45147719+0.26241743j],[-0.50180421+0.45931857j,-0.11617175+0.44134496j,0.49642745+0.22684508j,-0.08544628-0.15407063j]]", "databatch_0": {"databatch": "[[[-0.07575649+0.12876389j,-0.0978828-0.30728069j,-0.27653071-0.13359441j,0.10390776+0.03704393j],[0.09430444-0.17238742j,0.14129697+0.39994089j,0.36902087+0.16427231j,-0.13812123-0.04443241j],[0.00258362-0.03848762j,0.05815429+0.05959613j,0.07928763-0.0011678j,-0.0282703+0.0034751j],[-0.11117168+0.14523319j,-0.07334373-0.38794175j,-0.31621858-0.20338868j,0.12077307+0.06043825j]]]", "initial param values": "[6.16495048,0.45063806,4.21898818,1.20749204,5.59813443,3.35497256]", "nelder_mead": {"type": "gradient-free", "0": {"maxiter": 100, "fatol": 1e-05, "xatol": 1e-05, "duration": 0.028269052505493164, "fun": "0.013616961440744424", "nit": "100", "nfev": "162", "status": "2", "success": "False", "message": "Maximum number of iterations has been exceeded.", "x": "[8.04184483 0.34307822 2.34894213 1.0257009  6.87191965 3.37341073]", "final_simplex": "(array([[8.04184483, 0.34307822, 2.34894213, 1.0257009 , 6.87191965,\n        3.37341073],\n       [7.98546966, 0.34588748, 2.39901678, 1.02906365, 6.83356531,\n        3.37567352],\n       [7.99607714, 0.33562991, 2.44421855, 1.02905475, 6.90040489,\n        3.293445  ],\n       [8.06623066, 0.33653758, 2.33209555, 1.09267039, 6.76879974,\n        3.38249166],\n       [8.04104753, 0.33860334, 2.40249653, 1.08548164, 6.77516561,\n        3.35506777],\n       [8.11351879, 0.33132565, 2.34965341, 1.09873262, 6.7128384 ,\n        3.40409576],\n       [8.10709561, 0.33898493, 2.3058011 , 1.13485013, 6.63514432,\n        3.40926916]]), array([0.01361696, 0.01467521, 0.01539209, 0.01569568, 0.01700429,\n       0.01701716, 0.01733548]))"}, "1": {"maxiter": 100, "fatol": 1e-05, "xatol": 1e-10, "duration": 0.028606176376342773, "fun": "0.013616961440744424", "nit": "100", "nfev": "162", "status": "2", "success": "False", "message": "Maximum number of iterations has been exceeded.", "x": "[8.04184483 0.34307822 2.34894213 1.0257009  6.87191965 3.37341073]", "final_simplex": "(array([[8.04184483, 0.34307822, 2.34894213, 1.0257009 , 6.87191965,\n        3.37341073],\n       [7.98546966, 0.34588748, 2.39901678, 1.02906365, 6.83356531,\n        3.37567352],\n       [7.99607714, 0.33562991, 2.44421855, 1.02905475, 6.90040489,\n        3.293445  ],\n       [8.06623066, 0.33653758, 2.33209555, 1.09267039, 6.76879974,\n        3.38249166],\n       [8.04104753, 0.33860334, 2.40249653, 1.08548164, 6.77516561,\n        3.35506777],\n       [8.11351879, 0.33132565, 2.34965341, 1.09873262, 6.7128384 ,\n        3.40409576],\n       [8.10709561, 0.33898493, 2.3058011 , 1.13485013, 6.63514432,\n        3.40926916]]), array([0.01361696, 0.01467521, 0.01539209, 0.01569568, 0.01700429,\n       0.01701716, 0.01733548]))"}, "2": {"maxiter": 100, "fatol": 1e-10, "xatol": 1e-05, "duration": 0.028400897979736328, "fun": "0.013616961440744424", "nit": "100", "nfev": "162", "status": "2", "success": "False", "message": "Maximum number of iterations has been exceeded.", "x": "[8.04184483 0.34307822 2.34894213 1.0257009  6.87191965 3.37341073]", "final_simplex": "(array([[8.04184483, 0.34307822, 2.34894213, 1.0257009 , 6.87191965,\n        3.37341073],\n       [7.98546966, 0.34588748, 2.39901678, 1.02906365, 6.83356531,\n        3.37567352],\n       [7.99607714, 0.33562991, 2.44421855, 1.02905475, 6.90040489,\n        3.293445  ],\n       [8.06623066, 0.33653758, 2.33209555, 1.09267039, 6.76879974,\n        3.38249166],\n       [8.04104753, 0.33860334, 2.40249653, 1.08548164, 6.77516561,\n        3.35506777],\n       [8.11351879, 0.33132565, 2.34965341, 1.09873262, 6.7128384 ,\n        3.40409576],\n       [8.10709561, 0.33898493, 2.3058011 , 1.13485013, 6.63514432,\n        3.40926916]]), array([0.01361696, 0.01467521, 0.01539209, 0.01569568, 0.01700429,\n       0.01701716, 0.01733548]))"}, "3": {"maxiter": 100, "fatol": 1e-10, "xatol": 1e-10, "duration": 0.028216838836669922, "fun": "0.013616961440744424", "nit": "100", "nfev": "162", "status": "2", "success": "False", "message": "Maximum number of iterations has been exceeded.", "x": "[8.04184483 0.34307822 2.34894213 1.0257009  6.87191965 3.37341073]", "final_simplex": "(array([[8.04184483, 0.34307822, 2.34894213, 1.0257009 , 6.87191965,\n        3.37341073],\n       [7.98546966, 0.34588748, 2.39901678, 1.02906365, 6.83356531,\n        3.37567352],\n       [7.99607714, 0.33562991, 2.44421855, 1.02905475, 6.90040489,\n        3.293445  ],\n       [8.06623066, 0.33653758, 2.33209555, 1.09267039, 6.76879974,\n        3.38249166],\n       [8.04104753, 0.33860334, 2.40249653, 1.08548164, 6.77516561,\n        3.35506777],\n       [8.11351879, 0.33132565, 2.34965341, 1.09873262, 6.7128384 ,\n        3.40409576],\n       [8.10709561, 0.33898493, 2.3058011 , 1.13485013, 6.63514432,\n        3.40926916]]), array([0.01361696, 0.01467521, 0.01539209, 0.01569568, 0.01700429,\n       0.01701716, 0.01733548]))"}, "4": {"maxiter": 500, "fatol": 1e-05, "xatol": 1e-05, "duration": 0.07483386993408203, "fun": "0.0067740334757893095", "nit": "261", "nfev": "430", "status": "0", "success": "True", "message": "Optimization terminated successfully.", "x": "[7.93773751 0.35691779 2.29962367 0.86755952 6.79202056 3.36091087]", "final_simplex": "(array([[7.93773751, 0.35691779, 2.29962367, 0.86755952, 6.79202056,\n        3.36091087],\n       [7.93773485, 0.3569169 , 2.29962764, 0.86755688, 6.7920294 ,\n        3.36090647],\n       [7.93773146, 0.356918  , 2.29962604, 0.86755557, 6.79202843,\n        3.36090825],\n       [7.93773629, 0.35691931, 2.29962132, 0.86755835, 6.79202302,\n        3.36090988],\n       [7.93773718, 0.35691848, 2.29962481, 0.86755827, 6.79201888,\n        3.36091268],\n       [7.93773624, 0.35691818, 2.29962618, 0.86755976, 6.79202642,\n        3.36090546],\n       [7.93773583, 0.3569176 , 2.2996239 , 0.867556  , 6.79202001,\n        3.36091081]]), array([0.00677403, 0.00677403, 0.00677403, 0.00677403, 0.00677403,\n       0.00677403, 0.00677403]))"}, "5": {"maxiter": 500, "fatol": 1e-05, "xatol": 1e-10, "duration": 0.11117887496948242, "fun": "0.0067740334743308095", "nit": "357", "nfev": "654", "status": "0", "success": "True", "message": "Optimization terminated successfully.", "x": "[7.93773596 0.35691799 2.29962449 0.86755738 6.79202614 3.36090968]", "final_simplex": "(array([[7.93773596, 0.35691799, 2.29962449, 0.86755738, 6.79202614,\n        3.36090968],\n       [7.93773596, 0.35691799, 2.29962449, 0.86755738, 6.79202614,\n        3.36090968],\n       [7.93773596, 0.35691799, 2.29962449, 0.86755738, 6.79202614,\n        3.36090968],\n       [7.93773596, 0.35691799, 2.29962449, 0.86755738, 6.79202614,\n        3.36090968],\n       [7.93773596, 0.35691799, 2.29962449, 0.86755738, 6.79202614,\n        3.36090968],\n       [7.93773596, 0.35691799, 2.29962449, 0.86755738, 6.79202614,\n        3.36090968],\n       [7.93773596, 0.35691799, 2.29962449, 0.86755738, 6.79202614,\n        3.36090968]]), array([0.00677403, 0.00677403, 0.00677403, 0.00677403, 0.00677403,\n       0.00677403, 0.00677403]))"}, "6": {"maxiter": 500, "fatol": 1e-10, "xatol": 1e-05, "duration": 0.07383298873901367, "fun": "0.0067740334757893095", "nit": "261", "nfev": "430", "status": "0", "success": "True", "message": "Optimization terminated successfully.", "x": "[7.93773751 0.35691779 2.29962367 0.86755952 6.79202056 3.36091087]", "final_simplex": "(array([[7.93773751, 0.35691779, 2.29962367, 0.86755952, 6.79202056,\n        3.36091087],\n       [7.93773485, 0.3569169 , 2.29962764, 0.86755688, 6.7920294 ,\n        3.36090647],\n       [7.93773146, 0.356918  , 2.29962604, 0.86755557, 6.79202843,\n        3.36090825],\n       [7.93773629, 0.35691931, 2.29962132, 0.86755835, 6.79202302,\n        3.36090988],\n       [7.93773718, 0.35691848, 2.29962481, 0.86755827, 6.79201888,\n        3.36091268],\n       [7.93773624, 0.35691818, 2.29962618, 0.86755976, 6.79202642,\n        3.36090546],\n       [7.93773583, 0.3569176 , 2.2996239 , 0.867556  , 6.79202001,\n        3.36091081]]), array([0.00677403, 0.00677403, 0.00677403, 0.00677403, 0.00677403,\n       0.00677403, 0.00677403]))"}, "7": {"maxiter": 500, "fatol": 1e-10, "xatol": 1e-10, "duration": 0.11081314086914062, "fun": "0.0067740334743308095", "nit": "357", "nfev": "654", "status": "0", "success": "True", "message": "Optimization terminated successfully.", "x": "[7.93773596 0.35691799 2.29962449 0.86755738 6.79202614 3.36090968]", "final_simplex": "(array([[7.93773596, 0.35691799, 2.29962449, 0.86755738, 6.79202614,\n        3.36090968],\n       [7.93773596, 0.35691799, 2.29962449, 0.86755738, 6.79202614,\n        3.36090968],\n       [7.93773596, 0.35691799, 2.29962449, 0.86755738, 6.79202614,\n        3.36090968],\n       [7.93773596, 0.35691799, 2.29962449, 0.86755738, 6.79202614,\n        3.36090968],\n       [7.93773596, 0.35691799, 2.29962449, 0.86755738, 6.79202614,\n        3.36090968],\n       [7.93773596, 0.35691799, 2.29962449, 0.86755738, 6.79202614,\n        3.36090968],\n       [7.93773596, 0.35691799, 2.29962449, 0.86755738, 6.79202614,\n        3.36090968]]), array([0.00677403, 0.00677403, 0.00677403, 0.00677403, 0.00677403,\n       0.00677403, 0.00677403]))"}, "8": {"maxiter": 1000, "fatol": 1e-05, "xatol": 1e-05, "duration": 0.07302117347717285, "fun": "0.0067740334757893095", "nit": "261", "nfev": "430", "status": "0", "success": "True", "message": "Optimization terminated successfully.", "x": "[7.93773751 0.35691779 2.29962367 0.86755952 6.79202056 3.36091087]", "final_simplex": "(array([[7.93773751, 0.35691779, 2.29962367, 0.86755952, 6.79202056,\n        3.36091087],\n       [7.93773485, 0.3569169 , 2.29962764, 0.86755688, 6.7920294 ,\n        3.36090647],\n       [7.93773146, 0.356918  , 2.29962604, 0.86755557, 6.79202843,\n        3.36090825],\n       [7.93773629, 0.35691931, 2.29962132, 0.86755835, 6.79202302,\n        3.36090988],\n       [7.93773718, 0.35691848, 2.29962481, 0.86755827, 6.79201888,\n        3.36091268],\n       [7.93773624, 0.35691818, 2.29962618, 0.86755976, 6.79202642,\n        3.36090546],\n       [7.93773583, 0.3569176 , 2.2996239 , 0.867556  , 6.79202001,\n        3.36091081]]), array([0.00677403, 0.00677403, 0.00677403, 0.00677403, 0.00677403,\n       0.00677403, 0.00677403]))"}, "9": {"maxiter": 1000, "fatol": 1e-05, "xatol": 1e-10, "duration": 0.11356997489929199, "fun": "0.0067740334743308095", "nit": "357", "nfev": "654", "status": "0", "success": "True", "message": "Optimization terminated successfully.", "x": "[7.93773596 0.35691799 2.29962449 0.86755738 6.79202614 3.36090968]", "final_simplex": "(array([[7.93773596, 0.35691799, 2.29962449, 0.86755738, 6.79202614,\n        3.36090968],\n       [7.93773596, 0.35691799, 2.29962449, 0.86755738, 6.79202614,\n        3.36090968],\n       [7.93773596, 0.35691799, 2.29962449, 0.86755738, 6.79202614,\n        3.36090968],\n       [7.93773596, 0.35691799, 2.29962449, 0.86755738, 6.79202614,\n        3.36090968],\n       [7.93773596, 0.35691799, 2.29962449, 0.86755738, 6.79202614,\n        3.36090968],\n       [7.93773596, 0.35691799, 2.29962449, 0.86755738, 6.79202614,\n        3.36090968],\n       [7.93773596, 0.35691799, 2.29962449, 0.86755738, 6.79202614,\n        3.36090968]]), array([0.00677403, 0.00677403, 0.00677403, 0.00677403, 0.00677403,\n       0.00677403, 0.00677403]))"}, "10": {"maxiter": 1000, "fatol": 1e-10, "xatol": 1e-05, "duration": 0.0744009017944336, "fun": "0.0067740334757893095", "nit": "261", "nfev": "430", "status": "0", "success": "True", "message": "Optimization terminated successfully.", "x": "[7.93773751 0.35691779 2.29962367 0.86755952 6.79202056 3.36091087]", "final_simplex": "(array([[7.93773751, 0.35691779, 2.29962367, 0.86755952, 6.79202056,\n        3.36091087],\n       [7.93773485, 0.3569169 , 2.29962764, 0.86755688, 6.7920294 ,\n        3.36090647],\n       [7.93773146, 0.356918  , 2.29962604, 0.86755557, 6.79202843,\n        3.36090825],\n       [7.93773629, 0.35691931, 2.29962132, 0.86755835, 6.79202302,\n        3.36090988],\n       [7.93773718, 0.35691848, 2.29962481, 0.86755827, 6.79201888,\n        3.36091268],\n       [7.93773624, 0.35691818, 2.29962618, 0.86755976, 6.79202642,\n        3.36090546],\n       [7.93773583, 0.3569176 , 2.2996239 , 0.867556  , 6.79202001,\n        3.36091081]]), array([0.00677403, 0.00677403, 0.00677403, 0.00677403, 0.00677403,\n       0.00677403, 0.00677403]))"}, "11": {"maxiter": 1000, "fatol": 1e-10, "xatol": 1e-10, "duration": 0.11211085319519043, "fun": "0.0067740334743308095", "nit": "357", "nfev": "654", "status": "0", "success": "True", "message": "Optimization terminated successfully.", "x": "[7.93773596 0.35691799 2.29962449 0.86755738 6.79202614 3.36090968]", "final_simplex": "(array([[7.93773596, 0.35691799, 2.29962449, 0.86755738, 6.79202614,\n        3.36090968],\n       [7.93773596, 0.35691799, 2.29962449, 0.86755738, 6.79202614,\n        3.36090968],\n       [7.93773596, 0.35691799, 2.29962449, 0.86755738, 6.79202614,\n        3.36090968],\n       [7.93773596, 0.35691799, 2.29962449, 0.86755738, 6.79202614,\n        3.36090968],\n       [7.93773596, 0.35691799, 2.29962449, 0.86755738, 6.79202614,\n        3.36090968],\n       [7.93773596, 0.35691799, 2.29962449, 0.86755738, 6.79202614,\n        3.36090968],\n       [7.93773596, 0.35691799, 2.29962449, 0.86755738, 6.79202614,\n        3.36090968]]), array([0.00677403, 0.00677403, 0.00677403, 0.00677403, 0.00677403,\n       0.00677403, 0.00677403]))"}}, "bfgs": {"type": "gradient", "0": {"maxiter": 100, "gtol": 1e-05, "xrtol": 1e-05, "eps": 1e-05, "duration": 0.026392221450805664, "fun": "0.006774033544422964", "jac": "[-5.07027753e-07 -2.27706742e-08  1.91394678e-06 -1.02943210e-06\n -1.83147941e-06  2.42486031e-06]", "hess_inv": "[[ 3.02118119  0.09097131  0.0894746   1.11934956  1.41195023 -1.20209366]\n [ 0.09097131  2.92138653 -0.00443187 -0.78722713  1.22792467 -1.76769897]\n [ 0.0894746  -0.00443187  2.34276267  0.49976918 -0.73008062 -0.5831679 ]\n [ 1.11934956 -0.78722713  0.49976918  2.57934217  0.08634552 -0.32419645]\n [ 1.41195023  1.22792467 -0.73008062  0.08634552  3.21593848 -1.39421873]\n [-1.20209366 -1.76769897 -0.5831679  -0.32419645 -1.39421873  4.26334627]]", "nfev": "147", "njev": "21", "status": "0", "success": "True", "message": "Optimization terminated successfully.", "x": "[7.7028066  0.08503833 2.42453372 0.78288316 7.20040839 3.29564114]", "nit": "18"}, "1": {"maxiter": 100, "gtol": 1e-05, "xrtol": 1e-05, "eps": 1e-10, "duration": 0.026346921920776367, "fun": "0.006774033539183377", "jac": "[-1.11022293e-06  3.33066926e-06  5.55111466e-06  5.55111466e-06\n  3.33066880e-06  3.33066880e-06]", "hess_inv": "[[ 2.97839283  0.08398952  0.10895084  1.10783584  1.35102281 -1.25698037]\n [ 0.08398952  2.92853394 -0.02039009 -0.80125713  1.23733976 -1.74220859]\n [ 0.10895084 -0.02039009  2.35834933  0.52620716 -0.73705903 -0.60719876]\n [ 1.10783584 -0.80125713  0.52620716  2.59023822  0.04548886 -0.37463035]\n [ 1.35102281  1.23733976 -0.73705903  0.04548886  3.16954808 -1.40855296]\n [-1.25698037 -1.74220859 -0.60719876 -0.37463035 -1.40855296  4.29030571]]", "nfev": "147", "njev": "21", "status": "0", "success": "True", "message": "Optimization terminated successfully.", "x": "[7.70281416 0.08505072 2.42453306 0.78289278 7.20039244 3.29564549]", "nit": "18"}, "2": {"maxiter": 100, "gtol": 1e-05, "xrtol": 1e-10, "eps": 1e-05, "duration": 0.026298046112060547, "fun": "0.006774033544422964", "jac": "[-5.07027753e-07 -2.27706742e-08  1.91394678e-06 -1.02943210e-06\n -1.83147941e-06  2.42486031e-06]", "hess_inv": "[[ 3.02118119  0.09097131  0.0894746   1.11934956  1.41195023 -1.20209366]\n [ 0.09097131  2.92138653 -0.00443187 -0.78722713  1.22792467 -1.76769897]\n [ 0.0894746  -0.00443187  2.34276267  0.49976918 -0.73008062 -0.5831679 ]\n [ 1.11934956 -0.78722713  0.49976918  2.57934217  0.08634552 -0.32419645]\n [ 1.41195023  1.22792467 -0.73008062  0.08634552  3.21593848 -1.39421873]\n [-1.20209366 -1.76769897 -0.5831679  -0.32419645 -1.39421873  4.26334627]]", "nfev": "147", "njev": "21", "status": "0", "success": "True", "message": "Optimization terminated successfully.", "x": "[7.7028066  0.08503833 2.42453372 0.78288316 7.20040839 3.29564114]", "nit": "18"}, "3": {"maxiter": 100, "gtol": 1e-05, "xrtol": 1e-10, "eps": 1e-10, "duration": 0.0261991024017334, "fun": "0.006774033539183377", "jac": "[-1.11022293e-06  3.33066926e-06  5.55111466e-06  5.55111466e-06\n  3.33066880e-06  3.33066880e-06]", "hess_inv": "[[ 2.97839283  0.08398952  0.10895084  1.10783584  1.35102281 -1.25698037]\n [ 0.08398952  2.92853394 -0.02039009 -0.80125713  1.23733976 -1.74220859]\n [ 0.10895084 -0.02039009  2.35834933  0.52620716 -0.73705903 -0.60719876]\n [ 1.10783584 -0.80125713  0.52620716  2.59023822  0.04548886 -0.37463035]\n [ 1.35102281  1.23733976 -0.73705903  0.04548886  3.16954808 -1.40855296]\n [-1.25698037 -1.74220859 -0.60719876 -0.37463035 -1.40855296  4.29030571]]", "nfev": "147", "njev": "21", "status": "0", "success": "True", "message": "Optimization terminated successfully.", "x": "[7.70281416 0.08505072 2.42453306 0.78289278 7.20039244 3.29564549]", "nit": "18"}, "4": {"maxiter": 100, "gtol": 1e-10, "xrtol": 1e-05, "eps": 1e-05, "duration": 0.02608513832092285, "fun": "0.006774033544422964", "jac": "[-5.07027753e-07 -2.27706742e-08  1.91394678e-06 -1.02943210e-06\n -1.83147941e-06  2.42486031e-06]", "hess_inv": "[[ 3.02118119  0.09097131  0.0894746   1.11934956  1.41195023 -1.20209366]\n [ 0.09097131  2.92138653 -0.00443187 -0.78722713  1.22792467 -1.76769897]\n [ 0.0894746  -0.00443187  2.34276267  0.49976918 -0.73008062 -0.5831679 ]\n [ 1.11934956 -0.78722713  0.49976918  2.57934217  0.08634552 -0.32419645]\n [ 1.41195023  1.22792467 -0.73008062  0.08634552  3.21593848 -1.39421873]\n [-1.20209366 -1.76769897 -0.5831679  -0.32419645 -1.39421873  4.26334627]]", "nfev": "147", "njev": "21", "status": "0", "success": "True", "message": "Optimization terminated successfully.", "x": "[7.7028066  0.08503833 2.42453372 0.78288316 7.20040839 3.29564114]", "nit": "18"}, "5": {"maxiter": 100, "gtol": 1e-10, "xrtol": 1e-05, "eps": 1e-10, "duration": 0.026316165924072266, "fun": "0.006774033539183377", "jac": "[-1.11022293e-06  3.33066926e-06  5.55111466e-06  5.55111466e-06\n  3.33066880e-06  3.33066880e-06]", "hess_inv": "[[ 2.97839283  0.08398952  0.10895084  1.10783584  1.35102281 -1.25698037]\n [ 0.08398952  2.92853394 -0.02039009 -0.80125713  1.23733976 -1.74220859]\n [ 0.10895084 -0.02039009  2.35834933  0.52620716 -0.73705903 -0.60719876]\n [ 1.10783584 -0.80125713  0.52620716  2.59023822  0.04548886 -0.37463035]\n [ 1.35102281  1.23733976 -0.73705903  0.04548886  3.16954808 -1.40855296]\n [-1.25698037 -1.74220859 -0.60719876 -0.37463035 -1.40855296  4.29030571]]", "nfev": "147", "njev": "21", "status": "0", "success": "True", "message": "Optimization terminated successfully.", "x": "[7.70281416 0.08505072 2.42453306 0.78289278 7.20039244 3.29564549]", "nit": "18"}, "6": {"maxiter": 100, "gtol": 1e-10, "xrtol": 1e-10, "eps": 1e-05, "duration": 0.0667119026184082, "fun": "0.006774033498918919", "jac": "[ 2.34989805e-07  5.41222622e-07 -3.23741034e-08  1.56952229e-07\n -6.74671430e-07 -1.23567823e-08]", "hess_inv": "[[ 5.58082788  3.02145329 -2.66725864  1.79713991 -2.31505914  0.62952992]\n [ 3.02145329  5.68429187 -3.30712148 -0.08407264 -1.50505234 -0.10083799]\n [-2.66725864 -3.30712148  5.1067327  -0.28739634  4.0133896  -2.53339282]\n [ 1.79713991 -0.08407264 -0.28739634  2.74015475 -0.61719456  0.13398641]\n [-2.31505914 -1.50505234  4.0133896  -0.61719456  6.96411052 -4.55249535]\n [ 0.62952992 -0.10083799 -2.53339282  0.13398641 -4.55249535  5.74937263]]", "nfev": "395", "njev": "55", "status": "2", "success": "False", "message": "Desired error not necessarily achieved due to precision loss.", "x": "[7.70281292 0.08504489 2.42453245 0.78288627 7.20042183 3.29562618]", "nit": "21"}, "7": {"maxiter": 100, "gtol": 1e-10, "xrtol": 1e-10, "eps": 1e-10, "duration": 0.043799638748168945, "fun": "0.006774033539183266", "jac": "[2.22044587e-06 7.77156161e-06 5.55111466e-06 2.22044587e-06\n 4.44089173e-06 4.44089173e-06]", "hess_inv": "[[ 2.73795905  0.34587621  2.24715118  1.56765295  0.34024314 -1.56808781]\n [ 0.34587621  3.1452201   1.15707403  0.14635291  1.33720074 -1.80993118]\n [ 2.24715118  1.15707403 13.25438377  8.42306395 -1.14279311 -1.30491569]\n [ 1.56765295  0.14635291  8.42306395  6.53459635 -1.73829339 -1.1681392 ]\n [ 0.34024314  1.33720074 -1.14279311 -1.73829339  1.98149465 -1.62882486]\n [-1.56808781 -1.80993118 -1.30491569 -1.1681392  -1.62882486  4.28901463]]", "nfev": "259", "njev": "37", "status": "0", "success": "True", "message": "Optimization terminated successfully.", "x": "[7.70281416 0.08505072 2.42453306 0.78289278 7.20039244 3.29564549]", "nit": "20"}, "8": {"maxiter": 500, "gtol": 1e-05, "xrtol": 1e-05, "eps": 1e-05, "duration": 0.025079011917114258, "fun": "0.006774033544422964", "jac": "[-5.07027753e-07 -2.27706742e-08  1.91394678e-06 -1.02943210e-06\n -1.83147941e-06  2.42486031e-06]", "hess_inv": "[[ 3.02118119  0.09097131  0.0894746   1.11934956  1.41195023 -1.20209366]\n [ 0.09097131  2.92138653 -0.00443187 -0.78722713  1.22792467 -1.76769897]\n [ 0.0894746  -0.00443187  2.34276267  0.49976918 -0.73008062 -0.5831679 ]\n [ 1.11934956 -0.78722713  0.49976918  2.57934217  0.08634552 -0.32419645]\n [ 1.41195023  1.22792467 -0.73008062  0.08634552  3.21593848 -1.39421873]\n [-1.20209366 -1.76769897 -0.5831679  -0.32419645 -1.39421873  4.26334627]]", "nfev": "147", "njev": "21", "status": "0", "success": "True", "message": "Optimization terminated successfully.", "x": "[7.7028066  0.08503833 2.42453372 0.78288316 7.20040839 3.29564114]", "nit": "18"}, "9": {"maxiter": 500, "gtol": 1e-05, "xrtol": 1e-05, "eps": 1e-10, "duration": 0.025068998336791992, "fun": "0.006774033539183377", "jac": "[-1.11022293e-06  3.33066926e-06  5.55111466e-06  5.55111466e-06\n  3.33066880e-06  3.33066880e-06]", "hess_inv": "[[ 2.97839283  0.08398952  0.10895084  1.10783584  1.35102281 -1.25698037]\n [ 0.08398952  2.92853394 -0.02039009 -0.80125713  1.23733976 -1.74220859]\n [ 0.10895084 -0.02039009  2.35834933  0.52620716 -0.73705903 -0.60719876]\n [ 1.10783584 -0.80125713  0.52620716  2.59023822  0.04548886 -0.37463035]\n [ 1.35102281  1.23733976 -0.73705903  0.04548886  3.16954808 -1.40855296]\n [-1.25698037 -1.74220859 -0.60719876 -0.37463035 -1.40855296  4.29030571]]", "nfev": "147", "njev": "21", "status": "0", "success": "True", "message": "Optimization terminated successfully.", "x": "[7.70281416 0.08505072 2.42453306 0.78289278 7.20039244 3.29564549]", "nit": "18"}, "10": {"maxiter": 500, "gtol": 1e-05, "xrtol": 1e-10, "eps": 1e-05, "duration": 0.02493000030517578, "fun": "0.006774033544422964", "jac": "[-5.07027753e-07 -2.27706742e-08  1.91394678e-06 -1.02943210e-06\n -1.83147941e-06  2.42486031e-06]", "hess_inv": "[[ 3.02118119  0.09097131  0.0894746   1.11934956  1.41195023 -1.20209366]\n [ 0.09097131  2.92138653 -0.00443187 -0.78722713  1.22792467 -1.76769897]\n [ 0.0894746  -0.00443187  2.34276267  0.49976918 -0.73008062 -0.5831679 ]\n [ 1.11934956 -0.78722713  0.49976918  2.57934217  0.08634552 -0.32419645]\n [ 1.41195023  1.22792467 -0.73008062  0.08634552  3.21593848 -1.39421873]\n [-1.20209366 -1.76769897 -0.5831679  -0.32419645 -1.39421873  4.26334627]]", "nfev": "147", "njev": "21", "status": "0", "success": "True", "message": "Optimization terminated successfully.", "x": "[7.7028066  0.08503833 2.42453372 0.78288316 7.20040839 3.29564114]", "nit": "18"}, "11": {"maxiter": 500, "gtol": 1e-05, "xrtol": 1e-10, "eps": 1e-10, "duration": 0.02498912811279297, "fun": "0.006774033539183377", "jac": "[-1.11022293e-06  3.33066926e-06  5.55111466e-06  5.55111466e-06\n  3.33066880e-06  3.33066880e-06]", "hess_inv": "[[ 2.97839283  0.08398952  0.10895084  1.10783584  1.35102281 -1.25698037]\n [ 0.08398952  2.92853394 -0.02039009 -0.80125713  1.23733976 -1.74220859]\n [ 0.10895084 -0.02039009  2.35834933  0.52620716 -0.73705903 -0.60719876]\n [ 1.10783584 -0.80125713  0.52620716  2.59023822  0.04548886 -0.37463035]\n [ 1.35102281  1.23733976 -0.73705903  0.04548886  3.16954808 -1.40855296]\n [-1.25698037 -1.74220859 -0.60719876 -0.37463035 -1.40855296  4.29030571]]", "nfev": "147", "njev": "21", "status": "0", "success": "True", "message": "Optimization terminated successfully.", "x": "[7.70281416 0.08505072 2.42453306 0.78289278 7.20039244 3.29564549]", "nit": "18"}, "12": {"maxiter": 500, "gtol": 1e-10, "xrtol": 1e-05, "eps": 1e-05, "duration": 0.0249178409576416, "fun": "0.006774033544422964", "jac": "[-5.07027753e-07 -2.27706742e-08  1.91394678e-06 -1.02943210e-06\n -1.83147941e-06  2.42486031e-06]", "hess_inv": "[[ 3.02118119  0.09097131  0.0894746   1.11934956  1.41195023 -1.20209366]\n [ 0.09097131  2.92138653 -0.00443187 -0.78722713  1.22792467 -1.76769897]\n [ 0.0894746  -0.00443187  2.34276267  0.49976918 -0.73008062 -0.5831679 ]\n [ 1.11934956 -0.78722713  0.49976918  2.57934217  0.08634552 -0.32419645]\n [ 1.41195023  1.22792467 -0.73008062  0.08634552  3.21593848 -1.39421873]\n [-1.20209366 -1.76769897 -0.5831679  -0.32419645 -1.39421873  4.26334627]]", "nfev": "147", "njev": "21", "status": "0", "success": "True", "message": "Optimization terminated successfully.", "x": "[7.7028066  0.08503833 2.42453372 0.78288316 7.20040839 3.29564114]", "nit": "18"}, "13": {"maxiter": 500, "gtol": 1e-10, "xrtol": 1e-05, "eps": 1e-10, "duration": 0.024854183197021484, "fun": "0.006774033539183377", "jac": "[-1.11022293e-06  3.33066926e-06  5.55111466e-06  5.55111466e-06\n  3.33066880e-06  3.33066880e-06]", "hess_inv": "[[ 2.97839283  0.08398952  0.10895084  1.10783584  1.35102281 -1.25698037]\n [ 0.08398952  2.92853394 -0.02039009 -0.80125713  1.23733976 -1.74220859]\n [ 0.10895084 -0.02039009  2.35834933  0.52620716 -0.73705903 -0.60719876]\n [ 1.10783584 -0.80125713  0.52620716  2.59023822  0.04548886 -0.37463035]\n [ 1.35102281  1.23733976 -0.73705903  0.04548886  3.16954808 -1.40855296]\n [-1.25698037 -1.74220859 -0.60719876 -0.37463035 -1.40855296  4.29030571]]", "nfev": "147", "njev": "21", "status": "0", "success": "True", "message": "Optimization terminated successfully.", "x": "[7.70281416 0.08505072 2.42453306 0.78289278 7.20039244 3.29564549]", "nit": "18"}, "14": {"maxiter": 500, "gtol": 1e-10, "xrtol": 1e-10, "eps": 1e-05, "duration": 0.06589007377624512, "fun": "0.006774033498918919", "jac": "[ 2.34989805e-07  5.41222622e-07 -3.23741034e-08  1.56952229e-07\n -6.74671430e-07 -1.23567823e-08]", "hess_inv": "[[ 5.58082788  3.02145329 -2.66725864  1.79713991 -2.31505914  0.62952992]\n [ 3.02145329  5.68429187 -3.30712148 -0.08407264 -1.50505234 -0.10083799]\n [-2.66725864 -3.30712148  5.1067327  -0.28739634  4.0133896  -2.53339282]\n [ 1.79713991 -0.08407264 -0.28739634  2.74015475 -0.61719456  0.13398641]\n [-2.31505914 -1.50505234  4.0133896  -0.61719456  6.96411052 -4.55249535]\n [ 0.62952992 -0.10083799 -2.53339282  0.13398641 -4.55249535  5.74937263]]", "nfev": "395", "njev": "55", "status": "2", "success": "False", "message": "Desired error not necessarily achieved due to precision loss.", "x": "[7.70281292 0.08504489 2.42453245 0.78288627 7.20042183 3.29562618]", "nit": "21"}, "15": {"maxiter": 500, "gtol": 1e-10, "xrtol": 1e-10, "eps": 1e-10, "duration": 0.04329872131347656, "fun": "0.006774033539183266", "jac": "[2.22044587e-06 7.77156161e-06 5.55111466e-06 2.22044587e-06\n 4.44089173e-06 4.44089173e-06]", "hess_inv": "[[ 2.73795905  0.34587621  2.24715118  1.56765295  0.34024314 -1.56808781]\n [ 0.34587621  3.1452201   1.15707403  0.14635291  1.33720074 -1.80993118]\n [ 2.24715118  1.15707403 13.25438377  8.42306395 -1.14279311 -1.30491569]\n [ 1.56765295  0.14635291  8.42306395  6.53459635 -1.73829339 -1.1681392 ]\n [ 0.34024314  1.33720074 -1.14279311 -1.73829339  1.98149465 -1.62882486]\n [-1.56808781 -1.80993118 -1.30491569 -1.1681392  -1.62882486  4.28901463]]", "nfev": "259", "njev": "37", "status": "0", "success": "True", "message": "Optimization terminated successfully.", "x": "[7.70281416 0.08505072 2.42453306 0.78289278 7.20039244 3.29564549]", "nit": "20"}, "16": {"maxiter": 1000, "gtol": 1e-05, "xrtol": 1e-05, "eps": 1e-05, "duration": 0.024701356887817383, "fun": "0.006774033544422964", "jac": "[-5.07027753e-07 -2.27706742e-08  1.91394678e-06 -1.02943210e-06\n -1.83147941e-06  2.42486031e-06]", "hess_inv": "[[ 3.02118119  0.09097131  0.0894746   1.11934956  1.41195023 -1.20209366]\n [ 0.09097131  2.92138653 -0.00443187 -0.78722713  1.22792467 -1.76769897]\n [ 0.0894746  -0.00443187  2.34276267  0.49976918 -0.73008062 -0.5831679 ]\n [ 1.11934956 -0.78722713  0.49976918  2.57934217  0.08634552 -0.32419645]\n [ 1.41195023  1.22792467 -0.73008062  0.08634552  3.21593848 -1.39421873]\n [-1.20209366 -1.76769897 -0.5831679  -0.32419645 -1.39421873  4.26334627]]", "nfev": "147", "njev": "21", "status": "0", "success": "True", "message": "Optimization terminated successfully.", "x": "[7.7028066  0.08503833 2.42453372 0.78288316 7.20040839 3.29564114]", "nit": "18"}, "17": {"maxiter": 1000, "gtol": 1e-05, "xrtol": 1e-05, "eps": 1e-10, "duration": 0.02473902702331543, "fun": "0.006774033539183377", "jac": "[-1.11022293e-06  3.33066926e-06  5.55111466e-06  5.55111466e-06\n  3.33066880e-06  3.33066880e-06]", "hess_inv": "[[ 2.97839283  0.08398952  0.10895084  1.10783584  1.35102281 -1.25698037]\n [ 0.08398952  2.92853394 -0.02039009 -0.80125713  1.23733976 -1.74220859]\n [ 0.10895084 -0.02039009  2.35834933  0.52620716 -0.73705903 -0.60719876]\n [ 1.10783584 -0.80125713  0.52620716  2.59023822  0.04548886 -0.37463035]\n [ 1.35102281  1.23733976 -0.73705903  0.04548886  3.16954808 -1.40855296]\n [-1.25698037 -1.74220859 -0.60719876 -0.37463035 -1.40855296  4.29030571]]", "nfev": "147", "njev": "21", "status": "0", "success": "True", "message": "Optimization terminated successfully.", "x": "[7.70281416 0.08505072 2.42453306 0.78289278 7.20039244 3.29564549]", "nit": "18"}, "18": {"maxiter": 1000, "gtol": 1e-05, "xrtol": 1e-10, "eps": 1e-05, "duration": 0.024720191955566406, "fun": "0.006774033544422964", "jac": "[-5.07027753e-07 -2.27706742e-08  1.91394678e-06 -1.02943210e-06\n -1.83147941e-06  2.42486031e-06]", "hess_inv": "[[ 3.02118119  0.09097131  0.0894746   1.11934956  1.41195023 -1.20209366]\n [ 0.09097131  2.92138653 -0.00443187 -0.78722713  1.22792467 -1.76769897]\n [ 0.0894746  -0.00443187  2.34276267  0.49976918 -0.73008062 -0.5831679 ]\n [ 1.11934956 -0.78722713  0.49976918  2.57934217  0.08634552 -0.32419645]\n [ 1.41195023  1.22792467 -0.73008062  0.08634552  3.21593848 -1.39421873]\n [-1.20209366 -1.76769897 -0.5831679  -0.32419645 -1.39421873  4.26334627]]", "nfev": "147", "njev": "21", "status": "0", "success": "True", "message": "Optimization terminated successfully.", "x": "[7.7028066  0.08503833 2.42453372 0.78288316 7.20040839 3.29564114]", "nit": "18"}, "19": {"maxiter": 1000, "gtol": 1e-05, "xrtol": 1e-10, "eps": 1e-10, "duration": 0.024703025817871094, "fun": "0.006774033539183377", "jac": "[-1.11022293e-06  3.33066926e-06  5.55111466e-06  5.55111466e-06\n  3.33066880e-06  3.33066880e-06]", "hess_inv": "[[ 2.97839283  0.08398952  0.10895084  1.10783584  1.35102281 -1.25698037]\n [ 0.08398952  2.92853394 -0.02039009 -0.80125713  1.23733976 -1.74220859]\n [ 0.10895084 -0.02039009  2.35834933  0.52620716 -0.73705903 -0.60719876]\n [ 1.10783584 -0.80125713  0.52620716  2.59023822  0.04548886 -0.37463035]\n [ 1.35102281  1.23733976 -0.73705903  0.04548886  3.16954808 -1.40855296]\n [-1.25698037 -1.74220859 -0.60719876 -0.37463035 -1.40855296  4.29030571]]", "nfev": "147", "njev": "21", "status": "0", "success": "True", "message": "Optimization terminated successfully.", "x": "[7.70281416 0.08505072 2.42453306 0.78289278 7.20039244 3.29564549]", "nit": "18"}, "20": {"maxiter": 1000, "gtol": 1e-10, "xrtol": 1e-05, "eps": 1e-05, "duration": 0.024744272232055664, "fun": "0.006774033544422964", "jac": "[-5.07027753e-07 -2.27706742e-08  1.91394678e-06 -1.02943210e-06\n -1.83147941e-06  2.42486031e-06]", "hess_inv": "[[ 3.02118119  0.09097131  0.0894746   1.11934956  1.41195023 -1.20209366]\n [ 0.09097131  2.92138653 -0.00443187 -0.78722713  1.22792467 -1.76769897]\n [ 0.0894746  -0.00443187  2.34276267  0.49976918 -0.73008062 -0.5831679 ]\n [ 1.11934956 -0.78722713  0.49976918  2.57934217  0.08634552 -0.32419645]\n [ 1.41195023  1.22792467 -0.73008062  0.08634552  3.21593848 -1.39421873]\n [-1.20209366 -1.76769897 -0.5831679  -0.32419645 -1.39421873  4.26334627]]", "nfev": "147", "njev": "21", "status": "0", "success": "True", "message": "Optimization terminated successfully.", "x": "[7.7028066  0.08503833 2.42453372 0.78288316 7.20040839 3.29564114]", "nit": "18"}, "21": {"maxiter": 1000, "gtol": 1e-10, "xrtol": 1e-05, "eps": 1e-10, "duration": 0.025127887725830078, "fun": "0.006774033539183377", "jac": "[-1.11022293e-06  3.33066926e-06  5.55111466e-06  5.55111466e-06\n  3.33066880e-06  3.33066880e-06]", "hess_inv": "[[ 2.97839283  0.08398952  0.10895084  1.10783584  1.35102281 -1.25698037]\n [ 0.08398952  2.92853394 -0.02039009 -0.80125713  1.23733976 -1.74220859]\n [ 0.10895084 -0.02039009  2.35834933  0.52620716 -0.73705903 -0.60719876]\n [ 1.10783584 -0.80125713  0.52620716  2.59023822  0.04548886 -0.37463035]\n [ 1.35102281  1.23733976 -0.73705903  0.04548886  3.16954808 -1.40855296]\n [-1.25698037 -1.74220859 -0.60719876 -0.37463035 -1.40855296  4.29030571]]", "nfev": "147", "njev": "21", "status": "0", "success": "True", "message": "Optimization terminated successfully.", "x": "[7.70281416 0.08505072 2.42453306 0.78289278 7.20039244 3.29564549]", "nit": "18"}, "22": {"maxiter": 1000, "gtol": 1e-10, "xrtol": 1e-10, "eps": 1e-05, "duration": 0.06885099411010742, "fun": "0.006774033498918919", "jac": "[ 2.34989805e-07  5.41222622e-07 -3.23741034e-08  1.56952229e-07\n -6.74671430e-07 -1.23567823e-08]", "hess_inv": "[[ 5.58082788  3.02145329 -2.66725864  1.79713991 -2.31505914  0.62952992]\n [ 3.02145329  5.68429187 -3.30712148 -0.08407264 -1.50505234 -0.10083799]\n [-2.66725864 -3.30712148  5.1067327  -0.28739634  4.0133896  -2.53339282]\n [ 1.79713991 -0.08407264 -0.28739634  2.74015475 -0.61719456  0.13398641]\n [-2.31505914 -1.50505234  4.0133896  -0.61719456  6.96411052 -4.55249535]\n [ 0.62952992 -0.10083799 -2.53339282  0.13398641 -4.55249535  5.74937263]]", "nfev": "395", "njev": "55", "status": "2", "success": "False", "message": "Desired error not necessarily achieved due to precision loss.", "x": "[7.70281292 0.08504489 2.42453245 0.78288627 7.20042183 3.29562618]", "nit": "21"}, "23": {"maxiter": 1000, "gtol": 1e-10, "xrtol": 1e-10, "eps": 1e-10, "duration": 0.045907020568847656, "fun": "0.006774033539183266", "jac": "[2.22044587e-06 7.77156161e-06 5.55111466e-06 2.22044587e-06\n 4.44089173e-06 4.44089173e-06]", "hess_inv": "[[ 2.73795905  0.34587621  2.24715118  1.56765295  0.34024314 -1.56808781]\n [ 0.34587621  3.1452201   1.15707403  0.14635291  1.33720074 -1.80993118]\n [ 2.24715118  1.15707403 13.25438377  8.42306395 -1.14279311 -1.30491569]\n [ 1.56765295  0.14635291  8.42306395  6.53459635 -1.73829339 -1.1681392 ]\n [ 0.34024314  1.33720074 -1.14279311 -1.73829339  1.98149465 -1.62882486]\n [-1.56808781 -1.80993118 -1.30491569 -1.1681392  -1.62882486  4.28901463]]", "nfev": "259", "njev": "37", "status": "0", "success": "True", "message": "Optimization terminated successfully.", "x": "[7.70281416 0.08505072 2.42453306 0.78289278 7.20039244 3.29564549]", "nit": "20"}}, "cobyla": {"0": {"maxiter": 100, "tol": 1e-05, "catol": 1e-05, "duration": 0.017010211944580078, "x": "[ 7.6022004  -0.06367467  2.51053948  0.75030198  7.4146969   3.24617223]", "status": "2", "success": "False", "message": "Maximum number of function evaluations has been exceeded.", "nfev": "100", "fun": "0.0067742675346476044", "maxcv": "0.0"}, "1": {"maxiter": 100, "tol": 1e-05, "catol": 1e-10, "duration": 0.016921043395996094, "x": "[ 7.6022004  -0.06367467  2.51053948  0.75030198  7.4146969   3.24617223]", "status": "2", "success": "False", "message": "Maximum number of function evaluations has been exceeded.", "nfev": "100", "fun": "0.0067742675346476044", "maxcv": "0.0"}, "2": {"maxiter": 100, "tol": 1e-10, "catol": 1e-05, "duration": 0.017091035842895508, "x": "[ 7.6022004  -0.06367467  2.51053948  0.75030198  7.4146969   3.24617223]", "status": "2", "success": "False", "message": "Maximum number of function evaluations has been exceeded.", "nfev": "100", "fun": "0.0067742675346476044", "maxcv": "0.0"}, "3": {"maxiter": 100, "tol": 1e-10, "catol": 1e-10, "duration": 0.017343997955322266, "x": "[ 7.6022004  -0.06367467  2.51053948  0.75030198  7.4146969   3.24617223]", "status": "2", "success": "False", "message": "Maximum number of function evaluations has been exceeded.", "nfev": "100", "fun": "0.0067742675346476044", "maxcv": "0.0"}, "4": {"maxiter": 500, "tol": 1e-05, "catol": 1e-05, "duration": 0.0259552001953125, "x": "[ 7.60285718 -0.06266926  2.51032125  0.75049358  7.41527668  3.24484836]", "status": "1", "success": "True", "message": "Optimization terminated successfully.", "nfev": "150", "fun": "0.006774033536253166", "maxcv": "0.0"}, "5": {"maxiter": 500, "tol": 1e-05, "catol": 1e-10, "duration": 0.025983810424804688, "x": "[ 7.60285718 -0.06266926  2.51032125  0.75049358  7.41527668  3.24484836]", "status": "1", "success": "True", "message": "Optimization terminated successfully.", "nfev": "150", "fun": "0.006774033536253166", "maxcv": "0.0"}, "6": {"maxiter": 500, "tol": 1e-10, "catol": 1e-05, "duration": 0.049323081970214844, "x": "[ 7.60287355 -0.0626607   2.51032387  0.7504912   7.41527849  3.2448388 ]", "status": "1", "success": "True", "message": "Optimization terminated successfully.", "nfev": "286", "fun": "0.0067740334743311426", "maxcv": "0.0"}, "7": {"maxiter": 500, "tol": 1e-10, "catol": 1e-10, "duration": 0.049590110778808594, "x": "[ 7.60287355 -0.0626607   2.51032387  0.7504912   7.41527849  3.2448388 ]", "status": "1", "success": "True", "message": "Optimization terminated successfully.", "nfev": "286", "fun": "0.0067740334743311426", "maxcv": "0.0"}, "8": {"maxiter": 1000, "tol": 1e-05, "catol": 1e-05, "duration": 0.026373863220214844, "x": "[ 7.60285718 -0.06266926  2.51032125  0.75049358  7.41527668  3.24484836]", "status": "1", "success": "True", "message": "Optimization terminated successfully.", "nfev": "150", "fun": "0.006774033536253166", "maxcv": "0.0"}, "9": {"maxiter": 1000, "tol": 1e-05, "catol": 1e-10, "duration": 0.0258786678314209, "x": "[ 7.60285718 -0.06266926  2.51032125  0.75049358  7.41527668  3.24484836]", "status": "1", "success": "True", "message": "Optimization terminated successfully.", "nfev": "150", "fun": "0.006774033536253166", "maxcv": "0.0"}, "10": {"maxiter": 1000, "tol": 1e-10, "catol": 1e-05, "duration": 0.048941850662231445, "x": "[ 7.60287355 -0.0626607   2.51032387  0.7504912   7.41527849  3.2448388 ]", "status": "1", "success": "True", "message": "Optimization terminated successfully.", "nfev": "286", "fun": "0.0067740334743311426", "maxcv": "0.0"}, "11": {"maxiter": 1000, "tol": 1e-10, "catol": 1e-10, "duration": 0.0471348762512207, "x": "[ 7.60287355 -0.0626607   2.51032387  0.7504912   7.41527849  3.2448388 ]", "status": "1", "success": "True", "message": "Optimization terminated successfully.", "nfev": "286", "fun": "0.0067740334743311426", "maxcv": "0.0"}},