conf_id=0
---
run_0
TV=5876.071
FD=5.460319
IGSD=[47.904,46.087,48.811,49.074,48.621,53.667]
SC_pos=0.2779921293258667
SC_neg=0.7220078706741333
SC_avg=-0.00017724196945395493
SC_std=0.0014434497384919432
SC_avg_abs=0.0008973470104859936
SC_std_abs=0.0011444344481272095
---
combined
