adam hyperparameter info
===============================
maxiter = 100: mean=0.6921936290556783,    min=0.01920886062061622,  max=0.9997795914534209,  std=0.22059685820019015
maxiter = 500: mean=0.5670182817644877,    min=1.941311713493654e-06,  max=0.9966989050916534,  std=0.26284637713017284
maxiter = 1000: mean=0.5080698420693223,    min=1.416475207127732e-06,  max=0.9929825049906265,  std=0.2628959310382181
===============================
learning_rate = 0.01: mean=0.35228974555219056,    min=1.416475207127732e-06,  max=0.9306433416111299,  std=0.19202693948763688
learning_rate = 0.001: mean=0.6145701405074225,    min=0.02258900131407804,  max=0.9934704315700014,  std=0.21380042785387254
learning_rate = 0.0001: mean=0.8004218668298753,    min=0.09372061579211854,  max=0.9997795914534209,  std=0.14344867720554713
===============================
eps = 1e-05: mean=0.5891023988523894,    min=1.4164752077938658e-06,  max=0.9997795914534209,  std=0.26111787944911313
eps = 1e-10: mean=0.5890854364072693,    min=1.416475207127732e-06,  max=0.999776745077925,  std=0.26111737682798886
===============================
