{"date": "2024/09/24/, 06:42:59", "conf_id": 314, "data_type": "var_s_rank\n", "num_data_points": 4, "s_rank": 0, "unitary": "[[-0.24866696+0.58742286j,-0.44704345-0.43151574j,-0.35669027-0.20570733j,-0.10517633+0.1626036j],[0.10596805-0.19687975j,-0.30269685-0.15056416j,0.18246286+0.30440582j,-0.83484447-0.11310748j],[0.26054512-0.52548482j,0.0285017-0.50723956j,-0.43110112+0.17165838j,0.15243271+0.39915801j],[0.42978035+0.11991271j,-0.17224126-0.46030424j,0.6827807-0.15164662j,0.26483638+0.0061855j]]", "databatch_0": {"databatch": "[[[0.00517031-4.53724105e-02j,-0.05556823-3.95104129e-03j,-0.00171715-4.97587678e-02j,-0.00727705+6.77635264e-02j],[-0.03784759-2.64668897e-02j,-0.06669588+7.12511282e-03j,-0.03835236-4.70864807e-02j,0.02822342+5.19669816e-02j],[0.15478005-2.80822685e-01j,-0.3416444+1.59545217e-01j,-0.0138233-4.46275727e-01j,0.31653008+5.76566141e-01j],[-0.1055281+1.43388263e-01j,-0.08460576+1.19583893e-02j,-0.10157972+1.35244938e-01j,-0.1235132-1.18494041e-01j]],[[-0.04746263-2.02055644e-01j,0.17763643-3.22332244e-02j,-0.22748481+3.45317467e-01j,0.01780989-5.55168571e-02j],[0.3489453+8.13766624e-02j,-0.13286883-1.20251612e-01j,0.1538073-1.85355811e-01j,-0.25572974+1.76860683e-01j],[-0.04172269+2.39637844e-01j,-0.22967278-2.17528713e-01j,0.32876345+1.18358963e-01j,0.12906474+1.41472129e-01j],[0.09782577-1.81428902e-01j,-0.06551896+4.59636274e-03j,0.22805606+6.89144219e-02j,-0.09269278-6.77588821e-02j]],[[-0.18526569+1.93597217e-02j,-0.02568111-4.24775539e-04j,-0.02969627-3.40685781e-01j,0.07754115-1.92629955e-01j],[0.19820304-1.51083727e-01j,-0.2249323+4.13865886e-02j,-0.10979-7.11279981e-03j,-0.10458475+4.49526511e-02j],[0.0753451-4.55393225e-01j,0.21785846+2.43149597e-01j,0.05822923+2.45949886e-01j,0.095466+2.77678874e-01j],[-0.30013493+2.99034788e-01j,-0.02752231+2.25523197e-02j,0.04738509+9.16589819e-02j,-0.00851448-6.21285716e-02j]],[[0.00472495+9.88805978e-02j,0.25114434+3.00672960e-02j,0.02892587+2.92500970e-02j,-0.02361122-2.92326625e-02j],[0.21874837+2.38149959e-01j,0.05559677-1.16151823e-01j,-0.14274535+2.39674976e-01j,0.15162903+3.90203420e-01j],[0.12942467+8.65825956e-02j,0.00814833+7.30422174e-02j,-0.47009714-4.52922742e-02j,-0.26803236+3.71346849e-01j],[-0.05727702+1.99678104e-01j,-0.16797113+9.15767891e-02j,0.0518075-4.14284683e-02j,0.04227542+2.29786638e-02j]]]", "initial param values": "[0.02776401,4.40831047,3.66745853,3.1629803,3.52937177,4.02640376]", "nelder_mead": {"type": "gradient-free", "0": {"maxiter": 100, "fatol": 1e-05, "xatol": 1e-05, "duration": 0.03856706619262695, "fun": "0.5714510646488068", "nit": "100", "nfev": "162", "status": "2", "success": "False", "message": "Maximum number of iterations has been exceeded.", "x": "[0.03043181 0.77864203 4.21692391 4.12884593 5.4969093  2.30636252]", "final_simplex": "(array([[0.03043181, 0.77864203, 4.21692391, 4.12884593, 5.4969093 ,\n        2.30636252],\n       [0.03053816, 0.6882511 , 4.31392224, 4.15989053, 5.52539157,\n        2.23748546],\n       [0.03084097, 0.92377813, 4.01048862, 4.22495073, 5.49917275,\n        2.22028993],\n       [0.03050656, 1.1992252 , 3.81900416, 4.17962498, 5.55978791,\n        2.32678439],\n       [0.0310109 , 1.34889566, 3.66381351, 4.1329989 , 5.50164519,\n        2.32995469],\n       [0.03131028, 1.67391706, 3.46288214, 4.13594739, 5.42031702,\n        2.31562953],\n       [0.03184516, 1.83129845, 3.31705072, 4.21758793, 5.31353495,\n        2.25768604]]), array([0.57145106, 0.57228366, 0.57309237, 0.57355629, 0.57404405,\n       0.57421469, 0.57468866]))", "callback": [0.8096755512106129, 0.6594310098168567, 0.6029991832068232, 0.5936856787942706, 0.5843745658062733, 0.5826021342736402, 0.58217884616079, 0.5815311431967127, 0.5759500137006548]}, "1": {"maxiter": 100, "fatol": 1e-05, "xatol": 1e-10, "duration": 0.036734819412231445, "fun": "0.5714510646488068", "nit": "100", "nfev": "162", "status": "2", "success": "False", "message": "Maximum number of iterations has been exceeded.", "x": "[0.03043181 0.77864203 4.21692391 4.12884593 5.4969093  2.30636252]", "final_simplex": "(array([[0.03043181, 0.77864203, 4.21692391, 4.12884593, 5.4969093 ,\n        2.30636252],\n       [0.03053816, 0.6882511 , 4.31392224, 4.15989053, 5.52539157,\n        2.23748546],\n       [0.03084097, 0.92377813, 4.01048862, 4.22495073, 5.49917275,\n        2.22028993],\n       [0.03050656, 1.1992252 , 3.81900416, 4.17962498, 5.55978791,\n        2.32678439],\n       [0.0310109 , 1.34889566, 3.66381351, 4.1329989 , 5.50164519,\n        2.32995469],\n       [0.03131028, 1.67391706, 3.46288214, 4.13594739, 5.42031702,\n        2.31562953],\n       [0.03184516, 1.83129845, 3.31705072, 4.21758793, 5.31353495,\n        2.25768604]]), array([0.57145106, 0.57228366, 0.57309237, 0.57355629, 0.57404405,\n       0.57421469, 0.57468866]))", "callback": [0.8096755512106129, 0.6594310098168567, 0.6029991832068232, 0.5936856787942706, 0.5843745658062733, 0.5826021342736402, 0.58217884616079, 0.5815311431967127, 0.5759500137006548]}, "2": {"maxiter": 100, "fatol": 1e-10, "xatol": 1e-05, "duration": 0.036926984786987305, "fun": "0.5714510646488068", "nit": "100", "nfev": "162", "status": "2", "success": "False", "message": "Maximum number of iterations has been exceeded.", "x": "[0.03043181 0.77864203 4.21692391 4.12884593 5.4969093  2.30636252]", "final_simplex": "(array([[0.03043181, 0.77864203, 4.21692391, 4.12884593, 5.4969093 ,\n        2.30636252],\n       [0.03053816, 0.6882511 , 4.31392224, 4.15989053, 5.52539157,\n        2.23748546],\n       [0.03084097, 0.92377813, 4.01048862, 4.22495073, 5.49917275,\n        2.22028993],\n       [0.03050656, 1.1992252 , 3.81900416, 4.17962498, 5.55978791,\n        2.32678439],\n       [0.0310109 , 1.34889566, 3.66381351, 4.1329989 , 5.50164519,\n        2.32995469],\n       [0.03131028, 1.67391706, 3.46288214, 4.13594739, 5.42031702,\n        2.31562953],\n       [0.03184516, 1.83129845, 3.31705072, 4.21758793, 5.31353495,\n        2.25768604]]), array([0.57145106, 0.57228366, 0.57309237, 0.57355629, 0.57404405,\n       0.57421469, 0.57468866]))", "callback": [0.8096755512106129, 0.6594310098168567, 0.6029991832068232, 0.5936856787942706, 0.5843745658062733, 0.5826021342736402, 0.58217884616079, 0.5815311431967127, 0.5759500137006548]}, "3": {"maxiter": 100, "fatol": 1e-10, "xatol": 1e-10, "duration": 0.03719902038574219, "fun": "0.5714510646488068", "nit": "100", "nfev": "162", "status": "2", "success": "False", "message": "Maximum number of iterations has been exceeded.", "x": "[0.03043181 0.77864203 4.21692391 4.12884593 5.4969093  2.30636252]", "final_simplex": "(array([[0.03043181, 0.77864203, 4.21692391, 4.12884593, 5.4969093 ,\n        2.30636252],\n       [0.03053816, 0.6882511 , 4.31392224, 4.15989053, 5.52539157,\n        2.23748546],\n       [0.03084097, 0.92377813, 4.01048862, 4.22495073, 5.49917275,\n        2.22028993],\n       [0.03050656, 1.1992252 , 3.81900416, 4.17962498, 5.55978791,\n        2.32678439],\n       [0.0310109 , 1.34889566, 3.66381351, 4.1329989 , 5.50164519,\n        2.32995469],\n       [0.03131028, 1.67391706, 3.46288214, 4.13594739, 5.42031702,\n        2.31562953],\n       [0.03184516, 1.83129845, 3.31705072, 4.21758793, 5.31353495,\n        2.25768604]]), array([0.57145106, 0.57228366, 0.57309237, 0.57355629, 0.57404405,\n       0.57421469, 0.57468866]))", "callback": [0.8096755512106129, 0.6594310098168567, 0.6029991832068232, 0.5936856787942706, 0.5843745658062733, 0.5826021342736402, 0.58217884616079, 0.5815311431967127, 0.5759500137006548]}, "4": {"maxiter": 500, "fatol": 1e-05, "xatol": 1e-05, "duration": 0.16941523551940918, "fun": "0.36124304425642684", "nit": "500", "nfev": "759", "status": "2", "success": "False", "message": "Maximum number of iterations has been exceeded.", "x": "[1.34058782 0.29835772 4.66079473 4.39907703 5.53435252 2.25742542]", "final_simplex": "(array([[1.34058782, 0.29835772, 4.66079473, 4.39907703, 5.53435252,\n        2.25742542],\n       [1.34049378, 0.29686079, 4.66189795, 4.39811814, 5.53461465,\n        2.25778753],\n       [1.3410736 , 0.29662704, 4.66236847, 4.39952871, 5.53494488,\n        2.25848706],\n       [1.34099105, 0.29739901, 4.662985  , 4.39828816, 5.53441569,\n        2.25868607],\n       [1.34019936, 0.29712815, 4.66235237, 4.39955697, 5.53414972,\n        2.25841799],\n       [1.34067525, 0.2976098 , 4.66193362, 4.39927761, 5.53432008,\n        2.25592198],\n       [1.3402943 , 0.29770327, 4.66333785, 4.39889985, 5.53616373,\n        2.25931784]]), array([0.36124304, 0.36124305, 0.36124312, 0.36124312, 0.36124316,\n       0.36124325, 0.36124349]))", "callback": [0.8096755512106129, 0.6594310098168567, 0.6029991832068232, 0.5936856787942706, 0.5843745658062733, 0.5826021342736402, 0.58217884616079, 0.5815311431967127, 0.5759500137006548, 0.5714510646488068, 0.5697557081388811, 0.5682400147454229, 0.5670930387799684, 0.5668777332976676, 0.5668261032189262, 0.5667440072469547, 0.5667222028203369, 0.5667222028203369, 0.566716733464834, 0.5667132097774765, 0.5667111317104334, 0.5667023787462839, 0.56668193636397, 0.5666545550220508, 0.5665254772052599, 0.5663553360750228, 0.5660387047371195, 0.565424016550646, 0.5647877472571712, 0.5634528336973642, 0.5604891458965846, 0.5529451157560795, 0.5432450234093995, 0.5170663301802334, 0.47411202602120106, 0.45128724286854627, 0.4040134981715743, 0.3905033443923427, 0.38179276075679747, 0.37517401597198163, 0.3637020543676086, 0.36355650369298975, 0.36157140303109947, 0.3614362862530618, 0.36130441229828714, 0.3612576872964651, 0.3612539081979319, 0.3612437640905154, 0.36124369618259244]}, "5": {"maxiter": 500, "fatol": 1e-05, "xatol": 1e-10, "duration": 0.16935014724731445, "fun": "0.36124304425642684", "nit": "500", "nfev": "759", "status": "2", "success": "False", "message": "Maximum number of iterations has been exceeded.", "x": "[1.34058782 0.29835772 4.66079473 4.39907703 5.53435252 2.25742542]", "final_simplex": "(array([[1.34058782, 0.29835772, 4.66079473, 4.39907703, 5.53435252,\n        2.25742542],\n       [1.34049378, 0.29686079, 4.66189795, 4.39811814, 5.53461465,\n        2.25778753],\n       [1.3410736 , 0.29662704, 4.66236847, 4.39952871, 5.53494488,\n        2.25848706],\n       [1.34099105, 0.29739901, 4.662985  , 4.39828816, 5.53441569,\n        2.25868607],\n       [1.34019936, 0.29712815, 4.66235237, 4.39955697, 5.53414972,\n        2.25841799],\n       [1.34067525, 0.2976098 , 4.66193362, 4.39927761, 5.53432008,\n        2.25592198],\n       [1.3402943 , 0.29770327, 4.66333785, 4.39889985, 5.53616373,\n        2.25931784]]), array([0.36124304, 0.36124305, 0.36124312, 0.36124312, 0.36124316,\n       0.36124325, 0.36124349]))", "callback": [0.8096755512106129, 0.6594310098168567, 0.6029991832068232, 0.5936856787942706, 0.5843745658062733, 0.5826021342736402, 0.58217884616079, 0.5815311431967127, 0.5759500137006548, 0.5714510646488068, 0.5697557081388811, 0.5682400147454229, 0.5670930387799684, 0.5668777332976676, 0.5668261032189262, 0.5667440072469547, 0.5667222028203369, 0.5667222028203369, 0.566716733464834, 0.5667132097774765, 0.5667111317104334, 0.5667023787462839, 0.56668193636397, 0.5666545550220508, 0.5665254772052599, 0.5663553360750228, 0.5660387047371195, 0.565424016550646, 0.5647877472571712, 0.5634528336973642, 0.5604891458965846, 0.5529451157560795, 0.5432450234093995, 0.5170663301802334, 0.47411202602120106, 0.45128724286854627, 0.4040134981715743, 0.3905033443923427, 0.38179276075679747, 0.37517401597198163, 0.3637020543676086, 0.36355650369298975, 0.36157140303109947, 0.3614362862530618, 0.36130441229828714, 0.3612576872964651, 0.3612539081979319, 0.3612437640905154, 0.36124369618259244]}, "6": {"maxiter": 500, "fatol": 1e-10, "xatol": 1e-05, "duration": 0.17659997940063477, "fun": "0.36124304425642684", "nit": "500", "nfev": "759", "status": "2", "success": "False", "message": "Maximum number of iterations has been exceeded.", "x": "[1.34058782 0.29835772 4.66079473 4.39907703 5.53435252 2.25742542]", "final_simplex": "(array([[1.34058782, 0.29835772, 4.66079473, 4.39907703, 5.53435252,\n        2.25742542],\n       [1.34049378, 0.29686079, 4.66189795, 4.39811814, 5.53461465,\n        2.25778753],\n       [1.3410736 , 0.29662704, 4.66236847, 4.39952871, 5.53494488,\n        2.25848706],\n       [1.34099105, 0.29739901, 4.662985  , 4.39828816, 5.53441569,\n        2.25868607],\n       [1.34019936, 0.29712815, 4.66235237, 4.39955697, 5.53414972,\n        2.25841799],\n       [1.34067525, 0.2976098 , 4.66193362, 4.39927761, 5.53432008,\n        2.25592198],\n       [1.3402943 , 0.29770327, 4.66333785, 4.39889985, 5.53616373,\n        2.25931784]]), array([0.36124304, 0.36124305, 0.36124312, 0.36124312, 0.36124316,\n       0.36124325, 0.36124349]))", "callback": [0.8096755512106129, 0.6594310098168567, 0.6029991832068232, 0.5936856787942706, 0.5843745658062733, 0.5826021342736402, 0.58217884616079, 0.5815311431967127, 0.5759500137006548, 0.5714510646488068, 0.5697557081388811, 0.5682400147454229, 0.5670930387799684, 0.5668777332976676, 0.5668261032189262, 0.5667440072469547, 0.5667222028203369, 0.5667222028203369, 0.566716733464834, 0.5667132097774765, 0.5667111317104334, 0.5667023787462839, 0.56668193636397, 0.5666545550220508, 0.5665254772052599, 0.5663553360750228, 0.5660387047371195, 0.565424016550646, 0.5647877472571712, 0.5634528336973642, 0.5604891458965846, 0.5529451157560795, 0.5432450234093995, 0.5170663301802334, 0.47411202602120106, 0.45128724286854627, 0.4040134981715743, 0.3905033443923427, 0.38179276075679747, 0.37517401597198163, 0.3637020543676086, 0.36355650369298975, 0.36157140303109947, 0.3614362862530618, 0.36130441229828714, 0.3612576872964651, 0.3612539081979319, 0.3612437640905154, 0.36124369618259244]}, "7": {"maxiter": 500, "fatol": 1e-10, "xatol": 1e-10, "duration": 0.1865251064300537, "fun": "0.36124304425642684", "nit": "500", "nfev": "759", "status": "2", "success": "False", "message": "Maximum number of iterations has been exceeded.", "x": "[1.34058782 0.29835772 4.66079473 4.39907703 5.53435252 2.25742542]", "final_simplex": "(array([[1.34058782, 0.29835772, 4.66079473, 4.39907703, 5.53435252,\n        2.25742542],\n       [1.34049378, 0.29686079, 4.66189795, 4.39811814, 5.53461465,\n        2.25778753],\n       [1.3410736 , 0.29662704, 4.66236847, 4.39952871, 5.53494488,\n        2.25848706],\n       [1.34099105, 0.29739901, 4.662985  , 4.39828816, 5.53441569,\n        2.25868607],\n       [1.34019936, 0.29712815, 4.66235237, 4.39955697, 5.53414972,\n        2.25841799],\n       [1.34067525, 0.2976098 , 4.66193362, 4.39927761, 5.53432008,\n        2.25592198],\n       [1.3402943 , 0.29770327, 4.66333785, 4.39889985, 5.53616373,\n        2.25931784]]), array([0.36124304, 0.36124305, 0.36124312, 0.36124312, 0.36124316,\n       0.36124325, 0.36124349]))", "callback": [0.8096755512106129, 0.6594310098168567, 0.6029991832068232, 0.5936856787942706, 0.5843745658062733, 0.5826021342736402, 0.58217884616079, 0.5815311431967127, 0.5759500137006548, 0.5714510646488068, 0.5697557081388811, 0.5682400147454229, 0.5670930387799684, 0.5668777332976676, 0.5668261032189262, 0.5667440072469547, 0.5667222028203369, 0.5667222028203369, 0.566716733464834, 0.5667132097774765, 0.5667111317104334, 0.5667023787462839, 0.56668193636397, 0.5666545550220508, 0.5665254772052599, 0.5663553360750228, 0.5660387047371195, 0.565424016550646, 0.5647877472571712, 0.5634528336973642, 0.5604891458965846, 0.5529451157560795, 0.5432450234093995, 0.5170663301802334, 0.47411202602120106, 0.45128724286854627, 0.4040134981715743, 0.3905033443923427, 0.38179276075679747, 0.37517401597198163, 0.3637020543676086, 0.36355650369298975, 0.36157140303109947, 0.3614362862530618, 0.36130441229828714, 0.3612576872964651, 0.3612539081979319, 0.3612437640905154, 0.36124369618259244]}, "8": {"maxiter": 1000, "fatol": 1e-05, "xatol": 1e-05, "duration": 0.20147299766540527, "fun": "0.36124291720678237", "nit": "568", "nfev": "878", "status": "0", "success": "True", "message": "Optimization terminated successfully.", "x": "[1.34059698 0.29754975 4.66147703 4.39880541 5.53446197 2.25736713]", "final_simplex": "(array([[1.34059698, 0.29754975, 4.66147703, 4.39880541, 5.53446197,\n        2.25736713],\n       [1.34059953, 0.29755259, 4.66146975, 4.39880592, 5.53445851,\n        2.25736527],\n       [1.34059742, 0.29755619, 4.66147171, 4.39880324, 5.53445745,\n        2.25736827],\n       [1.34059916, 0.29755255, 4.66147349, 4.39880544, 5.5344641 ,\n        2.25737098],\n       [1.34060105, 0.29755011, 4.66147818, 4.39880382, 5.53446019,\n        2.25737233],\n       [1.34060118, 0.29755714, 4.66146783, 4.39880364, 5.53446092,\n        2.25736195],\n       [1.3405956 , 0.29755005, 4.66147619, 4.39879776, 5.53446132,\n        2.25737097]]), array([0.36124292, 0.36124292, 0.36124292, 0.36124292, 0.36124292,\n       0.36124292, 0.36124292]))", "callback": [0.8096755512106129, 0.6594310098168567, 0.6029991832068232, 0.5936856787942706, 0.5843745658062733, 0.5826021342736402, 0.58217884616079, 0.5815311431967127, 0.5759500137006548, 0.5714510646488068, 0.5697557081388811, 0.5682400147454229, 0.5670930387799684, 0.5668777332976676, 0.5668261032189262, 0.5667440072469547, 0.5667222028203369, 0.5667222028203369, 0.566716733464834, 0.5667132097774765, 0.5667111317104334, 0.5667023787462839, 0.56668193636397, 0.5666545550220508, 0.5665254772052599, 0.5663553360750228, 0.5660387047371195, 0.565424016550646, 0.5647877472571712, 0.5634528336973642, 0.5604891458965846, 0.5529451157560795, 0.5432450234093995, 0.5170663301802334, 0.47411202602120106, 0.45128724286854627, 0.4040134981715743, 0.3905033443923427, 0.38179276075679747, 0.37517401597198163, 0.3637020543676086, 0.36355650369298975, 0.36157140303109947, 0.3614362862530618, 0.36130441229828714, 0.3612576872964651, 0.3612539081979319, 0.3612437640905154, 0.36124369618259244, 0.36124304425642684, 0.3612429385776714, 0.36124292243651923, 0.36124291863696545, 0.3612429173993349, 0.3612429172455609, 0.36124291721200386]}, "9": {"maxiter": 1000, "fatol": 1e-05, "xatol": 1e-10, "duration": 0.3052968978881836, "fun": "0.36124291720456847", "nit": "678", "nfev": "1115", "status": "0", "success": "True", "message": "Optimization terminated successfully.", "x": "[1.34059747 0.29755279 4.66147513 4.39880465 5.53445973 2.25736776]", "final_simplex": "(array([[1.34059747, 0.29755279, 4.66147513, 4.39880465, 5.53445973,\n        2.25736776],\n       [1.34059747, 0.29755279, 4.66147513, 4.39880465, 5.53445973,\n        2.25736776],\n       [1.34059747, 0.29755279, 4.66147513, 4.39880465, 5.53445973,\n        2.25736776],\n       [1.34059747, 0.29755279, 4.66147513, 4.39880465, 5.53445973,\n        2.25736776],\n       [1.34059747, 0.29755279, 4.66147513, 4.39880465, 5.53445973,\n        2.25736776],\n       [1.34059747, 0.29755279, 4.66147513, 4.39880465, 5.53445973,\n        2.25736776],\n       [1.34059747, 0.29755279, 4.66147513, 4.39880465, 5.53445973,\n        2.25736776]]), array([0.36124292, 0.36124292, 0.36124292, 0.36124292, 0.36124292,\n       0.36124292, 0.36124292]))", "callback": [0.8096755512106129, 0.6594310098168567, 0.6029991832068232, 0.5936856787942706, 0.5843745658062733, 0.5826021342736402, 0.58217884616079, 0.5815311431967127, 0.5759500137006548, 0.5714510646488068, 0.5697557081388811, 0.5682400147454229, 0.5670930387799684, 0.5668777332976676, 0.5668261032189262, 0.5667440072469547, 0.5667222028203369, 0.5667222028203369, 0.566716733464834, 0.5667132097774765, 0.5667111317104334, 0.5667023787462839, 0.56668193636397, 0.5666545550220508, 0.5665254772052599, 0.5663553360750228, 0.5660387047371195, 0.565424016550646, 0.5647877472571712, 0.5634528336973642, 0.5604891458965846, 0.5529451157560795, 0.5432450234093995, 0.5170663301802334, 0.47411202602120106, 0.45128724286854627, 0.4040134981715743, 0.3905033443923427, 0.38179276075679747, 0.37517401597198163, 0.3637020543676086, 0.36355650369298975, 0.36157140303109947, 0.3614362862530618, 0.36130441229828714, 0.3612576872964651, 0.3612539081979319, 0.3612437640905154, 0.36124369618259244, 0.36124304425642684, 0.3612429385776714, 0.36124292243651923, 0.36124291863696545, 0.3612429173993349, 0.3612429172455609, 0.36124291721200386, 0.3612429172067053, 0.36124291720518154, 0.3612429172048468, 0.3612429172046083, 0.3612429172045819, 0.3612429172045717, 0.3612429172045697, 0.3612429172045686, 0.3612429172045686, 0.3612429172045686, 0.3612429172045686]}, "10": {"maxiter": 1000, "fatol": 1e-10, "xatol": 1e-05, "duration": 0.2062549591064453, "fun": "0.36124291720678237", "nit": "568", "nfev": "878", "status": "0", "success": "True", "message": "Optimization terminated successfully.", "x": "[1.34059698 0.29754975 4.66147703 4.39880541 5.53446197 2.25736713]", "final_simplex": "(array([[1.34059698, 0.29754975, 4.66147703, 4.39880541, 5.53446197,\n        2.25736713],\n       [1.34059953, 0.29755259, 4.66146975, 4.39880592, 5.53445851,\n        2.25736527],\n       [1.34059742, 0.29755619, 4.66147171, 4.39880324, 5.53445745,\n        2.25736827],\n       [1.34059916, 0.29755255, 4.66147349, 4.39880544, 5.5344641 ,\n        2.25737098],\n       [1.34060105, 0.29755011, 4.66147818, 4.39880382, 5.53446019,\n        2.25737233],\n       [1.34060118, 0.29755714, 4.66146783, 4.39880364, 5.53446092,\n        2.25736195],\n       [1.3405956 , 0.29755005, 4.66147619, 4.39879776, 5.53446132,\n        2.25737097]]), array([0.36124292, 0.36124292, 0.36124292, 0.36124292, 0.36124292,\n       0.36124292, 0.36124292]))", "callback": [0.8096755512106129, 0.6594310098168567, 0.6029991832068232, 0.5936856787942706, 0.5843745658062733, 0.5826021342736402, 0.58217884616079, 0.5815311431967127, 0.5759500137006548, 0.5714510646488068, 0.5697557081388811, 0.5682400147454229, 0.5670930387799684, 0.5668777332976676, 0.5668261032189262, 0.5667440072469547, 0.5667222028203369, 0.5667222028203369, 0.566716733464834, 0.5667132097774765, 0.5667111317104334, 0.5667023787462839, 0.56668193636397, 0.5666545550220508, 0.5665254772052599, 0.5663553360750228, 0.5660387047371195, 0.565424016550646, 0.5647877472571712, 0.5634528336973642, 0.5604891458965846, 0.5529451157560795, 0.5432450234093995, 0.5170663301802334, 0.47411202602120106, 0.45128724286854627, 0.4040134981715743, 0.3905033443923427, 0.38179276075679747, 0.37517401597198163, 0.3637020543676086, 0.36355650369298975, 0.36157140303109947, 0.3614362862530618, 0.36130441229828714, 0.3612576872964651, 0.3612539081979319, 0.3612437640905154, 0.36124369618259244, 0.36124304425642684, 0.3612429385776714, 0.36124292243651923, 0.36124291863696545, 0.3612429173993349, 0.3612429172455609, 0.36124291721200386]}, "11": {"maxiter": 1000, "fatol": 1e-10, "xatol": 1e-10, "duration": 0.25281834602355957, "fun": "0.36124291720456847", "nit": "678", "nfev": "1115", "status": "0", "success": "True", "message": "Optimization terminated successfully.", "x": "[1.34059747 0.29755279 4.66147513 4.39880465 5.53445973 2.25736776]", "final_simplex": "(array([[1.34059747, 0.29755279, 4.66147513, 4.39880465, 5.53445973,\n        2.25736776],\n       [1.34059747, 0.29755279, 4.66147513, 4.39880465, 5.53445973,\n        2.25736776],\n       [1.34059747, 0.29755279, 4.66147513, 4.39880465, 5.53445973,\n        2.25736776],\n       [1.34059747, 0.29755279, 4.66147513, 4.39880465, 5.53445973,\n        2.25736776],\n       [1.34059747, 0.29755279, 4.66147513, 4.39880465, 5.53445973,\n        2.25736776],\n       [1.34059747, 0.29755279, 4.66147513, 4.39880465, 5.53445973,\n        2.25736776],\n       [1.34059747, 0.29755279, 4.66147513, 4.39880465, 5.53445973,\n        2.25736776]]), array([0.36124292, 0.36124292, 0.36124292, 0.36124292, 0.36124292,\n       0.36124292, 0.36124292]))", "callback": [0.8096755512106129, 0.6594310098168567, 0.6029991832068232, 0.5936856787942706, 0.5843745658062733, 0.5826021342736402, 0.58217884616079, 0.5815311431967127, 0.5759500137006548, 0.5714510646488068, 0.5697557081388811, 0.5682400147454229, 0.5670930387799684, 0.5668777332976676, 0.5668261032189262, 0.5667440072469547, 0.5667222028203369, 0.5667222028203369, 0.566716733464834, 0.5667132097774765, 0.5667111317104334, 0.5667023787462839, 0.56668193636397, 0.5666545550220508, 0.5665254772052599, 0.5663553360750228, 0.5660387047371195, 0.565424016550646, 0.5647877472571712, 0.5634528336973642, 0.5604891458965846, 0.5529451157560795, 0.5432450234093995, 0.5170663301802334, 0.47411202602120106, 0.45128724286854627, 0.4040134981715743, 0.3905033443923427, 0.38179276075679747, 0.37517401597198163, 0.3637020543676086, 0.36355650369298975, 0.36157140303109947, 0.3614362862530618, 0.36130441229828714, 0.3612576872964651, 0.3612539081979319, 0.3612437640905154, 0.36124369618259244, 0.36124304425642684, 0.3612429385776714, 0.36124292243651923, 0.36124291863696545, 0.3612429173993349, 0.3612429172455609, 0.36124291721200386, 0.3612429172067053, 0.36124291720518154, 0.3612429172048468, 0.3612429172046083, 0.3612429172045819, 0.3612429172045717, 0.3612429172045697, 0.3612429172045686, 0.3612429172045686, 0.3612429172045686, 0.3612429172045686]}}, "bfgs": {"type": "gradient", "0": {"maxiter": 100, "gtol": 1e-05, "xrtol": 1e-05, "eps": 1e-05, "duration": 0.049218177795410156, "fun": "0.36124291725027424", "jac": "[-9.10138631e-07 -8.34265990e-07  1.55941926e-07 -3.34288153e-07\n -5.06161779e-07 -3.60333985e-07]", "hess_inv": "[[ 3.32953237  0.17843379  0.41332323 -0.62900458 -0.34029296  0.36824653]\n [ 0.17843379  4.05421467 -2.23710419 -0.43919321 -1.64819513 -1.98157428]\n [ 0.41332323 -2.23710419  9.61103796 -0.19824622  1.11388763  6.07584865]\n [-0.62900458 -0.43919321 -0.19824622  3.30610959  0.44546867 -0.15448741]\n [-0.34029296 -1.64819513  1.11388763  0.44546867  4.58119637  2.48618776]\n [ 0.36824653 -1.98157428  6.07584865 -0.15448741  2.48618776  9.11966446]]", "nfev": "210", "njev": "30", "status": "0", "success": "True", "message": "Optimization terminated successfully.", "x": "[-1.34060486  3.43914393  1.51986858  4.39879963  5.53444848  2.25734757]", "nit": "27", "callback": [0.5767819596002728, 0.36130518827253366]}, "1": {"maxiter": 100, "gtol": 1e-05, "xrtol": 1e-05, "eps": 1e-10, "duration": 0.04965615272521973, "fun": "0.3612429172293673", "jac": "[ 0.00000000e+00 -2.22044587e-06 -1.11022293e-06 -1.11022293e-06\n  1.11022293e-06  0.00000000e+00]", "hess_inv": "[[ 3.33970038  0.15112798  0.46115275 -0.62970418 -0.30858108  0.37518954]\n [ 0.15112798  4.05120334 -2.20391001 -0.42342728 -1.63975286 -1.9544449 ]\n [ 0.46115275 -2.20391001  9.28917212 -0.22084428  1.07082085  5.98047611]\n [-0.62970418 -0.42342728 -0.22084428  3.29892745  0.42457676 -0.17356103]\n [-0.30858108 -1.63975286  1.07082085  0.42457676  4.57015875  2.43572187]\n [ 0.37518954 -1.9544449   5.98047611 -0.17356103  2.43572187  9.09797939]]", "nfev": "210", "njev": "30", "status": "0", "success": "True", "message": "Optimization terminated successfully.", "x": "[-1.34059943  3.43913884  1.51986852  4.39880445  5.53446254  2.2573611 ]", "nit": "27", "callback": [0.5767228314313022, 0.36130427100089024]}, "2": {"maxiter": 100, "gtol": 1e-05, "xrtol": 1e-10, "eps": 1e-05, "duration": 0.05035114288330078, "fun": "0.36124291725027424", "jac": "[-9.10138631e-07 -8.34265990e-07  1.55941926e-07 -3.34288153e-07\n -5.06161779e-07 -3.60333985e-07]", "hess_inv": "[[ 3.32953237  0.17843379  0.41332323 -0.62900458 -0.34029296  0.36824653]\n [ 0.17843379  4.05421467 -2.23710419 -0.43919321 -1.64819513 -1.98157428]\n [ 0.41332323 -2.23710419  9.61103796 -0.19824622  1.11388763  6.07584865]\n [-0.62900458 -0.43919321 -0.19824622  3.30610959  0.44546867 -0.15448741]\n [-0.34029296 -1.64819513  1.11388763  0.44546867  4.58119637  2.48618776]\n [ 0.36824653 -1.98157428  6.07584865 -0.15448741  2.48618776  9.11966446]]", "nfev": "210", "njev": "30", "status": "0", "success": "True", "message": "Optimization terminated successfully.", "x": "[-1.34060486  3.43914393  1.51986858  4.39879963  5.53444848  2.25734757]", "nit": "27", "callback": [0.5767819596002728, 0.36130518827253366]}, "3": {"maxiter": 100, "gtol": 1e-05, "xrtol": 1e-10, "eps": 1e-10, "duration": 0.05049300193786621, "fun": "0.3612429172293673", "jac": "[ 0.00000000e+00 -2.22044587e-06 -1.11022293e-06 -1.11022293e-06\n  1.11022293e-06  0.00000000e+00]", "hess_inv": "[[ 3.33970038  0.15112798  0.46115275 -0.62970418 -0.30858108  0.37518954]\n [ 0.15112798  4.05120334 -2.20391001 -0.42342728 -1.63975286 -1.9544449 ]\n [ 0.46115275 -2.20391001  9.28917212 -0.22084428  1.07082085  5.98047611]\n [-0.62970418 -0.42342728 -0.22084428  3.29892745  0.42457676 -0.17356103]\n [-0.30858108 -1.63975286  1.07082085  0.42457676  4.57015875  2.43572187]\n [ 0.37518954 -1.9544449   5.98047611 -0.17356103  2.43572187  9.09797939]]", "nfev": "210", "njev": "30", "status": "0", "success": "True", "message": "Optimization terminated successfully.", "x": "[-1.34059943  3.43913884  1.51986852  4.39880445  5.53446254  2.2573611 ]", "nit": "27", "callback": [0.5767228314313022, 0.36130427100089024]}, "4": {"maxiter": 100, "gtol": 1e-10, "xrtol": 1e-05, "eps": 1e-05, "duration": 0.04822707176208496, "fun": "0.36124291725027424", "jac": "[-9.10138631e-07 -8.34265990e-07  1.55941926e-07 -3.34288153e-07\n -5.06161779e-07 -3.60333985e-07]", "hess_inv": "[[ 3.32953237  0.17843379  0.41332323 -0.62900458 -0.34029296  0.36824653]\n [ 0.17843379  4.05421467 -2.23710419 -0.43919321 -1.64819513 -1.98157428]\n [ 0.41332323 -2.23710419  9.61103796 -0.19824622  1.11388763  6.07584865]\n [-0.62900458 -0.43919321 -0.19824622  3.30610959  0.44546867 -0.15448741]\n [-0.34029296 -1.64819513  1.11388763  0.44546867  4.58119637  2.48618776]\n [ 0.36824653 -1.98157428  6.07584865 -0.15448741  2.48618776  9.11966446]]", "nfev": "210", "njev": "30", "status": "0", "success": "True", "message": "Optimization terminated successfully.", "x": "[-1.34060486  3.43914393  1.51986858  4.39879963  5.53444848  2.25734757]", "nit": "27", "callback": [0.5767819596002728, 0.36130518827253366]}, "5": {"maxiter": 100, "gtol": 1e-10, "xrtol": 1e-05, "eps": 1e-10, "duration": 0.04795384407043457, "fun": "0.3612429172293673", "jac": "[ 0.00000000e+00 -2.22044587e-06 -1.11022293e-06 -1.11022293e-06\n  1.11022293e-06  0.00000000e+00]", "hess_inv": "[[ 3.33970038  0.15112798  0.46115275 -0.62970418 -0.30858108  0.37518954]\n [ 0.15112798  4.05120334 -2.20391001 -0.42342728 -1.63975286 -1.9544449 ]\n [ 0.46115275 -2.20391001  9.28917212 -0.22084428  1.07082085  5.98047611]\n [-0.62970418 -0.42342728 -0.22084428  3.29892745  0.42457676 -0.17356103]\n [-0.30858108 -1.63975286  1.07082085  0.42457676  4.57015875  2.43572187]\n [ 0.37518954 -1.9544449   5.98047611 -0.17356103  2.43572187  9.09797939]]", "nfev": "210", "njev": "30", "status": "0", "success": "True", "message": "Optimization terminated successfully.", "x": "[-1.34059943  3.43913884  1.51986852  4.39880445  5.53446254  2.2573611 ]", "nit": "27", "callback": [0.5767228314313022, 0.36130427100089024]}, "6": {"maxiter": 100, "gtol": 1e-10, "xrtol": 1e-10, "eps": 1e-05, "duration": 0.08806514739990234, "fun": "0.36124291723294355", "jac": "[-9.29256672e-09 -3.41948692e-09  6.06847905e-08 -5.36570788e-08\n -3.72257780e-08  6.07291994e-09]", "hess_inv": "[[ 3.39002196  0.23830343  0.24091091 -0.49767291 -0.14512139  0.30765834]\n [ 0.23830343  4.09659821 -2.32664291 -0.3299618  -1.45835345 -2.00168204]\n [ 0.24091091 -2.32664291  9.50673909 -0.25547012  0.89998617  5.90294101]\n [-0.49767291 -0.3299618  -0.25547012  3.33623513  0.52049581 -0.07440376]\n [-0.14512139 -1.45835345  0.89998617  0.52049581  4.69273915  2.54274314]\n [ 0.30765834 -2.00168204  5.90294101 -0.07440376  2.54274314  8.97097934]]", "nfev": "390", "njev": "54", "status": "2", "success": "False", "message": "Desired error not necessarily achieved due to precision loss.", "x": "[-1.34060173  3.43914626  1.51986847  4.39880008  5.53445033  2.25735008]", "nit": "28", "callback": [0.5767819596002728, 0.36130518827253366]}, "7": {"maxiter": 100, "gtol": 1e-10, "xrtol": 1e-10, "eps": 1e-10, "duration": 0.08242368698120117, "fun": "0.3612429172084083", "jac": "[-1.11022293e-06  0.00000000e+00 -1.11022293e-06 -1.11022293e-06\n -1.11022293e-06  0.00000000e+00]", "hess_inv": "[[ 0.07306713  0.04145963 -0.03447988 -0.10327999  0.02542265 -0.03426866]\n [ 0.04145963  1.13375225  0.55974474 -1.19431427 -0.00475891  0.5559344 ]\n [-0.03447988  0.55974474  0.40084224 -0.57252242 -0.12327786  0.37055895]\n [-0.10327999 -1.19431427 -0.57252242  1.36722461 -0.02559177 -0.56516755]\n [ 0.02542265 -0.00475891 -0.12327786 -0.02559177  0.19470213 -0.09941085]\n [-0.03426866  0.5559344   0.37055895 -0.56516755 -0.09941085  0.36571148]]", "nfev": "364", "njev": "52", "status": "0", "success": "True", "message": "Optimization terminated successfully.", "x": "[-1.3405982   3.43914815  1.51987417  4.39880543  5.53445713  2.25736197]", "nit": "35", "callback": [0.5767228314313022, 0.36130427100089024, 0.3612429172096403]}, "8": {"maxiter": 500, "gtol": 1e-05, "xrtol": 1e-05, "eps": 1e-05, "duration": 0.04793405532836914, "fun": "0.36124291725027424", "jac": "[-9.10138631e-07 -8.34265990e-07  1.55941926e-07 -3.34288153e-07\n -5.06161779e-07 -3.60333985e-07]", "hess_inv": "[[ 3.32953237  0.17843379  0.41332323 -0.62900458 -0.34029296  0.36824653]\n [ 0.17843379  4.05421467 -2.23710419 -0.43919321 -1.64819513 -1.98157428]\n [ 0.41332323 -2.23710419  9.61103796 -0.19824622  1.11388763  6.07584865]\n [-0.62900458 -0.43919321 -0.19824622  3.30610959  0.44546867 -0.15448741]\n [-0.34029296 -1.64819513  1.11388763  0.44546867  4.58119637  2.48618776]\n [ 0.36824653 -1.98157428  6.07584865 -0.15448741  2.48618776  9.11966446]]", "nfev": "210", "njev": "30", "status": "0", "success": "True", "message": "Optimization terminated successfully.", "x": "[-1.34060486  3.43914393  1.51986858  4.39879963  5.53444848  2.25734757]", "nit": "27", "callback": [0.5767819596002728, 0.36130518827253366]}, "9": {"maxiter": 500, "gtol": 1e-05, "xrtol": 1e-05, "eps": 1e-10, "duration": 0.047579050064086914, "fun": "0.3612429172293673", "jac": "[ 0.00000000e+00 -2.22044587e-06 -1.11022293e-06 -1.11022293e-06\n  1.11022293e-06  0.00000000e+00]", "hess_inv": "[[ 3.33970038  0.15112798  0.46115275 -0.62970418 -0.30858108  0.37518954]\n [ 0.15112798  4.05120334 -2.20391001 -0.42342728 -1.63975286 -1.9544449 ]\n [ 0.46115275 -2.20391001  9.28917212 -0.22084428  1.07082085  5.98047611]\n [-0.62970418 -0.42342728 -0.22084428  3.29892745  0.42457676 -0.17356103]\n [-0.30858108 -1.63975286  1.07082085  0.42457676  4.57015875  2.43572187]\n [ 0.37518954 -1.9544449   5.98047611 -0.17356103  2.43572187  9.09797939]]", "nfev": "210", "njev": "30", "status": "0", "success": "True", "message": "Optimization terminated successfully.", "x": "[-1.34059943  3.43913884  1.51986852  4.39880445  5.53446254  2.2573611 ]", "nit": "27", "callback": [0.5767228314313022, 0.36130427100089024]}, "10": {"maxiter": 500, "gtol": 1e-05, "xrtol": 1e-10, "eps": 1e-05, "duration": 0.0478367805480957, "fun": "0.36124291725027424", "jac": "[-9.10138631e-07 -8.34265990e-07  1.55941926e-07 -3.34288153e-07\n -5.06161779e-07 -3.60333985e-07]", "hess_inv": "[[ 3.32953237  0.17843379  0.41332323 -0.62900458 -0.34029296  0.36824653]\n [ 0.17843379  4.05421467 -2.23710419 -0.43919321 -1.64819513 -1.98157428]\n [ 0.41332323 -2.23710419  9.61103796 -0.19824622  1.11388763  6.07584865]\n [-0.62900458 -0.43919321 -0.19824622  3.30610959  0.44546867 -0.15448741]\n [-0.34029296 -1.64819513  1.11388763  0.44546867  4.58119637  2.48618776]\n [ 0.36824653 -1.98157428  6.07584865 -0.15448741  2.48618776  9.11966446]]", "nfev": "210", "njev": "30", "status": "0", "success": "True", "message": "Optimization terminated successfully.", "x": "[-1.34060486  3.43914393  1.51986858  4.39879963  5.53444848  2.25734757]", "nit": "27", "callback": [0.5767819596002728, 0.36130518827253366]}, "11": {"maxiter": 500, "gtol": 1e-05, "xrtol": 1e-10, "eps": 1e-10, "duration": 0.04801011085510254, "fun": "0.3612429172293673", "jac": "[ 0.00000000e+00 -2.22044587e-06 -1.11022293e-06 -1.11022293e-06\n  1.11022293e-06  0.00000000e+00]", "hess_inv": "[[ 3.33970038  0.15112798  0.46115275 -0.62970418 -0.30858108  0.37518954]\n [ 0.15112798  4.05120334 -2.20391001 -0.42342728 -1.63975286 -1.9544449 ]\n [ 0.46115275 -2.20391001  9.28917212 -0.22084428  1.07082085  5.98047611]\n [-0.62970418 -0.42342728 -0.22084428  3.29892745  0.42457676 -0.17356103]\n [-0.30858108 -1.63975286  1.07082085  0.42457676  4.57015875  2.43572187]\n [ 0.37518954 -1.9544449   5.98047611 -0.17356103  2.43572187  9.09797939]]", "nfev": "210", "njev": "30", "status": "0", "success": "True", "message": "Optimization terminated successfully.", "x": "[-1.34059943  3.43913884  1.51986852  4.39880445  5.53446254  2.2573611 ]", "nit": "27", "callback": [0.5767228314313022, 0.36130427100089024]}, "12": {"maxiter": 500, "gtol": 1e-10, "xrtol": 1e-05, "eps": 1e-05, "duration": 0.048681020736694336, "fun": "0.36124291725027424", "jac": "[-9.10138631e-07 -8.34265990e-07  1.55941926e-07 -3.34288153e-07\n -5.06161779e-07 -3.60333985e-07]", "hess_inv": "[[ 3.32953237  0.17843379  0.41332323 -0.62900458 -0.34029296  0.36824653]\n [ 0.17843379  4.05421467 -2.23710419 -0.43919321 -1.64819513 -1.98157428]\n [ 0.41332323 -2.23710419  9.61103796 -0.19824622  1.11388763  6.07584865]\n [-0.62900458 -0.43919321 -0.19824622  3.30610959  0.44546867 -0.15448741]\n [-0.34029296 -1.64819513  1.11388763  0.44546867  4.58119637  2.48618776]\n [ 0.36824653 -1.98157428  6.07584865 -0.15448741  2.48618776  9.11966446]]", "nfev": "210", "njev": "30", "status": "0", "success": "True", "message": "Optimization terminated successfully.", "x": "[-1.34060486  3.43914393  1.51986858  4.39879963  5.53444848  2.25734757]", "nit": "27", "callback": [0.5767819596002728, 0.36130518827253366]}, "13": {"maxiter": 500, "gtol": 1e-10, "xrtol": 1e-05, "eps": 1e-10, "duration": 0.04797506332397461, "fun": "0.3612429172293673", "jac": "[ 0.00000000e+00 -2.22044587e-06 -1.11022293e-06 -1.11022293e-06\n  1.11022293e-06  0.00000000e+00]", "hess_inv": "[[ 3.33970038  0.15112798  0.46115275 -0.62970418 -0.30858108  0.37518954]\n [ 0.15112798  4.05120334 -2.20391001 -0.42342728 -1.63975286 -1.9544449 ]\n [ 0.46115275 -2.20391001  9.28917212 -0.22084428  1.07082085  5.98047611]\n [-0.62970418 -0.42342728 -0.22084428  3.29892745  0.42457676 -0.17356103]\n [-0.30858108 -1.63975286  1.07082085  0.42457676  4.57015875  2.43572187]\n [ 0.37518954 -1.9544449   5.98047611 -0.17356103  2.43572187  9.09797939]]", "nfev": "210", "njev": "30", "status": "0", "success": "True", "message": "Optimization terminated successfully.", "x": "[-1.34059943  3.43913884  1.51986852  4.39880445  5.53446254  2.2573611 ]", "nit": "27", "callback": [0.5767228314313022, 0.36130427100089024]}, "14": {"maxiter": 500, "gtol": 1e-10, "xrtol": 1e-10, "eps": 1e-05, "duration": 0.08865213394165039, "fun": "0.36124291723294355", "jac": "[-9.29256672e-09 -3.41948692e-09  6.06847905e-08 -5.36570788e-08\n -3.72257780e-08  6.07291994e-09]", "hess_inv": "[[ 3.39002196  0.23830343  0.24091091 -0.49767291 -0.14512139  0.30765834]\n [ 0.23830343  4.09659821 -2.32664291 -0.3299618  -1.45835345 -2.00168204]\n [ 0.24091091 -2.32664291  9.50673909 -0.25547012  0.89998617  5.90294101]\n [-0.49767291 -0.3299618  -0.25547012  3.33623513  0.52049581 -0.07440376]\n [-0.14512139 -1.45835345  0.89998617  0.52049581  4.69273915  2.54274314]\n [ 0.30765834 -2.00168204  5.90294101 -0.07440376  2.54274314  8.97097934]]", "nfev": "390", "njev": "54", "status": "2", "success": "False", "message": "Desired error not necessarily achieved due to precision loss.", "x": "[-1.34060173  3.43914626  1.51986847  4.39880008  5.53445033  2.25735008]", "nit": "28", "callback": [0.5767819596002728, 0.36130518827253366]}, "15": {"maxiter": 500, "gtol": 1e-10, "xrtol": 1e-10, "eps": 1e-10, "duration": 0.08235597610473633, "fu