{"date": "2024/09/24/, 02:43:27", "conf_id": 215, "data_type": "non_lin_ind\n", "num_data_points": 3, "s_rank": 0, "unitary": "[[-0.45070455-0.02711853j,0.78437395-0.06613086j,0.06358678+0.19963393j,-0.07343613+0.35668523j],[-0.01890143-0.03813363j,0.32408202+0.25557629j,0.05872864-0.68979805j,0.55466693-0.20227297j],[-0.11215405+0.64023111j,-0.13344055+0.29565494j,-0.49012687-0.19046288j,-0.04241254+0.44046348j],[0.55771659+0.24656916j,0.31851997-0.05798805j,0.28761525-0.34294258j,-0.56718418+0.03616933j]]", "databatch_0": {"databatch": "[[[0.2690961+0.12976634j,-0.30557999+0.04798195j,-0.12796674+0.15775353j,-0.09894355-0.16466017j],[0.15150874-0.18006438j,-0.16535246-0.33696276j,0.02341222-0.17357269j,-0.17141221+0.13602314j],[-0.12035152-0.17201682j,-0.12960404-0.04722099j,0.29016791+0.01695172j,0.10172946-0.27460125j],[0.14427636+0.22278938j,-0.13113957+0.10317739j,0.24657051-0.08606365j,0.16937194+0.18317504j]],[[-0.21379028+0.1972832j,0.22127984+0.07311511j,0.19435311-0.07404511j,0.40527268-0.02197446j],[0.03373883-0.22748084j,-0.23859031+0.07902808j,-0.01108907+0.22599463j,-0.22947323+0.11144496j],[0.31136777-0.02274438j,-0.16658171-0.06557351j,-0.19943229-0.03750467j,-0.08021847-0.07029825j],[-0.16593015+0.16770646j,0.17910446-0.09857619j,0.25974975-0.17856638j,0.19511068+0.06160767j]],[[0.24016804-0.16774771j,0.17422863+0.1171853j,0.30777204+0.03091419j,0.11293239+0.07343168j],[0.18828744-0.03662156j,0.09190612-0.20046258j,0.24630571-0.13378487j,-0.13245529+0.14773792j],[-0.05990626+0.3602328j,-0.03674812+0.08595389j,-0.21034308+0.13758575j,-0.32173902-0.30832523j],[-0.2447241+0.09744569j,0.0630454+0.00483174j,-0.11625549-0.19823677j,0.02634156-0.14888124j]]]", "initial param values": "[2.09488921,4.32719874,3.410797,3.62081736,4.2576554,4.48952644]", "nelder_mead": {"type": "gradient-free", "0": {"maxiter": 100, "fatol": 1e-05, "xatol": 1e-05, "duration": 0.035218238830566406, "fun": "0.34069202892141315", "nit": "100", "nfev": "151", "status": "2", "success": "False", "message": "Maximum number of iterations has been exceeded.", "x": "[4.74463612 4.74603732 3.60132065 1.52446463 3.604563   5.57401332]", "final_simplex": "(array([[4.74463612, 4.74603732, 3.60132065, 1.52446463, 3.604563  ,\n        5.57401332],\n       [4.84991339, 4.61114184, 3.52931713, 1.27799569, 3.70690052,\n        5.69523217],\n       [4.7476355 , 4.73266301, 3.4417084 , 1.65619178, 3.81010059,\n        5.64168876],\n       [4.61171145, 4.73917032, 3.57269498, 1.4060821 , 3.78670711,\n        5.4904412 ],\n       [4.57867202, 4.67746351, 3.61802289, 1.577042  , 3.49442795,\n        5.39298678],\n       [4.48913143, 4.52902904, 3.59706299, 1.61385821, 3.66846089,\n        5.55848918],\n       [4.6389824 , 4.59511964, 3.47017485, 1.47680477, 3.55610056,\n        5.52452183]]), array([0.34069203, 0.34226889, 0.34550117, 0.35244228, 0.35266112,\n       0.35304321, 0.35505671]))", "callback": [0.7122948899483411, 0.6806780591791315, 0.5921690938469866, 0.5622991937457036, 0.5394083231385145, 0.43818456567221853, 0.41196451353239216, 0.38328865387259803, 0.3550567131898048]}, "1": {"maxiter": 100, "fatol": 1e-05, "xatol": 1e-10, "duration": 0.03485369682312012, "fun": "0.34069202892141315", "nit": "100", "nfev": "151", "status": "2", "success": "False", "message": "Maximum number of iterations has been exceeded.", "x": "[4.74463612 4.74603732 3.60132065 1.52446463 3.604563   5.57401332]", "final_simplex": "(array([[4.74463612, 4.74603732, 3.60132065, 1.52446463, 3.604563  ,\n        5.57401332],\n       [4.84991339, 4.61114184, 3.52931713, 1.27799569, 3.70690052,\n        5.69523217],\n       [4.7476355 , 4.73266301, 3.4417084 , 1.65619178, 3.81010059,\n        5.64168876],\n       [4.61171145, 4.73917032, 3.57269498, 1.4060821 , 3.78670711,\n        5.4904412 ],\n       [4.57867202, 4.67746351, 3.61802289, 1.577042  , 3.49442795,\n        5.39298678],\n       [4.48913143, 4.52902904, 3.59706299, 1.61385821, 3.66846089,\n        5.55848918],\n       [4.6389824 , 4.59511964, 3.47017485, 1.47680477, 3.55610056,\n        5.52452183]]), array([0.34069203, 0.34226889, 0.34550117, 0.35244228, 0.35266112,\n       0.35304321, 0.35505671]))", "callback": [0.7122948899483411, 0.6806780591791315, 0.5921690938469866, 0.5622991937457036, 0.5394083231385145, 0.43818456567221853, 0.41196451353239216, 0.38328865387259803, 0.3550567131898048]}, "2": {"maxiter": 100, "fatol": 1e-10, "xatol": 1e-05, "duration": 0.03343009948730469, "fun": "0.34069202892141315", "nit": "100", "nfev": "151", "status": "2", "success": "False", "message": "Maximum number of iterations has been exceeded.", "x": "[4.74463612 4.74603732 3.60132065 1.52446463 3.604563   5.57401332]", "final_simplex": "(array([[4.74463612, 4.74603732, 3.60132065, 1.52446463, 3.604563  ,\n        5.57401332],\n       [4.84991339, 4.61114184, 3.52931713, 1.27799569, 3.70690052,\n        5.69523217],\n       [4.7476355 , 4.73266301, 3.4417084 , 1.65619178, 3.81010059,\n        5.64168876],\n       [4.61171145, 4.73917032, 3.57269498, 1.4060821 , 3.78670711,\n        5.4904412 ],\n       [4.57867202, 4.67746351, 3.61802289, 1.577042  , 3.49442795,\n        5.39298678],\n       [4.48913143, 4.52902904, 3.59706299, 1.61385821, 3.66846089,\n        5.55848918],\n       [4.6389824 , 4.59511964, 3.47017485, 1.47680477, 3.55610056,\n        5.52452183]]), array([0.34069203, 0.34226889, 0.34550117, 0.35244228, 0.35266112,\n       0.35304321, 0.35505671]))", "callback": [0.7122948899483411, 0.6806780591791315, 0.5921690938469866, 0.5622991937457036, 0.5394083231385145, 0.43818456567221853, 0.41196451353239216, 0.38328865387259803, 0.3550567131898048]}, "3": {"maxiter": 100, "fatol": 1e-10, "xatol": 1e-10, "duration": 0.03385615348815918, "fun": "0.34069202892141315", "nit": "100", "nfev": "151", "status": "2", "success": "False", "message": "Maximum number of iterations has been exceeded.", "x": "[4.74463612 4.74603732 3.60132065 1.52446463 3.604563   5.57401332]", "final_simplex": "(array([[4.74463612, 4.74603732, 3.60132065, 1.52446463, 3.604563  ,\n        5.57401332],\n       [4.84991339, 4.61114184, 3.52931713, 1.27799569, 3.70690052,\n        5.69523217],\n       [4.7476355 , 4.73266301, 3.4417084 , 1.65619178, 3.81010059,\n        5.64168876],\n       [4.61171145, 4.73917032, 3.57269498, 1.4060821 , 3.78670711,\n        5.4904412 ],\n       [4.57867202, 4.67746351, 3.61802289, 1.577042  , 3.49442795,\n        5.39298678],\n       [4.48913143, 4.52902904, 3.59706299, 1.61385821, 3.66846089,\n        5.55848918],\n       [4.6389824 , 4.59511964, 3.47017485, 1.47680477, 3.55610056,\n        5.52452183]]), array([0.34069203, 0.34226889, 0.34550117, 0.35244228, 0.35266112,\n       0.35304321, 0.35505671]))", "callback": [0.7122948899483411, 0.6806780591791315, 0.5921690938469866, 0.5622991937457036, 0.5394083231385145, 0.43818456567221853, 0.41196451353239216, 0.38328865387259803, 0.3550567131898048]}, "4": {"maxiter": 500, "fatol": 1e-05, "xatol": 1e-05, "duration": 0.11581110954284668, "fun": "0.2924740299342563", "nit": "332", "nfev": "521", "status": "0", "success": "True", "message": "Optimization terminated successfully.", "x": "[5.11339923 4.49543462 3.73575711 1.57489933 3.90259509 5.38181647]", "final_simplex": "(array([[5.11339923, 4.49543462, 3.73575711, 1.57489933, 3.90259509,\n        5.38181647],\n       [5.11339832, 4.49543997, 3.7357551 , 1.57489455, 3.90259952,\n        5.38181392],\n       [5.11340099, 4.49543242, 3.73576325, 1.57489623, 3.90260098,\n        5.38181415],\n       [5.11339501, 4.49543664, 3.73575957, 1.57489426, 3.90259668,\n        5.38181809],\n       [5.11340861, 4.49543722, 3.73575663, 1.57488942, 3.90260246,\n        5.38181943],\n       [5.11339711, 4.49544002, 3.73575632, 1.57490664, 3.9025981 ,\n        5.38181751],\n       [5.11340398, 4.49544335, 3.73576036, 1.57490257, 3.90259434,\n        5.38181853]]), array([0.29247403, 0.29247403, 0.29247403, 0.29247403, 0.29247403,\n       0.29247403, 0.29247403]))", "callback": [0.7122948899483411, 0.6806780591791315, 0.5921690938469866, 0.5622991937457036, 0.5394083231385145, 0.43818456567221853, 0.41196451353239216, 0.38328865387259803, 0.3550567131898048, 0.3380913226308294, 0.3309438463257718, 0.32648406973876065, 0.3135154574691046, 0.3045953435487828, 0.2949930062529037, 0.29368714895063386, 0.29281820489812116, 0.2925295967162693, 0.29249495888114885, 0.2924779155103203, 0.29247514421629717, 0.29247419700125576, 0.29247407058226926, 0.2924740486104628, 0.29247403834754093, 0.2924740366211087, 0.2924740335840573, 0.29247403055250176, 0.2924740303688722, 0.2924740301010832, 0.29247402997983984, 0.29247402995018745, 0.2924740299342563]}, "5": {"maxiter": 500, "fatol": 1e-05, "xatol": 1e-10, "duration": 0.1612081527709961, "fun": "0.2924740299311024", "nit": "415", "nfev": "723", "status": "0", "success": "True", "message": "Optimization terminated successfully.", "x": "[5.11340087 4.49543577 3.73575777 1.57489766 3.90259899 5.38181648]", "final_simplex": "(array([[5.11340087, 4.49543577, 3.73575777, 1.57489766, 3.90259899,\n        5.38181648],\n       [5.11340087, 4.49543577, 3.73575777, 1.57489766, 3.90259899,\n        5.38181648],\n       [5.11340087, 4.49543577, 3.73575777, 1.57489766, 3.90259899,\n        5.38181648],\n       [5.11340087, 4.49543577, 3.73575777, 1.57489766, 3.90259899,\n        5.38181648],\n       [5.11340087, 4.49543577, 3.73575777, 1.57489766, 3.90259899,\n        5.38181648],\n       [5.11340087, 4.49543577, 3.73575777, 1.57489766, 3.90259899,\n        5.38181648],\n       [5.11340087, 4.49543577, 3.73575777, 1.57489766, 3.90259899,\n        5.38181648]]), array([0.29247403, 0.29247403, 0.29247403, 0.29247403, 0.29247403,\n       0.29247403, 0.29247403]))", "callback": [0.7122948899483411, 0.6806780591791315, 0.5921690938469866, 0.5622991937457036, 0.5394083231385145, 0.43818456567221853, 0.41196451353239216, 0.38328865387259803, 0.3550567131898048, 0.3380913226308294, 0.3309438463257718, 0.32648406973876065, 0.3135154574691046, 0.3045953435487828, 0.2949930062529037, 0.29368714895063386, 0.29281820489812116, 0.2925295967162693, 0.29249495888114885, 0.2924779155103203, 0.29247514421629717, 0.29247419700125576, 0.29247407058226926, 0.2924740486104628, 0.29247403834754093, 0.2924740366211087, 0.2924740335840573, 0.29247403055250176, 0.2924740303688722, 0.2924740301010832, 0.29247402997983984, 0.29247402995018745, 0.2924740299342563, 0.29247402993169425, 0.2924740299312306, 0.2924740299311456, 0.2924740299311098, 0.29247402993110383, 0.2924740299311024, 0.2924740299311024, 0.2924740299311024]}, "6": {"maxiter": 500, "fatol": 1e-10, "xatol": 1e-05, "duration": 0.11687016487121582, "fun": "0.2924740299342563", "nit": "332", "nfev": "521", "status": "0", "success": "True", "message": "Optimization terminated successfully.", "x": "[5.11339923 4.49543462 3.73575711 1.57489933 3.90259509 5.38181647]", "final_simplex": "(array([[5.11339923, 4.49543462, 3.73575711, 1.57489933, 3.90259509,\n        5.38181647],\n       [5.11339832, 4.49543997, 3.7357551 , 1.57489455, 3.90259952,\n        5.38181392],\n       [5.11340099, 4.49543242, 3.73576325, 1.57489623, 3.90260098,\n        5.38181415],\n       [5.11339501, 4.49543664, 3.73575957, 1.57489426, 3.90259668,\n        5.38181809],\n       [5.11340861, 4.49543722, 3.73575663, 1.57488942, 3.90260246,\n        5.38181943],\n       [5.11339711, 4.49544002, 3.73575632, 1.57490664, 3.9025981 ,\n        5.38181751],\n       [5.11340398, 4.49544335, 3.73576036, 1.57490257, 3.90259434,\n        5.38181853]]), array([0.29247403, 0.29247403, 0.29247403, 0.29247403, 0.29247403,\n       0.29247403, 0.29247403]))", "callback": [0.7122948899483411, 0.6806780591791315, 0.5921690938469866, 0.5622991937457036, 0.5394083231385145, 0.43818456567221853, 0.41196451353239216, 0.38328865387259803, 0.3550567131898048, 0.3380913226308294, 0.3309438463257718, 0.32648406973876065, 0.3135154574691046, 0.3045953435487828, 0.2949930062529037, 0.29368714895063386, 0.29281820489812116, 0.2925295967162693, 0.29249495888114885, 0.2924779155103203, 0.29247514421629717, 0.29247419700125576, 0.29247407058226926, 0.2924740486104628, 0.29247403834754093, 0.2924740366211087, 0.2924740335840573, 0.29247403055250176, 0.2924740303688722, 0.2924740301010832, 0.29247402997983984, 0.29247402995018745, 0.2924740299342563]}, "7": {"maxiter": 500, "fatol": 1e-10, "xatol": 1e-10, "duration": 0.1730351448059082, "fun": "0.2924740299311024", "nit": "415", "nfev": "723", "status": "0", "success": "True", "message": "Optimization terminated successfully.", "x": "[5.11340087 4.49543577 3.73575777 1.57489766 3.90259899 5.38181648]", "final_simplex": "(array([[5.11340087, 4.49543577, 3.73575777, 1.57489766, 3.90259899,\n        5.38181648],\n       [5.11340087, 4.49543577, 3.73575777, 1.57489766, 3.90259899,\n        5.38181648],\n       [5.11340087, 4.49543577, 3.73575777, 1.57489766, 3.90259899,\n        5.38181648],\n       [5.11340087, 4.49543577, 3.73575777, 1.57489766, 3.90259899,\n        5.38181648],\n       [5.11340087, 4.49543577, 3.73575777, 1.57489766, 3.90259899,\n        5.38181648],\n       [5.11340087, 4.49543577, 3.73575777, 1.57489766, 3.90259899,\n        5.38181648],\n       [5.11340087, 4.49543577, 3.73575777, 1.57489766, 3.90259899,\n        5.38181648]]), array([0.29247403, 0.29247403, 0.29247403, 0.29247403, 0.29247403,\n       0.29247403, 0.29247403]))", "callback": [0.7122948899483411, 0.6806780591791315, 0.5921690938469866, 0.5622991937457036, 0.5394083231385145, 0.43818456567221853, 0.41196451353239216, 0.38328865387259803, 0.3550567131898048, 0.3380913226308294, 0.3309438463257718, 0.32648406973876065, 0.3135154574691046, 0.3045953435487828, 0.2949930062529037, 0.29368714895063386, 0.29281820489812116, 0.2925295967162693, 0.29249495888114885, 0.2924779155103203, 0.29247514421629717, 0.29247419700125576, 0.29247407058226926, 0.2924740486104628, 0.29247403834754093, 0.2924740366211087, 0.2924740335840573, 0.29247403055250176, 0.2924740303688722, 0.2924740301010832, 0.29247402997983984, 0.29247402995018745, 0.2924740299342563, 0.29247402993169425, 0.2924740299312306, 0.2924740299311456, 0.2924740299311098, 0.29247402993110383, 0.2924740299311024, 0.2924740299311024, 0.2924740299311024]}, "8": {"maxiter": 1000, "fatol": 1e-05, "xatol": 1e-05, "duration": 0.12209296226501465, "fun": "0.2924740299342563", "nit": "332", "nfev": "521", "status": "0", "success": "True", "message": "Optimization terminated successfully.", "x": "[5.11339923 4.49543462 3.73575711 1.57489933 3.90259509 5.38181647]", "final_simplex": "(array([[5.11339923, 4.49543462, 3.73575711, 1.57489933, 3.90259509,\n        5.38181647],\n       [5.11339832, 4.49543997, 3.7357551 , 1.57489455, 3.90259952,\n        5.38181392],\n       [5.11340099, 4.49543242, 3.73576325, 1.57489623, 3.90260098,\n        5.38181415],\n       [5.11339501, 4.49543664, 3.73575957, 1.57489426, 3.90259668,\n        5.38181809],\n       [5.11340861, 4.49543722, 3.73575663, 1.57488942, 3.90260246,\n        5.38181943],\n       [5.11339711, 4.49544002, 3.73575632, 1.57490664, 3.9025981 ,\n        5.38181751],\n       [5.11340398, 4.49544335, 3.73576036, 1.57490257, 3.90259434,\n        5.38181853]]), array([0.29247403, 0.29247403, 0.29247403, 0.29247403, 0.29247403,\n       0.29247403, 0.29247403]))", "callback": [0.7122948899483411, 0.6806780591791315, 0.5921690938469866, 0.5622991937457036, 0.5394083231385145, 0.43818456567221853, 0.41196451353239216, 0.38328865387259803, 0.3550567131898048, 0.3380913226308294, 0.3309438463257718, 0.32648406973876065, 0.3135154574691046, 0.3045953435487828, 0.2949930062529037, 0.29368714895063386, 0.29281820489812116, 0.2925295967162693, 0.29249495888114885, 0.2924779155103203, 0.29247514421629717, 0.29247419700125576, 0.29247407058226926, 0.2924740486104628, 0.29247403834754093, 0.2924740366211087, 0.2924740335840573, 0.29247403055250176, 0.2924740303688722, 0.2924740301010832, 0.29247402997983984, 0.29247402995018745, 0.2924740299342563]}, "9": {"maxiter": 1000, "fatol": 1e-05, "xatol": 1e-10, "duration": 0.15978121757507324, "fun": "0.2924740299311024", "nit": "415", "nfev": "723", "status": "0", "success": "True", "message": "Optimization terminated successfully.", "x": "[5.11340087 4.49543577 3.73575777 1.57489766 3.90259899 5.38181648]", "final_simplex": "(array([[5.11340087, 4.49543577, 3.73575777, 1.57489766, 3.90259899,\n        5.38181648],\n       [5.11340087, 4.49543577, 3.73575777, 1.57489766, 3.90259899,\n        5.38181648],\n       [5.11340087, 4.49543577, 3.73575777, 1.57489766, 3.90259899,\n        5.38181648],\n       [5.11340087, 4.49543577, 3.73575777, 1.57489766, 3.90259899,\n        5.38181648],\n       [5.11340087, 4.49543577, 3.73575777, 1.57489766, 3.90259899,\n        5.38181648],\n       [5.11340087, 4.49543577, 3.73575777, 1.57489766, 3.90259899,\n        5.38181648],\n       [5.11340087, 4.49543577, 3.73575777, 1.57489766, 3.90259899,\n        5.38181648]]), array([0.29247403, 0.29247403, 0.29247403, 0.29247403, 0.29247403,\n       0.29247403, 0.29247403]))", "callback": [0.7122948899483411, 0.6806780591791315, 0.5921690938469866, 0.5622991937457036, 0.5394083231385145, 0.43818456567221853, 0.41196451353239216, 0.38328865387259803, 0.3550567131898048, 0.3380913226308294, 0.3309438463257718, 0.32648406973876065, 0.3135154574691046, 0.3045953435487828, 0.2949930062529037, 0.29368714895063386, 0.29281820489812116, 0.2925295967162693, 0.29249495888114885, 0.2924779155103203, 0.29247514421629717, 0.29247419700125576, 0.29247407058226926, 0.2924740486104628, 0.29247403834754093, 0.2924740366211087, 0.2924740335840573, 0.29247403055250176, 0.2924740303688722, 0.2924740301010832, 0.29247402997983984, 0.29247402995018745, 0.2924740299342563, 0.29247402993169425, 0.2924740299312306, 0.2924740299311456, 0.2924740299311098, 0.29247402993110383, 0.2924740299311024, 0.2924740299311024, 0.2924740299311024]}, "10": {"maxiter": 1000, "fatol": 1e-10, "xatol": 1e-05, "duration": 0.12259411811828613, "fun": "0.2924740299342563", "nit": "332", "nfev": "521", "status": "0", "success": "True", "message": "Optimization terminated successfully.", "x": "[5.11339923 4.49543462 3.73575711 1.57489933 3.90259509 5.38181647]", "final_simplex": "(array([[5.11339923, 4.49543462, 3.73575711, 1.57489933, 3.90259509,\n        5.38181647],\n       [5.11339832, 4.49543997, 3.7357551 , 1.57489455, 3.90259952,\n        5.38181392],\n       [5.11340099, 4.49543242, 3.73576325, 1.57489623, 3.90260098,\n        5.38181415],\n       [5.11339501, 4.49543664, 3.73575957, 1.57489426, 3.90259668,\n        5.38181809],\n       [5.11340861, 4.49543722, 3.73575663, 1.57488942, 3.90260246,\n        5.38181943],\n       [5.11339711, 4.49544002, 3.73575632, 1.57490664, 3.9025981 ,\n        5.38181751],\n       [5.11340398, 4.49544335, 3.73576036, 1.57490257, 3.90259434,\n        5.38181853]]), array([0.29247403, 0.29247403, 0.29247403, 0.29247403, 0.29247403,\n       0.29247403, 0.29247403]))", "callback": [0.7122948899483411, 0.6806780591791315, 0.5921690938469866, 0.5622991937457036, 0.5394083231385145, 0.43818456567221853, 0.41196451353239216, 0.38328865387259803, 0.3550567131898048, 0.3380913226308294, 0.3309438463257718, 0.32648406973876065, 0.3135154574691046, 0.3045953435487828, 0.2949930062529037, 0.29368714895063386, 0.29281820489812116, 0.2925295967162693, 0.29249495888114885, 0.2924779155103203, 0.29247514421629717, 0.29247419700125576, 0.29247407058226926, 0.2924740486104628, 0.29247403834754093, 0.2924740366211087, 0.2924740335840573, 0.29247403055250176, 0.2924740303688722, 0.2924740301010832, 0.29247402997983984, 0.29247402995018745, 0.2924740299342563]}, "11": {"maxiter": 1000, "fatol": 1e-10, "xatol": 1e-10, "duration": 0.18100929260253906, "fun": "0.2924740299311024", "nit": "415", "nfev": "723", "status": "0", "success": "True", "message": "Optimization terminated successfully.", "x": "[5.11340087 4.49543577 3.73575777 1.57489766 3.90259899 5.38181648]", "final_simplex": "(array([[5.11340087, 4.49543577, 3.73575777, 1.57489766, 3.90259899,\n        5.38181648],\n       [5.11340087, 4.49543577, 3.73575777, 1.57489766, 3.90259899,\n        5.38181648],\n       [5.11340087, 4.49543577, 3.73575777, 1.57489766, 3.90259899,\n        5.38181648],\n       [5.11340087, 4.49543577, 3.73575777, 1.57489766, 3.90259899,\n        5.38181648],\n       [5.11340087, 4.49543577, 3.73575777, 1.57489766, 3.90259899,\n        5.38181648],\n       [5.11340087, 4.49543577, 3.73575777, 1.57489766, 3.90259899,\n        5.38181648],\n       [5.11340087, 4.49543577, 3.73575777, 1.57489766, 3.90259899,\n        5.38181648]]), array([0.29247403, 0.29247403, 0.29247403, 0.29247403, 0.29247403,\n       0.29247403, 0.29247403]))", "callback": [0.7122948899483411, 0.6806780591791315, 0.5921690938469866, 0.5622991937457036, 0.5394083231385145, 0.43818456567221853, 0.41196451353239216, 0.38328865387259803, 0.3550567131898048, 0.3380913226308294, 0.3309438463257718, 0.32648406973876065, 0.3135154574691046, 0.3045953435487828, 0.2949930062529037, 0.29368714895063386, 0.29281820489812116, 0.2925295967162693, 0.29249495888114885, 0.2924779155103203, 0.29247514421629717, 0.29247419700125576, 0.29247407058226926, 0.2924740486104628, 0.29247403834754093, 0.2924740366211087, 0.2924740335840573, 0.29247403055250176, 0.2924740303688722, 0.2924740301010832, 0.29247402997983984, 0.29247402995018745, 0.2924740299342563, 0.29247402993169425, 0.2924740299312306, 0.2924740299311456, 0.2924740299311098, 0.29247402993110383, 0.2924740299311024, 0.2924740299311024, 0.2924740299311024]}}, "bfgs": {"type": "gradient", "0": {"maxiter": 100, "gtol": 1e-05, "xrtol": 1e-05, "eps": 1e-05, "duration": 0.03910684585571289, "fun": "0.29247403009965345", "jac": "[-3.38395978e-08 -4.02061717e-06 -1.97686312e-06 -5.54094548e-06\n  1.39119827e-06  2.56545896e-06]", "hess_inv": "[[ 6.66058536  1.99051197 -1.36405692 -2.14775725  1.25887585  0.45011751]\n [ 1.99051197  3.9704248  -1.94938249 -0.84260001  0.35565768  0.05788978]\n [-1.36405692 -1.94938249  3.15559835  1.1966553  -0.3980794  -0.47009817]\n [-2.14775725 -0.84260001  1.1966553   4.3487803  -0.50701297 -0.10708196]\n [ 1.25887585  0.35565768 -0.3980794  -0.50701297  3.29122682  0.10730437]\n [ 0.45011751  0.05788978 -0.47009817 -0.10708196  0.10730437  1.99570328]]", "nfev": "154", "njev": "22", "status": "0", "success": "True", "message": "Optimization terminated successfully.", "x": "[5.11340546 4.49542185 3.73574675 1.57486449 3.90260241 5.38181796]", "nit": "20", "callback": [0.2997650232400474, 0.29247403009965345]}, "1": {"maxiter": 100, "gtol": 1e-05, "xrtol": 1e-05, "eps": 1e-10, "duration": 0.03870892524719238, "fun": "0.29247403011904394", "jac": "[-4.44089173e-06 -6.66133760e-06  0.00000000e+00 -7.77156053e-06\n  0.00000000e+00  2.22044587e-06]", "hess_inv": "[[ 6.6346338   1.98030758 -1.39291316 -2.15417305  1.18663259  0.46806938]\n [ 1.98030758  3.96996351 -1.96392031 -0.84431808  0.32174917  0.06228887]\n [-1.39291316 -1.96392031  3.1675974   1.19280901 -0.38011026 -0.47061245]\n [-2.15417305 -0.84431808  1.19280901  4.3514934  -0.5197536  -0.1082576 ]\n [ 1.18663259  0.32174917 -0.38011026 -0.5197536   3.27187013  0.11888746]\n [ 0.46806938  0.06228887 -0.47061245 -0.1082576   0.11888746  1.99867071]]", "nfev": "154", "njev": "22", "status": "0", "success": "True", "message": "Optimization terminated successfully.", "x": "[5.11340534 4.49542072 3.73575993 1.57486764 3.90260568 5.38183341]", "nit": "20", "callback": [0.2997654046342988, 0.29247403011904394]}, "2": {"maxiter": 100, "gtol": 1e-05, "xrtol": 1e-10, "eps": 1e-05, "duration": 0.0372011661529541, "fun": "0.29247403009965345", "jac": "[-3.38395978e-08 -4.02061717e-06 -1.97686312e-06 -5.54094548e-06\n  1.39119827e-06  2.56545896e-06]", "hess_inv": "[[ 6.66058536  1.99051197 -1.36405692 -2.14775725  1.25887585  0.45011751]\n [ 1.99051197  3.9704248  -1.94938249 -0.84260001  0.35565768  0.05788978]\n [-1.36405692 -1.94938249  3.15559835  1.1966553  -0.3980794  -0.47009817]\n [-2.14775725 -0.84260001  1.1966553   4.3487803  -0.50701297 -0.10708196]\n [ 1.25887585  0.35565768 -0.3980794  -0.50701297  3.29122682  0.10730437]\n [ 0.45011751  0.05788978 -0.47009817 -0.10708196  0.10730437  1.99570328]]", "nfev": "154", "njev": "22", "status": "0", "success": "True", "message": "Optimization terminated successfully.", "x": "[5.11340546 4.49542185 3.73574675 1.57486449 3.90260241 5.38181796]", "nit": "20", "callback": [0.2997650232400474, 0.29247403009965345]}, "3": {"maxiter": 100, "gtol": 1e-05, "xrtol": 1e-10, "eps": 1e-10, "duration": 0.03558611869812012, "fun": "0.29247403011904394", "jac": "[-4.44089173e-06 -6.66133760e-06  0.00000000e+00 -7.77156053e-06\n  0.00000000e+00  2.22044587e-06]", "hess_inv": "[[ 6.6346338   1.98030758 -1.39291316 -2.15417305  1.18663259  0.46806938]\n [ 1.98030758  3.96996351 -1.96392031 -0.84431808  0.32174917  0.06228887]\n [-1.39291316 -1.96392031  3.1675974   1.19280901 -0.38011026 -0.47061245]\n [-2.15417305 -0.84431808  1.19280901  4.3514934  -0.5197536  -0.1082576 ]\n [ 1.18663259  0.32174917 -0.38011026 -0.5197536   3.27187013  0.11888746]\n [ 0.46806938  0.06228887 -0.47061245 -0.1082576   0.11888746  1.99867071]]", "nfev": "154", "njev": "22", "status": "0", "success": "True", "message": "Optimization terminated successfully.", "x": "[5.11340534 4.49542072 3.73575993 1.57486764 3.90260568 5.38183341]", "nit": "20", "callback": [0.2997654046342988, 0.29247403011904394]}, "4": {"maxiter": 100, "gtol": 1e-10, "xrtol": 1e-05, "eps": 1e-05, "duration": 0.0388638973236084, "fun": "0.2924740299545113", "jac": "[ 3.17523785e-08 -1.44151358e-07  3.15247828e-07 -4.85578244e-07\n  3.82660570e-07 -1.40654155e-07]", "hess_inv": "[[ 6.72238068  1.94600503 -1.44237037 -2.31401688  1.24960771  0.51357397]\n [ 1.94600503  4.00241373 -1.89118326 -0.72250617  0.36533244  0.01111825]\n [-1.44237037 -1.89118326  3.20627193  1.39793045 -0.467484   -0.52161796]\n [-2.31401688 -0.72250617  1.39793045  4.79427067 -0.49782541 -0.27220266]\n [ 1.24960771  0.36533244 -0.467484   -0.49782541  3.15704155  0.14606754]\n [ 0.51357397  0.01111825 -0.52161796 -0.27220266  0.14606754  2.04367212]]", "nfev": "161", "njev": "23", "status": "0", "success": "True", "message": "Optimization terminated successfully.", "x": "[5.11339478 4.49542973 3.73575517 1.57489222 3.90259547 5.38181003]", "nit": "21", "callback": [0.2997650232400474, 0.29247403009965345]}, "5": {"maxiter": 100, "gtol": 1e-10, "xrtol": 1e-05, "eps": 1e-10, "duration": 0.03775310516357422, "fun": "0.29247403004743255", "jac": "[6.66133760e-06 3.33066880e-06 2.22044587e-06 2.22044587e-06\n 4.44089173e-06 4.44089173e-06]", "hess_inv": "[[ 6.25255018  1.81822637 -1.0625397  -1.96409698  1.34640513  0.30776001]\n [ 1.81822637  4.05959656 -1.71322374 -0.48859052  0.50849699 -0.12214141]\n [-1.0625397  -1.71322374  2.95909744  1.2204675  -0.43522047 -0.41326152]\n [-1.96409698 -0.48859052  1.2204675   4.73473666 -0.39260024 -0.23072314]\n [ 1.34640513  0.50849699 -0.43522047 -0.39260024  3.29442378  0.09847015]\n [ 0.30776001 -0.12214141 -0.41326152 -0.23072314  0.09847015  2.01699183]]", "nfev": "161", "njev": "23", "status": "0", "success": "True", "message": "Optimization terminated successfully.", "x": "[5.11342927 4.49545231 3.7357542  1.57489297 3.90261178 5.3818277 ]", "nit": "21", "callback": [0.2997654046342988, 0.29247403011904394]}, "6": {"maxiter": 100, "gtol": 1e-10, "xrtol": 1e-10, "eps": 1e-05, "duration": 0.10097908973693848, "fun": "0.29247402995349103", "jac": "[ 3.96349620e-09  1.96509475e-09  4.36317649e-09  6.66133815e-11\n -4.21884749e-09 -3.79696274e-09]", "hess_inv": "[[ 6.77377945  1.78844079 -1.17426226 -2.53338199  1.28988144  0.33062222]\n [ 1.78844079  3.99365103 -1.91066673 -0.59537775  0.3429402   0.03285812]\n [-1.17426226 -1.91066673  3.31568223  1.16192009 -0.497103   -0.61365283]\n [-2.53338199 -0.59537775  1.16192009  5.13704463 -0.58642631 -0.10432405]\n [ 1.28988144  0.3429402  -0.497103   -0.58642631  3.16486051  0.17252902]\n [ 0.33062222  0.03285812 -0.61365283 -0.10432405  0.17252902  2.1187261 ]]", "nfev": "432", "njev": "60", "status": "2", "success": "False", "message": "Desired error not necessarily achieved due to precision loss.", "x": "[5.11339366 4.49543051 3.73575457 1.57489457 3.90259408 5.38181037]", "nit": "23", "callback": [0.2997650232400474, 0.29247403009965345]}, "7": {"maxiter": 100, "gtol": 1e-10, "xrtol": 1e-10, "eps": 1e-10, "duration": 0.060067176818847656, "fun": "0.2924740299593037", "jac": "[ 2.22044587e-06  1.11022293e-06  0.00000000e+00 -2.22044587e-06\n -2.22044587e-06  1.11022293e-06]", "hess_inv": "[[ 3.7894479   4.38179204  1.17781826  3.13346902  1.87095638  0.37887791]\n [ 4.38179204  9.81609039 -0.49462619  4.66376472  4.31182844  0.66311686]\n [ 1.17781826 -0.49462619  2.32635071  1.31102791  0.87159687 -0.12934319]\n [ 3.13346902  4.66376472  1.31102791  5.54067699  3.65850276  1.6725499 ]\n [ 1.87095638  4.31182844  0.87159687  3.65850276  4.52387751  1.06860908]\n [ 0.37887791  0.66311686 -0.12934319  1.6725499   1.06860908  1.64127149]]", "nfev": "259", "njev": "37", "status": "0", "success": "True", "message": "Optimization terminated successfully.", "x": "[5.11341279 4.4954403  3.73575165 1.57488734 3.90259587 5.38182325]", "nit": "26", "callback": [0.2997654046342988, 0.29247403011904394]}, "8": {"maxiter": 500, "gtol": 1e-05, "xrtol": 1e-05, "eps": 1e-05, "duration": 0.03570914268493652, "fun": "0.29247403009965345", "jac": "[-3.38395978e-08 -4.02061717e-06 -1.97686312e-06 -5.54094548e-06\n  1.39119827e-06  2.56545896e-06]", "hess_inv": "[[ 6.66058536  1.99051197 -1.36405692 -2.14775725  1.25887585  0.45011751]\n [ 1.99051197  3.9704248  -1.94938249 -0.84260001  0.35565768  0.05788978]\n [-1.36405692 -1.94938249  3.15559835  1.1966553  -0.3980794  -0.47009817]\n [-2.14775725 -0.84260001  1.1966553   4.3487803  -0.50701297 -0.10708196]\n [ 1.25887585  0.35565768 -0.3980794  -0.50701297  3.29122682  0.10730437]\n [ 0.45011751  0.05788978 -0.47009817 -0.10708196  0.10730437  1.99570328]]", "nfev": "154", "njev": "22", "status": "0", "success": "True", "message": "Optimization terminated successfully.", "x": "[5.11340546 4.49542185 3.73574675 1.57486449 3.90260241 5.38181796]", "nit": "20", "callback": [0.2997650232400474, 0.29247403009965345]}, "9": {"maxiter": 500, "gtol": 1e-05, "xrtol": 1e-05, "eps": 1e-10, "duration": 0.03669404983520508, "fun": "0.29247403011904394", "jac": "[-4.44089173e-06 -6.66133760e-06  0.00000000e+00 -7.77156053e-06\n  0.00000000e+00  2.22044587e-06]", "hess_inv": "[[ 6.6346338   1.98030758 -1.39291316 -2.15417305  1.18663259  0.46806938]\n [ 1.98030758  3.96996351 -1.96392031 -0.84431808  0.32174917  0.06228887]\n [-1.39291316 -1.96392031  3.1675974   1.19280901 -0.38011026 -0.47061245]\n [-2.15417305 -0.84431808  1.19280901  4.3514934  -0.5197536  -0.1082576 ]\n [ 1.18663259  0.32174917 -0.38011026 -0.5197536   3.27187013  0.11888746]\n [ 0.46806938  0.06228887 -0.47061245 -0.1082576   0.11888746  1.99867071]]", "nfev": "154", "njev": "22", "status": "0", "success": "True", "message": "Optimization terminated successfully.", "x": "[5.11340534 4.49542072 3.73575993 1.57486764 3.90260568 5.38183341]", "nit": "20", "callback": [0.2997654046342988, 0.29247403011904394]}, "10": {"maxiter": 500, "gtol": 1e-05, "xrtol": 1e-10, "eps": 1e-05, "duration": 0.036653995513916016, "fun": "0.29247403009965345", "jac": "[-3.38395978e-08 -4.02061717e-06 -1.97686312e-06 -5.54094548e-06\n  1.39119827e-06  2.56545896e-06]", "hess_inv": "[[ 6.66058536  1.99051197 -1.36405692 -2.14775725  1.25887585  0.45011751]\n [ 1.99051197  3.9704248  -1.94938249 -0.84260001  0.35565768  0.05788978]\n [-1.36405692 -1.94938249  3.15559835  1.1966553  -0.3980794  -0.47009817]\n [-2.14775725 -0.84260001  1.1966553   4.3487803  -0.50701297 -0.10708196]\n [ 1.25887585  0.35565768 -0.3980794  -0.50701297  3.29122682  0.10730437]\n [ 0.45011751  0.05788978 -0.47009817 -0.10708196  0.10730437  1.99570328]]", "nfev": "154", "njev": "22", "status": "0", "success": "True", "message": "Optimization terminated successfully.", "x": "[5.11340546 4.49542185 3.73574675 1.57486449 3.90260241 5.38181796]", "nit": "20", "callback": [0.2997650232400474, 0.29247403009965345]}, "11": {"maxiter": 500, "gtol": 1e-05, "xrtol": 1e-10, "eps": 1e-10, "duration": 0.03592514991760254, "fun": "0.29247403011904394", "jac": "[-4.44089173e-06 -6.66133760e-06  0.00000000e+00 -7.77156053e-06\n  0.00000000e+00  2.22044587e-06]", "hess_inv": "[[ 6.6346338   1.98030758 -1.39291316 -2.15417305  1.18663259  0.46806938]\n [ 1.98030758  3.96996351 -1.96392031 -0.84431808  0.32174917  0.06228887]\n [-1.39291316 -1.96392031  3.1675974   1.19280901 -0.38011026 -0.47061245]\n [-2.15417305 -0.84431808  1.19280901  4.3514934  -0.5197536  -0.1082576 ]\n [ 1.18663259  0.32174917 -0.38011026 -0.5197536   3.27187013  0.11888746]\n [ 0.46806938  0.06228887 -0.47061245 -0.1082576   0.11888746  1.99867071]]", "nfev": "154", "njev": "22", "status": "0", "success": "True", "message": "Optimization terminated successfully.", "x": "[5.11340534 4.49542072 3.73575993 1.57486764 3.90260568 5.38183341]", "nit": "20", "callback": [0.2997654046342988, 0.29247403011904394]}, "12": {"maxiter": 500, "gtol": 1e-10, "xrtol": 1e-05, "eps": 1e-05, "duration": 0.037773847579956055, "fun": "0.2924740299545113", "jac": "[ 3.17523785e-08 -1.44151358e-07  3.15247828e-07 -4.85578244e-07\n  3.82660570e-07 -1.40654155e-07]", "hess_inv": "[[ 6.72238068  1.94600503 -1.44237037 -2.31401688  1.24960771  0.51357397]\n [ 1.94600503  4.00241373 -1.89118326 -0.72250617  0.36533244  0.01111825]\n [-1.44237037 -1.89118326  3.20627193  1.39793045 -0.467484   -0.52161796]\n [-2.31401688 -0.72250617  1.39793045  4.79427067 -0.49782541 -0.27220266]\n [ 1.24960771  0.36533244 -0.467484   -0.49782541  3.15704155  0.14606754]\n [ 0.51357397  0.01111825 -0.52161796 -0.27220266  0.14606754  2.04367212]]", "nfev": "161", "njev": "23", "status": "0", "success": "True", "message": "Optimization terminated successfully.", "x": "[5.11339478 4.49542973 3.73575517 1.57489222 3.90259547 5.38181003]", "nit": "21", "callback": [0.2997650232400474, 0.29247403009965345]}, "13": {"maxiter": 500, "gtol": 1e-10, "xrtol": 1e-05, "eps": 1e-10, "duration": 0.03701901435852051, "fun": "0.29247403004743255", "jac": "[6.66133760e-06 3.33066880e-06 2.22044587e-06 2.22044587e-06\n 4.44089173e-06 4.44089173e-06]", "hess_inv": "[[ 6.25255018  1.81822637 -1.0625397  -1.96409698  1.34640513  0.30776001]\n [ 1.81822637  4.05959656 -1.71322374 -0.48859052  0.50849699 -0.12214141]\n [-1.0625397  -1.71322374  2.95909744  1.2204675  -0.43522047 -0.41326152]\n [-1.96409698 -0.48859052  1.2204675   4.73473666 -0.39260024 -0.23072314]\n [ 1.34640513  0.50849699 -0.43522047 -0.39260024  3.29442378  0.09847015]\n [ 0.30776001 -0.12214141 -0.41326152 -0.23072314  0.09847015  2.01699183]]", "nfev": "161", "njev": "23", "status": "0", "success": "True", "message": "Optimization terminated successfully.", "x": "[5.11342927 4.49545231 3.7357542  1.57489297 3.90261178 5.3818277 ]", "nit": "21", "callback": [0.2997654046342988, 0.29247403011904394]}, "14": {"maxiter": 500, "gtol": 1e-10, "xrtol": 1e-10, "eps": 1e-05, "duration": 0.10023307800292969, "fun": "0.29247402995349103", "jac": "[ 3.96349620e-09  1.96509475e-09  4.36317649e-09  6.66133815e-11\n -4.21884749e-09 -3.79696274e-09]", "hess_inv": "[[ 6.77377945  1.78844079 -1.17426226 -2.53338199  1.28988144  0.33062222]\n [ 1.78844079  3.99365103 -1.91066673 -0.59537775  0.3429402   0.03285812]\n [-1.17426226 -1.91066673  3.31568223  1.16192009 -0.497103   -0.61365283]\n [-2.53338199 -0.59537775  1.16192009  5.13704463 -0.58642631 -0.10432405]\n [ 1.28988144  0.3429402  -0.497103   -0.58642631  3.16486051  0.17252902]\n [ 0.33062222  0.03285812 -0.61365283 -0.10432405  0.17252902  2.1187261 ]]", "nfev": "432", "njev": "60", "status": "2", "success": "False", "message": "Desired error not necessarily achieved due to precision loss.", "x": "[5.11339366 4.49543051 3.73575457 1.57489457 3.90259408 5.38181037]", "nit": "23", "callback": [0.2997650232400474, 0.29247403009965345]}, "15": {"maxiter": 500, "gtol": 1e-10, "xrtol": 1e-10, "eps": 1e-10, "duration": 0.058606863021850586, "fun": "0.2924740299593037", "jac": "[ 2.22044587e-06  1.11022293e-06  0.00000000e+00 -2.22044587e-06\n -2.22044587e-06  1.11022293e-06]", "hess_inv": "[[ 3.7894479   4.38179204  1.17781826  3.13346902  1.87095638  0.37887791]\n [ 4.38179204  9.81609039 -0.49462619  4.66376472  4.31182844  0.66311686]\n [ 1.17781826 -0.49462619  2.32635071  1.31102791  0.87159687 -0.12934319]\n [ 3.13346902  4.66376472  1.31102791  5.54067699  3.65850276  1.6725499 ]\n [ 1.87095638  4.31182844  0.87159687  3.65850276  4.52387751  1.06860908]\n [ 0.37887791  0.66311686 -0.12934319  1.6725499   1.06860908  1.64127149]]", "nfev": "259", "njev": "37", "status": "0", "success": "True", "message": "Optimization terminated successfully.", "x": "[5.11341279 4.4954403  3.73575165 1.57488734 3.90259587 5.38182325]", "nit": "26", "callback": [0.2997654046342988, 0.29247403011904394]}, "16": {"maxiter": 1000, "gtol": 1e-05, "xrtol": 1e-05, "eps": 1e-05, "duration": 0.03525900840759277, "fun": "0.29247403009965345", "jac": "[-3.38395978e-08 -4.02061717e-06 -1.97686312e-06 -5.54094548e-06\n  1.39119827e-06  2.56545896e-06]", "hess_inv": "[[ 6.66058536  1.99051197 -1.36405692 -2.14775725  1.25887585  0.45011751]\n [ 1.99051197  3.9704248  -1.94938249 -0.84260001  0.35565768  0.05788978]\n [-1.36405692 -1.94938249  3.15559835  1.1966553  -0.3980794  -0.47009817]\n [-2.14775725 -0.84260001  1.1966553   4.3487803  -0.50701297 -0.10708196]\n [ 1.25887585  0.35565768 -0.3980794  -0.50701297  3.29122682  0.10730437]\n [ 0.45011751  0.05788978 -0.47009817 -0.10708196  0.10730437  1.99570328]]", "nfev": "154", "njev": "22", "status": "0", "success": "True", "message": "Optimization terminated successfully.", "x": "[5.11340546 4.49542185 3.73574675 1.57486449 3.90260241 5.38181796]", "nit": "20", "callback": [0.2997650232400474, 0.29247403009965345]}, "17": {"maxiter": 1000, "gtol": 1e-05, "xrtol": 1e-05, "eps": 1e-10, "duration": 0.03488016128540039, "fun": "0.29247403011904394", "jac": "[-4.44089173e-06 -6.66133760e-06  0.00000000e+00 -7.77156053e-06\n  0.00000000e+00  2.22044587e-06]", "hess_inv": "[[ 6.6346338   1.98030758 -1.39291316 -2.15417305  1.18663259  0.46806938]\n [ 1.98030758  3.96996351 -1.96392031 -0.84431808  0.32174917  0.06228887]\n [-1.39291316 -1.96392031  3.1675974   1.19280901 -0.38011026 -0.47061245]\n [-2.15417305 -0.84431808  1.19280901  4.3514934  -0.5197536  -0.1082576 ]\n [ 1.18663259  0.32174917 -0.38011026 -0.5197536   3.27187013  0.11888746]\n [ 0.46806938  0.06228887 -0.47061245 -0.1082576   0.11888746  1.99867071]]", "nfev": "154", "njev": "22", "status": "0", "success": "True", "message": "Optimization terminated successfully.", "x": "[5.11340534 4.49542072 3.73575993 1.57486764 3.90260568 5.38183341]", "nit": "20", "callback": [0.2997654046342988, 0.29247403011904394]}, "18": {"maxiter": 1000, "gtol": 1e-05, "xrtol": 1e-10, "eps": 1e-05, "duration": 0.035060882568359375, "fun": "0.29247403009965345", "jac": "[-3.38395978e-08 -4.02061717e-06 -1.97686312e-06 -5.54094548e-06\n  1.39119827e-06  2.56545896e-06]", "hess_inv": "[[ 6.66058536  1.99051197 -1.36405692 -2.14775725  1.25887585  0.45011751]\n [ 1.99051197  3.9704248  -1.94938249 -0.84260001  0.35565768  0.05788978]\n [-1.36405692 -1.94938249  3.15559835  1.1966553  -0.3980794  -0.47009817]\n [-2.14775725 -0.84260001  1.1966553   4.3487803  -0.50701297 -0.10708196]\n [ 1.25887585  0.35565768 -0.3980794  -0.50701297  3.29122682  0.10730437]\n [ 0.45011751  0.05788978 -0.47009817 -0.10708196  0.10730437  1.99570328]]", "nfev": "154", "njev": "22", "status": "0", "success": "True", "message": "Optimization te