{"date": "2024/09/23/, 22:51:08", "conf_id": 122, "data_type": "orthogonal\n", "num_data_points": 3, "s_rank": 0, "unitary": "[[0.18663085-0.53122324j,-0.11886349-0.70040876j,0.28555095-0.02789305j,-0.12262021-0.2844587j],[-0.16702216+0.27758472j,0.27526351-0.29738586j,-0.01109314+0.22495461j,-0.77239203+0.28900673j],[0.61935415+0.12301792j,-0.31269928-0.03315917j,-0.61902762-0.19039079j,-0.27120731-0.0968989j],[0.42341754+0.0023929j,-0.05847358+0.47832119j,0.64900495-0.16218422j,-0.37182676-0.05229966j]]", "databatch_0": {"databatch": "[[[-0.07140615+0.04115687j,0.28503498+0.01781587j,-0.05961625+0.17307406j,-0.3148988+0.19270112j],[0.03067247+0.10484583j,0.11211241-0.36155138j,0.20426975+0.13092725j,0.14969103+0.46587056j],[0.00645553+0.03360794j,0.04568962-0.10943047j,0.05982124+0.04689163j,0.03286386+0.14973063j],[-0.07805052-0.01797152j,0.19103704+0.20132073j,-0.15696698+0.08370225j,-0.35161313-0.07128358j]],[[-0.01342908-0.03088402j,-0.02033291+0.11491221j,-0.06753241-0.03215951j,-0.06376954-0.13671228j],[0.03129073-0.03971403j,-0.16640419+0.05480956j,-0.00548697-0.11216179j,0.13543858-0.181517j],[-0.09412633-0.07999615j,0.11873645+0.41124562j,-0.2743418+0.00323088j,-0.43090087-0.34712663j],[-0.08542606-0.00805995j,0.23131416+0.18681129j,-0.15487082+0.11106233j,-0.38347256-0.0260328j]],[[-0.04845415-0.11130306j,-0.07311315+0.41424179j,-0.2434759-0.11581666j,-0.23007469-0.49269127j],[0.02916971-0.0357515j,-0.1526924+0.04742452j,-0.00326237-0.10243039j,0.12640757-0.16352372j],[0.07589279+0.02992899j,-0.16191452-0.23172794j,0.17078802-0.06052306j,0.34335909+0.12508114j],[-0.03976907+0.03478428j,0.18145588-0.02434046j,-0.01590557+0.1162656j,-0.17398361+0.16044067j]]]", "initial param values": "[5.55635164,0.45169882,5.95808286,5.43078989,4.45280639,3.28108671]", "nelder_mead": {"type": "gradient-free", "0": {"maxiter": 100, "fatol": 1e-05, "xatol": 1e-05, "duration": 0.0369715690612793, "fun": "0.32787110361571736", "nit": "100", "nfev": "160", "status": "2", "success": "False", "message": "Maximum number of iterations has been exceeded.", "x": "[6.56161009 0.40785739 7.12570689 5.15696971 6.07626504 2.44680679]", "final_simplex": "(array([[6.56161009, 0.40785739, 7.12570689, 5.15696971, 6.07626504,\n        2.44680679],\n       [6.50777281, 0.4312499 , 7.17941037, 5.07374866, 6.05372234,\n        2.55040244],\n       [6.49327639, 0.42224387, 7.05651364, 5.19694626, 5.99223789,\n        2.59923083],\n       [6.51262136, 0.42506197, 7.09537136, 5.12547306, 6.09858282,\n        2.59373015],\n       [6.49576847, 0.42502556, 7.08147112, 5.13515976, 6.0129277 ,\n        2.55525963],\n       [6.48849882, 0.43287293, 7.03931747, 5.21399664, 6.00119151,\n        2.66140629],\n       [6.53975622, 0.427347  , 7.07488965, 5.14005367, 6.00267007,\n        2.63999808]]), array([0.3278711 , 0.32936525, 0.32941016, 0.32988172, 0.33000352,\n       0.33009709, 0.33072457]))", "callback": [0.42102219639361615, 0.38063236444988524, 0.37331347466589526, 0.36839042771362673, 0.3669763205106342, 0.35447328628073294, 0.33918587004714873, 0.336654680110236, 0.3320793058664351]}, "1": {"maxiter": 100, "fatol": 1e-05, "xatol": 1e-10, "duration": 0.0374758243560791, "fun": "0.32787110361571736", "nit": "100", "nfev": "160", "status": "2", "success": "False", "message": "Maximum number of iterations has been exceeded.", "x": "[6.56161009 0.40785739 7.12570689 5.15696971 6.07626504 2.44680679]", "final_simplex": "(array([[6.56161009, 0.40785739, 7.12570689, 5.15696971, 6.07626504,\n        2.44680679],\n       [6.50777281, 0.4312499 , 7.17941037, 5.07374866, 6.05372234,\n        2.55040244],\n       [6.49327639, 0.42224387, 7.05651364, 5.19694626, 5.99223789,\n        2.59923083],\n       [6.51262136, 0.42506197, 7.09537136, 5.12547306, 6.09858282,\n        2.59373015],\n       [6.49576847, 0.42502556, 7.08147112, 5.13515976, 6.0129277 ,\n        2.55525963],\n       [6.48849882, 0.43287293, 7.03931747, 5.21399664, 6.00119151,\n        2.66140629],\n       [6.53975622, 0.427347  , 7.07488965, 5.14005367, 6.00267007,\n        2.63999808]]), array([0.3278711 , 0.32936525, 0.32941016, 0.32988172, 0.33000352,\n       0.33009709, 0.33072457]))", "callback": [0.42102219639361615, 0.38063236444988524, 0.37331347466589526, 0.36839042771362673, 0.3669763205106342, 0.35447328628073294, 0.33918587004714873, 0.336654680110236, 0.3320793058664351]}, "2": {"maxiter": 100, "fatol": 1e-10, "xatol": 1e-05, "duration": 0.03661513328552246, "fun": "0.32787110361571736", "nit": "100", "nfev": "160", "status": "2", "success": "False", "message": "Maximum number of iterations has been exceeded.", "x": "[6.56161009 0.40785739 7.12570689 5.15696971 6.07626504 2.44680679]", "final_simplex": "(array([[6.56161009, 0.40785739, 7.12570689, 5.15696971, 6.07626504,\n        2.44680679],\n       [6.50777281, 0.4312499 , 7.17941037, 5.07374866, 6.05372234,\n        2.55040244],\n       [6.49327639, 0.42224387, 7.05651364, 5.19694626, 5.99223789,\n        2.59923083],\n       [6.51262136, 0.42506197, 7.09537136, 5.12547306, 6.09858282,\n        2.59373015],\n       [6.49576847, 0.42502556, 7.08147112, 5.13515976, 6.0129277 ,\n        2.55525963],\n       [6.48849882, 0.43287293, 7.03931747, 5.21399664, 6.00119151,\n        2.66140629],\n       [6.53975622, 0.427347  , 7.07488965, 5.14005367, 6.00267007,\n        2.63999808]]), array([0.3278711 , 0.32936525, 0.32941016, 0.32988172, 0.33000352,\n       0.33009709, 0.33072457]))", "callback": [0.42102219639361615, 0.38063236444988524, 0.37331347466589526, 0.36839042771362673, 0.3669763205106342, 0.35447328628073294, 0.33918587004714873, 0.336654680110236, 0.3320793058664351]}, "3": {"maxiter": 100, "fatol": 1e-10, "xatol": 1e-10, "duration": 0.03689289093017578, "fun": "0.32787110361571736", "nit": "100", "nfev": "160", "status": "2", "success": "False", "message": "Maximum number of iterations has been exceeded.", "x": "[6.56161009 0.40785739 7.12570689 5.15696971 6.07626504 2.44680679]", "final_simplex": "(array([[6.56161009, 0.40785739, 7.12570689, 5.15696971, 6.07626504,\n        2.44680679],\n       [6.50777281, 0.4312499 , 7.17941037, 5.07374866, 6.05372234,\n        2.55040244],\n       [6.49327639, 0.42224387, 7.05651364, 5.19694626, 5.99223789,\n        2.59923083],\n       [6.51262136, 0.42506197, 7.09537136, 5.12547306, 6.09858282,\n        2.59373015],\n       [6.49576847, 0.42502556, 7.08147112, 5.13515976, 6.0129277 ,\n        2.55525963],\n       [6.48849882, 0.43287293, 7.03931747, 5.21399664, 6.00119151,\n        2.66140629],\n       [6.53975622, 0.427347  , 7.07488965, 5.14005367, 6.00267007,\n        2.63999808]]), array([0.3278711 , 0.32936525, 0.32941016, 0.32988172, 0.33000352,\n       0.33009709, 0.33072457]))", "callback": [0.42102219639361615, 0.38063236444988524, 0.37331347466589526, 0.36839042771362673, 0.3669763205106342, 0.35447328628073294, 0.33918587004714873, 0.336654680110236, 0.3320793058664351]}, "4": {"maxiter": 500, "fatol": 1e-05, "xatol": 1e-05, "duration": 0.17569208145141602, "fun": "0.1267940854003361", "nit": "500", "nfev": "771", "status": "2", "success": "False", "message": "Maximum number of iterations has been exceeded.", "x": "[7.25272918 0.06706302 9.55658016 3.59408847 4.72465685 0.80250331]", "final_simplex": "(array([[7.25272918, 0.06706302, 9.55658016, 3.59408847, 4.72465685,\n        0.80250331],\n       [7.24767847, 0.06382341, 9.56433449, 3.59524545, 4.73055722,\n        0.80964363],\n       [7.24622718, 0.07341207, 9.55874088, 3.59530699, 4.72397117,\n        0.80501043],\n       [7.24377008, 0.06452571, 9.56158793, 3.59924262, 4.72567787,\n        0.80443639],\n       [7.25141128, 0.06646097, 9.55727199, 3.59279243, 4.73832802,\n        0.822704  ],\n       [7.24645152, 0.07191171, 9.55942089, 3.59358628, 4.72700981,\n        0.80208205],\n       [7.24696768, 0.07287497, 9.56092687, 3.59858267, 4.72704397,\n        0.80976104]]), array([0.12679409, 0.12679896, 0.12679965, 0.12680022, 0.12680633,\n       0.12680705, 0.12681007]))", "callback": [0.42102219639361615, 0.38063236444988524, 0.37331347466589526, 0.36839042771362673, 0.3669763205106342, 0.35447328628073294, 0.33918587004714873, 0.336654680110236, 0.3320793058664351, 0.32787110361571736, 0.32615471292474885, 0.32555689014575273, 0.32523672276329796, 0.3184925510447796, 0.19533802992240312, 0.19007434000381151, 0.1827273024791808, 0.1778318861019531, 0.15928645569324307, 0.15732993149198637, 0.15101590655148378, 0.1447826346651362, 0.14318691979142273, 0.14303575601756136, 0.14290799954061884, 0.1428662497960974, 0.14267017008500982, 0.14204661834453025, 0.14076023491673662, 0.13699341940684961, 0.1365462095441048, 0.13497850423724067, 0.13451160184313515, 0.13445367391447505, 0.13431494787457154, 0.13431494787457154, 0.1343068917380631, 0.1343043737809505, 0.13430197862023752, 0.1342941750843124, 0.13428226857248493, 0.13420234068640058, 0.1339141659252675, 0.13302388720734226, 0.13079333781822255, 0.12784493619027437, 0.12697668244825133, 0.1268408505101709, 0.12681006665991357]}, "5": {"maxiter": 500, "fatol": 1e-05, "xatol": 1e-10, "duration": 0.17632102966308594, "fun": "0.1267940854003361", "nit": "500", "nfev": "771", "status": "2", "success": "False", "message": "Maximum number of iterations has been exceeded.", "x": "[7.25272918 0.06706302 9.55658016 3.59408847 4.72465685 0.80250331]", "final_simplex": "(array([[7.25272918, 0.06706302, 9.55658016, 3.59408847, 4.72465685,\n        0.80250331],\n       [7.24767847, 0.06382341, 9.56433449, 3.59524545, 4.73055722,\n        0.80964363],\n       [7.24622718, 0.07341207, 9.55874088, 3.59530699, 4.72397117,\n        0.80501043],\n       [7.24377008, 0.06452571, 9.56158793, 3.59924262, 4.72567787,\n        0.80443639],\n       [7.25141128, 0.06646097, 9.55727199, 3.59279243, 4.73832802,\n        0.822704  ],\n       [7.24645152, 0.07191171, 9.55942089, 3.59358628, 4.72700981,\n        0.80208205],\n       [7.24696768, 0.07287497, 9.56092687, 3.59858267, 4.72704397,\n        0.80976104]]), array([0.12679409, 0.12679896, 0.12679965, 0.12680022, 0.12680633,\n       0.12680705, 0.12681007]))", "callback": [0.42102219639361615, 0.38063236444988524, 0.37331347466589526, 0.36839042771362673, 0.3669763205106342, 0.35447328628073294, 0.33918587004714873, 0.336654680110236, 0.3320793058664351, 0.32787110361571736, 0.32615471292474885, 0.32555689014575273, 0.32523672276329796, 0.3184925510447796, 0.19533802992240312, 0.19007434000381151, 0.1827273024791808, 0.1778318861019531, 0.15928645569324307, 0.15732993149198637, 0.15101590655148378, 0.1447826346651362, 0.14318691979142273, 0.14303575601756136, 0.14290799954061884, 0.1428662497960974, 0.14267017008500982, 0.14204661834453025, 0.14076023491673662, 0.13699341940684961, 0.1365462095441048, 0.13497850423724067, 0.13451160184313515, 0.13445367391447505, 0.13431494787457154, 0.13431494787457154, 0.1343068917380631, 0.1343043737809505, 0.13430197862023752, 0.1342941750843124, 0.13428226857248493, 0.13420234068640058, 0.1339141659252675, 0.13302388720734226, 0.13079333781822255, 0.12784493619027437, 0.12697668244825133, 0.1268408505101709, 0.12681006665991357]}, "6": {"maxiter": 500, "fatol": 1e-10, "xatol": 1e-05, "duration": 0.17477011680603027, "fun": "0.1267940854003361", "nit": "500", "nfev": "771", "status": "2", "success": "False", "message": "Maximum number of iterations has been exceeded.", "x": "[7.25272918 0.06706302 9.55658016 3.59408847 4.72465685 0.80250331]", "final_simplex": "(array([[7.25272918, 0.06706302, 9.55658016, 3.59408847, 4.72465685,\n        0.80250331],\n       [7.24767847, 0.06382341, 9.56433449, 3.59524545, 4.73055722,\n        0.80964363],\n       [7.24622718, 0.07341207, 9.55874088, 3.59530699, 4.72397117,\n        0.80501043],\n       [7.24377008, 0.06452571, 9.56158793, 3.59924262, 4.72567787,\n        0.80443639],\n       [7.25141128, 0.06646097, 9.55727199, 3.59279243, 4.73832802,\n        0.822704  ],\n       [7.24645152, 0.07191171, 9.55942089, 3.59358628, 4.72700981,\n        0.80208205],\n       [7.24696768, 0.07287497, 9.56092687, 3.59858267, 4.72704397,\n        0.80976104]]), array([0.12679409, 0.12679896, 0.12679965, 0.12680022, 0.12680633,\n       0.12680705, 0.12681007]))", "callback": [0.42102219639361615, 0.38063236444988524, 0.37331347466589526, 0.36839042771362673, 0.3669763205106342, 0.35447328628073294, 0.33918587004714873, 0.336654680110236, 0.3320793058664351, 0.32787110361571736, 0.32615471292474885, 0.32555689014575273, 0.32523672276329796, 0.3184925510447796, 0.19533802992240312, 0.19007434000381151, 0.1827273024791808, 0.1778318861019531, 0.15928645569324307, 0.15732993149198637, 0.15101590655148378, 0.1447826346651362, 0.14318691979142273, 0.14303575601756136, 0.14290799954061884, 0.1428662497960974, 0.14267017008500982, 0.14204661834453025, 0.14076023491673662, 0.13699341940684961, 0.1365462095441048, 0.13497850423724067, 0.13451160184313515, 0.13445367391447505, 0.13431494787457154, 0.13431494787457154, 0.1343068917380631, 0.1343043737809505, 0.13430197862023752, 0.1342941750843124, 0.13428226857248493, 0.13420234068640058, 0.1339141659252675, 0.13302388720734226, 0.13079333781822255, 0.12784493619027437, 0.12697668244825133, 0.1268408505101709, 0.12681006665991357]}, "7": {"maxiter": 500, "fatol": 1e-10, "xatol": 1e-10, "duration": 0.17377686500549316, "fun": "0.1267940854003361", "nit": "500", "nfev": "771", "status": "2", "success": "False", "message": "Maximum number of iterations has been exceeded.", "x": "[7.25272918 0.06706302 9.55658016 3.59408847 4.72465685 0.80250331]", "final_simplex": "(array([[7.25272918, 0.06706302, 9.55658016, 3.59408847, 4.72465685,\n        0.80250331],\n       [7.24767847, 0.06382341, 9.56433449, 3.59524545, 4.73055722,\n        0.80964363],\n       [7.24622718, 0.07341207, 9.55874088, 3.59530699, 4.72397117,\n        0.80501043],\n       [7.24377008, 0.06452571, 9.56158793, 3.59924262, 4.72567787,\n        0.80443639],\n       [7.25141128, 0.06646097, 9.55727199, 3.59279243, 4.73832802,\n        0.822704  ],\n       [7.24645152, 0.07191171, 9.55942089, 3.59358628, 4.72700981,\n        0.80208205],\n       [7.24696768, 0.07287497, 9.56092687, 3.59858267, 4.72704397,\n        0.80976104]]), array([0.12679409, 0.12679896, 0.12679965, 0.12680022, 0.12680633,\n       0.12680705, 0.12681007]))", "callback": [0.42102219639361615, 0.38063236444988524, 0.37331347466589526, 0.36839042771362673, 0.3669763205106342, 0.35447328628073294, 0.33918587004714873, 0.336654680110236, 0.3320793058664351, 0.32787110361571736, 0.32615471292474885, 0.32555689014575273, 0.32523672276329796, 0.3184925510447796, 0.19533802992240312, 0.19007434000381151, 0.1827273024791808, 0.1778318861019531, 0.15928645569324307, 0.15732993149198637, 0.15101590655148378, 0.1447826346651362, 0.14318691979142273, 0.14303575601756136, 0.14290799954061884, 0.1428662497960974, 0.14267017008500982, 0.14204661834453025, 0.14076023491673662, 0.13699341940684961, 0.1365462095441048, 0.13497850423724067, 0.13451160184313515, 0.13445367391447505, 0.13431494787457154, 0.13431494787457154, 0.1343068917380631, 0.1343043737809505, 0.13430197862023752, 0.1342941750843124, 0.13428226857248493, 0.13420234068640058, 0.1339141659252675, 0.13302388720734226, 0.13079333781822255, 0.12784493619027437, 0.12697668244825133, 0.1268408505101709, 0.12681006665991357]}, "8": {"maxiter": 1000, "fatol": 1e-05, "xatol": 1e-05, "duration": 0.2838301658630371, "fun": "0.12676531155768245", "nit": "653", "nfev": "1026", "status": "0", "success": "True", "message": "Optimization terminated successfully.", "x": "[7.24704756 0.06746291 9.56798373 3.59510575 4.68590471 0.77334064]", "final_simplex": "(array([[7.24704756, 0.06746291, 9.56798373, 3.59510575, 4.68590471,\n        0.77334064],\n       [7.24704833, 0.0674618 , 9.56798514, 3.59510462, 4.68591197,\n        0.77334518],\n       [7.24704959, 0.06746288, 9.56798505, 3.59510732, 4.68590226,\n        0.77333807],\n       [7.24704579, 0.06746039, 9.56798692, 3.59510725, 4.6859105 ,\n        0.77334461],\n       [7.24704588, 0.06746386, 9.56798724, 3.59510672, 4.68590389,\n        0.77333878],\n       [7.2470472 , 0.067463  , 9.56798774, 3.59510491, 4.68589889,\n        0.7733344 ],\n       [7.24704786, 0.06746215, 9.56798712, 3.5951068 , 4.68589864,\n        0.77333294]]), array([0.12676531, 0.12676531, 0.12676531, 0.12676531, 0.12676531,\n       0.12676531, 0.12676531]))", "callback": [0.42102219639361615, 0.38063236444988524, 0.37331347466589526, 0.36839042771362673, 0.3669763205106342, 0.35447328628073294, 0.33918587004714873, 0.336654680110236, 0.3320793058664351, 0.32787110361571736, 0.32615471292474885, 0.32555689014575273, 0.32523672276329796, 0.3184925510447796, 0.19533802992240312, 0.19007434000381151, 0.1827273024791808, 0.1778318861019531, 0.15928645569324307, 0.15732993149198637, 0.15101590655148378, 0.1447826346651362, 0.14318691979142273, 0.14303575601756136, 0.14290799954061884, 0.1428662497960974, 0.14267017008500982, 0.14204661834453025, 0.14076023491673662, 0.13699341940684961, 0.1365462095441048, 0.13497850423724067, 0.13451160184313515, 0.13445367391447505, 0.13431494787457154, 0.13431494787457154, 0.1343068917380631, 0.1343043737809505, 0.13430197862023752, 0.1342941750843124, 0.13428226857248493, 0.13420234068640058, 0.1339141659252675, 0.13302388720734226, 0.13079333781822255, 0.12784493619027437, 0.12697668244825133, 0.1268408505101709, 0.12681006665991357, 0.1267940854003361, 0.1267857787476726, 0.12678308286862616, 0.1267803292654862, 0.12677775458905394, 0.12677166062587408, 0.12676720641531947, 0.1267656584976824, 0.12676536200992172, 0.12676533038673055, 0.12676531494341992, 0.12676531249145884, 0.1267653116502898, 0.12676531158320004, 0.1267653115623366, 0.12676531155798587]}, "9": {"maxiter": 1000, "fatol": 1e-05, "xatol": 1e-10, "duration": 0.28374695777893066, "fun": "0.12676531155682225", "nit": "735", "nfev": "1229", "status": "0", "success": "True", "message": "Optimization terminated successfully.", "x": "[7.24704799 0.06746205 9.56798542 3.59510642 4.68590745 0.77334231]", "final_simplex": "(array([[7.24704799, 0.06746205, 9.56798542, 3.59510642, 4.68590745,\n        0.77334231],\n       [7.24704799, 0.06746205, 9.56798542, 3.59510642, 4.68590745,\n        0.77334231],\n       [7.24704799, 0.06746205, 9.56798542, 3.59510642, 4.68590745,\n        0.77334231],\n       [7.24704799, 0.06746205, 9.56798542, 3.59510642, 4.68590745,\n        0.77334231],\n       [7.24704799, 0.06746205, 9.56798542, 3.59510642, 4.68590745,\n        0.77334231],\n       [7.24704799, 0.06746205, 9.56798542, 3.59510642, 4.68590745,\n        0.77334231],\n       [7.24704799, 0.06746205, 9.56798542, 3.59510642, 4.68590745,\n        0.77334231]]), array([0.12676531, 0.12676531, 0.12676531, 0.12676531, 0.12676531,\n       0.12676531, 0.12676531]))", "callback": [0.42102219639361615, 0.38063236444988524, 0.37331347466589526, 0.36839042771362673, 0.3669763205106342, 0.35447328628073294, 0.33918587004714873, 0.336654680110236, 0.3320793058664351, 0.32787110361571736, 0.32615471292474885, 0.32555689014575273, 0.32523672276329796, 0.3184925510447796, 0.19533802992240312, 0.19007434000381151, 0.1827273024791808, 0.1778318861019531, 0.15928645569324307, 0.15732993149198637, 0.15101590655148378, 0.1447826346651362, 0.14318691979142273, 0.14303575601756136, 0.14290799954061884, 0.1428662497960974, 0.14267017008500982, 0.14204661834453025, 0.14076023491673662, 0.13699341940684961, 0.1365462095441048, 0.13497850423724067, 0.13451160184313515, 0.13445367391447505, 0.13431494787457154, 0.13431494787457154, 0.1343068917380631, 0.1343043737809505, 0.13430197862023752, 0.1342941750843124, 0.13428226857248493, 0.13420234068640058, 0.1339141659252675, 0.13302388720734226, 0.13079333781822255, 0.12784493619027437, 0.12697668244825133, 0.1268408505101709, 0.12681006665991357, 0.1267940854003361, 0.1267857787476726, 0.12678308286862616, 0.1267803292654862, 0.12677775458905394, 0.12677166062587408, 0.12676720641531947, 0.1267656584976824, 0.12676536200992172, 0.12676533038673055, 0.12676531494341992, 0.12676531249145884, 0.1267653116502898, 0.12676531158320004, 0.1267653115623366, 0.12676531155798587, 0.12676531155699633, 0.1267653115568722, 0.12676531155683224, 0.12676531155682425, 0.1267653115568229, 0.12676531155682236, 0.12676531155682225, 0.12676531155682225]}, "10": {"maxiter": 1000, "fatol": 1e-10, "xatol": 1e-05, "duration": 0.23511815071105957, "fun": "0.12676531155768245", "nit": "653", "nfev": "1026", "status": "0", "success": "True", "message": "Optimization terminated successfully.", "x": "[7.24704756 0.06746291 9.56798373 3.59510575 4.68590471 0.77334064]", "final_simplex": "(array([[7.24704756, 0.06746291, 9.56798373, 3.59510575, 4.68590471,\n        0.77334064],\n       [7.24704833, 0.0674618 , 9.56798514, 3.59510462, 4.68591197,\n        0.77334518],\n       [7.24704959, 0.06746288, 9.56798505, 3.59510732, 4.68590226,\n        0.77333807],\n       [7.24704579, 0.06746039, 9.56798692, 3.59510725, 4.6859105 ,\n        0.77334461],\n       [7.24704588, 0.06746386, 9.56798724, 3.59510672, 4.68590389,\n        0.77333878],\n       [7.2470472 , 0.067463  , 9.56798774, 3.59510491, 4.68589889,\n        0.7733344 ],\n       [7.24704786, 0.06746215, 9.56798712, 3.5951068 , 4.68589864,\n        0.77333294]]), array([0.12676531, 0.12676531, 0.12676531, 0.12676531, 0.12676531,\n       0.12676531, 0.12676531]))", "callback": [0.42102219639361615, 0.38063236444988524, 0.37331347466589526, 0.36839042771362673, 0.3669763205106342, 0.35447328628073294, 0.33918587004714873, 0.336654680110236, 0.3320793058664351, 0.32787110361571736, 0.32615471292474885, 0.32555689014575273, 0.32523672276329796, 0.3184925510447796, 0.19533802992240312, 0.19007434000381151, 0.1827273024791808, 0.1778318861019531, 0.15928645569324307, 0.15732993149198637, 0.15101590655148378, 0.1447826346651362, 0.14318691979142273, 0.14303575601756136, 0.14290799954061884, 0.1428662497960974, 0.14267017008500982, 0.14204661834453025, 0.14076023491673662, 0.13699341940684961, 0.1365462095441048, 0.13497850423724067, 0.13451160184313515, 0.13445367391447505, 0.13431494787457154, 0.13431494787457154, 0.1343068917380631, 0.1343043737809505, 0.13430197862023752, 0.1342941750843124, 0.13428226857248493, 0.13420234068640058, 0.1339141659252675, 0.13302388720734226, 0.13079333781822255, 0.12784493619027437, 0.12697668244825133, 0.1268408505101709, 0.12681006665991357, 0.1267940854003361, 0.1267857787476726, 0.12678308286862616, 0.1267803292654862, 0.12677775458905394, 0.12677166062587408, 0.12676720641531947, 0.1267656584976824, 0.12676536200992172, 0.12676533038673055, 0.12676531494341992, 0.12676531249145884, 0.1267653116502898, 0.12676531158320004, 0.1267653115623366, 0.12676531155798587]}, "11": {"maxiter": 1000, "fatol": 1e-10, "xatol": 1e-10, "duration": 0.2801198959350586, "fun": "0.12676531155682225", "nit": "735", "nfev": "1229", "status": "0", "success": "True", "message": "Optimization terminated successfully.", "x": "[7.24704799 0.06746205 9.56798542 3.59510642 4.68590745 0.77334231]", "final_simplex": "(array([[7.24704799, 0.06746205, 9.56798542, 3.59510642, 4.68590745,\n        0.77334231],\n       [7.24704799, 0.06746205, 9.56798542, 3.59510642, 4.68590745,\n        0.77334231],\n       [7.24704799, 0.06746205, 9.56798542, 3.59510642, 4.68590745,\n        0.77334231],\n       [7.24704799, 0.06746205, 9.56798542, 3.59510642, 4.68590745,\n        0.77334231],\n       [7.24704799, 0.06746205, 9.56798542, 3.59510642, 4.68590745,\n        0.77334231],\n       [7.24704799, 0.06746205, 9.56798542, 3.59510642, 4.68590745,\n        0.77334231],\n       [7.24704799, 0.06746205, 9.56798542, 3.59510642, 4.68590745,\n        0.77334231]]), array([0.12676531, 0.12676531, 0.12676531, 0.12676531, 0.12676531,\n       0.12676531, 0.12676531]))", "callback": [0.42102219639361615, 0.38063236444988524, 0.37331347466589526, 0.36839042771362673, 0.3669763205106342, 0.35447328628073294, 0.33918587004714873, 0.336654680110236, 0.3320793058664351, 0.32787110361571736, 0.32615471292474885, 0.32555689014575273, 0.32523672276329796, 0.3184925510447796, 0.19533802992240312, 0.19007434000381151, 0.1827273024791808, 0.1778318861019531, 0.15928645569324307, 0.15732993149198637, 0.15101590655148378, 0.1447826346651362, 0.14318691979142273, 0.14303575601756136, 0.14290799954061884, 0.1428662497960974, 0.14267017008500982, 0.14204661834453025, 0.14076023491673662, 0.13699341940684961, 0.1365462095441048, 0.13497850423724067, 0.13451160184313515, 0.13445367391447505, 0.13431494787457154, 0.13431494787457154, 0.1343068917380631, 0.1343043737809505, 0.13430197862023752, 0.1342941750843124, 0.13428226857248493, 0.13420234068640058, 0.1339141659252675, 0.13302388720734226, 0.13079333781822255, 0.12784493619027437, 0.12697668244825133, 0.1268408505101709, 0.12681006665991357, 0.1267940854003361, 0.1267857787476726, 0.12678308286862616, 0.1267803292654862, 0.12677775458905394, 0.12677166062587408, 0.12676720641531947, 0.1267656584976824, 0.12676536200992172, 0.12676533038673055, 0.12676531494341992, 0.12676531249145884, 0.1267653116502898, 0.12676531158320004, 0.1267653115623366, 0.12676531155798587, 0.12676531155699633, 0.1267653115568722, 0.12676531155683224, 0.12676531155682425, 0.1267653115568229, 0.12676531155682236, 0.12676531155682225, 0.12676531155682225]}}, "bfgs": {"type": "gradient", "0": {"maxiter": 100, "gtol": 1e-05, "xrtol": 1e-05, "eps": 1e-05, "duration": 0.07669806480407715, "fun": "0.12676531196989715", "jac": "[ 1.58804081e-06  5.22626387e-07 -6.93510804e-06 -5.53228574e-06\n  7.22720772e-06 -6.06291684e-06]", "hess_inv": "[[ 3.34615963e+00 -4.18452064e-01  1.49893773e+00 -3.65548401e-03\n  -2.26540103e+00 -2.19475097e+00]\n [-4.18452064e-01  4.44565863e+00 -1.40928625e+00 -6.50466805e-01\n  -4.50154695e+00 -5.31015746e+00]\n [ 1.49893773e+00 -1.40928625e+00  5.00438962e+00  1.58485969e-01\n  -4.06755283e+00 -4.04202796e+00]\n [-3.65548401e-03 -6.50466805e-01  1.58485969e-01  2.34474015e+00\n   1.25939548e+00  1.10481355e+00]\n [-2.26540103e+00 -4.50154695e+00 -4.06755283e+00  1.25939548e+00\n   3.23049199e+01  2.99154343e+01]\n [-2.19475097e+00 -5.31015746e+00 -4.04202796e+00  1.10481355e+00\n   2.99154343e+01  3.04977377e+01]]", "nfev": "322", "njev": "46", "status": "0", "success": "True", "message": "Optimization terminated successfully.", "x": "[5.31931128 3.20908843 6.42633896 3.59507764 4.68591523 0.77332243]", "nit": "39", "callback": [0.35859411164021016, 0.19369476994093604, 0.1352712066527616]}, "1": {"maxiter": 100, "gtol": 1e-05, "xrtol": 1e-05, "eps": 1e-10, "duration": 0.07668900489807129, "fun": "0.12676531213236253", "jac": "[-1.11022293e-06 -2.22044587e-06 -1.11022293e-06  2.22044587e-06\n  7.77156053e-06 -2.22044587e-06]", "hess_inv": "[[ 3.38367746 -0.63723831  1.69582454  0.16229654 -2.40486559 -2.10596722]\n [-0.63723831  4.98691904 -2.36745643 -1.12348571 -3.74493321 -4.9683356 ]\n [ 1.69582454 -2.36745643  6.66463095  1.04126141 -4.55335707 -3.85878755]\n [ 0.16229654 -1.12348571  1.04126141  2.7428931   0.57336929  0.80872133]\n [-2.40486559 -3.74493321 -4.55335707  0.57336929 30.63167978 27.81447206]\n [-2.10596722 -4.9683356  -3.85878755  0.80872133 27.81447206 28.28886123]]", "nfev": "322", "njev": "46", "status": "0", "success": "True", "message": "Optimization terminated successfully.", "x": "[5.31931451 3.2090333  6.42635749 3.59511271 4.68611158 0.77352579]", "nit": "39", "callback": [0.35860302929057597, 0.19370254023366706, 0.13526723348419145]}, "2": {"maxiter": 100, "gtol": 1e-05, "xrtol": 1e-10, "eps": 1e-05, "duration": 0.07520103454589844, "fun": "0.12676531196989715", "jac": "[ 1.58804081e-06  5.22626387e-07 -6.93510804e-06 -5.53228574e-06\n  7.22720772e-06 -6.06291684e-06]", "hess_inv": "[[ 3.34615963e+00 -4.18452064e-01  1.49893773e+00 -3.65548401e-03\n  -2.26540103e+00 -2.19475097e+00]\n [-4.18452064e-01  4.44565863e+00 -1.40928625e+00 -6.50466805e-01\n  -4.50154695e+00 -5.31015746e+00]\n [ 1.49893773e+00 -1.40928625e+00  5.00438962e+00  1.58485969e-01\n  -4.06755283e+00 -4.04202796e+00]\n [-3.65548401e-03 -6.50466805e-01  1.58485969e-01  2.34474015e+00\n   1.25939548e+00  1.10481355e+00]\n [-2.26540103e+00 -4.50154695e+00 -4.06755283e+00  1.25939548e+00\n   3.23049199e+01  2.99154343e+01]\n [-2.19475097e+00 -5.31015746e+00 -4.04202796e+00  1.10481355e+00\n   2.99154343e+01  3.04977377e+01]]", "nfev": "322", "njev": "46", "status": "0", "success": "True", "message": "Optimization terminated successfully.", "x": "[5.31931128 3.20908843 6.42633896 3.59507764 4.68591523 0.77332243]", "nit": "39", "callback": [0.35859411164021016, 0.19369476994093604, 0.1352712066527616]}, "3": {"maxiter": 100, "gtol": 1e-05, "xrtol": 1e-10, "eps": 1e-10, "duration": 0.07855105400085449, "fun": "0.12676531213236253", "jac": "[-1.11022293e-06 -2.22044587e-06 -1.11022293e-06  2.22044587e-06\n  7.77156053e-06 -2.22044587e-06]", "hess_inv": "[[ 3.38367746 -0.63723831  1.69582454  0.16229654 -2.40486559 -2.10596722]\n [-0.63723831  4.98691904 -2.36745643 -1.12348571 -3.74493321 -4.9683356 ]\n [ 1.69582454 -2.36745643  6.66463095  1.04126141 -4.55335707 -3.85878755]\n [ 0.16229654 -1.12348571  1.04126141  2.7428931   0.57336929  0.80872133]\n [-2.40486559 -3.74493321 -4.55335707  0.57336929 30.63167978 27.81447206]\n [-2.10596722 -4.9683356  -3.85878755  0.80872133 27.81447206 28.28886123]]", "nfev": "322", "njev": "46", "status": "0", "success": "True", "message": "Optimization terminated successfully.", "x": "[5.31931451 3.2090333  6.42635749 3.59511271 4.68611158 0.77352579]", "nit": "39", "callback": [0.35860302929057597, 0.19370254023366706, 0.13526723348419145]}, "4": {"maxiter": 100, "gtol": 1e-10, "xrtol": 1e-05, "eps": 1e-05, "duration": 0.14202189445495605, "fun": "0.12676531168838368", "jac": "[ 1.31438194e-06 -7.43582973e-07 -6.60749233e-07 -6.53921361e-08\n  6.27686791e-07 -4.39626113e-07]", "hess_inv": "[[ 3.33886679 -0.44953314  1.74431706  0.06527268 -2.79196044 -2.59647586]\n [-0.44953314  4.57781161 -2.06629829 -0.8332978  -3.13646919 -4.29562225]\n [ 1.74431706 -2.06629829  7.23317924  0.95219376 -7.63655585 -6.67363245]\n [ 0.06527268 -0.8332978   0.95219376  2.54715339 -0.45338666 -0.14544203]\n [-2.79196044 -3.13646919 -7.63655585 -0.45338666 35.55333617 32.36294458]\n [-2.59647586 -4.29562225 -6.67363245 -0.14544203 32.36294458 32.33004323]]", "nfev": "613", "njev": "86", "status": "2", "success": "False", "message": "Desired error not necessarily achieved due to precision loss.", "x": "[5.31932606 3.20906178 6.42640456 3.59510075 4.68581692 0.77325413]", "nit": "40", "callback": [0.35859411164021016, 0.19369476994093604, 0.1352712066527616, 0.12676531168838368]}, "5": {"maxiter": 100, "gtol": 1e-10, "xrtol": 1e-05, "eps": 1e-10, "duration": 0.07999014854431152, "fun": "0.12676531163870886", "jac": "[ 3.33066880e-06  4.44089173e-06  1.11022293e-06  4.44089173e-06\n -4.44089173e-06  3.33066880e-06]", "hess_inv": "[[  2.76764198  -0.76792015   1.16119948   0.13354604  -0.91718895\n   -1.0665546 ]\n [ -0.76792015   4.90101889  -1.70040178  -0.86177567  -5.50740624\n   -6.46424311]\n [  1.16119948  -1.70040178   7.59748202   0.96760943 -11.00063429\n   -9.98634428]\n [  0.13354604  -0.86177567   0.96760943   2.56715334  -0.42784275\n   -0.21761895]\n [ -0.91718895  -5.50740624 -11.00063429  -0.42784275  59.70578667\n   54.20074716]\n [ -1.0665546   -6.46424311  -9.98634428  -0.21761895  54.20074716\n   52.01834963]]", "nfev": "343", "njev": "49", "status": "0", "success": "True", "message": "Optimization terminated successfully.", "x": "[5.31933093 3.20905701 6.42641589 3.59511459 4.68584752 0.77329576]", "nit": "41", "callback": [0.35860302929057597, 0.19370254023366706, 0.13526723348419145, 0.12676531164323424]}, "6": {"maxiter": 100, "gtol": 1e-10, "xrtol": 1e-10, "eps": 1e-05, "duration": 0.14162898063659668, "fun": "0.12676531168838368", "jac": "[ 1.31438194e-06 -7.43582973e-07 -6.60749233e-07 -6.53921361e-08\n  6.27686791e-07 -4.39626113e-07]", "hess_inv": "[[ 3.33886679 -0.44953314  1.74431706  0.06527268 -2.79196044 -2.59647586]\n [-0.44953314  4.57781161 -2.06629829 -0.8332978  -3.13646919 -4.29562225]\n [ 1.74431706 -2.06629829  7.23317924  0.95219376 -7.63655585 -6.67363245]\n [ 0.06527268 -0.8332978   0.95219376  2.54715339 -0.45338666 -0.14544203]\n [-2.79196044 -3.13646919 -7.63655585 -0.45338666 35.55333617 32.36294458]\n [-2.59647586 -4.29562225 -6.67363245 -0.14544203 32.36294458 32.33004323]]", "nfev": "613", "njev": "86", "status": "2", "success": "False", "message": "Desired error not necessarily achieved due to precision loss.", "x": "[5.31932606 3.20906178 6.42640456 3.59510075 4.68581692 0.77325413]", "nit": "40", "callback": [0.35859411164021016, 0.19369476994093604, 0.1352712066527616, 0.12676531168838368]}, "7": {"maxiter": 100, "gtol": 1e-10, "xrtol": 1e-10, "eps": 1e-10, "duration": 0.18901491165161133, "fun": "0.12676531160113147", "jac": "[ 0.00000000e+00  0.00000000e+00  0.00000000e+00  0.00000000e+00\n -2.22044587e-06 -1.11022293e-06]", "hess_inv": "[[ 0.01592687 -0.01033833 -0.11504999  0.00944004  0.04913248 -0.0886937 ]\n [-0.01033833  0.00729142  0.07620462 -0.00575604 -0.03191841  0.05786041]\n [-0.11504999  0.07620462  0.85996938 -0.07022471 -0.36148728  0.65310562]\n [ 0.00944004 -0.00575604 -0.07022471  0.00688642  0.0299414  -0.05409443]\n [ 0.04913248 -0.03191841 -0.36148728  0.0299414   0.15968708 -0.28306151]\n [-0.0886937   0.05786041  0.65310562 -0.05409443 -0.28306151  0.50650599]]", "nfev": "798", "njev": "114", "status": "0", "success": "True", "message": "Optimization terminated successfully.", "x": "[5.31933086 3.20905755 6.42640977 3.59510894 4.6858541  0.77329175]", "nit": "65", "callback": [0.35860302929057597, 0.19370254023366706, 0.13526723348419145, 0.12676531164323424, 0.12676531160417548, 0.12676531160309168]}, "8": {"maxiter": 500, "gtol": 1e-05, "xrtol": 1e-05, "eps": 1e-05, "duration": 0.07640695571899414, "fun": "0.12676531196989715", "jac": "[ 1.58804081e-06  5.22626387e-07 -6.93510804e-06 -5.53228574e-06\n  7.22720772e-06 -6.06291684e-06]", "hess_inv": "[[ 3.34615963e+00 -4.18452064e-01  1.49893773e+00 -3.65548401e-03\n  -2.26540103e+00 -2.19475097e+00]\n [-4.18452064e-01  4.44565863e+00 -1.40928625e+00 -6.50466805e-01\n  -4.50154695e+00 -5.31015746e+00]\n [ 1.49893773e+00 -1.40928625e+00  5.00438962e+00  1.58485969e-01\n  -4.06755283e+00 -4.04202796e+00]\n [-3.65548401e-03 -6.50466805e-01  1.58485969e-01  2.34474015e+00\n   1.25939548e+00  1.10481355e+00]\n [-2.26540103e+00 -4.50154695e+00 -4.06755283e+00  1.25939548e+00\n   3.23049199e+01  2.99154343e+01]\n [-2.19475097e+00 -5.31015746e+00 -4.04202796e+00  1.10481355e+00\n   2.99154343e+01  3.04977377e+01]]", "nfev": "322", "njev": "46", "status": "0", "success": "True", "message": "Optimization terminated successfully.", "x": "[5.31931128 3.20908843 6.42633896 3.59507764 4.68591523 0.77332243]", "nit": "39", "callback": [0.35859411164021016, 0.19369476994093604, 0.1352712066527616]}, "9": {"maxiter": 500, "gtol": 1e-05, "xrtol": 1e-05, "eps": 1e-10, "duration": 0.07925891876220703, "fun": "0.12676531213236253", "jac": "[-1.11022293e-06 -2.22044587e-06 -1.11022293e-06  2.22044587e-06\n  7.77156053e-06 -2.22044587e-06]", "hess_inv": "[[ 3.38367746 -0.63723831  1.69582454  0.16229654 -2.40486559 -2.10596722]\n [-0.63723831  4.98691904 -2.36745643 -1.12348571 -3.74493321 -4.9683356 ]\n [ 1.69582454 -2.36745643  6.66463095  1.04126141 -4.55335707 -3.85878755]\n [ 0.16229654 -1.12348571  1.04126141  2.7428931   0.57336929  0.80872133]\n [-2.40486559 -3.74493321 -4.55335707  0.57336929 30.63167978 27.81447206]\n [-2.10596722 -4.9683356  -3.85878755  0.80872133 27.81447206 28.28886123]]", "nfev": "322", "njev": "46", "status": "0", "success": "True", "message": "Optimization terminated successfully.", "x": "[5.31931451 3.2090333  6.42635749 3.59511271 4.68611158 0.77352579]", "nit": "39", "callback": [0.35860302929057597, 0.19370254023366706, 0.13526723348419145]}, "10": {"maxiter": 500, "gtol": 1e-05, "xrtol": 1e-10, "eps": 1e-05, "duration": 0.07688188552856445, "fun": "0.12676531196989715", "jac": "[ 1.58804081e-06  5.22626387e-07 -6.93510804e-06 -5.53228574e-06\n  7.22720772e-06 -6.06291684e-06]", "hess_inv": "[[ 3.34615963e+00 -4.18452064e-01  1.49893773e+00 -3.65548401e-03\n  -2.26540103e+00 -2.19475097e+00]\n [-4.18452064e-01  4.44565863e+00 -1.40928625e+00 -6.50466805e-01\n  -4.50154695e+00 -5.31015746e+00]\n [ 1.49893773e+00 -1.40928625e+00  5.00438962e+00  1.58485969e-01\n  -4.06755283e+00 -4.04202796e+00]\n [-3.65548401e-03 -6.50466805e-01  1.58485969e-01  2.34474015e+00\n   1.25939548e+00  1.10481355e+00]\n [-2.26540103e+00 -4.50154695e+00 -4.06755283e+00  1.25939548e+00\n   3.23049199e+01  2.99154343e+01]\n [-2.19475097e+00 -5.31015746e+00 -4.04202796e+00  1.10481355e+00\n   2.99154343e+01  3.04977377e+01]]", "nfev": "322", "njev": "46", "status": "0", "success": "True", "message": "Optimization terminated successfully.", "x": "[5.31931128 3.20908843 6.42633896 3.59507764 4.68591523 0.77332243]", "nit": "39", "callback": [0.35859411164021016, 0.19369476994093604, 0.1352712066527616]}, "11": {"maxiter": 500, "gtol": 1e-05, "xrtol": 1e-10, "eps": 1e-10, "duration": 0.07640385627746582, "fun": "0.12676531213236253", "jac": "[-1.11022293e-06 -2.22044587e-06 -1.11022293e-06  2.22044587e-06\n  7.77156053e-06 -2.22044587e-06]", "hess_inv": "[[ 3.38367746 -0.63723831  1.69582454  0.16229654 -2.40486559 -2.10596722]\n [-0.63723831  4.98691904 -2.36745643 -1.12348571 -3.74493321 -4.9683356 ]\n [ 1.69582454 -2.36745643  6.66463095  1.04126141 -4.55335707 -3.85878755]\n [ 0.16229654 -1.12348571  1.04126141  2.7428931   0.57336929  0.80872133]\n [-2.40486559 -3.74493321 -4.55335707  0.57336929 30.63167978 27.81447206]\n [-2.10596722 -4.9683356  -3.85878755  0.80872133 27.81447206 28.28886123]]", "nfev": "322", "njev": "46", "status": "0", "success": "True", "message": "Optimization terminated successfully.", "x": "[5.31931451 3.2090333  6.42635749 3.59511271 4.68611158 0.77352579]", "nit": "39", "callback": [0.35860302929057597, 0.19370254023366706, 0.13526723348419145]}, "12": {"maxiter": 500, "gtol": 1e-10, "xrtol": 1e-05, "eps": 1e-05, "duration": 0.1414799690246582, "fun": "0.12676531168838368", "jac": "[ 1.31438194e-06 -7.43582973e-07 -6.60749233e-07 -6.53921361e-08\n  6.27686791e-07 -4.39626113e-07]", "hess_inv": "[[ 3.33886679 -0.44953314  1.74431706  0.06527268 -2.79196044 -2.59647586]\n [-0.44953314  4.57781161 -2.06629829 -0.8332978  -3.13646919 -4.29562225]\n [ 1.74431706 -2.06629829  7.23317924  0.95219376 -7.63655585 -6.67363245]\n [ 0.06527268 -0.8332978   0.95219376  2.54715339 -0.45338666 -0.14544203]\n [-2.79196044 -3.13646919 -7.63655585 -0.45338666 35.55333617 32.36294458]\n [-2.59647586 -4.29562225 -6.67363245 -0.14544203 32.36294458 32.33004323]]", "nfev": "613", "njev": "86", "status": "2", "success": "False", "message": "Desired error not necessarily achieved due to precision loss.", "x": "[5.31932606 3.20906178 6.42640456 3.59510075 4.68581692 0.77325413]", "nit": "40", "callback": [0.35859411164021016, 0.19369476994093604, 0.1352712066527616, 0.12676531168838368]}, "13": {"maxiter": 500, "gtol": 1e-10, "xrtol": 1e-05, "eps": 1e-10, "duration": 0.07947802543640137, "fun": "0.12676531163870886", "jac": "[ 3.33066880e-06  4.44089173e-06  1.11022293e-06  4.44089173e-06\n -4.44089173e-06  3.33066880e-06]", "hess_inv": "[[  2.76764198  -0.76792015   1.16119948   0.13354604  -0.91718895\n   -1.0665546 ]\n [ -0.76792015   4.90101889  -1.70040178  -0.86177567  -5.50740624\n   -6.46424311]\n [  1.16119948  -1.70040178   7.59748202   0.96760943 -11.00063429\n   -9.98634428]\n [  0.13354604  -0.86177567   0.96760943   2.56715334  -0.42784275\n   -0.21761895]\n [ -0.91718895  -5.50740624 -11.00063429  -0.42784275  59.70578667\n   54.20074716]\n [ -1.0665546   -6.46424311  -9.9863