{"date": "2024/09/23/, 13:55:46", "conf_id": 3, "data_type": "random\n", "num_data_points": 1, "s_rank": 0, "unitary": "[[-0.53618537-0.34368723j,-0.12107031-0.46226139j,-0.07699282-0.46603512j,0.36022595-0.11472301j],[0.26026499-0.63450712j,-0.56616638+0.37832564j,-0.14988651+0.08458591j,0.10363514-0.16008501j],[-0.32580188-0.11070003j,-0.36476308-0.23593218j,0.02559343+0.41761608j,-0.25598305+0.6725303j],[0.07406738-0.0126433j,0.28513701+0.19483972j,-0.74939717-0.10299659j,0.29798249+0.46269921j]]", "databatch_0": {"databatch": "[[[0.06318202-0.11875141j,-0.09598484+0.10659092j,0.20844971+0.08357694j,-0.23608642+0.01980526j],[-0.03545851-0.14932089j,-0.00179743+0.16364685j,0.24149981-0.08564091j,-0.18719829+0.19499707j],[-0.01601117-0.27916861j,-0.05538858+0.29299214j,0.46052399-0.07665005j,-0.39797126+0.29013259j],[-0.01037376-0.06809724j,-0.00681803+0.07313637j,0.11117486-0.02943376j,-0.09090355+0.08034647j]]]", "initial param values": "[3.90403225,4.27338792,1.40461767,4.20559719,5.69969429,4.01869411]", "nelder_mead": {"type": "gradient-free", "0": {"maxiter": 100, "fatol": 1e-05, "xatol": 1e-05, "duration": 0.04875612258911133, "fun": "0.0030208946554304283", "nit": "100", "nfev": "154", "status": "2", "success": "False", "message": "Maximum number of iterations has been exceeded.", "x": "[3.77749379 2.48840097 0.66521243 5.73090993 7.01069039 4.98042568]", "final_simplex": "(array([[3.77749379, 2.48840097, 0.66521243, 5.73090993, 7.01069039,\n        4.98042568],\n       [3.74444227, 2.51025589, 0.73697042, 5.7269577 , 7.0811094 ,\n        4.92832794],\n       [3.75410931, 2.55480137, 0.7288928 , 5.68542753, 7.06152087,\n        4.92858503],\n       [3.72024931, 2.53015352, 0.75057194, 5.67766479, 7.08455002,\n        4.96562512],\n       [3.74839127, 2.53783924, 0.69642549, 5.74251615, 7.02655672,\n        4.89693555],\n       [3.73826578, 2.55434912, 0.70768685, 5.74886475, 7.09362519,\n        4.8687013 ],\n       [3.74763914, 2.53900676, 0.67509732, 5.7139048 , 6.96566033,\n        4.96720686]]), array([0.00302089, 0.00312512, 0.00354288, 0.00358782, 0.00359125,\n       0.00373053, 0.00374576]))", "callback": [0.2322915213270914, 0.17129164519206597, 0.050618272454577506, 0.025478264161411968, 0.02287479053762631, 0.016530292262044277, 0.011586054111410893, 0.004948254747928482, 0.0037941172136942702]}, "1": {"maxiter": 100, "fatol": 1e-05, "xatol": 1e-10, "duration": 0.04178905487060547, "fun": "0.0030208946554304283", "nit": "100", "nfev": "154", "status": "2", "success": "False", "message": "Maximum number of iterations has been exceeded.", "x": "[3.77749379 2.48840097 0.66521243 5.73090993 7.01069039 4.98042568]", "final_simplex": "(array([[3.77749379, 2.48840097, 0.66521243, 5.73090993, 7.01069039,\n        4.98042568],\n       [3.74444227, 2.51025589, 0.73697042, 5.7269577 , 7.0811094 ,\n        4.92832794],\n       [3.75410931, 2.55480137, 0.7288928 , 5.68542753, 7.06152087,\n        4.92858503],\n       [3.72024931, 2.53015352, 0.75057194, 5.67766479, 7.08455002,\n        4.96562512],\n       [3.74839127, 2.53783924, 0.69642549, 5.74251615, 7.02655672,\n        4.89693555],\n       [3.73826578, 2.55434912, 0.70768685, 5.74886475, 7.09362519,\n        4.8687013 ],\n       [3.74763914, 2.53900676, 0.67509732, 5.7139048 , 6.96566033,\n        4.96720686]]), array([0.00302089, 0.00312512, 0.00354288, 0.00358782, 0.00359125,\n       0.00373053, 0.00374576]))", "callback": [0.2322915213270914, 0.17129164519206597, 0.050618272454577506, 0.025478264161411968, 0.02287479053762631, 0.016530292262044277, 0.011586054111410893, 0.004948254747928482, 0.0037941172136942702]}, "2": {"maxiter": 100, "fatol": 1e-10, "xatol": 1e-05, "duration": 0.0450899600982666, "fun": "0.0030208946554304283", "nit": "100", "nfev": "154", "status": "2", "success": "False", "message": "Maximum number of iterations has been exceeded.", "x": "[3.77749379 2.48840097 0.66521243 5.73090993 7.01069039 4.98042568]", "final_simplex": "(array([[3.77749379, 2.48840097, 0.66521243, 5.73090993, 7.01069039,\n        4.98042568],\n       [3.74444227, 2.51025589, 0.73697042, 5.7269577 , 7.0811094 ,\n        4.92832794],\n       [3.75410931, 2.55480137, 0.7288928 , 5.68542753, 7.06152087,\n        4.92858503],\n       [3.72024931, 2.53015352, 0.75057194, 5.67766479, 7.08455002,\n        4.96562512],\n       [3.74839127, 2.53783924, 0.69642549, 5.74251615, 7.02655672,\n        4.89693555],\n       [3.73826578, 2.55434912, 0.70768685, 5.74886475, 7.09362519,\n        4.8687013 ],\n       [3.74763914, 2.53900676, 0.67509732, 5.7139048 , 6.96566033,\n        4.96720686]]), array([0.00302089, 0.00312512, 0.00354288, 0.00358782, 0.00359125,\n       0.00373053, 0.00374576]))", "callback": [0.2322915213270914, 0.17129164519206597, 0.050618272454577506, 0.025478264161411968, 0.02287479053762631, 0.016530292262044277, 0.011586054111410893, 0.004948254747928482, 0.0037941172136942702]}, "3": {"maxiter": 100, "fatol": 1e-10, "xatol": 1e-10, "duration": 0.04299497604370117, "fun": "0.0030208946554304283", "nit": "100", "nfev": "154", "status": "2", "success": "False", "message": "Maximum number of iterations has been exceeded.", "x": "[3.77749379 2.48840097 0.66521243 5.73090993 7.01069039 4.98042568]", "final_simplex": "(array([[3.77749379, 2.48840097, 0.66521243, 5.73090993, 7.01069039,\n        4.98042568],\n       [3.74444227, 2.51025589, 0.73697042, 5.7269577 , 7.0811094 ,\n        4.92832794],\n       [3.75410931, 2.55480137, 0.7288928 , 5.68542753, 7.06152087,\n        4.92858503],\n       [3.72024931, 2.53015352, 0.75057194, 5.67766479, 7.08455002,\n        4.96562512],\n       [3.74839127, 2.53783924, 0.69642549, 5.74251615, 7.02655672,\n        4.89693555],\n       [3.73826578, 2.55434912, 0.70768685, 5.74886475, 7.09362519,\n        4.8687013 ],\n       [3.74763914, 2.53900676, 0.67509732, 5.7139048 , 6.96566033,\n        4.96720686]]), array([0.00302089, 0.00312512, 0.00354288, 0.00358782, 0.00359125,\n       0.00373053, 0.00374576]))", "callback": [0.2322915213270914, 0.17129164519206597, 0.050618272454577506, 0.025478264161411968, 0.02287479053762631, 0.016530292262044277, 0.011586054111410893, 0.004948254747928482, 0.0037941172136942702]}, "4": {"maxiter": 500, "fatol": 1e-05, "xatol": 1e-05, "duration": 0.1077880859375, "fun": "0.0025549996157050447", "nit": "244", "nfev": "398", "status": "0", "success": "True", "message": "Optimization terminated successfully.", "x": "[3.77780515 2.44120086 0.68856618 5.70150036 6.97510744 5.06697838]", "final_simplex": "(array([[3.77780515, 2.44120086, 0.68856618, 5.70150036, 6.97510744,\n        5.06697838],\n       [3.77780633, 2.4412005 , 0.68856661, 5.70149582, 6.97510371,\n        5.06698601],\n       [3.77780507, 2.44120233, 0.68856769, 5.7014987 , 6.97510889,\n        5.06698027],\n       [3.77780476, 2.4412012 , 0.68856524, 5.70150006, 6.97510834,\n        5.06697942],\n       [3.77780352, 2.44120383, 0.6885669 , 5.70149965, 6.97510759,\n        5.06697639],\n       [3.77780572, 2.44120354, 0.68856584, 5.70150043, 6.97510841,\n        5.06697633],\n       [3.7778039 , 2.44120247, 0.68856696, 5.70149905, 6.97510903,\n        5.06697599]]), array([0.002555, 0.002555, 0.002555, 0.002555, 0.002555, 0.002555,\n       0.002555]))", "callback": [0.2322915213270914, 0.17129164519206597, 0.050618272454577506, 0.025478264161411968, 0.02287479053762631, 0.016530292262044277, 0.011586054111410893, 0.004948254747928482, 0.0037941172136942702, 0.0030208946554304283, 0.0026871413825488855, 0.002575024288092642, 0.00255834558952861, 0.002555567947137294, 0.0025551269651262754, 0.002555025423406798, 0.002555008393842595, 0.0025550016795952146, 0.0025549999015408442, 0.002554999768935029, 0.0025549996612165282, 0.00255499964294148, 0.00255499962125727, 0.0025549996165594724]}, "5": {"maxiter": 500, "fatol": 1e-05, "xatol": 1e-10, "duration": 0.18233180046081543, "fun": "0.002554999614386988", "nit": "337", "nfev": "615", "status": "0", "success": "True", "message": "Optimization terminated successfully.", "x": "[3.77780609 2.44119935 0.6885653  5.7014991  6.97510293 5.06698438]", "final_simplex": "(array([[3.77780609, 2.44119935, 0.6885653 , 5.7014991 , 6.97510293,\n        5.06698438],\n       [3.77780609, 2.44119935, 0.6885653 , 5.7014991 , 6.97510293,\n        5.06698438],\n       [3.77780609, 2.44119935, 0.6885653 , 5.7014991 , 6.97510293,\n        5.06698438],\n       [3.77780609, 2.44119935, 0.6885653 , 5.7014991 , 6.97510293,\n        5.06698438],\n       [3.77780609, 2.44119935, 0.6885653 , 5.7014991 , 6.97510293,\n        5.06698438],\n       [3.77780609, 2.44119935, 0.6885653 , 5.7014991 , 6.97510293,\n        5.06698438],\n       [3.77780609, 2.44119935, 0.6885653 , 5.7014991 , 6.97510293,\n        5.06698438]]), array([0.002555, 0.002555, 0.002555, 0.002555, 0.002555, 0.002555,\n       0.002555]))", "callback": [0.2322915213270914, 0.17129164519206597, 0.050618272454577506, 0.025478264161411968, 0.02287479053762631, 0.016530292262044277, 0.011586054111410893, 0.004948254747928482, 0.0037941172136942702, 0.0030208946554304283, 0.0026871413825488855, 0.002575024288092642, 0.00255834558952861, 0.002555567947137294, 0.0025551269651262754, 0.002555025423406798, 0.002555008393842595, 0.0025550016795952146, 0.0025549999015408442, 0.002554999768935029, 0.0025549996612165282, 0.00255499964294148, 0.00255499962125727, 0.0025549996165594724, 0.0025549996148190868, 0.0025549996144969, 0.0025549996144336173, 0.002554999614397646, 0.0025549996143883202, 0.002554999614387432, 0.00255499961438721, 0.00255499961438721, 0.002554999614386988]}, "6": {"maxiter": 500, "fatol": 1e-10, "xatol": 1e-05, "duration": 0.10499882698059082, "fun": "0.0025549996157050447", "nit": "244", "nfev": "398", "status": "0", "success": "True", "message": "Optimization terminated successfully.", "x": "[3.77780515 2.44120086 0.68856618 5.70150036 6.97510744 5.06697838]", "final_simplex": "(array([[3.77780515, 2.44120086, 0.68856618, 5.70150036, 6.97510744,\n        5.06697838],\n       [3.77780633, 2.4412005 , 0.68856661, 5.70149582, 6.97510371,\n        5.06698601],\n       [3.77780507, 2.44120233, 0.68856769, 5.7014987 , 6.97510889,\n        5.06698027],\n       [3.77780476, 2.4412012 , 0.68856524, 5.70150006, 6.97510834,\n        5.06697942],\n       [3.77780352, 2.44120383, 0.6885669 , 5.70149965, 6.97510759,\n        5.06697639],\n       [3.77780572, 2.44120354, 0.68856584, 5.70150043, 6.97510841,\n        5.06697633],\n       [3.7778039 , 2.44120247, 0.68856696, 5.70149905, 6.97510903,\n        5.06697599]]), array([0.002555, 0.002555, 0.002555, 0.002555, 0.002555, 0.002555,\n       0.002555]))", "callback": [0.2322915213270914, 0.17129164519206597, 0.050618272454577506, 0.025478264161411968, 0.02287479053762631, 0.016530292262044277, 0.011586054111410893, 0.004948254747928482, 0.0037941172136942702, 0.0030208946554304283, 0.0026871413825488855, 0.002575024288092642, 0.00255834558952861, 0.002555567947137294, 0.0025551269651262754, 0.002555025423406798, 0.002555008393842595, 0.0025550016795952146, 0.0025549999015408442, 0.002554999768935029, 0.0025549996612165282, 0.00255499964294148, 0.00255499962125727, 0.0025549996165594724]}, "7": {"maxiter": 500, "fatol": 1e-10, "xatol": 1e-10, "duration": 0.1511399745941162, "fun": "0.002554999614386988", "nit": "337", "nfev": "615", "status": "0", "success": "True", "message": "Optimization terminated successfully.", "x": "[3.77780609 2.44119935 0.6885653  5.7014991  6.97510293 5.06698438]", "final_simplex": "(array([[3.77780609, 2.44119935, 0.6885653 , 5.7014991 , 6.97510293,\n        5.06698438],\n       [3.77780609, 2.44119935, 0.6885653 , 5.7014991 , 6.97510293,\n        5.06698438],\n       [3.77780609, 2.44119935, 0.6885653 , 5.7014991 , 6.97510293,\n        5.06698438],\n       [3.77780609, 2.44119935, 0.6885653 , 5.7014991 , 6.97510293,\n        5.06698438],\n       [3.77780609, 2.44119935, 0.6885653 , 5.7014991 , 6.97510293,\n        5.06698438],\n       [3.77780609, 2.44119935, 0.6885653 , 5.7014991 , 6.97510293,\n        5.06698438],\n       [3.77780609, 2.44119935, 0.6885653 , 5.7014991 , 6.97510293,\n        5.06698438]]), array([0.002555, 0.002555, 0.002555, 0.002555, 0.002555, 0.002555,\n       0.002555]))", "callback": [0.2322915213270914, 0.17129164519206597, 0.050618272454577506, 0.025478264161411968, 0.02287479053762631, 0.016530292262044277, 0.011586054111410893, 0.004948254747928482, 0.0037941172136942702, 0.0030208946554304283, 0.0026871413825488855, 0.002575024288092642, 0.00255834558952861, 0.002555567947137294, 0.0025551269651262754, 0.002555025423406798, 0.002555008393842595, 0.0025550016795952146, 0.0025549999015408442, 0.002554999768935029, 0.0025549996612165282, 0.00255499964294148, 0.00255499962125727, 0.0025549996165594724, 0.0025549996148190868, 0.0025549996144969, 0.0025549996144336173, 0.002554999614397646, 0.0025549996143883202, 0.002554999614387432, 0.00255499961438721, 0.00255499961438721, 0.002554999614386988]}, "8": {"maxiter": 1000, "fatol": 1e-05, "xatol": 1e-05, "duration": 0.09670400619506836, "fun": "0.0025549996157050447", "nit": "244", "nfev": "398", "status": "0", "success": "True", "message": "Optimization terminated successfully.", "x": "[3.77780515 2.44120086 0.68856618 5.70150036 6.97510744 5.06697838]", "final_simplex": "(array([[3.77780515, 2.44120086, 0.68856618, 5.70150036, 6.97510744,\n        5.06697838],\n       [3.77780633, 2.4412005 , 0.68856661, 5.70149582, 6.97510371,\n        5.06698601],\n       [3.77780507, 2.44120233, 0.68856769, 5.7014987 , 6.97510889,\n        5.06698027],\n       [3.77780476, 2.4412012 , 0.68856524, 5.70150006, 6.97510834,\n        5.06697942],\n       [3.77780352, 2.44120383, 0.6885669 , 5.70149965, 6.97510759,\n        5.06697639],\n       [3.77780572, 2.44120354, 0.68856584, 5.70150043, 6.97510841,\n        5.06697633],\n       [3.7778039 , 2.44120247, 0.68856696, 5.70149905, 6.97510903,\n        5.06697599]]), array([0.002555, 0.002555, 0.002555, 0.002555, 0.002555, 0.002555,\n       0.002555]))", "callback": [0.2322915213270914, 0.17129164519206597, 0.050618272454577506, 0.025478264161411968, 0.02287479053762631, 0.016530292262044277, 0.011586054111410893, 0.004948254747928482, 0.0037941172136942702, 0.0030208946554304283, 0.0026871413825488855, 0.002575024288092642, 0.00255834558952861, 0.002555567947137294, 0.0025551269651262754, 0.002555025423406798, 0.002555008393842595, 0.0025550016795952146, 0.0025549999015408442, 0.002554999768935029, 0.0025549996612165282, 0.00255499964294148, 0.00255499962125727, 0.0025549996165594724]}, "9": {"maxiter": 1000, "fatol": 1e-05, "xatol": 1e-10, "duration": 0.15205812454223633, "fun": "0.002554999614386988", "nit": "337", "nfev": "615", "status": "0", "success": "True", "message": "Optimization terminated successfully.", "x": "[3.77780609 2.44119935 0.6885653  5.7014991  6.97510293 5.06698438]", "final_simplex": "(array([[3.77780609, 2.44119935, 0.6885653 , 5.7014991 , 6.97510293,\n        5.06698438],\n       [3.77780609, 2.44119935, 0.6885653 , 5.7014991 , 6.97510293,\n        5.06698438],\n       [3.77780609, 2.44119935, 0.6885653 , 5.7014991 , 6.97510293,\n        5.06698438],\n       [3.77780609, 2.44119935, 0.6885653 , 5.7014991 , 6.97510293,\n        5.06698438],\n       [3.77780609, 2.44119935, 0.6885653 , 5.7014991 , 6.97510293,\n        5.06698438],\n       [3.77780609, 2.44119935, 0.6885653 , 5.7014991 , 6.97510293,\n        5.06698438],\n       [3.77780609, 2.44119935, 0.6885653 , 5.7014991 , 6.97510293,\n        5.06698438]]), array([0.002555, 0.002555, 0.002555, 0.002555, 0.002555, 0.002555,\n       0.002555]))", "callback": [0.2322915213270914, 0.17129164519206597, 0.050618272454577506, 0.025478264161411968, 0.02287479053762631, 0.016530292262044277, 0.011586054111410893, 0.004948254747928482, 0.0037941172136942702, 0.0030208946554304283, 0.0026871413825488855, 0.002575024288092642, 0.00255834558952861, 0.002555567947137294, 0.0025551269651262754, 0.002555025423406798, 0.002555008393842595, 0.0025550016795952146, 0.0025549999015408442, 0.002554999768935029, 0.0025549996612165282, 0.00255499964294148, 0.00255499962125727, 0.0025549996165594724, 0.0025549996148190868, 0.0025549996144969, 0.0025549996144336173, 0.002554999614397646, 0.0025549996143883202, 0.002554999614387432, 0.00255499961438721, 0.00255499961438721, 0.002554999614386988]}, "10": {"maxiter": 1000, "fatol": 1e-10, "xatol": 1e-05, "duration": 0.09911727905273438, "fun": "0.0025549996157050447", "nit": "244", "nfev": "398", "status": "0", "success": "True", "message": "Optimization terminated successfully.", "x": "[3.77780515 2.44120086 0.68856618 5.70150036 6.97510744 5.06697838]", "final_simplex": "(array([[3.77780515, 2.44120086, 0.68856618, 5.70150036, 6.97510744,\n        5.06697838],\n       [3.77780633, 2.4412005 , 0.68856661, 5.70149582, 6.97510371,\n        5.06698601],\n       [3.77780507, 2.44120233, 0.68856769, 5.7014987 , 6.97510889,\n        5.06698027],\n       [3.77780476, 2.4412012 , 0.68856524, 5.70150006, 6.97510834,\n        5.06697942],\n       [3.77780352, 2.44120383, 0.6885669 , 5.70149965, 6.97510759,\n        5.06697639],\n       [3.77780572, 2.44120354, 0.68856584, 5.70150043, 6.97510841,\n        5.06697633],\n       [3.7778039 , 2.44120247, 0.68856696, 5.70149905, 6.97510903,\n        5.06697599]]), array([0.002555, 0.002555, 0.002555, 0.002555, 0.002555, 0.002555,\n       0.002555]))", "callback": [0.2322915213270914, 0.17129164519206597, 0.050618272454577506, 0.025478264161411968, 0.02287479053762631, 0.016530292262044277, 0.011586054111410893, 0.004948254747928482, 0.0037941172136942702, 0.0030208946554304283, 0.0026871413825488855, 0.002575024288092642, 0.00255834558952861, 0.002555567947137294, 0.0025551269651262754, 0.002555025423406798, 0.002555008393842595, 0.0025550016795952146, 0.0025549999015408442, 0.002554999768935029, 0.0025549996612165282, 0.00255499964294148, 0.00255499962125727, 0.0025549996165594724]}, "11": {"maxiter": 1000, "fatol": 1e-10, "xatol": 1e-10, "duration": 0.14308404922485352, "fun": "0.002554999614386988", "nit": "337", "nfev": "615", "status": "0", "success": "True", "message": "Optimization terminated successfully.", "x": "[3.77780609 2.44119935 0.6885653  5.7014991  6.97510293 5.06698438]", "final_simplex": "(array([[3.77780609, 2.44119935, 0.6885653 , 5.7014991 , 6.97510293,\n        5.06698438],\n       [3.77780609, 2.44119935, 0.6885653 , 5.7014991 , 6.97510293,\n        5.06698438],\n       [3.77780609, 2.44119935, 0.6885653 , 5.7014991 , 6.97510293,\n        5.06698438],\n       [3.77780609, 2.44119935, 0.6885653 , 5.7014991 , 6.97510293,\n        5.06698438],\n       [3.77780609, 2.44119935, 0.6885653 , 5.7014991 , 6.97510293,\n        5.06698438],\n       [3.77780609, 2.44119935, 0.6885653 , 5.7014991 , 6.97510293,\n        5.06698438],\n       [3.77780609, 2.44119935, 0.6885653 , 5.7014991 , 6.97510293,\n        5.06698438]]), array([0.002555, 0.002555, 0.002555, 0.002555, 0.002555, 0.002555,\n       0.002555]))", "callback": [0.2322915213270914, 0.17129164519206597, 0.050618272454577506, 0.025478264161411968, 0.02287479053762631, 0.016530292262044277, 0.011586054111410893, 0.004948254747928482, 0.0037941172136942702, 0.0030208946554304283, 0.0026871413825488855, 0.002575024288092642, 0.00255834558952861, 0.002555567947137294, 0.0025551269651262754, 0.002555025423406798, 0.002555008393842595, 0.0025550016795952146, 0.0025549999015408442, 0.002554999768935029, 0.0025549996612165282, 0.00255499964294148, 0.00255499962125727, 0.0025549996165594724, 0.0025549996148190868, 0.0025549996144969, 0.0025549996144336173, 0.002554999614397646, 0.0025549996143883202, 0.002554999614387432, 0.00255499961438721, 0.00255499961438721, 0.002554999614386988]}}, "bfgs": {"type": "gradient", "0": {"maxiter": 100, "gtol": 1e-05, "xrtol": 1e-05, "eps": 1e-05, "duration": 0.03140687942504883, "fun": "0.0025549998651442918", "jac": "[-8.10240763e-06  9.68713998e-07  4.72989425e-06  7.63030750e-06\n -1.93511873e-06  1.16386900e-06]", "hess_inv": "[[ 2.91913391 -0.36154544 -1.08709629  0.28853006  0.8336987  -0.67233344]\n [-0.36154544  4.13665023  1.11875962 -1.22840849 -2.08694602  0.12550406]\n [-1.08709629  1.11875962  4.48052214  0.23518372 -0.20531     3.05110785]\n [ 0.28853006 -1.22840849  0.23518372  1.64705562  0.40360832  0.66598458]\n [ 0.8336987  -2.08694602 -0.20531     0.40360832  3.89688272  0.75421159]\n [-0.67233344  0.12550406  3.05110785  0.66598458  0.75421159  4.3323698 ]]", "nfev": "126", "njev": "18", "status": "0", "success": "True", "message": "Optimization terminated successfully.", "x": "[2.15504764 3.66456705 2.94406564 4.72560927 7.36761705 5.90850171]", "nit": "15", "callback": [0.0031434136625938525]}, "1": {"maxiter": 100, "gtol": 1e-05, "xrtol": 1e-05, "eps": 1e-10, "duration": 0.032477378845214844, "fun": "0.002554999622037535", "jac": "[ 8.88178346e-06  2.22044587e-06  2.22044587e-06 -2.22044587e-06\n  2.22044587e-06 -1.11022293e-06]", "hess_inv": "[[ 2.87123917 -0.34510661 -0.93571656  0.30942547  0.91742925 -0.54049103]\n [-0.34510661  4.13362004  1.09001956 -1.23252545 -2.09476051  0.10199171]\n [-0.93571656  1.09001956  4.26228434  0.19669067 -0.21167342  2.87311658]\n [ 0.30942547 -1.23252545  0.19669067  1.64026484  0.39615021  0.63319457]\n [ 0.91742925 -2.09476051 -0.21167342  0.39615021  3.99984787  0.76427769]\n [-0.54049103  0.10199171  2.87311658  0.63319457  0.76427769  4.18732424]]", "nfev": "133", "njev": "19", "status": "0", "success": "True", "message": "Optimization terminated successfully.", "x": "[2.15507252 3.66454082 2.9440387  4.72558832 7.36765322 5.9085034 ]", "nit": "16", "callback": [0.0031433080611538156]}, "2": {"maxiter": 100, "gtol": 1e-05, "xrtol": 1e-10, "eps": 1e-05, "duration": 0.03678393363952637, "fun": "0.0025549998651442918", "jac": "[-8.10240763e-06  9.68713998e-07  4.72989425e-06  7.63030750e-06\n -1.93511873e-06  1.16386900e-06]", "hess_inv": "[[ 2.91913391 -0.36154544 -1.08709629  0.28853006  0.8336987  -0.67233344]\n [-0.36154544  4.13665023  1.11875962 -1.22840849 -2.08694602  0.12550406]\n [-1.08709629  1.11875962  4.48052214  0.23518372 -0.20531     3.05110785]\n [ 0.28853006 -1.22840849  0.23518372  1.64705562  0.40360832  0.66598458]\n [ 0.8336987  -2.08694602 -0.20531     0.40360832  3.89688272  0.75421159]\n [-0.67233344  0.12550406  3.05110785  0.66598458  0.75421159  4.3323698 ]]", "nfev": "126", "njev": "18", "status": "0", "success": "True", "message": "Optimization terminated successfully.", "x": "[2.15504764 3.66456705 2.94406564 4.72560927 7.36761705 5.90850171]", "nit": "15", "callback": [0.0031434136625938525]}, "3": {"maxiter": 100, "gtol": 1e-05, "xrtol": 1e-10, "eps": 1e-10, "duration": 0.03391313552856445, "fun": "0.002554999622037535", "jac": "[ 8.88178346e-06  2.22044587e-06  2.22044587e-06 -2.22044587e-06\n  2.22044587e-06 -1.11022293e-06]", "hess_inv": "[[ 2.87123917 -0.34510661 -0.93571656  0.30942547  0.91742925 -0.54049103]\n [-0.34510661  4.13362004  1.09001956 -1.23252545 -2.09476051  0.10199171]\n [-0.93571656  1.09001956  4.26228434  0.19669067 -0.21167342  2.87311658]\n [ 0.30942547 -1.23252545  0.19669067  1.64026484  0.39615021  0.63319457]\n [ 0.91742925 -2.09476051 -0.21167342  0.39615021  3.99984787  0.76427769]\n [-0.54049103  0.10199171  2.87311658  0.63319457  0.76427769  4.18732424]]", "nfev": "133", "njev": "19", "status": "0", "success": "True", "message": "Optimization terminated successfully.", "x": "[2.15507252 3.66454082 2.9440387  4.72558832 7.36765322 5.9085034 ]", "nit": "16", "callback": [0.0031433080611538156]}, "4": {"maxiter": 100, "gtol": 1e-10, "xrtol": 1e-05, "eps": 1e-05, "duration": 0.03235602378845215, "fun": "0.0025549996658312812", "jac": "[-1.06581410e-09  4.40403269e-07  4.36051195e-07  8.97770747e-07\n  2.02104999e-07 -8.23863200e-07]", "hess_inv": "[[ 2.8738674  -0.3465781  -0.9626215   0.30801547  0.89116519 -0.56477747]\n [-0.3465781   4.13220591  1.08591711 -1.23438052 -2.09635632  0.09772414]\n [-0.9626215   1.08591711  4.27525112  0.1893601  -0.2052952   2.88360092]\n [ 0.30801547 -1.23438052  0.1893601   1.63910719  0.38781953  0.62694786]\n [ 0.89116519 -2.09635632 -0.2052952   0.38781953  4.00621689  0.76560125]\n [-0.56477747  0.09772414  2.88360092  0.62694786  0.76560125  4.1968634 ]]", "nfev": "133", "njev": "19", "status": "0", "success": "True", "message": "Optimization terminated successfully.", "x": "[2.15507585 3.66456035 2.94403137 4.72559958 7.36763118 5.90847521]", "nit": "16", "callback": [0.0031434136625938525]}, "5": {"maxiter": 100, "gtol": 1e-10, "xrtol": 1e-05, "eps": 1e-10, "duration": 0.033220767974853516, "fun": "0.002554999622037535", "jac": "[ 8.88178346e-06  2.22044587e-06  2.22044587e-06 -2.22044587e-06\n  2.22044587e-06 -1.11022293e-06]", "hess_inv": "[[ 2.87123917 -0.34510661 -0.93571656  0.30942547  0.91742925 -0.54049103]\n [-0.34510661  4.13362004  1.09001956 -1.23252545 -2.09476051  0.10199171]\n [-0.93571656  1.09001956  4.26228434  0.19669067 -0.21167342  2.87311658]\n [ 0.30942547 -1.23252545  0.19669067  1.64026484  0.39615021  0.63319457]\n [ 0.91742925 -2.09476051 -0.21167342  0.39615021  3.99984787  0.76427769]\n [-0.54049103  0.10199171  2.87311658  0.63319457  0.76427769  4.18732424]]", "nfev": "133", "njev": "19", "status": "0", "success": "True", "message": "Optimization terminated successfully.", "x": "[2.15507252 3.66454082 2.9440387  4.72558832 7.36765322 5.9085034 ]", "nit": "16", "callback": [0.0031433080611538156]}, "6": {"maxiter": 100, "gtol": 1e-10, "xrtol": 1e-10, "eps": 1e-05, "duration": 0.10054588317871094, "fun": "0.002554999658149759", "jac": "[ 8.67950156e-07  1.24492638e-06 -1.05018216e-06  9.98845451e-07\n -1.82442950e-07  1.14238619e-06]", "hess_inv": "[[ 17.83367605  26.88315659   2.97728125  17.89592619 -16.00431066\n  -26.37404129]\n [ 26.88315659  53.42457109   8.09783016  30.46391066 -32.58752435\n  -46.01111224]\n [  2.97728125   8.09783016   5.21204075   4.6305681   -4.49533746\n   -3.39461055]\n [ 17.89592619  30.46391066   4.6305681   21.92973399 -19.1583188\n  -28.60675752]\n [-16.00431066 -32.58752435  -4.49533746 -19.1583188   22.82577542\n   29.01929032]\n [-26.37404129 -46.01111224  -3.39461055 -28.60675752  29.01929032\n   45.40180124]]", "nfev": "360", "njev": "50", "status": "2", "success": "False", "message": "Desired error not necessarily achieved due to precision loss.", "x": "[2.15506715 3.66454408 2.94402868 4.72558863 7.36764159 5.90849239]", "nit": "19", "callback": [0.0031434136625938525]}, "7": {"maxiter": 100, "gtol": 1e-10, "xrtol": 1e-10, "eps": 1e-10, "duration": 0.07426619529724121, "fun": "0.0025549996194473845", "jac": "[ 2.22044587e-06  0.00000000e+00 -1.11022293e-06  0.00000000e+00\n  0.00000000e+00  1.11022293e-06]", "hess_inv": "[[ 0.72597459 -0.02479453 -0.93315934  0.18245425 -0.29818928 -0.36680179]\n [-0.02479453  6.14725505  5.93256945  0.23817541 -1.93487633  5.18730034]\n [-0.93315934  5.93256945  7.40917071 -0.54381775 -1.36600197  5.81919614]\n [ 0.18245425  0.23817541 -0.54381775  0.59993079 -0.27025164 -0.26544639]\n [-0.29818928 -1.93487633 -1.36600197 -0.27025164  3.17533959 -0.44261267]\n [-0.36680179  5.18730034  5.81919614 -0.26544639 -0.44261267  6.96930678]]", "nfev": "231", "njev": "33", "status": "0", "success": "True", "message": "Optimization terminated successfully.", "x": "[2.15506851 3.66453933 2.9440378  4.72558875 7.36765143 5.90850314]", "nit": "19", "callback": [0.0031433080611538156]}, "8": {"maxiter": 500, "gtol": 1e-05, "xrtol": 1e-05, "eps": 1e-05, "duration": 0.03785872459411621, "fun": "0.0025549998651442918", "jac": "[-8.10240763e-06  9.68713998e-07  4.72989425e-06  7.63030750e-06\n -1.93511873e-06  1.16386900e-06]", "hess_inv": "[[ 2.91913391 -0.36154544 -1.08709629  0.28853006  0.8336987  -0.67233344]\n [-0.36154544  4.13665023  1.11875962 -1.22840849 -2.08694602  0.12550406]\n [-1.08709629  1.11875962  4.48052214  0.23518372 -0.20531     3.05110785]\n [ 0.28853006 -1.22840849  0.23518372  1.64705562  0.40360832  0.66598458]\n [ 0.8336987  -2.08694602 -0.20531     0.40360832  3.89688272  0.75421159]\n [-0.67233344  0.12550406  3.05110785  0.66598458  0.75421159  4.3323698 ]]", "nfev": "126", "njev": "18", "status": "0", "success": "True", "message": "Optimization terminated successfully.", "x": "[2.15504764 3.66456705 2.94406564 4.72560927 7.36761705 5.90850171]", "nit": "15", "callback": [0.0031434136625938525]}, "9": {"maxiter": 500, "gtol": 1e-05, "xrtol": 1e-05, "eps": 1e-10, "duration": 0.0391848087310791, "fun": "0.002554999622037535", "jac": "[ 8.88178346e-06  2.22044587e-06  2.22044587e-06 -2.22044587e-06\n  2.22044587e-06 -1.11022293e-06]", "hess_inv": "[[ 2.87123917 -0.34510661 -0.93571656  0.30942547  0.91742925 -0.54049103]\n [-0.34510661  4.13362004  1.09001956 -1.23252545 -2.09476051  0.10199171]\n [-0.93571656  1.09001956  4.26228434  0.19669067 -0.21167342  2.87311658]\n [ 0.30942547 -1.23252545  0.19669067  1.64026484  0.39615021  0.63319457]\n [ 0.91742925 -2.09476051 -0.21167342  0.39615021  3.99984787  0.76427769]\n [-0.54049103  0.10199171  2.87311658  0.63319457  0.76427769  4.18732424]]", "nfev": "133", "njev": "19", "status": "0", "success": "True", "message": "Optimization terminated successfully.", "x": "[2.15507252 3.66454082 2.9440387  4.72558832 7.36765322 5.9085034 ]", "nit": "16", "callback": [0.0031433080611538156]}, "10": {"maxiter": 500, "gtol": 1e-05, "xrtol": 1e-10, "eps": 1e-05, "duration": 0.037322044372558594, "fun": "0.0025549998651442918", "jac": "[-8.10240763e-06  9.68713998e-07  4.72989425e-06  7.63030750e-06\n -1.93511873e-06  1.16386900e-06]", "hess_inv": "[[ 2.91913391 -0.36154544 -1.08709629  0.28853006  0.8336987  -0.67233344]\n [-0.36154544  4.13665023  1.11875962 -1.22840849 -2.08694602  0.12550406]\n [-1.08709629  1.11875962  4.48052214  0.23518372 -0.20531     3.05110785]\n [ 0.28853006 -1.22840849  0.23518372  1.64705562  0.40360832  0.66598458]\n [ 0.8336987  -2.08694602 -0.20531     0.40360832  3.89688272  0.75421159]\n [-0.67233344  0.12550406  3.05110785  0.66598458  0.75421159  4.3323698 ]]", "nfev": "126", "njev": "18", "status": "0", "success": "True", "message": "Optimization terminated successfully.", "x": "[2.15504764 3.66456705 2.94406564 4.72560927 7.36761705 5.90850171]", "nit": "15", "callback": [0.0031434136625938525]}, "11": {"maxiter": 500, "gtol": 1e-05, "xrtol": 1e-10, "eps": 1e-10, "duration": 0.038671016693115234, "fun": "0.002554999622037535", "jac": "[ 8.88178346e-06  2.22044587e-06  2.22044587e-06 -2.22044587e-06\n  2.22044587e-06 -1.11022293e-06]", "hess_inv": "[[ 2.87123917 -0.34510661 -0.93571656  0.30942547  0.91742925 -0.54049103]\n [-0.34510661  4.13362004  1.09001956 -1.23252545 -2.09476051  0.10199171]\n [-0.93571656  1.09001956  4.26228434  0.19669067 -0.21167342  2.87311658]\n [ 0.30942547 -1.23252545  0.19669067  1.64026484  0.39615021  0.63319457]\n [ 0.91742925 -2.09476051 -0.21167342  0.39615021  3.99984787  0.76427769]\n [-0.54049103  0.10199171  2.87311658  0.63319457  0.76427769  4.18732424]]", "nfev": "133", "njev": "19", "status": "0", "success": "True", "message": "Optimization terminated successfully.", "x": "[2.15507252 3.66454082 2.9440387  4.72558832 7.36765322 5.9085034 ]", "nit": "16", "callback": [0.0031433080611538156]}, "12": {"maxiter": 500, "gtol": 1e-10, "xrtol": 1e-05, "eps": 1e-05, "duration": 0.03797197341918945, "fun": "0.0025549996658312812", "jac": "[-1.06581410e-09  4.40403269e-07  4.36051195e-07  8.97770747e-07\n  2.02104999e-07 -8.23863200e-07]", "hess_inv": "[[ 2.8738674  -0.3465781  -0.9626215   0.30801547  0.89116519 -0.56477747]\n [-0.3465781   4.13220591  1.08591711 -1.23438052 -2.09635632  0.09772414]\n [-0.9626215   1.08591711  4.27525112  0.1893601  -0.2052952   2.88360092]\n [ 0.30801547 -1.23438052  0.1893601   1.63910719  0.38781953  0.62694786]\n [ 0.89116519 -2.09635632 -0.2052952   0.38781953  4.00621689  0.76560125]\n [-0.56477747  0.09772414  2.88360092  0.62694786  0.76560125  4.1968634 ]]", "nfev": "133", "njev": "19", "status": "0", "success": "True", "message": "Optimization terminated successfully.", "x": "[2.15507585 3.66456035 2.94403137 4.72559958 7.36763118 5.90847521]", "nit": "16", "callback": [0.0031434136625938525]}, "13": {"maxiter": 500, "gtol": 1e-10, "xrtol": 1e-05, "eps": 1e-10, "duration": 0.034705162048339844, "fun": "0.002554999622037535", "jac": "[ 8.88178346e-06  2.22044587e-06  2.22044587e-06 -2.22044587e-06\n  2.22044587e-06 -1.11022293e-06]", "hess_inv": "[[ 2.87123917 -0.34510661 -0.93571656  0.30942547  0.91742925 -0.54049103]\n [-0.34510661  4.13362004  1.09001956 -1.23252545 -2.09476051  0.10199171]\n [-0.93571656  1.09001956  4.26228434  0.19669067 -0.21167342  2.87311658]\n [ 0.30942547 -1.23252545  0.19669067  1.64026484  0.39615021  0.63319457]\n [ 0.91742925 -2.09476051 -0.21167342  0.39615021  3.99984787  0.76427769]\n [-0.54049103  0.10199171  2.87311658  0.63319457  0.76427769  4.18732424]]", "nfev": "133", "njev": "19", "status": "0", "success": "True", "message": "Optimization terminated successfully.", "x": "[2.15507252 3.66454082 2.9440387  4.72558832 7.36765322 5.9085034 ]", "nit": "16", "callback": [0.0031433080611538156]}, "14": {"maxiter": 500, "gtol": 1e-10, "xrtol": 1e-10, "eps": 1e-05, "duration": 0.0930180549621582, "fun": "0.002554999658149759", "jac": "[ 8.67950156e-07  1.24492638e-06 -1.05018216e-06  9.98845451e-07\n -1.82442950e-07  1.14238619e-06]", "hess_inv": "[[ 17.83367605  26.88315659   2.97728125  17.89592619 -16.00431066\n  -26.37404129]\n [ 26.88315659  53.42457109   8.09783016  30.46391066 -32.58752435\n  -46.01111224]\n [  2.97728125   8.09783016   5.21204075   4.6305681   -4.49533746\n   -3.39461055]\n [ 17.89592619  30.46391066   4.6305681   21.92973399 -19.1583188\n  -28.60675752]\n [-16.00431066 -32.58752435  -4.49533746 -19.1583188   22.82577542\n   29.01929032]\n [-26.37404129 -46.01111224  -3.39461055 -28.60675752  29.01929032\n   45.40180124]]", "nfev": "360", "njev": "50", "status": "2", "success": "False", "message": "Desired error not necessarily achieved due to precision loss.", "x": "[2.15506715 3.66454408 2.94402868 4.72558863 7.36764159 5.90849239]", "nit": "19", "callback": [0.0031434136625938525]}, "15": {"maxiter": 500, "gtol": 1e-10, "xrtol": 1e-10, "eps": 1e-10, "duration": 0.0554959774017334, "fun": "0.0025549996194473845", "jac": "[ 2.22044587e-06  0.00000000e+00 -1.11022293e-06  0.00000000e+00\n  0.00000000e+00  1.11022293e-06]", "hess_inv": "[[ 0.72597459 -0.02479453 -0.93315934  0.18245425 -0.29818928 -0.36680179]\n [-0.02479453  6.14725505  5.93256945  0.23817541 -1.93487633  5.18730034]\n [-0.93315934  5.93256945  7.40917071 -0.54381775 -1.36600197  5.81919614]\n [ 0.18245425  0.23817541 -0.54381775  0.59993079 -0.27025164 -0.26544639]\n [-0.29818928 -1.93487633 -1.36600197 -0.27025164  3.17533959 -0.44261267]\n [-0.36680179  5.18730034  5.81919614 -0.26544639 -0.44261267  6.96930678]]", "nfev": "231", "njev": "33", "status": "0", "success": "True", "message": "Optimization terminated successfully.", "x": "[2.15506851 3.66453933 2.9440378  4.72558875 7.36765143 5.90850314]", "nit": "19", "callback": [0.0031433080611538156]}, "16": {"maxiter": 1000, "gtol": 1e-05, "xrtol": 1e-05, "eps": 1e-05, "duration": 0.029757261276245117, "fun": "0.0025549998651442918", "jac": "[-8.10240763e-06  9.68713998e-07  4.72989425e-06  7.63030750e-06\n -1.93511873e-06  1.16386900e-06]", "hess_inv": "[[ 2.91913391 -0.36154544 -1.08709629  0.28853006  0.8336987  -0.67233344]\n [-0.36154544  4.13665023  1.11875962 -1.22840849 -2.08694602  0.12550406]\n [-1.08709629  1.11875962  4.48052214  0.23518372 -0.20531     3.05110785]\n [ 0.28853006 -1.22840849  0.23518372  1.64705562  0.40360832  0.66598458]\n [ 0.8336987  -2.08694602 -0.20531     0.40360832  3.89688272  0.75421159]\n [-0.67233344  0.12550406  3.05110785  0.66598458  0.75421159  4.3323698 ]]", "nfev": "126", "njev": "18", "status": "0", "success": "True", "message": "Optimization terminated successfully.", "x": "[2.15504764 3.66456705 2.94406564 4.72560927 7.36761705 5.90850171]", "nit": "15", "callback": [0.0031434136625938525]}, "17": {"maxiter": 1000, "gtol": 1e-05, "xrtol": 1e-05, "eps": 1e-10, "duration": 0.031469106674194336, "fun": "0.002554999622037535", "jac": "[ 8.88178346e-06  2.22044587e-06  2.22044587e-06 -2.22044587e-06\n  2.22044587e-06 -1.11022293e-06]", "hess_inv": "[[ 2.87123917 -0.34510661 -0.93571656  0.30942547  0.91742925 -0.54049103]\n [-0.34510661  4.13362004  1.09001956 -1.23252545 -2.09476051  0.10199171]\n [-0.93571656  1.09001956  4.26228434  0.19669067 -0.21167342  2.87311658]\n [ 0.30942547 -1.23252545  0.19669067  1.64026484  0.39615021  0.63319457]\n [ 0.91742925 -2.09476051 -0.21167342  0.39615021  3.99984787  0.76427769]\n [-0.54049103  0.10199171  2.87311658  0.63319457  0.76427769  4.18732424]]", "nfev": "133", "njev": "19", "status": "0", "success": "True", "message": "Optimization terminated successfully.", "x": "[2.15507252 3.66454082 2.9440387  4.72558832 7.36765322 5.9085034 ]", "nit": "16", "callback": [0.0031433080611538156]}, "18": {"maxiter": 1000, "gtol": 1e-05, "xrtol": 1e-10, "eps": 1e-05, "duration": 0.031039953231811523, "fun": "0.0025549998651442918", "jac": "[-8.10240763e-06  9.68713998e-07  4.72989425e-06  7.63030750e-06\n -1.93511873e-06  1.16386900e-06]", "hess_inv": "[[ 2.91913391 -0.36154544 -1.08709629  0.28853006  0.8336987  -0.67233344]\n [-0.36154544  4.13665023  1.11875962 -1.22840849 -2.08694602  0.12550406]\n [-1.08709629  1.11875962  4.48052214  0.23518372 -0.20531     3.05110785]\n [ 0.28853006 -1.22840849  0.23518372  1.64705562  0.40360832  0.66598458]\n [ 0.8336987  -2.08694602 -0.20531     0.40360832  3.89688272  0.75421159]\n [-0.67233344  0.12550406  3.05110785  0.66598458  0.75421159  4.3323698 ]]", "nfev": "126", "njev": "18", "status": "0", "success": "True", "message": "Optimization terminated successfully.", "x": "[2.15504764 3.66456705 2.94406564 4.72560927 7.36761705 5.90850171]", "nit": "15", "callback": [0.0031434136625938525]}, "19": {"maxiter": 1000, "gtol": 1e-05, "xrtol": 1e-10, "eps": 1e-10, "duration": 0.03129887580871582, "fun": "0.002554999622037535", "jac": "[ 8.88178346e-06  2.22044587e-06  2.22044587e-06 -2.22044587e-06\n  2.22044587e-06 -1.11022293e-06]", "hess_inv": "[[ 2.87123917 -0.34510661 -0.93571656  0.30942547  0.91742925 -0.54049103]\n [-0.34510661  4.13362004  1.09001956 -1.23252545 -2.09476051  0.10199171]\n [-0.93571656  1.09001956  4.26228434  0.19669067 -0.21167342  2.87311658]\n [ 0.30942547 -1.23252545  0.19669067  1.64026484  0.39615021  0.63319457]\n [ 0.91742925 -2.09476051 -0.21167342  0.39615021  3.99984787  0.76427769]\n [-0.54049103  0.10199171  2.87311658  0.63319457  0.76427769  4.18732424]]", "nfev": "133", "njev": "19", "status": "0", "success": "True", "message": "Optimization terminated successfully.", "x": "[2.15507252 3.66454082 2.9440387  4.72558832 7.36765322 5.9085034 ]", "nit": "16", "callback": [0.0031433080611538156]}, "20": {"maxiter": 1000, "gtol": 1e-10, "xrtol": 1e-05, "eps": 1e-05, "duration": 0.029495954513549805, "fun": "0.0025549996658312812", "jac": "[-1.06581410e-09  4.40403269e-07  4.36051195e-07  8.97770747e-07\n  2.02104999e-07 -8.23863200e-07]", "hess_inv": "[[ 2.8738674  -0.3465781  -0.9626215   0.30801547  0.89116519 -0.56477747]\n [-0.3465781   4.13220591  1.08591711 -1.23438052 -2.09635632  0.09772414]\n [-0.9626215   1.08591711  4.27525112  0.1893601  -0.2052952   2.88360092]\n [ 0.30801547 -1.23438052  0.1893601   1.63910719  0.38781953  0.62694786]\n [ 0.89116519 -2.09635632 -0.2052952   0.38781953  4.00621689  0.76560125]\n [-0.56477747  0.09772414  2.88360092  0.62694786  0.76560125  4.1968634 ]]", "nfev": "133", "njev": "19", "status": "0", "success": "True", "message": "Optimization terminated successfully.", "x": "[2.15507585 3.66456035 2.94403137 4.72559958 7.3676311