{"date": "2024/09/23/, 23:22:31", "conf_id": 134, "data_type": "orthogonal\n", "num_data_points": 3, "s_rank": 0, "unitary": "[[-0.24866696+0.58742286j,-0.44704345-0.43151574j,-0.35669027-0.20570733j,-0.10517633+0.1626036j],[0.10596805-0.19687975j,-0.30269685-0.15056416j,0.18246286+0.30440582j,-0.83484447-0.11310748j],[0.26054512-0.52548482j,0.0285017-0.50723956j,-0.43110112+0.17165838j,0.15243271+0.39915801j],[0.42978035+0.11991271j,-0.17224126-0.46030424j,0.6827807-0.15164662j,0.26483638+0.0061855j]]", "databatch_0": {"databatch": "[[[0.09388318-0.13354497j,0.47807404+0.05143171j,0.10311106-0.0316817j,0.01929863-0.00429657j],[-0.16769036+0.21150265j,-0.06107672+0.06535219j,0.06689033-0.37509154j,-0.14617595-0.04722513j],[0.15528319+0.26151066j,0.0825998-0.05951288j,-0.45833274-0.26614274j,-0.12306164+0.1634511j],[0.00060955-0.00883435j,0.08447108-0.18265721j,-0.09303238-0.06774756j,-0.0140573+0.02930142j]],[[-0.24975209+0.17637488j,0.07771394-0.0093829j,0.13662322-0.01070649j,-0.18617601+0.56446525j],[0.14381443-0.01810498j,-0.03758944-0.05229322j,-0.24711869+0.06988599j,-0.00507521-0.03838592j],[-0.04135533+0.17472051j,-0.03118509+0.02762271j,-0.05507933-0.21300413j,-0.05649161+0.05325046j],[-0.10681403-0.1341296j,-0.05332307+0.00263297j,0.43149153+0.18926722j,0.30482054-0.01179304j]],[[-0.09291796+0.02224455j,-0.02123101-0.00533155j,0.12366357-0.05937678j,0.00843006+0.00495747j],[0.0221737+0.00247784j,-0.06268163+0.04723341j,0.26287918-0.19578608j,0.35901564-0.36520906j],[0.20681229-0.25961926j,-0.0987946+0.01111347j,-0.25738689+0.12611962j,-0.10334688-0.54496765j],[0.00114591-0.17895041j,0.04414397-0.01583341j,0.11302549+0.12689772j,0.03128402-0.14543286j]]]", "initial param values": "[0.40228569,2.64930916,5.12806376,1.70706354,0.16394747,0.92856805]", "nelder_mead": {"type": "gradient-free", "0": {"maxiter": 100, "fatol": 1e-05, "xatol": 1e-05, "duration": 0.03680825233459473, "fun": "0.5444516374796065", "nit": "100", "nfev": "157", "status": "2", "success": "False", "message": "Maximum number of iterations has been exceeded.", "x": "[ 0.5153078   5.75537265  4.38515326 -0.71039005  0.08625971  1.40626785]", "final_simplex": "(array([[ 0.5153078 ,  5.75537265,  4.38515326, -0.71039005,  0.08625971,\n         1.40626785],\n       [ 0.52043782,  5.63804964,  4.45498903, -0.61178111,  0.0877783 ,\n         1.36993293],\n       [ 0.54710509,  5.83667709,  4.3364078 , -0.67665723,  0.08021913,\n         1.34713262],\n       [ 0.55242244,  5.78517343,  4.36755621, -0.62149048,  0.07905081,\n         1.32263193],\n       [ 0.53139093,  5.74669216,  4.38594318, -0.63648702,  0.08538941,\n         1.34513087],\n       [ 0.5432141 ,  5.81095334,  4.42415371, -0.64000693,  0.08028741,\n         1.32772595],\n       [ 0.52481441,  5.78976108,  4.38550357, -0.71710056,  0.08388609,\n         1.38430445]]), array([0.54445164, 0.5445725 , 0.54458969, 0.54478855, 0.54486765,\n       0.54496322, 0.54515461]))", "callback": [0.8089654609719099, 0.7139749448449171, 0.6937074849253758, 0.6357975025053109, 0.5764148940626563, 0.5712640953951245, 0.5604266461754768, 0.5512901573048001, 0.5452451344684863]}, "1": {"maxiter": 100, "fatol": 1e-05, "xatol": 1e-10, "duration": 0.03596806526184082, "fun": "0.5444516374796065", "nit": "100", "nfev": "157", "status": "2", "success": "False", "message": "Maximum number of iterations has been exceeded.", "x": "[ 0.5153078   5.75537265  4.38515326 -0.71039005  0.08625971  1.40626785]", "final_simplex": "(array([[ 0.5153078 ,  5.75537265,  4.38515326, -0.71039005,  0.08625971,\n         1.40626785],\n       [ 0.52043782,  5.63804964,  4.45498903, -0.61178111,  0.0877783 ,\n         1.36993293],\n       [ 0.54710509,  5.83667709,  4.3364078 , -0.67665723,  0.08021913,\n         1.34713262],\n       [ 0.55242244,  5.78517343,  4.36755621, -0.62149048,  0.07905081,\n         1.32263193],\n       [ 0.53139093,  5.74669216,  4.38594318, -0.63648702,  0.08538941,\n         1.34513087],\n       [ 0.5432141 ,  5.81095334,  4.42415371, -0.64000693,  0.08028741,\n         1.32772595],\n       [ 0.52481441,  5.78976108,  4.38550357, -0.71710056,  0.08388609,\n         1.38430445]]), array([0.54445164, 0.5445725 , 0.54458969, 0.54478855, 0.54486765,\n       0.54496322, 0.54515461]))", "callback": [0.8089654609719099, 0.7139749448449171, 0.6937074849253758, 0.6357975025053109, 0.5764148940626563, 0.5712640953951245, 0.5604266461754768, 0.5512901573048001, 0.5452451344684863]}, "2": {"maxiter": 100, "fatol": 1e-10, "xatol": 1e-05, "duration": 0.03542184829711914, "fun": "0.5444516374796065", "nit": "100", "nfev": "157", "status": "2", "success": "False", "message": "Maximum number of iterations has been exceeded.", "x": "[ 0.5153078   5.75537265  4.38515326 -0.71039005  0.08625971  1.40626785]", "final_simplex": "(array([[ 0.5153078 ,  5.75537265,  4.38515326, -0.71039005,  0.08625971,\n         1.40626785],\n       [ 0.52043782,  5.63804964,  4.45498903, -0.61178111,  0.0877783 ,\n         1.36993293],\n       [ 0.54710509,  5.83667709,  4.3364078 , -0.67665723,  0.08021913,\n         1.34713262],\n       [ 0.55242244,  5.78517343,  4.36755621, -0.62149048,  0.07905081,\n         1.32263193],\n       [ 0.53139093,  5.74669216,  4.38594318, -0.63648702,  0.08538941,\n         1.34513087],\n       [ 0.5432141 ,  5.81095334,  4.42415371, -0.64000693,  0.08028741,\n         1.32772595],\n       [ 0.52481441,  5.78976108,  4.38550357, -0.71710056,  0.08388609,\n         1.38430445]]), array([0.54445164, 0.5445725 , 0.54458969, 0.54478855, 0.54486765,\n       0.54496322, 0.54515461]))", "callback": [0.8089654609719099, 0.7139749448449171, 0.6937074849253758, 0.6357975025053109, 0.5764148940626563, 0.5712640953951245, 0.5604266461754768, 0.5512901573048001, 0.5452451344684863]}, "3": {"maxiter": 100, "fatol": 1e-10, "xatol": 1e-10, "duration": 0.036773681640625, "fun": "0.5444516374796065", "nit": "100", "nfev": "157", "status": "2", "success": "False", "message": "Maximum number of iterations has been exceeded.", "x": "[ 0.5153078   5.75537265  4.38515326 -0.71039005  0.08625971  1.40626785]", "final_simplex": "(array([[ 0.5153078 ,  5.75537265,  4.38515326, -0.71039005,  0.08625971,\n         1.40626785],\n       [ 0.52043782,  5.63804964,  4.45498903, -0.61178111,  0.0877783 ,\n         1.36993293],\n       [ 0.54710509,  5.83667709,  4.3364078 , -0.67665723,  0.08021913,\n         1.34713262],\n       [ 0.55242244,  5.78517343,  4.36755621, -0.62149048,  0.07905081,\n         1.32263193],\n       [ 0.53139093,  5.74669216,  4.38594318, -0.63648702,  0.08538941,\n         1.34513087],\n       [ 0.5432141 ,  5.81095334,  4.42415371, -0.64000693,  0.08028741,\n         1.32772595],\n       [ 0.52481441,  5.78976108,  4.38550357, -0.71710056,  0.08388609,\n         1.38430445]]), array([0.54445164, 0.5445725 , 0.54458969, 0.54478855, 0.54486765,\n       0.54496322, 0.54515461]))", "callback": [0.8089654609719099, 0.7139749448449171, 0.6937074849253758, 0.6357975025053109, 0.5764148940626563, 0.5712640953951245, 0.5604266461754768, 0.5512901573048001, 0.5452451344684863]}, "4": {"maxiter": 500, "fatol": 1e-05, "xatol": 1e-05, "duration": 0.17304277420043945, "fun": "0.5206004718075392", "nit": "500", "nfev": "766", "status": "2", "success": "False", "message": "Maximum number of iterations has been exceeded.", "x": "[ 0.84330028  5.75608102  4.47200591 -0.58143943  0.1367797   1.6861126 ]", "final_simplex": "(array([[ 0.84330028,  5.75608102,  4.47200591, -0.58143943,  0.1367797 ,\n         1.6861126 ],\n       [ 0.84329858,  5.75610122,  4.4719882 , -0.58137899,  0.13678683,\n         1.68606987],\n       [ 0.84328682,  5.75608415,  4.47203026, -0.58139581,  0.13674184,\n         1.68611346],\n       [ 0.84326151,  5.75614077,  4.47197504, -0.58140829,  0.13677556,\n         1.68606273],\n       [ 0.84327683,  5.75609115,  4.47197805, -0.58142035,  0.13679009,\n         1.6860437 ],\n       [ 0.84331584,  5.75613596,  4.47201782, -0.58146007,  0.13672104,\n         1.68613657],\n       [ 0.84330988,  5.75612587,  4.4719722 , -0.58144563,  0.13669326,\n         1.68617751]]), array([0.52060047, 0.52060047, 0.52060047, 0.52060047, 0.52060047,\n       0.52060047, 0.52060047]))", "callback": [0.8089654609719099, 0.7139749448449171, 0.6937074849253758, 0.6357975025053109, 0.5764148940626563, 0.5712640953951245, 0.5604266461754768, 0.5512901573048001, 0.5452451344684863, 0.5444504258135321, 0.5404134808957746, 0.5308829249355091, 0.5229926130764799, 0.5223003518960561, 0.521994899215598, 0.5219289304643178, 0.521900536385248, 0.5218707913496738, 0.521825088029511, 0.521681674455392, 0.5215731573800682, 0.5215585710699129, 0.521555811767326, 0.5215541628068441, 0.5215522487862725, 0.521549620832259, 0.5215474499071977, 0.5215428251450978, 0.5215239730054593, 0.5214318139658625, 0.5211709953425812, 0.5209488047368442, 0.5206620716346599, 0.5206620716346599, 0.5206265295536443, 0.52061069976879, 0.5206041722730435, 0.5206017541975656, 0.5206014018557734, 0.5206010439613797, 0.5206008744183674, 0.5206006342944423, 0.5206005917677972, 0.5206005022190872, 0.5206005000371878, 0.5206004764251764, 0.5206004764251764, 0.5206004727743487, 0.5206004720423689]}, "5": {"maxiter": 500, "fatol": 1e-05, "xatol": 1e-10, "duration": 0.17699933052062988, "fun": "0.5206004718075392", "nit": "500", "nfev": "766", "status": "2", "success": "False", "message": "Maximum number of iterations has been exceeded.", "x": "[ 0.84330028  5.75608102  4.47200591 -0.58143943  0.1367797   1.6861126 ]", "final_simplex": "(array([[ 0.84330028,  5.75608102,  4.47200591, -0.58143943,  0.1367797 ,\n         1.6861126 ],\n       [ 0.84329858,  5.75610122,  4.4719882 , -0.58137899,  0.13678683,\n         1.68606987],\n       [ 0.84328682,  5.75608415,  4.47203026, -0.58139581,  0.13674184,\n         1.68611346],\n       [ 0.84326151,  5.75614077,  4.47197504, -0.58140829,  0.13677556,\n         1.68606273],\n       [ 0.84327683,  5.75609115,  4.47197805, -0.58142035,  0.13679009,\n         1.6860437 ],\n       [ 0.84331584,  5.75613596,  4.47201782, -0.58146007,  0.13672104,\n         1.68613657],\n       [ 0.84330988,  5.75612587,  4.4719722 , -0.58144563,  0.13669326,\n         1.68617751]]), array([0.52060047, 0.52060047, 0.52060047, 0.52060047, 0.52060047,\n       0.52060047, 0.52060047]))", "callback": [0.8089654609719099, 0.7139749448449171, 0.6937074849253758, 0.6357975025053109, 0.5764148940626563, 0.5712640953951245, 0.5604266461754768, 0.5512901573048001, 0.5452451344684863, 0.5444504258135321, 0.5404134808957746, 0.5308829249355091, 0.5229926130764799, 0.5223003518960561, 0.521994899215598, 0.5219289304643178, 0.521900536385248, 0.5218707913496738, 0.521825088029511, 0.521681674455392, 0.5215731573800682, 0.5215585710699129, 0.521555811767326, 0.5215541628068441, 0.5215522487862725, 0.521549620832259, 0.5215474499071977, 0.5215428251450978, 0.5215239730054593, 0.5214318139658625, 0.5211709953425812, 0.5209488047368442, 0.5206620716346599, 0.5206620716346599, 0.5206265295536443, 0.52061069976879, 0.5206041722730435, 0.5206017541975656, 0.5206014018557734, 0.5206010439613797, 0.5206008744183674, 0.5206006342944423, 0.5206005917677972, 0.5206005022190872, 0.5206005000371878, 0.5206004764251764, 0.5206004764251764, 0.5206004727743487, 0.5206004720423689]}, "6": {"maxiter": 500, "fatol": 1e-10, "xatol": 1e-05, "duration": 0.17128705978393555, "fun": "0.5206004718075392", "nit": "500", "nfev": "766", "status": "2", "success": "False", "message": "Maximum number of iterations has been exceeded.", "x": "[ 0.84330028  5.75608102  4.47200591 -0.58143943  0.1367797   1.6861126 ]", "final_simplex": "(array([[ 0.84330028,  5.75608102,  4.47200591, -0.58143943,  0.1367797 ,\n         1.6861126 ],\n       [ 0.84329858,  5.75610122,  4.4719882 , -0.58137899,  0.13678683,\n         1.68606987],\n       [ 0.84328682,  5.75608415,  4.47203026, -0.58139581,  0.13674184,\n         1.68611346],\n       [ 0.84326151,  5.75614077,  4.47197504, -0.58140829,  0.13677556,\n         1.68606273],\n       [ 0.84327683,  5.75609115,  4.47197805, -0.58142035,  0.13679009,\n         1.6860437 ],\n       [ 0.84331584,  5.75613596,  4.47201782, -0.58146007,  0.13672104,\n         1.68613657],\n       [ 0.84330988,  5.75612587,  4.4719722 , -0.58144563,  0.13669326,\n         1.68617751]]), array([0.52060047, 0.52060047, 0.52060047, 0.52060047, 0.52060047,\n       0.52060047, 0.52060047]))", "callback": [0.8089654609719099, 0.7139749448449171, 0.6937074849253758, 0.6357975025053109, 0.5764148940626563, 0.5712640953951245, 0.5604266461754768, 0.5512901573048001, 0.5452451344684863, 0.5444504258135321, 0.5404134808957746, 0.5308829249355091, 0.5229926130764799, 0.5223003518960561, 0.521994899215598, 0.5219289304643178, 0.521900536385248, 0.5218707913496738, 0.521825088029511, 0.521681674455392, 0.5215731573800682, 0.5215585710699129, 0.521555811767326, 0.5215541628068441, 0.5215522487862725, 0.521549620832259, 0.5215474499071977, 0.5215428251450978, 0.5215239730054593, 0.5214318139658625, 0.5211709953425812, 0.5209488047368442, 0.5206620716346599, 0.5206620716346599, 0.5206265295536443, 0.52061069976879, 0.5206041722730435, 0.5206017541975656, 0.5206014018557734, 0.5206010439613797, 0.5206008744183674, 0.5206006342944423, 0.5206005917677972, 0.5206005022190872, 0.5206005000371878, 0.5206004764251764, 0.5206004764251764, 0.5206004727743487, 0.5206004720423689]}, "7": {"maxiter": 500, "fatol": 1e-10, "xatol": 1e-10, "duration": 0.17225122451782227, "fun": "0.5206004718075392", "nit": "500", "nfev": "766", "status": "2", "success": "False", "message": "Maximum number of iterations has been exceeded.", "x": "[ 0.84330028  5.75608102  4.47200591 -0.58143943  0.1367797   1.6861126 ]", "final_simplex": "(array([[ 0.84330028,  5.75608102,  4.47200591, -0.58143943,  0.1367797 ,\n         1.6861126 ],\n       [ 0.84329858,  5.75610122,  4.4719882 , -0.58137899,  0.13678683,\n         1.68606987],\n       [ 0.84328682,  5.75608415,  4.47203026, -0.58139581,  0.13674184,\n         1.68611346],\n       [ 0.84326151,  5.75614077,  4.47197504, -0.58140829,  0.13677556,\n         1.68606273],\n       [ 0.84327683,  5.75609115,  4.47197805, -0.58142035,  0.13679009,\n         1.6860437 ],\n       [ 0.84331584,  5.75613596,  4.47201782, -0.58146007,  0.13672104,\n         1.68613657],\n       [ 0.84330988,  5.75612587,  4.4719722 , -0.58144563,  0.13669326,\n         1.68617751]]), array([0.52060047, 0.52060047, 0.52060047, 0.52060047, 0.52060047,\n       0.52060047, 0.52060047]))", "callback": [0.8089654609719099, 0.7139749448449171, 0.6937074849253758, 0.6357975025053109, 0.5764148940626563, 0.5712640953951245, 0.5604266461754768, 0.5512901573048001, 0.5452451344684863, 0.5444504258135321, 0.5404134808957746, 0.5308829249355091, 0.5229926130764799, 0.5223003518960561, 0.521994899215598, 0.5219289304643178, 0.521900536385248, 0.5218707913496738, 0.521825088029511, 0.521681674455392, 0.5215731573800682, 0.5215585710699129, 0.521555811767326, 0.5215541628068441, 0.5215522487862725, 0.521549620832259, 0.5215474499071977, 0.5215428251450978, 0.5215239730054593, 0.5214318139658625, 0.5211709953425812, 0.5209488047368442, 0.5206620716346599, 0.5206620716346599, 0.5206265295536443, 0.52061069976879, 0.5206041722730435, 0.5206017541975656, 0.5206014018557734, 0.5206010439613797, 0.5206008744183674, 0.5206006342944423, 0.5206005917677972, 0.5206005022190872, 0.5206005000371878, 0.5206004764251764, 0.5206004764251764, 0.5206004727743487, 0.5206004720423689]}, "8": {"maxiter": 1000, "fatol": 1e-05, "xatol": 1e-05, "duration": 0.2023169994354248, "fun": "0.5206004716782469", "nit": "529", "nfev": "818", "status": "0", "success": "True", "message": "Optimization terminated successfully.", "x": "[ 0.84328468  5.75610574  4.47200423 -0.58139839  0.13681458  1.68604278]", "final_simplex": "(array([[ 0.84328468,  5.75610574,  4.47200423, -0.58139839,  0.13681458,\n         1.68604278],\n       [ 0.84328516,  5.75610464,  4.47200515, -0.58139898,  0.13680754,\n         1.68605145],\n       [ 0.84328679,  5.75610662,  4.47200431, -0.58139985,  0.13680897,\n         1.68604696],\n       [ 0.84328285,  5.75610617,  4.47200299, -0.58139431,  0.13681373,\n         1.68604161],\n       [ 0.84328862,  5.75611093,  4.47199971, -0.58140001,  0.13680973,\n         1.68604953],\n       [ 0.84328565,  5.75610111,  4.47200484, -0.58139519,  0.13681978,\n         1.68603929],\n       [ 0.84328704,  5.75610701,  4.47199953, -0.58140403,  0.13681174,\n         1.68604879]]), array([0.52060047, 0.52060047, 0.52060047, 0.52060047, 0.52060047,\n       0.52060047, 0.52060047]))", "callback": [0.8089654609719099, 0.7139749448449171, 0.6937074849253758, 0.6357975025053109, 0.5764148940626563, 0.5712640953951245, 0.5604266461754768, 0.5512901573048001, 0.5452451344684863, 0.5444504258135321, 0.5404134808957746, 0.5308829249355091, 0.5229926130764799, 0.5223003518960561, 0.521994899215598, 0.5219289304643178, 0.521900536385248, 0.5218707913496738, 0.521825088029511, 0.521681674455392, 0.5215731573800682, 0.5215585710699129, 0.521555811767326, 0.5215541628068441, 0.5215522487862725, 0.521549620832259, 0.5215474499071977, 0.5215428251450978, 0.5215239730054593, 0.5214318139658625, 0.5211709953425812, 0.5209488047368442, 0.5206620716346599, 0.5206620716346599, 0.5206265295536443, 0.52061069976879, 0.5206041722730435, 0.5206017541975656, 0.5206014018557734, 0.5206010439613797, 0.5206008744183674, 0.5206006342944423, 0.5206005917677972, 0.5206005022190872, 0.5206005000371878, 0.5206004764251764, 0.5206004764251764, 0.5206004727743487, 0.5206004720423689, 0.5206004717694668, 0.5206004716939321, 0.5206004716811725]}, "9": {"maxiter": 1000, "fatol": 1e-05, "xatol": 1e-10, "duration": 0.23051905632019043, "fun": "0.5206004716773214", "nit": "607", "nfev": "1006", "status": "0", "success": "True", "message": "Optimization terminated successfully.", "x": "[ 0.84328572  5.75610446  4.4720058  -0.58139556  0.13681254  1.68604551]", "final_simplex": "(array([[ 0.84328572,  5.75610446,  4.4720058 , -0.58139556,  0.13681254,\n         1.68604551],\n       [ 0.84328572,  5.75610446,  4.4720058 , -0.58139556,  0.13681254,\n         1.68604551],\n       [ 0.84328572,  5.75610446,  4.4720058 , -0.58139556,  0.13681254,\n         1.68604551],\n       [ 0.84328572,  5.75610446,  4.4720058 , -0.58139556,  0.13681254,\n         1.68604551],\n       [ 0.84328572,  5.75610446,  4.4720058 , -0.58139556,  0.13681254,\n         1.68604551],\n       [ 0.84328572,  5.75610446,  4.4720058 , -0.58139556,  0.13681254,\n         1.68604551],\n       [ 0.84328572,  5.75610446,  4.4720058 , -0.58139556,  0.13681254,\n         1.68604551]]), array([0.52060047, 0.52060047, 0.52060047, 0.52060047, 0.52060047,\n       0.52060047, 0.52060047]))", "callback": [0.8089654609719099, 0.7139749448449171, 0.6937074849253758, 0.6357975025053109, 0.5764148940626563, 0.5712640953951245, 0.5604266461754768, 0.5512901573048001, 0.5452451344684863, 0.5444504258135321, 0.5404134808957746, 0.5308829249355091, 0.5229926130764799, 0.5223003518960561, 0.521994899215598, 0.5219289304643178, 0.521900536385248, 0.5218707913496738, 0.521825088029511, 0.521681674455392, 0.5215731573800682, 0.5215585710699129, 0.521555811767326, 0.5215541628068441, 0.5215522487862725, 0.521549620832259, 0.5215474499071977, 0.5215428251450978, 0.5215239730054593, 0.5214318139658625, 0.5211709953425812, 0.5209488047368442, 0.5206620716346599, 0.5206620716346599, 0.5206265295536443, 0.52061069976879, 0.5206041722730435, 0.5206017541975656, 0.5206014018557734, 0.5206010439613797, 0.5206008744183674, 0.5206006342944423, 0.5206005917677972, 0.5206005022190872, 0.5206005000371878, 0.5206004764251764, 0.5206004764251764, 0.5206004727743487, 0.5206004720423689, 0.5206004717694668, 0.5206004716939321, 0.5206004716811725, 0.520600471677837, 0.5206004716774173, 0.5206004716773447, 0.5206004716773247, 0.5206004716773225, 0.5206004716773216, 0.5206004716773214, 0.5206004716773214]}, "10": {"maxiter": 1000, "fatol": 1e-10, "xatol": 1e-05, "duration": 0.18497610092163086, "fun": "0.5206004716782469", "nit": "529", "nfev": "818", "status": "0", "success": "True", "message": "Optimization terminated successfully.", "x": "[ 0.84328468  5.75610574  4.47200423 -0.58139839  0.13681458  1.68604278]", "final_simplex": "(array([[ 0.84328468,  5.75610574,  4.47200423, -0.58139839,  0.13681458,\n         1.68604278],\n       [ 0.84328516,  5.75610464,  4.47200515, -0.58139898,  0.13680754,\n         1.68605145],\n       [ 0.84328679,  5.75610662,  4.47200431, -0.58139985,  0.13680897,\n         1.68604696],\n       [ 0.84328285,  5.75610617,  4.47200299, -0.58139431,  0.13681373,\n         1.68604161],\n       [ 0.84328862,  5.75611093,  4.47199971, -0.58140001,  0.13680973,\n         1.68604953],\n       [ 0.84328565,  5.75610111,  4.47200484, -0.58139519,  0.13681978,\n         1.68603929],\n       [ 0.84328704,  5.75610701,  4.47199953, -0.58140403,  0.13681174,\n         1.68604879]]), array([0.52060047, 0.52060047, 0.52060047, 0.52060047, 0.52060047,\n       0.52060047, 0.52060047]))", "callback": [0.8089654609719099, 0.7139749448449171, 0.6937074849253758, 0.6357975025053109, 0.5764148940626563, 0.5712640953951245, 0.5604266461754768, 0.5512901573048001, 0.5452451344684863, 0.5444504258135321, 0.5404134808957746, 0.5308829249355091, 0.5229926130764799, 0.5223003518960561, 0.521994899215598, 0.5219289304643178, 0.521900536385248, 0.5218707913496738, 0.521825088029511, 0.521681674455392, 0.5215731573800682, 0.5215585710699129, 0.521555811767326, 0.5215541628068441, 0.5215522487862725, 0.521549620832259, 0.5215474499071977, 0.5215428251450978, 0.5215239730054593, 0.5214318139658625, 0.5211709953425812, 0.5209488047368442, 0.5206620716346599, 0.5206620716346599, 0.5206265295536443, 0.52061069976879, 0.5206041722730435, 0.5206017541975656, 0.5206014018557734, 0.5206010439613797, 0.5206008744183674, 0.5206006342944423, 0.5206005917677972, 0.5206005022190872, 0.5206005000371878, 0.5206004764251764, 0.5206004764251764, 0.5206004727743487, 0.5206004720423689, 0.5206004717694668, 0.5206004716939321, 0.5206004716811725]}, "11": {"maxiter": 1000, "fatol": 1e-10, "xatol": 1e-10, "duration": 0.22829723358154297, "fun": "0.5206004716773214", "nit": "607", "nfev": "1006", "status": "0", "success": "True", "message": "Optimization terminated successfully.", "x": "[ 0.84328572  5.75610446  4.4720058  -0.58139556  0.13681254  1.68604551]", "final_simplex": "(array([[ 0.84328572,  5.75610446,  4.4720058 , -0.58139556,  0.13681254,\n         1.68604551],\n       [ 0.84328572,  5.75610446,  4.4720058 , -0.58139556,  0.13681254,\n         1.68604551],\n       [ 0.84328572,  5.75610446,  4.4720058 , -0.58139556,  0.13681254,\n         1.68604551],\n       [ 0.84328572,  5.75610446,  4.4720058 , -0.58139556,  0.13681254,\n         1.68604551],\n       [ 0.84328572,  5.75610446,  4.4720058 , -0.58139556,  0.13681254,\n         1.68604551],\n       [ 0.84328572,  5.75610446,  4.4720058 , -0.58139556,  0.13681254,\n         1.68604551],\n       [ 0.84328572,  5.75610446,  4.4720058 , -0.58139556,  0.13681254,\n         1.68604551]]), array([0.52060047, 0.52060047, 0.52060047, 0.52060047, 0.52060047,\n       0.52060047, 0.52060047]))", "callback": [0.8089654609719099, 0.7139749448449171, 0.6937074849253758, 0.6357975025053109, 0.5764148940626563, 0.5712640953951245, 0.5604266461754768, 0.5512901573048001, 0.5452451344684863, 0.5444504258135321, 0.5404134808957746, 0.5308829249355091, 0.5229926130764799, 0.5223003518960561, 0.521994899215598, 0.5219289304643178, 0.521900536385248, 0.5218707913496738, 0.521825088029511, 0.521681674455392, 0.5215731573800682, 0.5215585710699129, 0.521555811767326, 0.5215541628068441, 0.5215522487862725, 0.521549620832259, 0.5215474499071977, 0.5215428251450978, 0.5215239730054593, 0.5214318139658625, 0.5211709953425812, 0.5209488047368442, 0.5206620716346599, 0.5206620716346599, 0.5206265295536443, 0.52061069976879, 0.5206041722730435, 0.5206017541975656, 0.5206014018557734, 0.5206010439613797, 0.5206008744183674, 0.5206006342944423, 0.5206005917677972, 0.5206005022190872, 0.5206005000371878, 0.5206004764251764, 0.5206004764251764, 0.5206004727743487, 0.5206004720423689, 0.5206004717694668, 0.5206004716939321, 0.5206004716811725, 0.520600471677837, 0.5206004716774173, 0.5206004716773447, 0.5206004716773247, 0.5206004716773225, 0.5206004716773216, 0.5206004716773214, 0.5206004716773214]}}, "bfgs": {"type": "gradient", "0": {"maxiter": 100, "gtol": 1e-05, "xrtol": 1e-05, "eps": 1e-05, "duration": 0.07530593872070312, "fun": "0.5206004717135584", "jac": "[-8.92597107e-07  9.01789754e-07 -3.05866443e-07  1.04138920e-07\n -4.01834122e-07 -2.19424479e-07]", "hess_inv": "[[  8.02466175   3.15716237  -2.87521628   9.53979297  -7.65216095\n   10.44041349]\n [  3.15716237  16.92812652 -10.88120557   8.43215682  -7.96874522\n    6.27510799]\n [ -2.87521628 -10.88120557  12.8433165  -10.29373291   5.78521472\n   -5.71938262]\n [  9.53979297   8.43215682 -10.29373291  29.23204127 -16.77166869\n   22.53966515]\n [ -7.65216095  -7.96874522   5.78521472 -16.77166869  27.7017366\n  -29.14591239]\n [ 10.44041349   6.27510799  -5.71938262  22.53966515 -29.14591239\n   37.19603787]]", "nfev": "322", "njev": "46", "status": "0", "success": "True", "message": "Optimization terminated successfully.", "x": "[ 7.1264547   5.75611371  4.47199658  0.58137674 -3.00477156  4.82761392]", "nit": "38", "callback": [0.5500808669296231, 0.529274666586377, 0.5216113863477725]}, "1": {"maxiter": 100, "gtol": 1e-05, "xrtol": 1e-05, "eps": 1e-10, "duration": 0.07836627960205078, "fun": "0.5206004718070258", "jac": "[-6.66133760e-06  0.00000000e+00  2.22044587e-06  2.22044587e-06\n -4.44089173e-06 -4.44089173e-06]", "hess_inv": "[[  6.71177344   3.3869274   -3.15146537   8.75085124  -6.00270682\n    7.6646225 ]\n [  3.3869274   17.33579528 -11.48882796   8.73530132  -8.04679905\n    6.84728239]\n [ -3.15146537 -11.48882796  13.34466114 -10.94079634   5.96424633\n   -6.13715088]\n [  8.75085124   8.73530132 -10.94079634  28.14527339 -15.16121317\n   20.72759729]\n [ -6.00270682  -8.04679905   5.96424633 -15.16121317  24.12931711\n  -24.55291938]\n [  7.6646225    6.84728239  -6.13715088  20.72759729 -24.55291938\n   31.29395386]]", "nfev": "336", "njev": "48", "status": "0", "success": "True", "message": "Optimization terminated successfully.", "x": "[ 7.12643521  5.75611353  4.47201025  0.58137449 -3.00476121  4.82759612]", "nit": "40", "callback": [0.5499290016801679, 0.5293103842365969, 0.521983933646142, 0.5206004718070258]}, "2": {"maxiter": 100, "gtol": 1e-05, "xrtol": 1e-10, "eps": 1e-05, "duration": 0.07686400413513184, "fun": "0.5206004717135584", "jac": "[-8.92597107e-07  9.01789754e-07 -3.05866443e-07  1.04138920e-07\n -4.01834122e-07 -2.19424479e-07]", "hess_inv": "[[  8.02466175   3.15716237  -2.87521628   9.53979297  -7.65216095\n   10.44041349]\n [  3.15716237  16.92812652 -10.88120557   8.43215682  -7.96874522\n    6.27510799]\n [ -2.87521628 -10.88120557  12.8433165  -10.29373291   5.78521472\n   -5.71938262]\n [  9.53979297   8.43215682 -10.29373291  29.23204127 -16.77166869\n   22.53966515]\n [ -7.65216095  -7.96874522   5.78521472 -16.77166869  27.7017366\n  -29.14591239]\n [ 10.44041349   6.27510799  -5.71938262  22.53966515 -29.14591239\n   37.19603787]]", "nfev": "322", "njev": "46", "status": "0", "success": "True", "message": "Optimization terminated successfully.", "x": "[ 7.1264547   5.75611371  4.47199658  0.58137674 -3.00477156  4.82761392]", "nit": "38", "callback": [0.5500808669296231, 0.529274666586377, 0.5216113863477725]}, "3": {"maxiter": 100, "gtol": 1e-05, "xrtol": 1e-10, "eps": 1e-10, "duration": 0.08415913581848145, "fun": "0.5206004718070258", "jac": "[-6.66133760e-06  0.00000000e+00  2.22044587e-06  2.22044587e-06\n -4.44089173e-06 -4.44089173e-06]", "hess_inv": "[[  6.71177344   3.3869274   -3.15146537   8.75085124  -6.00270682\n    7.6646225 ]\n [  3.3869274   17.33579528 -11.48882796   8.73530132  -8.04679905\n    6.84728239]\n [ -3.15146537 -11.48882796  13.34466114 -10.94079634   5.96424633\n   -6.13715088]\n [  8.75085124   8.73530132 -10.94079634  28.14527339 -15.16121317\n   20.72759729]\n [ -6.00270682  -8.04679905   5.96424633 -15.16121317  24.12931711\n  -24.55291938]\n [  7.6646225    6.84728239  -6.13715088  20.72759729 -24.55291938\n   31.29395386]]", "nfev": "336", "njev": "48", "status": "0", "success": "True", "message": "Optimization terminated successfully.", "x": "[ 7.12643521  5.75611353  4.47201025  0.58137449 -3.00476121  4.82759612]", "nit": "40", "callback": [0.5499290016801679, 0.5293103842365969, 0.521983933646142, 0.5206004718070258]}, "4": {"maxiter": 100, "gtol": 1e-10, "xrtol": 1e-05, "eps": 1e-05, "duration": 0.07775068283081055, "fun": "0.5206004716982653", "jac": "[ 1.56297197e-07 -3.36397576e-08  4.22106794e-08 -2.40252263e-08\n  1.11155529e-07  4.32764935e-08]", "hess_inv": "[[  8.03550062   3.18013262  -2.86878292   9.46623271  -7.59412826\n   10.37887394]\n [  3.18013262  15.88320389 -10.2544207    8.48422337  -7.85934488\n    6.41475676]\n [ -2.86878292 -10.2544207   12.5033591  -10.45399089   5.82727671\n   -5.90732753]\n [  9.46623271   8.48422337 -10.45399089  29.69172834 -17.16293659\n   22.9059608 ]\n [ -7.59412826  -7.85934488   5.82727671 -17.16293659  28.01228246\n  -29.47204832]\n [ 10.37887394   6.41475676  -5.90732753  22.9059608  -29.47204832\n   37.47874635]]", "nfev": "329", "njev": "47", "status": "0", "success": "True", "message": "Optimization terminated successfully.", "x": "[ 7.12645637  5.75609646  4.47200923  0.58136938 -3.00476289  4.82760959]", "nit": "39", "callback": [0.5500808669296231, 0.529274666586377, 0.5216113863477725]}, "5": {"maxiter": 100, "gtol": 1e-10, "xrtol": 1e-05, "eps": 1e-10, "duration": 0.08490324020385742, "fun": "0.5206004717589616", "jac": "[ 2.22044587e-06  2.22044587e-06 -2.22044587e-06  0.00000000e+00\n  4.44089173e-06  2.22044587e-06]", "hess_inv": "[[  7.70352119   0.49503689  -2.18961667   9.0921956   -7.4081221\n   10.1874631 ]\n [  0.49503689  13.40286347  -8.1384697    4.85715686  -7.11447594\n    4.02008521]\n [ -2.18961667  -8.1384697   10.80362578  -9.03430475   6.27109735\n   -5.78900169]\n [  9.0921956    4.85715686  -9.03430475  27.54255877 -16.41521483\n   22.59844942]\n [ -7.4081221   -7.11447594   6.27109735 -16.41521483  25.28885798\n  -27.00423691]\n [ 10.1874631    4.02008521  -5.78900169  22.59844942 -27.00423691\n   35.9934086 ]]", "nfev": "350", "njev": "50", "status": "0", "success": "True", "message": "Optimization terminated successfully.", "x": "[ 7.1264908   5.75614087  4.47197298  0.58143673 -3.00479219  4.82766695]", "nit": "42", "callback": [0.5499290016801679, 0.5293103842365969, 0.521983933646142, 0.5206004718070258]}, "6": {"maxiter": 100, "gtol": 1e-10, "xrtol": 1e-10, "eps": 1e-05, "duration": 0.12081098556518555, "fun": "0.5206004716982653", "jac": "[ 1.56297197e-07 -3.36397576e-08  4.22106794e-08 -2.40252263e-08\n  1.11155529e-07  4.32764935e-08]", "hess_inv": "[[  7.99494104   3.41610889  -3.05031312   9.58795728  -7.77146444\n   10.48387215]\n [  3.41610889  15.34333518  -9.76976364   8.03602261  -6.97961338\n    5.80564779]\n [ -3.05031312  -9.76976364  12.08294932 -10.08755766   5.13786788\n   -5.43860883]\n [  9.58795728   8.03602261 -10.08755766  29.40756186 -16.67817121\n   22.59140065]\n [ -7.77146444  -6.97961338   5.13786788 -16.67817121  27.2646654\n  -29.01329438]\n [ 10.48387215   5.80564779  -5.43860883  22.59140065 -29.01329438\n   37.206937  ]]", "nfev": "495", "njev": "69", "status": "2", "success": "False", "message": "Desired error not necessarily achieved due to precision loss.", "x": "[ 7.12645637  5.75609646  4.47200923  0.58136938 -3.00476289  4.82760959]", "nit": "39", "callback": [0.5500808669296231, 0.529274666586377, 0.5216113863477725]}, "7": {"maxiter": 100, "gtol": 1e-10, "xrtol": 1e-10, "eps": 1e-10, "duration": 0.10037708282470703, "fun": "0.5206004716890675", "jac": "[2.22044587e-06 2.22044587e-06 2.22044587e-06 0.00000000e+00\n 0.00000000e+00 0.00000000e+00]", "hess_inv": "[[  6.96060108   9.77636042  -9.58079758   9.03716639 -14.28684838\n    7.13058001]\n [  9.77636042  22.33736289 -20.82374884  18.04044567 -26.32393986\n   15.03360014]\n [ -9.58079758 -20.82374884  20.26921346 -17.9497335   24.95131422\n  -14.81562529]\n [  9.03716639  18.04044567 -17.9497335   25.48149437 -24.04414001\n   14.91624563]\n [-14.28684838 -26.32393986  24.95131422 -24.04414001  38.8854194\n  -23.22553044]\n [  7.13058001  15.03360014 -14.81562529  14.91624563 -23.22553044\n   15.87717435]]", "nfev": "420", "njev": "60", "status": "2", "success": "False", "message": "Desired error not necessarily achieved due to precision loss.", "x": "[ 7.12646921  5.75610695  4.47200743  0.58138496 -3.00476011  4.82761522]", "nit": "46", "callback": [0.5499290016801679, 0.5293103842365969, 0.521983933646142, 0.5206004718070258]}, "8": {"maxiter": 500, "gtol": 1e-05, "xrtol": 1e-05, "eps": 1e-05, "duration": 0.07724809646606445, "fun": "0.5206004717135584", "jac": "[-8.92597107e-07  9.01789754e-07 -3.05866443e-07  1.04138920e-07\n -4.01834122e-07 -2.19424479e-07]", "hess_inv": "[[  8.02466175   3.15716237  -2.87521628   9.53979297  -7.65216095\n   10.44041349]\n [  3.15716237  16.92812652 -10.88120557   8.43215682  -7.96874522\n    6.27510799]\n [ -2.87521628 -10.88120557  12.8433165  -10.29373291   5.78521472\n   -5.71938262]\n [  9.53979297   8.43215682 -10.29373291  29.23204127 -16.77166869\n   22.53966515]\n [ -7.65216095  -7.96874522   5.78521472 -16.77166869  27.7017366\n  -29.14591239]\n [ 10.44041349   6.27510799  -5.71938262  22.53966515 -29.14591239\n   37.19603787]]", "nfev": "322", "njev": "46", "status": "0", "success": "True", "message": "Optimization terminated successfully.", "x": "[ 7.1264547   5.75611371  4.47199658  0.58137674 -3.00477156  4.82761392]", "nit": "38", "callback": [0.5500808669296231, 0.529274666586377, 0.5216113863477725]}, "9": {"maxiter": 500, "gtol": 1e-05, "xrtol": 1e-05, "eps": 1e-10, "duration": 0.0858910083770752, "fun": "0.5206004718070258", "jac": "[-6.66133760e-06  0.00000000e+00  2.22044587e-06  2.22044587e-06\n -4.44089173e-06 -4.44089173e-06]", "hess_inv": "[[  6.71177344   3.3869274   -3.15146537   8.75085124  -6.00270682\n    7.6646225 ]\n [  3.3869274   17.33579528 -11.48882796   8.73530132  -8.04679905\n    6.84728239]\n [ -3.15146537 -11.48882796  13.34466114 -10.94079634   5.96424633\n   -6.13715088]\n [  8.75085124   8.73530132 -10.94079634  28.14527339 -15.16121317\n   20.72759729]\n [ -6.00270682  -8.04679905   5.96424633 -15.16121317  24.12931711\n  -24.55291938]\n [  7.6646225    6.84728239  -6.13715088  20.72759729 -24.55291938\n   31.29395386]]", "nfev": "336", "njev": "48", "status": "0", "success": "True", "message": "Optimization terminated successfully.", "x": "[ 7.12643521  5.75611353  4.47201025  0.58137449 -3.00476121  4.82759612]", "nit": "40", "callback": [0.5499290016801679, 0.5293103842365969, 0.521983933646142, 0.5206004718070258]}, "10": {"maxiter": 500, "gtol": 1e-05, "xrtol": 1e-10, "eps": 1e-05, "duration": 0.09453582763671875, "fun": "0.5206004717135584", "jac": "[-8.92597107e-07  9.01789754e-07 -3.05866443e-07  1.04138920e-07\n -4.01834122e-07 -2.19424479e-07]", "hess_inv": "[[  8.02466175   3.15716237  -2.87521628   9.53979297  -7.65216095\n   10.44041349]\n [  3.15716237  16.92812652 -10.88120557   8.43215682  -7.96874522\n    6.27510799]\n [ -2.87521628 -10.88120557  12.8433165  -10.29373291   5.78521472\n   -5.71938262]\n [  9.53979297   8.43215682 -10.29373291  29.23204127 -16.77166869\n   22.53966515]\n [ -7.65216095  -7.96874522   5.78521472 -16.77166869  27.7017366\n  -29.14591239]\n [ 10.44041349   6.27510799  -5.71938262  22.53966515 -29.14591239\n   37.19603787]]", "nfev": "322", "njev": "46", "status": "0", "success": "True", "message": "Optimization terminated successfully.", "x": "[ 7.1264547   5.75611371  4.47199658  0.58137674 -3.00477156  4.82761392]", "nit": "38", "callback": [0.5500808669296231, 0.529274666586377, 0.5216113863477725]}, "11": {"maxiter": 500, "gtol": 1e-05, "xrtol": 1e-10, "eps": 1e-10, "duration": 0.09096288681030273, "fun": "0.5206004718070258", "jac": "[-6.66133760e-06  0.00000000e+00  2.22044587e-06  2.22044587e-06\n -4.44089173e-06 -4.44089173e-06]", "hess_inv": "[[  6.71177344   3.3869274   -3.15146537   8.75085124  -6.00270682\n    7.6646225 ]\n [  3.3869274   17.33579528 -11.48882796   8.73530132  -8.04679905\n    6.84728239]\n [ -3.15146537 -11.48882796  13.34466114 -10.94079634   5.96424633\n   -6.13715088]\n [  8.75085124   8.73530132 -10.94079634  28.14527339 -15.16121317\n   20.72759729]\n [ -6.00270682  -8.04679905   5.96424633 -15.16121317  24.12931711\n  -24.55291938]\n [  7.6646225    6.84728239  -6.13715088  20.72759729 -24.55291938\n   31.29395386]]", "nfev": "336", "njev": "48", "status": "0", "success": "True", "message": "Optimization terminated successfully.", "x": "[ 7.12643521  5.75611353  4.47201025  0.58137449 -3.00476121  4.82759612]", "nit": "40", "callback": [0.5499290016801679, 0.5293103842365969, 0.521983933646142, 0.5206004718070258]}, "12": {"maxiter": 500, "gtol": 1e-10, "xrtol": 1e-05, "eps": 1e-05, "duration": 0.08741116523742676, "fun": "0.5206004716982653", "jac": "[ 1.56297197e-07 -3.36397576e-08  4.22106794e-08 -2.40252263e-08\n  1.11155529e-07  4.32764935e-08]", "hess_inv": "[[  8.03550062   3.18013262  -2.86878292   9.46623271  -7.59412826\n   10.37887394]\n [  3.18013262  15.88320389 -10.2544207    8.48422337  -7.85934488\n    6.41475676]\n [ -2.86878292 -10.2544207   12.5033591  -10.45399089   5.82727671\n   -5.90732753]\n [  9.46623271   8.48422337 -10.45399089  29.69172834 -17.16293659\n   22.9059608 ]\n [ -7.59412826  -7.85934488   5.82727671 -17.16293659  28.01228246\n  -29.47204832]\n [ 10.37887394   6.41475676  -5.90732753  22.9059608  -29.47204832\n   37.47874635]]", "nfev": "329", "njev": "47", "status": "0", "success": "True", "message": "Optimization terminated successfully.", "x": "[ 7.12645637  5.75609646  4.47200923  0.58136938 -3.00476289  4.82760959]", "nit": "39", "callback": [0.5500808669296231, 0.529274666586377, 0.5216113863477725]}, "13": {"maxiter": 500, "gtol": 1e-10, "xrtol": 1e-05, "eps": 1e-10, "duration": 0.09291791915893555, "fun": "0.5206004717589616", "jac": "[ 2.22044587e-06  2.22044587e-06 -2.22044587e-06  0.00000000e+00\n  4.44089173e-06  2.22044587e-06]", "hess_inv": "[[  7.70352119   0.49503689  -2.18961667   9.0921956   -7.4081221\n   10.1874631 ]\n [  0.49503689  13.40286347  -8.1384697    4.85715686  -7.11447594\n    4.02008521]\n [ -2.18961667  -8.1384697   10.80362578  -9.03430475   6.27109735\n   -5.78900169]\n [  9.0921956    4.85715686  -9.03430475  27.54255877 -16.41521483\n   22.59844942]\n [ -7.4081221   -7.11447594   6.27109735 -16.41521483  25.28885798\n  -27.00423691]\n [ 10.1874631    4.02008521  -5.78900169  22.59844942 -27.00423691\n   35.9934086 ]]", "nfev": "350", "njev": "50", "status": "0", "success": "True", "message": "Optimization terminated successfully.", "x": "[ 7.1264908   5.75614087  4.47197298  0.58143673 -3.00479219  4.82766695]", "nit": "42", "callback": [0.5499290016801679, 0.5293103842365969, 0.521983933646142, 0.5206004718070258]}, "14": {"maxiter": 500, "gtol": 1e-10, "xrtol": 1e-10, "eps": 1e-05, "duration": 0.12181568145751953, "fun": "0.5206004716982653", "jac": "[ 1.56297197e-07 -3.36397576e-08  4.22106794e-08 -2.40252263e-08\n  1.11155529e-07  4.32764935e-08]", "hess_inv": "[[  7.99494104   3.41610889  -3.05031312   9.58795728  -7.77146444\n   10.48387215]\n [  3.41610889  15.34333518  -9.76976364   8.03602261  -6.97961338\n    5.80564779]\n [ -3.05031312  -9.76976364  12.08294932 -10.08755766   5.13786788\n   -5.43860883]\n [  9.58795728   8.03602261 -10.08755766  29.40756186 -16.67817121\n   22.