{"date": "2024/09/24/, 04:17:29", "conf_id": 254, "data_type": "var_s_rank\n", "num_data_points": 1, "s_rank": 0, "unitary": "[[-0.24866696+0.58742286j,-0.44704345-0.43151574j,-0.35669027-0.20570733j,-0.10517633+0.1626036j],[0.10596805-0.19687975j,-0.30269685-0.15056416j,0.18246286+0.30440582j,-0.83484447-0.11310748j],[0.26054512-0.52548482j,0.0285017-0.50723956j,-0.43110112+0.17165838j,0.15243271+0.39915801j],[0.42978035+0.11991271j,-0.17224126-0.46030424j,0.6827807-0.15164662j,0.26483638+0.0061855j]]", "databatch_0": {"databatch": "[[[0.02662314-0.04405322j,-0.10479115-0.15805972j,0.2264841+0.15308539j,0.17637914-0.11302923j],[0.21098458+0.03557956j,-0.18558972+0.0616106j,-0.04984069+0.02229273j,-0.21998219-0.19689872j],[-0.13777647+0.17948374j,0.12776533+0.00647104j,-0.21199447-0.15429643j,0.08366033+0.03371697j],[0.12733988-0.24312078j,0.23912324+0.16936604j,-0.13456933+0.33780246j,-0.16727464+0.45030348j]]]", "initial param values": "[4.07411793,1.01596441,4.24819949,5.95333654,4.66211675,6.15065458]", "nelder_mead": {"type": "gradient-free", "0": {"maxiter": 100, "fatol": 1e-05, "xatol": 1e-05, "duration": 0.035280704498291016, "fun": "0.15250540529625023", "nit": "100", "nfev": "150", "status": "2", "success": "False", "message": "Maximum number of iterations has been exceeded.", "x": "[5.62157571 0.97383248 4.68953159 4.48437562 4.05015375 8.72942849]", "final_simplex": "(array([[5.62157571, 0.97383248, 4.68953159, 4.48437562, 4.05015375,\n        8.72942849],\n       [5.53844721, 0.9755895 , 4.75065581, 4.55216871, 4.00036812,\n        8.70028965],\n       [5.60396174, 0.95964837, 4.69485744, 4.51253816, 4.03108925,\n        8.78847394],\n       [5.56608815, 0.96649464, 4.69259923, 4.54519032, 4.00254727,\n        8.70991208],\n       [5.60205296, 0.96973328, 4.73218895, 4.46270308, 4.00465866,\n        8.71229524],\n       [5.54879922, 0.96849732, 4.73732782, 4.4959611 , 3.99520183,\n        8.74709199],\n       [5.5988862 , 0.98286231, 4.78894078, 4.48288034, 3.97472388,\n        8.72796348]]), array([0.15250541, 0.15313091, 0.15331958, 0.15335538, 0.15353647,\n       0.1539324 , 0.15410156]))", "callback": [0.5460788693490408, 0.44594430262265505, 0.44227703675281005, 0.27203142543499614, 0.19509675771161017, 0.18893668442488443, 0.17647921707674552, 0.15936045146064692, 0.1535364737650161]}, "1": {"maxiter": 100, "fatol": 1e-05, "xatol": 1e-10, "duration": 0.03383588790893555, "fun": "0.15250540529625023", "nit": "100", "nfev": "150", "status": "2", "success": "False", "message": "Maximum number of iterations has been exceeded.", "x": "[5.62157571 0.97383248 4.68953159 4.48437562 4.05015375 8.72942849]", "final_simplex": "(array([[5.62157571, 0.97383248, 4.68953159, 4.48437562, 4.05015375,\n        8.72942849],\n       [5.53844721, 0.9755895 , 4.75065581, 4.55216871, 4.00036812,\n        8.70028965],\n       [5.60396174, 0.95964837, 4.69485744, 4.51253816, 4.03108925,\n        8.78847394],\n       [5.56608815, 0.96649464, 4.69259923, 4.54519032, 4.00254727,\n        8.70991208],\n       [5.60205296, 0.96973328, 4.73218895, 4.46270308, 4.00465866,\n        8.71229524],\n       [5.54879922, 0.96849732, 4.73732782, 4.4959611 , 3.99520183,\n        8.74709199],\n       [5.5988862 , 0.98286231, 4.78894078, 4.48288034, 3.97472388,\n        8.72796348]]), array([0.15250541, 0.15313091, 0.15331958, 0.15335538, 0.15353647,\n       0.1539324 , 0.15410156]))", "callback": [0.5460788693490408, 0.44594430262265505, 0.44227703675281005, 0.27203142543499614, 0.19509675771161017, 0.18893668442488443, 0.17647921707674552, 0.15936045146064692, 0.1535364737650161]}, "2": {"maxiter": 100, "fatol": 1e-10, "xatol": 1e-05, "duration": 0.033573150634765625, "fun": "0.15250540529625023", "nit": "100", "nfev": "150", "status": "2", "success": "False", "message": "Maximum number of iterations has been exceeded.", "x": "[5.62157571 0.97383248 4.68953159 4.48437562 4.05015375 8.72942849]", "final_simplex": "(array([[5.62157571, 0.97383248, 4.68953159, 4.48437562, 4.05015375,\n        8.72942849],\n       [5.53844721, 0.9755895 , 4.75065581, 4.55216871, 4.00036812,\n        8.70028965],\n       [5.60396174, 0.95964837, 4.69485744, 4.51253816, 4.03108925,\n        8.78847394],\n       [5.56608815, 0.96649464, 4.69259923, 4.54519032, 4.00254727,\n        8.70991208],\n       [5.60205296, 0.96973328, 4.73218895, 4.46270308, 4.00465866,\n        8.71229524],\n       [5.54879922, 0.96849732, 4.73732782, 4.4959611 , 3.99520183,\n        8.74709199],\n       [5.5988862 , 0.98286231, 4.78894078, 4.48288034, 3.97472388,\n        8.72796348]]), array([0.15250541, 0.15313091, 0.15331958, 0.15335538, 0.15353647,\n       0.1539324 , 0.15410156]))", "callback": [0.5460788693490408, 0.44594430262265505, 0.44227703675281005, 0.27203142543499614, 0.19509675771161017, 0.18893668442488443, 0.17647921707674552, 0.15936045146064692, 0.1535364737650161]}, "3": {"maxiter": 100, "fatol": 1e-10, "xatol": 1e-10, "duration": 0.032968997955322266, "fun": "0.15250540529625023", "nit": "100", "nfev": "150", "status": "2", "success": "False", "message": "Maximum number of iterations has been exceeded.", "x": "[5.62157571 0.97383248 4.68953159 4.48437562 4.05015375 8.72942849]", "final_simplex": "(array([[5.62157571, 0.97383248, 4.68953159, 4.48437562, 4.05015375,\n        8.72942849],\n       [5.53844721, 0.9755895 , 4.75065581, 4.55216871, 4.00036812,\n        8.70028965],\n       [5.60396174, 0.95964837, 4.69485744, 4.51253816, 4.03108925,\n        8.78847394],\n       [5.56608815, 0.96649464, 4.69259923, 4.54519032, 4.00254727,\n        8.70991208],\n       [5.60205296, 0.96973328, 4.73218895, 4.46270308, 4.00465866,\n        8.71229524],\n       [5.54879922, 0.96849732, 4.73732782, 4.4959611 , 3.99520183,\n        8.74709199],\n       [5.5988862 , 0.98286231, 4.78894078, 4.48288034, 3.97472388,\n        8.72796348]]), array([0.15250541, 0.15313091, 0.15331958, 0.15335538, 0.15353647,\n       0.1539324 , 0.15410156]))", "callback": [0.5460788693490408, 0.44594430262265505, 0.44227703675281005, 0.27203142543499614, 0.19509675771161017, 0.18893668442488443, 0.17647921707674552, 0.15936045146064692, 0.1535364737650161]}, "4": {"maxiter": 500, "fatol": 1e-05, "xatol": 1e-05, "duration": 0.12976717948913574, "fun": "0.14775936728524386", "nit": "373", "nfev": "583", "status": "0", "success": "True", "message": "Optimization terminated successfully.", "x": "[5.54972677 1.31069011 4.54142589 4.48998985 4.12043661 8.64977624]", "final_simplex": "(array([[5.54972677, 1.31069011, 4.54142589, 4.48998985, 4.12043661,\n        8.64977624],\n       [5.54972693, 1.31068218, 4.5414337 , 4.48999029, 4.12043325,\n        8.64977773],\n       [5.54972836, 1.31068901, 4.54142901, 4.48998544, 4.12043444,\n        8.64977734],\n       [5.54972322, 1.31069009, 4.54142989, 4.48998724, 4.12043293,\n        8.64977683],\n       [5.54972692, 1.31068829, 4.54143115, 4.48998593, 4.12043272,\n        8.64977211],\n       [5.54972796, 1.31069169, 4.54143136, 4.48998462, 4.12043355,\n        8.64977578],\n       [5.54972462, 1.31069191, 4.54142759, 4.48999198, 4.12043346,\n        8.64977426]]), array([0.14775937, 0.14775937, 0.14775937, 0.14775937, 0.14775937,\n       0.14775937, 0.14775937]))", "callback": [0.5460788693490408, 0.44594430262265505, 0.44227703675281005, 0.27203142543499614, 0.19509675771161017, 0.18893668442488443, 0.17647921707674552, 0.15936045146064692, 0.1535364737650161, 0.15250540529625023, 0.15202772670710596, 0.15174209971179753, 0.15170309867087206, 0.1516626371779618, 0.1514064493722579, 0.1508571977445038, 0.1505654741772291, 0.15008067357481847, 0.14951078898866832, 0.14899021113997213, 0.14831365246908712, 0.14808111269670132, 0.14785950263975334, 0.1477786896775959, 0.1477707018045975, 0.14776086796953458, 0.14775962072545157, 0.14775939476569555, 0.14775938351867368, 0.1477593742685438, 0.14775936918747812, 0.1477593681635606, 0.14775936760314778, 0.14775936744506357, 0.14775936737116335, 0.14775936730189954, 0.147759367288134]}, "5": {"maxiter": 500, "fatol": 1e-05, "xatol": 1e-10, "duration": 0.17936992645263672, "fun": "0.14775936727468786", "nit": "500", "nfev": "804", "status": "2", "success": "False", "message": "Maximum number of iterations has been exceeded.", "x": "[5.5497224  1.31069039 4.54143187 4.48998937 4.12043984 8.6497744 ]", "final_simplex": "(array([[5.5497224 , 1.31069039, 4.54143187, 4.48998937, 4.12043984,\n        8.6497744 ],\n       [5.5497224 , 1.31069039, 4.54143187, 4.48998937, 4.12043984,\n        8.6497744 ],\n       [5.5497224 , 1.31069039, 4.54143187, 4.48998937, 4.12043984,\n        8.6497744 ],\n       [5.5497224 , 1.31069039, 4.54143187, 4.48998938, 4.12043984,\n        8.6497744 ],\n       [5.5497224 , 1.31069039, 4.54143187, 4.48998937, 4.12043984,\n        8.6497744 ],\n       [5.5497224 , 1.31069039, 4.54143187, 4.48998937, 4.12043984,\n        8.64977441],\n       [5.5497224 , 1.31069039, 4.54143187, 4.48998938, 4.12043984,\n        8.6497744 ]]), array([0.14775937, 0.14775937, 0.14775937, 0.14775937, 0.14775937,\n       0.14775937, 0.14775937]))", "callback": [0.5460788693490408, 0.44594430262265505, 0.44227703675281005, 0.27203142543499614, 0.19509675771161017, 0.18893668442488443, 0.17647921707674552, 0.15936045146064692, 0.1535364737650161, 0.15250540529625023, 0.15202772670710596, 0.15174209971179753, 0.15170309867087206, 0.1516626371779618, 0.1514064493722579, 0.1508571977445038, 0.1505654741772291, 0.15008067357481847, 0.14951078898866832, 0.14899021113997213, 0.14831365246908712, 0.14808111269670132, 0.14785950263975334, 0.1477786896775959, 0.1477707018045975, 0.14776086796953458, 0.14775962072545157, 0.14775939476569555, 0.14775938351867368, 0.1477593742685438, 0.14775936918747812, 0.1477593681635606, 0.14775936760314778, 0.14775936744506357, 0.14775936737116335, 0.14775936730189954, 0.147759367288134, 0.14775936728437755, 0.14775936728024608, 0.1477593672774551, 0.14775936727494132, 0.14775936727494132, 0.14775936727473815, 0.14775936727470418, 0.14775936727469796, 0.14775936727469063, 0.1477593672746892, 0.1477593672746883, 0.14775936727468808]}, "6": {"maxiter": 500, "fatol": 1e-10, "xatol": 1e-05, "duration": 0.12759661674499512, "fun": "0.14775936728524386", "nit": "373", "nfev": "583", "status": "0", "success": "True", "message": "Optimization terminated successfully.", "x": "[5.54972677 1.31069011 4.54142589 4.48998985 4.12043661 8.64977624]", "final_simplex": "(array([[5.54972677, 1.31069011, 4.54142589, 4.48998985, 4.12043661,\n        8.64977624],\n       [5.54972693, 1.31068218, 4.5414337 , 4.48999029, 4.12043325,\n        8.64977773],\n       [5.54972836, 1.31068901, 4.54142901, 4.48998544, 4.12043444,\n        8.64977734],\n       [5.54972322, 1.31069009, 4.54142989, 4.48998724, 4.12043293,\n        8.64977683],\n       [5.54972692, 1.31068829, 4.54143115, 4.48998593, 4.12043272,\n        8.64977211],\n       [5.54972796, 1.31069169, 4.54143136, 4.48998462, 4.12043355,\n        8.64977578],\n       [5.54972462, 1.31069191, 4.54142759, 4.48999198, 4.12043346,\n        8.64977426]]), array([0.14775937, 0.14775937, 0.14775937, 0.14775937, 0.14775937,\n       0.14775937, 0.14775937]))", "callback": [0.5460788693490408, 0.44594430262265505, 0.44227703675281005, 0.27203142543499614, 0.19509675771161017, 0.18893668442488443, 0.17647921707674552, 0.15936045146064692, 0.1535364737650161, 0.15250540529625023, 0.15202772670710596, 0.15174209971179753, 0.15170309867087206, 0.1516626371779618, 0.1514064493722579, 0.1508571977445038, 0.1505654741772291, 0.15008067357481847, 0.14951078898866832, 0.14899021113997213, 0.14831365246908712, 0.14808111269670132, 0.14785950263975334, 0.1477786896775959, 0.1477707018045975, 0.14776086796953458, 0.14775962072545157, 0.14775939476569555, 0.14775938351867368, 0.1477593742685438, 0.14775936918747812, 0.1477593681635606, 0.14775936760314778, 0.14775936744506357, 0.14775936737116335, 0.14775936730189954, 0.147759367288134]}, "7": {"maxiter": 500, "fatol": 1e-10, "xatol": 1e-10, "duration": 0.1933431625366211, "fun": "0.14775936727468786", "nit": "500", "nfev": "804", "status": "2", "success": "False", "message": "Maximum number of iterations has been exceeded.", "x": "[5.5497224  1.31069039 4.54143187 4.48998937 4.12043984 8.6497744 ]", "final_simplex": "(array([[5.5497224 , 1.31069039, 4.54143187, 4.48998937, 4.12043984,\n        8.6497744 ],\n       [5.5497224 , 1.31069039, 4.54143187, 4.48998937, 4.12043984,\n        8.6497744 ],\n       [5.5497224 , 1.31069039, 4.54143187, 4.48998937, 4.12043984,\n        8.6497744 ],\n       [5.5497224 , 1.31069039, 4.54143187, 4.48998938, 4.12043984,\n        8.6497744 ],\n       [5.5497224 , 1.31069039, 4.54143187, 4.48998937, 4.12043984,\n        8.6497744 ],\n       [5.5497224 , 1.31069039, 4.54143187, 4.48998937, 4.12043984,\n        8.64977441],\n       [5.5497224 , 1.31069039, 4.54143187, 4.48998938, 4.12043984,\n        8.6497744 ]]), array([0.14775937, 0.14775937, 0.14775937, 0.14775937, 0.14775937,\n       0.14775937, 0.14775937]))", "callback": [0.5460788693490408, 0.44594430262265505, 0.44227703675281005, 0.27203142543499614, 0.19509675771161017, 0.18893668442488443, 0.17647921707674552, 0.15936045146064692, 0.1535364737650161, 0.15250540529625023, 0.15202772670710596, 0.15174209971179753, 0.15170309867087206, 0.1516626371779618, 0.1514064493722579, 0.1508571977445038, 0.1505654741772291, 0.15008067357481847, 0.14951078898866832, 0.14899021113997213, 0.14831365246908712, 0.14808111269670132, 0.14785950263975334, 0.1477786896775959, 0.1477707018045975, 0.14776086796953458, 0.14775962072545157, 0.14775939476569555, 0.14775938351867368, 0.1477593742685438, 0.14775936918747812, 0.1477593681635606, 0.14775936760314778, 0.14775936744506357, 0.14775936737116335, 0.14775936730189954, 0.147759367288134, 0.14775936728437755, 0.14775936728024608, 0.1477593672774551, 0.14775936727494132, 0.14775936727494132, 0.14775936727473815, 0.14775936727470418, 0.14775936727469796, 0.14775936727469063, 0.1477593672746892, 0.1477593672746883, 0.14775936727468808]}, "8": {"maxiter": 1000, "fatol": 1e-05, "xatol": 1e-05, "duration": 0.13474512100219727, "fun": "0.14775936728524386", "nit": "373", "nfev": "583", "status": "0", "success": "True", "message": "Optimization terminated successfully.", "x": "[5.54972677 1.31069011 4.54142589 4.48998985 4.12043661 8.64977624]", "final_simplex": "(array([[5.54972677, 1.31069011, 4.54142589, 4.48998985, 4.12043661,\n        8.64977624],\n       [5.54972693, 1.31068218, 4.5414337 , 4.48999029, 4.12043325,\n        8.64977773],\n       [5.54972836, 1.31068901, 4.54142901, 4.48998544, 4.12043444,\n        8.64977734],\n       [5.54972322, 1.31069009, 4.54142989, 4.48998724, 4.12043293,\n        8.64977683],\n       [5.54972692, 1.31068829, 4.54143115, 4.48998593, 4.12043272,\n        8.64977211],\n       [5.54972796, 1.31069169, 4.54143136, 4.48998462, 4.12043355,\n        8.64977578],\n       [5.54972462, 1.31069191, 4.54142759, 4.48999198, 4.12043346,\n        8.64977426]]), array([0.14775937, 0.14775937, 0.14775937, 0.14775937, 0.14775937,\n       0.14775937, 0.14775937]))", "callback": [0.5460788693490408, 0.44594430262265505, 0.44227703675281005, 0.27203142543499614, 0.19509675771161017, 0.18893668442488443, 0.17647921707674552, 0.15936045146064692, 0.1535364737650161, 0.15250540529625023, 0.15202772670710596, 0.15174209971179753, 0.15170309867087206, 0.1516626371779618, 0.1514064493722579, 0.1508571977445038, 0.1505654741772291, 0.15008067357481847, 0.14951078898866832, 0.14899021113997213, 0.14831365246908712, 0.14808111269670132, 0.14785950263975334, 0.1477786896775959, 0.1477707018045975, 0.14776086796953458, 0.14775962072545157, 0.14775939476569555, 0.14775938351867368, 0.1477593742685438, 0.14775936918747812, 0.1477593681635606, 0.14775936760314778, 0.14775936744506357, 0.14775936737116335, 0.14775936730189954, 0.147759367288134]}, "9": {"maxiter": 1000, "fatol": 1e-05, "xatol": 1e-10, "duration": 0.20127201080322266, "fun": "0.14775936727468775", "nit": "523", "nfev": "880", "status": "0", "success": "True", "message": "Optimization terminated successfully.", "x": "[5.5497224  1.31069039 4.54143187 4.48998937 4.12043984 8.6497744 ]", "final_simplex": "(array([[5.5497224 , 1.31069039, 4.54143187, 4.48998937, 4.12043984,\n        8.6497744 ],\n       [5.5497224 , 1.31069039, 4.54143187, 4.48998937, 4.12043984,\n        8.6497744 ],\n       [5.5497224 , 1.31069039, 4.54143187, 4.48998937, 4.12043984,\n        8.6497744 ],\n       [5.5497224 , 1.31069039, 4.54143187, 4.48998937, 4.12043984,\n        8.6497744 ],\n       [5.5497224 , 1.31069039, 4.54143187, 4.48998937, 4.12043984,\n        8.6497744 ],\n       [5.5497224 , 1.31069039, 4.54143187, 4.48998937, 4.12043984,\n        8.6497744 ],\n       [5.5497224 , 1.31069039, 4.54143187, 4.48998937, 4.12043984,\n        8.6497744 ]]), array([0.14775937, 0.14775937, 0.14775937, 0.14775937, 0.14775937,\n       0.14775937, 0.14775937]))", "callback": [0.5460788693490408, 0.44594430262265505, 0.44227703675281005, 0.27203142543499614, 0.19509675771161017, 0.18893668442488443, 0.17647921707674552, 0.15936045146064692, 0.1535364737650161, 0.15250540529625023, 0.15202772670710596, 0.15174209971179753, 0.15170309867087206, 0.1516626371779618, 0.1514064493722579, 0.1508571977445038, 0.1505654741772291, 0.15008067357481847, 0.14951078898866832, 0.14899021113997213, 0.14831365246908712, 0.14808111269670132, 0.14785950263975334, 0.1477786896775959, 0.1477707018045975, 0.14776086796953458, 0.14775962072545157, 0.14775939476569555, 0.14775938351867368, 0.1477593742685438, 0.14775936918747812, 0.1477593681635606, 0.14775936760314778, 0.14775936744506357, 0.14775936737116335, 0.14775936730189954, 0.147759367288134, 0.14775936728437755, 0.14775936728024608, 0.1477593672774551, 0.14775936727494132, 0.14775936727494132, 0.14775936727473815, 0.14775936727470418, 0.14775936727469796, 0.14775936727469063, 0.1477593672746892, 0.1477593672746883, 0.14775936727468808, 0.14775936727468786, 0.14775936727468775, 0.14775936727468775]}, "10": {"maxiter": 1000, "fatol": 1e-10, "xatol": 1e-05, "duration": 0.14693212509155273, "fun": "0.14775936728524386", "nit": "373", "nfev": "583", "status": "0", "success": "True", "message": "Optimization terminated successfully.", "x": "[5.54972677 1.31069011 4.54142589 4.48998985 4.12043661 8.64977624]", "final_simplex": "(array([[5.54972677, 1.31069011, 4.54142589, 4.48998985, 4.12043661,\n        8.64977624],\n       [5.54972693, 1.31068218, 4.5414337 , 4.48999029, 4.12043325,\n        8.64977773],\n       [5.54972836, 1.31068901, 4.54142901, 4.48998544, 4.12043444,\n        8.64977734],\n       [5.54972322, 1.31069009, 4.54142989, 4.48998724, 4.12043293,\n        8.64977683],\n       [5.54972692, 1.31068829, 4.54143115, 4.48998593, 4.12043272,\n        8.64977211],\n       [5.54972796, 1.31069169, 4.54143136, 4.48998462, 4.12043355,\n        8.64977578],\n       [5.54972462, 1.31069191, 4.54142759, 4.48999198, 4.12043346,\n        8.64977426]]), array([0.14775937, 0.14775937, 0.14775937, 0.14775937, 0.14775937,\n       0.14775937, 0.14775937]))", "callback": [0.5460788693490408, 0.44594430262265505, 0.44227703675281005, 0.27203142543499614, 0.19509675771161017, 0.18893668442488443, 0.17647921707674552, 0.15936045146064692, 0.1535364737650161, 0.15250540529625023, 0.15202772670710596, 0.15174209971179753, 0.15170309867087206, 0.1516626371779618, 0.1514064493722579, 0.1508571977445038, 0.1505654741772291, 0.15008067357481847, 0.14951078898866832, 0.14899021113997213, 0.14831365246908712, 0.14808111269670132, 0.14785950263975334, 0.1477786896775959, 0.1477707018045975, 0.14776086796953458, 0.14775962072545157, 0.14775939476569555, 0.14775938351867368, 0.1477593742685438, 0.14775936918747812, 0.1477593681635606, 0.14775936760314778, 0.14775936744506357, 0.14775936737116335, 0.14775936730189954, 0.147759367288134]}, "11": {"maxiter": 1000, "fatol": 1e-10, "xatol": 1e-10, "duration": 0.20800995826721191, "fun": "0.14775936727468775", "nit": "523", "nfev": "880", "status": "0", "success": "True", "message": "Optimization terminated successfully.", "x": "[5.5497224  1.31069039 4.54143187 4.48998937 4.12043984 8.6497744 ]", "final_simplex": "(array([[5.5497224 , 1.31069039, 4.54143187, 4.48998937, 4.12043984,\n        8.6497744 ],\n       [5.5497224 , 1.31069039, 4.54143187, 4.48998937, 4.12043984,\n        8.6497744 ],\n       [5.5497224 , 1.31069039, 4.54143187, 4.48998937, 4.12043984,\n        8.6497744 ],\n       [5.5497224 , 1.31069039, 4.54143187, 4.48998937, 4.12043984,\n        8.6497744 ],\n       [5.5497224 , 1.31069039, 4.54143187, 4.48998937, 4.12043984,\n        8.6497744 ],\n       [5.5497224 , 1.31069039, 4.54143187, 4.48998937, 4.12043984,\n        8.6497744 ],\n       [5.5497224 , 1.31069039, 4.54143187, 4.48998937, 4.12043984,\n        8.6497744 ]]), array([0.14775937, 0.14775937, 0.14775937, 0.14775937, 0.14775937,\n       0.14775937, 0.14775937]))", "callback": [0.5460788693490408, 0.44594430262265505, 0.44227703675281005, 0.27203142543499614, 0.19509675771161017, 0.18893668442488443, 0.17647921707674552, 0.15936045146064692, 0.1535364737650161, 0.15250540529625023, 0.15202772670710596, 0.15174209971179753, 0.15170309867087206, 0.1516626371779618, 0.1514064493722579, 0.1508571977445038, 0.1505654741772291, 0.15008067357481847, 0.14951078898866832, 0.14899021113997213, 0.14831365246908712, 0.14808111269670132, 0.14785950263975334, 0.1477786896775959, 0.1477707018045975, 0.14776086796953458, 0.14775962072545157, 0.14775939476569555, 0.14775938351867368, 0.1477593742685438, 0.14775936918747812, 0.1477593681635606, 0.14775936760314778, 0.14775936744506357, 0.14775936737116335, 0.14775936730189954, 0.147759367288134, 0.14775936728437755, 0.14775936728024608, 0.1477593672774551, 0.14775936727494132, 0.14775936727494132, 0.14775936727473815, 0.14775936727470418, 0.14775936727469796, 0.14775936727469063, 0.1477593672746892, 0.1477593672746883, 0.14775936727468808, 0.14775936727468786, 0.14775936727468775, 0.14775936727468775]}}, "bfgs": {"type": "gradient", "0": {"maxiter": 100, "gtol": 1e-05, "xrtol": 1e-05, "eps": 1e-05, "duration": 0.05745720863342285, "fun": "0.14775936738960394", "jac": "[ 1.01494368e-06 -2.77167178e-07 -2.96096481e-08  1.15970566e-06\n -5.71183101e-06  3.81551457e-06]", "hess_inv": "[[ 5.79069832 -1.65256143 -0.57269844 -2.17391071  0.49000935  0.57996411]\n [-1.65256143 11.52797505 -5.67968601 -2.06345839  1.6081431  -2.49049983]\n [-0.57269844 -5.67968601  6.56443735  1.17511692 -1.73193994  0.19394053]\n [-2.17391071 -2.06345839  1.17511692  3.91395596 -0.41806414  0.39018743]\n [ 0.49000935  1.6081431  -1.73193994 -0.41806414  2.9318185   0.42723402]\n [ 0.57996411 -2.49049983  0.19394053  0.39018743  0.42723402  3.55147312]]", "nfev": "245", "njev": "35", "status": "0", "success": "True", "message": "Optimization terminated successfully.", "x": "[5.5497237  1.31066063 4.54144585 4.48999346 4.12041508 8.6497844 ]", "nit": "31", "callback": [0.38955500530012066, 0.16774111331609165, 0.14775937351476354]}, "1": {"maxiter": 100, "gtol": 1e-05, "xrtol": 1e-05, "eps": 1e-10, "duration": 0.05807209014892578, "fun": "0.14775936797284472", "jac": "[-1.11022293e-05 -4.44089173e-06  4.44089173e-06 -2.22044587e-06\n -1.11022293e-05  4.44089173e-06]", "hess_inv": "[[ 4.94837646 -2.30705566  0.47004061 -1.73526774 -0.31712742  0.84960266]\n [-2.30705566 11.93550893 -5.08879313 -0.87263317  2.51957227 -2.8677247 ]\n [ 0.47004061 -5.08879313  5.07745732 -0.03305003 -1.53503157  0.25612552]\n [-1.73526774 -0.87263317 -0.03305003  3.28339206  0.16776146  0.21388346]\n [-0.31712742  2.51957227 -1.53503157  0.16776146  3.23594026 -0.03314543]\n [ 0.84960266 -2.8677247   0.25612552  0.21388346 -0.03314543  3.66975793]]", "nfev": "245", "njev": "35", "status": "0", "success": "True", "message": "Optimization terminated successfully.", "x": "[5.54968079 1.3106173  4.54150099 4.49002117 4.12039034 8.64979837]", "nit": "31", "callback": [0.3896023903271999, 0.1677636174294801, 0.14775936961341463]}, "2": {"maxiter": 100, "gtol": 1e-05, "xrtol": 1e-10, "eps": 1e-05, "duration": 0.05666804313659668, "fun": "0.14775936738960394", "jac": "[ 1.01494368e-06 -2.77167178e-07 -2.96096481e-08  1.15970566e-06\n -5.71183101e-06  3.81551457e-06]", "hess_inv": "[[ 5.79069832 -1.65256143 -0.57269844 -2.17391071  0.49000935  0.57996411]\n [-1.65256143 11.52797505 -5.67968601 -2.06345839  1.6081431  -2.49049983]\n [-0.57269844 -5.67968601  6.56443735  1.17511692 -1.73193994  0.19394053]\n [-2.17391071 -2.06345839  1.17511692  3.91395596 -0.41806414  0.39018743]\n [ 0.49000935  1.6081431  -1.73193994 -0.41806414  2.9318185   0.42723402]\n [ 0.57996411 -2.49049983  0.19394053  0.39018743  0.42723402  3.55147312]]", "nfev": "245", "njev": "35", "status": "0", "success": "True", "message": "Optimization terminated successfully.", "x": "[5.5497237  1.31066063 4.54144585 4.48999346 4.12041508 8.6497844 ]", "nit": "31", "callback": [0.38955500530012066, 0.16774111331609165, 0.14775937351476354]}, "3": {"maxiter": 100, "gtol": 1e-05, "xrtol": 1e-10, "eps": 1e-10, "duration": 0.059008121490478516, "fun": "0.14775936785819743", "jac": "[ 9.99200639e-06  0.00000000e+00 -4.44089173e-06 -4.44089173e-06\n -6.66133760e-06  1.11022293e-06]", "hess_inv": "[[ 9.34730254  0.03192237 -2.7650662  -4.53899059  1.22969286  0.44720336]\n [ 0.03192237  9.14544922 -4.84641679 -2.65796189  1.10943689 -2.08757514]\n [-2.7650662  -4.84641679  6.50182284  2.17220008 -1.58638116  0.06839679]\n [-4.53899059 -2.65796189  2.17220008  5.04887985 -0.9811541   0.54294939]\n [ 1.22969286  1.10943689 -1.58638116 -0.9811541   2.54414806  0.375581  ]\n [ 0.44720336 -2.08757514  0.06839679  0.54294939  0.375581    3.46156964]]", "nfev": "252", "njev": "36", "status": "0", "success": "True", "message": "Optimization terminated successfully.", "x": "[5.54979858 1.31069548 4.54140681 4.48994723 4.12044036 8.64978377]", "nit": "32", "callback": [0.3896023903271999, 0.1677636174294801, 0.14775936961341463]}, "4": {"maxiter": 100, "gtol": 1e-10, "xrtol": 1e-05, "eps": 1e-05, "duration": 0.0579981803894043, "fun": "0.14775936729292682", "jac": "[-2.30571118e-07  2.19047003e-08  1.64368519e-07  5.69433389e-08\n -3.90354415e-07  4.26592095e-07]", "hess_inv": "[[ 5.71008373 -2.03088531 -0.31727679 -2.01812504  0.29145381  0.76245778]\n [-2.03088531 11.88661948 -5.68170258 -2.0097017   1.89861613 -2.68420711]\n [-0.31727679 -5.68170258  6.43070183  1.06261263 -1.79052446  0.20656327]\n [-2.01812504 -2.0097017   1.06261263  3.82788569 -0.42230273  0.37082859]\n [ 0.29145381  1.89861613 -1.79052446 -0.42230273  3.14282757  0.27525792]\n [ 0.76245778 -2.68420711  0.20656327  0.37082859  0.27525792  3.65510169]]", "nfev": "252", "njev": "36", "status": "0", "success": "True", "message": "Optimization terminated successfully.", "x": "[5.54971843 1.31068924 4.54143254 4.48998671 4.12043264 8.64977008]", "nit": "32", "callback": [0.38955500530012066, 0.16774111331609165, 0.14775937351476354]}, "5": {"maxiter": 100, "gtol": 1e-10, "xrtol": 1e-05, "eps": 1e-10, "duration": 0.05822110176086426, "fun": "0.14775936797284472", "jac": "[-1.11022293e-05 -4.44089173e-06  4.44089173e-06 -2.22044587e-06\n -1.11022293e-05  4.44089173e-06]", "hess_inv": "[[ 4.94837646 -2.30705566  0.47004061 -1.73526774 -0.31712742  0.84960266]\n [-2.30705566 11.93550893 -5.08879313 -0.87263317  2.51957227 -2.8677247 ]\n [ 0.47004061 -5.08879313  5.07745732 -0.03305003 -1.53503157  0.25612552]\n [-1.73526774 -0.87263317 -0.03305003  3.28339206  0.16776146  0.21388346]\n [-0.31712742  2.51957227 -1.53503157  0.16776146  3.23594026 -0.03314543]\n [ 0.84960266 -2.8677247   0.25612552  0.21388346 -0.03314543  3.66975793]]", "nfev": "245", "njev": "35", "status": "0", "success": "True", "message": "Optimization terminated successfully.", "x": "[5.54968079 1.3106173  4.54150099 4.49002117 4.12039034 8.64979837]", "nit": "31", "callback": [0.3896023903271999, 0.1677636174294801, 0.14775936961341463]}, "6": {"maxiter": 100, "gtol": 1e-10, "xrtol": 1e-10, "eps": 1e-05, "duration": 0.11574912071228027, "fun": "0.14775936729201156", "jac": "[-9.65894031e-09 -1.48769885e-09  1.20348176e-08  7.89368571e-09\n  1.30673250e-08  1.69864123e-09]", "hess_inv": "[[ 5.69184784 -1.69485458 -0.50037068 -2.12620142  0.46091091  0.60976549]\n [-1.69485458 12.41719025 -6.14709433 -2.31380887  2.17854586 -2.95667004]\n [-0.50037068 -6.14709433  6.78476516  1.28805795 -2.03364244  0.43663571]\n [-2.12620142 -2.31380887  1.28805795  3.97022334 -0.58300413  0.52129023]\n [ 0.46091091  2.17854586 -2.03364244 -0.58300413  3.28094559  0.13684194]\n [ 0.60976549 -2.95667004  0.43663571  0.52129023  0.13684194  3.79097519]]", "nfev": "502", "njev": "70", "status": "2", "success": "False", "message": "Desired error not necessarily achieved due to precision loss.", "x": "[5.54971983 1.31069176 4.54143047 4.48998545 4.1204343  8.64976864]", "nit": "33", "callback": [0.38955500530012066, 0.16774111331609165, 0.14775937351476354]}, "7": {"maxiter": 100, "gtol": 1e-10, "xrtol": 1e-10, "eps": 1e-10, "duration": 0.1269068717956543, "fun": "0.14775936729464467", "jac": "[ 1.11022293e-06  2.22044587e-06 -2.22044587e-06  1.11022293e-06\n  1.11022293e-06  0.00000000e+00]", "hess_inv": "[[ 1.09264245  0.14184887 -0.22852642 -0.82149464 -0.69597254 -0.19508412]\n [ 0.14184887  0.32754312  0.08123317 -0.09924961 -0.47817032  0.01650548]\n [-0.22852642  0.08123317  0.10930859  0.19630229 -0.00246916  0.01618709]\n [-0.82149464 -0.09924961  0.19630229  0.64081763  0.50432653  0.10738304]\n [-0.69597254 -0.47817032 -0.00246916  0.50432653  0.94321778  0.10105995]\n [-0.19508412  0.01650548  0.01618709  0.10738304  0.10105995  0.13563261]]", "nfev": "557", "njev": "78", "status": "2", "success": "False", "message": "Desired error not necessarily achieved due to precision loss.", "x": "[5.54972085 1.310709   4.54142003 4.48998891 4.12044342 8.64976665]", "nit": "46", "callback": [0.3896023903271999, 0.1677636174294801, 0.14775936961341463, 0.14775936729869055]}, "8": {"maxiter": 500, "gtol": 1e-05, "xrtol": 1e-05, "eps": 1e-05, "duration": 0.05602097511291504, "fun": "0.14775936738960394", "jac": "[ 1.01494368e-06 -2.77167178e-07 -2.96096481e-08  1.15970566e-06\n -5.71183101e-06  3.81551457e-06]", "hess_inv": "[[ 5.79069832 -1.65256143 -0.57269844 -2.17391071  0.49000935  0.57996411]\n [-1.65256143 11.52797505 -5.67968601 -2.06345839  1.6081431  -2.49049983]\n [-0.57269844 -5.67968601  6.56443735  1.17511692 -1.73193994  0.19394053]\n [-2.17391071 -2.06345839  1.17511692  3.91395596 -0.41806414  0.39018743]\n [ 0.49000935  1.6081431  -1.73193994 -0.41806414  2.9318185   0.42723402]\n [ 0.57996411 -2.49049983  0.19394053  0.39018743  0.42723402  3.55147312]]", "nfev": "245", "njev": "35", "status": "0", "success": "True", "message": "Optimization terminated successfully.", "x": "[5.5497237  1.31066063 4.54144585 4.48999346 4.12041508 8.6497844 ]", "nit": "31", "callback": [0.38955500530012066, 0.16774111331609165, 0.14775937351476354]}, "9": {"maxiter": 500, "gtol": 1e-05, "xrtol": 1e-05, "eps": 1e-10, "duration": 0.055934906005859375, "fun": "0.14775936797284472", "jac": "[-1.11022293e-05 -4.44089173e-06  4.44089173e-06 -2.22044587e-06\n -1.11022293e-05  4.44089173e-06]", "hess_inv": "[[ 4.94837646 -2.30705566  0.47004061 -1.73526774 -0.31712742  0.84960266]\n [-2.30705566 11.93550893 -5.08879313 -0.87263317  2.51957227 -2.8677247 ]\n [ 0.47004061 -5.08879313  5.07745732 -0.03305003 -1.53503157  0.25612552]\n [-1.73526774 -0.87263317 -0.03305003  3.28339206  0.16776146  0.21388346]\n [-0.31712742  2.51957227 -1.53503157  0.16776146  3.23594026 -0.03314543]\n [ 0.84960266 -2.8677247   0.25612552  0.21388346 -0.03314543  3.66975793]]", "nfev": "245", "njev": "35", "status": "0", "success": "True", "message": "Optimization terminated successfully.", "x": "[5.54968079 1.3106173  4.54150099 4.49002117 4.12039034 8.64979837]", "nit": "31", "callback": [0.3896023903271999, 0.1677636174294801, 0.14775936961341463]}, "10": {"maxiter": 500, "gtol": 1e-05, "xrtol": 1e-10, "eps": 1e-05, "duration": 0.056236982345581055, "fun": "0.14775936738960394", "jac": "[ 1.01494368e-06 -2.77167178e-07 -2.96096481e-08  1.15970566e-06\n -5.71183101e-06  3.81551457e-06]", "hess_inv": "[[ 5.79069832 -1.65256143 -0.57269844 -2.17391071  0.49000935  0.57996411]\n [-1.65256143 11.52797505 -5.67968601 -2.06345839  1.6081431  -2.49049983]\n [-0.57269844 -5.67968601  6.56443735  1.17511692 -1.73193994  0.19394053]\n [-2.17391071 -2.06345839  1.17511692  3.91395596 -0.41806414  0.39018743]\n [ 0.49000935  1.6081431  -1.73193994 -0.41806414  2.9318185   0.42723402]\n [ 0.57996411 -2.49049983  0.19394053  0.39018743  0.42723402  3.55147312]]", "nfev": "245", "njev": "35", "status": "0", "success": "True", "message": "Optimization terminated successfully.", "x": "[5.5497237  1.31066063 4.54144585 4.48999346 4.12041508 8.6497844 ]", "nit": "31", "callback": [0.38955500530012066, 0.16774111331609165, 0.14775937351476354]}, "11": {"maxiter": 500, "gtol": 1e-05, "xrtol": 1e-10, "eps": 1e-10, "duration": 0.05793190002441406, "fun": "0.14775936785819743", "jac": "[ 9.99200639e-06  0.00000000e+00 -4.44089173e-06 -4.44089173e-06\n -6.66133760e-06  1.11022293e-06]", "hess_inv": "[[ 9.34730254  0.03192237 -2.7650662  -4.53899059  1.22969286  0.44720336]\n [ 0.03192237  9.14544922 -4.84641679 -2.65796189  1.10943689 -2.08757514]\n [-2.7650662  -4.84641679  6.50182284  2.17220008 -1.58638116  0.06839679]\n [-4.53899059 -2.65796189  2.17220008  5.04887985 -0.9811541   0.54294939]\n [ 1.22969286  1.10943689 -1.58638116 -0.9811541   2.54414806  0.375581  ]\n [ 0.44720336 -2.08757514  0.06839679  0.54294939  0.375581    3.46156964]]", "nfev": "252", "njev": "36", "status": "0", "success": "True", "message": "Optimization terminated successfully.", "x": "[5.54979858 1.31069548 4.54140681 4.48994723 4.12044036 8.64978377]", "nit": "32", "callback": [0.3896023903271999, 0.1677636174294801, 0.14775936961341463]}, "12": {"maxiter": 500, "gtol": 1e-10, "xrtol": 1e-05, "eps": 1e-05, "duration": 0.057729244232177734, "fun": "0.14775936729292682", "jac": "[-2.30571118e-07  2.19047003e-08  1.64368519e-07  5.69433389e-08\n -3.90354415e-07  4.26592095e-07]", "hess_inv": "[[ 5.71008373 -2.03088531 -0.31727679 -2.01812504  0.29145381  0.76245778]\n [-2.03088531 11.88661948 -5.68170258 -2.0097017   1.89861613 -2.68420711]\n [-0.31727679 -5.68170258  6.43070183  1.06261263 -1.79052446  0.20656327]\n [-2.01812504 -2.0097017   1.06261263  3.82788569 -0.42230273  0.37082859]\n [ 0.29145381  1.89861613 -1.79052446 -0.42230273  3.14282757  0.27525792]\n [ 0.76245778 -2.68420711  0.20656327  0.37082859  0.27525792  3.65510169]]", "nfev": "252", "njev": "36", "status": "0", "success": "True", "message": "Optimization terminated successfully.", "x": "[5.54971843 1.31068924 4.54143254 4.48998671 4.12043264 8.64977008]", "nit": "32", "callback": [0.38955500530012066, 0.16774111331609165, 0.14775937351476354]}, "13": {"maxiter": 500, "gtol": 1e-10, "xrtol": 1e-05, "eps": 1e-10, "duration": 0.05666780471801758, "fun": "0.14775936797284472", "jac": "[-1.11022293e-05 -4.44089173e-06  4.44089173e-06 -2.22044587e-06\n -1.11022293e-05  4.44089173e-06]", "hess_inv": "[[ 4.94837646 -2.30705566  0.47004061 -1.73526774 -0.31712742  0.84960266]\n [-2.30705566 11.93550893 -5.08879313 -0.87263317  2.51957227 -2.8677247 ]\n [ 0.47004061 -5.08879313  5.07745732 -0.03305003 -1.53503157  0.25612552]\n [-1.73526774 -0.87263317 -0.03305003  3.28339206  0.16776146  0.21388346]\n [-0.31712742  2.51957227 -1.53503157  0.16776146  3.23594026 -0.03314543]\n [ 0.84960266 -2.8677247   0.25612552  0.21388346 -0.03314543  3.66975793]]", "nfev": "245", "njev": "35", "status": "0", "success": "True", "message": "Optimization terminated successfully.", "x": "[5.54968079 1.3106173  4.54150099 4.49002117 4.12039034 8.64979837]", "nit": "31", "callback": [0.3896023903271999, 0.1677636174294801, 0.14775936961341463]}, "14": {"maxiter": 500, "gtol": 1e-10, "xrtol": 1e-10, "eps": 1e-05, "duration": 0.11353707313537598, "fun": "0.14775936729201156", "jac": "[-9.65894031e-09 -1.48769885e-09  1.20348176e-08  7.89368571e-09\n  1.30673250e-08  1.69864123e-09]", "hess_inv": "[[ 5.69184784 -1.69485458 -0.50037068 -2.12620142  0.46091091  0.60976549]\n [-1.69485458 12.41719025 -6.14709433 -2.31380887  2.17854586 -2.95667004]\n [-0.50037068 -6.14709433  6.78476516  1.28805795 -2.03364244  0.43663571]\n [-2.12620142 -2.31380887  1.28805795  3.97022334 -0.58300413  0.52129023]\n [ 0.46091091  2.17854586 -2.03364244 -0.58300413  3.28094559  0.13684194]\n [ 0.60976549 -2.95667004  0.43663571  0.52129023  0.13684194  3.79097519]]", "nfev": "502", "njev": "70", "status": "2", "success": "False", "message": "Desired error not necessarily achieved due to precision loss.", "x": "[5.54971983 1.31069176 4.54143047 4.48998545 4.1204343  8.64976864]", "nit": "33", "callback": [0.38955500530012066, 0.16774111331609165, 0.14775937351476354]}, "15": {"maxiter": 500, "gtol": 1e-10, "xrtol": 1e-10, "eps": 1e-10, "duration": 0.12549400329589844, "fun": "0.14775936729464467", "jac": "[ 1.11022293e-06  2.22044587e-06 -2.22044587e-06  1.11022293e-06\n  1.11022293e-06  0.00000000e+00]", "hess_inv": "[[ 1.09264245  0.14184887 -0.22852642 -0.82149464 -0.69597254 -0.19508412]\n [ 0.14184887  0.32754312  0.08123317 -0.09924961 -0.47817032  0.01650548]\n [-0.22852642  0.08123317  0.10930859  0.19630229 -0.00246916  0.01618709]\n [-0.82149464 -0.09924961  0.19630229  0.64081763  0.50432653  0.10738304]\n [-0.69597254 -0.47817032 -0.00246916  0.50432653  0.94321778  0.10105995]\n [-0.19508412  0.01650548  0.01618709  0.10738304  0.10105995  0.13563261]]", "nfev": "557", "njev": "78", "status": "2", "success": "False", "message": "Desired error not necessarily achieved due to precision loss.", "x": "[5.54972085 1.310709   4.54142003 4.48998891 4.12044342 8.64976665]", "nit": "46", "callback": [0.3896023903271999, 0.1677636174294801, 0.14775936961341463, 0.14775936729869055]}, "16": {"maxiter": 1000, "gtol": 1e-05, "xrtol": 1e-05, "eps": 1e-05, "duration": 0.05648088455200195, "fun": "0.14775936738960394", "jac": "[ 1.01494368e-06 -2.77167178e-07 -2.96096481e-08  1.15970566e-06\n -5.71183101e-06  3.81551457e-06]", "hess_inv": "[[ 5.79069832 -1.65256143 -0.57269844 -2.17391071  0.49000935  0.57996411]\n [-1.65256143 11.52797505 -5.67968601 -2.06345839  1.6081431  -2.49049983]\n [-0.57269844 -5.67968601  6.56443735  1.17511692 -1.73193994  0.19394053]\n [-2.17391071 -2.06345839  1.17511692  3.91395596 -0.41806414  0.39018743]\n [ 0.49000935  1.6081431  -1.73193994 -0.41806414  2.9318185   0.42723402]\n [ 0.57996411 -2.49049983  0.19394053  0.39018743  0.42723402  3.55147312]]", "nfev": "245", "njev": "35", "status": "0", "success": "True", "message": "Optimization terminated successfully.", "x": "[5.5497237  1.31066063 4.54144585 4.48999346 4.12041508 8.6497844 ]", "nit": "31", "callback": [0.38955500530012066, 0.16774111331609165, 0.14775937351476354]}, "17": {"maxiter": 1000, "gtol": 1e-05, "xrtol": 1e-05, "eps": 1e-10, "duration": 0.055571794509887695, "fun": "0.14775936797284472", "jac": "[-1.11022293e-05 -4.44089173e-06  4.44089173e-06 -2.22044587e-06\n -1.11022293e-05  4.44089173e-06]", "hess_inv": "[[ 4.94837646 -2.30705566  0.47004061 -1.73526774 -0.31712742  0.84960266]\n [-2.30705566 11.93550893 -5.08879313 -0.87263317  2.51957227 -2.8677247 ]\n [ 0.47004061 -5.08879313  5.07745732 -0.03305003 -1.53503157  0.25612552]\n [-1.73526774 -0.87263317 -0.03305003  3.28339206  0.16776146  0.21388346]\n [-0.31712742  2.51957227 -1.53503157  0.16776146  3.23594026 -0.03314543]\n [ 0.84960266 -2.8677247   0.25612552  0.21388346 -0.03314543  3.66975793]]", "nfev": "245", "njev": "35", "status": "0", "success": "True", "message": "Optimization terminated successfully.", 