{"date": "2024/09/23/, 21:16:31", "conf_id": 87, "data_type": "orthogonal\n", "num_data_points": 1, "s_rank": 0, "unitary": "[[0.18663085-0.53122324j,-0.11886349-0.70040876j,0.28555095-0.02789305j,-0.12262021-0.2844587j],[-0.16702216+0.27758472j,0.27526351-0.29738586j,-0.01109314+0.22495461j,-0.77239203+0.28900673j],[0.61935415+0.12301792j,-0.31269928-0.03315917j,-0.61902762-0.19039079j,-0.27120731-0.0968989j],[0.42341754+0.0023929j,-0.05847358+0.47832119j,0.64900495-0.16218422j,-0.37182676-0.05229966j]]", "databatch_0": {"databatch": "[[[0.02575568-0.13204898j,-0.0054927-0.04215851j,-0.07929523-0.04340152j,-0.01744106+0.14419659j],[0.25623173-0.16359803j,0.0427546-0.05951467j,-0.05143188-0.18745687j,-0.31014165+0.22795823j],[0.18683379-0.2253343j,0.1428029-0.01685986j,-0.055133-0.1874919j,0.06194529+0.45532621j],[-0.11045955-0.14828026j,0.02742249-0.21453115j,-0.16338502-0.03006377j,0.3629393-0.26664226j]]]", "initial param values": "[2.78495257,3.12139334,3.90321921,4.85860825,5.46559123,0.59260467]", "nelder_mead": {"type": "gradient-free", "0": {"maxiter": 100, "fatol": 1e-05, "xatol": 1e-05, "duration": 0.04016280174255371, "fun": "0.37496552015102314", "nit": "100", "nfev": "163", "status": "2", "success": "False", "message": "Maximum number of iterations has been exceeded.", "x": "[4.37354191 2.59497838 6.03596372 4.40878308 3.65700383 0.53801093]", "final_simplex": "(array([[4.37354191, 2.59497838, 6.03596372, 4.40878308, 3.65700383,\n        0.53801093],\n       [4.49529994, 2.49360806, 6.02965108, 4.34856396, 3.60697892,\n        0.53763641],\n       [4.46711154, 2.57728353, 5.97927571, 4.56013949, 3.54177516,\n        0.5392803 ],\n       [4.44703726, 2.53518045, 5.84435432, 4.54016691, 3.63256771,\n        0.54342413],\n       [4.41954065, 2.53584754, 6.09587183, 4.36010687, 3.59168414,\n        0.54363686],\n       [4.40081818, 2.51516508, 6.02057805, 4.35548381, 3.65175601,\n        0.54837604],\n       [4.43216947, 2.45664133, 5.95241696, 4.58640676, 3.64068793,\n        0.54744852]]), array([0.37496552, 0.37660961, 0.37702845, 0.37722859, 0.3773598 ,\n       0.37796147, 0.37854117]))", "callback": [0.8130252681838787, 0.7693668801626397, 0.6326225503124939, 0.4443636989034472, 0.42646778962452625, 0.42541741614941775, 0.4105267660939663, 0.3907788664430818, 0.3798311646020811]}, "1": {"maxiter": 100, "fatol": 1e-05, "xatol": 1e-10, "duration": 0.03761792182922363, "fun": "0.37496552015102314", "nit": "100", "nfev": "163", "status": "2", "success": "False", "message": "Maximum number of iterations has been exceeded.", "x": "[4.37354191 2.59497838 6.03596372 4.40878308 3.65700383 0.53801093]", "final_simplex": "(array([[4.37354191, 2.59497838, 6.03596372, 4.40878308, 3.65700383,\n        0.53801093],\n       [4.49529994, 2.49360806, 6.02965108, 4.34856396, 3.60697892,\n        0.53763641],\n       [4.46711154, 2.57728353, 5.97927571, 4.56013949, 3.54177516,\n        0.5392803 ],\n       [4.44703726, 2.53518045, 5.84435432, 4.54016691, 3.63256771,\n        0.54342413],\n       [4.41954065, 2.53584754, 6.09587183, 4.36010687, 3.59168414,\n        0.54363686],\n       [4.40081818, 2.51516508, 6.02057805, 4.35548381, 3.65175601,\n        0.54837604],\n       [4.43216947, 2.45664133, 5.95241696, 4.58640676, 3.64068793,\n        0.54744852]]), array([0.37496552, 0.37660961, 0.37702845, 0.37722859, 0.3773598 ,\n       0.37796147, 0.37854117]))", "callback": [0.8130252681838787, 0.7693668801626397, 0.6326225503124939, 0.4443636989034472, 0.42646778962452625, 0.42541741614941775, 0.4105267660939663, 0.3907788664430818, 0.3798311646020811]}, "2": {"maxiter": 100, "fatol": 1e-10, "xatol": 1e-05, "duration": 0.03707385063171387, "fun": "0.37496552015102314", "nit": "100", "nfev": "163", "status": "2", "success": "False", "message": "Maximum number of iterations has been exceeded.", "x": "[4.37354191 2.59497838 6.03596372 4.40878308 3.65700383 0.53801093]", "final_simplex": "(array([[4.37354191, 2.59497838, 6.03596372, 4.40878308, 3.65700383,\n        0.53801093],\n       [4.49529994, 2.49360806, 6.02965108, 4.34856396, 3.60697892,\n        0.53763641],\n       [4.46711154, 2.57728353, 5.97927571, 4.56013949, 3.54177516,\n        0.5392803 ],\n       [4.44703726, 2.53518045, 5.84435432, 4.54016691, 3.63256771,\n        0.54342413],\n       [4.41954065, 2.53584754, 6.09587183, 4.36010687, 3.59168414,\n        0.54363686],\n       [4.40081818, 2.51516508, 6.02057805, 4.35548381, 3.65175601,\n        0.54837604],\n       [4.43216947, 2.45664133, 5.95241696, 4.58640676, 3.64068793,\n        0.54744852]]), array([0.37496552, 0.37660961, 0.37702845, 0.37722859, 0.3773598 ,\n       0.37796147, 0.37854117]))", "callback": [0.8130252681838787, 0.7693668801626397, 0.6326225503124939, 0.4443636989034472, 0.42646778962452625, 0.42541741614941775, 0.4105267660939663, 0.3907788664430818, 0.3798311646020811]}, "3": {"maxiter": 100, "fatol": 1e-10, "xatol": 1e-10, "duration": 0.0380401611328125, "fun": "0.37496552015102314", "nit": "100", "nfev": "163", "status": "2", "success": "False", "message": "Maximum number of iterations has been exceeded.", "x": "[4.37354191 2.59497838 6.03596372 4.40878308 3.65700383 0.53801093]", "final_simplex": "(array([[4.37354191, 2.59497838, 6.03596372, 4.40878308, 3.65700383,\n        0.53801093],\n       [4.49529994, 2.49360806, 6.02965108, 4.34856396, 3.60697892,\n        0.53763641],\n       [4.46711154, 2.57728353, 5.97927571, 4.56013949, 3.54177516,\n        0.5392803 ],\n       [4.44703726, 2.53518045, 5.84435432, 4.54016691, 3.63256771,\n        0.54342413],\n       [4.41954065, 2.53584754, 6.09587183, 4.36010687, 3.59168414,\n        0.54363686],\n       [4.40081818, 2.51516508, 6.02057805, 4.35548381, 3.65175601,\n        0.54837604],\n       [4.43216947, 2.45664133, 5.95241696, 4.58640676, 3.64068793,\n        0.54744852]]), array([0.37496552, 0.37660961, 0.37702845, 0.37722859, 0.3773598 ,\n       0.37796147, 0.37854117]))", "callback": [0.8130252681838787, 0.7693668801626397, 0.6326225503124939, 0.4443636989034472, 0.42646778962452625, 0.42541741614941775, 0.4105267660939663, 0.3907788664430818, 0.3798311646020811]}, "4": {"maxiter": 500, "fatol": 1e-05, "xatol": 1e-05, "duration": 0.18538975715637207, "fun": "0.17838164635601284", "nit": "476", "nfev": "743", "status": "0", "success": "True", "message": "Optimization terminated successfully.", "x": "[ 5.90960122  2.57394184  7.84334637  2.23744882  3.79339384 -0.41002845]", "final_simplex": "(array([[ 5.90960122,  2.57394184,  7.84334637,  2.23744882,  3.79339384,\n        -0.41002845],\n       [ 5.90960255,  2.5739436 ,  7.84334318,  2.2374463 ,  3.79339341,\n        -0.41003094],\n       [ 5.90960121,  2.57394828,  7.84334177,  2.2374527 ,  3.79339224,\n        -0.41002557],\n       [ 5.90960066,  2.57393545,  7.84335563,  2.23744231,  3.79339289,\n        -0.41002994],\n       [ 5.90959821,  2.57395079,  7.8433376 ,  2.23744968,  3.79339198,\n        -0.41002886],\n       [ 5.90959521,  2.57393856,  7.84334853,  2.23744829,  3.7933857 ,\n        -0.4100322 ],\n       [ 5.90960309,  2.57393692,  7.84335026,  2.23744548,  3.79339382,\n        -0.41003282]]), array([0.17838165, 0.17838165, 0.17838165, 0.17838165, 0.17838165,\n       0.17838165, 0.17838165]))", "callback": [0.8130252681838787, 0.7693668801626397, 0.6326225503124939, 0.4443636989034472, 0.42646778962452625, 0.42541741614941775, 0.4105267660939663, 0.3907788664430818, 0.3798311646020811, 0.37496552015102314, 0.3629931801826942, 0.30873293625076403, 0.23308145916667455, 0.2017272315454226, 0.1968578748912646, 0.1930074049209226, 0.192549735971846, 0.19231991802634185, 0.19214287658405538, 0.19181525520493725, 0.19142107171097966, 0.19132394031658861, 0.1912449736248465, 0.19119799339894883, 0.1911867601586873, 0.19105132674016923, 0.19047798224174262, 0.18926098803498692, 0.18595098694844758, 0.18428791614936402, 0.1809060330879423, 0.18004329500712024, 0.17874124364261346, 0.17853977060351223, 0.17843356068415117, 0.17838855352935945, 0.17838373353096082, 0.1783822525754133, 0.17838178971161422, 0.1783817088302987, 0.17838166657980836, 0.17838165588085075, 0.17838164773538723, 0.17838164673294976, 0.1783816463966117, 0.17838164637146914, 0.17838164635644582]}, "5": {"maxiter": 500, "fatol": 1e-05, "xatol": 1e-10, "duration": 0.22158002853393555, "fun": "0.17838164635288667", "nit": "500", "nfev": "780", "status": "2", "success": "False", "message": "Maximum number of iterations has been exceeded.", "x": "[ 5.90959933  2.57393791  7.84334863  2.23744815  3.79338755 -0.41003035]", "final_simplex": "(array([[ 5.90959933,  2.57393791,  7.84334863,  2.23744815,  3.79338755,\n        -0.41003035],\n       [ 5.90960039,  2.57393659,  7.84335128,  2.23744778,  3.79338857,\n        -0.41002934],\n       [ 5.90960092,  2.57394039,  7.84334705,  2.23744829,  3.79338975,\n        -0.41002882],\n       [ 5.90960025,  2.57393503,  7.84335275,  2.23744635,  3.79338881,\n        -0.41002999],\n       [ 5.90959938,  2.57393862,  7.84334858,  2.23744809,  3.79338844,\n        -0.41003019],\n       [ 5.90960116,  2.57393391,  7.84335276,  2.23744672,  3.79338859,\n        -0.41003061],\n       [ 5.90959999,  2.57393763,  7.84334964,  2.2374493 ,  3.79338918,\n        -0.4100288 ]]), array([0.17838165, 0.17838165, 0.17838165, 0.17838165, 0.17838165,\n       0.17838165, 0.17838165]))", "callback": [0.8130252681838787, 0.7693668801626397, 0.6326225503124939, 0.4443636989034472, 0.42646778962452625, 0.42541741614941775, 0.4105267660939663, 0.3907788664430818, 0.3798311646020811, 0.37496552015102314, 0.3629931801826942, 0.30873293625076403, 0.23308145916667455, 0.2017272315454226, 0.1968578748912646, 0.1930074049209226, 0.192549735971846, 0.19231991802634185, 0.19214287658405538, 0.19181525520493725, 0.19142107171097966, 0.19132394031658861, 0.1912449736248465, 0.19119799339894883, 0.1911867601586873, 0.19105132674016923, 0.19047798224174262, 0.18926098803498692, 0.18595098694844758, 0.18428791614936402, 0.1809060330879423, 0.18004329500712024, 0.17874124364261346, 0.17853977060351223, 0.17843356068415117, 0.17838855352935945, 0.17838373353096082, 0.1783822525754133, 0.17838178971161422, 0.1783817088302987, 0.17838166657980836, 0.17838165588085075, 0.17838164773538723, 0.17838164673294976, 0.1783816463966117, 0.17838164637146914, 0.17838164635644582, 0.17838164635408815, 0.17838164635299947]}, "6": {"maxiter": 500, "fatol": 1e-10, "xatol": 1e-05, "duration": 0.2093360424041748, "fun": "0.17838164635601284", "nit": "476", "nfev": "743", "status": "0", "success": "True", "message": "Optimization terminated successfully.", "x": "[ 5.90960122  2.57394184  7.84334637  2.23744882  3.79339384 -0.41002845]", "final_simplex": "(array([[ 5.90960122,  2.57394184,  7.84334637,  2.23744882,  3.79339384,\n        -0.41002845],\n       [ 5.90960255,  2.5739436 ,  7.84334318,  2.2374463 ,  3.79339341,\n        -0.41003094],\n       [ 5.90960121,  2.57394828,  7.84334177,  2.2374527 ,  3.79339224,\n        -0.41002557],\n       [ 5.90960066,  2.57393545,  7.84335563,  2.23744231,  3.79339289,\n        -0.41002994],\n       [ 5.90959821,  2.57395079,  7.8433376 ,  2.23744968,  3.79339198,\n        -0.41002886],\n       [ 5.90959521,  2.57393856,  7.84334853,  2.23744829,  3.7933857 ,\n        -0.4100322 ],\n       [ 5.90960309,  2.57393692,  7.84335026,  2.23744548,  3.79339382,\n        -0.41003282]]), array([0.17838165, 0.17838165, 0.17838165, 0.17838165, 0.17838165,\n       0.17838165, 0.17838165]))", "callback": [0.8130252681838787, 0.7693668801626397, 0.6326225503124939, 0.4443636989034472, 0.42646778962452625, 0.42541741614941775, 0.4105267660939663, 0.3907788664430818, 0.3798311646020811, 0.37496552015102314, 0.3629931801826942, 0.30873293625076403, 0.23308145916667455, 0.2017272315454226, 0.1968578748912646, 0.1930074049209226, 0.192549735971846, 0.19231991802634185, 0.19214287658405538, 0.19181525520493725, 0.19142107171097966, 0.19132394031658861, 0.1912449736248465, 0.19119799339894883, 0.1911867601586873, 0.19105132674016923, 0.19047798224174262, 0.18926098803498692, 0.18595098694844758, 0.18428791614936402, 0.1809060330879423, 0.18004329500712024, 0.17874124364261346, 0.17853977060351223, 0.17843356068415117, 0.17838855352935945, 0.17838373353096082, 0.1783822525754133, 0.17838178971161422, 0.1783817088302987, 0.17838166657980836, 0.17838165588085075, 0.17838164773538723, 0.17838164673294976, 0.1783816463966117, 0.17838164637146914, 0.17838164635644582]}, "7": {"maxiter": 500, "fatol": 1e-10, "xatol": 1e-10, "duration": 0.21983885765075684, "fun": "0.17838164635288667", "nit": "500", "nfev": "780", "status": "2", "success": "False", "message": "Maximum number of iterations has been exceeded.", "x": "[ 5.90959933  2.57393791  7.84334863  2.23744815  3.79338755 -0.41003035]", "final_simplex": "(array([[ 5.90959933,  2.57393791,  7.84334863,  2.23744815,  3.79338755,\n        -0.41003035],\n       [ 5.90960039,  2.57393659,  7.84335128,  2.23744778,  3.79338857,\n        -0.41002934],\n       [ 5.90960092,  2.57394039,  7.84334705,  2.23744829,  3.79338975,\n        -0.41002882],\n       [ 5.90960025,  2.57393503,  7.84335275,  2.23744635,  3.79338881,\n        -0.41002999],\n       [ 5.90959938,  2.57393862,  7.84334858,  2.23744809,  3.79338844,\n        -0.41003019],\n       [ 5.90960116,  2.57393391,  7.84335276,  2.23744672,  3.79338859,\n        -0.41003061],\n       [ 5.90959999,  2.57393763,  7.84334964,  2.2374493 ,  3.79338918,\n        -0.4100288 ]]), array([0.17838165, 0.17838165, 0.17838165, 0.17838165, 0.17838165,\n       0.17838165, 0.17838165]))", "callback": [0.8130252681838787, 0.7693668801626397, 0.6326225503124939, 0.4443636989034472, 0.42646778962452625, 0.42541741614941775, 0.4105267660939663, 0.3907788664430818, 0.3798311646020811, 0.37496552015102314, 0.3629931801826942, 0.30873293625076403, 0.23308145916667455, 0.2017272315454226, 0.1968578748912646, 0.1930074049209226, 0.192549735971846, 0.19231991802634185, 0.19214287658405538, 0.19181525520493725, 0.19142107171097966, 0.19132394031658861, 0.1912449736248465, 0.19119799339894883, 0.1911867601586873, 0.19105132674016923, 0.19047798224174262, 0.18926098803498692, 0.18595098694844758, 0.18428791614936402, 0.1809060330879423, 0.18004329500712024, 0.17874124364261346, 0.17853977060351223, 0.17843356068415117, 0.17838855352935945, 0.17838373353096082, 0.1783822525754133, 0.17838178971161422, 0.1783817088302987, 0.17838166657980836, 0.17838165588085075, 0.17838164773538723, 0.17838164673294976, 0.1783816463966117, 0.17838164637146914, 0.17838164635644582, 0.17838164635408815, 0.17838164635299947]}, "8": {"maxiter": 1000, "fatol": 1e-05, "xatol": 1e-05, "duration": 0.2023921012878418, "fun": "0.17838164635601284", "nit": "476", "nfev": "743", "status": "0", "success": "True", "message": "Optimization terminated successfully.", "x": "[ 5.90960122  2.57394184  7.84334637  2.23744882  3.79339384 -0.41002845]", "final_simplex": "(array([[ 5.90960122,  2.57394184,  7.84334637,  2.23744882,  3.79339384,\n        -0.41002845],\n       [ 5.90960255,  2.5739436 ,  7.84334318,  2.2374463 ,  3.79339341,\n        -0.41003094],\n       [ 5.90960121,  2.57394828,  7.84334177,  2.2374527 ,  3.79339224,\n        -0.41002557],\n       [ 5.90960066,  2.57393545,  7.84335563,  2.23744231,  3.79339289,\n        -0.41002994],\n       [ 5.90959821,  2.57395079,  7.8433376 ,  2.23744968,  3.79339198,\n        -0.41002886],\n       [ 5.90959521,  2.57393856,  7.84334853,  2.23744829,  3.7933857 ,\n        -0.4100322 ],\n       [ 5.90960309,  2.57393692,  7.84335026,  2.23744548,  3.79339382,\n        -0.41003282]]), array([0.17838165, 0.17838165, 0.17838165, 0.17838165, 0.17838165,\n       0.17838165, 0.17838165]))", "callback": [0.8130252681838787, 0.7693668801626397, 0.6326225503124939, 0.4443636989034472, 0.42646778962452625, 0.42541741614941775, 0.4105267660939663, 0.3907788664430818, 0.3798311646020811, 0.37496552015102314, 0.3629931801826942, 0.30873293625076403, 0.23308145916667455, 0.2017272315454226, 0.1968578748912646, 0.1930074049209226, 0.192549735971846, 0.19231991802634185, 0.19214287658405538, 0.19181525520493725, 0.19142107171097966, 0.19132394031658861, 0.1912449736248465, 0.19119799339894883, 0.1911867601586873, 0.19105132674016923, 0.19047798224174262, 0.18926098803498692, 0.18595098694844758, 0.18428791614936402, 0.1809060330879423, 0.18004329500712024, 0.17874124364261346, 0.17853977060351223, 0.17843356068415117, 0.17838855352935945, 0.17838373353096082, 0.1783822525754133, 0.17838178971161422, 0.1783817088302987, 0.17838166657980836, 0.17838165588085075, 0.17838164773538723, 0.17838164673294976, 0.1783816463966117, 0.17838164637146914, 0.17838164635644582]}, "9": {"maxiter": 1000, "fatol": 1e-05, "xatol": 1e-10, "duration": 0.23750567436218262, "fun": "0.17838164635275044", "nit": "580", "nfev": "983", "status": "0", "success": "True", "message": "Optimization terminated successfully.", "x": "[ 5.90960021  2.57393924  7.8433473   2.23744832  3.7933881  -0.41003011]", "final_simplex": "(array([[ 5.90960021,  2.57393924,  7.8433473 ,  2.23744832,  3.7933881 ,\n        -0.41003011],\n       [ 5.90960021,  2.57393924,  7.8433473 ,  2.23744832,  3.7933881 ,\n        -0.41003011],\n       [ 5.90960021,  2.57393924,  7.8433473 ,  2.23744832,  3.7933881 ,\n        -0.41003011],\n       [ 5.90960021,  2.57393924,  7.8433473 ,  2.23744832,  3.7933881 ,\n        -0.41003011],\n       [ 5.90960021,  2.57393924,  7.8433473 ,  2.23744832,  3.7933881 ,\n        -0.41003011],\n       [ 5.90960021,  2.57393924,  7.8433473 ,  2.23744832,  3.7933881 ,\n        -0.41003011],\n       [ 5.90960021,  2.57393924,  7.8433473 ,  2.23744832,  3.7933881 ,\n        -0.41003011]]), array([0.17838165, 0.17838165, 0.17838165, 0.17838165, 0.17838165,\n       0.17838165, 0.17838165]))", "callback": [0.8130252681838787, 0.7693668801626397, 0.6326225503124939, 0.4443636989034472, 0.42646778962452625, 0.42541741614941775, 0.4105267660939663, 0.3907788664430818, 0.3798311646020811, 0.37496552015102314, 0.3629931801826942, 0.30873293625076403, 0.23308145916667455, 0.2017272315454226, 0.1968578748912646, 0.1930074049209226, 0.192549735971846, 0.19231991802634185, 0.19214287658405538, 0.19181525520493725, 0.19142107171097966, 0.19132394031658861, 0.1912449736248465, 0.19119799339894883, 0.1911867601586873, 0.19105132674016923, 0.19047798224174262, 0.18926098803498692, 0.18595098694844758, 0.18428791614936402, 0.1809060330879423, 0.18004329500712024, 0.17874124364261346, 0.17853977060351223, 0.17843356068415117, 0.17838855352935945, 0.17838373353096082, 0.1783822525754133, 0.17838178971161422, 0.1783817088302987, 0.17838166657980836, 0.17838165588085075, 0.17838164773538723, 0.17838164673294976, 0.1783816463966117, 0.17838164637146914, 0.17838164635644582, 0.17838164635408815, 0.17838164635299947, 0.17838164635288667, 0.1783816463527802, 0.178381646352756, 0.1783816463527521, 0.17838164635275056, 0.17838164635275044, 0.17838164635275044, 0.17838164635275044, 0.17838164635275044]}, "10": {"maxiter": 1000, "fatol": 1e-10, "xatol": 1e-05, "duration": 0.17306303977966309, "fun": "0.17838164635601284", "nit": "476", "nfev": "743", "status": "0", "success": "True", "message": "Optimization terminated successfully.", "x": "[ 5.90960122  2.57394184  7.84334637  2.23744882  3.79339384 -0.41002845]", "final_simplex": "(array([[ 5.90960122,  2.57394184,  7.84334637,  2.23744882,  3.79339384,\n        -0.41002845],\n       [ 5.90960255,  2.5739436 ,  7.84334318,  2.2374463 ,  3.79339341,\n        -0.41003094],\n       [ 5.90960121,  2.57394828,  7.84334177,  2.2374527 ,  3.79339224,\n        -0.41002557],\n       [ 5.90960066,  2.57393545,  7.84335563,  2.23744231,  3.79339289,\n        -0.41002994],\n       [ 5.90959821,  2.57395079,  7.8433376 ,  2.23744968,  3.79339198,\n        -0.41002886],\n       [ 5.90959521,  2.57393856,  7.84334853,  2.23744829,  3.7933857 ,\n        -0.4100322 ],\n       [ 5.90960309,  2.57393692,  7.84335026,  2.23744548,  3.79339382,\n        -0.41003282]]), array([0.17838165, 0.17838165, 0.17838165, 0.17838165, 0.17838165,\n       0.17838165, 0.17838165]))", "callback": [0.8130252681838787, 0.7693668801626397, 0.6326225503124939, 0.4443636989034472, 0.42646778962452625, 0.42541741614941775, 0.4105267660939663, 0.3907788664430818, 0.3798311646020811, 0.37496552015102314, 0.3629931801826942, 0.30873293625076403, 0.23308145916667455, 0.2017272315454226, 0.1968578748912646, 0.1930074049209226, 0.192549735971846, 0.19231991802634185, 0.19214287658405538, 0.19181525520493725, 0.19142107171097966, 0.19132394031658861, 0.1912449736248465, 0.19119799339894883, 0.1911867601586873, 0.19105132674016923, 0.19047798224174262, 0.18926098803498692, 0.18595098694844758, 0.18428791614936402, 0.1809060330879423, 0.18004329500712024, 0.17874124364261346, 0.17853977060351223, 0.17843356068415117, 0.17838855352935945, 0.17838373353096082, 0.1783822525754133, 0.17838178971161422, 0.1783817088302987, 0.17838166657980836, 0.17838165588085075, 0.17838164773538723, 0.17838164673294976, 0.1783816463966117, 0.17838164637146914, 0.17838164635644582]}, "11": {"maxiter": 1000, "fatol": 1e-10, "xatol": 1e-10, "duration": 0.21914100646972656, "fun": "0.17838164635275044", "nit": "580", "nfev": "983", "status": "0", "success": "True", "message": "Optimization terminated successfully.", "x": "[ 5.90960021  2.57393924  7.8433473   2.23744832  3.7933881  -0.41003011]", "final_simplex": "(array([[ 5.90960021,  2.57393924,  7.8433473 ,  2.23744832,  3.7933881 ,\n        -0.41003011],\n       [ 5.90960021,  2.57393924,  7.8433473 ,  2.23744832,  3.7933881 ,\n        -0.41003011],\n       [ 5.90960021,  2.57393924,  7.8433473 ,  2.23744832,  3.7933881 ,\n        -0.41003011],\n       [ 5.90960021,  2.57393924,  7.8433473 ,  2.23744832,  3.7933881 ,\n        -0.41003011],\n       [ 5.90960021,  2.57393924,  7.8433473 ,  2.23744832,  3.7933881 ,\n        -0.41003011],\n       [ 5.90960021,  2.57393924,  7.8433473 ,  2.23744832,  3.7933881 ,\n        -0.41003011],\n       [ 5.90960021,  2.57393924,  7.8433473 ,  2.23744832,  3.7933881 ,\n        -0.41003011]]), array([0.17838165, 0.17838165, 0.17838165, 0.17838165, 0.17838165,\n       0.17838165, 0.17838165]))", "callback": [0.8130252681838787, 0.7693668801626397, 0.6326225503124939, 0.4443636989034472, 0.42646778962452625, 0.42541741614941775, 0.4105267660939663, 0.3907788664430818, 0.3798311646020811, 0.37496552015102314, 0.3629931801826942, 0.30873293625076403, 0.23308145916667455, 0.2017272315454226, 0.1968578748912646, 0.1930074049209226, 0.192549735971846, 0.19231991802634185, 0.19214287658405538, 0.19181525520493725, 0.19142107171097966, 0.19132394031658861, 0.1912449736248465, 0.19119799339894883, 0.1911867601586873, 0.19105132674016923, 0.19047798224174262, 0.18926098803498692, 0.18595098694844758, 0.18428791614936402, 0.1809060330879423, 0.18004329500712024, 0.17874124364261346, 0.17853977060351223, 0.17843356068415117, 0.17838855352935945, 0.17838373353096082, 0.1783822525754133, 0.17838178971161422, 0.1783817088302987, 0.17838166657980836, 0.17838165588085075, 0.17838164773538723, 0.17838164673294976, 0.1783816463966117, 0.17838164637146914, 0.17838164635644582, 0.17838164635408815, 0.17838164635299947, 0.17838164635288667, 0.1783816463527802, 0.178381646352756, 0.1783816463527521, 0.17838164635275056, 0.17838164635275044, 0.17838164635275044, 0.17838164635275044, 0.17838164635275044]}}, "bfgs": {"type": "gradient", "0": {"maxiter": 100, "gtol": 1e-05, "xrtol": 1e-05, "eps": 1e-05, "duration": 0.06557607650756836, "fun": "0.17838164673892498", "jac": "[-6.36832809e-06 -8.15190138e-06 -7.60634888e-06  2.41735520e-06\n  6.42070841e-06 -1.61776148e-06]", "hess_inv": "[[  4.5913868   -1.91435091   3.1027037   -2.12320885   2.50373266\n   -0.86485137]\n [ -1.91435091  52.40127724 -58.16574803  20.76162736   0.61464715\n    2.59706686]\n [  3.1027037  -58.16574803  70.26184042 -26.35661336   3.07140902\n    0.7221259 ]\n [ -2.12320885  20.76162736 -26.35661336  15.10854371  -2.71588947\n    0.19069708]\n [  2.50373266   0.61464715   3.07140902  -2.71588947   7.58851108\n    3.96302285]\n [ -0.86485137   2.59706686   0.7221259    0.19069708   3.96302285\n    6.96146416]]", "nfev": "280", "njev": "40", "status": "0", "success": "True", "message": "Optimization terminated successfully.", "x": "[ 5.90957239  2.5739678   7.84325767  2.23748637  3.79335408 -0.41006133]", "nit": "30", "callback": [0.27856538679964504, 0.1796358664789398, 0.17838164673892498]}, "1": {"maxiter": 100, "gtol": 1e-05, "xrtol": 1e-05, "eps": 1e-10, "duration": 0.0666952133178711, "fun": "0.17838164644242893", "jac": "[-1.11022293e-06  0.00000000e+00 -2.22044587e-06  1.11022293e-06\n  3.33066880e-06  0.00000000e+00]", "hess_inv": "[[ 4.42442312e+00 -1.28614750e+00  2.24762405e+00 -1.40139864e+00\n   2.49352186e+00 -7.88636464e-01]\n [-1.28614750e+00  5.70833267e+01 -6.26335732e+01  2.27893365e+01\n   2.73268350e-01  2.59403362e+00]\n [ 2.24762405e+00 -6.26335732e+01  7.40164741e+01 -2.75773101e+01\n   3.21642269e+00  7.34456718e-01]\n [-1.40139864e+00  2.27893365e+01 -2.75773101e+01  1.49847612e+01\n  -2.67236161e+00  5.37969489e-02]\n [ 2.49352186e+00  2.73268350e-01  3.21642269e+00 -2.67236161e+00\n   7.47603750e+00  3.90454381e+00]\n [-7.88636464e-01  2.59403362e+00  7.34456718e-01  5.37969489e-02\n   3.90454381e+00  6.96442653e+00]]", "nfev": "287", "njev": "41", "status": "0", "success": "True", "message": "Optimization terminated successfully.", "x": "[ 5.90958558  2.57400908  7.84325522  2.23748715  3.79337078 -0.41003467]", "nit": "31", "callback": [0.27855211921025425, 0.17963648582515002, 0.17838164673957368]}, "2": {"maxiter": 100, "gtol": 1e-05, "xrtol": 1e-10, "eps": 1e-05, "duration": 0.06450200080871582, "fun": "0.17838164673892498", "jac": "[-6.36832809e-06 -8.15190138e-06 -7.60634888e-06  2.41735520e-06\n  6.42070841e-06 -1.61776148e-06]", "hess_inv": "[[  4.5913868   -1.91435091   3.1027037   -2.12320885   2.50373266\n   -0.86485137]\n [ -1.91435091  52.40127724 -58.16574803  20.76162736   0.61464715\n    2.59706686]\n [  3.1027037  -58.16574803  70.26184042 -26.35661336   3.07140902\n    0.7221259 ]\n [ -2.12320885  20.76162736 -26.35661336  15.10854371  -2.71588947\n    0.19069708]\n [  2.50373266   0.61464715   3.07140902  -2.71588947   7.58851108\n    3.96302285]\n [ -0.86485137   2.59706686   0.7221259    0.19069708   3.96302285\n    6.96146416]]", "nfev": "280", "njev": "40", "status": "0", "success": "True", "message": "Optimization terminated successfully.", "x": "[ 5.90957239  2.5739678   7.84325767  2.23748637  3.79335408 -0.41006133]", "nit": "30", "callback": [0.27856538679964504, 0.1796358664789398, 0.17838164673892498]}, "3": {"maxiter": 100, "gtol": 1e-05, "xrtol": 1e-10, "eps": 1e-10, "duration": 0.06845617294311523, "fun": "0.17838164644242893", "jac": "[-1.11022293e-06  0.00000000e+00 -2.22044587e-06  1.11022293e-06\n  3.33066880e-06  0.00000000e+00]", "hess_inv": "[[ 4.42442312e+00 -1.28614750e+00  2.24762405e+00 -1.40139864e+00\n   2.49352186e+00 -7.88636464e-01]\n [-1.28614750e+00  5.70833267e+01 -6.26335732e+01  2.27893365e+01\n   2.73268350e-01  2.59403362e+00]\n [ 2.24762405e+00 -6.26335732e+01  7.40164741e+01 -2.75773101e+01\n   3.21642269e+00  7.34456718e-01]\n [-1.40139864e+00  2.27893365e+01 -2.75773101e+01  1.49847612e+01\n  -2.67236161e+00  5.37969489e-02]\n [ 2.49352186e+00  2.73268350e-01  3.21642269e+00 -2.67236161e+00\n   7.47603750e+00  3.90454381e+00]\n [-7.88636464e-01  2.59403362e+00  7.34456718e-01  5.37969489e-02\n   3.90454381e+00  6.96442653e+00]]", "nfev": "287", "njev": "41", "status": "0", "success": "True", "message": "Optimization terminated successfully.", "x": "[ 5.90958558  2.57400908  7.84325522  2.23748715  3.79337078 -0.41003467]", "nit": "31", "callback": [0.27855211921025425, 0.17963648582515002, 0.17838164673957368]}, "4": {"maxiter": 100, "gtol": 1e-10, "xrtol": 1e-05, "eps": 1e-05, "duration": 0.06822800636291504, "fun": "0.17838164643377352", "jac": "[ 1.26143540e-07 -2.00450767e-07 -2.21422880e-07 -1.50934820e-07\n -2.70228284e-08  9.22595333e-08]", "hess_inv": "[[  4.20904275  -0.84428      1.6146616   -1.03791319   2.34974389\n   -0.88290267]\n [ -0.84428     50.04057622 -54.79804838  18.46003143   0.86660367\n    2.58678856]\n [  1.6146616  -54.79804838  65.66904207 -22.88727502   2.65861346\n    0.77692045]\n [ -1.03791319  18.46003143 -22.88727502  13.02880421  -2.51973644\n    0.21340633]\n [  2.34974389   0.86660367   2.65861346  -2.51973644   7.58453382\n    3.96342264]\n [ -0.88290267   2.58678856   0.77692045   0.21340633   3.96342264\n    6.97844983]]", "nfev": "294", "njev": "42", "status": "0", "success": "True", "message": "Optimization terminated successfully.", "x": "[ 5.90959058  2.57390753  7.84336026  2.23744118  3.79336014 -0.41005463]", "nit": "32", "callback": [0.27856538679964504, 0.1796358664789398, 0.17838164673892498]}, "5": {"maxiter": 100, "gtol": 1e-10, "xrtol": 1e-05, "eps": 1e-10, "duration": 0.06888699531555176, "fun": "0.17838164644242893", "jac": "[-1.11022293e-06  0.00000000e+00 -2.22044587e-06  1.11022293e-06\n  3.33066880e-06  0.00000000e+00]", "hess_inv": "[[ 4.42442312e+00 -1.28614750e+00  2.24762405e+00 -1.40139864e+00\n   2.49352186e+00 -7.88636464e-01]\n [-1.28614750e+00  5.70833267e+01 -6.26335732e+01  2.27893365e+01\n   2.73268350e-01  2.59403362e+00]\n [ 2.24762405e+00 -6.26335732e+01  7.40164741e+01 -2.75773101e+01\n   3.21642269e+00  7.34456718e-01]\n [-1.40139864e+00  2.27893365e+01 -2.75773101e+01  1.49847612e+01\n  -2.67236161e+00  5.37969489e-02]\n [ 2.49352186e+00  2.73268350e-01  3.21642269e+00 -2.67236161e+00\n   7.47603750e+00  3.90454381e+00]\n [-7.88636464e-01  2.59403362e+00  7.34456718e-01  5.37969489e-02\n   3.90454381e+00  6.96442653e+00]]", "nfev": "287", "njev": "41", "status": "0", "success": "True", "message": "Optimization terminated successfully.", "x": "[ 5.90958558  2.57400908  7.84325522  2.23748715  3.79337078 -0.41003467]", "nit": "31", "callback": [0.27855211921025425, 0.17963648582515002, 0.17838164673957368]}, "6": {"maxiter": 100, "gtol": 1e-10, "xrtol": 1e-10, "eps": 1e-05, "duration": 0.07470226287841797, "fun": "0.17838164643205534", "jac": "[-8.88178420e-11 -8.88178420e-11 -3.33066907e-11 -1.11022302e-11\n  4.44089210e-11 -8.88178420e-11]", "hess_inv": "[[  4.34063084  -1.14083688   1.71152526  -1.33333421   2.39612688\n   -1.00694333]\n [ -1.14083688  49.66033272 -54.11629432  18.23152736   1.01520522\n    2.75248948]\n [  1.71152526 -54.11629432  64.9665871  -22.3357639    2.47532742\n    0.78288676]\n [ -1.33333421  18.23152736 -22.3357639   12.92779154  -2.40781002\n    0.39529668]\n [  2.39612688   1.01520522   2.47532742  -2.40781002   7.5397562\n    3.94712651]\n [ -1.00694333   2.75248948   0.78288676   0.39529668   3.94712651\n    7.08284949]]", "nfev": "308", "njev": "44", "status": "0", "success": "True", "message": "Optimization terminated successfully.", "x": "[ 5.90959014  2.57390817  7.8433602   2.23744191  3.79336006 -0.41005426]", "nit": "34", "callback": [0.27856538679964504, 0.1796358664789398, 0.17838164673892498]}, "7": {"maxiter": 100, "gtol": 1e-10, "xrtol": 1e-10, "eps": 1e-10, "duration": 0.14210200309753418, "fun": "0.17838164635395493", "jac": "[ 0.00000000e+00  2.22044587e-06  2.22044587e-06  2.22044587e-06\n  0.00000000e+00 -2.22044587e-06]", "hess_inv": "[[  5.12061374 -11.11981645  14.46973965  -7.27991043   3.97936827\n   -1.22043227]\n [-11.11981645  25.14506988 -32.50173812  15.45961574  -9.46869311\n    2.58776486]\n [ 14.46973965 -32.50173812  42.49624676 -20.08080791  12.48352328\n   -3.35296347]\n [ -7.27991043  15.45961574 -20.08080791  11.01211106  -5.57426334\n    1.83541116]\n [  3.97936827  -9.46869311  12.48352328  -5.57426334   4.2599359\n   -0.92943277]\n [ -1.22043227   2.58776486  -3.35296347   1.83541116  -0.92943277\n    0.31304055]]", "nfev": "614", "njev": "86", "status": "2", "success": "False", "message": "Desired error not necessarily achieved due to precision loss.", "x": "[ 5.90960025  2.57393951  7.84334944  2.23744633  3.79339022 -0.41003017]", "nit": "37", "callback": [0.27855211921025425, 0.17963648582515002, 0.17838164673957368]}, "8": {"maxiter": 500, "gtol": 1e-05, "xrtol": 1e-05, "eps": 1e-05, "duration": 0.06544804573059082, "fun": "0.17838164673892498", "jac": "[-6.36832809e-06 -8.15190138e-06 -7.60634888e-06  2.41735520e-06\n  6.42070841e-06 -1.61776148e-06]", "hess_inv": "[[  4.5913868   -1.91435091   3.1027037   -2.12320885   2.50373266\n   -0.86485137]\n [ -1.91435091  52.40127724 -58.16574803  20.76162736   0.61464715\n    2.59706686]\n [  3.1027037  -58.16574803  70.26184042 -26.35661336   3.07140902\n    0.7221259 ]\n [ -2.12320885  20.76162736 -26.35661336  15.10854371  -2.71588947\n    0.19069708]\n [  2.50373266   0.61464715   3.07140902  -2.71588947   7.58851108\n    3.96302285]\n [ -0.86485137   2.59706686   0.7221259    0.19069708   3.96302285\n    6.96146416]]", "nfev": "280", "njev": "40", "status": "0", "success": "True", "message": "Optimization terminated successfully.", "x": "[ 5.90957239  2.5739678   7.84325767  2.23748637  3.79335408 -0.41006133]", "nit": "30", "callback": [0.27856538679964504, 0.1796358664789398, 0.17838164673892498]}, "9": {"maxiter": 500, "gtol": 1e-05, "xrtol": 1e-05, "eps": 1e-10, "duration": 0.0673987865447998, "fun": "0.17838164644242893", "jac": "[-1.11022293e-06  0.00000000e+00 -2.22044587e-06  1.11022293e-06\n  3.33066880e-06  0.00000000e+00]", "hess_inv": "[[ 4.42442312e+00 -1.28614750e+00  2.24762405e+00 -1.40139864e+00\n   2.49352186e+00 -7.88636464e-01]\n [-1.28614750e+00  5.70833267e+01 -6.26335732e+01  2.27893365e+01\n   2.73268350e-01  2.59403362e+00]\n [ 2.24762405e+00 -6.26335732e+01  7.40164741e+01 -2.75773101e+01\n   3.21642269e+00  7.34456718e-01]\n [-1.40139864e+00  2.27893365e+01 -2.75773101e+01  1.49847612e+01\n  -2.67236161e+00  5.37969489e-02]\n [ 2.49352186e+00  2.73268350e-01  3.21642269e+00 -2.67236161e+00\n   7.47603750e+00  3.90454381e+00]\n [-7.88636464e-01  2.59403362e+00  7.34456718e-01  5.37969489e-02\n   3.90454381e+00  6.96442653e+00]]", "nfev": "287", "njev": "41", "status": "0", "success": "True", "message": "Optimization terminated successfully.", "x": "[ 5.90958558  2.57400908  7.84325522  2.23748715  3.79337078 -0.41003467]", "nit": "31", "callback": [0.27855211921025425, 0.17963648582515002, 0.17838164673957368]}, "10": {"maxiter": 500, "gtol": 1e-05, "xrtol": 1e-10, "eps": 1e-05, "duration": 0.06386494636535645, "fun": "0.17838164673892498", "jac": "[-6.36832809e-06 -8.15190138e-06 -7.60634888e-06  2.41735520e-06\n  6.42070841e-06 -1.61776148e-06]", "hess_inv": "[[  4.5913868   -1.91435091   3.1027037   -2.12320885   2.50373266\n   -0.86485137]\n [ -1.91435091  52.40127724 -58.16574803  20.76162736   0.61464715\n    2.59706686]\n [  3.1027037  -58.16574803  70.26184042 -26.35661336   3.07140902\n    0.7221259 ]\n [ -2.12320885  20.76162736 -26.35661336  15.10854371  -2.71588947\n    0.19069708]\n [  2.50373266   0.61464715   3.07140902  -2.71588947   7.58851108\n    3.96302285]\n [ -0.86485137   2.59706686   0.7221259    0.19069708   3.96302285\n    6.96146416]]", "nfev": "280", "njev": "40", "status": "0", "success": "True", "message": "Optimization terminated successfully.", "x": "[ 5.90957239  2.5739678   7.84325767  2.23748637  3.79335408 -0.41006133]", "nit": "30", "callback": [0.27856538679964504, 0.1796358664789398, 0.17838164673892498]}, "11": {"maxiter": 500, "gtol": 1e-05, "xrtol": 1e-10, "eps": 1e-10, "duration": 0.06603288650512695, "fun": "0.17838164644242893", "jac": "[-1.11022293e-06  0.00000000e+00 -2.22044587e-06  1.11022293e-06\n  3.33066880e-06  0.00000000e+00]", "hess_inv": "[[ 4.42442312e+00 -1.28614750e+00  2.24762405e+00 -1.40139864e+00\n   2.49352186e+00 -7.88636464e-01]\n [-1.28614750e+00  5.70833267e+01 -6.26335732e+01  2.27893365e+01\n   2.73268350e-01  2.59403362e+00]\n [ 2.24762405e+00 -6.26335732e+01  7.40164741e+01 -2.75773101e+01\n   3.21642269e+00  7.34456718e-01]\n [-1.40139864e+00  2.27893365e+01 -2.75773101e+01  1.49847612e+01\n  -2.67236161e+00  5.37969489e-02]\n [ 2.49352186e+00  2.73268350e-01  3.21642269e+00 -2.67236161e+00\n   7.47603750e+00  3.90454381e+00]\n [-7.88636464e-01  2.59403362e+00  7.34456718e-01  5.37969489e-02\n   3.90454381e+00  6.96442653e+00]]", "nfev": "287", "njev": "41", "status": "0", "success": "True", "message": "Optimization terminated successfully.", "x": "[ 5.90958558  2.57400908  7.84325522  2.23748715  3.79337078 -0.41003467]", "nit": "31", "callback": [0.27855211921025425, 0.17963648582515002, 0.17838164673957368]}, "12": {"maxiter": 500, "gtol": 1e-10, "xrtol": 1e-05, "eps": 1e-05, "duration": 0.0671391487121582, "fun": "0.17838164643377352", "jac": "[ 1.26143540e-07 -2.00450767e-07 -2.21422880e-07 -1.50934820e-07\n -2.70228284e-08  9.22595333e-08]", "hess_inv": "[[  4.20904275  -0.84428      1.6146616   -1.03791319   2.34974389\n   -0.88290267]\n [ -0.84428     50.04057622 -54.79804838  18.46003143   0.86660367\n    2.58678856]\n [  1.6146616  -54.79804838  65.66904207 -22.88727502   2.65861346\n    0.77692045]\n [ -1.03791319  18.46003143 -22.88727502  13.02880421  -2.51973644\n    0.21340633]\n [  2.34974389   0.86660367   2.65861346  -2.51973644   7.58453382\n    3.96342264]\n [ -0.88290267   2.58678856   0.77692045   0.21340633   3.96342264\n    6.97844983]]", "nfev": "294", "njev": "42", "status": "0", "success": "True", "message": "Optimization terminated successfully.", "x": "[ 5.90959058  2.57390753  7.84336026  2.23744118  3.79336014 -0.41005463]", "nit": "32", "callback": [0.27856538679964504, 0.1796358664789398, 0.17838164673892498]}, "13": {"maxiter": 500, "gtol": 1e-10, "xrtol": 1e-05, "eps": 1e-10, "duration": 0.06629610061645508, "fun": "0.17838164644242893", "jac": "[-1.11022293e-06  0.00000000e+00 -2.22044587e-06  1.11022293e-06\n  3.33066880e-06  0.00000000e+00]", "hess_inv": "[[ 4.42442312e+00 -1.28614750e+00  2.24762405e+00 -1.40139864e+00\n   2.49352186e+00 -7.88636464e-01]\n [-1.28614750e+00  5.70833267e+01 -6.26335732e+01  2.27893365e+01\n   2.73268350e-01  2.59403362e+00]\n [ 2.24762405e+00 -6.26335732e+01  7.40164741e+01 -2.75773101e+01\n   3.21642269e+00  7.34456718e-01]\n [-1.40139864e+00  2.27893365e+01 -2.75773101e+01  1.49847612e+01\n  -2.67236161e+00  5.37969489e-02]\n [ 2.49352186e+00  2.73268350e-01  3.21642269e+00 -2.67236161e+00\n   7.47603750e+00  3.90454381e+00]\n [-7.88636464e-01  2.59403362e+00  7.34456718e-01  5.37969489e-02\n   3.90454381e+00  6.96442653e+00]]", "nfev": "287", "njev": "41", "status": "0", "success": "True", "message": "Optimization terminated successfully.", "x": "[ 5.90958558  2.57400908  7.84325522  2.23748715  3.79337078 -0.41003467]", "nit": "31", "callback": [0.27855211921025425, 0.17963648582515002, 0.17838164673957368]}, "14": {"maxiter": 500, "gtol": 1e-10, "xrtol": 1e-10, "eps": 1e-05, "duration": 0.07004904747009277, "fun": "0.17838164643205534", "jac": "[-8.88178420e-11 -8.88178420e-11 -3.33066907e-11 -1.11022302e-11\n  4.44089210e-11 -8.88178420e-11]", "hess_inv": "[[  4.34063084  -1.14083688   1.71152526  -1.33333421   2.39612688\n   -1.00694333]\n [ -1.14083688  49.66033272 -54.11629432  18.23152736   1.01520522\n    2.75248948]\n [  1.71152526 -54.11629432  64.9665871  -22.3357639    2.47532742\n    0.78288676]\n [ -1.33333421  18.23152736 -22.3357639   12.92779154  -2.40781002\n    0.39529668]\n [  2.39612688   1.01520522   2.47532742  -2.40781002   7.5397562\n    3.94712651]\n [ -1.00694333   2.75248948   0.78288676   0.39529668   3.94712651\n    7.08284949]]", "nfev": "308", "njev": "44", "status": "0", "success": "True", "message": "Optimization terminated successfully.", "x": "[ 5.90959014  2.57390817  7.8433602   2.23744191  3.79336006 -0.41005426]", "nit": "34", "callback": [0.27856538679964504, 0.1796358664789398, 0.1783816467389