{"date": "2024/09/23/, 14:30:57", "conf_id": 15, "data_type": "random\n", "num_data_points": 1, "s_rank": 0, "unitary": "[[-0.45070455-0.02711853j,0.78437395-0.06613086j,0.06358678+0.19963393j,-0.07343613+0.35668523j],[-0.01890143-0.03813363j,0.32408202+0.25557629j,0.05872864-0.68979805j,0.55466693-0.20227297j],[-0.11215405+0.64023111j,-0.13344055+0.29565494j,-0.49012687-0.19046288j,-0.04241254+0.44046348j],[0.55771659+0.24656916j,0.31851997-0.05798805j,0.28761525-0.34294258j,-0.56718418+0.03616933j]]", "databatch_0": {"databatch": "[[[0.04825078-0.04281163j,-0.22970037+0.12409915j,0.28065501-0.24073082j,-0.0622342+0.24174145j],[-0.01314943+0.20267982j,0.01947458-0.11997878j,0.01982135-0.02196487j,-0.14900793+0.04154397j],[0.0443335+0.0269559j,-0.33889203-0.16919102j,-0.04412654+0.20506365j,-0.29372605-0.01268455j],[-0.00935639-0.18411391j,0.4502821-0.09271809j,0.21673413-0.1612324j,-0.22621694+0.04165805j]]]", "initial param values": "[3.88180379,1.86709332,0.54285314,3.06114408,6.23922182,3.22943678]", "nelder_mead": {"type": "gradient-free", "0": {"maxiter": 100, "fatol": 1e-05, "xatol": 1e-05, "duration": 0.03841090202331543, "fun": "0.24575395819302714", "nit": "100", "nfev": "152", "status": "2", "success": "False", "message": "Maximum number of iterations has been exceeded.", "x": "[1.29629402 1.8104337  1.04969663 1.45037116 4.48130484 4.19065688]", "final_simplex": "(array([[1.29629402, 1.8104337 , 1.04969663, 1.45037116, 4.48130484,\n        4.19065688],\n       [1.29107539, 1.8885655 , 1.0639027 , 1.46210667, 4.56936937,\n        4.0000373 ],\n       [1.21992573, 1.84199883, 1.07529747, 1.41348603, 4.61896428,\n        4.05955357],\n       [1.37652244, 1.8419298 , 1.04849875, 1.41940728, 4.52104837,\n        4.13395339],\n       [1.26472435, 1.86637898, 1.06623048, 1.37787995, 4.43530315,\n        4.11358023],\n       [1.28805993, 1.8786674 , 1.02783173, 1.50931257, 4.57306641,\n        4.14591824],\n       [1.33134381, 1.89232156, 1.05502582, 1.41876257, 4.48227181,\n        4.10025603]]), array([0.24575396, 0.24909258, 0.24929539, 0.25030488, 0.25040123,\n       0.25129114, 0.25155732]))", "callback": [0.9203012268264541, 0.8251423737438551, 0.5536822618232734, 0.5536822618232734, 0.5044092263241583, 0.3372241911073962, 0.2613949023709111, 0.25625371054381485, 0.2528478993216635]}, "1": {"maxiter": 100, "fatol": 1e-05, "xatol": 1e-10, "duration": 0.037755727767944336, "fun": "0.24575395819302714", "nit": "100", "nfev": "152", "status": "2", "success": "False", "message": "Maximum number of iterations has been exceeded.", "x": "[1.29629402 1.8104337  1.04969663 1.45037116 4.48130484 4.19065688]", "final_simplex": "(array([[1.29629402, 1.8104337 , 1.04969663, 1.45037116, 4.48130484,\n        4.19065688],\n       [1.29107539, 1.8885655 , 1.0639027 , 1.46210667, 4.56936937,\n        4.0000373 ],\n       [1.21992573, 1.84199883, 1.07529747, 1.41348603, 4.61896428,\n        4.05955357],\n       [1.37652244, 1.8419298 , 1.04849875, 1.41940728, 4.52104837,\n        4.13395339],\n       [1.26472435, 1.86637898, 1.06623048, 1.37787995, 4.43530315,\n        4.11358023],\n       [1.28805993, 1.8786674 , 1.02783173, 1.50931257, 4.57306641,\n        4.14591824],\n       [1.33134381, 1.89232156, 1.05502582, 1.41876257, 4.48227181,\n        4.10025603]]), array([0.24575396, 0.24909258, 0.24929539, 0.25030488, 0.25040123,\n       0.25129114, 0.25155732]))", "callback": [0.9203012268264541, 0.8251423737438551, 0.5536822618232734, 0.5536822618232734, 0.5044092263241583, 0.3372241911073962, 0.2613949023709111, 0.25625371054381485, 0.2528478993216635]}, "2": {"maxiter": 100, "fatol": 1e-10, "xatol": 1e-05, "duration": 0.0397951602935791, "fun": "0.24575395819302714", "nit": "100", "nfev": "152", "status": "2", "success": "False", "message": "Maximum number of iterations has been exceeded.", "x": "[1.29629402 1.8104337  1.04969663 1.45037116 4.48130484 4.19065688]", "final_simplex": "(array([[1.29629402, 1.8104337 , 1.04969663, 1.45037116, 4.48130484,\n        4.19065688],\n       [1.29107539, 1.8885655 , 1.0639027 , 1.46210667, 4.56936937,\n        4.0000373 ],\n       [1.21992573, 1.84199883, 1.07529747, 1.41348603, 4.61896428,\n        4.05955357],\n       [1.37652244, 1.8419298 , 1.04849875, 1.41940728, 4.52104837,\n        4.13395339],\n       [1.26472435, 1.86637898, 1.06623048, 1.37787995, 4.43530315,\n        4.11358023],\n       [1.28805993, 1.8786674 , 1.02783173, 1.50931257, 4.57306641,\n        4.14591824],\n       [1.33134381, 1.89232156, 1.05502582, 1.41876257, 4.48227181,\n        4.10025603]]), array([0.24575396, 0.24909258, 0.24929539, 0.25030488, 0.25040123,\n       0.25129114, 0.25155732]))", "callback": [0.9203012268264541, 0.8251423737438551, 0.5536822618232734, 0.5536822618232734, 0.5044092263241583, 0.3372241911073962, 0.2613949023709111, 0.25625371054381485, 0.2528478993216635]}, "3": {"maxiter": 100, "fatol": 1e-10, "xatol": 1e-10, "duration": 0.03757810592651367, "fun": "0.24575395819302714", "nit": "100", "nfev": "152", "status": "2", "success": "False", "message": "Maximum number of iterations has been exceeded.", "x": "[1.29629402 1.8104337  1.04969663 1.45037116 4.48130484 4.19065688]", "final_simplex": "(array([[1.29629402, 1.8104337 , 1.04969663, 1.45037116, 4.48130484,\n        4.19065688],\n       [1.29107539, 1.8885655 , 1.0639027 , 1.46210667, 4.56936937,\n        4.0000373 ],\n       [1.21992573, 1.84199883, 1.07529747, 1.41348603, 4.61896428,\n        4.05955357],\n       [1.37652244, 1.8419298 , 1.04849875, 1.41940728, 4.52104837,\n        4.13395339],\n       [1.26472435, 1.86637898, 1.06623048, 1.37787995, 4.43530315,\n        4.11358023],\n       [1.28805993, 1.8786674 , 1.02783173, 1.50931257, 4.57306641,\n        4.14591824],\n       [1.33134381, 1.89232156, 1.05502582, 1.41876257, 4.48227181,\n        4.10025603]]), array([0.24575396, 0.24909258, 0.24929539, 0.25030488, 0.25040123,\n       0.25129114, 0.25155732]))", "callback": [0.9203012268264541, 0.8251423737438551, 0.5536822618232734, 0.5536822618232734, 0.5044092263241583, 0.3372241911073962, 0.2613949023709111, 0.25625371054381485, 0.2528478993216635]}, "4": {"maxiter": 500, "fatol": 1e-05, "xatol": 1e-05, "duration": 0.1366441249847412, "fun": "0.22821192081896668", "nit": "311", "nfev": "488", "status": "0", "success": "True", "message": "Optimization terminated successfully.", "x": "[1.22443985 1.50366455 1.08799107 1.5059748  4.41398558 4.1637782 ]", "final_simplex": "(array([[1.22443985, 1.50366455, 1.08799107, 1.5059748 , 4.41398558,\n        4.1637782 ],\n       [1.22443283, 1.50366655, 1.08798726, 1.50597412, 4.41398774,\n        4.16377971],\n       [1.22443518, 1.50366652, 1.08799355, 1.50596825, 4.41398591,\n        4.1637833 ],\n       [1.22443298, 1.50365713, 1.0879951 , 1.50597397, 4.41398751,\n        4.16378561],\n       [1.22443148, 1.50366148, 1.08799468, 1.50597101, 4.41398568,\n        4.16377829],\n       [1.22443241, 1.50366422, 1.08798237, 1.50596921, 4.41399288,\n        4.163778  ],\n       [1.2244365 , 1.50365569, 1.08798671, 1.50597607, 4.41398106,\n        4.16378157]]), array([0.22821192, 0.22821192, 0.22821192, 0.22821192, 0.22821192,\n       0.22821192, 0.22821192]))", "callback": [0.9203012268264541, 0.8251423737438551, 0.5536822618232734, 0.5536822618232734, 0.5044092263241583, 0.3372241911073962, 0.2613949023709111, 0.25625371054381485, 0.2528478993216635, 0.24436542784040094, 0.23005085776363665, 0.22836618295059108, 0.22836618295059108, 0.22825989315718698, 0.2282245674711474, 0.22821943402006428, 0.2282187439911657, 0.22821845850269784, 0.22821833976622685, 0.22821779867800207, 0.22821620491329664, 0.2282132656976037, 0.2282123050467313, 0.2282120198539821, 0.2282119705047294, 0.22821193586446198, 0.22821192512968191, 0.22821192146465508, 0.22821192095024212, 0.2282119208404263, 0.22821192081896668]}, "5": {"maxiter": 500, "fatol": 1e-05, "xatol": 1e-10, "duration": 0.19084811210632324, "fun": "0.22821192080313168", "nit": "452", "nfev": "763", "status": "0", "success": "True", "message": "Optimization terminated successfully.", "x": "[1.22443811 1.50366444 1.08798245 1.50596821 4.41398444 4.16378641]", "final_simplex": "(array([[1.22443811, 1.50366444, 1.08798245, 1.50596821, 4.41398444,\n        4.16378641],\n       [1.22443811, 1.50366444, 1.08798245, 1.50596821, 4.41398444,\n        4.16378641],\n       [1.22443811, 1.50366444, 1.08798245, 1.50596821, 4.41398444,\n        4.16378641],\n       [1.22443811, 1.50366444, 1.08798245, 1.50596821, 4.41398444,\n        4.16378641],\n       [1.22443811, 1.50366444, 1.08798245, 1.50596821, 4.41398444,\n        4.16378641],\n       [1.22443811, 1.50366444, 1.08798245, 1.50596821, 4.41398444,\n        4.16378641],\n       [1.22443811, 1.50366444, 1.08798245, 1.50596821, 4.41398444,\n        4.16378641]]), array([0.22821192, 0.22821192, 0.22821192, 0.22821192, 0.22821192,\n       0.22821192, 0.22821192]))", "callback": [0.9203012268264541, 0.8251423737438551, 0.5536822618232734, 0.5536822618232734, 0.5044092263241583, 0.3372241911073962, 0.2613949023709111, 0.25625371054381485, 0.2528478993216635, 0.24436542784040094, 0.23005085776363665, 0.22836618295059108, 0.22836618295059108, 0.22825989315718698, 0.2282245674711474, 0.22821943402006428, 0.2282187439911657, 0.22821845850269784, 0.22821833976622685, 0.22821779867800207, 0.22821620491329664, 0.2282132656976037, 0.2282123050467313, 0.2282120198539821, 0.2282119705047294, 0.22821193586446198, 0.22821192512968191, 0.22821192146465508, 0.22821192095024212, 0.2282119208404263, 0.22821192081896668, 0.22821192080840602, 0.22821192080426067, 0.22821192080378028, 0.2282119208032799, 0.22821192080319275, 0.22821192080314856, 0.22821192080313535, 0.2282119208031329, 0.2282119208031328, 0.22821192080313213, 0.22821192080313168, 0.22821192080313168, 0.22821192080313168, 0.22821192080313168]}, "6": {"maxiter": 500, "fatol": 1e-10, "xatol": 1e-05, "duration": 0.1279900074005127, "fun": "0.22821192081896668", "nit": "311", "nfev": "488", "status": "0", "success": "True", "message": "Optimization terminated successfully.", "x": "[1.22443985 1.50366455 1.08799107 1.5059748  4.41398558 4.1637782 ]", "final_simplex": "(array([[1.22443985, 1.50366455, 1.08799107, 1.5059748 , 4.41398558,\n        4.1637782 ],\n       [1.22443283, 1.50366655, 1.08798726, 1.50597412, 4.41398774,\n        4.16377971],\n       [1.22443518, 1.50366652, 1.08799355, 1.50596825, 4.41398591,\n        4.1637833 ],\n       [1.22443298, 1.50365713, 1.0879951 , 1.50597397, 4.41398751,\n        4.16378561],\n       [1.22443148, 1.50366148, 1.08799468, 1.50597101, 4.41398568,\n        4.16377829],\n       [1.22443241, 1.50366422, 1.08798237, 1.50596921, 4.41399288,\n        4.163778  ],\n       [1.2244365 , 1.50365569, 1.08798671, 1.50597607, 4.41398106,\n        4.16378157]]), array([0.22821192, 0.22821192, 0.22821192, 0.22821192, 0.22821192,\n       0.22821192, 0.22821192]))", "callback": [0.9203012268264541, 0.8251423737438551, 0.5536822618232734, 0.5536822618232734, 0.5044092263241583, 0.3372241911073962, 0.2613949023709111, 0.25625371054381485, 0.2528478993216635, 0.24436542784040094, 0.23005085776363665, 0.22836618295059108, 0.22836618295059108, 0.22825989315718698, 0.2282245674711474, 0.22821943402006428, 0.2282187439911657, 0.22821845850269784, 0.22821833976622685, 0.22821779867800207, 0.22821620491329664, 0.2282132656976037, 0.2282123050467313, 0.2282120198539821, 0.2282119705047294, 0.22821193586446198, 0.22821192512968191, 0.22821192146465508, 0.22821192095024212, 0.2282119208404263, 0.22821192081896668]}, "7": {"maxiter": 500, "fatol": 1e-10, "xatol": 1e-10, "duration": 0.20606303215026855, "fun": "0.22821192080313168", "nit": "452", "nfev": "763", "status": "0", "success": "True", "message": "Optimization terminated successfully.", "x": "[1.22443811 1.50366444 1.08798245 1.50596821 4.41398444 4.16378641]", "final_simplex": "(array([[1.22443811, 1.50366444, 1.08798245, 1.50596821, 4.41398444,\n        4.16378641],\n       [1.22443811, 1.50366444, 1.08798245, 1.50596821, 4.41398444,\n        4.16378641],\n       [1.22443811, 1.50366444, 1.08798245, 1.50596821, 4.41398444,\n        4.16378641],\n       [1.22443811, 1.50366444, 1.08798245, 1.50596821, 4.41398444,\n        4.16378641],\n       [1.22443811, 1.50366444, 1.08798245, 1.50596821, 4.41398444,\n        4.16378641],\n       [1.22443811, 1.50366444, 1.08798245, 1.50596821, 4.41398444,\n        4.16378641],\n       [1.22443811, 1.50366444, 1.08798245, 1.50596821, 4.41398444,\n        4.16378641]]), array([0.22821192, 0.22821192, 0.22821192, 0.22821192, 0.22821192,\n       0.22821192, 0.22821192]))", "callback": [0.9203012268264541, 0.8251423737438551, 0.5536822618232734, 0.5536822618232734, 0.5044092263241583, 0.3372241911073962, 0.2613949023709111, 0.25625371054381485, 0.2528478993216635, 0.24436542784040094, 0.23005085776363665, 0.22836618295059108, 0.22836618295059108, 0.22825989315718698, 0.2282245674711474, 0.22821943402006428, 0.2282187439911657, 0.22821845850269784, 0.22821833976622685, 0.22821779867800207, 0.22821620491329664, 0.2282132656976037, 0.2282123050467313, 0.2282120198539821, 0.2282119705047294, 0.22821193586446198, 0.22821192512968191, 0.22821192146465508, 0.22821192095024212, 0.2282119208404263, 0.22821192081896668, 0.22821192080840602, 0.22821192080426067, 0.22821192080378028, 0.2282119208032799, 0.22821192080319275, 0.22821192080314856, 0.22821192080313535, 0.2282119208031329, 0.2282119208031328, 0.22821192080313213, 0.22821192080313168, 0.22821192080313168, 0.22821192080313168, 0.22821192080313168]}, "8": {"maxiter": 1000, "fatol": 1e-05, "xatol": 1e-05, "duration": 0.12564992904663086, "fun": "0.22821192081896668", "nit": "311", "nfev": "488", "status": "0", "success": "True", "message": "Optimization terminated successfully.", "x": "[1.22443985 1.50366455 1.08799107 1.5059748  4.41398558 4.1637782 ]", "final_simplex": "(array([[1.22443985, 1.50366455, 1.08799107, 1.5059748 , 4.41398558,\n        4.1637782 ],\n       [1.22443283, 1.50366655, 1.08798726, 1.50597412, 4.41398774,\n        4.16377971],\n       [1.22443518, 1.50366652, 1.08799355, 1.50596825, 4.41398591,\n        4.1637833 ],\n       [1.22443298, 1.50365713, 1.0879951 , 1.50597397, 4.41398751,\n        4.16378561],\n       [1.22443148, 1.50366148, 1.08799468, 1.50597101, 4.41398568,\n        4.16377829],\n       [1.22443241, 1.50366422, 1.08798237, 1.50596921, 4.41399288,\n        4.163778  ],\n       [1.2244365 , 1.50365569, 1.08798671, 1.50597607, 4.41398106,\n        4.16378157]]), array([0.22821192, 0.22821192, 0.22821192, 0.22821192, 0.22821192,\n       0.22821192, 0.22821192]))", "callback": [0.9203012268264541, 0.8251423737438551, 0.5536822618232734, 0.5536822618232734, 0.5044092263241583, 0.3372241911073962, 0.2613949023709111, 0.25625371054381485, 0.2528478993216635, 0.24436542784040094, 0.23005085776363665, 0.22836618295059108, 0.22836618295059108, 0.22825989315718698, 0.2282245674711474, 0.22821943402006428, 0.2282187439911657, 0.22821845850269784, 0.22821833976622685, 0.22821779867800207, 0.22821620491329664, 0.2282132656976037, 0.2282123050467313, 0.2282120198539821, 0.2282119705047294, 0.22821193586446198, 0.22821192512968191, 0.22821192146465508, 0.22821192095024212, 0.2282119208404263, 0.22821192081896668]}, "9": {"maxiter": 1000, "fatol": 1e-05, "xatol": 1e-10, "duration": 0.19979500770568848, "fun": "0.22821192080313168", "nit": "452", "nfev": "763", "status": "0", "success": "True", "message": "Optimization terminated successfully.", "x": "[1.22443811 1.50366444 1.08798245 1.50596821 4.41398444 4.16378641]", "final_simplex": "(array([[1.22443811, 1.50366444, 1.08798245, 1.50596821, 4.41398444,\n        4.16378641],\n       [1.22443811, 1.50366444, 1.08798245, 1.50596821, 4.41398444,\n        4.16378641],\n       [1.22443811, 1.50366444, 1.08798245, 1.50596821, 4.41398444,\n        4.16378641],\n       [1.22443811, 1.50366444, 1.08798245, 1.50596821, 4.41398444,\n        4.16378641],\n       [1.22443811, 1.50366444, 1.08798245, 1.50596821, 4.41398444,\n        4.16378641],\n       [1.22443811, 1.50366444, 1.08798245, 1.50596821, 4.41398444,\n        4.16378641],\n       [1.22443811, 1.50366444, 1.08798245, 1.50596821, 4.41398444,\n        4.16378641]]), array([0.22821192, 0.22821192, 0.22821192, 0.22821192, 0.22821192,\n       0.22821192, 0.22821192]))", "callback": [0.9203012268264541, 0.8251423737438551, 0.5536822618232734, 0.5536822618232734, 0.5044092263241583, 0.3372241911073962, 0.2613949023709111, 0.25625371054381485, 0.2528478993216635, 0.24436542784040094, 0.23005085776363665, 0.22836618295059108, 0.22836618295059108, 0.22825989315718698, 0.2282245674711474, 0.22821943402006428, 0.2282187439911657, 0.22821845850269784, 0.22821833976622685, 0.22821779867800207, 0.22821620491329664, 0.2282132656976037, 0.2282123050467313, 0.2282120198539821, 0.2282119705047294, 0.22821193586446198, 0.22821192512968191, 0.22821192146465508, 0.22821192095024212, 0.2282119208404263, 0.22821192081896668, 0.22821192080840602, 0.22821192080426067, 0.22821192080378028, 0.2282119208032799, 0.22821192080319275, 0.22821192080314856, 0.22821192080313535, 0.2282119208031329, 0.2282119208031328, 0.22821192080313213, 0.22821192080313168, 0.22821192080313168, 0.22821192080313168, 0.22821192080313168]}, "10": {"maxiter": 1000, "fatol": 1e-10, "xatol": 1e-05, "duration": 0.12352991104125977, "fun": "0.22821192081896668", "nit": "311", "nfev": "488", "status": "0", "success": "True", "message": "Optimization terminated successfully.", "x": "[1.22443985 1.50366455 1.08799107 1.5059748  4.41398558 4.1637782 ]", "final_simplex": "(array([[1.22443985, 1.50366455, 1.08799107, 1.5059748 , 4.41398558,\n        4.1637782 ],\n       [1.22443283, 1.50366655, 1.08798726, 1.50597412, 4.41398774,\n        4.16377971],\n       [1.22443518, 1.50366652, 1.08799355, 1.50596825, 4.41398591,\n        4.1637833 ],\n       [1.22443298, 1.50365713, 1.0879951 , 1.50597397, 4.41398751,\n        4.16378561],\n       [1.22443148, 1.50366148, 1.08799468, 1.50597101, 4.41398568,\n        4.16377829],\n       [1.22443241, 1.50366422, 1.08798237, 1.50596921, 4.41399288,\n        4.163778  ],\n       [1.2244365 , 1.50365569, 1.08798671, 1.50597607, 4.41398106,\n        4.16378157]]), array([0.22821192, 0.22821192, 0.22821192, 0.22821192, 0.22821192,\n       0.22821192, 0.22821192]))", "callback": [0.9203012268264541, 0.8251423737438551, 0.5536822618232734, 0.5536822618232734, 0.5044092263241583, 0.3372241911073962, 0.2613949023709111, 0.25625371054381485, 0.2528478993216635, 0.24436542784040094, 0.23005085776363665, 0.22836618295059108, 0.22836618295059108, 0.22825989315718698, 0.2282245674711474, 0.22821943402006428, 0.2282187439911657, 0.22821845850269784, 0.22821833976622685, 0.22821779867800207, 0.22821620491329664, 0.2282132656976037, 0.2282123050467313, 0.2282120198539821, 0.2282119705047294, 0.22821193586446198, 0.22821192512968191, 0.22821192146465508, 0.22821192095024212, 0.2282119208404263, 0.22821192081896668]}, "11": {"maxiter": 1000, "fatol": 1e-10, "xatol": 1e-10, "duration": 0.20229601860046387, "fun": "0.22821192080313168", "nit": "452", "nfev": "763", "status": "0", "success": "True", "message": "Optimization terminated successfully.", "x": "[1.22443811 1.50366444 1.08798245 1.50596821 4.41398444 4.16378641]", "final_simplex": "(array([[1.22443811, 1.50366444, 1.08798245, 1.50596821, 4.41398444,\n        4.16378641],\n       [1.22443811, 1.50366444, 1.08798245, 1.50596821, 4.41398444,\n        4.16378641],\n       [1.22443811, 1.50366444, 1.08798245, 1.50596821, 4.41398444,\n        4.16378641],\n       [1.22443811, 1.50366444, 1.08798245, 1.50596821, 4.41398444,\n        4.16378641],\n       [1.22443811, 1.50366444, 1.08798245, 1.50596821, 4.41398444,\n        4.16378641],\n       [1.22443811, 1.50366444, 1.08798245, 1.50596821, 4.41398444,\n        4.16378641],\n       [1.22443811, 1.50366444, 1.08798245, 1.50596821, 4.41398444,\n        4.16378641]]), array([0.22821192, 0.22821192, 0.22821192, 0.22821192, 0.22821192,\n       0.22821192, 0.22821192]))", "callback": [0.9203012268264541, 0.8251423737438551, 0.5536822618232734, 0.5536822618232734, 0.5044092263241583, 0.3372241911073962, 0.2613949023709111, 0.25625371054381485, 0.2528478993216635, 0.24436542784040094, 0.23005085776363665, 0.22836618295059108, 0.22836618295059108, 0.22825989315718698, 0.2282245674711474, 0.22821943402006428, 0.2282187439911657, 0.22821845850269784, 0.22821833976622685, 0.22821779867800207, 0.22821620491329664, 0.2282132656976037, 0.2282123050467313, 0.2282120198539821, 0.2282119705047294, 0.22821193586446198, 0.22821192512968191, 0.22821192146465508, 0.22821192095024212, 0.2282119208404263, 0.22821192081896668, 0.22821192080840602, 0.22821192080426067, 0.22821192080378028, 0.2282119208032799, 0.22821192080319275, 0.22821192080314856, 0.22821192080313535, 0.2282119208031329, 0.2282119208031328, 0.22821192080313213, 0.22821192080313168, 0.22821192080313168, 0.22821192080313168, 0.22821192080313168]}}, "bfgs": {"type": "gradient", "0": {"maxiter": 100, "gtol": 1e-05, "xrtol": 1e-05, "eps": 1e-05, "duration": 0.05764579772949219, "fun": "0.22821192089268882", "jac": "[-1.92675875e-06 -3.40080186e-06 -2.06046291e-07 -2.71856981e-06\n  3.53161944e-07 -6.42008668e-07]", "hess_inv": "[[ 3.61072258 -0.75432521  1.03147025 -0.34263137  1.04106017  0.29728035]\n [-0.75432521  5.32639946 -2.21119122  0.09557086  0.14306884 -1.40102259]\n [ 1.03147025 -2.21119122  5.91937655  1.077962    1.4318729  -1.48475314]\n [-0.34263137  0.09557086  1.077962    3.0474908   0.18154174 -0.40270109]\n [ 1.04106017  0.14306884  1.4318729   0.18154174  3.81172959 -0.86793912]\n [ 0.29728035 -1.40102259 -1.48475314 -0.40270109 -0.86793912  3.89015617]]", "nfev": "196", "njev": "28", "status": "0", "success": "True", "message": "Optimization terminated successfully.", "x": "[ 5.05873719 -1.63794083 -2.05361694  1.50595574  4.41397479  4.16378836]", "nit": "20", "callback": [0.3171652182422795, 0.22821192089268882]}, "1": {"maxiter": 100, "gtol": 1e-05, "xrtol": 1e-05, "eps": 1e-10, "duration": 0.05794382095336914, "fun": "0.22821192103834098", "jac": "[ 0.00000000e+00 -9.99200639e-06 -1.11022293e-06 -5.55111466e-06\n -5.55111466e-06 -3.33066880e-06]", "hess_inv": "[[ 3.61618162 -0.78074898  1.04371601 -0.34335988  1.03557008  0.29330737]\n [-0.78074898  5.45496515 -2.29558582  0.0400846   0.17375899 -1.43613417]\n [ 1.04371601 -2.29558582  5.96962069  1.08886912  1.41543313 -1.49426835]\n [-0.34335988  0.0400846   1.08886912  2.98355733  0.17593129 -0.45852479]\n [ 1.03557008  0.17375899  1.41543313  0.17593129  3.82018809 -0.88007095]\n [ 0.29330737 -1.43613417 -1.49426835 -0.45852479 -0.88007095  3.8693893 ]]", "nfev": "196", "njev": "28", "status": "0", "success": "True", "message": "Optimization terminated successfully.", "x": "[ 5.05874668 -1.63796481 -2.05360421  1.5059525   4.41397454  4.16379166]", "nit": "20", "callback": [0.3171018165801448, 0.22821192103834098]}, "2": {"maxiter": 100, "gtol": 1e-05, "xrtol": 1e-10, "eps": 1e-05, "duration": 0.0509648323059082, "fun": "0.22821192089268882", "jac": "[-1.92675875e-06 -3.40080186e-06 -2.06046291e-07 -2.71856981e-06\n  3.53161944e-07 -6.42008668e-07]", "hess_inv": "[[ 3.61072258 -0.75432521  1.03147025 -0.34263137  1.04106017  0.29728035]\n [-0.75432521  5.32639946 -2.21119122  0.09557086  0.14306884 -1.40102259]\n [ 1.03147025 -2.21119122  5.91937655  1.077962    1.4318729  -1.48475314]\n [-0.34263137  0.09557086  1.077962    3.0474908   0.18154174 -0.40270109]\n [ 1.04106017  0.14306884  1.4318729   0.18154174  3.81172959 -0.86793912]\n [ 0.29728035 -1.40102259 -1.48475314 -0.40270109 -0.86793912  3.89015617]]", "nfev": "196", "njev": "28", "status": "0", "success": "True", "message": "Optimization terminated successfully.", "x": "[ 5.05873719 -1.63794083 -2.05361694  1.50595574  4.41397479  4.16378836]", "nit": "20", "callback": [0.3171652182422795, 0.22821192089268882]}, "3": {"maxiter": 100, "gtol": 1e-05, "xrtol": 1e-10, "eps": 1e-10, "duration": 0.05029106140136719, "fun": "0.22821192103834098", "jac": "[ 0.00000000e+00 -9.99200639e-06 -1.11022293e-06 -5.55111466e-06\n -5.55111466e-06 -3.33066880e-06]", "hess_inv": "[[ 3.61618162 -0.78074898  1.04371601 -0.34335988  1.03557008  0.29330737]\n [-0.78074898  5.45496515 -2.29558582  0.0400846   0.17375899 -1.43613417]\n [ 1.04371601 -2.29558582  5.96962069  1.08886912  1.41543313 -1.49426835]\n [-0.34335988  0.0400846   1.08886912  2.98355733  0.17593129 -0.45852479]\n [ 1.03557008  0.17375899  1.41543313  0.17593129  3.82018809 -0.88007095]\n [ 0.29330737 -1.43613417 -1.49426835 -0.45852479 -0.88007095  3.8693893 ]]", "nfev": "196", "njev": "28", "status": "0", "success": "True", "message": "Optimization terminated successfully.", "x": "[ 5.05874668 -1.63796481 -2.05360421  1.5059525   4.41397454  4.16379166]", "nit": "20", "callback": [0.3171018165801448, 0.22821192103834098]}, "4": {"maxiter": 100, "gtol": 1e-10, "xrtol": 1e-05, "eps": 1e-05, "duration": 0.05324888229370117, "fun": "0.228211920823985", "jac": "[ 4.15933954e-07  5.39135403e-07  1.14119825e-07  7.74313946e-07\n -1.74094072e-07  2.70528044e-07]", "hess_inv": "[[ 3.61755206 -0.82390729  1.09078211 -0.2860702   1.02613894  0.27975967]\n [-0.82390729  4.763912   -1.98991672  0.0440463   0.07092059 -1.37618307]\n [ 1.09078211 -1.98991672  5.89841259  1.22844328  1.4478489  -1.5371324 ]\n [-0.2860702   0.0440463   1.22844328  3.29934879  0.1504872  -0.4843825 ]\n [ 1.02613894  0.07092059  1.4478489   0.1504872   3.80480448 -0.85675399]\n [ 0.27975967 -1.37618307 -1.5371324  -0.4843825  -0.85675399  3.91653138]]", "nfev": "203", "njev": "29", "status": "0", "success": "True", "message": "Optimization terminated successfully.", "x": "[ 5.05874062 -1.63792742 -2.05361855  1.5059642   4.41397582  4.1637854 ]", "nit": "21", "callback": [0.3171652182422795, 0.22821192089268882]}, "5": {"maxiter": 100, "gtol": 1e-10, "xrtol": 1e-05, "eps": 1e-10, "duration": 0.05243206024169922, "fun": "0.22821192081726283", "jac": "[-4.44089173e-06 -1.11022293e-06 -1.11022293e-06 -1.11022293e-06\n  1.11022293e-06 -2.22044587e-06]", "hess_inv": "[[ 3.61450212 -0.73652862  1.03629485 -0.32821873  1.0558322   0.28423183]\n [-0.73652862  4.33394385 -2.01990154 -0.21655896 -0.29200856 -1.28110391]\n [ 1.03629485 -2.01990154  6.0857712   1.41922421  1.63060001 -1.69005695]\n [-0.32821873 -0.21655896  1.41922421  3.31305198  0.21548756 -0.65208722]\n [ 1.0558322  -0.29200856  1.63060001  0.21548756  3.68171278 -0.90190419]\n [ 0.28423183 -1.28110391 -1.69005695 -0.65208722 -0.90190419  3.98308426]]", "nfev": "203", "njev": "29", "status": "0", "success": "True", "message": "Optimization terminated successfully.", "x": "[ 5.05874546 -1.63793084 -2.05360633  1.50596933  4.41399206  4.16378162]", "nit": "21", "callback": [0.3171018165801448, 0.22821192103834098]}, "6": {"maxiter": 100, "gtol": 1e-10, "xrtol": 1e-10, "eps": 1e-05, "duration": 0.1319589614868164, "fun": "0.228211920823985", "jac": "[ 4.15933954e-07  5.39135403e-07  1.14119825e-07  7.74313946e-07\n -1.74094072e-07  2.70528044e-07]", "hess_inv": "[[ 3.57646189 -0.91658683  1.08071304 -0.40007614  1.02986623  0.28451204]\n [-0.91658683  4.66710532 -2.06109915 -0.23419379  0.10590491 -1.41612475]\n [ 1.08071304 -2.06109915  5.91687908  1.20961809  1.43728402 -1.51408846]\n [-0.40007614 -0.23419379  1.20961809  2.98700177  0.15583262 -0.46167363]\n [ 1.02986623  0.10590491  1.43728402  0.15583262  3.81076    -0.86918174]\n [ 0.28451204 -1.41612475 -1.51408846 -0.46167363 -0.86918174  3.93884931]]", "nfev": "507", "njev": "71", "status": "2", "success": "False", "message": "Desired error not necessarily achieved due to precision loss.", "x": "[ 5.05874062 -1.63792742 -2.05361855  1.5059642   4.41397582  4.1637854 ]", "nit": "21", "callback": [0.3171652182422795, 0.22821192089268882]}, "7": {"maxiter": 100, "gtol": 1e-10, "xrtol": 1e-10, "eps": 1e-10, "duration": 0.08427095413208008, "fun": "0.22821192080698882", "jac": "[-1.11022293e-06 -1.11022293e-06  0.00000000e+00  2.22044587e-06\n  0.00000000e+00 -2.22044587e-06]", "hess_inv": "[[ 0.43244111  0.7436301  -0.67390953 -0.29784639  0.20825574  0.20538077]\n [ 0.7436301   2.15448799 -1.27097445 -0.92665594  0.12409929  0.79718846]\n [-0.67390953 -1.27097445  1.88975226  0.16099591 -0.7242435  -0.28566976]\n [-0.29784639 -0.92665594  0.16099591  0.63576927  0.2323891  -0.43857241]\n [ 0.20825574  0.12409929 -0.7242435   0.2323891   1.45162123  0.08502186]\n [ 0.20538077  0.79718846 -0.28566976 -0.43857241  0.08502186  0.46131361]]", "nfev": "315", "njev": "45", "status": "0", "success": "True", "message": "Optimization terminated successfully.", "x": "[ 5.0587503  -1.63792914 -2.05360609  1.50596933  4.41398871  4.16378452]", "nit": "29", "callback": [0.3171018165801448, 0.22821192103834098]}, "8": {"maxiter": 500, "gtol": 1e-05, "xrtol": 1e-05, "eps": 1e-05, "duration": 0.061154842376708984, "fun": "0.22821192089268882", "jac": "[-1.92675875e-06 -3.40080186e-06 -2.06046291e-07 -2.71856981e-06\n  3.53161944e-07 -6.42008668e-07]", "hess_inv": "[[ 3.61072258 -0.75432521  1.03147025 -0.34263137  1.04106017  0.29728035]\n [-0.75432521  5.32639946 -2.21119122  0.09557086  0.14306884 -1.40102259]\n [ 1.03147025 -2.21119122  5.91937655  1.077962    1.4318729  -1.48475314]\n [-0.34263137  0.09557086  1.077962    3.0474908   0.18154174 -0.40270109]\n [ 1.04106017  0.14306884  1.4318729   0.18154174  3.81172959 -0.86793912]\n [ 0.29728035 -1.40102259 -1.48475314 -0.40270109 -0.86793912  3.89015617]]", "nfev": "196", "njev": "28", "status": "0", "success": "True", "message": "Optimization terminated successfully.", "x": "[ 5.05873719 -1.63794083 -2.05361694  1.50595574  4.41397479  4.16378836]", "nit": "20", "callback": [0.3171652182422795, 0.22821192089268882]}, "9": {"maxiter": 500, "gtol": 1e-05, "xrtol": 1e-05, "eps": 1e-10, "duration": 0.06680011749267578, "fun": "0.22821192103834098", "jac": "[ 0.00000000e+00 -9.99200639e-06 -1.11022293e-06 -5.55111466e-06\n -5.55111466e-06 -3.33066880e-06]", "hess_inv": "[[ 3.61618162 -0.78074898  1.04371601 -0.34335988  1.03557008  0.29330737]\n [-0.78074898  5.45496515 -2.29558582  0.0400846   0.17375899 -1.43613417]\n [ 1.04371601 -2.29558582  5.96962069  1.08886912  1.41543313 -1.49426835]\n [-0.34335988  0.0400846   1.08886912  2.98355733  0.17593129 -0.45852479]\n [ 1.03557008  0.17375899  1.41543313  0.17593129  3.82018809 -0.88007095]\n [ 0.29330737 -1.43613417 -1.49426835 -0.45852479 -0.88007095  3.8693893 ]]", "nfev": "196", "njev": "28", "status": "0", "success": "True", "message": "Optimization terminated successfully.", "x": "[ 5.05874668 -1.63796481 -2.05360421  1.5059525   4.41397454  4.16379166]", "nit": "20", "callback": [0.3171018165801448, 0.22821192103834098]}, "10": {"maxiter": 500, "gtol": 1e-05, "xrtol": 1e-10, "eps": 1e-05, "duration": 0.0643310546875, "fun": "0.22821192089268882", "jac": "[-1.92675875e-06 -3.40080186e-06 -2.06046291e-07 -2.71856981e-06\n  3.53161944e-07 -6.42008668e-07]", "hess_inv": "[[ 3.61072258 -0.75432521  1.03147025 -0.34263137  1.04106017  0.29728035]\n [-0.75432521  5.32639946 -2.21119122  0.09557086  0.14306884 -1.40102259]\n [ 1.03147025 -2.21119122  5.91937655  1.077962    1.4318729  -1.48475314]\n [-0.34263137  0.09557086  1.077962    3.0474908   0.18154174 -0.40270109]\n [ 1.04106017  0.14306884  1.4318729   0.18154174  3.81172959 -0.86793912]\n [ 0.29728035 -1.40102259 -1.48475314 -0.40270109 -0.86793912  3.89015617]]", "nfev": "196", "njev": "28", "status": "0", "success": "True", "message": "Optimization terminated successfully.", "x": "[ 5.05873719 -1.63794083 -2.05361694  1.50595574  4.41397479  4.16378836]", "nit": "20", "callback": [0.3171652182422795, 0.22821192089268882]}, "11": {"maxiter": 500, "gtol": 1e-05, "xrtol": 1e-10, "eps": 1e-10, "duration": 0.06496095657348633, "fun": "0.22821192103834098", "jac": "[ 0.00000000e+00 -9.99200639e-06 -1.11022293e-06 -5.55111466e-06\n -5.55111466e-06 -3.33066880e-06]", "hess_inv": "[[ 3.61618162 -0.78074898  1.04371601 -0.34335988  1.03557008  0.29330737]\n [-0.78074898  5.45496515 -2.29558582  0.0400846   0.17375899 -1.43613417]\n [ 1.04371601 -2.29558582  5.96962069  1.08886912  1.41543313 -1.49426835]\n [-0.34335988  0.0400846   1.08886912  2.98355733  0.17593129 -0.45852479]\n [ 1.03557008  0.17375899  1.41543313  0.17593129  3.82018809 -0.88007095]\n [ 0.29330737 -1.43613417 -1.49426835 -0.45852479 -0.88007095  3.8693893 ]]", "nfev": "196", "njev": "28", "status": "0", "success": "True", "message": "Optimization terminated successfully.", "x": "[ 5.05874668 -1.63796481 -2.05360421  1.5059525   4.41397454  4.16379166]", "nit": "20", "callback": [0.3171018165801448, 0.22821192103834098]}, "12": {"maxiter": 500, "gtol": 1e-10, "xrtol": 1e-05, "eps": 1e-05, "duration": 0.06255102157592773, "fun": "0.228211920823985", "jac": "[ 4.15933954e-07  5.39135403e-07  1.14119825e-07  7.74313946e-07\n -1.74094072e-07  2.70528044e-07]", "hess_inv": "[[ 3.61755206 -0.82390729  1.09078211 -0.2860702   1.02613894  0.27975967]\n [-0.82390729  4.763912   -1.98991672  0.0440463   0.07092059 -1.37618307]\n [ 1.09078211 -1.98991672  5.89841259  1.22844328  1.4478489  -1.5371324 ]\n [-0.2860702   0.0440463   1.22844328  3.29934879  0.1504872  -0.4843825 ]\n [ 1.02613894  0.07092059  1.4478489   0.1504872   3.80480448 -0.85675399]\n [ 0.27975967 -1.37618307 -1.5371324  -0.4843825  -0.85675399  3.91653138]]", "nfev": "203", "njev": "29", "status": "0", "success": "True", "message": "Optimization terminated successfully.", "x": "[ 5.05874062 -1.63792742 -2.05361855  1.5059642   4.41397582  4.1637854 ]", "nit": "21", "callback": [0.3171652182422795, 0.22821192089268882]}, "13": {"maxiter": 500, "gtol": 1e-10, "xrtol": 1e-05, "eps": 1e-10, "duration": 0.061415910720825195, "fun": "0.22821192081726283", "jac": "[-4.44089173e-06 -1.11022293e-06 -1.11022293e-06 -1.11022293e-06\n  1.11022293e-06 -2.22044587e-06]", "hess_inv": "[[ 3.61450212 -0.73652862  1.03629485 -0.32821873  1.0558322   0.28423183]\n [-0.73652862  4.33394385 -2.01990154 -0.21655896 -0.29200856 -1.28110391]\n [ 1.03629485 -2.01990154  6.0857712   1.41922421  1.63060001 -1.69005695]\n [-0.32821873 -0.21655896  1.41922421  3.31305198  0.21548756 -0.65208722]\n [ 1.0558322  -0.29200856  1.63060001  0.21548756  3.68171278 -0.90190419]\n [ 0.28423183 -1.28110391 -1.69005695 -0.65208722 -0.90190419  3.98308426]]", "nfev": "203", "njev": "29", "status": "0", "success": "True", "message": "Optimization terminated successfully.", "x": "[ 5.05874546 -1.63793084 -2.05360633  1.50596933  4.41399206  4.16378162]", "nit": "21", "callback": [0.3171018165801448, 0.22821192103834098]}, "14": {"maxiter": 500, "gtol": 1e-10, "xrtol": 1e-10, "eps": 1e-05, "duration": 0.16061115264892578, "fun": "0.228211920823985", "jac": "[ 4.15933954e-07  5.39135403e-07  1.14119825e-07  7.74313946e-07\n -1.74094072e-07  2.70528044e-07]", "hess_inv": "[[ 3.57646189 -0.91658683  1.08071304 -0.40007614  1.02986623  0.28451204]\n [-0.91658683  4.66710532 -2.06109915 -0.23419379  0.10590491 -1.41612475]\n [ 1.08071304 -2.06109915  5.91687908  1.20961809  1.43728402 -1.51408846]\n [-0.40007614 -0.23419379  1.20961809  2.98700177  0.15583262 -0.46167363]\n [ 1.02986623  0.10590491  1.43728402  0.15583262  3.81076    -0.86918174]\n [ 0.28451204 -1.41612475 -1.51408846 -0.46167363 -0.86918174  3.93884931]]", "nfev": "507", "njev": "71", "status": "2", "success": "False", "message": "Desired error not necessarily achieved due to precision loss.", "x": "[ 5.05874062 -1.63792742 -2.05361855  1.5059642   4.41397582  4.1637854 ]", "nit": "21", "callback": [0.3171652182422795, 0.22821192089268882]}, "15": {"maxiter": 500, "gtol": 1e-10, "xrtol": 1e-10, "eps": 1e-10, "duration": 0.10399913787841797, "fun": "0.22821192080698882", "jac": "[-1.11022293e-06 -1.11022293e-06  0.00000000e+00  2.22044587e-06\n  0.00000000e+00 -2.22044587e-06]", "hess_inv": "[[ 0.43244111  0.7436301  -0.67390953 -0.29784639  0.20825574  0.20538077]\n [ 0.7436301   2.15448799 -1.27097445 -0.92665594  0.12409929  0.79718846]\n [-0.67390953 -1.27097445  1.88975226  0.16099591 -0.7242435  -0.28566976]\n [-0.29784639 -0.92665594  0.16099591  0.63576927  0.2323891  -0.43857241]\n [ 0.20825574  0.12409929 -0.7242435   0.2323891   1.45162123  0.08502186]\n [ 0.20538077  0.79718846 -0.28566976 -0.43857241  0.08502186  0.46131361]]", "nfev": "315", "njev": "45", "status": "0", "success": "True", "message": "Optimization terminated successfully.", "x": "[ 5.0587503  -1.63792914 -2.05360609  1.50596933  4.41398871  4.16378452]", "nit": "29", "callback": [0.3171018165801448, 0.22821192103834098]}, "16": {"maxiter": 1000, "gtol": 1e-05, "xrtol": 1e-05, "eps": 1e-05, "duration": 0.07626199722290039, "fun": "0.22821192089268882", "jac": "[-1.92675875e-06 -3.40080186e-06 -2.06046291e-07 -2.71856981e-06\n  3.53161944e-07 -6.42008668e-07]", "hess_inv": "[[ 3.61072258 -0.75432521  1.03147025 -0.34263137  1.04106017  0.29728035]\n [-0.75432521  5.32639946 -2.21119122  0.09557086  0.14306884 -1.40102259]\n [ 1.03147025 -2.21119122  5.91937655  1.077962    1.4318729  -1.48475314]\n [-0.34263137  0.09557086  1.077962    3.0474908   0.18154174 -0.40270109]\n [ 1.04106017  0.14306884  1.4318729   0.18154174  3.81172959 -0.86793912]\n [ 0.29728035 -1.40102259 -1.48475314 -0.40270109 -0.86793912  3.89015617]]", "nfev": "196", "njev": "28", "status": "0", "success": "True", "message": "Optimization terminated successfully.", "x": "[ 5.05873719 -1.63794083 -2.05361694  1.50595574  4.41397479  4.16378836]", "nit": "20", "callback": [0.3171652182422795, 0.22821192089268882]}, "17": {"maxiter": 1000, "gtol": 1e-05, "xrtol": 1e-05, "eps": 1e-10, "duration": 0.06506013870239258, "fun": "0.22821192103834098", "jac": "[ 0.00000000e+00 -9.99200639e-06 -1.11022293e-06 -5.55111466e-06\n -5.55111466e-06 -3.33066880e-06]", "hess_inv": "[[ 3.61618162 -0.78074898  1.04371601 -0.34335988  1.03557008  0.29330737]\n [-0.78074898  5.45496515 -2.29558582  0.0400846   0.17375899 -1.43613417]\n [ 1.04371601 -2.29558582  5.96962069  1.08886912  1.41543313 -1.49426835]\n [-0.34335988  0.0400846   1.08886912  2.98355733  0.17593129 -0.45852479]\n [ 1.03557008  0.17375899  1.41543313  0.17593129  3.82018809 -0.88007095]\n [ 0.29330737 -1.43613417 -1.49426835 -0.45852479 -0.88007095  3.8693893 ]]", "nfev": "196", "njev": "28", "status": "0", "success": "True", "message": "Optimization terminated successfully.", "x": "[ 5.05874668 -1.63796481 -2.05360421  1.5059525   4.41397454  4.16379166]", "nit": "20", "callback": [0.3171018165801448, 0.22821192103834098]}, "18": {"maxiter": 1000, "gtol": 1e-05, "xrtol": 1e-10, "eps": 1e-05, "duration": 0.058448076248168945, "fun": "0.22821192089268882", "jac": "[-1.92675875e-06 -3.40080186e-06 -2.06046291e-07 -2.71856981e-06\n  3.53161944e-07 -6.42008668e-07]", "hess_inv": "[[ 3.61072258 -0.75432521  1.03147025 -0.34263137  1.04106017  0.29728035]\n [-0.75432521  5.32639946 -2.21119122  0.09557086  0.14306884 -1.40102259]\n [ 1.03147025 -2.21119122  5.91937655  1.077962    1.4318729  -1.48475314]\n [-0.34263137  0.09557086  1.077962    3.0474908   0.18154174 -0.40270109]\n [ 1.04106017  0.14306884  1.4318729   0.18154174  3.81172959 -0.86793912]\n [ 0.29728035 -1.40102259 -1.48475314 -0.40270109 -0.86793912  3.89015617]]", "nfev": "196", "njev": "28", "status": "0", "success": "True", "message": "Optimization terminated successfully.", "x": "[ 5.05873719 -1.63794083 -2.05361694  1.50595574  4.41397479  4.16378836]", "nit": "20", "callback": [0.3171652182422795, 0.22821192089268882]}, "19": {"maxiter": 1000, "gtol": 1e-05, "xrtol": 1e-10, "eps": 1e-10, "duration": 0.05939507484436035, "fun": "0.22821192103834098", "jac": "[ 0.00000000e+00 -9.99200639e-06 -1.11022293e-06 -5.55111466e-06\n -5.55111466e-06 -3.33066880e-06]", "hess_inv": "[[ 3.61618162 -0.780