{"date": "2024/09/23/, 19:12:28", "conf_id": 48, "data_type": "random\n", "num_data_points": 3, "s_rank": 0, "unitary": "[[-0.53618537-0.34368723j,-0.12107031-0.46226139j,-0.07699282-0.46603512j,0.36022595-0.11472301j],[0.26026499-0.63450712j,-0.56616638+0.37832564j,-0.14988651+0.08458591j,0.10363514-0.16008501j],[-0.32580188-0.11070003j,-0.36476308-0.23593218j,0.02559343+0.41761608j,-0.25598305+0.6725303j],[0.07406738-0.0126433j,0.28513701+0.19483972j,-0.74939717-0.10299659j,0.29798249+0.46269921j]]", "databatch_0": {"databatch": "[[[-0.14726962-0.02649251j,0.14880447+0.06625632j,0.01307649-0.22978681j,0.10031509+0.11670039j],[-0.01901234-0.33281611j,-0.20118239+0.20849152j,0.22349208+0.40861076j,-0.30694383-0.15153622j],[0.29642259-0.10635372j,-0.08557016+0.04908709j,0.02461866-0.27278645j,0.17604443+0.18709942j],[-0.02248351-0.18281401j,0.04390392+0.09216571j,-0.07618993-0.15560553j,0.14283734+0.02381392j]],[[0.21457195+0.13540665j,-0.19646757+0.01842366j,0.05118561-0.12513947j,-0.08224514-0.36368962j],[0.09155073+0.01864338j,-0.08735461+0.40473082j,-0.11046793-0.10159119j,0.0200534-0.40978381j],[-0.169355+0.07790323j,0.02912744+0.08777026j,-0.00517747+0.0438036j,0.33294244-0.0708472j],[0.04631606+0.01120369j,-0.18036564-0.31655373j,0.12110825-0.0302564j,0.01196953+0.23770283j]],[[-0.19644219-0.1478406j,-0.25703001+0.37842028j,0.00601746-0.21416497j,-0.25502825+0.22336426j],[-0.19494258-0.09610079j,-0.11793849+0.37609855j,-0.05635351-0.17480042j,-0.14129993+0.22689773j],[-0.01915256-0.06287622j,-0.03427443+0.0074318j,0.00083508+0.00238038j,-0.02283703-0.05110937j],[0.03200164+0.25945558j,0.32827933-0.12612451j,-0.06698733+0.12515197j,0.19855268+0.03737568j]]]", "initial param values": "[4.56699899,4.11526242,0.96798166,3.10351109,2.50897718,5.1625658]", "nelder_mead": {"type": "gradient-free", "0": {"maxiter": 100, "fatol": 1e-05, "xatol": 1e-05, "duration": 0.04822802543640137, "fun": "0.4972087127487054", "nit": "100", "nfev": "150", "status": "2", "success": "False", "message": "Maximum number of iterations has been exceeded.", "x": "[4.39041402 2.25851091 1.32858397 3.79755415 1.75404364 4.56182805]", "final_simplex": "(array([[4.39041402, 2.25851091, 1.32858397, 3.79755415, 1.75404364,\n        4.56182805],\n       [4.30535627, 2.21365464, 1.34518334, 3.85415031, 1.76668448,\n        4.58279877],\n       [4.46050756, 1.95562623, 1.40283882, 3.83912022, 1.62384913,\n        4.34372926],\n       [4.44581154, 1.98645877, 1.35557913, 3.78422751, 1.80078991,\n        4.47244688],\n       [4.54836146, 2.00095079, 1.33633539, 3.85940902, 1.80795023,\n        4.468276  ],\n       [4.41209976, 2.02689829, 1.36262377, 3.89539739, 1.77147404,\n        4.41154083],\n       [4.54210877, 1.93961531, 1.38196615, 3.76052477, 1.77995972,\n        4.3725641 ]]), array([0.49720871, 0.49749016, 0.49815781, 0.49818519, 0.49877738,\n       0.49887387, 0.49953782]))", "callback": [0.5696990684966869, 0.521725525153417, 0.5208551764008198, 0.5153460996183636, 0.5145681208072204, 0.5118237166200121, 0.5066638347319821, 0.5026351003375062, 0.5001682685716824]}, "1": {"maxiter": 100, "fatol": 1e-05, "xatol": 1e-10, "duration": 0.04755806922912598, "fun": "0.4972087127487054", "nit": "100", "nfev": "150", "status": "2", "success": "False", "message": "Maximum number of iterations has been exceeded.", "x": "[4.39041402 2.25851091 1.32858397 3.79755415 1.75404364 4.56182805]", "final_simplex": "(array([[4.39041402, 2.25851091, 1.32858397, 3.79755415, 1.75404364,\n        4.56182805],\n       [4.30535627, 2.21365464, 1.34518334, 3.85415031, 1.76668448,\n        4.58279877],\n       [4.46050756, 1.95562623, 1.40283882, 3.83912022, 1.62384913,\n        4.34372926],\n       [4.44581154, 1.98645877, 1.35557913, 3.78422751, 1.80078991,\n        4.47244688],\n       [4.54836146, 2.00095079, 1.33633539, 3.85940902, 1.80795023,\n        4.468276  ],\n       [4.41209976, 2.02689829, 1.36262377, 3.89539739, 1.77147404,\n        4.41154083],\n       [4.54210877, 1.93961531, 1.38196615, 3.76052477, 1.77995972,\n        4.3725641 ]]), array([0.49720871, 0.49749016, 0.49815781, 0.49818519, 0.49877738,\n       0.49887387, 0.49953782]))", "callback": [0.5696990684966869, 0.521725525153417, 0.5208551764008198, 0.5153460996183636, 0.5145681208072204, 0.5118237166200121, 0.5066638347319821, 0.5026351003375062, 0.5001682685716824]}, "2": {"maxiter": 100, "fatol": 1e-10, "xatol": 1e-05, "duration": 0.04905986785888672, "fun": "0.4972087127487054", "nit": "100", "nfev": "150", "status": "2", "success": "False", "message": "Maximum number of iterations has been exceeded.", "x": "[4.39041402 2.25851091 1.32858397 3.79755415 1.75404364 4.56182805]", "final_simplex": "(array([[4.39041402, 2.25851091, 1.32858397, 3.79755415, 1.75404364,\n        4.56182805],\n       [4.30535627, 2.21365464, 1.34518334, 3.85415031, 1.76668448,\n        4.58279877],\n       [4.46050756, 1.95562623, 1.40283882, 3.83912022, 1.62384913,\n        4.34372926],\n       [4.44581154, 1.98645877, 1.35557913, 3.78422751, 1.80078991,\n        4.47244688],\n       [4.54836146, 2.00095079, 1.33633539, 3.85940902, 1.80795023,\n        4.468276  ],\n       [4.41209976, 2.02689829, 1.36262377, 3.89539739, 1.77147404,\n        4.41154083],\n       [4.54210877, 1.93961531, 1.38196615, 3.76052477, 1.77995972,\n        4.3725641 ]]), array([0.49720871, 0.49749016, 0.49815781, 0.49818519, 0.49877738,\n       0.49887387, 0.49953782]))", "callback": [0.5696990684966869, 0.521725525153417, 0.5208551764008198, 0.5153460996183636, 0.5145681208072204, 0.5118237166200121, 0.5066638347319821, 0.5026351003375062, 0.5001682685716824]}, "3": {"maxiter": 100, "fatol": 1e-10, "xatol": 1e-10, "duration": 0.04520392417907715, "fun": "0.4972087127487054", "nit": "100", "nfev": "150", "status": "2", "success": "False", "message": "Maximum number of iterations has been exceeded.", "x": "[4.39041402 2.25851091 1.32858397 3.79755415 1.75404364 4.56182805]", "final_simplex": "(array([[4.39041402, 2.25851091, 1.32858397, 3.79755415, 1.75404364,\n        4.56182805],\n       [4.30535627, 2.21365464, 1.34518334, 3.85415031, 1.76668448,\n        4.58279877],\n       [4.46050756, 1.95562623, 1.40283882, 3.83912022, 1.62384913,\n        4.34372926],\n       [4.44581154, 1.98645877, 1.35557913, 3.78422751, 1.80078991,\n        4.47244688],\n       [4.54836146, 2.00095079, 1.33633539, 3.85940902, 1.80795023,\n        4.468276  ],\n       [4.41209976, 2.02689829, 1.36262377, 3.89539739, 1.77147404,\n        4.41154083],\n       [4.54210877, 1.93961531, 1.38196615, 3.76052477, 1.77995972,\n        4.3725641 ]]), array([0.49720871, 0.49749016, 0.49815781, 0.49818519, 0.49877738,\n       0.49887387, 0.49953782]))", "callback": [0.5696990684966869, 0.521725525153417, 0.5208551764008198, 0.5153460996183636, 0.5145681208072204, 0.5118237166200121, 0.5066638347319821, 0.5026351003375062, 0.5001682685716824]}, "4": {"maxiter": 500, "fatol": 1e-05, "xatol": 1e-05, "duration": 0.16524910926818848, "fun": "0.4874411629925679", "nit": "347", "nfev": "538", "status": "0", "success": "True", "message": "Optimization terminated successfully.", "x": "[4.36107991 2.02999347 1.02770366 3.82358789 1.46309928 4.2587227 ]", "final_simplex": "(array([[4.36107991, 2.02999347, 1.02770366, 3.82358789, 1.46309928,\n        4.2587227 ],\n       [4.36107722, 2.02999538, 1.0277078 , 3.82359065, 1.46309666,\n        4.25872056],\n       [4.36107909, 2.02999557, 1.02770972, 3.82358965, 1.46310252,\n        4.2587242 ],\n       [4.36108372, 2.02999032, 1.02770612, 3.82359032, 1.46309825,\n        4.25871838],\n       [4.36107859, 2.03000011, 1.02770788, 3.82358833, 1.46310328,\n        4.25873078],\n       [4.36108218, 2.02998668, 1.02770604, 3.82358625, 1.46309659,\n        4.25871773],\n       [4.36108268, 2.0299911 , 1.02770468, 3.82359201, 1.46310055,\n        4.25872362]]), array([0.48744116, 0.48744116, 0.48744116, 0.48744116, 0.48744116,\n       0.48744116, 0.48744116]))", "callback": [0.5696990684966869, 0.521725525153417, 0.5208551764008198, 0.5153460996183636, 0.5145681208072204, 0.5118237166200121, 0.5066638347319821, 0.5026351003375062, 0.5001682685716824, 0.496565394935651, 0.4955951612430378, 0.4952646844438099, 0.4946851574074108, 0.49398084516818985, 0.49309570942944214, 0.4907070725835879, 0.4876035201796687, 0.48753190123385015, 0.48745819758743036, 0.487445478857532, 0.48744398549115997, 0.48744189438047225, 0.4874415481343518, 0.4874412809793639, 0.4874412671514614, 0.4874411850909385, 0.487441172248985, 0.48744116936672033, 0.48744116518163505, 0.4874411637166708, 0.48744116329853615, 0.48744116304852003, 0.4874411630015961, 0.4874411629928662]}, "5": {"maxiter": 500, "fatol": 1e-05, "xatol": 1e-10, "duration": 0.23114609718322754, "fun": "0.48744116299139095", "nit": "448", "nfev": "759", "status": "0", "success": "True", "message": "Optimization terminated successfully.", "x": "[4.36107944 2.02999293 1.0277076  3.82358894 1.46309991 4.25872369]", "final_simplex": "(array([[4.36107944, 2.02999293, 1.0277076 , 3.82358894, 1.46309991,\n        4.25872369],\n       [4.36107944, 2.02999293, 1.0277076 , 3.82358894, 1.46309991,\n        4.25872369],\n       [4.36107944, 2.02999293, 1.0277076 , 3.82358893, 1.46309991,\n        4.25872369],\n       [4.36107944, 2.02999293, 1.0277076 , 3.82358893, 1.46309991,\n        4.25872369],\n       [4.36107944, 2.02999293, 1.0277076 , 3.82358894, 1.46309991,\n        4.25872369],\n       [4.36107944, 2.02999293, 1.0277076 , 3.82358893, 1.46309991,\n        4.25872369],\n       [4.36107944, 2.02999293, 1.0277076 , 3.82358893, 1.46309991,\n        4.25872369]]), array([0.48744116, 0.48744116, 0.48744116, 0.48744116, 0.48744116,\n       0.48744116, 0.48744116]))", "callback": [0.5696990684966869, 0.521725525153417, 0.5208551764008198, 0.5153460996183636, 0.5145681208072204, 0.5118237166200121, 0.5066638347319821, 0.5026351003375062, 0.5001682685716824, 0.496565394935651, 0.4955951612430378, 0.4952646844438099, 0.4946851574074108, 0.49398084516818985, 0.49309570942944214, 0.4907070725835879, 0.4876035201796687, 0.48753190123385015, 0.48745819758743036, 0.487445478857532, 0.48744398549115997, 0.48744189438047225, 0.4874415481343518, 0.4874412809793639, 0.4874412671514614, 0.4874411850909385, 0.487441172248985, 0.48744116936672033, 0.48744116518163505, 0.4874411637166708, 0.48744116329853615, 0.48744116304852003, 0.4874411630015961, 0.4874411629928662, 0.4874411629918072, 0.48744116299158813, 0.4874411629914711, 0.4874411629914269, 0.48744116299140205, 0.48744116299139406, 0.48744116299139306, 0.4874411629913913, 0.48744116299139106, 0.48744116299139095]}, "6": {"maxiter": 500, "fatol": 1e-10, "xatol": 1e-05, "duration": 0.18054604530334473, "fun": "0.4874411629925679", "nit": "347", "nfev": "538", "status": "0", "success": "True", "message": "Optimization terminated successfully.", "x": "[4.36107991 2.02999347 1.02770366 3.82358789 1.46309928 4.2587227 ]", "final_simplex": "(array([[4.36107991, 2.02999347, 1.02770366, 3.82358789, 1.46309928,\n        4.2587227 ],\n       [4.36107722, 2.02999538, 1.0277078 , 3.82359065, 1.46309666,\n        4.25872056],\n       [4.36107909, 2.02999557, 1.02770972, 3.82358965, 1.46310252,\n        4.2587242 ],\n       [4.36108372, 2.02999032, 1.02770612, 3.82359032, 1.46309825,\n        4.25871838],\n       [4.36107859, 2.03000011, 1.02770788, 3.82358833, 1.46310328,\n        4.25873078],\n       [4.36108218, 2.02998668, 1.02770604, 3.82358625, 1.46309659,\n        4.25871773],\n       [4.36108268, 2.0299911 , 1.02770468, 3.82359201, 1.46310055,\n        4.25872362]]), array([0.48744116, 0.48744116, 0.48744116, 0.48744116, 0.48744116,\n       0.48744116, 0.48744116]))", "callback": [0.5696990684966869, 0.521725525153417, 0.5208551764008198, 0.5153460996183636, 0.5145681208072204, 0.5118237166200121, 0.5066638347319821, 0.5026351003375062, 0.5001682685716824, 0.496565394935651, 0.4955951612430378, 0.4952646844438099, 0.4946851574074108, 0.49398084516818985, 0.49309570942944214, 0.4907070725835879, 0.4876035201796687, 0.48753190123385015, 0.48745819758743036, 0.487445478857532, 0.48744398549115997, 0.48744189438047225, 0.4874415481343518, 0.4874412809793639, 0.4874412671514614, 0.4874411850909385, 0.487441172248985, 0.48744116936672033, 0.48744116518163505, 0.4874411637166708, 0.48744116329853615, 0.48744116304852003, 0.4874411630015961, 0.4874411629928662]}, "7": {"maxiter": 500, "fatol": 1e-10, "xatol": 1e-10, "duration": 0.23523616790771484, "fun": "0.48744116299139095", "nit": "448", "nfev": "759", "status": "0", "success": "True", "message": "Optimization terminated successfully.", "x": "[4.36107944 2.02999293 1.0277076  3.82358894 1.46309991 4.25872369]", "final_simplex": "(array([[4.36107944, 2.02999293, 1.0277076 , 3.82358894, 1.46309991,\n        4.25872369],\n       [4.36107944, 2.02999293, 1.0277076 , 3.82358894, 1.46309991,\n        4.25872369],\n       [4.36107944, 2.02999293, 1.0277076 , 3.82358893, 1.46309991,\n        4.25872369],\n       [4.36107944, 2.02999293, 1.0277076 , 3.82358893, 1.46309991,\n        4.25872369],\n       [4.36107944, 2.02999293, 1.0277076 , 3.82358894, 1.46309991,\n        4.25872369],\n       [4.36107944, 2.02999293, 1.0277076 , 3.82358893, 1.46309991,\n        4.25872369],\n       [4.36107944, 2.02999293, 1.0277076 , 3.82358893, 1.46309991,\n        4.25872369]]), array([0.48744116, 0.48744116, 0.48744116, 0.48744116, 0.48744116,\n       0.48744116, 0.48744116]))", "callback": [0.5696990684966869, 0.521725525153417, 0.5208551764008198, 0.5153460996183636, 0.5145681208072204, 0.5118237166200121, 0.5066638347319821, 0.5026351003375062, 0.5001682685716824, 0.496565394935651, 0.4955951612430378, 0.4952646844438099, 0.4946851574074108, 0.49398084516818985, 0.49309570942944214, 0.4907070725835879, 0.4876035201796687, 0.48753190123385015, 0.48745819758743036, 0.487445478857532, 0.48744398549115997, 0.48744189438047225, 0.4874415481343518, 0.4874412809793639, 0.4874412671514614, 0.4874411850909385, 0.487441172248985, 0.48744116936672033, 0.48744116518163505, 0.4874411637166708, 0.48744116329853615, 0.48744116304852003, 0.4874411630015961, 0.4874411629928662, 0.4874411629918072, 0.48744116299158813, 0.4874411629914711, 0.4874411629914269, 0.48744116299140205, 0.48744116299139406, 0.48744116299139306, 0.4874411629913913, 0.48744116299139106, 0.48744116299139095]}, "8": {"maxiter": 1000, "fatol": 1e-05, "xatol": 1e-05, "duration": 0.1962130069732666, "fun": "0.4874411629925679", "nit": "347", "nfev": "538", "status": "0", "success": "True", "message": "Optimization terminated successfully.", "x": "[4.36107991 2.02999347 1.02770366 3.82358789 1.46309928 4.2587227 ]", "final_simplex": "(array([[4.36107991, 2.02999347, 1.02770366, 3.82358789, 1.46309928,\n        4.2587227 ],\n       [4.36107722, 2.02999538, 1.0277078 , 3.82359065, 1.46309666,\n        4.25872056],\n       [4.36107909, 2.02999557, 1.02770972, 3.82358965, 1.46310252,\n        4.2587242 ],\n       [4.36108372, 2.02999032, 1.02770612, 3.82359032, 1.46309825,\n        4.25871838],\n       [4.36107859, 2.03000011, 1.02770788, 3.82358833, 1.46310328,\n        4.25873078],\n       [4.36108218, 2.02998668, 1.02770604, 3.82358625, 1.46309659,\n        4.25871773],\n       [4.36108268, 2.0299911 , 1.02770468, 3.82359201, 1.46310055,\n        4.25872362]]), array([0.48744116, 0.48744116, 0.48744116, 0.48744116, 0.48744116,\n       0.48744116, 0.48744116]))", "callback": [0.5696990684966869, 0.521725525153417, 0.5208551764008198, 0.5153460996183636, 0.5145681208072204, 0.5118237166200121, 0.5066638347319821, 0.5026351003375062, 0.5001682685716824, 0.496565394935651, 0.4955951612430378, 0.4952646844438099, 0.4946851574074108, 0.49398084516818985, 0.49309570942944214, 0.4907070725835879, 0.4876035201796687, 0.48753190123385015, 0.48745819758743036, 0.487445478857532, 0.48744398549115997, 0.48744189438047225, 0.4874415481343518, 0.4874412809793639, 0.4874412671514614, 0.4874411850909385, 0.487441172248985, 0.48744116936672033, 0.48744116518163505, 0.4874411637166708, 0.48744116329853615, 0.48744116304852003, 0.4874411630015961, 0.4874411629928662]}, "9": {"maxiter": 1000, "fatol": 1e-05, "xatol": 1e-10, "duration": 0.24512076377868652, "fun": "0.48744116299139095", "nit": "448", "nfev": "759", "status": "0", "success": "True", "message": "Optimization terminated successfully.", "x": "[4.36107944 2.02999293 1.0277076  3.82358894 1.46309991 4.25872369]", "final_simplex": "(array([[4.36107944, 2.02999293, 1.0277076 , 3.82358894, 1.46309991,\n        4.25872369],\n       [4.36107944, 2.02999293, 1.0277076 , 3.82358894, 1.46309991,\n        4.25872369],\n       [4.36107944, 2.02999293, 1.0277076 , 3.82358893, 1.46309991,\n        4.25872369],\n       [4.36107944, 2.02999293, 1.0277076 , 3.82358893, 1.46309991,\n        4.25872369],\n       [4.36107944, 2.02999293, 1.0277076 , 3.82358894, 1.46309991,\n        4.25872369],\n       [4.36107944, 2.02999293, 1.0277076 , 3.82358893, 1.46309991,\n        4.25872369],\n       [4.36107944, 2.02999293, 1.0277076 , 3.82358893, 1.46309991,\n        4.25872369]]), array([0.48744116, 0.48744116, 0.48744116, 0.48744116, 0.48744116,\n       0.48744116, 0.48744116]))", "callback": [0.5696990684966869, 0.521725525153417, 0.5208551764008198, 0.5153460996183636, 0.5145681208072204, 0.5118237166200121, 0.5066638347319821, 0.5026351003375062, 0.5001682685716824, 0.496565394935651, 0.4955951612430378, 0.4952646844438099, 0.4946851574074108, 0.49398084516818985, 0.49309570942944214, 0.4907070725835879, 0.4876035201796687, 0.48753190123385015, 0.48745819758743036, 0.487445478857532, 0.48744398549115997, 0.48744189438047225, 0.4874415481343518, 0.4874412809793639, 0.4874412671514614, 0.4874411850909385, 0.487441172248985, 0.48744116936672033, 0.48744116518163505, 0.4874411637166708, 0.48744116329853615, 0.48744116304852003, 0.4874411630015961, 0.4874411629928662, 0.4874411629918072, 0.48744116299158813, 0.4874411629914711, 0.4874411629914269, 0.48744116299140205, 0.48744116299139406, 0.48744116299139306, 0.4874411629913913, 0.48744116299139106, 0.48744116299139095]}, "10": {"maxiter": 1000, "fatol": 1e-10, "xatol": 1e-05, "duration": 0.16551494598388672, "fun": "0.4874411629925679", "nit": "347", "nfev": "538", "status": "0", "success": "True", "message": "Optimization terminated successfully.", "x": "[4.36107991 2.02999347 1.02770366 3.82358789 1.46309928 4.2587227 ]", "final_simplex": "(array([[4.36107991, 2.02999347, 1.02770366, 3.82358789, 1.46309928,\n        4.2587227 ],\n       [4.36107722, 2.02999538, 1.0277078 , 3.82359065, 1.46309666,\n        4.25872056],\n       [4.36107909, 2.02999557, 1.02770972, 3.82358965, 1.46310252,\n        4.2587242 ],\n       [4.36108372, 2.02999032, 1.02770612, 3.82359032, 1.46309825,\n        4.25871838],\n       [4.36107859, 2.03000011, 1.02770788, 3.82358833, 1.46310328,\n        4.25873078],\n       [4.36108218, 2.02998668, 1.02770604, 3.82358625, 1.46309659,\n        4.25871773],\n       [4.36108268, 2.0299911 , 1.02770468, 3.82359201, 1.46310055,\n        4.25872362]]), array([0.48744116, 0.48744116, 0.48744116, 0.48744116, 0.48744116,\n       0.48744116, 0.48744116]))", "callback": [0.5696990684966869, 0.521725525153417, 0.5208551764008198, 0.5153460996183636, 0.5145681208072204, 0.5118237166200121, 0.5066638347319821, 0.5026351003375062, 0.5001682685716824, 0.496565394935651, 0.4955951612430378, 0.4952646844438099, 0.4946851574074108, 0.49398084516818985, 0.49309570942944214, 0.4907070725835879, 0.4876035201796687, 0.48753190123385015, 0.48745819758743036, 0.487445478857532, 0.48744398549115997, 0.48744189438047225, 0.4874415481343518, 0.4874412809793639, 0.4874412671514614, 0.4874411850909385, 0.487441172248985, 0.48744116936672033, 0.48744116518163505, 0.4874411637166708, 0.48744116329853615, 0.48744116304852003, 0.4874411630015961, 0.4874411629928662]}, "11": {"maxiter": 1000, "fatol": 1e-10, "xatol": 1e-10, "duration": 0.24246597290039062, "fun": "0.48744116299139095", "nit": "448", "nfev": "759", "status": "0", "success": "True", "message": "Optimization terminated successfully.", "x": "[4.36107944 2.02999293 1.0277076  3.82358894 1.46309991 4.25872369]", "final_simplex": "(array([[4.36107944, 2.02999293, 1.0277076 , 3.82358894, 1.46309991,\n        4.25872369],\n       [4.36107944, 2.02999293, 1.0277076 , 3.82358894, 1.46309991,\n        4.25872369],\n       [4.36107944, 2.02999293, 1.0277076 , 3.82358893, 1.46309991,\n        4.25872369],\n       [4.36107944, 2.02999293, 1.0277076 , 3.82358893, 1.46309991,\n        4.25872369],\n       [4.36107944, 2.02999293, 1.0277076 , 3.82358894, 1.46309991,\n        4.25872369],\n       [4.36107944, 2.02999293, 1.0277076 , 3.82358893, 1.46309991,\n        4.25872369],\n       [4.36107944, 2.02999293, 1.0277076 , 3.82358893, 1.46309991,\n        4.25872369]]), array([0.48744116, 0.48744116, 0.48744116, 0.48744116, 0.48744116,\n       0.48744116, 0.48744116]))", "callback": [0.5696990684966869, 0.521725525153417, 0.5208551764008198, 0.5153460996183636, 0.5145681208072204, 0.5118237166200121, 0.5066638347319821, 0.5026351003375062, 0.5001682685716824, 0.496565394935651, 0.4955951612430378, 0.4952646844438099, 0.4946851574074108, 0.49398084516818985, 0.49309570942944214, 0.4907070725835879, 0.4876035201796687, 0.48753190123385015, 0.48745819758743036, 0.487445478857532, 0.48744398549115997, 0.48744189438047225, 0.4874415481343518, 0.4874412809793639, 0.4874412671514614, 0.4874411850909385, 0.487441172248985, 0.48744116936672033, 0.48744116518163505, 0.4874411637166708, 0.48744116329853615, 0.48744116304852003, 0.4874411630015961, 0.4874411629928662, 0.4874411629918072, 0.48744116299158813, 0.4874411629914711, 0.4874411629914269, 0.48744116299140205, 0.48744116299139406, 0.48744116299139306, 0.4874411629913913, 0.48744116299139106, 0.48744116299139095]}}, "bfgs": {"type": "gradient", "0": {"maxiter": 100, "gtol": 1e-05, "xrtol": 1e-05, "eps": 1e-05, "duration": 0.06250715255737305, "fun": "0.48744116321642583", "jac": "[-4.30880887e-06 -1.92381666e-06  4.70135042e-07  3.38495898e-07\n  8.04178946e-07 -1.33795197e-06]", "hess_inv": "[[10.45925385 -7.14887447 -1.16485454 -1.72070082  3.02492612 -6.24848429]\n [-7.14887447 14.86653003  0.46642315 -0.53197297  2.01958889 11.09353155]\n [-1.16485454  0.46642315  8.21326195 -0.49331804 -0.03995307  0.65627479]\n [-1.72070082 -0.53197297 -0.49331804  6.09928012  0.09766729  1.15811065]\n [ 3.02492612  2.01958889 -0.03995307  0.09766729 14.83433575 12.96261544]\n [-6.24848429 11.09353155  0.65627479  1.15811065 12.96261544 24.54780261]]", "nfev": "196", "njev": "28", "status": "0", "success": "True", "message": "Optimization terminated successfully.", "x": "[4.36104847 2.02995717 1.02771063 3.82359505 1.46303025 4.25864883]", "nit": "25", "callback": [0.49554282287892815, 0.48748027376801717]}, "1": {"maxiter": 100, "gtol": 1e-05, "xrtol": 1e-05, "eps": 1e-10, "duration": 0.06093716621398926, "fun": "0.48744116310830143", "jac": "[-4.44089173e-06 -2.22044587e-06  0.00000000e+00  3.33066880e-06\n  0.00000000e+00 -1.11022293e-06]", "hess_inv": "[[ 1.05326892e+01 -7.27503911e+00 -1.19277204e+00 -1.71714542e+00\n   3.01921753e+00 -6.31073202e+00]\n [-7.27503911e+00  1.51019054e+01  5.10369672e-01 -5.64083959e-01\n   2.05655624e+00  1.12413988e+01]\n [-1.19277204e+00  5.10369672e-01  8.22241600e+00 -5.24546024e-01\n  -8.96341348e-03  7.33518140e-01]\n [-1.71714542e+00 -5.64083959e-01 -5.24546024e-01  6.08483387e+00\n   8.65576444e-02  1.15930698e+00]\n [ 3.01921753e+00  2.05655624e+00 -8.96341348e-03  8.65576444e-02\n   1.48561158e+01  1.29890850e+01]\n [-6.31073202e+00  1.12413988e+01  7.33518140e-01  1.15930698e+00\n   1.29890850e+01  2.46097095e+01]]", "nfev": "196", "njev": "28", "status": "0", "success": "True", "message": "Optimization terminated successfully.", "x": "[4.36106506 2.02995329 1.02771563 3.82360721 1.46307412 4.25868465]", "nit": "25", "callback": [0.4955428302391339, 0.48748022654323364]}, "2": {"maxiter": 100, "gtol": 1e-05, "xrtol": 1e-10, "eps": 1e-05, "duration": 0.06284308433532715, "fun": "0.48744116321642583", "jac": "[-4.30880887e-06 -1.92381666e-06  4.70135042e-07  3.38495898e-07\n  8.04178946e-07 -1.33795197e-06]", "hess_inv": "[[10.45925385 -7.14887447 -1.16485454 -1.72070082  3.02492612 -6.24848429]\n [-7.14887447 14.86653003  0.46642315 -0.53197297  2.01958889 11.09353155]\n [-1.16485454  0.46642315  8.21326195 -0.49331804 -0.03995307  0.65627479]\n [-1.72070082 -0.53197297 -0.49331804  6.09928012  0.09766729  1.15811065]\n [ 3.02492612  2.01958889 -0.03995307  0.09766729 14.83433575 12.96261544]\n [-6.24848429 11.09353155  0.65627479  1.15811065 12.96261544 24.54780261]]", "nfev": "196", "njev": "28", "status": "0", "success": "True", "message": "Optimization terminated successfully.", "x": "[4.36104847 2.02995717 1.02771063 3.82359505 1.46303025 4.25864883]", "nit": "25", "callback": [0.49554282287892815, 0.48748027376801717]}, "3": {"maxiter": 100, "gtol": 1e-05, "xrtol": 1e-10, "eps": 1e-10, "duration": 0.06383681297302246, "fun": "0.48744116310830143", "jac": "[-4.44089173e-06 -2.22044587e-06  0.00000000e+00  3.33066880e-06\n  0.00000000e+00 -1.11022293e-06]", "hess_inv": "[[ 1.05326892e+01 -7.27503911e+00 -1.19277204e+00 -1.71714542e+00\n   3.01921753e+00 -6.31073202e+00]\n [-7.27503911e+00  1.51019054e+01  5.10369672e-01 -5.64083959e-01\n   2.05655624e+00  1.12413988e+01]\n [-1.19277204e+00  5.10369672e-01  8.22241600e+00 -5.24546024e-01\n  -8.96341348e-03  7.33518140e-01]\n [-1.71714542e+00 -5.64083959e-01 -5.24546024e-01  6.08483387e+00\n   8.65576444e-02  1.15930698e+00]\n [ 3.01921753e+00  2.05655624e+00 -8.96341348e-03  8.65576444e-02\n   1.48561158e+01  1.29890850e+01]\n [-6.31073202e+00  1.12413988e+01  7.33518140e-01  1.15930698e+00\n   1.29890850e+01  2.46097095e+01]]", "nfev": "196", "njev": "28", "status": "0", "success": "True", "message": "Optimization terminated successfully.", "x": "[4.36106506 2.02995329 1.02771563 3.82360721 1.46307412 4.25868465]", "nit": "25", "callback": [0.4955428302391339, 0.48748022654323364]}, "4": {"maxiter": 100, "gtol": 1e-10, "xrtol": 1e-05, "eps": 1e-05, "duration": 0.06620597839355469, "fun": "0.48744116307233565", "jac": "[-9.71012160e-07 -4.55913085e-07 -2.86892732e-07 -2.32247555e-07\n  6.58628707e-07 -6.19604368e-07]", "hess_inv": "[[11.29894354 -6.99374061 -1.44576946 -2.10221214  3.78823735 -5.7979375 ]\n [-6.99374061 14.22382625  0.38206305 -0.70233266  1.90684671 10.74178931]\n [-1.44576946  0.38206305  8.30567146 -0.37051389 -0.30758548  0.48451465]\n [-2.10221214 -0.70233266 -0.37051389  6.25776123 -0.28689272  0.88869606]\n [ 3.78823735  1.90684671 -0.30758548 -0.28689272 15.43229689 13.20776446]\n [-5.7979375  10.74178931  0.48451465  0.88869606 13.20776446 24.50772249]]", "nfev": "203", "njev": "29", "status": "0", "success": "True", "message": "Optimization terminated successfully.", "x": "[4.36107429 2.02996729 1.02770225 3.82358412 1.46305574 4.25866615]", "nit": "26", "callback": [0.49554282287892815, 0.48748027376801717]}, "5": {"maxiter": 100, "gtol": 1e-10, "xrtol": 1e-05, "eps": 1e-10, "duration": 0.06603288650512695, "fun": "0.48744116305096374", "jac": "[-1.11022293e-06 -3.33066880e-06 -1.11022293e-06 -3.33066880e-06\n  2.22044587e-06 -2.22044587e-06]", "hess_inv": "[[11.70412042 -6.97969404 -1.33080241 -2.71669358  4.14431369 -5.71863759]\n [-6.97969404 13.88723897  0.18368236 -0.37087568  1.7209688  10.51380745]\n [-1.33080241  0.18368236  8.17259079 -0.30596191 -0.28174565  0.46520867]\n [-2.71669358 -0.37087568 -0.30596191  6.78395753 -0.65958801  0.95692919]\n [ 4.14431369  1.7209688  -0.28174565 -0.65958801 15.6392446  13.13654253]\n [-5.71863759 10.51380745  0.46520867  0.95692919 13.13654253 24.31252833]]", "nfev": "203", "njev": "29", "status": "0", "success": "True", "message": "Optimization terminated successfully.", "x": "[4.36110424 2.02996604 1.02771167 3.82357279 1.46311313 4.2587064 ]", "nit": "26", "callback": [0.4955428302391339, 0.48748022654323364]}, "6": {"maxiter": 100, "gtol": 1e-10, "xrtol": 1e-10, "eps": 1e-05, "duration": 0.14909601211547852, "fun": "0.4874411630500648", "jac": "[-4.45199433e-09  6.31716901e-09 -1.08135723e-08  6.55031585e-10\n  2.33035813e-08 -1.27564626e-08]", "hess_inv": "[[11.01573727 -6.5396035  -1.22620032 -1.9327541   3.85590716 -5.26960023]\n [-6.5396035  15.40080996  0.63581518 -0.7941314   1.90801438 11.86071913]\n [-1.22620032  0.63581518  8.08330288 -0.26451356 -0.44738852  0.59727392]\n [-1.9327541  -0.7941314  -0.26451356  6.04863044 -0.29064771  0.80466481]\n [ 3.85590716  1.90801438 -0.44738852 -0.29064771 15.87505299 13.37991876]\n [-5.26960023 11.86071913  0.59727392  0.80466481 13.37991876 25.61684669]]", "nfev": "481", "njev": "67", "status": "2", "success": "False", "message": "Desired error not necessarily achieved due to precision loss.", "x": "[4.36107566 2.02997429 1.0277039  3.82358398 1.46305869 4.2586743 ]", "nit": "28", "callback": [0.49554282287892815, 0.48748027376801717]}, "7": {"maxiter": 100, "gtol": 1e-10, "xrtol": 1e-10, "eps": 1e-10, "duration": 0.09333086013793945, "fun": "0.48744116300786866", "jac": "[ 0.00000000e+00 -1.11022293e-06  0.00000000e+00  4.44089173e-06\n  0.00000000e+00  2.22044587e-06]", "hess_inv": "[[ 33.54355003   6.46750328   7.89496691 -24.63548503  51.56014522\n   32.08029509]\n [  6.46750328  10.60841925   0.55562524  -9.55494548  17.58146694\n   16.08272556]\n [  7.89496691   0.55562524   9.97560109  -7.11277308  15.58119527\n   10.23717606]\n [-24.63548503  -9.55494548  -7.11277308  25.26060277 -46.98763456\n  -34.51477567]\n [ 51.56014522  17.58146694  15.58119527 -46.98763456  98.34084603\n   68.80463578]\n [ 32.08029509  16.08272556  10.23717606 -34.51477567  68.80463578\n   55.46951137]]", "nfev": "294", "njev": "42", "status": "0", "success": "True", "message": "Optimization terminated successfully.", "x": "[4.36107552 2.0299828  1.02770279 3.82360029 1.46309091 4.25871508]", "nit": "29", "callback": [0.4955428302391339, 0.48748022654323364]}, "8": {"maxiter": 500, "gtol": 1e-05, "xrtol": 1e-05, "eps": 1e-05, "duration": 0.06215620040893555, "fun": "0.48744116321642583", "jac": "[-4.30880887e-06 -1.92381666e-06  4.70135042e-07  3.38495898e-07\n  8.04178946e-07 -1.33795197e-06]", "hess_inv": "[[10.45925385 -7.14887447 -1.16485454 -1.72070082  3.02492612 -6.24848429]\n [-7.14887447 14.86653003  0.46642315 -0.53197297  2.01958889 11.09353155]\n [-1.16485454  0.46642315  8.21326195 -0.49331804 -0.03995307  0.65627479]\n [-1.72070082 -0.53197297 -0.49331804  6.09928012  0.09766729  1.15811065]\n [ 3.02492612  2.01958889 -0.03995307  0.09766729 14.83433575 12.96261544]\n [-6.24848429 11.09353155  0.65627479  1.15811065 12.96261544 24.54780261]]", "nfev": "196", "njev": "28", "status": "0", "success": "True", "message": "Optimization terminated successfully.", "x": "[4.36104847 2.02995717 1.02771063 3.82359505 1.46303025 4.25864883]", "nit": "25", "callback": [0.49554282287892815, 0.48748027376801717]}, "9": {"maxiter": 500, "gtol": 1e-05, "xrtol": 1e-05, "eps": 1e-10, "duration": 0.0619349479675293, "fun": "0.48744116310830143", "jac": "[-4.44089173e-06 -2.22044587e-06  0.00000000e+00  3.33066880e-06\n  0.00000000e+00 -1.11022293e-06]", "hess_inv": "[[ 1.05326892e+01 -7.27503911e+00 -1.19277204e+00 -1.71714542e+00\n   3.01921753e+00 -6.31073202e+00]\n [-7.27503911e+00  1.51019054e+01  5.10369672e-01 -5.64083959e-01\n   2.05655624e+00  1.12413988e+01]\n [-1.19277204e+00  5.10369672e-01  8.22241600e+00 -5.24546024e-01\n  -8.96341348e-03  7.33518140e-01]\n [-1.71714542e+00 -5.64083959e-01 -5.24546024e-01  6.08483387e+00\n   8.65576444e-02  1.15930698e+00]\n [ 3.01921753e+00  2.05655624e+00 -8.96341348e-03  8.65576444e-02\n   1.48561158e+01  1.29890850e+01]\n [-6.31073202e+00  1.12413988e+01  7.33518140e-01  1.15930698e+00\n   1.29890850e+01  2.46097095e+01]]", "nfev": "196", "njev": "28", "status": "0", "success": "True", "message": "Optimization terminated successfully.", "x": "[4.36106506 2.02995329 1.02771563 3.82360721 1.46307412 4.25868465]", "nit": "25", "callback": [0.4955428302391339, 0.48748022654323364]}, "10": {"maxiter": 500, "gtol": 1e-05, "xrtol": 1e-10, "eps": 1e-05, "duration": 0.06066107749938965, "fun": "0.48744116321642583", "jac": "[-4.30880887e-06 -1.92381666e-06  4.70135042e-07  3.38495898e-07\n  8.04178946e-07 -1.33795197e-06]", "hess_inv": "[[10.45925385 -7.14887447 -1.16485454 -1.72070082  3.02492612 -6.24848429]\n [-7.14887447 14.86653003  0.46642315 -0.53197297  2.01958889 11.09353155]\n [-1.16485454  0.46642315  8.21326195 -0.49331804 -0.03995307  0.65627479]\n [-1.72070082 -0.53197297 -0.49331804  6.09928012  0.09766729  1.15811065]\n [ 3.02492612  2.01958889 -0.03995307  0.09766729 14.83433575 12.96261544]\n [-6.24848429 11.09353155  0.65627479  1.15811065 12.96261544 24.54780261]]", "nfev": "196", "njev": "28", "status": "0", "success": "True", "message": "Optimization terminated successfully.", "x": "[4.36104847 2.02995717 1.02771063 3.82359505 1.46303025 4.25864883]", "nit": "25", "callback": [0.49554282287892815, 0.48748027376801717]}, "11": {"maxiter": 500, "gtol": 1e-05, "xrtol": 1e-10, "eps": 1e-10, "duration": 0.06347918510437012, "fun": "0.48744116310830143", "jac": "[-4.44089173e-06 -2.22044587e-06  0.00000000e+00  3.33066880e-06\n  0.00000000e+00 -1.11022293e-06]", "hess_inv": "[[ 1.05326892e+01 -7.27503911e+00 -1.19277204e+00 -1.71714542e+00\n   3.01921753e+00 -6.31073202e+00]\n [-7.27503911e+00  1.51019054e+01  5.10369672e-01 -5.64083959e-01\n   2.05655624e+00  1.12413988e+01]\n [-1.19277204e+00  5.10369672e-01  8.22241600e+00 -5.24546024e-01\n  -8.96341348e-03  7.33518140e-01]\n [-1.71714542e+00 -5.64083959e-01 -5.24546024e-01  6.08483387e+00\n   8.65576444e-02  1.15930698e+00]\n [ 3.01921753e+00  2.05655624e+00 -8.96341348e-03  8.65576444e-02\n   1.48561158e+01  1.29890850e+01]\n [-6.31073202e+00  1.12413988e+01  7.33518140e-01  1.15930698e+00\n   1.29890850e+01  2.46097095e+01]]", "nfev": "196", "njev": "28", "status": "0", "success": "True", "message": "Optimization terminated successfully.", "x": "[4.36106506 2.02995329 1.02771563 3.82360721 1.46307412 4.25868465]", "nit": "25", "callback": [0.4955428302391339, 0.48748022654323364]}, "12": {"maxiter": 500, "gtol": 1e-10, "xrtol": 1e-05, "eps": 1e-05, "duration": 0.0629880428314209, "fun": "0.48744116307233565", "jac": "[-9.71012160e-07 -4.55913085e-07 -2.86892732e-07 -2.32247555e-07\n  6.58628707e-07 -6.19604368e-07]", "hess_inv": "[[11.29894354 -6.99374061 -1.44576946 -2.10221214  3.78823735 -5.7979375 ]\n [-6.99374061 14.22382625  0.38206305 -0.70233266  1.90684671 10.74178931]\n [-1.44576946  0.38206305  8.30567146 -0.37051389 -0.30758548  0.48451465]\n [-2.10221214 -0.70233266 -0.37051389  6.25776123 -0.28689272  0.88869606]\n [ 3.78823735  1.90684671 -0.30758548 -0.28689272 15.43229689 13.20776446]\n [-5.7979375  10.74178931  0.48451465  0.88869606 13.20776446 24.50772249]]", "nfev": "203", "njev": "29", "status": "0", "success": "True", "message": "Optimization terminated successfully.", "x": "[4.36107429 2.02996729 1.02770225 3.82358412 1.46305574 4.25866615]", "nit": "26", "callback": [0.49554282287892815, 0.48748027376801717]}, "13": {"maxiter": 500, "gtol": 1e-10, "xrtol": 1e-05, "eps": 1e-10, "duration": 0.06343507766723633, "fun": "0.48744116305096374", "jac": "[-1.11022293e-06 -3.33066880e-06 -1.11022293e-06 -3.33066880e-06\n  2.22044587e-06 -2.22044587e-06]", "hess_inv": "[[11.70412042 -6.97969404 -1.33080241 -2.71669358  4.14431369 -5.71863759]\n [-6.97969404 13.88723897  0.18368236 -0.37087568  1.7209688  10.51380745]\n [-1.33080241  0.18368236  8.17259079 -0.30596191 -0.28174565  0.46520867]\n [-2.71669358 -0.37087568 -0.30596191  6.78395753 -0.65958801  0.95692919]\n [ 4.14431369  1.7209688  -0.28174565 -0.65958801 15.6392446  13.13654253]\n [-5.71863759 10.51380745  0.46520867  0.95692919 13.13654253 24.31252833]]", "nfev": "203", "njev": "29", "status": "0", "success": "True", "message": "Optimization terminated successfully.", "x": "[4.36110424 2.02996604 1.02771167 3.82357279 1.46311313 4.2587064 ]", "nit": "26", "callback": [0.4955428302391339, 0.48748022654323364]}, "14": {"maxiter": 500, "gtol": 1e-10, "xrtol": 1e-10, "eps": 1e-05, "duration": 0.15168190002441406, "fun": "0.4874411630500648", "jac": "[-4.45199433e-09  6.31716901e-09 -1.08135723e-08  6.55031585e-10\n  2.33035813e-08 -1.27564626e-08]", "hess_inv": "[[11.01573727 -6.5396035  -1.22620032 -1.9327541   3.85590716 -5.26960023]\n [-6.5396035  15.40080996  0.63581518 -0.7941314   1.90801438 11.86071913]\n [-1.22620032  0.63581518  8.08330288 -0.26451356 -0.44738852  0.59727392]\n [-1.9327541  -0.7941314  -0.26451356  6.04863044 -0.29064771  0.80466481]\n [ 3.85590716  1.90801438 -0.44738852 -0.29064771 15.87505299 13.37991876]\n [-5.26960023 11.86071913  0.59727392  0.80466481 13.37991876 25.61684669]]", "nfev": "481", "njev": "67", "status": "2", "success": "False", "message": "Desired error not necessarily achieved due to precision loss.", "x": "[4.36107566 2.02997429 1.0277039  3.82358398 1.46305869 4.2586743 ]", "nit": "28", "callback": [0.49554282287892815, 0.48748027376801717]}, "15": {"maxiter": 500, "gtol": 1e-10, "xrtol": 1e-10, "eps": 1e-10, "duration": 0.09242391586303711, "fun": "0.48744116300786866", "jac": "[ 0.00000000e+00 -1.11022293e-06  0.00000000e+00  4.44089173e-06\n  0.00000000e+00  2.22044587e-06]", "hess_inv": "[[ 33.54355003   6.46750328   7.89496691 -24.63548503  51.56014522\n   32.08029509]\n [  6.46750328  10.60841925   0.55562524  -9.55494548  17.58146694\n   16.08272556]\n [  7.89496691   0.55562524   9.97560109  -7.11277308  15.58119527\n   10.23717606]\n [-24.63548503  -9.55494548  -7.11277308  25.26060277 -46.98763456\n  -34.51477567]\n [ 51.56014522  17.58146694  15.58119527 -46.98763456  98.34084603\n   68.80463578]\n [ 32.08029509  16.08272556  10.23717606 -34.51477567  68.80463578\n   55.46951137]]", "nfev": "294", "njev": "42", "status": "0", "success": "True", "message": "Optimization terminated successfully.", "x": "[4.36107552 2.0299828  1.02770279 3.82360029 1.46309091 4.25871508]", "nit": "29", "callback": [0.4955428302391339, 0.48748022654323364]}, "16": {"maxiter": 1000, "gtol": 1e-05, "xrtol": 1e-05, "eps": 1e-05, "duration": 0.06358003616333008, "fun": "0.48744116321642583", "jac": "[-4.30880887e-06 -1.92381666e-06  4.70135042e-07  3.38495898e-07\n  8.04178946e-07 -1.33795197e-06]", "hess_inv": "[[10.45925385 -7.14887447 -1.16485454 -1.72070082  3.02492612 -6.24848429]\n [-7.14887447 14.86653003  0.46642315 -0.53197297  2.01958889 11.09353155]\n [-1.16485454  0.46642315  8.21326195 -0.49331804 -0.03995307  0.65627479]\n [-1.72070082 -0.53197297 -0.49331804  6.09928012  0.09766729  1.15811065]\n [ 3.02492612  2.01958889 -0.03995307  0.09766729 14.83433575 12.96261544]\n [-6.24848429 11.09353155  0.65627479  1.15811065 12.96261544 24.54780261]]", "nfev": "196", "njev": "28", "status": "0", "success": "True", "message": "Optimization terminated successfully.", "x": "[4.36104847 2.02995717 1.02771063 3.82359505 1.46303025 4.25864883]", "nit": "25", "callback": [0.49554282287892815, 0.48748027376801717]}, "17": {"maxiter": 1000, "gtol": 1e-05, "xrtol": 1e-05, "eps": 1e-10, "duration": 0.06115889549255371, "fun": "0.48744116310830143", "jac": "[-4.44089173e-06 -2.22044587e-06  0.00000000e+00  3.33066880e-06\n  0.00000000e+00 -1.11022293e-06]", "hess_inv": "[[ 1.05326892e+01 -7.27503911e+00 -1.19277204e+00 -1.71714542e+00\n   3.01921753e+00 -6.31073202e+00]\n [-7.27503911e+00  1.51019054e+01  5.10369672e-01 -5.64083959e-01\n   2.05655624e+00  1.12413988e+01]\n [-1.19277204e+00  5.10369672e-01  8.22241600e+00 -5.24546024e-01\n  -8.96341348e-03  7.33518140e-01]\n [-1.71714542e+00 -5.64083959e-01 -5.24546024e-01  6.08483387e+00\n   8.65576444e-02  1.15930698e+00]\n [ 3.01921753e+00  2.05655624e+00 -8.96341348e-03  8.65576444e-02\n   1.48561158e+01