{"date": "2024/09/23/, 22:00:03", "conf_id": 103, "data_type": "orthogonal\n", "num_data_points": 2, "s_rank": 0, "unitary": "[[-0.53618537-0.34368723j,-0.12107031-0.46226139j,-0.07699282-0.46603512j,0.36022595-0.11472301j],[0.26026499-0.63450712j,-0.56616638+0.37832564j,-0.14988651+0.08458591j,0.10363514-0.16008501j],[-0.32580188-0.11070003j,-0.36476308-0.23593218j,0.02559343+0.41761608j,-0.25598305+0.6725303j],[0.07406738-0.0126433j,0.28513701+0.19483972j,-0.74939717-0.10299659j,0.29798249+0.46269921j]]", "databatch_0": {"databatch": "[[[0.21343049-0.05502721j,0.06045188+0.08229457j,-0.07717666-0.10074769j,-0.08346961+0.0806593j],[-0.20731456-0.28264021j,0.08580644-0.13786833j,-0.10317494+0.17346284j,0.16839978+0.07560584j],[-0.37620316-0.10903966j,-0.01795679-0.18057046j,0.02683033+0.22392917j,0.20065862-0.04779589j],[0.10680396-0.46056924j,0.21646429-0.03346037j,-0.26814331+0.04699312j,0.07073973+0.23872352j]],[[-0.30588248+0.55464083j,-0.29123222-0.03593247j,0.36278647+0.03736465j,-0.00398876-0.33353908j],[-0.01520685-0.17676404j,0.07339106-0.03700809j,-0.09027057+0.04782248j,0.05289213+0.07701972j],[0.11160056+0.13948229j,-0.04074374+0.07203316j,0.04882655-0.09052824j,-0.08736099-0.03489727j],[-0.14510618-0.25052316j,0.08271829-0.1055814j,-0.10014526+0.13326558j,0.13155928+0.0770567j]]]", "initial param values": "[3.1287261,0.04346531,2.54357785,3.01020071,1.30439512,0.13843761]", "nelder_mead": {"type": "gradient-free", "0": {"maxiter": 100, "fatol": 1e-05, "xatol": 1e-05, "duration": 0.03619098663330078, "fun": "0.15556358292347539", "nit": "100", "nfev": "154", "status": "2", "success": "False", "message": "Maximum number of iterations has been exceeded.", "x": "[ 2.60477887  0.04011439  2.32387434 -0.04997653  1.84309178  0.2667212 ]", "final_simplex": "(array([[ 2.60477887,  0.04011439,  2.32387434, -0.04997653,  1.84309178,\n         0.2667212 ],\n       [ 2.7180634 ,  0.04222146,  2.34450596,  0.06475002,  1.70210046,\n         0.2458462 ],\n       [ 2.79298304,  0.04485181,  2.3706738 , -0.09615063,  1.68560692,\n         0.23374755],\n       [ 2.68187905,  0.04206028,  2.42116465, -0.16517708,  1.74790145,\n         0.25451614],\n       [ 2.57900369,  0.04090691,  2.11005367, -0.11725286,  1.68910032,\n         0.24338607],\n       [ 2.53887295,  0.03981306,  2.22989559, -0.10559041,  1.7089814 ,\n         0.2517846 ],\n       [ 2.67723048,  0.04238124,  2.37880248,  0.01758198,  1.65859857,\n         0.23262226]]), array([0.15556358, 0.1629681 , 0.16599623, 0.16969919, 0.1702706 ,\n       0.17043423, 0.17246768]))", "callback": [0.6218658481236299, 0.3119503232512577, 0.30245458669737557, 0.2690132872405375, 0.25922077904238117, 0.2254619717359061, 0.2086846347419089, 0.18232726947206546, 0.1704342306099269]}, "1": {"maxiter": 100, "fatol": 1e-05, "xatol": 1e-10, "duration": 0.03671693801879883, "fun": "0.15556358292347539", "nit": "100", "nfev": "154", "status": "2", "success": "False", "message": "Maximum number of iterations has been exceeded.", "x": "[ 2.60477887  0.04011439  2.32387434 -0.04997653  1.84309178  0.2667212 ]", "final_simplex": "(array([[ 2.60477887,  0.04011439,  2.32387434, -0.04997653,  1.84309178,\n         0.2667212 ],\n       [ 2.7180634 ,  0.04222146,  2.34450596,  0.06475002,  1.70210046,\n         0.2458462 ],\n       [ 2.79298304,  0.04485181,  2.3706738 , -0.09615063,  1.68560692,\n         0.23374755],\n       [ 2.68187905,  0.04206028,  2.42116465, -0.16517708,  1.74790145,\n         0.25451614],\n       [ 2.57900369,  0.04090691,  2.11005367, -0.11725286,  1.68910032,\n         0.24338607],\n       [ 2.53887295,  0.03981306,  2.22989559, -0.10559041,  1.7089814 ,\n         0.2517846 ],\n       [ 2.67723048,  0.04238124,  2.37880248,  0.01758198,  1.65859857,\n         0.23262226]]), array([0.15556358, 0.1629681 , 0.16599623, 0.16969919, 0.1702706 ,\n       0.17043423, 0.17246768]))", "callback": [0.6218658481236299, 0.3119503232512577, 0.30245458669737557, 0.2690132872405375, 0.25922077904238117, 0.2254619717359061, 0.2086846347419089, 0.18232726947206546, 0.1704342306099269]}, "2": {"maxiter": 100, "fatol": 1e-10, "xatol": 1e-05, "duration": 0.03586602210998535, "fun": "0.15556358292347539", "nit": "100", "nfev": "154", "status": "2", "success": "False", "message": "Maximum number of iterations has been exceeded.", "x": "[ 2.60477887  0.04011439  2.32387434 -0.04997653  1.84309178  0.2667212 ]", "final_simplex": "(array([[ 2.60477887,  0.04011439,  2.32387434, -0.04997653,  1.84309178,\n         0.2667212 ],\n       [ 2.7180634 ,  0.04222146,  2.34450596,  0.06475002,  1.70210046,\n         0.2458462 ],\n       [ 2.79298304,  0.04485181,  2.3706738 , -0.09615063,  1.68560692,\n         0.23374755],\n       [ 2.68187905,  0.04206028,  2.42116465, -0.16517708,  1.74790145,\n         0.25451614],\n       [ 2.57900369,  0.04090691,  2.11005367, -0.11725286,  1.68910032,\n         0.24338607],\n       [ 2.53887295,  0.03981306,  2.22989559, -0.10559041,  1.7089814 ,\n         0.2517846 ],\n       [ 2.67723048,  0.04238124,  2.37880248,  0.01758198,  1.65859857,\n         0.23262226]]), array([0.15556358, 0.1629681 , 0.16599623, 0.16969919, 0.1702706 ,\n       0.17043423, 0.17246768]))", "callback": [0.6218658481236299, 0.3119503232512577, 0.30245458669737557, 0.2690132872405375, 0.25922077904238117, 0.2254619717359061, 0.2086846347419089, 0.18232726947206546, 0.1704342306099269]}, "3": {"maxiter": 100, "fatol": 1e-10, "xatol": 1e-10, "duration": 0.036279916763305664, "fun": "0.15556358292347539", "nit": "100", "nfev": "154", "status": "2", "success": "False", "message": "Maximum number of iterations has been exceeded.", "x": "[ 2.60477887  0.04011439  2.32387434 -0.04997653  1.84309178  0.2667212 ]", "final_simplex": "(array([[ 2.60477887,  0.04011439,  2.32387434, -0.04997653,  1.84309178,\n         0.2667212 ],\n       [ 2.7180634 ,  0.04222146,  2.34450596,  0.06475002,  1.70210046,\n         0.2458462 ],\n       [ 2.79298304,  0.04485181,  2.3706738 , -0.09615063,  1.68560692,\n         0.23374755],\n       [ 2.68187905,  0.04206028,  2.42116465, -0.16517708,  1.74790145,\n         0.25451614],\n       [ 2.57900369,  0.04090691,  2.11005367, -0.11725286,  1.68910032,\n         0.24338607],\n       [ 2.53887295,  0.03981306,  2.22989559, -0.10559041,  1.7089814 ,\n         0.2517846 ],\n       [ 2.67723048,  0.04238124,  2.37880248,  0.01758198,  1.65859857,\n         0.23262226]]), array([0.15556358, 0.1629681 , 0.16599623, 0.16969919, 0.1702706 ,\n       0.17043423, 0.17246768]))", "callback": [0.6218658481236299, 0.3119503232512577, 0.30245458669737557, 0.2690132872405375, 0.25922077904238117, 0.2254619717359061, 0.2086846347419089, 0.18232726947206546, 0.1704342306099269]}, "4": {"maxiter": 500, "fatol": 1e-05, "xatol": 1e-05, "duration": 0.17997074127197266, "fun": "0.1117795318010466", "nit": "500", "nfev": "781", "status": "2", "success": "False", "message": "Maximum number of iterations has been exceeded.", "x": "[ 3.28153546 -0.04903374  2.13703656 -0.50382602  0.70399962  1.81107206]", "final_simplex": "(array([[ 3.28153546, -0.04903374,  2.13703656, -0.50382602,  0.70399962,\n         1.81107206],\n       [ 3.2815206 , -0.0490265 ,  2.13702568, -0.50385459,  0.70405354,\n         1.81096685],\n       [ 3.28153178, -0.04903512,  2.13702573, -0.50379485,  0.70389511,\n         1.81108091],\n       [ 3.2815772 , -0.04902662,  2.13696276, -0.50386632,  0.70413125,\n         1.81098612],\n       [ 3.28145933, -0.04902794,  2.13702035, -0.50373792,  0.70401624,\n         1.81095308],\n       [ 3.28150313, -0.0490339 ,  2.1369957 , -0.50380889,  0.70395691,\n         1.81106292],\n       [ 3.28156608, -0.04902922,  2.13708254, -0.50384917,  0.70399162,\n         1.81102145]]), array([0.11177953, 0.11177953, 0.11177953, 0.11177953, 0.11177954,\n       0.11177954, 0.11177954]))", "callback": [0.6218658481236299, 0.3119503232512577, 0.30245458669737557, 0.2690132872405375, 0.25922077904238117, 0.2254619717359061, 0.2086846347419089, 0.18232726947206546, 0.1704342306099269, 0.15556358292347539, 0.1410580907739063, 0.1358994008349388, 0.1335968800354017, 0.13355787755770043, 0.13345814677584, 0.13344256503951324, 0.13344058415925653, 0.13343984365748784, 0.13343857827760297, 0.13343534188591222, 0.1334261868723816, 0.13338482388352513, 0.13328396533448839, 0.13312792044630828, 0.13237577754856278, 0.1290925901755593, 0.12618969588877837, 0.12494694193609368, 0.12404354873757151, 0.12237573092240861, 0.11951145017323561, 0.11910543759477332, 0.11565936480142103, 0.11262344271634861, 0.11239737975449804, 0.11220581367286608, 0.11206239709902865, 0.11200806713219624, 0.11188697717230356, 0.11178080486829323, 0.11178080486829323, 0.11178080486829323, 0.11178013032385525, 0.1117796744472388, 0.11177956999451144, 0.11177954751569397, 0.11177954155222347, 0.11177953823255948, 0.11177953669035745]}, "5": {"maxiter": 500, "fatol": 1e-05, "xatol": 1e-10, "duration": 0.18050599098205566, "fun": "0.1117795318010466", "nit": "500", "nfev": "781", "status": "2", "success": "False", "message": "Maximum number of iterations has been exceeded.", "x": "[ 3.28153546 -0.04903374  2.13703656 -0.50382602  0.70399962  1.81107206]", "final_simplex": "(array([[ 3.28153546, -0.04903374,  2.13703656, -0.50382602,  0.70399962,\n         1.81107206],\n       [ 3.2815206 , -0.0490265 ,  2.13702568, -0.50385459,  0.70405354,\n         1.81096685],\n       [ 3.28153178, -0.04903512,  2.13702573, -0.50379485,  0.70389511,\n         1.81108091],\n       [ 3.2815772 , -0.04902662,  2.13696276, -0.50386632,  0.70413125,\n         1.81098612],\n       [ 3.28145933, -0.04902794,  2.13702035, -0.50373792,  0.70401624,\n         1.81095308],\n       [ 3.28150313, -0.0490339 ,  2.1369957 , -0.50380889,  0.70395691,\n         1.81106292],\n       [ 3.28156608, -0.04902922,  2.13708254, -0.50384917,  0.70399162,\n         1.81102145]]), array([0.11177953, 0.11177953, 0.11177953, 0.11177953, 0.11177954,\n       0.11177954, 0.11177954]))", "callback": [0.6218658481236299, 0.3119503232512577, 0.30245458669737557, 0.2690132872405375, 0.25922077904238117, 0.2254619717359061, 0.2086846347419089, 0.18232726947206546, 0.1704342306099269, 0.15556358292347539, 0.1410580907739063, 0.1358994008349388, 0.1335968800354017, 0.13355787755770043, 0.13345814677584, 0.13344256503951324, 0.13344058415925653, 0.13343984365748784, 0.13343857827760297, 0.13343534188591222, 0.1334261868723816, 0.13338482388352513, 0.13328396533448839, 0.13312792044630828, 0.13237577754856278, 0.1290925901755593, 0.12618969588877837, 0.12494694193609368, 0.12404354873757151, 0.12237573092240861, 0.11951145017323561, 0.11910543759477332, 0.11565936480142103, 0.11262344271634861, 0.11239737975449804, 0.11220581367286608, 0.11206239709902865, 0.11200806713219624, 0.11188697717230356, 0.11178080486829323, 0.11178080486829323, 0.11178080486829323, 0.11178013032385525, 0.1117796744472388, 0.11177956999451144, 0.11177954751569397, 0.11177954155222347, 0.11177953823255948, 0.11177953669035745]}, "6": {"maxiter": 500, "fatol": 1e-10, "xatol": 1e-05, "duration": 0.1810460090637207, "fun": "0.1117795318010466", "nit": "500", "nfev": "781", "status": "2", "success": "False", "message": "Maximum number of iterations has been exceeded.", "x": "[ 3.28153546 -0.04903374  2.13703656 -0.50382602  0.70399962  1.81107206]", "final_simplex": "(array([[ 3.28153546, -0.04903374,  2.13703656, -0.50382602,  0.70399962,\n         1.81107206],\n       [ 3.2815206 , -0.0490265 ,  2.13702568, -0.50385459,  0.70405354,\n         1.81096685],\n       [ 3.28153178, -0.04903512,  2.13702573, -0.50379485,  0.70389511,\n         1.81108091],\n       [ 3.2815772 , -0.04902662,  2.13696276, -0.50386632,  0.70413125,\n         1.81098612],\n       [ 3.28145933, -0.04902794,  2.13702035, -0.50373792,  0.70401624,\n         1.81095308],\n       [ 3.28150313, -0.0490339 ,  2.1369957 , -0.50380889,  0.70395691,\n         1.81106292],\n       [ 3.28156608, -0.04902922,  2.13708254, -0.50384917,  0.70399162,\n         1.81102145]]), array([0.11177953, 0.11177953, 0.11177953, 0.11177953, 0.11177954,\n       0.11177954, 0.11177954]))", "callback": [0.6218658481236299, 0.3119503232512577, 0.30245458669737557, 0.2690132872405375, 0.25922077904238117, 0.2254619717359061, 0.2086846347419089, 0.18232726947206546, 0.1704342306099269, 0.15556358292347539, 0.1410580907739063, 0.1358994008349388, 0.1335968800354017, 0.13355787755770043, 0.13345814677584, 0.13344256503951324, 0.13344058415925653, 0.13343984365748784, 0.13343857827760297, 0.13343534188591222, 0.1334261868723816, 0.13338482388352513, 0.13328396533448839, 0.13312792044630828, 0.13237577754856278, 0.1290925901755593, 0.12618969588877837, 0.12494694193609368, 0.12404354873757151, 0.12237573092240861, 0.11951145017323561, 0.11910543759477332, 0.11565936480142103, 0.11262344271634861, 0.11239737975449804, 0.11220581367286608, 0.11206239709902865, 0.11200806713219624, 0.11188697717230356, 0.11178080486829323, 0.11178080486829323, 0.11178080486829323, 0.11178013032385525, 0.1117796744472388, 0.11177956999451144, 0.11177954751569397, 0.11177954155222347, 0.11177953823255948, 0.11177953669035745]}, "7": {"maxiter": 500, "fatol": 1e-10, "xatol": 1e-10, "duration": 0.17905092239379883, "fun": "0.1117795318010466", "nit": "500", "nfev": "781", "status": "2", "success": "False", "message": "Maximum number of iterations has been exceeded.", "x": "[ 3.28153546 -0.04903374  2.13703656 -0.50382602  0.70399962  1.81107206]", "final_simplex": "(array([[ 3.28153546, -0.04903374,  2.13703656, -0.50382602,  0.70399962,\n         1.81107206],\n       [ 3.2815206 , -0.0490265 ,  2.13702568, -0.50385459,  0.70405354,\n         1.81096685],\n       [ 3.28153178, -0.04903512,  2.13702573, -0.50379485,  0.70389511,\n         1.81108091],\n       [ 3.2815772 , -0.04902662,  2.13696276, -0.50386632,  0.70413125,\n         1.81098612],\n       [ 3.28145933, -0.04902794,  2.13702035, -0.50373792,  0.70401624,\n         1.81095308],\n       [ 3.28150313, -0.0490339 ,  2.1369957 , -0.50380889,  0.70395691,\n         1.81106292],\n       [ 3.28156608, -0.04902922,  2.13708254, -0.50384917,  0.70399162,\n         1.81102145]]), array([0.11177953, 0.11177953, 0.11177953, 0.11177953, 0.11177954,\n       0.11177954, 0.11177954]))", "callback": [0.6218658481236299, 0.3119503232512577, 0.30245458669737557, 0.2690132872405375, 0.25922077904238117, 0.2254619717359061, 0.2086846347419089, 0.18232726947206546, 0.1704342306099269, 0.15556358292347539, 0.1410580907739063, 0.1358994008349388, 0.1335968800354017, 0.13355787755770043, 0.13345814677584, 0.13344256503951324, 0.13344058415925653, 0.13343984365748784, 0.13343857827760297, 0.13343534188591222, 0.1334261868723816, 0.13338482388352513, 0.13328396533448839, 0.13312792044630828, 0.13237577754856278, 0.1290925901755593, 0.12618969588877837, 0.12494694193609368, 0.12404354873757151, 0.12237573092240861, 0.11951145017323561, 0.11910543759477332, 0.11565936480142103, 0.11262344271634861, 0.11239737975449804, 0.11220581367286608, 0.11206239709902865, 0.11200806713219624, 0.11188697717230356, 0.11178080486829323, 0.11178080486829323, 0.11178080486829323, 0.11178013032385525, 0.1117796744472388, 0.11177956999451144, 0.11177954751569397, 0.11177954155222347, 0.11177953823255948, 0.11177953669035745]}, "8": {"maxiter": 1000, "fatol": 1e-05, "xatol": 1e-05, "duration": 0.34369993209838867, "fun": "0.09506025656211414", "nit": "928", "nfev": "1436", "status": "0", "success": "True", "message": "Optimization terminated successfully.", "x": "[ 3.55896661 -1.25918046  0.80114176 -0.45807185  1.06186507  1.74055148]", "final_simplex": "(array([[ 3.55896661, -1.25918046,  0.80114176, -0.45807185,  1.06186507,\n         1.74055148],\n       [ 3.55896676, -1.25918114,  0.80114362, -0.45807526,  1.06185809,\n         1.74055994],\n       [ 3.55896482, -1.2591798 ,  0.80114203, -0.4580748 ,  1.06185692,\n         1.74056003],\n       [ 3.55896818, -1.25917816,  0.8011458 , -0.45807045,  1.06185927,\n         1.7405572 ],\n       [ 3.55897069, -1.2591775 ,  0.80114367, -0.45807207,  1.06185852,\n         1.74056059],\n       [ 3.55896767, -1.25917284,  0.8011508 , -0.45807411,  1.06186014,\n         1.74056068],\n       [ 3.55896807, -1.25918446,  0.80113811, -0.45806739,  1.06186507,\n         1.74055268]]), array([0.09506026, 0.09506026, 0.09506026, 0.09506026, 0.09506026,\n       0.09506026, 0.09506026]))", "callback": [0.6218658481236299, 0.3119503232512577, 0.30245458669737557, 0.2690132872405375, 0.25922077904238117, 0.2254619717359061, 0.2086846347419089, 0.18232726947206546, 0.1704342306099269, 0.15556358292347539, 0.1410580907739063, 0.1358994008349388, 0.1335968800354017, 0.13355787755770043, 0.13345814677584, 0.13344256503951324, 0.13344058415925653, 0.13343984365748784, 0.13343857827760297, 0.13343534188591222, 0.1334261868723816, 0.13338482388352513, 0.13328396533448839, 0.13312792044630828, 0.13237577754856278, 0.1290925901755593, 0.12618969588877837, 0.12494694193609368, 0.12404354873757151, 0.12237573092240861, 0.11951145017323561, 0.11910543759477332, 0.11565936480142103, 0.11262344271634861, 0.11239737975449804, 0.11220581367286608, 0.11206239709902865, 0.11200806713219624, 0.11188697717230356, 0.11178080486829323, 0.11178080486829323, 0.11178080486829323, 0.11178013032385525, 0.1117796744472388, 0.11177956999451144, 0.11177954751569397, 0.11177954155222347, 0.11177953823255948, 0.11177953669035745, 0.1117795318010466, 0.11177951963789268, 0.11177947220678774, 0.11177936046300696, 0.11177926501075564, 0.11177903027161507, 0.11177875726396824, 0.11177757632638263, 0.11177558205127314, 0.11177070583846205, 0.11176446694724029, 0.11175766712363733, 0.11173310797205016, 0.11169805757875317, 0.11161897499425355, 0.11149019412837435, 0.11141030826997922, 0.1109238280791297, 0.11002184623348565, 0.10752694471684265, 0.1058103984209725, 0.1041353473901907, 0.1003116850993262, 0.09844715354966271, 0.09784532944197577, 0.09740518298771361, 0.09607308528333935, 0.0954163117180944, 0.0951433202734524, 0.09508548036300457, 0.09506399508615881, 0.09506112757725282, 0.09506037162612868, 0.09506031500968104, 0.09506026955374325, 0.09506026381025623, 0.09506026129325629, 0.09506025906859583, 0.09506025721607536, 0.09506025685088138, 0.09506025665280704, 0.09506025656856831, 0.09506025656838424]}, "9": {"maxiter": 1000, "fatol": 1e-05, "xatol": 1e-10, "duration": 0.3627769947052002, "fun": "0.09506025656014083", "nit": "1000", "nfev": "1553", "status": "2", "success": "False", "message": "Maximum number of iterations has been exceeded.", "x": "[ 3.55896746 -1.25918463  0.80113713 -0.45807159  1.06186134  1.74055675]", "final_simplex": "(array([[ 3.55896746, -1.25918463,  0.80113713, -0.45807159,  1.06186134,\n         1.74055675],\n       [ 3.55896746, -1.25918464,  0.80113716, -0.45807158,  1.06186134,\n         1.74055672],\n       [ 3.55896743, -1.25918448,  0.8011373 , -0.45807161,  1.0618613 ,\n         1.74055676],\n       [ 3.55896746, -1.25918452,  0.80113723, -0.45807158,  1.06186128,\n         1.74055679],\n       [ 3.55896742, -1.2591848 ,  0.80113697, -0.4580715 ,  1.06186139,\n         1.74055664],\n       [ 3.55896743, -1.25918473,  0.80113699, -0.45807153,  1.06186147,\n         1.74055656],\n       [ 3.55896742, -1.25918468,  0.80113712, -0.45807154,  1.06186121,\n         1.74055677]]), array([0.09506026, 0.09506026, 0.09506026, 0.09506026, 0.09506026,\n       0.09506026, 0.09506026]))", "callback": [0.6218658481236299, 0.3119503232512577, 0.30245458669737557, 0.2690132872405375, 0.25922077904238117, 0.2254619717359061, 0.2086846347419089, 0.18232726947206546, 0.1704342306099269, 0.15556358292347539, 0.1410580907739063, 0.1358994008349388, 0.1335968800354017, 0.13355787755770043, 0.13345814677584, 0.13344256503951324, 0.13344058415925653, 0.13343984365748784, 0.13343857827760297, 0.13343534188591222, 0.1334261868723816, 0.13338482388352513, 0.13328396533448839, 0.13312792044630828, 0.13237577754856278, 0.1290925901755593, 0.12618969588877837, 0.12494694193609368, 0.12404354873757151, 0.12237573092240861, 0.11951145017323561, 0.11910543759477332, 0.11565936480142103, 0.11262344271634861, 0.11239737975449804, 0.11220581367286608, 0.11206239709902865, 0.11200806713219624, 0.11188697717230356, 0.11178080486829323, 0.11178080486829323, 0.11178080486829323, 0.11178013032385525, 0.1117796744472388, 0.11177956999451144, 0.11177954751569397, 0.11177954155222347, 0.11177953823255948, 0.11177953669035745, 0.1117795318010466, 0.11177951963789268, 0.11177947220678774, 0.11177936046300696, 0.11177926501075564, 0.11177903027161507, 0.11177875726396824, 0.11177757632638263, 0.11177558205127314, 0.11177070583846205, 0.11176446694724029, 0.11175766712363733, 0.11173310797205016, 0.11169805757875317, 0.11161897499425355, 0.11149019412837435, 0.11141030826997922, 0.1109238280791297, 0.11002184623348565, 0.10752694471684265, 0.1058103984209725, 0.1041353473901907, 0.1003116850993262, 0.09844715354966271, 0.09784532944197577, 0.09740518298771361, 0.09607308528333935, 0.0954163117180944, 0.0951433202734524, 0.09508548036300457, 0.09506399508615881, 0.09506112757725282, 0.09506037162612868, 0.09506031500968104, 0.09506026955374325, 0.09506026381025623, 0.09506026129325629, 0.09506025906859583, 0.09506025721607536, 0.09506025685088138, 0.09506025665280704, 0.09506025656856831, 0.09506025656838424, 0.09506025656119999, 0.09506025656047534, 0.09506025656025996, 0.09506025656016837, 0.0950602565601677, 0.09506025656014527, 0.09506025656014216]}, "10": {"maxiter": 1000, "fatol": 1e-10, "xatol": 1e-05, "duration": 0.3356621265411377, "fun": "0.09506025656211414", "nit": "928", "nfev": "1436", "status": "0", "success": "True", "message": "Optimization terminated successfully.", "x": "[ 3.55896661 -1.25918046  0.80114176 -0.45807185  1.06186507  1.74055148]", "final_simplex": "(array([[ 3.55896661, -1.25918046,  0.80114176, -0.45807185,  1.06186507,\n         1.74055148],\n       [ 3.55896676, -1.25918114,  0.80114362, -0.45807526,  1.06185809,\n         1.74055994],\n       [ 3.55896482, -1.2591798 ,  0.80114203, -0.4580748 ,  1.06185692,\n         1.74056003],\n       [ 3.55896818, -1.25917816,  0.8011458 , -0.45807045,  1.06185927,\n         1.7405572 ],\n       [ 3.55897069, -1.2591775 ,  0.80114367, -0.45807207,  1.06185852,\n         1.74056059],\n       [ 3.55896767, -1.25917284,  0.8011508 , -0.45807411,  1.06186014,\n         1.74056068],\n       [ 3.55896807, -1.25918446,  0.80113811, -0.45806739,  1.06186507,\n         1.74055268]]), array([0.09506026, 0.09506026, 0.09506026, 0.09506026, 0.09506026,\n       0.09506026, 0.09506026]))", "callback": [0.6218658481236299, 0.3119503232512577, 0.30245458669737557, 0.2690132872405375, 0.25922077904238117, 0.2254619717359061, 0.2086846347419089, 0.18232726947206546, 0.1704342306099269, 0.15556358292347539, 0.1410580907739063, 0.1358994008349388, 0.1335968800354017, 0.13355787755770043, 0.13345814677584, 0.13344256503951324, 0.13344058415925653, 0.13343984365748784, 0.13343857827760297, 0.13343534188591222, 0.1334261868723816, 0.13338482388352513, 0.13328396533448839, 0.13312792044630828, 0.13237577754856278, 0.1290925901755593, 0.12618969588877837, 0.12494694193609368, 0.12404354873757151, 0.12237573092240861, 0.11951145017323561, 0.11910543759477332, 0.11565936480142103, 0.11262344271634861, 0.11239737975449804, 0.11220581367286608, 0.11206239709902865, 0.11200806713219624, 0.11188697717230356, 0.11178080486829323, 0.11178080486829323, 0.11178080486829323, 0.11178013032385525, 0.1117796744472388, 0.11177956999451144, 0.11177954751569397, 0.11177954155222347, 0.11177953823255948, 0.11177953669035745, 0.1117795318010466, 0.11177951963789268, 0.11177947220678774, 0.11177936046300696, 0.11177926501075564, 0.11177903027161507, 0.11177875726396824, 0.11177757632638263, 0.11177558205127314, 0.11177070583846205, 0.11176446694724029, 0.11175766712363733, 0.11173310797205016, 0.11169805757875317, 0.11161897499425355, 0.11149019412837435, 0.11141030826997922, 0.1109238280791297, 0.11002184623348565, 0.10752694471684265, 0.1058103984209725, 0.1041353473901907, 0.1003116850993262, 0.09844715354966271, 0.09784532944197577, 0.09740518298771361, 0.09607308528333935, 0.0954163117180944, 0.0951433202734524, 0.09508548036300457, 0.09506399508615881, 0.09506112757725282, 0.09506037162612868, 0.09506031500968104, 0.09506026955374325, 0.09506026381025623, 0.09506026129325629, 0.09506025906859583, 0.09506025721607536, 0.09506025685088138, 0.09506025665280704, 0.09506025656856831, 0.09506025656838424]}, "11": {"maxiter": 1000, "fatol": 1e-10, "xatol": 1e-10, "duration": 0.35712718963623047, "fun": "0.09506025656014083", "nit": "1000", "nfev": "1553", "status": "2", "success": "False", "message": "Maximum number of iterations has been exceeded.", "x": "[ 3.55896746 -1.25918463  0.80113713 -0.45807159  1.06186134  1.74055675]", "final_simplex": "(array([[ 3.55896746, -1.25918463,  0.80113713, -0.45807159,  1.06186134,\n         1.74055675],\n       [ 3.55896746, -1.25918464,  0.80113716, -0.45807158,  1.06186134,\n         1.74055672],\n       [ 3.55896743, -1.25918448,  0.8011373 , -0.45807161,  1.0618613 ,\n         1.74055676],\n       [ 3.55896746, -1.25918452,  0.80113723, -0.45807158,  1.06186128,\n         1.74055679],\n       [ 3.55896742, -1.2591848 ,  0.80113697, -0.4580715 ,  1.06186139,\n         1.74055664],\n       [ 3.55896743, -1.25918473,  0.80113699, -0.45807153,  1.06186147,\n         1.74055656],\n       [ 3.55896742, -1.25918468,  0.80113712, -0.45807154,  1.06186121,\n         1.74055677]]), array([0.09506026, 0.09506026, 0.09506026, 0.09506026, 0.09506026,\n       0.09506026, 0.09506026]))", "callback": [0.6218658481236299, 0.3119503232512577, 0.30245458669737557, 0.2690132872405375, 0.25922077904238117, 0.2254619717359061, 0.2086846347419089, 0.18232726947206546, 0.1704342306099269, 0.15556358292347539, 0.1410580907739063, 0.1358994008349388, 0.1335968800354017, 0.13355787755770043, 0.13345814677584, 0.13344256503951324, 0.13344058415925653, 0.13343984365748784, 0.13343857827760297, 0.13343534188591222, 0.1334261868723816, 0.13338482388352513, 0.13328396533448839, 0.13312792044630828, 0.13237577754856278, 0.1290925901755593, 0.12618969588877837, 0.12494694193609368, 0.12404354873757151, 0.12237573092240861, 0.11951145017323561, 0.11910543759477332, 0.11565936480142103, 0.11262344271634861, 0.11239737975449804, 0.11220581367286608, 0.11206239709902865, 0.11200806713219624, 0.11188697717230356, 0.11178080486829323, 0.11178080486829323, 0.11178080486829323, 0.11178013032385525, 0.1117796744472388, 0.11177956999451144, 0.11177954751569397, 0.11177954155222347, 0.11177953823255948, 0.11177953669035745, 0.1117795318010466, 0.11177951963789268, 0.11177947220678774, 0.11177936046300696, 0.11177926501075564, 0.11177903027161507, 0.11177875726396824, 0.11177757632638263, 0.11177558205127314, 0.11177070583846205, 0.11176446694724029, 0.11175766712363733, 0.11173310797205016, 0.11169805757875317, 0.11161897499425355, 0.11149019412837435, 0.11141030826997922, 0.1109238280791297, 0.11002184623348565, 0.10752694471684265, 0.1058103984209725, 0.1041353473901907, 0.1003116850993262, 0.09844715354966271, 0.09784532944197577, 0.09740518298771361, 0.09607308528333935, 0.0954163117180944, 0.0951433202734524, 0.09508548036300457, 0.09506399508615881, 0.09506112757725282, 0.09506037162612868, 0.09506031500968104, 0.09506026955374325, 0.09506026381025623, 0.09506026129325629, 0.09506025906859583, 0.09506025721607536, 0.09506025685088138, 0.09506025665280704, 0.09506025656856831, 0.09506025656838424, 0.09506025656119999, 0.09506025656047534, 0.09506025656025996, 0.09506025656016837, 0.0950602565601677, 0.09506025656014527, 0.09506025656014216]}}, "bfgs": {"type": "gradient", "0": {"maxiter": 100, "gtol": 1e-05, "xrtol": 1e-05, "eps": 1e-05, "duration": 0.046765804290771484, "fun": "0.1866922481574056", "jac": "[ 9.40469924e-08  3.05577785e-07 -1.74171788e-07 -5.65425484e-07\n  5.58397772e-07 -1.82165394e-07]", "hess_inv": "[[ 8.95788632 -2.7717954   4.48538917 -5.34566766  1.26321187  5.90352881]\n [-2.7717954   6.85228052 -6.79641231  4.01477472 -2.47243047 -1.07059925]\n [ 4.48538917 -6.79641231 11.62605687 -5.52253504  4.79528975  2.3142604 ]\n [-5.34566766  4.01477472 -5.52253504  7.69397083 -2.51768392 -4.14010983]\n [ 1.26321187 -2.47243047  4.79528975 -2.51768392  4.88818396  1.59035391]\n [ 5.90352881 -1.07059925  2.3142604  -4.14010983  1.59035391  7.9854787 ]]", "nfev": "196", "njev": "28", "status": "0", "success": "True", "message": "Optimization terminated successfully.", "x": "[ 1.03348733  0.8763672   1.37783129  1.78931457 -0.27398319  1.59063088]", "nit": "24", "callback": [0.21413791135123117, 0.18669464892784493]}, "1": {"maxiter": 100, "gtol": 1e-05, "xrtol": 1e-05, "eps": 1e-10, "duration": 0.04610419273376465, "fun": "0.18669224813219787", "jac": "[ 3.33066880e-06  1.11022293e-06  1.11022293e-06  1.11022293e-06\n  4.44089173e-06 -1.11022293e-06]", "hess_inv": "[[ 9.03791978 -2.77981914  4.78138932 -5.51157532  1.21270123  5.98191549]\n [-2.77981914  6.83849153 -6.70476053  3.97460591 -2.48997346 -1.05827328]\n [ 4.78138932 -6.70476053 11.54747816 -5.66466235  4.82365409  2.63656427]\n [-5.51157532  3.97460591 -5.66466235  7.8417267  -2.49969169 -4.3222689 ]\n [ 1.21270123 -2.48997346  4.82365409 -2.49969169  4.8855623   1.52906465]\n [ 5.98191549 -1.05827328  2.63656427 -4.3222689   1.52906465  8.08760371]]", "nfev": "196", "njev": "28", "status": "0", "success": "True", "message": "Optimization terminated successfully.", "x": "[ 1.0335005   0.87635378  1.37785751  1.78930677 -0.27396265  1.59064241]", "nit": "24", "callback": [0.21414122779415778, 0.18669464765613708]}, "2": {"maxiter": 100, "gtol": 1e-05, "xrtol": 1e-10, "eps": 1e-05, "duration": 0.045723915100097656, "fun": "0.1866922481574056", "jac": "[ 9.40469924e-08  3.05577785e-07 -1.74171788e-07 -5.65425484e-07\n  5.58397772e-07 -1.82165394e-07]", "hess_inv": "[[ 8.95788632 -2.7717954   4.48538917 -5.34566766  1.26321187  5.90352881]\n [-2.7717954   6.85228052 -6.79641231  4.01477472 -2.47243047 -1.07059925]\n [ 4.48538917 -6.79641231 11.62605687 -5.52253504  4.79528975  2.3142604 ]\n [-5.34566766  4.01477472 -5.52253504  7.69397083 -2.51768392 -4.14010983]\n [ 1.26321187 -2.47243047  4.79528975 -2.51768392  4.88818396  1.59035391]\n [ 5.90352881 -1.07059925  2.3142604  -4.14010983  1.59035391  7.9854787 ]]", "nfev": "196", "njev": "28", "status": "0", "success": "True", "message": "Optimization terminated successfully.", "x": "[ 1.03348733  0.8763672   1.37783129  1.78931457 -0.27398319  1.59063088]", "nit": "24", "callback": [0.21413791135123117, 0.18669464892784493]}, "3": {"maxiter": 100, "gtol": 1e-05, "xrtol": 1e-10, "eps": 1e-10, "duration": 0.04764270782470703, "fun": "0.18669224813219787", "jac": "[ 3.33066880e-06  1.11022293e-06  1.11022293e-06  1.11022293e-06\n  4.44089173e-06 -1.11022293e-06]", "hess_inv": "[[ 9.03791978 -2.77981914  4.78138932 -5.51157532  1.21270123  5.98191549]\n [-2.77981914  6.83849153 -6.70476053  3.97460591 -2.48997346 -1.05827328]\n [ 4.78138932 -6.70476053 11.54747816 -5.66466235  4.82365409  2.63656427]\n [-5.51157532  3.97460591 -5.66466235  7.8417267  -2.49969169 -4.3222689 ]\n [ 1.21270123 -2.48997346  4.82365409 -2.49969169  4.8855623   1.52906465]\n [ 5.98191549 -1.05827328  2.63656427 -4.3222689   1.52906465  8.08760371]]", "nfev": "196", "njev": "28", "status": "0", "success": "True", "message": "Optimization terminated successfully.", "x": "[ 1.0335005   0.87635378  1.37785751  1.78930677 -0.27396265  1.59064241]", "nit": "24", "callback": [0.21414122779415778, 0.18669464765613708]}, "4": {"maxiter": 100, "gtol": 1e-10, "xrtol": 1e-05, "eps": 1e-05, "duration": 0.09588289260864258, "fun": "0.1866922481574056", "jac": "[ 9.40469924e-08  3.05577785e-07 -1.74171788e-07 -5.65425484e-07\n  5.58397772e-07 -1.82165394e-07]", "hess_inv": "[[ 9.05677834 -2.77381217  4.58803635 -5.52629923  1.34585682  6.02103195]\n [-2.77381217  6.84290639 -6.80412056  4.02065959 -2.4545749  -1.08753979]\n [ 4.58803635 -6.80412056 11.72925329 -5.70871293  4.89272642  2.42755178]\n [-5.52629923  4.02065959 -5.70871293  8.02338945 -2.6732077  -4.3513354 ]\n [ 1.34585682 -2.4545749   4.89272642 -2.6732077   4.91669454  1.7187383 ]\n [ 6.02103195 -1.08753979  2.42755178 -4.3513354   1.7187383   8.1026283 ]]", "nfev": "403", "njev": "56", "status": "2", "success": "False", "message": "Desired error not necessarily achieved due to precision loss.", "x": "[ 1.03348733  0.8763672   1.37783129  1.78931457 -0.27398319  1.59063088]", "nit": "24", "callback": [0.21413791135123117, 0.18669464892784493]}, "5": {"maxiter": 100, "gtol": 1e-10, "xrtol": 1e-05, "eps": 1e-10, "duration": 0.05231475830078125, "fun": "0.18669224813198315", "jac": "[-1.11022293e-06 -3.33066880e-06 -1.11022293e-06 -1.11022293e-06\n  2.22044587e-06 -1.11022293e-06]", "hess_inv": "[[11.51645316 -3.18005542  6.97717661 -7.78315245  2.49562793  8.3816454 ]\n [-3.18005542  6.53587831 -6.66244003  4.51672576 -2.31640208 -1.77530929]\n [ 6.97717661 -6.66244003 13.0638264  -7.86656132  5.54874271  5.11867188]\n [-7.78315245  4.51672576 -7.86656132  9.83994774 -3.85724006 -6.36432452]\n [ 2.49562793 -2.31640208  5.54874271 -3.85724006  5.15489302  3.11283632]\n [ 8.3816454  -1.77530929  5.11867188 -6.36432452  3.11283632 10.11535544]]", "nfev": "224", "njev": "32", "status": "0", "success": "True", "message": "Optimization terminated successfully.", "x": "[ 1.03349941  0.87635421  1.37785627  1.78930765 -0.27396348  1.59064158]", "nit": "25", "callback": [0.21414122779415778, 0.18669464765613708]}, "6": {"maxiter": 100, "gtol": 1e-10, "xrtol": 1e-10, "eps": 1e-05, "duration": 0.09533524513244629, "fun": "0.1866922481574056", "jac": "[ 9.40469924e-08  3.05577785e-07 -1.74171788e-07 -5.65425484e-07\n  5.58397772e-07 -1.82165394e-07]", "hess_inv": "[[ 9.05677834 -2.77381217  4.58803635 -5.52629923  1.34585682  6.02103195]\n [-2.77381217  6.84290639 -6.80412056  4.02065959 -2.4545749  -1.08753979]\n [ 4.58803635 -6.80412056 11.72925329 -5.70871293  4.89272642  2.42755178]\n [-5.52629923  4.02065959 -5.70871293  8.02338945 -2.6732077  -4.3513354 ]\n [ 1.34585682 -2.4545749   4.89272642 -2.6732077   4.91669454  1.7187383 ]\n [ 6.02103195 -1.08753979  2.42755178 -4.3513354   1.7187383   8.1026283 ]]", "nfev": "403", "njev": "56", "status": "2", "success": "False", "message": "Desired error not necessarily achieved due to precision loss.", "x": "[ 1.03348733  0.8763672   1.37783129  1.78931457 -0.27398319  1.59063088]", "nit": "24", "callback": [0.21413791135123117, 0.18669464892784493]}, "7": {"maxiter": 100, "gtol": 1e-10, "xrtol": 1e-10, "eps": 1e-10, "duration": 0.08816218376159668, "fun": "0.18669224811747864", "jac": "[0. 0. 0. 0. 0. 0.]", "hess_inv": "[[ 0.01068369  0.00190316 -0.01121174  0.00102844 -0.01248624  0.00758694]\n [ 0.00190316  0.00743987 -0.00598445 -0.0005341  -0.00365144 -0.00067098]\n [-0.01121174 -0.00598445  0.0280525  -0.00487981  0.02486116 -0.02255965]\n [ 0.00102844 -0.0005341  -0.00487981  0.00272434 -0.00568974  0.00696846]\n [-0.01248624 -0.00365144  0.02486116 -0.00568974  0.02515869 -0.02230214]\n [ 0.00758694 -0.00067098 -0.02255965  0.00696846 -0.02230214  0.02508603]]", "nfev": "371", "njev": "53", "status": "0", "success": "True", "message": "Optimization terminated successfully.", "x": "[ 1.03350485  0.87635684  1.37785399  1.78930559 -0.27396876  1.59065097]", "nit": "39", "callback": [0.21414122779415778, 0.18669464765613708, 0.18669224812992302]}, "8": {"maxiter": 500, "gtol": 1e-05, "xrtol": 1e-05, "eps": 1e-05, "duration": 0.04624509811401367, "fun": "0.1866922481574056", "jac": "[ 9.40469924e-08  3.05577785e-07 -1.74171788e-07 -5.65425484e-07\n  5.58397772e-07 -1.82165394e-07]", "hess_inv": "[[ 8.95788632 -2.7717954   4.48538917 -5.34566766  1.26321187  5.90352881]\n [-2.7717954   6.85228052 -6.79641231  4.01477472 -2.47243047 -1.07059925]\n [ 4.48538917 -6.79641231 11.62605687 -5.52253504  4.79528975  2.3142604 ]\n [-5.34566766  4.01477472 -5.52253504  7.69397083 -2.51768392 -4.14010983]\n [ 1.26321187 -2.47243047  4.79528975 -2.51768392  4.88818396  1.59035391]\n [ 5.90352881 -1.07059925  2.3142604  -4.14010983  1.59035391  7.9854787 ]]", "nfev": "196", "njev": "28", "status": "0", "success": "True", "message": "Optimization terminated successfully.", "x": "[ 1.03348733  0.8763672   1.37783129  1.78931457 -0.27398319  1.59063088]", "nit": "24", "callback": [0.21413791135123117, 0.18669464892784493]}, "9": {"maxiter": 500, "gtol": 1e-05, "xrtol": 1e-05, "eps": 1e-10, "duration": 0.046639204025268555, "fun": "0.18669224813219787", "jac": "[ 3.33066880e-06  1.11022293e-06  1.11022293e-06  1.11022293e-06\n  4.44089173e-06 -1.11022293e-06]", "hess_inv": "[[ 9.03791978 -2.77981914  4.78138932 -5.51157532  1.21270123  5.98191549]\n [-2.77981914  6.83849153 -6.70476053  3.97460591 -2.48997346 -1.05827328]\n [ 4.78138932 -6.70476053 11.54747816 -5.66466235  4.82365409  2.63656427]\n [-5.51157532  3.97460591 -5.66466235  7.8417267  -2.49969169 -4.3222689 ]\n [ 1.21270123 -2.48997346  4.82365409 -2.49969169  4.8855623   1.52906465]\n [ 5.98191549 -1.05827328  2.63656427 -4.3222689   1.52906465  8.08760371]]", "nfev": "196", "njev": "28", "status": "0", "success": "True", "message": "Optimization terminated successfully.", "x": "[ 1.0335005   0.87635378  1.37785751  1.78930677 -0.27396265  1.59064241]", "nit": "24", "callback": [0.21414122779415778, 0.18669464765613708]}, "10": {"maxiter": 500, "gtol": 1e-05, "xrtol": 1e-10, "eps": 1e-05, "duration": 0.04520010948181152, "fun": "0.1866922481574056", "jac": "[ 9.40469924e-08  3.05577785e-07 -1.74171788e-07 -5.65425484e-07\n  5.58397772e-07 -1.82165394e-07]", "hess_inv": "[[ 8.95788632 -2.7717954   4.48538917 -5.34566766  1.26321187  5.90352881]\n [-2.7717954   6.85228052 -6.79641231  4.01477472 -2.47243047 -1.07059925]\n [ 4.48538917 -6.79641231 11.62605687 -5.52253504  4.79528975  2.3142604 ]\n [-5.34566766  4.01477472 -5.52253504  7.69397083 -2.51768392 -4.14010983]\n [ 1.26321187 -2.47243047  4.79528975 -2.51768392  4.88818396  1.59035391]\n [ 5.90352881 -1.07059925  2.3142604  -4.14010983  1.59035391  7.9854787 ]]", "nfev": "196", "njev": "28", "status": "0", "success": "True", "message": "Optimization terminated successfully.", "x": "[ 1.03348733  0.8763672   1.37783129  1.78931457 -0.27398319  1.59063088]", "nit": "24", "callback": [0.21413791135123117, 0.18669464892784493]}, "11": {"maxiter": 500, "gtol": 1e-05, "xrtol": 1e-10, "eps": 1e-10, "duration": 0.047081947326660156, "fun": "0.18669224813219787", "jac": "[ 3.33066880e-06  1.11022293e-06  1.11022293e-06  1.11022293e-06\n  4.44089173e-06 -1.11022293e-06]", "hess_inv": "[[ 9.03791978 -2.77981914  4.78138932 -5.51157532  1.21270123  5.98191549]\n [-2.77981914  6.83849153 -6.70476053  3.97460591 -2.48997346 -1.05827328]\n [ 4.78138932 -6.70476053 11.54747816 -5.66466235  4.82365409  2.63656427]\n [-5.51157532  3.97460591 -5.66466235  7.8417267  -2.49969169 -4.3222689 ]\n [ 1.21270123 -2.48997346  4.82365409 -2.49969169  4.8855623   1.52906465]\n [ 5.98191549 -1.05827328  2.63656427 -4.3222689   1.52906465  8.08760371]]", "nfev": "196", "njev": "28", "status": "0", "success": "True", "message": "Optimization terminated successfully.", "x": "[ 1.0335005   0.87635378  1.37785751  1.78930677 -0.27396265  1.59064241]", "nit": "24", "callback": [0.21414122779415778, 0.18669464765613708]}, "12": {"maxiter": 500, "gtol": 1e-10, "xrtol": 1e-05, "eps": 1e-05, "duration": 0.09351611137390137, "fun": "0.1866922481574056", "jac": "[ 9.40469924e-08  3.05577785e-07 -1.74171788e-07 -5.65425484e-07\n  5.58397772e-07 -1.82165394e-07]", "hess_inv": "[[ 9.05677834 -2.77381217  4.58803635 -5.52629923  1.34585682  6.02103195]\n [-2.77381217  6.84290639 -6.80412056  4.02065959 -2.45