{"date": "2024/09/24/, 05:35:54", "conf_id": 286, "data_type": "var_s_rank\n", "num_data_points": 3, "s_rank": 0, "unitary": "[[-0.56303964-0.00798273j,-0.21670212-0.15784972j,-0.06047197-0.73952673j,-0.01438004+0.24552571j],[-0.06976756+0.23474685j,-0.01275565-0.5435098j,-0.02703657-0.08917885j,-0.08210486-0.79311774j],[-0.38559961+0.10714929j,0.5933431-0.2687392j,-0.24060861+0.29149289j,-0.45147719+0.26241743j],[-0.50180421+0.45931857j,-0.11617175+0.44134496j,0.49642745+0.22684508j,-0.08544628-0.15407063j]]", "databatch_0": {"databatch": "[[[-0.14054396+0.09287311j,0.07985593-0.30310917j,0.10304236-0.03993037j,-0.15884436+0.13938471j],[0.12372372+0.00645553j,0.00088033-0.00278021j,-0.011341-0.16699543j,0.26795427-0.03517094j],[0.1886854+0.10255047j,-0.10682692+0.43043579j,0.17019347+0.03201829j,0.29602612+0.30885391j],[-0.07583105+0.04426645j,0.20873603+0.18381642j,0.25529861+0.14397613j,-0.09673102+0.25285635j]],[[-0.0118958+0.27804216j,0.17855904+0.16661305j,-0.13294635-0.09929212j,-0.09722391-0.20314993j],[0.44796706-0.01372416j,0.18032403-0.14959133j,-0.01807108+0.13828619j,-0.15538699+0.32238089j],[-0.41873531-0.01198415j,-0.08376018+0.28453961j,-0.09975473-0.18671402j,0.09791514-0.11257832j],[-0.146565-0.02580576j,-0.00892508+0.00801805j,-0.10021758-0.02415458j,-0.06261288-0.1183048j]],[[-0.16281697-0.04195283j,0.03316108+0.24388225j,0.29472802-0.03201027j,-0.20305881+0.22538235j],[-0.00129229-0.18574031j,-0.25104192+0.10445125j,0.1176162+0.30566331j,-0.29815792-0.15303305j],[0.06952473-0.03264039j,-0.08268316-0.07618779j,-0.09441989+0.09708279j,0.00584965-0.13845594j],[0.08056128+0.17326888j,0.19030842-0.20499845j,-0.24065391-0.23580032j,0.34440325+0.01583368j]]]", "initial param values": "[4.52293106,5.55012352,1.13766047,3.90283496,0.89316302,3.92335806]", "nelder_mead": {"type": "gradient-free", "0": {"maxiter": 100, "fatol": 1e-05, "xatol": 1e-05, "duration": 0.039685964584350586, "fun": "0.42844471599478995", "nit": "100", "nfev": "166", "status": "2", "success": "False", "message": "Maximum number of iterations has been exceeded.", "x": "[ 5.00025884  6.19903486  1.75846697  6.38873597 -0.0175857   4.0306931 ]", "final_simplex": "(array([[ 5.00025884e+00,  6.19903486e+00,  1.75846697e+00,\n         6.38873597e+00, -1.75856960e-02,  4.03069310e+00],\n       [ 5.02421466e+00,  6.21679383e+00,  1.78169602e+00,\n         6.36950454e+00, -2.98963477e-02,  4.06929400e+00],\n       [ 5.00439678e+00,  6.26438745e+00,  1.74502484e+00,\n         6.35446883e+00, -9.59638404e-03,  4.04849540e+00],\n       [ 5.06045334e+00,  6.23822560e+00,  1.73546029e+00,\n         6.37501784e+00,  2.10651542e-03,  4.00527463e+00],\n       [ 4.99760252e+00,  6.19215735e+00,  1.81384155e+00,\n         6.43726309e+00, -4.88416792e-02,  4.06786761e+00],\n       [ 5.02729986e+00,  6.23285177e+00,  1.74835786e+00,\n         6.40815575e+00, -2.42947197e-02,  4.03764771e+00],\n       [ 4.98135013e+00,  6.24321800e+00,  1.72134106e+00,\n         6.36467518e+00,  7.79835848e-03,  4.02612812e+00]]), array([0.42844472, 0.42850641, 0.42858985, 0.42862858, 0.42864234,\n       0.4286979 , 0.42872461]))", "callback": [0.5699415501326548, 0.5307416554881794, 0.516180291289273, 0.5121202492756773, 0.5048630474562312, 0.47536418082785936, 0.4347495414971414, 0.43040148986870574, 0.428870848090107]}, "1": {"maxiter": 100, "fatol": 1e-05, "xatol": 1e-10, "duration": 0.03753185272216797, "fun": "0.42844471599478995", "nit": "100", "nfev": "166", "status": "2", "success": "False", "message": "Maximum number of iterations has been exceeded.", "x": "[ 5.00025884  6.19903486  1.75846697  6.38873597 -0.0175857   4.0306931 ]", "final_simplex": "(array([[ 5.00025884e+00,  6.19903486e+00,  1.75846697e+00,\n         6.38873597e+00, -1.75856960e-02,  4.03069310e+00],\n       [ 5.02421466e+00,  6.21679383e+00,  1.78169602e+00,\n         6.36950454e+00, -2.98963477e-02,  4.06929400e+00],\n       [ 5.00439678e+00,  6.26438745e+00,  1.74502484e+00,\n         6.35446883e+00, -9.59638404e-03,  4.04849540e+00],\n       [ 5.06045334e+00,  6.23822560e+00,  1.73546029e+00,\n         6.37501784e+00,  2.10651542e-03,  4.00527463e+00],\n       [ 4.99760252e+00,  6.19215735e+00,  1.81384155e+00,\n         6.43726309e+00, -4.88416792e-02,  4.06786761e+00],\n       [ 5.02729986e+00,  6.23285177e+00,  1.74835786e+00,\n         6.40815575e+00, -2.42947197e-02,  4.03764771e+00],\n       [ 4.98135013e+00,  6.24321800e+00,  1.72134106e+00,\n         6.36467518e+00,  7.79835848e-03,  4.02612812e+00]]), array([0.42844472, 0.42850641, 0.42858985, 0.42862858, 0.42864234,\n       0.4286979 , 0.42872461]))", "callback": [0.5699415501326548, 0.5307416554881794, 0.516180291289273, 0.5121202492756773, 0.5048630474562312, 0.47536418082785936, 0.4347495414971414, 0.43040148986870574, 0.428870848090107]}, "2": {"maxiter": 100, "fatol": 1e-10, "xatol": 1e-05, "duration": 0.03819108009338379, "fun": "0.42844471599478995", "nit": "100", "nfev": "166", "status": "2", "success": "False", "message": "Maximum number of iterations has been exceeded.", "x": "[ 5.00025884  6.19903486  1.75846697  6.38873597 -0.0175857   4.0306931 ]", "final_simplex": "(array([[ 5.00025884e+00,  6.19903486e+00,  1.75846697e+00,\n         6.38873597e+00, -1.75856960e-02,  4.03069310e+00],\n       [ 5.02421466e+00,  6.21679383e+00,  1.78169602e+00,\n         6.36950454e+00, -2.98963477e-02,  4.06929400e+00],\n       [ 5.00439678e+00,  6.26438745e+00,  1.74502484e+00,\n         6.35446883e+00, -9.59638404e-03,  4.04849540e+00],\n       [ 5.06045334e+00,  6.23822560e+00,  1.73546029e+00,\n         6.37501784e+00,  2.10651542e-03,  4.00527463e+00],\n       [ 4.99760252e+00,  6.19215735e+00,  1.81384155e+00,\n         6.43726309e+00, -4.88416792e-02,  4.06786761e+00],\n       [ 5.02729986e+00,  6.23285177e+00,  1.74835786e+00,\n         6.40815575e+00, -2.42947197e-02,  4.03764771e+00],\n       [ 4.98135013e+00,  6.24321800e+00,  1.72134106e+00,\n         6.36467518e+00,  7.79835848e-03,  4.02612812e+00]]), array([0.42844472, 0.42850641, 0.42858985, 0.42862858, 0.42864234,\n       0.4286979 , 0.42872461]))", "callback": [0.5699415501326548, 0.5307416554881794, 0.516180291289273, 0.5121202492756773, 0.5048630474562312, 0.47536418082785936, 0.4347495414971414, 0.43040148986870574, 0.428870848090107]}, "3": {"maxiter": 100, "fatol": 1e-10, "xatol": 1e-10, "duration": 0.03774881362915039, "fun": "0.42844471599478995", "nit": "100", "nfev": "166", "status": "2", "success": "False", "message": "Maximum number of iterations has been exceeded.", "x": "[ 5.00025884  6.19903486  1.75846697  6.38873597 -0.0175857   4.0306931 ]", "final_simplex": "(array([[ 5.00025884e+00,  6.19903486e+00,  1.75846697e+00,\n         6.38873597e+00, -1.75856960e-02,  4.03069310e+00],\n       [ 5.02421466e+00,  6.21679383e+00,  1.78169602e+00,\n         6.36950454e+00, -2.98963477e-02,  4.06929400e+00],\n       [ 5.00439678e+00,  6.26438745e+00,  1.74502484e+00,\n         6.35446883e+00, -9.59638404e-03,  4.04849540e+00],\n       [ 5.06045334e+00,  6.23822560e+00,  1.73546029e+00,\n         6.37501784e+00,  2.10651542e-03,  4.00527463e+00],\n       [ 4.99760252e+00,  6.19215735e+00,  1.81384155e+00,\n         6.43726309e+00, -4.88416792e-02,  4.06786761e+00],\n       [ 5.02729986e+00,  6.23285177e+00,  1.74835786e+00,\n         6.40815575e+00, -2.42947197e-02,  4.03764771e+00],\n       [ 4.98135013e+00,  6.24321800e+00,  1.72134106e+00,\n         6.36467518e+00,  7.79835848e-03,  4.02612812e+00]]), array([0.42844472, 0.42850641, 0.42858985, 0.42862858, 0.42864234,\n       0.4286979 , 0.42872461]))", "callback": [0.5699415501326548, 0.5307416554881794, 0.516180291289273, 0.5121202492756773, 0.5048630474562312, 0.47536418082785936, 0.4347495414971414, 0.43040148986870574, 0.428870848090107]}, "4": {"maxiter": 500, "fatol": 1e-05, "xatol": 1e-05, "duration": 0.14978575706481934, "fun": "0.4199814716114617", "nit": "432", "nfev": "670", "status": "0", "success": "True", "message": "Optimization terminated successfully.", "x": "[4.93015145 6.217227   1.73697511 6.58410776 1.1952019  2.80414641]", "final_simplex": "(array([[4.93015145, 6.217227  , 1.73697511, 6.58410776, 1.1952019 ,\n        2.80414641],\n       [4.93015313, 6.21722785, 1.73697257, 6.58410872, 1.19520128,\n        2.8041461 ],\n       [4.93015214, 6.21722656, 1.73697471, 6.58411042, 1.19519591,\n        2.80415264],\n       [4.93015202, 6.21722794, 1.73697318, 6.58410949, 1.19520009,\n        2.8041461 ],\n       [4.93015106, 6.21722843, 1.736972  , 6.58410923, 1.19521143,\n        2.80413739],\n       [4.93015077, 6.21722878, 1.73697088, 6.58410807, 1.19520267,\n        2.80414405],\n       [4.93015231, 6.21722936, 1.73697403, 6.58410779, 1.19519389,\n        2.80415514]]), array([0.41998147, 0.41998147, 0.41998147, 0.41998147, 0.41998147,\n       0.41998147, 0.41998147]))", "callback": [0.5699415501326548, 0.5307416554881794, 0.516180291289273, 0.5121202492756773, 0.5048630474562312, 0.47536418082785936, 0.4347495414971414, 0.43040148986870574, 0.428870848090107, 0.42844471599478995, 0.42826442636256645, 0.4279363429360107, 0.42756373935209735, 0.427188797110711, 0.4267500065982158, 0.42624507587429117, 0.4244981286739692, 0.42151700404634396, 0.42043253334951725, 0.4201939780371515, 0.42007018119490247, 0.4200368116262818, 0.42002887363169983, 0.4199944731994527, 0.4199944731994527, 0.4199881642253348, 0.41998640568717416, 0.41998445798444417, 0.41998381478366886, 0.4199833327691107, 0.41998264633270443, 0.41998174220524565, 0.4199816264118654, 0.41998155893465317, 0.4199815145354885, 0.4199814874976239, 0.4199814771223608, 0.4199814760366146, 0.4199814724981169, 0.41998147169714817, 0.41998147162246524, 0.4199814716126484, 0.41998147161193533]}, "5": {"maxiter": 500, "fatol": 1e-05, "xatol": 1e-10, "duration": 0.18303513526916504, "fun": "0.4199814716113407", "nit": "500", "nfev": "808", "status": "2", "success": "False", "message": "Maximum number of iterations has been exceeded.", "x": "[4.93015117 6.21722765 1.7369741  6.58410805 1.19520243 2.80414544]", "final_simplex": "(array([[4.93015117, 6.21722765, 1.7369741 , 6.58410805, 1.19520243,\n        2.80414544],\n       [4.93015117, 6.21722765, 1.7369741 , 6.58410804, 1.19520244,\n        2.80414543],\n       [4.93015117, 6.21722765, 1.7369741 , 6.58410805, 1.19520243,\n        2.80414544],\n       [4.93015117, 6.21722765, 1.7369741 , 6.58410805, 1.19520243,\n        2.80414544],\n       [4.93015117, 6.21722765, 1.7369741 , 6.58410805, 1.19520243,\n        2.80414544],\n       [4.93015117, 6.21722765, 1.7369741 , 6.58410805, 1.19520243,\n        2.80414544],\n       [4.93015117, 6.21722765, 1.7369741 , 6.58410804, 1.19520242,\n        2.80414544]]), array([0.41998147, 0.41998147, 0.41998147, 0.41998147, 0.41998147,\n       0.41998147, 0.41998147]))", "callback": [0.5699415501326548, 0.5307416554881794, 0.516180291289273, 0.5121202492756773, 0.5048630474562312, 0.47536418082785936, 0.4347495414971414, 0.43040148986870574, 0.428870848090107, 0.42844471599478995, 0.42826442636256645, 0.4279363429360107, 0.42756373935209735, 0.427188797110711, 0.4267500065982158, 0.42624507587429117, 0.4244981286739692, 0.42151700404634396, 0.42043253334951725, 0.4201939780371515, 0.42007018119490247, 0.4200368116262818, 0.42002887363169983, 0.4199944731994527, 0.4199944731994527, 0.4199881642253348, 0.41998640568717416, 0.41998445798444417, 0.41998381478366886, 0.4199833327691107, 0.41998264633270443, 0.41998174220524565, 0.4199816264118654, 0.41998155893465317, 0.4199815145354885, 0.4199814874976239, 0.4199814771223608, 0.4199814760366146, 0.4199814724981169, 0.41998147169714817, 0.41998147162246524, 0.4199814716126484, 0.41998147161193533, 0.4199814716114617, 0.41998147161137145, 0.4199814716113458, 0.4199814716113426, 0.41998147161134136, 0.41998147161134103]}, "6": {"maxiter": 500, "fatol": 1e-10, "xatol": 1e-05, "duration": 0.15286707878112793, "fun": "0.4199814716114617", "nit": "432", "nfev": "670", "status": "0", "success": "True", "message": "Optimization terminated successfully.", "x": "[4.93015145 6.217227   1.73697511 6.58410776 1.1952019  2.80414641]", "final_simplex": "(array([[4.93015145, 6.217227  , 1.73697511, 6.58410776, 1.1952019 ,\n        2.80414641],\n       [4.93015313, 6.21722785, 1.73697257, 6.58410872, 1.19520128,\n        2.8041461 ],\n       [4.93015214, 6.21722656, 1.73697471, 6.58411042, 1.19519591,\n        2.80415264],\n       [4.93015202, 6.21722794, 1.73697318, 6.58410949, 1.19520009,\n        2.8041461 ],\n       [4.93015106, 6.21722843, 1.736972  , 6.58410923, 1.19521143,\n        2.80413739],\n       [4.93015077, 6.21722878, 1.73697088, 6.58410807, 1.19520267,\n        2.80414405],\n       [4.93015231, 6.21722936, 1.73697403, 6.58410779, 1.19519389,\n        2.80415514]]), array([0.41998147, 0.41998147, 0.41998147, 0.41998147, 0.41998147,\n       0.41998147, 0.41998147]))", "callback": [0.5699415501326548, 0.5307416554881794, 0.516180291289273, 0.5121202492756773, 0.5048630474562312, 0.47536418082785936, 0.4347495414971414, 0.43040148986870574, 0.428870848090107, 0.42844471599478995, 0.42826442636256645, 0.4279363429360107, 0.42756373935209735, 0.427188797110711, 0.4267500065982158, 0.42624507587429117, 0.4244981286739692, 0.42151700404634396, 0.42043253334951725, 0.4201939780371515, 0.42007018119490247, 0.4200368116262818, 0.42002887363169983, 0.4199944731994527, 0.4199944731994527, 0.4199881642253348, 0.41998640568717416, 0.41998445798444417, 0.41998381478366886, 0.4199833327691107, 0.41998264633270443, 0.41998174220524565, 0.4199816264118654, 0.41998155893465317, 0.4199815145354885, 0.4199814874976239, 0.4199814771223608, 0.4199814760366146, 0.4199814724981169, 0.41998147169714817, 0.41998147162246524, 0.4199814716126484, 0.41998147161193533]}, "7": {"maxiter": 500, "fatol": 1e-10, "xatol": 1e-10, "duration": 0.20315074920654297, "fun": "0.4199814716113407", "nit": "500", "nfev": "808", "status": "2", "success": "False", "message": "Maximum number of iterations has been exceeded.", "x": "[4.93015117 6.21722765 1.7369741  6.58410805 1.19520243 2.80414544]", "final_simplex": "(array([[4.93015117, 6.21722765, 1.7369741 , 6.58410805, 1.19520243,\n        2.80414544],\n       [4.93015117, 6.21722765, 1.7369741 , 6.58410804, 1.19520244,\n        2.80414543],\n       [4.93015117, 6.21722765, 1.7369741 , 6.58410805, 1.19520243,\n        2.80414544],\n       [4.93015117, 6.21722765, 1.7369741 , 6.58410805, 1.19520243,\n        2.80414544],\n       [4.93015117, 6.21722765, 1.7369741 , 6.58410805, 1.19520243,\n        2.80414544],\n       [4.93015117, 6.21722765, 1.7369741 , 6.58410805, 1.19520243,\n        2.80414544],\n       [4.93015117, 6.21722765, 1.7369741 , 6.58410804, 1.19520242,\n        2.80414544]]), array([0.41998147, 0.41998147, 0.41998147, 0.41998147, 0.41998147,\n       0.41998147, 0.41998147]))", "callback": [0.5699415501326548, 0.5307416554881794, 0.516180291289273, 0.5121202492756773, 0.5048630474562312, 0.47536418082785936, 0.4347495414971414, 0.43040148986870574, 0.428870848090107, 0.42844471599478995, 0.42826442636256645, 0.4279363429360107, 0.42756373935209735, 0.427188797110711, 0.4267500065982158, 0.42624507587429117, 0.4244981286739692, 0.42151700404634396, 0.42043253334951725, 0.4201939780371515, 0.42007018119490247, 0.4200368116262818, 0.42002887363169983, 0.4199944731994527, 0.4199944731994527, 0.4199881642253348, 0.41998640568717416, 0.41998445798444417, 0.41998381478366886, 0.4199833327691107, 0.41998264633270443, 0.41998174220524565, 0.4199816264118654, 0.41998155893465317, 0.4199815145354885, 0.4199814874976239, 0.4199814771223608, 0.4199814760366146, 0.4199814724981169, 0.41998147169714817, 0.41998147162246524, 0.4199814716126484, 0.41998147161193533, 0.4199814716114617, 0.41998147161137145, 0.4199814716113458, 0.4199814716113426, 0.41998147161134136, 0.41998147161134103]}, "8": {"maxiter": 1000, "fatol": 1e-05, "xatol": 1e-05, "duration": 0.15269708633422852, "fun": "0.4199814716114617", "nit": "432", "nfev": "670", "status": "0", "success": "True", "message": "Optimization terminated successfully.", "x": "[4.93015145 6.217227   1.73697511 6.58410776 1.1952019  2.80414641]", "final_simplex": "(array([[4.93015145, 6.217227  , 1.73697511, 6.58410776, 1.1952019 ,\n        2.80414641],\n       [4.93015313, 6.21722785, 1.73697257, 6.58410872, 1.19520128,\n        2.8041461 ],\n       [4.93015214, 6.21722656, 1.73697471, 6.58411042, 1.19519591,\n        2.80415264],\n       [4.93015202, 6.21722794, 1.73697318, 6.58410949, 1.19520009,\n        2.8041461 ],\n       [4.93015106, 6.21722843, 1.736972  , 6.58410923, 1.19521143,\n        2.80413739],\n       [4.93015077, 6.21722878, 1.73697088, 6.58410807, 1.19520267,\n        2.80414405],\n       [4.93015231, 6.21722936, 1.73697403, 6.58410779, 1.19519389,\n        2.80415514]]), array([0.41998147, 0.41998147, 0.41998147, 0.41998147, 0.41998147,\n       0.41998147, 0.41998147]))", "callback": [0.5699415501326548, 0.5307416554881794, 0.516180291289273, 0.5121202492756773, 0.5048630474562312, 0.47536418082785936, 0.4347495414971414, 0.43040148986870574, 0.428870848090107, 0.42844471599478995, 0.42826442636256645, 0.4279363429360107, 0.42756373935209735, 0.427188797110711, 0.4267500065982158, 0.42624507587429117, 0.4244981286739692, 0.42151700404634396, 0.42043253334951725, 0.4201939780371515, 0.42007018119490247, 0.4200368116262818, 0.42002887363169983, 0.4199944731994527, 0.4199944731994527, 0.4199881642253348, 0.41998640568717416, 0.41998445798444417, 0.41998381478366886, 0.4199833327691107, 0.41998264633270443, 0.41998174220524565, 0.4199816264118654, 0.41998155893465317, 0.4199815145354885, 0.4199814874976239, 0.4199814771223608, 0.4199814760366146, 0.4199814724981169, 0.41998147169714817, 0.41998147162246524, 0.4199814716126484, 0.41998147161193533]}, "9": {"maxiter": 1000, "fatol": 1e-05, "xatol": 1e-10, "duration": 0.2218608856201172, "fun": "0.4199814716113407", "nit": "521", "nfev": "890", "status": "0", "success": "True", "message": "Optimization terminated successfully.", "x": "[4.93015117 6.21722765 1.7369741  6.58410805 1.19520243 2.80414544]", "final_simplex": "(array([[4.93015117, 6.21722765, 1.7369741 , 6.58410805, 1.19520243,\n        2.80414544],\n       [4.93015117, 6.21722765, 1.7369741 , 6.58410805, 1.19520243,\n        2.80414544],\n       [4.93015117, 6.21722765, 1.7369741 , 6.58410805, 1.19520243,\n        2.80414544],\n       [4.93015117, 6.21722765, 1.7369741 , 6.58410805, 1.19520243,\n        2.80414544],\n       [4.93015117, 6.21722765, 1.7369741 , 6.58410805, 1.19520243,\n        2.80414544],\n       [4.93015117, 6.21722765, 1.7369741 , 6.58410805, 1.19520243,\n        2.80414544],\n       [4.93015117, 6.21722765, 1.7369741 , 6.58410805, 1.19520243,\n        2.80414544]]), array([0.41998147, 0.41998147, 0.41998147, 0.41998147, 0.41998147,\n       0.41998147, 0.41998147]))", "callback": [0.5699415501326548, 0.5307416554881794, 0.516180291289273, 0.5121202492756773, 0.5048630474562312, 0.47536418082785936, 0.4347495414971414, 0.43040148986870574, 0.428870848090107, 0.42844471599478995, 0.42826442636256645, 0.4279363429360107, 0.42756373935209735, 0.427188797110711, 0.4267500065982158, 0.42624507587429117, 0.4244981286739692, 0.42151700404634396, 0.42043253334951725, 0.4201939780371515, 0.42007018119490247, 0.4200368116262818, 0.42002887363169983, 0.4199944731994527, 0.4199944731994527, 0.4199881642253348, 0.41998640568717416, 0.41998445798444417, 0.41998381478366886, 0.4199833327691107, 0.41998264633270443, 0.41998174220524565, 0.4199816264118654, 0.41998155893465317, 0.4199815145354885, 0.4199814874976239, 0.4199814771223608, 0.4199814760366146, 0.4199814724981169, 0.41998147169714817, 0.41998147162246524, 0.4199814716126484, 0.41998147161193533, 0.4199814716114617, 0.41998147161137145, 0.4199814716113458, 0.4199814716113426, 0.41998147161134136, 0.41998147161134103, 0.4199814716113407, 0.4199814716113407, 0.4199814716113407]}, "10": {"maxiter": 1000, "fatol": 1e-10, "xatol": 1e-05, "duration": 0.16250085830688477, "fun": "0.4199814716114617", "nit": "432", "nfev": "670", "status": "0", "success": "True", "message": "Optimization terminated successfully.", "x": "[4.93015145 6.217227   1.73697511 6.58410776 1.1952019  2.80414641]", "final_simplex": "(array([[4.93015145, 6.217227  , 1.73697511, 6.58410776, 1.1952019 ,\n        2.80414641],\n       [4.93015313, 6.21722785, 1.73697257, 6.58410872, 1.19520128,\n        2.8041461 ],\n       [4.93015214, 6.21722656, 1.73697471, 6.58411042, 1.19519591,\n        2.80415264],\n       [4.93015202, 6.21722794, 1.73697318, 6.58410949, 1.19520009,\n        2.8041461 ],\n       [4.93015106, 6.21722843, 1.736972  , 6.58410923, 1.19521143,\n        2.80413739],\n       [4.93015077, 6.21722878, 1.73697088, 6.58410807, 1.19520267,\n        2.80414405],\n       [4.93015231, 6.21722936, 1.73697403, 6.58410779, 1.19519389,\n        2.80415514]]), array([0.41998147, 0.41998147, 0.41998147, 0.41998147, 0.41998147,\n       0.41998147, 0.41998147]))", "callback": [0.5699415501326548, 0.5307416554881794, 0.516180291289273, 0.5121202492756773, 0.5048630474562312, 0.47536418082785936, 0.4347495414971414, 0.43040148986870574, 0.428870848090107, 0.42844471599478995, 0.42826442636256645, 0.4279363429360107, 0.42756373935209735, 0.427188797110711, 0.4267500065982158, 0.42624507587429117, 0.4244981286739692, 0.42151700404634396, 0.42043253334951725, 0.4201939780371515, 0.42007018119490247, 0.4200368116262818, 0.42002887363169983, 0.4199944731994527, 0.4199944731994527, 0.4199881642253348, 0.41998640568717416, 0.41998445798444417, 0.41998381478366886, 0.4199833327691107, 0.41998264633270443, 0.41998174220524565, 0.4199816264118654, 0.41998155893465317, 0.4199815145354885, 0.4199814874976239, 0.4199814771223608, 0.4199814760366146, 0.4199814724981169, 0.41998147169714817, 0.41998147162246524, 0.4199814716126484, 0.41998147161193533]}, "11": {"maxiter": 1000, "fatol": 1e-10, "xatol": 1e-10, "duration": 0.20636963844299316, "fun": "0.4199814716113407", "nit": "521", "nfev": "890", "status": "0", "success": "True", "message": "Optimization terminated successfully.", "x": "[4.93015117 6.21722765 1.7369741  6.58410805 1.19520243 2.80414544]", "final_simplex": "(array([[4.93015117, 6.21722765, 1.7369741 , 6.58410805, 1.19520243,\n        2.80414544],\n       [4.93015117, 6.21722765, 1.7369741 , 6.58410805, 1.19520243,\n        2.80414544],\n       [4.93015117, 6.21722765, 1.7369741 , 6.58410805, 1.19520243,\n        2.80414544],\n       [4.93015117, 6.21722765, 1.7369741 , 6.58410805, 1.19520243,\n        2.80414544],\n       [4.93015117, 6.21722765, 1.7369741 , 6.58410805, 1.19520243,\n        2.80414544],\n       [4.93015117, 6.21722765, 1.7369741 , 6.58410805, 1.19520243,\n        2.80414544],\n       [4.93015117, 6.21722765, 1.7369741 , 6.58410805, 1.19520243,\n        2.80414544]]), array([0.41998147, 0.41998147, 0.41998147, 0.41998147, 0.41998147,\n       0.41998147, 0.41998147]))", "callback": [0.5699415501326548, 0.5307416554881794, 0.516180291289273, 0.5121202492756773, 0.5048630474562312, 0.47536418082785936, 0.4347495414971414, 0.43040148986870574, 0.428870848090107, 0.42844471599478995, 0.42826442636256645, 0.4279363429360107, 0.42756373935209735, 0.427188797110711, 0.4267500065982158, 0.42624507587429117, 0.4244981286739692, 0.42151700404634396, 0.42043253334951725, 0.4201939780371515, 0.42007018119490247, 0.4200368116262818, 0.42002887363169983, 0.4199944731994527, 0.4199944731994527, 0.4199881642253348, 0.41998640568717416, 0.41998445798444417, 0.41998381478366886, 0.4199833327691107, 0.41998264633270443, 0.41998174220524565, 0.4199816264118654, 0.41998155893465317, 0.4199815145354885, 0.4199814874976239, 0.4199814771223608, 0.4199814760366146, 0.4199814724981169, 0.41998147169714817, 0.41998147162246524, 0.4199814716126484, 0.41998147161193533, 0.4199814716114617, 0.41998147161137145, 0.4199814716113458, 0.4199814716113426, 0.41998147161134136, 0.41998147161134103, 0.4199814716113407, 0.4199814716113407, 0.4199814716113407]}}, "bfgs": {"type": "gradient", "0": {"maxiter": 100, "gtol": 1e-05, "xrtol": 1e-05, "eps": 1e-05, "duration": 0.05683398246765137, "fun": "0.4199814719736775", "jac": "[ 3.70681263e-07  2.93262081e-06 -4.84903229e-06  2.71853651e-06\n  7.35858041e-06  6.71953604e-06]", "hess_inv": "[[ 7.21974903e+00  4.06442230e-01  2.21797421e-01  1.08258550e-01\n  -4.37485579e+00  5.20662232e+00]\n [ 4.06442230e-01  4.67870926e+00 -2.76067594e+00  3.89543041e-01\n   8.07668285e+00 -8.34393507e+00]\n [ 2.21797421e-01 -2.76067594e+00  8.08481975e+00  5.25077631e-02\n  -1.73676201e+01  1.83780025e+01]\n [ 1.08258550e-01  3.89543041e-01  5.25077631e-02  5.86443158e+00\n   5.17590052e+00 -6.42668884e+00]\n [-4.37485579e+00  8.07668285e+00 -1.73676201e+01  5.17590052e+00\n   1.09477701e+02 -1.11804753e+02]\n [ 5.20662232e+00 -8.34393507e+00  1.83780025e+01 -6.42668884e+00\n  -1.11804753e+02  1.19542265e+02]]", "nfev": "231", "njev": "33", "status": "0", "success": "True", "message": "Optimization terminated successfully.", "x": "[ 4.93014566  6.2172623   1.73691256  5.98227644 -1.94620086  5.94557683]", "nit": "31", "callback": [0.4460963569320726, 0.42597982344898966, 0.4199814824013771]}, "1": {"maxiter": 100, "gtol": 1e-05, "xrtol": 1e-05, "eps": 1e-10, "duration": 0.05473613739013672, "fun": "0.41998147185816104", "jac": "[ 0.00000000e+00  3.33066880e-06 -1.11022293e-06  4.44089173e-06\n  7.77156053e-06  8.88178346e-06]", "hess_inv": "[[ 7.24268024e+00  3.86975389e-01  2.48548420e-01  1.26385093e-01\n  -4.44792563e+00  5.26960583e+00]\n [ 3.86975389e-01  4.69694059e+00 -2.77798106e+00  3.64126639e-01\n   8.08893710e+00 -8.34851206e+00]\n [ 2.48548420e-01 -2.77798106e+00  8.08387722e+00  6.08821841e-02\n  -1.72967209e+01  1.82999191e+01]\n [ 1.26385093e-01  3.64126639e-01  6.08821841e-02  5.87822903e+00\n   5.13321041e+00 -6.38608202e+00]\n [-4.44792563e+00  8.08893710e+00 -1.72967209e+01  5.13321041e+00\n   1.08263150e+02 -1.10566429e+02]\n [ 5.26960583e+00 -8.34851206e+00  1.82999191e+01 -6.38608202e+00\n  -1.10566429e+02  1.18279611e+02]]", "nfev": "231", "njev": "33", "status": "0", "success": "True", "message": "Optimization terminated successfully.", "x": "[ 4.93015974  6.21725455  1.7369434   5.98228482 -1.94630271  5.94568519]", "nit": "31", "callback": [0.446097464818041, 0.42597939309605126, 0.419981483043559]}, "2": {"maxiter": 100, "gtol": 1e-05, "xrtol": 1e-10, "eps": 1e-05, "duration": 0.05497407913208008, "fun": "0.4199814719736775", "jac": "[ 3.70681263e-07  2.93262081e-06 -4.84903229e-06  2.71853651e-06\n  7.35858041e-06  6.71953604e-06]", "hess_inv": "[[ 7.21974903e+00  4.06442230e-01  2.21797421e-01  1.08258550e-01\n  -4.37485579e+00  5.20662232e+00]\n [ 4.06442230e-01  4.67870926e+00 -2.76067594e+00  3.89543041e-01\n   8.07668285e+00 -8.34393507e+00]\n [ 2.21797421e-01 -2.76067594e+00  8.08481975e+00  5.25077631e-02\n  -1.73676201e+01  1.83780025e+01]\n [ 1.08258550e-01  3.89543041e-01  5.25077631e-02  5.86443158e+00\n   5.17590052e+00 -6.42668884e+00]\n [-4.37485579e+00  8.07668285e+00 -1.73676201e+01  5.17590052e+00\n   1.09477701e+02 -1.11804753e+02]\n [ 5.20662232e+00 -8.34393507e+00  1.83780025e+01 -6.42668884e+00\n  -1.11804753e+02  1.19542265e+02]]", "nfev": "231", "njev": "33", "status": "0", "success": "True", "message": "Optimization terminated successfully.", "x": "[ 4.93014566  6.2172623   1.73691256  5.98227644 -1.94620086  5.94557683]", "nit": "31", "callback": [0.4460963569320726, 0.42597982344898966, 0.4199814824013771]}, "3": {"maxiter": 100, "gtol": 1e-05, "xrtol": 1e-10, "eps": 1e-10, "duration": 0.056490182876586914, "fun": "0.41998147185816104", "jac": "[ 0.00000000e+00  3.33066880e-06 -1.11022293e-06  4.44089173e-06\n  7.77156053e-06  8.88178346e-06]", "hess_inv": "[[ 7.24268024e+00  3.86975389e-01  2.48548420e-01  1.26385093e-01\n  -4.44792563e+00  5.26960583e+00]\n [ 3.86975389e-01  4.69694059e+00 -2.77798106e+00  3.64126639e-01\n   8.08893710e+00 -8.34851206e+00]\n [ 2.48548420e-01 -2.77798106e+00  8.08387722e+00  6.08821841e-02\n  -1.72967209e+01  1.82999191e+01]\n [ 1.26385093e-01  3.64126639e-01  6.08821841e-02  5.87822903e+00\n   5.13321041e+00 -6.38608202e+00]\n [-4.44792563e+00  8.08893710e+00 -1.72967209e+01  5.13321041e+00\n   1.08263150e+02 -1.10566429e+02]\n [ 5.26960583e+00 -8.34851206e+00  1.82999191e+01 -6.38608202e+00\n  -1.10566429e+02  1.18279611e+02]]", "nfev": "231", "njev": "33", "status": "0", "success": "True", "message": "Optimization terminated successfully.", "x": "[ 4.93015974  6.21725455  1.7369434   5.98228482 -1.94630271  5.94568519]", "nit": "31", "callback": [0.446097464818041, 0.42597939309605126, 0.419981483043559]}, "4": {"maxiter": 100, "gtol": 1e-10, "xrtol": 1e-05, "eps": 1e-05, "duration": 0.05978870391845703, "fun": "0.41998147162376753", "jac": "[ 8.02913291e-08  2.40696352e-07 -5.09159381e-07  6.99829084e-07\n -8.18789481e-08  7.98250355e-09]", "hess_inv": "[[ 7.06145765e+00  1.91202911e-01  6.81045621e-01  3.52493792e-02\n  -5.86131588e+00  6.61598183e+00]\n [ 1.91202911e-01  5.11216054e+00 -3.12389136e+00  7.85290013e-01\n   9.05929333e+00 -8.88375878e+00]\n [ 6.81045621e-01 -3.12389136e+00  8.09009576e+00 -4.28459340e-01\n  -1.70819226e+01  1.75858364e+01]\n [ 3.52493792e-02  7.85290013e-01 -4.28459340e-01  6.10272280e+00\n   6.73654707e+00 -7.59996850e+00]\n [-5.86131588e+00  9.05929333e+00 -1.70819226e+01  6.73654707e+00\n   1.07344110e+02 -1.08280000e+02]\n [ 6.61598183e+00 -8.88375878e+00  1.75858364e+01 -7.59996850e+00\n  -1.08280000e+02  1.14964251e+02]]", "nfev": "252", "njev": "36", "status": "0", "success": "True", "message": "Optimization terminated successfully.", "x": "[ 4.93014517  6.21722554  1.73696588  5.98226102 -1.94638333  5.94572471]", "nit": "33", "callback": [0.4460963569320726, 0.42597982344898966, 0.4199814824013771]}, "5": {"maxiter": 100, "gtol": 1e-10, "xrtol": 1e-05, "eps": 1e-10, "duration": 0.05701279640197754, "fun": "0.4199814717251189", "jac": "[ 3.33066880e-06  1.11022293e-06 -1.11022293e-06  1.11022293e-06\n  0.00000000e+00  0.00000000e+00]", "hess_inv": "[[  6.64206684   0.58351332  -0.47706986   0.08586193  -1.00353029\n    1.49796047]\n [  0.58351332   5.14236286  -3.11041408   0.71038164   8.60793779\n   -7.75885929]\n [ -0.47706986  -3.11041408   6.78083347  -0.43668497 -10.50610183\n    8.90510609]\n [  0.08586193   0.71038164  -0.43668497   6.08755249   6.76173527\n   -7.4605549 ]\n [ -1.00353029   8.60793779 -10.50610183   6.76173527  75.04128699\n  -67.65628338]\n [  1.49796047  -7.75885929   8.90510609  -7.4605549  -67.65628338\n   66.35554653]]", "nfev": "245", "njev": "35", "status": "0", "success": "True", "message": "Optimization terminated successfully.", "x": "[ 4.93014823  6.21724023  1.73694097  5.98227161 -1.94625838  5.94559013]", "nit": "33", "callback": [0.446097464818041, 0.42597939309605126, 0.419981483043559]}, "6": {"maxiter": 100, "gtol": 1e-10, "xrtol": 1e-10, "eps": 1e-05, "duration": 0.11285614967346191, "fun": "0.41998147162358435", "jac": "[ 4.82835993e-08  1.45006229e-07 -3.06310532e-07  4.21296331e-07\n -4.96269692e-08  4.54081217e-09]", "hess_inv": "[[ 7.07117656e+00  2.13430727e-01  6.39425775e-01  5.53539908e-02\n  -5.80379671e+00  6.53135990e+00]\n [ 2.13430727e-01  5.15581651e+00 -3.21866422e+00  8.06530625e-01\n   9.18507027e+00 -9.08892836e+00]\n [ 6.39425775e-01 -3.21866422e+00  8.26828268e+00 -5.13147659e-01\n  -1.73278296e+01  1.79488068e+01]\n [ 5.53539908e-02  8.06530625e-01 -5.13147659e-01  6.05904870e+00\n   6.83572274e+00 -7.81518828e+00]\n [-5.80379671e+00  9.18507027e+00 -1.73278296e+01  6.83572274e+00\n   1.07679587e+02 -1.08789853e+02]\n [ 6.53135990e+00 -9.08892836e+00  1.79488068e+01 -7.81518828e+00\n  -1.08789853e+02  1.15681864e+02]]", "nfev": "486", "njev": "68", "status": "2", "success": "False", "message": "Desired error not necessarily achieved due to precision loss.", "x": "[ 4.93014483  6.21722449  1.73696737  5.9822594  -1.94638559  5.94572728]", "nit": "34", "callback": [0.4460963569320726, 0.42597982344898966, 0.4199814824013771]}, "7": {"maxiter": 100, "gtol": 1e-10, "xrtol": 1e-10, "eps": 1e-10, "duration": 0.08741211891174316, "fun": "0.41998147167638444", "jac": "[ 0.00000000e+00 -2.22044587e-06  0.00000000e+00 -2.22044587e-06\n -3.33066880e-06 -3.33066880e-06]", "hess_inv": "[[ 1.83544887 -0.87169998 -0.89626842  0.23495965 -1.91122575  1.9441143 ]\n [-0.87169998  0.68996172 -0.20780362 -0.29774835  1.94468167 -1.73068154]\n [-0.89626842 -0.20780362  2.4406655   0.37069361 -2.2511235   1.41433827]\n [ 0.23495965 -0.29774835  0.37069361  7.3067454   1.91362426 -5.03756771]\n [-1.91122575  1.94468167 -2.2511235   1.91362426  8.62589013 -8.92592608]\n [ 1.9441143  -1.73068154  1.41433827 -5.03756771 -8.92592608 11.13327927]]", "nfev": "378", "njev": "54", "status": "2", "success": "False", "message": "Desired error not necessarily achieved due to precision loss.", "x": "[ 4.93013446  6.21722057  1.73696415  5.98225923 -1.94636119  5.94568911]", "nit": "40", "callback": [0.446097464818041, 0.42597939309605126, 0.419981483043559, 0.41998147167638444]}, "8": {"maxiter": 500, "gtol": 1e-05, "xrtol": 1e-05, "eps": 1e-05, "duration": 0.05360698699951172, "fun": "0.4199814719736775", "jac": "[ 3.70681263e-07  2.93262081e-06 -4.84903229e-06  2.71853651e-06\n  7.35858041e-06  6.71953604e-06]", "hess_inv": "[[ 7.21974903e+00  4.06442230e-01  2.21797421e-01  1.08258550e-01\n  -4.37485579e+00  5.20662232e+00]\n [ 4.06442230e-01  4.67870926e+00 -2.76067594e+00  3.89543041e-01\n   8.07668285e+00 -8.34393507e+00]\n [ 2.21797421e-01 -2.76067594e+00  8.08481975e+00  5.25077631e-02\n  -1.73676201e+01  1.83780025e+01]\n [ 1.08258550e-01  3.89543041e-01  5.25077631e-02  5.86443158e+00\n   5.17590052e+00 -6.42668884e+00]\n [-4.37485579e+00  8.07668285e+00 -1.73676201e+01  5.17590052e+00\n   1.09477701e+02 -1.11804753e+02]\n [ 5.20662232e+00 -8.34393507e+00  1.83780025e+01 -6.42668884e+00\n  -1.11804753e+02  1.19542265e+02]]", "nfev": "231", "njev": "33", "status": "0", "success": "True", "message": "Optimization terminated successfully.", "x": "[ 4.93014566  6.2172623   1.73691256  5.98227644 -1.94620086  5.94557683]", "nit": "31", "callback": [0.4460963569320726, 0.42597982344898966, 0.4199814824013771]}, "9": {"maxiter": 500, "gtol": 1e-05, "xrtol": 1e-05, "eps": 1e-10, "duration": 0.05353379249572754, "fun": "0.41998147185816104", "jac": "[ 0.00000000e+00  3.33066880e-06 -1.11022293e-06  4.44089173e-06\n  7.77156053e-06  8.88178346e-06]", "hess_inv": "[[ 7.24268024e+00  3.86975389e-01  2.48548420e-01  1.26385093e-01\n  -4.44792563e+00  5.26960583e+00]\n [ 3.86975389e-01  4.69694059e+00 -2.77798106e+00  3.64126639e-01\n   8.08893710e+00 -8.34851206e+00]\n [ 2.48548420e-01 -2.77798106e+00  8.08387722e+00  6.08821841e-02\n  -1.72967209e+01  1.82999191e+01]\n [ 1.26385093e-01  3.64126639e-01  6.08821841e-02  5.87822903e+00\n   5.13321041e+00 -6.38608202e+00]\n [-4.44792563e+00  8.08893710e+00 -1.72967209e+01  5.13321041e+00\n   1.08263150e+02 -1.10566429e+02]\n [ 5.26960583e+00 -8.34851206e+00  1.82999191e+01 -6.38608202e+00\n  -1.10566429e+02  1.18279611e+02]]", "nfev": "231", "njev": "33", "status": "0", "success": "True", "message": "Optimization terminated successfully.", "x": "[ 4.93015974  6.21725455  1.7369434   5.98228482 -1.94630271  5.94568519]", "nit": "31", "callback": [0.446097464818041, 0.42597939309605126, 0.419981483043559]}, "10": {"maxiter": 500, "gtol": 1e-05, "xrtol": 1e-10, "eps": 1e-05, "duration": 0.05204606056213379, "fun": "0.4199814719736775", "jac": "[ 3.70681263e-07  2.93262081e-06 -4.84903229e-06  2.71853651e-06\n  7.35858041e-06  6.71953604e-06]", "hess_inv": "[[ 7.21974903e+00  4.06442230e-01  2.21797421e-01  1.08258550e-01\n  -4.37485579e+00  5.20662232e+00]\n [ 4.06442230e-01  4.67870926e+00 -2.76067594e+00  3.89543041e-01\n   8.07668285e+00 -8.34393507e+00]\n [ 2.21797421e-01 -2.76067594e+00  8.08481975e+00  5.25077631e-02\n  -1.73676201e+01  1.83780025e+01]\n [ 1.08258550e-01  3.89543041e-01  5.25077631e-02  5.86443158e+00\n   5.17590052e+00 -6.42668884e+00]\n [-4.37485579e+00  8.07668285e+00 -1.73676201e+01  5.17590052e+00\n   1.09477701e+02 -1.11804753e+02]\n [ 5.20662232e+00 -8.34393507e+00  1.83780025e+01 -6.42668884e+00\n  -1.11804753e+02  1.19542265e+02]]", "nfev": "231", "njev": "33", "status": "0", "success": "True", "message": "Optimization terminated successfully.", "x": "[ 4.93014566  6.2172623   1.73691256  5.98227644 -1.94620086  5.94557683]", "nit": "31", "callback": [0.4460963569320726, 0.42597982344898966, 0.4199814824013771]}, "11": {"maxiter": 500, "gtol": 1e-05, "xrtol": 1e-10, "eps": 1e-10, "duration": 0.053842782974243164, "fun": "0.41998147185816104", "jac": "[ 0.00000000e+00  3.33066880e-06 -1.11022293e-06  4.44089173e-06\n  7.77156053e-06  8.88178346e-06]", "hess_inv": "[[ 7.24268024e+00  3.86975389e-01  2.48548420e-01  1.26385093e-01\n  -4.44792563e+00  5.26960583e+00]\n [ 3.86975389e-01  4.69694059e+00 -2.77798106e+00  3.64126639e-01\n   8.08893710e+00 -8.34851206e+00]\n [ 2.48548420e-01 -2.77798106e+00  8.08387722e+00  6.08821841e-02\n  -1.72967209e+01  1.82999191e+01]\n [ 1.26385093e-01  3.64126639e-01  6.08821841e-02  5.87822903e+00\n   5.13321041e+00 -6.38608202e+00]\n [-4.44792563e+00  8.08893710e+00 -1.72967209e+01  5.13321041e+00\n   1.08263150e+02 -1.10566429e+02]\n [ 5.26960583e+00 -8.34851206e+00  1.82999191e+01 -6.38608202e+00\n  -1.10566429e+02  1.18279611e+02]]", "nfev": "231", "njev": "33", "status": "0", "success": "True", "message": "Optimization terminated successfully.", "x": "[ 4.93015974  6.21725455  1.7369434   5.98228482 -1.94630271  5.94568519]", "nit": "31", "callback": [0.446097464818041, 0.42597939309605126, 0.419981483043559]}, "12": {"maxiter": 500, "gtol": 1e-10, "xrtol": 1e-05, "eps": 1e-05, "duration": 0.05818510055541992, "fun": "0.41998147162376753", "jac": "[ 8.02913291e-08  2.40696352e-07 -5.09159381e-07  6.99829084e-07\n -8.18789481e-08  7.98250355e-09]", "hess_inv": "[[ 7.06145765e+00  1.91202911e-01  6.81045621e-01  3.52493792e-02\n  -5.86131588e+00  6.61598183e+00]\n [ 1.91202911e-01  5.11216054e+00 -3.12389136e+00  7.85290013e-01\n   9.05929333e+00 -8.88375878e+00]\n [ 6.81045621e-01 -3.12389136e+00  8.09009576e+00 -4.28459340e-01\n  -1.70819226e+01  1.75858364e+01]\n [ 3.52493792e-02  7.85290013e-01 -4.28459340e-01  6.10272280e+00\n   6.73654707e+00 -7.59996850e+00]\n [-5.86131588e+00  9.05929333e+00 -1.70819226e+01  6.73654707e+00\n   1.07344110e+02 -1.08280000e+02]\n [ 6.61598183e+00 -8.88375878e+00  1.75858364e+01 -7.59996850e+00\n  -1.08280000e+02  1.14964251e+02]]", "nfev": "252", "njev": "36", "status": "0", "success": "True", "message": "Optimization terminated successfully.", "x": "[ 4.93014517  6.21722554  1.73696588  5.98226102 -1.94638333  5.94572471]", "nit": "33", "callback": [0.4460963569320726, 0.42597982344898966, 0.4199814824013771]}, "13": {"maxiter": 500, "gtol": 1e-10, "xrtol": 1e-05, "eps": 1e-10, "duration": 0.05673789978027344, "fun": "0.4199814717251189", "jac": "[ 3.33066880e-06  1.11022293e-06 -1.11022293e-06  1.11022293e-06\n  0.00000000e+00  0.00000000e+00]", "hess_inv": "[[  6.64206684   0.58351332  -0.47706986   0.08586193  -1.00353029\n    1.49796047]\n [  0.58351332   5.14236286  -3.11041408   0.71038164   8.60793779\n   -7.75885929]\n [ -0.47706986  -3.11041408   6.78083347  -0.43668497 -10.50610183\n    8.90510609]\n [  0.08586193   0.71038164  -0.43668497   6.08755249   6.76173527\n   -7.4605549 ]\n [ -1.00353029   8.60793779 -10.50610183   6.76173527  75.04128699\n  -67.65628338]\n [  1.49796047  -7.75885929   8.90510609  -7.4605549  -67.65628338\n   66.35554653]]", "nfev": "245", "njev": "35", "status": "0", "success": "True", "message": "Optimization terminated successfully.", "x": "[ 4.93014823  6.21724023  1.73694097  5.98227161 -1.94625838  5.94559013]", "nit": "33", "callback": [0.446097464818041, 0.42