{"date": "2024/09/24/, 01:28:02", "conf_id": 184, "data_type": "non_lin_ind\n", "num_data_points": 2, "s_rank": 0, "unitary": "[[-0.24866696+0.58742286j,-0.44704345-0.43151574j,-0.35669027-0.20570733j,-0.10517633+0.1626036j],[0.10596805-0.19687975j,-0.30269685-0.15056416j,0.18246286+0.30440582j,-0.83484447-0.11310748j],[0.26054512-0.52548482j,0.0285017-0.50723956j,-0.43110112+0.17165838j,0.15243271+0.39915801j],[0.42978035+0.11991271j,-0.17224126-0.46030424j,0.6827807-0.15164662j,0.26483638+0.0061855j]]", "databatch_0": {"databatch": "[[[7.78818213e-02+1.47352406e-01j,-2.63984451e-01+1.29835826e-01j,-2.37813793e-01+3.78672957e-02j,-1.98913902e-02-1.28642775e-01j],[-2.36918088e-01-1.49231507e-01j,2.75475240e-01-4.10334489e-01j,3.14476608e-01-2.54501253e-01j,1.36807065e-01+1.70609421e-01j],[-1.60089188e-01-6.76974744e-02j,1.27671405e-01-2.78972930e-01j,1.67171283e-01-1.87410129e-01j,1.00898746e-01+9.08201841e-02j],[6.08987121e-02-8.17104810e-02j,1.41035141e-01+1.11646898e-01j,8.33812378e-02+1.21357241e-01j,-6.58025267e-02+4.47770258e-02j]],[[5.32951497e-02-2.46004625e-01j,9.48771538e-02-2.71960113e-04j,2.18958883e-01+1.03883437e-01j,-2.40366778e-01-1.96483902e-02j],[1.28648619e-01+4.02827592e-01j,-1.37899527e-01+7.99364799e-02j,-4.05863713e-01+3.23254512e-02j,3.66411834e-01-1.72906968e-01j],[1.19156700e-01+2.33901916e-01j,-7.64764534e-02+6.27820904e-02j,-2.45408480e-01+6.04499402e-02j,2.07160026e-01-1.42623906e-01j],[-1.49827954e-01+3.51991290e-02j,-2.50742889e-02-5.23134030e-02j,-1.62756872e-04-1.48184587e-01j,5.22955724e-02+1.37876141e-01j]]]", "initial param values": "[3.33038132,2.20266891,2.69377767,3.97645945,3.60705977,0.76164647]", "nelder_mead": {"type": "gradient-free", "0": {"maxiter": 100, "fatol": 1e-05, "xatol": 1e-05, "duration": 0.037914276123046875, "fun": "0.0016983091497699832", "nit": "100", "nfev": "160", "status": "2", "success": "False", "message": "Maximum number of iterations has been exceeded.", "x": "[4.94898223 1.05816063 3.18783894 6.53062382 3.92778673 0.25410487]", "final_simplex": "(array([[4.94898223, 1.05816063, 3.18783894, 6.53062382, 3.92778673,\n        0.25410487],\n       [4.9276455 , 1.07385564, 3.20504376, 6.53455763, 3.9407839 ,\n        0.24005843],\n       [4.91047485, 1.05977049, 3.20372079, 6.53753571, 3.94395575,\n        0.24886149],\n       [4.9450483 , 1.05648191, 3.20124653, 6.55317778, 3.9573441 ,\n        0.2387787 ],\n       [4.94812236, 1.05739383, 3.20803181, 6.55991483, 3.95127105,\n        0.23468397],\n       [4.93064416, 1.06559792, 3.20600865, 6.5322656 , 3.9578113 ,\n        0.23781345],\n       [4.91953839, 1.05460515, 3.20989363, 6.52686925, 3.96275758,\n        0.24412155]]), array([0.00169831, 0.00182245, 0.00184162, 0.00186552, 0.00187482,\n       0.00187752, 0.00192646]))", "callback": [0.5077636694997796, 0.3589964235684111, 0.20196029001922255, 0.03346171273662557, 0.00937806206294911, 0.003546961825587669, 0.0025448016123781336, 0.002217677973859522, 0.0019264568137726812]}, "1": {"maxiter": 100, "fatol": 1e-05, "xatol": 1e-10, "duration": 0.03600311279296875, "fun": "0.0016983091497699832", "nit": "100", "nfev": "160", "status": "2", "success": "False", "message": "Maximum number of iterations has been exceeded.", "x": "[4.94898223 1.05816063 3.18783894 6.53062382 3.92778673 0.25410487]", "final_simplex": "(array([[4.94898223, 1.05816063, 3.18783894, 6.53062382, 3.92778673,\n        0.25410487],\n       [4.9276455 , 1.07385564, 3.20504376, 6.53455763, 3.9407839 ,\n        0.24005843],\n       [4.91047485, 1.05977049, 3.20372079, 6.53753571, 3.94395575,\n        0.24886149],\n       [4.9450483 , 1.05648191, 3.20124653, 6.55317778, 3.9573441 ,\n        0.2387787 ],\n       [4.94812236, 1.05739383, 3.20803181, 6.55991483, 3.95127105,\n        0.23468397],\n       [4.93064416, 1.06559792, 3.20600865, 6.5322656 , 3.9578113 ,\n        0.23781345],\n       [4.91953839, 1.05460515, 3.20989363, 6.52686925, 3.96275758,\n        0.24412155]]), array([0.00169831, 0.00182245, 0.00184162, 0.00186552, 0.00187482,\n       0.00187752, 0.00192646]))", "callback": [0.5077636694997796, 0.3589964235684111, 0.20196029001922255, 0.03346171273662557, 0.00937806206294911, 0.003546961825587669, 0.0025448016123781336, 0.002217677973859522, 0.0019264568137726812]}, "2": {"maxiter": 100, "fatol": 1e-10, "xatol": 1e-05, "duration": 0.03577899932861328, "fun": "0.0016983091497699832", "nit": "100", "nfev": "160", "status": "2", "success": "False", "message": "Maximum number of iterations has been exceeded.", "x": "[4.94898223 1.05816063 3.18783894 6.53062382 3.92778673 0.25410487]", "final_simplex": "(array([[4.94898223, 1.05816063, 3.18783894, 6.53062382, 3.92778673,\n        0.25410487],\n       [4.9276455 , 1.07385564, 3.20504376, 6.53455763, 3.9407839 ,\n        0.24005843],\n       [4.91047485, 1.05977049, 3.20372079, 6.53753571, 3.94395575,\n        0.24886149],\n       [4.9450483 , 1.05648191, 3.20124653, 6.55317778, 3.9573441 ,\n        0.2387787 ],\n       [4.94812236, 1.05739383, 3.20803181, 6.55991483, 3.95127105,\n        0.23468397],\n       [4.93064416, 1.06559792, 3.20600865, 6.5322656 , 3.9578113 ,\n        0.23781345],\n       [4.91953839, 1.05460515, 3.20989363, 6.52686925, 3.96275758,\n        0.24412155]]), array([0.00169831, 0.00182245, 0.00184162, 0.00186552, 0.00187482,\n       0.00187752, 0.00192646]))", "callback": [0.5077636694997796, 0.3589964235684111, 0.20196029001922255, 0.03346171273662557, 0.00937806206294911, 0.003546961825587669, 0.0025448016123781336, 0.002217677973859522, 0.0019264568137726812]}, "3": {"maxiter": 100, "fatol": 1e-10, "xatol": 1e-10, "duration": 0.03671574592590332, "fun": "0.0016983091497699832", "nit": "100", "nfev": "160", "status": "2", "success": "False", "message": "Maximum number of iterations has been exceeded.", "x": "[4.94898223 1.05816063 3.18783894 6.53062382 3.92778673 0.25410487]", "final_simplex": "(array([[4.94898223, 1.05816063, 3.18783894, 6.53062382, 3.92778673,\n        0.25410487],\n       [4.9276455 , 1.07385564, 3.20504376, 6.53455763, 3.9407839 ,\n        0.24005843],\n       [4.91047485, 1.05977049, 3.20372079, 6.53753571, 3.94395575,\n        0.24886149],\n       [4.9450483 , 1.05648191, 3.20124653, 6.55317778, 3.9573441 ,\n        0.2387787 ],\n       [4.94812236, 1.05739383, 3.20803181, 6.55991483, 3.95127105,\n        0.23468397],\n       [4.93064416, 1.06559792, 3.20600865, 6.5322656 , 3.9578113 ,\n        0.23781345],\n       [4.91953839, 1.05460515, 3.20989363, 6.52686925, 3.96275758,\n        0.24412155]]), array([0.00169831, 0.00182245, 0.00184162, 0.00186552, 0.00187482,\n       0.00187752, 0.00192646]))", "callback": [0.5077636694997796, 0.3589964235684111, 0.20196029001922255, 0.03346171273662557, 0.00937806206294911, 0.003546961825587669, 0.0025448016123781336, 0.002217677973859522, 0.0019264568137726812]}, "4": {"maxiter": 500, "fatol": 1e-05, "xatol": 1e-05, "duration": 0.08212685585021973, "fun": "0.0016126102178800616", "nit": "217", "nfev": "359", "status": "0", "success": "True", "message": "Optimization terminated successfully.", "x": "[4.93267068 1.05431131 3.18295134 6.52563892 3.90148971 0.26961359]", "final_simplex": "(array([[4.93267068, 1.05431131, 3.18295134, 6.52563892, 3.90148971,\n        0.26961359],\n       [4.93267303, 1.05430845, 3.18294751, 6.52563992, 3.90149047,\n        0.26961581],\n       [4.93267758, 1.0543094 , 3.18294905, 6.52564553, 3.90149181,\n        0.26961217],\n       [4.93267524, 1.05431281, 3.18294485, 6.52563801, 3.90148185,\n        0.26961718],\n       [4.93267042, 1.05430557, 3.1829462 , 6.52564077, 3.90148533,\n        0.26961821],\n       [4.93267106, 1.05431372, 3.18294393, 6.52564131, 3.90148741,\n        0.26961564],\n       [4.93266139, 1.05431184, 3.18295371, 6.52563644, 3.90148325,\n        0.26961662]]), array([0.00161261, 0.00161261, 0.00161261, 0.00161261, 0.00161261,\n       0.00161261, 0.00161261]))", "callback": [0.5077636694997796, 0.3589964235684111, 0.20196029001922255, 0.03346171273662557, 0.00937806206294911, 0.003546961825587669, 0.0025448016123781336, 0.002217677973859522, 0.0019264568137726812, 0.0016983091497699832, 0.0016443047678378342, 0.0016235630666667777, 0.0016162875815497468, 0.0016131519205014877, 0.0016127176567761747, 0.0016126320885194723, 0.0016126184878187955, 0.0016126120089541285, 0.0016126105642164656, 0.0016126102749910443, 0.0016126102219854443]}, "5": {"maxiter": 500, "fatol": 1e-05, "xatol": 1e-10, "duration": 0.13643789291381836, "fun": "0.0016126102147664412", "nit": "309", "nfev": "566", "status": "0", "success": "True", "message": "Optimization terminated successfully.", "x": "[4.9326709  1.05430972 3.18294839 6.52563932 3.90148552 0.26961643]", "final_simplex": "(array([[4.9326709 , 1.05430972, 3.18294839, 6.52563932, 3.90148552,\n        0.26961643],\n       [4.9326709 , 1.05430972, 3.18294839, 6.52563932, 3.90148552,\n        0.26961643],\n       [4.9326709 , 1.05430972, 3.18294839, 6.52563932, 3.90148552,\n        0.26961643],\n       [4.9326709 , 1.05430972, 3.18294839, 6.52563932, 3.90148552,\n        0.26961643],\n       [4.9326709 , 1.05430972, 3.18294839, 6.52563932, 3.90148552,\n        0.26961643],\n       [4.9326709 , 1.05430972, 3.18294839, 6.52563932, 3.90148552,\n        0.26961643],\n       [4.9326709 , 1.05430972, 3.18294839, 6.52563932, 3.90148552,\n        0.26961643]]), array([0.00161261, 0.00161261, 0.00161261, 0.00161261, 0.00161261,\n       0.00161261, 0.00161261]))", "callback": [0.5077636694997796, 0.3589964235684111, 0.20196029001922255, 0.03346171273662557, 0.00937806206294911, 0.003546961825587669, 0.0025448016123781336, 0.002217677973859522, 0.0019264568137726812, 0.0016983091497699832, 0.0016443047678378342, 0.0016235630666667777, 0.0016162875815497468, 0.0016131519205014877, 0.0016127176567761747, 0.0016126320885194723, 0.0016126184878187955, 0.0016126120089541285, 0.0016126105642164656, 0.0016126102749910443, 0.0016126102219854443, 0.0016126102160389788, 0.0016126102150703092, 0.0016126102148190657, 0.0016126102147734356, 0.0016126102147679955, 0.0016126102147671073, 0.0016126102147664412, 0.0016126102147664412, 0.0016126102147664412]}, "6": {"maxiter": 500, "fatol": 1e-10, "xatol": 1e-05, "duration": 0.08942103385925293, "fun": "0.0016126102178800616", "nit": "217", "nfev": "359", "status": "0", "success": "True", "message": "Optimization terminated successfully.", "x": "[4.93267068 1.05431131 3.18295134 6.52563892 3.90148971 0.26961359]", "final_simplex": "(array([[4.93267068, 1.05431131, 3.18295134, 6.52563892, 3.90148971,\n        0.26961359],\n       [4.93267303, 1.05430845, 3.18294751, 6.52563992, 3.90149047,\n        0.26961581],\n       [4.93267758, 1.0543094 , 3.18294905, 6.52564553, 3.90149181,\n        0.26961217],\n       [4.93267524, 1.05431281, 3.18294485, 6.52563801, 3.90148185,\n        0.26961718],\n       [4.93267042, 1.05430557, 3.1829462 , 6.52564077, 3.90148533,\n        0.26961821],\n       [4.93267106, 1.05431372, 3.18294393, 6.52564131, 3.90148741,\n        0.26961564],\n       [4.93266139, 1.05431184, 3.18295371, 6.52563644, 3.90148325,\n        0.26961662]]), array([0.00161261, 0.00161261, 0.00161261, 0.00161261, 0.00161261,\n       0.00161261, 0.00161261]))", "callback": [0.5077636694997796, 0.3589964235684111, 0.20196029001922255, 0.03346171273662557, 0.00937806206294911, 0.003546961825587669, 0.0025448016123781336, 0.002217677973859522, 0.0019264568137726812, 0.0016983091497699832, 0.0016443047678378342, 0.0016235630666667777, 0.0016162875815497468, 0.0016131519205014877, 0.0016127176567761747, 0.0016126320885194723, 0.0016126184878187955, 0.0016126120089541285, 0.0016126105642164656, 0.0016126102749910443, 0.0016126102219854443]}, "7": {"maxiter": 500, "fatol": 1e-10, "xatol": 1e-10, "duration": 0.14274001121520996, "fun": "0.0016126102147664412", "nit": "309", "nfev": "566", "status": "0", "success": "True", "message": "Optimization terminated successfully.", "x": "[4.9326709  1.05430972 3.18294839 6.52563932 3.90148552 0.26961643]", "final_simplex": "(array([[4.9326709 , 1.05430972, 3.18294839, 6.52563932, 3.90148552,\n        0.26961643],\n       [4.9326709 , 1.05430972, 3.18294839, 6.52563932, 3.90148552,\n        0.26961643],\n       [4.9326709 , 1.05430972, 3.18294839, 6.52563932, 3.90148552,\n        0.26961643],\n       [4.9326709 , 1.05430972, 3.18294839, 6.52563932, 3.90148552,\n        0.26961643],\n       [4.9326709 , 1.05430972, 3.18294839, 6.52563932, 3.90148552,\n        0.26961643],\n       [4.9326709 , 1.05430972, 3.18294839, 6.52563932, 3.90148552,\n        0.26961643],\n       [4.9326709 , 1.05430972, 3.18294839, 6.52563932, 3.90148552,\n        0.26961643]]), array([0.00161261, 0.00161261, 0.00161261, 0.00161261, 0.00161261,\n       0.00161261, 0.00161261]))", "callback": [0.5077636694997796, 0.3589964235684111, 0.20196029001922255, 0.03346171273662557, 0.00937806206294911, 0.003546961825587669, 0.0025448016123781336, 0.002217677973859522, 0.0019264568137726812, 0.0016983091497699832, 0.0016443047678378342, 0.0016235630666667777, 0.0016162875815497468, 0.0016131519205014877, 0.0016127176567761747, 0.0016126320885194723, 0.0016126184878187955, 0.0016126120089541285, 0.0016126105642164656, 0.0016126102749910443, 0.0016126102219854443, 0.0016126102160389788, 0.0016126102150703092, 0.0016126102148190657, 0.0016126102147734356, 0.0016126102147679955, 0.0016126102147671073, 0.0016126102147664412, 0.0016126102147664412, 0.0016126102147664412]}, "8": {"maxiter": 1000, "fatol": 1e-05, "xatol": 1e-05, "duration": 0.13938379287719727, "fun": "0.0016126102178800616", "nit": "217", "nfev": "359", "status": "0", "success": "True", "message": "Optimization terminated successfully.", "x": "[4.93267068 1.05431131 3.18295134 6.52563892 3.90148971 0.26961359]", "final_simplex": "(array([[4.93267068, 1.05431131, 3.18295134, 6.52563892, 3.90148971,\n        0.26961359],\n       [4.93267303, 1.05430845, 3.18294751, 6.52563992, 3.90149047,\n        0.26961581],\n       [4.93267758, 1.0543094 , 3.18294905, 6.52564553, 3.90149181,\n        0.26961217],\n       [4.93267524, 1.05431281, 3.18294485, 6.52563801, 3.90148185,\n        0.26961718],\n       [4.93267042, 1.05430557, 3.1829462 , 6.52564077, 3.90148533,\n        0.26961821],\n       [4.93267106, 1.05431372, 3.18294393, 6.52564131, 3.90148741,\n        0.26961564],\n       [4.93266139, 1.05431184, 3.18295371, 6.52563644, 3.90148325,\n        0.26961662]]), array([0.00161261, 0.00161261, 0.00161261, 0.00161261, 0.00161261,\n       0.00161261, 0.00161261]))", "callback": [0.5077636694997796, 0.3589964235684111, 0.20196029001922255, 0.03346171273662557, 0.00937806206294911, 0.003546961825587669, 0.0025448016123781336, 0.002217677973859522, 0.0019264568137726812, 0.0016983091497699832, 0.0016443047678378342, 0.0016235630666667777, 0.0016162875815497468, 0.0016131519205014877, 0.0016127176567761747, 0.0016126320885194723, 0.0016126184878187955, 0.0016126120089541285, 0.0016126105642164656, 0.0016126102749910443, 0.0016126102219854443]}, "9": {"maxiter": 1000, "fatol": 1e-05, "xatol": 1e-10, "duration": 0.1627819538116455, "fun": "0.0016126102147664412", "nit": "309", "nfev": "566", "status": "0", "success": "True", "message": "Optimization terminated successfully.", "x": "[4.9326709  1.05430972 3.18294839 6.52563932 3.90148552 0.26961643]", "final_simplex": "(array([[4.9326709 , 1.05430972, 3.18294839, 6.52563932, 3.90148552,\n        0.26961643],\n       [4.9326709 , 1.05430972, 3.18294839, 6.52563932, 3.90148552,\n        0.26961643],\n       [4.9326709 , 1.05430972, 3.18294839, 6.52563932, 3.90148552,\n        0.26961643],\n       [4.9326709 , 1.05430972, 3.18294839, 6.52563932, 3.90148552,\n        0.26961643],\n       [4.9326709 , 1.05430972, 3.18294839, 6.52563932, 3.90148552,\n        0.26961643],\n       [4.9326709 , 1.05430972, 3.18294839, 6.52563932, 3.90148552,\n        0.26961643],\n       [4.9326709 , 1.05430972, 3.18294839, 6.52563932, 3.90148552,\n        0.26961643]]), array([0.00161261, 0.00161261, 0.00161261, 0.00161261, 0.00161261,\n       0.00161261, 0.00161261]))", "callback": [0.5077636694997796, 0.3589964235684111, 0.20196029001922255, 0.03346171273662557, 0.00937806206294911, 0.003546961825587669, 0.0025448016123781336, 0.002217677973859522, 0.0019264568137726812, 0.0016983091497699832, 0.0016443047678378342, 0.0016235630666667777, 0.0016162875815497468, 0.0016131519205014877, 0.0016127176567761747, 0.0016126320885194723, 0.0016126184878187955, 0.0016126120089541285, 0.0016126105642164656, 0.0016126102749910443, 0.0016126102219854443, 0.0016126102160389788, 0.0016126102150703092, 0.0016126102148190657, 0.0016126102147734356, 0.0016126102147679955, 0.0016126102147671073, 0.0016126102147664412, 0.0016126102147664412, 0.0016126102147664412]}, "10": {"maxiter": 1000, "fatol": 1e-10, "xatol": 1e-05, "duration": 0.09577012062072754, "fun": "0.0016126102178800616", "nit": "217", "nfev": "359", "status": "0", "success": "True", "message": "Optimization terminated successfully.", "x": "[4.93267068 1.05431131 3.18295134 6.52563892 3.90148971 0.26961359]", "final_simplex": "(array([[4.93267068, 1.05431131, 3.18295134, 6.52563892, 3.90148971,\n        0.26961359],\n       [4.93267303, 1.05430845, 3.18294751, 6.52563992, 3.90149047,\n        0.26961581],\n       [4.93267758, 1.0543094 , 3.18294905, 6.52564553, 3.90149181,\n        0.26961217],\n       [4.93267524, 1.05431281, 3.18294485, 6.52563801, 3.90148185,\n        0.26961718],\n       [4.93267042, 1.05430557, 3.1829462 , 6.52564077, 3.90148533,\n        0.26961821],\n       [4.93267106, 1.05431372, 3.18294393, 6.52564131, 3.90148741,\n        0.26961564],\n       [4.93266139, 1.05431184, 3.18295371, 6.52563644, 3.90148325,\n        0.26961662]]), array([0.00161261, 0.00161261, 0.00161261, 0.00161261, 0.00161261,\n       0.00161261, 0.00161261]))", "callback": [0.5077636694997796, 0.3589964235684111, 0.20196029001922255, 0.03346171273662557, 0.00937806206294911, 0.003546961825587669, 0.0025448016123781336, 0.002217677973859522, 0.0019264568137726812, 0.0016983091497699832, 0.0016443047678378342, 0.0016235630666667777, 0.0016162875815497468, 0.0016131519205014877, 0.0016127176567761747, 0.0016126320885194723, 0.0016126184878187955, 0.0016126120089541285, 0.0016126105642164656, 0.0016126102749910443, 0.0016126102219854443]}, "11": {"maxiter": 1000, "fatol": 1e-10, "xatol": 1e-10, "duration": 0.16103911399841309, "fun": "0.0016126102147664412", "nit": "309", "nfev": "566", "status": "0", "success": "True", "message": "Optimization terminated successfully.", "x": "[4.9326709  1.05430972 3.18294839 6.52563932 3.90148552 0.26961643]", "final_simplex": "(array([[4.9326709 , 1.05430972, 3.18294839, 6.52563932, 3.90148552,\n        0.26961643],\n       [4.9326709 , 1.05430972, 3.18294839, 6.52563932, 3.90148552,\n        0.26961643],\n       [4.9326709 , 1.05430972, 3.18294839, 6.52563932, 3.90148552,\n        0.26961643],\n       [4.9326709 , 1.05430972, 3.18294839, 6.52563932, 3.90148552,\n        0.26961643],\n       [4.9326709 , 1.05430972, 3.18294839, 6.52563932, 3.90148552,\n        0.26961643],\n       [4.9326709 , 1.05430972, 3.18294839, 6.52563932, 3.90148552,\n        0.26961643],\n       [4.9326709 , 1.05430972, 3.18294839, 6.52563932, 3.90148552,\n        0.26961643]]), array([0.00161261, 0.00161261, 0.00161261, 0.00161261, 0.00161261,\n       0.00161261, 0.00161261]))", "callback": [0.5077636694997796, 0.3589964235684111, 0.20196029001922255, 0.03346171273662557, 0.00937806206294911, 0.003546961825587669, 0.0025448016123781336, 0.002217677973859522, 0.0019264568137726812, 0.0016983091497699832, 0.0016443047678378342, 0.0016235630666667777, 0.0016162875815497468, 0.0016131519205014877, 0.0016127176567761747, 0.0016126320885194723, 0.0016126184878187955, 0.0016126120089541285, 0.0016126105642164656, 0.0016126102749910443, 0.0016126102219854443, 0.0016126102160389788, 0.0016126102150703092, 0.0016126102148190657, 0.0016126102147734356, 0.0016126102147679955, 0.0016126102147671073, 0.0016126102147664412, 0.0016126102147664412, 0.0016126102147664412]}}, "bfgs": {"type": "gradient", "0": {"maxiter": 100, "gtol": 1e-05, "xrtol": 1e-05, "eps": 1e-05, "duration": 0.05674028396606445, "fun": "0.0016126103287266158", "jac": "[ 2.61057842e-07 -2.62361244e-06 -1.23404620e-06 -3.31356054e-06\n -2.15227836e-07  1.10129683e-06]", "hess_inv": "[[ 3.65693662 -0.38549298 -0.07615724  0.30253202  3.04969423 -2.74757121]\n [-0.38549298  2.19678544 -0.47799886 -0.0376714  -0.75766257 -0.62495823]\n [-0.07615724 -0.47799886  1.54237896  0.81947557  0.81221127 -0.01576198]\n [ 0.30253202 -0.0376714   0.81947557  3.00184719  1.58059268 -1.2093443 ]\n [ 3.04969423 -0.75766257  0.81221127  1.58059268  8.93788922 -7.16001187]\n [-2.74757121 -0.62495823 -0.01576198 -1.2093443  -7.16001187  8.6897196 ]]", "nfev": "154", "njev": "22", "status": "0", "success": "True", "message": "Optimization terminated successfully.", "x": "[ 4.47929745  1.44321908  3.56821994  5.65548637  5.40705852 -1.13360363]", "nit": "18", "callback": [0.00219663013767879]}, "1": {"maxiter": 100, "gtol": 1e-05, "xrtol": 1e-05, "eps": 1e-10, "duration": 0.048764944076538086, "fun": "0.0016126102849689516", "jac": "[ 2.22044587e-06 -2.22044587e-06  0.00000000e+00 -4.44089173e-06\n  1.11022293e-06 -2.22044587e-06]", "hess_inv": "[[ 3.61065884 -0.41954883 -0.06150281  0.28804252  3.05820546 -2.73923445]\n [-0.41954883  2.20937133 -0.4938229  -0.06571386 -0.82539545 -0.59501725]\n [-0.06150281 -0.4938229   1.55575676  0.83627945  0.85858365 -0.0319647 ]\n [ 0.28804252 -0.06571386  0.83627945  3.00868716  1.61062737 -1.2088291 ]\n [ 3.05820546 -0.82539545  0.85858365  1.61062737  9.07873693 -7.20793772]\n [-2.73923445 -0.59501725 -0.0319647  -1.2088291  -7.20793772  8.70640519]]", "nfev": "154", "njev": "22", "status": "0", "success": "True", "message": "Optimization terminated successfully.", "x": "[ 4.47929607  1.44324112  3.56824188  5.65546393  5.40707973 -1.13362028]", "nit": "18", "callback": [0.002196579025618872]}, "2": {"maxiter": 100, "gtol": 1e-05, "xrtol": 1e-10, "eps": 1e-05, "duration": 0.04397702217102051, "fun": "0.0016126103287266158", "jac": "[ 2.61057842e-07 -2.62361244e-06 -1.23404620e-06 -3.31356054e-06\n -2.15227836e-07  1.10129683e-06]", "hess_inv": "[[ 3.65693662 -0.38549298 -0.07615724  0.30253202  3.04969423 -2.74757121]\n [-0.38549298  2.19678544 -0.47799886 -0.0376714  -0.75766257 -0.62495823]\n [-0.07615724 -0.47799886  1.54237896  0.81947557  0.81221127 -0.01576198]\n [ 0.30253202 -0.0376714   0.81947557  3.00184719  1.58059268 -1.2093443 ]\n [ 3.04969423 -0.75766257  0.81221127  1.58059268  8.93788922 -7.16001187]\n [-2.74757121 -0.62495823 -0.01576198 -1.2093443  -7.16001187  8.6897196 ]]", "nfev": "154", "njev": "22", "status": "0", "success": "True", "message": "Optimization terminated successfully.", "x": "[ 4.47929745  1.44321908  3.56821994  5.65548637  5.40705852 -1.13360363]", "nit": "18", "callback": [0.00219663013767879]}, "3": {"maxiter": 100, "gtol": 1e-05, "xrtol": 1e-10, "eps": 1e-10, "duration": 0.04070091247558594, "fun": "0.0016126102849689516", "jac": "[ 2.22044587e-06 -2.22044587e-06  0.00000000e+00 -4.44089173e-06\n  1.11022293e-06 -2.22044587e-06]", "hess_inv": "[[ 3.61065884 -0.41954883 -0.06150281  0.28804252  3.05820546 -2.73923445]\n [-0.41954883  2.20937133 -0.4938229  -0.06571386 -0.82539545 -0.59501725]\n [-0.06150281 -0.4938229   1.55575676  0.83627945  0.85858365 -0.0319647 ]\n [ 0.28804252 -0.06571386  0.83627945  3.00868716  1.61062737 -1.2088291 ]\n [ 3.05820546 -0.82539545  0.85858365  1.61062737  9.07873693 -7.20793772]\n [-2.73923445 -0.59501725 -0.0319647  -1.2088291  -7.20793772  8.70640519]]", "nfev": "154", "njev": "22", "status": "0", "success": "True", "message": "Optimization terminated successfully.", "x": "[ 4.47929607  1.44324112  3.56824188  5.65546393  5.40707973 -1.13362028]", "nit": "18", "callback": [0.002196579025618872]}, "4": {"maxiter": 100, "gtol": 1e-10, "xrtol": 1e-05, "eps": 1e-05, "duration": 0.04148983955383301, "fun": "0.0016126102451050617", "jac": "[ 1.03583808e-07  3.88578059e-07  4.10604883e-07 -3.88911126e-07\n -8.67861338e-08  2.87647683e-07]", "hess_inv": "[[ 3.67205786 -0.34965157 -0.06066141  0.36665321  3.1074103  -2.825589  ]\n [-0.34965157  2.27189388 -0.42529223  0.13813248 -0.56238055 -0.85523743]\n [-0.06066141 -0.42529223  1.53233009  0.84653019  0.77645477 -0.02210715]\n [ 0.36665321  0.13813248  0.84653019  3.21612325  1.68385307 -1.4304437 ]\n [ 3.1074103  -0.56238055  0.77645477  1.68385307  8.81082857 -7.18839082]\n [-2.825589   -0.85523743 -0.02210715 -1.4304437  -7.18839082  8.88330234]]", "nfev": "161", "njev": "23", "status": "0", "success": "True", "message": "Optimization terminated successfully.", "x": "[ 4.4793005   1.44322589  3.56822373  5.65550028  5.40707258 -1.13362124]", "nit": "19", "callback": [0.00219663013767879]}, "5": {"maxiter": 100, "gtol": 1e-10, "xrtol": 1e-05, "eps": 1e-10, "duration": 0.03915691375732422, "fun": "0.0016126102688553967", "jac": "[-2.22044587e-06  0.00000000e+00  0.00000000e+00  0.00000000e+00\n -2.22044587e-06 -2.22044587e-06]", "hess_inv": "[[ 3.57540325 -0.68326163 -0.0171415   0.15330296  3.22331011 -2.65668713]\n [-0.68326163  2.296203   -0.46837772  0.06320102 -1.25545341 -0.18475217]\n [-0.0171415  -0.46837772  1.5455179   0.83670177  0.89854509 -0.10500827]\n [ 0.15330296  0.06320102  0.83670177  3.12122448  1.32253766 -1.00771745]\n [ 3.22331011 -1.25545341  0.89854509  1.32253766  9.65173778 -7.42699793]\n [-2.65668713 -0.18475217 -0.10500827 -1.00771745 -7.42699793  8.53397405]]", "nfev": "161", "njev": "23", "status": "0", "success": "True", "message": "Optimization terminated successfully.", "x": "[ 4.47927782  1.443249    3.56824337  5.65547389  5.40704845 -1.13359207]", "nit": "19", "callback": [0.002196579025618872]}, "6": {"maxiter": 100, "gtol": 1e-10, "xrtol": 1e-10, "eps": 1e-05, "duration": 0.10635900497436523, "fun": "0.001612610233218792", "jac": "[-3.21076499e-07  5.29354338e-07  1.12115872e-06 -3.84370313e-07\n  6.33804120e-07 -4.16033874e-07]", "hess_inv": "[[ 31.59263131 -32.53561298 -30.68961461  46.86450606  38.79789341\n  -45.6775151 ]\n [-32.53561298  38.8307427   34.18510821 -53.22341278 -42.82217482\n   49.5407833 ]\n [-30.68961461  34.18510821  34.19360521 -49.77620696 -39.89415898\n   48.3172168 ]\n [ 46.86450606 -53.22341278 -49.77620696  80.32547553  61.73814358\n  -73.28938988]\n [ 38.79789341 -42.82217482 -39.89415898  61.73814358  51.96468176\n  -59.80579998]\n [-45.6775151   49.5407833   48.3172168  -73.28938988 -59.80579998\n   72.74724393]]", "nfev": "442", "njev": "62", "status": "2", "success": "False", "message": "Desired error not necessarily achieved due to precision loss.", "x": "[ 4.47931234  1.44321499  3.56821432  5.65551857  5.40709344 -1.13364448]", "nit": "23", "callback": [0.00219663013767879, 0.0016126102401395892]}, "7": {"maxiter": 100, "gtol": 1e-10, "xrtol": 1e-10, "eps": 1e-10, "duration": 0.12757587432861328, "fun": "0.0016126102289761857", "jac": "[2.22044587e-06 4.44089173e-06 4.44089173e-06 2.22044587e-06\n 3.33066880e-06 4.44089173e-06]", "hess_inv": "[[ 1.45476914  3.95425637 -0.55076158 -0.39354876 -1.70565158 -2.54452635]\n [ 3.95425637 10.76126017 -1.48952156 -1.07293695 -4.64513604 -6.91720001]\n [-0.55076158 -1.48952156  0.24333117  0.13883027  0.63598876  0.96295409]\n [-0.39354876 -1.07293695  0.13883027  0.11252807  0.46295961  0.68650236]\n [-1.70565158 -4.64513604  0.63598876  0.46295961  2.00799504  2.98513717]\n [-2.54452635 -6.91720001  0.96295409  0.68650236  2.98513717  4.45254274]]", "nfev": "552", "njev": "78", "status": "0", "success": "True", "message": "Optimization terminated successfully.", "x": "[ 4.47929022  1.44324491  3.56824821  5.65547906  5.4070606  -1.13359727]", "nit": "33", "callback": [0.002196579025618872, 0.0016126102407694187, 0.0016126102297088218]}, "8": {"maxiter": 500, "gtol": 1e-05, "xrtol": 1e-05, "eps": 1e-05, "duration": 0.03610110282897949, "fun": "0.0016126103287266158", "jac": "[ 2.61057842e-07 -2.62361244e-06 -1.23404620e-06 -3.31356054e-06\n -2.15227836e-07  1.10129683e-06]", "hess_inv": "[[ 3.65693662 -0.38549298 -0.07615724  0.30253202  3.04969423 -2.74757121]\n [-0.38549298  2.19678544 -0.47799886 -0.0376714  -0.75766257 -0.62495823]\n [-0.07615724 -0.47799886  1.54237896  0.81947557  0.81221127 -0.01576198]\n [ 0.30253202 -0.0376714   0.81947557  3.00184719  1.58059268 -1.2093443 ]\n [ 3.04969423 -0.75766257  0.81221127  1.58059268  8.93788922 -7.16001187]\n [-2.74757121 -0.62495823 -0.01576198 -1.2093443  -7.16001187  8.6897196 ]]", "nfev": "154", "njev": "22", "status": "0", "success": "True", "message": "Optimization terminated successfully.", "x": "[ 4.47929745  1.44321908  3.56821994  5.65548637  5.40705852 -1.13360363]", "nit": "18", "callback": [0.00219663013767879]}, "9": {"maxiter": 500, "gtol": 1e-05, "xrtol": 1e-05, "eps": 1e-10, "duration": 0.03563094139099121, "fun": "0.0016126102849689516", "jac": "[ 2.22044587e-06 -2.22044587e-06  0.00000000e+00 -4.44089173e-06\n  1.11022293e-06 -2.22044587e-06]", "hess_inv": "[[ 3.61065884 -0.41954883 -0.06150281  0.28804252  3.05820546 -2.73923445]\n [-0.41954883  2.20937133 -0.4938229  -0.06571386 -0.82539545 -0.59501725]\n [-0.06150281 -0.4938229   1.55575676  0.83627945  0.85858365 -0.0319647 ]\n [ 0.28804252 -0.06571386  0.83627945  3.00868716  1.61062737 -1.2088291 ]\n [ 3.05820546 -0.82539545  0.85858365  1.61062737  9.07873693 -7.20793772]\n [-2.73923445 -0.59501725 -0.0319647  -1.2088291  -7.20793772  8.70640519]]", "nfev": "154", "njev": "22", "status": "0", "success": "True", "message": "Optimization terminated successfully.", "x": "[ 4.47929607  1.44324112  3.56824188  5.65546393  5.40707973 -1.13362028]", "nit": "18", "callback": [0.002196579025618872]}, "10": {"maxiter": 500, "gtol": 1e-05, "xrtol": 1e-10, "eps": 1e-05, "duration": 0.03764200210571289, "fun": "0.0016126103287266158", "jac": "[ 2.61057842e-07 -2.62361244e-06 -1.23404620e-06 -3.31356054e-06\n -2.15227836e-07  1.10129683e-06]", "hess_inv": "[[ 3.65693662 -0.38549298 -0.07615724  0.30253202  3.04969423 -2.74757121]\n [-0.38549298  2.19678544 -0.47799886 -0.0376714  -0.75766257 -0.62495823]\n [-0.07615724 -0.47799886  1.54237896  0.81947557  0.81221127 -0.01576198]\n [ 0.30253202 -0.0376714   0.81947557  3.00184719  1.58059268 -1.2093443 ]\n [ 3.04969423 -0.75766257  0.81221127  1.58059268  8.93788922 -7.16001187]\n [-2.74757121 -0.62495823 -0.01576198 -1.2093443  -7.16001187  8.6897196 ]]", "nfev": "154", "njev": "22", "status": "0", "success": "True", "message": "Optimization terminated successfully.", "x": "[ 4.47929745  1.44321908  3.56821994  5.65548637  5.40705852 -1.13360363]", "nit": "18", "callback": [0.00219663013767879]}, "11": {"maxiter": 500, "gtol": 1e-05, "xrtol": 1e-10, "eps": 1e-10, "duration": 0.0365140438079834, "fun": "0.0016126102849689516", "jac": "[ 2.22044587e-06 -2.22044587e-06  0.00000000e+00 -4.44089173e-06\n  1.11022293e-06 -2.22044587e-06]", "hess_inv": "[[ 3.61065884 -0.41954883 -0.06150281  0.28804252  3.05820546 -2.73923445]\n [-0.41954883  2.20937133 -0.4938229  -0.06571386 -0.82539545 -0.59501725]\n [-0.06150281 -0.4938229   1.55575676  0.83627945  0.85858365 -0.0319647 ]\n [ 0.28804252 -0.06571386  0.83627945  3.00868716  1.61062737 -1.2088291 ]\n [ 3.05820546 -0.82539545  0.85858365  1.61062737  9.07873693 -7.20793772]\n [-2.73923445 -0.59501725 -0.0319647  -1.2088291  -7.20793772  8.70640519]]", "nfev": "154", "njev": "22", "status": "0", "success": "True", "message": "Optimization terminated successfully.", "x": "[ 4.47929607  1.44324112  3.56824188  5.65546393  5.40707973 -1.13362028]", "nit": "18", "callback": [0.002196579025618872]}, "12": {"maxiter": 500, "gtol": 1e-10, "xrtol": 1e-05, "eps": 1e-05, "duration": 0.0376739501953125, "fun": "0.0016126102451050617", "jac": "[ 1.03583808e-07  3.88578059e-07  4.10604883e-07 -3.88911126e-07\n -8.67861338e-08  2.87647683e-07]", "hess_inv": "[[ 3.67205786 -0.34965157 -0.06066141  0.36665321  3.1074103  -2.825589  ]\n [-0.34965157  2.27189388 -0.42529223  0.13813248 -0.56238055 -0.85523743]\n [-0.06066141 -0.42529223  1.53233009  0.84653019  0.77645477 -0.02210715]\n [ 0.36665321  0.13813248  0.84653019  3.21612325  1.68385307 -1.4304437 ]\n [ 3.1074103  -0.56238055  0.77645477  1.68385307  8.81082857 -7.18839082]\n [-2.825589   -0.85523743 -0.02210715 -1.4304437  -7.18839082  8.88330234]]", "nfev": "161", "njev": "23", "status": "0", "success": "True", "message": "Optimization terminated successfully.", "x": "[ 4.4793005   1.44322589  3.56822373  5.65550028  5.40707258 -1.13362124]", "nit": "19", "callback": [0.00219663013767879]}, "13": {"maxiter": 500, "gtol": 1e-10, "xrtol": 1e-05, "eps": 1e-10, "duration": 0.03744792938232422, "fun": "0.0016126102688553967", "jac": "[-2.22044587e-06  0.00000000e+00  0.00000000e+00  0.00000000e+00\n -2.22044587e-06 -2.22044587e-06]", "hess_inv": "[[ 3.57540325 -0.68326163 -0.0171415   0.15330296  3.22331011 -2.65668713]\n [-0.68326163  2.296203   -0.46837772  0.06320102 -1.25545341 -0.18475217]\n [-0.0171415  -0.46837772  1.5455179   0.83670177  0.89854509 -0.10500827]\n [ 0.15330296  0.06320102  0.83670177  3.12122448  1.32253766 -1.00771745]\n [ 3.22331011 -1.25545341  0.89854509  1.32253766  9.65173778 -7.42699793]\n [-2.65668713 -0.18475217 -0.10500827 -1.00771745 -7.42699793  8.53397405]]", "nfev": "161", "njev": "23", "status": "0", "success": "True", "message": "Optimization terminated successfully.", "x": "[ 4.47927782  1.443249    3.56824337  5.65547389  5.40704845 -1.13359207]", "nit": "19", "callback": [0.002196579025618872]}, "14": {"maxiter": 500, "gtol": 1e-10, "xrtol": 1e-10, "eps": 1e-05, "duration": 0.10183906555175781, "fun": "0.001612610233218792", "jac": "[-3.21076499e-07  5.29354338e-07  1.12115872e-06 -3.84370313e-07\n  6.33804120e-07 -4.16033874e-07]", "hess_inv": "[[ 31.59263131 -32.53561298 -30.68961461  46.86450606  38.79789341\n  -45.6775151 ]\n [-32.53561298  38.8307427   34.18510821 -53.22341278 -42.82217482\n   49.5407833 ]\n [-30.68961461  34.18510821  34.19360521 -49.77620696 -39.89415898\n   48.3172168 ]\n [ 46.86450606 -53.22341278 -49.77620696  80.32547553  61.73814358\n  -73.28938988]\n [ 38.79789341 -42.82217482 -39.89415898  61.73814358  51.96468176\n  -59.80579998]\n [-45.6775151   49.5407833   48.3172168  -73.28938988 -59.80579998\n   72.74724393]]", "nfev": "442", "njev": "62", "status": "2", "success": "False", "message": "Desired error not necessarily achieved due to precision loss.", "x": "[ 4.47931234  1.44321499  3.56821432  5.65551857  5.40709344 -1.13364448]", "nit": "23", "callback": [0.00219663013767879, 0.0016126102401395892]}, "15": {"maxiter": 500, "gtol": 1e-10, "xrtol": 1e-10, "eps": 1e-10, "duration": 0.1251208782196045, "fun": "0.0016126102289761857", "jac": "[2.22044587e-06 4.44089173e-06 4.44089173e-06 2.22044587e-06\n 3.33066880e-06 4.44089173e-06]", "hess_inv": "[[ 1.45476914  3.95425637 -0.55076158 -0.39354876 -1.70565158 -2.54452635]\n [ 3.95425637 10.76126017 -1.48952156 -1.07293695 -4.64513604 -6.91720001]\n [-0.55076158 -1.48952156  0.24333117  0.13883027  0.63598876  0.96295409]\n [-0.39354876 -1.07293695  0.13883027  0.11252807  0.46295961  0.68650236]\n [-1.70565158 -4.64513604  0.63598876  0.46295961  2.00799504  2.98513717]\n [-2.54452635 -6.91720001  0.96295409  0.68650236  2.98513717  4.45254274]]", "nfev": "552", "njev": "78", "status": "0", "success": "True", "message": "Optimization terminated successfully.", "x": "[ 4.47929022  1.44324491  3.56824821  5.65547906  5.4070606  -1.13359727]", "nit": "33", "callback": [0.002196579025618872, 0.0016126102407694187, 0.0016126102297088218]}, "16": {"maxiter": 1000, "gtol": 1e-05, "xrtol": 1e-05, "eps": 1e-05, "duration": 0.035284996032714844, "fun": "0.0016126103287266158", "jac": "[ 2.61057842e-07 -2.62361244e-06 -1.23404620e-06 -3.31356054e-06\n -2.15227836e-07  1.10129683e-06]", "hess_inv": "[[ 3.65693662 -0.38549298 -0.07615724  0.30253202  3.04969423 -2.74757121]\n [-0.38549298  2.19678544 -0.47799886 -0.0376714  -0.75766257 -0.62495823]\n [-0.07615724 -0.47799886  1.54237896  0.81947557  0.81221127 -0.01576198]\n [ 0.30253202 -0.0376714   0.81947557  3.00184719  1.58059268 -1.2093443 ]\n [ 3.04969423 -0.75766257  0.81221127  1.58059268  8.93788922 -7.16001187]\n [-2.74757121 -0.62495823 -0.01576198 -1.2093443  -7.16001187  8.6897196 ]]", "nfev": "154", "njev": "22", "status": "0", "success": "True", "message": "Optimization terminated successfully.", "x": "[ 4.47929745  1.44321908  3.56821994  5.65548637  5.40705852 -1.13360363]", "nit": "18", "callback": [0.00219663013767879]}, "17": {"maxiter": 1000, "gtol": 1e-05, "xrtol": 1e-05, "eps": 1e-10, "duration": 0.034935951232910156, "fun": "0.0016126102849689516", "jac": "[ 2.22044587e-06 -2.22044587e-06  0.00000000e+00 -4.44089173e-06\n  1.11022293e-06 -2.22044587e-06]", "hess_inv": "[[ 3.61065884 -0.41954883 -0.06150281  0.28804252  3.05820546 -2.73923445]\n [-0.41954883  2.20937133 -0.4938229  -0.06571386 -0.82539545 -0.59501725]\n [-0.06150281 -0.4938229   1.55575676  0.83627945  0.85858365 -0.0319647 ]\n [ 0.28804252 -0.06571386  0.83627945  3.00868716  1.61062737 -1.2088291 ]\n [ 3.05820546 -0.82539545  0.85858365  1.61062737  9.07873693 -7.20793772]\n [-2.73923445 -0.59501725 -0.0319647  -1.2088291  -7.20793772  8.70640519]]", "nfev": "154", "njev": "22", "status": "0", "success": "True", "message": "Optimization terminated successfully.", "x": "[ 4.47929607  1.44324112  3.56824188  5.65546393  5.40707973 -1.13362028]", "nit": "18", "callback": [0.002196579025618872]}, "18": {"maxiter": 1000, "gtol": 1e-05, "xrtol": 1e-10, "eps": 1e-05, "duration": 0.034841060638427734, "fun": "0.0016126103287266158", "jac": "[ 2.61057842e-07 -2.62361244e-06 -1.23404620e-06 -3.31356054e-06\n -2.15227836e-07  1.10129683e-06]", "hess_inv": "[[ 3.65693662 -0.38549298 -0.07615724  0.30253202  3.04969423 -2.74757121]\n [-0.38549298  2.19678544 -0.47799886 -0.0376714  -0.75766257 -0.62495823]\n [-0.07615724 -0.47799886  1.54237896  0.81947557  0.81221127 -0.01576198]\n [ 0.30253202 -0.0376714   0.81947557  3.00184719  1.58059268 -1.2093443 ]\n [ 3.04969423 -0.75766257  0.81221127  1.58059268  8.93788922 -7.16001187]\n [-2.74757121 -0.62495823 -0.01576198 -1.2093443  -7.16001187  8.6897196 ]]", "nfev": "154", "njev": "22", "status": "0", "success": "True", "message": "Optimization terminated successfully.", "x": "[ 4.47929745  1.44321908  3.56821994  5.65548637  5.40705852 -1.13360363]", "nit": "18", "callback": [0.00219663013767879]}, "19": {"maxiter": 1000, "gtol": 1e-05, "xrtol": 1e-10, "eps": 1e-10, "duration": 0.034944772720336914, "fun": "0.0016126102849689516", "jac": "[ 2.22044587e-06 -2.22044587e-06  0.00000000e+00 -4.44089173e-06\n  1.11022293e-06 -2.22044587e-06]", "hess_inv": "[[ 3.61065884 -0.41954883 -0.06150281  0.28804252  3.05820546 -2.73923445]\n [-0.41954883  2.20937133 -0.4938229  -0.06571386 -0.82539545 -0.59501725]\n [-0.06150281 -0.4938229   1.55575676  0.83627945  0.85858365 -0.0319647 ]\n [ 0.28804252 -0.06571386  0.83627945  3.00868716  1.61062737 -1.2088291 ]\n [ 3.05820546 -0.82539545  0.85858365  1.61062737  9.07873693 -7.20793772]\n [-2.73923445 -0.59501725 -0.0319647  -1.2088291  -7.20793772  8.70640519]]", "nfev": "154", "njev": "22", "status": "0", "success": "True", "message": "Optimization terminated successfully.", "x": "[ 4.47929607  1.44324112  3.56824188  5.65546393  5.40707973 -1.13362028]", "nit": "18", "callback": [0.002196579025618872]}, "20": {"maxiter": 1000, "gtol": 1e-10, "xrtol": 1e-05, "eps": 1e-05, "duration": 0.03629493713378906, "fun": "0.0016126102451050617", "jac": "[ 1.03583808e-07  3.88578059e-07  4.10604883e-07 -3.88911126e-07\n -8.67861338e-08  2.87647683e-07]", "hess_inv": "[[ 3.67205786 -0.34965157 -0.06066141  0.36665321  3.1074103  -2.825589  ]\n [-0.34965157  2.271