{"date": "2024/09/24/, 02:21:05", "conf_id": 206, "data_type": "non_lin_ind\n", "num_data_points": 3, "s_rank": 0, "unitary": "[[-0.56303964-0.00798273j,-0.21670212-0.15784972j,-0.06047197-0.73952673j,-0.01438004+0.24552571j],[-0.06976756+0.23474685j,-0.01275565-0.5435098j,-0.02703657-0.08917885j,-0.08210486-0.79311774j],[-0.38559961+0.10714929j,0.5933431-0.2687392j,-0.24060861+0.29149289j,-0.45147719+0.26241743j],[-0.50180421+0.45931857j,-0.11617175+0.44134496j,0.49642745+0.22684508j,-0.08544628-0.15407063j]]", "databatch_0": {"databatch": "[[[-0.02600574-0.13398836j,0.01633201-0.2422797j,0.14871741-0.04111907j,-0.01852817-0.20729173j],[-0.09510208+0.10927521j,-0.10914491+0.13696933j,-0.1185085-0.08660814j,0.07255933+0.17411084j],[0.1073078+0.00974619j,0.14452145-0.02029248j,0.00408072+0.10772354j,0.11546406-0.17264442j],[-0.340907-0.25598678j,-0.29683923-0.39694003j,0.25607267-0.36396332j,-0.17062625+0.06523543j]],[[0.17409894+0.00368398j,0.14169759+0.1777383j,0.05991733+0.02759973j,-0.06593376+0.056908j],[-0.09518592+0.19447263j,-0.26597935+0.11231549j,-0.10761066-0.03968124j,-0.1305767-0.10499526j],[0.24413688+0.02234879j,0.21743154+0.24361329j,0.01556855+0.10879596j,-0.07073568+0.15890846j],[-0.25634887+0.1924845j,-0.48574201-0.0104702j,0.00089816-0.20320469j,-0.11978788-0.36204693j]],[[0.28274137-0.19799432j,0.00830542-0.23350429j,0.39577362+0.04120147j,0.11616815+0.32262154j],[-0.09146176+0.22021078j,0.04284184+0.07822607j,-0.13626925+0.080317j,-0.04037924-0.10162822j],[0.29232151-0.05245467j,0.0501651-0.12944389j,0.22769543+0.09424617j,-0.03023763+0.15758076j],[-0.02886514-0.0343032j,0.03399611-0.16887297j,0.25193293+0.10568385j,0.17479062+0.34312198j]]]", "initial param values": "[5.11081754,0.58426982,6.03806207,1.40101974,3.86186366,5.03482328]", "nelder_mead": {"type": "gradient-free", "0": {"maxiter": 100, "fatol": 1e-05, "xatol": 1e-05, "duration": 0.03842568397521973, "fun": "0.326693111853383", "nit": "100", "nfev": "160", "status": "2", "success": "False", "message": "Maximum number of iterations has been exceeded.", "x": "[5.33952916 0.494307   8.02635365 1.88369417 1.85002526 7.11636571]", "final_simplex": "(array([[5.33952916, 0.494307  , 8.02635365, 1.88369417, 1.85002526,\n        7.11636571],\n       [5.28730811, 0.5218648 , 7.99702063, 1.81547675, 1.72106174,\n        7.14676963],\n       [5.27132645, 0.49713749, 8.0026961 , 1.86519833, 1.80001877,\n        7.19948009],\n       [5.24582728, 0.49120526, 8.00790674, 1.88879638, 1.84624817,\n        7.09090841],\n       [5.2727673 , 0.5007879 , 7.95011623, 1.87407583, 1.90409187,\n        7.1691061 ],\n       [5.35131951, 0.52683915, 7.94424995, 1.78216448, 1.78220978,\n        7.02175052],\n       [5.27615202, 0.5180676 , 8.03806135, 1.78302166, 1.893006  ,\n        7.11338553]]), array([0.32669311, 0.32762483, 0.3279136 , 0.32802087, 0.32832351,\n       0.32848996, 0.32923155]))", "callback": [0.5441687420008903, 0.3767942204770066, 0.36832908641271433, 0.3607503293715728, 0.35545683814276696, 0.35140565708946225, 0.3450248824280928, 0.3353620955658302, 0.3304072491189718]}, "1": {"maxiter": 100, "fatol": 1e-05, "xatol": 1e-10, "duration": 0.03670310974121094, "fun": "0.326693111853383", "nit": "100", "nfev": "160", "status": "2", "success": "False", "message": "Maximum number of iterations has been exceeded.", "x": "[5.33952916 0.494307   8.02635365 1.88369417 1.85002526 7.11636571]", "final_simplex": "(array([[5.33952916, 0.494307  , 8.02635365, 1.88369417, 1.85002526,\n        7.11636571],\n       [5.28730811, 0.5218648 , 7.99702063, 1.81547675, 1.72106174,\n        7.14676963],\n       [5.27132645, 0.49713749, 8.0026961 , 1.86519833, 1.80001877,\n        7.19948009],\n       [5.24582728, 0.49120526, 8.00790674, 1.88879638, 1.84624817,\n        7.09090841],\n       [5.2727673 , 0.5007879 , 7.95011623, 1.87407583, 1.90409187,\n        7.1691061 ],\n       [5.35131951, 0.52683915, 7.94424995, 1.78216448, 1.78220978,\n        7.02175052],\n       [5.27615202, 0.5180676 , 8.03806135, 1.78302166, 1.893006  ,\n        7.11338553]]), array([0.32669311, 0.32762483, 0.3279136 , 0.32802087, 0.32832351,\n       0.32848996, 0.32923155]))", "callback": [0.5441687420008903, 0.3767942204770066, 0.36832908641271433, 0.3607503293715728, 0.35545683814276696, 0.35140565708946225, 0.3450248824280928, 0.3353620955658302, 0.3304072491189718]}, "2": {"maxiter": 100, "fatol": 1e-10, "xatol": 1e-05, "duration": 0.03533291816711426, "fun": "0.326693111853383", "nit": "100", "nfev": "160", "status": "2", "success": "False", "message": "Maximum number of iterations has been exceeded.", "x": "[5.33952916 0.494307   8.02635365 1.88369417 1.85002526 7.11636571]", "final_simplex": "(array([[5.33952916, 0.494307  , 8.02635365, 1.88369417, 1.85002526,\n        7.11636571],\n       [5.28730811, 0.5218648 , 7.99702063, 1.81547675, 1.72106174,\n        7.14676963],\n       [5.27132645, 0.49713749, 8.0026961 , 1.86519833, 1.80001877,\n        7.19948009],\n       [5.24582728, 0.49120526, 8.00790674, 1.88879638, 1.84624817,\n        7.09090841],\n       [5.2727673 , 0.5007879 , 7.95011623, 1.87407583, 1.90409187,\n        7.1691061 ],\n       [5.35131951, 0.52683915, 7.94424995, 1.78216448, 1.78220978,\n        7.02175052],\n       [5.27615202, 0.5180676 , 8.03806135, 1.78302166, 1.893006  ,\n        7.11338553]]), array([0.32669311, 0.32762483, 0.3279136 , 0.32802087, 0.32832351,\n       0.32848996, 0.32923155]))", "callback": [0.5441687420008903, 0.3767942204770066, 0.36832908641271433, 0.3607503293715728, 0.35545683814276696, 0.35140565708946225, 0.3450248824280928, 0.3353620955658302, 0.3304072491189718]}, "3": {"maxiter": 100, "fatol": 1e-10, "xatol": 1e-10, "duration": 0.03613090515136719, "fun": "0.326693111853383", "nit": "100", "nfev": "160", "status": "2", "success": "False", "message": "Maximum number of iterations has been exceeded.", "x": "[5.33952916 0.494307   8.02635365 1.88369417 1.85002526 7.11636571]", "final_simplex": "(array([[5.33952916, 0.494307  , 8.02635365, 1.88369417, 1.85002526,\n        7.11636571],\n       [5.28730811, 0.5218648 , 7.99702063, 1.81547675, 1.72106174,\n        7.14676963],\n       [5.27132645, 0.49713749, 8.0026961 , 1.86519833, 1.80001877,\n        7.19948009],\n       [5.24582728, 0.49120526, 8.00790674, 1.88879638, 1.84624817,\n        7.09090841],\n       [5.2727673 , 0.5007879 , 7.95011623, 1.87407583, 1.90409187,\n        7.1691061 ],\n       [5.35131951, 0.52683915, 7.94424995, 1.78216448, 1.78220978,\n        7.02175052],\n       [5.27615202, 0.5180676 , 8.03806135, 1.78302166, 1.893006  ,\n        7.11338553]]), array([0.32669311, 0.32762483, 0.3279136 , 0.32802087, 0.32832351,\n       0.32848996, 0.32923155]))", "callback": [0.5441687420008903, 0.3767942204770066, 0.36832908641271433, 0.3607503293715728, 0.35545683814276696, 0.35140565708946225, 0.3450248824280928, 0.3353620955658302, 0.3304072491189718]}, "4": {"maxiter": 500, "fatol": 1e-05, "xatol": 1e-05, "duration": 0.14396190643310547, "fun": "0.28886170964042035", "nit": "405", "nfev": "646", "status": "0", "success": "True", "message": "Optimization terminated successfully.", "x": "[4.83609205 1.46002461 8.25860525 2.15477401 1.72320853 7.50971327]", "final_simplex": "(array([[4.83609205, 1.46002461, 8.25860525, 2.15477401, 1.72320853,\n        7.50971327],\n       [4.83608789, 1.46003034, 8.25860842, 2.15477531, 1.72320671,\n        7.50971447],\n       [4.83608966, 1.46002549, 8.25860577, 2.15477452, 1.72320848,\n        7.50970973],\n       [4.83609332, 1.4600273 , 8.25860888, 2.15477636, 1.7232079 ,\n        7.50971274],\n       [4.83608772, 1.46002333, 8.25860602, 2.15477566, 1.72320781,\n        7.50971213],\n       [4.83609203, 1.46002027, 8.25860605, 2.15477171, 1.72320829,\n        7.50971049],\n       [4.83608598, 1.46002991, 8.25861083, 2.15477499, 1.72321295,\n        7.50971652]]), array([0.28886171, 0.28886171, 0.28886171, 0.28886171, 0.28886171,\n       0.28886171, 0.28886171]))", "callback": [0.5441687420008903, 0.3767942204770066, 0.36832908641271433, 0.3607503293715728, 0.35545683814276696, 0.35140565708946225, 0.3450248824280928, 0.3353620955658302, 0.3304072491189718, 0.326693111853383, 0.32596586022921026, 0.3259212541345953, 0.3256886393250916, 0.3252755143180105, 0.32417173667256804, 0.32319188285960554, 0.3223895250523431, 0.31779456374676196, 0.3135933760345151, 0.30638767569972136, 0.3008496261128557, 0.2985418658201744, 0.29382556508177204, 0.29041051690369857, 0.28924758540726625, 0.2889845892993631, 0.288885981950878, 0.28886992871648476, 0.28886391286696933, 0.28886245953252887, 0.2888622068378418, 0.28886193593729326, 0.28886181621866935, 0.2888617395402727, 0.28886171510496006, 0.288861711365874, 0.2888617099175649, 0.2888617096832399, 0.2888617096465098, 0.2888617096415814]}, "5": {"maxiter": 500, "fatol": 1e-05, "xatol": 1e-10, "duration": 0.1824502944946289, "fun": "0.2888617096390639", "nit": "500", "nfev": "813", "status": "2", "success": "False", "message": "Maximum number of iterations has been exceeded.", "x": "[4.8360895  1.46002827 8.25860868 2.15477625 1.72320791 7.50971303]", "final_simplex": "(array([[4.8360895 , 1.46002827, 8.25860868, 2.15477625, 1.72320791,\n        7.50971303],\n       [4.8360895 , 1.46002829, 8.25860868, 2.15477624, 1.72320791,\n        7.50971303],\n       [4.8360895 , 1.46002829, 8.25860868, 2.15477624, 1.7232079 ,\n        7.50971302],\n       [4.8360895 , 1.46002829, 8.25860868, 2.15477624, 1.7232079 ,\n        7.50971302],\n       [4.8360895 , 1.46002828, 8.25860867, 2.15477624, 1.72320791,\n        7.50971303],\n       [4.83608949, 1.46002829, 8.25860868, 2.15477625, 1.7232079 ,\n        7.50971302],\n       [4.83608951, 1.46002829, 8.25860868, 2.15477624, 1.7232079 ,\n        7.50971302]]), array([0.28886171, 0.28886171, 0.28886171, 0.28886171, 0.28886171,\n       0.28886171, 0.28886171]))", "callback": [0.5441687420008903, 0.3767942204770066, 0.36832908641271433, 0.3607503293715728, 0.35545683814276696, 0.35140565708946225, 0.3450248824280928, 0.3353620955658302, 0.3304072491189718, 0.326693111853383, 0.32596586022921026, 0.3259212541345953, 0.3256886393250916, 0.3252755143180105, 0.32417173667256804, 0.32319188285960554, 0.3223895250523431, 0.31779456374676196, 0.3135933760345151, 0.30638767569972136, 0.3008496261128557, 0.2985418658201744, 0.29382556508177204, 0.29041051690369857, 0.28924758540726625, 0.2889845892993631, 0.288885981950878, 0.28886992871648476, 0.28886391286696933, 0.28886245953252887, 0.2888622068378418, 0.28886193593729326, 0.28886181621866935, 0.2888617395402727, 0.28886171510496006, 0.288861711365874, 0.2888617099175649, 0.2888617096832399, 0.2888617096465098, 0.2888617096415814, 0.2888617096393865, 0.2888617096391656, 0.2888617096391074, 0.2888617096390914, 0.28886170963907176, 0.2888617096390669, 0.2888617096390659, 0.28886170963906477, 0.2888617096390642]}, "6": {"maxiter": 500, "fatol": 1e-10, "xatol": 1e-05, "duration": 0.14387106895446777, "fun": "0.28886170964042035", "nit": "405", "nfev": "646", "status": "0", "success": "True", "message": "Optimization terminated successfully.", "x": "[4.83609205 1.46002461 8.25860525 2.15477401 1.72320853 7.50971327]", "final_simplex": "(array([[4.83609205, 1.46002461, 8.25860525, 2.15477401, 1.72320853,\n        7.50971327],\n       [4.83608789, 1.46003034, 8.25860842, 2.15477531, 1.72320671,\n        7.50971447],\n       [4.83608966, 1.46002549, 8.25860577, 2.15477452, 1.72320848,\n        7.50970973],\n       [4.83609332, 1.4600273 , 8.25860888, 2.15477636, 1.7232079 ,\n        7.50971274],\n       [4.83608772, 1.46002333, 8.25860602, 2.15477566, 1.72320781,\n        7.50971213],\n       [4.83609203, 1.46002027, 8.25860605, 2.15477171, 1.72320829,\n        7.50971049],\n       [4.83608598, 1.46002991, 8.25861083, 2.15477499, 1.72321295,\n        7.50971652]]), array([0.28886171, 0.28886171, 0.28886171, 0.28886171, 0.28886171,\n       0.28886171, 0.28886171]))", "callback": [0.5441687420008903, 0.3767942204770066, 0.36832908641271433, 0.3607503293715728, 0.35545683814276696, 0.35140565708946225, 0.3450248824280928, 0.3353620955658302, 0.3304072491189718, 0.326693111853383, 0.32596586022921026, 0.3259212541345953, 0.3256886393250916, 0.3252755143180105, 0.32417173667256804, 0.32319188285960554, 0.3223895250523431, 0.31779456374676196, 0.3135933760345151, 0.30638767569972136, 0.3008496261128557, 0.2985418658201744, 0.29382556508177204, 0.29041051690369857, 0.28924758540726625, 0.2889845892993631, 0.288885981950878, 0.28886992871648476, 0.28886391286696933, 0.28886245953252887, 0.2888622068378418, 0.28886193593729326, 0.28886181621866935, 0.2888617395402727, 0.28886171510496006, 0.288861711365874, 0.2888617099175649, 0.2888617096832399, 0.2888617096465098, 0.2888617096415814]}, "7": {"maxiter": 500, "fatol": 1e-10, "xatol": 1e-10, "duration": 0.20215988159179688, "fun": "0.2888617096390639", "nit": "500", "nfev": "813", "status": "2", "success": "False", "message": "Maximum number of iterations has been exceeded.", "x": "[4.8360895  1.46002827 8.25860868 2.15477625 1.72320791 7.50971303]", "final_simplex": "(array([[4.8360895 , 1.46002827, 8.25860868, 2.15477625, 1.72320791,\n        7.50971303],\n       [4.8360895 , 1.46002829, 8.25860868, 2.15477624, 1.72320791,\n        7.50971303],\n       [4.8360895 , 1.46002829, 8.25860868, 2.15477624, 1.7232079 ,\n        7.50971302],\n       [4.8360895 , 1.46002829, 8.25860868, 2.15477624, 1.7232079 ,\n        7.50971302],\n       [4.8360895 , 1.46002828, 8.25860867, 2.15477624, 1.72320791,\n        7.50971303],\n       [4.83608949, 1.46002829, 8.25860868, 2.15477625, 1.7232079 ,\n        7.50971302],\n       [4.83608951, 1.46002829, 8.25860868, 2.15477624, 1.7232079 ,\n        7.50971302]]), array([0.28886171, 0.28886171, 0.28886171, 0.28886171, 0.28886171,\n       0.28886171, 0.28886171]))", "callback": [0.5441687420008903, 0.3767942204770066, 0.36832908641271433, 0.3607503293715728, 0.35545683814276696, 0.35140565708946225, 0.3450248824280928, 0.3353620955658302, 0.3304072491189718, 0.326693111853383, 0.32596586022921026, 0.3259212541345953, 0.3256886393250916, 0.3252755143180105, 0.32417173667256804, 0.32319188285960554, 0.3223895250523431, 0.31779456374676196, 0.3135933760345151, 0.30638767569972136, 0.3008496261128557, 0.2985418658201744, 0.29382556508177204, 0.29041051690369857, 0.28924758540726625, 0.2889845892993631, 0.288885981950878, 0.28886992871648476, 0.28886391286696933, 0.28886245953252887, 0.2888622068378418, 0.28886193593729326, 0.28886181621866935, 0.2888617395402727, 0.28886171510496006, 0.288861711365874, 0.2888617099175649, 0.2888617096832399, 0.2888617096465098, 0.2888617096415814, 0.2888617096393865, 0.2888617096391656, 0.2888617096391074, 0.2888617096390914, 0.28886170963907176, 0.2888617096390669, 0.2888617096390659, 0.28886170963906477, 0.2888617096390642]}, "8": {"maxiter": 1000, "fatol": 1e-05, "xatol": 1e-05, "duration": 0.14454412460327148, "fun": "0.28886170964042035", "nit": "405", "nfev": "646", "status": "0", "success": "True", "message": "Optimization terminated successfully.", "x": "[4.83609205 1.46002461 8.25860525 2.15477401 1.72320853 7.50971327]", "final_simplex": "(array([[4.83609205, 1.46002461, 8.25860525, 2.15477401, 1.72320853,\n        7.50971327],\n       [4.83608789, 1.46003034, 8.25860842, 2.15477531, 1.72320671,\n        7.50971447],\n       [4.83608966, 1.46002549, 8.25860577, 2.15477452, 1.72320848,\n        7.50970973],\n       [4.83609332, 1.4600273 , 8.25860888, 2.15477636, 1.7232079 ,\n        7.50971274],\n       [4.83608772, 1.46002333, 8.25860602, 2.15477566, 1.72320781,\n        7.50971213],\n       [4.83609203, 1.46002027, 8.25860605, 2.15477171, 1.72320829,\n        7.50971049],\n       [4.83608598, 1.46002991, 8.25861083, 2.15477499, 1.72321295,\n        7.50971652]]), array([0.28886171, 0.28886171, 0.28886171, 0.28886171, 0.28886171,\n       0.28886171, 0.28886171]))", "callback": [0.5441687420008903, 0.3767942204770066, 0.36832908641271433, 0.3607503293715728, 0.35545683814276696, 0.35140565708946225, 0.3450248824280928, 0.3353620955658302, 0.3304072491189718, 0.326693111853383, 0.32596586022921026, 0.3259212541345953, 0.3256886393250916, 0.3252755143180105, 0.32417173667256804, 0.32319188285960554, 0.3223895250523431, 0.31779456374676196, 0.3135933760345151, 0.30638767569972136, 0.3008496261128557, 0.2985418658201744, 0.29382556508177204, 0.29041051690369857, 0.28924758540726625, 0.2889845892993631, 0.288885981950878, 0.28886992871648476, 0.28886391286696933, 0.28886245953252887, 0.2888622068378418, 0.28886193593729326, 0.28886181621866935, 0.2888617395402727, 0.28886171510496006, 0.288861711365874, 0.2888617099175649, 0.2888617096832399, 0.2888617096465098, 0.2888617096415814]}, "9": {"maxiter": 1000, "fatol": 1e-05, "xatol": 1e-10, "duration": 0.22059321403503418, "fun": "0.2888617096390639", "nit": "531", "nfev": "904", "status": "0", "success": "True", "message": "Optimization terminated successfully.", "x": "[4.8360895  1.46002827 8.25860868 2.15477625 1.72320791 7.50971303]", "final_simplex": "(array([[4.8360895 , 1.46002827, 8.25860868, 2.15477625, 1.72320791,\n        7.50971303],\n       [4.8360895 , 1.46002827, 8.25860868, 2.15477625, 1.72320791,\n        7.50971303],\n       [4.8360895 , 1.46002827, 8.25860868, 2.15477625, 1.72320791,\n        7.50971303],\n       [4.8360895 , 1.46002827, 8.25860868, 2.15477625, 1.72320791,\n        7.50971303],\n       [4.8360895 , 1.46002827, 8.25860868, 2.15477625, 1.72320791,\n        7.50971303],\n       [4.8360895 , 1.46002827, 8.25860868, 2.15477625, 1.72320791,\n        7.50971303],\n       [4.8360895 , 1.46002827, 8.25860868, 2.15477625, 1.72320791,\n        7.50971303]]), array([0.28886171, 0.28886171, 0.28886171, 0.28886171, 0.28886171,\n       0.28886171, 0.28886171]))", "callback": [0.5441687420008903, 0.3767942204770066, 0.36832908641271433, 0.3607503293715728, 0.35545683814276696, 0.35140565708946225, 0.3450248824280928, 0.3353620955658302, 0.3304072491189718, 0.326693111853383, 0.32596586022921026, 0.3259212541345953, 0.3256886393250916, 0.3252755143180105, 0.32417173667256804, 0.32319188285960554, 0.3223895250523431, 0.31779456374676196, 0.3135933760345151, 0.30638767569972136, 0.3008496261128557, 0.2985418658201744, 0.29382556508177204, 0.29041051690369857, 0.28924758540726625, 0.2889845892993631, 0.288885981950878, 0.28886992871648476, 0.28886391286696933, 0.28886245953252887, 0.2888622068378418, 0.28886193593729326, 0.28886181621866935, 0.2888617395402727, 0.28886171510496006, 0.288861711365874, 0.2888617099175649, 0.2888617096832399, 0.2888617096465098, 0.2888617096415814, 0.2888617096393865, 0.2888617096391656, 0.2888617096391074, 0.2888617096390914, 0.28886170963907176, 0.2888617096390669, 0.2888617096390659, 0.28886170963906477, 0.2888617096390642, 0.2888617096390639, 0.2888617096390639, 0.2888617096390639, 0.2888617096390639]}, "10": {"maxiter": 1000, "fatol": 1e-10, "xatol": 1e-05, "duration": 0.15623784065246582, "fun": "0.28886170964042035", "nit": "405", "nfev": "646", "status": "0", "success": "True", "message": "Optimization terminated successfully.", "x": "[4.83609205 1.46002461 8.25860525 2.15477401 1.72320853 7.50971327]", "final_simplex": "(array([[4.83609205, 1.46002461, 8.25860525, 2.15477401, 1.72320853,\n        7.50971327],\n       [4.83608789, 1.46003034, 8.25860842, 2.15477531, 1.72320671,\n        7.50971447],\n       [4.83608966, 1.46002549, 8.25860577, 2.15477452, 1.72320848,\n        7.50970973],\n       [4.83609332, 1.4600273 , 8.25860888, 2.15477636, 1.7232079 ,\n        7.50971274],\n       [4.83608772, 1.46002333, 8.25860602, 2.15477566, 1.72320781,\n        7.50971213],\n       [4.83609203, 1.46002027, 8.25860605, 2.15477171, 1.72320829,\n        7.50971049],\n       [4.83608598, 1.46002991, 8.25861083, 2.15477499, 1.72321295,\n        7.50971652]]), array([0.28886171, 0.28886171, 0.28886171, 0.28886171, 0.28886171,\n       0.28886171, 0.28886171]))", "callback": [0.5441687420008903, 0.3767942204770066, 0.36832908641271433, 0.3607503293715728, 0.35545683814276696, 0.35140565708946225, 0.3450248824280928, 0.3353620955658302, 0.3304072491189718, 0.326693111853383, 0.32596586022921026, 0.3259212541345953, 0.3256886393250916, 0.3252755143180105, 0.32417173667256804, 0.32319188285960554, 0.3223895250523431, 0.31779456374676196, 0.3135933760345151, 0.30638767569972136, 0.3008496261128557, 0.2985418658201744, 0.29382556508177204, 0.29041051690369857, 0.28924758540726625, 0.2889845892993631, 0.288885981950878, 0.28886992871648476, 0.28886391286696933, 0.28886245953252887, 0.2888622068378418, 0.28886193593729326, 0.28886181621866935, 0.2888617395402727, 0.28886171510496006, 0.288861711365874, 0.2888617099175649, 0.2888617096832399, 0.2888617096465098, 0.2888617096415814]}, "11": {"maxiter": 1000, "fatol": 1e-10, "xatol": 1e-10, "duration": 0.20644783973693848, "fun": "0.2888617096390639", "nit": "531", "nfev": "904", "status": "0", "success": "True", "message": "Optimization terminated successfully.", "x": "[4.8360895  1.46002827 8.25860868 2.15477625 1.72320791 7.50971303]", "final_simplex": "(array([[4.8360895 , 1.46002827, 8.25860868, 2.15477625, 1.72320791,\n        7.50971303],\n       [4.8360895 , 1.46002827, 8.25860868, 2.15477625, 1.72320791,\n        7.50971303],\n       [4.8360895 , 1.46002827, 8.25860868, 2.15477625, 1.72320791,\n        7.50971303],\n       [4.8360895 , 1.46002827, 8.25860868, 2.15477625, 1.72320791,\n        7.50971303],\n       [4.8360895 , 1.46002827, 8.25860868, 2.15477625, 1.72320791,\n        7.50971303],\n       [4.8360895 , 1.46002827, 8.25860868, 2.15477625, 1.72320791,\n        7.50971303],\n       [4.8360895 , 1.46002827, 8.25860868, 2.15477625, 1.72320791,\n        7.50971303]]), array([0.28886171, 0.28886171, 0.28886171, 0.28886171, 0.28886171,\n       0.28886171, 0.28886171]))", "callback": [0.5441687420008903, 0.3767942204770066, 0.36832908641271433, 0.3607503293715728, 0.35545683814276696, 0.35140565708946225, 0.3450248824280928, 0.3353620955658302, 0.3304072491189718, 0.326693111853383, 0.32596586022921026, 0.3259212541345953, 0.3256886393250916, 0.3252755143180105, 0.32417173667256804, 0.32319188285960554, 0.3223895250523431, 0.31779456374676196, 0.3135933760345151, 0.30638767569972136, 0.3008496261128557, 0.2985418658201744, 0.29382556508177204, 0.29041051690369857, 0.28924758540726625, 0.2889845892993631, 0.288885981950878, 0.28886992871648476, 0.28886391286696933, 0.28886245953252887, 0.2888622068378418, 0.28886193593729326, 0.28886181621866935, 0.2888617395402727, 0.28886171510496006, 0.288861711365874, 0.2888617099175649, 0.2888617096832399, 0.2888617096465098, 0.2888617096415814, 0.2888617096393865, 0.2888617096391656, 0.2888617096391074, 0.2888617096390914, 0.28886170963907176, 0.2888617096390669, 0.2888617096390659, 0.28886170963906477, 0.2888617096390642, 0.2888617096390639, 0.2888617096390639, 0.2888617096390639, 0.2888617096390639]}}, "bfgs": {"type": "gradient", "0": {"maxiter": 100, "gtol": 1e-05, "xrtol": 1e-05, "eps": 1e-05, "duration": 0.05260324478149414, "fun": "0.2888617096954883", "jac": "[-1.39577239e-07  5.01154673e-08 -9.05275854e-08  7.54951657e-10\n -2.05113704e-07 -1.88893345e-07]", "hess_inv": "[[ 6.67585832 -3.74536811 -3.22329898 -4.26014932 -2.64193362 -3.29010225]\n [-3.74536811 12.44476311  5.12981654  5.00149156 -1.34160734  3.17514702]\n [-3.22329898  5.12981654  6.4393165   4.10175277  0.96836315  2.5423559 ]\n [-4.26014932  5.00149156  4.10175277  7.03581641  1.57099664  3.48932935]\n [-2.64193362 -1.34160734  0.96836315  1.57099664  8.89400523  4.31377439]\n [-3.29010225  3.17514702  2.5423559   3.48932935  4.31377439  6.93630261]]", "nfev": "224", "njev": "32", "status": "0", "success": "True", "message": "Optimization terminated successfully.", "x": "[4.83610096 1.46000698 8.25858919 2.15475606 1.72319072 7.5096901 ]", "nit": "30", "callback": [0.3574026490660619, 0.2896532464283115, 0.2888617096954883]}, "1": {"maxiter": 100, "gtol": 1e-05, "xrtol": 1e-05, "eps": 1e-10, "duration": 0.05235099792480469, "fun": "0.28886170965556757", "jac": "[ 0.00000000e+00 -1.11022293e-06  0.00000000e+00  2.22044587e-06\n  2.22044587e-06 -2.22044587e-06]", "hess_inv": "[[ 6.70906956 -3.85936815 -3.30295489 -4.33620775 -2.73072777 -3.27287131]\n [-3.85936815 12.39351914  5.25391731  5.174713   -1.07999888  3.29446699]\n [-3.30295489  5.25391731  6.57575556  4.24759673  1.14931228  2.55216665]\n [-4.33620775  5.174713    4.24759673  7.21183824  1.79412037  3.46833897]\n [-2.73072777 -1.07999888  1.14931228  1.79412037  9.23259608  4.36019374]\n [-3.27287131  3.29446699  2.55216665  3.46833897  4.36019374  6.73796948]]", "nfev": "224", "njev": "32", "status": "0", "success": "True", "message": "Optimization terminated successfully.", "x": "[4.83609165 1.46001977 8.25861098 2.15477552 1.72321525 7.50970689]", "nit": "30", "callback": [0.3574009174816737, 0.2896504100713201, 0.28886170965556757]}, "2": {"maxiter": 100, "gtol": 1e-05, "xrtol": 1e-10, "eps": 1e-05, "duration": 0.0520477294921875, "fun": "0.2888617096954883", "jac": "[-1.39577239e-07  5.01154673e-08 -9.05275854e-08  7.54951657e-10\n -2.05113704e-07 -1.88893345e-07]", "hess_inv": "[[ 6.67585832 -3.74536811 -3.22329898 -4.26014932 -2.64193362 -3.29010225]\n [-3.74536811 12.44476311  5.12981654  5.00149156 -1.34160734  3.17514702]\n [-3.22329898  5.12981654  6.4393165   4.10175277  0.96836315  2.5423559 ]\n [-4.26014932  5.00149156  4.10175277  7.03581641  1.57099664  3.48932935]\n [-2.64193362 -1.34160734  0.96836315  1.57099664  8.89400523  4.31377439]\n [-3.29010225  3.17514702  2.5423559   3.48932935  4.31377439  6.93630261]]", "nfev": "224", "njev": "32", "status": "0", "success": "True", "message": "Optimization terminated successfully.", "x": "[4.83610096 1.46000698 8.25858919 2.15475606 1.72319072 7.5096901 ]", "nit": "30", "callback": [0.3574026490660619, 0.2896532464283115, 0.2888617096954883]}, "3": {"maxiter": 100, "gtol": 1e-05, "xrtol": 1e-10, "eps": 1e-10, "duration": 0.05498003959655762, "fun": "0.28886170965556757", "jac": "[ 0.00000000e+00 -1.11022293e-06  0.00000000e+00  2.22044587e-06\n  2.22044587e-06 -2.22044587e-06]", "hess_inv": "[[ 6.70906956 -3.85936815 -3.30295489 -4.33620775 -2.73072777 -3.27287131]\n [-3.85936815 12.39351914  5.25391731  5.174713   -1.07999888  3.29446699]\n [-3.30295489  5.25391731  6.57575556  4.24759673  1.14931228  2.55216665]\n [-4.33620775  5.174713    4.24759673  7.21183824  1.79412037  3.46833897]\n [-2.73072777 -1.07999888  1.14931228  1.79412037  9.23259608  4.36019374]\n [-3.27287131  3.29446699  2.55216665  3.46833897  4.36019374  6.73796948]]", "nfev": "224", "njev": "32", "status": "0", "success": "True", "message": "Optimization terminated successfully.", "x": "[4.83609165 1.46001977 8.25861098 2.15477552 1.72321525 7.50970689]", "nit": "30", "callback": [0.3574009174816737, 0.2896504100713201, 0.28886170965556757]}, "4": {"maxiter": 100, "gtol": 1e-10, "xrtol": 1e-05, "eps": 1e-05, "duration": 0.05371904373168945, "fun": "0.28886170968918856", "jac": "[ 0.00000000e+00  5.14033260e-09 -1.38666856e-08  1.55098157e-08\n -4.35207426e-09 -1.31117339e-08]", "hess_inv": "[[ 6.6798465  -3.75005383 -3.23180794 -4.26857243 -2.66498548 -3.30618652]\n [-3.75005383 12.38797855  5.12675699  4.99481196 -1.27289531  3.23243729]\n [-3.23180794  5.12675699  6.45473388  4.11624933  1.02627114  2.58472002]\n [-4.26857243  4.99481196  4.11624933  7.04919518  1.63076036  3.53351636]\n [-2.66498548 -1.27289531  1.02627114  1.63076036  8.99942575  4.38108422]\n [-3.30618652  3.23243729  2.58472002  3.53351636  4.38108422  6.97750649]]", "nfev": "231", "njev": "33", "status": "0", "success": "True", "message": "Optimization terminated successfully.", "x": "[4.83610062 1.46000664 8.25858976 2.15475658 1.72319318 7.50969193]", "nit": "31", "callback": [0.3574026490660619, 0.2896532464283115, 0.2888617096954883]}, "5": {"maxiter": 100, "gtol": 1e-10, "xrtol": 1e-05, "eps": 1e-10, "duration": 0.053262948989868164, "fun": "0.2888617096491092", "jac": "[ 0.00000000e+00  0.00000000e+00 -1.11022293e-06 -2.22044587e-06\n -1.11022293e-06 -2.22044587e-06]", "hess_inv": "[[ 6.6356223  -3.95930451 -3.25566188 -4.20374534 -2.47611071 -3.26215105]\n [-3.95930451 13.7001043   5.81397918  5.56285503 -1.10852363  3.72712964]\n [-3.25566188  5.81397918  6.71564644  4.23374709  0.856511    2.6889285 ]\n [-4.20374534  5.56285503  4.23374709  7.00290588  1.28087575  3.50925924]\n [-2.47611071 -1.10852363  0.856511    1.28087575  8.44739145  4.21435821]\n [-3.26215105  3.72712964  2.6889285   3.50925924  4.21435821  6.85756929]]", "nfev": "231", "njev": "33", "status": "0", "success": "True", "message": "Optimization terminated successfully.", "x": "[4.83609484 1.46003337 8.2586121  2.1547711  1.72320178 7.50970911]", "nit": "31", "callback": [0.3574009174816737, 0.2896504100713201, 0.28886170965556757]}, "6": {"maxiter": 100, "gtol": 1e-10, "xrtol": 1e-10, "eps": 1e-05, "duration": 0.07287430763244629, "fun": "0.2888617096890004", "jac": "[ 1.33226763e-10  2.22044605e-11 -5.55111512e-11  1.33226763e-10\n  3.33066907e-11  7.77156117e-11]", "hess_inv": "[[ 6.70745499 -3.67628097 -3.2544795  -4.12259636 -2.65301379 -3.25463894]\n [-3.67628097 12.21918765  4.95160716  4.93227131 -1.34370209  3.09705659]\n [-3.2544795   4.95160716  6.43110927  3.87661137  1.00680739  2.46914841]\n [-4.12259636  4.93227131  3.87661137  7.26514468  1.60228548  3.5153963 ]\n [-2.65301379 -1.34370209  1.00680739  1.60228548  9.05661526  4.41038198]\n [-3.25463894  3.09705659  2.46914841  3.5153963   4.41038198  6.94679595]]", "nfev": "315", "njev": "45", "status": "0", "success": "True", "message": "Optimization terminated successfully.", "x": "[4.8361006  1.46000661 8.2585898  2.15475655 1.72319328 7.50969201]", "nit": "34", "callback": [0.3574026490660619, 0.2896532464283115, 0.2888617096954883]}, "7": {"maxiter": 100, "gtol": 1e-10, "xrtol": 1e-10, "eps": 1e-10, "duration": 0.06683897972106934, "fun": "0.28886170964910907", "jac": "[ 1.11022293e-06  1.11022293e-06  1.11022293e-06 -1.11022293e-06\n  0.00000000e+00  0.00000000e+00]", "hess_inv": "[[ 5.10428991 -5.44675619 -2.49676555 -2.17635513  0.95977479 -2.42604268]\n [-5.44675619 28.79423794 10.81475003  7.21998461 -7.71538378 10.7779333 ]\n [-2.49676555 10.81475003  7.4386829   3.148541   -3.40980561  3.88284911]\n [-2.17635513  7.21998461  3.148541    4.32465748 -3.08033219  2.28455129]\n [ 0.95977479 -7.71538378 -3.40980561 -3.08033219  6.71736406 -1.4127181 ]\n [-2.42604268 10.7779333   3.88284911  2.28455129 -1.4127181   8.75433348]]", "nfev": "287", "njev": "41", "status": "0", "success": "True", "message": "Optimization terminated successfully.", "x": "[4.83609484 1.46003337 8.2586121  2.1547711  1.72320178 7.50970911]", "nit": "32", "callback": [0.3574009174816737, 0.2896504100713201, 0.28886170965556757]}, "8": {"maxiter": 500, "gtol": 1e-05, "xrtol": 1e-05, "eps": 1e-05, "duration": 0.05119609832763672, "fun": "0.2888617096954883", "jac": "[-1.39577239e-07  5.01154673e-08 -9.05275854e-08  7.54951657e-10\n -2.05113704e-07 -1.88893345e-07]", "hess_inv": "[[ 6.67585832 -3.74536811 -3.22329898 -4.26014932 -2.64193362 -3.29010225]\n [-3.74536811 12.44476311  5.12981654  5.00149156 -1.34160734  3.17514702]\n [-3.22329898  5.12981654  6.4393165   4.10175277  0.96836315  2.5423559 ]\n [-4.26014932  5.00149156  4.10175277  7.03581641  1.57099664  3.48932935]\n [-2.64193362 -1.34160734  0.96836315  1.57099664  8.89400523  4.31377439]\n [-3.29010225  3.17514702  2.5423559   3.48932935  4.31377439  6.93630261]]", "nfev": "224", "njev": "32", "status": "0", "success": "True", "message": "Optimization terminated successfully.", "x": "[4.83610096 1.46000698 8.25858919 2.15475606 1.72319072 7.5096901 ]", "nit": "30", "callback": [0.3574026490660619, 0.2896532464283115, 0.2888617096954883]}, "9": {"maxiter": 500, "gtol": 1e-05, "xrtol": 1e-05, "eps": 1e-10, "duration": 0.0510869026184082, "fun": "0.28886170965556757", "jac": "[ 0.00000000e+00 -1.11022293e-06  0.00000000e+00  2.22044587e-06\n  2.22044587e-06 -2.22044587e-06]", "hess_inv": "[[ 6.70906956 -3.85936815 -3.30295489 -4.33620775 -2.73072777 -3.27287131]\n [-3.85936815 12.39351914  5.25391731  5.174713   -1.07999888  3.29446699]\n [-3.30295489  5.25391731  6.57575556  4.24759673  1.14931228  2.55216665]\n [-4.33620775  5.174713    4.24759673  7.21183824  1.79412037  3.46833897]\n [-2.73072777 -1.07999888  1.14931228  1.79412037  9.23259608  4.36019374]\n [-3.27287131  3.29446699  2.55216665  3.46833897  4.36019374  6.73796948]]", "nfev": "224", "njev": "32", "status": "0", "success": "True", "message": "Optimization terminated successfully.", "x": "[4.83609165 1.46001977 8.25861098 2.15477552 1.72321525 7.50970689]", "nit": "30", "callback": [0.3574009174816737, 0.2896504100713201, 0.28886170965556757]}, "10": {"maxiter": 500, "gtol": 1e-05, "xrtol": 1e-10, "eps": 1e-05, "duration": 0.05161714553833008, "fun": "0.2888617096954883", "jac": "[-1.39577239e-07  5.01154673e-08 -9.05275854e-08  7.54951657e-10\n -2.05113704e-07 -1.88893345e-07]", "hess_inv": "[[ 6.67585832 -3.74536811 -3.22329898 -4.26014932 -2.64193362 -3.29010225]\n [-3.74536811 12.44476311  5.12981654  5.00149156 -1.34160734  3.17514702]\n [-3.22329898  5.12981654  6.4393165   4.10175277  0.96836315  2.5423559 ]\n [-4.26014932  5.00149156  4.10175277  7.03581641  1.57099664  3.48932935]\n [-2.64193362 -1.34160734  0.96836315  1.57099664  8.89400523  4.31377439]\n [-3.29010225  3.17514702  2.5423559   3.48932935  4.31377439  6.93630261]]", "nfev": "224", "njev": "32", "status": "0", "success": "True", "message": "Optimization terminated successfully.", "x": "[4.83610096 1.46000698 8.25858919 2.15475606 1.72319072 7.5096901 ]", "nit": "30", "callback": [0.3574026490660619, 0.2896532464283115, 0.2888617096954883]}, "11": {"maxiter": 500, "gtol": 1e-05, "xrtol": 1e-10, "eps": 1e-10, "duration": 0.0508878231048584, "fun": "0.28886170965556757", "jac": "[ 0.00000000e+00 -1.11022293e-06  0.00000000e+00  2.22044587e-06\n  2.22044587e-06 -2.22044587e-06]", "hess_inv": "[[ 6.70906956 -3.85936815 -3.30295489 -4.33620775 -2.73072777 -3.27287131]\n [-3.85936815 12.39351914  5.25391731  5.174713   -1.07999888  3.29446699]\n [-3.30295489  5.25391731  6.57575556  4.24759673  1.14931228  2.55216665]\n [-4.33620775  5.174713    4.24759673  7.21183824  1.79412037  3.46833897]\n [-2.73072777 -1.07999888  1.14931228  1.79412037  9.23259608  4.36019374]\n [-3.27287131  3.29446699  2.55216665  3.46833897  4.36019374  6.73796948]]", "nfev": "224", "njev": "32", "status": "0", "success": "True", "message": "Optimization terminated successfully.", "x": "[4.83609165 1.46001977 8.25861098 2.15477552 1.72321525 7.50970689]", "nit": "30", "callback": [0.3574009174816737, 0.2896504100713201, 0.28886170965556757]}, "12": {"maxiter": 500, "gtol": 1e-10, "xrtol": 1e-05, "eps": 1e-05, "duration": 0.05272388458251953, "fun": "0.28886170968918856", "jac": "[ 0.00000000e+00  5.14033260e-09 -1.38666856e-08  1.55098157e-08\n -4.35207426e-09 -1.31117339e-08]", "hess_inv": "[[ 6.6798465  -3.75005383 -3.23180794 -4.26857243 -2.66498548 -3.30618652]\n [-3.75005383 12.38797855  5.12675699  4.99481196 -1.27289531  3.23243729]\n [-3.23180794  5.12675699  6.45473388  4.11624933  1.02627114  2.58472002]\n [-4.26857243  4.99481196  4.11624933  7.04919518  1.63076036  3.53351636]\n [-2.66498548 -1.27289531  1.02627114  1.63076036  8.99942575  4.38108422]\n [-3.30618652  3.23243729  2.58472002  3.53351636  4.38108422  6.97750649]]", "nfev": "231", "njev": "33", "status": "0", "success": "True", "message": "Optimization terminated successfully.", "x": "[4.83610062 1.46000664 8.25858976 2.15475658 1.72319318 7.50969193]", "nit": "31", "callback": [0.3574026490660619, 0.2896532464283115, 0.2888617096954883]}, "13": {"maxiter": 500, "gtol": 1e-10, "xrtol": 1e-05, "eps": 1e-10, "duration": 0.05216217041015625, "fun": "0.2888617096491092", "jac": "[ 0.00000000e+00  0.00000000e+00 -1.11022293e-06 -2.22044587e-06\n -1.11022293e-06 -2.22044587e-06]", "hess_inv": "[[ 6.6356223  -3.95930451 -3.25566188 -4.20374534 -2.47611071 -3.26215105]\n [-3.95930451 13.7001043   5.81397918  5.56285503 -1.10852363  3.72712964]\n [-3.25566188  5.81397918  6.71564644  4.23374709  0.856511    2.6889285 ]\n [-4.20374534  5.56285503  4.23374709  7.00290588  1.28087575  3.50925924]\n [-2.47611071 -1.10852363  0.856511    1.28087575  8.44739145  4.21435821]\n [-3.26215105  3.72712964  2.6889285   3.50925924  4.21435821  6.85756929]]", "nfev": "231", "njev": "33", "status": "0", "success": "True", "message": "Optimization terminated successfully.", "x": "[4.83609484 1.46003337 8.2586121  2.1547711  1.72320178 7.50970911]", "nit": "31", "callback": [0.3574009174816737, 0.2896504100713201, 0.28886170965556757]}, "14": {"maxiter": 500, "gtol": 1e-10, "xrtol": 1e-10, "eps": 1e-05, "duration": 0.07168292999267578, "fun": "0.2888617096890004", "jac": "[ 1.33226763e-10  2.22044605e-11 -5.55111512e-11  1.33226763e-10\n  3.33066907e-11  7.77156117e-11]", "hess_inv": "[[ 6.70745499 -3.67628097 -3.2544795  -4.12259636 -2.65301379 -3.25463894]\n [-3.67628097 12.21918765  4.95160716  4.93227131 -1.34370209  3.09705659]\n [-3.2544795   4.95160716  6.43110927  3.87661137  1.00680739  2.46914841]\n [-4.12259636  4.93227131  3.87661137  7.26514468  1.60228548  3.5153963 ]\n [-2.65301379 -1.34370209  1.00680739  1.60228548  9.05661526  4.41038198]\n [-3.25463894  3.09705659  2.46914841  3.5153963   4.41038198  6.94679595]]", "nfev": "315", "njev": "45", "status": "0", "success": "True", "message": "Optimization terminated successfully.", "x": "[4.8361006  1.46000661 8.2585898  2.15475655 1.72319328 7.50969201]", "nit": "34", "callback": [0.3574026490660619, 0.2896532464283115, 0.2888617096954883]}, "15": {"maxiter": 500, "gtol": 1e-10, "xrtol": 1e-10, "eps": 1e-10, "duration": 0.06422805786132812, "fun": "0.28886170964910907", "jac": "[ 1.11022293e-06  1.11022293e-06  1.11022293e-06 -1.11022293e-06\n  0.00000000e+00  0.00000000e+00]", "hess_inv": "[[ 5.10428991 -5.44675619 -2.49676555 -2.17635513  0.95977479 -2.42604268]\n [-5.44675619 28.79423794 10.81475003  7.21998461 -7.71538378 10.7779333 ]\n [-2.49676555 10.81475003  7.4386829   3.148541   -3.40980561  3.88284911]\n [-2.17635513  7.21998461  3.148541    4.32465748 -3.08033219  2.28455129]\n [ 0.95977479 -7.71538378 -3.40980561 -3.08033219  6.71736406 -1.4127181 ]\n [-2.42604268 10.7779333   3.88284911  2.28455129 -1.4127181   8.75433348]]", "nfev": "287", "njev": "41", "status": "0", "success": "True", "message": "Optimization terminated successfully.", "x": "[4.83609484 1.46003337 8.2586121  2.1547711  1.72320178 7.50970911]", "nit": "32", "callback": [0.3574009174816737, 0.2896504100713201, 0.28886170965556757]}, "16": {"maxiter": 1000, "gtol": 1e-05, "xrtol": 1e-05, "eps": 1e-05, "duration": 0.051299095153808594, "fun": "0.2888617096954883", "jac": "[-1.39577239e-07  5.01154673e-08 -9.05275854e-08  7.54951657e-10\n -2.05113704e-07 -1.88893345e-07]", "hess_inv": "[[ 6.67585832 -3.74536811 -3.22329898 -4.26014932 -2.64193362 -3.29010225]\n [-3.74536811 12.44476311  5.12981654  5.00149156 -1.34160734  3.17514702]\n [-3.22329898  5.12981654  6.4393165   4.10175277  0.96836315  2.5423559 ]\n [-4.26014932  5.00149156  4.10175277  7.03581641  1.57099664  3.48932935]\n [-2.64193362 -1.34160734  0.96836315  1.57099664  8.89400523  4.31377439]\n [-3.29010225  3.17514702  2.5423559   3.48932935  4.31377439  6.93630261]]", "nfev": "224", "njev": "32", "status": "0", "success": "True", "message": "Optimization terminated successfully.", "x": "[4.83610096 1.46000698 8.25858919 2.15475606 1.72319072 7.5096901 ]", "nit": "30", "callback": [0.3574026490660619, 0.2896532464283115, 0.2888617096954883]}, "17": {"maxiter": 1000, "gtol": 1e-05, "xrtol": 1e-05, "eps": 1e-10, "duration": 0.050785064697265625, "fun": "0.28886