{"date": "2024/09/24/, 06:14:02", "conf_id": 302, "data_type": "var_s_rank\n", "num_data_points": 4, "s_rank": 0, "unitary": "[[0.18663085-0.53122324j,-0.11886349-0.70040876j,0.28555095-0.02789305j,-0.12262021-0.2844587j],[-0.16702216+0.27758472j,0.27526351-0.29738586j,-0.01109314+0.22495461j,-0.77239203+0.28900673j],[0.61935415+0.12301792j,-0.31269928-0.03315917j,-0.61902762-0.19039079j,-0.27120731-0.0968989j],[0.42341754+0.0023929j,-0.05847358+0.47832119j,0.64900495-0.16218422j,-0.37182676-0.05229966j]]", "databatch_0": {"databatch": "[[[-0.08967429-0.06358698j,-0.36609161+0.26959438j,0.12015006-0.33470606j,0.07449521+0.11302662j],[0.07192071-0.07098773j,-0.18539889-0.37456082j,0.28372809+0.16236611j,-0.11424173+0.04932938j],[0.09374432-0.02814056j,0.01118028-0.40464089j,0.16919942+0.26762413j,-0.1201432-0.00958719j],[-0.02720374+0.02493893j,0.06261878+0.13919453j,-0.10136185-0.06307692j,0.0423574-0.01646473j]],[[-0.15493399+0.12650353j,0.12801832-0.37241386j,-0.23502448-0.02543712j,0.0144739-0.15834998j],[-0.03064837+0.1861955j,-0.14187821-0.34336177j,-0.18214134+0.12869592j,-0.08859513-0.12105634j],[0.01485697+0.03367286j,-0.05979354-0.04093288j,-0.01601358+0.04044362j,-0.02737967-0.01031666j],[-0.24543469-0.08724897j,0.50120711-0.10862269j,-0.13021025-0.27896301j,0.18615646-0.0906986j]],[[0.30881847-0.00358005j,0.57764515+0.31827808j,0.10925276+0.0755363j,0.14807292+0.35855266j],[0.13181412+0.0484987j,0.19392149+0.22881672j,0.03419282+0.04979553j,0.00484884+0.17635281j],[-0.08544171+0.08168828j,-0.24472691+0.06190199j,-0.05029404+0.00741751j,-0.13509756-0.0615999j],[-0.05770096-0.06437272j,-0.03949454-0.18033549j,-0.00423964-0.03693624j,0.04820113-0.09730029j]],[[0.04693498-0.03696977j,-0.0035919-0.08494095j,0.08434234-0.03739209j,0.09561634+0.04068405j],[0.08236802+0.26181809j,0.37071575+0.12290269j,0.02326183+0.4231902j,-0.33047676+0.34446595j],[0.02834161-0.19014856j,-0.19584353-0.19100168j,0.11501595-0.27368106j,0.31370264-0.1157078j],[-0.04662093-0.02301228j,-0.06536781+0.03464476j,-0.06096752-0.0522342j,-0.00386955-0.09034062j]]]", "initial param values": "[3.80234467,4.82570833,3.87073735,3.62950597,0.74238039,2.27861355]", "nelder_mead": {"type": "gradient-free", "0": {"maxiter": 100, "fatol": 1e-05, "xatol": 1e-05, "duration": 0.03720808029174805, "fun": "0.2736742627142601", "nit": "100", "nfev": "151", "status": "2", "success": "False", "message": "Maximum number of iterations has been exceeded.", "x": "[4.87665417 4.06162389 6.4876381  2.80192824 0.62172462 2.91592261]", "final_simplex": "(array([[4.87665417, 4.06162389, 6.4876381 , 2.80192824, 0.62172462,\n        2.91592261],\n       [5.01622654, 3.93303786, 6.42689548, 2.73034464, 0.64618868,\n        2.73073792],\n       [5.01507002, 4.02726088, 6.61837579, 2.74696858, 0.59968468,\n        2.86169807],\n       [4.87029882, 4.08519284, 6.34357497, 2.72201921, 0.63684757,\n        2.83414376],\n       [4.69901184, 4.0264991 , 6.48944216, 2.79514571, 0.65470396,\n        2.82956853],\n       [5.01016468, 4.06039729, 6.48679683, 2.68314946, 0.63524987,\n        2.7155755 ],\n       [4.91579491, 3.9739896 , 6.4516769 , 2.90505165, 0.62665664,\n        2.73673398]]), array([0.27367426, 0.27639511, 0.27640427, 0.27798894, 0.27806876,\n       0.27866161, 0.2788212 ]))", "callback": [0.5968365058068528, 0.5563080430143814, 0.531920180297611, 0.5203050778939639, 0.3758445630422168, 0.364167490566482, 0.34120134472034946, 0.29628069848300265, 0.27866161007761536]}, "1": {"maxiter": 100, "fatol": 1e-05, "xatol": 1e-10, "duration": 0.03621506690979004, "fun": "0.2736742627142601", "nit": "100", "nfev": "151", "status": "2", "success": "False", "message": "Maximum number of iterations has been exceeded.", "x": "[4.87665417 4.06162389 6.4876381  2.80192824 0.62172462 2.91592261]", "final_simplex": "(array([[4.87665417, 4.06162389, 6.4876381 , 2.80192824, 0.62172462,\n        2.91592261],\n       [5.01622654, 3.93303786, 6.42689548, 2.73034464, 0.64618868,\n        2.73073792],\n       [5.01507002, 4.02726088, 6.61837579, 2.74696858, 0.59968468,\n        2.86169807],\n       [4.87029882, 4.08519284, 6.34357497, 2.72201921, 0.63684757,\n        2.83414376],\n       [4.69901184, 4.0264991 , 6.48944216, 2.79514571, 0.65470396,\n        2.82956853],\n       [5.01016468, 4.06039729, 6.48679683, 2.68314946, 0.63524987,\n        2.7155755 ],\n       [4.91579491, 3.9739896 , 6.4516769 , 2.90505165, 0.62665664,\n        2.73673398]]), array([0.27367426, 0.27639511, 0.27640427, 0.27798894, 0.27806876,\n       0.27866161, 0.2788212 ]))", "callback": [0.5968365058068528, 0.5563080430143814, 0.531920180297611, 0.5203050778939639, 0.3758445630422168, 0.364167490566482, 0.34120134472034946, 0.29628069848300265, 0.27866161007761536]}, "2": {"maxiter": 100, "fatol": 1e-10, "xatol": 1e-05, "duration": 0.034005165100097656, "fun": "0.2736742627142601", "nit": "100", "nfev": "151", "status": "2", "success": "False", "message": "Maximum number of iterations has been exceeded.", "x": "[4.87665417 4.06162389 6.4876381  2.80192824 0.62172462 2.91592261]", "final_simplex": "(array([[4.87665417, 4.06162389, 6.4876381 , 2.80192824, 0.62172462,\n        2.91592261],\n       [5.01622654, 3.93303786, 6.42689548, 2.73034464, 0.64618868,\n        2.73073792],\n       [5.01507002, 4.02726088, 6.61837579, 2.74696858, 0.59968468,\n        2.86169807],\n       [4.87029882, 4.08519284, 6.34357497, 2.72201921, 0.63684757,\n        2.83414376],\n       [4.69901184, 4.0264991 , 6.48944216, 2.79514571, 0.65470396,\n        2.82956853],\n       [5.01016468, 4.06039729, 6.48679683, 2.68314946, 0.63524987,\n        2.7155755 ],\n       [4.91579491, 3.9739896 , 6.4516769 , 2.90505165, 0.62665664,\n        2.73673398]]), array([0.27367426, 0.27639511, 0.27640427, 0.27798894, 0.27806876,\n       0.27866161, 0.2788212 ]))", "callback": [0.5968365058068528, 0.5563080430143814, 0.531920180297611, 0.5203050778939639, 0.3758445630422168, 0.364167490566482, 0.34120134472034946, 0.29628069848300265, 0.27866161007761536]}, "3": {"maxiter": 100, "fatol": 1e-10, "xatol": 1e-10, "duration": 0.03438210487365723, "fun": "0.2736742627142601", "nit": "100", "nfev": "151", "status": "2", "success": "False", "message": "Maximum number of iterations has been exceeded.", "x": "[4.87665417 4.06162389 6.4876381  2.80192824 0.62172462 2.91592261]", "final_simplex": "(array([[4.87665417, 4.06162389, 6.4876381 , 2.80192824, 0.62172462,\n        2.91592261],\n       [5.01622654, 3.93303786, 6.42689548, 2.73034464, 0.64618868,\n        2.73073792],\n       [5.01507002, 4.02726088, 6.61837579, 2.74696858, 0.59968468,\n        2.86169807],\n       [4.87029882, 4.08519284, 6.34357497, 2.72201921, 0.63684757,\n        2.83414376],\n       [4.69901184, 4.0264991 , 6.48944216, 2.79514571, 0.65470396,\n        2.82956853],\n       [5.01016468, 4.06039729, 6.48679683, 2.68314946, 0.63524987,\n        2.7155755 ],\n       [4.91579491, 3.9739896 , 6.4516769 , 2.90505165, 0.62665664,\n        2.73673398]]), array([0.27367426, 0.27639511, 0.27640427, 0.27798894, 0.27806876,\n       0.27866161, 0.2788212 ]))", "callback": [0.5968365058068528, 0.5563080430143814, 0.531920180297611, 0.5203050778939639, 0.3758445630422168, 0.364167490566482, 0.34120134472034946, 0.29628069848300265, 0.27866161007761536]}, "4": {"maxiter": 500, "fatol": 1e-05, "xatol": 1e-05, "duration": 0.14392995834350586, "fun": "0.2695130778770328", "nit": "400", "nfev": "643", "status": "0", "success": "True", "message": "Optimization terminated successfully.", "x": "[4.85074858 3.91535427 6.55586691 2.73228537 0.56620136 2.89270411]", "final_simplex": "(array([[4.85074858, 3.91535427, 6.55586691, 2.73228537, 0.56620136,\n        2.89270411],\n       [4.85075119, 3.91535336, 6.5558658 , 2.73228257, 0.56620818,\n        2.8927103 ],\n       [4.85074702, 3.91535329, 6.5558625 , 2.7322881 , 0.56620878,\n        2.89270973],\n       [4.85075049, 3.91535654, 6.5558664 , 2.73228108, 0.56621034,\n        2.89271175],\n       [4.8507465 , 3.91535096, 6.55586709, 2.73228114, 0.56620882,\n        2.89271183],\n       [4.85074963, 3.91535593, 6.55586475, 2.73228391, 0.56620118,\n        2.89270646],\n       [4.85075136, 3.91535645, 6.55586291, 2.73228252, 0.56619832,\n        2.89270012]]), array([0.26951308, 0.26951308, 0.26951308, 0.26951308, 0.26951308,\n       0.26951308, 0.26951308]))", "callback": [0.5968365058068528, 0.5563080430143814, 0.531920180297611, 0.5203050778939639, 0.3758445630422168, 0.364167490566482, 0.34120134472034946, 0.29628069848300265, 0.27866161007761536, 0.2736742627142601, 0.270997233305431, 0.2699386628901659, 0.2696619255967362, 0.26961606579503394, 0.2696110434582005, 0.2696103711961695, 0.26961011704569926, 0.269609884642829, 0.26960891169297274, 0.269606417433916, 0.2696048470980985, 0.2696020766243119, 0.26959643699273383, 0.2695829872694133, 0.26953929504334817, 0.26952452372490476, 0.2695184569205361, 0.2695139567227759, 0.2695138594349551, 0.26951344426200285, 0.26951323267700866, 0.26951311766089026, 0.26951308885659886, 0.26951308123772866, 0.2695130790207152, 0.26951307835292715, 0.269513077976266, 0.26951307790075174, 0.26951307788065104, 0.2695130778770328]}, "5": {"maxiter": 500, "fatol": 1e-05, "xatol": 1e-10, "duration": 0.19263601303100586, "fun": "0.2695130778751754", "nit": "500", "nfev": "861", "status": "2", "success": "False", "message": "Maximum number of iterations has been exceeded.", "x": "[4.85074623 3.9153551  6.55586645 2.73228394 0.56620015 2.8927019 ]", "final_simplex": "(array([[4.85074623, 3.9153551 , 6.55586645, 2.73228394, 0.56620015,\n        2.8927019 ],\n       [4.85074623, 3.9153551 , 6.55586645, 2.73228394, 0.56620015,\n        2.8927019 ],\n       [4.85074623, 3.9153551 , 6.55586645, 2.73228394, 0.56620015,\n        2.8927019 ],\n       [4.85074623, 3.9153551 , 6.55586645, 2.73228394, 0.56620015,\n        2.8927019 ],\n       [4.85074623, 3.9153551 , 6.55586645, 2.73228394, 0.56620015,\n        2.8927019 ],\n       [4.85074623, 3.9153551 , 6.55586645, 2.73228394, 0.56620015,\n        2.8927019 ],\n       [4.85074623, 3.9153551 , 6.55586645, 2.73228394, 0.56620015,\n        2.8927019 ]]), array([0.26951308, 0.26951308, 0.26951308, 0.26951308, 0.26951308,\n       0.26951308, 0.26951308]))", "callback": [0.5968365058068528, 0.5563080430143814, 0.531920180297611, 0.5203050778939639, 0.3758445630422168, 0.364167490566482, 0.34120134472034946, 0.29628069848300265, 0.27866161007761536, 0.2736742627142601, 0.270997233305431, 0.2699386628901659, 0.2696619255967362, 0.26961606579503394, 0.2696110434582005, 0.2696103711961695, 0.26961011704569926, 0.269609884642829, 0.26960891169297274, 0.269606417433916, 0.2696048470980985, 0.2696020766243119, 0.26959643699273383, 0.2695829872694133, 0.26953929504334817, 0.26952452372490476, 0.2695184569205361, 0.2695139567227759, 0.2695138594349551, 0.26951344426200285, 0.26951323267700866, 0.26951311766089026, 0.26951308885659886, 0.26951308123772866, 0.2695130790207152, 0.26951307835292715, 0.269513077976266, 0.26951307790075174, 0.26951307788065104, 0.2695130778770328, 0.26951307787563605, 0.2695130778752277, 0.2695130778752032, 0.2695130778751833, 0.26951307787517687, 0.2695130778751763, 0.26951307787517587, 0.26951307787517564, 0.2695130778751754]}, "6": {"maxiter": 500, "fatol": 1e-10, "xatol": 1e-05, "duration": 0.14447999000549316, "fun": "0.2695130778770328", "nit": "400", "nfev": "643", "status": "0", "success": "True", "message": "Optimization terminated successfully.", "x": "[4.85074858 3.91535427 6.55586691 2.73228537 0.56620136 2.89270411]", "final_simplex": "(array([[4.85074858, 3.91535427, 6.55586691, 2.73228537, 0.56620136,\n        2.89270411],\n       [4.85075119, 3.91535336, 6.5558658 , 2.73228257, 0.56620818,\n        2.8927103 ],\n       [4.85074702, 3.91535329, 6.5558625 , 2.7322881 , 0.56620878,\n        2.89270973],\n       [4.85075049, 3.91535654, 6.5558664 , 2.73228108, 0.56621034,\n        2.89271175],\n       [4.8507465 , 3.91535096, 6.55586709, 2.73228114, 0.56620882,\n        2.89271183],\n       [4.85074963, 3.91535593, 6.55586475, 2.73228391, 0.56620118,\n        2.89270646],\n       [4.85075136, 3.91535645, 6.55586291, 2.73228252, 0.56619832,\n        2.89270012]]), array([0.26951308, 0.26951308, 0.26951308, 0.26951308, 0.26951308,\n       0.26951308, 0.26951308]))", "callback": [0.5968365058068528, 0.5563080430143814, 0.531920180297611, 0.5203050778939639, 0.3758445630422168, 0.364167490566482, 0.34120134472034946, 0.29628069848300265, 0.27866161007761536, 0.2736742627142601, 0.270997233305431, 0.2699386628901659, 0.2696619255967362, 0.26961606579503394, 0.2696110434582005, 0.2696103711961695, 0.26961011704569926, 0.269609884642829, 0.26960891169297274, 0.269606417433916, 0.2696048470980985, 0.2696020766243119, 0.26959643699273383, 0.2695829872694133, 0.26953929504334817, 0.26952452372490476, 0.2695184569205361, 0.2695139567227759, 0.2695138594349551, 0.26951344426200285, 0.26951323267700866, 0.26951311766089026, 0.26951308885659886, 0.26951308123772866, 0.2695130790207152, 0.26951307835292715, 0.269513077976266, 0.26951307790075174, 0.26951307788065104, 0.2695130778770328]}, "7": {"maxiter": 500, "fatol": 1e-10, "xatol": 1e-10, "duration": 0.21085333824157715, "fun": "0.2695130778751754", "nit": "500", "nfev": "861", "status": "2", "success": "False", "message": "Maximum number of iterations has been exceeded.", "x": "[4.85074623 3.9153551  6.55586645 2.73228394 0.56620015 2.8927019 ]", "final_simplex": "(array([[4.85074623, 3.9153551 , 6.55586645, 2.73228394, 0.56620015,\n        2.8927019 ],\n       [4.85074623, 3.9153551 , 6.55586645, 2.73228394, 0.56620015,\n        2.8927019 ],\n       [4.85074623, 3.9153551 , 6.55586645, 2.73228394, 0.56620015,\n        2.8927019 ],\n       [4.85074623, 3.9153551 , 6.55586645, 2.73228394, 0.56620015,\n        2.8927019 ],\n       [4.85074623, 3.9153551 , 6.55586645, 2.73228394, 0.56620015,\n        2.8927019 ],\n       [4.85074623, 3.9153551 , 6.55586645, 2.73228394, 0.56620015,\n        2.8927019 ],\n       [4.85074623, 3.9153551 , 6.55586645, 2.73228394, 0.56620015,\n        2.8927019 ]]), array([0.26951308, 0.26951308, 0.26951308, 0.26951308, 0.26951308,\n       0.26951308, 0.26951308]))", "callback": [0.5968365058068528, 0.5563080430143814, 0.531920180297611, 0.5203050778939639, 0.3758445630422168, 0.364167490566482, 0.34120134472034946, 0.29628069848300265, 0.27866161007761536, 0.2736742627142601, 0.270997233305431, 0.2699386628901659, 0.2696619255967362, 0.26961606579503394, 0.2696110434582005, 0.2696103711961695, 0.26961011704569926, 0.269609884642829, 0.26960891169297274, 0.269606417433916, 0.2696048470980985, 0.2696020766243119, 0.26959643699273383, 0.2695829872694133, 0.26953929504334817, 0.26952452372490476, 0.2695184569205361, 0.2695139567227759, 0.2695138594349551, 0.26951344426200285, 0.26951323267700866, 0.26951311766089026, 0.26951308885659886, 0.26951308123772866, 0.2695130790207152, 0.26951307835292715, 0.269513077976266, 0.26951307790075174, 0.26951307788065104, 0.2695130778770328, 0.26951307787563605, 0.2695130778752277, 0.2695130778752032, 0.2695130778751833, 0.26951307787517687, 0.2695130778751763, 0.26951307787517587, 0.26951307787517564, 0.2695130778751754]}, "8": {"maxiter": 1000, "fatol": 1e-05, "xatol": 1e-05, "duration": 0.14461588859558105, "fun": "0.2695130778770328", "nit": "400", "nfev": "643", "status": "0", "success": "True", "message": "Optimization terminated successfully.", "x": "[4.85074858 3.91535427 6.55586691 2.73228537 0.56620136 2.89270411]", "final_simplex": "(array([[4.85074858, 3.91535427, 6.55586691, 2.73228537, 0.56620136,\n        2.89270411],\n       [4.85075119, 3.91535336, 6.5558658 , 2.73228257, 0.56620818,\n        2.8927103 ],\n       [4.85074702, 3.91535329, 6.5558625 , 2.7322881 , 0.56620878,\n        2.89270973],\n       [4.85075049, 3.91535654, 6.5558664 , 2.73228108, 0.56621034,\n        2.89271175],\n       [4.8507465 , 3.91535096, 6.55586709, 2.73228114, 0.56620882,\n        2.89271183],\n       [4.85074963, 3.91535593, 6.55586475, 2.73228391, 0.56620118,\n        2.89270646],\n       [4.85075136, 3.91535645, 6.55586291, 2.73228252, 0.56619832,\n        2.89270012]]), array([0.26951308, 0.26951308, 0.26951308, 0.26951308, 0.26951308,\n       0.26951308, 0.26951308]))", "callback": [0.5968365058068528, 0.5563080430143814, 0.531920180297611, 0.5203050778939639, 0.3758445630422168, 0.364167490566482, 0.34120134472034946, 0.29628069848300265, 0.27866161007761536, 0.2736742627142601, 0.270997233305431, 0.2699386628901659, 0.2696619255967362, 0.26961606579503394, 0.2696110434582005, 0.2696103711961695, 0.26961011704569926, 0.269609884642829, 0.26960891169297274, 0.269606417433916, 0.2696048470980985, 0.2696020766243119, 0.26959643699273383, 0.2695829872694133, 0.26953929504334817, 0.26952452372490476, 0.2695184569205361, 0.2695139567227759, 0.2695138594349551, 0.26951344426200285, 0.26951323267700866, 0.26951311766089026, 0.26951308885659886, 0.26951308123772866, 0.2695130790207152, 0.26951307835292715, 0.269513077976266, 0.26951307790075174, 0.26951307788065104, 0.2695130778770328]}, "9": {"maxiter": 1000, "fatol": 1e-05, "xatol": 1e-10, "duration": 0.21155095100402832, "fun": "0.2695130778751754", "nit": "503", "nfev": "872", "status": "0", "success": "True", "message": "Optimization terminated successfully.", "x": "[4.85074623 3.9153551  6.55586645 2.73228394 0.56620015 2.8927019 ]", "final_simplex": "(array([[4.85074623, 3.9153551 , 6.55586645, 2.73228394, 0.56620015,\n        2.8927019 ],\n       [4.85074623, 3.9153551 , 6.55586645, 2.73228394, 0.56620015,\n        2.8927019 ],\n       [4.85074623, 3.9153551 , 6.55586645, 2.73228394, 0.56620015,\n        2.8927019 ],\n       [4.85074623, 3.9153551 , 6.55586645, 2.73228394, 0.56620015,\n        2.8927019 ],\n       [4.85074623, 3.9153551 , 6.55586645, 2.73228394, 0.56620015,\n        2.8927019 ],\n       [4.85074623, 3.9153551 , 6.55586645, 2.73228394, 0.56620015,\n        2.8927019 ],\n       [4.85074623, 3.9153551 , 6.55586645, 2.73228394, 0.56620015,\n        2.8927019 ]]), array([0.26951308, 0.26951308, 0.26951308, 0.26951308, 0.26951308,\n       0.26951308, 0.26951308]))", "callback": [0.5968365058068528, 0.5563080430143814, 0.531920180297611, 0.5203050778939639, 0.3758445630422168, 0.364167490566482, 0.34120134472034946, 0.29628069848300265, 0.27866161007761536, 0.2736742627142601, 0.270997233305431, 0.2699386628901659, 0.2696619255967362, 0.26961606579503394, 0.2696110434582005, 0.2696103711961695, 0.26961011704569926, 0.269609884642829, 0.26960891169297274, 0.269606417433916, 0.2696048470980985, 0.2696020766243119, 0.26959643699273383, 0.2695829872694133, 0.26953929504334817, 0.26952452372490476, 0.2695184569205361, 0.2695139567227759, 0.2695138594349551, 0.26951344426200285, 0.26951323267700866, 0.26951311766089026, 0.26951308885659886, 0.26951308123772866, 0.2695130790207152, 0.26951307835292715, 0.269513077976266, 0.26951307790075174, 0.26951307788065104, 0.2695130778770328, 0.26951307787563605, 0.2695130778752277, 0.2695130778752032, 0.2695130778751833, 0.26951307787517687, 0.2695130778751763, 0.26951307787517587, 0.26951307787517564, 0.2695130778751754, 0.2695130778751754]}, "10": {"maxiter": 1000, "fatol": 1e-10, "xatol": 1e-05, "duration": 0.1880199909210205, "fun": "0.2695130778770328", "nit": "400", "nfev": "643", "status": "0", "success": "True", "message": "Optimization terminated successfully.", "x": "[4.85074858 3.91535427 6.55586691 2.73228537 0.56620136 2.89270411]", "final_simplex": "(array([[4.85074858, 3.91535427, 6.55586691, 2.73228537, 0.56620136,\n        2.89270411],\n       [4.85075119, 3.91535336, 6.5558658 , 2.73228257, 0.56620818,\n        2.8927103 ],\n       [4.85074702, 3.91535329, 6.5558625 , 2.7322881 , 0.56620878,\n        2.89270973],\n       [4.85075049, 3.91535654, 6.5558664 , 2.73228108, 0.56621034,\n        2.89271175],\n       [4.8507465 , 3.91535096, 6.55586709, 2.73228114, 0.56620882,\n        2.89271183],\n       [4.85074963, 3.91535593, 6.55586475, 2.73228391, 0.56620118,\n        2.89270646],\n       [4.85075136, 3.91535645, 6.55586291, 2.73228252, 0.56619832,\n        2.89270012]]), array([0.26951308, 0.26951308, 0.26951308, 0.26951308, 0.26951308,\n       0.26951308, 0.26951308]))", "callback": [0.5968365058068528, 0.5563080430143814, 0.531920180297611, 0.5203050778939639, 0.3758445630422168, 0.364167490566482, 0.34120134472034946, 0.29628069848300265, 0.27866161007761536, 0.2736742627142601, 0.270997233305431, 0.2699386628901659, 0.2696619255967362, 0.26961606579503394, 0.2696110434582005, 0.2696103711961695, 0.26961011704569926, 0.269609884642829, 0.26960891169297274, 0.269606417433916, 0.2696048470980985, 0.2696020766243119, 0.26959643699273383, 0.2695829872694133, 0.26953929504334817, 0.26952452372490476, 0.2695184569205361, 0.2695139567227759, 0.2695138594349551, 0.26951344426200285, 0.26951323267700866, 0.26951311766089026, 0.26951308885659886, 0.26951308123772866, 0.2695130790207152, 0.26951307835292715, 0.269513077976266, 0.26951307790075174, 0.26951307788065104, 0.2695130778770328]}, "11": {"maxiter": 1000, "fatol": 1e-10, "xatol": 1e-10, "duration": 0.20866799354553223, "fun": "0.2695130778751754", "nit": "503", "nfev": "872", "status": "0", "success": "True", "message": "Optimization terminated successfully.", "x": "[4.85074623 3.9153551  6.55586645 2.73228394 0.56620015 2.8927019 ]", "final_simplex": "(array([[4.85074623, 3.9153551 , 6.55586645, 2.73228394, 0.56620015,\n        2.8927019 ],\n       [4.85074623, 3.9153551 , 6.55586645, 2.73228394, 0.56620015,\n        2.8927019 ],\n       [4.85074623, 3.9153551 , 6.55586645, 2.73228394, 0.56620015,\n        2.8927019 ],\n       [4.85074623, 3.9153551 , 6.55586645, 2.73228394, 0.56620015,\n        2.8927019 ],\n       [4.85074623, 3.9153551 , 6.55586645, 2.73228394, 0.56620015,\n        2.8927019 ],\n       [4.85074623, 3.9153551 , 6.55586645, 2.73228394, 0.56620015,\n        2.8927019 ],\n       [4.85074623, 3.9153551 , 6.55586645, 2.73228394, 0.56620015,\n        2.8927019 ]]), array([0.26951308, 0.26951308, 0.26951308, 0.26951308, 0.26951308,\n       0.26951308, 0.26951308]))", "callback": [0.5968365058068528, 0.5563080430143814, 0.531920180297611, 0.5203050778939639, 0.3758445630422168, 0.364167490566482, 0.34120134472034946, 0.29628069848300265, 0.27866161007761536, 0.2736742627142601, 0.270997233305431, 0.2699386628901659, 0.2696619255967362, 0.26961606579503394, 0.2696110434582005, 0.2696103711961695, 0.26961011704569926, 0.269609884642829, 0.26960891169297274, 0.269606417433916, 0.2696048470980985, 0.2696020766243119, 0.26959643699273383, 0.2695829872694133, 0.26953929504334817, 0.26952452372490476, 0.2695184569205361, 0.2695139567227759, 0.2695138594349551, 0.26951344426200285, 0.26951323267700866, 0.26951311766089026, 0.26951308885659886, 0.26951308123772866, 0.2695130790207152, 0.26951307835292715, 0.269513077976266, 0.26951307790075174, 0.26951307788065104, 0.2695130778770328, 0.26951307787563605, 0.2695130778752277, 0.2695130778752032, 0.2695130778751833, 0.26951307787517687, 0.2695130778751763, 0.26951307787517587, 0.26951307787517564, 0.2695130778751754, 0.2695130778751754]}}, "bfgs": {"type": "gradient", "0": {"maxiter": 100, "gtol": 1e-05, "xrtol": 1e-05, "eps": 1e-05, "duration": 0.05079030990600586, "fun": "0.2695130780411279", "jac": "[ 2.08721929e-08 -2.59388067e-06  2.05768735e-07 -2.25685026e-06\n  4.09960954e-07 -1.21587185e-06]", "hess_inv": "[[ 4.91164128 -0.31641616 -0.5901018  -1.15421661  3.73606509  1.61329214]\n [-0.31641616  3.30886604 -0.28868823 -0.30918844 -1.91339671 -1.96130888]\n [-0.5901018  -0.28868823  4.13229685 -0.22247749 -3.28848911 -1.20981672]\n [-1.15421661 -0.30918844 -0.22247749  3.29923205 -0.11544244 -0.13046731]\n [ 3.73606509 -1.91339671 -3.28848911 -0.11544244 24.36860934 18.57041073]\n [ 1.61329214 -1.96130888 -1.20981672 -0.13046731 18.57041073 18.35766424]]", "nfev": "217", "njev": "31", "status": "0", "success": "True", "message": "Optimization terminated successfully.", "x": "[4.8507398  3.91534676 6.55587405 2.73226991 0.56612565 2.89263222]", "nit": "22", "callback": [0.26979382151519515, 0.2695131551478819]}, "1": {"maxiter": 100, "gtol": 1e-05, "xrtol": 1e-05, "eps": 1e-10, "duration": 0.05098605155944824, "fun": "0.26951307793555057", "jac": "[ 2.22044587e-06 -3.33066880e-06  2.22044587e-06 -5.55111466e-06\n  0.00000000e+00  0.00000000e+00]", "hess_inv": "[[ 4.92616024 -0.31866191 -0.59306801 -1.15262772  3.78593991  1.62157811]\n [-0.31866191  3.30227971 -0.28148069 -0.30853384 -1.86702012 -1.91613916]\n [-0.59306801 -0.28148069  4.12102739 -0.22268456 -3.35395866 -1.25416726]\n [-1.15262772 -0.30853384 -0.22268456  3.29450096 -0.14229926 -0.1527315 ]\n [ 3.78593991 -1.86702012 -3.35395866 -0.14229926 23.97682753 18.15414834]\n [ 1.62157811 -1.91613916 -1.25416726 -0.1527315  18.15414834 17.99902287]]", "nfev": "217", "njev": "31", "status": "0", "success": "True", "message": "Optimization terminated successfully.", "x": "[4.85074978 3.91534297 6.55587668 2.73226917 0.56618344 2.89268735]", "nit": "22", "callback": [0.26979381294170524, 0.2695131595078041]}, "2": {"maxiter": 100, "gtol": 1e-05, "xrtol": 1e-10, "eps": 1e-05, "duration": 0.05081582069396973, "fun": "0.2695130780411279", "jac": "[ 2.08721929e-08 -2.59388067e-06  2.05768735e-07 -2.25685026e-06\n  4.09960954e-07 -1.21587185e-06]", "hess_inv": "[[ 4.91164128 -0.31641616 -0.5901018  -1.15421661  3.73606509  1.61329214]\n [-0.31641616  3.30886604 -0.28868823 -0.30918844 -1.91339671 -1.96130888]\n [-0.5901018  -0.28868823  4.13229685 -0.22247749 -3.28848911 -1.20981672]\n [-1.15421661 -0.30918844 -0.22247749  3.29923205 -0.11544244 -0.13046731]\n [ 3.73606509 -1.91339671 -3.28848911 -0.11544244 24.36860934 18.57041073]\n [ 1.61329214 -1.96130888 -1.20981672 -0.13046731 18.57041073 18.35766424]]", "nfev": "217", "njev": "31", "status": "0", "success": "True", "message": "Optimization terminated successfully.", "x": "[4.8507398  3.91534676 6.55587405 2.73226991 0.56612565 2.89263222]", "nit": "22", "callback": [0.26979382151519515, 0.2695131551478819]}, "3": {"maxiter": 100, "gtol": 1e-05, "xrtol": 1e-10, "eps": 1e-10, "duration": 0.052462100982666016, "fun": "0.26951307793555057", "jac": "[ 2.22044587e-06 -3.33066880e-06  2.22044587e-06 -5.55111466e-06\n  0.00000000e+00  0.00000000e+00]", "hess_inv": "[[ 4.92616024 -0.31866191 -0.59306801 -1.15262772  3.78593991  1.62157811]\n [-0.31866191  3.30227971 -0.28148069 -0.30853384 -1.86702012 -1.91613916]\n [-0.59306801 -0.28148069  4.12102739 -0.22268456 -3.35395866 -1.25416726]\n [-1.15262772 -0.30853384 -0.22268456  3.29450096 -0.14229926 -0.1527315 ]\n [ 3.78593991 -1.86702012 -3.35395866 -0.14229926 23.97682753 18.15414834]\n [ 1.62157811 -1.91613916 -1.25416726 -0.1527315  18.15414834 17.99902287]]", "nfev": "217", "njev": "31", "status": "0", "success": "True", "message": "Optimization terminated successfully.", "x": "[4.85074978 3.91534297 6.55587668 2.73226917 0.56618344 2.89268735]", "nit": "22", "callback": [0.26979381294170524, 0.2695131595078041]}, "4": {"maxiter": 100, "gtol": 1e-10, "xrtol": 1e-05, "eps": 1e-05, "duration": 0.05309295654296875, "fun": "0.2695130779781495", "jac": "[-5.01598763e-08 -2.38342679e-07  1.49924517e-07 -2.96240810e-07\n  1.20348176e-08 -2.77289303e-07]", "hess_inv": "[[ 4.97289947 -0.45168569 -0.54029577 -1.29745654  3.54312062  1.39166982]\n [-0.45168569  3.54911887 -0.3439126  -0.08693855 -1.85802524 -1.79452391]\n [-0.54029577 -0.3439126   4.12149288 -0.25082746 -3.09808542 -1.08778033]\n [-1.29745654 -0.08693855 -0.25082746  3.48282862 -0.26076815 -0.13135599]\n [ 3.54312062 -1.85802524 -3.09808542 -0.26076815 22.62536261 17.22247028]\n [ 1.39166982 -1.79452391 -1.08778033 -0.13135599 17.22247028 17.37889185]]", "nfev": "224", "njev": "32", "status": "0", "success": "True", "message": "Optimization terminated successfully.", "x": "[4.85073595 3.91535443 6.5558717  2.73227758 0.56613247 2.89264154]", "nit": "23", "callback": [0.26979382151519515, 0.2695131551478819]}, "5": {"maxiter": 100, "gtol": 1e-10, "xrtol": 1e-05, "eps": 1e-10, "duration": 0.053675174713134766, "fun": "0.26951307789622025", "jac": "[-1.11022293e-06 -1.11022293e-06  0.00000000e+00 -1.11022293e-06\n  0.00000000e+00  1.11022293e-06]", "hess_inv": "[[ 5.68241152 -0.87946746 -0.34558773 -1.94348384  4.48406678  2.03907259]\n [-0.87946746  3.66974528 -0.5694135   0.33587808 -2.20034871 -2.19302254]\n [-0.34558773 -0.5694135   3.97679643 -0.35650076 -2.72779961 -1.04697948]\n [-1.94348384  0.33587808 -0.35650076  4.05218104 -1.0930813  -0.62849068]\n [ 4.48406678 -2.20034871 -2.72779961 -1.0930813  23.91902157 18.41494915]\n [ 2.03907259 -2.19302254 -1.04697948 -0.62849068 18.41494915 18.20739506]]", "nfev": "231", "njev": "33", "status": "0", "success": "True", "message": "Optimization terminated successfully.", "x": "[4.85073927 3.91535009 6.55587177 2.73228098 0.56617634 2.89268201]", "nit": "23", "callback": [0.26979381294170524, 0.2695131595078041]}, "6": {"maxiter": 100, "gtol": 1e-10, "xrtol": 1e-10, "eps": 1e-05, "duration": 0.09233784675598145, "fun": "0.2695130779600414", "jac": "[ 3.33066907e-11  1.11022302e-10  0.00000000e+00  6.66133815e-11\n  3.33066907e-11 -2.22044605e-11]", "hess_inv": "[[ 4.91403153e+00 -4.02729224e-01 -5.50732156e-01 -1.23673820e+00\n   3.55257822e+00  1.46550005e+00]\n [-4.02729224e-01  3.61629584e+00 -4.01756715e-01 -2.57324216e-02\n  -1.59666880e+00 -1.62422392e+00]\n [-5.50732156e-01 -4.01756715e-01  4.34961441e+00 -4.44730429e-01\n  -4.03050281e+00 -2.02673767e+00]\n [-1.23673820e+00 -2.57324216e-02 -4.44730429e-01  3.63064068e+00\n   5.48938842e-01  6.04373726e-01]\n [ 3.55257822e+00 -1.59666880e+00 -4.03050281e+00  5.48938842e-01\n   2.63708543e+01  2.10384231e+01]\n [ 1.46550005e+00 -1.62422392e+00 -2.02673767e+00  6.04373726e-01\n   2.10384231e+01  2.12157176e+01]]", "nfev": "395", "njev": "55", "status": "2", "success": "False", "message": "Desired error not necessarily achieved due to precision loss.", "x": "[4.85073619 3.91535492 6.55587025 2.73227884 0.56613867 2.89264744]", "nit": "26", "callback": [0.26979382151519515, 0.2695131551478819]}, "7": {"maxiter": 100, "gtol": 1e-10, "xrtol": 1e-10, "eps": 1e-10, "duration": 0.06845808029174805, "fun": "0.26951307789622025", "jac": "[ 0.00000000e+00 -1.11022293e-06  2.22044587e-06 -1.11022293e-06\n  0.00000000e+00  0.00000000e+00]", "hess_inv": "[[ 4.02018557 -0.38801563 -1.05620458 -0.50715067  5.27706876  3.28716876]\n [-0.38801563  3.76591476 -0.38428855  0.07541352 -3.16563534 -3.359763  ]\n [-1.05620458 -0.38428855  3.67558437  0.24056177 -2.31319496 -0.43089834]\n [-0.50715067  0.07541352  0.24056177  2.92269796 -2.27527768 -2.24942763]\n [ 5.27706876 -3.16563534 -2.31319496 -2.27527768 25.75259992 20.23389525]\n [ 3.28716876 -3.359763   -0.43089834 -2.24942763 20.23389525 19.90564585]]", "nfev": "301", "njev": "43", "status": "0", "success": "True", "message": "Optimization terminated successfully.", "x": "[4.85073927 3.91535009 6.55587177 2.73228098 0.56617633 2.89268201]", "nit": "24", "callback": [0.26979381294170524, 0.2695131595078041]}, "8": {"maxiter": 500, "gtol": 1e-05, "xrtol": 1e-05, "eps": 1e-05, "duration": 0.04868507385253906, "fun": "0.2695130780411279", "jac": "[ 2.08721929e-08 -2.59388067e-06  2.05768735e-07 -2.25685026e-06\n  4.09960954e-07 -1.21587185e-06]", "hess_inv": "[[ 4.91164128 -0.31641616 -0.5901018  -1.15421661  3.73606509  1.61329214]\n [-0.31641616  3.30886604 -0.28868823 -0.30918844 -1.91339671 -1.96130888]\n [-0.5901018  -0.28868823  4.13229685 -0.22247749 -3.28848911 -1.20981672]\n [-1.15421661 -0.30918844 -0.22247749  3.29923205 -0.11544244 -0.13046731]\n [ 3.73606509 -1.91339671 -3.28848911 -0.11544244 24.36860934 18.57041073]\n [ 1.61329214 -1.96130888 -1.20981672 -0.13046731 18.57041073 18.35766424]]", "nfev": "217", "njev": "31", "status": "0", "success": "True", "message": "Optimization terminated successfully.", "x": "[4.8507398  3.91534676 6.55587405 2.73226991 0.56612565 2.89263222]", "nit": "22", "callback": [0.26979382151519515, 0.2695131551478819]}, "9": {"maxiter": 500, "gtol": 1e-05, "xrtol": 1e-05, "eps": 1e-10, "duration": 0.049527883529663086, "fun": "0.26951307793555057", "jac": "[ 2.22044587e-06 -3.33066880e-06  2.22044587e-06 -5.55111466e-06\n  0.00000000e+00  0.00000000e+00]", "hess_inv": "[[ 4.92616024 -0.31866191 -0.59306801 -1.15262772  3.78593991  1.62157811]\n [-0.31866191  3.30227971 -0.28148069 -0.30853384 -1.86702012 -1.91613916]\n [-0.59306801 -0.28148069  4.12102739 -0.22268456 -3.35395866 -1.25416726]\n [-1.15262772 -0.30853384 -0.22268456  3.29450096 -0.14229926 -0.1527315 ]\n [ 3.78593991 -1.86702012 -3.35395866 -0.14229926 23.97682753 18.15414834]\n [ 1.62157811 -1.91613916 -1.25416726 -0.1527315  18.15414834 17.99902287]]", "nfev": "217", "njev": "31", "status": "0", "success": "True", "message": "Optimization terminated successfully.", "x": "[4.85074978 3.91534297 6.55587668 2.73226917 0.56618344 2.89268735]", "nit": "22", "callback": [0.26979381294170524, 0.2695131595078041]}, "10": {"maxiter": 500, "gtol": 1e-05, "xrtol": 1e-10, "eps": 1e-05, "duration": 0.049002885818481445, "fun": "0.2695130780411279", "jac": "[ 2.08721929e-08 -2.59388067e-06  2.05768735e-07 -2.25685026e-06\n  4.09960954e-07 -1.21587185e-06]", "hess_inv": "[[ 4.91164128 -0.31641616 -0.5901018  -1.15421661  3.73606509  1.61329214]\n [-0.31641616  3.30886604 -0.28868823 -0.30918844 -1.91339671 -1.96130888]\n [-0.5901018  -0.28868823  4.13229685 -0.22247749 -3.28848911 -1.20981672]\n [-1.15421661 -0.30918844 -0.22247749  3.29923205 -0.11544244 -0.13046731]\n [ 3.73606509 -1.91339671 -3.28848911 -0.11544244 24.36860934 18.57041073]\n [ 1.61329214 -1.96130888 -1.20981672 -0.13046731 18.57041073 18.35766424]]", "nfev": "217", "njev": "31", "status": "0", "success": "True", "message": "Optimization terminated successfully.", "x": "[4.8507398  3.91534676 6.55587405 2.73226991 0.56612565 2.89263222]", "nit": "22", "callback": [0.26979382151519515, 0.2695131551478819]}, "11": {"maxiter": 500, "gtol": 1e-05, "xrtol": 1e-10, "eps": 1e-10, "duration": 0.04956412315368652, "fun": "0.26951307793555057", "jac": "[ 2.22044587e-06 -3.33066880e-06  2.22044587e-06 -5.55111466e-06\n  0.00000000e+00  0.00000000e+00]", "hess_inv": "[[ 4.92616024 -0.31866191 -0.59306801 -1.15262772  3.78593991  1.62157811]\n [-0.31866191  3.30227971 -0.28148069 -0.30853384 -1.86702012 -1.91613916]\n [-0.59306801 -0.28148069  4.12102739 -0.22268456 -3.35395866 -1.25416726]\n [-1.15262772 -0.30853384 -0.22268456  3.29450096 -0.14229926 -0.1527315 ]\n [ 3.78593991 -1.86702012 -3.35395866 -0.14229926 23.97682753 18.15414834]\n [ 1.62157811 -1.91613916 -1.25416726 -0.1527315  18.15414834 17.99902287]]", "nfev": "217", "njev": "31", "status": "0", "success": "True", "message": "Optimization terminated successfully.", "x": "[4.85074978 3.91534297 6.55587668 2.73226917 0.56618344 2.89268735]", "nit": "22", "callback": [0.26979381294170524, 0.2695131595078041]}, "12": {"maxiter": 500, "gtol": 1e-10, "xrtol": 1e-05, "eps": 1e-05, "duration": 0.0522458553314209, "fun": "0.2695130779781495", "jac": "[-5.01598763e-08 -2.38342679e-07  1.49924517e-07 -2.96240810e-07\n  1.20348176e-08 -2.77289303e-07]", "hess_inv": "[[ 4.97289947 -0.45168569 -0.54029577 -1.29745654  3.54312062  1.39166982]\n [-0.45168569  3.54911887 -0.3439126  -0.08693855 -1.85802524 -1.79452391]\n [-0.54029577 -0.3439126   4.12149288 -0.25082746 -3.09808542 -1.08778033]\n [-1.29745654 -0.08693855 -0.25082746  3.48282862 -0.26076815 -0.13135599]\n [ 3.54312062 -1.85802524 -3.09808542 -0.26076815 22.62536261 17.22247028]\n [ 1.39166982 -1.79452391 -1.08778033 -0.13135599 17.22247028 17.37889185]]", "nfev": "224", "njev": "32", "status": "0", "success": "True", "message": "Optimization terminated successfully.", "x": "[4.85073595 3.91535443 6.5558717  2.73227758 0.56613247 2.89264154]", "nit": "23", "callback": [0.26979382151519515, 0.2695131551478819]}, "13": {"maxiter": 500, "gtol": 1e-10, "xrtol": 1e-05, "eps": 1e-10, "duration": 0.052126169204711914, "fun": "0.26951307789622025", "jac": "[-1.11022293e-06 -1.11022293e-06  0.00000000e+00 -1.11022293e-06\n  0.00000000e+00  1.11022293e-06]", "hess_inv": "[[ 5.68241152 -0.87946746 -0.34558773 -1.94348384  4.48406678  2.03907259]\n [-0.87946746  3.66974528 -0.5694135   0.33587808 -2.20034871 -2.19302254]\n [-0.34558773 -0.5694135   3.97679643 -0.35650076 -2.72779961 -1.04697948]\n [-1.94348384  0.33587808 -0.35650076  4.05218104 -1.0930813  -0.62849068]\n [ 4.48406678 -2.20034871 -2.72779961 -1.0930813  23.91902157 18.41494915]\n [ 2.03907259 -2.19302254 -1.04697948 -0.62849068 18.41494915 18.20739506]]", "nfev": "231", "njev": "33", "status": "0", "success": "True", "message": "Optimization terminated successfully.", "x": "[4.85073927 3.91535009 6.55587177 2.73228098 0.56617634 2.89268201]", "nit": "23", "callback": [0.26979381294170524, 0.2695131595078041]}, "14": {"maxiter": 500, "gtol": 1e-10, "xrtol": 1e-10, "eps": 1e-05, "duration": 0.09026598930358887, "fun": "0.2695130779600414", "jac": "[ 3.33066907e-11  1.11022302e-10  0.00000000e+00  6.66133815e-11\n  3.33066907e-11 -2.22044605e-11]", "hess_inv": "[[ 4.91403153e+00 -4.02729224e-01 -5.50732156e-01 -1.23673820e+00\n   3.55257822e+00  1.46550005e+00]\n [-4.02729224e-01  3.61629584e+00 -4.01756715e-01 -2.57324216e-02\n  -1.59666880e+00 -1.62422392e+00]\n [-5.50732156e-01 -4.01756715e-01  4.34961441e+00 -4.44730429e-01\n  -4.03050281e+00 -2.02673767e+00]\n [-1.23673820e+00 -2.57324216e-02 -4.44730429e-01  3.63064068e+00\n   5.48938842e-01  6.04373726e-01]\n [ 3.55257822e+00 -1.59666880e+00 -4.03050281e+00  5.48938842e-01\n   2.63708543e+01  2.10384231e+01]\n [ 1.46550005e+00 -1.62422392e+00 -2.02673767e+00  6.04373726e-01\n   2.10384231e+01  2.12157176e+01]]", "nfev": "395", "njev": "55", "status": "2", "success": "False", "message": "Desired error not necessarily achieved due to precision loss.", "x": "[4.85073619 3.91535492 6.55587025 2.73227884 0.56613867 2.89264744]", "nit": "26", "callback": [0.26979382151519515, 0.2695131551478819]}, "15": {"maxiter": 500, "gtol": 1e-10, "xrtol": 1e-10, "eps": 1e-10, "duration": 0.06730008125305176, "fun": "0.26951307789622025", "jac": "[ 0.00000000e+00 -1.11022293e-06  2.22044587e-06 -1.11022293e-06\n  0.00000000e+00  0.00000000e+00]", "hess_inv": "[[ 4.02018557 -0.38801563 -1.05620458 -0.50715067  5.27706876  3.28716876]\n [-0.38801563  3.76591476 -0.38428855  0.07541352 -3.16563534 -3.359763  ]\n [-1.05620458 -0.38428855  3.67558437  0.24056177 -2.31319496 -0.43089834]\n [-0.50715067  0.07541352  0.24056177  2.92269796 -2.27527768 -2.24942763]\n [ 5.27706876 -3.16563534 -2.31319496 -2.27527768 25.75259992 20.23389525]\n [ 3.28716876 -3.359763   -0.43089834 -2.24942763 20.23389525 19.90564585]]", "nfev": "301", "njev": "43", "status": "0", "success": "True", "message": "Optimization terminated successfully.", "x": "[4.85073927 3.91535009 6.55587177 2.73228098 0.56617633 2.89268201]", "nit": "24", "callback": [0.26979381294170524, 0.2695131595078041]}, "16": {"maxiter": 1000, "gtol": 1e-05, "xrtol": 1e-05, "eps": 1e-05, "duration": 0.04960894584655762, "fun": "0.2695130780411279", "jac": "[ 2.08721929e-08 -2.59388067e-06  2.05768735e-07 -2.25685026e-06\n  4.09960954e-07 -1.21587185e-06]", "hess_inv": "[[ 4.91164128 -0.31641616 -0.5901018  -1.15421661  3.73606509  1.61329214]\n [-0.31641616  3.30886604 -0.28868823 -0.30918844 -1.91339671 -1.96130888]\n [-0.5901018  -0.28868823  4.13229685 -0.22247749 -3.28848911 -1.20981672]\n [-1.15421661 -0.30918844 -0.22247749  3.29923205 -0.11544244 -0.13046731]\n [ 3.73606509 -1.91339671 -3.28848911 -0.11544244 24.36860934 18.57041073]\n [ 1.61329214 -1.96130888 -1.20981672 -0.13046731 18.57041073 18.35766424]]", "nfev": "217", "njev": "31", "status": "0", "success": "True", "message": "Optimization