{"date": "2024/09/23/, 23:17:03", "conf_id": 132, "data_type": "orthogonal\n", "num_data_points": 3, "s_rank": 0, "unitary": "[[0.18663085-0.53122324j,-0.11886349-0.70040876j,0.28555095-0.02789305j,-0.12262021-0.2844587j],[-0.16702216+0.27758472j,0.27526351-0.29738586j,-0.01109314+0.22495461j,-0.77239203+0.28900673j],[0.61935415+0.12301792j,-0.31269928-0.03315917j,-0.61902762-0.19039079j,-0.27120731-0.0968989j],[0.42341754+0.0023929j,-0.05847358+0.47832119j,0.64900495-0.16218422j,-0.37182676-0.05229966j]]", "databatch_0": {"databatch": "[[[0.01336225+0.04785404j,-0.06582951+0.00594111j,-0.1356178+0.24132394j,-0.20327226-0.20050254j],[0.01839783-0.11303805j,-0.122143-0.0284869j,0.34015842-0.07226358j,-0.10354107+0.080036j],[-0.13206119+0.31898441j,-0.08346673+0.33710613j,-0.20113544-0.19429963j,-0.00289441-0.20900667j],[-0.07239978+0.15353277j,0.19315135+0.01997146j,0.00533412+0.3112485j,0.22524594+0.3037284j]],[[-0.0306955+0.20607042j,0.06516831+0.19666657j,0.01618203-0.27671749j,0.19900569+0.02520161j],[-0.06462319-0.24044615j,-0.14273228-0.30524708j,0.00577038-0.05574163j,0.18036136-0.1527919j],[-0.00982819+0.37144551j,-0.11609408+0.11789978j,0.33999355+0.25029725j,0.08655062-0.24275082j],[0.14647959-0.02903348j,0.16526235-0.04858096j,-0.01049198-0.26198257j,0.17610958+0.0141476j]],[[-0.01116375+0.12381649j,-0.13970208+0.01560805j,0.05398139+0.26321013j,-0.137343-0.25012223j],[-0.25457445-0.18991637j,-0.05525703-0.08179853j,-0.16267165+0.17608797j,0.01030729+0.30628318j],[0.12021938+0.15988958j,0.1222806-0.16321721j,-0.08069577+0.00779716j,0.39827047-0.33199644j],[-0.09953953-0.18921262j,-0.26802918-0.03433259j,0.07003633-0.0966999j,-0.22364168-0.09559571j]]]", "initial param values": "[0.91050512,0.81410707,2.47405384,3.39661155,0.32865127,5.40003703]", "nelder_mead": {"type": "gradient-free", "0": {"maxiter": 100, "fatol": 1e-05, "xatol": 1e-05, "duration": 0.036337852478027344, "fun": "0.2889438490595072", "nit": "100", "nfev": "152", "status": "2", "success": "False", "message": "Maximum number of iterations has been exceeded.", "x": "[1.34662263 0.86287561 3.50901417 2.97300532 0.08018074 8.321705  ]", "final_simplex": "(array([[1.34662263, 0.86287561, 3.50901417, 2.97300532, 0.08018074,\n        8.321705  ],\n       [1.33739396, 0.87084003, 3.4624472 , 2.96871698, 0.09409231,\n        8.35318121],\n       [1.32784054, 0.88102629, 3.54038277, 3.10262106, 0.08860695,\n        8.38275924],\n       [1.27877034, 0.84431758, 3.49227262, 3.03085619, 0.13097602,\n        8.37631327],\n       [1.34379493, 0.86632078, 3.59524458, 3.04272137, 0.08354653,\n        8.36974839],\n       [1.26256715, 0.84435163, 3.53496527, 3.07764623, 0.14597956,\n        8.33791114],\n       [1.25816169, 0.85854116, 3.51641921, 3.03855789, 0.14797755,\n        8.40083778]]), array([0.28894385, 0.28907468, 0.28963566, 0.29031343, 0.29052165,\n       0.29143181, 0.29175905]))", "callback": [0.7841678997378789, 0.5831573098800205, 0.5054004134831604, 0.33127788205361897, 0.3166616146671489, 0.29765771165851695, 0.29692314357194627, 0.29523693164641873, 0.2917590456109952]}, "1": {"maxiter": 100, "fatol": 1e-05, "xatol": 1e-10, "duration": 0.037333011627197266, "fun": "0.2889438490595072", "nit": "100", "nfev": "152", "status": "2", "success": "False", "message": "Maximum number of iterations has been exceeded.", "x": "[1.34662263 0.86287561 3.50901417 2.97300532 0.08018074 8.321705  ]", "final_simplex": "(array([[1.34662263, 0.86287561, 3.50901417, 2.97300532, 0.08018074,\n        8.321705  ],\n       [1.33739396, 0.87084003, 3.4624472 , 2.96871698, 0.09409231,\n        8.35318121],\n       [1.32784054, 0.88102629, 3.54038277, 3.10262106, 0.08860695,\n        8.38275924],\n       [1.27877034, 0.84431758, 3.49227262, 3.03085619, 0.13097602,\n        8.37631327],\n       [1.34379493, 0.86632078, 3.59524458, 3.04272137, 0.08354653,\n        8.36974839],\n       [1.26256715, 0.84435163, 3.53496527, 3.07764623, 0.14597956,\n        8.33791114],\n       [1.25816169, 0.85854116, 3.51641921, 3.03855789, 0.14797755,\n        8.40083778]]), array([0.28894385, 0.28907468, 0.28963566, 0.29031343, 0.29052165,\n       0.29143181, 0.29175905]))", "callback": [0.7841678997378789, 0.5831573098800205, 0.5054004134831604, 0.33127788205361897, 0.3166616146671489, 0.29765771165851695, 0.29692314357194627, 0.29523693164641873, 0.2917590456109952]}, "2": {"maxiter": 100, "fatol": 1e-10, "xatol": 1e-05, "duration": 0.035639047622680664, "fun": "0.2889438490595072", "nit": "100", "nfev": "152", "status": "2", "success": "False", "message": "Maximum number of iterations has been exceeded.", "x": "[1.34662263 0.86287561 3.50901417 2.97300532 0.08018074 8.321705  ]", "final_simplex": "(array([[1.34662263, 0.86287561, 3.50901417, 2.97300532, 0.08018074,\n        8.321705  ],\n       [1.33739396, 0.87084003, 3.4624472 , 2.96871698, 0.09409231,\n        8.35318121],\n       [1.32784054, 0.88102629, 3.54038277, 3.10262106, 0.08860695,\n        8.38275924],\n       [1.27877034, 0.84431758, 3.49227262, 3.03085619, 0.13097602,\n        8.37631327],\n       [1.34379493, 0.86632078, 3.59524458, 3.04272137, 0.08354653,\n        8.36974839],\n       [1.26256715, 0.84435163, 3.53496527, 3.07764623, 0.14597956,\n        8.33791114],\n       [1.25816169, 0.85854116, 3.51641921, 3.03855789, 0.14797755,\n        8.40083778]]), array([0.28894385, 0.28907468, 0.28963566, 0.29031343, 0.29052165,\n       0.29143181, 0.29175905]))", "callback": [0.7841678997378789, 0.5831573098800205, 0.5054004134831604, 0.33127788205361897, 0.3166616146671489, 0.29765771165851695, 0.29692314357194627, 0.29523693164641873, 0.2917590456109952]}, "3": {"maxiter": 100, "fatol": 1e-10, "xatol": 1e-10, "duration": 0.035284996032714844, "fun": "0.2889438490595072", "nit": "100", "nfev": "152", "status": "2", "success": "False", "message": "Maximum number of iterations has been exceeded.", "x": "[1.34662263 0.86287561 3.50901417 2.97300532 0.08018074 8.321705  ]", "final_simplex": "(array([[1.34662263, 0.86287561, 3.50901417, 2.97300532, 0.08018074,\n        8.321705  ],\n       [1.33739396, 0.87084003, 3.4624472 , 2.96871698, 0.09409231,\n        8.35318121],\n       [1.32784054, 0.88102629, 3.54038277, 3.10262106, 0.08860695,\n        8.38275924],\n       [1.27877034, 0.84431758, 3.49227262, 3.03085619, 0.13097602,\n        8.37631327],\n       [1.34379493, 0.86632078, 3.59524458, 3.04272137, 0.08354653,\n        8.36974839],\n       [1.26256715, 0.84435163, 3.53496527, 3.07764623, 0.14597956,\n        8.33791114],\n       [1.25816169, 0.85854116, 3.51641921, 3.03855789, 0.14797755,\n        8.40083778]]), array([0.28894385, 0.28907468, 0.28963566, 0.29031343, 0.29052165,\n       0.29143181, 0.29175905]))", "callback": [0.7841678997378789, 0.5831573098800205, 0.5054004134831604, 0.33127788205361897, 0.3166616146671489, 0.29765771165851695, 0.29692314357194627, 0.29523693164641873, 0.2917590456109952]}, "4": {"maxiter": 500, "fatol": 1e-05, "xatol": 1e-05, "duration": 0.17766284942626953, "fun": "0.27708413673613663", "nit": "500", "nfev": "774", "status": "2", "success": "False", "message": "Maximum number of iterations has been exceeded.", "x": "[1.40130535 0.82181717 3.4297833  2.88668479 1.2996043  9.48218493]", "final_simplex": "(array([[1.40130535, 0.82181717, 3.4297833 , 2.88668479, 1.2996043 ,\n        9.48218493],\n       [1.40130533, 0.82180146, 3.42977247, 2.88669606, 1.29955128,\n        9.48212972],\n       [1.40134646, 0.82184029, 3.42974747, 2.88671455, 1.29942388,\n        9.48198857],\n       [1.40131619, 0.821823  , 3.42977339, 2.88666666, 1.29946481,\n        9.48207136],\n       [1.40129058, 0.8218035 , 3.4297583 , 2.88666603, 1.29959573,\n        9.48219558],\n       [1.40133086, 0.82181872, 3.42976484, 2.88665142, 1.29957051,\n        9.48213917],\n       [1.40129289, 0.82180359, 3.42976512, 2.88666924, 1.29947718,\n        9.48204916]]), array([0.27708414, 0.27708414, 0.27708414, 0.27708414, 0.27708414,\n       0.27708414, 0.27708414]))", "callback": [0.7841678997378789, 0.5831573098800205, 0.5054004134831604, 0.33127788205361897, 0.3166616146671489, 0.29765771165851695, 0.29692314357194627, 0.29523693164641873, 0.2917590456109952, 0.2864701018075255, 0.285810394511533, 0.28507436343012804, 0.28493514193426084, 0.2848984045053009, 0.28488570112524414, 0.28487340130471583, 0.28484487643226686, 0.2848169175555353, 0.2847842773258854, 0.28470286038785453, 0.28464062045118066, 0.28461385700171427, 0.284581198280511, 0.2843560020216045, 0.28341737260353084, 0.28201880451256345, 0.2800072322680106, 0.2789394293601637, 0.27839383955672903, 0.27806761612753117, 0.2777359272775525, 0.277514936298792, 0.27735800135552713, 0.277267101093026, 0.277162238688467, 0.27713001152571415, 0.27710310936125004, 0.2770913904931894, 0.27708681560587867, 0.2770852207741742, 0.2770846748496969, 0.2770844568270636, 0.27708434996576303, 0.2770842625655435, 0.2770841847263785, 0.27708415206075854, 0.2770841415614883, 0.27708413932544884, 0.2770841369936471]}, "5": {"maxiter": 500, "fatol": 1e-05, "xatol": 1e-10, "duration": 0.18195128440856934, "fun": "0.27708413673613663", "nit": "500", "nfev": "774", "status": "2", "success": "False", "message": "Maximum number of iterations has been exceeded.", "x": "[1.40130535 0.82181717 3.4297833  2.88668479 1.2996043  9.48218493]", "final_simplex": "(array([[1.40130535, 0.82181717, 3.4297833 , 2.88668479, 1.2996043 ,\n        9.48218493],\n       [1.40130533, 0.82180146, 3.42977247, 2.88669606, 1.29955128,\n        9.48212972],\n       [1.40134646, 0.82184029, 3.42974747, 2.88671455, 1.29942388,\n        9.48198857],\n       [1.40131619, 0.821823  , 3.42977339, 2.88666666, 1.29946481,\n        9.48207136],\n       [1.40129058, 0.8218035 , 3.4297583 , 2.88666603, 1.29959573,\n        9.48219558],\n       [1.40133086, 0.82181872, 3.42976484, 2.88665142, 1.29957051,\n        9.48213917],\n       [1.40129289, 0.82180359, 3.42976512, 2.88666924, 1.29947718,\n        9.48204916]]), array([0.27708414, 0.27708414, 0.27708414, 0.27708414, 0.27708414,\n       0.27708414, 0.27708414]))", "callback": [0.7841678997378789, 0.5831573098800205, 0.5054004134831604, 0.33127788205361897, 0.3166616146671489, 0.29765771165851695, 0.29692314357194627, 0.29523693164641873, 0.2917590456109952, 0.2864701018075255, 0.285810394511533, 0.28507436343012804, 0.28493514193426084, 0.2848984045053009, 0.28488570112524414, 0.28487340130471583, 0.28484487643226686, 0.2848169175555353, 0.2847842773258854, 0.28470286038785453, 0.28464062045118066, 0.28461385700171427, 0.284581198280511, 0.2843560020216045, 0.28341737260353084, 0.28201880451256345, 0.2800072322680106, 0.2789394293601637, 0.27839383955672903, 0.27806761612753117, 0.2777359272775525, 0.277514936298792, 0.27735800135552713, 0.277267101093026, 0.277162238688467, 0.27713001152571415, 0.27710310936125004, 0.2770913904931894, 0.27708681560587867, 0.2770852207741742, 0.2770846748496969, 0.2770844568270636, 0.27708434996576303, 0.2770842625655435, 0.2770841847263785, 0.27708415206075854, 0.2770841415614883, 0.27708413932544884, 0.2770841369936471]}, "6": {"maxiter": 500, "fatol": 1e-10, "xatol": 1e-05, "duration": 0.17689800262451172, "fun": "0.27708413673613663", "nit": "500", "nfev": "774", "status": "2", "success": "False", "message": "Maximum number of iterations has been exceeded.", "x": "[1.40130535 0.82181717 3.4297833  2.88668479 1.2996043  9.48218493]", "final_simplex": "(array([[1.40130535, 0.82181717, 3.4297833 , 2.88668479, 1.2996043 ,\n        9.48218493],\n       [1.40130533, 0.82180146, 3.42977247, 2.88669606, 1.29955128,\n        9.48212972],\n       [1.40134646, 0.82184029, 3.42974747, 2.88671455, 1.29942388,\n        9.48198857],\n       [1.40131619, 0.821823  , 3.42977339, 2.88666666, 1.29946481,\n        9.48207136],\n       [1.40129058, 0.8218035 , 3.4297583 , 2.88666603, 1.29959573,\n        9.48219558],\n       [1.40133086, 0.82181872, 3.42976484, 2.88665142, 1.29957051,\n        9.48213917],\n       [1.40129289, 0.82180359, 3.42976512, 2.88666924, 1.29947718,\n        9.48204916]]), array([0.27708414, 0.27708414, 0.27708414, 0.27708414, 0.27708414,\n       0.27708414, 0.27708414]))", "callback": [0.7841678997378789, 0.5831573098800205, 0.5054004134831604, 0.33127788205361897, 0.3166616146671489, 0.29765771165851695, 0.29692314357194627, 0.29523693164641873, 0.2917590456109952, 0.2864701018075255, 0.285810394511533, 0.28507436343012804, 0.28493514193426084, 0.2848984045053009, 0.28488570112524414, 0.28487340130471583, 0.28484487643226686, 0.2848169175555353, 0.2847842773258854, 0.28470286038785453, 0.28464062045118066, 0.28461385700171427, 0.284581198280511, 0.2843560020216045, 0.28341737260353084, 0.28201880451256345, 0.2800072322680106, 0.2789394293601637, 0.27839383955672903, 0.27806761612753117, 0.2777359272775525, 0.277514936298792, 0.27735800135552713, 0.277267101093026, 0.277162238688467, 0.27713001152571415, 0.27710310936125004, 0.2770913904931894, 0.27708681560587867, 0.2770852207741742, 0.2770846748496969, 0.2770844568270636, 0.27708434996576303, 0.2770842625655435, 0.2770841847263785, 0.27708415206075854, 0.2770841415614883, 0.27708413932544884, 0.2770841369936471]}, "7": {"maxiter": 500, "fatol": 1e-10, "xatol": 1e-10, "duration": 0.17350006103515625, "fun": "0.27708413673613663", "nit": "500", "nfev": "774", "status": "2", "success": "False", "message": "Maximum number of iterations has been exceeded.", "x": "[1.40130535 0.82181717 3.4297833  2.88668479 1.2996043  9.48218493]", "final_simplex": "(array([[1.40130535, 0.82181717, 3.4297833 , 2.88668479, 1.2996043 ,\n        9.48218493],\n       [1.40130533, 0.82180146, 3.42977247, 2.88669606, 1.29955128,\n        9.48212972],\n       [1.40134646, 0.82184029, 3.42974747, 2.88671455, 1.29942388,\n        9.48198857],\n       [1.40131619, 0.821823  , 3.42977339, 2.88666666, 1.29946481,\n        9.48207136],\n       [1.40129058, 0.8218035 , 3.4297583 , 2.88666603, 1.29959573,\n        9.48219558],\n       [1.40133086, 0.82181872, 3.42976484, 2.88665142, 1.29957051,\n        9.48213917],\n       [1.40129289, 0.82180359, 3.42976512, 2.88666924, 1.29947718,\n        9.48204916]]), array([0.27708414, 0.27708414, 0.27708414, 0.27708414, 0.27708414,\n       0.27708414, 0.27708414]))", "callback": [0.7841678997378789, 0.5831573098800205, 0.5054004134831604, 0.33127788205361897, 0.3166616146671489, 0.29765771165851695, 0.29692314357194627, 0.29523693164641873, 0.2917590456109952, 0.2864701018075255, 0.285810394511533, 0.28507436343012804, 0.28493514193426084, 0.2848984045053009, 0.28488570112524414, 0.28487340130471583, 0.28484487643226686, 0.2848169175555353, 0.2847842773258854, 0.28470286038785453, 0.28464062045118066, 0.28461385700171427, 0.284581198280511, 0.2843560020216045, 0.28341737260353084, 0.28201880451256345, 0.2800072322680106, 0.2789394293601637, 0.27839383955672903, 0.27806761612753117, 0.2777359272775525, 0.277514936298792, 0.27735800135552713, 0.277267101093026, 0.277162238688467, 0.27713001152571415, 0.27710310936125004, 0.2770913904931894, 0.27708681560587867, 0.2770852207741742, 0.2770846748496969, 0.2770844568270636, 0.27708434996576303, 0.2770842625655435, 0.2770841847263785, 0.27708415206075854, 0.2770841415614883, 0.27708413932544884, 0.2770841369936471]}, "8": {"maxiter": 1000, "fatol": 1e-05, "xatol": 1e-05, "duration": 0.23798680305480957, "fun": "0.27708413660619613", "nit": "534", "nfev": "832", "status": "0", "success": "True", "message": "Optimization terminated successfully.", "x": "[1.40132853 0.82182883 3.42976791 2.88669783 1.2995342  9.48211585]", "final_simplex": "(array([[1.40132853, 0.82182883, 3.42976791, 2.88669783, 1.2995342 ,\n        9.48211585],\n       [1.40132624, 0.82182697, 3.4297668 , 2.88669769, 1.29953093,\n        9.48211098],\n       [1.40132669, 0.8218282 , 3.42976857, 2.88669939, 1.29952756,\n        9.48211064],\n       [1.40132708, 0.82182808, 3.42976913, 2.88669839, 1.29953433,\n        9.48211421],\n       [1.40132586, 0.8218269 , 3.42976882, 2.88669694, 1.29954246,\n        9.48212585],\n       [1.40132891, 0.82182881, 3.42976806, 2.88670059, 1.2995311 ,\n        9.48211261],\n       [1.40132862, 0.82182762, 3.42976874, 2.88669953, 1.29952509,\n        9.48210597]]), array([0.27708414, 0.27708414, 0.27708414, 0.27708414, 0.27708414,\n       0.27708414, 0.27708414]))", "callback": [0.7841678997378789, 0.5831573098800205, 0.5054004134831604, 0.33127788205361897, 0.3166616146671489, 0.29765771165851695, 0.29692314357194627, 0.29523693164641873, 0.2917590456109952, 0.2864701018075255, 0.285810394511533, 0.28507436343012804, 0.28493514193426084, 0.2848984045053009, 0.28488570112524414, 0.28487340130471583, 0.28484487643226686, 0.2848169175555353, 0.2847842773258854, 0.28470286038785453, 0.28464062045118066, 0.28461385700171427, 0.284581198280511, 0.2843560020216045, 0.28341737260353084, 0.28201880451256345, 0.2800072322680106, 0.2789394293601637, 0.27839383955672903, 0.27806761612753117, 0.2777359272775525, 0.277514936298792, 0.27735800135552713, 0.277267101093026, 0.277162238688467, 0.27713001152571415, 0.27710310936125004, 0.2770913904931894, 0.27708681560587867, 0.2770852207741742, 0.2770846748496969, 0.2770844568270636, 0.27708434996576303, 0.2770842625655435, 0.2770841847263785, 0.27708415206075854, 0.2770841415614883, 0.27708413932544884, 0.2770841369936471, 0.27708413673613663, 0.277084136632884, 0.2770841366108754, 0.27708413660661935]}, "9": {"maxiter": 1000, "fatol": 1e-05, "xatol": 1e-10, "duration": 0.25235819816589355, "fun": "0.27708413660484943", "nit": "663", "nfev": "1088", "status": "0", "success": "True", "message": "Optimization terminated successfully.", "x": "[1.40132564 0.82182944 3.42976702 2.88669811 1.29953686 9.48211776]", "final_simplex": "(array([[1.40132564, 0.82182944, 3.42976702, 2.88669811, 1.29953686,\n        9.48211776],\n       [1.40132564, 0.82182944, 3.42976702, 2.88669811, 1.29953686,\n        9.48211776],\n       [1.40132564, 0.82182944, 3.42976702, 2.88669811, 1.29953686,\n        9.48211776],\n       [1.40132564, 0.82182944, 3.42976702, 2.88669811, 1.29953686,\n        9.48211776],\n       [1.40132564, 0.82182944, 3.42976702, 2.88669811, 1.29953686,\n        9.48211776],\n       [1.40132564, 0.82182944, 3.42976702, 2.88669811, 1.29953686,\n        9.48211776],\n       [1.40132564, 0.82182944, 3.42976702, 2.88669811, 1.29953686,\n        9.48211776]]), array([0.27708414, 0.27708414, 0.27708414, 0.27708414, 0.27708414,\n       0.27708414, 0.27708414]))", "callback": [0.7841678997378789, 0.5831573098800205, 0.5054004134831604, 0.33127788205361897, 0.3166616146671489, 0.29765771165851695, 0.29692314357194627, 0.29523693164641873, 0.2917590456109952, 0.2864701018075255, 0.285810394511533, 0.28507436343012804, 0.28493514193426084, 0.2848984045053009, 0.28488570112524414, 0.28487340130471583, 0.28484487643226686, 0.2848169175555353, 0.2847842773258854, 0.28470286038785453, 0.28464062045118066, 0.28461385700171427, 0.284581198280511, 0.2843560020216045, 0.28341737260353084, 0.28201880451256345, 0.2800072322680106, 0.2789394293601637, 0.27839383955672903, 0.27806761612753117, 0.2777359272775525, 0.277514936298792, 0.27735800135552713, 0.277267101093026, 0.277162238688467, 0.27713001152571415, 0.27710310936125004, 0.2770913904931894, 0.27708681560587867, 0.2770852207741742, 0.2770846748496969, 0.2770844568270636, 0.27708434996576303, 0.2770842625655435, 0.2770841847263785, 0.27708415206075854, 0.2770841415614883, 0.27708413932544884, 0.2770841369936471, 0.27708413673613663, 0.277084136632884, 0.2770841366108754, 0.27708413660661935, 0.2770841366055664, 0.27708413660524334, 0.27708413660503217, 0.2770841366049107, 0.27708413660486686, 0.27708413660485887, 0.27708413660485276, 0.27708413660485043, 0.2770841366048499, 0.27708413660484954, 0.27708413660484954, 0.27708413660484943, 0.27708413660484943]}, "10": {"maxiter": 1000, "fatol": 1e-10, "xatol": 1e-05, "duration": 0.199995756149292, "fun": "0.27708413660619613", "nit": "534", "nfev": "832", "status": "0", "success": "True", "message": "Optimization terminated successfully.", "x": "[1.40132853 0.82182883 3.42976791 2.88669783 1.2995342  9.48211585]", "final_simplex": "(array([[1.40132853, 0.82182883, 3.42976791, 2.88669783, 1.2995342 ,\n        9.48211585],\n       [1.40132624, 0.82182697, 3.4297668 , 2.88669769, 1.29953093,\n        9.48211098],\n       [1.40132669, 0.8218282 , 3.42976857, 2.88669939, 1.29952756,\n        9.48211064],\n       [1.40132708, 0.82182808, 3.42976913, 2.88669839, 1.29953433,\n        9.48211421],\n       [1.40132586, 0.8218269 , 3.42976882, 2.88669694, 1.29954246,\n        9.48212585],\n       [1.40132891, 0.82182881, 3.42976806, 2.88670059, 1.2995311 ,\n        9.48211261],\n       [1.40132862, 0.82182762, 3.42976874, 2.88669953, 1.29952509,\n        9.48210597]]), array([0.27708414, 0.27708414, 0.27708414, 0.27708414, 0.27708414,\n       0.27708414, 0.27708414]))", "callback": [0.7841678997378789, 0.5831573098800205, 0.5054004134831604, 0.33127788205361897, 0.3166616146671489, 0.29765771165851695, 0.29692314357194627, 0.29523693164641873, 0.2917590456109952, 0.2864701018075255, 0.285810394511533, 0.28507436343012804, 0.28493514193426084, 0.2848984045053009, 0.28488570112524414, 0.28487340130471583, 0.28484487643226686, 0.2848169175555353, 0.2847842773258854, 0.28470286038785453, 0.28464062045118066, 0.28461385700171427, 0.284581198280511, 0.2843560020216045, 0.28341737260353084, 0.28201880451256345, 0.2800072322680106, 0.2789394293601637, 0.27839383955672903, 0.27806761612753117, 0.2777359272775525, 0.277514936298792, 0.27735800135552713, 0.277267101093026, 0.277162238688467, 0.27713001152571415, 0.27710310936125004, 0.2770913904931894, 0.27708681560587867, 0.2770852207741742, 0.2770846748496969, 0.2770844568270636, 0.27708434996576303, 0.2770842625655435, 0.2770841847263785, 0.27708415206075854, 0.2770841415614883, 0.27708413932544884, 0.2770841369936471, 0.27708413673613663, 0.277084136632884, 0.2770841366108754, 0.27708413660661935]}, "11": {"maxiter": 1000, "fatol": 1e-10, "xatol": 1e-10, "duration": 0.2478923797607422, "fun": "0.27708413660484943", "nit": "663", "nfev": "1088", "status": "0", "success": "True", "message": "Optimization terminated successfully.", "x": "[1.40132564 0.82182944 3.42976702 2.88669811 1.29953686 9.48211776]", "final_simplex": "(array([[1.40132564, 0.82182944, 3.42976702, 2.88669811, 1.29953686,\n        9.48211776],\n       [1.40132564, 0.82182944, 3.42976702, 2.88669811, 1.29953686,\n        9.48211776],\n       [1.40132564, 0.82182944, 3.42976702, 2.88669811, 1.29953686,\n        9.48211776],\n       [1.40132564, 0.82182944, 3.42976702, 2.88669811, 1.29953686,\n        9.48211776],\n       [1.40132564, 0.82182944, 3.42976702, 2.88669811, 1.29953686,\n        9.48211776],\n       [1.40132564, 0.82182944, 3.42976702, 2.88669811, 1.29953686,\n        9.48211776],\n       [1.40132564, 0.82182944, 3.42976702, 2.88669811, 1.29953686,\n        9.48211776]]), array([0.27708414, 0.27708414, 0.27708414, 0.27708414, 0.27708414,\n       0.27708414, 0.27708414]))", "callback": [0.7841678997378789, 0.5831573098800205, 0.5054004134831604, 0.33127788205361897, 0.3166616146671489, 0.29765771165851695, 0.29692314357194627, 0.29523693164641873, 0.2917590456109952, 0.2864701018075255, 0.285810394511533, 0.28507436343012804, 0.28493514193426084, 0.2848984045053009, 0.28488570112524414, 0.28487340130471583, 0.28484487643226686, 0.2848169175555353, 0.2847842773258854, 0.28470286038785453, 0.28464062045118066, 0.28461385700171427, 0.284581198280511, 0.2843560020216045, 0.28341737260353084, 0.28201880451256345, 0.2800072322680106, 0.2789394293601637, 0.27839383955672903, 0.27806761612753117, 0.2777359272775525, 0.277514936298792, 0.27735800135552713, 0.277267101093026, 0.277162238688467, 0.27713001152571415, 0.27710310936125004, 0.2770913904931894, 0.27708681560587867, 0.2770852207741742, 0.2770846748496969, 0.2770844568270636, 0.27708434996576303, 0.2770842625655435, 0.2770841847263785, 0.27708415206075854, 0.2770841415614883, 0.27708413932544884, 0.2770841369936471, 0.27708413673613663, 0.277084136632884, 0.2770841366108754, 0.27708413660661935, 0.2770841366055664, 0.27708413660524334, 0.27708413660503217, 0.2770841366049107, 0.27708413660486686, 0.27708413660485887, 0.27708413660485276, 0.27708413660485043, 0.2770841366048499, 0.27708413660484954, 0.27708413660484954, 0.27708413660484943, 0.27708413660484943]}}, "bfgs": {"type": "gradient", "0": {"maxiter": 100, "gtol": 1e-05, "xrtol": 1e-05, "eps": 1e-05, "duration": 0.04679584503173828, "fun": "0.2770841369473859", "jac": "[ 3.40500961e-06  1.15394361e-06 -1.01305631e-06 -1.71118675e-07\n  5.49693624e-07  3.78697074e-08]", "hess_inv": "[[ 3.62108804  0.18599772  0.15796405 -0.86482959 -5.53198141 -5.52231915]\n [ 0.18599772  3.41902019 -0.64450764 -0.97819814 -0.5105155  -1.27869701]\n [ 0.15796405 -0.64450764  3.35268673 -0.71192992  0.75253927  1.80037657]\n [-0.86482959 -0.97819814 -0.71192992  3.76275599  1.79326432  1.92362341]\n [-5.53198141 -0.5105155   0.75253927  1.79326432 49.64225659 48.18140048]\n [-5.52231915 -1.27869701  1.80037657  1.92362341 48.18140048 50.34855392]]", "nfev": "203", "njev": "29", "status": "0", "success": "True", "message": "Optimization terminated successfully.", "x": "[ 1.40135034  0.82183095  3.42975155  3.39647665 -1.84224507  6.34033027]", "nit": "23", "callback": [0.2774192220888704, 0.2770865085800064]}, "1": {"maxiter": 100, "gtol": 1e-05, "xrtol": 1e-05, "eps": 1e-10, "duration": 0.047107696533203125, "fun": "0.2770841366242638", "jac": "[ 3.33066880e-06  0.00000000e+00  1.11022293e-06 -1.11022293e-06\n  1.11022293e-06 -1.11022293e-06]", "hess_inv": "[[ 3.66702261  0.22264221  0.16433386 -0.89600871 -5.83139582 -5.81930423]\n [ 0.22264221  3.4238484  -0.67148893 -0.97376031 -0.77217702 -1.54204844]\n [ 0.16433386 -0.67148893  3.31516008 -0.68135681  0.68778582  1.73077721]\n [-0.89600871 -0.97376031 -0.68135681  3.75030729  2.01201524  2.14590583]\n [-5.83139582 -0.77217702  0.68778582  2.01201524 51.55979442 50.07726688]\n [-5.81930423 -1.54204844  1.73077721  2.14590583 50.07726688 52.22176288]]", "nfev": "203", "njev": "29", "status": "0", "success": "True", "message": "Optimization terminated successfully.", "x": "[ 1.40132449  0.82183058  3.42976674  3.39648737 -1.84201188  6.34056506]", "nit": "23", "callback": [0.27741931148488697, 0.2770864688971849]}, "2": {"maxiter": 100, "gtol": 1e-05, "xrtol": 1e-10, "eps": 1e-05, "duration": 0.046547889709472656, "fun": "0.2770841369473859", "jac": "[ 3.40500961e-06  1.15394361e-06 -1.01305631e-06 -1.71118675e-07\n  5.49693624e-07  3.78697074e-08]", "hess_inv": "[[ 3.62108804  0.18599772  0.15796405 -0.86482959 -5.53198141 -5.52231915]\n [ 0.18599772  3.41902019 -0.64450764 -0.97819814 -0.5105155  -1.27869701]\n [ 0.15796405 -0.64450764  3.35268673 -0.71192992  0.75253927  1.80037657]\n [-0.86482959 -0.97819814 -0.71192992  3.76275599  1.79326432  1.92362341]\n [-5.53198141 -0.5105155   0.75253927  1.79326432 49.64225659 48.18140048]\n [-5.52231915 -1.27869701  1.80037657  1.92362341 48.18140048 50.34855392]]", "nfev": "203", "njev": "29", "status": "0", "success": "True", "message": "Optimization terminated successfully.", "x": "[ 1.40135034  0.82183095  3.42975155  3.39647665 -1.84224507  6.34033027]", "nit": "23", "callback": [0.2774192220888704, 0.2770865085800064]}, "3": {"maxiter": 100, "gtol": 1e-05, "xrtol": 1e-10, "eps": 1e-10, "duration": 0.048197031021118164, "fun": "0.2770841366242638", "jac": "[ 3.33066880e-06  0.00000000e+00  1.11022293e-06 -1.11022293e-06\n  1.11022293e-06 -1.11022293e-06]", "hess_inv": "[[ 3.66702261  0.22264221  0.16433386 -0.89600871 -5.83139582 -5.81930423]\n [ 0.22264221  3.4238484  -0.67148893 -0.97376031 -0.77217702 -1.54204844]\n [ 0.16433386 -0.67148893  3.31516008 -0.68135681  0.68778582  1.73077721]\n [-0.89600871 -0.97376031 -0.68135681  3.75030729  2.01201524  2.14590583]\n [-5.83139582 -0.77217702  0.68778582  2.01201524 51.55979442 50.07726688]\n [-5.81930423 -1.54204844  1.73077721  2.14590583 50.07726688 52.22176288]]", "nfev": "203", "njev": "29", "status": "0", "success": "True", "message": "Optimization terminated successfully.", "x": "[ 1.40132449  0.82183058  3.42976674  3.39648737 -1.84201188  6.34056506]", "nit": "23", "callback": [0.27741931148488697, 0.2770864688971849]}, "4": {"maxiter": 100, "gtol": 1e-10, "xrtol": 1e-05, "eps": 1e-05, "duration": 0.050399065017700195, "fun": "0.2770841369454743", "jac": "[ 2.67085243e-06  9.23350285e-07 -7.57416352e-07 -1.15263354e-07\n  4.37305747e-07  4.52082816e-08]", "hess_inv": "[[ 3.90337507  0.35200735  0.08241218 -0.97454647 -5.47752184 -5.54119187]\n [ 0.35200735  3.51104133 -0.69635308 -1.03305914 -0.38006448 -1.1949319 ]\n [ 0.08241218 -0.69635308  3.36310375 -0.66978883  0.86810883  1.93086549]\n [-0.97454647 -1.03305914 -0.66978883  3.78874996  1.6024938   1.76748974]\n [-5.47752184 -0.38006448  0.86810883  1.6024938  47.92509507 46.51258249]\n [-5.54119187 -1.1949319   1.93086549  1.76748974 46.51258249 48.74486931]]", "nfev": "217", "njev": "31", "status": "0", "success": "True", "message": "Optimization terminated successfully.", "x": "[ 1.40134788  0.82182958  3.42975231  3.39647747 -1.8422469   6.34032912]", "nit": "24", "callback": [0.2774192220888704, 0.2770865085800064]}, "5": {"maxiter": 100, "gtol": 1e-10, "xrtol": 1e-05, "eps": 1e-10, "duration": 0.06409406661987305, "fun": "0.2770841366242638", "jac": "[ 3.33066880e-06 -1.11022293e-06  1.11022293e-06  0.00000000e+00\n  1.11022293e-06  0.00000000e+00]", "hess_inv": "[[ 4.01471759  0.32395901  0.21930228 -1.09745463 -6.54348614 -6.59993411]\n [ 0.32395901  3.40876438 -0.61664309 -1.03932426 -0.79476727 -1.59232859]\n [ 0.21930228 -0.61664309  3.29005229 -0.70722987  0.41425464  1.45312825]\n [-1.09745463 -1.03932426 -0.70722987  3.86596406  2.45303392  2.62544715]\n [-6.54348614 -0.79476727  0.41425464  2.45303392 52.25167509 50.94151105]\n [-6.59993411 -1.59232859  1.45312825  2.62544715 50.94151105 53.27054616]]", "nfev": "280", "njev": "40", "status": "0", "success": "True", "message": "Optimization terminated successfully.", "x": "[ 1.40132449  0.82183058  3.42976674  3.39648737 -1.84201188  6.34056506]", "nit": "24", "callback": [0.27741931148488697, 0.2770864688971849]}, "6": {"maxiter": 100, "gtol": 1e-10, "xrtol": 1e-10, "eps": 1e-05, "duration": 0.09481000900268555, "fun": "0.2770841369454743", "jac": "[ 2.67085243e-06  9.23350285e-07 -7.57416352e-07 -1.15263354e-07\n  4.37305747e-07  4.52082816e-08]", "hess_inv": "[[ 3.85240565  0.39005059  0.18976334 -0.93602333 -4.39445048 -4.42671602]\n [ 0.39005059  3.56918979 -0.65713037 -1.03383211  0.27229049 -0.54367393]\n [ 0.18976334 -0.65713037  3.30159134 -0.71233909  0.60142196  1.62884734]\n [-0.93602333 -1.03383211 -0.71233909  3.76868019  1.25617477  1.40465867]\n [-4.39445048  0.27229049  0.60142196  1.25617477 49.56616577 47.86344998]\n [-4.42671602 -0.54367393  1.62884734  1.40465867 47.86344998 49.79195227]]", "nfev": "411", "njev": "57", "status": "2", "success": "False", "message": "Desired error not necessarily achieved due to precision loss.", "x": "[ 1.40134788  0.82182958  3.42975231  3.39647747 -1.8422469   6.34032912]", "nit": "24", "callback": [0.2774192220888704, 0.2770865085800064]}, "7": {"maxiter": 100, "gtol": 1e-10, "xrtol": 1e-10, "eps": 1e-10, "duration": 0.06422805786132812, "fun": "0.2770841366242638", "jac": "[ 3.33066880e-06 -1.11022293e-06  1.11022293e-06  0.00000000e+00\n  1.11022293e-06  0.00000000e+00]", "hess_inv": "[[ 4.01471759  0.32395901  0.21930228 -1.09745463 -6.54348614 -6.59993411]\n [ 0.32395901  3.40876438 -0.61664309 -1.03932426 -0.79476727 -1.59232859]\n [ 0.21930228 -0.61664309  3.29005229 -0.70722987  0.41425464  1.45312825]\n [-1.09745463 -1.03932426 -0.70722987  3.86596406  2.45303392  2.62544715]\n [-6.54348614 -0.79476727  0.41425464  2.45303392 52.25167509 50.94151105]\n [-6.59993411 -1.59232859  1.45312825  2.62544715 50.94151105 53.27054616]]", "nfev": "280", "njev": "40", "status": "0", "success": "True", "message": "Optimization terminated successfully.", "x": "[ 1.40132449  0.82183058  3.42976674  3.39648737 -1.84201188  6.34056506]", "nit": "24", "callback": [0.27741931148488697, 0.2770864688971849]}, "8": {"maxiter": 500, "gtol": 1e-05, "xrtol": 1e-05, "eps": 1e-05, "duration": 0.04632401466369629, "fun": "0.2770841369473859", "jac": "[ 3.40500961e-06  1.15394361e-06 -1.01305631e-06 -1.71118675e-07\n  5.49693624e-07  3.78697074e-08]", "hess_inv": "[[ 3.62108804  0.18599772  0.15796405 -0.86482959 -5.53198141 -5.52231915]\n [ 0.18599772  3.41902019 -0.64450764 -0.97819814 -0.5105155  -1.27869701]\n [ 0.15796405 -0.64450764  3.35268673 -0.71192992  0.75253927  1.80037657]\n [-0.86482959 -0.97819814 -0.71192992  3.76275599  1.79326432  1.92362341]\n [-5.53198141 -0.5105155   0.75253927  1.79326432 49.64225659 48.18140048]\n [-5.52231915 -1.27869701  1.80037657  1.92362341 48.18140048 50.34855392]]", "nfev": "203", "njev": "29", "status": "0", "success": "True", "message": "Optimization terminated successfully.", "x": "[ 1.40135034  0.82183095  3.42975155  3.39647665 -1.84224507  6.34033027]", "nit": "23", "callback": [0.2774192220888704, 0.2770865085800064]}, "9": {"maxiter": 500, "gtol": 1e-05, "xrtol": 1e-05, "eps": 1e-10, "duration": 0.046811819076538086, "fun": "0.2770841366242638", "jac": "[ 3.33066880e-06  0.00000000e+00  1.11022293e-06 -1.11022293e-06\n  1.11022293e-06 -1.11022293e-06]", "hess_inv": "[[ 3.66702261  0.22264221  0.16433386 -0.89600871 -5.83139582 -5.81930423]\n [ 0.22264221  3.4238484  -0.67148893 -0.97376031 -0.77217702 -1.54204844]\n [ 0.16433386 -0.67148893  3.31516008 -0.68135681  0.68778582  1.73077721]\n [-0.89600871 -0.97376031 -0.68135681  3.75030729  2.01201524  2.14590583]\n [-5.83139582 -0.77217702  0.68778582  2.01201524 51.55979442 50.07726688]\n [-5.81930423 -1.54204844  1.73077721  2.14590583 50.07726688 52.22176288]]", "nfev": "203", "njev": "29", "status": "0", "success": "True", "message": "Optimization terminated successfully.", "x": "[ 1.40132449  0.82183058  3.42976674  3.39648737 -1.84201188  6.34056506]", "nit": "23", "callback": [0.27741931148488697, 0.2770864688971849]}, "10": {"maxiter": 500, "gtol": 1e-05, "xrtol": 1e-10, "eps": 1e-05, "duration": 0.04709601402282715, "fun": "0.2770841369473859", "jac": "[ 3.40500961e-06  1.15394361e-06 -1.01305631e-06 -1.71118675e-07\n  5.49693624e-07  3.78697074e-08]", "hess_inv": "[[ 3.62108804  0.18599772  0.15796405 -0.86482959 -5.53198141 -5.52231915]\n [ 0.18599772  3.41902019 -0.64450764 -0.97819814 -0.5105155  -1.27869701]\n [ 0.15796405 -0.64450764  3.35268673 -0.71192992  0.75253927  1.80037657]\n [-0.86482959 -0.97819814 -0.71192992  3.76275599  1.79326432  1.92362341]\n [-5.53198141 -0.5105155   0.75253927  1.79326432 49.64225659 48.18140048]\n [-5.52231915 -1.27869701  1.80037657  1.92362341 48.18140048 50.34855392]]", "nfev": "203", "njev": "29", "status": "0", "success": "True", "message": "Optimization terminated successfully.", "x": "[ 1.40135034  0.82183095  3.42975155  3.39647665 -1.84224507  6.34033027]", "nit": "23", "callback": [0.2774192220888704, 0.2770865085800064]}, "11": {"maxiter": 500, "gtol": 1e-05, "xrtol": 1e-10, "eps": 1e-10, "duration": 0.04755139350891113, "fun": "0.2770841366242638", "jac": "[ 3.33066880e-06  0.00000000e+00  1.11022293e-06 -1.11022293e-06\n  1.11022293e-06 -1.11022293e-06]", "hess_inv": "[[ 3.66702261  0.22264221  0.16433386 -0.89600871 -5.83139582 -5.81930423]\n [ 0.22264221  3.4238484  -0.67148893 -0.97376031 -0.77217702 -1.54204844]\n [ 0.16433386 -0.67148893  3.31516008 -0.68135681  0.68778582  1.73077721]\n [-0.89600871 -0.97376031 -0.68135681  3.75030729  2.01201524  2.14590583]\n [-5.83139582 -0.77217702  0.68778582  2.01201524 51.55979442 50.07726688]\n [-5.81930423 -1.54204844  1.73077721  2.14590583 50.07726688 52.22176288]]", "nfev": "203", "njev": "29", "status": "0", "success": "True", "message": "Optimization terminated successfully.", "x": "[ 1.40132449  0.82183058  3.42976674  3.39648737 -1.84201188  6.34056506]", "nit": "23", "callback": [0.27741931148488697, 0.2770864688971849]}, "12": {"maxiter": 500, "gtol": 1e-10, "xrtol": 1e-05, "eps": 1e-05, "duration": 0.04880571365356445, "fun": "0.2770841369454743", "jac": "[ 2.67085243e-06  9.23350285e-07 -7.57416352e-07 -1.15263354e-07\n  4.37305747e-07  4.52082816e-08]", "hess_inv": "[[ 3.90337507  0.35200735  0.08241218 -0.97454647 -5.47752184 -5.54119187]\n [ 0.35200735  3.51104133 -0.69635308 -1.03305914 -0.38006448 -1.1949319 ]\n [ 0.08241218 -0.69635308  3.36310375 -0.66978883  0.86810883  1.93086549]\n [-0.97454647 -1.03305914 -0.66978883  3.78874996  1.6024938   1.76748974]\n [-5.47752184 -0.38006448  0.86810883  1.6024938  47.92509507 46.51258249]\n [-5.54119187 -1.1949319   1.93086549  1.76748974 46.51258249 48.74486931]]", "nfev": "217", "njev": "31", "status": "0", "success": "True", "message": "Optimization terminated successfully.", "x": "[ 1.40134788  0.82182958  3.42975231  3.39647747 -1.8422469   6.34032912]", "nit": "24", "callback": [0.2774192220888704, 0.2770865085800064]}, "13": {"maxiter": 500, "gtol": 1e-10, "xrtol": 1e-05, "eps": 1e-10, "duration": 0.06622505187988281, "fun": "0.2770841366242638", "jac": "[ 3.33066880e-06 -1.11022293e-06  1.11022293e-06  0.00000000e+00\n  1.11022293e-06  0.00000000e+00]", "hess_inv": "[[ 4.01471759  0.32395901  0.21930228 -1.09745463 -6.54348614 -6.59993411]\n [ 0.32395901  3.40876438 -0.61664309 -1.03932426 -0.79476727 -1.59232859]\n [ 0.21930228 -0.61664309  3.29005229 -0.70722987  0.41425464  1.45312825]\n [-1.09745463 -1.03932426 -0.70722987  3.86596406  2.45303392  2.62544715]\n [-6.54348614 -0.79476727  0.41425464  2.45303392 52.25167509 50.94151105]\n [-6.59993411 -1.59232859  1.45312825  2.62544715 50.94151105 53.27054616]]", "nfev": "280", "njev": "40", "status": "0", "success": "True", "message": "Optimization terminated successfully.", "x": "[ 1.40132449  0.82183058  3.42976674  3.39648737 -1.84201188  6.34056506]", "nit": "24", "callback": [0.27741931148488697, 0.2770864688971849]}, "14": {"maxiter": 500, "gtol": 1e-10, "xrtol": 1e-10, "eps": 1e-05, "duration": 0.09407901763916016, "fun": "0.2770841369454743", "jac": "[ 2.67085243e-06  9.23350285e-07 -7.57416352e-07 -1.15263354e-07\n  4.37305747e-07  4.52082816e-08]", "hess_inv": "[[ 3.85240565  0.39005059  0.18976334 -0.93602333 -4.39445048 -4.42671602]\n [ 0.39005059  3.56918979 -0.65713037 -1.03383211  0.27229049 -0.54367393]\n [ 0.18976334 -0.65713037  3.30159134 -0.71233909  0.60142196  1.62884734]\n [-0.93602333 -1.03383211 -0.71233909  3.76868019  1.25617477  1.40465867]\n [-4.39445048  0.27229049  0.60142196  1.25617477 49.56616577 47.86344998]\n [-4.42671602 -0.54367393  1.62884734  1.40465867 47.86344998 49.79195227]]", "nfev": "411", "njev": "57", "status": "2", "success": "False", "message": "Desired error not necessarily achieved due to precision loss.", "x": "[ 1.40134788  0.82182958  3.42975231  3.39647747 -1.8422469   6.34032912]", "nit": "24", "callback": [0.2774192220888704, 0.2770865085800064]}, "15": {"maxiter": 500, "gtol": 1e-10, "xrtol": 1e-10, "eps": 1e-10, "duration": 0.06348514556884766, "fun": "0.2770841366242638", "jac": "[ 3.33066880e-06 -1.11022293e-06  1.11022293e-06  0.00000000e+00\n  1.11022293e-06  0.00000000e+00]", "hess_inv": "[[ 4.01471759  0.32395901  0.21930228 -1.09745463 -6.54348614 -6.59993411]\n [ 0.32395901  3.40876438 -0.61664309 -1.03932426 -0.79476727 -1.59232859]\n [ 0.21930228 -0.61664309  3.29005229 -0.70722987  0.41425464  1.45312825]\n [-1.09745463 -1.03932426 -0.70722987  3.86596406  2.45303392  2.62544715]\n [-6.54348614 -0.79476727  0.41425464  2.45303392 52.25167509 50.94151105]\n [-6.59993411 -1.59232859  1.45312825  2.62544715 50.94151105 53.27054616]]", "nfev": "280", "njev": "40", "status": "0", "success": "True", "me