{"date": "2024/09/24/, 05:38:28", "conf_id": 287, "data_type": "var_s_rank\n", "num_data_points": 3, "s_rank": 0, "unitary": "[[0.18663085-0.53122324j,-0.11886349-0.70040876j,0.28555095-0.02789305j,-0.12262021-0.2844587j],[-0.16702216+0.27758472j,0.27526351-0.29738586j,-0.01109314+0.22495461j,-0.77239203+0.28900673j],[0.61935415+0.12301792j,-0.31269928-0.03315917j,-0.61902762-0.19039079j,-0.27120731-0.0968989j],[0.42341754+0.0023929j,-0.05847358+0.47832119j,0.64900495-0.16218422j,-0.37182676-0.05229966j]]", "databatch_0": {"databatch": "[[[0.05157325+0.01060778j,0.32194117+0.15781761j,-0.13945106+0.0976211j,-0.15633334-0.1686266j],[0.20105438-0.05075956j,-0.06678339+0.14463757j,-0.11222626-0.09779047j,0.34453036-0.12965981j],[-0.15929972-0.19225368j,-0.27067728+0.13598631j,-0.02342045-0.05875809j,0.07198878-0.31958987j],[0.1899203+0.31630932j,0.1909816+0.23611961j,-0.10160099-0.08312811j,0.08560701+0.20602634j]],[[0.04534425+0.02160535j,0.22764366-0.12489393j,0.00956723+0.0625949j,0.36476062-0.28313514j],[0.00312252-0.04749614j,-0.05734694-0.17187805j,0.03261516+0.0173578j,-0.11263591-0.28561915j],[0.06370833+0.06918737j,0.0399928-0.07865292j,0.06118144-0.03099117j,-0.07069452-0.16912462j],[-0.0209024+0.11274423j,0.25489446+0.27426545j,-0.05169519+0.03379037j,0.4876562+0.36360071j]],[[-0.41521012+0.04650409j,0.0162507+0.2122832j,0.37089014-0.59016891j,0.07034842-0.28040393j],[0.10715835+0.03275488j,-0.01243241-0.0629541j,-0.07769872+0.02736317j,-0.01677815+0.02838023j],[0.08817339-0.07179217j,-0.05452629-0.06049593j,0.07605682+0.15413527j,0.05513642+0.05900967j],[0.14710024+0.07820221j,0.05488651-0.10040861j,-0.19441504+0.19083169j,-0.06043951+0.10857181j]]]", "initial param values": "[2.45463338,0.16961463,6.07738748,0.86631424,6.01698759,2.17170463]", "nelder_mead": {"type": "gradient-free", "0": {"maxiter": 100, "fatol": 1e-05, "xatol": 1e-05, "duration": 0.03799891471862793, "fun": "0.36684668676105225", "nit": "100", "nfev": "154", "status": "2", "success": "False", "message": "Maximum number of iterations has been exceeded.", "x": "[1.10892885 0.14486962 3.22364084 2.31607138 7.65239069 4.3981732 ]", "final_simplex": "(array([[1.10892885, 0.14486962, 3.22364084, 2.31607138, 7.65239069,\n        4.3981732 ],\n       [0.79633854, 0.15398389, 3.53919023, 2.29720557, 7.51686986,\n        4.17170831],\n       [0.73214582, 0.14168853, 3.36928048, 2.35210875, 7.79117402,\n        4.29537622],\n       [0.97060028, 0.16238169, 3.37819727, 2.06191194, 7.45498302,\n        4.03047975],\n       [0.87147014, 0.15166962, 3.44737699, 2.19332673, 7.44575835,\n        4.24115491],\n       [1.15774505, 0.15412169, 3.51117109, 2.04683452, 7.73350251,\n        4.24317664],\n       [0.76143216, 0.15021057, 3.23260545, 2.31929371, 7.80325662,\n        4.47050597]]), array([0.36684669, 0.36712609, 0.37521767, 0.38177013, 0.3828107 ,\n       0.38560057, 0.38880943]))", "callback": [0.6431927560885105, 0.6312028521710624, 0.6166974778391296, 0.5673618871429553, 0.5401497572283285, 0.4765914337242546, 0.4564488695027187, 0.4253830684998524, 0.3817701284452115]}, "1": {"maxiter": 100, "fatol": 1e-05, "xatol": 1e-10, "duration": 0.03645515441894531, "fun": "0.36684668676105225", "nit": "100", "nfev": "154", "status": "2", "success": "False", "message": "Maximum number of iterations has been exceeded.", "x": "[1.10892885 0.14486962 3.22364084 2.31607138 7.65239069 4.3981732 ]", "final_simplex": "(array([[1.10892885, 0.14486962, 3.22364084, 2.31607138, 7.65239069,\n        4.3981732 ],\n       [0.79633854, 0.15398389, 3.53919023, 2.29720557, 7.51686986,\n        4.17170831],\n       [0.73214582, 0.14168853, 3.36928048, 2.35210875, 7.79117402,\n        4.29537622],\n       [0.97060028, 0.16238169, 3.37819727, 2.06191194, 7.45498302,\n        4.03047975],\n       [0.87147014, 0.15166962, 3.44737699, 2.19332673, 7.44575835,\n        4.24115491],\n       [1.15774505, 0.15412169, 3.51117109, 2.04683452, 7.73350251,\n        4.24317664],\n       [0.76143216, 0.15021057, 3.23260545, 2.31929371, 7.80325662,\n        4.47050597]]), array([0.36684669, 0.36712609, 0.37521767, 0.38177013, 0.3828107 ,\n       0.38560057, 0.38880943]))", "callback": [0.6431927560885105, 0.6312028521710624, 0.6166974778391296, 0.5673618871429553, 0.5401497572283285, 0.4765914337242546, 0.4564488695027187, 0.4253830684998524, 0.3817701284452115]}, "2": {"maxiter": 100, "fatol": 1e-10, "xatol": 1e-05, "duration": 0.035356998443603516, "fun": "0.36684668676105225", "nit": "100", "nfev": "154", "status": "2", "success": "False", "message": "Maximum number of iterations has been exceeded.", "x": "[1.10892885 0.14486962 3.22364084 2.31607138 7.65239069 4.3981732 ]", "final_simplex": "(array([[1.10892885, 0.14486962, 3.22364084, 2.31607138, 7.65239069,\n        4.3981732 ],\n       [0.79633854, 0.15398389, 3.53919023, 2.29720557, 7.51686986,\n        4.17170831],\n       [0.73214582, 0.14168853, 3.36928048, 2.35210875, 7.79117402,\n        4.29537622],\n       [0.97060028, 0.16238169, 3.37819727, 2.06191194, 7.45498302,\n        4.03047975],\n       [0.87147014, 0.15166962, 3.44737699, 2.19332673, 7.44575835,\n        4.24115491],\n       [1.15774505, 0.15412169, 3.51117109, 2.04683452, 7.73350251,\n        4.24317664],\n       [0.76143216, 0.15021057, 3.23260545, 2.31929371, 7.80325662,\n        4.47050597]]), array([0.36684669, 0.36712609, 0.37521767, 0.38177013, 0.3828107 ,\n       0.38560057, 0.38880943]))", "callback": [0.6431927560885105, 0.6312028521710624, 0.6166974778391296, 0.5673618871429553, 0.5401497572283285, 0.4765914337242546, 0.4564488695027187, 0.4253830684998524, 0.3817701284452115]}, "3": {"maxiter": 100, "fatol": 1e-10, "xatol": 1e-10, "duration": 0.0361018180847168, "fun": "0.36684668676105225", "nit": "100", "nfev": "154", "status": "2", "success": "False", "message": "Maximum number of iterations has been exceeded.", "x": "[1.10892885 0.14486962 3.22364084 2.31607138 7.65239069 4.3981732 ]", "final_simplex": "(array([[1.10892885, 0.14486962, 3.22364084, 2.31607138, 7.65239069,\n        4.3981732 ],\n       [0.79633854, 0.15398389, 3.53919023, 2.29720557, 7.51686986,\n        4.17170831],\n       [0.73214582, 0.14168853, 3.36928048, 2.35210875, 7.79117402,\n        4.29537622],\n       [0.97060028, 0.16238169, 3.37819727, 2.06191194, 7.45498302,\n        4.03047975],\n       [0.87147014, 0.15166962, 3.44737699, 2.19332673, 7.44575835,\n        4.24115491],\n       [1.15774505, 0.15412169, 3.51117109, 2.04683452, 7.73350251,\n        4.24317664],\n       [0.76143216, 0.15021057, 3.23260545, 2.31929371, 7.80325662,\n        4.47050597]]), array([0.36684669, 0.36712609, 0.37521767, 0.38177013, 0.3828107 ,\n       0.38560057, 0.38880943]))", "callback": [0.6431927560885105, 0.6312028521710624, 0.6166974778391296, 0.5673618871429553, 0.5401497572283285, 0.4765914337242546, 0.4564488695027187, 0.4253830684998524, 0.3817701284452115]}, "4": {"maxiter": 500, "fatol": 1e-05, "xatol": 1e-05, "duration": 0.16043686866760254, "fun": "0.2816297808025502", "nit": "453", "nfev": "706", "status": "0", "success": "True", "message": "Optimization terminated successfully.", "x": "[1.34302881 0.55048933 3.50724234 2.68861613 7.34835174 3.30952095]", "final_simplex": "(array([[1.34302881, 0.55048933, 3.50724234, 2.68861613, 7.34835174,\n        3.30952095],\n       [1.3430328 , 0.55048908, 3.50724014, 2.68861902, 7.34835765,\n        3.30952606],\n       [1.34303328, 0.55048995, 3.50724121, 2.68861997, 7.34836015,\n        3.30952379],\n       [1.34303471, 0.55049521, 3.5072414 , 2.68861894, 7.34834977,\n        3.30951375],\n       [1.34302955, 0.55049448, 3.50723564, 2.68862146, 7.3483555 ,\n        3.30951981],\n       [1.34303207, 0.55048855, 3.50724477, 2.68862205, 7.34835462,\n        3.30952132],\n       [1.34303631, 0.55049428, 3.50724272, 2.68861882, 7.3483606 ,\n        3.3095242 ]]), array([0.28162978, 0.28162978, 0.28162978, 0.28162978, 0.28162978,\n       0.28162978, 0.28162978]))", "callback": [0.6431927560885105, 0.6312028521710624, 0.6166974778391296, 0.5673618871429553, 0.5401497572283285, 0.4765914337242546, 0.4564488695027187, 0.4253830684998524, 0.3817701284452115, 0.36124401134447137, 0.3124035933198194, 0.30436725149112853, 0.2981431168563463, 0.2967497218548857, 0.2966400826526754, 0.29657942690641137, 0.29655622974287044, 0.2965203265772779, 0.29647108915723963, 0.2964332064247489, 0.2964151405442538, 0.29634082676698315, 0.29619332549107646, 0.29597599811410047, 0.29530912917019203, 0.29369357508733074, 0.28896638059124136, 0.2855465810855552, 0.2834761444093469, 0.2819305179148146, 0.2819305179148146, 0.28176715072006475, 0.28167363357575737, 0.2816381517288745, 0.28163307390881276, 0.28163104324187715, 0.28163009869125144, 0.2816299184290326, 0.28162981162544176, 0.28162978987110987, 0.2816297826516988, 0.28162978125124105, 0.2816297809902203, 0.28162978082113754, 0.28162978080423995]}, "5": {"maxiter": 500, "fatol": 1e-05, "xatol": 1e-10, "duration": 0.17858314514160156, "fun": "0.2816297808017527", "nit": "500", "nfev": "788", "status": "2", "success": "False", "message": "Maximum number of iterations has been exceeded.", "x": "[1.34303024 0.55048997 3.50724207 2.68861792 7.34835415 3.30952136]", "final_simplex": "(array([[1.34303024, 0.55048997, 3.50724207, 2.68861792, 7.34835415,\n        3.30952136],\n       [1.34303035, 0.55049007, 3.50724204, 2.68861789, 7.34835409,\n        3.30952131],\n       [1.34303036, 0.55049009, 3.50724197, 2.68861798, 7.34835423,\n        3.30952138],\n       [1.34303043, 0.55049019, 3.50724194, 2.68861801, 7.34835428,\n        3.3095213 ],\n       [1.34303025, 0.55048991, 3.50724209, 2.68861781, 7.34835425,\n        3.30952155],\n       [1.34303026, 0.55049015, 3.50724196, 2.68861789, 7.34835418,\n        3.30952145],\n       [1.34303017, 0.55049003, 3.50724194, 2.68861784, 7.34835407,\n        3.30952138]]), array([0.28162978, 0.28162978, 0.28162978, 0.28162978, 0.28162978,\n       0.28162978, 0.28162978]))", "callback": [0.6431927560885105, 0.6312028521710624, 0.6166974778391296, 0.5673618871429553, 0.5401497572283285, 0.4765914337242546, 0.4564488695027187, 0.4253830684998524, 0.3817701284452115, 0.36124401134447137, 0.3124035933198194, 0.30436725149112853, 0.2981431168563463, 0.2967497218548857, 0.2966400826526754, 0.29657942690641137, 0.29655622974287044, 0.2965203265772779, 0.29647108915723963, 0.2964332064247489, 0.2964151405442538, 0.29634082676698315, 0.29619332549107646, 0.29597599811410047, 0.29530912917019203, 0.29369357508733074, 0.28896638059124136, 0.2855465810855552, 0.2834761444093469, 0.2819305179148146, 0.2819305179148146, 0.28176715072006475, 0.28167363357575737, 0.2816381517288745, 0.28163307390881276, 0.28163104324187715, 0.28163009869125144, 0.2816299184290326, 0.28162981162544176, 0.28162978987110987, 0.2816297826516988, 0.28162978125124105, 0.2816297809902203, 0.28162978082113754, 0.28162978080423995, 0.28162978080249657, 0.2816297808018834, 0.2816297808017767, 0.2816297808017577]}, "6": {"maxiter": 500, "fatol": 1e-10, "xatol": 1e-05, "duration": 0.16620802879333496, "fun": "0.2816297808025502", "nit": "453", "nfev": "706", "status": "0", "success": "True", "message": "Optimization terminated successfully.", "x": "[1.34302881 0.55048933 3.50724234 2.68861613 7.34835174 3.30952095]", "final_simplex": "(array([[1.34302881, 0.55048933, 3.50724234, 2.68861613, 7.34835174,\n        3.30952095],\n       [1.3430328 , 0.55048908, 3.50724014, 2.68861902, 7.34835765,\n        3.30952606],\n       [1.34303328, 0.55048995, 3.50724121, 2.68861997, 7.34836015,\n        3.30952379],\n       [1.34303471, 0.55049521, 3.5072414 , 2.68861894, 7.34834977,\n        3.30951375],\n       [1.34302955, 0.55049448, 3.50723564, 2.68862146, 7.3483555 ,\n        3.30951981],\n       [1.34303207, 0.55048855, 3.50724477, 2.68862205, 7.34835462,\n        3.30952132],\n       [1.34303631, 0.55049428, 3.50724272, 2.68861882, 7.3483606 ,\n        3.3095242 ]]), array([0.28162978, 0.28162978, 0.28162978, 0.28162978, 0.28162978,\n       0.28162978, 0.28162978]))", "callback": [0.6431927560885105, 0.6312028521710624, 0.6166974778391296, 0.5673618871429553, 0.5401497572283285, 0.4765914337242546, 0.4564488695027187, 0.4253830684998524, 0.3817701284452115, 0.36124401134447137, 0.3124035933198194, 0.30436725149112853, 0.2981431168563463, 0.2967497218548857, 0.2966400826526754, 0.29657942690641137, 0.29655622974287044, 0.2965203265772779, 0.29647108915723963, 0.2964332064247489, 0.2964151405442538, 0.29634082676698315, 0.29619332549107646, 0.29597599811410047, 0.29530912917019203, 0.29369357508733074, 0.28896638059124136, 0.2855465810855552, 0.2834761444093469, 0.2819305179148146, 0.2819305179148146, 0.28176715072006475, 0.28167363357575737, 0.2816381517288745, 0.28163307390881276, 0.28163104324187715, 0.28163009869125144, 0.2816299184290326, 0.28162981162544176, 0.28162978987110987, 0.2816297826516988, 0.28162978125124105, 0.2816297809902203, 0.28162978082113754, 0.28162978080423995]}, "7": {"maxiter": 500, "fatol": 1e-10, "xatol": 1e-10, "duration": 0.1948707103729248, "fun": "0.2816297808017527", "nit": "500", "nfev": "788", "status": "2", "success": "False", "message": "Maximum number of iterations has been exceeded.", "x": "[1.34303024 0.55048997 3.50724207 2.68861792 7.34835415 3.30952136]", "final_simplex": "(array([[1.34303024, 0.55048997, 3.50724207, 2.68861792, 7.34835415,\n        3.30952136],\n       [1.34303035, 0.55049007, 3.50724204, 2.68861789, 7.34835409,\n        3.30952131],\n       [1.34303036, 0.55049009, 3.50724197, 2.68861798, 7.34835423,\n        3.30952138],\n       [1.34303043, 0.55049019, 3.50724194, 2.68861801, 7.34835428,\n        3.3095213 ],\n       [1.34303025, 0.55048991, 3.50724209, 2.68861781, 7.34835425,\n        3.30952155],\n       [1.34303026, 0.55049015, 3.50724196, 2.68861789, 7.34835418,\n        3.30952145],\n       [1.34303017, 0.55049003, 3.50724194, 2.68861784, 7.34835407,\n        3.30952138]]), array([0.28162978, 0.28162978, 0.28162978, 0.28162978, 0.28162978,\n       0.28162978, 0.28162978]))", "callback": [0.6431927560885105, 0.6312028521710624, 0.6166974778391296, 0.5673618871429553, 0.5401497572283285, 0.4765914337242546, 0.4564488695027187, 0.4253830684998524, 0.3817701284452115, 0.36124401134447137, 0.3124035933198194, 0.30436725149112853, 0.2981431168563463, 0.2967497218548857, 0.2966400826526754, 0.29657942690641137, 0.29655622974287044, 0.2965203265772779, 0.29647108915723963, 0.2964332064247489, 0.2964151405442538, 0.29634082676698315, 0.29619332549107646, 0.29597599811410047, 0.29530912917019203, 0.29369357508733074, 0.28896638059124136, 0.2855465810855552, 0.2834761444093469, 0.2819305179148146, 0.2819305179148146, 0.28176715072006475, 0.28167363357575737, 0.2816381517288745, 0.28163307390881276, 0.28163104324187715, 0.28163009869125144, 0.2816299184290326, 0.28162981162544176, 0.28162978987110987, 0.2816297826516988, 0.28162978125124105, 0.2816297809902203, 0.28162978082113754, 0.28162978080423995, 0.28162978080249657, 0.2816297808018834, 0.2816297808017767, 0.2816297808017577]}, "8": {"maxiter": 1000, "fatol": 1e-05, "xatol": 1e-05, "duration": 0.16083002090454102, "fun": "0.2816297808025502", "nit": "453", "nfev": "706", "status": "0", "success": "True", "message": "Optimization terminated successfully.", "x": "[1.34302881 0.55048933 3.50724234 2.68861613 7.34835174 3.30952095]", "final_simplex": "(array([[1.34302881, 0.55048933, 3.50724234, 2.68861613, 7.34835174,\n        3.30952095],\n       [1.3430328 , 0.55048908, 3.50724014, 2.68861902, 7.34835765,\n        3.30952606],\n       [1.34303328, 0.55048995, 3.50724121, 2.68861997, 7.34836015,\n        3.30952379],\n       [1.34303471, 0.55049521, 3.5072414 , 2.68861894, 7.34834977,\n        3.30951375],\n       [1.34302955, 0.55049448, 3.50723564, 2.68862146, 7.3483555 ,\n        3.30951981],\n       [1.34303207, 0.55048855, 3.50724477, 2.68862205, 7.34835462,\n        3.30952132],\n       [1.34303631, 0.55049428, 3.50724272, 2.68861882, 7.3483606 ,\n        3.3095242 ]]), array([0.28162978, 0.28162978, 0.28162978, 0.28162978, 0.28162978,\n       0.28162978, 0.28162978]))", "callback": [0.6431927560885105, 0.6312028521710624, 0.6166974778391296, 0.5673618871429553, 0.5401497572283285, 0.4765914337242546, 0.4564488695027187, 0.4253830684998524, 0.3817701284452115, 0.36124401134447137, 0.3124035933198194, 0.30436725149112853, 0.2981431168563463, 0.2967497218548857, 0.2966400826526754, 0.29657942690641137, 0.29655622974287044, 0.2965203265772779, 0.29647108915723963, 0.2964332064247489, 0.2964151405442538, 0.29634082676698315, 0.29619332549107646, 0.29597599811410047, 0.29530912917019203, 0.29369357508733074, 0.28896638059124136, 0.2855465810855552, 0.2834761444093469, 0.2819305179148146, 0.2819305179148146, 0.28176715072006475, 0.28167363357575737, 0.2816381517288745, 0.28163307390881276, 0.28163104324187715, 0.28163009869125144, 0.2816299184290326, 0.28162981162544176, 0.28162978987110987, 0.2816297826516988, 0.28162978125124105, 0.2816297809902203, 0.28162978082113754, 0.28162978080423995]}, "9": {"maxiter": 1000, "fatol": 1e-05, "xatol": 1e-10, "duration": 0.23424315452575684, "fun": "0.28162978080174916", "nit": "556", "nfev": "931", "status": "0", "success": "True", "message": "Optimization terminated successfully.", "x": "[1.34303029 0.55049007 3.50724206 2.68861792 7.34835404 3.30952111]", "final_simplex": "(array([[1.34303029, 0.55049007, 3.50724206, 2.68861792, 7.34835404,\n        3.30952111],\n       [1.34303029, 0.55049007, 3.50724206, 2.68861792, 7.34835404,\n        3.30952111],\n       [1.34303029, 0.55049007, 3.50724206, 2.68861792, 7.34835404,\n        3.30952111],\n       [1.34303029, 0.55049007, 3.50724206, 2.68861792, 7.34835404,\n        3.30952111],\n       [1.34303029, 0.55049007, 3.50724206, 2.68861792, 7.34835404,\n        3.30952111],\n       [1.34303029, 0.55049007, 3.50724206, 2.68861792, 7.34835404,\n        3.30952111],\n       [1.34303029, 0.55049007, 3.50724206, 2.68861792, 7.34835404,\n        3.30952111]]), array([0.28162978, 0.28162978, 0.28162978, 0.28162978, 0.28162978,\n       0.28162978, 0.28162978]))", "callback": [0.6431927560885105, 0.6312028521710624, 0.6166974778391296, 0.5673618871429553, 0.5401497572283285, 0.4765914337242546, 0.4564488695027187, 0.4253830684998524, 0.3817701284452115, 0.36124401134447137, 0.3124035933198194, 0.30436725149112853, 0.2981431168563463, 0.2967497218548857, 0.2966400826526754, 0.29657942690641137, 0.29655622974287044, 0.2965203265772779, 0.29647108915723963, 0.2964332064247489, 0.2964151405442538, 0.29634082676698315, 0.29619332549107646, 0.29597599811410047, 0.29530912917019203, 0.29369357508733074, 0.28896638059124136, 0.2855465810855552, 0.2834761444093469, 0.2819305179148146, 0.2819305179148146, 0.28176715072006475, 0.28167363357575737, 0.2816381517288745, 0.28163307390881276, 0.28163104324187715, 0.28163009869125144, 0.2816299184290326, 0.28162981162544176, 0.28162978987110987, 0.2816297826516988, 0.28162978125124105, 0.2816297809902203, 0.28162978082113754, 0.28162978080423995, 0.28162978080249657, 0.2816297808018834, 0.2816297808017767, 0.2816297808017577, 0.2816297808017527, 0.28162978080175105, 0.2816297808017493, 0.2816297808017493, 0.28162978080174916, 0.28162978080174916]}, "10": {"maxiter": 1000, "fatol": 1e-10, "xatol": 1e-05, "duration": 0.16844987869262695, "fun": "0.2816297808025502", "nit": "453", "nfev": "706", "status": "0", "success": "True", "message": "Optimization terminated successfully.", "x": "[1.34302881 0.55048933 3.50724234 2.68861613 7.34835174 3.30952095]", "final_simplex": "(array([[1.34302881, 0.55048933, 3.50724234, 2.68861613, 7.34835174,\n        3.30952095],\n       [1.3430328 , 0.55048908, 3.50724014, 2.68861902, 7.34835765,\n        3.30952606],\n       [1.34303328, 0.55048995, 3.50724121, 2.68861997, 7.34836015,\n        3.30952379],\n       [1.34303471, 0.55049521, 3.5072414 , 2.68861894, 7.34834977,\n        3.30951375],\n       [1.34302955, 0.55049448, 3.50723564, 2.68862146, 7.3483555 ,\n        3.30951981],\n       [1.34303207, 0.55048855, 3.50724477, 2.68862205, 7.34835462,\n        3.30952132],\n       [1.34303631, 0.55049428, 3.50724272, 2.68861882, 7.3483606 ,\n        3.3095242 ]]), array([0.28162978, 0.28162978, 0.28162978, 0.28162978, 0.28162978,\n       0.28162978, 0.28162978]))", "callback": [0.6431927560885105, 0.6312028521710624, 0.6166974778391296, 0.5673618871429553, 0.5401497572283285, 0.4765914337242546, 0.4564488695027187, 0.4253830684998524, 0.3817701284452115, 0.36124401134447137, 0.3124035933198194, 0.30436725149112853, 0.2981431168563463, 0.2967497218548857, 0.2966400826526754, 0.29657942690641137, 0.29655622974287044, 0.2965203265772779, 0.29647108915723963, 0.2964332064247489, 0.2964151405442538, 0.29634082676698315, 0.29619332549107646, 0.29597599811410047, 0.29530912917019203, 0.29369357508733074, 0.28896638059124136, 0.2855465810855552, 0.2834761444093469, 0.2819305179148146, 0.2819305179148146, 0.28176715072006475, 0.28167363357575737, 0.2816381517288745, 0.28163307390881276, 0.28163104324187715, 0.28163009869125144, 0.2816299184290326, 0.28162981162544176, 0.28162978987110987, 0.2816297826516988, 0.28162978125124105, 0.2816297809902203, 0.28162978082113754, 0.28162978080423995]}, "11": {"maxiter": 1000, "fatol": 1e-10, "xatol": 1e-10, "duration": 0.21751618385314941, "fun": "0.28162978080174916", "nit": "556", "nfev": "931", "status": "0", "success": "True", "message": "Optimization terminated successfully.", "x": "[1.34303029 0.55049007 3.50724206 2.68861792 7.34835404 3.30952111]", "final_simplex": "(array([[1.34303029, 0.55049007, 3.50724206, 2.68861792, 7.34835404,\n        3.30952111],\n       [1.34303029, 0.55049007, 3.50724206, 2.68861792, 7.34835404,\n        3.30952111],\n       [1.34303029, 0.55049007, 3.50724206, 2.68861792, 7.34835404,\n        3.30952111],\n       [1.34303029, 0.55049007, 3.50724206, 2.68861792, 7.34835404,\n        3.30952111],\n       [1.34303029, 0.55049007, 3.50724206, 2.68861792, 7.34835404,\n        3.30952111],\n       [1.34303029, 0.55049007, 3.50724206, 2.68861792, 7.34835404,\n        3.30952111],\n       [1.34303029, 0.55049007, 3.50724206, 2.68861792, 7.34835404,\n        3.30952111]]), array([0.28162978, 0.28162978, 0.28162978, 0.28162978, 0.28162978,\n       0.28162978, 0.28162978]))", "callback": [0.6431927560885105, 0.6312028521710624, 0.6166974778391296, 0.5673618871429553, 0.5401497572283285, 0.4765914337242546, 0.4564488695027187, 0.4253830684998524, 0.3817701284452115, 0.36124401134447137, 0.3124035933198194, 0.30436725149112853, 0.2981431168563463, 0.2967497218548857, 0.2966400826526754, 0.29657942690641137, 0.29655622974287044, 0.2965203265772779, 0.29647108915723963, 0.2964332064247489, 0.2964151405442538, 0.29634082676698315, 0.29619332549107646, 0.29597599811410047, 0.29530912917019203, 0.29369357508733074, 0.28896638059124136, 0.2855465810855552, 0.2834761444093469, 0.2819305179148146, 0.2819305179148146, 0.28176715072006475, 0.28167363357575737, 0.2816381517288745, 0.28163307390881276, 0.28163104324187715, 0.28163009869125144, 0.2816299184290326, 0.28162981162544176, 0.28162978987110987, 0.2816297826516988, 0.28162978125124105, 0.2816297809902203, 0.28162978082113754, 0.28162978080423995, 0.28162978080249657, 0.2816297808018834, 0.2816297808017767, 0.2816297808017577, 0.2816297808017527, 0.28162978080175105, 0.2816297808017493, 0.2816297808017493, 0.28162978080174916, 0.28162978080174916]}}, "bfgs": {"type": "gradient", "0": {"maxiter": 100, "gtol": 1e-05, "xrtol": 1e-05, "eps": 1e-05, "duration": 0.0403289794921875, "fun": "0.2816297813726715", "jac": "[-3.72833986e-06 -2.53741472e-07  8.09368128e-06 -5.08524334e-06\n  7.10911330e-06 -7.52081730e-06]", "hess_inv": "[[ 4.3020745   1.70222802 -1.22642909  0.14417612  1.9766948   0.46758446]\n [ 1.70222802  5.33564056 -2.54170201  1.72285474  0.88225404 -1.35709434]\n [-1.22642909 -2.54170201  6.31189915 -1.85161978 -3.33440986 -3.3760353 ]\n [ 0.14417612  1.72285474 -1.85161978  3.81852272  0.97584712  0.14593133]\n [ 1.9766948   0.88225404 -3.33440986  0.97584712 18.05827585 15.39335401]\n [ 0.46758446 -1.35709434 -3.3760353   0.14593133 15.39335401 19.16744004]]", "nfev": "168", "njev": "24", "status": "0", "success": "True", "message": "Optimization terminated successfully.", "x": "[1.34300338 0.5504634  3.50730267 2.68858521 7.34828746 3.30943774]", "nit": "22", "callback": [0.289618628439238, 0.2816299374743364]}, "1": {"maxiter": 100, "gtol": 1e-05, "xrtol": 1e-05, "eps": 1e-10, "duration": 0.0407099723815918, "fun": "0.28162978119740245", "jac": "[-3.33066880e-06  3.33066880e-06  9.99200639e-06 -3.33066880e-06\n  7.77156053e-06 -4.44089173e-06]", "hess_inv": "[[ 4.31577441  1.70036146 -1.22077377  0.14407878  1.9476846   0.43492299]\n [ 1.70036146  5.3266479  -2.52591802  1.71613352  0.8786974  -1.36721844]\n [-1.22077377 -2.52591802  6.3023975  -1.84684427 -3.38705059 -3.43529529]\n [ 0.14407878  1.71613352 -1.84684427  3.81349353  1.00965085  0.18699158]\n [ 1.9476846   0.8786974  -3.38705059  1.00965085 17.85243026 15.19205034]\n [ 0.43492299 -1.36721844 -3.43529529  0.18699158 15.19205034 18.97981346]]", "nfev": "168", "njev": "24", "status": "0", "success": "True", "message": "Optimization terminated successfully.", "x": "[1.34301567 0.55047554 3.50729322 2.68858933 7.34833331 3.30947782]", "nit": "22", "callback": [0.28961877574658634, 0.2816299385236888]}, "2": {"maxiter": 100, "gtol": 1e-05, "xrtol": 1e-10, "eps": 1e-05, "duration": 0.042095184326171875, "fun": "0.2816297813726715", "jac": "[-3.72833986e-06 -2.53741472e-07  8.09368128e-06 -5.08524334e-06\n  7.10911330e-06 -7.52081730e-06]", "hess_inv": "[[ 4.3020745   1.70222802 -1.22642909  0.14417612  1.9766948   0.46758446]\n [ 1.70222802  5.33564056 -2.54170201  1.72285474  0.88225404 -1.35709434]\n [-1.22642909 -2.54170201  6.31189915 -1.85161978 -3.33440986 -3.3760353 ]\n [ 0.14417612  1.72285474 -1.85161978  3.81852272  0.97584712  0.14593133]\n [ 1.9766948   0.88225404 -3.33440986  0.97584712 18.05827585 15.39335401]\n [ 0.46758446 -1.35709434 -3.3760353   0.14593133 15.39335401 19.16744004]]", "nfev": "168", "njev": "24", "status": "0", "success": "True", "message": "Optimization terminated successfully.", "x": "[1.34300338 0.5504634  3.50730267 2.68858521 7.34828746 3.30943774]", "nit": "22", "callback": [0.289618628439238, 0.2816299374743364]}, "3": {"maxiter": 100, "gtol": 1e-05, "xrtol": 1e-10, "eps": 1e-10, "duration": 0.04114580154418945, "fun": "0.28162978119740245", "jac": "[-3.33066880e-06  3.33066880e-06  9.99200639e-06 -3.33066880e-06\n  7.77156053e-06 -4.44089173e-06]", "hess_inv": "[[ 4.31577441  1.70036146 -1.22077377  0.14407878  1.9476846   0.43492299]\n [ 1.70036146  5.3266479  -2.52591802  1.71613352  0.8786974  -1.36721844]\n [-1.22077377 -2.52591802  6.3023975  -1.84684427 -3.38705059 -3.43529529]\n [ 0.14407878  1.71613352 -1.84684427  3.81349353  1.00965085  0.18699158]\n [ 1.9476846   0.8786974  -3.38705059  1.00965085 17.85243026 15.19205034]\n [ 0.43492299 -1.36721844 -3.43529529  0.18699158 15.19205034 18.97981346]]", "nfev": "168", "njev": "24", "status": "0", "success": "True", "message": "Optimization terminated successfully.", "x": "[1.34301567 0.55047554 3.50729322 2.68858933 7.34833331 3.30947782]", "nit": "22", "callback": [0.28961877574658634, 0.2816299385236888]}, "4": {"maxiter": 100, "gtol": 1e-10, "xrtol": 1e-05, "eps": 1e-05, "duration": 0.04154801368713379, "fun": "0.2816297808677124", "jac": "[-2.63089550e-07  2.13162821e-07  1.03161923e-07 -6.86894985e-08\n -1.78967952e-07  2.06312745e-07]", "hess_inv": "[[ 4.25140565  1.65334565 -0.99346159  0.0654866   1.93581556  0.28105109]\n [ 1.65334565  5.31155459 -2.27178552  1.66606366  0.91159313 -1.52134409]\n [-0.99346159 -2.27178552  5.32915277 -1.45238415 -3.01182919 -2.48763922]\n [ 0.0654866   1.66606366 -1.45238415  3.71216761  0.96936695 -0.13073933]\n [ 1.93581556  0.91159313 -3.01182919  0.96936695 18.23030914 15.28968009]\n [ 0.28105109 -1.52134409 -2.48763922 -0.13073933 15.28968009 18.49142452]]", "nfev": "175", "njev": "25", "status": "0", "success": "True", "message": "Optimization terminated successfully.", "x": "[1.34301638 0.55047985 3.50725057 2.68860863 7.3483096  3.30948824]", "nit": "23", "callback": [0.289618628439238, 0.2816299374743364]}, "5": {"maxiter": 100, "gtol": 1e-10, "xrtol": 1e-05, "eps": 1e-10, "duration": 0.04118013381958008, "fun": "0.28162978087844426", "jac": "[ 0.00000000e+00  0.00000000e+00  0.00000000e+00 -1.11022293e-06\n  1.11022293e-06 -1.11022293e-06]", "hess_inv": "[[ 4.30101836  1.68986749 -1.12352514  0.11068805  2.00176483  0.4206859 ]\n [ 1.68986749  5.32140718 -2.45357487  1.69784867  0.90983781 -1.38763413]\n [-1.12352514 -2.45357487  5.66604845 -1.6189613  -3.75394788 -3.35620927]\n [ 0.11068805  1.69784867 -1.6189613   3.75135764  1.11403749  0.12948388]\n [ 2.00176483  0.90983781 -3.75394788  1.11403749 17.67833765 15.27812434]\n [ 0.4206859  -1.38763413 -3.35620927  0.12948388 15.27812434 19.0137328 ]]", "nfev": "175", "njev": "25", "status": "0", "success": "True", "message": "Optimization terminated successfully.", "x": "[1.34302227 0.55048038 3.50724992 2.68860463 7.34830863 3.30948351]", "nit": "23", "callback": [0.28961877574658634, 0.2816299385236888]}, "6": {"maxiter": 100, "gtol": 1e-10, "xrtol": 1e-10, "eps": 1e-05, "duration": 0.04635214805603027, "fun": "0.2816297808639069", "jac": "[ 5.55111512e-11  2.22044605e-11  1.11022302e-11  2.22044605e-11\n -2.22044605e-11  1.11022302e-11]", "hess_inv": "[[ 4.95275166  1.7396644  -1.37292     0.21539226  3.15688946  0.7723813 ]\n [ 1.7396644   5.32199408 -2.31674633  1.68478308  1.04380663 -1.47832592]\n [-1.37292    -2.31674633  5.5207009  -1.53374692 -3.58716248 -2.66525076]\n [ 0.21539226  1.68478308 -1.53374692  3.74480211  1.22302064 -0.03193405]\n [ 3.15688946  1.04380663 -3.58716248  1.22302064 19.71933329 15.51041679]\n [ 0.7723813  -1.47832592 -2.66525076 -0.03193405 15.51041679 18.19903388]]", "nfev": "196", "njev": "28", "status": "0", "success": "True", "message": "Optimization terminated successfully.", "x": "[1.34301787 0.55048002 3.50724994 2.68860898 7.34831097 3.30948803]", "nit": "26", "callback": [0.289618628439238, 0.2816299374743364]}, "7": {"maxiter": 100, "gtol": 1e-10, "xrtol": 1e-10, "eps": 1e-10, "duration": 0.11621785163879395, "fun": "0.2816297808734003", "jac": "[ 1.11022293e-06  0.00000000e+00  0.00000000e+00 -1.11022293e-06\n  0.00000000e+00  3.33066880e-06]", "hess_inv": "[[  6.80288693   2.21286203   0.28298829  -4.22208952   8.52461363\n    0.13629664]\n [  2.21286203   1.88876023  -0.83330233  -2.37198861   2.19988647\n   -0.09764353]\n [  0.28298829  -0.83330233   4.68258908  -1.96083771   2.16282416\n    0.13624295]\n [ -4.22208952  -2.37198861  -1.96083771   7.76914401 -11.99640927\n   -1.32511365]\n [  8.52461363   2.19988647   2.16282416 -11.99640927  28.53660399\n    4.68495327]\n [  0.13629664  -0.09764353   0.13624295  -1.32511365   4.68495327\n    1.92810009]]", "nfev": "502", "njev": "70", "status": "2", "success": "False", "message": "Desired error not necessarily achieved due to precision loss.", "x": "[1.3430202  0.55047982 3.5072475  2.68860909 7.34830644 3.30948912]", "nit": "25", "callback": [0.28961877574658634, 0.2816299385236888]}, "8": {"maxiter": 500, "gtol": 1e-05, "xrtol": 1e-05, "eps": 1e-05, "duration": 0.03914213180541992, "fun": "0.2816297813726715", "jac": "[-3.72833986e-06 -2.53741472e-07  8.09368128e-06 -5.08524334e-06\n  7.10911330e-06 -7.52081730e-06]", "hess_inv": "[[ 4.3020745   1.70222802 -1.22642909  0.14417612  1.9766948   0.46758446]\n [ 1.70222802  5.33564056 -2.54170201  1.72285474  0.88225404 -1.35709434]\n [-1.22642909 -2.54170201  6.31189915 -1.85161978 -3.33440986 -3.3760353 ]\n [ 0.14417612  1.72285474 -1.85161978  3.81852272  0.97584712  0.14593133]\n [ 1.9766948   0.88225404 -3.33440986  0.97584712 18.05827585 15.39335401]\n [ 0.46758446 -1.35709434 -3.3760353   0.14593133 15.39335401 19.16744004]]", "nfev": "168", "njev": "24", "status": "0", "success": "True", "message": "Optimization terminated successfully.", "x": "[1.34300338 0.5504634  3.50730267 2.68858521 7.34828746 3.30943774]", "nit": "22", "callback": [0.289618628439238, 0.2816299374743364]}, "9": {"maxiter": 500, "gtol": 1e-05, "xrtol": 1e-05, "eps": 1e-10, "duration": 0.038526058197021484, "fun": "0.28162978119740245", "jac": "[-3.33066880e-06  3.33066880e-06  9.99200639e-06 -3.33066880e-06\n  7.77156053e-06 -4.44089173e-06]", "hess_inv": "[[ 4.31577441  1.70036146 -1.22077377  0.14407878  1.9476846   0.43492299]\n [ 1.70036146  5.3266479  -2.52591802  1.71613352  0.8786974  -1.36721844]\n [-1.22077377 -2.52591802  6.3023975  -1.84684427 -3.38705059 -3.43529529]\n [ 0.14407878  1.71613352 -1.84684427  3.81349353  1.00965085  0.18699158]\n [ 1.9476846   0.8786974  -3.38705059  1.00965085 17.85243026 15.19205034]\n [ 0.43492299 -1.36721844 -3.43529529  0.18699158 15.19205034 18.97981346]]", "nfev": "168", "njev": "24", "status": "0", "success": "True", "message": "Optimization terminated successfully.", "x": "[1.34301567 0.55047554 3.50729322 2.68858933 7.34833331 3.30947782]", "nit": "22", "callback": [0.28961877574658634, 0.2816299385236888]}, "10": {"maxiter": 500, "gtol": 1e-05, "xrtol": 1e-10, "eps": 1e-05, "duration": 0.03951406478881836, "fun": "0.2816297813726715", "jac": "[-3.72833986e-06 -2.53741472e-07  8.09368128e-06 -5.08524334e-06\n  7.10911330e-06 -7.52081730e-06]", "hess_inv": "[[ 4.3020745   1.70222802 -1.22642909  0.14417612  1.9766948   0.46758446]\n [ 1.70222802  5.33564056 -2.54170201  1.72285474  0.88225404 -1.35709434]\n [-1.22642909 -2.54170201  6.31189915 -1.85161978 -3.33440986 -3.3760353 ]\n [ 0.14417612  1.72285474 -1.85161978  3.81852272  0.97584712  0.14593133]\n [ 1.9766948   0.88225404 -3.33440986  0.97584712 18.05827585 15.39335401]\n [ 0.46758446 -1.35709434 -3.3760353   0.14593133 15.39335401 19.16744004]]", "nfev": "168", "njev": "24", "status": "0", "success": "True", "message": "Optimization terminated successfully.", "x": "[1.34300338 0.5504634  3.50730267 2.68858521 7.34828746 3.30943774]", "nit": "22", "callback": [0.289618628439238, 0.2816299374743364]}, "11": {"maxiter": 500, "gtol": 1e-05, "xrtol": 1e-10, "eps": 1e-10, "duration": 0.039090871810913086, "fun": "0.28162978119740245", "jac": "[-3.33066880e-06  3.33066880e-06  9.99200639e-06 -3.33066880e-06\n  7.77156053e-06 -4.44089173e-06]", "hess_inv": "[[ 4.31577441  1.70036146 -1.22077377  0.14407878  1.9476846   0.43492299]\n [ 1.70036146  5.3266479  -2.52591802  1.71613352  0.8786974  -1.36721844]\n [-1.22077377 -2.52591802  6.3023975  -1.84684427 -3.38705059 -3.43529529]\n [ 0.14407878  1.71613352 -1.84684427  3.81349353  1.00965085  0.18699158]\n [ 1.9476846   0.8786974  -3.38705059  1.00965085 17.85243026 15.19205034]\n [ 0.43492299 -1.36721844 -3.43529529  0.18699158 15.19205034 18.97981346]]", "nfev": "168", "njev": "24", "status": "0", "success": "True", "message": "Optimization terminated successfully.", "x": "[1.34301567 0.55047554 3.50729322 2.68858933 7.34833331 3.30947782]", "nit": "22", "callback": [0.28961877574658634, 0.2816299385236888]}, "12": {"maxiter": 500, "gtol": 1e-10, "xrtol": 1e-05, "eps": 1e-05, "duration": 0.04090523719787598, "fun": "0.2816297808677124", "jac": "[-2.63089550e-07  2.13162821e-07  1.03161923e-07 -6.86894985e-08\n -1.78967952e-07  2.06312745e-07]", "hess_inv": "[[ 4.25140565  1.65334565 -0.99346159  0.0654866   1.93581556  0.28105109]\n [ 1.65334565  5.31155459 -2.27178552  1.66606366  0.91159313 -1.52134409]\n [-0.99346159 -2.27178552  5.32915277 -1.45238415 -3.01182919 -2.48763922]\n [ 0.0654866   1.66606366 -1.45238415  3.71216761  0.96936695 -0.13073933]\n [ 1.93581556  0.91159313 -3.01182919  0.96936695 18.23030914 15.28968009]\n [ 0.28105109 -1.52134409 -2.48763922 -0.13073933 15.28968009 18.49142452]]", "nfev": "175", "njev": "25", "status": "0", "success": "True", "message": "Optimization terminated successfully.", "x": "[1.34301638 0.55047985 3.50725057 2.68860863 7.3483096  3.30948824]", "nit": "23", "callback": [0.289618628439238, 0.2816299374743364]}, "13": {"maxiter": 500, "gtol": 1e-10, "xrtol": 1e-05, "eps": 1e-10, "duration": 0.040309906005859375, "fun": "0.28162978087844426", "jac": "[ 0.00000000e+00  0.00000000e+00  0.00000000e+00 -1.11022293e-06\n  1.11022293e-06 -1.11022293e-06]", "hess_inv": "[[ 4.30101836  1.68986749 -1.12352514  0.11068805  2.00176483  0.4206859 ]\n [ 1.68986749  5.32140718 -2.45357487  1.69784867  0.90983781 -1.38763413]\n [-1.12352514 -2.45357487  5.66604845 -1.6189613  -3.75394788 -3.35620927]\n [ 0.11068805  1.69784867 -1.6189613   3.75135764  1.11403749  0.12948388]\n [ 2.00176483  0.90983781 -3.75394788  1.11403749 17.67833765 15.27812434]\n [ 0.4206859  -1.38763413 -3.35620927  0.12948388 15.27812434 19.0137328 ]]", "nfev": "175", "njev": "25", "status": "0", "success": "True", "message": "Optimization terminated successfully.", "x": "[1.34302227 0.55048038 3.50724992 2.68860463 7.34830863 3.30948351]", "nit": "23", "callback": [0.28961877574658634, 0.2816299385236888]}, "14": {"maxiter": 500, "gtol": 1e-10, "xrtol": 1e-10, "eps": 1e-05, "duration": 0.04512381553649902, "fun": "0.2816297808639069", "jac": "[ 5.55111512e-11  2.22044605e-11  1.11022302e-11  2.22044605e-11\n -2.22044605e-11  1.11022302e-11]", "hess_inv": "[[ 4.95275166  1.7396644  -1.37292     0.21539226  3.15688946  0.7723813 ]\n [ 1.7396644   5.32199408 -2.31674633  1.68478308  1.04380663 -1.47832592]\n [-1.37292    -2.31674633  5.5207009  -1.53374692 -3.58716248 -2.66525076]\n [ 0.21539226  1.68478308 -1.53374692  3.74480211  1.22302064 -0.03193405]\n [ 3.15688946  1.04380663 -3.58716248  1.22302064 19.71933329 15.51041679]\n [ 0.7723813  -1.47832592 -2.66525076 -0.03193405 15.51041679 18.19903388]]", "nfev": "196", "njev": "28", "status": "0", "success": "True", "message": "Optimization terminated successfully.", "x": "[1.34301787 0.55048002 3.50724994 2.68860898 7.34831097 3.30948803]", "nit": "26", "callback": [0.289618628439238, 0.2816299374743364]}, "15": {"maxiter": 500, "gtol": 1e-10, "xrtol": 1e-10, "eps": 1e-10, "duration": 0.11448788642883301, "fun": "0.2816297808734003", "jac": "[ 1.11022293e-06  0.00000000e+00  0.00000000e+00 -1.11022293e-06\n  0.00000000e+00  3.33066880e-06]", "hess_inv": "[[  6.80288693   2.21286203   0.28298829  -4.22208952   8.52461363\n    0.13629664]\n [  2.21286203   1.88876023  -0.83330233  -2.37198861   2.19988647\n   -0.09764353]\n [  0.28298829  -0.83330233   4.68258908  -1.96083771   2.16282416\n    0.13624295]\n [ -4.22208952  -2.37198861  -1.96083771   7.76914401 -11.99640927\n   -1.32511365]\n [  8.52461363   2.19988647   2.16282416 -11.99640927  28.53660399\n    4.68495327]\n [  0.13629664  -0.09764353   0.13624295  -1.32511365   4.68495327\n    1.92810009]]", "nfev": "502", "njev": "70", "status": "2", "success": "False", "message": "Desired error not necessarily achieved due to precision loss.", "x": "[1.3430202  0.55047982 3.5072475  2.68860909 7.34830644 3.30948912]", "nit": "25", "callback": [0.28961877574658634, 0.2816299385236888]}, "16": {"maxiter": 1000, "gtol": 1e-05, "xrtol": 1e-05, "eps": 1e-05, "duration": 0.037943124771118164, "fun": "0.2816297813726715", "jac": "[-3.72833986e-06 -2.53741472e-07  8.09368128e-06 -5.08524334e-06\n  7.10911330e-06 -7.52081730e-06]", "hess_inv": "[[ 4.3020745   1.70222802 -1.22642909  0.14417612  1.9766948   0.46758446]\n [ 1.70222802  5.33564056 -2.54170201  1.72285474  0.88225404 -1.35709434]\n [-1.22642909 -2.54170201  6.31189915 -1.85161978 -3.33440986 -3.3760353 ]\n [ 0.14417612  1.72285474 -1.85161978  3.81852272  0.97584712  0.14593133]\n [ 1.9766948   0.88225404 -3.33440986  0.97584712 18.05827585 15.39335401]\n [ 0.46758446 -1.35709434 -3.3760353   0.14593133 15.39335401 19.16744004]]", "nfev": "168", "njev": "24", "status"