{"date": "2024/09/23/, 23:55:36", "conf_id": 146, "data_type": "orthogonal\n", "num_data_points": 4, "s_rank": 0, "unitary": "[[-0.56303964-0.00798273j,-0.21670212-0.15784972j,-0.06047197-0.73952673j,-0.01438004+0.24552571j],[-0.06976756+0.23474685j,-0.01275565-0.5435098j,-0.02703657-0.08917885j,-0.08210486-0.79311774j],[-0.38559961+0.10714929j,0.5933431-0.2687392j,-0.24060861+0.29149289j,-0.45147719+0.26241743j],[-0.50180421+0.45931857j,-0.11617175+0.44134496j,0.49642745+0.22684508j,-0.08544628-0.15407063j]]", "databatch_0": {"databatch": "[[[0.28076268-0.11031919j,-0.0083403-0.32274269j,-0.46692546-0.04265477j,-0.28640841+0.02456119j],[0.09207359+0.15228376j,-0.31797922-0.0614554j,0.01327512-0.04837102j,-0.13639323-0.1108984j],[0.18570779+0.18093598j,-0.05919371+0.01966099j,-0.04104675-0.2557618j,-0.16011923-0.15516698j],[0.05648759+0.05541818j,0.22098212-0.18539224j,-0.1193029-0.1673538j,-0.02752476-0.10923232j]],[[-0.00813076-0.10730223j,-0.28116212+0.00321994j,-0.03282523+0.22753117j,-0.04842181+0.12581605j],[-0.04290262-0.21824721j,0.26001798-0.05434011j,-0.14555224+0.11379267j,0.06703036+0.15130264j],[0.04317384+0.19692073j,-0.12859333+0.35928708j,0.25602963-0.18092671j,-0.00985917-0.09301114j],[-0.28454753+0.00102246j,0.33817762+0.06134024j,0.25539946+0.02079557j,0.31386796-0.01456839j]],[[0.29020543-0.11099959j,-0.01393488-0.32554387j,-0.47665815-0.04519901j,-0.29593045+0.0248235j],[0.09137113+0.14152583j,-0.29395224-0.06218174j,0.00467208-0.04882305j,-0.13207027-0.10443715j],[0.18339595+0.17905229j,-0.04440435+0.00891716j,-0.04626375-0.25822641j,-0.15677771-0.15704671j],[0.06319858+0.06137168j,0.21395822-0.18072362j,-0.1189435-0.17424645j,-0.03376677-0.11306433j]],[[-0.00394869-0.07566515j,-0.27884815+0.00124857j,-0.01790375+0.19536234j,-0.05030345+0.09764529j],[-0.05130819-0.22708284j,0.31292575-0.0584386j,-0.15009123+0.10384417j,0.08291735+0.15257521j],[0.07656817+0.19050146j,-0.1733146+0.38232928j,0.23605762-0.17815475j,-0.04445617-0.07984072j],[-0.26720424-0.02756616j,0.36154883+0.01986126j,0.20114898+0.02921463j,0.29695397-0.00083081j]]]", "initial param values": "[3.66884112,6.0007174,0.74348572,1.00680092,0.53798975,3.07202331]", "nelder_mead": {"type": "gradient-free", "0": {"maxiter": 100, "fatol": 1e-05, "xatol": 1e-05, "duration": 0.039530038833618164, "fun": "0.441479390167259", "nit": "100", "nfev": "161", "status": "2", "success": "False", "message": "Maximum number of iterations has been exceeded.", "x": "[ 1.68273342  7.04813938  2.30014534  2.19282437 -0.11586127  4.13466283]", "final_simplex": "(array([[ 1.68273342,  7.04813938,  2.30014534,  2.19282437, -0.11586127,\n         4.13466283],\n       [ 1.75941708,  7.08917108,  2.4438982 ,  2.3400929 , -0.19141542,\n         4.17203632],\n       [ 1.75328523,  6.96579924,  2.13796081,  2.04950449, -0.01806804,\n         4.28383843],\n       [ 1.91780675,  6.90831174,  2.20592066,  2.14137789, -0.1591853 ,\n         4.51191166],\n       [ 1.50300917,  6.93037258,  2.35148516,  2.22110595, -0.15077563,\n         4.26416346],\n       [ 1.94002867,  7.1872768 ,  2.4668646 ,  2.45150412, -0.22499577,\n         4.02979111],\n       [ 1.859321  ,  6.98101047,  2.23238104,  2.18132692, -0.12773394,\n         4.10932861]]), array([0.44147939, 0.44233371, 0.44438798, 0.44488123, 0.4495042 ,\n       0.45026838, 0.45056554]))", "callback": [0.7609861101085119, 0.7129060275000938, 0.699133777652577, 0.692965642692643, 0.681365804694712, 0.6551390587287124, 0.6229795106303937, 0.5442310605890591, 0.45056553867953]}, "1": {"maxiter": 100, "fatol": 1e-05, "xatol": 1e-10, "duration": 0.03603386878967285, "fun": "0.441479390167259", "nit": "100", "nfev": "161", "status": "2", "success": "False", "message": "Maximum number of iterations has been exceeded.", "x": "[ 1.68273342  7.04813938  2.30014534  2.19282437 -0.11586127  4.13466283]", "final_simplex": "(array([[ 1.68273342,  7.04813938,  2.30014534,  2.19282437, -0.11586127,\n         4.13466283],\n       [ 1.75941708,  7.08917108,  2.4438982 ,  2.3400929 , -0.19141542,\n         4.17203632],\n       [ 1.75328523,  6.96579924,  2.13796081,  2.04950449, -0.01806804,\n         4.28383843],\n       [ 1.91780675,  6.90831174,  2.20592066,  2.14137789, -0.1591853 ,\n         4.51191166],\n       [ 1.50300917,  6.93037258,  2.35148516,  2.22110595, -0.15077563,\n         4.26416346],\n       [ 1.94002867,  7.1872768 ,  2.4668646 ,  2.45150412, -0.22499577,\n         4.02979111],\n       [ 1.859321  ,  6.98101047,  2.23238104,  2.18132692, -0.12773394,\n         4.10932861]]), array([0.44147939, 0.44233371, 0.44438798, 0.44488123, 0.4495042 ,\n       0.45026838, 0.45056554]))", "callback": [0.7609861101085119, 0.7129060275000938, 0.699133777652577, 0.692965642692643, 0.681365804694712, 0.6551390587287124, 0.6229795106303937, 0.5442310605890591, 0.45056553867953]}, "2": {"maxiter": 100, "fatol": 1e-10, "xatol": 1e-05, "duration": 0.036116838455200195, "fun": "0.441479390167259", "nit": "100", "nfev": "161", "status": "2", "success": "False", "message": "Maximum number of iterations has been exceeded.", "x": "[ 1.68273342  7.04813938  2.30014534  2.19282437 -0.11586127  4.13466283]", "final_simplex": "(array([[ 1.68273342,  7.04813938,  2.30014534,  2.19282437, -0.11586127,\n         4.13466283],\n       [ 1.75941708,  7.08917108,  2.4438982 ,  2.3400929 , -0.19141542,\n         4.17203632],\n       [ 1.75328523,  6.96579924,  2.13796081,  2.04950449, -0.01806804,\n         4.28383843],\n       [ 1.91780675,  6.90831174,  2.20592066,  2.14137789, -0.1591853 ,\n         4.51191166],\n       [ 1.50300917,  6.93037258,  2.35148516,  2.22110595, -0.15077563,\n         4.26416346],\n       [ 1.94002867,  7.1872768 ,  2.4668646 ,  2.45150412, -0.22499577,\n         4.02979111],\n       [ 1.859321  ,  6.98101047,  2.23238104,  2.18132692, -0.12773394,\n         4.10932861]]), array([0.44147939, 0.44233371, 0.44438798, 0.44488123, 0.4495042 ,\n       0.45026838, 0.45056554]))", "callback": [0.7609861101085119, 0.7129060275000938, 0.699133777652577, 0.692965642692643, 0.681365804694712, 0.6551390587287124, 0.6229795106303937, 0.5442310605890591, 0.45056553867953]}, "3": {"maxiter": 100, "fatol": 1e-10, "xatol": 1e-10, "duration": 0.03692436218261719, "fun": "0.441479390167259", "nit": "100", "nfev": "161", "status": "2", "success": "False", "message": "Maximum number of iterations has been exceeded.", "x": "[ 1.68273342  7.04813938  2.30014534  2.19282437 -0.11586127  4.13466283]", "final_simplex": "(array([[ 1.68273342,  7.04813938,  2.30014534,  2.19282437, -0.11586127,\n         4.13466283],\n       [ 1.75941708,  7.08917108,  2.4438982 ,  2.3400929 , -0.19141542,\n         4.17203632],\n       [ 1.75328523,  6.96579924,  2.13796081,  2.04950449, -0.01806804,\n         4.28383843],\n       [ 1.91780675,  6.90831174,  2.20592066,  2.14137789, -0.1591853 ,\n         4.51191166],\n       [ 1.50300917,  6.93037258,  2.35148516,  2.22110595, -0.15077563,\n         4.26416346],\n       [ 1.94002867,  7.1872768 ,  2.4668646 ,  2.45150412, -0.22499577,\n         4.02979111],\n       [ 1.859321  ,  6.98101047,  2.23238104,  2.18132692, -0.12773394,\n         4.10932861]]), array([0.44147939, 0.44233371, 0.44438798, 0.44488123, 0.4495042 ,\n       0.45026838, 0.45056554]))", "callback": [0.7609861101085119, 0.7129060275000938, 0.699133777652577, 0.692965642692643, 0.681365804694712, 0.6551390587287124, 0.6229795106303937, 0.5442310605890591, 0.45056553867953]}, "4": {"maxiter": 500, "fatol": 1e-05, "xatol": 1e-05, "duration": 0.14873385429382324, "fun": "0.3352482036821268", "nit": "415", "nfev": "663", "status": "0", "success": "True", "message": "Optimization terminated successfully.", "x": "[ 1.75721532  7.26147711  1.63279788  2.53831757 -0.40933498  4.28233   ]", "final_simplex": "(array([[ 1.75721532,  7.26147711,  1.63279788,  2.53831757, -0.40933498,\n         4.28233   ],\n       [ 1.75721483,  7.26148205,  1.63279298,  2.53831996, -0.40934232,\n         4.28232231],\n       [ 1.75721112,  7.26147458,  1.63278967,  2.53831773, -0.40933915,\n         4.28232879],\n       [ 1.75721326,  7.26148187,  1.63279502,  2.53832507, -0.40933246,\n         4.28233143],\n       [ 1.75722174,  7.261481  ,  1.63279761,  2.53832061, -0.40933402,\n         4.28233628],\n       [ 1.75721778,  7.26148472,  1.63280444,  2.53831869, -0.40934276,\n         4.28232621],\n       [ 1.75722161,  7.26147923,  1.63279465,  2.53832518, -0.40934164,\n         4.28232764]]), array([0.3352482, 0.3352482, 0.3352482, 0.3352482, 0.3352482, 0.3352482,\n       0.3352482]))", "callback": [0.7609861101085119, 0.7129060275000938, 0.699133777652577, 0.692965642692643, 0.681365804694712, 0.6551390587287124, 0.6229795106303937, 0.5442310605890591, 0.45056553867953, 0.4337554142086639, 0.4228304215185712, 0.39941203887141274, 0.3943798503453937, 0.39168227222881, 0.38801485724149143, 0.3772674625497894, 0.3630561102718448, 0.35536701115288793, 0.3528792678197489, 0.35218906152083873, 0.3519768709584854, 0.35179993562596945, 0.35159970085854264, 0.35075436675856864, 0.34757435623428445, 0.3396948519517775, 0.33644891765633134, 0.3356534150274417, 0.33532422595331557, 0.33526692183426476, 0.33525450814350743, 0.3352512699959028, 0.3352489872431539, 0.335248395808456, 0.33524824918732066, 0.33524821183768505, 0.33524820856456217, 0.3352482048566695, 0.3352482038715279, 0.33524820372205943, 0.3352482036854951]}, "5": {"maxiter": 500, "fatol": 1e-05, "xatol": 1e-10, "duration": 0.18579578399658203, "fun": "0.33524820367875474", "nit": "500", "nfev": "829", "status": "2", "success": "False", "message": "Maximum number of iterations has been exceeded.", "x": "[ 1.75721565  7.26147923  1.63279449  2.53831919 -0.40933645  4.28232847]", "final_simplex": "(array([[ 1.75721565,  7.26147923,  1.63279449,  2.53831919, -0.40933645,\n         4.28232847],\n       [ 1.75721565,  7.26147923,  1.63279449,  2.53831919, -0.40933645,\n         4.28232847],\n       [ 1.75721565,  7.26147923,  1.63279449,  2.53831919, -0.40933645,\n         4.28232846],\n       [ 1.75721565,  7.26147923,  1.63279449,  2.53831919, -0.40933645,\n         4.28232847],\n       [ 1.75721565,  7.26147923,  1.63279448,  2.53831919, -0.40933644,\n         4.28232847],\n       [ 1.75721565,  7.26147923,  1.63279449,  2.53831919, -0.40933644,\n         4.28232847],\n       [ 1.75721565,  7.26147923,  1.63279449,  2.53831919, -0.40933644,\n         4.28232847]]), array([0.3352482, 0.3352482, 0.3352482, 0.3352482, 0.3352482, 0.3352482,\n       0.3352482]))", "callback": [0.7609861101085119, 0.7129060275000938, 0.699133777652577, 0.692965642692643, 0.681365804694712, 0.6551390587287124, 0.6229795106303937, 0.5442310605890591, 0.45056553867953, 0.4337554142086639, 0.4228304215185712, 0.39941203887141274, 0.3943798503453937, 0.39168227222881, 0.38801485724149143, 0.3772674625497894, 0.3630561102718448, 0.35536701115288793, 0.3528792678197489, 0.35218906152083873, 0.3519768709584854, 0.35179993562596945, 0.35159970085854264, 0.35075436675856864, 0.34757435623428445, 0.3396948519517775, 0.33644891765633134, 0.3356534150274417, 0.33532422595331557, 0.33526692183426476, 0.33525450814350743, 0.3352512699959028, 0.3352489872431539, 0.335248395808456, 0.33524824918732066, 0.33524821183768505, 0.33524820856456217, 0.3352482048566695, 0.3352482038715279, 0.33524820372205943, 0.3352482036854951, 0.33524820368056574, 0.3352482036791128, 0.33524820367885544, 0.3352482036787797, 0.33524820367875996, 0.33524820367875574, 0.33524820367875496, 0.33524820367875474]}, "6": {"maxiter": 500, "fatol": 1e-10, "xatol": 1e-05, "duration": 0.1490039825439453, "fun": "0.3352482036821268", "nit": "415", "nfev": "663", "status": "0", "success": "True", "message": "Optimization terminated successfully.", "x": "[ 1.75721532  7.26147711  1.63279788  2.53831757 -0.40933498  4.28233   ]", "final_simplex": "(array([[ 1.75721532,  7.26147711,  1.63279788,  2.53831757, -0.40933498,\n         4.28233   ],\n       [ 1.75721483,  7.26148205,  1.63279298,  2.53831996, -0.40934232,\n         4.28232231],\n       [ 1.75721112,  7.26147458,  1.63278967,  2.53831773, -0.40933915,\n         4.28232879],\n       [ 1.75721326,  7.26148187,  1.63279502,  2.53832507, -0.40933246,\n         4.28233143],\n       [ 1.75722174,  7.261481  ,  1.63279761,  2.53832061, -0.40933402,\n         4.28233628],\n       [ 1.75721778,  7.26148472,  1.63280444,  2.53831869, -0.40934276,\n         4.28232621],\n       [ 1.75722161,  7.26147923,  1.63279465,  2.53832518, -0.40934164,\n         4.28232764]]), array([0.3352482, 0.3352482, 0.3352482, 0.3352482, 0.3352482, 0.3352482,\n       0.3352482]))", "callback": [0.7609861101085119, 0.7129060275000938, 0.699133777652577, 0.692965642692643, 0.681365804694712, 0.6551390587287124, 0.6229795106303937, 0.5442310605890591, 0.45056553867953, 0.4337554142086639, 0.4228304215185712, 0.39941203887141274, 0.3943798503453937, 0.39168227222881, 0.38801485724149143, 0.3772674625497894, 0.3630561102718448, 0.35536701115288793, 0.3528792678197489, 0.35218906152083873, 0.3519768709584854, 0.35179993562596945, 0.35159970085854264, 0.35075436675856864, 0.34757435623428445, 0.3396948519517775, 0.33644891765633134, 0.3356534150274417, 0.33532422595331557, 0.33526692183426476, 0.33525450814350743, 0.3352512699959028, 0.3352489872431539, 0.335248395808456, 0.33524824918732066, 0.33524821183768505, 0.33524820856456217, 0.3352482048566695, 0.3352482038715279, 0.33524820372205943, 0.3352482036854951]}, "7": {"maxiter": 500, "fatol": 1e-10, "xatol": 1e-10, "duration": 0.2057631015777588, "fun": "0.33524820367875474", "nit": "500", "nfev": "829", "status": "2", "success": "False", "message": "Maximum number of iterations has been exceeded.", "x": "[ 1.75721565  7.26147923  1.63279449  2.53831919 -0.40933645  4.28232847]", "final_simplex": "(array([[ 1.75721565,  7.26147923,  1.63279449,  2.53831919, -0.40933645,\n         4.28232847],\n       [ 1.75721565,  7.26147923,  1.63279449,  2.53831919, -0.40933645,\n         4.28232847],\n       [ 1.75721565,  7.26147923,  1.63279449,  2.53831919, -0.40933645,\n         4.28232846],\n       [ 1.75721565,  7.26147923,  1.63279449,  2.53831919, -0.40933645,\n         4.28232847],\n       [ 1.75721565,  7.26147923,  1.63279448,  2.53831919, -0.40933644,\n         4.28232847],\n       [ 1.75721565,  7.26147923,  1.63279449,  2.53831919, -0.40933644,\n         4.28232847],\n       [ 1.75721565,  7.26147923,  1.63279449,  2.53831919, -0.40933644,\n         4.28232847]]), array([0.3352482, 0.3352482, 0.3352482, 0.3352482, 0.3352482, 0.3352482,\n       0.3352482]))", "callback": [0.7609861101085119, 0.7129060275000938, 0.699133777652577, 0.692965642692643, 0.681365804694712, 0.6551390587287124, 0.6229795106303937, 0.5442310605890591, 0.45056553867953, 0.4337554142086639, 0.4228304215185712, 0.39941203887141274, 0.3943798503453937, 0.39168227222881, 0.38801485724149143, 0.3772674625497894, 0.3630561102718448, 0.35536701115288793, 0.3528792678197489, 0.35218906152083873, 0.3519768709584854, 0.35179993562596945, 0.35159970085854264, 0.35075436675856864, 0.34757435623428445, 0.3396948519517775, 0.33644891765633134, 0.3356534150274417, 0.33532422595331557, 0.33526692183426476, 0.33525450814350743, 0.3352512699959028, 0.3352489872431539, 0.335248395808456, 0.33524824918732066, 0.33524821183768505, 0.33524820856456217, 0.3352482048566695, 0.3352482038715279, 0.33524820372205943, 0.3352482036854951, 0.33524820368056574, 0.3352482036791128, 0.33524820367885544, 0.3352482036787797, 0.33524820367875996, 0.33524820367875574, 0.33524820367875496, 0.33524820367875474]}, "8": {"maxiter": 1000, "fatol": 1e-05, "xatol": 1e-05, "duration": 0.15061712265014648, "fun": "0.3352482036821268", "nit": "415", "nfev": "663", "status": "0", "success": "True", "message": "Optimization terminated successfully.", "x": "[ 1.75721532  7.26147711  1.63279788  2.53831757 -0.40933498  4.28233   ]", "final_simplex": "(array([[ 1.75721532,  7.26147711,  1.63279788,  2.53831757, -0.40933498,\n         4.28233   ],\n       [ 1.75721483,  7.26148205,  1.63279298,  2.53831996, -0.40934232,\n         4.28232231],\n       [ 1.75721112,  7.26147458,  1.63278967,  2.53831773, -0.40933915,\n         4.28232879],\n       [ 1.75721326,  7.26148187,  1.63279502,  2.53832507, -0.40933246,\n         4.28233143],\n       [ 1.75722174,  7.261481  ,  1.63279761,  2.53832061, -0.40933402,\n         4.28233628],\n       [ 1.75721778,  7.26148472,  1.63280444,  2.53831869, -0.40934276,\n         4.28232621],\n       [ 1.75722161,  7.26147923,  1.63279465,  2.53832518, -0.40934164,\n         4.28232764]]), array([0.3352482, 0.3352482, 0.3352482, 0.3352482, 0.3352482, 0.3352482,\n       0.3352482]))", "callback": [0.7609861101085119, 0.7129060275000938, 0.699133777652577, 0.692965642692643, 0.681365804694712, 0.6551390587287124, 0.6229795106303937, 0.5442310605890591, 0.45056553867953, 0.4337554142086639, 0.4228304215185712, 0.39941203887141274, 0.3943798503453937, 0.39168227222881, 0.38801485724149143, 0.3772674625497894, 0.3630561102718448, 0.35536701115288793, 0.3528792678197489, 0.35218906152083873, 0.3519768709584854, 0.35179993562596945, 0.35159970085854264, 0.35075436675856864, 0.34757435623428445, 0.3396948519517775, 0.33644891765633134, 0.3356534150274417, 0.33532422595331557, 0.33526692183426476, 0.33525450814350743, 0.3352512699959028, 0.3352489872431539, 0.335248395808456, 0.33524824918732066, 0.33524821183768505, 0.33524820856456217, 0.3352482048566695, 0.3352482038715279, 0.33524820372205943, 0.3352482036854951]}, "9": {"maxiter": 1000, "fatol": 1e-05, "xatol": 1e-10, "duration": 0.22286057472229004, "fun": "0.33524820367875474", "nit": "514", "nfev": "887", "status": "0", "success": "True", "message": "Optimization terminated successfully.", "x": "[ 1.75721565  7.26147923  1.63279449  2.53831919 -0.40933645  4.28232847]", "final_simplex": "(array([[ 1.75721565,  7.26147923,  1.63279449,  2.53831919, -0.40933645,\n         4.28232847],\n       [ 1.75721565,  7.26147923,  1.63279449,  2.53831919, -0.40933645,\n         4.28232847],\n       [ 1.75721565,  7.26147923,  1.63279449,  2.53831919, -0.40933645,\n         4.28232847],\n       [ 1.75721565,  7.26147923,  1.63279449,  2.53831919, -0.40933645,\n         4.28232847],\n       [ 1.75721565,  7.26147923,  1.63279449,  2.53831919, -0.40933645,\n         4.28232847],\n       [ 1.75721565,  7.26147923,  1.63279449,  2.53831919, -0.40933645,\n         4.28232847],\n       [ 1.75721565,  7.26147923,  1.63279449,  2.53831919, -0.40933645,\n         4.28232847]]), array([0.3352482, 0.3352482, 0.3352482, 0.3352482, 0.3352482, 0.3352482,\n       0.3352482]))", "callback": [0.7609861101085119, 0.7129060275000938, 0.699133777652577, 0.692965642692643, 0.681365804694712, 0.6551390587287124, 0.6229795106303937, 0.5442310605890591, 0.45056553867953, 0.4337554142086639, 0.4228304215185712, 0.39941203887141274, 0.3943798503453937, 0.39168227222881, 0.38801485724149143, 0.3772674625497894, 0.3630561102718448, 0.35536701115288793, 0.3528792678197489, 0.35218906152083873, 0.3519768709584854, 0.35179993562596945, 0.35159970085854264, 0.35075436675856864, 0.34757435623428445, 0.3396948519517775, 0.33644891765633134, 0.3356534150274417, 0.33532422595331557, 0.33526692183426476, 0.33525450814350743, 0.3352512699959028, 0.3352489872431539, 0.335248395808456, 0.33524824918732066, 0.33524821183768505, 0.33524820856456217, 0.3352482048566695, 0.3352482038715279, 0.33524820372205943, 0.3352482036854951, 0.33524820368056574, 0.3352482036791128, 0.33524820367885544, 0.3352482036787797, 0.33524820367875996, 0.33524820367875574, 0.33524820367875496, 0.33524820367875474, 0.33524820367875474, 0.33524820367875474]}, "10": {"maxiter": 1000, "fatol": 1e-10, "xatol": 1e-05, "duration": 0.1622462272644043, "fun": "0.3352482036821268", "nit": "415", "nfev": "663", "status": "0", "success": "True", "message": "Optimization terminated successfully.", "x": "[ 1.75721532  7.26147711  1.63279788  2.53831757 -0.40933498  4.28233   ]", "final_simplex": "(array([[ 1.75721532,  7.26147711,  1.63279788,  2.53831757, -0.40933498,\n         4.28233   ],\n       [ 1.75721483,  7.26148205,  1.63279298,  2.53831996, -0.40934232,\n         4.28232231],\n       [ 1.75721112,  7.26147458,  1.63278967,  2.53831773, -0.40933915,\n         4.28232879],\n       [ 1.75721326,  7.26148187,  1.63279502,  2.53832507, -0.40933246,\n         4.28233143],\n       [ 1.75722174,  7.261481  ,  1.63279761,  2.53832061, -0.40933402,\n         4.28233628],\n       [ 1.75721778,  7.26148472,  1.63280444,  2.53831869, -0.40934276,\n         4.28232621],\n       [ 1.75722161,  7.26147923,  1.63279465,  2.53832518, -0.40934164,\n         4.28232764]]), array([0.3352482, 0.3352482, 0.3352482, 0.3352482, 0.3352482, 0.3352482,\n       0.3352482]))", "callback": [0.7609861101085119, 0.7129060275000938, 0.699133777652577, 0.692965642692643, 0.681365804694712, 0.6551390587287124, 0.6229795106303937, 0.5442310605890591, 0.45056553867953, 0.4337554142086639, 0.4228304215185712, 0.39941203887141274, 0.3943798503453937, 0.39168227222881, 0.38801485724149143, 0.3772674625497894, 0.3630561102718448, 0.35536701115288793, 0.3528792678197489, 0.35218906152083873, 0.3519768709584854, 0.35179993562596945, 0.35159970085854264, 0.35075436675856864, 0.34757435623428445, 0.3396948519517775, 0.33644891765633134, 0.3356534150274417, 0.33532422595331557, 0.33526692183426476, 0.33525450814350743, 0.3352512699959028, 0.3352489872431539, 0.335248395808456, 0.33524824918732066, 0.33524821183768505, 0.33524820856456217, 0.3352482048566695, 0.3352482038715279, 0.33524820372205943, 0.3352482036854951]}, "11": {"maxiter": 1000, "fatol": 1e-10, "xatol": 1e-10, "duration": 0.20928692817687988, "fun": "0.33524820367875474", "nit": "514", "nfev": "887", "status": "0", "success": "True", "message": "Optimization terminated successfully.", "x": "[ 1.75721565  7.26147923  1.63279449  2.53831919 -0.40933645  4.28232847]", "final_simplex": "(array([[ 1.75721565,  7.26147923,  1.63279449,  2.53831919, -0.40933645,\n         4.28232847],\n       [ 1.75721565,  7.26147923,  1.63279449,  2.53831919, -0.40933645,\n         4.28232847],\n       [ 1.75721565,  7.26147923,  1.63279449,  2.53831919, -0.40933645,\n         4.28232847],\n       [ 1.75721565,  7.26147923,  1.63279449,  2.53831919, -0.40933645,\n         4.28232847],\n       [ 1.75721565,  7.26147923,  1.63279449,  2.53831919, -0.40933645,\n         4.28232847],\n       [ 1.75721565,  7.26147923,  1.63279449,  2.53831919, -0.40933645,\n         4.28232847],\n       [ 1.75721565,  7.26147923,  1.63279449,  2.53831919, -0.40933645,\n         4.28232847]]), array([0.3352482, 0.3352482, 0.3352482, 0.3352482, 0.3352482, 0.3352482,\n       0.3352482]))", "callback": [0.7609861101085119, 0.7129060275000938, 0.699133777652577, 0.692965642692643, 0.681365804694712, 0.6551390587287124, 0.6229795106303937, 0.5442310605890591, 0.45056553867953, 0.4337554142086639, 0.4228304215185712, 0.39941203887141274, 0.3943798503453937, 0.39168227222881, 0.38801485724149143, 0.3772674625497894, 0.3630561102718448, 0.35536701115288793, 0.3528792678197489, 0.35218906152083873, 0.3519768709584854, 0.35179993562596945, 0.35159970085854264, 0.35075436675856864, 0.34757435623428445, 0.3396948519517775, 0.33644891765633134, 0.3356534150274417, 0.33532422595331557, 0.33526692183426476, 0.33525450814350743, 0.3352512699959028, 0.3352489872431539, 0.335248395808456, 0.33524824918732066, 0.33524821183768505, 0.33524820856456217, 0.3352482048566695, 0.3352482038715279, 0.33524820372205943, 0.3352482036854951, 0.33524820368056574, 0.3352482036791128, 0.33524820367885544, 0.3352482036787797, 0.33524820367875996, 0.33524820367875574, 0.33524820367875496, 0.33524820367875474, 0.33524820367875474, 0.33524820367875474]}}, "bfgs": {"type": "gradient", "0": {"maxiter": 100, "gtol": 1e-05, "xrtol": 1e-05, "eps": 1e-05, "duration": 0.04558205604553223, "fun": "0.5743981848998713", "jac": "[-1.87927451e-07 -2.37865283e-07 -6.76803058e-07  2.01794137e-07\n -1.11193277e-06  7.10331793e-07]", "hess_inv": "[[ 6.34365622 -0.27406829 -0.93827717  0.62329167  0.7605157  -1.29152837]\n [-0.27406829  7.28411175  3.7996766   2.04622145 -1.48713184  0.99208601]\n [-0.93827717  3.7996766   6.57895722  0.19774755 -1.14884934  0.25926369]\n [ 0.62329167  2.04622145  0.19774755  7.40474631  1.97596975 -1.63216835]\n [ 0.7605157  -1.48713184 -1.14884934  1.97596975  9.99073812 -6.79117513]\n [-1.29152837  0.99208601  0.25926369 -1.63216835 -6.79117513  9.56188228]]", "nfev": "196", "njev": "28", "status": "0", "success": "True", "message": "Optimization terminated successfully.", "x": "[ 4.23671537  6.69238863  0.72429371 -0.92516575  0.44778036  4.09687052]", "nit": "25", "callback": [0.5768139802033281, 0.5744006944357479]}, "1": {"maxiter": 100, "gtol": 1e-05, "xrtol": 1e-05, "eps": 1e-10, "duration": 0.04628109931945801, "fun": "0.5743981848796433", "jac": "[-1.11022293e-06  0.00000000e+00  0.00000000e+00  0.00000000e+00\n -2.22044587e-06  0.00000000e+00]", "hess_inv": "[[ 6.30139408 -0.29521468 -0.95841814  0.62596801  0.70126614 -1.23681375]\n [-0.29521468  7.26093286  3.777378    2.04076655 -1.51841025  1.01131609]\n [-0.95841814  3.777378    6.58234096  0.20347692 -1.14678221  0.21411446]\n [ 0.62596801  2.04076655  0.20347692  7.40340027  2.00440201 -1.67461525]\n [ 0.70126614 -1.51841025 -1.14678221  2.00440201  9.96381536 -6.8150269 ]\n [-1.23681375  1.01131609  0.21411446 -1.67461525 -6.8150269   9.66528539]]", "nfev": "196", "njev": "28", "status": "0", "success": "True", "message": "Optimization terminated successfully.", "x": "[ 4.23672013  6.69241012  0.72431443 -0.92515806  0.44777654  4.09687563]", "nit": "25", "callback": [0.5768137578323527, 0.5744007016453684]}, "2": {"maxiter": 100, "gtol": 1e-05, "xrtol": 1e-10, "eps": 1e-05, "duration": 0.04619288444519043, "fun": "0.5743981848998713", "jac": "[-1.87927451e-07 -2.37865283e-07 -6.76803058e-07  2.01794137e-07\n -1.11193277e-06  7.10331793e-07]", "hess_inv": "[[ 6.34365622 -0.27406829 -0.93827717  0.62329167  0.7605157  -1.29152837]\n [-0.27406829  7.28411175  3.7996766   2.04622145 -1.48713184  0.99208601]\n [-0.93827717  3.7996766   6.57895722  0.19774755 -1.14884934  0.25926369]\n [ 0.62329167  2.04622145  0.19774755  7.40474631  1.97596975 -1.63216835]\n [ 0.7605157  -1.48713184 -1.14884934  1.97596975  9.99073812 -6.79117513]\n [-1.29152837  0.99208601  0.25926369 -1.63216835 -6.79117513  9.56188228]]", "nfev": "196", "njev": "28", "status": "0", "success": "True", "message": "Optimization terminated successfully.", "x": "[ 4.23671537  6.69238863  0.72429371 -0.92516575  0.44778036  4.09687052]", "nit": "25", "callback": [0.5768139802033281, 0.5744006944357479]}, "3": {"maxiter": 100, "gtol": 1e-05, "xrtol": 1e-10, "eps": 1e-10, "duration": 0.04863405227661133, "fun": "0.5743981848796433", "jac": "[-1.11022293e-06  0.00000000e+00  0.00000000e+00  0.00000000e+00\n -2.22044587e-06  0.00000000e+00]", "hess_inv": "[[ 6.30139408 -0.29521468 -0.95841814  0.62596801  0.70126614 -1.23681375]\n [-0.29521468  7.26093286  3.777378    2.04076655 -1.51841025  1.01131609]\n [-0.95841814  3.777378    6.58234096  0.20347692 -1.14678221  0.21411446]\n [ 0.62596801  2.04076655  0.20347692  7.40340027  2.00440201 -1.67461525]\n [ 0.70126614 -1.51841025 -1.14678221  2.00440201  9.96381536 -6.8150269 ]\n [-1.23681375  1.01131609  0.21411446 -1.67461525 -6.8150269   9.66528539]]", "nfev": "196", "njev": "28", "status": "0", "success": "True", "message": "Optimization terminated successfully.", "x": "[ 4.23672013  6.69241012  0.72431443 -0.92515806  0.44777654  4.09687563]", "nit": "25", "callback": [0.5768137578323527, 0.5744007016453684]}, "4": {"maxiter": 100, "gtol": 1e-10, "xrtol": 1e-05, "eps": 1e-05, "duration": 0.04845094680786133, "fun": "0.5743981848733849", "jac": "[-5.57109914e-08 -4.61297667e-08 -2.88657986e-09  4.02899936e-08\n -8.79407658e-08 -3.08086889e-08]", "hess_inv": "[[ 6.2596806  -0.30547313 -0.90400343  0.66245874  0.72843215 -1.3445843 ]\n [-0.30547313  7.27437219  3.82580037  2.07138217 -1.45894974  0.92779737]\n [-0.90400343  3.82580037  6.65327163  0.25152959 -0.86910819 -0.01404173]\n [ 0.66245874  2.07138217  0.25152959  7.44160147  2.20160998 -1.84046866]\n [ 0.72843215 -1.45894974 -0.86910819  2.20160998 10.78366832 -7.70212991]\n [-1.3445843   0.92779737 -0.01404173 -1.84046866 -7.70212991 10.51362033]]", "nfev": "203", "njev": "29", "status": "0", "success": "True", "message": "Optimization terminated successfully.", "x": "[ 4.23671749  6.69239019  0.72429795 -0.92516271  0.44779658  4.09685482]", "nit": "26", "callback": [0.5768139802033281, 0.5744006944357479]}, "5": {"maxiter": 100, "gtol": 1e-10, "xrtol": 1e-05, "eps": 1e-10, "duration": 0.047112226486206055, "fun": "0.5743981848593112", "jac": "[2.22044587e-06 1.11022293e-06 1.11022293e-06 1.11022293e-06\n 1.11022293e-06 1.11022293e-06]", "hess_inv": "[[ 6.13511932 -0.2711664  -0.75362615  0.71967024  0.81925136 -1.55634847]\n [-0.2711664   7.26786315  3.71849041  1.9850883  -1.65794231  1.19678188]\n [-0.75362615  3.71849041  6.41241302  0.20652815 -0.94771663  0.21609095]\n [ 0.71967024  1.9850883   0.20652815  7.52109357  2.43358015 -2.05814147]\n [ 0.81925136 -1.65794231 -0.94771663  2.43358015 11.32108571 -8.22676302]\n [-1.55634847  1.19678188  0.21609095 -2.05814147 -8.22676302 10.91424353]]", "nfev": "203", "njev": "29", "status": "0", "success": "True", "message": "Optimization terminated successfully.", "x": "[ 4.23672876  6.69240614  0.72431149 -0.92515186  0.44780259  4.09685564]", "nit": "26", "callback": [0.5768137578323527, 0.5744007016453684]}, "6": {"maxiter": 100, "gtol": 1e-10, "xrtol": 1e-10, "eps": 1e-05, "duration": 0.05267190933227539, "fun": "0.5743981848725936", "jac": "[ 1.11022302e-11  4.44089210e-11 -1.11022302e-11  1.11022302e-11\n  2.22044605e-11  2.22044605e-11]", "hess_inv": "[[ 6.48387466 -0.27003639 -0.71441101  0.63721832  0.88375172 -1.34328874]\n [-0.27003639  7.27904539  3.87625061  2.08132347 -1.40184155  0.88797677]\n [-0.71441101  3.87625061  6.69181083  0.17482947 -0.80519102  0.09411681]\n [ 0.63721832  2.08132347  0.17482947  7.42657214  2.19184949 -1.8312997 ]\n [ 0.88375172 -1.40184155 -0.80519102  2.19184949 11.03252925 -7.82706408]\n [-1.34328874  0.88797677  0.09411681 -1.8312997  -7.82706408 10.61118406]]", "nfev": "224", "njev": "32", "status": "0", "success": "True", "message": "Optimization terminated successfully.", "x": "[ 4.23671785  6.69239035  0.72429802 -0.92516274  0.44779722  4.09685449]", "nit": "29", "callback": [0.5768139802033281, 0.5744006944357479]}, "7": {"maxiter": 100, "gtol": 1e-10, "xrtol": 1e-10, "eps": 1e-10, "duration": 0.05179476737976074, "fun": "0.5743981848575301", "jac": "[0. 0. 0. 0. 0. 0.]", "hess_inv": "[[  4.64475799  -1.35983061  -1.48097415  -0.70963649  -0.64101873\n   -0.6871545 ]\n [ -1.35983061   8.58990338   4.65946191   1.36796172  -6.34536041\n    4.91119503]\n [ -1.48097415   4.65946191   7.0812102   -0.19414515  -4.17810644\n    2.78165537]\n [ -0.70963649   1.36796172  -0.19414515   6.23643055   0.3030275\n   -0.60358961]\n [ -0.64101873  -6.34536041  -4.17810644   0.3030275   16.08208278\n  -12.64133002]\n [ -0.6871545    4.91119503   2.78165537  -0.60358961 -12.64133002\n   14.88631827]]", "nfev": "217", "njev": "31", "status": "0", "success": "True", "message": "Optimization terminated successfully.", "x": "[ 4.23672732  6.69240273  0.72430914 -0.92515372  0.44780522  4.09685304]", "nit": "27", "callback": [0.5768137578323527, 0.5744007016453684]}, "8": {"maxiter": 500, "gtol": 1e-05, "xrtol": 1e-05, "eps": 1e-05, "duration": 0.04689383506774902, "fun": "0.5743981848998713", "jac": "[-1.87927451e-07 -2.37865283e-07 -6.76803058e-07  2.01794137e-07\n -1.11193277e-06  7.10331793e-07]", "hess_inv": "[[ 6.34365622 -0.27406829 -0.93827717  0.62329167  0.7605157  -1.29152837]\n [-0.27406829  7.28411175  3.7996766   2.04622145 -1.48713184  0.99208601]\n [-0.93827717  3.7996766   6.57895722  0.19774755 -1.14884934  0.25926369]\n [ 0.62329167  2.04622145  0.19774755  7.40474631  1.97596975 -1.63216835]\n [ 0.7605157  -1.48713184 -1.14884934  1.97596975  9.99073812 -6.79117513]\n [-1.29152837  0.99208601  0.25926369 -1.63216835 -6.79117513  9.56188228]]", "nfev": "196", "njev": "28", "status": "0", "success": "True", "message": "Optimization terminated successfully.", "x": "[ 4.23671537  6.69238863  0.72429371 -0.92516575  0.44778036  4.09687052]", "nit": "25", "callback": [0.5768139802033281, 0.5744006944357479]}, "9": {"maxiter": 500, "gtol": 1e-05, "xrtol": 1e-05, "eps": 1e-10, "duration": 0.04600715637207031, "fun": "0.5743981848796433", "jac": "[-1.11022293e-06  0.00000000e+00  0.00000000e+00  0.00000000e+00\n -2.22044587e-06  0.00000000e+00]", "hess_inv": "[[ 6.30139408 -0.29521468 -0.95841814  0.62596801  0.70126614 -1.23681375]\n [-0.29521468  7.26093286  3.777378    2.04076655 -1.51841025  1.01131609]\n [-0.95841814  3.777378    6.58234096  0.20347692 -1.14678221  0.21411446]\n [ 0.62596801  2.04076655  0.20347692  7.40340027  2.00440201 -1.67461525]\n [ 0.70126614 -1.51841025 -1.14678221  2.00440201  9.96381536 -6.8150269 ]\n [-1.23681375  1.01131609  0.21411446 -1.67461525 -6.8150269   9.66528539]]", "nfev": "196", "njev": "28", "status": "0", "success": "True", "message": "Optimization terminated successfully.", "x": "[ 4.23672013  6.69241012  0.72431443 -0.92515806  0.44777654  4.09687563]", "nit": "25", "callback": [0.5768137578323527, 0.5744007016453684]}, "10": {"maxiter": 500, "gtol": 1e-05, "xrtol": 1e-10, "eps": 1e-05, "duration": 0.04533123970031738, "fun": "0.5743981848998713", "jac": "[-1.87927451e-07 -2.37865283e-07 -6.76803058e-07  2.01794137e-07\n -1.11193277e-06  7.10331793e-07]", "hess_inv": "[[ 6.34365622 -0.27406829 -0.93827717  0.62329167  0.7605157  -1.29152837]\n [-0.27406829  7.28411175  3.7996766   2.04622145 -1.48713184  0.99208601]\n [-0.93827717  3.7996766   6.57895722  0.19774755 -1.14884934  0.25926369]\n [ 0.62329167  2.04622145  0.19774755  7.40474631  1.97596975 -1.63216835]\n [ 0.7605157  -1.48713184 -1.14884934  1.97596975  9.99073812 -6.79117513]\n [-1.29152837  0.99208601  0.25926369 -1.63216835 -6.79117513  9.56188228]]", "nfev": "196", "njev": "28", "status": "0", "success": "True", "message": "Optimization terminated successfully.", "x": "[ 4.23671537  6.69238863  0.72429371 -0.92516575  0.44778036  4.09687052]", "nit": "25", "callback": [0.5768139802033281, 0.5744006944357479]}, "11": {"maxiter": 500, "gtol": 1e-05, "xrtol": 1e-10, "eps": 1e-10, "duration": 0.04583287239074707, "fun": "0.5743981848796433", "jac": "[-1.11022293e-06  0.00000000e+00  0.00000000e+00  0.00000000e+00\n -2.22044587e-06  0.00000000e+00]", "hess_inv": "[[ 6.30139408 -0.29521468 -0.95841814  0.62596801  0.70126614 -1.23681375]\n [-0.29521468  7.26093286  3.777378    2.04076655 -1.51841025  1.01131609]\n [-0.95841814  3.777378    6.58234096  0.20347692 -1.14678221  0.21411446]\n [ 0.62596801  2.04076655  0.20347692  7.40340027  2.00440201 -1.67461525]\n [ 0.70126614 -1.51841025 -1.14678221  2.00440201  9.96381536 -6.8150269 ]\n [-1.23681375  1.01131609  0.21411446 -1.67461525 -6.8150269   9.66528539]]", "nfev": "196", "njev": "28", "status": "0", "success": "True", "message": "Optimization terminated successfully.", "x": "[ 4.23672013  6.69241012  0.72431443 -0.92515806  0.44777654  4.09687563]", "nit": "25", "callback": [0.5768137578323527, 0.5744007016453684]}, "12": {"maxiter": 500, "gtol": 1e-10, "xrtol": 1e-05, "eps": 1e-05, "duration": 0.047338008880615234, "fun": "0.5743981848733849", "jac": "[-5.57109914e-08 -4.61297667e-08 -2.88657986e-09  4.02899936e-08\n -8.79407658e-08 -3.08086889e-08]", "hess_inv": "[[ 6.2596806  -0.30547313 -0.90400343  0.66245874  0.72843215 -1.3445843 ]\n [-0.30547313  7.27437219  3.82580037  2.07138217 -1.45894974  0.92779737]\n [-0.90400343  3.82580037  6.65327163  0.25152959 -0.86910819 -0.01404173]\n [ 0.66245874  2.07138217  0.25152959  7.44160147  2.20160998 -1.84046866]\n [ 0.72843215 -1.45894974 -0.86910819  2.20160998 10.78366832 -7.70212991]\n [-1.3445843   0.92779737 -0.01404173 -1.84046866 -7.70212991 10.51362033]]", "nfev": "203", "njev": "29", "status": "0", "success": "True", "message": "Optimization terminated successfully.", "x": "[ 4.23671749  6.69239019  0.72429795 -0.92516271  0.44779658  4.09685482]", "nit": "26", "callback": [0.5768139802033281, 0.5744006944357479]}, "13": {"maxiter": 500, "gtol": 1e-10, "xrtol": 1e-05, "eps": 1e-10, "duration": 0.04728984832763672, "fun": "0.5743981848593112", "jac": "[2.22044587e-06 1.11022293e-06 1.11022293e-06 1.11022293e-06\n 1.11022293e-06 1.11022293e-06]", "hess_inv": "[[ 6.13511932 -0.2711664  -0.75362615  0.71967024  0.81925136 -1.55634847]\n [-0.2711664   7.26786315  3.71849041  1.9850883  -1.65794231  1.19678188]\n [-0.75362615  3.71849041  6.41241302  0.20652815 -0.94771663  0.21609095]\n [ 0.71967024  1.9850883   0.20652815  7.52109357  2.43358015 -2.05814147]\n [ 0.81925136 -1.65794231 -0.94771663  2.43358015 11.32108571 -8.22676302]\n [-1.55634847  1.19678188  0.21609095 -2.05814147 -8.22676302 10.91424353]]", "nfev": "203", "njev": "29", "status": "0", "success": "True", "message": "Optimization terminated successfully.", "x": "[ 4.23672876  6.69240614  0.72431149 -0.92515186  0.44780259  4.09685564]", "nit": "26", "callback": [0.5768137578323527, 0.5744007016453684]}, "14": {"maxiter": 500, "gtol": 1e-10, "xrtol": 1e-10, "eps": 1e-05, "duration": 0.05145001411437988, "fun": "0.5743981848725936", "jac": "[ 1.11022302e-11  4.44089210e-11 -1.11022302e-11  1.11022302e-11\n  2.22044605e-11  2.22044605e-11]", "hess_inv": "[[ 6.48387466 -0.27003639 -0.71441101  0.63721832  0.88375172 -1.34328874]\n [-0.27003639  7.27904539  3.87625061  2.08132347 -1.40184155  0.88797677]\n [-0.71441101  3.87625061  6.69181083  0.17482947 -0.80519102  0.09411681]\n [ 0.63721832  2.08132347  0.17482947  7.42657214  2.19184949 -1.8312997 ]\n [ 0.88375172 -1.40184155 -0.80519102  2.19184949 11.03252925 -7.82706408]\n [-1.34328874  0.88797677  0.09411681 -1.8312997  -7.82706408 10.61118406]]", "nfev": "224", "njev": "32", "status": "0", "success": "True", "message": "Optimization terminated successfully.", "x": "[ 4.23671785  6.69239035  0.72429802 -0.92516274  0.44779722  4.09685449]", "nit": "29", "callback": [0.5768139802033281, 0.5744006944357479]}, "15": {"maxiter": 500, "gtol": 1e-10, "xrtol": 1e-10, "eps": 1e-10, "duration": 0.0504910945892334, "fun": "0.5743981848575301", "jac": "[0. 0. 0. 0. 0. 0.]", "hess_inv": "[[  4.64475799  -1.35983061  -1.48097415  -0.70963649  -0.64101873\n   -0.6871545 ]\n [ -1.35983061   8.58990338   4.65946191   1.36796172  -6.34536041\n    4.91119503]\n [ -1.48097415   4.65946191   7.0812102   -0.19414515  -4.17810644\n    2.78165537]\n [ -0.70963649   1.36796172  -0.19414515   6.23643055   0.3030275\n   -0.60358961]\n [ -0.64101873  -6.34536041  -4.17810644   0.3030275   16.08208278\n  -12.64133002]\n [ -0.6871545    4.91119503   2.78165537  -0.60358961 -12.64133002\n   14.88631827]]", "nfev": "217", "njev": "31", "status": "0", "success": "True", "message": "Optimization terminated successfully.", "x": "[ 4.23672732  6.69240273  0.72430914 -0.92515372  0.44780522  4.09685304]", "nit": "27", "callback": [0.5768137578323527, 0.5744007016453684]}, "16": {"maxiter": 1000, "gtol": 1e-05, "xrtol": 1e-05, "eps": 1e-05, "duration": 0.04534196853637695, "fun": "0.5743981848998713", "jac": "[-1.87927451e-07 -2.37865283e-07 -6.76803058e-07  2.01794137e-07\n -1.11193277e-06  7.10331793e-07]", "hess_inv": "[[ 6.34365622 -0.27406829 -0.93827717  0.62329167  0.7605157  -1.29152837]\n [-0.27406829  7.28411175  3.7996766   2.04622145 -1.48713184  0.99208601]\n [-0.93827717  3.7996766   6.57895722  0.19774755 -1.14884934  0.25926369]\n [ 0.62329167  2.04622145  0.19774755  7.40474631  1.97596975 -1.63216835]