{"date": "2024/09/23/, 15:33:30", "conf_id": 30, "data_type": "random\n", "num_data_points": 2, "s_rank": 0, "unitary": "[[-0.45070455-0.02711853j,0.78437395-0.06613086j,0.06358678+0.19963393j,-0.07343613+0.35668523j],[-0.01890143-0.03813363j,0.32408202+0.25557629j,0.05872864-0.68979805j,0.55466693-0.20227297j],[-0.11215405+0.64023111j,-0.13344055+0.29565494j,-0.49012687-0.19046288j,-0.04241254+0.44046348j],[0.55771659+0.24656916j,0.31851997-0.05798805j,0.28761525-0.34294258j,-0.56718418+0.03616933j]]", "databatch_0": {"databatch": "[[[-0.0779512+0.17058044j,-0.2648647-0.02934216j,-0.05751179+0.14710999j,0.08781596+0.27454089j],[0.10279813+0.02315208j,-0.28872821-0.11699758j,-0.30792178+0.10987042j,0.14834643+0.11756917j],[-0.14125582-0.19919366j,-0.1373623+0.06774381j,-0.04063293+0.3209736j,-0.22335527-0.25204515j],[0.11212276-0.14854455j,0.11255005-0.10596502j,-0.15061384-0.12015637j,0.33704261+0.15644393j]],[[0.13334929-0.00945854j,-0.13555577+0.08033427j,0.25266927+0.027441j,-0.02407518-0.14516955j],[0.13743407+0.03762556j,-0.00757683-0.29500802j,0.28039991-0.09903875j,-0.09738428+0.23483749j],[-0.35529068-0.16965373j,0.25147201+0.00450129j,0.43608067+0.02872624j,0.33320977-0.12735869j],[0.03147809+0.0786476j,-0.09567823-0.19694754j,0.07721524-0.08056247j,0.05792725+0.05616959j]]]", "initial param values": "[5.0760178,5.1432105,0.25570589,3.3819966,5.20229719,4.25226973]", "nelder_mead": {"type": "gradient-free", "0": {"maxiter": 100, "fatol": 1e-05, "xatol": 1e-05, "duration": 0.07699203491210938, "fun": "0.5389827553715066", "nit": "100", "nfev": "158", "status": "2", "success": "False", "message": "Maximum number of iterations has been exceeded.", "x": "[4.71246509 3.98802471 0.42092251 1.98873162 5.16817935 2.53592014]", "final_simplex": "(array([[4.71246509, 3.98802471, 0.42092251, 1.98873162, 5.16817935,\n        2.53592014],\n       [4.69201045, 3.96544316, 0.42724635, 1.92316878, 5.20218294,\n        2.53268542],\n       [4.68683234, 3.94824299, 0.42645632, 1.95763371, 5.19227386,\n        2.5079601 ],\n       [4.72476681, 3.96010425, 0.42392767, 1.9284112 , 5.21014694,\n        2.5333474 ],\n       [4.70578083, 3.98402741, 0.42079872, 1.93107893, 5.23062876,\n        2.58989986],\n       [4.72334925, 3.98556238, 0.42048325, 1.96668827, 5.22149533,\n        2.56017577],\n       [4.71866667, 4.0075103 , 0.41982347, 1.96785449, 5.18507093,\n        2.51824218]]), array([0.53898276, 0.53923852, 0.5393472 , 0.53939568, 0.53946165,\n       0.53946648, 0.5395248 ]))", "callback": [0.668363751441363, 0.6359274087257082, 0.6359274087257082, 0.6206935009036841, 0.5587578408273849, 0.5455595786646343, 0.5443710887121492, 0.5401741215611975, 0.5396672041329731]}, "1": {"maxiter": 100, "fatol": 1e-05, "xatol": 1e-10, "duration": 0.06920003890991211, "fun": "0.5389827553715066", "nit": "100", "nfev": "158", "status": "2", "success": "False", "message": "Maximum number of iterations has been exceeded.", "x": "[4.71246509 3.98802471 0.42092251 1.98873162 5.16817935 2.53592014]", "final_simplex": "(array([[4.71246509, 3.98802471, 0.42092251, 1.98873162, 5.16817935,\n        2.53592014],\n       [4.69201045, 3.96544316, 0.42724635, 1.92316878, 5.20218294,\n        2.53268542],\n       [4.68683234, 3.94824299, 0.42645632, 1.95763371, 5.19227386,\n        2.5079601 ],\n       [4.72476681, 3.96010425, 0.42392767, 1.9284112 , 5.21014694,\n        2.5333474 ],\n       [4.70578083, 3.98402741, 0.42079872, 1.93107893, 5.23062876,\n        2.58989986],\n       [4.72334925, 3.98556238, 0.42048325, 1.96668827, 5.22149533,\n        2.56017577],\n       [4.71866667, 4.0075103 , 0.41982347, 1.96785449, 5.18507093,\n        2.51824218]]), array([0.53898276, 0.53923852, 0.5393472 , 0.53939568, 0.53946165,\n       0.53946648, 0.5395248 ]))", "callback": [0.668363751441363, 0.6359274087257082, 0.6359274087257082, 0.6206935009036841, 0.5587578408273849, 0.5455595786646343, 0.5443710887121492, 0.5401741215611975, 0.5396672041329731]}, "2": {"maxiter": 100, "fatol": 1e-10, "xatol": 1e-05, "duration": 0.06802821159362793, "fun": "0.5389827553715066", "nit": "100", "nfev": "158", "status": "2", "success": "False", "message": "Maximum number of iterations has been exceeded.", "x": "[4.71246509 3.98802471 0.42092251 1.98873162 5.16817935 2.53592014]", "final_simplex": "(array([[4.71246509, 3.98802471, 0.42092251, 1.98873162, 5.16817935,\n        2.53592014],\n       [4.69201045, 3.96544316, 0.42724635, 1.92316878, 5.20218294,\n        2.53268542],\n       [4.68683234, 3.94824299, 0.42645632, 1.95763371, 5.19227386,\n        2.5079601 ],\n       [4.72476681, 3.96010425, 0.42392767, 1.9284112 , 5.21014694,\n        2.5333474 ],\n       [4.70578083, 3.98402741, 0.42079872, 1.93107893, 5.23062876,\n        2.58989986],\n       [4.72334925, 3.98556238, 0.42048325, 1.96668827, 5.22149533,\n        2.56017577],\n       [4.71866667, 4.0075103 , 0.41982347, 1.96785449, 5.18507093,\n        2.51824218]]), array([0.53898276, 0.53923852, 0.5393472 , 0.53939568, 0.53946165,\n       0.53946648, 0.5395248 ]))", "callback": [0.668363751441363, 0.6359274087257082, 0.6359274087257082, 0.6206935009036841, 0.5587578408273849, 0.5455595786646343, 0.5443710887121492, 0.5401741215611975, 0.5396672041329731]}, "3": {"maxiter": 100, "fatol": 1e-10, "xatol": 1e-10, "duration": 0.0667569637298584, "fun": "0.5389827553715066", "nit": "100", "nfev": "158", "status": "2", "success": "False", "message": "Maximum number of iterations has been exceeded.", "x": "[4.71246509 3.98802471 0.42092251 1.98873162 5.16817935 2.53592014]", "final_simplex": "(array([[4.71246509, 3.98802471, 0.42092251, 1.98873162, 5.16817935,\n        2.53592014],\n       [4.69201045, 3.96544316, 0.42724635, 1.92316878, 5.20218294,\n        2.53268542],\n       [4.68683234, 3.94824299, 0.42645632, 1.95763371, 5.19227386,\n        2.5079601 ],\n       [4.72476681, 3.96010425, 0.42392767, 1.9284112 , 5.21014694,\n        2.5333474 ],\n       [4.70578083, 3.98402741, 0.42079872, 1.93107893, 5.23062876,\n        2.58989986],\n       [4.72334925, 3.98556238, 0.42048325, 1.96668827, 5.22149533,\n        2.56017577],\n       [4.71866667, 4.0075103 , 0.41982347, 1.96785449, 5.18507093,\n        2.51824218]]), array([0.53898276, 0.53923852, 0.5393472 , 0.53939568, 0.53946165,\n       0.53946648, 0.5395248 ]))", "callback": [0.668363751441363, 0.6359274087257082, 0.6359274087257082, 0.6206935009036841, 0.5587578408273849, 0.5455595786646343, 0.5443710887121492, 0.5401741215611975, 0.5396672041329731]}, "4": {"maxiter": 500, "fatol": 1e-05, "xatol": 1e-05, "duration": 0.2357339859008789, "fun": "0.5365085556052536", "nit": "396", "nfev": "630", "status": "0", "success": "True", "message": "Optimization terminated successfully.", "x": "[4.68270658 3.95099487 0.14480407 2.09470809 5.16050941 2.38180394]", "final_simplex": "(array([[4.68270658, 3.95099487, 0.14480407, 2.09470809, 5.16050941,\n        2.38180394],\n       [4.68270741, 3.95099473, 0.14479653, 2.0947133 , 5.16051019,\n        2.38179781],\n       [4.68270951, 3.9509959 , 0.14480078, 2.09471293, 5.16051335,\n        2.38181024],\n       [4.68270527, 3.9509896 , 0.14480263, 2.09470617, 5.16050502,\n        2.38180165],\n       [4.68270737, 3.95099172, 0.14480788, 2.09471154, 5.16050868,\n        2.38181013],\n       [4.68271177, 3.95099464, 0.14479864, 2.09470953, 5.16050762,\n        2.38179919],\n       [4.68270347, 3.95099529, 0.14480241, 2.09471022, 5.16050671,\n        2.38180117]]), array([0.53650856, 0.53650856, 0.53650856, 0.53650856, 0.53650856,\n       0.53650856, 0.53650856]))", "callback": [0.668363751441363, 0.6359274087257082, 0.6359274087257082, 0.6206935009036841, 0.5587578408273849, 0.5455595786646343, 0.5443710887121492, 0.5401741215611975, 0.5396672041329731, 0.5389827553715066, 0.5385498896299664, 0.5383519341091249, 0.5382953172603826, 0.5382764168100884, 0.5382710021506998, 0.5382574720379616, 0.5382154145135735, 0.538134861239096, 0.5379466508219806, 0.5377540313774959, 0.5370117851247, 0.5366375313639893, 0.536543527630674, 0.536514484113003, 0.5365136544480071, 0.5365095384888298, 0.5365089709593732, 0.5365088035326386, 0.5365086389966267, 0.5365085798984497, 0.5365085657316822, 0.5365085657316822, 0.536508560271318, 0.5365085583191875, 0.5365085563979408, 0.5365085557760395, 0.536508555668614, 0.5365085556263265, 0.5365085556116451]}, "5": {"maxiter": 500, "fatol": 1e-05, "xatol": 1e-10, "duration": 0.3558199405670166, "fun": "0.5365085555928671", "nit": "500", "nfev": "798", "status": "2", "success": "False", "message": "Maximum number of iterations has been exceeded.", "x": "[4.6827084  3.95098781 0.1448088  2.09470277 5.16051807 2.38180741]", "final_simplex": "(array([[4.6827084 , 3.95098781, 0.1448088 , 2.09470277, 5.16051807,\n        2.38180741],\n       [4.6827084 , 3.95098781, 0.14480878, 2.09470278, 5.16051803,\n        2.38180736],\n       [4.68270841, 3.95098781, 0.14480878, 2.09470279, 5.16051807,\n        2.38180738],\n       [4.68270838, 3.95098781, 0.14480875, 2.0947028 , 5.16051808,\n        2.38180735],\n       [4.68270838, 3.9509878 , 0.14480884, 2.09470274, 5.16051807,\n        2.3818074 ],\n       [4.6827084 , 3.95098778, 0.1448088 , 2.09470275, 5.16051807,\n        2.38180739],\n       [4.68270838, 3.9509878 , 0.1448088 , 2.09470278, 5.16051807,\n        2.38180739]]), array([0.53650856, 0.53650856, 0.53650856, 0.53650856, 0.53650856,\n       0.53650856, 0.53650856]))", "callback": [0.668363751441363, 0.6359274087257082, 0.6359274087257082, 0.6206935009036841, 0.5587578408273849, 0.5455595786646343, 0.5443710887121492, 0.5401741215611975, 0.5396672041329731, 0.5389827553715066, 0.5385498896299664, 0.5383519341091249, 0.5382953172603826, 0.5382764168100884, 0.5382710021506998, 0.5382574720379616, 0.5382154145135735, 0.538134861239096, 0.5379466508219806, 0.5377540313774959, 0.5370117851247, 0.5366375313639893, 0.536543527630674, 0.536514484113003, 0.5365136544480071, 0.5365095384888298, 0.5365089709593732, 0.5365088035326386, 0.5365086389966267, 0.5365085798984497, 0.5365085657316822, 0.5365085657316822, 0.536508560271318, 0.5365085583191875, 0.5365085563979408, 0.5365085557760395, 0.536508555668614, 0.5365085556263265, 0.5365085556116451, 0.5365085556023307, 0.5365085555964805, 0.5365085555956786, 0.5365085555934026, 0.536508555592959, 0.5365085555929557, 0.5365085555928871, 0.5365085555928713, 0.5365085555928683, 0.5365085555928675]}, "6": {"maxiter": 500, "fatol": 1e-10, "xatol": 1e-05, "duration": 0.32114529609680176, "fun": "0.5365085556052536", "nit": "396", "nfev": "630", "status": "0", "success": "True", "message": "Optimization terminated successfully.", "x": "[4.68270658 3.95099487 0.14480407 2.09470809 5.16050941 2.38180394]", "final_simplex": "(array([[4.68270658, 3.95099487, 0.14480407, 2.09470809, 5.16050941,\n        2.38180394],\n       [4.68270741, 3.95099473, 0.14479653, 2.0947133 , 5.16051019,\n        2.38179781],\n       [4.68270951, 3.9509959 , 0.14480078, 2.09471293, 5.16051335,\n        2.38181024],\n       [4.68270527, 3.9509896 , 0.14480263, 2.09470617, 5.16050502,\n        2.38180165],\n       [4.68270737, 3.95099172, 0.14480788, 2.09471154, 5.16050868,\n        2.38181013],\n       [4.68271177, 3.95099464, 0.14479864, 2.09470953, 5.16050762,\n        2.38179919],\n       [4.68270347, 3.95099529, 0.14480241, 2.09471022, 5.16050671,\n        2.38180117]]), array([0.53650856, 0.53650856, 0.53650856, 0.53650856, 0.53650856,\n       0.53650856, 0.53650856]))", "callback": [0.668363751441363, 0.6359274087257082, 0.6359274087257082, 0.6206935009036841, 0.5587578408273849, 0.5455595786646343, 0.5443710887121492, 0.5401741215611975, 0.5396672041329731, 0.5389827553715066, 0.5385498896299664, 0.5383519341091249, 0.5382953172603826, 0.5382764168100884, 0.5382710021506998, 0.5382574720379616, 0.5382154145135735, 0.538134861239096, 0.5379466508219806, 0.5377540313774959, 0.5370117851247, 0.5366375313639893, 0.536543527630674, 0.536514484113003, 0.5365136544480071, 0.5365095384888298, 0.5365089709593732, 0.5365088035326386, 0.5365086389966267, 0.5365085798984497, 0.5365085657316822, 0.5365085657316822, 0.536508560271318, 0.5365085583191875, 0.5365085563979408, 0.5365085557760395, 0.536508555668614, 0.5365085556263265, 0.5365085556116451]}, "7": {"maxiter": 500, "fatol": 1e-10, "xatol": 1e-10, "duration": 0.33989500999450684, "fun": "0.5365085555928671", "nit": "500", "nfev": "798", "status": "2", "success": "False", "message": "Maximum number of iterations has been exceeded.", "x": "[4.6827084  3.95098781 0.1448088  2.09470277 5.16051807 2.38180741]", "final_simplex": "(array([[4.6827084 , 3.95098781, 0.1448088 , 2.09470277, 5.16051807,\n        2.38180741],\n       [4.6827084 , 3.95098781, 0.14480878, 2.09470278, 5.16051803,\n        2.38180736],\n       [4.68270841, 3.95098781, 0.14480878, 2.09470279, 5.16051807,\n        2.38180738],\n       [4.68270838, 3.95098781, 0.14480875, 2.0947028 , 5.16051808,\n        2.38180735],\n       [4.68270838, 3.9509878 , 0.14480884, 2.09470274, 5.16051807,\n        2.3818074 ],\n       [4.6827084 , 3.95098778, 0.1448088 , 2.09470275, 5.16051807,\n        2.38180739],\n       [4.68270838, 3.9509878 , 0.1448088 , 2.09470278, 5.16051807,\n        2.38180739]]), array([0.53650856, 0.53650856, 0.53650856, 0.53650856, 0.53650856,\n       0.53650856, 0.53650856]))", "callback": [0.668363751441363, 0.6359274087257082, 0.6359274087257082, 0.6206935009036841, 0.5587578408273849, 0.5455595786646343, 0.5443710887121492, 0.5401741215611975, 0.5396672041329731, 0.5389827553715066, 0.5385498896299664, 0.5383519341091249, 0.5382953172603826, 0.5382764168100884, 0.5382710021506998, 0.5382574720379616, 0.5382154145135735, 0.538134861239096, 0.5379466508219806, 0.5377540313774959, 0.5370117851247, 0.5366375313639893, 0.536543527630674, 0.536514484113003, 0.5365136544480071, 0.5365095384888298, 0.5365089709593732, 0.5365088035326386, 0.5365086389966267, 0.5365085798984497, 0.5365085657316822, 0.5365085657316822, 0.536508560271318, 0.5365085583191875, 0.5365085563979408, 0.5365085557760395, 0.536508555668614, 0.5365085556263265, 0.5365085556116451, 0.5365085556023307, 0.5365085555964805, 0.5365085555956786, 0.5365085555934026, 0.536508555592959, 0.5365085555929557, 0.5365085555928871, 0.5365085555928713, 0.5365085555928683, 0.5365085555928675]}, "8": {"maxiter": 1000, "fatol": 1e-05, "xatol": 1e-05, "duration": 0.2559530735015869, "fun": "0.5365085556052536", "nit": "396", "nfev": "630", "status": "0", "success": "True", "message": "Optimization terminated successfully.", "x": "[4.68270658 3.95099487 0.14480407 2.09470809 5.16050941 2.38180394]", "final_simplex": "(array([[4.68270658, 3.95099487, 0.14480407, 2.09470809, 5.16050941,\n        2.38180394],\n       [4.68270741, 3.95099473, 0.14479653, 2.0947133 , 5.16051019,\n        2.38179781],\n       [4.68270951, 3.9509959 , 0.14480078, 2.09471293, 5.16051335,\n        2.38181024],\n       [4.68270527, 3.9509896 , 0.14480263, 2.09470617, 5.16050502,\n        2.38180165],\n       [4.68270737, 3.95099172, 0.14480788, 2.09471154, 5.16050868,\n        2.38181013],\n       [4.68271177, 3.95099464, 0.14479864, 2.09470953, 5.16050762,\n        2.38179919],\n       [4.68270347, 3.95099529, 0.14480241, 2.09471022, 5.16050671,\n        2.38180117]]), array([0.53650856, 0.53650856, 0.53650856, 0.53650856, 0.53650856,\n       0.53650856, 0.53650856]))", "callback": [0.668363751441363, 0.6359274087257082, 0.6359274087257082, 0.6206935009036841, 0.5587578408273849, 0.5455595786646343, 0.5443710887121492, 0.5401741215611975, 0.5396672041329731, 0.5389827553715066, 0.5385498896299664, 0.5383519341091249, 0.5382953172603826, 0.5382764168100884, 0.5382710021506998, 0.5382574720379616, 0.5382154145135735, 0.538134861239096, 0.5379466508219806, 0.5377540313774959, 0.5370117851247, 0.5366375313639893, 0.536543527630674, 0.536514484113003, 0.5365136544480071, 0.5365095384888298, 0.5365089709593732, 0.5365088035326386, 0.5365086389966267, 0.5365085798984497, 0.5365085657316822, 0.5365085657316822, 0.536508560271318, 0.5365085583191875, 0.5365085563979408, 0.5365085557760395, 0.536508555668614, 0.5365085556263265, 0.5365085556116451]}, "9": {"maxiter": 1000, "fatol": 1e-05, "xatol": 1e-10, "duration": 0.3770480155944824, "fun": "0.5365085555928669", "nit": "522", "nfev": "889", "status": "0", "success": "True", "message": "Optimization terminated successfully.", "x": "[4.6827084  3.95098781 0.1448088  2.09470277 5.16051807 2.38180741]", "final_simplex": "(array([[4.6827084 , 3.95098781, 0.1448088 , 2.09470277, 5.16051807,\n        2.38180741],\n       [4.6827084 , 3.95098781, 0.1448088 , 2.09470277, 5.16051807,\n        2.38180741],\n       [4.6827084 , 3.95098781, 0.1448088 , 2.09470277, 5.16051807,\n        2.38180741],\n       [4.6827084 , 3.95098781, 0.1448088 , 2.09470277, 5.16051807,\n        2.38180741],\n       [4.6827084 , 3.95098781, 0.1448088 , 2.09470277, 5.16051807,\n        2.38180741],\n       [4.6827084 , 3.95098781, 0.1448088 , 2.09470277, 5.16051807,\n        2.38180741],\n       [4.6827084 , 3.95098781, 0.1448088 , 2.09470277, 5.16051807,\n        2.38180741]]), array([0.53650856, 0.53650856, 0.53650856, 0.53650856, 0.53650856,\n       0.53650856, 0.53650856]))", "callback": [0.668363751441363, 0.6359274087257082, 0.6359274087257082, 0.6206935009036841, 0.5587578408273849, 0.5455595786646343, 0.5443710887121492, 0.5401741215611975, 0.5396672041329731, 0.5389827553715066, 0.5385498896299664, 0.5383519341091249, 0.5382953172603826, 0.5382764168100884, 0.5382710021506998, 0.5382574720379616, 0.5382154145135735, 0.538134861239096, 0.5379466508219806, 0.5377540313774959, 0.5370117851247, 0.5366375313639893, 0.536543527630674, 0.536514484113003, 0.5365136544480071, 0.5365095384888298, 0.5365089709593732, 0.5365088035326386, 0.5365086389966267, 0.5365085798984497, 0.5365085657316822, 0.5365085657316822, 0.536508560271318, 0.5365085583191875, 0.5365085563979408, 0.5365085557760395, 0.536508555668614, 0.5365085556263265, 0.5365085556116451, 0.5365085556023307, 0.5365085555964805, 0.5365085555956786, 0.5365085555934026, 0.536508555592959, 0.5365085555929557, 0.5365085555928871, 0.5365085555928713, 0.5365085555928683, 0.5365085555928675, 0.5365085555928671, 0.5365085555928669, 0.5365085555928669]}, "10": {"maxiter": 1000, "fatol": 1e-10, "xatol": 1e-05, "duration": 0.2701280117034912, "fun": "0.5365085556052536", "nit": "396", "nfev": "630", "status": "0", "success": "True", "message": "Optimization terminated successfully.", "x": "[4.68270658 3.95099487 0.14480407 2.09470809 5.16050941 2.38180394]", "final_simplex": "(array([[4.68270658, 3.95099487, 0.14480407, 2.09470809, 5.16050941,\n        2.38180394],\n       [4.68270741, 3.95099473, 0.14479653, 2.0947133 , 5.16051019,\n        2.38179781],\n       [4.68270951, 3.9509959 , 0.14480078, 2.09471293, 5.16051335,\n        2.38181024],\n       [4.68270527, 3.9509896 , 0.14480263, 2.09470617, 5.16050502,\n        2.38180165],\n       [4.68270737, 3.95099172, 0.14480788, 2.09471154, 5.16050868,\n        2.38181013],\n       [4.68271177, 3.95099464, 0.14479864, 2.09470953, 5.16050762,\n        2.38179919],\n       [4.68270347, 3.95099529, 0.14480241, 2.09471022, 5.16050671,\n        2.38180117]]), array([0.53650856, 0.53650856, 0.53650856, 0.53650856, 0.53650856,\n       0.53650856, 0.53650856]))", "callback": [0.668363751441363, 0.6359274087257082, 0.6359274087257082, 0.6206935009036841, 0.5587578408273849, 0.5455595786646343, 0.5443710887121492, 0.5401741215611975, 0.5396672041329731, 0.5389827553715066, 0.5385498896299664, 0.5383519341091249, 0.5382953172603826, 0.5382764168100884, 0.5382710021506998, 0.5382574720379616, 0.5382154145135735, 0.538134861239096, 0.5379466508219806, 0.5377540313774959, 0.5370117851247, 0.5366375313639893, 0.536543527630674, 0.536514484113003, 0.5365136544480071, 0.5365095384888298, 0.5365089709593732, 0.5365088035326386, 0.5365086389966267, 0.5365085798984497, 0.5365085657316822, 0.5365085657316822, 0.536508560271318, 0.5365085583191875, 0.5365085563979408, 0.5365085557760395, 0.536508555668614, 0.5365085556263265, 0.5365085556116451]}, "11": {"maxiter": 1000, "fatol": 1e-10, "xatol": 1e-10, "duration": 0.37122416496276855, "fun": "0.5365085555928669", "nit": "522", "nfev": "889", "status": "0", "success": "True", "message": "Optimization terminated successfully.", "x": "[4.6827084  3.95098781 0.1448088  2.09470277 5.16051807 2.38180741]", "final_simplex": "(array([[4.6827084 , 3.95098781, 0.1448088 , 2.09470277, 5.16051807,\n        2.38180741],\n       [4.6827084 , 3.95098781, 0.1448088 , 2.09470277, 5.16051807,\n        2.38180741],\n       [4.6827084 , 3.95098781, 0.1448088 , 2.09470277, 5.16051807,\n        2.38180741],\n       [4.6827084 , 3.95098781, 0.1448088 , 2.09470277, 5.16051807,\n        2.38180741],\n       [4.6827084 , 3.95098781, 0.1448088 , 2.09470277, 5.16051807,\n        2.38180741],\n       [4.6827084 , 3.95098781, 0.1448088 , 2.09470277, 5.16051807,\n        2.38180741],\n       [4.6827084 , 3.95098781, 0.1448088 , 2.09470277, 5.16051807,\n        2.38180741]]), array([0.53650856, 0.53650856, 0.53650856, 0.53650856, 0.53650856,\n       0.53650856, 0.53650856]))", "callback": [0.668363751441363, 0.6359274087257082, 0.6359274087257082, 0.6206935009036841, 0.5587578408273849, 0.5455595786646343, 0.5443710887121492, 0.5401741215611975, 0.5396672041329731, 0.5389827553715066, 0.5385498896299664, 0.5383519341091249, 0.5382953172603826, 0.5382764168100884, 0.5382710021506998, 0.5382574720379616, 0.5382154145135735, 0.538134861239096, 0.5379466508219806, 0.5377540313774959, 0.5370117851247, 0.5366375313639893, 0.536543527630674, 0.536514484113003, 0.5365136544480071, 0.5365095384888298, 0.5365089709593732, 0.5365088035326386, 0.5365086389966267, 0.5365085798984497, 0.5365085657316822, 0.5365085657316822, 0.536508560271318, 0.5365085583191875, 0.5365085563979408, 0.5365085557760395, 0.536508555668614, 0.5365085556263265, 0.5365085556116451, 0.5365085556023307, 0.5365085555964805, 0.5365085555956786, 0.5365085555934026, 0.536508555592959, 0.5365085555929557, 0.5365085555928871, 0.5365085555928713, 0.5365085555928683, 0.5365085555928675, 0.5365085555928671, 0.5365085555928669, 0.5365085555928669]}}, "bfgs": {"type": "gradient", "0": {"maxiter": 100, "gtol": 1e-05, "xrtol": 1e-05, "eps": 1e-05, "duration": 0.08381199836730957, "fun": "0.536508555686101", "jac": "[-1.65655267e-06  2.35876874e-06 -1.17098553e-06  5.47439871e-07\n  3.34887673e-07  5.56787949e-07]", "hess_inv": "[[  5.44388957   1.07997496   1.3386943    0.38121649   0.96889204\n    3.54303297]\n [  1.07997496   4.52626214   1.42880008   0.43006474  -0.02137368\n    2.59799721]\n [  1.3386943    1.42880008  20.75855455 -11.11666438  -2.67733482\n   14.18554225]\n [  0.38121649   0.43006474 -11.11666438  10.77912448   1.90766468\n   -6.4519532 ]\n [  0.96889204  -0.02137368  -2.67733482   1.90766468   7.3036087\n    2.12848988]\n [  3.54303297   2.59799721  14.18554225  -6.4519532    2.12848988\n   17.98005855]]", "nfev": "189", "njev": "27", "status": "0", "success": "True", "message": "Optimization terminated successfully.", "x": "[4.68268754 3.95098895 0.1447558  2.09472797 5.1605142  2.38176062]", "nit": "25", "callback": [0.556313171418321, 0.536959906548299]}, "1": {"maxiter": 100, "gtol": 1e-05, "xrtol": 1e-05, "eps": 1e-10, "duration": 0.0822138786315918, "fun": "0.5365085556526604", "jac": "[0.00000000e+00 3.33066880e-06 1.11022293e-06 3.33066880e-06\n 0.00000000e+00 1.11022293e-06]", "hess_inv": "[[  5.40297251   1.0346423    1.23303596   0.40532627   0.9359957\n    3.37147038]\n [  1.0346423    4.49517664   1.35974771   0.43600656  -0.0758184\n    2.46621228]\n [  1.23303596   1.35974771  20.52693053 -11.04886236  -2.68520199\n   13.92754669]\n [  0.40532627   0.43600656 -11.04886236  10.75090134   1.86274402\n   -6.43821525]\n [  0.9359957   -0.0758184   -2.68520199   1.86274402   7.26289484\n    2.05760148]\n [  3.37147038   2.46621228  13.92754669  -6.43821525   2.05760148\n   17.62077041]]", "nfev": "189", "njev": "27", "status": "0", "success": "True", "message": "Optimization terminated successfully.", "x": "[4.68270287 3.9510042  0.14477485 2.09473061 5.16052317 2.38179234]", "nit": "25", "callback": [0.5563190238193736, 0.5369595469524241]}, "2": {"maxiter": 100, "gtol": 1e-05, "xrtol": 1e-10, "eps": 1e-05, "duration": 0.07473087310791016, "fun": "0.536508555686101", "jac": "[-1.65655267e-06  2.35876874e-06 -1.17098553e-06  5.47439871e-07\n  3.34887673e-07  5.56787949e-07]", "hess_inv": "[[  5.44388957   1.07997496   1.3386943    0.38121649   0.96889204\n    3.54303297]\n [  1.07997496   4.52626214   1.42880008   0.43006474  -0.02137368\n    2.59799721]\n [  1.3386943    1.42880008  20.75855455 -11.11666438  -2.67733482\n   14.18554225]\n [  0.38121649   0.43006474 -11.11666438  10.77912448   1.90766468\n   -6.4519532 ]\n [  0.96889204  -0.02137368  -2.67733482   1.90766468   7.3036087\n    2.12848988]\n [  3.54303297   2.59799721  14.18554225  -6.4519532    2.12848988\n   17.98005855]]", "nfev": "189", "njev": "27", "status": "0", "success": "True", "message": "Optimization terminated successfully.", "x": "[4.68268754 3.95098895 0.1447558  2.09472797 5.1605142  2.38176062]", "nit": "25", "callback": [0.556313171418321, 0.536959906548299]}, "3": {"maxiter": 100, "gtol": 1e-05, "xrtol": 1e-10, "eps": 1e-10, "duration": 0.08074498176574707, "fun": "0.5365085556526604", "jac": "[0.00000000e+00 3.33066880e-06 1.11022293e-06 3.33066880e-06\n 0.00000000e+00 1.11022293e-06]", "hess_inv": "[[  5.40297251   1.0346423    1.23303596   0.40532627   0.9359957\n    3.37147038]\n [  1.0346423    4.49517664   1.35974771   0.43600656  -0.0758184\n    2.46621228]\n [  1.23303596   1.35974771  20.52693053 -11.04886236  -2.68520199\n   13.92754669]\n [  0.40532627   0.43600656 -11.04886236  10.75090134   1.86274402\n   -6.43821525]\n [  0.9359957   -0.0758184   -2.68520199   1.86274402   7.26289484\n    2.05760148]\n [  3.37147038   2.46621228  13.92754669  -6.43821525   2.05760148\n   17.62077041]]", "nfev": "189", "njev": "27", "status": "0", "success": "True", "message": "Optimization terminated successfully.", "x": "[4.68270287 3.9510042  0.14477485 2.09473061 5.16052317 2.38179234]", "nit": "25", "callback": [0.5563190238193736, 0.5369595469524241]}, "4": {"maxiter": 100, "gtol": 1e-10, "xrtol": 1e-05, "eps": 1e-05, "duration": 0.08689403533935547, "fun": "0.5365085556397526", "jac": "[-2.97839531e-07  5.69932990e-07 -2.18103313e-07  2.48379095e-07\n -1.25588429e-07  2.27828867e-07]", "hess_inv": "[[  5.57011956   0.98836556   1.63460834   0.19108621   0.9675582\n    3.77575711]\n [  0.98836556   4.48684135   1.41546886   0.39390064  -0.15287412\n    2.40651654]\n [  1.63460834   1.41546886  21.06915574 -11.23115873  -2.42851587\n   14.77405946]\n [  0.19108621   0.39390064 -11.23115873  10.77913656   1.6918449\n   -6.83962533]\n [  0.9675582   -0.15287412  -2.42851587   1.6918449    7.13792794\n    2.09778107]\n [  3.77575711   2.40651654  14.77405946  -6.83962533   2.09778107\n   18.40430446]]", "nfev": "196", "njev": "28", "status": "0", "success": "True", "message": "Optimization terminated successfully.", "x": "[4.68269382 3.95098016 0.14477858 2.09471155 5.16050883 2.38177129]", "nit": "26", "callback": [0.556313171418321, 0.536959906548299]}, "5": {"maxiter": 100, "gtol": 1e-10, "xrtol": 1e-05, "eps": 1e-10, "duration": 0.08745384216308594, "fun": "0.5365085556461605", "jac": "[ 0.00000000e+00  1.11022293e-06 -2.22044587e-06 -1.11022293e-06\n  1.11022293e-06  1.11022293e-06]", "hess_inv": "[[  5.30886972   0.82584696   1.17666066   0.22363454   0.88959795\n    3.16321517]\n [  0.82584696   4.39810087   1.2220594    0.39146006  -0.28192275\n    2.04068162]\n [  1.17666066   1.2220594   20.49359083 -11.17005155  -2.7094479\n   13.80152699]\n [  0.22363454   0.39146006 -11.17005155  10.75123577   1.67214642\n   -6.80452327]\n [  0.88959795  -0.28192275  -2.7094479    1.67214642   7.26907718\n    1.94462551]\n [  3.16321517   2.04068162  13.80152699  -6.80452327   1.94462551\n   17.16353618]]", "nfev": "196", "njev": "28", "status": "0", "success": "True", "message": "Optimization terminated successfully.", "x": "[4.68269456 3.95098462 0.14476991 2.09471345 5.16051939 2.38177383]", "nit": "26", "callback": [0.5563190238193736, 0.5369595469524241]}, "6": {"maxiter": 100, "gtol": 1e-10, "xrtol": 1e-10, "eps": 1e-05, "duration": 0.21859979629516602, "fun": "0.5365085556393874", "jac": "[-1.52566848e-07  2.95286018e-07 -1.12776455e-07  1.30029321e-07\n -6.67910172e-08  1.18605126e-07]", "hess_inv": "[[ 5.56250753e+00  7.91722973e-01  1.75078042e+00 -2.16939897e-02\n   1.01838824e+00  3.73089409e+00]\n [ 7.91722973e-01  5.14419100e+00  3.92310679e-01  1.36317600e+00\n  -5.43166546e-02  2.10115846e+00]\n [ 1.75078042e+00  3.92310679e-01  2.21075809e+01 -1.25126702e+01\n  -2.34925465e+00  1.48524744e+01]\n [-2.16939897e-02  1.36317600e+00 -1.25126702e+01  1.21148937e+01\n   1.74207688e+00 -7.12728354e+00]\n [ 1.01838824e+00 -5.43166546e-02 -2.34925465e+00  1.74207688e+00\n   7.05476636e+00  2.21872399e+00]\n [ 3.73089409e+00  2.10115846e+00  1.48524744e+01 -7.12728354e+00\n   2.21872399e+00  1.82618712e+01]]", "nfev": "493", "njev": "69", "status": "2", "success": "False", "message": "Desired error not necessarily achieved due to precision loss.", "x": "[4.68269425 3.95097851 0.14478077 2.0947093  5.16050871 2.3817718 ]", "nit": "28", "callback": [0.556313171418321, 0.536959906548299]}, "7": {"maxiter": 100, "gtol": 1e-10, "xrtol": 1e-10, "eps": 1e-10, "duration": 0.12256097793579102, "fun": "0.5365085556260947", "jac": "[-1.11022293e-06 -1.11022293e-06 -2.22044587e-06  0.00000000e+00\n -2.22044587e-06 -1.11022293e-06]", "hess_inv": "[[ 3.53938861 -1.51702682  0.24607967  1.55826527  0.2340377   0.60983276]\n [-1.51702682  3.00511174 -0.64565604  1.03463449 -0.64627896 -0.28091667]\n [ 0.24607967 -0.64565604  0.34661013 -0.11637544  0.31950414 -0.06445517]\n [ 1.55826527  1.03463449 -0.11637544  3.64630351 -0.1040804  -0.98922952]\n [ 0.2340377  -0.64627896  0.31950414 -0.1040804   0.33276034 -0.07641375]\n [ 0.60983276 -0.28091667 -0.06445517 -0.98922952 -0.07641375  1.26521292]]", "nfev": "259", "njev": "37", "status": "0", "success": "True", "message": "Optimization terminated successfully.", "x": "[4.68270102 3.95098146 0.14479247 2.09470299 5.160504   2.3817808 ]", "nit": "31", "callback": [0.5563190238193736, 0.5369595469524241, 0.5365085556260957]}, "8": {"maxiter": 500, "gtol": 1e-05, "xrtol": 1e-05, "eps": 1e-05, "duration": 0.08587193489074707, "fun": "0.536508555686101", "jac": "[-1.65655267e-06  2.35876874e-06 -1.17098553e-06  5.47439871e-07\n  3.34887673e-07  5.56787949e-07]", "hess_inv": "[[  5.44388957   1.07997496   1.3386943    0.38121649   0.96889204\n    3.54303297]\n [  1.07997496   4.52626214   1.42880008   0.43006474  -0.02137368\n    2.59799721]\n [  1.3386943    1.42880008  20.75855455 -11.11666438  -2.67733482\n   14.18554225]\n [  0.38121649   0.43006474 -11.11666438  10.77912448   1.90766468\n   -6.4519532 ]\n [  0.96889204  -0.02137368  -2.67733482   1.90766468   7.3036087\n    2.12848988]\n [  3.54303297   2.59799721  14.18554225  -6.4519532    2.12848988\n   17.98005855]]", "nfev": "189", "njev": "27", "status": "0", "success": "True", "message": "Optimization terminated successfully.", "x": "[4.68268754 3.95098895 0.1447558  2.09472797 5.1605142  2.38176062]", "nit": "25", "callback": [0.556313171418321, 0.536959906548299]}, "9": {"maxiter": 500, "gtol": 1e-05, "xrtol": 1e-05, "eps": 1e-10, "duration": 0.08920979499816895, "fun": "0.5365085556526604", "jac": "[0.00000000e+00 3.33066880e-06 1.11022293e-06 3.33066880e-06\n 0.00000000e+00 1.11022293e-06]", "hess_inv": "[[  5.40297251   1.0346423    1.23303596   0.40532627   0.9359957\n    3.37147038]\n [  1.0346423    4.49517664   1.35974771   0.43600656  -0.0758184\n    2.46621228]\n [  1.23303596   1.35974771  20.52693053 -11.04886236  -2.68520199\n   13.92754669]\n [  0.40532627   0.43600656 -11.04886236  10.75090134   1.86274402\n   -6.43821525]\n [  0.9359957   -0.0758184   -2.68520199   1.86274402   7.26289484\n    2.05760148]\n [  3.37147038   2.46621228  13.92754669  -6.43821525   2.05760148\n   17.62077041]]", "nfev": "189", "njev": "27", "status": "0", "success": "True", "message": "Optimization terminated successfully.", "x": "[4.68270287 3.9510042  0.14477485 2.09473061 5.16052317 2.38179234]", "nit": "25", "callback": [0.5563190238193736, 0.5369595469524241]}, "10": {"maxiter": 500, "gtol": 1e-05, "xrtol": 1e-10, "eps": 1e-05, "duration": 0.08336305618286133, "fun": "0.536508555686101", "jac": "[-1.65655267e-06  2.35876874e-06 -1.17098553e-06  5.47439871e-07\n  3.34887673e-07  5.56787949e-07]", "hess_inv": "[[  5.44388957   1.07997496   1.3386943    0.38121649   0.96889204\n    3.54303297]\n [  1.07997496   4.52626214   1.42880008   0.43006474  -0.02137368\n    2.59799721]\n [  1.3386943    1.42880008  20.75855455 -11.11666438  -2.67733482\n   14.18554225]\n [  0.38121649   0.43006474 -11.11666438  10.77912448   1.90766468\n   -6.4519532 ]\n [  0.96889204  -0.02137368  -2.67733482   1.90766468   7.3036087\n    2.12848988]\n [  3.54303297   2.59799721  14.18554225  -6.4519532    2.12848988\n   17.98005855]]", "nfev": "189", "njev": "27", "status": "0", "success": "True", "message": "Optimization terminated successfully.", "x": "[4.68268754 3.95098895 0.1447558  2.09472797 5.1605142  2.38176062]", "nit": "25", "callback": [0.556313171418321, 0.536959906548299]}, "11": {"maxiter": 500, "gtol": 1e-05, "xrtol": 1e-10, "eps": 1e-10, "duration": 0.0850059986114502, "fun": "0.5365085556526604", "jac": "[0.00000000e+00 3.33066880e-06 1.11022293e-06 3.33066880e-06\n 0.00000000e+00 1.11022293e-06]", "hess_inv": "[[  5.40297251   1.0346423    1.23303596   0.40532627   0.9359957\n    3.37147038]\n [  1.0346423    4.49517664   1.35974771   0.43600656  -0.0758184\n    2.46621228]\n [  1.23303596   1.35974771  20.52693053 -11.04886236  -2.68520199\n   13.92754669]\n [  0.40532627   0.43600656 -11.04886236  10.75090134   1.86274402\n   -6.43821525]\n [  0.9359957   -0.0758184   -2.68520199   1.86274402   7.26289484\n    2.05760148]\n [  3.37147038   2.46621228  13.92754669  -6.43821525   2.05760148\n   17.62077041]]", "nfev": "189", "njev": "27", "status": "0", "success": "True", "message": "Optimization terminated successfully.", "x": "[4.68270287 3.9510042  0.14477485 2.09473061 5.16052317 2.38179234]", "nit": "25", "callback": [0.5563190238193736, 0.5369595469524241]}, "12": {"maxiter": 500, "gtol": 1e-10, "xrtol": 1e-05, "eps": 1e-05, "duration": 0.08591413497924805, "fun": "0.5365085556397526", "jac": "[-2.97839531e-07  5.69932990e-07 -2.18103313e-07  2.48379095e-07\n -1.25588429e-07  2.27828867e-07]", "hess_inv": "[[  5.57011956   0.98836556   1.63460834   0.19108621   0.9675582\n    3.77575711]\n [  0.98836556   4.48684135   1.41546886   0.39390064  -0.15287412\n    2.40651654]\n [  1.63460834   1.41546886  21.06915574 -11.23115873  -2.42851587\n   14.77405946]\n [  0.19108621   0.39390064 -11.23115873  10.77913656   1.6918449\n   -6.83962533]\n [  0.9675582   -0.15287412  -2.42851587   1.6918449    7.13792794\n    2.09778107]\n [  3.77575711   2.40651654  14.77405946  -6.83962533   2.09778107\n   18.40430446]]", "nfev": "196", "njev": "28", "status": "0", "success": "True", "message": "Optimization terminated successfully.", "x": "[4.68269382 3.95098016 0.14477858 2.09471155 5.16050883 2.38177129]", "nit": "26", "callback": [0.556313171418321, 0.536959906548299]}, "13": {"maxiter": 500, "gtol": 1e-10, "xrtol": 1e-05, "eps": 1e-10, "duration": 0.07811093330383301, "fun": "0.5365085556461605", "jac": "[ 0.00000000e+00  1.11022293e-06 -2.22044587e-06 -1.11022293e-06\n  1.11022293e-06  1.11022293e-06]", "hess_inv": "[[  5.30886972   0.82584696   1.17666066   0.22363454   0.88959795\n    3.16321517]\n [  0.82584696   4.39810087   1.2220594    0.39146006  -0.28192275\n    2.04068162]\n [  1.17666066   1.2220594   20.49359083 -11.17005155  -2.7094479\n   13.80152699]\n [  0.22363454   0.39146006 -11.17005155  10.75123577   1.67214642\n   -6.80452327]\n [  0.88959795  -0.28192275  -2.7094479    1.67214642   7.26907718\n    1.94462551]\n [  3.16321517   2.04068162  13.80152699  -6.80452327   1.94462551\n   17.16353618]]", "nfev": "196", "njev": "28", "status": "0", "success": "True", "message": "Optimization terminated successfully.", "x": "[4.68269456 3.95098462 0.14476991 2.09471345 5.16051939 2.38177383]", "nit": "26", "callback": [0.5563190238193736, 0.5369595469524241]}, "14": {"maxiter": 500, "gtol": 1e-10, "xrtol": 1e-10, "eps": 1e-05, "duration": 0.19926214218139648, "fun": "0.5365085556393874", "jac": "[-1.52566848e-07  2.95286018e-07 -1.12776455e-07  1.30029321e-07\n -6.67910172e-08  1.18605126e-07]", "hess_inv": "[[ 5.56250753e+00  7.91722973e-01  1.75078042e+00 -2.16939897e-02\n   1.01838824e+00  3.73089409e+00]\n [ 7.91722973e-01  5.14419100e+00  3.92310679e-01  1.36317600e+00\n  -5.43166546e-02  2.10115846e+00]\n [ 1.75078042e+00  3.92310679e-01  2.21075809e+01 -1.25126702e+01\n  -2.34925465e+00  1.48524744e+01]\n [-2.16939897e-02  1.36317600e+00 -1.25126702e+01  1.21148937e+01\n   1.74207688e+00 -7.12728354e+00]\n [ 1.01838824e+00 -5.43166546e-02 -2.34925465e+00  1.74207688e+00\n   7.05476636e+00  2.21872399e+00]\n [ 3.73089409e+00  2.10115846e+00  1.48524744e+01 -7.12728354e+00\n   2.21872399e+00  1.82618712e+01]]", "nfev": "493", "njev": "69", "status": "2", "success": "False", "message": "Desired error not necessarily achieved due to precision loss.", "x": "[4.68269425 3.95097851 0.14478077 2.0947093  5.16050871 2.3817718 ]", "nit": "28", "callback": [0.556313171418321, 0.536959906548299]}, "15": {"maxiter": 500, "gtol": 1e-10, "xrtol": 1e-10, "eps": 1e-10, "duration": 0.10853815078735352, "fun": "0.5365085556260947", "jac": "[-1.11022293e-06 -1.11022293e-06 -2.22044587e-06  0.00000000e+00\n -2.22044587e-06 -1.11022293e-06]", "hess_inv": "[[ 3.53938861 -1.51702682  0.24607967  1.55826527  0.2340377   0.60983276]\n [-1.51702682  3.00511174 -0.64565604  1.03463449 -0.64627896 -0.28091667]\n [ 0.24607967 -0.64565604  0.34661013 -0.11637544  0.31950414 -0.06445517]\n [ 1.55826527  1.03463449 -0.11637544  3.64630351 -0.1040804  -0.98922952]\n [ 0.2340377  -0.64627896  0.31950414 -0.1040804   0.33276034 -0.07641375]\n [ 0.60983276 -0.28091667 -0.06445517 -0.98922952 -0.07641375  1.26521292]]", "nfev": "259", "njev": "37", "status": "0", "success": "True", "message": "Optimization terminated successfully.", "x": "[4.68270102 3.95098146 0.14479247 2.09470299 5.160504   2.3817808 ]", "nit": "31", "callback": [0.5563190238193736, 0.5369595469524241, 0.5365085556260957]}, "16": {"maxiter": 1000, "gtol": 1e-05, "xrtol": 1e-05, "eps": 1e-05, "duration": 0.07944607734680176, "fun": "0.536508555686101", "jac": "[-1.65655267e-06  2.35876874e-06 -1.17098553e-06  5.47439871e-07\n  3.34887673e-07  5.56787949e-07]", "hess_inv": "[[  5.44388957   1.07997496   1.3386943    0.38121649   0.96889204\n    3.54303297]\n [  1.07997496   4.52626214   1.42880008   0.43006474  -0.02137368\n    2.59799721]\n [  1.3386943    1.42880008  20.75855455 -11.11666438  -2.67733482\n   14.18554225]\n [  0.38121649   0.43006474 -11.11666438  10.77912448   1.90766468\n   -6.4519532 ]\n [  0.96889204  -0.02137368  -2.67733482   1.90766468   7.3036087\n    2.12848988]\n [  3.54303297   2.59799721  14.18554225  -6.4519532    2.12848988\n   17.98005855]]", "nfev": "189", "njev": "27", "status": "0", "success": "True", "message": "Optimization terminated successfully.", "x": "[4.68268754 3.95098895 0.1447558  2.09472797 5.1605142  2.38176062]", "nit": "25", "callback": [0.556313171418321, 0.536959906548299]}, "17": {"maxiter": 1000, "gtol": 1e-05, "xrtol": 1e-05, "eps": 1e-10, "duration": 0.07974410057067871, "fun": "0.5365085556526604", "jac": "[0.00000000