{"date": "2024/09/24/, 05:30:59", "conf_id": 284, "data_type": "var_s_rank\n", "num_data_points": 3, "s_rank": 0, "unitary": "[[-0.24866696+0.58742286j,-0.44704345-0.43151574j,-0.35669027-0.20570733j,-0.10517633+0.1626036j],[0.10596805-0.19687975j,-0.30269685-0.15056416j,0.18246286+0.30440582j,-0.83484447-0.11310748j],[0.26054512-0.52548482j,0.0285017-0.50723956j,-0.43110112+0.17165838j,0.15243271+0.39915801j],[0.42978035+0.11991271j,-0.17224126-0.46030424j,0.6827807-0.15164662j,0.26483638+0.0061855j]]", "databatch_0": {"databatch": "[[[-0.01017922-0.02056228j,-0.01781413+0.00159369j,0.00141311-0.00664061j,-0.03803375+0.04937207j],[0.19312635+0.15417175j,0.16653064-0.09682429j,0.01651042+0.07123563j,0.14581596-0.65521952j],[0.06787441-0.16714747j,-0.10230127-0.09649175j,0.0464397-0.02632623j,-0.48886661+0.03378109j],[-0.05147949-0.11584954j,-0.09870938+0.0047128j,0.00932402-0.03633579j,-0.22128973+0.26383908j]],[[-0.02993357+0.07350941j,-0.04726186-0.02827638j,0.0624023+0.0313447j,-0.07638275-0.04878151j],[0.27369314-0.07107145j,0.01990212+0.19520151j,-0.0433853-0.24497704j,0.02336199+0.32204173j],[-0.18398432+0.05722565j,-0.01985963-0.1322158j,0.03745289+0.16533485j,-0.02631709-0.21843484j],[0.39588829+0.02880762j,-0.06147681+0.26848345j,0.05267965-0.34523829j,-0.11401727+0.43867442j]],[[0.07558638+0.22904695j,0.30398818+0.07365493j,-0.10234732+0.21444349j,0.00638864+0.23511765j],[-0.25108639+0.02375635j,-0.14582357+0.29275567j,-0.19479435-0.15423661j,-0.24117288-0.04819862j],[0.12232009-0.07329511j,0.00307488-0.18489655j,0.13696495+0.03123447j,0.13479306-0.03416729j],[-0.20432423+0.18268929j,0.06121533+0.35012543j,-0.26985672-0.00931251j,-0.24205087+0.11335267j]]]", "initial param values": "[1.7235529,3.56190801,1.27043154,0.75007634,0.98948683,4.44955494]", "nelder_mead": {"type": "gradient-free", "0": {"maxiter": 100, "fatol": 1e-05, "xatol": 1e-05, "duration": 0.035495758056640625, "fun": "0.27386510523886265", "nit": "100", "nfev": "147", "status": "2", "success": "False", "message": "Maximum number of iterations has been exceeded.", "x": "[ 1.27597497  3.87891624 -0.24661464  1.97708347 -1.52881044  7.55890162]", "final_simplex": "(array([[ 1.27597497,  3.87891624, -0.24661464,  1.97708347, -1.52881044,\n         7.55890162],\n       [ 1.20829817,  3.91893934, -0.24564556,  2.04406733, -1.57327805,\n         7.31162926],\n       [ 1.18570151,  4.14016474, -0.25692575,  1.97604163, -1.5714036 ,\n         7.50040323],\n       [ 1.24270311,  4.09152067, -0.29134629,  1.99470589, -1.47531832,\n         7.34437276],\n       [ 1.03861885,  3.93935856, -0.10315951,  2.09714214, -1.66032347,\n         7.32741083],\n       [ 1.35089569,  3.86481124, -0.20650041,  1.92074159, -1.37750369,\n         7.33334975],\n       [ 1.22497637,  4.09387889, -0.29363085,  1.93851652, -1.41829393,\n         7.44782803]]), array([0.27386511, 0.27489601, 0.27532327, 0.27693673, 0.2783579 ,\n       0.27869224, 0.28057618]))", "callback": [0.7059943123490686, 0.605730147586435, 0.562547667109482, 0.4987312973707415, 0.43106191709594954, 0.3665341939542739, 0.33176898072733785, 0.30568313888716203, 0.2769367340660319]}, "1": {"maxiter": 100, "fatol": 1e-05, "xatol": 1e-10, "duration": 0.033623695373535156, "fun": "0.27386510523886265", "nit": "100", "nfev": "147", "status": "2", "success": "False", "message": "Maximum number of iterations has been exceeded.", "x": "[ 1.27597497  3.87891624 -0.24661464  1.97708347 -1.52881044  7.55890162]", "final_simplex": "(array([[ 1.27597497,  3.87891624, -0.24661464,  1.97708347, -1.52881044,\n         7.55890162],\n       [ 1.20829817,  3.91893934, -0.24564556,  2.04406733, -1.57327805,\n         7.31162926],\n       [ 1.18570151,  4.14016474, -0.25692575,  1.97604163, -1.5714036 ,\n         7.50040323],\n       [ 1.24270311,  4.09152067, -0.29134629,  1.99470589, -1.47531832,\n         7.34437276],\n       [ 1.03861885,  3.93935856, -0.10315951,  2.09714214, -1.66032347,\n         7.32741083],\n       [ 1.35089569,  3.86481124, -0.20650041,  1.92074159, -1.37750369,\n         7.33334975],\n       [ 1.22497637,  4.09387889, -0.29363085,  1.93851652, -1.41829393,\n         7.44782803]]), array([0.27386511, 0.27489601, 0.27532327, 0.27693673, 0.2783579 ,\n       0.27869224, 0.28057618]))", "callback": [0.7059943123490686, 0.605730147586435, 0.562547667109482, 0.4987312973707415, 0.43106191709594954, 0.3665341939542739, 0.33176898072733785, 0.30568313888716203, 0.2769367340660319]}, "2": {"maxiter": 100, "fatol": 1e-10, "xatol": 1e-05, "duration": 0.0342259407043457, "fun": "0.27386510523886265", "nit": "100", "nfev": "147", "status": "2", "success": "False", "message": "Maximum number of iterations has been exceeded.", "x": "[ 1.27597497  3.87891624 -0.24661464  1.97708347 -1.52881044  7.55890162]", "final_simplex": "(array([[ 1.27597497,  3.87891624, -0.24661464,  1.97708347, -1.52881044,\n         7.55890162],\n       [ 1.20829817,  3.91893934, -0.24564556,  2.04406733, -1.57327805,\n         7.31162926],\n       [ 1.18570151,  4.14016474, -0.25692575,  1.97604163, -1.5714036 ,\n         7.50040323],\n       [ 1.24270311,  4.09152067, -0.29134629,  1.99470589, -1.47531832,\n         7.34437276],\n       [ 1.03861885,  3.93935856, -0.10315951,  2.09714214, -1.66032347,\n         7.32741083],\n       [ 1.35089569,  3.86481124, -0.20650041,  1.92074159, -1.37750369,\n         7.33334975],\n       [ 1.22497637,  4.09387889, -0.29363085,  1.93851652, -1.41829393,\n         7.44782803]]), array([0.27386511, 0.27489601, 0.27532327, 0.27693673, 0.2783579 ,\n       0.27869224, 0.28057618]))", "callback": [0.7059943123490686, 0.605730147586435, 0.562547667109482, 0.4987312973707415, 0.43106191709594954, 0.3665341939542739, 0.33176898072733785, 0.30568313888716203, 0.2769367340660319]}, "3": {"maxiter": 100, "fatol": 1e-10, "xatol": 1e-10, "duration": 0.033843040466308594, "fun": "0.27386510523886265", "nit": "100", "nfev": "147", "status": "2", "success": "False", "message": "Maximum number of iterations has been exceeded.", "x": "[ 1.27597497  3.87891624 -0.24661464  1.97708347 -1.52881044  7.55890162]", "final_simplex": "(array([[ 1.27597497,  3.87891624, -0.24661464,  1.97708347, -1.52881044,\n         7.55890162],\n       [ 1.20829817,  3.91893934, -0.24564556,  2.04406733, -1.57327805,\n         7.31162926],\n       [ 1.18570151,  4.14016474, -0.25692575,  1.97604163, -1.5714036 ,\n         7.50040323],\n       [ 1.24270311,  4.09152067, -0.29134629,  1.99470589, -1.47531832,\n         7.34437276],\n       [ 1.03861885,  3.93935856, -0.10315951,  2.09714214, -1.66032347,\n         7.32741083],\n       [ 1.35089569,  3.86481124, -0.20650041,  1.92074159, -1.37750369,\n         7.33334975],\n       [ 1.22497637,  4.09387889, -0.29363085,  1.93851652, -1.41829393,\n         7.44782803]]), array([0.27386511, 0.27489601, 0.27532327, 0.27693673, 0.2783579 ,\n       0.27869224, 0.28057618]))", "callback": [0.7059943123490686, 0.605730147586435, 0.562547667109482, 0.4987312973707415, 0.43106191709594954, 0.3665341939542739, 0.33176898072733785, 0.30568313888716203, 0.2769367340660319]}, "4": {"maxiter": 500, "fatol": 1e-05, "xatol": 1e-05, "duration": 0.1127619743347168, "fun": "0.25030289766464875", "nit": "318", "nfev": "497", "status": "0", "success": "True", "message": "Optimization terminated successfully.", "x": "[ 1.36007181  3.91029624  0.05503926  2.16721189 -1.93157056  7.40304987]", "final_simplex": "(array([[ 1.36007181,  3.91029624,  0.05503926,  2.16721189, -1.93157056,\n         7.40304987],\n       [ 1.36007336,  3.91029448,  0.05503765,  2.16720893, -1.93156302,\n         7.40304948],\n       [ 1.36007442,  3.91029832,  0.05503514,  2.16720891, -1.93156238,\n         7.40305342],\n       [ 1.3600731 ,  3.91029533,  0.05504435,  2.16721285, -1.93157115,\n         7.40305632],\n       [ 1.36007599,  3.91029021,  0.0550366 ,  2.16720833, -1.93156565,\n         7.40305658],\n       [ 1.36007117,  3.91028906,  0.0550427 ,  2.16721138, -1.93157395,\n         7.40305736],\n       [ 1.36006946,  3.91029148,  0.05503981,  2.16721502, -1.93156941,\n         7.40305434]]), array([0.2503029, 0.2503029, 0.2503029, 0.2503029, 0.2503029, 0.2503029,\n       0.2503029]))", "callback": [0.7059943123490686, 0.605730147586435, 0.562547667109482, 0.4987312973707415, 0.43106191709594954, 0.3665341939542739, 0.33176898072733785, 0.30568313888716203, 0.2769367340660319, 0.2677641789221671, 0.2634217474578312, 0.256736289661894, 0.2525257915907898, 0.25144257188789265, 0.251240924770916, 0.2511126378382337, 0.25099156619688967, 0.25072727774368386, 0.250429699967715, 0.2503476840158205, 0.25031127762071625, 0.2503047638970354, 0.250303220425244, 0.25030294920151597, 0.2503029094961938, 0.2503029038939415, 0.2503028985484853, 0.2503028985484853, 0.2503028978851164, 0.25030289769655123, 0.2503028976722481]}, "5": {"maxiter": 500, "fatol": 1e-05, "xatol": 1e-10, "duration": 0.17208480834960938, "fun": "0.2503028976597389", "nit": "452", "nfev": "768", "status": "0", "success": "True", "message": "Optimization terminated successfully.", "x": "[ 1.36007218  3.91029403  0.05504154  2.16720655 -1.93156627  7.40305296]", "final_simplex": "(array([[ 1.36007218,  3.91029403,  0.05504154,  2.16720655, -1.93156627,\n         7.40305296],\n       [ 1.36007218,  3.91029403,  0.05504154,  2.16720655, -1.93156627,\n         7.40305296],\n       [ 1.36007218,  3.91029403,  0.05504154,  2.16720655, -1.93156627,\n         7.40305296],\n       [ 1.36007218,  3.91029403,  0.05504154,  2.16720655, -1.93156627,\n         7.40305296],\n       [ 1.36007218,  3.91029403,  0.05504154,  2.16720655, -1.93156627,\n         7.40305296],\n       [ 1.36007218,  3.91029403,  0.05504154,  2.16720655, -1.93156627,\n         7.40305296],\n       [ 1.36007218,  3.91029403,  0.05504154,  2.16720655, -1.93156627,\n         7.40305296]]), array([0.2503029, 0.2503029, 0.2503029, 0.2503029, 0.2503029, 0.2503029,\n       0.2503029]))", "callback": [0.7059943123490686, 0.605730147586435, 0.562547667109482, 0.4987312973707415, 0.43106191709594954, 0.3665341939542739, 0.33176898072733785, 0.30568313888716203, 0.2769367340660319, 0.2677641789221671, 0.2634217474578312, 0.256736289661894, 0.2525257915907898, 0.25144257188789265, 0.251240924770916, 0.2511126378382337, 0.25099156619688967, 0.25072727774368386, 0.250429699967715, 0.2503476840158205, 0.25031127762071625, 0.2503047638970354, 0.250303220425244, 0.25030294920151597, 0.2503029094961938, 0.2503029038939415, 0.2503028985484853, 0.2503028985484853, 0.2503028978851164, 0.25030289769655123, 0.2503028976722481, 0.2503028976633731, 0.2503028976614807, 0.25030289766070546, 0.2503028976603926, 0.2503028976602373, 0.2503028976600582, 0.2503028976598056, 0.2503028976597572, 0.2503028976597418, 0.25030289765973956, 0.2503028976597391, 0.2503028976597389, 0.2503028976597389, 0.2503028976597389]}, "6": {"maxiter": 500, "fatol": 1e-10, "xatol": 1e-05, "duration": 0.11146211624145508, "fun": "0.25030289766464875", "nit": "318", "nfev": "497", "status": "0", "success": "True", "message": "Optimization terminated successfully.", "x": "[ 1.36007181  3.91029624  0.05503926  2.16721189 -1.93157056  7.40304987]", "final_simplex": "(array([[ 1.36007181,  3.91029624,  0.05503926,  2.16721189, -1.93157056,\n         7.40304987],\n       [ 1.36007336,  3.91029448,  0.05503765,  2.16720893, -1.93156302,\n         7.40304948],\n       [ 1.36007442,  3.91029832,  0.05503514,  2.16720891, -1.93156238,\n         7.40305342],\n       [ 1.3600731 ,  3.91029533,  0.05504435,  2.16721285, -1.93157115,\n         7.40305632],\n       [ 1.36007599,  3.91029021,  0.0550366 ,  2.16720833, -1.93156565,\n         7.40305658],\n       [ 1.36007117,  3.91028906,  0.0550427 ,  2.16721138, -1.93157395,\n         7.40305736],\n       [ 1.36006946,  3.91029148,  0.05503981,  2.16721502, -1.93156941,\n         7.40305434]]), array([0.2503029, 0.2503029, 0.2503029, 0.2503029, 0.2503029, 0.2503029,\n       0.2503029]))", "callback": [0.7059943123490686, 0.605730147586435, 0.562547667109482, 0.4987312973707415, 0.43106191709594954, 0.3665341939542739, 0.33176898072733785, 0.30568313888716203, 0.2769367340660319, 0.2677641789221671, 0.2634217474578312, 0.256736289661894, 0.2525257915907898, 0.25144257188789265, 0.251240924770916, 0.2511126378382337, 0.25099156619688967, 0.25072727774368386, 0.250429699967715, 0.2503476840158205, 0.25031127762071625, 0.2503047638970354, 0.250303220425244, 0.25030294920151597, 0.2503029094961938, 0.2503029038939415, 0.2503028985484853, 0.2503028985484853, 0.2503028978851164, 0.25030289769655123, 0.2503028976722481]}, "7": {"maxiter": 500, "fatol": 1e-10, "xatol": 1e-10, "duration": 0.18572688102722168, "fun": "0.2503028976597389", "nit": "452", "nfev": "768", "status": "0", "success": "True", "message": "Optimization terminated successfully.", "x": "[ 1.36007218  3.91029403  0.05504154  2.16720655 -1.93156627  7.40305296]", "final_simplex": "(array([[ 1.36007218,  3.91029403,  0.05504154,  2.16720655, -1.93156627,\n         7.40305296],\n       [ 1.36007218,  3.91029403,  0.05504154,  2.16720655, -1.93156627,\n         7.40305296],\n       [ 1.36007218,  3.91029403,  0.05504154,  2.16720655, -1.93156627,\n         7.40305296],\n       [ 1.36007218,  3.91029403,  0.05504154,  2.16720655, -1.93156627,\n         7.40305296],\n       [ 1.36007218,  3.91029403,  0.05504154,  2.16720655, -1.93156627,\n         7.40305296],\n       [ 1.36007218,  3.91029403,  0.05504154,  2.16720655, -1.93156627,\n         7.40305296],\n       [ 1.36007218,  3.91029403,  0.05504154,  2.16720655, -1.93156627,\n         7.40305296]]), array([0.2503029, 0.2503029, 0.2503029, 0.2503029, 0.2503029, 0.2503029,\n       0.2503029]))", "callback": [0.7059943123490686, 0.605730147586435, 0.562547667109482, 0.4987312973707415, 0.43106191709594954, 0.3665341939542739, 0.33176898072733785, 0.30568313888716203, 0.2769367340660319, 0.2677641789221671, 0.2634217474578312, 0.256736289661894, 0.2525257915907898, 0.25144257188789265, 0.251240924770916, 0.2511126378382337, 0.25099156619688967, 0.25072727774368386, 0.250429699967715, 0.2503476840158205, 0.25031127762071625, 0.2503047638970354, 0.250303220425244, 0.25030294920151597, 0.2503029094961938, 0.2503029038939415, 0.2503028985484853, 0.2503028985484853, 0.2503028978851164, 0.25030289769655123, 0.2503028976722481, 0.2503028976633731, 0.2503028976614807, 0.25030289766070546, 0.2503028976603926, 0.2503028976602373, 0.2503028976600582, 0.2503028976598056, 0.2503028976597572, 0.2503028976597418, 0.25030289765973956, 0.2503028976597391, 0.2503028976597389, 0.2503028976597389, 0.2503028976597389]}, "8": {"maxiter": 1000, "fatol": 1e-05, "xatol": 1e-05, "duration": 0.12281107902526855, "fun": "0.25030289766464875", "nit": "318", "nfev": "497", "status": "0", "success": "True", "message": "Optimization terminated successfully.", "x": "[ 1.36007181  3.91029624  0.05503926  2.16721189 -1.93157056  7.40304987]", "final_simplex": "(array([[ 1.36007181,  3.91029624,  0.05503926,  2.16721189, -1.93157056,\n         7.40304987],\n       [ 1.36007336,  3.91029448,  0.05503765,  2.16720893, -1.93156302,\n         7.40304948],\n       [ 1.36007442,  3.91029832,  0.05503514,  2.16720891, -1.93156238,\n         7.40305342],\n       [ 1.3600731 ,  3.91029533,  0.05504435,  2.16721285, -1.93157115,\n         7.40305632],\n       [ 1.36007599,  3.91029021,  0.0550366 ,  2.16720833, -1.93156565,\n         7.40305658],\n       [ 1.36007117,  3.91028906,  0.0550427 ,  2.16721138, -1.93157395,\n         7.40305736],\n       [ 1.36006946,  3.91029148,  0.05503981,  2.16721502, -1.93156941,\n         7.40305434]]), array([0.2503029, 0.2503029, 0.2503029, 0.2503029, 0.2503029, 0.2503029,\n       0.2503029]))", "callback": [0.7059943123490686, 0.605730147586435, 0.562547667109482, 0.4987312973707415, 0.43106191709594954, 0.3665341939542739, 0.33176898072733785, 0.30568313888716203, 0.2769367340660319, 0.2677641789221671, 0.2634217474578312, 0.256736289661894, 0.2525257915907898, 0.25144257188789265, 0.251240924770916, 0.2511126378382337, 0.25099156619688967, 0.25072727774368386, 0.250429699967715, 0.2503476840158205, 0.25031127762071625, 0.2503047638970354, 0.250303220425244, 0.25030294920151597, 0.2503029094961938, 0.2503029038939415, 0.2503028985484853, 0.2503028985484853, 0.2503028978851164, 0.25030289769655123, 0.2503028976722481]}, "9": {"maxiter": 1000, "fatol": 1e-05, "xatol": 1e-10, "duration": 0.17516803741455078, "fun": "0.2503028976597389", "nit": "452", "nfev": "768", "status": "0", "success": "True", "message": "Optimization terminated successfully.", "x": "[ 1.36007218  3.91029403  0.05504154  2.16720655 -1.93156627  7.40305296]", "final_simplex": "(array([[ 1.36007218,  3.91029403,  0.05504154,  2.16720655, -1.93156627,\n         7.40305296],\n       [ 1.36007218,  3.91029403,  0.05504154,  2.16720655, -1.93156627,\n         7.40305296],\n       [ 1.36007218,  3.91029403,  0.05504154,  2.16720655, -1.93156627,\n         7.40305296],\n       [ 1.36007218,  3.91029403,  0.05504154,  2.16720655, -1.93156627,\n         7.40305296],\n       [ 1.36007218,  3.91029403,  0.05504154,  2.16720655, -1.93156627,\n         7.40305296],\n       [ 1.36007218,  3.91029403,  0.05504154,  2.16720655, -1.93156627,\n         7.40305296],\n       [ 1.36007218,  3.91029403,  0.05504154,  2.16720655, -1.93156627,\n         7.40305296]]), array([0.2503029, 0.2503029, 0.2503029, 0.2503029, 0.2503029, 0.2503029,\n       0.2503029]))", "callback": [0.7059943123490686, 0.605730147586435, 0.562547667109482, 0.4987312973707415, 0.43106191709594954, 0.3665341939542739, 0.33176898072733785, 0.30568313888716203, 0.2769367340660319, 0.2677641789221671, 0.2634217474578312, 0.256736289661894, 0.2525257915907898, 0.25144257188789265, 0.251240924770916, 0.2511126378382337, 0.25099156619688967, 0.25072727774368386, 0.250429699967715, 0.2503476840158205, 0.25031127762071625, 0.2503047638970354, 0.250303220425244, 0.25030294920151597, 0.2503029094961938, 0.2503029038939415, 0.2503028985484853, 0.2503028985484853, 0.2503028978851164, 0.25030289769655123, 0.2503028976722481, 0.2503028976633731, 0.2503028976614807, 0.25030289766070546, 0.2503028976603926, 0.2503028976602373, 0.2503028976600582, 0.2503028976598056, 0.2503028976597572, 0.2503028976597418, 0.25030289765973956, 0.2503028976597391, 0.2503028976597389, 0.2503028976597389, 0.2503028976597389]}, "10": {"maxiter": 1000, "fatol": 1e-10, "xatol": 1e-05, "duration": 0.1152341365814209, "fun": "0.25030289766464875", "nit": "318", "nfev": "497", "status": "0", "success": "True", "message": "Optimization terminated successfully.", "x": "[ 1.36007181  3.91029624  0.05503926  2.16721189 -1.93157056  7.40304987]", "final_simplex": "(array([[ 1.36007181,  3.91029624,  0.05503926,  2.16721189, -1.93157056,\n         7.40304987],\n       [ 1.36007336,  3.91029448,  0.05503765,  2.16720893, -1.93156302,\n         7.40304948],\n       [ 1.36007442,  3.91029832,  0.05503514,  2.16720891, -1.93156238,\n         7.40305342],\n       [ 1.3600731 ,  3.91029533,  0.05504435,  2.16721285, -1.93157115,\n         7.40305632],\n       [ 1.36007599,  3.91029021,  0.0550366 ,  2.16720833, -1.93156565,\n         7.40305658],\n       [ 1.36007117,  3.91028906,  0.0550427 ,  2.16721138, -1.93157395,\n         7.40305736],\n       [ 1.36006946,  3.91029148,  0.05503981,  2.16721502, -1.93156941,\n         7.40305434]]), array([0.2503029, 0.2503029, 0.2503029, 0.2503029, 0.2503029, 0.2503029,\n       0.2503029]))", "callback": [0.7059943123490686, 0.605730147586435, 0.562547667109482, 0.4987312973707415, 0.43106191709594954, 0.3665341939542739, 0.33176898072733785, 0.30568313888716203, 0.2769367340660319, 0.2677641789221671, 0.2634217474578312, 0.256736289661894, 0.2525257915907898, 0.25144257188789265, 0.251240924770916, 0.2511126378382337, 0.25099156619688967, 0.25072727774368386, 0.250429699967715, 0.2503476840158205, 0.25031127762071625, 0.2503047638970354, 0.250303220425244, 0.25030294920151597, 0.2503029094961938, 0.2503029038939415, 0.2503028985484853, 0.2503028985484853, 0.2503028978851164, 0.25030289769655123, 0.2503028976722481]}, "11": {"maxiter": 1000, "fatol": 1e-10, "xatol": 1e-10, "duration": 0.22399377822875977, "fun": "0.2503028976597389", "nit": "452", "nfev": "768", "status": "0", "success": "True", "message": "Optimization terminated successfully.", "x": "[ 1.36007218  3.91029403  0.05504154  2.16720655 -1.93156627  7.40305296]", "final_simplex": "(array([[ 1.36007218,  3.91029403,  0.05504154,  2.16720655, -1.93156627,\n         7.40305296],\n       [ 1.36007218,  3.91029403,  0.05504154,  2.16720655, -1.93156627,\n         7.40305296],\n       [ 1.36007218,  3.91029403,  0.05504154,  2.16720655, -1.93156627,\n         7.40305296],\n       [ 1.36007218,  3.91029403,  0.05504154,  2.16720655, -1.93156627,\n         7.40305296],\n       [ 1.36007218,  3.91029403,  0.05504154,  2.16720655, -1.93156627,\n         7.40305296],\n       [ 1.36007218,  3.91029403,  0.05504154,  2.16720655, -1.93156627,\n         7.40305296],\n       [ 1.36007218,  3.91029403,  0.05504154,  2.16720655, -1.93156627,\n         7.40305296]]), array([0.2503029, 0.2503029, 0.2503029, 0.2503029, 0.2503029, 0.2503029,\n       0.2503029]))", "callback": [0.7059943123490686, 0.605730147586435, 0.562547667109482, 0.4987312973707415, 0.43106191709594954, 0.3665341939542739, 0.33176898072733785, 0.30568313888716203, 0.2769367340660319, 0.2677641789221671, 0.2634217474578312, 0.256736289661894, 0.2525257915907898, 0.25144257188789265, 0.251240924770916, 0.2511126378382337, 0.25099156619688967, 0.25072727774368386, 0.250429699967715, 0.2503476840158205, 0.25031127762071625, 0.2503047638970354, 0.250303220425244, 0.25030294920151597, 0.2503029094961938, 0.2503029038939415, 0.2503028985484853, 0.2503028985484853, 0.2503028978851164, 0.25030289769655123, 0.2503028976722481, 0.2503028976633731, 0.2503028976614807, 0.25030289766070546, 0.2503028976603926, 0.2503028976602373, 0.2503028976600582, 0.2503028976598056, 0.2503028976597572, 0.2503028976597418, 0.25030289765973956, 0.2503028976597391, 0.2503028976597389, 0.2503028976597389, 0.2503028976597389]}}, "bfgs": {"type": "gradient", "0": {"maxiter": 100, "gtol": 1e-05, "xrtol": 1e-05, "eps": 1e-05, "duration": 0.04638195037841797, "fun": "0.25030289769203773", "jac": "[ 1.07776010e-06  7.29138971e-07  1.65418790e-06 -5.20605781e-07\n -1.89226412e-07 -7.94475596e-08]", "hess_inv": "[[ 3.32950887 -0.0627981  -0.57323422  0.02641266  1.19918367  0.68678245]\n [-0.0627981   6.73512529 -1.79012171 -0.11291597  2.44965547 -0.42884107]\n [-0.57323422 -1.79012171  4.00620127  0.18680235 -2.43848895  0.08496542]\n [ 0.02641266 -0.11291597  0.18680235  4.34148646  2.11126583  0.33854047]\n [ 1.19918367  2.44965547 -2.43848895  2.11126583  9.84764716  2.77822494]\n [ 0.68678245 -0.42884107  0.08496542  0.33854047  2.77822494  5.18862115]]", "nfev": "189", "njev": "27", "status": "0", "success": "True", "message": "Optimization terminated successfully.", "x": "[ 1.36006833  3.91029014  0.05504546 -2.16721804  1.21000403  4.26144944]", "nit": "23", "callback": [0.26434193308080733, 0.2503031722711899]}, "1": {"maxiter": 100, "gtol": 1e-05, "xrtol": 1e-05, "eps": 1e-10, "duration": 0.04602193832397461, "fun": "0.2503028976652929", "jac": "[ 0.00000000e+00 -2.22044587e-06 -1.11022301e-06 -1.11022293e-06\n -1.11022293e-06 -1.11022293e-06]", "hess_inv": "[[ 3.38398408 -0.10708098 -0.61211379  0.04792     1.35704045  0.76167537]\n [-0.10708098  6.71590938 -1.73907496 -0.21171254  2.17509477 -0.55596841]\n [-0.61211379 -1.73907496  4.01833311  0.19107867 -2.4881608   0.06100697]\n [ 0.04792    -0.21171254  0.19107867  4.23505244  1.97465624  0.26539909]\n [ 1.35704045  2.17509477 -2.4881608   1.97465624  9.8836852   2.78701117]\n [ 0.76167537 -0.55596841  0.06100697  0.26539909  2.78701117  5.19117564]]", "nfev": "189", "njev": "27", "status": "0", "success": "True", "message": "Optimization terminated successfully.", "x": "[ 1.36007603  3.91029766  0.05503972 -2.1672083   1.21003296  4.26146467]", "nit": "23", "callback": [0.26433887979883963, 0.2503031718870937]}, "2": {"maxiter": 100, "gtol": 1e-05, "xrtol": 1e-10, "eps": 1e-05, "duration": 0.04899311065673828, "fun": "0.25030289769203773", "jac": "[ 1.07776010e-06  7.29138971e-07  1.65418790e-06 -5.20605781e-07\n -1.89226412e-07 -7.94475596e-08]", "hess_inv": "[[ 3.32950887 -0.0627981  -0.57323422  0.02641266  1.19918367  0.68678245]\n [-0.0627981   6.73512529 -1.79012171 -0.11291597  2.44965547 -0.42884107]\n [-0.57323422 -1.79012171  4.00620127  0.18680235 -2.43848895  0.08496542]\n [ 0.02641266 -0.11291597  0.18680235  4.34148646  2.11126583  0.33854047]\n [ 1.19918367  2.44965547 -2.43848895  2.11126583  9.84764716  2.77822494]\n [ 0.68678245 -0.42884107  0.08496542  0.33854047  2.77822494  5.18862115]]", "nfev": "189", "njev": "27", "status": "0", "success": "True", "message": "Optimization terminated successfully.", "x": "[ 1.36006833  3.91029014  0.05504546 -2.16721804  1.21000403  4.26144944]", "nit": "23", "callback": [0.26434193308080733, 0.2503031722711899]}, "3": {"maxiter": 100, "gtol": 1e-05, "xrtol": 1e-10, "eps": 1e-10, "duration": 0.044774770736694336, "fun": "0.2503028976652929", "jac": "[ 0.00000000e+00 -2.22044587e-06 -1.11022301e-06 -1.11022293e-06\n -1.11022293e-06 -1.11022293e-06]", "hess_inv": "[[ 3.38398408 -0.10708098 -0.61211379  0.04792     1.35704045  0.76167537]\n [-0.10708098  6.71590938 -1.73907496 -0.21171254  2.17509477 -0.55596841]\n [-0.61211379 -1.73907496  4.01833311  0.19107867 -2.4881608   0.06100697]\n [ 0.04792    -0.21171254  0.19107867  4.23505244  1.97465624  0.26539909]\n [ 1.35704045  2.17509477 -2.4881608   1.97465624  9.8836852   2.78701117]\n [ 0.76167537 -0.55596841  0.06100697  0.26539909  2.78701117  5.19117564]]", "nfev": "189", "njev": "27", "status": "0", "success": "True", "message": "Optimization terminated successfully.", "x": "[ 1.36007603  3.91029766  0.05503972 -2.1672083   1.21003296  4.26146467]", "nit": "23", "callback": [0.26433887979883963, 0.2503031718870937]}, "4": {"maxiter": 100, "gtol": 1e-10, "xrtol": 1e-05, "eps": 1e-05, "duration": 0.04618501663208008, "fun": "0.2503028976899785", "jac": "[ 7.52287121e-08 -2.26263452e-08  4.90052443e-08 -5.93525229e-08\n -1.04027897e-08 -1.25455202e-08]", "hess_inv": "[[ 3.29595801  0.04880931 -0.52460437  0.05105011  1.16914738  0.68234797]\n [ 0.04880931  6.7036661  -1.64048769 -0.22244176  2.31967965 -0.44562426]\n [-0.52460437 -1.64048769  4.22108879  0.1258273  -2.60562972  0.06249418]\n [ 0.05105011 -0.22244176  0.1258273   4.32563112  2.15197399  0.34435531]\n [ 1.16914738  2.31967965 -2.60562972  2.15197399  9.97628885  2.79558944]\n [ 0.68234797 -0.44562426  0.06249418  0.34435531  2.79558944  5.19096151]]", "nfev": "196", "njev": "28", "status": "0", "success": "True", "message": "Optimization terminated successfully.", "x": "[ 1.36006591  3.91028821  0.05503982 -2.16721545  1.21000862  4.26145005]", "nit": "24", "callback": [0.26434193308080733, 0.2503031722711899]}, "5": {"maxiter": 100, "gtol": 1e-10, "xrtol": 1e-05, "eps": 1e-10, "duration": 0.058830976486206055, "fun": "0.2503028976652927", "jac": "[ 2.22044587e-06  1.11022293e-06 -2.22044602e-06  1.11022293e-06\n  0.00000000e+00  2.22044587e-06]", "hess_inv": "[[ 3.42171352 -0.05754381 -0.68688897  0.123533    1.60922899  0.8621893 ]\n [-0.05754381  5.99197263 -1.90407897 -0.35987583  1.98105627 -0.67597917]\n [-0.68688897 -1.90407897  4.16086809  0.0202644  -3.03244891 -0.15954259]\n [ 0.123533   -0.35987583  0.0202644   4.30898485  2.31536479  0.38781083]\n [ 1.60922899  1.98105627 -3.03244891  2.31536479 11.21980022  3.29113806]\n [ 0.8621893  -0.67597917 -0.15954259  0.38781083  3.29113806  5.37847483]]", "nfev": "252", "njev": "36", "status": "0", "success": "True", "message": "Optimization terminated successfully.", "x": "[ 1.36007603  3.91029766  0.05503972 -2.1672083   1.21003296  4.26146467]", "nit": "24", "callback": [0.26433887979883963, 0.2503031718870937]}, "6": {"maxiter": 100, "gtol": 1e-10, "xrtol": 1e-10, "eps": 1e-05, "duration": 0.050486087799072266, "fun": "0.2503028976895877", "jac": "[ 3.33066907e-11  2.22044605e-11  3.33066907e-11  3.33066907e-11\n  0.00000000e+00 -1.11022302e-11]", "hess_inv": "[[ 3.31424922  0.07559449 -0.47731289  0.03144108  1.13718366  0.67611741]\n [ 0.07559449  6.82703791 -1.75972633 -0.02293229  2.79318259 -0.35719894]\n [-0.47731289 -1.75972633  4.28587616  0.01314526 -2.79387735  0.03380711]\n [ 0.03144108 -0.02293229  0.01314526  4.54281653  2.60348741  0.42138602]\n [ 1.13718366  2.79318259 -2.79387735  2.60348741 10.90672039  2.9537786 ]\n [ 0.67611741 -0.35719894  0.03380711  0.42138602  2.9537786   5.21688103]]", "nfev": "217", "njev": "31", "status": "0", "success": "True", "message": "Optimization terminated successfully.", "x": "[ 1.3600657   3.91028847  0.05503957 -2.16721516  1.21000903  4.2614501 ]", "nit": "27", "callback": [0.26434193308080733, 0.2503031722711899]}, "7": {"maxiter": 100, "gtol": 1e-10, "xrtol": 1e-10, "eps": 1e-10, "duration": 0.060072898864746094, "fun": "0.2503028976652927", "jac": "[ 2.22044587e-06  1.11022293e-06 -2.22044602e-06  1.11022293e-06\n  0.00000000e+00  2.22044587e-06]", "hess_inv": "[[ 3.42171352 -0.05754381 -0.68688897  0.123533    1.60922899  0.8621893 ]\n [-0.05754381  5.99197263 -1.90407897 -0.35987583  1.98105627 -0.67597917]\n [-0.68688897 -1.90407897  4.16086809  0.0202644  -3.03244891 -0.15954259]\n [ 0.123533   -0.35987583  0.0202644   4.30898485  2.31536479  0.38781083]\n [ 1.60922899  1.98105627 -3.03244891  2.31536479 11.21980022  3.29113806]\n [ 0.8621893  -0.67597917 -0.15954259  0.38781083  3.29113806  5.37847483]]", "nfev": "252", "njev": "36", "status": "0", "success": "True", "message": "Optimization terminated successfully.", "x": "[ 1.36007603  3.91029766  0.05503972 -2.1672083   1.21003296  4.26146467]", "nit": "24", "callback": [0.26433887979883963, 0.2503031718870937]}, "8": {"maxiter": 500, "gtol": 1e-05, "xrtol": 1e-05, "eps": 1e-05, "duration": 0.045676231384277344, "fun": "0.25030289769203773", "jac": "[ 1.07776010e-06  7.29138971e-07  1.65418790e-06 -5.20605781e-07\n -1.89226412e-07 -7.94475596e-08]", "hess_inv": "[[ 3.32950887 -0.0627981  -0.57323422  0.02641266  1.19918367  0.68678245]\n [-0.0627981   6.73512529 -1.79012171 -0.11291597  2.44965547 -0.42884107]\n [-0.57323422 -1.79012171  4.00620127  0.18680235 -2.43848895  0.08496542]\n [ 0.02641266 -0.11291597  0.18680235  4.34148646  2.11126583  0.33854047]\n [ 1.19918367  2.44965547 -2.43848895  2.11126583  9.84764716  2.77822494]\n [ 0.68678245 -0.42884107  0.08496542  0.33854047  2.77822494  5.18862115]]", "nfev": "189", "njev": "27", "status": "0", "success": "True", "message": "Optimization terminated successfully.", "x": "[ 1.36006833  3.91029014  0.05504546 -2.16721804  1.21000403  4.26144944]", "nit": "23", "callback": [0.26434193308080733, 0.2503031722711899]}, "9": {"maxiter": 500, "gtol": 1e-05, "xrtol": 1e-05, "eps": 1e-10, "duration": 0.04412841796875, "fun": "0.2503028976652929", "jac": "[ 0.00000000e+00 -2.22044587e-06 -1.11022301e-06 -1.11022293e-06\n -1.11022293e-06 -1.11022293e-06]", "hess_inv": "[[ 3.38398408 -0.10708098 -0.61211379  0.04792     1.35704045  0.76167537]\n [-0.10708098  6.71590938 -1.73907496 -0.21171254  2.17509477 -0.55596841]\n [-0.61211379 -1.73907496  4.01833311  0.19107867 -2.4881608   0.06100697]\n [ 0.04792    -0.21171254  0.19107867  4.23505244  1.97465624  0.26539909]\n [ 1.35704045  2.17509477 -2.4881608   1.97465624  9.8836852   2.78701117]\n [ 0.76167537 -0.55596841  0.06100697  0.26539909  2.78701117  5.19117564]]", "nfev": "189", "njev": "27", "status": "0", "success": "True", "message": "Optimization terminated successfully.", "x": "[ 1.36007603  3.91029766  0.05503972 -2.1672083   1.21003296  4.26146467]", "nit": "23", "callback": [0.26433887979883963, 0.2503031718870937]}, "10": {"maxiter": 500, "gtol": 1e-05, "xrtol": 1e-10, "eps": 1e-05, "duration": 0.044133901596069336, "fun": "0.25030289769203773", "jac": "[ 1.07776010e-06  7.29138971e-07  1.65418790e-06 -5.20605781e-07\n -1.89226412e-07 -7.94475596e-08]", "hess_inv": "[[ 3.32950887 -0.0627981  -0.57323422  0.02641266  1.19918367  0.68678245]\n [-0.0627981   6.73512529 -1.79012171 -0.11291597  2.44965547 -0.42884107]\n [-0.57323422 -1.79012171  4.00620127  0.18680235 -2.43848895  0.08496542]\n [ 0.02641266 -0.11291597  0.18680235  4.34148646  2.11126583  0.33854047]\n [ 1.19918367  2.44965547 -2.43848895  2.11126583  9.84764716  2.77822494]\n [ 0.68678245 -0.42884107  0.08496542  0.33854047  2.77822494  5.18862115]]", "nfev": "189", "njev": "27", "status": "0", "success": "True", "message": "Optimization terminated successfully.", "x": "[ 1.36006833  3.91029014  0.05504546 -2.16721804  1.21000403  4.26144944]", "nit": "23", "callback": [0.26434193308080733, 0.2503031722711899]}, "11": {"maxiter": 500, "gtol": 1e-05, "xrtol": 1e-10, "eps": 1e-10, "duration": 0.04462885856628418, "fun": "0.2503028976652929", "jac": "[ 0.00000000e+00 -2.22044587e-06 -1.11022301e-06 -1.11022293e-06\n -1.11022293e-06 -1.11022293e-06]", "hess_inv": "[[ 3.38398408 -0.10708098 -0.61211379  0.04792     1.35704045  0.76167537]\n [-0.10708098  6.71590938 -1.73907496 -0.21171254  2.17509477 -0.55596841]\n [-0.61211379 -1.73907496  4.01833311  0.19107867 -2.4881608   0.06100697]\n [ 0.04792    -0.21171254  0.19107867  4.23505244  1.97465624  0.26539909]\n [ 1.35704045  2.17509477 -2.4881608   1.97465624  9.8836852   2.78701117]\n [ 0.76167537 -0.55596841  0.06100697  0.26539909  2.78701117  5.19117564]]", "nfev": "189", "njev": "27", "status": "0", "success": "True", "message": "Optimization terminated successfully.", "x": "[ 1.36007603  3.91029766  0.05503972 -2.1672083   1.21003296  4.26146467]", "nit": "23", "callback": [0.26433887979883963, 0.2503031718870937]}, "12": {"maxiter": 500, "gtol": 1e-10, "xrtol": 1e-05, "eps": 1e-05, "duration": 0.046244144439697266, "fun": "0.2503028976899785", "jac": "[ 7.52287121e-08 -2.26263452e-08  4.90052443e-08 -5.93525229e-08\n -1.04027897e-08 -1.25455202e-08]", "hess_inv": "[[ 3.29595801  0.04880931 -0.52460437  0.05105011  1.16914738  0.68234797]\n [ 0.04880931  6.7036661  -1.64048769 -0.22244176  2.31967965 -0.44562426]\n [-0.52460437 -1.64048769  4.22108879  0.1258273  -2.60562972  0.06249418]\n [ 0.05105011 -0.22244176  0.1258273   4.32563112  2.15197399  0.34435531]\n [ 1.16914738  2.31967965 -2.60562972  2.15197399  9.97628885  2.79558944]\n [ 0.68234797 -0.44562426  0.06249418  0.34435531  2.79558944  5.19096151]]", "nfev": "196", "njev": "28", "status": "0", "success": "True", "message": "Optimization terminated successfully.", "x": "[ 1.36006591  3.91028821  0.05503982 -2.16721545  1.21000862  4.26145005]", "nit": "24", "callback": [0.26434193308080733, 0.2503031722711899]}, "13": {"maxiter": 500, "gtol": 1e-10, "xrtol": 1e-05, "eps": 1e-10, "duration": 0.057721853256225586, "fun": "0.2503028976652927", "jac": "[ 2.22044587e-06  1.11022293e-06 -2.22044602e-06  1.11022293e-06\n  0.00000000e+00  2.22044587e-06]", "hess_inv": "[[ 3.42171352 -0.05754381 -0.68688897  0.123533    1.60922899  0.8621893 ]\n [-0.05754381  5.99197263 -1.90407897 -0.35987583  1.98105627 -0.67597917]\n [-0.68688897 -1.90407897  4.16086809  0.0202644  -3.03244891 -0.15954259]\n [ 0.123533   -0.35987583  0.0202644   4.30898485  2.31536479  0.38781083]\n [ 1.60922899  1.98105627 -3.03244891  2.31536479 11.21980022  3.29113806]\n [ 0.8621893  -0.67597917 -0.15954259  0.38781083  3.29113806  5.37847483]]", "nfev": "252", "njev": "36", "status": "0", "success": "True", "message": "Optimization terminated successfully.", "x": "[ 1.36007603  3.91029766  0.05503972 -2.1672083   1.21003296  4.26146467]", "nit": "24", "callback": [0.26433887979883963, 0.2503031718870937]}, "14": {"maxiter": 500, "gtol": 1e-10, "xrtol": 1e-10, "eps": 1e-05, "duration": 0.05023503303527832, "fun": "0.2503028976895877", "jac": "[ 3.33066907e-11  2.22044605e-11  3.33066907e-11  3.33066907e-11\n  0.00000000e+00 -1.11022302e-11]", "hess_inv": "[[ 3.31424922  0.07559449 -0.47731289  0.03144108  1.13718366  0.67611741]\n [ 0.07559449  6.82703791 -1.75972633 -0.02293229  2.79318259 -0.35719894]\n [-0.47731289 -1.75972633  4.28587616  0.01314526 -2.79387735  0.03380711]\n [ 0.03144108 -0.02293229  0.01314526  4.54281653  2.60348741  0.42138602]\n [ 1.13718366  2.79318259 -2.79387735  2.60348741 10.90672039  2.9537786 ]\n [ 0.67611741 -0.35719894  0.03380711  0.42138602  2.9537786   5.21688103]]", "nfev": "217", "njev": "31", "status": "0", "success": "True", "message": "Optimization terminated successfully.", "x": "[ 1.3600657   3.91028847  0.05503957 -2.16721516  1.21000903  4.2614501 ]", "nit": "27", "callback": [0.26434193308080733, 0.2503031722711899]}, "15": {"maxiter": 500, "gtol": 1e-10, "xrtol": 1e-10, "eps": 1e-10, "duration": 0.05874490737915039, "fun": "0.2503028976652927", "jac": "[ 2.22044587e-06  1.11022293e-06 -2.22044602e-06  1.11022293e-06\n  0.00000000e+00  2.22044587e-06]", "hess_inv": "[[ 3.42171352 -0.05754381 -0.68688897  0.123533    1.60922899  0.8621893 ]\n [-0.05754381  5.99197263 -1.90407897 -0.35987583  1.98105627 -0.67597917]\n [-0.68688897 -1.90407897  4.16086809  0.0202644  -3.03244891 -0.15954259]\n [ 0.123533   -0.35987583  0.0202644   4.30898485  2.31536479  0.38781083]\n [ 1.60922899  1.98105627 -3.03244891  2.31536479 11.21980022  3.29113806]\n [ 0.8621893  -0.67597917 -0.15954259  0.38781083  3.29113806  5.37847483]]", "nfev": "252", "njev": "36", "status": "0", "success": "True", "message": "Optimization terminated successfully.", "x": "[ 1.36007603  3.91029766  0.05503972 -2.1672083   1.21003296  4.26146467]", "nit": "24", "callback": [0.26433887979883963, 0.2503031718870937]}, "16": {"maxiter": 1000, "gtol": 1e-05, "xrtol": 1e-05, "eps": 1e-05, "duration": 0.04341411590576172, "fun": "0.25030289769203773", "jac": "[ 1.07776010e-06  7.29138971e-07  1.65418790e-06 -5.20605781e-07\n -1.89226412e-07 -7.94475596e-08]", "hess_inv": "[[ 3.32950887 -0.0627981  -0.57323422  0.02641266  1.19918367  0.68678245]\n [-0.0627981   6.73512529 -1.79012171 -0.11291597  2.44965547 -0.42884107]\n [-0.57323422 -1.79012171  4.00620127  0.18680235 -2.43848895  0.08496542]\n [ 0.02641266 -0.11291597  0.18680235  4.34148646  2.11126583  0.33854047]\n [ 1.19918367  2.44965547 -2.43848895  2.11126583  9.84764716  2.77822494]\n [ 0.68678245 -0.42884107  0.08496542  0.33854047  2.77822494  5.18862115]]", "nfev": "189", "njev": "27", "status": "0", "success": "True", "message": "Optimization terminated successfully.", "x": "[ 1.36006833  3.91029014  0.05504546 -2.16721804  1.21000403  4.26144944]", "nit": "23", "callback": [0.26434193308080733, 0.2503031722711899]}, "17": {"maxiter": 1000, "gtol": 1e-05, "xrtol": 1e-05, "eps": 1e-10, "duration": 0.043395042419433594, "fun": "0.2503028976652929", "jac": "[ 0.00000000e+00 -2.22044587e-06 -1.11022301e-06 -1.11022293e-06\n -1.11022293e-06 -1.11022293e-06]", "hess_inv": "[[ 3.38398408 -0.10708098 -0.61211379  0.04792     1.35704045  0.76167537]\n [-0.10708098  6.71590938 -1.73907496 -0.21171254  2.17509477 -0.55596841]\n [-0.61211379 -1.73907496  4.01833311  0.19107867 -2.4881608   0.06100697]\n [ 0.04792    -0.21171254  0.19107867  4.23505244  1.97465624  0.26539909]\n [ 1.35704045  2.17509477 -2.4881608   1.97465624  9.8836852   2.78701117]\n [ 0.76167537 -0.55596841  0.06100697  0.26539909  2.78701117  5.19117564]]", "nfev": "189", "njev": "27", "status": "0", "success": "True", "message": "Optimization terminated successfully.", "x": "[ 1.36007603  3.91029766  0.05503972 -2.1672083   1.21003296  4.26146467]", "nit": "23", "callback": [0.26433887979883963, 0.2503031718870937]}, "18": {"maxiter": 1000, "gtol": 1e-05, "xrtol": 1e-10, "eps": 1e-05, "duration": 0.0432581901550293, "fun": "0.25030289769203773", "jac": "[ 1.07776010