{"date": "2024/09/23/, 19:09:00", "conf_id": 47, "data_type": "random\n", "num_data_points": 3, "s_rank": 0, "unitary": "[[0.18663085-0.53122324j,-0.11886349-0.70040876j,0.28555095-0.02789305j,-0.12262021-0.2844587j],[-0.16702216+0.27758472j,0.27526351-0.29738586j,-0.01109314+0.22495461j,-0.77239203+0.28900673j],[0.61935415+0.12301792j,-0.31269928-0.03315917j,-0.61902762-0.19039079j,-0.27120731-0.0968989j],[0.42341754+0.0023929j,-0.05847358+0.47832119j,0.64900495-0.16218422j,-0.37182676-0.05229966j]]", "databatch_0": {"databatch": "[[[-0.00722435+0.01073647j,-0.22516252+0.07962622j,-0.03747959+0.22259358j,0.04093531+0.28090716j],[0.10236629-0.03896801j,-0.11673603-0.11427215j,0.12465414+0.03200451j,0.40915005-0.23227035j],[-0.07591374-0.03710579j,-0.03528059+0.44859505j,0.19371028+0.04820878j,-0.04571162-0.06834922j],[0.02369728-0.09718351j,-0.13036775-0.13050546j,-0.03044869-0.14395267j,-0.11122944-0.44762917j]],[[-0.04025729-0.03618218j,0.25722206+0.03240144j,0.38528458-0.0960251j,0.31610183-0.26229635j],[0.00456309-0.05562391j,0.02633071-0.11031473j,-0.03988319-0.05853023j,-0.12143439-0.02835811j],[-0.09993239-0.021924j,-0.08302704-0.23199151j,-0.09848246-0.19773206j,-0.20200853-0.05481712j],[0.0425819+0.06176479j,-0.26805762+0.14858397j,-0.28201544+0.27155231j,-0.09486771+0.37590518j]],[[0.1228115+0.08921461j,-0.0510161+0.08059335j,-0.03507917+0.00505932j,0.04104418-0.09025136j],[0.10249737-0.0219738j,0.01824771+0.06380416j,-0.01344505+0.02008925j,-0.02716857-0.06316186j],[0.12555498+0.06858551j,-0.03843001+0.08135622j,-0.03214539+0.00922474j,0.02748706-0.08884882j],[-0.4732003-0.50455251j,0.29726274-0.31706934j,0.16132657+0.00751342j,-0.26109209+0.36891221j]]]", "initial param values": "[0.18082851,3.0473471,1.79657206,4.41539245,3.48420104,2.82320367]", "nelder_mead": {"type": "gradient-free", "0": {"maxiter": 100, "fatol": 1e-05, "xatol": 1e-05, "duration": 0.05327606201171875, "fun": "0.40860559718107703", "nit": "100", "nfev": "162", "status": "2", "success": "False", "message": "Maximum number of iterations has been exceeded.", "x": "[0.17706919 1.64636178 1.67704497 3.72855479 1.83085503 4.69393893]", "final_simplex": "(array([[0.17706919, 1.64636178, 1.67704497, 3.72855479, 1.83085503,\n        4.69393893],\n       [0.17850051, 1.73829472, 1.66655405, 3.6917164 , 1.78796464,\n        4.60733693],\n       [0.17727497, 1.67410578, 1.67152237, 3.65685884, 1.8397235 ,\n        4.65217249],\n       [0.1762784 , 1.69403298, 1.6511924 , 3.70075614, 1.87999481,\n        4.69685635],\n       [0.1842828 , 1.69118969, 1.62780445, 3.71043182, 1.70348704,\n        4.55652807],\n       [0.1769286 , 1.6558491 , 1.64922233, 3.69723931, 1.83409617,\n        4.73884934],\n       [0.17728193, 1.65239818, 1.66202248, 3.7540549 , 1.79410018,\n        4.63566579]]), array([0.4086056 , 0.40902743, 0.40903163, 0.40903686, 0.40914391,\n       0.40916148, 0.40917434]))", "callback": [0.6620556622852889, 0.6381817697536931, 0.56688238869093, 0.4255793174341139, 0.41783842276089633, 0.4138462282146631, 0.41227998357811846, 0.4102008901336951, 0.4091614767974664]}, "1": {"maxiter": 100, "fatol": 1e-05, "xatol": 1e-10, "duration": 0.050318002700805664, "fun": "0.40860559718107703", "nit": "100", "nfev": "162", "status": "2", "success": "False", "message": "Maximum number of iterations has been exceeded.", "x": "[0.17706919 1.64636178 1.67704497 3.72855479 1.83085503 4.69393893]", "final_simplex": "(array([[0.17706919, 1.64636178, 1.67704497, 3.72855479, 1.83085503,\n        4.69393893],\n       [0.17850051, 1.73829472, 1.66655405, 3.6917164 , 1.78796464,\n        4.60733693],\n       [0.17727497, 1.67410578, 1.67152237, 3.65685884, 1.8397235 ,\n        4.65217249],\n       [0.1762784 , 1.69403298, 1.6511924 , 3.70075614, 1.87999481,\n        4.69685635],\n       [0.1842828 , 1.69118969, 1.62780445, 3.71043182, 1.70348704,\n        4.55652807],\n       [0.1769286 , 1.6558491 , 1.64922233, 3.69723931, 1.83409617,\n        4.73884934],\n       [0.17728193, 1.65239818, 1.66202248, 3.7540549 , 1.79410018,\n        4.63566579]]), array([0.4086056 , 0.40902743, 0.40903163, 0.40903686, 0.40914391,\n       0.40916148, 0.40917434]))", "callback": [0.6620556622852889, 0.6381817697536931, 0.56688238869093, 0.4255793174341139, 0.41783842276089633, 0.4138462282146631, 0.41227998357811846, 0.4102008901336951, 0.4091614767974664]}, "2": {"maxiter": 100, "fatol": 1e-10, "xatol": 1e-05, "duration": 0.05186724662780762, "fun": "0.40860559718107703", "nit": "100", "nfev": "162", "status": "2", "success": "False", "message": "Maximum number of iterations has been exceeded.", "x": "[0.17706919 1.64636178 1.67704497 3.72855479 1.83085503 4.69393893]", "final_simplex": "(array([[0.17706919, 1.64636178, 1.67704497, 3.72855479, 1.83085503,\n        4.69393893],\n       [0.17850051, 1.73829472, 1.66655405, 3.6917164 , 1.78796464,\n        4.60733693],\n       [0.17727497, 1.67410578, 1.67152237, 3.65685884, 1.8397235 ,\n        4.65217249],\n       [0.1762784 , 1.69403298, 1.6511924 , 3.70075614, 1.87999481,\n        4.69685635],\n       [0.1842828 , 1.69118969, 1.62780445, 3.71043182, 1.70348704,\n        4.55652807],\n       [0.1769286 , 1.6558491 , 1.64922233, 3.69723931, 1.83409617,\n        4.73884934],\n       [0.17728193, 1.65239818, 1.66202248, 3.7540549 , 1.79410018,\n        4.63566579]]), array([0.4086056 , 0.40902743, 0.40903163, 0.40903686, 0.40914391,\n       0.40916148, 0.40917434]))", "callback": [0.6620556622852889, 0.6381817697536931, 0.56688238869093, 0.4255793174341139, 0.41783842276089633, 0.4138462282146631, 0.41227998357811846, 0.4102008901336951, 0.4091614767974664]}, "3": {"maxiter": 100, "fatol": 1e-10, "xatol": 1e-10, "duration": 0.049195051193237305, "fun": "0.40860559718107703", "nit": "100", "nfev": "162", "status": "2", "success": "False", "message": "Maximum number of iterations has been exceeded.", "x": "[0.17706919 1.64636178 1.67704497 3.72855479 1.83085503 4.69393893]", "final_simplex": "(array([[0.17706919, 1.64636178, 1.67704497, 3.72855479, 1.83085503,\n        4.69393893],\n       [0.17850051, 1.73829472, 1.66655405, 3.6917164 , 1.78796464,\n        4.60733693],\n       [0.17727497, 1.67410578, 1.67152237, 3.65685884, 1.8397235 ,\n        4.65217249],\n       [0.1762784 , 1.69403298, 1.6511924 , 3.70075614, 1.87999481,\n        4.69685635],\n       [0.1842828 , 1.69118969, 1.62780445, 3.71043182, 1.70348704,\n        4.55652807],\n       [0.1769286 , 1.6558491 , 1.64922233, 3.69723931, 1.83409617,\n        4.73884934],\n       [0.17728193, 1.65239818, 1.66202248, 3.7540549 , 1.79410018,\n        4.63566579]]), array([0.4086056 , 0.40902743, 0.40903163, 0.40903686, 0.40914391,\n       0.40916148, 0.40917434]))", "callback": [0.6620556622852889, 0.6381817697536931, 0.56688238869093, 0.4255793174341139, 0.41783842276089633, 0.4138462282146631, 0.41227998357811846, 0.4102008901336951, 0.4091614767974664]}, "4": {"maxiter": 500, "fatol": 1e-05, "xatol": 1e-05, "duration": 0.2444150447845459, "fun": "0.27647555928326817", "nit": "500", "nfev": "775", "status": "2", "success": "False", "message": "Maximum number of iterations has been exceeded.", "x": "[ 2.14087612 -0.30418846  3.33705595  5.11885396  3.54691729  5.49652885]", "final_simplex": "(array([[ 2.14087612, -0.30418846,  3.33705595,  5.11885396,  3.54691729,\n         5.49652885],\n       [ 2.14157013, -0.30442439,  3.33708104,  5.1198724 ,  3.54748361,\n         5.49585382],\n       [ 2.14165305, -0.30395566,  3.3374509 ,  5.11955916,  3.54688313,\n         5.49622196],\n       [ 2.1403603 , -0.30439853,  3.33719188,  5.11898006,  3.54660049,\n         5.49567207],\n       [ 2.14190544, -0.30455599,  3.33737443,  5.11934807,  3.54751161,\n         5.49563984],\n       [ 2.14018129, -0.30326808,  3.33754779,  5.11844064,  3.54662235,\n         5.49593007],\n       [ 2.14075667, -0.30411997,  3.33791498,  5.11933601,  3.54730764,\n         5.49604308]]), array([0.27647556, 0.27647579, 0.27647581, 0.27647582, 0.27647583,\n       0.27647591, 0.27647592]))", "callback": [0.6620556622852889, 0.6381817697536931, 0.56688238869093, 0.4255793174341139, 0.41783842276089633, 0.4138462282146631, 0.41227998357811846, 0.4102008901336951, 0.4091614767974664, 0.40860559718107703, 0.4081408591806087, 0.4069720739631216, 0.40658873192645717, 0.4051074004609331, 0.40463168814172046, 0.40448207910912715, 0.40428069522949217, 0.40409428676680625, 0.4036170628467741, 0.4019802532433544, 0.3975795782157855, 0.3925991187871377, 0.3784994493980033, 0.33915732982421254, 0.3291920178630653, 0.30595020741745527, 0.2995435131518627, 0.2832280278933189, 0.2798303584492263, 0.2781720614725297, 0.27736362271829174, 0.27717591092554317, 0.27708460693896886, 0.2770166778685059, 0.27697116328444604, 0.27694965865993526, 0.2768920368339933, 0.27686907957235984, 0.2768583437099946, 0.27684924295895097, 0.2768355099393407, 0.27680873132145223, 0.27669374836216065, 0.2765153227240297, 0.27648963702506035, 0.27647814723924347, 0.27647693957572017, 0.27647604266955217, 0.2764758302516155]}, "5": {"maxiter": 500, "fatol": 1e-05, "xatol": 1e-10, "duration": 0.2420642375946045, "fun": "0.27647555928326817", "nit": "500", "nfev": "775", "status": "2", "success": "False", "message": "Maximum number of iterations has been exceeded.", "x": "[ 2.14087612 -0.30418846  3.33705595  5.11885396  3.54691729  5.49652885]", "final_simplex": "(array([[ 2.14087612, -0.30418846,  3.33705595,  5.11885396,  3.54691729,\n         5.49652885],\n       [ 2.14157013, -0.30442439,  3.33708104,  5.1198724 ,  3.54748361,\n         5.49585382],\n       [ 2.14165305, -0.30395566,  3.3374509 ,  5.11955916,  3.54688313,\n         5.49622196],\n       [ 2.1403603 , -0.30439853,  3.33719188,  5.11898006,  3.54660049,\n         5.49567207],\n       [ 2.14190544, -0.30455599,  3.33737443,  5.11934807,  3.54751161,\n         5.49563984],\n       [ 2.14018129, -0.30326808,  3.33754779,  5.11844064,  3.54662235,\n         5.49593007],\n       [ 2.14075667, -0.30411997,  3.33791498,  5.11933601,  3.54730764,\n         5.49604308]]), array([0.27647556, 0.27647579, 0.27647581, 0.27647582, 0.27647583,\n       0.27647591, 0.27647592]))", "callback": [0.6620556622852889, 0.6381817697536931, 0.56688238869093, 0.4255793174341139, 0.41783842276089633, 0.4138462282146631, 0.41227998357811846, 0.4102008901336951, 0.4091614767974664, 0.40860559718107703, 0.4081408591806087, 0.4069720739631216, 0.40658873192645717, 0.4051074004609331, 0.40463168814172046, 0.40448207910912715, 0.40428069522949217, 0.40409428676680625, 0.4036170628467741, 0.4019802532433544, 0.3975795782157855, 0.3925991187871377, 0.3784994493980033, 0.33915732982421254, 0.3291920178630653, 0.30595020741745527, 0.2995435131518627, 0.2832280278933189, 0.2798303584492263, 0.2781720614725297, 0.27736362271829174, 0.27717591092554317, 0.27708460693896886, 0.2770166778685059, 0.27697116328444604, 0.27694965865993526, 0.2768920368339933, 0.27686907957235984, 0.2768583437099946, 0.27684924295895097, 0.2768355099393407, 0.27680873132145223, 0.27669374836216065, 0.2765153227240297, 0.27648963702506035, 0.27647814723924347, 0.27647693957572017, 0.27647604266955217, 0.2764758302516155]}, "6": {"maxiter": 500, "fatol": 1e-10, "xatol": 1e-05, "duration": 0.2437129020690918, "fun": "0.27647555928326817", "nit": "500", "nfev": "775", "status": "2", "success": "False", "message": "Maximum number of iterations has been exceeded.", "x": "[ 2.14087612 -0.30418846  3.33705595  5.11885396  3.54691729  5.49652885]", "final_simplex": "(array([[ 2.14087612, -0.30418846,  3.33705595,  5.11885396,  3.54691729,\n         5.49652885],\n       [ 2.14157013, -0.30442439,  3.33708104,  5.1198724 ,  3.54748361,\n         5.49585382],\n       [ 2.14165305, -0.30395566,  3.3374509 ,  5.11955916,  3.54688313,\n         5.49622196],\n       [ 2.1403603 , -0.30439853,  3.33719188,  5.11898006,  3.54660049,\n         5.49567207],\n       [ 2.14190544, -0.30455599,  3.33737443,  5.11934807,  3.54751161,\n         5.49563984],\n       [ 2.14018129, -0.30326808,  3.33754779,  5.11844064,  3.54662235,\n         5.49593007],\n       [ 2.14075667, -0.30411997,  3.33791498,  5.11933601,  3.54730764,\n         5.49604308]]), array([0.27647556, 0.27647579, 0.27647581, 0.27647582, 0.27647583,\n       0.27647591, 0.27647592]))", "callback": [0.6620556622852889, 0.6381817697536931, 0.56688238869093, 0.4255793174341139, 0.41783842276089633, 0.4138462282146631, 0.41227998357811846, 0.4102008901336951, 0.4091614767974664, 0.40860559718107703, 0.4081408591806087, 0.4069720739631216, 0.40658873192645717, 0.4051074004609331, 0.40463168814172046, 0.40448207910912715, 0.40428069522949217, 0.40409428676680625, 0.4036170628467741, 0.4019802532433544, 0.3975795782157855, 0.3925991187871377, 0.3784994493980033, 0.33915732982421254, 0.3291920178630653, 0.30595020741745527, 0.2995435131518627, 0.2832280278933189, 0.2798303584492263, 0.2781720614725297, 0.27736362271829174, 0.27717591092554317, 0.27708460693896886, 0.2770166778685059, 0.27697116328444604, 0.27694965865993526, 0.2768920368339933, 0.27686907957235984, 0.2768583437099946, 0.27684924295895097, 0.2768355099393407, 0.27680873132145223, 0.27669374836216065, 0.2765153227240297, 0.27648963702506035, 0.27647814723924347, 0.27647693957572017, 0.27647604266955217, 0.2764758302516155]}, "7": {"maxiter": 500, "fatol": 1e-10, "xatol": 1e-10, "duration": 0.25948119163513184, "fun": "0.27647555928326817", "nit": "500", "nfev": "775", "status": "2", "success": "False", "message": "Maximum number of iterations has been exceeded.", "x": "[ 2.14087612 -0.30418846  3.33705595  5.11885396  3.54691729  5.49652885]", "final_simplex": "(array([[ 2.14087612, -0.30418846,  3.33705595,  5.11885396,  3.54691729,\n         5.49652885],\n       [ 2.14157013, -0.30442439,  3.33708104,  5.1198724 ,  3.54748361,\n         5.49585382],\n       [ 2.14165305, -0.30395566,  3.3374509 ,  5.11955916,  3.54688313,\n         5.49622196],\n       [ 2.1403603 , -0.30439853,  3.33719188,  5.11898006,  3.54660049,\n         5.49567207],\n       [ 2.14190544, -0.30455599,  3.33737443,  5.11934807,  3.54751161,\n         5.49563984],\n       [ 2.14018129, -0.30326808,  3.33754779,  5.11844064,  3.54662235,\n         5.49593007],\n       [ 2.14075667, -0.30411997,  3.33791498,  5.11933601,  3.54730764,\n         5.49604308]]), array([0.27647556, 0.27647579, 0.27647581, 0.27647582, 0.27647583,\n       0.27647591, 0.27647592]))", "callback": [0.6620556622852889, 0.6381817697536931, 0.56688238869093, 0.4255793174341139, 0.41783842276089633, 0.4138462282146631, 0.41227998357811846, 0.4102008901336951, 0.4091614767974664, 0.40860559718107703, 0.4081408591806087, 0.4069720739631216, 0.40658873192645717, 0.4051074004609331, 0.40463168814172046, 0.40448207910912715, 0.40428069522949217, 0.40409428676680625, 0.4036170628467741, 0.4019802532433544, 0.3975795782157855, 0.3925991187871377, 0.3784994493980033, 0.33915732982421254, 0.3291920178630653, 0.30595020741745527, 0.2995435131518627, 0.2832280278933189, 0.2798303584492263, 0.2781720614725297, 0.27736362271829174, 0.27717591092554317, 0.27708460693896886, 0.2770166778685059, 0.27697116328444604, 0.27694965865993526, 0.2768920368339933, 0.27686907957235984, 0.2768583437099946, 0.27684924295895097, 0.2768355099393407, 0.27680873132145223, 0.27669374836216065, 0.2765153227240297, 0.27648963702506035, 0.27647814723924347, 0.27647693957572017, 0.27647604266955217, 0.2764758302516155]}, "8": {"maxiter": 1000, "fatol": 1e-05, "xatol": 1e-05, "duration": 0.28844428062438965, "fun": "0.2764753526031276", "nit": "590", "nfev": "918", "status": "0", "success": "True", "message": "Optimization terminated successfully.", "x": "[ 2.1407103  -0.30532782  3.33588666  5.11887251  3.54606137  5.49744525]", "final_simplex": "(array([[ 2.1407103 , -0.30532782,  3.33588666,  5.11887251,  3.54606137,\n         5.49744525],\n       [ 2.14070622, -0.30533031,  3.33588638,  5.11887068,  3.54605495,\n         5.49744884],\n       [ 2.140714  , -0.30533054,  3.33588766,  5.11887076,  3.54605918,\n         5.49744868],\n       [ 2.14070982, -0.30532653,  3.33588531,  5.11886759,  3.54605379,\n         5.49744764],\n       [ 2.14071937, -0.30533623,  3.33588393,  5.11888229,  3.54605943,\n         5.49745059],\n       [ 2.14070789, -0.30531903,  3.33589151,  5.1188682 ,  3.54606143,\n         5.4974454 ],\n       [ 2.14070969, -0.30532923,  3.33589038,  5.11887109,  3.54605756,\n         5.4974414 ]]), array([0.27647535, 0.27647535, 0.27647535, 0.27647535, 0.27647535,\n       0.27647535, 0.27647535]))", "callback": [0.6620556622852889, 0.6381817697536931, 0.56688238869093, 0.4255793174341139, 0.41783842276089633, 0.4138462282146631, 0.41227998357811846, 0.4102008901336951, 0.4091614767974664, 0.40860559718107703, 0.4081408591806087, 0.4069720739631216, 0.40658873192645717, 0.4051074004609331, 0.40463168814172046, 0.40448207910912715, 0.40428069522949217, 0.40409428676680625, 0.4036170628467741, 0.4019802532433544, 0.3975795782157855, 0.3925991187871377, 0.3784994493980033, 0.33915732982421254, 0.3291920178630653, 0.30595020741745527, 0.2995435131518627, 0.2832280278933189, 0.2798303584492263, 0.2781720614725297, 0.27736362271829174, 0.27717591092554317, 0.27708460693896886, 0.2770166778685059, 0.27697116328444604, 0.27694965865993526, 0.2768920368339933, 0.27686907957235984, 0.2768583437099946, 0.27684924295895097, 0.2768355099393407, 0.27680873132145223, 0.27669374836216065, 0.2765153227240297, 0.27648963702506035, 0.27647814723924347, 0.27647693957572017, 0.27647604266955217, 0.2764758302516155, 0.27647555928326817, 0.2764754187782342, 0.27647539051121994, 0.27647536766454106, 0.27647535531744716, 0.2764753537653126, 0.27647535275813784, 0.2764753526428353, 0.27647535260760925, 0.2764753526031276]}, "9": {"maxiter": 1000, "fatol": 1e-05, "xatol": 1e-10, "duration": 0.4181399345397949, "fun": "0.2764753526017042", "nit": "677", "nfev": "1118", "status": "0", "success": "True", "message": "Optimization terminated successfully.", "x": "[ 2.14071299 -0.30532894  3.33588699  5.11887332  3.54605912  5.49744668]", "final_simplex": "(array([[ 2.14071299, -0.30532894,  3.33588699,  5.11887332,  3.54605912,\n         5.49744668],\n       [ 2.14071299, -0.30532894,  3.33588699,  5.11887332,  3.54605912,\n         5.49744668],\n       [ 2.14071299, -0.30532894,  3.33588699,  5.11887332,  3.54605912,\n         5.49744668],\n       [ 2.14071299, -0.30532894,  3.33588699,  5.11887332,  3.54605912,\n         5.49744668],\n       [ 2.14071299, -0.30532894,  3.33588699,  5.11887332,  3.54605912,\n         5.49744668],\n       [ 2.14071299, -0.30532894,  3.33588699,  5.11887332,  3.54605912,\n         5.49744668],\n       [ 2.14071299, -0.30532894,  3.33588699,  5.11887332,  3.54605912,\n         5.49744668]]), array([0.27647535, 0.27647535, 0.27647535, 0.27647535, 0.27647535,\n       0.27647535, 0.27647535]))", "callback": [0.6620556622852889, 0.6381817697536931, 0.56688238869093, 0.4255793174341139, 0.41783842276089633, 0.4138462282146631, 0.41227998357811846, 0.4102008901336951, 0.4091614767974664, 0.40860559718107703, 0.4081408591806087, 0.4069720739631216, 0.40658873192645717, 0.4051074004609331, 0.40463168814172046, 0.40448207910912715, 0.40428069522949217, 0.40409428676680625, 0.4036170628467741, 0.4019802532433544, 0.3975795782157855, 0.3925991187871377, 0.3784994493980033, 0.33915732982421254, 0.3291920178630653, 0.30595020741745527, 0.2995435131518627, 0.2832280278933189, 0.2798303584492263, 0.2781720614725297, 0.27736362271829174, 0.27717591092554317, 0.27708460693896886, 0.2770166778685059, 0.27697116328444604, 0.27694965865993526, 0.2768920368339933, 0.27686907957235984, 0.2768583437099946, 0.27684924295895097, 0.2768355099393407, 0.27680873132145223, 0.27669374836216065, 0.2765153227240297, 0.27648963702506035, 0.27647814723924347, 0.27647693957572017, 0.27647604266955217, 0.2764758302516155, 0.27647555928326817, 0.2764754187782342, 0.27647539051121994, 0.27647536766454106, 0.27647535531744716, 0.2764753537653126, 0.27647535275813784, 0.2764753526428353, 0.27647535260760925, 0.2764753526031276, 0.2764753526018837, 0.2764753526017242, 0.2764753526017111, 0.2764753526017065, 0.27647535260170475, 0.2764753526017044, 0.2764753526017043, 0.2764753526017042]}, "10": {"maxiter": 1000, "fatol": 1e-10, "xatol": 1e-05, "duration": 0.32936906814575195, "fun": "0.2764753526031276", "nit": "590", "nfev": "918", "status": "0", "success": "True", "message": "Optimization terminated successfully.", "x": "[ 2.1407103  -0.30532782  3.33588666  5.11887251  3.54606137  5.49744525]", "final_simplex": "(array([[ 2.1407103 , -0.30532782,  3.33588666,  5.11887251,  3.54606137,\n         5.49744525],\n       [ 2.14070622, -0.30533031,  3.33588638,  5.11887068,  3.54605495,\n         5.49744884],\n       [ 2.140714  , -0.30533054,  3.33588766,  5.11887076,  3.54605918,\n         5.49744868],\n       [ 2.14070982, -0.30532653,  3.33588531,  5.11886759,  3.54605379,\n         5.49744764],\n       [ 2.14071937, -0.30533623,  3.33588393,  5.11888229,  3.54605943,\n         5.49745059],\n       [ 2.14070789, -0.30531903,  3.33589151,  5.1188682 ,  3.54606143,\n         5.4974454 ],\n       [ 2.14070969, -0.30532923,  3.33589038,  5.11887109,  3.54605756,\n         5.4974414 ]]), array([0.27647535, 0.27647535, 0.27647535, 0.27647535, 0.27647535,\n       0.27647535, 0.27647535]))", "callback": [0.6620556622852889, 0.6381817697536931, 0.56688238869093, 0.4255793174341139, 0.41783842276089633, 0.4138462282146631, 0.41227998357811846, 0.4102008901336951, 0.4091614767974664, 0.40860559718107703, 0.4081408591806087, 0.4069720739631216, 0.40658873192645717, 0.4051074004609331, 0.40463168814172046, 0.40448207910912715, 0.40428069522949217, 0.40409428676680625, 0.4036170628467741, 0.4019802532433544, 0.3975795782157855, 0.3925991187871377, 0.3784994493980033, 0.33915732982421254, 0.3291920178630653, 0.30595020741745527, 0.2995435131518627, 0.2832280278933189, 0.2798303584492263, 0.2781720614725297, 0.27736362271829174, 0.27717591092554317, 0.27708460693896886, 0.2770166778685059, 0.27697116328444604, 0.27694965865993526, 0.2768920368339933, 0.27686907957235984, 0.2768583437099946, 0.27684924295895097, 0.2768355099393407, 0.27680873132145223, 0.27669374836216065, 0.2765153227240297, 0.27648963702506035, 0.27647814723924347, 0.27647693957572017, 0.27647604266955217, 0.2764758302516155, 0.27647555928326817, 0.2764754187782342, 0.27647539051121994, 0.27647536766454106, 0.27647535531744716, 0.2764753537653126, 0.27647535275813784, 0.2764753526428353, 0.27647535260760925, 0.2764753526031276]}, "11": {"maxiter": 1000, "fatol": 1e-10, "xatol": 1e-10, "duration": 0.38606786727905273, "fun": "0.2764753526017042", "nit": "677", "nfev": "1118", "status": "0", "success": "True", "message": "Optimization terminated successfully.", "x": "[ 2.14071299 -0.30532894  3.33588699  5.11887332  3.54605912  5.49744668]", "final_simplex": "(array([[ 2.14071299, -0.30532894,  3.33588699,  5.11887332,  3.54605912,\n         5.49744668],\n       [ 2.14071299, -0.30532894,  3.33588699,  5.11887332,  3.54605912,\n         5.49744668],\n       [ 2.14071299, -0.30532894,  3.33588699,  5.11887332,  3.54605912,\n         5.49744668],\n       [ 2.14071299, -0.30532894,  3.33588699,  5.11887332,  3.54605912,\n         5.49744668],\n       [ 2.14071299, -0.30532894,  3.33588699,  5.11887332,  3.54605912,\n         5.49744668],\n       [ 2.14071299, -0.30532894,  3.33588699,  5.11887332,  3.54605912,\n         5.49744668],\n       [ 2.14071299, -0.30532894,  3.33588699,  5.11887332,  3.54605912,\n         5.49744668]]), array([0.27647535, 0.27647535, 0.27647535, 0.27647535, 0.27647535,\n       0.27647535, 0.27647535]))", "callback": [0.6620556622852889, 0.6381817697536931, 0.56688238869093, 0.4255793174341139, 0.41783842276089633, 0.4138462282146631, 0.41227998357811846, 0.4102008901336951, 0.4091614767974664, 0.40860559718107703, 0.4081408591806087, 0.4069720739631216, 0.40658873192645717, 0.4051074004609331, 0.40463168814172046, 0.40448207910912715, 0.40428069522949217, 0.40409428676680625, 0.4036170628467741, 0.4019802532433544, 0.3975795782157855, 0.3925991187871377, 0.3784994493980033, 0.33915732982421254, 0.3291920178630653, 0.30595020741745527, 0.2995435131518627, 0.2832280278933189, 0.2798303584492263, 0.2781720614725297, 0.27736362271829174, 0.27717591092554317, 0.27708460693896886, 0.2770166778685059, 0.27697116328444604, 0.27694965865993526, 0.2768920368339933, 0.27686907957235984, 0.2768583437099946, 0.27684924295895097, 0.2768355099393407, 0.27680873132145223, 0.27669374836216065, 0.2765153227240297, 0.27648963702506035, 0.27647814723924347, 0.27647693957572017, 0.27647604266955217, 0.2764758302516155, 0.27647555928326817, 0.2764754187782342, 0.27647539051121994, 0.27647536766454106, 0.27647535531744716, 0.2764753537653126, 0.27647535275813784, 0.2764753526428353, 0.27647535260760925, 0.2764753526031276, 0.2764753526018837, 0.2764753526017242, 0.2764753526017111, 0.2764753526017065, 0.27647535260170475, 0.2764753526017044, 0.2764753526017043, 0.2764753526017042]}}, "bfgs": {"type": "gradient", "0": {"maxiter": 100, "gtol": 1e-05, "xrtol": 1e-05, "eps": 1e-05, "duration": 0.08391475677490234, "fun": "0.27647535288620373", "jac": "[ 7.25575156e-07 -5.46696022e-07  4.98421304e-06 -5.65878455e-06\n  8.73996431e-06  2.48340237e-06]", "hess_inv": "[[13.34250938  4.26362516  0.04176793 -9.23927089 -4.06106437  1.2060694 ]\n [ 4.26362516  7.61664526  2.58582999 -6.05008694 -0.75509425 -0.1066895 ]\n [ 0.04176793  2.58582999  4.44733613 -0.46262913  0.50773693 -1.37095026]\n [-9.23927089 -6.05008694 -0.46262913 10.91743808  3.42715737 -1.21796402]\n [-4.06106437 -0.75509425  0.50773693  3.42715737  5.531971   -2.61968798]\n [ 1.2060694  -0.1066895  -1.37095026 -1.21796402 -2.61968798  4.54716727]]", "nfev": "266", "njev": "38", "status": "0", "success": "True", "message": "Optimization terminated successfully.", "x": "[-2.14067953  2.8363072   0.1943182   5.11881813  3.54608603  5.49743202]", "nit": "35", "callback": [0.4205261191648967, 0.3433446233744266, 0.27648696210815193]}, "1": {"maxiter": 100, "gtol": 1e-05, "xrtol": 1e-05, "eps": 1e-10, "duration": 0.08606433868408203, "fun": "0.27647535291923964", "jac": "[-1.11022293e-06 -1.11022293e-06  0.00000000e+00 -7.77156053e-06\n  8.88178346e-06  3.33066880e-06]", "hess_inv": "[[13.19058321  4.20472497  0.02756209 -9.1408903  -3.95979238  1.07173782]\n [ 4.20472497  7.5945391   2.60509758 -6.00050277 -0.6839332  -0.23636506]\n [ 0.02756209  2.60509758  4.47292125 -0.4782906   0.56287891 -1.47288047]\n [-9.1408903  -6.00050277 -0.4782906  10.83805081  3.37296188 -1.10404792]\n [-3.95979238 -0.6839332   0.56287891  3.37296188  5.52969264 -2.61935706]\n [ 1.07173782 -0.23636506 -1.47288047 -1.10404792 -2.61935706  4.58184155]]", "nfev": "266", "njev": "38", "status": "0", "success": "True", "message": "Optimization terminated successfully.", "x": "[-2.14069223  2.8363048   0.19431395  5.11882979  3.54609952  5.49743273]", "nit": "35", "callback": [0.4205271173733476, 0.34334388740875543, 0.2764868724442585]}, "2": {"maxiter": 100, "gtol": 1e-05, "xrtol": 1e-10, "eps": 1e-05, "duration": 0.08208584785461426, "fun": "0.27647535288620373", "jac": "[ 7.25575156e-07 -5.46696022e-07  4.98421304e-06 -5.65878455e-06\n  8.73996431e-06  2.48340237e-06]", "hess_inv": "[[13.34250938  4.26362516  0.04176793 -9.23927089 -4.06106437  1.2060694 ]\n [ 4.26362516  7.61664526  2.58582999 -6.05008694 -0.75509425 -0.1066895 ]\n [ 0.04176793  2.58582999  4.44733613 -0.46262913  0.50773693 -1.37095026]\n [-9.23927089 -6.05008694 -0.46262913 10.91743808  3.42715737 -1.21796402]\n [-4.06106437 -0.75509425  0.50773693  3.42715737  5.531971   -2.61968798]\n [ 1.2060694  -0.1066895  -1.37095026 -1.21796402 -2.61968798  4.54716727]]", "nfev": "266", "njev": "38", "status": "0", "success": "True", "message": "Optimization terminated successfully.", "x": "[-2.14067953  2.8363072   0.1943182   5.11881813  3.54608603  5.49743202]", "nit": "35", "callback": [0.4205261191648967, 0.3433446233744266, 0.27648696210815193]}, "3": {"maxiter": 100, "gtol": 1e-05, "xrtol": 1e-10, "eps": 1e-10, "duration": 0.08149981498718262, "fun": "0.27647535291923964", "jac": "[-1.11022293e-06 -1.11022293e-06  0.00000000e+00 -7.77156053e-06\n  8.88178346e-06  3.33066880e-06]", "hess_inv": "[[13.19058321  4.20472497  0.02756209 -9.1408903  -3.95979238  1.07173782]\n [ 4.20472497  7.5945391   2.60509758 -6.00050277 -0.6839332  -0.23636506]\n [ 0.02756209  2.60509758  4.47292125 -0.4782906   0.56287891 -1.47288047]\n [-9.1408903  -6.00050277 -0.4782906  10.83805081  3.37296188 -1.10404792]\n [-3.95979238 -0.6839332   0.56287891  3.37296188  5.52969264 -2.61935706]\n [ 1.07173782 -0.23636506 -1.47288047 -1.10404792 -2.61935706  4.58184155]]", "nfev": "266", "njev": "38", "status": "0", "success": "True", "message": "Optimization terminated successfully.", "x": "[-2.14069223  2.8363048   0.19431395  5.11882979  3.54609952  5.49743273]", "nit": "35", "callback": [0.4205271173733476, 0.34334388740875543, 0.2764868724442585]}, "4": {"maxiter": 100, "gtol": 1e-10, "xrtol": 1e-05, "eps": 1e-05, "duration": 0.1706387996673584, "fun": "0.2764753526128011", "jac": "[ 3.50830476e-09  4.70046224e-07  4.51250148e-07 -1.14519505e-07\n  1.47909462e-06  1.50199853e-06]", "hess_inv": "[[13.56052492  4.85454005  0.40618185 -9.72550637 -3.62003003  1.06919554]\n [ 4.85454005  8.82070479  3.35047322 -7.15809946  0.0929347  -0.50911765]\n [ 0.40618185  3.35047322  4.92415418 -1.14911661  1.03999473 -1.5776967 ]\n [-9.72550637 -7.15809946 -1.14911661 11.88097284  2.63884414 -0.94329304]\n [-3.62003003  0.0929347   1.03999473  2.63884414  6.10656753 -2.86827331]\n [ 1.06919554 -0.50911765 -1.5776967  -0.94329304 -2.86827331  4.40999205]]", "nfev": "544", "njev": "76", "status": "2", "success": "False", "message": "Desired error not necessarily achieved due to precision loss.", "x": "[-2.14071491  2.83625761  0.19428662  5.11887072  3.54605713  5.49744915]", "nit": "36", "callback": [0.4205261191648967, 0.3433446233744266, 0.27648696210815193]}, "5": {"maxiter": 100, "gtol": 1e-10, "xrtol": 1e-05, "eps": 1e-10, "duration": 0.08535599708557129, "fun": "0.27647535264638756", "jac": "[ 0.00000000e+00 -2.22044587e-06  1.11022293e-06 -2.22044587e-06\n  2.22044587e-06  0.00000000e+00]", "hess_inv": "[[13.48602315  4.56473674  0.12333199 -9.67846075 -3.71154735  0.936345  ]\n [ 4.56473674  8.02030432  2.75574501 -6.62835815 -0.39601178 -0.45478489]\n [ 0.12333199  2.75574501  4.41485488 -0.72397142  0.68162514 -1.37649677]\n [-9.67846075 -6.62835815 -0.72397142 11.7589481   2.95194246 -0.74526533]\n [-3.71154735 -0.39601178  0.68162514  2.95194246  5.72184199 -2.79337157]\n [ 0.936345   -0.45478489 -1.37649677 -0.74526533 -2.79337157  4.42308114]]", "nfev": "273", "njev": "39", "status": "0", "success": "True", "message": "Optimization terminated successfully.", "x": "[-2.14071756  2.83627229  0.19431005  5.11887934  3.54607638  5.49743755]", "nit": "36", "callback": [0.4205271173733476, 0.34334388740875543, 0.2764868724442585]}, "6": {"maxiter": 100, "gtol": 1e-10, "xrtol": 1e-10, "eps": 1e-05, "duration": 0.17005610466003418, "fun": "0.2764753526128011", "jac": "[ 3.50830476e-09  4.70046224e-07  4.51250148e-07 -1.14519505e-07\n  1.47909462e-06  1.50199853e-06]", "hess_inv": "[[13.56052492  4.85454005  0.40618185 -9.72550637 -3.62003003  1.06919554]\n [ 4.85454005  8.82070479  3.35047322 -7.15809946  0.0929347  -0.50911765]\n [ 0.40618185  3.35047322  4.92415418 -1.14911661  1.03999473 -1.5776967 ]\n [-9.72550637 -7.15809946 -1.14911661 11.88097284  2.63884414 -0.94329304]\n [-3.62003003  0.0929347   1.03999473  2.63884414  6.10656753 -2.86827331]\n [ 1.06919554 -0.50911765 -1.5776967  -0.94329304 -2.86827331  4.40999205]]", "nfev": "544", "njev": "76", "status": "2", "success": "False", "message": "Desired error not necessarily achieved due to precision loss.", "x": "[-2.14071491  2.83625761  0.19428662  5.11887072  3.54605713  5.49744915]", "nit": "36", "callback": [0.4205261191648967, 0.3433446233744266, 0.27648696210815193]}, "7": {"maxiter": 100, "gtol": 1e-10, "xrtol": 1e-10, "eps": 1e-10, "duration": 0.13303613662719727, "fun": "0.2764753526290965", "jac": "[1.11022293e-06 2.22044587e-06 2.22044587e-06 4.44089173e-06\n 0.00000000e+00 1.11022293e-06]", "hess_inv": "[[ 116.35180357  109.68656164 -109.40765071  -15.40874421 -197.43700074\n    91.33918207]\n [ 109.68656164  105.68001917 -104.37308295  -14.20454587 -187.3142673\n    85.03324409]\n [-109.40765071 -104.37308295  104.10823815   13.56295582  186.40900202\n   -85.57070754]\n [ -15.40874421  -14.20454587   13.56295582    3.80301736   25.26769769\n   -11.70908192]\n [-197.43700074 -187.3142673   186.40900202   25.26769769  337.56478244\n  -156.05909116]\n [  91.33918207   85.03324409  -85.57070754  -11.70908192 -156.05909116\n    73.90748528]]", "nfev": "413", "njev": "59", "status": "0", "success": "True", "message": "Optimization terminated successfully.", "x": "[-2.14071516  2.83627238  0.19430697  5.11887967  3.54606682  5.49744252]", "nit": "42", "callback": [0.4205271173733476, 0.34334388740875543, 0.2764868724442585, 0.27647535262928125]}, "8": {"maxiter": 500, "gtol": 1e-05, "xrtol": 1e-05, "eps": 1e-05, "duration": 0.08382797241210938, "fun": "0.27647535288620373", "jac": "[ 7.25575156e-07 -5.46696022e-07  4.98421304e-06 -5.65878455e-06\n  8.73996431e-06  2.48340237e-06]", "hess_inv": "[[13.34250938  4.26362516  0.04176793 -9.23927089 -4.06106437  1.2060694 ]\n [ 4.26362516  7.61664526  2.58582999 -6.05008694 -0.75509425 -0.1066895 ]\n [ 0.04176793  2.58582999  4.44733613 -0.46262913  0.50773693 -1.37095026]\n [-9.23927089 -6.05008694 -0.46262913 10.91743808  3.42715737 -1.21796402]\n [-4.06106437 -0.75509425  0.50773693  3.42715737  5.531971   -2.61968798]\n [ 1.2060694  -0.1066895  -1.37095026 -1.21796402 -2.61968798  4.54716727]]", "nfev": "266", "njev": "38", "status": "0", "success": "True", "message": "Optimization terminated successfully.", "x": "[-2.14067953  2.8363072   0.1943182   5.11881813  3.54608603  5.49743202]", "nit": "35", "callback": [0.4205261191648967, 0.3433446233744266, 0.27648696210815193]}, "9": {"maxiter": 500, "gtol": 1e-05, "xrtol": 1e-05, "eps": 1e-10, "duration": 0.08325695991516113, "fun": "0.27647535291923964", "jac": "[-1.11022293e-06 -1.11022293e-06  0.00000000e+00 -7.77156053e-06\n  8.88178346e-06  3.33066880e-06]", "hess_inv": "[[13.19058321  4.20472497  0.02756209 -9.1408903  -3.95979238  1.07173782]\n [ 4.20472497  7.5945391   2.60509758 -6.00050277 -0.6839332  -0.23636506]\n [ 0.02756209  2.60509758  4.47292125 -0.4782906   0.56287891 -1.47288047]\n [-9.1408903  -6.00050277 -0.4782906  10.83805081  3.37296188 -1.10404792]\n [-3.95979238 -0.6839332   0.56287891  3.37296188  5.52969264 -2.61935706]\n [ 1.07173782 -0.23636506 -1.47288047 -1.10404792 -2.61935706  4.58184155]]", "nfev": "266", "njev": "38", "status": "0", "success": "True", "message": "Optimization terminated successfully.", "x": "[-2.14069223  2.8363048   0.19431395  5.11882979  3.54609952  5.49743273]", "nit": "35", "callback": [0.4205271173733476, 0.34334388740875543, 0.2764868724442585]}, "10": {"maxiter": 500, "gtol": 1e-05, "xrtol": 1e-10, "eps": 1e-05, "duration": 0.08253312110900879, "fun": "0.27647535288620373", "jac": "[ 7.25575156e-07 -5.46696022e-07  4.98421304e-06 -5.65878455e-06\n  8.73996431e-06  2.48340237e-06]", "hess_inv": "[[13.34250938  4.26362516  0.04176793 -9.23927089 -4.06106437  1.2060694 ]\n [ 4.26362516  7.61664526  2.58582999 -6.05008694 -0.75509425 -0.1066895 ]\n [ 0.04176793  2.58582999  4.44733613 -0.46262913  0.50773693 -1.37095026]\n [-9.23927089 -6.05008694 -0.46262913 10.91743808  3.42715737 -1.21796402]\n [-4.06106437 -0.75509425  0.50773693  3.42715737  5.531971   -2.61968798]\n [ 1.2060694  -0.1066895  -1.37095026 -1.21796402 -2.61968798  4.54716727]]", "nfev": "266", "njev": "38", "status": "0", "success": "True", "message": "Optimization terminated successfully.", "x": "[-2.14067953  2.8363072   0.1943182   5.11881813  3.54608603  5.49743202]", "nit": "35", "callback": [0.4205261191648967, 0.3433446233744266, 0.27648696210815193]}, "11": {"maxiter": 500, "gtol": 1e-05, "xrtol": 1e-10, "eps": 1e-10, "duration": 0.08294010162353516, "fun": "0.27647535291923964", "jac": "[-1.11022293e-06 -1.11022293e-06  0.00000000e+00 -7.77156053e-06\n  8.88178346e-06  3.33066880e-06]", "hess_inv": "[[13.19058321  4.20472497  0.02756209 -9.1408903  -3.95979238  1.07173782]\n [ 4.20472497  7.5945391   2.60509758 -6.00050277 -0.6839332  -0.23636506]\n [ 0.02756209  2.60509758  4.47292125 -0.4782906   0.56287891 -1.47288047]\n [-9.1408903  -6.00050277 -0.4782906  10.83805081  3.37296188 -1.10404792]\n [-3.95979238 -0.6839332   0.56287891  3.37296188  5.52969264 -2.61935706]\n [ 1.07173782 -0.23636506 -1.47288047 -1.10404792 -2.61935706  4.58184155]]", "nfev": "266", "njev": "38", "status": "0", "success": "True", "message": "Optimization terminated successfully.", "x": "[-2.14069223  2.8363048   0.19431395  5.11882979  3.54609952  5.49743273]", "nit": "35", "callback": [0.4205271173733476, 0.34334388740875543, 0.2764868724442585]}, "12": {"maxiter": 500, "gtol": 1e-10, "xrtol": 1e-05, "eps": 1e-05, "duration": 0.16997194290161133, "fun": "0.2764753526128011", "jac": "[ 3.50830476e-09  4.70046224e-07  4.51250148e-07 -1.14519505e-07\n  1.47909462e-06  1.50199853e-06]", "hess_inv": "[[13.56052492  4.85454005  0.40618185 -9.72550637 -3.62003003  1.06919554]\n [ 4.85454005  8.82070479  3.35047322 -7.15809946  0.0929347  -0.50911765]\n [ 0.40618185  3.35047322  4.92415418 -1.14911661  1.03999473 -1.5776967 ]\n [-9.72550637 -7.15809946 -1.14911661 11.88097284  2.63884414 -0.94329304]\n [-3.62003003  0.0929347   1.03999473  2.63884414  6.10656753 -2.86827331]\n [ 1.06919554 -0.50911765 -1.5776967  -0.94329304 -2.86827331  4.40999205]]", "nfev": "544", "njev": "76", "status": "2", "success": "False", "message": "Desired error not necessarily achieved due to precision loss.", "x": "[-2.14071491  2.83625761  0.19428662  5.11887072  3.54605713  5.49744915]", "nit": "36", "callback": [0.4205261191648967, 0.3433446233744266, 0.27648696210815193]}, "13": {"maxiter": 500, "gtol": 1e-10, "xrtol": 1e-05, "eps": 1e-10, "duration": 0.0855708122253418, "fun": "0.27647535264638756", "jac": "[ 0.00000000e+00 -2.22044587e-06  1.11022293e-06 -2.22044587e-06\n  2.22044587e-06  0.00000000e+00]", "hess_inv": "[[13.48602315  4.56473674  0.12333199 -9.67846075 -3.71154735  0.936345  ]\n [ 4.56473674  8.02030432  2.75574501 -6.62835815 -0.39601178 -0.45478489]\n [ 0.12333199  2.75574501  4.41485488 -0.72397142  0.68162514 -1.37649677]\n [-9.67846075 -6.62835815 -0.72397142 11.7589481   2.95194246 -0.74526533]\n [-3.71154735 -0.39601178  0.68162514  2.95194246  5.72184199 -2.79337157]\n [ 0.936345   -0.45478489 -1.37649677 -0.74526533 -2.79337157  4.42308114]]", "nfev": "273", "njev": "39", "status": "0", "success": "True", "message": "Optimization terminated successfully.", "x": "[-2.14071756  2.83627229  0.19431005  5.11887934  3.54607638  5.49743755]", "nit": "36", "callback": [0.4205271173733476, 0.34334388740875543, 0.2764868724442585]}, "14": {"maxiter": 500, "gtol": 1e-10, "xrtol": 1e-10, "eps": 1e-05, "duration": 0.166579008102417, "fun": "0.2764753526128011", "jac": "[ 3.50830476e-09  4.70046224e-07  4.51250148e-07 -1.14519505e-07\n  1.47909462e-06  1.50199853e-06]", "hess_inv": "[[13.56052492  4.85454005  0.40618185 -9.72550637 -3.62003003  1.06919554]\n [ 4.85454005  8.82070479  3.35047322 -7.15809946  0.0929347  -0.50911765]\n [ 0.40618185  3.35047322  4.92415418 -1.14911661  1.03999473 -1.5776967 ]\n [-9.72550637 -7.15809946 -1.14911661 11.88097284  2.63884414 -0.94329304]\n [-3.62003003  0.0929347   1.03999473  2.63884414  6.10656753 -2.86827331]\n [ 1.06919554 -0.50911765 -1.