{"date": "2024/09/23/, 22:48:36", "conf_id": 121, "data_type": "orthogonal\n", "num_data_points": 3, "s_rank": 0, "unitary": "[[-0.56303964-0.00798273j,-0.21670212-0.15784972j,-0.06047197-0.73952673j,-0.01438004+0.24552571j],[-0.06976756+0.23474685j,-0.01275565-0.5435098j,-0.02703657-0.08917885j,-0.08210486-0.79311774j],[-0.38559961+0.10714929j,0.5933431-0.2687392j,-0.24060861+0.29149289j,-0.45147719+0.26241743j],[-0.50180421+0.45931857j,-0.11617175+0.44134496j,0.49642745+0.22684508j,-0.08544628-0.15407063j]]", "databatch_0": {"databatch": "[[[-0.07847851+0.09412422j,-0.3194484-0.02393454j,-0.00981865-0.0928321j,-0.00878053+0.33785679j],[0.18803859+0.09386582j,0.08601705+0.54259683j,-0.15106502+0.05299255j,0.56734495-0.11856781j],[0.00415915+0.03988293j,-0.07851835+0.06944075j,-0.02400784-0.0188844j,0.07721562+0.07916635j],[0.03225414+0.02429275j,-0.00267124+0.10551729j,-0.03039012+0.00474391j,0.11132838-0.00261576j]],[[0.05989399-0.04830127j,0.19374053+0.05402051j,-0.00537066+0.05836402j,0.04695397-0.20693811j],[0.07447522+0.02619277j,0.05743304+0.19821486j,-0.05382707+0.02681547j,0.20591688-0.07072265j],[0.04543883-0.01865452j,0.10871571+0.06831401j,-0.01390813+0.0347347j,0.06639197-0.11807719j],[-0.21821801+0.01553274j,-0.36457623-0.44058547j,0.10727415-0.12752573j,-0.44551196+0.40685477j]],[[0.00791908-0.200135j,0.43775009-0.28721723j,0.10519971+0.11050068j,-0.3251903-0.44650554j],[0.09145422-0.01645211j,0.17394139+0.1695421j,-0.03952326+0.05871994j,0.16970609-0.1920199j],[0.00342277+0.07732465j,-0.15928158+0.12475906j,-0.04408414-0.03914981j,0.13966498+0.16142512j],[0.06568019-0.05805156j,0.22327184+0.05151518j,-0.0031104+0.0666995j,0.04279405-0.23792836j]]]", "initial param values": "[2.91450775,0.36259118,0.40223745,0.46695589,4.07783756,4.62390247]", "nelder_mead": {"type": "gradient-free", "0": {"maxiter": 100, "fatol": 1e-05, "xatol": 1e-05, "duration": 0.036614179611206055, "fun": "0.35253354499474454", "nit": "100", "nfev": "159", "status": "2", "success": "False", "message": "Maximum number of iterations has been exceeded.", "x": "[0.64388574 0.59966193 0.60614847 1.14459381 0.91017674 5.29373345]", "final_simplex": "(array([[0.64388574, 0.59966193, 0.60614847, 1.14459381, 0.91017674,\n        5.29373345],\n       [0.51052016, 0.60687862, 0.61906238, 1.15778453, 0.99272673,\n        5.24796306],\n       [0.59485994, 0.60053381, 0.6073663 , 1.1367905 , 1.01902818,\n        5.24509213],\n       [0.64495058, 0.59904291, 0.60583589, 1.13585887, 0.95876522,\n        5.26577865],\n       [0.57376597, 0.60383411, 0.60959279, 1.14983211, 0.93842824,\n        5.29324792],\n       [0.68532569, 0.59484806, 0.60544896, 1.13225061, 0.94931648,\n        5.36409763],\n       [0.58561959, 0.60101682, 0.61096417, 1.14012254, 0.9731566 ,\n        5.33908011]]), array([0.35253354, 0.35268247, 0.35270176, 0.35273597, 0.35274342,\n       0.3533913 , 0.35367153]))", "callback": [0.7463040450809764, 0.7129374455948001, 0.7090979991218029, 0.7040867354891516, 0.650453507364884, 0.36863226766690127, 0.3667129320970549, 0.35673044527076614, 0.35339130052040135]}, "1": {"maxiter": 100, "fatol": 1e-05, "xatol": 1e-10, "duration": 0.03652501106262207, "fun": "0.35253354499474454", "nit": "100", "nfev": "159", "status": "2", "success": "False", "message": "Maximum number of iterations has been exceeded.", "x": "[0.64388574 0.59966193 0.60614847 1.14459381 0.91017674 5.29373345]", "final_simplex": "(array([[0.64388574, 0.59966193, 0.60614847, 1.14459381, 0.91017674,\n        5.29373345],\n       [0.51052016, 0.60687862, 0.61906238, 1.15778453, 0.99272673,\n        5.24796306],\n       [0.59485994, 0.60053381, 0.6073663 , 1.1367905 , 1.01902818,\n        5.24509213],\n       [0.64495058, 0.59904291, 0.60583589, 1.13585887, 0.95876522,\n        5.26577865],\n       [0.57376597, 0.60383411, 0.60959279, 1.14983211, 0.93842824,\n        5.29324792],\n       [0.68532569, 0.59484806, 0.60544896, 1.13225061, 0.94931648,\n        5.36409763],\n       [0.58561959, 0.60101682, 0.61096417, 1.14012254, 0.9731566 ,\n        5.33908011]]), array([0.35253354, 0.35268247, 0.35270176, 0.35273597, 0.35274342,\n       0.3533913 , 0.35367153]))", "callback": [0.7463040450809764, 0.7129374455948001, 0.7090979991218029, 0.7040867354891516, 0.650453507364884, 0.36863226766690127, 0.3667129320970549, 0.35673044527076614, 0.35339130052040135]}, "2": {"maxiter": 100, "fatol": 1e-10, "xatol": 1e-05, "duration": 0.03532004356384277, "fun": "0.35253354499474454", "nit": "100", "nfev": "159", "status": "2", "success": "False", "message": "Maximum number of iterations has been exceeded.", "x": "[0.64388574 0.59966193 0.60614847 1.14459381 0.91017674 5.29373345]", "final_simplex": "(array([[0.64388574, 0.59966193, 0.60614847, 1.14459381, 0.91017674,\n        5.29373345],\n       [0.51052016, 0.60687862, 0.61906238, 1.15778453, 0.99272673,\n        5.24796306],\n       [0.59485994, 0.60053381, 0.6073663 , 1.1367905 , 1.01902818,\n        5.24509213],\n       [0.64495058, 0.59904291, 0.60583589, 1.13585887, 0.95876522,\n        5.26577865],\n       [0.57376597, 0.60383411, 0.60959279, 1.14983211, 0.93842824,\n        5.29324792],\n       [0.68532569, 0.59484806, 0.60544896, 1.13225061, 0.94931648,\n        5.36409763],\n       [0.58561959, 0.60101682, 0.61096417, 1.14012254, 0.9731566 ,\n        5.33908011]]), array([0.35253354, 0.35268247, 0.35270176, 0.35273597, 0.35274342,\n       0.3533913 , 0.35367153]))", "callback": [0.7463040450809764, 0.7129374455948001, 0.7090979991218029, 0.7040867354891516, 0.650453507364884, 0.36863226766690127, 0.3667129320970549, 0.35673044527076614, 0.35339130052040135]}, "3": {"maxiter": 100, "fatol": 1e-10, "xatol": 1e-10, "duration": 0.036338090896606445, "fun": "0.35253354499474454", "nit": "100", "nfev": "159", "status": "2", "success": "False", "message": "Maximum number of iterations has been exceeded.", "x": "[0.64388574 0.59966193 0.60614847 1.14459381 0.91017674 5.29373345]", "final_simplex": "(array([[0.64388574, 0.59966193, 0.60614847, 1.14459381, 0.91017674,\n        5.29373345],\n       [0.51052016, 0.60687862, 0.61906238, 1.15778453, 0.99272673,\n        5.24796306],\n       [0.59485994, 0.60053381, 0.6073663 , 1.1367905 , 1.01902818,\n        5.24509213],\n       [0.64495058, 0.59904291, 0.60583589, 1.13585887, 0.95876522,\n        5.26577865],\n       [0.57376597, 0.60383411, 0.60959279, 1.14983211, 0.93842824,\n        5.29324792],\n       [0.68532569, 0.59484806, 0.60544896, 1.13225061, 0.94931648,\n        5.36409763],\n       [0.58561959, 0.60101682, 0.61096417, 1.14012254, 0.9731566 ,\n        5.33908011]]), array([0.35253354, 0.35268247, 0.35270176, 0.35273597, 0.35274342,\n       0.3533913 , 0.35367153]))", "callback": [0.7463040450809764, 0.7129374455948001, 0.7090979991218029, 0.7040867354891516, 0.650453507364884, 0.36863226766690127, 0.3667129320970549, 0.35673044527076614, 0.35339130052040135]}, "4": {"maxiter": 500, "fatol": 1e-05, "xatol": 1e-05, "duration": 0.18054676055908203, "fun": "0.18094901818332032", "nit": "500", "nfev": "775", "status": "2", "success": "False", "message": "Maximum number of iterations has been exceeded.", "x": "[ 1.31422882 -0.07206001  1.5917295   1.91612579  1.17762155  5.31933605]", "final_simplex": "(array([[ 1.31422882, -0.07206001,  1.5917295 ,  1.91612579,  1.17762155,\n         5.31933605],\n       [ 1.31464982, -0.07625895,  1.58759304,  1.91404492,  1.17562382,\n         5.31906975],\n       [ 1.3142972 , -0.07385002,  1.59129033,  1.91303634,  1.17486399,\n         5.32263062],\n       [ 1.31363576, -0.07496387,  1.59049445,  1.91142564,  1.17980257,\n         5.32149596],\n       [ 1.31444287, -0.07354874,  1.59181258,  1.91139865,  1.17660648,\n         5.3205695 ],\n       [ 1.31806218, -0.07514423,  1.59209154,  1.91861194,  1.17504288,\n         5.32222634],\n       [ 1.31127123, -0.07045622,  1.58427049,  1.91482307,  1.17836755,\n         5.32324217]]), array([0.18094902, 0.18094922, 0.18095082, 0.18095177, 0.18095191,\n       0.18095524, 0.18095525]))", "callback": [0.7463040450809764, 0.7129374455948001, 0.7090979991218029, 0.7040867354891516, 0.650453507364884, 0.36863226766690127, 0.3667129320970549, 0.35673044527076614, 0.35339130052040135, 0.35145624479498583, 0.34911866712279205, 0.338257517895012, 0.32364402334449693, 0.29673481025554116, 0.2634661245828216, 0.24837526702115087, 0.24629730788837279, 0.24535132622120537, 0.2451678675356005, 0.24513099456295795, 0.24504637244874738, 0.24480396440393637, 0.2441107696129956, 0.24154483940196825, 0.23888426874988478, 0.23462977788648054, 0.23335457565324236, 0.2325573363682314, 0.23236805964352703, 0.23230397182305396, 0.23228373692277338, 0.23226109406467954, 0.23224160437734254, 0.2321807209708021, 0.23202792547251283, 0.23141985369220952, 0.2293783234763077, 0.22765284334769476, 0.22633021584714186, 0.2214107489937197, 0.21602133189485162, 0.20252128275998427, 0.19187368461955912, 0.18687358194008008, 0.18407729838543185, 0.18177158935791937, 0.18109689175620902, 0.1809900973748414, 0.18095524158992082]}, "5": {"maxiter": 500, "fatol": 1e-05, "xatol": 1e-10, "duration": 0.17559313774108887, "fun": "0.18094901818332032", "nit": "500", "nfev": "775", "status": "2", "success": "False", "message": "Maximum number of iterations has been exceeded.", "x": "[ 1.31422882 -0.07206001  1.5917295   1.91612579  1.17762155  5.31933605]", "final_simplex": "(array([[ 1.31422882, -0.07206001,  1.5917295 ,  1.91612579,  1.17762155,\n         5.31933605],\n       [ 1.31464982, -0.07625895,  1.58759304,  1.91404492,  1.17562382,\n         5.31906975],\n       [ 1.3142972 , -0.07385002,  1.59129033,  1.91303634,  1.17486399,\n         5.32263062],\n       [ 1.31363576, -0.07496387,  1.59049445,  1.91142564,  1.17980257,\n         5.32149596],\n       [ 1.31444287, -0.07354874,  1.59181258,  1.91139865,  1.17660648,\n         5.3205695 ],\n       [ 1.31806218, -0.07514423,  1.59209154,  1.91861194,  1.17504288,\n         5.32222634],\n       [ 1.31127123, -0.07045622,  1.58427049,  1.91482307,  1.17836755,\n         5.32324217]]), array([0.18094902, 0.18094922, 0.18095082, 0.18095177, 0.18095191,\n       0.18095524, 0.18095525]))", "callback": [0.7463040450809764, 0.7129374455948001, 0.7090979991218029, 0.7040867354891516, 0.650453507364884, 0.36863226766690127, 0.3667129320970549, 0.35673044527076614, 0.35339130052040135, 0.35145624479498583, 0.34911866712279205, 0.338257517895012, 0.32364402334449693, 0.29673481025554116, 0.2634661245828216, 0.24837526702115087, 0.24629730788837279, 0.24535132622120537, 0.2451678675356005, 0.24513099456295795, 0.24504637244874738, 0.24480396440393637, 0.2441107696129956, 0.24154483940196825, 0.23888426874988478, 0.23462977788648054, 0.23335457565324236, 0.2325573363682314, 0.23236805964352703, 0.23230397182305396, 0.23228373692277338, 0.23226109406467954, 0.23224160437734254, 0.2321807209708021, 0.23202792547251283, 0.23141985369220952, 0.2293783234763077, 0.22765284334769476, 0.22633021584714186, 0.2214107489937197, 0.21602133189485162, 0.20252128275998427, 0.19187368461955912, 0.18687358194008008, 0.18407729838543185, 0.18177158935791937, 0.18109689175620902, 0.1809900973748414, 0.18095524158992082]}, "6": {"maxiter": 500, "fatol": 1e-10, "xatol": 1e-05, "duration": 0.18587994575500488, "fun": "0.18094901818332032", "nit": "500", "nfev": "775", "status": "2", "success": "False", "message": "Maximum number of iterations has been exceeded.", "x": "[ 1.31422882 -0.07206001  1.5917295   1.91612579  1.17762155  5.31933605]", "final_simplex": "(array([[ 1.31422882, -0.07206001,  1.5917295 ,  1.91612579,  1.17762155,\n         5.31933605],\n       [ 1.31464982, -0.07625895,  1.58759304,  1.91404492,  1.17562382,\n         5.31906975],\n       [ 1.3142972 , -0.07385002,  1.59129033,  1.91303634,  1.17486399,\n         5.32263062],\n       [ 1.31363576, -0.07496387,  1.59049445,  1.91142564,  1.17980257,\n         5.32149596],\n       [ 1.31444287, -0.07354874,  1.59181258,  1.91139865,  1.17660648,\n         5.3205695 ],\n       [ 1.31806218, -0.07514423,  1.59209154,  1.91861194,  1.17504288,\n         5.32222634],\n       [ 1.31127123, -0.07045622,  1.58427049,  1.91482307,  1.17836755,\n         5.32324217]]), array([0.18094902, 0.18094922, 0.18095082, 0.18095177, 0.18095191,\n       0.18095524, 0.18095525]))", "callback": [0.7463040450809764, 0.7129374455948001, 0.7090979991218029, 0.7040867354891516, 0.650453507364884, 0.36863226766690127, 0.3667129320970549, 0.35673044527076614, 0.35339130052040135, 0.35145624479498583, 0.34911866712279205, 0.338257517895012, 0.32364402334449693, 0.29673481025554116, 0.2634661245828216, 0.24837526702115087, 0.24629730788837279, 0.24535132622120537, 0.2451678675356005, 0.24513099456295795, 0.24504637244874738, 0.24480396440393637, 0.2441107696129956, 0.24154483940196825, 0.23888426874988478, 0.23462977788648054, 0.23335457565324236, 0.2325573363682314, 0.23236805964352703, 0.23230397182305396, 0.23228373692277338, 0.23226109406467954, 0.23224160437734254, 0.2321807209708021, 0.23202792547251283, 0.23141985369220952, 0.2293783234763077, 0.22765284334769476, 0.22633021584714186, 0.2214107489937197, 0.21602133189485162, 0.20252128275998427, 0.19187368461955912, 0.18687358194008008, 0.18407729838543185, 0.18177158935791937, 0.18109689175620902, 0.1809900973748414, 0.18095524158992082]}, "7": {"maxiter": 500, "fatol": 1e-10, "xatol": 1e-10, "duration": 0.1856520175933838, "fun": "0.18094901818332032", "nit": "500", "nfev": "775", "status": "2", "success": "False", "message": "Maximum number of iterations has been exceeded.", "x": "[ 1.31422882 -0.07206001  1.5917295   1.91612579  1.17762155  5.31933605]", "final_simplex": "(array([[ 1.31422882, -0.07206001,  1.5917295 ,  1.91612579,  1.17762155,\n         5.31933605],\n       [ 1.31464982, -0.07625895,  1.58759304,  1.91404492,  1.17562382,\n         5.31906975],\n       [ 1.3142972 , -0.07385002,  1.59129033,  1.91303634,  1.17486399,\n         5.32263062],\n       [ 1.31363576, -0.07496387,  1.59049445,  1.91142564,  1.17980257,\n         5.32149596],\n       [ 1.31444287, -0.07354874,  1.59181258,  1.91139865,  1.17660648,\n         5.3205695 ],\n       [ 1.31806218, -0.07514423,  1.59209154,  1.91861194,  1.17504288,\n         5.32222634],\n       [ 1.31127123, -0.07045622,  1.58427049,  1.91482307,  1.17836755,\n         5.32324217]]), array([0.18094902, 0.18094922, 0.18095082, 0.18095177, 0.18095191,\n       0.18095524, 0.18095525]))", "callback": [0.7463040450809764, 0.7129374455948001, 0.7090979991218029, 0.7040867354891516, 0.650453507364884, 0.36863226766690127, 0.3667129320970549, 0.35673044527076614, 0.35339130052040135, 0.35145624479498583, 0.34911866712279205, 0.338257517895012, 0.32364402334449693, 0.29673481025554116, 0.2634661245828216, 0.24837526702115087, 0.24629730788837279, 0.24535132622120537, 0.2451678675356005, 0.24513099456295795, 0.24504637244874738, 0.24480396440393637, 0.2441107696129956, 0.24154483940196825, 0.23888426874988478, 0.23462977788648054, 0.23335457565324236, 0.2325573363682314, 0.23236805964352703, 0.23230397182305396, 0.23228373692277338, 0.23226109406467954, 0.23224160437734254, 0.2321807209708021, 0.23202792547251283, 0.23141985369220952, 0.2293783234763077, 0.22765284334769476, 0.22633021584714186, 0.2214107489937197, 0.21602133189485162, 0.20252128275998427, 0.19187368461955912, 0.18687358194008008, 0.18407729838543185, 0.18177158935791937, 0.18109689175620902, 0.1809900973748414, 0.18095524158992082]}, "8": {"maxiter": 1000, "fatol": 1e-05, "xatol": 1e-05, "duration": 0.2305898666381836, "fun": "0.18093964176609723", "nit": "627", "nfev": "985", "status": "0", "success": "True", "message": "Optimization terminated successfully.", "x": "[ 1.30832505 -0.07685219  1.5909172   1.91485307  1.1746009   5.31696999]", "final_simplex": "(array([[ 1.30832505, -0.07685219,  1.5909172 ,  1.91485307,  1.1746009 ,\n         5.31696999],\n       [ 1.30832694, -0.07685058,  1.59091577,  1.91485671,  1.17459648,\n         5.31697224],\n       [ 1.30832349, -0.0768485 ,  1.59091505,  1.91485404,  1.17459632,\n         5.31696782],\n       [ 1.30832669, -0.07684719,  1.59091117,  1.914857  ,  1.17459828,\n         5.31697395],\n       [ 1.30832487, -0.07685027,  1.59091113,  1.91485343,  1.17459653,\n         5.31697518],\n       [ 1.308327  , -0.07684666,  1.59092159,  1.91485107,  1.17460681,\n         5.31697136],\n       [ 1.30832164, -0.07684839,  1.59091673,  1.91485756,  1.17460444,\n         5.3169727 ]]), array([0.18093964, 0.18093964, 0.18093964, 0.18093964, 0.18093964,\n       0.18093964, 0.18093964]))", "callback": [0.7463040450809764, 0.7129374455948001, 0.7090979991218029, 0.7040867354891516, 0.650453507364884, 0.36863226766690127, 0.3667129320970549, 0.35673044527076614, 0.35339130052040135, 0.35145624479498583, 0.34911866712279205, 0.338257517895012, 0.32364402334449693, 0.29673481025554116, 0.2634661245828216, 0.24837526702115087, 0.24629730788837279, 0.24535132622120537, 0.2451678675356005, 0.24513099456295795, 0.24504637244874738, 0.24480396440393637, 0.2441107696129956, 0.24154483940196825, 0.23888426874988478, 0.23462977788648054, 0.23335457565324236, 0.2325573363682314, 0.23236805964352703, 0.23230397182305396, 0.23228373692277338, 0.23226109406467954, 0.23224160437734254, 0.2321807209708021, 0.23202792547251283, 0.23141985369220952, 0.2293783234763077, 0.22765284334769476, 0.22633021584714186, 0.2214107489937197, 0.21602133189485162, 0.20252128275998427, 0.19187368461955912, 0.18687358194008008, 0.18407729838543185, 0.18177158935791937, 0.18109689175620902, 0.1809900973748414, 0.18095524158992082, 0.18094901818332032, 0.18094695516765802, 0.18094411889915085, 0.18094049321258465, 0.18093988195172184, 0.18093971259650432, 0.1809396571739047, 0.18093964520793138, 0.18093964334457502, 0.18093964225715542, 0.18093964184926603, 0.18093964179547983, 0.18093964177095911]}, "9": {"maxiter": 1000, "fatol": 1e-05, "xatol": 1e-10, "duration": 0.2719449996948242, "fun": "0.1809396417643594", "nit": "720", "nfev": "1195", "status": "0", "success": "True", "message": "Optimization terminated successfully.", "x": "[ 1.30832536 -0.07684941  1.59091666  1.91485381  1.17460096  5.31697176]", "final_simplex": "(array([[ 1.30832536, -0.07684941,  1.59091666,  1.91485381,  1.17460096,\n         5.31697176],\n       [ 1.30832536, -0.07684941,  1.59091666,  1.91485381,  1.17460096,\n         5.31697176],\n       [ 1.30832536, -0.07684941,  1.59091666,  1.91485381,  1.17460096,\n         5.31697176],\n       [ 1.30832536, -0.07684941,  1.59091666,  1.91485381,  1.17460096,\n         5.31697176],\n       [ 1.30832536, -0.07684941,  1.59091666,  1.91485381,  1.17460096,\n         5.31697176],\n       [ 1.30832536, -0.07684941,  1.59091666,  1.91485381,  1.17460096,\n         5.31697176],\n       [ 1.30832536, -0.07684941,  1.59091666,  1.91485381,  1.17460096,\n         5.31697176]]), array([0.18093964, 0.18093964, 0.18093964, 0.18093964, 0.18093964,\n       0.18093964, 0.18093964]))", "callback": [0.7463040450809764, 0.7129374455948001, 0.7090979991218029, 0.7040867354891516, 0.650453507364884, 0.36863226766690127, 0.3667129320970549, 0.35673044527076614, 0.35339130052040135, 0.35145624479498583, 0.34911866712279205, 0.338257517895012, 0.32364402334449693, 0.29673481025554116, 0.2634661245828216, 0.24837526702115087, 0.24629730788837279, 0.24535132622120537, 0.2451678675356005, 0.24513099456295795, 0.24504637244874738, 0.24480396440393637, 0.2441107696129956, 0.24154483940196825, 0.23888426874988478, 0.23462977788648054, 0.23335457565324236, 0.2325573363682314, 0.23236805964352703, 0.23230397182305396, 0.23228373692277338, 0.23226109406467954, 0.23224160437734254, 0.2321807209708021, 0.23202792547251283, 0.23141985369220952, 0.2293783234763077, 0.22765284334769476, 0.22633021584714186, 0.2214107489937197, 0.21602133189485162, 0.20252128275998427, 0.19187368461955912, 0.18687358194008008, 0.18407729838543185, 0.18177158935791937, 0.18109689175620902, 0.1809900973748414, 0.18095524158992082, 0.18094901818332032, 0.18094695516765802, 0.18094411889915085, 0.18094049321258465, 0.18093988195172184, 0.18093971259650432, 0.1809396571739047, 0.18093964520793138, 0.18093964334457502, 0.18093964225715542, 0.18093964184926603, 0.18093964179547983, 0.18093964177095911, 0.18093964176512023, 0.18093964176465993, 0.18093964176441235, 0.18093964176437904, 0.18093964176436617, 0.18093964176436161, 0.18093964176435995, 0.18093964176435973, 0.1809396417643594, 0.1809396417643594]}, "10": {"maxiter": 1000, "fatol": 1e-10, "xatol": 1e-05, "duration": 0.22202086448669434, "fun": "0.18093964176609723", "nit": "627", "nfev": "985", "status": "0", "success": "True", "message": "Optimization terminated successfully.", "x": "[ 1.30832505 -0.07685219  1.5909172   1.91485307  1.1746009   5.31696999]", "final_simplex": "(array([[ 1.30832505, -0.07685219,  1.5909172 ,  1.91485307,  1.1746009 ,\n         5.31696999],\n       [ 1.30832694, -0.07685058,  1.59091577,  1.91485671,  1.17459648,\n         5.31697224],\n       [ 1.30832349, -0.0768485 ,  1.59091505,  1.91485404,  1.17459632,\n         5.31696782],\n       [ 1.30832669, -0.07684719,  1.59091117,  1.914857  ,  1.17459828,\n         5.31697395],\n       [ 1.30832487, -0.07685027,  1.59091113,  1.91485343,  1.17459653,\n         5.31697518],\n       [ 1.308327  , -0.07684666,  1.59092159,  1.91485107,  1.17460681,\n         5.31697136],\n       [ 1.30832164, -0.07684839,  1.59091673,  1.91485756,  1.17460444,\n         5.3169727 ]]), array([0.18093964, 0.18093964, 0.18093964, 0.18093964, 0.18093964,\n       0.18093964, 0.18093964]))", "callback": [0.7463040450809764, 0.7129374455948001, 0.7090979991218029, 0.7040867354891516, 0.650453507364884, 0.36863226766690127, 0.3667129320970549, 0.35673044527076614, 0.35339130052040135, 0.35145624479498583, 0.34911866712279205, 0.338257517895012, 0.32364402334449693, 0.29673481025554116, 0.2634661245828216, 0.24837526702115087, 0.24629730788837279, 0.24535132622120537, 0.2451678675356005, 0.24513099456295795, 0.24504637244874738, 0.24480396440393637, 0.2441107696129956, 0.24154483940196825, 0.23888426874988478, 0.23462977788648054, 0.23335457565324236, 0.2325573363682314, 0.23236805964352703, 0.23230397182305396, 0.23228373692277338, 0.23226109406467954, 0.23224160437734254, 0.2321807209708021, 0.23202792547251283, 0.23141985369220952, 0.2293783234763077, 0.22765284334769476, 0.22633021584714186, 0.2214107489937197, 0.21602133189485162, 0.20252128275998427, 0.19187368461955912, 0.18687358194008008, 0.18407729838543185, 0.18177158935791937, 0.18109689175620902, 0.1809900973748414, 0.18095524158992082, 0.18094901818332032, 0.18094695516765802, 0.18094411889915085, 0.18094049321258465, 0.18093988195172184, 0.18093971259650432, 0.1809396571739047, 0.18093964520793138, 0.18093964334457502, 0.18093964225715542, 0.18093964184926603, 0.18093964179547983, 0.18093964177095911]}, "11": {"maxiter": 1000, "fatol": 1e-10, "xatol": 1e-10, "duration": 0.27112412452697754, "fun": "0.1809396417643594", "nit": "720", "nfev": "1195", "status": "0", "success": "True", "message": "Optimization terminated successfully.", "x": "[ 1.30832536 -0.07684941  1.59091666  1.91485381  1.17460096  5.31697176]", "final_simplex": "(array([[ 1.30832536, -0.07684941,  1.59091666,  1.91485381,  1.17460096,\n         5.31697176],\n       [ 1.30832536, -0.07684941,  1.59091666,  1.91485381,  1.17460096,\n         5.31697176],\n       [ 1.30832536, -0.07684941,  1.59091666,  1.91485381,  1.17460096,\n         5.31697176],\n       [ 1.30832536, -0.07684941,  1.59091666,  1.91485381,  1.17460096,\n         5.31697176],\n       [ 1.30832536, -0.07684941,  1.59091666,  1.91485381,  1.17460096,\n         5.31697176],\n       [ 1.30832536, -0.07684941,  1.59091666,  1.91485381,  1.17460096,\n         5.31697176],\n       [ 1.30832536, -0.07684941,  1.59091666,  1.91485381,  1.17460096,\n         5.31697176]]), array([0.18093964, 0.18093964, 0.18093964, 0.18093964, 0.18093964,\n       0.18093964, 0.18093964]))", "callback": [0.7463040450809764, 0.7129374455948001, 0.7090979991218029, 0.7040867354891516, 0.650453507364884, 0.36863226766690127, 0.3667129320970549, 0.35673044527076614, 0.35339130052040135, 0.35145624479498583, 0.34911866712279205, 0.338257517895012, 0.32364402334449693, 0.29673481025554116, 0.2634661245828216, 0.24837526702115087, 0.24629730788837279, 0.24535132622120537, 0.2451678675356005, 0.24513099456295795, 0.24504637244874738, 0.24480396440393637, 0.2441107696129956, 0.24154483940196825, 0.23888426874988478, 0.23462977788648054, 0.23335457565324236, 0.2325573363682314, 0.23236805964352703, 0.23230397182305396, 0.23228373692277338, 0.23226109406467954, 0.23224160437734254, 0.2321807209708021, 0.23202792547251283, 0.23141985369220952, 0.2293783234763077, 0.22765284334769476, 0.22633021584714186, 0.2214107489937197, 0.21602133189485162, 0.20252128275998427, 0.19187368461955912, 0.18687358194008008, 0.18407729838543185, 0.18177158935791937, 0.18109689175620902, 0.1809900973748414, 0.18095524158992082, 0.18094901818332032, 0.18094695516765802, 0.18094411889915085, 0.18094049321258465, 0.18093988195172184, 0.18093971259650432, 0.1809396571739047, 0.18093964520793138, 0.18093964334457502, 0.18093964225715542, 0.18093964184926603, 0.18093964179547983, 0.18093964177095911, 0.18093964176512023, 0.18093964176465993, 0.18093964176441235, 0.18093964176437904, 0.18093964176436617, 0.18093964176436161, 0.18093964176435995, 0.18093964176435973, 0.1809396417643594, 0.1809396417643594]}}, "bfgs": {"type": "gradient", "0": {"maxiter": 100, "gtol": 1e-05, "xrtol": 1e-05, "eps": 1e-05, "duration": 0.061980247497558594, "fun": "0.33355257294386287", "jac": "[-3.14825943e-07 -3.57791574e-07 -5.01494402e-06 -1.49648072e-06\n -4.81259477e-06 -7.71371855e-06]", "hess_inv": "[[ 4.58484061 -0.40326921  0.30969321 -0.16749721 -3.1215993   2.68419815]\n [-0.40326921  4.84607756  1.40002591  0.4650306   1.49859541 -1.51583353]\n [ 0.30969321  1.40002591  6.48895839  2.11769364 -3.30547055  0.70110027]\n [-0.16749721  0.4650306   2.11769364  5.38388251 -1.29606213  0.55596216]\n [-3.1215993   1.49859541 -3.30547055 -1.29606213 11.55841633 -7.6935437 ]\n [ 2.68419815 -1.51583353  0.70110027  0.55596216 -7.6935437   8.81969452]]", "nfev": "266", "njev": "38", "status": "0", "success": "True", "message": "Optimization terminated successfully.", "x": "[ 2.07340621  2.49222111 -0.20898743  0.7836464   5.90735847  2.6944613 ]", "nit": "30", "callback": [0.39608077805226427, 0.36871504396907884, 0.33355257294386287]}, "1": {"maxiter": 100, "gtol": 1e-05, "xrtol": 1e-05, "eps": 1e-10, "duration": 0.06047415733337402, "fun": "0.3335525728475913", "jac": "[ 0.00000000e+00  2.22044587e-06 -7.77156053e-06  1.11022293e-06\n -2.22044587e-06 -6.66133760e-06]", "hess_inv": "[[ 4.59597444 -0.43713142  0.34184773 -0.19293493 -3.18187809  2.70770383]\n [-0.43713142  4.78012694  1.40756716  0.42554923  1.548261   -1.56451247]\n [ 0.34184773  1.40756716  6.5774309   2.10752056 -3.37333059  0.76870751]\n [-0.19293493  0.42554923  2.10752056  5.41345558 -1.257661    0.56063196]\n [-3.18187809  1.548261   -3.37333059 -1.257661   11.74305642 -7.80818354]\n [ 2.70770383 -1.56451247  0.76870751  0.56063196 -7.80818354  8.91725767]]", "nfev": "266", "njev": "38", "status": "0", "success": "True", "message": "Optimization terminated successfully.", "x": "[ 2.07340352  2.49224125 -0.20898383  0.78366978  5.90737975  2.69445907]", "nit": "30", "callback": [0.3960800705347888, 0.3686734919738667, 0.3335525728475913]}, "2": {"maxiter": 100, "gtol": 1e-05, "xrtol": 1e-10, "eps": 1e-05, "duration": 0.06068587303161621, "fun": "0.33355257294386287", "jac": "[-3.14825943e-07 -3.57791574e-07 -5.01494402e-06 -1.49648072e-06\n -4.81259477e-06 -7.71371855e-06]", "hess_inv": "[[ 4.58484061 -0.40326921  0.30969321 -0.16749721 -3.1215993   2.68419815]\n [-0.40326921  4.84607756  1.40002591  0.4650306   1.49859541 -1.51583353]\n [ 0.30969321  1.40002591  6.48895839  2.11769364 -3.30547055  0.70110027]\n [-0.16749721  0.4650306   2.11769364  5.38388251 -1.29606213  0.55596216]\n [-3.1215993   1.49859541 -3.30547055 -1.29606213 11.55841633 -7.6935437 ]\n [ 2.68419815 -1.51583353  0.70110027  0.55596216 -7.6935437   8.81969452]]", "nfev": "266", "njev": "38", "status": "0", "success": "True", "message": "Optimization terminated successfully.", "x": "[ 2.07340621  2.49222111 -0.20898743  0.7836464   5.90735847  2.6944613 ]", "nit": "30", "callback": [0.39608077805226427, 0.36871504396907884, 0.33355257294386287]}, "3": {"maxiter": 100, "gtol": 1e-05, "xrtol": 1e-10, "eps": 1e-10, "duration": 0.06276178359985352, "fun": "0.3335525728475913", "jac": "[ 0.00000000e+00  2.22044587e-06 -7.77156053e-06  1.11022293e-06\n -2.22044587e-06 -6.66133760e-06]", "hess_inv": "[[ 4.59597444 -0.43713142  0.34184773 -0.19293493 -3.18187809  2.70770383]\n [-0.43713142  4.78012694  1.40756716  0.42554923  1.548261   -1.56451247]\n [ 0.34184773  1.40756716  6.5774309   2.10752056 -3.37333059  0.76870751]\n [-0.19293493  0.42554923  2.10752056  5.41345558 -1.257661    0.56063196]\n [-3.18187809  1.548261   -3.37333059 -1.257661   11.74305642 -7.80818354]\n [ 2.70770383 -1.56451247  0.76870751  0.56063196 -7.80818354  8.91725767]]", "nfev": "266", "njev": "38", "status": "0", "success": "True", "message": "Optimization terminated successfully.", "x": "[ 2.07340352  2.49224125 -0.20898383  0.78366978  5.90737975  2.69445907]", "nit": "30", "callback": [0.3960800705347888, 0.3686734919738667, 0.3335525728475913]}, "4": {"maxiter": 100, "gtol": 1e-10, "xrtol": 1e-05, "eps": 1e-05, "duration": 0.07045102119445801, "fun": "0.33355257267643057", "jac": "[-1.32294176e-07 -5.89106541e-07  3.09963166e-07 -6.88338275e-10\n  5.44075895e-07  3.52551321e-07]", "hess_inv": "[[ 4.46134375 -0.34358058  0.10116059 -0.2370988  -2.86125871  2.44035224]\n [-0.34358058  4.90159093  1.61354319  0.61474941  1.3229913  -1.21392903]\n [ 0.10116059  1.61354319  6.28747163  2.15527736 -2.9323815   0.53528559]\n [-0.2370988   0.61474941  2.15527736  5.50437561 -1.21782657  0.67177651]\n [-2.86125871  1.3229913  -2.9323815  -1.21782657 11.03896817 -7.28809215]\n [ 2.44035224 -1.21392903  0.53528559  0.67177651 -7.28809215  8.73974769]]", "nfev": "273", "njev": "39", "status": "0", "success": "True", "message": "Optimization terminated successfully.", "x": "[ 2.0734127   2.49222877 -0.20896205  0.78366491  5.90733842  2.69449766]", "nit": "31", "callback": [0.39608077805226427, 0.36871504396907884, 0.33355257294386287]}, "5": {"maxiter": 100, "gtol": 1e-10, "xrtol": 1e-05, "eps": 1e-10, "duration": 0.06950616836547852, "fun": "0.3335525726648113", "jac": "[0.00000000e+00 0.00000000e+00 2.22044587e-06 2.22044587e-06\n 2.22044587e-06 2.22044587e-06]", "hess_inv": "[[ 5.10831225 -0.25408017  1.32751893  0.12511314 -4.50448932  3.98531659]\n [-0.25408017  4.61920852  2.34737821  0.70072595  0.4902568  -0.43900559]\n [ 1.32751893  2.34737821  7.44611227  2.51941408 -4.85909561  2.13887061]\n [ 0.12511314  0.70072595  2.51941408  5.59225788 -1.86405817  1.16224469]\n [-4.50448932  0.4902568  -4.85909561 -1.86405817 14.07019638 -9.97703905]\n [ 3.98531659 -0.43900559  2.13887061  1.16224469 -9.97703905 10.97184681]]", "nfev": "301", "njev": "43", "status": "0", "success": "True", "message": "Optimization terminated successfully.", "x": "[ 2.0734165   2.49223833 -0.20894279  0.78368166  5.90732998  2.69450914]", "nit": "32", "callback": [0.3960800705347888, 0.3686734919738667, 0.3335525728475913]}, "6": {"maxiter": 100, "gtol": 1e-10, "xrtol": 1e-10, "eps": 1e-05, "duration": 0.11356973648071289, "fun": "0.3335525726726535", "jac": "[-6.50590692e-09  1.25122135e-08 -6.19504448e-09  4.99600361e-09\n -5.55111512e-10  2.22044605e-11]", "hess_inv": "[[ 4.5395559  -0.26742811  0.20856667 -0.1810585  -3.03042041  2.59189302]\n [-0.26742811  4.90624684  1.77825017  0.70660764  1.15136733 -0.96365506]\n [ 0.20856667  1.77825017  6.38876745  2.20478546 -3.16073212  0.66302525]\n [-0.1810585   0.70660764  2.20478546  5.52850074 -1.33700189  0.73227453]\n [-3.03042041  1.15136733 -3.16073212 -1.33700189 11.40486065 -7.60859841]\n [ 2.59189302 -0.96365506  0.66302525  0.73227453 -7.60859841  8.8939709 ]]", "nfev": "494", "njev": "69", "status": "2", "success": "False", "message": "Desired error not necessarily achieved due to precision loss.", "x": "[ 2.07341378  2.49223084 -0.20896147  0.78366511  5.9073362   2.69449821]", "nit": "32", "callback": [0.39608077805226427, 0.36871504396907884, 0.33355257294386287]}, "7": {"maxiter": 100, "gtol": 1e-10, "xrtol": 1e-10, "eps": 1e-10, "duration": 0.1140589714050293, "fun": "0.33355257265471294", "jac": "[0. 0. 0. 0. 0. 0.]", "hess_inv": "[[ 0.33325151 -0.4649215  -0.8483674  -0.0867038   0.54094632 -0.29213427]\n [-0.4649215   2.28261979  2.67813497  0.08552981 -2.38474055  1.21448119]\n [-0.8483674   2.67813497  3.67478259  0.2095691  -2.96795843  1.50911209]\n [-0.0867038   0.08552981  0.2095691   0.06669921 -0.1373898   0.07326753]\n [ 0.54094632 -2.38474055 -2.96795843 -0.1373898   2.58638817 -1.30421397]\n [-0.29213427  1.21448119  1.50911209  0.07326753 -1.30421397  0.66742142]]", "nfev": "483", "njev": "69", "status": "0", "success": "True", "message": "Optimization terminated successfully.", "x": "[ 2.07342273  2.49224143 -0.20894816  0.78367981  5.90732912  2.69450879]", "nit": "44", "callback": [0.3960800705347888, 0.3686734919738667, 0.3335525728475913, 0.33355257265587324]}, "8": {"maxiter": 500, "gtol": 1e-05, "xrtol": 1e-05, "eps": 1e-05, "duration": 0.06391310691833496, "fun": "0.33355257294386287", "jac": "[-3.14825943e-07 -3.57791574e-07 -5.01494402e-06 -1.49648072e-06\n -4.81259477e-06 -7.71371855e-06]", "hess_inv": "[[ 4.58484061 -0.40326921  0.30969321 -0.16749721 -3.1215993   2.68419815]\n [-0.40326921  4.84607756  1.40002591  0.4650306   1.49859541 -1.51583353]\n [ 0.30969321  1.40002591  6.48895839  2.11769364 -3.30547055  0.70110027]\n [-0.16749721  0.4650306   2.11769364  5.38388251 -1.29606213  0.55596216]\n [-3.1215993   1.49859541 -3.30547055 -1.29606213 11.55841633 -7.6935437 ]\n [ 2.68419815 -1.51583353  0.70110027  0.55596216 -7.6935437   8.81969452]]", "nfev": "266", "njev": "38", "status": "0", "success": "True", "message": "Optimization terminated successfully.", "x": "[ 2.07340621  2.49222111 -0.20898743  0.7836464   5.90735847  2.6944613 ]", "nit": "30", "callback": [0.39608077805226427, 0.36871504396907884, 0.33355257294386287]}, "9": {"maxiter": 500, "gtol": 1e-05, "xrtol": 1e-05, "eps": 1e-10, "duration": 0.06343817710876465, "fun": "0.3335525728475913", "jac": "[ 0.00000000e+00  2.22044587e-06 -7.77156053e-06  1.11022293e-06\n -2.22044587e-06 -6.66133760e-06]", "hess_inv": "[[ 4.59597444 -0.43713142  0.34184773 -0.19293493 -3.18187809  2.70770383]\n [-0.43713142  4.78012694  1.40756716  0.42554923  1.548261   -1.56451247]\n [ 0.34184773  1.40756716  6.5774309   2.10752056 -3.37333059  0.76870751]\n [-0.19293493  0.42554923  2.10752056  5.41345558 -1.257661    0.56063196]\n [-3.18187809  1.548261   -3.37333059 -1.257661   11.74305642 -7.80818354]\n [ 2.70770383 -1.56451247  0.76870751  0.56063196 -7.80818354  8.91725767]]", "nfev": "266", "njev": "38", "status": "0", "success": "True", "message": "Optimization terminated successfully.", "x": "[ 2.07340352  2.49224125 -0.20898383  0.78366978  5.90737975  2.69445907]", "nit": "30", "callback": [0.3960800705347888, 0.3686734919738667, 0.3335525728475913]}, "10": {"maxiter": 500, "gtol": 1e-05, "xrtol": 1e-10, "eps": 1e-05, "duration": 0.06889963150024414, "fun": "0.33355257294386287", "jac": "[-3.14825943e-07 -3.57791574e-07 -5.01494402e-06 -1.49648072e-06\n -4.81259477e-06 -7.71371855e-06]", "hess_inv": "[[ 4.58484061 -0.40326921  0.30969321 -0.16749721 -3.1215993   2.68419815]\n [-0.40326921  4.84607756  1.40002591  0.4650306   1.49859541 -1.51583353]\n [ 0.30969321  1.40002591  6.48895839  2.11769364 -3.30547055  0.70110027]\n [-0.16749721  0.4650306   2.11769364  5.38388251 -1.29606213  0.55596216]\n [-3.1215993   1.49859541 -3.30547055 -1.29606213 11.55841633 -7.6935437 ]\n [ 2.68419815 -1.51583353  0.70110027  0.55596216 -7.6935437   8.81969452]]", "nfev": "266", "njev": "38", "status": "0", "success": "True", "message": "Optimization terminated successfully.", "x": "[ 2.07340621  2.49222111 -0.20898743  0.7836464   5.90735847  2.6944613 ]", "nit": "30", "callback": [0.39608077805226427, 0.36871504396907884, 0.33355257294386287]}, "11": {"maxiter": 500, "gtol": 1e-05, "xrtol": 1e-10, "eps": 1e-10, "duration": 0.07392001152038574, "fun": "0.3335525728475913", "jac": "[ 0.00000000e+00  2.22044587e-06 -7.77156053e-06  1.11022293e-06\n -2.22044587e-06 -6.66133760e-06]", "hess_inv": "[[ 4.59597444 -0.43713142  0.34184773 -0.19293493 -3.18187809  2.70770383]\n [-0.43713142  4.78012694  1.40756716  0.42554923  1.548261   -1.56451247]\n [ 0.34184773  1.40756716  6.5774309   2.10752056 -3.37333059  0.76870751]\n [-0.19293493  0.42554923  2.10752056  5.41345558 -1.257661    0.56063196]\n [-3.18187809  1.548261   -3.37333059 -1.257661   11.74305642 -7.80818354]\n [ 2.70770383 -1.56451247  0.76870751  0.56063196 -7.80818354  8.91725767]]", "nfev": "266", "njev": "38", "status": "0", "success": "True", "message": "Optimization terminated successfully.", "x": "[ 2.07340352  2.49224125 -0.20898383  0.78366978  5.90737975  2.69445907]", "nit": "30", "callback": [0.3960800705347888, 0.3686734919738667, 0.3335525728475913]}, "12": {"maxiter": 500, "gtol": 1e-10, "xrtol": 1e-05, "eps": 1e-05, "duration": 0.08204388618469238, "fun": "0.33355257267643057", "jac": "[-1.32294176e-07 -5.89106541e-07  3.09963166e-07 -6.88338275e-10\n  5.44075895e-07  3.52551321e-07]", "hess_inv": "[[ 4.46134375 -0.34358058  0.10116059 -0.2370988  -2.86125871  2.44035224]\n [-0.34358058  4.90159093  1.61354319  0.61474941  1.3229913  -1.21392903]\n [ 0.10116059  1.61354319  6.28747163  2.15527736 -2.9323815   0.53528559]\n [-0.2370988   0.61474941  2.15527736  5.50437561 -1.21782657  0.67177651]\n [-2.86125871  1.3229913  -2.9323815  -1.21782657 11.03896817 -7.28809215]\n [ 2.44035224 -1.21392903  0.53528559  0.67177651 -7.28809215  8.73974769]]", "nfev": "273", "njev": "39", "status": "0", "success": "True", "message": "Optimization terminated successfully.", "x": "[ 2.0734127   2.49222877 -0.20896205  0.78366491  5.90733842  2.69449766]", "nit": "31", "callback": [0.39608077805226427, 0.36871504396907884, 0.33355257294386287]}, "13": {"maxiter": 500, "gtol": 1e-10, "xrtol": 1e-05, "eps": 1e-10, "duration": 0.09610199928283691, "fun": "0.3335525726648113", "jac": "[0.00000000e+00 0.00000000e+00 2.22044587e-06 2.22044587e-06\n 2.22044587e-06 2.22044587e-06]", "hess_inv": "[[ 5.10831225 -0.25408017  1.32751893  0.12511314 -4.50448932  3.98531659]\n [-0.25408017  4.61920852  2.34737821  0.70072595  0.4902568  -0.43900559]\n [ 1.32751893  2.34737821  7.44611227  2.51941408 -4.85909561  2.13887061]\n [ 0.12511314  0.70072595  2.51941408  5.59225788 -1.86405817  1.16224469]\n [-4.50448932  0.4902568  -4.85909561 -1.86405817 14.07019638 -9.97703905]\n [ 3.98531659 -0.43900559  2.13887061  1.16224469 -9.97703905 10.97184681]]", "nfev": "301", "njev": "43", "status": "0", "success": "True", "message": "Optimization terminated successfully.", "x": "[ 2.0734165   2.49223833 -0.20894279  0.78368166  5.90732998  2.69450914]", "nit": "32", "callback": [0.3960800705347888, 0.3686734919738667, 0.3335525728475913]}, "14": {"maxiter": 500, "gtol": 1e-10, "xrtol": 1e-10, "eps": 1e-05, "duration": 0.16924691200256348, "fun": "0.3335525726726535", "jac": "[-6.50590692e-09  1.25122135e-08 -6.19504448e-09  4.99600361e-09\n -5.55111512e-10  2.22044605e-11]", "hess_inv": "[[ 4.5395559  -0.26742811  0.20856667 -0.1810585  -3.03042041  2.59189302]\n [-0.26742811  4.90624684  1.77825017  0.70660764  1.15136733 -0.96365506]\n [ 0.20856667  1.7