{"date": "2024/09/23/, 14:21:25", "conf_id": 12, "data_type": "random\n", "num_data_points": 1, "s_rank": 0, "unitary": "[[0.18663085-0.53122324j,-0.11886349-0.70040876j,0.28555095-0.02789305j,-0.12262021-0.2844587j],[-0.16702216+0.27758472j,0.27526351-0.29738586j,-0.01109314+0.22495461j,-0.77239203+0.28900673j],[0.61935415+0.12301792j,-0.31269928-0.03315917j,-0.61902762-0.19039079j,-0.27120731-0.0968989j],[0.42341754+0.0023929j,-0.05847358+0.47832119j,0.64900495-0.16218422j,-0.37182676-0.05229966j]]", "databatch_0": {"databatch": "[[[0.37499282-0.1988711j,-0.09805211+0.51312565j,-0.06018494-0.1195844j,0.01312463+0.17626814j],[-0.18377631-0.13956889j,-0.13231969+0.24612149j,-0.22095146+0.05001798j,-0.16555035+0.06802536j],[0.10817082+0.07249202j,-0.16364044-0.05995084j,0.09724384-0.07431174j,0.13547491+0.13020586j],[0.18773009-0.00895319j,0.26216462-0.05488097j,0.17452986+0.02131652j,0.05918097+0.20967497j]]]", "initial param values": "[5.04974938,1.50776146,1.43708531,6.24648279,4.92998412,4.35314661]", "nelder_mead": {"type": "gradient-free", "0": {"maxiter": 100, "fatol": 1e-05, "xatol": 1e-05, "duration": 0.05719614028930664, "fun": "0.33550722036280356", "nit": "100", "nfev": "156", "status": "2", "success": "False", "message": "Maximum number of iterations has been exceeded.", "x": "[5.38937911 3.60034454 0.37224411 9.36723581 2.60074574 4.28299226]", "final_simplex": "(array([[5.38937911, 3.60034454, 0.37224411, 9.36723581, 2.60074574,\n        4.28299226],\n       [5.46226749, 3.50776842, 0.43045676, 9.32799535, 2.70121559,\n        4.24584971],\n       [5.41943312, 3.53086598, 0.43400947, 9.27722695, 2.62069828,\n        4.28832395],\n       [5.38362819, 3.49986275, 0.51780778, 9.37520471, 2.63285214,\n        4.20142017],\n       [5.44561711, 3.5710969 , 0.41903401, 9.28036503, 2.70007338,\n        4.25379133],\n       [5.3955295 , 3.38656339, 0.56265267, 9.29833027, 2.63603918,\n        4.30132838],\n       [5.51920595, 3.43136907, 0.45462072, 9.33595776, 2.66215141,\n        4.28929501]]), array([0.33550722, 0.33631598, 0.33658517, 0.33712879, 0.33808853,\n       0.33837269, 0.33890466]))", "callback": [0.7082756742483389, 0.6914842883281607, 0.6808110666674463, 0.6594652786228293, 0.6234687430002286, 0.5545484152990285, 0.4037660338433877, 0.339375191631214, 0.339375191631214]}, "1": {"maxiter": 100, "fatol": 1e-05, "xatol": 1e-10, "duration": 0.04709601402282715, "fun": "0.33550722036280356", "nit": "100", "nfev": "156", "status": "2", "success": "False", "message": "Maximum number of iterations has been exceeded.", "x": "[5.38937911 3.60034454 0.37224411 9.36723581 2.60074574 4.28299226]", "final_simplex": "(array([[5.38937911, 3.60034454, 0.37224411, 9.36723581, 2.60074574,\n        4.28299226],\n       [5.46226749, 3.50776842, 0.43045676, 9.32799535, 2.70121559,\n        4.24584971],\n       [5.41943312, 3.53086598, 0.43400947, 9.27722695, 2.62069828,\n        4.28832395],\n       [5.38362819, 3.49986275, 0.51780778, 9.37520471, 2.63285214,\n        4.20142017],\n       [5.44561711, 3.5710969 , 0.41903401, 9.28036503, 2.70007338,\n        4.25379133],\n       [5.3955295 , 3.38656339, 0.56265267, 9.29833027, 2.63603918,\n        4.30132838],\n       [5.51920595, 3.43136907, 0.45462072, 9.33595776, 2.66215141,\n        4.28929501]]), array([0.33550722, 0.33631598, 0.33658517, 0.33712879, 0.33808853,\n       0.33837269, 0.33890466]))", "callback": [0.7082756742483389, 0.6914842883281607, 0.6808110666674463, 0.6594652786228293, 0.6234687430002286, 0.5545484152990285, 0.4037660338433877, 0.339375191631214, 0.339375191631214]}, "2": {"maxiter": 100, "fatol": 1e-10, "xatol": 1e-05, "duration": 0.04478907585144043, "fun": "0.33550722036280356", "nit": "100", "nfev": "156", "status": "2", "success": "False", "message": "Maximum number of iterations has been exceeded.", "x": "[5.38937911 3.60034454 0.37224411 9.36723581 2.60074574 4.28299226]", "final_simplex": "(array([[5.38937911, 3.60034454, 0.37224411, 9.36723581, 2.60074574,\n        4.28299226],\n       [5.46226749, 3.50776842, 0.43045676, 9.32799535, 2.70121559,\n        4.24584971],\n       [5.41943312, 3.53086598, 0.43400947, 9.27722695, 2.62069828,\n        4.28832395],\n       [5.38362819, 3.49986275, 0.51780778, 9.37520471, 2.63285214,\n        4.20142017],\n       [5.44561711, 3.5710969 , 0.41903401, 9.28036503, 2.70007338,\n        4.25379133],\n       [5.3955295 , 3.38656339, 0.56265267, 9.29833027, 2.63603918,\n        4.30132838],\n       [5.51920595, 3.43136907, 0.45462072, 9.33595776, 2.66215141,\n        4.28929501]]), array([0.33550722, 0.33631598, 0.33658517, 0.33712879, 0.33808853,\n       0.33837269, 0.33890466]))", "callback": [0.7082756742483389, 0.6914842883281607, 0.6808110666674463, 0.6594652786228293, 0.6234687430002286, 0.5545484152990285, 0.4037660338433877, 0.339375191631214, 0.339375191631214]}, "3": {"maxiter": 100, "fatol": 1e-10, "xatol": 1e-10, "duration": 0.04779815673828125, "fun": "0.33550722036280356", "nit": "100", "nfev": "156", "status": "2", "success": "False", "message": "Maximum number of iterations has been exceeded.", "x": "[5.38937911 3.60034454 0.37224411 9.36723581 2.60074574 4.28299226]", "final_simplex": "(array([[5.38937911, 3.60034454, 0.37224411, 9.36723581, 2.60074574,\n        4.28299226],\n       [5.46226749, 3.50776842, 0.43045676, 9.32799535, 2.70121559,\n        4.24584971],\n       [5.41943312, 3.53086598, 0.43400947, 9.27722695, 2.62069828,\n        4.28832395],\n       [5.38362819, 3.49986275, 0.51780778, 9.37520471, 2.63285214,\n        4.20142017],\n       [5.44561711, 3.5710969 , 0.41903401, 9.28036503, 2.70007338,\n        4.25379133],\n       [5.3955295 , 3.38656339, 0.56265267, 9.29833027, 2.63603918,\n        4.30132838],\n       [5.51920595, 3.43136907, 0.45462072, 9.33595776, 2.66215141,\n        4.28929501]]), array([0.33550722, 0.33631598, 0.33658517, 0.33712879, 0.33808853,\n       0.33837269, 0.33890466]))", "callback": [0.7082756742483389, 0.6914842883281607, 0.6808110666674463, 0.6594652786228293, 0.6234687430002286, 0.5545484152990285, 0.4037660338433877, 0.339375191631214, 0.339375191631214]}, "4": {"maxiter": 500, "fatol": 1e-05, "xatol": 1e-05, "duration": 0.23107409477233887, "fun": "0.2878148384568284", "nit": "500", "nfev": "779", "status": "2", "success": "False", "message": "Maximum number of iterations has been exceeded.", "x": "[5.80797649 3.70297279 0.59117243 8.65958924 1.26215475 2.51163886]", "final_simplex": "(array([[5.80797649, 3.70297279, 0.59117243, 8.65958924, 1.26215475,\n        2.51163886],\n       [5.80501288, 3.69407777, 0.59847683, 8.66540603, 1.25990779,\n        2.51024771],\n       [5.79884593, 3.70178404, 0.58799689, 8.66742315, 1.26257081,\n        2.51522918],\n       [5.80260832, 3.70516881, 0.58434603, 8.66786816, 1.2599635 ,\n        2.51417792],\n       [5.80347689, 3.69527914, 0.59881162, 8.66454413, 1.26626394,\n        2.5175866 ],\n       [5.80726366, 3.70256638, 0.58560796, 8.66464355, 1.26781095,\n        2.5160317 ],\n       [5.80424833, 3.70070184, 0.58790789, 8.66288642, 1.26169775,\n        2.51553148]]), array([0.28781484, 0.28781917, 0.28781957, 0.28782031, 0.28782346,\n       0.28782409, 0.28782431]))", "callback": [0.7082756742483389, 0.6914842883281607, 0.6808110666674463, 0.6594652786228293, 0.6234687430002286, 0.5545484152990285, 0.4037660338433877, 0.339375191631214, 0.339375191631214, 0.33550722036280356, 0.3343097497206584, 0.33365189118007954, 0.3308779359769165, 0.3299611685172166, 0.3298521529083325, 0.3297538739344035, 0.32967748189684776, 0.32960301682098103, 0.3293030683423819, 0.3290246774061951, 0.32656243924672823, 0.3114878006837607, 0.305173211001444, 0.30006976117820905, 0.299167617351917, 0.2941870010405605, 0.29119949483335017, 0.29074693064633117, 0.2904038079607756, 0.2901507961961478, 0.2894644319988222, 0.28898865304697097, 0.28887588298272215, 0.28864405468709275, 0.28827652049690244, 0.28803904826328774, 0.28796278768195915, 0.28793944960701257, 0.28793551227425906, 0.2879347656787634, 0.28793423711829, 0.2879340021590183, 0.2879326876705215, 0.28792596627000844, 0.2879172097118735, 0.2879081565461159, 0.2878816021625946, 0.28784902908920396, 0.28782842402660214]}, "5": {"maxiter": 500, "fatol": 1e-05, "xatol": 1e-10, "duration": 0.22186493873596191, "fun": "0.2878148384568284", "nit": "500", "nfev": "779", "status": "2", "success": "False", "message": "Maximum number of iterations has been exceeded.", "x": "[5.80797649 3.70297279 0.59117243 8.65958924 1.26215475 2.51163886]", "final_simplex": "(array([[5.80797649, 3.70297279, 0.59117243, 8.65958924, 1.26215475,\n        2.51163886],\n       [5.80501288, 3.69407777, 0.59847683, 8.66540603, 1.25990779,\n        2.51024771],\n       [5.79884593, 3.70178404, 0.58799689, 8.66742315, 1.26257081,\n        2.51522918],\n       [5.80260832, 3.70516881, 0.58434603, 8.66786816, 1.2599635 ,\n        2.51417792],\n       [5.80347689, 3.69527914, 0.59881162, 8.66454413, 1.26626394,\n        2.5175866 ],\n       [5.80726366, 3.70256638, 0.58560796, 8.66464355, 1.26781095,\n        2.5160317 ],\n       [5.80424833, 3.70070184, 0.58790789, 8.66288642, 1.26169775,\n        2.51553148]]), array([0.28781484, 0.28781917, 0.28781957, 0.28782031, 0.28782346,\n       0.28782409, 0.28782431]))", "callback": [0.7082756742483389, 0.6914842883281607, 0.6808110666674463, 0.6594652786228293, 0.6234687430002286, 0.5545484152990285, 0.4037660338433877, 0.339375191631214, 0.339375191631214, 0.33550722036280356, 0.3343097497206584, 0.33365189118007954, 0.3308779359769165, 0.3299611685172166, 0.3298521529083325, 0.3297538739344035, 0.32967748189684776, 0.32960301682098103, 0.3293030683423819, 0.3290246774061951, 0.32656243924672823, 0.3114878006837607, 0.305173211001444, 0.30006976117820905, 0.299167617351917, 0.2941870010405605, 0.29119949483335017, 0.29074693064633117, 0.2904038079607756, 0.2901507961961478, 0.2894644319988222, 0.28898865304697097, 0.28887588298272215, 0.28864405468709275, 0.28827652049690244, 0.28803904826328774, 0.28796278768195915, 0.28793944960701257, 0.28793551227425906, 0.2879347656787634, 0.28793423711829, 0.2879340021590183, 0.2879326876705215, 0.28792596627000844, 0.2879172097118735, 0.2879081565461159, 0.2878816021625946, 0.28784902908920396, 0.28782842402660214]}, "6": {"maxiter": 500, "fatol": 1e-10, "xatol": 1e-05, "duration": 0.22562313079833984, "fun": "0.2878148384568284", "nit": "500", "nfev": "779", "status": "2", "success": "False", "message": "Maximum number of iterations has been exceeded.", "x": "[5.80797649 3.70297279 0.59117243 8.65958924 1.26215475 2.51163886]", "final_simplex": "(array([[5.80797649, 3.70297279, 0.59117243, 8.65958924, 1.26215475,\n        2.51163886],\n       [5.80501288, 3.69407777, 0.59847683, 8.66540603, 1.25990779,\n        2.51024771],\n       [5.79884593, 3.70178404, 0.58799689, 8.66742315, 1.26257081,\n        2.51522918],\n       [5.80260832, 3.70516881, 0.58434603, 8.66786816, 1.2599635 ,\n        2.51417792],\n       [5.80347689, 3.69527914, 0.59881162, 8.66454413, 1.26626394,\n        2.5175866 ],\n       [5.80726366, 3.70256638, 0.58560796, 8.66464355, 1.26781095,\n        2.5160317 ],\n       [5.80424833, 3.70070184, 0.58790789, 8.66288642, 1.26169775,\n        2.51553148]]), array([0.28781484, 0.28781917, 0.28781957, 0.28782031, 0.28782346,\n       0.28782409, 0.28782431]))", "callback": [0.7082756742483389, 0.6914842883281607, 0.6808110666674463, 0.6594652786228293, 0.6234687430002286, 0.5545484152990285, 0.4037660338433877, 0.339375191631214, 0.339375191631214, 0.33550722036280356, 0.3343097497206584, 0.33365189118007954, 0.3308779359769165, 0.3299611685172166, 0.3298521529083325, 0.3297538739344035, 0.32967748189684776, 0.32960301682098103, 0.3293030683423819, 0.3290246774061951, 0.32656243924672823, 0.3114878006837607, 0.305173211001444, 0.30006976117820905, 0.299167617351917, 0.2941870010405605, 0.29119949483335017, 0.29074693064633117, 0.2904038079607756, 0.2901507961961478, 0.2894644319988222, 0.28898865304697097, 0.28887588298272215, 0.28864405468709275, 0.28827652049690244, 0.28803904826328774, 0.28796278768195915, 0.28793944960701257, 0.28793551227425906, 0.2879347656787634, 0.28793423711829, 0.2879340021590183, 0.2879326876705215, 0.28792596627000844, 0.2879172097118735, 0.2879081565461159, 0.2878816021625946, 0.28784902908920396, 0.28782842402660214]}, "7": {"maxiter": 500, "fatol": 1e-10, "xatol": 1e-10, "duration": 0.23120903968811035, "fun": "0.2878148384568284", "nit": "500", "nfev": "779", "status": "2", "success": "False", "message": "Maximum number of iterations has been exceeded.", "x": "[5.80797649 3.70297279 0.59117243 8.65958924 1.26215475 2.51163886]", "final_simplex": "(array([[5.80797649, 3.70297279, 0.59117243, 8.65958924, 1.26215475,\n        2.51163886],\n       [5.80501288, 3.69407777, 0.59847683, 8.66540603, 1.25990779,\n        2.51024771],\n       [5.79884593, 3.70178404, 0.58799689, 8.66742315, 1.26257081,\n        2.51522918],\n       [5.80260832, 3.70516881, 0.58434603, 8.66786816, 1.2599635 ,\n        2.51417792],\n       [5.80347689, 3.69527914, 0.59881162, 8.66454413, 1.26626394,\n        2.5175866 ],\n       [5.80726366, 3.70256638, 0.58560796, 8.66464355, 1.26781095,\n        2.5160317 ],\n       [5.80424833, 3.70070184, 0.58790789, 8.66288642, 1.26169775,\n        2.51553148]]), array([0.28781484, 0.28781917, 0.28781957, 0.28782031, 0.28782346,\n       0.28782409, 0.28782431]))", "callback": [0.7082756742483389, 0.6914842883281607, 0.6808110666674463, 0.6594652786228293, 0.6234687430002286, 0.5545484152990285, 0.4037660338433877, 0.339375191631214, 0.339375191631214, 0.33550722036280356, 0.3343097497206584, 0.33365189118007954, 0.3308779359769165, 0.3299611685172166, 0.3298521529083325, 0.3297538739344035, 0.32967748189684776, 0.32960301682098103, 0.3293030683423819, 0.3290246774061951, 0.32656243924672823, 0.3114878006837607, 0.305173211001444, 0.30006976117820905, 0.299167617351917, 0.2941870010405605, 0.29119949483335017, 0.29074693064633117, 0.2904038079607756, 0.2901507961961478, 0.2894644319988222, 0.28898865304697097, 0.28887588298272215, 0.28864405468709275, 0.28827652049690244, 0.28803904826328774, 0.28796278768195915, 0.28793944960701257, 0.28793551227425906, 0.2879347656787634, 0.28793423711829, 0.2879340021590183, 0.2879326876705215, 0.28792596627000844, 0.2879172097118735, 0.2879081565461159, 0.2878816021625946, 0.28784902908920396, 0.28782842402660214]}, "8": {"maxiter": 1000, "fatol": 1e-05, "xatol": 1e-05, "duration": 0.2834501266479492, "fun": "0.2878047473276395", "nit": "615", "nfev": "969", "status": "0", "success": "True", "message": "Optimization terminated successfully.", "x": "[5.81145128 3.70695378 0.59441303 8.65771527 1.26229729 2.50211302]", "final_simplex": "(array([[5.81145128, 3.70695378, 0.59441303, 8.65771527, 1.26229729,\n        2.50211302],\n       [5.81145915, 3.70696131, 0.59440612, 8.65771069, 1.26230301,\n        2.50211279],\n       [5.81145075, 3.70696151, 0.59440364, 8.65771351, 1.26229847,\n        2.50211459],\n       [5.81145644, 3.70696125, 0.59440487, 8.65771269, 1.26229529,\n        2.50210804],\n       [5.81145389, 3.70695711, 0.59440753, 8.65771038, 1.26229789,\n        2.50211191],\n       [5.81145615, 3.70695896, 0.59440412, 8.65771482, 1.26230353,\n        2.5021133 ],\n       [5.81145664, 3.70695629, 0.59441193, 8.65770992, 1.26230425,\n        2.50211147]]), array([0.28780475, 0.28780475, 0.28780475, 0.28780475, 0.28780475,\n       0.28780475, 0.28780475]))", "callback": [0.7082756742483389, 0.6914842883281607, 0.6808110666674463, 0.6594652786228293, 0.6234687430002286, 0.5545484152990285, 0.4037660338433877, 0.339375191631214, 0.339375191631214, 0.33550722036280356, 0.3343097497206584, 0.33365189118007954, 0.3308779359769165, 0.3299611685172166, 0.3298521529083325, 0.3297538739344035, 0.32967748189684776, 0.32960301682098103, 0.3293030683423819, 0.3290246774061951, 0.32656243924672823, 0.3114878006837607, 0.305173211001444, 0.30006976117820905, 0.299167617351917, 0.2941870010405605, 0.29119949483335017, 0.29074693064633117, 0.2904038079607756, 0.2901507961961478, 0.2894644319988222, 0.28898865304697097, 0.28887588298272215, 0.28864405468709275, 0.28827652049690244, 0.28803904826328774, 0.28796278768195915, 0.28793944960701257, 0.28793551227425906, 0.2879347656787634, 0.28793423711829, 0.2879340021590183, 0.2879326876705215, 0.28792596627000844, 0.2879172097118735, 0.2879081565461159, 0.2878816021625946, 0.28784902908920396, 0.28782842402660214, 0.2878148384568284, 0.28780756632647275, 0.28780516869117245, 0.2878051458311416, 0.2878048184871399, 0.28780475643591474, 0.28780475309875864, 0.28780474857327965, 0.2878047474521144, 0.28780474741657525, 0.2878047473472174, 0.28780474733158545]}, "9": {"maxiter": 1000, "fatol": 1e-05, "xatol": 1e-10, "duration": 0.3640410900115967, "fun": "0.28780474732484695", "nit": "710", "nfev": "1189", "status": "0", "success": "True", "message": "Optimization terminated successfully.", "x": "[5.81145512 3.70695836 0.5944087  8.65771484 1.26229966 2.50211432]", "final_simplex": "(array([[5.81145512, 3.70695836, 0.5944087 , 8.65771484, 1.26229966,\n        2.50211432],\n       [5.81145512, 3.70695836, 0.5944087 , 8.65771484, 1.26229966,\n        2.50211431],\n       [5.81145512, 3.70695836, 0.5944087 , 8.65771484, 1.26229966,\n        2.50211431],\n       [5.81145512, 3.70695836, 0.5944087 , 8.65771484, 1.26229966,\n        2.50211432],\n       [5.81145512, 3.70695836, 0.5944087 , 8.65771484, 1.26229966,\n        2.50211431],\n       [5.81145512, 3.70695836, 0.5944087 , 8.65771484, 1.26229966,\n        2.50211432],\n       [5.81145512, 3.70695836, 0.5944087 , 8.65771484, 1.26229966,\n        2.50211432]]), array([0.28780475, 0.28780475, 0.28780475, 0.28780475, 0.28780475,\n       0.28780475, 0.28780475]))", "callback": [0.7082756742483389, 0.6914842883281607, 0.6808110666674463, 0.6594652786228293, 0.6234687430002286, 0.5545484152990285, 0.4037660338433877, 0.339375191631214, 0.339375191631214, 0.33550722036280356, 0.3343097497206584, 0.33365189118007954, 0.3308779359769165, 0.3299611685172166, 0.3298521529083325, 0.3297538739344035, 0.32967748189684776, 0.32960301682098103, 0.3293030683423819, 0.3290246774061951, 0.32656243924672823, 0.3114878006837607, 0.305173211001444, 0.30006976117820905, 0.299167617351917, 0.2941870010405605, 0.29119949483335017, 0.29074693064633117, 0.2904038079607756, 0.2901507961961478, 0.2894644319988222, 0.28898865304697097, 0.28887588298272215, 0.28864405468709275, 0.28827652049690244, 0.28803904826328774, 0.28796278768195915, 0.28793944960701257, 0.28793551227425906, 0.2879347656787634, 0.28793423711829, 0.2879340021590183, 0.2879326876705215, 0.28792596627000844, 0.2879172097118735, 0.2879081565461159, 0.2878816021625946, 0.28784902908920396, 0.28782842402660214, 0.2878148384568284, 0.28780756632647275, 0.28780516869117245, 0.2878051458311416, 0.2878048184871399, 0.28780475643591474, 0.28780475309875864, 0.28780474857327965, 0.2878047474521144, 0.28780474741657525, 0.2878047473472174, 0.28780474733158545, 0.2878047473261046, 0.28780474732505135, 0.28780474732490247, 0.2878047473248575, 0.2878047473248493, 0.2878047473248475, 0.28780474732484707, 0.28780474732484695, 0.28780474732484695, 0.28780474732484695]}, "10": {"maxiter": 1000, "fatol": 1e-10, "xatol": 1e-05, "duration": 0.31238794326782227, "fun": "0.2878047473276395", "nit": "615", "nfev": "969", "status": "0", "success": "True", "message": "Optimization terminated successfully.", "x": "[5.81145128 3.70695378 0.59441303 8.65771527 1.26229729 2.50211302]", "final_simplex": "(array([[5.81145128, 3.70695378, 0.59441303, 8.65771527, 1.26229729,\n        2.50211302],\n       [5.81145915, 3.70696131, 0.59440612, 8.65771069, 1.26230301,\n        2.50211279],\n       [5.81145075, 3.70696151, 0.59440364, 8.65771351, 1.26229847,\n        2.50211459],\n       [5.81145644, 3.70696125, 0.59440487, 8.65771269, 1.26229529,\n        2.50210804],\n       [5.81145389, 3.70695711, 0.59440753, 8.65771038, 1.26229789,\n        2.50211191],\n       [5.81145615, 3.70695896, 0.59440412, 8.65771482, 1.26230353,\n        2.5021133 ],\n       [5.81145664, 3.70695629, 0.59441193, 8.65770992, 1.26230425,\n        2.50211147]]), array([0.28780475, 0.28780475, 0.28780475, 0.28780475, 0.28780475,\n       0.28780475, 0.28780475]))", "callback": [0.7082756742483389, 0.6914842883281607, 0.6808110666674463, 0.6594652786228293, 0.6234687430002286, 0.5545484152990285, 0.4037660338433877, 0.339375191631214, 0.339375191631214, 0.33550722036280356, 0.3343097497206584, 0.33365189118007954, 0.3308779359769165, 0.3299611685172166, 0.3298521529083325, 0.3297538739344035, 0.32967748189684776, 0.32960301682098103, 0.3293030683423819, 0.3290246774061951, 0.32656243924672823, 0.3114878006837607, 0.305173211001444, 0.30006976117820905, 0.299167617351917, 0.2941870010405605, 0.29119949483335017, 0.29074693064633117, 0.2904038079607756, 0.2901507961961478, 0.2894644319988222, 0.28898865304697097, 0.28887588298272215, 0.28864405468709275, 0.28827652049690244, 0.28803904826328774, 0.28796278768195915, 0.28793944960701257, 0.28793551227425906, 0.2879347656787634, 0.28793423711829, 0.2879340021590183, 0.2879326876705215, 0.28792596627000844, 0.2879172097118735, 0.2879081565461159, 0.2878816021625946, 0.28784902908920396, 0.28782842402660214, 0.2878148384568284, 0.28780756632647275, 0.28780516869117245, 0.2878051458311416, 0.2878048184871399, 0.28780475643591474, 0.28780475309875864, 0.28780474857327965, 0.2878047474521144, 0.28780474741657525, 0.2878047473472174, 0.28780474733158545]}, "11": {"maxiter": 1000, "fatol": 1e-10, "xatol": 1e-10, "duration": 0.3367128372192383, "fun": "0.28780474732484695", "nit": "710", "nfev": "1189", "status": "0", "success": "True", "message": "Optimization terminated successfully.", "x": "[5.81145512 3.70695836 0.5944087  8.65771484 1.26229966 2.50211432]", "final_simplex": "(array([[5.81145512, 3.70695836, 0.5944087 , 8.65771484, 1.26229966,\n        2.50211432],\n       [5.81145512, 3.70695836, 0.5944087 , 8.65771484, 1.26229966,\n        2.50211431],\n       [5.81145512, 3.70695836, 0.5944087 , 8.65771484, 1.26229966,\n        2.50211431],\n       [5.81145512, 3.70695836, 0.5944087 , 8.65771484, 1.26229966,\n        2.50211432],\n       [5.81145512, 3.70695836, 0.5944087 , 8.65771484, 1.26229966,\n        2.50211431],\n       [5.81145512, 3.70695836, 0.5944087 , 8.65771484, 1.26229966,\n        2.50211432],\n       [5.81145512, 3.70695836, 0.5944087 , 8.65771484, 1.26229966,\n        2.50211432]]), array([0.28780475, 0.28780475, 0.28780475, 0.28780475, 0.28780475,\n       0.28780475, 0.28780475]))", "callback": [0.7082756742483389, 0.6914842883281607, 0.6808110666674463, 0.6594652786228293, 0.6234687430002286, 0.5545484152990285, 0.4037660338433877, 0.339375191631214, 0.339375191631214, 0.33550722036280356, 0.3343097497206584, 0.33365189118007954, 0.3308779359769165, 0.3299611685172166, 0.3298521529083325, 0.3297538739344035, 0.32967748189684776, 0.32960301682098103, 0.3293030683423819, 0.3290246774061951, 0.32656243924672823, 0.3114878006837607, 0.305173211001444, 0.30006976117820905, 0.299167617351917, 0.2941870010405605, 0.29119949483335017, 0.29074693064633117, 0.2904038079607756, 0.2901507961961478, 0.2894644319988222, 0.28898865304697097, 0.28887588298272215, 0.28864405468709275, 0.28827652049690244, 0.28803904826328774, 0.28796278768195915, 0.28793944960701257, 0.28793551227425906, 0.2879347656787634, 0.28793423711829, 0.2879340021590183, 0.2879326876705215, 0.28792596627000844, 0.2879172097118735, 0.2879081565461159, 0.2878816021625946, 0.28784902908920396, 0.28782842402660214, 0.2878148384568284, 0.28780756632647275, 0.28780516869117245, 0.2878051458311416, 0.2878048184871399, 0.28780475643591474, 0.28780475309875864, 0.28780474857327965, 0.2878047474521144, 0.28780474741657525, 0.2878047473472174, 0.28780474733158545, 0.2878047473261046, 0.28780474732505135, 0.28780474732490247, 0.2878047473248575, 0.2878047473248493, 0.2878047473248475, 0.28780474732484707, 0.28780474732484695, 0.28780474732484695, 0.28780474732484695]}}, "bfgs": {"type": "gradient", "0": {"maxiter": 100, "gtol": 1e-05, "xrtol": 1e-05, "eps": 1e-05, "duration": 0.07242894172668457, "fun": "0.2878047473601324", "jac": "[-7.90467691e-07 -9.28257471e-07 -4.20941060e-07 -5.30908650e-07\n  1.19926291e-06  3.25017790e-07]", "hess_inv": "[[  8.74790577   0.4407233   -4.59954291  -4.87679917  -3.16775214\n    4.22982106]\n [  0.4407233   13.7877494  -12.82292169   0.62839498  -0.75182681\n    0.4890729 ]\n [ -4.59954291 -12.82292169  18.05013431   3.07222965   1.93182215\n   -4.26898085]\n [ -4.87679917   0.62839498   3.07222965   6.15495035   1.2971445\n   -3.12849675]\n [ -3.16775214  -0.75182681   1.93182215   1.2971445    6.69576194\n    2.54904127]\n [  4.22982106   0.4890729   -4.26898085  -3.12849675   2.54904127\n    8.40429071]]", "nfev": "266", "njev": "38", "status": "0", "success": "True", "message": "Optimization terminated successfully.", "x": "[6.75490579 0.56535216 3.73600968 3.90865114 4.40388899 5.64369588]", "nit": "32", "callback": [0.5704767243469049, 0.29202103415589287, 0.2878047606355021]}, "1": {"maxiter": 100, "gtol": 1e-05, "xrtol": 1e-05, "eps": 1e-10, "duration": 0.0729522705078125, "fun": "0.2878047475346863", "jac": "[-2.22044587e-06  2.22044587e-06 -1.11022293e-06  0.00000000e+00\n  3.33066880e-06  0.00000000e+00]", "hess_inv": "[[  8.44172902   0.2357721   -4.11035936  -4.63320686  -3.54955943\n    3.49648509]\n [  0.2357721   14.80842287 -13.45043008   0.9236365    0.08651909\n    1.11788337]\n [ -4.11035936 -13.45043008  18.05256753   2.56734177   1.44532139\n   -4.22349863]\n [ -4.63320686   0.9236365    2.56734177   5.96221273   1.60137823\n   -2.55014934]\n [ -3.54955943   0.08651909   1.44532139   1.60137823   7.24545941\n    2.75534163]\n [  3.49648509   1.11788337  -4.22349863  -2.55014934   2.75534163\n    7.86228803]]", "nfev": "266", "njev": "38", "status": "0", "success": "True", "message": "Optimization terminated successfully.", "x": "[6.75488715 0.56540653 3.73596966 3.90867123 4.40393365 5.64372408]", "nit": "32", "callback": [0.5704546464179936, 0.2919986635723023, 0.2878047614303856]}, "2": {"maxiter": 100, "gtol": 1e-05, "xrtol": 1e-10, "eps": 1e-05, "duration": 0.07615399360656738, "fun": "0.2878047473601324", "jac": "[-7.90467691e-07 -9.28257471e-07 -4.20941060e-07 -5.30908650e-07\n  1.19926291e-06  3.25017790e-07]", "hess_inv": "[[  8.74790577   0.4407233   -4.59954291  -4.87679917  -3.16775214\n    4.22982106]\n [  0.4407233   13.7877494  -12.82292169   0.62839498  -0.75182681\n    0.4890729 ]\n [ -4.59954291 -12.82292169  18.05013431   3.07222965   1.93182215\n   -4.26898085]\n [ -4.87679917   0.62839498   3.07222965   6.15495035   1.2971445\n   -3.12849675]\n [ -3.16775214  -0.75182681   1.93182215   1.2971445    6.69576194\n    2.54904127]\n [  4.22982106   0.4890729   -4.26898085  -3.12849675   2.54904127\n    8.40429071]]", "nfev": "266", "njev": "38", "status": "0", "success": "True", "message": "Optimization terminated successfully.", "x": "[6.75490579 0.56535216 3.73600968 3.90865114 4.40388899 5.64369588]", "nit": "32", "callback": [0.5704767243469049, 0.29202103415589287, 0.2878047606355021]}, "3": {"maxiter": 100, "gtol": 1e-05, "xrtol": 1e-10, "eps": 1e-10, "duration": 0.07094192504882812, "fun": "0.2878047475346863", "jac": "[-2.22044587e-06  2.22044587e-06 -1.11022293e-06  0.00000000e+00\n  3.33066880e-06  0.00000000e+00]", "hess_inv": "[[  8.44172902   0.2357721   -4.11035936  -4.63320686  -3.54955943\n    3.49648509]\n [  0.2357721   14.80842287 -13.45043008   0.9236365    0.08651909\n    1.11788337]\n [ -4.11035936 -13.45043008  18.05256753   2.56734177   1.44532139\n   -4.22349863]\n [ -4.63320686   0.9236365    2.56734177   5.96221273   1.60137823\n   -2.55014934]\n [ -3.54955943   0.08651909   1.44532139   1.60137823   7.24545941\n    2.75534163]\n [  3.49648509   1.11788337  -4.22349863  -2.55014934   2.75534163\n    7.86228803]]", "nfev": "266", "njev": "38", "status": "0", "success": "True", "message": "Optimization terminated successfully.", "x": "[6.75488715 0.56540653 3.73596966 3.90867123 4.40393365 5.64372408]", "nit": "32", "callback": [0.5704546464179936, 0.2919986635723023, 0.2878047614303856]}, "4": {"maxiter": 100, "gtol": 1e-10, "xrtol": 1e-05, "eps": 1e-05, "duration": 0.08289623260498047, "fun": "0.2878047473577784", "jac": "[-5.75106629e-07 -6.37168096e-07 -2.82240897e-07 -3.80628862e-07\n  8.68050076e-07  2.39530618e-07]", "hess_inv": "[[  8.64423313   0.87369189  -4.75322442  -4.66722915  -3.21322573\n    4.07638918]\n [  0.87369189  14.52209728 -13.42434332   0.69161899  -1.6282425\n    0.03619675]\n [ -4.75322442 -13.42434332  18.43023347   2.92401237   2.38581897\n   -3.9616562 ]\n [ -4.66722915   0.69161899   2.92401237   6.07769389   0.99548837\n   -3.22200603]\n [ -3.21322573  -1.6282425    2.38581897   0.99548837   7.12302485\n    2.94041159]\n [  4.07638918   0.03619675  -3.9616562   -3.22200603   2.94041159\n    8.64764106]]", "nfev": "280", "njev": "40", "status": "0", "success": "True", "message": "Optimization terminated successfully.", "x": "[6.75490747 0.56535535 3.73600718 3.90865151 4.40388544 5.64369398]", "nit": "33", "callback": [0.5704767243469049, 0.29202103415589287, 0.2878047606355021]}, "5": {"maxiter": 100, "gtol": 1e-10, "xrtol": 1e-05, "eps": 1e-10, "duration": 0.07155561447143555, "fun": "0.2878047473504075", "jac": "[-1.11022293e-06  1.11022293e-06  0.00000000e+00  2.22044587e-06\n  1.11022293e-06  1.11022293e-06]", "hess_inv": "[[  8.31756119   1.42748464  -4.83463716  -4.28340872  -3.29039888\n    3.66384058]\n [  1.42748464  12.4354187  -11.68371772   0.18768786  -1.36165914\n    0.69706003]\n [ -4.83463716 -11.68371772  16.79322971   3.10845886   2.36266808\n   -3.92530408]\n [ -4.28340872   0.18768786   3.10845886   5.73479613   1.17178285\n   -2.67882561]\n [ -3.29039888  -1.36165914   2.36266808   1.17178285   6.8236692\n    2.54193048]\n [  3.66384058   0.69706003  -3.92530408  -2.67882561   2.54193048\n    7.79173823]]", "nfev": "273", "njev": "39", "status": "0", "success": "True", "message": "Optimization terminated successfully.", "x": "[6.75490804 0.56537366 3.73599565 3.90866085 4.40390927 5.64371784]", "nit": "33", "callback": [0.5704546464179936, 0.2919986635723023, 0.2878047614303856]}, "6": {"maxiter": 100, "gtol": 1e-10, "xrtol": 1e-10, "eps": 1e-05, "duration": 0.10911393165588379, "fun": "0.2878047473576908", "jac": "[-4.43745041e-07 -4.89408514e-07 -2.16415774e-07 -2.93554070e-07\n  6.68787248e-07  1.84896543e-07]", "hess_inv": "[[  8.90938245   1.06446728  -4.9928969   -4.71344423  -3.61936642\n    3.92674056]\n [  1.06446728  14.30424673 -13.42092025   0.53903223  -1.7470992\n    0.09948808]\n [ -4.9928969  -13.42092025  18.55977951   3.0248862    2.66707834\n   -3.91105571]\n [ -4.71344423   0.53903223   3.0248862    6.04564435   1.12453203\n   -3.13847283]\n [ -3.61936642  -1.7470992    2.66707834   1.12453203   7.66048914\n    3.08616924]\n [  3.92674056   0.09948808  -3.91105571  -3.13847283   3.08616924\n    8.64979227]]", "nfev": "438", "njev": "61", "status": "2", "success": "False", "message": "Desired error not necessarily achieved due to precision loss.", "x": "[6.75490856 0.56535711 3.7360057  3.90865165 4.40388329 5.64369289]", "nit": "34", "callback": [0.5704767243469049, 0.29202103415589287, 0.2878047606355021]}, "7": {"maxiter": 100, "gtol": 1e-10, "xrtol": 1e-10, "eps": 1e-10, "duration": 0.0907130241394043, "fun": "0.28780474733179173", "jac": "[1.11022293e-06 0.00000000e+00 0.00000000e+00 0.00000000e+00\n 1.11022293e-06 0.00000000e+00]", "hess_inv": "[[ 4.69784608e+00  2.95185892e-01 -2.74795644e+00 -1.61110767e+00\n  -4.57934671e+00 -6.37414641e-01]\n [ 2.95185892e-01  1.94507850e+01 -1.62960450e+01  2.53074614e+00\n   3.16224842e+00  5.19178193e+00]\n [-2.74795644e+00 -1.62960450e+01  1.89864955e+01  1.00945619e-02\n  -1.04237401e+00 -6.35406796e+00]\n [-1.61110767e+00  2.53074614e+00  1.00945619e-02  3.43658961e+00\n   2.31343707e+00  7.30224686e-01]\n [-4.57934671e+00  3.16224842e+00 -1.04237401e+00  2.31343707e+00\n   6.66837372e+00  1.97194845e+00]\n [-6.37414641e-01  5.19178193e+00 -6.35406796e+00  7.30224686e-01\n   1.97194845e+00  4.35312713e+00]]", "nfev": "336", "njev": "48", "status": "0", "success": "True", "message": "Optimization terminated successfully.", "x": "[6.75492264 0.56535815 3.73600304 3.90864796 4.40389254 5.64371256]", "nit": "36", "callback": [0.5704546464179936, 0.2919986635723023, 0.2878047614303856]}, "8": {"maxiter": 500, "gtol": 1e-05, "xrtol": 1e-05, "eps": 1e-05, "duration": 0.07489776611328125, "fun": "0.2878047473601324", "jac": "[-7.90467691e-07 -9.28257471e-07 -4.20941060e-07 -5.30908650e-07\n  1.19926291e-06  3.25017790e-07]", "hess_inv": "[[  8.74790577   0.4407233   -4.59954291  -4.87679917  -3.16775214\n    4.22982106]\n [  0.4407233   13.7877494  -12.82292169   0.62839498  -0.75182681\n    0.4890729 ]\n [ -4.59954291 -12.82292169  18.05013431   3.07222965   1.93182215\n   -4.26898085]\n [ -4.87679917   0.62839498   3.07222965   6.15495035   1.2971445\n   -3.12849675]\n [ -3.16775214  -0.75182681   1.93182215   1.2971445    6.69576194\n    2.54904127]\n [  4.22982106   0.4890729   -4.26898085  -3.12849675   2.54904127\n    8.40429071]]", "nfev": "266", "njev": "38", "status": "0", "success": "True", "message": "Optimization terminated successfully.", "x": "[6.75490579 0.56535216 3.73600968 3.90865114 4.40388899 5.64369588]", "nit": "32", "callback": [0.5704767243469049, 0.29202103415589287, 0.2878047606355021]}, "9": {"maxiter": 500, "gtol": 1e-05, "xrtol": 1e-05, "eps": 1e-10, "duration": 0.08982300758361816, "fun": "0.2878047475346863", "jac": "[-2.22044587e-06  2.22044587e-06 -1.11022293e-06  0.00000000e+00\n  3.33066880e-06  0.00000000e+00]", "hess_inv": "[[  8.44172902   0.2357721   -4.11035936  -4.63320686  -3.54955943\n    3.49648509]\n [  0.2357721   14.80842287 -13.45043008   0.9236365    0.08651909\n    1.11788337]\n [ -4.11035936 -13.45043008  18.05256753   2.56734177   1.44532139\n   -4.22349863]\n [ -4.63320686   0.9236365    2.56734177   5.96221273   1.60137823\n   -2.55014934]\n [ -3.54955943   0.08651909   1.44532139   1.60137823   7.24545941\n    2.75534163]\n [  3.49648509   1.11788337  -4.22349863  -2.55014934   2.75534163\n    7.86228803]]", "nfev": "266", "njev": "38", "status": "0", "success": "True", "message": "Optimization terminated successfully.", "x": "[6.75488715 0.56540653 3.73596966 3.90867123 4.40393365 5.64372408]", "nit": "32", "callback": [0.5704546464179936, 0.2919986635723023, 0.2878047614303856]}, "10": {"maxiter": 500, "gtol": 1e-05, "xrtol": 1e-10, "eps": 1e-05, "duration": 0.08867096900939941, "fun": "0.2878047473601324", "jac": "[-7.90467691e-07 -9.28257471e-07 -4.20941060e-07 -5.30908650e-07\n  1.19926291e-06  3.25017790e-07]", "hess_inv": "[[  8.74790577   0.4407233   -4.59954291  -4.87679917  -3.16775214\n    4.22982106]\n [  0.4407233   13.7877494  -12.82292169   0.62839498  -0.75182681\n    0.4890729 ]\n [ -4.59954291 -12.82292169  18.05013431   3.07222965   1.93182215\n   -4.26898085]\n [ -4.87679917   0.62839498   3.07222965   6.15495035   1.2971445\n   -3.12849675]\n [ -3.16775214  -0.75182681   1.93182215   1.2971445    6.69576194\n    2.54904127]\n [  4.22982106   0.4890729   -4.26898085  -3.12849675   2.54904127\n    8.40429071]]", "nfev": "266", "njev": "38", "status": "0", "success": "True", "message": "Optimization terminated successfully.", "x": "[6.75490579 0.56535216 3.73600968 3.90865114 4.40388899 5.64369588]", "nit": "32", "callback": [0.5704767243469049, 0.29202103415589287, 0.2878047606355021]}, "11": {"maxiter": 500, "gtol": 1e-05, "xrtol": 1e-10, "eps": 1e-10, "duration": 0.0755147933959961, "fun": "0.2878047475346863", "jac": "[-2.22044587e-06  2.22044587e-06 -1.11022293e-06  0.00000000e+00\n  3.33066880e-06  0.00000000e+00]", "hess_inv": "[[  8.44172902   0.2357721   -4.11035936  -4.63320686  -3.54955943\n    3.49648509]\n [  0.2357721   14.80842287 -13.45043008   0.9236365    0.08651909\n    1.11788337]\n [ -4.11035936 -13.45043008  18.05256753   2.56734177   1.44532139\n   -4.22349863]\n [ -4.63320686   0.9236365    2.56734177   5.96221273   1.60137823\n   -2.55014934]\n [ -3.54955943   0.08651909   1.44532139   1.60137823   7.24545941\n    2.75534163]\n [  3.49648509   1.11788337  -4.22349863  -2.55014934   2.75534163\n    7.86228803]]", "nfev": "266", "njev": "38", "status": "0", "success": "True", "message": "Optimization terminated successfully.", "x": "[6.75488715 0.56540653 3.73596966 3.90867123 4.40393365 5.64372408]", "nit": "32", "callback": [0.5704546464179936, 0.2919986635723023, 0.2878047614303856]}, "12": {"maxiter": 500, "gtol": 1e-10, "xrtol": 1e-05, "eps": 1e-05, "duration": 0.07396817207336426, "fun": "0.2878047473577784", "jac": "[-5.75106629e-07 -6.37168096e-07 -2.82240897e-07 -3.80628862e-07\n  8.68050076e-07  2.39530618e-07]", "hess_inv": "[[  8.64423313   0.87369189  -4.75322442  -4.66722915  -3.21322573\n    4.07638918]\n [  0.87369189  14.52209728 -13.42434332   0.69161899  -1.6282425\n    0.03619675]\n [ -4.75322442 -13.42434332  18.43023347   2.92401237   2.38581897\n   -3.9616562 ]\n [ -4.66722915   0.69161899   2.92401237   6.07769389   0.99548837\n   -3.22200603]\n [ -3.21322573  -1.6282425    2.38581897   0.99548837   7.12302485\n    2.94041159]\n [  4.07638918   0.03619675  -3.9616562   -3.22200603   2.94041159\n    8.64764106]]", "nfev": "280", "njev": "40", "status": "0", "success": "True", "message": "Optimization terminated successfully.", "x": "[6.75490747 0.56535535 3.73600718 3.90865151 4.40388544 5.64369398]", "nit": "33", "callback": [0.5704767243469049, 0.29202103415589287, 0.2878047606355021]}, "13": {"maxiter": 500, "gtol": 1e-10, "xrtol": 1e-05, "eps": 1e-10, "duration": 0.06821489334106445, "fun": "0.2878047473504075", "jac": "[-1.11022293e-06  1.11022293e-06  0.00000000e+00  2.22044587e-06\n  1.11022293e-06  1.11022293e-06]", "hess_inv": "[[  8.31756119   1.42748464  -4.83463716  -4.28340872  -3.29039888\n    3.66384058]\n [  1.42748464  12.4354187  -11.68371772   0.18768786  -1.36165914\n    0.69706003]\n [ -4.83463716 -11.68371772  16.79322971   3.10845886   2.36266808\n   -3.92530408]\n [ -4.28340872   0.18768786   3.10845886   5.73479613   1.17178285\n   -2.67882561]\n [ -3.29039888  -1.36165914   2.36266808   1.17178285   6.8236692\n    2.54193048]\n [  3.66384058   0.69706003  -3.92530408  -2.67882561   2.54193048\n    7.79173823]]", "nfev": "273", "njev": "39", "status": "0", "success": "True", "message": "Optimization terminated successfully.", "x": "[6.75490804 0.56537366 3.73599565 3.90866085 4.40390927 5.64371784]", "nit": "33", "callback": [0.5704546464179936, 0.2919986635723023, 0.2878047614303856]}, "14": {"maxiter": 500, "gtol": 1e-10, "xrtol": 1e-10, "eps": 1e-05, "duration": 0.11249899864196777, "fun": "0.2878047473576908", "jac": "[-4.43745041e-07 -4.89408514e-07 -2.16415774e-07 -2.93554070e-07\n  6.68787248e-07  1.84896543e-07]", "hess_inv": "[[  8.90938245   1.06446728  -4.9928969   -4.71344423  -3.61936642\n    3.92674056]\n [  1.06446728  14.30424673 -13.42092025   0.53903223  -1.7470992\n    0.09948808]\n [ -4.9928969  -13.42092025  18.55977951   3.0248862    2.66707834\n   -3.91105571]\n [ -4.71344423   0.53903223   3.0248862    6.04564435   1.12453203\n   -3.13847283]\n [ -3.61936642  -1.7470992    2.66707834   1.12453203   7.66048914\n    3.08616924]\n [  3.92674056   0.09948808  -3.91105571  -3.13847283   3.08616924\n    8.64979227]]", "nfev": "438", "njev": "61", "status": "2", "success": "False", "message": "Desired error not necessarily achieved due to precision loss.", "x": "[6.75490856 0.56535711 3.7360057  3.90865165 4.40388329 5.64369289]", "nit": "34", "callback": [0.5704767243469049, 0.2920210341558