{"date": "2024/09/24/, 05:11:08", "conf_id": 276, "data_type": "var_s_rank\n", "num_data_points": 2, "s_rank": 0, "unitary": "[[-0.56303964-0.00798273j,-0.21670212-0.15784972j,-0.06047197-0.73952673j,-0.01438004+0.24552571j],[-0.06976756+0.23474685j,-0.01275565-0.5435098j,-0.02703657-0.08917885j,-0.08210486-0.79311774j],[-0.38559961+0.10714929j,0.5933431-0.2687392j,-0.24060861+0.29149289j,-0.45147719+0.26241743j],[-0.50180421+0.45931857j,-0.11617175+0.44134496j,0.49642745+0.22684508j,-0.08544628-0.15407063j]]", "databatch_0": {"databatch": "[[[0.13125257-0.18455726j,0.09464945+0.05744995j,-0.19404952+0.08249933j,-0.00693059-0.00540661j],[0.00843359+0.18988673j,-0.25675962-0.12700585j,0.3079311-0.01818446j,0.00833671+0.11801487j],[0.05494907+0.17781957j,-0.16567219-0.10625419j,0.02296017-0.22297151j,0.13051296-0.02871414j],[0.3338596-0.06039523j,0.22132967+0.35171127j,-0.29419839-0.24953791j,0.09081386-0.27970684j]],[[-0.22645513+0.21797435j,-0.31068018+0.06040155j,-0.03650599+0.02999168j,-0.2379176+0.00255217j],[-0.00498685-0.24896976j,0.04003942+0.10815363j,0.07127418-0.26511328j,-0.31526849+0.05578633j],[0.03831045+0.07557724j,-0.01917266+0.05350896j,-0.2183874-0.38481562j,0.12607087-0.19721909j],[-0.23741308-0.08111711j,0.14308468+0.28581822j,0.05913182+0.08821442j,0.10512979-0.2014747j]]]", "initial param values": "[0.95791592,1.56618325,4.53381824,4.63237567,1.95467781,4.33129437]", "nelder_mead": {"type": "gradient-free", "0": {"maxiter": 100, "fatol": 1e-05, "xatol": 1e-05, "duration": 0.03524184226989746, "fun": "0.4859757297748494", "nit": "100", "nfev": "152", "status": "2", "success": "False", "message": "Maximum number of iterations has been exceeded.", "x": "[-0.55577824  3.00720345  4.36488431  5.26843545  3.55120876  1.90953902]", "final_simplex": "(array([[-0.55577824,  3.00720345,  4.36488431,  5.26843545,  3.55120876,\n         1.90953902],\n       [-0.42739878,  3.03208891,  4.35382598,  5.17005454,  3.33806574,\n         1.82720985],\n       [-0.40726682,  2.95735769,  4.33941355,  5.27500627,  3.30897012,\n         2.09327237],\n       [-0.51632459,  3.00872914,  4.48708537,  5.2169545 ,  3.64756375,\n         1.63112581],\n       [-0.41860852,  2.88040005,  4.51414031,  5.2284749 ,  3.50521162,\n         1.94164784],\n       [-0.54934956,  2.92700499,  4.72121792,  5.39360795,  3.63294332,\n         1.73545551],\n       [-0.46595397,  2.85495835,  4.62122936,  5.36136091,  3.58035469,\n         1.71826203]]), array([0.48597573, 0.48734032, 0.4895169 , 0.49059386, 0.49205018,\n       0.49325   , 0.49351107]))", "callback": [0.6850767761446598, 0.6700266383900542, 0.6423162459088483, 0.5640581610591726, 0.5102744027963134, 0.5055463166216224, 0.5020834651079529, 0.49923892629741395, 0.49604763658543527]}, "1": {"maxiter": 100, "fatol": 1e-05, "xatol": 1e-10, "duration": 0.03501009941101074, "fun": "0.4859757297748494", "nit": "100", "nfev": "152", "status": "2", "success": "False", "message": "Maximum number of iterations has been exceeded.", "x": "[-0.55577824  3.00720345  4.36488431  5.26843545  3.55120876  1.90953902]", "final_simplex": "(array([[-0.55577824,  3.00720345,  4.36488431,  5.26843545,  3.55120876,\n         1.90953902],\n       [-0.42739878,  3.03208891,  4.35382598,  5.17005454,  3.33806574,\n         1.82720985],\n       [-0.40726682,  2.95735769,  4.33941355,  5.27500627,  3.30897012,\n         2.09327237],\n       [-0.51632459,  3.00872914,  4.48708537,  5.2169545 ,  3.64756375,\n         1.63112581],\n       [-0.41860852,  2.88040005,  4.51414031,  5.2284749 ,  3.50521162,\n         1.94164784],\n       [-0.54934956,  2.92700499,  4.72121792,  5.39360795,  3.63294332,\n         1.73545551],\n       [-0.46595397,  2.85495835,  4.62122936,  5.36136091,  3.58035469,\n         1.71826203]]), array([0.48597573, 0.48734032, 0.4895169 , 0.49059386, 0.49205018,\n       0.49325   , 0.49351107]))", "callback": [0.6850767761446598, 0.6700266383900542, 0.6423162459088483, 0.5640581610591726, 0.5102744027963134, 0.5055463166216224, 0.5020834651079529, 0.49923892629741395, 0.49604763658543527]}, "2": {"maxiter": 100, "fatol": 1e-10, "xatol": 1e-05, "duration": 0.03412294387817383, "fun": "0.4859757297748494", "nit": "100", "nfev": "152", "status": "2", "success": "False", "message": "Maximum number of iterations has been exceeded.", "x": "[-0.55577824  3.00720345  4.36488431  5.26843545  3.55120876  1.90953902]", "final_simplex": "(array([[-0.55577824,  3.00720345,  4.36488431,  5.26843545,  3.55120876,\n         1.90953902],\n       [-0.42739878,  3.03208891,  4.35382598,  5.17005454,  3.33806574,\n         1.82720985],\n       [-0.40726682,  2.95735769,  4.33941355,  5.27500627,  3.30897012,\n         2.09327237],\n       [-0.51632459,  3.00872914,  4.48708537,  5.2169545 ,  3.64756375,\n         1.63112581],\n       [-0.41860852,  2.88040005,  4.51414031,  5.2284749 ,  3.50521162,\n         1.94164784],\n       [-0.54934956,  2.92700499,  4.72121792,  5.39360795,  3.63294332,\n         1.73545551],\n       [-0.46595397,  2.85495835,  4.62122936,  5.36136091,  3.58035469,\n         1.71826203]]), array([0.48597573, 0.48734032, 0.4895169 , 0.49059386, 0.49205018,\n       0.49325   , 0.49351107]))", "callback": [0.6850767761446598, 0.6700266383900542, 0.6423162459088483, 0.5640581610591726, 0.5102744027963134, 0.5055463166216224, 0.5020834651079529, 0.49923892629741395, 0.49604763658543527]}, "3": {"maxiter": 100, "fatol": 1e-10, "xatol": 1e-10, "duration": 0.0341799259185791, "fun": "0.4859757297748494", "nit": "100", "nfev": "152", "status": "2", "success": "False", "message": "Maximum number of iterations has been exceeded.", "x": "[-0.55577824  3.00720345  4.36488431  5.26843545  3.55120876  1.90953902]", "final_simplex": "(array([[-0.55577824,  3.00720345,  4.36488431,  5.26843545,  3.55120876,\n         1.90953902],\n       [-0.42739878,  3.03208891,  4.35382598,  5.17005454,  3.33806574,\n         1.82720985],\n       [-0.40726682,  2.95735769,  4.33941355,  5.27500627,  3.30897012,\n         2.09327237],\n       [-0.51632459,  3.00872914,  4.48708537,  5.2169545 ,  3.64756375,\n         1.63112581],\n       [-0.41860852,  2.88040005,  4.51414031,  5.2284749 ,  3.50521162,\n         1.94164784],\n       [-0.54934956,  2.92700499,  4.72121792,  5.39360795,  3.63294332,\n         1.73545551],\n       [-0.46595397,  2.85495835,  4.62122936,  5.36136091,  3.58035469,\n         1.71826203]]), array([0.48597573, 0.48734032, 0.4895169 , 0.49059386, 0.49205018,\n       0.49325   , 0.49351107]))", "callback": [0.6850767761446598, 0.6700266383900542, 0.6423162459088483, 0.5640581610591726, 0.5102744027963134, 0.5055463166216224, 0.5020834651079529, 0.49923892629741395, 0.49604763658543527]}, "4": {"maxiter": 500, "fatol": 1e-05, "xatol": 1e-05, "duration": 0.14198899269104004, "fun": "0.45657221601001574", "nit": "406", "nfev": "638", "status": "0", "success": "True", "message": "Optimization terminated successfully.", "x": "[-1.14902821  3.20561834  4.05113563  4.72430353  3.47521294  1.79245876]", "final_simplex": "(array([[-1.14902821,  3.20561834,  4.05113563,  4.72430353,  3.47521294,\n         1.79245876],\n       [-1.14903201,  3.20562614,  4.05113563,  4.72429975,  3.47521182,\n         1.79245032],\n       [-1.14902631,  3.2056226 ,  4.05113479,  4.72429965,  3.47521233,\n         1.79245885],\n       [-1.14902804,  3.20561539,  4.05113356,  4.72430011,  3.47520811,\n         1.79245735],\n       [-1.14902293,  3.20562703,  4.05113061,  4.72430515,  3.47520774,\n         1.79245355],\n       [-1.14903166,  3.20562805,  4.05112692,  4.72429529,  3.47521417,\n         1.79245242],\n       [-1.14903072,  3.205624  ,  4.0511309 ,  4.72429985,  3.47521054,\n         1.79246061]]), array([0.45657222, 0.45657222, 0.45657222, 0.45657222, 0.45657222,\n       0.45657222, 0.45657222]))", "callback": [0.6850767761446598, 0.6700266383900542, 0.6423162459088483, 0.5640581610591726, 0.5102744027963134, 0.5055463166216224, 0.5020834651079529, 0.49923892629741395, 0.49604763658543527, 0.4833050450951466, 0.4772251687785878, 0.4745268091756545, 0.473698926841723, 0.47304871226658496, 0.47253069372792833, 0.46924052390533344, 0.46448156881337843, 0.4600909682807087, 0.457152031109191, 0.4568266070436745, 0.4567098262839222, 0.4566690727581938, 0.4566230404938715, 0.45660144477799824, 0.45658014599633734, 0.45657359924543717, 0.456573201099739, 0.4565727602994776, 0.456572509330718, 0.45657236393727474, 0.4565722620674634, 0.4565722404197463, 0.45657223494054466, 0.45657222846726764, 0.4565722218610798, 0.4565722183444092, 0.4565722164001531, 0.45657221615210675, 0.4565722160450604, 0.4565722160144273]}, "5": {"maxiter": 500, "fatol": 1e-05, "xatol": 1e-10, "duration": 0.180894136428833, "fun": "0.45657221600405573", "nit": "500", "nfev": "818", "status": "2", "success": "False", "message": "Maximum number of iterations has been exceeded.", "x": "[-1.14902575  3.20561982  4.05113523  4.7243004   3.47521321  1.79245261]", "final_simplex": "(array([[-1.14902575,  3.20561982,  4.05113523,  4.7243004 ,  3.47521321,\n         1.79245261],\n       [-1.14902575,  3.20561982,  4.05113523,  4.72430039,  3.47521321,\n         1.79245261],\n       [-1.14902575,  3.20561982,  4.05113524,  4.7243004 ,  3.47521321,\n         1.79245261],\n       [-1.14902575,  3.20561982,  4.05113524,  4.7243004 ,  3.47521321,\n         1.79245261],\n       [-1.14902575,  3.20561982,  4.05113524,  4.7243004 ,  3.47521321,\n         1.79245261],\n       [-1.14902575,  3.20561982,  4.05113523,  4.7243004 ,  3.47521321,\n         1.79245261],\n       [-1.14902575,  3.20561982,  4.05113523,  4.72430039,  3.47521321,\n         1.79245261]]), array([0.45657222, 0.45657222, 0.45657222, 0.45657222, 0.45657222,\n       0.45657222, 0.45657222]))", "callback": [0.6850767761446598, 0.6700266383900542, 0.6423162459088483, 0.5640581610591726, 0.5102744027963134, 0.5055463166216224, 0.5020834651079529, 0.49923892629741395, 0.49604763658543527, 0.4833050450951466, 0.4772251687785878, 0.4745268091756545, 0.473698926841723, 0.47304871226658496, 0.47253069372792833, 0.46924052390533344, 0.46448156881337843, 0.4600909682807087, 0.457152031109191, 0.4568266070436745, 0.4567098262839222, 0.4566690727581938, 0.4566230404938715, 0.45660144477799824, 0.45658014599633734, 0.45657359924543717, 0.456573201099739, 0.4565727602994776, 0.456572509330718, 0.45657236393727474, 0.4565722620674634, 0.4565722404197463, 0.45657223494054466, 0.45657222846726764, 0.4565722218610798, 0.4565722183444092, 0.4565722164001531, 0.45657221615210675, 0.4565722160450604, 0.4565722160144273, 0.45657221600491105, 0.45657221600471054, 0.4565722160041179, 0.45657221600411435, 0.4565722160040654, 0.4565722160040584, 0.4565722160040564, 0.45657221600405595, 0.45657221600405573]}, "6": {"maxiter": 500, "fatol": 1e-10, "xatol": 1e-05, "duration": 0.1418931484222412, "fun": "0.45657221601001574", "nit": "406", "nfev": "638", "status": "0", "success": "True", "message": "Optimization terminated successfully.", "x": "[-1.14902821  3.20561834  4.05113563  4.72430353  3.47521294  1.79245876]", "final_simplex": "(array([[-1.14902821,  3.20561834,  4.05113563,  4.72430353,  3.47521294,\n         1.79245876],\n       [-1.14903201,  3.20562614,  4.05113563,  4.72429975,  3.47521182,\n         1.79245032],\n       [-1.14902631,  3.2056226 ,  4.05113479,  4.72429965,  3.47521233,\n         1.79245885],\n       [-1.14902804,  3.20561539,  4.05113356,  4.72430011,  3.47520811,\n         1.79245735],\n       [-1.14902293,  3.20562703,  4.05113061,  4.72430515,  3.47520774,\n         1.79245355],\n       [-1.14903166,  3.20562805,  4.05112692,  4.72429529,  3.47521417,\n         1.79245242],\n       [-1.14903072,  3.205624  ,  4.0511309 ,  4.72429985,  3.47521054,\n         1.79246061]]), array([0.45657222, 0.45657222, 0.45657222, 0.45657222, 0.45657222,\n       0.45657222, 0.45657222]))", "callback": [0.6850767761446598, 0.6700266383900542, 0.6423162459088483, 0.5640581610591726, 0.5102744027963134, 0.5055463166216224, 0.5020834651079529, 0.49923892629741395, 0.49604763658543527, 0.4833050450951466, 0.4772251687785878, 0.4745268091756545, 0.473698926841723, 0.47304871226658496, 0.47253069372792833, 0.46924052390533344, 0.46448156881337843, 0.4600909682807087, 0.457152031109191, 0.4568266070436745, 0.4567098262839222, 0.4566690727581938, 0.4566230404938715, 0.45660144477799824, 0.45658014599633734, 0.45657359924543717, 0.456573201099739, 0.4565727602994776, 0.456572509330718, 0.45657236393727474, 0.4565722620674634, 0.4565722404197463, 0.45657223494054466, 0.45657222846726764, 0.4565722218610798, 0.4565722183444092, 0.4565722164001531, 0.45657221615210675, 0.4565722160450604, 0.4565722160144273]}, "7": {"maxiter": 500, "fatol": 1e-10, "xatol": 1e-10, "duration": 0.20120811462402344, "fun": "0.45657221600405573", "nit": "500", "nfev": "818", "status": "2", "success": "False", "message": "Maximum number of iterations has been exceeded.", "x": "[-1.14902575  3.20561982  4.05113523  4.7243004   3.47521321  1.79245261]", "final_simplex": "(array([[-1.14902575,  3.20561982,  4.05113523,  4.7243004 ,  3.47521321,\n         1.79245261],\n       [-1.14902575,  3.20561982,  4.05113523,  4.72430039,  3.47521321,\n         1.79245261],\n       [-1.14902575,  3.20561982,  4.05113524,  4.7243004 ,  3.47521321,\n         1.79245261],\n       [-1.14902575,  3.20561982,  4.05113524,  4.7243004 ,  3.47521321,\n         1.79245261],\n       [-1.14902575,  3.20561982,  4.05113524,  4.7243004 ,  3.47521321,\n         1.79245261],\n       [-1.14902575,  3.20561982,  4.05113523,  4.7243004 ,  3.47521321,\n         1.79245261],\n       [-1.14902575,  3.20561982,  4.05113523,  4.72430039,  3.47521321,\n         1.79245261]]), array([0.45657222, 0.45657222, 0.45657222, 0.45657222, 0.45657222,\n       0.45657222, 0.45657222]))", "callback": [0.6850767761446598, 0.6700266383900542, 0.6423162459088483, 0.5640581610591726, 0.5102744027963134, 0.5055463166216224, 0.5020834651079529, 0.49923892629741395, 0.49604763658543527, 0.4833050450951466, 0.4772251687785878, 0.4745268091756545, 0.473698926841723, 0.47304871226658496, 0.47253069372792833, 0.46924052390533344, 0.46448156881337843, 0.4600909682807087, 0.457152031109191, 0.4568266070436745, 0.4567098262839222, 0.4566690727581938, 0.4566230404938715, 0.45660144477799824, 0.45658014599633734, 0.45657359924543717, 0.456573201099739, 0.4565727602994776, 0.456572509330718, 0.45657236393727474, 0.4565722620674634, 0.4565722404197463, 0.45657223494054466, 0.45657222846726764, 0.4565722218610798, 0.4565722183444092, 0.4565722164001531, 0.45657221615210675, 0.4565722160450604, 0.4565722160144273, 0.45657221600491105, 0.45657221600471054, 0.4565722160041179, 0.45657221600411435, 0.4565722160040654, 0.4565722160040584, 0.4565722160040564, 0.45657221600405595, 0.45657221600405573]}, "8": {"maxiter": 1000, "fatol": 1e-05, "xatol": 1e-05, "duration": 0.14216899871826172, "fun": "0.45657221601001574", "nit": "406", "nfev": "638", "status": "0", "success": "True", "message": "Optimization terminated successfully.", "x": "[-1.14902821  3.20561834  4.05113563  4.72430353  3.47521294  1.79245876]", "final_simplex": "(array([[-1.14902821,  3.20561834,  4.05113563,  4.72430353,  3.47521294,\n         1.79245876],\n       [-1.14903201,  3.20562614,  4.05113563,  4.72429975,  3.47521182,\n         1.79245032],\n       [-1.14902631,  3.2056226 ,  4.05113479,  4.72429965,  3.47521233,\n         1.79245885],\n       [-1.14902804,  3.20561539,  4.05113356,  4.72430011,  3.47520811,\n         1.79245735],\n       [-1.14902293,  3.20562703,  4.05113061,  4.72430515,  3.47520774,\n         1.79245355],\n       [-1.14903166,  3.20562805,  4.05112692,  4.72429529,  3.47521417,\n         1.79245242],\n       [-1.14903072,  3.205624  ,  4.0511309 ,  4.72429985,  3.47521054,\n         1.79246061]]), array([0.45657222, 0.45657222, 0.45657222, 0.45657222, 0.45657222,\n       0.45657222, 0.45657222]))", "callback": [0.6850767761446598, 0.6700266383900542, 0.6423162459088483, 0.5640581610591726, 0.5102744027963134, 0.5055463166216224, 0.5020834651079529, 0.49923892629741395, 0.49604763658543527, 0.4833050450951466, 0.4772251687785878, 0.4745268091756545, 0.473698926841723, 0.47304871226658496, 0.47253069372792833, 0.46924052390533344, 0.46448156881337843, 0.4600909682807087, 0.457152031109191, 0.4568266070436745, 0.4567098262839222, 0.4566690727581938, 0.4566230404938715, 0.45660144477799824, 0.45658014599633734, 0.45657359924543717, 0.456573201099739, 0.4565727602994776, 0.456572509330718, 0.45657236393727474, 0.4565722620674634, 0.4565722404197463, 0.45657223494054466, 0.45657222846726764, 0.4565722218610798, 0.4565722183444092, 0.4565722164001531, 0.45657221615210675, 0.4565722160450604, 0.4565722160144273]}, "9": {"maxiter": 1000, "fatol": 1e-05, "xatol": 1e-10, "duration": 0.2015390396118164, "fun": "0.45657221600405573", "nit": "509", "nfev": "863", "status": "0", "success": "True", "message": "Optimization terminated successfully.", "x": "[-1.14902575  3.20561982  4.05113523  4.7243004   3.47521321  1.79245261]", "final_simplex": "(array([[-1.14902575,  3.20561982,  4.05113523,  4.7243004 ,  3.47521321,\n         1.79245261],\n       [-1.14902575,  3.20561982,  4.05113523,  4.7243004 ,  3.47521321,\n         1.79245261],\n       [-1.14902575,  3.20561982,  4.05113523,  4.7243004 ,  3.47521321,\n         1.79245261],\n       [-1.14902575,  3.20561982,  4.05113523,  4.7243004 ,  3.47521321,\n         1.79245261],\n       [-1.14902575,  3.20561982,  4.05113523,  4.7243004 ,  3.47521321,\n         1.79245261],\n       [-1.14902575,  3.20561982,  4.05113523,  4.7243004 ,  3.47521321,\n         1.79245261],\n       [-1.14902575,  3.20561982,  4.05113523,  4.7243004 ,  3.47521321,\n         1.79245261]]), array([0.45657222, 0.45657222, 0.45657222, 0.45657222, 0.45657222,\n       0.45657222, 0.45657222]))", "callback": [0.6850767761446598, 0.6700266383900542, 0.6423162459088483, 0.5640581610591726, 0.5102744027963134, 0.5055463166216224, 0.5020834651079529, 0.49923892629741395, 0.49604763658543527, 0.4833050450951466, 0.4772251687785878, 0.4745268091756545, 0.473698926841723, 0.47304871226658496, 0.47253069372792833, 0.46924052390533344, 0.46448156881337843, 0.4600909682807087, 0.457152031109191, 0.4568266070436745, 0.4567098262839222, 0.4566690727581938, 0.4566230404938715, 0.45660144477799824, 0.45658014599633734, 0.45657359924543717, 0.456573201099739, 0.4565727602994776, 0.456572509330718, 0.45657236393727474, 0.4565722620674634, 0.4565722404197463, 0.45657223494054466, 0.45657222846726764, 0.4565722218610798, 0.4565722183444092, 0.4565722164001531, 0.45657221615210675, 0.4565722160450604, 0.4565722160144273, 0.45657221600491105, 0.45657221600471054, 0.4565722160041179, 0.45657221600411435, 0.4565722160040654, 0.4565722160040584, 0.4565722160040564, 0.45657221600405595, 0.45657221600405573, 0.45657221600405573]}, "10": {"maxiter": 1000, "fatol": 1e-10, "xatol": 1e-05, "duration": 0.1963958740234375, "fun": "0.45657221601001574", "nit": "406", "nfev": "638", "status": "0", "success": "True", "message": "Optimization terminated successfully.", "x": "[-1.14902821  3.20561834  4.05113563  4.72430353  3.47521294  1.79245876]", "final_simplex": "(array([[-1.14902821,  3.20561834,  4.05113563,  4.72430353,  3.47521294,\n         1.79245876],\n       [-1.14903201,  3.20562614,  4.05113563,  4.72429975,  3.47521182,\n         1.79245032],\n       [-1.14902631,  3.2056226 ,  4.05113479,  4.72429965,  3.47521233,\n         1.79245885],\n       [-1.14902804,  3.20561539,  4.05113356,  4.72430011,  3.47520811,\n         1.79245735],\n       [-1.14902293,  3.20562703,  4.05113061,  4.72430515,  3.47520774,\n         1.79245355],\n       [-1.14903166,  3.20562805,  4.05112692,  4.72429529,  3.47521417,\n         1.79245242],\n       [-1.14903072,  3.205624  ,  4.0511309 ,  4.72429985,  3.47521054,\n         1.79246061]]), array([0.45657222, 0.45657222, 0.45657222, 0.45657222, 0.45657222,\n       0.45657222, 0.45657222]))", "callback": [0.6850767761446598, 0.6700266383900542, 0.6423162459088483, 0.5640581610591726, 0.5102744027963134, 0.5055463166216224, 0.5020834651079529, 0.49923892629741395, 0.49604763658543527, 0.4833050450951466, 0.4772251687785878, 0.4745268091756545, 0.473698926841723, 0.47304871226658496, 0.47253069372792833, 0.46924052390533344, 0.46448156881337843, 0.4600909682807087, 0.457152031109191, 0.4568266070436745, 0.4567098262839222, 0.4566690727581938, 0.4566230404938715, 0.45660144477799824, 0.45658014599633734, 0.45657359924543717, 0.456573201099739, 0.4565727602994776, 0.456572509330718, 0.45657236393727474, 0.4565722620674634, 0.4565722404197463, 0.45657223494054466, 0.45657222846726764, 0.4565722218610798, 0.4565722183444092, 0.4565722164001531, 0.45657221615210675, 0.4565722160450604, 0.4565722160144273]}, "11": {"maxiter": 1000, "fatol": 1e-10, "xatol": 1e-10, "duration": 0.20691585540771484, "fun": "0.45657221600405573", "nit": "509", "nfev": "863", "status": "0", "success": "True", "message": "Optimization terminated successfully.", "x": "[-1.14902575  3.20561982  4.05113523  4.7243004   3.47521321  1.79245261]", "final_simplex": "(array([[-1.14902575,  3.20561982,  4.05113523,  4.7243004 ,  3.47521321,\n         1.79245261],\n       [-1.14902575,  3.20561982,  4.05113523,  4.7243004 ,  3.47521321,\n         1.79245261],\n       [-1.14902575,  3.20561982,  4.05113523,  4.7243004 ,  3.47521321,\n         1.79245261],\n       [-1.14902575,  3.20561982,  4.05113523,  4.7243004 ,  3.47521321,\n         1.79245261],\n       [-1.14902575,  3.20561982,  4.05113523,  4.7243004 ,  3.47521321,\n         1.79245261],\n       [-1.14902575,  3.20561982,  4.05113523,  4.7243004 ,  3.47521321,\n         1.79245261],\n       [-1.14902575,  3.20561982,  4.05113523,  4.7243004 ,  3.47521321,\n         1.79245261]]), array([0.45657222, 0.45657222, 0.45657222, 0.45657222, 0.45657222,\n       0.45657222, 0.45657222]))", "callback": [0.6850767761446598, 0.6700266383900542, 0.6423162459088483, 0.5640581610591726, 0.5102744027963134, 0.5055463166216224, 0.5020834651079529, 0.49923892629741395, 0.49604763658543527, 0.4833050450951466, 0.4772251687785878, 0.4745268091756545, 0.473698926841723, 0.47304871226658496, 0.47253069372792833, 0.46924052390533344, 0.46448156881337843, 0.4600909682807087, 0.457152031109191, 0.4568266070436745, 0.4567098262839222, 0.4566690727581938, 0.4566230404938715, 0.45660144477799824, 0.45658014599633734, 0.45657359924543717, 0.456573201099739, 0.4565727602994776, 0.456572509330718, 0.45657236393727474, 0.4565722620674634, 0.4565722404197463, 0.45657223494054466, 0.45657222846726764, 0.4565722218610798, 0.4565722183444092, 0.4565722164001531, 0.45657221615210675, 0.4565722160450604, 0.4565722160144273, 0.45657221600491105, 0.45657221600471054, 0.4565722160041179, 0.45657221600411435, 0.4565722160040654, 0.4565722160040584, 0.4565722160040564, 0.45657221600405595, 0.45657221600405573, 0.45657221600405573]}}, "bfgs": {"type": "gradient", "0": {"maxiter": 100, "gtol": 1e-05, "xrtol": 1e-05, "eps": 1e-05, "duration": 0.046034812927246094, "fun": "0.4565722160703448", "jac": "[-1.15997212e-06 -2.96895841e-07 -9.50506340e-07 -6.56141808e-08\n -3.82671672e-07  8.26538837e-07]", "hess_inv": "[[ 7.58091236 -1.43792941 -0.47908026  2.16809971 -1.60364791  3.8214305 ]\n [-1.43792941  6.43941971 -0.94173549  0.68483134 -0.40968091 -3.95917911]\n [-0.47908026 -0.94173549  6.65736477  3.03613987  1.46647451 -1.96467886]\n [ 2.16809971  0.68483134  3.03613987  6.76692571  0.08946045 -0.19734303]\n [-1.60364791 -0.40968091  1.46647451  0.08946045  4.12620895 -1.04029584]\n [ 3.8214305  -3.95917911 -1.96467886 -0.19734303 -1.04029584  9.73066682]]", "nfev": "196", "njev": "28", "status": "0", "success": "True", "message": "Optimization terminated successfully.", "x": "[-1.14904033  3.20561407  4.05111301  4.72427664  3.47520542  1.79245951]", "nit": "26", "callback": [0.48368708983050923, 0.45657242621408745]}, "1": {"maxiter": 100, "gtol": 1e-05, "xrtol": 1e-05, "eps": 1e-10, "duration": 0.04685711860656738, "fun": "0.4565722160202974", "jac": "[ 0.00000000e+00  0.00000000e+00 -3.33066880e-06  0.00000000e+00\n  2.22044587e-06  0.00000000e+00]", "hess_inv": "[[ 7.59146942 -1.29793935 -0.62533189  2.05270773 -1.63558324  3.71844051]\n [-1.29793935  6.50584902 -0.95050978  0.66812535 -0.34529741 -3.91774453]\n [-0.62533189 -0.95050978  6.41373073  2.7376503   1.32672019 -2.06963362]\n [ 2.05270773  0.66812535  2.7376503   6.24896895 -0.06146592 -0.349096  ]\n [-1.63558324 -0.34529741  1.32672019 -0.06146592  4.08060437 -1.11367644]\n [ 3.71844051 -3.91774453 -2.06963362 -0.349096   -1.11367644  9.60084576]]", "nfev": "196", "njev": "28", "status": "0", "success": "True", "message": "Optimization terminated successfully.", "x": "[-1.14903214  3.20562218  4.05112317  4.72429374  3.47521505  1.79245833]", "nit": "26", "callback": [0.48368941219052464, 0.45657242658356356]}, "2": {"maxiter": 100, "gtol": 1e-05, "xrtol": 1e-10, "eps": 1e-05, "duration": 0.04680776596069336, "fun": "0.4565722160703448", "jac": "[-1.15997212e-06 -2.96895841e-07 -9.50506340e-07 -6.56141808e-08\n -3.82671672e-07  8.26538837e-07]", "hess_inv": "[[ 7.58091236 -1.43792941 -0.47908026  2.16809971 -1.60364791  3.8214305 ]\n [-1.43792941  6.43941971 -0.94173549  0.68483134 -0.40968091 -3.95917911]\n [-0.47908026 -0.94173549  6.65736477  3.03613987  1.46647451 -1.96467886]\n [ 2.16809971  0.68483134  3.03613987  6.76692571  0.08946045 -0.19734303]\n [-1.60364791 -0.40968091  1.46647451  0.08946045  4.12620895 -1.04029584]\n [ 3.8214305  -3.95917911 -1.96467886 -0.19734303 -1.04029584  9.73066682]]", "nfev": "196", "njev": "28", "status": "0", "success": "True", "message": "Optimization terminated successfully.", "x": "[-1.14904033  3.20561407  4.05111301  4.72427664  3.47520542  1.79245951]", "nit": "26", "callback": [0.48368708983050923, 0.45657242621408745]}, "3": {"maxiter": 100, "gtol": 1e-05, "xrtol": 1e-10, "eps": 1e-10, "duration": 0.045950889587402344, "fun": "0.4565722160202974", "jac": "[ 0.00000000e+00  0.00000000e+00 -3.33066880e-06  0.00000000e+00\n  2.22044587e-06  0.00000000e+00]", "hess_inv": "[[ 7.59146942 -1.29793935 -0.62533189  2.05270773 -1.63558324  3.71844051]\n [-1.29793935  6.50584902 -0.95050978  0.66812535 -0.34529741 -3.91774453]\n [-0.62533189 -0.95050978  6.41373073  2.7376503   1.32672019 -2.06963362]\n [ 2.05270773  0.66812535  2.7376503   6.24896895 -0.06146592 -0.349096  ]\n [-1.63558324 -0.34529741  1.32672019 -0.06146592  4.08060437 -1.11367644]\n [ 3.71844051 -3.91774453 -2.06963362 -0.349096   -1.11367644  9.60084576]]", "nfev": "196", "njev": "28", "status": "0", "success": "True", "message": "Optimization terminated successfully.", "x": "[-1.14903214  3.20562218  4.05112317  4.72429374  3.47521505  1.79245833]", "nit": "26", "callback": [0.48368941219052464, 0.45657242658356356]}, "4": {"maxiter": 100, "gtol": 1e-10, "xrtol": 1e-05, "eps": 1e-05, "duration": 0.05026388168334961, "fun": "0.45657221603505516", "jac": "[-6.11732887e-09  2.93431945e-08 -7.07323089e-08 -9.35473921e-08\n -7.29416527e-09  2.64122058e-08]", "hess_inv": "[[ 7.75367779 -1.31246558 -0.23628911  2.33714624 -1.5429783   3.54163817]\n [-1.31246558  6.5054166  -0.68753566  0.89369038 -0.35082985 -4.16782198]\n [-0.23628911 -0.68753566  6.75705755  3.00672927  1.50586551 -2.34096143]\n [ 2.33714624  0.89369038  3.00672927  6.63720368  0.09811752 -0.45241289]\n [-1.5429783  -0.35082985  1.50586551  0.09811752  4.13880219 -1.135337  ]\n [ 3.54163817 -4.16782198 -2.34096143 -0.45241289 -1.135337   10.18260357]]", "nfev": "203", "njev": "29", "status": "0", "success": "True", "message": "Optimization terminated successfully.", "x": "[-1.14903531  3.2056172   4.05112166  4.72428332  3.47520748  1.79245128]", "nit": "27", "callback": [0.48368708983050923, 0.45657242621408745]}, "5": {"maxiter": 100, "gtol": 1e-10, "xrtol": 1e-05, "eps": 1e-10, "duration": 0.0472869873046875, "fun": "0.4565722160144613", "jac": "[-1.11022293e-06  1.11022293e-06  2.22044587e-06  1.11022293e-06\n  0.00000000e+00  2.22044587e-06]", "hess_inv": "[[ 7.72650256 -1.33614488  0.15205353  2.45670705 -1.80041763  3.49079604]\n [-1.33614488  6.36103264 -0.41657809  0.92052671 -0.5170035  -3.99691859]\n [ 0.15205353 -0.41657809  7.23720069  3.2870793   1.43546434 -2.68464233]\n [ 2.45670705  0.92052671  3.2870793   6.59359258 -0.04013646 -0.69184661]\n [-1.80041763 -0.5170035   1.43546434 -0.04013646  3.97548105 -1.03723817]\n [ 3.49079604 -3.99691859 -2.68464233 -0.69184661 -1.03723817  9.85214721]]", "nfev": "203", "njev": "29", "status": "0", "success": "True", "message": "Optimization terminated successfully.", "x": "[-1.14902764  3.20562194  4.05114409  4.72430478  3.475211    1.79245169]", "nit": "27", "callback": [0.48368941219052464, 0.45657242658356356]}, "6": {"maxiter": 100, "gtol": 1e-10, "xrtol": 1e-10, "eps": 1e-05, "duration": 0.07623291015625, "fun": "0.45657221603259124", "jac": "[ 1.22124533e-10  7.77156117e-11  5.55111512e-11 -5.55111512e-11\n  4.44089210e-11 -1.11022302e-11]", "hess_inv": "[[ 7.78371318 -1.30921836 -0.16478119  2.40568637 -1.52760879  3.51125983]\n [-1.30921836  6.49998936 -0.73080954  0.86161658 -0.36088916 -4.11819987]\n [-0.16478119 -0.73080954  7.26263658  3.4982545   1.61069821 -2.56297416]\n [ 2.40568637  0.86161658  3.4982545   7.10702502  0.20105115 -0.69159046]\n [-1.52760879 -0.36088916  1.61069821  0.20105115  4.16041814 -1.17835677]\n [ 3.51125983 -4.11819987 -2.56297416 -0.69159046 -1.17835677 10.21304358]]", "nfev": "327", "njev": "45", "status": "2", "success": "False", "message": "Desired error not necessarily achieved due to precision loss.", "x": "[-1.14903511  3.20561713  4.05112261  4.72428425  3.47520768  1.7924509 ]", "nit": "29", "callback": [0.48368708983050923, 0.45657242621408745]}, "7": {"maxiter": 100, "gtol": 1e-10, "xrtol": 1e-10, "eps": 1e-10, "duration": 0.08029985427856445, "fun": "0.4565722160085278", "jac": "[ 1.11022293e-06  1.11022293e-06  1.11022293e-06 -1.11022293e-06\n -1.11022293e-06  0.00000000e+00]", "hess_inv": "[[ 0.01607757 -0.03173605  0.00898065 -0.03868142 -0.02821538 -0.00065243]\n [-0.03173605  0.20963107  0.02260498  0.13737899  0.06116337 -0.00259006]\n [ 0.00898065  0.02260498  0.09554746 -0.01817766 -0.03287245 -0.05321933]\n [-0.03868142  0.13737899 -0.01817766  0.17077372  0.06294988 -0.00633961]\n [-0.02821538  0.06116337 -0.03287245  0.06294988  0.08594418 -0.00760987]\n [-0.00065243 -0.00259006 -0.05321933 -0.00633961 -0.00760987  0.06533592]]", "nfev": "336", "njev": "48", "status": "0", "success": "True", "message": "Optimization terminated successfully.", "x": "[-1.14903069  3.20562267  4.05113898  4.72430145  3.47521226  1.79244516]", "nit": "37", "callback": [0.48368941219052464, 0.45657242658356356, 0.45657221600925557]}, "8": {"maxiter": 500, "gtol": 1e-05, "xrtol": 1e-05, "eps": 1e-05, "duration": 0.046293020248413086, "fun": "0.4565722160703448", "jac": "[-1.15997212e-06 -2.96895841e-07 -9.50506340e-07 -6.56141808e-08\n -3.82671672e-07  8.26538837e-07]", "hess_inv": "[[ 7.58091236 -1.43792941 -0.47908026  2.16809971 -1.60364791  3.8214305 ]\n [-1.43792941  6.43941971 -0.94173549  0.68483134 -0.40968091 -3.95917911]\n [-0.47908026 -0.94173549  6.65736477  3.03613987  1.46647451 -1.96467886]\n [ 2.16809971  0.68483134  3.03613987  6.76692571  0.08946045 -0.19734303]\n [-1.60364791 -0.40968091  1.46647451  0.08946045  4.12620895 -1.04029584]\n [ 3.8214305  -3.95917911 -1.96467886 -0.19734303 -1.04029584  9.73066682]]", "nfev": "196", "njev": "28", "status": "0", "success": "True", "message": "Optimization terminated successfully.", "x": "[-1.14904033  3.20561407  4.05111301  4.72427664  3.47520542  1.79245951]", "nit": "26", "callback": [0.48368708983050923, 0.45657242621408745]}, "9": {"maxiter": 500, "gtol": 1e-05, "xrtol": 1e-05, "eps": 1e-10, "duration": 0.04616904258728027, "fun": "0.4565722160202974", "jac": "[ 0.00000000e+00  0.00000000e+00 -3.33066880e-06  0.00000000e+00\n  2.22044587e-06  0.00000000e+00]", "hess_inv": "[[ 7.59146942 -1.29793935 -0.62533189  2.05270773 -1.63558324  3.71844051]\n [-1.29793935  6.50584902 -0.95050978  0.66812535 -0.34529741 -3.91774453]\n [-0.62533189 -0.95050978  6.41373073  2.7376503   1.32672019 -2.06963362]\n [ 2.05270773  0.66812535  2.7376503   6.24896895 -0.06146592 -0.349096  ]\n [-1.63558324 -0.34529741  1.32672019 -0.06146592  4.08060437 -1.11367644]\n [ 3.71844051 -3.91774453 -2.06963362 -0.349096   -1.11367644  9.60084576]]", "nfev": "196", "njev": "28", "status": "0", "success": "True", "message": "Optimization terminated successfully.", "x": "[-1.14903214  3.20562218  4.05112317  4.72429374  3.47521505  1.79245833]", "nit": "26", "callback": [0.48368941219052464, 0.45657242658356356]}, "10": {"maxiter": 500, "gtol": 1e-05, "xrtol": 1e-10, "eps": 1e-05, "duration": 0.04486417770385742, "fun": "0.4565722160703448", "jac": "[-1.15997212e-06 -2.96895841e-07 -9.50506340e-07 -6.56141808e-08\n -3.82671672e-07  8.26538837e-07]", "hess_inv": "[[ 7.58091236 -1.43792941 -0.47908026  2.16809971 -1.60364791  3.8214305 ]\n [-1.43792941  6.43941971 -0.94173549  0.68483134 -0.40968091 -3.95917911]\n [-0.47908026 -0.94173549  6.65736477  3.03613987  1.46647451 -1.96467886]\n [ 2.16809971  0.68483134  3.03613987  6.76692571  0.08946045 -0.19734303]\n [-1.60364791 -0.40968091  1.46647451  0.08946045  4.12620895 -1.04029584]\n [ 3.8214305  -3.95917911 -1.96467886 -0.19734303 -1.04029584  9.73066682]]", "nfev": "196", "njev": "28", "status": "0", "success": "True", "message": "Optimization terminated successfully.", "x": "[-1.14904033  3.20561407  4.05111301  4.72427664  3.47520542  1.79245951]", "nit": "26", "callback": [0.48368708983050923, 0.45657242621408745]}, "11": {"maxiter": 500, "gtol": 1e-05, "xrtol": 1e-10, "eps": 1e-10, "duration": 0.04516887664794922, "fun": "0.4565722160202974", "jac": "[ 0.00000000e+00  0.00000000e+00 -3.33066880e-06  0.00000000e+00\n  2.22044587e-06  0.00000000e+00]", "hess_inv": "[[ 7.59146942 -1.29793935 -0.62533189  2.05270773 -1.63558324  3.71844051]\n [-1.29793935  6.50584902 -0.95050978  0.66812535 -0.34529741 -3.91774453]\n [-0.62533189 -0.95050978  6.41373073  2.7376503   1.32672019 -2.06963362]\n [ 2.05270773  0.66812535  2.7376503   6.24896895 -0.06146592 -0.349096  ]\n [-1.63558324 -0.34529741  1.32672019 -0.06146592  4.08060437 -1.11367644]\n [ 3.71844051 -3.91774453 -2.06963362 -0.349096   -1.11367644  9.60084576]]", "nfev": "196", "njev": "28", "status": "0", "success": "True", "message": "Optimization terminated successfully.", "x": "[-1.14903214  3.20562218  4.05112317  4.72429374  3.47521505  1.79245833]", "nit": "26", "callback": [0.48368941219052464, 0.45657242658356356]}, "12": {"maxiter": 500, "gtol": 1e-10, "xrtol": 1e-05, "eps": 1e-05, "duration": 0.046788692474365234, "fun": "0.45657221603505516", "jac": "[-6.11732887e-09  2.93431945e-08 -7.07323089e-08 -9.35473921e-08\n -7.29416527e-09  2.64122058e-08]", "hess_inv": "[[ 7.75367779 -1.31246558 -0.23628911  2.33714624 -1.5429783   3.54163817]\n [-1.31246558  6.5054166  -0.68753566  0.89369038 -0.35082985 -4.16782198]\n [-0.23628911 -0.68753566  6.75705755  3.00672927  1.50586551 -2.34096143]\n [ 2.33714624  0.89369038  3.00672927  6.63720368  0.09811752 -0.45241289]\n [-1.5429783  -0.35082985  1.50586551  0.09811752  4.13880219 -1.135337  ]\n [ 3.54163817 -4.16782198 -2.34096143 -0.45241289 -1.135337   10.18260357]]", "nfev": "203", "njev": "29", "status": "0", "success": "True", "message": "Optimization terminated successfully.", "x": "[-1.14903531  3.2056172   4.05112166  4.72428332  3.47520748  1.79245128]", "nit": "27", "callback": [0.48368708983050923, 0.45657242621408745]}, "13": {"maxiter": 500, "gtol": 1e-10, "xrtol": 1e-05, "eps": 1e-10, "duration": 0.04680895805358887, "fun": "0.4565722160144613", "jac": "[-1.11022293e-06  1.11022293e-06  2.22044587e-06  1.11022293e-06\n  0.00000000e+00  2.22044587e-06]", "hess_inv": "[[ 7.72650256 -1.33614488  0.15205353  2.45670705 -1.80041763  3.49079604]\n [-1.33614488  6.36103264 -0.41657809  0.92052671 -0.5170035  -3.99691859]\n [ 0.15205353 -0.41657809  7.23720069  3.2870793   1.43546434 -2.68464233]\n [ 2.45670705  0.92052671  3.2870793   6.59359258 -0.04013646 -0.69184661]\n [-1.80041763 -0.5170035   1.43546434 -0.04013646  3.97548105 -1.03723817]\n [ 3.49079604 -3.99691859 -2.68464233 -0.69184661 -1.03723817  9.85214721]]", "nfev": "203", "njev": "29", "status": "0", "success": "True", "message": "Optimization terminated successfully.", "x": "[-1.14902764  3.20562194  4.05114409  4.72430478  3.475211    1.79245169]", "nit": "27", "callback": [0.48368941219052464, 0.45657242658356356]}, "14": {"maxiter": 500, "gtol": 1e-10, "xrtol": 1e-10, "eps": 1e-05, "duration": 0.07407808303833008, "fun": "0.45657221603259124", "jac": "[ 1.22124533e-10  7.77156117e-11  5.55111512e-11 -5.55111512e-11\n  4.44089210e-11 -1.11022302e-11]", "hess_inv": "[[ 7.78371318 -1.30921836 -0.16478119  2.40568637 -1.52760879  3.51125983]\n [-1.30921836  6.49998936 -0.73080954  0.86161658 -0.36088916 -4.11819987]\n [-0.16478119 -0.73080954  7.26263658  3.4982545   1.61069821 -2.56297416]\n [ 2.40568637  0.86161658  3.4982545   7.10702502  0.20105115 -0.69159046]\n [-1.52760879 -0.36088916  1.61069821  0.20105115  4.16041814 -1.17835677]\n [ 3.51125983 -4.11819987 -2.56297416 -0.69159046 -1.17835677 10.21304358]]", "nfev": "327", "njev": "45", "status": "2", "success": "False", "message": "Desired error not necessarily achieved due to precision loss.", "x": "[-1.14903511  3.20561713  4.05112261  4.72428425  3.47520768  1.7924509 ]", "nit": "29", "callback": [0.48368708983050923, 0.45657242621408745]}, "15": {"maxiter": 500, "gtol": 1e-10, "xrtol": 1e-10, "eps": 1e-10, "duration": 0.0768272876739502, "fun": "0.4565722160085278", "jac": "[ 1.11022293e-06  1.11022293e-06  1.11022293e-06 -1.11022293e-06\n -1.11022293e-06  0.00000000e+00]", "hess_inv": "[[ 0.01607757 -0.03173605  0.00898065 -0.03868142 -0.02821538 -0.00065243]\n [-0.03173605  0.20963107  0.02260498  0.13737899  0.06116337 -0.00259006]\n [ 0.00898065  0.02260498  0.09554746 -0.01817766 -0.03287245 -0.05321933]\n [-0.03868142  0.13737899 -0.01817766  0.17077372  0.06294988 -0.00633961]\n [-0.02821538  0.06116337 -0.03287245  0.06294988  0.08594418 -0.00760987]\n [-0.00065243 -0.00259006 -0.05321933 -0.00633961 -0.00760987  0.06533592]]", "nfev": "336", "njev": "48", "status": "0", "success": "True", "message": "Optimization terminated successfully.", "x": "[-1.14903069  3.20562267  4.05113898  4.72430145  3.47521226  1.79244516]", "nit": "37", "callback": [0.48368941219052464, 0.45657242658356356, 0.45657221600925557]}, "16": {"maxiter": 1000, "gtol": 1e-05, "xrtol": 1e-05, "eps": 1e-05, "duration": 0.044703006744384766, "fun": "0.4565722160703448", "jac": "[-1.15997212e-06 -2.96895841e-07 -9.50506340e-07 -6.56141808e-08\n -3.82671672e-07  8.26538837e-07]", "hess_inv": "[[ 7.58091236 -1.43792941 -0.47908026  2.16809971 -1.60364791  3.8214305 ]\n [-1.43792941  6.43941971 -0.94173549  0.68483134 -0.40968091 -3.95917911]\n [-0.47908026 -0.94173549  6.65736477  3.03613987  1.46647451 -1.96467886]\n [ 2.16809971  0.68483134  3.03613987  6.76692571  0.08946045 -0.19734303]\n [-1.60364791 -0.40968091  1.46647451  0.08946045  4.12620895 -1.04029584]\n [ 3.8214305  -3.95917911 -1.96467886 -0.19734303 -1.04029584  9.73066682]]", "nfev": "196", "njev": "28", "status": "0", "success": "True", "message": "Optimization terminated successfully.", "x": "[-1.14904033  3.20561407  4.05111301  4.72427664  3.47520542  1.79245951]", "nit": "26", "callback": [0.48368708983050923, 0.45657242621408745]}, "17": {"maxiter": 1000, "gtol": 1e-05, "xrtol": 1e-05, "eps": 1e-10, "duration": 0.04474902153015137, "fun": "0.4565722160202974", "jac": "[ 0.00000000e+00  0.00000000e+00 -3.33066880e-06  