{"date": "2024/09/23/, 22:40:43", "conf_id": 118, "data_type": "orthogonal\n", "num_data_points": 2, "s_rank": 0, "unitary": "[[-0.53618537-0.34368723j,-0.12107031-0.46226139j,-0.07699282-0.46603512j,0.36022595-0.11472301j],[0.26026499-0.63450712j,-0.56616638+0.37832564j,-0.14988651+0.08458591j,0.10363514-0.16008501j],[-0.32580188-0.11070003j,-0.36476308-0.23593218j,0.02559343+0.41761608j,-0.25598305+0.6725303j],[0.07406738-0.0126433j,0.28513701+0.19483972j,-0.74939717-0.10299659j,0.29798249+0.46269921j]]", "databatch_0": {"databatch": "[[[-0.01659617+0.09520321j,-0.0333034+0.06740717j,0.25166887+0.08341467j,0.01210156-0.05044265j],[0.12270711+0.5792981j,-0.04293973+0.30145043j,-0.24443457-0.03991377j,-0.15822463+0.10730037j],[0.25274437+0.09927919j,0.106066-0.22305915j,0.0142561+0.03462892j,0.20657656-0.22716934j],[0.1412395-0.04890564j,-0.22780604-0.15048648j,-0.04145631-0.04327656j,0.17711101+0.09223394j]],[[-0.0073928+0.116056j,-0.04662392+0.05956955j,0.3318391+0.1056788j,0.02663772-0.01620805j],[0.16632134+0.37576402j,-0.1412314+0.18933807j,-0.20370981-0.03082616j,-0.1483238-0.00301614j],[0.18642935+0.22716014j,0.03841379-0.31957517j,-0.00497095-0.05411774j,0.23501403-0.32126583j],[0.17543075+0.02816876j,-0.32562898-0.17000082j,-0.03947016-0.09618648j,0.18835828+0.07233359j]]]", "initial param values": "[1.42749562,0.89543933,1.66627469,0.93559751,3.02600358,0.29456592]", "nelder_mead": {"type": "gradient-free", "0": {"maxiter": 100, "fatol": 1e-05, "xatol": 1e-05, "duration": 0.038041114807128906, "fun": "0.605911115071919", "nit": "100", "nfev": "158", "status": "2", "success": "False", "message": "Maximum number of iterations has been exceeded.", "x": "[ 5.28970798  0.13714595  1.55134551 -0.56253367 -3.96171376  1.44570492]", "final_simplex": "(array([[ 5.28970798,  0.13714595,  1.55134551, -0.56253367, -3.96171376,\n         1.44570492],\n       [ 4.96984987,  0.2133826 ,  1.66999739, -0.40791983, -3.59963987,\n         1.33854409],\n       [ 5.05579981, -0.06535687,  1.87525049, -0.29445815, -3.71752612,\n         1.29255639],\n       [ 5.14072818, -0.05823783,  1.81250761, -0.42650929, -3.54756971,\n         1.3391434 ],\n       [ 5.28272457, -0.15210336,  1.85091332, -0.45881364, -3.7185983 ,\n         1.35659578],\n       [ 5.16317865, -0.34269854,  1.89380762, -0.40400778, -3.41245355,\n         1.32403831],\n       [ 5.27578807,  0.1115816 ,  1.59196048, -0.58081669, -3.49828435,\n         1.39723006]]), array([0.60591112, 0.62301224, 0.62816339, 0.63053461, 0.63452099,\n       0.63523131, 0.63841276]))", "callback": [0.9601910027997707, 0.916758431105203, 0.9117824945351874, 0.8930803944361656, 0.7993327405451197, 0.7891056666484215, 0.7629210800586153, 0.6702905470273995, 0.6352313143332777]}, "1": {"maxiter": 100, "fatol": 1e-05, "xatol": 1e-10, "duration": 0.04351401329040527, "fun": "0.605911115071919", "nit": "100", "nfev": "158", "status": "2", "success": "False", "message": "Maximum number of iterations has been exceeded.", "x": "[ 5.28970798  0.13714595  1.55134551 -0.56253367 -3.96171376  1.44570492]", "final_simplex": "(array([[ 5.28970798,  0.13714595,  1.55134551, -0.56253367, -3.96171376,\n         1.44570492],\n       [ 4.96984987,  0.2133826 ,  1.66999739, -0.40791983, -3.59963987,\n         1.33854409],\n       [ 5.05579981, -0.06535687,  1.87525049, -0.29445815, -3.71752612,\n         1.29255639],\n       [ 5.14072818, -0.05823783,  1.81250761, -0.42650929, -3.54756971,\n         1.3391434 ],\n       [ 5.28272457, -0.15210336,  1.85091332, -0.45881364, -3.7185983 ,\n         1.35659578],\n       [ 5.16317865, -0.34269854,  1.89380762, -0.40400778, -3.41245355,\n         1.32403831],\n       [ 5.27578807,  0.1115816 ,  1.59196048, -0.58081669, -3.49828435,\n         1.39723006]]), array([0.60591112, 0.62301224, 0.62816339, 0.63053461, 0.63452099,\n       0.63523131, 0.63841276]))", "callback": [0.9601910027997707, 0.916758431105203, 0.9117824945351874, 0.8930803944361656, 0.7993327405451197, 0.7891056666484215, 0.7629210800586153, 0.6702905470273995, 0.6352313143332777]}, "2": {"maxiter": 100, "fatol": 1e-10, "xatol": 1e-05, "duration": 0.03820681571960449, "fun": "0.605911115071919", "nit": "100", "nfev": "158", "status": "2", "success": "False", "message": "Maximum number of iterations has been exceeded.", "x": "[ 5.28970798  0.13714595  1.55134551 -0.56253367 -3.96171376  1.44570492]", "final_simplex": "(array([[ 5.28970798,  0.13714595,  1.55134551, -0.56253367, -3.96171376,\n         1.44570492],\n       [ 4.96984987,  0.2133826 ,  1.66999739, -0.40791983, -3.59963987,\n         1.33854409],\n       [ 5.05579981, -0.06535687,  1.87525049, -0.29445815, -3.71752612,\n         1.29255639],\n       [ 5.14072818, -0.05823783,  1.81250761, -0.42650929, -3.54756971,\n         1.3391434 ],\n       [ 5.28272457, -0.15210336,  1.85091332, -0.45881364, -3.7185983 ,\n         1.35659578],\n       [ 5.16317865, -0.34269854,  1.89380762, -0.40400778, -3.41245355,\n         1.32403831],\n       [ 5.27578807,  0.1115816 ,  1.59196048, -0.58081669, -3.49828435,\n         1.39723006]]), array([0.60591112, 0.62301224, 0.62816339, 0.63053461, 0.63452099,\n       0.63523131, 0.63841276]))", "callback": [0.9601910027997707, 0.916758431105203, 0.9117824945351874, 0.8930803944361656, 0.7993327405451197, 0.7891056666484215, 0.7629210800586153, 0.6702905470273995, 0.6352313143332777]}, "3": {"maxiter": 100, "fatol": 1e-10, "xatol": 1e-10, "duration": 0.041348934173583984, "fun": "0.605911115071919", "nit": "100", "nfev": "158", "status": "2", "success": "False", "message": "Maximum number of iterations has been exceeded.", "x": "[ 5.28970798  0.13714595  1.55134551 -0.56253367 -3.96171376  1.44570492]", "final_simplex": "(array([[ 5.28970798,  0.13714595,  1.55134551, -0.56253367, -3.96171376,\n         1.44570492],\n       [ 4.96984987,  0.2133826 ,  1.66999739, -0.40791983, -3.59963987,\n         1.33854409],\n       [ 5.05579981, -0.06535687,  1.87525049, -0.29445815, -3.71752612,\n         1.29255639],\n       [ 5.14072818, -0.05823783,  1.81250761, -0.42650929, -3.54756971,\n         1.3391434 ],\n       [ 5.28272457, -0.15210336,  1.85091332, -0.45881364, -3.7185983 ,\n         1.35659578],\n       [ 5.16317865, -0.34269854,  1.89380762, -0.40400778, -3.41245355,\n         1.32403831],\n       [ 5.27578807,  0.1115816 ,  1.59196048, -0.58081669, -3.49828435,\n         1.39723006]]), array([0.60591112, 0.62301224, 0.62816339, 0.63053461, 0.63452099,\n       0.63523131, 0.63841276]))", "callback": [0.9601910027997707, 0.916758431105203, 0.9117824945351874, 0.8930803944361656, 0.7993327405451197, 0.7891056666484215, 0.7629210800586153, 0.6702905470273995, 0.6352313143332777]}, "4": {"maxiter": 500, "fatol": 1e-05, "xatol": 1e-05, "duration": 0.18726301193237305, "fun": "0.36790988710702066", "nit": "457", "nfev": "720", "status": "0", "success": "True", "message": "Optimization terminated successfully.", "x": "[ 4.34569089 -0.24318554  1.09808761 -1.4438553  -4.60961655  2.17506318]", "final_simplex": "(array([[ 4.34569089, -0.24318554,  1.09808761, -1.4438553 , -4.60961655,\n         2.17506318],\n       [ 4.34568935, -0.24318079,  1.09808355, -1.44385684, -4.6096191 ,\n         2.17505909],\n       [ 4.34568981, -0.24317774,  1.09809159, -1.44385277, -4.60962237,\n         2.17506348],\n       [ 4.3456813 , -0.24318754,  1.0980894 , -1.44385474, -4.60961955,\n         2.17506147],\n       [ 4.34568372, -0.24318868,  1.09808032, -1.44385472, -4.60961937,\n         2.17506142],\n       [ 4.34568548, -0.24317785,  1.09808763, -1.44386003, -4.6096238 ,\n         2.17506466],\n       [ 4.34568598, -0.24317581,  1.09808797, -1.44385546, -4.60961679,\n         2.17506094]]), array([0.36790989, 0.36790989, 0.36790989, 0.36790989, 0.36790989,\n       0.36790989, 0.36790989]))", "callback": [0.9601910027997707, 0.916758431105203, 0.9117824945351874, 0.8930803944361656, 0.7993327405451197, 0.7891056666484215, 0.7629210800586153, 0.6702905470273995, 0.6352313143332777, 0.605911115071919, 0.5716406223281598, 0.5030240180679484, 0.49462156124090695, 0.489924829042912, 0.4811570408051796, 0.478485095102126, 0.4624631628510196, 0.41288688958414155, 0.3768298105853778, 0.37383288782843127, 0.3714055123597638, 0.3708932885367191, 0.37079476130110745, 0.37072120563933697, 0.37068118455108434, 0.37065909321689905, 0.37060813203595777, 0.37047528738653057, 0.37019112833407164, 0.3698572851718802, 0.36908213089416986, 0.36832565504613923, 0.36810849351164787, 0.36800218077094937, 0.3679660083005801, 0.36793272774993, 0.36791903922021196, 0.3679132987937066, 0.3679104919164766, 0.3679100142668945, 0.36790990936026535, 0.3679098934940003, 0.3679098876272996, 0.36790988723259443, 0.367909887126762]}, "5": {"maxiter": 500, "fatol": 1e-05, "xatol": 1e-10, "duration": 0.2071990966796875, "fun": "0.3679098871051264", "nit": "500", "nfev": "797", "status": "2", "success": "False", "message": "Maximum number of iterations has been exceeded.", "x": "[ 4.34569016 -0.24318682  1.09808859 -1.44385631 -4.60961902  2.17506489]", "final_simplex": "(array([[ 4.34569016, -0.24318682,  1.09808859, -1.44385631, -4.60961902,\n         2.17506489],\n       [ 4.34568997, -0.24318664,  1.09808863, -1.4438564 , -4.60961928,\n         2.17506467],\n       [ 4.34569022, -0.24318657,  1.09808895, -1.44385659, -4.60961938,\n         2.17506503],\n       [ 4.34568994, -0.24318687,  1.09808885, -1.44385678, -4.60961965,\n         2.17506542],\n       [ 4.3456899 , -0.24318637,  1.09808889, -1.44385668, -4.60961931,\n         2.175065  ],\n       [ 4.34568985, -0.24318698,  1.09808851, -1.44385682, -4.60961933,\n         2.17506483],\n       [ 4.34568966, -0.24318694,  1.09808926, -1.44385633, -4.60961944,\n         2.17506519]]), array([0.36790989, 0.36790989, 0.36790989, 0.36790989, 0.36790989,\n       0.36790989, 0.36790989]))", "callback": [0.9601910027997707, 0.916758431105203, 0.9117824945351874, 0.8930803944361656, 0.7993327405451197, 0.7891056666484215, 0.7629210800586153, 0.6702905470273995, 0.6352313143332777, 0.605911115071919, 0.5716406223281598, 0.5030240180679484, 0.49462156124090695, 0.489924829042912, 0.4811570408051796, 0.478485095102126, 0.4624631628510196, 0.41288688958414155, 0.3768298105853778, 0.37383288782843127, 0.3714055123597638, 0.3708932885367191, 0.37079476130110745, 0.37072120563933697, 0.37068118455108434, 0.37065909321689905, 0.37060813203595777, 0.37047528738653057, 0.37019112833407164, 0.3698572851718802, 0.36908213089416986, 0.36832565504613923, 0.36810849351164787, 0.36800218077094937, 0.3679660083005801, 0.36793272774993, 0.36791903922021196, 0.3679132987937066, 0.3679104919164766, 0.3679100142668945, 0.36790990936026535, 0.3679098934940003, 0.3679098876272996, 0.36790988723259443, 0.367909887126762, 0.36790988710702066, 0.3679098871062335, 0.36790988710544514, 0.3679098871051817]}, "6": {"maxiter": 500, "fatol": 1e-10, "xatol": 1e-05, "duration": 0.17825102806091309, "fun": "0.36790988710702066", "nit": "457", "nfev": "720", "status": "0", "success": "True", "message": "Optimization terminated successfully.", "x": "[ 4.34569089 -0.24318554  1.09808761 -1.4438553  -4.60961655  2.17506318]", "final_simplex": "(array([[ 4.34569089, -0.24318554,  1.09808761, -1.4438553 , -4.60961655,\n         2.17506318],\n       [ 4.34568935, -0.24318079,  1.09808355, -1.44385684, -4.6096191 ,\n         2.17505909],\n       [ 4.34568981, -0.24317774,  1.09809159, -1.44385277, -4.60962237,\n         2.17506348],\n       [ 4.3456813 , -0.24318754,  1.0980894 , -1.44385474, -4.60961955,\n         2.17506147],\n       [ 4.34568372, -0.24318868,  1.09808032, -1.44385472, -4.60961937,\n         2.17506142],\n       [ 4.34568548, -0.24317785,  1.09808763, -1.44386003, -4.6096238 ,\n         2.17506466],\n       [ 4.34568598, -0.24317581,  1.09808797, -1.44385546, -4.60961679,\n         2.17506094]]), array([0.36790989, 0.36790989, 0.36790989, 0.36790989, 0.36790989,\n       0.36790989, 0.36790989]))", "callback": [0.9601910027997707, 0.916758431105203, 0.9117824945351874, 0.8930803944361656, 0.7993327405451197, 0.7891056666484215, 0.7629210800586153, 0.6702905470273995, 0.6352313143332777, 0.605911115071919, 0.5716406223281598, 0.5030240180679484, 0.49462156124090695, 0.489924829042912, 0.4811570408051796, 0.478485095102126, 0.4624631628510196, 0.41288688958414155, 0.3768298105853778, 0.37383288782843127, 0.3714055123597638, 0.3708932885367191, 0.37079476130110745, 0.37072120563933697, 0.37068118455108434, 0.37065909321689905, 0.37060813203595777, 0.37047528738653057, 0.37019112833407164, 0.3698572851718802, 0.36908213089416986, 0.36832565504613923, 0.36810849351164787, 0.36800218077094937, 0.3679660083005801, 0.36793272774993, 0.36791903922021196, 0.3679132987937066, 0.3679104919164766, 0.3679100142668945, 0.36790990936026535, 0.3679098934940003, 0.3679098876272996, 0.36790988723259443, 0.367909887126762]}, "7": {"maxiter": 500, "fatol": 1e-10, "xatol": 1e-10, "duration": 0.1950359344482422, "fun": "0.3679098871051264", "nit": "500", "nfev": "797", "status": "2", "success": "False", "message": "Maximum number of iterations has been exceeded.", "x": "[ 4.34569016 -0.24318682  1.09808859 -1.44385631 -4.60961902  2.17506489]", "final_simplex": "(array([[ 4.34569016, -0.24318682,  1.09808859, -1.44385631, -4.60961902,\n         2.17506489],\n       [ 4.34568997, -0.24318664,  1.09808863, -1.4438564 , -4.60961928,\n         2.17506467],\n       [ 4.34569022, -0.24318657,  1.09808895, -1.44385659, -4.60961938,\n         2.17506503],\n       [ 4.34568994, -0.24318687,  1.09808885, -1.44385678, -4.60961965,\n         2.17506542],\n       [ 4.3456899 , -0.24318637,  1.09808889, -1.44385668, -4.60961931,\n         2.175065  ],\n       [ 4.34568985, -0.24318698,  1.09808851, -1.44385682, -4.60961933,\n         2.17506483],\n       [ 4.34568966, -0.24318694,  1.09808926, -1.44385633, -4.60961944,\n         2.17506519]]), array([0.36790989, 0.36790989, 0.36790989, 0.36790989, 0.36790989,\n       0.36790989, 0.36790989]))", "callback": [0.9601910027997707, 0.916758431105203, 0.9117824945351874, 0.8930803944361656, 0.7993327405451197, 0.7891056666484215, 0.7629210800586153, 0.6702905470273995, 0.6352313143332777, 0.605911115071919, 0.5716406223281598, 0.5030240180679484, 0.49462156124090695, 0.489924829042912, 0.4811570408051796, 0.478485095102126, 0.4624631628510196, 0.41288688958414155, 0.3768298105853778, 0.37383288782843127, 0.3714055123597638, 0.3708932885367191, 0.37079476130110745, 0.37072120563933697, 0.37068118455108434, 0.37065909321689905, 0.37060813203595777, 0.37047528738653057, 0.37019112833407164, 0.3698572851718802, 0.36908213089416986, 0.36832565504613923, 0.36810849351164787, 0.36800218077094937, 0.3679660083005801, 0.36793272774993, 0.36791903922021196, 0.3679132987937066, 0.3679104919164766, 0.3679100142668945, 0.36790990936026535, 0.3679098934940003, 0.3679098876272996, 0.36790988723259443, 0.367909887126762, 0.36790988710702066, 0.3679098871062335, 0.36790988710544514, 0.3679098871051817]}, "8": {"maxiter": 1000, "fatol": 1e-05, "xatol": 1e-05, "duration": 0.19053173065185547, "fun": "0.36790988710702066", "nit": "457", "nfev": "720", "status": "0", "success": "True", "message": "Optimization terminated successfully.", "x": "[ 4.34569089 -0.24318554  1.09808761 -1.4438553  -4.60961655  2.17506318]", "final_simplex": "(array([[ 4.34569089, -0.24318554,  1.09808761, -1.4438553 , -4.60961655,\n         2.17506318],\n       [ 4.34568935, -0.24318079,  1.09808355, -1.44385684, -4.6096191 ,\n         2.17505909],\n       [ 4.34568981, -0.24317774,  1.09809159, -1.44385277, -4.60962237,\n         2.17506348],\n       [ 4.3456813 , -0.24318754,  1.0980894 , -1.44385474, -4.60961955,\n         2.17506147],\n       [ 4.34568372, -0.24318868,  1.09808032, -1.44385472, -4.60961937,\n         2.17506142],\n       [ 4.34568548, -0.24317785,  1.09808763, -1.44386003, -4.6096238 ,\n         2.17506466],\n       [ 4.34568598, -0.24317581,  1.09808797, -1.44385546, -4.60961679,\n         2.17506094]]), array([0.36790989, 0.36790989, 0.36790989, 0.36790989, 0.36790989,\n       0.36790989, 0.36790989]))", "callback": [0.9601910027997707, 0.916758431105203, 0.9117824945351874, 0.8930803944361656, 0.7993327405451197, 0.7891056666484215, 0.7629210800586153, 0.6702905470273995, 0.6352313143332777, 0.605911115071919, 0.5716406223281598, 0.5030240180679484, 0.49462156124090695, 0.489924829042912, 0.4811570408051796, 0.478485095102126, 0.4624631628510196, 0.41288688958414155, 0.3768298105853778, 0.37383288782843127, 0.3714055123597638, 0.3708932885367191, 0.37079476130110745, 0.37072120563933697, 0.37068118455108434, 0.37065909321689905, 0.37060813203595777, 0.37047528738653057, 0.37019112833407164, 0.3698572851718802, 0.36908213089416986, 0.36832565504613923, 0.36810849351164787, 0.36800218077094937, 0.3679660083005801, 0.36793272774993, 0.36791903922021196, 0.3679132987937066, 0.3679104919164766, 0.3679100142668945, 0.36790990936026535, 0.3679098934940003, 0.3679098876272996, 0.36790988723259443, 0.367909887126762]}, "9": {"maxiter": 1000, "fatol": 1e-05, "xatol": 1e-10, "duration": 0.23231911659240723, "fun": "0.3679098871050609", "nit": "602", "nfev": "1007", "status": "0", "success": "True", "message": "Optimization terminated successfully.", "x": "[ 4.34569029 -0.24318695  1.09808867 -1.44385603 -4.60961955  2.17506527]", "final_simplex": "(array([[ 4.34569029, -0.24318695,  1.09808867, -1.44385603, -4.60961955,\n         2.17506527],\n       [ 4.34569029, -0.24318695,  1.09808867, -1.44385603, -4.60961955,\n         2.17506527],\n       [ 4.34569029, -0.24318695,  1.09808867, -1.44385603, -4.60961955,\n         2.17506527],\n       [ 4.34569029, -0.24318695,  1.09808867, -1.44385603, -4.60961955,\n         2.17506527],\n       [ 4.34569029, -0.24318695,  1.09808867, -1.44385603, -4.60961955,\n         2.17506527],\n       [ 4.34569029, -0.24318695,  1.09808867, -1.44385603, -4.60961955,\n         2.17506527],\n       [ 4.34569029, -0.24318695,  1.09808867, -1.44385603, -4.60961955,\n         2.17506527]]), array([0.36790989, 0.36790989, 0.36790989, 0.36790989, 0.36790989,\n       0.36790989, 0.36790989]))", "callback": [0.9601910027997707, 0.916758431105203, 0.9117824945351874, 0.8930803944361656, 0.7993327405451197, 0.7891056666484215, 0.7629210800586153, 0.6702905470273995, 0.6352313143332777, 0.605911115071919, 0.5716406223281598, 0.5030240180679484, 0.49462156124090695, 0.489924829042912, 0.4811570408051796, 0.478485095102126, 0.4624631628510196, 0.41288688958414155, 0.3768298105853778, 0.37383288782843127, 0.3714055123597638, 0.3708932885367191, 0.37079476130110745, 0.37072120563933697, 0.37068118455108434, 0.37065909321689905, 0.37060813203595777, 0.37047528738653057, 0.37019112833407164, 0.3698572851718802, 0.36908213089416986, 0.36832565504613923, 0.36810849351164787, 0.36800218077094937, 0.3679660083005801, 0.36793272774993, 0.36791903922021196, 0.3679132987937066, 0.3679104919164766, 0.3679100142668945, 0.36790990936026535, 0.3679098934940003, 0.3679098876272996, 0.36790988723259443, 0.367909887126762, 0.36790988710702066, 0.3679098871062335, 0.36790988710544514, 0.3679098871051817, 0.3679098871051264, 0.36790988710508465, 0.3679098871050681, 0.3679098871050659, 0.3679098871050638, 0.3679098871050619, 0.36790988710506134, 0.3679098871050611, 0.367909887105061, 0.367909887105061, 0.3679098871050609]}, "10": {"maxiter": 1000, "fatol": 1e-10, "xatol": 1e-05, "duration": 0.1611919403076172, "fun": "0.36790988710702066", "nit": "457", "nfev": "720", "status": "0", "success": "True", "message": "Optimization terminated successfully.", "x": "[ 4.34569089 -0.24318554  1.09808761 -1.4438553  -4.60961655  2.17506318]", "final_simplex": "(array([[ 4.34569089, -0.24318554,  1.09808761, -1.4438553 , -4.60961655,\n         2.17506318],\n       [ 4.34568935, -0.24318079,  1.09808355, -1.44385684, -4.6096191 ,\n         2.17505909],\n       [ 4.34568981, -0.24317774,  1.09809159, -1.44385277, -4.60962237,\n         2.17506348],\n       [ 4.3456813 , -0.24318754,  1.0980894 , -1.44385474, -4.60961955,\n         2.17506147],\n       [ 4.34568372, -0.24318868,  1.09808032, -1.44385472, -4.60961937,\n         2.17506142],\n       [ 4.34568548, -0.24317785,  1.09808763, -1.44386003, -4.6096238 ,\n         2.17506466],\n       [ 4.34568598, -0.24317581,  1.09808797, -1.44385546, -4.60961679,\n         2.17506094]]), array([0.36790989, 0.36790989, 0.36790989, 0.36790989, 0.36790989,\n       0.36790989, 0.36790989]))", "callback": [0.9601910027997707, 0.916758431105203, 0.9117824945351874, 0.8930803944361656, 0.7993327405451197, 0.7891056666484215, 0.7629210800586153, 0.6702905470273995, 0.6352313143332777, 0.605911115071919, 0.5716406223281598, 0.5030240180679484, 0.49462156124090695, 0.489924829042912, 0.4811570408051796, 0.478485095102126, 0.4624631628510196, 0.41288688958414155, 0.3768298105853778, 0.37383288782843127, 0.3714055123597638, 0.3708932885367191, 0.37079476130110745, 0.37072120563933697, 0.37068118455108434, 0.37065909321689905, 0.37060813203595777, 0.37047528738653057, 0.37019112833407164, 0.3698572851718802, 0.36908213089416986, 0.36832565504613923, 0.36810849351164787, 0.36800218077094937, 0.3679660083005801, 0.36793272774993, 0.36791903922021196, 0.3679132987937066, 0.3679104919164766, 0.3679100142668945, 0.36790990936026535, 0.3679098934940003, 0.3679098876272996, 0.36790988723259443, 0.367909887126762]}, "11": {"maxiter": 1000, "fatol": 1e-10, "xatol": 1e-10, "duration": 0.22533106803894043, "fun": "0.3679098871050609", "nit": "602", "nfev": "1007", "status": "0", "success": "True", "message": "Optimization terminated successfully.", "x": "[ 4.34569029 -0.24318695  1.09808867 -1.44385603 -4.60961955  2.17506527]", "final_simplex": "(array([[ 4.34569029, -0.24318695,  1.09808867, -1.44385603, -4.60961955,\n         2.17506527],\n       [ 4.34569029, -0.24318695,  1.09808867, -1.44385603, -4.60961955,\n         2.17506527],\n       [ 4.34569029, -0.24318695,  1.09808867, -1.44385603, -4.60961955,\n         2.17506527],\n       [ 4.34569029, -0.24318695,  1.09808867, -1.44385603, -4.60961955,\n         2.17506527],\n       [ 4.34569029, -0.24318695,  1.09808867, -1.44385603, -4.60961955,\n         2.17506527],\n       [ 4.34569029, -0.24318695,  1.09808867, -1.44385603, -4.60961955,\n         2.17506527],\n       [ 4.34569029, -0.24318695,  1.09808867, -1.44385603, -4.60961955,\n         2.17506527]]), array([0.36790989, 0.36790989, 0.36790989, 0.36790989, 0.36790989,\n       0.36790989, 0.36790989]))", "callback": [0.9601910027997707, 0.916758431105203, 0.9117824945351874, 0.8930803944361656, 0.7993327405451197, 0.7891056666484215, 0.7629210800586153, 0.6702905470273995, 0.6352313143332777, 0.605911115071919, 0.5716406223281598, 0.5030240180679484, 0.49462156124090695, 0.489924829042912, 0.4811570408051796, 0.478485095102126, 0.4624631628510196, 0.41288688958414155, 0.3768298105853778, 0.37383288782843127, 0.3714055123597638, 0.3708932885367191, 0.37079476130110745, 0.37072120563933697, 0.37068118455108434, 0.37065909321689905, 0.37060813203595777, 0.37047528738653057, 0.37019112833407164, 0.3698572851718802, 0.36908213089416986, 0.36832565504613923, 0.36810849351164787, 0.36800218077094937, 0.3679660083005801, 0.36793272774993, 0.36791903922021196, 0.3679132987937066, 0.3679104919164766, 0.3679100142668945, 0.36790990936026535, 0.3679098934940003, 0.3679098876272996, 0.36790988723259443, 0.367909887126762, 0.36790988710702066, 0.3679098871062335, 0.36790988710544514, 0.3679098871051817, 0.3679098871051264, 0.36790988710508465, 0.3679098871050681, 0.3679098871050659, 0.3679098871050638, 0.3679098871050619, 0.36790988710506134, 0.3679098871050611, 0.367909887105061, 0.367909887105061, 0.3679098871050609]}}, "bfgs": {"type": "gradient", "0": {"maxiter": 100, "gtol": 1e-05, "xrtol": 1e-05, "eps": 1e-05, "duration": 0.08892488479614258, "fun": "0.36790988730424334", "jac": "[-4.83535434e-07 -3.87666566e-06  2.22253327e-06 -5.29372102e-06\n  1.85100824e-06 -5.32099920e-06]", "hess_inv": "[[ 3.90362067  0.20890004 -0.01772504 -0.85127781 -0.20331025 -0.30659526]\n [ 0.20890004  4.02070312  0.96576464 -0.31398938 -0.04021855 -0.8621644 ]\n [-0.01772504  0.96576464  4.7084705   0.85940066 -0.66794231  2.13275458]\n [-0.85127781 -0.31398938  0.85940066  3.89974491 -0.15882823  0.53473137]\n [-0.20331025 -0.04021855 -0.66794231 -0.15882823  3.49737908 -0.91683246]\n [-0.30659526 -0.8621644   2.13275458  0.53473137 -0.91683246  5.13992327]]", "nfev": "399", "njev": "57", "status": "0", "success": "True", "message": "Optimization terminated successfully.", "x": "[ 1.93749447  2.89839376 -2.04352389 -1.443879    1.67357329  2.17503761]", "nit": "39", "callback": [0.7998656216024147, 0.6682560433286417, 0.523481045362377]}, "1": {"maxiter": 100, "gtol": 1e-05, "xrtol": 1e-05, "eps": 1e-10, "duration": 0.09301400184631348, "fun": "0.36790988714301776", "jac": "[ 1.11022293e-06 -1.11022293e-06  0.00000000e+00  3.33066880e-06\n  1.11022293e-06 -3.33066880e-06]", "hess_inv": "[[ 4.28432672  0.38295761 -0.31045545 -1.11248979 -0.13706507 -0.67937775]\n [ 0.38295761  3.94362675  0.85372798 -0.4532635  -0.13699865 -0.94388099]\n [-0.31045545  0.85372798  5.09178162  0.9887502  -0.79073843  2.41858502]\n [-1.11248979 -0.4532635   0.9887502   3.98900605  0.03362437  0.33563446]\n [-0.13706507 -0.13699865 -0.79073843  0.03362437  3.43791971 -1.02718513]\n [-0.67937775 -0.94388099  2.41858502  0.33563446 -1.02718513  5.11000195]]", "nfev": "413", "njev": "59", "status": "0", "success": "True", "message": "Optimization terminated successfully.", "x": "[ 1.93749855  2.89841493 -2.04351024 -1.44385582  1.67357055  2.1750483 ]", "nit": "37", "callback": [0.7998830467128877, 0.666227343680918, 0.40672343369828556]}, "2": {"maxiter": 100, "gtol": 1e-05, "xrtol": 1e-10, "eps": 1e-05, "duration": 0.08790874481201172, "fun": "0.36790988730424334", "jac": "[-4.83535434e-07 -3.87666566e-06  2.22253327e-06 -5.29372102e-06\n  1.85100824e-06 -5.32099920e-06]", "hess_inv": "[[ 3.90362067  0.20890004 -0.01772504 -0.85127781 -0.20331025 -0.30659526]\n [ 0.20890004  4.02070312  0.96576464 -0.31398938 -0.04021855 -0.8621644 ]\n [-0.01772504  0.96576464  4.7084705   0.85940066 -0.66794231  2.13275458]\n [-0.85127781 -0.31398938  0.85940066  3.89974491 -0.15882823  0.53473137]\n [-0.20331025 -0.04021855 -0.66794231 -0.15882823  3.49737908 -0.91683246]\n [-0.30659526 -0.8621644   2.13275458  0.53473137 -0.91683246  5.13992327]]", "nfev": "399", "njev": "57", "status": "0", "success": "True", "message": "Optimization terminated successfully.", "x": "[ 1.93749447  2.89839376 -2.04352389 -1.443879    1.67357329  2.17503761]", "nit": "39", "callback": [0.7998656216024147, 0.6682560433286417, 0.523481045362377]}, "3": {"maxiter": 100, "gtol": 1e-05, "xrtol": 1e-10, "eps": 1e-10, "duration": 0.0977630615234375, "fun": "0.36790988714301776", "jac": "[ 1.11022293e-06 -1.11022293e-06  0.00000000e+00  3.33066880e-06\n  1.11022293e-06 -3.33066880e-06]", "hess_inv": "[[ 4.28432672  0.38295761 -0.31045545 -1.11248979 -0.13706507 -0.67937775]\n [ 0.38295761  3.94362675  0.85372798 -0.4532635  -0.13699865 -0.94388099]\n [-0.31045545  0.85372798  5.09178162  0.9887502  -0.79073843  2.41858502]\n [-1.11248979 -0.4532635   0.9887502   3.98900605  0.03362437  0.33563446]\n [-0.13706507 -0.13699865 -0.79073843  0.03362437  3.43791971 -1.02718513]\n [-0.67937775 -0.94388099  2.41858502  0.33563446 -1.02718513  5.11000195]]", "nfev": "413", "njev": "59", "status": "0", "success": "True", "message": "Optimization terminated successfully.", "x": "[ 1.93749855  2.89841493 -2.04351024 -1.44385582  1.67357055  2.1750483 ]", "nit": "37", "callback": [0.7998830467128877, 0.666227343680918, 0.40672343369828556]}, "4": {"maxiter": 100, "gtol": 1e-10, "xrtol": 1e-05, "eps": 1e-05, "duration": 0.09501099586486816, "fun": "0.36790988712686157", "jac": "[ 2.04580797e-07  4.75997020e-07 -2.53774779e-07  1.56652469e-07\n -5.02486941e-08  5.70221648e-07]", "hess_inv": "[[ 3.90438480e+00  2.38550270e-01  9.02165706e-04 -8.17806412e-01\n  -2.32354249e-01 -2.41889497e-01]\n [ 2.38550270e-01  4.06323685e+00  9.41168747e-01 -3.71936744e-01\n  -4.85985116e-02 -8.36597491e-01]\n [ 9.02165706e-04  9.41168747e-01  4.65840289e+00  7.60158159e-01\n  -6.21397591e-01  2.03371253e+00]\n [-8.17806412e-01 -3.71936744e-01  7.60158159e-01  3.70457716e+00\n  -6.13088982e-02  3.25918781e-01]\n [-2.32354249e-01 -4.85985116e-02 -6.21397591e-01 -6.13088982e-02\n   3.47198426e+00 -8.67220286e-01]\n [-2.41889497e-01 -8.36597491e-01  2.03371253e+00  3.25918781e-01\n  -8.67220286e-01  5.04486592e+00]]", "nfev": "406", "njev": "58", "status": "0", "success": "True", "message": "Optimization terminated successfully.", "x": "[ 1.93749209  2.8984012  -2.0435146  -1.44386107  1.673563    2.1750599 ]", "nit": "40", "callback": [0.7998656216024147, 0.6682560433286417, 0.523481045362377, 0.36790988712686157]}, "5": {"maxiter": 100, "gtol": 1e-10, "xrtol": 1e-05, "eps": 1e-10, "duration": 0.09510302543640137, "fun": "0.3679098871326463", "jac": "[ 0.00000000e+00  3.33066880e-06  0.00000000e+00 -1.11022293e-06\n  0.00000000e+00  0.00000000e+00]", "hess_inv": "[[ 4.28300609  0.37110269 -0.29475412 -1.15442891 -0.1727133  -0.61113843]\n [ 0.37110269  3.99232463  0.8477804  -0.39696496 -0.07536112 -1.04650082]\n [-0.29475412  0.8477804   5.0442118   1.07754171 -0.72831887  2.28454431]\n [-1.15442891 -0.39696496  1.07754171  3.86458919 -0.03367306  0.5073383 ]\n [-0.1727133  -0.07536112 -0.72831887 -0.03367306  3.41463006 -0.94478914]\n [-0.61113843 -1.04650082  2.28454431  0.5073383  -0.94478914  4.8814139 ]]", "nfev": "420", "njev": "60", "status": "0", "success": "True", "message": "Optimization terminated successfully.", "x": "[ 1.93749621  2.89841687 -2.04350415 -1.44386612  1.67356383  2.17506343]", "nit": "38", "callback": [0.7998830467128877, 0.666227343680918, 0.40672343369828556]}, "6": {"maxiter": 100, "gtol": 1e-10, "xrtol": 1e-10, "eps": 1e-05, "duration": 0.14210200309753418, "fun": "0.36790988712686157", "jac": "[ 2.04580797e-07  4.75997020e-07 -2.53774779e-07  1.56652469e-07\n -5.02486941e-08  5.70221648e-07]", "hess_inv": "[[ 3.91816205e+00  2.25693163e-01 -2.38121189e-02 -8.73654273e-01\n  -2.04568983e-01 -2.95395410e-01]\n [ 2.25693163e-01  4.00850900e+00  9.00034870e-01 -4.25783370e-01\n  -4.40039471e-03 -9.53459971e-01]\n [-2.38121189e-02  9.00034870e-01  4.64097184e+00  7.58391809e-01\n  -6.03770026e-01  1.96922003e+00]\n [-8.73654273e-01 -4.25783370e-01  7.58391809e-01  3.76268670e+00\n  -6.25738452e-02  2.77933434e-01]\n [-2.04568983e-01 -4.40039471e-03 -6.03770026e-01 -6.25738452e-02\n   3.45431768e+00 -7.99830926e-01]\n [-2.95395410e-01 -9.53459971e-01  1.96922003e+00  2.77933434e-01\n  -7.99830926e-01  4.83572843e+00]]", "nfev": "635", "njev": "89", "status": "2", "success": "False", "message": "Desired error not necessarily achieved due to precision loss.", "x": "[ 1.93749209  2.8984012  -2.0435146  -1.44386107  1.673563    2.1750599 ]", "nit": "40", "callback": [0.7998656216024147, 0.6682560433286417, 0.523481045362377, 0.36790988712686157]}, "7": {"maxiter": 100, "gtol": 1e-10, "xrtol": 1e-10, "eps": 1e-10, "duration": 0.11584305763244629, "fun": "0.3679098871093479", "jac": "[ 1.11022293e-06  1.11022293e-06  1.11022293e-06  2.22044587e-06\n -2.22044587e-06 -1.11022293e-06]", "hess_inv": "[[ 3.84833514  3.63895945 -2.13952777  0.53744209  0.28968285  2.48663788]\n [ 3.63895945  3.56339103 -2.06070304  0.51063112  0.10958114  2.50850619]\n [-2.13952777 -2.06070304  1.2053085  -0.29485909 -0.12121958 -1.43115162]\n [ 0.53744209  0.51063112 -0.29485909  0.08350572  0.01941889  0.35272726]\n [ 0.28968285  0.10958114 -0.12121958  0.01941889  0.28750945 -0.03508962]\n [ 2.48663788  2.50850619 -1.43115162  0.35272726 -0.03508962  1.81806501]]", "nfev": "518", "njev": "74", "status": "0", "success": "True", "message": "Optimization terminated successfully.", "x": "[ 1.93749693  2.89840433 -2.04349974 -1.44385335  1.67356392  2.175069  ]", "nit": "49", "callback": [0.7998830467128877, 0.666227343680918, 0.40672343369828556, 0.3679098871168711]}, "8": {"maxiter": 500, "gtol": 1e-05, "xrtol": 1e-05, "eps": 1e-05, "duration": 0.08989524841308594, "fun": "0.36790988730424334", "jac": "[-4.83535434e-07 -3.87666566e-06  2.22253327e-06 -5.29372102e-06\n  1.85100824e-06 -5.32099920e-06]", "hess_inv": "[[ 3.90362067  0.20890004 -0.01772504 -0.85127781 -0.20331025 -0.30659526]\n [ 0.20890004  4.02070312  0.96576464 -0.31398938 -0.04021855 -0.8621644 ]\n [-0.01772504  0.96576464  4.7084705   0.85940066 -0.66794231  2.13275458]\n [-0.85127781 -0.31398938  0.85940066  3.89974491 -0.15882823  0.53473137]\n [-0.20331025 -0.04021855 -0.66794231 -0.15882823  3.49737908 -0.91683246]\n [-0.30659526 -0.8621644   2.13275458  0.53473137 -0.91683246  5.13992327]]", "nfev": "399", "njev": "57", "status": "0", "success": "True", "message": "Optimization terminated successfully.", "x": "[ 1.93749447  2.89839376 -2.04352389 -1.443879    1.67357329  2.17503761]", "nit": "39", "callback": [0.7998656216024147, 0.6682560433286417, 0.523481045362377]}, "9": {"maxiter": 500, "gtol": 1e-05, "xrtol": 1e-05, "eps": 1e-10, "duration": 0.09324407577514648, "fun": "0.36790988714301776", "jac": "[ 1.11022293e-06 -1.11022293e-06  0.00000000e+00  3.33066880e-06\n  1.11022293e-06 -3.33066880e-06]", "hess_inv": "[[ 4.28432672  0.38295761 -0.31045545 -1.11248979 -0.13706507 -0.67937775]\n [ 0.38295761  3.94362675  0.85372798 -0.4532635  -0.13699865 -0.94388099]\n [-0.31045545  0.85372798  5.09178162  0.9887502  -0.79073843  2.41858502]\n [-1.11248979 -0.4532635   0.9887502   3.98900605  0.03362437  0.33563446]\n [-0.13706507 -0.13699865 -0.79073843  0.03362437  3.43791971 -1.02718513]\n [-0.67937775 -0.94388099  2.41858502  0.33563446 -1.02718513  5.11000195]]", "nfev": "413", "njev": "59", "status": "0", "success": "True", "message": "Optimization terminated successfully.", "x": "[ 1.93749855  2.89841493 -2.04351024 -1.44385582  1.67357055  2.1750483 ]", "nit": "37", "callback": [0.7998830467128877, 0.666227343680918, 0.40672343369828556]}, "10": {"maxiter": 500, "gtol": 1e-05, "xrtol": 1e-10, "eps": 1e-05, "duration": 0.09324812889099121, "fun": "0.36790988730424334", "jac": "[-4.83535434e-07 -3.87666566e-06  2.22253327e-06 -5.29372102e-06\n  1.85100824e-06 -5.32099920e-06]", "hess_inv": "[[ 3.90362067  0.20890004 -0.01772504 -0.85127781 -0.20331025 -0.30659526]\n [ 0.20890004  4.02070312  0.96576464 -0.31398938 -0.04021855 -0.8621644 ]\n [-0.01772504  0.96576464  4.7084705   0.85940066 -0.66794231  2.13275458]\n [-0.85127781 -0.31398938  0.85940066  3.89974491 -0.15882823  0.53473137]\n [-0.20331025 -0.04021855 -0.66794231 -0.15882823  3.49737908 -0.91683246]\n [-0.30659526 -0.8621644   2.13275458  0.53473137 -0.91683246  5.13992327]]", "nfev": "399", "njev": "57", "status": "0", "success": "True", "message": "Optimization terminated successfully.", "x": "[ 1.93749447  2.89839376 -2.04352389 -1.443879    1.67357329  2.17503761]", "nit": "39", "callback": [0.7998656216024147, 0.6682560433286417, 0.523481045362377]}, "11": {"maxiter": 500, "gtol": 1e-05, "xrtol": 1e-10, "eps": 1e-10, "duration": 0.09334182739257812, "fun": "0.36790988714301776", "jac": "[ 1.11022293e-06 -1.11022293e-06  0.00000000e+00  3.33066880e-06\n  1.11022293e-06 -3.33066880e-06]", "hess_inv": "[[ 4.28432672  0.38295761 -0.31045545 -1.11248979 -0.13706507 -0.67937775]\n [ 0.38295761  3.94362675  0.85372798 -0.4532635  -0.13699865 -0.94388099]\n [-0.31045545  0.85372798  5.09178162  0.9887502  -0.79073843  2.41858502]\n [-1.11248979 -0.4532635   0.9887502   3.98900605  0.03362437  0.33563446]\n [-0.13706507 -0.13699865 -0.79073843  0.03362437  3.43791971 -1.02718513]\n [-0.67937775 -0.94388099  2.41858502  0.33563446 -1.02718513  5.11000195]]", "nfev": "413", "njev": "59", "status": "0", "success": "True", "message": "Optimization terminated successfully.", "x": "[ 1.93749855  2.89841493 -2.04351024 -1.44385582  1.67357055  2.1750483 ]", "nit": "37", "callback": [0.7998830467128877, 0.666227343680918, 0.40672343369828556]}, "12": {"maxiter": 500, "gtol": 1e-10, "xrtol": 1e-05, "eps": 1e-05, "duration": 0.09285616874694824, "fun": "0.36790988712686157", "jac": "[ 2.04580797e-07  4.75997020e-07 -2.53774779e-07  1.56652469e-07\n -5.02486941e-08  5.70221648e-07]", "hess_inv": "[[ 3.90438480e+00  2.38550270e-01  9.02165706e-04 -8.17806412e-01\n  -2.32354249e-01 -2.41889497e-01]\n [ 2.38550270e-01  4.06323685e+00  9.41168747e-01 -3.71936744e-01\n  -4.85985116e-02 -8.36597491e-01]\n [ 9.02165706e-04  9.41168747e-01  4.65840289e+00  7.60158159e-01\n  -6.21397591e-01  2.03371253e+00]\n [-8.17806412e-01 -3.71936744e-01  7.60158159e-01  3.70457716e+00\n  -6.13088982e-02  3.25918781e-01]\n [-2.32354249e-01 -4.85985116e-02 -6.21397591e-01 -6.13088982e-02\n   3.47198426e+00 -8.67220286e-01]\n [-2.41889497e-01 -8.36597491e-01  2.03371253e+00  3.25918781e-01\n  -8.67220286e-01  5.04486592e+00]]", "nfev": "406", "njev": "58", "status": "0", "success": "True", "message": "Optimization terminated successfully.", "x": "[ 1.93749209  2.8984012  -2.0435146  -1.44386107  1.673563    2.1750599 ]", "nit": "40", "callback": [0.7998656216024147, 0.6682560433286417, 0.523481045362377, 0.36790988712686157]}, "13": {"maxiter": 500, "gtol": 1e-10, "xrtol": 1e-05, "eps": 1e-10, "duration": 0.09752702713012695, "fun": "0.3679098871326463", "jac": "[ 0.00000000e+00  3.33066880e-06  0.00000000e+00 -1.11022293e-06\n  0.00000000e+00  0.00000000e+00]", "hess_inv": "[[ 4.28300609  0.37110269 -0.29475412 -1.15442891 -0.1727133  -0.61113843]\n [ 0.37110269  3.99232463  0.8477804  -0.39696496 -0.07536112 -1.04650082]\n [-0.29475412  0.8477804   5.0442118   1.07754171 -0.72831887  2.28454431]\n [-1.15442891 -0.39696496  1.07754171  3.86458919 -0.03367306  0.5073383 ]\n [-0.1727133  -0.07536112 -0.72831887 -0.03367306  3.41463006 -0.94478914]\n [-0.61113843 -1.04650082  2.28454431  0.5073383  -0.94478914  4.8814139 ]]", "nfev": "420", "njev": "60", "status": "0", "success": "True", "message": "Optimization terminated successfully.", "x": "[ 1.93749621  2.89841687 -2.04350415 -1.44386612  1.67356383  2.17506343]", "nit": "38", "callback": [0.7998830467128877, 0.666227343680918, 0.40672343369828556]}, "14": {"maxiter": 500, "gtol": 1e-10, "xrtol": 1e-10, "eps": 1e-05, "duration": 0.1412029266357422, "fun": "0.36790988712686157", "jac": "[ 2.04580797e-07  4.75997020e-07 -2.53774779e-07  1.56652469e-07\n -5.02486941e-08  5.70221648e-07]", "hess_inv": "[[ 3.91816205e+00  2.25693163e-01 -2.38121189e-02 -8.73654273e-01\n  -2.04568983e-01 -2.95395410e-01]\n [ 2.25693163e-01  4.00850900e+00  9.00034870e-01 -4.25783370e-01\n  -4.40039471e-03 -9.53459971e-01]\n [-2.38121189e-02  9.00034870e-01  4.64097184e+00  7.58391809e-01\n  -6.03770026e-01  1.96922003e+00]\n [-8.73654273e-01 -4.25783370e-01  7.58391809e-01  3.76268670e+00\n  -6.25738452e-02  2.77933434e-01]\n [-2.04568983e-01 -4.40039471e-03 -6.03770026e-01 -6.25738452e-02\n   3.45431768e+00 -7.99830926e-01]\n [-2.95395410e-01 -9.53459971e-01  1.96922003e+00  2.77933434e-01\n  -7.99830926e-01  4.83572843e+00]]", "nfev": "635", "njev": "89", "status": "2", "success": "False", "message": "Desired error not necessarily achieved due to precision loss.", "x": "[ 1.93749209  2.8984012  -2.0435146  -1.44386107  1.673563    2.1750599 ]", "nit": "40", "callback": [0.7998656216024147, 0.6682560433286417, 0.523481045362377, 0.36790988712686157]}, "15": {"maxiter": 500, "gtol": 1e-10, "xrtol": 1e-10, "eps": 1e-10, "duration": 0.11755609512329102, "fun": "0.3679098871093479", "jac": "[ 1.11022293e-06  1.11022293e-06  1.11022293e-06  2.22044587e-06\n -2.22044587e-06 -1.11022293e-06]", "hess_inv": "[[ 3.84833514  3.63895945 -2.13952777  0.53744209  0.28968285  2.48663788]\n [ 3.63895945  3.56339103 -2.06070304  0.51063112  0.10958114  2.5085