{"date": "2024/09/24/, 01:37:44", "conf_id": 188, "data_type": "non_lin_ind\n", "num_data_points": 2, "s_rank": 0, "unitary": "[[-0.53618537-0.34368723j,-0.12107031-0.46226139j,-0.07699282-0.46603512j,0.36022595-0.11472301j],[0.26026499-0.63450712j,-0.56616638+0.37832564j,-0.14988651+0.08458591j,0.10363514-0.16008501j],[-0.32580188-0.11070003j,-0.36476308-0.23593218j,0.02559343+0.41761608j,-0.25598305+0.6725303j],[0.07406738-0.0126433j,0.28513701+0.19483972j,-0.74939717-0.10299659j,0.29798249+0.46269921j]]", "databatch_0": {"databatch": "[[[-0.08974673+2.49901891e-03j,-0.32171975-3.53957189e-01j,0.02207759+1.20062000e-01j,-0.04967743+1.91185549e-01j],[0.14407764+1.09748726e-01j,0.25017043+3.59967851e-01j,0.06546672-9.96023487e-02j,0.12360124-7.57328247e-02j],[0.1462915+6.58001668e-02j,0.39578356-1.49850515e-01j,0.00594455-1.90553531e-02j,-0.03422292+2.48895081e-02j],[-0.16566024+1.06181016e-01j,-0.02913719+4.44155147e-01j,-0.00227987+2.97128206e-02j,-0.04406628-4.85102401e-02j]],[[0.11683575-3.97468912e-01j,0.00660373-1.40489807e-01j,-0.12650375-1.19502203e-01j,-0.32982224-3.64625916e-01j],[-0.20365179+1.34637214e-01j,-0.08827685+7.57539915e-02j,-0.05598127+1.54713229e-01j,-0.12505503+3.19894526e-01j],[0.16224602-8.85306640e-02j,0.00105878-1.17594961e-02j,-0.09319049+1.92198115e-02j,-0.18869566-1.40743826e-01j],[0.07887217+2.25299861e-01j,0.03752232-3.76192263e-06j,0.04689202-1.44162863e-01j,0.30932519-2.06329450e-01j]]]", "initial param values": "[3.83115756,4.61982241,5.38025083,2.46194818,5.53329866,4.32265477]", "nelder_mead": {"type": "gradient-free", "0": {"maxiter": 100, "fatol": 1e-05, "xatol": 1e-05, "duration": 0.03654313087463379, "fun": "0.07666334398250485", "nit": "100", "nfev": "156", "status": "2", "success": "False", "message": "Maximum number of iterations has been exceeded.", "x": "[4.39021754 5.99804515 6.43560186 0.7363782  5.7935009  5.25151105]", "final_simplex": "(array([[4.39021754, 5.99804515, 6.43560186, 0.7363782 , 5.7935009 ,\n        5.25151105],\n       [4.3764167 , 5.96718878, 6.43433588, 0.79693025, 5.79804111,\n        5.24622501],\n       [4.38388177, 5.99590929, 6.42861115, 0.78638247, 5.82258037,\n        5.23200102],\n       [4.38223036, 5.94938841, 6.41693758, 0.78704604, 5.82571525,\n        5.24040256],\n       [4.33838889, 5.99814195, 6.42881025, 0.74670672, 5.79854363,\n        5.26436775],\n       [4.42234139, 5.96255467, 6.41776368, 0.78132319, 5.79419789,\n        5.25286984],\n       [4.39069225, 5.97343908, 6.47706335, 0.76157855, 5.76159515,\n        5.2740877 ]]), array([0.07666334, 0.07703026, 0.0770392 , 0.07708549, 0.07729998,\n       0.07734537, 0.07745752]))", "callback": [0.27611194078525136, 0.17861025394461538, 0.13896561791136453, 0.10589941417520532, 0.08912513589214488, 0.0855497893327587, 0.08006880486941836, 0.07849566592003498, 0.07755392274726713]}, "1": {"maxiter": 100, "fatol": 1e-05, "xatol": 1e-10, "duration": 0.0351109504699707, "fun": "0.07666334398250485", "nit": "100", "nfev": "156", "status": "2", "success": "False", "message": "Maximum number of iterations has been exceeded.", "x": "[4.39021754 5.99804515 6.43560186 0.7363782  5.7935009  5.25151105]", "final_simplex": "(array([[4.39021754, 5.99804515, 6.43560186, 0.7363782 , 5.7935009 ,\n        5.25151105],\n       [4.3764167 , 5.96718878, 6.43433588, 0.79693025, 5.79804111,\n        5.24622501],\n       [4.38388177, 5.99590929, 6.42861115, 0.78638247, 5.82258037,\n        5.23200102],\n       [4.38223036, 5.94938841, 6.41693758, 0.78704604, 5.82571525,\n        5.24040256],\n       [4.33838889, 5.99814195, 6.42881025, 0.74670672, 5.79854363,\n        5.26436775],\n       [4.42234139, 5.96255467, 6.41776368, 0.78132319, 5.79419789,\n        5.25286984],\n       [4.39069225, 5.97343908, 6.47706335, 0.76157855, 5.76159515,\n        5.2740877 ]]), array([0.07666334, 0.07703026, 0.0770392 , 0.07708549, 0.07729998,\n       0.07734537, 0.07745752]))", "callback": [0.27611194078525136, 0.17861025394461538, 0.13896561791136453, 0.10589941417520532, 0.08912513589214488, 0.0855497893327587, 0.08006880486941836, 0.07849566592003498, 0.07755392274726713]}, "2": {"maxiter": 100, "fatol": 1e-10, "xatol": 1e-05, "duration": 0.03495931625366211, "fun": "0.07666334398250485", "nit": "100", "nfev": "156", "status": "2", "success": "False", "message": "Maximum number of iterations has been exceeded.", "x": "[4.39021754 5.99804515 6.43560186 0.7363782  5.7935009  5.25151105]", "final_simplex": "(array([[4.39021754, 5.99804515, 6.43560186, 0.7363782 , 5.7935009 ,\n        5.25151105],\n       [4.3764167 , 5.96718878, 6.43433588, 0.79693025, 5.79804111,\n        5.24622501],\n       [4.38388177, 5.99590929, 6.42861115, 0.78638247, 5.82258037,\n        5.23200102],\n       [4.38223036, 5.94938841, 6.41693758, 0.78704604, 5.82571525,\n        5.24040256],\n       [4.33838889, 5.99814195, 6.42881025, 0.74670672, 5.79854363,\n        5.26436775],\n       [4.42234139, 5.96255467, 6.41776368, 0.78132319, 5.79419789,\n        5.25286984],\n       [4.39069225, 5.97343908, 6.47706335, 0.76157855, 5.76159515,\n        5.2740877 ]]), array([0.07666334, 0.07703026, 0.0770392 , 0.07708549, 0.07729998,\n       0.07734537, 0.07745752]))", "callback": [0.27611194078525136, 0.17861025394461538, 0.13896561791136453, 0.10589941417520532, 0.08912513589214488, 0.0855497893327587, 0.08006880486941836, 0.07849566592003498, 0.07755392274726713]}, "3": {"maxiter": 100, "fatol": 1e-10, "xatol": 1e-10, "duration": 0.03478384017944336, "fun": "0.07666334398250485", "nit": "100", "nfev": "156", "status": "2", "success": "False", "message": "Maximum number of iterations has been exceeded.", "x": "[4.39021754 5.99804515 6.43560186 0.7363782  5.7935009  5.25151105]", "final_simplex": "(array([[4.39021754, 5.99804515, 6.43560186, 0.7363782 , 5.7935009 ,\n        5.25151105],\n       [4.3764167 , 5.96718878, 6.43433588, 0.79693025, 5.79804111,\n        5.24622501],\n       [4.38388177, 5.99590929, 6.42861115, 0.78638247, 5.82258037,\n        5.23200102],\n       [4.38223036, 5.94938841, 6.41693758, 0.78704604, 5.82571525,\n        5.24040256],\n       [4.33838889, 5.99814195, 6.42881025, 0.74670672, 5.79854363,\n        5.26436775],\n       [4.42234139, 5.96255467, 6.41776368, 0.78132319, 5.79419789,\n        5.25286984],\n       [4.39069225, 5.97343908, 6.47706335, 0.76157855, 5.76159515,\n        5.2740877 ]]), array([0.07666334, 0.07703026, 0.0770392 , 0.07708549, 0.07729998,\n       0.07734537, 0.07745752]))", "callback": [0.27611194078525136, 0.17861025394461538, 0.13896561791136453, 0.10589941417520532, 0.08912513589214488, 0.0855497893327587, 0.08006880486941836, 0.07849566592003498, 0.07755392274726713]}, "4": {"maxiter": 500, "fatol": 1e-05, "xatol": 1e-05, "duration": 0.11905097961425781, "fun": "0.07346743214217555", "nit": "337", "nfev": "531", "status": "0", "success": "True", "message": "Optimization terminated successfully.", "x": "[4.43192614 5.99490852 6.27287955 0.73461725 6.06692345 4.9872982 ]", "final_simplex": "(array([[4.43192614, 5.99490852, 6.27287955, 0.73461725, 6.06692345,\n        4.9872982 ],\n       [4.43192622, 5.99490644, 6.27288268, 0.73461645, 6.06691816,\n        4.98730194],\n       [4.43192437, 5.99490697, 6.27288428, 0.73461772, 6.06691532,\n        4.98730593],\n       [4.43192558, 5.99490665, 6.27288437, 0.73461661, 6.06691362,\n        4.98730416],\n       [4.43192814, 5.9949083 , 6.2728834 , 0.73461869, 6.06692073,\n        4.98729752],\n       [4.43192371, 5.99490674, 6.27288411, 0.73461764, 6.06691496,\n        4.987304  ],\n       [4.43192642, 5.99490649, 6.27287755, 0.73462039, 6.06692352,\n        4.98730022]]), array([0.07346743, 0.07346743, 0.07346743, 0.07346743, 0.07346743,\n       0.07346743, 0.07346743]))", "callback": [0.27611194078525136, 0.17861025394461538, 0.13896561791136453, 0.10589941417520532, 0.08912513589214488, 0.0855497893327587, 0.08006880486941836, 0.07849566592003498, 0.07755392274726713, 0.07666334398250485, 0.07597300299160437, 0.07569694134886107, 0.07517741454468585, 0.07479023781250749, 0.07396238870117844, 0.07373856621851527, 0.07362105516880779, 0.07352511942515316, 0.07347885574501456, 0.0734717535497571, 0.07346861979851305, 0.07346802754129933, 0.07346759919667334, 0.07346759919667334, 0.07346752800403933, 0.07346747269550824, 0.07346743905325348, 0.07346743524844679, 0.07346743273673195, 0.07346743233037689, 0.07346743215336837, 0.07346743215310325, 0.07346743214313145]}, "5": {"maxiter": 500, "fatol": 1e-05, "xatol": 1e-10, "duration": 0.17087388038635254, "fun": "0.07346743214069218", "nit": "444", "nfev": "772", "status": "0", "success": "True", "message": "Optimization terminated successfully.", "x": "[4.43192725 5.9949083  6.27288315 0.73461771 6.0669182  4.98730222]", "final_simplex": "(array([[4.43192725, 5.9949083 , 6.27288315, 0.73461771, 6.0669182 ,\n        4.98730222],\n       [4.43192725, 5.9949083 , 6.27288315, 0.73461771, 6.0669182 ,\n        4.98730222],\n       [4.43192725, 5.9949083 , 6.27288315, 0.73461771, 6.0669182 ,\n        4.98730222],\n       [4.43192725, 5.9949083 , 6.27288315, 0.73461771, 6.0669182 ,\n        4.98730222],\n       [4.43192725, 5.9949083 , 6.27288315, 0.73461771, 6.0669182 ,\n        4.98730222],\n       [4.43192725, 5.9949083 , 6.27288315, 0.73461771, 6.0669182 ,\n        4.98730222],\n       [4.43192725, 5.9949083 , 6.27288315, 0.73461771, 6.0669182 ,\n        4.98730222]]), array([0.07346743, 0.07346743, 0.07346743, 0.07346743, 0.07346743,\n       0.07346743, 0.07346743]))", "callback": [0.27611194078525136, 0.17861025394461538, 0.13896561791136453, 0.10589941417520532, 0.08912513589214488, 0.0855497893327587, 0.08006880486941836, 0.07849566592003498, 0.07755392274726713, 0.07666334398250485, 0.07597300299160437, 0.07569694134886107, 0.07517741454468585, 0.07479023781250749, 0.07396238870117844, 0.07373856621851527, 0.07362105516880779, 0.07352511942515316, 0.07347885574501456, 0.0734717535497571, 0.07346861979851305, 0.07346802754129933, 0.07346759919667334, 0.07346759919667334, 0.07346752800403933, 0.07346747269550824, 0.07346743905325348, 0.07346743524844679, 0.07346743273673195, 0.07346743233037689, 0.07346743215336837, 0.07346743215310325, 0.07346743214313145, 0.07346743214137286, 0.07346743214094631, 0.07346743214076445, 0.07346743214070361, 0.07346743214069706, 0.07346743214069384, 0.07346743214069285, 0.0734674321406924, 0.07346743214069218, 0.07346743214069218, 0.07346743214069218]}, "6": {"maxiter": 500, "fatol": 1e-10, "xatol": 1e-05, "duration": 0.11779904365539551, "fun": "0.07346743214217555", "nit": "337", "nfev": "531", "status": "0", "success": "True", "message": "Optimization terminated successfully.", "x": "[4.43192614 5.99490852 6.27287955 0.73461725 6.06692345 4.9872982 ]", "final_simplex": "(array([[4.43192614, 5.99490852, 6.27287955, 0.73461725, 6.06692345,\n        4.9872982 ],\n       [4.43192622, 5.99490644, 6.27288268, 0.73461645, 6.06691816,\n        4.98730194],\n       [4.43192437, 5.99490697, 6.27288428, 0.73461772, 6.06691532,\n        4.98730593],\n       [4.43192558, 5.99490665, 6.27288437, 0.73461661, 6.06691362,\n        4.98730416],\n       [4.43192814, 5.9949083 , 6.2728834 , 0.73461869, 6.06692073,\n        4.98729752],\n       [4.43192371, 5.99490674, 6.27288411, 0.73461764, 6.06691496,\n        4.987304  ],\n       [4.43192642, 5.99490649, 6.27287755, 0.73462039, 6.06692352,\n        4.98730022]]), array([0.07346743, 0.07346743, 0.07346743, 0.07346743, 0.07346743,\n       0.07346743, 0.07346743]))", "callback": [0.27611194078525136, 0.17861025394461538, 0.13896561791136453, 0.10589941417520532, 0.08912513589214488, 0.0855497893327587, 0.08006880486941836, 0.07849566592003498, 0.07755392274726713, 0.07666334398250485, 0.07597300299160437, 0.07569694134886107, 0.07517741454468585, 0.07479023781250749, 0.07396238870117844, 0.07373856621851527, 0.07362105516880779, 0.07352511942515316, 0.07347885574501456, 0.0734717535497571, 0.07346861979851305, 0.07346802754129933, 0.07346759919667334, 0.07346759919667334, 0.07346752800403933, 0.07346747269550824, 0.07346743905325348, 0.07346743524844679, 0.07346743273673195, 0.07346743233037689, 0.07346743215336837, 0.07346743215310325, 0.07346743214313145]}, "7": {"maxiter": 500, "fatol": 1e-10, "xatol": 1e-10, "duration": 0.18323802947998047, "fun": "0.07346743214069218", "nit": "444", "nfev": "772", "status": "0", "success": "True", "message": "Optimization terminated successfully.", "x": "[4.43192725 5.9949083  6.27288315 0.73461771 6.0669182  4.98730222]", "final_simplex": "(array([[4.43192725, 5.9949083 , 6.27288315, 0.73461771, 6.0669182 ,\n        4.98730222],\n       [4.43192725, 5.9949083 , 6.27288315, 0.73461771, 6.0669182 ,\n        4.98730222],\n       [4.43192725, 5.9949083 , 6.27288315, 0.73461771, 6.0669182 ,\n        4.98730222],\n       [4.43192725, 5.9949083 , 6.27288315, 0.73461771, 6.0669182 ,\n        4.98730222],\n       [4.43192725, 5.9949083 , 6.27288315, 0.73461771, 6.0669182 ,\n        4.98730222],\n       [4.43192725, 5.9949083 , 6.27288315, 0.73461771, 6.0669182 ,\n        4.98730222],\n       [4.43192725, 5.9949083 , 6.27288315, 0.73461771, 6.0669182 ,\n        4.98730222]]), array([0.07346743, 0.07346743, 0.07346743, 0.07346743, 0.07346743,\n       0.07346743, 0.07346743]))", "callback": [0.27611194078525136, 0.17861025394461538, 0.13896561791136453, 0.10589941417520532, 0.08912513589214488, 0.0855497893327587, 0.08006880486941836, 0.07849566592003498, 0.07755392274726713, 0.07666334398250485, 0.07597300299160437, 0.07569694134886107, 0.07517741454468585, 0.07479023781250749, 0.07396238870117844, 0.07373856621851527, 0.07362105516880779, 0.07352511942515316, 0.07347885574501456, 0.0734717535497571, 0.07346861979851305, 0.07346802754129933, 0.07346759919667334, 0.07346759919667334, 0.07346752800403933, 0.07346747269550824, 0.07346743905325348, 0.07346743524844679, 0.07346743273673195, 0.07346743233037689, 0.07346743215336837, 0.07346743215310325, 0.07346743214313145, 0.07346743214137286, 0.07346743214094631, 0.07346743214076445, 0.07346743214070361, 0.07346743214069706, 0.07346743214069384, 0.07346743214069285, 0.0734674321406924, 0.07346743214069218, 0.07346743214069218, 0.07346743214069218]}, "8": {"maxiter": 1000, "fatol": 1e-05, "xatol": 1e-05, "duration": 0.1244969367980957, "fun": "0.07346743214217555", "nit": "337", "nfev": "531", "status": "0", "success": "True", "message": "Optimization terminated successfully.", "x": "[4.43192614 5.99490852 6.27287955 0.73461725 6.06692345 4.9872982 ]", "final_simplex": "(array([[4.43192614, 5.99490852, 6.27287955, 0.73461725, 6.06692345,\n        4.9872982 ],\n       [4.43192622, 5.99490644, 6.27288268, 0.73461645, 6.06691816,\n        4.98730194],\n       [4.43192437, 5.99490697, 6.27288428, 0.73461772, 6.06691532,\n        4.98730593],\n       [4.43192558, 5.99490665, 6.27288437, 0.73461661, 6.06691362,\n        4.98730416],\n       [4.43192814, 5.9949083 , 6.2728834 , 0.73461869, 6.06692073,\n        4.98729752],\n       [4.43192371, 5.99490674, 6.27288411, 0.73461764, 6.06691496,\n        4.987304  ],\n       [4.43192642, 5.99490649, 6.27287755, 0.73462039, 6.06692352,\n        4.98730022]]), array([0.07346743, 0.07346743, 0.07346743, 0.07346743, 0.07346743,\n       0.07346743, 0.07346743]))", "callback": [0.27611194078525136, 0.17861025394461538, 0.13896561791136453, 0.10589941417520532, 0.08912513589214488, 0.0855497893327587, 0.08006880486941836, 0.07849566592003498, 0.07755392274726713, 0.07666334398250485, 0.07597300299160437, 0.07569694134886107, 0.07517741454468585, 0.07479023781250749, 0.07396238870117844, 0.07373856621851527, 0.07362105516880779, 0.07352511942515316, 0.07347885574501456, 0.0734717535497571, 0.07346861979851305, 0.07346802754129933, 0.07346759919667334, 0.07346759919667334, 0.07346752800403933, 0.07346747269550824, 0.07346743905325348, 0.07346743524844679, 0.07346743273673195, 0.07346743233037689, 0.07346743215336837, 0.07346743215310325, 0.07346743214313145]}, "9": {"maxiter": 1000, "fatol": 1e-05, "xatol": 1e-10, "duration": 0.17575502395629883, "fun": "0.07346743214069218", "nit": "444", "nfev": "772", "status": "0", "success": "True", "message": "Optimization terminated successfully.", "x": "[4.43192725 5.9949083  6.27288315 0.73461771 6.0669182  4.98730222]", "final_simplex": "(array([[4.43192725, 5.9949083 , 6.27288315, 0.73461771, 6.0669182 ,\n        4.98730222],\n       [4.43192725, 5.9949083 , 6.27288315, 0.73461771, 6.0669182 ,\n        4.98730222],\n       [4.43192725, 5.9949083 , 6.27288315, 0.73461771, 6.0669182 ,\n        4.98730222],\n       [4.43192725, 5.9949083 , 6.27288315, 0.73461771, 6.0669182 ,\n        4.98730222],\n       [4.43192725, 5.9949083 , 6.27288315, 0.73461771, 6.0669182 ,\n        4.98730222],\n       [4.43192725, 5.9949083 , 6.27288315, 0.73461771, 6.0669182 ,\n        4.98730222],\n       [4.43192725, 5.9949083 , 6.27288315, 0.73461771, 6.0669182 ,\n        4.98730222]]), array([0.07346743, 0.07346743, 0.07346743, 0.07346743, 0.07346743,\n       0.07346743, 0.07346743]))", "callback": [0.27611194078525136, 0.17861025394461538, 0.13896561791136453, 0.10589941417520532, 0.08912513589214488, 0.0855497893327587, 0.08006880486941836, 0.07849566592003498, 0.07755392274726713, 0.07666334398250485, 0.07597300299160437, 0.07569694134886107, 0.07517741454468585, 0.07479023781250749, 0.07396238870117844, 0.07373856621851527, 0.07362105516880779, 0.07352511942515316, 0.07347885574501456, 0.0734717535497571, 0.07346861979851305, 0.07346802754129933, 0.07346759919667334, 0.07346759919667334, 0.07346752800403933, 0.07346747269550824, 0.07346743905325348, 0.07346743524844679, 0.07346743273673195, 0.07346743233037689, 0.07346743215336837, 0.07346743215310325, 0.07346743214313145, 0.07346743214137286, 0.07346743214094631, 0.07346743214076445, 0.07346743214070361, 0.07346743214069706, 0.07346743214069384, 0.07346743214069285, 0.0734674321406924, 0.07346743214069218, 0.07346743214069218, 0.07346743214069218]}, "10": {"maxiter": 1000, "fatol": 1e-10, "xatol": 1e-05, "duration": 0.12314081192016602, "fun": "0.07346743214217555", "nit": "337", "nfev": "531", "status": "0", "success": "True", "message": "Optimization terminated successfully.", "x": "[4.43192614 5.99490852 6.27287955 0.73461725 6.06692345 4.9872982 ]", "final_simplex": "(array([[4.43192614, 5.99490852, 6.27287955, 0.73461725, 6.06692345,\n        4.9872982 ],\n       [4.43192622, 5.99490644, 6.27288268, 0.73461645, 6.06691816,\n        4.98730194],\n       [4.43192437, 5.99490697, 6.27288428, 0.73461772, 6.06691532,\n        4.98730593],\n       [4.43192558, 5.99490665, 6.27288437, 0.73461661, 6.06691362,\n        4.98730416],\n       [4.43192814, 5.9949083 , 6.2728834 , 0.73461869, 6.06692073,\n        4.98729752],\n       [4.43192371, 5.99490674, 6.27288411, 0.73461764, 6.06691496,\n        4.987304  ],\n       [4.43192642, 5.99490649, 6.27287755, 0.73462039, 6.06692352,\n        4.98730022]]), array([0.07346743, 0.07346743, 0.07346743, 0.07346743, 0.07346743,\n       0.07346743, 0.07346743]))", "callback": [0.27611194078525136, 0.17861025394461538, 0.13896561791136453, 0.10589941417520532, 0.08912513589214488, 0.0855497893327587, 0.08006880486941836, 0.07849566592003498, 0.07755392274726713, 0.07666334398250485, 0.07597300299160437, 0.07569694134886107, 0.07517741454468585, 0.07479023781250749, 0.07396238870117844, 0.07373856621851527, 0.07362105516880779, 0.07352511942515316, 0.07347885574501456, 0.0734717535497571, 0.07346861979851305, 0.07346802754129933, 0.07346759919667334, 0.07346759919667334, 0.07346752800403933, 0.07346747269550824, 0.07346743905325348, 0.07346743524844679, 0.07346743273673195, 0.07346743233037689, 0.07346743215336837, 0.07346743215310325, 0.07346743214313145]}, "11": {"maxiter": 1000, "fatol": 1e-10, "xatol": 1e-10, "duration": 0.19759106636047363, "fun": "0.07346743214069218", "nit": "444", "nfev": "772", "status": "0", "success": "True", "message": "Optimization terminated successfully.", "x": "[4.43192725 5.9949083  6.27288315 0.73461771 6.0669182  4.98730222]", "final_simplex": "(array([[4.43192725, 5.9949083 , 6.27288315, 0.73461771, 6.0669182 ,\n        4.98730222],\n       [4.43192725, 5.9949083 , 6.27288315, 0.73461771, 6.0669182 ,\n        4.98730222],\n       [4.43192725, 5.9949083 , 6.27288315, 0.73461771, 6.0669182 ,\n        4.98730222],\n       [4.43192725, 5.9949083 , 6.27288315, 0.73461771, 6.0669182 ,\n        4.98730222],\n       [4.43192725, 5.9949083 , 6.27288315, 0.73461771, 6.0669182 ,\n        4.98730222],\n       [4.43192725, 5.9949083 , 6.27288315, 0.73461771, 6.0669182 ,\n        4.98730222],\n       [4.43192725, 5.9949083 , 6.27288315, 0.73461771, 6.0669182 ,\n        4.98730222]]), array([0.07346743, 0.07346743, 0.07346743, 0.07346743, 0.07346743,\n       0.07346743, 0.07346743]))", "callback": [0.27611194078525136, 0.17861025394461538, 0.13896561791136453, 0.10589941417520532, 0.08912513589214488, 0.0855497893327587, 0.08006880486941836, 0.07849566592003498, 0.07755392274726713, 0.07666334398250485, 0.07597300299160437, 0.07569694134886107, 0.07517741454468585, 0.07479023781250749, 0.07396238870117844, 0.07373856621851527, 0.07362105516880779, 0.07352511942515316, 0.07347885574501456, 0.0734717535497571, 0.07346861979851305, 0.07346802754129933, 0.07346759919667334, 0.07346759919667334, 0.07346752800403933, 0.07346747269550824, 0.07346743905325348, 0.07346743524844679, 0.07346743273673195, 0.07346743233037689, 0.07346743215336837, 0.07346743215310325, 0.07346743214313145, 0.07346743214137286, 0.07346743214094631, 0.07346743214076445, 0.07346743214070361, 0.07346743214069706, 0.07346743214069384, 0.07346743214069285, 0.0734674321406924, 0.07346743214069218, 0.07346743214069218, 0.07346743214069218]}}, "bfgs": {"type": "gradient", "0": {"maxiter": 100, "gtol": 1e-05, "xrtol": 1e-05, "eps": 1e-05, "duration": 0.045165061950683594, "fun": "0.07346743223782093", "jac": "[ 3.28209682e-06 -4.10408374e-06 -3.05533376e-07 -1.11597398e-06\n  1.81574755e-06  4.37015979e-06]", "hess_inv": "[[  3.42026478   0.78585363  -2.14477243   0.30147028   4.34751592\n   -3.47626313]\n [  0.78585363   3.13267429  -0.88667345  -0.75861352   3.38389975\n   -2.01593185]\n [ -2.14477243  -0.88667345  12.37964981  -0.20200041 -16.66403391\n    9.68217966]\n [  0.30147028  -0.75861352  -0.20200041   3.03169111  -0.14864088\n   -0.15025188]\n [  4.34751592   3.38389975 -16.66403391  -0.14864088  29.16548381\n  -17.83965705]\n [ -3.47626313  -2.01593185   9.68217966  -0.15025188 -17.83965705\n   13.22059307]]", "nfev": "182", "njev": "26", "status": "0", "success": "True", "message": "Optimization terminated successfully.", "x": "[4.43192328 5.99488712 6.27289068 0.73461487 6.06688356 4.98733071]", "nit": "24", "callback": [0.07977915681751868, 0.07347580901397566]}, "1": {"maxiter": 100, "gtol": 1e-05, "xrtol": 1e-05, "eps": 1e-10, "duration": 0.04227900505065918, "fun": "0.0734674323046065", "jac": "[-1.11022293e-06 -9.99200639e-06 -3.33066880e-06  0.00000000e+00\n  3.33066880e-06  2.22044587e-06]", "hess_inv": "[[  3.48928171   0.84986321  -2.20700033   0.25754957   4.34846749\n   -3.52228673]\n [  0.84986321   3.17697299  -0.9714528   -0.75988683   3.3689169\n   -2.0493819 ]\n [ -2.20700033  -0.9714528   12.51051731  -0.13175716 -16.96009243\n    9.8775208 ]\n [  0.25754957  -0.75988683  -0.13175716   2.9980183   -0.1010456\n   -0.15377322]\n [  4.34846749   3.3689169  -16.96009243  -0.1010456   29.4304779\n  -18.04656261]\n [ -3.52228673  -2.0493819    9.8775208   -0.15377322 -18.04656261\n   13.3776845 ]]", "nfev": "182", "njev": "26", "status": "0", "success": "True", "message": "Optimization terminated successfully.", "x": "[4.43192393 5.99488336 6.27286687 0.73463076 6.06692448 4.98731042]", "nit": "24", "callback": [0.07977987424645838, 0.07347579389538994]}, "2": {"maxiter": 100, "gtol": 1e-05, "xrtol": 1e-10, "eps": 1e-05, "duration": 0.044651031494140625, "fun": "0.07346743223782093", "jac": "[ 3.28209682e-06 -4.10408374e-06 -3.05533376e-07 -1.11597398e-06\n  1.81574755e-06  4.37015979e-06]", "hess_inv": "[[  3.42026478   0.78585363  -2.14477243   0.30147028   4.34751592\n   -3.47626313]\n [  0.78585363   3.13267429  -0.88667345  -0.75861352   3.38389975\n   -2.01593185]\n [ -2.14477243  -0.88667345  12.37964981  -0.20200041 -16.66403391\n    9.68217966]\n [  0.30147028  -0.75861352  -0.20200041   3.03169111  -0.14864088\n   -0.15025188]\n [  4.34751592   3.38389975 -16.66403391  -0.14864088  29.16548381\n  -17.83965705]\n [ -3.47626313  -2.01593185   9.68217966  -0.15025188 -17.83965705\n   13.22059307]]", "nfev": "182", "njev": "26", "status": "0", "success": "True", "message": "Optimization terminated successfully.", "x": "[4.43192328 5.99488712 6.27289068 0.73461487 6.06688356 4.98733071]", "nit": "24", "callback": [0.07977915681751868, 0.07347580901397566]}, "3": {"maxiter": 100, "gtol": 1e-05, "xrtol": 1e-10, "eps": 1e-10, "duration": 0.043402910232543945, "fun": "0.0734674323046065", "jac": "[-1.11022293e-06 -9.99200639e-06 -3.33066880e-06  0.00000000e+00\n  3.33066880e-06  2.22044587e-06]", "hess_inv": "[[  3.48928171   0.84986321  -2.20700033   0.25754957   4.34846749\n   -3.52228673]\n [  0.84986321   3.17697299  -0.9714528   -0.75988683   3.3689169\n   -2.0493819 ]\n [ -2.20700033  -0.9714528   12.51051731  -0.13175716 -16.96009243\n    9.8775208 ]\n [  0.25754957  -0.75988683  -0.13175716   2.9980183   -0.1010456\n   -0.15377322]\n [  4.34846749   3.3689169  -16.96009243  -0.1010456   29.4304779\n  -18.04656261]\n [ -3.52228673  -2.0493819    9.8775208   -0.15377322 -18.04656261\n   13.3776845 ]]", "nfev": "182", "njev": "26", "status": "0", "success": "True", "message": "Optimization terminated successfully.", "x": "[4.43192393 5.99488336 6.27286687 0.73463076 6.06692448 4.98731042]", "nit": "24", "callback": [0.07977987424645838, 0.07347579389538994]}, "4": {"maxiter": 100, "gtol": 1e-10, "xrtol": 1e-05, "eps": 1e-05, "duration": 0.049375057220458984, "fun": "0.07346743216167761", "jac": "[ 4.11337631e-08 -3.12605497e-07  8.27538038e-07  3.38606920e-07\n  8.08109135e-07  6.48381349e-07]", "hess_inv": "[[  3.41739942   0.65320896  -2.12391357   0.29671127   4.21052134\n   -3.30446651]\n [  0.65320896   3.26376047  -1.25083036  -0.78351738   4.27820111\n   -2.62507703]\n [ -2.12391357  -1.25083036  12.50975686  -0.20878797 -17.20104721\n   10.24698239]\n [  0.29671127  -0.78351738  -0.20878797   3.02987515  -0.15071586\n   -0.13168666]\n [  4.21052134   4.27820111 -17.20104721  -0.15071586  30.96475265\n  -19.50486717]\n [ -3.30446651  -2.62507703  10.24698239  -0.13168666 -19.50486717\n   14.60936936]]", "nfev": "189", "njev": "27", "status": "0", "success": "True", "message": "Optimization terminated successfully.", "x": "[4.43192122 5.99490082 6.27288255 0.73461484 6.06691089 4.98730533]", "nit": "25", "callback": [0.07977915681751868, 0.07347580901397566]}, "5": {"maxiter": 100, "gtol": 1e-10, "xrtol": 1e-05, "eps": 1e-10, "duration": 0.04832196235656738, "fun": "0.07346743220484764", "jac": "[ 0.00000000e+00 -2.22044587e-06  3.33066880e-06  4.44089173e-06\n  1.11022293e-06  1.11022293e-06]", "hess_inv": "[[  3.70038201   0.60805676  -2.63141241   0.29566689   4.54891732\n   -3.55189527]\n [  0.60805676   3.11809936  -1.4618433   -0.69472868   4.33493439\n   -2.6372189 ]\n [ -2.63141241  -1.4618433   10.52437696   0.10801737 -13.88665456\n    8.12922002]\n [  0.29566689  -0.69472868   0.10801737   2.96964211  -0.45224668\n    0.04233504]\n [  4.54891732   4.33493439 -13.88665456  -0.45224668  25.36443232\n  -15.86125991]\n [ -3.55189527  -2.6372189    8.12922002   0.04233504 -15.86125991\n   12.23080897]]", "nfev": "189", "njev": "27", "status": "0", "success": "True", "message": "Optimization terminated successfully.", "x": "[4.43191809 5.99490174 6.2729126  0.73462592 6.06687733 4.98733287]", "nit": "25", "callback": [0.07977987424645838, 0.07347579389538994]}, "6": {"maxiter": 100, "gtol": 1e-10, "xrtol": 1e-10, "eps": 1e-05, "duration": 0.09648895263671875, "fun": "0.07346743216167761", "jac": "[ 4.11337631e-08 -3.12605497e-07  8.27538038e-07  3.38606920e-07\n  8.08109135e-07  6.48381349e-07]", "hess_inv": "[[  3.40018369   0.70401152  -2.1007776    0.31259226   4.27651041\n   -3.36614039]\n [  0.70401152   3.3504235   -1.65679515  -0.88996057   4.68660838\n   -3.00151659]\n [ -2.1007776   -1.65679515  12.9606864   -0.1450866  -18.1506469\n   11.12697599]\n [  0.31259226  -0.88996057  -0.1450866    3.03022975  -0.36348147\n    0.06584079]\n [  4.27651041   4.68660838 -18.1506469   -0.36348147  32.24946031\n  -20.6921523 ]\n [ -3.36614039  -3.00151659  11.12697599   0.06584079 -20.6921523\n   15.7065967 ]]", "nfev": "389", "njev": "54", "status": "2", "success": "False", "message": "Desired error not necessarily achieved due to precision loss.", "x": "[4.43192122 5.99490082 6.27288255 0.73461484 6.06691089 4.98730533]", "nit": "25", "callback": [0.07977915681751868, 0.07347580901397566]}, "7": {"maxiter": 100, "gtol": 1e-10, "xrtol": 1e-10, "eps": 1e-10, "duration": 0.06496787071228027, "fun": "0.07346743215392681", "jac": "[5.55111466e-06 3.33066880e-06 3.33066880e-06 1.11022293e-06\n 0.00000000e+00 2.22044587e-06]", "hess_inv": "[[ 282.97897321 -275.94904322 -220.1398458   227.09413103   39.7259473\n    68.83710532]\n [-275.94904322  275.2626755   217.26104026 -225.14211537  -38.82604469\n   -69.14120947]\n [-220.1398458   217.26104026  176.13996032 -178.73635064  -32.63651958\n   -54.06765876]\n [ 227.09413103 -225.14211537 -178.73635064  187.39144113   32.31921942\n    56.55046492]\n [  39.7259473   -38.82604469  -32.63651958   32.31921942    6.78655931\n     9.75239548]\n [  68.83710532  -69.14120947  -54.06765876   56.55046492    9.75239548\n    17.85118943]]", "nfev": "273", "njev": "39", "status": "0", "success": "True", "message": "Optimization terminated successfully.", "x": "[4.43193001 5.99491032 6.2728937  0.73461567 6.06690169 4.98731273]", "nit": "29", "callback": [0.07977987424645838, 0.07347579389538994]}, "8": {"maxiter": 500, "gtol": 1e-05, "xrtol": 1e-05, "eps": 1e-05, "duration": 0.04307413101196289, "fun": "0.07346743223782093", "jac": "[ 3.28209682e-06 -4.10408374e-06 -3.05533376e-07 -1.11597398e-06\n  1.81574755e-06  4.37015979e-06]", "hess_inv": "[[  3.42026478   0.78585363  -2.14477243   0.30147028   4.34751592\n   -3.47626313]\n [  0.78585363   3.13267429  -0.88667345  -0.75861352   3.38389975\n   -2.01593185]\n [ -2.14477243  -0.88667345  12.37964981  -0.20200041 -16.66403391\n    9.68217966]\n [  0.30147028  -0.75861352  -0.20200041   3.03169111  -0.14864088\n   -0.15025188]\n [  4.34751592   3.38389975 -16.66403391  -0.14864088  29.16548381\n  -17.83965705]\n [ -3.47626313  -2.01593185   9.68217966  -0.15025188 -17.83965705\n   13.22059307]]", "nfev": "182", "njev": "26", "status": "0", "success": "True", "message": "Optimization terminated successfully.", "x": "[4.43192328 5.99488712 6.27289068 0.73461487 6.06688356 4.98733071]", "nit": "24", "callback": [0.07977915681751868, 0.07347580901397566]}, "9": {"maxiter": 500, "gtol": 1e-05, "xrtol": 1e-05, "eps": 1e-10, "duration": 0.042199134826660156, "fun": "0.0734674323046065", "jac": "[-1.11022293e-06 -9.99200639e-06 -3.33066880e-06  0.00000000e+00\n  3.33066880e-06  2.22044587e-06]", "hess_inv": "[[  3.48928171   0.84986321  -2.20700033   0.25754957   4.34846749\n   -3.52228673]\n [  0.84986321   3.17697299  -0.9714528   -0.75988683   3.3689169\n   -2.0493819 ]\n [ -2.20700033  -0.9714528   12.51051731  -0.13175716 -16.96009243\n    9.8775208 ]\n [  0.25754957  -0.75988683  -0.13175716   2.9980183   -0.1010456\n   -0.15377322]\n [  4.34846749   3.3689169  -16.96009243  -0.1010456   29.4304779\n  -18.04656261]\n [ -3.52228673  -2.0493819    9.8775208   -0.15377322 -18.04656261\n   13.3776845 ]]", "nfev": "182", "njev": "26", "status": "0", "success": "True", "message": "Optimization terminated successfully.", "x": "[4.43192393 5.99488336 6.27286687 0.73463076 6.06692448 4.98731042]", "nit": "24", "callback": [0.07977987424645838, 0.07347579389538994]}, "10": {"maxiter": 500, "gtol": 1e-05, "xrtol": 1e-10, "eps": 1e-05, "duration": 0.0422511100769043, "fun": "0.07346743223782093", "jac": "[ 3.28209682e-06 -4.10408374e-06 -3.05533376e-07 -1.11597398e-06\n  1.81574755e-06  4.37015979e-06]", "hess_inv": "[[  3.42026478   0.78585363  -2.14477243   0.30147028   4.34751592\n   -3.47626313]\n [  0.78585363   3.13267429  -0.88667345  -0.75861352   3.38389975\n   -2.01593185]\n [ -2.14477243  -0.88667345  12.37964981  -0.20200041 -16.66403391\n    9.68217966]\n [  0.30147028  -0.75861352  -0.20200041   3.03169111  -0.14864088\n   -0.15025188]\n [  4.34751592   3.38389975 -16.66403391  -0.14864088  29.16548381\n  -17.83965705]\n [ -3.47626313  -2.01593185   9.68217966  -0.15025188 -17.83965705\n   13.22059307]]", "nfev": "182", "njev": "26", "status": "0", "success": "True", "message": "Optimization terminated successfully.", "x": "[4.43192328 5.99488712 6.27289068 0.73461487 6.06688356 4.98733071]", "nit": "24", "callback": [0.07977915681751868, 0.07347580901397566]}, "11": {"maxiter": 500, "gtol": 1e-05, "xrtol": 1e-10, "eps": 1e-10, "duration": 0.04297327995300293, "fun": "0.0734674323046065", "jac": "[-1.11022293e-06 -9.99200639e-06 -3.33066880e-06  0.00000000e+00\n  3.33066880e-06  2.22044587e-06]", "hess_inv": "[[  3.48928171   0.84986321  -2.20700033   0.25754957   4.34846749\n   -3.52228673]\n [  0.84986321   3.17697299  -0.9714528   -0.75988683   3.3689169\n   -2.0493819 ]\n [ -2.20700033  -0.9714528   12.51051731  -0.13175716 -16.96009243\n    9.8775208 ]\n [  0.25754957  -0.75988683  -0.13175716   2.9980183   -0.1010456\n   -0.15377322]\n [  4.34846749   3.3689169  -16.96009243  -0.1010456   29.4304779\n  -18.04656261]\n [ -3.52228673  -2.0493819    9.8775208   -0.15377322 -18.04656261\n   13.3776845 ]]", "nfev": "182", "njev": "26", "status": "0", "success": "True", "message": "Optimization terminated successfully.", "x": "[4.43192393 5.99488336 6.27286687 0.73463076 6.06692448 4.98731042]", "nit": "24", "callback": [0.07977987424645838, 0.07347579389538994]}, "12": {"maxiter": 500, "gtol": 1e-10, "xrtol": 1e-05, "eps": 1e-05, "duration": 0.04433298110961914, "fun": "0.07346743216167761", "jac": "[ 4.11337631e-08 -3.12605497e-07  8.27538038e-07  3.38606920e-07\n  8.08109135e-07  6.48381349e-07]", "hess_inv": "[[  3.41739942   0.65320896  -2.12391357   0.29671127   4.21052134\n   -3.30446651]\n [  0.65320896   3.26376047  -1.25083036  -0.78351738   4.27820111\n   -2.62507703]\n [ -2.12391357  -1.25083036  12.50975686  -0.20878797 -17.20104721\n   10.24698239]\n [  0.29671127  -0.78351738  -0.20878797   3.02987515  -0.15071586\n   -0.13168666]\n [  4.21052134   4.27820111 -17.20104721  -0.15071586  30.96475265\n  -19.50486717]\n [ -3.30446651  -2.62507703  10.24698239  -0.13168666 -19.50486717\n   14.60936936]]", "nfev": "189", "njev": "27", "status": "0", "success": "True", "message": "Optimization terminated successfully.", "x": "[4.43192122 5.99490082 6.27288255 0.73461484 6.06691089 4.98730533]", "nit": "25", "callback": [0.07977915681751868, 0.07347580901397566]}, "13": {"maxiter": 500, "gtol": 1e-10, "xrtol": 1e-05, "eps": 1e-10, "duration": 0.04332423210144043, "fun": "0.07346743220484764", "jac": "[ 0.00000000e+00 -2.22044587e-06  3.33066880e-06  4.44089173e-06\n  1.11022293e-06  1.11022293e-06]", "hess_inv": "[[  3.70038201   0.60805676  -2.63141241   0.29566689   4.54891732\n   -3.55189527]\n [  0.60805676   3.11809936  -1.4618433   -0.69472868   4.33493439\n   -2.6372189 ]\n [ -2.63141241  -1.4618433   10.52437696   0.10801737 -13.88665456\n    8.12922002]\n [  0.29566689  -0.69472868   0.10801737   2.96964211  -0.45224668\n    0.04233504]\n [  4.54891732   4.33493439 -13.88665456  -0.45224668  25.36443232\n  -15.86125991]\n [ -3.55189527  -2.6372189    8.12922002   0.04233504 -15.86125991\n   12.23080897]]", "nfev": "189", "njev": "27", "status": "0", "success": "True", "message": "Optimization terminated successfully.", "x": "[4.43191809 5.99490174 6.2729126  0.73462592 6.06687733 4.98733287]", "nit": "25", "callback": [0.07977987424645838, 0.07347579389538994]}, "14": {"maxiter": 500, "gtol": 1e-10, "xrtol": 1e-10, "eps": 1e-05, "duration": 0.0881950855255127, "fun": "0.07346743216167761", "jac": "[ 4.11337631e-08 -3.12605497e-07  8.27538038e-07  3.38606920e-07\n  8.08109135e-07  6.48381349e-07]", "hess_inv": "[[  3.40018369   0.70401152  -2.1007776    0.31259226   4.27651041\n   -3.36614039]\n [  0.70401152   3.3504235   -1.65679515  -0.88996057   4.68660838\n   -3.00151659]\n [ -2.1007776   -1.65679515  12.9606864   -0.1450866  -18.1506469\n   11.12697599]\n [  0.31259226  -0.88996057  -0.1450866    3.03022975  -0.36348147\n    0.06584079]\n [  4.27651041   4.68660838 -18.1506469   -0.36348147  32.24946031\n  -20.6921523 ]\n [ -3.36614039  -3.00151659  11.12697599   0.06584079 -20.6921523\n   15.7065967 ]]", "nfev": "389", "njev": "54", "status": "2", "success": "False", "message": "Desired error not necessarily achieved due to precision loss.", "x": "[4.43192122 5.99490082 6.27288255 0.73461484 6.06691089 4.98730533]", "nit": "25", "callback": [0.07977915681751868, 0.07347580901397566]}, "15": {"maxiter": 500, "gtol": 1e-10, "xrtol": 1e-10, "eps": 1e-10, "duration": 0.06256699562072754, "fun": "0.07346743215392681", "jac": "[5.55111466e-06 3.33066880e-06 3.33066880e-06 1.11022293e-06\n 0.00000000e+00 2.22044587e-06]", "hess_inv": "[[ 282.97897321 -275.94904322 -220.1398458   227.09413103   39.7259473\n    68.83710532]\n [-275.94904322  275.2626755   217.26104026 -225.14211537  -38.82604469\n   -69.14120947]\n [-220.1398458   217.26104026  176.13996032 -178.73635064  -32.63651958\n   -54.06765876]\n [ 227.09413103 -225.14211537 -178.73635064  187.39144113   32.31921942\n    56.55046492]\n [  39.7259473   -38.82604469  -32.63651958   32.31921942    6.78655931\n     9.75239548]\n [  68.83710532  -69.14120947  -54.06765876   56.55046492    9.75239548\n    17.85118943]]", "nfev": "273", "njev": "39", "status": "0", "success": "True", "message": "Optimization terminated successfully.", "x": "[4.43193001 5.99491032 6.2728937  0.73461567 6.06690169 4.98731273]", "nit": "29", "callback": [0.07977987424645838, 0.07347579389538994]}, "16": {"maxiter": 1000, "gtol": 1e-05, "xrtol": 1e-05, "eps": 1e-05, "duration": 0.04155111312866211, "fun": "0.07346743223782093", "jac": "[ 3.28209682e-06 -4.10408374e-06 -3.05533376e-07 -1.11597398e-06\n  1.81574755e-06  4.37015979e-06]", "hess_inv": "[[  3.42026478   0.78585363  -2.14477243   0.30147028   4.34751592\n   -3.47626313]\n [  0.78585363   3.13267429  -0.88667345  -0.75861352   3.38389975\n   -2.01593185]\n [ -2.14477243  -0.88667345  12.37964981  -0.20200041 -16.66403391\n    9.68217966]\n [  0.30147028  -0.75861352  -0.20200041   3.03169111  -0.14864088\n   -0.15025188]\n [  4.34751592   3.38389975 -16.66403391  -0.14864088  29.16548381\n  -17.83965705]\n [ -3.47626313  -2.01593185   9.68217966  -0.15025188 -17.83965705\n   13.22059307]]", "nfev": "182", "njev": "26", "status": "0", "success": "True", "message": "Optimization terminated successfully.", "x": "[4.43192328 5.99488712 6.27289068 0.73461487 6.06688356 4.98733071]", "nit": "24", "callback": [0.07977915681751868, 0.07347580901397566]}, "17": {"maxiter": 1000, "gtol": 1e-05, "xrtol": 1e-05, "eps": 1e-10, "duration": 0.0411679744720459, "fun": "0.0734674323046065", "jac": "[-1.11022293e-06 -9.99200639e-06 -3.33066880e-06  0.00000000e+00\n  3.33066880e-06  2.22044587e-06]", "hess_inv": "[[  3.48928171   0.84986321  -2.20700033   0.25754957   4.34846749\n   -3.52228673]\n [  0.84986321   3.17697299  -0.9714528   -0.75988683   3.3689169\n   -2.0493819 ]\n [ -2.20700033  -0.9714528   12.51051731  -0.13175716 -16.96009243\n    9.8775208 ]\n [  0.25754957  -0.75988683  -0.13175716   2.9980183   -0.1010456\n   -0.15377322]\n [  4.34846