{"date": "2024/09/24/, 00:48:27", "conf_id": 168, "data_type": "non_lin_ind\n", "num_data_points": 1, "s_rank": 0, "unitary": "[[-0.53618537-0.34368723j,-0.12107031-0.46226139j,-0.07699282-0.46603512j,0.36022595-0.11472301j],[0.26026499-0.63450712j,-0.56616638+0.37832564j,-0.14988651+0.08458591j,0.10363514-0.16008501j],[-0.32580188-0.11070003j,-0.36476308-0.23593218j,0.02559343+0.41761608j,-0.25598305+0.6725303j],[0.07406738-0.0126433j,0.28513701+0.19483972j,-0.74939717-0.10299659j,0.29798249+0.46269921j]]", "databatch_0": {"databatch": "[[[-0.21187113+0.12038001j,-0.00931835+0.01652072j,0.13552997-0.08560635j,0.41616492+0.04135895j],[-0.15935402+0.33027567j,-0.04421941-0.01718575j,0.06905548-0.16884549j,0.34513264-0.2235643j],[-0.33209329+0.06608918j,0.0374419-0.04721995j,0.14438793-0.08363507j,0.40941361-0.02901271j],[0.02330155+0.10042669j,0.00288329+0.06355065j,0.03173256-0.07955891j,0.24137574-0.07545769j]]]", "initial param values": "[0.87253632,1.71485752,2.18747479,6.24771254,6.14515613,0.86372046]", "nelder_mead": {"type": "gradient-free", "0": {"maxiter": 100, "fatol": 1e-05, "xatol": 1e-05, "duration": 0.04062485694885254, "fun": "0.18204616412913588", "nit": "100", "nfev": "165", "status": "2", "success": "False", "message": "Maximum number of iterations has been exceeded.", "x": "[1.07699453 2.06712402 2.98815104 4.68897555 8.9127417  0.62933275]", "final_simplex": "(array([[1.07699453, 2.06712402, 2.98815104, 4.68897555, 8.9127417 ,\n        0.62933275],\n       [1.1362615 , 2.07890024, 2.96758727, 4.71433785, 8.85735   ,\n        0.59710426],\n       [1.06905084, 1.94941449, 3.0306086 , 4.63819624, 9.01323743,\n        0.63686946],\n       [1.11623883, 2.05005893, 2.97209943, 4.63643718, 8.89066338,\n        0.62310192],\n       [1.05812206, 1.94619032, 3.00370381, 4.65463065, 8.93960176,\n        0.64752559],\n       [1.11288437, 2.00980764, 2.98190179, 4.68322473, 8.95957683,\n        0.61233702],\n       [1.03634427, 1.87559236, 3.05020994, 4.62225704, 9.06523631,\n        0.65862117]]), array([0.18204616, 0.18308428, 0.18326555, 0.18338388, 0.18341803,\n       0.18368278, 0.18375954]))", "callback": [0.5448275299368366, 0.4553257952242661, 0.20319641225089757, 0.20205744114009994, 0.20067971057220912, 0.1978461534659115, 0.1924834766039335, 0.1850067390820631, 0.18392499491728098]}, "1": {"maxiter": 100, "fatol": 1e-05, "xatol": 1e-10, "duration": 0.03659176826477051, "fun": "0.18204616412913588", "nit": "100", "nfev": "165", "status": "2", "success": "False", "message": "Maximum number of iterations has been exceeded.", "x": "[1.07699453 2.06712402 2.98815104 4.68897555 8.9127417  0.62933275]", "final_simplex": "(array([[1.07699453, 2.06712402, 2.98815104, 4.68897555, 8.9127417 ,\n        0.62933275],\n       [1.1362615 , 2.07890024, 2.96758727, 4.71433785, 8.85735   ,\n        0.59710426],\n       [1.06905084, 1.94941449, 3.0306086 , 4.63819624, 9.01323743,\n        0.63686946],\n       [1.11623883, 2.05005893, 2.97209943, 4.63643718, 8.89066338,\n        0.62310192],\n       [1.05812206, 1.94619032, 3.00370381, 4.65463065, 8.93960176,\n        0.64752559],\n       [1.11288437, 2.00980764, 2.98190179, 4.68322473, 8.95957683,\n        0.61233702],\n       [1.03634427, 1.87559236, 3.05020994, 4.62225704, 9.06523631,\n        0.65862117]]), array([0.18204616, 0.18308428, 0.18326555, 0.18338388, 0.18341803,\n       0.18368278, 0.18375954]))", "callback": [0.5448275299368366, 0.4553257952242661, 0.20319641225089757, 0.20205744114009994, 0.20067971057220912, 0.1978461534659115, 0.1924834766039335, 0.1850067390820631, 0.18392499491728098]}, "2": {"maxiter": 100, "fatol": 1e-10, "xatol": 1e-05, "duration": 0.036071062088012695, "fun": "0.18204616412913588", "nit": "100", "nfev": "165", "status": "2", "success": "False", "message": "Maximum number of iterations has been exceeded.", "x": "[1.07699453 2.06712402 2.98815104 4.68897555 8.9127417  0.62933275]", "final_simplex": "(array([[1.07699453, 2.06712402, 2.98815104, 4.68897555, 8.9127417 ,\n        0.62933275],\n       [1.1362615 , 2.07890024, 2.96758727, 4.71433785, 8.85735   ,\n        0.59710426],\n       [1.06905084, 1.94941449, 3.0306086 , 4.63819624, 9.01323743,\n        0.63686946],\n       [1.11623883, 2.05005893, 2.97209943, 4.63643718, 8.89066338,\n        0.62310192],\n       [1.05812206, 1.94619032, 3.00370381, 4.65463065, 8.93960176,\n        0.64752559],\n       [1.11288437, 2.00980764, 2.98190179, 4.68322473, 8.95957683,\n        0.61233702],\n       [1.03634427, 1.87559236, 3.05020994, 4.62225704, 9.06523631,\n        0.65862117]]), array([0.18204616, 0.18308428, 0.18326555, 0.18338388, 0.18341803,\n       0.18368278, 0.18375954]))", "callback": [0.5448275299368366, 0.4553257952242661, 0.20319641225089757, 0.20205744114009994, 0.20067971057220912, 0.1978461534659115, 0.1924834766039335, 0.1850067390820631, 0.18392499491728098]}, "3": {"maxiter": 100, "fatol": 1e-10, "xatol": 1e-10, "duration": 0.03672599792480469, "fun": "0.18204616412913588", "nit": "100", "nfev": "165", "status": "2", "success": "False", "message": "Maximum number of iterations has been exceeded.", "x": "[1.07699453 2.06712402 2.98815104 4.68897555 8.9127417  0.62933275]", "final_simplex": "(array([[1.07699453, 2.06712402, 2.98815104, 4.68897555, 8.9127417 ,\n        0.62933275],\n       [1.1362615 , 2.07890024, 2.96758727, 4.71433785, 8.85735   ,\n        0.59710426],\n       [1.06905084, 1.94941449, 3.0306086 , 4.63819624, 9.01323743,\n        0.63686946],\n       [1.11623883, 2.05005893, 2.97209943, 4.63643718, 8.89066338,\n        0.62310192],\n       [1.05812206, 1.94619032, 3.00370381, 4.65463065, 8.93960176,\n        0.64752559],\n       [1.11288437, 2.00980764, 2.98190179, 4.68322473, 8.95957683,\n        0.61233702],\n       [1.03634427, 1.87559236, 3.05020994, 4.62225704, 9.06523631,\n        0.65862117]]), array([0.18204616, 0.18308428, 0.18326555, 0.18338388, 0.18341803,\n       0.18368278, 0.18375954]))", "callback": [0.5448275299368366, 0.4553257952242661, 0.20319641225089757, 0.20205744114009994, 0.20067971057220912, 0.1978461534659115, 0.1924834766039335, 0.1850067390820631, 0.18392499491728098]}, "4": {"maxiter": 500, "fatol": 1e-05, "xatol": 1e-05, "duration": 0.1228179931640625, "fun": "0.17441603675025186", "nit": "341", "nfev": "550", "status": "0", "success": "True", "message": "Optimization terminated successfully.", "x": "[1.12977799 2.94311556 2.85737211 4.63932666 8.13511126 0.49577562]", "final_simplex": "(array([[1.12977799, 2.94311556, 2.85737211, 4.63932666, 8.13511126,\n        0.49577562],\n       [1.1297787 , 2.94311028, 2.85737374, 4.63932734, 8.13511581,\n        0.49577576],\n       [1.12977638, 2.94311306, 2.85737387, 4.63932478, 8.13511565,\n        0.49577633],\n       [1.1297783 , 2.9431098 , 2.85737632, 4.63932995, 8.13511998,\n        0.49577783],\n       [1.12977762, 2.94311374, 2.85737221, 4.63932802, 8.13511691,\n        0.49577325],\n       [1.12978023, 2.94312476, 2.85737351, 4.6393286 , 8.13510486,\n        0.49577308],\n       [1.12977334, 2.94311229, 2.85737486, 4.6393237 , 8.13511551,\n        0.49577656]]), array([0.17441604, 0.17441604, 0.17441604, 0.17441604, 0.17441604,\n       0.17441604, 0.17441604]))", "callback": [0.5448275299368366, 0.4553257952242661, 0.20319641225089757, 0.20205744114009994, 0.20067971057220912, 0.1978461534659115, 0.1924834766039335, 0.1850067390820631, 0.18392499491728098, 0.18204616412913588, 0.17806669616822157, 0.17546650319228085, 0.17530550161919756, 0.1752846627463579, 0.17523888694865097, 0.17520530123476397, 0.1751410965451714, 0.1747684793875035, 0.17446238676787418, 0.17443472357993073, 0.1744247184955834, 0.17441973499289742, 0.17441755385083701, 0.17441623647461113, 0.17441623647461113, 0.17441608328017788, 0.1744160437875384, 0.17441603966220875, 0.17441603760814317, 0.17441603690495355, 0.17441603681900197, 0.17441603676658135, 0.17441603675320771, 0.17441603675025186]}, "5": {"maxiter": 500, "fatol": 1e-05, "xatol": 1e-10, "duration": 0.1695249080657959, "fun": "0.17441603674898998", "nit": "429", "nfev": "761", "status": "0", "success": "True", "message": "Optimization terminated successfully.", "x": "[1.12977785 2.94311467 2.85737395 4.63932843 8.13511304 0.49577634]", "final_simplex": "(array([[1.12977785, 2.94311467, 2.85737395, 4.63932843, 8.13511304,\n        0.49577634],\n       [1.12977785, 2.94311467, 2.85737395, 4.63932843, 8.13511304,\n        0.49577634],\n       [1.12977785, 2.94311467, 2.85737395, 4.63932843, 8.13511304,\n        0.49577634],\n       [1.12977785, 2.94311467, 2.85737395, 4.63932843, 8.13511304,\n        0.49577634],\n       [1.12977785, 2.94311467, 2.85737395, 4.63932843, 8.13511304,\n        0.49577634],\n       [1.12977785, 2.94311467, 2.85737395, 4.63932843, 8.13511304,\n        0.49577634],\n       [1.12977785, 2.94311467, 2.85737395, 4.63932843, 8.13511304,\n        0.49577634]]), array([0.17441604, 0.17441604, 0.17441604, 0.17441604, 0.17441604,\n       0.17441604, 0.17441604]))", "callback": [0.5448275299368366, 0.4553257952242661, 0.20319641225089757, 0.20205744114009994, 0.20067971057220912, 0.1978461534659115, 0.1924834766039335, 0.1850067390820631, 0.18392499491728098, 0.18204616412913588, 0.17806669616822157, 0.17546650319228085, 0.17530550161919756, 0.1752846627463579, 0.17523888694865097, 0.17520530123476397, 0.1751410965451714, 0.1747684793875035, 0.17446238676787418, 0.17443472357993073, 0.1744247184955834, 0.17441973499289742, 0.17441755385083701, 0.17441623647461113, 0.17441623647461113, 0.17441608328017788, 0.1744160437875384, 0.17441603966220875, 0.17441603760814317, 0.17441603690495355, 0.17441603681900197, 0.17441603676658135, 0.17441603675320771, 0.17441603675025186, 0.17441603674934292, 0.17441603674906714, 0.17441603674901318, 0.1744160367489921, 0.17441603674899164, 0.17441603674899042, 0.1744160367489902, 0.1744160367489902]}, "6": {"maxiter": 500, "fatol": 1e-10, "xatol": 1e-05, "duration": 0.12280392646789551, "fun": "0.17441603675025186", "nit": "341", "nfev": "550", "status": "0", "success": "True", "message": "Optimization terminated successfully.", "x": "[1.12977799 2.94311556 2.85737211 4.63932666 8.13511126 0.49577562]", "final_simplex": "(array([[1.12977799, 2.94311556, 2.85737211, 4.63932666, 8.13511126,\n        0.49577562],\n       [1.1297787 , 2.94311028, 2.85737374, 4.63932734, 8.13511581,\n        0.49577576],\n       [1.12977638, 2.94311306, 2.85737387, 4.63932478, 8.13511565,\n        0.49577633],\n       [1.1297783 , 2.9431098 , 2.85737632, 4.63932995, 8.13511998,\n        0.49577783],\n       [1.12977762, 2.94311374, 2.85737221, 4.63932802, 8.13511691,\n        0.49577325],\n       [1.12978023, 2.94312476, 2.85737351, 4.6393286 , 8.13510486,\n        0.49577308],\n       [1.12977334, 2.94311229, 2.85737486, 4.6393237 , 8.13511551,\n        0.49577656]]), array([0.17441604, 0.17441604, 0.17441604, 0.17441604, 0.17441604,\n       0.17441604, 0.17441604]))", "callback": [0.5448275299368366, 0.4553257952242661, 0.20319641225089757, 0.20205744114009994, 0.20067971057220912, 0.1978461534659115, 0.1924834766039335, 0.1850067390820631, 0.18392499491728098, 0.18204616412913588, 0.17806669616822157, 0.17546650319228085, 0.17530550161919756, 0.1752846627463579, 0.17523888694865097, 0.17520530123476397, 0.1751410965451714, 0.1747684793875035, 0.17446238676787418, 0.17443472357993073, 0.1744247184955834, 0.17441973499289742, 0.17441755385083701, 0.17441623647461113, 0.17441623647461113, 0.17441608328017788, 0.1744160437875384, 0.17441603966220875, 0.17441603760814317, 0.17441603690495355, 0.17441603681900197, 0.17441603676658135, 0.17441603675320771, 0.17441603675025186]}, "7": {"maxiter": 500, "fatol": 1e-10, "xatol": 1e-10, "duration": 0.18598103523254395, "fun": "0.17441603674898998", "nit": "429", "nfev": "761", "status": "0", "success": "True", "message": "Optimization terminated successfully.", "x": "[1.12977785 2.94311467 2.85737395 4.63932843 8.13511304 0.49577634]", "final_simplex": "(array([[1.12977785, 2.94311467, 2.85737395, 4.63932843, 8.13511304,\n        0.49577634],\n       [1.12977785, 2.94311467, 2.85737395, 4.63932843, 8.13511304,\n        0.49577634],\n       [1.12977785, 2.94311467, 2.85737395, 4.63932843, 8.13511304,\n        0.49577634],\n       [1.12977785, 2.94311467, 2.85737395, 4.63932843, 8.13511304,\n        0.49577634],\n       [1.12977785, 2.94311467, 2.85737395, 4.63932843, 8.13511304,\n        0.49577634],\n       [1.12977785, 2.94311467, 2.85737395, 4.63932843, 8.13511304,\n        0.49577634],\n       [1.12977785, 2.94311467, 2.85737395, 4.63932843, 8.13511304,\n        0.49577634]]), array([0.17441604, 0.17441604, 0.17441604, 0.17441604, 0.17441604,\n       0.17441604, 0.17441604]))", "callback": [0.5448275299368366, 0.4553257952242661, 0.20319641225089757, 0.20205744114009994, 0.20067971057220912, 0.1978461534659115, 0.1924834766039335, 0.1850067390820631, 0.18392499491728098, 0.18204616412913588, 0.17806669616822157, 0.17546650319228085, 0.17530550161919756, 0.1752846627463579, 0.17523888694865097, 0.17520530123476397, 0.1751410965451714, 0.1747684793875035, 0.17446238676787418, 0.17443472357993073, 0.1744247184955834, 0.17441973499289742, 0.17441755385083701, 0.17441623647461113, 0.17441623647461113, 0.17441608328017788, 0.1744160437875384, 0.17441603966220875, 0.17441603760814317, 0.17441603690495355, 0.17441603681900197, 0.17441603676658135, 0.17441603675320771, 0.17441603675025186, 0.17441603674934292, 0.17441603674906714, 0.17441603674901318, 0.1744160367489921, 0.17441603674899164, 0.17441603674899042, 0.1744160367489902, 0.1744160367489902]}, "8": {"maxiter": 1000, "fatol": 1e-05, "xatol": 1e-05, "duration": 0.12685203552246094, "fun": "0.17441603675025186", "nit": "341", "nfev": "550", "status": "0", "success": "True", "message": "Optimization terminated successfully.", "x": "[1.12977799 2.94311556 2.85737211 4.63932666 8.13511126 0.49577562]", "final_simplex": "(array([[1.12977799, 2.94311556, 2.85737211, 4.63932666, 8.13511126,\n        0.49577562],\n       [1.1297787 , 2.94311028, 2.85737374, 4.63932734, 8.13511581,\n        0.49577576],\n       [1.12977638, 2.94311306, 2.85737387, 4.63932478, 8.13511565,\n        0.49577633],\n       [1.1297783 , 2.9431098 , 2.85737632, 4.63932995, 8.13511998,\n        0.49577783],\n       [1.12977762, 2.94311374, 2.85737221, 4.63932802, 8.13511691,\n        0.49577325],\n       [1.12978023, 2.94312476, 2.85737351, 4.6393286 , 8.13510486,\n        0.49577308],\n       [1.12977334, 2.94311229, 2.85737486, 4.6393237 , 8.13511551,\n        0.49577656]]), array([0.17441604, 0.17441604, 0.17441604, 0.17441604, 0.17441604,\n       0.17441604, 0.17441604]))", "callback": [0.5448275299368366, 0.4553257952242661, 0.20319641225089757, 0.20205744114009994, 0.20067971057220912, 0.1978461534659115, 0.1924834766039335, 0.1850067390820631, 0.18392499491728098, 0.18204616412913588, 0.17806669616822157, 0.17546650319228085, 0.17530550161919756, 0.1752846627463579, 0.17523888694865097, 0.17520530123476397, 0.1751410965451714, 0.1747684793875035, 0.17446238676787418, 0.17443472357993073, 0.1744247184955834, 0.17441973499289742, 0.17441755385083701, 0.17441623647461113, 0.17441623647461113, 0.17441608328017788, 0.1744160437875384, 0.17441603966220875, 0.17441603760814317, 0.17441603690495355, 0.17441603681900197, 0.17441603676658135, 0.17441603675320771, 0.17441603675025186]}, "9": {"maxiter": 1000, "fatol": 1e-05, "xatol": 1e-10, "duration": 0.1749129295349121, "fun": "0.17441603674898998", "nit": "429", "nfev": "761", "status": "0", "success": "True", "message": "Optimization terminated successfully.", "x": "[1.12977785 2.94311467 2.85737395 4.63932843 8.13511304 0.49577634]", "final_simplex": "(array([[1.12977785, 2.94311467, 2.85737395, 4.63932843, 8.13511304,\n        0.49577634],\n       [1.12977785, 2.94311467, 2.85737395, 4.63932843, 8.13511304,\n        0.49577634],\n       [1.12977785, 2.94311467, 2.85737395, 4.63932843, 8.13511304,\n        0.49577634],\n       [1.12977785, 2.94311467, 2.85737395, 4.63932843, 8.13511304,\n        0.49577634],\n       [1.12977785, 2.94311467, 2.85737395, 4.63932843, 8.13511304,\n        0.49577634],\n       [1.12977785, 2.94311467, 2.85737395, 4.63932843, 8.13511304,\n        0.49577634],\n       [1.12977785, 2.94311467, 2.85737395, 4.63932843, 8.13511304,\n        0.49577634]]), array([0.17441604, 0.17441604, 0.17441604, 0.17441604, 0.17441604,\n       0.17441604, 0.17441604]))", "callback": [0.5448275299368366, 0.4553257952242661, 0.20319641225089757, 0.20205744114009994, 0.20067971057220912, 0.1978461534659115, 0.1924834766039335, 0.1850067390820631, 0.18392499491728098, 0.18204616412913588, 0.17806669616822157, 0.17546650319228085, 0.17530550161919756, 0.1752846627463579, 0.17523888694865097, 0.17520530123476397, 0.1751410965451714, 0.1747684793875035, 0.17446238676787418, 0.17443472357993073, 0.1744247184955834, 0.17441973499289742, 0.17441755385083701, 0.17441623647461113, 0.17441623647461113, 0.17441608328017788, 0.1744160437875384, 0.17441603966220875, 0.17441603760814317, 0.17441603690495355, 0.17441603681900197, 0.17441603676658135, 0.17441603675320771, 0.17441603675025186, 0.17441603674934292, 0.17441603674906714, 0.17441603674901318, 0.1744160367489921, 0.17441603674899164, 0.17441603674899042, 0.1744160367489902, 0.1744160367489902]}, "10": {"maxiter": 1000, "fatol": 1e-10, "xatol": 1e-05, "duration": 0.1327512264251709, "fun": "0.17441603675025186", "nit": "341", "nfev": "550", "status": "0", "success": "True", "message": "Optimization terminated successfully.", "x": "[1.12977799 2.94311556 2.85737211 4.63932666 8.13511126 0.49577562]", "final_simplex": "(array([[1.12977799, 2.94311556, 2.85737211, 4.63932666, 8.13511126,\n        0.49577562],\n       [1.1297787 , 2.94311028, 2.85737374, 4.63932734, 8.13511581,\n        0.49577576],\n       [1.12977638, 2.94311306, 2.85737387, 4.63932478, 8.13511565,\n        0.49577633],\n       [1.1297783 , 2.9431098 , 2.85737632, 4.63932995, 8.13511998,\n        0.49577783],\n       [1.12977762, 2.94311374, 2.85737221, 4.63932802, 8.13511691,\n        0.49577325],\n       [1.12978023, 2.94312476, 2.85737351, 4.6393286 , 8.13510486,\n        0.49577308],\n       [1.12977334, 2.94311229, 2.85737486, 4.6393237 , 8.13511551,\n        0.49577656]]), array([0.17441604, 0.17441604, 0.17441604, 0.17441604, 0.17441604,\n       0.17441604, 0.17441604]))", "callback": [0.5448275299368366, 0.4553257952242661, 0.20319641225089757, 0.20205744114009994, 0.20067971057220912, 0.1978461534659115, 0.1924834766039335, 0.1850067390820631, 0.18392499491728098, 0.18204616412913588, 0.17806669616822157, 0.17546650319228085, 0.17530550161919756, 0.1752846627463579, 0.17523888694865097, 0.17520530123476397, 0.1751410965451714, 0.1747684793875035, 0.17446238676787418, 0.17443472357993073, 0.1744247184955834, 0.17441973499289742, 0.17441755385083701, 0.17441623647461113, 0.17441623647461113, 0.17441608328017788, 0.1744160437875384, 0.17441603966220875, 0.17441603760814317, 0.17441603690495355, 0.17441603681900197, 0.17441603676658135, 0.17441603675320771, 0.17441603675025186]}, "11": {"maxiter": 1000, "fatol": 1e-10, "xatol": 1e-10, "duration": 0.18343281745910645, "fun": "0.17441603674898998", "nit": "429", "nfev": "761", "status": "0", "success": "True", "message": "Optimization terminated successfully.", "x": "[1.12977785 2.94311467 2.85737395 4.63932843 8.13511304 0.49577634]", "final_simplex": "(array([[1.12977785, 2.94311467, 2.85737395, 4.63932843, 8.13511304,\n        0.49577634],\n       [1.12977785, 2.94311467, 2.85737395, 4.63932843, 8.13511304,\n        0.49577634],\n       [1.12977785, 2.94311467, 2.85737395, 4.63932843, 8.13511304,\n        0.49577634],\n       [1.12977785, 2.94311467, 2.85737395, 4.63932843, 8.13511304,\n        0.49577634],\n       [1.12977785, 2.94311467, 2.85737395, 4.63932843, 8.13511304,\n        0.49577634],\n       [1.12977785, 2.94311467, 2.85737395, 4.63932843, 8.13511304,\n        0.49577634],\n       [1.12977785, 2.94311467, 2.85737395, 4.63932843, 8.13511304,\n        0.49577634]]), array([0.17441604, 0.17441604, 0.17441604, 0.17441604, 0.17441604,\n       0.17441604, 0.17441604]))", "callback": [0.5448275299368366, 0.4553257952242661, 0.20319641225089757, 0.20205744114009994, 0.20067971057220912, 0.1978461534659115, 0.1924834766039335, 0.1850067390820631, 0.18392499491728098, 0.18204616412913588, 0.17806669616822157, 0.17546650319228085, 0.17530550161919756, 0.1752846627463579, 0.17523888694865097, 0.17520530123476397, 0.1751410965451714, 0.1747684793875035, 0.17446238676787418, 0.17443472357993073, 0.1744247184955834, 0.17441973499289742, 0.17441755385083701, 0.17441623647461113, 0.17441623647461113, 0.17441608328017788, 0.1744160437875384, 0.17441603966220875, 0.17441603760814317, 0.17441603690495355, 0.17441603681900197, 0.17441603676658135, 0.17441603675320771, 0.17441603675025186, 0.17441603674934292, 0.17441603674906714, 0.17441603674901318, 0.1744160367489921, 0.17441603674899164, 0.17441603674899042, 0.1744160367489902, 0.1744160367489902]}}, "bfgs": {"type": "gradient", "0": {"maxiter": 100, "gtol": 1e-05, "xrtol": 1e-05, "eps": 1e-05, "duration": 0.05605602264404297, "fun": "0.17441603685682672", "jac": "[-8.28936919e-07 -4.09694501e-07 -7.82818255e-07  2.92232905e-07\n -2.94775315e-07 -9.04343267e-07]", "hess_inv": "[[  8.80316949  14.93357828  -2.62351328   5.21625119 -12.48206839\n   -4.04448881]\n [ 14.93357828  60.49120684 -12.0234307    7.21306614 -49.0998401\n  -13.45037968]\n [ -2.62351328 -12.0234307    7.48287162  -0.40665841   7.51184273\n    5.4926052 ]\n [  5.21625119   7.21306614  -0.40665841   5.66794962  -6.62493246\n   -1.64091261]\n [-12.48206839 -49.0998401    7.51184273  -6.62493246  46.46521016\n   10.55236306]\n [ -4.04448881 -13.45037968   5.4926052   -1.64091261  10.55236306\n    7.28531802]]", "nfev": "238", "njev": "34", "status": "0", "success": "True", "message": "Optimization terminated successfully.", "x": "[1.12975819 2.94311713 2.85734882 4.6393074  8.13511356 0.49575619]", "nit": "29", "callback": [0.18567433621026264, 0.1747188361681744]}, "1": {"maxiter": 100, "gtol": 1e-05, "xrtol": 1e-05, "eps": 1e-10, "duration": 0.05729389190673828, "fun": "0.17441603694360175", "jac": "[-3.33066880e-06  2.22044587e-06  0.00000000e+00  3.33066880e-06\n  0.00000000e+00 -7.77156053e-06]", "hess_inv": "[[  8.1831383   13.03664826  -2.20539136   4.83497347 -10.91766721\n   -3.62144559]\n [ 13.03664826  54.76220431 -10.71494684   6.05994811 -44.37457286\n  -12.17231854]\n [ -2.20539136 -10.71494684   7.27054278  -0.11433931   6.41120986\n    5.19297418]\n [  4.83497347   6.05994811  -0.11433931   5.45054046  -5.68384855\n   -1.38517607]\n [-10.91766721 -44.37457286   6.41120986  -5.68384855  42.57250374\n    9.4947568 ]\n [ -3.62144559 -12.17231854   5.19297418  -1.38517607   9.4947568\n    6.99847235]]", "nfev": "238", "njev": "34", "status": "0", "success": "True", "message": "Optimization terminated successfully.", "x": "[1.12980921 2.94324742 2.85733424 4.63934812 8.13501072 0.49572884]", "nit": "29", "callback": [0.18567288802498472, 0.1747196703877011]}, "2": {"maxiter": 100, "gtol": 1e-05, "xrtol": 1e-10, "eps": 1e-05, "duration": 0.05637097358703613, "fun": "0.17441603685682672", "jac": "[-8.28936919e-07 -4.09694501e-07 -7.82818255e-07  2.92232905e-07\n -2.94775315e-07 -9.04343267e-07]", "hess_inv": "[[  8.80316949  14.93357828  -2.62351328   5.21625119 -12.48206839\n   -4.04448881]\n [ 14.93357828  60.49120684 -12.0234307    7.21306614 -49.0998401\n  -13.45037968]\n [ -2.62351328 -12.0234307    7.48287162  -0.40665841   7.51184273\n    5.4926052 ]\n [  5.21625119   7.21306614  -0.40665841   5.66794962  -6.62493246\n   -1.64091261]\n [-12.48206839 -49.0998401    7.51184273  -6.62493246  46.46521016\n   10.55236306]\n [ -4.04448881 -13.45037968   5.4926052   -1.64091261  10.55236306\n    7.28531802]]", "nfev": "238", "njev": "34", "status": "0", "success": "True", "message": "Optimization terminated successfully.", "x": "[1.12975819 2.94311713 2.85734882 4.6393074  8.13511356 0.49575619]", "nit": "29", "callback": [0.18567433621026264, 0.1747188361681744]}, "3": {"maxiter": 100, "gtol": 1e-05, "xrtol": 1e-10, "eps": 1e-10, "duration": 0.05503106117248535, "fun": "0.17441603694360175", "jac": "[-3.33066880e-06  2.22044587e-06  0.00000000e+00  3.33066880e-06\n  0.00000000e+00 -7.77156053e-06]", "hess_inv": "[[  8.1831383   13.03664826  -2.20539136   4.83497347 -10.91766721\n   -3.62144559]\n [ 13.03664826  54.76220431 -10.71494684   6.05994811 -44.37457286\n  -12.17231854]\n [ -2.20539136 -10.71494684   7.27054278  -0.11433931   6.41120986\n    5.19297418]\n [  4.83497347   6.05994811  -0.11433931   5.45054046  -5.68384855\n   -1.38517607]\n [-10.91766721 -44.37457286   6.41120986  -5.68384855  42.57250374\n    9.4947568 ]\n [ -3.62144559 -12.17231854   5.19297418  -1.38517607   9.4947568\n    6.99847235]]", "nfev": "238", "njev": "34", "status": "0", "success": "True", "message": "Optimization terminated successfully.", "x": "[1.12980921 2.94324742 2.85733424 4.63934812 8.13501072 0.49572884]", "nit": "29", "callback": [0.18567288802498472, 0.1747196703877011]}, "4": {"maxiter": 100, "gtol": 1e-10, "xrtol": 1e-05, "eps": 1e-05, "duration": 0.05657315254211426, "fun": "0.1744160368167611", "jac": "[-5.36903855e-08 -1.14686038e-08  1.07802656e-08  3.92796906e-08\n -3.38618023e-09 -5.49893464e-08]", "hess_inv": "[[  8.69778608  14.62868121  -2.49969909   5.17473284 -12.24434198\n   -3.98110071]\n [ 14.62868121  59.99761019 -12.08989416   7.0512791  -48.70636245\n  -13.60309564]\n [ -2.49969909 -12.08989416   7.8015991   -0.31233698   7.5542383\n    5.78551302]\n [  5.17473284   7.0512791   -0.31233698   5.65606053  -6.49971283\n   -1.57989582]\n [-12.24434198 -48.70636245   7.5542383   -6.49971283  46.15188586\n   10.66397501]\n [ -3.98110071 -13.60309564   5.78551302  -1.57989582  10.66397501\n    7.53795002]]", "nfev": "245", "njev": "35", "status": "0", "success": "True", "message": "Optimization terminated successfully.", "x": "[1.12976071 2.94311565 2.85735546 4.63930934 8.13511451 0.49576227]", "nit": "30", "callback": [0.18567433621026264, 0.1747188361681744, 0.1744160368167611]}, "5": {"maxiter": 100, "gtol": 1e-10, "xrtol": 1e-05, "eps": 1e-10, "duration": 0.06007027626037598, "fun": "0.17441603685958385", "jac": "[-3.33066880e-06 -1.11022293e-06  4.44089173e-06 -4.44089173e-06\n  0.00000000e+00 -1.11022293e-06]", "hess_inv": "[[  9.14778933  17.4160188   -4.88357465   5.24681514 -13.95397301\n   -5.65856129]\n [ 17.4160188   68.782355   -17.40564611   8.92712272 -53.64872694\n  -16.42601154]\n [ -4.88357465 -17.40564611   8.63738351  -2.25766109  11.0204419\n    6.02046252]\n [  5.24681514   8.92712272  -2.25766109   5.45164556  -7.71992572\n   -3.11695171]\n [-13.95397301 -53.64872694  11.0204419   -7.71992572  48.50453341\n   12.1312231 ]\n [ -5.65856129 -16.42601154   6.02046252  -3.11695171  12.1312231\n    7.01509768]]", "nfev": "259", "njev": "37", "status": "0", "success": "True", "message": "Optimization terminated successfully.", "x": "[1.12975192 2.94302437 2.85741145 4.63931396 8.13518142 0.49580998]", "nit": "31", "callback": [0.18567288802498472, 0.1747196703877011, 0.17441603689624552]}, "6": {"maxiter": 100, "gtol": 1e-10, "xrtol": 1e-10, "eps": 1e-05, "duration": 0.08692407608032227, "fun": "0.1744160368160057", "jac": "[-1.28785871e-09 -1.82076576e-09  5.44009282e-10  3.33066907e-09\n -1.59872116e-09 -1.32116540e-09]", "hess_inv": "[[  8.64243189  14.68031319  -2.52222406   5.05475421 -12.14365378\n   -3.93963761]\n [ 14.68031319  60.34265696 -12.03105589   6.85445956 -48.67314477\n  -13.36953212]\n [ -2.52222406 -12.03105589   7.70069556  -0.34168026   7.51647425\n    5.70139427]\n [  5.05475421   6.85445956  -0.34168026   5.61305404  -6.33438926\n   -1.63819691]\n [-12.14365378 -48.67314477   7.51647425  -6.33438926  45.9230806\n   10.55527537]\n [ -3.93963761 -13.36953212   5.70139427  -1.63819691  10.55527537\n    7.52578576]]", "nfev": "362", "njev": "50", "status": "2", "success": "False", "message": "Desired error not necessarily achieved due to precision loss.", "x": "[1.12976092 2.94311607 2.85735546 4.63930937 8.13511421 0.49576236]", "nit": "31", "callback": [0.18567433621026264, 0.1747188361681744, 0.1744160368167611]}, "7": {"maxiter": 100, "gtol": 1e-10, "xrtol": 1e-10, "eps": 1e-10, "duration": 0.07921004295349121, "fun": "0.17441603677372064", "jac": "[-2.22044587e-06  1.11022293e-06  1.11022293e-06  1.11022293e-06\n  0.00000000e+00  0.00000000e+00]", "hess_inv": "[[ 1.87820179 -0.09181096  0.18384864  1.08748305  0.63502251 -1.16047225]\n [-0.09181096  1.59307235 -3.1849577  -0.52980802  0.77201855 -2.11987236]\n [ 0.18384864 -3.1849577   6.36930261  1.05963296 -1.54458147  4.23940906]\n [ 1.08748305 -0.52980802  1.05963296  2.26863119 -0.53849194 -0.18704663]\n [ 0.63502251  0.77201855 -1.54458147 -0.53849194  4.90405802 -0.86827854]\n [-1.16047225 -2.11987236  4.23940906 -0.18704663 -0.86827854  4.40794455]]", "nfev": "343", "njev": "49", "status": "2", "success": "False", "message": "Desired error not necessarily achieved due to precision loss.", "x": "[1.12976432 2.94308123 2.85737759 4.63932369 8.13515094 0.495786  ]", "nit": "35", "callback": [0.18567288802498472, 0.1747196703877011, 0.17441603689624552]}, "8": {"maxiter": 500, "gtol": 1e-05, "xrtol": 1e-05, "eps": 1e-05, "duration": 0.054735660552978516, "fun": "0.17441603685682672", "jac": "[-8.28936919e-07 -4.09694501e-07 -7.82818255e-07  2.92232905e-07\n -2.94775315e-07 -9.04343267e-07]", "hess_inv": "[[  8.80316949  14.93357828  -2.62351328   5.21625119 -12.48206839\n   -4.04448881]\n [ 14.93357828  60.49120684 -12.0234307    7.21306614 -49.0998401\n  -13.45037968]\n [ -2.62351328 -12.0234307    7.48287162  -0.40665841   7.51184273\n    5.4926052 ]\n [  5.21625119   7.21306614  -0.40665841   5.66794962  -6.62493246\n   -1.64091261]\n [-12.48206839 -49.0998401    7.51184273  -6.62493246  46.46521016\n   10.55236306]\n [ -4.04448881 -13.45037968   5.4926052   -1.64091261  10.55236306\n    7.28531802]]", "nfev": "238", "njev": "34", "status": "0", "success": "True", "message": "Optimization terminated successfully.", "x": "[1.12975819 2.94311713 2.85734882 4.6393074  8.13511356 0.49575619]", "nit": "29", "callback": [0.18567433621026264, 0.1747188361681744]}, "9": {"maxiter": 500, "gtol": 1e-05, "xrtol": 1e-05, "eps": 1e-10, "duration": 0.055873870849609375, "fun": "0.17441603694360175", "jac": "[-3.33066880e-06  2.22044587e-06  0.00000000e+00  3.33066880e-06\n  0.00000000e+00 -7.77156053e-06]", "hess_inv": "[[  8.1831383   13.03664826  -2.20539136   4.83497347 -10.91766721\n   -3.62144559]\n [ 13.03664826  54.76220431 -10.71494684   6.05994811 -44.37457286\n  -12.17231854]\n [ -2.20539136 -10.71494684   7.27054278  -0.11433931   6.41120986\n    5.19297418]\n [  4.83497347   6.05994811  -0.11433931   5.45054046  -5.68384855\n   -1.38517607]\n [-10.91766721 -44.37457286   6.41120986  -5.68384855  42.57250374\n    9.4947568 ]\n [ -3.62144559 -12.17231854   5.19297418  -1.38517607   9.4947568\n    6.99847235]]", "nfev": "238", "njev": "34", "status": "0", "success": "True", "message": "Optimization terminated successfully.", "x": "[1.12980921 2.94324742 2.85733424 4.63934812 8.13501072 0.49572884]", "nit": "29", "callback": [0.18567288802498472, 0.1747196703877011]}, "10": {"maxiter": 500, "gtol": 1e-05, "xrtol": 1e-10, "eps": 1e-05, "duration": 0.05522584915161133, "fun": "0.17441603685682672", "jac": "[-8.28936919e-07 -4.09694501e-07 -7.82818255e-07  2.92232905e-07\n -2.94775315e-07 -9.04343267e-07]", "hess_inv": "[[  8.80316949  14.93357828  -2.62351328   5.21625119 -12.48206839\n   -4.04448881]\n [ 14.93357828  60.49120684 -12.0234307    7.21306614 -49.0998401\n  -13.45037968]\n [ -2.62351328 -12.0234307    7.48287162  -0.40665841   7.51184273\n    5.4926052 ]\n [  5.21625119   7.21306614  -0.40665841   5.66794962  -6.62493246\n   -1.64091261]\n [-12.48206839 -49.0998401    7.51184273  -6.62493246  46.46521016\n   10.55236306]\n [ -4.04448881 -13.45037968   5.4926052   -1.64091261  10.55236306\n    7.28531802]]", "nfev": "238", "njev": "34", "status": "0", "success": "True", "message": "Optimization terminated successfully.", "x": "[1.12975819 2.94311713 2.85734882 4.6393074  8.13511356 0.49575619]", "nit": "29", "callback": [0.18567433621026264, 0.1747188361681744]}, "11": {"maxiter": 500, "gtol": 1e-05, "xrtol": 1e-10, "eps": 1e-10, "duration": 0.053520917892456055, "fun": "0.17441603694360175", "jac": "[-3.33066880e-06  2.22044587e-06  0.00000000e+00  3.33066880e-06\n  0.00000000e+00 -7.77156053e-06]", "hess_inv": "[[  8.1831383   13.03664826  -2.20539136   4.83497347 -10.91766721\n   -3.62144559]\n [ 13.03664826  54.76220431 -10.71494684   6.05994811 -44.37457286\n  -12.17231854]\n [ -2.20539136 -10.71494684   7.27054278  -0.11433931   6.41120986\n    5.19297418]\n [  4.83497347   6.05994811  -0.11433931   5.45054046  -5.68384855\n   -1.38517607]\n [-10.91766721 -44.37457286   6.41120986  -5.68384855  42.57250374\n    9.4947568 ]\n [ -3.62144559 -12.17231854   5.19297418  -1.38517607   9.4947568\n    6.99847235]]", "nfev": "238", "njev": "34", "status": "0", "success": "True", "message": "Optimization terminated successfully.", "x": "[1.12980921 2.94324742 2.85733424 4.63934812 8.13501072 0.49572884]", "nit": "29", "callback": [0.18567288802498472, 0.1747196703877011]}, "12": {"maxiter": 500, "gtol": 1e-10, "xrtol": 1e-05, "eps": 1e-05, "duration": 0.05522489547729492, "fun": "0.1744160368167611", "jac": "[-5.36903855e-08 -1.14686038e-08  1.07802656e-08  3.92796906e-08\n -3.38618023e-09 -5.49893464e-08]", "hess_inv": "[[  8.69778608  14.62868121  -2.49969909   5.17473284 -12.24434198\n   -3.98110071]\n [ 14.62868121  59.99761019 -12.08989416   7.0512791  -48.70636245\n  -13.60309564]\n [ -2.49969909 -12.08989416   7.8015991   -0.31233698   7.5542383\n    5.78551302]\n [  5.17473284   7.0512791   -0.31233698   5.65606053  -6.49971283\n   -1.57989582]\n [-12.24434198 -48.70636245   7.5542383   -6.49971283  46.15188586\n   10.66397501]\n [ -3.98110071 -13.60309564   5.78551302  -1.57989582  10.66397501\n    7.53795002]]", "nfev": "245", "njev": "35", "status": "0", "success": "True", "message": "Optimization terminated successfully.", "x": "[1.12976071 2.94311565 2.85735546 4.63930934 8.13511451 0.49576227]", "nit": "30", "callback": [0.18567433621026264, 0.1747188361681744, 0.1744160368167611]}, "13": {"maxiter": 500, "gtol": 1e-10, "xrtol": 1e-05, "eps": 1e-10, "duration": 0.05946516990661621, "fun": "0.17441603685958385", "jac": "[-3.33066880e-06 -1.11022293e-06  4.44089173e-06 -4.44089173e-06\n  0.00000000e+00 -1.11022293e-06]", "hess_inv": "[[  9.14778933  17.4160188   -4.88357465   5.24681514 -13.95397301\n   -5.65856129]\n [ 17.4160188   68.782355   -17.40564611   8.92712272 -53.64872694\n  -16.42601154]\n [ -4.88357465 -17.40564611   8.63738351  -2.25766109  11.0204419\n    6.02046252]\n [  5.24681514   8.92712272  -2.25766109   5.45164556  -7.71992572\n   -3.11695171]\n [-13.95397301 -53.64872694  11.0204419   -7.71992572  48.50453341\n   12.1312231 ]\n [ -5.65856129 -16.42601154   6.02046252  -3.11695171  12.1312231\n    7.01509768]]", "nfev": "259", "njev": "37", "status": "0", "success": "True", "message": "Optimization terminated successfully.", "x": "[1.12975192 2.94302437 2.85741145 4.63931396 8.13518142 0.49580998]", "nit": "31", "callback": [0.18567288802498472, 0.1747196703877011, 0.17441603689624552]}, "14": {"maxiter": 500, "gtol": 1e-10, "xrtol": 1e-10, "eps": 1e-05, "duration": 0.0828399658203125, "fun": "0.1744160368160057", "jac": "[-1.28785871e-09 -1.82076576e-09  5.44009282e-10  3.33066907e-09\n -1.59872116e-09 -1.32116540e-09]", "hess_inv": "[[  8.64243189  14.68031319  -2.52222406   5.05475421 -12.14365378\n   -3.93963761]\n [ 14.68031319  60.34265696 -12.03105589   6.85445956 -48.67314477\n  -13.36953212]\n [ -2.52222406 -12.03105589   7.70069556  -0.34168026   7.51647425\n    5.70139427]\n [  5.05475421   6.85445956  -0.34168026   5.61305404  -6.33438926\n   -1.63819691]\n [-12.14365378 -48.67314477   7.51647425  -6.33438926  45.9230806\n   10.55527537]\n [ -3.93963761 -13.36953212   5.70139427  -1.63819691  10.55527537\n    7.52578576]]", "nfev": "362", "njev": "50", "status": "2", "success": "False", "message": "Desired error not necessarily achieved due to precision loss.", "x": "[1.12976092 2.94311607 2.85735546 4.63930937 8.13511421 0.49576236]", "nit": "31", "callback": [0.18567433621026264, 0.1747188361681744, 0.1744160368167611]}, "15": {"maxiter": 500, "gtol": 1e-10, "xrtol": 1e-10, "eps": 1e-10, "duration": 0.07700300216674805, "fun": "0.17441603677372064", "jac": "[-2.22044587e-06  1.11022293e-06  1.11022293e-06  1.11022293e-06\n  0.00000000e+00  0.00000000e+00]", "hess_inv": "[[ 1.87820179 -0.09181096  0.18384864  1.08748305  0.63502251 -1.16047225]\n [-0.09181096  1.59307235 -3.1849577  -0.52980802  0.77201855 -2.11987236]\n [ 0.18384864 -3.1849577   6.36930261  1.05963296 -1.54458147  4.23940906]\n [ 1.08748305 -0.52980802  1.05963296  2.26863119 -0.53849194 -0.18704663]\n [ 0.63502251  0.77201855 -1.54458147 -0.53849194  4.90405802 -0.86827854]\n [-1.16047225 -2.11987236  4.23940906 -0.18704663 -0.86827854  4.40794455]]", "nfev": "343", "njev": "49", "status": "2", "success": "False", "message": "Desired error not necessarily achieved due to precision loss.", "x": "[1.12976432 2.94308123 2.85737759 4.63932369 8.13515094 0.495786  ]", "nit": "35", "callback": [0.18567288802498472, 0.1747196703877011, 0.17441603689624552]}, "16": {"maxiter": 1000, "gtol": 1e-05, "xrtol": 1e-05, "eps": 1e-05, "duration": 0.054312944412231445, "fun": "0.17441603685682672", "jac": "[-8.28936919e-07 -4.09694501e-07 -7.82818255e-07  2.92232905e-07\n -2.94775315e-07 -9.04343267e-07]", "hess_inv": "[[  8.80316949  14.93357828  -2.62351328   5.21625119 -12.48206839\n   -4.04448881]\n [ 14.93357828  60.49120684 -12.0234307    7.21306614 -49.0998401\n  -13.45037968]\n [ -2.62351328 -12.0234307    7.48287162  -0.40665841   7.51184273\n    5.4926052 ]\n [  5.21625119   7.21306614  -0.40665841   5.66794962  -6.62493246\n   -1.64091261]\n [-12.48206839 -49.0998401    7.51184273  -6.62493246  46.46521016\n   10.55236306]\n [ -4.04448881 -13.45037968   5.4926052   -1.64091261  10.55236306\n    7.28531802]]", "nfev": "238", "njev": "34", "status": "0", "success": "True", "message": "Optimization terminated successfully.", "x": "[1.12975819 2.94311713 2.85734882 4.6393074  8.13511356 0.49575619]", "nit": "29", "callback": [0.18567433621026264, 0.1747188361681744]}, "17": {"maxiter": 1000, "gtol": 1e-05, "xrtol": 1e-05, "eps": 1e-10, "duration": 0.0546422004699707, "fun": "0.17441603694360175", "jac": "[-3.33066880e-06  2.22044587e-06  0.00000000e+00  3.33066880e-06\n  0.00000000e+00 -7.77156053e-06]", "hess_inv": "[[  8.1831383   13.03664826  -2.20539136   4.83497347 -10.91766721\n   -3.62144559]\n [ 13.03664826  54.76220431 -10.71494684   6.05994811 -44.37457286\n  -12.17231854]\n [ -2.20539136 -10.71494684   7.27054278  -0.11433931   6.41120986\n    5.19297418]\n [  4.83497347   6.05994811  -0.11433931   5.45054046  -5.68384855\n   -1.38517607]\n [-10.91766721 -44.37457286   6.41120986  -5.68384855  42.57250374\n    9.4947568 ]\n [ -3.62144559 -12.17231854   5.19297418  -1.38517607   9.4947568\n    6.99847235]]", "nfev": "238", "njev": "34", "status": "0", "success": "True", "message": "Optimization terminated successfully.", "x": "[1.12980921 2.94324742 2.85733424 4.63934812 8.13501072 0.49572884]", "nit": "29", "callback": [0.18567288802498472, 0.1747196703877011]}, "18": {"maxiter": 1000, "gtol": 1e-05, "xrtol": 1e-10, "eps": 1e-05, "duration": 0.05380582809448242, "fun": "0.17441603685682672", "jac": "[-8.28936919e-07 -4.09694501e-07 -7.82818255e-07  2.92232905e-07\n -2.94775315e-07 -9.04343267e-07