{"date": "2024/09/23/, 20:11:30", "conf_id": 65, "data_type": "random\n", "num_data_points": 4, "s_rank": 0, "unitary": "[[-0.45070455-0.02711853j,0.78437395-0.06613086j,0.06358678+0.19963393j,-0.07343613+0.35668523j],[-0.01890143-0.03813363j,0.32408202+0.25557629j,0.05872864-0.68979805j,0.55466693-0.20227297j],[-0.11215405+0.64023111j,-0.13344055+0.29565494j,-0.49012687-0.19046288j,-0.04241254+0.44046348j],[0.55771659+0.24656916j,0.31851997-0.05798805j,0.28761525-0.34294258j,-0.56718418+0.03616933j]]", "databatch_0": {"databatch": "[[[-0.29709287-0.05738012j,-0.27692723+0.12676322j,0.06158464-0.25552963j,-0.05978213+0.27771505j],[0.17659824-0.03614103j,0.15701732-0.14561648j,0.05811829+0.10336511j,-0.03554335-0.18039973j],[-0.08583487+0.21342338j,0.05098499+0.23233586j,-0.17936635-0.06925879j,0.20162502+0.08631255j],[-0.1145677+0.28579553j,0.08692842+0.32858016j,-0.19695456-0.08628374j,0.27739422+0.10769839j]],[[0.05534695-0.03955108j,-0.13018068-0.16091743j,0.06985879+0.00707408j,-0.13172589+0.10423583j],[-0.14032472-0.21148356j,0.44150469+0.05944848j,-0.10779737+0.06535069j,-0.36210522-0.0005892j],[0.1379188+0.10663712j,-0.25545511-0.51874186j,0.17434815+0.07103776j,-0.15836567+0.14858822j],[0.06703095-0.04863754j,-0.17553541+0.12838278j,0.0166304-0.06674206j,0.05686029-0.00570163j]],[[-0.1602649-0.00463768j,-0.09612209-0.17047769j,-0.13669404-0.03980215j,0.01738558-0.16297645j],[-0.09908835-0.01084383j,0.13911069-0.11916099j,-0.11537706-0.14238001j,-0.00177395-0.0878042j],[-0.09243283-0.07443974j,0.27197516+0.40040898j,0.22153003-0.31211182j,0.0225904-0.13381129j],[-0.06287104-0.14520295j,0.08773282-0.51771036j,-0.23066123-0.07229668j,0.17720932-0.01393787j]],[[-0.02625638+0.14557281j,0.04720848+0.08546456j,0.00261154-0.1273997j,0.07082589-0.053372j],[0.26058933-0.29247346j,0.00497208-0.25615568j,-0.1774057+0.39033213j,-0.17655909+0.04881806j],[0.27294429+0.05141584j,0.15771805-0.09003565j,-0.29237264+0.03322039j,-0.09248046-0.0949435j],[-0.26331424+0.17398369j,-0.05539934+0.19839062j,0.22319608-0.28760609j,0.13812074-0.00938772j]]]", "initial param values": "[4.17696486,2.38564563,5.7492452,3.32856805,6.20804621,6.23530499]", "nelder_mead": {"type": "gradient-free", "0": {"maxiter": 100, "fatol": 1e-05, "xatol": 1e-05, "duration": 0.04753899574279785, "fun": "0.3935231839291117", "nit": "100", "nfev": "153", "status": "2", "success": "False", "message": "Maximum number of iterations has been exceeded.", "x": "[4.25420941 3.33983342 9.72771721 2.23258682 3.66722299 4.34424522]", "final_simplex": "(array([[ 4.25420941,  3.33983342,  9.72771721,  2.23258682,  3.66722299,\n         4.34424522],\n       [ 4.29663465,  3.31647044,  9.6857639 ,  2.03700703,  3.5370052 ,\n         4.56995795],\n       [ 4.34985882,  3.48621278,  9.7809245 ,  2.04453699,  3.20730727,\n         4.15989533],\n       [ 4.08637967,  3.42834819,  9.96982749,  2.13199914,  3.17946593,\n         4.34952918],\n       [ 3.86107866,  3.34488497,  9.63775668,  2.66039724,  3.59479657,\n         4.31725947],\n       [ 4.00393   ,  3.02801352,  9.27662893,  2.66053309,  4.14783517,\n         4.78082736],\n       [ 4.02601348,  3.6204654 , 10.06986359,  2.3147731 ,  3.28036634,\n         3.76907534]]), array([0.39352318, 0.39790096, 0.40624651, 0.46093716, 0.46428015,\n       0.47167354, 0.48750091]))", "callback": [0.7964917891902268, 0.7540474273162268, 0.740278644735753, 0.6502978115057193, 0.621671638338321, 0.6052171259442298, 0.598295276052961, 0.5583705516327888, 0.4642801507663813]}, "1": {"maxiter": 100, "fatol": 1e-05, "xatol": 1e-10, "duration": 0.045870065689086914, "fun": "0.3935231839291117", "nit": "100", "nfev": "153", "status": "2", "success": "False", "message": "Maximum number of iterations has been exceeded.", "x": "[4.25420941 3.33983342 9.72771721 2.23258682 3.66722299 4.34424522]", "final_simplex": "(array([[ 4.25420941,  3.33983342,  9.72771721,  2.23258682,  3.66722299,\n         4.34424522],\n       [ 4.29663465,  3.31647044,  9.6857639 ,  2.03700703,  3.5370052 ,\n         4.56995795],\n       [ 4.34985882,  3.48621278,  9.7809245 ,  2.04453699,  3.20730727,\n         4.15989533],\n       [ 4.08637967,  3.42834819,  9.96982749,  2.13199914,  3.17946593,\n         4.34952918],\n       [ 3.86107866,  3.34488497,  9.63775668,  2.66039724,  3.59479657,\n         4.31725947],\n       [ 4.00393   ,  3.02801352,  9.27662893,  2.66053309,  4.14783517,\n         4.78082736],\n       [ 4.02601348,  3.6204654 , 10.06986359,  2.3147731 ,  3.28036634,\n         3.76907534]]), array([0.39352318, 0.39790096, 0.40624651, 0.46093716, 0.46428015,\n       0.47167354, 0.48750091]))", "callback": [0.7964917891902268, 0.7540474273162268, 0.740278644735753, 0.6502978115057193, 0.621671638338321, 0.6052171259442298, 0.598295276052961, 0.5583705516327888, 0.4642801507663813]}, "2": {"maxiter": 100, "fatol": 1e-10, "xatol": 1e-05, "duration": 0.05322599411010742, "fun": "0.3935231839291117", "nit": "100", "nfev": "153", "status": "2", "success": "False", "message": "Maximum number of iterations has been exceeded.", "x": "[4.25420941 3.33983342 9.72771721 2.23258682 3.66722299 4.34424522]", "final_simplex": "(array([[ 4.25420941,  3.33983342,  9.72771721,  2.23258682,  3.66722299,\n         4.34424522],\n       [ 4.29663465,  3.31647044,  9.6857639 ,  2.03700703,  3.5370052 ,\n         4.56995795],\n       [ 4.34985882,  3.48621278,  9.7809245 ,  2.04453699,  3.20730727,\n         4.15989533],\n       [ 4.08637967,  3.42834819,  9.96982749,  2.13199914,  3.17946593,\n         4.34952918],\n       [ 3.86107866,  3.34488497,  9.63775668,  2.66039724,  3.59479657,\n         4.31725947],\n       [ 4.00393   ,  3.02801352,  9.27662893,  2.66053309,  4.14783517,\n         4.78082736],\n       [ 4.02601348,  3.6204654 , 10.06986359,  2.3147731 ,  3.28036634,\n         3.76907534]]), array([0.39352318, 0.39790096, 0.40624651, 0.46093716, 0.46428015,\n       0.47167354, 0.48750091]))", "callback": [0.7964917891902268, 0.7540474273162268, 0.740278644735753, 0.6502978115057193, 0.621671638338321, 0.6052171259442298, 0.598295276052961, 0.5583705516327888, 0.4642801507663813]}, "3": {"maxiter": 100, "fatol": 1e-10, "xatol": 1e-10, "duration": 0.05028104782104492, "fun": "0.3935231839291117", "nit": "100", "nfev": "153", "status": "2", "success": "False", "message": "Maximum number of iterations has been exceeded.", "x": "[4.25420941 3.33983342 9.72771721 2.23258682 3.66722299 4.34424522]", "final_simplex": "(array([[ 4.25420941,  3.33983342,  9.72771721,  2.23258682,  3.66722299,\n         4.34424522],\n       [ 4.29663465,  3.31647044,  9.6857639 ,  2.03700703,  3.5370052 ,\n         4.56995795],\n       [ 4.34985882,  3.48621278,  9.7809245 ,  2.04453699,  3.20730727,\n         4.15989533],\n       [ 4.08637967,  3.42834819,  9.96982749,  2.13199914,  3.17946593,\n         4.34952918],\n       [ 3.86107866,  3.34488497,  9.63775668,  2.66039724,  3.59479657,\n         4.31725947],\n       [ 4.00393   ,  3.02801352,  9.27662893,  2.66053309,  4.14783517,\n         4.78082736],\n       [ 4.02601348,  3.6204654 , 10.06986359,  2.3147731 ,  3.28036634,\n         3.76907534]]), array([0.39352318, 0.39790096, 0.40624651, 0.46093716, 0.46428015,\n       0.47167354, 0.48750091]))", "callback": [0.7964917891902268, 0.7540474273162268, 0.740278644735753, 0.6502978115057193, 0.621671638338321, 0.6052171259442298, 0.598295276052961, 0.5583705516327888, 0.4642801507663813]}, "4": {"maxiter": 500, "fatol": 1e-05, "xatol": 1e-05, "duration": 0.19673705101013184, "fun": "0.24643515038586505", "nit": "400", "nfev": "637", "status": "0", "success": "True", "message": "Optimization terminated successfully.", "x": "[5.0236331  4.21468688 9.61652444 1.86650725 4.17538488 4.89460043]", "final_simplex": "(array([[5.0236331 , 4.21468688, 9.61652444, 1.86650725, 4.17538488,\n        4.89460043],\n       [5.02362971, 4.21468545, 9.61652601, 1.8665139 , 4.17538483,\n        4.89459994],\n       [5.02363043, 4.21468401, 9.61652878, 1.86651022, 4.17538278,\n        4.89460202],\n       [5.02362817, 4.21468167, 9.61652471, 1.86651257, 4.17538404,\n        4.89460149],\n       [5.02362941, 4.21468236, 9.61652538, 1.86651252, 4.17538121,\n        4.89459756],\n       [5.02363108, 4.21468153, 9.61653089, 1.86651336, 4.17538434,\n        4.89459935],\n       [5.02363149, 4.21468403, 9.61652566, 1.86651403, 4.17538624,\n        4.89460181]]), array([0.24643515, 0.24643515, 0.24643515, 0.24643515, 0.24643515,\n       0.24643515, 0.24643515]))", "callback": [0.7964917891902268, 0.7540474273162268, 0.740278644735753, 0.6502978115057193, 0.621671638338321, 0.6052171259442298, 0.598295276052961, 0.5583705516327888, 0.4642801507663813, 0.3935231839291117, 0.3515972757829844, 0.3515972757829844, 0.35005215972784864, 0.349737588010543, 0.3487560575931177, 0.3460714992310788, 0.3432798138680817, 0.3412964639589162, 0.3395937933589386, 0.3379952991350763, 0.3336079636207603, 0.3216106778820671, 0.2960173019753831, 0.2510727134862616, 0.24755181977567897, 0.24663059788056418, 0.24650223064250976, 0.24644784622042282, 0.24643725289519547, 0.24643725289519547, 0.24643544150177887, 0.2464353512220887, 0.24643518811661813, 0.2464351609425688, 0.24643515196000632, 0.2464351511190086, 0.24643515053382792, 0.2464351504106459, 0.24643515039369113, 0.24643515038586505]}, "5": {"maxiter": 500, "fatol": 1e-05, "xatol": 1e-10, "duration": 0.25632381439208984, "fun": "0.24643515037340435", "nit": "500", "nfev": "795", "status": "2", "success": "False", "message": "Maximum number of iterations has been exceeded.", "x": "[5.02362566 4.21468596 9.61652763 1.86650648 4.17538703 4.89459965]", "final_simplex": "(array([[5.02362566, 4.21468596, 9.61652763, 1.86650648, 4.17538703,\n        4.89459965],\n       [5.02362568, 4.21468595, 9.61652762, 1.86650654, 4.175387  ,\n        4.89459958],\n       [5.02362568, 4.21468595, 9.6165276 , 1.86650655, 4.17538701,\n        4.89459965],\n       [5.02362565, 4.21468596, 9.61652762, 1.86650655, 4.175387  ,\n        4.89459965],\n       [5.02362565, 4.21468595, 9.61652762, 1.86650653, 4.17538697,\n        4.89459961],\n       [5.02362565, 4.21468593, 9.61652755, 1.86650655, 4.175387  ,\n        4.89459963],\n       [5.02362564, 4.21468589, 9.61652764, 1.8665065 , 4.17538698,\n        4.89459959]]), array([0.24643515, 0.24643515, 0.24643515, 0.24643515, 0.24643515,\n       0.24643515, 0.24643515]))", "callback": [0.7964917891902268, 0.7540474273162268, 0.740278644735753, 0.6502978115057193, 0.621671638338321, 0.6052171259442298, 0.598295276052961, 0.5583705516327888, 0.4642801507663813, 0.3935231839291117, 0.3515972757829844, 0.3515972757829844, 0.35005215972784864, 0.349737588010543, 0.3487560575931177, 0.3460714992310788, 0.3432798138680817, 0.3412964639589162, 0.3395937933589386, 0.3379952991350763, 0.3336079636207603, 0.3216106778820671, 0.2960173019753831, 0.2510727134862616, 0.24755181977567897, 0.24663059788056418, 0.24650223064250976, 0.24644784622042282, 0.24643725289519547, 0.24643725289519547, 0.24643544150177887, 0.2464353512220887, 0.24643518811661813, 0.2464351609425688, 0.24643515196000632, 0.2464351511190086, 0.24643515053382792, 0.2464351504106459, 0.24643515039369113, 0.24643515038394348, 0.24643515037863462, 0.246435150374693, 0.246435150374693, 0.2464351503736424, 0.24643515037349473, 0.246435150373431, 0.24643515037341368, 0.24643515037340813, 0.24643515037340546]}, "6": {"maxiter": 500, "fatol": 1e-10, "xatol": 1e-05, "duration": 0.1971902847290039, "fun": "0.24643515038586505", "nit": "400", "nfev": "637", "status": "0", "success": "True", "message": "Optimization terminated successfully.", "x": "[5.0236331  4.21468688 9.61652444 1.86650725 4.17538488 4.89460043]", "final_simplex": "(array([[5.0236331 , 4.21468688, 9.61652444, 1.86650725, 4.17538488,\n        4.89460043],\n       [5.02362971, 4.21468545, 9.61652601, 1.8665139 , 4.17538483,\n        4.89459994],\n       [5.02363043, 4.21468401, 9.61652878, 1.86651022, 4.17538278,\n        4.89460202],\n       [5.02362817, 4.21468167, 9.61652471, 1.86651257, 4.17538404,\n        4.89460149],\n       [5.02362941, 4.21468236, 9.61652538, 1.86651252, 4.17538121,\n        4.89459756],\n       [5.02363108, 4.21468153, 9.61653089, 1.86651336, 4.17538434,\n        4.89459935],\n       [5.02363149, 4.21468403, 9.61652566, 1.86651403, 4.17538624,\n        4.89460181]]), array([0.24643515, 0.24643515, 0.24643515, 0.24643515, 0.24643515,\n       0.24643515, 0.24643515]))", "callback": [0.7964917891902268, 0.7540474273162268, 0.740278644735753, 0.6502978115057193, 0.621671638338321, 0.6052171259442298, 0.598295276052961, 0.5583705516327888, 0.4642801507663813, 0.3935231839291117, 0.3515972757829844, 0.3515972757829844, 0.35005215972784864, 0.349737588010543, 0.3487560575931177, 0.3460714992310788, 0.3432798138680817, 0.3412964639589162, 0.3395937933589386, 0.3379952991350763, 0.3336079636207603, 0.3216106778820671, 0.2960173019753831, 0.2510727134862616, 0.24755181977567897, 0.24663059788056418, 0.24650223064250976, 0.24644784622042282, 0.24643725289519547, 0.24643725289519547, 0.24643544150177887, 0.2464353512220887, 0.24643518811661813, 0.2464351609425688, 0.24643515196000632, 0.2464351511190086, 0.24643515053382792, 0.2464351504106459, 0.24643515039369113, 0.24643515038586505]}, "7": {"maxiter": 500, "fatol": 1e-10, "xatol": 1e-10, "duration": 0.27664899826049805, "fun": "0.24643515037340435", "nit": "500", "nfev": "795", "status": "2", "success": "False", "message": "Maximum number of iterations has been exceeded.", "x": "[5.02362566 4.21468596 9.61652763 1.86650648 4.17538703 4.89459965]", "final_simplex": "(array([[5.02362566, 4.21468596, 9.61652763, 1.86650648, 4.17538703,\n        4.89459965],\n       [5.02362568, 4.21468595, 9.61652762, 1.86650654, 4.175387  ,\n        4.89459958],\n       [5.02362568, 4.21468595, 9.6165276 , 1.86650655, 4.17538701,\n        4.89459965],\n       [5.02362565, 4.21468596, 9.61652762, 1.86650655, 4.175387  ,\n        4.89459965],\n       [5.02362565, 4.21468595, 9.61652762, 1.86650653, 4.17538697,\n        4.89459961],\n       [5.02362565, 4.21468593, 9.61652755, 1.86650655, 4.175387  ,\n        4.89459963],\n       [5.02362564, 4.21468589, 9.61652764, 1.8665065 , 4.17538698,\n        4.89459959]]), array([0.24643515, 0.24643515, 0.24643515, 0.24643515, 0.24643515,\n       0.24643515, 0.24643515]))", "callback": [0.7964917891902268, 0.7540474273162268, 0.740278644735753, 0.6502978115057193, 0.621671638338321, 0.6052171259442298, 0.598295276052961, 0.5583705516327888, 0.4642801507663813, 0.3935231839291117, 0.3515972757829844, 0.3515972757829844, 0.35005215972784864, 0.349737588010543, 0.3487560575931177, 0.3460714992310788, 0.3432798138680817, 0.3412964639589162, 0.3395937933589386, 0.3379952991350763, 0.3336079636207603, 0.3216106778820671, 0.2960173019753831, 0.2510727134862616, 0.24755181977567897, 0.24663059788056418, 0.24650223064250976, 0.24644784622042282, 0.24643725289519547, 0.24643725289519547, 0.24643544150177887, 0.2464353512220887, 0.24643518811661813, 0.2464351609425688, 0.24643515196000632, 0.2464351511190086, 0.24643515053382792, 0.2464351504106459, 0.24643515039369113, 0.24643515038394348, 0.24643515037863462, 0.246435150374693, 0.246435150374693, 0.2464351503736424, 0.24643515037349473, 0.246435150373431, 0.24643515037341368, 0.24643515037340813, 0.24643515037340546]}, "8": {"maxiter": 1000, "fatol": 1e-05, "xatol": 1e-05, "duration": 0.21793389320373535, "fun": "0.24643515038586505", "nit": "400", "nfev": "637", "status": "0", "success": "True", "message": "Optimization terminated successfully.", "x": "[5.0236331  4.21468688 9.61652444 1.86650725 4.17538488 4.89460043]", "final_simplex": "(array([[5.0236331 , 4.21468688, 9.61652444, 1.86650725, 4.17538488,\n        4.89460043],\n       [5.02362971, 4.21468545, 9.61652601, 1.8665139 , 4.17538483,\n        4.89459994],\n       [5.02363043, 4.21468401, 9.61652878, 1.86651022, 4.17538278,\n        4.89460202],\n       [5.02362817, 4.21468167, 9.61652471, 1.86651257, 4.17538404,\n        4.89460149],\n       [5.02362941, 4.21468236, 9.61652538, 1.86651252, 4.17538121,\n        4.89459756],\n       [5.02363108, 4.21468153, 9.61653089, 1.86651336, 4.17538434,\n        4.89459935],\n       [5.02363149, 4.21468403, 9.61652566, 1.86651403, 4.17538624,\n        4.89460181]]), array([0.24643515, 0.24643515, 0.24643515, 0.24643515, 0.24643515,\n       0.24643515, 0.24643515]))", "callback": [0.7964917891902268, 0.7540474273162268, 0.740278644735753, 0.6502978115057193, 0.621671638338321, 0.6052171259442298, 0.598295276052961, 0.5583705516327888, 0.4642801507663813, 0.3935231839291117, 0.3515972757829844, 0.3515972757829844, 0.35005215972784864, 0.349737588010543, 0.3487560575931177, 0.3460714992310788, 0.3432798138680817, 0.3412964639589162, 0.3395937933589386, 0.3379952991350763, 0.3336079636207603, 0.3216106778820671, 0.2960173019753831, 0.2510727134862616, 0.24755181977567897, 0.24663059788056418, 0.24650223064250976, 0.24644784622042282, 0.24643725289519547, 0.24643725289519547, 0.24643544150177887, 0.2464353512220887, 0.24643518811661813, 0.2464351609425688, 0.24643515196000632, 0.2464351511190086, 0.24643515053382792, 0.2464351504106459, 0.24643515039369113, 0.24643515038586505]}, "9": {"maxiter": 1000, "fatol": 1e-05, "xatol": 1e-10, "duration": 0.2787761688232422, "fun": "0.24643515037340336", "nit": "543", "nfev": "916", "status": "0", "success": "True", "message": "Optimization terminated successfully.", "x": "[5.02362568 4.21468593 9.61652762 1.86650652 4.17538703 4.89459958]", "final_simplex": "(array([[5.02362568, 4.21468593, 9.61652762, 1.86650652, 4.17538703,\n        4.89459958],\n       [5.02362568, 4.21468593, 9.61652762, 1.86650652, 4.17538703,\n        4.89459958],\n       [5.02362568, 4.21468593, 9.61652762, 1.86650652, 4.17538703,\n        4.89459958],\n       [5.02362568, 4.21468593, 9.61652762, 1.86650652, 4.17538703,\n        4.89459958],\n       [5.02362568, 4.21468593, 9.61652762, 1.86650652, 4.17538703,\n        4.89459958],\n       [5.02362568, 4.21468593, 9.61652762, 1.86650652, 4.17538703,\n        4.89459958],\n       [5.02362568, 4.21468593, 9.61652762, 1.86650652, 4.17538703,\n        4.89459958]]), array([0.24643515, 0.24643515, 0.24643515, 0.24643515, 0.24643515,\n       0.24643515, 0.24643515]))", "callback": [0.7964917891902268, 0.7540474273162268, 0.740278644735753, 0.6502978115057193, 0.621671638338321, 0.6052171259442298, 0.598295276052961, 0.5583705516327888, 0.4642801507663813, 0.3935231839291117, 0.3515972757829844, 0.3515972757829844, 0.35005215972784864, 0.349737588010543, 0.3487560575931177, 0.3460714992310788, 0.3432798138680817, 0.3412964639589162, 0.3395937933589386, 0.3379952991350763, 0.3336079636207603, 0.3216106778820671, 0.2960173019753831, 0.2510727134862616, 0.24755181977567897, 0.24663059788056418, 0.24650223064250976, 0.24644784622042282, 0.24643725289519547, 0.24643725289519547, 0.24643544150177887, 0.2464353512220887, 0.24643518811661813, 0.2464351609425688, 0.24643515196000632, 0.2464351511190086, 0.24643515053382792, 0.2464351504106459, 0.24643515039369113, 0.24643515038394348, 0.24643515037863462, 0.246435150374693, 0.246435150374693, 0.2464351503736424, 0.24643515037349473, 0.246435150373431, 0.24643515037341368, 0.24643515037340813, 0.24643515037340546, 0.24643515037340424, 0.24643515037340347, 0.24643515037340336, 0.24643515037340336, 0.24643515037340336]}, "10": {"maxiter": 1000, "fatol": 1e-10, "xatol": 1e-05, "duration": 0.2538151741027832, "fun": "0.24643515038586505", "nit": "400", "nfev": "637", "status": "0", "success": "True", "message": "Optimization terminated successfully.", "x": "[5.0236331  4.21468688 9.61652444 1.86650725 4.17538488 4.89460043]", "final_simplex": "(array([[5.0236331 , 4.21468688, 9.61652444, 1.86650725, 4.17538488,\n        4.89460043],\n       [5.02362971, 4.21468545, 9.61652601, 1.8665139 , 4.17538483,\n        4.89459994],\n       [5.02363043, 4.21468401, 9.61652878, 1.86651022, 4.17538278,\n        4.89460202],\n       [5.02362817, 4.21468167, 9.61652471, 1.86651257, 4.17538404,\n        4.89460149],\n       [5.02362941, 4.21468236, 9.61652538, 1.86651252, 4.17538121,\n        4.89459756],\n       [5.02363108, 4.21468153, 9.61653089, 1.86651336, 4.17538434,\n        4.89459935],\n       [5.02363149, 4.21468403, 9.61652566, 1.86651403, 4.17538624,\n        4.89460181]]), array([0.24643515, 0.24643515, 0.24643515, 0.24643515, 0.24643515,\n       0.24643515, 0.24643515]))", "callback": [0.7964917891902268, 0.7540474273162268, 0.740278644735753, 0.6502978115057193, 0.621671638338321, 0.6052171259442298, 0.598295276052961, 0.5583705516327888, 0.4642801507663813, 0.3935231839291117, 0.3515972757829844, 0.3515972757829844, 0.35005215972784864, 0.349737588010543, 0.3487560575931177, 0.3460714992310788, 0.3432798138680817, 0.3412964639589162, 0.3395937933589386, 0.3379952991350763, 0.3336079636207603, 0.3216106778820671, 0.2960173019753831, 0.2510727134862616, 0.24755181977567897, 0.24663059788056418, 0.24650223064250976, 0.24644784622042282, 0.24643725289519547, 0.24643725289519547, 0.24643544150177887, 0.2464353512220887, 0.24643518811661813, 0.2464351609425688, 0.24643515196000632, 0.2464351511190086, 0.24643515053382792, 0.2464351504106459, 0.24643515039369113, 0.24643515038586505]}, "11": {"maxiter": 1000, "fatol": 1e-10, "xatol": 1e-10, "duration": 0.28899693489074707, "fun": "0.24643515037340336", "nit": "543", "nfev": "916", "status": "0", "success": "True", "message": "Optimization terminated successfully.", "x": "[5.02362568 4.21468593 9.61652762 1.86650652 4.17538703 4.89459958]", "final_simplex": "(array([[5.02362568, 4.21468593, 9.61652762, 1.86650652, 4.17538703,\n        4.89459958],\n       [5.02362568, 4.21468593, 9.61652762, 1.86650652, 4.17538703,\n        4.89459958],\n       [5.02362568, 4.21468593, 9.61652762, 1.86650652, 4.17538703,\n        4.89459958],\n       [5.02362568, 4.21468593, 9.61652762, 1.86650652, 4.17538703,\n        4.89459958],\n       [5.02362568, 4.21468593, 9.61652762, 1.86650652, 4.17538703,\n        4.89459958],\n       [5.02362568, 4.21468593, 9.61652762, 1.86650652, 4.17538703,\n        4.89459958],\n       [5.02362568, 4.21468593, 9.61652762, 1.86650652, 4.17538703,\n        4.89459958]]), array([0.24643515, 0.24643515, 0.24643515, 0.24643515, 0.24643515,\n       0.24643515, 0.24643515]))", "callback": [0.7964917891902268, 0.7540474273162268, 0.740278644735753, 0.6502978115057193, 0.621671638338321, 0.6052171259442298, 0.598295276052961, 0.5583705516327888, 0.4642801507663813, 0.3935231839291117, 0.3515972757829844, 0.3515972757829844, 0.35005215972784864, 0.349737588010543, 0.3487560575931177, 0.3460714992310788, 0.3432798138680817, 0.3412964639589162, 0.3395937933589386, 0.3379952991350763, 0.3336079636207603, 0.3216106778820671, 0.2960173019753831, 0.2510727134862616, 0.24755181977567897, 0.24663059788056418, 0.24650223064250976, 0.24644784622042282, 0.24643725289519547, 0.24643725289519547, 0.24643544150177887, 0.2464353512220887, 0.24643518811661813, 0.2464351609425688, 0.24643515196000632, 0.2464351511190086, 0.24643515053382792, 0.2464351504106459, 0.24643515039369113, 0.24643515038394348, 0.24643515037863462, 0.246435150374693, 0.246435150374693, 0.2464351503736424, 0.24643515037349473, 0.246435150373431, 0.24643515037341368, 0.24643515037340813, 0.24643515037340546, 0.24643515037340424, 0.24643515037340347, 0.24643515037340336, 0.24643515037340336, 0.24643515037340336]}}, "bfgs": {"type": "gradient", "0": {"maxiter": 100, "gtol": 1e-05, "xrtol": 1e-05, "eps": 1e-05, "duration": 0.0673820972442627, "fun": "0.5329415188627997", "jac": "[-1.38674627e-06  1.94178007e-07 -1.36921585e-06 -1.86053395e-06\n -7.50510765e-09 -1.03625997e-06]", "hess_inv": "[[  7.17164067   0.1764137   -0.31556917  -3.02183654  -3.81980541\n    2.93558618]\n [  0.1764137   17.7596658   14.73894618  -2.96876918  -0.84793639\n   10.93764696]\n [ -0.31556917  14.73894618  19.94837087  -5.23643366   3.88441363\n    7.78030358]\n [ -3.02183654  -2.96876918  -5.23643366   8.31510859   0.75166285\n   -4.1789156 ]\n [ -3.81980541  -0.84793639   3.88441363   0.75166285  16.68562908\n  -12.85276352]\n [  2.93558618  10.93764696   7.78030358  -4.1789156  -12.85276352\n   21.54356036]]", "nfev": "210", "njev": "30", "status": "0", "success": "True", "message": "Optimization terminated successfully.", "x": "[4.05111171 1.36278775 3.78420949 5.63804938 6.47847336 5.26200761]", "nit": "26", "callback": [0.5388919939258761, 0.5329912621503647]}, "1": {"maxiter": 100, "gtol": 1e-05, "xrtol": 1e-05, "eps": 1e-10, "duration": 0.08168601989746094, "fun": "0.5329415189523499", "jac": "[-3.33066880e-06 -2.22044587e-06 -3.33066880e-06 -3.33066880e-06\n -2.22044587e-06 -2.22044587e-06]", "hess_inv": "[[  7.21393398   0.29239226  -0.1610235   -3.05408998  -3.75681262\n    2.97875633]\n [  0.29239226  17.30996207  14.31009147  -2.78031584  -0.84821946\n   10.58598717]\n [ -0.1610235   14.31009147  19.57387417  -5.05485655   3.92076919\n    7.4188395 ]\n [ -3.05408998  -2.78031584  -5.05485655   8.24852745   0.77347672\n   -4.05124753]\n [ -3.75681262  -0.84821946   3.92076919   0.77347672  16.72505241\n  -12.88285385]\n [  2.97875633  10.58598717   7.4188395   -4.05124753 -12.88285385\n   21.28763258]]", "nfev": "210", "njev": "30", "status": "0", "success": "True", "message": "Optimization terminated successfully.", "x": "[4.05111047 1.36276598 3.78418303 5.6380653  6.47846487 5.26199837]", "nit": "26", "callback": [0.5388926538526402, 0.5329913359219337]}, "2": {"maxiter": 100, "gtol": 1e-05, "xrtol": 1e-10, "eps": 1e-05, "duration": 0.0819542407989502, "fun": "0.5329415188627997", "jac": "[-1.38674627e-06  1.94178007e-07 -1.36921585e-06 -1.86053395e-06\n -7.50510765e-09 -1.03625997e-06]", "hess_inv": "[[  7.17164067   0.1764137   -0.31556917  -3.02183654  -3.81980541\n    2.93558618]\n [  0.1764137   17.7596658   14.73894618  -2.96876918  -0.84793639\n   10.93764696]\n [ -0.31556917  14.73894618  19.94837087  -5.23643366   3.88441363\n    7.78030358]\n [ -3.02183654  -2.96876918  -5.23643366   8.31510859   0.75166285\n   -4.1789156 ]\n [ -3.81980541  -0.84793639   3.88441363   0.75166285  16.68562908\n  -12.85276352]\n [  2.93558618  10.93764696   7.78030358  -4.1789156  -12.85276352\n   21.54356036]]", "nfev": "210", "njev": "30", "status": "0", "success": "True", "message": "Optimization terminated successfully.", "x": "[4.05111171 1.36278775 3.78420949 5.63804938 6.47847336 5.26200761]", "nit": "26", "callback": [0.5388919939258761, 0.5329912621503647]}, "3": {"maxiter": 100, "gtol": 1e-05, "xrtol": 1e-10, "eps": 1e-10, "duration": 0.0792531967163086, "fun": "0.5329415189523499", "jac": "[-3.33066880e-06 -2.22044587e-06 -3.33066880e-06 -3.33066880e-06\n -2.22044587e-06 -2.22044587e-06]", "hess_inv": "[[  7.21393398   0.29239226  -0.1610235   -3.05408998  -3.75681262\n    2.97875633]\n [  0.29239226  17.30996207  14.31009147  -2.78031584  -0.84821946\n   10.58598717]\n [ -0.1610235   14.31009147  19.57387417  -5.05485655   3.92076919\n    7.4188395 ]\n [ -3.05408998  -2.78031584  -5.05485655   8.24852745   0.77347672\n   -4.05124753]\n [ -3.75681262  -0.84821946   3.92076919   0.77347672  16.72505241\n  -12.88285385]\n [  2.97875633  10.58598717   7.4188395   -4.05124753 -12.88285385\n   21.28763258]]", "nfev": "210", "njev": "30", "status": "0", "success": "True", "message": "Optimization terminated successfully.", "x": "[4.05111047 1.36276598 3.78418303 5.6380653  6.47846487 5.26199837]", "nit": "26", "callback": [0.5388926538526402, 0.5329913359219337]}, "4": {"maxiter": 100, "gtol": 1e-10, "xrtol": 1e-05, "eps": 1e-05, "duration": 0.08637213706970215, "fun": "0.5329415187547997", "jac": "[-1.47193369e-07  2.51132448e-08 -7.01660952e-08 -1.12643228e-07\n -2.59792188e-08 -1.48547841e-08]", "hess_inv": "[[  7.10210863   0.39687216  -0.13564773  -3.09006861  -3.91706602\n    3.18733154]\n [  0.39687216  18.73984226  15.68097201  -2.99282181  -1.33908645\n   12.09607281]\n [ -0.13564773  15.68097201  20.84515785  -5.27640385   3.41592346\n    8.89127891]\n [ -3.09006861  -2.99282181  -5.27640385   8.28256639   0.77068082\n   -4.21198576]\n [ -3.91706602  -1.33908645   3.41592346   0.77068082  16.93027176\n  -13.43225516]\n [  3.18733154  12.09607281   8.89127891  -4.21198576 -13.43225516\n   22.91200026]]", "nfev": "217", "njev": "31", "status": "0", "success": "True", "message": "Optimization terminated successfully.", "x": "[4.05111882 1.36281308 3.78423422 5.6380495  6.47846051 5.26203766]", "nit": "27", "callback": [0.5388919939258761, 0.5329912621503647]}, "5": {"maxiter": 100, "gtol": 1e-10, "xrtol": 1e-05, "eps": 1e-10, "duration": 0.08894991874694824, "fun": "0.5329415186940386", "jac": "[-1.11022293e-06 -1.11022293e-06 -1.11022293e-06 -1.11022293e-06\n -1.11022293e-06 -1.11022293e-06]", "hess_inv": "[[  7.03650502   0.16258454  -0.37180001  -3.17036937  -4.16231108\n    3.29683419]\n [  0.16258454  16.61459057  14.51369159  -4.17830059  -0.59290278\n   10.59450758]\n [ -0.37180001  14.51369159  20.55936693  -6.61066428   3.76329708\n    8.44765222]\n [ -3.17036937  -4.17830059  -6.61066428   8.64159953   0.72306785\n   -5.11848424]\n [ -4.16231108  -0.59290278   3.76329708   0.72306785  15.58528093\n  -11.71661338]\n [  3.29683419  10.59450758   8.44765222  -5.11848424 -11.71661338\n   20.81840297]]", "nfev": "224", "njev": "32", "status": "0", "success": "True", "message": "Optimization terminated successfully.", "x": "[4.05112055 1.36286004 3.78428759 5.63804247 6.47847322 5.26206418]", "nit": "28", "callback": [0.5388926538526402, 0.5329913359219337]}, "6": {"maxiter": 100, "gtol": 1e-10, "xrtol": 1e-10, "eps": 1e-05, "duration": 0.08356904983520508, "fun": "0.5329415187522722", "jac": "[ 2.22044605e-11  0.00000000e+00 -1.11022302e-11  1.11022302e-11\n -2.22044605e-11 -3.33066907e-11]", "hess_inv": "[[  7.11906401   0.66911567   0.20844663  -3.17004053  -3.7583938\n    3.27677536]\n [  0.66911567  19.10495268  16.35356015  -3.1474259   -0.44456872\n   11.57304516]\n [  0.20844663  16.35356015  21.99946947  -5.58152712   4.86305772\n    8.12269259]\n [ -3.17004053  -3.1474259   -5.58152712   8.38747227   0.2723295\n   -3.88806028]\n [ -3.7583938   -0.44456872   4.86305772   0.2723295   18.73936889\n  -14.30976124]\n [  3.27677536  11.57304516   8.12269259  -3.88806028 -14.30976124\n   23.23670186]]", "nfev": "238", "njev": "34", "status": "0", "success": "True", "message": "Optimization terminated successfully.", "x": "[4.05111949 1.36281365 3.78423499 5.63804963 6.47846058 5.26203797]", "nit": "30", "callback": [0.5388919939258761, 0.5329912621503647, 0.5329415187522722]}, "7": {"maxiter": 100, "gtol": 1e-10, "xrtol": 1e-10, "eps": 1e-10, "duration": 0.10845208168029785, "fun": "0.5329415186940386", "jac": "[ 0.00000000e+00 -1.11022293e-06  0.00000000e+00  0.00000000e+00\n  1.11022293e-06  1.11022293e-06]", "hess_inv": "[[  7.02316973  -0.28623285  -0.76715171  -3.1648437   -4.0871134\n    2.93437545]\n [ -0.28623285  10.25359685   7.7398152   -2.67585241  -1.03773511\n    6.01912628]\n [ -0.76715171   7.7398152   13.71796069  -5.46343368   3.76981635\n    3.39673215]\n [ -3.1648437   -2.67585241  -5.46343368   8.83750225   0.24392178\n   -3.82056963]\n [ -4.0871134   -1.03773511   3.76981635   0.24392178  16.17385498\n  -12.26698602]\n [  2.93437545   6.01912628   3.39673215  -3.82056963 -12.26698602\n   17.61306117]]", "nfev": "308", "njev": "44", "status": "0", "success": "True", "message": "Optimization terminated successfully.", "x": "[4.05112055 1.36286004 3.78428759 5.63804247 6.47847322 5.26206418]", "nit": "29", "callback": [0.5388926538526402, 0.5329913359219337]}, "8": {"maxiter": 500, "gtol": 1e-05, "xrtol": 1e-05, "eps": 1e-05, "duration": 0.0705108642578125, "fun": "0.5329415188627997", "jac": "[-1.38674627e-06  1.94178007e-07 -1.36921585e-06 -1.86053395e-06\n -7.50510765e-09 -1.03625997e-06]", "hess_inv": "[[  7.17164067   0.1764137   -0.31556917  -3.02183654  -3.81980541\n    2.93558618]\n [  0.1764137   17.7596658   14.73894618  -2.96876918  -0.84793639\n   10.93764696]\n [ -0.31556917  14.73894618  19.94837087  -5.23643366   3.88441363\n    7.78030358]\n [ -3.02183654  -2.96876918  -5.23643366   8.31510859   0.75166285\n   -4.1789156 ]\n [ -3.81980541  -0.84793639   3.88441363   0.75166285  16.68562908\n  -12.85276352]\n [  2.93558618  10.93764696   7.78030358  -4.1789156  -12.85276352\n   21.54356036]]", "nfev": "210", "njev": "30", "status": "0", "success": "True", "message": "Optimization terminated successfully.", "x": "[4.05111171 1.36278775 3.78420949 5.63804938 6.47847336 5.26200761]", "nit": "26", "callback": [0.5388919939258761, 0.5329912621503647]}, "9": {"maxiter": 500, "gtol": 1e-05, "xrtol": 1e-05, "eps": 1e-10, "duration": 0.06493592262268066, "fun": "0.5329415189523499", "jac": "[-3.33066880e-06 -2.22044587e-06 -3.33066880e-06 -3.33066880e-06\n -2.22044587e-06 -2.22044587e-06]", "hess_inv": "[[  7.21393398   0.29239226  -0.1610235   -3.05408998  -3.75681262\n    2.97875633]\n [  0.29239226  17.30996207  14.31009147  -2.78031584  -0.84821946\n   10.58598717]\n [ -0.1610235   14.31009147  19.57387417  -5.05485655   3.92076919\n    7.4188395 ]\n [ -3.05408998  -2.78031584  -5.05485655   8.24852745   0.77347672\n   -4.05124753]\n [ -3.75681262  -0.84821946   3.92076919   0.77347672  16.72505241\n  -12.88285385]\n [  2.97875633  10.58598717   7.4188395   -4.05124753 -12.88285385\n   21.28763258]]", "nfev": "210", "njev": "30", "status": "0", "success": "True", "message": "Optimization terminated successfully.", "x": "[4.05111047 1.36276598 3.78418303 5.6380653  6.47846487 5.26199837]", "nit": "26", "callback": [0.5388926538526402, 0.5329913359219337]}, "10": {"maxiter": 500, "gtol": 1e-05, "xrtol": 1e-10, "eps": 1e-05, "duration": 0.06525611877441406, "fun": "0.5329415188627997", "jac": "[-1.38674627e-06  1.94178007e-07 -1.36921585e-06 -1.86053395e-06\n -7.50510765e-09 -1.03625997e-06]", "hess_inv": "[[  7.17164067   0.1764137   -0.31556917  -3.02183654  -3.81980541\n    2.93558618]\n [  0.1764137   17.7596658   14.73894618  -2.96876918  -0.84793639\n   10.93764696]\n [ -0.31556917  14.73894618  19.94837087  -5.23643366   3.88441363\n    7.78030358]\n [ -3.02183654  -2.96876918  -5.23643366   8.31510859   0.75166285\n   -4.1789156 ]\n [ -3.81980541  -0.84793639   3.88441363   0.75166285  16.68562908\n  -12.85276352]\n [  2.93558618  10.93764696   7.78030358  -4.1789156  -12.85276352\n   21.54356036]]", "nfev": "210", "njev": "30", "status": "0", "success": "True", "message": "Optimization terminated successfully.", "x": "[4.05111171 1.36278775 3.78420949 5.63804938 6.47847336 5.26200761]", "nit": "26", "callback": [0.5388919939258761, 0.5329912621503647]}, "11": {"maxiter": 500, "gtol": 1e-05, "xrtol": 1e-10, "eps": 1e-10, "duration": 0.06546211242675781, "fun": "0.5329415189523499", "jac": "[-3.33066880e-06 -2.22044587e-06 -3.33066880e-06 -3.33066880e-06\n -2.22044587e-06 -2.22044587e-06]", "hess_inv": "[[  7.21393398   0.29239226  -0.1610235   -3.05408998  -3.75681262\n    2.97875633]\n [  0.29239226  17.30996207  14.31009147  -2.78031584  -0.84821946\n   10.58598717]\n [ -0.1610235   14.31009147  19.57387417  -5.05485655   3.92076919\n    7.4188395 ]\n [ -3.05408998  -2.78031584  -5.05485655   8.24852745   0.77347672\n   -4.05124753]\n [ -3.75681262  -0.84821946   3.92076919   0.77347672  16.72505241\n  -12.88285385]\n [  2.97875633  10.58598717   7.4188395   -4.05124753 -12.88285385\n   21.28763258]]", "nfev": "210", "njev": "30", "status": "0", "success": "True", "message": "Optimization terminated successfully.", "x": "[4.05111047 1.36276598 3.78418303 5.6380653  6.47846487 5.26199837]", "nit": "26", "callback": [0.5388926538526402, 0.5329913359219337]}, "12": {"maxiter": 500, "gtol": 1e-10, "xrtol": 1e-05, "eps": 1e-05, "duration": 0.06895089149475098, "fun": "0.5329415187547997", "jac": "[-1.47193369e-07  2.51132448e-08 -7.01660952e-08 -1.12643228e-07\n -2.59792188e-08 -1.48547841e-08]", "hess_inv": "[[  7.10210863   0.39687216  -0.13564773  -3.09006861  -3.91706602\n    3.18733154]\n [  0.39687216  18.73984226  15.68097201  -2.99282181  -1.33908645\n   12.09607281]\n [ -0.13564773  15.68097201  20.84515785  -5.27640385   3.41592346\n    8.89127891]\n [ -3.09006861  -2.99282181  -5.27640385   8.28256639   0.77068082\n   -4.21198576]\n [ -3.91706602  -1.33908645   3.41592346   0.77068082  16.93027176\n  -13.43225516]\n [  3.18733154  12.09607281   8.89127891  -4.21198576 -13.43225516\n   22.91200026]]", "nfev": "217", "njev": "31", "status": "0", "success": "True", "message": "Optimization terminated successfully.", "x": "[4.05111882 1.36281308 3.78423422 5.6380495  6.47846051 5.26203766]", "nit": "27", "callback": [0.5388919939258761, 0.5329912621503647]}, "13": {"maxiter": 500, "gtol": 1e-10, "xrtol": 1e-05, "eps": 1e-10, "duration": 0.07049274444580078, "fun": "0.5329415186940386", "jac": "[-1.11022293e-06 -1.11022293e-06 -1.11022293e-06 -1.11022293e-06\n -1.11022293e-06 -1.11022293e-06]", "hess_inv": "[[  7.03650502   0.16258454  -0.37180001  -3.17036937  -4.16231108\n    3.29683419]\n [  0.16258454  16.61459057  14.51369159  -4.17830059  -0.59290278\n   10.59450758]\n [ -0.37180001  14.51369159  20.55936693  -6.61066428   3.76329708\n    8.44765222]\n [ -3.17036937  -4.17830059  -6.61066428   8.64159953   0.72306785\n   -5.11848424]\n [ -4.16231108  -0.59290278   3.76329708   0.72306785  15.58528093\n  -11.71661338]\n [  3.29683419  10.59450758   8.44765222  -5.11848424 -11.71661338\n   20.81840297]]", "nfev": "224", "njev": "32", "status": "0", "success": "True", "message": "Optimization terminated successfully.", "x": "[4.05112055 1.36286004 3.78428759 5.63804247 6.47847322 5.26206418]", "nit": "28", "callback": [0.5388926538526402, 0.5329913359219337]}, "14": {"maxiter": 500, "gtol": 1e-10, "xrtol": 1e-10, "eps": 1e-05, "duration": 0.0747981071472168, "fun": "0.5329415187522722", "jac": "[ 2.22044605e-11  0.00000000e+00 -1.11022302e-11  1.11022302e-11\n -2.22044605e-11 -3.33066907e-11]", "hess_inv": "[[  7.11906401   0.66911567   0.20844663  -3.17004053  -3.7583938\n    3.27677536]\n [  0.66911567  19.10495268  16.35356015  -3.1474259   -0.44456872\n   11.57304516]\n [  0.20844663  16.35356015  21.99946947  -5.58152712   4.86305772\n    8.12269259]\n [ -3.17004053  -3.1474259   -5.58152712   8.38747227   0.2723295\n   -3.88806028]\n [ -3.7583938   -0.44456872   4.86305772   0.2723295   18.73936889\n  -14.30976124]\n [  3.27677536  11.57304516   8.12269259  -3.88806028 -14.30976124\n   23.23670186]]", "nfev": "238", "njev": "34", "status": "0", "success": "True", "message": "Optimization terminated successfully.", "x": "[4.05111949 1.36281365 3.78423499 5.63804963 6.47846058 5.26203797]", "nit": "30", "callback": [0.5388919939258761, 0.5329912621503647, 0.5329415187522722]}, "15": {"maxiter": 500, "gtol": 1e-10, "xrtol": 1e-10, "eps": 1e-10, "duration": 0.09457898139953613, "fun": "0.5329415186940386", "jac": "[ 0.00000000e+00 -1.11022293e-06  0.00000000e+00  0.00000000e+00\n  1.11022293e-06  1.11022293e-06]", "hess_inv": "[[  7.02316973  -0.28623285  -0.76715171  -3.1648437   -4.0871134\n    2.93437545]\n [ -0.28623285  10.25359685   7.7398152   -2.67585241  -1.03773511\n    6.01912628]\n [ -0.76715171   7.7398152   13.71796069  -5.46343368   3.76981635\n    3.39673215]\n [ -3.1648437   -2.67585241  -5.46343368   8.83750225   0.24392178\n   -3.82056963]\n [ -4.0871134   -1.03773511   3.76981635   0.24392178  16.17385498\n  -12.26698602]\n [  2.93437545   6.01912628   3.39673215  -3.82056963 -12.26698602\n   17.61306117]]", "nfev": "308", "njev": "44", "status": "0", "success": "True", "message": "Optimization terminated successfully.", "x": "[4.05112055 1.36286004 3.78428759 5.63804247 6.47847322 5.26206418]", "nit": "29", "callback": [0.5388926538526402, 0.5329913359219337]}, "16": {"m