{"date": "2024/09/24/, 06:26:09", "conf_id": 307, "data_type": "var_s_rank\n", "num_data_points": 4, "s_rank": 0, "unitary": "[[0.18663085-0.53122324j,-0.11886349-0.70040876j,0.28555095-0.02789305j,-0.12262021-0.2844587j],[-0.16702216+0.27758472j,0.27526351-0.29738586j,-0.01109314+0.22495461j,-0.77239203+0.28900673j],[0.61935415+0.12301792j,-0.31269928-0.03315917j,-0.61902762-0.19039079j,-0.27120731-0.0968989j],[0.42341754+0.0023929j,-0.05847358+0.47832119j,0.64900495-0.16218422j,-0.37182676-0.05229966j]]", "databatch_0": {"databatch": "[[[-0.34509793+0.00556251j,0.26392854-0.38285694j,0.02927385-0.13304392j,0.12601745-0.00761845j],[-0.30302673+0.05025534j,-0.02486685+0.15214205j,0.18168482+0.32197143j,-0.10465188+0.0116115j],[-0.02362834+0.05921039j,-0.17263061-0.05170273j,-0.08680002+0.07082198j,-0.02406181-0.05980354j],[-0.08571187+0.38124477j,0.03023914+0.08816225j,0.37358384+0.01016155j,-0.05885866+0.0806649j]],[[0.00318311+0.08280413j,-0.04644734+0.18553988j,0.03360147+0.15104277j,-0.07842346-0.0299775j],[0.01602239-0.20270607j,-0.26567543-0.39571595j,-0.3972259+0.01340333j,0.1352588+0.08282676j],[0.24520981-0.185294j,0.04657593-0.04449811j,-0.0043873+0.26862486j,0.00184873+0.29941588j],[-0.18769864+0.15609173j,-0.0969815-0.05375826j,-0.13658317-0.24581417j,-0.01541206-0.24952744j]],[[-0.03559445-0.07792308j,0.04879815+0.03026913j,-0.01766217+0.03486938j,0.22407088+0.1040625j],[-0.03771561+0.01683379j,0.01881733-0.01681313j,0.00480275+0.02658803j,0.05704559-0.08455492j],[0.06554816+0.26898641j,-0.14324711-0.14799706j,0.12553594-0.14326488j,-0.64789927-0.53830452j],[0.04673262-0.05236152j,-0.00364537+0.04546005j,-0.02563344+0.00449339j,0.00554786+0.20175871j]],[[-0.27448354-0.11361721j,0.36067275-0.11606381j,-0.13214899-0.18518087j,0.08149318-0.61433907j],[0.00532712+0.05086161j,-0.04333523-0.02248124j,-0.01344649+0.04612908j,-0.0472556+0.05441439j],[-0.01045404-0.04777291j,0.11393064+0.09609673j,0.04936955-0.01146113j,0.28505132-0.12098558j],[0.14958403-0.14862645j,-0.0229187+0.20406686j,0.15221188-0.06763902j,0.24324977+0.15254345j]]]", "initial param values": "[2.31973297,1.85958671,2.00323931,4.57519707,5.75046384,4.14031442]", "nelder_mead": {"type": "gradient-free", "0": {"maxiter": 100, "fatol": 1e-05, "xatol": 1e-05, "duration": 0.03758883476257324, "fun": "0.3151803922062426", "nit": "100", "nfev": "156", "status": "2", "success": "False", "message": "Maximum number of iterations has been exceeded.", "x": "[1.99755113 0.88381646 3.56482251 2.74319118 7.85215003 3.1231889 ]", "final_simplex": "(array([[1.99755113, 0.88381646, 3.56482251, 2.74319118, 7.85215003,\n        3.1231889 ],\n       [2.00466075, 0.76251909, 3.42552395, 2.82736969, 7.96197716,\n        3.29672854],\n       [1.9696648 , 0.91717591, 3.50144545, 2.82137827, 7.87406109,\n        3.26128724],\n       [2.0552701 , 0.86280372, 3.42543056, 2.77599283, 7.89478019,\n        3.23090773],\n       [1.97877767, 0.82689536, 3.46140036, 2.82537603, 7.99761188,\n        3.28079472],\n       [2.0754161 , 0.86054982, 3.53276518, 2.74161754, 7.77595377,\n        3.12811388],\n       [2.01963659, 0.87810997, 3.50235518, 2.71975526, 7.94720467,\n        3.23563102]]), array([0.31518039, 0.31561691, 0.31625581, 0.31646923, 0.31654497,\n       0.31664395, 0.31799946]))", "callback": [0.711399111237709, 0.36583753363918936, 0.3569145132798288, 0.3409780991537391, 0.33954245555948936, 0.3340342407281992, 0.32982755180030787, 0.32464646011816845, 0.31886831947876915]}, "1": {"maxiter": 100, "fatol": 1e-05, "xatol": 1e-10, "duration": 0.03692007064819336, "fun": "0.3151803922062426", "nit": "100", "nfev": "156", "status": "2", "success": "False", "message": "Maximum number of iterations has been exceeded.", "x": "[1.99755113 0.88381646 3.56482251 2.74319118 7.85215003 3.1231889 ]", "final_simplex": "(array([[1.99755113, 0.88381646, 3.56482251, 2.74319118, 7.85215003,\n        3.1231889 ],\n       [2.00466075, 0.76251909, 3.42552395, 2.82736969, 7.96197716,\n        3.29672854],\n       [1.9696648 , 0.91717591, 3.50144545, 2.82137827, 7.87406109,\n        3.26128724],\n       [2.0552701 , 0.86280372, 3.42543056, 2.77599283, 7.89478019,\n        3.23090773],\n       [1.97877767, 0.82689536, 3.46140036, 2.82537603, 7.99761188,\n        3.28079472],\n       [2.0754161 , 0.86054982, 3.53276518, 2.74161754, 7.77595377,\n        3.12811388],\n       [2.01963659, 0.87810997, 3.50235518, 2.71975526, 7.94720467,\n        3.23563102]]), array([0.31518039, 0.31561691, 0.31625581, 0.31646923, 0.31654497,\n       0.31664395, 0.31799946]))", "callback": [0.711399111237709, 0.36583753363918936, 0.3569145132798288, 0.3409780991537391, 0.33954245555948936, 0.3340342407281992, 0.32982755180030787, 0.32464646011816845, 0.31886831947876915]}, "2": {"maxiter": 100, "fatol": 1e-10, "xatol": 1e-05, "duration": 0.035599708557128906, "fun": "0.3151803922062426", "nit": "100", "nfev": "156", "status": "2", "success": "False", "message": "Maximum number of iterations has been exceeded.", "x": "[1.99755113 0.88381646 3.56482251 2.74319118 7.85215003 3.1231889 ]", "final_simplex": "(array([[1.99755113, 0.88381646, 3.56482251, 2.74319118, 7.85215003,\n        3.1231889 ],\n       [2.00466075, 0.76251909, 3.42552395, 2.82736969, 7.96197716,\n        3.29672854],\n       [1.9696648 , 0.91717591, 3.50144545, 2.82137827, 7.87406109,\n        3.26128724],\n       [2.0552701 , 0.86280372, 3.42543056, 2.77599283, 7.89478019,\n        3.23090773],\n       [1.97877767, 0.82689536, 3.46140036, 2.82537603, 7.99761188,\n        3.28079472],\n       [2.0754161 , 0.86054982, 3.53276518, 2.74161754, 7.77595377,\n        3.12811388],\n       [2.01963659, 0.87810997, 3.50235518, 2.71975526, 7.94720467,\n        3.23563102]]), array([0.31518039, 0.31561691, 0.31625581, 0.31646923, 0.31654497,\n       0.31664395, 0.31799946]))", "callback": [0.711399111237709, 0.36583753363918936, 0.3569145132798288, 0.3409780991537391, 0.33954245555948936, 0.3340342407281992, 0.32982755180030787, 0.32464646011816845, 0.31886831947876915]}, "3": {"maxiter": 100, "fatol": 1e-10, "xatol": 1e-10, "duration": 0.035147905349731445, "fun": "0.3151803922062426", "nit": "100", "nfev": "156", "status": "2", "success": "False", "message": "Maximum number of iterations has been exceeded.", "x": "[1.99755113 0.88381646 3.56482251 2.74319118 7.85215003 3.1231889 ]", "final_simplex": "(array([[1.99755113, 0.88381646, 3.56482251, 2.74319118, 7.85215003,\n        3.1231889 ],\n       [2.00466075, 0.76251909, 3.42552395, 2.82736969, 7.96197716,\n        3.29672854],\n       [1.9696648 , 0.91717591, 3.50144545, 2.82137827, 7.87406109,\n        3.26128724],\n       [2.0552701 , 0.86280372, 3.42543056, 2.77599283, 7.89478019,\n        3.23090773],\n       [1.97877767, 0.82689536, 3.46140036, 2.82537603, 7.99761188,\n        3.28079472],\n       [2.0754161 , 0.86054982, 3.53276518, 2.74161754, 7.77595377,\n        3.12811388],\n       [2.01963659, 0.87810997, 3.50235518, 2.71975526, 7.94720467,\n        3.23563102]]), array([0.31518039, 0.31561691, 0.31625581, 0.31646923, 0.31654497,\n       0.31664395, 0.31799946]))", "callback": [0.711399111237709, 0.36583753363918936, 0.3569145132798288, 0.3409780991537391, 0.33954245555948936, 0.3340342407281992, 0.32982755180030787, 0.32464646011816845, 0.31886831947876915]}, "4": {"maxiter": 500, "fatol": 1e-05, "xatol": 1e-05, "duration": 0.10958313941955566, "fun": "0.2619654777151257", "nit": "319", "nfev": "494", "status": "0", "success": "True", "message": "Optimization terminated successfully.", "x": "[1.73069502 0.60977473 3.29037761 2.44597633 7.09169633 2.44309273]", "final_simplex": "(array([[1.73069502, 0.60977473, 3.29037761, 2.44597633, 7.09169633,\n        2.44309273],\n       [1.73069658, 0.60976904, 3.29037795, 2.44597565, 7.09170273,\n        2.44309753],\n       [1.73069499, 0.6097753 , 3.29038234, 2.4459734 , 7.09169458,\n        2.44308983],\n       [1.7306941 , 0.60976554, 3.29037398, 2.44597292, 7.09169631,\n        2.44309276],\n       [1.73069228, 0.60977004, 3.29037456, 2.44597416, 7.09170259,\n        2.44309026],\n       [1.73069775, 0.60977027, 3.29037456, 2.44597976, 7.09169542,\n        2.44308398],\n       [1.73069117, 0.60977248, 3.29038321, 2.44597692, 7.09169786,\n        2.44309562]]), array([0.26196548, 0.26196548, 0.26196548, 0.26196548, 0.26196548,\n       0.26196548, 0.26196548]))", "callback": [0.711399111237709, 0.36583753363918936, 0.3569145132798288, 0.3409780991537391, 0.33954245555948936, 0.3340342407281992, 0.32982755180030787, 0.32464646011816845, 0.31886831947876915, 0.3151803922062426, 0.3096300589633243, 0.3036767990653666, 0.2845051247678564, 0.2698203017491837, 0.2674600792997912, 0.2649746079646179, 0.2635658601238181, 0.26238621800749506, 0.26210796875357456, 0.2620050535267968, 0.2619798623805494, 0.2619672538964801, 0.2619672538964801, 0.2619658221888337, 0.2619655321197727, 0.2619654861333578, 0.26196547915697366, 0.26196547796866954, 0.26196547788605584, 0.2619654777576593, 0.2619654777229091]}, "5": {"maxiter": 500, "fatol": 1e-05, "xatol": 1e-10, "duration": 0.15985894203186035, "fun": "0.2619654777108438", "nit": "418", "nfev": "718", "status": "0", "success": "True", "message": "Optimization terminated successfully.", "x": "[1.73069609 0.60977051 3.29037748 2.44597308 7.09169758 2.44309019]", "final_simplex": "(array([[1.73069609, 0.60977051, 3.29037748, 2.44597308, 7.09169758,\n        2.44309019],\n       [1.73069609, 0.60977051, 3.29037748, 2.44597308, 7.09169758,\n        2.44309019],\n       [1.73069609, 0.60977051, 3.29037748, 2.44597308, 7.09169758,\n        2.44309019],\n       [1.73069609, 0.60977051, 3.29037748, 2.44597308, 7.09169758,\n        2.44309019],\n       [1.73069609, 0.60977051, 3.29037748, 2.44597308, 7.09169758,\n        2.44309019],\n       [1.73069609, 0.60977051, 3.29037748, 2.44597308, 7.09169758,\n        2.44309019],\n       [1.73069609, 0.60977051, 3.29037748, 2.44597308, 7.09169758,\n        2.44309019]]), array([0.26196548, 0.26196548, 0.26196548, 0.26196548, 0.26196548,\n       0.26196548, 0.26196548]))", "callback": [0.711399111237709, 0.36583753363918936, 0.3569145132798288, 0.3409780991537391, 0.33954245555948936, 0.3340342407281992, 0.32982755180030787, 0.32464646011816845, 0.31886831947876915, 0.3151803922062426, 0.3096300589633243, 0.3036767990653666, 0.2845051247678564, 0.2698203017491837, 0.2674600792997912, 0.2649746079646179, 0.2635658601238181, 0.26238621800749506, 0.26210796875357456, 0.2620050535267968, 0.2619798623805494, 0.2619672538964801, 0.2619672538964801, 0.2619658221888337, 0.2619655321197727, 0.2619654861333578, 0.26196547915697366, 0.26196547796866954, 0.26196547788605584, 0.2619654777576593, 0.2619654777229091, 0.2619654777139515, 0.26196547771156653, 0.26196547771095946, 0.2619654777108612, 0.26196547771085155, 0.2619654777108462, 0.2619654777108442, 0.261965477710844, 0.261965477710844, 0.2619654777108439]}, "6": {"maxiter": 500, "fatol": 1e-10, "xatol": 1e-05, "duration": 0.11004900932312012, "fun": "0.2619654777151257", "nit": "319", "nfev": "494", "status": "0", "success": "True", "message": "Optimization terminated successfully.", "x": "[1.73069502 0.60977473 3.29037761 2.44597633 7.09169633 2.44309273]", "final_simplex": "(array([[1.73069502, 0.60977473, 3.29037761, 2.44597633, 7.09169633,\n        2.44309273],\n       [1.73069658, 0.60976904, 3.29037795, 2.44597565, 7.09170273,\n        2.44309753],\n       [1.73069499, 0.6097753 , 3.29038234, 2.4459734 , 7.09169458,\n        2.44308983],\n       [1.7306941 , 0.60976554, 3.29037398, 2.44597292, 7.09169631,\n        2.44309276],\n       [1.73069228, 0.60977004, 3.29037456, 2.44597416, 7.09170259,\n        2.44309026],\n       [1.73069775, 0.60977027, 3.29037456, 2.44597976, 7.09169542,\n        2.44308398],\n       [1.73069117, 0.60977248, 3.29038321, 2.44597692, 7.09169786,\n        2.44309562]]), array([0.26196548, 0.26196548, 0.26196548, 0.26196548, 0.26196548,\n       0.26196548, 0.26196548]))", "callback": [0.711399111237709, 0.36583753363918936, 0.3569145132798288, 0.3409780991537391, 0.33954245555948936, 0.3340342407281992, 0.32982755180030787, 0.32464646011816845, 0.31886831947876915, 0.3151803922062426, 0.3096300589633243, 0.3036767990653666, 0.2845051247678564, 0.2698203017491837, 0.2674600792997912, 0.2649746079646179, 0.2635658601238181, 0.26238621800749506, 0.26210796875357456, 0.2620050535267968, 0.2619798623805494, 0.2619672538964801, 0.2619672538964801, 0.2619658221888337, 0.2619655321197727, 0.2619654861333578, 0.26196547915697366, 0.26196547796866954, 0.26196547788605584, 0.2619654777576593, 0.2619654777229091]}, "7": {"maxiter": 500, "fatol": 1e-10, "xatol": 1e-10, "duration": 0.17149114608764648, "fun": "0.2619654777108438", "nit": "418", "nfev": "718", "status": "0", "success": "True", "message": "Optimization terminated successfully.", "x": "[1.73069609 0.60977051 3.29037748 2.44597308 7.09169758 2.44309019]", "final_simplex": "(array([[1.73069609, 0.60977051, 3.29037748, 2.44597308, 7.09169758,\n        2.44309019],\n       [1.73069609, 0.60977051, 3.29037748, 2.44597308, 7.09169758,\n        2.44309019],\n       [1.73069609, 0.60977051, 3.29037748, 2.44597308, 7.09169758,\n        2.44309019],\n       [1.73069609, 0.60977051, 3.29037748, 2.44597308, 7.09169758,\n        2.44309019],\n       [1.73069609, 0.60977051, 3.29037748, 2.44597308, 7.09169758,\n        2.44309019],\n       [1.73069609, 0.60977051, 3.29037748, 2.44597308, 7.09169758,\n        2.44309019],\n       [1.73069609, 0.60977051, 3.29037748, 2.44597308, 7.09169758,\n        2.44309019]]), array([0.26196548, 0.26196548, 0.26196548, 0.26196548, 0.26196548,\n       0.26196548, 0.26196548]))", "callback": [0.711399111237709, 0.36583753363918936, 0.3569145132798288, 0.3409780991537391, 0.33954245555948936, 0.3340342407281992, 0.32982755180030787, 0.32464646011816845, 0.31886831947876915, 0.3151803922062426, 0.3096300589633243, 0.3036767990653666, 0.2845051247678564, 0.2698203017491837, 0.2674600792997912, 0.2649746079646179, 0.2635658601238181, 0.26238621800749506, 0.26210796875357456, 0.2620050535267968, 0.2619798623805494, 0.2619672538964801, 0.2619672538964801, 0.2619658221888337, 0.2619655321197727, 0.2619654861333578, 0.26196547915697366, 0.26196547796866954, 0.26196547788605584, 0.2619654777576593, 0.2619654777229091, 0.2619654777139515, 0.26196547771156653, 0.26196547771095946, 0.2619654777108612, 0.26196547771085155, 0.2619654777108462, 0.2619654777108442, 0.261965477710844, 0.261965477710844, 0.2619654777108439]}, "8": {"maxiter": 1000, "fatol": 1e-05, "xatol": 1e-05, "duration": 0.11712169647216797, "fun": "0.2619654777151257", "nit": "319", "nfev": "494", "status": "0", "success": "True", "message": "Optimization terminated successfully.", "x": "[1.73069502 0.60977473 3.29037761 2.44597633 7.09169633 2.44309273]", "final_simplex": "(array([[1.73069502, 0.60977473, 3.29037761, 2.44597633, 7.09169633,\n        2.44309273],\n       [1.73069658, 0.60976904, 3.29037795, 2.44597565, 7.09170273,\n        2.44309753],\n       [1.73069499, 0.6097753 , 3.29038234, 2.4459734 , 7.09169458,\n        2.44308983],\n       [1.7306941 , 0.60976554, 3.29037398, 2.44597292, 7.09169631,\n        2.44309276],\n       [1.73069228, 0.60977004, 3.29037456, 2.44597416, 7.09170259,\n        2.44309026],\n       [1.73069775, 0.60977027, 3.29037456, 2.44597976, 7.09169542,\n        2.44308398],\n       [1.73069117, 0.60977248, 3.29038321, 2.44597692, 7.09169786,\n        2.44309562]]), array([0.26196548, 0.26196548, 0.26196548, 0.26196548, 0.26196548,\n       0.26196548, 0.26196548]))", "callback": [0.711399111237709, 0.36583753363918936, 0.3569145132798288, 0.3409780991537391, 0.33954245555948936, 0.3340342407281992, 0.32982755180030787, 0.32464646011816845, 0.31886831947876915, 0.3151803922062426, 0.3096300589633243, 0.3036767990653666, 0.2845051247678564, 0.2698203017491837, 0.2674600792997912, 0.2649746079646179, 0.2635658601238181, 0.26238621800749506, 0.26210796875357456, 0.2620050535267968, 0.2619798623805494, 0.2619672538964801, 0.2619672538964801, 0.2619658221888337, 0.2619655321197727, 0.2619654861333578, 0.26196547915697366, 0.26196547796866954, 0.26196547788605584, 0.2619654777576593, 0.2619654777229091]}, "9": {"maxiter": 1000, "fatol": 1e-05, "xatol": 1e-10, "duration": 0.16005206108093262, "fun": "0.2619654777108438", "nit": "418", "nfev": "718", "status": "0", "success": "True", "message": "Optimization terminated successfully.", "x": "[1.73069609 0.60977051 3.29037748 2.44597308 7.09169758 2.44309019]", "final_simplex": "(array([[1.73069609, 0.60977051, 3.29037748, 2.44597308, 7.09169758,\n        2.44309019],\n       [1.73069609, 0.60977051, 3.29037748, 2.44597308, 7.09169758,\n        2.44309019],\n       [1.73069609, 0.60977051, 3.29037748, 2.44597308, 7.09169758,\n        2.44309019],\n       [1.73069609, 0.60977051, 3.29037748, 2.44597308, 7.09169758,\n        2.44309019],\n       [1.73069609, 0.60977051, 3.29037748, 2.44597308, 7.09169758,\n        2.44309019],\n       [1.73069609, 0.60977051, 3.29037748, 2.44597308, 7.09169758,\n        2.44309019],\n       [1.73069609, 0.60977051, 3.29037748, 2.44597308, 7.09169758,\n        2.44309019]]), array([0.26196548, 0.26196548, 0.26196548, 0.26196548, 0.26196548,\n       0.26196548, 0.26196548]))", "callback": [0.711399111237709, 0.36583753363918936, 0.3569145132798288, 0.3409780991537391, 0.33954245555948936, 0.3340342407281992, 0.32982755180030787, 0.32464646011816845, 0.31886831947876915, 0.3151803922062426, 0.3096300589633243, 0.3036767990653666, 0.2845051247678564, 0.2698203017491837, 0.2674600792997912, 0.2649746079646179, 0.2635658601238181, 0.26238621800749506, 0.26210796875357456, 0.2620050535267968, 0.2619798623805494, 0.2619672538964801, 0.2619672538964801, 0.2619658221888337, 0.2619655321197727, 0.2619654861333578, 0.26196547915697366, 0.26196547796866954, 0.26196547788605584, 0.2619654777576593, 0.2619654777229091, 0.2619654777139515, 0.26196547771156653, 0.26196547771095946, 0.2619654777108612, 0.26196547771085155, 0.2619654777108462, 0.2619654777108442, 0.261965477710844, 0.261965477710844, 0.2619654777108439]}, "10": {"maxiter": 1000, "fatol": 1e-10, "xatol": 1e-05, "duration": 0.11561799049377441, "fun": "0.2619654777151257", "nit": "319", "nfev": "494", "status": "0", "success": "True", "message": "Optimization terminated successfully.", "x": "[1.73069502 0.60977473 3.29037761 2.44597633 7.09169633 2.44309273]", "final_simplex": "(array([[1.73069502, 0.60977473, 3.29037761, 2.44597633, 7.09169633,\n        2.44309273],\n       [1.73069658, 0.60976904, 3.29037795, 2.44597565, 7.09170273,\n        2.44309753],\n       [1.73069499, 0.6097753 , 3.29038234, 2.4459734 , 7.09169458,\n        2.44308983],\n       [1.7306941 , 0.60976554, 3.29037398, 2.44597292, 7.09169631,\n        2.44309276],\n       [1.73069228, 0.60977004, 3.29037456, 2.44597416, 7.09170259,\n        2.44309026],\n       [1.73069775, 0.60977027, 3.29037456, 2.44597976, 7.09169542,\n        2.44308398],\n       [1.73069117, 0.60977248, 3.29038321, 2.44597692, 7.09169786,\n        2.44309562]]), array([0.26196548, 0.26196548, 0.26196548, 0.26196548, 0.26196548,\n       0.26196548, 0.26196548]))", "callback": [0.711399111237709, 0.36583753363918936, 0.3569145132798288, 0.3409780991537391, 0.33954245555948936, 0.3340342407281992, 0.32982755180030787, 0.32464646011816845, 0.31886831947876915, 0.3151803922062426, 0.3096300589633243, 0.3036767990653666, 0.2845051247678564, 0.2698203017491837, 0.2674600792997912, 0.2649746079646179, 0.2635658601238181, 0.26238621800749506, 0.26210796875357456, 0.2620050535267968, 0.2619798623805494, 0.2619672538964801, 0.2619672538964801, 0.2619658221888337, 0.2619655321197727, 0.2619654861333578, 0.26196547915697366, 0.26196547796866954, 0.26196547788605584, 0.2619654777576593, 0.2619654777229091]}, "11": {"maxiter": 1000, "fatol": 1e-10, "xatol": 1e-10, "duration": 0.17714405059814453, "fun": "0.2619654777108438", "nit": "418", "nfev": "718", "status": "0", "success": "True", "message": "Optimization terminated successfully.", "x": "[1.73069609 0.60977051 3.29037748 2.44597308 7.09169758 2.44309019]", "final_simplex": "(array([[1.73069609, 0.60977051, 3.29037748, 2.44597308, 7.09169758,\n        2.44309019],\n       [1.73069609, 0.60977051, 3.29037748, 2.44597308, 7.09169758,\n        2.44309019],\n       [1.73069609, 0.60977051, 3.29037748, 2.44597308, 7.09169758,\n        2.44309019],\n       [1.73069609, 0.60977051, 3.29037748, 2.44597308, 7.09169758,\n        2.44309019],\n       [1.73069609, 0.60977051, 3.29037748, 2.44597308, 7.09169758,\n        2.44309019],\n       [1.73069609, 0.60977051, 3.29037748, 2.44597308, 7.09169758,\n        2.44309019],\n       [1.73069609, 0.60977051, 3.29037748, 2.44597308, 7.09169758,\n        2.44309019]]), array([0.26196548, 0.26196548, 0.26196548, 0.26196548, 0.26196548,\n       0.26196548, 0.26196548]))", "callback": [0.711399111237709, 0.36583753363918936, 0.3569145132798288, 0.3409780991537391, 0.33954245555948936, 0.3340342407281992, 0.32982755180030787, 0.32464646011816845, 0.31886831947876915, 0.3151803922062426, 0.3096300589633243, 0.3036767990653666, 0.2845051247678564, 0.2698203017491837, 0.2674600792997912, 0.2649746079646179, 0.2635658601238181, 0.26238621800749506, 0.26210796875357456, 0.2620050535267968, 0.2619798623805494, 0.2619672538964801, 0.2619672538964801, 0.2619658221888337, 0.2619655321197727, 0.2619654861333578, 0.26196547915697366, 0.26196547796866954, 0.26196547788605584, 0.2619654777576593, 0.2619654777229091, 0.2619654777139515, 0.26196547771156653, 0.26196547771095946, 0.2619654777108612, 0.26196547771085155, 0.2619654777108462, 0.2619654777108442, 0.261965477710844, 0.261965477710844, 0.2619654777108439]}}, "bfgs": {"type": "gradient", "0": {"maxiter": 100, "gtol": 1e-05, "xrtol": 1e-05, "eps": 1e-05, "duration": 0.05994415283203125, "fun": "0.26196547797105163", "jac": "[-5.00759434e-06 -4.84391416e-06  9.29178956e-07  8.57975913e-06\n  4.25219859e-06 -4.42312853e-06]", "hess_inv": "[[ 3.46822709 -0.17573785  0.31138893  0.11431566 -0.03401146 -0.17235641]\n [-0.17573785  4.12077374  1.35934295  1.2507144  -1.32298995 -0.80743488]\n [ 0.31138893  1.35934295  4.19425819 -0.02948516  0.40769859  0.06804781]\n [ 0.11431566  1.2507144  -0.02948516  3.17583123 -0.44658736  0.32233658]\n [-0.03401146 -1.32298995  0.40769859 -0.44658736  8.54784553  5.99832969]\n [-0.17235641 -0.80743488  0.06804781  0.32233658  5.99832969  8.40767753]]", "nfev": "238", "njev": "34", "status": "0", "success": "True", "message": "Optimization terminated successfully.", "x": "[ 4.5524645  -2.53184127  6.43195795  2.44598832 13.3748851   2.44306898]", "nit": "25", "callback": [0.4146621112428226, 0.2619682402253233]}, "1": {"maxiter": 100, "gtol": 1e-05, "xrtol": 1e-05, "eps": 1e-10, "duration": 0.05824017524719238, "fun": "0.26196547785806", "jac": "[-2.22044587e-06 -5.55111466e-06 -1.11022293e-06  6.66133760e-06\n  2.22044587e-06 -4.44089173e-06]", "hess_inv": "[[ 3.38310386e+00 -2.08404677e-01  2.89704723e-01  9.55693235e-02\n  -4.39992674e-02 -1.88500195e-01]\n [-2.08404677e-01  4.10346406e+00  1.36946229e+00  1.22800733e+00\n  -1.33487334e+00 -8.47963681e-01]\n [ 2.89704723e-01  1.36946229e+00  4.19402771e+00  4.73313905e-03\n   3.85746267e-01  2.92486602e-02]\n [ 9.55693235e-02  1.22800733e+00  4.73313905e-03  3.21697877e+00\n  -3.78422738e-01  2.94607665e-01]\n [-4.39992674e-02 -1.33487334e+00  3.85746267e-01 -3.78422738e-01\n   8.60836029e+00  6.03684139e+00]\n [-1.88500195e-01 -8.47963681e-01  2.92486602e-02  2.94607665e-01\n   6.03684139e+00  8.45202176e+00]]", "nfev": "238", "njev": "34", "status": "0", "success": "True", "message": "Optimization terminated successfully.", "x": "[ 4.55248066 -2.53183741  6.43196634  2.44599167 13.37491011  2.44310559]", "nit": "25", "callback": [0.4146424288758407, 0.26196749972782685]}, "2": {"maxiter": 100, "gtol": 1e-05, "xrtol": 1e-10, "eps": 1e-05, "duration": 0.05533885955810547, "fun": "0.26196547797105163", "jac": "[-5.00759434e-06 -4.84391416e-06  9.29178956e-07  8.57975913e-06\n  4.25219859e-06 -4.42312853e-06]", "hess_inv": "[[ 3.46822709 -0.17573785  0.31138893  0.11431566 -0.03401146 -0.17235641]\n [-0.17573785  4.12077374  1.35934295  1.2507144  -1.32298995 -0.80743488]\n [ 0.31138893  1.35934295  4.19425819 -0.02948516  0.40769859  0.06804781]\n [ 0.11431566  1.2507144  -0.02948516  3.17583123 -0.44658736  0.32233658]\n [-0.03401146 -1.32298995  0.40769859 -0.44658736  8.54784553  5.99832969]\n [-0.17235641 -0.80743488  0.06804781  0.32233658  5.99832969  8.40767753]]", "nfev": "238", "njev": "34", "status": "0", "success": "True", "message": "Optimization terminated successfully.", "x": "[ 4.5524645  -2.53184127  6.43195795  2.44598832 13.3748851   2.44306898]", "nit": "25", "callback": [0.4146621112428226, 0.2619682402253233]}, "3": {"maxiter": 100, "gtol": 1e-05, "xrtol": 1e-10, "eps": 1e-10, "duration": 0.05668497085571289, "fun": "0.26196547785806", "jac": "[-2.22044587e-06 -5.55111466e-06 -1.11022293e-06  6.66133760e-06\n  2.22044587e-06 -4.44089173e-06]", "hess_inv": "[[ 3.38310386e+00 -2.08404677e-01  2.89704723e-01  9.55693235e-02\n  -4.39992674e-02 -1.88500195e-01]\n [-2.08404677e-01  4.10346406e+00  1.36946229e+00  1.22800733e+00\n  -1.33487334e+00 -8.47963681e-01]\n [ 2.89704723e-01  1.36946229e+00  4.19402771e+00  4.73313905e-03\n   3.85746267e-01  2.92486602e-02]\n [ 9.55693235e-02  1.22800733e+00  4.73313905e-03  3.21697877e+00\n  -3.78422738e-01  2.94607665e-01]\n [-4.39992674e-02 -1.33487334e+00  3.85746267e-01 -3.78422738e-01\n   8.60836029e+00  6.03684139e+00]\n [-1.88500195e-01 -8.47963681e-01  2.92486602e-02  2.94607665e-01\n   6.03684139e+00  8.45202176e+00]]", "nfev": "238", "njev": "34", "status": "0", "success": "True", "message": "Optimization terminated successfully.", "x": "[ 4.55248066 -2.53183741  6.43196634  2.44599167 13.37491011  2.44310559]", "nit": "25", "callback": [0.4146424288758407, 0.26196749972782685]}, "4": {"maxiter": 100, "gtol": 1e-10, "xrtol": 1e-05, "eps": 1e-05, "duration": 0.056986093521118164, "fun": "0.2619654777593856", "jac": "[-5.85775872e-07 -3.17701421e-07 -4.91162666e-08  3.92907928e-08\n  1.03994591e-07 -2.03270734e-07]", "hess_inv": "[[ 3.42258115 -0.20594748  0.25400498 -0.13896811 -0.18138675 -0.20918683]\n [-0.20594748  4.10083066  1.32279392  1.09226544 -1.41491473 -0.83108978]\n [ 0.25400498  1.32279392  4.16263788 -0.0875997   0.38154221  0.04217175]\n [-0.13896811  1.09226544 -0.0875997   3.44257543 -0.24218451  0.24918241]\n [-0.18138675 -1.41491473  0.38154221 -0.24218451  8.69685118  5.9596246 ]\n [-0.20918683 -0.83108978  0.04217175  0.24918241  5.9596246   8.38825618]]", "nfev": "245", "njev": "35", "status": "0", "success": "True", "message": "Optimization terminated successfully.", "x": "[ 4.55248144 -2.5318307   6.43196107  2.44596559 13.37486844  2.44307349]", "nit": "26", "callback": [0.4146621112428226, 0.2619682402253233]}, "5": {"maxiter": 100, "gtol": 1e-10, "xrtol": 1e-05, "eps": 1e-10, "duration": 0.05687713623046875, "fun": "0.26196547779138757", "jac": "[0.00000000e+00 2.22044587e-06 2.22044587e-06 2.22044587e-06\n 0.00000000e+00 3.33066880e-06]", "hess_inv": "[[ 3.37110268 -0.22040508  0.25307665  0.01581144 -0.13567483 -0.24657352]\n [-0.22040508  4.12225281  1.31983518  0.99526876 -1.54692173 -0.93366851]\n [ 0.25307665  1.31983518  4.08772766 -0.1740878   0.15678272 -0.13632352]\n [ 0.01581144  0.99526876 -0.1740878   3.44709903 -0.38952822  0.04597983]\n [-0.13567483 -1.54692173  0.15678272 -0.38952822  8.37872754  5.70127664]\n [-0.24657352 -0.93366851 -0.13632352  0.04597983  5.70127664  8.19581183]]", "nfev": "245", "njev": "35", "status": "0", "success": "True", "message": "Optimization terminated successfully.", "x": "[ 4.55248631 -2.53182089  6.43197898  2.44597514 13.37491071  2.44312314]", "nit": "26", "callback": [0.4146424288758407, 0.26196749972782685]}, "6": {"maxiter": 100, "gtol": 1e-10, "xrtol": 1e-10, "eps": 1e-05, "duration": 0.06213879585266113, "fun": "0.26196547775102186", "jac": "[-1.11022302e-11 -3.33066907e-11 -5.55111512e-11 -1.11022302e-11\n  0.00000000e+00 -2.22044605e-11]", "hess_inv": "[[ 3.66914    -0.0642458   0.34179612 -0.09064161 -0.20262303 -0.12953476]\n [-0.0642458   4.17926673  1.36827426  1.11017559 -1.43469262 -0.78855652]\n [ 0.34179612  1.36827426  4.18580486 -0.08568841  0.36194606  0.06508731]\n [-0.09064161  1.11017559 -0.08568841  3.42692741 -0.26762733  0.25368174]\n [-0.20262303 -1.43469262  0.36194606 -0.26762733  8.68126909  5.94425231]\n [-0.12953476 -0.78855652  0.06508731  0.25368174  5.94425231  8.41038709]]", "nfev": "266", "njev": "38", "status": "0", "success": "True", "message": "Optimization terminated successfully.", "x": "[ 4.55248358 -2.53182938  6.43196191  2.44596581 13.3748682   2.44307426]", "nit": "29", "callback": [0.4146621112428226, 0.2619682402253233]}, "7": {"maxiter": 100, "gtol": 1e-10, "xrtol": 1e-10, "eps": 1e-10, "duration": 0.07550311088562012, "fun": "0.26196547771509293", "jac": "[ 1.11022293e-06  1.11022293e-06  1.11022293e-06 -1.11022293e-06\n  1.11022293e-06 -1.11022293e-06]", "hess_inv": "[[ 3.08521811  0.67112881  0.80909003 -0.94235692 -2.30334562 -1.87870285]\n [ 0.67112881  1.89624154 -0.40896531  0.74154586  0.27526391 -0.46337265]\n [ 0.80909003 -0.40896531  2.5937105   0.31635699  1.40328002  0.73002411]\n [-0.94235692  0.74154586  0.31635699  5.04216347  2.7247878   1.96889448]\n [-2.30334562  0.27526391  1.40328002  2.7247878   7.29348573  7.11380342]\n [-1.87870285 -0.46337265  0.73002411  1.96889448  7.11380342 10.53539502]]", "nfev": "322", "njev": "46", "status": "0", "success": "True", "message": "Optimization terminated successfully.", "x": "[ 4.55248835 -2.53182518  6.43196941  2.44597153 13.37489065  2.44309662]", "nit": "31", "callback": [0.4146424288758407, 0.26196749972782685, 0.26196547771509293]}, "8": {"maxiter": 500, "gtol": 1e-05, "xrtol": 1e-05, "eps": 1e-05, "duration": 0.0581209659576416, "fun": "0.26196547797105163", "jac": "[-5.00759434e-06 -4.84391416e-06  9.29178956e-07  8.57975913e-06\n  4.25219859e-06 -4.42312853e-06]", "hess_inv": "[[ 3.46822709 -0.17573785  0.31138893  0.11431566 -0.03401146 -0.17235641]\n [-0.17573785  4.12077374  1.35934295  1.2507144  -1.32298995 -0.80743488]\n [ 0.31138893  1.35934295  4.19425819 -0.02948516  0.40769859  0.06804781]\n [ 0.11431566  1.2507144  -0.02948516  3.17583123 -0.44658736  0.32233658]\n [-0.03401146 -1.32298995  0.40769859 -0.44658736  8.54784553  5.99832969]\n [-0.17235641 -0.80743488  0.06804781  0.32233658  5.99832969  8.40767753]]", "nfev": "238", "njev": "34", "status": "0", "success": "True", "message": "Optimization terminated successfully.", "x": "[ 4.5524645  -2.53184127  6.43195795  2.44598832 13.3748851   2.44306898]", "nit": "25", "callback": [0.4146621112428226, 0.2619682402253233]}, "9": {"maxiter": 500, "gtol": 1e-05, "xrtol": 1e-05, "eps": 1e-10, "duration": 0.05535387992858887, "fun": "0.26196547785806", "jac": "[-2.22044587e-06 -5.55111466e-06 -1.11022293e-06  6.66133760e-06\n  2.22044587e-06 -4.44089173e-06]", "hess_inv": "[[ 3.38310386e+00 -2.08404677e-01  2.89704723e-01  9.55693235e-02\n  -4.39992674e-02 -1.88500195e-01]\n [-2.08404677e-01  4.10346406e+00  1.36946229e+00  1.22800733e+00\n  -1.33487334e+00 -8.47963681e-01]\n [ 2.89704723e-01  1.36946229e+00  4.19402771e+00  4.73313905e-03\n   3.85746267e-01  2.92486602e-02]\n [ 9.55693235e-02  1.22800733e+00  4.73313905e-03  3.21697877e+00\n  -3.78422738e-01  2.94607665e-01]\n [-4.39992674e-02 -1.33487334e+00  3.85746267e-01 -3.78422738e-01\n   8.60836029e+00  6.03684139e+00]\n [-1.88500195e-01 -8.47963681e-01  2.92486602e-02  2.94607665e-01\n   6.03684139e+00  8.45202176e+00]]", "nfev": "238", "njev": "34", "status": "0", "success": "True", "message": "Optimization terminated successfully.", "x": "[ 4.55248066 -2.53183741  6.43196634  2.44599167 13.37491011  2.44310559]", "nit": "25", "callback": [0.4146424288758407, 0.26196749972782685]}, "10": {"maxiter": 500, "gtol": 1e-05, "xrtol": 1e-10, "eps": 1e-05, "duration": 0.05547976493835449, "fun": "0.26196547797105163", "jac": "[-5.00759434e-06 -4.84391416e-06  9.29178956e-07  8.57975913e-06\n  4.25219859e-06 -4.42312853e-06]", "hess_inv": "[[ 3.46822709 -0.17573785  0.31138893  0.11431566 -0.03401146 -0.17235641]\n [-0.17573785  4.12077374  1.35934295  1.2507144  -1.32298995 -0.80743488]\n [ 0.31138893  1.35934295  4.19425819 -0.02948516  0.40769859  0.06804781]\n [ 0.11431566  1.2507144  -0.02948516  3.17583123 -0.44658736  0.32233658]\n [-0.03401146 -1.32298995  0.40769859 -0.44658736  8.54784553  5.99832969]\n [-0.17235641 -0.80743488  0.06804781  0.32233658  5.99832969  8.40767753]]", "nfev": "238", "njev": "34", "status": "0", "success": "True", "message": "Optimization terminated successfully.", "x": "[ 4.5524645  -2.53184127  6.43195795  2.44598832 13.3748851   2.44306898]", "nit": "25", "callback": [0.4146621112428226, 0.2619682402253233]}, "11": {"maxiter": 500, "gtol": 1e-05, "xrtol": 1e-10, "eps": 1e-10, "duration": 0.05451083183288574, "fun": "0.26196547785806", "jac": "[-2.22044587e-06 -5.55111466e-06 -1.11022293e-06  6.66133760e-06\n  2.22044587e-06 -4.44089173e-06]", "hess_inv": "[[ 3.38310386e+00 -2.08404677e-01  2.89704723e-01  9.55693235e-02\n  -4.39992674e-02 -1.88500195e-01]\n [-2.08404677e-01  4.10346406e+00  1.36946229e+00  1.22800733e+00\n  -1.33487334e+00 -8.47963681e-01]\n [ 2.89704723e-01  1.36946229e+00  4.19402771e+00  4.73313905e-03\n   3.85746267e-01  2.92486602e-02]\n [ 9.55693235e-02  1.22800733e+00  4.73313905e-03  3.21697877e+00\n  -3.78422738e-01  2.94607665e-01]\n [-4.39992674e-02 -1.33487334e+00  3.85746267e-01 -3.78422738e-01\n   8.60836029e+00  6.03684139e+00]\n [-1.88500195e-01 -8.47963681e-01  2.92486602e-02  2.94607665e-01\n   6.03684139e+00  8.45202176e+00]]", "nfev": "238", "njev": "34", "status": "0", "success": "True", "message": "Optimization terminated successfully.", "x": "[ 4.55248066 -2.53183741  6.43196634  2.44599167 13.37491011  2.44310559]", "nit": "25", "callback": [0.4146424288758407, 0.26196749972782685]}, "12": {"maxiter": 500, "gtol": 1e-10, "xrtol": 1e-05, "eps": 1e-05, "duration": 0.05707383155822754, "fun": "0.2619654777593856", "jac": "[-5.85775872e-07 -3.17701421e-07 -4.91162666e-08  3.92907928e-08\n  1.03994591e-07 -2.03270734e-07]", "hess_inv": "[[ 3.42258115 -0.20594748  0.25400498 -0.13896811 -0.18138675 -0.20918683]\n [-0.20594748  4.10083066  1.32279392  1.09226544 -1.41491473 -0.83108978]\n [ 0.25400498  1.32279392  4.16263788 -0.0875997   0.38154221  0.04217175]\n [-0.13896811  1.09226544 -0.0875997   3.44257543 -0.24218451  0.24918241]\n [-0.18138675 -1.41491473  0.38154221 -0.24218451  8.69685118  5.9596246 ]\n [-0.20918683 -0.83108978  0.04217175  0.24918241  5.9596246   8.38825618]]", "nfev": "245", "njev": "35", "status": "0", "success": "True", "message": "Optimization terminated successfully.", "x": "[ 4.55248144 -2.5318307   6.43196107  2.44596559 13.37486844  2.44307349]", "nit": "26", "callback": [0.4146621112428226, 0.2619682402253233]}, "13": {"maxiter": 500, "gtol": 1e-10, "xrtol": 1e-05, "eps": 1e-10, "duration": 0.05570721626281738, "fun": "0.26196547779138757", "jac": "[0.00000000e+00 2.22044587e-06 2.22044587e-06 2.22044587e-06\n 0.00000000e+00 3.33066880e-06]", "hess_inv": "[[ 3.37110268 -0.22040508  0.25307665  0.01581144 -0.13567483 -0.24657352]\n [-0.22040508  4.12225281  1.31983518  0.99526876 -1.54692173 -0.93366851]\n [ 0.25307665  1.31983518  4.08772766 -0.1740878   0.15678272 -0.13632352]\n [ 0.01581144  0.99526876 -0.1740878   3.44709903 -0.38952822  0.04597983]\n [-0.13567483 -1.54692173  0.15678272 -0.38952822  8.37872754  5.70127664]\n [-0.24657352 -0.93366851 -0.13632352  0.04597983  5.70127664  8.19581183]]", "nfev": "245", "njev": "35", "status": "0", "success": "True", "message": "Optimization terminated successfully.", "x": "[ 4.55248631 -2.53182089  6.43197898  2.44597514 13.37491071  2.44312314]", "nit": "26", "callback": [0.4146424288758407, 0.26196749972782685]}, "14": {"maxiter": 500, "gtol": 1e-10, "xrtol": 1e-10, "eps": 1e-05, "duration": 0.0600581169128418, "fun": "0.26196547775102186", "jac": "[-1.11022302e-11 -3.33066907e-11 -5.55111512e-11 -1.11022302e-11\n  0.00000000e+00 -2.22044605e-11]", "hess_inv": "[[ 3.66914    -0.0642458   0.34179612 -0.09064161 -0.20262303 -0.12953476]\n [-0.0642458   4.17926673  1.36827426  1.11017559 -1.43469262 -0.78855652]\n [ 0.34179612  1.36827426  4.18580486 -0.08568841  0.36194606  0.06508731]\n [-0.09064161  1.11017559 -0.08568841  3.42692741 -0.26762733  0.25368174]\n [-0.20262303 -1.43469262  0.36194606 -0.26762733  8.68126909  5.94425231]\n [-0.12953476 -0.78855652  0.06508731  0.25368174  5.94425231  8.41038709]]", "nfev": "266", "njev": "38", "status": "0", "success": "True", "message": "Optimization terminated successfully.", "x": "[ 4.55248358 -2.53182938  6.43196191  2.44596581 13.3748682   2.44307426]", "nit": "29", "callback": [0.4146621112428226, 0.2619682402253233]}, "15": {"maxiter": 500, "gtol": 1e-10, "xrtol": 1e-10, "eps": 1e-10, "duration": 0.07248425483703613, "fun": "0.26196547771509293", "jac": "[ 1.11022293e-06  1.11022293e-06  1.11022293e-06 -1.11022293e-06\n  1.11022293e-06 -1.11022293e-06]", "hess_inv": "[[ 3.08521811  0.67112881  0.80909003 -0.94235692 -2.30334562 -1.87870285]\n [ 0.67112881  1.89624154 -0.40896531  0.74154586  0.27526391 -0.46337265]\n [ 0.80909003 -0.40896531  2.5937105   0.31635699  1.40328002  0.73002411]\n [-0.94235692  0.74154586  0.31635699  5.04216347  2.7247878   1.96889448]\n [-2.30334562  0.27526391  1.40328002  2.7247878   7.29348573  7.11380342]\n [-1.87870285 -0.46337265  0.73002411  1.96889448  7.11380342 10.53539502]]", "nfev": "322", "njev": "46", "status": "0", "success": "True", "message": "Optimization terminated successfully.", "x": "[ 4.55248835 -2.53182518  6.43196941  2.44597153 13.37489065  2.44309662]", "nit": "31", "callback": [0.4146424288758407, 0.26196749972782685, 0.26196547771509293]}, "16": {"maxiter": 1000, "gtol": 1e-05, "xrtol": 1e-05, "eps": 1e-05, "duration": 0.054306745529174805, "fun": "0.26196547797105163", "jac": "[-5.00759434e-06 -4.84391416e-06  9.29178956e-07  8.57975913e-06\n  4.25219859e-06 -4.42312853e-06]", "hess_inv": "[[ 3.46822709 -0.17573785  0.31138893  0.11431566 -0.03401146 -0.17235641]\n [-0.17573785  4.12077374  1.35934295  1.2507144  -1.32298995 -0.80743488]\n [ 0.31138893  1.35934295  4.19425819 -0.02948516  0.40769859  0.06804781]\n [ 0.11431566  1.2507144  -0.02948516  3.17583123 -0.44658736  0.32233658]\n [-0.03401146 -1.32298995  0.40769859 -0.44658736  8.54784553  5.99832969]\n [-0.17235641 -0.80743488  0.06804781  0.32233658  5.99832969  8.40767753]]", "nfev": "238", "njev": "34", "status": "0", "success": "True", "message": "Optimization terminated successfully.", "x": "[ 4.5524645  -2.53184127  6.43195795  2.44598832 13.3748851   2.44306898]", "nit": "25", "callback": [0.4146621112428226, 0.2619682402253233]}, "17": {"maxiter": 1000, "gtol": 1e-05, "xrtol": 1e-05, "eps": 1e-10, "duration": 0.05372500419616699, "fun": "0.26196547785806", "jac": "[-2.22044587e-06 -5.55111466e-06 -1.11022293e-06  6.66133760e-06\n  2.22044587e-06 -4.44089173e-06]", "hess_inv": "[[ 3.38310386e+00 -2.08404677e-01  2.89704723e-01  9.55693235e-02\n  -4.39992674e-02 -1.88500195e-01]\n [-2.08404677e-01  4.10346406e+00  1.36946229e+00  1.22800733e+00\n  -1.33487334e+00 -8.47963681e-01]\n [ 2.89704723e-01  1.36946229e+00  4.19402771e+00  4.73313905e-03\n   3.85746267e-01  2.92486602e-02]\n [ 9.55693235e-02  1.22800733e+00  4.73313905e-03  3.21697877e+00\n  -3.78422738e-01  2.94607665e-01]\n [-4.39992674e-02 -1.33487334e+00  3.85746267e-01 -3.78422738e-01\n   8.60836029e+00  6.03684139e+00]\n [-1.88500195e-01 -8.47963681e-01  2.92486602e-02  2.94607665e-01\n   6.03684139e+00  8.45202176e+00]]", "n