{"date": "2024/09/24/, 06:35:33", "conf_id": 311, "data_type": "var_s_rank\n", "num_data_points": 4, "s_rank": 0, "unitary": "[[-0.56303964-0.00798273j,-0.21670212-0.15784972j,-0.06047197-0.73952673j,-0.01438004+0.24552571j],[-0.06976756+0.23474685j,-0.01275565-0.5435098j,-0.02703657-0.08917885j,-0.08210486-0.79311774j],[-0.38559961+0.10714929j,0.5933431-0.2687392j,-0.24060861+0.29149289j,-0.45147719+0.26241743j],[-0.50180421+0.45931857j,-0.11617175+0.44134496j,0.49642745+0.22684508j,-0.08544628-0.15407063j]]", "databatch_0": {"databatch": "[[[0.38445201-0.12383804j,-0.01661095+0.19626534j,0.04275376+0.29942142j,0.07154232+0.14107791j],[0.32263382-0.11923866j,-0.13247018-0.06867135j,0.10894137+0.14210944j,-0.05952447-0.10504585j],[0.1930812+0.07342762j,0.27258926-0.05701464j,-0.03444003+0.16292678j,-0.39118406+0.03547135j],[0.05829488-0.14747408j,0.11146329+0.1379524j,-0.15787747-0.32511933j,-0.01544304-0.06809272j]],[[0.07905436+0.12826864j,0.06536579-0.093526j,-0.00179638+0.14047022j,0.40745539-0.19396048j],[0.06054196+0.17971749j,-0.00813215+0.04957619j,-0.05615522+0.12929892j,0.38890488+0.01754155j],[-0.04612788-0.151793j,-0.09419421-0.02308093j,0.06009679-0.12969977j,-0.44607409-0.02767487j],[0.16244183-0.05971408j,0.07526225-0.08687952j,0.13412933+0.066353j,0.06236918-0.45473444j]],[[0.1045494+0.16770941j,-0.21579076-0.22078454j,-0.05071254-0.35031096j,-0.19721555+0.00754822j],[0.21548228+0.08629443j,-0.35872825-0.09194116j,0.00528453-0.17907672j,-0.00287586-0.05577959j],[-0.1139981+0.15745263j,0.13770391-0.18781532j,-0.08460753+0.10420629j,0.01193951+0.20375831j],[-0.29310354-0.07490381j,0.36068142+0.09706902j,-0.11453745+0.2353255j,-0.03521757+0.15061319j]],[[-0.19709533-0.03677552j,0.26893668+0.10248673j,0.03592212+0.00676681j,0.09119216-0.04318104j],[-0.02467959-0.0746978j,-0.18035072-0.03452573j,-0.09948112-0.04361709j,-0.00374046+0.06338358j],[-0.21327111-0.19514035j,-0.39599771+0.47386766j,-0.25592295+0.14613797j,0.1742931+0.15786718j],[-0.16595898-0.34244626j,0.04971928-0.0276778j,-0.04788323-0.201911j,0.05368525+0.09295781j]]]", "initial param values": "[1.24217571,0.36580811,2.9614859,0.34992878,4.60804816,4.37394869]", "nelder_mead": {"type": "gradient-free", "0": {"maxiter": 100, "fatol": 1e-05, "xatol": 1e-05, "duration": 0.03713417053222656, "fun": "0.5329143424601663", "nit": "100", "nfev": "157", "status": "2", "success": "False", "message": "Maximum number of iterations has been exceeded.", "x": "[1.07377289 0.10182728 5.85416652 0.6220164  0.64434717 5.2716695 ]", "final_simplex": "(array([[1.07377289, 0.10182728, 5.85416652, 0.6220164 , 0.64434717,\n        5.2716695 ],\n       [1.16928288, 0.07958889, 5.92654896, 0.65320258, 0.73295034,\n        5.24859375],\n       [1.12733086, 0.09641333, 5.9254853 , 0.64046058, 0.6773737 ,\n        5.17543452],\n       [1.09941206, 0.08231997, 5.91228029, 0.63773206, 0.52397744,\n        5.38982405],\n       [1.04459206, 0.10595434, 5.83518167, 0.61686927, 0.55551627,\n        5.4064058 ],\n       [1.00863594, 0.11127229, 5.82943512, 0.61247088, 0.65051965,\n        5.39388222],\n       [1.03818943, 0.09347309, 5.99320938, 0.63251742, 0.62965649,\n        5.29816574]]), array([0.53291434, 0.53312813, 0.53326491, 0.53335117, 0.53387456,\n       0.53397863, 0.53400131]))", "callback": [0.7720722780545728, 0.7465775938404771, 0.6939786828542915, 0.6708740504227227, 0.597885059113329, 0.5470715746091046, 0.5432207381245735, 0.5375894909441301, 0.5338745565818422]}, "1": {"maxiter": 100, "fatol": 1e-05, "xatol": 1e-10, "duration": 0.03652691841125488, "fun": "0.5329143424601663", "nit": "100", "nfev": "157", "status": "2", "success": "False", "message": "Maximum number of iterations has been exceeded.", "x": "[1.07377289 0.10182728 5.85416652 0.6220164  0.64434717 5.2716695 ]", "final_simplex": "(array([[1.07377289, 0.10182728, 5.85416652, 0.6220164 , 0.64434717,\n        5.2716695 ],\n       [1.16928288, 0.07958889, 5.92654896, 0.65320258, 0.73295034,\n        5.24859375],\n       [1.12733086, 0.09641333, 5.9254853 , 0.64046058, 0.6773737 ,\n        5.17543452],\n       [1.09941206, 0.08231997, 5.91228029, 0.63773206, 0.52397744,\n        5.38982405],\n       [1.04459206, 0.10595434, 5.83518167, 0.61686927, 0.55551627,\n        5.4064058 ],\n       [1.00863594, 0.11127229, 5.82943512, 0.61247088, 0.65051965,\n        5.39388222],\n       [1.03818943, 0.09347309, 5.99320938, 0.63251742, 0.62965649,\n        5.29816574]]), array([0.53291434, 0.53312813, 0.53326491, 0.53335117, 0.53387456,\n       0.53397863, 0.53400131]))", "callback": [0.7720722780545728, 0.7465775938404771, 0.6939786828542915, 0.6708740504227227, 0.597885059113329, 0.5470715746091046, 0.5432207381245735, 0.5375894909441301, 0.5338745565818422]}, "2": {"maxiter": 100, "fatol": 1e-10, "xatol": 1e-05, "duration": 0.03531694412231445, "fun": "0.5329143424601663", "nit": "100", "nfev": "157", "status": "2", "success": "False", "message": "Maximum number of iterations has been exceeded.", "x": "[1.07377289 0.10182728 5.85416652 0.6220164  0.64434717 5.2716695 ]", "final_simplex": "(array([[1.07377289, 0.10182728, 5.85416652, 0.6220164 , 0.64434717,\n        5.2716695 ],\n       [1.16928288, 0.07958889, 5.92654896, 0.65320258, 0.73295034,\n        5.24859375],\n       [1.12733086, 0.09641333, 5.9254853 , 0.64046058, 0.6773737 ,\n        5.17543452],\n       [1.09941206, 0.08231997, 5.91228029, 0.63773206, 0.52397744,\n        5.38982405],\n       [1.04459206, 0.10595434, 5.83518167, 0.61686927, 0.55551627,\n        5.4064058 ],\n       [1.00863594, 0.11127229, 5.82943512, 0.61247088, 0.65051965,\n        5.39388222],\n       [1.03818943, 0.09347309, 5.99320938, 0.63251742, 0.62965649,\n        5.29816574]]), array([0.53291434, 0.53312813, 0.53326491, 0.53335117, 0.53387456,\n       0.53397863, 0.53400131]))", "callback": [0.7720722780545728, 0.7465775938404771, 0.6939786828542915, 0.6708740504227227, 0.597885059113329, 0.5470715746091046, 0.5432207381245735, 0.5375894909441301, 0.5338745565818422]}, "3": {"maxiter": 100, "fatol": 1e-10, "xatol": 1e-10, "duration": 0.03523993492126465, "fun": "0.5329143424601663", "nit": "100", "nfev": "157", "status": "2", "success": "False", "message": "Maximum number of iterations has been exceeded.", "x": "[1.07377289 0.10182728 5.85416652 0.6220164  0.64434717 5.2716695 ]", "final_simplex": "(array([[1.07377289, 0.10182728, 5.85416652, 0.6220164 , 0.64434717,\n        5.2716695 ],\n       [1.16928288, 0.07958889, 5.92654896, 0.65320258, 0.73295034,\n        5.24859375],\n       [1.12733086, 0.09641333, 5.9254853 , 0.64046058, 0.6773737 ,\n        5.17543452],\n       [1.09941206, 0.08231997, 5.91228029, 0.63773206, 0.52397744,\n        5.38982405],\n       [1.04459206, 0.10595434, 5.83518167, 0.61686927, 0.55551627,\n        5.4064058 ],\n       [1.00863594, 0.11127229, 5.82943512, 0.61247088, 0.65051965,\n        5.39388222],\n       [1.03818943, 0.09347309, 5.99320938, 0.63251742, 0.62965649,\n        5.29816574]]), array([0.53291434, 0.53312813, 0.53326491, 0.53335117, 0.53387456,\n       0.53397863, 0.53400131]))", "callback": [0.7720722780545728, 0.7465775938404771, 0.6939786828542915, 0.6708740504227227, 0.597885059113329, 0.5470715746091046, 0.5432207381245735, 0.5375894909441301, 0.5338745565818422]}, "4": {"maxiter": 500, "fatol": 1e-05, "xatol": 1e-05, "duration": 0.17381572723388672, "fun": "0.3896270122539489", "nit": "500", "nfev": "782", "status": "2", "success": "False", "message": "Maximum number of iterations has been exceeded.", "x": "[ 0.86117658 -0.53287366  7.14656372  2.21794693  0.74457352  5.59055245]", "final_simplex": "(array([[ 0.86117658, -0.53287366,  7.14656372,  2.21794693,  0.74457352,\n         5.59055245],\n       [ 0.86113592, -0.5328386 ,  7.1465096 ,  2.21790425,  0.74456465,\n         5.59055927],\n       [ 0.86113738, -0.53283391,  7.14652509,  2.21790633,  0.74454548,\n         5.59052263],\n       [ 0.8611306 , -0.53283657,  7.14649698,  2.21791979,  0.74453359,\n         5.59051055],\n       [ 0.86117802, -0.53284836,  7.14650215,  2.21790336,  0.74459618,\n         5.59057212],\n       [ 0.86118809, -0.53287721,  7.14654996,  2.21794084,  0.74453838,\n         5.59054896],\n       [ 0.86118051, -0.5328046 ,  7.14653077,  2.21793493,  0.74458332,\n         5.59054626]]), array([0.38962701, 0.38962701, 0.38962701, 0.38962701, 0.38962701,\n       0.38962701, 0.38962701]))", "callback": [0.7720722780545728, 0.7465775938404771, 0.6939786828542915, 0.6708740504227227, 0.597885059113329, 0.5470715746091046, 0.5432207381245735, 0.5375894909441301, 0.5338745565818422, 0.5328982918659811, 0.5324270768330741, 0.5322656937336169, 0.532186797646494, 0.5318819027924979, 0.5314455030854444, 0.5299835043434076, 0.5268309510585814, 0.5211691843106099, 0.5117762474595079, 0.5025267658793295, 0.49910807981785243, 0.4953987075329731, 0.4926635336897526, 0.4926635336897526, 0.49260047202969426, 0.4922424356741857, 0.49190392996723287, 0.48930964415242206, 0.4830205620614705, 0.4671837290819316, 0.4359550394603551, 0.41329148240363067, 0.40064924480395414, 0.39332904451535344, 0.390559454596178, 0.39011612985054145, 0.3898702364132822, 0.3897226002858708, 0.38967847054527494, 0.38964693194908673, 0.38963227119657406, 0.3896289423730118, 0.3896280064316282, 0.38962764922590976, 0.38962714616443495, 0.3896270642543692, 0.38962702247984793, 0.3896270146832572, 0.38962701267887356]}, "5": {"maxiter": 500, "fatol": 1e-05, "xatol": 1e-10, "duration": 0.17283320426940918, "fun": "0.3896270122539489", "nit": "500", "nfev": "782", "status": "2", "success": "False", "message": "Maximum number of iterations has been exceeded.", "x": "[ 0.86117658 -0.53287366  7.14656372  2.21794693  0.74457352  5.59055245]", "final_simplex": "(array([[ 0.86117658, -0.53287366,  7.14656372,  2.21794693,  0.74457352,\n         5.59055245],\n       [ 0.86113592, -0.5328386 ,  7.1465096 ,  2.21790425,  0.74456465,\n         5.59055927],\n       [ 0.86113738, -0.53283391,  7.14652509,  2.21790633,  0.74454548,\n         5.59052263],\n       [ 0.8611306 , -0.53283657,  7.14649698,  2.21791979,  0.74453359,\n         5.59051055],\n       [ 0.86117802, -0.53284836,  7.14650215,  2.21790336,  0.74459618,\n         5.59057212],\n       [ 0.86118809, -0.53287721,  7.14654996,  2.21794084,  0.74453838,\n         5.59054896],\n       [ 0.86118051, -0.5328046 ,  7.14653077,  2.21793493,  0.74458332,\n         5.59054626]]), array([0.38962701, 0.38962701, 0.38962701, 0.38962701, 0.38962701,\n       0.38962701, 0.38962701]))", "callback": [0.7720722780545728, 0.7465775938404771, 0.6939786828542915, 0.6708740504227227, 0.597885059113329, 0.5470715746091046, 0.5432207381245735, 0.5375894909441301, 0.5338745565818422, 0.5328982918659811, 0.5324270768330741, 0.5322656937336169, 0.532186797646494, 0.5318819027924979, 0.5314455030854444, 0.5299835043434076, 0.5268309510585814, 0.5211691843106099, 0.5117762474595079, 0.5025267658793295, 0.49910807981785243, 0.4953987075329731, 0.4926635336897526, 0.4926635336897526, 0.49260047202969426, 0.4922424356741857, 0.49190392996723287, 0.48930964415242206, 0.4830205620614705, 0.4671837290819316, 0.4359550394603551, 0.41329148240363067, 0.40064924480395414, 0.39332904451535344, 0.390559454596178, 0.39011612985054145, 0.3898702364132822, 0.3897226002858708, 0.38967847054527494, 0.38964693194908673, 0.38963227119657406, 0.3896289423730118, 0.3896280064316282, 0.38962764922590976, 0.38962714616443495, 0.3896270642543692, 0.38962702247984793, 0.3896270146832572, 0.38962701267887356]}, "6": {"maxiter": 500, "fatol": 1e-10, "xatol": 1e-05, "duration": 0.1837151050567627, "fun": "0.3896270122539489", "nit": "500", "nfev": "782", "status": "2", "success": "False", "message": "Maximum number of iterations has been exceeded.", "x": "[ 0.86117658 -0.53287366  7.14656372  2.21794693  0.74457352  5.59055245]", "final_simplex": "(array([[ 0.86117658, -0.53287366,  7.14656372,  2.21794693,  0.74457352,\n         5.59055245],\n       [ 0.86113592, -0.5328386 ,  7.1465096 ,  2.21790425,  0.74456465,\n         5.59055927],\n       [ 0.86113738, -0.53283391,  7.14652509,  2.21790633,  0.74454548,\n         5.59052263],\n       [ 0.8611306 , -0.53283657,  7.14649698,  2.21791979,  0.74453359,\n         5.59051055],\n       [ 0.86117802, -0.53284836,  7.14650215,  2.21790336,  0.74459618,\n         5.59057212],\n       [ 0.86118809, -0.53287721,  7.14654996,  2.21794084,  0.74453838,\n         5.59054896],\n       [ 0.86118051, -0.5328046 ,  7.14653077,  2.21793493,  0.74458332,\n         5.59054626]]), array([0.38962701, 0.38962701, 0.38962701, 0.38962701, 0.38962701,\n       0.38962701, 0.38962701]))", "callback": [0.7720722780545728, 0.7465775938404771, 0.6939786828542915, 0.6708740504227227, 0.597885059113329, 0.5470715746091046, 0.5432207381245735, 0.5375894909441301, 0.5338745565818422, 0.5328982918659811, 0.5324270768330741, 0.5322656937336169, 0.532186797646494, 0.5318819027924979, 0.5314455030854444, 0.5299835043434076, 0.5268309510585814, 0.5211691843106099, 0.5117762474595079, 0.5025267658793295, 0.49910807981785243, 0.4953987075329731, 0.4926635336897526, 0.4926635336897526, 0.49260047202969426, 0.4922424356741857, 0.49190392996723287, 0.48930964415242206, 0.4830205620614705, 0.4671837290819316, 0.4359550394603551, 0.41329148240363067, 0.40064924480395414, 0.39332904451535344, 0.390559454596178, 0.39011612985054145, 0.3898702364132822, 0.3897226002858708, 0.38967847054527494, 0.38964693194908673, 0.38963227119657406, 0.3896289423730118, 0.3896280064316282, 0.38962764922590976, 0.38962714616443495, 0.3896270642543692, 0.38962702247984793, 0.3896270146832572, 0.38962701267887356]}, "7": {"maxiter": 500, "fatol": 1e-10, "xatol": 1e-10, "duration": 0.18281197547912598, "fun": "0.3896270122539489", "nit": "500", "nfev": "782", "status": "2", "success": "False", "message": "Maximum number of iterations has been exceeded.", "x": "[ 0.86117658 -0.53287366  7.14656372  2.21794693  0.74457352  5.59055245]", "final_simplex": "(array([[ 0.86117658, -0.53287366,  7.14656372,  2.21794693,  0.74457352,\n         5.59055245],\n       [ 0.86113592, -0.5328386 ,  7.1465096 ,  2.21790425,  0.74456465,\n         5.59055927],\n       [ 0.86113738, -0.53283391,  7.14652509,  2.21790633,  0.74454548,\n         5.59052263],\n       [ 0.8611306 , -0.53283657,  7.14649698,  2.21791979,  0.74453359,\n         5.59051055],\n       [ 0.86117802, -0.53284836,  7.14650215,  2.21790336,  0.74459618,\n         5.59057212],\n       [ 0.86118809, -0.53287721,  7.14654996,  2.21794084,  0.74453838,\n         5.59054896],\n       [ 0.86118051, -0.5328046 ,  7.14653077,  2.21793493,  0.74458332,\n         5.59054626]]), array([0.38962701, 0.38962701, 0.38962701, 0.38962701, 0.38962701,\n       0.38962701, 0.38962701]))", "callback": [0.7720722780545728, 0.7465775938404771, 0.6939786828542915, 0.6708740504227227, 0.597885059113329, 0.5470715746091046, 0.5432207381245735, 0.5375894909441301, 0.5338745565818422, 0.5328982918659811, 0.5324270768330741, 0.5322656937336169, 0.532186797646494, 0.5318819027924979, 0.5314455030854444, 0.5299835043434076, 0.5268309510585814, 0.5211691843106099, 0.5117762474595079, 0.5025267658793295, 0.49910807981785243, 0.4953987075329731, 0.4926635336897526, 0.4926635336897526, 0.49260047202969426, 0.4922424356741857, 0.49190392996723287, 0.48930964415242206, 0.4830205620614705, 0.4671837290819316, 0.4359550394603551, 0.41329148240363067, 0.40064924480395414, 0.39332904451535344, 0.390559454596178, 0.39011612985054145, 0.3898702364132822, 0.3897226002858708, 0.38967847054527494, 0.38964693194908673, 0.38963227119657406, 0.3896289423730118, 0.3896280064316282, 0.38962764922590976, 0.38962714616443495, 0.3896270642543692, 0.38962702247984793, 0.3896270146832572, 0.38962701267887356]}, "8": {"maxiter": 1000, "fatol": 1e-05, "xatol": 1e-05, "duration": 0.1909651756286621, "fun": "0.3896270121104147", "nit": "534", "nfev": "837", "status": "0", "success": "True", "message": "Optimization terminated successfully.", "x": "[ 0.86114529 -0.53286237  7.14654252  2.21793577  0.74458385  5.59055397]", "final_simplex": "(array([[ 0.86114529, -0.53286237,  7.14654252,  2.21793577,  0.74458385,\n         5.59055397],\n       [ 0.86114356, -0.53285763,  7.14653652,  2.21793064,  0.74458078,\n         5.59055284],\n       [ 0.86114541, -0.53286095,  7.14653857,  2.21793415,  0.74457785,\n         5.59055147],\n       [ 0.86114972, -0.53286112,  7.14653419,  2.21793153,  0.74458567,\n         5.59056144],\n       [ 0.86114712, -0.53285539,  7.1465371 ,  2.21793482,  0.74458099,\n         5.59054902],\n       [ 0.86114787, -0.53286432,  7.1465389 ,  2.21793166,  0.74458214,\n         5.59055444],\n       [ 0.86114092, -0.53286186,  7.14653541,  2.21793246,  0.74458476,\n         5.59055337]]), array([0.38962701, 0.38962701, 0.38962701, 0.38962701, 0.38962701,\n       0.38962701, 0.38962701]))", "callback": [0.7720722780545728, 0.7465775938404771, 0.6939786828542915, 0.6708740504227227, 0.597885059113329, 0.5470715746091046, 0.5432207381245735, 0.5375894909441301, 0.5338745565818422, 0.5328982918659811, 0.5324270768330741, 0.5322656937336169, 0.532186797646494, 0.5318819027924979, 0.5314455030854444, 0.5299835043434076, 0.5268309510585814, 0.5211691843106099, 0.5117762474595079, 0.5025267658793295, 0.49910807981785243, 0.4953987075329731, 0.4926635336897526, 0.4926635336897526, 0.49260047202969426, 0.4922424356741857, 0.49190392996723287, 0.48930964415242206, 0.4830205620614705, 0.4671837290819316, 0.4359550394603551, 0.41329148240363067, 0.40064924480395414, 0.39332904451535344, 0.390559454596178, 0.39011612985054145, 0.3898702364132822, 0.3897226002858708, 0.38967847054527494, 0.38964693194908673, 0.38963227119657406, 0.3896289423730118, 0.3896280064316282, 0.38962764922590976, 0.38962714616443495, 0.3896270642543692, 0.38962702247984793, 0.3896270146832572, 0.38962701267887356, 0.3896270122539489, 0.3896270121487164, 0.38962701211352146, 0.3896270121109596]}, "9": {"maxiter": 1000, "fatol": 1e-05, "xatol": 1e-10, "duration": 0.263286828994751, "fun": "0.3896270121057972", "nit": "641", "nfev": "1069", "status": "0", "success": "True", "message": "Optimization terminated successfully.", "x": "[ 0.86114461 -0.53286112  7.14653886  2.2179364   0.74458644  5.59055986]", "final_simplex": "(array([[ 0.86114461, -0.53286112,  7.14653886,  2.2179364 ,  0.74458644,\n         5.59055986],\n       [ 0.86114461, -0.53286112,  7.14653886,  2.2179364 ,  0.74458644,\n         5.59055986],\n       [ 0.86114461, -0.53286112,  7.14653886,  2.2179364 ,  0.74458644,\n         5.59055986],\n       [ 0.86114461, -0.53286112,  7.14653886,  2.2179364 ,  0.74458644,\n         5.59055986],\n       [ 0.86114461, -0.53286112,  7.14653886,  2.2179364 ,  0.74458644,\n         5.59055986],\n       [ 0.86114461, -0.53286112,  7.14653886,  2.2179364 ,  0.74458644,\n         5.59055986],\n       [ 0.86114461, -0.53286112,  7.14653886,  2.2179364 ,  0.74458644,\n         5.59055986]]), array([0.38962701, 0.38962701, 0.38962701, 0.38962701, 0.38962701,\n       0.38962701, 0.38962701]))", "callback": [0.7720722780545728, 0.7465775938404771, 0.6939786828542915, 0.6708740504227227, 0.597885059113329, 0.5470715746091046, 0.5432207381245735, 0.5375894909441301, 0.5338745565818422, 0.5328982918659811, 0.5324270768330741, 0.5322656937336169, 0.532186797646494, 0.5318819027924979, 0.5314455030854444, 0.5299835043434076, 0.5268309510585814, 0.5211691843106099, 0.5117762474595079, 0.5025267658793295, 0.49910807981785243, 0.4953987075329731, 0.4926635336897526, 0.4926635336897526, 0.49260047202969426, 0.4922424356741857, 0.49190392996723287, 0.48930964415242206, 0.4830205620614705, 0.4671837290819316, 0.4359550394603551, 0.41329148240363067, 0.40064924480395414, 0.39332904451535344, 0.390559454596178, 0.39011612985054145, 0.3898702364132822, 0.3897226002858708, 0.38967847054527494, 0.38964693194908673, 0.38963227119657406, 0.3896289423730118, 0.3896280064316282, 0.38962764922590976, 0.38962714616443495, 0.3896270642543692, 0.38962702247984793, 0.3896270146832572, 0.38962701267887356, 0.3896270122539489, 0.3896270121487164, 0.38962701211352146, 0.3896270121109596, 0.3896270121068258, 0.38962701210623263, 0.38962701210592465, 0.3896270121058456, 0.3896270121058054, 0.38962701210579886, 0.38962701210579787, 0.3896270121057973, 0.3896270121057972, 0.3896270121057972, 0.3896270121057972]}, "10": {"maxiter": 1000, "fatol": 1e-10, "xatol": 1e-05, "duration": 0.19400715827941895, "fun": "0.3896270121104147", "nit": "534", "nfev": "837", "status": "0", "success": "True", "message": "Optimization terminated successfully.", "x": "[ 0.86114529 -0.53286237  7.14654252  2.21793577  0.74458385  5.59055397]", "final_simplex": "(array([[ 0.86114529, -0.53286237,  7.14654252,  2.21793577,  0.74458385,\n         5.59055397],\n       [ 0.86114356, -0.53285763,  7.14653652,  2.21793064,  0.74458078,\n         5.59055284],\n       [ 0.86114541, -0.53286095,  7.14653857,  2.21793415,  0.74457785,\n         5.59055147],\n       [ 0.86114972, -0.53286112,  7.14653419,  2.21793153,  0.74458567,\n         5.59056144],\n       [ 0.86114712, -0.53285539,  7.1465371 ,  2.21793482,  0.74458099,\n         5.59054902],\n       [ 0.86114787, -0.53286432,  7.1465389 ,  2.21793166,  0.74458214,\n         5.59055444],\n       [ 0.86114092, -0.53286186,  7.14653541,  2.21793246,  0.74458476,\n         5.59055337]]), array([0.38962701, 0.38962701, 0.38962701, 0.38962701, 0.38962701,\n       0.38962701, 0.38962701]))", "callback": [0.7720722780545728, 0.7465775938404771, 0.6939786828542915, 0.6708740504227227, 0.597885059113329, 0.5470715746091046, 0.5432207381245735, 0.5375894909441301, 0.5338745565818422, 0.5328982918659811, 0.5324270768330741, 0.5322656937336169, 0.532186797646494, 0.5318819027924979, 0.5314455030854444, 0.5299835043434076, 0.5268309510585814, 0.5211691843106099, 0.5117762474595079, 0.5025267658793295, 0.49910807981785243, 0.4953987075329731, 0.4926635336897526, 0.4926635336897526, 0.49260047202969426, 0.4922424356741857, 0.49190392996723287, 0.48930964415242206, 0.4830205620614705, 0.4671837290819316, 0.4359550394603551, 0.41329148240363067, 0.40064924480395414, 0.39332904451535344, 0.390559454596178, 0.39011612985054145, 0.3898702364132822, 0.3897226002858708, 0.38967847054527494, 0.38964693194908673, 0.38963227119657406, 0.3896289423730118, 0.3896280064316282, 0.38962764922590976, 0.38962714616443495, 0.3896270642543692, 0.38962702247984793, 0.3896270146832572, 0.38962701267887356, 0.3896270122539489, 0.3896270121487164, 0.38962701211352146, 0.3896270121109596]}, "11": {"maxiter": 1000, "fatol": 1e-10, "xatol": 1e-10, "duration": 0.24218511581420898, "fun": "0.3896270121057972", "nit": "641", "nfev": "1069", "status": "0", "success": "True", "message": "Optimization terminated successfully.", "x": "[ 0.86114461 -0.53286112  7.14653886  2.2179364   0.74458644  5.59055986]", "final_simplex": "(array([[ 0.86114461, -0.53286112,  7.14653886,  2.2179364 ,  0.74458644,\n         5.59055986],\n       [ 0.86114461, -0.53286112,  7.14653886,  2.2179364 ,  0.74458644,\n         5.59055986],\n       [ 0.86114461, -0.53286112,  7.14653886,  2.2179364 ,  0.74458644,\n         5.59055986],\n       [ 0.86114461, -0.53286112,  7.14653886,  2.2179364 ,  0.74458644,\n         5.59055986],\n       [ 0.86114461, -0.53286112,  7.14653886,  2.2179364 ,  0.74458644,\n         5.59055986],\n       [ 0.86114461, -0.53286112,  7.14653886,  2.2179364 ,  0.74458644,\n         5.59055986],\n       [ 0.86114461, -0.53286112,  7.14653886,  2.2179364 ,  0.74458644,\n         5.59055986]]), array([0.38962701, 0.38962701, 0.38962701, 0.38962701, 0.38962701,\n       0.38962701, 0.38962701]))", "callback": [0.7720722780545728, 0.7465775938404771, 0.6939786828542915, 0.6708740504227227, 0.597885059113329, 0.5470715746091046, 0.5432207381245735, 0.5375894909441301, 0.5338745565818422, 0.5328982918659811, 0.5324270768330741, 0.5322656937336169, 0.532186797646494, 0.5318819027924979, 0.5314455030854444, 0.5299835043434076, 0.5268309510585814, 0.5211691843106099, 0.5117762474595079, 0.5025267658793295, 0.49910807981785243, 0.4953987075329731, 0.4926635336897526, 0.4926635336897526, 0.49260047202969426, 0.4922424356741857, 0.49190392996723287, 0.48930964415242206, 0.4830205620614705, 0.4671837290819316, 0.4359550394603551, 0.41329148240363067, 0.40064924480395414, 0.39332904451535344, 0.390559454596178, 0.39011612985054145, 0.3898702364132822, 0.3897226002858708, 0.38967847054527494, 0.38964693194908673, 0.38963227119657406, 0.3896289423730118, 0.3896280064316282, 0.38962764922590976, 0.38962714616443495, 0.3896270642543692, 0.38962702247984793, 0.3896270146832572, 0.38962701267887356, 0.3896270122539489, 0.3896270121487164, 0.38962701211352146, 0.3896270121109596, 0.3896270121068258, 0.38962701210623263, 0.38962701210592465, 0.3896270121058456, 0.3896270121058054, 0.38962701210579886, 0.38962701210579787, 0.3896270121057973, 0.3896270121057972, 0.3896270121057972, 0.3896270121057972]}}, "bfgs": {"type": "gradient", "0": {"maxiter": 100, "gtol": 1e-05, "xrtol": 1e-05, "eps": 1e-05, "duration": 0.0591278076171875, "fun": "0.3896270121428872", "jac": "[ 4.30067093e-07 -8.52184989e-07 -1.41948675e-06 -9.07562914e-07\n -5.67113023e-07  5.56388269e-07]", "hess_inv": "[[ 4.57004136  0.18289152 -0.23072771  0.01563571 -0.58098742 -0.12692444]\n [ 0.18289152 10.48594766 -7.67663443  2.413936   -2.59203419 -6.12891698]\n [-0.23072771 -7.67663443 10.25850804 -4.21614507  2.17745649  4.28541494]\n [ 0.01563571  2.413936   -4.21614507  5.69723854 -0.85496189 -2.21747343]\n [-0.58098742 -2.59203419  2.17745649 -0.85496189  9.45178794  7.06480022]\n [-0.12692444 -6.12891698  4.28541494 -2.21747343  7.06480022 10.13997703]]", "nfev": "252", "njev": "36", "status": "0", "success": "True", "message": "Optimization terminated successfully.", "x": "[ 0.86114305 -0.53285828  0.86334336  4.06524683  3.88615963  2.44895279]", "nit": "30", "callback": [0.6332881827187954, 0.4038447210698285, 0.3896270121428872]}, "1": {"maxiter": 100, "gtol": 1e-05, "xrtol": 1e-05, "eps": 1e-10, "duration": 0.05812406539916992, "fun": "0.38962701217903284", "jac": "[-1.11022293e-06 -2.22044587e-06 -5.55111466e-06 -6.66133760e-06\n -2.22044587e-06 -2.22044587e-06]", "hess_inv": "[[ 4.51819585e+00  2.51354725e-01 -3.02291183e-01 -8.58019434e-03\n  -5.95041061e-01 -1.58709015e-01]\n [ 2.51354725e-01  1.03490760e+01 -7.44745963e+00  2.16787013e+00\n  -2.65767051e+00 -6.04487105e+00]\n [-3.02291183e-01 -7.44745963e+00  9.90910627e+00 -4.04203862e+00\n   2.30428623e+00  4.25129150e+00]\n [-8.58019434e-03  2.16787013e+00 -4.04203862e+00  5.83665890e+00\n  -7.59162511e-01 -2.15395139e+00]\n [-5.95041061e-01 -2.65767051e+00  2.30428623e+00 -7.59162511e-01\n   9.52162607e+00  7.12406255e+00]\n [-1.58709015e-01 -6.04487105e+00  4.25129150e+00 -2.15395139e+00\n   7.12406255e+00  1.01649909e+01]]", "nfev": "252", "njev": "36", "status": "0", "success": "True", "message": "Optimization terminated successfully.", "x": "[ 0.86114099 -0.53284883  0.86333609  4.06523668  3.88616935  2.44895558]", "nit": "30", "callback": [0.6331744830178438, 0.40397861753397735, 0.38962701217903284]}, "2": {"maxiter": 100, "gtol": 1e-05, "xrtol": 1e-10, "eps": 1e-05, "duration": 0.05837106704711914, "fun": "0.3896270121428872", "jac": "[ 4.30067093e-07 -8.52184989e-07 -1.41948675e-06 -9.07562914e-07\n -5.67113023e-07  5.56388269e-07]", "hess_inv": "[[ 4.57004136  0.18289152 -0.23072771  0.01563571 -0.58098742 -0.12692444]\n [ 0.18289152 10.48594766 -7.67663443  2.413936   -2.59203419 -6.12891698]\n [-0.23072771 -7.67663443 10.25850804 -4.21614507  2.17745649  4.28541494]\n [ 0.01563571  2.413936   -4.21614507  5.69723854 -0.85496189 -2.21747343]\n [-0.58098742 -2.59203419  2.17745649 -0.85496189  9.45178794  7.06480022]\n [-0.12692444 -6.12891698  4.28541494 -2.21747343  7.06480022 10.13997703]]", "nfev": "252", "njev": "36", "status": "0", "success": "True", "message": "Optimization terminated successfully.", "x": "[ 0.86114305 -0.53285828  0.86334336  4.06524683  3.88615963  2.44895279]", "nit": "30", "callback": [0.6332881827187954, 0.4038447210698285, 0.3896270121428872]}, "3": {"maxiter": 100, "gtol": 1e-05, "xrtol": 1e-10, "eps": 1e-10, "duration": 0.05881381034851074, "fun": "0.38962701217903284", "jac": "[-1.11022293e-06 -2.22044587e-06 -5.55111466e-06 -6.66133760e-06\n -2.22044587e-06 -2.22044587e-06]", "hess_inv": "[[ 4.51819585e+00  2.51354725e-01 -3.02291183e-01 -8.58019434e-03\n  -5.95041061e-01 -1.58709015e-01]\n [ 2.51354725e-01  1.03490760e+01 -7.44745963e+00  2.16787013e+00\n  -2.65767051e+00 -6.04487105e+00]\n [-3.02291183e-01 -7.44745963e+00  9.90910627e+00 -4.04203862e+00\n   2.30428623e+00  4.25129150e+00]\n [-8.58019434e-03  2.16787013e+00 -4.04203862e+00  5.83665890e+00\n  -7.59162511e-01 -2.15395139e+00]\n [-5.95041061e-01 -2.65767051e+00  2.30428623e+00 -7.59162511e-01\n   9.52162607e+00  7.12406255e+00]\n [-1.58709015e-01 -6.04487105e+00  4.25129150e+00 -2.15395139e+00\n   7.12406255e+00  1.01649909e+01]]", "nfev": "252", "njev": "36", "status": "0", "success": "True", "message": "Optimization terminated successfully.", "x": "[ 0.86114099 -0.53284883  0.86333609  4.06523668  3.88616935  2.44895558]", "nit": "30", "callback": [0.6331744830178438, 0.40397861753397735, 0.38962701217903284]}, "4": {"maxiter": 100, "gtol": 1e-10, "xrtol": 1e-05, "eps": 1e-05, "duration": 0.058940887451171875, "fun": "0.3896270121321025", "jac": "[-1.40776280e-08  7.61612995e-09  1.01807451e-08 -1.01363362e-08\n  8.28448421e-08 -8.26450020e-08]", "hess_inv": "[[ 4.5839247   0.14665798 -0.24281702  0.04344839 -0.5424562  -0.08375007]\n [ 0.14665798 10.54094984 -7.63482749  2.40615403 -2.61206927 -6.19676775]\n [-0.24281702 -7.63482749 10.26637662 -4.25716297  2.12302989  4.23619899]\n [ 0.04344839  2.40615403 -4.25716297  5.64680144 -0.90967789 -2.2044128 ]\n [-0.5424562  -2.61206927  2.12302989 -0.90967789  9.39482132  7.09338005]\n [-0.08375007 -6.19676775  4.23619899 -2.2044128   7.09338005 10.22344545]]", "nfev": "259", "njev": "37", "status": "0", "success": "True", "message": "Optimization terminated successfully.", "x": "[ 0.86114064 -0.53285605  0.86334651  4.06524865  3.88616121  2.44894989]", "nit": "31", "callback": [0.6332881827187954, 0.4038447210698285, 0.3896270121428872]}, "5": {"maxiter": 100, "gtol": 1e-10, "xrtol": 1e-05, "eps": 1e-10, "duration": 0.059060096740722656, "fun": "0.3896270121339369", "jac": "[-2.22044587e-06  0.00000000e+00  0.00000000e+00  2.22044587e-06\n  2.22044587e-06  1.11022293e-06]", "hess_inv": "[[ 4.53175614  0.29157844 -0.41814495 -0.01870256 -0.70005643 -0.25407886]\n [ 0.29157844 10.04995312 -7.1608608   2.37126427 -2.18746893 -5.6262391 ]\n [-0.41814495 -7.1608608   9.94962108 -4.30713601  2.02408253  4.00944952]\n [-0.01870256  2.37126427 -4.30713601  5.71400474 -1.11683646 -2.47409755]\n [-0.70005643 -2.18746893  2.02408253 -1.11683646  8.87454853  6.55207754]\n [-0.25407886 -5.6262391   4.00944952 -2.47409755  6.55207754  9.65959511]]", "nfev": "259", "njev": "37", "status": "0", "success": "True", "message": "Optimization terminated successfully.", "x": "[ 0.86114211 -0.53286749  0.86335966  4.06524811  3.88620177  2.44898457]", "nit": "31", "callback": [0.6331744830178438, 0.40397861753397735, 0.38962701217903284]}, "6": {"maxiter": 100, "gtol": 1e-10, "xrtol": 1e-10, "eps": 1e-05, "duration": 0.09154391288757324, "fun": "0.3896270121321025", "jac": "[-1.40776280e-08  7.61612995e-09  1.01807451e-08 -1.01363362e-08\n  8.28448421e-08 -8.26450020e-08]", "hess_inv": "[[ 4.56114197  0.2029386  -0.25674759  0.04964198 -0.49895791 -0.13370246]\n [ 0.2029386  10.45630395 -7.66796047  2.37380808 -2.67531953 -6.1082722 ]\n [-0.25674759 -7.66796047 10.34175024 -4.23220512  2.09472557  4.24900442]\n [ 0.04964198  2.37380808 -4.23220512  5.65046032 -0.93535797 -2.17989352]\n [-0.49895791 -2.67531953  2.09472557 -0.93535797  9.34770095  7.16038338]\n [-0.13370246 -6.1082722   4.24900442 -2.17989352  7.16038338 10.13632165]]", "nfev": "403", "njev": "56", "status": "2", "success": "False", "message": "Desired error not necessarily achieved due to precision loss.", "x": "[ 0.86114064 -0.53285605  0.86334651  4.06524865  3.88616121  2.44894989]", "nit": "31", "callback": [0.6332881827187954, 0.4038447210698285, 0.3896270121428872]}, "7": {"maxiter": 100, "gtol": 1e-10, "xrtol": 1e-10, "eps": 1e-10, "duration": 0.0915529727935791, "fun": "0.3896270121101244", "jac": "[1.11022293e-06 0.00000000e+00 0.00000000e+00 0.00000000e+00\n 1.11022293e-06 0.00000000e+00]", "hess_inv": "[[115.62658484 -45.87035839 139.55877777  17.37708385 109.99046166\n   87.73478806]\n [-45.87035839  26.873595   -62.79698009  -3.64066589 -48.40256912\n  -42.1747124 ]\n [139.55877777 -62.79698009 183.5653562   16.26237314 141.17971194\n  114.43182222]\n [ 17.37708385  -3.64066589  16.26237314   7.76581983  15.76315473\n   10.84999515]\n [109.99046166 -48.40256912 141.17971194  15.76315473 112.22600105\n   88.8250047 ]\n [ 87.73478806 -42.1747124  114.43182222  10.84999515  88.8250047\n   75.14969521]]", "nfev": "399", "njev": "57", "status": "0", "success": "True", "message": "Optimization terminated successfully.", "x": "[ 0.86114501 -0.53286204  0.86335437  4.06524296  3.88618238  2.44896972]", "nit": "34", "callback": [0.6331744830178438, 0.40397861753397735, 0.38962701217903284]}, "8": {"maxiter": 500, "gtol": 1e-05, "xrtol": 1e-05, "eps": 1e-05, "duration": 0.05736708641052246, "fun": "0.3896270121428872", "jac": "[ 4.30067093e-07 -8.52184989e-07 -1.41948675e-06 -9.07562914e-07\n -5.67113023e-07  5.56388269e-07]", "hess_inv": "[[ 4.57004136  0.18289152 -0.23072771  0.01563571 -0.58098742 -0.12692444]\n [ 0.18289152 10.48594766 -7.67663443  2.413936   -2.59203419 -6.12891698]\n [-0.23072771 -7.67663443 10.25850804 -4.21614507  2.17745649  4.28541494]\n [ 0.01563571  2.413936   -4.21614507  5.69723854 -0.85496189 -2.21747343]\n [-0.58098742 -2.59203419  2.17745649 -0.85496189  9.45178794  7.06480022]\n [-0.12692444 -6.12891698  4.28541494 -2.21747343  7.06480022 10.13997703]]", "nfev": "252", "njev": "36", "status": "0", "success": "True", "message": "Optimization terminated successfully.", "x": "[ 0.86114305 -0.53285828  0.86334336  4.06524683  3.88615963  2.44895279]", "nit": "30", "callback": [0.6332881827187954, 0.4038447210698285, 0.3896270121428872]}, "9": {"maxiter": 500, "gtol": 1e-05, "xrtol": 1e-05, "eps": 1e-10, "duration": 0.05732011795043945, "fun": "0.38962701217903284", "jac": "[-1.11022293e-06 -2.22044587e-06 -5.55111466e-06 -6.66133760e-06\n -2.22044587e-06 -2.22044587e-06]", "hess_inv": "[[ 4.51819585e+00  2.51354725e-01 -3.02291183e-01 -8.58019434e-03\n  -5.95041061e-01 -1.58709015e-01]\n [ 2.51354725e-01  1.03490760e+01 -7.44745963e+00  2.16787013e+00\n  -2.65767051e+00 -6.04487105e+00]\n [-3.02291183e-01 -7.44745963e+00  9.90910627e+00 -4.04203862e+00\n   2.30428623e+00  4.25129150e+00]\n [-8.58019434e-03  2.16787013e+00 -4.04203862e+00  5.83665890e+00\n  -7.59162511e-01 -2.15395139e+00]\n [-5.95041061e-01 -2.65767051e+00  2.30428623e+00 -7.59162511e-01\n   9.52162607e+00  7.12406255e+00]\n [-1.58709015e-01 -6.04487105e+00  4.25129150e+00 -2.15395139e+00\n   7.12406255e+00  1.01649909e+01]]", "nfev": "252", "njev": "36", "status": "0", "success": "True", "message": "Optimization terminated successfully.", "x": "[ 0.86114099 -0.53284883  0.86333609  4.06523668  3.88616935  2.44895558]", "nit": "30", "callback": [0.6331744830178438, 0.40397861753397735, 0.38962701217903284]}, "10": {"maxiter": 500, "gtol": 1e-05, "xrtol": 1e-10, "eps": 1e-05, "duration": 0.05732583999633789, "fun": "0.3896270121428872", "jac": "[ 4.30067093e-07 -8.52184989e-07 -1.41948675e-06 -9.07562914e-07\n -5.67113023e-07  5.56388269e-07]", "hess_inv": "[[ 4.57004136  0.18289152 -0.23072771  0.01563571 -0.58098742 -0.12692444]\n [ 0.18289152 10.48594766 -7.67663443  2.413936   -2.59203419 -6.12891698]\n [-0.23072771 -7.67663443 10.25850804 -4.21614507  2.17745649  4.28541494]\n [ 0.01563571  2.413936   -4.21614507  5.69723854 -0.85496189 -2.21747343]\n [-0.58098742 -2.59203419  2.17745649 -0.85496189  9.45178794  7.06480022]\n [-0.12692444 -6.12891698  4.28541494 -2.21747343  7.06480022 10.13997703]]", "nfev": "252", "njev": "36", "status": "0", "success": "True", "message": "Optimization terminated successfully.", "x": "[ 0.86114305 -0.53285828  0.86334336  4.06524683  3.88615963  2.44895279]", "nit": "30", "callback": [0.6332881827187954, 0.4038447210698285, 0.3896270121428872]}, "11": {"maxiter": 500, "gtol": 1e-05, "xrtol": 1e-10, "eps": 1e-10, "duration": 0.05730724334716797, "fun": "0.38962701217903284", "jac": "[-1.11022293e-06 -2.22044587e-06 -5.55111466e-06 -6.66133760e-06\n -2.22044587e-06 -2.22044587e-06]", "hess_inv": "[[ 4.51819585e+00  2.51354725e-01 -3.02291183e-01 -8.58019434e-03\n  -5.95041061e-01 -1.58709015e-01]\n [ 2.51354725e-01  1.03490760e+01 -7.44745963e+00  2.16787013e+00\n  -2.65767051e+00 -6.04487105e+00]\n [-3.02291183e-01 -7.44745963e+00  9.90910627e+00 -4.04203862e+00\n   2.30428623e+00  4.25129150e+00]\n [-8.58019434e-03  2.16787013e+00 -4.04203862e+00  5.83665890e+00\n  -7.59162511e-01 -2.15395139e+00]\n [-5.95041061e-01 -2.65767051e+00  2.30428623e+00 -7.59162511e-01\n   9.52162607e+00  7.12406255e+00]\n [-1.58709015e-01 -6.04487105e+00  4.25129150e+00 -2.15395139e+00\n   7.12406255e+00  1.01649909e+01]]", "nfev": "252", "njev": "36", "status": "0", "success": "True", "message": "Optimization terminated successfully.", "x": "[ 0.86114099 -0.53284883  0.86333609  4.06523668  3.88616935  2.44895558]", "nit": "30", "callback": [0.6331744830178438, 0.40397861753397735, 0.38962701217903284]}, "12": {"maxiter": 500, "gtol": 1e-10, "xrtol": 1e-05, "eps": 1e-05, "duration": 0.058875083923339844, "fun": "0.3896270121321025", "jac": "[-1.40776280e-08  7.61612995e-09  1.01807451e-08 -1.01363362e-08\n  8.28448421e-08 -8.26450020e-08]", "hess_inv": "[[ 4.5839247   0.14665798 -0.24281702  0.04344839 -0.5424562  -0.08375007]\n [ 0.14665798 10.54094984 -7.63482749  2.40615403 -2.61206927 -6.19676775]\n [-0.24281702 -7.63482749 10.26637662 -4.25716297  2.12302989  4.23619899]\n [ 0.04344839  2.40615403 -4.25716297  5.64680144 -0.90967789 -2.2044128 ]\n [-0.5424562  -2.61206927  2.12302989 -0.90967789  9.39482132  7.09338005]\n [-0.08375007 -6.19676775  4.23619899 -2.2044128   7.09338005 10.22344545]]", "nfev": "259", "njev": "37", "status": "0", "success": "True", "message": "Optimization terminated successfully.", "x": "[ 0.86114064 -0.53285605  0.86334651  4.06524865  3.88616121  2.44894989]", "nit": "31", "callback": [0.6332881827187954, 0.4038447210698285, 0.3896270121428872]}, "13": {"maxiter": 500, "gtol": 1e-10, "xrtol": 1e-05, "eps": 1e-10, "duration": 0.05883979797363281, "fun": "0.3896270121339369", "jac": "[-2.22044587e-06  0.00000000e+00  0.00000000e+00  2.22044587e-06\n  2.22044587e-06  1.11022293e-06]", "hess_inv": "[[ 4.53175614  0.29157844 -0.41814495 -0.01870256 -0.70005643 -0.25407886]\n [ 0.29157844 10.04995312 -7.1608608   2.37126427 -2.18746893 -5.6262391 ]\n [-0.41814495 -7.1608608   9.94962108 -4.30713601  2.02408253  4.00944952]\n [-0.01870256  2.37126427 -4.30713601  5.71400474 -1.11683646 -2.47409755]\n [-0.70005643 -2.18746893  2.02408253 -1.11683646  8.87454853  6.55207754]\n [-0.25407886 -5.6262391   4.00944952 -2.47409755  6.55207754  9.65959511]]", "nfev": "259", "njev": "37", "status": "0", "success": "True", "message": "Optimization terminated successfully.", "x": "[ 0.86114211 -0.53286749  0.86335966  4.06524811  3.88620177  2.44898457]", "nit": "31", "callback": [0.6331744830178438, 0.40397861753397735, 0.38962701217903284]}, "14": {"maxiter": 500, "gtol": 1e-10, "xrtol": 1e-10, "eps": 1e-05, "duration": 0.0906059741973877, "fun": "0.3896270121321025", "jac": "[-1.40776280e-08  7.61612995e-09  1.01807451e-08 -1.01363362e