{"date": "2024/09/24/, 03:09:22", "conf_id": 226, "data_type": "non_lin_ind\n", "num_data_points": 4, "s_rank": 0, "unitary": "[[-0.56303964-0.00798273j,-0.21670212-0.15784972j,-0.06047197-0.73952673j,-0.01438004+0.24552571j],[-0.06976756+0.23474685j,-0.01275565-0.5435098j,-0.02703657-0.08917885j,-0.08210486-0.79311774j],[-0.38559961+0.10714929j,0.5933431-0.2687392j,-0.24060861+0.29149289j,-0.45147719+0.26241743j],[-0.50180421+0.45931857j,-0.11617175+0.44134496j,0.49642745+0.22684508j,-0.08544628-0.15407063j]]", "databatch_0": {"databatch": "[[[0.04070487+0.26634117j,-0.41720567-0.18225028j,0.07974304-0.49082959j,0.05914209-0.19687596j],[-0.15484534+0.12600998j,0.01547457-0.21997621j,0.24453928-0.23296635j,0.08353286-0.15949065j],[0.08186387-0.066584j,-0.13168943+0.06559604j,0.01713666+0.13171629j,0.09193615+0.13542372j],[0.07593811+0.06156765j,-0.22391617-0.16006914j,0.04767876+0.04606983j,0.0482153+0.16240039j]],[[-0.08821484+0.27953637j,0.24067968+0.19319475j,0.21654624-0.21255748j,0.05135899-0.13913741j],[-0.14666816+0.22146927j,0.17004397+0.22611395j,0.26566545-0.17301361j,0.08190548-0.10557836j],[-0.09350899-0.20631687j,-0.24784024+0.02209552j,-0.01694182+0.30551811j,0.03715728+0.10456412j],[-0.02436512-0.21893664j,-0.23969004-0.05780448j,-0.13619937+0.27847079j,0.00353792+0.10579386j]],[[-0.39892357-0.05920256j,0.02631683+0.48126348j,-0.16555115+0.01200429j,0.03235547+0.47270927j],[-0.16856928-0.23454921j,-0.18616827+0.26459072j,-0.08728138-0.08046537j,-0.18578822+0.25948326j],[0.1035156+0.05147565j,-0.03499963-0.1144472j,0.04523282+0.01420902j,-0.02546907-0.1123914j],[-0.01289699+0.02220559j,-0.05126409-0.02136791j,-0.00607812+0.01208076j,-0.04046002-0.01332955j]],[[0.08805899-0.15179517j,-0.47970272-0.04258434j,0.2644954+0.26182289j,0.24965606-0.08842636j],[0.17906093-0.11572208j,-0.12135444-0.07155293j,0.003778+0.12555238j,0.23110892-0.03335977j],[-0.05272354+0.18482355j,-0.13524158-0.13547082j,0.04093847+0.09393162j,-0.07390245+0.19824021j],[-0.12725661+0.12434629j,-0.13054424-0.33640133j,-0.02490664+0.23287339j,-0.13477826+0.17115738j]]]", "initial param values": "[2.05791328,1.63836401,1.5384378,1.42504936,3.19071344,5.5852591]", "nelder_mead": {"type": "gradient-free", "0": {"maxiter": 100, "fatol": 1e-05, "xatol": 1e-05, "duration": 0.037034034729003906, "fun": "0.17032452645296914", "nit": "100", "nfev": "153", "status": "2", "success": "False", "message": "Maximum number of iterations has been exceeded.", "x": "[ 0.40800895 -1.36177785  1.97133953  4.25914162  4.10137292  8.16954379]", "final_simplex": "(array([[ 0.40800895, -1.36177785,  1.97133953,  4.25914162,  4.10137292,\n         8.16954379],\n       [ 0.51062409, -1.30011252,  1.90479267,  4.0478314 ,  4.07651181,\n         8.24986714],\n       [ 0.43296265, -1.24881788,  1.92177137,  3.99103712,  4.1726464 ,\n         8.2547738 ],\n       [ 0.22367946, -1.1918394 ,  1.9075564 ,  3.92888209,  4.30185025,\n         8.28744594],\n       [ 0.3408998 , -1.15013445,  1.85631551,  3.84686994,  4.25617838,\n         8.38440751],\n       [ 0.40181775, -1.09572673,  1.82929468,  3.76288351,  4.34489135,\n         8.3008449 ],\n       [ 0.44760147, -1.35284716,  1.89484691,  3.94104047,  4.33029119,\n         8.32406898]]), array([0.17032453, 0.17771991, 0.17994943, 0.1899143 , 0.19240108,\n       0.19352648, 0.19814358]))", "callback": [0.6896907178209293, 0.6398408583263745, 0.5104576155379645, 0.49663117462318973, 0.4544215560616076, 0.23444248727040518, 0.2156875871675099, 0.21170547611565227, 0.19951142121817222]}, "1": {"maxiter": 100, "fatol": 1e-05, "xatol": 1e-10, "duration": 0.03448295593261719, "fun": "0.17032452645296914", "nit": "100", "nfev": "153", "status": "2", "success": "False", "message": "Maximum number of iterations has been exceeded.", "x": "[ 0.40800895 -1.36177785  1.97133953  4.25914162  4.10137292  8.16954379]", "final_simplex": "(array([[ 0.40800895, -1.36177785,  1.97133953,  4.25914162,  4.10137292,\n         8.16954379],\n       [ 0.51062409, -1.30011252,  1.90479267,  4.0478314 ,  4.07651181,\n         8.24986714],\n       [ 0.43296265, -1.24881788,  1.92177137,  3.99103712,  4.1726464 ,\n         8.2547738 ],\n       [ 0.22367946, -1.1918394 ,  1.9075564 ,  3.92888209,  4.30185025,\n         8.28744594],\n       [ 0.3408998 , -1.15013445,  1.85631551,  3.84686994,  4.25617838,\n         8.38440751],\n       [ 0.40181775, -1.09572673,  1.82929468,  3.76288351,  4.34489135,\n         8.3008449 ],\n       [ 0.44760147, -1.35284716,  1.89484691,  3.94104047,  4.33029119,\n         8.32406898]]), array([0.17032453, 0.17771991, 0.17994943, 0.1899143 , 0.19240108,\n       0.19352648, 0.19814358]))", "callback": [0.6896907178209293, 0.6398408583263745, 0.5104576155379645, 0.49663117462318973, 0.4544215560616076, 0.23444248727040518, 0.2156875871675099, 0.21170547611565227, 0.19951142121817222]}, "2": {"maxiter": 100, "fatol": 1e-10, "xatol": 1e-05, "duration": 0.034078359603881836, "fun": "0.17032452645296914", "nit": "100", "nfev": "153", "status": "2", "success": "False", "message": "Maximum number of iterations has been exceeded.", "x": "[ 0.40800895 -1.36177785  1.97133953  4.25914162  4.10137292  8.16954379]", "final_simplex": "(array([[ 0.40800895, -1.36177785,  1.97133953,  4.25914162,  4.10137292,\n         8.16954379],\n       [ 0.51062409, -1.30011252,  1.90479267,  4.0478314 ,  4.07651181,\n         8.24986714],\n       [ 0.43296265, -1.24881788,  1.92177137,  3.99103712,  4.1726464 ,\n         8.2547738 ],\n       [ 0.22367946, -1.1918394 ,  1.9075564 ,  3.92888209,  4.30185025,\n         8.28744594],\n       [ 0.3408998 , -1.15013445,  1.85631551,  3.84686994,  4.25617838,\n         8.38440751],\n       [ 0.40181775, -1.09572673,  1.82929468,  3.76288351,  4.34489135,\n         8.3008449 ],\n       [ 0.44760147, -1.35284716,  1.89484691,  3.94104047,  4.33029119,\n         8.32406898]]), array([0.17032453, 0.17771991, 0.17994943, 0.1899143 , 0.19240108,\n       0.19352648, 0.19814358]))", "callback": [0.6896907178209293, 0.6398408583263745, 0.5104576155379645, 0.49663117462318973, 0.4544215560616076, 0.23444248727040518, 0.2156875871675099, 0.21170547611565227, 0.19951142121817222]}, "3": {"maxiter": 100, "fatol": 1e-10, "xatol": 1e-10, "duration": 0.03472113609313965, "fun": "0.17032452645296914", "nit": "100", "nfev": "153", "status": "2", "success": "False", "message": "Maximum number of iterations has been exceeded.", "x": "[ 0.40800895 -1.36177785  1.97133953  4.25914162  4.10137292  8.16954379]", "final_simplex": "(array([[ 0.40800895, -1.36177785,  1.97133953,  4.25914162,  4.10137292,\n         8.16954379],\n       [ 0.51062409, -1.30011252,  1.90479267,  4.0478314 ,  4.07651181,\n         8.24986714],\n       [ 0.43296265, -1.24881788,  1.92177137,  3.99103712,  4.1726464 ,\n         8.2547738 ],\n       [ 0.22367946, -1.1918394 ,  1.9075564 ,  3.92888209,  4.30185025,\n         8.28744594],\n       [ 0.3408998 , -1.15013445,  1.85631551,  3.84686994,  4.25617838,\n         8.38440751],\n       [ 0.40181775, -1.09572673,  1.82929468,  3.76288351,  4.34489135,\n         8.3008449 ],\n       [ 0.44760147, -1.35284716,  1.89484691,  3.94104047,  4.33029119,\n         8.32406898]]), array([0.17032453, 0.17771991, 0.17994943, 0.1899143 , 0.19240108,\n       0.19352648, 0.19814358]))", "callback": [0.6896907178209293, 0.6398408583263745, 0.5104576155379645, 0.49663117462318973, 0.4544215560616076, 0.23444248727040518, 0.2156875871675099, 0.21170547611565227, 0.19951142121817222]}, "4": {"maxiter": 500, "fatol": 1e-05, "xatol": 1e-05, "duration": 0.1643679141998291, "fun": "0.0884579633255006", "nit": "470", "nfev": "733", "status": "0", "success": "True", "message": "Optimization terminated successfully.", "x": "[ 0.23364824 -0.84818858  1.32729285  5.10724733  2.86583329  8.36923078]", "final_simplex": "(array([[ 0.23364824, -0.84818858,  1.32729285,  5.10724733,  2.86583329,\n         8.36923078],\n       [ 0.23364777, -0.84818122,  1.32728456,  5.1072457 ,  2.86583329,\n         8.36923258],\n       [ 0.23364766, -0.84818863,  1.32729204,  5.10724423,  2.86583293,\n         8.36923155],\n       [ 0.23364698, -0.84819075,  1.32729444,  5.10724584,  2.86583589,\n         8.36922984],\n       [ 0.23364643, -0.84818824,  1.32729075,  5.10724867,  2.86582937,\n         8.36923427],\n       [ 0.23364911, -0.84819502,  1.32729619,  5.10724571,  2.86583695,\n         8.36923046],\n       [ 0.2336484 , -0.84819199,  1.32729744,  5.10724429,  2.86583701,\n         8.3692308 ]]), array([0.08845796, 0.08845796, 0.08845796, 0.08845796, 0.08845796,\n       0.08845796, 0.08845796]))", "callback": [0.6896907178209293, 0.6398408583263745, 0.5104576155379645, 0.49663117462318973, 0.4544215560616076, 0.23444248727040518, 0.2156875871675099, 0.21170547611565227, 0.19951142121817222, 0.17032452645296914, 0.12174134479212817, 0.10652737244284682, 0.10321821600209846, 0.10102950418199397, 0.09830022261427762, 0.09712674965695078, 0.09648922784640102, 0.09593839900693868, 0.09561757871499488, 0.09488429123482378, 0.0945672372594466, 0.09435207127956413, 0.09411719217584769, 0.09397548853418969, 0.0927554123320492, 0.09048780350874552, 0.0899724761603935, 0.08910183767075042, 0.08878595289779112, 0.08855892131296472, 0.08850873467660314, 0.08847749104288272, 0.08846034807794456, 0.08845992160956417, 0.08845839526130983, 0.08845813343032227, 0.08845808687328238, 0.08845802543957992, 0.08845797651415577, 0.08845796773344239, 0.08845796405083106, 0.08845796361356495, 0.08845796337515399, 0.0884579633433813, 0.08845796333133471, 0.08845796332621325, 0.0884579633255006]}, "5": {"maxiter": 500, "fatol": 1e-05, "xatol": 1e-10, "duration": 0.17510175704956055, "fun": "0.08845796332498568", "nit": "500", "nfev": "787", "status": "2", "success": "False", "message": "Maximum number of iterations has been exceeded.", "x": "[ 0.23364867 -0.84818814  1.32729119  5.10724625  2.86583296  8.36923211]", "final_simplex": "(array([[ 0.23364867, -0.84818814,  1.32729119,  5.10724625,  2.86583296,\n         8.36923211],\n       [ 0.23364857, -0.84818825,  1.32729143,  5.10724638,  2.86583297,\n         8.36923201],\n       [ 0.23364875, -0.84818829,  1.32729145,  5.10724621,  2.86583319,\n         8.36923195],\n       [ 0.23364866, -0.84818855,  1.32729156,  5.10724633,  2.86583323,\n         8.36923197],\n       [ 0.23364868, -0.84818778,  1.32729091,  5.10724639,  2.86583274,\n         8.36923232],\n       [ 0.23364879, -0.84818775,  1.32729077,  5.10724636,  2.86583297,\n         8.36923207],\n       [ 0.23364869, -0.84818883,  1.32729189,  5.10724644,  2.86583289,\n         8.36923197]]), array([0.08845796, 0.08845796, 0.08845796, 0.08845796, 0.08845796,\n       0.08845796, 0.08845796]))", "callback": [0.6896907178209293, 0.6398408583263745, 0.5104576155379645, 0.49663117462318973, 0.4544215560616076, 0.23444248727040518, 0.2156875871675099, 0.21170547611565227, 0.19951142121817222, 0.17032452645296914, 0.12174134479212817, 0.10652737244284682, 0.10321821600209846, 0.10102950418199397, 0.09830022261427762, 0.09712674965695078, 0.09648922784640102, 0.09593839900693868, 0.09561757871499488, 0.09488429123482378, 0.0945672372594466, 0.09435207127956413, 0.09411719217584769, 0.09397548853418969, 0.0927554123320492, 0.09048780350874552, 0.0899724761603935, 0.08910183767075042, 0.08878595289779112, 0.08855892131296472, 0.08850873467660314, 0.08847749104288272, 0.08846034807794456, 0.08845992160956417, 0.08845839526130983, 0.08845813343032227, 0.08845808687328238, 0.08845802543957992, 0.08845797651415577, 0.08845796773344239, 0.08845796405083106, 0.08845796361356495, 0.08845796337515399, 0.0884579633433813, 0.08845796333133471, 0.08845796332621325, 0.0884579633255006, 0.08845796332501965, 0.08845796332500744]}, "6": {"maxiter": 500, "fatol": 1e-10, "xatol": 1e-05, "duration": 0.16608381271362305, "fun": "0.0884579633255006", "nit": "470", "nfev": "733", "status": "0", "success": "True", "message": "Optimization terminated successfully.", "x": "[ 0.23364824 -0.84818858  1.32729285  5.10724733  2.86583329  8.36923078]", "final_simplex": "(array([[ 0.23364824, -0.84818858,  1.32729285,  5.10724733,  2.86583329,\n         8.36923078],\n       [ 0.23364777, -0.84818122,  1.32728456,  5.1072457 ,  2.86583329,\n         8.36923258],\n       [ 0.23364766, -0.84818863,  1.32729204,  5.10724423,  2.86583293,\n         8.36923155],\n       [ 0.23364698, -0.84819075,  1.32729444,  5.10724584,  2.86583589,\n         8.36922984],\n       [ 0.23364643, -0.84818824,  1.32729075,  5.10724867,  2.86582937,\n         8.36923427],\n       [ 0.23364911, -0.84819502,  1.32729619,  5.10724571,  2.86583695,\n         8.36923046],\n       [ 0.2336484 , -0.84819199,  1.32729744,  5.10724429,  2.86583701,\n         8.3692308 ]]), array([0.08845796, 0.08845796, 0.08845796, 0.08845796, 0.08845796,\n       0.08845796, 0.08845796]))", "callback": [0.6896907178209293, 0.6398408583263745, 0.5104576155379645, 0.49663117462318973, 0.4544215560616076, 0.23444248727040518, 0.2156875871675099, 0.21170547611565227, 0.19951142121817222, 0.17032452645296914, 0.12174134479212817, 0.10652737244284682, 0.10321821600209846, 0.10102950418199397, 0.09830022261427762, 0.09712674965695078, 0.09648922784640102, 0.09593839900693868, 0.09561757871499488, 0.09488429123482378, 0.0945672372594466, 0.09435207127956413, 0.09411719217584769, 0.09397548853418969, 0.0927554123320492, 0.09048780350874552, 0.0899724761603935, 0.08910183767075042, 0.08878595289779112, 0.08855892131296472, 0.08850873467660314, 0.08847749104288272, 0.08846034807794456, 0.08845992160956417, 0.08845839526130983, 0.08845813343032227, 0.08845808687328238, 0.08845802543957992, 0.08845797651415577, 0.08845796773344239, 0.08845796405083106, 0.08845796361356495, 0.08845796337515399, 0.0884579633433813, 0.08845796333133471, 0.08845796332621325, 0.0884579633255006]}, "7": {"maxiter": 500, "fatol": 1e-10, "xatol": 1e-10, "duration": 0.18550682067871094, "fun": "0.08845796332498568", "nit": "500", "nfev": "787", "status": "2", "success": "False", "message": "Maximum number of iterations has been exceeded.", "x": "[ 0.23364867 -0.84818814  1.32729119  5.10724625  2.86583296  8.36923211]", "final_simplex": "(array([[ 0.23364867, -0.84818814,  1.32729119,  5.10724625,  2.86583296,\n         8.36923211],\n       [ 0.23364857, -0.84818825,  1.32729143,  5.10724638,  2.86583297,\n         8.36923201],\n       [ 0.23364875, -0.84818829,  1.32729145,  5.10724621,  2.86583319,\n         8.36923195],\n       [ 0.23364866, -0.84818855,  1.32729156,  5.10724633,  2.86583323,\n         8.36923197],\n       [ 0.23364868, -0.84818778,  1.32729091,  5.10724639,  2.86583274,\n         8.36923232],\n       [ 0.23364879, -0.84818775,  1.32729077,  5.10724636,  2.86583297,\n         8.36923207],\n       [ 0.23364869, -0.84818883,  1.32729189,  5.10724644,  2.86583289,\n         8.36923197]]), array([0.08845796, 0.08845796, 0.08845796, 0.08845796, 0.08845796,\n       0.08845796, 0.08845796]))", "callback": [0.6896907178209293, 0.6398408583263745, 0.5104576155379645, 0.49663117462318973, 0.4544215560616076, 0.23444248727040518, 0.2156875871675099, 0.21170547611565227, 0.19951142121817222, 0.17032452645296914, 0.12174134479212817, 0.10652737244284682, 0.10321821600209846, 0.10102950418199397, 0.09830022261427762, 0.09712674965695078, 0.09648922784640102, 0.09593839900693868, 0.09561757871499488, 0.09488429123482378, 0.0945672372594466, 0.09435207127956413, 0.09411719217584769, 0.09397548853418969, 0.0927554123320492, 0.09048780350874552, 0.0899724761603935, 0.08910183767075042, 0.08878595289779112, 0.08855892131296472, 0.08850873467660314, 0.08847749104288272, 0.08846034807794456, 0.08845992160956417, 0.08845839526130983, 0.08845813343032227, 0.08845808687328238, 0.08845802543957992, 0.08845797651415577, 0.08845796773344239, 0.08845796405083106, 0.08845796361356495, 0.08845796337515399, 0.0884579633433813, 0.08845796333133471, 0.08845796332621325, 0.0884579633255006, 0.08845796332501965, 0.08845796332500744]}, "8": {"maxiter": 1000, "fatol": 1e-05, "xatol": 1e-05, "duration": 0.1634659767150879, "fun": "0.0884579633255006", "nit": "470", "nfev": "733", "status": "0", "success": "True", "message": "Optimization terminated successfully.", "x": "[ 0.23364824 -0.84818858  1.32729285  5.10724733  2.86583329  8.36923078]", "final_simplex": "(array([[ 0.23364824, -0.84818858,  1.32729285,  5.10724733,  2.86583329,\n         8.36923078],\n       [ 0.23364777, -0.84818122,  1.32728456,  5.1072457 ,  2.86583329,\n         8.36923258],\n       [ 0.23364766, -0.84818863,  1.32729204,  5.10724423,  2.86583293,\n         8.36923155],\n       [ 0.23364698, -0.84819075,  1.32729444,  5.10724584,  2.86583589,\n         8.36922984],\n       [ 0.23364643, -0.84818824,  1.32729075,  5.10724867,  2.86582937,\n         8.36923427],\n       [ 0.23364911, -0.84819502,  1.32729619,  5.10724571,  2.86583695,\n         8.36923046],\n       [ 0.2336484 , -0.84819199,  1.32729744,  5.10724429,  2.86583701,\n         8.3692308 ]]), array([0.08845796, 0.08845796, 0.08845796, 0.08845796, 0.08845796,\n       0.08845796, 0.08845796]))", "callback": [0.6896907178209293, 0.6398408583263745, 0.5104576155379645, 0.49663117462318973, 0.4544215560616076, 0.23444248727040518, 0.2156875871675099, 0.21170547611565227, 0.19951142121817222, 0.17032452645296914, 0.12174134479212817, 0.10652737244284682, 0.10321821600209846, 0.10102950418199397, 0.09830022261427762, 0.09712674965695078, 0.09648922784640102, 0.09593839900693868, 0.09561757871499488, 0.09488429123482378, 0.0945672372594466, 0.09435207127956413, 0.09411719217584769, 0.09397548853418969, 0.0927554123320492, 0.09048780350874552, 0.0899724761603935, 0.08910183767075042, 0.08878595289779112, 0.08855892131296472, 0.08850873467660314, 0.08847749104288272, 0.08846034807794456, 0.08845992160956417, 0.08845839526130983, 0.08845813343032227, 0.08845808687328238, 0.08845802543957992, 0.08845797651415577, 0.08845796773344239, 0.08845796405083106, 0.08845796361356495, 0.08845796337515399, 0.0884579633433813, 0.08845796333133471, 0.08845796332621325, 0.0884579633255006]}, "9": {"maxiter": 1000, "fatol": 1e-05, "xatol": 1e-10, "duration": 0.22706913948059082, "fun": "0.0884579633249819", "nit": "557", "nfev": "938", "status": "0", "success": "True", "message": "Optimization terminated successfully.", "x": "[ 0.23364868 -0.84818835  1.32729143  5.10724638  2.86583296  8.3692321 ]", "final_simplex": "(array([[ 0.23364868, -0.84818835,  1.32729143,  5.10724638,  2.86583296,\n         8.3692321 ],\n       [ 0.23364868, -0.84818835,  1.32729143,  5.10724638,  2.86583296,\n         8.3692321 ],\n       [ 0.23364868, -0.84818835,  1.32729143,  5.10724638,  2.86583296,\n         8.3692321 ],\n       [ 0.23364868, -0.84818835,  1.32729143,  5.10724638,  2.86583296,\n         8.3692321 ],\n       [ 0.23364868, -0.84818835,  1.32729143,  5.10724638,  2.86583296,\n         8.3692321 ],\n       [ 0.23364868, -0.84818835,  1.32729143,  5.10724638,  2.86583296,\n         8.3692321 ],\n       [ 0.23364868, -0.84818835,  1.32729143,  5.10724638,  2.86583296,\n         8.3692321 ]]), array([0.08845796, 0.08845796, 0.08845796, 0.08845796, 0.08845796,\n       0.08845796, 0.08845796]))", "callback": [0.6896907178209293, 0.6398408583263745, 0.5104576155379645, 0.49663117462318973, 0.4544215560616076, 0.23444248727040518, 0.2156875871675099, 0.21170547611565227, 0.19951142121817222, 0.17032452645296914, 0.12174134479212817, 0.10652737244284682, 0.10321821600209846, 0.10102950418199397, 0.09830022261427762, 0.09712674965695078, 0.09648922784640102, 0.09593839900693868, 0.09561757871499488, 0.09488429123482378, 0.0945672372594466, 0.09435207127956413, 0.09411719217584769, 0.09397548853418969, 0.0927554123320492, 0.09048780350874552, 0.0899724761603935, 0.08910183767075042, 0.08878595289779112, 0.08855892131296472, 0.08850873467660314, 0.08847749104288272, 0.08846034807794456, 0.08845992160956417, 0.08845839526130983, 0.08845813343032227, 0.08845808687328238, 0.08845802543957992, 0.08845797651415577, 0.08845796773344239, 0.08845796405083106, 0.08845796361356495, 0.08845796337515399, 0.0884579633433813, 0.08845796333133471, 0.08845796332621325, 0.0884579633255006, 0.08845796332501965, 0.08845796332500744, 0.08845796332498435, 0.08845796332498279, 0.08845796332498235, 0.0884579633249819, 0.0884579633249819, 0.0884579633249819]}, "10": {"maxiter": 1000, "fatol": 1e-10, "xatol": 1e-05, "duration": 0.1742570400238037, "fun": "0.0884579633255006", "nit": "470", "nfev": "733", "status": "0", "success": "True", "message": "Optimization terminated successfully.", "x": "[ 0.23364824 -0.84818858  1.32729285  5.10724733  2.86583329  8.36923078]", "final_simplex": "(array([[ 0.23364824, -0.84818858,  1.32729285,  5.10724733,  2.86583329,\n         8.36923078],\n       [ 0.23364777, -0.84818122,  1.32728456,  5.1072457 ,  2.86583329,\n         8.36923258],\n       [ 0.23364766, -0.84818863,  1.32729204,  5.10724423,  2.86583293,\n         8.36923155],\n       [ 0.23364698, -0.84819075,  1.32729444,  5.10724584,  2.86583589,\n         8.36922984],\n       [ 0.23364643, -0.84818824,  1.32729075,  5.10724867,  2.86582937,\n         8.36923427],\n       [ 0.23364911, -0.84819502,  1.32729619,  5.10724571,  2.86583695,\n         8.36923046],\n       [ 0.2336484 , -0.84819199,  1.32729744,  5.10724429,  2.86583701,\n         8.3692308 ]]), array([0.08845796, 0.08845796, 0.08845796, 0.08845796, 0.08845796,\n       0.08845796, 0.08845796]))", "callback": [0.6896907178209293, 0.6398408583263745, 0.5104576155379645, 0.49663117462318973, 0.4544215560616076, 0.23444248727040518, 0.2156875871675099, 0.21170547611565227, 0.19951142121817222, 0.17032452645296914, 0.12174134479212817, 0.10652737244284682, 0.10321821600209846, 0.10102950418199397, 0.09830022261427762, 0.09712674965695078, 0.09648922784640102, 0.09593839900693868, 0.09561757871499488, 0.09488429123482378, 0.0945672372594466, 0.09435207127956413, 0.09411719217584769, 0.09397548853418969, 0.0927554123320492, 0.09048780350874552, 0.0899724761603935, 0.08910183767075042, 0.08878595289779112, 0.08855892131296472, 0.08850873467660314, 0.08847749104288272, 0.08846034807794456, 0.08845992160956417, 0.08845839526130983, 0.08845813343032227, 0.08845808687328238, 0.08845802543957992, 0.08845797651415577, 0.08845796773344239, 0.08845796405083106, 0.08845796361356495, 0.08845796337515399, 0.0884579633433813, 0.08845796333133471, 0.08845796332621325, 0.0884579633255006]}, "11": {"maxiter": 1000, "fatol": 1e-10, "xatol": 1e-10, "duration": 0.21398663520812988, "fun": "0.0884579633249819", "nit": "557", "nfev": "938", "status": "0", "success": "True", "message": "Optimization terminated successfully.", "x": "[ 0.23364868 -0.84818835  1.32729143  5.10724638  2.86583296  8.3692321 ]", "final_simplex": "(array([[ 0.23364868, -0.84818835,  1.32729143,  5.10724638,  2.86583296,\n         8.3692321 ],\n       [ 0.23364868, -0.84818835,  1.32729143,  5.10724638,  2.86583296,\n         8.3692321 ],\n       [ 0.23364868, -0.84818835,  1.32729143,  5.10724638,  2.86583296,\n         8.3692321 ],\n       [ 0.23364868, -0.84818835,  1.32729143,  5.10724638,  2.86583296,\n         8.3692321 ],\n       [ 0.23364868, -0.84818835,  1.32729143,  5.10724638,  2.86583296,\n         8.3692321 ],\n       [ 0.23364868, -0.84818835,  1.32729143,  5.10724638,  2.86583296,\n         8.3692321 ],\n       [ 0.23364868, -0.84818835,  1.32729143,  5.10724638,  2.86583296,\n         8.3692321 ]]), array([0.08845796, 0.08845796, 0.08845796, 0.08845796, 0.08845796,\n       0.08845796, 0.08845796]))", "callback": [0.6896907178209293, 0.6398408583263745, 0.5104576155379645, 0.49663117462318973, 0.4544215560616076, 0.23444248727040518, 0.2156875871675099, 0.21170547611565227, 0.19951142121817222, 0.17032452645296914, 0.12174134479212817, 0.10652737244284682, 0.10321821600209846, 0.10102950418199397, 0.09830022261427762, 0.09712674965695078, 0.09648922784640102, 0.09593839900693868, 0.09561757871499488, 0.09488429123482378, 0.0945672372594466, 0.09435207127956413, 0.09411719217584769, 0.09397548853418969, 0.0927554123320492, 0.09048780350874552, 0.0899724761603935, 0.08910183767075042, 0.08878595289779112, 0.08855892131296472, 0.08850873467660314, 0.08847749104288272, 0.08846034807794456, 0.08845992160956417, 0.08845839526130983, 0.08845813343032227, 0.08845808687328238, 0.08845802543957992, 0.08845797651415577, 0.08845796773344239, 0.08845796405083106, 0.08845796361356495, 0.08845796337515399, 0.0884579633433813, 0.08845796333133471, 0.08845796332621325, 0.0884579633255006, 0.08845796332501965, 0.08845796332500744, 0.08845796332498435, 0.08845796332498279, 0.08845796332498235, 0.0884579633249819, 0.0884579633249819, 0.0884579633249819]}}, "bfgs": {"type": "gradient", "0": {"maxiter": 100, "gtol": 1e-05, "xrtol": 1e-05, "eps": 1e-05, "duration": 0.0680849552154541, "fun": "0.08845796352406243", "jac": "[ 4.25466329e-06  2.03048689e-07  4.17521573e-07 -7.37806483e-06\n -1.32404088e-06 -4.90210095e-06]", "hess_inv": "[[  3.01978963  -2.11771231   1.44133808   1.12402951   1.51889151\n   -0.21622441]\n [ -2.11771231  56.66927415 -53.51356436   0.77771376  -3.89878539\n    0.46503603]\n [  1.44133808 -53.51356436  54.38461915  -0.58299562   5.16876286\n   -1.98173431]\n [  1.12402951   0.77771376  -0.58299562   4.05937728   3.77306569\n   -2.67105056]\n [  1.51889151  -3.89878539   5.16876286   3.77306569  10.42786194\n   -6.24628184]\n [ -0.21622441   0.46503603  -1.98173431  -2.67105056  -6.24628184\n    6.48537492]]", "nfev": "287", "njev": "41", "status": "0", "success": "True", "message": "Optimization terminated successfully.", "x": "[ 0.23364474 -0.84821153  1.32731336  1.17590291  6.00740173  5.22763833]", "nit": "34", "callback": [0.17731918487880782, 0.09690866800827469, 0.08848725692999093]}, "1": {"maxiter": 100, "gtol": 1e-05, "xrtol": 1e-05, "eps": 1e-10, "duration": 0.06967663764953613, "fun": "0.08845796339602185", "jac": "[3.33066880e-06 0.00000000e+00 1.11022293e-06 0.00000000e+00\n 1.11022293e-06 2.22044587e-06]", "hess_inv": "[[  3.66380589  -4.88093125   4.08342208   1.35326335   1.77325359\n   -0.35780357]\n [ -4.88093125  56.3966342  -51.27547612   0.56027755  -1.91032065\n   -0.48121735]\n [  4.08342208 -51.27547612  50.50167311  -0.38679899   3.11694168\n   -1.17549665]\n [  1.35326335   0.56027755  -0.38679899   5.06490357   4.44406653\n   -2.81766758]\n [  1.77325359  -1.91032065   3.11694168   4.44406653  10.91382544\n   -6.78134327]\n [ -0.35780357  -0.48121735  -1.17549665  -2.81766758  -6.78134327\n    7.20901755]]", "nfev": "287", "njev": "41", "status": "0", "success": "True", "message": "Optimization terminated successfully.", "x": "[ 0.23364928 -0.84812946  1.3272286   1.17592537  6.00739589  5.22765755]", "nit": "34", "callback": [0.17731954737433298, 0.09691482673375584, 0.08846118455099383]}, "2": {"maxiter": 100, "gtol": 1e-05, "xrtol": 1e-10, "eps": 1e-05, "duration": 0.06875801086425781, "fun": "0.08845796352406243", "jac": "[ 4.25466329e-06  2.03048689e-07  4.17521573e-07 -7.37806483e-06\n -1.32404088e-06 -4.90210095e-06]", "hess_inv": "[[  3.01978963  -2.11771231   1.44133808   1.12402951   1.51889151\n   -0.21622441]\n [ -2.11771231  56.66927415 -53.51356436   0.77771376  -3.89878539\n    0.46503603]\n [  1.44133808 -53.51356436  54.38461915  -0.58299562   5.16876286\n   -1.98173431]\n [  1.12402951   0.77771376  -0.58299562   4.05937728   3.77306569\n   -2.67105056]\n [  1.51889151  -3.89878539   5.16876286   3.77306569  10.42786194\n   -6.24628184]\n [ -0.21622441   0.46503603  -1.98173431  -2.67105056  -6.24628184\n    6.48537492]]", "nfev": "287", "njev": "41", "status": "0", "success": "True", "message": "Optimization terminated successfully.", "x": "[ 0.23364474 -0.84821153  1.32731336  1.17590291  6.00740173  5.22763833]", "nit": "34", "callback": [0.17731918487880782, 0.09690866800827469, 0.08848725692999093]}, "3": {"maxiter": 100, "gtol": 1e-05, "xrtol": 1e-10, "eps": 1e-10, "duration": 0.06656002998352051, "fun": "0.08845796339602185", "jac": "[3.33066880e-06 0.00000000e+00 1.11022293e-06 0.00000000e+00\n 1.11022293e-06 2.22044587e-06]", "hess_inv": "[[  3.66380589  -4.88093125   4.08342208   1.35326335   1.77325359\n   -0.35780357]\n [ -4.88093125  56.3966342  -51.27547612   0.56027755  -1.91032065\n   -0.48121735]\n [  4.08342208 -51.27547612  50.50167311  -0.38679899   3.11694168\n   -1.17549665]\n [  1.35326335   0.56027755  -0.38679899   5.06490357   4.44406653\n   -2.81766758]\n [  1.77325359  -1.91032065   3.11694168   4.44406653  10.91382544\n   -6.78134327]\n [ -0.35780357  -0.48121735  -1.17549665  -2.81766758  -6.78134327\n    7.20901755]]", "nfev": "287", "njev": "41", "status": "0", "success": "True", "message": "Optimization terminated successfully.", "x": "[ 0.23364928 -0.84812946  1.3272286   1.17592537  6.00739589  5.22765755]", "nit": "34", "callback": [0.17731954737433298, 0.09691482673375584, 0.08846118455099383]}, "4": {"maxiter": 100, "gtol": 1e-10, "xrtol": 1e-05, "eps": 1e-05, "duration": 0.06871986389160156, "fun": "0.08845796336474165", "jac": "[ 9.78828130e-07 -1.00131015e-07 -1.11410881e-07 -7.91811061e-07\n -4.66926497e-07 -3.84348109e-07]", "hess_inv": "[[  2.9015776   -2.10319771   1.49533143   1.19617572   1.6288447\n   -0.34109653]\n [ -2.10319771  57.33985777 -54.33259614   1.21786648  -3.92183308\n    0.76625825]\n [  1.49533143 -54.33259614  55.34156233  -1.15847699   5.13007731\n   -2.2701323 ]\n [  1.19617572   1.21786648  -1.15847699   4.31519876   3.69958429\n   -2.40392012]\n [  1.6288447   -3.92183308   5.13007731   3.69958429  10.32572616\n   -6.13419331]\n [ -0.34109653   0.76625825  -2.2701323   -2.40392012  -6.13419331\n    6.47502782]]", "nfev": "294", "njev": "42", "status": "0", "success": "True", "message": "Optimization terminated successfully.", "x": "[ 0.2336415  -0.84818399  1.32728204  1.17592301  6.00740435  5.22764646]", "nit": "35", "callback": [0.17731918487880782, 0.09690866800827469, 0.08848725692999093]}, "5": {"maxiter": 100, "gtol": 1e-10, "xrtol": 1e-05, "eps": 1e-10, "duration": 0.11728906631469727, "fun": "0.08845796339602185", "jac": "[2.22044587e-06 0.00000000e+00 0.00000000e+00 0.00000000e+00\n 1.11022293e-06 2.22044587e-06]", "hess_inv": "[[  3.369431    -5.06072964   4.56048509   1.10211508   2.61470354\n   -0.61347896]\n [ -5.06072964  60.96605741 -56.31887544   1.07813556  -4.48444603\n   -0.12426979]\n [  4.56048509 -56.31887544  55.81070381  -0.74508292   5.27398053\n   -1.34614313]\n [  1.10211508   1.07813556  -0.74508292   4.94692839   4.71896161\n   -2.96219166]\n [  2.61470354  -4.48444603   5.27398053   4.71896161  10.54657042\n   -6.38913962]\n [ -0.61347896  -0.12426979  -1.34614313  -2.96219166  -6.38913962\n    7.04321982]]", "nfev": "511", "njev": "73", "status": "0", "success": "True", "message": "Optimization terminated successfully.", "x": "[ 0.23364928 -0.84812946  1.3272286   1.17592537  6.00739589  5.22765755]", "nit": "35", "callback": [0.17731954737433298, 0.09691482673375584, 0.08846118455099383]}, "6": {"maxiter": 100, "gtol": 1e-10, "xrtol": 1e-10, "eps": 1e-05, "duration": 0.09411501884460449, "fun": "0.08845796335441647", "jac": "[-1.77635684e-10  1.44328993e-10  1.44328993e-10  9.99200722e-11\n  1.33226763e-10  2.88657986e-10]", "hess_inv": "[[  2.96419218  -2.31711048   1.70001922   1.00797322   1.51152746\n   -0.32274639]\n [ -2.31711048  57.99020826 -54.93684537   1.28765878  -4.12019836\n    1.01616365]\n [  1.70001922 -54.93684537  55.87982867  -1.01421097   5.52009625\n   -2.63381648]\n [  1.00797322   1.28765878  -1.01421097   4.85734008   4.56513968\n   -2.90978014]\n [  1.51152746  -4.12019836   5.52009625   4.56513968  11.65962837\n   -6.98307504]\n [ -0.32274639   1.01616365  -2.63381648  -2.90978014  -6.98307504\n    7.01329529]]", "nfev": "413", "njev": "59", "status": "0", "success": "True", "message": "Optimization terminated successfully.", "x": "[ 0.2336399  -0.84818249  1.32728183  1.17592696  6.00740954  5.22764364]", "nit": "39", "callback": [0.17731918487880782, 0.09690866800827469, 0.08848725692999093]}, "7": {"maxiter": 100, "gtol": 1e-10, "xrtol": 1e-10, "eps": 1e-10, "duration": 0.11594915390014648, "fun": "0.08845796339602185", "jac": "[2.22044587e-06 0.00000000e+00 0.00000000e+00 0.00000000e+00\n 1.11022293e-06 2.22044587e-06]", "hess_inv": "[[  3.369431    -5.06072964   4.56048509   1.10211508   2.61470354\n   -0.61347896]\n [ -5.06072964  60.96605741 -56.31887544   1.07813556  -4.48444603\n   -0.12426979]\n [  4.56048509 -56.31887544  55.81070381  -0.74508292   5.27398053\n   -1.34614313]\n [  1.10211508   1.07813556  -0.74508292   4.94692839   4.71896161\n   -2.96219166]\n [  2.61470354  -4.48444603   5.27398053   4.71896161  10.54657042\n   -6.38913962]\n [ -0.61347896  -0.12426979  -1.34614313  -2.96219166  -6.38913962\n    7.04321982]]", "nfev": "511", "njev": "73", "status": "0", "success": "True", "message": "Optimization terminated successfully.", "x": "[ 0.23364928 -0.84812946  1.3272286   1.17592537  6.00739589  5.22765755]", "nit": "35", "callback": [0.17731954737433298, 0.09691482673375584, 0.08846118455099383]}, "8": {"maxiter": 500, "gtol": 1e-05, "xrtol": 1e-05, "eps": 1e-05, "duration": 0.06501603126525879, "fun": "0.08845796352406243", "jac": "[ 4.25466329e-06  2.03048689e-07  4.17521573e-07 -7.37806483e-06\n -1.32404088e-06 -4.90210095e-06]", "hess_inv": "[[  3.01978963  -2.11771231   1.44133808   1.12402951   1.51889151\n   -0.21622441]\n [ -2.11771231  56.66927415 -53.51356436   0.77771376  -3.89878539\n    0.46503603]\n [  1.44133808 -53.51356436  54.38461915  -0.58299562   5.16876286\n   -1.98173431]\n [  1.12402951   0.77771376  -0.58299562   4.05937728   3.77306569\n   -2.67105056]\n [  1.51889151  -3.89878539   5.16876286   3.77306569  10.42786194\n   -6.24628184]\n [ -0.21622441   0.46503603  -1.98173431  -2.67105056  -6.24628184\n    6.48537492]]", "nfev": "287", "njev": "41", "status": "0", "success": "True", "message": "Optimization terminated successfully.", "x": "[ 0.23364474 -0.84821153  1.32731336  1.17590291  6.00740173  5.22763833]", "nit": "34", "callback": [0.17731918487880782, 0.09690866800827469, 0.08848725692999093]}, "9": {"maxiter": 500, "gtol": 1e-05, "xrtol": 1e-05, "eps": 1e-10, "duration": 0.06543612480163574, "fun": "0.08845796339602185", "jac": "[3.33066880e-06 0.00000000e+00 1.11022293e-06 0.00000000e+00\n 1.11022293e-06 2.22044587e-06]", "hess_inv": "[[  3.66380589  -4.88093125   4.08342208   1.35326335   1.77325359\n   -0.35780357]\n [ -4.88093125  56.3966342  -51.27547612   0.56027755  -1.91032065\n   -0.48121735]\n [  4.08342208 -51.27547612  50.50167311  -0.38679899   3.11694168\n   -1.17549665]\n [  1.35326335   0.56027755  -0.38679899   5.06490357   4.44406653\n   -2.81766758]\n [  1.77325359  -1.91032065   3.11694168   4.44406653  10.91382544\n   -6.78134327]\n [ -0.35780357  -0.48121735  -1.17549665  -2.81766758  -6.78134327\n    7.20901755]]", "nfev": "287", "njev": "41", "status": "0", "success": "True", "message": "Optimization terminated successfully.", "x": "[ 0.23364928 -0.84812946  1.3272286   1.17592537  6.00739589  5.22765755]", "nit": "34", "callback": [0.17731954737433298, 0.09691482673375584, 0.08846118455099383]}, "10": {"maxiter": 500, "gtol": 1e-05, "xrtol": 1e-10, "eps": 1e-05, "duration": 0.06517481803894043, "fun": "0.08845796352406243", "jac": "[ 4.25466329e-06  2.03048689e-07  4.17521573e-07 -7.37806483e-06\n -1.32404088e-06 -4.90210095e-06]", "hess_inv": "[[  3.01978963  -2.11771231   1.44133808   1.12402951   1.51889151\n   -0.21622441]\n [ -2.11771231  56.66927415 -53.51356436   0.77771376  -3.89878539\n    0.46503603]\n [  1.44133808 -53.51356436  54.38461915  -0.58299562   5.16876286\n   -1.98173431]\n [  1.12402951   0.77771376  -0.58299562   4.05937728   3.77306569\n   -2.67105056]\n [  1.51889151  -3.89878539   5.16876286   3.77306569  10.42786194\n   -6.24628184]\n [ -0.21622441   0.46503603  -1.98173431  -2.67105056  -6.24628184\n    6.48537492]]", "nfev": "287", "njev": "41", "status": "0", "success": "True", "message": "Optimization terminated successfully.", "x": "[ 0.23364474 -0.84821153  1.32731336  1.17590291  6.00740173  5.22763833]", "nit": "34", "callback": [0.17731918487880782, 0.09690866800827469, 0.08848725692999093]}, "11": {"maxiter": 500, "gtol": 1e-05, "xrtol": 1e-10, "eps": 1e-10, "duration": 0.0654151439666748, "fun": "0.08845796339602185", "jac": "[3.33066880e-06 0.00000000e+00 1.11022293e-06 0.00000000e+00\n 1.11022293e-06 2.22044587e-06]", "hess_inv": "[[  3.66380589  -4.88093125   4.08342208   1.35326335   1.77325359\n   -0.35780357]\n [ -4.88093125  56.3966342  -51.27547612   0.56027755  -1.91032065\n   -0.48121735]\n [  4.08342208 -51.27547612  50.50167311  -0.38679899   3.11694168\n   -1.17549665]\n [  1.35326335   0.56027755  -0.38679899   5.06490357   4.44406653\n   -2.81766758]\n [  1.77325359  -1.91032065   3.11694168   4.44406653  10.91382544\n   -6.78134327]\n [ -0.35780357  -0.48121735  -1.17549665  -2.81766758  -6.78134327\n    7.20901755]]", "nfev": "287", "njev": "41", "status": "0", "success": "True", "message": "Optimization terminated successfully.", "x": "[ 0.23364928 -0.84812946  1.3272286   1.17592537  6.00739589  5.22765755]", "nit": "34", "callback": [0.17731954737433298, 0.09691482673375584, 0.08846118455099383]}, "12": {"maxiter": 500, "gtol": 1e-10, "xrtol": 1e-05, "eps": 1e-05, "duration": 0.06664419174194336, "fun": "0.08845796336474165", "jac": "[ 9.78828130e-07 -1.00131015e-07 -1.11410881e-07 -7.91811061e-07\n -4.66926497e-07 -3.84348109e-07]", "hess_inv": "[[  2.9015776   -2.10319771   1.49533143   1.19617572   1.6288447\n   -0.34109653]\n [ -2.10319771  57.33985777 -54.33259614   1.21786648  -3.92183308\n    0.76625825]\n [  1.49533143 -54.33259614  55.34156233  -1.15847699   5.13007731\n   -2.2701323 ]\n [  1.19617572   1.21786648  -1.15847699   4.31519876   3.69958429\n   -2.40392012]\n [  1.6288447   -3.92183308   5.13007731   3.69958429  10.32572616\n   -6.13419331]\n [ -0.34109653   0.76625825  -2.2701323   -2.40392012  -6.13419331\n    6.47502782]]", "nfev": "294", "njev": "42", "status": "0", "success": "True", "message": "Optimization terminated successfully.", "x": "[ 0.2336415  -0.84818399  1.32728204  1.17592301  6.00740435  5.22764646]", "nit": "35", "callback": [0.17731918487880782, 0.09690866800827469, 0.08848725692999093]}, "13": {"maxiter": 500, "gtol": 1e-10, "xrtol": 1e-05, "eps": 1e-10, "duration": 0.11579394340515137, "fun": "0.08845796339602185", "jac": "[2.22044587e-06 0.00000000e+00 0.00000000e+00 0.00000000e+00\n 1.11022293e-06 2.22044587e-06]", "hess_inv": "[[  3.369431    -5.06072964   4.56048509   1.10211508   2.61470354\n   -0.61347896]\n [ -5.06072964  60.96605741 -56.31887544   1.07813556  -4.48444603\n   -0.12426979]\n [  4.56048509 -56.31887544  55.81070381  -0.74508292   5.27398053\n   -1.34614313]\n [  1.10211508   1.07813556  -0.74508292   4.94692839   4.71896161\n   -2.96219166]\n [  2.61470354  -4.48444603   5.27398053   4.71896161  10.54657042\n   -6.38913962]\n [ -0.61347896  -0.12426979  -1.34614313  -2.96219166  -6.38913962\n    7.04321982]]", "nfev": "511", "njev": "73", "status": "0", "success": "True", "message": "Optimization terminated successfully.", "x": "[ 0.23364928 -0.84812946  1.3272286   1.17592537  6.00739589  5.22765755]", "nit": "35", "callback": [0.17731954737433298, 0.09691482673375584, 0.08846118455099383]}, "14": {"maxiter": 500, "gtol": 1e-10, "xrtol": 1e-10, "eps": 1e-05, "duration": 0.09398794174194336, "fun": "0.08845796335441647", "jac": "[-1.77635684e-10  1.44328993e-10  1.44328993e-10  9.99200722e-11\n  1.33226763e-10  2.88657986e-10]", "hess_inv": "[[  2.96419218  -2.31711048   1.70001922   1.00797322   1.51152746\n   -0.32274639]\n [ -2.31711048  57.99020826 -54.93684537   1.28765878  -4.12019836\n    1.01616365]\n [  1.70001922 -54.93