{"date": "2024/09/23/, 21:40:22", "conf_id": 96, "data_type": "orthogonal\n", "num_data_points": 1, "s_rank": 0, "unitary": "[[-0.56303964-0.00798273j,-0.21670212-0.15784972j,-0.06047197-0.73952673j,-0.01438004+0.24552571j],[-0.06976756+0.23474685j,-0.01275565-0.5435098j,-0.02703657-0.08917885j,-0.08210486-0.79311774j],[-0.38559961+0.10714929j,0.5933431-0.2687392j,-0.24060861+0.29149289j,-0.45147719+0.26241743j],[-0.50180421+0.45931857j,-0.11617175+0.44134496j,0.49642745+0.22684508j,-0.08544628-0.15407063j]]", "databatch_0": {"databatch": "[[[-0.22146619-0.08528007j,-0.13550938+0.04649692j,0.44946769-0.03467142j,0.04257321-0.21525943j],[-0.27358871+0.00750004j,0.09271858-0.07265179j,-0.11121668+0.17123355j,-0.11762503-0.1846469j],[0.25951832+0.15833873j,0.01980143-0.14100198j,-0.08057237-0.04001691j,0.13815655-0.40592055j],[0.25633477-0.07295013j,0.0171307-0.12599984j,0.16788584-0.20414857j,-0.00196021+0.17795863j]]]", "initial param values": "[3.01657852,4.36562469,1.80450308,1.47197903,0.57320225,3.49157786]", "nelder_mead": {"type": "gradient-free", "0": {"maxiter": 100, "fatol": 1e-05, "xatol": 1e-05, "duration": 0.048892974853515625, "fun": "0.5023131205094467", "nit": "100", "nfev": "161", "status": "2", "success": "False", "message": "Maximum number of iterations has been exceeded.", "x": "[1.16456632 6.18857588 0.40642861 1.79104659 0.54728892 5.14410421]", "final_simplex": "(array([[1.16456632, 6.18857588, 0.40642861, 1.79104659, 0.54728892,\n        5.14410421],\n       [1.15979671, 6.19417696, 0.39516657, 1.79161219, 0.54927418,\n        5.14913457],\n       [1.18099319, 6.21336426, 0.39761985, 1.80313142, 0.54908202,\n        5.13727451],\n       [1.18402444, 6.1915951 , 0.38803501, 1.80061387, 0.54963808,\n        5.16926801],\n       [1.16865871, 6.22615205, 0.40203074, 1.79643874, 0.54983522,\n        5.16057886],\n       [1.18309385, 6.1840236 , 0.42120782, 1.77580998, 0.55083573,\n        5.13018088],\n       [1.17330693, 6.18203835, 0.39316921, 1.79988034, 0.5494013 ,\n        5.16524057]]), array([0.50231312, 0.50236873, 0.5023781 , 0.5024109 , 0.50241862,\n       0.50243291, 0.50244633]))", "callback": [0.8175597666397579, 0.6572619345270568, 0.6382416068126665, 0.5828153480577934, 0.5447549790726134, 0.5045204979288904, 0.5038881019253661, 0.5026065988820414, 0.502446328780759]}, "1": {"maxiter": 100, "fatol": 1e-05, "xatol": 1e-10, "duration": 0.050907135009765625, "fun": "0.5023131205094467", "nit": "100", "nfev": "161", "status": "2", "success": "False", "message": "Maximum number of iterations has been exceeded.", "x": "[1.16456632 6.18857588 0.40642861 1.79104659 0.54728892 5.14410421]", "final_simplex": "(array([[1.16456632, 6.18857588, 0.40642861, 1.79104659, 0.54728892,\n        5.14410421],\n       [1.15979671, 6.19417696, 0.39516657, 1.79161219, 0.54927418,\n        5.14913457],\n       [1.18099319, 6.21336426, 0.39761985, 1.80313142, 0.54908202,\n        5.13727451],\n       [1.18402444, 6.1915951 , 0.38803501, 1.80061387, 0.54963808,\n        5.16926801],\n       [1.16865871, 6.22615205, 0.40203074, 1.79643874, 0.54983522,\n        5.16057886],\n       [1.18309385, 6.1840236 , 0.42120782, 1.77580998, 0.55083573,\n        5.13018088],\n       [1.17330693, 6.18203835, 0.39316921, 1.79988034, 0.5494013 ,\n        5.16524057]]), array([0.50231312, 0.50236873, 0.5023781 , 0.5024109 , 0.50241862,\n       0.50243291, 0.50244633]))", "callback": [0.8175597666397579, 0.6572619345270568, 0.6382416068126665, 0.5828153480577934, 0.5447549790726134, 0.5045204979288904, 0.5038881019253661, 0.5026065988820414, 0.502446328780759]}, "2": {"maxiter": 100, "fatol": 1e-10, "xatol": 1e-05, "duration": 0.04760289192199707, "fun": "0.5023131205094467", "nit": "100", "nfev": "161", "status": "2", "success": "False", "message": "Maximum number of iterations has been exceeded.", "x": "[1.16456632 6.18857588 0.40642861 1.79104659 0.54728892 5.14410421]", "final_simplex": "(array([[1.16456632, 6.18857588, 0.40642861, 1.79104659, 0.54728892,\n        5.14410421],\n       [1.15979671, 6.19417696, 0.39516657, 1.79161219, 0.54927418,\n        5.14913457],\n       [1.18099319, 6.21336426, 0.39761985, 1.80313142, 0.54908202,\n        5.13727451],\n       [1.18402444, 6.1915951 , 0.38803501, 1.80061387, 0.54963808,\n        5.16926801],\n       [1.16865871, 6.22615205, 0.40203074, 1.79643874, 0.54983522,\n        5.16057886],\n       [1.18309385, 6.1840236 , 0.42120782, 1.77580998, 0.55083573,\n        5.13018088],\n       [1.17330693, 6.18203835, 0.39316921, 1.79988034, 0.5494013 ,\n        5.16524057]]), array([0.50231312, 0.50236873, 0.5023781 , 0.5024109 , 0.50241862,\n       0.50243291, 0.50244633]))", "callback": [0.8175597666397579, 0.6572619345270568, 0.6382416068126665, 0.5828153480577934, 0.5447549790726134, 0.5045204979288904, 0.5038881019253661, 0.5026065988820414, 0.502446328780759]}, "3": {"maxiter": 100, "fatol": 1e-10, "xatol": 1e-10, "duration": 0.047312021255493164, "fun": "0.5023131205094467", "nit": "100", "nfev": "161", "status": "2", "success": "False", "message": "Maximum number of iterations has been exceeded.", "x": "[1.16456632 6.18857588 0.40642861 1.79104659 0.54728892 5.14410421]", "final_simplex": "(array([[1.16456632, 6.18857588, 0.40642861, 1.79104659, 0.54728892,\n        5.14410421],\n       [1.15979671, 6.19417696, 0.39516657, 1.79161219, 0.54927418,\n        5.14913457],\n       [1.18099319, 6.21336426, 0.39761985, 1.80313142, 0.54908202,\n        5.13727451],\n       [1.18402444, 6.1915951 , 0.38803501, 1.80061387, 0.54963808,\n        5.16926801],\n       [1.16865871, 6.22615205, 0.40203074, 1.79643874, 0.54983522,\n        5.16057886],\n       [1.18309385, 6.1840236 , 0.42120782, 1.77580998, 0.55083573,\n        5.13018088],\n       [1.17330693, 6.18203835, 0.39316921, 1.79988034, 0.5494013 ,\n        5.16524057]]), array([0.50231312, 0.50236873, 0.5023781 , 0.5024109 , 0.50241862,\n       0.50243291, 0.50244633]))", "callback": [0.8175597666397579, 0.6572619345270568, 0.6382416068126665, 0.5828153480577934, 0.5447549790726134, 0.5045204979288904, 0.5038881019253661, 0.5026065988820414, 0.502446328780759]}, "4": {"maxiter": 500, "fatol": 1e-05, "xatol": 1e-05, "duration": 0.1443619728088379, "fun": "0.4970920703136086", "nit": "343", "nfev": "543", "status": "0", "success": "True", "message": "Optimization terminated successfully.", "x": "[1.06363977 6.25502238 0.35000846 1.73340652 0.31325663 5.17478308]", "final_simplex": "(array([[1.06363977, 6.25502238, 0.35000846, 1.73340652, 0.31325663,\n        5.17478308],\n       [1.06364645, 6.25502272, 0.35000945, 1.73340362, 0.31325777,\n        5.17478448],\n       [1.06364233, 6.25502708, 0.35000726, 1.73340298, 0.31325373,\n        5.17478088],\n       [1.06363881, 6.2550289 , 0.35000668, 1.73340457, 0.31325728,\n        5.1747866 ],\n       [1.06364289, 6.25502791, 0.35001069, 1.73340648, 0.3132568 ,\n        5.17478349],\n       [1.06363536, 6.25502623, 0.35000864, 1.73340066, 0.31325202,\n        5.17478521],\n       [1.06363701, 6.25502456, 0.35000525, 1.73340901, 0.31325067,\n        5.17478471]]), array([0.49709207, 0.49709207, 0.49709207, 0.49709207, 0.49709207,\n       0.49709207, 0.49709207]))", "callback": [0.8175597666397579, 0.6572619345270568, 0.6382416068126665, 0.5828153480577934, 0.5447549790726134, 0.5045204979288904, 0.5038881019253661, 0.5026065988820414, 0.502446328780759, 0.5023131205094467, 0.5022342517781605, 0.502130871551263, 0.502054355796638, 0.5017199436556603, 0.5013482250348901, 0.5006353864379107, 0.4990763040292032, 0.49792018356665557, 0.4975148105360422, 0.4972030770755256, 0.49718601326514933, 0.49711967538814394, 0.4971032269215895, 0.49709507724602264, 0.49709264244138673, 0.49709264244138673, 0.4970922494963491, 0.49709210537730275, 0.4970920788097908, 0.49709207190078797, 0.49709207056421123, 0.49709207038434255, 0.49709207032661407, 0.49709207031629565]}, "5": {"maxiter": 500, "fatol": 1e-05, "xatol": 1e-10, "duration": 0.1856541633605957, "fun": "0.4970920703124255", "nit": "457", "nfev": "788", "status": "0", "success": "True", "message": "Optimization terminated successfully.", "x": "[1.06364305 6.25502117 0.3500103  1.73340555 0.31325798 5.17478142]", "final_simplex": "(array([[1.06364305, 6.25502117, 0.3500103 , 1.73340555, 0.31325798,\n        5.17478142],\n       [1.06364305, 6.25502117, 0.3500103 , 1.73340555, 0.31325798,\n        5.17478142],\n       [1.06364305, 6.25502117, 0.3500103 , 1.73340555, 0.31325797,\n        5.17478142],\n       [1.06364305, 6.25502117, 0.3500103 , 1.73340555, 0.31325798,\n        5.17478142],\n       [1.06364305, 6.25502117, 0.3500103 , 1.73340555, 0.31325797,\n        5.17478142],\n       [1.06364305, 6.25502117, 0.3500103 , 1.73340555, 0.31325797,\n        5.17478142],\n       [1.06364305, 6.25502117, 0.3500103 , 1.73340555, 0.31325797,\n        5.17478142]]), array([0.49709207, 0.49709207, 0.49709207, 0.49709207, 0.49709207,\n       0.49709207, 0.49709207]))", "callback": [0.8175597666397579, 0.6572619345270568, 0.6382416068126665, 0.5828153480577934, 0.5447549790726134, 0.5045204979288904, 0.5038881019253661, 0.5026065988820414, 0.502446328780759, 0.5023131205094467, 0.5022342517781605, 0.502130871551263, 0.502054355796638, 0.5017199436556603, 0.5013482250348901, 0.5006353864379107, 0.4990763040292032, 0.49792018356665557, 0.4975148105360422, 0.4972030770755256, 0.49718601326514933, 0.49711967538814394, 0.4971032269215895, 0.49709507724602264, 0.49709264244138673, 0.49709264244138673, 0.4970922494963491, 0.49709210537730275, 0.4970920788097908, 0.49709207190078797, 0.49709207056421123, 0.49709207038434255, 0.49709207032661407, 0.49709207031629565, 0.4970920703136086, 0.49709207031295444, 0.4970920703125866, 0.4970920703125097, 0.4970920703124567, 0.4970920703124392, 0.4970920703124283, 0.4970920703124261, 0.49709207031242575, 0.49709207031242564, 0.4970920703124255]}, "6": {"maxiter": 500, "fatol": 1e-10, "xatol": 1e-05, "duration": 0.12175607681274414, "fun": "0.4970920703136086", "nit": "343", "nfev": "543", "status": "0", "success": "True", "message": "Optimization terminated successfully.", "x": "[1.06363977 6.25502238 0.35000846 1.73340652 0.31325663 5.17478308]", "final_simplex": "(array([[1.06363977, 6.25502238, 0.35000846, 1.73340652, 0.31325663,\n        5.17478308],\n       [1.06364645, 6.25502272, 0.35000945, 1.73340362, 0.31325777,\n        5.17478448],\n       [1.06364233, 6.25502708, 0.35000726, 1.73340298, 0.31325373,\n        5.17478088],\n       [1.06363881, 6.2550289 , 0.35000668, 1.73340457, 0.31325728,\n        5.1747866 ],\n       [1.06364289, 6.25502791, 0.35001069, 1.73340648, 0.3132568 ,\n        5.17478349],\n       [1.06363536, 6.25502623, 0.35000864, 1.73340066, 0.31325202,\n        5.17478521],\n       [1.06363701, 6.25502456, 0.35000525, 1.73340901, 0.31325067,\n        5.17478471]]), array([0.49709207, 0.49709207, 0.49709207, 0.49709207, 0.49709207,\n       0.49709207, 0.49709207]))", "callback": [0.8175597666397579, 0.6572619345270568, 0.6382416068126665, 0.5828153480577934, 0.5447549790726134, 0.5045204979288904, 0.5038881019253661, 0.5026065988820414, 0.502446328780759, 0.5023131205094467, 0.5022342517781605, 0.502130871551263, 0.502054355796638, 0.5017199436556603, 0.5013482250348901, 0.5006353864379107, 0.4990763040292032, 0.49792018356665557, 0.4975148105360422, 0.4972030770755256, 0.49718601326514933, 0.49711967538814394, 0.4971032269215895, 0.49709507724602264, 0.49709264244138673, 0.49709264244138673, 0.4970922494963491, 0.49709210537730275, 0.4970920788097908, 0.49709207190078797, 0.49709207056421123, 0.49709207038434255, 0.49709207032661407, 0.49709207031629565]}, "7": {"maxiter": 500, "fatol": 1e-10, "xatol": 1e-10, "duration": 0.1714012622833252, "fun": "0.4970920703124255", "nit": "457", "nfev": "788", "status": "0", "success": "True", "message": "Optimization terminated successfully.", "x": "[1.06364305 6.25502117 0.3500103  1.73340555 0.31325798 5.17478142]", "final_simplex": "(array([[1.06364305, 6.25502117, 0.3500103 , 1.73340555, 0.31325798,\n        5.17478142],\n       [1.06364305, 6.25502117, 0.3500103 , 1.73340555, 0.31325798,\n        5.17478142],\n       [1.06364305, 6.25502117, 0.3500103 , 1.73340555, 0.31325797,\n        5.17478142],\n       [1.06364305, 6.25502117, 0.3500103 , 1.73340555, 0.31325798,\n        5.17478142],\n       [1.06364305, 6.25502117, 0.3500103 , 1.73340555, 0.31325797,\n        5.17478142],\n       [1.06364305, 6.25502117, 0.3500103 , 1.73340555, 0.31325797,\n        5.17478142],\n       [1.06364305, 6.25502117, 0.3500103 , 1.73340555, 0.31325797,\n        5.17478142]]), array([0.49709207, 0.49709207, 0.49709207, 0.49709207, 0.49709207,\n       0.49709207, 0.49709207]))", "callback": [0.8175597666397579, 0.6572619345270568, 0.6382416068126665, 0.5828153480577934, 0.5447549790726134, 0.5045204979288904, 0.5038881019253661, 0.5026065988820414, 0.502446328780759, 0.5023131205094467, 0.5022342517781605, 0.502130871551263, 0.502054355796638, 0.5017199436556603, 0.5013482250348901, 0.5006353864379107, 0.4990763040292032, 0.49792018356665557, 0.4975148105360422, 0.4972030770755256, 0.49718601326514933, 0.49711967538814394, 0.4971032269215895, 0.49709507724602264, 0.49709264244138673, 0.49709264244138673, 0.4970922494963491, 0.49709210537730275, 0.4970920788097908, 0.49709207190078797, 0.49709207056421123, 0.49709207038434255, 0.49709207032661407, 0.49709207031629565, 0.4970920703136086, 0.49709207031295444, 0.4970920703125866, 0.4970920703125097, 0.4970920703124567, 0.4970920703124392, 0.4970920703124283, 0.4970920703124261, 0.49709207031242575, 0.49709207031242564, 0.4970920703124255]}, "8": {"maxiter": 1000, "fatol": 1e-05, "xatol": 1e-05, "duration": 0.11842679977416992, "fun": "0.4970920703136086", "nit": "343", "nfev": "543", "status": "0", "success": "True", "message": "Optimization terminated successfully.", "x": "[1.06363977 6.25502238 0.35000846 1.73340652 0.31325663 5.17478308]", "final_simplex": "(array([[1.06363977, 6.25502238, 0.35000846, 1.73340652, 0.31325663,\n        5.17478308],\n       [1.06364645, 6.25502272, 0.35000945, 1.73340362, 0.31325777,\n        5.17478448],\n       [1.06364233, 6.25502708, 0.35000726, 1.73340298, 0.31325373,\n        5.17478088],\n       [1.06363881, 6.2550289 , 0.35000668, 1.73340457, 0.31325728,\n        5.1747866 ],\n       [1.06364289, 6.25502791, 0.35001069, 1.73340648, 0.3132568 ,\n        5.17478349],\n       [1.06363536, 6.25502623, 0.35000864, 1.73340066, 0.31325202,\n        5.17478521],\n       [1.06363701, 6.25502456, 0.35000525, 1.73340901, 0.31325067,\n        5.17478471]]), array([0.49709207, 0.49709207, 0.49709207, 0.49709207, 0.49709207,\n       0.49709207, 0.49709207]))", "callback": [0.8175597666397579, 0.6572619345270568, 0.6382416068126665, 0.5828153480577934, 0.5447549790726134, 0.5045204979288904, 0.5038881019253661, 0.5026065988820414, 0.502446328780759, 0.5023131205094467, 0.5022342517781605, 0.502130871551263, 0.502054355796638, 0.5017199436556603, 0.5013482250348901, 0.5006353864379107, 0.4990763040292032, 0.49792018356665557, 0.4975148105360422, 0.4972030770755256, 0.49718601326514933, 0.49711967538814394, 0.4971032269215895, 0.49709507724602264, 0.49709264244138673, 0.49709264244138673, 0.4970922494963491, 0.49709210537730275, 0.4970920788097908, 0.49709207190078797, 0.49709207056421123, 0.49709207038434255, 0.49709207032661407, 0.49709207031629565]}, "9": {"maxiter": 1000, "fatol": 1e-05, "xatol": 1e-10, "duration": 0.189863920211792, "fun": "0.4970920703124255", "nit": "457", "nfev": "788", "status": "0", "success": "True", "message": "Optimization terminated successfully.", "x": "[1.06364305 6.25502117 0.3500103  1.73340555 0.31325798 5.17478142]", "final_simplex": "(array([[1.06364305, 6.25502117, 0.3500103 , 1.73340555, 0.31325798,\n        5.17478142],\n       [1.06364305, 6.25502117, 0.3500103 , 1.73340555, 0.31325798,\n        5.17478142],\n       [1.06364305, 6.25502117, 0.3500103 , 1.73340555, 0.31325797,\n        5.17478142],\n       [1.06364305, 6.25502117, 0.3500103 , 1.73340555, 0.31325798,\n        5.17478142],\n       [1.06364305, 6.25502117, 0.3500103 , 1.73340555, 0.31325797,\n        5.17478142],\n       [1.06364305, 6.25502117, 0.3500103 , 1.73340555, 0.31325797,\n        5.17478142],\n       [1.06364305, 6.25502117, 0.3500103 , 1.73340555, 0.31325797,\n        5.17478142]]), array([0.49709207, 0.49709207, 0.49709207, 0.49709207, 0.49709207,\n       0.49709207, 0.49709207]))", "callback": [0.8175597666397579, 0.6572619345270568, 0.6382416068126665, 0.5828153480577934, 0.5447549790726134, 0.5045204979288904, 0.5038881019253661, 0.5026065988820414, 0.502446328780759, 0.5023131205094467, 0.5022342517781605, 0.502130871551263, 0.502054355796638, 0.5017199436556603, 0.5013482250348901, 0.5006353864379107, 0.4990763040292032, 0.49792018356665557, 0.4975148105360422, 0.4972030770755256, 0.49718601326514933, 0.49711967538814394, 0.4971032269215895, 0.49709507724602264, 0.49709264244138673, 0.49709264244138673, 0.4970922494963491, 0.49709210537730275, 0.4970920788097908, 0.49709207190078797, 0.49709207056421123, 0.49709207038434255, 0.49709207032661407, 0.49709207031629565, 0.4970920703136086, 0.49709207031295444, 0.4970920703125866, 0.4970920703125097, 0.4970920703124567, 0.4970920703124392, 0.4970920703124283, 0.4970920703124261, 0.49709207031242575, 0.49709207031242564, 0.4970920703124255]}, "10": {"maxiter": 1000, "fatol": 1e-10, "xatol": 1e-05, "duration": 0.12905406951904297, "fun": "0.4970920703136086", "nit": "343", "nfev": "543", "status": "0", "success": "True", "message": "Optimization terminated successfully.", "x": "[1.06363977 6.25502238 0.35000846 1.73340652 0.31325663 5.17478308]", "final_simplex": "(array([[1.06363977, 6.25502238, 0.35000846, 1.73340652, 0.31325663,\n        5.17478308],\n       [1.06364645, 6.25502272, 0.35000945, 1.73340362, 0.31325777,\n        5.17478448],\n       [1.06364233, 6.25502708, 0.35000726, 1.73340298, 0.31325373,\n        5.17478088],\n       [1.06363881, 6.2550289 , 0.35000668, 1.73340457, 0.31325728,\n        5.1747866 ],\n       [1.06364289, 6.25502791, 0.35001069, 1.73340648, 0.3132568 ,\n        5.17478349],\n       [1.06363536, 6.25502623, 0.35000864, 1.73340066, 0.31325202,\n        5.17478521],\n       [1.06363701, 6.25502456, 0.35000525, 1.73340901, 0.31325067,\n        5.17478471]]), array([0.49709207, 0.49709207, 0.49709207, 0.49709207, 0.49709207,\n       0.49709207, 0.49709207]))", "callback": [0.8175597666397579, 0.6572619345270568, 0.6382416068126665, 0.5828153480577934, 0.5447549790726134, 0.5045204979288904, 0.5038881019253661, 0.5026065988820414, 0.502446328780759, 0.5023131205094467, 0.5022342517781605, 0.502130871551263, 0.502054355796638, 0.5017199436556603, 0.5013482250348901, 0.5006353864379107, 0.4990763040292032, 0.49792018356665557, 0.4975148105360422, 0.4972030770755256, 0.49718601326514933, 0.49711967538814394, 0.4971032269215895, 0.49709507724602264, 0.49709264244138673, 0.49709264244138673, 0.4970922494963491, 0.49709210537730275, 0.4970920788097908, 0.49709207190078797, 0.49709207056421123, 0.49709207038434255, 0.49709207032661407, 0.49709207031629565]}, "11": {"maxiter": 1000, "fatol": 1e-10, "xatol": 1e-10, "duration": 0.20380806922912598, "fun": "0.4970920703124255", "nit": "457", "nfev": "788", "status": "0", "success": "True", "message": "Optimization terminated successfully.", "x": "[1.06364305 6.25502117 0.3500103  1.73340555 0.31325798 5.17478142]", "final_simplex": "(array([[1.06364305, 6.25502117, 0.3500103 , 1.73340555, 0.31325798,\n        5.17478142],\n       [1.06364305, 6.25502117, 0.3500103 , 1.73340555, 0.31325798,\n        5.17478142],\n       [1.06364305, 6.25502117, 0.3500103 , 1.73340555, 0.31325797,\n        5.17478142],\n       [1.06364305, 6.25502117, 0.3500103 , 1.73340555, 0.31325798,\n        5.17478142],\n       [1.06364305, 6.25502117, 0.3500103 , 1.73340555, 0.31325797,\n        5.17478142],\n       [1.06364305, 6.25502117, 0.3500103 , 1.73340555, 0.31325797,\n        5.17478142],\n       [1.06364305, 6.25502117, 0.3500103 , 1.73340555, 0.31325797,\n        5.17478142]]), array([0.49709207, 0.49709207, 0.49709207, 0.49709207, 0.49709207,\n       0.49709207, 0.49709207]))", "callback": [0.8175597666397579, 0.6572619345270568, 0.6382416068126665, 0.5828153480577934, 0.5447549790726134, 0.5045204979288904, 0.5038881019253661, 0.5026065988820414, 0.502446328780759, 0.5023131205094467, 0.5022342517781605, 0.502130871551263, 0.502054355796638, 0.5017199436556603, 0.5013482250348901, 0.5006353864379107, 0.4990763040292032, 0.49792018356665557, 0.4975148105360422, 0.4972030770755256, 0.49718601326514933, 0.49711967538814394, 0.4971032269215895, 0.49709507724602264, 0.49709264244138673, 0.49709264244138673, 0.4970922494963491, 0.49709210537730275, 0.4970920788097908, 0.49709207190078797, 0.49709207056421123, 0.49709207038434255, 0.49709207032661407, 0.49709207031629565, 0.4970920703136086, 0.49709207031295444, 0.4970920703125866, 0.4970920703125097, 0.4970920703124567, 0.4970920703124392, 0.4970920703124283, 0.4970920703124261, 0.49709207031242575, 0.49709207031242564, 0.4970920703124255]}}, "bfgs": {"type": "gradient", "0": {"maxiter": 100, "gtol": 1e-05, "xrtol": 1e-05, "eps": 1e-05, "duration": 0.05135512351989746, "fun": "0.4970920708886505", "jac": "[ 7.56689156e-06  4.94021490e-06  7.08277881e-07  9.78539472e-06\n -1.00801478e-05  9.44304635e-06]", "hess_inv": "[[ 7.11003372 -2.28170024  1.39582716  1.12391757  2.83317884 -2.43067544]\n [-2.28170024  6.33092725 -3.12383181 -1.42977037 -0.34063227  0.95446367]\n [ 1.39582716 -3.12383181  5.55206724  0.89753188  0.04911916 -1.59908164]\n [ 1.12391757 -1.42977037  0.89753188  3.53227391  1.20831796 -1.34031753]\n [ 2.83317884 -0.34063227  0.04911916  1.20831796  4.6672368   0.18341328]\n [-2.43067544  0.95446367 -1.59908164 -1.34031753  0.18341328  4.62789399]]", "nfev": "196", "njev": "28", "status": "0", "success": "True", "message": "Optimization terminated successfully.", "x": "[1.06364073 6.25504475 0.349986   1.73343323 0.31321185 5.17481887]", "nit": "19", "callback": [0.4971631835131596]}, "1": {"maxiter": 100, "gtol": 1e-05, "xrtol": 1e-05, "eps": 1e-10, "duration": 0.05284595489501953, "fun": "0.4970920710296013", "jac": "[ 6.66133760e-06  4.44089173e-06 -4.44089173e-06  7.77156053e-06\n -1.22124523e-05  7.77156053e-06]", "hess_inv": "[[ 7.26846875 -2.3151473   1.52629017  1.2209401   2.98753472 -2.58216821]\n [-2.3151473   6.26159072 -3.16227168 -1.44746013 -0.33162657  0.94402609]\n [ 1.52629017 -3.16227168  5.44076107  1.0249414   0.0356615  -1.63077619]\n [ 1.2209401  -1.44746013  1.0249414   3.59854413  1.30812391 -1.39369766]\n [ 2.98753472 -0.33162657  0.0356615   1.30812391  4.70038409  0.06870306]\n [-2.58216821  0.94402609 -1.63077619 -1.39369766  0.06870306  4.76791176]]", "nfev": "196", "njev": "28", "status": "0", "success": "True", "message": "Optimization terminated successfully.", "x": "[1.06363684 6.2550535  0.34997155 1.73342983 0.31320561 5.17482651]", "nit": "19", "callback": [0.497163239757498]}, "2": {"maxiter": 100, "gtol": 1e-05, "xrtol": 1e-10, "eps": 1e-05, "duration": 0.05300307273864746, "fun": "0.4970920703946874", "jac": "[ 3.21120908e-07  7.77300446e-07  1.78175252e-06  2.28796981e-06\n -2.87604385e-06  4.12777590e-06]", "hess_inv": "[[ 6.75541599 -1.94080426  1.29965325  1.37643526  2.16198249 -1.64801751]\n [-1.94080426  6.57115053 -3.40153766 -1.06991496 -0.53317338  1.09045753]\n [ 1.29965325 -3.40153766  5.76724232  0.57325826  0.41311781 -1.96583184]\n [ 1.37643526 -1.06991496  0.57325826  3.99185262  0.79735253 -0.9550314 ]\n [ 2.16198249 -0.53317338  0.41311781  0.79735253  4.63265186  0.35432173]\n [-1.64801751  1.09045753 -1.96583184 -0.9550314   0.35432173  4.2901365 ]]", "nfev": "203", "njev": "29", "status": "0", "success": "True", "message": "Optimization terminated successfully.", "x": "[1.06362217 6.25502418 0.350006   1.73340569 0.31323338 5.17479975]", "nit": "20", "callback": [0.4971631835131596, 0.4970920703946874]}, "3": {"maxiter": 100, "gtol": 1e-05, "xrtol": 1e-10, "eps": 1e-10, "duration": 0.05291914939880371, "fun": "0.4970920704978856", "jac": "[ 0.00000000e+00 -2.22044587e-06  4.44089173e-06  2.22044587e-06\n -1.11022293e-06  6.66133760e-06]", "hess_inv": "[[ 5.55899581 -1.59370747  0.4843904   0.55523912  1.70162036 -1.40536943]\n [-1.59370747  7.48221615 -4.5285148  -0.82771508 -1.06017125  1.12097117]\n [ 0.4843904  -4.5285148   6.94427098  0.21800952  0.75725633 -1.71116374]\n [ 0.55523912 -0.82771508  0.21800952  3.41457352  0.52495715 -0.78579182]\n [ 1.70162036 -1.06017125  0.75725633  0.52495715  4.79271229  0.39246257]\n [-1.40536943  1.12097117 -1.71116374 -0.78579182  0.39246257  4.25530504]]", "nfev": "203", "njev": "29", "status": "0", "success": "True", "message": "Optimization terminated successfully.", "x": "[1.06363642 6.25499555 0.35004012 1.73341675 0.31325375 5.17480112]", "nit": "20", "callback": [0.497163239757498, 0.4970920704978856]}, "4": {"maxiter": 100, "gtol": 1e-10, "xrtol": 1e-05, "eps": 1e-05, "duration": 0.04668402671813965, "fun": "0.4970920708886505", "jac": "[ 7.56689156e-06  4.94021490e-06  7.08277881e-07  9.78539472e-06\n -1.00801478e-05  9.44304635e-06]", "hess_inv": "[[ 7.11003372 -2.28170024  1.39582716  1.12391757  2.83317884 -2.43067544]\n [-2.28170024  6.33092725 -3.12383181 -1.42977037 -0.34063227  0.95446367]\n [ 1.39582716 -3.12383181  5.55206724  0.89753188  0.04911916 -1.59908164]\n [ 1.12391757 -1.42977037  0.89753188  3.53227391  1.20831796 -1.34031753]\n [ 2.83317884 -0.34063227  0.04911916  1.20831796  4.6672368   0.18341328]\n [-2.43067544  0.95446367 -1.59908164 -1.34031753  0.18341328  4.62789399]]", "nfev": "196", "njev": "28", "status": "0", "success": "True", "message": "Optimization terminated successfully.", "x": "[1.06364073 6.25504475 0.349986   1.73343323 0.31321185 5.17481887]", "nit": "19", "callback": [0.4971631835131596]}, "5": {"maxiter": 100, "gtol": 1e-10, "xrtol": 1e-05, "eps": 1e-10, "duration": 0.04392099380493164, "fun": "0.4970920710296013", "jac": "[ 6.66133760e-06  4.44089173e-06 -4.44089173e-06  7.77156053e-06\n -1.22124523e-05  7.77156053e-06]", "hess_inv": "[[ 7.26846875 -2.3151473   1.52629017  1.2209401   2.98753472 -2.58216821]\n [-2.3151473   6.26159072 -3.16227168 -1.44746013 -0.33162657  0.94402609]\n [ 1.52629017 -3.16227168  5.44076107  1.0249414   0.0356615  -1.63077619]\n [ 1.2209401  -1.44746013  1.0249414   3.59854413  1.30812391 -1.39369766]\n [ 2.98753472 -0.33162657  0.0356615   1.30812391  4.70038409  0.06870306]\n [-2.58216821  0.94402609 -1.63077619 -1.39369766  0.06870306  4.76791176]]", "nfev": "196", "njev": "28", "status": "0", "success": "True", "message": "Optimization terminated successfully.", "x": "[1.06363684 6.2550535  0.34997155 1.73342983 0.31320561 5.17482651]", "nit": "19", "callback": [0.497163239757498]}, "6": {"maxiter": 100, "gtol": 1e-10, "xrtol": 1e-10, "eps": 1e-05, "duration": 0.05603814125061035, "fun": "0.4970920703295567", "jac": "[ 0.00000000e+00  0.00000000e+00  0.00000000e+00  2.22044605e-11\n -1.11022302e-11  0.00000000e+00]", "hess_inv": "[[ 7.10091906 -1.95212205  1.32951049  1.05558722  2.66753908 -2.29698464]\n [-1.95212205  6.74674298 -3.4510987  -1.02194477 -0.69657677  1.25508232]\n [ 1.32951049 -3.4510987   5.74600875  0.6320792   0.42292574 -1.97318868]\n [ 1.05558722 -1.02194477  0.6320792   4.04494541  0.49146626 -0.55330849]\n [ 2.66753908 -0.69657677  0.42292574  0.49146626  5.34491665 -0.53646444]\n [-2.29698464  1.25508232 -1.97318868 -0.55330849 -0.53646444  5.41355591]]", "nfev": "238", "njev": "34", "status": "0", "success": "True", "message": "Optimization terminated successfully.", "x": "[1.06363412 6.25502111 0.35000587 1.73339933 0.31324895 5.17478012]", "nit": "25", "callback": [0.4971631835131596, 0.4970920703946874]}, "7": {"maxiter": 100, "gtol": 1e-10, "xrtol": 1e-10, "eps": 1e-10, "duration": 0.08964800834655762, "fun": "0.49709207031827096", "jac": "[0.00000000e+00 2.22044587e-06 2.22044587e-06 1.11022293e-06\n 1.11022293e-06 1.11022293e-06]", "hess_inv": "[[ 5.4012861  -2.33419451  1.3075087   0.72709542  2.00277141  0.05497324]\n [-2.33419451  6.30661384 -4.04429244 -1.49885998 -1.96306275 -0.61185577]\n [ 1.3075087  -4.04429244  7.21056959  1.26619242  1.79242065  0.43101747]\n [ 0.72709542 -1.49885998  1.26619242  4.13308154  1.19318139  1.79936311]\n [ 2.00277141 -1.96306275  1.79242065  1.19318139  5.00366066  0.47959983]\n [ 0.05497324 -0.61185577  0.43101747  1.79936311  0.47959983  3.4214391 ]]", "nfev": "392", "njev": "56", "status": "0", "success": "True", "message": "Optimization terminated successfully.", "x": "[1.06363683 6.25502509 0.35001205 1.73340173 0.31325679 5.17478206]", "nit": "23", "callback": [0.497163239757498, 0.4970920704978856]}, "8": {"maxiter": 500, "gtol": 1e-05, "xrtol": 1e-05, "eps": 1e-05, "duration": 0.04484391212463379, "fun": "0.4970920708886505", "jac": "[ 7.56689156e-06  4.94021490e-06  7.08277881e-07  9.78539472e-06\n -1.00801478e-05  9.44304635e-06]", "hess_inv": "[[ 7.11003372 -2.28170024  1.39582716  1.12391757  2.83317884 -2.43067544]\n [-2.28170024  6.33092725 -3.12383181 -1.42977037 -0.34063227  0.95446367]\n [ 1.39582716 -3.12383181  5.55206724  0.89753188  0.04911916 -1.59908164]\n [ 1.12391757 -1.42977037  0.89753188  3.53227391  1.20831796 -1.34031753]\n [ 2.83317884 -0.34063227  0.04911916  1.20831796  4.6672368   0.18341328]\n [-2.43067544  0.95446367 -1.59908164 -1.34031753  0.18341328  4.62789399]]", "nfev": "196", "njev": "28", "status": "0", "success": "True", "message": "Optimization terminated successfully.", "x": "[1.06364073 6.25504475 0.349986   1.73343323 0.31321185 5.17481887]", "nit": "19", "callback": [0.4971631835131596]}, "9": {"maxiter": 500, "gtol": 1e-05, "xrtol": 1e-05, "eps": 1e-10, "duration": 0.04551196098327637, "fun": "0.4970920710296013", "jac": "[ 6.66133760e-06  4.44089173e-06 -4.44089173e-06  7.77156053e-06\n -1.22124523e-05  7.77156053e-06]", "hess_inv": "[[ 7.26846875 -2.3151473   1.52629017  1.2209401   2.98753472 -2.58216821]\n [-2.3151473   6.26159072 -3.16227168 -1.44746013 -0.33162657  0.94402609]\n [ 1.52629017 -3.16227168  5.44076107  1.0249414   0.0356615  -1.63077619]\n [ 1.2209401  -1.44746013  1.0249414   3.59854413  1.30812391 -1.39369766]\n [ 2.98753472 -0.33162657  0.0356615   1.30812391  4.70038409  0.06870306]\n [-2.58216821  0.94402609 -1.63077619 -1.39369766  0.06870306  4.76791176]]", "nfev": "196", "njev": "28", "status": "0", "success": "True", "message": "Optimization terminated successfully.", "x": "[1.06363684 6.2550535  0.34997155 1.73342983 0.31320561 5.17482651]", "nit": "19", "callback": [0.497163239757498]}, "10": {"maxiter": 500, "gtol": 1e-05, "xrtol": 1e-10, "eps": 1e-05, "duration": 0.04711604118347168, "fun": "0.4970920703946874", "jac": "[ 3.21120908e-07  7.77300446e-07  1.78175252e-06  2.28796981e-06\n -2.87604385e-06  4.12777590e-06]", "hess_inv": "[[ 6.75541599 -1.94080426  1.29965325  1.37643526  2.16198249 -1.64801751]\n [-1.94080426  6.57115053 -3.40153766 -1.06991496 -0.53317338  1.09045753]\n [ 1.29965325 -3.40153766  5.76724232  0.57325826  0.41311781 -1.96583184]\n [ 1.37643526 -1.06991496  0.57325826  3.99185262  0.79735253 -0.9550314 ]\n [ 2.16198249 -0.53317338  0.41311781  0.79735253  4.63265186  0.35432173]\n [-1.64801751  1.09045753 -1.96583184 -0.9550314   0.35432173  4.2901365 ]]", "nfev": "203", "njev": "29", "status": "0", "success": "True", "message": "Optimization terminated successfully.", "x": "[1.06362217 6.25502418 0.350006   1.73340569 0.31323338 5.17479975]", "nit": "20", "callback": [0.4971631835131596, 0.4970920703946874]}, "11": {"maxiter": 500, "gtol": 1e-05, "xrtol": 1e-10, "eps": 1e-10, "duration": 0.04676175117492676, "fun": "0.4970920704978856", "jac": "[ 0.00000000e+00 -2.22044587e-06  4.44089173e-06  2.22044587e-06\n -1.11022293e-06  6.66133760e-06]", "hess_inv": "[[ 5.55899581 -1.59370747  0.4843904   0.55523912  1.70162036 -1.40536943]\n [-1.59370747  7.48221615 -4.5285148  -0.82771508 -1.06017125  1.12097117]\n [ 0.4843904  -4.5285148   6.94427098  0.21800952  0.75725633 -1.71116374]\n [ 0.55523912 -0.82771508  0.21800952  3.41457352  0.52495715 -0.78579182]\n [ 1.70162036 -1.06017125  0.75725633  0.52495715  4.79271229  0.39246257]\n [-1.40536943  1.12097117 -1.71116374 -0.78579182  0.39246257  4.25530504]]", "nfev": "203", "njev": "29", "status": "0", "success": "True", "message": "Optimization terminated successfully.", "x": "[1.06363642 6.25499555 0.35004012 1.73341675 0.31325375 5.17480112]", "nit": "20", "callback": [0.497163239757498, 0.4970920704978856]}, "12": {"maxiter": 500, "gtol": 1e-10, "xrtol": 1e-05, "eps": 1e-05, "duration": 0.04457283020019531, "fun": "0.4970920708886505", "jac": "[ 7.56689156e-06  4.94021490e-06  7.08277881e-07  9.78539472e-06\n -1.00801478e-05  9.44304635e-06]", "hess_inv": "[[ 7.11003372 -2.28170024  1.39582716  1.12391757  2.83317884 -2.43067544]\n [-2.28170024  6.33092725 -3.12383181 -1.42977037 -0.34063227  0.95446367]\n [ 1.39582716 -3.12383181  5.55206724  0.89753188  0.04911916 -1.59908164]\n [ 1.12391757 -1.42977037  0.89753188  3.53227391  1.20831796 -1.34031753]\n [ 2.83317884 -0.34063227  0.04911916  1.20831796  4.6672368   0.18341328]\n [-2.43067544  0.95446367 -1.59908164 -1.34031753  0.18341328  4.62789399]]", "nfev": "196", "njev": "28", "status": "0", "success": "True", "message": "Optimization terminated successfully.", "x": "[1.06364073 6.25504475 0.349986   1.73343323 0.31321185 5.17481887]", "nit": "19", "callback": [0.4971631835131596]}, "13": {"maxiter": 500, "gtol": 1e-10, "xrtol": 1e-05, "eps": 1e-10, "duration": 0.04524683952331543, "fun": "0.4970920710296013", "jac": "[ 6.66133760e-06  4.44089173e-06 -4.44089173e-06  7.77156053e-06\n -1.22124523e-05  7.77156053e-06]", "hess_inv": "[[ 7.26846875 -2.3151473   1.52629017  1.2209401   2.98753472 -2.58216821]\n [-2.3151473   6.26159072 -3.16227168 -1.44746013 -0.33162657  0.94402609]\n [ 1.52629017 -3.16227168  5.44076107  1.0249414   0.0356615  -1.63077619]\n [ 1.2209401  -1.44746013  1.0249414   3.59854413  1.30812391 -1.39369766]\n [ 2.98753472 -0.33162657  0.0356615   1.30812391  4.70038409  0.06870306]\n [-2.58216821  0.94402609 -1.63077619 -1.39369766  0.06870306  4.76791176]]", "nfev": "196", "njev": "28", "status": "0", "success": "True", "message": "Optimization terminated successfully.", "x": "[1.06363684 6.2550535  0.34997155 1.73342983 0.31320561 5.17482651]", "nit": "19", "callback": [0.497163239757498]}, "14": {"maxiter": 500, "gtol": 1e-10, "xrtol": 1e-10, "eps": 1e-05, "duration": 0.05244898796081543, "fun": "0.4970920703295567", "jac": "[ 0.00000000e+00  0.00000000e+00  0.00000000e+00  2.22044605e-11\n -1.11022302e-11  0.00000000e+00]", "hess_inv": "[[ 7.10091906 -1.95212205  1.32951049  1.05558722  2.66753908 -2.29698464]\n [-1.95212205  6.74674298 -3.4510987  -1.02194477 -0.69657677  1.25508232]\n [ 1.32951049 -3.4510987   5.74600875  0.6320792   0.42292574 -1.97318868]\n [ 1.05558722 -1.02194477  0.6320792   4.04494541  0.49146626 -0.55330849]\n [ 2.66753908 -0.69657677  0.42292574  0.49146626  5.34491665 -0.53646444]\n [-2.29698464  1.25508232 -1.97318868 -0.55330849 -0.53646444  5.41355591]]", "nfev": "238", "njev": "34", "status": "0", "success": "True", "message": "Optimization terminated successfully.", "x": "[1.06363412 6.25502111 0.35000587 1.73339933 0.31324895 5.17478012]", "nit": "25", "callback": [0.4971631835131596, 0.4970920703946874]}, "15": {"maxiter": 500, "gtol": 1e-10, "xrtol": 1e-10, "eps": 1e-10, "duration": 0.08474183082580566, "fun": "0.49709207031827096", "jac": "[0.00000000e+00 2.22044587e-06 2.22044587e-06 1.11022293e-06\n 1.11022293e-06 1.11022293e-06]", "hess_inv": "[[ 5.4012861  -2.33419451  1.3075087   0.72709542  2.00277141  0.05497324]\n [-2.33419451  6.30661384 -4.04429244 -1.49885998 -1.96306275 -0.61185577]\n [ 1.3075087  -4.04429244  7.21056959  1.26619242  1.79242065  0.43101747]\n [ 0.72709542 -1.49885998  1.26619242  4.13308154  1.19318139  1.79936311]\n [ 2.00277141 -1.96306275  1.79242065  1.19318139  5.00366066  0.47959983]\n [ 0.05497324 -0.61185577  0.43101747  1.79936311  0.47959983  3.4214391 ]]", "nfev": "392", "njev": "56", "status": "0", "success": "True", "message": "Optimization terminated successfully.", "x": "[1.06363683 6.25502509 0.35001205 1.73340173 0.31325679 5.17478206]", "nit": "23", "callback": [0.497163239757498, 0.4970920704978856]}, "16": {"maxiter": 1000, "gtol": 1e-05, "xrtol": 1e-05, "eps": 1e-05, "duration": 0.043854713439941406, "fun": "0.4970920708886505", "jac": "[ 7.56689156e-06  4.94021490e-06  7.08277881e-07  9.78539472e-06\n -1.00801478e-05  9.44304635e-06]", "hess_inv": "[[ 7.11003372 -2.28170024  1.39582716  1.12391757  2.83317884 -2.43067544]\n [-2.28170024  6.33092725 -3.12383181 -1.42977037 -0.34063227  0.95446367]\n [ 1.39582716 -3.12383181  5.55206724  0.89753188  0.04911916 -1.59908164]\n [ 1.12391757 -1.42977037  0.89753188  3.53227391  1.20831796 -1.34031753]\n [ 2.83317884 -0.34063227  0.04911916  1.20831796  4.6672368   0.18341328]\n [-2.43067544  0.95446367 -1.59908164 -1.34031753  0.18341328  4.62789399]]", "nfev": "196", "njev": "28", "status": "0", "success": "True", "message": "Optimization terminated successfully.", "x": "[1.06364073 6.25504475 0.349986   1.73343323 0.31321185 5.17481887]", "nit": "19", "callback": [0.4971631835131596]}, "17": {"maxiter": 1000, "gtol": 1e-05, "xrtol": 1e-05, "eps": 1e-10, "duration": 0.04420042037963867, "fun": "0.4970920710296013", "jac": "[ 6.66133760e-06  4.44089173e-06 -4.44089173e-06  7.77156053e-06\n -1.22124523e-05  7.77156053e-06]", "hess_inv": "[[ 7.26846875 -2.3151473   1.52629017  1.2209401   2.98753472 -2.58216821]\n [-2.3151473   6.26159072 -3.16227168 -1.44746013 -0.33162657  0.94402609]\n [ 1.52629017 -3.16227168  5.44076107  1.0249414   0.0356615  -1.63077619]\n [ 1.2209401  -1.44746013  1.0249414   3.59854413  1.30812391 -1.39369766]\n [ 2.98753472 -0.33162657  0.0356615   1.30812391  4.70038409  0.06870306]\n [-2.58216821  0.94402609 -1.63077619 -1.39369766  0.06870306  4.76791176]]", "nfev": "196", "njev": "28", "status": "0", "success": "True", "message": "Optimization terminated successfully.", "x": "[1.06363684 6.2550535  0.34997155 1.73342983 0.31320561 5.17482651]", "nit": "19", "callback": [0.497163239757498]}, "18": {"maxiter": 1000, "gtol": 1e-05, "xrtol": 1e-10, "eps": 1e-05, "duration": 0.04458975791931152, "fun": "0.4970920703946874", "jac": "[ 3.21120908e-07  7.77300446e-07  1.78175252e-06  2.28796981e-06\n -2.87604385e-06  4.12777590e-06]", "hess_inv": "[[ 6.75541599 -1.94080426  1.29965325  1.37643526  2.16198249 -1.64801751]\n [-1.94080426  6.57115053 -3.40153766 -1.06991496 -0.53317338  1.09045753]\n [ 1.29965325 -3.40153766  5.76724232  0.57325826  0.41311781 -1.96583184]\n [ 1.37643526 -1.06991496  0.57325826  3.99185262  0.79735253 -0.9550314 ]\n [ 2.16198249 -0.53317338  0.41311781  0.79735253  4.63265186  0.35432173]\n [-1.64801751  1.09045753 -1.96583184 -0.9550314   0.35432173  4.2901365 ]]", "nfev": "203", "njev": "29", "status": "0", "success": "True", "message": "Optimization terminated successfully.", "x": "[1.06362217 6.25502418 0.350006   1.73340569 0.31323338 5.17479975]", "nit": "20", "callback": [0.4971631835131596, 0.4970920703946874]}, "19": {"maxiter": 1000, "gtol": 1e-05, "xrtol": 1e-10, "eps": 1e-10, "duration": 0.045918941497802734, "fun": "0.4970920704978856", "jac": "[ 0.00000000e+00 -2.22044587e-06  4.44089173e-06  2.22044587e-06\n -1.11022293e-06  6.66133760e-06]", "hess_inv": "[[ 5.55899581 -1.59370747  0.4843904   0.55523912  1.70162036 -1.40536943]\n [-1.59370747  7.48221615 -4.5285148  -0.82771508 -1.06017125  1.12097117]\n [ 0.4843904  -4.5285148   6.94427098  0.21800952  0.75725633 -1.71116374]\n [ 0.55523912 -0.82771508  0.21800952  3.41457352  0.52495715