{"date": "2024/09/23/, 19:42:31", "conf_id": 57, "data_type": "random\n", "num_data_points": 3, "s_rank": 0, "unitary": "[[0.18663085-0.53122324j,-0.11886349-0.70040876j,0.28555095-0.02789305j,-0.12262021-0.2844587j],[-0.16702216+0.27758472j,0.27526351-0.29738586j,-0.01109314+0.22495461j,-0.77239203+0.28900673j],[0.61935415+0.12301792j,-0.31269928-0.03315917j,-0.61902762-0.19039079j,-0.27120731-0.0968989j],[0.42341754+0.0023929j,-0.05847358+0.47832119j,0.64900495-0.16218422j,-0.37182676-0.05229966j]]", "databatch_0": {"databatch": "[[[0.09017695+0.08714268j,0.13157336-0.02127947j,0.20632026+0.1185665j,-0.39056319-0.10040177j],[0.14375208+0.0229208j,-0.26322356+0.31732339j,0.11420148-0.14565479j,-0.07039831-0.01230293j],[0.2247592+0.13796967j,0.08356642-0.1548728j,-0.00665263-0.29436625j,0.2079966-0.03465228j],[-0.19267949-0.21955731j,0.11106914-0.08024699j,0.23606342-0.22196337j,0.15710745-0.22641732j]],[[-0.11093317-0.16104624j,0.2844598+0.2367999j,-0.08356012-0.15197346j,0.06328672+0.10703234j],[0.28562912-0.18792164j,0.20996238-0.11294302j,0.04796162-0.14672528j,-0.06583835-0.1912712j],[0.02605754-0.05780638j,0.03234901+0.26946139j,0.04378459+0.20442772j,0.03268571-0.30844225j],[-0.08084101+0.34485754j,0.04623924+0.01542627j,-0.19449768-0.2536291j,-0.03022571-0.30371409j]],[[0.17815605-0.17362368j,0.15055693+0.04699945j,0.21033522-0.06870448j,-0.20908985-0.06006071j],[0.01760909+0.09235016j,-0.05091311-0.13079862j,-0.06609646+0.11326608j,-0.33204754-0.27475946j],[0.2643418-0.08026428j,0.32536774-0.30124794j,-0.01812825+0.06551763j,-0.19479705+0.12991108j],[-0.09801725+0.24666393j,0.05643829-0.21682544j,0.23632675-0.2482523j,0.12062388-0.02025876j]]]", "initial param values": "[6.27268526,3.0559252,0.57102455,2.30210374,2.24527382,3.6510141]", "nelder_mead": {"type": "gradient-free", "0": {"maxiter": 100, "fatol": 1e-05, "xatol": 1e-05, "duration": 0.048674821853637695, "fun": "0.32166924350828374", "nit": "100", "nfev": "160", "status": "2", "success": "False", "message": "Maximum number of iterations has been exceeded.", "x": "[5.14668429 4.01751978 0.21181351 2.65122209 0.89010294 2.95419212]", "final_simplex": "(array([[5.14668429, 4.01751978, 0.21181351, 2.65122209, 0.89010294,\n        2.95419212],\n       [5.24201181, 4.07159324, 0.08141   , 2.58263801, 0.6941005 ,\n        2.65871998],\n       [5.16250742, 4.10302925, 0.18691642, 2.5970215 , 0.80813105,\n        2.75991517],\n       [5.204277  , 4.08899337, 0.16940707, 2.72207939, 0.86984451,\n        2.86710418],\n       [5.20869416, 3.98749513, 0.1831672 , 2.71274305, 1.01136349,\n        2.97038762],\n       [5.26204303, 4.08861238, 0.12041307, 2.60365395, 0.72714683,\n        2.78319223],\n       [5.203279  , 4.13494383, 0.18199823, 2.59969049, 0.776985  ,\n        2.71375571]]), array([0.32166924, 0.3231232 , 0.32337657, 0.32432479, 0.32432502,\n       0.32474365, 0.32643194]))", "callback": [0.460201196640584, 0.39993550931250454, 0.368763072844596, 0.3677525352256913, 0.36670799510854213, 0.3647449287112795, 0.35953834545737584, 0.34330380437453756, 0.33043628145707515]}, "1": {"maxiter": 100, "fatol": 1e-05, "xatol": 1e-10, "duration": 0.05005002021789551, "fun": "0.32166924350828374", "nit": "100", "nfev": "160", "status": "2", "success": "False", "message": "Maximum number of iterations has been exceeded.", "x": "[5.14668429 4.01751978 0.21181351 2.65122209 0.89010294 2.95419212]", "final_simplex": "(array([[5.14668429, 4.01751978, 0.21181351, 2.65122209, 0.89010294,\n        2.95419212],\n       [5.24201181, 4.07159324, 0.08141   , 2.58263801, 0.6941005 ,\n        2.65871998],\n       [5.16250742, 4.10302925, 0.18691642, 2.5970215 , 0.80813105,\n        2.75991517],\n       [5.204277  , 4.08899337, 0.16940707, 2.72207939, 0.86984451,\n        2.86710418],\n       [5.20869416, 3.98749513, 0.1831672 , 2.71274305, 1.01136349,\n        2.97038762],\n       [5.26204303, 4.08861238, 0.12041307, 2.60365395, 0.72714683,\n        2.78319223],\n       [5.203279  , 4.13494383, 0.18199823, 2.59969049, 0.776985  ,\n        2.71375571]]), array([0.32166924, 0.3231232 , 0.32337657, 0.32432479, 0.32432502,\n       0.32474365, 0.32643194]))", "callback": [0.460201196640584, 0.39993550931250454, 0.368763072844596, 0.3677525352256913, 0.36670799510854213, 0.3647449287112795, 0.35953834545737584, 0.34330380437453756, 0.33043628145707515]}, "2": {"maxiter": 100, "fatol": 1e-10, "xatol": 1e-05, "duration": 0.05086994171142578, "fun": "0.32166924350828374", "nit": "100", "nfev": "160", "status": "2", "success": "False", "message": "Maximum number of iterations has been exceeded.", "x": "[5.14668429 4.01751978 0.21181351 2.65122209 0.89010294 2.95419212]", "final_simplex": "(array([[5.14668429, 4.01751978, 0.21181351, 2.65122209, 0.89010294,\n        2.95419212],\n       [5.24201181, 4.07159324, 0.08141   , 2.58263801, 0.6941005 ,\n        2.65871998],\n       [5.16250742, 4.10302925, 0.18691642, 2.5970215 , 0.80813105,\n        2.75991517],\n       [5.204277  , 4.08899337, 0.16940707, 2.72207939, 0.86984451,\n        2.86710418],\n       [5.20869416, 3.98749513, 0.1831672 , 2.71274305, 1.01136349,\n        2.97038762],\n       [5.26204303, 4.08861238, 0.12041307, 2.60365395, 0.72714683,\n        2.78319223],\n       [5.203279  , 4.13494383, 0.18199823, 2.59969049, 0.776985  ,\n        2.71375571]]), array([0.32166924, 0.3231232 , 0.32337657, 0.32432479, 0.32432502,\n       0.32474365, 0.32643194]))", "callback": [0.460201196640584, 0.39993550931250454, 0.368763072844596, 0.3677525352256913, 0.36670799510854213, 0.3647449287112795, 0.35953834545737584, 0.34330380437453756, 0.33043628145707515]}, "3": {"maxiter": 100, "fatol": 1e-10, "xatol": 1e-10, "duration": 0.049492835998535156, "fun": "0.32166924350828374", "nit": "100", "nfev": "160", "status": "2", "success": "False", "message": "Maximum number of iterations has been exceeded.", "x": "[5.14668429 4.01751978 0.21181351 2.65122209 0.89010294 2.95419212]", "final_simplex": "(array([[5.14668429, 4.01751978, 0.21181351, 2.65122209, 0.89010294,\n        2.95419212],\n       [5.24201181, 4.07159324, 0.08141   , 2.58263801, 0.6941005 ,\n        2.65871998],\n       [5.16250742, 4.10302925, 0.18691642, 2.5970215 , 0.80813105,\n        2.75991517],\n       [5.204277  , 4.08899337, 0.16940707, 2.72207939, 0.86984451,\n        2.86710418],\n       [5.20869416, 3.98749513, 0.1831672 , 2.71274305, 1.01136349,\n        2.97038762],\n       [5.26204303, 4.08861238, 0.12041307, 2.60365395, 0.72714683,\n        2.78319223],\n       [5.203279  , 4.13494383, 0.18199823, 2.59969049, 0.776985  ,\n        2.71375571]]), array([0.32166924, 0.3231232 , 0.32337657, 0.32432479, 0.32432502,\n       0.32474365, 0.32643194]))", "callback": [0.460201196640584, 0.39993550931250454, 0.368763072844596, 0.3677525352256913, 0.36670799510854213, 0.3647449287112795, 0.35953834545737584, 0.34330380437453756, 0.33043628145707515]}, "4": {"maxiter": 500, "fatol": 1e-05, "xatol": 1e-05, "duration": 0.1811821460723877, "fun": "0.31570078882175967", "nit": "372", "nfev": "587", "status": "0", "success": "True", "message": "Optimization terminated successfully.", "x": "[5.08115971 3.96692264 0.13109672 2.64896598 0.62313241 2.6368331 ]", "final_simplex": "(array([[5.08115971, 3.96692264, 0.13109672, 2.64896598, 0.62313241,\n        2.6368331 ],\n       [5.08115871, 3.96692445, 0.13109503, 2.64896535, 0.62313431,\n        2.63683273],\n       [5.08115973, 3.96692187, 0.13109621, 2.64896592, 0.6231236 ,\n        2.63682406],\n       [5.0811565 , 3.96692049, 0.13109695, 2.64896649, 0.62313224,\n        2.63683173],\n       [5.08115606, 3.96692478, 0.13109464, 2.64896617, 0.62312738,\n        2.63682695],\n       [5.08115601, 3.96692383, 0.13109723, 2.648963  , 0.62312989,\n        2.63682787],\n       [5.08115789, 3.96692576, 0.13109852, 2.64896619, 0.62312538,\n        2.63682316]]), array([0.31570079, 0.31570079, 0.31570079, 0.31570079, 0.31570079,\n       0.31570079, 0.31570079]))", "callback": [0.460201196640584, 0.39993550931250454, 0.368763072844596, 0.3677525352256913, 0.36670799510854213, 0.3647449287112795, 0.35953834545737584, 0.34330380437453756, 0.33043628145707515, 0.3214788402022517, 0.31764407966209707, 0.3166721250638833, 0.316263300719145, 0.316263300719145, 0.31616025407182713, 0.31614666633191557, 0.31611588362233467, 0.31607830869268805, 0.3160357823984591, 0.31601974822124623, 0.31595008211180087, 0.31583081820545666, 0.31577288850989504, 0.3157265623938771, 0.3157069106936867, 0.3157024171183135, 0.3157009901878324, 0.3157009194832129, 0.3157008240041498, 0.3157007930866055, 0.3157007910860168, 0.3157007899987153, 0.3157007892025684, 0.3157007889080269, 0.31570078885396224, 0.3157007888267017, 0.31570078882204256]}, "5": {"maxiter": 500, "fatol": 1e-05, "xatol": 1e-10, "duration": 0.24778318405151367, "fun": "0.3157007888203478", "nit": "473", "nfev": "810", "status": "0", "success": "True", "message": "Optimization terminated successfully.", "x": "[5.08115914 3.96692291 0.13109633 2.64896657 0.62312954 2.63682806]", "final_simplex": "(array([[5.08115914, 3.96692291, 0.13109633, 2.64896657, 0.62312954,\n        2.63682806],\n       [5.08115914, 3.96692291, 0.13109633, 2.64896657, 0.62312954,\n        2.63682806],\n       [5.08115914, 3.96692291, 0.13109633, 2.64896657, 0.62312954,\n        2.63682806],\n       [5.08115914, 3.96692291, 0.13109633, 2.64896657, 0.62312954,\n        2.63682806],\n       [5.08115914, 3.96692291, 0.13109633, 2.64896657, 0.62312954,\n        2.63682806],\n       [5.08115914, 3.96692291, 0.13109633, 2.64896657, 0.62312954,\n        2.63682806],\n       [5.08115914, 3.96692291, 0.13109633, 2.64896657, 0.62312954,\n        2.63682806]]), array([0.31570079, 0.31570079, 0.31570079, 0.31570079, 0.31570079,\n       0.31570079, 0.31570079]))", "callback": [0.460201196640584, 0.39993550931250454, 0.368763072844596, 0.3677525352256913, 0.36670799510854213, 0.3647449287112795, 0.35953834545737584, 0.34330380437453756, 0.33043628145707515, 0.3214788402022517, 0.31764407966209707, 0.3166721250638833, 0.316263300719145, 0.316263300719145, 0.31616025407182713, 0.31614666633191557, 0.31611588362233467, 0.31607830869268805, 0.3160357823984591, 0.31601974822124623, 0.31595008211180087, 0.31583081820545666, 0.31577288850989504, 0.3157265623938771, 0.3157069106936867, 0.3157024171183135, 0.3157009901878324, 0.3157009194832129, 0.3157008240041498, 0.3157007930866055, 0.3157007910860168, 0.3157007899987153, 0.3157007892025684, 0.3157007889080269, 0.31570078885396224, 0.3157007888267017, 0.31570078882204256, 0.3157007888206578, 0.31570078882044383, 0.31570078882037944, 0.31570078882035535, 0.31570078882034946, 0.31570078882034824, 0.3157007888203479, 0.3157007888203479, 0.3157007888203479, 0.3157007888203479]}, "6": {"maxiter": 500, "fatol": 1e-10, "xatol": 1e-05, "duration": 0.22250699996948242, "fun": "0.31570078882175967", "nit": "372", "nfev": "587", "status": "0", "success": "True", "message": "Optimization terminated successfully.", "x": "[5.08115971 3.96692264 0.13109672 2.64896598 0.62313241 2.6368331 ]", "final_simplex": "(array([[5.08115971, 3.96692264, 0.13109672, 2.64896598, 0.62313241,\n        2.6368331 ],\n       [5.08115871, 3.96692445, 0.13109503, 2.64896535, 0.62313431,\n        2.63683273],\n       [5.08115973, 3.96692187, 0.13109621, 2.64896592, 0.6231236 ,\n        2.63682406],\n       [5.0811565 , 3.96692049, 0.13109695, 2.64896649, 0.62313224,\n        2.63683173],\n       [5.08115606, 3.96692478, 0.13109464, 2.64896617, 0.62312738,\n        2.63682695],\n       [5.08115601, 3.96692383, 0.13109723, 2.648963  , 0.62312989,\n        2.63682787],\n       [5.08115789, 3.96692576, 0.13109852, 2.64896619, 0.62312538,\n        2.63682316]]), array([0.31570079, 0.31570079, 0.31570079, 0.31570079, 0.31570079,\n       0.31570079, 0.31570079]))", "callback": [0.460201196640584, 0.39993550931250454, 0.368763072844596, 0.3677525352256913, 0.36670799510854213, 0.3647449287112795, 0.35953834545737584, 0.34330380437453756, 0.33043628145707515, 0.3214788402022517, 0.31764407966209707, 0.3166721250638833, 0.316263300719145, 0.316263300719145, 0.31616025407182713, 0.31614666633191557, 0.31611588362233467, 0.31607830869268805, 0.3160357823984591, 0.31601974822124623, 0.31595008211180087, 0.31583081820545666, 0.31577288850989504, 0.3157265623938771, 0.3157069106936867, 0.3157024171183135, 0.3157009901878324, 0.3157009194832129, 0.3157008240041498, 0.3157007930866055, 0.3157007910860168, 0.3157007899987153, 0.3157007892025684, 0.3157007889080269, 0.31570078885396224, 0.3157007888267017, 0.31570078882204256]}, "7": {"maxiter": 500, "fatol": 1e-10, "xatol": 1e-10, "duration": 0.27229785919189453, "fun": "0.3157007888203478", "nit": "473", "nfev": "810", "status": "0", "success": "True", "message": "Optimization terminated successfully.", "x": "[5.08115914 3.96692291 0.13109633 2.64896657 0.62312954 2.63682806]", "final_simplex": "(array([[5.08115914, 3.96692291, 0.13109633, 2.64896657, 0.62312954,\n        2.63682806],\n       [5.08115914, 3.96692291, 0.13109633, 2.64896657, 0.62312954,\n        2.63682806],\n       [5.08115914, 3.96692291, 0.13109633, 2.64896657, 0.62312954,\n        2.63682806],\n       [5.08115914, 3.96692291, 0.13109633, 2.64896657, 0.62312954,\n        2.63682806],\n       [5.08115914, 3.96692291, 0.13109633, 2.64896657, 0.62312954,\n        2.63682806],\n       [5.08115914, 3.96692291, 0.13109633, 2.64896657, 0.62312954,\n        2.63682806],\n       [5.08115914, 3.96692291, 0.13109633, 2.64896657, 0.62312954,\n        2.63682806]]), array([0.31570079, 0.31570079, 0.31570079, 0.31570079, 0.31570079,\n       0.31570079, 0.31570079]))", "callback": [0.460201196640584, 0.39993550931250454, 0.368763072844596, 0.3677525352256913, 0.36670799510854213, 0.3647449287112795, 0.35953834545737584, 0.34330380437453756, 0.33043628145707515, 0.3214788402022517, 0.31764407966209707, 0.3166721250638833, 0.316263300719145, 0.316263300719145, 0.31616025407182713, 0.31614666633191557, 0.31611588362233467, 0.31607830869268805, 0.3160357823984591, 0.31601974822124623, 0.31595008211180087, 0.31583081820545666, 0.31577288850989504, 0.3157265623938771, 0.3157069106936867, 0.3157024171183135, 0.3157009901878324, 0.3157009194832129, 0.3157008240041498, 0.3157007930866055, 0.3157007910860168, 0.3157007899987153, 0.3157007892025684, 0.3157007889080269, 0.31570078885396224, 0.3157007888267017, 0.31570078882204256, 0.3157007888206578, 0.31570078882044383, 0.31570078882037944, 0.31570078882035535, 0.31570078882034946, 0.31570078882034824, 0.3157007888203479, 0.3157007888203479, 0.3157007888203479, 0.3157007888203479]}, "8": {"maxiter": 1000, "fatol": 1e-05, "xatol": 1e-05, "duration": 0.1895148754119873, "fun": "0.31570078882175967", "nit": "372", "nfev": "587", "status": "0", "success": "True", "message": "Optimization terminated successfully.", "x": "[5.08115971 3.96692264 0.13109672 2.64896598 0.62313241 2.6368331 ]", "final_simplex": "(array([[5.08115971, 3.96692264, 0.13109672, 2.64896598, 0.62313241,\n        2.6368331 ],\n       [5.08115871, 3.96692445, 0.13109503, 2.64896535, 0.62313431,\n        2.63683273],\n       [5.08115973, 3.96692187, 0.13109621, 2.64896592, 0.6231236 ,\n        2.63682406],\n       [5.0811565 , 3.96692049, 0.13109695, 2.64896649, 0.62313224,\n        2.63683173],\n       [5.08115606, 3.96692478, 0.13109464, 2.64896617, 0.62312738,\n        2.63682695],\n       [5.08115601, 3.96692383, 0.13109723, 2.648963  , 0.62312989,\n        2.63682787],\n       [5.08115789, 3.96692576, 0.13109852, 2.64896619, 0.62312538,\n        2.63682316]]), array([0.31570079, 0.31570079, 0.31570079, 0.31570079, 0.31570079,\n       0.31570079, 0.31570079]))", "callback": [0.460201196640584, 0.39993550931250454, 0.368763072844596, 0.3677525352256913, 0.36670799510854213, 0.3647449287112795, 0.35953834545737584, 0.34330380437453756, 0.33043628145707515, 0.3214788402022517, 0.31764407966209707, 0.3166721250638833, 0.316263300719145, 0.316263300719145, 0.31616025407182713, 0.31614666633191557, 0.31611588362233467, 0.31607830869268805, 0.3160357823984591, 0.31601974822124623, 0.31595008211180087, 0.31583081820545666, 0.31577288850989504, 0.3157265623938771, 0.3157069106936867, 0.3157024171183135, 0.3157009901878324, 0.3157009194832129, 0.3157008240041498, 0.3157007930866055, 0.3157007910860168, 0.3157007899987153, 0.3157007892025684, 0.3157007889080269, 0.31570078885396224, 0.3157007888267017, 0.31570078882204256]}, "9": {"maxiter": 1000, "fatol": 1e-05, "xatol": 1e-10, "duration": 0.24924683570861816, "fun": "0.3157007888203478", "nit": "473", "nfev": "810", "status": "0", "success": "True", "message": "Optimization terminated successfully.", "x": "[5.08115914 3.96692291 0.13109633 2.64896657 0.62312954 2.63682806]", "final_simplex": "(array([[5.08115914, 3.96692291, 0.13109633, 2.64896657, 0.62312954,\n        2.63682806],\n       [5.08115914, 3.96692291, 0.13109633, 2.64896657, 0.62312954,\n        2.63682806],\n       [5.08115914, 3.96692291, 0.13109633, 2.64896657, 0.62312954,\n        2.63682806],\n       [5.08115914, 3.96692291, 0.13109633, 2.64896657, 0.62312954,\n        2.63682806],\n       [5.08115914, 3.96692291, 0.13109633, 2.64896657, 0.62312954,\n        2.63682806],\n       [5.08115914, 3.96692291, 0.13109633, 2.64896657, 0.62312954,\n        2.63682806],\n       [5.08115914, 3.96692291, 0.13109633, 2.64896657, 0.62312954,\n        2.63682806]]), array([0.31570079, 0.31570079, 0.31570079, 0.31570079, 0.31570079,\n       0.31570079, 0.31570079]))", "callback": [0.460201196640584, 0.39993550931250454, 0.368763072844596, 0.3677525352256913, 0.36670799510854213, 0.3647449287112795, 0.35953834545737584, 0.34330380437453756, 0.33043628145707515, 0.3214788402022517, 0.31764407966209707, 0.3166721250638833, 0.316263300719145, 0.316263300719145, 0.31616025407182713, 0.31614666633191557, 0.31611588362233467, 0.31607830869268805, 0.3160357823984591, 0.31601974822124623, 0.31595008211180087, 0.31583081820545666, 0.31577288850989504, 0.3157265623938771, 0.3157069106936867, 0.3157024171183135, 0.3157009901878324, 0.3157009194832129, 0.3157008240041498, 0.3157007930866055, 0.3157007910860168, 0.3157007899987153, 0.3157007892025684, 0.3157007889080269, 0.31570078885396224, 0.3157007888267017, 0.31570078882204256, 0.3157007888206578, 0.31570078882044383, 0.31570078882037944, 0.31570078882035535, 0.31570078882034946, 0.31570078882034824, 0.3157007888203479, 0.3157007888203479, 0.3157007888203479, 0.3157007888203479]}, "10": {"maxiter": 1000, "fatol": 1e-10, "xatol": 1e-05, "duration": 0.18075799942016602, "fun": "0.31570078882175967", "nit": "372", "nfev": "587", "status": "0", "success": "True", "message": "Optimization terminated successfully.", "x": "[5.08115971 3.96692264 0.13109672 2.64896598 0.62313241 2.6368331 ]", "final_simplex": "(array([[5.08115971, 3.96692264, 0.13109672, 2.64896598, 0.62313241,\n        2.6368331 ],\n       [5.08115871, 3.96692445, 0.13109503, 2.64896535, 0.62313431,\n        2.63683273],\n       [5.08115973, 3.96692187, 0.13109621, 2.64896592, 0.6231236 ,\n        2.63682406],\n       [5.0811565 , 3.96692049, 0.13109695, 2.64896649, 0.62313224,\n        2.63683173],\n       [5.08115606, 3.96692478, 0.13109464, 2.64896617, 0.62312738,\n        2.63682695],\n       [5.08115601, 3.96692383, 0.13109723, 2.648963  , 0.62312989,\n        2.63682787],\n       [5.08115789, 3.96692576, 0.13109852, 2.64896619, 0.62312538,\n        2.63682316]]), array([0.31570079, 0.31570079, 0.31570079, 0.31570079, 0.31570079,\n       0.31570079, 0.31570079]))", "callback": [0.460201196640584, 0.39993550931250454, 0.368763072844596, 0.3677525352256913, 0.36670799510854213, 0.3647449287112795, 0.35953834545737584, 0.34330380437453756, 0.33043628145707515, 0.3214788402022517, 0.31764407966209707, 0.3166721250638833, 0.316263300719145, 0.316263300719145, 0.31616025407182713, 0.31614666633191557, 0.31611588362233467, 0.31607830869268805, 0.3160357823984591, 0.31601974822124623, 0.31595008211180087, 0.31583081820545666, 0.31577288850989504, 0.3157265623938771, 0.3157069106936867, 0.3157024171183135, 0.3157009901878324, 0.3157009194832129, 0.3157008240041498, 0.3157007930866055, 0.3157007910860168, 0.3157007899987153, 0.3157007892025684, 0.3157007889080269, 0.31570078885396224, 0.3157007888267017, 0.31570078882204256]}, "11": {"maxiter": 1000, "fatol": 1e-10, "xatol": 1e-10, "duration": 0.25679469108581543, "fun": "0.3157007888203478", "nit": "473", "nfev": "810", "status": "0", "success": "True", "message": "Optimization terminated successfully.", "x": "[5.08115914 3.96692291 0.13109633 2.64896657 0.62312954 2.63682806]", "final_simplex": "(array([[5.08115914, 3.96692291, 0.13109633, 2.64896657, 0.62312954,\n        2.63682806],\n       [5.08115914, 3.96692291, 0.13109633, 2.64896657, 0.62312954,\n        2.63682806],\n       [5.08115914, 3.96692291, 0.13109633, 2.64896657, 0.62312954,\n        2.63682806],\n       [5.08115914, 3.96692291, 0.13109633, 2.64896657, 0.62312954,\n        2.63682806],\n       [5.08115914, 3.96692291, 0.13109633, 2.64896657, 0.62312954,\n        2.63682806],\n       [5.08115914, 3.96692291, 0.13109633, 2.64896657, 0.62312954,\n        2.63682806],\n       [5.08115914, 3.96692291, 0.13109633, 2.64896657, 0.62312954,\n        2.63682806]]), array([0.31570079, 0.31570079, 0.31570079, 0.31570079, 0.31570079,\n       0.31570079, 0.31570079]))", "callback": [0.460201196640584, 0.39993550931250454, 0.368763072844596, 0.3677525352256913, 0.36670799510854213, 0.3647449287112795, 0.35953834545737584, 0.34330380437453756, 0.33043628145707515, 0.3214788402022517, 0.31764407966209707, 0.3166721250638833, 0.316263300719145, 0.316263300719145, 0.31616025407182713, 0.31614666633191557, 0.31611588362233467, 0.31607830869268805, 0.3160357823984591, 0.31601974822124623, 0.31595008211180087, 0.31583081820545666, 0.31577288850989504, 0.3157265623938771, 0.3157069106936867, 0.3157024171183135, 0.3157009901878324, 0.3157009194832129, 0.3157008240041498, 0.3157007930866055, 0.3157007910860168, 0.3157007899987153, 0.3157007892025684, 0.3157007889080269, 0.31570078885396224, 0.3157007888267017, 0.31570078882204256, 0.3157007888206578, 0.31570078882044383, 0.31570078882037944, 0.31570078882035535, 0.31570078882034946, 0.31570078882034824, 0.3157007888203479, 0.3157007888203479, 0.3157007888203479, 0.3157007888203479]}}, "bfgs": {"type": "gradient", "0": {"maxiter": 100, "gtol": 1e-05, "xrtol": 1e-05, "eps": 1e-05, "duration": 0.049664974212646484, "fun": "0.3157007889185396", "jac": "[ 2.49591459e-06  8.91631213e-07  1.96561656e-06 -5.16635623e-06\n -9.52482537e-07  2.42040832e-06]", "hess_inv": "[[ 3.05308779 -0.15970658 -0.04925901  0.44505544 -0.02774338  0.23968916]\n [-0.15970658  3.77623785 -1.40242319 -0.26835315 -0.59133369 -0.9109877 ]\n [-0.04925901 -1.40242319  3.44365896  0.02992643  0.34779481  0.77968637]\n [ 0.44505544 -0.26835315  0.02992643  2.81371914  0.55040924  0.66921544]\n [-0.02774338 -0.59133369  0.34779481  0.55040924 14.92155813 12.87391407]\n [ 0.23968916 -0.9109877   0.77968637  0.66921544 12.87391407 14.21325356]]", "nfev": "161", "njev": "23", "status": "0", "success": "True", "message": "Optimization terminated successfully.", "x": "[5.08116008 3.96692106 0.13109791 2.64894655 0.62310234 2.63680671]", "nit": "21", "callback": [0.3419601443308603, 0.31570079490061653]}, "1": {"maxiter": 100, "gtol": 1e-05, "xrtol": 1e-05, "eps": 1e-10, "duration": 0.05003094673156738, "fun": "0.3157007890781417", "jac": "[ 3.33066880e-06  3.33066880e-06  6.66133760e-06 -2.22044587e-06\n -1.11022293e-06  6.66133760e-06]", "hess_inv": "[[ 3.00166591 -0.17977555 -0.09020677  0.41878016 -0.24453211 -0.02654903]\n [-0.17977555  3.76102762 -1.38920283 -0.28235708 -0.53494303 -0.87614094]\n [-0.09020677 -1.38920283  3.44979748  0.02760185  0.36234698  0.79106099]\n [ 0.41878016 -0.28235708  0.02760185  2.81726207  0.53666237  0.62218034]\n [-0.24453211 -0.53494303  0.36234698  0.53666237 14.98435423 12.89545445]\n [-0.02654903 -0.87614094  0.79106099  0.62218034 12.89545445 14.14874825]]", "nfev": "161", "njev": "23", "status": "0", "success": "True", "message": "Optimization terminated successfully.", "x": "[5.08117612 3.96692383 0.13111304 2.64896228 0.62318671 2.63689896]", "nit": "21", "callback": [0.3419613771343908, 0.3157007950110522]}, "2": {"maxiter": 100, "gtol": 1e-05, "xrtol": 1e-10, "eps": 1e-05, "duration": 0.05088186264038086, "fun": "0.3157007889185396", "jac": "[ 2.49591459e-06  8.91631213e-07  1.96561656e-06 -5.16635623e-06\n -9.52482537e-07  2.42040832e-06]", "hess_inv": "[[ 3.05308779 -0.15970658 -0.04925901  0.44505544 -0.02774338  0.23968916]\n [-0.15970658  3.77623785 -1.40242319 -0.26835315 -0.59133369 -0.9109877 ]\n [-0.04925901 -1.40242319  3.44365896  0.02992643  0.34779481  0.77968637]\n [ 0.44505544 -0.26835315  0.02992643  2.81371914  0.55040924  0.66921544]\n [-0.02774338 -0.59133369  0.34779481  0.55040924 14.92155813 12.87391407]\n [ 0.23968916 -0.9109877   0.77968637  0.66921544 12.87391407 14.21325356]]", "nfev": "161", "njev": "23", "status": "0", "success": "True", "message": "Optimization terminated successfully.", "x": "[5.08116008 3.96692106 0.13109791 2.64894655 0.62310234 2.63680671]", "nit": "21", "callback": [0.3419601443308603, 0.31570079490061653]}, "3": {"maxiter": 100, "gtol": 1e-05, "xrtol": 1e-10, "eps": 1e-10, "duration": 0.05215716361999512, "fun": "0.3157007890781417", "jac": "[ 3.33066880e-06  3.33066880e-06  6.66133760e-06 -2.22044587e-06\n -1.11022293e-06  6.66133760e-06]", "hess_inv": "[[ 3.00166591 -0.17977555 -0.09020677  0.41878016 -0.24453211 -0.02654903]\n [-0.17977555  3.76102762 -1.38920283 -0.28235708 -0.53494303 -0.87614094]\n [-0.09020677 -1.38920283  3.44979748  0.02760185  0.36234698  0.79106099]\n [ 0.41878016 -0.28235708  0.02760185  2.81726207  0.53666237  0.62218034]\n [-0.24453211 -0.53494303  0.36234698  0.53666237 14.98435423 12.89545445]\n [-0.02654903 -0.87614094  0.79106099  0.62218034 12.89545445 14.14874825]]", "nfev": "161", "njev": "23", "status": "0", "success": "True", "message": "Optimization terminated successfully.", "x": "[5.08117612 3.96692383 0.13111304 2.64896228 0.62318671 2.63689896]", "nit": "21", "callback": [0.3419613771343908, 0.3157007950110522]}, "4": {"maxiter": 100, "gtol": 1e-10, "xrtol": 1e-05, "eps": 1e-05, "duration": 0.05252408981323242, "fun": "0.3157007889080795", "jac": "[-9.62785407e-08 -6.77236045e-10  1.61892721e-07 -4.03110878e-07\n  1.08046905e-07  4.26769731e-08]", "hess_inv": "[[ 3.07683377e+00 -1.62794847e-01  4.54413008e-02  2.70424152e-01\n   1.81663906e-01  5.01148644e-01]\n [-1.62794847e-01  3.77594503e+00 -1.39889149e+00 -2.74888484e-01\n  -5.82687935e-01 -9.02469296e-01]\n [ 4.54413008e-02 -1.39889149e+00  3.45967525e+00  9.10750464e-04\n   3.64127481e-01  8.52027357e-01]\n [ 2.70424152e-01 -2.74888484e-01  9.10750464e-04  2.86626744e+00\n   5.21466163e-01  5.37208239e-01]\n [ 1.81663906e-01 -5.82687935e-01  3.64127481e-01  5.21466163e-01\n   1.49144683e+01  1.29826749e+01]\n [ 5.01148644e-01 -9.02469296e-01  8.52027357e-01  5.37208239e-01\n   1.29826749e+01  1.44884350e+01]]", "nfev": "168", "njev": "24", "status": "0", "success": "True", "message": "Optimization terminated successfully.", "x": "[5.08115281 3.96692106 0.13109054 2.64896012 0.62308717 2.63678466]", "nit": "22", "callback": [0.3419601443308603, 0.31570079490061653]}, "5": {"maxiter": 100, "gtol": 1e-10, "xrtol": 1e-05, "eps": 1e-10, "duration": 0.056077003479003906, "fun": "0.3157007888308284", "jac": "[2.22044587e-06 3.33066880e-06 0.00000000e+00 0.00000000e+00\n 3.33066880e-06 0.00000000e+00]", "hess_inv": "[[ 3.04957145 -0.1989887   0.08912518  0.31151815  0.25136101  0.64484322]\n [-0.1989887   3.76132113 -1.37795404 -0.26678055 -0.48786241 -0.84371522]\n [ 0.08912518 -1.37795404  3.149302   -0.12636747 -0.68789881 -0.19049453]\n [ 0.31151815 -0.26678055 -0.12636747  2.86125367  0.10730891  0.06430212]\n [ 0.25136101 -0.48786241 -0.68789881  0.10730891 11.39769951  9.41716383]\n [ 0.64484322 -0.84371522 -0.19049453  0.06430212  9.41716383 10.96703615]]", "nfev": "175", "njev": "25", "status": "0", "success": "True", "message": "Optimization terminated successfully.", "x": "[5.08116271 3.96692563 0.13109658 2.64896901 0.62314224 2.63683844]", "nit": "23", "callback": [0.3419613771343908, 0.3157007950110522]}, "6": {"maxiter": 100, "gtol": 1e-10, "xrtol": 1e-10, "eps": 1e-05, "duration": 0.09969878196716309, "fun": "0.3157007889080795", "jac": "[-9.62785407e-08 -6.77236045e-10  1.61892721e-07 -4.03110878e-07\n  1.08046905e-07  4.26769731e-08]", "hess_inv": "[[ 3.01503932 -0.17393985  0.03697225  0.28933176  0.20230562  0.47616479]\n [-0.17393985  3.77594021 -1.41019457 -0.25409192 -0.60592729 -0.93624966]\n [ 0.03697225 -1.41019457  3.5061709  -0.08125718  0.4983977   0.9913163 ]\n [ 0.28933176 -0.25409192 -0.08125718  3.0112308   0.28137539  0.29103033]\n [ 0.20230562 -0.60592729  0.4983977   0.28137539 15.27010184 13.38463796]\n [ 0.47616479 -0.93624966  0.9913163   0.29103033 13.38463796 14.90570619]]", "nfev": "313", "njev": "43", "status": "2", "success": "False", "message": "Desired error not necessarily achieved due to precision loss.", "x": "[5.08115281 3.96692106 0.13109054 2.64896012 0.62308717 2.63678466]", "nit": "22", "callback": [0.3419601443308603, 0.31570079490061653]}, "7": {"maxiter": 100, "gtol": 1e-10, "xrtol": 1e-10, "eps": 1e-10, "duration": 0.09806275367736816, "fun": "0.3157007888219634", "jac": "[ 1.11022293e-06 -1.11022293e-06  3.33066880e-06  1.11022293e-06\n  1.11022293e-06  1.11022293e-06]", "hess_inv": "[[ 13.63835358  13.6956144    6.09331437  -1.91089815 -11.35601058\n   -4.54367293]\n [ 13.6956144   14.28778374   6.14144355  -1.85967127 -11.55501202\n   -4.57064297]\n [  6.09331437   6.14144355   2.73696032  -0.85102068  -5.08405995\n   -2.03561369]\n [ -1.91089815  -1.85967127  -0.85102068   0.28656332   1.57249051\n    0.63071479]\n [-11.35601058 -11.55501202  -5.08405995   1.57249051  12.20288301\n    5.50831807]\n [ -4.54367293  -4.57064297  -2.03561369   0.63071479   5.50831807\n    4.82650213]]", "nfev": "315", "njev": "45", "status": "0", "success": "True", "message": "Optimization terminated successfully.", "x": "[5.08115978 3.96692163 0.13109852 2.64896811 0.62313193 2.63682924]", "nit": "30", "callback": [0.3419613771343908, 0.3157007950110522, 0.3157007888219634]}, "8": {"maxiter": 500, "gtol": 1e-05, "xrtol": 1e-05, "eps": 1e-05, "duration": 0.049904823303222656, "fun": "0.3157007889185396", "jac": "[ 2.49591459e-06  8.91631213e-07  1.96561656e-06 -5.16635623e-06\n -9.52482537e-07  2.42040832e-06]", "hess_inv": "[[ 3.05308779 -0.15970658 -0.04925901  0.44505544 -0.02774338  0.23968916]\n [-0.15970658  3.77623785 -1.40242319 -0.26835315 -0.59133369 -0.9109877 ]\n [-0.04925901 -1.40242319  3.44365896  0.02992643  0.34779481  0.77968637]\n [ 0.44505544 -0.26835315  0.02992643  2.81371914  0.55040924  0.66921544]\n [-0.02774338 -0.59133369  0.34779481  0.55040924 14.92155813 12.87391407]\n [ 0.23968916 -0.9109877   0.77968637  0.66921544 12.87391407 14.21325356]]", "nfev": "161", "njev": "23", "status": "0", "success": "True", "message": "Optimization terminated successfully.", "x": "[5.08116008 3.96692106 0.13109791 2.64894655 0.62310234 2.63680671]", "nit": "21", "callback": [0.3419601443308603, 0.31570079490061653]}, "9": {"maxiter": 500, "gtol": 1e-05, "xrtol": 1e-05, "eps": 1e-10, "duration": 0.05030989646911621, "fun": "0.3157007890781417", "jac": "[ 3.33066880e-06  3.33066880e-06  6.66133760e-06 -2.22044587e-06\n -1.11022293e-06  6.66133760e-06]", "hess_inv": "[[ 3.00166591 -0.17977555 -0.09020677  0.41878016 -0.24453211 -0.02654903]\n [-0.17977555  3.76102762 -1.38920283 -0.28235708 -0.53494303 -0.87614094]\n [-0.09020677 -1.38920283  3.44979748  0.02760185  0.36234698  0.79106099]\n [ 0.41878016 -0.28235708  0.02760185  2.81726207  0.53666237  0.62218034]\n [-0.24453211 -0.53494303  0.36234698  0.53666237 14.98435423 12.89545445]\n [-0.02654903 -0.87614094  0.79106099  0.62218034 12.89545445 14.14874825]]", "nfev": "161", "njev": "23", "status": "0", "success": "True", "message": "Optimization terminated successfully.", "x": "[5.08117612 3.96692383 0.13111304 2.64896228 0.62318671 2.63689896]", "nit": "21", "callback": [0.3419613771343908, 0.3157007950110522]}, "10": {"maxiter": 500, "gtol": 1e-05, "xrtol": 1e-10, "eps": 1e-05, "duration": 0.05111384391784668, "fun": "0.3157007889185396", "jac": "[ 2.49591459e-06  8.91631213e-07  1.96561656e-06 -5.16635623e-06\n -9.52482537e-07  2.42040832e-06]", "hess_inv": "[[ 3.05308779 -0.15970658 -0.04925901  0.44505544 -0.02774338  0.23968916]\n [-0.15970658  3.77623785 -1.40242319 -0.26835315 -0.59133369 -0.9109877 ]\n [-0.04925901 -1.40242319  3.44365896  0.02992643  0.34779481  0.77968637]\n [ 0.44505544 -0.26835315  0.02992643  2.81371914  0.55040924  0.66921544]\n [-0.02774338 -0.59133369  0.34779481  0.55040924 14.92155813 12.87391407]\n [ 0.23968916 -0.9109877   0.77968637  0.66921544 12.87391407 14.21325356]]", "nfev": "161", "njev": "23", "status": "0", "success": "True", "message": "Optimization terminated successfully.", "x": "[5.08116008 3.96692106 0.13109791 2.64894655 0.62310234 2.63680671]", "nit": "21", "callback": [0.3419601443308603, 0.31570079490061653]}, "11": {"maxiter": 500, "gtol": 1e-05, "xrtol": 1e-10, "eps": 1e-10, "duration": 0.05147075653076172, "fun": "0.3157007890781417", "jac": "[ 3.33066880e-06  3.33066880e-06  6.66133760e-06 -2.22044587e-06\n -1.11022293e-06  6.66133760e-06]", "hess_inv": "[[ 3.00166591 -0.17977555 -0.09020677  0.41878016 -0.24453211 -0.02654903]\n [-0.17977555  3.76102762 -1.38920283 -0.28235708 -0.53494303 -0.87614094]\n [-0.09020677 -1.38920283  3.44979748  0.02760185  0.36234698  0.79106099]\n [ 0.41878016 -0.28235708  0.02760185  2.81726207  0.53666237  0.62218034]\n [-0.24453211 -0.53494303  0.36234698  0.53666237 14.98435423 12.89545445]\n [-0.02654903 -0.87614094  0.79106099  0.62218034 12.89545445 14.14874825]]", "nfev": "161", "njev": "23", "status": "0", "success": "True", "message": "Optimization terminated successfully.", "x": "[5.08117612 3.96692383 0.13111304 2.64896228 0.62318671 2.63689896]", "nit": "21", "callback": [0.3419613771343908, 0.3157007950110522]}, "12": {"maxiter": 500, "gtol": 1e-10, "xrtol": 1e-05, "eps": 1e-05, "duration": 0.051709890365600586, "fun": "0.3157007889080795", "jac": "[-9.62785407e-08 -6.77236045e-10  1.61892721e-07 -4.03110878e-07\n  1.08046905e-07  4.26769731e-08]", "hess_inv": "[[ 3.07683377e+00 -1.62794847e-01  4.54413008e-02  2.70424152e-01\n   1.81663906e-01  5.01148644e-01]\n [-1.62794847e-01  3.77594503e+00 -1.39889149e+00 -2.74888484e-01\n  -5.82687935e-01 -9.02469296e-01]\n [ 4.54413008e-02 -1.39889149e+00  3.45967525e+00  9.10750464e-04\n   3.64127481e-01  8.52027357e-01]\n [ 2.70424152e-01 -2.74888484e-01  9.10750464e-04  2.86626744e+00\n   5.21466163e-01  5.37208239e-01]\n [ 1.81663906e-01 -5.82687935e-01  3.64127481e-01  5.21466163e-01\n   1.49144683e+01  1.29826749e+01]\n [ 5.01148644e-01 -9.02469296e-01  8.52027357e-01  5.37208239e-01\n   1.29826749e+01  1.44884350e+01]]", "nfev": "168", "njev": "24", "status": "0", "success": "True", "message": "Optimization terminated successfully.", "x": "[5.08115281 3.96692106 0.13109054 2.64896012 0.62308717 2.63678466]", "nit": "22", "callback": [0.3419601443308603, 0.31570079490061653]}, "13": {"maxiter": 500, "gtol": 1e-10, "xrtol": 1e-05, "eps": 1e-10, "duration": 0.05509305000305176, "fun": "0.3157007888308284", "jac": "[2.22044587e-06 3.33066880e-06 0.00000000e+00 0.00000000e+00\n 3.33066880e-06 0.00000000e+00]", "hess_inv": "[[ 3.04957145 -0.1989887   0.08912518  0.31151815  0.25136101  0.64484322]\n [-0.1989887   3.76132113 -1.37795404 -0.26678055 -0.48786241 -0.84371522]\n [ 0.08912518 -1.37795404  3.149302   -0.12636747 -0.68789881 -0.19049453]\n [ 0.31151815 -0.26678055 -0.12636747  2.86125367  0.10730891  0.06430212]\n [ 0.25136101 -0.48786241 -0.68789881  0.10730891 11.39769951  9.41716383]\n [ 0.64484322 -0.84371522 -0.19049453  0.06430212  9.41716383 10.96703615]]", "nfev": "175", "njev": "25", "status": "0", "success": "True", "message": "Optimization terminated successfully.", "x": "[5.08116271 3.96692563 0.13109658 2.64896901 0.62314224 2.63683844]", "nit": "23", "callback": [0.3419613771343908, 0.3157007950110522]}, "14": {"maxiter": 500, "gtol": 1e-10, "xrtol": 1e-10, "eps": 1e-05, "duration": 0.11089682579040527, "fun": "0.3157007889080795", "jac": "[-9.62785407e-08 -6.77236045e-10  1.61892721e-07 -4.03110878e-07\n  1.08046905e-07  4.26769731e-08]", "hess_inv": "[[ 3.01503932 -0.17393985  0.03697225  0.28933176  0.20230562  0.47616479]\n [-0.17393985  3.77594021 -1.41019457 -0.25409192 -0.60592729 -0.93624966]\n [ 0.03697225 -1.41019457  3.5061709  -0.08125718  0.4983977   0.9913163 ]\n [ 0.28933176 -0.25409192 -0.08125718  3.0112308   0.28137539  0.29103033]\n [ 0.20230562 -0.60592729  0.4983977   0.28137539 15.27010184 13.38463796]\n [ 0.47616479 -0.93624966  0.9913163   0.29103033 13.38463796 14.90570619]]", "nfev": "313", "njev": "43", "status": "2", "success": "False", "message": "Desired error not necessarily achieved due to precision loss.", "x": "[5.08115281 3.96692106 0.13109054 2.64896012 0.62308717 2.63678466]", "nit": "22", "callback": [0.3419601443308603, 0.31570079490061653]}, "15": {"maxiter": 500, "gtol": 1e-10, "xrtol": 1e-10, "eps": 1e-10, "duration": 0.10228919982910156, "fun": "0.3157007888219634", "jac": "[ 1.11022293e-06 -1.11022293e-06  3.33066880e-06  1.11022293e-06\n  1.11022293e-06  1.11022293e-06]", "hess_inv": "[[ 13.63835358  13.6956144    6.09331437  -1.91089815 -11.35601058\n   -4.54367293]\n [ 13.6956144   14.28778374   6.14144355  -1.85967127 -11.55501202\n   -4.57064297]\n [  6.09331437   6.14144355   2.73696032  -0.85102068  -5.08405995\n   -2.03561369]\n [ -1.91089815  -1.85967127  -0.85102068   0.28656332   1.57249051\n    0.63071479]\n [-11.35601058 -11.55501202  -5.08405995   1.57249051  12.20288301\n    5.50831807]\n [ -4.54367293  -4.57064297  -2.03561369   0.63071479   5.50831807\n    4.82650213]]", "nfev": "315", "njev": "45", "status": "0", "success": "True", "message": "Optimization terminated successfully.", "x": "[5.08115978 3.96692163 0.13109852 2.64896811 0.62313193 2.63682924]", "nit": "30", "callback": [0.3419613771343908, 0.3157007950110522, 0.3157007888219634]}, "16": {"maxiter": 1000, "gtol": 1e-05, "xrtol": 1e-05, "eps": 1e-05, "duration": 0.04917502403259277, "fun": "0.3157007889185396", "jac": "[ 2.49591459e-06  8.91631213e-07  1.96561656e-06 -5.16635623e-06\n -9.52482537e-07  2.42040832e-06]", "hess_inv": "[[ 3.05308779 -0.15970658 -0.04925901  0.44505544 -0.02774338  0.23968916]\n [-0.15970658  3.77623785 -1.40242319 -0.26835315 -0.59133369 -0.9109877 ]\n [-0.04925901 -1.40242319  3.44365896  0.02992643  0.34779481  0.77968637]\n [ 0.44505544 -0.26835315  0.02992643  2.81371914  0.55040924  0.66921544]\n [-0.02774338 -0.59133369  0.34779481  0.55040924 14.92155813 12.87391407]\n [ 0.23968916 -0.9109877   0.77968637  0.66921544 12.87391407 14.21325356]]", "nfev": "161", "njev": "23", "status": "0", "success": "True", "message": "Optimization terminated successfully.", "x": "[5.08116008 3.96692106 0.13109791 2.64894655 0.62310234 2.63680671]", "nit": "21", "callback": [0.3419601443308603, 0.31570079490061653]}, "17": {"maxiter": 1000, "gtol": 1e-05, "xrtol": 1e-05, "eps": 1e-10, "duration": 0.04968404769897461, "fun": "0.3157007890781417", "jac": "[ 3.33066880e-06  3.33066880e-06  6.66133760e-06 -2.22044587e-06\n -1.11022293e-06  6.66133760e-06]", "hess_inv": "[[ 3.00166591 -0.17977555 -0.09020677  0.41878016 -0.24453211 -0.02654903]\n [-0.17977555  3.76102762 -1.38920283 -0.28235708 -0.53494303 -0.87614094]\n [-0.09020677 -1.38920283  3.44979748  0.02760185  0.36234698  0.79106099]\n [ 0.41878016 -0.28235708  0.02760185  2.81726207  0.5366