{"date": "2024/09/24/, 03:26:35", "conf_id": 233, "data_type": "non_lin_ind\n", "num_data_points": 4, "s_rank": 0, "unitary": "[[-0.53618537-0.34368723j,-0.12107031-0.46226139j,-0.07699282-0.46603512j,0.36022595-0.11472301j],[0.26026499-0.63450712j,-0.56616638+0.37832564j,-0.14988651+0.08458591j,0.10363514-0.16008501j],[-0.32580188-0.11070003j,-0.36476308-0.23593218j,0.02559343+0.41761608j,-0.25598305+0.6725303j],[0.07406738-0.0126433j,0.28513701+0.19483972j,-0.74939717-0.10299659j,0.29798249+0.46269921j]]", "databatch_0": {"databatch": "[[[0.10638414-0.28980523j,0.08335341-0.07800805j,0.29999884+0.2267966j,0.0043358+0.10052883j],[0.03382306-0.08356703j,0.06811379-0.05833315j,0.16521369-0.14439031j,-0.25639737-0.34324096j],[0.17509536+0.0545443j,-0.01266185-0.01492039j,0.16290759-0.20881261j,-0.4415416-0.14081252j],[-0.10442233-0.30344068j,0.06693161-0.06392901j,0.10114878-0.21559402j,0.01553423-0.06919773j]],[[-0.19054282+0.12467628j,-0.26902013+0.39232654j,0.0291947+0.15422919j,-0.12335643+0.31738766j],[0.18172658+0.04748054j,-0.03453688+0.03365044j,0.0312016+0.06858925j,0.09988232-0.0224467j],[0.31966131-0.07908149j,0.00787803+0.24785222j,0.00124806-0.07918679j,0.53446703-0.10806287j],[-0.01120362+0.01190406j,0.26875193+0.0121469j,0.01788528+0.13038862j,-0.14212746-0.25127427j]],[[-0.2177478+0.10470725j,0.23698312+0.16614312j,-0.23735964+0.01224157j,0.18429168+0.08093215j],[0.09679689-0.17144155j,-0.22120524+0.11736884j,0.11508222-0.10326972j,-0.1324177+0.0330951j],[-0.10119873+0.06296277j,0.30248317+0.16154538j,-0.18761875+0.04938439j,0.1024787+0.01531568j],[0.30113682-0.02920774j,-0.26396363-0.34113431j,0.299541+0.12768722j,-0.16493479-0.16079422j]],[[-0.40261351+0.10951268j,0.09258688-0.19267256j,-0.19346229-0.01593357j,0.13422744+0.39157354j],[-0.02172115-0.31090437j,-0.06209368-0.14626447j,-0.27268521+0.19148499j,-0.14357369+0.12646691j],[-0.20421157-0.07529624j,0.11412151+0.20365751j,0.11029247+0.27850842j,-0.10768062+0.06490075j],[0.162265+0.00174272j,-0.00970093-0.43628909j,-0.2523321-0.03727614j,0.06995849+0.10604846j]]]", "initial param values": "[4.42515721,1.8760336,0.93946983,4.45235324,0.99028768,1.9084575]", "nelder_mead": {"type": "gradient-free", "0": {"maxiter": 100, "fatol": 1e-05, "xatol": 1e-05, "duration": 0.03920388221740723, "fun": "0.4866656637395004", "nit": "100", "nfev": "154", "status": "2", "success": "False", "message": "Maximum number of iterations has been exceeded.", "x": "[ 4.51215138  2.85131099  2.20947213  4.93883182  0.17030515 -0.93407861]", "final_simplex": "(array([[ 4.51215138,  2.85131099,  2.20947213,  4.93883182,  0.17030515,\n        -0.93407861],\n       [ 4.26420225,  2.77285893,  1.90111532,  4.86895498,  0.49327139,\n        -0.94005129],\n       [ 4.21958465,  2.83509577,  2.08953785,  4.89729175,  0.42497667,\n        -1.16903183],\n       [ 4.31508737,  3.04037477,  2.07612363,  4.72681418,  0.26550205,\n        -1.13798198],\n       [ 4.26236615,  2.89733048,  1.90307623,  4.92428499,  0.39124239,\n        -1.09846615],\n       [ 4.3732993 ,  2.83238171,  1.69376775,  4.82740011,  0.57939919,\n        -0.90842839],\n       [ 4.10699114,  2.83461792,  1.73944849,  4.80400417,  0.53735017,\n        -0.89825924]]), array([0.48666566, 0.51687857, 0.52066271, 0.52143986, 0.52204696,\n       0.52706339, 0.53450381]))", "callback": [0.7646732374891205, 0.6702984642716352, 0.6352415106767246, 0.6210558876719856, 0.5963999425158222, 0.5640335169833061, 0.5594327031024894, 0.5573312766574525, 0.5473264367408368]}, "1": {"maxiter": 100, "fatol": 1e-05, "xatol": 1e-10, "duration": 0.036039113998413086, "fun": "0.4866656637395004", "nit": "100", "nfev": "154", "status": "2", "success": "False", "message": "Maximum number of iterations has been exceeded.", "x": "[ 4.51215138  2.85131099  2.20947213  4.93883182  0.17030515 -0.93407861]", "final_simplex": "(array([[ 4.51215138,  2.85131099,  2.20947213,  4.93883182,  0.17030515,\n        -0.93407861],\n       [ 4.26420225,  2.77285893,  1.90111532,  4.86895498,  0.49327139,\n        -0.94005129],\n       [ 4.21958465,  2.83509577,  2.08953785,  4.89729175,  0.42497667,\n        -1.16903183],\n       [ 4.31508737,  3.04037477,  2.07612363,  4.72681418,  0.26550205,\n        -1.13798198],\n       [ 4.26236615,  2.89733048,  1.90307623,  4.92428499,  0.39124239,\n        -1.09846615],\n       [ 4.3732993 ,  2.83238171,  1.69376775,  4.82740011,  0.57939919,\n        -0.90842839],\n       [ 4.10699114,  2.83461792,  1.73944849,  4.80400417,  0.53735017,\n        -0.89825924]]), array([0.48666566, 0.51687857, 0.52066271, 0.52143986, 0.52204696,\n       0.52706339, 0.53450381]))", "callback": [0.7646732374891205, 0.6702984642716352, 0.6352415106767246, 0.6210558876719856, 0.5963999425158222, 0.5640335169833061, 0.5594327031024894, 0.5573312766574525, 0.5473264367408368]}, "2": {"maxiter": 100, "fatol": 1e-10, "xatol": 1e-05, "duration": 0.034742116928100586, "fun": "0.4866656637395004", "nit": "100", "nfev": "154", "status": "2", "success": "False", "message": "Maximum number of iterations has been exceeded.", "x": "[ 4.51215138  2.85131099  2.20947213  4.93883182  0.17030515 -0.93407861]", "final_simplex": "(array([[ 4.51215138,  2.85131099,  2.20947213,  4.93883182,  0.17030515,\n        -0.93407861],\n       [ 4.26420225,  2.77285893,  1.90111532,  4.86895498,  0.49327139,\n        -0.94005129],\n       [ 4.21958465,  2.83509577,  2.08953785,  4.89729175,  0.42497667,\n        -1.16903183],\n       [ 4.31508737,  3.04037477,  2.07612363,  4.72681418,  0.26550205,\n        -1.13798198],\n       [ 4.26236615,  2.89733048,  1.90307623,  4.92428499,  0.39124239,\n        -1.09846615],\n       [ 4.3732993 ,  2.83238171,  1.69376775,  4.82740011,  0.57939919,\n        -0.90842839],\n       [ 4.10699114,  2.83461792,  1.73944849,  4.80400417,  0.53735017,\n        -0.89825924]]), array([0.48666566, 0.51687857, 0.52066271, 0.52143986, 0.52204696,\n       0.52706339, 0.53450381]))", "callback": [0.7646732374891205, 0.6702984642716352, 0.6352415106767246, 0.6210558876719856, 0.5963999425158222, 0.5640335169833061, 0.5594327031024894, 0.5573312766574525, 0.5473264367408368]}, "3": {"maxiter": 100, "fatol": 1e-10, "xatol": 1e-10, "duration": 0.03533196449279785, "fun": "0.4866656637395004", "nit": "100", "nfev": "154", "status": "2", "success": "False", "message": "Maximum number of iterations has been exceeded.", "x": "[ 4.51215138  2.85131099  2.20947213  4.93883182  0.17030515 -0.93407861]", "final_simplex": "(array([[ 4.51215138,  2.85131099,  2.20947213,  4.93883182,  0.17030515,\n        -0.93407861],\n       [ 4.26420225,  2.77285893,  1.90111532,  4.86895498,  0.49327139,\n        -0.94005129],\n       [ 4.21958465,  2.83509577,  2.08953785,  4.89729175,  0.42497667,\n        -1.16903183],\n       [ 4.31508737,  3.04037477,  2.07612363,  4.72681418,  0.26550205,\n        -1.13798198],\n       [ 4.26236615,  2.89733048,  1.90307623,  4.92428499,  0.39124239,\n        -1.09846615],\n       [ 4.3732993 ,  2.83238171,  1.69376775,  4.82740011,  0.57939919,\n        -0.90842839],\n       [ 4.10699114,  2.83461792,  1.73944849,  4.80400417,  0.53735017,\n        -0.89825924]]), array([0.48666566, 0.51687857, 0.52066271, 0.52143986, 0.52204696,\n       0.52706339, 0.53450381]))", "callback": [0.7646732374891205, 0.6702984642716352, 0.6352415106767246, 0.6210558876719856, 0.5963999425158222, 0.5640335169833061, 0.5594327031024894, 0.5573312766574525, 0.5473264367408368]}, "4": {"maxiter": 500, "fatol": 1e-05, "xatol": 1e-05, "duration": 0.1420130729675293, "fun": "0.4264414223841535", "nit": "413", "nfev": "634", "status": "0", "success": "True", "message": "Optimization terminated successfully.", "x": "[ 5.14895967  3.56246923  2.46535606  5.60469646  0.01020896 -1.05767473]", "final_simplex": "(array([[ 5.14895967,  3.56246923,  2.46535606,  5.60469646,  0.01020896,\n        -1.05767473],\n       [ 5.14895894,  3.56246486,  2.46535825,  5.60469175,  0.01020359,\n        -1.05767228],\n       [ 5.14896569,  3.56247019,  2.46535675,  5.60469641,  0.01020637,\n        -1.05767761],\n       [ 5.14896571,  3.5624703 ,  2.46535666,  5.60469983,  0.01020596,\n        -1.05767903],\n       [ 5.14896338,  3.56246739,  2.46535966,  5.6046989 ,  0.01020667,\n        -1.05767831],\n       [ 5.14895974,  3.56246547,  2.46535594,  5.60469374,  0.01020888,\n        -1.0576814 ],\n       [ 5.14895779,  3.5624608 ,  2.46535496,  5.60469158,  0.01021759,\n        -1.05767917]]), array([0.42644142, 0.42644142, 0.42644142, 0.42644142, 0.42644142,\n       0.42644142, 0.42644142]))", "callback": [0.7646732374891205, 0.6702984642716352, 0.6352415106767246, 0.6210558876719856, 0.5963999425158222, 0.5640335169833061, 0.5594327031024894, 0.5573312766574525, 0.5473264367408368, 0.4866656637395004, 0.47338813905545585, 0.47112162935532964, 0.4701837486319246, 0.46926032789293637, 0.46729322616014435, 0.4619225337771232, 0.43849856504805385, 0.4349857906410818, 0.4338704414728415, 0.43097443053471707, 0.43013844867116235, 0.42886029532194714, 0.4277757651643245, 0.4268909326684126, 0.42655588419385093, 0.42647567394206654, 0.4264480412836755, 0.4264432181405031, 0.4264419318682813, 0.4264415249404464, 0.4264414632479423, 0.4264414401643023, 0.4264414310162501, 0.4264414268332277, 0.42644142488028747, 0.426441423716055, 0.42644142271464225, 0.4264414224636981, 0.4264414224324633, 0.4264414223907742, 0.4264414223841535]}, "5": {"maxiter": 500, "fatol": 1e-05, "xatol": 1e-10, "duration": 0.1717820167541504, "fun": "0.42644142238256566", "nit": "500", "nfev": "768", "status": "2", "success": "False", "message": "Maximum number of iterations has been exceeded.", "x": "[ 5.14895835  3.56246973  2.46535402  5.60469387  0.01021266 -1.05767715]", "final_simplex": "(array([[ 5.14895835,  3.56246973,  2.46535402,  5.60469387,  0.01021266,\n        -1.05767715],\n       [ 5.14895831,  3.5624698 ,  2.46535393,  5.60469383,  0.0102126 ,\n        -1.05767707],\n       [ 5.14895847,  3.56246985,  2.46535395,  5.60469382,  0.01021261,\n        -1.05767715],\n       [ 5.1489584 ,  3.56246985,  2.46535384,  5.60469394,  0.01021288,\n        -1.0576773 ],\n       [ 5.14895837,  3.56246988,  2.46535393,  5.60469388,  0.01021276,\n        -1.05767717],\n       [ 5.1489584 ,  3.56246974,  2.46535397,  5.60469387,  0.01021263,\n        -1.05767704],\n       [ 5.14895832,  3.56246972,  2.46535399,  5.60469372,  0.01021283,\n        -1.05767707]]), array([0.42644142, 0.42644142, 0.42644142, 0.42644142, 0.42644142,\n       0.42644142, 0.42644142]))", "callback": [0.7646732374891205, 0.6702984642716352, 0.6352415106767246, 0.6210558876719856, 0.5963999425158222, 0.5640335169833061, 0.5594327031024894, 0.5573312766574525, 0.5473264367408368, 0.4866656637395004, 0.47338813905545585, 0.47112162935532964, 0.4701837486319246, 0.46926032789293637, 0.46729322616014435, 0.4619225337771232, 0.43849856504805385, 0.4349857906410818, 0.4338704414728415, 0.43097443053471707, 0.43013844867116235, 0.42886029532194714, 0.4277757651643245, 0.4268909326684126, 0.42655588419385093, 0.42647567394206654, 0.4264480412836755, 0.4264432181405031, 0.4264419318682813, 0.4264415249404464, 0.4264414632479423, 0.4264414401643023, 0.4264414310162501, 0.4264414268332277, 0.42644142488028747, 0.426441423716055, 0.42644142271464225, 0.4264414224636981, 0.4264414224324633, 0.4264414223907742, 0.4264414223841535, 0.4264414223841535, 0.4264414223833938, 0.4264414223829335, 0.42644142238277916, 0.4264414223826376, 0.4264414223825854, 0.42644142238258265, 0.42644142238256866]}, "6": {"maxiter": 500, "fatol": 1e-10, "xatol": 1e-05, "duration": 0.14248919486999512, "fun": "0.4264414223841535", "nit": "413", "nfev": "634", "status": "0", "success": "True", "message": "Optimization terminated successfully.", "x": "[ 5.14895967  3.56246923  2.46535606  5.60469646  0.01020896 -1.05767473]", "final_simplex": "(array([[ 5.14895967,  3.56246923,  2.46535606,  5.60469646,  0.01020896,\n        -1.05767473],\n       [ 5.14895894,  3.56246486,  2.46535825,  5.60469175,  0.01020359,\n        -1.05767228],\n       [ 5.14896569,  3.56247019,  2.46535675,  5.60469641,  0.01020637,\n        -1.05767761],\n       [ 5.14896571,  3.5624703 ,  2.46535666,  5.60469983,  0.01020596,\n        -1.05767903],\n       [ 5.14896338,  3.56246739,  2.46535966,  5.6046989 ,  0.01020667,\n        -1.05767831],\n       [ 5.14895974,  3.56246547,  2.46535594,  5.60469374,  0.01020888,\n        -1.0576814 ],\n       [ 5.14895779,  3.5624608 ,  2.46535496,  5.60469158,  0.01021759,\n        -1.05767917]]), array([0.42644142, 0.42644142, 0.42644142, 0.42644142, 0.42644142,\n       0.42644142, 0.42644142]))", "callback": [0.7646732374891205, 0.6702984642716352, 0.6352415106767246, 0.6210558876719856, 0.5963999425158222, 0.5640335169833061, 0.5594327031024894, 0.5573312766574525, 0.5473264367408368, 0.4866656637395004, 0.47338813905545585, 0.47112162935532964, 0.4701837486319246, 0.46926032789293637, 0.46729322616014435, 0.4619225337771232, 0.43849856504805385, 0.4349857906410818, 0.4338704414728415, 0.43097443053471707, 0.43013844867116235, 0.42886029532194714, 0.4277757651643245, 0.4268909326684126, 0.42655588419385093, 0.42647567394206654, 0.4264480412836755, 0.4264432181405031, 0.4264419318682813, 0.4264415249404464, 0.4264414632479423, 0.4264414401643023, 0.4264414310162501, 0.4264414268332277, 0.42644142488028747, 0.426441423716055, 0.42644142271464225, 0.4264414224636981, 0.4264414224324633, 0.4264414223907742, 0.4264414223841535]}, "7": {"maxiter": 500, "fatol": 1e-10, "xatol": 1e-10, "duration": 0.1934521198272705, "fun": "0.42644142238256566", "nit": "500", "nfev": "768", "status": "2", "success": "False", "message": "Maximum number of iterations has been exceeded.", "x": "[ 5.14895835  3.56246973  2.46535402  5.60469387  0.01021266 -1.05767715]", "final_simplex": "(array([[ 5.14895835,  3.56246973,  2.46535402,  5.60469387,  0.01021266,\n        -1.05767715],\n       [ 5.14895831,  3.5624698 ,  2.46535393,  5.60469383,  0.0102126 ,\n        -1.05767707],\n       [ 5.14895847,  3.56246985,  2.46535395,  5.60469382,  0.01021261,\n        -1.05767715],\n       [ 5.1489584 ,  3.56246985,  2.46535384,  5.60469394,  0.01021288,\n        -1.0576773 ],\n       [ 5.14895837,  3.56246988,  2.46535393,  5.60469388,  0.01021276,\n        -1.05767717],\n       [ 5.1489584 ,  3.56246974,  2.46535397,  5.60469387,  0.01021263,\n        -1.05767704],\n       [ 5.14895832,  3.56246972,  2.46535399,  5.60469372,  0.01021283,\n        -1.05767707]]), array([0.42644142, 0.42644142, 0.42644142, 0.42644142, 0.42644142,\n       0.42644142, 0.42644142]))", "callback": [0.7646732374891205, 0.6702984642716352, 0.6352415106767246, 0.6210558876719856, 0.5963999425158222, 0.5640335169833061, 0.5594327031024894, 0.5573312766574525, 0.5473264367408368, 0.4866656637395004, 0.47338813905545585, 0.47112162935532964, 0.4701837486319246, 0.46926032789293637, 0.46729322616014435, 0.4619225337771232, 0.43849856504805385, 0.4349857906410818, 0.4338704414728415, 0.43097443053471707, 0.43013844867116235, 0.42886029532194714, 0.4277757651643245, 0.4268909326684126, 0.42655588419385093, 0.42647567394206654, 0.4264480412836755, 0.4264432181405031, 0.4264419318682813, 0.4264415249404464, 0.4264414632479423, 0.4264414401643023, 0.4264414310162501, 0.4264414268332277, 0.42644142488028747, 0.426441423716055, 0.42644142271464225, 0.4264414224636981, 0.4264414224324633, 0.4264414223907742, 0.4264414223841535, 0.4264414223841535, 0.4264414223833938, 0.4264414223829335, 0.42644142238277916, 0.4264414223826376, 0.4264414223825854, 0.42644142238258265, 0.42644142238256866]}, "8": {"maxiter": 1000, "fatol": 1e-05, "xatol": 1e-05, "duration": 0.14468717575073242, "fun": "0.4264414223841535", "nit": "413", "nfev": "634", "status": "0", "success": "True", "message": "Optimization terminated successfully.", "x": "[ 5.14895967  3.56246923  2.46535606  5.60469646  0.01020896 -1.05767473]", "final_simplex": "(array([[ 5.14895967,  3.56246923,  2.46535606,  5.60469646,  0.01020896,\n        -1.05767473],\n       [ 5.14895894,  3.56246486,  2.46535825,  5.60469175,  0.01020359,\n        -1.05767228],\n       [ 5.14896569,  3.56247019,  2.46535675,  5.60469641,  0.01020637,\n        -1.05767761],\n       [ 5.14896571,  3.5624703 ,  2.46535666,  5.60469983,  0.01020596,\n        -1.05767903],\n       [ 5.14896338,  3.56246739,  2.46535966,  5.6046989 ,  0.01020667,\n        -1.05767831],\n       [ 5.14895974,  3.56246547,  2.46535594,  5.60469374,  0.01020888,\n        -1.0576814 ],\n       [ 5.14895779,  3.5624608 ,  2.46535496,  5.60469158,  0.01021759,\n        -1.05767917]]), array([0.42644142, 0.42644142, 0.42644142, 0.42644142, 0.42644142,\n       0.42644142, 0.42644142]))", "callback": [0.7646732374891205, 0.6702984642716352, 0.6352415106767246, 0.6210558876719856, 0.5963999425158222, 0.5640335169833061, 0.5594327031024894, 0.5573312766574525, 0.5473264367408368, 0.4866656637395004, 0.47338813905545585, 0.47112162935532964, 0.4701837486319246, 0.46926032789293637, 0.46729322616014435, 0.4619225337771232, 0.43849856504805385, 0.4349857906410818, 0.4338704414728415, 0.43097443053471707, 0.43013844867116235, 0.42886029532194714, 0.4277757651643245, 0.4268909326684126, 0.42655588419385093, 0.42647567394206654, 0.4264480412836755, 0.4264432181405031, 0.4264419318682813, 0.4264415249404464, 0.4264414632479423, 0.4264414401643023, 0.4264414310162501, 0.4264414268332277, 0.42644142488028747, 0.426441423716055, 0.42644142271464225, 0.4264414224636981, 0.4264414224324633, 0.4264414223907742, 0.4264414223841535]}, "9": {"maxiter": 1000, "fatol": 1e-05, "xatol": 1e-10, "duration": 0.21541500091552734, "fun": "0.4264414223825641", "nit": "556", "nfev": "916", "status": "0", "success": "True", "message": "Optimization terminated successfully.", "x": "[ 5.14895837  3.56246975  2.46535394  5.6046938   0.01021272 -1.0576772 ]", "final_simplex": "(array([[ 5.14895837,  3.56246975,  2.46535394,  5.6046938 ,  0.01021272,\n        -1.0576772 ],\n       [ 5.14895837,  3.56246975,  2.46535394,  5.6046938 ,  0.01021272,\n        -1.0576772 ],\n       [ 5.14895837,  3.56246975,  2.46535394,  5.6046938 ,  0.01021272,\n        -1.0576772 ],\n       [ 5.14895837,  3.56246975,  2.46535394,  5.6046938 ,  0.01021272,\n        -1.0576772 ],\n       [ 5.14895837,  3.56246975,  2.46535394,  5.6046938 ,  0.01021272,\n        -1.0576772 ],\n       [ 5.14895837,  3.56246975,  2.46535394,  5.6046938 ,  0.01021272,\n        -1.0576772 ],\n       [ 5.14895837,  3.56246975,  2.46535394,  5.6046938 ,  0.01021272,\n        -1.0576772 ]]), array([0.42644142, 0.42644142, 0.42644142, 0.42644142, 0.42644142,\n       0.42644142, 0.42644142]))", "callback": [0.7646732374891205, 0.6702984642716352, 0.6352415106767246, 0.6210558876719856, 0.5963999425158222, 0.5640335169833061, 0.5594327031024894, 0.5573312766574525, 0.5473264367408368, 0.4866656637395004, 0.47338813905545585, 0.47112162935532964, 0.4701837486319246, 0.46926032789293637, 0.46729322616014435, 0.4619225337771232, 0.43849856504805385, 0.4349857906410818, 0.4338704414728415, 0.43097443053471707, 0.43013844867116235, 0.42886029532194714, 0.4277757651643245, 0.4268909326684126, 0.42655588419385093, 0.42647567394206654, 0.4264480412836755, 0.4264432181405031, 0.4264419318682813, 0.4264415249404464, 0.4264414632479423, 0.4264414401643023, 0.4264414310162501, 0.4264414268332277, 0.42644142488028747, 0.426441423716055, 0.42644142271464225, 0.4264414224636981, 0.4264414224324633, 0.4264414223907742, 0.4264414223841535, 0.4264414223841535, 0.4264414223833938, 0.4264414223829335, 0.42644142238277916, 0.4264414223826376, 0.4264414223825854, 0.42644142238258265, 0.42644142238256866, 0.42644142238256566, 0.42644142238256433, 0.42644142238256433, 0.4264414223825641, 0.4264414223825641, 0.4264414223825641]}, "10": {"maxiter": 1000, "fatol": 1e-10, "xatol": 1e-05, "duration": 0.19540882110595703, "fun": "0.4264414223841535", "nit": "413", "nfev": "634", "status": "0", "success": "True", "message": "Optimization terminated successfully.", "x": "[ 5.14895967  3.56246923  2.46535606  5.60469646  0.01020896 -1.05767473]", "final_simplex": "(array([[ 5.14895967,  3.56246923,  2.46535606,  5.60469646,  0.01020896,\n        -1.05767473],\n       [ 5.14895894,  3.56246486,  2.46535825,  5.60469175,  0.01020359,\n        -1.05767228],\n       [ 5.14896569,  3.56247019,  2.46535675,  5.60469641,  0.01020637,\n        -1.05767761],\n       [ 5.14896571,  3.5624703 ,  2.46535666,  5.60469983,  0.01020596,\n        -1.05767903],\n       [ 5.14896338,  3.56246739,  2.46535966,  5.6046989 ,  0.01020667,\n        -1.05767831],\n       [ 5.14895974,  3.56246547,  2.46535594,  5.60469374,  0.01020888,\n        -1.0576814 ],\n       [ 5.14895779,  3.5624608 ,  2.46535496,  5.60469158,  0.01021759,\n        -1.05767917]]), array([0.42644142, 0.42644142, 0.42644142, 0.42644142, 0.42644142,\n       0.42644142, 0.42644142]))", "callback": [0.7646732374891205, 0.6702984642716352, 0.6352415106767246, 0.6210558876719856, 0.5963999425158222, 0.5640335169833061, 0.5594327031024894, 0.5573312766574525, 0.5473264367408368, 0.4866656637395004, 0.47338813905545585, 0.47112162935532964, 0.4701837486319246, 0.46926032789293637, 0.46729322616014435, 0.4619225337771232, 0.43849856504805385, 0.4349857906410818, 0.4338704414728415, 0.43097443053471707, 0.43013844867116235, 0.42886029532194714, 0.4277757651643245, 0.4268909326684126, 0.42655588419385093, 0.42647567394206654, 0.4264480412836755, 0.4264432181405031, 0.4264419318682813, 0.4264415249404464, 0.4264414632479423, 0.4264414401643023, 0.4264414310162501, 0.4264414268332277, 0.42644142488028747, 0.426441423716055, 0.42644142271464225, 0.4264414224636981, 0.4264414224324633, 0.4264414223907742, 0.4264414223841535]}, "11": {"maxiter": 1000, "fatol": 1e-10, "xatol": 1e-10, "duration": 0.21878409385681152, "fun": "0.4264414223825641", "nit": "556", "nfev": "916", "status": "0", "success": "True", "message": "Optimization terminated successfully.", "x": "[ 5.14895837  3.56246975  2.46535394  5.6046938   0.01021272 -1.0576772 ]", "final_simplex": "(array([[ 5.14895837,  3.56246975,  2.46535394,  5.6046938 ,  0.01021272,\n        -1.0576772 ],\n       [ 5.14895837,  3.56246975,  2.46535394,  5.6046938 ,  0.01021272,\n        -1.0576772 ],\n       [ 5.14895837,  3.56246975,  2.46535394,  5.6046938 ,  0.01021272,\n        -1.0576772 ],\n       [ 5.14895837,  3.56246975,  2.46535394,  5.6046938 ,  0.01021272,\n        -1.0576772 ],\n       [ 5.14895837,  3.56246975,  2.46535394,  5.6046938 ,  0.01021272,\n        -1.0576772 ],\n       [ 5.14895837,  3.56246975,  2.46535394,  5.6046938 ,  0.01021272,\n        -1.0576772 ],\n       [ 5.14895837,  3.56246975,  2.46535394,  5.6046938 ,  0.01021272,\n        -1.0576772 ]]), array([0.42644142, 0.42644142, 0.42644142, 0.42644142, 0.42644142,\n       0.42644142, 0.42644142]))", "callback": [0.7646732374891205, 0.6702984642716352, 0.6352415106767246, 0.6210558876719856, 0.5963999425158222, 0.5640335169833061, 0.5594327031024894, 0.5573312766574525, 0.5473264367408368, 0.4866656637395004, 0.47338813905545585, 0.47112162935532964, 0.4701837486319246, 0.46926032789293637, 0.46729322616014435, 0.4619225337771232, 0.43849856504805385, 0.4349857906410818, 0.4338704414728415, 0.43097443053471707, 0.43013844867116235, 0.42886029532194714, 0.4277757651643245, 0.4268909326684126, 0.42655588419385093, 0.42647567394206654, 0.4264480412836755, 0.4264432181405031, 0.4264419318682813, 0.4264415249404464, 0.4264414632479423, 0.4264414401643023, 0.4264414310162501, 0.4264414268332277, 0.42644142488028747, 0.426441423716055, 0.42644142271464225, 0.4264414224636981, 0.4264414224324633, 0.4264414223907742, 0.4264414223841535, 0.4264414223841535, 0.4264414223833938, 0.4264414223829335, 0.42644142238277916, 0.4264414223826376, 0.4264414223825854, 0.42644142238258265, 0.42644142238256866, 0.42644142238256566, 0.42644142238256433, 0.42644142238256433, 0.4264414223825641, 0.4264414223825641, 0.4264414223825641]}}, "bfgs": {"type": "gradient", "0": {"maxiter": 100, "gtol": 1e-05, "xrtol": 1e-05, "eps": 1e-05, "duration": 0.0533599853515625, "fun": "0.3301339863741848", "jac": "[-4.26639835e-06  2.84318125e-06  5.26898525e-06  6.18377571e-06\n  4.06031875e-06 -6.07003336e-07]", "hess_inv": "[[ 6.59077494  1.00135679  0.8684361   0.18748271  0.8243959   2.29776408]\n [ 1.00135679  6.37919814  3.42309505 -2.02165198  0.36020925  1.10484285]\n [ 0.8684361   3.42309505  4.896204   -1.41385857  0.21304079  0.82979146]\n [ 0.18748271 -2.02165198 -1.41385857  4.62361314 -0.3511416   0.04883447]\n [ 0.8243959   0.36020925  0.21304079 -0.3511416   3.75269517 -0.36857891]\n [ 2.29776408  1.10484285  0.82979146  0.04883447 -0.36857891  5.08978283]]", "nfev": "224", "njev": "32", "status": "0", "success": "True", "message": "Optimization terminated successfully.", "x": "[ 4.10732696 -0.79279645  0.91518674  5.05191141  1.74117004  1.87626421]", "nit": "26", "callback": [0.3829238526405552, 0.33023962266223306]}, "1": {"maxiter": 100, "gtol": 1e-05, "xrtol": 1e-05, "eps": 1e-10, "duration": 0.05283927917480469, "fun": "0.3301339864349764", "jac": "[-4.44089173e-06  2.22044587e-06  2.22044587e-06  5.55111466e-06\n  2.22044587e-06  1.11022293e-06]", "hess_inv": "[[ 6.53152429  0.98474262  0.8608282   0.14623986  0.82231589  2.26034649]\n [ 0.98474262  6.41382737  3.42540109 -2.08722955  0.37314078  1.07662453]\n [ 0.8608282   3.42540109  4.87985993 -1.43114087  0.20504699  0.82454492]\n [ 0.14623986 -2.08722955 -1.43114087  4.63595124 -0.36647598  0.04162234]\n [ 0.82231589  0.37314078  0.20504699 -0.36647598  3.75776488 -0.40020218]\n [ 2.26034649  1.07662453  0.82454492  0.04162234 -0.40020218  5.14415674]]", "nfev": "224", "njev": "32", "status": "0", "success": "True", "message": "Optimization terminated successfully.", "x": "[ 4.10734842 -0.79278179  0.91520203  5.0519165   1.74117832  1.87628515]", "nit": "26", "callback": [0.3829145789596011, 0.3302406409591675]}, "2": {"maxiter": 100, "gtol": 1e-05, "xrtol": 1e-10, "eps": 1e-05, "duration": 0.05287599563598633, "fun": "0.3301339863741848", "jac": "[-4.26639835e-06  2.84318125e-06  5.26898525e-06  6.18377571e-06\n  4.06031875e-06 -6.07003336e-07]", "hess_inv": "[[ 6.59077494  1.00135679  0.8684361   0.18748271  0.8243959   2.29776408]\n [ 1.00135679  6.37919814  3.42309505 -2.02165198  0.36020925  1.10484285]\n [ 0.8684361   3.42309505  4.896204   -1.41385857  0.21304079  0.82979146]\n [ 0.18748271 -2.02165198 -1.41385857  4.62361314 -0.3511416   0.04883447]\n [ 0.8243959   0.36020925  0.21304079 -0.3511416   3.75269517 -0.36857891]\n [ 2.29776408  1.10484285  0.82979146  0.04883447 -0.36857891  5.08978283]]", "nfev": "224", "njev": "32", "status": "0", "success": "True", "message": "Optimization terminated successfully.", "x": "[ 4.10732696 -0.79279645  0.91518674  5.05191141  1.74117004  1.87626421]", "nit": "26", "callback": [0.3829238526405552, 0.33023962266223306]}, "3": {"maxiter": 100, "gtol": 1e-05, "xrtol": 1e-10, "eps": 1e-10, "duration": 0.0538630485534668, "fun": "0.3301339864349764", "jac": "[-4.44089173e-06  2.22044587e-06  2.22044587e-06  5.55111466e-06\n  2.22044587e-06  1.11022293e-06]", "hess_inv": "[[ 6.53152429  0.98474262  0.8608282   0.14623986  0.82231589  2.26034649]\n [ 0.98474262  6.41382737  3.42540109 -2.08722955  0.37314078  1.07662453]\n [ 0.8608282   3.42540109  4.87985993 -1.43114087  0.20504699  0.82454492]\n [ 0.14623986 -2.08722955 -1.43114087  4.63595124 -0.36647598  0.04162234]\n [ 0.82231589  0.37314078  0.20504699 -0.36647598  3.75776488 -0.40020218]\n [ 2.26034649  1.07662453  0.82454492  0.04162234 -0.40020218  5.14415674]]", "nfev": "224", "njev": "32", "status": "0", "success": "True", "message": "Optimization terminated successfully.", "x": "[ 4.10734842 -0.79278179  0.91520203  5.0519165   1.74117832  1.87628515]", "nit": "26", "callback": [0.3829145789596011, 0.3302406409591675]}, "4": {"maxiter": 100, "gtol": 1e-10, "xrtol": 1e-05, "eps": 1e-05, "duration": 0.05414080619812012, "fun": "0.33013398621778345", "jac": "[-5.98354699e-07 -6.35280717e-07  5.98632255e-07  2.82052159e-07\n  3.63153951e-07 -2.10409468e-07]", "hess_inv": "[[ 6.38398121  0.86028684  0.86260111  0.10975914  0.69957754  2.46345704]\n [ 0.86028684  6.68706036  3.71966983 -1.82675053  0.55794709  0.95845876]\n [ 0.86260111  3.71966983  5.11958343 -1.23165412  0.41992111  0.64152079]\n [ 0.10975914 -1.82675053 -1.23165412  4.74650692 -0.22449759 -0.04804738]\n [ 0.69957754  0.55794709  0.41992111 -0.22449759  3.87538924 -0.45017144]\n [ 2.46345704  0.95845876  0.64152079 -0.04804738 -0.45017144  5.12355776]]", "nfev": "231", "njev": "33", "status": "0", "success": "True", "message": "Optimization terminated successfully.", "x": "[ 4.10734518 -0.79282178  0.91515917  5.05189509  1.74115461  1.87627385]", "nit": "27", "callback": [0.3829238526405552, 0.33023962266223306]}, "5": {"maxiter": 100, "gtol": 1e-10, "xrtol": 1e-05, "eps": 1e-10, "duration": 0.05519604682922363, "fun": "0.3301339862355225", "jac": "[2.22044587e-06 3.33066880e-06 4.44089173e-06 1.11022293e-06\n 1.11022293e-06 0.00000000e+00]", "hess_inv": "[[ 6.33848976  0.80371333  0.78376886  0.11439529  0.67084554  2.44109517]\n [ 0.80371333  6.52469974  3.5222337  -1.90732537  0.43276947  1.04166389]\n [ 0.78376886  3.5222337   4.95098752 -1.31745885  0.26610015  0.77349892]\n [ 0.11439529 -1.90732537 -1.31745885  4.7874904  -0.24071782 -0.08139078]\n [ 0.67084554  0.43276947  0.26610015 -0.24071782  3.7838417  -0.40530943]\n [ 2.44109517  1.04166389  0.77349892 -0.08139078 -0.40530943  5.12388138]]", "nfev": "231", "njev": "33", "status": "0", "success": "True", "message": "Optimization terminated successfully.", "x": "[ 4.10736821 -0.79279206  0.91519256  5.05189822  1.74117313  1.87628762]", "nit": "27", "callback": [0.3829145789596011, 0.3302406409591675]}, "6": {"maxiter": 100, "gtol": 1e-10, "xrtol": 1e-10, "eps": 1e-05, "duration": 0.08629179000854492, "fun": "0.33013398620613177", "jac": "[-5.80979709e-08  1.27675648e-08  8.04911693e-09 -3.58379992e-08\n -4.74065232e-09  9.81548176e-08]", "hess_inv": "[[ 6.95536355e+00  7.66523584e-01  5.59612137e-01 -6.00502841e-03\n   5.60733105e-01  2.52275913e+00]\n [ 7.66523584e-01  6.12860297e+00  3.39780241e+00 -1.75096401e+00\n   5.28999853e-01  6.45722287e-01]\n [ 5.59612137e-01  3.39780241e+00  5.03792605e+00 -1.14084695e+00\n   4.55591259e-01  4.23552604e-01]\n [-6.00502841e-03 -1.75096401e+00 -1.14084695e+00  4.73264917e+00\n  -2.10457587e-01  1.16722727e-02]\n [ 5.60733105e-01  5.28999853e-01  4.55591259e-01 -2.10457587e-01\n   3.89282050e+00 -4.66591918e-01]\n [ 2.52275913e+00  6.45722287e-01  4.23552604e-01  1.16722727e-02\n  -4.66591918e-01  4.91472276e+00]]", "nfev": "369", "njev": "51", "status": "2", "success": "False", "message": "Desired error not necessarily achieved due to precision loss.", "x": "[ 4.10734968 -0.79281884  0.91515903  5.0518932   1.74115347  1.87627707]", "nit": "28", "callback": [0.3829238526405552, 0.33023962266223306]}, "7": {"maxiter": 100, "gtol": 1e-10, "xrtol": 1e-10, "eps": 1e-10, "duration": 0.08061790466308594, "fun": "0.3301339861721534", "jac": "[ 0.00000000e+00  0.00000000e+00 -1.11022293e-06 -1.11022293e-06\n  0.00000000e+00 -1.11022293e-06]", "hess_inv": "[[ 6.37344871 -4.28877851 -0.84648609  2.49139995  3.41548441  0.16113519]\n [-4.28877851  4.51879137  1.71702144 -1.76911781 -1.71179098 -0.71256208]\n [-0.84648609  1.71702144  3.73042777 -0.28762334  0.22502768 -1.41433101]\n [ 2.49139995 -1.76911781 -0.28762334  4.47772834  0.71198561 -0.82184101]\n [ 3.41548441 -1.71179098  0.22502768  0.71198561  6.42227464 -1.43236181]\n [ 0.16113519 -0.71256208 -1.41433101 -0.82184101 -1.43236181  1.42857501]]", "nfev": "350", "njev": "50", "status": "0", "success": "True", "message": "Optimization terminated successfully.", "x": "[ 4.10736825 -0.79280254  0.91517407  5.05189502  1.74116109  1.87629063]", "nit": "33", "callback": [0.3829145789596011, 0.3302406409591675, 0.3301339861748116]}, "8": {"maxiter": 500, "gtol": 1e-05, "xrtol": 1e-05, "eps": 1e-05, "duration": 0.05112600326538086, "fun": "0.3301339863741848", "jac": "[-4.26639835e-06  2.84318125e-06  5.26898525e-06  6.18377571e-06\n  4.06031875e-06 -6.07003336e-07]", "hess_inv": "[[ 6.59077494  1.00135679  0.8684361   0.18748271  0.8243959   2.29776408]\n [ 1.00135679  6.37919814  3.42309505 -2.02165198  0.36020925  1.10484285]\n [ 0.8684361   3.42309505  4.896204   -1.41385857  0.21304079  0.82979146]\n [ 0.18748271 -2.02165198 -1.41385857  4.62361314 -0.3511416   0.04883447]\n [ 0.8243959   0.36020925  0.21304079 -0.3511416   3.75269517 -0.36857891]\n [ 2.29776408  1.10484285  0.82979146  0.04883447 -0.36857891  5.08978283]]", "nfev": "224", "njev": "32", "status": "0", "success": "True", "message": "Optimization terminated successfully.", "x": "[ 4.10732696 -0.79279645  0.91518674  5.05191141  1.74117004  1.87626421]", "nit": "26", "callback": [0.3829238526405552, 0.33023962266223306]}, "9": {"maxiter": 500, "gtol": 1e-05, "xrtol": 1e-05, "eps": 1e-10, "duration": 0.05094408988952637, "fun": "0.3301339864349764", "jac": "[-4.44089173e-06  2.22044587e-06  2.22044587e-06  5.55111466e-06\n  2.22044587e-06  1.11022293e-06]", "hess_inv": "[[ 6.53152429  0.98474262  0.8608282   0.14623986  0.82231589  2.26034649]\n [ 0.98474262  6.41382737  3.42540109 -2.08722955  0.37314078  1.07662453]\n [ 0.8608282   3.42540109  4.87985993 -1.43114087  0.20504699  0.82454492]\n [ 0.14623986 -2.08722955 -1.43114087  4.63595124 -0.36647598  0.04162234]\n [ 0.82231589  0.37314078  0.20504699 -0.36647598  3.75776488 -0.40020218]\n [ 2.26034649  1.07662453  0.82454492  0.04162234 -0.40020218  5.14415674]]", "nfev": "224", "njev": "32", "status": "0", "success": "True", "message": "Optimization terminated successfully.", "x": "[ 4.10734842 -0.79278179  0.91520203  5.0519165   1.74117832  1.87628515]", "nit": "26", "callback": [0.3829145789596011, 0.3302406409591675]}, "10": {"maxiter": 500, "gtol": 1e-05, "xrtol": 1e-10, "eps": 1e-05, "duration": 0.050920963287353516, "fun": "0.3301339863741848", "jac": "[-4.26639835e-06  2.84318125e-06  5.26898525e-06  6.18377571e-06\n  4.06031875e-06 -6.07003336e-07]", "hess_inv": "[[ 6.59077494  1.00135679  0.8684361   0.18748271  0.8243959   2.29776408]\n [ 1.00135679  6.37919814  3.42309505 -2.02165198  0.36020925  1.10484285]\n [ 0.8684361   3.42309505  4.896204   -1.41385857  0.21304079  0.82979146]\n [ 0.18748271 -2.02165198 -1.41385857  4.62361314 -0.3511416   0.04883447]\n [ 0.8243959   0.36020925  0.21304079 -0.3511416   3.75269517 -0.36857891]\n [ 2.29776408  1.10484285  0.82979146  0.04883447 -0.36857891  5.08978283]]", "nfev": "224", "njev": "32", "status": "0", "success": "True", "message": "Optimization terminated successfully.", "x": "[ 4.10732696 -0.79279645  0.91518674  5.05191141  1.74117004  1.87626421]", "nit": "26", "callback": [0.3829238526405552, 0.33023962266223306]}, "11": {"maxiter": 500, "gtol": 1e-05, "xrtol": 1e-10, "eps": 1e-10, "duration": 0.05268120765686035, "fun": "0.3301339864349764", "jac": "[-4.44089173e-06  2.22044587e-06  2.22044587e-06  5.55111466e-06\n  2.22044587e-06  1.11022293e-06]", "hess_inv": "[[ 6.53152429  0.98474262  0.8608282   0.14623986  0.82231589  2.26034649]\n [ 0.98474262  6.41382737  3.42540109 -2.08722955  0.37314078  1.07662453]\n [ 0.8608282   3.42540109  4.87985993 -1.43114087  0.20504699  0.82454492]\n [ 0.14623986 -2.08722955 -1.43114087  4.63595124 -0.36647598  0.04162234]\n [ 0.82231589  0.37314078  0.20504699 -0.36647598  3.75776488 -0.40020218]\n [ 2.26034649  1.07662453  0.82454492  0.04162234 -0.40020218  5.14415674]]", "nfev": "224", "njev": "32", "status": "0", "success": "True", "message": "Optimization terminated successfully.", "x": "[ 4.10734842 -0.79278179  0.91520203  5.0519165   1.74117832  1.87628515]", "nit": "26", "callback": [0.3829145789596011, 0.3302406409591675]}, "12": {"maxiter": 500, "gtol": 1e-10, "xrtol": 1e-05, "eps": 1e-05, "duration": 0.054505109786987305, "fun": "0.33013398621778345", "jac": "[-5.98354699e-07 -6.35280717e-07  5.98632255e-07  2.82052159e-07\n  3.63153951e-07 -2.10409468e-07]", "hess_inv": "[[ 6.38398121  0.86028684  0.86260111  0.10975914  0.69957754  2.46345704]\n [ 0.86028684  6.68706036  3.71966983 -1.82675053  0.55794709  0.95845876]\n [ 0.86260111  3.71966983  5.11958343 -1.23165412  0.41992111  0.64152079]\n [ 0.10975914 -1.82675053 -1.23165412  4.74650692 -0.22449759 -0.04804738]\n [ 0.69957754  0.55794709  0.41992111 -0.22449759  3.87538924 -0.45017144]\n [ 2.46345704  0.95845876  0.64152079 -0.04804738 -0.45017144  5.12355776]]", "nfev": "231", "njev": "33", "status": "0", "success": "True", "message": "Optimization terminated successfully.", "x": "[ 4.10734518 -0.79282178  0.91515917  5.05189509  1.74115461  1.87627385]", "nit": "27", "callback": [0.3829238526405552, 0.33023962266223306]}, "13": {"maxiter": 500, "gtol": 1e-10, "xrtol": 1e-05, "eps": 1e-10, "duration": 0.05317497253417969, "fun": "0.3301339862355225", "jac": "[2.22044587e-06 3.33066880e-06 4.44089173e-06 1.11022293e-06\n 1.11022293e-06 0.00000000e+00]", "hess_inv": "[[ 6.33848976  0.80371333  0.78376886  0.11439529  0.67084554  2.44109517]\n [ 0.80371333  6.52469974  3.5222337  -1.90732537  0.43276947  1.04166389]\n [ 0.78376886  3.5222337   4.95098752 -1.31745885  0.26610015  0.77349892]\n [ 0.11439529 -1.90732537 -1.31745885  4.7874904  -0.24071782 -0.08139078]\n [ 0.67084554  0.43276947  0.26610015 -0.24071782  3.7838417  -0.40530943]\n [ 2.44109517  1.04166389  0.77349892 -0.08139078 -0.40530943  5.12388138]]", "nfev": "231", "njev": "33", "status": "0", "success": "True", "message": "Optimization terminated successfully.", "x": "[ 4.10736821 -0.79279206  0.91519256  5.05189822  1.74117313  1.87628762]", "nit": "27", "callback": [0.3829145789596011, 0.3302406409591675]}, "14": {"maxiter": 500, "gtol": 1e-10, "xrtol": 1e-10, "eps": 1e-05, "duration": 0.08482503890991211, "fun": "0.33013398620613177", "jac": "[-5.80979709e-08  1.27675648e-08  8.04911693e-09 -3.58379992e-08\n -4.74065232e-09  9.81548176e-08]", "hess_inv": "[[ 6.95536355e+00  7.66523584e-01  5.59612137e-01 -6.00502841e-03\n   5.60733105e-01  2.52275913e+00]\n [ 7.66523584e-01  6.12860297e+00  3.39780241e+00 -1.75096401e+00\n   5.28999853e-01  6.45722287e-01]\n [ 5.59612137e-01  3.39780241e+00  5.03792605e+00 -1.14084695e+00\n   4.55591259e-01  4.23552604e-01]\n [-6.00502841e-03 -1.75096401e+00 -1.14084695e+00  4.73264917e+00\n  -2.10457587e-01  1.16722727e-02]\n [ 5.60733105e-01  5.28999853e-01  4.55591259e-01 -2.10457587e-01\n   3.89282050e+00 -4.66591918e-01]\n [ 2.52275913e+00  6.45722287e-01  4.23552604e-01  1.16722727e-02\n  -4.66591918e-01  4.91472276e+00]]", "nfev": "369", "njev": "51", "status": "2", "success": "False", "message": "Desired error not necessarily achieved due to precision loss.", "x": "[ 4.10734968 -0.79281884  0.91515903  5.0518932   1.74115347  1.87627707]", "nit": "28", "callback": [0.3829238526405552, 0.33023962266223306]}, "15": {"maxiter": 500, "gtol": 1e-10, "xrtol": 1e-10, "eps": 1e-10, "duration": 0.08077311515808105, "fun": "0.3301339861721534", "jac": "[ 0.00000000e+00  0.00000000e+00 -1.11022293e-06 -1.11022293e-06\n  0.00000000e+00 -1.11022293e-06]", "hess_inv": "[[ 6.37344871 -4.28877851 -0.84648609  2.49139995  3.41548441  0.16113519]\n [-4.28877851  4.51879137  1.71702144 -1.76911781 -1.71179098 -0.71256208]\n [-0.84648609  1.71702144  3.73042777 -0.28762334  0.22502768 -1.41433101]\n [ 2.49139995 -1.76911781 -0.28762334  4.47772834  0.71198561 -0.82184101]\n [ 3.41548441 -1.71179098  0.22502768  0.71198561  6.42227464 -1.43236181]\n [ 0.16113519 -0.71256208 -1.41433101 -0.82184101 -1.43236181  1.42857501]]", "nfev": "350", "njev": "50", "status": "0", "success": "True", "message": "Optimization terminated successfully.", "x": "[ 4.107368