{"date": "2024/09/23/, 22:45:51", "conf_id": 120, "data_type": "orthogonal\n", "num_data_points": 3, "s_rank": 0, "unitary": "[[-0.45070455-0.02711853j,0.78437395-0.06613086j,0.06358678+0.19963393j,-0.07343613+0.35668523j],[-0.01890143-0.03813363j,0.32408202+0.25557629j,0.05872864-0.68979805j,0.55466693-0.20227297j],[-0.11215405+0.64023111j,-0.13344055+0.29565494j,-0.49012687-0.19046288j,-0.04241254+0.44046348j],[0.55771659+0.24656916j,0.31851997-0.05798805j,0.28761525-0.34294258j,-0.56718418+0.03616933j]]", "databatch_0": {"databatch": "[[[-0.10203271-0.30416389j,0.26695855+0.02718466j,-0.08989618+0.15193351j,0.08421628+0.22183176j],[-0.10805068+0.05152521j,-0.00198511-0.10010489j,0.06033294+0.02643598j,0.07836056-0.04120875j],[-0.44446181+0.08204192j,0.09081616-0.36696316j,0.19410123+0.15549241j,0.3260957-0.0735064j],[-0.19210114+0.1838887j,-0.073845-0.20980991j,0.14567959+0.01378989j,0.13664251-0.1414645j]],[[0.01792504-0.2721438j,0.2011781+0.10754112j,-0.11973657+0.09047531j,-0.00536405+0.20164263j],[0.17199205+0.4714896j,-0.41858778-0.03160198j,0.13437276-0.24127151j,-0.14076548-0.34346457j],[0.14585234-0.16420093j,0.07479849+0.16777852j,-0.12084046-0.00162289j,-0.10303339+0.12557489j],[0.1122331+0.07178333j,-0.0934135+0.06075326j,-0.01050819-0.07255233j,-0.08502337-0.04979925j]],[[-0.26516976-0.05467371j,0.13313615-0.18318679j,0.0726681+0.13005831j,0.19755308+0.03272457j],[-0.30309589+0.09419241j,0.03279019-0.26344006j,0.14828547+0.0922731j,0.22126958-0.0783911j],[-0.09247294-0.07231628j,0.0870028-0.04551302j,0.0031752+0.06451852j,0.07043538+0.05076551j],[0.23857578-0.38406821j,0.21034051+0.31427865j,-0.24573366+0.03890308j,-0.16519025+0.2907501j]]]", "initial param values": "[1.50747005,3.55245309,4.59510779,1.6910291,3.17082868,0.5276907]", "nelder_mead": {"type": "gradient-free", "0": {"maxiter": 100, "fatol": 1e-05, "xatol": 1e-05, "duration": 0.04021406173706055, "fun": "0.24723177677443742", "nit": "100", "nfev": "158", "status": "2", "success": "False", "message": "Maximum number of iterations has been exceeded.", "x": "[ 1.64739608 -0.83622218  1.81244246  1.41927839  4.8029574   0.71923279]", "final_simplex": "(array([[ 1.64739608, -0.83622218,  1.81244246,  1.41927839,  4.8029574 ,\n         0.71923279],\n       [ 1.68309635, -0.91967615,  1.93907363,  1.34993297,  4.79376092,\n         0.71497728],\n       [ 1.73090422, -0.84427067,  1.71151605,  1.2994641 ,  4.73771835,\n         0.72143431],\n       [ 1.70228718, -0.9106645 ,  1.83712049,  1.32064706,  4.86631485,\n         0.70150619],\n       [ 1.73408518, -0.98172025,  1.94542391,  1.38101387,  4.71134267,\n         0.71803482],\n       [ 1.66836744, -0.76915319,  1.9139253 ,  1.44893514,  4.82042759,\n         0.71315236],\n       [ 1.76497462, -0.85491628,  1.87719976,  1.23148497,  4.76239284,\n         0.69014492]]), array([0.24723178, 0.24936334, 0.25389963, 0.25428913, 0.25630326,\n       0.25709943, 0.25758342]))", "callback": [0.714523002669575, 0.4818513001797139, 0.4818513001797139, 0.45327138794367416, 0.43643546502298525, 0.3935042535003106, 0.3426872314479359, 0.26992264163722857, 0.2581403097904308]}, "1": {"maxiter": 100, "fatol": 1e-05, "xatol": 1e-10, "duration": 0.03737187385559082, "fun": "0.24723177677443742", "nit": "100", "nfev": "158", "status": "2", "success": "False", "message": "Maximum number of iterations has been exceeded.", "x": "[ 1.64739608 -0.83622218  1.81244246  1.41927839  4.8029574   0.71923279]", "final_simplex": "(array([[ 1.64739608, -0.83622218,  1.81244246,  1.41927839,  4.8029574 ,\n         0.71923279],\n       [ 1.68309635, -0.91967615,  1.93907363,  1.34993297,  4.79376092,\n         0.71497728],\n       [ 1.73090422, -0.84427067,  1.71151605,  1.2994641 ,  4.73771835,\n         0.72143431],\n       [ 1.70228718, -0.9106645 ,  1.83712049,  1.32064706,  4.86631485,\n         0.70150619],\n       [ 1.73408518, -0.98172025,  1.94542391,  1.38101387,  4.71134267,\n         0.71803482],\n       [ 1.66836744, -0.76915319,  1.9139253 ,  1.44893514,  4.82042759,\n         0.71315236],\n       [ 1.76497462, -0.85491628,  1.87719976,  1.23148497,  4.76239284,\n         0.69014492]]), array([0.24723178, 0.24936334, 0.25389963, 0.25428913, 0.25630326,\n       0.25709943, 0.25758342]))", "callback": [0.714523002669575, 0.4818513001797139, 0.4818513001797139, 0.45327138794367416, 0.43643546502298525, 0.3935042535003106, 0.3426872314479359, 0.26992264163722857, 0.2581403097904308]}, "2": {"maxiter": 100, "fatol": 1e-10, "xatol": 1e-05, "duration": 0.04640507698059082, "fun": "0.24723177677443742", "nit": "100", "nfev": "158", "status": "2", "success": "False", "message": "Maximum number of iterations has been exceeded.", "x": "[ 1.64739608 -0.83622218  1.81244246  1.41927839  4.8029574   0.71923279]", "final_simplex": "(array([[ 1.64739608, -0.83622218,  1.81244246,  1.41927839,  4.8029574 ,\n         0.71923279],\n       [ 1.68309635, -0.91967615,  1.93907363,  1.34993297,  4.79376092,\n         0.71497728],\n       [ 1.73090422, -0.84427067,  1.71151605,  1.2994641 ,  4.73771835,\n         0.72143431],\n       [ 1.70228718, -0.9106645 ,  1.83712049,  1.32064706,  4.86631485,\n         0.70150619],\n       [ 1.73408518, -0.98172025,  1.94542391,  1.38101387,  4.71134267,\n         0.71803482],\n       [ 1.66836744, -0.76915319,  1.9139253 ,  1.44893514,  4.82042759,\n         0.71315236],\n       [ 1.76497462, -0.85491628,  1.87719976,  1.23148497,  4.76239284,\n         0.69014492]]), array([0.24723178, 0.24936334, 0.25389963, 0.25428913, 0.25630326,\n       0.25709943, 0.25758342]))", "callback": [0.714523002669575, 0.4818513001797139, 0.4818513001797139, 0.45327138794367416, 0.43643546502298525, 0.3935042535003106, 0.3426872314479359, 0.26992264163722857, 0.2581403097904308]}, "3": {"maxiter": 100, "fatol": 1e-10, "xatol": 1e-10, "duration": 0.042810916900634766, "fun": "0.24723177677443742", "nit": "100", "nfev": "158", "status": "2", "success": "False", "message": "Maximum number of iterations has been exceeded.", "x": "[ 1.64739608 -0.83622218  1.81244246  1.41927839  4.8029574   0.71923279]", "final_simplex": "(array([[ 1.64739608, -0.83622218,  1.81244246,  1.41927839,  4.8029574 ,\n         0.71923279],\n       [ 1.68309635, -0.91967615,  1.93907363,  1.34993297,  4.79376092,\n         0.71497728],\n       [ 1.73090422, -0.84427067,  1.71151605,  1.2994641 ,  4.73771835,\n         0.72143431],\n       [ 1.70228718, -0.9106645 ,  1.83712049,  1.32064706,  4.86631485,\n         0.70150619],\n       [ 1.73408518, -0.98172025,  1.94542391,  1.38101387,  4.71134267,\n         0.71803482],\n       [ 1.66836744, -0.76915319,  1.9139253 ,  1.44893514,  4.82042759,\n         0.71315236],\n       [ 1.76497462, -0.85491628,  1.87719976,  1.23148497,  4.76239284,\n         0.69014492]]), array([0.24723178, 0.24936334, 0.25389963, 0.25428913, 0.25630326,\n       0.25709943, 0.25758342]))", "callback": [0.714523002669575, 0.4818513001797139, 0.4818513001797139, 0.45327138794367416, 0.43643546502298525, 0.3935042535003106, 0.3426872314479359, 0.26992264163722857, 0.2581403097904308]}, "4": {"maxiter": 500, "fatol": 1e-05, "xatol": 1e-05, "duration": 0.14520597457885742, "fun": "0.1606827769168261", "nit": "365", "nfev": "575", "status": "0", "success": "True", "message": "Optimization terminated successfully.", "x": "[ 1.00107309 -0.74847655  1.63011149  1.31374257  4.78700936  0.35321723]", "final_simplex": "(array([[ 1.00107309, -0.74847655,  1.63011149,  1.31374257,  4.78700936,\n         0.35321723],\n       [ 1.00107155, -0.74846937,  1.63010863,  1.31374359,  4.78701238,\n         0.35321763],\n       [ 1.00106958, -0.74848287,  1.63011418,  1.31375046,  4.78700732,\n         0.35322194],\n       [ 1.00106539, -0.74847024,  1.6301128 ,  1.31374946,  4.78700547,\n         0.35321687],\n       [ 1.00107163, -0.74846727,  1.63010275,  1.31374872,  4.78700467,\n         0.35321187],\n       [ 1.00106594, -0.74846762,  1.63010408,  1.31373685,  4.78700484,\n         0.35322054],\n       [ 1.00106413, -0.74847101,  1.63010595,  1.31374316,  4.78701288,\n         0.35321188]]), array([0.16068278, 0.16068278, 0.16068278, 0.16068278, 0.16068278,\n       0.16068278, 0.16068278]))", "callback": [0.714523002669575, 0.4818513001797139, 0.4818513001797139, 0.45327138794367416, 0.43643546502298525, 0.3935042535003106, 0.3426872314479359, 0.26992264163722857, 0.2581403097904308, 0.24723177677443742, 0.2317056163402592, 0.21845967563836488, 0.19064158509979234, 0.18654133870697642, 0.18351898468641714, 0.18138659742226182, 0.17595457579809015, 0.1672849920907914, 0.16321934995583354, 0.16150916571912444, 0.16107559998005072, 0.16084036557740566, 0.16076751385523436, 0.16073420135950733, 0.16070848750162037, 0.1606999914054098, 0.160686523254304, 0.16068364569877114, 0.16068301224255166, 0.16068285674477334, 0.1606827900369986, 0.16068278087543353, 0.16068277794880814, 0.16068277711018142, 0.16068277697660116, 0.16068277691752808]}, "5": {"maxiter": 500, "fatol": 1e-05, "xatol": 1e-10, "duration": 0.22253179550170898, "fun": "0.16068277690740296", "nit": "467", "nfev": "808", "status": "0", "success": "True", "message": "Optimization terminated successfully.", "x": "[ 1.00107028 -0.74847366  1.63010907  1.31374592  4.78700698  0.35322285]", "final_simplex": "(array([[ 1.00107028, -0.74847366,  1.63010907,  1.31374592,  4.78700698,\n         0.35322285],\n       [ 1.00107028, -0.74847366,  1.63010907,  1.31374592,  4.78700698,\n         0.35322285],\n       [ 1.00107028, -0.74847366,  1.63010907,  1.31374592,  4.78700698,\n         0.35322285],\n       [ 1.00107028, -0.74847366,  1.63010907,  1.31374592,  4.78700698,\n         0.35322285],\n       [ 1.00107028, -0.74847366,  1.63010907,  1.31374592,  4.78700698,\n         0.35322285],\n       [ 1.00107028, -0.74847366,  1.63010907,  1.31374592,  4.78700698,\n         0.35322285],\n       [ 1.00107028, -0.74847366,  1.63010907,  1.31374592,  4.78700698,\n         0.35322285]]), array([0.16068278, 0.16068278, 0.16068278, 0.16068278, 0.16068278,\n       0.16068278, 0.16068278]))", "callback": [0.714523002669575, 0.4818513001797139, 0.4818513001797139, 0.45327138794367416, 0.43643546502298525, 0.3935042535003106, 0.3426872314479359, 0.26992264163722857, 0.2581403097904308, 0.24723177677443742, 0.2317056163402592, 0.21845967563836488, 0.19064158509979234, 0.18654133870697642, 0.18351898468641714, 0.18138659742226182, 0.17595457579809015, 0.1672849920907914, 0.16321934995583354, 0.16150916571912444, 0.16107559998005072, 0.16084036557740566, 0.16076751385523436, 0.16073420135950733, 0.16070848750162037, 0.1606999914054098, 0.160686523254304, 0.16068364569877114, 0.16068301224255166, 0.16068285674477334, 0.1606827900369986, 0.16068278087543353, 0.16068277794880814, 0.16068277711018142, 0.16068277697660116, 0.16068277691752808, 0.16068277691020383, 0.1606827769082807, 0.16068277690757127, 0.16068277690745336, 0.16068277690741262, 0.1606827769074055, 0.16068277690740373, 0.16068277690740318, 0.16068277690740318, 0.16068277690740296]}, "6": {"maxiter": 500, "fatol": 1e-10, "xatol": 1e-05, "duration": 0.14898204803466797, "fun": "0.1606827769168261", "nit": "365", "nfev": "575", "status": "0", "success": "True", "message": "Optimization terminated successfully.", "x": "[ 1.00107309 -0.74847655  1.63011149  1.31374257  4.78700936  0.35321723]", "final_simplex": "(array([[ 1.00107309, -0.74847655,  1.63011149,  1.31374257,  4.78700936,\n         0.35321723],\n       [ 1.00107155, -0.74846937,  1.63010863,  1.31374359,  4.78701238,\n         0.35321763],\n       [ 1.00106958, -0.74848287,  1.63011418,  1.31375046,  4.78700732,\n         0.35322194],\n       [ 1.00106539, -0.74847024,  1.6301128 ,  1.31374946,  4.78700547,\n         0.35321687],\n       [ 1.00107163, -0.74846727,  1.63010275,  1.31374872,  4.78700467,\n         0.35321187],\n       [ 1.00106594, -0.74846762,  1.63010408,  1.31373685,  4.78700484,\n         0.35322054],\n       [ 1.00106413, -0.74847101,  1.63010595,  1.31374316,  4.78701288,\n         0.35321188]]), array([0.16068278, 0.16068278, 0.16068278, 0.16068278, 0.16068278,\n       0.16068278, 0.16068278]))", "callback": [0.714523002669575, 0.4818513001797139, 0.4818513001797139, 0.45327138794367416, 0.43643546502298525, 0.3935042535003106, 0.3426872314479359, 0.26992264163722857, 0.2581403097904308, 0.24723177677443742, 0.2317056163402592, 0.21845967563836488, 0.19064158509979234, 0.18654133870697642, 0.18351898468641714, 0.18138659742226182, 0.17595457579809015, 0.1672849920907914, 0.16321934995583354, 0.16150916571912444, 0.16107559998005072, 0.16084036557740566, 0.16076751385523436, 0.16073420135950733, 0.16070848750162037, 0.1606999914054098, 0.160686523254304, 0.16068364569877114, 0.16068301224255166, 0.16068285674477334, 0.1606827900369986, 0.16068278087543353, 0.16068277794880814, 0.16068277711018142, 0.16068277697660116, 0.16068277691752808]}, "7": {"maxiter": 500, "fatol": 1e-10, "xatol": 1e-10, "duration": 0.20700597763061523, "fun": "0.16068277690740296", "nit": "467", "nfev": "808", "status": "0", "success": "True", "message": "Optimization terminated successfully.", "x": "[ 1.00107028 -0.74847366  1.63010907  1.31374592  4.78700698  0.35322285]", "final_simplex": "(array([[ 1.00107028, -0.74847366,  1.63010907,  1.31374592,  4.78700698,\n         0.35322285],\n       [ 1.00107028, -0.74847366,  1.63010907,  1.31374592,  4.78700698,\n         0.35322285],\n       [ 1.00107028, -0.74847366,  1.63010907,  1.31374592,  4.78700698,\n         0.35322285],\n       [ 1.00107028, -0.74847366,  1.63010907,  1.31374592,  4.78700698,\n         0.35322285],\n       [ 1.00107028, -0.74847366,  1.63010907,  1.31374592,  4.78700698,\n         0.35322285],\n       [ 1.00107028, -0.74847366,  1.63010907,  1.31374592,  4.78700698,\n         0.35322285],\n       [ 1.00107028, -0.74847366,  1.63010907,  1.31374592,  4.78700698,\n         0.35322285]]), array([0.16068278, 0.16068278, 0.16068278, 0.16068278, 0.16068278,\n       0.16068278, 0.16068278]))", "callback": [0.714523002669575, 0.4818513001797139, 0.4818513001797139, 0.45327138794367416, 0.43643546502298525, 0.3935042535003106, 0.3426872314479359, 0.26992264163722857, 0.2581403097904308, 0.24723177677443742, 0.2317056163402592, 0.21845967563836488, 0.19064158509979234, 0.18654133870697642, 0.18351898468641714, 0.18138659742226182, 0.17595457579809015, 0.1672849920907914, 0.16321934995583354, 0.16150916571912444, 0.16107559998005072, 0.16084036557740566, 0.16076751385523436, 0.16073420135950733, 0.16070848750162037, 0.1606999914054098, 0.160686523254304, 0.16068364569877114, 0.16068301224255166, 0.16068285674477334, 0.1606827900369986, 0.16068278087543353, 0.16068277794880814, 0.16068277711018142, 0.16068277697660116, 0.16068277691752808, 0.16068277691020383, 0.1606827769082807, 0.16068277690757127, 0.16068277690745336, 0.16068277690741262, 0.1606827769074055, 0.16068277690740373, 0.16068277690740318, 0.16068277690740318, 0.16068277690740296]}, "8": {"maxiter": 1000, "fatol": 1e-05, "xatol": 1e-05, "duration": 0.16028499603271484, "fun": "0.1606827769168261", "nit": "365", "nfev": "575", "status": "0", "success": "True", "message": "Optimization terminated successfully.", "x": "[ 1.00107309 -0.74847655  1.63011149  1.31374257  4.78700936  0.35321723]", "final_simplex": "(array([[ 1.00107309, -0.74847655,  1.63011149,  1.31374257,  4.78700936,\n         0.35321723],\n       [ 1.00107155, -0.74846937,  1.63010863,  1.31374359,  4.78701238,\n         0.35321763],\n       [ 1.00106958, -0.74848287,  1.63011418,  1.31375046,  4.78700732,\n         0.35322194],\n       [ 1.00106539, -0.74847024,  1.6301128 ,  1.31374946,  4.78700547,\n         0.35321687],\n       [ 1.00107163, -0.74846727,  1.63010275,  1.31374872,  4.78700467,\n         0.35321187],\n       [ 1.00106594, -0.74846762,  1.63010408,  1.31373685,  4.78700484,\n         0.35322054],\n       [ 1.00106413, -0.74847101,  1.63010595,  1.31374316,  4.78701288,\n         0.35321188]]), array([0.16068278, 0.16068278, 0.16068278, 0.16068278, 0.16068278,\n       0.16068278, 0.16068278]))", "callback": [0.714523002669575, 0.4818513001797139, 0.4818513001797139, 0.45327138794367416, 0.43643546502298525, 0.3935042535003106, 0.3426872314479359, 0.26992264163722857, 0.2581403097904308, 0.24723177677443742, 0.2317056163402592, 0.21845967563836488, 0.19064158509979234, 0.18654133870697642, 0.18351898468641714, 0.18138659742226182, 0.17595457579809015, 0.1672849920907914, 0.16321934995583354, 0.16150916571912444, 0.16107559998005072, 0.16084036557740566, 0.16076751385523436, 0.16073420135950733, 0.16070848750162037, 0.1606999914054098, 0.160686523254304, 0.16068364569877114, 0.16068301224255166, 0.16068285674477334, 0.1606827900369986, 0.16068278087543353, 0.16068277794880814, 0.16068277711018142, 0.16068277697660116, 0.16068277691752808]}, "9": {"maxiter": 1000, "fatol": 1e-05, "xatol": 1e-10, "duration": 0.23888421058654785, "fun": "0.16068277690740296", "nit": "467", "nfev": "808", "status": "0", "success": "True", "message": "Optimization terminated successfully.", "x": "[ 1.00107028 -0.74847366  1.63010907  1.31374592  4.78700698  0.35322285]", "final_simplex": "(array([[ 1.00107028, -0.74847366,  1.63010907,  1.31374592,  4.78700698,\n         0.35322285],\n       [ 1.00107028, -0.74847366,  1.63010907,  1.31374592,  4.78700698,\n         0.35322285],\n       [ 1.00107028, -0.74847366,  1.63010907,  1.31374592,  4.78700698,\n         0.35322285],\n       [ 1.00107028, -0.74847366,  1.63010907,  1.31374592,  4.78700698,\n         0.35322285],\n       [ 1.00107028, -0.74847366,  1.63010907,  1.31374592,  4.78700698,\n         0.35322285],\n       [ 1.00107028, -0.74847366,  1.63010907,  1.31374592,  4.78700698,\n         0.35322285],\n       [ 1.00107028, -0.74847366,  1.63010907,  1.31374592,  4.78700698,\n         0.35322285]]), array([0.16068278, 0.16068278, 0.16068278, 0.16068278, 0.16068278,\n       0.16068278, 0.16068278]))", "callback": [0.714523002669575, 0.4818513001797139, 0.4818513001797139, 0.45327138794367416, 0.43643546502298525, 0.3935042535003106, 0.3426872314479359, 0.26992264163722857, 0.2581403097904308, 0.24723177677443742, 0.2317056163402592, 0.21845967563836488, 0.19064158509979234, 0.18654133870697642, 0.18351898468641714, 0.18138659742226182, 0.17595457579809015, 0.1672849920907914, 0.16321934995583354, 0.16150916571912444, 0.16107559998005072, 0.16084036557740566, 0.16076751385523436, 0.16073420135950733, 0.16070848750162037, 0.1606999914054098, 0.160686523254304, 0.16068364569877114, 0.16068301224255166, 0.16068285674477334, 0.1606827900369986, 0.16068278087543353, 0.16068277794880814, 0.16068277711018142, 0.16068277697660116, 0.16068277691752808, 0.16068277691020383, 0.1606827769082807, 0.16068277690757127, 0.16068277690745336, 0.16068277690741262, 0.1606827769074055, 0.16068277690740373, 0.16068277690740318, 0.16068277690740318, 0.16068277690740296]}, "10": {"maxiter": 1000, "fatol": 1e-10, "xatol": 1e-05, "duration": 0.154069185256958, "fun": "0.1606827769168261", "nit": "365", "nfev": "575", "status": "0", "success": "True", "message": "Optimization terminated successfully.", "x": "[ 1.00107309 -0.74847655  1.63011149  1.31374257  4.78700936  0.35321723]", "final_simplex": "(array([[ 1.00107309, -0.74847655,  1.63011149,  1.31374257,  4.78700936,\n         0.35321723],\n       [ 1.00107155, -0.74846937,  1.63010863,  1.31374359,  4.78701238,\n         0.35321763],\n       [ 1.00106958, -0.74848287,  1.63011418,  1.31375046,  4.78700732,\n         0.35322194],\n       [ 1.00106539, -0.74847024,  1.6301128 ,  1.31374946,  4.78700547,\n         0.35321687],\n       [ 1.00107163, -0.74846727,  1.63010275,  1.31374872,  4.78700467,\n         0.35321187],\n       [ 1.00106594, -0.74846762,  1.63010408,  1.31373685,  4.78700484,\n         0.35322054],\n       [ 1.00106413, -0.74847101,  1.63010595,  1.31374316,  4.78701288,\n         0.35321188]]), array([0.16068278, 0.16068278, 0.16068278, 0.16068278, 0.16068278,\n       0.16068278, 0.16068278]))", "callback": [0.714523002669575, 0.4818513001797139, 0.4818513001797139, 0.45327138794367416, 0.43643546502298525, 0.3935042535003106, 0.3426872314479359, 0.26992264163722857, 0.2581403097904308, 0.24723177677443742, 0.2317056163402592, 0.21845967563836488, 0.19064158509979234, 0.18654133870697642, 0.18351898468641714, 0.18138659742226182, 0.17595457579809015, 0.1672849920907914, 0.16321934995583354, 0.16150916571912444, 0.16107559998005072, 0.16084036557740566, 0.16076751385523436, 0.16073420135950733, 0.16070848750162037, 0.1606999914054098, 0.160686523254304, 0.16068364569877114, 0.16068301224255166, 0.16068285674477334, 0.1606827900369986, 0.16068278087543353, 0.16068277794880814, 0.16068277711018142, 0.16068277697660116, 0.16068277691752808]}, "11": {"maxiter": 1000, "fatol": 1e-10, "xatol": 1e-10, "duration": 0.21352720260620117, "fun": "0.16068277690740296", "nit": "467", "nfev": "808", "status": "0", "success": "True", "message": "Optimization terminated successfully.", "x": "[ 1.00107028 -0.74847366  1.63010907  1.31374592  4.78700698  0.35322285]", "final_simplex": "(array([[ 1.00107028, -0.74847366,  1.63010907,  1.31374592,  4.78700698,\n         0.35322285],\n       [ 1.00107028, -0.74847366,  1.63010907,  1.31374592,  4.78700698,\n         0.35322285],\n       [ 1.00107028, -0.74847366,  1.63010907,  1.31374592,  4.78700698,\n         0.35322285],\n       [ 1.00107028, -0.74847366,  1.63010907,  1.31374592,  4.78700698,\n         0.35322285],\n       [ 1.00107028, -0.74847366,  1.63010907,  1.31374592,  4.78700698,\n         0.35322285],\n       [ 1.00107028, -0.74847366,  1.63010907,  1.31374592,  4.78700698,\n         0.35322285],\n       [ 1.00107028, -0.74847366,  1.63010907,  1.31374592,  4.78700698,\n         0.35322285]]), array([0.16068278, 0.16068278, 0.16068278, 0.16068278, 0.16068278,\n       0.16068278, 0.16068278]))", "callback": [0.714523002669575, 0.4818513001797139, 0.4818513001797139, 0.45327138794367416, 0.43643546502298525, 0.3935042535003106, 0.3426872314479359, 0.26992264163722857, 0.2581403097904308, 0.24723177677443742, 0.2317056163402592, 0.21845967563836488, 0.19064158509979234, 0.18654133870697642, 0.18351898468641714, 0.18138659742226182, 0.17595457579809015, 0.1672849920907914, 0.16321934995583354, 0.16150916571912444, 0.16107559998005072, 0.16084036557740566, 0.16076751385523436, 0.16073420135950733, 0.16070848750162037, 0.1606999914054098, 0.160686523254304, 0.16068364569877114, 0.16068301224255166, 0.16068285674477334, 0.1606827900369986, 0.16068278087543353, 0.16068277794880814, 0.16068277711018142, 0.16068277697660116, 0.16068277691752808, 0.16068277691020383, 0.1606827769082807, 0.16068277690757127, 0.16068277690745336, 0.16068277690741262, 0.1606827769074055, 0.16068277690740373, 0.16068277690740318, 0.16068277690740318, 0.16068277690740296]}}, "bfgs": {"type": "gradient", "0": {"maxiter": 100, "gtol": 1e-05, "xrtol": 1e-05, "eps": 1e-05, "duration": 0.0435638427734375, "fun": "0.16068277701322276", "jac": "[-3.31967787e-06 -1.84174898e-07 -1.68328684e-06  2.16678897e-06\n -2.22160068e-06  3.20212745e-06]", "hess_inv": "[[ 3.1320874   0.69501165 -0.65640103  0.83843639  0.39184096 -0.2486752 ]\n [ 0.69501165  5.6890853  -2.80738764 -0.10671679  0.4392942  -0.64538845]\n [-0.65640103 -2.80738764  4.20886974  0.82811082 -0.60587954  0.37284945]\n [ 0.83843639 -0.10671679  0.82811082  3.45657616  0.22208714 -0.91453121]\n [ 0.39184096  0.4392942  -0.60587954  0.22208714  3.36081537 -0.91972262]\n [-0.2486752  -0.64538845  0.37284945 -0.91453121 -0.91972262  4.2207418 ]]", "nfev": "175", "njev": "25", "status": "0", "success": "True", "message": "Optimization terminated successfully.", "x": "[-1.00108928  2.39311335  4.77169583  1.31373667  4.78698936  0.35323599]", "nit": "18", "callback": [0.16227439560536538]}, "1": {"maxiter": 100, "gtol": 1e-05, "xrtol": 1e-05, "eps": 1e-10, "duration": 0.04805397987365723, "fun": "0.1606827770056648", "jac": "[-4.44089173e-06 -1.11022293e-06 -4.44089173e-06  2.22044587e-06\n -2.22044587e-06  2.22044587e-06]", "hess_inv": "[[ 3.13369535  0.70692748 -0.66002361  0.83148346  0.3984169  -0.25568803]\n [ 0.70692748  5.6894433  -2.81856797 -0.11147965  0.43404268 -0.65232758]\n [-0.66002361 -2.81856797  4.20833293  0.84066502 -0.59739593  0.37082932]\n [ 0.83148346 -0.11147965  0.84066502  3.46661736  0.23347872 -0.91726424]\n [ 0.3984169   0.43404268 -0.59739593  0.23347872  3.357172   -0.90887227]\n [-0.25568803 -0.65232758  0.37082932 -0.91726424 -0.90887227  4.21891324]]", "nfev": "175", "njev": "25", "status": "0", "success": "True", "message": "Optimization terminated successfully.", "x": "[-1.00108544  2.39311359  4.77169327  1.31373606  4.7869894   0.35323611]", "nit": "18", "callback": [0.16227310960130958]}, "2": {"maxiter": 100, "gtol": 1e-05, "xrtol": 1e-10, "eps": 1e-05, "duration": 0.04400300979614258, "fun": "0.16068277701322276", "jac": "[-3.31967787e-06 -1.84174898e-07 -1.68328684e-06  2.16678897e-06\n -2.22160068e-06  3.20212745e-06]", "hess_inv": "[[ 3.1320874   0.69501165 -0.65640103  0.83843639  0.39184096 -0.2486752 ]\n [ 0.69501165  5.6890853  -2.80738764 -0.10671679  0.4392942  -0.64538845]\n [-0.65640103 -2.80738764  4.20886974  0.82811082 -0.60587954  0.37284945]\n [ 0.83843639 -0.10671679  0.82811082  3.45657616  0.22208714 -0.91453121]\n [ 0.39184096  0.4392942  -0.60587954  0.22208714  3.36081537 -0.91972262]\n [-0.2486752  -0.64538845  0.37284945 -0.91453121 -0.91972262  4.2207418 ]]", "nfev": "175", "njev": "25", "status": "0", "success": "True", "message": "Optimization terminated successfully.", "x": "[-1.00108928  2.39311335  4.77169583  1.31373667  4.78698936  0.35323599]", "nit": "18", "callback": [0.16227439560536538]}, "3": {"maxiter": 100, "gtol": 1e-05, "xrtol": 1e-10, "eps": 1e-10, "duration": 0.042801856994628906, "fun": "0.1606827770056648", "jac": "[-4.44089173e-06 -1.11022293e-06 -4.44089173e-06  2.22044587e-06\n -2.22044587e-06  2.22044587e-06]", "hess_inv": "[[ 3.13369535  0.70692748 -0.66002361  0.83148346  0.3984169  -0.25568803]\n [ 0.70692748  5.6894433  -2.81856797 -0.11147965  0.43404268 -0.65232758]\n [-0.66002361 -2.81856797  4.20833293  0.84066502 -0.59739593  0.37082932]\n [ 0.83148346 -0.11147965  0.84066502  3.46661736  0.23347872 -0.91726424]\n [ 0.3984169   0.43404268 -0.59739593  0.23347872  3.357172   -0.90887227]\n [-0.25568803 -0.65232758  0.37082932 -0.91726424 -0.90887227  4.21891324]]", "nfev": "175", "njev": "25", "status": "0", "success": "True", "message": "Optimization terminated successfully.", "x": "[-1.00108544  2.39311359  4.77169327  1.31373606  4.7869894   0.35323611]", "nit": "18", "callback": [0.16227310960130958]}, "4": {"maxiter": 100, "gtol": 1e-10, "xrtol": 1e-05, "eps": 1e-05, "duration": 0.04441499710083008, "fun": "0.16068277693827993", "jac": "[-8.71414052e-08 -1.65978342e-08 -9.68003455e-08 -7.91366972e-08\n -2.16893170e-07 -5.62550007e-08]", "hess_inv": "[[ 3.24093924  0.73688696 -0.65522547  0.81052705  0.48569047 -0.41304588]\n [ 0.73688696  5.68412697 -2.8075149  -0.0862085   0.50451902 -0.70728748]\n [-0.65522547 -2.8075149   4.20886649  0.82866884 -0.604065    0.37111101]\n [ 0.81052705 -0.0862085   0.82866884  3.41739347  0.15483598 -0.87436596]\n [ 0.48569047  0.50451902 -0.604065    0.15483598  3.40147789 -1.06328362]\n [-0.41304588 -0.70728748  0.37111101 -0.87436596 -1.06328362  4.46886365]]", "nfev": "182", "njev": "26", "status": "0", "success": "True", "message": "Optimization terminated successfully.", "x": "[-1.00107884  2.39311569  4.7716959   1.31373648  4.78700068  0.35322033]", "nit": "19", "callback": [0.16227439560536538]}, "5": {"maxiter": 100, "gtol": 1e-10, "xrtol": 1e-05, "eps": 1e-10, "duration": 0.044155120849609375, "fun": "0.1606827769270588", "jac": "[ 0.00000000e+00 -1.11022293e-06  0.00000000e+00 -2.22044587e-06\n -2.22044587e-06 -2.22044587e-06]", "hess_inv": "[[ 3.27138413  0.7410524  -0.5974156   0.80606742  0.47715982 -0.40252744]\n [ 0.7410524   5.65579685 -2.75809429 -0.06209257  0.48030947 -0.65512083]\n [-0.5974156  -2.75809429  4.18879822  0.76964883 -0.59015463  0.26818427]\n [ 0.80606742 -0.06209257  0.76964883  3.39765906  0.18356292 -0.93459744]\n [ 0.47715982  0.48030947 -0.59015463  0.18356292  3.38520787 -1.01419606]\n [-0.40252744 -0.65512083  0.26818427 -0.93459744 -1.01419606  4.34869849]]", "nfev": "182", "njev": "26", "status": "0", "success": "True", "message": "Optimization terminated successfully.", "x": "[-1.00107258  2.39311357  4.77170254  1.31373792  4.7869988   0.35322496]", "nit": "19", "callback": [0.16227310960130958]}, "6": {"maxiter": 100, "gtol": 1e-10, "xrtol": 1e-10, "eps": 1e-05, "duration": 0.10043072700500488, "fun": "0.1606827769347966", "jac": "[-1.11022302e-11 -5.55111512e-11 -1.11022302e-10  7.77156117e-11\n  1.55431223e-10 -5.55111512e-11]", "hess_inv": "[[ 3.35595866  0.75168313 -0.48298752  0.91503152  0.59870262 -0.27382218]\n [ 0.75168313  5.66865681 -2.78603453 -0.0601432   0.54098184 -0.70444883]\n [-0.48298752 -2.78603453  4.52395158  0.95884092 -0.50932071  0.64640783]\n [ 0.91503152 -0.0601432   0.95884092  3.48425358  0.24273415 -0.79007871]\n [ 0.59870262  0.54098184 -0.50932071  0.24273415  3.54490139 -1.01832679]\n [-0.27382218 -0.70444883  0.64640783 -0.79007871 -1.01832679  4.68814224]]", "nfev": "390", "njev": "54", "status": "2", "success": "False", "message": "Desired error not necessarily achieved due to precision loss.", "x": "[-1.00107839  2.39311565  4.77169625  1.31373696  4.78700145  0.35322034]", "nit": "22", "callback": [0.16227439560536538, 0.16068277693535904]}, "7": {"maxiter": 100, "gtol": 1e-10, "xrtol": 1e-10, "eps": 1e-10, "duration": 0.07230305671691895, "fun": "0.16068277691377386", "jac": "[ 0.00000000e+00  2.22044587e-06  2.22044587e-06 -1.11022293e-06\n  0.00000000e+00  0.00000000e+00]", "hess_inv": "[[35.6360997  32.66220249  2.39297436 33.88742379 36.32696401  5.25532338]\n [32.66220249 36.26456288  0.49987311 31.96754589 36.70820483  4.57224537]\n [ 2.39297436  0.49987311  4.30790942  4.07204852  2.65022465  1.02657291]\n [33.88742379 31.96754589  4.07204852 36.77733341 37.25308737  4.52725113]\n [36.32696401 36.70820483  2.65022465 37.25308737 41.09339832  5.06450596]\n [ 5.25532338  4.57224537  1.02657291  4.52725113  5.06450596  4.93998549]]", "nfev": "287", "njev": "41", "status": "0", "success": "True", "message": "Optimization terminated successfully.", "x": "[-1.0010658   2.39311933  4.77170335  1.31374432  4.78700793  0.3532261 ]", "nit": "21", "callback": [0.16227310960130958, 0.16068277691377408]}, "8": {"maxiter": 500, "gtol": 1e-05, "xrtol": 1e-05, "eps": 1e-05, "duration": 0.05034017562866211, "fun": "0.16068277701322276", "jac": "[-3.31967787e-06 -1.84174898e-07 -1.68328684e-06  2.16678897e-06\n -2.22160068e-06  3.20212745e-06]", "hess_inv": "[[ 3.1320874   0.69501165 -0.65640103  0.83843639  0.39184096 -0.2486752 ]\n [ 0.69501165  5.6890853  -2.80738764 -0.10671679  0.4392942  -0.64538845]\n [-0.65640103 -2.80738764  4.20886974  0.82811082 -0.60587954  0.37284945]\n [ 0.83843639 -0.10671679  0.82811082  3.45657616  0.22208714 -0.91453121]\n [ 0.39184096  0.4392942  -0.60587954  0.22208714  3.36081537 -0.91972262]\n [-0.2486752  -0.64538845  0.37284945 -0.91453121 -0.91972262  4.2207418 ]]", "nfev": "175", "njev": "25", "status": "0", "success": "True", "message": "Optimization terminated successfully.", "x": "[-1.00108928  2.39311335  4.77169583  1.31373667  4.78698936  0.35323599]", "nit": "18", "callback": [0.16227439560536538]}, "9": {"maxiter": 500, "gtol": 1e-05, "xrtol": 1e-05, "eps": 1e-10, "duration": 0.0482790470123291, "fun": "0.1606827770056648", "jac": "[-4.44089173e-06 -1.11022293e-06 -4.44089173e-06  2.22044587e-06\n -2.22044587e-06  2.22044587e-06]", "hess_inv": "[[ 3.13369535  0.70692748 -0.66002361  0.83148346  0.3984169  -0.25568803]\n [ 0.70692748  5.6894433  -2.81856797 -0.11147965  0.43404268 -0.65232758]\n [-0.66002361 -2.81856797  4.20833293  0.84066502 -0.59739593  0.37082932]\n [ 0.83148346 -0.11147965  0.84066502  3.46661736  0.23347872 -0.91726424]\n [ 0.3984169   0.43404268 -0.59739593  0.23347872  3.357172   -0.90887227]\n [-0.25568803 -0.65232758  0.37082932 -0.91726424 -0.90887227  4.21891324]]", "nfev": "175", "njev": "25", "status": "0", "success": "True", "message": "Optimization terminated successfully.", "x": "[-1.00108544  2.39311359  4.77169327  1.31373606  4.7869894   0.35323611]", "nit": "18", "callback": [0.16227310960130958]}, "10": {"maxiter": 500, "gtol": 1e-05, "xrtol": 1e-10, "eps": 1e-05, "duration": 0.05064225196838379, "fun": "0.16068277701322276", "jac": "[-3.31967787e-06 -1.84174898e-07 -1.68328684e-06  2.16678897e-06\n -2.22160068e-06  3.20212745e-06]", "hess_inv": "[[ 3.1320874   0.69501165 -0.65640103  0.83843639  0.39184096 -0.2486752 ]\n [ 0.69501165  5.6890853  -2.80738764 -0.10671679  0.4392942  -0.64538845]\n [-0.65640103 -2.80738764  4.20886974  0.82811082 -0.60587954  0.37284945]\n [ 0.83843639 -0.10671679  0.82811082  3.45657616  0.22208714 -0.91453121]\n [ 0.39184096  0.4392942  -0.60587954  0.22208714  3.36081537 -0.91972262]\n [-0.2486752  -0.64538845  0.37284945 -0.91453121 -0.91972262  4.2207418 ]]", "nfev": "175", "njev": "25", "status": "0", "success": "True", "message": "Optimization terminated successfully.", "x": "[-1.00108928  2.39311335  4.77169583  1.31373667  4.78698936  0.35323599]", "nit": "18", "callback": [0.16227439560536538]}, "11": {"maxiter": 500, "gtol": 1e-05, "xrtol": 1e-10, "eps": 1e-10, "duration": 0.04486727714538574, "fun": "0.1606827770056648", "jac": "[-4.44089173e-06 -1.11022293e-06 -4.44089173e-06  2.22044587e-06\n -2.22044587e-06  2.22044587e-06]", "hess_inv": "[[ 3.13369535  0.70692748 -0.66002361  0.83148346  0.3984169  -0.25568803]\n [ 0.70692748  5.6894433  -2.81856797 -0.11147965  0.43404268 -0.65232758]\n [-0.66002361 -2.81856797  4.20833293  0.84066502 -0.59739593  0.37082932]\n [ 0.83148346 -0.11147965  0.84066502  3.46661736  0.23347872 -0.91726424]\n [ 0.3984169   0.43404268 -0.59739593  0.23347872  3.357172   -0.90887227]\n [-0.25568803 -0.65232758  0.37082932 -0.91726424 -0.90887227  4.21891324]]", "nfev": "175", "njev": "25", "status": "0", "success": "True", "message": "Optimization terminated successfully.", "x": "[-1.00108544  2.39311359  4.77169327  1.31373606  4.7869894   0.35323611]", "nit": "18", "callback": [0.16227310960130958]}, "12": {"maxiter": 500, "gtol": 1e-10, "xrtol": 1e-05, "eps": 1e-05, "duration": 0.048388004302978516, "fun": "0.16068277693827993", "jac": "[-8.71414052e-08 -1.65978342e-08 -9.68003455e-08 -7.91366972e-08\n -2.16893170e-07 -5.62550007e-08]", "hess_inv": "[[ 3.24093924  0.73688696 -0.65522547  0.81052705  0.48569047 -0.41304588]\n [ 0.73688696  5.68412697 -2.8075149  -0.0862085   0.50451902 -0.70728748]\n [-0.65522547 -2.8075149   4.20886649  0.82866884 -0.604065    0.37111101]\n [ 0.81052705 -0.0862085   0.82866884  3.41739347  0.15483598 -0.87436596]\n [ 0.48569047  0.50451902 -0.604065    0.15483598  3.40147789 -1.06328362]\n [-0.41304588 -0.70728748  0.37111101 -0.87436596 -1.06328362  4.46886365]]", "nfev": "182", "njev": "26", "status": "0", "success": "True", "message": "Optimization terminated successfully.", "x": "[-1.00107884  2.39311569  4.7716959   1.31373648  4.78700068  0.35322033]", "nit": "19", "callback": [0.16227439560536538]}, "13": {"maxiter": 500, "gtol": 1e-10, "xrtol": 1e-05, "eps": 1e-10, "duration": 0.04735589027404785, "fun": "0.1606827769270588", "jac": "[ 0.00000000e+00 -1.11022293e-06  0.00000000e+00 -2.22044587e-06\n -2.22044587e-06 -2.22044587e-06]", "hess_inv": "[[ 3.27138413  0.7410524  -0.5974156   0.80606742  0.47715982 -0.40252744]\n [ 0.7410524   5.65579685 -2.75809429 -0.06209257  0.48030947 -0.65512083]\n [-0.5974156  -2.75809429  4.18879822  0.76964883 -0.59015463  0.26818427]\n [ 0.80606742 -0.06209257  0.76964883  3.39765906  0.18356292 -0.93459744]\n [ 0.47715982  0.48030947 -0.59015463  0.18356292  3.38520787 -1.01419606]\n [-0.40252744 -0.65512083  0.26818427 -0.93459744 -1.01419606  4.34869849]]", "nfev": "182", "njev": "26", "status": "0", "success": "True", "message": "Optimization terminated successfully.", "x": "[-1.00107258  2.39311357  4.77170254  1.31373792  4.7869988   0.35322496]", "nit": "19", "callback": [0.16227310960130958]}, "14": {"maxiter": 500, "gtol": 1e-10, "xrtol": 1e-10, "eps": 1e-05, "duration": 0.10632896423339844, "fun": "0.1606827769347966", "jac": "[-1.11022302e-11 -5.55111512e-11 -1.11022302e-10  7.77156117e-11\n  1.55431223e-10 -5.55111512e-11]", "hess_inv": "[[ 3.35595866  0.75168313 -0.48298752  0.91503152  0.59870262 -0.27382218]\n [ 0.75168313  5.66865681 -2.78603453 -0.0601432   0.54098184 -0.70444883]\n [-0.48298752 -2.78603453  4.52395158  0.95884092 -0.50932071  0.64640783]\n [ 0.91503152 -0.0601432   0.95884092  3.48425358  0.24273415 -0.79007871]\n [ 0.59870262  0.54098184 -0.50932071  0.24273415  3.54490139 -1.01832679]\n [-0.27382218 -0.70444883  0.64640783 -0.79007871 -1.01832679  4.68814224]]", "nfev": "390", "njev": "54", "status": "2", "success": "False", "message": "Desired error not necessarily achieved due to precision loss.", "x": "[-1.00107839  2.39311565  4.77169625  1.31373696  4.78700145  0.35322034]", "nit": "22", "callback": [0.16227439560536538, 0.16068277693535904]}, "15": {"maxiter": 500, "gtol": 1e-10, "xrtol": 1e-10, "eps": 1e-10, "duration": 0.07672810554504395, "fun": "0.16068277691377386", "jac": "[ 0.00000000e+00  2.22044587e-06  2.22044587e-06 -1.11022293e-06\n  0.00000000e+00  0.00000000e+00]", "hess_inv": "[[35.6360997  32.66220249  2.39297436 33.88742379 36.32696401  5.25532338]\n [32.66220249 36.26456288  0.49987311 31.96754589 36.70820483  4.57224537]\n [ 2.39297436  0.49987311  4.30790942  4.07204852  2.65022465  1.02657291]\n [33.88742379 31.96754589  4.07204852 36.77733341 37.25308737  4.52725113]\n [36.32696401 36.70820483  2.65022465 37.25308737 41.09339832  5.06450596]\n [ 5.25532338  4.57224537  1.02657291  4.52725113  5.06450596  4.93998549]]", "nfev": "287", "njev": "41", "status": "0", "success": "True", "message": "Optimization terminated successfully.", "x": "[-1.0010658   2.39311933  4.77170335  1.31374432  4.78700793  0.3532261 ]", "nit": "21", "callback": [0.16227310960130958, 0.16068277691377408]}, "16": {"maxiter": 1000, "gtol": 1e-05, "xrtol": 1e-05, "eps": 1e-05, "duration": 0.0434260368347168, "fun": "0.16068277701322276", "jac": "[-3.31967787e-06 -1.84174898e-07 -1.68328684e-06  2.16678897e-06\n -2.22160068e-06  3.20212745e-06]", "hess_inv": "[[ 3.1320874   0.69501165 -0.65640103  0.83843639  0.39184096 -0.2486752 ]\n [ 0.69501165  5.6890853  -2.80738764 -0.10671679  0.4392942  -0.64538845]\n [-0.65640103 -2.80738764  4.20886974  0.82811082 -0.60587954  0.37284945]\n [ 0.83843639 -0.10671679  0.82811082  3.45657616  0.22208714 -0.91453121]\n [ 0.39184096  0.4392942  -0.60587954  0.22208714  3.36081537 -0.91972262]\n [-0.2486752  -0.64538845  0.37284945 -0.91453121 -0.91972262  4.2207418 ]]", "nfev": "175", "njev": "25", "status": "0", "success": "True", "message": "Optimization terminated successfully.", "x": "[-1.00108928  2.39311335  4.77169583  1.31373667  4.78698936  0.35323599]", "nit": "18", "callback": [0.16227439560536538]}, "17": {"maxiter": 1000, "gtol": 1e-05, "xrtol": 1e-05, "eps": 1e-10, "duration": 0.048819780349731445, "fun": "0.1606827770056648", "jac": "[-4.44089173e-06 -1.11022293e-06 -4.44089173e-06  2.22044587e-06\n -2.22044587e-06  2.22044587e-06]", "hess_inv": "[[ 3.13369535  0.70692748 -0.66002361  0.83148346  0.3984169  -0.25568803]\n [ 0.70692748  5.6894433  -2.81856797 -0.11147965  0.43404268 -0.65232758]\n [-0.66002361 -2.81856797  4.20833293  0.84066502 -0.59739593  0.37082932]\n [ 0.83148346 -0.11147965  0.84066502  3.46661736  0.23347872 -0.91726424]\n [ 0.3984169   0.43404268 -0.59739593  0.23347872  3.357172   -0.90