{"date": "2024/09/23/, 23:01:29", "conf_id": 126, "data_type": "orthogonal\n", "num_data_points": 3, "s_rank": 0, "unitary": "[[-0.56303964-0.00798273j,-0.21670212-0.15784972j,-0.06047197-0.73952673j,-0.01438004+0.24552571j],[-0.06976756+0.23474685j,-0.01275565-0.5435098j,-0.02703657-0.08917885j,-0.08210486-0.79311774j],[-0.38559961+0.10714929j,0.5933431-0.2687392j,-0.24060861+0.29149289j,-0.45147719+0.26241743j],[-0.50180421+0.45931857j,-0.11617175+0.44134496j,0.49642745+0.22684508j,-0.08544628-0.15407063j]]", "databatch_0": {"databatch": "[[[0.04804076-0.06889969j,-0.21254684+0.13659231j,0.00312228+0.0905295j,0.07998054+0.01124071j],[0.16237045+0.02678512j,-0.19384791+0.06368157j,-0.00178149-0.36558875j,-0.12963408+0.36869867j],[0.05738307-0.08890696j,-0.3218323+0.14596674j,0.01577492+0.19736783j,0.11377725-0.03755114j],[-0.03810542+0.11458132j,0.36149746-0.08044215j,0.06060554-0.38044303j,-0.22356941+0.13965472j]],[[-0.17188884-0.08210638j,0.6141918+0.00825951j,-0.3646357+0.02831976j,0.32490263-0.10682452j],[0.03476163+0.00146082j,-0.120478+0.03101667j,0.05961502-0.0065174j,-0.04219567+0.02757876j],[0.02968989+0.12598824j,-0.19899553-0.29097926j,0.16624473+0.09816817j,-0.20944581-0.07961531j],[-0.06872491+0.03312861j,0.1947938-0.15041097j,-0.07110049+0.05622502j,0.02856455-0.09449501j]],[[0.06211017-0.05948006j,-0.22657491+0.15480659j,0.03362336+0.03520828j,0.03947957+0.04890078j],[0.19073966-0.00803156j,-0.3058599+0.21059499j,0.07168058-0.38162058j,-0.14248693+0.39851692j],[0.07514452-0.06434859j,-0.33919871+0.13935053j,0.06146587+0.12641718j,0.04520346+0.00691829j],[-0.0403409+0.06874339j,0.32989839-0.02185616j,0.01252204-0.30654369j,-0.1336069+0.1139875j]]]", "initial param values": "[1.01507604,2.25877453,1.25203493,5.15793282,4.81751884,4.30845204]", "nelder_mead": {"type": "gradient-free", "0": {"maxiter": 100, "fatol": 1e-05, "xatol": 1e-05, "duration": 0.036718130111694336, "fun": "0.46698017065393127", "nit": "100", "nfev": "151", "status": "2", "success": "False", "message": "Maximum number of iterations has been exceeded.", "x": "[-1.01352953  1.4394341   1.73709992  6.19629954  8.9564449   1.28168571]", "final_simplex": "(array([[-1.01352953,  1.4394341 ,  1.73709992,  6.19629954,  8.9564449 ,\n         1.28168571],\n       [-1.0159301 ,  1.50991578,  1.63437169,  6.2009111 ,  8.82788369,\n         1.31639573],\n       [-0.99935274,  1.44299329,  1.65963158,  6.1706248 ,  8.88638121,\n         1.33342555],\n       [-1.06063052,  1.35828091,  1.6872217 ,  6.24615646,  9.0049467 ,\n         1.18912551],\n       [-0.99941417,  1.44565781,  1.71583499,  6.09924261,  8.83544087,\n         1.30481336],\n       [-0.92930747,  1.39574217,  1.63069903,  6.2943422 ,  8.64434817,\n         1.4594426 ],\n       [-1.03846631,  1.3957429 ,  1.68993886,  6.14697543,  8.82538356,\n         1.29601664]]), array([0.46698017, 0.46781665, 0.46793997, 0.46808202, 0.46888135,\n       0.46911716, 0.4691868 ]))", "callback": [0.6489254919319107, 0.6289808217082826, 0.5887380659494545, 0.5588589183832762, 0.525783823015679, 0.4923729649405457, 0.48024000751926, 0.4749922120984392, 0.46808202290639556]}, "1": {"maxiter": 100, "fatol": 1e-05, "xatol": 1e-10, "duration": 0.03436017036437988, "fun": "0.46698017065393127", "nit": "100", "nfev": "151", "status": "2", "success": "False", "message": "Maximum number of iterations has been exceeded.", "x": "[-1.01352953  1.4394341   1.73709992  6.19629954  8.9564449   1.28168571]", "final_simplex": "(array([[-1.01352953,  1.4394341 ,  1.73709992,  6.19629954,  8.9564449 ,\n         1.28168571],\n       [-1.0159301 ,  1.50991578,  1.63437169,  6.2009111 ,  8.82788369,\n         1.31639573],\n       [-0.99935274,  1.44299329,  1.65963158,  6.1706248 ,  8.88638121,\n         1.33342555],\n       [-1.06063052,  1.35828091,  1.6872217 ,  6.24615646,  9.0049467 ,\n         1.18912551],\n       [-0.99941417,  1.44565781,  1.71583499,  6.09924261,  8.83544087,\n         1.30481336],\n       [-0.92930747,  1.39574217,  1.63069903,  6.2943422 ,  8.64434817,\n         1.4594426 ],\n       [-1.03846631,  1.3957429 ,  1.68993886,  6.14697543,  8.82538356,\n         1.29601664]]), array([0.46698017, 0.46781665, 0.46793997, 0.46808202, 0.46888135,\n       0.46911716, 0.4691868 ]))", "callback": [0.6489254919319107, 0.6289808217082826, 0.5887380659494545, 0.5588589183832762, 0.525783823015679, 0.4923729649405457, 0.48024000751926, 0.4749922120984392, 0.46808202290639556]}, "2": {"maxiter": 100, "fatol": 1e-10, "xatol": 1e-05, "duration": 0.034010887145996094, "fun": "0.46698017065393127", "nit": "100", "nfev": "151", "status": "2", "success": "False", "message": "Maximum number of iterations has been exceeded.", "x": "[-1.01352953  1.4394341   1.73709992  6.19629954  8.9564449   1.28168571]", "final_simplex": "(array([[-1.01352953,  1.4394341 ,  1.73709992,  6.19629954,  8.9564449 ,\n         1.28168571],\n       [-1.0159301 ,  1.50991578,  1.63437169,  6.2009111 ,  8.82788369,\n         1.31639573],\n       [-0.99935274,  1.44299329,  1.65963158,  6.1706248 ,  8.88638121,\n         1.33342555],\n       [-1.06063052,  1.35828091,  1.6872217 ,  6.24615646,  9.0049467 ,\n         1.18912551],\n       [-0.99941417,  1.44565781,  1.71583499,  6.09924261,  8.83544087,\n         1.30481336],\n       [-0.92930747,  1.39574217,  1.63069903,  6.2943422 ,  8.64434817,\n         1.4594426 ],\n       [-1.03846631,  1.3957429 ,  1.68993886,  6.14697543,  8.82538356,\n         1.29601664]]), array([0.46698017, 0.46781665, 0.46793997, 0.46808202, 0.46888135,\n       0.46911716, 0.4691868 ]))", "callback": [0.6489254919319107, 0.6289808217082826, 0.5887380659494545, 0.5588589183832762, 0.525783823015679, 0.4923729649405457, 0.48024000751926, 0.4749922120984392, 0.46808202290639556]}, "3": {"maxiter": 100, "fatol": 1e-10, "xatol": 1e-10, "duration": 0.035137176513671875, "fun": "0.46698017065393127", "nit": "100", "nfev": "151", "status": "2", "success": "False", "message": "Maximum number of iterations has been exceeded.", "x": "[-1.01352953  1.4394341   1.73709992  6.19629954  8.9564449   1.28168571]", "final_simplex": "(array([[-1.01352953,  1.4394341 ,  1.73709992,  6.19629954,  8.9564449 ,\n         1.28168571],\n       [-1.0159301 ,  1.50991578,  1.63437169,  6.2009111 ,  8.82788369,\n         1.31639573],\n       [-0.99935274,  1.44299329,  1.65963158,  6.1706248 ,  8.88638121,\n         1.33342555],\n       [-1.06063052,  1.35828091,  1.6872217 ,  6.24615646,  9.0049467 ,\n         1.18912551],\n       [-0.99941417,  1.44565781,  1.71583499,  6.09924261,  8.83544087,\n         1.30481336],\n       [-0.92930747,  1.39574217,  1.63069903,  6.2943422 ,  8.64434817,\n         1.4594426 ],\n       [-1.03846631,  1.3957429 ,  1.68993886,  6.14697543,  8.82538356,\n         1.29601664]]), array([0.46698017, 0.46781665, 0.46793997, 0.46808202, 0.46888135,\n       0.46911716, 0.4691868 ]))", "callback": [0.6489254919319107, 0.6289808217082826, 0.5887380659494545, 0.5588589183832762, 0.525783823015679, 0.4923729649405457, 0.48024000751926, 0.4749922120984392, 0.46808202290639556]}, "4": {"maxiter": 500, "fatol": 1e-05, "xatol": 1e-05, "duration": 0.170975923538208, "fun": "0.27620866392886845", "nit": "500", "nfev": "748", "status": "2", "success": "False", "message": "Maximum number of iterations has been exceeded.", "x": "[-1.92630889  3.33932487  3.0144426   4.30409372  8.92260028  3.20136181]", "final_simplex": "(array([[-1.92630889,  3.33932487,  3.0144426 ,  4.30409372,  8.92260028,\n         3.20136181],\n       [-1.92671915,  3.33856865,  3.01329583,  4.30468616,  8.92185558,\n         3.20118664],\n       [-1.9263157 ,  3.33932012,  3.01402861,  4.30479743,  8.92253851,\n         3.20145361],\n       [-1.92617979,  3.33924675,  3.01355903,  4.30415945,  8.92236027,\n         3.20119875],\n       [-1.92643174,  3.33941325,  3.01416913,  4.30412047,  8.92243686,\n         3.20172396],\n       [-1.92582746,  3.33909413,  3.01417205,  4.30402268,  8.92253007,\n         3.20127668],\n       [-1.92661251,  3.33843281,  3.01371046,  4.30411226,  8.92244802,\n         3.20168567]]), array([0.27620866, 0.27620866, 0.27620868, 0.2762087 , 0.2762087 ,\n       0.27620871, 0.27620872]))", "callback": [0.6489254919319107, 0.6289808217082826, 0.5887380659494545, 0.5588589183832762, 0.525783823015679, 0.4923729649405457, 0.48024000751926, 0.4749922120984392, 0.46808202290639556, 0.46698017065393127, 0.4668119349518193, 0.4665975826671137, 0.4665885839705882, 0.4665601470925045, 0.46653368264384565, 0.46650943374354104, 0.4662445776447042, 0.46369430537469747, 0.44641735483774436, 0.4407930105473764, 0.4370695583105083, 0.42435109483849265, 0.3980272929795623, 0.3916075710589051, 0.3907466969328146, 0.38979917701999167, 0.3889281382883317, 0.3879023512711741, 0.3824286278739547, 0.3782692357583438, 0.3678194687639995, 0.3588259945999227, 0.34155310756440305, 0.29627086325189556, 0.28776211338147795, 0.2842007411141424, 0.28330411262670496, 0.2808259088910017, 0.2789493053809271, 0.27811000433870736, 0.2774920251871982, 0.2768327364661817, 0.27645128774678174, 0.27634103529942744, 0.2762537389084555, 0.27621571972141556, 0.27621150438707465, 0.27620923085798055, 0.2762087547805049]}, "5": {"maxiter": 500, "fatol": 1e-05, "xatol": 1e-10, "duration": 0.170640230178833, "fun": "0.27620866392886845", "nit": "500", "nfev": "748", "status": "2", "success": "False", "message": "Maximum number of iterations has been exceeded.", "x": "[-1.92630889  3.33932487  3.0144426   4.30409372  8.92260028  3.20136181]", "final_simplex": "(array([[-1.92630889,  3.33932487,  3.0144426 ,  4.30409372,  8.92260028,\n         3.20136181],\n       [-1.92671915,  3.33856865,  3.01329583,  4.30468616,  8.92185558,\n         3.20118664],\n       [-1.9263157 ,  3.33932012,  3.01402861,  4.30479743,  8.92253851,\n         3.20145361],\n       [-1.92617979,  3.33924675,  3.01355903,  4.30415945,  8.92236027,\n         3.20119875],\n       [-1.92643174,  3.33941325,  3.01416913,  4.30412047,  8.92243686,\n         3.20172396],\n       [-1.92582746,  3.33909413,  3.01417205,  4.30402268,  8.92253007,\n         3.20127668],\n       [-1.92661251,  3.33843281,  3.01371046,  4.30411226,  8.92244802,\n         3.20168567]]), array([0.27620866, 0.27620866, 0.27620868, 0.2762087 , 0.2762087 ,\n       0.27620871, 0.27620872]))", "callback": [0.6489254919319107, 0.6289808217082826, 0.5887380659494545, 0.5588589183832762, 0.525783823015679, 0.4923729649405457, 0.48024000751926, 0.4749922120984392, 0.46808202290639556, 0.46698017065393127, 0.4668119349518193, 0.4665975826671137, 0.4665885839705882, 0.4665601470925045, 0.46653368264384565, 0.46650943374354104, 0.4662445776447042, 0.46369430537469747, 0.44641735483774436, 0.4407930105473764, 0.4370695583105083, 0.42435109483849265, 0.3980272929795623, 0.3916075710589051, 0.3907466969328146, 0.38979917701999167, 0.3889281382883317, 0.3879023512711741, 0.3824286278739547, 0.3782692357583438, 0.3678194687639995, 0.3588259945999227, 0.34155310756440305, 0.29627086325189556, 0.28776211338147795, 0.2842007411141424, 0.28330411262670496, 0.2808259088910017, 0.2789493053809271, 0.27811000433870736, 0.2774920251871982, 0.2768327364661817, 0.27645128774678174, 0.27634103529942744, 0.2762537389084555, 0.27621571972141556, 0.27621150438707465, 0.27620923085798055, 0.2762087547805049]}, "6": {"maxiter": 500, "fatol": 1e-10, "xatol": 1e-05, "duration": 0.17480921745300293, "fun": "0.27620866392886845", "nit": "500", "nfev": "748", "status": "2", "success": "False", "message": "Maximum number of iterations has been exceeded.", "x": "[-1.92630889  3.33932487  3.0144426   4.30409372  8.92260028  3.20136181]", "final_simplex": "(array([[-1.92630889,  3.33932487,  3.0144426 ,  4.30409372,  8.92260028,\n         3.20136181],\n       [-1.92671915,  3.33856865,  3.01329583,  4.30468616,  8.92185558,\n         3.20118664],\n       [-1.9263157 ,  3.33932012,  3.01402861,  4.30479743,  8.92253851,\n         3.20145361],\n       [-1.92617979,  3.33924675,  3.01355903,  4.30415945,  8.92236027,\n         3.20119875],\n       [-1.92643174,  3.33941325,  3.01416913,  4.30412047,  8.92243686,\n         3.20172396],\n       [-1.92582746,  3.33909413,  3.01417205,  4.30402268,  8.92253007,\n         3.20127668],\n       [-1.92661251,  3.33843281,  3.01371046,  4.30411226,  8.92244802,\n         3.20168567]]), array([0.27620866, 0.27620866, 0.27620868, 0.2762087 , 0.2762087 ,\n       0.27620871, 0.27620872]))", "callback": [0.6489254919319107, 0.6289808217082826, 0.5887380659494545, 0.5588589183832762, 0.525783823015679, 0.4923729649405457, 0.48024000751926, 0.4749922120984392, 0.46808202290639556, 0.46698017065393127, 0.4668119349518193, 0.4665975826671137, 0.4665885839705882, 0.4665601470925045, 0.46653368264384565, 0.46650943374354104, 0.4662445776447042, 0.46369430537469747, 0.44641735483774436, 0.4407930105473764, 0.4370695583105083, 0.42435109483849265, 0.3980272929795623, 0.3916075710589051, 0.3907466969328146, 0.38979917701999167, 0.3889281382883317, 0.3879023512711741, 0.3824286278739547, 0.3782692357583438, 0.3678194687639995, 0.3588259945999227, 0.34155310756440305, 0.29627086325189556, 0.28776211338147795, 0.2842007411141424, 0.28330411262670496, 0.2808259088910017, 0.2789493053809271, 0.27811000433870736, 0.2774920251871982, 0.2768327364661817, 0.27645128774678174, 0.27634103529942744, 0.2762537389084555, 0.27621571972141556, 0.27621150438707465, 0.27620923085798055, 0.2762087547805049]}, "7": {"maxiter": 500, "fatol": 1e-10, "xatol": 1e-10, "duration": 0.17901897430419922, "fun": "0.27620866392886845", "nit": "500", "nfev": "748", "status": "2", "success": "False", "message": "Maximum number of iterations has been exceeded.", "x": "[-1.92630889  3.33932487  3.0144426   4.30409372  8.92260028  3.20136181]", "final_simplex": "(array([[-1.92630889,  3.33932487,  3.0144426 ,  4.30409372,  8.92260028,\n         3.20136181],\n       [-1.92671915,  3.33856865,  3.01329583,  4.30468616,  8.92185558,\n         3.20118664],\n       [-1.9263157 ,  3.33932012,  3.01402861,  4.30479743,  8.92253851,\n         3.20145361],\n       [-1.92617979,  3.33924675,  3.01355903,  4.30415945,  8.92236027,\n         3.20119875],\n       [-1.92643174,  3.33941325,  3.01416913,  4.30412047,  8.92243686,\n         3.20172396],\n       [-1.92582746,  3.33909413,  3.01417205,  4.30402268,  8.92253007,\n         3.20127668],\n       [-1.92661251,  3.33843281,  3.01371046,  4.30411226,  8.92244802,\n         3.20168567]]), array([0.27620866, 0.27620866, 0.27620868, 0.2762087 , 0.2762087 ,\n       0.27620871, 0.27620872]))", "callback": [0.6489254919319107, 0.6289808217082826, 0.5887380659494545, 0.5588589183832762, 0.525783823015679, 0.4923729649405457, 0.48024000751926, 0.4749922120984392, 0.46808202290639556, 0.46698017065393127, 0.4668119349518193, 0.4665975826671137, 0.4665885839705882, 0.4665601470925045, 0.46653368264384565, 0.46650943374354104, 0.4662445776447042, 0.46369430537469747, 0.44641735483774436, 0.4407930105473764, 0.4370695583105083, 0.42435109483849265, 0.3980272929795623, 0.3916075710589051, 0.3907466969328146, 0.38979917701999167, 0.3889281382883317, 0.3879023512711741, 0.3824286278739547, 0.3782692357583438, 0.3678194687639995, 0.3588259945999227, 0.34155310756440305, 0.29627086325189556, 0.28776211338147795, 0.2842007411141424, 0.28330411262670496, 0.2808259088910017, 0.2789493053809271, 0.27811000433870736, 0.2774920251871982, 0.2768327364661817, 0.27645128774678174, 0.27634103529942744, 0.2762537389084555, 0.27621571972141556, 0.27621150438707465, 0.27620923085798055, 0.2762087547805049]}, "8": {"maxiter": 1000, "fatol": 1e-05, "xatol": 1e-05, "duration": 0.21356821060180664, "fun": "0.27620856856969667", "nit": "615", "nfev": "928", "status": "0", "success": "True", "message": "Optimization terminated successfully.", "x": "[-1.92641912  3.33870058  3.01387013  4.30463585  8.92256173  3.20056814]", "final_simplex": "(array([[-1.92641912,  3.33870058,  3.01387013,  4.30463585,  8.92256173,\n         3.20056814],\n       [-1.92641253,  3.33870265,  3.01387258,  4.30463857,  8.92256539,\n         3.20056179],\n       [-1.92641369,  3.33870012,  3.01387549,  4.30463843,  8.92256564,\n         3.20056692],\n       [-1.92641416,  3.33870453,  3.01387619,  4.30463623,  8.92255997,\n         3.20056399],\n       [-1.92641256,  3.33870072,  3.0138743 ,  4.30463445,  8.92256212,\n         3.20056177],\n       [-1.92641211,  3.33870644,  3.01387279,  4.30463515,  8.92256324,\n         3.20057116],\n       [-1.92641243,  3.3387057 ,  3.01387988,  4.30463617,  8.92256817,\n         3.20056718]]), array([0.27620857, 0.27620857, 0.27620857, 0.27620857, 0.27620857,\n       0.27620857, 0.27620857]))", "callback": [0.6489254919319107, 0.6289808217082826, 0.5887380659494545, 0.5588589183832762, 0.525783823015679, 0.4923729649405457, 0.48024000751926, 0.4749922120984392, 0.46808202290639556, 0.46698017065393127, 0.4668119349518193, 0.4665975826671137, 0.4665885839705882, 0.4665601470925045, 0.46653368264384565, 0.46650943374354104, 0.4662445776447042, 0.46369430537469747, 0.44641735483774436, 0.4407930105473764, 0.4370695583105083, 0.42435109483849265, 0.3980272929795623, 0.3916075710589051, 0.3907466969328146, 0.38979917701999167, 0.3889281382883317, 0.3879023512711741, 0.3824286278739547, 0.3782692357583438, 0.3678194687639995, 0.3588259945999227, 0.34155310756440305, 0.29627086325189556, 0.28776211338147795, 0.2842007411141424, 0.28330411262670496, 0.2808259088910017, 0.2789493053809271, 0.27811000433870736, 0.2774920251871982, 0.2768327364661817, 0.27645128774678174, 0.27634103529942744, 0.2762537389084555, 0.27621571972141556, 0.27621150438707465, 0.27620923085798055, 0.2762087547805049, 0.276208657309465, 0.2762085979126617, 0.2762085810738121, 0.2762085760679822, 0.27620857152674416, 0.27620857011231126, 0.27620856959743445, 0.27620856906421876, 0.27620856887911016, 0.27620856863329424, 0.2762085685957759, 0.2762085685726495]}, "9": {"maxiter": 1000, "fatol": 1e-05, "xatol": 1e-10, "duration": 0.26335906982421875, "fun": "0.27620856856801057", "nit": "704", "nfev": "1134", "status": "0", "success": "True", "message": "Optimization terminated successfully.", "x": "[-1.92641601  3.33870147  3.01387166  4.30463719  8.92256202  3.20056598]", "final_simplex": "(array([[-1.92641601,  3.33870147,  3.01387166,  4.30463719,  8.92256202,\n         3.20056598],\n       [-1.92641601,  3.33870147,  3.01387166,  4.30463719,  8.92256202,\n         3.20056598],\n       [-1.92641601,  3.33870147,  3.01387166,  4.30463719,  8.92256202,\n         3.20056598],\n       [-1.92641601,  3.33870147,  3.01387166,  4.30463719,  8.92256202,\n         3.20056598],\n       [-1.92641601,  3.33870147,  3.01387166,  4.30463719,  8.92256202,\n         3.20056598],\n       [-1.92641601,  3.33870147,  3.01387166,  4.30463719,  8.92256202,\n         3.20056598],\n       [-1.92641601,  3.33870147,  3.01387166,  4.30463719,  8.92256202,\n         3.20056598]]), array([0.27620857, 0.27620857, 0.27620857, 0.27620857, 0.27620857,\n       0.27620857, 0.27620857]))", "callback": [0.6489254919319107, 0.6289808217082826, 0.5887380659494545, 0.5588589183832762, 0.525783823015679, 0.4923729649405457, 0.48024000751926, 0.4749922120984392, 0.46808202290639556, 0.46698017065393127, 0.4668119349518193, 0.4665975826671137, 0.4665885839705882, 0.4665601470925045, 0.46653368264384565, 0.46650943374354104, 0.4662445776447042, 0.46369430537469747, 0.44641735483774436, 0.4407930105473764, 0.4370695583105083, 0.42435109483849265, 0.3980272929795623, 0.3916075710589051, 0.3907466969328146, 0.38979917701999167, 0.3889281382883317, 0.3879023512711741, 0.3824286278739547, 0.3782692357583438, 0.3678194687639995, 0.3588259945999227, 0.34155310756440305, 0.29627086325189556, 0.28776211338147795, 0.2842007411141424, 0.28330411262670496, 0.2808259088910017, 0.2789493053809271, 0.27811000433870736, 0.2774920251871982, 0.2768327364661817, 0.27645128774678174, 0.27634103529942744, 0.2762537389084555, 0.27621571972141556, 0.27621150438707465, 0.27620923085798055, 0.2762087547805049, 0.276208657309465, 0.2762085979126617, 0.2762085810738121, 0.2762085760679822, 0.27620857152674416, 0.27620857011231126, 0.27620856959743445, 0.27620856906421876, 0.27620856887911016, 0.27620856863329424, 0.2762085685957759, 0.2762085685726495, 0.27620856856882037, 0.27620856856819886, 0.2762085685680499, 0.27620856856801546, 0.2762085685680121, 0.2762085685680108, 0.27620856856801057, 0.27620856856801057, 0.27620856856801057]}, "10": {"maxiter": 1000, "fatol": 1e-10, "xatol": 1e-05, "duration": 0.2097160816192627, "fun": "0.27620856856969667", "nit": "615", "nfev": "928", "status": "0", "success": "True", "message": "Optimization terminated successfully.", "x": "[-1.92641912  3.33870058  3.01387013  4.30463585  8.92256173  3.20056814]", "final_simplex": "(array([[-1.92641912,  3.33870058,  3.01387013,  4.30463585,  8.92256173,\n         3.20056814],\n       [-1.92641253,  3.33870265,  3.01387258,  4.30463857,  8.92256539,\n         3.20056179],\n       [-1.92641369,  3.33870012,  3.01387549,  4.30463843,  8.92256564,\n         3.20056692],\n       [-1.92641416,  3.33870453,  3.01387619,  4.30463623,  8.92255997,\n         3.20056399],\n       [-1.92641256,  3.33870072,  3.0138743 ,  4.30463445,  8.92256212,\n         3.20056177],\n       [-1.92641211,  3.33870644,  3.01387279,  4.30463515,  8.92256324,\n         3.20057116],\n       [-1.92641243,  3.3387057 ,  3.01387988,  4.30463617,  8.92256817,\n         3.20056718]]), array([0.27620857, 0.27620857, 0.27620857, 0.27620857, 0.27620857,\n       0.27620857, 0.27620857]))", "callback": [0.6489254919319107, 0.6289808217082826, 0.5887380659494545, 0.5588589183832762, 0.525783823015679, 0.4923729649405457, 0.48024000751926, 0.4749922120984392, 0.46808202290639556, 0.46698017065393127, 0.4668119349518193, 0.4665975826671137, 0.4665885839705882, 0.4665601470925045, 0.46653368264384565, 0.46650943374354104, 0.4662445776447042, 0.46369430537469747, 0.44641735483774436, 0.4407930105473764, 0.4370695583105083, 0.42435109483849265, 0.3980272929795623, 0.3916075710589051, 0.3907466969328146, 0.38979917701999167, 0.3889281382883317, 0.3879023512711741, 0.3824286278739547, 0.3782692357583438, 0.3678194687639995, 0.3588259945999227, 0.34155310756440305, 0.29627086325189556, 0.28776211338147795, 0.2842007411141424, 0.28330411262670496, 0.2808259088910017, 0.2789493053809271, 0.27811000433870736, 0.2774920251871982, 0.2768327364661817, 0.27645128774678174, 0.27634103529942744, 0.2762537389084555, 0.27621571972141556, 0.27621150438707465, 0.27620923085798055, 0.2762087547805049, 0.276208657309465, 0.2762085979126617, 0.2762085810738121, 0.2762085760679822, 0.27620857152674416, 0.27620857011231126, 0.27620856959743445, 0.27620856906421876, 0.27620856887911016, 0.27620856863329424, 0.2762085685957759, 0.2762085685726495]}, "11": {"maxiter": 1000, "fatol": 1e-10, "xatol": 1e-10, "duration": 0.26568102836608887, "fun": "0.27620856856801057", "nit": "704", "nfev": "1134", "status": "0", "success": "True", "message": "Optimization terminated successfully.", "x": "[-1.92641601  3.33870147  3.01387166  4.30463719  8.92256202  3.20056598]", "final_simplex": "(array([[-1.92641601,  3.33870147,  3.01387166,  4.30463719,  8.92256202,\n         3.20056598],\n       [-1.92641601,  3.33870147,  3.01387166,  4.30463719,  8.92256202,\n         3.20056598],\n       [-1.92641601,  3.33870147,  3.01387166,  4.30463719,  8.92256202,\n         3.20056598],\n       [-1.92641601,  3.33870147,  3.01387166,  4.30463719,  8.92256202,\n         3.20056598],\n       [-1.92641601,  3.33870147,  3.01387166,  4.30463719,  8.92256202,\n         3.20056598],\n       [-1.92641601,  3.33870147,  3.01387166,  4.30463719,  8.92256202,\n         3.20056598],\n       [-1.92641601,  3.33870147,  3.01387166,  4.30463719,  8.92256202,\n         3.20056598]]), array([0.27620857, 0.27620857, 0.27620857, 0.27620857, 0.27620857,\n       0.27620857, 0.27620857]))", "callback": [0.6489254919319107, 0.6289808217082826, 0.5887380659494545, 0.5588589183832762, 0.525783823015679, 0.4923729649405457, 0.48024000751926, 0.4749922120984392, 0.46808202290639556, 0.46698017065393127, 0.4668119349518193, 0.4665975826671137, 0.4665885839705882, 0.4665601470925045, 0.46653368264384565, 0.46650943374354104, 0.4662445776447042, 0.46369430537469747, 0.44641735483774436, 0.4407930105473764, 0.4370695583105083, 0.42435109483849265, 0.3980272929795623, 0.3916075710589051, 0.3907466969328146, 0.38979917701999167, 0.3889281382883317, 0.3879023512711741, 0.3824286278739547, 0.3782692357583438, 0.3678194687639995, 0.3588259945999227, 0.34155310756440305, 0.29627086325189556, 0.28776211338147795, 0.2842007411141424, 0.28330411262670496, 0.2808259088910017, 0.2789493053809271, 0.27811000433870736, 0.2774920251871982, 0.2768327364661817, 0.27645128774678174, 0.27634103529942744, 0.2762537389084555, 0.27621571972141556, 0.27621150438707465, 0.27620923085798055, 0.2762087547805049, 0.276208657309465, 0.2762085979126617, 0.2762085810738121, 0.2762085760679822, 0.27620857152674416, 0.27620857011231126, 0.27620856959743445, 0.27620856906421876, 0.27620856887911016, 0.27620856863329424, 0.2762085685957759, 0.2762085685726495, 0.27620856856882037, 0.27620856856819886, 0.2762085685680499, 0.27620856856801546, 0.2762085685680121, 0.2762085685680108, 0.27620856856801057, 0.27620856856801057, 0.27620856856801057]}}, "bfgs": {"type": "gradient", "0": {"maxiter": 100, "gtol": 1e-05, "xrtol": 1e-05, "eps": 1e-05, "duration": 0.09375, "fun": "0.2762085688471584", "jac": "[ 9.25990395e-06  8.06648082e-06  3.14045456e-06 -6.17921270e-06\n  5.42941248e-06 -9.22062426e-07]", "hess_inv": "[[ 5.79110247 -1.29685151 -2.15393818 -0.66804705 -3.89715655  1.31130535]\n [-1.29685151  5.66399194  3.17240766  1.37692816  1.20797163  2.05736802]\n [-2.15393818  3.17240766  5.44058947  0.70772725  2.32708976  0.37284731]\n [-0.66804705  1.37692816  0.70772725  3.90332789  0.77287144  1.5219935 ]\n [-3.89715655  1.20797163  2.32708976  0.77287144  6.90633429  0.36100387]\n [ 1.31130535  2.05736802  0.37284731  1.5219935   0.36100387  7.12190649]]", "nfev": "392", "njev": "56", "status": "0", "success": "True", "message": "Optimization terminated successfully.", "x": "[ 1.92643733  0.19713327 -0.12770555  1.97852417  5.78097523  6.34215849]", "nit": "41", "callback": [0.5156419611016552, 0.43421953873748886, 0.43142659762014546, 0.2762086084096519]}, "1": {"maxiter": 100, "gtol": 1e-05, "xrtol": 1e-05, "eps": 1e-10, "duration": 0.09648704528808594, "fun": "0.2762085688469167", "jac": "[ 5.55111466e-06  9.99200639e-06 -4.44089173e-06  1.11022293e-06\n -3.33066880e-06 -5.55111466e-06]", "hess_inv": "[[ 5.87652688 -1.25000648 -1.99424675 -0.68957562 -3.8950526   1.41498335]\n [-1.25000648  5.26320555  2.72118365  1.30026828  1.60120139  2.17103508]\n [-1.99424675  2.72118365  5.12254433  0.84469695  2.52675016  0.3468747 ]\n [-0.68957562  1.30026828  0.84469695  3.65122668  0.7508329   1.57334705]\n [-3.8950526   1.60120139  2.52675016  0.7508329   7.11343603  0.38075816]\n [ 1.41498335  2.17103508  0.3468747   1.57334705  0.38075816  7.08536016]]", "nfev": "420", "njev": "60", "status": "0", "success": "True", "message": "Optimization terminated successfully.", "x": "[ 1.92643327  0.19714301 -0.1277155   1.97855052  5.78094672  6.34214144]", "nit": "43", "callback": [0.515642066458377, 0.4342207695819952, 0.4277101730381635, 0.2762106974264823]}, "2": {"maxiter": 100, "gtol": 1e-05, "xrtol": 1e-10, "eps": 1e-05, "duration": 0.09404110908508301, "fun": "0.2762085688471584", "jac": "[ 9.25990395e-06  8.06648082e-06  3.14045456e-06 -6.17921270e-06\n  5.42941248e-06 -9.22062426e-07]", "hess_inv": "[[ 5.79110247 -1.29685151 -2.15393818 -0.66804705 -3.89715655  1.31130535]\n [-1.29685151  5.66399194  3.17240766  1.37692816  1.20797163  2.05736802]\n [-2.15393818  3.17240766  5.44058947  0.70772725  2.32708976  0.37284731]\n [-0.66804705  1.37692816  0.70772725  3.90332789  0.77287144  1.5219935 ]\n [-3.89715655  1.20797163  2.32708976  0.77287144  6.90633429  0.36100387]\n [ 1.31130535  2.05736802  0.37284731  1.5219935   0.36100387  7.12190649]]", "nfev": "392", "njev": "56", "status": "0", "success": "True", "message": "Optimization terminated successfully.", "x": "[ 1.92643733  0.19713327 -0.12770555  1.97852417  5.78097523  6.34215849]", "nit": "41", "callback": [0.5156419611016552, 0.43421953873748886, 0.43142659762014546, 0.2762086084096519]}, "3": {"maxiter": 100, "gtol": 1e-05, "xrtol": 1e-10, "eps": 1e-10, "duration": 0.1027231216430664, "fun": "0.2762085688469167", "jac": "[ 5.55111466e-06  9.99200639e-06 -4.44089173e-06  1.11022293e-06\n -3.33066880e-06 -5.55111466e-06]", "hess_inv": "[[ 5.87652688 -1.25000648 -1.99424675 -0.68957562 -3.8950526   1.41498335]\n [-1.25000648  5.26320555  2.72118365  1.30026828  1.60120139  2.17103508]\n [-1.99424675  2.72118365  5.12254433  0.84469695  2.52675016  0.3468747 ]\n [-0.68957562  1.30026828  0.84469695  3.65122668  0.7508329   1.57334705]\n [-3.8950526   1.60120139  2.52675016  0.7508329   7.11343603  0.38075816]\n [ 1.41498335  2.17103508  0.3468747   1.57334705  0.38075816  7.08536016]]", "nfev": "420", "njev": "60", "status": "0", "success": "True", "message": "Optimization terminated successfully.", "x": "[ 1.92643327  0.19714301 -0.1277155   1.97855052  5.78094672  6.34214144]", "nit": "43", "callback": [0.515642066458377, 0.4342207695819952, 0.4277101730381635, 0.2762106974264823]}, "4": {"maxiter": 100, "gtol": 1e-10, "xrtol": 1e-05, "eps": 1e-05, "duration": 0.09716320037841797, "fun": "0.27620856861759646", "jac": "[ 2.57982524e-07  2.21600516e-07 -8.62576677e-07  6.27820018e-07\n  2.41862086e-07 -4.23994173e-08]", "hess_inv": "[[ 5.80908432 -1.26307904 -2.11067716 -0.6838221  -3.80486795  1.24558477]\n [-1.26307904  5.72530972  3.25849734  1.3466518   1.41093604  1.90340359]\n [-2.11067716  3.25849734  5.53357758  0.67126172  2.4812108   0.28470314]\n [-0.6838221   1.3466518   0.67126172  3.91696776  0.70101025  1.57027124]\n [-3.80486795  1.41093604  2.4812108   0.70101025  6.96415692  0.4521457 ]\n [ 1.24558477  1.90340359  0.28470314  1.57027124  0.4521457   6.92067188]]", "nfev": "399", "njev": "57", "status": "0", "success": "True", "message": "Optimization terminated successfully.", "x": "[ 1.92641794  0.19709097 -0.12773873  1.97853938  5.78095823  6.34214434]", "nit": "42", "callback": [0.5156419611016552, 0.43421953873748886, 0.43142659762014546, 0.2762086084096519]}, "5": {"maxiter": 100, "gtol": 1e-10, "xrtol": 1e-05, "eps": 1e-10, "duration": 0.09920907020568848, "fun": "0.276208568660539", "jac": "[-2.22044587e-06  1.11022293e-06  5.55111466e-06  0.00000000e+00\n  2.22044587e-06  0.00000000e+00]", "hess_inv": "[[ 6.35978163 -1.03709716 -2.15391862 -0.71816177 -4.5193948   1.15917886]\n [-1.03709716  5.3271509   2.70183972  1.28559553  1.31334449  1.98917238]\n [-2.15391862  2.70183972  5.08817458  0.8576926   2.75488412  0.54954142]\n [-0.71816177  1.28559553  0.8576926   3.65277296  0.78687463  1.58366414]\n [-4.5193948   1.31334449  2.75488412  0.78687463  7.91457914  0.68162228]\n [ 1.15917886  1.98917238  0.54954142  1.58366414  0.68162228  7.06055669]]", "nfev": "427", "njev": "61", "status": "0", "success": "True", "message": "Optimization terminated successfully.", "x": "[ 1.92639094  0.19712153 -0.12769667  1.97855283  5.78100019  6.34215728]", "nit": "44", "callback": [0.515642066458377, 0.4342207695819952, 0.4277101730381635, 0.2762106974264823]}, "6": {"maxiter": 100, "gtol": 1e-10, "xrtol": 1e-10, "eps": 1e-05, "duration": 0.14675593376159668, "fun": "0.2762085686153789", "jac": "[ 3.55271368e-10  4.77395901e-10  6.66133815e-11  6.66133815e-11\n -1.44328993e-10 -2.77555756e-10]", "hess_inv": "[[ 5.88625524 -1.17258302 -2.08178181 -0.70296157 -3.83299861  1.33132483]\n [-1.17258302  5.71573227  3.10956491  1.43594709  1.38058611  1.97561022]\n [-2.08178181  3.10956491  5.25624748  0.84105322  2.46921438  0.26860502]\n [-0.70296157  1.43594709  0.84105322  3.81103262  0.70618001  1.58401652]\n [-3.83299861  1.38058611  2.46921438  0.70618001  7.01339888  0.43601493]\n [ 1.33132483  1.97561022  0.26860502  1.58401652  0.43601493  6.99484162]]", "nfev": "642", "njev": "90", "status": "2", "success": "False", "message": "Desired error not necessarily achieved due to precision loss.", "x": "[ 1.92641629  0.19709151 -0.12773547  1.97853746  5.78095895  6.34214299]", "nit": "44", "callback": [0.5156419611016552, 0.43421953873748886, 0.43142659762014546, 0.2762086084096519]}, "7": {"maxiter": 100, "gtol": 1e-10, "xrtol": 1e-10, "eps": 1e-10, "duration": 0.1421370506286621, "fun": "0.27620856857724485", "jac": "[3.33066880e-06 1.11022293e-06 1.11022293e-06 1.11022293e-06\n 1.11022293e-06 0.00000000e+00]", "hess_inv": "[[ 4.86719823 -1.8906193  -1.5441685  -1.29961122 -3.56042182 -0.42013826]\n [-1.8906193   3.20863116  0.88206673  0.83988391  0.99633464  1.72753503]\n [-1.5441685   0.88206673  2.77890036  0.47084285  1.31891491  0.62524352]\n [-1.29961122  0.83988391  0.47084285  3.92188324  1.37196638  2.60199002]\n [-3.56042182  0.99633464  1.31891491  1.37196638  7.3330391   2.96374814]\n [-0.42013826  1.72753503  0.62524352  2.60199002  2.96374814 10.16613817]]", "nfev": "581", "njev": "83", "status": "0", "success": "True", "message": "Optimization terminated successfully.", "x": "[ 1.92641727  0.19710507 -0.12772014  1.97854498  5.7809716   6.34215003]", "nit": "47", "callback": [0.515642066458377, 0.4342207695819952, 0.4277101730381635, 0.2762106974264823]}, "8": {"maxiter": 500, "gtol": 1e-05, "xrtol": 1e-05, "eps": 1e-05, "duration": 0.0926659107208252, "fun": "0.2762085688471584", "jac": "[ 9.25990395e-06  8.06648082e-06  3.14045456e-06 -6.17921270e-06\n  5.42941248e-06 -9.22062426e-07]", "hess_inv": "[[ 5.79110247 -1.29685151 -2.15393818 -0.66804705 -3.89715655  1.31130535]\n [-1.29685151  5.66399194  3.17240766  1.37692816  1.20797163  2.05736802]\n [-2.15393818  3.17240766  5.44058947  0.70772725  2.32708976  0.37284731]\n [-0.66804705  1.37692816  0.70772725  3.90332789  0.77287144  1.5219935 ]\n [-3.89715655  1.20797163  2.32708976  0.77287144  6.90633429  0.36100387]\n [ 1.31130535  2.05736802  0.37284731  1.5219935   0.36100387  7.12190649]]", "nfev": "392", "njev": "56", "status": "0", "success": "True", "message": "Optimization terminated successfully.", "x": "[ 1.92643733  0.19713327 -0.12770555  1.97852417  5.78097523  6.34215849]", "nit": "41", "callback": [0.5156419611016552, 0.43421953873748886, 0.43142659762014546, 0.2762086084096519]}, "9": {"maxiter": 500, "gtol": 1e-05, "xrtol": 1e-05, "eps": 1e-10, "duration": 0.09739303588867188, "fun": "0.2762085688469167", "jac": "[ 5.55111466e-06  9.99200639e-06 -4.44089173e-06  1.11022293e-06\n -3.33066880e-06 -5.55111466e-06]", "hess_inv": "[[ 5.87652688 -1.25000648 -1.99424675 -0.68957562 -3.8950526   1.41498335]\n [-1.25000648  5.26320555  2.72118365  1.30026828  1.60120139  2.17103508]\n [-1.99424675  2.72118365  5.12254433  0.84469695  2.52675016  0.3468747 ]\n [-0.68957562  1.30026828  0.84469695  3.65122668  0.7508329   1.57334705]\n [-3.8950526   1.60120139  2.52675016  0.7508329   7.11343603  0.38075816]\n [ 1.41498335  2.17103508  0.3468747   1.57334705  0.38075816  7.08536016]]", "nfev": "420", "njev": "60", "status": "0", "success": "True", "message": "Optimization terminated successfully.", "x": "[ 1.92643327  0.19714301 -0.1277155   1.97855052  5.78094672  6.34214144]", "nit": "43", "callback": [0.515642066458377, 0.4342207695819952, 0.4277101730381635, 0.2762106974264823]}, "10": {"maxiter": 500, "gtol": 1e-05, "xrtol": 1e-10, "eps": 1e-05, "duration": 0.0915372371673584, "fun": "0.2762085688471584", "jac": "[ 9.25990395e-06  8.06648082e-06  3.14045456e-06 -6.17921270e-06\n  5.42941248e-06 -9.22062426e-07]", "hess_inv": "[[ 5.79110247 -1.29685151 -2.15393818 -0.66804705 -3.89715655  1.31130535]\n [-1.29685151  5.66399194  3.17240766  1.37692816  1.20797163  2.05736802]\n [-2.15393818  3.17240766  5.44058947  0.70772725  2.32708976  0.37284731]\n [-0.66804705  1.37692816  0.70772725  3.90332789  0.77287144  1.5219935 ]\n [-3.89715655  1.20797163  2.32708976  0.77287144  6.90633429  0.36100387]\n [ 1.31130535  2.05736802  0.37284731  1.5219935   0.36100387  7.12190649]]", "nfev": "392", "njev": "56", "status": "0", "success": "True", "message": "Optimization terminated successfully.", "x": "[ 1.92643733  0.19713327 -0.12770555  1.97852417  5.78097523  6.34215849]", "nit": "41", "callback": [0.5156419611016552, 0.43421953873748886, 0.43142659762014546, 0.2762086084096519]}, "11": {"maxiter": 500, "gtol": 1e-05, "xrtol": 1e-10, "eps": 1e-10, "duration": 0.09621596336364746, "fun": "0.2762085688469167", "jac": "[ 5.55111466e-06  9.99200639e-06 -4.44089173e-06  1.11022293e-06\n -3.33066880e-06 -5.55111466e-06]", "hess_inv": "[[ 5.87652688 -1.25000648 -1.99424675 -0.68957562 -3.8950526   1.41498335]\n [-1.25000648  5.26320555  2.72118365  1.30026828  1.60120139  2.17103508]\n [-1.99424675  2.72118365  5.12254433  0.84469695  2.52675016  0.3468747 ]\n [-0.68957562  1.30026828  0.84469695  3.65122668  0.7508329   1.57334705]\n [-3.8950526   1.60120139  2.52675016  0.7508329   7.11343603  0.38075816]\n [ 1.41498335  2.17103508  0.3468747   1.57334705  0.38075816  7.08536016]]", "nfev": "420", "njev": "60", "status": "0", "success": "True", "message": "Optimization terminated successfully.", "x": "[ 1.92643327  0.19714301 -0.1277155   1.97855052  5.78094672  6.34214144]", "nit": "43", "callback": [0.515642066458377, 0.4342207695819952, 0.4277101730381635, 0.2762106974264823]}, "12": {"maxiter": 500, "gtol": 1e-10, "xrtol": 1e-05, "eps": 1e-05, "duration": 0.09264278411865234, "fun": "0.27620856861759646", "jac": "[ 2.57982524e-07  2.21600516e-07 -8.62576677e-07  6.27820018e-07\n  2.41862086e-07 -4.23994173e-08]", "hess_inv": "[[ 5.80908432 -1.26307904 -2.11067716 -0.6838221  -3.80486795  1.24558477]\n [-1.26307904  5.72530972  3.25849734  1.3466518   1.41093604  1.90340359]\n [-2.11067716  3.25849734  5.53357758  0.67126172  2.4812108   0.28470314]\n [-0.6838221   1.3466518   0.67126172  3.91696776  0.70101025  1.57027124]\n [-3.80486795  1.41093604  2.4812108   0.70101025  6.96415692  0.4521457 ]\n [ 1.24558477  1.90340359  0.28470314  1.57027124  0.4521457   6.92067188]]", "nfev": "399", "njev": "57", "status": "0", "success": "True", "message": "Optimization terminated successfully.", "x": "[ 1.92641794  0.19709097 -0.12773873  1.97853938  5.78095823  6.34214434]", "nit": "42", "callback": [0.5156419611016552, 0.43421953873748886, 0.43142659762014546, 0.2762086084096519]}, "13": {"maxiter": 500, "gtol": 1e-10, "xrtol": 1e-05, "eps": 1e-10, "duration": 0.10523819923400879, "fun": "0.276208568660539", "jac": "[-2.22044587e-06  1.11022293e-06  5.55111466e-06  0.00000000e+00\n  2.22044587e-06  0.00000000e+00]", "hess_inv": "[[ 6.35978163 -1.03709716 -2.15391862 -0.71816177 -4.5193948   1.15917886]\n [-1.03709716  5.3271509   2.70183972  1.28559553  1.31334449  1.98917238]\n [-2.15391862  2.70183972  5.08817458  0.8576926   2.75488412  0.54954142]\n [-0.71816177  1.28559553  0.8576926   3.65277296  0.78687463  1.58366414]\n [-4.5193948   1.31334449  2.75488412  0.78687463  7.91457914  0.68162228]\n [ 1.15917886  1.98917238  0.54954142  1.58366414  0.68162228  7.06055669]]", "nfev": "427", "njev": "61", "status": "0", "success": "True", "message": "Optimization terminated successfully.", "x": "[ 1.92639094  0.19712153 -0.12769667  1.97855283  5.78100019  6.34215728]", "nit": "44", "callback": [0.515642066458377, 0.4342207695819952, 0.4277101730381635, 0.2762106974264823]}, "14": {"maxiter": 500, "gtol": 1e-10, "xrtol": 1e-10, "eps": 1e-05, "duration": 0.15028023719787598, "fun": "0.2762085686153789", "jac": "[ 3.55271368e-10  4.77395901e-10  6.66133815e-11  6.66133815e-11\n -1.44328993e-10 -2.7