{"date": "2024/09/23/, 19:35:57", "conf_id": 55, "data_type": "random\n", "num_data_points": 3, "s_rank": 0, "unitary": "[[-0.45070455-0.02711853j,0.78437395-0.06613086j,0.06358678+0.19963393j,-0.07343613+0.35668523j],[-0.01890143-0.03813363j,0.32408202+0.25557629j,0.05872864-0.68979805j,0.55466693-0.20227297j],[-0.11215405+0.64023111j,-0.13344055+0.29565494j,-0.49012687-0.19046288j,-0.04241254+0.44046348j],[0.55771659+0.24656916j,0.31851997-0.05798805j,0.28761525-0.34294258j,-0.56718418+0.03616933j]]", "databatch_0": {"databatch": "[[[0.16591758+0.10359211j,0.12714801-0.33797494j,-0.14755372+0.26512931j,-0.12167902-0.1621587j],[0.01834109+0.01748145j,-0.11227512+0.01807709j,-0.12319391+0.05246243j,0.04973551-0.05886307j],[0.01904323+0.1246023j,0.08682745-0.49699245j,-0.18183156-0.19366382j,0.01782743+0.01559097j],[-0.04832557-0.22724783j,-0.16230789-0.06904318j,0.34761719-0.16062738j,-0.2602866+0.14036941j]],[[0.22772544+0.26089126j,0.35036643+0.09412843j,-0.212952-0.42769885j,-0.33087407-0.02301024j],[-0.17399143+0.05396575j,0.05991071+0.11951773j,0.15717068+0.00167947j,0.111499-0.01124593j],[0.00275837-0.21574226j,-0.06402877-0.24605883j,-0.09049194+0.34426891j,0.06122095+0.13054401j],[0.14149074-0.1197463j,0.07772512-0.06255709j,-0.05221469-0.1089467j,0.02214686+0.0613094j]],[[-0.21691658-0.2570036j,0.14552326-0.24255224j,0.1613657+0.08873902j,-0.00539885+0.07952252j],[0.10181841+0.11730585j,-0.20765469-0.38027328j,-0.13761043+0.15913706j,-0.27881674+0.18243712j],[0.18810853-0.32741386j,-0.17204037+0.0390316j,-0.13879166-0.15982275j,0.13895497-0.15788541j],[0.04000549-0.09099016j,0.27721143+0.10997941j,0.05780773-0.14070064j,-0.07990684+0.09158886j]]]", "initial param values": "[4.07792814,2.71618426,2.98104261,3.58093875,4.13626878,1.48505224]", "nelder_mead": {"type": "gradient-free", "0": {"maxiter": 100, "fatol": 1e-05, "xatol": 1e-05, "duration": 0.05012321472167969, "fun": "0.37439106656093235", "nit": "100", "nfev": "156", "status": "2", "success": "False", "message": "Maximum number of iterations has been exceeded.", "x": "[1.54611005 1.7425446  0.86354199 4.71901227 7.06305023 2.4297261 ]", "final_simplex": "(array([[1.54611005, 1.7425446 , 0.86354199, 4.71901227, 7.06305023,\n        2.4297261 ],\n       [1.47392293, 1.50737066, 0.76590015, 4.9957847 , 7.16652721,\n        2.51151454],\n       [1.67648586, 1.65267068, 0.9072436 , 4.86467229, 6.92070731,\n        2.42973073],\n       [1.57298568, 1.48617381, 0.71804991, 5.03581752, 7.07989764,\n        2.53411504],\n       [1.7083668 , 1.67557682, 0.92306501, 4.84522195, 6.89320334,\n        2.41518111],\n       [1.50403334, 1.42070633, 0.69824709, 5.0605007 , 7.12092163,\n        2.56928908],\n       [1.69372927, 1.68496562, 0.84679839, 4.88155053, 6.84346747,\n        2.44383159]]), array([0.37439107, 0.38256086, 0.39249113, 0.39471125, 0.39574035,\n       0.39814039, 0.40391505]))", "callback": [0.6592754490674801, 0.6592754490674801, 0.6390417797366996, 0.6350694593807558, 0.6337619553872842, 0.6332400332239887, 0.6311248617261425, 0.6072050671476743, 0.38256085781666505]}, "1": {"maxiter": 100, "fatol": 1e-05, "xatol": 1e-10, "duration": 0.04806184768676758, "fun": "0.37439106656093235", "nit": "100", "nfev": "156", "status": "2", "success": "False", "message": "Maximum number of iterations has been exceeded.", "x": "[1.54611005 1.7425446  0.86354199 4.71901227 7.06305023 2.4297261 ]", "final_simplex": "(array([[1.54611005, 1.7425446 , 0.86354199, 4.71901227, 7.06305023,\n        2.4297261 ],\n       [1.47392293, 1.50737066, 0.76590015, 4.9957847 , 7.16652721,\n        2.51151454],\n       [1.67648586, 1.65267068, 0.9072436 , 4.86467229, 6.92070731,\n        2.42973073],\n       [1.57298568, 1.48617381, 0.71804991, 5.03581752, 7.07989764,\n        2.53411504],\n       [1.7083668 , 1.67557682, 0.92306501, 4.84522195, 6.89320334,\n        2.41518111],\n       [1.50403334, 1.42070633, 0.69824709, 5.0605007 , 7.12092163,\n        2.56928908],\n       [1.69372927, 1.68496562, 0.84679839, 4.88155053, 6.84346747,\n        2.44383159]]), array([0.37439107, 0.38256086, 0.39249113, 0.39471125, 0.39574035,\n       0.39814039, 0.40391505]))", "callback": [0.6592754490674801, 0.6592754490674801, 0.6390417797366996, 0.6350694593807558, 0.6337619553872842, 0.6332400332239887, 0.6311248617261425, 0.6072050671476743, 0.38256085781666505]}, "2": {"maxiter": 100, "fatol": 1e-10, "xatol": 1e-05, "duration": 0.05042004585266113, "fun": "0.37439106656093235", "nit": "100", "nfev": "156", "status": "2", "success": "False", "message": "Maximum number of iterations has been exceeded.", "x": "[1.54611005 1.7425446  0.86354199 4.71901227 7.06305023 2.4297261 ]", "final_simplex": "(array([[1.54611005, 1.7425446 , 0.86354199, 4.71901227, 7.06305023,\n        2.4297261 ],\n       [1.47392293, 1.50737066, 0.76590015, 4.9957847 , 7.16652721,\n        2.51151454],\n       [1.67648586, 1.65267068, 0.9072436 , 4.86467229, 6.92070731,\n        2.42973073],\n       [1.57298568, 1.48617381, 0.71804991, 5.03581752, 7.07989764,\n        2.53411504],\n       [1.7083668 , 1.67557682, 0.92306501, 4.84522195, 6.89320334,\n        2.41518111],\n       [1.50403334, 1.42070633, 0.69824709, 5.0605007 , 7.12092163,\n        2.56928908],\n       [1.69372927, 1.68496562, 0.84679839, 4.88155053, 6.84346747,\n        2.44383159]]), array([0.37439107, 0.38256086, 0.39249113, 0.39471125, 0.39574035,\n       0.39814039, 0.40391505]))", "callback": [0.6592754490674801, 0.6592754490674801, 0.6390417797366996, 0.6350694593807558, 0.6337619553872842, 0.6332400332239887, 0.6311248617261425, 0.6072050671476743, 0.38256085781666505]}, "3": {"maxiter": 100, "fatol": 1e-10, "xatol": 1e-10, "duration": 0.04796886444091797, "fun": "0.37439106656093235", "nit": "100", "nfev": "156", "status": "2", "success": "False", "message": "Maximum number of iterations has been exceeded.", "x": "[1.54611005 1.7425446  0.86354199 4.71901227 7.06305023 2.4297261 ]", "final_simplex": "(array([[1.54611005, 1.7425446 , 0.86354199, 4.71901227, 7.06305023,\n        2.4297261 ],\n       [1.47392293, 1.50737066, 0.76590015, 4.9957847 , 7.16652721,\n        2.51151454],\n       [1.67648586, 1.65267068, 0.9072436 , 4.86467229, 6.92070731,\n        2.42973073],\n       [1.57298568, 1.48617381, 0.71804991, 5.03581752, 7.07989764,\n        2.53411504],\n       [1.7083668 , 1.67557682, 0.92306501, 4.84522195, 6.89320334,\n        2.41518111],\n       [1.50403334, 1.42070633, 0.69824709, 5.0605007 , 7.12092163,\n        2.56928908],\n       [1.69372927, 1.68496562, 0.84679839, 4.88155053, 6.84346747,\n        2.44383159]]), array([0.37439107, 0.38256086, 0.39249113, 0.39471125, 0.39574035,\n       0.39814039, 0.40391505]))", "callback": [0.6592754490674801, 0.6592754490674801, 0.6390417797366996, 0.6350694593807558, 0.6337619553872842, 0.6332400332239887, 0.6311248617261425, 0.6072050671476743, 0.38256085781666505]}, "4": {"maxiter": 500, "fatol": 1e-05, "xatol": 1e-05, "duration": 0.23514008522033691, "fun": "0.31575726919892666", "nit": "500", "nfev": "766", "status": "2", "success": "False", "message": "Maximum number of iterations has been exceeded.", "x": "[1.40056787 1.26943086 0.82193694 4.53562159 7.26658186 2.06017472]", "final_simplex": "(array([[1.40056787, 1.26943086, 0.82193694, 4.53562159, 7.26658186,\n        2.06017472],\n       [1.40283994, 1.27004495, 0.81996413, 4.5360208 , 7.26567106,\n        2.05922174],\n       [1.40258972, 1.26861354, 0.82246139, 4.53559668, 7.2669496 ,\n        2.05932501],\n       [1.40216726, 1.27232998, 0.82224113, 4.53755178, 7.26522091,\n        2.06128486],\n       [1.40414156, 1.26982798, 0.8225992 , 4.53338141, 7.26512145,\n        2.06001488],\n       [1.40322123, 1.26750914, 0.82242474, 4.53638357, 7.26303178,\n        2.05771453],\n       [1.4011547 , 1.26931021, 0.81947691, 4.53583014, 7.26587118,\n        2.06379969]]), array([0.31575727, 0.31575731, 0.31575759, 0.31575825, 0.31575836,\n       0.3157587 , 0.31575895]))", "callback": [0.6592754490674801, 0.6592754490674801, 0.6390417797366996, 0.6350694593807558, 0.6337619553872842, 0.6332400332239887, 0.6311248617261425, 0.6072050671476743, 0.38256085781666505, 0.37439106656093235, 0.3590243067307619, 0.3590243067307619, 0.3581313292254755, 0.3549484225581273, 0.3508490029162915, 0.3508490029162915, 0.35047246305964286, 0.35021220319148727, 0.3499167460221625, 0.3491460706372087, 0.34881068098654355, 0.34832881147405714, 0.3482373040298684, 0.3481875783271229, 0.34817926008628575, 0.3481764382239301, 0.3481661992372507, 0.3481287199271229, 0.34798810764649013, 0.3475598170874843, 0.3459299543001332, 0.3420040826528292, 0.34191802606995136, 0.3411715614061247, 0.3398200997377804, 0.3395572853261404, 0.338757502139549, 0.3373119128854659, 0.331550497720146, 0.3311556445046713, 0.32254997126925244, 0.32210302826597303, 0.32020589211936556, 0.3191179639941245, 0.31750576746410586, 0.316189002603128, 0.3158229014537962, 0.3157763795291566, 0.3157601619920708]}, "5": {"maxiter": 500, "fatol": 1e-05, "xatol": 1e-10, "duration": 0.24754595756530762, "fun": "0.31575726919892666", "nit": "500", "nfev": "766", "status": "2", "success": "False", "message": "Maximum number of iterations has been exceeded.", "x": "[1.40056787 1.26943086 0.82193694 4.53562159 7.26658186 2.06017472]", "final_simplex": "(array([[1.40056787, 1.26943086, 0.82193694, 4.53562159, 7.26658186,\n        2.06017472],\n       [1.40283994, 1.27004495, 0.81996413, 4.5360208 , 7.26567106,\n        2.05922174],\n       [1.40258972, 1.26861354, 0.82246139, 4.53559668, 7.2669496 ,\n        2.05932501],\n       [1.40216726, 1.27232998, 0.82224113, 4.53755178, 7.26522091,\n        2.06128486],\n       [1.40414156, 1.26982798, 0.8225992 , 4.53338141, 7.26512145,\n        2.06001488],\n       [1.40322123, 1.26750914, 0.82242474, 4.53638357, 7.26303178,\n        2.05771453],\n       [1.4011547 , 1.26931021, 0.81947691, 4.53583014, 7.26587118,\n        2.06379969]]), array([0.31575727, 0.31575731, 0.31575759, 0.31575825, 0.31575836,\n       0.3157587 , 0.31575895]))", "callback": [0.6592754490674801, 0.6592754490674801, 0.6390417797366996, 0.6350694593807558, 0.6337619553872842, 0.6332400332239887, 0.6311248617261425, 0.6072050671476743, 0.38256085781666505, 0.37439106656093235, 0.3590243067307619, 0.3590243067307619, 0.3581313292254755, 0.3549484225581273, 0.3508490029162915, 0.3508490029162915, 0.35047246305964286, 0.35021220319148727, 0.3499167460221625, 0.3491460706372087, 0.34881068098654355, 0.34832881147405714, 0.3482373040298684, 0.3481875783271229, 0.34817926008628575, 0.3481764382239301, 0.3481661992372507, 0.3481287199271229, 0.34798810764649013, 0.3475598170874843, 0.3459299543001332, 0.3420040826528292, 0.34191802606995136, 0.3411715614061247, 0.3398200997377804, 0.3395572853261404, 0.338757502139549, 0.3373119128854659, 0.331550497720146, 0.3311556445046713, 0.32254997126925244, 0.32210302826597303, 0.32020589211936556, 0.3191179639941245, 0.31750576746410586, 0.316189002603128, 0.3158229014537962, 0.3157763795291566, 0.3157601619920708]}, "6": {"maxiter": 500, "fatol": 1e-10, "xatol": 1e-05, "duration": 0.24445295333862305, "fun": "0.31575726919892666", "nit": "500", "nfev": "766", "status": "2", "success": "False", "message": "Maximum number of iterations has been exceeded.", "x": "[1.40056787 1.26943086 0.82193694 4.53562159 7.26658186 2.06017472]", "final_simplex": "(array([[1.40056787, 1.26943086, 0.82193694, 4.53562159, 7.26658186,\n        2.06017472],\n       [1.40283994, 1.27004495, 0.81996413, 4.5360208 , 7.26567106,\n        2.05922174],\n       [1.40258972, 1.26861354, 0.82246139, 4.53559668, 7.2669496 ,\n        2.05932501],\n       [1.40216726, 1.27232998, 0.82224113, 4.53755178, 7.26522091,\n        2.06128486],\n       [1.40414156, 1.26982798, 0.8225992 , 4.53338141, 7.26512145,\n        2.06001488],\n       [1.40322123, 1.26750914, 0.82242474, 4.53638357, 7.26303178,\n        2.05771453],\n       [1.4011547 , 1.26931021, 0.81947691, 4.53583014, 7.26587118,\n        2.06379969]]), array([0.31575727, 0.31575731, 0.31575759, 0.31575825, 0.31575836,\n       0.3157587 , 0.31575895]))", "callback": [0.6592754490674801, 0.6592754490674801, 0.6390417797366996, 0.6350694593807558, 0.6337619553872842, 0.6332400332239887, 0.6311248617261425, 0.6072050671476743, 0.38256085781666505, 0.37439106656093235, 0.3590243067307619, 0.3590243067307619, 0.3581313292254755, 0.3549484225581273, 0.3508490029162915, 0.3508490029162915, 0.35047246305964286, 0.35021220319148727, 0.3499167460221625, 0.3491460706372087, 0.34881068098654355, 0.34832881147405714, 0.3482373040298684, 0.3481875783271229, 0.34817926008628575, 0.3481764382239301, 0.3481661992372507, 0.3481287199271229, 0.34798810764649013, 0.3475598170874843, 0.3459299543001332, 0.3420040826528292, 0.34191802606995136, 0.3411715614061247, 0.3398200997377804, 0.3395572853261404, 0.338757502139549, 0.3373119128854659, 0.331550497720146, 0.3311556445046713, 0.32254997126925244, 0.32210302826597303, 0.32020589211936556, 0.3191179639941245, 0.31750576746410586, 0.316189002603128, 0.3158229014537962, 0.3157763795291566, 0.3157601619920708]}, "7": {"maxiter": 500, "fatol": 1e-10, "xatol": 1e-10, "duration": 0.254133939743042, "fun": "0.31575726919892666", "nit": "500", "nfev": "766", "status": "2", "success": "False", "message": "Maximum number of iterations has been exceeded.", "x": "[1.40056787 1.26943086 0.82193694 4.53562159 7.26658186 2.06017472]", "final_simplex": "(array([[1.40056787, 1.26943086, 0.82193694, 4.53562159, 7.26658186,\n        2.06017472],\n       [1.40283994, 1.27004495, 0.81996413, 4.5360208 , 7.26567106,\n        2.05922174],\n       [1.40258972, 1.26861354, 0.82246139, 4.53559668, 7.2669496 ,\n        2.05932501],\n       [1.40216726, 1.27232998, 0.82224113, 4.53755178, 7.26522091,\n        2.06128486],\n       [1.40414156, 1.26982798, 0.8225992 , 4.53338141, 7.26512145,\n        2.06001488],\n       [1.40322123, 1.26750914, 0.82242474, 4.53638357, 7.26303178,\n        2.05771453],\n       [1.4011547 , 1.26931021, 0.81947691, 4.53583014, 7.26587118,\n        2.06379969]]), array([0.31575727, 0.31575731, 0.31575759, 0.31575825, 0.31575836,\n       0.3157587 , 0.31575895]))", "callback": [0.6592754490674801, 0.6592754490674801, 0.6390417797366996, 0.6350694593807558, 0.6337619553872842, 0.6332400332239887, 0.6311248617261425, 0.6072050671476743, 0.38256085781666505, 0.37439106656093235, 0.3590243067307619, 0.3590243067307619, 0.3581313292254755, 0.3549484225581273, 0.3508490029162915, 0.3508490029162915, 0.35047246305964286, 0.35021220319148727, 0.3499167460221625, 0.3491460706372087, 0.34881068098654355, 0.34832881147405714, 0.3482373040298684, 0.3481875783271229, 0.34817926008628575, 0.3481764382239301, 0.3481661992372507, 0.3481287199271229, 0.34798810764649013, 0.3475598170874843, 0.3459299543001332, 0.3420040826528292, 0.34191802606995136, 0.3411715614061247, 0.3398200997377804, 0.3395572853261404, 0.338757502139549, 0.3373119128854659, 0.331550497720146, 0.3311556445046713, 0.32254997126925244, 0.32210302826597303, 0.32020589211936556, 0.3191179639941245, 0.31750576746410586, 0.316189002603128, 0.3158229014537962, 0.3157763795291566, 0.3157601619920708]}, "8": {"maxiter": 1000, "fatol": 1e-05, "xatol": 1e-05, "duration": 0.29189491271972656, "fun": "0.31575668109418864", "nit": "587", "nfev": "919", "status": "0", "success": "True", "message": "Optimization terminated successfully.", "x": "[1.40239254 1.26970497 0.8215898  4.53619784 7.26527119 2.06048482]", "final_simplex": "(array([[1.40239254, 1.26970497, 0.8215898 , 4.53619784, 7.26527119,\n        2.06048482],\n       [1.40239311, 1.26970263, 0.82158478, 4.5362036 , 7.26527073,\n        2.06048487],\n       [1.40239895, 1.26970729, 0.82158698, 4.53619923, 7.26527616,\n        2.06048696],\n       [1.40239978, 1.26970574, 0.82158553, 4.53619525, 7.26527274,\n        2.06048619],\n       [1.40239417, 1.26970586, 0.8215848 , 4.53619782, 7.26527128,\n        2.0604889 ],\n       [1.40239321, 1.26970429, 0.82158749, 4.53619501, 7.26527664,\n        2.06049037],\n       [1.40239428, 1.26970235, 0.82158785, 4.53619925, 7.26527324,\n        2.06049159]]), array([0.31575668, 0.31575668, 0.31575668, 0.31575668, 0.31575668,\n       0.31575668, 0.31575668]))", "callback": [0.6592754490674801, 0.6592754490674801, 0.6390417797366996, 0.6350694593807558, 0.6337619553872842, 0.6332400332239887, 0.6311248617261425, 0.6072050671476743, 0.38256085781666505, 0.37439106656093235, 0.3590243067307619, 0.3590243067307619, 0.3581313292254755, 0.3549484225581273, 0.3508490029162915, 0.3508490029162915, 0.35047246305964286, 0.35021220319148727, 0.3499167460221625, 0.3491460706372087, 0.34881068098654355, 0.34832881147405714, 0.3482373040298684, 0.3481875783271229, 0.34817926008628575, 0.3481764382239301, 0.3481661992372507, 0.3481287199271229, 0.34798810764649013, 0.3475598170874843, 0.3459299543001332, 0.3420040826528292, 0.34191802606995136, 0.3411715614061247, 0.3398200997377804, 0.3395572853261404, 0.338757502139549, 0.3373119128854659, 0.331550497720146, 0.3311556445046713, 0.32254997126925244, 0.32210302826597303, 0.32020589211936556, 0.3191179639941245, 0.31750576746410586, 0.316189002603128, 0.3158229014537962, 0.3157763795291566, 0.3157601619920708, 0.3157570743460264, 0.31575676568610733, 0.3157566931096376, 0.31575668346773733, 0.31575668178628213, 0.31575668134230694, 0.315756681174738, 0.3157566811398057, 0.31575668109880006]}, "9": {"maxiter": 1000, "fatol": 1e-05, "xatol": 1e-10, "duration": 0.3631620407104492, "fun": "0.3157566810780449", "nit": "717", "nfev": "1188", "status": "0", "success": "True", "message": "Optimization terminated successfully.", "x": "[1.40239369 1.26970178 0.82158863 4.53620048 7.26527656 2.06047502]", "final_simplex": "(array([[1.40239369, 1.26970178, 0.82158863, 4.53620048, 7.26527656,\n        2.06047502],\n       [1.40239369, 1.26970178, 0.82158863, 4.53620048, 7.26527656,\n        2.06047502],\n       [1.40239369, 1.26970178, 0.82158863, 4.53620048, 7.26527656,\n        2.06047502],\n       [1.40239369, 1.26970178, 0.82158863, 4.53620048, 7.26527656,\n        2.06047502],\n       [1.40239369, 1.26970178, 0.82158863, 4.53620048, 7.26527656,\n        2.06047502],\n       [1.40239369, 1.26970178, 0.82158863, 4.53620048, 7.26527656,\n        2.06047502],\n       [1.40239369, 1.26970178, 0.82158863, 4.53620048, 7.26527656,\n        2.06047502]]), array([0.31575668, 0.31575668, 0.31575668, 0.31575668, 0.31575668,\n       0.31575668, 0.31575668]))", "callback": [0.6592754490674801, 0.6592754490674801, 0.6390417797366996, 0.6350694593807558, 0.6337619553872842, 0.6332400332239887, 0.6311248617261425, 0.6072050671476743, 0.38256085781666505, 0.37439106656093235, 0.3590243067307619, 0.3590243067307619, 0.3581313292254755, 0.3549484225581273, 0.3508490029162915, 0.3508490029162915, 0.35047246305964286, 0.35021220319148727, 0.3499167460221625, 0.3491460706372087, 0.34881068098654355, 0.34832881147405714, 0.3482373040298684, 0.3481875783271229, 0.34817926008628575, 0.3481764382239301, 0.3481661992372507, 0.3481287199271229, 0.34798810764649013, 0.3475598170874843, 0.3459299543001332, 0.3420040826528292, 0.34191802606995136, 0.3411715614061247, 0.3398200997377804, 0.3395572853261404, 0.338757502139549, 0.3373119128854659, 0.331550497720146, 0.3311556445046713, 0.32254997126925244, 0.32210302826597303, 0.32020589211936556, 0.3191179639941245, 0.31750576746410586, 0.316189002603128, 0.3158229014537962, 0.3157763795291566, 0.3157601619920708, 0.3157570743460264, 0.31575676568610733, 0.3157566931096376, 0.31575668346773733, 0.31575668178628213, 0.31575668134230694, 0.315756681174738, 0.3157566811398057, 0.31575668109880006, 0.3157566810869735, 0.3157566810840532, 0.3157566810805795, 0.31575668107910404, 0.31575668107857, 0.3157566810783098, 0.3157566810780841, 0.31575668107805266, 0.31575668107804666, 0.31575668107804533, 0.315756681078045, 0.3157566810780449, 0.3157566810780449]}, "10": {"maxiter": 1000, "fatol": 1e-10, "xatol": 1e-05, "duration": 0.28196096420288086, "fun": "0.31575668109418864", "nit": "587", "nfev": "919", "status": "0", "success": "True", "message": "Optimization terminated successfully.", "x": "[1.40239254 1.26970497 0.8215898  4.53619784 7.26527119 2.06048482]", "final_simplex": "(array([[1.40239254, 1.26970497, 0.8215898 , 4.53619784, 7.26527119,\n        2.06048482],\n       [1.40239311, 1.26970263, 0.82158478, 4.5362036 , 7.26527073,\n        2.06048487],\n       [1.40239895, 1.26970729, 0.82158698, 4.53619923, 7.26527616,\n        2.06048696],\n       [1.40239978, 1.26970574, 0.82158553, 4.53619525, 7.26527274,\n        2.06048619],\n       [1.40239417, 1.26970586, 0.8215848 , 4.53619782, 7.26527128,\n        2.0604889 ],\n       [1.40239321, 1.26970429, 0.82158749, 4.53619501, 7.26527664,\n        2.06049037],\n       [1.40239428, 1.26970235, 0.82158785, 4.53619925, 7.26527324,\n        2.06049159]]), array([0.31575668, 0.31575668, 0.31575668, 0.31575668, 0.31575668,\n       0.31575668, 0.31575668]))", "callback": [0.6592754490674801, 0.6592754490674801, 0.6390417797366996, 0.6350694593807558, 0.6337619553872842, 0.6332400332239887, 0.6311248617261425, 0.6072050671476743, 0.38256085781666505, 0.37439106656093235, 0.3590243067307619, 0.3590243067307619, 0.3581313292254755, 0.3549484225581273, 0.3508490029162915, 0.3508490029162915, 0.35047246305964286, 0.35021220319148727, 0.3499167460221625, 0.3491460706372087, 0.34881068098654355, 0.34832881147405714, 0.3482373040298684, 0.3481875783271229, 0.34817926008628575, 0.3481764382239301, 0.3481661992372507, 0.3481287199271229, 0.34798810764649013, 0.3475598170874843, 0.3459299543001332, 0.3420040826528292, 0.34191802606995136, 0.3411715614061247, 0.3398200997377804, 0.3395572853261404, 0.338757502139549, 0.3373119128854659, 0.331550497720146, 0.3311556445046713, 0.32254997126925244, 0.32210302826597303, 0.32020589211936556, 0.3191179639941245, 0.31750576746410586, 0.316189002603128, 0.3158229014537962, 0.3157763795291566, 0.3157601619920708, 0.3157570743460264, 0.31575676568610733, 0.3157566931096376, 0.31575668346773733, 0.31575668178628213, 0.31575668134230694, 0.315756681174738, 0.3157566811398057, 0.31575668109880006]}, "11": {"maxiter": 1000, "fatol": 1e-10, "xatol": 1e-10, "duration": 0.3634040355682373, "fun": "0.3157566810780449", "nit": "717", "nfev": "1188", "status": "0", "success": "True", "message": "Optimization terminated successfully.", "x": "[1.40239369 1.26970178 0.82158863 4.53620048 7.26527656 2.06047502]", "final_simplex": "(array([[1.40239369, 1.26970178, 0.82158863, 4.53620048, 7.26527656,\n        2.06047502],\n       [1.40239369, 1.26970178, 0.82158863, 4.53620048, 7.26527656,\n        2.06047502],\n       [1.40239369, 1.26970178, 0.82158863, 4.53620048, 7.26527656,\n        2.06047502],\n       [1.40239369, 1.26970178, 0.82158863, 4.53620048, 7.26527656,\n        2.06047502],\n       [1.40239369, 1.26970178, 0.82158863, 4.53620048, 7.26527656,\n        2.06047502],\n       [1.40239369, 1.26970178, 0.82158863, 4.53620048, 7.26527656,\n        2.06047502],\n       [1.40239369, 1.26970178, 0.82158863, 4.53620048, 7.26527656,\n        2.06047502]]), array([0.31575668, 0.31575668, 0.31575668, 0.31575668, 0.31575668,\n       0.31575668, 0.31575668]))", "callback": [0.6592754490674801, 0.6592754490674801, 0.6390417797366996, 0.6350694593807558, 0.6337619553872842, 0.6332400332239887, 0.6311248617261425, 0.6072050671476743, 0.38256085781666505, 0.37439106656093235, 0.3590243067307619, 0.3590243067307619, 0.3581313292254755, 0.3549484225581273, 0.3508490029162915, 0.3508490029162915, 0.35047246305964286, 0.35021220319148727, 0.3499167460221625, 0.3491460706372087, 0.34881068098654355, 0.34832881147405714, 0.3482373040298684, 0.3481875783271229, 0.34817926008628575, 0.3481764382239301, 0.3481661992372507, 0.3481287199271229, 0.34798810764649013, 0.3475598170874843, 0.3459299543001332, 0.3420040826528292, 0.34191802606995136, 0.3411715614061247, 0.3398200997377804, 0.3395572853261404, 0.338757502139549, 0.3373119128854659, 0.331550497720146, 0.3311556445046713, 0.32254997126925244, 0.32210302826597303, 0.32020589211936556, 0.3191179639941245, 0.31750576746410586, 0.316189002603128, 0.3158229014537962, 0.3157763795291566, 0.3157601619920708, 0.3157570743460264, 0.31575676568610733, 0.3157566931096376, 0.31575668346773733, 0.31575668178628213, 0.31575668134230694, 0.315756681174738, 0.3157566811398057, 0.31575668109880006, 0.3157566810869735, 0.3157566810840532, 0.3157566810805795, 0.31575668107910404, 0.31575668107857, 0.3157566810783098, 0.3157566810780841, 0.31575668107805266, 0.31575668107804666, 0.31575668107804533, 0.315756681078045, 0.3157566810780449, 0.3157566810780449]}}, "bfgs": {"type": "gradient", "0": {"maxiter": 100, "gtol": 1e-05, "xrtol": 1e-05, "eps": 1e-05, "duration": 0.0843667984008789, "fun": "0.3157566811061918", "jac": "[ 1.26080257e-06 -9.43689571e-07 -1.02171605e-06  5.76760861e-08\n  5.95079541e-09  8.04645239e-07]", "hess_inv": "[[ 4.48624678 -0.41444302  0.79593869 -0.08144312  0.8207368   0.13967566]\n [-0.41444302  3.43623323 -0.95871564 -0.50797434  0.40573913  0.32110319]\n [ 0.79593869 -0.95871564  3.71772672  0.72626345  0.06891595  0.13449147]\n [-0.08144312 -0.50797434  0.72626345  3.51874776 -0.56004133  0.74032634]\n [ 0.8207368   0.40573913  0.06891595 -0.56004133  3.66193461 -0.19133424]\n [ 0.13967566  0.32110319  0.13449147  0.74032634 -0.19133424  4.19586048]]", "nfev": "266", "njev": "38", "status": "0", "success": "True", "message": "Optimization terminated successfully.", "x": "[ 4.88079005  4.41128743  3.963173    1.74697926  4.12367825 -1.08112155]", "nit": "32", "callback": [0.6196390378526935, 0.34231205179038293, 0.31575674804187503]}, "1": {"maxiter": 100, "gtol": 1e-05, "xrtol": 1e-05, "eps": 1e-10, "duration": 0.08251810073852539, "fun": "0.3157566810829934", "jac": "[ 0.00000000e+00 -2.22044587e-06 -2.22044587e-06  0.00000000e+00\n  0.00000000e+00 -2.22044587e-06]", "hess_inv": "[[ 4.4782882  -0.41258391  0.77180962 -0.10170823  0.82062315  0.12411028]\n [-0.41258391  3.4429731  -0.96203697 -0.51708363  0.39797453  0.32517059]\n [ 0.77180962 -0.96203697  3.67296459  0.72018712  0.05124035  0.10801594]\n [-0.10170823 -0.51708363  0.72018712  3.53613956 -0.57186372  0.75283065]\n [ 0.82062315  0.39797453  0.05124035 -0.57186372  3.67319884 -0.20904774]\n [ 0.12411028  0.32517059  0.10801594  0.75283065 -0.20904774  4.19493461]]", "nfev": "266", "njev": "38", "status": "0", "success": "True", "message": "Optimization terminated successfully.", "x": "[ 4.88079231  4.4112926   3.96317687  1.74698304  4.12368376 -1.08112067]", "nit": "32", "callback": [0.6196300699216826, 0.3429403748024834, 0.3157567513478544]}, "2": {"maxiter": 100, "gtol": 1e-05, "xrtol": 1e-10, "eps": 1e-05, "duration": 0.08571815490722656, "fun": "0.3157566811061918", "jac": "[ 1.26080257e-06 -9.43689571e-07 -1.02171605e-06  5.76760861e-08\n  5.95079541e-09  8.04645239e-07]", "hess_inv": "[[ 4.48624678 -0.41444302  0.79593869 -0.08144312  0.8207368   0.13967566]\n [-0.41444302  3.43623323 -0.95871564 -0.50797434  0.40573913  0.32110319]\n [ 0.79593869 -0.95871564  3.71772672  0.72626345  0.06891595  0.13449147]\n [-0.08144312 -0.50797434  0.72626345  3.51874776 -0.56004133  0.74032634]\n [ 0.8207368   0.40573913  0.06891595 -0.56004133  3.66193461 -0.19133424]\n [ 0.13967566  0.32110319  0.13449147  0.74032634 -0.19133424  4.19586048]]", "nfev": "266", "njev": "38", "status": "0", "success": "True", "message": "Optimization terminated successfully.", "x": "[ 4.88079005  4.41128743  3.963173    1.74697926  4.12367825 -1.08112155]", "nit": "32", "callback": [0.6196390378526935, 0.34231205179038293, 0.31575674804187503]}, "3": {"maxiter": 100, "gtol": 1e-05, "xrtol": 1e-10, "eps": 1e-10, "duration": 0.08662676811218262, "fun": "0.3157566810829934", "jac": "[ 0.00000000e+00 -2.22044587e-06 -2.22044587e-06  0.00000000e+00\n  0.00000000e+00 -2.22044587e-06]", "hess_inv": "[[ 4.4782882  -0.41258391  0.77180962 -0.10170823  0.82062315  0.12411028]\n [-0.41258391  3.4429731  -0.96203697 -0.51708363  0.39797453  0.32517059]\n [ 0.77180962 -0.96203697  3.67296459  0.72018712  0.05124035  0.10801594]\n [-0.10170823 -0.51708363  0.72018712  3.53613956 -0.57186372  0.75283065]\n [ 0.82062315  0.39797453  0.05124035 -0.57186372  3.67319884 -0.20904774]\n [ 0.12411028  0.32517059  0.10801594  0.75283065 -0.20904774  4.19493461]]", "nfev": "266", "njev": "38", "status": "0", "success": "True", "message": "Optimization terminated successfully.", "x": "[ 4.88079231  4.4112926   3.96317687  1.74698304  4.12368376 -1.08112067]", "nit": "32", "callback": [0.6196300699216826, 0.3429403748024834, 0.3157567513478544]}, "4": {"maxiter": 100, "gtol": 1e-10, "xrtol": 1e-05, "eps": 1e-05, "duration": 0.08572006225585938, "fun": "0.3157566811061918", "jac": "[ 1.26080257e-06 -9.43689571e-07 -1.02171605e-06  5.76760861e-08\n  5.95079541e-09  8.04645239e-07]", "hess_inv": "[[ 4.48624678 -0.41444302  0.79593869 -0.08144312  0.8207368   0.13967566]\n [-0.41444302  3.43623323 -0.95871564 -0.50797434  0.40573913  0.32110319]\n [ 0.79593869 -0.95871564  3.71772672  0.72626345  0.06891595  0.13449147]\n [-0.08144312 -0.50797434  0.72626345  3.51874776 -0.56004133  0.74032634]\n [ 0.8207368   0.40573913  0.06891595 -0.56004133  3.66193461 -0.19133424]\n [ 0.13967566  0.32110319  0.13449147  0.74032634 -0.19133424  4.19586048]]", "nfev": "266", "njev": "38", "status": "0", "success": "True", "message": "Optimization terminated successfully.", "x": "[ 4.88079005  4.41128743  3.963173    1.74697926  4.12367825 -1.08112155]", "nit": "32", "callback": [0.6196390378526935, 0.34231205179038293, 0.31575674804187503]}, "5": {"maxiter": 100, "gtol": 1e-10, "xrtol": 1e-05, "eps": 1e-10, "duration": 0.08279609680175781, "fun": "0.3157566810829934", "jac": "[ 0.00000000e+00 -2.22044587e-06 -2.22044587e-06  0.00000000e+00\n  0.00000000e+00 -2.22044587e-06]", "hess_inv": "[[ 4.4782882  -0.41258391  0.77180962 -0.10170823  0.82062315  0.12411028]\n [-0.41258391  3.4429731  -0.96203697 -0.51708363  0.39797453  0.32517059]\n [ 0.77180962 -0.96203697  3.67296459  0.72018712  0.05124035  0.10801594]\n [-0.10170823 -0.51708363  0.72018712  3.53613956 -0.57186372  0.75283065]\n [ 0.82062315  0.39797453  0.05124035 -0.57186372  3.67319884 -0.20904774]\n [ 0.12411028  0.32517059  0.10801594  0.75283065 -0.20904774  4.19493461]]", "nfev": "266", "njev": "38", "status": "0", "success": "True", "message": "Optimization terminated successfully.", "x": "[ 4.88079231  4.4112926   3.96317687  1.74698304  4.12368376 -1.08112067]", "nit": "32", "callback": [0.6196300699216826, 0.3429403748024834, 0.3157567513478544]}, "6": {"maxiter": 100, "gtol": 1e-10, "xrtol": 1e-10, "eps": 1e-05, "duration": 0.1650528907775879, "fun": "0.3157566811026572", "jac": "[9.02500297e-08 1.42108547e-09 1.62092562e-08 1.35669254e-08\n 5.06705788e-08 7.48401341e-08]", "hess_inv": "[[ 4.81825420e+00 -5.22116719e-01  6.50809590e-01 -1.44586472e-02\n   8.24291850e-01  4.05997772e-01]\n [-5.22116719e-01  3.45716731e+00 -9.31248055e-01 -5.32512701e-01\n   3.91600707e-01  2.30962553e-01]\n [ 6.50809590e-01 -9.31248055e-01  3.67438881e+00  7.14998056e-01\n  -1.74387109e-03  5.43074746e-02]\n [-1.44586472e-02 -5.32512701e-01  7.14998056e-01  3.52561574e+00\n  -5.47842007e-01  7.81805310e-01]\n [ 8.24291850e-01  3.91600707e-01 -1.74387109e-03 -5.47842007e-01\n   3.61723911e+00 -1.65334989e-01]\n [ 4.05997772e-01  2.30962553e-01  5.43074746e-02  7.81805310e-01\n  -1.65334989e-01  4.38674621e+00]]", "nfev": "530", "njev": "74", "status": "2", "success": "False", "message": "Desired error not necessarily achieved due to precision loss.", "x": "[ 4.88078433  4.41129021  3.9631751   1.74697877  4.12367796 -1.08112499]", "nit": "33", "callback": [0.6196390378526935, 0.34231205179038293, 0.31575674804187503]}, "7": {"maxiter": 100, "gtol": 1e-10, "xrtol": 1e-10, "eps": 1e-10, "duration": 0.1658637523651123, "fun": "0.3157566810785738", "jac": "[0.00000000e+00 1.11022293e-06 0.00000000e+00 1.11022293e-06\n 0.00000000e+00 0.00000000e+00]", "hess_inv": "[[ 0.14538313  0.02573305  0.02969147  0.0118037   0.17288413 -0.04909188]\n [ 0.02573305  0.00688949 -0.00455108  0.00324077  0.0305836  -0.01282447]\n [ 0.02969147 -0.00455108  0.05630114 -0.0015698   0.04515218  0.01380327]\n [ 0.0118037   0.00324077 -0.0015698   0.00199447  0.01515076 -0.0056297 ]\n [ 0.17288413  0.0305836   0.04515218  0.01515076  0.22454831 -0.05074857]\n [-0.04909188 -0.01282447  0.01380327 -0.0056297  -0.05074857  0.02910378]]", "nfev": "530", "njev": "74", "status": "2", "success": "False", "message": "Desired error not necessarily achieved due to precision loss.", "x": "[ 4.88079159  4.41129521  3.96317964  1.74698379  4.12368379 -1.08111709]", "nit": "39", "callback": [0.6196300699216826, 0.3429403748024834, 0.3157567513478544]}, "8": {"maxiter": 500, "gtol": 1e-05, "xrtol": 1e-05, "eps": 1e-05, "duration": 0.08428406715393066, "fun": "0.3157566811061918", "jac": "[ 1.26080257e-06 -9.43689571e-07 -1.02171605e-06  5.76760861e-08\n  5.95079541e-09  8.04645239e-07]", "hess_inv": "[[ 4.48624678 -0.41444302  0.79593869 -0.08144312  0.8207368   0.13967566]\n [-0.41444302  3.43623323 -0.95871564 -0.50797434  0.40573913  0.32110319]\n [ 0.79593869 -0.95871564  3.71772672  0.72626345  0.06891595  0.13449147]\n [-0.08144312 -0.50797434  0.72626345  3.51874776 -0.56004133  0.74032634]\n [ 0.8207368   0.40573913  0.06891595 -0.56004133  3.66193461 -0.19133424]\n [ 0.13967566  0.32110319  0.13449147  0.74032634 -0.19133424  4.19586048]]", "nfev": "266", "njev": "38", "status": "0", "success": "True", "message": "Optimization terminated successfully.", "x": "[ 4.88079005  4.41128743  3.963173    1.74697926  4.12367825 -1.08112155]", "nit": "32", "callback": [0.6196390378526935, 0.34231205179038293, 0.31575674804187503]}, "9": {"maxiter": 500, "gtol": 1e-05, "xrtol": 1e-05, "eps": 1e-10, "duration": 0.08694291114807129, "fun": "0.3157566810829934", "jac": "[ 0.00000000e+00 -2.22044587e-06 -2.22044587e-06  0.00000000e+00\n  0.00000000e+00 -2.22044587e-06]", "hess_inv": "[[ 4.4782882  -0.41258391  0.77180962 -0.10170823  0.82062315  0.12411028]\n [-0.41258391  3.4429731  -0.96203697 -0.51708363  0.39797453  0.32517059]\n [ 0.77180962 -0.96203697  3.67296459  0.72018712  0.05124035  0.10801594]\n [-0.10170823 -0.51708363  0.72018712  3.53613956 -0.57186372  0.75283065]\n [ 0.82062315  0.39797453  0.05124035 -0.57186372  3.67319884 -0.20904774]\n [ 0.12411028  0.32517059  0.10801594  0.75283065 -0.20904774  4.19493461]]", "nfev": "266", "njev": "38", "status": "0", "success": "True", "message": "Optimization terminated successfully.", "x": "[ 4.88079231  4.4112926   3.96317687  1.74698304  4.12368376 -1.08112067]", "nit": "32", "callback": [0.6196300699216826, 0.3429403748024834, 0.3157567513478544]}, "10": {"maxiter": 500, "gtol": 1e-05, "xrtol": 1e-10, "eps": 1e-05, "duration": 0.08607101440429688, "fun": "0.3157566811061918", "jac": "[ 1.26080257e-06 -9.43689571e-07 -1.02171605e-06  5.76760861e-08\n  5.95079541e-09  8.04645239e-07]", "hess_inv": "[[ 4.48624678 -0.41444302  0.79593869 -0.08144312  0.8207368   0.13967566]\n [-0.41444302  3.43623323 -0.95871564 -0.50797434  0.40573913  0.32110319]\n [ 0.79593869 -0.95871564  3.71772672  0.72626345  0.06891595  0.13449147]\n [-0.08144312 -0.50797434  0.72626345  3.51874776 -0.56004133  0.74032634]\n [ 0.8207368   0.40573913  0.06891595 -0.56004133  3.66193461 -0.19133424]\n [ 0.13967566  0.32110319  0.13449147  0.74032634 -0.19133424  4.19586048]]", "nfev": "266", "njev": "38", "status": "0", "success": "True", "message": "Optimization terminated successfully.", "x": "[ 4.88079005  4.41128743  3.963173    1.74697926  4.12367825 -1.08112155]", "nit": "32", "callback": [0.6196390378526935, 0.34231205179038293, 0.31575674804187503]}, "11": {"maxiter": 500, "gtol": 1e-05, "xrtol": 1e-10, "eps": 1e-10, "duration": 0.08294129371643066, "fun": "0.3157566810829934", "jac": "[ 0.00000000e+00 -2.22044587e-06 -2.22044587e-06  0.00000000e+00\n  0.00000000e+00 -2.22044587e-06]", "hess_inv": "[[ 4.4782882  -0.41258391  0.77180962 -0.10170823  0.82062315  0.12411028]\n [-0.41258391  3.4429731  -0.96203697 -0.51708363  0.39797453  0.32517059]\n [ 0.77180962 -0.96203697  3.67296459  0.72018712  0.05124035  0.10801594]\n [-0.10170823 -0.51708363  0.72018712  3.53613956 -0.57186372  0.75283065]\n [ 0.82062315  0.39797453  0.05124035 -0.57186372  3.67319884 -0.20904774]\n [ 0.12411028  0.32517059  0.10801594  0.75283065 -0.20904774  4.19493461]]", "nfev": "266", "njev": "38", "status": "0", "success": "True", "message": "Optimization terminated successfully.", "x": "[ 4.88079231  4.4112926   3.96317687  1.74698304  4.12368376 -1.08112067]", "nit": "32", "callback": [0.6196300699216826, 0.3429403748024834, 0.3157567513478544]}, "12": {"maxiter": 500, "gtol": 1e-10, "xrtol": 1e-05, "eps": 1e-05, "duration": 0.08581423759460449, "fun": "0.3157566811061918", "jac": "[ 1.26080257e-06 -9.43689571e-07 -1.02171605e-06  5.76760861e-08\n  5.95079541e-09  8.04645239e-07]", "hess_inv": "[[ 4.48624678 -0.41444302  0.79593869 -0.08144312  0.8207368   0.13967566]\n [-0.41444302  3.43623323 -0.95871564 -0.50797434  0.40573913  0.32110319]\n [ 0.79593869 -0.95871564  3.71772672  0.72626345  0.06891595  0.13449147]\n [-0.08144312 -0.50797434  0.72626345  3.51874776 -0.56004133  0.74032634]\n [ 0.8207368   0.40573913  0.06891595 -0.56004133  3.66193461 -0.19133424]\n [ 0.13967566  0.32110319  0.13449147  0.74032634 -0.19133424  4.19586048]]", "nfev": "266", "njev": "38", "status": "0", "success": "True", "message": "Optimization terminated successfully.", "x": "[ 4.88079005  4.41128743  3.963173    1.74697926  4.12367825 -1.08112155]", "nit": "32", "callback": [0.6196390378526935, 0.34231205179038293, 0.31575674804187503]}, "13": {"maxiter": 500, "gtol": 1e-10, "xrtol": 1e-05, "eps": 1e-10, "duration": 0.10620307922363281, "fun": "0.3157566810829934", "jac": "[ 0.00000000e+00 -2.22044587e-06 -2.22044587e-06  0.00000000e+00\n  0.00000000e+00 -2.22044587e-06]", "hess_inv": "[[ 4.4782882  -0.41258391  0.77180962 -0.10170823  0.82062315  0.12411028]\n [-0.41258391  3.4429731  -0.96203697 -0.51708363  0.39797453  0.32517059]\n [ 0.77180962 -0.96203697  3.67296459  0.72018712  0.05124035  0.10801594]\n [-0.10170823 -0.51708363  0.72018712  3.53613956 -0.57186372  0.75283065]\n [ 0.82062315  0.39797453  0.05124035 -0.57186372  3.67319884 -0.20904774]\n [ 0.12411028  0.32517059  0.10801594  0.75283065 -0.20904774  4.19493461]]", "nfev": "266", "njev": "38", "status": "0", "success": "True", "message": "Optimization terminated successfully.", "x": "[ 4.88079231  4.4112926   3.96317687  1.74698304  4.12368376 -1.08112067]", "nit": "32", "callback": [0.6196300699216826, 0.3429403748024834, 0.3157567513478544]}, "14": {"maxiter": 500, "gtol": 1e-10, "xrtol": 1e-10, "eps": 1e-05, "duration": 0.21656322479248047, "fun": "0.3157566811026572", "jac": "[9.02500297e-08 1.42108547e-09 1.62092562e-08 1.35669254e-08\n 5.06705788e-08 7.48401341e-08]", "hess_inv": "[[ 4.81825420e+00 -5.22116719e-01  6.50809590e-01 -1.44586472e-02\n   8.24291850e-01  4.05997772e-01]\n [-5.22116719e-01  3.45716731e+00 -9.31248055e-01 -5.32512701e-01\n   3.91600707e-01  2.30962553e-01]\n [ 6.50809590e-01 -9.31248055e-01  3.67438881e+00  7.14998056e-01\n  -1.74387109e-03  5.43074746e-02]\n [-1.44586472e-02 -5.32512701e-01  7.14998056e-01  3.52561574e+00\n  -5.47842007e-01  7.81805310e-01]\n [ 8.24291850e-01  3.91600707e-01 -1.74387109e-03 -5.47842007e-01\n   3.61723911e+00 -1.65334989e-01]\n [ 4.05997772e-01  2.30962553e-01  5.43074746e-02  7.81805310e-01\n  -1.65334989e-01  4.38674621e+00]]", "nfev": "530", "njev": "74", "status": "2", "success": "False", "message": "Desired error not necessarily achieved due to precision loss.", "x": "[ 