{"date": "2024/09/24/, 00:19:37", "conf_id": 156, "data_type": "orthogonal\n", "num_data_points": 4, "s_rank": 0, "unitary": "[[-0.56303964-0.00798273j,-0.21670212-0.15784972j,-0.06047197-0.73952673j,-0.01438004+0.24552571j],[-0.06976756+0.23474685j,-0.01275565-0.5435098j,-0.02703657-0.08917885j,-0.08210486-0.79311774j],[-0.38559961+0.10714929j,0.5933431-0.2687392j,-0.24060861+0.29149289j,-0.45147719+0.26241743j],[-0.50180421+0.45931857j,-0.11617175+0.44134496j,0.49642745+0.22684508j,-0.08544628-0.15407063j]]", "databatch_0": {"databatch": "[[[-0.05838654-0.26084253j,0.0307625-0.10443408j,0.25987406+0.16567904j,0.19459578+0.1497406j],[0.06459047+0.37686568j,0.0831034+0.13109575j,0.22549837+0.15269653j,0.12686662-0.08241502j],[-0.15307571-0.06957048j,0.16246292+0.24985006j,0.11512013-0.2287171j,-0.06227429+0.21152068j],[-0.09026836+0.19044238j,-0.10623615-0.3188857j,0.14206698+0.01422896j,-0.23320961+0.17505047j]],[[0.12429496-0.06403079j,0.01555615-0.31339511j,0.14200114+0.00418942j,0.34405178+0.23542488j],[0.01046072+0.09588329j,0.13148867+0.1490863j,0.09153367-0.00307483j,-0.05651781+0.17282187j],[-0.01307121+0.18913061j,0.2938019+0.36346339j,0.12384278-0.07314054j,-0.22068994+0.35918074j],[0.01794543+0.05685895j,0.04691502-0.115411j,0.10215734+0.13132336j,-0.15667213+0.27142907j]],[[-0.14856912-0.29098317j,-0.09088025-0.03697094j,0.17755689+0.11015539j,0.03992011+0.20124048j],[0.06912812+0.50338207j,-0.05148982+0.05847675j,0.15499746+0.03413334j,0.13621508-0.10504724j],[-0.18665681-0.18556916j,0.06897562+0.24813141j,0.06947108-0.22391727j,0.09856651+0.12464057j],[-0.09809614+0.20826799j,-0.17470502-0.29793003j,0.12398118+0.20000265j,-0.14519593+0.11958309j]],[[-0.07858035-0.20149262j,0.03105543+0.03717299j,0.3340599+0.27350183j,0.08367403+0.0058889j],[0.04959825+0.20325197j,0.09441245+0.14976409j,0.27140166+0.23375687j,0.20418486-0.17816109j],[-0.12353068-0.0863829j,0.02734277+0.11187518j,0.11681689-0.29409589j,0.03012865+0.03953229j],[-0.10699932+0.11864467j,-0.17888266-0.38822503j,0.14460295-0.12531499j,-0.2923703+0.10800001j]]]", "initial param values": "[2.08987201,0.59317483,5.84462269,1.71834655,3.56000349,0.09487981]", "nelder_mead": {"type": "gradient-free", "0": {"maxiter": 100, "fatol": 1e-05, "xatol": 1e-05, "duration": 0.03736686706542969, "fun": "0.4973888286969782", "nit": "100", "nfev": "153", "status": "2", "success": "False", "message": "Maximum number of iterations has been exceeded.", "x": "[1.98542372 0.37634173 6.85075392 2.92455404 1.49658322 0.09646816]", "final_simplex": "(array([[1.98542372, 0.37634173, 6.85075392, 2.92455404, 1.49658322,\n        0.09646816],\n       [2.09368562, 0.36729374, 6.86178108, 2.94759881, 1.57523102,\n        0.09284088],\n       [2.03027429, 0.39637751, 6.82769632, 2.91324187, 1.59013938,\n        0.09382973],\n       [2.12164093, 0.39613608, 6.8517809 , 2.91313404, 1.50969362,\n        0.09106415],\n       [2.03871732, 0.38544173, 6.91445146, 2.89925215, 1.59067946,\n        0.09350466],\n       [2.06044728, 0.39338761, 6.8535991 , 2.95767402, 1.55743462,\n        0.09265003],\n       [2.02361295, 0.39013408, 6.81939016, 2.98206004, 1.5997637 ,\n        0.09259495]]), array([0.49738883, 0.49762851, 0.49928127, 0.49941418, 0.49943636,\n       0.49980845, 0.50052441]))", "callback": [0.6593044655576886, 0.6125982146383158, 0.5747783385449545, 0.5403607012875576, 0.5156804111468473, 0.5065204239969544, 0.5030625134006318, 0.5022245450215711, 0.5014065593187204]}, "1": {"maxiter": 100, "fatol": 1e-05, "xatol": 1e-10, "duration": 0.03593611717224121, "fun": "0.4973888286969782", "nit": "100", "nfev": "153", "status": "2", "success": "False", "message": "Maximum number of iterations has been exceeded.", "x": "[1.98542372 0.37634173 6.85075392 2.92455404 1.49658322 0.09646816]", "final_simplex": "(array([[1.98542372, 0.37634173, 6.85075392, 2.92455404, 1.49658322,\n        0.09646816],\n       [2.09368562, 0.36729374, 6.86178108, 2.94759881, 1.57523102,\n        0.09284088],\n       [2.03027429, 0.39637751, 6.82769632, 2.91324187, 1.59013938,\n        0.09382973],\n       [2.12164093, 0.39613608, 6.8517809 , 2.91313404, 1.50969362,\n        0.09106415],\n       [2.03871732, 0.38544173, 6.91445146, 2.89925215, 1.59067946,\n        0.09350466],\n       [2.06044728, 0.39338761, 6.8535991 , 2.95767402, 1.55743462,\n        0.09265003],\n       [2.02361295, 0.39013408, 6.81939016, 2.98206004, 1.5997637 ,\n        0.09259495]]), array([0.49738883, 0.49762851, 0.49928127, 0.49941418, 0.49943636,\n       0.49980845, 0.50052441]))", "callback": [0.6593044655576886, 0.6125982146383158, 0.5747783385449545, 0.5403607012875576, 0.5156804111468473, 0.5065204239969544, 0.5030625134006318, 0.5022245450215711, 0.5014065593187204]}, "2": {"maxiter": 100, "fatol": 1e-10, "xatol": 1e-05, "duration": 0.035025835037231445, "fun": "0.4973888286969782", "nit": "100", "nfev": "153", "status": "2", "success": "False", "message": "Maximum number of iterations has been exceeded.", "x": "[1.98542372 0.37634173 6.85075392 2.92455404 1.49658322 0.09646816]", "final_simplex": "(array([[1.98542372, 0.37634173, 6.85075392, 2.92455404, 1.49658322,\n        0.09646816],\n       [2.09368562, 0.36729374, 6.86178108, 2.94759881, 1.57523102,\n        0.09284088],\n       [2.03027429, 0.39637751, 6.82769632, 2.91324187, 1.59013938,\n        0.09382973],\n       [2.12164093, 0.39613608, 6.8517809 , 2.91313404, 1.50969362,\n        0.09106415],\n       [2.03871732, 0.38544173, 6.91445146, 2.89925215, 1.59067946,\n        0.09350466],\n       [2.06044728, 0.39338761, 6.8535991 , 2.95767402, 1.55743462,\n        0.09265003],\n       [2.02361295, 0.39013408, 6.81939016, 2.98206004, 1.5997637 ,\n        0.09259495]]), array([0.49738883, 0.49762851, 0.49928127, 0.49941418, 0.49943636,\n       0.49980845, 0.50052441]))", "callback": [0.6593044655576886, 0.6125982146383158, 0.5747783385449545, 0.5403607012875576, 0.5156804111468473, 0.5065204239969544, 0.5030625134006318, 0.5022245450215711, 0.5014065593187204]}, "3": {"maxiter": 100, "fatol": 1e-10, "xatol": 1e-10, "duration": 0.03456926345825195, "fun": "0.4973888286969782", "nit": "100", "nfev": "153", "status": "2", "success": "False", "message": "Maximum number of iterations has been exceeded.", "x": "[1.98542372 0.37634173 6.85075392 2.92455404 1.49658322 0.09646816]", "final_simplex": "(array([[1.98542372, 0.37634173, 6.85075392, 2.92455404, 1.49658322,\n        0.09646816],\n       [2.09368562, 0.36729374, 6.86178108, 2.94759881, 1.57523102,\n        0.09284088],\n       [2.03027429, 0.39637751, 6.82769632, 2.91324187, 1.59013938,\n        0.09382973],\n       [2.12164093, 0.39613608, 6.8517809 , 2.91313404, 1.50969362,\n        0.09106415],\n       [2.03871732, 0.38544173, 6.91445146, 2.89925215, 1.59067946,\n        0.09350466],\n       [2.06044728, 0.39338761, 6.8535991 , 2.95767402, 1.55743462,\n        0.09265003],\n       [2.02361295, 0.39013408, 6.81939016, 2.98206004, 1.5997637 ,\n        0.09259495]]), array([0.49738883, 0.49762851, 0.49928127, 0.49941418, 0.49943636,\n       0.49980845, 0.50052441]))", "callback": [0.6593044655576886, 0.6125982146383158, 0.5747783385449545, 0.5403607012875576, 0.5156804111468473, 0.5065204239969544, 0.5030625134006318, 0.5022245450215711, 0.5014065593187204]}, "4": {"maxiter": 500, "fatol": 1e-05, "xatol": 1e-05, "duration": 0.17546796798706055, "fun": "0.45448332938844593", "nit": "500", "nfev": "781", "status": "2", "success": "False", "message": "Maximum number of iterations has been exceeded.", "x": "[ 1.74791102 -0.18081621  6.56748251  2.67641326  0.81729617 -0.50921011]", "final_simplex": "(array([[ 1.74791102, -0.18081621,  6.56748251,  2.67641326,  0.81729617,\n        -0.50921011],\n       [ 1.7479155 , -0.18083266,  6.56749408,  2.67642105,  0.81732182,\n        -0.50918912],\n       [ 1.74789983, -0.1808404 ,  6.56748474,  2.67641084,  0.81727278,\n        -0.50921871],\n       [ 1.74791314, -0.18083915,  6.5674829 ,  2.67641623,  0.81728093,\n        -0.50922497],\n       [ 1.74792856, -0.18083632,  6.56748127,  2.67642357,  0.81732491,\n        -0.50917687],\n       [ 1.74791197, -0.1808407 ,  6.56748069,  2.67641262,  0.81732875,\n        -0.50918538],\n       [ 1.74791217, -0.18083478,  6.56750024,  2.67640409,  0.81724982,\n        -0.50925537]]), array([0.45448333, 0.45448333, 0.45448333, 0.45448333, 0.45448333,\n       0.45448333, 0.45448333]))", "callback": [0.6593044655576886, 0.6125982146383158, 0.5747783385449545, 0.5403607012875576, 0.5156804111468473, 0.5065204239969544, 0.5030625134006318, 0.5022245450215711, 0.5014065593187204, 0.4973888286969782, 0.4869791673351713, 0.4635425776446018, 0.4609487046430366, 0.4595084842531558, 0.45924882959709556, 0.45916404585480264, 0.45915981288605257, 0.45915538445808046, 0.4591537339293943, 0.45915247671041093, 0.45915047413887367, 0.4591481475452286, 0.4591414090385153, 0.4591377114198587, 0.45913426376627475, 0.4591210804089527, 0.45909886238053255, 0.4590360611061123, 0.4589066983264851, 0.4583452390386361, 0.45721500504647195, 0.45666918261487666, 0.4562713183909939, 0.4556453538702412, 0.4552936325199535, 0.4548012374186524, 0.4545487314883704, 0.4545019703683496, 0.45449142888065763, 0.4544841893412572, 0.4544841893412572, 0.4544835195314709, 0.4544834261673004, 0.45448336686475876, 0.45448333980209965, 0.45448333310819733, 0.4544833302975043, 0.45448332952551695, 0.454483329450173]}, "5": {"maxiter": 500, "fatol": 1e-05, "xatol": 1e-10, "duration": 0.1761319637298584, "fun": "0.45448332938844593", "nit": "500", "nfev": "781", "status": "2", "success": "False", "message": "Maximum number of iterations has been exceeded.", "x": "[ 1.74791102 -0.18081621  6.56748251  2.67641326  0.81729617 -0.50921011]", "final_simplex": "(array([[ 1.74791102, -0.18081621,  6.56748251,  2.67641326,  0.81729617,\n        -0.50921011],\n       [ 1.7479155 , -0.18083266,  6.56749408,  2.67642105,  0.81732182,\n        -0.50918912],\n       [ 1.74789983, -0.1808404 ,  6.56748474,  2.67641084,  0.81727278,\n        -0.50921871],\n       [ 1.74791314, -0.18083915,  6.5674829 ,  2.67641623,  0.81728093,\n        -0.50922497],\n       [ 1.74792856, -0.18083632,  6.56748127,  2.67642357,  0.81732491,\n        -0.50917687],\n       [ 1.74791197, -0.1808407 ,  6.56748069,  2.67641262,  0.81732875,\n        -0.50918538],\n       [ 1.74791217, -0.18083478,  6.56750024,  2.67640409,  0.81724982,\n        -0.50925537]]), array([0.45448333, 0.45448333, 0.45448333, 0.45448333, 0.45448333,\n       0.45448333, 0.45448333]))", "callback": [0.6593044655576886, 0.6125982146383158, 0.5747783385449545, 0.5403607012875576, 0.5156804111468473, 0.5065204239969544, 0.5030625134006318, 0.5022245450215711, 0.5014065593187204, 0.4973888286969782, 0.4869791673351713, 0.4635425776446018, 0.4609487046430366, 0.4595084842531558, 0.45924882959709556, 0.45916404585480264, 0.45915981288605257, 0.45915538445808046, 0.4591537339293943, 0.45915247671041093, 0.45915047413887367, 0.4591481475452286, 0.4591414090385153, 0.4591377114198587, 0.45913426376627475, 0.4591210804089527, 0.45909886238053255, 0.4590360611061123, 0.4589066983264851, 0.4583452390386361, 0.45721500504647195, 0.45666918261487666, 0.4562713183909939, 0.4556453538702412, 0.4552936325199535, 0.4548012374186524, 0.4545487314883704, 0.4545019703683496, 0.45449142888065763, 0.4544841893412572, 0.4544841893412572, 0.4544835195314709, 0.4544834261673004, 0.45448336686475876, 0.45448333980209965, 0.45448333310819733, 0.4544833302975043, 0.45448332952551695, 0.454483329450173]}, "6": {"maxiter": 500, "fatol": 1e-10, "xatol": 1e-05, "duration": 0.18448090553283691, "fun": "0.45448332938844593", "nit": "500", "nfev": "781", "status": "2", "success": "False", "message": "Maximum number of iterations has been exceeded.", "x": "[ 1.74791102 -0.18081621  6.56748251  2.67641326  0.81729617 -0.50921011]", "final_simplex": "(array([[ 1.74791102, -0.18081621,  6.56748251,  2.67641326,  0.81729617,\n        -0.50921011],\n       [ 1.7479155 , -0.18083266,  6.56749408,  2.67642105,  0.81732182,\n        -0.50918912],\n       [ 1.74789983, -0.1808404 ,  6.56748474,  2.67641084,  0.81727278,\n        -0.50921871],\n       [ 1.74791314, -0.18083915,  6.5674829 ,  2.67641623,  0.81728093,\n        -0.50922497],\n       [ 1.74792856, -0.18083632,  6.56748127,  2.67642357,  0.81732491,\n        -0.50917687],\n       [ 1.74791197, -0.1808407 ,  6.56748069,  2.67641262,  0.81732875,\n        -0.50918538],\n       [ 1.74791217, -0.18083478,  6.56750024,  2.67640409,  0.81724982,\n        -0.50925537]]), array([0.45448333, 0.45448333, 0.45448333, 0.45448333, 0.45448333,\n       0.45448333, 0.45448333]))", "callback": [0.6593044655576886, 0.6125982146383158, 0.5747783385449545, 0.5403607012875576, 0.5156804111468473, 0.5065204239969544, 0.5030625134006318, 0.5022245450215711, 0.5014065593187204, 0.4973888286969782, 0.4869791673351713, 0.4635425776446018, 0.4609487046430366, 0.4595084842531558, 0.45924882959709556, 0.45916404585480264, 0.45915981288605257, 0.45915538445808046, 0.4591537339293943, 0.45915247671041093, 0.45915047413887367, 0.4591481475452286, 0.4591414090385153, 0.4591377114198587, 0.45913426376627475, 0.4591210804089527, 0.45909886238053255, 0.4590360611061123, 0.4589066983264851, 0.4583452390386361, 0.45721500504647195, 0.45666918261487666, 0.4562713183909939, 0.4556453538702412, 0.4552936325199535, 0.4548012374186524, 0.4545487314883704, 0.4545019703683496, 0.45449142888065763, 0.4544841893412572, 0.4544841893412572, 0.4544835195314709, 0.4544834261673004, 0.45448336686475876, 0.45448333980209965, 0.45448333310819733, 0.4544833302975043, 0.45448332952551695, 0.454483329450173]}, "7": {"maxiter": 500, "fatol": 1e-10, "xatol": 1e-10, "duration": 0.18950819969177246, "fun": "0.45448332938844593", "nit": "500", "nfev": "781", "status": "2", "success": "False", "message": "Maximum number of iterations has been exceeded.", "x": "[ 1.74791102 -0.18081621  6.56748251  2.67641326  0.81729617 -0.50921011]", "final_simplex": "(array([[ 1.74791102, -0.18081621,  6.56748251,  2.67641326,  0.81729617,\n        -0.50921011],\n       [ 1.7479155 , -0.18083266,  6.56749408,  2.67642105,  0.81732182,\n        -0.50918912],\n       [ 1.74789983, -0.1808404 ,  6.56748474,  2.67641084,  0.81727278,\n        -0.50921871],\n       [ 1.74791314, -0.18083915,  6.5674829 ,  2.67641623,  0.81728093,\n        -0.50922497],\n       [ 1.74792856, -0.18083632,  6.56748127,  2.67642357,  0.81732491,\n        -0.50917687],\n       [ 1.74791197, -0.1808407 ,  6.56748069,  2.67641262,  0.81732875,\n        -0.50918538],\n       [ 1.74791217, -0.18083478,  6.56750024,  2.67640409,  0.81724982,\n        -0.50925537]]), array([0.45448333, 0.45448333, 0.45448333, 0.45448333, 0.45448333,\n       0.45448333, 0.45448333]))", "callback": [0.6593044655576886, 0.6125982146383158, 0.5747783385449545, 0.5403607012875576, 0.5156804111468473, 0.5065204239969544, 0.5030625134006318, 0.5022245450215711, 0.5014065593187204, 0.4973888286969782, 0.4869791673351713, 0.4635425776446018, 0.4609487046430366, 0.4595084842531558, 0.45924882959709556, 0.45916404585480264, 0.45915981288605257, 0.45915538445808046, 0.4591537339293943, 0.45915247671041093, 0.45915047413887367, 0.4591481475452286, 0.4591414090385153, 0.4591377114198587, 0.45913426376627475, 0.4591210804089527, 0.45909886238053255, 0.4590360611061123, 0.4589066983264851, 0.4583452390386361, 0.45721500504647195, 0.45666918261487666, 0.4562713183909939, 0.4556453538702412, 0.4552936325199535, 0.4548012374186524, 0.4545487314883704, 0.4545019703683496, 0.45449142888065763, 0.4544841893412572, 0.4544841893412572, 0.4544835195314709, 0.4544834261673004, 0.45448336686475876, 0.45448333980209965, 0.45448333310819733, 0.4544833302975043, 0.45448332952551695, 0.454483329450173]}, "8": {"maxiter": 1000, "fatol": 1e-05, "xatol": 1e-05, "duration": 0.1923689842224121, "fun": "0.45448332935568725", "nit": "526", "nfev": "828", "status": "0", "success": "True", "message": "Optimization terminated successfully.", "x": "[ 1.74790435 -0.18082372  6.56749329  2.67641168  0.81727747 -0.50922504]", "final_simplex": "(array([[ 1.74790435, -0.18082372,  6.56749329,  2.67641168,  0.81727747,\n        -0.50922504],\n       [ 1.74790243, -0.18082334,  6.56749393,  2.67641049,  0.81727357,\n        -0.50923038],\n       [ 1.74790332, -0.18082449,  6.56749453,  2.67641109,  0.81727676,\n        -0.50922602],\n       [ 1.74790439, -0.18082179,  6.56749426,  2.67641139,  0.8172795 ,\n        -0.50922321],\n       [ 1.74790244, -0.18082287,  6.56749317,  2.67641064,  0.8172801 ,\n        -0.5092236 ],\n       [ 1.74790613, -0.18082333,  6.56749362,  2.67641259,  0.81728386,\n        -0.50922071],\n       [ 1.74790501, -0.18082533,  6.56749303,  2.67641077,  0.81727959,\n        -0.50922437]]), array([0.45448333, 0.45448333, 0.45448333, 0.45448333, 0.45448333,\n       0.45448333, 0.45448333]))", "callback": [0.6593044655576886, 0.6125982146383158, 0.5747783385449545, 0.5403607012875576, 0.5156804111468473, 0.5065204239969544, 0.5030625134006318, 0.5022245450215711, 0.5014065593187204, 0.4973888286969782, 0.4869791673351713, 0.4635425776446018, 0.4609487046430366, 0.4595084842531558, 0.45924882959709556, 0.45916404585480264, 0.45915981288605257, 0.45915538445808046, 0.4591537339293943, 0.45915247671041093, 0.45915047413887367, 0.4591481475452286, 0.4591414090385153, 0.4591377114198587, 0.45913426376627475, 0.4591210804089527, 0.45909886238053255, 0.4590360611061123, 0.4589066983264851, 0.4583452390386361, 0.45721500504647195, 0.45666918261487666, 0.4562713183909939, 0.4556453538702412, 0.4552936325199535, 0.4548012374186524, 0.4545487314883704, 0.4545019703683496, 0.45449142888065763, 0.4544841893412572, 0.4544841893412572, 0.4544835195314709, 0.4544834261673004, 0.45448336686475876, 0.45448333980209965, 0.45448333310819733, 0.4544833302975043, 0.45448332952551695, 0.454483329450173, 0.4544833293823508, 0.4544833293583129, 0.454483329355729]}, "9": {"maxiter": 1000, "fatol": 1e-05, "xatol": 1e-10, "duration": 0.2915630340576172, "fun": "0.454483329355328", "nit": "620", "nfev": "1046", "status": "0", "success": "True", "message": "Optimization terminated successfully.", "x": "[ 1.7479039  -0.1808227   6.56749435  2.67641149  0.81727677 -0.50922717]", "final_simplex": "(array([[ 1.7479039 , -0.1808227 ,  6.56749435,  2.67641149,  0.81727677,\n        -0.50922717],\n       [ 1.7479039 , -0.1808227 ,  6.56749435,  2.67641149,  0.81727677,\n        -0.50922717],\n       [ 1.7479039 , -0.1808227 ,  6.56749435,  2.67641149,  0.81727677,\n        -0.50922717],\n       [ 1.7479039 , -0.1808227 ,  6.56749435,  2.67641149,  0.81727677,\n        -0.50922717],\n       [ 1.7479039 , -0.1808227 ,  6.56749435,  2.67641149,  0.81727677,\n        -0.50922717],\n       [ 1.7479039 , -0.1808227 ,  6.56749435,  2.67641149,  0.81727677,\n        -0.50922717],\n       [ 1.7479039 , -0.1808227 ,  6.56749435,  2.67641149,  0.81727677,\n        -0.50922717]]), array([0.45448333, 0.45448333, 0.45448333, 0.45448333, 0.45448333,\n       0.45448333, 0.45448333]))", "callback": [0.6593044655576886, 0.6125982146383158, 0.5747783385449545, 0.5403607012875576, 0.5156804111468473, 0.5065204239969544, 0.5030625134006318, 0.5022245450215711, 0.5014065593187204, 0.4973888286969782, 0.4869791673351713, 0.4635425776446018, 0.4609487046430366, 0.4595084842531558, 0.45924882959709556, 0.45916404585480264, 0.45915981288605257, 0.45915538445808046, 0.4591537339293943, 0.45915247671041093, 0.45915047413887367, 0.4591481475452286, 0.4591414090385153, 0.4591377114198587, 0.45913426376627475, 0.4591210804089527, 0.45909886238053255, 0.4590360611061123, 0.4589066983264851, 0.4583452390386361, 0.45721500504647195, 0.45666918261487666, 0.4562713183909939, 0.4556453538702412, 0.4552936325199535, 0.4548012374186524, 0.4545487314883704, 0.4545019703683496, 0.45449142888065763, 0.4544841893412572, 0.4544841893412572, 0.4544835195314709, 0.4544834261673004, 0.45448336686475876, 0.45448333980209965, 0.45448333310819733, 0.4544833302975043, 0.45448332952551695, 0.454483329450173, 0.4544833293823508, 0.4544833293583129, 0.454483329355729, 0.454483329355557, 0.45448332935537317, 0.4544833293553354, 0.45448332935532987, 0.4544833293553283, 0.4544833293553281, 0.454483329355328, 0.454483329355328, 0.454483329355328, 0.454483329355328]}, "10": {"maxiter": 1000, "fatol": 1e-10, "xatol": 1e-05, "duration": 0.19825291633605957, "fun": "0.45448332935568725", "nit": "526", "nfev": "828", "status": "0", "success": "True", "message": "Optimization terminated successfully.", "x": "[ 1.74790435 -0.18082372  6.56749329  2.67641168  0.81727747 -0.50922504]", "final_simplex": "(array([[ 1.74790435, -0.18082372,  6.56749329,  2.67641168,  0.81727747,\n        -0.50922504],\n       [ 1.74790243, -0.18082334,  6.56749393,  2.67641049,  0.81727357,\n        -0.50923038],\n       [ 1.74790332, -0.18082449,  6.56749453,  2.67641109,  0.81727676,\n        -0.50922602],\n       [ 1.74790439, -0.18082179,  6.56749426,  2.67641139,  0.8172795 ,\n        -0.50922321],\n       [ 1.74790244, -0.18082287,  6.56749317,  2.67641064,  0.8172801 ,\n        -0.5092236 ],\n       [ 1.74790613, -0.18082333,  6.56749362,  2.67641259,  0.81728386,\n        -0.50922071],\n       [ 1.74790501, -0.18082533,  6.56749303,  2.67641077,  0.81727959,\n        -0.50922437]]), array([0.45448333, 0.45448333, 0.45448333, 0.45448333, 0.45448333,\n       0.45448333, 0.45448333]))", "callback": [0.6593044655576886, 0.6125982146383158, 0.5747783385449545, 0.5403607012875576, 0.5156804111468473, 0.5065204239969544, 0.5030625134006318, 0.5022245450215711, 0.5014065593187204, 0.4973888286969782, 0.4869791673351713, 0.4635425776446018, 0.4609487046430366, 0.4595084842531558, 0.45924882959709556, 0.45916404585480264, 0.45915981288605257, 0.45915538445808046, 0.4591537339293943, 0.45915247671041093, 0.45915047413887367, 0.4591481475452286, 0.4591414090385153, 0.4591377114198587, 0.45913426376627475, 0.4591210804089527, 0.45909886238053255, 0.4590360611061123, 0.4589066983264851, 0.4583452390386361, 0.45721500504647195, 0.45666918261487666, 0.4562713183909939, 0.4556453538702412, 0.4552936325199535, 0.4548012374186524, 0.4545487314883704, 0.4545019703683496, 0.45449142888065763, 0.4544841893412572, 0.4544841893412572, 0.4544835195314709, 0.4544834261673004, 0.45448336686475876, 0.45448333980209965, 0.45448333310819733, 0.4544833302975043, 0.45448332952551695, 0.454483329450173, 0.4544833293823508, 0.4544833293583129, 0.454483329355729]}, "11": {"maxiter": 1000, "fatol": 1e-10, "xatol": 1e-10, "duration": 0.23997902870178223, "fun": "0.454483329355328", "nit": "620", "nfev": "1046", "status": "0", "success": "True", "message": "Optimization terminated successfully.", "x": "[ 1.7479039  -0.1808227   6.56749435  2.67641149  0.81727677 -0.50922717]", "final_simplex": "(array([[ 1.7479039 , -0.1808227 ,  6.56749435,  2.67641149,  0.81727677,\n        -0.50922717],\n       [ 1.7479039 , -0.1808227 ,  6.56749435,  2.67641149,  0.81727677,\n        -0.50922717],\n       [ 1.7479039 , -0.1808227 ,  6.56749435,  2.67641149,  0.81727677,\n        -0.50922717],\n       [ 1.7479039 , -0.1808227 ,  6.56749435,  2.67641149,  0.81727677,\n        -0.50922717],\n       [ 1.7479039 , -0.1808227 ,  6.56749435,  2.67641149,  0.81727677,\n        -0.50922717],\n       [ 1.7479039 , -0.1808227 ,  6.56749435,  2.67641149,  0.81727677,\n        -0.50922717],\n       [ 1.7479039 , -0.1808227 ,  6.56749435,  2.67641149,  0.81727677,\n        -0.50922717]]), array([0.45448333, 0.45448333, 0.45448333, 0.45448333, 0.45448333,\n       0.45448333, 0.45448333]))", "callback": [0.6593044655576886, 0.6125982146383158, 0.5747783385449545, 0.5403607012875576, 0.5156804111468473, 0.5065204239969544, 0.5030625134006318, 0.5022245450215711, 0.5014065593187204, 0.4973888286969782, 0.4869791673351713, 0.4635425776446018, 0.4609487046430366, 0.4595084842531558, 0.45924882959709556, 0.45916404585480264, 0.45915981288605257, 0.45915538445808046, 0.4591537339293943, 0.45915247671041093, 0.45915047413887367, 0.4591481475452286, 0.4591414090385153, 0.4591377114198587, 0.45913426376627475, 0.4591210804089527, 0.45909886238053255, 0.4590360611061123, 0.4589066983264851, 0.4583452390386361, 0.45721500504647195, 0.45666918261487666, 0.4562713183909939, 0.4556453538702412, 0.4552936325199535, 0.4548012374186524, 0.4545487314883704, 0.4545019703683496, 0.45449142888065763, 0.4544841893412572, 0.4544841893412572, 0.4544835195314709, 0.4544834261673004, 0.45448336686475876, 0.45448333980209965, 0.45448333310819733, 0.4544833302975043, 0.45448332952551695, 0.454483329450173, 0.4544833293823508, 0.4544833293583129, 0.454483329355729, 0.454483329355557, 0.45448332935537317, 0.4544833293553354, 0.45448332935532987, 0.4544833293553283, 0.4544833293553281, 0.454483329355328, 0.454483329355328, 0.454483329355328, 0.454483329355328]}}, "bfgs": {"type": "gradient", "0": {"maxiter": 100, "gtol": 1e-05, "xrtol": 1e-05, "eps": 1e-05, "duration": 0.053459882736206055, "fun": "0.4544833296072537", "jac": "[-1.05949693e-06 -4.77621276e-06  3.61308761e-06 -9.30078237e-07\n -3.65127928e-06  3.80773191e-06]", "hess_inv": "[[ 6.740788   -0.83876734 -0.28988098  1.99150189  6.36917735  6.34171627]\n [-0.83876734  4.7295748   2.0991859  -1.04801194 -3.68082312 -4.62522302]\n [-0.28988098  2.0991859   4.22217309 -0.1466177  -2.46800481 -3.59393285]\n [ 1.99150189 -1.04801194 -0.1466177   4.89566782  2.56091296  3.49617111]\n [ 6.36917735 -3.68082312 -2.46800481  2.56091296 34.24186878 31.3246706 ]\n [ 6.34171627 -4.62522302 -3.59393285  3.49617111 31.3246706  33.4443273 ]]", "nfev": "224", "njev": "32", "status": "0", "success": "True", "message": "Optimization terminated successfully.", "x": "[ 1.74787186 -0.18084168  6.56750338  2.67639219  0.8171861  -0.50929445]", "nit": "29", "callback": [0.48324599814678004, 0.4626045447114666]}, "1": {"maxiter": 100, "gtol": 1e-05, "xrtol": 1e-05, "eps": 1e-10, "duration": 0.052825212478637695, "fun": "0.45448332947690995", "jac": "[-1.11022293e-06 -4.44089173e-06  4.44089173e-06  0.00000000e+00\n -5.55111466e-06  4.44089173e-06]", "hess_inv": "[[ 6.6734121  -0.82133033 -0.27046234  1.99833096  6.18438316  6.15101365]\n [-0.82133033  4.72520414  2.10880342 -1.03570697 -3.71429046 -4.65716941]\n [-0.27046234  2.10880342  4.24233233 -0.1356674  -2.51341508 -3.63942845]\n [ 1.99833096 -1.03570697 -0.1356674   4.91766839  2.52854921  3.46451679]\n [ 6.18438316 -3.71429046 -2.51341508  2.52854921 34.03600438 31.11252522]\n [ 6.15101365 -4.65716941 -3.63942845  3.46451679 31.11252522 33.22733574]]", "nfev": "224", "njev": "32", "status": "0", "success": "True", "message": "Optimization terminated successfully.", "x": "[ 1.74789877 -0.18084362  6.56750409  2.67641045  0.81727153 -0.50920938]", "nit": "29", "callback": [0.48324572830991064, 0.4626084924552567]}, "2": {"maxiter": 100, "gtol": 1e-05, "xrtol": 1e-10, "eps": 1e-05, "duration": 0.05245518684387207, "fun": "0.4544833296072537", "jac": "[-1.05949693e-06 -4.77621276e-06  3.61308761e-06 -9.30078237e-07\n -3.65127928e-06  3.80773191e-06]", "hess_inv": "[[ 6.740788   -0.83876734 -0.28988098  1.99150189  6.36917735  6.34171627]\n [-0.83876734  4.7295748   2.0991859  -1.04801194 -3.68082312 -4.62522302]\n [-0.28988098  2.0991859   4.22217309 -0.1466177  -2.46800481 -3.59393285]\n [ 1.99150189 -1.04801194 -0.1466177   4.89566782  2.56091296  3.49617111]\n [ 6.36917735 -3.68082312 -2.46800481  2.56091296 34.24186878 31.3246706 ]\n [ 6.34171627 -4.62522302 -3.59393285  3.49617111 31.3246706  33.4443273 ]]", "nfev": "224", "njev": "32", "status": "0", "success": "True", "message": "Optimization terminated successfully.", "x": "[ 1.74787186 -0.18084168  6.56750338  2.67639219  0.8171861  -0.50929445]", "nit": "29", "callback": [0.48324599814678004, 0.4626045447114666]}, "3": {"maxiter": 100, "gtol": 1e-05, "xrtol": 1e-10, "eps": 1e-10, "duration": 0.053018808364868164, "fun": "0.45448332947690995", "jac": "[-1.11022293e-06 -4.44089173e-06  4.44089173e-06  0.00000000e+00\n -5.55111466e-06  4.44089173e-06]", "hess_inv": "[[ 6.6734121  -0.82133033 -0.27046234  1.99833096  6.18438316  6.15101365]\n [-0.82133033  4.72520414  2.10880342 -1.03570697 -3.71429046 -4.65716941]\n [-0.27046234  2.10880342  4.24233233 -0.1356674  -2.51341508 -3.63942845]\n [ 1.99833096 -1.03570697 -0.1356674   4.91766839  2.52854921  3.46451679]\n [ 6.18438316 -3.71429046 -2.51341508  2.52854921 34.03600438 31.11252522]\n [ 6.15101365 -4.65716941 -3.63942845  3.46451679 31.11252522 33.22733574]]", "nfev": "224", "njev": "32", "status": "0", "success": "True", "message": "Optimization terminated successfully.", "x": "[ 1.74789877 -0.18084362  6.56750409  2.67641045  0.81727153 -0.50920938]", "nit": "29", "callback": [0.48324572830991064, 0.4626084924552567]}, "4": {"maxiter": 100, "gtol": 1e-10, "xrtol": 1e-05, "eps": 1e-05, "duration": 0.05438089370727539, "fun": "0.4544833294741495", "jac": "[-1.32149847e-07 -5.49804646e-07  2.45270471e-07 -3.45612428e-08\n -5.71420689e-07  5.68034508e-07]", "hess_inv": "[[ 6.86312195 -0.6552563  -0.54043406  2.19402422  6.48854855  6.36779212]\n [-0.6552563   4.63402157  1.35492035 -0.34666539 -3.54806404 -4.07596484]\n [-0.54043406  1.35492035  4.36932154 -0.16645294 -2.75849528 -3.14052552]\n [ 2.19402422 -0.34666539 -0.16645294  4.80475929  2.80817362  2.99245141]\n [ 6.48854855 -3.54806404 -2.75849528  2.80817362 34.35256637 31.41381836]\n [ 6.36779212 -4.07596484 -3.14052552  2.99245141 31.41381836 32.74810396]]", "nfev": "231", "njev": "33", "status": "0", "success": "True", "message": "Optimization terminated successfully.", "x": "[ 1.74787944 -0.18082289  6.56749522  2.67639678  0.81719442 -0.50930304]", "nit": "30", "callback": [0.48324599814678004, 0.4626045447114666, 0.4544833294741495]}, "5": {"maxiter": 100, "gtol": 1e-10, "xrtol": 1e-05, "eps": 1e-10, "duration": 0.055100202560424805, "fun": "0.45448332937835456", "jac": "[ 0.00000000e+00  0.00000000e+00 -2.22044587e-06 -1.11022293e-06\n  1.11022293e-06  0.00000000e+00]", "hess_inv": "[[ 5.7115222  -0.26819272 -0.01979165  1.72526517  1.98091251  2.02478838]\n [-0.26819272  5.60325056  1.04400073 -0.4808464  -2.68693226 -4.52825163]\n [-0.01979165  1.04400073  4.57321848  0.05279972 -1.04774018 -1.15150114]\n [ 1.72526517 -0.4808464   0.05279972  4.39833454  1.82128507  1.97314685]\n [ 1.98091251 -2.68693226 -1.04774018  1.82128507 15.71542659 14.98402421]\n [ 2.02478838 -4.52825163 -1.15150114  1.97314685 14.98402421 19.4198906 ]]", "nfev": "238", "njev": "34", "status": "0", "success": "True", "message": "Optimization terminated successfully.", "x": "[ 1.74791213 -0.18082473  6.56748594  2.67641524  0.81731197 -0.5091961 ]", "nit": "31", "callback": [0.48324572830991064, 0.4626084924552567, 0.4544833294214743]}, "6": {"maxiter": 100, "gtol": 1e-10, "xrtol": 1e-10, "eps": 1e-05, "duration": 0.05644798278808594, "fun": "0.4544833294678594", "jac": "[ 3.33066907e-11  5.55111512e-11 -4.44089210e-11  0.00000000e+00\n -2.22044605e-11  4.44089210e-11]", "hess_inv": "[[ 6.89963701 -0.55363796 -0.54458297  2.20180565  6.55609079  6.31772851]\n [-0.55363796  4.91146273  1.33153135 -0.31997284 -3.36896279 -4.21152937]\n [-0.54458297  1.33153135  4.34120202 -0.1553073  -2.78782728 -3.12632071]\n [ 2.20180565 -0.31997284 -0.1553073   4.80134931  2.83166649  2.97817138]\n [ 6.55609079 -3.36896279 -2.78782728  2.83166649 34.46106812 31.32761104]\n [ 6.31772851 -4.21152937 -3.12632071  2.97817138 31.32761104 32.81408781]]", "nfev": "245", "njev": "35", "status": "0", "success": "True", "message": "Optimization terminated successfully.", "x": "[ 1.74788042 -0.18082014  6.567495    2.67639703  0.81719611 -0.50930439]", "nit": "32", "callback": [0.48324599814678004, 0.4626045447114666, 0.4544833294741495]}, "7": {"maxiter": 100, "gtol": 1e-10, "xrtol": 1e-10, "eps": 1e-10, "duration": 0.0913689136505127, "fun": "0.4544833293627426", "jac": "[ 0.00000000e+00  2.22044587e-06 -1.11022293e-06  2.22044587e-06\n  0.00000000e+00  1.11022293e-06]", "hess_inv": "[[28.61918528 -0.4778975   9.41127113 14.53726597 35.50575116 16.68409023]\n [-0.4778975   1.48187149  0.72733679 -0.62591717  0.89302871 -0.56183972]\n [ 9.41127113  0.72733679  4.34446961  5.01300085 14.38353495  5.69523641]\n [14.53726597 -0.62591717  5.01300085  8.88080902 18.4874859   8.46201729]\n [35.50575116  0.89302871 14.38353495 18.4874859  50.55202873 21.78619387]\n [16.68409023 -0.56183972  5.69523641  8.46201729 21.78619387 10.396374  ]]", "nfev": "399", "njev": "57", "status": "2", "success": "False", "message": "Desired error not necessarily achieved due to precision loss.", "x": "[ 1.74790573 -0.1808184   6.56749328  2.67641774  0.8172734  -0.50922971]", "nit": "37", "callback": [0.48324572830991064, 0.4626084924552567, 0.4544833294214743]}, "8": {"maxiter": 500, "gtol": 1e-05, "xrtol": 1e-05, "eps": 1e-05, "duration": 0.05203819274902344, "fun": "0.4544833296072537", "jac": "[-1.05949693e-06 -4.77621276e-06  3.61308761e-06 -9.30078237e-07\n -3.65127928e-06  3.80773191e-06]", "hess_inv": "[[ 6.740788   -0.83876734 -0.28988098  1.99150189  6.36917735  6.34171627]\n [-0.83876734  4.7295748   2.0991859  -1.04801194 -3.68082312 -4.62522302]\n [-0.28988098  2.0991859   4.22217309 -0.1466177  -2.46800481 -3.59393285]\n [ 1.99150189 -1.04801194 -0.1466177   4.89566782  2.56091296  3.49617111]\n [ 6.36917735 -3.68082312 -2.46800481  2.56091296 34.24186878 31.3246706 ]\n [ 6.34171627 -4.62522302 -3.59393285  3.49617111 31.3246706  33.4443273 ]]", "nfev": "224", "njev": "32", "status": "0", "success": "True", "message": "Optimization terminated successfully.", "x": "[ 1.74787186 -0.18084168  6.56750338  2.67639219  0.8171861  -0.50929445]", "nit": "29", "callback": [0.48324599814678004, 0.4626045447114666]}, "9": {"maxiter": 500, "gtol": 1e-05, "xrtol": 1e-05, "eps": 1e-10, "duration": 0.05069899559020996, "fun": "0.45448332947690995", "jac": "[-1.11022293e-06 -4.44089173e-06  4.44089173e-06  0.00000000e+00\n -5.55111466e-06  4.44089173e-06]", "hess_inv": "[[ 6.6734121  -0.82133033 -0.27046234  1.99833096  6.18438316  6.15101365]\n [-0.82133033  4.72520414  2.10880342 -1.03570697 -3.71429046 -4.65716941]\n [-0.27046234  2.10880342  4.24233233 -0.1356674  -2.51341508 -3.63942845]\n [ 1.99833096 -1.03570697 -0.1356674   4.91766839  2.52854921  3.46451679]\n [ 6.18438316 -3.71429046 -2.51341508  2.52854921 34.03600438 31.11252522]\n [ 6.15101365 -4.65716941 -3.63942845  3.46451679 31.11252522 33.22733574]]", "nfev": "224", "njev": "32", "status": "0", "success": "True", "message": "Optimization terminated successfully.", "x": "[ 1.74789877 -0.18084362  6.56750409  2.67641045  0.81727153 -0.50920938]", "nit": "29", "callback": [0.48324572830991064, 0.4626084924552567]}, "10": {"maxiter": 500, "gtol": 1e-05, "xrtol": 1e-10, "eps": 1e-05, "duration": 0.05218005180358887, "fun": "0.4544833296072537", "jac": "[-1.05949693e-06 -4.77621276e-06  3.61308761e-06 -9.30078237e-07\n -3.65127928e-06  3.80773191e-06]", "hess_inv": "[[ 6.740788   -0.83876734 -0.28988098  1.99150189  6.36917735  6.34171627]\n [-0.83876734  4.7295748   2.0991859  -1.04801194 -3.68082312 -4.62522302]\n [-0.28988098  2.0991859   4.22217309 -0.1466177  -2.46800481 -3.59393285]\n [ 1.99150189 -1.04801194 -0.1466177   4.89566782  2.56091296  3.49617111]\n [ 6.36917735 -3.68082312 -2.46800481  2.56091296 34.24186878 31.3246706 ]\n [ 6.34171627 -4.62522302 -3.59393285  3.49617111 31.3246706  33.4443273 ]]", "nfev": "224", "njev": "32", "status": "0", "success": "True", "message": "Optimization terminated successfully.", "x": "[ 1.74787186 -0.18084168  6.56750338  2.67639219  0.8171861  -0.50929445]", "nit": "29", "callback": [0.48324599814678004, 0.4626045447114666]}, "11": {"maxiter": 500, "gtol": 1e-05, "xrtol": 1e-10, "eps": 1e-10, "duration": 0.05187511444091797, "fun": "0.45448332947690995", "jac": "[-1.11022293e-06 -4.44089173e-06  4.44089173e-06  0.00000000e+00\n -5.55111466e-06  4.44089173e-06]", "hess_inv": "[[ 6.6734121  -0.82133033 -0.27046234  1.99833096  6.18438316  6.15101365]\n [-0.82133033  4.72520414  2.10880342 -1.03570697 -3.71429046 -4.65716941]\n [-0.27046234  2.10880342  4.24233233 -0.1356674  -2.51341508 -3.63942845]\n [ 1.99833096 -1.03570697 -0.1356674   4.91766839  2.52854921  3.46451679]\n [ 6.18438316 -3.71429046 -2.51341508  2.52854921 34.03600438 31.11252522]\n [ 6.15101365 -4.65716941 -3.63942845  3.46451679 31.11252522 33.22733574]]", "nfev": "224", "njev": "32", "status": "0", "success": "True", "message": "Optimization terminated successfully.", "x": "[ 1.74789877 -0.18084362  6.56750409  2.67641045  0.81727153 -0.50920938]", "nit": "29", "callback": [0.48324572830991064, 0.4626084924552567]}, "12": {"maxiter": 500, "gtol": 1e-10, "xrtol": 1e-05, "eps": 1e-05, "duration": 0.05348515510559082, "fun": "0.4544833294741495", "jac": "[-1.32149847e-07 -5.49804646e-07  2.45270471e-07 -3.45612428e-08\n -5.71420689e-07  5.68034508e-07]", "hess_inv": "[[ 6.86312195 -0.6552563  -0.54043406  2.19402422  6.48854855  6.36779212]\n [-0.6552563   4.63402157  1.35492035 -0.34666539 -3.54806404 -4.07596484]\n [-0.54043406  1.35492035  4.36932154 -0.16645294 -2.75849528 -3.14052552]\n [ 2.19402422 -0.34666539 -0.16645294  4.80475929  2.80817362  2.99245141]\n [ 6.48854855 -3.54806404 -2.75849528  2.80817362 34.35256637 31.41381836]\n [ 6.36779212 -4.07596484 -3.14052552  2.99245141 31.41381836 32.74810396]]", "nfev": "231", "njev": "33", "status": "0", "success": "True", "message": "Optimization terminated successfully.", "x": "[ 1.74787944 -0.18082289  6.56749522  2.67639678  0.81719442 -0.50930304]", "nit": "30", "callback": [0.48324599814678004, 0.4626045447114666, 0.4544833294741495]}, "13": {"maxiter": 500, "gtol": 1e-10, "xrtol": 1e-05, "eps": 1e-10, "duration": 0.05442214012145996, "fun": "0.45448332937835456", "jac": "[ 0.00000000e+00  0.00000000e+00 -2.22044587e-06 -1.11022293e-06\n  1.11022293e-06  0.00000000e+00]", "hess_inv": "[[ 5.7115222  -0.26819272 -0.01979165  1.72526517  1.98091251  2.02478838]\n [-0.26819272  5.60325056  1.04400073 -0.4808464  -2.68693226 -4.52825163]\n [-0.01979165  1.04400073  4.57321848  0.05279972 -1.04774018 -1.15150114]\n [ 1.72526517 -0.4808464   0.05279972  4.39833454  1.82128507  1.97314685]\n [ 1.98091251 -2.68693226 -1.04774018  1.82128507 15.71542659 14.98402421]\n [ 2.02478838 -4.52825163 -1.15150114  1.97314685 14.98402421 19.4198906 ]]", "nfev": "238", "njev": "34", "status": "0", "success": "True", "message": "Optimization terminated successfully.", "x": "[ 1.74791213 -0.18082473  6.56748594  2.67641524  0.81731197 -0.5091961 ]", "nit": "31", "callback": [0.48324572830991064, 0.4626084924552567, 0.4544833294214743]}, "14": {"maxiter": 500, "gtol": 1e-10, "xrtol": 1e-10, "eps": 1e-05, "duration": 0.05704808235168457, "fun": "0.4544833294678594", "jac": "[ 3.33066907e-11  5.55111512e-11 -4.44089210e-11  0.00000000e+00\n -2.22044605e-11  4.44089210e-11]", "hess_inv": "[[ 6.89963701 -0.55363796 -0.54458297  2.20180565  6.55609079  6.31772851]\n [-0.55363796  4.91146273  1.33153135 -0.31997284 -3.36896279 -4.21152937]\n [-0.54458297  1.33153135  4.34120202 -0.1553073  -2.78782728 -3.12632071]\n [ 2.20180565 -0.31997284 -0.1553073   4.80134931  2.83166649  2.97817138]\n [ 6.55609079 -3.36896279 -2.78782728  2.83166649 34.46106812 31.32761104]\n [ 6.31772851 -4.21152937 -3.12632071  2.97817138 31.32761104 32.81408781]]", "nfev": "245", "njev": "35", "status": "0", "success": "True", "message": "Optimization terminated successfully.", "x": "[ 1.74788042 -0.18082014  6.567495    2.67639703  0.81719611 -0.50930439]", "nit": "32", "callback": [0.48324599814678004, 0.4626045447114666, 0.4544833294741495]}, "15": {"maxiter": 500, "gtol": 1e-10, "xrtol": 1e-10, "eps": 1e-10, "duration": 0.09141206741333008, "fun": "0.4544833293627426", "jac": "[ 0.00000000e+00  2.22044587e-06 -1.1