{"date": "2024/09/24/, 03:24:09", "conf_id": 232, "data_type": "non_lin_ind\n", "num_data_points": 4, "s_rank": 0, "unitary": "[[0.18663085-0.53122324j,-0.11886349-0.70040876j,0.28555095-0.02789305j,-0.12262021-0.2844587j],[-0.16702216+0.27758472j,0.27526351-0.29738586j,-0.01109314+0.22495461j,-0.77239203+0.28900673j],[0.61935415+0.12301792j,-0.31269928-0.03315917j,-0.61902762-0.19039079j,-0.27120731-0.0968989j],[0.42341754+0.0023929j,-0.05847358+0.47832119j,0.64900495-0.16218422j,-0.37182676-0.05229966j]]", "databatch_0": {"databatch": "[[[0.21796163+0.12279575j,-0.08975632-0.14633261j,0.24830533-0.04043324j,-0.02070414+0.09862691j],[0.3565322+0.00647676j,-0.31889848+0.24230798j,-0.27587502+0.11243223j,0.18162103+0.22466767j],[0.10936331+0.01108401j,-0.16459179+0.06639567j,-0.15649775+0.20036505j,-0.0059384+0.22388065j],[-0.0877397-0.15071519j,0.16218094+0.21506023j,-0.20888469+0.21040884j,0.04467179-0.15322257j]],[[0.08296763+0.43245205j,0.1000013+0.06655584j,-0.03538286+0.27805646j,0.25177836-0.25009451j],[0.10416284+0.0777704j,0.04157747+0.05652962j,0.06082691-0.06091114j,0.10058893+0.07495528j],[0.52170398-0.13283541j,0.0942572-0.02830711j,0.35199413-0.20773001j,-0.17809295-0.02779866j],[-0.13899398+0.05522217j,-0.03125952+0.04682652j,-0.04929675+0.00198559j,0.07628461+0.0967272j]],[[-0.15307235-0.37731733j,-0.08989552-0.07744501j,0.10528587+0.15929681j,-0.09244774+0.35943369j],[-0.08451688-0.29413131j,-0.01997131-0.10871005j,0.08798599+0.11627943j,-0.04392684+0.36347625j],[0.20123024-0.20165883j,-0.0188107+0.02442451j,0.05685421+0.14337945j,-0.2493166+0.19291601j],[0.09913253+0.26014223j,-0.00652035-0.02318221j,-0.10751779-0.06080906j,0.063007-0.26956647j]],[[0.12594959+0.07960545j,0.387206+0.16789102j,0.13439212+0.05417774j,0.32273519-0.40595224j],[0.04288658-0.04076874j,-0.16401376+0.05292359j,-0.08270889-0.13515523j,0.28244774-0.06374549j],[0.09809472-0.09110935j,-0.18899487-0.11640089j,-0.054175-0.25808144j,0.25538831-0.11123644j],[-0.07863776+0.03388584j,-0.19540277+0.09180626j,-0.05429012+0.04719481j,0.04045056+0.3041352j]]]", "initial param values": "[2.85302721,0.76196349,4.17027604,1.67212004,0.50344949,1.53348353]", "nelder_mead": {"type": "gradient-free", "0": {"maxiter": 100, "fatol": 1e-05, "xatol": 1e-05, "duration": 0.03734230995178223, "fun": "0.27242306861422416", "nit": "100", "nfev": "159", "status": "2", "success": "False", "message": "Maximum number of iterations has been exceeded.", "x": "[1.13180803 0.6656878  3.23807773 2.46080522 0.5073028  2.29673741]", "final_simplex": "(array([[1.13180803, 0.6656878 , 3.23807773, 2.46080522, 0.5073028 ,\n        2.29673741],\n       [1.12621834, 0.66667426, 3.23133557, 2.45827472, 0.50826871,\n        2.29674062],\n       [1.1356613 , 0.66609701, 3.23558152, 2.45394703, 0.50709339,\n        2.29977846],\n       [1.14023594, 0.66531076, 3.23263043, 2.45791491, 0.50753644,\n        2.29451361],\n       [1.13064361, 0.66110705, 3.23100736, 2.466139  , 0.50804069,\n        2.30121398],\n       [1.13874688, 0.6662785 , 3.23338434, 2.45656874, 0.50714993,\n        2.29837203],\n       [1.13260052, 0.67315492, 3.22630389, 2.45351312, 0.50555218,\n        2.29207578]]), array([0.27242307, 0.27242551, 0.2724261 , 0.27243043, 0.27243043,\n       0.2724355 , 0.27243606]))", "callback": [0.5130920293315128, 0.32914211736400856, 0.32036934201491485, 0.30382586625227104, 0.2896681754471737, 0.27643953979877567, 0.27319876691186673, 0.27256750897747395, 0.27243606070401594]}, "1": {"maxiter": 100, "fatol": 1e-05, "xatol": 1e-10, "duration": 0.03660917282104492, "fun": "0.27242306861422416", "nit": "100", "nfev": "159", "status": "2", "success": "False", "message": "Maximum number of iterations has been exceeded.", "x": "[1.13180803 0.6656878  3.23807773 2.46080522 0.5073028  2.29673741]", "final_simplex": "(array([[1.13180803, 0.6656878 , 3.23807773, 2.46080522, 0.5073028 ,\n        2.29673741],\n       [1.12621834, 0.66667426, 3.23133557, 2.45827472, 0.50826871,\n        2.29674062],\n       [1.1356613 , 0.66609701, 3.23558152, 2.45394703, 0.50709339,\n        2.29977846],\n       [1.14023594, 0.66531076, 3.23263043, 2.45791491, 0.50753644,\n        2.29451361],\n       [1.13064361, 0.66110705, 3.23100736, 2.466139  , 0.50804069,\n        2.30121398],\n       [1.13874688, 0.6662785 , 3.23338434, 2.45656874, 0.50714993,\n        2.29837203],\n       [1.13260052, 0.67315492, 3.22630389, 2.45351312, 0.50555218,\n        2.29207578]]), array([0.27242307, 0.27242551, 0.2724261 , 0.27243043, 0.27243043,\n       0.2724355 , 0.27243606]))", "callback": [0.5130920293315128, 0.32914211736400856, 0.32036934201491485, 0.30382586625227104, 0.2896681754471737, 0.27643953979877567, 0.27319876691186673, 0.27256750897747395, 0.27243606070401594]}, "2": {"maxiter": 100, "fatol": 1e-10, "xatol": 1e-05, "duration": 0.03562808036804199, "fun": "0.27242306861422416", "nit": "100", "nfev": "159", "status": "2", "success": "False", "message": "Maximum number of iterations has been exceeded.", "x": "[1.13180803 0.6656878  3.23807773 2.46080522 0.5073028  2.29673741]", "final_simplex": "(array([[1.13180803, 0.6656878 , 3.23807773, 2.46080522, 0.5073028 ,\n        2.29673741],\n       [1.12621834, 0.66667426, 3.23133557, 2.45827472, 0.50826871,\n        2.29674062],\n       [1.1356613 , 0.66609701, 3.23558152, 2.45394703, 0.50709339,\n        2.29977846],\n       [1.14023594, 0.66531076, 3.23263043, 2.45791491, 0.50753644,\n        2.29451361],\n       [1.13064361, 0.66110705, 3.23100736, 2.466139  , 0.50804069,\n        2.30121398],\n       [1.13874688, 0.6662785 , 3.23338434, 2.45656874, 0.50714993,\n        2.29837203],\n       [1.13260052, 0.67315492, 3.22630389, 2.45351312, 0.50555218,\n        2.29207578]]), array([0.27242307, 0.27242551, 0.2724261 , 0.27243043, 0.27243043,\n       0.2724355 , 0.27243606]))", "callback": [0.5130920293315128, 0.32914211736400856, 0.32036934201491485, 0.30382586625227104, 0.2896681754471737, 0.27643953979877567, 0.27319876691186673, 0.27256750897747395, 0.27243606070401594]}, "3": {"maxiter": 100, "fatol": 1e-10, "xatol": 1e-10, "duration": 0.035910844802856445, "fun": "0.27242306861422416", "nit": "100", "nfev": "159", "status": "2", "success": "False", "message": "Maximum number of iterations has been exceeded.", "x": "[1.13180803 0.6656878  3.23807773 2.46080522 0.5073028  2.29673741]", "final_simplex": "(array([[1.13180803, 0.6656878 , 3.23807773, 2.46080522, 0.5073028 ,\n        2.29673741],\n       [1.12621834, 0.66667426, 3.23133557, 2.45827472, 0.50826871,\n        2.29674062],\n       [1.1356613 , 0.66609701, 3.23558152, 2.45394703, 0.50709339,\n        2.29977846],\n       [1.14023594, 0.66531076, 3.23263043, 2.45791491, 0.50753644,\n        2.29451361],\n       [1.13064361, 0.66110705, 3.23100736, 2.466139  , 0.50804069,\n        2.30121398],\n       [1.13874688, 0.6662785 , 3.23338434, 2.45656874, 0.50714993,\n        2.29837203],\n       [1.13260052, 0.67315492, 3.22630389, 2.45351312, 0.50555218,\n        2.29207578]]), array([0.27242307, 0.27242551, 0.2724261 , 0.27243043, 0.27243043,\n       0.2724355 , 0.27243606]))", "callback": [0.5130920293315128, 0.32914211736400856, 0.32036934201491485, 0.30382586625227104, 0.2896681754471737, 0.27643953979877567, 0.27319876691186673, 0.27256750897747395, 0.27243606070401594]}, "4": {"maxiter": 500, "fatol": 1e-05, "xatol": 1e-05, "duration": 0.12629389762878418, "fun": "0.2710532908894965", "nit": "364", "nfev": "570", "status": "0", "success": "True", "message": "Optimization terminated successfully.", "x": "[1.07230325 0.65808543 3.25698103 2.44592449 0.34480398 2.13813057]", "final_simplex": "(array([[1.07230325, 0.65808543, 3.25698103, 2.44592449, 0.34480398,\n        2.13813057],\n       [1.07229497, 0.65807692, 3.25698778, 2.44591961, 0.34480168,\n        2.13812428],\n       [1.07229433, 0.65808833, 3.25698501, 2.44592015, 0.34479796,\n        2.13812352],\n       [1.07229659, 0.65808471, 3.2569821 , 2.44591874, 0.34480008,\n        2.1381293 ],\n       [1.07229812, 0.65808393, 3.25698233, 2.44592446, 0.34480052,\n        2.13813106],\n       [1.07229959, 0.65808434, 3.25697931, 2.44592681, 0.34480998,\n        2.13813389],\n       [1.07230142, 0.65808561, 3.25698226, 2.44592026, 0.34481316,\n        2.13813818]]), array([0.27105329, 0.27105329, 0.27105329, 0.27105329, 0.27105329,\n       0.27105329, 0.27105329]))", "callback": [0.5130920293315128, 0.32914211736400856, 0.32036934201491485, 0.30382586625227104, 0.2896681754471737, 0.27643953979877567, 0.27319876691186673, 0.27256750897747395, 0.27243606070401594, 0.27242306861422416, 0.27241120324394963, 0.27238764065974397, 0.2723079907885573, 0.27210862999144614, 0.2717279165453632, 0.2716429455182666, 0.2715649521650124, 0.2713546294418404, 0.2712005287422018, 0.2711542417059528, 0.2711013618329925, 0.27106732940474054, 0.2710571397069039, 0.27105553416729244, 0.27105358821356407, 0.2710533991244485, 0.2710533210558548, 0.27105329951484314, 0.2710532944389623, 0.27105329249445853, 0.27105329122827015, 0.27105329103148956, 0.2710532909507877, 0.2710532909209673, 0.27105329090522223, 0.27105329089243035]}, "5": {"maxiter": 500, "fatol": 1e-05, "xatol": 1e-10, "duration": 0.1847231388092041, "fun": "0.2710532908799388", "nit": "499", "nfev": "841", "status": "0", "success": "True", "message": "Optimization terminated successfully.", "x": "[1.07230017 0.65808255 3.25698346 2.44592119 0.34479702 2.13811856]", "final_simplex": "(array([[1.07230017, 0.65808255, 3.25698346, 2.44592119, 0.34479702,\n        2.13811856],\n       [1.07230017, 0.65808255, 3.25698346, 2.44592119, 0.34479702,\n        2.13811856],\n       [1.07230017, 0.65808255, 3.25698346, 2.44592119, 0.34479702,\n        2.13811856],\n       [1.07230017, 0.65808255, 3.25698346, 2.44592119, 0.34479702,\n        2.13811856],\n       [1.07230017, 0.65808255, 3.25698346, 2.44592119, 0.34479702,\n        2.13811856],\n       [1.07230017, 0.65808255, 3.25698346, 2.44592119, 0.34479702,\n        2.13811856],\n       [1.07230017, 0.65808255, 3.25698346, 2.44592119, 0.34479702,\n        2.13811856]]), array([0.27105329, 0.27105329, 0.27105329, 0.27105329, 0.27105329,\n       0.27105329, 0.27105329]))", "callback": [0.5130920293315128, 0.32914211736400856, 0.32036934201491485, 0.30382586625227104, 0.2896681754471737, 0.27643953979877567, 0.27319876691186673, 0.27256750897747395, 0.27243606070401594, 0.27242306861422416, 0.27241120324394963, 0.27238764065974397, 0.2723079907885573, 0.27210862999144614, 0.2717279165453632, 0.2716429455182666, 0.2715649521650124, 0.2713546294418404, 0.2712005287422018, 0.2711542417059528, 0.2711013618329925, 0.27106732940474054, 0.2710571397069039, 0.27105553416729244, 0.27105358821356407, 0.2710533991244485, 0.2710533210558548, 0.27105329951484314, 0.2710532944389623, 0.27105329249445853, 0.27105329122827015, 0.27105329103148956, 0.2710532909507877, 0.2710532909209673, 0.27105329090522223, 0.27105329089243035, 0.2710532908861978, 0.2710532908808325, 0.27105329088040686, 0.2710532908800709, 0.2710532908800116, 0.27105329087997, 0.27105329087995367, 0.27105329087994035, 0.2710532908799399, 0.271053290879939, 0.2710532908799389, 0.2710532908799388, 0.2710532908799388]}, "6": {"maxiter": 500, "fatol": 1e-10, "xatol": 1e-05, "duration": 0.12700390815734863, "fun": "0.2710532908894965", "nit": "364", "nfev": "570", "status": "0", "success": "True", "message": "Optimization terminated successfully.", "x": "[1.07230325 0.65808543 3.25698103 2.44592449 0.34480398 2.13813057]", "final_simplex": "(array([[1.07230325, 0.65808543, 3.25698103, 2.44592449, 0.34480398,\n        2.13813057],\n       [1.07229497, 0.65807692, 3.25698778, 2.44591961, 0.34480168,\n        2.13812428],\n       [1.07229433, 0.65808833, 3.25698501, 2.44592015, 0.34479796,\n        2.13812352],\n       [1.07229659, 0.65808471, 3.2569821 , 2.44591874, 0.34480008,\n        2.1381293 ],\n       [1.07229812, 0.65808393, 3.25698233, 2.44592446, 0.34480052,\n        2.13813106],\n       [1.07229959, 0.65808434, 3.25697931, 2.44592681, 0.34480998,\n        2.13813389],\n       [1.07230142, 0.65808561, 3.25698226, 2.44592026, 0.34481316,\n        2.13813818]]), array([0.27105329, 0.27105329, 0.27105329, 0.27105329, 0.27105329,\n       0.27105329, 0.27105329]))", "callback": [0.5130920293315128, 0.32914211736400856, 0.32036934201491485, 0.30382586625227104, 0.2896681754471737, 0.27643953979877567, 0.27319876691186673, 0.27256750897747395, 0.27243606070401594, 0.27242306861422416, 0.27241120324394963, 0.27238764065974397, 0.2723079907885573, 0.27210862999144614, 0.2717279165453632, 0.2716429455182666, 0.2715649521650124, 0.2713546294418404, 0.2712005287422018, 0.2711542417059528, 0.2711013618329925, 0.27106732940474054, 0.2710571397069039, 0.27105553416729244, 0.27105358821356407, 0.2710533991244485, 0.2710533210558548, 0.27105329951484314, 0.2710532944389623, 0.27105329249445853, 0.27105329122827015, 0.27105329103148956, 0.2710532909507877, 0.2710532909209673, 0.27105329090522223, 0.27105329089243035]}, "7": {"maxiter": 500, "fatol": 1e-10, "xatol": 1e-10, "duration": 0.20640206336975098, "fun": "0.2710532908799388", "nit": "499", "nfev": "841", "status": "0", "success": "True", "message": "Optimization terminated successfully.", "x": "[1.07230017 0.65808255 3.25698346 2.44592119 0.34479702 2.13811856]", "final_simplex": "(array([[1.07230017, 0.65808255, 3.25698346, 2.44592119, 0.34479702,\n        2.13811856],\n       [1.07230017, 0.65808255, 3.25698346, 2.44592119, 0.34479702,\n        2.13811856],\n       [1.07230017, 0.65808255, 3.25698346, 2.44592119, 0.34479702,\n        2.13811856],\n       [1.07230017, 0.65808255, 3.25698346, 2.44592119, 0.34479702,\n        2.13811856],\n       [1.07230017, 0.65808255, 3.25698346, 2.44592119, 0.34479702,\n        2.13811856],\n       [1.07230017, 0.65808255, 3.25698346, 2.44592119, 0.34479702,\n        2.13811856],\n       [1.07230017, 0.65808255, 3.25698346, 2.44592119, 0.34479702,\n        2.13811856]]), array([0.27105329, 0.27105329, 0.27105329, 0.27105329, 0.27105329,\n       0.27105329, 0.27105329]))", "callback": [0.5130920293315128, 0.32914211736400856, 0.32036934201491485, 0.30382586625227104, 0.2896681754471737, 0.27643953979877567, 0.27319876691186673, 0.27256750897747395, 0.27243606070401594, 0.27242306861422416, 0.27241120324394963, 0.27238764065974397, 0.2723079907885573, 0.27210862999144614, 0.2717279165453632, 0.2716429455182666, 0.2715649521650124, 0.2713546294418404, 0.2712005287422018, 0.2711542417059528, 0.2711013618329925, 0.27106732940474054, 0.2710571397069039, 0.27105553416729244, 0.27105358821356407, 0.2710533991244485, 0.2710533210558548, 0.27105329951484314, 0.2710532944389623, 0.27105329249445853, 0.27105329122827015, 0.27105329103148956, 0.2710532909507877, 0.2710532909209673, 0.27105329090522223, 0.27105329089243035, 0.2710532908861978, 0.2710532908808325, 0.27105329088040686, 0.2710532908800709, 0.2710532908800116, 0.27105329087997, 0.27105329087995367, 0.27105329087994035, 0.2710532908799399, 0.271053290879939, 0.2710532908799389, 0.2710532908799388, 0.2710532908799388]}, "8": {"maxiter": 1000, "fatol": 1e-05, "xatol": 1e-05, "duration": 0.1284480094909668, "fun": "0.2710532908894965", "nit": "364", "nfev": "570", "status": "0", "success": "True", "message": "Optimization terminated successfully.", "x": "[1.07230325 0.65808543 3.25698103 2.44592449 0.34480398 2.13813057]", "final_simplex": "(array([[1.07230325, 0.65808543, 3.25698103, 2.44592449, 0.34480398,\n        2.13813057],\n       [1.07229497, 0.65807692, 3.25698778, 2.44591961, 0.34480168,\n        2.13812428],\n       [1.07229433, 0.65808833, 3.25698501, 2.44592015, 0.34479796,\n        2.13812352],\n       [1.07229659, 0.65808471, 3.2569821 , 2.44591874, 0.34480008,\n        2.1381293 ],\n       [1.07229812, 0.65808393, 3.25698233, 2.44592446, 0.34480052,\n        2.13813106],\n       [1.07229959, 0.65808434, 3.25697931, 2.44592681, 0.34480998,\n        2.13813389],\n       [1.07230142, 0.65808561, 3.25698226, 2.44592026, 0.34481316,\n        2.13813818]]), array([0.27105329, 0.27105329, 0.27105329, 0.27105329, 0.27105329,\n       0.27105329, 0.27105329]))", "callback": [0.5130920293315128, 0.32914211736400856, 0.32036934201491485, 0.30382586625227104, 0.2896681754471737, 0.27643953979877567, 0.27319876691186673, 0.27256750897747395, 0.27243606070401594, 0.27242306861422416, 0.27241120324394963, 0.27238764065974397, 0.2723079907885573, 0.27210862999144614, 0.2717279165453632, 0.2716429455182666, 0.2715649521650124, 0.2713546294418404, 0.2712005287422018, 0.2711542417059528, 0.2711013618329925, 0.27106732940474054, 0.2710571397069039, 0.27105553416729244, 0.27105358821356407, 0.2710533991244485, 0.2710533210558548, 0.27105329951484314, 0.2710532944389623, 0.27105329249445853, 0.27105329122827015, 0.27105329103148956, 0.2710532909507877, 0.2710532909209673, 0.27105329090522223, 0.27105329089243035]}, "9": {"maxiter": 1000, "fatol": 1e-05, "xatol": 1e-10, "duration": 0.19327902793884277, "fun": "0.2710532908799388", "nit": "499", "nfev": "841", "status": "0", "success": "True", "message": "Optimization terminated successfully.", "x": "[1.07230017 0.65808255 3.25698346 2.44592119 0.34479702 2.13811856]", "final_simplex": "(array([[1.07230017, 0.65808255, 3.25698346, 2.44592119, 0.34479702,\n        2.13811856],\n       [1.07230017, 0.65808255, 3.25698346, 2.44592119, 0.34479702,\n        2.13811856],\n       [1.07230017, 0.65808255, 3.25698346, 2.44592119, 0.34479702,\n        2.13811856],\n       [1.07230017, 0.65808255, 3.25698346, 2.44592119, 0.34479702,\n        2.13811856],\n       [1.07230017, 0.65808255, 3.25698346, 2.44592119, 0.34479702,\n        2.13811856],\n       [1.07230017, 0.65808255, 3.25698346, 2.44592119, 0.34479702,\n        2.13811856],\n       [1.07230017, 0.65808255, 3.25698346, 2.44592119, 0.34479702,\n        2.13811856]]), array([0.27105329, 0.27105329, 0.27105329, 0.27105329, 0.27105329,\n       0.27105329, 0.27105329]))", "callback": [0.5130920293315128, 0.32914211736400856, 0.32036934201491485, 0.30382586625227104, 0.2896681754471737, 0.27643953979877567, 0.27319876691186673, 0.27256750897747395, 0.27243606070401594, 0.27242306861422416, 0.27241120324394963, 0.27238764065974397, 0.2723079907885573, 0.27210862999144614, 0.2717279165453632, 0.2716429455182666, 0.2715649521650124, 0.2713546294418404, 0.2712005287422018, 0.2711542417059528, 0.2711013618329925, 0.27106732940474054, 0.2710571397069039, 0.27105553416729244, 0.27105358821356407, 0.2710533991244485, 0.2710533210558548, 0.27105329951484314, 0.2710532944389623, 0.27105329249445853, 0.27105329122827015, 0.27105329103148956, 0.2710532909507877, 0.2710532909209673, 0.27105329090522223, 0.27105329089243035, 0.2710532908861978, 0.2710532908808325, 0.27105329088040686, 0.2710532908800709, 0.2710532908800116, 0.27105329087997, 0.27105329087995367, 0.27105329087994035, 0.2710532908799399, 0.271053290879939, 0.2710532908799389, 0.2710532908799388, 0.2710532908799388]}, "10": {"maxiter": 1000, "fatol": 1e-10, "xatol": 1e-05, "duration": 0.14505505561828613, "fun": "0.2710532908894965", "nit": "364", "nfev": "570", "status": "0", "success": "True", "message": "Optimization terminated successfully.", "x": "[1.07230325 0.65808543 3.25698103 2.44592449 0.34480398 2.13813057]", "final_simplex": "(array([[1.07230325, 0.65808543, 3.25698103, 2.44592449, 0.34480398,\n        2.13813057],\n       [1.07229497, 0.65807692, 3.25698778, 2.44591961, 0.34480168,\n        2.13812428],\n       [1.07229433, 0.65808833, 3.25698501, 2.44592015, 0.34479796,\n        2.13812352],\n       [1.07229659, 0.65808471, 3.2569821 , 2.44591874, 0.34480008,\n        2.1381293 ],\n       [1.07229812, 0.65808393, 3.25698233, 2.44592446, 0.34480052,\n        2.13813106],\n       [1.07229959, 0.65808434, 3.25697931, 2.44592681, 0.34480998,\n        2.13813389],\n       [1.07230142, 0.65808561, 3.25698226, 2.44592026, 0.34481316,\n        2.13813818]]), array([0.27105329, 0.27105329, 0.27105329, 0.27105329, 0.27105329,\n       0.27105329, 0.27105329]))", "callback": [0.5130920293315128, 0.32914211736400856, 0.32036934201491485, 0.30382586625227104, 0.2896681754471737, 0.27643953979877567, 0.27319876691186673, 0.27256750897747395, 0.27243606070401594, 0.27242306861422416, 0.27241120324394963, 0.27238764065974397, 0.2723079907885573, 0.27210862999144614, 0.2717279165453632, 0.2716429455182666, 0.2715649521650124, 0.2713546294418404, 0.2712005287422018, 0.2711542417059528, 0.2711013618329925, 0.27106732940474054, 0.2710571397069039, 0.27105553416729244, 0.27105358821356407, 0.2710533991244485, 0.2710533210558548, 0.27105329951484314, 0.2710532944389623, 0.27105329249445853, 0.27105329122827015, 0.27105329103148956, 0.2710532909507877, 0.2710532909209673, 0.27105329090522223, 0.27105329089243035]}, "11": {"maxiter": 1000, "fatol": 1e-10, "xatol": 1e-10, "duration": 0.19631624221801758, "fun": "0.2710532908799388", "nit": "499", "nfev": "841", "status": "0", "success": "True", "message": "Optimization terminated successfully.", "x": "[1.07230017 0.65808255 3.25698346 2.44592119 0.34479702 2.13811856]", "final_simplex": "(array([[1.07230017, 0.65808255, 3.25698346, 2.44592119, 0.34479702,\n        2.13811856],\n       [1.07230017, 0.65808255, 3.25698346, 2.44592119, 0.34479702,\n        2.13811856],\n       [1.07230017, 0.65808255, 3.25698346, 2.44592119, 0.34479702,\n        2.13811856],\n       [1.07230017, 0.65808255, 3.25698346, 2.44592119, 0.34479702,\n        2.13811856],\n       [1.07230017, 0.65808255, 3.25698346, 2.44592119, 0.34479702,\n        2.13811856],\n       [1.07230017, 0.65808255, 3.25698346, 2.44592119, 0.34479702,\n        2.13811856],\n       [1.07230017, 0.65808255, 3.25698346, 2.44592119, 0.34479702,\n        2.13811856]]), array([0.27105329, 0.27105329, 0.27105329, 0.27105329, 0.27105329,\n       0.27105329, 0.27105329]))", "callback": [0.5130920293315128, 0.32914211736400856, 0.32036934201491485, 0.30382586625227104, 0.2896681754471737, 0.27643953979877567, 0.27319876691186673, 0.27256750897747395, 0.27243606070401594, 0.27242306861422416, 0.27241120324394963, 0.27238764065974397, 0.2723079907885573, 0.27210862999144614, 0.2717279165453632, 0.2716429455182666, 0.2715649521650124, 0.2713546294418404, 0.2712005287422018, 0.2711542417059528, 0.2711013618329925, 0.27106732940474054, 0.2710571397069039, 0.27105553416729244, 0.27105358821356407, 0.2710533991244485, 0.2710533210558548, 0.27105329951484314, 0.2710532944389623, 0.27105329249445853, 0.27105329122827015, 0.27105329103148956, 0.2710532909507877, 0.2710532909209673, 0.27105329090522223, 0.27105329089243035, 0.2710532908861978, 0.2710532908808325, 0.27105329088040686, 0.2710532908800709, 0.2710532908800116, 0.27105329087997, 0.27105329087995367, 0.27105329087994035, 0.2710532908799399, 0.271053290879939, 0.2710532908799389, 0.2710532908799388, 0.2710532908799388]}}, "bfgs": {"type": "gradient", "0": {"maxiter": 100, "gtol": 1e-05, "xrtol": 1e-05, "eps": 1e-05, "duration": 0.03766608238220215, "fun": "0.2710532909778003", "jac": "[-2.21918039e-06  1.23816513e-06  4.86981566e-06 -2.98350233e-07\n -5.22448751e-07  2.44667619e-06]", "hess_inv": "[[ 4.66997964e+00 -4.35979048e-01  3.16848409e-01 -5.04101453e-01\n   2.58196877e+00  2.76021837e+00]\n [-4.35979048e-01  3.12008201e+00 -1.35691362e+00  1.65312401e-01\n  -9.39792134e-01 -6.24285008e-01]\n [ 3.16848409e-01 -1.35691362e+00  3.89091845e+00 -9.20188410e-01\n  -8.13062158e-01 -4.10864763e-01]\n [-5.04101453e-01  1.65312401e-01 -9.20188410e-01  3.36221060e+00\n  -9.91178799e-03  2.11402245e-01]\n [ 2.58196877e+00 -9.39792134e-01 -8.13062158e-01 -9.91178799e-03\n   8.99554605e+00  7.90501834e+00]\n [ 2.76021837e+00 -6.24285008e-01 -4.10864763e-01  2.11402245e-01\n   7.90501834e+00  1.08878493e+01]]", "nfev": "154", "njev": "22", "status": "0", "success": "True", "message": "Optimization terminated successfully.", "x": "[1.07227921 0.65807846 3.25700367 2.44591203 0.34477098 2.13810176]", "nit": "20", "callback": [0.272420049274271, 0.2710532909778003]}, "1": {"maxiter": 100, "gtol": 1e-05, "xrtol": 1e-05, "eps": 1e-10, "duration": 0.03644990921020508, "fun": "0.27105329101763487", "jac": "[-2.22044587e-06  1.11022293e-06  6.66133760e-06  0.00000000e+00\n  1.11022293e-06  4.44089173e-06]", "hess_inv": "[[ 4.68003597 -0.43996768  0.33272759 -0.49243742  2.63270233  2.84450136]\n [-0.43996768  3.11726769 -1.35953539  0.15184727 -0.8977513  -0.58094194]\n [ 0.33272759 -1.35953539  3.89145473 -0.90619218 -0.80324249 -0.39689411]\n [-0.49243742  0.15184727 -0.90619218  3.35484242  0.11041747  0.36823139]\n [ 2.63270233 -0.8977513  -0.80324249  0.11041747  8.78051324  7.79659944]\n [ 2.84450136 -0.58094194 -0.39689411  0.36823139  7.79659944 10.95905075]]", "nfev": "154", "njev": "22", "status": "0", "success": "True", "message": "Optimization terminated successfully.", "x": "[1.07229154 0.65807432 3.25700869 2.44591484 0.34480952 2.1381481 ]", "nit": "20", "callback": [0.27242014998372477, 0.27105329101763487]}, "2": {"maxiter": 100, "gtol": 1e-05, "xrtol": 1e-10, "eps": 1e-05, "duration": 0.036208152770996094, "fun": "0.2710532909778003", "jac": "[-2.21918039e-06  1.23816513e-06  4.86981566e-06 -2.98350233e-07\n -5.22448751e-07  2.44667619e-06]", "hess_inv": "[[ 4.66997964e+00 -4.35979048e-01  3.16848409e-01 -5.04101453e-01\n   2.58196877e+00  2.76021837e+00]\n [-4.35979048e-01  3.12008201e+00 -1.35691362e+00  1.65312401e-01\n  -9.39792134e-01 -6.24285008e-01]\n [ 3.16848409e-01 -1.35691362e+00  3.89091845e+00 -9.20188410e-01\n  -8.13062158e-01 -4.10864763e-01]\n [-5.04101453e-01  1.65312401e-01 -9.20188410e-01  3.36221060e+00\n  -9.91178799e-03  2.11402245e-01]\n [ 2.58196877e+00 -9.39792134e-01 -8.13062158e-01 -9.91178799e-03\n   8.99554605e+00  7.90501834e+00]\n [ 2.76021837e+00 -6.24285008e-01 -4.10864763e-01  2.11402245e-01\n   7.90501834e+00  1.08878493e+01]]", "nfev": "154", "njev": "22", "status": "0", "success": "True", "message": "Optimization terminated successfully.", "x": "[1.07227921 0.65807846 3.25700367 2.44591203 0.34477098 2.13810176]", "nit": "20", "callback": [0.272420049274271, 0.2710532909778003]}, "3": {"maxiter": 100, "gtol": 1e-05, "xrtol": 1e-10, "eps": 1e-10, "duration": 0.03785514831542969, "fun": "0.27105329101763487", "jac": "[-2.22044587e-06  1.11022293e-06  6.66133760e-06  0.00000000e+00\n  1.11022293e-06  4.44089173e-06]", "hess_inv": "[[ 4.68003597 -0.43996768  0.33272759 -0.49243742  2.63270233  2.84450136]\n [-0.43996768  3.11726769 -1.35953539  0.15184727 -0.8977513  -0.58094194]\n [ 0.33272759 -1.35953539  3.89145473 -0.90619218 -0.80324249 -0.39689411]\n [-0.49243742  0.15184727 -0.90619218  3.35484242  0.11041747  0.36823139]\n [ 2.63270233 -0.8977513  -0.80324249  0.11041747  8.78051324  7.79659944]\n [ 2.84450136 -0.58094194 -0.39689411  0.36823139  7.79659944 10.95905075]]", "nfev": "154", "njev": "22", "status": "0", "success": "True", "message": "Optimization terminated successfully.", "x": "[1.07229154 0.65807432 3.25700869 2.44591484 0.34480952 2.1381481 ]", "nit": "20", "callback": [0.27242014998372477, 0.27105329101763487]}, "4": {"maxiter": 100, "gtol": 1e-10, "xrtol": 1e-05, "eps": 1e-05, "duration": 0.03778505325317383, "fun": "0.27105329094035924", "jac": "[-4.83946216e-08  1.66833214e-07  3.02702308e-07  1.61215485e-07\n -3.94984045e-07  3.28304051e-07]", "hess_inv": "[[ 4.70828618e+00 -4.06321348e-01  1.58296820e-01 -4.65066762e-01\n   2.53990962e+00  2.62753752e+00]\n [-4.06321348e-01  3.13965158e+00 -1.50033029e+00  1.85790808e-01\n  -9.56604693e-01 -7.41892405e-01]\n [ 1.58296820e-01 -1.50033029e+00  4.42129757e+00 -1.14110451e+00\n  -5.43032892e-01  4.76418578e-02]\n [-4.65066762e-01  1.85790808e-01 -1.14110451e+00  3.37400192e+00\n  -7.52961617e-03  3.34496950e-02]\n [ 2.53990962e+00 -9.56604693e-01 -5.43032892e-01 -7.52961617e-03\n   8.96858969e+00  8.11980546e+00]\n [ 2.62753752e+00 -7.41892405e-01  4.76418578e-02  3.34496950e-02\n   8.11980546e+00  1.12821077e+01]]", "nfev": "161", "njev": "23", "status": "0", "success": "True", "message": "Optimization terminated successfully.", "x": "[1.07228415 0.65808235 3.25698361 2.44591725 0.34476526 2.13808493]", "nit": "21", "callback": [0.272420049274271, 0.2710532909778003]}, "5": {"maxiter": 100, "gtol": 1e-10, "xrtol": 1e-05, "eps": 1e-10, "duration": 0.039179086685180664, "fun": "0.27105329091151054", "jac": "[-1.11022293e-06  0.00000000e+00 -1.11022293e-06  1.11022293e-06\n -2.22044587e-06 -1.11022293e-06]", "hess_inv": "[[ 4.20490234 -0.17173925 -0.36569095 -0.49072091  1.21432349  0.7983534 ]\n [-0.17173925  3.20250887 -1.59957133  0.22210564 -0.75013011 -0.65853815]\n [-0.36569095 -1.59957133  4.55105966 -1.13089409 -1.1435504  -0.19445443]\n [-0.49072091  0.22210564 -1.13089409  3.2811871  -0.09628422 -0.24094274]\n [ 1.21432349 -0.75013011 -1.1435504  -0.09628422  6.34618109  5.05076182]\n [ 0.7983534  -0.65853815 -0.19445443 -0.24094274  5.05076182  7.93401305]]", "nfev": "168", "njev": "24", "status": "0", "success": "True", "message": "Optimization terminated successfully.", "x": "[1.07229172 0.65808701 3.25697657 2.44592362 0.34477556 2.13809502]", "nit": "22", "callback": [0.27242014998372477, 0.27105329101763487]}, "6": {"maxiter": 100, "gtol": 1e-10, "xrtol": 1e-10, "eps": 1e-05, "duration": 0.04320693016052246, "fun": "0.27105329093933195", "jac": "[0.00000000e+00 0.00000000e+00 0.00000000e+00 1.11022302e-11\n 2.22044605e-11 2.22044605e-11]", "hess_inv": "[[ 5.09563061e+00 -5.37796923e-01 -6.36864123e-03 -3.03394358e-01\n   3.40762243e+00  3.38080304e+00]\n [-5.37796923e-01  3.16026416e+00 -1.41765914e+00  1.07222650e-01\n  -1.17023952e+00 -9.34509409e-01]\n [-6.36864123e-03 -1.41765914e+00  4.53117836e+00 -1.09857767e+00\n  -9.32444968e-01 -1.09509142e-01]\n [-3.03394358e-01  1.07222650e-01 -1.09857767e+00  3.40258886e+00\n   3.82961080e-01  4.20840483e-01]\n [ 3.40762243e+00 -1.17023952e+00 -9.32444968e-01  3.82961080e-01\n   1.05528773e+01  9.51439143e+00]\n [ 3.38080304e+00 -9.34509409e-01 -1.09509142e-01  4.20840483e-01\n   9.51439143e+00  1.27339598e+01]]", "nfev": "189", "njev": "27", "status": "0", "success": "True", "message": "Optimization terminated successfully.", "x": "[1.07228477 0.65808203 3.25698229 2.44591699 0.34476695 2.13808478]", "nit": "25", "callback": [0.272420049274271, 0.2710532909778003]}, "7": {"maxiter": 100, "gtol": 1e-10, "xrtol": 1e-10, "eps": 1e-10, "duration": 0.0586092472076416, "fun": "0.2710532908927137", "jac": "[ 2.22044587e-06  0.00000000e+00  0.00000000e+00 -2.22044587e-06\n  0.00000000e+00  0.00000000e+00]", "hess_inv": "[[ 3.23864698  0.09372967 -1.65252926  0.68587375 -0.33535603 -1.00155994]\n [ 0.09372967  3.15481165 -1.86595915  0.04946014 -0.80032494 -0.77513086]\n [-1.65252926 -1.86595915  2.82626132  0.20236022 -1.03687113 -0.18873735]\n [ 0.68587375  0.04946014  0.20236022  1.23391634  0.38991116  0.51965069]\n [-0.33535603 -0.80032494 -1.03687113  0.38991116  6.16200229  5.15915734]\n [-1.00155994 -0.77513086 -0.18873735  0.51965069  5.15915734  8.36081324]]", "nfev": "245", "njev": "35", "status": "2", "success": "False", "message": "Desired error not necessarily achieved due to precision loss.", "x": "[1.07230205 0.65808059 3.25697936 2.44591471 0.34480037 2.13812137]", "nit": "24", "callback": [0.27242014998372477, 0.27105329101763487]}, "8": {"maxiter": 500, "gtol": 1e-05, "xrtol": 1e-05, "eps": 1e-05, "duration": 0.035520076751708984, "fun": "0.2710532909778003", "jac": "[-2.21918039e-06  1.23816513e-06  4.86981566e-06 -2.98350233e-07\n -5.22448751e-07  2.44667619e-06]", "hess_inv": "[[ 4.66997964e+00 -4.35979048e-01  3.16848409e-01 -5.04101453e-01\n   2.58196877e+00  2.76021837e+00]\n [-4.35979048e-01  3.12008201e+00 -1.35691362e+00  1.65312401e-01\n  -9.39792134e-01 -6.24285008e-01]\n [ 3.16848409e-01 -1.35691362e+00  3.89091845e+00 -9.20188410e-01\n  -8.13062158e-01 -4.10864763e-01]\n [-5.04101453e-01  1.65312401e-01 -9.20188410e-01  3.36221060e+00\n  -9.91178799e-03  2.11402245e-01]\n [ 2.58196877e+00 -9.39792134e-01 -8.13062158e-01 -9.91178799e-03\n   8.99554605e+00  7.90501834e+00]\n [ 2.76021837e+00 -6.24285008e-01 -4.10864763e-01  2.11402245e-01\n   7.90501834e+00  1.08878493e+01]]", "nfev": "154", "njev": "22", "status": "0", "success": "True", "message": "Optimization terminated successfully.", "x": "[1.07227921 0.65807846 3.25700367 2.44591203 0.34477098 2.13810176]", "nit": "20", "callback": [0.272420049274271, 0.2710532909778003]}, "9": {"maxiter": 500, "gtol": 1e-05, "xrtol": 1e-05, "eps": 1e-10, "duration": 0.03538990020751953, "fun": "0.27105329101763487", "jac": "[-2.22044587e-06  1.11022293e-06  6.66133760e-06  0.00000000e+00\n  1.11022293e-06  4.44089173e-06]", "hess_inv": "[[ 4.68003597 -0.43996768  0.33272759 -0.49243742  2.63270233  2.84450136]\n [-0.43996768  3.11726769 -1.35953539  0.15184727 -0.8977513  -0.58094194]\n [ 0.33272759 -1.35953539  3.89145473 -0.90619218 -0.80324249 -0.39689411]\n [-0.49243742  0.15184727 -0.90619218  3.35484242  0.11041747  0.36823139]\n [ 2.63270233 -0.8977513  -0.80324249  0.11041747  8.78051324  7.79659944]\n [ 2.84450136 -0.58094194 -0.39689411  0.36823139  7.79659944 10.95905075]]", "nfev": "154", "njev": "22", "status": "0", "success": "True", "message": "Optimization terminated successfully.", "x": "[1.07229154 0.65807432 3.25700869 2.44591484 0.34480952 2.1381481 ]", "nit": "20", "callback": [0.27242014998372477, 0.27105329101763487]}, "10": {"maxiter": 500, "gtol": 1e-05, "xrtol": 1e-10, "eps": 1e-05, "duration": 0.03562307357788086, "fun": "0.2710532909778003", "jac": "[-2.21918039e-06  1.23816513e-06  4.86981566e-06 -2.98350233e-07\n -5.22448751e-07  2.44667619e-06]", "hess_inv": "[[ 4.66997964e+00 -4.35979048e-01  3.16848409e-01 -5.04101453e-01\n   2.58196877e+00  2.76021837e+00]\n [-4.35979048e-01  3.12008201e+00 -1.35691362e+00  1.65312401e-01\n  -9.39792134e-01 -6.24285008e-01]\n [ 3.16848409e-01 -1.35691362e+00  3.89091845e+00 -9.20188410e-01\n  -8.13062158e-01 -4.10864763e-01]\n [-5.04101453e-01  1.65312401e-01 -9.20188410e-01  3.36221060e+00\n  -9.91178799e-03  2.11402245e-01]\n [ 2.58196877e+00 -9.39792134e-01 -8.13062158e-01 -9.91178799e-03\n   8.99554605e+00  7.90501834e+00]\n [ 2.76021837e+00 -6.24285008e-01 -4.10864763e-01  2.11402245e-01\n   7.90501834e+00  1.08878493e+01]]", "nfev": "154", "njev": "22", "status": "0", "success": "True", "message": "Optimization terminated successfully.", "x": "[1.07227921 0.65807846 3.25700367 2.44591203 0.34477098 2.13810176]", "nit": "20", "callback": [0.272420049274271, 0.2710532909778003]}, "11": {"maxiter": 500, "gtol": 1e-05, "xrtol": 1e-10, "eps": 1e-10, "duration": 0.0359349250793457, "fun": "0.27105329101763487", "jac": "[-2.22044587e-06  1.11022293e-06  6.66133760e-06  0.00000000e+00\n  1.11022293e-06  4.44089173e-06]", "hess_inv": "[[ 4.68003597 -0.43996768  0.33272759 -0.49243742  2.63270233  2.84450136]\n [-0.43996768  3.11726769 -1.35953539  0.15184727 -0.8977513  -0.58094194]\n [ 0.33272759 -1.35953539  3.89145473 -0.90619218 -0.80324249 -0.39689411]\n [-0.49243742  0.15184727 -0.90619218  3.35484242  0.11041747  0.36823139]\n [ 2.63270233 -0.8977513  -0.80324249  0.11041747  8.78051324  7.79659944]\n [ 2.84450136 -0.58094194 -0.39689411  0.36823139  7.79659944 10.95905075]]", "nfev": "154", "njev": "22", "status": "0", "success": "True", "message": "Optimization terminated successfully.", "x": "[1.07229154 0.65807432 3.25700869 2.44591484 0.34480952 2.1381481 ]", "nit": "20", "callback": [0.27242014998372477, 0.27105329101763487]}, "12": {"maxiter": 500, "gtol": 1e-10, "xrtol": 1e-05, "eps": 1e-05, "duration": 0.037709951400756836, "fun": "0.27105329094035924", "jac": "[-4.83946216e-08  1.66833214e-07  3.02702308e-07  1.61215485e-07\n -3.94984045e-07  3.28304051e-07]", "hess_inv": "[[ 4.70828618e+00 -4.06321348e-01  1.58296820e-01 -4.65066762e-01\n   2.53990962e+00  2.62753752e+00]\n [-4.06321348e-01  3.13965158e+00 -1.50033029e+00  1.85790808e-01\n  -9.56604693e-01 -7.41892405e-01]\n [ 1.58296820e-01 -1.50033029e+00  4.42129757e+00 -1.14110451e+00\n  -5.43032892e-01  4.76418578e-02]\n [-4.65066762e-01  1.85790808e-01 -1.14110451e+00  3.37400192e+00\n  -7.52961617e-03  3.34496950e-02]\n [ 2.53990962e+00 -9.56604693e-01 -5.43032892e-01 -7.52961617e-03\n   8.96858969e+00  8.11980546e+00]\n [ 2.62753752e+00 -7.41892405e-01  4.76418578e-02  3.34496950e-02\n   8.11980546e+00  1.12821077e+01]]", "nfev": "161", "njev": "23", "status": "0", "success": "True", "message": "Optimization terminated successfully.", "x": "[1.07228415 0.65808235 3.25698361 2.44591725 0.34476526 2.13808493]", "nit": "21", "callback": [0.272420049274271, 0.2710532909778003]}, "13": {"maxiter": 500, "gtol": 1e-10, "xrtol": 1e-05, "eps": 1e-10, "duration": 0.03884625434875488, "fun": "0.27105329091151054", "jac": "[-1.11022293e-06  0.00000000e+00 -1.11022293e-06  1.11022293e-06\n -2.22044587e-06 -1.11022293e-06]", "hess_inv": "[[ 4.20490234 -0.17173925 -0.36569095 -0.49072091  1.21432349  0.7983534 ]\n [-0.17173925  3.20250887 -1.59957133  0.22210564 -0.75013011 -0.65853815]\n [-0.36569095 -1.59957133  4.55105966 -1.13089409 -1.1435504  -0.19445443]\n [-0.49072091  0.22210564 -1.13089409  3.2811871  -0.09628422 -0.24094274]\n [ 1.21432349 -0.75013011 -1.1435504  -0.09628422  6.34618109  5.05076182]\n [ 0.7983534  -0.65853815 -0.19445443 -0.24094274  5.05076182  7.93401305]]", "nfev": "168", "njev": "24", "status": "0", "success": "True", "message": "Optimization terminated successfully.", "x": "[1.07229172 0.65808701 3.25697657 2.44592362 0.34477556 2.13809502]", "nit": "22", "callback": [0.27242014998372477, 0.27105329101763487]}, "14": {"maxiter": 500, "gtol": 1e-10, "xrtol": 1e-10, "eps": 1e-05, "duration": 0.043131113052368164, "fun": "0.27105329093933195", "jac": "[0.00000000e+00 0.00000000e+00 0.00000000e+00 1.11022302e-11\n 2.22044605e-11 2.22044605e-11]", "hess_inv": "[[ 5.09563061e+00 -5.37796923e-01 -6.36864123e-03 -3.03394358e-01\n   3.40762243e+00  3.38080304e+00]\n [-5.37796923e-01  3.16026416e+00 -1.41765914e+00  1.07222650e-01\n  -1.17023952e+00 -9.34509409e-01]\n [-6.36864123e-03 -1.41765914e+00  4.53117836e+00 -1.09857767e+00\n  -9.32444968e-01 -1.09509142e-01]\n [-3.03394358e-01  1.07222650e-01 -1.09857767e+00  3.40258886e+00\n   3.82961080e-01  4.20840483e-01]\n [ 3.40762243e+00 -1.17023952e+00 -9.32444968e-01  3.82961080e-01\n   1.05528773e+01  9.51439143e+00]\n [ 3.38080304e+00 -9.34509409e-01 -1.09509142e-01  4.20840483e-01\n   9.51439143e+00  1.27339598e+01]]", "nfev": "189", "njev": "27", "status": "0", "success": "True", "message": "Optimization terminated successfully.", "x": "[1.07228477 0.65808203 3.25698229 2.44591699 0.34476695 2.13808478]", "nit": "25", "callback": [0.272420049274271, 0.2710532909778003]}, "15": {"maxiter": 500, "gtol": 1e-10, "xrtol": 1e-10, "eps": 1e-10, "duration": 0.05538201332092285, "fun": "0.2710532908927137", "jac": "[ 2.22044587e-06  0.00000000e+00  0.00000000e+00 -2.22044587e-06\n  0.00000000e+00  0.00000000e+00]", "hess_inv": "[[ 3.23864698  0.09372967 -1.65252926  0.68587375 -0.33535603 -1.00155994]\n [ 0.09372967  3.15481165 -1.86595915  0.04946014 -0.80032494 -0.77513086]\n [-1.65252926 -1.86595915  2.82626132  0.20236022 -1.03687113 -0.18873735]\n [ 0.68587375  0.04946014  0.20236022  1.23391634  0.38991116  0.51965069]\n [-0.33535603 -0.80032494 -1.03687113  0.38991116  6.16200229  5.15915734]\n [-1.00155994 -0.77513086 -0.18873735  0.51965069  5.15915734  8.36081324]]", "nfev": "245", "njev": "35", "status": "2", "success": "False", "message": "Desired error not necessarily achieved due to precision loss.", "x": "[1.07230205 0.65808059 3.25697936 2.44591471 0.34480037 2.13812137]", "nit": "24", "callback": [0.27242014998372477, 0.27105329101763487]}, "16": {"maxiter": 1000, "gtol": 1e-05, "xrtol": 1e-05, "eps": 1e-05, "duration": 0.035095930099487305, "fun": "0.2710532909778003", "jac": "[-2.21918