{"date": "2024/09/24/, 01:08:50", "conf_id": 176, "data_type": "non_lin_ind\n", "num_data_points": 1, "s_rank": 0, "unitary": "[[-0.56303964-0.00798273j,-0.21670212-0.15784972j,-0.06047197-0.73952673j,-0.01438004+0.24552571j],[-0.06976756+0.23474685j,-0.01275565-0.5435098j,-0.02703657-0.08917885j,-0.08210486-0.79311774j],[-0.38559961+0.10714929j,0.5933431-0.2687392j,-0.24060861+0.29149289j,-0.45147719+0.26241743j],[-0.50180421+0.45931857j,-0.11617175+0.44134496j,0.49642745+0.22684508j,-0.08544628-0.15407063j]]", "databatch_0": {"databatch": "[[[0.18296207-0.039864j,0.01728434+0.16681302j,-0.25011346+0.00779797j,0.02150439+0.33627143j],[-0.16909668-0.23945327j,-0.02167829+0.09437782j,-0.05935345-0.16599161j,0.31569264-0.01070814j],[0.1589762-0.31264306j,0.02167745+0.05222731j,0.20388139+0.06049049j,-0.02018623-0.20982438j],[-0.33086178-0.02505743j,-0.06524797+0.13234857j,-0.13641871+0.37404522j,-0.05004541+0.16036912j]]]", "initial param values": "[2.86775822,2.42576675,5.01094686,3.95355696,1.38254054,3.57670935]", "nelder_mead": {"type": "gradient-free", "0": {"maxiter": 100, "fatol": 1e-05, "xatol": 1e-05, "duration": 0.03722381591796875, "fun": "0.4018653792965905", "nit": "100", "nfev": "151", "status": "2", "success": "False", "message": "Maximum number of iterations has been exceeded.", "x": "[-1.09042445  4.21635595  3.12051327  7.99283588  0.65593315  4.69090496]", "final_simplex": "(array([[-1.09042445,  4.21635595,  3.12051327,  7.99283588,  0.65593315,\n         4.69090496],\n       [-0.76953089,  4.06190157,  2.88894874,  8.20123573,  0.73652646,\n         4.90472888],\n       [-0.73442754,  4.0105872 ,  3.0066855 ,  8.13499168,  0.77951001,\n         4.78924579],\n       [-0.91725501,  4.02422168,  3.03780206,  8.32710327,  0.77588891,\n         4.80548701],\n       [-0.86864031,  4.04484219,  3.15649113,  8.28171032,  0.70738477,\n         4.85949338],\n       [-0.7615157 ,  3.91559699,  3.22336661,  8.29668984,  0.72341586,\n         5.02067382],\n       [-0.81302328,  4.03950925,  3.0943608 ,  8.26294977,  0.78246602,\n         4.79313762]]), array([0.40186538, 0.402948  , 0.40852781, 0.41213651, 0.41227802,\n       0.4139374 , 0.41809736]))", "callback": [0.8666865883964079, 0.8307332893645542, 0.6627606553864733, 0.6008645420422338, 0.5741594880948377, 0.506277219466418, 0.4650581245964682, 0.4399928606849519, 0.4180973614463306]}, "1": {"maxiter": 100, "fatol": 1e-05, "xatol": 1e-10, "duration": 0.03478193283081055, "fun": "0.4018653792965905", "nit": "100", "nfev": "151", "status": "2", "success": "False", "message": "Maximum number of iterations has been exceeded.", "x": "[-1.09042445  4.21635595  3.12051327  7.99283588  0.65593315  4.69090496]", "final_simplex": "(array([[-1.09042445,  4.21635595,  3.12051327,  7.99283588,  0.65593315,\n         4.69090496],\n       [-0.76953089,  4.06190157,  2.88894874,  8.20123573,  0.73652646,\n         4.90472888],\n       [-0.73442754,  4.0105872 ,  3.0066855 ,  8.13499168,  0.77951001,\n         4.78924579],\n       [-0.91725501,  4.02422168,  3.03780206,  8.32710327,  0.77588891,\n         4.80548701],\n       [-0.86864031,  4.04484219,  3.15649113,  8.28171032,  0.70738477,\n         4.85949338],\n       [-0.7615157 ,  3.91559699,  3.22336661,  8.29668984,  0.72341586,\n         5.02067382],\n       [-0.81302328,  4.03950925,  3.0943608 ,  8.26294977,  0.78246602,\n         4.79313762]]), array([0.40186538, 0.402948  , 0.40852781, 0.41213651, 0.41227802,\n       0.4139374 , 0.41809736]))", "callback": [0.8666865883964079, 0.8307332893645542, 0.6627606553864733, 0.6008645420422338, 0.5741594880948377, 0.506277219466418, 0.4650581245964682, 0.4399928606849519, 0.4180973614463306]}, "2": {"maxiter": 100, "fatol": 1e-10, "xatol": 1e-05, "duration": 0.03376507759094238, "fun": "0.4018653792965905", "nit": "100", "nfev": "151", "status": "2", "success": "False", "message": "Maximum number of iterations has been exceeded.", "x": "[-1.09042445  4.21635595  3.12051327  7.99283588  0.65593315  4.69090496]", "final_simplex": "(array([[-1.09042445,  4.21635595,  3.12051327,  7.99283588,  0.65593315,\n         4.69090496],\n       [-0.76953089,  4.06190157,  2.88894874,  8.20123573,  0.73652646,\n         4.90472888],\n       [-0.73442754,  4.0105872 ,  3.0066855 ,  8.13499168,  0.77951001,\n         4.78924579],\n       [-0.91725501,  4.02422168,  3.03780206,  8.32710327,  0.77588891,\n         4.80548701],\n       [-0.86864031,  4.04484219,  3.15649113,  8.28171032,  0.70738477,\n         4.85949338],\n       [-0.7615157 ,  3.91559699,  3.22336661,  8.29668984,  0.72341586,\n         5.02067382],\n       [-0.81302328,  4.03950925,  3.0943608 ,  8.26294977,  0.78246602,\n         4.79313762]]), array([0.40186538, 0.402948  , 0.40852781, 0.41213651, 0.41227802,\n       0.4139374 , 0.41809736]))", "callback": [0.8666865883964079, 0.8307332893645542, 0.6627606553864733, 0.6008645420422338, 0.5741594880948377, 0.506277219466418, 0.4650581245964682, 0.4399928606849519, 0.4180973614463306]}, "3": {"maxiter": 100, "fatol": 1e-10, "xatol": 1e-10, "duration": 0.0343170166015625, "fun": "0.4018653792965905", "nit": "100", "nfev": "151", "status": "2", "success": "False", "message": "Maximum number of iterations has been exceeded.", "x": "[-1.09042445  4.21635595  3.12051327  7.99283588  0.65593315  4.69090496]", "final_simplex": "(array([[-1.09042445,  4.21635595,  3.12051327,  7.99283588,  0.65593315,\n         4.69090496],\n       [-0.76953089,  4.06190157,  2.88894874,  8.20123573,  0.73652646,\n         4.90472888],\n       [-0.73442754,  4.0105872 ,  3.0066855 ,  8.13499168,  0.77951001,\n         4.78924579],\n       [-0.91725501,  4.02422168,  3.03780206,  8.32710327,  0.77588891,\n         4.80548701],\n       [-0.86864031,  4.04484219,  3.15649113,  8.28171032,  0.70738477,\n         4.85949338],\n       [-0.7615157 ,  3.91559699,  3.22336661,  8.29668984,  0.72341586,\n         5.02067382],\n       [-0.81302328,  4.03950925,  3.0943608 ,  8.26294977,  0.78246602,\n         4.79313762]]), array([0.40186538, 0.402948  , 0.40852781, 0.41213651, 0.41227802,\n       0.4139374 , 0.41809736]))", "callback": [0.8666865883964079, 0.8307332893645542, 0.6627606553864733, 0.6008645420422338, 0.5741594880948377, 0.506277219466418, 0.4650581245964682, 0.4399928606849519, 0.4180973614463306]}, "4": {"maxiter": 500, "fatol": 1e-05, "xatol": 1e-05, "duration": 0.12223005294799805, "fun": "0.33481325278025187", "nit": "348", "nfev": "539", "status": "0", "success": "True", "message": "Optimization terminated successfully.", "x": "[-1.16417978  3.69198643  2.9227047   7.90460615  0.59513978  5.1539815 ]", "final_simplex": "(array([[-1.16417978,  3.69198643,  2.9227047 ,  7.90460615,  0.59513978,\n         5.1539815 ],\n       [-1.16417767,  3.69198999,  2.92270624,  7.90461541,  0.59513575,\n         5.15397721],\n       [-1.16417822,  3.69198972,  2.92269909,  7.9046071 ,  0.59514207,\n         5.15398181],\n       [-1.16417068,  3.69199143,  2.92270026,  7.90460796,  0.59514322,\n         5.1539814 ],\n       [-1.16417141,  3.69198877,  2.92270056,  7.90460957,  0.59513493,\n         5.15398503],\n       [-1.16417331,  3.69199311,  2.92269674,  7.90460485,  0.59513189,\n         5.15397885],\n       [-1.16417374,  3.69199353,  2.92270541,  7.90460952,  0.59513478,\n         5.15398454]]), array([0.33481325, 0.33481325, 0.33481325, 0.33481325, 0.33481325,\n       0.33481325, 0.33481325]))", "callback": [0.8666865883964079, 0.8307332893645542, 0.6627606553864733, 0.6008645420422338, 0.5741594880948377, 0.506277219466418, 0.4650581245964682, 0.4399928606849519, 0.4180973614463306, 0.3773108328834045, 0.371987159373812, 0.3592860443713386, 0.3533615242321606, 0.34461175772992714, 0.34290602668855064, 0.3373872568763542, 0.33586363498885463, 0.33548993117098136, 0.33537367870249457, 0.33525400723359744, 0.33508285294289886, 0.3349501661797367, 0.33483532054751663, 0.33483532054751663, 0.3348236885894975, 0.3348154095537609, 0.33481380409344064, 0.3348133219812559, 0.3348132763569651, 0.3348132591662868, 0.3348132549731486, 0.33481325353419455, 0.3348132529478247, 0.33481325278567065]}, "5": {"maxiter": 500, "fatol": 1e-05, "xatol": 1e-10, "duration": 0.17380571365356445, "fun": "0.3348132527699139", "nit": "457", "nfev": "773", "status": "0", "success": "True", "message": "Optimization terminated successfully.", "x": "[-1.1641768   3.69198667  2.92270663  7.90460872  0.59513494  5.15397645]", "final_simplex": "(array([[-1.1641768 ,  3.69198667,  2.92270663,  7.90460872,  0.59513494,\n         5.15397645],\n       [-1.1641768 ,  3.69198667,  2.92270663,  7.90460872,  0.59513494,\n         5.15397645],\n       [-1.1641768 ,  3.69198667,  2.92270663,  7.90460872,  0.59513494,\n         5.15397645],\n       [-1.1641768 ,  3.69198667,  2.92270663,  7.90460872,  0.59513494,\n         5.15397645],\n       [-1.1641768 ,  3.69198667,  2.92270663,  7.90460872,  0.59513494,\n         5.15397645],\n       [-1.1641768 ,  3.69198667,  2.92270663,  7.90460872,  0.59513494,\n         5.15397645],\n       [-1.1641768 ,  3.69198667,  2.92270663,  7.90460872,  0.59513494,\n         5.15397645]]), array([0.33481325, 0.33481325, 0.33481325, 0.33481325, 0.33481325,\n       0.33481325, 0.33481325]))", "callback": [0.8666865883964079, 0.8307332893645542, 0.6627606553864733, 0.6008645420422338, 0.5741594880948377, 0.506277219466418, 0.4650581245964682, 0.4399928606849519, 0.4180973614463306, 0.3773108328834045, 0.371987159373812, 0.3592860443713386, 0.3533615242321606, 0.34461175772992714, 0.34290602668855064, 0.3373872568763542, 0.33586363498885463, 0.33548993117098136, 0.33537367870249457, 0.33525400723359744, 0.33508285294289886, 0.3349501661797367, 0.33483532054751663, 0.33483532054751663, 0.3348236885894975, 0.3348154095537609, 0.33481380409344064, 0.3348133219812559, 0.3348132763569651, 0.3348132591662868, 0.3348132549731486, 0.33481325353419455, 0.3348132529478247, 0.33481325278567065, 0.3348132527765988, 0.3348132527718406, 0.33481325277027674, 0.33481325277000906, 0.33481325276993035, 0.33481325276992135, 0.33481325276991425, 0.33481325276991414, 0.3348132527699139, 0.3348132527699139, 0.3348132527699139]}, "6": {"maxiter": 500, "fatol": 1e-10, "xatol": 1e-05, "duration": 0.12169003486633301, "fun": "0.33481325278025187", "nit": "348", "nfev": "539", "status": "0", "success": "True", "message": "Optimization terminated successfully.", "x": "[-1.16417978  3.69198643  2.9227047   7.90460615  0.59513978  5.1539815 ]", "final_simplex": "(array([[-1.16417978,  3.69198643,  2.9227047 ,  7.90460615,  0.59513978,\n         5.1539815 ],\n       [-1.16417767,  3.69198999,  2.92270624,  7.90461541,  0.59513575,\n         5.15397721],\n       [-1.16417822,  3.69198972,  2.92269909,  7.9046071 ,  0.59514207,\n         5.15398181],\n       [-1.16417068,  3.69199143,  2.92270026,  7.90460796,  0.59514322,\n         5.1539814 ],\n       [-1.16417141,  3.69198877,  2.92270056,  7.90460957,  0.59513493,\n         5.15398503],\n       [-1.16417331,  3.69199311,  2.92269674,  7.90460485,  0.59513189,\n         5.15397885],\n       [-1.16417374,  3.69199353,  2.92270541,  7.90460952,  0.59513478,\n         5.15398454]]), array([0.33481325, 0.33481325, 0.33481325, 0.33481325, 0.33481325,\n       0.33481325, 0.33481325]))", "callback": [0.8666865883964079, 0.8307332893645542, 0.6627606553864733, 0.6008645420422338, 0.5741594880948377, 0.506277219466418, 0.4650581245964682, 0.4399928606849519, 0.4180973614463306, 0.3773108328834045, 0.371987159373812, 0.3592860443713386, 0.3533615242321606, 0.34461175772992714, 0.34290602668855064, 0.3373872568763542, 0.33586363498885463, 0.33548993117098136, 0.33537367870249457, 0.33525400723359744, 0.33508285294289886, 0.3349501661797367, 0.33483532054751663, 0.33483532054751663, 0.3348236885894975, 0.3348154095537609, 0.33481380409344064, 0.3348133219812559, 0.3348132763569651, 0.3348132591662868, 0.3348132549731486, 0.33481325353419455, 0.3348132529478247, 0.33481325278567065]}, "7": {"maxiter": 500, "fatol": 1e-10, "xatol": 1e-10, "duration": 0.1950702667236328, "fun": "0.3348132527699139", "nit": "457", "nfev": "773", "status": "0", "success": "True", "message": "Optimization terminated successfully.", "x": "[-1.1641768   3.69198667  2.92270663  7.90460872  0.59513494  5.15397645]", "final_simplex": "(array([[-1.1641768 ,  3.69198667,  2.92270663,  7.90460872,  0.59513494,\n         5.15397645],\n       [-1.1641768 ,  3.69198667,  2.92270663,  7.90460872,  0.59513494,\n         5.15397645],\n       [-1.1641768 ,  3.69198667,  2.92270663,  7.90460872,  0.59513494,\n         5.15397645],\n       [-1.1641768 ,  3.69198667,  2.92270663,  7.90460872,  0.59513494,\n         5.15397645],\n       [-1.1641768 ,  3.69198667,  2.92270663,  7.90460872,  0.59513494,\n         5.15397645],\n       [-1.1641768 ,  3.69198667,  2.92270663,  7.90460872,  0.59513494,\n         5.15397645],\n       [-1.1641768 ,  3.69198667,  2.92270663,  7.90460872,  0.59513494,\n         5.15397645]]), array([0.33481325, 0.33481325, 0.33481325, 0.33481325, 0.33481325,\n       0.33481325, 0.33481325]))", "callback": [0.8666865883964079, 0.8307332893645542, 0.6627606553864733, 0.6008645420422338, 0.5741594880948377, 0.506277219466418, 0.4650581245964682, 0.4399928606849519, 0.4180973614463306, 0.3773108328834045, 0.371987159373812, 0.3592860443713386, 0.3533615242321606, 0.34461175772992714, 0.34290602668855064, 0.3373872568763542, 0.33586363498885463, 0.33548993117098136, 0.33537367870249457, 0.33525400723359744, 0.33508285294289886, 0.3349501661797367, 0.33483532054751663, 0.33483532054751663, 0.3348236885894975, 0.3348154095537609, 0.33481380409344064, 0.3348133219812559, 0.3348132763569651, 0.3348132591662868, 0.3348132549731486, 0.33481325353419455, 0.3348132529478247, 0.33481325278567065, 0.3348132527765988, 0.3348132527718406, 0.33481325277027674, 0.33481325277000906, 0.33481325276993035, 0.33481325276992135, 0.33481325276991425, 0.33481325276991414, 0.3348132527699139, 0.3348132527699139, 0.3348132527699139]}, "8": {"maxiter": 1000, "fatol": 1e-05, "xatol": 1e-05, "duration": 0.13454580307006836, "fun": "0.33481325278025187", "nit": "348", "nfev": "539", "status": "0", "success": "True", "message": "Optimization terminated successfully.", "x": "[-1.16417978  3.69198643  2.9227047   7.90460615  0.59513978  5.1539815 ]", "final_simplex": "(array([[-1.16417978,  3.69198643,  2.9227047 ,  7.90460615,  0.59513978,\n         5.1539815 ],\n       [-1.16417767,  3.69198999,  2.92270624,  7.90461541,  0.59513575,\n         5.15397721],\n       [-1.16417822,  3.69198972,  2.92269909,  7.9046071 ,  0.59514207,\n         5.15398181],\n       [-1.16417068,  3.69199143,  2.92270026,  7.90460796,  0.59514322,\n         5.1539814 ],\n       [-1.16417141,  3.69198877,  2.92270056,  7.90460957,  0.59513493,\n         5.15398503],\n       [-1.16417331,  3.69199311,  2.92269674,  7.90460485,  0.59513189,\n         5.15397885],\n       [-1.16417374,  3.69199353,  2.92270541,  7.90460952,  0.59513478,\n         5.15398454]]), array([0.33481325, 0.33481325, 0.33481325, 0.33481325, 0.33481325,\n       0.33481325, 0.33481325]))", "callback": [0.8666865883964079, 0.8307332893645542, 0.6627606553864733, 0.6008645420422338, 0.5741594880948377, 0.506277219466418, 0.4650581245964682, 0.4399928606849519, 0.4180973614463306, 0.3773108328834045, 0.371987159373812, 0.3592860443713386, 0.3533615242321606, 0.34461175772992714, 0.34290602668855064, 0.3373872568763542, 0.33586363498885463, 0.33548993117098136, 0.33537367870249457, 0.33525400723359744, 0.33508285294289886, 0.3349501661797367, 0.33483532054751663, 0.33483532054751663, 0.3348236885894975, 0.3348154095537609, 0.33481380409344064, 0.3348133219812559, 0.3348132763569651, 0.3348132591662868, 0.3348132549731486, 0.33481325353419455, 0.3348132529478247, 0.33481325278567065]}, "9": {"maxiter": 1000, "fatol": 1e-05, "xatol": 1e-10, "duration": 0.18187499046325684, "fun": "0.3348132527699139", "nit": "457", "nfev": "773", "status": "0", "success": "True", "message": "Optimization terminated successfully.", "x": "[-1.1641768   3.69198667  2.92270663  7.90460872  0.59513494  5.15397645]", "final_simplex": "(array([[-1.1641768 ,  3.69198667,  2.92270663,  7.90460872,  0.59513494,\n         5.15397645],\n       [-1.1641768 ,  3.69198667,  2.92270663,  7.90460872,  0.59513494,\n         5.15397645],\n       [-1.1641768 ,  3.69198667,  2.92270663,  7.90460872,  0.59513494,\n         5.15397645],\n       [-1.1641768 ,  3.69198667,  2.92270663,  7.90460872,  0.59513494,\n         5.15397645],\n       [-1.1641768 ,  3.69198667,  2.92270663,  7.90460872,  0.59513494,\n         5.15397645],\n       [-1.1641768 ,  3.69198667,  2.92270663,  7.90460872,  0.59513494,\n         5.15397645],\n       [-1.1641768 ,  3.69198667,  2.92270663,  7.90460872,  0.59513494,\n         5.15397645]]), array([0.33481325, 0.33481325, 0.33481325, 0.33481325, 0.33481325,\n       0.33481325, 0.33481325]))", "callback": [0.8666865883964079, 0.8307332893645542, 0.6627606553864733, 0.6008645420422338, 0.5741594880948377, 0.506277219466418, 0.4650581245964682, 0.4399928606849519, 0.4180973614463306, 0.3773108328834045, 0.371987159373812, 0.3592860443713386, 0.3533615242321606, 0.34461175772992714, 0.34290602668855064, 0.3373872568763542, 0.33586363498885463, 0.33548993117098136, 0.33537367870249457, 0.33525400723359744, 0.33508285294289886, 0.3349501661797367, 0.33483532054751663, 0.33483532054751663, 0.3348236885894975, 0.3348154095537609, 0.33481380409344064, 0.3348133219812559, 0.3348132763569651, 0.3348132591662868, 0.3348132549731486, 0.33481325353419455, 0.3348132529478247, 0.33481325278567065, 0.3348132527765988, 0.3348132527718406, 0.33481325277027674, 0.33481325277000906, 0.33481325276993035, 0.33481325276992135, 0.33481325276991425, 0.33481325276991414, 0.3348132527699139, 0.3348132527699139, 0.3348132527699139]}, "10": {"maxiter": 1000, "fatol": 1e-10, "xatol": 1e-05, "duration": 0.13776683807373047, "fun": "0.33481325278025187", "nit": "348", "nfev": "539", "status": "0", "success": "True", "message": "Optimization terminated successfully.", "x": "[-1.16417978  3.69198643  2.9227047   7.90460615  0.59513978  5.1539815 ]", "final_simplex": "(array([[-1.16417978,  3.69198643,  2.9227047 ,  7.90460615,  0.59513978,\n         5.1539815 ],\n       [-1.16417767,  3.69198999,  2.92270624,  7.90461541,  0.59513575,\n         5.15397721],\n       [-1.16417822,  3.69198972,  2.92269909,  7.9046071 ,  0.59514207,\n         5.15398181],\n       [-1.16417068,  3.69199143,  2.92270026,  7.90460796,  0.59514322,\n         5.1539814 ],\n       [-1.16417141,  3.69198877,  2.92270056,  7.90460957,  0.59513493,\n         5.15398503],\n       [-1.16417331,  3.69199311,  2.92269674,  7.90460485,  0.59513189,\n         5.15397885],\n       [-1.16417374,  3.69199353,  2.92270541,  7.90460952,  0.59513478,\n         5.15398454]]), array([0.33481325, 0.33481325, 0.33481325, 0.33481325, 0.33481325,\n       0.33481325, 0.33481325]))", "callback": [0.8666865883964079, 0.8307332893645542, 0.6627606553864733, 0.6008645420422338, 0.5741594880948377, 0.506277219466418, 0.4650581245964682, 0.4399928606849519, 0.4180973614463306, 0.3773108328834045, 0.371987159373812, 0.3592860443713386, 0.3533615242321606, 0.34461175772992714, 0.34290602668855064, 0.3373872568763542, 0.33586363498885463, 0.33548993117098136, 0.33537367870249457, 0.33525400723359744, 0.33508285294289886, 0.3349501661797367, 0.33483532054751663, 0.33483532054751663, 0.3348236885894975, 0.3348154095537609, 0.33481380409344064, 0.3348133219812559, 0.3348132763569651, 0.3348132591662868, 0.3348132549731486, 0.33481325353419455, 0.3348132529478247, 0.33481325278567065]}, "11": {"maxiter": 1000, "fatol": 1e-10, "xatol": 1e-10, "duration": 0.1906130313873291, "fun": "0.3348132527699139", "nit": "457", "nfev": "773", "status": "0", "success": "True", "message": "Optimization terminated successfully.", "x": "[-1.1641768   3.69198667  2.92270663  7.90460872  0.59513494  5.15397645]", "final_simplex": "(array([[-1.1641768 ,  3.69198667,  2.92270663,  7.90460872,  0.59513494,\n         5.15397645],\n       [-1.1641768 ,  3.69198667,  2.92270663,  7.90460872,  0.59513494,\n         5.15397645],\n       [-1.1641768 ,  3.69198667,  2.92270663,  7.90460872,  0.59513494,\n         5.15397645],\n       [-1.1641768 ,  3.69198667,  2.92270663,  7.90460872,  0.59513494,\n         5.15397645],\n       [-1.1641768 ,  3.69198667,  2.92270663,  7.90460872,  0.59513494,\n         5.15397645],\n       [-1.1641768 ,  3.69198667,  2.92270663,  7.90460872,  0.59513494,\n         5.15397645],\n       [-1.1641768 ,  3.69198667,  2.92270663,  7.90460872,  0.59513494,\n         5.15397645]]), array([0.33481325, 0.33481325, 0.33481325, 0.33481325, 0.33481325,\n       0.33481325, 0.33481325]))", "callback": [0.8666865883964079, 0.8307332893645542, 0.6627606553864733, 0.6008645420422338, 0.5741594880948377, 0.506277219466418, 0.4650581245964682, 0.4399928606849519, 0.4180973614463306, 0.3773108328834045, 0.371987159373812, 0.3592860443713386, 0.3533615242321606, 0.34461175772992714, 0.34290602668855064, 0.3373872568763542, 0.33586363498885463, 0.33548993117098136, 0.33537367870249457, 0.33525400723359744, 0.33508285294289886, 0.3349501661797367, 0.33483532054751663, 0.33483532054751663, 0.3348236885894975, 0.3348154095537609, 0.33481380409344064, 0.3348133219812559, 0.3348132763569651, 0.3348132591662868, 0.3348132549731486, 0.33481325353419455, 0.3348132529478247, 0.33481325278567065, 0.3348132527765988, 0.3348132527718406, 0.33481325277027674, 0.33481325277000906, 0.33481325276993035, 0.33481325276992135, 0.33481325276991425, 0.33481325276991414, 0.3348132527699139, 0.3348132527699139, 0.3348132527699139]}}, "bfgs": {"type": "gradient", "0": {"maxiter": 100, "gtol": 1e-05, "xrtol": 1e-05, "eps": 1e-05, "duration": 0.060912132263183594, "fun": "0.3348132528288408", "jac": "[ 1.45234935e-06 -1.53655977e-06  4.12920809e-06 -3.58439944e-06\n  1.77162729e-06  2.01758610e-06]", "hess_inv": "[[ 4.03544658 -0.59366484  0.71880941  0.77474808 -0.80504875 -0.84071881]\n [-0.59366484  5.14862493 -2.44470124 -1.99875902  1.97053955 -0.21919157]\n [ 0.71880941 -2.44470124  5.03116447  2.31432354 -1.51918751 -1.35860243]\n [ 0.77474808 -1.99875902  2.31432354  4.18717521 -1.04396356 -0.27174673]\n [-0.80504875  1.97053955 -1.51918751 -1.04396356  4.374359    0.33324074]\n [-0.84071881 -0.21919157 -1.35860243 -0.27174673  0.33324074  3.94304474]]", "nfev": "252", "njev": "36", "status": "0", "success": "True", "message": "Optimization terminated successfully.", "x": "[ 7.44736167  6.83356688 -0.21887685 14.18778324  0.59513219 11.43716301]", "nit": "24", "callback": [0.42240428645493566, 0.3348142868469246]}, "1": {"maxiter": 100, "gtol": 1e-05, "xrtol": 1e-05, "eps": 1e-10, "duration": 0.06276726722717285, "fun": "0.33481325288140984", "jac": "[ 0.00000000e+00  3.33066880e-06 -3.33066880e-06  0.00000000e+00\n  0.00000000e+00 -2.22044587e-06]", "hess_inv": "[[ 3.48419133 -0.4817133   0.56542745  0.7301303  -0.74490332 -0.93539249]\n [-0.4817133   5.72765569 -2.8133186  -1.43290057  1.95472978 -0.7045574 ]\n [ 0.56542745 -2.8133186   5.02664498  1.57419524 -1.29959328 -0.94027207]\n [ 0.7301303  -1.43290057  1.57419524  3.76828818 -0.92151053 -0.13918077]\n [-0.74490332  1.95472978 -1.29959328 -0.92151053  4.42565631  0.53489664]\n [-0.93539249 -0.7045574  -0.94027207 -0.13918077  0.53489664  4.08479394]]", "nfev": "252", "njev": "36", "status": "0", "success": "True", "message": "Optimization terminated successfully.", "x": "[ 7.44735482  6.83360061 -0.2189111  14.18777804  0.59513313 11.43715497]", "nit": "24", "callback": [0.4221671469563436, 0.3348133224827279]}, "2": {"maxiter": 100, "gtol": 1e-05, "xrtol": 1e-10, "eps": 1e-05, "duration": 0.06042003631591797, "fun": "0.3348132528288408", "jac": "[ 1.45234935e-06 -1.53655977e-06  4.12920809e-06 -3.58439944e-06\n  1.77162729e-06  2.01758610e-06]", "hess_inv": "[[ 4.03544658 -0.59366484  0.71880941  0.77474808 -0.80504875 -0.84071881]\n [-0.59366484  5.14862493 -2.44470124 -1.99875902  1.97053955 -0.21919157]\n [ 0.71880941 -2.44470124  5.03116447  2.31432354 -1.51918751 -1.35860243]\n [ 0.77474808 -1.99875902  2.31432354  4.18717521 -1.04396356 -0.27174673]\n [-0.80504875  1.97053955 -1.51918751 -1.04396356  4.374359    0.33324074]\n [-0.84071881 -0.21919157 -1.35860243 -0.27174673  0.33324074  3.94304474]]", "nfev": "252", "njev": "36", "status": "0", "success": "True", "message": "Optimization terminated successfully.", "x": "[ 7.44736167  6.83356688 -0.21887685 14.18778324  0.59513219 11.43716301]", "nit": "24", "callback": [0.42240428645493566, 0.3348142868469246]}, "3": {"maxiter": 100, "gtol": 1e-05, "xrtol": 1e-10, "eps": 1e-10, "duration": 0.05872917175292969, "fun": "0.33481325288140984", "jac": "[ 0.00000000e+00  3.33066880e-06 -3.33066880e-06  0.00000000e+00\n  0.00000000e+00 -2.22044587e-06]", "hess_inv": "[[ 3.48419133 -0.4817133   0.56542745  0.7301303  -0.74490332 -0.93539249]\n [-0.4817133   5.72765569 -2.8133186  -1.43290057  1.95472978 -0.7045574 ]\n [ 0.56542745 -2.8133186   5.02664498  1.57419524 -1.29959328 -0.94027207]\n [ 0.7301303  -1.43290057  1.57419524  3.76828818 -0.92151053 -0.13918077]\n [-0.74490332  1.95472978 -1.29959328 -0.92151053  4.42565631  0.53489664]\n [-0.93539249 -0.7045574  -0.94027207 -0.13918077  0.53489664  4.08479394]]", "nfev": "252", "njev": "36", "status": "0", "success": "True", "message": "Optimization terminated successfully.", "x": "[ 7.44735482  6.83360061 -0.2189111  14.18777804  0.59513313 11.43715497]", "nit": "24", "callback": [0.4221671469563436, 0.3348133224827279]}, "4": {"maxiter": 100, "gtol": 1e-10, "xrtol": 1e-05, "eps": 1e-05, "duration": 0.058358192443847656, "fun": "0.3348132528288408", "jac": "[ 1.45234935e-06 -1.53655977e-06  4.12920809e-06 -3.58439944e-06\n  1.77162729e-06  2.01758610e-06]", "hess_inv": "[[ 4.03544658 -0.59366484  0.71880941  0.77474808 -0.80504875 -0.84071881]\n [-0.59366484  5.14862493 -2.44470124 -1.99875902  1.97053955 -0.21919157]\n [ 0.71880941 -2.44470124  5.03116447  2.31432354 -1.51918751 -1.35860243]\n [ 0.77474808 -1.99875902  2.31432354  4.18717521 -1.04396356 -0.27174673]\n [-0.80504875  1.97053955 -1.51918751 -1.04396356  4.374359    0.33324074]\n [-0.84071881 -0.21919157 -1.35860243 -0.27174673  0.33324074  3.94304474]]", "nfev": "252", "njev": "36", "status": "0", "success": "True", "message": "Optimization terminated successfully.", "x": "[ 7.44736167  6.83356688 -0.21887685 14.18778324  0.59513219 11.43716301]", "nit": "24", "callback": [0.42240428645493566, 0.3348142868469246]}, "5": {"maxiter": 100, "gtol": 1e-10, "xrtol": 1e-05, "eps": 1e-10, "duration": 0.058905839920043945, "fun": "0.33481325288140984", "jac": "[ 0.00000000e+00  3.33066880e-06 -3.33066880e-06  0.00000000e+00\n  0.00000000e+00 -2.22044587e-06]", "hess_inv": "[[ 3.48419133 -0.4817133   0.56542745  0.7301303  -0.74490332 -0.93539249]\n [-0.4817133   5.72765569 -2.8133186  -1.43290057  1.95472978 -0.7045574 ]\n [ 0.56542745 -2.8133186   5.02664498  1.57419524 -1.29959328 -0.94027207]\n [ 0.7301303  -1.43290057  1.57419524  3.76828818 -0.92151053 -0.13918077]\n [-0.74490332  1.95472978 -1.29959328 -0.92151053  4.42565631  0.53489664]\n [-0.93539249 -0.7045574  -0.94027207 -0.13918077  0.53489664  4.08479394]]", "nfev": "252", "njev": "36", "status": "0", "success": "True", "message": "Optimization terminated successfully.", "x": "[ 7.44735482  6.83360061 -0.2189111  14.18777804  0.59513313 11.43715497]", "nit": "24", "callback": [0.4221671469563436, 0.3348133224827279]}, "6": {"maxiter": 100, "gtol": 1e-10, "xrtol": 1e-10, "eps": 1e-05, "duration": 0.12362909317016602, "fun": "0.33481325278878105", "jac": "[-8.16458012e-08 -1.54187774e-07  1.67221792e-07 -8.48321413e-08\n  2.80986345e-07  5.39346345e-08]", "hess_inv": "[[ 4.01927244 -0.62797815  0.75864114  0.76800821 -0.75937409 -0.82453153]\n [-0.62797815  5.34083563 -2.70164621 -1.92483798  1.9242406  -0.25374145]\n [ 0.75864114 -2.70164621  5.3722552   2.21800039 -1.43957437 -1.30421699]\n [ 0.76800821 -1.92483798  2.21800039  4.21299904 -1.08009269 -0.29334933]\n [-0.75937409  1.9242406  -1.43957437 -1.08009269  4.246449    0.26961114]\n [-0.82453153 -0.25374145 -1.30421699 -0.29334933  0.26961114  3.90490279]]", "nfev": "530", "njev": "74", "status": "2", "success": "False", "message": "Desired error not necessarily achieved due to precision loss.", "x": "[ 7.44735707  6.83357682 -0.21889056 14.18778754  0.59513108 11.43716   ]", "nit": "25", "callback": [0.42240428645493566, 0.3348142868469246]}, "7": {"maxiter": 100, "gtol": 1e-10, "xrtol": 1e-10, "eps": 1e-10, "duration": 0.08130383491516113, "fun": "0.3348132527739277", "jac": "[1.11022293e-06 1.11022293e-06 1.11022293e-06 1.11022293e-06\n 1.11022293e-06 1.11022293e-06]", "hess_inv": "[[ 7.54684285  7.34922553 -2.72431368 -3.62763636  6.92909154 -2.35680855]\n [ 7.34922553 16.24020038 -6.02834743 -9.99310377 13.53408521 -3.02100994]\n [-2.72431368 -6.02834743  3.28745673  4.44026566 -4.16225444  1.2654431 ]\n [-3.62763636 -9.99310377  4.44026566  8.04681022 -8.76674412  1.15928976]\n [ 6.92909154 13.53408521 -4.16225444 -8.76674412 16.05108457 -2.85427292]\n [-2.35680855 -3.02100994  1.2654431   1.15928976 -2.85427292  3.12690193]]", "nfev": "350", "njev": "50", "status": "0", "success": "True", "message": "Optimization terminated successfully.", "x": "[ 7.44736509  6.83357542 -0.21888368 14.18779481  0.5951353  11.43716384]", "nit": "29", "callback": [0.4221671469563436, 0.3348133224827279]}, "8": {"maxiter": 500, "gtol": 1e-05, "xrtol": 1e-05, "eps": 1e-05, "duration": 0.05967593193054199, "fun": "0.3348132528288408", "jac": "[ 1.45234935e-06 -1.53655977e-06  4.12920809e-06 -3.58439944e-06\n  1.77162729e-06  2.01758610e-06]", "hess_inv": "[[ 4.03544658 -0.59366484  0.71880941  0.77474808 -0.80504875 -0.84071881]\n [-0.59366484  5.14862493 -2.44470124 -1.99875902  1.97053955 -0.21919157]\n [ 0.71880941 -2.44470124  5.03116447  2.31432354 -1.51918751 -1.35860243]\n [ 0.77474808 -1.99875902  2.31432354  4.18717521 -1.04396356 -0.27174673]\n [-0.80504875  1.97053955 -1.51918751 -1.04396356  4.374359    0.33324074]\n [-0.84071881 -0.21919157 -1.35860243 -0.27174673  0.33324074  3.94304474]]", "nfev": "252", "njev": "36", "status": "0", "success": "True", "message": "Optimization terminated successfully.", "x": "[ 7.44736167  6.83356688 -0.21887685 14.18778324  0.59513219 11.43716301]", "nit": "24", "callback": [0.42240428645493566, 0.3348142868469246]}, "9": {"maxiter": 500, "gtol": 1e-05, "xrtol": 1e-05, "eps": 1e-10, "duration": 0.057871103286743164, "fun": "0.33481325288140984", "jac": "[ 0.00000000e+00  3.33066880e-06 -3.33066880e-06  0.00000000e+00\n  0.00000000e+00 -2.22044587e-06]", "hess_inv": "[[ 3.48419133 -0.4817133   0.56542745  0.7301303  -0.74490332 -0.93539249]\n [-0.4817133   5.72765569 -2.8133186  -1.43290057  1.95472978 -0.7045574 ]\n [ 0.56542745 -2.8133186   5.02664498  1.57419524 -1.29959328 -0.94027207]\n [ 0.7301303  -1.43290057  1.57419524  3.76828818 -0.92151053 -0.13918077]\n [-0.74490332  1.95472978 -1.29959328 -0.92151053  4.42565631  0.53489664]\n [-0.93539249 -0.7045574  -0.94027207 -0.13918077  0.53489664  4.08479394]]", "nfev": "252", "njev": "36", "status": "0", "success": "True", "message": "Optimization terminated successfully.", "x": "[ 7.44735482  6.83360061 -0.2189111  14.18777804  0.59513313 11.43715497]", "nit": "24", "callback": [0.4221671469563436, 0.3348133224827279]}, "10": {"maxiter": 500, "gtol": 1e-05, "xrtol": 1e-10, "eps": 1e-05, "duration": 0.05741071701049805, "fun": "0.3348132528288408", "jac": "[ 1.45234935e-06 -1.53655977e-06  4.12920809e-06 -3.58439944e-06\n  1.77162729e-06  2.01758610e-06]", "hess_inv": "[[ 4.03544658 -0.59366484  0.71880941  0.77474808 -0.80504875 -0.84071881]\n [-0.59366484  5.14862493 -2.44470124 -1.99875902  1.97053955 -0.21919157]\n [ 0.71880941 -2.44470124  5.03116447  2.31432354 -1.51918751 -1.35860243]\n [ 0.77474808 -1.99875902  2.31432354  4.18717521 -1.04396356 -0.27174673]\n [-0.80504875  1.97053955 -1.51918751 -1.04396356  4.374359    0.33324074]\n [-0.84071881 -0.21919157 -1.35860243 -0.27174673  0.33324074  3.94304474]]", "nfev": "252", "njev": "36", "status": "0", "success": "True", "message": "Optimization terminated successfully.", "x": "[ 7.44736167  6.83356688 -0.21887685 14.18778324  0.59513219 11.43716301]", "nit": "24", "callback": [0.42240428645493566, 0.3348142868469246]}, "11": {"maxiter": 500, "gtol": 1e-05, "xrtol": 1e-10, "eps": 1e-10, "duration": 0.05802273750305176, "fun": "0.33481325288140984", "jac": "[ 0.00000000e+00  3.33066880e-06 -3.33066880e-06  0.00000000e+00\n  0.00000000e+00 -2.22044587e-06]", "hess_inv": "[[ 3.48419133 -0.4817133   0.56542745  0.7301303  -0.74490332 -0.93539249]\n [-0.4817133   5.72765569 -2.8133186  -1.43290057  1.95472978 -0.7045574 ]\n [ 0.56542745 -2.8133186   5.02664498  1.57419524 -1.29959328 -0.94027207]\n [ 0.7301303  -1.43290057  1.57419524  3.76828818 -0.92151053 -0.13918077]\n [-0.74490332  1.95472978 -1.29959328 -0.92151053  4.42565631  0.53489664]\n [-0.93539249 -0.7045574  -0.94027207 -0.13918077  0.53489664  4.08479394]]", "nfev": "252", "njev": "36", "status": "0", "success": "True", "message": "Optimization terminated successfully.", "x": "[ 7.44735482  6.83360061 -0.2189111  14.18777804  0.59513313 11.43715497]", "nit": "24", "callback": [0.4221671469563436, 0.3348133224827279]}, "12": {"maxiter": 500, "gtol": 1e-10, "xrtol": 1e-05, "eps": 1e-05, "duration": 0.05774998664855957, "fun": "0.3348132528288408", "jac": "[ 1.45234935e-06 -1.53655977e-06  4.12920809e-06 -3.58439944e-06\n  1.77162729e-06  2.01758610e-06]", "hess_inv": "[[ 4.03544658 -0.59366484  0.71880941  0.77474808 -0.80504875 -0.84071881]\n [-0.59366484  5.14862493 -2.44470124 -1.99875902  1.97053955 -0.21919157]\n [ 0.71880941 -2.44470124  5.03116447  2.31432354 -1.51918751 -1.35860243]\n [ 0.77474808 -1.99875902  2.31432354  4.18717521 -1.04396356 -0.27174673]\n [-0.80504875  1.97053955 -1.51918751 -1.04396356  4.374359    0.33324074]\n [-0.84071881 -0.21919157 -1.35860243 -0.27174673  0.33324074  3.94304474]]", "nfev": "252", "njev": "36", "status": "0", "success": "True", "message": "Optimization terminated successfully.", "x": "[ 7.44736167  6.83356688 -0.21887685 14.18778324  0.59513219 11.43716301]", "nit": "24", "callback": [0.42240428645493566, 0.3348142868469246]}, "13": {"maxiter": 500, "gtol": 1e-10, "xrtol": 1e-05, "eps": 1e-10, "duration": 0.0581510066986084, "fun": "0.33481325288140984", "jac": "[ 0.00000000e+00  3.33066880e-06 -3.33066880e-06  0.00000000e+00\n  0.00000000e+00 -2.22044587e-06]", "hess_inv": "[[ 3.48419133 -0.4817133   0.56542745  0.7301303  -0.74490332 -0.93539249]\n [-0.4817133   5.72765569 -2.8133186  -1.43290057  1.95472978 -0.7045574 ]\n [ 0.56542745 -2.8133186   5.02664498  1.57419524 -1.29959328 -0.94027207]\n [ 0.7301303  -1.43290057  1.57419524  3.76828818 -0.92151053 -0.13918077]\n [-0.74490332  1.95472978 -1.29959328 -0.92151053  4.42565631  0.53489664]\n [-0.93539249 -0.7045574  -0.94027207 -0.13918077  0.53489664  4.08479394]]", "nfev": "252", "njev": "36", "status": "0", "success": "True", "message": "Optimization terminated successfully.", "x": "[ 7.44735482  6.83360061 -0.2189111  14.18777804  0.59513313 11.43715497]", "nit": "24", "callback": [0.4221671469563436, 0.3348133224827279]}, "14": {"maxiter": 500, "gtol": 1e-10, "xrtol": 1e-10, "eps": 1e-05, "duration": 0.1194159984588623, "fun": "0.33481325278878105", "jac": "[-8.16458012e-08 -1.54187774e-07  1.67221792e-07 -8.48321413e-08\n  2.80986345e-07  5.39346345e-08]", "hess_inv": "[[ 4.01927244 -0.62797815  0.75864114  0.76800821 -0.75937409 -0.82453153]\n [-0.62797815  5.34083563 -2.70164621 -1.92483798  1.9242406  -0.25374145]\n [ 0.75864114 -2.70164621  5.3722552   2.21800039 -1.43957437 -1.30421699]\n [ 0.76800821 -1.92483798  2.21800039  4.21299904 -1.08009269 -0.29334933]\n [-0.75937409  1.9242406  -1.43957437 -1.08009269  4.246449    0.26961114]\n [-0.82453153 -0.25374145 -1.30421699 -0.29334933  0.26961114  3.90490279]]", "nfev": "530", "njev": "74", "status": "2", "success": "False", "message": "Desired error not necessarily achieved due to precision loss.", "x": "[ 7.44735707  6.83357682 -0.21889056 14.18778754  0.59513108 11.43716   ]", "nit": "25", "callback": [0.42240428645493566, 0.3348142868469246]}, "15": {"maxiter": 500, "gtol": 1e-10, "xrtol": 1e-10, "eps": 1e-10, "duration": 0.07984805107116699, "fun": "0.3348132527739277", "jac": "[1.11022293e-06 1.11022293e-06 1.11022293e-06 1.11022293e-06\n 1.11022293e-06 1.11022293e-06]", "hess_inv": "[[ 7.54684285  7.34922553 -2.72431368 -3.62763636  6.92909154 -2.35680855]\n [ 7.34922553 16.24020038 -6.02834743 -9.99310377 13.53408521 -3.02100994]\n [-2.72431368 -6.02834743  3.28745673  4.44026566 -4.16225444  1.2654431 ]\n [-3.62763636 -9.99310377  4.44026566  8.04681022 -8.76674412  1.15928976]\n [ 6.92909154 13.53408521 -4.16225444 -8.76674412 16.05108457 -2.85427292]\n [-2.35680855 -3.02100994  1.2654431   1.15928976 -2.85427292  3.12690193]]", "nfev": "350", "njev": "50", "status": "0", "success": "True", "message": "Optimization terminated successfully.", "x": "[ 7.44736509  6.83357542 -0.21888368 14.18779481  0.5951353  11.43716384]", "nit": "29", "callback": [0.4221671469563436, 0.3348133224827279]}, "16": {"maxiter": 1000, "gtol": 1e-05, "xrtol": 1e-05, "eps": 1e-05, "duration": 0.05799698829650879, "fun": "0.3348132528288408", "jac": "[ 1.45234935e-06 -1.53655977e-06  4.12920809e-06 -3.58439944e-06\n  1.77162729e-06  2.01758610e-06]", "hess_inv": "[[ 4.03544658 -0.59366484  0.71880941  0.77474808 -0.80504875 -0.84071881]\n [-0.59366484  5.14862493 -2.44470124 -1.99875902  1.97053955 -0.21919157]\n [ 0.71880941 -2.44470124  5.03116447  2.31432354 -1.51918751 -1.35860243]\n [ 0.77474808 -1.99875902  2.31432354  4.18717521 -1.04396356 -0.27174673]\n [-0.80504875  1.97053955 -1.51918751 -1.04396356  4.374359    0.33324074]\n [-0.84071881 -0.21919157 -1.35860243 -0.27174673  0.33324074  3.94304474]]", "nfev": "252", "njev": "36", "status": "0", "success": "True", "message": "Optimization terminated successfully.", "x": "[ 7.44736167  6.83356688 -0.21887685 14.18778324  0.59513219 11.43716301]", "nit": "24", "callback": [0.42240428645493566, 0.3348142868469246]}, "17": {"maxiter": 1000, "gtol": 1e-05, "xrtol": 1e-05, "eps": 1e-10, "duration": 0.056748151779174805, "fun": "0.33481325288140984", "jac": "[ 0.00000000e+00  3.33066880e-06 -3.33066880e-06  0.00000000e+00\n  0.00000000e+00 -2.22044587e-06]", "hess_inv": "[[ 3.48419133 -0.4817133   0.56542745  0.7301303  -0.74490332 -0.93539249]\n [-0.4817133   5.72765569 -2.8133186  -1.43290057  1.95472978 -0.7045574 ]\n [ 0.56542745 -2.8133186   5.02664498  1.57419524 -1.29959328 -0.94027207]\n [ 0.7301303  -1.43290057  1.57419524  3.76828818 -0.92151053 -0.13918077]\n [-0.74490332  1.95472978 -1.29959328 -0.92151053  4.42565631  0.53489664]\n [-0.93539249 -0.7045574  -0.94027207 -0.13918077  0.53489664  4.08479394]]", "nfev": "252", "njev": "36", "status": "0", "success": "True", "message": "Optimization terminated successfully.", "x": "[ 7.44735482  6.83360061 -0.2189111  14.18777804  0.59513313 11.43715497]", "nit": "24", "callback": [0.4221671469563436, 0.3348133224827279]}, "18": {"maxiter": 1000, "gtol": 1e-05, "xrtol": 1e-10, "eps": 1e-05, "duration": 0.05699300765991211, "fun": "0.3348132528288408", "jac": "[ 1.45234935e-06 -1.53655977e-06  4.12920809e-06 -3.58439944e-06\n  1.77162729e-06  2.01758610e-06]", "hess_inv": "[[ 4.03544658 -0.59366484  0.71880941  0.77474808 -0.80504875 -0.84071881]\n [-0.59366484  5.14862493 -2.44470124 -1.99875902  1.97053955 -0.21919157]\n [ 0.71880941 -2.44470124  5.03116447  2.31432354 -1.51918751 -1.35860243]\n [ 0.77474808 -1.99875902  2.31432354  4.18717