{"date": "2024/09/23/, 22:24:14", "conf_id": 112, "data_type": "orthogonal\n", "num_data_points": 2, "s_rank": 0, "unitary": "[[0.18663085-0.53122324j,-0.11886349-0.70040876j,0.28555095-0.02789305j,-0.12262021-0.2844587j],[-0.16702216+0.27758472j,0.27526351-0.29738586j,-0.01109314+0.22495461j,-0.77239203+0.28900673j],[0.61935415+0.12301792j,-0.31269928-0.03315917j,-0.61902762-0.19039079j,-0.27120731-0.0968989j],[0.42341754+0.0023929j,-0.05847358+0.47832119j,0.64900495-0.16218422j,-0.37182676-0.05229966j]]", "databatch_0": {"databatch": "[[[0.21718175+0.07407076j,0.34957266+0.21365702j,0.17255282+0.11790129j,-0.12874359-0.41798153j],[-0.1349199+0.07641111j,-0.07599049-0.09605792j,0.05744836-0.03089748j,-0.03313727+0.24287433j],[-0.03381134+0.03951683j,0.04247306+0.21784619j,-0.03767417+0.18578867j,0.0227872-0.24363855j],[-0.08008198-0.09690683j,0.15404335-0.25403786j,0.10041596-0.20105726j,-0.35914903+0.09902699j]],[[0.07724532+0.32998954j,-0.01906317-0.02449342j,-0.03566955-0.19357093j,0.08705216+0.1707537j],[-0.11092002-0.12366297j,-0.18000489+0.0577685j,-0.141095+0.13604443j,0.1240841-0.00266946j],[0.12232853+0.26726951j,0.09180289+0.15808677j,0.10826729-0.05856204j,0.13723345-0.10313418j],[-0.24565208+0.41448967j,0.08450685+0.10491129j,0.23132489+0.33004283j,-0.22149124+0.25556891j]]]", "initial param values": "[1.8639569,0.95274996,0.99670145,2.64741089,5.58366058,3.82733533]", "nelder_mead": {"type": "gradient-free", "0": {"maxiter": 100, "fatol": 1e-05, "xatol": 1e-05, "duration": 0.05484175682067871, "fun": "0.47005307714696176", "nit": "100", "nfev": "159", "status": "2", "success": "False", "message": "Maximum number of iterations has been exceeded.", "x": "[1.40345755 0.03845586 2.336388   2.32108881 5.35539554 2.26716746]", "final_simplex": "(array([[ 1.40345755,  0.03845586,  2.336388  ,  2.32108881,  5.35539554,\n         2.26716746],\n       [ 1.39475393,  0.01623666,  2.34674187,  2.18589315,  5.57213805,\n         2.39288245],\n       [ 1.54934111,  0.02843594,  2.23857789,  2.24717189,  5.65216782,\n         2.51701113],\n       [ 1.37548405,  0.11314339,  2.25953285,  2.39059946,  5.29693265,\n         2.17842078],\n       [ 1.39651092,  0.14923338,  2.1562866 ,  2.23720662,  5.48325117,\n         2.53228934],\n       [ 1.33552548,  0.13507375,  2.18695911,  2.36629809,  5.46356486,\n         2.40477687],\n       [ 1.51930452, -0.01258421,  2.30875374,  2.14864283,  5.39172968,\n         2.37669727]]), array([0.47005308, 0.47485796, 0.47596951, 0.47617202, 0.47729662,\n       0.4774168 , 0.47924009]))", "callback": [0.6769991576618459, 0.6438038200537526, 0.6166039019754779, 0.5976592609825604, 0.5810014204749114, 0.5610250299629175, 0.5271160552706258, 0.5042912673931305, 0.47924009411427526]}, "1": {"maxiter": 100, "fatol": 1e-05, "xatol": 1e-10, "duration": 0.04513907432556152, "fun": "0.47005307714696176", "nit": "100", "nfev": "159", "status": "2", "success": "False", "message": "Maximum number of iterations has been exceeded.", "x": "[1.40345755 0.03845586 2.336388   2.32108881 5.35539554 2.26716746]", "final_simplex": "(array([[ 1.40345755,  0.03845586,  2.336388  ,  2.32108881,  5.35539554,\n         2.26716746],\n       [ 1.39475393,  0.01623666,  2.34674187,  2.18589315,  5.57213805,\n         2.39288245],\n       [ 1.54934111,  0.02843594,  2.23857789,  2.24717189,  5.65216782,\n         2.51701113],\n       [ 1.37548405,  0.11314339,  2.25953285,  2.39059946,  5.29693265,\n         2.17842078],\n       [ 1.39651092,  0.14923338,  2.1562866 ,  2.23720662,  5.48325117,\n         2.53228934],\n       [ 1.33552548,  0.13507375,  2.18695911,  2.36629809,  5.46356486,\n         2.40477687],\n       [ 1.51930452, -0.01258421,  2.30875374,  2.14864283,  5.39172968,\n         2.37669727]]), array([0.47005308, 0.47485796, 0.47596951, 0.47617202, 0.47729662,\n       0.4774168 , 0.47924009]))", "callback": [0.6769991576618459, 0.6438038200537526, 0.6166039019754779, 0.5976592609825604, 0.5810014204749114, 0.5610250299629175, 0.5271160552706258, 0.5042912673931305, 0.47924009411427526]}, "2": {"maxiter": 100, "fatol": 1e-10, "xatol": 1e-05, "duration": 0.04163694381713867, "fun": "0.47005307714696176", "nit": "100", "nfev": "159", "status": "2", "success": "False", "message": "Maximum number of iterations has been exceeded.", "x": "[1.40345755 0.03845586 2.336388   2.32108881 5.35539554 2.26716746]", "final_simplex": "(array([[ 1.40345755,  0.03845586,  2.336388  ,  2.32108881,  5.35539554,\n         2.26716746],\n       [ 1.39475393,  0.01623666,  2.34674187,  2.18589315,  5.57213805,\n         2.39288245],\n       [ 1.54934111,  0.02843594,  2.23857789,  2.24717189,  5.65216782,\n         2.51701113],\n       [ 1.37548405,  0.11314339,  2.25953285,  2.39059946,  5.29693265,\n         2.17842078],\n       [ 1.39651092,  0.14923338,  2.1562866 ,  2.23720662,  5.48325117,\n         2.53228934],\n       [ 1.33552548,  0.13507375,  2.18695911,  2.36629809,  5.46356486,\n         2.40477687],\n       [ 1.51930452, -0.01258421,  2.30875374,  2.14864283,  5.39172968,\n         2.37669727]]), array([0.47005308, 0.47485796, 0.47596951, 0.47617202, 0.47729662,\n       0.4774168 , 0.47924009]))", "callback": [0.6769991576618459, 0.6438038200537526, 0.6166039019754779, 0.5976592609825604, 0.5810014204749114, 0.5610250299629175, 0.5271160552706258, 0.5042912673931305, 0.47924009411427526]}, "3": {"maxiter": 100, "fatol": 1e-10, "xatol": 1e-10, "duration": 0.0438389778137207, "fun": "0.47005307714696176", "nit": "100", "nfev": "159", "status": "2", "success": "False", "message": "Maximum number of iterations has been exceeded.", "x": "[1.40345755 0.03845586 2.336388   2.32108881 5.35539554 2.26716746]", "final_simplex": "(array([[ 1.40345755,  0.03845586,  2.336388  ,  2.32108881,  5.35539554,\n         2.26716746],\n       [ 1.39475393,  0.01623666,  2.34674187,  2.18589315,  5.57213805,\n         2.39288245],\n       [ 1.54934111,  0.02843594,  2.23857789,  2.24717189,  5.65216782,\n         2.51701113],\n       [ 1.37548405,  0.11314339,  2.25953285,  2.39059946,  5.29693265,\n         2.17842078],\n       [ 1.39651092,  0.14923338,  2.1562866 ,  2.23720662,  5.48325117,\n         2.53228934],\n       [ 1.33552548,  0.13507375,  2.18695911,  2.36629809,  5.46356486,\n         2.40477687],\n       [ 1.51930452, -0.01258421,  2.30875374,  2.14864283,  5.39172968,\n         2.37669727]]), array([0.47005308, 0.47485796, 0.47596951, 0.47617202, 0.47729662,\n       0.4774168 , 0.47924009]))", "callback": [0.6769991576618459, 0.6438038200537526, 0.6166039019754779, 0.5976592609825604, 0.5810014204749114, 0.5610250299629175, 0.5271160552706258, 0.5042912673931305, 0.47924009411427526]}, "4": {"maxiter": 500, "fatol": 1e-05, "xatol": 1e-05, "duration": 0.1798548698425293, "fun": "0.22155509233734394", "nit": "400", "nfev": "631", "status": "0", "success": "True", "message": "Optimization terminated successfully.", "x": "[1.04063208 1.03800676 3.67772054 2.69635257 6.7674266  2.11201485]", "final_simplex": "(array([[1.04063208, 1.03800676, 3.67772054, 2.69635257, 6.7674266 ,\n        2.11201485],\n       [1.0406345 , 1.03800448, 3.67772047, 2.69635309, 6.7674207 ,\n        2.1120098 ],\n       [1.04063206, 1.03800513, 3.67772284, 2.6963518 , 6.76742303,\n        2.1120118 ],\n       [1.04063155, 1.03800601, 3.67772084, 2.69635122, 6.76742634,\n        2.11201225],\n       [1.04063096, 1.03800439, 3.6777188 , 2.69635234, 6.76742026,\n        2.11201155],\n       [1.04063261, 1.03800723, 3.67772088, 2.69635304, 6.76741886,\n        2.11200632],\n       [1.04063412, 1.03800633, 3.67772009, 2.69635024, 6.76742312,\n        2.11201219]]), array([0.22155509, 0.22155509, 0.22155509, 0.22155509, 0.22155509,\n       0.22155509, 0.22155509]))", "callback": [0.6769991576618459, 0.6438038200537526, 0.6166039019754779, 0.5976592609825604, 0.5810014204749114, 0.5610250299629175, 0.5271160552706258, 0.5042912673931305, 0.47924009411427526, 0.47005307714696176, 0.4655858081543871, 0.44416254313158143, 0.42238053291170374, 0.40076375120414776, 0.38684228261027764, 0.3627288963607602, 0.3202149310659044, 0.2455211156372168, 0.2285928933898621, 0.22329708147692795, 0.22239607645210346, 0.22182093422227245, 0.22160664586599377, 0.2215740091213606, 0.22155925893630335, 0.221556673614149, 0.2215559446133306, 0.2215555076820408, 0.2215552436950704, 0.2215552146928812, 0.22155515907473045, 0.22155512006319666, 0.22155509852498878, 0.22155509388387773, 0.22155509275720398, 0.2215550924560037, 0.2215550923687386, 0.22155509235030735, 0.22155509233919946, 0.22155509233734394]}, "5": {"maxiter": 500, "fatol": 1e-05, "xatol": 1e-10, "duration": 0.27421116828918457, "fun": "0.22155509233620152", "nit": "484", "nfev": "830", "status": "0", "success": "True", "message": "Optimization terminated successfully.", "x": "[1.04063209 1.03800431 3.67772202 2.69635365 6.76742613 2.1120141 ]", "final_simplex": "(array([[1.04063209, 1.03800431, 3.67772202, 2.69635365, 6.76742613,\n        2.1120141 ],\n       [1.04063209, 1.03800431, 3.67772202, 2.69635365, 6.76742613,\n        2.1120141 ],\n       [1.04063209, 1.03800431, 3.67772202, 2.69635365, 6.76742613,\n        2.1120141 ],\n       [1.04063209, 1.03800431, 3.67772202, 2.69635365, 6.76742613,\n        2.1120141 ],\n       [1.04063209, 1.03800431, 3.67772202, 2.69635365, 6.76742613,\n        2.1120141 ],\n       [1.04063209, 1.03800431, 3.67772202, 2.69635365, 6.76742613,\n        2.1120141 ],\n       [1.04063209, 1.03800431, 3.67772202, 2.69635365, 6.76742613,\n        2.1120141 ]]), array([0.22155509, 0.22155509, 0.22155509, 0.22155509, 0.22155509,\n       0.22155509, 0.22155509]))", "callback": [0.6769991576618459, 0.6438038200537526, 0.6166039019754779, 0.5976592609825604, 0.5810014204749114, 0.5610250299629175, 0.5271160552706258, 0.5042912673931305, 0.47924009411427526, 0.47005307714696176, 0.4655858081543871, 0.44416254313158143, 0.42238053291170374, 0.40076375120414776, 0.38684228261027764, 0.3627288963607602, 0.3202149310659044, 0.2455211156372168, 0.2285928933898621, 0.22329708147692795, 0.22239607645210346, 0.22182093422227245, 0.22160664586599377, 0.2215740091213606, 0.22155925893630335, 0.221556673614149, 0.2215559446133306, 0.2215555076820408, 0.2215552436950704, 0.2215552146928812, 0.22155515907473045, 0.22155512006319666, 0.22155509852498878, 0.22155509388387773, 0.22155509275720398, 0.2215550924560037, 0.2215550923687386, 0.22155509235030735, 0.22155509233919946, 0.22155509233734394, 0.22155509233646953, 0.22155509233626813, 0.2215550923362144, 0.22155509233620285, 0.22155509233620174, 0.22155509233620152, 0.22155509233620152, 0.22155509233620152]}, "6": {"maxiter": 500, "fatol": 1e-10, "xatol": 1e-05, "duration": 0.21773004531860352, "fun": "0.22155509233734394", "nit": "400", "nfev": "631", "status": "0", "success": "True", "message": "Optimization terminated successfully.", "x": "[1.04063208 1.03800676 3.67772054 2.69635257 6.7674266  2.11201485]", "final_simplex": "(array([[1.04063208, 1.03800676, 3.67772054, 2.69635257, 6.7674266 ,\n        2.11201485],\n       [1.0406345 , 1.03800448, 3.67772047, 2.69635309, 6.7674207 ,\n        2.1120098 ],\n       [1.04063206, 1.03800513, 3.67772284, 2.6963518 , 6.76742303,\n        2.1120118 ],\n       [1.04063155, 1.03800601, 3.67772084, 2.69635122, 6.76742634,\n        2.11201225],\n       [1.04063096, 1.03800439, 3.6777188 , 2.69635234, 6.76742026,\n        2.11201155],\n       [1.04063261, 1.03800723, 3.67772088, 2.69635304, 6.76741886,\n        2.11200632],\n       [1.04063412, 1.03800633, 3.67772009, 2.69635024, 6.76742312,\n        2.11201219]]), array([0.22155509, 0.22155509, 0.22155509, 0.22155509, 0.22155509,\n       0.22155509, 0.22155509]))", "callback": [0.6769991576618459, 0.6438038200537526, 0.6166039019754779, 0.5976592609825604, 0.5810014204749114, 0.5610250299629175, 0.5271160552706258, 0.5042912673931305, 0.47924009411427526, 0.47005307714696176, 0.4655858081543871, 0.44416254313158143, 0.42238053291170374, 0.40076375120414776, 0.38684228261027764, 0.3627288963607602, 0.3202149310659044, 0.2455211156372168, 0.2285928933898621, 0.22329708147692795, 0.22239607645210346, 0.22182093422227245, 0.22160664586599377, 0.2215740091213606, 0.22155925893630335, 0.221556673614149, 0.2215559446133306, 0.2215555076820408, 0.2215552436950704, 0.2215552146928812, 0.22155515907473045, 0.22155512006319666, 0.22155509852498878, 0.22155509388387773, 0.22155509275720398, 0.2215550924560037, 0.2215550923687386, 0.22155509235030735, 0.22155509233919946, 0.22155509233734394]}, "7": {"maxiter": 500, "fatol": 1e-10, "xatol": 1e-10, "duration": 0.24960613250732422, "fun": "0.22155509233620152", "nit": "484", "nfev": "830", "status": "0", "success": "True", "message": "Optimization terminated successfully.", "x": "[1.04063209 1.03800431 3.67772202 2.69635365 6.76742613 2.1120141 ]", "final_simplex": "(array([[1.04063209, 1.03800431, 3.67772202, 2.69635365, 6.76742613,\n        2.1120141 ],\n       [1.04063209, 1.03800431, 3.67772202, 2.69635365, 6.76742613,\n        2.1120141 ],\n       [1.04063209, 1.03800431, 3.67772202, 2.69635365, 6.76742613,\n        2.1120141 ],\n       [1.04063209, 1.03800431, 3.67772202, 2.69635365, 6.76742613,\n        2.1120141 ],\n       [1.04063209, 1.03800431, 3.67772202, 2.69635365, 6.76742613,\n        2.1120141 ],\n       [1.04063209, 1.03800431, 3.67772202, 2.69635365, 6.76742613,\n        2.1120141 ],\n       [1.04063209, 1.03800431, 3.67772202, 2.69635365, 6.76742613,\n        2.1120141 ]]), array([0.22155509, 0.22155509, 0.22155509, 0.22155509, 0.22155509,\n       0.22155509, 0.22155509]))", "callback": [0.6769991576618459, 0.6438038200537526, 0.6166039019754779, 0.5976592609825604, 0.5810014204749114, 0.5610250299629175, 0.5271160552706258, 0.5042912673931305, 0.47924009411427526, 0.47005307714696176, 0.4655858081543871, 0.44416254313158143, 0.42238053291170374, 0.40076375120414776, 0.38684228261027764, 0.3627288963607602, 0.3202149310659044, 0.2455211156372168, 0.2285928933898621, 0.22329708147692795, 0.22239607645210346, 0.22182093422227245, 0.22160664586599377, 0.2215740091213606, 0.22155925893630335, 0.221556673614149, 0.2215559446133306, 0.2215555076820408, 0.2215552436950704, 0.2215552146928812, 0.22155515907473045, 0.22155512006319666, 0.22155509852498878, 0.22155509388387773, 0.22155509275720398, 0.2215550924560037, 0.2215550923687386, 0.22155509235030735, 0.22155509233919946, 0.22155509233734394, 0.22155509233646953, 0.22155509233626813, 0.2215550923362144, 0.22155509233620285, 0.22155509233620174, 0.22155509233620152, 0.22155509233620152, 0.22155509233620152]}, "8": {"maxiter": 1000, "fatol": 1e-05, "xatol": 1e-05, "duration": 0.22664904594421387, "fun": "0.22155509233734394", "nit": "400", "nfev": "631", "status": "0", "success": "True", "message": "Optimization terminated successfully.", "x": "[1.04063208 1.03800676 3.67772054 2.69635257 6.7674266  2.11201485]", "final_simplex": "(array([[1.04063208, 1.03800676, 3.67772054, 2.69635257, 6.7674266 ,\n        2.11201485],\n       [1.0406345 , 1.03800448, 3.67772047, 2.69635309, 6.7674207 ,\n        2.1120098 ],\n       [1.04063206, 1.03800513, 3.67772284, 2.6963518 , 6.76742303,\n        2.1120118 ],\n       [1.04063155, 1.03800601, 3.67772084, 2.69635122, 6.76742634,\n        2.11201225],\n       [1.04063096, 1.03800439, 3.6777188 , 2.69635234, 6.76742026,\n        2.11201155],\n       [1.04063261, 1.03800723, 3.67772088, 2.69635304, 6.76741886,\n        2.11200632],\n       [1.04063412, 1.03800633, 3.67772009, 2.69635024, 6.76742312,\n        2.11201219]]), array([0.22155509, 0.22155509, 0.22155509, 0.22155509, 0.22155509,\n       0.22155509, 0.22155509]))", "callback": [0.6769991576618459, 0.6438038200537526, 0.6166039019754779, 0.5976592609825604, 0.5810014204749114, 0.5610250299629175, 0.5271160552706258, 0.5042912673931305, 0.47924009411427526, 0.47005307714696176, 0.4655858081543871, 0.44416254313158143, 0.42238053291170374, 0.40076375120414776, 0.38684228261027764, 0.3627288963607602, 0.3202149310659044, 0.2455211156372168, 0.2285928933898621, 0.22329708147692795, 0.22239607645210346, 0.22182093422227245, 0.22160664586599377, 0.2215740091213606, 0.22155925893630335, 0.221556673614149, 0.2215559446133306, 0.2215555076820408, 0.2215552436950704, 0.2215552146928812, 0.22155515907473045, 0.22155512006319666, 0.22155509852498878, 0.22155509388387773, 0.22155509275720398, 0.2215550924560037, 0.2215550923687386, 0.22155509235030735, 0.22155509233919946, 0.22155509233734394]}, "9": {"maxiter": 1000, "fatol": 1e-05, "xatol": 1e-10, "duration": 0.3174428939819336, "fun": "0.22155509233620152", "nit": "484", "nfev": "830", "status": "0", "success": "True", "message": "Optimization terminated successfully.", "x": "[1.04063209 1.03800431 3.67772202 2.69635365 6.76742613 2.1120141 ]", "final_simplex": "(array([[1.04063209, 1.03800431, 3.67772202, 2.69635365, 6.76742613,\n        2.1120141 ],\n       [1.04063209, 1.03800431, 3.67772202, 2.69635365, 6.76742613,\n        2.1120141 ],\n       [1.04063209, 1.03800431, 3.67772202, 2.69635365, 6.76742613,\n        2.1120141 ],\n       [1.04063209, 1.03800431, 3.67772202, 2.69635365, 6.76742613,\n        2.1120141 ],\n       [1.04063209, 1.03800431, 3.67772202, 2.69635365, 6.76742613,\n        2.1120141 ],\n       [1.04063209, 1.03800431, 3.67772202, 2.69635365, 6.76742613,\n        2.1120141 ],\n       [1.04063209, 1.03800431, 3.67772202, 2.69635365, 6.76742613,\n        2.1120141 ]]), array([0.22155509, 0.22155509, 0.22155509, 0.22155509, 0.22155509,\n       0.22155509, 0.22155509]))", "callback": [0.6769991576618459, 0.6438038200537526, 0.6166039019754779, 0.5976592609825604, 0.5810014204749114, 0.5610250299629175, 0.5271160552706258, 0.5042912673931305, 0.47924009411427526, 0.47005307714696176, 0.4655858081543871, 0.44416254313158143, 0.42238053291170374, 0.40076375120414776, 0.38684228261027764, 0.3627288963607602, 0.3202149310659044, 0.2455211156372168, 0.2285928933898621, 0.22329708147692795, 0.22239607645210346, 0.22182093422227245, 0.22160664586599377, 0.2215740091213606, 0.22155925893630335, 0.221556673614149, 0.2215559446133306, 0.2215555076820408, 0.2215552436950704, 0.2215552146928812, 0.22155515907473045, 0.22155512006319666, 0.22155509852498878, 0.22155509388387773, 0.22155509275720398, 0.2215550924560037, 0.2215550923687386, 0.22155509235030735, 0.22155509233919946, 0.22155509233734394, 0.22155509233646953, 0.22155509233626813, 0.2215550923362144, 0.22155509233620285, 0.22155509233620174, 0.22155509233620152, 0.22155509233620152, 0.22155509233620152]}, "10": {"maxiter": 1000, "fatol": 1e-10, "xatol": 1e-05, "duration": 0.18233513832092285, "fun": "0.22155509233734394", "nit": "400", "nfev": "631", "status": "0", "success": "True", "message": "Optimization terminated successfully.", "x": "[1.04063208 1.03800676 3.67772054 2.69635257 6.7674266  2.11201485]", "final_simplex": "(array([[1.04063208, 1.03800676, 3.67772054, 2.69635257, 6.7674266 ,\n        2.11201485],\n       [1.0406345 , 1.03800448, 3.67772047, 2.69635309, 6.7674207 ,\n        2.1120098 ],\n       [1.04063206, 1.03800513, 3.67772284, 2.6963518 , 6.76742303,\n        2.1120118 ],\n       [1.04063155, 1.03800601, 3.67772084, 2.69635122, 6.76742634,\n        2.11201225],\n       [1.04063096, 1.03800439, 3.6777188 , 2.69635234, 6.76742026,\n        2.11201155],\n       [1.04063261, 1.03800723, 3.67772088, 2.69635304, 6.76741886,\n        2.11200632],\n       [1.04063412, 1.03800633, 3.67772009, 2.69635024, 6.76742312,\n        2.11201219]]), array([0.22155509, 0.22155509, 0.22155509, 0.22155509, 0.22155509,\n       0.22155509, 0.22155509]))", "callback": [0.6769991576618459, 0.6438038200537526, 0.6166039019754779, 0.5976592609825604, 0.5810014204749114, 0.5610250299629175, 0.5271160552706258, 0.5042912673931305, 0.47924009411427526, 0.47005307714696176, 0.4655858081543871, 0.44416254313158143, 0.42238053291170374, 0.40076375120414776, 0.38684228261027764, 0.3627288963607602, 0.3202149310659044, 0.2455211156372168, 0.2285928933898621, 0.22329708147692795, 0.22239607645210346, 0.22182093422227245, 0.22160664586599377, 0.2215740091213606, 0.22155925893630335, 0.221556673614149, 0.2215559446133306, 0.2215555076820408, 0.2215552436950704, 0.2215552146928812, 0.22155515907473045, 0.22155512006319666, 0.22155509852498878, 0.22155509388387773, 0.22155509275720398, 0.2215550924560037, 0.2215550923687386, 0.22155509235030735, 0.22155509233919946, 0.22155509233734394]}, "11": {"maxiter": 1000, "fatol": 1e-10, "xatol": 1e-10, "duration": 0.24977517127990723, "fun": "0.22155509233620152", "nit": "484", "nfev": "830", "status": "0", "success": "True", "message": "Optimization terminated successfully.", "x": "[1.04063209 1.03800431 3.67772202 2.69635365 6.76742613 2.1120141 ]", "final_simplex": "(array([[1.04063209, 1.03800431, 3.67772202, 2.69635365, 6.76742613,\n        2.1120141 ],\n       [1.04063209, 1.03800431, 3.67772202, 2.69635365, 6.76742613,\n        2.1120141 ],\n       [1.04063209, 1.03800431, 3.67772202, 2.69635365, 6.76742613,\n        2.1120141 ],\n       [1.04063209, 1.03800431, 3.67772202, 2.69635365, 6.76742613,\n        2.1120141 ],\n       [1.04063209, 1.03800431, 3.67772202, 2.69635365, 6.76742613,\n        2.1120141 ],\n       [1.04063209, 1.03800431, 3.67772202, 2.69635365, 6.76742613,\n        2.1120141 ],\n       [1.04063209, 1.03800431, 3.67772202, 2.69635365, 6.76742613,\n        2.1120141 ]]), array([0.22155509, 0.22155509, 0.22155509, 0.22155509, 0.22155509,\n       0.22155509, 0.22155509]))", "callback": [0.6769991576618459, 0.6438038200537526, 0.6166039019754779, 0.5976592609825604, 0.5810014204749114, 0.5610250299629175, 0.5271160552706258, 0.5042912673931305, 0.47924009411427526, 0.47005307714696176, 0.4655858081543871, 0.44416254313158143, 0.42238053291170374, 0.40076375120414776, 0.38684228261027764, 0.3627288963607602, 0.3202149310659044, 0.2455211156372168, 0.2285928933898621, 0.22329708147692795, 0.22239607645210346, 0.22182093422227245, 0.22160664586599377, 0.2215740091213606, 0.22155925893630335, 0.221556673614149, 0.2215559446133306, 0.2215555076820408, 0.2215552436950704, 0.2215552146928812, 0.22155515907473045, 0.22155512006319666, 0.22155509852498878, 0.22155509388387773, 0.22155509275720398, 0.2215550924560037, 0.2215550923687386, 0.22155509235030735, 0.22155509233919946, 0.22155509233734394, 0.22155509233646953, 0.22155509233626813, 0.2215550923362144, 0.22155509233620285, 0.22155509233620174, 0.22155509233620152, 0.22155509233620152, 0.22155509233620152]}}, "bfgs": {"type": "gradient", "0": {"maxiter": 100, "gtol": 1e-05, "xrtol": 1e-05, "eps": 1e-05, "duration": 0.06677889823913574, "fun": "0.22155509248531535", "jac": "[-3.01250136e-06 -2.03271844e-06 -4.67516026e-06  3.68599595e-06\n  1.98010497e-06 -1.20571331e-06]", "hess_inv": "[[ 3.33004435 -0.36676297 -1.34859314 -0.27903642 -1.31826663  0.48840038]\n [-0.36676297  4.0148162  -1.15153198  0.03649436  0.35075102 -1.45743071]\n [-1.34859314 -1.15153198  4.88859172  1.07278834  2.61455121 -0.37917818]\n [-0.27903642  0.03649436  1.07278834  2.71862096  0.53959063 -0.09976713]\n [-1.31826663  0.35075102  2.61455121  0.53959063 17.44716914 13.32661043]\n [ 0.48840038 -1.45743071 -0.37917818 -0.09976713 13.32661043 15.93763638]]", "nfev": "182", "njev": "26", "status": "0", "success": "True", "message": "Optimization terminated successfully.", "x": "[1.04062147 1.03800225 3.67770242 2.69635516 6.76738075 2.11197562]", "nit": "23", "callback": [0.2667908804658179, 0.2215553066025745]}, "1": {"maxiter": 100, "gtol": 1e-05, "xrtol": 1e-05, "eps": 1e-10, "duration": 0.06777334213256836, "fun": "0.22155509247243432", "jac": "[-5.55111466e-06 -1.11022293e-06 -8.88178346e-06  2.22044587e-06\n  0.00000000e+00 -2.22044587e-06]", "hess_inv": "[[ 3.28587517 -0.40496655 -1.25737711 -0.26136543 -1.36906983  0.41138071]\n [-0.40496655  4.08849343 -1.2737614  -0.07476829  0.1563648  -1.6176217 ]\n [-1.25737711 -1.2737614   5.00340713  1.19869692  2.84788855 -0.14854516]\n [-0.26136543 -0.07476829  1.19869692  2.81915021  0.70872924  0.03834763]\n [-1.36906983  0.1563648   2.84788855  0.70872924 17.71315962 13.49971851]\n [ 0.41138071 -1.6176217  -0.14854516  0.03834763 13.49971851 16.00753123]]", "nfev": "182", "njev": "26", "status": "0", "success": "True", "message": "Optimization terminated successfully.", "x": "[1.0406192  1.03801418 3.67769315 2.69635482 6.76743091 2.11202585]", "nit": "23", "callback": [0.26677168838507115, 0.22155532941201328]}, "2": {"maxiter": 100, "gtol": 1e-05, "xrtol": 1e-10, "eps": 1e-05, "duration": 0.06407713890075684, "fun": "0.22155509248531535", "jac": "[-3.01250136e-06 -2.03271844e-06 -4.67516026e-06  3.68599595e-06\n  1.98010497e-06 -1.20571331e-06]", "hess_inv": "[[ 3.33004435 -0.36676297 -1.34859314 -0.27903642 -1.31826663  0.48840038]\n [-0.36676297  4.0148162  -1.15153198  0.03649436  0.35075102 -1.45743071]\n [-1.34859314 -1.15153198  4.88859172  1.07278834  2.61455121 -0.37917818]\n [-0.27903642  0.03649436  1.07278834  2.71862096  0.53959063 -0.09976713]\n [-1.31826663  0.35075102  2.61455121  0.53959063 17.44716914 13.32661043]\n [ 0.48840038 -1.45743071 -0.37917818 -0.09976713 13.32661043 15.93763638]]", "nfev": "182", "njev": "26", "status": "0", "success": "True", "message": "Optimization terminated successfully.", "x": "[1.04062147 1.03800225 3.67770242 2.69635516 6.76738075 2.11197562]", "nit": "23", "callback": [0.2667908804658179, 0.2215553066025745]}, "3": {"maxiter": 100, "gtol": 1e-05, "xrtol": 1e-10, "eps": 1e-10, "duration": 0.06255483627319336, "fun": "0.22155509247243432", "jac": "[-5.55111466e-06 -1.11022293e-06 -8.88178346e-06  2.22044587e-06\n  0.00000000e+00 -2.22044587e-06]", "hess_inv": "[[ 3.28587517 -0.40496655 -1.25737711 -0.26136543 -1.36906983  0.41138071]\n [-0.40496655  4.08849343 -1.2737614  -0.07476829  0.1563648  -1.6176217 ]\n [-1.25737711 -1.2737614   5.00340713  1.19869692  2.84788855 -0.14854516]\n [-0.26136543 -0.07476829  1.19869692  2.81915021  0.70872924  0.03834763]\n [-1.36906983  0.1563648   2.84788855  0.70872924 17.71315962 13.49971851]\n [ 0.41138071 -1.6176217  -0.14854516  0.03834763 13.49971851 16.00753123]]", "nfev": "182", "njev": "26", "status": "0", "success": "True", "message": "Optimization terminated successfully.", "x": "[1.0406192  1.03801418 3.67769315 2.69635482 6.76743091 2.11202585]", "nit": "23", "callback": [0.26677168838507115, 0.22155532941201328]}, "4": {"maxiter": 100, "gtol": 1e-10, "xrtol": 1e-05, "eps": 1e-05, "duration": 0.05263113975524902, "fun": "0.22155509248531535", "jac": "[-3.01250136e-06 -2.03271844e-06 -4.67516026e-06  3.68599595e-06\n  1.98010497e-06 -1.20571331e-06]", "hess_inv": "[[ 3.33004435 -0.36676297 -1.34859314 -0.27903642 -1.31826663  0.48840038]\n [-0.36676297  4.0148162  -1.15153198  0.03649436  0.35075102 -1.45743071]\n [-1.34859314 -1.15153198  4.88859172  1.07278834  2.61455121 -0.37917818]\n [-0.27903642  0.03649436  1.07278834  2.71862096  0.53959063 -0.09976713]\n [-1.31826663  0.35075102  2.61455121  0.53959063 17.44716914 13.32661043]\n [ 0.48840038 -1.45743071 -0.37917818 -0.09976713 13.32661043 15.93763638]]", "nfev": "182", "njev": "26", "status": "0", "success": "True", "message": "Optimization terminated successfully.", "x": "[1.04062147 1.03800225 3.67770242 2.69635516 6.76738075 2.11197562]", "nit": "23", "callback": [0.2667908804658179, 0.2215553066025745]}, "5": {"maxiter": 100, "gtol": 1e-10, "xrtol": 1e-05, "eps": 1e-10, "duration": 0.05289101600646973, "fun": "0.22155509238833182", "jac": "[-1.11022293e-06  2.22044587e-06  0.00000000e+00  0.00000000e+00\n  0.00000000e+00  0.00000000e+00]", "hess_inv": "[[ 3.41703269 -0.3038968  -1.23853935 -0.60707928 -1.53478983  0.30899556]\n [-0.3038968   3.83801751 -0.69939423  0.08602939  1.02106795 -0.97733565]\n [-1.23853935 -0.69939423  4.05157239  0.42066409  1.13204272 -1.38945209]\n [-0.60707928  0.08602939  0.42066409  3.17460356 -0.14559905 -0.62745366]\n [-1.53478983  1.02106795  1.13204272 -0.14559905 14.92318723 11.45548596]\n [ 0.30899556 -0.97733565 -1.38945209 -0.62745366 11.45548596 14.51227837]]", "nfev": "189", "njev": "27", "status": "0", "success": "True", "message": "Optimization terminated successfully.", "x": "[1.04062887 1.03800818 3.67771746 2.69634683 6.76745934 2.11204776]", "nit": "24", "callback": [0.26677168838507115, 0.22155532941201328]}, "6": {"maxiter": 100, "gtol": 1e-10, "xrtol": 1e-10, "eps": 1e-05, "duration": 0.10888791084289551, "fun": "0.22155509246228244", "jac": "[-8.88178420e-11  4.44089210e-11  2.33146835e-10  2.55351296e-10\n -4.88498131e-10  5.10702591e-10]", "hess_inv": "[[ 3.66879418 -0.40493107 -0.95747383 -0.48983377 -1.73873118  0.05181276]\n [-0.40493107  3.89095948 -1.18086411  0.11704778  0.30562399 -1.26103681]\n [-0.95747383 -1.18086411  5.06542024  0.8789512   2.05229254 -0.62728503]\n [-0.48983377  0.11704778  0.8789512   3.02235133  1.01229526  0.22465062]\n [-1.73873118  0.30562399  2.05229254  1.01229526 17.98493635 14.18860912]\n [ 0.05181276 -1.26103681 -0.62728503  0.22465062 14.18860912 16.20325032]]", "nfev": "387", "njev": "54", "status": "2", "success": "False", "message": "Desired error not necessarily achieved due to precision loss.", "x": "[1.0406327  1.0380009  3.67771273 2.69634492 6.76736317 2.11196068]", "nit": "27", "callback": [0.2667908804658179, 0.2215553066025745]}, "7": {"maxiter": 100, "gtol": 1e-10, "xrtol": 1e-10, "eps": 1e-10, "duration": 0.09839200973510742, "fun": "0.22155509237185733", "jac": "[ 1.11022293e-06 -1.11022293e-06  1.11022293e-06 -1.11022293e-06\n  1.11022293e-06  1.11022293e-06]", "hess_inv": "[[ 1.44402142  0.83855543  0.64277587  2.37818009  3.20728476  1.290278  ]\n [ 0.83855543  6.1214858  -2.72729734  3.56278681  6.78714893  3.34135034]\n [ 0.64277587 -2.72729734  3.83891399 -0.52463572 -1.45390923 -1.1694465 ]\n [ 2.37818009  3.56278681 -0.52463572  7.11282813  8.47966681  3.93039641]\n [ 3.20728476  6.78714893 -1.45390923  8.47966681 12.92121367  5.63288828]\n [ 1.290278    3.34135034 -1.1694465   3.93039641  5.63288828  2.97461379]]", "nfev": "322", "njev": "46", "status": "0", "success": "True", "message": "Optimization terminated successfully.", "x": "[1.04063283 1.03799793 3.67772367 2.69635263 6.76745529 2.11204678]", "nit": "30", "callback": [0.26677168838507115, 0.22155532941201328, 0.22155509237185733]}, "8": {"maxiter": 500, "gtol": 1e-05, "xrtol": 1e-05, "eps": 1e-05, "duration": 0.0672769546508789, "fun": "0.22155509248531535", "jac": "[-3.01250136e-06 -2.03271844e-06 -4.67516026e-06  3.68599595e-06\n  1.98010497e-06 -1.20571331e-06]", "hess_inv": "[[ 3.33004435 -0.36676297 -1.34859314 -0.27903642 -1.31826663  0.48840038]\n [-0.36676297  4.0148162  -1.15153198  0.03649436  0.35075102 -1.45743071]\n [-1.34859314 -1.15153198  4.88859172  1.07278834  2.61455121 -0.37917818]\n [-0.27903642  0.03649436  1.07278834  2.71862096  0.53959063 -0.09976713]\n [-1.31826663  0.35075102  2.61455121  0.53959063 17.44716914 13.32661043]\n [ 0.48840038 -1.45743071 -0.37917818 -0.09976713 13.32661043 15.93763638]]", "nfev": "182", "njev": "26", "status": "0", "success": "True", "message": "Optimization terminated successfully.", "x": "[1.04062147 1.03800225 3.67770242 2.69635516 6.76738075 2.11197562]", "nit": "23", "callback": [0.2667908804658179, 0.2215553066025745]}, "9": {"maxiter": 500, "gtol": 1e-05, "xrtol": 1e-05, "eps": 1e-10, "duration": 0.07136797904968262, "fun": "0.22155509247243432", "jac": "[-5.55111466e-06 -1.11022293e-06 -8.88178346e-06  2.22044587e-06\n  0.00000000e+00 -2.22044587e-06]", "hess_inv": "[[ 3.28587517 -0.40496655 -1.25737711 -0.26136543 -1.36906983  0.41138071]\n [-0.40496655  4.08849343 -1.2737614  -0.07476829  0.1563648  -1.6176217 ]\n [-1.25737711 -1.2737614   5.00340713  1.19869692  2.84788855 -0.14854516]\n [-0.26136543 -0.07476829  1.19869692  2.81915021  0.70872924  0.03834763]\n [-1.36906983  0.1563648   2.84788855  0.70872924 17.71315962 13.49971851]\n [ 0.41138071 -1.6176217  -0.14854516  0.03834763 13.49971851 16.00753123]]", "nfev": "182", "njev": "26", "status": "0", "success": "True", "message": "Optimization terminated successfully.", "x": "[1.0406192  1.03801418 3.67769315 2.69635482 6.76743091 2.11202585]", "nit": "23", "callback": [0.26677168838507115, 0.22155532941201328]}, "10": {"maxiter": 500, "gtol": 1e-05, "xrtol": 1e-10, "eps": 1e-05, "duration": 0.06634688377380371, "fun": "0.22155509248531535", "jac": "[-3.01250136e-06 -2.03271844e-06 -4.67516026e-06  3.68599595e-06\n  1.98010497e-06 -1.20571331e-06]", "hess_inv": "[[ 3.33004435 -0.36676297 -1.34859314 -0.27903642 -1.31826663  0.48840038]\n [-0.36676297  4.0148162  -1.15153198  0.03649436  0.35075102 -1.45743071]\n [-1.34859314 -1.15153198  4.88859172  1.07278834  2.61455121 -0.37917818]\n [-0.27903642  0.03649436  1.07278834  2.71862096  0.53959063 -0.09976713]\n [-1.31826663  0.35075102  2.61455121  0.53959063 17.44716914 13.32661043]\n [ 0.48840038 -1.45743071 -0.37917818 -0.09976713 13.32661043 15.93763638]]", "nfev": "182", "njev": "26", "status": "0", "success": "True", "message": "Optimization terminated successfully.", "x": "[1.04062147 1.03800225 3.67770242 2.69635516 6.76738075 2.11197562]", "nit": "23", "callback": [0.2667908804658179, 0.2215553066025745]}, "11": {"maxiter": 500, "gtol": 1e-05, "xrtol": 1e-10, "eps": 1e-10, "duration": 0.06481003761291504, "fun": "0.22155509247243432", "jac": "[-5.55111466e-06 -1.11022293e-06 -8.88178346e-06  2.22044587e-06\n  0.00000000e+00 -2.22044587e-06]", "hess_inv": "[[ 3.28587517 -0.40496655 -1.25737711 -0.26136543 -1.36906983  0.41138071]\n [-0.40496655  4.08849343 -1.2737614  -0.07476829  0.1563648  -1.6176217 ]\n [-1.25737711 -1.2737614   5.00340713  1.19869692  2.84788855 -0.14854516]\n [-0.26136543 -0.07476829  1.19869692  2.81915021  0.70872924  0.03834763]\n [-1.36906983  0.1563648   2.84788855  0.70872924 17.71315962 13.49971851]\n [ 0.41138071 -1.6176217  -0.14854516  0.03834763 13.49971851 16.00753123]]", "nfev": "182", "njev": "26", "status": "0", "success": "True", "message": "Optimization terminated successfully.", "x": "[1.0406192  1.03801418 3.67769315 2.69635482 6.76743091 2.11202585]", "nit": "23", "callback": [0.26677168838507115, 0.22155532941201328]}, "12": {"maxiter": 500, "gtol": 1e-10, "xrtol": 1e-05, "eps": 1e-05, "duration": 0.06578397750854492, "fun": "0.22155509248531535", "jac": "[-3.01250136e-06 -2.03271844e-06 -4.67516026e-06  3.68599595e-06\n  1.98010497e-06 -1.20571331e-06]", "hess_inv": "[[ 3.33004435 -0.36676297 -1.34859314 -0.27903642 -1.31826663  0.48840038]\n [-0.36676297  4.0148162  -1.15153198  0.03649436  0.35075102 -1.45743071]\n [-1.34859314 -1.15153198  4.88859172  1.07278834  2.61455121 -0.37917818]\n [-0.27903642  0.03649436  1.07278834  2.71862096  0.53959063 -0.09976713]\n [-1.31826663  0.35075102  2.61455121  0.53959063 17.44716914 13.32661043]\n [ 0.48840038 -1.45743071 -0.37917818 -0.09976713 13.32661043 15.93763638]]", "nfev": "182", "njev": "26", "status": "0", "success": "True", "message": "Optimization terminated successfully.", "x": "[1.04062147 1.03800225 3.67770242 2.69635516 6.76738075 2.11197562]", "nit": "23", "callback": [0.2667908804658179, 0.2215553066025745]}, "13": {"maxiter": 500, "gtol": 1e-10, "xrtol": 1e-05, "eps": 1e-10, "duration": 0.06694293022155762, "fun": "0.22155509238833182", "jac": "[-1.11022293e-06  2.22044587e-06  0.00000000e+00  0.00000000e+00\n  0.00000000e+00  0.00000000e+00]", "hess_inv": "[[ 3.41703269 -0.3038968  -1.23853935 -0.60707928 -1.53478983  0.30899556]\n [-0.3038968   3.83801751 -0.69939423  0.08602939  1.02106795 -0.97733565]\n [-1.23853935 -0.69939423  4.05157239  0.42066409  1.13204272 -1.38945209]\n [-0.60707928  0.08602939  0.42066409  3.17460356 -0.14559905 -0.62745366]\n [-1.53478983  1.02106795  1.13204272 -0.14559905 14.92318723 11.45548596]\n [ 0.30899556 -0.97733565 -1.38945209 -0.62745366 11.45548596 14.51227837]]", "nfev": "189", "njev": "27", "status": "0", "success": "True", "message": "Optimization terminated successfully.", "x": "[1.04062887 1.03800818 3.67771746 2.69634683 6.76745934 2.11204776]", "nit": "24", "callback": [0.26677168838507115, 0.22155532941201328]}, "14": {"maxiter": 500, "gtol": 1e-10, "xrtol": 1e-10, "eps": 1e-05, "duration": 0.13645315170288086, "fun": "0.22155509246228244", "jac": "[-8.88178420e-11  4.44089210e-11  2.33146835e-10  2.55351296e-10\n -4.88498131e-10  5.10702591e-10]", "hess_inv": "[[ 3.66879418 -0.40493107 -0.95747383 -0.48983377 -1.73873118  0.05181276]\n [-0.40493107  3.89095948 -1.18086411  0.11704778  0.30562399 -1.26103681]\n [-0.95747383 -1.18086411  5.06542024  0.8789512   2.05229254 -0.62728503]\n [-0.48983377  0.11704778  0.8789512   3.02235133  1.01229526  0.22465062]\n [-1.73873118  0.30562399  2.05229254  1.01229526 17.98493635 14.18860912]\n [ 0.05181276 -1.26103681 -0.62728503  0.22465062 14.18860912 16.20325032]]", "nfev": "387", "njev": "54", "status": "2", "success": "False", "message": "Desired error not necessarily achieved due to precision loss.", "x": "[1.0406327  1.0380009  3.67771273 2.69634492 6.76736317 2.11196068]", "nit": "27", "callback": [0.2667908804658179, 0.2215553066025745]}, "15": {"maxiter": 500, "gtol": 1e-10, "xrtol": 1e-10, "eps": 1e-10, "duration": 0.08953499794006348, "fun": "0.22155509237185733", "jac": "[ 1.11022293e-06 -1.11022293e-06  1.11022293e-06 -1.11022293e-06\n  1.11022293e-06  1.11022293e-06]", "hess_inv": "[[ 1.44402142  0.83855543  0.64277587  2.37818009  3.20728476  1.290278  ]\n [ 0.83855543  6.1214858  -2.72729734  3.56278681  6.78714893  3.34135034]\n [ 0.64277587 -2.72729734  3.83891399 -0.52463572 -1.45390923 -1.1694465 ]\n [ 2.37818009  3.56278681 -0.52463572  7.11282813  8.47966681  3.93039641]\n [ 3.20728476  6.78714893 -1.45390923  8.47966681 12.92121367  5.63288828]\n [ 1.290278    3.34135034 -1.1694465   3.93039641  5.63288828  2.97461379]]", "nfev": "322", "njev": "46", "status": "0", "success": "True", "message": "Optimization terminated successfully.", "x": "[1.04063283 1.03799793 3.67772367 2.69635263 6.76745529 2.11204678]", "nit": "30", "callback": [0.26677168838507115, 0.22155532941201328, 0.22155509237185733]}, "16": {"maxiter": 1000, "gtol": 1e-05, "xrtol": 1e-05, "eps": 1e-05, "duration": 0.0551600456237793, "fun": "0.22155509248531535", "jac": "[-3.01250136e-06 -2.03271844e-06 -4.67516026e-06  3.68599595e-06\n  1.98010497e-06 -1.20571331e-06]", "hess_inv": "[[ 3.33004435 -0.36676297 -1.34859314 -0.27903642 -1.31826663  0.48840038]\n [-0.36676297  4.0148162  -1.15153198  0.03649436  0.35075102 -1.45743071]\n [-1.34859314 -1.15153198  4.88859172  1.07278834  2.61455121 -0.37917818]\n [-0.27903642  0.03649436  1.07278834  2.71862096  0.53959063 -0.09976713]\n [-1.31826663  0.35075102  2.61455121  0.53959063 17.44716914 13.32661043]\n [ 0.48840038 -1.45743071 -0.37917818 -0.09976713 13.32661043 15.93763638]]", "nfev": "182", "njev": "26", "status": "0", "success": "True", "message": "Optimization terminated successfully.", "x": "[1.04062147 1.03800225 3.67770242 2.69635516 6.76738075 2.11197562]", "nit": "23", "callback": [0.2667908804658179, 0.2215553066025745]}, "17": {"maxiter": 1000, "gtol": 1e-05, "xrtol": 1e-05, "eps": 1e-10, "duration": 0.047820091247558594, "fun": "0.22155509247243432", "jac": "[-5.55111466e-06 -1.11022293e-06 -8.88178346e-06  2.22044587e-06\n  0.00000000e+00 -2.22044587e-06]", "hess_inv": "[[ 3.28587517 -0.40496655 -1.25737711 -0.26136543 -1.36906983  0.41138071]\n [-0.40496655  4.08849343 -1.2737614  -0.07476829  0.1563648  -1.6176217 ]\n [-1.25737711 -1.2737614   5.00340713  1.19869692  2.84788855 -0.14854516]\n [-0.26136543 -0.07476829  1.19869692  2.81915021  0.70872924  0.03834763]\n [-1.36906983  0.1563648   2.84788855  0.70872924 17.71315962 13.49971851]\n [ 0.41138071 -1.6176217  -0.14854516  0.03834763 13.49971851 16.00753123]]", "nfev": "182", "njev": "26", "status": "0", "success": "Tru