{"date": "2024/09/23/, 21:24:41", "conf_id": 90, "data_type": "orthogonal\n", "num_data_points": 1, "s_rank": 0, "unitary": "[[-0.45070455-0.02711853j,0.78437395-0.06613086j,0.06358678+0.19963393j,-0.07343613+0.35668523j],[-0.01890143-0.03813363j,0.32408202+0.25557629j,0.05872864-0.68979805j,0.55466693-0.20227297j],[-0.11215405+0.64023111j,-0.13344055+0.29565494j,-0.49012687-0.19046288j,-0.04241254+0.44046348j],[0.55771659+0.24656916j,0.31851997-0.05798805j,0.28761525-0.34294258j,-0.56718418+0.03616933j]]", "databatch_0": {"databatch": "[[[-0.27082582-0.28930037j,-0.10304507-0.30000393j,0.02996664+0.19538983j,0.06506289+0.21164595j],[0.07311692-0.13249119j,0.12778434-0.14598504j,0.15516211-0.20115219j,0.07217988-0.01751904j],[-0.16499915+0.13861482j,0.38736942-0.00679113j,0.06292749-0.08575165j,0.15195667+0.20899427j],[-0.17250853+0.11189271j,0.03969694-0.02633938j,-0.44472781-0.02684769j,-0.06837639+0.03592325j]]]", "initial param values": "[4.2735685,4.78186114,4.81203292,5.33940608,2.16072273,5.57745139]", "nelder_mead": {"type": "gradient-free", "0": {"maxiter": 100, "fatol": 1e-05, "xatol": 1e-05, "duration": 0.044728755950927734, "fun": "0.2694173357068542", "nit": "100", "nfev": "155", "status": "2", "success": "False", "message": "Maximum number of iterations has been exceeded.", "x": "[4.83412651 4.10996095 3.92664679 4.55388702 1.19954861 8.00431233]", "final_simplex": "(array([[4.83412651, 4.10996095, 3.92664679, 4.55388702, 1.19954861,\n        8.00431233],\n       [4.82880083, 4.11145202, 3.94102765, 4.53899274, 1.19008389,\n        8.02211286],\n       [4.82871609, 4.12985949, 3.9203601 , 4.52993878, 1.21137803,\n        8.02714586],\n       [4.82501273, 4.15010236, 3.925795  , 4.54030237, 1.16846423,\n        8.01020471],\n       [4.8356109 , 4.12440413, 3.89431781, 4.51002618, 1.15993706,\n        8.02874994],\n       [4.83795261, 4.10843046, 3.91260215, 4.56633004, 1.16962961,\n        8.04075961],\n       [4.85878817, 4.12477634, 3.93807732, 4.53594925, 1.18839835,\n        8.01058851]]), array([0.26941734, 0.26949741, 0.26971362, 0.26972727, 0.2697558 ,\n       0.26993278, 0.2699967 ]))", "callback": [0.45367638288671, 0.3356964896284782, 0.30843666765368793, 0.284470141397952, 0.27922432048744916, 0.27465930741103783, 0.27192234209247657, 0.2708807343699686, 0.26949741295579677]}, "1": {"maxiter": 100, "fatol": 1e-05, "xatol": 1e-10, "duration": 0.04505777359008789, "fun": "0.2694173357068542", "nit": "100", "nfev": "155", "status": "2", "success": "False", "message": "Maximum number of iterations has been exceeded.", "x": "[4.83412651 4.10996095 3.92664679 4.55388702 1.19954861 8.00431233]", "final_simplex": "(array([[4.83412651, 4.10996095, 3.92664679, 4.55388702, 1.19954861,\n        8.00431233],\n       [4.82880083, 4.11145202, 3.94102765, 4.53899274, 1.19008389,\n        8.02211286],\n       [4.82871609, 4.12985949, 3.9203601 , 4.52993878, 1.21137803,\n        8.02714586],\n       [4.82501273, 4.15010236, 3.925795  , 4.54030237, 1.16846423,\n        8.01020471],\n       [4.8356109 , 4.12440413, 3.89431781, 4.51002618, 1.15993706,\n        8.02874994],\n       [4.83795261, 4.10843046, 3.91260215, 4.56633004, 1.16962961,\n        8.04075961],\n       [4.85878817, 4.12477634, 3.93807732, 4.53594925, 1.18839835,\n        8.01058851]]), array([0.26941734, 0.26949741, 0.26971362, 0.26972727, 0.2697558 ,\n       0.26993278, 0.2699967 ]))", "callback": [0.45367638288671, 0.3356964896284782, 0.30843666765368793, 0.284470141397952, 0.27922432048744916, 0.27465930741103783, 0.27192234209247657, 0.2708807343699686, 0.26949741295579677]}, "2": {"maxiter": 100, "fatol": 1e-10, "xatol": 1e-05, "duration": 0.04484415054321289, "fun": "0.2694173357068542", "nit": "100", "nfev": "155", "status": "2", "success": "False", "message": "Maximum number of iterations has been exceeded.", "x": "[4.83412651 4.10996095 3.92664679 4.55388702 1.19954861 8.00431233]", "final_simplex": "(array([[4.83412651, 4.10996095, 3.92664679, 4.55388702, 1.19954861,\n        8.00431233],\n       [4.82880083, 4.11145202, 3.94102765, 4.53899274, 1.19008389,\n        8.02211286],\n       [4.82871609, 4.12985949, 3.9203601 , 4.52993878, 1.21137803,\n        8.02714586],\n       [4.82501273, 4.15010236, 3.925795  , 4.54030237, 1.16846423,\n        8.01020471],\n       [4.8356109 , 4.12440413, 3.89431781, 4.51002618, 1.15993706,\n        8.02874994],\n       [4.83795261, 4.10843046, 3.91260215, 4.56633004, 1.16962961,\n        8.04075961],\n       [4.85878817, 4.12477634, 3.93807732, 4.53594925, 1.18839835,\n        8.01058851]]), array([0.26941734, 0.26949741, 0.26971362, 0.26972727, 0.2697558 ,\n       0.26993278, 0.2699967 ]))", "callback": [0.45367638288671, 0.3356964896284782, 0.30843666765368793, 0.284470141397952, 0.27922432048744916, 0.27465930741103783, 0.27192234209247657, 0.2708807343699686, 0.26949741295579677]}, "3": {"maxiter": 100, "fatol": 1e-10, "xatol": 1e-10, "duration": 0.04316282272338867, "fun": "0.2694173357068542", "nit": "100", "nfev": "155", "status": "2", "success": "False", "message": "Maximum number of iterations has been exceeded.", "x": "[4.83412651 4.10996095 3.92664679 4.55388702 1.19954861 8.00431233]", "final_simplex": "(array([[4.83412651, 4.10996095, 3.92664679, 4.55388702, 1.19954861,\n        8.00431233],\n       [4.82880083, 4.11145202, 3.94102765, 4.53899274, 1.19008389,\n        8.02211286],\n       [4.82871609, 4.12985949, 3.9203601 , 4.52993878, 1.21137803,\n        8.02714586],\n       [4.82501273, 4.15010236, 3.925795  , 4.54030237, 1.16846423,\n        8.01020471],\n       [4.8356109 , 4.12440413, 3.89431781, 4.51002618, 1.15993706,\n        8.02874994],\n       [4.83795261, 4.10843046, 3.91260215, 4.56633004, 1.16962961,\n        8.04075961],\n       [4.85878817, 4.12477634, 3.93807732, 4.53594925, 1.18839835,\n        8.01058851]]), array([0.26941734, 0.26949741, 0.26971362, 0.26972727, 0.2697558 ,\n       0.26993278, 0.2699967 ]))", "callback": [0.45367638288671, 0.3356964896284782, 0.30843666765368793, 0.284470141397952, 0.27922432048744916, 0.27465930741103783, 0.27192234209247657, 0.2708807343699686, 0.26949741295579677]}, "4": {"maxiter": 500, "fatol": 1e-05, "xatol": 1e-05, "duration": 0.10458588600158691, "fun": "0.2684873417649989", "nit": "231", "nfev": "369", "status": "0", "success": "True", "message": "Optimization terminated successfully.", "x": "[4.76335635 4.08492087 3.93549902 4.50601352 1.18648315 7.95694452]", "final_simplex": "(array([[4.76335635, 4.08492087, 3.93549902, 4.50601352, 1.18648315,\n        7.95694452],\n       [4.76334684, 4.08492515, 3.93550142, 4.50600924, 1.18648692,\n        7.95694247],\n       [4.76335365, 4.08492138, 3.93550675, 4.50601064, 1.18649051,\n        7.95694374],\n       [4.76335229, 4.08492569, 3.93550581, 4.50600586, 1.1864861 ,\n        7.95694713],\n       [4.76335276, 4.08492369, 3.93549839, 4.50600711, 1.18648826,\n        7.95694039],\n       [4.76335502, 4.08492771, 3.9354999 , 4.50600662, 1.18649162,\n        7.95695027],\n       [4.76334987, 4.08491426, 3.93549996, 4.50601112, 1.18648438,\n        7.95694446]]), array([0.26848734, 0.26848734, 0.26848734, 0.26848734, 0.26848734,\n       0.26848734, 0.26848734]))", "callback": [0.45367638288671, 0.3356964896284782, 0.30843666765368793, 0.284470141397952, 0.27922432048744916, 0.27465930741103783, 0.27192234209247657, 0.2708807343699686, 0.26949741295579677, 0.2694173357068542, 0.2689603096341331, 0.2685957044921087, 0.26852698449896606, 0.2684945192345406, 0.2684883799542206, 0.26848763516436536, 0.26848742185171437, 0.26848735584754146, 0.2684873453643972, 0.2684873423746543, 0.2684873419075753, 0.26848734178561995, 0.2684873417649989]}, "5": {"maxiter": 500, "fatol": 1e-05, "xatol": 1e-10, "duration": 0.18179798126220703, "fun": "0.2684873417592828", "nit": "359", "nfev": "631", "status": "0", "success": "True", "message": "Optimization terminated successfully.", "x": "[4.76335337 4.08492392 3.93549967 4.50601224 1.18648651 7.95694725]", "final_simplex": "(array([[4.76335337, 4.08492392, 3.93549967, 4.50601224, 1.18648651,\n        7.95694725],\n       [4.76335337, 4.08492392, 3.93549967, 4.50601224, 1.18648651,\n        7.95694725],\n       [4.76335337, 4.08492392, 3.93549967, 4.50601224, 1.18648651,\n        7.95694725],\n       [4.76335337, 4.08492392, 3.93549967, 4.50601224, 1.18648651,\n        7.95694725],\n       [4.76335337, 4.08492392, 3.93549967, 4.50601224, 1.18648651,\n        7.95694725],\n       [4.76335337, 4.08492392, 3.93549967, 4.50601224, 1.18648651,\n        7.95694725],\n       [4.76335337, 4.08492392, 3.93549967, 4.50601224, 1.18648651,\n        7.95694725]]), array([0.26848734, 0.26848734, 0.26848734, 0.26848734, 0.26848734,\n       0.26848734, 0.26848734]))", "callback": [0.45367638288671, 0.3356964896284782, 0.30843666765368793, 0.284470141397952, 0.27922432048744916, 0.27465930741103783, 0.27192234209247657, 0.2708807343699686, 0.26949741295579677, 0.2694173357068542, 0.2689603096341331, 0.2685957044921087, 0.26852698449896606, 0.2684945192345406, 0.2684883799542206, 0.26848763516436536, 0.26848742185171437, 0.26848735584754146, 0.2684873453643972, 0.2684873423746543, 0.2684873419075753, 0.26848734178561995, 0.2684873417649989, 0.2684873417613922, 0.2684873417597611, 0.26848734175934597, 0.2684873417593404, 0.2684873417593071, 0.2684873417592958, 0.26848734175928624, 0.26848734175928424, 0.26848734175928324, 0.268487341759283, 0.2684873417592828, 0.2684873417592828]}, "6": {"maxiter": 500, "fatol": 1e-10, "xatol": 1e-05, "duration": 0.10454010963439941, "fun": "0.2684873417649989", "nit": "231", "nfev": "369", "status": "0", "success": "True", "message": "Optimization terminated successfully.", "x": "[4.76335635 4.08492087 3.93549902 4.50601352 1.18648315 7.95694452]", "final_simplex": "(array([[4.76335635, 4.08492087, 3.93549902, 4.50601352, 1.18648315,\n        7.95694452],\n       [4.76334684, 4.08492515, 3.93550142, 4.50600924, 1.18648692,\n        7.95694247],\n       [4.76335365, 4.08492138, 3.93550675, 4.50601064, 1.18649051,\n        7.95694374],\n       [4.76335229, 4.08492569, 3.93550581, 4.50600586, 1.1864861 ,\n        7.95694713],\n       [4.76335276, 4.08492369, 3.93549839, 4.50600711, 1.18648826,\n        7.95694039],\n       [4.76335502, 4.08492771, 3.9354999 , 4.50600662, 1.18649162,\n        7.95695027],\n       [4.76334987, 4.08491426, 3.93549996, 4.50601112, 1.18648438,\n        7.95694446]]), array([0.26848734, 0.26848734, 0.26848734, 0.26848734, 0.26848734,\n       0.26848734, 0.26848734]))", "callback": [0.45367638288671, 0.3356964896284782, 0.30843666765368793, 0.284470141397952, 0.27922432048744916, 0.27465930741103783, 0.27192234209247657, 0.2708807343699686, 0.26949741295579677, 0.2694173357068542, 0.2689603096341331, 0.2685957044921087, 0.26852698449896606, 0.2684945192345406, 0.2684883799542206, 0.26848763516436536, 0.26848742185171437, 0.26848735584754146, 0.2684873453643972, 0.2684873423746543, 0.2684873419075753, 0.26848734178561995, 0.2684873417649989]}, "7": {"maxiter": 500, "fatol": 1e-10, "xatol": 1e-10, "duration": 0.1896209716796875, "fun": "0.2684873417592828", "nit": "359", "nfev": "631", "status": "0", "success": "True", "message": "Optimization terminated successfully.", "x": "[4.76335337 4.08492392 3.93549967 4.50601224 1.18648651 7.95694725]", "final_simplex": "(array([[4.76335337, 4.08492392, 3.93549967, 4.50601224, 1.18648651,\n        7.95694725],\n       [4.76335337, 4.08492392, 3.93549967, 4.50601224, 1.18648651,\n        7.95694725],\n       [4.76335337, 4.08492392, 3.93549967, 4.50601224, 1.18648651,\n        7.95694725],\n       [4.76335337, 4.08492392, 3.93549967, 4.50601224, 1.18648651,\n        7.95694725],\n       [4.76335337, 4.08492392, 3.93549967, 4.50601224, 1.18648651,\n        7.95694725],\n       [4.76335337, 4.08492392, 3.93549967, 4.50601224, 1.18648651,\n        7.95694725],\n       [4.76335337, 4.08492392, 3.93549967, 4.50601224, 1.18648651,\n        7.95694725]]), array([0.26848734, 0.26848734, 0.26848734, 0.26848734, 0.26848734,\n       0.26848734, 0.26848734]))", "callback": [0.45367638288671, 0.3356964896284782, 0.30843666765368793, 0.284470141397952, 0.27922432048744916, 0.27465930741103783, 0.27192234209247657, 0.2708807343699686, 0.26949741295579677, 0.2694173357068542, 0.2689603096341331, 0.2685957044921087, 0.26852698449896606, 0.2684945192345406, 0.2684883799542206, 0.26848763516436536, 0.26848742185171437, 0.26848735584754146, 0.2684873453643972, 0.2684873423746543, 0.2684873419075753, 0.26848734178561995, 0.2684873417649989, 0.2684873417613922, 0.2684873417597611, 0.26848734175934597, 0.2684873417593404, 0.2684873417593071, 0.2684873417592958, 0.26848734175928624, 0.26848734175928424, 0.26848734175928324, 0.268487341759283, 0.2684873417592828, 0.2684873417592828]}, "8": {"maxiter": 1000, "fatol": 1e-05, "xatol": 1e-05, "duration": 0.09801197052001953, "fun": "0.2684873417649989", "nit": "231", "nfev": "369", "status": "0", "success": "True", "message": "Optimization terminated successfully.", "x": "[4.76335635 4.08492087 3.93549902 4.50601352 1.18648315 7.95694452]", "final_simplex": "(array([[4.76335635, 4.08492087, 3.93549902, 4.50601352, 1.18648315,\n        7.95694452],\n       [4.76334684, 4.08492515, 3.93550142, 4.50600924, 1.18648692,\n        7.95694247],\n       [4.76335365, 4.08492138, 3.93550675, 4.50601064, 1.18649051,\n        7.95694374],\n       [4.76335229, 4.08492569, 3.93550581, 4.50600586, 1.1864861 ,\n        7.95694713],\n       [4.76335276, 4.08492369, 3.93549839, 4.50600711, 1.18648826,\n        7.95694039],\n       [4.76335502, 4.08492771, 3.9354999 , 4.50600662, 1.18649162,\n        7.95695027],\n       [4.76334987, 4.08491426, 3.93549996, 4.50601112, 1.18648438,\n        7.95694446]]), array([0.26848734, 0.26848734, 0.26848734, 0.26848734, 0.26848734,\n       0.26848734, 0.26848734]))", "callback": [0.45367638288671, 0.3356964896284782, 0.30843666765368793, 0.284470141397952, 0.27922432048744916, 0.27465930741103783, 0.27192234209247657, 0.2708807343699686, 0.26949741295579677, 0.2694173357068542, 0.2689603096341331, 0.2685957044921087, 0.26852698449896606, 0.2684945192345406, 0.2684883799542206, 0.26848763516436536, 0.26848742185171437, 0.26848735584754146, 0.2684873453643972, 0.2684873423746543, 0.2684873419075753, 0.26848734178561995, 0.2684873417649989]}, "9": {"maxiter": 1000, "fatol": 1e-05, "xatol": 1e-10, "duration": 0.15775108337402344, "fun": "0.2684873417592828", "nit": "359", "nfev": "631", "status": "0", "success": "True", "message": "Optimization terminated successfully.", "x": "[4.76335337 4.08492392 3.93549967 4.50601224 1.18648651 7.95694725]", "final_simplex": "(array([[4.76335337, 4.08492392, 3.93549967, 4.50601224, 1.18648651,\n        7.95694725],\n       [4.76335337, 4.08492392, 3.93549967, 4.50601224, 1.18648651,\n        7.95694725],\n       [4.76335337, 4.08492392, 3.93549967, 4.50601224, 1.18648651,\n        7.95694725],\n       [4.76335337, 4.08492392, 3.93549967, 4.50601224, 1.18648651,\n        7.95694725],\n       [4.76335337, 4.08492392, 3.93549967, 4.50601224, 1.18648651,\n        7.95694725],\n       [4.76335337, 4.08492392, 3.93549967, 4.50601224, 1.18648651,\n        7.95694725],\n       [4.76335337, 4.08492392, 3.93549967, 4.50601224, 1.18648651,\n        7.95694725]]), array([0.26848734, 0.26848734, 0.26848734, 0.26848734, 0.26848734,\n       0.26848734, 0.26848734]))", "callback": [0.45367638288671, 0.3356964896284782, 0.30843666765368793, 0.284470141397952, 0.27922432048744916, 0.27465930741103783, 0.27192234209247657, 0.2708807343699686, 0.26949741295579677, 0.2694173357068542, 0.2689603096341331, 0.2685957044921087, 0.26852698449896606, 0.2684945192345406, 0.2684883799542206, 0.26848763516436536, 0.26848742185171437, 0.26848735584754146, 0.2684873453643972, 0.2684873423746543, 0.2684873419075753, 0.26848734178561995, 0.2684873417649989, 0.2684873417613922, 0.2684873417597611, 0.26848734175934597, 0.2684873417593404, 0.2684873417593071, 0.2684873417592958, 0.26848734175928624, 0.26848734175928424, 0.26848734175928324, 0.268487341759283, 0.2684873417592828, 0.2684873417592828]}, "10": {"maxiter": 1000, "fatol": 1e-10, "xatol": 1e-05, "duration": 0.09375500679016113, "fun": "0.2684873417649989", "nit": "231", "nfev": "369", "status": "0", "success": "True", "message": "Optimization terminated successfully.", "x": "[4.76335635 4.08492087 3.93549902 4.50601352 1.18648315 7.95694452]", "final_simplex": "(array([[4.76335635, 4.08492087, 3.93549902, 4.50601352, 1.18648315,\n        7.95694452],\n       [4.76334684, 4.08492515, 3.93550142, 4.50600924, 1.18648692,\n        7.95694247],\n       [4.76335365, 4.08492138, 3.93550675, 4.50601064, 1.18649051,\n        7.95694374],\n       [4.76335229, 4.08492569, 3.93550581, 4.50600586, 1.1864861 ,\n        7.95694713],\n       [4.76335276, 4.08492369, 3.93549839, 4.50600711, 1.18648826,\n        7.95694039],\n       [4.76335502, 4.08492771, 3.9354999 , 4.50600662, 1.18649162,\n        7.95695027],\n       [4.76334987, 4.08491426, 3.93549996, 4.50601112, 1.18648438,\n        7.95694446]]), array([0.26848734, 0.26848734, 0.26848734, 0.26848734, 0.26848734,\n       0.26848734, 0.26848734]))", "callback": [0.45367638288671, 0.3356964896284782, 0.30843666765368793, 0.284470141397952, 0.27922432048744916, 0.27465930741103783, 0.27192234209247657, 0.2708807343699686, 0.26949741295579677, 0.2694173357068542, 0.2689603096341331, 0.2685957044921087, 0.26852698449896606, 0.2684945192345406, 0.2684883799542206, 0.26848763516436536, 0.26848742185171437, 0.26848735584754146, 0.2684873453643972, 0.2684873423746543, 0.2684873419075753, 0.26848734178561995, 0.2684873417649989]}, "11": {"maxiter": 1000, "fatol": 1e-10, "xatol": 1e-10, "duration": 0.14529705047607422, "fun": "0.2684873417592828", "nit": "359", "nfev": "631", "status": "0", "success": "True", "message": "Optimization terminated successfully.", "x": "[4.76335337 4.08492392 3.93549967 4.50601224 1.18648651 7.95694725]", "final_simplex": "(array([[4.76335337, 4.08492392, 3.93549967, 4.50601224, 1.18648651,\n        7.95694725],\n       [4.76335337, 4.08492392, 3.93549967, 4.50601224, 1.18648651,\n        7.95694725],\n       [4.76335337, 4.08492392, 3.93549967, 4.50601224, 1.18648651,\n        7.95694725],\n       [4.76335337, 4.08492392, 3.93549967, 4.50601224, 1.18648651,\n        7.95694725],\n       [4.76335337, 4.08492392, 3.93549967, 4.50601224, 1.18648651,\n        7.95694725],\n       [4.76335337, 4.08492392, 3.93549967, 4.50601224, 1.18648651,\n        7.95694725],\n       [4.76335337, 4.08492392, 3.93549967, 4.50601224, 1.18648651,\n        7.95694725]]), array([0.26848734, 0.26848734, 0.26848734, 0.26848734, 0.26848734,\n       0.26848734, 0.26848734]))", "callback": [0.45367638288671, 0.3356964896284782, 0.30843666765368793, 0.284470141397952, 0.27922432048744916, 0.27465930741103783, 0.27192234209247657, 0.2708807343699686, 0.26949741295579677, 0.2694173357068542, 0.2689603096341331, 0.2685957044921087, 0.26852698449896606, 0.2684945192345406, 0.2684883799542206, 0.26848763516436536, 0.26848742185171437, 0.26848735584754146, 0.2684873453643972, 0.2684873423746543, 0.2684873419075753, 0.26848734178561995, 0.2684873417649989, 0.2684873417613922, 0.2684873417597611, 0.26848734175934597, 0.2684873417593404, 0.2684873417593071, 0.2684873417592958, 0.26848734175928624, 0.26848734175928424, 0.26848734175928324, 0.268487341759283, 0.2684873417592828, 0.2684873417592828]}}, "bfgs": {"type": "gradient", "0": {"maxiter": 100, "gtol": 1e-05, "xrtol": 1e-05, "eps": 1e-05, "duration": 0.03556990623474121, "fun": "0.26848734198751534", "jac": "[-7.08477721e-07 -6.35520525e-06 -2.13851159e-07  2.60310662e-06\n -3.70609099e-06 -2.49922305e-06]", "hess_inv": "[[ 3.53054862e+00  2.44949942e-01 -6.41116662e-01  1.27240371e+00\n  -4.90608354e-01  1.09141478e+00]\n [ 2.44949942e-01  1.72924277e+00 -4.62731885e-01  5.71176332e-01\n  -8.93523899e-01 -7.10666353e-02]\n [-6.41116662e-01 -4.62731885e-01  3.55468834e+00 -2.67789827e-01\n   1.31583156e+00 -1.08284571e+00]\n [ 1.27240371e+00  5.71176332e-01 -2.67789827e-01  3.00599643e+00\n  -3.17551438e-03  7.17889924e-01]\n [-4.90608354e-01 -8.93523899e-01  1.31583156e+00 -3.17551438e-03\n   2.63083389e+00 -3.75115955e-01]\n [ 1.09141478e+00 -7.10666353e-02 -1.08284571e+00  7.17889924e-01\n  -3.75115955e-01  3.13138824e+00]]", "nfev": "147", "njev": "21", "status": "0", "success": "True", "message": "Optimization terminated successfully.", "x": "[4.76334114 4.08489761 3.93549436 4.50600882 1.18646666 7.95692494]", "nit": "17", "callback": [0.2686635010643498]}, "1": {"maxiter": 100, "gtol": 1e-05, "xrtol": 1e-05, "eps": 1e-10, "duration": 0.03395509719848633, "fun": "0.26848734202675995", "jac": "[ 5.55111466e-06 -8.88178346e-06 -1.11022293e-06  3.33066880e-06\n  1.11022293e-06 -5.55111466e-06]", "hess_inv": "[[ 3.50245853  0.29673874 -0.61540668  1.26270315 -0.46692889  1.0202469 ]\n [ 0.29673874  1.83318358 -0.42038255  0.51786427 -0.936855   -0.15151639]\n [-0.61540668 -0.42038255  3.56909971 -0.28180199  1.28878691 -1.05651252]\n [ 1.26270315  0.51786427 -0.28180199  3.01331774  0.00561903  0.65083138]\n [-0.46692889 -0.936855    1.28878691  0.00561903  2.63040361 -0.34937577]\n [ 1.0202469  -0.15151639 -1.05651252  0.65083138 -0.34937577  2.59825817]]", "nfev": "140", "njev": "20", "status": "0", "success": "True", "message": "Optimization terminated successfully.", "x": "[4.76336624 4.08489774 3.93549572 4.50602096 1.18647411 7.95692241]", "nit": "16", "callback": [0.268663453922969]}, "2": {"maxiter": 100, "gtol": 1e-05, "xrtol": 1e-10, "eps": 1e-05, "duration": 0.07133913040161133, "fun": "0.26848734198751534", "jac": "[-7.08477721e-07 -6.35520525e-06 -2.13851159e-07  2.60310662e-06\n -3.70609099e-06 -2.49922305e-06]", "hess_inv": "[[ 3.53054862e+00  2.44949942e-01 -6.41116662e-01  1.27240371e+00\n  -4.90608354e-01  1.09141478e+00]\n [ 2.44949942e-01  1.72924277e+00 -4.62731885e-01  5.71176332e-01\n  -8.93523899e-01 -7.10666353e-02]\n [-6.41116662e-01 -4.62731885e-01  3.55468834e+00 -2.67789827e-01\n   1.31583156e+00 -1.08284571e+00]\n [ 1.27240371e+00  5.71176332e-01 -2.67789827e-01  3.00599643e+00\n  -3.17551438e-03  7.17889924e-01]\n [-4.90608354e-01 -8.93523899e-01  1.31583156e+00 -3.17551438e-03\n   2.63083389e+00 -3.75115955e-01]\n [ 1.09141478e+00 -7.10666353e-02 -1.08284571e+00  7.17889924e-01\n  -3.75115955e-01  3.13138824e+00]]", "nfev": "147", "njev": "21", "status": "0", "success": "True", "message": "Optimization terminated successfully.", "x": "[4.76334114 4.08489761 3.93549436 4.50600882 1.18646666 7.95692494]", "nit": "17", "callback": [0.2686635010643498]}, "3": {"maxiter": 100, "gtol": 1e-05, "xrtol": 1e-10, "eps": 1e-10, "duration": 0.03682899475097656, "fun": "0.26848734202675995", "jac": "[ 5.55111466e-06 -8.88178346e-06 -1.11022293e-06  3.33066880e-06\n  1.11022293e-06 -5.55111466e-06]", "hess_inv": "[[ 3.50245853  0.29673874 -0.61540668  1.26270315 -0.46692889  1.0202469 ]\n [ 0.29673874  1.83318358 -0.42038255  0.51786427 -0.936855   -0.15151639]\n [-0.61540668 -0.42038255  3.56909971 -0.28180199  1.28878691 -1.05651252]\n [ 1.26270315  0.51786427 -0.28180199  3.01331774  0.00561903  0.65083138]\n [-0.46692889 -0.936855    1.28878691  0.00561903  2.63040361 -0.34937577]\n [ 1.0202469  -0.15151639 -1.05651252  0.65083138 -0.34937577  2.59825817]]", "nfev": "140", "njev": "20", "status": "0", "success": "True", "message": "Optimization terminated successfully.", "x": "[4.76336624 4.08489774 3.93549572 4.50602096 1.18647411 7.95692241]", "nit": "16", "callback": [0.268663453922969]}, "4": {"maxiter": 100, "gtol": 1e-10, "xrtol": 1e-05, "eps": 1e-05, "duration": 0.03835320472717285, "fun": "0.26848734198751534", "jac": "[-7.08477721e-07 -6.35520525e-06 -2.13851159e-07  2.60310662e-06\n -3.70609099e-06 -2.49922305e-06]", "hess_inv": "[[ 3.53054862e+00  2.44949942e-01 -6.41116662e-01  1.27240371e+00\n  -4.90608354e-01  1.09141478e+00]\n [ 2.44949942e-01  1.72924277e+00 -4.62731885e-01  5.71176332e-01\n  -8.93523899e-01 -7.10666353e-02]\n [-6.41116662e-01 -4.62731885e-01  3.55468834e+00 -2.67789827e-01\n   1.31583156e+00 -1.08284571e+00]\n [ 1.27240371e+00  5.71176332e-01 -2.67789827e-01  3.00599643e+00\n  -3.17551438e-03  7.17889924e-01]\n [-4.90608354e-01 -8.93523899e-01  1.31583156e+00 -3.17551438e-03\n   2.63083389e+00 -3.75115955e-01]\n [ 1.09141478e+00 -7.10666353e-02 -1.08284571e+00  7.17889924e-01\n  -3.75115955e-01  3.13138824e+00]]", "nfev": "147", "njev": "21", "status": "0", "success": "True", "message": "Optimization terminated successfully.", "x": "[4.76334114 4.08489761 3.93549436 4.50600882 1.18646666 7.95692494]", "nit": "17", "callback": [0.2686635010643498]}, "5": {"maxiter": 100, "gtol": 1e-10, "xrtol": 1e-05, "eps": 1e-10, "duration": 0.03707289695739746, "fun": "0.2684873418888687", "jac": "[-3.33066880e-06 -3.33066880e-06 -3.33066880e-06  0.00000000e+00\n -6.66133760e-06 -2.22044587e-06]", "hess_inv": "[[ 3.55638558  0.35475876 -0.55432356  1.2001968  -0.49105413  0.75539632]\n [ 0.35475876  1.70400537 -0.45172948  0.62785175 -0.85753771  0.03207229]\n [-0.55432356 -0.45172948  3.58911446 -0.26281352  1.31479224 -1.11914408]\n [ 1.2001968   0.62785175 -0.26281352  2.92181739 -0.06379913  0.52440159]\n [-0.49105413 -0.85753771  1.31479224 -0.06379913  2.58335502 -0.48832491]\n [ 0.75539632  0.03207229 -1.11914408  0.52440159 -0.48832491  2.75324755]]", "nfev": "147", "njev": "21", "status": "0", "success": "True", "message": "Optimization terminated successfully.", "x": "[4.76334977 4.08490944 3.93549197 4.50601283 1.18646532 7.95693133]", "nit": "17", "callback": [0.268663453922969]}, "6": {"maxiter": 100, "gtol": 1e-10, "xrtol": 1e-10, "eps": 1e-05, "duration": 0.07829093933105469, "fun": "0.26848734179889966", "jac": "[ 1.28563826e-08  3.35287353e-09  8.35664871e-08 -1.38888900e-08\n -9.51683177e-08  1.93456362e-07]", "hess_inv": "[[ 3.60002919  0.24737838 -0.65094068  1.29606007 -0.56554545  1.21521958]\n [ 0.24737838  2.74493306 -0.41554065  0.27025684 -0.08129861  0.52279639]\n [-0.65094068 -0.41554065  3.55582487 -0.28079638  1.3662846  -1.04695687]\n [ 1.29606007  0.27025684 -0.28079638  3.09566807 -0.27388267  0.53840387]\n [-0.56554545 -0.08129861  1.3662846  -0.27388267  3.36422697 -0.05349597]\n [ 1.21521958  0.52279639 -1.04695687  0.53840387 -0.05349597  3.42484755]]", "nfev": "327", "njev": "45", "status": "2", "success": "False", "message": "Desired error not necessarily achieved due to precision loss.", "x": "[4.76334378 4.08491724 3.93549513 4.50600351 1.18647932 7.95693879]", "nit": "20", "callback": [0.2686635010643498, 0.26848734179889966]}, "7": {"maxiter": 100, "gtol": 1e-10, "xrtol": 1e-10, "eps": 1e-10, "duration": 0.06106758117675781, "fun": "0.26848734176470757", "jac": "[ 0.00000000e+00 -1.11022293e-06  2.22044587e-06  3.33066880e-06\n  0.00000000e+00  1.11022293e-06]", "hess_inv": "[[  4.57267698 -15.2677217  -10.77578445 -12.26046015  15.66226277\n   13.26975605]\n [-15.2677217   69.32776119  46.9022071   57.22967324 -75.66931886\n  -61.25530971]\n [-10.77578445  46.9022071   32.58240738  38.4242897  -51.60813516\n  -41.8469667 ]\n [-12.26046015  57.22967324  38.4242897   48.01183459 -63.29653843\n  -50.89532575]\n [ 15.66226277 -75.66931886 -51.60813516 -63.29653843  86.3704724\n   67.65282526]\n [ 13.26975605 -61.25530971 -41.8469667  -50.89532575  67.65282526\n   54.87555532]]", "nfev": "259", "njev": "37", "status": "2", "success": "False", "message": "Desired error not necessarily achieved due to precision loss.", "x": "[4.76335396 4.08492309 3.93549944 4.50601492 1.18648613 7.9569522 ]", "nit": "24", "callback": [0.268663453922969, 0.2684873417805038]}, "8": {"maxiter": 500, "gtol": 1e-05, "xrtol": 1e-05, "eps": 1e-05, "duration": 0.03469085693359375, "fun": "0.26848734198751534", "jac": "[-7.08477721e-07 -6.35520525e-06 -2.13851159e-07  2.60310662e-06\n -3.70609099e-06 -2.49922305e-06]", "hess_inv": "[[ 3.53054862e+00  2.44949942e-01 -6.41116662e-01  1.27240371e+00\n  -4.90608354e-01  1.09141478e+00]\n [ 2.44949942e-01  1.72924277e+00 -4.62731885e-01  5.71176332e-01\n  -8.93523899e-01 -7.10666353e-02]\n [-6.41116662e-01 -4.62731885e-01  3.55468834e+00 -2.67789827e-01\n   1.31583156e+00 -1.08284571e+00]\n [ 1.27240371e+00  5.71176332e-01 -2.67789827e-01  3.00599643e+00\n  -3.17551438e-03  7.17889924e-01]\n [-4.90608354e-01 -8.93523899e-01  1.31583156e+00 -3.17551438e-03\n   2.63083389e+00 -3.75115955e-01]\n [ 1.09141478e+00 -7.10666353e-02 -1.08284571e+00  7.17889924e-01\n  -3.75115955e-01  3.13138824e+00]]", "nfev": "147", "njev": "21", "status": "0", "success": "True", "message": "Optimization terminated successfully.", "x": "[4.76334114 4.08489761 3.93549436 4.50600882 1.18646666 7.95692494]", "nit": "17", "callback": [0.2686635010643498]}, "9": {"maxiter": 500, "gtol": 1e-05, "xrtol": 1e-05, "eps": 1e-10, "duration": 0.0355069637298584, "fun": "0.26848734202675995", "jac": "[ 5.55111466e-06 -8.88178346e-06 -1.11022293e-06  3.33066880e-06\n  1.11022293e-06 -5.55111466e-06]", "hess_inv": "[[ 3.50245853  0.29673874 -0.61540668  1.26270315 -0.46692889  1.0202469 ]\n [ 0.29673874  1.83318358 -0.42038255  0.51786427 -0.936855   -0.15151639]\n [-0.61540668 -0.42038255  3.56909971 -0.28180199  1.28878691 -1.05651252]\n [ 1.26270315  0.51786427 -0.28180199  3.01331774  0.00561903  0.65083138]\n [-0.46692889 -0.936855    1.28878691  0.00561903  2.63040361 -0.34937577]\n [ 1.0202469  -0.15151639 -1.05651252  0.65083138 -0.34937577  2.59825817]]", "nfev": "140", "njev": "20", "status": "0", "success": "True", "message": "Optimization terminated successfully.", "x": "[4.76336624 4.08489774 3.93549572 4.50602096 1.18647411 7.95692241]", "nit": "16", "callback": [0.268663453922969]}, "10": {"maxiter": 500, "gtol": 1e-05, "xrtol": 1e-10, "eps": 1e-05, "duration": 0.04169106483459473, "fun": "0.26848734198751534", "jac": "[-7.08477721e-07 -6.35520525e-06 -2.13851159e-07  2.60310662e-06\n -3.70609099e-06 -2.49922305e-06]", "hess_inv": "[[ 3.53054862e+00  2.44949942e-01 -6.41116662e-01  1.27240371e+00\n  -4.90608354e-01  1.09141478e+00]\n [ 2.44949942e-01  1.72924277e+00 -4.62731885e-01  5.71176332e-01\n  -8.93523899e-01 -7.10666353e-02]\n [-6.41116662e-01 -4.62731885e-01  3.55468834e+00 -2.67789827e-01\n   1.31583156e+00 -1.08284571e+00]\n [ 1.27240371e+00  5.71176332e-01 -2.67789827e-01  3.00599643e+00\n  -3.17551438e-03  7.17889924e-01]\n [-4.90608354e-01 -8.93523899e-01  1.31583156e+00 -3.17551438e-03\n   2.63083389e+00 -3.75115955e-01]\n [ 1.09141478e+00 -7.10666353e-02 -1.08284571e+00  7.17889924e-01\n  -3.75115955e-01  3.13138824e+00]]", "nfev": "147", "njev": "21", "status": "0", "success": "True", "message": "Optimization terminated successfully.", "x": "[4.76334114 4.08489761 3.93549436 4.50600882 1.18646666 7.95692494]", "nit": "17", "callback": [0.2686635010643498]}, "11": {"maxiter": 500, "gtol": 1e-05, "xrtol": 1e-10, "eps": 1e-10, "duration": 0.04466700553894043, "fun": "0.26848734202675995", "jac": "[ 5.55111466e-06 -8.88178346e-06 -1.11022293e-06  3.33066880e-06\n  1.11022293e-06 -5.55111466e-06]", "hess_inv": "[[ 3.50245853  0.29673874 -0.61540668  1.26270315 -0.46692889  1.0202469 ]\n [ 0.29673874  1.83318358 -0.42038255  0.51786427 -0.936855   -0.15151639]\n [-0.61540668 -0.42038255  3.56909971 -0.28180199  1.28878691 -1.05651252]\n [ 1.26270315  0.51786427 -0.28180199  3.01331774  0.00561903  0.65083138]\n [-0.46692889 -0.936855    1.28878691  0.00561903  2.63040361 -0.34937577]\n [ 1.0202469  -0.15151639 -1.05651252  0.65083138 -0.34937577  2.59825817]]", "nfev": "140", "njev": "20", "status": "0", "success": "True", "message": "Optimization terminated successfully.", "x": "[4.76336624 4.08489774 3.93549572 4.50602096 1.18647411 7.95692241]", "nit": "16", "callback": [0.268663453922969]}, "12": {"maxiter": 500, "gtol": 1e-10, "xrtol": 1e-05, "eps": 1e-05, "duration": 0.04459786415100098, "fun": "0.26848734198751534", "jac": "[-7.08477721e-07 -6.35520525e-06 -2.13851159e-07  2.60310662e-06\n -3.70609099e-06 -2.49922305e-06]", "hess_inv": "[[ 3.53054862e+00  2.44949942e-01 -6.41116662e-01  1.27240371e+00\n  -4.90608354e-01  1.09141478e+00]\n [ 2.44949942e-01  1.72924277e+00 -4.62731885e-01  5.71176332e-01\n  -8.93523899e-01 -7.10666353e-02]\n [-6.41116662e-01 -4.62731885e-01  3.55468834e+00 -2.67789827e-01\n   1.31583156e+00 -1.08284571e+00]\n [ 1.27240371e+00  5.71176332e-01 -2.67789827e-01  3.00599643e+00\n  -3.17551438e-03  7.17889924e-01]\n [-4.90608354e-01 -8.93523899e-01  1.31583156e+00 -3.17551438e-03\n   2.63083389e+00 -3.75115955e-01]\n [ 1.09141478e+00 -7.10666353e-02 -1.08284571e+00  7.17889924e-01\n  -3.75115955e-01  3.13138824e+00]]", "nfev": "147", "njev": "21", "status": "0", "success": "True", "message": "Optimization terminated successfully.", "x": "[4.76334114 4.08489761 3.93549436 4.50600882 1.18646666 7.95692494]", "nit": "17", "callback": [0.2686635010643498]}, "13": {"maxiter": 500, "gtol": 1e-10, "xrtol": 1e-05, "eps": 1e-10, "duration": 0.04672598838806152, "fun": "0.2684873418888687", "jac": "[-3.33066880e-06 -3.33066880e-06 -3.33066880e-06  0.00000000e+00\n -6.66133760e-06 -2.22044587e-06]", "hess_inv": "[[ 3.55638558  0.35475876 -0.55432356  1.2001968  -0.49105413  0.75539632]\n [ 0.35475876  1.70400537 -0.45172948  0.62785175 -0.85753771  0.03207229]\n [-0.55432356 -0.45172948  3.58911446 -0.26281352  1.31479224 -1.11914408]\n [ 1.2001968   0.62785175 -0.26281352  2.92181739 -0.06379913  0.52440159]\n [-0.49105413 -0.85753771  1.31479224 -0.06379913  2.58335502 -0.48832491]\n [ 0.75539632  0.03207229 -1.11914408  0.52440159 -0.48832491  2.75324755]]", "nfev": "147", "njev": "21", "status": "0", "success": "True", "message": "Optimization terminated successfully.", "x": "[4.76334977 4.08490944 3.93549197 4.50601283 1.18646532 7.95693133]", "nit": "17", "callback": [0.268663453922969]}, "14": {"maxiter": 500, "gtol": 1e-10, "xrtol": 1e-10, "eps": 1e-05, "duration": 0.0932931900024414, "fun": "0.26848734179889966", "jac": "[ 1.28563826e-08  3.35287353e-09  8.35664871e-08 -1.38888900e-08\n -9.51683177e-08  1.93456362e-07]", "hess_inv": "[[ 3.60002919  0.24737838 -0.65094068  1.29606007 -0.56554545  1.21521958]\n [ 0.24737838  2.74493306 -0.41554065  0.27025684 -0.08129861  0.52279639]\n [-0.65094068 -0.41554065  3.55582487 -0.28079638  1.3662846  -1.04695687]\n [ 1.29606007  0.27025684 -0.28079638  3.09566807 -0.27388267  0.53840387]\n [-0.56554545 -0.08129861  1.3662846  -0.27388267  3.36422697 -0.05349597]\n [ 1.21521958  0.52279639 -1.04695687  0.53840387 -0.05349597  3.42484755]]", "nfev": "327", "njev": "45", "status": "2", "success": "False", "message": "Desired error not necessarily achieved due to precision loss.", "x": "[4.76334378 4.08491724 3.93549513 4.50600351 1.18647932 7.95693879]", "nit": "20", "callback": [0.2686635010643498, 0.26848734179889966]}, "15": {"maxiter": 500, "gtol": 1e-10, "xrtol": 1e-10, "eps": 1e-10, "duration": 0.07564425468444824, "fun": "0.26848734176470757", "jac": "[ 0.00000000e+00 -1.11022293e-06  2.22044587e-06  3.33066880e-06\n  0.00000000e+00  1.11022293e-06]", "hess_inv": "[[  4.57267698 -15.2677217  -10.77578445 -12.26046015  15.66226277\n   13.26975605]\n [-15.2677217   69.32776119  46.9022071   57.22967324 -75.66931886\n  -61.25530971]\n [-10.77578445  46.9022071   32.58240738  38.4242897  -51.60813516\n  -41.8469667 ]\n [-12.26046015  57.22967324  38.4242897   48.01183459 -63.29653843\n  -50.89532575]\n [ 15.66226277 -75.66931886 -51.60813516 -63.29653843  86.3704724\n   67.65282526]\n [ 13.26975605 -61.25530971 -41.8469667  -50.89532575  67.65282526\n   54.87555532]]", "nfev": "259", "njev": "37", "status": "2", "success": "False", "message": "Desired error not necessarily achieved due to precision loss.", "x": "[4.76335396 4.08492309 3.93549944 4.50601492 1.18648613 7.9569522 ]", "nit": "24", "callback": [0.268663453922969, 0.2684873417805038]}, "16": {"maxiter": 1000, "gtol": 1e-05, "xrtol": 1e-05, "eps": 1e-05, "duration": 0.040943145751953125, "fun": "0.26848734198751534", "jac": "[-7.08477721e-07 -6.35520525e-06 -2.13851159e-07  2.60310662e-06\n -3.70609099e-06 -2.49922305e-06]", "hess_inv": "[[ 3.53054862e+00  2.44949942e-01 -6.41116662e-01  1.27240371e+00\n  -4.90608354e-01  1.09141478e+00]\n [ 2.44949942e-01  1.72924277e+00 -4.62731885e-01  5.71176332e-01\n  -8.93523899e-01 -7.10666353e-02]\n [-6.41116662e-01 -4.62731885e-01  3.55468834e+00 -2.67789827e-01\n   1.31583156e+00 -1.08284571e+00]\n [ 1.27240371e+00  5.71176332e-01 -2.67789827e-01  3.00599643e+00\n  -3.17551438e-03  7.17889924e-01]\n [-4.90608354e-01 -8.93523899e-01  1.31583156e+00 -3.17551438e-03\n   2.63083389e+00 -3.75115955e-01]\n [ 1.09141478e+00 -7.10666353e-02 -1.08284571e+00  7.17889924e-01\n  -3.75115955e-01  3.13138824e+00]]", "nfev": "147", "njev": "21", "status": "0", "success": "True", "message": "Optimization terminated successfully.", "x": "[4.76334114 4.08489761 3.93549436 4.50600882 1.18646666 7.95692494]", "nit": "17", "callback": [0.2686635010643498]}, "17": {"maxiter": 1000, "gtol": 1e-05, "xrtol": 1e-05, "eps": 1e-10, "duration": 0.0399470329284668, "fun": "0.26848734202675995", "jac": "[ 5.55111466e-06 -8.88178346e-06 -1.11022293e-06  3.33066880e-06\n  1.11022293e-06 -5.55111466e-06]", "hess_inv": "[[ 3.50245853  0.29673874 -0.61540668  1.26270315 -0.46692889  1.0202469 ]\n [ 0.29673874  1.83318358 -0.42038255  0.51786427 -0.936855   -0.15151639]\n [-0.61540668 -0.42038255  3.56909971 -0.28180199  1.28878691 -1.05651252]\n [ 1.26270315  0.51786427 -0.28180199  3.01331774  0.00561903  0.65083138]\n [-0.46692889 -0.936855    1.28878691  0.00561903  2.63040361 -0.34937577]\n [ 1.0202469  -0.15151639 -1.05651252  0.65083138 -0.34937577  2.59825817]]", "nfev": "140", "njev": "20", "status": "0", "success": "True", "message": "Optimization terminated successfully.", "x": "[4.76336624 4.08489774 3.93549572 4.50602096 1.18647411 7.95692241]", "nit": "16", "callback": [0.268663453922969]}, "18": {"maxiter": 1000, "gtol": 1e-05, "xrtol": 1e-10, "eps": 1e-05, "duration": 0.039701223373413086, "fun": "0.26848734198751534", "jac": "[-7.08477721e-07 -6.35520525e-06 -2.13851159e-07  2.60310662e-06\n -3.70609099e-06 -2.49922305e-06]", "hess_inv": "[[ 3.53054862e+00  2.44949942e-01 -6.41116662e-01  1.27240371e+00\n  -4.90608354e-01  1.09141478e+00]\n [ 2.44949942e-01  1.72924277e+00 -4.62731885e-01  5.71176332e-01\n  -8.93523899e-01 -7.10666353e-02]\n [-6.41116662e-01 -4.62731885e-01  3.55468834e+00 -2.67789827e-01\n   1.31583156e+00 -1.08284571e+00]\n [ 1.27240371e+00  5.71176332e-01 -2.67789827e-01  3.00599643e+00\n  -3.17551438e-03  7.17889924e-01]\n [-4.90608354e-01 -8.93523899e-01  1.31583156e+00 -3.17551438e-03\n   2.63083389e+00 -3.75115955e-01]\n [ 1.09141478e+00 -7.10666353e-02 -1.08284571e+00  7.17889924e-01\n  -3.75115955e-01  3.13138824e+00]]", "nfev": "147", "njev": "21", "status": "0", "success": "True", "message": "Optimization terminated successfully.", "x": "[4.76334114 4.08489761 3.93549436 4.50600882 1.18646666 7.95692494]", "nit": "17", "callback": [0.2686635010643498]}, "19": {"maxiter": 1000, "gtol": 1e-05, "xrtol": 1e-10, "eps": 1e-10, "duration": 0.03645801544189453, "fun": "0.26848734202675995", "jac": "[ 5.55111466e-06 -8.88178346e-06 -1.11022293e-06  3.33066880e-06\n  1.11022293e-06 -5.55111466e-06]", "hess_inv": "[[ 3.50245853  0.29673874 -0.61540668  1.26270315 -0.46692889  1.0202469 ]\n [ 0.29673874  1.83318358 -0.42038255  0.51786427 -0.936855   -0.15151639]\n [-0.61540668 -0.42038255  3.56909971 -0.28180199  1.28878691 -1.05651252]\n [ 1.26270315  0.51786427 -0.28180199  3.01331774  0.00561903  0.65083138]\n [-0.46692889 -0.936855    1.28878691  0.00561903  2.63040361 -0.34937577]\n [ 1.0202469  -0.15151639 -1.05651252  0.65083138 -0.34937577  2.59825817]]", "nfev": "140", "njev": "20", "status": "0", "success": "True", "message": "Optimization