{"date": "2024/09/24/, 06:49:53", "conf_id": 317, "data_type": "var_s_rank\n", "num_data_points": 4, "s_rank": 0, "unitary": "[[0.18663085-0.53122324j,-0.11886349-0.70040876j,0.28555095-0.02789305j,-0.12262021-0.2844587j],[-0.16702216+0.27758472j,0.27526351-0.29738586j,-0.01109314+0.22495461j,-0.77239203+0.28900673j],[0.61935415+0.12301792j,-0.31269928-0.03315917j,-0.61902762-0.19039079j,-0.27120731-0.0968989j],[0.42341754+0.0023929j,-0.05847358+0.47832119j,0.64900495-0.16218422j,-0.37182676-0.05229966j]]", "databatch_0": {"databatch": "[[[0.10550983+7.09882349e-02j,0.24411164-4.61082186e-01j,0.0247013-5.89509355e-02j,0.06922034+3.70578715e-02j],[0.22920447-2.88291179e-01j,0.08698825+1.10117249e-01j,-0.06009304+6.67621001e-02j,0.3436463-1.91881564e-01j],[-0.092552+9.59784115e-02j,-0.04122197-3.90569618e-02j,0.1967556+1.92678177e-01j,0.17565534+1.00834553e-01j],[-0.17803827+2.66626739e-01j,0.02745416-3.45176300e-03j,-0.08233321+7.34118999e-02j,0.24295408-2.65446269e-01j]],[[-0.04782063+1.54342586e-02j,-0.02402859+1.99289405e-01j,-0.1067985+2.81781794e-04j,-0.32368928+8.23467952e-02j],[0.07128557+7.63569731e-02j,-0.34267853-3.27979568e-01j,-0.22215693-1.02673853e-01j,0.09483345-2.39231388e-01j],[0.2812914+2.52812719e-01j,-0.12389417-3.41644720e-01j,-0.1017874+2.60983484e-02j,0.00564526-1.29418899e-01j],[-0.01056836+1.07156270e-01j,0.04014926+2.02860363e-01j,-0.11242514+3.24386000e-02j,0.29577939-1.17129187e-01j]],[[0.02655999-1.41079183e-01j,0.02642715+1.87621605e-03j,0.00585205+3.21433955e-01j,-0.46653138+1.41560515e-01j],[-0.13674713+1.23630482e-01j,-0.41146051+1.98362669e-01j,0.19995276+1.93189465e-01j,-0.00264043+1.33274010e-01j],[-0.04666503+1.79373944e-01j,0.04032732+9.31908269e-02j,-0.07524151+2.01966086e-01j,-0.07084651-2.66487985e-01j],[0.02449536+5.85671305e-02j,-0.0585547+8.35456772e-02j,0.18338498+1.70154799e-01j,-0.0893059-2.18616930e-01j]],[[0.13431088+5.28090615e-02j,0.13477967-3.62106245e-01j,-0.20907689-1.57852719e-01j,0.1670527+1.09722694e-02j],[-0.2102195+5.51065338e-02j,0.06988277+1.16922982e-01j,-0.12294563+3.83734864e-02j,-0.24297985-3.82730259e-01j],[-0.16218667-2.06679750e-01j,0.12122325-2.75594145e-01j,0.11674104+1.03597204e-01j,0.1660152+1.52846713e-01j],[0.01170969-1.48277774e-01j,0.06429233-1.64709437e-01j,0.21786425-2.33769467e-01j,-0.10782471-2.07982622e-01j]]]", "initial param values": "[2.69270281,3.12090874,5.5276706,1.50488687,2.88869094,1.91004001]", "nelder_mead": {"type": "gradient-free", "0": {"maxiter": 100, "fatol": 1e-05, "xatol": 1e-05, "duration": 0.03747820854187012, "fun": "0.35046934979817335", "nit": "100", "nfev": "152", "status": "2", "success": "False", "message": "Maximum number of iterations has been exceeded.", "x": "[ 4.96642742  3.85142372  6.5023172   3.02031291 -0.78314193  1.0237286 ]", "final_simplex": "(array([[ 4.96642742,  3.85142372,  6.5023172 ,  3.02031291, -0.78314193,\n         1.0237286 ],\n       [ 4.79918201,  3.83484434,  6.30486139,  2.78596951, -0.58431941,\n         1.24978813],\n       [ 4.88000437,  3.81165169,  6.42476427,  2.70922361, -0.54265724,\n         1.22786654],\n       [ 4.85580168,  3.83307379,  6.30436013,  2.53944257, -0.40841286,\n         1.37308411],\n       [ 4.78622129,  3.76923706,  6.55143103,  2.83448037, -0.73155041,\n         1.26275005],\n       [ 4.95621652,  4.01684194,  6.24603532,  2.54602516, -0.53752219,\n         1.33024569],\n       [ 4.8247203 ,  3.81909408,  6.08710232,  2.55277253, -0.46284143,\n         1.4534079 ]]), array([0.35046935, 0.35872473, 0.36024878, 0.3628504 , 0.36335129,\n       0.36693459, 0.36878819]))", "callback": [0.8279367720392932, 0.6145601385902919, 0.5107309301346656, 0.4746356979841071, 0.45084749756162457, 0.4264576358119514, 0.403803250418731, 0.38688058776875534, 0.3734130983853763]}, "1": {"maxiter": 100, "fatol": 1e-05, "xatol": 1e-10, "duration": 0.03611111640930176, "fun": "0.35046934979817335", "nit": "100", "nfev": "152", "status": "2", "success": "False", "message": "Maximum number of iterations has been exceeded.", "x": "[ 4.96642742  3.85142372  6.5023172   3.02031291 -0.78314193  1.0237286 ]", "final_simplex": "(array([[ 4.96642742,  3.85142372,  6.5023172 ,  3.02031291, -0.78314193,\n         1.0237286 ],\n       [ 4.79918201,  3.83484434,  6.30486139,  2.78596951, -0.58431941,\n         1.24978813],\n       [ 4.88000437,  3.81165169,  6.42476427,  2.70922361, -0.54265724,\n         1.22786654],\n       [ 4.85580168,  3.83307379,  6.30436013,  2.53944257, -0.40841286,\n         1.37308411],\n       [ 4.78622129,  3.76923706,  6.55143103,  2.83448037, -0.73155041,\n         1.26275005],\n       [ 4.95621652,  4.01684194,  6.24603532,  2.54602516, -0.53752219,\n         1.33024569],\n       [ 4.8247203 ,  3.81909408,  6.08710232,  2.55277253, -0.46284143,\n         1.4534079 ]]), array([0.35046935, 0.35872473, 0.36024878, 0.3628504 , 0.36335129,\n       0.36693459, 0.36878819]))", "callback": [0.8279367720392932, 0.6145601385902919, 0.5107309301346656, 0.4746356979841071, 0.45084749756162457, 0.4264576358119514, 0.403803250418731, 0.38688058776875534, 0.3734130983853763]}, "2": {"maxiter": 100, "fatol": 1e-10, "xatol": 1e-05, "duration": 0.03514814376831055, "fun": "0.35046934979817335", "nit": "100", "nfev": "152", "status": "2", "success": "False", "message": "Maximum number of iterations has been exceeded.", "x": "[ 4.96642742  3.85142372  6.5023172   3.02031291 -0.78314193  1.0237286 ]", "final_simplex": "(array([[ 4.96642742,  3.85142372,  6.5023172 ,  3.02031291, -0.78314193,\n         1.0237286 ],\n       [ 4.79918201,  3.83484434,  6.30486139,  2.78596951, -0.58431941,\n         1.24978813],\n       [ 4.88000437,  3.81165169,  6.42476427,  2.70922361, -0.54265724,\n         1.22786654],\n       [ 4.85580168,  3.83307379,  6.30436013,  2.53944257, -0.40841286,\n         1.37308411],\n       [ 4.78622129,  3.76923706,  6.55143103,  2.83448037, -0.73155041,\n         1.26275005],\n       [ 4.95621652,  4.01684194,  6.24603532,  2.54602516, -0.53752219,\n         1.33024569],\n       [ 4.8247203 ,  3.81909408,  6.08710232,  2.55277253, -0.46284143,\n         1.4534079 ]]), array([0.35046935, 0.35872473, 0.36024878, 0.3628504 , 0.36335129,\n       0.36693459, 0.36878819]))", "callback": [0.8279367720392932, 0.6145601385902919, 0.5107309301346656, 0.4746356979841071, 0.45084749756162457, 0.4264576358119514, 0.403803250418731, 0.38688058776875534, 0.3734130983853763]}, "3": {"maxiter": 100, "fatol": 1e-10, "xatol": 1e-10, "duration": 0.03464818000793457, "fun": "0.35046934979817335", "nit": "100", "nfev": "152", "status": "2", "success": "False", "message": "Maximum number of iterations has been exceeded.", "x": "[ 4.96642742  3.85142372  6.5023172   3.02031291 -0.78314193  1.0237286 ]", "final_simplex": "(array([[ 4.96642742,  3.85142372,  6.5023172 ,  3.02031291, -0.78314193,\n         1.0237286 ],\n       [ 4.79918201,  3.83484434,  6.30486139,  2.78596951, -0.58431941,\n         1.24978813],\n       [ 4.88000437,  3.81165169,  6.42476427,  2.70922361, -0.54265724,\n         1.22786654],\n       [ 4.85580168,  3.83307379,  6.30436013,  2.53944257, -0.40841286,\n         1.37308411],\n       [ 4.78622129,  3.76923706,  6.55143103,  2.83448037, -0.73155041,\n         1.26275005],\n       [ 4.95621652,  4.01684194,  6.24603532,  2.54602516, -0.53752219,\n         1.33024569],\n       [ 4.8247203 ,  3.81909408,  6.08710232,  2.55277253, -0.46284143,\n         1.4534079 ]]), array([0.35046935, 0.35872473, 0.36024878, 0.3628504 , 0.36335129,\n       0.36693459, 0.36878819]))", "callback": [0.8279367720392932, 0.6145601385902919, 0.5107309301346656, 0.4746356979841071, 0.45084749756162457, 0.4264576358119514, 0.403803250418731, 0.38688058776875534, 0.3734130983853763]}, "4": {"maxiter": 500, "fatol": 1e-05, "xatol": 1e-05, "duration": 0.16380691528320312, "fun": "0.2849195193054149", "nit": "474", "nfev": "734", "status": "0", "success": "True", "message": "Optimization terminated successfully.", "x": "[ 4.97314902  3.80051381  6.39538232  3.79806562 -2.45697868 -0.57718272]", "final_simplex": "(array([[ 4.97314902,  3.80051381,  6.39538232,  3.79806562, -2.45697868,\n        -0.57718272],\n       [ 4.97314646,  3.80051946,  6.39538233,  3.79805952, -2.45697286,\n        -0.5771822 ],\n       [ 4.97315161,  3.80051784,  6.39537956,  3.79806846, -2.45698179,\n        -0.57718872],\n       [ 4.97314921,  3.80052229,  6.39538103,  3.79806821, -2.4569715 ,\n        -0.57718041],\n       [ 4.97315341,  3.80051859,  6.395387  ,  3.79805995, -2.45697643,\n        -0.57718183],\n       [ 4.97315197,  3.80051617,  6.39538128,  3.798068  , -2.45697032,\n        -0.57718194],\n       [ 4.97315469,  3.80052129,  6.39538266,  3.7980607 , -2.45698111,\n        -0.57718163]]), array([0.28491952, 0.28491952, 0.28491952, 0.28491952, 0.28491952,\n       0.28491952, 0.28491952]))", "callback": [0.8279367720392932, 0.6145601385902919, 0.5107309301346656, 0.4746356979841071, 0.45084749756162457, 0.4264576358119514, 0.403803250418731, 0.38688058776875534, 0.3734130983853763, 0.35046934979817335, 0.34897475258928723, 0.34671508999024314, 0.3460612397054057, 0.34592608539612035, 0.3458062987381145, 0.34561347537505616, 0.344175798641545, 0.34224327737568316, 0.33871511928027664, 0.331811394671514, 0.32919534174208154, 0.3227013249492505, 0.3186774823138927, 0.3105453941910654, 0.2954167557841382, 0.28912584443258726, 0.2874634128242657, 0.2864861776235027, 0.28543277798105926, 0.2851268696027973, 0.2849961731614584, 0.28497588243980687, 0.28496793583356395, 0.28495799198397764, 0.2849477144486128, 0.2849356811095557, 0.28492446152608775, 0.28492098498437834, 0.28492098498437834, 0.2849198829426707, 0.2849196024181948, 0.2849195379265421, 0.2849195225389143, 0.284919519742882, 0.2849195194563934, 0.2849195193270698, 0.2849195193054149]}, "5": {"maxiter": 500, "fatol": 1e-05, "xatol": 1e-10, "duration": 0.17095088958740234, "fun": "0.2849195192929044", "nit": "500", "nfev": "768", "status": "2", "success": "False", "message": "Maximum number of iterations has been exceeded.", "x": "[ 4.97314325  3.80051999  6.39538461  3.79806419 -2.45698009 -0.57718356]", "final_simplex": "(array([[ 4.97314325,  3.80051999,  6.39538461,  3.79806419, -2.45698009,\n        -0.57718356],\n       [ 4.97314245,  3.80051949,  6.39538488,  3.79806716, -2.45697434,\n        -0.57717818],\n       [ 4.97314319,  3.80051745,  6.39538569,  3.79806321, -2.45697836,\n        -0.57717996],\n       [ 4.97314225,  3.80051797,  6.39538595,  3.79806201, -2.45697305,\n        -0.57717915],\n       [ 4.97314486,  3.80051615,  6.39538242,  3.79806759, -2.45697743,\n        -0.5771813 ],\n       [ 4.97314664,  3.8005176 ,  6.39538661,  3.79806312, -2.45697884,\n        -0.57718034],\n       [ 4.97314305,  3.80052141,  6.39538437,  3.79806164, -2.45697722,\n        -0.57718076]]), array([0.28491952, 0.28491952, 0.28491952, 0.28491952, 0.28491952,\n       0.28491952, 0.28491952]))", "callback": [0.8279367720392932, 0.6145601385902919, 0.5107309301346656, 0.4746356979841071, 0.45084749756162457, 0.4264576358119514, 0.403803250418731, 0.38688058776875534, 0.3734130983853763, 0.35046934979817335, 0.34897475258928723, 0.34671508999024314, 0.3460612397054057, 0.34592608539612035, 0.3458062987381145, 0.34561347537505616, 0.344175798641545, 0.34224327737568316, 0.33871511928027664, 0.331811394671514, 0.32919534174208154, 0.3227013249492505, 0.3186774823138927, 0.3105453941910654, 0.2954167557841382, 0.28912584443258726, 0.2874634128242657, 0.2864861776235027, 0.28543277798105926, 0.2851268696027973, 0.2849961731614584, 0.28497588243980687, 0.28496793583356395, 0.28495799198397764, 0.2849477144486128, 0.2849356811095557, 0.28492446152608775, 0.28492098498437834, 0.28492098498437834, 0.2849198829426707, 0.2849196024181948, 0.2849195379265421, 0.2849195225389143, 0.284919519742882, 0.2849195194563934, 0.2849195193270698, 0.2849195193054149, 0.2849195192980405, 0.28491951929590886]}, "6": {"maxiter": 500, "fatol": 1e-10, "xatol": 1e-05, "duration": 0.16944408416748047, "fun": "0.2849195193054149", "nit": "474", "nfev": "734", "status": "0", "success": "True", "message": "Optimization terminated successfully.", "x": "[ 4.97314902  3.80051381  6.39538232  3.79806562 -2.45697868 -0.57718272]", "final_simplex": "(array([[ 4.97314902,  3.80051381,  6.39538232,  3.79806562, -2.45697868,\n        -0.57718272],\n       [ 4.97314646,  3.80051946,  6.39538233,  3.79805952, -2.45697286,\n        -0.5771822 ],\n       [ 4.97315161,  3.80051784,  6.39537956,  3.79806846, -2.45698179,\n        -0.57718872],\n       [ 4.97314921,  3.80052229,  6.39538103,  3.79806821, -2.4569715 ,\n        -0.57718041],\n       [ 4.97315341,  3.80051859,  6.395387  ,  3.79805995, -2.45697643,\n        -0.57718183],\n       [ 4.97315197,  3.80051617,  6.39538128,  3.798068  , -2.45697032,\n        -0.57718194],\n       [ 4.97315469,  3.80052129,  6.39538266,  3.7980607 , -2.45698111,\n        -0.57718163]]), array([0.28491952, 0.28491952, 0.28491952, 0.28491952, 0.28491952,\n       0.28491952, 0.28491952]))", "callback": [0.8279367720392932, 0.6145601385902919, 0.5107309301346656, 0.4746356979841071, 0.45084749756162457, 0.4264576358119514, 0.403803250418731, 0.38688058776875534, 0.3734130983853763, 0.35046934979817335, 0.34897475258928723, 0.34671508999024314, 0.3460612397054057, 0.34592608539612035, 0.3458062987381145, 0.34561347537505616, 0.344175798641545, 0.34224327737568316, 0.33871511928027664, 0.331811394671514, 0.32919534174208154, 0.3227013249492505, 0.3186774823138927, 0.3105453941910654, 0.2954167557841382, 0.28912584443258726, 0.2874634128242657, 0.2864861776235027, 0.28543277798105926, 0.2851268696027973, 0.2849961731614584, 0.28497588243980687, 0.28496793583356395, 0.28495799198397764, 0.2849477144486128, 0.2849356811095557, 0.28492446152608775, 0.28492098498437834, 0.28492098498437834, 0.2849198829426707, 0.2849196024181948, 0.2849195379265421, 0.2849195225389143, 0.284919519742882, 0.2849195194563934, 0.2849195193270698, 0.2849195193054149]}, "7": {"maxiter": 500, "fatol": 1e-10, "xatol": 1e-10, "duration": 0.190629243850708, "fun": "0.2849195192929044", "nit": "500", "nfev": "768", "status": "2", "success": "False", "message": "Maximum number of iterations has been exceeded.", "x": "[ 4.97314325  3.80051999  6.39538461  3.79806419 -2.45698009 -0.57718356]", "final_simplex": "(array([[ 4.97314325,  3.80051999,  6.39538461,  3.79806419, -2.45698009,\n        -0.57718356],\n       [ 4.97314245,  3.80051949,  6.39538488,  3.79806716, -2.45697434,\n        -0.57717818],\n       [ 4.97314319,  3.80051745,  6.39538569,  3.79806321, -2.45697836,\n        -0.57717996],\n       [ 4.97314225,  3.80051797,  6.39538595,  3.79806201, -2.45697305,\n        -0.57717915],\n       [ 4.97314486,  3.80051615,  6.39538242,  3.79806759, -2.45697743,\n        -0.5771813 ],\n       [ 4.97314664,  3.8005176 ,  6.39538661,  3.79806312, -2.45697884,\n        -0.57718034],\n       [ 4.97314305,  3.80052141,  6.39538437,  3.79806164, -2.45697722,\n        -0.57718076]]), array([0.28491952, 0.28491952, 0.28491952, 0.28491952, 0.28491952,\n       0.28491952, 0.28491952]))", "callback": [0.8279367720392932, 0.6145601385902919, 0.5107309301346656, 0.4746356979841071, 0.45084749756162457, 0.4264576358119514, 0.403803250418731, 0.38688058776875534, 0.3734130983853763, 0.35046934979817335, 0.34897475258928723, 0.34671508999024314, 0.3460612397054057, 0.34592608539612035, 0.3458062987381145, 0.34561347537505616, 0.344175798641545, 0.34224327737568316, 0.33871511928027664, 0.331811394671514, 0.32919534174208154, 0.3227013249492505, 0.3186774823138927, 0.3105453941910654, 0.2954167557841382, 0.28912584443258726, 0.2874634128242657, 0.2864861776235027, 0.28543277798105926, 0.2851268696027973, 0.2849961731614584, 0.28497588243980687, 0.28496793583356395, 0.28495799198397764, 0.2849477144486128, 0.2849356811095557, 0.28492446152608775, 0.28492098498437834, 0.28492098498437834, 0.2849198829426707, 0.2849196024181948, 0.2849195379265421, 0.2849195225389143, 0.284919519742882, 0.2849195194563934, 0.2849195193270698, 0.2849195193054149, 0.2849195192980405, 0.28491951929590886]}, "8": {"maxiter": 1000, "fatol": 1e-05, "xatol": 1e-05, "duration": 0.1661679744720459, "fun": "0.2849195193054149", "nit": "474", "nfev": "734", "status": "0", "success": "True", "message": "Optimization terminated successfully.", "x": "[ 4.97314902  3.80051381  6.39538232  3.79806562 -2.45697868 -0.57718272]", "final_simplex": "(array([[ 4.97314902,  3.80051381,  6.39538232,  3.79806562, -2.45697868,\n        -0.57718272],\n       [ 4.97314646,  3.80051946,  6.39538233,  3.79805952, -2.45697286,\n        -0.5771822 ],\n       [ 4.97315161,  3.80051784,  6.39537956,  3.79806846, -2.45698179,\n        -0.57718872],\n       [ 4.97314921,  3.80052229,  6.39538103,  3.79806821, -2.4569715 ,\n        -0.57718041],\n       [ 4.97315341,  3.80051859,  6.395387  ,  3.79805995, -2.45697643,\n        -0.57718183],\n       [ 4.97315197,  3.80051617,  6.39538128,  3.798068  , -2.45697032,\n        -0.57718194],\n       [ 4.97315469,  3.80052129,  6.39538266,  3.7980607 , -2.45698111,\n        -0.57718163]]), array([0.28491952, 0.28491952, 0.28491952, 0.28491952, 0.28491952,\n       0.28491952, 0.28491952]))", "callback": [0.8279367720392932, 0.6145601385902919, 0.5107309301346656, 0.4746356979841071, 0.45084749756162457, 0.4264576358119514, 0.403803250418731, 0.38688058776875534, 0.3734130983853763, 0.35046934979817335, 0.34897475258928723, 0.34671508999024314, 0.3460612397054057, 0.34592608539612035, 0.3458062987381145, 0.34561347537505616, 0.344175798641545, 0.34224327737568316, 0.33871511928027664, 0.331811394671514, 0.32919534174208154, 0.3227013249492505, 0.3186774823138927, 0.3105453941910654, 0.2954167557841382, 0.28912584443258726, 0.2874634128242657, 0.2864861776235027, 0.28543277798105926, 0.2851268696027973, 0.2849961731614584, 0.28497588243980687, 0.28496793583356395, 0.28495799198397764, 0.2849477144486128, 0.2849356811095557, 0.28492446152608775, 0.28492098498437834, 0.28492098498437834, 0.2849198829426707, 0.2849196024181948, 0.2849195379265421, 0.2849195225389143, 0.284919519742882, 0.2849195194563934, 0.2849195193270698, 0.2849195193054149]}, "9": {"maxiter": 1000, "fatol": 1e-05, "xatol": 1e-10, "duration": 0.24309515953063965, "fun": "0.2849195192913876", "nit": "604", "nfev": "989", "status": "0", "success": "True", "message": "Optimization terminated successfully.", "x": "[ 4.97314237  3.80051792  6.39538615  3.79806587 -2.45697796 -0.57718159]", "final_simplex": "(array([[ 4.97314237,  3.80051792,  6.39538615,  3.79806587, -2.45697796,\n        -0.57718159],\n       [ 4.97314237,  3.80051792,  6.39538615,  3.79806587, -2.45697796,\n        -0.57718159],\n       [ 4.97314237,  3.80051792,  6.39538615,  3.79806587, -2.45697796,\n        -0.57718159],\n       [ 4.97314237,  3.80051792,  6.39538615,  3.79806587, -2.45697796,\n        -0.57718159],\n       [ 4.97314237,  3.80051792,  6.39538615,  3.79806587, -2.45697796,\n        -0.57718159],\n       [ 4.97314237,  3.80051792,  6.39538615,  3.79806587, -2.45697796,\n        -0.57718159],\n       [ 4.97314237,  3.80051792,  6.39538615,  3.79806587, -2.45697796,\n        -0.57718159]]), array([0.28491952, 0.28491952, 0.28491952, 0.28491952, 0.28491952,\n       0.28491952, 0.28491952]))", "callback": [0.8279367720392932, 0.6145601385902919, 0.5107309301346656, 0.4746356979841071, 0.45084749756162457, 0.4264576358119514, 0.403803250418731, 0.38688058776875534, 0.3734130983853763, 0.35046934979817335, 0.34897475258928723, 0.34671508999024314, 0.3460612397054057, 0.34592608539612035, 0.3458062987381145, 0.34561347537505616, 0.344175798641545, 0.34224327737568316, 0.33871511928027664, 0.331811394671514, 0.32919534174208154, 0.3227013249492505, 0.3186774823138927, 0.3105453941910654, 0.2954167557841382, 0.28912584443258726, 0.2874634128242657, 0.2864861776235027, 0.28543277798105926, 0.2851268696027973, 0.2849961731614584, 0.28497588243980687, 0.28496793583356395, 0.28495799198397764, 0.2849477144486128, 0.2849356811095557, 0.28492446152608775, 0.28492098498437834, 0.28492098498437834, 0.2849198829426707, 0.2849196024181948, 0.2849195379265421, 0.2849195225389143, 0.284919519742882, 0.2849195194563934, 0.2849195193270698, 0.2849195193054149, 0.2849195192980405, 0.28491951929590886, 0.2849195192929044, 0.2849195192919518, 0.2849195192915063, 0.2849195192914217, 0.2849195192914029, 0.28491951929139003, 0.28491951929138826, 0.2849195192913879, 0.2849195192913877, 0.2849195192913877, 0.2849195192913876]}, "10": {"maxiter": 1000, "fatol": 1e-10, "xatol": 1e-05, "duration": 0.17301511764526367, "fun": "0.2849195193054149", "nit": "474", "nfev": "734", "status": "0", "success": "True", "message": "Optimization terminated successfully.", "x": "[ 4.97314902  3.80051381  6.39538232  3.79806562 -2.45697868 -0.57718272]", "final_simplex": "(array([[ 4.97314902,  3.80051381,  6.39538232,  3.79806562, -2.45697868,\n        -0.57718272],\n       [ 4.97314646,  3.80051946,  6.39538233,  3.79805952, -2.45697286,\n        -0.5771822 ],\n       [ 4.97315161,  3.80051784,  6.39537956,  3.79806846, -2.45698179,\n        -0.57718872],\n       [ 4.97314921,  3.80052229,  6.39538103,  3.79806821, -2.4569715 ,\n        -0.57718041],\n       [ 4.97315341,  3.80051859,  6.395387  ,  3.79805995, -2.45697643,\n        -0.57718183],\n       [ 4.97315197,  3.80051617,  6.39538128,  3.798068  , -2.45697032,\n        -0.57718194],\n       [ 4.97315469,  3.80052129,  6.39538266,  3.7980607 , -2.45698111,\n        -0.57718163]]), array([0.28491952, 0.28491952, 0.28491952, 0.28491952, 0.28491952,\n       0.28491952, 0.28491952]))", "callback": [0.8279367720392932, 0.6145601385902919, 0.5107309301346656, 0.4746356979841071, 0.45084749756162457, 0.4264576358119514, 0.403803250418731, 0.38688058776875534, 0.3734130983853763, 0.35046934979817335, 0.34897475258928723, 0.34671508999024314, 0.3460612397054057, 0.34592608539612035, 0.3458062987381145, 0.34561347537505616, 0.344175798641545, 0.34224327737568316, 0.33871511928027664, 0.331811394671514, 0.32919534174208154, 0.3227013249492505, 0.3186774823138927, 0.3105453941910654, 0.2954167557841382, 0.28912584443258726, 0.2874634128242657, 0.2864861776235027, 0.28543277798105926, 0.2851268696027973, 0.2849961731614584, 0.28497588243980687, 0.28496793583356395, 0.28495799198397764, 0.2849477144486128, 0.2849356811095557, 0.28492446152608775, 0.28492098498437834, 0.28492098498437834, 0.2849198829426707, 0.2849196024181948, 0.2849195379265421, 0.2849195225389143, 0.284919519742882, 0.2849195194563934, 0.2849195193270698, 0.2849195193054149]}, "11": {"maxiter": 1000, "fatol": 1e-10, "xatol": 1e-10, "duration": 0.22832107543945312, "fun": "0.2849195192913876", "nit": "604", "nfev": "989", "status": "0", "success": "True", "message": "Optimization terminated successfully.", "x": "[ 4.97314237  3.80051792  6.39538615  3.79806587 -2.45697796 -0.57718159]", "final_simplex": "(array([[ 4.97314237,  3.80051792,  6.39538615,  3.79806587, -2.45697796,\n        -0.57718159],\n       [ 4.97314237,  3.80051792,  6.39538615,  3.79806587, -2.45697796,\n        -0.57718159],\n       [ 4.97314237,  3.80051792,  6.39538615,  3.79806587, -2.45697796,\n        -0.57718159],\n       [ 4.97314237,  3.80051792,  6.39538615,  3.79806587, -2.45697796,\n        -0.57718159],\n       [ 4.97314237,  3.80051792,  6.39538615,  3.79806587, -2.45697796,\n        -0.57718159],\n       [ 4.97314237,  3.80051792,  6.39538615,  3.79806587, -2.45697796,\n        -0.57718159],\n       [ 4.97314237,  3.80051792,  6.39538615,  3.79806587, -2.45697796,\n        -0.57718159]]), array([0.28491952, 0.28491952, 0.28491952, 0.28491952, 0.28491952,\n       0.28491952, 0.28491952]))", "callback": [0.8279367720392932, 0.6145601385902919, 0.5107309301346656, 0.4746356979841071, 0.45084749756162457, 0.4264576358119514, 0.403803250418731, 0.38688058776875534, 0.3734130983853763, 0.35046934979817335, 0.34897475258928723, 0.34671508999024314, 0.3460612397054057, 0.34592608539612035, 0.3458062987381145, 0.34561347537505616, 0.344175798641545, 0.34224327737568316, 0.33871511928027664, 0.331811394671514, 0.32919534174208154, 0.3227013249492505, 0.3186774823138927, 0.3105453941910654, 0.2954167557841382, 0.28912584443258726, 0.2874634128242657, 0.2864861776235027, 0.28543277798105926, 0.2851268696027973, 0.2849961731614584, 0.28497588243980687, 0.28496793583356395, 0.28495799198397764, 0.2849477144486128, 0.2849356811095557, 0.28492446152608775, 0.28492098498437834, 0.28492098498437834, 0.2849198829426707, 0.2849196024181948, 0.2849195379265421, 0.2849195225389143, 0.284919519742882, 0.2849195194563934, 0.2849195193270698, 0.2849195193054149, 0.2849195192980405, 0.28491951929590886, 0.2849195192929044, 0.2849195192919518, 0.2849195192915063, 0.2849195192914217, 0.2849195192914029, 0.28491951929139003, 0.28491951929138826, 0.2849195192913879, 0.2849195192913877, 0.2849195192913877, 0.2849195192913876]}}, "bfgs": {"type": "gradient", "0": {"maxiter": 100, "gtol": 1e-05, "xrtol": 1e-05, "eps": 1e-05, "duration": 0.03771805763244629, "fun": "0.28491951992485043", "jac": "[-3.96062072e-06  5.06381603e-06 -1.36095246e-05  4.53170834e-06\n -6.81427137e-06  8.35627123e-06]", "hess_inv": "[[ 3.34130116  0.29483596 -0.4694208  -0.24770966 -0.79818125 -0.79015027]\n [ 0.29483596  2.7609364  -0.02730814 -0.21728606 -0.51131803 -0.7554956 ]\n [-0.4694208  -0.02730814  2.09880367  0.59776389  1.22626505  2.2557414 ]\n [-0.24770966 -0.21728606  0.59776389  2.57166194  0.98943047  0.9012009 ]\n [-0.79818125 -0.51131803  1.22626505  0.98943047  7.85761855  6.65033247]\n [-0.79015027 -0.7554956   2.2557414   0.9012009   6.65033247  8.3902606 ]]", "nfev": "161", "njev": "23", "status": "0", "success": "True", "message": "Optimization terminated successfully.", "x": "[4.9731285  3.80054541 6.39533048 2.48511887 0.6845662  2.56438502]", "nit": "18", "callback": [0.29832211047630164]}, "1": {"maxiter": 100, "gtol": 1e-05, "xrtol": 1e-05, "eps": 1e-10, "duration": 0.03764915466308594, "fun": "0.2849195197387553", "jac": "[-4.44089173e-06  3.33066880e-06 -1.33226752e-05  1.11022293e-06\n -6.66133760e-06  7.77156053e-06]", "hess_inv": "[[ 3.34503304  0.31281129 -0.45745234 -0.24855509 -0.80209867 -0.77779698]\n [ 0.31281129  2.7808736  -0.04927704 -0.25602107 -0.58901626 -0.83223035]\n [-0.45745234 -0.04927704  2.06215513  0.58863505  1.19701258  2.19831842]\n [-0.24855509 -0.25602107  0.58863505  2.61615061  1.05156422  0.93866668]\n [-0.80209867 -0.58901626  1.19701258  1.05156422  7.94548082  6.68138046]\n [-0.77779698 -0.83223035  2.19831842  0.93866668  6.68138046  8.3518803 ]]", "nfev": "161", "njev": "23", "status": "0", "success": "True", "message": "Optimization terminated successfully.", "x": "[4.97313104 3.80054749 6.39534301 2.48512367 0.68459087 2.56440814]", "nit": "18", "callback": [0.29832265103179567]}, "2": {"maxiter": 100, "gtol": 1e-05, "xrtol": 1e-10, "eps": 1e-05, "duration": 0.040971994400024414, "fun": "0.2849195195625164", "jac": "[-3.66436881e-06  3.27526894e-07 -8.47302228e-06  1.64520619e-06\n -2.32784902e-06  3.26371152e-06]", "hess_inv": "[[ 2.87625525  0.28169359 -0.82422124 -0.16520743 -0.99562912 -1.00507413]\n [ 0.28169359  3.25341887 -0.43898109 -0.06932196 -0.84395188 -0.70952377]\n [-0.82422124 -0.43898109  2.15543087  0.5420261   1.34215407  2.04935409]\n [-0.16520743 -0.06932196  0.5420261   2.60005821  0.92781843  0.9547087 ]\n [-0.99562912 -0.84395188  1.34215407  0.92781843  7.99081706  6.52454361]\n [-1.00507413 -0.70952377  2.04935409  0.9547087   6.52454361  8.29642825]]", "nfev": "168", "njev": "24", "status": "0", "success": "True", "message": "Optimization terminated successfully.", "x": "[4.97312961 3.80052457 6.39534834 2.48511251 0.68458053 2.56438333]", "nit": "19", "callback": [0.29832211047630164]}, "3": {"maxiter": 100, "gtol": 1e-05, "xrtol": 1e-10, "eps": 1e-10, "duration": 0.039727210998535156, "fun": "0.2849195194445393", "jac": "[-2.22044587e-06  4.44089173e-06 -7.77156053e-06  4.44089173e-06\n  0.00000000e+00  2.22044587e-06]", "hess_inv": "[[ 3.01512595  0.28449216 -0.80860729 -0.41089975 -1.15107672 -1.1110721 ]\n [ 0.28449216  3.07609622 -0.3834431  -0.27536731 -0.84904003 -0.78595796]\n [-0.80860729 -0.3834431   1.99891267  0.4213609   1.06054921  1.76709553]\n [-0.41089975 -0.27536731  0.4213609   2.53636045  0.88401696  0.7733035 ]\n [-1.15107672 -0.84904003  1.06054921  0.88401696  7.75415725  6.27096163]\n [-1.1110721  -0.78595796  1.76709553  0.7733035   6.27096163  8.03404048]]", "nfev": "168", "njev": "24", "status": "0", "success": "True", "message": "Optimization terminated successfully.", "x": "[4.97313413 3.80053416 6.39536019 2.48512544 0.68460465 2.56440784]", "nit": "19", "callback": [0.29832265103179567]}, "4": {"maxiter": 100, "gtol": 1e-10, "xrtol": 1e-05, "eps": 1e-05, "duration": 0.03762197494506836, "fun": "0.28491951992485043", "jac": "[-3.96062072e-06  5.06381603e-06 -1.36095246e-05  4.53170834e-06\n -6.81427137e-06  8.35627123e-06]", "hess_inv": "[[ 3.34130116  0.29483596 -0.4694208  -0.24770966 -0.79818125 -0.79015027]\n [ 0.29483596  2.7609364  -0.02730814 -0.21728606 -0.51131803 -0.7554956 ]\n [-0.4694208  -0.02730814  2.09880367  0.59776389  1.22626505  2.2557414 ]\n [-0.24770966 -0.21728606  0.59776389  2.57166194  0.98943047  0.9012009 ]\n [-0.79818125 -0.51131803  1.22626505  0.98943047  7.85761855  6.65033247]\n [-0.79015027 -0.7554956   2.2557414   0.9012009   6.65033247  8.3902606 ]]", "nfev": "161", "njev": "23", "status": "0", "success": "True", "message": "Optimization terminated successfully.", "x": "[4.9731285  3.80054541 6.39533048 2.48511887 0.6845662  2.56438502]", "nit": "18", "callback": [0.29832211047630164]}, "5": {"maxiter": 100, "gtol": 1e-10, "xrtol": 1e-05, "eps": 1e-10, "duration": 0.03756093978881836, "fun": "0.2849195197387553", "jac": "[-4.44089173e-06  3.33066880e-06 -1.33226752e-05  1.11022293e-06\n -6.66133760e-06  7.77156053e-06]", "hess_inv": "[[ 3.34503304  0.31281129 -0.45745234 -0.24855509 -0.80209867 -0.77779698]\n [ 0.31281129  2.7808736  -0.04927704 -0.25602107 -0.58901626 -0.83223035]\n [-0.45745234 -0.04927704  2.06215513  0.58863505  1.19701258  2.19831842]\n [-0.24855509 -0.25602107  0.58863505  2.61615061  1.05156422  0.93866668]\n [-0.80209867 -0.58901626  1.19701258  1.05156422  7.94548082  6.68138046]\n [-0.77779698 -0.83223035  2.19831842  0.93866668  6.68138046  8.3518803 ]]", "nfev": "161", "njev": "23", "status": "0", "success": "True", "message": "Optimization terminated successfully.", "x": "[4.97313104 3.80054749 6.39534301 2.48512367 0.68459087 2.56440814]", "nit": "18", "callback": [0.29832265103179567]}, "6": {"maxiter": 100, "gtol": 1e-10, "xrtol": 1e-10, "eps": 1e-05, "duration": 0.08366227149963379, "fun": "0.2849195193582731", "jac": "[ 2.77888823e-08  1.11355369e-08  1.92179606e-08 -6.90114632e-08\n  1.66422431e-08  1.12576615e-08]", "hess_inv": "[[ 3.00904194e+00 -4.59957168e-04 -3.13450144e-01 -8.23344357e-03\n  -9.75587641e-01 -1.21540253e+00]\n [-4.59957168e-04  3.18275769e+00 -8.35247469e-01  1.00561991e-01\n  -1.04120709e+00 -9.11465250e-01]\n [-3.13450144e-01 -8.35247469e-01  3.45170961e+00  8.17945388e-01\n   1.41450803e+00  1.75148257e+00]\n [-8.23344357e-03  1.00561991e-01  8.17945388e-01  3.23111125e+00\n   3.60169219e-01  5.12067611e-01]\n [-9.75587641e-01 -1.04120709e+00  1.41450803e+00  3.60169219e-01\n   8.56573622e+00  6.92861404e+00]\n [-1.21540253e+00 -9.11465250e-01  1.75148257e+00  5.12067611e-01\n   6.92861404e+00  8.56482556e+00]]", "nfev": "362", "njev": "50", "status": "2", "success": "False", "message": "Desired error not necessarily achieved due to precision loss.", "x": "[4.97314095 3.80051671 6.39537472 2.48511203 0.68458739 2.56438253]", "nit": "22", "callback": [0.29832211047630164, 0.28491951937691873]}, "7": {"maxiter": 100, "gtol": 1e-10, "xrtol": 1e-10, "eps": 1e-10, "duration": 0.09890508651733398, "fun": "0.2849195193082581", "jac": "[ 0.00000000e+00  1.11022293e-06  2.22044587e-06 -1.11022293e-06\n  1.11022293e-06  1.11022293e-06]", "hess_inv": "[[ 2.83606593 -0.39538537 -0.09270138 -0.51503723  0.04799988 -0.23683181]\n [-0.39538537  3.22022306 -1.42832819 -0.30802254 -1.52786711 -1.31033952]\n [-0.09270138 -1.42832819  1.34001686  0.91320701  0.78911218  0.46812628]\n [-0.51503723 -0.30802254  0.91320701  1.71342769  0.03244565  0.82476123]\n [ 0.04799988 -1.52786711  0.78911218  0.03244565  4.01433745  3.23016736]\n [-0.23683181 -1.31033952  0.46812628  0.82476123  3.23016736  4.84265064]]", "nfev": "432", "njev": "60", "status": "2", "success": "False", "message": "Desired error not necessarily achieved due to precision loss.", "x": "[4.97313667 3.80051915 6.39538824 2.48511299 0.6846119  2.56441223]", "nit": "23", "callback": [0.29832265103179567, 0.28491951944326455]}, "8": {"maxiter": 500, "gtol": 1e-05, "xrtol": 1e-05, "eps": 1e-05, "duration": 0.03711891174316406, "fun": "0.28491951992485043", "jac": "[-3.96062072e-06  5.06381603e-06 -1.36095246e-05  4.53170834e-06\n -6.81427137e-06  8.35627123e-06]", "hess_inv": "[[ 3.34130116  0.29483596 -0.4694208  -0.24770966 -0.79818125 -0.79015027]\n [ 0.29483596  2.7609364  -0.02730814 -0.21728606 -0.51131803 -0.7554956 ]\n [-0.4694208  -0.02730814  2.09880367  0.59776389  1.22626505  2.2557414 ]\n [-0.24770966 -0.21728606  0.59776389  2.57166194  0.98943047  0.9012009 ]\n [-0.79818125 -0.51131803  1.22626505  0.98943047  7.85761855  6.65033247]\n [-0.79015027 -0.7554956   2.2557414   0.9012009   6.65033247  8.3902606 ]]", "nfev": "161", "njev": "23", "status": "0", "success": "True", "message": "Optimization terminated successfully.", "x": "[4.9731285  3.80054541 6.39533048 2.48511887 0.6845662  2.56438502]", "nit": "18", "callback": [0.29832211047630164]}, "9": {"maxiter": 500, "gtol": 1e-05, "xrtol": 1e-05, "eps": 1e-10, "duration": 0.03747677803039551, "fun": "0.2849195197387553", "jac": "[-4.44089173e-06  3.33066880e-06 -1.33226752e-05  1.11022293e-06\n -6.66133760e-06  7.77156053e-06]", "hess_inv": "[[ 3.34503304  0.31281129 -0.45745234 -0.24855509 -0.80209867 -0.77779698]\n [ 0.31281129  2.7808736  -0.04927704 -0.25602107 -0.58901626 -0.83223035]\n [-0.45745234 -0.04927704  2.06215513  0.58863505  1.19701258  2.19831842]\n [-0.24855509 -0.25602107  0.58863505  2.61615061  1.05156422  0.93866668]\n [-0.80209867 -0.58901626  1.19701258  1.05156422  7.94548082  6.68138046]\n [-0.77779698 -0.83223035  2.19831842  0.93866668  6.68138046  8.3518803 ]]", "nfev": "161", "njev": "23", "status": "0", "success": "True", "message": "Optimization terminated successfully.", "x": "[4.97313104 3.80054749 6.39534301 2.48512367 0.68459087 2.56440814]", "nit": "18", "callback": [0.29832265103179567]}, "10": {"maxiter": 500, "gtol": 1e-05, "xrtol": 1e-10, "eps": 1e-05, "duration": 0.03915286064147949, "fun": "0.2849195195625164", "jac": "[-3.66436881e-06  3.27526894e-07 -8.47302228e-06  1.64520619e-06\n -2.32784902e-06  3.26371152e-06]", "hess_inv": "[[ 2.87625525  0.28169359 -0.82422124 -0.16520743 -0.99562912 -1.00507413]\n [ 0.28169359  3.25341887 -0.43898109 -0.06932196 -0.84395188 -0.70952377]\n [-0.82422124 -0.43898109  2.15543087  0.5420261   1.34215407  2.04935409]\n [-0.16520743 -0.06932196  0.5420261   2.60005821  0.92781843  0.9547087 ]\n [-0.99562912 -0.84395188  1.34215407  0.92781843  7.99081706  6.52454361]\n [-1.00507413 -0.70952377  2.04935409  0.9547087   6.52454361  8.29642825]]", "nfev": "168", "njev": "24", "status": "0", "success": "True", "message": "Optimization terminated successfully.", "x": "[4.97312961 3.80052457 6.39534834 2.48511251 0.68458053 2.56438333]", "nit": "19", "callback": [0.29832211047630164]}, "11": {"maxiter": 500, "gtol": 1e-05, "xrtol": 1e-10, "eps": 1e-10, "duration": 0.03957509994506836, "fun": "0.2849195194445393", "jac": "[-2.22044587e-06  4.44089173e-06 -7.77156053e-06  4.44089173e-06\n  0.00000000e+00  2.22044587e-06]", "hess_inv": "[[ 3.01512595  0.28449216 -0.80860729 -0.41089975 -1.15107672 -1.1110721 ]\n [ 0.28449216  3.07609622 -0.3834431  -0.27536731 -0.84904003 -0.78595796]\n [-0.80860729 -0.3834431   1.99891267  0.4213609   1.06054921  1.76709553]\n [-0.41089975 -0.27536731  0.4213609   2.53636045  0.88401696  0.7733035 ]\n [-1.15107672 -0.84904003  1.06054921  0.88401696  7.75415725  6.27096163]\n [-1.1110721  -0.78595796  1.76709553  0.7733035   6.27096163  8.03404048]]", "nfev": "168", "njev": "24", "status": "0", "success": "True", "message": "Optimization terminated successfully.", "x": "[4.97313413 3.80053416 6.39536019 2.48512544 0.68460465 2.56440784]", "nit": "19", "callback": [0.29832265103179567]}, "12": {"maxiter": 500, "gtol": 1e-10, "xrtol": 1e-05, "eps": 1e-05, "duration": 0.03793525695800781, "fun": "0.28491951992485043", "jac": "[-3.96062072e-06  5.06381603e-06 -1.36095246e-05  4.53170834e-06\n -6.81427137e-06  8.35627123e-06]", "hess_inv": "[[ 3.34130116  0.29483596 -0.4694208  -0.24770966 -0.79818125 -0.79015027]\n [ 0.29483596  2.7609364  -0.02730814 -0.21728606 -0.51131803 -0.7554956 ]\n [-0.4694208  -0.02730814  2.09880367  0.59776389  1.22626505  2.2557414 ]\n [-0.24770966 -0.21728606  0.59776389  2.57166194  0.98943047  0.9012009 ]\n [-0.79818125 -0.51131803  1.22626505  0.98943047  7.85761855  6.65033247]\n [-0.79015027 -0.7554956   2.2557414   0.9012009   6.65033247  8.3902606 ]]", "nfev": "161", "njev": "23", "status": "0", "success": "True", "message": "Optimization terminated successfully.", "x": "[4.9731285  3.80054541 6.39533048 2.48511887 0.6845662  2.56438502]", "nit": "18", "callback": [0.29832211047630164]}, "13": {"maxiter": 500, "gtol": 1e-10, "xrtol": 1e-05, "eps": 1e-10, "duration": 0.036431074142456055, "fun": "0.2849195197387553", "jac": "[-4.44089173e-06  3.33066880e-06 -1.33226752e-05  1.11022293e-06\n -6.66133760e-06  7.77156053e-06]", "hess_inv": "[[ 3.34503304  0.31281129 -0.45745234 -0.24855509 -0.80209867 -0.77779698]\n [ 0.31281129  2.7808736  -0.04927704 -0.25602107 -0.58901626 -0.83223035]\n [-0.45745234 -0.04927704  2.06215513  0.58863505  1.19701258  2.19831842]\n [-0.24855509 -0.25602107  0.58863505  2.61615061  1.05156422  0.93866668]\n [-0.80209867 -0.58901626  1.19701258  1.05156422  7.94548082  6.68138046]\n [-0.77779698 -0.83223035  2.19831842  0.93866668  6.68138046  8.3518803 ]]", "nfev": "161", "njev": "23", "status": "0", "success": "True", "message": "Optimization terminated successfully.", "x": "[4.97313104 3.80054749 6.39534301 2.48512367 0.68459087 2.56440814]", "nit": "18", "callback": [0.29832265103179567]}, "14": {"maxiter": 500, "gtol": 1e-10, "xrtol": 1e-10, "eps": 1e-05, "duration": 0.0806729793548584, "fun": "0.2849195193582731", "jac": "[ 2.77888823e-08  1.11355369e-08  1.92179606e-08 -6.90114632e-08\n  1.66422431e-08  1.12576615e-08]", "hess_inv": "[[ 3.00904194e+00 -4.59957168e-04 -3.13450144e-01 -8.23344357e-03\n  -9.75587641e-01 -1.21540253e+00]\n [-4.59957168e-04  3.18275769e+00 -8.35247469e-01  1.00561991e-01\n  -1.04120709e+00 -9.11465250e-01]\n [-3.13450144e-01 -8.35247469e-01  3.45170961e+00  8.17945388e-01\n   1.41450803e+00  1.75148257e+00]\n [-8.23344357e-03  1.00561991e-01  8.17945388e-01  3.23111125e+00\n   3.60169219e-01  5.12067611e-01]\n [-9.75587641e-01 -1.04120709e+00  1.41450803e+00  3.60169219e-01\n   8.56573622e+00  6.92861404e+00]\n [-1.21540253e+00 -9.11465250e-01  1.75148257e+00  5.12067611e-01\n   6.92861404e+00  8.56482556e+00]]", "nfev": "362", "njev": "50", "status": "2", "success": "False", "message": "Desired error not necessarily achieved due to precision loss.", "x": "[4.97314095 3.80051671 6.39537472 2.48511203 0.68458739 2.56438253]", "nit": "22", "callback": [0.29832211047630164, 0.28491951937691873]}, "15": {"maxiter": 500, "gtol": 1e-10, "xrtol": 1e-10, "eps": 1e-10, "duration": 0.09605216979980469, "fun": "0.2849195193082581", "jac": "[ 0.00000000e+00  1.11022293e-06  2.22044587e