{"date": "2024/09/23/, 15:56:20", "conf_id": 35, "data_type": "random\n", "num_data_points": 2, "s_rank": 0, "unitary": "[[-0.45070455-0.02711853j,0.78437395-0.06613086j,0.06358678+0.19963393j,-0.07343613+0.35668523j],[-0.01890143-0.03813363j,0.32408202+0.25557629j,0.05872864-0.68979805j,0.55466693-0.20227297j],[-0.11215405+0.64023111j,-0.13344055+0.29565494j,-0.49012687-0.19046288j,-0.04241254+0.44046348j],[0.55771659+0.24656916j,0.31851997-0.05798805j,0.28761525-0.34294258j,-0.56718418+0.03616933j]]", "databatch_0": {"databatch": "[[[0.23888646-3.68107864e-01j,0.00414352+1.73474748e-01j,0.20671393-1.15195149e-01j,-0.06508692-1.42877805e-01j],[-0.04966339+4.53803654e-02j,0.06352117+1.68277965e-01j,-0.06693011+3.43038826e-01j,-0.16763377-3.29753701e-01j],[0.13287593-2.17067749e-01j,0.07524615-8.60236555e-02j,-0.06194096-1.32589861e-01j,0.15626839-1.64668593e-01j],[-0.08397104+1.28494951e-04j,0.06602001+4.03278804e-01j,-0.02187852+7.02328457e-02j,0.26164265+4.57776171e-02j]],[[0.02500492+2.91582338e-01j,0.07656482+2.49382179e-02j,-0.25992842+8.24492334e-04j,0.06190263-1.63425190e-01j],[0.0920271-1.71207704e-01j,0.06300407-1.38216657e-02j,-0.05176334-1.14216286e-01j,-0.48270362-3.74357486e-02j],[-0.13554944+2.44822342e-01j,-0.21009805+3.22356622e-01j,0.08061285+2.16449776e-01j,-0.29180355+3.67625863e-03j],[0.10663277+8.60353440e-02j,0.08133615+2.95310954e-01j,-0.02546612-1.16091489e-01j,0.16144402+5.61352200e-03j]]]", "initial param values": "[2.36358615,5.7976827,0.44086345,2.9469231,6.09543149,5.83712147]", "nelder_mead": {"type": "gradient-free", "0": {"maxiter": 100, "fatol": 1e-05, "xatol": 1e-05, "duration": 0.05047774314880371, "fun": "0.4496641450471417", "nit": "100", "nfev": "160", "status": "2", "success": "False", "message": "Maximum number of iterations has been exceeded.", "x": "[1.47460686 7.17783338 0.95382945 1.93431857 3.97047874 5.30463978]", "final_simplex": "(array([[1.47460686, 7.17783338, 0.95382945, 1.93431857, 3.97047874,\n        5.30463978],\n       [1.46062165, 7.14634038, 0.96887998, 1.90674828, 3.90780388,\n        5.28355218],\n       [1.47797548, 7.12530603, 0.9587029 , 1.92136072, 3.97879339,\n        5.28183834],\n       [1.47183624, 7.16282859, 0.9684155 , 1.89050169, 3.90762686,\n        5.2557155 ],\n       [1.4761631 , 7.1533423 , 0.96484486, 1.90338698, 3.9372193 ,\n        5.25988216],\n       [1.50800883, 7.15229615, 0.94710668, 1.94330464, 3.94967042,\n        5.2671314 ],\n       [1.48504601, 7.1811234 , 0.95781207, 1.89089002, 3.98956621,\n        5.31618488]]), array([0.44966415, 0.45001892, 0.45037147, 0.45038698, 0.45040464,\n       0.45061637, 0.45061691]))", "callback": [0.6614633799372113, 0.6344330115556809, 0.6237569914925191, 0.5865990590549035, 0.48823106176118913, 0.4645517728295493, 0.45345635974680176, 0.451235707852782, 0.4506930351617854]}, "1": {"maxiter": 100, "fatol": 1e-05, "xatol": 1e-10, "duration": 0.05018901824951172, "fun": "0.4496641450471417", "nit": "100", "nfev": "160", "status": "2", "success": "False", "message": "Maximum number of iterations has been exceeded.", "x": "[1.47460686 7.17783338 0.95382945 1.93431857 3.97047874 5.30463978]", "final_simplex": "(array([[1.47460686, 7.17783338, 0.95382945, 1.93431857, 3.97047874,\n        5.30463978],\n       [1.46062165, 7.14634038, 0.96887998, 1.90674828, 3.90780388,\n        5.28355218],\n       [1.47797548, 7.12530603, 0.9587029 , 1.92136072, 3.97879339,\n        5.28183834],\n       [1.47183624, 7.16282859, 0.9684155 , 1.89050169, 3.90762686,\n        5.2557155 ],\n       [1.4761631 , 7.1533423 , 0.96484486, 1.90338698, 3.9372193 ,\n        5.25988216],\n       [1.50800883, 7.15229615, 0.94710668, 1.94330464, 3.94967042,\n        5.2671314 ],\n       [1.48504601, 7.1811234 , 0.95781207, 1.89089002, 3.98956621,\n        5.31618488]]), array([0.44966415, 0.45001892, 0.45037147, 0.45038698, 0.45040464,\n       0.45061637, 0.45061691]))", "callback": [0.6614633799372113, 0.6344330115556809, 0.6237569914925191, 0.5865990590549035, 0.48823106176118913, 0.4645517728295493, 0.45345635974680176, 0.451235707852782, 0.4506930351617854]}, "2": {"maxiter": 100, "fatol": 1e-10, "xatol": 1e-05, "duration": 0.05249214172363281, "fun": "0.4496641450471417", "nit": "100", "nfev": "160", "status": "2", "success": "False", "message": "Maximum number of iterations has been exceeded.", "x": "[1.47460686 7.17783338 0.95382945 1.93431857 3.97047874 5.30463978]", "final_simplex": "(array([[1.47460686, 7.17783338, 0.95382945, 1.93431857, 3.97047874,\n        5.30463978],\n       [1.46062165, 7.14634038, 0.96887998, 1.90674828, 3.90780388,\n        5.28355218],\n       [1.47797548, 7.12530603, 0.9587029 , 1.92136072, 3.97879339,\n        5.28183834],\n       [1.47183624, 7.16282859, 0.9684155 , 1.89050169, 3.90762686,\n        5.2557155 ],\n       [1.4761631 , 7.1533423 , 0.96484486, 1.90338698, 3.9372193 ,\n        5.25988216],\n       [1.50800883, 7.15229615, 0.94710668, 1.94330464, 3.94967042,\n        5.2671314 ],\n       [1.48504601, 7.1811234 , 0.95781207, 1.89089002, 3.98956621,\n        5.31618488]]), array([0.44966415, 0.45001892, 0.45037147, 0.45038698, 0.45040464,\n       0.45061637, 0.45061691]))", "callback": [0.6614633799372113, 0.6344330115556809, 0.6237569914925191, 0.5865990590549035, 0.48823106176118913, 0.4645517728295493, 0.45345635974680176, 0.451235707852782, 0.4506930351617854]}, "3": {"maxiter": 100, "fatol": 1e-10, "xatol": 1e-10, "duration": 0.050135135650634766, "fun": "0.4496641450471417", "nit": "100", "nfev": "160", "status": "2", "success": "False", "message": "Maximum number of iterations has been exceeded.", "x": "[1.47460686 7.17783338 0.95382945 1.93431857 3.97047874 5.30463978]", "final_simplex": "(array([[1.47460686, 7.17783338, 0.95382945, 1.93431857, 3.97047874,\n        5.30463978],\n       [1.46062165, 7.14634038, 0.96887998, 1.90674828, 3.90780388,\n        5.28355218],\n       [1.47797548, 7.12530603, 0.9587029 , 1.92136072, 3.97879339,\n        5.28183834],\n       [1.47183624, 7.16282859, 0.9684155 , 1.89050169, 3.90762686,\n        5.2557155 ],\n       [1.4761631 , 7.1533423 , 0.96484486, 1.90338698, 3.9372193 ,\n        5.25988216],\n       [1.50800883, 7.15229615, 0.94710668, 1.94330464, 3.94967042,\n        5.2671314 ],\n       [1.48504601, 7.1811234 , 0.95781207, 1.89089002, 3.98956621,\n        5.31618488]]), array([0.44966415, 0.45001892, 0.45037147, 0.45038698, 0.45040464,\n       0.45061637, 0.45061691]))", "callback": [0.6614633799372113, 0.6344330115556809, 0.6237569914925191, 0.5865990590549035, 0.48823106176118913, 0.4645517728295493, 0.45345635974680176, 0.451235707852782, 0.4506930351617854]}, "4": {"maxiter": 500, "fatol": 1e-05, "xatol": 1e-05, "duration": 0.20639514923095703, "fun": "0.357009071522309", "nit": "401", "nfev": "629", "status": "0", "success": "True", "message": "Optimization terminated successfully.", "x": "[1.11380336 7.45805328 0.14782385 1.63343815 4.05455331 5.28242215]", "final_simplex": "(array([[1.11380336, 7.45805328, 0.14782385, 1.63343815, 4.05455331,\n        5.28242215],\n       [1.11379925, 7.45805907, 0.14782337, 1.63344099, 4.05455852,\n        5.28242776],\n       [1.11379356, 7.45805888, 0.14782639, 1.6334373 , 4.05455652,\n        5.28242194],\n       [1.11379636, 7.45805159, 0.14782591, 1.6334464 , 4.05455504,\n        5.28242125],\n       [1.11379625, 7.45805786, 0.14782964, 1.63343703, 4.05455981,\n        5.28242183],\n       [1.11380125, 7.4580628 , 0.14781913, 1.63344227, 4.05456297,\n        5.28242008],\n       [1.1138005 , 7.45805493, 0.14782307, 1.63343811, 4.05456217,\n        5.28242376]]), array([0.35700907, 0.35700907, 0.35700907, 0.35700907, 0.35700907,\n       0.35700907, 0.35700907]))", "callback": [0.6614633799372113, 0.6344330115556809, 0.6237569914925191, 0.5865990590549035, 0.48823106176118913, 0.4645517728295493, 0.45345635974680176, 0.451235707852782, 0.4506930351617854, 0.4496641450471417, 0.44889926644488576, 0.4486375606385501, 0.44813070777138664, 0.4468589485420196, 0.4429118261679279, 0.430781356735525, 0.4192228001385302, 0.40779143569080356, 0.4019957791409534, 0.3932278932087011, 0.3770517765846061, 0.36590997392297675, 0.3612318112846755, 0.3580584314907278, 0.35731867976693465, 0.35707079523907104, 0.3570270515446724, 0.3570175772786415, 0.3570134857591276, 0.3570101761563452, 0.35700925590560484, 0.35700913252719146, 0.3570090857100534, 0.35700907556048544, 0.3570090725838241, 0.3570090720104595, 0.35700907169226803, 0.3570090716295682, 0.35700907154257244, 0.357009071522309]}, "5": {"maxiter": 500, "fatol": 1e-05, "xatol": 1e-10, "duration": 0.25682783126831055, "fun": "0.3570090715109602", "nit": "500", "nfev": "786", "status": "2", "success": "False", "message": "Maximum number of iterations has been exceeded.", "x": "[1.11380413 7.45805767 0.14782723 1.63344255 4.0545524  5.28242187]", "final_simplex": "(array([[1.11380413, 7.45805767, 0.14782723, 1.63344255, 4.0545524 ,\n        5.28242187],\n       [1.11380408, 7.45805776, 0.14782712, 1.63344251, 4.0545523 ,\n        5.28242187],\n       [1.11380409, 7.45805764, 0.14782723, 1.63344255, 4.05455224,\n        5.2824219 ],\n       [1.11380409, 7.45805773, 0.14782721, 1.63344252, 4.05455228,\n        5.2824219 ],\n       [1.11380421, 7.45805774, 0.14782711, 1.63344264, 4.0545523 ,\n        5.2824219 ],\n       [1.11380407, 7.45805766, 0.14782726, 1.63344247, 4.05455216,\n        5.28242179],\n       [1.11380414, 7.4580577 , 0.14782719, 1.6334424 , 4.05455227,\n        5.28242188]]), array([0.35700907, 0.35700907, 0.35700907, 0.35700907, 0.35700907,\n       0.35700907, 0.35700907]))", "callback": [0.6614633799372113, 0.6344330115556809, 0.6237569914925191, 0.5865990590549035, 0.48823106176118913, 0.4645517728295493, 0.45345635974680176, 0.451235707852782, 0.4506930351617854, 0.4496641450471417, 0.44889926644488576, 0.4486375606385501, 0.44813070777138664, 0.4468589485420196, 0.4429118261679279, 0.430781356735525, 0.4192228001385302, 0.40779143569080356, 0.4019957791409534, 0.3932278932087011, 0.3770517765846061, 0.36590997392297675, 0.3612318112846755, 0.3580584314907278, 0.35731867976693465, 0.35707079523907104, 0.3570270515446724, 0.3570175772786415, 0.3570134857591276, 0.3570101761563452, 0.35700925590560484, 0.35700913252719146, 0.3570090857100534, 0.35700907556048544, 0.3570090725838241, 0.3570090720104595, 0.35700907169226803, 0.3570090716295682, 0.35700907154257244, 0.357009071522309, 0.3570090715164762, 0.35700907151254324, 0.35700907151193395, 0.35700907151161065, 0.3570090715111598, 0.357009071511012, 0.35700907151100214, 0.3570090715109733, 0.35700907151096495]}, "6": {"maxiter": 500, "fatol": 1e-10, "xatol": 1e-05, "duration": 0.20742392539978027, "fun": "0.357009071522309", "nit": "401", "nfev": "629", "status": "0", "success": "True", "message": "Optimization terminated successfully.", "x": "[1.11380336 7.45805328 0.14782385 1.63343815 4.05455331 5.28242215]", "final_simplex": "(array([[1.11380336, 7.45805328, 0.14782385, 1.63343815, 4.05455331,\n        5.28242215],\n       [1.11379925, 7.45805907, 0.14782337, 1.63344099, 4.05455852,\n        5.28242776],\n       [1.11379356, 7.45805888, 0.14782639, 1.6334373 , 4.05455652,\n        5.28242194],\n       [1.11379636, 7.45805159, 0.14782591, 1.6334464 , 4.05455504,\n        5.28242125],\n       [1.11379625, 7.45805786, 0.14782964, 1.63343703, 4.05455981,\n        5.28242183],\n       [1.11380125, 7.4580628 , 0.14781913, 1.63344227, 4.05456297,\n        5.28242008],\n       [1.1138005 , 7.45805493, 0.14782307, 1.63343811, 4.05456217,\n        5.28242376]]), array([0.35700907, 0.35700907, 0.35700907, 0.35700907, 0.35700907,\n       0.35700907, 0.35700907]))", "callback": [0.6614633799372113, 0.6344330115556809, 0.6237569914925191, 0.5865990590549035, 0.48823106176118913, 0.4645517728295493, 0.45345635974680176, 0.451235707852782, 0.4506930351617854, 0.4496641450471417, 0.44889926644488576, 0.4486375606385501, 0.44813070777138664, 0.4468589485420196, 0.4429118261679279, 0.430781356735525, 0.4192228001385302, 0.40779143569080356, 0.4019957791409534, 0.3932278932087011, 0.3770517765846061, 0.36590997392297675, 0.3612318112846755, 0.3580584314907278, 0.35731867976693465, 0.35707079523907104, 0.3570270515446724, 0.3570175772786415, 0.3570134857591276, 0.3570101761563452, 0.35700925590560484, 0.35700913252719146, 0.3570090857100534, 0.35700907556048544, 0.3570090725838241, 0.3570090720104595, 0.35700907169226803, 0.3570090716295682, 0.35700907154257244, 0.357009071522309]}, "7": {"maxiter": 500, "fatol": 1e-10, "xatol": 1e-10, "duration": 0.2791929244995117, "fun": "0.3570090715109602", "nit": "500", "nfev": "786", "status": "2", "success": "False", "message": "Maximum number of iterations has been exceeded.", "x": "[1.11380413 7.45805767 0.14782723 1.63344255 4.0545524  5.28242187]", "final_simplex": "(array([[1.11380413, 7.45805767, 0.14782723, 1.63344255, 4.0545524 ,\n        5.28242187],\n       [1.11380408, 7.45805776, 0.14782712, 1.63344251, 4.0545523 ,\n        5.28242187],\n       [1.11380409, 7.45805764, 0.14782723, 1.63344255, 4.05455224,\n        5.2824219 ],\n       [1.11380409, 7.45805773, 0.14782721, 1.63344252, 4.05455228,\n        5.2824219 ],\n       [1.11380421, 7.45805774, 0.14782711, 1.63344264, 4.0545523 ,\n        5.2824219 ],\n       [1.11380407, 7.45805766, 0.14782726, 1.63344247, 4.05455216,\n        5.28242179],\n       [1.11380414, 7.4580577 , 0.14782719, 1.6334424 , 4.05455227,\n        5.28242188]]), array([0.35700907, 0.35700907, 0.35700907, 0.35700907, 0.35700907,\n       0.35700907, 0.35700907]))", "callback": [0.6614633799372113, 0.6344330115556809, 0.6237569914925191, 0.5865990590549035, 0.48823106176118913, 0.4645517728295493, 0.45345635974680176, 0.451235707852782, 0.4506930351617854, 0.4496641450471417, 0.44889926644488576, 0.4486375606385501, 0.44813070777138664, 0.4468589485420196, 0.4429118261679279, 0.430781356735525, 0.4192228001385302, 0.40779143569080356, 0.4019957791409534, 0.3932278932087011, 0.3770517765846061, 0.36590997392297675, 0.3612318112846755, 0.3580584314907278, 0.35731867976693465, 0.35707079523907104, 0.3570270515446724, 0.3570175772786415, 0.3570134857591276, 0.3570101761563452, 0.35700925590560484, 0.35700913252719146, 0.3570090857100534, 0.35700907556048544, 0.3570090725838241, 0.3570090720104595, 0.35700907169226803, 0.3570090716295682, 0.35700907154257244, 0.357009071522309, 0.3570090715164762, 0.35700907151254324, 0.35700907151193395, 0.35700907151161065, 0.3570090715111598, 0.357009071511012, 0.35700907151100214, 0.3570090715109733, 0.35700907151096495]}, "8": {"maxiter": 1000, "fatol": 1e-05, "xatol": 1e-05, "duration": 0.23282623291015625, "fun": "0.357009071522309", "nit": "401", "nfev": "629", "status": "0", "success": "True", "message": "Optimization terminated successfully.", "x": "[1.11380336 7.45805328 0.14782385 1.63343815 4.05455331 5.28242215]", "final_simplex": "(array([[1.11380336, 7.45805328, 0.14782385, 1.63343815, 4.05455331,\n        5.28242215],\n       [1.11379925, 7.45805907, 0.14782337, 1.63344099, 4.05455852,\n        5.28242776],\n       [1.11379356, 7.45805888, 0.14782639, 1.6334373 , 4.05455652,\n        5.28242194],\n       [1.11379636, 7.45805159, 0.14782591, 1.6334464 , 4.05455504,\n        5.28242125],\n       [1.11379625, 7.45805786, 0.14782964, 1.63343703, 4.05455981,\n        5.28242183],\n       [1.11380125, 7.4580628 , 0.14781913, 1.63344227, 4.05456297,\n        5.28242008],\n       [1.1138005 , 7.45805493, 0.14782307, 1.63343811, 4.05456217,\n        5.28242376]]), array([0.35700907, 0.35700907, 0.35700907, 0.35700907, 0.35700907,\n       0.35700907, 0.35700907]))", "callback": [0.6614633799372113, 0.6344330115556809, 0.6237569914925191, 0.5865990590549035, 0.48823106176118913, 0.4645517728295493, 0.45345635974680176, 0.451235707852782, 0.4506930351617854, 0.4496641450471417, 0.44889926644488576, 0.4486375606385501, 0.44813070777138664, 0.4468589485420196, 0.4429118261679279, 0.430781356735525, 0.4192228001385302, 0.40779143569080356, 0.4019957791409534, 0.3932278932087011, 0.3770517765846061, 0.36590997392297675, 0.3612318112846755, 0.3580584314907278, 0.35731867976693465, 0.35707079523907104, 0.3570270515446724, 0.3570175772786415, 0.3570134857591276, 0.3570101761563452, 0.35700925590560484, 0.35700913252719146, 0.3570090857100534, 0.35700907556048544, 0.3570090725838241, 0.3570090720104595, 0.35700907169226803, 0.3570090716295682, 0.35700907154257244, 0.357009071522309]}, "9": {"maxiter": 1000, "fatol": 1e-05, "xatol": 1e-10, "duration": 0.3007669448852539, "fun": "0.35700907151095784", "nit": "554", "nfev": "926", "status": "0", "success": "True", "message": "Optimization terminated successfully.", "x": "[1.11380415 7.45805762 0.14782721 1.63344258 4.05455233 5.28242179]", "final_simplex": "(array([[1.11380415, 7.45805762, 0.14782721, 1.63344258, 4.05455233,\n        5.28242179],\n       [1.11380415, 7.45805762, 0.14782721, 1.63344258, 4.05455233,\n        5.28242179],\n       [1.11380415, 7.45805762, 0.14782721, 1.63344258, 4.05455233,\n        5.28242179],\n       [1.11380415, 7.45805762, 0.14782721, 1.63344258, 4.05455233,\n        5.28242179],\n       [1.11380415, 7.45805762, 0.14782721, 1.63344258, 4.05455233,\n        5.28242179],\n       [1.11380415, 7.45805762, 0.14782721, 1.63344258, 4.05455233,\n        5.28242179],\n       [1.11380415, 7.45805762, 0.14782721, 1.63344258, 4.05455233,\n        5.28242179]]), array([0.35700907, 0.35700907, 0.35700907, 0.35700907, 0.35700907,\n       0.35700907, 0.35700907]))", "callback": [0.6614633799372113, 0.6344330115556809, 0.6237569914925191, 0.5865990590549035, 0.48823106176118913, 0.4645517728295493, 0.45345635974680176, 0.451235707852782, 0.4506930351617854, 0.4496641450471417, 0.44889926644488576, 0.4486375606385501, 0.44813070777138664, 0.4468589485420196, 0.4429118261679279, 0.430781356735525, 0.4192228001385302, 0.40779143569080356, 0.4019957791409534, 0.3932278932087011, 0.3770517765846061, 0.36590997392297675, 0.3612318112846755, 0.3580584314907278, 0.35731867976693465, 0.35707079523907104, 0.3570270515446724, 0.3570175772786415, 0.3570134857591276, 0.3570101761563452, 0.35700925590560484, 0.35700913252719146, 0.3570090857100534, 0.35700907556048544, 0.3570090725838241, 0.3570090720104595, 0.35700907169226803, 0.3570090716295682, 0.35700907154257244, 0.357009071522309, 0.3570090715164762, 0.35700907151254324, 0.35700907151193395, 0.35700907151161065, 0.3570090715111598, 0.357009071511012, 0.35700907151100214, 0.3570090715109733, 0.35700907151096495, 0.3570090715109602, 0.35700907151095873, 0.3570090715109582, 0.35700907151095795, 0.35700907151095795, 0.35700907151095784]}, "10": {"maxiter": 1000, "fatol": 1e-10, "xatol": 1e-05, "duration": 0.1939380168914795, "fun": "0.357009071522309", "nit": "401", "nfev": "629", "status": "0", "success": "True", "message": "Optimization terminated successfully.", "x": "[1.11380336 7.45805328 0.14782385 1.63343815 4.05455331 5.28242215]", "final_simplex": "(array([[1.11380336, 7.45805328, 0.14782385, 1.63343815, 4.05455331,\n        5.28242215],\n       [1.11379925, 7.45805907, 0.14782337, 1.63344099, 4.05455852,\n        5.28242776],\n       [1.11379356, 7.45805888, 0.14782639, 1.6334373 , 4.05455652,\n        5.28242194],\n       [1.11379636, 7.45805159, 0.14782591, 1.6334464 , 4.05455504,\n        5.28242125],\n       [1.11379625, 7.45805786, 0.14782964, 1.63343703, 4.05455981,\n        5.28242183],\n       [1.11380125, 7.4580628 , 0.14781913, 1.63344227, 4.05456297,\n        5.28242008],\n       [1.1138005 , 7.45805493, 0.14782307, 1.63343811, 4.05456217,\n        5.28242376]]), array([0.35700907, 0.35700907, 0.35700907, 0.35700907, 0.35700907,\n       0.35700907, 0.35700907]))", "callback": [0.6614633799372113, 0.6344330115556809, 0.6237569914925191, 0.5865990590549035, 0.48823106176118913, 0.4645517728295493, 0.45345635974680176, 0.451235707852782, 0.4506930351617854, 0.4496641450471417, 0.44889926644488576, 0.4486375606385501, 0.44813070777138664, 0.4468589485420196, 0.4429118261679279, 0.430781356735525, 0.4192228001385302, 0.40779143569080356, 0.4019957791409534, 0.3932278932087011, 0.3770517765846061, 0.36590997392297675, 0.3612318112846755, 0.3580584314907278, 0.35731867976693465, 0.35707079523907104, 0.3570270515446724, 0.3570175772786415, 0.3570134857591276, 0.3570101761563452, 0.35700925590560484, 0.35700913252719146, 0.3570090857100534, 0.35700907556048544, 0.3570090725838241, 0.3570090720104595, 0.35700907169226803, 0.3570090716295682, 0.35700907154257244, 0.357009071522309]}, "11": {"maxiter": 1000, "fatol": 1e-10, "xatol": 1e-10, "duration": 0.3748950958251953, "fun": "0.35700907151095784", "nit": "554", "nfev": "926", "status": "0", "success": "True", "message": "Optimization terminated successfully.", "x": "[1.11380415 7.45805762 0.14782721 1.63344258 4.05455233 5.28242179]", "final_simplex": "(array([[1.11380415, 7.45805762, 0.14782721, 1.63344258, 4.05455233,\n        5.28242179],\n       [1.11380415, 7.45805762, 0.14782721, 1.63344258, 4.05455233,\n        5.28242179],\n       [1.11380415, 7.45805762, 0.14782721, 1.63344258, 4.05455233,\n        5.28242179],\n       [1.11380415, 7.45805762, 0.14782721, 1.63344258, 4.05455233,\n        5.28242179],\n       [1.11380415, 7.45805762, 0.14782721, 1.63344258, 4.05455233,\n        5.28242179],\n       [1.11380415, 7.45805762, 0.14782721, 1.63344258, 4.05455233,\n        5.28242179],\n       [1.11380415, 7.45805762, 0.14782721, 1.63344258, 4.05455233,\n        5.28242179]]), array([0.35700907, 0.35700907, 0.35700907, 0.35700907, 0.35700907,\n       0.35700907, 0.35700907]))", "callback": [0.6614633799372113, 0.6344330115556809, 0.6237569914925191, 0.5865990590549035, 0.48823106176118913, 0.4645517728295493, 0.45345635974680176, 0.451235707852782, 0.4506930351617854, 0.4496641450471417, 0.44889926644488576, 0.4486375606385501, 0.44813070777138664, 0.4468589485420196, 0.4429118261679279, 0.430781356735525, 0.4192228001385302, 0.40779143569080356, 0.4019957791409534, 0.3932278932087011, 0.3770517765846061, 0.36590997392297675, 0.3612318112846755, 0.3580584314907278, 0.35731867976693465, 0.35707079523907104, 0.3570270515446724, 0.3570175772786415, 0.3570134857591276, 0.3570101761563452, 0.35700925590560484, 0.35700913252719146, 0.3570090857100534, 0.35700907556048544, 0.3570090725838241, 0.3570090720104595, 0.35700907169226803, 0.3570090716295682, 0.35700907154257244, 0.357009071522309, 0.3570090715164762, 0.35700907151254324, 0.35700907151193395, 0.35700907151161065, 0.3570090715111598, 0.357009071511012, 0.35700907151100214, 0.3570090715109733, 0.35700907151096495, 0.3570090715109602, 0.35700907151095873, 0.3570090715109582, 0.35700907151095795, 0.35700907151095795, 0.35700907151095784]}}, "bfgs": {"type": "gradient", "0": {"maxiter": 100, "gtol": 1e-05, "xrtol": 1e-05, "eps": 1e-05, "duration": 0.07273292541503906, "fun": "0.3570090715406863", "jac": "[ 1.47666324e-06  9.92206317e-08 -6.89115431e-08 -1.60027547e-07\n -1.76365589e-06  1.07148734e-06]", "hess_inv": "[[ 3.63413449e+00 -6.61834196e-01  2.81762238e-01  1.20116385e+00\n   8.94429826e-01  2.31050440e-01]\n [-6.61834196e-01  5.08898786e+00 -2.11603131e+00 -1.23892974e+00\n  -7.39465981e-02  9.03847954e-01]\n [ 2.81762238e-01 -2.11603131e+00  3.99594251e+00  5.16658813e-01\n  -4.54834953e-01 -2.19541585e-01]\n [ 1.20116385e+00 -1.23892974e+00  5.16658813e-01  3.81469825e+00\n   4.45176922e-01 -3.33112337e-03]\n [ 8.94429826e-01 -7.39465981e-02 -4.54834953e-01  4.45176922e-01\n   4.31301036e+00  7.15369051e-01]\n [ 2.31050440e-01  9.03847954e-01 -2.19541585e-01 -3.33112337e-03\n   7.15369051e-01  3.44289962e+00]]", "nfev": "168", "njev": "24", "status": "0", "success": "True", "message": "Optimization terminated successfully.", "x": "[1.11380051 7.45805464 0.14782455 1.63343662 4.05453991 5.28241772]", "nit": "21", "callback": [0.3666072496612611, 0.35700907267321347]}, "1": {"maxiter": 100, "gtol": 1e-05, "xrtol": 1e-05, "eps": 1e-10, "duration": 0.06511211395263672, "fun": "0.35700907152671946", "jac": "[2.22044587e-06 1.11022293e-06 0.00000000e+00 1.11022293e-06\n 0.00000000e+00 4.44089173e-06]", "hess_inv": "[[ 3.60620934 -0.62127717  0.26625629  1.17052666  0.90388462  0.25634026]\n [-0.62127717  5.0853996  -2.11998041 -1.19022569 -0.07886464  0.84131817]\n [ 0.26625629 -2.11998041  3.99693389  0.50137826 -0.45491343 -0.19853337]\n [ 1.17052666 -1.19022569  0.50137826  3.77255078  0.45313574  0.03817395]\n [ 0.90388462 -0.07886464 -0.45491343  0.45313574  4.29958228  0.71374862]\n [ 0.25634026  0.84131817 -0.19853337  0.03817395  0.71374862  3.40806293]]", "nfev": "168", "njev": "24", "status": "0", "success": "True", "message": "Optimization terminated successfully.", "x": "[1.11380963 7.45806442 0.147827   1.63344112 4.05455003 5.28242796]", "nit": "21", "callback": [0.36658819152860933, 0.3570090727531342]}, "2": {"maxiter": 100, "gtol": 1e-05, "xrtol": 1e-10, "eps": 1e-05, "duration": 0.0639948844909668, "fun": "0.3570090715406863", "jac": "[ 1.47666324e-06  9.92206317e-08 -6.89115431e-08 -1.60027547e-07\n -1.76365589e-06  1.07148734e-06]", "hess_inv": "[[ 3.63413449e+00 -6.61834196e-01  2.81762238e-01  1.20116385e+00\n   8.94429826e-01  2.31050440e-01]\n [-6.61834196e-01  5.08898786e+00 -2.11603131e+00 -1.23892974e+00\n  -7.39465981e-02  9.03847954e-01]\n [ 2.81762238e-01 -2.11603131e+00  3.99594251e+00  5.16658813e-01\n  -4.54834953e-01 -2.19541585e-01]\n [ 1.20116385e+00 -1.23892974e+00  5.16658813e-01  3.81469825e+00\n   4.45176922e-01 -3.33112337e-03]\n [ 8.94429826e-01 -7.39465981e-02 -4.54834953e-01  4.45176922e-01\n   4.31301036e+00  7.15369051e-01]\n [ 2.31050440e-01  9.03847954e-01 -2.19541585e-01 -3.33112337e-03\n   7.15369051e-01  3.44289962e+00]]", "nfev": "168", "njev": "24", "status": "0", "success": "True", "message": "Optimization terminated successfully.", "x": "[1.11380051 7.45805464 0.14782455 1.63343662 4.05453991 5.28241772]", "nit": "21", "callback": [0.3666072496612611, 0.35700907267321347]}, "3": {"maxiter": 100, "gtol": 1e-05, "xrtol": 1e-10, "eps": 1e-10, "duration": 0.10854697227478027, "fun": "0.35700907152671946", "jac": "[2.22044587e-06 1.11022293e-06 0.00000000e+00 1.11022293e-06\n 0.00000000e+00 4.44089173e-06]", "hess_inv": "[[ 3.60620934 -0.62127717  0.26625629  1.17052666  0.90388462  0.25634026]\n [-0.62127717  5.0853996  -2.11998041 -1.19022569 -0.07886464  0.84131817]\n [ 0.26625629 -2.11998041  3.99693389  0.50137826 -0.45491343 -0.19853337]\n [ 1.17052666 -1.19022569  0.50137826  3.77255078  0.45313574  0.03817395]\n [ 0.90388462 -0.07886464 -0.45491343  0.45313574  4.29958228  0.71374862]\n [ 0.25634026  0.84131817 -0.19853337  0.03817395  0.71374862  3.40806293]]", "nfev": "168", "njev": "24", "status": "0", "success": "True", "message": "Optimization terminated successfully.", "x": "[1.11380963 7.45806442 0.147827   1.63344112 4.05455003 5.28242796]", "nit": "21", "callback": [0.36658819152860933, 0.3570090727531342]}, "4": {"maxiter": 100, "gtol": 1e-10, "xrtol": 1e-05, "eps": 1e-05, "duration": 0.1251990795135498, "fun": "0.3570090715406863", "jac": "[ 1.47666324e-06  9.92206317e-08 -6.89115431e-08 -1.60027547e-07\n -1.76365589e-06  1.07148734e-06]", "hess_inv": "[[ 3.63413449e+00 -6.61834196e-01  2.81762238e-01  1.20116385e+00\n   8.94429826e-01  2.31050440e-01]\n [-6.61834196e-01  5.08898786e+00 -2.11603131e+00 -1.23892974e+00\n  -7.39465981e-02  9.03847954e-01]\n [ 2.81762238e-01 -2.11603131e+00  3.99594251e+00  5.16658813e-01\n  -4.54834953e-01 -2.19541585e-01]\n [ 1.20116385e+00 -1.23892974e+00  5.16658813e-01  3.81469825e+00\n   4.45176922e-01 -3.33112337e-03]\n [ 8.94429826e-01 -7.39465981e-02 -4.54834953e-01  4.45176922e-01\n   4.31301036e+00  7.15369051e-01]\n [ 2.31050440e-01  9.03847954e-01 -2.19541585e-01 -3.33112337e-03\n   7.15369051e-01  3.44289962e+00]]", "nfev": "168", "njev": "24", "status": "0", "success": "True", "message": "Optimization terminated successfully.", "x": "[1.11380051 7.45805464 0.14782455 1.63343662 4.05453991 5.28241772]", "nit": "21", "callback": [0.3666072496612611, 0.35700907267321347]}, "5": {"maxiter": 100, "gtol": 1e-10, "xrtol": 1e-05, "eps": 1e-10, "duration": 0.14477896690368652, "fun": "0.35700907152671946", "jac": "[2.22044587e-06 1.11022293e-06 0.00000000e+00 1.11022293e-06\n 0.00000000e+00 4.44089173e-06]", "hess_inv": "[[ 3.60620934 -0.62127717  0.26625629  1.17052666  0.90388462  0.25634026]\n [-0.62127717  5.0853996  -2.11998041 -1.19022569 -0.07886464  0.84131817]\n [ 0.26625629 -2.11998041  3.99693389  0.50137826 -0.45491343 -0.19853337]\n [ 1.17052666 -1.19022569  0.50137826  3.77255078  0.45313574  0.03817395]\n [ 0.90388462 -0.07886464 -0.45491343  0.45313574  4.29958228  0.71374862]\n [ 0.25634026  0.84131817 -0.19853337  0.03817395  0.71374862  3.40806293]]", "nfev": "168", "njev": "24", "status": "0", "success": "True", "message": "Optimization terminated successfully.", "x": "[1.11380963 7.45806442 0.147827   1.63344112 4.05455003 5.28242796]", "nit": "21", "callback": [0.36658819152860933, 0.3570090727531342]}, "6": {"maxiter": 100, "gtol": 1e-10, "xrtol": 1e-10, "eps": 1e-05, "duration": 0.2479112148284912, "fun": "0.35700907153657513", "jac": "[ 1.39233070e-07 -8.21120949e-08 -6.79567513e-08  6.07847106e-08\n  5.52002888e-08  3.15303339e-09]", "hess_inv": "[[ 3.94930117 -0.73497862  0.31978911  1.27760553  0.71842854  0.46976304]\n [-0.73497862  5.02792792 -2.11745362 -1.236344    0.10305574  0.86705691]\n [ 0.31978911 -2.11745362  3.9916106   0.53695978 -0.47381273 -0.22061355]\n [ 1.27760553 -1.236344    0.53695978  3.8073596   0.34300686  0.09420673]\n [ 0.71842854  0.10305574 -0.47381273  0.34300686  4.14571193  0.60149693]\n [ 0.46976304  0.86705691 -0.22061355  0.09420673  0.60149693  3.52312158]]", "nfev": "383", "njev": "53", "status": "2", "success": "False", "message": "Desired error not necessarily achieved due to precision loss.", "x": "[1.11379645 7.45805369 0.14782401 1.6334365  4.05454591 5.28241429]", "nit": "22", "callback": [0.3666072496612611, 0.35700907267321347]}, "7": {"maxiter": 100, "gtol": 1e-10, "xrtol": 1e-10, "eps": 1e-10, "duration": 0.15518903732299805, "fun": "0.3570090715172155", "jac": "[ 1.11022293e-06  2.22044587e-06  0.00000000e+00 -2.22044587e-06\n  1.11022293e-06 -1.11022293e-06]", "hess_inv": "[[ 2.62664062 -0.91514133  0.45879953 -3.37180398  1.34855729  1.23070206]\n [-0.91514133  0.36103757 -0.27513753  1.24844039 -0.51352636 -0.34626478]\n [ 0.45879953 -0.27513753  0.62095608 -0.99726342  0.64415716  0.27835153]\n [-3.37180398  1.24844039 -0.99726342  4.76061494 -2.14374784 -1.77191127]\n [ 1.34855729 -0.51352636  0.64415716 -2.14374784  1.25029472  1.05933746]\n [ 1.23070206 -0.34626478  0.27835153 -1.77191127  1.05933746  1.25227119]]", "nfev": "252", "njev": "36", "status": "2", "success": "False", "message": "Desired error not necessarily achieved due to precision loss.", "x": "[1.11380522 7.45806138 0.14782683 1.63343953 4.05454803 5.28242052]", "nit": "27", "callback": [0.36658819152860933, 0.3570090727531342]}, "8": {"maxiter": 500, "gtol": 1e-05, "xrtol": 1e-05, "eps": 1e-05, "duration": 0.07954597473144531, "fun": "0.3570090715406863", "jac": "[ 1.47666324e-06  9.92206317e-08 -6.89115431e-08 -1.60027547e-07\n -1.76365589e-06  1.07148734e-06]", "hess_inv": "[[ 3.63413449e+00 -6.61834196e-01  2.81762238e-01  1.20116385e+00\n   8.94429826e-01  2.31050440e-01]\n [-6.61834196e-01  5.08898786e+00 -2.11603131e+00 -1.23892974e+00\n  -7.39465981e-02  9.03847954e-01]\n [ 2.81762238e-01 -2.11603131e+00  3.99594251e+00  5.16658813e-01\n  -4.54834953e-01 -2.19541585e-01]\n [ 1.20116385e+00 -1.23892974e+00  5.16658813e-01  3.81469825e+00\n   4.45176922e-01 -3.33112337e-03]\n [ 8.94429826e-01 -7.39465981e-02 -4.54834953e-01  4.45176922e-01\n   4.31301036e+00  7.15369051e-01]\n [ 2.31050440e-01  9.03847954e-01 -2.19541585e-01 -3.33112337e-03\n   7.15369051e-01  3.44289962e+00]]", "nfev": "168", "njev": "24", "status": "0", "success": "True", "message": "Optimization terminated successfully.", "x": "[1.11380051 7.45805464 0.14782455 1.63343662 4.05453991 5.28241772]", "nit": "21", "callback": [0.3666072496612611, 0.35700907267321347]}, "9": {"maxiter": 500, "gtol": 1e-05, "xrtol": 1e-05, "eps": 1e-10, "duration": 0.07794404029846191, "fun": "0.35700907152671946", "jac": "[2.22044587e-06 1.11022293e-06 0.00000000e+00 1.11022293e-06\n 0.00000000e+00 4.44089173e-06]", "hess_inv": "[[ 3.60620934 -0.62127717  0.26625629  1.17052666  0.90388462  0.25634026]\n [-0.62127717  5.0853996  -2.11998041 -1.19022569 -0.07886464  0.84131817]\n [ 0.26625629 -2.11998041  3.99693389  0.50137826 -0.45491343 -0.19853337]\n [ 1.17052666 -1.19022569  0.50137826  3.77255078  0.45313574  0.03817395]\n [ 0.90388462 -0.07886464 -0.45491343  0.45313574  4.29958228  0.71374862]\n [ 0.25634026  0.84131817 -0.19853337  0.03817395  0.71374862  3.40806293]]", "nfev": "168", "njev": "24", "status": "0", "success": "True", "message": "Optimization terminated successfully.", "x": "[1.11380963 7.45806442 0.147827   1.63344112 4.05455003 5.28242796]", "nit": "21", "callback": [0.36658819152860933, 0.3570090727531342]}, "10": {"maxiter": 500, "gtol": 1e-05, "xrtol": 1e-10, "eps": 1e-05, "duration": 0.10081887245178223, "fun": "0.3570090715406863", "jac": "[ 1.47666324e-06  9.92206317e-08 -6.89115431e-08 -1.60027547e-07\n -1.76365589e-06  1.07148734e-06]", "hess_inv": "[[ 3.63413449e+00 -6.61834196e-01  2.81762238e-01  1.20116385e+00\n   8.94429826e-01  2.31050440e-01]\n [-6.61834196e-01  5.08898786e+00 -2.11603131e+00 -1.23892974e+00\n  -7.39465981e-02  9.03847954e-01]\n [ 2.81762238e-01 -2.11603131e+00  3.99594251e+00  5.16658813e-01\n  -4.54834953e-01 -2.19541585e-01]\n [ 1.20116385e+00 -1.23892974e+00  5.16658813e-01  3.81469825e+00\n   4.45176922e-01 -3.33112337e-03]\n [ 8.94429826e-01 -7.39465981e-02 -4.54834953e-01  4.45176922e-01\n   4.31301036e+00  7.15369051e-01]\n [ 2.31050440e-01  9.03847954e-01 -2.19541585e-01 -3.33112337e-03\n   7.15369051e-01  3.44289962e+00]]", "nfev": "168", "njev": "24", "status": "0", "success": "True", "message": "Optimization terminated successfully.", "x": "[1.11380051 7.45805464 0.14782455 1.63343662 4.05453991 5.28241772]", "nit": "21", "callback": [0.3666072496612611, 0.35700907267321347]}, "11": {"maxiter": 500, "gtol": 1e-05, "xrtol": 1e-10, "eps": 1e-10, "duration": 0.09418106079101562, "fun": "0.35700907152671946", "jac": "[2.22044587e-06 1.11022293e-06 0.00000000e+00 1.11022293e-06\n 0.00000000e+00 4.44089173e-06]", "hess_inv": "[[ 3.60620934 -0.62127717  0.26625629  1.17052666  0.90388462  0.25634026]\n [-0.62127717  5.0853996  -2.11998041 -1.19022569 -0.07886464  0.84131817]\n [ 0.26625629 -2.11998041  3.99693389  0.50137826 -0.45491343 -0.19853337]\n [ 1.17052666 -1.19022569  0.50137826  3.77255078  0.45313574  0.03817395]\n [ 0.90388462 -0.07886464 -0.45491343  0.45313574  4.29958228  0.71374862]\n [ 0.25634026  0.84131817 -0.19853337  0.03817395  0.71374862  3.40806293]]", "nfev": "168", "njev": "24", "status": "0", "success": "True", "message": "Optimization terminated successfully.", "x": "[1.11380963 7.45806442 0.147827   1.63344112 4.05455003 5.28242796]", "nit": "21", "callback": [0.36658819152860933, 0.3570090727531342]}, "12": {"maxiter": 500, "gtol": 1e-10, "xrtol": 1e-05, "eps": 1e-05, "duration": 0.1096639633178711, "fun": "0.3570090715406863", "jac": "[ 1.47666324e-06  9.92206317e-08 -6.89115431e-08 -1.60027547e-07\n -1.76365589e-06  1.07148734e-06]", "hess_inv": "[[ 3.63413449e+00 -6.61834196e-01  2.81762238e-01  1.20116385e+00\n   8.94429826e-01  2.31050440e-01]\n [-6.61834196e-01  5.08898786e+00 -2.11603131e+00 -1.23892974e+00\n  -7.39465981e-02  9.03847954e-01]\n [ 2.81762238e-01 -2.11603131e+00  3.99594251e+00  5.16658813e-01\n  -4.54834953e-01 -2.19541585e-01]\n [ 1.20116385e+00 -1.23892974e+00  5.16658813e-01  3.81469825e+00\n   4.45176922e-01 -3.33112337e-03]\n [ 8.94429826e-01 -7.39465981e-02 -4.54834953e-01  4.45176922e-01\n   4.31301036e+00  7.15369051e-01]\n [ 2.31050440e-01  9.03847954e-01 -2.19541585e-01 -3.33112337e-03\n   7.15369051e-01  3.44289962e+00]]", "nfev": "168", "njev": "24", "status": "0", "success": "True", "message": "Optimization terminated successfully.", "x": "[1.11380051 7.45805464 0.14782455 1.63343662 4.05453991 5.28241772]", "nit": "21", "callback": [0.3666072496612611, 0.35700907267321347]}, "13": {"maxiter": 500, "gtol": 1e-10, "xrtol": 1e-05, "eps": 1e-10, "duration": 0.14346623420715332, "fun": "0.35700907152671946", "jac": "[2.22044587e-06 1.11022293e-06 0.00000000e+00 1.11022293e-06\n 0.00000000e+00 4.44089173e-06]", "hess_inv": "[[ 3.60620934 -0.62127717  0.26625629  1.17052666  0.90388462  0.25634026]\n [-0.62127717  5.0853996  -2.11998041 -1.19022569 -0.07886464  0.84131817]\n [ 0.26625629 -2.11998041  3.99693389  0.50137826 -0.45491343 -0.19853337]\n [ 1.17052666 -1.19022569  0.50137826  3.77255078  0.45313574  0.03817395]\n [ 0.90388462 -0.07886464 -0.45491343  0.45313574  4.29958228  0.71374862]\n [ 0.25634026  0.84131817 -0.19853337  0.03817395  0.71374862  3.40806293]]", "nfev": "168", "njev": "24", "status": "0", "success": "True", "message": "Optimization terminated successfully.", "x": "[1.11380963 7.45806442 0.147827   1.63344112 4.05455003 5.28242796]", "nit": "21", "callback": [0.36658819152860933, 0.3570090727531342]}, "14": {"maxiter": 500, "gtol": 1e-10, "xrtol": 1e-10, "eps": 1e-05, "duration": 0.28267908096313477, "fun": "0.35700907153657513", "jac": "[ 1.39233070e-07 -8.21120949e-08 -6.79567513e-08  6.07847106e-08\n  5.52002888e-08  3.15303339e-09]", "hess_inv": "[[ 3.94930117 -0.73497862  0.31978911  1.27760553  0.71842854  0.46976304]\n [-0.73497862  5.02792792 -2.11745362 -1.236344    0.10305574  0.86705691]\n [ 0.31978911 -2.11745362  3.9916106   0.53695978 -0.47381273 -0.22061355]\n [ 1.27760553 -1.236344    0.53695978  3.8073596   0.34300686  0.09420673]\n [ 0.71842854  0.10305574 -0.47381273  0.34300686  4.14571193  0.60149693]\n [ 0.46976304  0.86705691 -0.22061355  0.09420673  0.60149693  3.52312158]]", "nfev": "383", "njev": "53", "status": "2", "success": "False", "message": "Desired error not necessarily achieved due to precision loss.", "x": "[1.11379645 7.45805369 0.14782401 1.6334365  4.05454591 5.28241429]", "nit": "22", "callback": [0.3666072496612611, 0.35700907267321347]}, "15": {"maxiter": 500, "gtol": 1e-10, "xrtol": 1e-10, "eps": 1e-10, "duration": 0.1844329833984375, "fun": "0.3570090715172155", "jac": "[ 1.11022293e-06  2.22044587e-06  0.00000000e+00 -2.22044587e-06\n  1.11022293e-06 -1.11022293e-06]", "hess_inv": "[[ 2.62664062 -0.91514133  0.45879953 -3.37180398  1.34855729  1.23070206]\n [-0.91514133  0.36103757 -0.27513753  1.24844039 -0.51352636 -0.34626478]\n [ 0.45879953 -0.27513753  0.62095608 -0.99726342  0.64415716  0.27835153]\n [-3.37180398  1.24844039 -0.99726342  4.76061494 -2.14374784 -1.77191127]\n [ 1.34855729 -0.51352636  0.64415716 -2.14374784  1.25029472  1.05933746]\n [ 1.23070206 -0.34626478  0.27835153 -1.77191127  1.05933746  1.25227119]]", "nfev": "252", "njev": "36", "status": "2", "success": "False", "message": "Desired error not necessarily achieved due to precision loss.", "x": "[1.11380522 7.45806138 0.14782683 1.63343953 4.05454803 5.28242052]", "nit": "27", "callback": [0.36658819152860933, 0.3570090727531342]}, "16": {"maxiter": 1000, "gtol": 1e-05, "xrtol": 1e-05, "eps": 1e-05, "duration": 0.11678576469421387, "fun": "0.3570090715406863", "jac": "[ 1.47666324e-06  9.92206317e-08 -6.89115431e-08 -1.60027547e-07\n -1.76365589e-06  1.07148734e-06]", "hess_inv": "[[ 3.63413449e+00 -6.61834196e-01  2.81762238e-01  1.20116385e+00\n   8.94429826e-01  2.31050440e-01]\n [-6.61834196e-01  5.08898786e+00 -2.11603131e+00 -1.23892974e+00\n  -7.39465981e-02  9.03847954e-01]\n [ 2.81762238e-01 -2.11603131e+00  3.99594251e+00  5.16658813e-01\n  -4.54834953e-01 -2.19541585e-01]\n [ 1.20116385e+00 -1.23892974