{"date": "2024/09/24/, 00:00:18", "conf_id": 148, "data_type": "orthogonal\n", "num_data_points": 4, "s_rank": 0, "unitary": "[[-0.53618537-0.34368723j,-0.12107031-0.46226139j,-0.07699282-0.46603512j,0.36022595-0.11472301j],[0.26026499-0.63450712j,-0.56616638+0.37832564j,-0.14988651+0.08458591j,0.10363514-0.16008501j],[-0.32580188-0.11070003j,-0.36476308-0.23593218j,0.02559343+0.41761608j,-0.25598305+0.6725303j],[0.07406738-0.0126433j,0.28513701+0.19483972j,-0.74939717-0.10299659j,0.29798249+0.46269921j]]", "databatch_0": {"databatch": "[[[-0.04761491+0.23478057j,0.0703937-0.34249607j,-0.17963215+0.04898882j,-0.05008921-0.35090927j],[0.01355303-0.02730979j,0.08852545-0.04684762j,0.05473383+0.23321785j,0.21174307+0.07156655j],[0.12387214+0.13900436j,-0.18732611-0.23407566j,-0.00240807+0.15119801j,-0.21478078-0.17411288j],[0.02749817+0.16693185j,0.09342041-0.33028128j,-0.09687494+0.34627333j,0.12279424-0.16452473j]],[[0.00775718+0.02751458j,0.00959944-0.05958179j,-0.00643017+0.06221694j,0.02032567-0.03239982j],[-0.02572993-0.10407879j,-0.00472394-0.07361796j,0.42774338+0.08236115j,0.29572195-0.16338513j],[-0.11130876-0.10806162j,0.01442731+0.00359627j,0.38986845-0.19427981j,0.22041372-0.24121019j],[0.00101226+0.12098993j,-0.00245706+0.06158071j,-0.4284462-0.16754184j,-0.3315172+0.09253462j]],[[-0.05654093+0.22072784j,0.0559542-0.29614717j,-0.18649783-0.02453166j,-0.08995693-0.33823182j],[0.03774215-0.05039497j,0.08767009-0.0483164j,0.0999456+0.32281769j,0.26704963+0.11605688j],[0.10815319+0.13071859j,-0.16485987-0.20227985j,-0.03029899+0.11955438j,-0.21139085-0.14922834j],[0.0476521+0.1339553j,0.09038448-0.29224893j,-0.07557218+0.39602418j,0.15154847-0.08971466j]],[[0.00858184+0.1427962j,0.03256904-0.2566648j,-0.06507064+0.1627778j,0.02061566-0.19768126j],[-0.00781908-0.02058027j,-0.01118114-0.17344335j,0.32695537+0.13276j,0.22573243-0.22471122j],[-0.17875289-0.15503541j,0.14790993+0.1397727j,0.27021832-0.26528407j,0.30059453-0.09529186j],[-0.01164495+0.06254107j,0.0109661+0.11485547j,-0.34145063-0.17569206j,-0.25402744+0.12695686j]]]", "initial param values": "[2.70905997,1.91443205,0.89519747,2.45693524,5.66045854,0.61438101]", "nelder_mead": {"type": "gradient-free", "0": {"maxiter": 100, "fatol": 1e-05, "xatol": 1e-05, "duration": 0.038292884826660156, "fun": "0.47908415305051344", "nit": "100", "nfev": "157", "status": "2", "success": "False", "message": "Maximum number of iterations has been exceeded.", "x": "[ 0.67805685  0.41163257  1.73406199  1.72267336 10.14902137 -0.05255999]", "final_simplex": "(array([[ 0.67805685,  0.41163257,  1.73406199,  1.72267336, 10.14902137,\n        -0.05255999],\n       [ 0.74264836,  0.52196258,  1.65141942,  1.85543496, 10.13735518,\n        -0.02810816],\n       [ 0.69255317,  0.52350226,  1.66522414,  1.84630954, 10.2749266 ,\n        -0.03945088],\n       [ 0.78517591,  0.59167914,  1.65590493,  1.8574239 , 10.07570498,\n        -0.04840581],\n       [ 0.75825082,  0.72804255,  1.66797629,  1.64900792, 10.23119323,\n        -0.10761023],\n       [ 0.7089881 ,  0.51711915,  1.65971632,  1.97262636, 10.11051155,\n        -0.02338143],\n       [ 0.69571288,  0.49548969,  1.80672807,  1.69464381,  9.86166969,\n        -0.17131637]]), array([0.47908415, 0.48168782, 0.48169632, 0.48494492, 0.48557599,\n       0.48794624, 0.48839153]))", "callback": [0.8693275327621843, 0.6794252308816227, 0.6252436167380861, 0.6252436167380861, 0.6060405314531856, 0.595406211132596, 0.5894521643204698, 0.5514731537202344, 0.48494492121435384]}, "1": {"maxiter": 100, "fatol": 1e-05, "xatol": 1e-10, "duration": 0.03595280647277832, "fun": "0.47908415305051344", "nit": "100", "nfev": "157", "status": "2", "success": "False", "message": "Maximum number of iterations has been exceeded.", "x": "[ 0.67805685  0.41163257  1.73406199  1.72267336 10.14902137 -0.05255999]", "final_simplex": "(array([[ 0.67805685,  0.41163257,  1.73406199,  1.72267336, 10.14902137,\n        -0.05255999],\n       [ 0.74264836,  0.52196258,  1.65141942,  1.85543496, 10.13735518,\n        -0.02810816],\n       [ 0.69255317,  0.52350226,  1.66522414,  1.84630954, 10.2749266 ,\n        -0.03945088],\n       [ 0.78517591,  0.59167914,  1.65590493,  1.8574239 , 10.07570498,\n        -0.04840581],\n       [ 0.75825082,  0.72804255,  1.66797629,  1.64900792, 10.23119323,\n        -0.10761023],\n       [ 0.7089881 ,  0.51711915,  1.65971632,  1.97262636, 10.11051155,\n        -0.02338143],\n       [ 0.69571288,  0.49548969,  1.80672807,  1.69464381,  9.86166969,\n        -0.17131637]]), array([0.47908415, 0.48168782, 0.48169632, 0.48494492, 0.48557599,\n       0.48794624, 0.48839153]))", "callback": [0.8693275327621843, 0.6794252308816227, 0.6252436167380861, 0.6252436167380861, 0.6060405314531856, 0.595406211132596, 0.5894521643204698, 0.5514731537202344, 0.48494492121435384]}, "2": {"maxiter": 100, "fatol": 1e-10, "xatol": 1e-05, "duration": 0.03554487228393555, "fun": "0.47908415305051344", "nit": "100", "nfev": "157", "status": "2", "success": "False", "message": "Maximum number of iterations has been exceeded.", "x": "[ 0.67805685  0.41163257  1.73406199  1.72267336 10.14902137 -0.05255999]", "final_simplex": "(array([[ 0.67805685,  0.41163257,  1.73406199,  1.72267336, 10.14902137,\n        -0.05255999],\n       [ 0.74264836,  0.52196258,  1.65141942,  1.85543496, 10.13735518,\n        -0.02810816],\n       [ 0.69255317,  0.52350226,  1.66522414,  1.84630954, 10.2749266 ,\n        -0.03945088],\n       [ 0.78517591,  0.59167914,  1.65590493,  1.8574239 , 10.07570498,\n        -0.04840581],\n       [ 0.75825082,  0.72804255,  1.66797629,  1.64900792, 10.23119323,\n        -0.10761023],\n       [ 0.7089881 ,  0.51711915,  1.65971632,  1.97262636, 10.11051155,\n        -0.02338143],\n       [ 0.69571288,  0.49548969,  1.80672807,  1.69464381,  9.86166969,\n        -0.17131637]]), array([0.47908415, 0.48168782, 0.48169632, 0.48494492, 0.48557599,\n       0.48794624, 0.48839153]))", "callback": [0.8693275327621843, 0.6794252308816227, 0.6252436167380861, 0.6252436167380861, 0.6060405314531856, 0.595406211132596, 0.5894521643204698, 0.5514731537202344, 0.48494492121435384]}, "3": {"maxiter": 100, "fatol": 1e-10, "xatol": 1e-10, "duration": 0.03492021560668945, "fun": "0.47908415305051344", "nit": "100", "nfev": "157", "status": "2", "success": "False", "message": "Maximum number of iterations has been exceeded.", "x": "[ 0.67805685  0.41163257  1.73406199  1.72267336 10.14902137 -0.05255999]", "final_simplex": "(array([[ 0.67805685,  0.41163257,  1.73406199,  1.72267336, 10.14902137,\n        -0.05255999],\n       [ 0.74264836,  0.52196258,  1.65141942,  1.85543496, 10.13735518,\n        -0.02810816],\n       [ 0.69255317,  0.52350226,  1.66522414,  1.84630954, 10.2749266 ,\n        -0.03945088],\n       [ 0.78517591,  0.59167914,  1.65590493,  1.8574239 , 10.07570498,\n        -0.04840581],\n       [ 0.75825082,  0.72804255,  1.66797629,  1.64900792, 10.23119323,\n        -0.10761023],\n       [ 0.7089881 ,  0.51711915,  1.65971632,  1.97262636, 10.11051155,\n        -0.02338143],\n       [ 0.69571288,  0.49548969,  1.80672807,  1.69464381,  9.86166969,\n        -0.17131637]]), array([0.47908415, 0.48168782, 0.48169632, 0.48494492, 0.48557599,\n       0.48794624, 0.48839153]))", "callback": [0.8693275327621843, 0.6794252308816227, 0.6252436167380861, 0.6252436167380861, 0.6060405314531856, 0.595406211132596, 0.5894521643204698, 0.5514731537202344, 0.48494492121435384]}, "4": {"maxiter": 500, "fatol": 1e-05, "xatol": 1e-05, "duration": 0.1815659999847412, "fun": "0.383064668400644", "nit": "500", "nfev": "765", "status": "2", "success": "False", "message": "Maximum number of iterations has been exceeded.", "x": "[-0.75327904 -1.19027858  2.84235329  1.30533672  9.63283666 -0.62831136]", "final_simplex": "(array([[-0.75327904, -1.19027858,  2.84235329,  1.30533672,  9.63283666,\n        -0.62831136],\n       [-0.7532768 , -1.19026851,  2.84234272,  1.30533926,  9.63286818,\n        -0.62829299],\n       [-0.75327731, -1.19027341,  2.84236792,  1.30533394,  9.63282888,\n        -0.62825911],\n       [-0.75331856, -1.19021053,  2.84226312,  1.30529712,  9.63282677,\n        -0.6282985 ],\n       [-0.7533192 , -1.19020106,  2.84230024,  1.30528015,  9.63283575,\n        -0.62829275],\n       [-0.7532853 , -1.19027953,  2.84233391,  1.30531432,  9.632866  ,\n        -0.62829401],\n       [-0.75333727, -1.19023793,  2.84232014,  1.30530933,  9.63283064,\n        -0.62828954]]), array([0.38306467, 0.38306467, 0.38306467, 0.38306467, 0.38306467,\n       0.38306467, 0.38306467]))", "callback": [0.8693275327621843, 0.6794252308816227, 0.6252436167380861, 0.6252436167380861, 0.6060405314531856, 0.595406211132596, 0.5894521643204698, 0.5514731537202344, 0.48494492121435384, 0.47908415305051344, 0.4779714158771078, 0.47610854981783957, 0.47360963831464964, 0.46483806840639363, 0.3932846174107093, 0.39131907933198784, 0.38938982901020736, 0.38895738318645434, 0.38889652062747415, 0.38867826360037183, 0.3881110880526104, 0.3874271720584952, 0.3866067101926317, 0.3857408431269387, 0.38459861003588225, 0.3835963804637541, 0.383419113870189, 0.383315221384256, 0.38329485931518303, 0.38329050524135244, 0.38328834351898533, 0.38328428647505897, 0.38327243911000974, 0.3832460921625409, 0.3831979253992812, 0.38313672947800936, 0.38310776905523736, 0.3830772223932075, 0.38306965855426034, 0.38306639166547685, 0.38306526740551716, 0.38306496062465656, 0.38306476554326485, 0.383064692222172, 0.38306468434852947, 0.3830646756188123, 0.38306466988110577, 0.3830646692559754, 0.38306466875989154]}, "5": {"maxiter": 500, "fatol": 1e-05, "xatol": 1e-10, "duration": 0.17530536651611328, "fun": "0.383064668400644", "nit": "500", "nfev": "765", "status": "2", "success": "False", "message": "Maximum number of iterations has been exceeded.", "x": "[-0.75327904 -1.19027858  2.84235329  1.30533672  9.63283666 -0.62831136]", "final_simplex": "(array([[-0.75327904, -1.19027858,  2.84235329,  1.30533672,  9.63283666,\n        -0.62831136],\n       [-0.7532768 , -1.19026851,  2.84234272,  1.30533926,  9.63286818,\n        -0.62829299],\n       [-0.75327731, -1.19027341,  2.84236792,  1.30533394,  9.63282888,\n        -0.62825911],\n       [-0.75331856, -1.19021053,  2.84226312,  1.30529712,  9.63282677,\n        -0.6282985 ],\n       [-0.7533192 , -1.19020106,  2.84230024,  1.30528015,  9.63283575,\n        -0.62829275],\n       [-0.7532853 , -1.19027953,  2.84233391,  1.30531432,  9.632866  ,\n        -0.62829401],\n       [-0.75333727, -1.19023793,  2.84232014,  1.30530933,  9.63283064,\n        -0.62828954]]), array([0.38306467, 0.38306467, 0.38306467, 0.38306467, 0.38306467,\n       0.38306467, 0.38306467]))", "callback": [0.8693275327621843, 0.6794252308816227, 0.6252436167380861, 0.6252436167380861, 0.6060405314531856, 0.595406211132596, 0.5894521643204698, 0.5514731537202344, 0.48494492121435384, 0.47908415305051344, 0.4779714158771078, 0.47610854981783957, 0.47360963831464964, 0.46483806840639363, 0.3932846174107093, 0.39131907933198784, 0.38938982901020736, 0.38895738318645434, 0.38889652062747415, 0.38867826360037183, 0.3881110880526104, 0.3874271720584952, 0.3866067101926317, 0.3857408431269387, 0.38459861003588225, 0.3835963804637541, 0.383419113870189, 0.383315221384256, 0.38329485931518303, 0.38329050524135244, 0.38328834351898533, 0.38328428647505897, 0.38327243911000974, 0.3832460921625409, 0.3831979253992812, 0.38313672947800936, 0.38310776905523736, 0.3830772223932075, 0.38306965855426034, 0.38306639166547685, 0.38306526740551716, 0.38306496062465656, 0.38306476554326485, 0.383064692222172, 0.38306468434852947, 0.3830646756188123, 0.38306466988110577, 0.3830646692559754, 0.38306466875989154]}, "6": {"maxiter": 500, "fatol": 1e-10, "xatol": 1e-05, "duration": 0.18302607536315918, "fun": "0.383064668400644", "nit": "500", "nfev": "765", "status": "2", "success": "False", "message": "Maximum number of iterations has been exceeded.", "x": "[-0.75327904 -1.19027858  2.84235329  1.30533672  9.63283666 -0.62831136]", "final_simplex": "(array([[-0.75327904, -1.19027858,  2.84235329,  1.30533672,  9.63283666,\n        -0.62831136],\n       [-0.7532768 , -1.19026851,  2.84234272,  1.30533926,  9.63286818,\n        -0.62829299],\n       [-0.75327731, -1.19027341,  2.84236792,  1.30533394,  9.63282888,\n        -0.62825911],\n       [-0.75331856, -1.19021053,  2.84226312,  1.30529712,  9.63282677,\n        -0.6282985 ],\n       [-0.7533192 , -1.19020106,  2.84230024,  1.30528015,  9.63283575,\n        -0.62829275],\n       [-0.7532853 , -1.19027953,  2.84233391,  1.30531432,  9.632866  ,\n        -0.62829401],\n       [-0.75333727, -1.19023793,  2.84232014,  1.30530933,  9.63283064,\n        -0.62828954]]), array([0.38306467, 0.38306467, 0.38306467, 0.38306467, 0.38306467,\n       0.38306467, 0.38306467]))", "callback": [0.8693275327621843, 0.6794252308816227, 0.6252436167380861, 0.6252436167380861, 0.6060405314531856, 0.595406211132596, 0.5894521643204698, 0.5514731537202344, 0.48494492121435384, 0.47908415305051344, 0.4779714158771078, 0.47610854981783957, 0.47360963831464964, 0.46483806840639363, 0.3932846174107093, 0.39131907933198784, 0.38938982901020736, 0.38895738318645434, 0.38889652062747415, 0.38867826360037183, 0.3881110880526104, 0.3874271720584952, 0.3866067101926317, 0.3857408431269387, 0.38459861003588225, 0.3835963804637541, 0.383419113870189, 0.383315221384256, 0.38329485931518303, 0.38329050524135244, 0.38328834351898533, 0.38328428647505897, 0.38327243911000974, 0.3832460921625409, 0.3831979253992812, 0.38313672947800936, 0.38310776905523736, 0.3830772223932075, 0.38306965855426034, 0.38306639166547685, 0.38306526740551716, 0.38306496062465656, 0.38306476554326485, 0.383064692222172, 0.38306468434852947, 0.3830646756188123, 0.38306466988110577, 0.3830646692559754, 0.38306466875989154]}, "7": {"maxiter": 500, "fatol": 1e-10, "xatol": 1e-10, "duration": 0.18645668029785156, "fun": "0.383064668400644", "nit": "500", "nfev": "765", "status": "2", "success": "False", "message": "Maximum number of iterations has been exceeded.", "x": "[-0.75327904 -1.19027858  2.84235329  1.30533672  9.63283666 -0.62831136]", "final_simplex": "(array([[-0.75327904, -1.19027858,  2.84235329,  1.30533672,  9.63283666,\n        -0.62831136],\n       [-0.7532768 , -1.19026851,  2.84234272,  1.30533926,  9.63286818,\n        -0.62829299],\n       [-0.75327731, -1.19027341,  2.84236792,  1.30533394,  9.63282888,\n        -0.62825911],\n       [-0.75331856, -1.19021053,  2.84226312,  1.30529712,  9.63282677,\n        -0.6282985 ],\n       [-0.7533192 , -1.19020106,  2.84230024,  1.30528015,  9.63283575,\n        -0.62829275],\n       [-0.7532853 , -1.19027953,  2.84233391,  1.30531432,  9.632866  ,\n        -0.62829401],\n       [-0.75333727, -1.19023793,  2.84232014,  1.30530933,  9.63283064,\n        -0.62828954]]), array([0.38306467, 0.38306467, 0.38306467, 0.38306467, 0.38306467,\n       0.38306467, 0.38306467]))", "callback": [0.8693275327621843, 0.6794252308816227, 0.6252436167380861, 0.6252436167380861, 0.6060405314531856, 0.595406211132596, 0.5894521643204698, 0.5514731537202344, 0.48494492121435384, 0.47908415305051344, 0.4779714158771078, 0.47610854981783957, 0.47360963831464964, 0.46483806840639363, 0.3932846174107093, 0.39131907933198784, 0.38938982901020736, 0.38895738318645434, 0.38889652062747415, 0.38867826360037183, 0.3881110880526104, 0.3874271720584952, 0.3866067101926317, 0.3857408431269387, 0.38459861003588225, 0.3835963804637541, 0.383419113870189, 0.383315221384256, 0.38329485931518303, 0.38329050524135244, 0.38328834351898533, 0.38328428647505897, 0.38327243911000974, 0.3832460921625409, 0.3831979253992812, 0.38313672947800936, 0.38310776905523736, 0.3830772223932075, 0.38306965855426034, 0.38306639166547685, 0.38306526740551716, 0.38306496062465656, 0.38306476554326485, 0.383064692222172, 0.38306468434852947, 0.3830646756188123, 0.38306466988110577, 0.3830646692559754, 0.38306466875989154]}, "8": {"maxiter": 1000, "fatol": 1e-05, "xatol": 1e-05, "duration": 0.19016289710998535, "fun": "0.3830646682257153", "nit": "537", "nfev": "825", "status": "0", "success": "True", "message": "Optimization terminated successfully.", "x": "[-0.75326521 -1.19023186  2.84230896  1.30531811  9.63284169 -0.62829142]", "final_simplex": "(array([[-0.75326521, -1.19023186,  2.84230896,  1.30531811,  9.63284169,\n        -0.62829142],\n       [-0.75326656, -1.19023544,  2.84231139,  1.3053189 ,  9.63284316,\n        -0.62829219],\n       [-0.75326389, -1.19023382,  2.84230844,  1.30532115,  9.63284409,\n        -0.62829285],\n       [-0.75326616, -1.19023916,  2.8423159 ,  1.30532487,  9.63284152,\n        -0.6282914 ],\n       [-0.75326459, -1.1902363 ,  2.84231135,  1.3053225 ,  9.63283975,\n        -0.62828981],\n       [-0.75326719, -1.19023332,  2.84230925,  1.30532113,  9.63283744,\n        -0.62829522],\n       [-0.75327247, -1.19022402,  2.84230126,  1.30531624,  9.63283706,\n        -0.62828814]]), array([0.38306467, 0.38306467, 0.38306467, 0.38306467, 0.38306467,\n       0.38306467, 0.38306467]))", "callback": [0.8693275327621843, 0.6794252308816227, 0.6252436167380861, 0.6252436167380861, 0.6060405314531856, 0.595406211132596, 0.5894521643204698, 0.5514731537202344, 0.48494492121435384, 0.47908415305051344, 0.4779714158771078, 0.47610854981783957, 0.47360963831464964, 0.46483806840639363, 0.3932846174107093, 0.39131907933198784, 0.38938982901020736, 0.38895738318645434, 0.38889652062747415, 0.38867826360037183, 0.3881110880526104, 0.3874271720584952, 0.3866067101926317, 0.3857408431269387, 0.38459861003588225, 0.3835963804637541, 0.383419113870189, 0.383315221384256, 0.38329485931518303, 0.38329050524135244, 0.38328834351898533, 0.38328428647505897, 0.38327243911000974, 0.3832460921625409, 0.3831979253992812, 0.38313672947800936, 0.38310776905523736, 0.3830772223932075, 0.38306965855426034, 0.38306639166547685, 0.38306526740551716, 0.38306496062465656, 0.38306476554326485, 0.383064692222172, 0.38306468434852947, 0.3830646756188123, 0.38306466988110577, 0.3830646692559754, 0.38306466875989154, 0.3830646682890201, 0.3830646682605172, 0.3830646682341948, 0.3830646682275549]}, "9": {"maxiter": 1000, "fatol": 1e-05, "xatol": 1e-10, "duration": 0.2584991455078125, "fun": "0.38306466822426466", "nit": "622", "nfev": "1035", "status": "0", "success": "True", "message": "Optimization terminated successfully.", "x": "[-0.75326629 -1.19023306  2.84231056  1.3053206   9.63284183 -0.62829285]", "final_simplex": "(array([[-0.75326629, -1.19023306,  2.84231056,  1.3053206 ,  9.63284183,\n        -0.62829285],\n       [-0.75326629, -1.19023306,  2.84231056,  1.3053206 ,  9.63284183,\n        -0.62829285],\n       [-0.75326629, -1.19023306,  2.84231056,  1.3053206 ,  9.63284183,\n        -0.62829285],\n       [-0.75326629, -1.19023306,  2.84231056,  1.3053206 ,  9.63284183,\n        -0.62829285],\n       [-0.75326629, -1.19023306,  2.84231056,  1.3053206 ,  9.63284183,\n        -0.62829285],\n       [-0.75326629, -1.19023306,  2.84231056,  1.3053206 ,  9.63284183,\n        -0.62829285],\n       [-0.75326629, -1.19023306,  2.84231056,  1.3053206 ,  9.63284183,\n        -0.62829285]]), array([0.38306467, 0.38306467, 0.38306467, 0.38306467, 0.38306467,\n       0.38306467, 0.38306467]))", "callback": [0.8693275327621843, 0.6794252308816227, 0.6252436167380861, 0.6252436167380861, 0.6060405314531856, 0.595406211132596, 0.5894521643204698, 0.5514731537202344, 0.48494492121435384, 0.47908415305051344, 0.4779714158771078, 0.47610854981783957, 0.47360963831464964, 0.46483806840639363, 0.3932846174107093, 0.39131907933198784, 0.38938982901020736, 0.38895738318645434, 0.38889652062747415, 0.38867826360037183, 0.3881110880526104, 0.3874271720584952, 0.3866067101926317, 0.3857408431269387, 0.38459861003588225, 0.3835963804637541, 0.383419113870189, 0.383315221384256, 0.38329485931518303, 0.38329050524135244, 0.38328834351898533, 0.38328428647505897, 0.38327243911000974, 0.3832460921625409, 0.3831979253992812, 0.38313672947800936, 0.38310776905523736, 0.3830772223932075, 0.38306965855426034, 0.38306639166547685, 0.38306526740551716, 0.38306496062465656, 0.38306476554326485, 0.383064692222172, 0.38306468434852947, 0.3830646756188123, 0.38306466988110577, 0.3830646692559754, 0.38306466875989154, 0.3830646682890201, 0.3830646682605172, 0.3830646682341948, 0.3830646682275549, 0.3830646682249359, 0.3830646682244321, 0.38306466822429264, 0.3830646682242733, 0.383064668224267, 0.3830646682242652, 0.3830646682242649, 0.38306466822426466, 0.38306466822426466]}, "10": {"maxiter": 1000, "fatol": 1e-10, "xatol": 1e-05, "duration": 0.1982097625732422, "fun": "0.3830646682257153", "nit": "537", "nfev": "825", "status": "0", "success": "True", "message": "Optimization terminated successfully.", "x": "[-0.75326521 -1.19023186  2.84230896  1.30531811  9.63284169 -0.62829142]", "final_simplex": "(array([[-0.75326521, -1.19023186,  2.84230896,  1.30531811,  9.63284169,\n        -0.62829142],\n       [-0.75326656, -1.19023544,  2.84231139,  1.3053189 ,  9.63284316,\n        -0.62829219],\n       [-0.75326389, -1.19023382,  2.84230844,  1.30532115,  9.63284409,\n        -0.62829285],\n       [-0.75326616, -1.19023916,  2.8423159 ,  1.30532487,  9.63284152,\n        -0.6282914 ],\n       [-0.75326459, -1.1902363 ,  2.84231135,  1.3053225 ,  9.63283975,\n        -0.62828981],\n       [-0.75326719, -1.19023332,  2.84230925,  1.30532113,  9.63283744,\n        -0.62829522],\n       [-0.75327247, -1.19022402,  2.84230126,  1.30531624,  9.63283706,\n        -0.62828814]]), array([0.38306467, 0.38306467, 0.38306467, 0.38306467, 0.38306467,\n       0.38306467, 0.38306467]))", "callback": [0.8693275327621843, 0.6794252308816227, 0.6252436167380861, 0.6252436167380861, 0.6060405314531856, 0.595406211132596, 0.5894521643204698, 0.5514731537202344, 0.48494492121435384, 0.47908415305051344, 0.4779714158771078, 0.47610854981783957, 0.47360963831464964, 0.46483806840639363, 0.3932846174107093, 0.39131907933198784, 0.38938982901020736, 0.38895738318645434, 0.38889652062747415, 0.38867826360037183, 0.3881110880526104, 0.3874271720584952, 0.3866067101926317, 0.3857408431269387, 0.38459861003588225, 0.3835963804637541, 0.383419113870189, 0.383315221384256, 0.38329485931518303, 0.38329050524135244, 0.38328834351898533, 0.38328428647505897, 0.38327243911000974, 0.3832460921625409, 0.3831979253992812, 0.38313672947800936, 0.38310776905523736, 0.3830772223932075, 0.38306965855426034, 0.38306639166547685, 0.38306526740551716, 0.38306496062465656, 0.38306476554326485, 0.383064692222172, 0.38306468434852947, 0.3830646756188123, 0.38306466988110577, 0.3830646692559754, 0.38306466875989154, 0.3830646682890201, 0.3830646682605172, 0.3830646682341948, 0.3830646682275549]}, "11": {"maxiter": 1000, "fatol": 1e-10, "xatol": 1e-10, "duration": 0.2399733066558838, "fun": "0.38306466822426466", "nit": "622", "nfev": "1035", "status": "0", "success": "True", "message": "Optimization terminated successfully.", "x": "[-0.75326629 -1.19023306  2.84231056  1.3053206   9.63284183 -0.62829285]", "final_simplex": "(array([[-0.75326629, -1.19023306,  2.84231056,  1.3053206 ,  9.63284183,\n        -0.62829285],\n       [-0.75326629, -1.19023306,  2.84231056,  1.3053206 ,  9.63284183,\n        -0.62829285],\n       [-0.75326629, -1.19023306,  2.84231056,  1.3053206 ,  9.63284183,\n        -0.62829285],\n       [-0.75326629, -1.19023306,  2.84231056,  1.3053206 ,  9.63284183,\n        -0.62829285],\n       [-0.75326629, -1.19023306,  2.84231056,  1.3053206 ,  9.63284183,\n        -0.62829285],\n       [-0.75326629, -1.19023306,  2.84231056,  1.3053206 ,  9.63284183,\n        -0.62829285],\n       [-0.75326629, -1.19023306,  2.84231056,  1.3053206 ,  9.63284183,\n        -0.62829285]]), array([0.38306467, 0.38306467, 0.38306467, 0.38306467, 0.38306467,\n       0.38306467, 0.38306467]))", "callback": [0.8693275327621843, 0.6794252308816227, 0.6252436167380861, 0.6252436167380861, 0.6060405314531856, 0.595406211132596, 0.5894521643204698, 0.5514731537202344, 0.48494492121435384, 0.47908415305051344, 0.4779714158771078, 0.47610854981783957, 0.47360963831464964, 0.46483806840639363, 0.3932846174107093, 0.39131907933198784, 0.38938982901020736, 0.38895738318645434, 0.38889652062747415, 0.38867826360037183, 0.3881110880526104, 0.3874271720584952, 0.3866067101926317, 0.3857408431269387, 0.38459861003588225, 0.3835963804637541, 0.383419113870189, 0.383315221384256, 0.38329485931518303, 0.38329050524135244, 0.38328834351898533, 0.38328428647505897, 0.38327243911000974, 0.3832460921625409, 0.3831979253992812, 0.38313672947800936, 0.38310776905523736, 0.3830772223932075, 0.38306965855426034, 0.38306639166547685, 0.38306526740551716, 0.38306496062465656, 0.38306476554326485, 0.383064692222172, 0.38306468434852947, 0.3830646756188123, 0.38306466988110577, 0.3830646692559754, 0.38306466875989154, 0.3830646682890201, 0.3830646682605172, 0.3830646682341948, 0.3830646682275549, 0.3830646682249359, 0.3830646682244321, 0.38306466822429264, 0.3830646682242733, 0.383064668224267, 0.3830646682242652, 0.3830646682242649, 0.38306466822426466, 0.38306466822426466]}}, "bfgs": {"type": "gradient", "0": {"maxiter": 100, "gtol": 1e-05, "xrtol": 1e-05, "eps": 1e-05, "duration": 0.07833194732666016, "fun": "0.3830646683401495", "jac": "[-1.32593936e-06 -4.86438667e-06 -3.85540488e-06 -2.01562100e-06\n  1.31814559e-06  9.83313431e-07]", "hess_inv": "[[  8.4398122    5.00177355  -4.36900215  -3.37371457  -4.61076413\n    2.39012749]\n [  5.00177355  15.64443692 -13.16720998  -5.80440195  -2.74641896\n    2.76547615]\n [ -4.36900215 -13.16720998  14.7036813    4.80724148   1.84930979\n   -1.17926939]\n [ -3.37371457  -5.80440195   4.80724148   6.49831041   1.83684724\n   -1.70323473]\n [ -4.61076413  -2.74641896   1.84930979   1.83684724   8.05990878\n   -3.16740169]\n [  2.39012749   2.76547615  -1.17926939  -1.70323473  -3.16740169\n    5.41482333]]", "nfev": "329", "njev": "47", "status": "0", "success": "True", "message": "Optimization terminated successfully.", "x": "[ 0.75324391  1.95132933 -0.29927818  1.30532249  3.34967468 -0.62831018]", "nit": "33", "callback": [0.4885383823632995, 0.40756723910743786, 0.3830825394366275]}, "1": {"maxiter": 100, "gtol": 1e-05, "xrtol": 1e-05, "eps": 1e-10, "duration": 0.07694411277770996, "fun": "0.3830646684693132", "jac": "[ 2.22044587e-06 -6.66133760e-06 -3.33066880e-06  1.11022293e-06\n  2.22044587e-06  1.11022293e-06]", "hess_inv": "[[  8.2468003    4.70397369  -4.18379289  -3.24000017  -4.4091235\n    2.32956387]\n [  4.70397369  14.95652593 -12.70800025  -5.43750839  -2.40645252\n    2.67354581]\n [ -4.18379289 -12.70800025  14.56201258   4.51392235   1.54832507\n   -1.06545997]\n [ -3.24000017  -5.43750839   4.51392235   6.35779331   1.72631182\n   -1.65889855]\n [ -4.4091235   -2.40645252   1.54832507   1.72631182   7.88566817\n   -3.17037312]\n [  2.32956387   2.67354581  -1.06545997  -1.65889855  -3.17037312\n    5.41277706]]", "nfev": "329", "njev": "47", "status": "0", "success": "True", "message": "Optimization terminated successfully.", "x": "[ 0.75323103  1.95127558 -0.29921773  1.30535845  3.34968662 -0.6283039 ]", "nit": "33", "callback": [0.48853870304618885, 0.4075755547441855, 0.3830828485342366]}, "2": {"maxiter": 100, "gtol": 1e-05, "xrtol": 1e-10, "eps": 1e-05, "duration": 0.07746410369873047, "fun": "0.3830646683401495", "jac": "[-1.32593936e-06 -4.86438667e-06 -3.85540488e-06 -2.01562100e-06\n  1.31814559e-06  9.83313431e-07]", "hess_inv": "[[  8.4398122    5.00177355  -4.36900215  -3.37371457  -4.61076413\n    2.39012749]\n [  5.00177355  15.64443692 -13.16720998  -5.80440195  -2.74641896\n    2.76547615]\n [ -4.36900215 -13.16720998  14.7036813    4.80724148   1.84930979\n   -1.17926939]\n [ -3.37371457  -5.80440195   4.80724148   6.49831041   1.83684724\n   -1.70323473]\n [ -4.61076413  -2.74641896   1.84930979   1.83684724   8.05990878\n   -3.16740169]\n [  2.39012749   2.76547615  -1.17926939  -1.70323473  -3.16740169\n    5.41482333]]", "nfev": "329", "njev": "47", "status": "0", "success": "True", "message": "Optimization terminated successfully.", "x": "[ 0.75324391  1.95132933 -0.29927818  1.30532249  3.34967468 -0.62831018]", "nit": "33", "callback": [0.4885383823632995, 0.40756723910743786, 0.3830825394366275]}, "3": {"maxiter": 100, "gtol": 1e-05, "xrtol": 1e-10, "eps": 1e-10, "duration": 0.07564210891723633, "fun": "0.3830646684693132", "jac": "[ 2.22044587e-06 -6.66133760e-06 -3.33066880e-06  1.11022293e-06\n  2.22044587e-06  1.11022293e-06]", "hess_inv": "[[  8.2468003    4.70397369  -4.18379289  -3.24000017  -4.4091235\n    2.32956387]\n [  4.70397369  14.95652593 -12.70800025  -5.43750839  -2.40645252\n    2.67354581]\n [ -4.18379289 -12.70800025  14.56201258   4.51392235   1.54832507\n   -1.06545997]\n [ -3.24000017  -5.43750839   4.51392235   6.35779331   1.72631182\n   -1.65889855]\n [ -4.4091235   -2.40645252   1.54832507   1.72631182   7.88566817\n   -3.17037312]\n [  2.32956387   2.67354581  -1.06545997  -1.65889855  -3.17037312\n    5.41277706]]", "nfev": "329", "njev": "47", "status": "0", "success": "True", "message": "Optimization terminated successfully.", "x": "[ 0.75323103  1.95127558 -0.29921773  1.30535845  3.34968662 -0.6283039 ]", "nit": "33", "callback": [0.48853870304618885, 0.4075755547441855, 0.3830828485342366]}, "4": {"maxiter": 100, "gtol": 1e-10, "xrtol": 1e-05, "eps": 1e-05, "duration": 0.07755088806152344, "fun": "0.383064668238726", "jac": "[ 1.59960933e-07  1.62503344e-07  7.63611396e-08  3.80895315e-07\n -2.31459296e-07 -2.85038659e-07]", "hess_inv": "[[  8.80330337   5.53373203  -4.52001887  -3.46238524  -4.97380493\n    2.59641481]\n [  5.53373203  16.33104529 -13.29232954  -5.82481924  -3.30889756\n    2.9922357 ]\n [ -4.52001887 -13.29232954  14.66636879   4.72998115   2.032673\n   -1.1865743 ]\n [ -3.46238524  -5.82481924   4.72998115   6.38982419   1.96250866\n   -1.66415163]\n [ -4.97380493  -3.30889756   2.032673     1.96250866   8.41192115\n   -3.39892582]\n [  2.59641481   2.9922357   -1.1865743   -1.66415163  -3.39892582\n    5.47046316]]", "nfev": "336", "njev": "48", "status": "0", "success": "True", "message": "Optimization terminated successfully.", "x": "[ 0.7532621   1.95135454 -0.29928427  1.30531973  3.34965603 -0.62830101]", "nit": "34", "callback": [0.4885383823632995, 0.40756723910743786, 0.3830825394366275]}, "5": {"maxiter": 100, "gtol": 1e-10, "xrtol": 1e-05, "eps": 1e-10, "duration": 0.08651113510131836, "fun": "0.38306466824990437", "jac": "[-2.22044587e-06  2.22044587e-06  1.11022293e-06  1.11022293e-06\n  2.22044587e-06  1.11022293e-06]", "hess_inv": "[[  71.98623858  132.95076007 -122.68250113  -52.13575263  -34.42931961\n    11.82924215]\n [ 132.95076007  258.09763997 -237.03469453 -101.98863417  -66.18857744\n    23.12980654]\n [-122.68250113 -237.03469453  220.83499026   94.09977569   61.33288741\n   -20.52360839]\n [ -52.13575263 -101.98863417   94.09977569   43.24510307   24.57543364\n    -8.76455787]\n [ -34.42931961  -66.18857744   61.33288741   24.57543364   20.27308613\n    -6.72093615]\n [  11.82924215   23.12980654  -20.52360839   -8.76455787   -6.72093615\n     6.2982276 ]]", "nfev": "371", "njev": "53", "status": "0", "success": "True", "message": "Optimization terminated successfully.", "x": "[ 0.75325594  1.95137111 -0.29928632  1.30532168  3.34966221 -0.6282885 ]", "nit": "36", "callback": [0.48853870304618885, 0.4075755547441855, 0.3830828485342366]}, "6": {"maxiter": 100, "gtol": 1e-10, "xrtol": 1e-10, "eps": 1e-05, "duration": 0.11312985420227051, "fun": "0.38306466823866714", "jac": "[-8.70414851e-09  6.86117829e-09  1.88737914e-10 -1.77302617e-08\n  1.56097357e-08  2.48912002e-08]", "hess_inv": "[[  8.7414232    5.67095715  -4.61687836  -3.65819988  -4.85487367\n    2.72611805]\n [  5.67095715  16.54715028 -13.34916632  -5.87177575  -3.44298412\n    3.08170918]\n [ -4.61687836 -13.34916632  14.68705031   4.64918969   2.15256609\n   -1.16267565]\n [ -3.65819988  -5.87177575   4.64918969   6.2363374    2.21780025\n   -1.61716649]\n [ -4.85487367  -3.44298412   2.15256609   2.21780025   8.21570661\n   -3.55344375]\n [  2.72611805   3.08170918  -1.16267565  -1.61716649  -3.55344375\n    5.48213144]]", "nfev": "474", "njev": "66", "status": "2", "success": "False", "message": "Desired error not necessarily achieved due to precision loss.", "x": "[ 0.75326119  1.95135447 -0.29928421  1.30531847  3.34965727 -0.62830039]", "nit": "35", "callback": [0.4885383823632995, 0.40756723910743786, 0.3830825394366275]}, "7": {"maxiter": 100, "gtol": 1e-10, "xrtol": 1e-10, "eps": 1e-10, "duration": 0.16014790534973145, "fun": "0.3830646682339529", "jac": "[1.11022293e-06 1.11022293e-06 0.00000000e+00 2.22044587e-06\n 1.11022293e-06 0.00000000e+00]", "hess_inv": "[[ 0.00497148  0.00651033  0.00110697 -0.00592477 -0.00294982 -0.00235706]\n [ 0.00651033  0.06406078  0.04477603 -0.03293754 -0.00407674 -0.01835869]\n [ 0.00110697  0.04477603  0.03560427 -0.02138289  0.00029279 -0.01255134]\n [-0.00592477 -0.03293754 -0.02138289  0.01961456  0.00328429  0.00915059]\n [-0.00294982 -0.00407674  0.00029279  0.00328429  0.00314767  0.00148852]\n [-0.00235706 -0.01835869 -0.01255134  0.00915059  0.00148852  0.00588922]]", "nfev": "700", "njev": "100", "status": "0", "success": "True", "message": "Optimization terminated successfully.", "x": "[ 0.75326027  1.95135869 -0.29927996  1.30532628  3.34966671 -0.62829724]", "nit": "53", "callback": [0.48853870304618885, 0.4075755547441855, 0.3830828485342366, 0.38306466823544794, 0.3830646682341081]}, "8": {"maxiter": 500, "gtol": 1e-05, "xrtol": 1e-05, "eps": 1e-05, "duration": 0.07526278495788574, "fun": "0.3830646683401495", "jac": "[-1.32593936e-06 -4.86438667e-06 -3.85540488e-06 -2.01562100e-06\n  1.31814559e-06  9.83313431e-07]", "hess_inv": "[[  8.4398122    5.00177355  -4.36900215  -3.37371457  -4.61076413\n    2.39012749]\n [  5.00177355  15.64443692 -13.16720998  -5.80440195  -2.74641896\n    2.76547615]\n [ -4.36900215 -13.16720998  14.7036813    4.80724148   1.84930979\n   -1.17926939]\n [ -3.37371457  -5.80440195   4.80724148   6.49831041   1.83684724\n   -1.70323473]\n [ -4.61076413  -2.74641896   1.84930979   1.83684724   8.05990878\n   -3.16740169]\n [  2.39012749   2.76547615  -1.17926939  -1.70323473  -3.16740169\n    5.41482333]]", "nfev": "329", "njev": "47", "status": "0", "success": "True", "message": "Optimization terminated successfully.", "x": "[ 0.75324391  1.95132933 -0.29927818  1.30532249  3.34967468 -0.62831018]", "nit": "33", "callback": [0.4885383823632995, 0.40756723910743786, 0.3830825394366275]}, "9": {"maxiter": 500, "gtol": 1e-05, "xrtol": 1e-05, "eps": 1e-10, "duration": 0.07619714736938477, "fun": "0.3830646684693132", "jac": "[ 2.22044587e-06 -6.66133760e-06 -3.33066880e-06  1.11022293e-06\n  2.22044587e-06  1.11022293e-06]", "hess_inv": "[[  8.2468003    4.70397369  -4.18379289  -3.24000017  -4.4091235\n    2.32956387]\n [  4.70397369  14.95652593 -12.70800025  -5.43750839  -2.40645252\n    2.67354581]\n [ -4.18379289 -12.70800025  14.56201258   4.51392235   1.54832507\n   -1.06545997]\n [ -3.24000017  -5.43750839   4.51392235   6.35779331   1.72631182\n   -1.65889855]\n [ -4.4091235   -2.40645252   1.54832507   1.72631182   7.88566817\n   -3.17037312]\n [  2.32956387   2.67354581  -1.06545997  -1.65889855  -3.17037312\n    5.41277706]]", "nfev": "329", "njev": "47", "status": "0", "success": "True", "message": "Optimization terminated successfully.", "x": "[ 0.75323103  1.95127558 -0.29921773  1.30535845  3.34968662 -0.6283039 ]", "nit": "33", "callback": [0.48853870304618885, 0.4075755547441855, 0.3830828485342366]}, "10": {"maxiter": 500, "gtol": 1e-05, "xrtol": 1e-10, "eps": 1e-05, "duration": 0.0760350227355957, "fun": "0.3830646683401495", "jac": "[-1.32593936e-06 -4.86438667e-06 -3.85540488e-06 -2.01562100e-06\n  1.31814559e-06  9.83313431e-07]", "hess_inv": "[[  8.4398122    5.00177355  -4.36900215  -3.37371457  -4.61076413\n    2.39012749]\n [  5.00177355  15.64443692 -13.16720998  -5.80440195  -2.74641896\n    2.76547615]\n [ -4.36900215 -13.16720998  14.7036813    4.80724148   1.84930979\n   -1.17926939]\n [ -3.37371457  -5.80440195   4.80724148   6.49831041   1.83684724\n   -1.70323473]\n [ -4.61076413  -2.74641896   1.84930979   1.83684724   8.05990878\n   -3.16740169]\n [  2.39012749   2.76547615  -1.17926939  -1.70323473  -3.16740169\n    5.41482333]]", "nfev": "329", "njev": "47", "status": "0", "success": "True", "message": "Optimization terminated successfully.", "x": "[ 0.75324391  1.95132933 -0.29927818  1.30532249  3.34967468 -0.62831018]", "nit": "33", "callback": [0.4885383823632995, 0.40756723910743786, 0.3830825394366275]}, "11": {"maxiter": 500, "gtol": 1e-05, "xrtol": 1e-10, "eps": 1e-10, "duration": 0.0754549503326416, "fun": "0.3830646684693132", "jac": "[ 2.22044587e-06 -6.66133760e-06 -3.33066880e-06  1.11022293e-06\n  2.22044587e-06  1.11022293e-06]", "hess_inv": "[[  8.2468003    4.70397369  -4.18379289  -3.24000017  -4.4091235\n    2.32956387]\n [  4.70397369  14.95652593 -12.70800025  -5.43750839  -2.40645252\n    2.67354581]\n [ -4.18379289 -12.70800025  14.56201258   4.51392235   1.54832507\n   -1.06545997]\n [ -3.24000017  -5.43750839   4.51392235   6.35779331   1.72631182\n   -1.65889855]\n [ -4.4091235   -2.40645252   1.54832507   1.72631182   7.88566817\n   -3.17037312]\n [  2.32956387   2.67354581  -1.06545997  -1.65889855  -3.17037312\n    5.41277706]]", "nfev": "329", "njev": "47", "status": "0", "success": "True", "message": "Optimization terminated successfully.", "x": "[ 0.75323103  1.95127558 -0.29921773  1.30535845  3.34968662 -0.6283039 ]", "nit": "33", "callback": [0.48853870304618885, 0.4075755547441855, 0.3830828485342366]}, "12": {"maxiter": 500, "gtol": 1e-10, "xrtol": 1e-05, "eps": 1e-05, "duration": 0.07722282409667969, "fun": "0.383064668238726", "jac": "[ 1.59960933e-07  1.62503344e-07  7.63611396e-08  3.80895315e-07\n -2.31459296e-07 -2.85038659e-07]", "hess_inv": "[[  8.80330337   5.53373203  -4.52001887  -3.46238524  -4.97380493\n    2.59641481]\n [  5.53373203  16.33104529 -13.29232954  -5.82481924  -3.30889756\n    2.9922357 ]\n [ -4.52001887 -13.29232954  14.66636879   4.72998115   2.032673\n   -1.1865743 ]\n [ -3.46238524  -5.82481924   4.72998115   6.38982419   1.96250866\n   -1.66415163]\n [ -4.97380493  -3.30889756   2.032673     1.96250866   8.41192115\n   -3.39892582]\n [  2.59641481   2.9922357   -1.1865743   -1.66415163  -3.39892582\n    5.47046316]]", "nfev": "336", "njev": "48", "status": "0", "success": "True", "message": "Optimization terminated successfully.", "x": "[ 0.7532621   1.95135454 -0.29928427  1.30531973  3.34965603 -0.62830101]", "nit": "34", "callback": [0.4885383823632995, 0.40756723910743786, 0.3830825394366275]}, "13": {"maxiter": 500, "gtol": 1e-10, "xrtol": 1e-05, "eps": 1e-10, "duration": 0.08466601371765137, "fun": "0.38306466824990437", "jac": "[-2.22044587e-06  2.22044587e-06  1.11022293e-06  1.11022293e-06\n  2.22044587e-06  1.11022293e-06]", "hess_inv": "[[  71.98623858  132.95076007 -122.68250113  -52.13575263  -34.42931961\n    11.82924215]\n [ 132.95076007  258.09763997 -237.03469453 -101.98863417  -66.18857744\n    23.12980654]\n [-122.68250113 -237.03469453  220.83499026   94.09977569   61.33288741\n   -20.52360839]\n [ -52.13575263 -101.98863417   94.09977569   43.24510307   24.57543364\n    -8.76455787]\n [ -34.42931961  -66.18857744   61.33288741   24.57543364   20.27308613\n    -6.72093615]\n [  11.82924215   23.12980654  -20.52360839   -8.76455787   -6.72093615\n     6.2982276 ]]", "nfev": "371", "njev": "53", "status": "0", "success": "True", "message": "Optimization terminated successfully.", "x": "[ 0.75325594  1.95137111 -0.29928632  1.30532168  3.34966221 -0.6282885 ]", "ni