{"date": "2024/09/23/, 19:26:06", "conf_id": 52, "data_type": "random\n", "num_data_points": 3, "s_rank": 0, "unitary": "[[0.18663085-0.53122324j,-0.11886349-0.70040876j,0.28555095-0.02789305j,-0.12262021-0.2844587j],[-0.16702216+0.27758472j,0.27526351-0.29738586j,-0.01109314+0.22495461j,-0.77239203+0.28900673j],[0.61935415+0.12301792j,-0.31269928-0.03315917j,-0.61902762-0.19039079j,-0.27120731-0.0968989j],[0.42341754+0.0023929j,-0.05847358+0.47832119j,0.64900495-0.16218422j,-0.37182676-0.05229966j]]", "databatch_0": {"databatch": "[[[-0.04818041-0.17255599j,-0.04589452-0.09030307j,0.3406873+0.0120355j,-0.14836159+0.08113154j],[0.23309548+0.11936095j,0.02045666+0.11123027j,-0.12450438+0.23888437j,-0.37463137-0.22697005j],[-0.28964717-0.232922j,-0.11957458+0.34454133j,0.1196342-0.09140694j,-0.22610382-0.17463588j],[0.00792027+0.03782633j,-0.01577297-0.1577664j,0.04847026+0.10672115j,0.12083271-0.19135977j]],[[0.41512715+0.14176214j,0.13393496+0.09888207j,0.40530254-0.09989797j,-0.16495271-0.03141808j],[-0.03001375+0.25322153j,0.12676474+0.08144557j,0.09285676-0.25152647j,0.41183591-0.15504219j],[0.13792998-0.0491954j,-0.02600078+0.11683956j,0.010403+0.26082936j,-0.27792917+0.00862256j],[-0.01950865-0.09351633j,-0.00275961+0.03739282j,-0.17567756+0.00739656j,0.01557716-0.03503908j]],[[0.04604824+0.1471141j,-0.02251389+0.12669997j,-0.14382231-0.20186636j,-0.13450491+0.04574356j],[0.17270648+0.10706041j,0.23919405+0.20968677j,0.13450617-0.13624663j,-0.16283602+0.05770393j],[-0.21886197-0.10954303j,-0.19890254+0.0189612j,-0.31126364+0.16567217j,-0.36930888-0.36319817j],[0.01990609-0.04775507j,-0.02809783+0.09272691j,-0.15866729+0.37122444j,0.0038779-0.03959013j]]]", "initial param values": "[5.79969257,4.40196632,3.19574491,3.72138387,1.72217816,5.5366085]", "nelder_mead": {"type": "gradient-free", "0": {"maxiter": 100, "fatol": 1e-05, "xatol": 1e-05, "duration": 0.051760196685791016, "fun": "0.3222874767467362", "nit": "100", "nfev": "159", "status": "2", "success": "False", "message": "Maximum number of iterations has been exceeded.", "x": "[4.79689774 3.9576242  0.00783251 3.4988834  2.88185924 4.75526273]", "final_simplex": "(array([[ 4.79689774,  3.9576242 ,  0.00783251,  3.4988834 ,  2.88185924,\n         4.75526273],\n       [ 4.77829585,  3.89056944,  0.11944524,  3.56358568,  2.83637406,\n         4.83271554],\n       [ 4.73402824,  3.93076762,  0.06246481,  3.50908858,  2.85208607,\n         4.77852347],\n       [ 4.84835929,  3.88230375,  0.04178178,  3.49282155,  2.85645368,\n         4.8071754 ],\n       [ 4.85815031,  3.91926104,  0.05679646,  3.54782778,  2.82668757,\n         4.71196124],\n       [ 4.69867323,  3.92063769, -0.05608272,  3.59232804,  2.90657381,\n         4.81119892],\n       [ 4.84934619,  3.79796367,  0.09075917,  3.57449543,  2.84101609,\n         4.80504453]]), array([0.32228748, 0.32295373, 0.32345139, 0.32350962, 0.3238228 ,\n       0.3240098 , 0.32439677]))", "callback": [0.790619626614883, 0.7405298369419215, 0.6628584011941616, 0.6344731452642178, 0.5854611373035494, 0.43119863301057404, 0.35573546734411854, 0.3269652993107287, 0.32483827948777233]}, "1": {"maxiter": 100, "fatol": 1e-05, "xatol": 1e-10, "duration": 0.050208091735839844, "fun": "0.3222874767467362", "nit": "100", "nfev": "159", "status": "2", "success": "False", "message": "Maximum number of iterations has been exceeded.", "x": "[4.79689774 3.9576242  0.00783251 3.4988834  2.88185924 4.75526273]", "final_simplex": "(array([[ 4.79689774,  3.9576242 ,  0.00783251,  3.4988834 ,  2.88185924,\n         4.75526273],\n       [ 4.77829585,  3.89056944,  0.11944524,  3.56358568,  2.83637406,\n         4.83271554],\n       [ 4.73402824,  3.93076762,  0.06246481,  3.50908858,  2.85208607,\n         4.77852347],\n       [ 4.84835929,  3.88230375,  0.04178178,  3.49282155,  2.85645368,\n         4.8071754 ],\n       [ 4.85815031,  3.91926104,  0.05679646,  3.54782778,  2.82668757,\n         4.71196124],\n       [ 4.69867323,  3.92063769, -0.05608272,  3.59232804,  2.90657381,\n         4.81119892],\n       [ 4.84934619,  3.79796367,  0.09075917,  3.57449543,  2.84101609,\n         4.80504453]]), array([0.32228748, 0.32295373, 0.32345139, 0.32350962, 0.3238228 ,\n       0.3240098 , 0.32439677]))", "callback": [0.790619626614883, 0.7405298369419215, 0.6628584011941616, 0.6344731452642178, 0.5854611373035494, 0.43119863301057404, 0.35573546734411854, 0.3269652993107287, 0.32483827948777233]}, "2": {"maxiter": 100, "fatol": 1e-10, "xatol": 1e-05, "duration": 0.04883718490600586, "fun": "0.3222874767467362", "nit": "100", "nfev": "159", "status": "2", "success": "False", "message": "Maximum number of iterations has been exceeded.", "x": "[4.79689774 3.9576242  0.00783251 3.4988834  2.88185924 4.75526273]", "final_simplex": "(array([[ 4.79689774,  3.9576242 ,  0.00783251,  3.4988834 ,  2.88185924,\n         4.75526273],\n       [ 4.77829585,  3.89056944,  0.11944524,  3.56358568,  2.83637406,\n         4.83271554],\n       [ 4.73402824,  3.93076762,  0.06246481,  3.50908858,  2.85208607,\n         4.77852347],\n       [ 4.84835929,  3.88230375,  0.04178178,  3.49282155,  2.85645368,\n         4.8071754 ],\n       [ 4.85815031,  3.91926104,  0.05679646,  3.54782778,  2.82668757,\n         4.71196124],\n       [ 4.69867323,  3.92063769, -0.05608272,  3.59232804,  2.90657381,\n         4.81119892],\n       [ 4.84934619,  3.79796367,  0.09075917,  3.57449543,  2.84101609,\n         4.80504453]]), array([0.32228748, 0.32295373, 0.32345139, 0.32350962, 0.3238228 ,\n       0.3240098 , 0.32439677]))", "callback": [0.790619626614883, 0.7405298369419215, 0.6628584011941616, 0.6344731452642178, 0.5854611373035494, 0.43119863301057404, 0.35573546734411854, 0.3269652993107287, 0.32483827948777233]}, "3": {"maxiter": 100, "fatol": 1e-10, "xatol": 1e-10, "duration": 0.04971814155578613, "fun": "0.3222874767467362", "nit": "100", "nfev": "159", "status": "2", "success": "False", "message": "Maximum number of iterations has been exceeded.", "x": "[4.79689774 3.9576242  0.00783251 3.4988834  2.88185924 4.75526273]", "final_simplex": "(array([[ 4.79689774,  3.9576242 ,  0.00783251,  3.4988834 ,  2.88185924,\n         4.75526273],\n       [ 4.77829585,  3.89056944,  0.11944524,  3.56358568,  2.83637406,\n         4.83271554],\n       [ 4.73402824,  3.93076762,  0.06246481,  3.50908858,  2.85208607,\n         4.77852347],\n       [ 4.84835929,  3.88230375,  0.04178178,  3.49282155,  2.85645368,\n         4.8071754 ],\n       [ 4.85815031,  3.91926104,  0.05679646,  3.54782778,  2.82668757,\n         4.71196124],\n       [ 4.69867323,  3.92063769, -0.05608272,  3.59232804,  2.90657381,\n         4.81119892],\n       [ 4.84934619,  3.79796367,  0.09075917,  3.57449543,  2.84101609,\n         4.80504453]]), array([0.32228748, 0.32295373, 0.32345139, 0.32350962, 0.3238228 ,\n       0.3240098 , 0.32439677]))", "callback": [0.790619626614883, 0.7405298369419215, 0.6628584011941616, 0.6344731452642178, 0.5854611373035494, 0.43119863301057404, 0.35573546734411854, 0.3269652993107287, 0.32483827948777233]}, "4": {"maxiter": 500, "fatol": 1e-05, "xatol": 1e-05, "duration": 0.17015480995178223, "fun": "0.2881256988768207", "nit": "357", "nfev": "560", "status": "0", "success": "True", "message": "Optimization terminated successfully.", "x": "[4.94483475 3.96780912 0.08342992 3.79737403 3.72802047 5.56692468]", "final_simplex": "(array([[4.94483475, 3.96780912, 0.08342992, 3.79737403, 3.72802047,\n        5.56692468],\n       [4.94484159, 3.96781069, 0.08342642, 3.79737586, 3.72802055,\n        5.56691997],\n       [4.94483608, 3.96780517, 0.08342495, 3.79737407, 3.728023  ,\n        5.56692063],\n       [4.94483608, 3.96781048, 0.0834226 , 3.79737738, 3.72801838,\n        5.56691544],\n       [4.94483689, 3.96781037, 0.08342582, 3.79737594, 3.72802614,\n        5.56692811],\n       [4.94483421, 3.96781294, 0.0834247 , 3.79737319, 3.72802295,\n        5.56692095],\n       [4.94483562, 3.96780939, 0.08342062, 3.79737218, 3.72801577,\n        5.56691511]]), array([0.2881257, 0.2881257, 0.2881257, 0.2881257, 0.2881257, 0.2881257,\n       0.2881257]))", "callback": [0.790619626614883, 0.7405298369419215, 0.6628584011941616, 0.6344731452642178, 0.5854611373035494, 0.43119863301057404, 0.35573546734411854, 0.3269652993107287, 0.32483827948777233, 0.3222874767467362, 0.3209903403243507, 0.3168406706959149, 0.3127363047552262, 0.30414599057314895, 0.3000646970889761, 0.29353460460187597, 0.291286862336842, 0.29016432276689474, 0.2892573292656865, 0.28876573481391066, 0.28860841003099924, 0.2883919161807319, 0.2883086598821577, 0.2881712346990716, 0.28814071182881706, 0.28813119277889154, 0.28812669463935536, 0.28812606297507104, 0.28812572747025256, 0.2881257044193043, 0.28812569956581846, 0.28812569917851816, 0.2881256989680544, 0.28812569889931794, 0.2881256988935642]}, "5": {"maxiter": 500, "fatol": 1e-05, "xatol": 1e-10, "duration": 0.24413323402404785, "fun": "0.28812569885845907", "nit": "457", "nfev": "784", "status": "0", "success": "True", "message": "Optimization terminated successfully.", "x": "[4.94483602 3.96780355 0.08343778 3.7973759  3.72801015 5.5669165 ]", "final_simplex": "(array([[4.94483602, 3.96780355, 0.08343778, 3.7973759 , 3.72801015,\n        5.5669165 ],\n       [4.94483602, 3.96780355, 0.08343778, 3.7973759 , 3.72801015,\n        5.5669165 ],\n       [4.94483602, 3.96780355, 0.08343778, 3.7973759 , 3.72801015,\n        5.5669165 ],\n       [4.94483602, 3.96780355, 0.08343778, 3.7973759 , 3.72801015,\n        5.5669165 ],\n       [4.94483602, 3.96780355, 0.08343778, 3.7973759 , 3.72801015,\n        5.5669165 ],\n       [4.94483602, 3.96780355, 0.08343778, 3.7973759 , 3.72801015,\n        5.5669165 ],\n       [4.94483602, 3.96780355, 0.08343778, 3.7973759 , 3.72801015,\n        5.5669165 ]]), array([0.2881257, 0.2881257, 0.2881257, 0.2881257, 0.2881257, 0.2881257,\n       0.2881257]))", "callback": [0.790619626614883, 0.7405298369419215, 0.6628584011941616, 0.6344731452642178, 0.5854611373035494, 0.43119863301057404, 0.35573546734411854, 0.3269652993107287, 0.32483827948777233, 0.3222874767467362, 0.3209903403243507, 0.3168406706959149, 0.3127363047552262, 0.30414599057314895, 0.3000646970889761, 0.29353460460187597, 0.291286862336842, 0.29016432276689474, 0.2892573292656865, 0.28876573481391066, 0.28860841003099924, 0.2883919161807319, 0.2883086598821577, 0.2881712346990716, 0.28814071182881706, 0.28813119277889154, 0.28812669463935536, 0.28812606297507104, 0.28812572747025256, 0.2881257044193043, 0.28812569956581846, 0.28812569917851816, 0.2881256989680544, 0.28812569889931794, 0.2881256988935642, 0.28812569887065764, 0.28812569885900485, 0.28812569885900485, 0.28812569885856043, 0.28812569885847406, 0.28812569885846084, 0.2881256988584604, 0.2881256988584594, 0.2881256988584594, 0.2881256988584592]}, "6": {"maxiter": 500, "fatol": 1e-10, "xatol": 1e-05, "duration": 0.17061090469360352, "fun": "0.2881256988768207", "nit": "357", "nfev": "560", "status": "0", "success": "True", "message": "Optimization terminated successfully.", "x": "[4.94483475 3.96780912 0.08342992 3.79737403 3.72802047 5.56692468]", "final_simplex": "(array([[4.94483475, 3.96780912, 0.08342992, 3.79737403, 3.72802047,\n        5.56692468],\n       [4.94484159, 3.96781069, 0.08342642, 3.79737586, 3.72802055,\n        5.56691997],\n       [4.94483608, 3.96780517, 0.08342495, 3.79737407, 3.728023  ,\n        5.56692063],\n       [4.94483608, 3.96781048, 0.0834226 , 3.79737738, 3.72801838,\n        5.56691544],\n       [4.94483689, 3.96781037, 0.08342582, 3.79737594, 3.72802614,\n        5.56692811],\n       [4.94483421, 3.96781294, 0.0834247 , 3.79737319, 3.72802295,\n        5.56692095],\n       [4.94483562, 3.96780939, 0.08342062, 3.79737218, 3.72801577,\n        5.56691511]]), array([0.2881257, 0.2881257, 0.2881257, 0.2881257, 0.2881257, 0.2881257,\n       0.2881257]))", "callback": [0.790619626614883, 0.7405298369419215, 0.6628584011941616, 0.6344731452642178, 0.5854611373035494, 0.43119863301057404, 0.35573546734411854, 0.3269652993107287, 0.32483827948777233, 0.3222874767467362, 0.3209903403243507, 0.3168406706959149, 0.3127363047552262, 0.30414599057314895, 0.3000646970889761, 0.29353460460187597, 0.291286862336842, 0.29016432276689474, 0.2892573292656865, 0.28876573481391066, 0.28860841003099924, 0.2883919161807319, 0.2883086598821577, 0.2881712346990716, 0.28814071182881706, 0.28813119277889154, 0.28812669463935536, 0.28812606297507104, 0.28812572747025256, 0.2881257044193043, 0.28812569956581846, 0.28812569917851816, 0.2881256989680544, 0.28812569889931794, 0.2881256988935642]}, "7": {"maxiter": 500, "fatol": 1e-10, "xatol": 1e-10, "duration": 0.25098109245300293, "fun": "0.28812569885845907", "nit": "457", "nfev": "784", "status": "0", "success": "True", "message": "Optimization terminated successfully.", "x": "[4.94483602 3.96780355 0.08343778 3.7973759  3.72801015 5.5669165 ]", "final_simplex": "(array([[4.94483602, 3.96780355, 0.08343778, 3.7973759 , 3.72801015,\n        5.5669165 ],\n       [4.94483602, 3.96780355, 0.08343778, 3.7973759 , 3.72801015,\n        5.5669165 ],\n       [4.94483602, 3.96780355, 0.08343778, 3.7973759 , 3.72801015,\n        5.5669165 ],\n       [4.94483602, 3.96780355, 0.08343778, 3.7973759 , 3.72801015,\n        5.5669165 ],\n       [4.94483602, 3.96780355, 0.08343778, 3.7973759 , 3.72801015,\n        5.5669165 ],\n       [4.94483602, 3.96780355, 0.08343778, 3.7973759 , 3.72801015,\n        5.5669165 ],\n       [4.94483602, 3.96780355, 0.08343778, 3.7973759 , 3.72801015,\n        5.5669165 ]]), array([0.2881257, 0.2881257, 0.2881257, 0.2881257, 0.2881257, 0.2881257,\n       0.2881257]))", "callback": [0.790619626614883, 0.7405298369419215, 0.6628584011941616, 0.6344731452642178, 0.5854611373035494, 0.43119863301057404, 0.35573546734411854, 0.3269652993107287, 0.32483827948777233, 0.3222874767467362, 0.3209903403243507, 0.3168406706959149, 0.3127363047552262, 0.30414599057314895, 0.3000646970889761, 0.29353460460187597, 0.291286862336842, 0.29016432276689474, 0.2892573292656865, 0.28876573481391066, 0.28860841003099924, 0.2883919161807319, 0.2883086598821577, 0.2881712346990716, 0.28814071182881706, 0.28813119277889154, 0.28812669463935536, 0.28812606297507104, 0.28812572747025256, 0.2881257044193043, 0.28812569956581846, 0.28812569917851816, 0.2881256989680544, 0.28812569889931794, 0.2881256988935642, 0.28812569887065764, 0.28812569885900485, 0.28812569885900485, 0.28812569885856043, 0.28812569885847406, 0.28812569885846084, 0.2881256988584604, 0.2881256988584594, 0.2881256988584594, 0.2881256988584592]}, "8": {"maxiter": 1000, "fatol": 1e-05, "xatol": 1e-05, "duration": 0.23205089569091797, "fun": "0.2881256988768207", "nit": "357", "nfev": "560", "status": "0", "success": "True", "message": "Optimization terminated successfully.", "x": "[4.94483475 3.96780912 0.08342992 3.79737403 3.72802047 5.56692468]", "final_simplex": "(array([[4.94483475, 3.96780912, 0.08342992, 3.79737403, 3.72802047,\n        5.56692468],\n       [4.94484159, 3.96781069, 0.08342642, 3.79737586, 3.72802055,\n        5.56691997],\n       [4.94483608, 3.96780517, 0.08342495, 3.79737407, 3.728023  ,\n        5.56692063],\n       [4.94483608, 3.96781048, 0.0834226 , 3.79737738, 3.72801838,\n        5.56691544],\n       [4.94483689, 3.96781037, 0.08342582, 3.79737594, 3.72802614,\n        5.56692811],\n       [4.94483421, 3.96781294, 0.0834247 , 3.79737319, 3.72802295,\n        5.56692095],\n       [4.94483562, 3.96780939, 0.08342062, 3.79737218, 3.72801577,\n        5.56691511]]), array([0.2881257, 0.2881257, 0.2881257, 0.2881257, 0.2881257, 0.2881257,\n       0.2881257]))", "callback": [0.790619626614883, 0.7405298369419215, 0.6628584011941616, 0.6344731452642178, 0.5854611373035494, 0.43119863301057404, 0.35573546734411854, 0.3269652993107287, 0.32483827948777233, 0.3222874767467362, 0.3209903403243507, 0.3168406706959149, 0.3127363047552262, 0.30414599057314895, 0.3000646970889761, 0.29353460460187597, 0.291286862336842, 0.29016432276689474, 0.2892573292656865, 0.28876573481391066, 0.28860841003099924, 0.2883919161807319, 0.2883086598821577, 0.2881712346990716, 0.28814071182881706, 0.28813119277889154, 0.28812669463935536, 0.28812606297507104, 0.28812572747025256, 0.2881257044193043, 0.28812569956581846, 0.28812569917851816, 0.2881256989680544, 0.28812569889931794, 0.2881256988935642]}, "9": {"maxiter": 1000, "fatol": 1e-05, "xatol": 1e-10, "duration": 0.25697779655456543, "fun": "0.28812569885845907", "nit": "457", "nfev": "784", "status": "0", "success": "True", "message": "Optimization terminated successfully.", "x": "[4.94483602 3.96780355 0.08343778 3.7973759  3.72801015 5.5669165 ]", "final_simplex": "(array([[4.94483602, 3.96780355, 0.08343778, 3.7973759 , 3.72801015,\n        5.5669165 ],\n       [4.94483602, 3.96780355, 0.08343778, 3.7973759 , 3.72801015,\n        5.5669165 ],\n       [4.94483602, 3.96780355, 0.08343778, 3.7973759 , 3.72801015,\n        5.5669165 ],\n       [4.94483602, 3.96780355, 0.08343778, 3.7973759 , 3.72801015,\n        5.5669165 ],\n       [4.94483602, 3.96780355, 0.08343778, 3.7973759 , 3.72801015,\n        5.5669165 ],\n       [4.94483602, 3.96780355, 0.08343778, 3.7973759 , 3.72801015,\n        5.5669165 ],\n       [4.94483602, 3.96780355, 0.08343778, 3.7973759 , 3.72801015,\n        5.5669165 ]]), array([0.2881257, 0.2881257, 0.2881257, 0.2881257, 0.2881257, 0.2881257,\n       0.2881257]))", "callback": [0.790619626614883, 0.7405298369419215, 0.6628584011941616, 0.6344731452642178, 0.5854611373035494, 0.43119863301057404, 0.35573546734411854, 0.3269652993107287, 0.32483827948777233, 0.3222874767467362, 0.3209903403243507, 0.3168406706959149, 0.3127363047552262, 0.30414599057314895, 0.3000646970889761, 0.29353460460187597, 0.291286862336842, 0.29016432276689474, 0.2892573292656865, 0.28876573481391066, 0.28860841003099924, 0.2883919161807319, 0.2883086598821577, 0.2881712346990716, 0.28814071182881706, 0.28813119277889154, 0.28812669463935536, 0.28812606297507104, 0.28812572747025256, 0.2881257044193043, 0.28812569956581846, 0.28812569917851816, 0.2881256989680544, 0.28812569889931794, 0.2881256988935642, 0.28812569887065764, 0.28812569885900485, 0.28812569885900485, 0.28812569885856043, 0.28812569885847406, 0.28812569885846084, 0.2881256988584604, 0.2881256988584594, 0.2881256988584594, 0.2881256988584592]}, "10": {"maxiter": 1000, "fatol": 1e-10, "xatol": 1e-05, "duration": 0.17075777053833008, "fun": "0.2881256988768207", "nit": "357", "nfev": "560", "status": "0", "success": "True", "message": "Optimization terminated successfully.", "x": "[4.94483475 3.96780912 0.08342992 3.79737403 3.72802047 5.56692468]", "final_simplex": "(array([[4.94483475, 3.96780912, 0.08342992, 3.79737403, 3.72802047,\n        5.56692468],\n       [4.94484159, 3.96781069, 0.08342642, 3.79737586, 3.72802055,\n        5.56691997],\n       [4.94483608, 3.96780517, 0.08342495, 3.79737407, 3.728023  ,\n        5.56692063],\n       [4.94483608, 3.96781048, 0.0834226 , 3.79737738, 3.72801838,\n        5.56691544],\n       [4.94483689, 3.96781037, 0.08342582, 3.79737594, 3.72802614,\n        5.56692811],\n       [4.94483421, 3.96781294, 0.0834247 , 3.79737319, 3.72802295,\n        5.56692095],\n       [4.94483562, 3.96780939, 0.08342062, 3.79737218, 3.72801577,\n        5.56691511]]), array([0.2881257, 0.2881257, 0.2881257, 0.2881257, 0.2881257, 0.2881257,\n       0.2881257]))", "callback": [0.790619626614883, 0.7405298369419215, 0.6628584011941616, 0.6344731452642178, 0.5854611373035494, 0.43119863301057404, 0.35573546734411854, 0.3269652993107287, 0.32483827948777233, 0.3222874767467362, 0.3209903403243507, 0.3168406706959149, 0.3127363047552262, 0.30414599057314895, 0.3000646970889761, 0.29353460460187597, 0.291286862336842, 0.29016432276689474, 0.2892573292656865, 0.28876573481391066, 0.28860841003099924, 0.2883919161807319, 0.2883086598821577, 0.2881712346990716, 0.28814071182881706, 0.28813119277889154, 0.28812669463935536, 0.28812606297507104, 0.28812572747025256, 0.2881257044193043, 0.28812569956581846, 0.28812569917851816, 0.2881256989680544, 0.28812569889931794, 0.2881256988935642]}, "11": {"maxiter": 1000, "fatol": 1e-10, "xatol": 1e-10, "duration": 0.24049806594848633, "fun": "0.28812569885845907", "nit": "457", "nfev": "784", "status": "0", "success": "True", "message": "Optimization terminated successfully.", "x": "[4.94483602 3.96780355 0.08343778 3.7973759  3.72801015 5.5669165 ]", "final_simplex": "(array([[4.94483602, 3.96780355, 0.08343778, 3.7973759 , 3.72801015,\n        5.5669165 ],\n       [4.94483602, 3.96780355, 0.08343778, 3.7973759 , 3.72801015,\n        5.5669165 ],\n       [4.94483602, 3.96780355, 0.08343778, 3.7973759 , 3.72801015,\n        5.5669165 ],\n       [4.94483602, 3.96780355, 0.08343778, 3.7973759 , 3.72801015,\n        5.5669165 ],\n       [4.94483602, 3.96780355, 0.08343778, 3.7973759 , 3.72801015,\n        5.5669165 ],\n       [4.94483602, 3.96780355, 0.08343778, 3.7973759 , 3.72801015,\n        5.5669165 ],\n       [4.94483602, 3.96780355, 0.08343778, 3.7973759 , 3.72801015,\n        5.5669165 ]]), array([0.2881257, 0.2881257, 0.2881257, 0.2881257, 0.2881257, 0.2881257,\n       0.2881257]))", "callback": [0.790619626614883, 0.7405298369419215, 0.6628584011941616, 0.6344731452642178, 0.5854611373035494, 0.43119863301057404, 0.35573546734411854, 0.3269652993107287, 0.32483827948777233, 0.3222874767467362, 0.3209903403243507, 0.3168406706959149, 0.3127363047552262, 0.30414599057314895, 0.3000646970889761, 0.29353460460187597, 0.291286862336842, 0.29016432276689474, 0.2892573292656865, 0.28876573481391066, 0.28860841003099924, 0.2883919161807319, 0.2883086598821577, 0.2881712346990716, 0.28814071182881706, 0.28813119277889154, 0.28812669463935536, 0.28812606297507104, 0.28812572747025256, 0.2881257044193043, 0.28812569956581846, 0.28812569917851816, 0.2881256989680544, 0.28812569889931794, 0.2881256988935642, 0.28812569887065764, 0.28812569885900485, 0.28812569885900485, 0.28812569885856043, 0.28812569885847406, 0.28812569885846084, 0.2881256988584604, 0.2881256988584594, 0.2881256988584594, 0.2881256988584592]}}, "bfgs": {"type": "gradient", "0": {"maxiter": 100, "gtol": 1e-05, "xrtol": 1e-05, "eps": 1e-05, "duration": 0.05242490768432617, "fun": "0.2881256989421317", "jac": "[ 1.01840758e-07  1.54543045e-07  2.89313018e-07  2.11741735e-07\n -1.17017507e-06  7.58459962e-07]", "hess_inv": "[[ 3.00619075e+00  9.27622273e-02 -7.42747596e-02  7.45285860e-01\n   8.02760073e-01  4.28603310e-01]\n [ 9.27622273e-02  3.28258378e+00 -6.83180770e-01  1.46752491e-01\n   7.30474200e-01  2.01002412e-01]\n [-7.42747596e-02 -6.83180770e-01  5.24434107e+00 -3.20694443e-01\n   8.74577130e-03  2.61704830e+00]\n [ 7.45285860e-01  1.46752491e-01 -3.20694443e-01  3.48058852e+00\n   5.46271466e-01  2.07559562e-01]\n [ 8.02760073e-01  7.30474200e-01  8.74577130e-03  5.46271466e-01\n   7.91392530e+00  6.37570567e+00]\n [ 4.28603310e-01  2.01002412e-01  2.61704830e+00  2.07559562e-01\n   6.37570567e+00  9.43183440e+00]]", "nfev": "168", "njev": "24", "status": "0", "success": "True", "message": "Optimization terminated successfully.", "x": "[4.94482694 3.96779677 0.08343137 3.79736928 3.72797705 5.56688402]", "nit": "19", "callback": [0.31589067206793875]}, "1": {"maxiter": 100, "gtol": 1e-05, "xrtol": 1e-05, "eps": 1e-10, "duration": 0.05284285545349121, "fun": "0.28812569887872475", "jac": "[-1.11022293e-06  2.22044587e-06  0.00000000e+00  0.00000000e+00\n  0.00000000e+00  4.44089173e-06]", "hess_inv": "[[ 3.00589333  0.09898049 -0.06569904  0.7431862   0.81928942  0.45301985]\n [ 0.09898049  3.3296569  -0.67001213  0.15035475  0.78572778  0.26620175]\n [-0.06569904 -0.67001213  5.23860712 -0.31949978 -0.02445057  2.57966618]\n [ 0.7431862   0.15035475 -0.31949978  3.4808061   0.56368857  0.22490922]\n [ 0.81928942  0.78572778 -0.02445057  0.56368857  7.91938075  6.34512901]\n [ 0.45301985  0.26620175  2.57966618  0.22490922  6.34512901  9.36226671]]", "nfev": "168", "njev": "24", "status": "0", "success": "True", "message": "Optimization terminated successfully.", "x": "[4.94482951 3.96780769 0.08343951 3.79737237 3.72801617 5.56692872]", "nit": "19", "callback": [0.31588980329238814]}, "2": {"maxiter": 100, "gtol": 1e-05, "xrtol": 1e-10, "eps": 1e-05, "duration": 0.05137920379638672, "fun": "0.2881256989421317", "jac": "[ 1.01840758e-07  1.54543045e-07  2.89313018e-07  2.11741735e-07\n -1.17017507e-06  7.58459962e-07]", "hess_inv": "[[ 3.00619075e+00  9.27622273e-02 -7.42747596e-02  7.45285860e-01\n   8.02760073e-01  4.28603310e-01]\n [ 9.27622273e-02  3.28258378e+00 -6.83180770e-01  1.46752491e-01\n   7.30474200e-01  2.01002412e-01]\n [-7.42747596e-02 -6.83180770e-01  5.24434107e+00 -3.20694443e-01\n   8.74577130e-03  2.61704830e+00]\n [ 7.45285860e-01  1.46752491e-01 -3.20694443e-01  3.48058852e+00\n   5.46271466e-01  2.07559562e-01]\n [ 8.02760073e-01  7.30474200e-01  8.74577130e-03  5.46271466e-01\n   7.91392530e+00  6.37570567e+00]\n [ 4.28603310e-01  2.01002412e-01  2.61704830e+00  2.07559562e-01\n   6.37570567e+00  9.43183440e+00]]", "nfev": "168", "njev": "24", "status": "0", "success": "True", "message": "Optimization terminated successfully.", "x": "[4.94482694 3.96779677 0.08343137 3.79736928 3.72797705 5.56688402]", "nit": "19", "callback": [0.31589067206793875]}, "3": {"maxiter": 100, "gtol": 1e-05, "xrtol": 1e-10, "eps": 1e-10, "duration": 0.05258488655090332, "fun": "0.28812569887872475", "jac": "[-1.11022293e-06  2.22044587e-06  0.00000000e+00  0.00000000e+00\n  0.00000000e+00  4.44089173e-06]", "hess_inv": "[[ 3.00589333  0.09898049 -0.06569904  0.7431862   0.81928942  0.45301985]\n [ 0.09898049  3.3296569  -0.67001213  0.15035475  0.78572778  0.26620175]\n [-0.06569904 -0.67001213  5.23860712 -0.31949978 -0.02445057  2.57966618]\n [ 0.7431862   0.15035475 -0.31949978  3.4808061   0.56368857  0.22490922]\n [ 0.81928942  0.78572778 -0.02445057  0.56368857  7.91938075  6.34512901]\n [ 0.45301985  0.26620175  2.57966618  0.22490922  6.34512901  9.36226671]]", "nfev": "168", "njev": "24", "status": "0", "success": "True", "message": "Optimization terminated successfully.", "x": "[4.94482951 3.96780769 0.08343951 3.79737237 3.72801617 5.56692872]", "nit": "19", "callback": [0.31588980329238814]}, "4": {"maxiter": 100, "gtol": 1e-10, "xrtol": 1e-05, "eps": 1e-05, "duration": 0.054444074630737305, "fun": "0.2881256989369071", "jac": "[ 1.32116540e-09  1.01918474e-08  2.33590924e-08  3.36952688e-08\n -4.87165863e-08  1.46438417e-08]", "hess_inv": "[[ 3.00624405e+00  9.27952032e-02 -8.02059309e-02  7.44662816e-01\n   8.10602062e-01  4.27966163e-01]\n [ 9.27952032e-02  3.28239739e+00 -6.98391026e-01  1.45084233e-01\n   7.50800171e-01  1.99541494e-01]\n [-8.02059309e-02 -6.98391026e-01  5.26038095e+00 -3.22942931e-01\n  -4.35701740e-04  2.62842682e+00]\n [ 7.44662816e-01  1.45084233e-01 -3.22942931e-01  3.47991511e+00\n   5.50581058e-01  2.08391259e-01]\n [ 8.10602062e-01  7.50800171e-01 -4.35701740e-04  5.50581058e-01\n   7.90993993e+00  6.36177295e+00]\n [ 4.27966163e-01  1.99541494e-01  2.62842682e+00  2.08391259e-01\n   6.36177295e+00  9.43394918e+00]]", "nfev": "175", "njev": "25", "status": "0", "success": "True", "message": "Optimization terminated successfully.", "x": "[4.94482711 3.96779716 0.08342804 3.79736902 3.72798116 5.56688344]", "nit": "20", "callback": [0.31589067206793875, 0.2881256989369071]}, "5": {"maxiter": 100, "gtol": 1e-10, "xrtol": 1e-05, "eps": 1e-10, "duration": 0.0559842586517334, "fun": "0.28812569886675565", "jac": "[-2.22044587e-06  0.00000000e+00 -1.11022309e-06 -1.11022293e-06\n -1.11022293e-06  2.22044587e-06]", "hess_inv": "[[ 3.00928212  0.08648558 -0.0863394   0.74291642  0.76443935  0.37236008]\n [ 0.08648558  3.23908242 -0.69687074  0.13828809  0.64183348  0.08573966]\n [-0.0863394  -0.69687074  5.28674046 -0.3276984   0.04881608  2.71087381]\n [ 0.74291642  0.13828809 -0.3276984   3.47957909  0.53496951  0.18565312]\n [ 0.76443935  0.64183348  0.04881608  0.53496951  7.93038202  6.44019163]\n [ 0.37236008  0.08573966  2.71087381  0.18565312  6.44019163  9.61096767]]", "nfev": "182", "njev": "26", "status": "0", "success": "True", "message": "Optimization terminated successfully.", "x": "[4.94483003 3.96780508 0.08343582 3.79737226 3.72800598 5.56691389]", "nit": "20", "callback": [0.31588980329238814, 0.28812569886675565]}, "6": {"maxiter": 100, "gtol": 1e-10, "xrtol": 1e-10, "eps": 1e-05, "duration": 0.058107852935791016, "fun": "0.28812569893652695", "jac": "[-6.66133815e-11 -1.11022302e-11  2.22044605e-11  3.33066907e-11\n  6.66133815e-11 -5.55111512e-11]", "hess_inv": "[[ 3.00791412  0.0949116  -0.10426135  0.72826975  0.85903855  0.44893597]\n [ 0.0949116   3.28342943 -0.70633132  0.13629846  0.77486623  0.21491048]\n [-0.10426135 -0.70633132  5.2832054  -0.28004032 -0.13688991  2.52268739]\n [ 0.72826975  0.13629846 -0.28004032  3.49838191  0.4428889   0.16524583]\n [ 0.85903855  0.77486623 -0.13688991  0.4428889   8.30210509  6.57463057]\n [ 0.44893597  0.21491048  2.52268739  0.16524583  6.57463057  9.50178668]]", "nfev": "189", "njev": "27", "status": "0", "success": "True", "message": "Optimization terminated successfully.", "x": "[4.94482712 3.96779717 0.08342789 3.79736893 3.72798145 5.56688355]", "nit": "22", "callback": [0.31589067206793875, 0.2881256989369071]}, "7": {"maxiter": 100, "gtol": 1e-10, "xrtol": 1e-10, "eps": 1e-10, "duration": 0.08712100982666016, "fun": "0.28812569886314476", "jac": "[2.22044587e-06 0.00000000e+00 0.00000000e+00 0.00000000e+00\n 0.00000000e+00 0.00000000e+00]", "hess_inv": "[[ 1.82464848 -0.68215538 -0.33202591  0.34378703 -0.05096429 -0.09158449]\n [-0.68215538  2.70649088 -0.48469639  0.48203502 -0.47227101 -0.5800953 ]\n [-0.33202591 -0.48469639  0.58648174 -0.56522218 -0.66335147 -0.84654774]\n [ 0.34378703  0.48203502 -0.56522218  0.56126199  0.66008735  0.84598898]\n [-0.05096429 -0.47227101 -0.66335147  0.66008735  4.49424988  2.50044356]\n [-0.09158449 -0.5800953  -0.84654774  0.84598898  2.50044356  3.21103371]]", "nfev": "287", "njev": "41", "status": "0", "success": "True", "message": "Optimization terminated successfully.", "x": "[4.94483451 3.96780502 0.08343563 3.79737545 3.7280039  5.56690766]", "nit": "24", "callback": [0.31588980329238814, 0.28812569886675565]}, "8": {"maxiter": 500, "gtol": 1e-05, "xrtol": 1e-05, "eps": 1e-05, "duration": 0.05015277862548828, "fun": "0.2881256989421317", "jac": "[ 1.01840758e-07  1.54543045e-07  2.89313018e-07  2.11741735e-07\n -1.17017507e-06  7.58459962e-07]", "hess_inv": "[[ 3.00619075e+00  9.27622273e-02 -7.42747596e-02  7.45285860e-01\n   8.02760073e-01  4.28603310e-01]\n [ 9.27622273e-02  3.28258378e+00 -6.83180770e-01  1.46752491e-01\n   7.30474200e-01  2.01002412e-01]\n [-7.42747596e-02 -6.83180770e-01  5.24434107e+00 -3.20694443e-01\n   8.74577130e-03  2.61704830e+00]\n [ 7.45285860e-01  1.46752491e-01 -3.20694443e-01  3.48058852e+00\n   5.46271466e-01  2.07559562e-01]\n [ 8.02760073e-01  7.30474200e-01  8.74577130e-03  5.46271466e-01\n   7.91392530e+00  6.37570567e+00]\n [ 4.28603310e-01  2.01002412e-01  2.61704830e+00  2.07559562e-01\n   6.37570567e+00  9.43183440e+00]]", "nfev": "168", "njev": "24", "status": "0", "success": "True", "message": "Optimization terminated successfully.", "x": "[4.94482694 3.96779677 0.08343137 3.79736928 3.72797705 5.56688402]", "nit": "19", "callback": [0.31589067206793875]}, "9": {"maxiter": 500, "gtol": 1e-05, "xrtol": 1e-05, "eps": 1e-10, "duration": 0.051271915435791016, "fun": "0.28812569887872475", "jac": "[-1.11022293e-06  2.22044587e-06  0.00000000e+00  0.00000000e+00\n  0.00000000e+00  4.44089173e-06]", "hess_inv": "[[ 3.00589333  0.09898049 -0.06569904  0.7431862   0.81928942  0.45301985]\n [ 0.09898049  3.3296569  -0.67001213  0.15035475  0.78572778  0.26620175]\n [-0.06569904 -0.67001213  5.23860712 -0.31949978 -0.02445057  2.57966618]\n [ 0.7431862   0.15035475 -0.31949978  3.4808061   0.56368857  0.22490922]\n [ 0.81928942  0.78572778 -0.02445057  0.56368857  7.91938075  6.34512901]\n [ 0.45301985  0.26620175  2.57966618  0.22490922  6.34512901  9.36226671]]", "nfev": "168", "njev": "24", "status": "0", "success": "True", "message": "Optimization terminated successfully.", "x": "[4.94482951 3.96780769 0.08343951 3.79737237 3.72801617 5.56692872]", "nit": "19", "callback": [0.31588980329238814]}, "10": {"maxiter": 500, "gtol": 1e-05, "xrtol": 1e-10, "eps": 1e-05, "duration": 0.053971052169799805, "fun": "0.2881256989421317", "jac": "[ 1.01840758e-07  1.54543045e-07  2.89313018e-07  2.11741735e-07\n -1.17017507e-06  7.58459962e-07]", "hess_inv": "[[ 3.00619075e+00  9.27622273e-02 -7.42747596e-02  7.45285860e-01\n   8.02760073e-01  4.28603310e-01]\n [ 9.27622273e-02  3.28258378e+00 -6.83180770e-01  1.46752491e-01\n   7.30474200e-01  2.01002412e-01]\n [-7.42747596e-02 -6.83180770e-01  5.24434107e+00 -3.20694443e-01\n   8.74577130e-03  2.61704830e+00]\n [ 7.45285860e-01  1.46752491e-01 -3.20694443e-01  3.48058852e+00\n   5.46271466e-01  2.07559562e-01]\n [ 8.02760073e-01  7.30474200e-01  8.74577130e-03  5.46271466e-01\n   7.91392530e+00  6.37570567e+00]\n [ 4.28603310e-01  2.01002412e-01  2.61704830e+00  2.07559562e-01\n   6.37570567e+00  9.43183440e+00]]", "nfev": "168", "njev": "24", "status": "0", "success": "True", "message": "Optimization terminated successfully.", "x": "[4.94482694 3.96779677 0.08343137 3.79736928 3.72797705 5.56688402]", "nit": "19", "callback": [0.31589067206793875]}, "11": {"maxiter": 500, "gtol": 1e-05, "xrtol": 1e-10, "eps": 1e-10, "duration": 0.05744194984436035, "fun": "0.28812569887872475", "jac": "[-1.11022293e-06  2.22044587e-06  0.00000000e+00  0.00000000e+00\n  0.00000000e+00  4.44089173e-06]", "hess_inv": "[[ 3.00589333  0.09898049 -0.06569904  0.7431862   0.81928942  0.45301985]\n [ 0.09898049  3.3296569  -0.67001213  0.15035475  0.78572778  0.26620175]\n [-0.06569904 -0.67001213  5.23860712 -0.31949978 -0.02445057  2.57966618]\n [ 0.7431862   0.15035475 -0.31949978  3.4808061   0.56368857  0.22490922]\n [ 0.81928942  0.78572778 -0.02445057  0.56368857  7.91938075  6.34512901]\n [ 0.45301985  0.26620175  2.57966618  0.22490922  6.34512901  9.36226671]]", "nfev": "168", "njev": "24", "status": "0", "success": "True", "message": "Optimization terminated successfully.", "x": "[4.94482951 3.96780769 0.08343951 3.79737237 3.72801617 5.56692872]", "nit": "19", "callback": [0.31588980329238814]}, "12": {"maxiter": 500, "gtol": 1e-10, "xrtol": 1e-05, "eps": 1e-05, "duration": 0.057943105697631836, "fun": "0.2881256989369071", "jac": "[ 1.32116540e-09  1.01918474e-08  2.33590924e-08  3.36952688e-08\n -4.87165863e-08  1.46438417e-08]", "hess_inv": "[[ 3.00624405e+00  9.27952032e-02 -8.02059309e-02  7.44662816e-01\n   8.10602062e-01  4.27966163e-01]\n [ 9.27952032e-02  3.28239739e+00 -6.98391026e-01  1.45084233e-01\n   7.50800171e-01  1.99541494e-01]\n [-8.02059309e-02 -6.98391026e-01  5.26038095e+00 -3.22942931e-01\n  -4.35701740e-04  2.62842682e+00]\n [ 7.44662816e-01  1.45084233e-01 -3.22942931e-01  3.47991511e+00\n   5.50581058e-01  2.08391259e-01]\n [ 8.10602062e-01  7.50800171e-01 -4.35701740e-04  5.50581058e-01\n   7.90993993e+00  6.36177295e+00]\n [ 4.27966163e-01  1.99541494e-01  2.62842682e+00  2.08391259e-01\n   6.36177295e+00  9.43394918e+00]]", "nfev": "175", "njev": "25", "status": "0", "success": "True", "message": "Optimization terminated successfully.", "x": "[4.94482711 3.96779716 0.08342804 3.79736902 3.72798116 5.56688344]", "nit": "20", "callback": [0.31589067206793875, 0.2881256989369071]}, "13": {"maxiter": 500, "gtol": 1e-10, "xrtol": 1e-05, "eps": 1e-10, "duration": 0.05692005157470703, "fun": "0.28812569886675565", "jac": "[-2.22044587e-06  0.00000000e+00 -1.11022309e-06 -1.11022293e-06\n -1.11022293e-06  2.22044587e-06]", "hess_inv": "[[ 3.00928212  0.08648558 -0.0863394   0.74291642  0.76443935  0.37236008]\n [ 0.08648558  3.23908242 -0.69687074  0.13828809  0.64183348  0.08573966]\n [-0.0863394  -0.69687074  5.28674046 -0.3276984   0.04881608  2.71087381]\n [ 0.74291642  0.13828809 -0.3276984   3.47957909  0.53496951  0.18565312]\n [ 0.76443935  0.64183348  0.04881608  0.53496951  7.93038202  6.44019163]\n [ 0.37236008  0.08573966  2.71087381  0.18565312  6.44019163  9.61096767]]", "nfev": "182", "njev": "26", "status": "0", "success": "True", "message": "Optimization terminated successfully.", "x": "[4.94483003 3.96780508 0.08343582 3.79737226 3.72800598 5.56691389]", "nit": "20", "callback": [0.31588980329238814, 0.28812569886675565]}, "14": {"maxiter": 500, "gtol": 1e-10, "xrtol": 1e-10, "eps": 1e-05, "duration": 0.059680938720703125, "fun": "0.28812569893652695", "jac": "[-6.66133815e-11 -1.11022302e-11  2.22044605e-11  3.33066907e-11\n  6.66133815e-11 -5.55111512e-11]", "hess_inv": "[[ 3.00791412  0.0949116  -0.10426135  0.72826975  0.85903855  0.44893597]\n [ 0.0949116   3.28342943 -0.70633132  0.13629846  0.77486623  0.21491048]\n [-0.10426135 -0.70633132  5.2832054  -0.28004032 -0.13688991  2.52268739]\n [ 0.72826975  0.13629846 -0.28004032  3.49838191  0.4428889   0.16524583]\n [ 0.85903855  0.77486623 -0.13688991  0.4428889   8.30210509  6.57463057]\n [ 0.44893597  0.21491048  2.52268739  0.16524583  6.57463057  9.50178668]]", "nfev": "189", "njev": "27", "status": "0", "success": "True", "message": "Optimization terminated successfully.", "x": "[4.94482712 3.96779717 0.08342789 3.79736893 3.72798145 5.56688355]", "nit": "22", "callback": [0.31589067206793875, 0.2881256989369071]}, "15": {"maxiter": 500, "gtol": 1e-10, "xrtol": 1e-10, "eps": 1e-10, "duration": 0.08938169479370117, "fun": "0.28812569886314476", "jac": "[2.22044587e-06 0.00000000e+00 0.00000000e+00 0.00000000e+00\n 0.00000000e+00 0.00000000e+00]", "hess_inv": "[[ 1.82464848 -0.68215538 -0.33202591  0.34378703 -0.05096429 -0.09158449]\n [-0.68215538  2.70649088 -0.48469639  0.48203502 -0.47227101 -0.5800953 ]\n [-0.33202591 -0.48469639  0.58648174 -0.56522218 -0.66335147 -0.84654774]\n [ 0.34378703  0.48203502 -0.56522218  0.56126199  0.66008735  0.84598898]\n [-0.05096429 -0.47227101 -0.66335147  0.66008735  4.49424988  2.50044356]\n [-0.09158449 -0.5800953  -0.84654774  0.84598898  2.50044356  3.21103371]]", "nfev": "287", "njev": "41", "status": "0", "success": "True", "message": "Optimization terminated successfully.", "x": "[4.94483451 3.96780502 0.08343563 3.79737545 3.7280039  5.56690766]", "nit": "24", "callback": [0.31588980329238814, 0.28812569886675565]}, "16": {"maxiter": 1000, "gtol": 1e-05, "xrtol": 1e-05, "eps": 1e-05, "duration": 0.05279088020324707, "fun": "0.2881256989421317", "jac": "[ 1.01840758e-07  1.54543045e-07  2.89313018e-07  2.11741735e-07\n -1.17017507e-06  7.58459962e-07]", "hess_inv": "[[ 3.00619075e+00  9.27622273e-02 -7.42747596e-02  7.45285860e-01\n   8.02760073e-01  4.28603310e-01]\n [ 9.27622273e-02  3.28258378e+00 -6.83180770e-01  1.46752491e-01\n   7.30474200e-01  2.01002412e-01]\n [-7.42747596e-02 -6.83180770e-01  5.24434107e+00 -3.20694443e-01\n   8.74577130e-03  2.61704830e+00]\n [ 7.45285860e-01  1.46752491e-01 -3.20694443e-01  3.48058852e+00\n   5.46271466e-01  2.07559562e-01]\n [ 8.02760073e-01  7.30474200e-01  8.74577130e-03  5.46271466e-01\n   7.91392530e+00  6.37570567e+00]\n [ 4.28603310e-01  2.01002412e-01  2.61704830e+00  2.07559562e-01\n   6.37570567e+00  9.43183440e+00]]", "nfev": "168", "njev": "24", "status": "0", "success": "True", "message": "Optimization terminated successfully.", "x": "[4.94482694 3.96779677 0.08343137 3.79736928 3.72797705 5.56688402]", "nit": "19", "callback": [0.31589067206793875]}, "17": {"maxiter": 1000, "gtol": 1e-05, "xrtol": 1e-05, "eps": 1e-10, "duration": 0.05319809913635254, "fun": "0.28812569887872475", "jac": "[-1.11022293e-06  2.22044587e-06  0.00000000e+00  0.00000000e+00\n  0.00000000e+00  4.44089173e-06]", "hess_inv": "[[ 3.00589333  