{"date": "2024/09/23/, 14:15:35", "conf_id": 10, "data_type": "random\n", "num_data_points": 1, "s_rank": 0, "unitary": "[[-0.45070455-0.02711853j,0.78437395-0.06613086j,0.06358678+0.19963393j,-0.07343613+0.35668523j],[-0.01890143-0.03813363j,0.32408202+0.25557629j,0.05872864-0.68979805j,0.55466693-0.20227297j],[-0.11215405+0.64023111j,-0.13344055+0.29565494j,-0.49012687-0.19046288j,-0.04241254+0.44046348j],[0.55771659+0.24656916j,0.31851997-0.05798805j,0.28761525-0.34294258j,-0.56718418+0.03616933j]]", "databatch_0": {"databatch": "[[[-0.22050833-0.13826777j,0.0007044-0.09354267j,-0.06469118+0.08001349j,-0.03834947-0.1512912j],[0.12055698-0.04461869j,-0.04450315-0.04520032j,0.04984929-0.12202348j,-0.43594289+0.28089956j],[-0.43069217-0.00074036j,0.13286521+0.06579084j,-0.07559421-0.13850831j,-0.16257475+0.1837869j],[0.00874133-0.10409884j,0.14590901+0.38376716j,0.12654374-0.23992015j,0.18284941-0.05111795j]]]", "initial param values": "[0.63966233,3.99620388,1.25673999,3.37604961,6.04234164,5.62192617]", "nelder_mead": {"type": "gradient-free", "0": {"maxiter": 100, "fatol": 1e-05, "xatol": 1e-05, "duration": 0.04484415054321289, "fun": "0.465525103574686", "nit": "100", "nfev": "150", "status": "2", "success": "False", "message": "Maximum number of iterations has been exceeded.", "x": "[-0.07340447  4.67602975  0.27151063  2.9674873  11.55589285  9.89222985]", "final_simplex": "(array([[-7.34044749e-02,  4.67602975e+00,  2.71510626e-01,\n         2.96748730e+00,  1.15558929e+01,  9.89222985e+00],\n       [-6.76549747e-02,  4.67967118e+00,  2.11556682e-01,\n         2.97894758e+00,  1.16320634e+01,  1.00497875e+01],\n       [-5.63960203e-02,  4.71462564e+00,  1.44089694e-01,\n         2.92140668e+00,  1.18183826e+01,  1.01582421e+01],\n       [-4.79398681e-02,  4.84827264e+00,  1.11147841e-01,\n         2.95672329e+00,  1.17263060e+01,  1.01180725e+01],\n       [ 3.93099419e-03,  4.60111473e+00,  2.40977033e-01,\n         2.95453768e+00,  1.14449469e+01,  9.67246014e+00],\n       [ 1.42309943e-02,  4.55644402e+00,  2.67858654e-01,\n         2.94742651e+00,  1.13444538e+01,  9.69413020e+00],\n       [-3.93446912e-02,  4.83048475e+00,  1.93470122e-01,\n         2.83207679e+00,  1.15577893e+01,  1.00145852e+01]]), array([0.4655251 , 0.46628038, 0.46762809, 0.468002  , 0.47080674,\n       0.47164177, 0.47178492]))", "callback": [0.6417145681705668, 0.610110988713098, 0.6030270409714276, 0.5812712654159778, 0.5314861514954121, 0.4925074010522994, 0.4832296753745555, 0.4757155542333176, 0.47207784224032356]}, "1": {"maxiter": 100, "fatol": 1e-05, "xatol": 1e-10, "duration": 0.041413068771362305, "fun": "0.465525103574686", "nit": "100", "nfev": "150", "status": "2", "success": "False", "message": "Maximum number of iterations has been exceeded.", "x": "[-0.07340447  4.67602975  0.27151063  2.9674873  11.55589285  9.89222985]", "final_simplex": "(array([[-7.34044749e-02,  4.67602975e+00,  2.71510626e-01,\n         2.96748730e+00,  1.15558929e+01,  9.89222985e+00],\n       [-6.76549747e-02,  4.67967118e+00,  2.11556682e-01,\n         2.97894758e+00,  1.16320634e+01,  1.00497875e+01],\n       [-5.63960203e-02,  4.71462564e+00,  1.44089694e-01,\n         2.92140668e+00,  1.18183826e+01,  1.01582421e+01],\n       [-4.79398681e-02,  4.84827264e+00,  1.11147841e-01,\n         2.95672329e+00,  1.17263060e+01,  1.01180725e+01],\n       [ 3.93099419e-03,  4.60111473e+00,  2.40977033e-01,\n         2.95453768e+00,  1.14449469e+01,  9.67246014e+00],\n       [ 1.42309943e-02,  4.55644402e+00,  2.67858654e-01,\n         2.94742651e+00,  1.13444538e+01,  9.69413020e+00],\n       [-3.93446912e-02,  4.83048475e+00,  1.93470122e-01,\n         2.83207679e+00,  1.15577893e+01,  1.00145852e+01]]), array([0.4655251 , 0.46628038, 0.46762809, 0.468002  , 0.47080674,\n       0.47164177, 0.47178492]))", "callback": [0.6417145681705668, 0.610110988713098, 0.6030270409714276, 0.5812712654159778, 0.5314861514954121, 0.4925074010522994, 0.4832296753745555, 0.4757155542333176, 0.47207784224032356]}, "2": {"maxiter": 100, "fatol": 1e-10, "xatol": 1e-05, "duration": 0.04145097732543945, "fun": "0.465525103574686", "nit": "100", "nfev": "150", "status": "2", "success": "False", "message": "Maximum number of iterations has been exceeded.", "x": "[-0.07340447  4.67602975  0.27151063  2.9674873  11.55589285  9.89222985]", "final_simplex": "(array([[-7.34044749e-02,  4.67602975e+00,  2.71510626e-01,\n         2.96748730e+00,  1.15558929e+01,  9.89222985e+00],\n       [-6.76549747e-02,  4.67967118e+00,  2.11556682e-01,\n         2.97894758e+00,  1.16320634e+01,  1.00497875e+01],\n       [-5.63960203e-02,  4.71462564e+00,  1.44089694e-01,\n         2.92140668e+00,  1.18183826e+01,  1.01582421e+01],\n       [-4.79398681e-02,  4.84827264e+00,  1.11147841e-01,\n         2.95672329e+00,  1.17263060e+01,  1.01180725e+01],\n       [ 3.93099419e-03,  4.60111473e+00,  2.40977033e-01,\n         2.95453768e+00,  1.14449469e+01,  9.67246014e+00],\n       [ 1.42309943e-02,  4.55644402e+00,  2.67858654e-01,\n         2.94742651e+00,  1.13444538e+01,  9.69413020e+00],\n       [-3.93446912e-02,  4.83048475e+00,  1.93470122e-01,\n         2.83207679e+00,  1.15577893e+01,  1.00145852e+01]]), array([0.4655251 , 0.46628038, 0.46762809, 0.468002  , 0.47080674,\n       0.47164177, 0.47178492]))", "callback": [0.6417145681705668, 0.610110988713098, 0.6030270409714276, 0.5812712654159778, 0.5314861514954121, 0.4925074010522994, 0.4832296753745555, 0.4757155542333176, 0.47207784224032356]}, "3": {"maxiter": 100, "fatol": 1e-10, "xatol": 1e-10, "duration": 0.03958320617675781, "fun": "0.465525103574686", "nit": "100", "nfev": "150", "status": "2", "success": "False", "message": "Maximum number of iterations has been exceeded.", "x": "[-0.07340447  4.67602975  0.27151063  2.9674873  11.55589285  9.89222985]", "final_simplex": "(array([[-7.34044749e-02,  4.67602975e+00,  2.71510626e-01,\n         2.96748730e+00,  1.15558929e+01,  9.89222985e+00],\n       [-6.76549747e-02,  4.67967118e+00,  2.11556682e-01,\n         2.97894758e+00,  1.16320634e+01,  1.00497875e+01],\n       [-5.63960203e-02,  4.71462564e+00,  1.44089694e-01,\n         2.92140668e+00,  1.18183826e+01,  1.01582421e+01],\n       [-4.79398681e-02,  4.84827264e+00,  1.11147841e-01,\n         2.95672329e+00,  1.17263060e+01,  1.01180725e+01],\n       [ 3.93099419e-03,  4.60111473e+00,  2.40977033e-01,\n         2.95453768e+00,  1.14449469e+01,  9.67246014e+00],\n       [ 1.42309943e-02,  4.55644402e+00,  2.67858654e-01,\n         2.94742651e+00,  1.13444538e+01,  9.69413020e+00],\n       [-3.93446912e-02,  4.83048475e+00,  1.93470122e-01,\n         2.83207679e+00,  1.15577893e+01,  1.00145852e+01]]), array([0.4655251 , 0.46628038, 0.46762809, 0.468002  , 0.47080674,\n       0.47164177, 0.47178492]))", "callback": [0.6417145681705668, 0.610110988713098, 0.6030270409714276, 0.5812712654159778, 0.5314861514954121, 0.4925074010522994, 0.4832296753745555, 0.4757155542333176, 0.47207784224032356]}, "4": {"maxiter": 500, "fatol": 1e-05, "xatol": 1e-05, "duration": 0.19047284126281738, "fun": "0.3401692278347156", "nit": "456", "nfev": "701", "status": "0", "success": "True", "message": "Optimization terminated successfully.", "x": "[-1.30784356  3.86960493  2.69040349  1.8665829  10.96391847 10.73875982]", "final_simplex": "(array([[-1.30784356,  3.86960493,  2.69040349,  1.8665829 , 10.96391847,\n        10.73875982],\n       [-1.30784383,  3.86960946,  2.69040289,  1.86658298, 10.96392016,\n        10.7387672 ],\n       [-1.30784536,  3.86960974,  2.69041071,  1.8665781 , 10.96391495,\n        10.738763  ],\n       [-1.30784103,  3.86960794,  2.69040658,  1.86658327, 10.96391724,\n        10.73876176],\n       [-1.30784227,  3.86960267,  2.69040216,  1.86658561, 10.96392142,\n        10.73875802],\n       [-1.30784149,  3.86960506,  2.69040811,  1.86658219, 10.96391788,\n        10.73876655],\n       [-1.30783992,  3.86960673,  2.69040732,  1.86657879, 10.96392069,\n        10.73876389]]), array([0.34016923, 0.34016923, 0.34016923, 0.34016923, 0.34016923,\n       0.34016923, 0.34016923]))", "callback": [0.6417145681705668, 0.610110988713098, 0.6030270409714276, 0.5812712654159778, 0.5314861514954121, 0.4925074010522994, 0.4832296753745555, 0.4757155542333176, 0.47207784224032356, 0.465525103574686, 0.4535852095274816, 0.40431372460001824, 0.37474045389841915, 0.3521991948354404, 0.3463680522944901, 0.34216165728881875, 0.3411318818161382, 0.34074758687774853, 0.3406576453826855, 0.3405887550858928, 0.3405703639188744, 0.3405654353112503, 0.34056276981325473, 0.3405559307836059, 0.34054800515816186, 0.3405278159247047, 0.34048870784876173, 0.34036753758012783, 0.34025526202095757, 0.34020149981876524, 0.3401821705310999, 0.3401750240720216, 0.3401719940022021, 0.3401707644088494, 0.34016992481302144, 0.3401695384415382, 0.34016930312293114, 0.3401692572063114, 0.34016923313118697, 0.3401692293503792, 0.3401692284949672, 0.3401692280725098, 0.3401692278989299, 0.3401692278446269, 0.34016922783516024]}, "5": {"maxiter": 500, "fatol": 1e-05, "xatol": 1e-10, "duration": 0.20992207527160645, "fun": "0.3401692278324545", "nit": "500", "nfev": "774", "status": "2", "success": "False", "message": "Maximum number of iterations has been exceeded.", "x": "[-1.30784471  3.86960805  2.69040474  1.86658178 10.96391913 10.73876366]", "final_simplex": "(array([[-1.30784471,  3.86960805,  2.69040474,  1.86658178, 10.96391913,\n        10.73876366],\n       [-1.30784444,  3.86960845,  2.69040524,  1.86658141, 10.96391894,\n        10.73876426],\n       [-1.30784445,  3.869608  ,  2.69040483,  1.8665818 , 10.96391909,\n        10.73876342],\n       [-1.30784445,  3.86960812,  2.69040511,  1.86658144, 10.96391908,\n        10.73876378],\n       [-1.30784447,  3.86960799,  2.69040514,  1.86658167, 10.96391869,\n        10.73876356],\n       [-1.30784437,  3.86960808,  2.69040476,  1.86658174, 10.96391907,\n        10.7387638 ],\n       [-1.30784464,  3.86960848,  2.69040523,  1.86658133, 10.96391862,\n        10.7387638 ]]), array([0.34016923, 0.34016923, 0.34016923, 0.34016923, 0.34016923,\n       0.34016923, 0.34016923]))", "callback": [0.6417145681705668, 0.610110988713098, 0.6030270409714276, 0.5812712654159778, 0.5314861514954121, 0.4925074010522994, 0.4832296753745555, 0.4757155542333176, 0.47207784224032356, 0.465525103574686, 0.4535852095274816, 0.40431372460001824, 0.37474045389841915, 0.3521991948354404, 0.3463680522944901, 0.34216165728881875, 0.3411318818161382, 0.34074758687774853, 0.3406576453826855, 0.3405887550858928, 0.3405703639188744, 0.3405654353112503, 0.34056276981325473, 0.3405559307836059, 0.34054800515816186, 0.3405278159247047, 0.34048870784876173, 0.34036753758012783, 0.34025526202095757, 0.34020149981876524, 0.3401821705310999, 0.3401750240720216, 0.3401719940022021, 0.3401707644088494, 0.34016992481302144, 0.3401695384415382, 0.34016930312293114, 0.3401692572063114, 0.34016923313118697, 0.3401692293503792, 0.3401692284949672, 0.3401692280725098, 0.3401692278989299, 0.3401692278446269, 0.34016922783516024, 0.34016922783419146, 0.34016922783279235, 0.34016922783253034, 0.3401692278325019]}, "6": {"maxiter": 500, "fatol": 1e-10, "xatol": 1e-05, "duration": 0.1902780532836914, "fun": "0.3401692278347156", "nit": "456", "nfev": "701", "status": "0", "success": "True", "message": "Optimization terminated successfully.", "x": "[-1.30784356  3.86960493  2.69040349  1.8665829  10.96391847 10.73875982]", "final_simplex": "(array([[-1.30784356,  3.86960493,  2.69040349,  1.8665829 , 10.96391847,\n        10.73875982],\n       [-1.30784383,  3.86960946,  2.69040289,  1.86658298, 10.96392016,\n        10.7387672 ],\n       [-1.30784536,  3.86960974,  2.69041071,  1.8665781 , 10.96391495,\n        10.738763  ],\n       [-1.30784103,  3.86960794,  2.69040658,  1.86658327, 10.96391724,\n        10.73876176],\n       [-1.30784227,  3.86960267,  2.69040216,  1.86658561, 10.96392142,\n        10.73875802],\n       [-1.30784149,  3.86960506,  2.69040811,  1.86658219, 10.96391788,\n        10.73876655],\n       [-1.30783992,  3.86960673,  2.69040732,  1.86657879, 10.96392069,\n        10.73876389]]), array([0.34016923, 0.34016923, 0.34016923, 0.34016923, 0.34016923,\n       0.34016923, 0.34016923]))", "callback": [0.6417145681705668, 0.610110988713098, 0.6030270409714276, 0.5812712654159778, 0.5314861514954121, 0.4925074010522994, 0.4832296753745555, 0.4757155542333176, 0.47207784224032356, 0.465525103574686, 0.4535852095274816, 0.40431372460001824, 0.37474045389841915, 0.3521991948354404, 0.3463680522944901, 0.34216165728881875, 0.3411318818161382, 0.34074758687774853, 0.3406576453826855, 0.3405887550858928, 0.3405703639188744, 0.3405654353112503, 0.34056276981325473, 0.3405559307836059, 0.34054800515816186, 0.3405278159247047, 0.34048870784876173, 0.34036753758012783, 0.34025526202095757, 0.34020149981876524, 0.3401821705310999, 0.3401750240720216, 0.3401719940022021, 0.3401707644088494, 0.34016992481302144, 0.3401695384415382, 0.34016930312293114, 0.3401692572063114, 0.34016923313118697, 0.3401692293503792, 0.3401692284949672, 0.3401692280725098, 0.3401692278989299, 0.3401692278446269, 0.34016922783516024]}, "7": {"maxiter": 500, "fatol": 1e-10, "xatol": 1e-10, "duration": 0.21152114868164062, "fun": "0.3401692278324545", "nit": "500", "nfev": "774", "status": "2", "success": "False", "message": "Maximum number of iterations has been exceeded.", "x": "[-1.30784471  3.86960805  2.69040474  1.86658178 10.96391913 10.73876366]", "final_simplex": "(array([[-1.30784471,  3.86960805,  2.69040474,  1.86658178, 10.96391913,\n        10.73876366],\n       [-1.30784444,  3.86960845,  2.69040524,  1.86658141, 10.96391894,\n        10.73876426],\n       [-1.30784445,  3.869608  ,  2.69040483,  1.8665818 , 10.96391909,\n        10.73876342],\n       [-1.30784445,  3.86960812,  2.69040511,  1.86658144, 10.96391908,\n        10.73876378],\n       [-1.30784447,  3.86960799,  2.69040514,  1.86658167, 10.96391869,\n        10.73876356],\n       [-1.30784437,  3.86960808,  2.69040476,  1.86658174, 10.96391907,\n        10.7387638 ],\n       [-1.30784464,  3.86960848,  2.69040523,  1.86658133, 10.96391862,\n        10.7387638 ]]), array([0.34016923, 0.34016923, 0.34016923, 0.34016923, 0.34016923,\n       0.34016923, 0.34016923]))", "callback": [0.6417145681705668, 0.610110988713098, 0.6030270409714276, 0.5812712654159778, 0.5314861514954121, 0.4925074010522994, 0.4832296753745555, 0.4757155542333176, 0.47207784224032356, 0.465525103574686, 0.4535852095274816, 0.40431372460001824, 0.37474045389841915, 0.3521991948354404, 0.3463680522944901, 0.34216165728881875, 0.3411318818161382, 0.34074758687774853, 0.3406576453826855, 0.3405887550858928, 0.3405703639188744, 0.3405654353112503, 0.34056276981325473, 0.3405559307836059, 0.34054800515816186, 0.3405278159247047, 0.34048870784876173, 0.34036753758012783, 0.34025526202095757, 0.34020149981876524, 0.3401821705310999, 0.3401750240720216, 0.3401719940022021, 0.3401707644088494, 0.34016992481302144, 0.3401695384415382, 0.34016930312293114, 0.3401692572063114, 0.34016923313118697, 0.3401692293503792, 0.3401692284949672, 0.3401692280725098, 0.3401692278989299, 0.3401692278446269, 0.34016922783516024, 0.34016922783419146, 0.34016922783279235, 0.34016922783253034, 0.3401692278325019]}, "8": {"maxiter": 1000, "fatol": 1e-05, "xatol": 1e-05, "duration": 0.20167875289916992, "fun": "0.3401692278347156", "nit": "456", "nfev": "701", "status": "0", "success": "True", "message": "Optimization terminated successfully.", "x": "[-1.30784356  3.86960493  2.69040349  1.8665829  10.96391847 10.73875982]", "final_simplex": "(array([[-1.30784356,  3.86960493,  2.69040349,  1.8665829 , 10.96391847,\n        10.73875982],\n       [-1.30784383,  3.86960946,  2.69040289,  1.86658298, 10.96392016,\n        10.7387672 ],\n       [-1.30784536,  3.86960974,  2.69041071,  1.8665781 , 10.96391495,\n        10.738763  ],\n       [-1.30784103,  3.86960794,  2.69040658,  1.86658327, 10.96391724,\n        10.73876176],\n       [-1.30784227,  3.86960267,  2.69040216,  1.86658561, 10.96392142,\n        10.73875802],\n       [-1.30784149,  3.86960506,  2.69040811,  1.86658219, 10.96391788,\n        10.73876655],\n       [-1.30783992,  3.86960673,  2.69040732,  1.86657879, 10.96392069,\n        10.73876389]]), array([0.34016923, 0.34016923, 0.34016923, 0.34016923, 0.34016923,\n       0.34016923, 0.34016923]))", "callback": [0.6417145681705668, 0.610110988713098, 0.6030270409714276, 0.5812712654159778, 0.5314861514954121, 0.4925074010522994, 0.4832296753745555, 0.4757155542333176, 0.47207784224032356, 0.465525103574686, 0.4535852095274816, 0.40431372460001824, 0.37474045389841915, 0.3521991948354404, 0.3463680522944901, 0.34216165728881875, 0.3411318818161382, 0.34074758687774853, 0.3406576453826855, 0.3405887550858928, 0.3405703639188744, 0.3405654353112503, 0.34056276981325473, 0.3405559307836059, 0.34054800515816186, 0.3405278159247047, 0.34048870784876173, 0.34036753758012783, 0.34025526202095757, 0.34020149981876524, 0.3401821705310999, 0.3401750240720216, 0.3401719940022021, 0.3401707644088494, 0.34016992481302144, 0.3401695384415382, 0.34016930312293114, 0.3401692572063114, 0.34016923313118697, 0.3401692293503792, 0.3401692284949672, 0.3401692280725098, 0.3401692278989299, 0.3401692278446269, 0.34016922783516024]}, "9": {"maxiter": 1000, "fatol": 1e-05, "xatol": 1e-10, "duration": 0.2761869430541992, "fun": "0.3401692278323607", "nit": "575", "nfev": "950", "status": "0", "success": "True", "message": "Optimization terminated successfully.", "x": "[-1.30784488  3.86960803  2.69040561  1.86658188 10.96391919 10.73876408]", "final_simplex": "(array([[-1.30784488,  3.86960803,  2.69040561,  1.86658188, 10.96391919,\n        10.73876408],\n       [-1.30784488,  3.86960803,  2.69040561,  1.86658188, 10.96391919,\n        10.73876408],\n       [-1.30784488,  3.86960803,  2.69040561,  1.86658188, 10.96391919,\n        10.73876408],\n       [-1.30784488,  3.86960803,  2.69040561,  1.86658188, 10.96391919,\n        10.73876408],\n       [-1.30784488,  3.86960803,  2.69040561,  1.86658188, 10.96391919,\n        10.73876408],\n       [-1.30784488,  3.86960803,  2.69040561,  1.86658188, 10.96391919,\n        10.73876408],\n       [-1.30784488,  3.86960803,  2.69040561,  1.86658188, 10.96391919,\n        10.73876408]]), array([0.34016923, 0.34016923, 0.34016923, 0.34016923, 0.34016923,\n       0.34016923, 0.34016923]))", "callback": [0.6417145681705668, 0.610110988713098, 0.6030270409714276, 0.5812712654159778, 0.5314861514954121, 0.4925074010522994, 0.4832296753745555, 0.4757155542333176, 0.47207784224032356, 0.465525103574686, 0.4535852095274816, 0.40431372460001824, 0.37474045389841915, 0.3521991948354404, 0.3463680522944901, 0.34216165728881875, 0.3411318818161382, 0.34074758687774853, 0.3406576453826855, 0.3405887550858928, 0.3405703639188744, 0.3405654353112503, 0.34056276981325473, 0.3405559307836059, 0.34054800515816186, 0.3405278159247047, 0.34048870784876173, 0.34036753758012783, 0.34025526202095757, 0.34020149981876524, 0.3401821705310999, 0.3401750240720216, 0.3401719940022021, 0.3401707644088494, 0.34016992481302144, 0.3401695384415382, 0.34016930312293114, 0.3401692572063114, 0.34016923313118697, 0.3401692293503792, 0.3401692284949672, 0.3401692280725098, 0.3401692278989299, 0.3401692278446269, 0.34016922783516024, 0.34016922783419146, 0.34016922783279235, 0.34016922783253034, 0.3401692278325019, 0.3401692278324545, 0.34016922783239023, 0.34016922783236836, 0.3401692278323619, 0.34016922783236114, 0.3401692278323607, 0.3401692278323607, 0.3401692278323607]}, "10": {"maxiter": 1000, "fatol": 1e-10, "xatol": 1e-05, "duration": 0.19308900833129883, "fun": "0.3401692278347156", "nit": "456", "nfev": "701", "status": "0", "success": "True", "message": "Optimization terminated successfully.", "x": "[-1.30784356  3.86960493  2.69040349  1.8665829  10.96391847 10.73875982]", "final_simplex": "(array([[-1.30784356,  3.86960493,  2.69040349,  1.8665829 , 10.96391847,\n        10.73875982],\n       [-1.30784383,  3.86960946,  2.69040289,  1.86658298, 10.96392016,\n        10.7387672 ],\n       [-1.30784536,  3.86960974,  2.69041071,  1.8665781 , 10.96391495,\n        10.738763  ],\n       [-1.30784103,  3.86960794,  2.69040658,  1.86658327, 10.96391724,\n        10.73876176],\n       [-1.30784227,  3.86960267,  2.69040216,  1.86658561, 10.96392142,\n        10.73875802],\n       [-1.30784149,  3.86960506,  2.69040811,  1.86658219, 10.96391788,\n        10.73876655],\n       [-1.30783992,  3.86960673,  2.69040732,  1.86657879, 10.96392069,\n        10.73876389]]), array([0.34016923, 0.34016923, 0.34016923, 0.34016923, 0.34016923,\n       0.34016923, 0.34016923]))", "callback": [0.6417145681705668, 0.610110988713098, 0.6030270409714276, 0.5812712654159778, 0.5314861514954121, 0.4925074010522994, 0.4832296753745555, 0.4757155542333176, 0.47207784224032356, 0.465525103574686, 0.4535852095274816, 0.40431372460001824, 0.37474045389841915, 0.3521991948354404, 0.3463680522944901, 0.34216165728881875, 0.3411318818161382, 0.34074758687774853, 0.3406576453826855, 0.3405887550858928, 0.3405703639188744, 0.3405654353112503, 0.34056276981325473, 0.3405559307836059, 0.34054800515816186, 0.3405278159247047, 0.34048870784876173, 0.34036753758012783, 0.34025526202095757, 0.34020149981876524, 0.3401821705310999, 0.3401750240720216, 0.3401719940022021, 0.3401707644088494, 0.34016992481302144, 0.3401695384415382, 0.34016930312293114, 0.3401692572063114, 0.34016923313118697, 0.3401692293503792, 0.3401692284949672, 0.3401692280725098, 0.3401692278989299, 0.3401692278446269, 0.34016922783516024]}, "11": {"maxiter": 1000, "fatol": 1e-10, "xatol": 1e-10, "duration": 0.27286505699157715, "fun": "0.3401692278323607", "nit": "575", "nfev": "950", "status": "0", "success": "True", "message": "Optimization terminated successfully.", "x": "[-1.30784488  3.86960803  2.69040561  1.86658188 10.96391919 10.73876408]", "final_simplex": "(array([[-1.30784488,  3.86960803,  2.69040561,  1.86658188, 10.96391919,\n        10.73876408],\n       [-1.30784488,  3.86960803,  2.69040561,  1.86658188, 10.96391919,\n        10.73876408],\n       [-1.30784488,  3.86960803,  2.69040561,  1.86658188, 10.96391919,\n        10.73876408],\n       [-1.30784488,  3.86960803,  2.69040561,  1.86658188, 10.96391919,\n        10.73876408],\n       [-1.30784488,  3.86960803,  2.69040561,  1.86658188, 10.96391919,\n        10.73876408],\n       [-1.30784488,  3.86960803,  2.69040561,  1.86658188, 10.96391919,\n        10.73876408],\n       [-1.30784488,  3.86960803,  2.69040561,  1.86658188, 10.96391919,\n        10.73876408]]), array([0.34016923, 0.34016923, 0.34016923, 0.34016923, 0.34016923,\n       0.34016923, 0.34016923]))", "callback": [0.6417145681705668, 0.610110988713098, 0.6030270409714276, 0.5812712654159778, 0.5314861514954121, 0.4925074010522994, 0.4832296753745555, 0.4757155542333176, 0.47207784224032356, 0.465525103574686, 0.4535852095274816, 0.40431372460001824, 0.37474045389841915, 0.3521991948354404, 0.3463680522944901, 0.34216165728881875, 0.3411318818161382, 0.34074758687774853, 0.3406576453826855, 0.3405887550858928, 0.3405703639188744, 0.3405654353112503, 0.34056276981325473, 0.3405559307836059, 0.34054800515816186, 0.3405278159247047, 0.34048870784876173, 0.34036753758012783, 0.34025526202095757, 0.34020149981876524, 0.3401821705310999, 0.3401750240720216, 0.3401719940022021, 0.3401707644088494, 0.34016992481302144, 0.3401695384415382, 0.34016930312293114, 0.3401692572063114, 0.34016923313118697, 0.3401692293503792, 0.3401692284949672, 0.3401692280725098, 0.3401692278989299, 0.3401692278446269, 0.34016922783516024, 0.34016922783419146, 0.34016922783279235, 0.34016922783253034, 0.3401692278325019, 0.3401692278324545, 0.34016922783239023, 0.34016922783236836, 0.3401692278323619, 0.34016922783236114, 0.3401692278323607, 0.3401692278323607, 0.3401692278323607]}}, "bfgs": {"type": "gradient", "0": {"maxiter": 100, "gtol": 1e-05, "xrtol": 1e-05, "eps": 1e-05, "duration": 0.07414007186889648, "fun": "0.3401692278541224", "jac": "[ 1.40911727e-06  1.17761356e-06  1.77613479e-06  5.93669558e-07\n  2.58959521e-07 -1.02561293e-06]", "hess_inv": "[[ 3.12502181 -0.92196701 -1.79803119  1.3200083   0.83995965 -1.10455548]\n [-0.92196701  6.27192793  2.73892046 -3.40410403 -2.98473866  3.64670811]\n [-1.79803119  2.73892046 10.20421146 -4.91026067 -5.20086983  4.61211028]\n [ 1.3200083  -3.40410403 -4.91026067  5.97659145  3.04150151 -3.19705295]\n [ 0.83995965 -2.98473866 -5.20086983  3.04150151  6.37359283 -2.09447079]\n [-1.10455548  3.64670811  4.61211028 -3.19705295 -2.09447079  6.59043898]]", "nfev": "259", "njev": "37", "status": "0", "success": "True", "message": "Optimization terminated successfully.", "x": "[-1.30784496  3.86960533  2.69040947  1.86657847  4.68072607  4.4555687 ]", "nit": "32", "callback": [0.4108694543286905, 0.35151474774449265, 0.3401695734403446]}, "1": {"maxiter": 100, "gtol": 1e-05, "xrtol": 1e-05, "eps": 1e-10, "duration": 0.07273602485656738, "fun": "0.34016922784411197", "jac": "[ 3.33066880e-06  0.00000000e+00  0.00000000e+00  2.22044587e-06\n  2.22044587e-06 -1.11022293e-06]", "hess_inv": "[[ 3.12454558 -0.9387929  -1.78724591  1.31844478  0.83400014 -1.11812055]\n [-0.9387929   6.29759839  2.78740609 -3.44228915 -2.98063817  3.71208283]\n [-1.78724591  2.78740609 10.17302491 -4.90193704 -5.1895821   4.65030768]\n [ 1.31844478 -3.44228915 -4.90193704  5.9801432   3.03099152 -3.23762381]\n [ 0.83400014 -2.98063817 -5.1895821   3.03099152  6.36933647 -2.08425974]\n [-1.11812055  3.71208283  4.65030768 -3.23762381 -2.08425974  6.70403463]]", "nfev": "259", "njev": "37", "status": "0", "success": "True", "message": "Optimization terminated successfully.", "x": "[-1.30784075  3.86961324  2.69041326  1.86658243  4.68073039  4.45558401]", "nit": "32", "callback": [0.41087125416693393, 0.35152597720767553, 0.3401695568344587]}, "2": {"maxiter": 100, "gtol": 1e-05, "xrtol": 1e-10, "eps": 1e-05, "duration": 0.07365107536315918, "fun": "0.3401692278541224", "jac": "[ 1.40911727e-06  1.17761356e-06  1.77613479e-06  5.93669558e-07\n  2.58959521e-07 -1.02561293e-06]", "hess_inv": "[[ 3.12502181 -0.92196701 -1.79803119  1.3200083   0.83995965 -1.10455548]\n [-0.92196701  6.27192793  2.73892046 -3.40410403 -2.98473866  3.64670811]\n [-1.79803119  2.73892046 10.20421146 -4.91026067 -5.20086983  4.61211028]\n [ 1.3200083  -3.40410403 -4.91026067  5.97659145  3.04150151 -3.19705295]\n [ 0.83995965 -2.98473866 -5.20086983  3.04150151  6.37359283 -2.09447079]\n [-1.10455548  3.64670811  4.61211028 -3.19705295 -2.09447079  6.59043898]]", "nfev": "259", "njev": "37", "status": "0", "success": "True", "message": "Optimization terminated successfully.", "x": "[-1.30784496  3.86960533  2.69040947  1.86657847  4.68072607  4.4555687 ]", "nit": "32", "callback": [0.4108694543286905, 0.35151474774449265, 0.3401695734403446]}, "3": {"maxiter": 100, "gtol": 1e-05, "xrtol": 1e-10, "eps": 1e-10, "duration": 0.07231903076171875, "fun": "0.34016922784411197", "jac": "[ 3.33066880e-06  0.00000000e+00  0.00000000e+00  2.22044587e-06\n  2.22044587e-06 -1.11022293e-06]", "hess_inv": "[[ 3.12454558 -0.9387929  -1.78724591  1.31844478  0.83400014 -1.11812055]\n [-0.9387929   6.29759839  2.78740609 -3.44228915 -2.98063817  3.71208283]\n [-1.78724591  2.78740609 10.17302491 -4.90193704 -5.1895821   4.65030768]\n [ 1.31844478 -3.44228915 -4.90193704  5.9801432   3.03099152 -3.23762381]\n [ 0.83400014 -2.98063817 -5.1895821   3.03099152  6.36933647 -2.08425974]\n [-1.11812055  3.71208283  4.65030768 -3.23762381 -2.08425974  6.70403463]]", "nfev": "259", "njev": "37", "status": "0", "success": "True", "message": "Optimization terminated successfully.", "x": "[-1.30784075  3.86961324  2.69041326  1.86658243  4.68073039  4.45558401]", "nit": "32", "callback": [0.41087125416693393, 0.35152597720767553, 0.3401695568344587]}, "4": {"maxiter": 100, "gtol": 1e-10, "xrtol": 1e-05, "eps": 1e-05, "duration": 0.07385420799255371, "fun": "0.3401692278541224", "jac": "[ 1.40911727e-06  1.17761356e-06  1.77613479e-06  5.93669558e-07\n  2.58959521e-07 -1.02561293e-06]", "hess_inv": "[[ 3.12502181 -0.92196701 -1.79803119  1.3200083   0.83995965 -1.10455548]\n [-0.92196701  6.27192793  2.73892046 -3.40410403 -2.98473866  3.64670811]\n [-1.79803119  2.73892046 10.20421146 -4.91026067 -5.20086983  4.61211028]\n [ 1.3200083  -3.40410403 -4.91026067  5.97659145  3.04150151 -3.19705295]\n [ 0.83995965 -2.98473866 -5.20086983  3.04150151  6.37359283 -2.09447079]\n [-1.10455548  3.64670811  4.61211028 -3.19705295 -2.09447079  6.59043898]]", "nfev": "259", "njev": "37", "status": "0", "success": "True", "message": "Optimization terminated successfully.", "x": "[-1.30784496  3.86960533  2.69040947  1.86657847  4.68072607  4.4555687 ]", "nit": "32", "callback": [0.4108694543286905, 0.35151474774449265, 0.3401695734403446]}, "5": {"maxiter": 100, "gtol": 1e-10, "xrtol": 1e-05, "eps": 1e-10, "duration": 0.07344913482666016, "fun": "0.34016922784411197", "jac": "[ 3.33066880e-06  0.00000000e+00  0.00000000e+00  2.22044587e-06\n  2.22044587e-06 -1.11022293e-06]", "hess_inv": "[[ 3.12454558 -0.9387929  -1.78724591  1.31844478  0.83400014 -1.11812055]\n [-0.9387929   6.29759839  2.78740609 -3.44228915 -2.98063817  3.71208283]\n [-1.78724591  2.78740609 10.17302491 -4.90193704 -5.1895821   4.65030768]\n [ 1.31844478 -3.44228915 -4.90193704  5.9801432   3.03099152 -3.23762381]\n [ 0.83400014 -2.98063817 -5.1895821   3.03099152  6.36933647 -2.08425974]\n [-1.11812055  3.71208283  4.65030768 -3.23762381 -2.08425974  6.70403463]]", "nfev": "259", "njev": "37", "status": "0", "success": "True", "message": "Optimization terminated successfully.", "x": "[-1.30784075  3.86961324  2.69041326  1.86658243  4.68073039  4.45558401]", "nit": "32", "callback": [0.41087125416693393, 0.35152597720767553, 0.3401695568344587]}, "6": {"maxiter": 100, "gtol": 1e-10, "xrtol": 1e-10, "eps": 1e-05, "duration": 0.1366899013519287, "fun": "0.34016922785257697", "jac": "[ 8.16424706e-07  6.85773660e-07  1.02987618e-06  3.22442073e-07\n  1.34159350e-07 -6.12243589e-07]", "hess_inv": "[[ 3.23526422 -0.63331743 -1.23380337  1.0627915   0.44228464 -1.00817846]\n [-0.63331743  6.72221397  3.41709311 -3.68096811 -3.4650728   3.85505287]\n [-1.23380337  3.41709311 10.90089161 -5.1925573  -5.74302504  4.99146056]\n [ 1.0627915  -3.68096811 -5.1925573   6.06170306  3.24200869 -3.36475499]\n [ 0.44228464 -3.4650728  -5.74302504  3.24200869  6.7715921  -2.36165056]\n [-1.00817846  3.85505287  4.99146056 -3.36475499 -2.36165056  6.66833963]]", "nfev": "486", "njev": "68", "status": "2", "success": "False", "message": "Desired error not necessarily achieved due to precision loss.", "x": "[-1.3078464   3.86960288  2.69040458  1.86658007  4.68072908  4.45556764]", "nit": "35", "callback": [0.4108694543286905, 0.35151474774449265, 0.3401695734403446]}, "7": {"maxiter": 100, "gtol": 1e-10, "xrtol": 1e-10, "eps": 1e-10, "duration": 0.11326813697814941, "fun": "0.3401692278416061", "jac": "[2.22044587e-06 1.11022293e-06 5.55111466e-06 2.22044587e-06\n 0.00000000e+00 2.22044587e-06]", "hess_inv": "[[ 3.25850899e-03 -2.06422871e-03 -3.90639026e-03  1.46392719e-03\n  -3.22889220e-03  5.85801448e-03]\n [-2.06422871e-03  7.42069747e-03  3.12393065e-03 -4.76583888e-03\n  -8.15083660e-05 -3.03385483e-03]\n [-3.90639026e-03  3.12393065e-03  1.04165737e-02 -4.45961000e-03\n   5.08910330e-03 -9.06346075e-03]\n [ 1.46392719e-03 -4.76583888e-03 -4.45961000e-03  5.47310999e-03\n  -2.85951706e-05 -7.95656550e-04]\n [-3.22889220e-03 -8.15083660e-05  5.08910330e-03 -2.85951706e-05\n   7.28102306e-03 -1.07639657e-02]\n [ 5.85801448e-03 -3.03385483e-03 -9.06346075e-03 -7.95656550e-04\n  -1.07639657e-02  2.68771777e-02]]", "nfev": "399", "njev": "57", "status": "0", "success": "True", "message": "Optimization terminated successfully.", "x": "[-1.30784495  3.86961522  2.69041756  1.86657787  4.68072657  4.45558628]", "nit": "43", "callback": [0.41087125416693393, 0.35152597720767553, 0.3401695568344587, 0.34016922784161974]}, "8": {"maxiter": 500, "gtol": 1e-05, "xrtol": 1e-05, "eps": 1e-05, "duration": 0.07552409172058105, "fun": "0.3401692278541224", "jac": "[ 1.40911727e-06  1.17761356e-06  1.77613479e-06  5.93669558e-07\n  2.58959521e-07 -1.02561293e-06]", "hess_inv": "[[ 3.12502181 -0.92196701 -1.79803119  1.3200083   0.83995965 -1.10455548]\n [-0.92196701  6.27192793  2.73892046 -3.40410403 -2.98473866  3.64670811]\n [-1.79803119  2.73892046 10.20421146 -4.91026067 -5.20086983  4.61211028]\n [ 1.3200083  -3.40410403 -4.91026067  5.97659145  3.04150151 -3.19705295]\n [ 0.83995965 -2.98473866 -5.20086983  3.04150151  6.37359283 -2.09447079]\n [-1.10455548  3.64670811  4.61211028 -3.19705295 -2.09447079  6.59043898]]", "nfev": "259", "njev": "37", "status": "0", "success": "True", "message": "Optimization terminated successfully.", "x": "[-1.30784496  3.86960533  2.69040947  1.86657847  4.68072607  4.4555687 ]", "nit": "32", "callback": [0.4108694543286905, 0.35151474774449265, 0.3401695734403446]}, "9": {"maxiter": 500, "gtol": 1e-05, "xrtol": 1e-05, "eps": 1e-10, "duration": 0.07591605186462402, "fun": "0.34016922784411197", "jac": "[ 3.33066880e-06  0.00000000e+00  0.00000000e+00  2.22044587e-06\n  2.22044587e-06 -1.11022293e-06]", "hess_inv": "[[ 3.12454558 -0.9387929  -1.78724591  1.31844478  0.83400014 -1.11812055]\n [-0.9387929   6.29759839  2.78740609 -3.44228915 -2.98063817  3.71208283]\n [-1.78724591  2.78740609 10.17302491 -4.90193704 -5.1895821   4.65030768]\n [ 1.31844478 -3.44228915 -4.90193704  5.9801432   3.03099152 -3.23762381]\n [ 0.83400014 -2.98063817 -5.1895821   3.03099152  6.36933647 -2.08425974]\n [-1.11812055  3.71208283  4.65030768 -3.23762381 -2.08425974  6.70403463]]", "nfev": "259", "njev": "37", "status": "0", "success": "True", "message": "Optimization terminated successfully.", "x": "[-1.30784075  3.86961324  2.69041326  1.86658243  4.68073039  4.45558401]", "nit": "32", "callback": [0.41087125416693393, 0.35152597720767553, 0.3401695568344587]}, "10": {"maxiter": 500, "gtol": 1e-05, "xrtol": 1e-10, "eps": 1e-05, "duration": 0.07271289825439453, "fun": "0.3401692278541224", "jac": "[ 1.40911727e-06  1.17761356e-06  1.77613479e-06  5.93669558e-07\n  2.58959521e-07 -1.02561293e-06]", "hess_inv": "[[ 3.12502181 -0.92196701 -1.79803119  1.3200083   0.83995965 -1.10455548]\n [-0.92196701  6.27192793  2.73892046 -3.40410403 -2.98473866  3.64670811]\n [-1.79803119  2.73892046 10.20421146 -4.91026067 -5.20086983  4.61211028]\n [ 1.3200083  -3.40410403 -4.91026067  5.97659145  3.04150151 -3.19705295]\n [ 0.83995965 -2.98473866 -5.20086983  3.04150151  6.37359283 -2.09447079]\n [-1.10455548  3.64670811  4.61211028 -3.19705295 -2.09447079  6.59043898]]", "nfev": "259", "njev": "37", "status": "0", "success": "True", "message": "Optimization terminated successfully.", "x": "[-1.30784496  3.86960533  2.69040947  1.86657847  4.68072607  4.4555687 ]", "nit": "32", "callback": [0.4108694543286905, 0.35151474774449265, 0.3401695734403446]}, "11": {"maxiter": 500, "gtol": 1e-05, "xrtol": 1e-10, "eps": 1e-10, "duration": 0.07432985305786133, "fun": "0.34016922784411197", "jac": "[ 3.33066880e-06  0.00000000e+00  0.00000000e+00  2.22044587e-06\n  2.22044587e-06 -1.11022293e-06]", "hess_inv": "[[ 3.12454558 -0.9387929  -1.78724591  1.31844478  0.83400014 -1.11812055]\n [-0.9387929   6.29759839  2.78740609 -3.44228915 -2.98063817  3.71208283]\n [-1.78724591  2.78740609 10.17302491 -4.90193704 -5.1895821   4.65030768]\n [ 1.31844478 -3.44228915 -4.90193704  5.9801432   3.03099152 -3.23762381]\n [ 0.83400014 -2.98063817 -5.1895821   3.03099152  6.36933647 -2.08425974]\n [-1.11812055  3.71208283  4.65030768 -3.23762381 -2.08425974  6.70403463]]", "nfev": "259", "njev": "37", "status": "0", "success": "True", "message": "Optimization terminated successfully.", "x": "[-1.30784075  3.86961324  2.69041326  1.86658243  4.68073039  4.45558401]", "nit": "32", "callback": [0.41087125416693393, 0.35152597720767553, 0.3401695568344587]}, "12": {"maxiter": 500, "gtol": 1e-10, "xrtol": 1e-05, "eps": 1e-05, "duration": 0.07485318183898926, "fun": "0.3401692278541224", "jac": "[ 1.40911727e-06  1.17761356e-06  1.77613479e-06  5.93669558e-07\n  2.58959521e-07 -1.02561293e-06]", "hess_inv": "[[ 3.12502181 -0.92196701 -1.79803119  1.3200083   0.83995965 -1.10455548]\n [-0.92196701  6.27192793  2.73892046 -3.40410403 -2.98473866  3.64670811]\n [-1.79803119  2.73892046 10.20421146 -4.91026067 -5.20086983  4.61211028]\n [ 1.3200083  -3.40410403 -4.91026067  5.97659145  3.04150151 -3.19705295]\n [ 0.83995965 -2.98473866 -5.20086983  3.04150151  6.37359283 -2.09447079]\n [-1.10455548  3.64670811  4.61211028 -3.19705295 -2.09447079  6.59043898]]", "nfev": "259", "njev": "37", "status": "0", "success": "True", "message": "Optimization terminated successfully.", "x": "[-1.30784496  3.86960533  2.69040947  1.86657847  4.68072607  4.4555687 ]", "nit": "32", "callback": [0.4108694543286905, 0.35151474774449265, 0.3401695734403446]}, "13": {"maxiter": 500, "gtol": 1e-10, "xrtol": 1e-05, "eps": 1e-10, "duration": 0.0730750560760498, "fun": "0.34016922784411197", "jac": "[ 3.33066880e-06  0.00000000e+00  0.00000000e+00  2.22044587e-06\n  2.22044587e-06 -1.11022293e-06]", "hess_inv": "[[ 3.12454558 -0.9387929  -1.78724591  1.31844478  0.83400014 -1.11812055]\n [-0.9387929   6.29759839  2.78740609 -3.44228915 -2.98063817  3.71208283]\n [-1.78724591  2.78740609 10.17302491 -4.90193704 -5.1895821   4.65030768]\n [ 1.31844478 -3.44228915 -4.90193704  5.9801432   3.03099152 -3.23762381]\n [ 0.83400014 -2.98063817 -5.1895821   3.03099152  6.36933647 -2.08425974]\n [-1.11812055  3.71208283  4.65030768 -3.23762381 -2.08425974  6.70403463]]", "nfev": "259", "njev": "37", "status": "0", "success": "True", "message": "Optimization terminated successfully.", "x": "[-1.30784075  3.86961324  2.69041326  1.86658243  4.68073039  4.45558401]", "nit": "32", "callback": [0.41087125416693393, 0.35152597720767553, 0.3401695568344587]}, "14": {"maxiter": 500, "gtol": 1e-10, "xrtol": 1e-10, "eps": 1e-05, "duration": 0.1426539421081543, "fun": "0.34016922785257697", "jac": "[ 8.16424706e-07  6.85773660e-07  1.02987618e-06  3.22442073e-07\n  1.34159350e-07 -6.12243589e-07]", "hess_inv": "[[ 3.23526422 -0.63331743 -1.23380337  1.0627915   0.44228464 -1.00817846]\n [-0.63331743  6.72221397  3.41709311 -3.68096811 -3.4650728   3.85505287]\n [-1.23380337  3.41709311 10.90089161 -5.1925573  -5.74302504  4.99146056]\n [ 1.0627915  -3.68096811 -5.1925573   6.06170306  3.24200869 -3.36475499]\n [ 0.44228464 -3.4650728  -5.74302504  3.24200869  6.7715921  -2.36165056]\n [-1.00817846  3.85505287  4.99146056 -3.36475499 -2.36165056  6.66833963]]", "nfev": "486", "njev": "68", "status": "2", "success": "False", "message": "Desired error not necessarily achieved due to precision loss.", "x": "[-1.3078464   3.86960288  2.69040458  1.86658007  4.68072908  4.45556764]", "nit": "35", "callback": [0.4108694543286905, 0.35151474774449265, 0.3401695734403446]}, "15": {"maxiter": 500, "gtol": 1e-10, "xrtol": 1e-10, "eps": 1e-10, "duration": 0.12610697746276855, "fun": "0.3401692278416061", "jac": "[2.22044587e-06 1.11022293e-06 5.55111466e-06 2.22044587e-06\n 0.00000000e+00 2.22044587e-06]", "hess_inv": "[[ 3.25850899e-03 -2.06422871e-03 -3.90639026e-03  1.46392719e-03\n  -3.22889220e-03  5.85801448e-03]\n [-2.06422871e-03  7.42069747e-03  3.12393065e-03 -4.76583888e-03\n  -8.15083660e-05 -3.03385483e-03]\n [-3.90639026e-03  3.12393065e-03  1.04165737e-02 -4.45961000e-03\n   5.08910330e-03 -9.06346075e-03]\n [ 1.46392719e-03 -4.76583888e-03 -4.45961000e-03  5.47310999e-03\n  -2.85951706e-05 -7.95656550e-04]\n [-3.22889220e-03 -8.15083660e-05  5.08910330e-03 -2.85951706e-05\n   7.28102306e-03