{"date": "2024/09/24/, 00:33:44", "conf_id": 162, "data_type": "non_lin_ind\n", "num_data_points": 1, "s_rank": 0, "unitary": "[[0.18663085-0.53122324j,-0.11886349-0.70040876j,0.28555095-0.02789305j,-0.12262021-0.2844587j],[-0.16702216+0.27758472j,0.27526351-0.29738586j,-0.01109314+0.22495461j,-0.77239203+0.28900673j],[0.61935415+0.12301792j,-0.31269928-0.03315917j,-0.61902762-0.19039079j,-0.27120731-0.0968989j],[0.42341754+0.0023929j,-0.05847358+0.47832119j,0.64900495-0.16218422j,-0.37182676-0.05229966j]]", "databatch_0": {"databatch": "[[[-0.39292887+0.05196392j,-0.12391374-0.08964252j,-0.01273573-0.12832366j,-0.3265957-0.36639327j],[0.00765406-0.03991742j,0.01273169-0.0091584j,0.01289934+0.00291177j,0.04621918-0.01992914j],[-0.23960635+0.13792923j,-0.1037381-0.02488549j,-0.04231409-0.07937656j,-0.30799844-0.14951273j],[-0.35135169+0.00371922j,-0.09946542-0.09213831j,0.00251217-0.11429251j,-0.24824517-0.35736241j]]]", "initial param values": "[5.95756448,6.02428186,5.13358985,4.25451612,5.3982657,2.99824899]", "nelder_mead": {"type": "gradient-free", "0": {"maxiter": 100, "fatol": 1e-05, "xatol": 1e-05, "duration": 0.0395357608795166, "fun": "0.03519425504892937", "nit": "100", "nfev": "167", "status": "2", "success": "False", "message": "Maximum number of iterations has been exceeded.", "x": "[4.89120428 5.00703369 5.36388155 4.83708019 2.66331887 5.06439172]", "final_simplex": "(array([[4.89120428, 5.00703369, 5.36388155, 4.83708019, 2.66331887,\n        5.06439172],\n       [4.89026351, 5.02037208, 5.3503867 , 4.83480416, 2.68002529,\n        5.05853622],\n       [4.91449568, 5.00134848, 5.37296626, 4.8271773 , 2.69040222,\n        5.03963466],\n       [4.90249777, 4.99209963, 5.33759196, 4.84433952, 2.64792769,\n        5.0770434 ],\n       [4.89564593, 5.04495495, 5.33772376, 4.84222669, 2.6706922 ,\n        5.05071282],\n       [4.90164495, 4.98715083, 5.34191603, 4.8297929 , 2.65490055,\n        5.0809301 ],\n       [4.9301954 , 4.99392935, 5.39261194, 4.79782665, 2.68773653,\n        5.04351808]]), array([0.03519426, 0.03520087, 0.0352325 , 0.03529178, 0.03533834,\n       0.03533957, 0.03536696]))", "callback": [0.498775718897853, 0.39102695071914506, 0.2169862952091688, 0.09328969753998861, 0.06308965983372539, 0.0504690425008848, 0.04024547922564958, 0.03635781773685609, 0.03553352687286515]}, "1": {"maxiter": 100, "fatol": 1e-05, "xatol": 1e-10, "duration": 0.03818702697753906, "fun": "0.03519425504892937", "nit": "100", "nfev": "167", "status": "2", "success": "False", "message": "Maximum number of iterations has been exceeded.", "x": "[4.89120428 5.00703369 5.36388155 4.83708019 2.66331887 5.06439172]", "final_simplex": "(array([[4.89120428, 5.00703369, 5.36388155, 4.83708019, 2.66331887,\n        5.06439172],\n       [4.89026351, 5.02037208, 5.3503867 , 4.83480416, 2.68002529,\n        5.05853622],\n       [4.91449568, 5.00134848, 5.37296626, 4.8271773 , 2.69040222,\n        5.03963466],\n       [4.90249777, 4.99209963, 5.33759196, 4.84433952, 2.64792769,\n        5.0770434 ],\n       [4.89564593, 5.04495495, 5.33772376, 4.84222669, 2.6706922 ,\n        5.05071282],\n       [4.90164495, 4.98715083, 5.34191603, 4.8297929 , 2.65490055,\n        5.0809301 ],\n       [4.9301954 , 4.99392935, 5.39261194, 4.79782665, 2.68773653,\n        5.04351808]]), array([0.03519426, 0.03520087, 0.0352325 , 0.03529178, 0.03533834,\n       0.03533957, 0.03536696]))", "callback": [0.498775718897853, 0.39102695071914506, 0.2169862952091688, 0.09328969753998861, 0.06308965983372539, 0.0504690425008848, 0.04024547922564958, 0.03635781773685609, 0.03553352687286515]}, "2": {"maxiter": 100, "fatol": 1e-10, "xatol": 1e-05, "duration": 0.03766012191772461, "fun": "0.03519425504892937", "nit": "100", "nfev": "167", "status": "2", "success": "False", "message": "Maximum number of iterations has been exceeded.", "x": "[4.89120428 5.00703369 5.36388155 4.83708019 2.66331887 5.06439172]", "final_simplex": "(array([[4.89120428, 5.00703369, 5.36388155, 4.83708019, 2.66331887,\n        5.06439172],\n       [4.89026351, 5.02037208, 5.3503867 , 4.83480416, 2.68002529,\n        5.05853622],\n       [4.91449568, 5.00134848, 5.37296626, 4.8271773 , 2.69040222,\n        5.03963466],\n       [4.90249777, 4.99209963, 5.33759196, 4.84433952, 2.64792769,\n        5.0770434 ],\n       [4.89564593, 5.04495495, 5.33772376, 4.84222669, 2.6706922 ,\n        5.05071282],\n       [4.90164495, 4.98715083, 5.34191603, 4.8297929 , 2.65490055,\n        5.0809301 ],\n       [4.9301954 , 4.99392935, 5.39261194, 4.79782665, 2.68773653,\n        5.04351808]]), array([0.03519426, 0.03520087, 0.0352325 , 0.03529178, 0.03533834,\n       0.03533957, 0.03536696]))", "callback": [0.498775718897853, 0.39102695071914506, 0.2169862952091688, 0.09328969753998861, 0.06308965983372539, 0.0504690425008848, 0.04024547922564958, 0.03635781773685609, 0.03553352687286515]}, "3": {"maxiter": 100, "fatol": 1e-10, "xatol": 1e-10, "duration": 0.04263186454772949, "fun": "0.03519425504892937", "nit": "100", "nfev": "167", "status": "2", "success": "False", "message": "Maximum number of iterations has been exceeded.", "x": "[4.89120428 5.00703369 5.36388155 4.83708019 2.66331887 5.06439172]", "final_simplex": "(array([[4.89120428, 5.00703369, 5.36388155, 4.83708019, 2.66331887,\n        5.06439172],\n       [4.89026351, 5.02037208, 5.3503867 , 4.83480416, 2.68002529,\n        5.05853622],\n       [4.91449568, 5.00134848, 5.37296626, 4.8271773 , 2.69040222,\n        5.03963466],\n       [4.90249777, 4.99209963, 5.33759196, 4.84433952, 2.64792769,\n        5.0770434 ],\n       [4.89564593, 5.04495495, 5.33772376, 4.84222669, 2.6706922 ,\n        5.05071282],\n       [4.90164495, 4.98715083, 5.34191603, 4.8297929 , 2.65490055,\n        5.0809301 ],\n       [4.9301954 , 4.99392935, 5.39261194, 4.79782665, 2.68773653,\n        5.04351808]]), array([0.03519426, 0.03520087, 0.0352325 , 0.03529178, 0.03533834,\n       0.03533957, 0.03536696]))", "callback": [0.498775718897853, 0.39102695071914506, 0.2169862952091688, 0.09328969753998861, 0.06308965983372539, 0.0504690425008848, 0.04024547922564958, 0.03635781773685609, 0.03553352687286515]}, "4": {"maxiter": 500, "fatol": 1e-05, "xatol": 1e-05, "duration": 0.0833587646484375, "fun": "0.035087570044954774", "nit": "216", "nfev": "365", "status": "0", "success": "True", "message": "Optimization terminated successfully.", "x": "[4.89647715 5.02173249 5.35367611 4.85431486 2.6645051  5.04920483]", "final_simplex": "(array([[4.89647715, 5.02173249, 5.35367611, 4.85431486, 2.6645051 ,\n        5.04920483],\n       [4.89647874, 5.02173248, 5.35367555, 4.85431467, 2.66450475,\n        5.04920442],\n       [4.89647837, 5.02173526, 5.35367283, 4.85431623, 2.66450345,\n        5.04920437],\n       [4.89647374, 5.02173875, 5.35367515, 4.85431722, 2.66450705,\n        5.04920278],\n       [4.89647738, 5.02173755, 5.35367408, 4.85431047, 2.6645084 ,\n        5.04920505],\n       [4.89647941, 5.02173587, 5.35367945, 4.85430966, 2.66451493,\n        5.04919938],\n       [4.89647081, 5.02173724, 5.35366868, 4.85432241, 2.66450329,\n        5.04920636]]), array([0.03508757, 0.03508757, 0.03508757, 0.03508757, 0.03508757,\n       0.03508757, 0.03508757]))", "callback": [0.498775718897853, 0.39102695071914506, 0.2169862952091688, 0.09328969753998861, 0.06308965983372539, 0.0504690425008848, 0.04024547922564958, 0.03635781773685609, 0.03553352687286515, 0.03519425504892937, 0.035101493159465535, 0.03509278503487068, 0.03508912700056255, 0.03508792872828703, 0.035087664781008776, 0.035087579405956526, 0.03508757458814904, 0.035087570991034545, 0.03508757020999731, 0.03508757005413354, 0.03508757004584051]}, "5": {"maxiter": 500, "fatol": 1e-05, "xatol": 1e-10, "duration": 0.13156604766845703, "fun": "0.03508757004174945", "nit": "317", "nfev": "585", "status": "0", "success": "True", "message": "Optimization terminated successfully.", "x": "[4.89647759 5.02173466 5.35367479 4.85431268 2.66450745 5.04920464]", "final_simplex": "(array([[4.89647759, 5.02173466, 5.35367479, 4.85431268, 2.66450745,\n        5.04920464],\n       [4.89647759, 5.02173466, 5.35367479, 4.85431268, 2.66450745,\n        5.04920464],\n       [4.89647759, 5.02173466, 5.35367479, 4.85431268, 2.66450745,\n        5.04920464],\n       [4.89647759, 5.02173466, 5.35367479, 4.85431268, 2.66450745,\n        5.04920464],\n       [4.89647759, 5.02173466, 5.35367479, 4.85431268, 2.66450745,\n        5.04920464],\n       [4.89647759, 5.02173466, 5.35367479, 4.85431268, 2.66450745,\n        5.04920464],\n       [4.89647759, 5.02173466, 5.35367479, 4.85431268, 2.66450745,\n        5.04920464]]), array([0.03508757, 0.03508757, 0.03508757, 0.03508757, 0.03508757,\n       0.03508757, 0.03508757]))", "callback": [0.498775718897853, 0.39102695071914506, 0.2169862952091688, 0.09328969753998861, 0.06308965983372539, 0.0504690425008848, 0.04024547922564958, 0.03635781773685609, 0.03553352687286515, 0.03519425504892937, 0.035101493159465535, 0.03509278503487068, 0.03508912700056255, 0.03508792872828703, 0.035087664781008776, 0.035087579405956526, 0.03508757458814904, 0.035087570991034545, 0.03508757020999731, 0.03508757005413354, 0.03508757004584051, 0.03508757004229779, 0.035087570042157123, 0.03508757004183527, 0.03508757004176555, 0.03508757004175267, 0.03508757004175023, 0.035087570041749894, 0.03508757004174967, 0.03508757004174945, 0.03508757004174945]}, "6": {"maxiter": 500, "fatol": 1e-10, "xatol": 1e-05, "duration": 0.08202815055847168, "fun": "0.035087570044954774", "nit": "216", "nfev": "365", "status": "0", "success": "True", "message": "Optimization terminated successfully.", "x": "[4.89647715 5.02173249 5.35367611 4.85431486 2.6645051  5.04920483]", "final_simplex": "(array([[4.89647715, 5.02173249, 5.35367611, 4.85431486, 2.6645051 ,\n        5.04920483],\n       [4.89647874, 5.02173248, 5.35367555, 4.85431467, 2.66450475,\n        5.04920442],\n       [4.89647837, 5.02173526, 5.35367283, 4.85431623, 2.66450345,\n        5.04920437],\n       [4.89647374, 5.02173875, 5.35367515, 4.85431722, 2.66450705,\n        5.04920278],\n       [4.89647738, 5.02173755, 5.35367408, 4.85431047, 2.6645084 ,\n        5.04920505],\n       [4.89647941, 5.02173587, 5.35367945, 4.85430966, 2.66451493,\n        5.04919938],\n       [4.89647081, 5.02173724, 5.35366868, 4.85432241, 2.66450329,\n        5.04920636]]), array([0.03508757, 0.03508757, 0.03508757, 0.03508757, 0.03508757,\n       0.03508757, 0.03508757]))", "callback": [0.498775718897853, 0.39102695071914506, 0.2169862952091688, 0.09328969753998861, 0.06308965983372539, 0.0504690425008848, 0.04024547922564958, 0.03635781773685609, 0.03553352687286515, 0.03519425504892937, 0.035101493159465535, 0.03509278503487068, 0.03508912700056255, 0.03508792872828703, 0.035087664781008776, 0.035087579405956526, 0.03508757458814904, 0.035087570991034545, 0.03508757020999731, 0.03508757005413354, 0.03508757004584051]}, "7": {"maxiter": 500, "fatol": 1e-10, "xatol": 1e-10, "duration": 0.13077402114868164, "fun": "0.03508757004174945", "nit": "317", "nfev": "585", "status": "0", "success": "True", "message": "Optimization terminated successfully.", "x": "[4.89647759 5.02173466 5.35367479 4.85431268 2.66450745 5.04920464]", "final_simplex": "(array([[4.89647759, 5.02173466, 5.35367479, 4.85431268, 2.66450745,\n        5.04920464],\n       [4.89647759, 5.02173466, 5.35367479, 4.85431268, 2.66450745,\n        5.04920464],\n       [4.89647759, 5.02173466, 5.35367479, 4.85431268, 2.66450745,\n        5.04920464],\n       [4.89647759, 5.02173466, 5.35367479, 4.85431268, 2.66450745,\n        5.04920464],\n       [4.89647759, 5.02173466, 5.35367479, 4.85431268, 2.66450745,\n        5.04920464],\n       [4.89647759, 5.02173466, 5.35367479, 4.85431268, 2.66450745,\n        5.04920464],\n       [4.89647759, 5.02173466, 5.35367479, 4.85431268, 2.66450745,\n        5.04920464]]), array([0.03508757, 0.03508757, 0.03508757, 0.03508757, 0.03508757,\n       0.03508757, 0.03508757]))", "callback": [0.498775718897853, 0.39102695071914506, 0.2169862952091688, 0.09328969753998861, 0.06308965983372539, 0.0504690425008848, 0.04024547922564958, 0.03635781773685609, 0.03553352687286515, 0.03519425504892937, 0.035101493159465535, 0.03509278503487068, 0.03508912700056255, 0.03508792872828703, 0.035087664781008776, 0.035087579405956526, 0.03508757458814904, 0.035087570991034545, 0.03508757020999731, 0.03508757005413354, 0.03508757004584051, 0.03508757004229779, 0.035087570042157123, 0.03508757004183527, 0.03508757004176555, 0.03508757004175267, 0.03508757004175023, 0.035087570041749894, 0.03508757004174967, 0.03508757004174945, 0.03508757004174945]}, "8": {"maxiter": 1000, "fatol": 1e-05, "xatol": 1e-05, "duration": 0.08980774879455566, "fun": "0.035087570044954774", "nit": "216", "nfev": "365", "status": "0", "success": "True", "message": "Optimization terminated successfully.", "x": "[4.89647715 5.02173249 5.35367611 4.85431486 2.6645051  5.04920483]", "final_simplex": "(array([[4.89647715, 5.02173249, 5.35367611, 4.85431486, 2.6645051 ,\n        5.04920483],\n       [4.89647874, 5.02173248, 5.35367555, 4.85431467, 2.66450475,\n        5.04920442],\n       [4.89647837, 5.02173526, 5.35367283, 4.85431623, 2.66450345,\n        5.04920437],\n       [4.89647374, 5.02173875, 5.35367515, 4.85431722, 2.66450705,\n        5.04920278],\n       [4.89647738, 5.02173755, 5.35367408, 4.85431047, 2.6645084 ,\n        5.04920505],\n       [4.89647941, 5.02173587, 5.35367945, 4.85430966, 2.66451493,\n        5.04919938],\n       [4.89647081, 5.02173724, 5.35366868, 4.85432241, 2.66450329,\n        5.04920636]]), array([0.03508757, 0.03508757, 0.03508757, 0.03508757, 0.03508757,\n       0.03508757, 0.03508757]))", "callback": [0.498775718897853, 0.39102695071914506, 0.2169862952091688, 0.09328969753998861, 0.06308965983372539, 0.0504690425008848, 0.04024547922564958, 0.03635781773685609, 0.03553352687286515, 0.03519425504892937, 0.035101493159465535, 0.03509278503487068, 0.03508912700056255, 0.03508792872828703, 0.035087664781008776, 0.035087579405956526, 0.03508757458814904, 0.035087570991034545, 0.03508757020999731, 0.03508757005413354, 0.03508757004584051]}, "9": {"maxiter": 1000, "fatol": 1e-05, "xatol": 1e-10, "duration": 0.14086508750915527, "fun": "0.03508757004174945", "nit": "317", "nfev": "585", "status": "0", "success": "True", "message": "Optimization terminated successfully.", "x": "[4.89647759 5.02173466 5.35367479 4.85431268 2.66450745 5.04920464]", "final_simplex": "(array([[4.89647759, 5.02173466, 5.35367479, 4.85431268, 2.66450745,\n        5.04920464],\n       [4.89647759, 5.02173466, 5.35367479, 4.85431268, 2.66450745,\n        5.04920464],\n       [4.89647759, 5.02173466, 5.35367479, 4.85431268, 2.66450745,\n        5.04920464],\n       [4.89647759, 5.02173466, 5.35367479, 4.85431268, 2.66450745,\n        5.04920464],\n       [4.89647759, 5.02173466, 5.35367479, 4.85431268, 2.66450745,\n        5.04920464],\n       [4.89647759, 5.02173466, 5.35367479, 4.85431268, 2.66450745,\n        5.04920464],\n       [4.89647759, 5.02173466, 5.35367479, 4.85431268, 2.66450745,\n        5.04920464]]), array([0.03508757, 0.03508757, 0.03508757, 0.03508757, 0.03508757,\n       0.03508757, 0.03508757]))", "callback": [0.498775718897853, 0.39102695071914506, 0.2169862952091688, 0.09328969753998861, 0.06308965983372539, 0.0504690425008848, 0.04024547922564958, 0.03635781773685609, 0.03553352687286515, 0.03519425504892937, 0.035101493159465535, 0.03509278503487068, 0.03508912700056255, 0.03508792872828703, 0.035087664781008776, 0.035087579405956526, 0.03508757458814904, 0.035087570991034545, 0.03508757020999731, 0.03508757005413354, 0.03508757004584051, 0.03508757004229779, 0.035087570042157123, 0.03508757004183527, 0.03508757004176555, 0.03508757004175267, 0.03508757004175023, 0.035087570041749894, 0.03508757004174967, 0.03508757004174945, 0.03508757004174945]}, "10": {"maxiter": 1000, "fatol": 1e-10, "xatol": 1e-05, "duration": 0.08216571807861328, "fun": "0.035087570044954774", "nit": "216", "nfev": "365", "status": "0", "success": "True", "message": "Optimization terminated successfully.", "x": "[4.89647715 5.02173249 5.35367611 4.85431486 2.6645051  5.04920483]", "final_simplex": "(array([[4.89647715, 5.02173249, 5.35367611, 4.85431486, 2.6645051 ,\n        5.04920483],\n       [4.89647874, 5.02173248, 5.35367555, 4.85431467, 2.66450475,\n        5.04920442],\n       [4.89647837, 5.02173526, 5.35367283, 4.85431623, 2.66450345,\n        5.04920437],\n       [4.89647374, 5.02173875, 5.35367515, 4.85431722, 2.66450705,\n        5.04920278],\n       [4.89647738, 5.02173755, 5.35367408, 4.85431047, 2.6645084 ,\n        5.04920505],\n       [4.89647941, 5.02173587, 5.35367945, 4.85430966, 2.66451493,\n        5.04919938],\n       [4.89647081, 5.02173724, 5.35366868, 4.85432241, 2.66450329,\n        5.04920636]]), array([0.03508757, 0.03508757, 0.03508757, 0.03508757, 0.03508757,\n       0.03508757, 0.03508757]))", "callback": [0.498775718897853, 0.39102695071914506, 0.2169862952091688, 0.09328969753998861, 0.06308965983372539, 0.0504690425008848, 0.04024547922564958, 0.03635781773685609, 0.03553352687286515, 0.03519425504892937, 0.035101493159465535, 0.03509278503487068, 0.03508912700056255, 0.03508792872828703, 0.035087664781008776, 0.035087579405956526, 0.03508757458814904, 0.035087570991034545, 0.03508757020999731, 0.03508757005413354, 0.03508757004584051]}, "11": {"maxiter": 1000, "fatol": 1e-10, "xatol": 1e-10, "duration": 0.13361287117004395, "fun": "0.03508757004174945", "nit": "317", "nfev": "585", "status": "0", "success": "True", "message": "Optimization terminated successfully.", "x": "[4.89647759 5.02173466 5.35367479 4.85431268 2.66450745 5.04920464]", "final_simplex": "(array([[4.89647759, 5.02173466, 5.35367479, 4.85431268, 2.66450745,\n        5.04920464],\n       [4.89647759, 5.02173466, 5.35367479, 4.85431268, 2.66450745,\n        5.04920464],\n       [4.89647759, 5.02173466, 5.35367479, 4.85431268, 2.66450745,\n        5.04920464],\n       [4.89647759, 5.02173466, 5.35367479, 4.85431268, 2.66450745,\n        5.04920464],\n       [4.89647759, 5.02173466, 5.35367479, 4.85431268, 2.66450745,\n        5.04920464],\n       [4.89647759, 5.02173466, 5.35367479, 4.85431268, 2.66450745,\n        5.04920464],\n       [4.89647759, 5.02173466, 5.35367479, 4.85431268, 2.66450745,\n        5.04920464]]), array([0.03508757, 0.03508757, 0.03508757, 0.03508757, 0.03508757,\n       0.03508757, 0.03508757]))", "callback": [0.498775718897853, 0.39102695071914506, 0.2169862952091688, 0.09328969753998861, 0.06308965983372539, 0.0504690425008848, 0.04024547922564958, 0.03635781773685609, 0.03553352687286515, 0.03519425504892937, 0.035101493159465535, 0.03509278503487068, 0.03508912700056255, 0.03508792872828703, 0.035087664781008776, 0.035087579405956526, 0.03508757458814904, 0.035087570991034545, 0.03508757020999731, 0.03508757005413354, 0.03508757004584051, 0.03508757004229779, 0.035087570042157123, 0.03508757004183527, 0.03508757004176555, 0.03508757004175267, 0.03508757004175023, 0.035087570041749894, 0.03508757004174967, 0.03508757004174945, 0.03508757004174945]}}, "bfgs": {"type": "gradient", "0": {"maxiter": 100, "gtol": 1e-05, "xrtol": 1e-05, "eps": 1e-05, "duration": 0.05703306198120117, "fun": "0.03508757033316856", "jac": "[ 1.37571066e-06  3.24898997e-06  6.93106683e-06  2.57877053e-06\n -3.07124326e-06 -2.41725528e-06]", "hess_inv": "[[ 1.00734708e+02 -2.23649139e+00  1.15817112e+01  3.17987450e+01\n   1.87426259e+02 -1.21093817e+02]\n [-2.23649139e+00  2.20339157e+00 -1.40998460e-01 -1.67509049e+00\n  -4.36485996e+00  3.59659676e+00]\n [ 1.15817112e+01 -1.40998460e-01  2.93100007e+00  3.11546524e+00\n   2.49188272e+01 -1.73989650e+01]\n [ 3.17987450e+01 -1.67509049e+00  3.11546524e+00  1.26303978e+01\n   6.03471878e+01 -3.92516752e+01]\n [ 1.87426259e+02 -4.36485996e+00  2.49188272e+01  6.03471878e+01\n   3.75234083e+02 -2.47849343e+02]\n [-1.21093817e+02  3.59659676e+00 -1.73989650e+01 -3.92516752e+01\n  -2.47849343e+02  1.67461317e+02]]", "nfev": "238", "njev": "34", "status": "0", "success": "True", "message": "Optimization terminated successfully.", "x": "[2.68615586 5.45035606 5.39390475 5.81975076 0.06842825 5.86307558]", "nit": "26", "callback": [0.04350034184318596, 0.03513784352589655]}, "1": {"maxiter": 100, "gtol": 1e-05, "xrtol": 1e-05, "eps": 1e-10, "duration": 0.058725833892822266, "fun": "0.035087570286469916", "jac": "[ 0.00000000e+00  7.77156053e-06  4.44089173e-06 -1.11022293e-06\n -4.44089235e-06  0.00000000e+00]", "hess_inv": "[[ 9.84397641e+01 -2.42180537e+00  1.09177938e+01  3.09877011e+01\n   1.80976277e+02 -1.16491971e+02]\n [-2.42180537e+00  2.13900741e+00 -1.36263625e-01 -1.64037749e+00\n  -4.54566667e+00  3.66372605e+00]\n [ 1.09177938e+01 -1.36263625e-01  2.83754726e+00  2.87706024e+00\n   2.34731338e+01 -1.64304508e+01]\n [ 3.09877011e+01 -1.64037749e+00  2.87706024e+00  1.22967802e+01\n   5.80682916e+01 -3.75617358e+01]\n [ 1.80976277e+02 -4.54566667e+00  2.34731338e+01  5.80682916e+01\n   3.58285926e+02 -2.35885299e+02]\n [-1.16491971e+02  3.66372605e+00 -1.64304508e+01 -3.75617358e+01\n  -2.35885299e+02  1.59049818e+02]]", "nfev": "238", "njev": "34", "status": "0", "success": "True", "message": "Optimization terminated successfully.", "x": "[2.68829178 5.45118111 5.39502641 5.82022256 0.07262557 5.86036833]", "nit": "26", "callback": [0.04350522430076609, 0.03513418752483888]}, "2": {"maxiter": 100, "gtol": 1e-05, "xrtol": 1e-10, "eps": 1e-05, "duration": 0.08103132247924805, "fun": "0.03508757033316856", "jac": "[ 1.37571066e-06  3.24898997e-06  6.93106683e-06  2.57877053e-06\n -3.07124326e-06 -2.41725528e-06]", "hess_inv": "[[ 1.00734708e+02 -2.23649139e+00  1.15817112e+01  3.17987450e+01\n   1.87426259e+02 -1.21093817e+02]\n [-2.23649139e+00  2.20339157e+00 -1.40998460e-01 -1.67509049e+00\n  -4.36485996e+00  3.59659676e+00]\n [ 1.15817112e+01 -1.40998460e-01  2.93100007e+00  3.11546524e+00\n   2.49188272e+01 -1.73989650e+01]\n [ 3.17987450e+01 -1.67509049e+00  3.11546524e+00  1.26303978e+01\n   6.03471878e+01 -3.92516752e+01]\n [ 1.87426259e+02 -4.36485996e+00  2.49188272e+01  6.03471878e+01\n   3.75234083e+02 -2.47849343e+02]\n [-1.21093817e+02  3.59659676e+00 -1.73989650e+01 -3.92516752e+01\n  -2.47849343e+02  1.67461317e+02]]", "nfev": "238", "njev": "34", "status": "0", "success": "True", "message": "Optimization terminated successfully.", "x": "[2.68615586 5.45035606 5.39390475 5.81975076 0.06842825 5.86307558]", "nit": "26", "callback": [0.04350034184318596, 0.03513784352589655]}, "3": {"maxiter": 100, "gtol": 1e-05, "xrtol": 1e-10, "eps": 1e-10, "duration": 0.06216621398925781, "fun": "0.035087570286469916", "jac": "[ 0.00000000e+00  7.77156053e-06  4.44089173e-06 -1.11022293e-06\n -4.44089235e-06  0.00000000e+00]", "hess_inv": "[[ 9.84397641e+01 -2.42180537e+00  1.09177938e+01  3.09877011e+01\n   1.80976277e+02 -1.16491971e+02]\n [-2.42180537e+00  2.13900741e+00 -1.36263625e-01 -1.64037749e+00\n  -4.54566667e+00  3.66372605e+00]\n [ 1.09177938e+01 -1.36263625e-01  2.83754726e+00  2.87706024e+00\n   2.34731338e+01 -1.64304508e+01]\n [ 3.09877011e+01 -1.64037749e+00  2.87706024e+00  1.22967802e+01\n   5.80682916e+01 -3.75617358e+01]\n [ 1.80976277e+02 -4.54566667e+00  2.34731338e+01  5.80682916e+01\n   3.58285926e+02 -2.35885299e+02]\n [-1.16491971e+02  3.66372605e+00 -1.64304508e+01 -3.75617358e+01\n  -2.35885299e+02  1.59049818e+02]]", "nfev": "238", "njev": "34", "status": "0", "success": "True", "message": "Optimization terminated successfully.", "x": "[2.68829178 5.45118111 5.39502641 5.82022256 0.07262557 5.86036833]", "nit": "26", "callback": [0.04350522430076609, 0.03513418752483888]}, "4": {"maxiter": 100, "gtol": 1e-10, "xrtol": 1e-05, "eps": 1e-05, "duration": 0.06049489974975586, "fun": "0.03508757028969378", "jac": "[ 1.47515333e-07  3.05138137e-06  6.95745683e-06  2.56347166e-06\n -8.13149548e-07  5.45674617e-08]", "hess_inv": "[[ 1.01153781e+02 -2.15390884e+00  1.17820522e+01  3.18517145e+01\n   1.87949501e+02 -1.21563596e+02]\n [-2.15390884e+00  2.21012741e+00 -1.30592824e-01 -1.66916472e+00\n  -4.29838231e+00  3.56114588e+00]\n [ 1.17820522e+01 -1.30592824e-01  2.93815187e+00  3.12703289e+00\n   2.50573031e+01 -1.74494203e+01]\n [ 3.18517145e+01 -1.66916472e+00  3.12703289e+00  1.26349582e+01\n   6.03959930e+01 -3.92840283e+01]\n [ 1.87949501e+02 -4.29838231e+00  2.50573031e+01  6.03959930e+01\n   3.75746692e+02 -2.48216498e+02]\n [-1.21563596e+02  3.56114588e+00 -1.74494203e+01 -3.92840283e+01\n  -2.48216498e+02  1.67645814e+02]]", "nfev": "245", "njev": "35", "status": "0", "success": "True", "message": "Optimization terminated successfully.", "x": "[2.68614329 5.45035246 5.39389532 5.81974864 0.06840824 5.8630964 ]", "nit": "27", "callback": [0.04350034184318596, 0.03513784352589655]}, "5": {"maxiter": 100, "gtol": 1e-10, "xrtol": 1e-05, "eps": 1e-10, "duration": 0.0656588077545166, "fun": "0.03508757005914509", "jac": "[ 1.11022293e-06 -4.44089173e-06  0.00000000e+00  0.00000000e+00\n -1.11022309e-06  2.22044587e-06]", "hess_inv": "[[  9.50108158   0.11106509  -0.05081787   2.11514013   8.38685678\n   -2.96894525]\n [  0.11106509   2.0236928    0.10056286  -0.90784057  -0.18425975\n    0.89123352]\n [ -0.05081787   0.10056286   1.69945279  -0.45849392   3.70819028\n   -3.83201163]\n [  2.11514013  -0.90784057  -0.45849392   3.22295047   3.83674196\n   -2.30920457]\n [  8.38685678  -0.18425975   3.70819028   3.83674196  34.7791121\n  -25.92378334]\n [ -2.96894525   0.89123352  -3.83201163  -2.30920457 -25.92378334\n   23.53175232]]", "nfev": "266", "njev": "38", "status": "0", "success": "True", "message": "Optimization terminated successfully.", "x": "[2.68844952 5.45117142 5.39503967 5.82027838 0.07292461 5.86018033]", "nit": "29", "callback": [0.04350522430076609, 0.03513418752483888]}, "6": {"maxiter": 100, "gtol": 1e-10, "xrtol": 1e-10, "eps": 1e-05, "duration": 0.14155817031860352, "fun": "0.035087570255836864", "jac": "[-1.96243022e-06  3.26015881e-06  6.32438546e-06  2.55405697e-06\n  3.29007932e-06  4.53296289e-06]", "hess_inv": "[[ 212.86799903   39.25822092   79.27443976   55.13786207  401.58362969\n  -276.50236299]\n [  39.25822092   17.513927     24.9447639     6.94512936   74.72079914\n   -53.99313893]\n [  79.27443976   24.9447639    43.43908944   17.25289123  154.38220481\n  -110.65492862]\n [  55.13786207    6.94512936   17.25289123   17.47576387  104.8524375\n   -71.67018692]\n [ 401.58362969   74.72079914  154.38220481  104.8524375   783.63237293\n  -545.01103746]\n [-276.50236299  -53.99313893 -110.65492862  -71.67018692 -545.01103746\n   381.90994852]]", "nfev": "572", "njev": "80", "status": "2", "success": "False", "message": "Desired error not necessarily achieved due to precision loss.", "x": "[2.68607322 5.45032683 5.39384987 5.81973463 0.06827624 5.86319787]", "nit": "29", "callback": [0.04350034184318596, 0.03513784352589655]}, "7": {"maxiter": 100, "gtol": 1e-10, "xrtol": 1e-10, "eps": 1e-10, "duration": 0.09421777725219727, "fun": "0.035087570051005934", "jac": "[-2.22044587e-06 -2.22044587e-06 -1.11022293e-06 -2.22044587e-06\n -2.22044617e-06 -1.11022293e-06]", "hess_inv": "[[    3.5530039     26.89465187   -15.23938134    -2.75508569\n    -77.10785801    37.52151934]\n [   26.89465187   294.67863768  -169.94385464   -23.59232658\n   -861.21440615   419.41418517]\n [  -15.23938134  -169.94385464    99.30346398    12.88122823\n    499.28489906  -242.24756826]\n [   -2.75508569   -23.59232658    12.88122823     3.33134527\n     65.74065849   -32.90008245]\n [  -77.10785801  -861.21440615   499.28489906    65.74065849\n   2526.42661553 -1228.43431675]\n [   37.52151934   419.41418517  -242.24756826   -32.90008245\n  -1228.43431675   598.54328844]]", "nfev": "392", "njev": "56", "status": "0", "success": "True", "message": "Optimization terminated successfully.", "x": "[2.68846263 5.45117284 5.39504055 5.82028261 0.0729557  5.86016586]", "nit": "34", "callback": [0.04350522430076609, 0.03513418752483888, 0.03508757005670182]}, "8": {"maxiter": 500, "gtol": 1e-05, "xrtol": 1e-05, "eps": 1e-05, "duration": 0.05745887756347656, "fun": "0.03508757033316856", "jac": "[ 1.37571066e-06  3.24898997e-06  6.93106683e-06  2.57877053e-06\n -3.07124326e-06 -2.41725528e-06]", "hess_inv": "[[ 1.00734708e+02 -2.23649139e+00  1.15817112e+01  3.17987450e+01\n   1.87426259e+02 -1.21093817e+02]\n [-2.23649139e+00  2.20339157e+00 -1.40998460e-01 -1.67509049e+00\n  -4.36485996e+00  3.59659676e+00]\n [ 1.15817112e+01 -1.40998460e-01  2.93100007e+00  3.11546524e+00\n   2.49188272e+01 -1.73989650e+01]\n [ 3.17987450e+01 -1.67509049e+00  3.11546524e+00  1.26303978e+01\n   6.03471878e+01 -3.92516752e+01]\n [ 1.87426259e+02 -4.36485996e+00  2.49188272e+01  6.03471878e+01\n   3.75234083e+02 -2.47849343e+02]\n [-1.21093817e+02  3.59659676e+00 -1.73989650e+01 -3.92516752e+01\n  -2.47849343e+02  1.67461317e+02]]", "nfev": "238", "njev": "34", "status": "0", "success": "True", "message": "Optimization terminated successfully.", "x": "[2.68615586 5.45035606 5.39390475 5.81975076 0.06842825 5.86307558]", "nit": "26", "callback": [0.04350034184318596, 0.03513784352589655]}, "9": {"maxiter": 500, "gtol": 1e-05, "xrtol": 1e-05, "eps": 1e-10, "duration": 0.05777382850646973, "fun": "0.035087570286469916", "jac": "[ 0.00000000e+00  7.77156053e-06  4.44089173e-06 -1.11022293e-06\n -4.44089235e-06  0.00000000e+00]", "hess_inv": "[[ 9.84397641e+01 -2.42180537e+00  1.09177938e+01  3.09877011e+01\n   1.80976277e+02 -1.16491971e+02]\n [-2.42180537e+00  2.13900741e+00 -1.36263625e-01 -1.64037749e+00\n  -4.54566667e+00  3.66372605e+00]\n [ 1.09177938e+01 -1.36263625e-01  2.83754726e+00  2.87706024e+00\n   2.34731338e+01 -1.64304508e+01]\n [ 3.09877011e+01 -1.64037749e+00  2.87706024e+00  1.22967802e+01\n   5.80682916e+01 -3.75617358e+01]\n [ 1.80976277e+02 -4.54566667e+00  2.34731338e+01  5.80682916e+01\n   3.58285926e+02 -2.35885299e+02]\n [-1.16491971e+02  3.66372605e+00 -1.64304508e+01 -3.75617358e+01\n  -2.35885299e+02  1.59049818e+02]]", "nfev": "238", "njev": "34", "status": "0", "success": "True", "message": "Optimization terminated successfully.", "x": "[2.68829178 5.45118111 5.39502641 5.82022256 0.07262557 5.86036833]", "nit": "26", "callback": [0.04350522430076609, 0.03513418752483888]}, "10": {"maxiter": 500, "gtol": 1e-05, "xrtol": 1e-10, "eps": 1e-05, "duration": 0.05573081970214844, "fun": "0.03508757033316856", "jac": "[ 1.37571066e-06  3.24898997e-06  6.93106683e-06  2.57877053e-06\n -3.07124326e-06 -2.41725528e-06]", "hess_inv": "[[ 1.00734708e+02 -2.23649139e+00  1.15817112e+01  3.17987450e+01\n   1.87426259e+02 -1.21093817e+02]\n [-2.23649139e+00  2.20339157e+00 -1.40998460e-01 -1.67509049e+00\n  -4.36485996e+00  3.59659676e+00]\n [ 1.15817112e+01 -1.40998460e-01  2.93100007e+00  3.11546524e+00\n   2.49188272e+01 -1.73989650e+01]\n [ 3.17987450e+01 -1.67509049e+00  3.11546524e+00  1.26303978e+01\n   6.03471878e+01 -3.92516752e+01]\n [ 1.87426259e+02 -4.36485996e+00  2.49188272e+01  6.03471878e+01\n   3.75234083e+02 -2.47849343e+02]\n [-1.21093817e+02  3.59659676e+00 -1.73989650e+01 -3.92516752e+01\n  -2.47849343e+02  1.67461317e+02]]", "nfev": "238", "njev": "34", "status": "0", "success": "True", "message": "Optimization terminated successfully.", "x": "[2.68615586 5.45035606 5.39390475 5.81975076 0.06842825 5.86307558]", "nit": "26", "callback": [0.04350034184318596, 0.03513784352589655]}, "11": {"maxiter": 500, "gtol": 1e-05, "xrtol": 1e-10, "eps": 1e-10, "duration": 0.054559946060180664, "fun": "0.035087570286469916", "jac": "[ 0.00000000e+00  7.77156053e-06  4.44089173e-06 -1.11022293e-06\n -4.44089235e-06  0.00000000e+00]", "hess_inv": "[[ 9.84397641e+01 -2.42180537e+00  1.09177938e+01  3.09877011e+01\n   1.80976277e+02 -1.16491971e+02]\n [-2.42180537e+00  2.13900741e+00 -1.36263625e-01 -1.64037749e+00\n  -4.54566667e+00  3.66372605e+00]\n [ 1.09177938e+01 -1.36263625e-01  2.83754726e+00  2.87706024e+00\n   2.34731338e+01 -1.64304508e+01]\n [ 3.09877011e+01 -1.64037749e+00  2.87706024e+00  1.22967802e+01\n   5.80682916e+01 -3.75617358e+01]\n [ 1.80976277e+02 -4.54566667e+00  2.34731338e+01  5.80682916e+01\n   3.58285926e+02 -2.35885299e+02]\n [-1.16491971e+02  3.66372605e+00 -1.64304508e+01 -3.75617358e+01\n  -2.35885299e+02  1.59049818e+02]]", "nfev": "238", "njev": "34", "status": "0", "success": "True", "message": "Optimization terminated successfully.", "x": "[2.68829178 5.45118111 5.39502641 5.82022256 0.07262557 5.86036833]", "nit": "26", "callback": [0.04350522430076609, 0.03513418752483888]}, "12": {"maxiter": 500, "gtol": 1e-10, "xrtol": 1e-05, "eps": 1e-05, "duration": 0.05751824378967285, "fun": "0.03508757028969378", "jac": "[ 1.47515333e-07  3.05138137e-06  6.95745683e-06  2.56347166e-06\n -8.13149548e-07  5.45674617e-08]", "hess_inv": "[[ 1.01153781e+02 -2.15390884e+00  1.17820522e+01  3.18517145e+01\n   1.87949501e+02 -1.21563596e+02]\n [-2.15390884e+00  2.21012741e+00 -1.30592824e-01 -1.66916472e+00\n  -4.29838231e+00  3.56114588e+00]\n [ 1.17820522e+01 -1.30592824e-01  2.93815187e+00  3.12703289e+00\n   2.50573031e+01 -1.74494203e+01]\n [ 3.18517145e+01 -1.66916472e+00  3.12703289e+00  1.26349582e+01\n   6.03959930e+01 -3.92840283e+01]\n [ 1.87949501e+02 -4.29838231e+00  2.50573031e+01  6.03959930e+01\n   3.75746692e+02 -2.48216498e+02]\n [-1.21563596e+02  3.56114588e+00 -1.74494203e+01 -3.92840283e+01\n  -2.48216498e+02  1.67645814e+02]]", "nfev": "245", "njev": "35", "status": "0", "success": "True", "message": "Optimization terminated successfully.", "x": "[2.68614329 5.45035246 5.39389532 5.81974864 0.06840824 5.8630964 ]", "nit": "27", "callback": [0.04350034184318596, 0.03513784352589655]}, "13": {"maxiter": 500, "gtol": 1e-10, "xrtol": 1e-05, "eps": 1e-10, "duration": 0.06102108955383301, "fun": "0.03508757005914509", "jac": "[ 1.11022293e-06 -4.44089173e-06  0.00000000e+00  0.00000000e+00\n -1.11022309e-06  2.22044587e-06]", "hess_inv": "[[  9.50108158   0.11106509  -0.05081787   2.11514013   8.38685678\n   -2.96894525]\n [  0.11106509   2.0236928    0.10056286  -0.90784057  -0.18425975\n    0.89123352]\n [ -0.05081787   0.10056286   1.69945279  -0.45849392   3.70819028\n   -3.83201163]\n [  2.11514013  -0.90784057  -0.45849392   3.22295047   3.83674196\n   -2.30920457]\n [  8.38685678  -0.18425975   3.70819028   3.83674196  34.7791121\n  -25.92378334]\n [ -2.96894525   0.89123352  -3.83201163  -2.30920457 -25.92378334\n   23.53175232]]", "nfev": "266", "njev": "38", "status": "0", "success": "True", "message": "Optimization terminated successfully.", "x": "[2.68844952 5.45117142 5.39503967 5.82027838 0.07292461 5.86018033]", "nit": "29", "callback": [0.04350522430076609, 0.03513418752483888]}, "14": {"maxiter": 500, "gtol": 1e-10, "xrtol": 1e-10, "eps": 1e-05, "duration": 0.13086414337158203, "fun": "0.035087570255836864", "jac": "[-1.96243022e-06  3.26015881e-06  6.32438546e-06  2.55405697e-06\n  3.29007932e-06  4.53296289e-06]", "hess_inv": "[[ 212.86799903   39.25822092   79.27443976   55.13786207  401.58362969\n  -276.50236299]\n [  39.25822092   17.513927     24.9447639     6.94512936   74.72079914\n   -53.99313893]\n [  79.27443976   24.9447639    43.43908944   17.25289123  154.38220481\n  -110.65492862]\n [  55.13786207    6.94512936   17.25289123   17.47576387  104.8524375\n   -71.67018692]\n [ 401.58362969   74.72079914  154.38220481  104.8524375   783.63237293\n  -545.01103746]\n [-276.50236299  -53.99313893 -110.65492862  -71.67018692 -545.01103746\n   381.90994852]]", "nfev": "572", "njev": "80", "status": "2", "success": "False", "message": "Desired error not necessarily achieved due to precision loss.", "x": "[2.68607322 5.45032683 5.39384987 5.81973463 0.06827624 5.86319787]", "nit": "29", "callback": [0.04350034184318596, 0.03513784352589655]}, "15": {"maxiter": 500, "gtol": 1e-10, "xrtol": 1e-10, "eps": 1e-10, "duration": 0.08863401412963867, "fun": "0.035087570051005934", "jac": "[-2.22044587e-06 -2.22044587e-06 -1.11022293e-06 -2.22044587e-06\n -2.22044617e-06 -1.11022293e-06]", "hess_inv": "[[    3.5530039     26.89465187   -15.23938134    -2.75508569\n    -77.10785801    37.52151934]\n [   26.89465187   294.67863768  -169.94385464   -23.59232658\n   -861.21440615   419.41418517]\n [  -15.23938134  -169.94385464    99.30346398    12.88122823\n    499.28489906  -242.24756826]\n [   -2.75508569   -23.59232658    12.88122823     3.33134527\n     65.74065849   -32.90008245]\n [  -77.10785801  -861.21440615   499.28489906    65.74065849\n   2526.42661553 -1228.43431675]\n [   37.52151934   419.41418517  -242.24756826   -32.90008245\n  -1228.43431675   598.54328844]]", "nfev": "392", "njev": "56", "status": "0", "success": "True", "message": "Optimization terminated successfully.", "x": "[2.68846263 5.45117284 5.39504055 5.82028261 0.0729557  5.86016586]", "nit": "34", "callback": [0.04350522430076609, 0.03513418752483888, 0.03508757005670182]}, "16": {"maxiter": 1000, "gtol": 1e-05, "xrtol": 1e-05, "eps": 1e-05, "duration": 0.05551576614379883, "fun": "0.03508757033316856", "jac": "[ 1.37571066e-06  3.24898997e-06  6.93106683e-06  2.57877053e-06\n -3.07124326e-06 -2.41725528e-06]", "hess_inv": "[[ 1.00734708e+02 -2.23649139e+00  1.15817112e+01  3.17987450e+01\n   1.87426259e+02 -1.21093817e+02]\n [-2.23649139e+00  2.20339157e+00 -1.40998460e-01 -1.67509049e+00\n  -4.36485996e+00  3.59659676e+00]\n [ 1.15817112e+01 -1.40998460e-01  2.93100007e+00  3.11546524e+00\n   2.49188272e+01 -1.73989650e+01]\n [ 3.17987450e+01 -1.67509049e+00  3.11546524e+00  1.26303978e+01\n   6.03471878e+01 -3.92516752e+01]\n [ 1.87426259e+02 -4.36485996e+00  2.49188272e+01  6.03471878e+01\n   3.75234083e+02 -2.47849343e+02]\n [-1.21093817e+02  3.59659676e+00 -1.73989650e+01 -3.92516752e+01\n  -2.47849343e+02  1.67461317e+02]]", "nfev": "238", "njev": "34", "status": "0", "success": "True", "message": "Optimization terminated successfully.", "x": "[2.68615586 5.45035606 5.39390475 5.81975076 0.06842825 5.86307558]", "nit": "26", "callback": [0.04350034184318596, 0.03513784352589655]}, "17": {"maxiter": 1000, "gtol": 1e-05, "xrtol": 1e-05, "eps": 1e-10, "duration": 0.05522012710571289, "fun": "0.035087570286469916", "jac": "[ 0.00000000e+00  7.77156053e-06  4.44089173e-06 -1.11022293e-06\n -4.44089235e-06  0.00000000e+00]", "hess_inv": "[[ 9.84397641e+01 -2.42180537e+00  1.09177938e+01  3.09877011e+01\n   1.80976277e+02 -1.16491971e+02]\n [-2.42180537e+00  2.13900741e+00 -1.36263625e-01 -1.64037749e+00\n  -4.54566667e+00  3.66372605e+00]\n [ 1.09177938e+01 -1.36263625e-01  2.83754726e+00  2.87706024e+00\n   2.34731338e+01 -1.64304508e+01]\n [ 3.09877011e+01 -1.64037749e+00  2.87706024e+00  1.22967802e+01\n   5.80682916e+01 -3.75617358e+01]\n [ 1.80976277e+02 -4.54566667e+00  2.34731338e+01  5.80682916e+01\n   3.58285926e+02 -2.35885299e+02]\n [-1.16491971e+02  3.66372605e+00 -1.64304508e+01 -3.75617358e+01\n  -2.35885299e+02  1.59049818e+02]]", "nfev": "238", "njev": "34", "status": "0", "success": "True", "message": "Optimization terminated successfully.", "x": "[2.68829178 5.45118111 5.39502641 5.82022256 0.07262557 5.86036833]", "nit": "26", "callback": [0.04350522430076609, 0.03513418752483888]}, "18": {"maxiter": 1000, "gtol": 1e-05, "xrtol": 1e-10, "eps": 1e-05, "duration": 0.053739070892333984, "fun": "0.03508757033316856", "jac": "[ 1.37571066e-06  3.24898997e-06  6.93106683e-06  2.57877053e-06\n -3.07124326e-06 -2.41725528e-06]", "hess_inv": "[[ 1.00734708e+02 -2.23649139e+00  1.15817112e+01  3.17987450e+01\n   1.87426259e+02 -1.21093817e+02]\n [-2.23649139e+00  2.20339157e+00 -1.40998460e-01 -1.67509049e+00\n  -4.36485996e+00  3.59659676e+00]\n [ 1.15817112e+01 -1.40998460e-01  2.93100007e+00  3.11546524e+00\n   2.49188272e+01 -1.73989650e+01]\n [ 3.17987450e+01 -1.67509049e+00  3.11546524e+00  1.26303978e+01\n   6.03471878e+01