{"date": "2024/09/23/, 13:58:21", "conf_id": 4, "data_type": "random\n", "num_data_points": 1, "s_rank": 0, "unitary": "[[-0.24866696+0.58742286j,-0.44704345-0.43151574j,-0.35669027-0.20570733j,-0.10517633+0.1626036j],[0.10596805-0.19687975j,-0.30269685-0.15056416j,0.18246286+0.30440582j,-0.83484447-0.11310748j],[0.26054512-0.52548482j,0.0285017-0.50723956j,-0.43110112+0.17165838j,0.15243271+0.39915801j],[0.42978035+0.11991271j,-0.17224126-0.46030424j,0.6827807-0.15164662j,0.26483638+0.0061855j]]", "databatch_0": {"databatch": "[[[0.08218006+0.38581094j,-0.1011434-0.50187746j,0.03711803-0.01106927j,0.15583-0.03455803j],[0.04202506+0.03192283j,-0.05408408-0.04202945j,0.00279498-0.00436369j,0.01277446-0.01711239j],[0.27576245+0.18246308j,-0.35527774-0.24073787j,0.01569657-0.02842207j,0.07289535-0.11219766j],[0.25842392+0.12411181j,-0.33360916-0.16476221j,0.01012122-0.0262674j,0.04934375-0.10498455j]]]", "initial param values": "[0.31833772,1.63583819,5.7783772,2.3796483,6.27670191,1.71032223]", "nelder_mead": {"type": "gradient-free", "0": {"maxiter": 100, "fatol": 1e-05, "xatol": 1e-05, "duration": 0.036826133728027344, "fun": "0.1472857870837181", "nit": "100", "nfev": "164", "status": "2", "success": "False", "message": "Maximum number of iterations has been exceeded.", "x": "[0.51540652 2.22737332 4.41436382 0.86988557 9.51241769 0.8068189 ]", "final_simplex": "(array([[0.51540652, 2.22737332, 4.41436382, 0.86988557, 9.51241769,\n        0.8068189 ],\n       [0.52090653, 2.24492471, 4.3536622 , 0.81484939, 9.5723078 ,\n        0.80612207],\n       [0.51362005, 2.22261552, 4.40044319, 0.84835587, 9.46991928,\n        0.86417521],\n       [0.51768315, 2.22610804, 4.39353989, 0.84061968, 9.52115092,\n        0.81499901],\n       [0.50679618, 2.20923872, 4.41387071, 0.89130526, 9.52373251,\n        0.84953837],\n       [0.51031999, 2.22229487, 4.36718308, 0.88744837, 9.48445455,\n        0.84566279],\n       [0.50002356, 2.19109529, 4.40048721, 0.90092515, 9.46157464,\n        0.93988105]]), array([0.14728579, 0.14741137, 0.1475102 , 0.14792631, 0.14813068,\n       0.14815336, 0.14833297]))", "callback": [0.497664265092029, 0.4914349072497287, 0.3356716785466052, 0.31285446552488283, 0.2675384040933795, 0.20256781541013869, 0.15557788875998135, 0.14974207503144266, 0.14849475181856486]}, "1": {"maxiter": 100, "fatol": 1e-05, "xatol": 1e-10, "duration": 0.03585314750671387, "fun": "0.1472857870837181", "nit": "100", "nfev": "164", "status": "2", "success": "False", "message": "Maximum number of iterations has been exceeded.", "x": "[0.51540652 2.22737332 4.41436382 0.86988557 9.51241769 0.8068189 ]", "final_simplex": "(array([[0.51540652, 2.22737332, 4.41436382, 0.86988557, 9.51241769,\n        0.8068189 ],\n       [0.52090653, 2.24492471, 4.3536622 , 0.81484939, 9.5723078 ,\n        0.80612207],\n       [0.51362005, 2.22261552, 4.40044319, 0.84835587, 9.46991928,\n        0.86417521],\n       [0.51768315, 2.22610804, 4.39353989, 0.84061968, 9.52115092,\n        0.81499901],\n       [0.50679618, 2.20923872, 4.41387071, 0.89130526, 9.52373251,\n        0.84953837],\n       [0.51031999, 2.22229487, 4.36718308, 0.88744837, 9.48445455,\n        0.84566279],\n       [0.50002356, 2.19109529, 4.40048721, 0.90092515, 9.46157464,\n        0.93988105]]), array([0.14728579, 0.14741137, 0.1475102 , 0.14792631, 0.14813068,\n       0.14815336, 0.14833297]))", "callback": [0.497664265092029, 0.4914349072497287, 0.3356716785466052, 0.31285446552488283, 0.2675384040933795, 0.20256781541013869, 0.15557788875998135, 0.14974207503144266, 0.14849475181856486]}, "2": {"maxiter": 100, "fatol": 1e-10, "xatol": 1e-05, "duration": 0.03535318374633789, "fun": "0.1472857870837181", "nit": "100", "nfev": "164", "status": "2", "success": "False", "message": "Maximum number of iterations has been exceeded.", "x": "[0.51540652 2.22737332 4.41436382 0.86988557 9.51241769 0.8068189 ]", "final_simplex": "(array([[0.51540652, 2.22737332, 4.41436382, 0.86988557, 9.51241769,\n        0.8068189 ],\n       [0.52090653, 2.24492471, 4.3536622 , 0.81484939, 9.5723078 ,\n        0.80612207],\n       [0.51362005, 2.22261552, 4.40044319, 0.84835587, 9.46991928,\n        0.86417521],\n       [0.51768315, 2.22610804, 4.39353989, 0.84061968, 9.52115092,\n        0.81499901],\n       [0.50679618, 2.20923872, 4.41387071, 0.89130526, 9.52373251,\n        0.84953837],\n       [0.51031999, 2.22229487, 4.36718308, 0.88744837, 9.48445455,\n        0.84566279],\n       [0.50002356, 2.19109529, 4.40048721, 0.90092515, 9.46157464,\n        0.93988105]]), array([0.14728579, 0.14741137, 0.1475102 , 0.14792631, 0.14813068,\n       0.14815336, 0.14833297]))", "callback": [0.497664265092029, 0.4914349072497287, 0.3356716785466052, 0.31285446552488283, 0.2675384040933795, 0.20256781541013869, 0.15557788875998135, 0.14974207503144266, 0.14849475181856486]}, "3": {"maxiter": 100, "fatol": 1e-10, "xatol": 1e-10, "duration": 0.03688502311706543, "fun": "0.1472857870837181", "nit": "100", "nfev": "164", "status": "2", "success": "False", "message": "Maximum number of iterations has been exceeded.", "x": "[0.51540652 2.22737332 4.41436382 0.86988557 9.51241769 0.8068189 ]", "final_simplex": "(array([[0.51540652, 2.22737332, 4.41436382, 0.86988557, 9.51241769,\n        0.8068189 ],\n       [0.52090653, 2.24492471, 4.3536622 , 0.81484939, 9.5723078 ,\n        0.80612207],\n       [0.51362005, 2.22261552, 4.40044319, 0.84835587, 9.46991928,\n        0.86417521],\n       [0.51768315, 2.22610804, 4.39353989, 0.84061968, 9.52115092,\n        0.81499901],\n       [0.50679618, 2.20923872, 4.41387071, 0.89130526, 9.52373251,\n        0.84953837],\n       [0.51031999, 2.22229487, 4.36718308, 0.88744837, 9.48445455,\n        0.84566279],\n       [0.50002356, 2.19109529, 4.40048721, 0.90092515, 9.46157464,\n        0.93988105]]), array([0.14728579, 0.14741137, 0.1475102 , 0.14792631, 0.14813068,\n       0.14815336, 0.14833297]))", "callback": [0.497664265092029, 0.4914349072497287, 0.3356716785466052, 0.31285446552488283, 0.2675384040933795, 0.20256781541013869, 0.15557788875998135, 0.14974207503144266, 0.14849475181856486]}, "4": {"maxiter": 500, "fatol": 1e-05, "xatol": 1e-05, "duration": 0.1769700050354004, "fun": "0.03827141280471136", "nit": "480", "nfev": "774", "status": "0", "success": "True", "message": "Optimization terminated successfully.", "x": "[1.06064112 3.45456993 3.63483623 0.96494457 9.08866486 1.24147311]", "final_simplex": "(array([[1.06064112, 3.45456993, 3.63483623, 0.96494457, 9.08866486,\n        1.24147311],\n       [1.06064216, 3.45457453, 3.63483442, 0.96494318, 9.088669  ,\n        1.24146909],\n       [1.06064089, 3.45456134, 3.63484038, 0.96494675, 9.08866261,\n        1.24147983],\n       [1.06064075, 3.45457194, 3.63483553, 0.9649455 , 9.08866624,\n        1.24147486],\n       [1.06064009, 3.45457023, 3.63483552, 0.96494702, 9.08866557,\n        1.24147607],\n       [1.06063928, 3.45456271, 3.63484129, 0.96494721, 9.08866185,\n        1.2414769 ],\n       [1.06063844, 3.45456916, 3.63483543, 0.96494208, 9.08867241,\n        1.24146769]]), array([0.03827141, 0.03827141, 0.03827141, 0.03827141, 0.03827141,\n       0.03827141, 0.03827141]))", "callback": [0.497664265092029, 0.4914349072497287, 0.3356716785466052, 0.31285446552488283, 0.2675384040933795, 0.20256781541013869, 0.15557788875998135, 0.14974207503144266, 0.14849475181856486, 0.14699114509555034, 0.1430796425763543, 0.13075765878306878, 0.11728470639281485, 0.10871659668567535, 0.09795388048691678, 0.09131866501836616, 0.0900142660636496, 0.08967480116665438, 0.08959689896396683, 0.08951529383440926, 0.08942495614854717, 0.08922344586804964, 0.08883220543913195, 0.08840185229398467, 0.08756576833427299, 0.08336716392951538, 0.07388624017173351, 0.05117021849709347, 0.04332022471929098, 0.040856053812801996, 0.039329185882619244, 0.038475405229365656, 0.03832459596018245, 0.03828194360296533, 0.038273095371418875, 0.03827163796852506, 0.03827146971599804, 0.0382714225951758, 0.03827141641276066, 0.03827141553483426, 0.03827141443548965, 0.03827141390143096, 0.03827141347999463, 0.03827141316466154, 0.03827141288041358, 0.03827141282006319, 0.03827141280761015, 0.03827141280471136]}, "5": {"maxiter": 500, "fatol": 1e-05, "xatol": 1e-10, "duration": 0.18398094177246094, "fun": "0.038271412803844385", "nit": "500", "nfev": "809", "status": "2", "success": "False", "message": "Maximum number of iterations has been exceeded.", "x": "[1.0606401  3.45456704 3.63483787 0.96494469 9.08866643 1.24147367]", "final_simplex": "(array([[1.0606401 , 3.45456704, 3.63483787, 0.96494469, 9.08866643,\n        1.24147367],\n       [1.06064017, 3.45456646, 3.63483837, 0.96494518, 9.08866547,\n        1.24147456],\n       [1.0606399 , 3.45456684, 3.63483822, 0.96494466, 9.08866624,\n        1.24147358],\n       [1.06064037, 3.45456779, 3.63483776, 0.96494453, 9.08866668,\n        1.24147317],\n       [1.06064046, 3.45456669, 3.6348383 , 0.96494456, 9.08866587,\n        1.24147384],\n       [1.06063991, 3.45456462, 3.63483925, 0.96494523, 9.08866557,\n        1.24147538],\n       [1.06064049, 3.4545677 , 3.63483762, 0.96494509, 9.08866571,\n        1.24147459]]), array([0.03827141, 0.03827141, 0.03827141, 0.03827141, 0.03827141,\n       0.03827141, 0.03827141]))", "callback": [0.497664265092029, 0.4914349072497287, 0.3356716785466052, 0.31285446552488283, 0.2675384040933795, 0.20256781541013869, 0.15557788875998135, 0.14974207503144266, 0.14849475181856486, 0.14699114509555034, 0.1430796425763543, 0.13075765878306878, 0.11728470639281485, 0.10871659668567535, 0.09795388048691678, 0.09131866501836616, 0.0900142660636496, 0.08967480116665438, 0.08959689896396683, 0.08951529383440926, 0.08942495614854717, 0.08922344586804964, 0.08883220543913195, 0.08840185229398467, 0.08756576833427299, 0.08336716392951538, 0.07388624017173351, 0.05117021849709347, 0.04332022471929098, 0.040856053812801996, 0.039329185882619244, 0.038475405229365656, 0.03832459596018245, 0.03828194360296533, 0.038273095371418875, 0.03827163796852506, 0.03827146971599804, 0.0382714225951758, 0.03827141641276066, 0.03827141553483426, 0.03827141443548965, 0.03827141390143096, 0.03827141347999463, 0.03827141316466154, 0.03827141288041358, 0.03827141282006319, 0.03827141280761015, 0.0382714128043844, 0.03827141280390722]}, "6": {"maxiter": 500, "fatol": 1e-10, "xatol": 1e-05, "duration": 0.16843414306640625, "fun": "0.03827141280471136", "nit": "480", "nfev": "774", "status": "0", "success": "True", "message": "Optimization terminated successfully.", "x": "[1.06064112 3.45456993 3.63483623 0.96494457 9.08866486 1.24147311]", "final_simplex": "(array([[1.06064112, 3.45456993, 3.63483623, 0.96494457, 9.08866486,\n        1.24147311],\n       [1.06064216, 3.45457453, 3.63483442, 0.96494318, 9.088669  ,\n        1.24146909],\n       [1.06064089, 3.45456134, 3.63484038, 0.96494675, 9.08866261,\n        1.24147983],\n       [1.06064075, 3.45457194, 3.63483553, 0.9649455 , 9.08866624,\n        1.24147486],\n       [1.06064009, 3.45457023, 3.63483552, 0.96494702, 9.08866557,\n        1.24147607],\n       [1.06063928, 3.45456271, 3.63484129, 0.96494721, 9.08866185,\n        1.2414769 ],\n       [1.06063844, 3.45456916, 3.63483543, 0.96494208, 9.08867241,\n        1.24146769]]), array([0.03827141, 0.03827141, 0.03827141, 0.03827141, 0.03827141,\n       0.03827141, 0.03827141]))", "callback": [0.497664265092029, 0.4914349072497287, 0.3356716785466052, 0.31285446552488283, 0.2675384040933795, 0.20256781541013869, 0.15557788875998135, 0.14974207503144266, 0.14849475181856486, 0.14699114509555034, 0.1430796425763543, 0.13075765878306878, 0.11728470639281485, 0.10871659668567535, 0.09795388048691678, 0.09131866501836616, 0.0900142660636496, 0.08967480116665438, 0.08959689896396683, 0.08951529383440926, 0.08942495614854717, 0.08922344586804964, 0.08883220543913195, 0.08840185229398467, 0.08756576833427299, 0.08336716392951538, 0.07388624017173351, 0.05117021849709347, 0.04332022471929098, 0.040856053812801996, 0.039329185882619244, 0.038475405229365656, 0.03832459596018245, 0.03828194360296533, 0.038273095371418875, 0.03827163796852506, 0.03827146971599804, 0.0382714225951758, 0.03827141641276066, 0.03827141553483426, 0.03827141443548965, 0.03827141390143096, 0.03827141347999463, 0.03827141316466154, 0.03827141288041358, 0.03827141282006319, 0.03827141280761015, 0.03827141280471136]}, "7": {"maxiter": 500, "fatol": 1e-10, "xatol": 1e-10, "duration": 0.17122983932495117, "fun": "0.038271412803844385", "nit": "500", "nfev": "809", "status": "2", "success": "False", "message": "Maximum number of iterations has been exceeded.", "x": "[1.0606401  3.45456704 3.63483787 0.96494469 9.08866643 1.24147367]", "final_simplex": "(array([[1.0606401 , 3.45456704, 3.63483787, 0.96494469, 9.08866643,\n        1.24147367],\n       [1.06064017, 3.45456646, 3.63483837, 0.96494518, 9.08866547,\n        1.24147456],\n       [1.0606399 , 3.45456684, 3.63483822, 0.96494466, 9.08866624,\n        1.24147358],\n       [1.06064037, 3.45456779, 3.63483776, 0.96494453, 9.08866668,\n        1.24147317],\n       [1.06064046, 3.45456669, 3.6348383 , 0.96494456, 9.08866587,\n        1.24147384],\n       [1.06063991, 3.45456462, 3.63483925, 0.96494523, 9.08866557,\n        1.24147538],\n       [1.06064049, 3.4545677 , 3.63483762, 0.96494509, 9.08866571,\n        1.24147459]]), array([0.03827141, 0.03827141, 0.03827141, 0.03827141, 0.03827141,\n       0.03827141, 0.03827141]))", "callback": [0.497664265092029, 0.4914349072497287, 0.3356716785466052, 0.31285446552488283, 0.2675384040933795, 0.20256781541013869, 0.15557788875998135, 0.14974207503144266, 0.14849475181856486, 0.14699114509555034, 0.1430796425763543, 0.13075765878306878, 0.11728470639281485, 0.10871659668567535, 0.09795388048691678, 0.09131866501836616, 0.0900142660636496, 0.08967480116665438, 0.08959689896396683, 0.08951529383440926, 0.08942495614854717, 0.08922344586804964, 0.08883220543913195, 0.08840185229398467, 0.08756576833427299, 0.08336716392951538, 0.07388624017173351, 0.05117021849709347, 0.04332022471929098, 0.040856053812801996, 0.039329185882619244, 0.038475405229365656, 0.03832459596018245, 0.03828194360296533, 0.038273095371418875, 0.03827163796852506, 0.03827146971599804, 0.0382714225951758, 0.03827141641276066, 0.03827141553483426, 0.03827141443548965, 0.03827141390143096, 0.03827141347999463, 0.03827141316466154, 0.03827141288041358, 0.03827141282006319, 0.03827141280761015, 0.0382714128043844, 0.03827141280390722]}, "8": {"maxiter": 1000, "fatol": 1e-05, "xatol": 1e-05, "duration": 0.1668837070465088, "fun": "0.03827141280471136", "nit": "480", "nfev": "774", "status": "0", "success": "True", "message": "Optimization terminated successfully.", "x": "[1.06064112 3.45456993 3.63483623 0.96494457 9.08866486 1.24147311]", "final_simplex": "(array([[1.06064112, 3.45456993, 3.63483623, 0.96494457, 9.08866486,\n        1.24147311],\n       [1.06064216, 3.45457453, 3.63483442, 0.96494318, 9.088669  ,\n        1.24146909],\n       [1.06064089, 3.45456134, 3.63484038, 0.96494675, 9.08866261,\n        1.24147983],\n       [1.06064075, 3.45457194, 3.63483553, 0.9649455 , 9.08866624,\n        1.24147486],\n       [1.06064009, 3.45457023, 3.63483552, 0.96494702, 9.08866557,\n        1.24147607],\n       [1.06063928, 3.45456271, 3.63484129, 0.96494721, 9.08866185,\n        1.2414769 ],\n       [1.06063844, 3.45456916, 3.63483543, 0.96494208, 9.08867241,\n        1.24146769]]), array([0.03827141, 0.03827141, 0.03827141, 0.03827141, 0.03827141,\n       0.03827141, 0.03827141]))", "callback": [0.497664265092029, 0.4914349072497287, 0.3356716785466052, 0.31285446552488283, 0.2675384040933795, 0.20256781541013869, 0.15557788875998135, 0.14974207503144266, 0.14849475181856486, 0.14699114509555034, 0.1430796425763543, 0.13075765878306878, 0.11728470639281485, 0.10871659668567535, 0.09795388048691678, 0.09131866501836616, 0.0900142660636496, 0.08967480116665438, 0.08959689896396683, 0.08951529383440926, 0.08942495614854717, 0.08922344586804964, 0.08883220543913195, 0.08840185229398467, 0.08756576833427299, 0.08336716392951538, 0.07388624017173351, 0.05117021849709347, 0.04332022471929098, 0.040856053812801996, 0.039329185882619244, 0.038475405229365656, 0.03832459596018245, 0.03828194360296533, 0.038273095371418875, 0.03827163796852506, 0.03827146971599804, 0.0382714225951758, 0.03827141641276066, 0.03827141553483426, 0.03827141443548965, 0.03827141390143096, 0.03827141347999463, 0.03827141316466154, 0.03827141288041358, 0.03827141282006319, 0.03827141280761015, 0.03827141280471136]}, "9": {"maxiter": 1000, "fatol": 1e-05, "xatol": 1e-10, "duration": 0.2138218879699707, "fun": "0.03827141280382551", "nit": "567", "nfev": "979", "status": "0", "success": "True", "message": "Optimization terminated successfully.", "x": "[1.06064013 3.45456654 3.6348383  0.96494488 9.08866594 1.2414743 ]", "final_simplex": "(array([[1.06064013, 3.45456654, 3.6348383 , 0.96494488, 9.08866594,\n        1.2414743 ],\n       [1.06064013, 3.45456654, 3.6348383 , 0.96494488, 9.08866594,\n        1.2414743 ],\n       [1.06064013, 3.45456654, 3.6348383 , 0.96494488, 9.08866594,\n        1.2414743 ],\n       [1.06064013, 3.45456654, 3.6348383 , 0.96494488, 9.08866594,\n        1.2414743 ],\n       [1.06064013, 3.45456654, 3.6348383 , 0.96494488, 9.08866594,\n        1.2414743 ],\n       [1.06064013, 3.45456654, 3.6348383 , 0.96494488, 9.08866594,\n        1.2414743 ],\n       [1.06064013, 3.45456654, 3.6348383 , 0.96494488, 9.08866594,\n        1.2414743 ]]), array([0.03827141, 0.03827141, 0.03827141, 0.03827141, 0.03827141,\n       0.03827141, 0.03827141]))", "callback": [0.497664265092029, 0.4914349072497287, 0.3356716785466052, 0.31285446552488283, 0.2675384040933795, 0.20256781541013869, 0.15557788875998135, 0.14974207503144266, 0.14849475181856486, 0.14699114509555034, 0.1430796425763543, 0.13075765878306878, 0.11728470639281485, 0.10871659668567535, 0.09795388048691678, 0.09131866501836616, 0.0900142660636496, 0.08967480116665438, 0.08959689896396683, 0.08951529383440926, 0.08942495614854717, 0.08922344586804964, 0.08883220543913195, 0.08840185229398467, 0.08756576833427299, 0.08336716392951538, 0.07388624017173351, 0.05117021849709347, 0.04332022471929098, 0.040856053812801996, 0.039329185882619244, 0.038475405229365656, 0.03832459596018245, 0.03828194360296533, 0.038273095371418875, 0.03827163796852506, 0.03827146971599804, 0.0382714225951758, 0.03827141641276066, 0.03827141553483426, 0.03827141443548965, 0.03827141390143096, 0.03827141347999463, 0.03827141316466154, 0.03827141288041358, 0.03827141282006319, 0.03827141280761015, 0.0382714128043844, 0.03827141280390722, 0.0382714128038395, 0.03827141280382795, 0.03827141280382662, 0.038271412803825955, 0.03827141280382551, 0.03827141280382551, 0.03827141280382551]}, "10": {"maxiter": 1000, "fatol": 1e-10, "xatol": 1e-05, "duration": 0.18454885482788086, "fun": "0.03827141280471136", "nit": "480", "nfev": "774", "status": "0", "success": "True", "message": "Optimization terminated successfully.", "x": "[1.06064112 3.45456993 3.63483623 0.96494457 9.08866486 1.24147311]", "final_simplex": "(array([[1.06064112, 3.45456993, 3.63483623, 0.96494457, 9.08866486,\n        1.24147311],\n       [1.06064216, 3.45457453, 3.63483442, 0.96494318, 9.088669  ,\n        1.24146909],\n       [1.06064089, 3.45456134, 3.63484038, 0.96494675, 9.08866261,\n        1.24147983],\n       [1.06064075, 3.45457194, 3.63483553, 0.9649455 , 9.08866624,\n        1.24147486],\n       [1.06064009, 3.45457023, 3.63483552, 0.96494702, 9.08866557,\n        1.24147607],\n       [1.06063928, 3.45456271, 3.63484129, 0.96494721, 9.08866185,\n        1.2414769 ],\n       [1.06063844, 3.45456916, 3.63483543, 0.96494208, 9.08867241,\n        1.24146769]]), array([0.03827141, 0.03827141, 0.03827141, 0.03827141, 0.03827141,\n       0.03827141, 0.03827141]))", "callback": [0.497664265092029, 0.4914349072497287, 0.3356716785466052, 0.31285446552488283, 0.2675384040933795, 0.20256781541013869, 0.15557788875998135, 0.14974207503144266, 0.14849475181856486, 0.14699114509555034, 0.1430796425763543, 0.13075765878306878, 0.11728470639281485, 0.10871659668567535, 0.09795388048691678, 0.09131866501836616, 0.0900142660636496, 0.08967480116665438, 0.08959689896396683, 0.08951529383440926, 0.08942495614854717, 0.08922344586804964, 0.08883220543913195, 0.08840185229398467, 0.08756576833427299, 0.08336716392951538, 0.07388624017173351, 0.05117021849709347, 0.04332022471929098, 0.040856053812801996, 0.039329185882619244, 0.038475405229365656, 0.03832459596018245, 0.03828194360296533, 0.038273095371418875, 0.03827163796852506, 0.03827146971599804, 0.0382714225951758, 0.03827141641276066, 0.03827141553483426, 0.03827141443548965, 0.03827141390143096, 0.03827141347999463, 0.03827141316466154, 0.03827141288041358, 0.03827141282006319, 0.03827141280761015, 0.03827141280471136]}, "11": {"maxiter": 1000, "fatol": 1e-10, "xatol": 1e-10, "duration": 0.2436838150024414, "fun": "0.03827141280382551", "nit": "567", "nfev": "979", "status": "0", "success": "True", "message": "Optimization terminated successfully.", "x": "[1.06064013 3.45456654 3.6348383  0.96494488 9.08866594 1.2414743 ]", "final_simplex": "(array([[1.06064013, 3.45456654, 3.6348383 , 0.96494488, 9.08866594,\n        1.2414743 ],\n       [1.06064013, 3.45456654, 3.6348383 , 0.96494488, 9.08866594,\n        1.2414743 ],\n       [1.06064013, 3.45456654, 3.6348383 , 0.96494488, 9.08866594,\n        1.2414743 ],\n       [1.06064013, 3.45456654, 3.6348383 , 0.96494488, 9.08866594,\n        1.2414743 ],\n       [1.06064013, 3.45456654, 3.6348383 , 0.96494488, 9.08866594,\n        1.2414743 ],\n       [1.06064013, 3.45456654, 3.6348383 , 0.96494488, 9.08866594,\n        1.2414743 ],\n       [1.06064013, 3.45456654, 3.6348383 , 0.96494488, 9.08866594,\n        1.2414743 ]]), array([0.03827141, 0.03827141, 0.03827141, 0.03827141, 0.03827141,\n       0.03827141, 0.03827141]))", "callback": [0.497664265092029, 0.4914349072497287, 0.3356716785466052, 0.31285446552488283, 0.2675384040933795, 0.20256781541013869, 0.15557788875998135, 0.14974207503144266, 0.14849475181856486, 0.14699114509555034, 0.1430796425763543, 0.13075765878306878, 0.11728470639281485, 0.10871659668567535, 0.09795388048691678, 0.09131866501836616, 0.0900142660636496, 0.08967480116665438, 0.08959689896396683, 0.08951529383440926, 0.08942495614854717, 0.08922344586804964, 0.08883220543913195, 0.08840185229398467, 0.08756576833427299, 0.08336716392951538, 0.07388624017173351, 0.05117021849709347, 0.04332022471929098, 0.040856053812801996, 0.039329185882619244, 0.038475405229365656, 0.03832459596018245, 0.03828194360296533, 0.038273095371418875, 0.03827163796852506, 0.03827146971599804, 0.0382714225951758, 0.03827141641276066, 0.03827141553483426, 0.03827141443548965, 0.03827141390143096, 0.03827141347999463, 0.03827141316466154, 0.03827141288041358, 0.03827141282006319, 0.03827141280761015, 0.0382714128043844, 0.03827141280390722, 0.0382714128038395, 0.03827141280382795, 0.03827141280382662, 0.038271412803825955, 0.03827141280382551, 0.03827141280382551, 0.03827141280382551]}}, "bfgs": {"type": "gradient", "0": {"maxiter": 100, "gtol": 1e-05, "xrtol": 1e-05, "eps": 1e-05, "duration": 0.06309080123901367, "fun": "0.03827141283627056", "jac": "[ 1.02018394e-07 -2.86326518e-08  1.71307413e-08  4.22339941e-07\n -4.08750811e-07  5.63993297e-09]", "hess_inv": "[[ 3.24649705  1.30063144 -0.45489922  0.29488402  1.41343626  0.50310757]\n [ 1.30063144  4.18880192 -1.39883521 -1.36895111  1.04613872  2.0671949 ]\n [-0.45489922 -1.39883521  2.69406438  0.56786881 -0.3880437  -2.02594142]\n [ 0.29488402 -1.36895111  0.56786881  6.55110299  0.77484726 -2.65943633]\n [ 1.41343626  1.04613872 -0.3880437   0.77484726  2.35244302 -0.47617199]\n [ 0.50310757  2.0671949  -2.02594142 -2.65943633 -0.47617199  3.74902043]]", "nfev": "224", "njev": "32", "status": "0", "success": "True", "message": "Optimization terminated successfully.", "x": "[-1.14531519 -0.72257266  7.39406918  4.62434421  5.77418905 -1.25010643]", "nit": "24", "callback": [0.1358465763136505, 0.03827597239655034]}, "1": {"maxiter": 100, "gtol": 1e-05, "xrtol": 1e-05, "eps": 1e-10, "duration": 0.06309390068054199, "fun": "0.03827141294823866", "jac": "[-4.44089173e-06 -3.33066880e-06 -8.88178346e-06 -3.33066880e-06\n  0.00000000e+00 -6.66133760e-06]", "hess_inv": "[[ 3.56065795  1.79219393 -0.52492706 -0.06574068  1.44214411  0.90514925]\n [ 1.79219393  4.46236974 -1.24374711 -1.01256213  1.34263228  2.0050395 ]\n [-0.52492706 -1.24374711  2.73301364  0.50113818 -0.47105374 -1.91020994]\n [-0.06574068 -1.01256213  0.50113818  5.77241413  0.27329661 -2.05277135]\n [ 1.44214411  1.34263228 -0.47105374  0.27329661  2.17426761 -0.07416408]\n [ 0.90514925  2.0050395  -1.91020994 -2.05277135 -0.07416408  3.39217713]]", "nfev": "224", "njev": "32", "status": "0", "success": "True", "message": "Optimization terminated successfully.", "x": "[-1.14539223 -0.72276606  7.39416455  4.62420636  5.77420233 -1.25000706]", "nit": "25", "callback": [0.1358676809641013, 0.03832309309792159]}, "2": {"maxiter": 100, "gtol": 1e-05, "xrtol": 1e-10, "eps": 1e-05, "duration": 0.06252431869506836, "fun": "0.03827141283627056", "jac": "[ 1.02018394e-07 -2.86326518e-08  1.71307413e-08  4.22339941e-07\n -4.08750811e-07  5.63993297e-09]", "hess_inv": "[[ 3.24649705  1.30063144 -0.45489922  0.29488402  1.41343626  0.50310757]\n [ 1.30063144  4.18880192 -1.39883521 -1.36895111  1.04613872  2.0671949 ]\n [-0.45489922 -1.39883521  2.69406438  0.56786881 -0.3880437  -2.02594142]\n [ 0.29488402 -1.36895111  0.56786881  6.55110299  0.77484726 -2.65943633]\n [ 1.41343626  1.04613872 -0.3880437   0.77484726  2.35244302 -0.47617199]\n [ 0.50310757  2.0671949  -2.02594142 -2.65943633 -0.47617199  3.74902043]]", "nfev": "224", "njev": "32", "status": "0", "success": "True", "message": "Optimization terminated successfully.", "x": "[-1.14531519 -0.72257266  7.39406918  4.62434421  5.77418905 -1.25010643]", "nit": "24", "callback": [0.1358465763136505, 0.03827597239655034]}, "3": {"maxiter": 100, "gtol": 1e-05, "xrtol": 1e-10, "eps": 1e-10, "duration": 0.05872988700866699, "fun": "0.03827141294823866", "jac": "[-4.44089173e-06 -3.33066880e-06 -8.88178346e-06 -3.33066880e-06\n  0.00000000e+00 -6.66133760e-06]", "hess_inv": "[[ 3.56065795  1.79219393 -0.52492706 -0.06574068  1.44214411  0.90514925]\n [ 1.79219393  4.46236974 -1.24374711 -1.01256213  1.34263228  2.0050395 ]\n [-0.52492706 -1.24374711  2.73301364  0.50113818 -0.47105374 -1.91020994]\n [-0.06574068 -1.01256213  0.50113818  5.77241413  0.27329661 -2.05277135]\n [ 1.44214411  1.34263228 -0.47105374  0.27329661  2.17426761 -0.07416408]\n [ 0.90514925  2.0050395  -1.91020994 -2.05277135 -0.07416408  3.39217713]]", "nfev": "224", "njev": "32", "status": "0", "success": "True", "message": "Optimization terminated successfully.", "x": "[-1.14539223 -0.72276606  7.39416455  4.62420636  5.77420233 -1.25000706]", "nit": "25", "callback": [0.1358676809641013, 0.03832309309792159]}, "4": {"maxiter": 100, "gtol": 1e-10, "xrtol": 1e-05, "eps": 1e-05, "duration": 0.05932903289794922, "fun": "0.03827141283627056", "jac": "[ 1.02018394e-07 -2.86326518e-08  1.71307413e-08  4.22339941e-07\n -4.08750811e-07  5.63993297e-09]", "hess_inv": "[[ 3.24649705  1.30063144 -0.45489922  0.29488402  1.41343626  0.50310757]\n [ 1.30063144  4.18880192 -1.39883521 -1.36895111  1.04613872  2.0671949 ]\n [-0.45489922 -1.39883521  2.69406438  0.56786881 -0.3880437  -2.02594142]\n [ 0.29488402 -1.36895111  0.56786881  6.55110299  0.77484726 -2.65943633]\n [ 1.41343626  1.04613872 -0.3880437   0.77484726  2.35244302 -0.47617199]\n [ 0.50310757  2.0671949  -2.02594142 -2.65943633 -0.47617199  3.74902043]]", "nfev": "224", "njev": "32", "status": "0", "success": "True", "message": "Optimization terminated successfully.", "x": "[-1.14531519 -0.72257266  7.39406918  4.62434421  5.77418905 -1.25010643]", "nit": "24", "callback": [0.1358465763136505, 0.03827597239655034]}, "5": {"maxiter": 100, "gtol": 1e-10, "xrtol": 1e-05, "eps": 1e-10, "duration": 0.06282329559326172, "fun": "0.03827141294823866", "jac": "[-4.44089173e-06 -3.33066880e-06 -8.88178346e-06 -3.33066880e-06\n  0.00000000e+00 -6.66133760e-06]", "hess_inv": "[[ 3.56065795  1.79219393 -0.52492706 -0.06574068  1.44214411  0.90514925]\n [ 1.79219393  4.46236974 -1.24374711 -1.01256213  1.34263228  2.0050395 ]\n [-0.52492706 -1.24374711  2.73301364  0.50113818 -0.47105374 -1.91020994]\n [-0.06574068 -1.01256213  0.50113818  5.77241413  0.27329661 -2.05277135]\n [ 1.44214411  1.34263228 -0.47105374  0.27329661  2.17426761 -0.07416408]\n [ 0.90514925  2.0050395  -1.91020994 -2.05277135 -0.07416408  3.39217713]]", "nfev": "224", "njev": "32", "status": "0", "success": "True", "message": "Optimization terminated successfully.", "x": "[-1.14539223 -0.72276606  7.39416455  4.62420636  5.77420233 -1.25000706]", "nit": "25", "callback": [0.1358676809641013, 0.03832309309792159]}, "6": {"maxiter": 100, "gtol": 1e-10, "xrtol": 1e-10, "eps": 1e-05, "duration": 0.1393420696258545, "fun": "0.03827141283425539", "jac": "[ 9.60342916e-08  3.21809246e-07 -1.26609834e-07 -4.61741756e-07\n  7.46624984e-08 -4.60387284e-07]", "hess_inv": "[[ 17.96783583  40.22386084 -22.91267089  41.4902433   -3.25223853\n  -27.99997966]\n [ 40.22386084 107.03164094 -60.70476468 107.41599641 -11.25873672\n  -73.21401482]\n [-22.91267089 -60.70476468  36.65694035 -60.87493908   6.45095018\n   40.88567513]\n [ 41.4902433  107.41599641 -60.87493908 114.00330207 -10.73481826\n  -79.26289686]\n [ -3.25223853 -11.25873672   6.45095018 -10.73481826   3.52509871\n    7.92999177]\n [-27.99997966 -73.21401482  40.88567513 -79.26289686   7.92999177\n   57.63578815]]", "nfev": "474", "njev": "66", "status": "2", "success": "False", "message": "Desired error not necessarily achieved due to precision loss.", "x": "[-1.14531734 -0.72257762  7.39407255  4.62433315  5.77419071 -1.25010027]", "nit": "29", "callback": [0.1358465763136505, 0.03827597239655034]}, "7": {"maxiter": 100, "gtol": 1e-10, "xrtol": 1e-10, "eps": 1e-10, "duration": 0.08771729469299316, "fun": "0.03827141280749091", "jac": "[ 1.11022293e-06 -1.11022293e-06  1.11022293e-06  1.11022293e-06\n  0.00000000e+00  2.22044587e-06]", "hess_inv": "[[ 6.72433593  0.02545082  4.76726816  1.56879224  1.6311922  -3.11973857]\n [ 0.02545082  1.6426318   0.38940754  0.38700143  0.53085339 -0.60975216]\n [ 4.76726816  0.38940754  4.59400977  0.63184227  1.75668998 -2.70028968]\n [ 1.56879224  0.38700143  0.63184227  1.36424772  0.279513   -0.69924321]\n [ 1.6311922   0.53085339  1.75668998  0.279513    1.13521416 -1.04108115]\n [-3.11973857 -0.60975216 -2.70028968 -0.69924321 -1.04108115  1.96749031]]", "nfev": "322", "njev": "46", "status": "0", "success": "True", "message": "Optimization terminated successfully.", "x": "[-1.14537158 -0.72274694  7.39416389  4.62421034  5.77421211 -1.24999536]", "nit": "31", "callback": [0.1358676809641013, 0.03832309309792159, 0.03827141280749102]}, "8": {"maxiter": 500, "gtol": 1e-05, "xrtol": 1e-05, "eps": 1e-05, "duration": 0.06742024421691895, "fun": "0.03827141283627056", "jac": "[ 1.02018394e-07 -2.86326518e-08  1.71307413e-08  4.22339941e-07\n -4.08750811e-07  5.63993297e-09]", "hess_inv": "[[ 3.24649705  1.30063144 -0.45489922  0.29488402  1.41343626  0.50310757]\n [ 1.30063144  4.18880192 -1.39883521 -1.36895111  1.04613872  2.0671949 ]\n [-0.45489922 -1.39883521  2.69406438  0.56786881 -0.3880437  -2.02594142]\n [ 0.29488402 -1.36895111  0.56786881  6.55110299  0.77484726 -2.65943633]\n [ 1.41343626  1.04613872 -0.3880437   0.77484726  2.35244302 -0.47617199]\n [ 0.50310757  2.0671949  -2.02594142 -2.65943633 -0.47617199  3.74902043]]", "nfev": "224", "njev": "32", "status": "0", "success": "True", "message": "Optimization terminated successfully.", "x": "[-1.14531519 -0.72257266  7.39406918  4.62434421  5.77418905 -1.25010643]", "nit": "24", "callback": [0.1358465763136505, 0.03827597239655034]}, "9": {"maxiter": 500, "gtol": 1e-05, "xrtol": 1e-05, "eps": 1e-10, "duration": 0.06111407279968262, "fun": "0.03827141294823866", "jac": "[-4.44089173e-06 -3.33066880e-06 -8.88178346e-06 -3.33066880e-06\n  0.00000000e+00 -6.66133760e-06]", "hess_inv": "[[ 3.56065795  1.79219393 -0.52492706 -0.06574068  1.44214411  0.90514925]\n [ 1.79219393  4.46236974 -1.24374711 -1.01256213  1.34263228  2.0050395 ]\n [-0.52492706 -1.24374711  2.73301364  0.50113818 -0.47105374 -1.91020994]\n [-0.06574068 -1.01256213  0.50113818  5.77241413  0.27329661 -2.05277135]\n [ 1.44214411  1.34263228 -0.47105374  0.27329661  2.17426761 -0.07416408]\n [ 0.90514925  2.0050395  -1.91020994 -2.05277135 -0.07416408  3.39217713]]", "nfev": "224", "njev": "32", "status": "0", "success": "True", "message": "Optimization terminated successfully.", "x": "[-1.14539223 -0.72276606  7.39416455  4.62420636  5.77420233 -1.25000706]", "nit": "25", "callback": [0.1358676809641013, 0.03832309309792159]}, "10": {"maxiter": 500, "gtol": 1e-05, "xrtol": 1e-10, "eps": 1e-05, "duration": 0.05523490905761719, "fun": "0.03827141283627056", "jac": "[ 1.02018394e-07 -2.86326518e-08  1.71307413e-08  4.22339941e-07\n -4.08750811e-07  5.63993297e-09]", "hess_inv": "[[ 3.24649705  1.30063144 -0.45489922  0.29488402  1.41343626  0.50310757]\n [ 1.30063144  4.18880192 -1.39883521 -1.36895111  1.04613872  2.0671949 ]\n [-0.45489922 -1.39883521  2.69406438  0.56786881 -0.3880437  -2.02594142]\n [ 0.29488402 -1.36895111  0.56786881  6.55110299  0.77484726 -2.65943633]\n [ 1.41343626  1.04613872 -0.3880437   0.77484726  2.35244302 -0.47617199]\n [ 0.50310757  2.0671949  -2.02594142 -2.65943633 -0.47617199  3.74902043]]", "nfev": "224", "njev": "32", "status": "0", "success": "True", "message": "Optimization terminated successfully.", "x": "[-1.14531519 -0.72257266  7.39406918  4.62434421  5.77418905 -1.25010643]", "nit": "24", "callback": [0.1358465763136505, 0.03827597239655034]}, "11": {"maxiter": 500, "gtol": 1e-05, "xrtol": 1e-10, "eps": 1e-10, "duration": 0.059266090393066406, "fun": "0.03827141294823866", "jac": "[-4.44089173e-06 -3.33066880e-06 -8.88178346e-06 -3.33066880e-06\n  0.00000000e+00 -6.66133760e-06]", "hess_inv": "[[ 3.56065795  1.79219393 -0.52492706 -0.06574068  1.44214411  0.90514925]\n [ 1.79219393  4.46236974 -1.24374711 -1.01256213  1.34263228  2.0050395 ]\n [-0.52492706 -1.24374711  2.73301364  0.50113818 -0.47105374 -1.91020994]\n [-0.06574068 -1.01256213  0.50113818  5.77241413  0.27329661 -2.05277135]\n [ 1.44214411  1.34263228 -0.47105374  0.27329661  2.17426761 -0.07416408]\n [ 0.90514925  2.0050395  -1.91020994 -2.05277135 -0.07416408  3.39217713]]", "nfev": "224", "njev": "32", "status": "0", "success": "True", "message": "Optimization terminated successfully.", "x": "[-1.14539223 -0.72276606  7.39416455  4.62420636  5.77420233 -1.25000706]", "nit": "25", "callback": [0.1358676809641013, 0.03832309309792159]}, "12": {"maxiter": 500, "gtol": 1e-10, "xrtol": 1e-05, "eps": 1e-05, "duration": 0.058023929595947266, "fun": "0.03827141283627056", "jac": "[ 1.02018394e-07 -2.86326518e-08  1.71307413e-08  4.22339941e-07\n -4.08750811e-07  5.63993297e-09]", "hess_inv": "[[ 3.24649705  1.30063144 -0.45489922  0.29488402  1.41343626  0.50310757]\n [ 1.30063144  4.18880192 -1.39883521 -1.36895111  1.04613872  2.0671949 ]\n [-0.45489922 -1.39883521  2.69406438  0.56786881 -0.3880437  -2.02594142]\n [ 0.29488402 -1.36895111  0.56786881  6.55110299  0.77484726 -2.65943633]\n [ 1.41343626  1.04613872 -0.3880437   0.77484726  2.35244302 -0.47617199]\n [ 0.50310757  2.0671949  -2.02594142 -2.65943633 -0.47617199  3.74902043]]", "nfev": "224", "njev": "32", "status": "0", "success": "True", "message": "Optimization terminated successfully.", "x": "[-1.14531519 -0.72257266  7.39406918  4.62434421  5.77418905 -1.25010643]", "nit": "24", "callback": [0.1358465763136505, 0.03827597239655034]}, "13": {"maxiter": 500, "gtol": 1e-10, "xrtol": 1e-05, "eps": 1e-10, "duration": 0.06565499305725098, "fun": "0.03827141294823866", "jac": "[-4.44089173e-06 -3.33066880e-06 -8.88178346e-06 -3.33066880e-06\n  0.00000000e+00 -6.66133760e-06]", "hess_inv": "[[ 3.56065795  1.79219393 -0.52492706 -0.06574068  1.44214411  0.90514925]\n [ 1.79219393  4.46236974 -1.24374711 -1.01256213  1.34263228  2.0050395 ]\n [-0.52492706 -1.24374711  2.73301364  0.50113818 -0.47105374 -1.91020994]\n [-0.06574068 -1.01256213  0.50113818  5.77241413  0.27329661 -2.05277135]\n [ 1.44214411  1.34263228 -0.47105374  0.27329661  2.17426761 -0.07416408]\n [ 0.90514925  2.0050395  -1.91020994 -2.05277135 -0.07416408  3.39217713]]", "nfev": "224", "njev": "32", "status": "0", "success": "True", "message": "Optimization terminated successfully.", "x": "[-1.14539223 -0.72276606  7.39416455  4.62420636  5.77420233 -1.25000706]", "nit": "25", "callback": [0.1358676809641013, 0.03832309309792159]}, "14": {"maxiter": 500, "gtol": 1e-10, "xrtol": 1e-10, "eps": 1e-05, "duration": 0.1262378692626953, "fun": "0.03827141283425539", "jac": "[ 9.60342916e-08  3.21809246e-07 -1.26609834e-07 -4.61741756e-07\n  7.46624984e-08 -4.60387284e-07]", "hess_inv": "[[ 17.96783583  40.22386084 -22.91267089  41.4902433   -3.25223853\n  -27.99997966]\n [ 40.22386084 107.03164094 -60.70476468 107.41599641 -11.25873672\n  -73.21401482]\n [-22.91267089 -60.70476468  36.65694035 -60.87493908   6.45095018\n   40.88567513]\n [ 41.4902433  107.41599641 -60.87493908 114.00330207 -10.73481826\n  -79.26289686]\n [ -3.25223853 -11.25873672   6.45095018 -10.73481826   3.52509871\n    7.92999177]\n [-27.99997966 -73.21401482  40.88567513 -79.26289686   7.92999177\n   57.63578815]]", "nfev": "474", "njev": "66", "status": "2", "success": "False", "message": "Desired error not necessarily achieved due to precision loss.", "x": "[-1.14531734 -0.72257762  7.39407255  4.62433315  5.77419071 -1.25010027]", "nit": "29", "callback": [0.1358465763136505, 0.03827597239655034]}, "15": {"maxiter": 500, "gtol": 1e-10, "xrtol": 1e-10, "eps": 1e-10, "duration": 0.08713722229003906, "fun": "0.03827141280749091", "jac": "[ 1.11022293e-06 -1.11022293e-06  1.11022293e-06  1.11022293e-06\n  0.00000000e+00  2.22044587e-06]", "hess_inv": "[[ 6.72433593  0.02545082  4.76726816  1.56879224  1.6311922  -3.11973857]\n [ 0.02545082  1.6426318   0.38940754  0.38700143  0.53085339 -0.60975216]\n [ 4.76726816  0.38940754  4.59400977  0.63184227  1.75668998 -2.70028968]\n [ 1.56879224  0.38700143  0.63184227  1.36424772  0.279513   -0.69924321]\n [ 1.6311922   0.53085339  1.75668998  0.279513    1.13521416 -1.04108115]\n [-3.11973857 -0.60975216 -2.70028968 -0.69924321 -1.04108115  1.96749031]]", "nfev": "322", "njev": "46", "status": "0", "success": "True", "message": "Optimization terminated successfully.", "x": "[-1.14537158 -0.72274694  7.39416389  4.62421034  5.77421211 -1.24999536]", "nit": "31", "callback": [0.1358676809641013, 0.03832309309792159, 0.03827141280749102]}, "16": {"maxiter": 1000, "gtol": 1e-05, "xrtol": 1e-05, "eps": 1e-05, "duration": 0.06450104713439941, "fun": "0.03827141283627056", "jac": "[ 1.02018394e-07 -2.86326518e-08  1.71307413e-08  4.22339941e-07\n -4.08750811e-07  5.63993297e-09]", "hess_inv": "[[ 3.24649705  1.30063144 -0.45489922  0.29488402  1.41343626  0.50310757]\n [ 1.30063144  4.18880192 -1.39883521 -1.36895111  1.04613872  2.0671949 ]\n [-0.45489922 -1.39883521  2.69406438  0.56786881 -0.3880437  -2.02594142]\n [ 0.29488402 -1.36895111  0.56786881  6.55110299  0.77484726 -2.65943633]\n [ 1.41343626  1.04613872 -0.3880437   0.77484726  2.35244302 -0.47617199]\n [ 0.50310757  2.0671949  -2.02594142 -2.65943633 -0.47617199  3.74902043]]", "nfev": "224", "njev": "32", "status": "0", "success": "True", "message": "Optimization terminated successfully.", "x": "[-1.14531519 -0.72257266  7.39406918  4.6243