{"date": "2024/09/23/, 14:33:41", "conf_id": 16, "data_type": "random\n", "num_data_points": 1, "s_rank": 0, "unitary": "[[-0.56303964-0.00798273j,-0.21670212-0.15784972j,-0.06047197-0.73952673j,-0.01438004+0.24552571j],[-0.06976756+0.23474685j,-0.01275565-0.5435098j,-0.02703657-0.08917885j,-0.08210486-0.79311774j],[-0.38559961+0.10714929j,0.5933431-0.2687392j,-0.24060861+0.29149289j,-0.45147719+0.26241743j],[-0.50180421+0.45931857j,-0.11617175+0.44134496j,0.49642745+0.22684508j,-0.08544628-0.15407063j]]", "databatch_0": {"databatch": "[[[-0.0614879+0.00321898j,0.04280336+0.10074511j,-0.29405908-0.0369363j,-0.17410045-0.18110969j],[0.16784124+0.22723763j,-0.33304912+0.28476402j,0.05144488-0.09289161j,-0.01366117+0.15559987j],[-0.06549786-0.07868375j,-0.03657885-0.23616318j,-0.25114759-0.18958824j,0.14527834+0.32905069j],[0.0899245-0.06833849j,-0.15307423-0.05119806j,-0.20134536-0.21892521j,-0.24932107-0.20089137j]]]", "initial param values": "[0.90019321,6.02183595,5.06546652,5.50695189,3.71757181,3.52450978]", "nelder_mead": {"type": "gradient-free", "0": {"maxiter": 100, "fatol": 1e-05, "xatol": 1e-05, "duration": 0.038393259048461914, "fun": "0.40379461012171014", "nit": "100", "nfev": "154", "status": "2", "success": "False", "message": "Maximum number of iterations has been exceeded.", "x": "[1.96083856 5.55733438 6.20495158 2.83937407 1.73585774 0.70303819]", "final_simplex": "(array([[1.96083856, 5.55733438, 6.20495158, 2.83937407, 1.73585774,\n        0.70303819],\n       [2.01354268, 5.71990816, 6.18474272, 2.81758131, 1.66978586,\n        0.55326633],\n       [1.97992228, 5.60951871, 6.12013226, 2.66451517, 1.91281489,\n        0.8364325 ],\n       [1.87697741, 5.64625469, 6.27511726, 2.93876899, 1.91732047,\n        0.80856681],\n       [2.06188042, 5.64983237, 6.01456973, 2.85393574, 1.67521824,\n        0.50492039],\n       [1.97567948, 5.81372613, 6.23035651, 2.7822028 , 1.7761519 ,\n        0.51862209],\n       [2.00252543, 5.68484058, 6.40085581, 2.81075121, 1.60660513,\n        0.34630346]]), array([0.40379461, 0.4042229 , 0.40639077, 0.40706169, 0.41045251,\n       0.41277022, 0.41449393]))", "callback": [0.7134735514247971, 0.5951327986499375, 0.5428008356586466, 0.527404142431423, 0.5203146835408043, 0.49919707662127943, 0.4511752719174005, 0.4299700328221593, 0.4147757451888321]}, "1": {"maxiter": 100, "fatol": 1e-05, "xatol": 1e-10, "duration": 0.037567138671875, "fun": "0.40379461012171014", "nit": "100", "nfev": "154", "status": "2", "success": "False", "message": "Maximum number of iterations has been exceeded.", "x": "[1.96083856 5.55733438 6.20495158 2.83937407 1.73585774 0.70303819]", "final_simplex": "(array([[1.96083856, 5.55733438, 6.20495158, 2.83937407, 1.73585774,\n        0.70303819],\n       [2.01354268, 5.71990816, 6.18474272, 2.81758131, 1.66978586,\n        0.55326633],\n       [1.97992228, 5.60951871, 6.12013226, 2.66451517, 1.91281489,\n        0.8364325 ],\n       [1.87697741, 5.64625469, 6.27511726, 2.93876899, 1.91732047,\n        0.80856681],\n       [2.06188042, 5.64983237, 6.01456973, 2.85393574, 1.67521824,\n        0.50492039],\n       [1.97567948, 5.81372613, 6.23035651, 2.7822028 , 1.7761519 ,\n        0.51862209],\n       [2.00252543, 5.68484058, 6.40085581, 2.81075121, 1.60660513,\n        0.34630346]]), array([0.40379461, 0.4042229 , 0.40639077, 0.40706169, 0.41045251,\n       0.41277022, 0.41449393]))", "callback": [0.7134735514247971, 0.5951327986499375, 0.5428008356586466, 0.527404142431423, 0.5203146835408043, 0.49919707662127943, 0.4511752719174005, 0.4299700328221593, 0.4147757451888321]}, "2": {"maxiter": 100, "fatol": 1e-10, "xatol": 1e-05, "duration": 0.04623985290527344, "fun": "0.40379461012171014", "nit": "100", "nfev": "154", "status": "2", "success": "False", "message": "Maximum number of iterations has been exceeded.", "x": "[1.96083856 5.55733438 6.20495158 2.83937407 1.73585774 0.70303819]", "final_simplex": "(array([[1.96083856, 5.55733438, 6.20495158, 2.83937407, 1.73585774,\n        0.70303819],\n       [2.01354268, 5.71990816, 6.18474272, 2.81758131, 1.66978586,\n        0.55326633],\n       [1.97992228, 5.60951871, 6.12013226, 2.66451517, 1.91281489,\n        0.8364325 ],\n       [1.87697741, 5.64625469, 6.27511726, 2.93876899, 1.91732047,\n        0.80856681],\n       [2.06188042, 5.64983237, 6.01456973, 2.85393574, 1.67521824,\n        0.50492039],\n       [1.97567948, 5.81372613, 6.23035651, 2.7822028 , 1.7761519 ,\n        0.51862209],\n       [2.00252543, 5.68484058, 6.40085581, 2.81075121, 1.60660513,\n        0.34630346]]), array([0.40379461, 0.4042229 , 0.40639077, 0.40706169, 0.41045251,\n       0.41277022, 0.41449393]))", "callback": [0.7134735514247971, 0.5951327986499375, 0.5428008356586466, 0.527404142431423, 0.5203146835408043, 0.49919707662127943, 0.4511752719174005, 0.4299700328221593, 0.4147757451888321]}, "3": {"maxiter": 100, "fatol": 1e-10, "xatol": 1e-10, "duration": 0.03836488723754883, "fun": "0.40379461012171014", "nit": "100", "nfev": "154", "status": "2", "success": "False", "message": "Maximum number of iterations has been exceeded.", "x": "[1.96083856 5.55733438 6.20495158 2.83937407 1.73585774 0.70303819]", "final_simplex": "(array([[1.96083856, 5.55733438, 6.20495158, 2.83937407, 1.73585774,\n        0.70303819],\n       [2.01354268, 5.71990816, 6.18474272, 2.81758131, 1.66978586,\n        0.55326633],\n       [1.97992228, 5.60951871, 6.12013226, 2.66451517, 1.91281489,\n        0.8364325 ],\n       [1.87697741, 5.64625469, 6.27511726, 2.93876899, 1.91732047,\n        0.80856681],\n       [2.06188042, 5.64983237, 6.01456973, 2.85393574, 1.67521824,\n        0.50492039],\n       [1.97567948, 5.81372613, 6.23035651, 2.7822028 , 1.7761519 ,\n        0.51862209],\n       [2.00252543, 5.68484058, 6.40085581, 2.81075121, 1.60660513,\n        0.34630346]]), array([0.40379461, 0.4042229 , 0.40639077, 0.40706169, 0.41045251,\n       0.41277022, 0.41449393]))", "callback": [0.7134735514247971, 0.5951327986499375, 0.5428008356586466, 0.527404142431423, 0.5203146835408043, 0.49919707662127943, 0.4511752719174005, 0.4299700328221593, 0.4147757451888321]}, "4": {"maxiter": 500, "fatol": 1e-05, "xatol": 1e-05, "duration": 0.1624298095703125, "fun": "0.3380915979699044", "nit": "425", "nfev": "669", "status": "0", "success": "True", "message": "Optimization terminated successfully.", "x": "[2.55151858 4.66210857 5.31896338 2.12345632 2.92451395 2.01208918]", "final_simplex": "(array([[2.55151858, 4.66210857, 5.31896338, 2.12345632, 2.92451395,\n        2.01208918],\n       [2.55152106, 4.66210062, 5.31895736, 2.1234536 , 2.92451307,\n        2.01208771],\n       [2.55152049, 4.6621092 , 5.31896892, 2.12346095, 2.92451382,\n        2.01209025],\n       [2.55151652, 4.6621032 , 5.31895897, 2.12345822, 2.92451485,\n        2.01208784],\n       [2.55152317, 4.66210604, 5.31896358, 2.12345101, 2.92451753,\n        2.01208728],\n       [2.55151421, 4.66209917, 5.31895949, 2.12345222, 2.92451416,\n        2.01208942],\n       [2.55151934, 4.66210194, 5.31895724, 2.12345195, 2.92452047,\n        2.01209391]]), array([0.3380916, 0.3380916, 0.3380916, 0.3380916, 0.3380916, 0.3380916,\n       0.3380916]))", "callback": [0.7134735514247971, 0.5951327986499375, 0.5428008356586466, 0.527404142431423, 0.5203146835408043, 0.49919707662127943, 0.4511752719174005, 0.4299700328221593, 0.4147757451888321, 0.40379461012171014, 0.40224190635295964, 0.4015206508616649, 0.400665167054981, 0.39856300428930436, 0.3979126742498402, 0.39772880420261847, 0.3967467121067073, 0.39412925997057147, 0.3789157607551553, 0.3573666242363953, 0.34971961786735184, 0.3439632135835109, 0.34195492631961744, 0.34071077293358065, 0.3398661433071535, 0.33960684616441084, 0.33897408532059325, 0.33827735950146487, 0.338203721964477, 0.33811393117034627, 0.3380997912351883, 0.3380943342060315, 0.33809236940871323, 0.33809186978772665, 0.3380916554928953, 0.33809162337265997, 0.33809161074093574, 0.338091601105724, 0.3380915984784254, 0.3380915980744319, 0.33809159800007405, 0.33809159797305177]}, "5": {"maxiter": 500, "fatol": 1e-05, "xatol": 1e-10, "duration": 0.19374513626098633, "fun": "0.3380915979668896", "nit": "500", "nfev": "803", "status": "2", "success": "False", "message": "Maximum number of iterations has been exceeded.", "x": "[2.55151934 4.66210906 5.31896725 2.1234567  2.92451593 2.01208829]", "final_simplex": "(array([[2.55151934, 4.66210906, 5.31896725, 2.1234567 , 2.92451593,\n        2.01208829],\n       [2.55151935, 4.66210902, 5.3189672 , 2.12345668, 2.92451593,\n        2.01208829],\n       [2.55151935, 4.66210903, 5.31896721, 2.12345668, 2.92451594,\n        2.01208828],\n       [2.55151934, 4.66210902, 5.31896721, 2.12345669, 2.92451593,\n        2.01208828],\n       [2.55151934, 4.66210901, 5.31896721, 2.12345668, 2.92451594,\n        2.01208829],\n       [2.55151934, 4.66210902, 5.31896721, 2.12345668, 2.92451593,\n        2.01208828],\n       [2.55151934, 4.66210902, 5.31896721, 2.12345668, 2.92451592,\n        2.01208828]]), array([0.3380916, 0.3380916, 0.3380916, 0.3380916, 0.3380916, 0.3380916,\n       0.3380916]))", "callback": [0.7134735514247971, 0.5951327986499375, 0.5428008356586466, 0.527404142431423, 0.5203146835408043, 0.49919707662127943, 0.4511752719174005, 0.4299700328221593, 0.4147757451888321, 0.40379461012171014, 0.40224190635295964, 0.4015206508616649, 0.400665167054981, 0.39856300428930436, 0.3979126742498402, 0.39772880420261847, 0.3967467121067073, 0.39412925997057147, 0.3789157607551553, 0.3573666242363953, 0.34971961786735184, 0.3439632135835109, 0.34195492631961744, 0.34071077293358065, 0.3398661433071535, 0.33960684616441084, 0.33897408532059325, 0.33827735950146487, 0.338203721964477, 0.33811393117034627, 0.3380997912351883, 0.3380943342060315, 0.33809236940871323, 0.33809186978772665, 0.3380916554928953, 0.33809162337265997, 0.33809161074093574, 0.338091601105724, 0.3380915984784254, 0.3380915980744319, 0.33809159800007405, 0.33809159797305177, 0.33809159796830257, 0.3380915979672314, 0.3380915979669755, 0.33809159796691024, 0.3380915979668928, 0.33809159796689037, 0.3380915979668896]}, "6": {"maxiter": 500, "fatol": 1e-10, "xatol": 1e-05, "duration": 0.1636059284210205, "fun": "0.3380915979699044", "nit": "425", "nfev": "669", "status": "0", "success": "True", "message": "Optimization terminated successfully.", "x": "[2.55151858 4.66210857 5.31896338 2.12345632 2.92451395 2.01208918]", "final_simplex": "(array([[2.55151858, 4.66210857, 5.31896338, 2.12345632, 2.92451395,\n        2.01208918],\n       [2.55152106, 4.66210062, 5.31895736, 2.1234536 , 2.92451307,\n        2.01208771],\n       [2.55152049, 4.6621092 , 5.31896892, 2.12346095, 2.92451382,\n        2.01209025],\n       [2.55151652, 4.6621032 , 5.31895897, 2.12345822, 2.92451485,\n        2.01208784],\n       [2.55152317, 4.66210604, 5.31896358, 2.12345101, 2.92451753,\n        2.01208728],\n       [2.55151421, 4.66209917, 5.31895949, 2.12345222, 2.92451416,\n        2.01208942],\n       [2.55151934, 4.66210194, 5.31895724, 2.12345195, 2.92452047,\n        2.01209391]]), array([0.3380916, 0.3380916, 0.3380916, 0.3380916, 0.3380916, 0.3380916,\n       0.3380916]))", "callback": [0.7134735514247971, 0.5951327986499375, 0.5428008356586466, 0.527404142431423, 0.5203146835408043, 0.49919707662127943, 0.4511752719174005, 0.4299700328221593, 0.4147757451888321, 0.40379461012171014, 0.40224190635295964, 0.4015206508616649, 0.400665167054981, 0.39856300428930436, 0.3979126742498402, 0.39772880420261847, 0.3967467121067073, 0.39412925997057147, 0.3789157607551553, 0.3573666242363953, 0.34971961786735184, 0.3439632135835109, 0.34195492631961744, 0.34071077293358065, 0.3398661433071535, 0.33960684616441084, 0.33897408532059325, 0.33827735950146487, 0.338203721964477, 0.33811393117034627, 0.3380997912351883, 0.3380943342060315, 0.33809236940871323, 0.33809186978772665, 0.3380916554928953, 0.33809162337265997, 0.33809161074093574, 0.338091601105724, 0.3380915984784254, 0.3380915980744319, 0.33809159800007405, 0.33809159797305177]}, "7": {"maxiter": 500, "fatol": 1e-10, "xatol": 1e-10, "duration": 0.19355082511901855, "fun": "0.3380915979668896", "nit": "500", "nfev": "803", "status": "2", "success": "False", "message": "Maximum number of iterations has been exceeded.", "x": "[2.55151934 4.66210906 5.31896725 2.1234567  2.92451593 2.01208829]", "final_simplex": "(array([[2.55151934, 4.66210906, 5.31896725, 2.1234567 , 2.92451593,\n        2.01208829],\n       [2.55151935, 4.66210902, 5.3189672 , 2.12345668, 2.92451593,\n        2.01208829],\n       [2.55151935, 4.66210903, 5.31896721, 2.12345668, 2.92451594,\n        2.01208828],\n       [2.55151934, 4.66210902, 5.31896721, 2.12345669, 2.92451593,\n        2.01208828],\n       [2.55151934, 4.66210901, 5.31896721, 2.12345668, 2.92451594,\n        2.01208829],\n       [2.55151934, 4.66210902, 5.31896721, 2.12345668, 2.92451593,\n        2.01208828],\n       [2.55151934, 4.66210902, 5.31896721, 2.12345668, 2.92451592,\n        2.01208828]]), array([0.3380916, 0.3380916, 0.3380916, 0.3380916, 0.3380916, 0.3380916,\n       0.3380916]))", "callback": [0.7134735514247971, 0.5951327986499375, 0.5428008356586466, 0.527404142431423, 0.5203146835408043, 0.49919707662127943, 0.4511752719174005, 0.4299700328221593, 0.4147757451888321, 0.40379461012171014, 0.40224190635295964, 0.4015206508616649, 0.400665167054981, 0.39856300428930436, 0.3979126742498402, 0.39772880420261847, 0.3967467121067073, 0.39412925997057147, 0.3789157607551553, 0.3573666242363953, 0.34971961786735184, 0.3439632135835109, 0.34195492631961744, 0.34071077293358065, 0.3398661433071535, 0.33960684616441084, 0.33897408532059325, 0.33827735950146487, 0.338203721964477, 0.33811393117034627, 0.3380997912351883, 0.3380943342060315, 0.33809236940871323, 0.33809186978772665, 0.3380916554928953, 0.33809162337265997, 0.33809161074093574, 0.338091601105724, 0.3380915984784254, 0.3380915980744319, 0.33809159800007405, 0.33809159797305177, 0.33809159796830257, 0.3380915979672314, 0.3380915979669755, 0.33809159796691024, 0.3380915979668928, 0.33809159796689037, 0.3380915979668896]}, "8": {"maxiter": 1000, "fatol": 1e-05, "xatol": 1e-05, "duration": 0.1690070629119873, "fun": "0.3380915979699044", "nit": "425", "nfev": "669", "status": "0", "success": "True", "message": "Optimization terminated successfully.", "x": "[2.55151858 4.66210857 5.31896338 2.12345632 2.92451395 2.01208918]", "final_simplex": "(array([[2.55151858, 4.66210857, 5.31896338, 2.12345632, 2.92451395,\n        2.01208918],\n       [2.55152106, 4.66210062, 5.31895736, 2.1234536 , 2.92451307,\n        2.01208771],\n       [2.55152049, 4.6621092 , 5.31896892, 2.12346095, 2.92451382,\n        2.01209025],\n       [2.55151652, 4.6621032 , 5.31895897, 2.12345822, 2.92451485,\n        2.01208784],\n       [2.55152317, 4.66210604, 5.31896358, 2.12345101, 2.92451753,\n        2.01208728],\n       [2.55151421, 4.66209917, 5.31895949, 2.12345222, 2.92451416,\n        2.01208942],\n       [2.55151934, 4.66210194, 5.31895724, 2.12345195, 2.92452047,\n        2.01209391]]), array([0.3380916, 0.3380916, 0.3380916, 0.3380916, 0.3380916, 0.3380916,\n       0.3380916]))", "callback": [0.7134735514247971, 0.5951327986499375, 0.5428008356586466, 0.527404142431423, 0.5203146835408043, 0.49919707662127943, 0.4511752719174005, 0.4299700328221593, 0.4147757451888321, 0.40379461012171014, 0.40224190635295964, 0.4015206508616649, 0.400665167054981, 0.39856300428930436, 0.3979126742498402, 0.39772880420261847, 0.3967467121067073, 0.39412925997057147, 0.3789157607551553, 0.3573666242363953, 0.34971961786735184, 0.3439632135835109, 0.34195492631961744, 0.34071077293358065, 0.3398661433071535, 0.33960684616441084, 0.33897408532059325, 0.33827735950146487, 0.338203721964477, 0.33811393117034627, 0.3380997912351883, 0.3380943342060315, 0.33809236940871323, 0.33809186978772665, 0.3380916554928953, 0.33809162337265997, 0.33809161074093574, 0.338091601105724, 0.3380915984784254, 0.3380915980744319, 0.33809159800007405, 0.33809159797305177]}, "9": {"maxiter": 1000, "fatol": 1e-05, "xatol": 1e-10, "duration": 0.2744100093841553, "fun": "0.3380915979668895", "nit": "524", "nfev": "889", "status": "0", "success": "True", "message": "Optimization terminated successfully.", "x": "[2.55151934 4.66210904 5.31896723 2.12345669 2.92451593 2.01208829]", "final_simplex": "(array([[2.55151934, 4.66210904, 5.31896723, 2.12345669, 2.92451593,\n        2.01208829],\n       [2.55151934, 4.66210904, 5.31896723, 2.12345669, 2.92451593,\n        2.01208829],\n       [2.55151934, 4.66210904, 5.31896723, 2.12345669, 2.92451593,\n        2.01208829],\n       [2.55151934, 4.66210904, 5.31896723, 2.12345669, 2.92451593,\n        2.01208829],\n       [2.55151934, 4.66210904, 5.31896723, 2.12345669, 2.92451593,\n        2.01208829],\n       [2.55151934, 4.66210904, 5.31896723, 2.12345669, 2.92451593,\n        2.01208829],\n       [2.55151934, 4.66210904, 5.31896723, 2.12345669, 2.92451593,\n        2.01208829]]), array([0.3380916, 0.3380916, 0.3380916, 0.3380916, 0.3380916, 0.3380916,\n       0.3380916]))", "callback": [0.7134735514247971, 0.5951327986499375, 0.5428008356586466, 0.527404142431423, 0.5203146835408043, 0.49919707662127943, 0.4511752719174005, 0.4299700328221593, 0.4147757451888321, 0.40379461012171014, 0.40224190635295964, 0.4015206508616649, 0.400665167054981, 0.39856300428930436, 0.3979126742498402, 0.39772880420261847, 0.3967467121067073, 0.39412925997057147, 0.3789157607551553, 0.3573666242363953, 0.34971961786735184, 0.3439632135835109, 0.34195492631961744, 0.34071077293358065, 0.3398661433071535, 0.33960684616441084, 0.33897408532059325, 0.33827735950146487, 0.338203721964477, 0.33811393117034627, 0.3380997912351883, 0.3380943342060315, 0.33809236940871323, 0.33809186978772665, 0.3380916554928953, 0.33809162337265997, 0.33809161074093574, 0.338091601105724, 0.3380915984784254, 0.3380915980744319, 0.33809159800007405, 0.33809159797305177, 0.33809159796830257, 0.3380915979672314, 0.3380915979669755, 0.33809159796691024, 0.3380915979668928, 0.33809159796689037, 0.3380915979668896, 0.3380915979668896, 0.3380915979668895, 0.3380915979668895]}, "10": {"maxiter": 1000, "fatol": 1e-10, "xatol": 1e-05, "duration": 0.17074823379516602, "fun": "0.3380915979699044", "nit": "425", "nfev": "669", "status": "0", "success": "True", "message": "Optimization terminated successfully.", "x": "[2.55151858 4.66210857 5.31896338 2.12345632 2.92451395 2.01208918]", "final_simplex": "(array([[2.55151858, 4.66210857, 5.31896338, 2.12345632, 2.92451395,\n        2.01208918],\n       [2.55152106, 4.66210062, 5.31895736, 2.1234536 , 2.92451307,\n        2.01208771],\n       [2.55152049, 4.6621092 , 5.31896892, 2.12346095, 2.92451382,\n        2.01209025],\n       [2.55151652, 4.6621032 , 5.31895897, 2.12345822, 2.92451485,\n        2.01208784],\n       [2.55152317, 4.66210604, 5.31896358, 2.12345101, 2.92451753,\n        2.01208728],\n       [2.55151421, 4.66209917, 5.31895949, 2.12345222, 2.92451416,\n        2.01208942],\n       [2.55151934, 4.66210194, 5.31895724, 2.12345195, 2.92452047,\n        2.01209391]]), array([0.3380916, 0.3380916, 0.3380916, 0.3380916, 0.3380916, 0.3380916,\n       0.3380916]))", "callback": [0.7134735514247971, 0.5951327986499375, 0.5428008356586466, 0.527404142431423, 0.5203146835408043, 0.49919707662127943, 0.4511752719174005, 0.4299700328221593, 0.4147757451888321, 0.40379461012171014, 0.40224190635295964, 0.4015206508616649, 0.400665167054981, 0.39856300428930436, 0.3979126742498402, 0.39772880420261847, 0.3967467121067073, 0.39412925997057147, 0.3789157607551553, 0.3573666242363953, 0.34971961786735184, 0.3439632135835109, 0.34195492631961744, 0.34071077293358065, 0.3398661433071535, 0.33960684616441084, 0.33897408532059325, 0.33827735950146487, 0.338203721964477, 0.33811393117034627, 0.3380997912351883, 0.3380943342060315, 0.33809236940871323, 0.33809186978772665, 0.3380916554928953, 0.33809162337265997, 0.33809161074093574, 0.338091601105724, 0.3380915984784254, 0.3380915980744319, 0.33809159800007405, 0.33809159797305177]}, "11": {"maxiter": 1000, "fatol": 1e-10, "xatol": 1e-10, "duration": 0.21331357955932617, "fun": "0.3380915979668895", "nit": "524", "nfev": "889", "status": "0", "success": "True", "message": "Optimization terminated successfully.", "x": "[2.55151934 4.66210904 5.31896723 2.12345669 2.92451593 2.01208829]", "final_simplex": "(array([[2.55151934, 4.66210904, 5.31896723, 2.12345669, 2.92451593,\n        2.01208829],\n       [2.55151934, 4.66210904, 5.31896723, 2.12345669, 2.92451593,\n        2.01208829],\n       [2.55151934, 4.66210904, 5.31896723, 2.12345669, 2.92451593,\n        2.01208829],\n       [2.55151934, 4.66210904, 5.31896723, 2.12345669, 2.92451593,\n        2.01208829],\n       [2.55151934, 4.66210904, 5.31896723, 2.12345669, 2.92451593,\n        2.01208829],\n       [2.55151934, 4.66210904, 5.31896723, 2.12345669, 2.92451593,\n        2.01208829],\n       [2.55151934, 4.66210904, 5.31896723, 2.12345669, 2.92451593,\n        2.01208829]]), array([0.3380916, 0.3380916, 0.3380916, 0.3380916, 0.3380916, 0.3380916,\n       0.3380916]))", "callback": [0.7134735514247971, 0.5951327986499375, 0.5428008356586466, 0.527404142431423, 0.5203146835408043, 0.49919707662127943, 0.4511752719174005, 0.4299700328221593, 0.4147757451888321, 0.40379461012171014, 0.40224190635295964, 0.4015206508616649, 0.400665167054981, 0.39856300428930436, 0.3979126742498402, 0.39772880420261847, 0.3967467121067073, 0.39412925997057147, 0.3789157607551553, 0.3573666242363953, 0.34971961786735184, 0.3439632135835109, 0.34195492631961744, 0.34071077293358065, 0.3398661433071535, 0.33960684616441084, 0.33897408532059325, 0.33827735950146487, 0.338203721964477, 0.33811393117034627, 0.3380997912351883, 0.3380943342060315, 0.33809236940871323, 0.33809186978772665, 0.3380916554928953, 0.33809162337265997, 0.33809161074093574, 0.338091601105724, 0.3380915984784254, 0.3380915980744319, 0.33809159800007405, 0.33809159797305177, 0.33809159796830257, 0.3380915979672314, 0.3380915979669755, 0.33809159796691024, 0.3380915979668928, 0.33809159796689037, 0.3380915979668896, 0.3380915979668896, 0.3380915979668895, 0.3380915979668895]}}, "bfgs": {"type": "gradient", "0": {"maxiter": 100, "gtol": 1e-05, "xrtol": 1e-05, "eps": 1e-05, "duration": 0.06066584587097168, "fun": "0.33809159824909885", "jac": "[-5.68468606e-06 -1.79904980e-06  3.00249825e-06 -2.11020090e-07\n  9.84490267e-07 -5.06598097e-06]", "hess_inv": "[[ 2.95943417  0.88567558  0.56889107  0.22067852  0.32763514  0.19180617]\n [ 0.88567558 21.79504126 19.32268799  8.77948289  0.2790221  -0.76809239]\n [ 0.56889107 19.32268799 19.96387464  8.19999664  0.67391634 -0.09005883]\n [ 0.22067852  8.77948289  8.19999664  6.86115165  0.38216601 -0.60358759]\n [ 0.32763514  0.2790221   0.67391634  0.38216601  4.31401302  2.59333919]\n [ 0.19180617 -0.76809239 -0.09005883 -0.60358759  2.59333919  4.59401955]]", "nfev": "245", "njev": "35", "status": "0", "success": "True", "message": "Optimization terminated successfully.", "x": "[2.55149298 4.662053   5.3189141  2.12342735 2.92449309 2.01206064]", "nit": "26", "callback": [0.39767764074257195, 0.3392008814938253]}, "1": {"maxiter": 100, "gtol": 1e-05, "xrtol": 1e-05, "eps": 1e-10, "duration": 0.06108593940734863, "fun": "0.33809159813937006", "jac": "[-4.44089173e-06 -1.11022293e-06  5.55111466e-06  0.00000000e+00\n  1.11022293e-06 -2.22044587e-06]", "hess_inv": "[[ 2.95638032  0.80638359  0.49028792  0.17921446  0.31578101  0.18591115]\n [ 0.80638359 21.36843236 18.92930263  8.52658996  0.26842125 -0.75420749]\n [ 0.49028792 18.92930263 19.62366437  7.96084076  0.68373796 -0.04357463]\n [ 0.17921446  8.52658996  7.96084076  6.7240328   0.35333012 -0.62631609]\n [ 0.31578101  0.26842125  0.68373796  0.35333012  4.34365912  2.64432686]\n [ 0.18591115 -0.75420749 -0.04357463 -0.62631609  2.64432686  4.68031726]]", "nfev": "245", "njev": "35", "status": "0", "success": "True", "message": "Optimization terminated successfully.", "x": "[2.55150803 4.66217292 5.31903938 2.12349073 2.92452301 2.01208604]", "nit": "26", "callback": [0.3976785408837945, 0.33920473542440344]}, "2": {"maxiter": 100, "gtol": 1e-05, "xrtol": 1e-10, "eps": 1e-05, "duration": 0.06001877784729004, "fun": "0.33809159824909885", "jac": "[-5.68468606e-06 -1.79904980e-06  3.00249825e-06 -2.11020090e-07\n  9.84490267e-07 -5.06598097e-06]", "hess_inv": "[[ 2.95943417  0.88567558  0.56889107  0.22067852  0.32763514  0.19180617]\n [ 0.88567558 21.79504126 19.32268799  8.77948289  0.2790221  -0.76809239]\n [ 0.56889107 19.32268799 19.96387464  8.19999664  0.67391634 -0.09005883]\n [ 0.22067852  8.77948289  8.19999664  6.86115165  0.38216601 -0.60358759]\n [ 0.32763514  0.2790221   0.67391634  0.38216601  4.31401302  2.59333919]\n [ 0.19180617 -0.76809239 -0.09005883 -0.60358759  2.59333919  4.59401955]]", "nfev": "245", "njev": "35", "status": "0", "success": "True", "message": "Optimization terminated successfully.", "x": "[2.55149298 4.662053   5.3189141  2.12342735 2.92449309 2.01206064]", "nit": "26", "callback": [0.39767764074257195, 0.3392008814938253]}, "3": {"maxiter": 100, "gtol": 1e-05, "xrtol": 1e-10, "eps": 1e-10, "duration": 0.06181979179382324, "fun": "0.33809159813937006", "jac": "[-4.44089173e-06 -1.11022293e-06  5.55111466e-06  0.00000000e+00\n  1.11022293e-06 -2.22044587e-06]", "hess_inv": "[[ 2.95638032  0.80638359  0.49028792  0.17921446  0.31578101  0.18591115]\n [ 0.80638359 21.36843236 18.92930263  8.52658996  0.26842125 -0.75420749]\n [ 0.49028792 18.92930263 19.62366437  7.96084076  0.68373796 -0.04357463]\n [ 0.17921446  8.52658996  7.96084076  6.7240328   0.35333012 -0.62631609]\n [ 0.31578101  0.26842125  0.68373796  0.35333012  4.34365912  2.64432686]\n [ 0.18591115 -0.75420749 -0.04357463 -0.62631609  2.64432686  4.68031726]]", "nfev": "245", "njev": "35", "status": "0", "success": "True", "message": "Optimization terminated successfully.", "x": "[2.55150803 4.66217292 5.31903938 2.12349073 2.92452301 2.01208604]", "nit": "26", "callback": [0.3976785408837945, 0.33920473542440344]}, "4": {"maxiter": 100, "gtol": 1e-10, "xrtol": 1e-05, "eps": 1e-05, "duration": 0.06502580642700195, "fun": "0.33809159814883283", "jac": "[-3.84137167e-09  8.90165719e-07 -3.70103948e-07 -1.08641984e-06\n -7.76267939e-08  5.33695310e-07]", "hess_inv": "[[ 2.89300045  0.53046839  0.27149212  0.07257644  0.38467051  0.23651216]\n [ 0.53046839 22.14816309 19.78070403  8.98555317  0.08344175 -1.19529158]\n [ 0.27149212 19.78070403 20.49499425  8.44446796  0.47408386 -0.49575974]\n [ 0.07257644  8.98555317  8.44446796  6.97314088  0.28754416 -0.79911036]\n [ 0.38467051  0.08344175  0.47408386  0.28754416  4.37628042  2.70301433]\n [ 0.23651216 -1.19529158 -0.49575974 -0.79911036  2.70301433  4.76100387]]", "nfev": "252", "njev": "36", "status": "0", "success": "True", "message": "Optimization terminated successfully.", "x": "[2.5515104  4.66203223 5.31888849 2.12341571 2.92450345 2.01208261]", "nit": "27", "callback": [0.39767764074257195, 0.3392008814938253]}, "5": {"maxiter": 100, "gtol": 1e-10, "xrtol": 1e-05, "eps": 1e-10, "duration": 0.07335710525512695, "fun": "0.3380915979772412", "jac": "[-1.11022293e-06 -2.22044587e-06  1.11022293e-06  0.00000000e+00\n  0.00000000e+00  1.11022293e-06]", "hess_inv": "[[ 2.95087986  0.58304053  0.37075946 -0.03978425  0.29961568  0.38789469]\n [ 0.58304053 22.0935738  19.17916226  9.80536627  0.87728913 -1.86896569]\n [ 0.37075946 19.17916226 19.27345996  9.09174687  1.27513568 -1.22611348]\n [-0.03978425  9.80536627  9.09174687  7.72221881  0.6177092  -1.23168399]\n [ 0.29961568  0.87728913  1.27513568  0.6177092   4.26461795  2.52800431]\n [ 0.38789469 -1.86896569 -1.22611348 -1.23168399  2.52800431  4.87548624]]", "nfev": "280", "njev": "40", "status": "0", "success": "True", "message": "Optimization terminated successfully.", "x": "[2.55151795 4.66209914 5.31896116 2.12345587 2.92452187 2.01209593]", "nit": "28", "callback": [0.3976785408837945, 0.33920473542440344]}, "6": {"maxiter": 100, "gtol": 1e-10, "xrtol": 1e-10, "eps": 1e-05, "duration": 0.11935305595397949, "fun": "0.33809159814817313", "jac": "[-3.88578059e-09  2.64532840e-07 -1.15285559e-07 -3.17268434e-07\n -1.49102952e-08  1.46815893e-07]", "hess_inv": "[[ 2.93975831e+00  2.68774620e-01  1.11493590e-01  2.88376867e-01\n   3.72725286e-01  1.40062488e-01]\n [ 2.68774620e-01  2.23136312e+01  1.98445116e+01  8.95011989e+00\n   2.86080163e-03 -1.54381260e+00]\n [ 1.11493590e-01  1.98445116e+01  2.05737880e+01  8.54777119e+00\n   3.95616000e-01 -7.51979203e-01]\n [ 2.88376867e-01  8.95011989e+00  8.54777119e+00  7.04070190e+00\n   3.29878630e-01 -4.66535579e-01]\n [ 3.72725286e-01  2.86080163e-03  3.95616000e-01  3.29878630e-01\n   4.37234804e+00  2.63353106e+00]\n [ 1.40062488e-01 -1.54381260e+00 -7.51979203e-01 -4.66535579e-01\n   2.63353106e+00  4.35600472e+00]]", "nfev": "479", "njev": "67", "status": "2", "success": "False", "message": "Desired error not necessarily achieved due to precision loss.", "x": "[2.55151045 4.6620308  5.3188882  2.1234179  2.92450306 2.01208149]", "nit": "31", "callback": [0.39767764074257195, 0.3392008814938253, 0.3380915981482383]}, "7": {"maxiter": 100, "gtol": 1e-10, "xrtol": 1e-10, "eps": 1e-10, "duration": 0.10843396186828613, "fun": "0.33809159797000576", "jac": "[ 1.11022293e-06  2.22044587e-06  2.22044587e-06  1.11022293e-06\n -1.11022293e-06  1.11022293e-06]", "hess_inv": "[[ 3.92751994 -0.62095311 -1.69122251  2.21445058 -0.32906022  1.55335819]\n [-0.62095311  0.54228477  0.06203557 -0.33467657 -0.07584878 -0.18945316]\n [-1.69122251  0.06203557  0.94432693 -0.8878469   0.07978274 -0.63263504]\n [ 2.21445058 -0.33467657 -0.8878469   1.3837232  -0.3262037   0.95030586]\n [-0.32906022 -0.07584878  0.07978274 -0.3262037   0.35689156 -0.33568994]\n [ 1.55335819 -0.18945316 -0.63263504  0.95030586 -0.33568994  0.76873285]]", "nfev": "434", "njev": "62", "status": "0", "success": "True", "message": "Optimization terminated successfully.", "x": "[2.55151942 4.6621056  5.31896561 2.12345347 2.92451816 2.01209284]", "nit": "36", "callback": [0.3976785408837945, 0.33920473542440344, 0.33809159797226473]}, "8": {"maxiter": 500, "gtol": 1e-05, "xrtol": 1e-05, "eps": 1e-05, "duration": 0.06379890441894531, "fun": "0.33809159824909885", "jac": "[-5.68468606e-06 -1.79904980e-06  3.00249825e-06 -2.11020090e-07\n  9.84490267e-07 -5.06598097e-06]", "hess_inv": "[[ 2.95943417  0.88567558  0.56889107  0.22067852  0.32763514  0.19180617]\n [ 0.88567558 21.79504126 19.32268799  8.77948289  0.2790221  -0.76809239]\n [ 0.56889107 19.32268799 19.96387464  8.19999664  0.67391634 -0.09005883]\n [ 0.22067852  8.77948289  8.19999664  6.86115165  0.38216601 -0.60358759]\n [ 0.32763514  0.2790221   0.67391634  0.38216601  4.31401302  2.59333919]\n [ 0.19180617 -0.76809239 -0.09005883 -0.60358759  2.59333919  4.59401955]]", "nfev": "245", "njev": "35", "status": "0", "success": "True", "message": "Optimization terminated successfully.", "x": "[2.55149298 4.662053   5.3189141  2.12342735 2.92449309 2.01206064]", "nit": "26", "callback": [0.39767764074257195, 0.3392008814938253]}, "9": {"maxiter": 500, "gtol": 1e-05, "xrtol": 1e-05, "eps": 1e-10, "duration": 0.059628963470458984, "fun": "0.33809159813937006", "jac": "[-4.44089173e-06 -1.11022293e-06  5.55111466e-06  0.00000000e+00\n  1.11022293e-06 -2.22044587e-06]", "hess_inv": "[[ 2.95638032  0.80638359  0.49028792  0.17921446  0.31578101  0.18591115]\n [ 0.80638359 21.36843236 18.92930263  8.52658996  0.26842125 -0.75420749]\n [ 0.49028792 18.92930263 19.62366437  7.96084076  0.68373796 -0.04357463]\n [ 0.17921446  8.52658996  7.96084076  6.7240328   0.35333012 -0.62631609]\n [ 0.31578101  0.26842125  0.68373796  0.35333012  4.34365912  2.64432686]\n [ 0.18591115 -0.75420749 -0.04357463 -0.62631609  2.64432686  4.68031726]]", "nfev": "245", "njev": "35", "status": "0", "success": "True", "message": "Optimization terminated successfully.", "x": "[2.55150803 4.66217292 5.31903938 2.12349073 2.92452301 2.01208604]", "nit": "26", "callback": [0.3976785408837945, 0.33920473542440344]}, "10": {"maxiter": 500, "gtol": 1e-05, "xrtol": 1e-10, "eps": 1e-05, "duration": 0.06021618843078613, "fun": "0.33809159824909885", "jac": "[-5.68468606e-06 -1.79904980e-06  3.00249825e-06 -2.11020090e-07\n  9.84490267e-07 -5.06598097e-06]", "hess_inv": "[[ 2.95943417  0.88567558  0.56889107  0.22067852  0.32763514  0.19180617]\n [ 0.88567558 21.79504126 19.32268799  8.77948289  0.2790221  -0.76809239]\n [ 0.56889107 19.32268799 19.96387464  8.19999664  0.67391634 -0.09005883]\n [ 0.22067852  8.77948289  8.19999664  6.86115165  0.38216601 -0.60358759]\n [ 0.32763514  0.2790221   0.67391634  0.38216601  4.31401302  2.59333919]\n [ 0.19180617 -0.76809239 -0.09005883 -0.60358759  2.59333919  4.59401955]]", "nfev": "245", "njev": "35", "status": "0", "success": "True", "message": "Optimization terminated successfully.", "x": "[2.55149298 4.662053   5.3189141  2.12342735 2.92449309 2.01206064]", "nit": "26", "callback": [0.39767764074257195, 0.3392008814938253]}, "11": {"maxiter": 500, "gtol": 1e-05, "xrtol": 1e-10, "eps": 1e-10, "duration": 0.061186790466308594, "fun": "0.33809159813937006", "jac": "[-4.44089173e-06 -1.11022293e-06  5.55111466e-06  0.00000000e+00\n  1.11022293e-06 -2.22044587e-06]", "hess_inv": "[[ 2.95638032  0.80638359  0.49028792  0.17921446  0.31578101  0.18591115]\n [ 0.80638359 21.36843236 18.92930263  8.52658996  0.26842125 -0.75420749]\n [ 0.49028792 18.92930263 19.62366437  7.96084076  0.68373796 -0.04357463]\n [ 0.17921446  8.52658996  7.96084076  6.7240328   0.35333012 -0.62631609]\n [ 0.31578101  0.26842125  0.68373796  0.35333012  4.34365912  2.64432686]\n [ 0.18591115 -0.75420749 -0.04357463 -0.62631609  2.64432686  4.68031726]]", "nfev": "245", "njev": "35", "status": "0", "success": "True", "message": "Optimization terminated successfully.", "x": "[2.55150803 4.66217292 5.31903938 2.12349073 2.92452301 2.01208604]", "nit": "26", "callback": [0.3976785408837945, 0.33920473542440344]}, "12": {"maxiter": 500, "gtol": 1e-10, "xrtol": 1e-05, "eps": 1e-05, "duration": 0.06438493728637695, "fun": "0.33809159814883283", "jac": "[-3.84137167e-09  8.90165719e-07 -3.70103948e-07 -1.08641984e-06\n -7.76267939e-08  5.33695310e-07]", "hess_inv": "[[ 2.89300045  0.53046839  0.27149212  0.07257644  0.38467051  0.23651216]\n [ 0.53046839 22.14816309 19.78070403  8.98555317  0.08344175 -1.19529158]\n [ 0.27149212 19.78070403 20.49499425  8.44446796  0.47408386 -0.49575974]\n [ 0.07257644  8.98555317  8.44446796  6.97314088  0.28754416 -0.79911036]\n [ 0.38467051  0.08344175  0.47408386  0.28754416  4.37628042  2.70301433]\n [ 0.23651216 -1.19529158 -0.49575974 -0.79911036  2.70301433  4.76100387]]", "nfev": "252", "njev": "36", "status": "0", "success": "True", "message": "Optimization terminated successfully.", "x": "[2.5515104  4.66203223 5.31888849 2.12341571 2.92450345 2.01208261]", "nit": "27", "callback": [0.39767764074257195, 0.3392008814938253]}, "13": {"maxiter": 500, "gtol": 1e-10, "xrtol": 1e-05, "eps": 1e-10, "duration": 0.06985998153686523, "fun": "0.3380915979772412", "jac": "[-1.11022293e-06 -2.22044587e-06  1.11022293e-06  0.00000000e+00\n  0.00000000e+00  1.11022293e-06]", "hess_inv": "[[ 2.95087986  0.58304053  0.37075946 -0.03978425  0.29961568  0.38789469]\n [ 0.58304053 22.0935738  19.17916226  9.80536627  0.87728913 -1.86896569]\n [ 0.37075946 19.17916226 19.27345996  9.09174687  1.27513568 -1.22611348]\n [-0.03978425  9.80536627  9.09174687  7.72221881  0.6177092  -1.23168399]\n [ 0.29961568  0.87728913  1.27513568  0.6177092   4.26461795  2.52800431]\n [ 0.38789469 -1.86896569 -1.22611348 -1.23168399  2.52800431  4.87548624]]", "nfev": "280", "njev": "40", "status": "0", "success": "True", "message": "Optimization terminated successfully.", "x": "[2.55151795 4.66209914 5.31896116 2.12345587 2.92452187 2.01209593]", "nit": "28", "callback": [0.3976785408837945, 0.33920473542440344]}, "14": {"maxiter": 500, "gtol": 1e-10, "xrtol": 1e-10, "eps": 1e-05, "duration": 0.11913609504699707, "fun": "0.33809159814817313", "jac": "[-3.88578059e-09  2.64532840e-07 -1.15285559e-07 -3.17268434e-07\n -1.49102952e-08  1.46815893e-07]", "hess_inv": "[[ 2.93975831e+00  2.68774620e-01  1.11493590e-01  2.88376867e-01\n   3.72725286e-01  1.40062488e-01]\n [ 2.68774620e-01  2.23136312e+01  1.98445116e+01  8.95011989e+00\n   2.86080163e-03 -1.54381260e+00]\n [ 1.11493590e-01  1.98445116e+01  2.05737880e+01  8.54777119e+00\n   3.95616000e-01 -7.51979203e-01]\n [ 2.88376867e-01  8.95011989e+00  8.54777119e+00  7.04070190e+00\n   3.29878630e-01 -4.66535579e-01]\n [ 3.72725286e-01  2.86080163e-03  3.95616000e-01  3.29878630e-01\n   4.37234804e+00  2.63353106e+00]\n [ 1.40062488e-01 -1.54381260e+00 -7.51979203e-01 -4.66535579e-01\n   2.63353106e+00  4.35600472e+00]]", "nfev": "479", "njev": "67", "status": "2", "success": "False", "message": "Desired error not necessarily achieved due to precision loss.", "x": "[2.55151045 4.6620308  5.3188882  2.1234179  2.92450306 2.01208149]", "nit": "31", "callback": [0.39767764074257195, 0.3392008814938253, 0.3380915981482383]}, "15": {"maxiter": 500, "gtol": 1e-10, "xrtol": 1e-10, "eps": 1e-10, "duration": 0.1088409423828125, "fun": "0.33809159797000576", "jac": "[ 1.11022293e-06  2.22044587e-06  2.22044587e-06  1.11022293e-06\n -1.11022293e-06  1.11022293e-06]", "hess_inv": "[[ 3.92751994 -0.62095311 -1.69122251  2.21445058 -0.32906022  1.55335819]\n [-0.62095311  0.54228477  0.06203557 -0.33467657 -0.07584878 -0.18945316]\n [-1.69122251  0.06203557  0.94432693 -0.8878469   0.07978274 -0.63263504]\n [ 2.21445058 -0.33467657 -0.8878469   1.3837232  -0.3262037   0.95030586]\n [-0.32906022 -0.07584878  0.07978274 -0.3262037   0.35689156 -0.33568994]\n [ 1.55335819 -0.18945316 -0.63263504  0.95030586 -0.33568994  0.76873285]]", "nfev": "434", "njev": "62", "status": "0", "success": "True", "message": "Optimization terminated successfully.", "x": "[2.55151942 4.6621056  5.31896561 2.12345347 2.92451816 2.01209284]", "nit": "36", "callback": [0.3976785408837945, 0.33920473542440344, 0.33809159797226473]}, "16": {"maxiter": 1000, "gtol": 1e-05, "xrtol": 1e-05, "eps": 1e-05, "duration": 0.06123709678649902, "fun": "0.33809159824909885", "jac": "[-5.68468606e-06 -1.79904980e-06  3.00249825e-06 -2.11020090e-07\n  9.84490267e-07 -5.06598097e-06]", "hess_inv": "[[ 2.95943417  0.88567558  0.56889107  0.22067852  0.32763514  0.19180617]\n [ 0.88567558 21.79504126 19.32268799  8.77948289  0.2790221  -0.76809239]\n [ 0.56889107 19.32268799 19.96387464  8.19999664  0.67391634 -0.09005883]\n [ 0.22067852  8.77948289  8.19999664  6.86115165  0.38216601 -0.60358759]\n [ 0.32763514  0.2790221   0.67391634  0.38216601  4.31401302  2.59333919]\n [ 0.19180617 -0.76809239 -0.09005883 -0.60358759  2.59333919  4.59401955]]", "nfev": "245", "njev": "35", "status": "0", "success": "True", "message": "Optimization terminated successfully.", "x": "[2.55149298 4.662053   5.3189141  2.12342735 2.92449309 2.01206064]", "nit": "26", "callback": [0.39767764074257195, 0.3392008814938253]}, "17": {"maxiter": 1000, "gtol": 1e-05, "xrtol": 1e-05, "eps": 1e-10, "duration": 0.06383180618286133, "fun": "0.33809159813937006", "jac": "[-4.44089173e-06 -1.11022293e-06  5.55111466e-06  0.00000000e+00\n  1.11022293e-06 -2.22044587e-06]", "hess_inv": "[[ 2.95638032  0.80638359  0.49028792  0.17921446  0.31578101  0.18591115]\n [ 0.80638359 21.36843236 18.92930263  8.52658996  0.26842125 -0.75420749]\n [ 0.49028792 18.92930263 19.62366437  7.96084076  0.68373796 -0.04357463]\n [ 0.17921446  8.52658996  7.96084076  6.7240328   0.35333012 -0.62631609]\n [ 0.31578101  0.26842125  0.68373796  0.35333012  4.34365912  2.64432686]\n [ 0.18591115 -0.75420749 -0.04357463 -0.62631