{"date": "2024/09/24/, 02:18:41", "conf_id": 205, "data_type": "non_lin_ind\n", "num_data_points": 3, "s_rank": 0, "unitary": "[[-0.45070455-0.02711853j,0.78437395-0.06613086j,0.06358678+0.19963393j,-0.07343613+0.35668523j],[-0.01890143-0.03813363j,0.32408202+0.25557629j,0.05872864-0.68979805j,0.55466693-0.20227297j],[-0.11215405+0.64023111j,-0.13344055+0.29565494j,-0.49012687-0.19046288j,-0.04241254+0.44046348j],[0.55771659+0.24656916j,0.31851997-0.05798805j,0.28761525-0.34294258j,-0.56718418+0.03616933j]]", "databatch_0": {"databatch": "[[[0.11823379+0.03315522j,0.02346778+0.09703871j,-0.16026918+0.02153401j,-0.17110539-0.01003362j],[0.02831099+0.54076894j,0.14043984-0.06633494j,-0.38097359+0.02037874j,-0.33372182-0.18825155j],[0.13617505-0.08074474j,-0.11323547+0.23069872j,-0.12499888-0.14275279j,-0.12579378-0.1086787j],[-0.10102567+0.05813885j,-0.16027356-0.03837521j,0.13444442-0.20072291j,0.16534739-0.1688438j]],[[-0.09789277-0.04118415j,-0.0693369-0.08474348j,-0.01714221+0.05597568j,-0.05141264-0.05050481j],[-0.35977107+0.28957848j,-0.4507481+0.07768658j,0.16873099+0.17564919j,-0.2775803+0.08516638j],[0.02086937-0.31842133j,0.16540039-0.27334064j,-0.17080019+0.00835507j,0.08310296-0.19108594j],[0.18108214-0.11146272j,0.21604072-0.01354744j,-0.0702476-0.09189751j,0.13905579-0.0251609j]],[[-0.00586451-0.02762193j,-0.26278247-0.10268051j,-0.0783137-0.1396901j,0.03120168-0.06034504j],[-0.19601302-0.14079563j,-0.19016069+0.10225007j,-0.20038264-0.0152109j,0.13773426-0.11587633j],[0.114483+0.00197172j,-0.28034783-0.48707519j,0.08943575-0.32256959j,0.05350097-0.01541256j],[0.05586578+0.03978546j,0.34529416-0.26241853j,0.2563032+0.01238948j,0.03122888+0.08937187j]]]", "initial param values": "[1.05786058,2.61078824,6.05876083,3.24546145,0.07449675,2.67593691]", "nelder_mead": {"type": "gradient-free", "0": {"maxiter": 100, "fatol": 1e-05, "xatol": 1e-05, "duration": 0.03760790824890137, "fun": "0.08521479666751608", "nit": "100", "nfev": "153", "status": "2", "success": "False", "message": "Maximum number of iterations has been exceeded.", "x": "[2.12074695 1.4256066  6.96153552 4.45501563 0.03495364 1.60577873]", "final_simplex": "(array([[2.12074695, 1.4256066 , 6.96153552, 4.45501563, 0.03495364,\n        1.60577873],\n       [2.11592128, 1.43291454, 6.96842473, 4.44594311, 0.03570205,\n        1.58737316],\n       [2.13278464, 1.45415612, 6.9146668 , 4.43605722, 0.03468897,\n        1.56855375],\n       [2.12128537, 1.40360369, 6.93111409, 4.51759839, 0.03435147,\n        1.59680489],\n       [2.17700815, 1.36665158, 6.90197265, 4.41539576, 0.03189126,\n        1.53466089],\n       [2.08749997, 1.38918115, 6.98987344, 4.46580739, 0.03766743,\n        1.68960672],\n       [2.03231372, 1.4102853 , 6.96529753, 4.37369816, 0.03749362,\n        1.73124158]]), array([0.0852148 , 0.08525163, 0.08551257, 0.08555824, 0.08592633,\n       0.08606866, 0.08610592]))", "callback": [0.3745888313020951, 0.23188012445126616, 0.19870184167260607, 0.19262066461615202, 0.18058609879401188, 0.17271586847824905, 0.12899941264628956, 0.09510582895559028, 0.08648752245194069]}, "1": {"maxiter": 100, "fatol": 1e-05, "xatol": 1e-10, "duration": 0.03531289100646973, "fun": "0.08521479666751608", "nit": "100", "nfev": "153", "status": "2", "success": "False", "message": "Maximum number of iterations has been exceeded.", "x": "[2.12074695 1.4256066  6.96153552 4.45501563 0.03495364 1.60577873]", "final_simplex": "(array([[2.12074695, 1.4256066 , 6.96153552, 4.45501563, 0.03495364,\n        1.60577873],\n       [2.11592128, 1.43291454, 6.96842473, 4.44594311, 0.03570205,\n        1.58737316],\n       [2.13278464, 1.45415612, 6.9146668 , 4.43605722, 0.03468897,\n        1.56855375],\n       [2.12128537, 1.40360369, 6.93111409, 4.51759839, 0.03435147,\n        1.59680489],\n       [2.17700815, 1.36665158, 6.90197265, 4.41539576, 0.03189126,\n        1.53466089],\n       [2.08749997, 1.38918115, 6.98987344, 4.46580739, 0.03766743,\n        1.68960672],\n       [2.03231372, 1.4102853 , 6.96529753, 4.37369816, 0.03749362,\n        1.73124158]]), array([0.0852148 , 0.08525163, 0.08551257, 0.08555824, 0.08592633,\n       0.08606866, 0.08610592]))", "callback": [0.3745888313020951, 0.23188012445126616, 0.19870184167260607, 0.19262066461615202, 0.18058609879401188, 0.17271586847824905, 0.12899941264628956, 0.09510582895559028, 0.08648752245194069]}, "2": {"maxiter": 100, "fatol": 1e-10, "xatol": 1e-05, "duration": 0.033661842346191406, "fun": "0.08521479666751608", "nit": "100", "nfev": "153", "status": "2", "success": "False", "message": "Maximum number of iterations has been exceeded.", "x": "[2.12074695 1.4256066  6.96153552 4.45501563 0.03495364 1.60577873]", "final_simplex": "(array([[2.12074695, 1.4256066 , 6.96153552, 4.45501563, 0.03495364,\n        1.60577873],\n       [2.11592128, 1.43291454, 6.96842473, 4.44594311, 0.03570205,\n        1.58737316],\n       [2.13278464, 1.45415612, 6.9146668 , 4.43605722, 0.03468897,\n        1.56855375],\n       [2.12128537, 1.40360369, 6.93111409, 4.51759839, 0.03435147,\n        1.59680489],\n       [2.17700815, 1.36665158, 6.90197265, 4.41539576, 0.03189126,\n        1.53466089],\n       [2.08749997, 1.38918115, 6.98987344, 4.46580739, 0.03766743,\n        1.68960672],\n       [2.03231372, 1.4102853 , 6.96529753, 4.37369816, 0.03749362,\n        1.73124158]]), array([0.0852148 , 0.08525163, 0.08551257, 0.08555824, 0.08592633,\n       0.08606866, 0.08610592]))", "callback": [0.3745888313020951, 0.23188012445126616, 0.19870184167260607, 0.19262066461615202, 0.18058609879401188, 0.17271586847824905, 0.12899941264628956, 0.09510582895559028, 0.08648752245194069]}, "3": {"maxiter": 100, "fatol": 1e-10, "xatol": 1e-10, "duration": 0.03409004211425781, "fun": "0.08521479666751608", "nit": "100", "nfev": "153", "status": "2", "success": "False", "message": "Maximum number of iterations has been exceeded.", "x": "[2.12074695 1.4256066  6.96153552 4.45501563 0.03495364 1.60577873]", "final_simplex": "(array([[2.12074695, 1.4256066 , 6.96153552, 4.45501563, 0.03495364,\n        1.60577873],\n       [2.11592128, 1.43291454, 6.96842473, 4.44594311, 0.03570205,\n        1.58737316],\n       [2.13278464, 1.45415612, 6.9146668 , 4.43605722, 0.03468897,\n        1.56855375],\n       [2.12128537, 1.40360369, 6.93111409, 4.51759839, 0.03435147,\n        1.59680489],\n       [2.17700815, 1.36665158, 6.90197265, 4.41539576, 0.03189126,\n        1.53466089],\n       [2.08749997, 1.38918115, 6.98987344, 4.46580739, 0.03766743,\n        1.68960672],\n       [2.03231372, 1.4102853 , 6.96529753, 4.37369816, 0.03749362,\n        1.73124158]]), array([0.0852148 , 0.08525163, 0.08551257, 0.08555824, 0.08592633,\n       0.08606866, 0.08610592]))", "callback": [0.3745888313020951, 0.23188012445126616, 0.19870184167260607, 0.19262066461615202, 0.18058609879401188, 0.17271586847824905, 0.12899941264628956, 0.09510582895559028, 0.08648752245194069]}, "4": {"maxiter": 500, "fatol": 1e-05, "xatol": 1e-05, "duration": 0.14400625228881836, "fun": "0.0814081988865073", "nit": "405", "nfev": "642", "status": "0", "success": "True", "message": "Optimization terminated successfully.", "x": "[2.04161609 1.28788997 6.7567214  4.5150647  0.10915205 1.54078275]", "final_simplex": "(array([[2.04161609, 1.28788997, 6.7567214 , 4.5150647 , 0.10915205,\n        1.54078275],\n       [2.04161873, 1.28789822, 6.75672409, 4.5150613 , 0.10915184,\n        1.54078695],\n       [2.041619  , 1.28789775, 6.75672676, 4.51506035, 0.10914827,\n        1.54078243],\n       [2.04162156, 1.2878942 , 6.75672116, 4.51506644, 0.10915232,\n        1.54078324],\n       [2.0416175 , 1.28789672, 6.75671877, 4.51506399, 0.10915025,\n        1.54078165],\n       [2.04162067, 1.28788887, 6.75671728, 4.51506011, 0.10915257,\n        1.54078053],\n       [2.04162036, 1.2878986 , 6.75672278, 4.51505687, 0.10915278,\n        1.54077931]]), array([0.0814082, 0.0814082, 0.0814082, 0.0814082, 0.0814082, 0.0814082,\n       0.0814082]))", "callback": [0.3745888313020951, 0.23188012445126616, 0.19870184167260607, 0.19262066461615202, 0.18058609879401188, 0.17271586847824905, 0.12899941264628956, 0.09510582895559028, 0.08648752245194069, 0.08453517563243196, 0.08428931228222691, 0.08368082389958031, 0.08319034037376472, 0.08219140295500249, 0.08197539189457403, 0.08188737969068549, 0.0818744366945795, 0.08187194276621834, 0.08187031693369928, 0.08186430923163479, 0.08185868802010032, 0.08183360955406715, 0.08176505030790737, 0.08164204529252872, 0.08153750598583154, 0.08148923533925156, 0.08143806507297568, 0.08141590550536115, 0.08141184575263383, 0.08140961292230975, 0.08140869175077237, 0.08140831347244581, 0.08140822485910093, 0.08140820529562165, 0.08140820121060077, 0.08140819907569752, 0.08140819907569752, 0.08140819889922557, 0.08140819889922557, 0.0814081988865073]}, "5": {"maxiter": 500, "fatol": 1e-05, "xatol": 1e-10, "duration": 0.17792391777038574, "fun": "0.08140819888342321", "nit": "500", "nfev": "801", "status": "2", "success": "False", "message": "Maximum number of iterations has been exceeded.", "x": "[2.04161638 1.28789379 6.75672061 4.51506433 0.10915439 1.54078285]", "final_simplex": "(array([[2.04161638, 1.28789379, 6.75672061, 4.51506433, 0.10915439,\n        1.54078285],\n       [2.0416164 , 1.2878938 , 6.75672061, 4.51506435, 0.10915441,\n        1.54078287],\n       [2.04161645, 1.28789386, 6.75672062, 4.51506434, 0.10915439,\n        1.54078284],\n       [2.04161643, 1.28789377, 6.75672055, 4.51506437, 0.10915443,\n        1.54078279],\n       [2.04161638, 1.2878938 , 6.75672057, 4.51506436, 0.10915442,\n        1.54078285],\n       [2.04161641, 1.28789381, 6.75672061, 4.51506435, 0.10915438,\n        1.54078286],\n       [2.0416164 , 1.28789377, 6.75672057, 4.51506432, 0.1091544 ,\n        1.54078284]]), array([0.0814082, 0.0814082, 0.0814082, 0.0814082, 0.0814082, 0.0814082,\n       0.0814082]))", "callback": [0.3745888313020951, 0.23188012445126616, 0.19870184167260607, 0.19262066461615202, 0.18058609879401188, 0.17271586847824905, 0.12899941264628956, 0.09510582895559028, 0.08648752245194069, 0.08453517563243196, 0.08428931228222691, 0.08368082389958031, 0.08319034037376472, 0.08219140295500249, 0.08197539189457403, 0.08188737969068549, 0.0818744366945795, 0.08187194276621834, 0.08187031693369928, 0.08186430923163479, 0.08185868802010032, 0.08183360955406715, 0.08176505030790737, 0.08164204529252872, 0.08153750598583154, 0.08148923533925156, 0.08143806507297568, 0.08141590550536115, 0.08141184575263383, 0.08140961292230975, 0.08140869175077237, 0.08140831347244581, 0.08140822485910093, 0.08140820529562165, 0.08140820121060077, 0.08140819907569752, 0.08140819907569752, 0.08140819889922557, 0.08140819889922557, 0.0814081988865073, 0.0814081988865073, 0.08140819888438333, 0.08140819888380113, 0.08140819888361861, 0.08140819888349482, 0.08140819888343886, 0.08140819888343576, 0.0814081988834271, 0.08140819888342399]}, "6": {"maxiter": 500, "fatol": 1e-10, "xatol": 1e-05, "duration": 0.1452798843383789, "fun": "0.0814081988865073", "nit": "405", "nfev": "642", "status": "0", "success": "True", "message": "Optimization terminated successfully.", "x": "[2.04161609 1.28788997 6.7567214  4.5150647  0.10915205 1.54078275]", "final_simplex": "(array([[2.04161609, 1.28788997, 6.7567214 , 4.5150647 , 0.10915205,\n        1.54078275],\n       [2.04161873, 1.28789822, 6.75672409, 4.5150613 , 0.10915184,\n        1.54078695],\n       [2.041619  , 1.28789775, 6.75672676, 4.51506035, 0.10914827,\n        1.54078243],\n       [2.04162156, 1.2878942 , 6.75672116, 4.51506644, 0.10915232,\n        1.54078324],\n       [2.0416175 , 1.28789672, 6.75671877, 4.51506399, 0.10915025,\n        1.54078165],\n       [2.04162067, 1.28788887, 6.75671728, 4.51506011, 0.10915257,\n        1.54078053],\n       [2.04162036, 1.2878986 , 6.75672278, 4.51505687, 0.10915278,\n        1.54077931]]), array([0.0814082, 0.0814082, 0.0814082, 0.0814082, 0.0814082, 0.0814082,\n       0.0814082]))", "callback": [0.3745888313020951, 0.23188012445126616, 0.19870184167260607, 0.19262066461615202, 0.18058609879401188, 0.17271586847824905, 0.12899941264628956, 0.09510582895559028, 0.08648752245194069, 0.08453517563243196, 0.08428931228222691, 0.08368082389958031, 0.08319034037376472, 0.08219140295500249, 0.08197539189457403, 0.08188737969068549, 0.0818744366945795, 0.08187194276621834, 0.08187031693369928, 0.08186430923163479, 0.08185868802010032, 0.08183360955406715, 0.08176505030790737, 0.08164204529252872, 0.08153750598583154, 0.08148923533925156, 0.08143806507297568, 0.08141590550536115, 0.08141184575263383, 0.08140961292230975, 0.08140869175077237, 0.08140831347244581, 0.08140822485910093, 0.08140820529562165, 0.08140820121060077, 0.08140819907569752, 0.08140819907569752, 0.08140819889922557, 0.08140819889922557, 0.0814081988865073]}, "7": {"maxiter": 500, "fatol": 1e-10, "xatol": 1e-10, "duration": 0.1942129135131836, "fun": "0.08140819888342321", "nit": "500", "nfev": "801", "status": "2", "success": "False", "message": "Maximum number of iterations has been exceeded.", "x": "[2.04161638 1.28789379 6.75672061 4.51506433 0.10915439 1.54078285]", "final_simplex": "(array([[2.04161638, 1.28789379, 6.75672061, 4.51506433, 0.10915439,\n        1.54078285],\n       [2.0416164 , 1.2878938 , 6.75672061, 4.51506435, 0.10915441,\n        1.54078287],\n       [2.04161645, 1.28789386, 6.75672062, 4.51506434, 0.10915439,\n        1.54078284],\n       [2.04161643, 1.28789377, 6.75672055, 4.51506437, 0.10915443,\n        1.54078279],\n       [2.04161638, 1.2878938 , 6.75672057, 4.51506436, 0.10915442,\n        1.54078285],\n       [2.04161641, 1.28789381, 6.75672061, 4.51506435, 0.10915438,\n        1.54078286],\n       [2.0416164 , 1.28789377, 6.75672057, 4.51506432, 0.1091544 ,\n        1.54078284]]), array([0.0814082, 0.0814082, 0.0814082, 0.0814082, 0.0814082, 0.0814082,\n       0.0814082]))", "callback": [0.3745888313020951, 0.23188012445126616, 0.19870184167260607, 0.19262066461615202, 0.18058609879401188, 0.17271586847824905, 0.12899941264628956, 0.09510582895559028, 0.08648752245194069, 0.08453517563243196, 0.08428931228222691, 0.08368082389958031, 0.08319034037376472, 0.08219140295500249, 0.08197539189457403, 0.08188737969068549, 0.0818744366945795, 0.08187194276621834, 0.08187031693369928, 0.08186430923163479, 0.08185868802010032, 0.08183360955406715, 0.08176505030790737, 0.08164204529252872, 0.08153750598583154, 0.08148923533925156, 0.08143806507297568, 0.08141590550536115, 0.08141184575263383, 0.08140961292230975, 0.08140869175077237, 0.08140831347244581, 0.08140822485910093, 0.08140820529562165, 0.08140820121060077, 0.08140819907569752, 0.08140819907569752, 0.08140819889922557, 0.08140819889922557, 0.0814081988865073, 0.0814081988865073, 0.08140819888438333, 0.08140819888380113, 0.08140819888361861, 0.08140819888349482, 0.08140819888343886, 0.08140819888343576, 0.0814081988834271, 0.08140819888342399]}, "8": {"maxiter": 1000, "fatol": 1e-05, "xatol": 1e-05, "duration": 0.14427590370178223, "fun": "0.0814081988865073", "nit": "405", "nfev": "642", "status": "0", "success": "True", "message": "Optimization terminated successfully.", "x": "[2.04161609 1.28788997 6.7567214  4.5150647  0.10915205 1.54078275]", "final_simplex": "(array([[2.04161609, 1.28788997, 6.7567214 , 4.5150647 , 0.10915205,\n        1.54078275],\n       [2.04161873, 1.28789822, 6.75672409, 4.5150613 , 0.10915184,\n        1.54078695],\n       [2.041619  , 1.28789775, 6.75672676, 4.51506035, 0.10914827,\n        1.54078243],\n       [2.04162156, 1.2878942 , 6.75672116, 4.51506644, 0.10915232,\n        1.54078324],\n       [2.0416175 , 1.28789672, 6.75671877, 4.51506399, 0.10915025,\n        1.54078165],\n       [2.04162067, 1.28788887, 6.75671728, 4.51506011, 0.10915257,\n        1.54078053],\n       [2.04162036, 1.2878986 , 6.75672278, 4.51505687, 0.10915278,\n        1.54077931]]), array([0.0814082, 0.0814082, 0.0814082, 0.0814082, 0.0814082, 0.0814082,\n       0.0814082]))", "callback": [0.3745888313020951, 0.23188012445126616, 0.19870184167260607, 0.19262066461615202, 0.18058609879401188, 0.17271586847824905, 0.12899941264628956, 0.09510582895559028, 0.08648752245194069, 0.08453517563243196, 0.08428931228222691, 0.08368082389958031, 0.08319034037376472, 0.08219140295500249, 0.08197539189457403, 0.08188737969068549, 0.0818744366945795, 0.08187194276621834, 0.08187031693369928, 0.08186430923163479, 0.08185868802010032, 0.08183360955406715, 0.08176505030790737, 0.08164204529252872, 0.08153750598583154, 0.08148923533925156, 0.08143806507297568, 0.08141590550536115, 0.08141184575263383, 0.08140961292230975, 0.08140869175077237, 0.08140831347244581, 0.08140822485910093, 0.08140820529562165, 0.08140820121060077, 0.08140819907569752, 0.08140819907569752, 0.08140819889922557, 0.08140819889922557, 0.0814081988865073]}, "9": {"maxiter": 1000, "fatol": 1e-05, "xatol": 1e-10, "duration": 0.21137213706970215, "fun": "0.08140819888342277", "nit": "531", "nfev": "907", "status": "0", "success": "True", "message": "Optimization terminated successfully.", "x": "[2.04161641 1.2878938  6.75672058 4.51506436 0.10915442 1.54078282]", "final_simplex": "(array([[2.04161641, 1.2878938 , 6.75672058, 4.51506436, 0.10915442,\n        1.54078282],\n       [2.04161641, 1.2878938 , 6.75672058, 4.51506436, 0.10915442,\n        1.54078282],\n       [2.04161641, 1.2878938 , 6.75672058, 4.51506436, 0.10915442,\n        1.54078282],\n       [2.04161641, 1.2878938 , 6.75672058, 4.51506436, 0.10915442,\n        1.54078282],\n       [2.04161641, 1.2878938 , 6.75672058, 4.51506436, 0.10915442,\n        1.54078282],\n       [2.04161641, 1.2878938 , 6.75672058, 4.51506436, 0.10915442,\n        1.54078282],\n       [2.04161641, 1.2878938 , 6.75672058, 4.51506436, 0.10915442,\n        1.54078282]]), array([0.0814082, 0.0814082, 0.0814082, 0.0814082, 0.0814082, 0.0814082,\n       0.0814082]))", "callback": [0.3745888313020951, 0.23188012445126616, 0.19870184167260607, 0.19262066461615202, 0.18058609879401188, 0.17271586847824905, 0.12899941264628956, 0.09510582895559028, 0.08648752245194069, 0.08453517563243196, 0.08428931228222691, 0.08368082389958031, 0.08319034037376472, 0.08219140295500249, 0.08197539189457403, 0.08188737969068549, 0.0818744366945795, 0.08187194276621834, 0.08187031693369928, 0.08186430923163479, 0.08185868802010032, 0.08183360955406715, 0.08176505030790737, 0.08164204529252872, 0.08153750598583154, 0.08148923533925156, 0.08143806507297568, 0.08141590550536115, 0.08141184575263383, 0.08140961292230975, 0.08140869175077237, 0.08140831347244581, 0.08140822485910093, 0.08140820529562165, 0.08140820121060077, 0.08140819907569752, 0.08140819907569752, 0.08140819889922557, 0.08140819889922557, 0.0814081988865073, 0.0814081988865073, 0.08140819888438333, 0.08140819888380113, 0.08140819888361861, 0.08140819888349482, 0.08140819888343886, 0.08140819888343576, 0.0814081988834271, 0.08140819888342399, 0.08140819888342321, 0.08140819888342277, 0.08140819888342277, 0.08140819888342277]}, "10": {"maxiter": 1000, "fatol": 1e-10, "xatol": 1e-05, "duration": 0.16408610343933105, "fun": "0.0814081988865073", "nit": "405", "nfev": "642", "status": "0", "success": "True", "message": "Optimization terminated successfully.", "x": "[2.04161609 1.28788997 6.7567214  4.5150647  0.10915205 1.54078275]", "final_simplex": "(array([[2.04161609, 1.28788997, 6.7567214 , 4.5150647 , 0.10915205,\n        1.54078275],\n       [2.04161873, 1.28789822, 6.75672409, 4.5150613 , 0.10915184,\n        1.54078695],\n       [2.041619  , 1.28789775, 6.75672676, 4.51506035, 0.10914827,\n        1.54078243],\n       [2.04162156, 1.2878942 , 6.75672116, 4.51506644, 0.10915232,\n        1.54078324],\n       [2.0416175 , 1.28789672, 6.75671877, 4.51506399, 0.10915025,\n        1.54078165],\n       [2.04162067, 1.28788887, 6.75671728, 4.51506011, 0.10915257,\n        1.54078053],\n       [2.04162036, 1.2878986 , 6.75672278, 4.51505687, 0.10915278,\n        1.54077931]]), array([0.0814082, 0.0814082, 0.0814082, 0.0814082, 0.0814082, 0.0814082,\n       0.0814082]))", "callback": [0.3745888313020951, 0.23188012445126616, 0.19870184167260607, 0.19262066461615202, 0.18058609879401188, 0.17271586847824905, 0.12899941264628956, 0.09510582895559028, 0.08648752245194069, 0.08453517563243196, 0.08428931228222691, 0.08368082389958031, 0.08319034037376472, 0.08219140295500249, 0.08197539189457403, 0.08188737969068549, 0.0818744366945795, 0.08187194276621834, 0.08187031693369928, 0.08186430923163479, 0.08185868802010032, 0.08183360955406715, 0.08176505030790737, 0.08164204529252872, 0.08153750598583154, 0.08148923533925156, 0.08143806507297568, 0.08141590550536115, 0.08141184575263383, 0.08140961292230975, 0.08140869175077237, 0.08140831347244581, 0.08140822485910093, 0.08140820529562165, 0.08140820121060077, 0.08140819907569752, 0.08140819907569752, 0.08140819889922557, 0.08140819889922557, 0.0814081988865073]}, "11": {"maxiter": 1000, "fatol": 1e-10, "xatol": 1e-10, "duration": 0.21121597290039062, "fun": "0.08140819888342277", "nit": "531", "nfev": "907", "status": "0", "success": "True", "message": "Optimization terminated successfully.", "x": "[2.04161641 1.2878938  6.75672058 4.51506436 0.10915442 1.54078282]", "final_simplex": "(array([[2.04161641, 1.2878938 , 6.75672058, 4.51506436, 0.10915442,\n        1.54078282],\n       [2.04161641, 1.2878938 , 6.75672058, 4.51506436, 0.10915442,\n        1.54078282],\n       [2.04161641, 1.2878938 , 6.75672058, 4.51506436, 0.10915442,\n        1.54078282],\n       [2.04161641, 1.2878938 , 6.75672058, 4.51506436, 0.10915442,\n        1.54078282],\n       [2.04161641, 1.2878938 , 6.75672058, 4.51506436, 0.10915442,\n        1.54078282],\n       [2.04161641, 1.2878938 , 6.75672058, 4.51506436, 0.10915442,\n        1.54078282],\n       [2.04161641, 1.2878938 , 6.75672058, 4.51506436, 0.10915442,\n        1.54078282]]), array([0.0814082, 0.0814082, 0.0814082, 0.0814082, 0.0814082, 0.0814082,\n       0.0814082]))", "callback": [0.3745888313020951, 0.23188012445126616, 0.19870184167260607, 0.19262066461615202, 0.18058609879401188, 0.17271586847824905, 0.12899941264628956, 0.09510582895559028, 0.08648752245194069, 0.08453517563243196, 0.08428931228222691, 0.08368082389958031, 0.08319034037376472, 0.08219140295500249, 0.08197539189457403, 0.08188737969068549, 0.0818744366945795, 0.08187194276621834, 0.08187031693369928, 0.08186430923163479, 0.08185868802010032, 0.08183360955406715, 0.08176505030790737, 0.08164204529252872, 0.08153750598583154, 0.08148923533925156, 0.08143806507297568, 0.08141590550536115, 0.08141184575263383, 0.08140961292230975, 0.08140869175077237, 0.08140831347244581, 0.08140822485910093, 0.08140820529562165, 0.08140820121060077, 0.08140819907569752, 0.08140819907569752, 0.08140819889922557, 0.08140819889922557, 0.0814081988865073, 0.0814081988865073, 0.08140819888438333, 0.08140819888380113, 0.08140819888361861, 0.08140819888349482, 0.08140819888343886, 0.08140819888343576, 0.0814081988834271, 0.08140819888342399, 0.08140819888342321, 0.08140819888342277, 0.08140819888342277, 0.08140819888342277]}}, "bfgs": {"type": "gradient", "0": {"maxiter": 100, "gtol": 1e-05, "xrtol": 1e-05, "eps": 1e-05, "duration": 0.043274879455566406, "fun": "0.08140819904030294", "jac": "[ 1.54751767e-06  5.18152188e-06 -2.92421642e-07  5.90689719e-06\n -3.98185929e-06 -3.13524762e-06]", "hess_inv": "[[ 3.76033325 -0.52463801 -1.11677762 -0.58879512 -0.24067383 -2.60839558]\n [-0.52463801  5.93334206  5.14549734 -1.82020145 -0.84456352  3.53965274]\n [-1.11677762  5.14549734 10.06706619 -1.46642734 -3.92869519  5.34383278]\n [-0.58879512 -1.82020145 -1.46642734  3.33560737 -0.14033022 -1.09525669]\n [-0.24067383 -0.84456352 -3.92869519 -0.14033022  4.66575299 -0.62325575]\n [-2.60839558  3.53965274  5.34383278 -1.09525669 -0.62325575  6.97479257]]", "nfev": "154", "njev": "22", "status": "0", "success": "True", "message": "Optimization terminated successfully.", "x": "[2.04162575 1.28787629 6.75669956 4.51508105 0.10914039 1.54074839]", "nit": "20", "callback": [0.0891394009314519, 0.08140819904030294]}, "1": {"maxiter": 100, "gtol": 1e-05, "xrtol": 1e-05, "eps": 1e-10, "duration": 0.04038524627685547, "fun": "0.08140819922328568", "jac": "[ 2.22044587e-06  6.66133760e-06  0.00000000e+00  8.88178346e-06\n -4.44089235e-06 -9.99200639e-06]", "hess_inv": "[[ 3.73493891 -0.50623274 -1.07955545 -0.60338534 -0.22863517 -2.53899514]\n [-0.50623274  5.83086     5.01963077 -1.77747969 -0.87287529  3.36193701]\n [-1.07955545  5.01963077  9.90690463 -1.39473622 -3.9794733   5.09169575]\n [-0.60338534 -1.77747969 -1.39473622  3.36825432 -0.15363348 -1.02557518]\n [-0.22863517 -0.87287529 -3.9794733  -0.15363348  4.68402056 -0.66196695]\n [-2.53899514  3.36193701  5.09169575 -1.02557518 -0.66196695  6.61823305]]", "nfev": "154", "njev": "22", "status": "0", "success": "True", "message": "Optimization terminated successfully.", "x": "[2.0416282  1.28788062 6.75671217 4.51509001 0.10912934 1.54074083]", "nit": "20", "callback": [0.08913951550525212, 0.08140819922328568]}, "2": {"maxiter": 100, "gtol": 1e-05, "xrtol": 1e-10, "eps": 1e-05, "duration": 0.0379788875579834, "fun": "0.08140819904030294", "jac": "[ 1.54751767e-06  5.18152188e-06 -2.92421642e-07  5.90689719e-06\n -3.98185929e-06 -3.13524762e-06]", "hess_inv": "[[ 3.76033325 -0.52463801 -1.11677762 -0.58879512 -0.24067383 -2.60839558]\n [-0.52463801  5.93334206  5.14549734 -1.82020145 -0.84456352  3.53965274]\n [-1.11677762  5.14549734 10.06706619 -1.46642734 -3.92869519  5.34383278]\n [-0.58879512 -1.82020145 -1.46642734  3.33560737 -0.14033022 -1.09525669]\n [-0.24067383 -0.84456352 -3.92869519 -0.14033022  4.66575299 -0.62325575]\n [-2.60839558  3.53965274  5.34383278 -1.09525669 -0.62325575  6.97479257]]", "nfev": "154", "njev": "22", "status": "0", "success": "True", "message": "Optimization terminated successfully.", "x": "[2.04162575 1.28787629 6.75669956 4.51508105 0.10914039 1.54074839]", "nit": "20", "callback": [0.0891394009314519, 0.08140819904030294]}, "3": {"maxiter": 100, "gtol": 1e-05, "xrtol": 1e-10, "eps": 1e-10, "duration": 0.03665518760681152, "fun": "0.08140819922328568", "jac": "[ 2.22044587e-06  6.66133760e-06  0.00000000e+00  8.88178346e-06\n -4.44089235e-06 -9.99200639e-06]", "hess_inv": "[[ 3.73493891 -0.50623274 -1.07955545 -0.60338534 -0.22863517 -2.53899514]\n [-0.50623274  5.83086     5.01963077 -1.77747969 -0.87287529  3.36193701]\n [-1.07955545  5.01963077  9.90690463 -1.39473622 -3.9794733   5.09169575]\n [-0.60338534 -1.77747969 -1.39473622  3.36825432 -0.15363348 -1.02557518]\n [-0.22863517 -0.87287529 -3.9794733  -0.15363348  4.68402056 -0.66196695]\n [-2.53899514  3.36193701  5.09169575 -1.02557518 -0.66196695  6.61823305]]", "nfev": "154", "njev": "22", "status": "0", "success": "True", "message": "Optimization terminated successfully.", "x": "[2.0416282  1.28788062 6.75671217 4.51509001 0.10912934 1.54074083]", "nit": "20", "callback": [0.08913951550525212, 0.08140819922328568]}, "4": {"maxiter": 100, "gtol": 1e-10, "xrtol": 1e-05, "eps": 1e-05, "duration": 0.036070823669433594, "fun": "0.08140819895415408", "jac": "[-3.86246590e-08 -1.25566224e-08 -1.83630888e-08  7.36410932e-08\n -1.66422431e-08 -5.55555602e-08]", "hess_inv": "[[ 3.72514601 -0.56546542 -1.22417495 -0.78725811 -0.02060283 -2.50848554]\n [-0.56546542  5.88625927  5.02833774 -2.03248036 -0.60640047  3.64948461]\n [-1.22417495  5.02833774  9.9315504  -1.60786651 -3.70033996  5.49157708]\n [-0.78725811 -2.03248036 -1.60786651  3.33740725  0.03036788 -0.91133595]\n [-0.02060283 -0.60640047 -3.70033996  0.03036788  4.31157359 -0.88566972]\n [-2.50848554  3.64948461  5.49157708 -0.91133595 -0.88566972  6.81962704]]", "nfev": "161", "njev": "23", "status": "0", "success": "True", "message": "Optimization terminated successfully.", "x": "[2.04161926 1.28786916 6.75669029 4.51506988 0.10915669 1.5407582 ]", "nit": "21", "callback": [0.0891394009314519, 0.08140819904030294]}, "5": {"maxiter": 100, "gtol": 1e-10, "xrtol": 1e-05, "eps": 1e-10, "duration": 0.03860807418823242, "fun": "0.08140819891072126", "jac": "[-2.22044587e-06  0.00000000e+00 -2.22044587e-06  0.00000000e+00\n -4.44089235e-06 -2.22044587e-06]", "hess_inv": "[[ 3.48158911 -0.39569325 -0.9086587  -0.90344373 -0.01523997 -1.97072483]\n [-0.39569325  6.15979192  5.25995467 -1.97357064 -0.96797103  3.3976231 ]\n [-0.9086587   5.25995467 10.05452321 -1.46534935 -4.12507924  4.94516871]\n [-0.90344373 -1.97357064 -1.46534935  3.29640299  0.10082856 -0.59845085]\n [-0.01523997 -0.96797103 -4.12507924  0.10082856  4.5042894  -1.14211371]\n [-1.97072483  3.3976231   4.94516871 -0.59845085 -1.14211371  5.55687947]]", "nfev": "161", "njev": "23", "status": "0", "success": "True", "message": "Optimization terminated successfully.", "x": "[2.04161137 1.28788764 6.75672326 4.51507036 0.10914352 1.54077835]", "nit": "21", "callback": [0.08913951550525212, 0.08140819922328568]}, "6": {"maxiter": 100, "gtol": 1e-10, "xrtol": 1e-10, "eps": 1e-05, "duration": 0.10259318351745605, "fun": "0.08140819895169515", "jac": "[7.66053887e-10 1.77635684e-10 1.77635684e-10 5.88418203e-10\n 1.29896094e-09 9.99200722e-11]", "hess_inv": "[[ 3.73956892 -0.7031649  -1.43535684 -0.67263281  0.08015388 -2.65039295]\n [-0.7031649   6.07211042  5.50908033 -2.27630888 -0.99232019  3.94321255]\n [-1.43535684  5.50908033 10.93207798 -2.12872879 -4.38425418  6.12941879]\n [-0.67263281 -2.27630888 -2.12872879  3.60476269  0.39551504 -1.24041296]\n [ 0.08015388 -0.99232019 -4.38425418  0.39551504  4.70096677 -1.34444512]\n [-2.65039295  3.94321255  6.12941879 -1.24041296 -1.34444512  7.21452692]]", "nfev": "432", "njev": "60", "status": "2", "success": "False", "message": "Desired error not necessarily achieved due to precision loss.", "x": "[2.04161928 1.2878697  6.75669092 4.51506945 0.1091566  1.54075874]", "nit": "23", "callback": [0.0891394009314519, 0.08140819904030294]}, "7": {"maxiter": 100, "gtol": 1e-10, "xrtol": 1e-10, "eps": 1e-10, "duration": 0.05666303634643555, "fun": "0.08140819889116713", "jac": "[ 1.11022293e-06 -2.22044587e-06  0.00000000e+00  0.00000000e+00\n  1.11022309e-06  1.11022293e-06]", "hess_inv": "[[ 0.34644335 -0.13860369 -0.06072848  0.25701254  0.220774   -0.3248508 ]\n [-0.13860369  0.23593391 -0.09003687 -0.24152618 -0.12786986 -0.03577135]\n [-0.06072848 -0.09003687  0.39644187 -0.11987763  0.02461231  0.2290535 ]\n [ 0.25701254 -0.24152618 -0.11987763  0.57779495  0.22063911 -0.07864273]\n [ 0.220774   -0.12786986  0.02461231  0.22063911  0.20294219 -0.1141379 ]\n [-0.3248508  -0.03577135  0.2290535  -0.07864273 -0.1141379   0.74233142]]", "nfev": "245", "njev": "35", "status": "0", "success": "True", "message": "Optimization terminated successfully.", "x": "[2.04161092 1.28789353 6.75672405 4.51506505 0.10915565 1.54079024]", "nit": "29", "callback": [0.08913951550525212, 0.08140819922328568]}, "8": {"maxiter": 500, "gtol": 1e-05, "xrtol": 1e-05, "eps": 1e-05, "duration": 0.03607606887817383, "fun": "0.08140819904030294", "jac": "[ 1.54751767e-06  5.18152188e-06 -2.92421642e-07  5.90689719e-06\n -3.98185929e-06 -3.13524762e-06]", "hess_inv": "[[ 3.76033325 -0.52463801 -1.11677762 -0.58879512 -0.24067383 -2.60839558]\n [-0.52463801  5.93334206  5.14549734 -1.82020145 -0.84456352  3.53965274]\n [-1.11677762  5.14549734 10.06706619 -1.46642734 -3.92869519  5.34383278]\n [-0.58879512 -1.82020145 -1.46642734  3.33560737 -0.14033022 -1.09525669]\n [-0.24067383 -0.84456352 -3.92869519 -0.14033022  4.66575299 -0.62325575]\n [-2.60839558  3.53965274  5.34383278 -1.09525669 -0.62325575  6.97479257]]", "nfev": "154", "njev": "22", "status": "0", "success": "True", "message": "Optimization terminated successfully.", "x": "[2.04162575 1.28787629 6.75669956 4.51508105 0.10914039 1.54074839]", "nit": "20", "callback": [0.0891394009314519, 0.08140819904030294]}, "9": {"maxiter": 500, "gtol": 1e-05, "xrtol": 1e-05, "eps": 1e-10, "duration": 0.03618788719177246, "fun": "0.08140819922328568", "jac": "[ 2.22044587e-06  6.66133760e-06  0.00000000e+00  8.88178346e-06\n -4.44089235e-06 -9.99200639e-06]", "hess_inv": "[[ 3.73493891 -0.50623274 -1.07955545 -0.60338534 -0.22863517 -2.53899514]\n [-0.50623274  5.83086     5.01963077 -1.77747969 -0.87287529  3.36193701]\n [-1.07955545  5.01963077  9.90690463 -1.39473622 -3.9794733   5.09169575]\n [-0.60338534 -1.77747969 -1.39473622  3.36825432 -0.15363348 -1.02557518]\n [-0.22863517 -0.87287529 -3.9794733  -0.15363348  4.68402056 -0.66196695]\n [-2.53899514  3.36193701  5.09169575 -1.02557518 -0.66196695  6.61823305]]", "nfev": "154", "njev": "22", "status": "0", "success": "True", "message": "Optimization terminated successfully.", "x": "[2.0416282  1.28788062 6.75671217 4.51509001 0.10912934 1.54074083]", "nit": "20", "callback": [0.08913951550525212, 0.08140819922328568]}, "10": {"maxiter": 500, "gtol": 1e-05, "xrtol": 1e-10, "eps": 1e-05, "duration": 0.035681962966918945, "fun": "0.08140819904030294", "jac": "[ 1.54751767e-06  5.18152188e-06 -2.92421642e-07  5.90689719e-06\n -3.98185929e-06 -3.13524762e-06]", "hess_inv": "[[ 3.76033325 -0.52463801 -1.11677762 -0.58879512 -0.24067383 -2.60839558]\n [-0.52463801  5.93334206  5.14549734 -1.82020145 -0.84456352  3.53965274]\n [-1.11677762  5.14549734 10.06706619 -1.46642734 -3.92869519  5.34383278]\n [-0.58879512 -1.82020145 -1.46642734  3.33560737 -0.14033022 -1.09525669]\n [-0.24067383 -0.84456352 -3.92869519 -0.14033022  4.66575299 -0.62325575]\n [-2.60839558  3.53965274  5.34383278 -1.09525669 -0.62325575  6.97479257]]", "nfev": "154", "njev": "22", "status": "0", "success": "True", "message": "Optimization terminated successfully.", "x": "[2.04162575 1.28787629 6.75669956 4.51508105 0.10914039 1.54074839]", "nit": "20", "callback": [0.0891394009314519, 0.08140819904030294]}, "11": {"maxiter": 500, "gtol": 1e-05, "xrtol": 1e-10, "eps": 1e-10, "duration": 0.0350642204284668, "fun": "0.08140819922328568", "jac": "[ 2.22044587e-06  6.66133760e-06  0.00000000e+00  8.88178346e-06\n -4.44089235e-06 -9.99200639e-06]", "hess_inv": "[[ 3.73493891 -0.50623274 -1.07955545 -0.60338534 -0.22863517 -2.53899514]\n [-0.50623274  5.83086     5.01963077 -1.77747969 -0.87287529  3.36193701]\n [-1.07955545  5.01963077  9.90690463 -1.39473622 -3.9794733   5.09169575]\n [-0.60338534 -1.77747969 -1.39473622  3.36825432 -0.15363348 -1.02557518]\n [-0.22863517 -0.87287529 -3.9794733  -0.15363348  4.68402056 -0.66196695]\n [-2.53899514  3.36193701  5.09169575 -1.02557518 -0.66196695  6.61823305]]", "nfev": "154", "njev": "22", "status": "0", "success": "True", "message": "Optimization terminated successfully.", "x": "[2.0416282  1.28788062 6.75671217 4.51509001 0.10912934 1.54074083]", "nit": "20", "callback": [0.08913951550525212, 0.08140819922328568]}, "12": {"maxiter": 500, "gtol": 1e-10, "xrtol": 1e-05, "eps": 1e-05, "duration": 0.03682398796081543, "fun": "0.08140819895415408", "jac": "[-3.86246590e-08 -1.25566224e-08 -1.83630888e-08  7.36410932e-08\n -1.66422431e-08 -5.55555602e-08]", "hess_inv": "[[ 3.72514601 -0.56546542 -1.22417495 -0.78725811 -0.02060283 -2.50848554]\n [-0.56546542  5.88625927  5.02833774 -2.03248036 -0.60640047  3.64948461]\n [-1.22417495  5.02833774  9.9315504  -1.60786651 -3.70033996  5.49157708]\n [-0.78725811 -2.03248036 -1.60786651  3.33740725  0.03036788 -0.91133595]\n [-0.02060283 -0.60640047 -3.70033996  0.03036788  4.31157359 -0.88566972]\n [-2.50848554  3.64948461  5.49157708 -0.91133595 -0.88566972  6.81962704]]", "nfev": "161", "njev": "23", "status": "0", "success": "True", "message": "Optimization terminated successfully.", "x": "[2.04161926 1.28786916 6.75669029 4.51506988 0.10915669 1.5407582 ]", "nit": "21", "callback": [0.0891394009314519, 0.08140819904030294]}, "13": {"maxiter": 500, "gtol": 1e-10, "xrtol": 1e-05, "eps": 1e-10, "duration": 0.03683781623840332, "fun": "0.08140819891072126", "jac": "[-2.22044587e-06  0.00000000e+00 -2.22044587e-06  0.00000000e+00\n -4.44089235e-06 -2.22044587e-06]", "hess_inv": "[[ 3.48158911 -0.39569325 -0.9086587  -0.90344373 -0.01523997 -1.97072483]\n [-0.39569325  6.15979192  5.25995467 -1.97357064 -0.96797103  3.3976231 ]\n [-0.9086587   5.25995467 10.05452321 -1.46534935 -4.12507924  4.94516871]\n [-0.90344373 -1.97357064 -1.46534935  3.29640299  0.10082856 -0.59845085]\n [-0.01523997 -0.96797103 -4.12507924  0.10082856  4.5042894  -1.14211371]\n [-1.97072483  3.3976231   4.94516871 -0.59845085 -1.14211371  5.55687947]]", "nfev": "161", "njev": "23", "status": "0", "success": "True", "message": "Optimization terminated successfully.", "x": "[2.04161137 1.28788764 6.75672326 4.51507036 0.10914352 1.54077835]", "nit": "21", "callback": [0.08913951550525212, 0.08140819922328568]}, "14": {"maxiter": 500, "gtol": 1e-10, "xrtol": 1e-10, "eps": 1e-05, "duration": 0.09766912460327148, "fun": "0.08140819895169515", "jac": "[7.66053887e-10 1.77635684e-10 1.77635684e-10 5.88418203e-10\n 1.29896094e-09 9.99200722e-11]", "hess_inv": "[[ 3.73956892 -0.7031649  -1.43535684 -0.67263281  0.08015388 -2.65039295]\n [-0.7031649   6.07211042  5.50908033 -2.27630888 -0.99232019  3.94321255]\n [-1.43535684  5.50908033 10.93207798 -2.12872879 -4.38425418  6.12941879]\n [-0.67263281 -2.27630888 -2.12872879  3.60476269  0.39551504 -1.24041296]\n [ 0.08015388 -0.99232019 -4.38425418  0.39551504  4.70096677 -1.34444512]\n [-2.65039295  3.94321255  6.12941879 -1.24041296 -1.34444512  7.21452692]]", "nfev": "432", "njev": "60", "status": "2", "success": "False", "message": "Desired error not necessarily achieved due to precision loss.", "x": "[2.04161928 1.2878697  6.75669092 4.51506945 0.1091566  1.54075874]", "nit": "23", "callback": [0.0891394009314519, 0.08140819904030294]}, "15": {"maxiter": 500, "gtol": 1e-10, "xrtol": 1e-10, "eps": 1e-10, "duration": 0.05585289001464844, "fun": "0.08140819889116713", "jac": "[ 1.11022293e-06 -2.22044587e-06  0.00000000e+00  0.00000000e+00\n  1.11022309e-06  1.11022293e-06]", "hess_inv": "[[ 0.34644335 -0.13860369 -0.06072848  0.25701254  0.220774   -0.3248508 ]\n [-0.13860369  0.23593391 -0.09003687 -0.24152618 -0.12786986 -0.03577135]\n [-0.06072848 -0.09003687  0.39644187 -0.11987763  0.02461231  0.2290535 ]\n [ 0.25701254 -0.24152618 -0.11987763  0.57779495  0.22063911 -0.07864273]\n [ 0.220774   -0.12786986  0.02461231  0.22063911  0.20294219 -0.1141379 ]\n [-0.3248508  -0.03577135  0.2290535  -0.07864273 -0.1141379   0.74233142]]", "nfev": "245", "njev": "35", "status": "0", "success": "True", "message": "Optimization terminated successfully.", "x": "[2.04161092 1.28789353 6.75672405 4.51506505 0.10915565 1.54079024]", "nit": "29", "callback": [0.08913951550525212, 0.08140819922328568]}, "16": {"maxiter": 1000, "gtol": 1e-05, "xrtol": 1e-05, "eps": 1e-05, "duration": 0.0353701114654541, "fun": "0.08140819904030294", "jac": "[ 1.54751767e-06  5.18152188e-06 -2.92421642e-07  5.90689719e-06\n -3.98185929e-06 -3.13524762e-06]", "hess_inv": "[[ 3.76033325 -0.52463801 -1.11677762 -0.58879512 -0.24067383 -2.60839558]\n [-0.52463801  5.93334206  5.14549734 -1.82020145 -0.84456352  3.53965274]\n [-1.11677762  5.14549734 10.06706619 -1.46642734 -3.92869519  5.34383278]\n [-0.58879512 -1.82020145 -1.46642734  3.33560737 -0.14033022 -1.09525669]\n [-0.24067383 -0.84456352 -3.92869519 -0.14033022  4.66575299 -0.62325575]\n [-2.60839558  3.53965274  5.34383278 -1.09525669 -0.62325575  6.97479257]]", "nfev": "154", "njev": "22", "status": "0", "success": "True", "message": "Optimization terminated successfully.", "x": "[2.04162575 1.28787629 6.75669956 4.51508105 0.10914039 1.54074839]", "nit": "20", "callback": [0.0891394009314519, 0.08140819904030294]}, "17": {"maxiter": 1000, "gtol": 1e-05, "xrtol": 1e-05, "eps": 1e-10, "duration": 0.035153865814208984, "fun": "0.08140819922328568", "jac": "[ 2.22044587e-06  6.66133760e-06  0.00000000e+00  8.88178346e-06\n