{"date": "2024/09/24/, 03:47:45", "conf_id": 242, "data_type": "var_s_rank\n", "num_data_points": 1, "s_rank": 0, "unitary": "[[0.18663085-0.53122324j,-0.11886349-0.70040876j,0.28555095-0.02789305j,-0.12262021-0.2844587j],[-0.16702216+0.27758472j,0.27526351-0.29738586j,-0.01109314+0.22495461j,-0.77239203+0.28900673j],[0.61935415+0.12301792j,-0.31269928-0.03315917j,-0.61902762-0.19039079j,-0.27120731-0.0968989j],[0.42341754+0.0023929j,-0.05847358+0.47832119j,0.64900495-0.16218422j,-0.37182676-0.05229966j]]", "databatch_0": {"databatch": "[[[0.03585039+1.17875485e-01j,0.13341494-1.60922401e-01j,0.0701009+7.22419872e-02j,0.15611823+1.08090520e-02j],[-0.18901685-1.85310505e-01j,-0.08577+4.40832925e-01j,-0.2065845-6.39919672e-02j,-0.30547725+1.40440262e-01j],[0.03731826+7.24227502e-02j,0.06767982-1.20524701e-01j,0.05418001+3.86704224e-02j,0.10284077-1.15066895e-02j],[0.09449571+2.48073320e-01j,0.26297676-3.65638990e-01j,0.1613684+1.44917292e-01j,0.33717812+1.43399889e-04j]]]", "initial param values": "[0.44384728,1.42079383,4.81700126,0.89829111,2.57670982,4.46591293]", "nelder_mead": {"type": "gradient-free", "0": {"maxiter": 100, "fatol": 1e-05, "xatol": 1e-05, "duration": 0.03667306900024414, "fun": "0.02856519217737752", "nit": "100", "nfev": "156", "status": "2", "success": "False", "message": "Maximum number of iterations has been exceeded.", "x": "[0.45606744 2.39297585 2.32025022 2.33980484 0.50658193 2.53724092]", "final_simplex": "(array([[0.45606744, 2.39297585, 2.32025022, 2.33980484, 0.50658193,\n        2.53724092],\n       [0.43978779, 2.53780481, 2.12778779, 2.37478587, 0.42016639,\n        2.51122969],\n       [0.4208478 , 2.52721936, 2.17819354, 2.38520409, 0.41437467,\n        2.63802426],\n       [0.37697996, 2.62781353, 2.16618289, 2.40874593, 0.39485389,\n        2.57188274],\n       [0.42250777, 2.23041596, 2.52304789, 2.34555218, 0.61202986,\n        2.80394944],\n       [0.38041899, 2.29678224, 2.46857347, 2.4650043 , 0.59988974,\n        2.57435617],\n       [0.44267824, 2.10316727, 2.4988553 , 2.44491544, 0.52296065,\n        2.81627834]]), array([0.02856519, 0.03167269, 0.03303595, 0.03492713, 0.03661119,\n       0.03696105, 0.03764418]))", "callback": [0.5681694404805058, 0.5100401519569759, 0.2235683547852676, 0.21436786099998217, 0.18537331938243784, 0.12075750136511576, 0.06575408517271364, 0.05753141567207054, 0.036611189611064576]}, "1": {"maxiter": 100, "fatol": 1e-05, "xatol": 1e-10, "duration": 0.035275936126708984, "fun": "0.02856519217737752", "nit": "100", "nfev": "156", "status": "2", "success": "False", "message": "Maximum number of iterations has been exceeded.", "x": "[0.45606744 2.39297585 2.32025022 2.33980484 0.50658193 2.53724092]", "final_simplex": "(array([[0.45606744, 2.39297585, 2.32025022, 2.33980484, 0.50658193,\n        2.53724092],\n       [0.43978779, 2.53780481, 2.12778779, 2.37478587, 0.42016639,\n        2.51122969],\n       [0.4208478 , 2.52721936, 2.17819354, 2.38520409, 0.41437467,\n        2.63802426],\n       [0.37697996, 2.62781353, 2.16618289, 2.40874593, 0.39485389,\n        2.57188274],\n       [0.42250777, 2.23041596, 2.52304789, 2.34555218, 0.61202986,\n        2.80394944],\n       [0.38041899, 2.29678224, 2.46857347, 2.4650043 , 0.59988974,\n        2.57435617],\n       [0.44267824, 2.10316727, 2.4988553 , 2.44491544, 0.52296065,\n        2.81627834]]), array([0.02856519, 0.03167269, 0.03303595, 0.03492713, 0.03661119,\n       0.03696105, 0.03764418]))", "callback": [0.5681694404805058, 0.5100401519569759, 0.2235683547852676, 0.21436786099998217, 0.18537331938243784, 0.12075750136511576, 0.06575408517271364, 0.05753141567207054, 0.036611189611064576]}, "2": {"maxiter": 100, "fatol": 1e-10, "xatol": 1e-05, "duration": 0.03704023361206055, "fun": "0.02856519217737752", "nit": "100", "nfev": "156", "status": "2", "success": "False", "message": "Maximum number of iterations has been exceeded.", "x": "[0.45606744 2.39297585 2.32025022 2.33980484 0.50658193 2.53724092]", "final_simplex": "(array([[0.45606744, 2.39297585, 2.32025022, 2.33980484, 0.50658193,\n        2.53724092],\n       [0.43978779, 2.53780481, 2.12778779, 2.37478587, 0.42016639,\n        2.51122969],\n       [0.4208478 , 2.52721936, 2.17819354, 2.38520409, 0.41437467,\n        2.63802426],\n       [0.37697996, 2.62781353, 2.16618289, 2.40874593, 0.39485389,\n        2.57188274],\n       [0.42250777, 2.23041596, 2.52304789, 2.34555218, 0.61202986,\n        2.80394944],\n       [0.38041899, 2.29678224, 2.46857347, 2.4650043 , 0.59988974,\n        2.57435617],\n       [0.44267824, 2.10316727, 2.4988553 , 2.44491544, 0.52296065,\n        2.81627834]]), array([0.02856519, 0.03167269, 0.03303595, 0.03492713, 0.03661119,\n       0.03696105, 0.03764418]))", "callback": [0.5681694404805058, 0.5100401519569759, 0.2235683547852676, 0.21436786099998217, 0.18537331938243784, 0.12075750136511576, 0.06575408517271364, 0.05753141567207054, 0.036611189611064576]}, "3": {"maxiter": 100, "fatol": 1e-10, "xatol": 1e-10, "duration": 0.03840899467468262, "fun": "0.02856519217737752", "nit": "100", "nfev": "156", "status": "2", "success": "False", "message": "Maximum number of iterations has been exceeded.", "x": "[0.45606744 2.39297585 2.32025022 2.33980484 0.50658193 2.53724092]", "final_simplex": "(array([[0.45606744, 2.39297585, 2.32025022, 2.33980484, 0.50658193,\n        2.53724092],\n       [0.43978779, 2.53780481, 2.12778779, 2.37478587, 0.42016639,\n        2.51122969],\n       [0.4208478 , 2.52721936, 2.17819354, 2.38520409, 0.41437467,\n        2.63802426],\n       [0.37697996, 2.62781353, 2.16618289, 2.40874593, 0.39485389,\n        2.57188274],\n       [0.42250777, 2.23041596, 2.52304789, 2.34555218, 0.61202986,\n        2.80394944],\n       [0.38041899, 2.29678224, 2.46857347, 2.4650043 , 0.59988974,\n        2.57435617],\n       [0.44267824, 2.10316727, 2.4988553 , 2.44491544, 0.52296065,\n        2.81627834]]), array([0.02856519, 0.03167269, 0.03303595, 0.03492713, 0.03661119,\n       0.03696105, 0.03764418]))", "callback": [0.5681694404805058, 0.5100401519569759, 0.2235683547852676, 0.21436786099998217, 0.18537331938243784, 0.12075750136511576, 0.06575408517271364, 0.05753141567207054, 0.036611189611064576]}, "4": {"maxiter": 500, "fatol": 1e-05, "xatol": 1e-05, "duration": 0.17124509811401367, "fun": "0.0001499633199527617", "nit": "460", "nfev": "727", "status": "0", "success": "True", "message": "Optimization terminated successfully.", "x": "[ 0.93768336  1.50599378  3.07132324  2.71252539 -0.19179894  2.53428776]", "final_simplex": "(array([[ 0.93768336,  1.50599378,  3.07132324,  2.71252539, -0.19179894,\n         2.53428776],\n       [ 0.93768073,  1.50600181,  3.07131744,  2.71252455, -0.19180009,\n         2.53428078],\n       [ 0.93768505,  1.50599193,  3.07132442,  2.7125265 , -0.19180055,\n         2.53428739],\n       [ 0.93768185,  1.50599741,  3.07132158,  2.71252578, -0.19179836,\n         2.53428551],\n       [ 0.93768115,  1.50600129,  3.07131802,  2.71252396, -0.19180311,\n         2.53427792],\n       [ 0.93768301,  1.5059969 ,  3.07131957,  2.7125257 , -0.19180198,\n         2.53428251],\n       [ 0.93768105,  1.50599821,  3.07131986,  2.71252516, -0.19180101,\n         2.53428106]]), array([0.00014996, 0.00014996, 0.00014996, 0.00014996, 0.00014996,\n       0.00014996, 0.00014996]))", "callback": [0.5681694404805058, 0.5100401519569759, 0.2235683547852676, 0.21436786099998217, 0.18537331938243784, 0.12075750136511576, 0.06575408517271364, 0.05753141567207054, 0.036611189611064576, 0.02856519217737752, 0.02856519217737752, 0.02481536376071347, 0.018253852849155483, 0.011994586610170055, 0.009892118019330876, 0.008878119354881253, 0.007670688081721222, 0.007670688081721222, 0.007670688081721222, 0.007584474224602844, 0.007556972632779213, 0.007520986003435981, 0.007469903858818627, 0.007377805078088606, 0.007199489303320927, 0.006766581270812977, 0.005526309549438335, 0.002056316865134633, 0.0012233136579148374, 0.000679237811345379, 0.00045447380139618243, 0.00026819797957999825, 0.00020704918455671795, 0.0001727619551490367, 0.00015613079681209285, 0.0001513572858672374, 0.00015037528717043447, 0.00015005364595999104, 0.00014998072022742726, 0.00014996734064820494, 0.00014996430965108498, 0.0001499634015148521, 0.00014996333564465392, 0.0001499633241304199, 0.0001499633201613726, 0.0001499633199527617]}, "5": {"maxiter": 500, "fatol": 1e-05, "xatol": 1e-10, "duration": 0.17942523956298828, "fun": "0.0001499633197427075", "nit": "500", "nfev": "799", "status": "2", "success": "False", "message": "Maximum number of iterations has been exceeded.", "x": "[ 0.93768197  1.50599746  3.07132004  2.7125245  -0.19180057  2.5342834 ]", "final_simplex": "(array([[ 0.93768197,  1.50599746,  3.07132004,  2.7125245 , -0.19180057,\n         2.5342834 ],\n       [ 0.93768195,  1.50599754,  3.07131999,  2.71252447, -0.19180067,\n         2.53428323],\n       [ 0.93768194,  1.50599762,  3.07131996,  2.71252447, -0.19180062,\n         2.53428325],\n       [ 0.93768198,  1.5059975 ,  3.07132001,  2.71252448, -0.1918006 ,\n         2.53428336],\n       [ 0.93768209,  1.5059973 ,  3.07132015,  2.71252458, -0.19180063,\n         2.53428348],\n       [ 0.93768193,  1.50599762,  3.07131993,  2.7125245 , -0.19180061,\n         2.53428321],\n       [ 0.93768204,  1.50599737,  3.07132015,  2.71252453, -0.19180056,\n         2.53428349]]), array([0.00014996, 0.00014996, 0.00014996, 0.00014996, 0.00014996,\n       0.00014996, 0.00014996]))", "callback": [0.5681694404805058, 0.5100401519569759, 0.2235683547852676, 0.21436786099998217, 0.18537331938243784, 0.12075750136511576, 0.06575408517271364, 0.05753141567207054, 0.036611189611064576, 0.02856519217737752, 0.02856519217737752, 0.02481536376071347, 0.018253852849155483, 0.011994586610170055, 0.009892118019330876, 0.008878119354881253, 0.007670688081721222, 0.007670688081721222, 0.007670688081721222, 0.007584474224602844, 0.007556972632779213, 0.007520986003435981, 0.007469903858818627, 0.007377805078088606, 0.007199489303320927, 0.006766581270812977, 0.005526309549438335, 0.002056316865134633, 0.0012233136579148374, 0.000679237811345379, 0.00045447380139618243, 0.00026819797957999825, 0.00020704918455671795, 0.0001727619551490367, 0.00015613079681209285, 0.0001513572858672374, 0.00015037528717043447, 0.00015005364595999104, 0.00014998072022742726, 0.00014996734064820494, 0.00014996430965108498, 0.0001499634015148521, 0.00014996333564465392, 0.0001499633241304199, 0.0001499633201613726, 0.0001499633199527617, 0.00014996331977967792, 0.00014996331974859167, 0.00014996331974337362]}, "6": {"maxiter": 500, "fatol": 1e-10, "xatol": 1e-05, "duration": 0.16655516624450684, "fun": "0.0001499633199527617", "nit": "460", "nfev": "727", "status": "0", "success": "True", "message": "Optimization terminated successfully.", "x": "[ 0.93768336  1.50599378  3.07132324  2.71252539 -0.19179894  2.53428776]", "final_simplex": "(array([[ 0.93768336,  1.50599378,  3.07132324,  2.71252539, -0.19179894,\n         2.53428776],\n       [ 0.93768073,  1.50600181,  3.07131744,  2.71252455, -0.19180009,\n         2.53428078],\n       [ 0.93768505,  1.50599193,  3.07132442,  2.7125265 , -0.19180055,\n         2.53428739],\n       [ 0.93768185,  1.50599741,  3.07132158,  2.71252578, -0.19179836,\n         2.53428551],\n       [ 0.93768115,  1.50600129,  3.07131802,  2.71252396, -0.19180311,\n         2.53427792],\n       [ 0.93768301,  1.5059969 ,  3.07131957,  2.7125257 , -0.19180198,\n         2.53428251],\n       [ 0.93768105,  1.50599821,  3.07131986,  2.71252516, -0.19180101,\n         2.53428106]]), array([0.00014996, 0.00014996, 0.00014996, 0.00014996, 0.00014996,\n       0.00014996, 0.00014996]))", "callback": [0.5681694404805058, 0.5100401519569759, 0.2235683547852676, 0.21436786099998217, 0.18537331938243784, 0.12075750136511576, 0.06575408517271364, 0.05753141567207054, 0.036611189611064576, 0.02856519217737752, 0.02856519217737752, 0.02481536376071347, 0.018253852849155483, 0.011994586610170055, 0.009892118019330876, 0.008878119354881253, 0.007670688081721222, 0.007670688081721222, 0.007670688081721222, 0.007584474224602844, 0.007556972632779213, 0.007520986003435981, 0.007469903858818627, 0.007377805078088606, 0.007199489303320927, 0.006766581270812977, 0.005526309549438335, 0.002056316865134633, 0.0012233136579148374, 0.000679237811345379, 0.00045447380139618243, 0.00026819797957999825, 0.00020704918455671795, 0.0001727619551490367, 0.00015613079681209285, 0.0001513572858672374, 0.00015037528717043447, 0.00015005364595999104, 0.00014998072022742726, 0.00014996734064820494, 0.00014996430965108498, 0.0001499634015148521, 0.00014996333564465392, 0.0001499633241304199, 0.0001499633201613726, 0.0001499633199527617]}, "7": {"maxiter": 500, "fatol": 1e-10, "xatol": 1e-10, "duration": 0.19304394721984863, "fun": "0.0001499633197427075", "nit": "500", "nfev": "799", "status": "2", "success": "False", "message": "Maximum number of iterations has been exceeded.", "x": "[ 0.93768197  1.50599746  3.07132004  2.7125245  -0.19180057  2.5342834 ]", "final_simplex": "(array([[ 0.93768197,  1.50599746,  3.07132004,  2.7125245 , -0.19180057,\n         2.5342834 ],\n       [ 0.93768195,  1.50599754,  3.07131999,  2.71252447, -0.19180067,\n         2.53428323],\n       [ 0.93768194,  1.50599762,  3.07131996,  2.71252447, -0.19180062,\n         2.53428325],\n       [ 0.93768198,  1.5059975 ,  3.07132001,  2.71252448, -0.1918006 ,\n         2.53428336],\n       [ 0.93768209,  1.5059973 ,  3.07132015,  2.71252458, -0.19180063,\n         2.53428348],\n       [ 0.93768193,  1.50599762,  3.07131993,  2.7125245 , -0.19180061,\n         2.53428321],\n       [ 0.93768204,  1.50599737,  3.07132015,  2.71252453, -0.19180056,\n         2.53428349]]), array([0.00014996, 0.00014996, 0.00014996, 0.00014996, 0.00014996,\n       0.00014996, 0.00014996]))", "callback": [0.5681694404805058, 0.5100401519569759, 0.2235683547852676, 0.21436786099998217, 0.18537331938243784, 0.12075750136511576, 0.06575408517271364, 0.05753141567207054, 0.036611189611064576, 0.02856519217737752, 0.02856519217737752, 0.02481536376071347, 0.018253852849155483, 0.011994586610170055, 0.009892118019330876, 0.008878119354881253, 0.007670688081721222, 0.007670688081721222, 0.007670688081721222, 0.007584474224602844, 0.007556972632779213, 0.007520986003435981, 0.007469903858818627, 0.007377805078088606, 0.007199489303320927, 0.006766581270812977, 0.005526309549438335, 0.002056316865134633, 0.0012233136579148374, 0.000679237811345379, 0.00045447380139618243, 0.00026819797957999825, 0.00020704918455671795, 0.0001727619551490367, 0.00015613079681209285, 0.0001513572858672374, 0.00015037528717043447, 0.00015005364595999104, 0.00014998072022742726, 0.00014996734064820494, 0.00014996430965108498, 0.0001499634015148521, 0.00014996333564465392, 0.0001499633241304199, 0.0001499633201613726, 0.0001499633199527617, 0.00014996331977967792, 0.00014996331974859167, 0.00014996331974337362]}, "8": {"maxiter": 1000, "fatol": 1e-05, "xatol": 1e-05, "duration": 0.16190409660339355, "fun": "0.0001499633199527617", "nit": "460", "nfev": "727", "status": "0", "success": "True", "message": "Optimization terminated successfully.", "x": "[ 0.93768336  1.50599378  3.07132324  2.71252539 -0.19179894  2.53428776]", "final_simplex": "(array([[ 0.93768336,  1.50599378,  3.07132324,  2.71252539, -0.19179894,\n         2.53428776],\n       [ 0.93768073,  1.50600181,  3.07131744,  2.71252455, -0.19180009,\n         2.53428078],\n       [ 0.93768505,  1.50599193,  3.07132442,  2.7125265 , -0.19180055,\n         2.53428739],\n       [ 0.93768185,  1.50599741,  3.07132158,  2.71252578, -0.19179836,\n         2.53428551],\n       [ 0.93768115,  1.50600129,  3.07131802,  2.71252396, -0.19180311,\n         2.53427792],\n       [ 0.93768301,  1.5059969 ,  3.07131957,  2.7125257 , -0.19180198,\n         2.53428251],\n       [ 0.93768105,  1.50599821,  3.07131986,  2.71252516, -0.19180101,\n         2.53428106]]), array([0.00014996, 0.00014996, 0.00014996, 0.00014996, 0.00014996,\n       0.00014996, 0.00014996]))", "callback": [0.5681694404805058, 0.5100401519569759, 0.2235683547852676, 0.21436786099998217, 0.18537331938243784, 0.12075750136511576, 0.06575408517271364, 0.05753141567207054, 0.036611189611064576, 0.02856519217737752, 0.02856519217737752, 0.02481536376071347, 0.018253852849155483, 0.011994586610170055, 0.009892118019330876, 0.008878119354881253, 0.007670688081721222, 0.007670688081721222, 0.007670688081721222, 0.007584474224602844, 0.007556972632779213, 0.007520986003435981, 0.007469903858818627, 0.007377805078088606, 0.007199489303320927, 0.006766581270812977, 0.005526309549438335, 0.002056316865134633, 0.0012233136579148374, 0.000679237811345379, 0.00045447380139618243, 0.00026819797957999825, 0.00020704918455671795, 0.0001727619551490367, 0.00015613079681209285, 0.0001513572858672374, 0.00015037528717043447, 0.00015005364595999104, 0.00014998072022742726, 0.00014996734064820494, 0.00014996430965108498, 0.0001499634015148521, 0.00014996333564465392, 0.0001499633241304199, 0.0001499633201613726, 0.0001499633199527617]}, "9": {"maxiter": 1000, "fatol": 1e-05, "xatol": 1e-10, "duration": 0.22696518898010254, "fun": "0.00014996331974215238", "nit": "549", "nfev": "940", "status": "0", "success": "True", "message": "Optimization terminated successfully.", "x": "[ 0.93768195  1.50599754  3.07132     2.71252449 -0.19180059  2.53428333]", "final_simplex": "(array([[ 0.93768195,  1.50599754,  3.07132   ,  2.71252449, -0.19180059,\n         2.53428333],\n       [ 0.93768195,  1.50599754,  3.07132   ,  2.71252449, -0.19180059,\n         2.53428333],\n       [ 0.93768195,  1.50599754,  3.07132   ,  2.71252449, -0.19180059,\n         2.53428333],\n       [ 0.93768195,  1.50599754,  3.07132   ,  2.71252449, -0.19180059,\n         2.53428333],\n       [ 0.93768195,  1.50599754,  3.07132   ,  2.71252449, -0.19180059,\n         2.53428333],\n       [ 0.93768195,  1.50599754,  3.07132   ,  2.71252449, -0.19180059,\n         2.53428333],\n       [ 0.93768195,  1.50599754,  3.07132   ,  2.71252449, -0.19180059,\n         2.53428333]]), array([0.00014996, 0.00014996, 0.00014996, 0.00014996, 0.00014996,\n       0.00014996, 0.00014996]))", "callback": [0.5681694404805058, 0.5100401519569759, 0.2235683547852676, 0.21436786099998217, 0.18537331938243784, 0.12075750136511576, 0.06575408517271364, 0.05753141567207054, 0.036611189611064576, 0.02856519217737752, 0.02856519217737752, 0.02481536376071347, 0.018253852849155483, 0.011994586610170055, 0.009892118019330876, 0.008878119354881253, 0.007670688081721222, 0.007670688081721222, 0.007670688081721222, 0.007584474224602844, 0.007556972632779213, 0.007520986003435981, 0.007469903858818627, 0.007377805078088606, 0.007199489303320927, 0.006766581270812977, 0.005526309549438335, 0.002056316865134633, 0.0012233136579148374, 0.000679237811345379, 0.00045447380139618243, 0.00026819797957999825, 0.00020704918455671795, 0.0001727619551490367, 0.00015613079681209285, 0.0001513572858672374, 0.00015037528717043447, 0.00015005364595999104, 0.00014998072022742726, 0.00014996734064820494, 0.00014996430965108498, 0.0001499634015148521, 0.00014996333564465392, 0.0001499633241304199, 0.0001499633201613726, 0.0001499633199527617, 0.00014996331977967792, 0.00014996331974859167, 0.00014996331974337362, 0.0001499633197427075, 0.00014996331974237442, 0.00014996331974237442, 0.00014996331974237442, 0.00014996331974215238]}, "10": {"maxiter": 1000, "fatol": 1e-10, "xatol": 1e-05, "duration": 0.20201611518859863, "fun": "0.0001499633199527617", "nit": "460", "nfev": "727", "status": "0", "success": "True", "message": "Optimization terminated successfully.", "x": "[ 0.93768336  1.50599378  3.07132324  2.71252539 -0.19179894  2.53428776]", "final_simplex": "(array([[ 0.93768336,  1.50599378,  3.07132324,  2.71252539, -0.19179894,\n         2.53428776],\n       [ 0.93768073,  1.50600181,  3.07131744,  2.71252455, -0.19180009,\n         2.53428078],\n       [ 0.93768505,  1.50599193,  3.07132442,  2.7125265 , -0.19180055,\n         2.53428739],\n       [ 0.93768185,  1.50599741,  3.07132158,  2.71252578, -0.19179836,\n         2.53428551],\n       [ 0.93768115,  1.50600129,  3.07131802,  2.71252396, -0.19180311,\n         2.53427792],\n       [ 0.93768301,  1.5059969 ,  3.07131957,  2.7125257 , -0.19180198,\n         2.53428251],\n       [ 0.93768105,  1.50599821,  3.07131986,  2.71252516, -0.19180101,\n         2.53428106]]), array([0.00014996, 0.00014996, 0.00014996, 0.00014996, 0.00014996,\n       0.00014996, 0.00014996]))", "callback": [0.5681694404805058, 0.5100401519569759, 0.2235683547852676, 0.21436786099998217, 0.18537331938243784, 0.12075750136511576, 0.06575408517271364, 0.05753141567207054, 0.036611189611064576, 0.02856519217737752, 0.02856519217737752, 0.02481536376071347, 0.018253852849155483, 0.011994586610170055, 0.009892118019330876, 0.008878119354881253, 0.007670688081721222, 0.007670688081721222, 0.007670688081721222, 0.007584474224602844, 0.007556972632779213, 0.007520986003435981, 0.007469903858818627, 0.007377805078088606, 0.007199489303320927, 0.006766581270812977, 0.005526309549438335, 0.002056316865134633, 0.0012233136579148374, 0.000679237811345379, 0.00045447380139618243, 0.00026819797957999825, 0.00020704918455671795, 0.0001727619551490367, 0.00015613079681209285, 0.0001513572858672374, 0.00015037528717043447, 0.00015005364595999104, 0.00014998072022742726, 0.00014996734064820494, 0.00014996430965108498, 0.0001499634015148521, 0.00014996333564465392, 0.0001499633241304199, 0.0001499633201613726, 0.0001499633199527617]}, "11": {"maxiter": 1000, "fatol": 1e-10, "xatol": 1e-10, "duration": 0.2159252166748047, "fun": "0.00014996331974215238", "nit": "549", "nfev": "940", "status": "0", "success": "True", "message": "Optimization terminated successfully.", "x": "[ 0.93768195  1.50599754  3.07132     2.71252449 -0.19180059  2.53428333]", "final_simplex": "(array([[ 0.93768195,  1.50599754,  3.07132   ,  2.71252449, -0.19180059,\n         2.53428333],\n       [ 0.93768195,  1.50599754,  3.07132   ,  2.71252449, -0.19180059,\n         2.53428333],\n       [ 0.93768195,  1.50599754,  3.07132   ,  2.71252449, -0.19180059,\n         2.53428333],\n       [ 0.93768195,  1.50599754,  3.07132   ,  2.71252449, -0.19180059,\n         2.53428333],\n       [ 0.93768195,  1.50599754,  3.07132   ,  2.71252449, -0.19180059,\n         2.53428333],\n       [ 0.93768195,  1.50599754,  3.07132   ,  2.71252449, -0.19180059,\n         2.53428333],\n       [ 0.93768195,  1.50599754,  3.07132   ,  2.71252449, -0.19180059,\n         2.53428333]]), array([0.00014996, 0.00014996, 0.00014996, 0.00014996, 0.00014996,\n       0.00014996, 0.00014996]))", "callback": [0.5681694404805058, 0.5100401519569759, 0.2235683547852676, 0.21436786099998217, 0.18537331938243784, 0.12075750136511576, 0.06575408517271364, 0.05753141567207054, 0.036611189611064576, 0.02856519217737752, 0.02856519217737752, 0.02481536376071347, 0.018253852849155483, 0.011994586610170055, 0.009892118019330876, 0.008878119354881253, 0.007670688081721222, 0.007670688081721222, 0.007670688081721222, 0.007584474224602844, 0.007556972632779213, 0.007520986003435981, 0.007469903858818627, 0.007377805078088606, 0.007199489303320927, 0.006766581270812977, 0.005526309549438335, 0.002056316865134633, 0.0012233136579148374, 0.000679237811345379, 0.00045447380139618243, 0.00026819797957999825, 0.00020704918455671795, 0.0001727619551490367, 0.00015613079681209285, 0.0001513572858672374, 0.00015037528717043447, 0.00015005364595999104, 0.00014998072022742726, 0.00014996734064820494, 0.00014996430965108498, 0.0001499634015148521, 0.00014996333564465392, 0.0001499633241304199, 0.0001499633201613726, 0.0001499633199527617, 0.00014996331977967792, 0.00014996331974859167, 0.00014996331974337362, 0.0001499633197427075, 0.00014996331974237442, 0.00014996331974237442, 0.00014996331974237442, 0.00014996331974215238]}}, "bfgs": {"type": "gradient", "0": {"maxiter": 100, "gtol": 1e-05, "xrtol": 1e-05, "eps": 1e-05, "duration": 0.038017988204956055, "fun": "0.00014996338777717444", "jac": "[1.51656465e-07 2.43471909e-08 1.07691633e-09 5.38569189e-08\n 8.19488921e-07 1.02355902e-06]", "hess_inv": "[[ 11.92741385 -15.14384558  -2.03765094  -4.19406239 -10.19832771\n    6.11162706]\n [-15.14384558  25.51408683   4.34371373   5.79939346  16.48471407\n   -9.5639444 ]\n [ -2.03765094   4.34371373   4.12497037  -1.26490523   3.19425004\n   -1.08788431]\n [ -4.19406239   5.79939346  -1.26490523   4.91324768   3.82279073\n   -2.76152984]\n [-10.19832771  16.48471407   3.19425004   3.82279073  11.94571674\n   -6.70405   ]\n [  6.11162706  -9.5639444   -1.08788431  -2.76152984  -6.70405\n    5.46147619]]", "nfev": "161", "njev": "23", "status": "0", "success": "True", "message": "Optimization terminated successfully.", "x": "[1.86356376 0.38784128 3.41747864 2.96019846 1.04262582 5.08847175]", "nit": "22", "callback": [0.007546159853863088, 0.0001499880681486987]}, "1": {"maxiter": 100, "gtol": 1e-05, "xrtol": 1e-05, "eps": 1e-10, "duration": 0.0389552116394043, "fun": "0.00014996336060713045", "jac": "[-1.11022293e-06  2.22044587e-06  3.33066880e-06  0.00000000e+00\n  1.11022293e-06  1.11022293e-06]", "hess_inv": "[[ 11.69377768 -15.06473259  -2.06287049  -3.98987207 -10.13912324\n    6.10659883]\n [-15.06473259  25.82866026   4.49797465   5.54621109  16.70651468\n   -9.71145226]\n [ -2.06287049   4.49797465   4.18011303  -1.31508592   3.30632085\n   -1.15126463]\n [ -3.98987207   5.54621109  -1.31508592   4.82977939   3.63813473\n   -2.67570012]\n [-10.13912324  16.70651468   3.30632085   3.63813473  12.09986091\n   -6.8066482 ]\n [  6.10659883  -9.71145226  -1.15126463  -2.67570012  -6.8066482\n    5.52821511]]", "nfev": "161", "njev": "23", "status": "0", "success": "True", "message": "Optimization terminated successfully.", "x": "[1.86359228 0.38785435 3.41749684 2.96018879 1.04280115 5.08865002]", "nit": "22", "callback": [0.007546678754189018, 0.00014998830472001679]}, "2": {"maxiter": 100, "gtol": 1e-05, "xrtol": 1e-10, "eps": 1e-05, "duration": 0.040093183517456055, "fun": "0.00014996338777717444", "jac": "[1.51656465e-07 2.43471909e-08 1.07691633e-09 5.38569189e-08\n 8.19488921e-07 1.02355902e-06]", "hess_inv": "[[ 11.92741385 -15.14384558  -2.03765094  -4.19406239 -10.19832771\n    6.11162706]\n [-15.14384558  25.51408683   4.34371373   5.79939346  16.48471407\n   -9.5639444 ]\n [ -2.03765094   4.34371373   4.12497037  -1.26490523   3.19425004\n   -1.08788431]\n [ -4.19406239   5.79939346  -1.26490523   4.91324768   3.82279073\n   -2.76152984]\n [-10.19832771  16.48471407   3.19425004   3.82279073  11.94571674\n   -6.70405   ]\n [  6.11162706  -9.5639444   -1.08788431  -2.76152984  -6.70405\n    5.46147619]]", "nfev": "161", "njev": "23", "status": "0", "success": "True", "message": "Optimization terminated successfully.", "x": "[1.86356376 0.38784128 3.41747864 2.96019846 1.04262582 5.08847175]", "nit": "22", "callback": [0.007546159853863088, 0.0001499880681486987]}, "3": {"maxiter": 100, "gtol": 1e-05, "xrtol": 1e-10, "eps": 1e-10, "duration": 0.03774118423461914, "fun": "0.00014996336060713045", "jac": "[-1.11022293e-06  2.22044587e-06  3.33066880e-06  0.00000000e+00\n  1.11022293e-06  1.11022293e-06]", "hess_inv": "[[ 11.69377768 -15.06473259  -2.06287049  -3.98987207 -10.13912324\n    6.10659883]\n [-15.06473259  25.82866026   4.49797465   5.54621109  16.70651468\n   -9.71145226]\n [ -2.06287049   4.49797465   4.18011303  -1.31508592   3.30632085\n   -1.15126463]\n [ -3.98987207   5.54621109  -1.31508592   4.82977939   3.63813473\n   -2.67570012]\n [-10.13912324  16.70651468   3.30632085   3.63813473  12.09986091\n   -6.8066482 ]\n [  6.10659883  -9.71145226  -1.15126463  -2.67570012  -6.8066482\n    5.52821511]]", "nfev": "161", "njev": "23", "status": "0", "success": "True", "message": "Optimization terminated successfully.", "x": "[1.86359228 0.38785435 3.41749684 2.96018879 1.04280115 5.08865002]", "nit": "22", "callback": [0.007546678754189018, 0.00014998830472001679]}, "4": {"maxiter": 100, "gtol": 1e-10, "xrtol": 1e-05, "eps": 1e-05, "duration": 0.036210060119628906, "fun": "0.00014996338777717444", "jac": "[1.51656465e-07 2.43471909e-08 1.07691633e-09 5.38569189e-08\n 8.19488921e-07 1.02355902e-06]", "hess_inv": "[[ 11.92741385 -15.14384558  -2.03765094  -4.19406239 -10.19832771\n    6.11162706]\n [-15.14384558  25.51408683   4.34371373   5.79939346  16.48471407\n   -9.5639444 ]\n [ -2.03765094   4.34371373   4.12497037  -1.26490523   3.19425004\n   -1.08788431]\n [ -4.19406239   5.79939346  -1.26490523   4.91324768   3.82279073\n   -2.76152984]\n [-10.19832771  16.48471407   3.19425004   3.82279073  11.94571674\n   -6.70405   ]\n [  6.11162706  -9.5639444   -1.08788431  -2.76152984  -6.70405\n    5.46147619]]", "nfev": "161", "njev": "23", "status": "0", "success": "True", "message": "Optimization terminated successfully.", "x": "[1.86356376 0.38784128 3.41747864 2.96019846 1.04262582 5.08847175]", "nit": "22", "callback": [0.007546159853863088, 0.0001499880681486987]}, "5": {"maxiter": 100, "gtol": 1e-10, "xrtol": 1e-05, "eps": 1e-10, "duration": 0.037702083587646484, "fun": "0.00014996336060713045", "jac": "[-1.11022293e-06  2.22044587e-06  3.33066880e-06  0.00000000e+00\n  1.11022293e-06  1.11022293e-06]", "hess_inv": "[[ 11.69377768 -15.06473259  -2.06287049  -3.98987207 -10.13912324\n    6.10659883]\n [-15.06473259  25.82866026   4.49797465   5.54621109  16.70651468\n   -9.71145226]\n [ -2.06287049   4.49797465   4.18011303  -1.31508592   3.30632085\n   -1.15126463]\n [ -3.98987207   5.54621109  -1.31508592   4.82977939   3.63813473\n   -2.67570012]\n [-10.13912324  16.70651468   3.30632085   3.63813473  12.09986091\n   -6.8066482 ]\n [  6.10659883  -9.71145226  -1.15126463  -2.67570012  -6.8066482\n    5.52821511]]", "nfev": "161", "njev": "23", "status": "0", "success": "True", "message": "Optimization terminated successfully.", "x": "[1.86359228 0.38785435 3.41749684 2.96018879 1.04280115 5.08865002]", "nit": "22", "callback": [0.007546678754189018, 0.00014998830472001679]}, "6": {"maxiter": 100, "gtol": 1e-10, "xrtol": 1e-10, "eps": 1e-05, "duration": 0.0779421329498291, "fun": "0.00014996338777717444", "jac": "[1.51656465e-07 2.43471909e-08 1.07691633e-09 5.38569189e-08\n 8.19488921e-07 1.02355902e-06]", "hess_inv": "[[ 11.99397625 -15.31998716  -2.12990725  -4.19983012 -10.34676902\n    6.06397179]\n [-15.31998716  25.8284198    4.49917996   5.87094189  16.71777204\n   -9.5119703 ]\n [ -2.12990725   4.49917996   4.20104113  -1.22403056   3.30666585\n   -1.06514081]\n [ -4.19983012   5.87094189  -1.22403056   4.8928753    3.89489542\n   -2.72990949]\n [-10.34676902  16.71777204   3.30666585   3.89489542  12.10860853\n   -6.67580195]\n [  6.06397179  -9.5119703   -1.06514081  -2.72990949  -6.67580195\n    5.45938629]]", "nfev": "333", "njev": "46", "status": "2", "success": "False", "message": "Desired error not necessarily achieved due to precision loss.", "x": "[1.86356376 0.38784128 3.41747864 2.96019846 1.04262582 5.08847175]", "nit": "22", "callback": [0.007546159853863088, 0.0001499880681486987]}, "7": {"maxiter": 100, "gtol": 1e-10, "xrtol": 1e-10, "eps": 1e-10, "duration": 0.08976173400878906, "fun": "0.0001499633593091687", "jac": "[ 1.11022293e-06  2.22044587e-06  2.22044587e-06 -1.11022293e-06\n  3.33066880e-06  0.00000000e+00]", "hess_inv": "[[ 35.71588149 -57.06492748 -18.04671766 -17.95929777 -37.23717827\n   15.84438749]\n [-57.06492748  97.17052216  31.67701908  29.76984338  62.28772253\n  -25.72986105]\n [-18.04671766  31.67701908  14.41001713   7.61137068  20.73248324\n   -7.44322272]\n [-17.95929777  29.76984338   7.61137068  12.232705    19.35430738\n   -8.67476146]\n [-37.23717827  62.28772253  20.73248324  19.35430738  41.09938083\n  -16.84550183]\n [ 15.84438749 -25.72986105  -7.44322272  -8.67476146 -16.84550183\n    8.72344305]]", "nfev": "397", "njev": "55", "status": "2", "success": "False", "message": "Desired error not necessarily achieved due to precision loss.", "x": "[1.86361128 0.38782629 3.41748662 2.96017949 1.04278393 5.08865601]", "nit": "23", "callback": [0.007546678754189018, 0.00014998830472001679]}, "8": {"maxiter": 500, "gtol": 1e-05, "xrtol": 1e-05, "eps": 1e-05, "duration": 0.03676486015319824, "fun": "0.00014996338777717444", "jac": "[1.51656465e-07 2.43471909e-08 1.07691633e-09 5.38569189e-08\n 8.19488921e-07 1.02355902e-06]", "hess_inv": "[[ 11.92741385 -15.14384558  -2.03765094  -4.19406239 -10.19832771\n    6.11162706]\n [-15.14384558  25.51408683   4.34371373   5.79939346  16.48471407\n   -9.5639444 ]\n [ -2.03765094   4.34371373   4.12497037  -1.26490523   3.19425004\n   -1.08788431]\n [ -4.19406239   5.79939346  -1.26490523   4.91324768   3.82279073\n   -2.76152984]\n [-10.19832771  16.48471407   3.19425004   3.82279073  11.94571674\n   -6.70405   ]\n [  6.11162706  -9.5639444   -1.08788431  -2.76152984  -6.70405\n    5.46147619]]", "nfev": "161", "njev": "23", "status": "0", "success": "True", "message": "Optimization terminated successfully.", "x": "[1.86356376 0.38784128 3.41747864 2.96019846 1.04262582 5.08847175]", "nit": "22", "callback": [0.007546159853863088, 0.0001499880681486987]}, "9": {"maxiter": 500, "gtol": 1e-05, "xrtol": 1e-05, "eps": 1e-10, "duration": 0.03639101982116699, "fun": "0.00014996336060713045", "jac": "[-1.11022293e-06  2.22044587e-06  3.33066880e-06  0.00000000e+00\n  1.11022293e-06  1.11022293e-06]", "hess_inv": "[[ 11.69377768 -15.06473259  -2.06287049  -3.98987207 -10.13912324\n    6.10659883]\n [-15.06473259  25.82866026   4.49797465   5.54621109  16.70651468\n   -9.71145226]\n [ -2.06287049   4.49797465   4.18011303  -1.31508592   3.30632085\n   -1.15126463]\n [ -3.98987207   5.54621109  -1.31508592   4.82977939   3.63813473\n   -2.67570012]\n [-10.13912324  16.70651468   3.30632085   3.63813473  12.09986091\n   -6.8066482 ]\n [  6.10659883  -9.71145226  -1.15126463  -2.67570012  -6.8066482\n    5.52821511]]", "nfev": "161", "njev": "23", "status": "0", "success": "True", "message": "Optimization terminated successfully.", "x": "[1.86359228 0.38785435 3.41749684 2.96018879 1.04280115 5.08865002]", "nit": "22", "callback": [0.007546678754189018, 0.00014998830472001679]}, "10": {"maxiter": 500, "gtol": 1e-05, "xrtol": 1e-10, "eps": 1e-05, "duration": 0.037001848220825195, "fun": "0.00014996338777717444", "jac": "[1.51656465e-07 2.43471909e-08 1.07691633e-09 5.38569189e-08\n 8.19488921e-07 1.02355902e-06]", "hess_inv": "[[ 11.92741385 -15.14384558  -2.03765094  -4.19406239 -10.19832771\n    6.11162706]\n [-15.14384558  25.51408683   4.34371373   5.79939346  16.48471407\n   -9.5639444 ]\n [ -2.03765094   4.34371373   4.12497037  -1.26490523   3.19425004\n   -1.08788431]\n [ -4.19406239   5.79939346  -1.26490523   4.91324768   3.82279073\n   -2.76152984]\n [-10.19832771  16.48471407   3.19425004   3.82279073  11.94571674\n   -6.70405   ]\n [  6.11162706  -9.5639444   -1.08788431  -2.76152984  -6.70405\n    5.46147619]]", "nfev": "161", "njev": "23", "status": "0", "success": "True", "message": "Optimization terminated successfully.", "x": "[1.86356376 0.38784128 3.41747864 2.96019846 1.04262582 5.08847175]", "nit": "22", "callback": [0.007546159853863088, 0.0001499880681486987]}, "11": {"maxiter": 500, "gtol": 1e-05, "xrtol": 1e-10, "eps": 1e-10, "duration": 0.03646492958068848, "fun": "0.00014996336060713045", "jac": "[-1.11022293e-06  2.22044587e-06  3.33066880e-06  0.00000000e+00\n  1.11022293e-06  1.11022293e-06]", "hess_inv": "[[ 11.69377768 -15.06473259  -2.06287049  -3.98987207 -10.13912324\n    6.10659883]\n [-15.06473259  25.82866026   4.49797465   5.54621109  16.70651468\n   -9.71145226]\n [ -2.06287049   4.49797465   4.18011303  -1.31508592   3.30632085\n   -1.15126463]\n [ -3.98987207   5.54621109  -1.31508592   4.82977939   3.63813473\n   -2.67570012]\n [-10.13912324  16.70651468   3.30632085   3.63813473  12.09986091\n   -6.8066482 ]\n [  6.10659883  -9.71145226  -1.15126463  -2.67570012  -6.8066482\n    5.52821511]]", "nfev": "161", "njev": "23", "status": "0", "success": "True", "message": "Optimization terminated successfully.", "x": "[1.86359228 0.38785435 3.41749684 2.96018879 1.04280115 5.08865002]", "nit": "22", "callback": [0.007546678754189018, 0.00014998830472001679]}, "12": {"maxiter": 500, "gtol": 1e-10, "xrtol": 1e-05, "eps": 1e-05, "duration": 0.0369572639465332, "fun": "0.00014996338777717444", "jac": "[1.51656465e-07 2.43471909e-08 1.07691633e-09 5.38569189e-08\n 8.19488921e-07 1.02355902e-06]", "hess_inv": "[[ 11.92741385 -15.14384558  -2.03765094  -4.19406239 -10.19832771\n    6.11162706]\n [-15.14384558  25.51408683   4.34371373   5.79939346  16.48471407\n   -9.5639444 ]\n [ -2.03765094   4.34371373   4.12497037  -1.26490523   3.19425004\n   -1.08788431]\n [ -4.19406239   5.79939346  -1.26490523   4.91324768   3.82279073\n   -2.76152984]\n [-10.19832771  16.48471407   3.19425004   3.82279073  11.94571674\n   -6.70405   ]\n [  6.11162706  -9.5639444   -1.08788431  -2.76152984  -6.70405\n    5.46147619]]", "nfev": "161", "njev": "23", "status": "0", "success": "True", "message": "Optimization terminated successfully.", "x": "[1.86356376 0.38784128 3.41747864 2.96019846 1.04262582 5.08847175]", "nit": "22", "callback": [0.007546159853863088, 0.0001499880681486987]}, "13": {"maxiter": 500, "gtol": 1e-10, "xrtol": 1e-05, "eps": 1e-10, "duration": 0.03644204139709473, "fun": "0.00014996336060713045", "jac": "[-1.11022293e-06  2.22044587e-06  3.33066880e-06  0.00000000e+00\n  1.11022293e-06  1.11022293e-06]", "hess_inv": "[[ 11.69377768 -15.06473259  -2.06287049  -3.98987207 -10.13912324\n    6.10659883]\n [-15.06473259  25.82866026   4.49797465   5.54621109  16.70651468\n   -9.71145226]\n [ -2.06287049   4.49797465   4.18011303  -1.31508592   3.30632085\n   -1.15126463]\n [ -3.98987207   5.54621109  -1.31508592   4.82977939   3.63813473\n   -2.67570012]\n [-10.13912324  16.70651468   3.30632085   3.63813473  12.09986091\n   -6.8066482 ]\n [  6.10659883  -9.71145226  -1.15126463  -2.67570012  -6.8066482\n    5.52821511]]", "nfev": "161", "njev": "23", "status": "0", "success": "True", "message": "Optimization terminated successfully.", "x": "[1.86359228 0.38785435 3.41749684 2.96018879 1.04280115 5.08865002]", "nit": "22", "callback": [0.007546678754189018, 0.00014998830472001679]}, "14": {"maxiter": 500, "gtol": 1e-10, "xrtol": 1e-10, "eps": 1e-05, "duration": 0.0757148265838623, "fun": "0.00014996338777717444", "jac": "[1.51656465e-07 2.43471909e-08 1.07691633e-09 5.38569189e-08\n 8.19488921e-07 1.02355902e-06]", "hess_inv": "[[ 11.99397625 -15.31998716  -2.12990725  -4.19983012 -10.34676902\n    6.06397179]\n [-15.31998716  25.8284198    4.49917996   5.87094189  16.71777204\n   -9.5119703 ]\n [ -2.12990725   4.49917996   4.20104113  -1.22403056   3.30666585\n   -1.06514081]\n [ -4.19983012   5.87094189  -1.22403056   4.8928753    3.89489542\n   -2.72990949]\n [-10.34676902  16.71777204   3.30666585   3.89489542  12.10860853\n   -6.67580195]\n [  6.06397179  -9.5119703   -1.06514081  -2.72990949  -6.67580195\n    5.45938629]]", "nfev": "333", "njev": "46", "status": "2", "success": "False", "message": "Desired error not necessarily achieved due to precision loss.", "x": "[1.86356376 0.38784128 3.41747864 2.96019846 1.04262582 5.08847175]", "nit": "22", "callback": [0.007546159853863088, 0.0001499880681486987]}, "15": {"maxiter": 500, "gtol": 1e-10, "xrtol": 1e-10, "eps": 1e-10, "duration": 0.08918380737304688, "fun": "0.0001499633593091687", "jac": "[ 1.11022293e-06  2.22044587e-06  2.22044587e-06 -1.11022293e-06\n  3.33066880e-06  0.00000000e+00]", "hess_inv": "[[ 35.71588149 -57.06492748 -18.04671766 -17.95929777 -37.23717827\n   15.84438749]\n [-57.06492748  97.17052216  31.67701908  29.76984338  62.28772253\