{"date": "2024/09/24/, 06:16:28", "conf_id": 303, "data_type": "var_s_rank\n", "num_data_points": 4, "s_rank": 0, "unitary": "[[-0.53618537-0.34368723j,-0.12107031-0.46226139j,-0.07699282-0.46603512j,0.36022595-0.11472301j],[0.26026499-0.63450712j,-0.56616638+0.37832564j,-0.14988651+0.08458591j,0.10363514-0.16008501j],[-0.32580188-0.11070003j,-0.36476308-0.23593218j,0.02559343+0.41761608j,-0.25598305+0.6725303j],[0.07406738-0.0126433j,0.28513701+0.19483972j,-0.74939717-0.10299659j,0.29798249+0.46269921j]]", "databatch_0": {"databatch": "[[[-1.37313714e-02+0.03007138j,1.73381057e-01-0.21067019j,-5.56862695e-02-0.14605736j,-4.08441884e-01+0.08457767j],[2.61926809e-02+0.00910551j,-1.89560347e-01-0.12824985j,-1.17605070e-01+0.05797956j,1.02719361e-01+0.33446529j],[-2.32706780e-02-0.03166913j,1.18334401e-01+0.30199955j,1.83888917e-01+0.02675652j,1.48690854e-01-0.4730395j],[-2.00974596e-02+0.01338105j,1.88705982e-01-0.06403634j,2.16495642e-02-0.11209434j,-2.86082899e-01-0.10470407j]],[[-1.73549620e-01-0.21629476j,1.57382407e-01-0.45803551j,1.02490540e-02-0.11132258j,-1.60302146e-01+0.43184839j],[-9.04544816e-02-0.0612101j,5.96354550e-03-0.19065358j,-9.08735815e-03-0.04308124j,-1.01071066e-02+0.18113913j],[-8.34188927e-02+0.05561168j,-1.59937354e-01-0.07126206j,-3.97633950e-02-0.00723574j,1.50413811e-01+0.07147965j],[-1.53173466e-01-0.14521942j,7.14655417e-02-0.36163448j,-3.74719837e-03-0.08500626j,-7.63669566e-02+0.34218745j]],[[5.89499578e-01+0.19535208j,-8.14529358e-02-0.05841398j,8.22315089e-03+0.00412423j,1.33344556e-01-0.15882807j],[1.84167257e-01-0.33121255j,-4.42855457e-02+0.04219098j,3.40789339e-03-0.00446107j,-8.00586691e-02-0.09800973j],[-4.86015484e-01-0.05349639j,7.23202237e-02+0.03158548j,-7.00965218e-03-0.00182358j,-7.65587057e-02+0.14421613j],[-7.88768982e-02-0.32298189j,-3.35808728e-03+0.05355618j,-4.65436347e-04-0.00490299j,-1.09955539e-01-0.01536891j]],[[-3.04770631e-01+0.36736742j,-9.49579786e-02+0.29976817j,-3.62659719e-01+0.27631129j,3.14137348e-01+0.2711085j],[-8.37646887e-02-0.0552304j,-6.48161628e-02-0.0129472j,-6.60708323e-02-0.06941937j,-4.94211408e-02+0.07186892j],[5.57546940e-03-0.17357554j,-3.96214517e-02-0.10732452j,4.25312554e-02-0.16033311j,-1.50768164e-01-0.00778392j],[1.17920968e-01-0.2009874j,2.21544435e-02-0.15190272j,1.52979374e-01-0.16167335j,-1.72691471e-01-0.10589258j]]]", "initial param values": "[1.12141981,4.05720794,0.23729488,0.30167641,4.11987304,4.04626511]", "nelder_mead": {"type": "gradient-free", "0": {"maxiter": 100, "fatol": 1e-05, "xatol": 1e-05, "duration": 0.03595709800720215, "fun": "0.37165427133205653", "nit": "100", "nfev": "146", "status": "2", "success": "False", "message": "Maximum number of iterations has been exceeded.", "x": "[0.03993327 0.39634863 0.17600947 0.5121545  2.85147641 7.59288325]", "final_simplex": "(array([[ 3.99332662e-02,  3.96348627e-01,  1.76009472e-01,\n         5.12154499e-01,  2.85147641e+00,  7.59288325e+00],\n       [-3.53969356e-02,  2.24843302e-01,  1.76318477e-01,\n         5.28130959e-01,  2.91556655e+00,  7.36268893e+00],\n       [-1.18987701e-01,  1.13257139e-01,  1.62604229e-01,\n         5.44922220e-01,  2.76728719e+00,  7.99550638e+00],\n       [ 5.82555725e-02,  2.75444689e-01,  1.63758368e-01,\n         5.44443721e-01,  3.11210517e+00,  7.57030477e+00],\n       [-4.61148338e-03,  4.69823481e-01,  1.60803082e-01,\n         5.41516149e-01,  2.89538565e+00,  7.76575069e+00],\n       [ 2.68271560e-01,  2.61962592e-01,  1.68250728e-01,\n         5.67008881e-01,  2.74750402e+00,  7.82430271e+00],\n       [ 8.03405281e-02,  4.02272625e-01,  1.55800599e-01,\n         5.45375081e-01,  2.50101875e+00,  8.06871325e+00]]), array([0.37165427, 0.3725598 , 0.37397226, 0.37409704, 0.37728077,\n       0.37860055, 0.38056513]))", "callback": [0.7009929399335488, 0.67816343652373, 0.6683417649596312, 0.6263982929663636, 0.6105503832419262, 0.5852892054860321, 0.5560641589655757, 0.4832084275890013, 0.3725598017438425]}, "1": {"maxiter": 100, "fatol": 1e-05, "xatol": 1e-10, "duration": 0.032788991928100586, "fun": "0.37165427133205653", "nit": "100", "nfev": "146", "status": "2", "success": "False", "message": "Maximum number of iterations has been exceeded.", "x": "[0.03993327 0.39634863 0.17600947 0.5121545  2.85147641 7.59288325]", "final_simplex": "(array([[ 3.99332662e-02,  3.96348627e-01,  1.76009472e-01,\n         5.12154499e-01,  2.85147641e+00,  7.59288325e+00],\n       [-3.53969356e-02,  2.24843302e-01,  1.76318477e-01,\n         5.28130959e-01,  2.91556655e+00,  7.36268893e+00],\n       [-1.18987701e-01,  1.13257139e-01,  1.62604229e-01,\n         5.44922220e-01,  2.76728719e+00,  7.99550638e+00],\n       [ 5.82555725e-02,  2.75444689e-01,  1.63758368e-01,\n         5.44443721e-01,  3.11210517e+00,  7.57030477e+00],\n       [-4.61148338e-03,  4.69823481e-01,  1.60803082e-01,\n         5.41516149e-01,  2.89538565e+00,  7.76575069e+00],\n       [ 2.68271560e-01,  2.61962592e-01,  1.68250728e-01,\n         5.67008881e-01,  2.74750402e+00,  7.82430271e+00],\n       [ 8.03405281e-02,  4.02272625e-01,  1.55800599e-01,\n         5.45375081e-01,  2.50101875e+00,  8.06871325e+00]]), array([0.37165427, 0.3725598 , 0.37397226, 0.37409704, 0.37728077,\n       0.37860055, 0.38056513]))", "callback": [0.7009929399335488, 0.67816343652373, 0.6683417649596312, 0.6263982929663636, 0.6105503832419262, 0.5852892054860321, 0.5560641589655757, 0.4832084275890013, 0.3725598017438425]}, "2": {"maxiter": 100, "fatol": 1e-10, "xatol": 1e-05, "duration": 0.03349590301513672, "fun": "0.37165427133205653", "nit": "100", "nfev": "146", "status": "2", "success": "False", "message": "Maximum number of iterations has been exceeded.", "x": "[0.03993327 0.39634863 0.17600947 0.5121545  2.85147641 7.59288325]", "final_simplex": "(array([[ 3.99332662e-02,  3.96348627e-01,  1.76009472e-01,\n         5.12154499e-01,  2.85147641e+00,  7.59288325e+00],\n       [-3.53969356e-02,  2.24843302e-01,  1.76318477e-01,\n         5.28130959e-01,  2.91556655e+00,  7.36268893e+00],\n       [-1.18987701e-01,  1.13257139e-01,  1.62604229e-01,\n         5.44922220e-01,  2.76728719e+00,  7.99550638e+00],\n       [ 5.82555725e-02,  2.75444689e-01,  1.63758368e-01,\n         5.44443721e-01,  3.11210517e+00,  7.57030477e+00],\n       [-4.61148338e-03,  4.69823481e-01,  1.60803082e-01,\n         5.41516149e-01,  2.89538565e+00,  7.76575069e+00],\n       [ 2.68271560e-01,  2.61962592e-01,  1.68250728e-01,\n         5.67008881e-01,  2.74750402e+00,  7.82430271e+00],\n       [ 8.03405281e-02,  4.02272625e-01,  1.55800599e-01,\n         5.45375081e-01,  2.50101875e+00,  8.06871325e+00]]), array([0.37165427, 0.3725598 , 0.37397226, 0.37409704, 0.37728077,\n       0.37860055, 0.38056513]))", "callback": [0.7009929399335488, 0.67816343652373, 0.6683417649596312, 0.6263982929663636, 0.6105503832419262, 0.5852892054860321, 0.5560641589655757, 0.4832084275890013, 0.3725598017438425]}, "3": {"maxiter": 100, "fatol": 1e-10, "xatol": 1e-10, "duration": 0.03306698799133301, "fun": "0.37165427133205653", "nit": "100", "nfev": "146", "status": "2", "success": "False", "message": "Maximum number of iterations has been exceeded.", "x": "[0.03993327 0.39634863 0.17600947 0.5121545  2.85147641 7.59288325]", "final_simplex": "(array([[ 3.99332662e-02,  3.96348627e-01,  1.76009472e-01,\n         5.12154499e-01,  2.85147641e+00,  7.59288325e+00],\n       [-3.53969356e-02,  2.24843302e-01,  1.76318477e-01,\n         5.28130959e-01,  2.91556655e+00,  7.36268893e+00],\n       [-1.18987701e-01,  1.13257139e-01,  1.62604229e-01,\n         5.44922220e-01,  2.76728719e+00,  7.99550638e+00],\n       [ 5.82555725e-02,  2.75444689e-01,  1.63758368e-01,\n         5.44443721e-01,  3.11210517e+00,  7.57030477e+00],\n       [-4.61148338e-03,  4.69823481e-01,  1.60803082e-01,\n         5.41516149e-01,  2.89538565e+00,  7.76575069e+00],\n       [ 2.68271560e-01,  2.61962592e-01,  1.68250728e-01,\n         5.67008881e-01,  2.74750402e+00,  7.82430271e+00],\n       [ 8.03405281e-02,  4.02272625e-01,  1.55800599e-01,\n         5.45375081e-01,  2.50101875e+00,  8.06871325e+00]]), array([0.37165427, 0.3725598 , 0.37397226, 0.37409704, 0.37728077,\n       0.37860055, 0.38056513]))", "callback": [0.7009929399335488, 0.67816343652373, 0.6683417649596312, 0.6263982929663636, 0.6105503832419262, 0.5852892054860321, 0.5560641589655757, 0.4832084275890013, 0.3725598017438425]}, "4": {"maxiter": 500, "fatol": 1e-05, "xatol": 1e-05, "duration": 0.16823029518127441, "fun": "0.28240555466145867", "nit": "500", "nfev": "744", "status": "2", "success": "False", "message": "Maximum number of iterations has been exceeded.", "x": "[ 0.85892386  1.83926074 -1.34742958  0.75948075  3.2624936   7.07295387]", "final_simplex": "(array([[ 0.85892386,  1.83926074, -1.34742958,  0.75948075,  3.2624936 ,\n         7.07295387],\n       [ 0.85801721,  1.84071086, -1.34758591,  0.76168017,  3.26380715,\n         7.07181542],\n       [ 0.85879707,  1.83951079, -1.34638642,  0.76135287,  3.26237627,\n         7.07295157],\n       [ 0.85742807,  1.84069812, -1.34764022,  0.76097321,  3.26289769,\n         7.07427029],\n       [ 0.8591346 ,  1.84103582, -1.34829078,  0.76092962,  3.2632584 ,\n         7.07265105],\n       [ 0.85817264,  1.84139861, -1.34775056,  0.76085866,  3.26663334,\n         7.07117004],\n       [ 0.85967291,  1.83763971, -1.34658571,  0.76048549,  3.26242069,\n         7.07274773]]), array([0.28240555, 0.28240559, 0.28240569, 0.28240572, 0.28240575,\n       0.28240601, 0.28240615]))", "callback": [0.7009929399335488, 0.67816343652373, 0.6683417649596312, 0.6263982929663636, 0.6105503832419262, 0.5852892054860321, 0.5560641589655757, 0.4832084275890013, 0.3725598017438425, 0.37165427133205653, 0.36627765954346814, 0.36517255559765327, 0.3642069736011929, 0.3604835168815512, 0.3523467761083948, 0.3469931603731443, 0.3410677570942443, 0.3380992250102193, 0.3362825157863397, 0.33584676113959944, 0.335753957072795, 0.3357137765402314, 0.33570286959512186, 0.33569730016858645, 0.33568388359517476, 0.3356574690057975, 0.33556528149143594, 0.33533242064362656, 0.3345146014403988, 0.3329200954884779, 0.3312259048719146, 0.3245179702778852, 0.3142685871834333, 0.3128821286340474, 0.31024919292825737, 0.3029431785842942, 0.29873471477678604, 0.2972097057572263, 0.2956731120707652, 0.2934520244810491, 0.2885172708286954, 0.285519644391087, 0.2845397879567063, 0.2835206402625977, 0.2826186336147991, 0.28251790213888406, 0.28242838658938285, 0.28240893755146523, 0.2824061480053608]}, "5": {"maxiter": 500, "fatol": 1e-05, "xatol": 1e-10, "duration": 0.1664292812347412, "fun": "0.28240555466145867", "nit": "500", "nfev": "744", "status": "2", "success": "False", "message": "Maximum number of iterations has been exceeded.", "x": "[ 0.85892386  1.83926074 -1.34742958  0.75948075  3.2624936   7.07295387]", "final_simplex": "(array([[ 0.85892386,  1.83926074, -1.34742958,  0.75948075,  3.2624936 ,\n         7.07295387],\n       [ 0.85801721,  1.84071086, -1.34758591,  0.76168017,  3.26380715,\n         7.07181542],\n       [ 0.85879707,  1.83951079, -1.34638642,  0.76135287,  3.26237627,\n         7.07295157],\n       [ 0.85742807,  1.84069812, -1.34764022,  0.76097321,  3.26289769,\n         7.07427029],\n       [ 0.8591346 ,  1.84103582, -1.34829078,  0.76092962,  3.2632584 ,\n         7.07265105],\n       [ 0.85817264,  1.84139861, -1.34775056,  0.76085866,  3.26663334,\n         7.07117004],\n       [ 0.85967291,  1.83763971, -1.34658571,  0.76048549,  3.26242069,\n         7.07274773]]), array([0.28240555, 0.28240559, 0.28240569, 0.28240572, 0.28240575,\n       0.28240601, 0.28240615]))", "callback": [0.7009929399335488, 0.67816343652373, 0.6683417649596312, 0.6263982929663636, 0.6105503832419262, 0.5852892054860321, 0.5560641589655757, 0.4832084275890013, 0.3725598017438425, 0.37165427133205653, 0.36627765954346814, 0.36517255559765327, 0.3642069736011929, 0.3604835168815512, 0.3523467761083948, 0.3469931603731443, 0.3410677570942443, 0.3380992250102193, 0.3362825157863397, 0.33584676113959944, 0.335753957072795, 0.3357137765402314, 0.33570286959512186, 0.33569730016858645, 0.33568388359517476, 0.3356574690057975, 0.33556528149143594, 0.33533242064362656, 0.3345146014403988, 0.3329200954884779, 0.3312259048719146, 0.3245179702778852, 0.3142685871834333, 0.3128821286340474, 0.31024919292825737, 0.3029431785842942, 0.29873471477678604, 0.2972097057572263, 0.2956731120707652, 0.2934520244810491, 0.2885172708286954, 0.285519644391087, 0.2845397879567063, 0.2835206402625977, 0.2826186336147991, 0.28251790213888406, 0.28242838658938285, 0.28240893755146523, 0.2824061480053608]}, "6": {"maxiter": 500, "fatol": 1e-10, "xatol": 1e-05, "duration": 0.16588687896728516, "fun": "0.28240555466145867", "nit": "500", "nfev": "744", "status": "2", "success": "False", "message": "Maximum number of iterations has been exceeded.", "x": "[ 0.85892386  1.83926074 -1.34742958  0.75948075  3.2624936   7.07295387]", "final_simplex": "(array([[ 0.85892386,  1.83926074, -1.34742958,  0.75948075,  3.2624936 ,\n         7.07295387],\n       [ 0.85801721,  1.84071086, -1.34758591,  0.76168017,  3.26380715,\n         7.07181542],\n       [ 0.85879707,  1.83951079, -1.34638642,  0.76135287,  3.26237627,\n         7.07295157],\n       [ 0.85742807,  1.84069812, -1.34764022,  0.76097321,  3.26289769,\n         7.07427029],\n       [ 0.8591346 ,  1.84103582, -1.34829078,  0.76092962,  3.2632584 ,\n         7.07265105],\n       [ 0.85817264,  1.84139861, -1.34775056,  0.76085866,  3.26663334,\n         7.07117004],\n       [ 0.85967291,  1.83763971, -1.34658571,  0.76048549,  3.26242069,\n         7.07274773]]), array([0.28240555, 0.28240559, 0.28240569, 0.28240572, 0.28240575,\n       0.28240601, 0.28240615]))", "callback": [0.7009929399335488, 0.67816343652373, 0.6683417649596312, 0.6263982929663636, 0.6105503832419262, 0.5852892054860321, 0.5560641589655757, 0.4832084275890013, 0.3725598017438425, 0.37165427133205653, 0.36627765954346814, 0.36517255559765327, 0.3642069736011929, 0.3604835168815512, 0.3523467761083948, 0.3469931603731443, 0.3410677570942443, 0.3380992250102193, 0.3362825157863397, 0.33584676113959944, 0.335753957072795, 0.3357137765402314, 0.33570286959512186, 0.33569730016858645, 0.33568388359517476, 0.3356574690057975, 0.33556528149143594, 0.33533242064362656, 0.3345146014403988, 0.3329200954884779, 0.3312259048719146, 0.3245179702778852, 0.3142685871834333, 0.3128821286340474, 0.31024919292825737, 0.3029431785842942, 0.29873471477678604, 0.2972097057572263, 0.2956731120707652, 0.2934520244810491, 0.2885172708286954, 0.285519644391087, 0.2845397879567063, 0.2835206402625977, 0.2826186336147991, 0.28251790213888406, 0.28242838658938285, 0.28240893755146523, 0.2824061480053608]}, "7": {"maxiter": 500, "fatol": 1e-10, "xatol": 1e-10, "duration": 0.19143199920654297, "fun": "0.28240555466145867", "nit": "500", "nfev": "744", "status": "2", "success": "False", "message": "Maximum number of iterations has been exceeded.", "x": "[ 0.85892386  1.83926074 -1.34742958  0.75948075  3.2624936   7.07295387]", "final_simplex": "(array([[ 0.85892386,  1.83926074, -1.34742958,  0.75948075,  3.2624936 ,\n         7.07295387],\n       [ 0.85801721,  1.84071086, -1.34758591,  0.76168017,  3.26380715,\n         7.07181542],\n       [ 0.85879707,  1.83951079, -1.34638642,  0.76135287,  3.26237627,\n         7.07295157],\n       [ 0.85742807,  1.84069812, -1.34764022,  0.76097321,  3.26289769,\n         7.07427029],\n       [ 0.8591346 ,  1.84103582, -1.34829078,  0.76092962,  3.2632584 ,\n         7.07265105],\n       [ 0.85817264,  1.84139861, -1.34775056,  0.76085866,  3.26663334,\n         7.07117004],\n       [ 0.85967291,  1.83763971, -1.34658571,  0.76048549,  3.26242069,\n         7.07274773]]), array([0.28240555, 0.28240559, 0.28240569, 0.28240572, 0.28240575,\n       0.28240601, 0.28240615]))", "callback": [0.7009929399335488, 0.67816343652373, 0.6683417649596312, 0.6263982929663636, 0.6105503832419262, 0.5852892054860321, 0.5560641589655757, 0.4832084275890013, 0.3725598017438425, 0.37165427133205653, 0.36627765954346814, 0.36517255559765327, 0.3642069736011929, 0.3604835168815512, 0.3523467761083948, 0.3469931603731443, 0.3410677570942443, 0.3380992250102193, 0.3362825157863397, 0.33584676113959944, 0.335753957072795, 0.3357137765402314, 0.33570286959512186, 0.33569730016858645, 0.33568388359517476, 0.3356574690057975, 0.33556528149143594, 0.33533242064362656, 0.3345146014403988, 0.3329200954884779, 0.3312259048719146, 0.3245179702778852, 0.3142685871834333, 0.3128821286340474, 0.31024919292825737, 0.3029431785842942, 0.29873471477678604, 0.2972097057572263, 0.2956731120707652, 0.2934520244810491, 0.2885172708286954, 0.285519644391087, 0.2845397879567063, 0.2835206402625977, 0.2826186336147991, 0.28251790213888406, 0.28242838658938285, 0.28240893755146523, 0.2824061480053608]}, "8": {"maxiter": 1000, "fatol": 1e-05, "xatol": 1e-05, "duration": 0.2106339931488037, "fun": "0.28240526833311597", "nit": "596", "nfev": "907", "status": "0", "success": "True", "message": "Optimization terminated successfully.", "x": "[ 0.85826833  1.84012026 -1.34756663  0.76027878  3.26461994  7.07114301]", "final_simplex": "(array([[ 0.85826833,  1.84012026, -1.34756663,  0.76027878,  3.26461994,\n         7.07114301],\n       [ 0.85826643,  1.84012202, -1.34757212,  0.7602749 ,  3.26462338,\n         7.07114218],\n       [ 0.85826428,  1.84012231, -1.34756972,  0.76027913,  3.2646237 ,\n         7.07113936],\n       [ 0.85826456,  1.84012276, -1.34756896,  0.76027874,  3.26461707,\n         7.07114723],\n       [ 0.85826833,  1.84012664, -1.34757573,  0.76027814,  3.26462398,\n         7.07113967],\n       [ 0.85826542,  1.84011968, -1.34757037,  0.76027679,  3.26462371,\n         7.07114033],\n       [ 0.85827095,  1.84012571, -1.34757283,  0.76027588,  3.26462511,\n         7.07113393]]), array([0.28240527, 0.28240527, 0.28240527, 0.28240527, 0.28240527,\n       0.28240527, 0.28240527]))", "callback": [0.7009929399335488, 0.67816343652373, 0.6683417649596312, 0.6263982929663636, 0.6105503832419262, 0.5852892054860321, 0.5560641589655757, 0.4832084275890013, 0.3725598017438425, 0.37165427133205653, 0.36627765954346814, 0.36517255559765327, 0.3642069736011929, 0.3604835168815512, 0.3523467761083948, 0.3469931603731443, 0.3410677570942443, 0.3380992250102193, 0.3362825157863397, 0.33584676113959944, 0.335753957072795, 0.3357137765402314, 0.33570286959512186, 0.33569730016858645, 0.33568388359517476, 0.3356574690057975, 0.33556528149143594, 0.33533242064362656, 0.3345146014403988, 0.3329200954884779, 0.3312259048719146, 0.3245179702778852, 0.3142685871834333, 0.3128821286340474, 0.31024919292825737, 0.3029431785842942, 0.29873471477678604, 0.2972097057572263, 0.2956731120707652, 0.2934520244810491, 0.2885172708286954, 0.285519644391087, 0.2845397879567063, 0.2835206402625977, 0.2826186336147991, 0.28251790213888406, 0.28242838658938285, 0.28240893755146523, 0.2824061480053608, 0.28240555466145867, 0.28240534154259067, 0.2824052850267691, 0.2824052773958807, 0.28240527135621474, 0.28240526873428284, 0.28240526854466685, 0.28240526839788216, 0.2824052683503778, 0.28240526833600854]}, "9": {"maxiter": 1000, "fatol": 1e-05, "xatol": 1e-10, "duration": 0.2883760929107666, "fun": "0.2824052683251318", "nit": "727", "nfev": "1175", "status": "0", "success": "True", "message": "Optimization terminated successfully.", "x": "[ 0.85826854  1.84012809 -1.34757062  0.76027969  3.26463261  7.071134  ]", "final_simplex": "(array([[ 0.85826854,  1.84012809, -1.34757062,  0.76027969,  3.26463261,\n         7.071134  ],\n       [ 0.85826854,  1.84012809, -1.34757062,  0.76027969,  3.26463261,\n         7.071134  ],\n       [ 0.85826854,  1.84012809, -1.34757062,  0.76027969,  3.26463261,\n         7.071134  ],\n       [ 0.85826854,  1.84012809, -1.34757062,  0.76027969,  3.26463261,\n         7.071134  ],\n       [ 0.85826854,  1.84012809, -1.34757062,  0.76027969,  3.26463261,\n         7.071134  ],\n       [ 0.85826854,  1.84012809, -1.34757062,  0.76027969,  3.26463261,\n         7.071134  ],\n       [ 0.85826854,  1.84012809, -1.34757062,  0.76027969,  3.26463261,\n         7.071134  ]]), array([0.28240527, 0.28240527, 0.28240527, 0.28240527, 0.28240527,\n       0.28240527, 0.28240527]))", "callback": [0.7009929399335488, 0.67816343652373, 0.6683417649596312, 0.6263982929663636, 0.6105503832419262, 0.5852892054860321, 0.5560641589655757, 0.4832084275890013, 0.3725598017438425, 0.37165427133205653, 0.36627765954346814, 0.36517255559765327, 0.3642069736011929, 0.3604835168815512, 0.3523467761083948, 0.3469931603731443, 0.3410677570942443, 0.3380992250102193, 0.3362825157863397, 0.33584676113959944, 0.335753957072795, 0.3357137765402314, 0.33570286959512186, 0.33569730016858645, 0.33568388359517476, 0.3356574690057975, 0.33556528149143594, 0.33533242064362656, 0.3345146014403988, 0.3329200954884779, 0.3312259048719146, 0.3245179702778852, 0.3142685871834333, 0.3128821286340474, 0.31024919292825737, 0.3029431785842942, 0.29873471477678604, 0.2972097057572263, 0.2956731120707652, 0.2934520244810491, 0.2885172708286954, 0.285519644391087, 0.2845397879567063, 0.2835206402625977, 0.2826186336147991, 0.28251790213888406, 0.28242838658938285, 0.28240893755146523, 0.2824061480053608, 0.28240555466145867, 0.28240534154259067, 0.2824052850267691, 0.2824052773958807, 0.28240527135621474, 0.28240526873428284, 0.28240526854466685, 0.28240526839788216, 0.2824052683503778, 0.28240526833600854, 0.28240526833191004, 0.28240526832813007, 0.28240526832657464, 0.2824052683260412, 0.2824052683252162, 0.2824052683252092, 0.282405268325156, 0.28240526832514457, 0.282405268325135, 0.28240526832513213, 0.2824052683251318, 0.2824052683251318, 0.2824052683251318]}, "10": {"maxiter": 1000, "fatol": 1e-10, "xatol": 1e-05, "duration": 0.21434807777404785, "fun": "0.28240526833311597", "nit": "596", "nfev": "907", "status": "0", "success": "True", "message": "Optimization terminated successfully.", "x": "[ 0.85826833  1.84012026 -1.34756663  0.76027878  3.26461994  7.07114301]", "final_simplex": "(array([[ 0.85826833,  1.84012026, -1.34756663,  0.76027878,  3.26461994,\n         7.07114301],\n       [ 0.85826643,  1.84012202, -1.34757212,  0.7602749 ,  3.26462338,\n         7.07114218],\n       [ 0.85826428,  1.84012231, -1.34756972,  0.76027913,  3.2646237 ,\n         7.07113936],\n       [ 0.85826456,  1.84012276, -1.34756896,  0.76027874,  3.26461707,\n         7.07114723],\n       [ 0.85826833,  1.84012664, -1.34757573,  0.76027814,  3.26462398,\n         7.07113967],\n       [ 0.85826542,  1.84011968, -1.34757037,  0.76027679,  3.26462371,\n         7.07114033],\n       [ 0.85827095,  1.84012571, -1.34757283,  0.76027588,  3.26462511,\n         7.07113393]]), array([0.28240527, 0.28240527, 0.28240527, 0.28240527, 0.28240527,\n       0.28240527, 0.28240527]))", "callback": [0.7009929399335488, 0.67816343652373, 0.6683417649596312, 0.6263982929663636, 0.6105503832419262, 0.5852892054860321, 0.5560641589655757, 0.4832084275890013, 0.3725598017438425, 0.37165427133205653, 0.36627765954346814, 0.36517255559765327, 0.3642069736011929, 0.3604835168815512, 0.3523467761083948, 0.3469931603731443, 0.3410677570942443, 0.3380992250102193, 0.3362825157863397, 0.33584676113959944, 0.335753957072795, 0.3357137765402314, 0.33570286959512186, 0.33569730016858645, 0.33568388359517476, 0.3356574690057975, 0.33556528149143594, 0.33533242064362656, 0.3345146014403988, 0.3329200954884779, 0.3312259048719146, 0.3245179702778852, 0.3142685871834333, 0.3128821286340474, 0.31024919292825737, 0.3029431785842942, 0.29873471477678604, 0.2972097057572263, 0.2956731120707652, 0.2934520244810491, 0.2885172708286954, 0.285519644391087, 0.2845397879567063, 0.2835206402625977, 0.2826186336147991, 0.28251790213888406, 0.28242838658938285, 0.28240893755146523, 0.2824061480053608, 0.28240555466145867, 0.28240534154259067, 0.2824052850267691, 0.2824052773958807, 0.28240527135621474, 0.28240526873428284, 0.28240526854466685, 0.28240526839788216, 0.2824052683503778, 0.28240526833600854]}, "11": {"maxiter": 1000, "fatol": 1e-10, "xatol": 1e-10, "duration": 0.27167606353759766, "fun": "0.2824052683251318", "nit": "727", "nfev": "1175", "status": "0", "success": "True", "message": "Optimization terminated successfully.", "x": "[ 0.85826854  1.84012809 -1.34757062  0.76027969  3.26463261  7.071134  ]", "final_simplex": "(array([[ 0.85826854,  1.84012809, -1.34757062,  0.76027969,  3.26463261,\n         7.071134  ],\n       [ 0.85826854,  1.84012809, -1.34757062,  0.76027969,  3.26463261,\n         7.071134  ],\n       [ 0.85826854,  1.84012809, -1.34757062,  0.76027969,  3.26463261,\n         7.071134  ],\n       [ 0.85826854,  1.84012809, -1.34757062,  0.76027969,  3.26463261,\n         7.071134  ],\n       [ 0.85826854,  1.84012809, -1.34757062,  0.76027969,  3.26463261,\n         7.071134  ],\n       [ 0.85826854,  1.84012809, -1.34757062,  0.76027969,  3.26463261,\n         7.071134  ],\n       [ 0.85826854,  1.84012809, -1.34757062,  0.76027969,  3.26463261,\n         7.071134  ]]), array([0.28240527, 0.28240527, 0.28240527, 0.28240527, 0.28240527,\n       0.28240527, 0.28240527]))", "callback": [0.7009929399335488, 0.67816343652373, 0.6683417649596312, 0.6263982929663636, 0.6105503832419262, 0.5852892054860321, 0.5560641589655757, 0.4832084275890013, 0.3725598017438425, 0.37165427133205653, 0.36627765954346814, 0.36517255559765327, 0.3642069736011929, 0.3604835168815512, 0.3523467761083948, 0.3469931603731443, 0.3410677570942443, 0.3380992250102193, 0.3362825157863397, 0.33584676113959944, 0.335753957072795, 0.3357137765402314, 0.33570286959512186, 0.33569730016858645, 0.33568388359517476, 0.3356574690057975, 0.33556528149143594, 0.33533242064362656, 0.3345146014403988, 0.3329200954884779, 0.3312259048719146, 0.3245179702778852, 0.3142685871834333, 0.3128821286340474, 0.31024919292825737, 0.3029431785842942, 0.29873471477678604, 0.2972097057572263, 0.2956731120707652, 0.2934520244810491, 0.2885172708286954, 0.285519644391087, 0.2845397879567063, 0.2835206402625977, 0.2826186336147991, 0.28251790213888406, 0.28242838658938285, 0.28240893755146523, 0.2824061480053608, 0.28240555466145867, 0.28240534154259067, 0.2824052850267691, 0.2824052773958807, 0.28240527135621474, 0.28240526873428284, 0.28240526854466685, 0.28240526839788216, 0.2824052683503778, 0.28240526833600854, 0.28240526833191004, 0.28240526832813007, 0.28240526832657464, 0.2824052683260412, 0.2824052683252162, 0.2824052683252092, 0.282405268325156, 0.28240526832514457, 0.282405268325135, 0.28240526832513213, 0.2824052683251318, 0.2824052683251318, 0.2824052683251318]}}, "bfgs": {"type": "gradient", "0": {"maxiter": 100, "gtol": 1e-05, "xrtol": 1e-05, "eps": 1e-05, "duration": 0.08903908729553223, "fun": "0.2824052685303504", "jac": "[ 3.27931016e-06 -4.15911750e-07  7.40698614e-06  1.96305194e-06\n  4.01048084e-06  1.32468481e-06]", "hess_inv": "[[  5.87139065   0.06608177   0.89595402   0.58436247  -4.5104535\n    5.36747496]\n [  0.06608177   6.6018731   -4.16814198   0.49712384   3.80225138\n   -3.06261351]\n [  0.89595402  -4.16814198   8.03289406   1.84662357  -4.91755609\n    3.06785252]\n [  0.58436247   0.49712384   1.84662357   4.1575856    0.23832814\n   -0.40696758]\n [ -4.5104535    3.80225138  -4.91755609   0.23832814  20.28968531\n  -18.86563701]\n [  5.36747496  -3.06261351   3.06785252  -0.40696758 -18.86563701\n   21.95144565]]", "nfev": "378", "njev": "54", "status": "0", "success": "True", "message": "Optimization terminated successfully.", "x": "[5.42492552 4.9816906  1.79407487 0.76029588 3.26463716 7.07112213]", "nit": "46", "callback": [0.435497994680327, 0.42164018395788627, 0.38437577206757656, 0.28264979784606536]}, "1": {"maxiter": 100, "gtol": 1e-05, "xrtol": 1e-05, "eps": 1e-10, "duration": 0.09020709991455078, "fun": "0.28240526924639475", "jac": "[-4.44089173e-06  4.44089173e-06 -3.33066880e-06 -1.11022293e-06\n  5.55111466e-06 -2.22044587e-06]", "hess_inv": "[[  5.99219658   0.40132028   0.74347937   0.86838953  -4.1062384\n    5.01558601]\n [  0.40132028   7.22331986  -4.72370295   0.50634056   3.7014484\n   -2.95287647]\n [  0.74347937  -4.72370295   8.80239834   2.2125171   -4.49175863\n    2.61339975]\n [  0.86838953   0.50634056   2.2125171    4.39097079   0.22625149\n   -0.40536822]\n [ -4.1062384    3.7014484   -4.49175863   0.22625149  19.49857766\n  -18.10466458]\n [  5.01558601  -2.95287647   2.61339975  -0.40536822 -18.10466458\n   21.1675865 ]]", "nfev": "378", "njev": "54", "status": "0", "success": "True", "message": "Optimization terminated successfully.", "x": "[5.42486191 4.98178444 1.79394199 0.76026934 3.26480362 7.07096472]", "nit": "44", "callback": [0.4354976531230087, 0.42162444544397704, 0.38764690043039285, 0.28278197017242634]}, "2": {"maxiter": 100, "gtol": 1e-05, "xrtol": 1e-10, "eps": 1e-05, "duration": 0.08652687072753906, "fun": "0.2824052685303504", "jac": "[ 3.27931016e-06 -4.15911750e-07  7.40698614e-06  1.96305194e-06\n  4.01048084e-06  1.32468481e-06]", "hess_inv": "[[  5.87139065   0.06608177   0.89595402   0.58436247  -4.5104535\n    5.36747496]\n [  0.06608177   6.6018731   -4.16814198   0.49712384   3.80225138\n   -3.06261351]\n [  0.89595402  -4.16814198   8.03289406   1.84662357  -4.91755609\n    3.06785252]\n [  0.58436247   0.49712384   1.84662357   4.1575856    0.23832814\n   -0.40696758]\n [ -4.5104535    3.80225138  -4.91755609   0.23832814  20.28968531\n  -18.86563701]\n [  5.36747496  -3.06261351   3.06785252  -0.40696758 -18.86563701\n   21.95144565]]", "nfev": "378", "njev": "54", "status": "0", "success": "True", "message": "Optimization terminated successfully.", "x": "[5.42492552 4.9816906  1.79407487 0.76029588 3.26463716 7.07112213]", "nit": "46", "callback": [0.435497994680327, 0.42164018395788627, 0.38437577206757656, 0.28264979784606536]}, "3": {"maxiter": 100, "gtol": 1e-05, "xrtol": 1e-10, "eps": 1e-10, "duration": 0.08762598037719727, "fun": "0.28240526924639475", "jac": "[-4.44089173e-06  4.44089173e-06 -3.33066880e-06 -1.11022293e-06\n  5.55111466e-06 -2.22044587e-06]", "hess_inv": "[[  5.99219658   0.40132028   0.74347937   0.86838953  -4.1062384\n    5.01558601]\n [  0.40132028   7.22331986  -4.72370295   0.50634056   3.7014484\n   -2.95287647]\n [  0.74347937  -4.72370295   8.80239834   2.2125171   -4.49175863\n    2.61339975]\n [  0.86838953   0.50634056   2.2125171    4.39097079   0.22625149\n   -0.40536822]\n [ -4.1062384    3.7014484   -4.49175863   0.22625149  19.49857766\n  -18.10466458]\n [  5.01558601  -2.95287647   2.61339975  -0.40536822 -18.10466458\n   21.1675865 ]]", "nfev": "378", "njev": "54", "status": "0", "success": "True", "message": "Optimization terminated successfully.", "x": "[5.42486191 4.98178444 1.79394199 0.76026934 3.26480362 7.07096472]", "nit": "44", "callback": [0.4354976531230087, 0.42162444544397704, 0.38764690043039285, 0.28278197017242634]}, "4": {"maxiter": 100, "gtol": 1e-10, "xrtol": 1e-05, "eps": 1e-05, "duration": 0.0889580249786377, "fun": "0.28240526834651725", "jac": "[ 4.77506923e-08 -1.05981890e-07  1.45117252e-07  4.30866454e-07\n  3.50386387e-08  1.03361764e-07]", "hess_inv": "[[  5.90405763   0.03129883   1.01690826   0.60758299  -4.39672858\n    5.24371914]\n [  0.03129883   6.63495894  -4.30377769   0.48432075   3.63207294\n   -2.87872671]\n [  1.01690826  -4.30377769   8.46887708   1.95326458  -4.58155632\n    2.6999599 ]\n [  0.60758299   0.48432075   1.95326458   4.13811218   0.46731177\n   -0.6522191 ]\n [ -4.39672858   3.63207294  -4.58155632   0.46731177  20.07560911\n  -18.64885717]\n [  5.24371914  -2.87872671   2.6999599   -0.6522191  -18.64885717\n   21.7327216 ]]", "nfev": "385", "njev": "55", "status": "0", "success": "True", "message": "Optimization terminated successfully.", "x": "[5.42490813 4.98171343 1.79401798 0.76027049 3.2646303  7.07113102]", "nit": "47", "callback": [0.435497994680327, 0.42164018395788627, 0.38437577206757656, 0.28264979784606536]}, "5": {"maxiter": 100, "gtol": 1e-10, "xrtol": 1e-05, "eps": 1e-10, "duration": 0.08991193771362305, "fun": "0.2824052683473618", "jac": "[-1.11022293e-06  0.00000000e+00 -2.22044587e-06  1.11022293e-06\n -2.22044587e-06 -1.11022293e-06]", "hess_inv": "[[  5.71477327   0.72795878   0.62838818   1.01575134  -3.6096463\n    4.57945294]\n [  0.72795878   6.83804029  -4.58536895   0.33109506   3.10900283\n   -2.43150828]\n [  0.62838818  -4.58536895   9.02150289   2.46898173  -4.6645613\n    2.8413544 ]\n [  1.01575134   0.33109506   2.46898173   4.43565289  -0.33450466\n    0.14417391]\n [ -3.6096463    3.10900283  -4.6645613   -0.33450466  19.12807324\n  -17.88616154]\n [  4.57945294  -2.43150828   2.8413544    0.14417391 -17.88616154\n   21.09123585]]", "nfev": "392", "njev": "56", "status": "0", "success": "True", "message": "Optimization terminated successfully.", "x": "[5.42491748 4.98171974 1.79403013 0.7602877  3.26461198 7.0711516 ]", "nit": "46", "callback": [0.4354976531230087, 0.42162444544397704, 0.38764690043039285, 0.28278197017242634]}, "6": {"maxiter": 100, "gtol": 1e-10, "xrtol": 1e-10, "eps": 1e-05, "duration": 0.13831496238708496, "fun": "0.28240526834651725", "jac": "[ 4.77506923e-08 -1.05981890e-07  1.45117252e-07  4.30866454e-07\n  3.50386387e-08  1.03361764e-07]", "hess_inv": "[[  5.95284603  -0.0286813    1.14951755   0.69262713  -4.46599422\n    5.31063276]\n [ -0.0286813    6.70835573  -4.4645422    0.37861284   3.72464309\n   -2.96868515]\n [  1.14951755  -4.4645422    8.81433857   2.19205943  -4.81886966\n    2.93273118]\n [  0.69262713   0.37861284   2.19205943   4.2824566    0.37159431\n   -0.5615457 ]\n [ -4.46599422   3.72464309  -4.81886966   0.37159431  20.01333491\n  -18.57718278]\n [  5.31063276  -2.96868515   2.93273118  -0.5615457  -18.57718278\n   21.65153171]]", "nfev": "605", "njev": "85", "status": "2", "success": "False", "message": "Desired error not necessarily achieved due to precision loss.", "x": "[5.42490813 4.98171343 1.79401798 0.76027049 3.2646303  7.07113102]", "nit": "47", "callback": [0.435497994680327, 0.42164018395788627, 0.38437577206757656, 0.28264979784606536]}, "7": {"maxiter": 100, "gtol": 1e-10, "xrtol": 1e-10, "eps": 1e-10, "duration": 0.12871003150939941, "fun": "0.28240526834437374", "jac": "[1.11022293e-06 1.11022293e-06 0.00000000e+00 4.44089173e-06\n 0.00000000e+00 1.11022293e-06]", "hess_inv": "[[ 0.01023113 -0.00535101 -0.01170427  0.00081121 -0.00170553  0.0105395 ]\n [-0.00535101  0.08637533  0.00841027  0.00749749 -0.00660231 -0.07670936]\n [-0.01170427  0.00841027  0.03423691  0.00369561  0.00308492 -0.03776568]\n [ 0.00081121  0.00749749  0.00369561  0.01436349  0.00308585 -0.018213  ]\n [-0.00170553 -0.00660231  0.00308492  0.00308585  0.0061047  -0.0062512 ]\n [ 0.0105395  -0.07670936 -0.03776568 -0.018213   -0.0062512   0.1170897 ]]", "nfev": "560", "njev": "80", "status": "2", "success": "False", "message": "Desired error not necessarily achieved due to precision loss.", "x": "[5.42491789 4.98171858 1.79402966 0.76028833 3.26461675 7.07115177]", "nit": "54", "callback": [0.4354976531230087, 0.42162444544397704, 0.38764690043039285, 0.28278197017242634, 0.28240526834679214]}, "8": {"maxiter": 500, "gtol": 1e-05, "xrtol": 1e-05, "eps": 1e-05, "duration": 0.08742618560791016, "fun": "0.2824052685303504", "jac": "[ 3.27931016e-06 -4.15911750e-07  7.40698614e-06  1.96305194e-06\n  4.01048084e-06  1.32468481e-06]", "hess_inv": "[[  5.87139065   0.06608177   0.89595402   0.58436247  -4.5104535\n    5.36747496]\n [  0.06608177   6.6018731   -4.16814198   0.49712384   3.80225138\n   -3.06261351]\n [  0.89595402  -4.16814198   8.03289406   1.84662357  -4.91755609\n    3.06785252]\n [  0.58436247   0.49712384   1.84662357   4.1575856    0.23832814\n   -0.40696758]\n [ -4.5104535    3.80225138  -4.91755609   0.23832814  20.28968531\n  -18.86563701]\n [  5.36747496  -3.06261351   3.06785252  -0.40696758 -18.86563701\n   21.95144565]]", "nfev": "378", "njev": "54", "status": "0", "success": "True", "message": "Optimization terminated successfully.", "x": "[5.42492552 4.9816906  1.79407487 0.76029588 3.26463716 7.07112213]", "nit": "46", "callback": [0.435497994680327, 0.42164018395788627, 0.38437577206757656, 0.28264979784606536]}, "9": {"maxiter": 500, "gtol": 1e-05, "xrtol": 1e-05, "eps": 1e-10, "duration": 0.08730912208557129, "fun": "0.28240526924639475", "jac": "[-4.44089173e-06  4.44089173e-06 -3.33066880e-06 -1.11022293e-06\n  5.55111466e-06 -2.22044587e-06]", "hess_inv": "[[  5.99219658   0.40132028   0.74347937   0.86838953  -4.1062384\n    5.01558601]\n [  0.40132028   7.22331986  -4.72370295   0.50634056   3.7014484\n   -2.95287647]\n [  0.74347937  -4.72370295   8.80239834   2.2125171   -4.49175863\n    2.61339975]\n [  0.86838953   0.50634056   2.2125171    4.39097079   0.22625149\n   -0.40536822]\n [ -4.1062384    3.7014484   -4.49175863   0.22625149  19.49857766\n  -18.10466458]\n [  5.01558601  -2.95287647   2.61339975  -0.40536822 -18.10466458\n   21.1675865 ]]", "nfev": "378", "njev": "54", "status": "0", "success": "True", "message": "Optimization terminated successfully.", "x": "[5.42486191 4.98178444 1.79394199 0.76026934 3.26480362 7.07096472]", "nit": "44", "callback": [0.4354976531230087, 0.42162444544397704, 0.38764690043039285, 0.28278197017242634]}, "10": {"maxiter": 500, "gtol": 1e-05, "xrtol": 1e-10, "eps": 1e-05, "duration": 0.08681297302246094, "fun": "0.2824052685303504", "jac": "[ 3.27931016e-06 -4.15911750e-07  7.40698614e-06  1.96305194e-06\n  4.01048084e-06  1.32468481e-06]", "hess_inv": "[[  5.87139065   0.06608177   0.89595402   0.58436247  -4.5104535\n    5.36747496]\n [  0.06608177   6.6018731   -4.16814198   0.49712384   3.80225138\n   -3.06261351]\n [  0.89595402  -4.16814198   8.03289406   1.84662357  -4.91755609\n    3.06785252]\n [  0.58436247   0.49712384   1.84662357   4.1575856    0.23832814\n   -0.40696758]\n [ -4.5104535    3.80225138  -4.91755609   0.23832814  20.28968531\n  -18.86563701]\n [  5.36747496  -3.06261351   3.06785252  -0.40696758 -18.86563701\n   21.95144565]]", "nfev": "378", "njev": "54", "status": "0", "success": "True", "message": "Optimization terminated successfully.", "x": "[5.42492552 4.9816906  1.79407487 0.76029588 3.26463716 7.07112213]", "nit": "46", "callback": [0.435497994680327, 0.42164018395788627, 0.38437577206757656, 0.28264979784606536]}, "11": {"maxiter": 500, "gtol": 1e-05, "xrtol": 1e-10, "eps": 1e-10, "duration": 0.08609390258789062, "fun": "0.28240526924639475", "jac": "[-4.44089173e-06  4.44089173e-06 -3.33066880e-06 -1.11022293e-06\n  5.55111466e-06 -2.22044587e-06]", "hess_inv": "[[  5.99219658   0.40132028   0.74347937   0.86838953  -4.1062384\n    5.01558601]\n [  0.40132028   7.22331986  -4.72370295   0.50634056   3.7014484\n   -2.95287647]\n [  0.74347937  -4.72370295   8.80239834   2.2125171   -4.49175863\n    2.61339975]\n [  0.86838953   0.50634056   2.2125171    4.39097079   0.22625149\n   -0.40536822]\n [ -4.1062384    3.7014484   -4.49175863   0.22625149  19.49857766\n  -18.10466458]\n [  5.01558601  -2.95287647   2.61339975  -0.40536822 -18.10466458\n   21.1675865 ]]", "nfev": "378", "njev": "54", "status": "0", "success": "True", "message": "Optimization terminated successfully.", "x": "[5.42486191 4.98178444 1.79394199 0.76026934 3.26480362 7.07096472]", "nit": "44", "callback": [0.4354976531230087, 0.42162444544397704, 0.38764690043039285, 0.28278197017242634]}, "12": {"maxiter": 500, "gtol": 1e-10, "xrtol": 1e-05, "eps": 1e-05, "duration": 0.08942604064941406, "fun": "0.28240526834651725", "jac": "[ 4.77506923e-08 -1.05981890e-07  1.45117252e-07  4.30866454e-07\n  3.50386387e-08  1.03361764e-07]", "hess_inv": "[[  5.90405763   0.03129883   1.01690826   0.60758299  -4.39672858\n    5.24371914]\n [  0.03129883   6.63495894  -4.30377769   0.48432075   3.