{"date": "2024/09/23/, 22:10:48", "conf_id": 107, "data_type": "orthogonal\n", "num_data_points": 2, "s_rank": 0, "unitary": "[[0.18663085-0.53122324j,-0.11886349-0.70040876j,0.28555095-0.02789305j,-0.12262021-0.2844587j],[-0.16702216+0.27758472j,0.27526351-0.29738586j,-0.01109314+0.22495461j,-0.77239203+0.28900673j],[0.61935415+0.12301792j,-0.31269928-0.03315917j,-0.61902762-0.19039079j,-0.27120731-0.0968989j],[0.42341754+0.0023929j,-0.05847358+0.47832119j,0.64900495-0.16218422j,-0.37182676-0.05229966j]]", "databatch_0": {"databatch": "[[[-0.02173873-0.2584841j,-0.08699588-0.00082661j,0.00105184-0.07951379j,-0.1876285-0.06220805j],[0.40850599+0.0476359j,-0.23447605+0.02226417j,0.15160547-0.10391789j,0.39505481-0.32368756j],[-0.24350542-0.23442884j,-0.1803349+0.05267998j,-0.0324104-0.10247815j,-0.17119347+0.14062795j],[0.00544423-0.13804081j,0.13573178+0.14772738j,-0.09733467-0.02998153j,-0.1932536-0.20800462j]],[[0.14684234+0.41116144j,-0.07254042-0.16084545j,0.13615434+0.09871222j,0.46250769+0.16940727j],[-0.07640819+0.09063682j,-0.00066608-0.0019006j,-0.00787491+0.02531186j,0.0544878+0.11087447j],[-0.31934719-0.15453817j,0.10459882+0.05273696j,-0.12674404+0.01087223j,-0.34225285+0.17214229j],[-0.22833055-0.1710987j,0.02982818+0.03708499j,-0.08185889-0.01896625j,-0.2681405+0.11027376j]]]", "initial param values": "[4.24729462,4.00905403,4.81641503,3.16384808,3.74142209,4.54713247]", "nelder_mead": {"type": "gradient-free", "0": {"maxiter": 100, "fatol": 1e-05, "xatol": 1e-05, "duration": 0.041239023208618164, "fun": "0.2120511003983353", "nit": "100", "nfev": "156", "status": "2", "success": "False", "message": "Maximum number of iterations has been exceeded.", "x": "[4.41772906 4.55456879 6.34752591 3.80556011 3.01430913 4.63280972]", "final_simplex": "(array([[4.41772906, 4.55456879, 6.34752591, 3.80556011, 3.01430913,\n        4.63280972],\n       [4.42578774, 4.54004595, 6.32829121, 3.85554377, 3.00606094,\n        4.58299787],\n       [4.43304144, 4.53675845, 6.35336936, 3.83592987, 3.00385485,\n        4.59203182],\n       [4.41648019, 4.51737554, 6.33292931, 3.85096917, 3.00526652,\n        4.58015821],\n       [4.42834421, 4.54380978, 6.34660439, 3.83089353, 3.01474228,\n        4.58300356],\n       [4.36585497, 4.59901053, 6.40195072, 3.80673685, 2.97783965,\n        4.58061309],\n       [4.39934513, 4.56047578, 6.34648774, 3.82785413, 2.98285826,\n        4.59120475]]), array([0.2120511 , 0.2122674 , 0.21229073, 0.21242493, 0.21242745,\n       0.21247214, 0.21248633]))", "callback": [0.3604757701473362, 0.31972693694307486, 0.2296295944634379, 0.22278864301880974, 0.21909642598679557, 0.2159956633414285, 0.21429213218168786, 0.21319736597879757, 0.21247213505342044]}, "1": {"maxiter": 100, "fatol": 1e-05, "xatol": 1e-10, "duration": 0.03980731964111328, "fun": "0.2120511003983353", "nit": "100", "nfev": "156", "status": "2", "success": "False", "message": "Maximum number of iterations has been exceeded.", "x": "[4.41772906 4.55456879 6.34752591 3.80556011 3.01430913 4.63280972]", "final_simplex": "(array([[4.41772906, 4.55456879, 6.34752591, 3.80556011, 3.01430913,\n        4.63280972],\n       [4.42578774, 4.54004595, 6.32829121, 3.85554377, 3.00606094,\n        4.58299787],\n       [4.43304144, 4.53675845, 6.35336936, 3.83592987, 3.00385485,\n        4.59203182],\n       [4.41648019, 4.51737554, 6.33292931, 3.85096917, 3.00526652,\n        4.58015821],\n       [4.42834421, 4.54380978, 6.34660439, 3.83089353, 3.01474228,\n        4.58300356],\n       [4.36585497, 4.59901053, 6.40195072, 3.80673685, 2.97783965,\n        4.58061309],\n       [4.39934513, 4.56047578, 6.34648774, 3.82785413, 2.98285826,\n        4.59120475]]), array([0.2120511 , 0.2122674 , 0.21229073, 0.21242493, 0.21242745,\n       0.21247214, 0.21248633]))", "callback": [0.3604757701473362, 0.31972693694307486, 0.2296295944634379, 0.22278864301880974, 0.21909642598679557, 0.2159956633414285, 0.21429213218168786, 0.21319736597879757, 0.21247213505342044]}, "2": {"maxiter": 100, "fatol": 1e-10, "xatol": 1e-05, "duration": 0.04034090042114258, "fun": "0.2120511003983353", "nit": "100", "nfev": "156", "status": "2", "success": "False", "message": "Maximum number of iterations has been exceeded.", "x": "[4.41772906 4.55456879 6.34752591 3.80556011 3.01430913 4.63280972]", "final_simplex": "(array([[4.41772906, 4.55456879, 6.34752591, 3.80556011, 3.01430913,\n        4.63280972],\n       [4.42578774, 4.54004595, 6.32829121, 3.85554377, 3.00606094,\n        4.58299787],\n       [4.43304144, 4.53675845, 6.35336936, 3.83592987, 3.00385485,\n        4.59203182],\n       [4.41648019, 4.51737554, 6.33292931, 3.85096917, 3.00526652,\n        4.58015821],\n       [4.42834421, 4.54380978, 6.34660439, 3.83089353, 3.01474228,\n        4.58300356],\n       [4.36585497, 4.59901053, 6.40195072, 3.80673685, 2.97783965,\n        4.58061309],\n       [4.39934513, 4.56047578, 6.34648774, 3.82785413, 2.98285826,\n        4.59120475]]), array([0.2120511 , 0.2122674 , 0.21229073, 0.21242493, 0.21242745,\n       0.21247214, 0.21248633]))", "callback": [0.3604757701473362, 0.31972693694307486, 0.2296295944634379, 0.22278864301880974, 0.21909642598679557, 0.2159956633414285, 0.21429213218168786, 0.21319736597879757, 0.21247213505342044]}, "3": {"maxiter": 100, "fatol": 1e-10, "xatol": 1e-10, "duration": 0.04007101058959961, "fun": "0.2120511003983353", "nit": "100", "nfev": "156", "status": "2", "success": "False", "message": "Maximum number of iterations has been exceeded.", "x": "[4.41772906 4.55456879 6.34752591 3.80556011 3.01430913 4.63280972]", "final_simplex": "(array([[4.41772906, 4.55456879, 6.34752591, 3.80556011, 3.01430913,\n        4.63280972],\n       [4.42578774, 4.54004595, 6.32829121, 3.85554377, 3.00606094,\n        4.58299787],\n       [4.43304144, 4.53675845, 6.35336936, 3.83592987, 3.00385485,\n        4.59203182],\n       [4.41648019, 4.51737554, 6.33292931, 3.85096917, 3.00526652,\n        4.58015821],\n       [4.42834421, 4.54380978, 6.34660439, 3.83089353, 3.01474228,\n        4.58300356],\n       [4.36585497, 4.59901053, 6.40195072, 3.80673685, 2.97783965,\n        4.58061309],\n       [4.39934513, 4.56047578, 6.34648774, 3.82785413, 2.98285826,\n        4.59120475]]), array([0.2120511 , 0.2122674 , 0.21229073, 0.21242493, 0.21242745,\n       0.21247214, 0.21248633]))", "callback": [0.3604757701473362, 0.31972693694307486, 0.2296295944634379, 0.22278864301880974, 0.21909642598679557, 0.2159956633414285, 0.21429213218168786, 0.21319736597879757, 0.21247213505342044]}, "4": {"maxiter": 500, "fatol": 1e-05, "xatol": 1e-05, "duration": 0.13709330558776855, "fun": "0.20897605592277757", "nit": "329", "nfev": "519", "status": "0", "success": "True", "message": "Optimization terminated successfully.", "x": "[4.41089408 4.51045159 6.32914347 3.92498488 3.19277643 4.74714813]", "final_simplex": "(array([[4.41089408, 4.51045159, 6.32914347, 3.92498488, 3.19277643,\n        4.74714813],\n       [4.41089517, 4.51045081, 6.32914521, 3.9249816 , 3.1927685 ,\n        4.74714559],\n       [4.4108947 , 4.51045807, 6.32915327, 3.9249828 , 3.1927684 ,\n        4.74715195],\n       [4.41090093, 4.51045168, 6.32915033, 3.92498422, 3.19277696,\n        4.74715449],\n       [4.4108897 , 4.51045655, 6.32915323, 3.92497984, 3.19277392,\n        4.74715399],\n       [4.41089836, 4.51044342, 6.32913744, 3.92499301, 3.19278474,\n        4.7471545 ],\n       [4.41089292, 4.51045974, 6.32914583, 3.92498121, 3.19277478,\n        4.74715094]]), array([0.20897606, 0.20897606, 0.20897606, 0.20897606, 0.20897606,\n       0.20897606, 0.20897606]))", "callback": [0.3604757701473362, 0.31972693694307486, 0.2296295944634379, 0.22278864301880974, 0.21909642598679557, 0.2159956633414285, 0.21429213218168786, 0.21319736597879757, 0.21247213505342044, 0.2120511003983353, 0.21095026665777827, 0.2099941495244355, 0.2094913685540678, 0.2090951337494782, 0.20908739383185138, 0.20901179694978733, 0.20898712662515662, 0.20898086806907146, 0.20897714652948507, 0.20897641263497202, 0.20897619714858495, 0.20897607899613968, 0.20897606081746822, 0.20897605816706277, 0.2089760569094421, 0.2089760564129488, 0.20897605633001337, 0.2089760561694728, 0.20897605606723646, 0.2089760560087246, 0.20897605594628543, 0.20897605592837765]}, "5": {"maxiter": 500, "fatol": 1e-05, "xatol": 1e-10, "duration": 0.18826889991760254, "fun": "0.2089760558666124", "nit": "460", "nfev": "786", "status": "0", "success": "True", "message": "Optimization terminated successfully.", "x": "[4.41090022 4.51045075 6.32914606 3.92499988 3.1927708  4.74712821]", "final_simplex": "(array([[4.41090022, 4.51045075, 6.32914606, 3.92499988, 3.1927708 ,\n        4.74712821],\n       [4.41090022, 4.51045075, 6.32914606, 3.92499988, 3.1927708 ,\n        4.74712821],\n       [4.41090022, 4.51045075, 6.32914606, 3.92499988, 3.1927708 ,\n        4.74712821],\n       [4.41090022, 4.51045075, 6.32914606, 3.92499988, 3.1927708 ,\n        4.74712821],\n       [4.41090022, 4.51045075, 6.32914606, 3.92499988, 3.1927708 ,\n        4.74712821],\n       [4.41090022, 4.51045075, 6.32914606, 3.92499988, 3.1927708 ,\n        4.74712821],\n       [4.41090022, 4.51045075, 6.32914606, 3.92499988, 3.1927708 ,\n        4.74712821]]), array([0.20897606, 0.20897606, 0.20897606, 0.20897606, 0.20897606,\n       0.20897606, 0.20897606]))", "callback": [0.3604757701473362, 0.31972693694307486, 0.2296295944634379, 0.22278864301880974, 0.21909642598679557, 0.2159956633414285, 0.21429213218168786, 0.21319736597879757, 0.21247213505342044, 0.2120511003983353, 0.21095026665777827, 0.2099941495244355, 0.2094913685540678, 0.2090951337494782, 0.20908739383185138, 0.20901179694978733, 0.20898712662515662, 0.20898086806907146, 0.20897714652948507, 0.20897641263497202, 0.20897619714858495, 0.20897607899613968, 0.20897606081746822, 0.20897605816706277, 0.2089760569094421, 0.2089760564129488, 0.20897605633001337, 0.2089760561694728, 0.20897605606723646, 0.2089760560087246, 0.20897605594628543, 0.20897605592837765, 0.20897605592277757, 0.20897605590237012, 0.20897605588988077, 0.20897605588166535, 0.20897605587061951, 0.20897605586770085, 0.2089760558667324, 0.20897605586662982, 0.20897605586661405, 0.20897605586661316, 0.20897605586661272, 0.2089760558666124, 0.2089760558666124, 0.2089760558666124]}, "6": {"maxiter": 500, "fatol": 1e-10, "xatol": 1e-05, "duration": 0.11991715431213379, "fun": "0.20897605592277757", "nit": "329", "nfev": "519", "status": "0", "success": "True", "message": "Optimization terminated successfully.", "x": "[4.41089408 4.51045159 6.32914347 3.92498488 3.19277643 4.74714813]", "final_simplex": "(array([[4.41089408, 4.51045159, 6.32914347, 3.92498488, 3.19277643,\n        4.74714813],\n       [4.41089517, 4.51045081, 6.32914521, 3.9249816 , 3.1927685 ,\n        4.74714559],\n       [4.4108947 , 4.51045807, 6.32915327, 3.9249828 , 3.1927684 ,\n        4.74715195],\n       [4.41090093, 4.51045168, 6.32915033, 3.92498422, 3.19277696,\n        4.74715449],\n       [4.4108897 , 4.51045655, 6.32915323, 3.92497984, 3.19277392,\n        4.74715399],\n       [4.41089836, 4.51044342, 6.32913744, 3.92499301, 3.19278474,\n        4.7471545 ],\n       [4.41089292, 4.51045974, 6.32914583, 3.92498121, 3.19277478,\n        4.74715094]]), array([0.20897606, 0.20897606, 0.20897606, 0.20897606, 0.20897606,\n       0.20897606, 0.20897606]))", "callback": [0.3604757701473362, 0.31972693694307486, 0.2296295944634379, 0.22278864301880974, 0.21909642598679557, 0.2159956633414285, 0.21429213218168786, 0.21319736597879757, 0.21247213505342044, 0.2120511003983353, 0.21095026665777827, 0.2099941495244355, 0.2094913685540678, 0.2090951337494782, 0.20908739383185138, 0.20901179694978733, 0.20898712662515662, 0.20898086806907146, 0.20897714652948507, 0.20897641263497202, 0.20897619714858495, 0.20897607899613968, 0.20897606081746822, 0.20897605816706277, 0.2089760569094421, 0.2089760564129488, 0.20897605633001337, 0.2089760561694728, 0.20897605606723646, 0.2089760560087246, 0.20897605594628543, 0.20897605592837765]}, "7": {"maxiter": 500, "fatol": 1e-10, "xatol": 1e-10, "duration": 0.17928600311279297, "fun": "0.2089760558666124", "nit": "460", "nfev": "786", "status": "0", "success": "True", "message": "Optimization terminated successfully.", "x": "[4.41090022 4.51045075 6.32914606 3.92499988 3.1927708  4.74712821]", "final_simplex": "(array([[4.41090022, 4.51045075, 6.32914606, 3.92499988, 3.1927708 ,\n        4.74712821],\n       [4.41090022, 4.51045075, 6.32914606, 3.92499988, 3.1927708 ,\n        4.74712821],\n       [4.41090022, 4.51045075, 6.32914606, 3.92499988, 3.1927708 ,\n        4.74712821],\n       [4.41090022, 4.51045075, 6.32914606, 3.92499988, 3.1927708 ,\n        4.74712821],\n       [4.41090022, 4.51045075, 6.32914606, 3.92499988, 3.1927708 ,\n        4.74712821],\n       [4.41090022, 4.51045075, 6.32914606, 3.92499988, 3.1927708 ,\n        4.74712821],\n       [4.41090022, 4.51045075, 6.32914606, 3.92499988, 3.1927708 ,\n        4.74712821]]), array([0.20897606, 0.20897606, 0.20897606, 0.20897606, 0.20897606,\n       0.20897606, 0.20897606]))", "callback": [0.3604757701473362, 0.31972693694307486, 0.2296295944634379, 0.22278864301880974, 0.21909642598679557, 0.2159956633414285, 0.21429213218168786, 0.21319736597879757, 0.21247213505342044, 0.2120511003983353, 0.21095026665777827, 0.2099941495244355, 0.2094913685540678, 0.2090951337494782, 0.20908739383185138, 0.20901179694978733, 0.20898712662515662, 0.20898086806907146, 0.20897714652948507, 0.20897641263497202, 0.20897619714858495, 0.20897607899613968, 0.20897606081746822, 0.20897605816706277, 0.2089760569094421, 0.2089760564129488, 0.20897605633001337, 0.2089760561694728, 0.20897605606723646, 0.2089760560087246, 0.20897605594628543, 0.20897605592837765, 0.20897605592277757, 0.20897605590237012, 0.20897605588988077, 0.20897605588166535, 0.20897605587061951, 0.20897605586770085, 0.2089760558667324, 0.20897605586662982, 0.20897605586661405, 0.20897605586661316, 0.20897605586661272, 0.2089760558666124, 0.2089760558666124, 0.2089760558666124]}, "8": {"maxiter": 1000, "fatol": 1e-05, "xatol": 1e-05, "duration": 0.13401389122009277, "fun": "0.20897605592277757", "nit": "329", "nfev": "519", "status": "0", "success": "True", "message": "Optimization terminated successfully.", "x": "[4.41089408 4.51045159 6.32914347 3.92498488 3.19277643 4.74714813]", "final_simplex": "(array([[4.41089408, 4.51045159, 6.32914347, 3.92498488, 3.19277643,\n        4.74714813],\n       [4.41089517, 4.51045081, 6.32914521, 3.9249816 , 3.1927685 ,\n        4.74714559],\n       [4.4108947 , 4.51045807, 6.32915327, 3.9249828 , 3.1927684 ,\n        4.74715195],\n       [4.41090093, 4.51045168, 6.32915033, 3.92498422, 3.19277696,\n        4.74715449],\n       [4.4108897 , 4.51045655, 6.32915323, 3.92497984, 3.19277392,\n        4.74715399],\n       [4.41089836, 4.51044342, 6.32913744, 3.92499301, 3.19278474,\n        4.7471545 ],\n       [4.41089292, 4.51045974, 6.32914583, 3.92498121, 3.19277478,\n        4.74715094]]), array([0.20897606, 0.20897606, 0.20897606, 0.20897606, 0.20897606,\n       0.20897606, 0.20897606]))", "callback": [0.3604757701473362, 0.31972693694307486, 0.2296295944634379, 0.22278864301880974, 0.21909642598679557, 0.2159956633414285, 0.21429213218168786, 0.21319736597879757, 0.21247213505342044, 0.2120511003983353, 0.21095026665777827, 0.2099941495244355, 0.2094913685540678, 0.2090951337494782, 0.20908739383185138, 0.20901179694978733, 0.20898712662515662, 0.20898086806907146, 0.20897714652948507, 0.20897641263497202, 0.20897619714858495, 0.20897607899613968, 0.20897606081746822, 0.20897605816706277, 0.2089760569094421, 0.2089760564129488, 0.20897605633001337, 0.2089760561694728, 0.20897605606723646, 0.2089760560087246, 0.20897605594628543, 0.20897605592837765]}, "9": {"maxiter": 1000, "fatol": 1e-05, "xatol": 1e-10, "duration": 0.19295477867126465, "fun": "0.2089760558666124", "nit": "460", "nfev": "786", "status": "0", "success": "True", "message": "Optimization terminated successfully.", "x": "[4.41090022 4.51045075 6.32914606 3.92499988 3.1927708  4.74712821]", "final_simplex": "(array([[4.41090022, 4.51045075, 6.32914606, 3.92499988, 3.1927708 ,\n        4.74712821],\n       [4.41090022, 4.51045075, 6.32914606, 3.92499988, 3.1927708 ,\n        4.74712821],\n       [4.41090022, 4.51045075, 6.32914606, 3.92499988, 3.1927708 ,\n        4.74712821],\n       [4.41090022, 4.51045075, 6.32914606, 3.92499988, 3.1927708 ,\n        4.74712821],\n       [4.41090022, 4.51045075, 6.32914606, 3.92499988, 3.1927708 ,\n        4.74712821],\n       [4.41090022, 4.51045075, 6.32914606, 3.92499988, 3.1927708 ,\n        4.74712821],\n       [4.41090022, 4.51045075, 6.32914606, 3.92499988, 3.1927708 ,\n        4.74712821]]), array([0.20897606, 0.20897606, 0.20897606, 0.20897606, 0.20897606,\n       0.20897606, 0.20897606]))", "callback": [0.3604757701473362, 0.31972693694307486, 0.2296295944634379, 0.22278864301880974, 0.21909642598679557, 0.2159956633414285, 0.21429213218168786, 0.21319736597879757, 0.21247213505342044, 0.2120511003983353, 0.21095026665777827, 0.2099941495244355, 0.2094913685540678, 0.2090951337494782, 0.20908739383185138, 0.20901179694978733, 0.20898712662515662, 0.20898086806907146, 0.20897714652948507, 0.20897641263497202, 0.20897619714858495, 0.20897607899613968, 0.20897606081746822, 0.20897605816706277, 0.2089760569094421, 0.2089760564129488, 0.20897605633001337, 0.2089760561694728, 0.20897605606723646, 0.2089760560087246, 0.20897605594628543, 0.20897605592837765, 0.20897605592277757, 0.20897605590237012, 0.20897605588988077, 0.20897605588166535, 0.20897605587061951, 0.20897605586770085, 0.2089760558667324, 0.20897605586662982, 0.20897605586661405, 0.20897605586661316, 0.20897605586661272, 0.2089760558666124, 0.2089760558666124, 0.2089760558666124]}, "10": {"maxiter": 1000, "fatol": 1e-10, "xatol": 1e-05, "duration": 0.11961603164672852, "fun": "0.20897605592277757", "nit": "329", "nfev": "519", "status": "0", "success": "True", "message": "Optimization terminated successfully.", "x": "[4.41089408 4.51045159 6.32914347 3.92498488 3.19277643 4.74714813]", "final_simplex": "(array([[4.41089408, 4.51045159, 6.32914347, 3.92498488, 3.19277643,\n        4.74714813],\n       [4.41089517, 4.51045081, 6.32914521, 3.9249816 , 3.1927685 ,\n        4.74714559],\n       [4.4108947 , 4.51045807, 6.32915327, 3.9249828 , 3.1927684 ,\n        4.74715195],\n       [4.41090093, 4.51045168, 6.32915033, 3.92498422, 3.19277696,\n        4.74715449],\n       [4.4108897 , 4.51045655, 6.32915323, 3.92497984, 3.19277392,\n        4.74715399],\n       [4.41089836, 4.51044342, 6.32913744, 3.92499301, 3.19278474,\n        4.7471545 ],\n       [4.41089292, 4.51045974, 6.32914583, 3.92498121, 3.19277478,\n        4.74715094]]), array([0.20897606, 0.20897606, 0.20897606, 0.20897606, 0.20897606,\n       0.20897606, 0.20897606]))", "callback": [0.3604757701473362, 0.31972693694307486, 0.2296295944634379, 0.22278864301880974, 0.21909642598679557, 0.2159956633414285, 0.21429213218168786, 0.21319736597879757, 0.21247213505342044, 0.2120511003983353, 0.21095026665777827, 0.2099941495244355, 0.2094913685540678, 0.2090951337494782, 0.20908739383185138, 0.20901179694978733, 0.20898712662515662, 0.20898086806907146, 0.20897714652948507, 0.20897641263497202, 0.20897619714858495, 0.20897607899613968, 0.20897606081746822, 0.20897605816706277, 0.2089760569094421, 0.2089760564129488, 0.20897605633001337, 0.2089760561694728, 0.20897605606723646, 0.2089760560087246, 0.20897605594628543, 0.20897605592837765]}, "11": {"maxiter": 1000, "fatol": 1e-10, "xatol": 1e-10, "duration": 0.18123817443847656, "fun": "0.2089760558666124", "nit": "460", "nfev": "786", "status": "0", "success": "True", "message": "Optimization terminated successfully.", "x": "[4.41090022 4.51045075 6.32914606 3.92499988 3.1927708  4.74712821]", "final_simplex": "(array([[4.41090022, 4.51045075, 6.32914606, 3.92499988, 3.1927708 ,\n        4.74712821],\n       [4.41090022, 4.51045075, 6.32914606, 3.92499988, 3.1927708 ,\n        4.74712821],\n       [4.41090022, 4.51045075, 6.32914606, 3.92499988, 3.1927708 ,\n        4.74712821],\n       [4.41090022, 4.51045075, 6.32914606, 3.92499988, 3.1927708 ,\n        4.74712821],\n       [4.41090022, 4.51045075, 6.32914606, 3.92499988, 3.1927708 ,\n        4.74712821],\n       [4.41090022, 4.51045075, 6.32914606, 3.92499988, 3.1927708 ,\n        4.74712821],\n       [4.41090022, 4.51045075, 6.32914606, 3.92499988, 3.1927708 ,\n        4.74712821]]), array([0.20897606, 0.20897606, 0.20897606, 0.20897606, 0.20897606,\n       0.20897606, 0.20897606]))", "callback": [0.3604757701473362, 0.31972693694307486, 0.2296295944634379, 0.22278864301880974, 0.21909642598679557, 0.2159956633414285, 0.21429213218168786, 0.21319736597879757, 0.21247213505342044, 0.2120511003983353, 0.21095026665777827, 0.2099941495244355, 0.2094913685540678, 0.2090951337494782, 0.20908739383185138, 0.20901179694978733, 0.20898712662515662, 0.20898086806907146, 0.20897714652948507, 0.20897641263497202, 0.20897619714858495, 0.20897607899613968, 0.20897606081746822, 0.20897605816706277, 0.2089760569094421, 0.2089760564129488, 0.20897605633001337, 0.2089760561694728, 0.20897605606723646, 0.2089760560087246, 0.20897605594628543, 0.20897605592837765, 0.20897605592277757, 0.20897605590237012, 0.20897605588988077, 0.20897605588166535, 0.20897605587061951, 0.20897605586770085, 0.2089760558667324, 0.20897605586662982, 0.20897605586661405, 0.20897605586661316, 0.20897605586661272, 0.2089760558666124, 0.2089760558666124, 0.2089760558666124]}}, "bfgs": {"type": "gradient", "0": {"maxiter": 100, "gtol": 1e-05, "xrtol": 1e-05, "eps": 1e-05, "duration": 0.036416053771972656, "fun": "0.20897605604945335", "jac": "[ 1.45288226e-06  6.67310651e-07  6.28208596e-07  9.51350110e-07\n -2.98885361e-06 -3.05924175e-06]", "hess_inv": "[[ 6.93422896 -4.23153073 -3.92242639  3.30382805  1.7374953  -0.69351683]\n [-4.23153073  7.00046325  4.3855972  -4.14158506 -2.79051201  0.53742724]\n [-3.92242639  4.3855972   6.40377017 -4.12394631 -2.48630666  1.03486656]\n [ 3.30382805 -4.14158506 -4.12394631  6.77913901  2.63490442 -1.20488381]\n [ 1.7374953  -2.79051201 -2.48630666  2.63490442  6.00382539  1.71541093]\n [-0.69351683  0.53742724  1.03486656 -1.20488381  1.71541093  4.9276009 ]]", "nfev": "154", "njev": "22", "status": "0", "success": "True", "message": "Optimization terminated successfully.", "x": "[4.41090737 4.51044992 6.32914092 3.92500115 3.19273026 4.74708533]", "nit": "20", "callback": [0.20927509808126044, 0.20897605604945335]}, "1": {"maxiter": 100, "gtol": 1e-05, "xrtol": 1e-05, "eps": 1e-10, "duration": 0.038439035415649414, "fun": "0.20897605603635427", "jac": "[ 4.44089173e-06  0.00000000e+00  2.22044587e-06  3.33066880e-06\n -2.22044587e-06 -4.44089173e-06]", "hess_inv": "[[ 6.93535933 -4.25780706 -4.02420601  3.42519942  1.76112635 -0.6735299 ]\n [-4.25780706  7.04521373  4.47566169 -4.2591921  -2.8161033   0.48815497]\n [-4.02420601  4.47566169  6.41717979 -4.20066104 -2.46028667  0.97084504]\n [ 3.42519942 -4.2591921  -4.20066104  6.93243362  2.61294213 -1.10818827]\n [ 1.76112635 -2.8161033  -2.46028667  2.61294213  6.0447924   1.73254884]\n [-0.6735299   0.48815497  0.97084504 -1.10818827  1.73254884  4.77029079]]", "nfev": "154", "njev": "22", "status": "0", "success": "True", "message": "Optimization terminated successfully.", "x": "[4.41092254 4.51043998 6.32913708 3.92502159 3.19274203 4.74709109]", "nit": "20", "callback": [0.20927493637934724, 0.20897605603635427]}, "2": {"maxiter": 100, "gtol": 1e-05, "xrtol": 1e-10, "eps": 1e-05, "duration": 0.036978960037231445, "fun": "0.20897605604945335", "jac": "[ 1.45288226e-06  6.67310651e-07  6.28208596e-07  9.51350110e-07\n -2.98885361e-06 -3.05924175e-06]", "hess_inv": "[[ 6.93422896 -4.23153073 -3.92242639  3.30382805  1.7374953  -0.69351683]\n [-4.23153073  7.00046325  4.3855972  -4.14158506 -2.79051201  0.53742724]\n [-3.92242639  4.3855972   6.40377017 -4.12394631 -2.48630666  1.03486656]\n [ 3.30382805 -4.14158506 -4.12394631  6.77913901  2.63490442 -1.20488381]\n [ 1.7374953  -2.79051201 -2.48630666  2.63490442  6.00382539  1.71541093]\n [-0.69351683  0.53742724  1.03486656 -1.20488381  1.71541093  4.9276009 ]]", "nfev": "154", "njev": "22", "status": "0", "success": "True", "message": "Optimization terminated successfully.", "x": "[4.41090737 4.51044992 6.32914092 3.92500115 3.19273026 4.74708533]", "nit": "20", "callback": [0.20927509808126044, 0.20897605604945335]}, "3": {"maxiter": 100, "gtol": 1e-05, "xrtol": 1e-10, "eps": 1e-10, "duration": 0.03528404235839844, "fun": "0.20897605603635427", "jac": "[ 4.44089173e-06  0.00000000e+00  2.22044587e-06  3.33066880e-06\n -2.22044587e-06 -4.44089173e-06]", "hess_inv": "[[ 6.93535933 -4.25780706 -4.02420601  3.42519942  1.76112635 -0.6735299 ]\n [-4.25780706  7.04521373  4.47566169 -4.2591921  -2.8161033   0.48815497]\n [-4.02420601  4.47566169  6.41717979 -4.20066104 -2.46028667  0.97084504]\n [ 3.42519942 -4.2591921  -4.20066104  6.93243362  2.61294213 -1.10818827]\n [ 1.76112635 -2.8161033  -2.46028667  2.61294213  6.0447924   1.73254884]\n [-0.6735299   0.48815497  0.97084504 -1.10818827  1.73254884  4.77029079]]", "nfev": "154", "njev": "22", "status": "0", "success": "True", "message": "Optimization terminated successfully.", "x": "[4.41092254 4.51043998 6.32913708 3.92502159 3.19274203 4.74709109]", "nit": "20", "callback": [0.20927493637934724, 0.20897605603635427]}, "4": {"maxiter": 100, "gtol": 1e-10, "xrtol": 1e-05, "eps": 1e-05, "duration": 0.0362401008605957, "fun": "0.20897605590020696", "jac": "[-1.71329617e-07  3.29669625e-07 -2.43782772e-07  6.18516349e-07\n -3.69027031e-07 -2.65876210e-07]", "hess_inv": "[[ 6.99454505 -4.17354395 -3.85678279  3.26275599  1.47743858 -0.93501551]\n [-4.17354395  7.05088511  4.41776212 -4.1390804  -3.04586997  0.28938861]\n [-3.85678279  4.41776212  6.2954167  -3.92466361 -2.8003855   0.6798476 ]\n [ 3.26275599 -4.1390804  -3.92466361  6.47602194  2.8541273  -0.91533445]\n [ 1.47743858 -3.04586997 -2.8003855   2.8541273   7.11971357  2.74072596]\n [-0.93501551  0.28938861  0.6798476  -0.91533445  2.74072596  5.84726364]]", "nfev": "161", "njev": "23", "status": "0", "success": "True", "message": "Optimization terminated successfully.", "x": "[4.41090087 4.51044423 6.32913706 3.92500121 3.19275885 4.74711302]", "nit": "21", "callback": [0.20927509808126044, 0.20897605604945335]}, "5": {"maxiter": 100, "gtol": 1e-10, "xrtol": 1e-05, "eps": 1e-10, "duration": 0.03738999366760254, "fun": "0.20897605590671686", "jac": "[-4.44089173e-06 -1.11022293e-06 -4.44089173e-06 -2.22044587e-06\n -2.22044587e-06  0.00000000e+00]", "hess_inv": "[[ 7.18128049 -3.85559863 -3.34324174  2.6396925   0.653203   -1.73736198]\n [-3.85559863  6.46274056  3.76220365 -3.27934189 -2.29003544  0.65036466]\n [-3.34324174  3.76220365  5.610998   -3.03962677 -2.08370296  0.82725163]\n [ 2.6396925  -3.27934189 -3.03962677  5.30675431  1.8828433  -1.18311401]\n [ 0.653203   -2.29003544 -2.08370296  1.8828433   6.62862022  2.93959179]\n [-1.73736198  0.65036466  0.82725163 -1.18311401  2.93959179  6.45520785]]", "nfev": "161", "njev": "23", "status": "0", "success": "True", "message": "Optimization terminated successfully.", "x": "[4.41088302 4.51045748 6.32914864 3.92499787 3.19276526 4.7471361 ]", "nit": "21", "callback": [0.20927493637934724, 0.20897605603635427]}, "6": {"maxiter": 100, "gtol": 1e-10, "xrtol": 1e-10, "eps": 1e-05, "duration": 0.08064484596252441, "fun": "0.2089760558927909", "jac": "[-3.94684285e-08  4.83058038e-08 -1.64313008e-08  7.52731211e-08\n  3.90798505e-09 -5.90638649e-09]", "hess_inv": "[[ 6.96576085 -4.19087551 -3.86241892  3.25391754  1.59137823 -0.82159847]\n [-4.19087551  7.09509922  4.35265851 -3.97089444 -3.17003941  0.09532747]\n [-3.86241892  4.35265851  6.25048713 -3.93182927 -2.64519304  0.83800844]\n [ 3.25391754 -3.97089444 -3.93182927  6.70450344  2.4193774  -1.44445042]\n [ 1.59137823 -3.17003941 -2.64519304  2.4193774   7.28535091  3.09746307]\n [-0.82159847  0.09532747  0.83800844 -1.44445042  3.09746307  6.43346049]]", "nfev": "347", "njev": "48", "status": "2", "success": "False", "message": "Desired error not necessarily achieved due to precision loss.", "x": "[4.4109007  4.51044367 6.32913812 3.92499875 3.19276156 4.74711669]", "nit": "22", "callback": [0.20927509808126044, 0.20897605604945335]}, "7": {"maxiter": 100, "gtol": 1e-10, "xrtol": 1e-10, "eps": 1e-10, "duration": 0.08285975456237793, "fun": "0.2089760558689897", "jac": "[ 2.22044587e-06  2.22044587e-06  2.22044587e-06 -2.22044587e-06\n  0.00000000e+00 -1.11022293e-06]", "hess_inv": "[[ 59.35097399  -9.49321246 -34.50223861 -44.83090199 -23.44499697\n   56.54181731]\n [ -9.49321246   1.60995242   5.46163336   7.12316176   3.77166138\n   -8.97309166]\n [-34.50223861   5.46163336  20.12554956  26.11119188  13.59868929\n  -32.9451918 ]\n [-44.83090199   7.12316176  26.11119188  33.929905    17.68383406\n  -42.75791937]\n [-23.44499697   3.77166138  13.59868929  17.68383406   9.28492285\n  -22.32143232]\n [ 56.54181731  -8.97309166 -32.9451918  -42.75791937 -22.32143232\n   53.98979695]]", "nfev": "301", "njev": "43", "status": "2", "success": "False", "message": "Desired error not necessarily achieved due to precision loss.", "x": "[4.41090028 4.51045446 6.32914783 3.92500035 3.19277204 4.74712995]", "nit": "35", "callback": [0.20927493637934724, 0.20897605603635427, 0.20897605586963408]}, "8": {"maxiter": 500, "gtol": 1e-05, "xrtol": 1e-05, "eps": 1e-05, "duration": 0.047148942947387695, "fun": "0.20897605604945335", "jac": "[ 1.45288226e-06  6.67310651e-07  6.28208596e-07  9.51350110e-07\n -2.98885361e-06 -3.05924175e-06]", "hess_inv": "[[ 6.93422896 -4.23153073 -3.92242639  3.30382805  1.7374953  -0.69351683]\n [-4.23153073  7.00046325  4.3855972  -4.14158506 -2.79051201  0.53742724]\n [-3.92242639  4.3855972   6.40377017 -4.12394631 -2.48630666  1.03486656]\n [ 3.30382805 -4.14158506 -4.12394631  6.77913901  2.63490442 -1.20488381]\n [ 1.7374953  -2.79051201 -2.48630666  2.63490442  6.00382539  1.71541093]\n [-0.69351683  0.53742724  1.03486656 -1.20488381  1.71541093  4.9276009 ]]", "nfev": "154", "njev": "22", "status": "0", "success": "True", "message": "Optimization terminated successfully.", "x": "[4.41090737 4.51044992 6.32914092 3.92500115 3.19273026 4.74708533]", "nit": "20", "callback": [0.20927509808126044, 0.20897605604945335]}, "9": {"maxiter": 500, "gtol": 1e-05, "xrtol": 1e-05, "eps": 1e-10, "duration": 0.04633283615112305, "fun": "0.20897605603635427", "jac": "[ 4.44089173e-06  0.00000000e+00  2.22044587e-06  3.33066880e-06\n -2.22044587e-06 -4.44089173e-06]", "hess_inv": "[[ 6.93535933 -4.25780706 -4.02420601  3.42519942  1.76112635 -0.6735299 ]\n [-4.25780706  7.04521373  4.47566169 -4.2591921  -2.8161033   0.48815497]\n [-4.02420601  4.47566169  6.41717979 -4.20066104 -2.46028667  0.97084504]\n [ 3.42519942 -4.2591921  -4.20066104  6.93243362  2.61294213 -1.10818827]\n [ 1.76112635 -2.8161033  -2.46028667  2.61294213  6.0447924   1.73254884]\n [-0.6735299   0.48815497  0.97084504 -1.10818827  1.73254884  4.77029079]]", "nfev": "154", "njev": "22", "status": "0", "success": "True", "message": "Optimization terminated successfully.", "x": "[4.41092254 4.51043998 6.32913708 3.92502159 3.19274203 4.74709109]", "nit": "20", "callback": [0.20927493637934724, 0.20897605603635427]}, "10": {"maxiter": 500, "gtol": 1e-05, "xrtol": 1e-10, "eps": 1e-05, "duration": 0.047266244888305664, "fun": "0.20897605604945335", "jac": "[ 1.45288226e-06  6.67310651e-07  6.28208596e-07  9.51350110e-07\n -2.98885361e-06 -3.05924175e-06]", "hess_inv": "[[ 6.93422896 -4.23153073 -3.92242639  3.30382805  1.7374953  -0.69351683]\n [-4.23153073  7.00046325  4.3855972  -4.14158506 -2.79051201  0.53742724]\n [-3.92242639  4.3855972   6.40377017 -4.12394631 -2.48630666  1.03486656]\n [ 3.30382805 -4.14158506 -4.12394631  6.77913901  2.63490442 -1.20488381]\n [ 1.7374953  -2.79051201 -2.48630666  2.63490442  6.00382539  1.71541093]\n [-0.69351683  0.53742724  1.03486656 -1.20488381  1.71541093  4.9276009 ]]", "nfev": "154", "njev": "22", "status": "0", "success": "True", "message": "Optimization terminated successfully.", "x": "[4.41090737 4.51044992 6.32914092 3.92500115 3.19273026 4.74708533]", "nit": "20", "callback": [0.20927509808126044, 0.20897605604945335]}, "11": {"maxiter": 500, "gtol": 1e-05, "xrtol": 1e-10, "eps": 1e-10, "duration": 0.04649019241333008, "fun": "0.20897605603635427", "jac": "[ 4.44089173e-06  0.00000000e+00  2.22044587e-06  3.33066880e-06\n -2.22044587e-06 -4.44089173e-06]", "hess_inv": "[[ 6.93535933 -4.25780706 -4.02420601  3.42519942  1.76112635 -0.6735299 ]\n [-4.25780706  7.04521373  4.47566169 -4.2591921  -2.8161033   0.48815497]\n [-4.02420601  4.47566169  6.41717979 -4.20066104 -2.46028667  0.97084504]\n [ 3.42519942 -4.2591921  -4.20066104  6.93243362  2.61294213 -1.10818827]\n [ 1.76112635 -2.8161033  -2.46028667  2.61294213  6.0447924   1.73254884]\n [-0.6735299   0.48815497  0.97084504 -1.10818827  1.73254884  4.77029079]]", "nfev": "154", "njev": "22", "status": "0", "success": "True", "message": "Optimization terminated successfully.", "x": "[4.41092254 4.51043998 6.32913708 3.92502159 3.19274203 4.74709109]", "nit": "20", "callback": [0.20927493637934724, 0.20897605603635427]}, "12": {"maxiter": 500, "gtol": 1e-10, "xrtol": 1e-05, "eps": 1e-05, "duration": 0.046269893646240234, "fun": "0.20897605590020696", "jac": "[-1.71329617e-07  3.29669625e-07 -2.43782772e-07  6.18516349e-07\n -3.69027031e-07 -2.65876210e-07]", "hess_inv": "[[ 6.99454505 -4.17354395 -3.85678279  3.26275599  1.47743858 -0.93501551]\n [-4.17354395  7.05088511  4.41776212 -4.1390804  -3.04586997  0.28938861]\n [-3.85678279  4.41776212  6.2954167  -3.92466361 -2.8003855   0.6798476 ]\n [ 3.26275599 -4.1390804  -3.92466361  6.47602194  2.8541273  -0.91533445]\n [ 1.47743858 -3.04586997 -2.8003855   2.8541273   7.11971357  2.74072596]\n [-0.93501551  0.28938861  0.6798476  -0.91533445  2.74072596  5.84726364]]", "nfev": "161", "njev": "23", "status": "0", "success": "True", "message": "Optimization terminated successfully.", "x": "[4.41090087 4.51044423 6.32913706 3.92500121 3.19275885 4.74711302]", "nit": "21", "callback": [0.20927509808126044, 0.20897605604945335]}, "13": {"maxiter": 500, "gtol": 1e-10, "xrtol": 1e-05, "eps": 1e-10, "duration": 0.043766021728515625, "fun": "0.20897605590671686", "jac": "[-4.44089173e-06 -1.11022293e-06 -4.44089173e-06 -2.22044587e-06\n -2.22044587e-06  0.00000000e+00]", "hess_inv": "[[ 7.18128049 -3.85559863 -3.34324174  2.6396925   0.653203   -1.73736198]\n [-3.85559863  6.46274056  3.76220365 -3.27934189 -2.29003544  0.65036466]\n [-3.34324174  3.76220365  5.610998   -3.03962677 -2.08370296  0.82725163]\n [ 2.6396925  -3.27934189 -3.03962677  5.30675431  1.8828433  -1.18311401]\n [ 0.653203   -2.29003544 -2.08370296  1.8828433   6.62862022  2.93959179]\n [-1.73736198  0.65036466  0.82725163 -1.18311401  2.93959179  6.45520785]]", "nfev": "161", "njev": "23", "status": "0", "success": "True", "message": "Optimization terminated successfully.", "x": "[4.41088302 4.51045748 6.32914864 3.92499787 3.19276526 4.7471361 ]", "nit": "21", "callback": [0.20927493637934724, 0.20897605603635427]}, "14": {"maxiter": 500, "gtol": 1e-10, "xrtol": 1e-10, "eps": 1e-05, "duration": 0.09135103225708008, "fun": "0.2089760558927909", "jac": "[-3.94684285e-08  4.83058038e-08 -1.64313008e-08  7.52731211e-08\n  3.90798505e-09 -5.90638649e-09]", "hess_inv": "[[ 6.96576085 -4.19087551 -3.86241892  3.25391754  1.59137823 -0.82159847]\n [-4.19087551  7.09509922  4.35265851 -3.97089444 -3.17003941  0.09532747]\n [-3.86241892  4.35265851  6.25048713 -3.93182927 -2.64519304  0.83800844]\n [ 3.25391754 -3.97089444 -3.93182927  6.70450344  2.4193774  -1.44445042]\n [ 1.59137823 -3.17003941 -2.64519304  2.4193774   7.28535091  3.09746307]\n [-0.82159847  0.09532747  0.83800844 -1.44445042  3.09746307  6.43346049]]", "nfev": "347", "njev": "48", "status": "2", "success": "False", "message": "Desired error not necessarily achieved due to precision loss.", "x": "[4.4109007  4.51044367 6.32913812 3.92499875 3.19276156 4.74711669]", "nit": "22", "callback": [0.20927509808126044, 0.20897605604945335]}, "15": {"maxiter": 500, "gtol": 1e-10, "xrtol": 1e-10, "eps": 1e-10, "duration": 0.07502889633178711, "fun": "0.2089760558689897", "jac": "[ 2.22044587e-06  2.22044587e-06  2.22044587e-06 -2.22044587e-06\n  0.00000000e+00 -1.11022293e-06]", "hess_inv": "[[ 59.35097399  -9.49321246 -34.50223861 -44.83090199 -23.44499697\n   56.54181731]\n [ -9.49321246   1.60995242   5.46163336   7.12316176   3.77166138\n   -8.97309166]\n [-34.50223861   5.46163336  20.12554956  26.11119188  13.59868929\n  -32.9451918 ]\n [-44.83090199   7.12316176  26.11119188  33.929905    17.68383406\n  -42.75791937]\n [-23.44499697   3.77166138  13.59868929  17.68383406   9.28492285\n  -22.32143232]\n [ 56.54181731  -8.97309166 -32.9451918  -42.75791937 -22.32143232\n   53.98979695]]", "nfev": "301", "njev": "43", "status": "2", "success": "False", "message": "Desired error not necessarily achieved due to precision loss.", "x": "[4.41090028 4.51045446 6.32914783 3.92500035 3.19277204 4.74712995]", "nit": "35", "callback": [0.20927493637934724, 0.20897605603635427, 0.20897605586963408]}, "16": {"maxiter": 1000, "gtol": 1e-05, "xrtol": 1e-05, "eps": 1e-05, "duration": 0.03707289695739746, "fun": "0.20897605604945335", "jac": "[ 1.45288226e-06  6.67310651e-07  6.28208596e-07  9.51350110e-07\n -2.98885361e-06 -3.05924175e-06]", "hess_inv": "[[ 6.93422896 -4.23153073 -3.92242639  3.30382805  1.7374953  -0.69351683]\n [-4.23153073  7.00046325  4.3855972  -4.14158506 -2.79051201  0.53742724]\n [-3.92242639  4.3855972   6.40377017 -4.12394631 -2.48630666  1.03486656]\n [ 3.30382805 -4.14158506 -4.12394631  6.77913901  2.63490442 -1.20488381]\n [ 1.7374953  -2.79051201 -2.48630666  2.63490442  6.00382539  1.71541093]\n [-0.69351683  0.53742724  1.03486656 -1.20488381  1.71541093  4.9276009 ]]", "nfev": "154", "njev": "22", "status": "0", "success": "True", "message": "Optimization terminated successfully.", "x": "[4.41090737 4.51044992 6.32914092 3.92500115 3.19273026 4.74708533]", "nit": "20", "callback": [0.20927509808126044, 0.20897605604945335]}, "17": {"maxiter": 1000, "gtol": 1e-05, "xrtol": 1e-05, "eps": 1e-10, "duration": 0.03705906867980957, "fun": "0.20897605603635427", "jac": "[ 4.44089173e-06  0.00000000e+00  2.22044587e-06  3.33066880e-06\n -2.22044587e-06 -4.44089173e-06]", "hess_inv": "[[ 6.93535933 -4.25780706 -4.02420601  3.42519942  1.76112635 -0.6735299 ]\n [-4.25780706  7.04521373  4.47566169 -4.2591921  -2.8161033   0.48815497]\n [-4.02420601  4.47566169  6.41717979 -4.20066104 -2.46028667  0.97084504]\n [ 3.42519942 -4.2591921  -4.20066104  6.93243362  2.61294213 -1.10818827]\n [ 1.76112635 -2.8161033  -2.46028667  2.61294213  6.0447924   1.73254884]\n [-0.6735299   0.48815497  0.97084504 -1.10818827  1.73254884  4.77029079]]", "nfev": "154", "njev": "22", "status": "0", "success": "True", "message": "Optimization terminated successfully.", "x": "[4.41092254 4.51043998 6.32913708 3.92502159 3.19274203 4.74709109]", "nit": "20", "callback": [0.20927493637934724, 0.20897605603635427]}, "18": {"maxiter": 1000, "gtol": 1e-05, "xrtol": 1e-10, "eps": 1e-05, "duration": 0.03582119941711426, "fun": "0.20897605604945335", "jac": "[ 1.45288226e-06  6.67310651e-07  6.28208596e-07  9.51350110e-07\n -2.98885361e-06 -3.05924175e-06]", "hess_inv": "[[ 6.93422896 -4.23153073 -3.92242639  3.30382805  1.7374953  -0.69351683]\n [-4.23153073  7.00046325  4.3855972  -4.14158506 -2.79051201  0.53742724]\n [-3.92242639  4.3855972   6.40377017 -4.12394631 -2.48630666  1.03486656]\n [ 3.30382805 -4.14158506 -4.12394631  6.77913901