{"date": "2024/09/24/, 03:14:24", "conf_id": 228, "data_type": "non_lin_ind\n", "num_data_points": 4, "s_rank": 0, "unitary": "[[-0.53618537-0.34368723j,-0.12107031-0.46226139j,-0.07699282-0.46603512j,0.36022595-0.11472301j],[0.26026499-0.63450712j,-0.56616638+0.37832564j,-0.14988651+0.08458591j,0.10363514-0.16008501j],[-0.32580188-0.11070003j,-0.36476308-0.23593218j,0.02559343+0.41761608j,-0.25598305+0.6725303j],[0.07406738-0.0126433j,0.28513701+0.19483972j,-0.74939717-0.10299659j,0.29798249+0.46269921j]]", "databatch_0": {"databatch": "[[[0.11066262-0.18931176j,0.08421094+0.01829759j,-0.09704732-0.03200957j,-0.11303913-0.17090738j],[0.14954222+0.11532579j,-0.07392929+0.07598276j,0.0547194-0.09160563j,0.16481193-0.15547946j],[-0.10358045+0.30924766j,-0.27403546+0.12890716j,0.17788753-0.06022588j,0.06270519-0.05263691j],[-0.4123806+0.29007887j,-0.43543137+0.10536704j,0.2279164+0.02117675j,-0.18415498-0.03422398j]],[[0.05015864+0.10395504j,-0.09614601-0.03627398j,-0.00436787-0.02684092j,0.06207169+0.00719939j],[-0.04777977+0.11709949j,-0.04248617-0.1064667j,0.0147938-0.02494261j,0.03806361+0.05787643j],[0.23925355+0.03795808j,-0.18595201+0.12033798j,-0.06779537-0.02146567j,0.08610092-0.08794925j],[0.60577872+0.08122549j,-0.45559404+0.31499253j,-0.16133905-0.05461493j,0.21073313-0.2344725j]],[[-0.12631726-0.05659955j,0.05189468-0.10967453j,0.15344467+0.13481185j,-0.15106455+0.03882313j],[0.02412174-0.17839672j,0.15021413+0.0256233j,-0.10702205+0.24373976j,-0.10883992-0.17816155j],[-0.09524298-0.11984554j,0.09105228-0.06444999j,0.10343254+0.20878808j,-0.19278738-0.04092541j],[-0.31558246-0.08478146j,0.04997602-0.24570481j,0.44702878+0.25578187j,-0.38243322+0.14078027j]],[[-0.12214147+0.17879264j,0.06681166-0.07359086j,-0.09506828+0.08436381j,-0.08656958+0.040732j],[-0.146264-0.16253454j,0.0577717+0.08266861j,-0.05570934-0.10594073j,-0.00773584-0.09549006j],[0.01416373-0.4071582j,-0.02820851+0.17933356j,0.09720852-0.21528537j,0.13234231-0.18055137j],[0.23665977-0.46635606j,-0.12947517+0.18852896j,0.25656788-0.20263961j,0.26215264-0.17371589j]]]", "initial param values": "[1.605341,6.0743075,3.63128231,1.54192305,2.30879202,4.17438916]", "nelder_mead": {"type": "gradient-free", "0": {"maxiter": 100, "fatol": 1e-05, "xatol": 1e-05, "duration": 0.03900885581970215, "fun": "0.3971432010472298", "nit": "100", "nfev": "156", "status": "2", "success": "False", "message": "Maximum number of iterations has been exceeded.", "x": "[-0.84807837  5.47058408  4.90839779  1.09951341 -0.04206061  5.25936922]", "final_simplex": "(array([[-0.84807837,  5.47058408,  4.90839779,  1.09951341, -0.04206061,\n         5.25936922],\n       [-0.68290282,  5.47735967,  4.91110818,  1.00505966,  0.13479186,\n         5.29065124],\n       [-0.78819534,  5.52544515,  5.04940478,  0.94092743, -0.02795199,\n         5.33121013],\n       [-0.82038258,  5.48207774,  5.01973269,  0.94454534,  0.0185019 ,\n         5.32787722],\n       [-0.63081439,  5.51831468,  4.96239121,  0.89740066,  0.08397435,\n         5.36123411],\n       [-0.69372707,  5.37855968,  4.9560807 ,  0.99157265,  0.02921453,\n         5.31672011],\n       [-0.767825  ,  5.3824185 ,  5.01201294,  0.98322743, -0.13588846,\n         5.3932453 ]]), array([0.3971432 , 0.39815258, 0.39909432, 0.39922197, 0.39963016,\n       0.39991791, 0.4001259 ]))", "callback": [0.6611915752755042, 0.6471598661208999, 0.57373234198356, 0.5059197864975213, 0.4811331311865371, 0.4612914108047057, 0.4171367157970671, 0.4064714716395623, 0.4006185521586554]}, "1": {"maxiter": 100, "fatol": 1e-05, "xatol": 1e-10, "duration": 0.03622603416442871, "fun": "0.3971432010472298", "nit": "100", "nfev": "156", "status": "2", "success": "False", "message": "Maximum number of iterations has been exceeded.", "x": "[-0.84807837  5.47058408  4.90839779  1.09951341 -0.04206061  5.25936922]", "final_simplex": "(array([[-0.84807837,  5.47058408,  4.90839779,  1.09951341, -0.04206061,\n         5.25936922],\n       [-0.68290282,  5.47735967,  4.91110818,  1.00505966,  0.13479186,\n         5.29065124],\n       [-0.78819534,  5.52544515,  5.04940478,  0.94092743, -0.02795199,\n         5.33121013],\n       [-0.82038258,  5.48207774,  5.01973269,  0.94454534,  0.0185019 ,\n         5.32787722],\n       [-0.63081439,  5.51831468,  4.96239121,  0.89740066,  0.08397435,\n         5.36123411],\n       [-0.69372707,  5.37855968,  4.9560807 ,  0.99157265,  0.02921453,\n         5.31672011],\n       [-0.767825  ,  5.3824185 ,  5.01201294,  0.98322743, -0.13588846,\n         5.3932453 ]]), array([0.3971432 , 0.39815258, 0.39909432, 0.39922197, 0.39963016,\n       0.39991791, 0.4001259 ]))", "callback": [0.6611915752755042, 0.6471598661208999, 0.57373234198356, 0.5059197864975213, 0.4811331311865371, 0.4612914108047057, 0.4171367157970671, 0.4064714716395623, 0.4006185521586554]}, "2": {"maxiter": 100, "fatol": 1e-10, "xatol": 1e-05, "duration": 0.03514719009399414, "fun": "0.3971432010472298", "nit": "100", "nfev": "156", "status": "2", "success": "False", "message": "Maximum number of iterations has been exceeded.", "x": "[-0.84807837  5.47058408  4.90839779  1.09951341 -0.04206061  5.25936922]", "final_simplex": "(array([[-0.84807837,  5.47058408,  4.90839779,  1.09951341, -0.04206061,\n         5.25936922],\n       [-0.68290282,  5.47735967,  4.91110818,  1.00505966,  0.13479186,\n         5.29065124],\n       [-0.78819534,  5.52544515,  5.04940478,  0.94092743, -0.02795199,\n         5.33121013],\n       [-0.82038258,  5.48207774,  5.01973269,  0.94454534,  0.0185019 ,\n         5.32787722],\n       [-0.63081439,  5.51831468,  4.96239121,  0.89740066,  0.08397435,\n         5.36123411],\n       [-0.69372707,  5.37855968,  4.9560807 ,  0.99157265,  0.02921453,\n         5.31672011],\n       [-0.767825  ,  5.3824185 ,  5.01201294,  0.98322743, -0.13588846,\n         5.3932453 ]]), array([0.3971432 , 0.39815258, 0.39909432, 0.39922197, 0.39963016,\n       0.39991791, 0.4001259 ]))", "callback": [0.6611915752755042, 0.6471598661208999, 0.57373234198356, 0.5059197864975213, 0.4811331311865371, 0.4612914108047057, 0.4171367157970671, 0.4064714716395623, 0.4006185521586554]}, "3": {"maxiter": 100, "fatol": 1e-10, "xatol": 1e-10, "duration": 0.03573298454284668, "fun": "0.3971432010472298", "nit": "100", "nfev": "156", "status": "2", "success": "False", "message": "Maximum number of iterations has been exceeded.", "x": "[-0.84807837  5.47058408  4.90839779  1.09951341 -0.04206061  5.25936922]", "final_simplex": "(array([[-0.84807837,  5.47058408,  4.90839779,  1.09951341, -0.04206061,\n         5.25936922],\n       [-0.68290282,  5.47735967,  4.91110818,  1.00505966,  0.13479186,\n         5.29065124],\n       [-0.78819534,  5.52544515,  5.04940478,  0.94092743, -0.02795199,\n         5.33121013],\n       [-0.82038258,  5.48207774,  5.01973269,  0.94454534,  0.0185019 ,\n         5.32787722],\n       [-0.63081439,  5.51831468,  4.96239121,  0.89740066,  0.08397435,\n         5.36123411],\n       [-0.69372707,  5.37855968,  4.9560807 ,  0.99157265,  0.02921453,\n         5.31672011],\n       [-0.767825  ,  5.3824185 ,  5.01201294,  0.98322743, -0.13588846,\n         5.3932453 ]]), array([0.3971432 , 0.39815258, 0.39909432, 0.39922197, 0.39963016,\n       0.39991791, 0.4001259 ]))", "callback": [0.6611915752755042, 0.6471598661208999, 0.57373234198356, 0.5059197864975213, 0.4811331311865371, 0.4612914108047057, 0.4171367157970671, 0.4064714716395623, 0.4006185521586554]}, "4": {"maxiter": 500, "fatol": 1e-05, "xatol": 1e-05, "duration": 0.1477680206298828, "fun": "0.20084901056771753", "nit": "414", "nfev": "651", "status": "0", "success": "True", "message": "Optimization terminated successfully.", "x": "[-1.38894062  6.42495438  1.38545649  1.80088914 -1.10360141  6.00958194]", "final_simplex": "(array([[-1.38894062,  6.42495438,  1.38545649,  1.80088914, -1.10360141,\n         6.00958194],\n       [-1.38893988,  6.42495603,  1.38545408,  1.80088846, -1.10359687,\n         6.00958831],\n       [-1.38893841,  6.42495559,  1.385457  ,  1.80088378, -1.10360022,\n         6.00958212],\n       [-1.38894162,  6.42495494,  1.38544878,  1.80088907, -1.10359489,\n         6.00958576],\n       [-1.38894171,  6.42495257,  1.38546057,  1.80088406, -1.10360122,\n         6.00958203],\n       [-1.38894318,  6.42495751,  1.38545898,  1.80088585, -1.10360209,\n         6.00958154],\n       [-1.38893932,  6.42495621,  1.38544695,  1.80088607, -1.10360212,\n         6.00958989]]), array([0.20084901, 0.20084901, 0.20084901, 0.20084901, 0.20084901,\n       0.20084901, 0.20084901]))", "callback": [0.6611915752755042, 0.6471598661208999, 0.57373234198356, 0.5059197864975213, 0.4811331311865371, 0.4612914108047057, 0.4171367157970671, 0.4064714716395623, 0.4006185521586554, 0.3971432010472298, 0.39427679987708375, 0.38529987721215364, 0.3618770906728248, 0.2879989457534864, 0.2628977412664675, 0.2511480089588711, 0.24296588111598783, 0.24098888283370357, 0.23980987127695141, 0.23903498644639032, 0.23789694751224555, 0.23293882853768588, 0.2211039494468643, 0.21206529235268523, 0.20778397515559777, 0.20412108432843734, 0.20225905070146677, 0.20138661103199063, 0.20098704412194368, 0.20091316704253392, 0.20086483689349055, 0.20085300362258918, 0.200850069152407, 0.20084922955895368, 0.20084906031508876, 0.20084902452708275, 0.2008490127731276, 0.20084901123354026, 0.20084901071307137, 0.2008490105834413, 0.20084901056913507]}, "5": {"maxiter": 500, "fatol": 1e-05, "xatol": 1e-10, "duration": 0.18561387062072754, "fun": "0.20084901056567528", "nit": "500", "nfev": "833", "status": "2", "success": "False", "message": "Maximum number of iterations has been exceeded.", "x": "[-1.38894052  6.42495573  1.38545302  1.80088807 -1.10360095  6.00958478]", "final_simplex": "(array([[-1.38894052,  6.42495573,  1.38545302,  1.80088807, -1.10360095,\n         6.00958478],\n       [-1.38894052,  6.42495573,  1.38545302,  1.80088807, -1.10360095,\n         6.00958478],\n       [-1.38894052,  6.42495573,  1.38545302,  1.80088807, -1.10360095,\n         6.00958478],\n       [-1.38894052,  6.42495573,  1.38545302,  1.80088807, -1.10360095,\n         6.00958478],\n       [-1.38894052,  6.42495573,  1.38545302,  1.80088807, -1.10360095,\n         6.00958478],\n       [-1.38894052,  6.42495573,  1.38545302,  1.80088807, -1.10360095,\n         6.00958478],\n       [-1.38894052,  6.42495573,  1.38545302,  1.80088807, -1.10360095,\n         6.00958478]]), array([0.20084901, 0.20084901, 0.20084901, 0.20084901, 0.20084901,\n       0.20084901, 0.20084901]))", "callback": [0.6611915752755042, 0.6471598661208999, 0.57373234198356, 0.5059197864975213, 0.4811331311865371, 0.4612914108047057, 0.4171367157970671, 0.4064714716395623, 0.4006185521586554, 0.3971432010472298, 0.39427679987708375, 0.38529987721215364, 0.3618770906728248, 0.2879989457534864, 0.2628977412664675, 0.2511480089588711, 0.24296588111598783, 0.24098888283370357, 0.23980987127695141, 0.23903498644639032, 0.23789694751224555, 0.23293882853768588, 0.2211039494468643, 0.21206529235268523, 0.20778397515559777, 0.20412108432843734, 0.20225905070146677, 0.20138661103199063, 0.20098704412194368, 0.20091316704253392, 0.20086483689349055, 0.20085300362258918, 0.200850069152407, 0.20084922955895368, 0.20084906031508876, 0.20084902452708275, 0.2008490127731276, 0.20084901123354026, 0.20084901071307137, 0.2008490105834413, 0.20084901056913507, 0.2008490105664783, 0.20084901056584747, 0.20084901056572413, 0.2008490105656856, 0.20084901056567694, 0.20084901056567595, 0.2008490105656755, 0.20084901056567528]}, "6": {"maxiter": 500, "fatol": 1e-10, "xatol": 1e-05, "duration": 0.14590716361999512, "fun": "0.20084901056771753", "nit": "414", "nfev": "651", "status": "0", "success": "True", "message": "Optimization terminated successfully.", "x": "[-1.38894062  6.42495438  1.38545649  1.80088914 -1.10360141  6.00958194]", "final_simplex": "(array([[-1.38894062,  6.42495438,  1.38545649,  1.80088914, -1.10360141,\n         6.00958194],\n       [-1.38893988,  6.42495603,  1.38545408,  1.80088846, -1.10359687,\n         6.00958831],\n       [-1.38893841,  6.42495559,  1.385457  ,  1.80088378, -1.10360022,\n         6.00958212],\n       [-1.38894162,  6.42495494,  1.38544878,  1.80088907, -1.10359489,\n         6.00958576],\n       [-1.38894171,  6.42495257,  1.38546057,  1.80088406, -1.10360122,\n         6.00958203],\n       [-1.38894318,  6.42495751,  1.38545898,  1.80088585, -1.10360209,\n         6.00958154],\n       [-1.38893932,  6.42495621,  1.38544695,  1.80088607, -1.10360212,\n         6.00958989]]), array([0.20084901, 0.20084901, 0.20084901, 0.20084901, 0.20084901,\n       0.20084901, 0.20084901]))", "callback": [0.6611915752755042, 0.6471598661208999, 0.57373234198356, 0.5059197864975213, 0.4811331311865371, 0.4612914108047057, 0.4171367157970671, 0.4064714716395623, 0.4006185521586554, 0.3971432010472298, 0.39427679987708375, 0.38529987721215364, 0.3618770906728248, 0.2879989457534864, 0.2628977412664675, 0.2511480089588711, 0.24296588111598783, 0.24098888283370357, 0.23980987127695141, 0.23903498644639032, 0.23789694751224555, 0.23293882853768588, 0.2211039494468643, 0.21206529235268523, 0.20778397515559777, 0.20412108432843734, 0.20225905070146677, 0.20138661103199063, 0.20098704412194368, 0.20091316704253392, 0.20086483689349055, 0.20085300362258918, 0.200850069152407, 0.20084922955895368, 0.20084906031508876, 0.20084902452708275, 0.2008490127731276, 0.20084901123354026, 0.20084901071307137, 0.2008490105834413, 0.20084901056913507]}, "7": {"maxiter": 500, "fatol": 1e-10, "xatol": 1e-10, "duration": 0.21045303344726562, "fun": "0.20084901056567528", "nit": "500", "nfev": "833", "status": "2", "success": "False", "message": "Maximum number of iterations has been exceeded.", "x": "[-1.38894052  6.42495573  1.38545302  1.80088807 -1.10360095  6.00958478]", "final_simplex": "(array([[-1.38894052,  6.42495573,  1.38545302,  1.80088807, -1.10360095,\n         6.00958478],\n       [-1.38894052,  6.42495573,  1.38545302,  1.80088807, -1.10360095,\n         6.00958478],\n       [-1.38894052,  6.42495573,  1.38545302,  1.80088807, -1.10360095,\n         6.00958478],\n       [-1.38894052,  6.42495573,  1.38545302,  1.80088807, -1.10360095,\n         6.00958478],\n       [-1.38894052,  6.42495573,  1.38545302,  1.80088807, -1.10360095,\n         6.00958478],\n       [-1.38894052,  6.42495573,  1.38545302,  1.80088807, -1.10360095,\n         6.00958478],\n       [-1.38894052,  6.42495573,  1.38545302,  1.80088807, -1.10360095,\n         6.00958478]]), array([0.20084901, 0.20084901, 0.20084901, 0.20084901, 0.20084901,\n       0.20084901, 0.20084901]))", "callback": [0.6611915752755042, 0.6471598661208999, 0.57373234198356, 0.5059197864975213, 0.4811331311865371, 0.4612914108047057, 0.4171367157970671, 0.4064714716395623, 0.4006185521586554, 0.3971432010472298, 0.39427679987708375, 0.38529987721215364, 0.3618770906728248, 0.2879989457534864, 0.2628977412664675, 0.2511480089588711, 0.24296588111598783, 0.24098888283370357, 0.23980987127695141, 0.23903498644639032, 0.23789694751224555, 0.23293882853768588, 0.2211039494468643, 0.21206529235268523, 0.20778397515559777, 0.20412108432843734, 0.20225905070146677, 0.20138661103199063, 0.20098704412194368, 0.20091316704253392, 0.20086483689349055, 0.20085300362258918, 0.200850069152407, 0.20084922955895368, 0.20084906031508876, 0.20084902452708275, 0.2008490127731276, 0.20084901123354026, 0.20084901071307137, 0.2008490105834413, 0.20084901056913507, 0.2008490105664783, 0.20084901056584747, 0.20084901056572413, 0.2008490105656856, 0.20084901056567694, 0.20084901056567595, 0.2008490105656755, 0.20084901056567528]}, "8": {"maxiter": 1000, "fatol": 1e-05, "xatol": 1e-05, "duration": 0.14629888534545898, "fun": "0.20084901056771753", "nit": "414", "nfev": "651", "status": "0", "success": "True", "message": "Optimization terminated successfully.", "x": "[-1.38894062  6.42495438  1.38545649  1.80088914 -1.10360141  6.00958194]", "final_simplex": "(array([[-1.38894062,  6.42495438,  1.38545649,  1.80088914, -1.10360141,\n         6.00958194],\n       [-1.38893988,  6.42495603,  1.38545408,  1.80088846, -1.10359687,\n         6.00958831],\n       [-1.38893841,  6.42495559,  1.385457  ,  1.80088378, -1.10360022,\n         6.00958212],\n       [-1.38894162,  6.42495494,  1.38544878,  1.80088907, -1.10359489,\n         6.00958576],\n       [-1.38894171,  6.42495257,  1.38546057,  1.80088406, -1.10360122,\n         6.00958203],\n       [-1.38894318,  6.42495751,  1.38545898,  1.80088585, -1.10360209,\n         6.00958154],\n       [-1.38893932,  6.42495621,  1.38544695,  1.80088607, -1.10360212,\n         6.00958989]]), array([0.20084901, 0.20084901, 0.20084901, 0.20084901, 0.20084901,\n       0.20084901, 0.20084901]))", "callback": [0.6611915752755042, 0.6471598661208999, 0.57373234198356, 0.5059197864975213, 0.4811331311865371, 0.4612914108047057, 0.4171367157970671, 0.4064714716395623, 0.4006185521586554, 0.3971432010472298, 0.39427679987708375, 0.38529987721215364, 0.3618770906728248, 0.2879989457534864, 0.2628977412664675, 0.2511480089588711, 0.24296588111598783, 0.24098888283370357, 0.23980987127695141, 0.23903498644639032, 0.23789694751224555, 0.23293882853768588, 0.2211039494468643, 0.21206529235268523, 0.20778397515559777, 0.20412108432843734, 0.20225905070146677, 0.20138661103199063, 0.20098704412194368, 0.20091316704253392, 0.20086483689349055, 0.20085300362258918, 0.200850069152407, 0.20084922955895368, 0.20084906031508876, 0.20084902452708275, 0.2008490127731276, 0.20084901123354026, 0.20084901071307137, 0.2008490105834413, 0.20084901056913507]}, "9": {"maxiter": 1000, "fatol": 1e-05, "xatol": 1e-10, "duration": 0.20862793922424316, "fun": "0.20084901056567528", "nit": "506", "nfev": "860", "status": "0", "success": "True", "message": "Optimization terminated successfully.", "x": "[-1.38894052  6.42495573  1.38545302  1.80088807 -1.10360095  6.00958478]", "final_simplex": "(array([[-1.38894052,  6.42495573,  1.38545302,  1.80088807, -1.10360095,\n         6.00958478],\n       [-1.38894052,  6.42495573,  1.38545302,  1.80088807, -1.10360095,\n         6.00958478],\n       [-1.38894052,  6.42495573,  1.38545302,  1.80088807, -1.10360095,\n         6.00958478],\n       [-1.38894052,  6.42495573,  1.38545302,  1.80088807, -1.10360095,\n         6.00958478],\n       [-1.38894052,  6.42495573,  1.38545302,  1.80088807, -1.10360095,\n         6.00958478],\n       [-1.38894052,  6.42495573,  1.38545302,  1.80088807, -1.10360095,\n         6.00958478],\n       [-1.38894052,  6.42495573,  1.38545302,  1.80088807, -1.10360095,\n         6.00958478]]), array([0.20084901, 0.20084901, 0.20084901, 0.20084901, 0.20084901,\n       0.20084901, 0.20084901]))", "callback": [0.6611915752755042, 0.6471598661208999, 0.57373234198356, 0.5059197864975213, 0.4811331311865371, 0.4612914108047057, 0.4171367157970671, 0.4064714716395623, 0.4006185521586554, 0.3971432010472298, 0.39427679987708375, 0.38529987721215364, 0.3618770906728248, 0.2879989457534864, 0.2628977412664675, 0.2511480089588711, 0.24296588111598783, 0.24098888283370357, 0.23980987127695141, 0.23903498644639032, 0.23789694751224555, 0.23293882853768588, 0.2211039494468643, 0.21206529235268523, 0.20778397515559777, 0.20412108432843734, 0.20225905070146677, 0.20138661103199063, 0.20098704412194368, 0.20091316704253392, 0.20086483689349055, 0.20085300362258918, 0.200850069152407, 0.20084922955895368, 0.20084906031508876, 0.20084902452708275, 0.2008490127731276, 0.20084901123354026, 0.20084901071307137, 0.2008490105834413, 0.20084901056913507, 0.2008490105664783, 0.20084901056584747, 0.20084901056572413, 0.2008490105656856, 0.20084901056567694, 0.20084901056567595, 0.2008490105656755, 0.20084901056567528, 0.20084901056567528]}, "10": {"maxiter": 1000, "fatol": 1e-10, "xatol": 1e-05, "duration": 0.15529322624206543, "fun": "0.20084901056771753", "nit": "414", "nfev": "651", "status": "0", "success": "True", "message": "Optimization terminated successfully.", "x": "[-1.38894062  6.42495438  1.38545649  1.80088914 -1.10360141  6.00958194]", "final_simplex": "(array([[-1.38894062,  6.42495438,  1.38545649,  1.80088914, -1.10360141,\n         6.00958194],\n       [-1.38893988,  6.42495603,  1.38545408,  1.80088846, -1.10359687,\n         6.00958831],\n       [-1.38893841,  6.42495559,  1.385457  ,  1.80088378, -1.10360022,\n         6.00958212],\n       [-1.38894162,  6.42495494,  1.38544878,  1.80088907, -1.10359489,\n         6.00958576],\n       [-1.38894171,  6.42495257,  1.38546057,  1.80088406, -1.10360122,\n         6.00958203],\n       [-1.38894318,  6.42495751,  1.38545898,  1.80088585, -1.10360209,\n         6.00958154],\n       [-1.38893932,  6.42495621,  1.38544695,  1.80088607, -1.10360212,\n         6.00958989]]), array([0.20084901, 0.20084901, 0.20084901, 0.20084901, 0.20084901,\n       0.20084901, 0.20084901]))", "callback": [0.6611915752755042, 0.6471598661208999, 0.57373234198356, 0.5059197864975213, 0.4811331311865371, 0.4612914108047057, 0.4171367157970671, 0.4064714716395623, 0.4006185521586554, 0.3971432010472298, 0.39427679987708375, 0.38529987721215364, 0.3618770906728248, 0.2879989457534864, 0.2628977412664675, 0.2511480089588711, 0.24296588111598783, 0.24098888283370357, 0.23980987127695141, 0.23903498644639032, 0.23789694751224555, 0.23293882853768588, 0.2211039494468643, 0.21206529235268523, 0.20778397515559777, 0.20412108432843734, 0.20225905070146677, 0.20138661103199063, 0.20098704412194368, 0.20091316704253392, 0.20086483689349055, 0.20085300362258918, 0.200850069152407, 0.20084922955895368, 0.20084906031508876, 0.20084902452708275, 0.2008490127731276, 0.20084901123354026, 0.20084901071307137, 0.2008490105834413, 0.20084901056913507]}, "11": {"maxiter": 1000, "fatol": 1e-10, "xatol": 1e-10, "duration": 0.19966912269592285, "fun": "0.20084901056567528", "nit": "506", "nfev": "860", "status": "0", "success": "True", "message": "Optimization terminated successfully.", "x": "[-1.38894052  6.42495573  1.38545302  1.80088807 -1.10360095  6.00958478]", "final_simplex": "(array([[-1.38894052,  6.42495573,  1.38545302,  1.80088807, -1.10360095,\n         6.00958478],\n       [-1.38894052,  6.42495573,  1.38545302,  1.80088807, -1.10360095,\n         6.00958478],\n       [-1.38894052,  6.42495573,  1.38545302,  1.80088807, -1.10360095,\n         6.00958478],\n       [-1.38894052,  6.42495573,  1.38545302,  1.80088807, -1.10360095,\n         6.00958478],\n       [-1.38894052,  6.42495573,  1.38545302,  1.80088807, -1.10360095,\n         6.00958478],\n       [-1.38894052,  6.42495573,  1.38545302,  1.80088807, -1.10360095,\n         6.00958478],\n       [-1.38894052,  6.42495573,  1.38545302,  1.80088807, -1.10360095,\n         6.00958478]]), array([0.20084901, 0.20084901, 0.20084901, 0.20084901, 0.20084901,\n       0.20084901, 0.20084901]))", "callback": [0.6611915752755042, 0.6471598661208999, 0.57373234198356, 0.5059197864975213, 0.4811331311865371, 0.4612914108047057, 0.4171367157970671, 0.4064714716395623, 0.4006185521586554, 0.3971432010472298, 0.39427679987708375, 0.38529987721215364, 0.3618770906728248, 0.2879989457534864, 0.2628977412664675, 0.2511480089588711, 0.24296588111598783, 0.24098888283370357, 0.23980987127695141, 0.23903498644639032, 0.23789694751224555, 0.23293882853768588, 0.2211039494468643, 0.21206529235268523, 0.20778397515559777, 0.20412108432843734, 0.20225905070146677, 0.20138661103199063, 0.20098704412194368, 0.20091316704253392, 0.20086483689349055, 0.20085300362258918, 0.200850069152407, 0.20084922955895368, 0.20084906031508876, 0.20084902452708275, 0.2008490127731276, 0.20084901123354026, 0.20084901071307137, 0.2008490105834413, 0.20084901056913507, 0.2008490105664783, 0.20084901056584747, 0.20084901056572413, 0.2008490105656856, 0.20084901056567694, 0.20084901056567595, 0.2008490105656755, 0.20084901056567528, 0.20084901056567528]}}, "bfgs": {"type": "gradient", "0": {"maxiter": 100, "gtol": 1e-05, "xrtol": 1e-05, "eps": 1e-05, "duration": 0.07445883750915527, "fun": "0.20084901083793327", "jac": "[-4.34996483e-06 -1.37728717e-06 -5.01919617e-06  2.60386157e-06\n -2.10520490e-07  8.75277628e-07]", "hess_inv": "[[ 3.10877817e+00  3.76670665e-01  1.05811195e-02  6.06580872e-02\n   1.39194743e+00  1.28527004e+00]\n [ 3.76670665e-01  3.94197777e+00 -4.65743654e-01  8.76858709e-01\n   6.68990551e-01  2.02679997e+00]\n [ 1.05811195e-02 -4.65743654e-01  1.16244463e+01 -2.56886965e+00\n  -3.13104996e+00 -3.09480027e+00]\n [ 6.06580872e-02  8.76858709e-01 -2.56886965e+00  4.10391171e+00\n   8.09295955e-01  1.65674771e+00]\n [ 1.39194743e+00  6.68990551e-01 -3.13104996e+00  8.09295955e-01\n   6.29206079e+00  3.46343359e+00]\n [ 1.28527004e+00  2.02679997e+00 -3.09480027e+00  1.65674771e+00\n   3.46343359e+00  6.33703815e+00]]", "nfev": "315", "njev": "45", "status": "0", "success": "True", "message": "Optimization terminated successfully.", "x": "[-1.38896427  6.42495049  1.38538889  1.80091065 -1.10359735  6.00958868]", "nit": "36", "callback": [0.43920298259158674, 0.3498790111774185, 0.20602916206147026]}, "1": {"maxiter": 100, "gtol": 1e-05, "xrtol": 1e-05, "eps": 1e-10, "duration": 0.07411408424377441, "fun": "0.20084901108091469", "jac": "[-7.77156053e-06 -1.11022293e-06 -3.33066880e-06  4.44089173e-06\n  3.33066880e-06  2.22044587e-06]", "hess_inv": "[[ 3.08070531  0.36141936 -0.01500759  0.08782608  1.37516974  1.30140142]\n [ 0.36141936  3.96034221 -0.48757882  0.91292123  0.64874089  2.04109285]\n [-0.01500759 -0.48757882 11.5765535  -2.56386583 -3.20381017 -3.0505047 ]\n [ 0.08782608  0.91292123 -2.56386583  4.09258976  0.82502299  1.66488037]\n [ 1.37516974  0.64874089 -3.20381017  0.82502299  6.30788827  3.46887868]\n [ 1.30140142  2.04109285 -3.0505047   1.66488037  3.46887868  6.33082912]]", "nfev": "315", "njev": "45", "status": "0", "success": "True", "message": "Optimization terminated successfully.", "x": "[-1.38896453  6.42495925  1.38535022  1.80092423 -1.10357039  6.00961805]", "nit": "36", "callback": [0.43919855550346654, 0.3499132814307775, 0.20607113428062973]}, "2": {"maxiter": 100, "gtol": 1e-05, "xrtol": 1e-10, "eps": 1e-05, "duration": 0.07614898681640625, "fun": "0.20084901083793327", "jac": "[-4.34996483e-06 -1.37728717e-06 -5.01919617e-06  2.60386157e-06\n -2.10520490e-07  8.75277628e-07]", "hess_inv": "[[ 3.10877817e+00  3.76670665e-01  1.05811195e-02  6.06580872e-02\n   1.39194743e+00  1.28527004e+00]\n [ 3.76670665e-01  3.94197777e+00 -4.65743654e-01  8.76858709e-01\n   6.68990551e-01  2.02679997e+00]\n [ 1.05811195e-02 -4.65743654e-01  1.16244463e+01 -2.56886965e+00\n  -3.13104996e+00 -3.09480027e+00]\n [ 6.06580872e-02  8.76858709e-01 -2.56886965e+00  4.10391171e+00\n   8.09295955e-01  1.65674771e+00]\n [ 1.39194743e+00  6.68990551e-01 -3.13104996e+00  8.09295955e-01\n   6.29206079e+00  3.46343359e+00]\n [ 1.28527004e+00  2.02679997e+00 -3.09480027e+00  1.65674771e+00\n   3.46343359e+00  6.33703815e+00]]", "nfev": "315", "njev": "45", "status": "0", "success": "True", "message": "Optimization terminated successfully.", "x": "[-1.38896427  6.42495049  1.38538889  1.80091065 -1.10359735  6.00958868]", "nit": "36", "callback": [0.43920298259158674, 0.3498790111774185, 0.20602916206147026]}, "3": {"maxiter": 100, "gtol": 1e-05, "xrtol": 1e-10, "eps": 1e-10, "duration": 0.0740652084350586, "fun": "0.20084901108091469", "jac": "[-7.77156053e-06 -1.11022293e-06 -3.33066880e-06  4.44089173e-06\n  3.33066880e-06  2.22044587e-06]", "hess_inv": "[[ 3.08070531  0.36141936 -0.01500759  0.08782608  1.37516974  1.30140142]\n [ 0.36141936  3.96034221 -0.48757882  0.91292123  0.64874089  2.04109285]\n [-0.01500759 -0.48757882 11.5765535  -2.56386583 -3.20381017 -3.0505047 ]\n [ 0.08782608  0.91292123 -2.56386583  4.09258976  0.82502299  1.66488037]\n [ 1.37516974  0.64874089 -3.20381017  0.82502299  6.30788827  3.46887868]\n [ 1.30140142  2.04109285 -3.0505047   1.66488037  3.46887868  6.33082912]]", "nfev": "315", "njev": "45", "status": "0", "success": "True", "message": "Optimization terminated successfully.", "x": "[-1.38896453  6.42495925  1.38535022  1.80092423 -1.10357039  6.00961805]", "nit": "36", "callback": [0.43919855550346654, 0.3499132814307775, 0.20607113428062973]}, "4": {"maxiter": 100, "gtol": 1e-10, "xrtol": 1e-05, "eps": 1e-05, "duration": 0.07474684715270996, "fun": "0.20084901060302385", "jac": "[ 7.53708207e-07  1.34072753e-06  5.71154235e-07  9.47952827e-07\n  9.83546578e-07 -1.15230048e-06]", "hess_inv": "[[ 3.27286312  0.30796408  0.61008487 -0.21393432  1.22524168  1.01583166]\n [ 0.30796408  3.86475743 -1.02976481  1.01634219  0.72599037  2.0515323 ]\n [ 0.61008487 -1.02976481 12.89051542 -3.49976195 -3.77794056 -4.33935571]\n [-0.21393432  1.01634219 -3.49976195  4.55777042  1.09123451  2.12801256]\n [ 1.22524168  0.72599037 -3.77794056  1.09123451  6.45988237  3.7265339 ]\n [ 1.01583166  2.0515323  -4.33935571  2.12801256  3.7265339   6.70626311]]", "nfev": "322", "njev": "46", "status": "0", "success": "True", "message": "Optimization terminated successfully.", "x": "[-1.38894662  6.42494769  1.38546694  1.80088005 -1.10361473  6.00956352]", "nit": "37", "callback": [0.43920298259158674, 0.3498790111774185, 0.20602916206147026]}, "5": {"maxiter": 100, "gtol": 1e-10, "xrtol": 1e-05, "eps": 1e-10, "duration": 0.07812285423278809, "fun": "0.20084901059617177", "jac": "[ 2.22044587e-06  0.00000000e+00 -2.22044587e-06  0.00000000e+00\n -2.22044587e-06  0.00000000e+00]", "hess_inv": "[[ 3.8238709   0.41504925  2.27915785 -0.66575156  1.05504627  0.87577031]\n [ 0.41504925  3.71084745 -0.40309584  0.57162689  0.21812928  1.48366289]\n [ 2.27915785 -0.40309584 17.41569312 -4.46857184 -3.35426027 -3.98160479]\n [-0.66575156  0.57162689 -4.46857184  4.31524057  0.27973944  1.26742174]\n [ 1.05504627  0.21812928 -3.35426027  0.27973944  5.02015378  2.3664354 ]\n [ 0.87577031  1.48366289 -3.98160479  1.26742174  2.3664354   5.22982987]]", "nfev": "329", "njev": "47", "status": "0", "success": "True", "message": "Optimization terminated successfully.", "x": "[-1.38892926  6.42495869  1.38546535  1.8008819  -1.10359633  6.00958812]", "nit": "38", "callback": [0.43919855550346654, 0.3499132814307775, 0.20607113428062973]}, "6": {"maxiter": 100, "gtol": 1e-10, "xrtol": 1e-10, "eps": 1e-05, "duration": 0.13942193984985352, "fun": "0.20084901060302385", "jac": "[ 7.53708207e-07  1.34072753e-06  5.71154235e-07  9.47952827e-07\n  9.83546578e-07 -1.15230048e-06]", "hess_inv": "[[ 3.13900636  0.19310191  0.28659497 -0.20107586  1.18500897  1.10794082]\n [ 0.19310191  3.90449994 -1.58025702  1.25019352  0.86631945  2.23092793]\n [ 0.28659497 -1.58025702 12.64724407 -3.90835369 -4.22019217 -4.31478246]\n [-0.20107586  1.25019352 -3.90835369  4.91550613  1.37679632  2.28084488]\n [ 1.18500897  0.86631945 -4.22019217  1.37679632  6.66884728  3.88109502]\n [ 1.10794082  2.23092793 -4.31478246  2.28084488  3.88109502  6.71570204]]", "nfev": "599", "njev": "84", "status": "2", "success": "False", "message": "Desired error not necessarily achieved due to precision loss.", "x": "[-1.38894662  6.42494769  1.38546694  1.80088005 -1.10361473  6.00956352]", "nit": "37", "callback": [0.43920298259158674, 0.3498790111774185, 0.20602916206147026]}, "7": {"maxiter": 100, "gtol": 1e-10, "xrtol": 1e-10, "eps": 1e-10, "duration": 0.0902097225189209, "fun": "0.20084901059617166", "jac": "[ 3.33066880e-06  2.22044587e-06 -1.11022293e-06  0.00000000e+00\n  3.33066880e-06  1.11022293e-06]", "hess_inv": "[[ 3.62631964  0.22393151  3.62098895 -1.18381251  0.97591495  0.35514322]\n [ 0.22393151  3.52990091  0.63074575  0.14041352  0.11635356  1.01750989]\n [ 3.62098895  0.63074575 25.99752236 -5.63509404 -1.12804064 -2.9574894 ]\n [-1.18381251  0.14041352 -5.63509404  4.19721144 -0.37490123  0.56726367]\n [ 0.97591495  0.11635356 -1.12804064 -0.37490123  5.14961354  1.91815698]\n [ 0.35514322  1.01750989 -2.9574894   0.56726367  1.91815698  4.21439685]]", "nfev": "392", "njev": "56", "status": "0", "success": "True", "message": "Optimization terminated successfully.", "x": "[-1.38892926  6.42495869  1.38546535  1.8008819  -1.10359633  6.00958812]", "nit": "39", "callback": [0.43919855550346654, 0.3499132814307775, 0.20607113428062973]}, "8": {"maxiter": 500, "gtol": 1e-05, "xrtol": 1e-05, "eps": 1e-05, "duration": 0.07214784622192383, "fun": "0.20084901083793327", "jac": "[-4.34996483e-06 -1.37728717e-06 -5.01919617e-06  2.60386157e-06\n -2.10520490e-07  8.75277628e-07]", "hess_inv": "[[ 3.10877817e+00  3.76670665e-01  1.05811195e-02  6.06580872e-02\n   1.39194743e+00  1.28527004e+00]\n [ 3.76670665e-01  3.94197777e+00 -4.65743654e-01  8.76858709e-01\n   6.68990551e-01  2.02679997e+00]\n [ 1.05811195e-02 -4.65743654e-01  1.16244463e+01 -2.56886965e+00\n  -3.13104996e+00 -3.09480027e+00]\n [ 6.06580872e-02  8.76858709e-01 -2.56886965e+00  4.10391171e+00\n   8.09295955e-01  1.65674771e+00]\n [ 1.39194743e+00  6.68990551e-01 -3.13104996e+00  8.09295955e-01\n   6.29206079e+00  3.46343359e+00]\n [ 1.28527004e+00  2.02679997e+00 -3.09480027e+00  1.65674771e+00\n   3.46343359e+00  6.33703815e+00]]", "nfev": "315", "njev": "45", "status": "0", "success": "True", "message": "Optimization terminated successfully.", "x": "[-1.38896427  6.42495049  1.38538889  1.80091065 -1.10359735  6.00958868]", "nit": "36", "callback": [0.43920298259158674, 0.3498790111774185, 0.20602916206147026]}, "9": {"maxiter": 500, "gtol": 1e-05, "xrtol": 1e-05, "eps": 1e-10, "duration": 0.07252359390258789, "fun": "0.20084901108091469", "jac": "[-7.77156053e-06 -1.11022293e-06 -3.33066880e-06  4.44089173e-06\n  3.33066880e-06  2.22044587e-06]", "hess_inv": "[[ 3.08070531  0.36141936 -0.01500759  0.08782608  1.37516974  1.30140142]\n [ 0.36141936  3.96034221 -0.48757882  0.91292123  0.64874089  2.04109285]\n [-0.01500759 -0.48757882 11.5765535  -2.56386583 -3.20381017 -3.0505047 ]\n [ 0.08782608  0.91292123 -2.56386583  4.09258976  0.82502299  1.66488037]\n [ 1.37516974  0.64874089 -3.20381017  0.82502299  6.30788827  3.46887868]\n [ 1.30140142  2.04109285 -3.0505047   1.66488037  3.46887868  6.33082912]]", "nfev": "315", "njev": "45", "status": "0", "success": "True", "message": "Optimization terminated successfully.", "x": "[-1.38896453  6.42495925  1.38535022  1.80092423 -1.10357039  6.00961805]", "nit": "36", "callback": [0.43919855550346654, 0.3499132814307775, 0.20607113428062973]}, "10": {"maxiter": 500, "gtol": 1e-05, "xrtol": 1e-10, "eps": 1e-05, "duration": 0.0730888843536377, "fun": "0.20084901083793327", "jac": "[-4.34996483e-06 -1.37728717e-06 -5.01919617e-06  2.60386157e-06\n -2.10520490e-07  8.75277628e-07]", "hess_inv": "[[ 3.10877817e+00  3.76670665e-01  1.05811195e-02  6.06580872e-02\n   1.39194743e+00  1.28527004e+00]\n [ 3.76670665e-01  3.94197777e+00 -4.65743654e-01  8.76858709e-01\n   6.68990551e-01  2.02679997e+00]\n [ 1.05811195e-02 -4.65743654e-01  1.16244463e+01 -2.56886965e+00\n  -3.13104996e+00 -3.09480027e+00]\n [ 6.06580872e-02  8.76858709e-01 -2.56886965e+00  4.10391171e+00\n   8.09295955e-01  1.65674771e+00]\n [ 1.39194743e+00  6.68990551e-01 -3.13104996e+00  8.09295955e-01\n   6.29206079e+00  3.46343359e+00]\n [ 1.28527004e+00  2.02679997e+00 -3.09480027e+00  1.65674771e+00\n   3.46343359e+00  6.33703815e+00]]", "nfev": "315", "njev": "45", "status": "0", "success": "True", "message": "Optimization terminated successfully.", "x": "[-1.38896427  6.42495049  1.38538889  1.80091065 -1.10359735  6.00958868]", "nit": "36", "callback": [0.43920298259158674, 0.3498790111774185, 0.20602916206147026]}, "11": {"maxiter": 500, "gtol": 1e-05, "xrtol": 1e-10, "eps": 1e-10, "duration": 0.07169270515441895, "fun": "0.20084901108091469", "jac": "[-7.77156053e-06 -1.11022293e-06 -3.33066880e-06  4.44089173e-06\n  3.33066880e-06  2.22044587e-06]", "hess_inv": "[[ 3.08070531  0.36141936 -0.01500759  0.08782608  1.37516974  1.30140142]\n [ 0.36141936  3.96034221 -0.48757882  0.91292123  0.64874089  2.04109285]\n [-0.01500759 -0.48757882 11.5765535  -2.56386583 -3.20381017 -3.0505047 ]\n [ 0.08782608  0.91292123 -2.56386583  4.09258976  0.82502299  1.66488037]\n [ 1.37516974  0.64874089 -3.20381017  0.82502299  6.30788827  3.46887868]\n [ 1.30140142  2.04109285 -3.0505047   1.66488037  3.46887868  6.33082912]]", "nfev": "315", "njev": "45", "status": "0", "success": "True", "message": "Optimization terminated successfully.", "x": "[-1.38896453  6.42495925  1.38535022  1.80092423 -1.10357039  6.00961805]", "nit": "36", "callback": [0.43919855550346654, 0.3499132814307775, 0.20607113428062973]}, "12": {"maxiter": 500, "gtol": 1e-10, "xrtol": 1e-05, "eps": 1e-05, "duration": 0.07378101348876953, "fun": "0.20084901060302385", "jac": "[ 7.53708207e-07  1.34072753e-06  5.71154235e-07  9.47952827e-07\n  9.83546578e-07 -1.15230048e-06]", "hess_inv": "[[ 3.27286312  0.30796408  0.61008487 -0.21393432  1.22524168  1.01583166]\n [ 0.30796408  3.86475743 -1.02976481  1.01634219  0.72599037  2.0515323 ]\n [ 0.61008487 -1.02976481 12.89051542 -3.49976195 -3.77794056 -4.33935571]\n [-0.21393432  1.01634219 -3.49976195  4.55777042  1.09123451  2.12801256]\n [ 1.22524168  0.72599037 -3.77794056  1.09123451  6.45988237  3.7265339 ]\n [ 1.01583166  2.0515323  -4.33935571  2.12801256  3.7265339   6.70626311]]", "nfev": "322", "njev": "46", "status": "0", "success": "True", "message": "Optimization terminated successfully.", "x": "[-1.38894662  6.42494769  1.38546694  1.80088005 -1.10361473  6.00956352]", "nit": "37", "callback": [0.43920298259158674, 0.3498790111774185, 0.20602916206147026]}, "13": {"maxiter": 500, "gtol": 1e-10, "xrtol": 1e-05, "eps": 1e-10, "duration": 0.0753018856048584, "fun": "0.20084901059617177", "jac": "[ 2.22044587e-06  0.00000000e+00 -2.22044587e-06  0.00000000e+00\n -2.22044587e-06  0.00000000e+00]", "hess_inv": "[[ 3.8238709   0.41504925  2.27915785 -0.66575156  1.05504627  0.87577031]\n [ 0.41504925  3.71084745 -0.40309584  0.57162689  0.21812928  1.48366289]\n [ 2.27915785 -0.40309584 17.41569312 -4.46857184 -3.35426027 -3.98160479]\n [-0.66575156  0.57162689 -4.46857184  4.31524057  0.27973944  1.26742174]\n [ 1.05504627  0.21812928 -3.35426027  0.27973944  5.02015378  2.3664354 ]\n [ 0.87577031  1.48366289 -3.98160479  1.26742174  2.3664354   5.22982987]]", "nfev": "329", "njev": "47", "status": "0", "success": "True", "message": "Optimization terminated successfully.", "x": "[-1.38892926  6.42495869  1.38546535  1.8008819  -1.10359633  6.00958812]", "nit": "38", "callback": [0.43919855550346654, 0.3499132814307775, 0.20607113428062973]}, "14": {"maxiter": 500, "gtol": 1e-10, "xrtol": 1e-10, "eps": 1e-05, "duration": 0.13498187065124512, "fun": "0.20084901060302385", "jac": "[ 7.53708207e-07  1.34072753e-06  5.71154235e-07  9.47952827e-07\n  9.83546578e-07 -1.15230048e-06]", "hess_inv": "[[ 3.13900636  0.19310191  0.28659497 -0.20107586  1.18500897  1.10794082]\n [ 0.19310191  3.90449994 -1.58025702  1.25019352  0.86631945  2.23092793]\n [ 0.28659497 -1.58025702 12.64724407 -3.90835369 -4.22019217 -4.31478246]\n [-0.20107586  1.25019352 -3.90835369  4.91550613  1.37679632  2.28084488]\n [ 1.18500897  0.86631945 -4.22019217  1.37679632  6.66884728  3.88109502]\n [ 1.10794082  2.23092793 -4.31478246  2.28084488  3.88109502  6.71570204]]", "nfev": "599", "njev": "84", "status": "2", "success": "False", "message": "Desired error not necessarily achieved due to precision loss.", "x": "[-1.38894662  6.42494769  1.38546694  1.80088005 -1.10361473  6.00956352]", "nit": "37", "callback": [0.43920298259158674, 0.3498790111774185, 0.20602916206147026]}, "15": {"maxiter": 500, "gtol": 1e-10, "xrtol": 1e-10, "eps": 1e-10, "duration": 0.08946633338928223, "fun": "0.20084901059617166", "jac": "[ 3.33066880e-06  2.22044587e-06 -1.11022293e-06  0.00000000e+00\n  3.33066880e-06  1.11022293e-06]", "hess_inv": "[[ 3.62631964  0.22393151  3.62098895 -1.18381251  0.97591495 