{"date": "2024/09/24/, 00:53:59", "conf_id": 170, "data_type": "non_lin_ind\n", "num_data_points": 1, "s_rank": 0, "unitary": "[[-0.45070455-0.02711853j,0.78437395-0.06613086j,0.06358678+0.19963393j,-0.07343613+0.35668523j],[-0.01890143-0.03813363j,0.32408202+0.25557629j,0.05872864-0.68979805j,0.55466693-0.20227297j],[-0.11215405+0.64023111j,-0.13344055+0.29565494j,-0.49012687-0.19046288j,-0.04241254+0.44046348j],[0.55771659+0.24656916j,0.31851997-0.05798805j,0.28761525-0.34294258j,-0.56718418+0.03616933j]]", "databatch_0": {"databatch": "[[[-0.04546127+0.24452271j,-0.07441523-0.17331225j,0.00321379-0.01076303j,-0.20284319+0.36991099j],[-0.15922031+0.27779061j,0.07461753-0.07510695j,0.35330496+0.3066892j,0.31658057+0.16352011j],[0.1058329+0.22087307j,-0.04023864-0.09623537j,0.04368165+0.08267018j,-0.10235716-0.05595747j],[-0.21445465-0.0549817j,0.12822818+0.02105905j,0.20063914-0.06620879j,0.23461186-0.07804149j]]]", "initial param values": "[4.29953619,3.47018684,5.01217313,1.29469965,5.54956634,2.3467222]", "nelder_mead": {"type": "gradient-free", "0": {"maxiter": 100, "fatol": 1e-05, "xatol": 1e-05, "duration": 0.036585330963134766, "fun": "0.48371164458994964", "nit": "100", "nfev": "153", "status": "2", "success": "False", "message": "Maximum number of iterations has been exceeded.", "x": "[6.40411666 1.55915618 5.93074197 3.6921422  5.8641426  2.41563869]", "final_simplex": "(array([[6.40411666, 1.55915618, 5.93074197, 3.6921422 , 5.8641426 ,\n        2.41563869],\n       [6.35190987, 1.57161132, 5.87440921, 3.67149914, 5.83471108,\n        2.46955674],\n       [6.39583638, 1.58060372, 5.82484075, 3.6701994 , 5.86182361,\n        2.4758968 ],\n       [5.94469596, 1.72987064, 5.99789526, 3.39926796, 5.82218014,\n        2.45150227],\n       [6.31234127, 1.56712235, 5.9143457 , 3.61963042, 5.83369961,\n        2.5482705 ],\n       [6.28930606, 1.48589966, 5.85399115, 3.68318893, 5.91501751,\n        2.57334972],\n       [5.99569908, 1.75398844, 5.90460493, 3.35941943, 5.83230927,\n        2.47366347]]), array([0.48371164, 0.49308927, 0.49345023, 0.49518054, 0.49776075,\n       0.49870598, 0.49897306]))", "callback": [0.6800067917348396, 0.6075246738111676, 0.5991537566405338, 0.5927770235184583, 0.5910923261994281, 0.5821229211459185, 0.5697441392485123, 0.5404747543695807, 0.5030427242875675]}, "1": {"maxiter": 100, "fatol": 1e-05, "xatol": 1e-10, "duration": 0.0344700813293457, "fun": "0.48371164458994964", "nit": "100", "nfev": "153", "status": "2", "success": "False", "message": "Maximum number of iterations has been exceeded.", "x": "[6.40411666 1.55915618 5.93074197 3.6921422  5.8641426  2.41563869]", "final_simplex": "(array([[6.40411666, 1.55915618, 5.93074197, 3.6921422 , 5.8641426 ,\n        2.41563869],\n       [6.35190987, 1.57161132, 5.87440921, 3.67149914, 5.83471108,\n        2.46955674],\n       [6.39583638, 1.58060372, 5.82484075, 3.6701994 , 5.86182361,\n        2.4758968 ],\n       [5.94469596, 1.72987064, 5.99789526, 3.39926796, 5.82218014,\n        2.45150227],\n       [6.31234127, 1.56712235, 5.9143457 , 3.61963042, 5.83369961,\n        2.5482705 ],\n       [6.28930606, 1.48589966, 5.85399115, 3.68318893, 5.91501751,\n        2.57334972],\n       [5.99569908, 1.75398844, 5.90460493, 3.35941943, 5.83230927,\n        2.47366347]]), array([0.48371164, 0.49308927, 0.49345023, 0.49518054, 0.49776075,\n       0.49870598, 0.49897306]))", "callback": [0.6800067917348396, 0.6075246738111676, 0.5991537566405338, 0.5927770235184583, 0.5910923261994281, 0.5821229211459185, 0.5697441392485123, 0.5404747543695807, 0.5030427242875675]}, "2": {"maxiter": 100, "fatol": 1e-10, "xatol": 1e-05, "duration": 0.034546852111816406, "fun": "0.48371164458994964", "nit": "100", "nfev": "153", "status": "2", "success": "False", "message": "Maximum number of iterations has been exceeded.", "x": "[6.40411666 1.55915618 5.93074197 3.6921422  5.8641426  2.41563869]", "final_simplex": "(array([[6.40411666, 1.55915618, 5.93074197, 3.6921422 , 5.8641426 ,\n        2.41563869],\n       [6.35190987, 1.57161132, 5.87440921, 3.67149914, 5.83471108,\n        2.46955674],\n       [6.39583638, 1.58060372, 5.82484075, 3.6701994 , 5.86182361,\n        2.4758968 ],\n       [5.94469596, 1.72987064, 5.99789526, 3.39926796, 5.82218014,\n        2.45150227],\n       [6.31234127, 1.56712235, 5.9143457 , 3.61963042, 5.83369961,\n        2.5482705 ],\n       [6.28930606, 1.48589966, 5.85399115, 3.68318893, 5.91501751,\n        2.57334972],\n       [5.99569908, 1.75398844, 5.90460493, 3.35941943, 5.83230927,\n        2.47366347]]), array([0.48371164, 0.49308927, 0.49345023, 0.49518054, 0.49776075,\n       0.49870598, 0.49897306]))", "callback": [0.6800067917348396, 0.6075246738111676, 0.5991537566405338, 0.5927770235184583, 0.5910923261994281, 0.5821229211459185, 0.5697441392485123, 0.5404747543695807, 0.5030427242875675]}, "3": {"maxiter": 100, "fatol": 1e-10, "xatol": 1e-10, "duration": 0.03460812568664551, "fun": "0.48371164458994964", "nit": "100", "nfev": "153", "status": "2", "success": "False", "message": "Maximum number of iterations has been exceeded.", "x": "[6.40411666 1.55915618 5.93074197 3.6921422  5.8641426  2.41563869]", "final_simplex": "(array([[6.40411666, 1.55915618, 5.93074197, 3.6921422 , 5.8641426 ,\n        2.41563869],\n       [6.35190987, 1.57161132, 5.87440921, 3.67149914, 5.83471108,\n        2.46955674],\n       [6.39583638, 1.58060372, 5.82484075, 3.6701994 , 5.86182361,\n        2.4758968 ],\n       [5.94469596, 1.72987064, 5.99789526, 3.39926796, 5.82218014,\n        2.45150227],\n       [6.31234127, 1.56712235, 5.9143457 , 3.61963042, 5.83369961,\n        2.5482705 ],\n       [6.28930606, 1.48589966, 5.85399115, 3.68318893, 5.91501751,\n        2.57334972],\n       [5.99569908, 1.75398844, 5.90460493, 3.35941943, 5.83230927,\n        2.47366347]]), array([0.48371164, 0.49308927, 0.49345023, 0.49518054, 0.49776075,\n       0.49870598, 0.49897306]))", "callback": [0.6800067917348396, 0.6075246738111676, 0.5991537566405338, 0.5927770235184583, 0.5910923261994281, 0.5821229211459185, 0.5697441392485123, 0.5404747543695807, 0.5030427242875675]}, "4": {"maxiter": 500, "fatol": 1e-05, "xatol": 1e-05, "duration": 0.15053081512451172, "fun": "0.3901774368430645", "nit": "442", "nfev": "677", "status": "0", "success": "True", "message": "Optimization terminated successfully.", "x": "[7.03370147 0.96781863 6.93895381 4.1252012  6.72239987 2.58285857]", "final_simplex": "(array([[7.03370147, 0.96781863, 6.93895381, 4.1252012 , 6.72239987,\n        2.58285857],\n       [7.03370463, 0.96782459, 6.93894632, 4.12520701, 6.72240405,\n        2.58286238],\n       [7.03370334, 0.96782428, 6.93894784, 4.12520454, 6.72240359,\n        2.58286097],\n       [7.03370066, 0.9678242 , 6.93894907, 4.12520588, 6.72240163,\n        2.58286099],\n       [7.03370172, 0.96782631, 6.938947  , 4.12520355, 6.72239775,\n        2.5828576 ],\n       [7.03370003, 0.96781852, 6.93895462, 4.12519838, 6.7224005 ,\n        2.58286281],\n       [7.03370065, 0.96781927, 6.93896378, 4.12520329, 6.72239598,\n        2.58285889]]), array([0.39017744, 0.39017744, 0.39017744, 0.39017744, 0.39017744,\n       0.39017744, 0.39017744]))", "callback": [0.6800067917348396, 0.6075246738111676, 0.5991537566405338, 0.5927770235184583, 0.5910923261994281, 0.5821229211459185, 0.5697441392485123, 0.5404747543695807, 0.5030427242875675, 0.48371164458994964, 0.4697172257653599, 0.4664874298169136, 0.4590527154118538, 0.4359625878519633, 0.40546732629814886, 0.3957825041136761, 0.39401237865318617, 0.39254970103118136, 0.3923070258132685, 0.39203515279559553, 0.39186871796930023, 0.3918236794825112, 0.39173293063406023, 0.39161963367033137, 0.391198891771946, 0.3905204300877808, 0.3902346468576059, 0.39019425608155556, 0.3901850115526011, 0.39018211058674857, 0.39018059656903403, 0.3901797050557464, 0.3901785361690848, 0.3901777679029257, 0.3901776132444439, 0.39017747542081693, 0.39017744687680556, 0.3901774392835332, 0.3901774375644257, 0.39017743705047303, 0.390177436896885, 0.39017743685468753, 0.390177436846749, 0.3901774368431683]}, "5": {"maxiter": 500, "fatol": 1e-05, "xatol": 1e-10, "duration": 0.1714189052581787, "fun": "0.3901774368406846", "nit": "500", "nfev": "773", "status": "2", "success": "False", "message": "Maximum number of iterations has been exceeded.", "x": "[7.03370292 0.96781851 6.93895578 4.1252044  6.72239945 2.58285973]", "final_simplex": "(array([[7.03370292, 0.96781851, 6.93895578, 4.1252044 , 6.72239945,\n        2.58285973],\n       [7.03370291, 0.96781862, 6.93895564, 4.12520444, 6.72239946,\n        2.58285971],\n       [7.0337029 , 0.96781851, 6.93895583, 4.12520434, 6.72239945,\n        2.58285981],\n       [7.03370286, 0.9678185 , 6.93895592, 4.12520432, 6.72239941,\n        2.58285971],\n       [7.03370286, 0.96781857, 6.93895577, 4.12520443, 6.72239943,\n        2.58285975],\n       [7.03370283, 0.96781846, 6.93895583, 4.12520432, 6.72239947,\n        2.58285978],\n       [7.03370288, 0.96781849, 6.93895584, 4.12520438, 6.72239934,\n        2.58285965]]), array([0.39017744, 0.39017744, 0.39017744, 0.39017744, 0.39017744,\n       0.39017744, 0.39017744]))", "callback": [0.6800067917348396, 0.6075246738111676, 0.5991537566405338, 0.5927770235184583, 0.5910923261994281, 0.5821229211459185, 0.5697441392485123, 0.5404747543695807, 0.5030427242875675, 0.48371164458994964, 0.4697172257653599, 0.4664874298169136, 0.4590527154118538, 0.4359625878519633, 0.40546732629814886, 0.3957825041136761, 0.39401237865318617, 0.39254970103118136, 0.3923070258132685, 0.39203515279559553, 0.39186871796930023, 0.3918236794825112, 0.39173293063406023, 0.39161963367033137, 0.391198891771946, 0.3905204300877808, 0.3902346468576059, 0.39019425608155556, 0.3901850115526011, 0.39018211058674857, 0.39018059656903403, 0.3901797050557464, 0.3901785361690848, 0.3901777679029257, 0.3901776132444439, 0.39017747542081693, 0.39017744687680556, 0.3901774392835332, 0.3901774375644257, 0.39017743705047303, 0.390177436896885, 0.39017743685468753, 0.390177436846749, 0.3901774368431683, 0.39017743684083783, 0.3901774368408143, 0.3901774368407277, 0.39017743684069606, 0.3901774368406863]}, "6": {"maxiter": 500, "fatol": 1e-10, "xatol": 1e-05, "duration": 0.15028786659240723, "fun": "0.3901774368430645", "nit": "442", "nfev": "677", "status": "0", "success": "True", "message": "Optimization terminated successfully.", "x": "[7.03370147 0.96781863 6.93895381 4.1252012  6.72239987 2.58285857]", "final_simplex": "(array([[7.03370147, 0.96781863, 6.93895381, 4.1252012 , 6.72239987,\n        2.58285857],\n       [7.03370463, 0.96782459, 6.93894632, 4.12520701, 6.72240405,\n        2.58286238],\n       [7.03370334, 0.96782428, 6.93894784, 4.12520454, 6.72240359,\n        2.58286097],\n       [7.03370066, 0.9678242 , 6.93894907, 4.12520588, 6.72240163,\n        2.58286099],\n       [7.03370172, 0.96782631, 6.938947  , 4.12520355, 6.72239775,\n        2.5828576 ],\n       [7.03370003, 0.96781852, 6.93895462, 4.12519838, 6.7224005 ,\n        2.58286281],\n       [7.03370065, 0.96781927, 6.93896378, 4.12520329, 6.72239598,\n        2.58285889]]), array([0.39017744, 0.39017744, 0.39017744, 0.39017744, 0.39017744,\n       0.39017744, 0.39017744]))", "callback": [0.6800067917348396, 0.6075246738111676, 0.5991537566405338, 0.5927770235184583, 0.5910923261994281, 0.5821229211459185, 0.5697441392485123, 0.5404747543695807, 0.5030427242875675, 0.48371164458994964, 0.4697172257653599, 0.4664874298169136, 0.4590527154118538, 0.4359625878519633, 0.40546732629814886, 0.3957825041136761, 0.39401237865318617, 0.39254970103118136, 0.3923070258132685, 0.39203515279559553, 0.39186871796930023, 0.3918236794825112, 0.39173293063406023, 0.39161963367033137, 0.391198891771946, 0.3905204300877808, 0.3902346468576059, 0.39019425608155556, 0.3901850115526011, 0.39018211058674857, 0.39018059656903403, 0.3901797050557464, 0.3901785361690848, 0.3901777679029257, 0.3901776132444439, 0.39017747542081693, 0.39017744687680556, 0.3901774392835332, 0.3901774375644257, 0.39017743705047303, 0.390177436896885, 0.39017743685468753, 0.390177436846749, 0.3901774368431683]}, "7": {"maxiter": 500, "fatol": 1e-10, "xatol": 1e-10, "duration": 0.19053983688354492, "fun": "0.3901774368406846", "nit": "500", "nfev": "773", "status": "2", "success": "False", "message": "Maximum number of iterations has been exceeded.", "x": "[7.03370292 0.96781851 6.93895578 4.1252044  6.72239945 2.58285973]", "final_simplex": "(array([[7.03370292, 0.96781851, 6.93895578, 4.1252044 , 6.72239945,\n        2.58285973],\n       [7.03370291, 0.96781862, 6.93895564, 4.12520444, 6.72239946,\n        2.58285971],\n       [7.0337029 , 0.96781851, 6.93895583, 4.12520434, 6.72239945,\n        2.58285981],\n       [7.03370286, 0.9678185 , 6.93895592, 4.12520432, 6.72239941,\n        2.58285971],\n       [7.03370286, 0.96781857, 6.93895577, 4.12520443, 6.72239943,\n        2.58285975],\n       [7.03370283, 0.96781846, 6.93895583, 4.12520432, 6.72239947,\n        2.58285978],\n       [7.03370288, 0.96781849, 6.93895584, 4.12520438, 6.72239934,\n        2.58285965]]), array([0.39017744, 0.39017744, 0.39017744, 0.39017744, 0.39017744,\n       0.39017744, 0.39017744]))", "callback": [0.6800067917348396, 0.6075246738111676, 0.5991537566405338, 0.5927770235184583, 0.5910923261994281, 0.5821229211459185, 0.5697441392485123, 0.5404747543695807, 0.5030427242875675, 0.48371164458994964, 0.4697172257653599, 0.4664874298169136, 0.4590527154118538, 0.4359625878519633, 0.40546732629814886, 0.3957825041136761, 0.39401237865318617, 0.39254970103118136, 0.3923070258132685, 0.39203515279559553, 0.39186871796930023, 0.3918236794825112, 0.39173293063406023, 0.39161963367033137, 0.391198891771946, 0.3905204300877808, 0.3902346468576059, 0.39019425608155556, 0.3901850115526011, 0.39018211058674857, 0.39018059656903403, 0.3901797050557464, 0.3901785361690848, 0.3901777679029257, 0.3901776132444439, 0.39017747542081693, 0.39017744687680556, 0.3901774392835332, 0.3901774375644257, 0.39017743705047303, 0.390177436896885, 0.39017743685468753, 0.390177436846749, 0.3901774368431683, 0.39017743684083783, 0.3901774368408143, 0.3901774368407277, 0.39017743684069606, 0.3901774368406863]}, "8": {"maxiter": 1000, "fatol": 1e-05, "xatol": 1e-05, "duration": 0.15116381645202637, "fun": "0.3901774368430645", "nit": "442", "nfev": "677", "status": "0", "success": "True", "message": "Optimization terminated successfully.", "x": "[7.03370147 0.96781863 6.93895381 4.1252012  6.72239987 2.58285857]", "final_simplex": "(array([[7.03370147, 0.96781863, 6.93895381, 4.1252012 , 6.72239987,\n        2.58285857],\n       [7.03370463, 0.96782459, 6.93894632, 4.12520701, 6.72240405,\n        2.58286238],\n       [7.03370334, 0.96782428, 6.93894784, 4.12520454, 6.72240359,\n        2.58286097],\n       [7.03370066, 0.9678242 , 6.93894907, 4.12520588, 6.72240163,\n        2.58286099],\n       [7.03370172, 0.96782631, 6.938947  , 4.12520355, 6.72239775,\n        2.5828576 ],\n       [7.03370003, 0.96781852, 6.93895462, 4.12519838, 6.7224005 ,\n        2.58286281],\n       [7.03370065, 0.96781927, 6.93896378, 4.12520329, 6.72239598,\n        2.58285889]]), array([0.39017744, 0.39017744, 0.39017744, 0.39017744, 0.39017744,\n       0.39017744, 0.39017744]))", "callback": [0.6800067917348396, 0.6075246738111676, 0.5991537566405338, 0.5927770235184583, 0.5910923261994281, 0.5821229211459185, 0.5697441392485123, 0.5404747543695807, 0.5030427242875675, 0.48371164458994964, 0.4697172257653599, 0.4664874298169136, 0.4590527154118538, 0.4359625878519633, 0.40546732629814886, 0.3957825041136761, 0.39401237865318617, 0.39254970103118136, 0.3923070258132685, 0.39203515279559553, 0.39186871796930023, 0.3918236794825112, 0.39173293063406023, 0.39161963367033137, 0.391198891771946, 0.3905204300877808, 0.3902346468576059, 0.39019425608155556, 0.3901850115526011, 0.39018211058674857, 0.39018059656903403, 0.3901797050557464, 0.3901785361690848, 0.3901777679029257, 0.3901776132444439, 0.39017747542081693, 0.39017744687680556, 0.3901774392835332, 0.3901774375644257, 0.39017743705047303, 0.390177436896885, 0.39017743685468753, 0.390177436846749, 0.3901774368431683]}, "9": {"maxiter": 1000, "fatol": 1e-05, "xatol": 1e-10, "duration": 0.2083299160003662, "fun": "0.3901774368406842", "nit": "537", "nfev": "888", "status": "0", "success": "True", "message": "Optimization terminated successfully.", "x": "[7.03370291 0.96781853 6.93895577 4.1252044  6.72239944 2.58285973]", "final_simplex": "(array([[7.03370291, 0.96781853, 6.93895577, 4.1252044 , 6.72239944,\n        2.58285973],\n       [7.03370291, 0.96781853, 6.93895577, 4.1252044 , 6.72239944,\n        2.58285973],\n       [7.03370291, 0.96781853, 6.93895577, 4.1252044 , 6.72239944,\n        2.58285973],\n       [7.03370291, 0.96781853, 6.93895577, 4.1252044 , 6.72239944,\n        2.58285973],\n       [7.03370291, 0.96781853, 6.93895577, 4.1252044 , 6.72239944,\n        2.58285973],\n       [7.03370291, 0.96781853, 6.93895577, 4.1252044 , 6.72239944,\n        2.58285973],\n       [7.03370291, 0.96781853, 6.93895577, 4.1252044 , 6.72239944,\n        2.58285973]]), array([0.39017744, 0.39017744, 0.39017744, 0.39017744, 0.39017744,\n       0.39017744, 0.39017744]))", "callback": [0.6800067917348396, 0.6075246738111676, 0.5991537566405338, 0.5927770235184583, 0.5910923261994281, 0.5821229211459185, 0.5697441392485123, 0.5404747543695807, 0.5030427242875675, 0.48371164458994964, 0.4697172257653599, 0.4664874298169136, 0.4590527154118538, 0.4359625878519633, 0.40546732629814886, 0.3957825041136761, 0.39401237865318617, 0.39254970103118136, 0.3923070258132685, 0.39203515279559553, 0.39186871796930023, 0.3918236794825112, 0.39173293063406023, 0.39161963367033137, 0.391198891771946, 0.3905204300877808, 0.3902346468576059, 0.39019425608155556, 0.3901850115526011, 0.39018211058674857, 0.39018059656903403, 0.3901797050557464, 0.3901785361690848, 0.3901777679029257, 0.3901776132444439, 0.39017747542081693, 0.39017744687680556, 0.3901774392835332, 0.3901774375644257, 0.39017743705047303, 0.390177436896885, 0.39017743685468753, 0.390177436846749, 0.3901774368431683, 0.39017743684083783, 0.3901774368408143, 0.3901774368407277, 0.39017743684069606, 0.3901774368406863, 0.3901774368406846, 0.3901774368406843, 0.3901774368406842, 0.3901774368406842]}, "10": {"maxiter": 1000, "fatol": 1e-10, "xatol": 1e-05, "duration": 0.16924595832824707, "fun": "0.3901774368430645", "nit": "442", "nfev": "677", "status": "0", "success": "True", "message": "Optimization terminated successfully.", "x": "[7.03370147 0.96781863 6.93895381 4.1252012  6.72239987 2.58285857]", "final_simplex": "(array([[7.03370147, 0.96781863, 6.93895381, 4.1252012 , 6.72239987,\n        2.58285857],\n       [7.03370463, 0.96782459, 6.93894632, 4.12520701, 6.72240405,\n        2.58286238],\n       [7.03370334, 0.96782428, 6.93894784, 4.12520454, 6.72240359,\n        2.58286097],\n       [7.03370066, 0.9678242 , 6.93894907, 4.12520588, 6.72240163,\n        2.58286099],\n       [7.03370172, 0.96782631, 6.938947  , 4.12520355, 6.72239775,\n        2.5828576 ],\n       [7.03370003, 0.96781852, 6.93895462, 4.12519838, 6.7224005 ,\n        2.58286281],\n       [7.03370065, 0.96781927, 6.93896378, 4.12520329, 6.72239598,\n        2.58285889]]), array([0.39017744, 0.39017744, 0.39017744, 0.39017744, 0.39017744,\n       0.39017744, 0.39017744]))", "callback": [0.6800067917348396, 0.6075246738111676, 0.5991537566405338, 0.5927770235184583, 0.5910923261994281, 0.5821229211459185, 0.5697441392485123, 0.5404747543695807, 0.5030427242875675, 0.48371164458994964, 0.4697172257653599, 0.4664874298169136, 0.4590527154118538, 0.4359625878519633, 0.40546732629814886, 0.3957825041136761, 0.39401237865318617, 0.39254970103118136, 0.3923070258132685, 0.39203515279559553, 0.39186871796930023, 0.3918236794825112, 0.39173293063406023, 0.39161963367033137, 0.391198891771946, 0.3905204300877808, 0.3902346468576059, 0.39019425608155556, 0.3901850115526011, 0.39018211058674857, 0.39018059656903403, 0.3901797050557464, 0.3901785361690848, 0.3901777679029257, 0.3901776132444439, 0.39017747542081693, 0.39017744687680556, 0.3901774392835332, 0.3901774375644257, 0.39017743705047303, 0.390177436896885, 0.39017743685468753, 0.390177436846749, 0.3901774368431683]}, "11": {"maxiter": 1000, "fatol": 1e-10, "xatol": 1e-10, "duration": 0.20615720748901367, "fun": "0.3901774368406842", "nit": "537", "nfev": "888", "status": "0", "success": "True", "message": "Optimization terminated successfully.", "x": "[7.03370291 0.96781853 6.93895577 4.1252044  6.72239944 2.58285973]", "final_simplex": "(array([[7.03370291, 0.96781853, 6.93895577, 4.1252044 , 6.72239944,\n        2.58285973],\n       [7.03370291, 0.96781853, 6.93895577, 4.1252044 , 6.72239944,\n        2.58285973],\n       [7.03370291, 0.96781853, 6.93895577, 4.1252044 , 6.72239944,\n        2.58285973],\n       [7.03370291, 0.96781853, 6.93895577, 4.1252044 , 6.72239944,\n        2.58285973],\n       [7.03370291, 0.96781853, 6.93895577, 4.1252044 , 6.72239944,\n        2.58285973],\n       [7.03370291, 0.96781853, 6.93895577, 4.1252044 , 6.72239944,\n        2.58285973],\n       [7.03370291, 0.96781853, 6.93895577, 4.1252044 , 6.72239944,\n        2.58285973]]), array([0.39017744, 0.39017744, 0.39017744, 0.39017744, 0.39017744,\n       0.39017744, 0.39017744]))", "callback": [0.6800067917348396, 0.6075246738111676, 0.5991537566405338, 0.5927770235184583, 0.5910923261994281, 0.5821229211459185, 0.5697441392485123, 0.5404747543695807, 0.5030427242875675, 0.48371164458994964, 0.4697172257653599, 0.4664874298169136, 0.4590527154118538, 0.4359625878519633, 0.40546732629814886, 0.3957825041136761, 0.39401237865318617, 0.39254970103118136, 0.3923070258132685, 0.39203515279559553, 0.39186871796930023, 0.3918236794825112, 0.39173293063406023, 0.39161963367033137, 0.391198891771946, 0.3905204300877808, 0.3902346468576059, 0.39019425608155556, 0.3901850115526011, 0.39018211058674857, 0.39018059656903403, 0.3901797050557464, 0.3901785361690848, 0.3901777679029257, 0.3901776132444439, 0.39017747542081693, 0.39017744687680556, 0.3901774392835332, 0.3901774375644257, 0.39017743705047303, 0.390177436896885, 0.39017743685468753, 0.390177436846749, 0.3901774368431683, 0.39017743684083783, 0.3901774368408143, 0.3901774368407277, 0.39017743684069606, 0.3901774368406863, 0.3901774368406846, 0.3901774368406843, 0.3901774368406842, 0.3901774368406842]}}, "bfgs": {"type": "gradient", "0": {"maxiter": 100, "gtol": 1e-05, "xrtol": 1e-05, "eps": 1e-05, "duration": 0.0683441162109375, "fun": "0.3901774369200922", "jac": "[-2.65243383e-07 -3.80608878e-06 -1.61222147e-06  6.26876329e-07\n -1.25564004e-06  2.01502148e-06]", "hess_inv": "[[  5.71655063  -3.16074339   5.11784903  -3.43586703  -2.69891826\n    0.99894871]\n [ -3.16074339  15.80492389 -20.31453051   6.62971859   3.29657986\n   -1.3984419 ]\n [  5.11784903 -20.31453051  33.94344799 -10.49913423  -7.55750698\n    1.11818958]\n [ -3.43586703   6.62971859 -10.49913423   7.57244922   2.6848586\n   -1.01638039]\n [ -2.69891826   3.29657986  -7.55750698   2.6848586    7.3540414\n    2.67070645]\n [  0.99894871  -1.3984419    1.11818958  -1.01638039   2.67070645\n    5.24996341]]", "nfev": "287", "njev": "41", "status": "0", "success": "True", "message": "Optimization terminated successfully.", "x": "[5.53267093 4.10937214 3.79740118 4.12518997 6.7223843  2.58285867]", "nit": "35", "callback": [0.43454965927952405, 0.4251966289320831, 0.39018680205770495]}, "1": {"maxiter": 100, "gtol": 1e-05, "xrtol": 1e-05, "eps": 1e-10, "duration": 0.06858491897583008, "fun": "0.3901774373053656", "jac": "[ 1.11022293e-06  0.00000000e+00 -3.33066880e-06  5.55111466e-06\n  5.55111466e-06 -3.33066880e-06]", "hess_inv": "[[  5.4683529   -2.66566071   4.22529216  -2.97170562  -2.18384833\n    0.82203293]\n [ -2.66566071  17.3270786  -21.69068962   6.27337868   2.98381966\n   -1.48713011]\n [  4.22529216 -21.69068962  34.44279703  -9.21312332  -5.90097041\n    1.44844109]\n [ -2.97170562   6.27337868  -9.21312332   6.4476688    1.75478389\n   -1.07877424]\n [ -2.18384833   2.98381966  -5.90097041   1.75478389   5.80999445\n    2.35241368]\n [  0.82203293  -1.48713011   1.44844109  -1.07877424   2.35241368\n    5.18692174]]", "nfev": "294", "njev": "42", "status": "0", "success": "True", "message": "Optimization terminated successfully.", "x": "[5.53263831 4.10948968 3.797213   4.1252735  6.72245064 2.58285181]", "nit": "36", "callback": [0.43455000050030823, 0.42518305394889655, 0.3901899657752359]}, "2": {"maxiter": 100, "gtol": 1e-05, "xrtol": 1e-10, "eps": 1e-05, "duration": 0.06677079200744629, "fun": "0.3901774369200922", "jac": "[-2.65243383e-07 -3.80608878e-06 -1.61222147e-06  6.26876329e-07\n -1.25564004e-06  2.01502148e-06]", "hess_inv": "[[  5.71655063  -3.16074339   5.11784903  -3.43586703  -2.69891826\n    0.99894871]\n [ -3.16074339  15.80492389 -20.31453051   6.62971859   3.29657986\n   -1.3984419 ]\n [  5.11784903 -20.31453051  33.94344799 -10.49913423  -7.55750698\n    1.11818958]\n [ -3.43586703   6.62971859 -10.49913423   7.57244922   2.6848586\n   -1.01638039]\n [ -2.69891826   3.29657986  -7.55750698   2.6848586    7.3540414\n    2.67070645]\n [  0.99894871  -1.3984419    1.11818958  -1.01638039   2.67070645\n    5.24996341]]", "nfev": "287", "njev": "41", "status": "0", "success": "True", "message": "Optimization terminated successfully.", "x": "[5.53267093 4.10937214 3.79740118 4.12518997 6.7223843  2.58285867]", "nit": "35", "callback": [0.43454965927952405, 0.4251966289320831, 0.39018680205770495]}, "3": {"maxiter": 100, "gtol": 1e-05, "xrtol": 1e-10, "eps": 1e-10, "duration": 0.0693519115447998, "fun": "0.3901774373053656", "jac": "[ 1.11022293e-06  0.00000000e+00 -3.33066880e-06  5.55111466e-06\n  5.55111466e-06 -3.33066880e-06]", "hess_inv": "[[  5.4683529   -2.66566071   4.22529216  -2.97170562  -2.18384833\n    0.82203293]\n [ -2.66566071  17.3270786  -21.69068962   6.27337868   2.98381966\n   -1.48713011]\n [  4.22529216 -21.69068962  34.44279703  -9.21312332  -5.90097041\n    1.44844109]\n [ -2.97170562   6.27337868  -9.21312332   6.4476688    1.75478389\n   -1.07877424]\n [ -2.18384833   2.98381966  -5.90097041   1.75478389   5.80999445\n    2.35241368]\n [  0.82203293  -1.48713011   1.44844109  -1.07877424   2.35241368\n    5.18692174]]", "nfev": "294", "njev": "42", "status": "0", "success": "True", "message": "Optimization terminated successfully.", "x": "[5.53263831 4.10948968 3.797213   4.1252735  6.72245064 2.58285181]", "nit": "36", "callback": [0.43455000050030823, 0.42518305394889655, 0.3901899657752359]}, "4": {"maxiter": 100, "gtol": 1e-10, "xrtol": 1e-05, "eps": 1e-05, "duration": 0.06836700439453125, "fun": "0.39017743686837525", "jac": "[-1.91169303e-07 -1.32849287e-07 -3.37618822e-07 -2.25375274e-08\n -5.21804822e-07  3.11162207e-07]", "hess_inv": "[[  5.63037957  -2.8375746    4.81693592  -3.32124255  -2.66096039\n    0.89313767]\n [ -2.8375746   15.53197229 -19.95829084   6.27940189   3.08826145\n   -1.3336872 ]\n [  4.81693592 -19.95829084  33.52778442 -10.16429344  -7.37070605\n    1.0217939 ]\n [ -3.32124255   6.27940189 -10.16429344   7.42671708   2.62877819\n   -0.90376616]\n [ -2.66096039   3.08826145  -7.37070605   2.62877819   7.34195497\n    2.74064257]\n [  0.89313767  -1.3336872    1.0217939   -0.90376616   2.74064257\n    5.23746597]]", "nfev": "294", "njev": "42", "status": "0", "success": "True", "message": "Optimization terminated successfully.", "x": "[5.53266633 4.10940095 3.79737561 4.12519707 6.72238552 2.58284893]", "nit": "36", "callback": [0.43454965927952405, 0.4251966289320831, 0.39018680205770495]}, "5": {"maxiter": 100, "gtol": 1e-10, "xrtol": 1e-05, "eps": 1e-10, "duration": 0.07220578193664551, "fun": "0.39017743704235985", "jac": "[ 5.55111466e-06 -2.22044587e-06  0.00000000e+00 -2.22044587e-06\n -1.11022293e-06  0.00000000e+00]", "hess_inv": "[[  5.05958636  -2.04730903   3.84620716  -2.7238855   -1.88651835\n    1.1107079 ]\n [ -2.04730903  11.14069276 -13.94794813   4.45558836   1.64856868\n   -1.63786069]\n [  3.84620716 -13.94794813  25.60326409  -7.63603766  -4.62598489\n    2.01754189]\n [ -2.7238855    4.45558836  -7.63603766   6.19917858   1.43163715\n   -1.50651911]\n [ -1.88651835   1.64856868  -4.62598489   1.43163715   5.47822315\n    2.07909343]\n [  1.1107079   -1.63786069   2.01754189  -1.50651911   2.07909343\n    5.33552032]]", "nfev": "308", "njev": "44", "status": "0", "success": "True", "message": "Optimization terminated successfully.", "x": "[5.53270919 4.10936182 3.79743848 4.12516185 6.72237439 2.58287287]", "nit": "38", "callback": [0.43455000050030823, 0.42518305394889655, 0.3901899657752359]}, "6": {"maxiter": 100, "gtol": 1e-10, "xrtol": 1e-10, "eps": 1e-05, "duration": 0.1295919418334961, "fun": "0.3901774368676785", "jac": "[-2.30260255e-08 -1.08135723e-08 -2.23709939e-08  5.51780843e-09\n -4.49418280e-08  3.60822483e-08]", "hess_inv": "[[  5.61062169  -2.64344625   4.61748926  -3.27832056  -2.6611539\n    0.82498665]\n [ -2.64344625  14.07849162 -18.05447225   5.81942433   3.1801658\n   -1.00438279]\n [  4.61748926 -18.05447225  31.53632981  -9.72971483  -7.38013955\n    0.37079137]\n [ -3.27832056   5.81942433  -9.72971483   7.33746924   2.62079958\n   -0.72592426]\n [ -2.6611539    3.1801658   -7.38013955   2.62079958   7.36065756\n    2.67132575]\n [  0.82498665  -1.00438279   0.37079137  -0.72592426   2.67132575\n    5.25912776]]", "nfev": "572", "njev": "80", "status": "2", "success": "False", "message": "Desired error not necessarily achieved due to precision loss.", "x": "[5.53266682 4.10939849 3.79738023 4.12519582 6.72238598 2.58284887]", "nit": "37", "callback": [0.43454965927952405, 0.4251966289320831, 0.39018680205770495]}, "7": {"maxiter": 100, "gtol": 1e-10, "xrtol": 1e-10, "eps": 1e-10, "duration": 0.08911991119384766, "fun": "0.3901774368515072", "jac": "[-1.11022293e-06 -1.11022293e-06  1.11022293e-06  0.00000000e+00\n -1.11022293e-06 -3.33066880e-06]", "hess_inv": "[[  6.22233841  -5.58033205   7.01897641  -5.40677601  -0.88408912\n    4.48567239]\n [ -5.58033205  17.4385791  -17.95587726   9.78578182  -0.1027687\n   -8.34700302]\n [  7.01897641 -17.95587726  21.70141643 -12.4414986   -0.44032019\n   10.91604357]\n [ -5.40677601   9.78578182 -12.4414986    9.97354166  -0.10956803\n   -6.74008062]\n [ -0.88408912  -0.1027687   -0.44032019  -0.10956803   1.29847803\n   -1.04043212]\n [  4.48567239  -8.34700302  10.91604357  -6.74008062  -1.04043212\n    6.70538264]]", "nfev": "392", "njev": "56", "status": "0", "success": "True", "message": "Optimization terminated successfully.", "x": "[5.53266886 4.10940623 3.79737973 4.12519824 6.72238959 2.5828545 ]", "nit": "42", "callback": [0.43455000050030823, 0.42518305394889655, 0.3901899657752359, 0.3901774368526336]}, "8": {"maxiter": 500, "gtol": 1e-05, "xrtol": 1e-05, "eps": 1e-05, "duration": 0.06523489952087402, "fun": "0.3901774369200922", "jac": "[-2.65243383e-07 -3.80608878e-06 -1.61222147e-06  6.26876329e-07\n -1.25564004e-06  2.01502148e-06]", "hess_inv": "[[  5.71655063  -3.16074339   5.11784903  -3.43586703  -2.69891826\n    0.99894871]\n [ -3.16074339  15.80492389 -20.31453051   6.62971859   3.29657986\n   -1.3984419 ]\n [  5.11784903 -20.31453051  33.94344799 -10.49913423  -7.55750698\n    1.11818958]\n [ -3.43586703   6.62971859 -10.49913423   7.57244922   2.6848586\n   -1.01638039]\n [ -2.69891826   3.29657986  -7.55750698   2.6848586    7.3540414\n    2.67070645]\n [  0.99894871  -1.3984419    1.11818958  -1.01638039   2.67070645\n    5.24996341]]", "nfev": "287", "njev": "41", "status": "0", "success": "True", "message": "Optimization terminated successfully.", "x": "[5.53267093 4.10937214 3.79740118 4.12518997 6.7223843  2.58285867]", "nit": "35", "callback": [0.43454965927952405, 0.4251966289320831, 0.39018680205770495]}, "9": {"maxiter": 500, "gtol": 1e-05, "xrtol": 1e-05, "eps": 1e-10, "duration": 0.06683206558227539, "fun": "0.3901774373053656", "jac": "[ 1.11022293e-06  0.00000000e+00 -3.33066880e-06  5.55111466e-06\n  5.55111466e-06 -3.33066880e-06]", "hess_inv": "[[  5.4683529   -2.66566071   4.22529216  -2.97170562  -2.18384833\n    0.82203293]\n [ -2.66566071  17.3270786  -21.69068962   6.27337868   2.98381966\n   -1.48713011]\n [  4.22529216 -21.69068962  34.44279703  -9.21312332  -5.90097041\n    1.44844109]\n [ -2.97170562   6.27337868  -9.21312332   6.4476688    1.75478389\n   -1.07877424]\n [ -2.18384833   2.98381966  -5.90097041   1.75478389   5.80999445\n    2.35241368]\n [  0.82203293  -1.48713011   1.44844109  -1.07877424   2.35241368\n    5.18692174]]", "nfev": "294", "njev": "42", "status": "0", "success": "True", "message": "Optimization terminated successfully.", "x": "[5.53263831 4.10948968 3.797213   4.1252735  6.72245064 2.58285181]", "nit": "36", "callback": [0.43455000050030823, 0.42518305394889655, 0.3901899657752359]}, "10": {"maxiter": 500, "gtol": 1e-05, "xrtol": 1e-10, "eps": 1e-05, "duration": 0.06536102294921875, "fun": "0.3901774369200922", "jac": "[-2.65243383e-07 -3.80608878e-06 -1.61222147e-06  6.26876329e-07\n -1.25564004e-06  2.01502148e-06]", "hess_inv": "[[  5.71655063  -3.16074339   5.11784903  -3.43586703  -2.69891826\n    0.99894871]\n [ -3.16074339  15.80492389 -20.31453051   6.62971859   3.29657986\n   -1.3984419 ]\n [  5.11784903 -20.31453051  33.94344799 -10.49913423  -7.55750698\n    1.11818958]\n [ -3.43586703   6.62971859 -10.49913423   7.57244922   2.6848586\n   -1.01638039]\n [ -2.69891826   3.29657986  -7.55750698   2.6848586    7.3540414\n    2.67070645]\n [  0.99894871  -1.3984419    1.11818958  -1.01638039   2.67070645\n    5.24996341]]", "nfev": "287", "njev": "41", "status": "0", "success": "True", "message": "Optimization terminated successfully.", "x": "[5.53267093 4.10937214 3.79740118 4.12518997 6.7223843  2.58285867]", "nit": "35", "callback": [0.43454965927952405, 0.4251966289320831, 0.39018680205770495]}, "11": {"maxiter": 500, "gtol": 1e-05, "xrtol": 1e-10, "eps": 1e-10, "duration": 0.06709980964660645, "fun": "0.3901774373053656", "jac": "[ 1.11022293e-06  0.00000000e+00 -3.33066880e-06  5.55111466e-06\n  5.55111466e-06 -3.33066880e-06]", "hess_inv": "[[  5.4683529   -2.66566071   4.22529216  -2.97170562  -2.18384833\n    0.82203293]\n [ -2.66566071  17.3270786  -21.69068962   6.27337868   2.98381966\n   -1.48713011]\n [  4.22529216 -21.69068962  34.44279703  -9.21312332  -5.90097041\n    1.44844109]\n [ -2.97170562   6.27337868  -9.21312332   6.4476688    1.75478389\n   -1.07877424]\n [ -2.18384833   2.98381966  -5.90097041   1.75478389   5.80999445\n    2.35241368]\n [  0.82203293  -1.48713011   1.44844109  -1.07877424   2.35241368\n    5.18692174]]", "nfev": "294", "njev": "42", "status": "0", "success": "True", "message": "Optimization terminated successfully.", "x": "[5.53263831 4.10948968 3.797213   4.1252735  6.72245064 2.58285181]", "nit": "36", "callback": [0.43455000050030823, 0.42518305394889655, 0.3901899657752359]}, "12": {"maxiter": 500, "gtol": 1e-10, "xrtol": 1e-05, "eps": 1e-05, "duration": 0.06682133674621582, "fun": "0.39017743686837525", "jac": "[-1.91169303e-07 -1.32849287e-07 -3.37618822e-07 -2.25375274e-08\n -5.21804822e-07  3.11162207e-07]", "hess_inv": "[[  5.63037957  -2.8375746    4.81693592  -3.32124255  -2.66096039\n    0.89313767]\n [ -2.8375746   15.53197229 -19.95829084   6.27940189   3.08826145\n   -1.3336872 ]\n [  4.81693592 -19.95829084  33.52778442 -10.16429344  -7.37070605\n    1.0217939 ]\n [ -3.32124255   6.27940189 -10.16429344   7.42671708   2.62877819\n   -0.90376616]\n [ -2.66096039   3.08826145  -7.37070605   2.62877819   7.34195497\n    2.74064257]\n [  0.89313767  -1.3336872    1.0217939   -0.90376616   2.74064257\n    5.23746597]]", "nfev": "294", "njev": "42", "status": "0", "success": "True", "message": "Optimization terminated successfully.", "x": "[5.53266633 4.10940095 3.79737561 4.12519707 6.72238552 2.58284893]", "nit": "36", "callback": [0.43454965927952405, 0.4251966289320831, 0.39018680205770495]}, "13": {"maxiter": 500, "gtol": 1e-10, "xrtol": 1e-05, "eps": 1e-10, "duration": 0.07100391387939453, "fun": "0.39017743704235985", "jac": "[ 5.55111466e-06 -2.22044587e-06  0.00000000e+00 -2.22044587e-06\n -1.11022293e-06  0.00000000e+00]", "hess_inv": "[[  5.05958636  -2.04730903   3.84620716  -2.7238855   -1.88651835\n    1.1107079 ]\n [ -2.04730903  11.14069276 -13.94794813   4.45558836   1.64856868\n   -1.63786069]\n [  3.84620716 -13.94794813  25.60326409  -7.63603766  -4.62598489\n    2.01754189]\n [ -2.7238855    4.45558836  -7.63603766   6.19917858   1.43163715\n   -1.50651911]\n [ -1.88651835   1.64856868  -4.62598489   1.43163715   5.47822315\n    2.07909343]\n [  1.1107079   -1.63786069   2.01754189  -1.50651911   2.07909343\n    5.33552032]]", "nfev": "308", "njev": "44", "status": "0", "success": "True", "message": "Optimization terminated successfully.", "x": "[5.53270919 4.10936182 3.79743848 4.12516185 6.72237439 2.58287287]", "nit": "38", "callback": [0.43455000050030823, 0.42518305394889655, 0.3901899657752359]}, "14": {"maxiter": 500, "gtol": 1e-10, "xrtol": 1e-10, "eps": 1e-05, "duration": 0.12957096099853516, "fun": "0.3901774368676785", "jac": "[-2.30260255e-08 -1.08135723e-08 -2.23709939e-08  5.51780843e-09\n -4.49418280e-08  3.60822483e-08]", "hess_inv": "[[  5.61062169  -2.64344625   4.61748926  -3.27832056  -2.6611539\n    0.82498665]\n [ -2.64344625  14.07849162 -18.05447225   5.81942433   3.1801658\n   -1.00438279]\n [  4.61748926 -18.05447225  31.53632981  -9.72971483  -7.38013955\n    0.37079137]\n [ -3.27832056   5.81942433  -9.72971483   7.33746924   2.62079958\n   -0.72592426]\n [ -2.6611539    3.1801658   -7.38013955   2.62079958   7.36065756\n    2.67132575]\n [  0.82498665  -1.00438279   0.37079137  -0.72592426   2.67132575\n    5.25912776]]", "nfev": "572", "njev": "80", "status": "2", "success": "False", "message": "Desired error not necessarily achieved due to precision loss.", "x": "[5.53266682 4.10939849 3.79738023 4.12519582 6.72238598 2.58284887]", "nit": "37", "callback": [0.43454965927952405, 0.4251966289320831, 0.39018680205770495]}, "15": {"maxiter": 500, "gtol": 1e-10, "xrtol": 1e-10, "eps": 1e-10, "duration": 0.08952999114990234, "fun": "0.3901774368515072", "jac": "[-1.11022293e-06 -1.11022293e-06  1.11022293e-06  0.00000000e+00\n -1.11022293e-06 -3.33066880e-06]", "hess_inv": "[[  6.22233841  -5.58033205   7.01897641  -5.40677601  -0.88408912\n    4.48567239]\n [ -5.58033205  17.4385791  -17.95587726   9.78578182  -0.1027687\n   -8.34700302]\n [  7.01897641 -17.95587726  21.70141643 -12.4414986   -0.44032019\n   10.91604357]\n [ -5.40677601   9.78578182 -12.4414986    9.97354166  -0.10956803\n   -6.74008062]\n [ -0.88408912  -0.1027687   -0.44032019  -0.10956803   1.29847803\n   -1.04043212]\n [  4.48567239  -8.34700302  10.91604357  -6.74008062  -1.04043212\n    6.70538264]]", "nfev": "392", "njev": "56", "status": "0", "success": "True", "message": "Optimization terminated successfully.", "x": "[5.53266886 4.10940623 3.79737973 4.12519824 6.72238959 2.5828545 ]", "nit": "42", "callback": [0.43455000050030823, 0.42518305394889655, 0.3901899657752359, 0.3901774368526336]}, "16": {"maxiter": 1000, "gtol": 1e-05, "xrtol": 1e-05, "eps": 1e-05, "duration": 0.06546473503112793, "fun": "0.3901774369200922", "jac": "[-2.65243383e-07 -3.80608878e-06 -1.61222147e-06  6.26876329e-07\n -1.25564004e-06  2.01502148e-06]", "hess_inv": "[[  5.71655063  -3.16074339   5.11784903  -3.43586703  -2.69891826\n    0.99894871]\n [ -3.16074339  15.80492389 -20.31453051   6.62971859   3.29657986\n   -1.3984419 ]\n [  5.11784903 -20.31453051  33.94344799 -10.49913423  -7.55750698\n    1.11818958]\n [ -3.43586703   6.62971859 -10.49913423   7.57244922   2.6848586\n   -1.01638039]\n [ -2.69891826   3.296579