{"date": "2024/09/24/, 03:54:47", "conf_id": 245, "data_type": "var_s_rank\n", "num_data_points": 1, "s_rank": 0, "unitary": "[[-0.45070455-0.02711853j,0.78437395-0.06613086j,0.06358678+0.19963393j,-0.07343613+0.35668523j],[-0.01890143-0.03813363j,0.32408202+0.25557629j,0.05872864-0.68979805j,0.55466693-0.20227297j],[-0.11215405+0.64023111j,-0.13344055+0.29565494j,-0.49012687-0.19046288j,-0.04241254+0.44046348j],[0.55771659+0.24656916j,0.31851997-0.05798805j,0.28761525-0.34294258j,-0.56718418+0.03616933j]]", "databatch_0": {"databatch": "[[[-0.04678736-0.07622823j,0.11752737-0.0454439j,0.01206548-0.0284293j,0.19246923+0.09849707j],[0.11055852+0.10973692j,-0.01434427+0.1867208j,0.01697821+0.00630474j,-0.36646962+0.07100643j],[0.00339489+0.15130139j,-0.15896287+0.30976929j,0.06295493+0.03111618j,-0.47013189-0.15816822j],[0.02952916-0.17012144j,0.17583825-0.22665978j,-0.04134273-0.02392888j,0.39809803+0.2478777j]]]", "initial param values": "[3.83586922,0.74596423,2.16345269,2.40345779,2.1138801,2.73897828]", "nelder_mead": {"type": "gradient-free", "0": {"maxiter": 100, "fatol": 1e-05, "xatol": 1e-05, "duration": 0.03847980499267578, "fun": "0.0755033223587045", "nit": "100", "nfev": "164", "status": "2", "success": "False", "message": "Maximum number of iterations has been exceeded.", "x": "[2.96906663 0.85116111 1.83336829 2.97106192 2.5404919  2.71062766]", "final_simplex": "(array([[2.96906663, 0.85116111, 1.83336829, 2.97106192, 2.5404919 ,\n        2.71062766],\n       [2.97066925, 0.85286361, 1.83004056, 2.97292565, 2.53750949,\n        2.7065528 ],\n       [2.95808446, 0.85216308, 1.8218336 , 2.96916357, 2.53034483,\n        2.69441277],\n       [2.96020457, 0.85207126, 1.83408415, 2.97179409, 2.51897452,\n        2.6901914 ],\n       [2.94989737, 0.84822388, 1.81945856, 2.97292999, 2.50867478,\n        2.6774306 ],\n       [2.95491928, 0.84853618, 1.82150733, 2.97179233, 2.49975775,\n        2.6607788 ],\n       [2.9597885 , 0.8475621 , 1.81610673, 2.96930702, 2.49755219,\n        2.66007884]]), array([0.07550332, 0.07551201, 0.07552284, 0.07556579, 0.0756097 ,\n       0.07562828, 0.07565685]))", "callback": [0.11595574679770826, 0.08188246774159524, 0.07631940627337719, 0.07584160919374461, 0.07581411874067256, 0.07578284099644739, 0.07576866988788822, 0.07573660719958564, 0.07570159857547354]}, "1": {"maxiter": 100, "fatol": 1e-05, "xatol": 1e-10, "duration": 0.036917924880981445, "fun": "0.0755033223587045", "nit": "100", "nfev": "164", "status": "2", "success": "False", "message": "Maximum number of iterations has been exceeded.", "x": "[2.96906663 0.85116111 1.83336829 2.97106192 2.5404919  2.71062766]", "final_simplex": "(array([[2.96906663, 0.85116111, 1.83336829, 2.97106192, 2.5404919 ,\n        2.71062766],\n       [2.97066925, 0.85286361, 1.83004056, 2.97292565, 2.53750949,\n        2.7065528 ],\n       [2.95808446, 0.85216308, 1.8218336 , 2.96916357, 2.53034483,\n        2.69441277],\n       [2.96020457, 0.85207126, 1.83408415, 2.97179409, 2.51897452,\n        2.6901914 ],\n       [2.94989737, 0.84822388, 1.81945856, 2.97292999, 2.50867478,\n        2.6774306 ],\n       [2.95491928, 0.84853618, 1.82150733, 2.97179233, 2.49975775,\n        2.6607788 ],\n       [2.9597885 , 0.8475621 , 1.81610673, 2.96930702, 2.49755219,\n        2.66007884]]), array([0.07550332, 0.07551201, 0.07552284, 0.07556579, 0.0756097 ,\n       0.07562828, 0.07565685]))", "callback": [0.11595574679770826, 0.08188246774159524, 0.07631940627337719, 0.07584160919374461, 0.07581411874067256, 0.07578284099644739, 0.07576866988788822, 0.07573660719958564, 0.07570159857547354]}, "2": {"maxiter": 100, "fatol": 1e-10, "xatol": 1e-05, "duration": 0.03592991828918457, "fun": "0.0755033223587045", "nit": "100", "nfev": "164", "status": "2", "success": "False", "message": "Maximum number of iterations has been exceeded.", "x": "[2.96906663 0.85116111 1.83336829 2.97106192 2.5404919  2.71062766]", "final_simplex": "(array([[2.96906663, 0.85116111, 1.83336829, 2.97106192, 2.5404919 ,\n        2.71062766],\n       [2.97066925, 0.85286361, 1.83004056, 2.97292565, 2.53750949,\n        2.7065528 ],\n       [2.95808446, 0.85216308, 1.8218336 , 2.96916357, 2.53034483,\n        2.69441277],\n       [2.96020457, 0.85207126, 1.83408415, 2.97179409, 2.51897452,\n        2.6901914 ],\n       [2.94989737, 0.84822388, 1.81945856, 2.97292999, 2.50867478,\n        2.6774306 ],\n       [2.95491928, 0.84853618, 1.82150733, 2.97179233, 2.49975775,\n        2.6607788 ],\n       [2.9597885 , 0.8475621 , 1.81610673, 2.96930702, 2.49755219,\n        2.66007884]]), array([0.07550332, 0.07551201, 0.07552284, 0.07556579, 0.0756097 ,\n       0.07562828, 0.07565685]))", "callback": [0.11595574679770826, 0.08188246774159524, 0.07631940627337719, 0.07584160919374461, 0.07581411874067256, 0.07578284099644739, 0.07576866988788822, 0.07573660719958564, 0.07570159857547354]}, "3": {"maxiter": 100, "fatol": 1e-10, "xatol": 1e-10, "duration": 0.03618502616882324, "fun": "0.0755033223587045", "nit": "100", "nfev": "164", "status": "2", "success": "False", "message": "Maximum number of iterations has been exceeded.", "x": "[2.96906663 0.85116111 1.83336829 2.97106192 2.5404919  2.71062766]", "final_simplex": "(array([[2.96906663, 0.85116111, 1.83336829, 2.97106192, 2.5404919 ,\n        2.71062766],\n       [2.97066925, 0.85286361, 1.83004056, 2.97292565, 2.53750949,\n        2.7065528 ],\n       [2.95808446, 0.85216308, 1.8218336 , 2.96916357, 2.53034483,\n        2.69441277],\n       [2.96020457, 0.85207126, 1.83408415, 2.97179409, 2.51897452,\n        2.6901914 ],\n       [2.94989737, 0.84822388, 1.81945856, 2.97292999, 2.50867478,\n        2.6774306 ],\n       [2.95491928, 0.84853618, 1.82150733, 2.97179233, 2.49975775,\n        2.6607788 ],\n       [2.9597885 , 0.8475621 , 1.81610673, 2.96930702, 2.49755219,\n        2.66007884]]), array([0.07550332, 0.07551201, 0.07552284, 0.07556579, 0.0756097 ,\n       0.07562828, 0.07565685]))", "callback": [0.11595574679770826, 0.08188246774159524, 0.07631940627337719, 0.07584160919374461, 0.07581411874067256, 0.07578284099644739, 0.07576866988788822, 0.07573660719958564, 0.07570159857547354]}, "4": {"maxiter": 500, "fatol": 1e-05, "xatol": 1e-05, "duration": 0.16893482208251953, "fun": "0.060227566797647514", "nit": "500", "nfev": "771", "status": "2", "success": "False", "message": "Maximum number of iterations has been exceeded.", "x": "[1.55294343 0.8082724  0.68266122 0.79425015 4.51345086 4.65415846]", "final_simplex": "(array([[1.55294343, 0.8082724 , 0.68266122, 0.79425015, 4.51345086,\n        4.65415846],\n       [1.52359109, 0.81901913, 0.6716962 , 0.79818338, 4.52258272,\n        4.65089542],\n       [1.55461722, 0.813306  , 0.67481399, 0.77228793, 4.51329356,\n        4.65968979],\n       [1.45442498, 0.83267792, 0.62613089, 0.66680545, 4.5265316 ,\n        4.68420118],\n       [1.57605335, 0.80639404, 0.70801933, 0.82929292, 4.52145114,\n        4.6602947 ],\n       [1.48731935, 0.8380027 , 0.64993773, 0.64139828, 4.51486589,\n        4.6764628 ],\n       [1.52762559, 0.83078307, 0.68652233, 0.83730786, 4.52151548,\n        4.65143737]]), array([0.06022757, 0.06022821, 0.06028764, 0.06032195, 0.06032396,\n       0.06032517, 0.06032843]))", "callback": [0.11595574679770826, 0.08188246774159524, 0.07631940627337719, 0.07584160919374461, 0.07581411874067256, 0.07578284099644739, 0.07576866988788822, 0.07573660719958564, 0.07570159857547354, 0.07540865956270593, 0.07502874893912725, 0.0741643773935814, 0.07250618180148816, 0.07154178910863351, 0.07105481913379663, 0.07068718411034713, 0.07051072872525066, 0.07028132947054022, 0.07023160788748561, 0.07010910890371491, 0.06982552564902456, 0.06840094029226063, 0.06733469632835765, 0.06722301027728117, 0.06710336808476658, 0.06702783002616997, 0.06701228805371773, 0.06700828147846605, 0.06700757856028683, 0.06700591623007479, 0.06700308769001684, 0.06698967882512485, 0.06692983011352316, 0.06689677666202065, 0.06668790835828031, 0.06616456920884706, 0.06570454091435263, 0.06560659073123543, 0.06531766993503618, 0.06488168022070018, 0.06460330626582222, 0.06422531274613563, 0.0640620087538536, 0.06386538291884047, 0.063610772230967, 0.06270850217927315, 0.061684700502320444, 0.061242835512309024, 0.0603284326564566]}, "5": {"maxiter": 500, "fatol": 1e-05, "xatol": 1e-10, "duration": 0.1686079502105713, "fun": "0.060227566797647514", "nit": "500", "nfev": "771", "status": "2", "success": "False", "message": "Maximum number of iterations has been exceeded.", "x": "[1.55294343 0.8082724  0.68266122 0.79425015 4.51345086 4.65415846]", "final_simplex": "(array([[1.55294343, 0.8082724 , 0.68266122, 0.79425015, 4.51345086,\n        4.65415846],\n       [1.52359109, 0.81901913, 0.6716962 , 0.79818338, 4.52258272,\n        4.65089542],\n       [1.55461722, 0.813306  , 0.67481399, 0.77228793, 4.51329356,\n        4.65968979],\n       [1.45442498, 0.83267792, 0.62613089, 0.66680545, 4.5265316 ,\n        4.68420118],\n       [1.57605335, 0.80639404, 0.70801933, 0.82929292, 4.52145114,\n        4.6602947 ],\n       [1.48731935, 0.8380027 , 0.64993773, 0.64139828, 4.51486589,\n        4.6764628 ],\n       [1.52762559, 0.83078307, 0.68652233, 0.83730786, 4.52151548,\n        4.65143737]]), array([0.06022757, 0.06022821, 0.06028764, 0.06032195, 0.06032396,\n       0.06032517, 0.06032843]))", "callback": [0.11595574679770826, 0.08188246774159524, 0.07631940627337719, 0.07584160919374461, 0.07581411874067256, 0.07578284099644739, 0.07576866988788822, 0.07573660719958564, 0.07570159857547354, 0.07540865956270593, 0.07502874893912725, 0.0741643773935814, 0.07250618180148816, 0.07154178910863351, 0.07105481913379663, 0.07068718411034713, 0.07051072872525066, 0.07028132947054022, 0.07023160788748561, 0.07010910890371491, 0.06982552564902456, 0.06840094029226063, 0.06733469632835765, 0.06722301027728117, 0.06710336808476658, 0.06702783002616997, 0.06701228805371773, 0.06700828147846605, 0.06700757856028683, 0.06700591623007479, 0.06700308769001684, 0.06698967882512485, 0.06692983011352316, 0.06689677666202065, 0.06668790835828031, 0.06616456920884706, 0.06570454091435263, 0.06560659073123543, 0.06531766993503618, 0.06488168022070018, 0.06460330626582222, 0.06422531274613563, 0.0640620087538536, 0.06386538291884047, 0.063610772230967, 0.06270850217927315, 0.061684700502320444, 0.061242835512309024, 0.0603284326564566]}, "6": {"maxiter": 500, "fatol": 1e-10, "xatol": 1e-05, "duration": 0.1732029914855957, "fun": "0.060227566797647514", "nit": "500", "nfev": "771", "status": "2", "success": "False", "message": "Maximum number of iterations has been exceeded.", "x": "[1.55294343 0.8082724  0.68266122 0.79425015 4.51345086 4.65415846]", "final_simplex": "(array([[1.55294343, 0.8082724 , 0.68266122, 0.79425015, 4.51345086,\n        4.65415846],\n       [1.52359109, 0.81901913, 0.6716962 , 0.79818338, 4.52258272,\n        4.65089542],\n       [1.55461722, 0.813306  , 0.67481399, 0.77228793, 4.51329356,\n        4.65968979],\n       [1.45442498, 0.83267792, 0.62613089, 0.66680545, 4.5265316 ,\n        4.68420118],\n       [1.57605335, 0.80639404, 0.70801933, 0.82929292, 4.52145114,\n        4.6602947 ],\n       [1.48731935, 0.8380027 , 0.64993773, 0.64139828, 4.51486589,\n        4.6764628 ],\n       [1.52762559, 0.83078307, 0.68652233, 0.83730786, 4.52151548,\n        4.65143737]]), array([0.06022757, 0.06022821, 0.06028764, 0.06032195, 0.06032396,\n       0.06032517, 0.06032843]))", "callback": [0.11595574679770826, 0.08188246774159524, 0.07631940627337719, 0.07584160919374461, 0.07581411874067256, 0.07578284099644739, 0.07576866988788822, 0.07573660719958564, 0.07570159857547354, 0.07540865956270593, 0.07502874893912725, 0.0741643773935814, 0.07250618180148816, 0.07154178910863351, 0.07105481913379663, 0.07068718411034713, 0.07051072872525066, 0.07028132947054022, 0.07023160788748561, 0.07010910890371491, 0.06982552564902456, 0.06840094029226063, 0.06733469632835765, 0.06722301027728117, 0.06710336808476658, 0.06702783002616997, 0.06701228805371773, 0.06700828147846605, 0.06700757856028683, 0.06700591623007479, 0.06700308769001684, 0.06698967882512485, 0.06692983011352316, 0.06689677666202065, 0.06668790835828031, 0.06616456920884706, 0.06570454091435263, 0.06560659073123543, 0.06531766993503618, 0.06488168022070018, 0.06460330626582222, 0.06422531274613563, 0.0640620087538536, 0.06386538291884047, 0.063610772230967, 0.06270850217927315, 0.061684700502320444, 0.061242835512309024, 0.0603284326564566]}, "7": {"maxiter": 500, "fatol": 1e-10, "xatol": 1e-10, "duration": 0.18386006355285645, "fun": "0.060227566797647514", "nit": "500", "nfev": "771", "status": "2", "success": "False", "message": "Maximum number of iterations has been exceeded.", "x": "[1.55294343 0.8082724  0.68266122 0.79425015 4.51345086 4.65415846]", "final_simplex": "(array([[1.55294343, 0.8082724 , 0.68266122, 0.79425015, 4.51345086,\n        4.65415846],\n       [1.52359109, 0.81901913, 0.6716962 , 0.79818338, 4.52258272,\n        4.65089542],\n       [1.55461722, 0.813306  , 0.67481399, 0.77228793, 4.51329356,\n        4.65968979],\n       [1.45442498, 0.83267792, 0.62613089, 0.66680545, 4.5265316 ,\n        4.68420118],\n       [1.57605335, 0.80639404, 0.70801933, 0.82929292, 4.52145114,\n        4.6602947 ],\n       [1.48731935, 0.8380027 , 0.64993773, 0.64139828, 4.51486589,\n        4.6764628 ],\n       [1.52762559, 0.83078307, 0.68652233, 0.83730786, 4.52151548,\n        4.65143737]]), array([0.06022757, 0.06022821, 0.06028764, 0.06032195, 0.06032396,\n       0.06032517, 0.06032843]))", "callback": [0.11595574679770826, 0.08188246774159524, 0.07631940627337719, 0.07584160919374461, 0.07581411874067256, 0.07578284099644739, 0.07576866988788822, 0.07573660719958564, 0.07570159857547354, 0.07540865956270593, 0.07502874893912725, 0.0741643773935814, 0.07250618180148816, 0.07154178910863351, 0.07105481913379663, 0.07068718411034713, 0.07051072872525066, 0.07028132947054022, 0.07023160788748561, 0.07010910890371491, 0.06982552564902456, 0.06840094029226063, 0.06733469632835765, 0.06722301027728117, 0.06710336808476658, 0.06702783002616997, 0.06701228805371773, 0.06700828147846605, 0.06700757856028683, 0.06700591623007479, 0.06700308769001684, 0.06698967882512485, 0.06692983011352316, 0.06689677666202065, 0.06668790835828031, 0.06616456920884706, 0.06570454091435263, 0.06560659073123543, 0.06531766993503618, 0.06488168022070018, 0.06460330626582222, 0.06422531274613563, 0.0640620087538536, 0.06386538291884047, 0.063610772230967, 0.06270850217927315, 0.061684700502320444, 0.061242835512309024, 0.0603284326564566]}, "8": {"maxiter": 1000, "fatol": 1e-05, "xatol": 1e-05, "duration": 0.25688815116882324, "fun": "0.05984903915438422", "nit": "734", "nfev": "1146", "status": "0", "success": "True", "message": "Optimization terminated successfully.", "x": "[1.53905645 0.79130165 0.68253128 0.8761604  4.47335839 4.69639868]", "final_simplex": "(array([[1.53905645, 0.79130165, 0.68253128, 0.8761604 , 4.47335839,\n        4.69639868],\n       [1.5390609 , 0.79130002, 0.68253407, 0.87616773, 4.47335751,\n        4.69639783],\n       [1.53905677, 0.79130122, 0.68253202, 0.87615849, 4.47335726,\n        4.69639883],\n       [1.53906402, 0.7912984 , 0.68253488, 0.87616747, 4.47335812,\n        4.696397  ],\n       [1.53905679, 0.79130087, 0.68253043, 0.87616622, 4.47335685,\n        4.6963988 ],\n       [1.53905431, 0.79130396, 0.68252923, 0.87615605, 4.47335762,\n        4.69639844],\n       [1.53905358, 0.7913041 , 0.68252902, 0.87615955, 4.47335703,\n        4.69640007]]), array([0.05984904, 0.05984904, 0.05984904, 0.05984904, 0.05984904,\n       0.05984904, 0.05984904]))", "callback": [0.11595574679770826, 0.08188246774159524, 0.07631940627337719, 0.07584160919374461, 0.07581411874067256, 0.07578284099644739, 0.07576866988788822, 0.07573660719958564, 0.07570159857547354, 0.07540865956270593, 0.07502874893912725, 0.0741643773935814, 0.07250618180148816, 0.07154178910863351, 0.07105481913379663, 0.07068718411034713, 0.07051072872525066, 0.07028132947054022, 0.07023160788748561, 0.07010910890371491, 0.06982552564902456, 0.06840094029226063, 0.06733469632835765, 0.06722301027728117, 0.06710336808476658, 0.06702783002616997, 0.06701228805371773, 0.06700828147846605, 0.06700757856028683, 0.06700591623007479, 0.06700308769001684, 0.06698967882512485, 0.06692983011352316, 0.06689677666202065, 0.06668790835828031, 0.06616456920884706, 0.06570454091435263, 0.06560659073123543, 0.06531766993503618, 0.06488168022070018, 0.06460330626582222, 0.06422531274613563, 0.0640620087538536, 0.06386538291884047, 0.063610772230967, 0.06270850217927315, 0.061684700502320444, 0.061242835512309024, 0.0603284326564566, 0.06022355255309997, 0.060154817462921506, 0.060113827252903373, 0.06003151623011438, 0.059944911461875305, 0.059913461318668704, 0.05989941583423364, 0.059887564891669576, 0.05987155852614179, 0.0598610090397067, 0.05985407352526406, 0.05985111519361408, 0.059849476722852346, 0.059849217153538414, 0.059849143391765836, 0.059849072128908554, 0.05984904637245525, 0.05984904154844317, 0.059849039401795534, 0.05984903930101726, 0.05984903918139961, 0.059849039159418194, 0.059849039155560835, 0.05984903915438422]}, "9": {"maxiter": 1000, "fatol": 1e-05, "xatol": 1e-10, "duration": 0.32985496520996094, "fun": "0.05984903915399098", "nit": "840", "nfev": "1375", "status": "0", "success": "True", "message": "Optimization terminated successfully.", "x": "[1.53906096 0.79129895 0.68253401 0.87616439 4.47335707 4.69639909]", "final_simplex": "(array([[1.53906096, 0.79129895, 0.68253401, 0.87616439, 4.47335707,\n        4.69639909],\n       [1.53906096, 0.79129895, 0.68253401, 0.87616439, 4.47335707,\n        4.69639909],\n       [1.53906096, 0.79129895, 0.68253401, 0.87616439, 4.47335707,\n        4.69639909],\n       [1.53906096, 0.79129895, 0.68253401, 0.87616439, 4.47335707,\n        4.69639909],\n       [1.53906096, 0.79129895, 0.68253401, 0.87616439, 4.47335707,\n        4.69639909],\n       [1.53906096, 0.79129895, 0.68253401, 0.87616439, 4.47335707,\n        4.69639909],\n       [1.53906096, 0.79129895, 0.68253401, 0.87616439, 4.47335707,\n        4.69639909]]), array([0.05984904, 0.05984904, 0.05984904, 0.05984904, 0.05984904,\n       0.05984904, 0.05984904]))", "callback": [0.11595574679770826, 0.08188246774159524, 0.07631940627337719, 0.07584160919374461, 0.07581411874067256, 0.07578284099644739, 0.07576866988788822, 0.07573660719958564, 0.07570159857547354, 0.07540865956270593, 0.07502874893912725, 0.0741643773935814, 0.07250618180148816, 0.07154178910863351, 0.07105481913379663, 0.07068718411034713, 0.07051072872525066, 0.07028132947054022, 0.07023160788748561, 0.07010910890371491, 0.06982552564902456, 0.06840094029226063, 0.06733469632835765, 0.06722301027728117, 0.06710336808476658, 0.06702783002616997, 0.06701228805371773, 0.06700828147846605, 0.06700757856028683, 0.06700591623007479, 0.06700308769001684, 0.06698967882512485, 0.06692983011352316, 0.06689677666202065, 0.06668790835828031, 0.06616456920884706, 0.06570454091435263, 0.06560659073123543, 0.06531766993503618, 0.06488168022070018, 0.06460330626582222, 0.06422531274613563, 0.0640620087538536, 0.06386538291884047, 0.063610772230967, 0.06270850217927315, 0.061684700502320444, 0.061242835512309024, 0.0603284326564566, 0.06022355255309997, 0.060154817462921506, 0.060113827252903373, 0.06003151623011438, 0.059944911461875305, 0.059913461318668704, 0.05989941583423364, 0.059887564891669576, 0.05987155852614179, 0.0598610090397067, 0.05985407352526406, 0.05985111519361408, 0.059849476722852346, 0.059849217153538414, 0.059849143391765836, 0.059849072128908554, 0.05984904637245525, 0.05984904154844317, 0.059849039401795534, 0.05984903930101726, 0.05984903918139961, 0.059849039159418194, 0.059849039155560835, 0.05984903915438422, 0.0598490391541906, 0.05984903915405937, 0.059849039154016515, 0.05984903915400408, 0.05984903915399409, 0.05984903915399198, 0.05984903915399131, 0.05984903915399098, 0.05984903915399098, 0.05984903915399098, 0.05984903915399098]}, "10": {"maxiter": 1000, "fatol": 1e-10, "xatol": 1e-05, "duration": 0.25742197036743164, "fun": "0.05984903915438422", "nit": "734", "nfev": "1146", "status": "0", "success": "True", "message": "Optimization terminated successfully.", "x": "[1.53905645 0.79130165 0.68253128 0.8761604  4.47335839 4.69639868]", "final_simplex": "(array([[1.53905645, 0.79130165, 0.68253128, 0.8761604 , 4.47335839,\n        4.69639868],\n       [1.5390609 , 0.79130002, 0.68253407, 0.87616773, 4.47335751,\n        4.69639783],\n       [1.53905677, 0.79130122, 0.68253202, 0.87615849, 4.47335726,\n        4.69639883],\n       [1.53906402, 0.7912984 , 0.68253488, 0.87616747, 4.47335812,\n        4.696397  ],\n       [1.53905679, 0.79130087, 0.68253043, 0.87616622, 4.47335685,\n        4.6963988 ],\n       [1.53905431, 0.79130396, 0.68252923, 0.87615605, 4.47335762,\n        4.69639844],\n       [1.53905358, 0.7913041 , 0.68252902, 0.87615955, 4.47335703,\n        4.69640007]]), array([0.05984904, 0.05984904, 0.05984904, 0.05984904, 0.05984904,\n       0.05984904, 0.05984904]))", "callback": [0.11595574679770826, 0.08188246774159524, 0.07631940627337719, 0.07584160919374461, 0.07581411874067256, 0.07578284099644739, 0.07576866988788822, 0.07573660719958564, 0.07570159857547354, 0.07540865956270593, 0.07502874893912725, 0.0741643773935814, 0.07250618180148816, 0.07154178910863351, 0.07105481913379663, 0.07068718411034713, 0.07051072872525066, 0.07028132947054022, 0.07023160788748561, 0.07010910890371491, 0.06982552564902456, 0.06840094029226063, 0.06733469632835765, 0.06722301027728117, 0.06710336808476658, 0.06702783002616997, 0.06701228805371773, 0.06700828147846605, 0.06700757856028683, 0.06700591623007479, 0.06700308769001684, 0.06698967882512485, 0.06692983011352316, 0.06689677666202065, 0.06668790835828031, 0.06616456920884706, 0.06570454091435263, 0.06560659073123543, 0.06531766993503618, 0.06488168022070018, 0.06460330626582222, 0.06422531274613563, 0.0640620087538536, 0.06386538291884047, 0.063610772230967, 0.06270850217927315, 0.061684700502320444, 0.061242835512309024, 0.0603284326564566, 0.06022355255309997, 0.060154817462921506, 0.060113827252903373, 0.06003151623011438, 0.059944911461875305, 0.059913461318668704, 0.05989941583423364, 0.059887564891669576, 0.05987155852614179, 0.0598610090397067, 0.05985407352526406, 0.05985111519361408, 0.059849476722852346, 0.059849217153538414, 0.059849143391765836, 0.059849072128908554, 0.05984904637245525, 0.05984904154844317, 0.059849039401795534, 0.05984903930101726, 0.05984903918139961, 0.059849039159418194, 0.059849039155560835, 0.05984903915438422]}, "11": {"maxiter": 1000, "fatol": 1e-10, "xatol": 1e-10, "duration": 0.3139760494232178, "fun": "0.05984903915399098", "nit": "840", "nfev": "1375", "status": "0", "success": "True", "message": "Optimization terminated successfully.", "x": "[1.53906096 0.79129895 0.68253401 0.87616439 4.47335707 4.69639909]", "final_simplex": "(array([[1.53906096, 0.79129895, 0.68253401, 0.87616439, 4.47335707,\n        4.69639909],\n       [1.53906096, 0.79129895, 0.68253401, 0.87616439, 4.47335707,\n        4.69639909],\n       [1.53906096, 0.79129895, 0.68253401, 0.87616439, 4.47335707,\n        4.69639909],\n       [1.53906096, 0.79129895, 0.68253401, 0.87616439, 4.47335707,\n        4.69639909],\n       [1.53906096, 0.79129895, 0.68253401, 0.87616439, 4.47335707,\n        4.69639909],\n       [1.53906096, 0.79129895, 0.68253401, 0.87616439, 4.47335707,\n        4.69639909],\n       [1.53906096, 0.79129895, 0.68253401, 0.87616439, 4.47335707,\n        4.69639909]]), array([0.05984904, 0.05984904, 0.05984904, 0.05984904, 0.05984904,\n       0.05984904, 0.05984904]))", "callback": [0.11595574679770826, 0.08188246774159524, 0.07631940627337719, 0.07584160919374461, 0.07581411874067256, 0.07578284099644739, 0.07576866988788822, 0.07573660719958564, 0.07570159857547354, 0.07540865956270593, 0.07502874893912725, 0.0741643773935814, 0.07250618180148816, 0.07154178910863351, 0.07105481913379663, 0.07068718411034713, 0.07051072872525066, 0.07028132947054022, 0.07023160788748561, 0.07010910890371491, 0.06982552564902456, 0.06840094029226063, 0.06733469632835765, 0.06722301027728117, 0.06710336808476658, 0.06702783002616997, 0.06701228805371773, 0.06700828147846605, 0.06700757856028683, 0.06700591623007479, 0.06700308769001684, 0.06698967882512485, 0.06692983011352316, 0.06689677666202065, 0.06668790835828031, 0.06616456920884706, 0.06570454091435263, 0.06560659073123543, 0.06531766993503618, 0.06488168022070018, 0.06460330626582222, 0.06422531274613563, 0.0640620087538536, 0.06386538291884047, 0.063610772230967, 0.06270850217927315, 0.061684700502320444, 0.061242835512309024, 0.0603284326564566, 0.06022355255309997, 0.060154817462921506, 0.060113827252903373, 0.06003151623011438, 0.059944911461875305, 0.059913461318668704, 0.05989941583423364, 0.059887564891669576, 0.05987155852614179, 0.0598610090397067, 0.05985407352526406, 0.05985111519361408, 0.059849476722852346, 0.059849217153538414, 0.059849143391765836, 0.059849072128908554, 0.05984904637245525, 0.05984904154844317, 0.059849039401795534, 0.05984903930101726, 0.05984903918139961, 0.059849039159418194, 0.059849039155560835, 0.05984903915438422, 0.0598490391541906, 0.05984903915405937, 0.059849039154016515, 0.05984903915400408, 0.05984903915399409, 0.05984903915399198, 0.05984903915399131, 0.05984903915399098, 0.05984903915399098, 0.05984903915399098, 0.05984903915399098]}}, "bfgs": {"type": "gradient", "0": {"maxiter": 100, "gtol": 1e-05, "xrtol": 1e-05, "eps": 1e-05, "duration": 0.12080597877502441, "fun": "0.05984903950809273", "jac": "[ 1.49039669e-06  4.46923609e-06  3.52372576e-06 -2.42780240e-06\n -6.61538602e-06 -5.36551914e-06]", "hess_inv": "[[ 70.24627844 -36.81035533  47.16845123  79.25860442  -0.70653966\n   -8.89021125]\n [-36.81035533  22.08217387 -25.6725328  -41.3961669    1.0267633\n    3.85035726]\n [ 47.16845123 -25.6725328   35.67434545  54.46593452   0.37221535\n   -5.78434641]\n [ 79.25860442 -41.3961669   54.46593452 128.41100473  -2.15655144\n  -13.30345501]\n [ -0.70653966   1.0267633    0.37221535  -2.15655144   3.96597342\n   -2.35160966]\n [ -8.89021125   3.85035726  -5.78434641 -13.30345501  -2.35160966\n    5.18211436]]", "nfev": "532", "njev": "76", "status": "0", "success": "True", "message": "Optimization terminated successfully.", "x": "[1.5388977  0.7913988  0.68241065 0.87586259 4.47334378 4.69641828]", "nit": "67", "callback": [0.07745406217122097, 0.06937852770523556, 0.06892351904406468, 0.06730229483668937, 0.0646788087828919, 0.05988484779843106]}, "1": {"maxiter": 100, "gtol": 1e-05, "xrtol": 1e-05, "eps": 1e-10, "duration": 0.12624835968017578, "fun": "0.05984904056736107", "jac": "[ 0.00000000e+00  0.00000000e+00 -4.44089173e-06  2.22044587e-06\n  6.66133760e-06 -2.22044587e-06]", "hess_inv": "[[ 77.13091391 -41.89560022  52.99039399  97.45894799  -2.59174376\n   -8.94813186]\n [-41.89560022  25.94214114 -29.82312827 -53.7502283    1.88636098\n    3.93487448]\n [ 52.99039399 -29.82312827  39.54522725  69.5989113   -1.47175129\n   -6.20440556]\n [ 97.45894799 -53.7502283   69.5989113  167.43560902  -4.32714667\n  -13.73552085]\n [ -2.59174376   1.88636098  -1.47175129  -4.32714667   3.88343582\n   -1.96148719]\n [ -8.94813186   3.93487448  -6.20440556 -13.73552085  -1.96148719\n    4.98539941]]", "nfev": "546", "njev": "78", "status": "0", "success": "True", "message": "Optimization terminated successfully.", "x": "[1.5385911  0.79155362 0.68217603 0.87555715 4.47336803 4.6964492 ]", "nit": "70", "callback": [0.0774533980742601, 0.06936055750272985, 0.06892108423023202, 0.06727907946228473, 0.0652401620805888, 0.06002359518941258, 0.05984904056736107]}, "2": {"maxiter": 100, "gtol": 1e-05, "xrtol": 1e-10, "eps": 1e-05, "duration": 0.1283259391784668, "fun": "0.05984903950809273", "jac": "[ 1.49039669e-06  4.46923609e-06  3.52372576e-06 -2.42780240e-06\n -6.61538602e-06 -5.36551914e-06]", "hess_inv": "[[ 70.24627844 -36.81035533  47.16845123  79.25860442  -0.70653966\n   -8.89021125]\n [-36.81035533  22.08217387 -25.6725328  -41.3961669    1.0267633\n    3.85035726]\n [ 47.16845123 -25.6725328   35.67434545  54.46593452   0.37221535\n   -5.78434641]\n [ 79.25860442 -41.3961669   54.46593452 128.41100473  -2.15655144\n  -13.30345501]\n [ -0.70653966   1.0267633    0.37221535  -2.15655144   3.96597342\n   -2.35160966]\n [ -8.89021125   3.85035726  -5.78434641 -13.30345501  -2.35160966\n    5.18211436]]", "nfev": "532", "njev": "76", "status": "0", "success": "True", "message": "Optimization terminated successfully.", "x": "[1.5388977  0.7913988  0.68241065 0.87586259 4.47334378 4.69641828]", "nit": "67", "callback": [0.07745406217122097, 0.06937852770523556, 0.06892351904406468, 0.06730229483668937, 0.0646788087828919, 0.05988484779843106]}, "3": {"maxiter": 100, "gtol": 1e-05, "xrtol": 1e-10, "eps": 1e-10, "duration": 0.12395811080932617, "fun": "0.05984904056736107", "jac": "[ 0.00000000e+00  0.00000000e+00 -4.44089173e-06  2.22044587e-06\n  6.66133760e-06 -2.22044587e-06]", "hess_inv": "[[ 77.13091391 -41.89560022  52.99039399  97.45894799  -2.59174376\n   -8.94813186]\n [-41.89560022  25.94214114 -29.82312827 -53.7502283    1.88636098\n    3.93487448]\n [ 52.99039399 -29.82312827  39.54522725  69.5989113   -1.47175129\n   -6.20440556]\n [ 97.45894799 -53.7502283   69.5989113  167.43560902  -4.32714667\n  -13.73552085]\n [ -2.59174376   1.88636098  -1.47175129  -4.32714667   3.88343582\n   -1.96148719]\n [ -8.94813186   3.93487448  -6.20440556 -13.73552085  -1.96148719\n    4.98539941]]", "nfev": "546", "njev": "78", "status": "0", "success": "True", "message": "Optimization terminated successfully.", "x": "[1.5385911  0.79155362 0.68217603 0.87555715 4.47336803 4.6964492 ]", "nit": "70", "callback": [0.0774533980742601, 0.06936055750272985, 0.06892108423023202, 0.06727907946228473, 0.0652401620805888, 0.06002359518941258, 0.05984904056736107]}, "4": {"maxiter": 100, "gtol": 1e-10, "xrtol": 1e-05, "eps": 1e-05, "duration": 0.12338924407958984, "fun": "0.05984903923084273", "jac": "[-3.03534975e-08  2.30704345e-08 -1.34448008e-08  1.48103751e-08\n  2.13262741e-07  1.79989357e-07]", "hess_inv": "[[ 7.22212583e+01 -3.86701891e+01  4.91078191e+01  8.84706326e+01\n   6.57494044e-01 -9.60841838e+00]\n [-3.86701891e+01  2.37371614e+01 -2.73946743e+01 -4.89786068e+01\n   7.19140119e-02  4.37756667e+00]\n [ 4.91078191e+01 -2.73946743e+01  3.73816872e+01  6.23984702e+01\n   1.32737025e+00 -6.32092230e+00]\n [ 8.84706326e+01 -4.89786068e+01  6.23984702e+01  1.58946732e+02\n   4.92563284e-01 -1.49696344e+01]\n [ 6.57494044e-01  7.19140119e-02  1.32737025e+00  4.92563284e-01\n   3.77150969e+00 -2.33523255e+00]\n [-9.60841838e+00  4.37756667e+00 -6.32092230e+00 -1.49696344e+01\n  -2.33523255e+00  5.21195927e+00]]", "nfev": "546", "njev": "78", "status": "0", "success": "True", "message": "Optimization terminated successfully.", "x": "[1.53895743 0.79135193 0.68245453 0.87603858 4.47335141 4.69641149]", "nit": "69", "callback": [0.07745406217122097, 0.06937852770523556, 0.06892351904406468, 0.06730229483668937, 0.0646788087828919, 0.05988484779843106]}, "5": {"maxiter": 100, "gtol": 1e-10, "xrtol": 1e-05, "eps": 1e-10, "duration": 0.12645387649536133, "fun": "0.059849040558560995", "jac": "[-2.22044587e-06 -1.11022293e-06 -6.66133760e-06 -2.22044587e-06\n  0.00000000e+00 -2.22044587e-06]", "hess_inv": "[[ 74.09664984 -39.50378504  50.68520002  95.59381313  -0.81582749\n  -10.0520832 ]\n [-39.50378504  24.09483262 -28.05018533 -51.5816059    0.6516737\n    4.60661112]\n [ 50.68520002 -28.05018533  37.84514923  67.37195061  -0.31415844\n   -6.81291654]\n [ 95.59381313 -51.5816059   67.37195061 179.09637255  -0.20583471\n  -18.05373973]\n [ -0.81582749   0.6516737   -0.31415844  -0.20583471   3.56071149\n   -2.17634655]\n [-10.0520832    4.60661112  -6.81291654 -18.05373973  -2.17634655\n    5.61807965]]", "nfev": "560", "njev": "80", "status": "0", "success": "True", "message": "Optimization terminated successfully.", "x": "[1.53858953 0.79155201 0.68217814 0.87550392 4.47335659 4.69646347]", "nit": "71", "callback": [0.0774533980742601, 0.06936055750272985, 0.06892108423023202, 0.06727907946228473, 0.0652401620805888, 0.06002359518941258, 0.05984904056736107]}, "6": {"maxiter": 100, "gtol": 1e-10, "xrtol": 1e-10, "eps": 1e-05, "duration": 0.18303513526916504, "fun": "0.05984903922644602", "jac": "[-4.32986980e-10 -1.44328993e-10  5.88418203e-10  8.88178420e-11\n -4.55191440e-10  1.07691633e-09]", "hess_inv": "[[ 86.91503269 -47.39764179  62.06382377 107.5153493    0.2791913\n  -11.58961694]\n [-47.39764179  28.87968396 -34.8443691  -60.21169278   0.4023396\n    5.54604377]\n [ 62.06382377 -34.8443691   47.79403134  78.85097311   0.79409451\n   -8.28561262]\n [107.5153493  -60.21169278  78.85097311 183.22260674  -0.24457144\n  -17.46132306]\n [  0.2791913    0.4023396    0.79409451  -0.24457144   3.82415189\n   -2.43947106]\n [-11.58961694   5.54604377  -8.28561262 -17.46132306  -2.43947106\n    5.57186318]]", "nfev": "810", "njev": "114", "status": "2", "success": "False", "message": "Desired error not necessarily achieved due to precision loss.", "x": "[1.53896243 0.79134917 0.68245801 0.87604477 4.47335106 4.69641067]", "nit": "71", "callback": [0.07745406217122097, 0.06937852770523556, 0.06892351904406468, 0.06730229483668937, 0.0646788087828919, 0.05988484779843106, 0.05984903922651341]}, "7": {"maxiter": 100, "gtol": 1e-10, "xrtol": 1e-10, "eps": 1e-10, "duration": 0.14795422554016113, "fun": "0.0598490404310863", "jac": "[ 0.00000000e+00 -2.22044587e-06 -6.66133760e-06 -4.44089173e-06\n -5.55111466e-06 -4.44089173e-06]", "hess_inv": "[[ 2.52657426e+02 -9.20715837e-01  1.82377705e+02 -1.59788750e+02\n   2.82199796e+01 -4.48325414e+01]\n [-9.20715837e-01  1.22591096e+00  3.61118015e-01  6.40966171e-02\n   3.28269106e-01  3.87875852e-01]\n [ 1.82377705e+02  3.61118015e-01  1.34684119e+02 -1.16478427e+02\n   2.11438767e+01 -3.29519267e+01]\n [-1.59788750e+02  6.40966171e-02 -1.16478427e+02  1.03017479e+02\n  -1.94232521e+01  2.87223871e+01]\n [ 2.82199796e+01  3.28269106e-01  2.11438767e+01 -1.94232521e+01\n   6.31745661e+00 -6.73217353e+00]\n [-4.48325414e+01  3.87875852e-01 -3.29519267e+01  2.87223871e+01\n  -6.73217353e+00  1.08826715e+01]]", "nfev": "651", "njev": "93", "status": "0", "success": "True", "message": "Optimization terminated successfully.", "x": "[1.5386399  0.79154319 0.68221569 0.87549295 4.47334979 4.69646371]", "nit": "75", "callback": [0.0774533980742601, 0.06936055750272985, 0.06892108423023202, 0.06727907946228473, 0.0652401620805888, 0.06002359518941258, 0.05984904056736107]}, "8": {"maxiter": 500, "gtol": 1e-05, "xrtol": 1e-05, "eps": 1e-05, "duration": 0.11919808387756348, "fun": "0.05984903950809273", "jac": "[ 1.49039669e-06  4.46923609e-06  3.52372576e-06 -2.42780240e-06\n -6.61538602e-06 -5.36551914e-06]", "hess_inv": "[[ 70.24627844 -36.81035533  47.16845123  79.25860442  -0.70653966\n   -8.89021125]\n [-36.81035533  22.08217387 -25.6725328  -41.3961669    1.0267633\n    3.85035726]\n [ 47.16845123 -25.6725328   35.67434545  54.46593452   0.37221535\n   -5.78434641]\n [ 79.25860442 -41.3961669   54.46593452 128.41100473  -2.15655144\n  -13.30345501]\n [ -0.70653966   1.0267633    0.37221535  -2.15655144   3.96597342\n   -2.35160966]\n [ -8.89021125   3.85035726  -5.78434641 -13.30345501  -2.35160966\n    5.18211436]]", "nfev": "532", "njev": "76", "status": "0", "success": "True", "message": "Optimization terminated successfully.", "x": "[1.5388977  0.7913988  0.68241065 0.87586259 4.47334378 4.69641828]", "nit": "67", "callback": [0.07745406217122097, 0.06937852770523556, 0.06892351904406468, 0.06730229483668937, 0.0646788087828919, 0.05988484779843106]}, "9": {"maxiter": 500, "gtol": 1e-05, "xrtol": 1e-05, "eps": 1e-10, "duration": 0.12396001815795898, "fun": "0.05984904056736107", "jac": "[ 0.00000000e+00  0.00000000e+00 -4.44089173e-06  2.22044587e-06\n  6.66133760e-06 -2.22044587e-06]", "hess_inv": "[[ 77.13091391 -41.89560022  52.99039399  97.45894799  -2.59174376\n   -8.94813186]\n [-41.89560022  25.94214114 -29.82312827 -53.7502283    1.88636098\n    3.93487448]\n [ 52.99039399 -29.82312827  39.54522725  69.5989113   -1.47175129\n   -6.20440556]\n [ 97.45894799 -53.7502283   69.5989113  167.43560902  -4.32714667\n  -13.73552085]\n [ -2.59174376   1.88636098  -1.47175129  -4.32714667   3.88343582\n   -1.96148719]\n [ -8.94813186   3.93487448  -6.20440556 -13.73552085  -1.96148719\n    4.98539941]]", "nfev": "546", "njev": "78", "status": "0", "success": "True", "message": "Optimization terminated successfully.", "x": "[1.5385911  0.79155362 0.68217603 0.87555715 4.47336803 4.6964492 ]", "nit": "70", "callback": [0.0774533980742601, 0.06936055750272985, 0.06892108423023202, 0.06727907946228473, 0.0652401620805888, 0.06002359518941258, 0.05984904056736107]}, "10": {"maxiter": 500, "gtol": 1e-05, "xrtol": 1e-10, "eps": 1e-05, "duration": 0.12047410011291504, "fun": "0.05984903950809273", "jac": "[ 1.49039669e-06  4.46923609e-06  3.52372576e-06 -2.42780240e-06\n -6.61538602e-06 -5.36551914e-06]", "hess_inv": "[[ 70.24627844 -36.81035533  47.16845123  79.25860442  -0.70653966\n   -8.89021125]\n [-36.81035533  22.08217387 -25.6725328  -41.3961669    1.0267633\n    3.85035726]\n [ 47.16845123 -25.6725328   35.67434545  54.46593452   0.37221535\n   -5.78434641]\n [ 79.25860442 -41.3961669   54.46593452 128.41100473  -2.15655144\n  -13.30345501]\n [ -0.70653966   1.0267633    0.37221535  -2.15655144   3.96597342\n   -2.35160966]\n [ -8.89021125   3.85035726  -5.78434641 -13.30345501  -2.35160966\n    5.18211436]]", "nfev": "532", "njev": "76", "status": "0", "success": "True", "message": "Optimization terminated successfully.", "x": "[1.5388977  0.7913988  0.68241065 0.87586259 4.47334378 4.69641828]", "nit": "67", "callback": [0.07745406217122097, 0.06937852770523556, 0.06892351904406468, 0.06730229483668937, 0.0646788087828919, 0.05988484779843106]}, "11": {"maxiter": 500, "gtol": 1e-05, "xrtol": 1e-10, "eps": 1e-10, "duration": 0.12584185600280762, "fun": "0.05984904056736107", "jac": "[ 0.00000000e+00  0.00000000e+00 -4.44089173e-06  2.22044587e-06\n  6.66133760e-06 -2.22044587e-06]", "hess_inv": "[[ 77.13091391 -41.89560022  52.99039399  97.45894799  -2.59174376\n   -8.94813186]\n [-41.89560022  25.94214114 -29.82312827 -53.7502283    1.88636098\n    3.93487448]\n [ 52.99039399 -29.82312827  39.54522725  69.5989113   -1.47175129\n   -6.20440556]\n [ 97.45894799 -53.7502283   69.5989113  167.43560902  -4.32714667\n  -13.73552085]\n [ -2.59174376   1.88636098  -1.47175129  -4.32714667   3.88343582\n   -1.96148719]\n [ -8.94813186   3.93487448  -6.20440556 -13.73552085  -1.96148719\n    4.98539941]]", "nfev": "546", "njev": "78", "status": "0", "success": "True", "message": "Optimization terminated successfully.", "x": "[1.5385911  0.79155362 0.68217603 0.87555715 4.47336803 4.6964492 ]", "nit": "70", "callback": [0.0774533980742601, 0.06936055750272985, 0.06892108423023202, 0.06727907946228473, 0.0652401620805888, 0.06002359518941258, 0.05984904056736107]}, "12": {"maxiter": 500, "gtol": 1e-10, "xrtol": 1e-05, "eps": 1e-05, "duration": 0.12378978729248047, "fun": "0.05984903923084273", "jac": "[-3.03534975e-08  2.30704345e-08 -1.34448008e-08  1.48103751e-08\n  2.13262741e-07  1.79989357e-07]", "hess_inv": "[[ 7.22212583e+01 -3.86701891e+01  4.91078191e+01  8.84706326e+01\n   6.57494044e-01 -9.60841838e+00]\n [-3.86701891e+01  2.37371614e+01 -2.73946743e+01 -4.89786068e+01\n   7.19140119e-02  4.37756667e+00]\n [ 4.91078191e+01 -2.73946743e+01  3.73816872e+01  6.23984702e+01\n   1.32737025e+00 -6.32092230e+00]\n [ 8.84706326e+01 -4.89786068e+01  6.23984702e+01  1.58946732e+02\n   4.92563284e