{"date": "2024/09/24/, 04:37:06", "conf_id": 262, "data_type": "var_s_rank\n", "num_data_points": 2, "s_rank": 0, "unitary": "[[0.18663085-0.53122324j,-0.11886349-0.70040876j,0.28555095-0.02789305j,-0.12262021-0.2844587j],[-0.16702216+0.27758472j,0.27526351-0.29738586j,-0.01109314+0.22495461j,-0.77239203+0.28900673j],[0.61935415+0.12301792j,-0.31269928-0.03315917j,-0.61902762-0.19039079j,-0.27120731-0.0968989j],[0.42341754+0.0023929j,-0.05847358+0.47832119j,0.64900495-0.16218422j,-0.37182676-0.05229966j]]", "databatch_0": {"databatch": "[[[-0.06479557-0.13113404j,-0.08972972-0.25644572j,0.09315454+0.00151285j,0.10466621-0.35519065j],[0.09451171-0.11889149j,0.20119215-0.19776224j,0.03979833+0.08817554j,0.3799669-0.05884659j],[-0.02652688+0.00218433j,-0.04939982-0.00198635j,0.00649275-0.01566109j,-0.05309318-0.0414905j],[0.15730873+0.13731488j,0.25888482+0.28881238j,-0.12361364+0.04908465j,0.05680159+0.52555661j]],[[-0.1944458-0.18184177j,-0.09632195-0.01299094j,0.11248763+0.32792629j,0.28243157-0.083496j],[-0.17238487+0.23964588j,-0.00061743+0.10777291j,0.34467109-0.17024419j,-0.1319046-0.29875288j],[-0.28288828+0.03608704j,-0.07655206+0.07056645j,0.34735877+0.13136218j,0.12417818-0.2900188j],[-0.02423427-0.08246359j,-0.02465185-0.01941488j,-0.02252163+0.10963755j,0.09223096+0.02311911j]]]", "initial param values": "[0.32271092,0.10858427,3.27695457,4.85302129,2.216676,2.76301842]", "nelder_mead": {"type": "gradient-free", "0": {"maxiter": 100, "fatol": 1e-05, "xatol": 1e-05, "duration": 0.03782391548156738, "fun": "0.34108362008579685", "nit": "100", "nfev": "160", "status": "2", "success": "False", "message": "Maximum number of iterations has been exceeded.", "x": "[0.44854558 0.09875614 3.4845017  3.17423181 1.00787233 3.85997633]", "final_simplex": "(array([[0.44854558, 0.09875614, 3.4845017 , 3.17423181, 1.00787233,\n        3.85997633],\n       [0.44512864, 0.10155704, 3.48261218, 3.19212666, 1.00259822,\n        3.86561378],\n       [0.44398249, 0.10178341, 3.47005873, 3.20664883, 1.01502922,\n        3.86123681],\n       [0.44786461, 0.09980816, 3.45492278, 3.18988651, 1.00547075,\n        3.86581075],\n       [0.44511108, 0.10186373, 3.45776201, 3.20330457, 1.00552689,\n        3.86478776],\n       [0.44518726, 0.10268623, 3.47095948, 3.21402506, 0.99479988,\n        3.86898514],\n       [0.44349679, 0.10243912, 3.47501293, 3.17675504, 1.01403165,\n        3.87019073]]), array([0.34108362, 0.3411105 , 0.34112968, 0.34114407, 0.34114605,\n       0.34115179, 0.34117326]))", "callback": [0.7295250758846934, 0.46138287181004034, 0.3856856169086095, 0.3543012345970248, 0.3543012345970248, 0.34879407988428235, 0.3433102834087467, 0.3414127405519073, 0.34117326051907393]}, "1": {"maxiter": 100, "fatol": 1e-05, "xatol": 1e-10, "duration": 0.03585195541381836, "fun": "0.34108362008579685", "nit": "100", "nfev": "160", "status": "2", "success": "False", "message": "Maximum number of iterations has been exceeded.", "x": "[0.44854558 0.09875614 3.4845017  3.17423181 1.00787233 3.85997633]", "final_simplex": "(array([[0.44854558, 0.09875614, 3.4845017 , 3.17423181, 1.00787233,\n        3.85997633],\n       [0.44512864, 0.10155704, 3.48261218, 3.19212666, 1.00259822,\n        3.86561378],\n       [0.44398249, 0.10178341, 3.47005873, 3.20664883, 1.01502922,\n        3.86123681],\n       [0.44786461, 0.09980816, 3.45492278, 3.18988651, 1.00547075,\n        3.86581075],\n       [0.44511108, 0.10186373, 3.45776201, 3.20330457, 1.00552689,\n        3.86478776],\n       [0.44518726, 0.10268623, 3.47095948, 3.21402506, 0.99479988,\n        3.86898514],\n       [0.44349679, 0.10243912, 3.47501293, 3.17675504, 1.01403165,\n        3.87019073]]), array([0.34108362, 0.3411105 , 0.34112968, 0.34114407, 0.34114605,\n       0.34115179, 0.34117326]))", "callback": [0.7295250758846934, 0.46138287181004034, 0.3856856169086095, 0.3543012345970248, 0.3543012345970248, 0.34879407988428235, 0.3433102834087467, 0.3414127405519073, 0.34117326051907393]}, "2": {"maxiter": 100, "fatol": 1e-10, "xatol": 1e-05, "duration": 0.03555583953857422, "fun": "0.34108362008579685", "nit": "100", "nfev": "160", "status": "2", "success": "False", "message": "Maximum number of iterations has been exceeded.", "x": "[0.44854558 0.09875614 3.4845017  3.17423181 1.00787233 3.85997633]", "final_simplex": "(array([[0.44854558, 0.09875614, 3.4845017 , 3.17423181, 1.00787233,\n        3.85997633],\n       [0.44512864, 0.10155704, 3.48261218, 3.19212666, 1.00259822,\n        3.86561378],\n       [0.44398249, 0.10178341, 3.47005873, 3.20664883, 1.01502922,\n        3.86123681],\n       [0.44786461, 0.09980816, 3.45492278, 3.18988651, 1.00547075,\n        3.86581075],\n       [0.44511108, 0.10186373, 3.45776201, 3.20330457, 1.00552689,\n        3.86478776],\n       [0.44518726, 0.10268623, 3.47095948, 3.21402506, 0.99479988,\n        3.86898514],\n       [0.44349679, 0.10243912, 3.47501293, 3.17675504, 1.01403165,\n        3.87019073]]), array([0.34108362, 0.3411105 , 0.34112968, 0.34114407, 0.34114605,\n       0.34115179, 0.34117326]))", "callback": [0.7295250758846934, 0.46138287181004034, 0.3856856169086095, 0.3543012345970248, 0.3543012345970248, 0.34879407988428235, 0.3433102834087467, 0.3414127405519073, 0.34117326051907393]}, "3": {"maxiter": 100, "fatol": 1e-10, "xatol": 1e-10, "duration": 0.035819053649902344, "fun": "0.34108362008579685", "nit": "100", "nfev": "160", "status": "2", "success": "False", "message": "Maximum number of iterations has been exceeded.", "x": "[0.44854558 0.09875614 3.4845017  3.17423181 1.00787233 3.85997633]", "final_simplex": "(array([[0.44854558, 0.09875614, 3.4845017 , 3.17423181, 1.00787233,\n        3.85997633],\n       [0.44512864, 0.10155704, 3.48261218, 3.19212666, 1.00259822,\n        3.86561378],\n       [0.44398249, 0.10178341, 3.47005873, 3.20664883, 1.01502922,\n        3.86123681],\n       [0.44786461, 0.09980816, 3.45492278, 3.18988651, 1.00547075,\n        3.86581075],\n       [0.44511108, 0.10186373, 3.45776201, 3.20330457, 1.00552689,\n        3.86478776],\n       [0.44518726, 0.10268623, 3.47095948, 3.21402506, 0.99479988,\n        3.86898514],\n       [0.44349679, 0.10243912, 3.47501293, 3.17675504, 1.01403165,\n        3.87019073]]), array([0.34108362, 0.3411105 , 0.34112968, 0.34114407, 0.34114605,\n       0.34115179, 0.34117326]))", "callback": [0.7295250758846934, 0.46138287181004034, 0.3856856169086095, 0.3543012345970248, 0.3543012345970248, 0.34879407988428235, 0.3433102834087467, 0.3414127405519073, 0.34117326051907393]}, "4": {"maxiter": 500, "fatol": 1e-05, "xatol": 1e-05, "duration": 0.17632484436035156, "fun": "0.2501843939009918", "nit": "500", "nfev": "773", "status": "2", "success": "False", "message": "Maximum number of iterations has been exceeded.", "x": "[-0.03743745  0.3550525   3.31552071  2.16264852 -1.29507931  2.1898615 ]", "final_simplex": "(array([[-0.03743745,  0.3550525 ,  3.31552071,  2.16264852, -1.29507931,\n         2.1898615 ],\n       [-0.03811906,  0.35484403,  3.31701401,  2.16289989, -1.29741045,\n         2.18974222],\n       [-0.03418784,  0.35383484,  3.3161559 ,  2.16265505, -1.2925047 ,\n         2.18678537],\n       [-0.04074565,  0.35499002,  3.31552978,  2.16120247, -1.30131805,\n         2.18849048],\n       [-0.03910148,  0.35571338,  3.31598738,  2.16154708, -1.29797075,\n         2.18894857],\n       [-0.0367601 ,  0.35627181,  3.31415391,  2.16251087, -1.29368792,\n         2.18908981],\n       [-0.03574085,  0.35593414,  3.31374501,  2.16446421, -1.29228814,\n         2.1884703 ]]), array([0.25018439, 0.25018652, 0.25018695, 0.25018708, 0.25018718,\n       0.25018721, 0.25018724]))", "callback": [0.7295250758846934, 0.46138287181004034, 0.3856856169086095, 0.3543012345970248, 0.3543012345970248, 0.34879407988428235, 0.3433102834087467, 0.3414127405519073, 0.34117326051907393, 0.34108362008579685, 0.34097571485626865, 0.3402499261425601, 0.33721002720091897, 0.33518365984581844, 0.33182143456597046, 0.33144260416309257, 0.3313192863025629, 0.3309878134473192, 0.3293067676367899, 0.32241230622011263, 0.3134256459487008, 0.30838367376493103, 0.29864538179444045, 0.29309370864263706, 0.26949084745313057, 0.2623817365595583, 0.2568837938052232, 0.2534762686653045, 0.251173137296548, 0.25058180264100505, 0.25020467430714066, 0.25020467430714066, 0.25020377339127053, 0.2501977571130741, 0.25019567409998944, 0.2501955819545586, 0.2501940359059951, 0.2501938853157899, 0.25019380110347256, 0.25019379433534383, 0.2501937818737603, 0.25019374781738113, 0.2501936759697587, 0.25019352439627185, 0.25019296137458114, 0.2501921227521675, 0.2501912448930971, 0.25019032432377575, 0.2501881850676928]}, "5": {"maxiter": 500, "fatol": 1e-05, "xatol": 1e-10, "duration": 0.17592382431030273, "fun": "0.2501843939009918", "nit": "500", "nfev": "773", "status": "2", "success": "False", "message": "Maximum number of iterations has been exceeded.", "x": "[-0.03743745  0.3550525   3.31552071  2.16264852 -1.29507931  2.1898615 ]", "final_simplex": "(array([[-0.03743745,  0.3550525 ,  3.31552071,  2.16264852, -1.29507931,\n         2.1898615 ],\n       [-0.03811906,  0.35484403,  3.31701401,  2.16289989, -1.29741045,\n         2.18974222],\n       [-0.03418784,  0.35383484,  3.3161559 ,  2.16265505, -1.2925047 ,\n         2.18678537],\n       [-0.04074565,  0.35499002,  3.31552978,  2.16120247, -1.30131805,\n         2.18849048],\n       [-0.03910148,  0.35571338,  3.31598738,  2.16154708, -1.29797075,\n         2.18894857],\n       [-0.0367601 ,  0.35627181,  3.31415391,  2.16251087, -1.29368792,\n         2.18908981],\n       [-0.03574085,  0.35593414,  3.31374501,  2.16446421, -1.29228814,\n         2.1884703 ]]), array([0.25018439, 0.25018652, 0.25018695, 0.25018708, 0.25018718,\n       0.25018721, 0.25018724]))", "callback": [0.7295250758846934, 0.46138287181004034, 0.3856856169086095, 0.3543012345970248, 0.3543012345970248, 0.34879407988428235, 0.3433102834087467, 0.3414127405519073, 0.34117326051907393, 0.34108362008579685, 0.34097571485626865, 0.3402499261425601, 0.33721002720091897, 0.33518365984581844, 0.33182143456597046, 0.33144260416309257, 0.3313192863025629, 0.3309878134473192, 0.3293067676367899, 0.32241230622011263, 0.3134256459487008, 0.30838367376493103, 0.29864538179444045, 0.29309370864263706, 0.26949084745313057, 0.2623817365595583, 0.2568837938052232, 0.2534762686653045, 0.251173137296548, 0.25058180264100505, 0.25020467430714066, 0.25020467430714066, 0.25020377339127053, 0.2501977571130741, 0.25019567409998944, 0.2501955819545586, 0.2501940359059951, 0.2501938853157899, 0.25019380110347256, 0.25019379433534383, 0.2501937818737603, 0.25019374781738113, 0.2501936759697587, 0.25019352439627185, 0.25019296137458114, 0.2501921227521675, 0.2501912448930971, 0.25019032432377575, 0.2501881850676928]}, "6": {"maxiter": 500, "fatol": 1e-10, "xatol": 1e-05, "duration": 0.18614482879638672, "fun": "0.2501843939009918", "nit": "500", "nfev": "773", "status": "2", "success": "False", "message": "Maximum number of iterations has been exceeded.", "x": "[-0.03743745  0.3550525   3.31552071  2.16264852 -1.29507931  2.1898615 ]", "final_simplex": "(array([[-0.03743745,  0.3550525 ,  3.31552071,  2.16264852, -1.29507931,\n         2.1898615 ],\n       [-0.03811906,  0.35484403,  3.31701401,  2.16289989, -1.29741045,\n         2.18974222],\n       [-0.03418784,  0.35383484,  3.3161559 ,  2.16265505, -1.2925047 ,\n         2.18678537],\n       [-0.04074565,  0.35499002,  3.31552978,  2.16120247, -1.30131805,\n         2.18849048],\n       [-0.03910148,  0.35571338,  3.31598738,  2.16154708, -1.29797075,\n         2.18894857],\n       [-0.0367601 ,  0.35627181,  3.31415391,  2.16251087, -1.29368792,\n         2.18908981],\n       [-0.03574085,  0.35593414,  3.31374501,  2.16446421, -1.29228814,\n         2.1884703 ]]), array([0.25018439, 0.25018652, 0.25018695, 0.25018708, 0.25018718,\n       0.25018721, 0.25018724]))", "callback": [0.7295250758846934, 0.46138287181004034, 0.3856856169086095, 0.3543012345970248, 0.3543012345970248, 0.34879407988428235, 0.3433102834087467, 0.3414127405519073, 0.34117326051907393, 0.34108362008579685, 0.34097571485626865, 0.3402499261425601, 0.33721002720091897, 0.33518365984581844, 0.33182143456597046, 0.33144260416309257, 0.3313192863025629, 0.3309878134473192, 0.3293067676367899, 0.32241230622011263, 0.3134256459487008, 0.30838367376493103, 0.29864538179444045, 0.29309370864263706, 0.26949084745313057, 0.2623817365595583, 0.2568837938052232, 0.2534762686653045, 0.251173137296548, 0.25058180264100505, 0.25020467430714066, 0.25020467430714066, 0.25020377339127053, 0.2501977571130741, 0.25019567409998944, 0.2501955819545586, 0.2501940359059951, 0.2501938853157899, 0.25019380110347256, 0.25019379433534383, 0.2501937818737603, 0.25019374781738113, 0.2501936759697587, 0.25019352439627185, 0.25019296137458114, 0.2501921227521675, 0.2501912448930971, 0.25019032432377575, 0.2501881850676928]}, "7": {"maxiter": 500, "fatol": 1e-10, "xatol": 1e-10, "duration": 0.18718194961547852, "fun": "0.2501843939009918", "nit": "500", "nfev": "773", "status": "2", "success": "False", "message": "Maximum number of iterations has been exceeded.", "x": "[-0.03743745  0.3550525   3.31552071  2.16264852 -1.29507931  2.1898615 ]", "final_simplex": "(array([[-0.03743745,  0.3550525 ,  3.31552071,  2.16264852, -1.29507931,\n         2.1898615 ],\n       [-0.03811906,  0.35484403,  3.31701401,  2.16289989, -1.29741045,\n         2.18974222],\n       [-0.03418784,  0.35383484,  3.3161559 ,  2.16265505, -1.2925047 ,\n         2.18678537],\n       [-0.04074565,  0.35499002,  3.31552978,  2.16120247, -1.30131805,\n         2.18849048],\n       [-0.03910148,  0.35571338,  3.31598738,  2.16154708, -1.29797075,\n         2.18894857],\n       [-0.0367601 ,  0.35627181,  3.31415391,  2.16251087, -1.29368792,\n         2.18908981],\n       [-0.03574085,  0.35593414,  3.31374501,  2.16446421, -1.29228814,\n         2.1884703 ]]), array([0.25018439, 0.25018652, 0.25018695, 0.25018708, 0.25018718,\n       0.25018721, 0.25018724]))", "callback": [0.7295250758846934, 0.46138287181004034, 0.3856856169086095, 0.3543012345970248, 0.3543012345970248, 0.34879407988428235, 0.3433102834087467, 0.3414127405519073, 0.34117326051907393, 0.34108362008579685, 0.34097571485626865, 0.3402499261425601, 0.33721002720091897, 0.33518365984581844, 0.33182143456597046, 0.33144260416309257, 0.3313192863025629, 0.3309878134473192, 0.3293067676367899, 0.32241230622011263, 0.3134256459487008, 0.30838367376493103, 0.29864538179444045, 0.29309370864263706, 0.26949084745313057, 0.2623817365595583, 0.2568837938052232, 0.2534762686653045, 0.251173137296548, 0.25058180264100505, 0.25020467430714066, 0.25020467430714066, 0.25020377339127053, 0.2501977571130741, 0.25019567409998944, 0.2501955819545586, 0.2501940359059951, 0.2501938853157899, 0.25019380110347256, 0.25019379433534383, 0.2501937818737603, 0.25019374781738113, 0.2501936759697587, 0.25019352439627185, 0.25019296137458114, 0.2501921227521675, 0.2501912448930971, 0.25019032432377575, 0.2501881850676928]}, "8": {"maxiter": 1000, "fatol": 1e-05, "xatol": 1e-05, "duration": 0.3793048858642578, "fun": "0.2024297790562095", "nit": "1000", "nfev": "1521", "status": "2", "success": "False", "message": "Maximum number of iterations has been exceeded.", "x": "[-1.92728436 -2.31628171  5.79181461  2.56525854 -0.16542859  1.4170297 ]", "final_simplex": "(array([[-1.92728436, -2.31628171,  5.79181461,  2.56525854, -0.16542859,\n         1.4170297 ],\n       [-1.92727387, -2.31627502,  5.79182266,  2.56524964, -0.16542794,\n         1.41703832],\n       [-1.92729491, -2.31627965,  5.79181724,  2.56526041, -0.16542241,\n         1.41702335],\n       [-1.92729105, -2.31628352,  5.79181202,  2.56525633, -0.1654306 ,\n         1.41702567],\n       [-1.92726806, -2.31627596,  5.79181403,  2.5652537 , -0.16544135,\n         1.41702979],\n       [-1.92727946, -2.31627377,  5.79182687,  2.56525898, -0.16542284,\n         1.41704071],\n       [-1.92727991, -2.31628144,  5.79181913,  2.56525804, -0.16543877,\n         1.41702345]]), array([0.20242978, 0.20242978, 0.20242978, 0.20242978, 0.20242978,\n       0.20242978, 0.20242978]))", "callback": [0.7295250758846934, 0.46138287181004034, 0.3856856169086095, 0.3543012345970248, 0.3543012345970248, 0.34879407988428235, 0.3433102834087467, 0.3414127405519073, 0.34117326051907393, 0.34108362008579685, 0.34097571485626865, 0.3402499261425601, 0.33721002720091897, 0.33518365984581844, 0.33182143456597046, 0.33144260416309257, 0.3313192863025629, 0.3309878134473192, 0.3293067676367899, 0.32241230622011263, 0.3134256459487008, 0.30838367376493103, 0.29864538179444045, 0.29309370864263706, 0.26949084745313057, 0.2623817365595583, 0.2568837938052232, 0.2534762686653045, 0.251173137296548, 0.25058180264100505, 0.25020467430714066, 0.25020467430714066, 0.25020377339127053, 0.2501977571130741, 0.25019567409998944, 0.2501955819545586, 0.2501940359059951, 0.2501938853157899, 0.25019380110347256, 0.25019379433534383, 0.2501937818737603, 0.25019374781738113, 0.2501936759697587, 0.25019352439627185, 0.25019296137458114, 0.2501921227521675, 0.2501912448930971, 0.25019032432377575, 0.2501881850676928, 0.2501843939009918, 0.2501807177883889, 0.2501725241864877, 0.25016720163356676, 0.2501596500726183, 0.25012073829443127, 0.25006702810252146, 0.24968634281937174, 0.24954682254757865, 0.24923117407474804, 0.24817846747024985, 0.24806511848116708, 0.2471135581054793, 0.24562392158233715, 0.24326150297337512, 0.2415947147339741, 0.24042865167090632, 0.23947568458591173, 0.2388184485776289, 0.2379426210992106, 0.23428834034651858, 0.22531518146730756, 0.21668006647846827, 0.21306360602638064, 0.2119186821531347, 0.21027582031975856, 0.20967509904664605, 0.20894447278759998, 0.20804674568059522, 0.2063543416480189, 0.20598908322843323, 0.20546883880909228, 0.20520518028528367, 0.20440563273602108, 0.20310197547972675, 0.20300576160693717, 0.2025200484126679, 0.20245978459359104, 0.20244155222764015, 0.2024319184102854, 0.2024301350074661, 0.20242987311464078, 0.20242981176306396, 0.2024297945118979, 0.20242978578006987, 0.20242978135108847, 0.2024297797692195, 0.20242977942304108, 0.20242977915234195, 0.20242977906963733]}, "9": {"maxiter": 1000, "fatol": 1e-05, "xatol": 1e-10, "duration": 0.398622989654541, "fun": "0.2024297790562095", "nit": "1000", "nfev": "1521", "status": "2", "success": "False", "message": "Maximum number of iterations has been exceeded.", "x": "[-1.92728436 -2.31628171  5.79181461  2.56525854 -0.16542859  1.4170297 ]", "final_simplex": "(array([[-1.92728436, -2.31628171,  5.79181461,  2.56525854, -0.16542859,\n         1.4170297 ],\n       [-1.92727387, -2.31627502,  5.79182266,  2.56524964, -0.16542794,\n         1.41703832],\n       [-1.92729491, -2.31627965,  5.79181724,  2.56526041, -0.16542241,\n         1.41702335],\n       [-1.92729105, -2.31628352,  5.79181202,  2.56525633, -0.1654306 ,\n         1.41702567],\n       [-1.92726806, -2.31627596,  5.79181403,  2.5652537 , -0.16544135,\n         1.41702979],\n       [-1.92727946, -2.31627377,  5.79182687,  2.56525898, -0.16542284,\n         1.41704071],\n       [-1.92727991, -2.31628144,  5.79181913,  2.56525804, -0.16543877,\n         1.41702345]]), array([0.20242978, 0.20242978, 0.20242978, 0.20242978, 0.20242978,\n       0.20242978, 0.20242978]))", "callback": [0.7295250758846934, 0.46138287181004034, 0.3856856169086095, 0.3543012345970248, 0.3543012345970248, 0.34879407988428235, 0.3433102834087467, 0.3414127405519073, 0.34117326051907393, 0.34108362008579685, 0.34097571485626865, 0.3402499261425601, 0.33721002720091897, 0.33518365984581844, 0.33182143456597046, 0.33144260416309257, 0.3313192863025629, 0.3309878134473192, 0.3293067676367899, 0.32241230622011263, 0.3134256459487008, 0.30838367376493103, 0.29864538179444045, 0.29309370864263706, 0.26949084745313057, 0.2623817365595583, 0.2568837938052232, 0.2534762686653045, 0.251173137296548, 0.25058180264100505, 0.25020467430714066, 0.25020467430714066, 0.25020377339127053, 0.2501977571130741, 0.25019567409998944, 0.2501955819545586, 0.2501940359059951, 0.2501938853157899, 0.25019380110347256, 0.25019379433534383, 0.2501937818737603, 0.25019374781738113, 0.2501936759697587, 0.25019352439627185, 0.25019296137458114, 0.2501921227521675, 0.2501912448930971, 0.25019032432377575, 0.2501881850676928, 0.2501843939009918, 0.2501807177883889, 0.2501725241864877, 0.25016720163356676, 0.2501596500726183, 0.25012073829443127, 0.25006702810252146, 0.24968634281937174, 0.24954682254757865, 0.24923117407474804, 0.24817846747024985, 0.24806511848116708, 0.2471135581054793, 0.24562392158233715, 0.24326150297337512, 0.2415947147339741, 0.24042865167090632, 0.23947568458591173, 0.2388184485776289, 0.2379426210992106, 0.23428834034651858, 0.22531518146730756, 0.21668006647846827, 0.21306360602638064, 0.2119186821531347, 0.21027582031975856, 0.20967509904664605, 0.20894447278759998, 0.20804674568059522, 0.2063543416480189, 0.20598908322843323, 0.20546883880909228, 0.20520518028528367, 0.20440563273602108, 0.20310197547972675, 0.20300576160693717, 0.2025200484126679, 0.20245978459359104, 0.20244155222764015, 0.2024319184102854, 0.2024301350074661, 0.20242987311464078, 0.20242981176306396, 0.2024297945118979, 0.20242978578006987, 0.20242978135108847, 0.2024297797692195, 0.20242977942304108, 0.20242977915234195, 0.20242977906963733]}, "10": {"maxiter": 1000, "fatol": 1e-10, "xatol": 1e-05, "duration": 0.35205912590026855, "fun": "0.2024297790562095", "nit": "1000", "nfev": "1521", "status": "2", "success": "False", "message": "Maximum number of iterations has been exceeded.", "x": "[-1.92728436 -2.31628171  5.79181461  2.56525854 -0.16542859  1.4170297 ]", "final_simplex": "(array([[-1.92728436, -2.31628171,  5.79181461,  2.56525854, -0.16542859,\n         1.4170297 ],\n       [-1.92727387, -2.31627502,  5.79182266,  2.56524964, -0.16542794,\n         1.41703832],\n       [-1.92729491, -2.31627965,  5.79181724,  2.56526041, -0.16542241,\n         1.41702335],\n       [-1.92729105, -2.31628352,  5.79181202,  2.56525633, -0.1654306 ,\n         1.41702567],\n       [-1.92726806, -2.31627596,  5.79181403,  2.5652537 , -0.16544135,\n         1.41702979],\n       [-1.92727946, -2.31627377,  5.79182687,  2.56525898, -0.16542284,\n         1.41704071],\n       [-1.92727991, -2.31628144,  5.79181913,  2.56525804, -0.16543877,\n         1.41702345]]), array([0.20242978, 0.20242978, 0.20242978, 0.20242978, 0.20242978,\n       0.20242978, 0.20242978]))", "callback": [0.7295250758846934, 0.46138287181004034, 0.3856856169086095, 0.3543012345970248, 0.3543012345970248, 0.34879407988428235, 0.3433102834087467, 0.3414127405519073, 0.34117326051907393, 0.34108362008579685, 0.34097571485626865, 0.3402499261425601, 0.33721002720091897, 0.33518365984581844, 0.33182143456597046, 0.33144260416309257, 0.3313192863025629, 0.3309878134473192, 0.3293067676367899, 0.32241230622011263, 0.3134256459487008, 0.30838367376493103, 0.29864538179444045, 0.29309370864263706, 0.26949084745313057, 0.2623817365595583, 0.2568837938052232, 0.2534762686653045, 0.251173137296548, 0.25058180264100505, 0.25020467430714066, 0.25020467430714066, 0.25020377339127053, 0.2501977571130741, 0.25019567409998944, 0.2501955819545586, 0.2501940359059951, 0.2501938853157899, 0.25019380110347256, 0.25019379433534383, 0.2501937818737603, 0.25019374781738113, 0.2501936759697587, 0.25019352439627185, 0.25019296137458114, 0.2501921227521675, 0.2501912448930971, 0.25019032432377575, 0.2501881850676928, 0.2501843939009918, 0.2501807177883889, 0.2501725241864877, 0.25016720163356676, 0.2501596500726183, 0.25012073829443127, 0.25006702810252146, 0.24968634281937174, 0.24954682254757865, 0.24923117407474804, 0.24817846747024985, 0.24806511848116708, 0.2471135581054793, 0.24562392158233715, 0.24326150297337512, 0.2415947147339741, 0.24042865167090632, 0.23947568458591173, 0.2388184485776289, 0.2379426210992106, 0.23428834034651858, 0.22531518146730756, 0.21668006647846827, 0.21306360602638064, 0.2119186821531347, 0.21027582031975856, 0.20967509904664605, 0.20894447278759998, 0.20804674568059522, 0.2063543416480189, 0.20598908322843323, 0.20546883880909228, 0.20520518028528367, 0.20440563273602108, 0.20310197547972675, 0.20300576160693717, 0.2025200484126679, 0.20245978459359104, 0.20244155222764015, 0.2024319184102854, 0.2024301350074661, 0.20242987311464078, 0.20242981176306396, 0.2024297945118979, 0.20242978578006987, 0.20242978135108847, 0.2024297797692195, 0.20242977942304108, 0.20242977915234195, 0.20242977906963733]}, "11": {"maxiter": 1000, "fatol": 1e-10, "xatol": 1e-10, "duration": 0.3416099548339844, "fun": "0.2024297790562095", "nit": "1000", "nfev": "1521", "status": "2", "success": "False", "message": "Maximum number of iterations has been exceeded.", "x": "[-1.92728436 -2.31628171  5.79181461  2.56525854 -0.16542859  1.4170297 ]", "final_simplex": "(array([[-1.92728436, -2.31628171,  5.79181461,  2.56525854, -0.16542859,\n         1.4170297 ],\n       [-1.92727387, -2.31627502,  5.79182266,  2.56524964, -0.16542794,\n         1.41703832],\n       [-1.92729491, -2.31627965,  5.79181724,  2.56526041, -0.16542241,\n         1.41702335],\n       [-1.92729105, -2.31628352,  5.79181202,  2.56525633, -0.1654306 ,\n         1.41702567],\n       [-1.92726806, -2.31627596,  5.79181403,  2.5652537 , -0.16544135,\n         1.41702979],\n       [-1.92727946, -2.31627377,  5.79182687,  2.56525898, -0.16542284,\n         1.41704071],\n       [-1.92727991, -2.31628144,  5.79181913,  2.56525804, -0.16543877,\n         1.41702345]]), array([0.20242978, 0.20242978, 0.20242978, 0.20242978, 0.20242978,\n       0.20242978, 0.20242978]))", "callback": [0.7295250758846934, 0.46138287181004034, 0.3856856169086095, 0.3543012345970248, 0.3543012345970248, 0.34879407988428235, 0.3433102834087467, 0.3414127405519073, 0.34117326051907393, 0.34108362008579685, 0.34097571485626865, 0.3402499261425601, 0.33721002720091897, 0.33518365984581844, 0.33182143456597046, 0.33144260416309257, 0.3313192863025629, 0.3309878134473192, 0.3293067676367899, 0.32241230622011263, 0.3134256459487008, 0.30838367376493103, 0.29864538179444045, 0.29309370864263706, 0.26949084745313057, 0.2623817365595583, 0.2568837938052232, 0.2534762686653045, 0.251173137296548, 0.25058180264100505, 0.25020467430714066, 0.25020467430714066, 0.25020377339127053, 0.2501977571130741, 0.25019567409998944, 0.2501955819545586, 0.2501940359059951, 0.2501938853157899, 0.25019380110347256, 0.25019379433534383, 0.2501937818737603, 0.25019374781738113, 0.2501936759697587, 0.25019352439627185, 0.25019296137458114, 0.2501921227521675, 0.2501912448930971, 0.25019032432377575, 0.2501881850676928, 0.2501843939009918, 0.2501807177883889, 0.2501725241864877, 0.25016720163356676, 0.2501596500726183, 0.25012073829443127, 0.25006702810252146, 0.24968634281937174, 0.24954682254757865, 0.24923117407474804, 0.24817846747024985, 0.24806511848116708, 0.2471135581054793, 0.24562392158233715, 0.24326150297337512, 0.2415947147339741, 0.24042865167090632, 0.23947568458591173, 0.2388184485776289, 0.2379426210992106, 0.23428834034651858, 0.22531518146730756, 0.21668006647846827, 0.21306360602638064, 0.2119186821531347, 0.21027582031975856, 0.20967509904664605, 0.20894447278759998, 0.20804674568059522, 0.2063543416480189, 0.20598908322843323, 0.20546883880909228, 0.20520518028528367, 0.20440563273602108, 0.20310197547972675, 0.20300576160693717, 0.2025200484126679, 0.20245978459359104, 0.20244155222764015, 0.2024319184102854, 0.2024301350074661, 0.20242987311464078, 0.20242981176306396, 0.2024297945118979, 0.20242978578006987, 0.20242978135108847, 0.2024297797692195, 0.20242977942304108, 0.20242977915234195, 0.20242977906963733]}}, "bfgs": {"type": "gradient", "0": {"maxiter": 100, "gtol": 1e-05, "xrtol": 1e-05, "eps": 1e-05, "duration": 0.13948678970336914, "fun": "0.20242977931760697", "jac": "[-2.55317989e-07  2.01497707e-06 -1.65000236e-06  8.39428527e-07\n  4.16511270e-07 -5.53124213e-07]", "hess_inv": "[[35.06426144 -7.91523209 -0.14953235 16.22258357 25.3093928  -6.20686524]\n [-7.91523209  5.54919957  2.24768631 -4.12605919 -4.07508695  3.33901979]\n [-0.14953235  2.24768631  5.21304082  1.10332246  5.31684545  4.35505949]\n [16.22258357 -4.12605919  1.10332246 10.65901229 14.09919239 -1.16401759]\n [25.3093928  -4.07508695  5.31684545 14.09919239 38.60996172 10.60655452]\n [-6.20686524  3.33901979  4.35505949 -1.16401759 10.60655452 15.18148318]]", "nfev": "602", "njev": "86", "status": "0", "success": "True", "message": "Optimization terminated successfully.", "x": "[ 8.21037953  0.8253218   2.65019115  2.56520075 -6.44874966 26.54972789]", "nit": "69", "callback": [0.35731513749475463, 0.32152970410827975, 0.23573596751699755, 0.22263082031795212, 0.22191615768102635, 0.20485060271644695]}, "1": {"maxiter": 100, "gtol": 1e-05, "xrtol": 1e-05, "eps": 1e-10, "duration": 0.15784192085266113, "fun": "0.20242977910210125", "jac": "[-1.11022293e-06 -1.11022293e-06 -1.11022293e-06 -2.22044587e-06\n -1.11022293e-06  0.00000000e+00]", "hess_inv": "[[ 32.15387674   6.84991564   0.24277888  15.92689738 -22.46590728\n    6.26368171]\n [  6.84991564   5.77345312   2.8927027    3.87615964  -2.71481128\n    3.47267709]\n [  0.24277888   2.8927027    6.29795553  -0.90941359   6.31211123\n    5.38900967]\n [ 15.92689738   3.87615964  -0.90941359  11.09336691 -13.92034343\n    1.17735532]\n [-22.46590728  -2.71481128   6.31211123 -13.92034343  37.02271996\n   11.98585368]\n [  6.26368171   3.47267709   5.38900967   1.17735532  11.98585368\n   16.64488671]]", "nfev": "693", "njev": "99", "status": "0", "success": "True", "message": "Optimization terminated successfully.", "x": "[10.63915034  3.96692004  5.79182084  3.7179544  -3.30706362 29.69137673]", "nit": "76", "callback": [0.3573118610990943, 0.31028087873033716, 0.22921926512029311, 0.22248009763788346, 0.2223173806482266, 0.21691045807332543, 0.20243562975896157]}, "2": {"maxiter": 100, "gtol": 1e-05, "xrtol": 1e-10, "eps": 1e-05, "duration": 0.13966584205627441, "fun": "0.20242977931760697", "jac": "[-2.55317989e-07  2.01497707e-06 -1.65000236e-06  8.39428527e-07\n  4.16511270e-07 -5.53124213e-07]", "hess_inv": "[[35.06426144 -7.91523209 -0.14953235 16.22258357 25.3093928  -6.20686524]\n [-7.91523209  5.54919957  2.24768631 -4.12605919 -4.07508695  3.33901979]\n [-0.14953235  2.24768631  5.21304082  1.10332246  5.31684545  4.35505949]\n [16.22258357 -4.12605919  1.10332246 10.65901229 14.09919239 -1.16401759]\n [25.3093928  -4.07508695  5.31684545 14.09919239 38.60996172 10.60655452]\n [-6.20686524  3.33901979  4.35505949 -1.16401759 10.60655452 15.18148318]]", "nfev": "602", "njev": "86", "status": "0", "success": "True", "message": "Optimization terminated successfully.", "x": "[ 8.21037953  0.8253218   2.65019115  2.56520075 -6.44874966 26.54972789]", "nit": "69", "callback": [0.35731513749475463, 0.32152970410827975, 0.23573596751699755, 0.22263082031795212, 0.22191615768102635, 0.20485060271644695]}, "3": {"maxiter": 100, "gtol": 1e-05, "xrtol": 1e-10, "eps": 1e-10, "duration": 0.15938091278076172, "fun": "0.20242977910210125", "jac": "[-1.11022293e-06 -1.11022293e-06 -1.11022293e-06 -2.22044587e-06\n -1.11022293e-06  0.00000000e+00]", "hess_inv": "[[ 32.15387674   6.84991564   0.24277888  15.92689738 -22.46590728\n    6.26368171]\n [  6.84991564   5.77345312   2.8927027    3.87615964  -2.71481128\n    3.47267709]\n [  0.24277888   2.8927027    6.29795553  -0.90941359   6.31211123\n    5.38900967]\n [ 15.92689738   3.87615964  -0.90941359  11.09336691 -13.92034343\n    1.17735532]\n [-22.46590728  -2.71481128   6.31211123 -13.92034343  37.02271996\n   11.98585368]\n [  6.26368171   3.47267709   5.38900967   1.17735532  11.98585368\n   16.64488671]]", "nfev": "693", "njev": "99", "status": "0", "success": "True", "message": "Optimization terminated successfully.", "x": "[10.63915034  3.96692004  5.79182084  3.7179544  -3.30706362 29.69137673]", "nit": "76", "callback": [0.3573118610990943, 0.31028087873033716, 0.22921926512029311, 0.22248009763788346, 0.2223173806482266, 0.21691045807332543, 0.20243562975896157]}, "4": {"maxiter": 100, "gtol": 1e-10, "xrtol": 1e-05, "eps": 1e-05, "duration": 0.13800597190856934, "fun": "0.20242977931760697", "jac": "[-2.55317989e-07  2.01497707e-06 -1.65000236e-06  8.39428527e-07\n  4.16511270e-07 -5.53124213e-07]", "hess_inv": "[[35.06426144 -7.91523209 -0.14953235 16.22258357 25.3093928  -6.20686524]\n [-7.91523209  5.54919957  2.24768631 -4.12605919 -4.07508695  3.33901979]\n [-0.14953235  2.24768631  5.21304082  1.10332246  5.31684545  4.35505949]\n [16.22258357 -4.12605919  1.10332246 10.65901229 14.09919239 -1.16401759]\n [25.3093928  -4.07508695  5.31684545 14.09919239 38.60996172 10.60655452]\n [-6.20686524  3.33901979  4.35505949 -1.16401759 10.60655452 15.18148318]]", "nfev": "602", "njev": "86", "status": "0", "success": "True", "message": "Optimization terminated successfully.", "x": "[ 8.21037953  0.8253218   2.65019115  2.56520075 -6.44874966 26.54972789]", "nit": "69", "callback": [0.35731513749475463, 0.32152970410827975, 0.23573596751699755, 0.22263082031795212, 0.22191615768102635, 0.20485060271644695]}, "5": {"maxiter": 100, "gtol": 1e-10, "xrtol": 1e-05, "eps": 1e-10, "duration": 0.15894007682800293, "fun": "0.20242977910210125", "jac": "[-1.11022293e-06 -1.11022293e-06 -1.11022293e-06 -2.22044587e-06\n -1.11022293e-06  0.00000000e+00]", "hess_inv": "[[ 32.15387674   6.84991564   0.24277888  15.92689738 -22.46590728\n    6.26368171]\n [  6.84991564   5.77345312   2.8927027    3.87615964  -2.71481128\n    3.47267709]\n [  0.24277888   2.8927027    6.29795553  -0.90941359   6.31211123\n    5.38900967]\n [ 15.92689738   3.87615964  -0.90941359  11.09336691 -13.92034343\n    1.17735532]\n [-22.46590728  -2.71481128   6.31211123 -13.92034343  37.02271996\n   11.98585368]\n [  6.26368171   3.47267709   5.38900967   1.17735532  11.98585368\n   16.64488671]]", "nfev": "693", "njev": "99", "status": "0", "success": "True", "message": "Optimization terminated successfully.", "x": "[10.63915034  3.96692004  5.79182084  3.7179544  -3.30706362 29.69137673]", "nit": "76", "callback": [0.3573118610990943, 0.31028087873033716, 0.22921926512029311, 0.22248009763788346, 0.2223173806482266, 0.21691045807332543, 0.20243562975896157]}, "6": {"maxiter": 100, "gtol": 1e-10, "xrtol": 1e-10, "eps": 1e-05, "duration": 0.19374608993530273, "fun": "0.20242977930463824", "jac": "[-8.13904499e-08  9.89208715e-08 -5.15254506e-08  1.77025061e-07\n  4.70401496e-08 -5.72764058e-08]", "hess_inv": "[[35.48675318 -7.7810139  -0.51101932 16.45652289 25.33417477 -6.63327154]\n [-7.7810139   5.46339522  2.13548106 -4.04384283 -3.99475757  3.21429582]\n [-0.51101932  2.13548106  5.24954929  0.77920886  5.04477744  4.45494593]\n [16.45652289 -4.04384283  0.77920886 10.73187293 13.99526583 -1.52094568]\n [25.33417477 -3.99475757  5.04477744 13.99526583 38.3425126  10.33342026]\n [-6.63327154  3.21429582  4.45494593 -1.52094568 10.33342026 15.35397697]]", "nfev": "824", "njev": "116", "status": "2", "success": "False", "message": "Desired error not necessarily achieved due to precision loss.", "x": "[ 8.21037624  0.82531914  2.65019519  2.56519958 -6.44874785 26.5497325 ]", "nit": "70", "callback": [0.35731513749475463, 0.32152970410827975, 0.23573596751699755, 0.22263082031795212, 0.22191615768102635, 0.20485060271644695, 0.20242977930463824]}, "7": {"maxiter": 100, "gtol": 1e-10, "xrtol": 1e-10, "eps": 1e-10, "duration": 0.18313384056091309, "fun": "0.20242977910210125", "jac": "[ 1.11022293e-06 -2.22044587e-06  0.00000000e+00 -2.22044587e-06\n  0.00000000e+00 -2.22048531e-06]", "hess_inv": "[[ 25.552633     4.67980962  -1.7701284   13.04417782 -20.42333992\n    1.00284813]\n [  4.67980962   5.1873033    2.20579677   3.09354908  -1.89387449\n    1.48418553]\n [ -1.7701284    2.20579677   5.68914464  -1.82109585   6.90537614\n    3.83608438]\n [ 13.04417782   3.09354908  -1.82109585  10.04859922 -12.83450698\n   -1.45600519]\n [-20.42333992  -1.89387449   6.90537614 -12.83450698  36.56624285\n   13.30943718]\n [  1.00284813   1.48418553   3.83608438  -1.45600519  13.30943718\n   12.97956622]]", "nfev": "770", "njev": "110", "status": "0", "success": "True", "message": "Optimization terminated successfully.", "x": "[10.63915034  3.96692004  5.79182084  3.7179544  -3.30706362 29.69137673]", "nit": "77", "callback": [0.3573118610990943, 0.31028087873033716, 0.22921926512029311, 0.22248009763788346, 0.2223173806482266, 0.21691045807332543, 0.20243562975896157]}, "8": {"maxiter": 500, "gtol": 1e-05, "xrtol": 1e-05, "eps": 1e-05, "duration": 0.1380622386932373, "fun": "0.20242977931760697", "jac": "[-2.55317989e-07  2.01497707e-06 -1.65000236e-06  8.39428527e-07\n  4.16511270e-07 -5.53124213e-07]", "hess_inv": "[[35.06426144 -7.91523209 -0.14953235 16.22258357 25.3093928  -6.20686524]\n [-7.91523209  5.54919957  2.24768631 -4.12605919 -4.07508695  3.33901979]\n [-0.14953235  2.24768631  5.21304082  1.10332246  5.31684545  4.35505949]\n [16.22258357 -4.12605919  1.10332246 10.65901229 14.09919239 -1.16401759]\n [25.3093928  -4.07508695  5.31684545 14.09919239 38.60996172 10.60655452]\n [-6.20686524  3.33901979  4.35505949 -1.16401759 10.60655452 15.18148318]]", "nfev": "602", "njev": "86", "status": "0", "success": "True", "message": "Optimization terminated successfully.", "x": "[ 8.21037953  0.8253218   2.65019115  2.56520075 -6.44874966 26.54972789]", "nit": "69", "callback": [0.35731513749475463, 0.32152970410827975, 0.23573596751699755, 0.22263082031795212, 0.22191615768102635, 0.20485060271644695]}, "9": {"maxiter": 500, "gtol": 1e-05, "xrtol": 1e-05, "eps": 1e-10, "duration": 0.1576220989227295, "fun": "0.20242977910210125", "jac": "[-1.11022293e-06 -1.11022293e-06 -1.11022293e-06 -2.22044587e-06\n -1.11022293e-06  0.00000000e+00]", "hess_inv": "[[ 32.15387674   6.84991564   0.24277888  15.92689738 -22.46590728\n    6.26368171]\n [  6.84991564   5.77345312   2.8927027    3.87615964  -2.71481128\n    3.47267709]\n [  0.24277888   2.8927027    6.29795553  -0.90941359   6.31211123\n    5.38900967]\n [ 15.92689738   3.87615964  -0.90941359  11.09336691 -13.92034343\n    1.17735532]\n [-22.46590728  -2.71481128   6.31211123 -13.92034343  37.02271996\n   11.98585368]\n [  6.26368171   3.47267709   5.38900967   1.17735532  11.98585368\n   16.64488671]]", "nfev": "693", "njev": "99", "status": "0", "success": "True", "message": "Optimization terminated successfully.", "x": "[10.63915034  3.96692004  5.79182084  3.7179544  -3.30706362 29.69137673]", "nit": "76", "callback": [0.3573118610990943, 0.31028087873033716, 0.22921926512029311, 0.22248009763788346, 0.2223173806482266, 0.21691045807332543, 0.20243562975896157]}, "10": {"maxiter": 500, "gtol": 1e-05, "xrtol": 1e-10, "eps": 1e-05, "duration": 0.13710308074951172, "fun": "0.20242977931760697", "jac": "[-2.55317989e-07  2.01497707e-06 -1.65000236e-06  8.39428527e-07\n  4.16511270e-07 -5.53124213e-07]", "hess_inv": "[[35.06426144 -7.91523209 -0.14953235 16.22258357 25.3093928  -6.20686524]\n [-7.91523209  5.54919957  2.24768631 -4.12605919 -4.07508695  3.33901979]\n [-0.14953235  2.24768631  5.21304082  1.10332246  5.31684545  4.35505949]\n [16.22258357 -4.12605919  1.10332246 10.65901229 14.09919239 -1.16401759]\n [25.3093928  -4.07508695  5.31684545 14.09919239 38.60996172 10.60655452]\n [-6.20686524  3.33901979  4.35505949 -1.16401759 10.60655452 15.18148318]]", "nfev": "602", "njev": "86", "status": "0", "success": "True", "message": "Optimization terminated successfully.", "x": "[ 8.21037953  0.8253218   2.65019115  2.56520075 -6.44874966 26.54972789]", "nit": "69", "callback": [0.35731513749475463, 0.32152970410827975, 0.23573596751699755, 0.22263082031795212, 0.22191615768102635, 0.20485060271644695]}, "11": {"max