{"date": "2024/09/23/, 20:00:45", "conf_id": 62, "data_type": "random\n", "num_data_points": 4, "s_rank": 0, "unitary": "[[0.18663085-0.53122324j,-0.11886349-0.70040876j,0.28555095-0.02789305j,-0.12262021-0.2844587j],[-0.16702216+0.27758472j,0.27526351-0.29738586j,-0.01109314+0.22495461j,-0.77239203+0.28900673j],[0.61935415+0.12301792j,-0.31269928-0.03315917j,-0.61902762-0.19039079j,-0.27120731-0.0968989j],[0.42341754+0.0023929j,-0.05847358+0.47832119j,0.64900495-0.16218422j,-0.37182676-0.05229966j]]", "databatch_0": {"databatch": "[[[0.07770008-1.16234257e-01j,-0.01208206+3.78846163e-01j,0.08859354-8.63036273e-02j,0.15678918-6.92866839e-02j],[-0.13588094-7.90688250e-02j,0.42601038-1.29428186e-02j,-0.10305294-9.33879462e-02j,-0.08872605-1.71111832e-01j],[0.12621133-5.85943957e-02j,-0.20634996+3.15799996e-01j,0.11998058-2.75125488e-02j,0.16914556+2.22493490e-02j],[-0.11373907+1.32146664e-01j,0.07217857-4.67137111e-01j,-0.1227029+9.34510601e-02j,-0.20454988+6.20857442e-02j]],[[-0.01924438-7.40507536e-03j,0.00340046+1.05954274e-02j,-0.03596137-1.81163881e-02j,0.02683654-3.07954587e-02j],[0.02597228+1.86889442e-01j,0.06976744-7.41686731e-02j,0.01427541+3.68191309e-01j,-0.36546439-7.84305155e-02j],[-0.08671285-2.38622337e-01j,-0.07095576+1.17209153e-01j,-0.12228703-4.80481300e-01j,0.5029536+4.69074141e-04j],[-0.08571585+5.40282078e-02j,0.05172028+1.77445490e-02j,-0.17702535+8.83869839e-02j,-0.0424167-1.96186635e-01j]],[[-0.20418565-5.72819724e-02j,0.09910066-3.50400366e-02j,-0.2637899+2.39171621e-01j,-0.08781529-2.42895243e-01j],[-0.12450393-9.70475242e-02j,0.07815089+3.81130863e-03j,-0.24917385+9.03629601e-02j,0.00801036-1.92092433e-01j],[0.20228588-1.52112522e-01j,-0.03858784+1.19366587e-01j,-0.03563864-4.23464331e-01j,0.29396723+9.27462374e-02j],[-0.02090053-2.14129193e-01j,0.06956479+8.08243911e-02j,-0.32312878-1.61504253e-01j,0.19738982-1.72330114e-01j]],[[-0.01391095+3.72935471e-02j,0.11179494+1.03857490e-01j,0.02969635+2.12195743e-03j,0.05020964+1.57287029e-02j],[-0.03254518+1.77878607e-01j,0.58268855+3.75578717e-01j,0.13451623-1.41398267e-02j,0.23709698+3.03976961e-02j],[-0.00858882-4.95802608e-03j,-0.03013496+2.31799951e-02j,-0.00174767+7.20895866e-03j,-0.00593802+1.16873215e-02j],[-0.1434329-2.42623605e-02j,-0.29583096+4.72750235e-01j,0.01282303+1.08050039e-01j,-0.02189697+1.91043926e-01j]]]", "initial param values": "[1.73172435,0.14780868,6.22225869,4.86769952,1.88148371,1.14243901]", "nelder_mead": {"type": "gradient-free", "0": {"maxiter": 100, "fatol": 1e-05, "xatol": 1e-05, "duration": 0.04799509048461914, "fun": "0.2495792624057871", "nit": "100", "nfev": "152", "status": "2", "success": "False", "message": "Maximum number of iterations has been exceeded.", "x": "[1.67561427e+00 2.64719651e-01 9.54361760e+00 2.56118119e+00\n 7.45336691e-03 1.65874403e+00]", "final_simplex": "(array([[ 1.67561427e+00,  2.64719651e-01,  9.54361760e+00,\n         2.56118119e+00,  7.45336691e-03,  1.65874403e+00],\n       [ 1.78644188e+00,  2.70877319e-01,  9.52979194e+00,\n         2.53795302e+00, -1.24250505e-01,  1.66585034e+00],\n       [ 1.73766533e+00,  2.75778852e-01,  9.61238207e+00,\n         2.43241929e+00, -1.67652189e-01,  1.69935393e+00],\n       [ 1.82995983e+00,  2.54342593e-01,  9.44801368e+00,\n         2.60239185e+00,  3.00622384e-02,  1.61994155e+00],\n       [ 1.65462150e+00,  2.71844063e-01,  9.54683727e+00,\n         2.42625979e+00,  3.31883997e-03,  1.65653232e+00],\n       [ 1.96806750e+00,  2.50541421e-01,  9.55232402e+00,\n         2.63705618e+00, -5.66933239e-02,  1.61667834e+00],\n       [ 1.92078388e+00,  2.60329073e-01,  9.46333783e+00,\n         2.54836426e+00, -9.87744377e-02,  1.65367160e+00]]), array([0.24957926, 0.25130289, 0.25313729, 0.25318048, 0.25391898,\n       0.25519634, 0.25576858]))", "callback": [0.5946592625758285, 0.5637216728640039, 0.49637326865208264, 0.4307303186787246, 0.36291809473132963, 0.2808682995169266, 0.2756999982946633, 0.2647361734147833, 0.2531804797993795]}, "1": {"maxiter": 100, "fatol": 1e-05, "xatol": 1e-10, "duration": 0.04932880401611328, "fun": "0.2495792624057871", "nit": "100", "nfev": "152", "status": "2", "success": "False", "message": "Maximum number of iterations has been exceeded.", "x": "[1.67561427e+00 2.64719651e-01 9.54361760e+00 2.56118119e+00\n 7.45336691e-03 1.65874403e+00]", "final_simplex": "(array([[ 1.67561427e+00,  2.64719651e-01,  9.54361760e+00,\n         2.56118119e+00,  7.45336691e-03,  1.65874403e+00],\n       [ 1.78644188e+00,  2.70877319e-01,  9.52979194e+00,\n         2.53795302e+00, -1.24250505e-01,  1.66585034e+00],\n       [ 1.73766533e+00,  2.75778852e-01,  9.61238207e+00,\n         2.43241929e+00, -1.67652189e-01,  1.69935393e+00],\n       [ 1.82995983e+00,  2.54342593e-01,  9.44801368e+00,\n         2.60239185e+00,  3.00622384e-02,  1.61994155e+00],\n       [ 1.65462150e+00,  2.71844063e-01,  9.54683727e+00,\n         2.42625979e+00,  3.31883997e-03,  1.65653232e+00],\n       [ 1.96806750e+00,  2.50541421e-01,  9.55232402e+00,\n         2.63705618e+00, -5.66933239e-02,  1.61667834e+00],\n       [ 1.92078388e+00,  2.60329073e-01,  9.46333783e+00,\n         2.54836426e+00, -9.87744377e-02,  1.65367160e+00]]), array([0.24957926, 0.25130289, 0.25313729, 0.25318048, 0.25391898,\n       0.25519634, 0.25576858]))", "callback": [0.5946592625758285, 0.5637216728640039, 0.49637326865208264, 0.4307303186787246, 0.36291809473132963, 0.2808682995169266, 0.2756999982946633, 0.2647361734147833, 0.2531804797993795]}, "2": {"maxiter": 100, "fatol": 1e-10, "xatol": 1e-05, "duration": 0.04799199104309082, "fun": "0.2495792624057871", "nit": "100", "nfev": "152", "status": "2", "success": "False", "message": "Maximum number of iterations has been exceeded.", "x": "[1.67561427e+00 2.64719651e-01 9.54361760e+00 2.56118119e+00\n 7.45336691e-03 1.65874403e+00]", "final_simplex": "(array([[ 1.67561427e+00,  2.64719651e-01,  9.54361760e+00,\n         2.56118119e+00,  7.45336691e-03,  1.65874403e+00],\n       [ 1.78644188e+00,  2.70877319e-01,  9.52979194e+00,\n         2.53795302e+00, -1.24250505e-01,  1.66585034e+00],\n       [ 1.73766533e+00,  2.75778852e-01,  9.61238207e+00,\n         2.43241929e+00, -1.67652189e-01,  1.69935393e+00],\n       [ 1.82995983e+00,  2.54342593e-01,  9.44801368e+00,\n         2.60239185e+00,  3.00622384e-02,  1.61994155e+00],\n       [ 1.65462150e+00,  2.71844063e-01,  9.54683727e+00,\n         2.42625979e+00,  3.31883997e-03,  1.65653232e+00],\n       [ 1.96806750e+00,  2.50541421e-01,  9.55232402e+00,\n         2.63705618e+00, -5.66933239e-02,  1.61667834e+00],\n       [ 1.92078388e+00,  2.60329073e-01,  9.46333783e+00,\n         2.54836426e+00, -9.87744377e-02,  1.65367160e+00]]), array([0.24957926, 0.25130289, 0.25313729, 0.25318048, 0.25391898,\n       0.25519634, 0.25576858]))", "callback": [0.5946592625758285, 0.5637216728640039, 0.49637326865208264, 0.4307303186787246, 0.36291809473132963, 0.2808682995169266, 0.2756999982946633, 0.2647361734147833, 0.2531804797993795]}, "3": {"maxiter": 100, "fatol": 1e-10, "xatol": 1e-10, "duration": 0.04929685592651367, "fun": "0.2495792624057871", "nit": "100", "nfev": "152", "status": "2", "success": "False", "message": "Maximum number of iterations has been exceeded.", "x": "[1.67561427e+00 2.64719651e-01 9.54361760e+00 2.56118119e+00\n 7.45336691e-03 1.65874403e+00]", "final_simplex": "(array([[ 1.67561427e+00,  2.64719651e-01,  9.54361760e+00,\n         2.56118119e+00,  7.45336691e-03,  1.65874403e+00],\n       [ 1.78644188e+00,  2.70877319e-01,  9.52979194e+00,\n         2.53795302e+00, -1.24250505e-01,  1.66585034e+00],\n       [ 1.73766533e+00,  2.75778852e-01,  9.61238207e+00,\n         2.43241929e+00, -1.67652189e-01,  1.69935393e+00],\n       [ 1.82995983e+00,  2.54342593e-01,  9.44801368e+00,\n         2.60239185e+00,  3.00622384e-02,  1.61994155e+00],\n       [ 1.65462150e+00,  2.71844063e-01,  9.54683727e+00,\n         2.42625979e+00,  3.31883997e-03,  1.65653232e+00],\n       [ 1.96806750e+00,  2.50541421e-01,  9.55232402e+00,\n         2.63705618e+00, -5.66933239e-02,  1.61667834e+00],\n       [ 1.92078388e+00,  2.60329073e-01,  9.46333783e+00,\n         2.54836426e+00, -9.87744377e-02,  1.65367160e+00]]), array([0.24957926, 0.25130289, 0.25313729, 0.25318048, 0.25391898,\n       0.25519634, 0.25576858]))", "callback": [0.5946592625758285, 0.5637216728640039, 0.49637326865208264, 0.4307303186787246, 0.36291809473132963, 0.2808682995169266, 0.2756999982946633, 0.2647361734147833, 0.2531804797993795]}, "4": {"maxiter": 500, "fatol": 1e-05, "xatol": 1e-05, "duration": 0.2387540340423584, "fun": "0.17113222827123542", "nit": "489", "nfev": "752", "status": "0", "success": "True", "message": "Optimization terminated successfully.", "x": "[1.70337264 0.8728177  9.64378093 2.56209643 1.10131473 2.84972367]", "final_simplex": "(array([[1.70337264, 0.8728177 , 9.64378093, 2.56209643, 1.10131473,\n        2.84972367],\n       [1.70337279, 0.87281509, 9.64378082, 2.56209318, 1.1013098 ,\n        2.84971864],\n       [1.7033711 , 0.87281694, 9.64377975, 2.56209203, 1.10131448,\n        2.84972506],\n       [1.70337038, 0.87281935, 9.64378283, 2.56209233, 1.10131694,\n        2.84972333],\n       [1.70337472, 0.87281628, 9.64378257, 2.56209453, 1.10131427,\n        2.84972319],\n       [1.70337359, 0.8728198 , 9.64378145, 2.56209462, 1.10131274,\n        2.8497241 ],\n       [1.70337246, 0.87281909, 9.64377961, 2.56208989, 1.10131817,\n        2.84972392]]), array([0.17113223, 0.17113223, 0.17113223, 0.17113223, 0.17113223,\n       0.17113223, 0.17113223]))", "callback": [0.5946592625758285, 0.5637216728640039, 0.49637326865208264, 0.4307303186787246, 0.36291809473132963, 0.2808682995169266, 0.2756999982946633, 0.2647361734147833, 0.2531804797993795, 0.2495792624057871, 0.24797392368511217, 0.24764425886253094, 0.24710646913844503, 0.24586398796558684, 0.2379155765605131, 0.2269193037097581, 0.22502548463396121, 0.2245813173998581, 0.22451759646130642, 0.2244362654655745, 0.2244027050945434, 0.22437483874596964, 0.22428287449460238, 0.22417102540448253, 0.22398017453210173, 0.22225837486165312, 0.2171557812985082, 0.211768530953242, 0.20716277551873774, 0.19646067529005617, 0.18280226516446707, 0.17771712203002732, 0.17462776790081103, 0.17391308050576693, 0.1727128823093883, 0.17187174302167263, 0.17132594270671475, 0.17119753767014945, 0.17113894587262046, 0.1711349239443798, 0.17113289024166156, 0.1711323491019735, 0.17113225424749434, 0.1711322314687883, 0.17113222900330505, 0.17113222842860576, 0.17113222830195718, 0.17113222827572516]}, "5": {"maxiter": 500, "fatol": 1e-05, "xatol": 1e-10, "duration": 0.23959803581237793, "fun": "0.1711322282698784", "nit": "500", "nfev": "771", "status": "2", "success": "False", "message": "Maximum number of iterations has been exceeded.", "x": "[1.70337134 0.87281689 9.64378175 2.56209463 1.10131317 2.8497229 ]", "final_simplex": "(array([[1.70337134, 0.87281689, 9.64378175, 2.56209463, 1.10131317,\n        2.8497229 ],\n       [1.7033697 , 0.87281672, 9.64378145, 2.56209277, 1.10131406,\n        2.84972285],\n       [1.70337003, 0.87281756, 9.64378145, 2.56209429, 1.10131587,\n        2.84972458],\n       [1.70337107, 0.87281581, 9.64378143, 2.562094  , 1.10131446,\n        2.8497224 ],\n       [1.70337094, 0.87281782, 9.64378188, 2.56209318, 1.101315  ,\n        2.84972275],\n       [1.70336882, 0.87281707, 9.64378018, 2.56209324, 1.10131311,\n        2.84972168],\n       [1.70337129, 0.87281669, 9.64378052, 2.56209313, 1.10131381,\n        2.84972342]]), array([0.17113223, 0.17113223, 0.17113223, 0.17113223, 0.17113223,\n       0.17113223, 0.17113223]))", "callback": [0.5946592625758285, 0.5637216728640039, 0.49637326865208264, 0.4307303186787246, 0.36291809473132963, 0.2808682995169266, 0.2756999982946633, 0.2647361734147833, 0.2531804797993795, 0.2495792624057871, 0.24797392368511217, 0.24764425886253094, 0.24710646913844503, 0.24586398796558684, 0.2379155765605131, 0.2269193037097581, 0.22502548463396121, 0.2245813173998581, 0.22451759646130642, 0.2244362654655745, 0.2244027050945434, 0.22437483874596964, 0.22428287449460238, 0.22417102540448253, 0.22398017453210173, 0.22225837486165312, 0.2171557812985082, 0.211768530953242, 0.20716277551873774, 0.19646067529005617, 0.18280226516446707, 0.17771712203002732, 0.17462776790081103, 0.17391308050576693, 0.1727128823093883, 0.17187174302167263, 0.17132594270671475, 0.17119753767014945, 0.17113894587262046, 0.1711349239443798, 0.17113289024166156, 0.1711323491019735, 0.17113225424749434, 0.1711322314687883, 0.17113222900330505, 0.17113222842860576, 0.17113222830195718, 0.17113222827572516, 0.17113222827106656]}, "6": {"maxiter": 500, "fatol": 1e-10, "xatol": 1e-05, "duration": 0.23406600952148438, "fun": "0.17113222827123542", "nit": "489", "nfev": "752", "status": "0", "success": "True", "message": "Optimization terminated successfully.", "x": "[1.70337264 0.8728177  9.64378093 2.56209643 1.10131473 2.84972367]", "final_simplex": "(array([[1.70337264, 0.8728177 , 9.64378093, 2.56209643, 1.10131473,\n        2.84972367],\n       [1.70337279, 0.87281509, 9.64378082, 2.56209318, 1.1013098 ,\n        2.84971864],\n       [1.7033711 , 0.87281694, 9.64377975, 2.56209203, 1.10131448,\n        2.84972506],\n       [1.70337038, 0.87281935, 9.64378283, 2.56209233, 1.10131694,\n        2.84972333],\n       [1.70337472, 0.87281628, 9.64378257, 2.56209453, 1.10131427,\n        2.84972319],\n       [1.70337359, 0.8728198 , 9.64378145, 2.56209462, 1.10131274,\n        2.8497241 ],\n       [1.70337246, 0.87281909, 9.64377961, 2.56208989, 1.10131817,\n        2.84972392]]), array([0.17113223, 0.17113223, 0.17113223, 0.17113223, 0.17113223,\n       0.17113223, 0.17113223]))", "callback": [0.5946592625758285, 0.5637216728640039, 0.49637326865208264, 0.4307303186787246, 0.36291809473132963, 0.2808682995169266, 0.2756999982946633, 0.2647361734147833, 0.2531804797993795, 0.2495792624057871, 0.24797392368511217, 0.24764425886253094, 0.24710646913844503, 0.24586398796558684, 0.2379155765605131, 0.2269193037097581, 0.22502548463396121, 0.2245813173998581, 0.22451759646130642, 0.2244362654655745, 0.2244027050945434, 0.22437483874596964, 0.22428287449460238, 0.22417102540448253, 0.22398017453210173, 0.22225837486165312, 0.2171557812985082, 0.211768530953242, 0.20716277551873774, 0.19646067529005617, 0.18280226516446707, 0.17771712203002732, 0.17462776790081103, 0.17391308050576693, 0.1727128823093883, 0.17187174302167263, 0.17132594270671475, 0.17119753767014945, 0.17113894587262046, 0.1711349239443798, 0.17113289024166156, 0.1711323491019735, 0.17113225424749434, 0.1711322314687883, 0.17113222900330505, 0.17113222842860576, 0.17113222830195718, 0.17113222827572516]}, "7": {"maxiter": 500, "fatol": 1e-10, "xatol": 1e-10, "duration": 0.2602510452270508, "fun": "0.1711322282698784", "nit": "500", "nfev": "771", "status": "2", "success": "False", "message": "Maximum number of iterations has been exceeded.", "x": "[1.70337134 0.87281689 9.64378175 2.56209463 1.10131317 2.8497229 ]", "final_simplex": "(array([[1.70337134, 0.87281689, 9.64378175, 2.56209463, 1.10131317,\n        2.8497229 ],\n       [1.7033697 , 0.87281672, 9.64378145, 2.56209277, 1.10131406,\n        2.84972285],\n       [1.70337003, 0.87281756, 9.64378145, 2.56209429, 1.10131587,\n        2.84972458],\n       [1.70337107, 0.87281581, 9.64378143, 2.562094  , 1.10131446,\n        2.8497224 ],\n       [1.70337094, 0.87281782, 9.64378188, 2.56209318, 1.101315  ,\n        2.84972275],\n       [1.70336882, 0.87281707, 9.64378018, 2.56209324, 1.10131311,\n        2.84972168],\n       [1.70337129, 0.87281669, 9.64378052, 2.56209313, 1.10131381,\n        2.84972342]]), array([0.17113223, 0.17113223, 0.17113223, 0.17113223, 0.17113223,\n       0.17113223, 0.17113223]))", "callback": [0.5946592625758285, 0.5637216728640039, 0.49637326865208264, 0.4307303186787246, 0.36291809473132963, 0.2808682995169266, 0.2756999982946633, 0.2647361734147833, 0.2531804797993795, 0.2495792624057871, 0.24797392368511217, 0.24764425886253094, 0.24710646913844503, 0.24586398796558684, 0.2379155765605131, 0.2269193037097581, 0.22502548463396121, 0.2245813173998581, 0.22451759646130642, 0.2244362654655745, 0.2244027050945434, 0.22437483874596964, 0.22428287449460238, 0.22417102540448253, 0.22398017453210173, 0.22225837486165312, 0.2171557812985082, 0.211768530953242, 0.20716277551873774, 0.19646067529005617, 0.18280226516446707, 0.17771712203002732, 0.17462776790081103, 0.17391308050576693, 0.1727128823093883, 0.17187174302167263, 0.17132594270671475, 0.17119753767014945, 0.17113894587262046, 0.1711349239443798, 0.17113289024166156, 0.1711323491019735, 0.17113225424749434, 0.1711322314687883, 0.17113222900330505, 0.17113222842860576, 0.17113222830195718, 0.17113222827572516, 0.17113222827106656]}, "8": {"maxiter": 1000, "fatol": 1e-05, "xatol": 1e-05, "duration": 0.25069117546081543, "fun": "0.17113222827123542", "nit": "489", "nfev": "752", "status": "0", "success": "True", "message": "Optimization terminated successfully.", "x": "[1.70337264 0.8728177  9.64378093 2.56209643 1.10131473 2.84972367]", "final_simplex": "(array([[1.70337264, 0.8728177 , 9.64378093, 2.56209643, 1.10131473,\n        2.84972367],\n       [1.70337279, 0.87281509, 9.64378082, 2.56209318, 1.1013098 ,\n        2.84971864],\n       [1.7033711 , 0.87281694, 9.64377975, 2.56209203, 1.10131448,\n        2.84972506],\n       [1.70337038, 0.87281935, 9.64378283, 2.56209233, 1.10131694,\n        2.84972333],\n       [1.70337472, 0.87281628, 9.64378257, 2.56209453, 1.10131427,\n        2.84972319],\n       [1.70337359, 0.8728198 , 9.64378145, 2.56209462, 1.10131274,\n        2.8497241 ],\n       [1.70337246, 0.87281909, 9.64377961, 2.56208989, 1.10131817,\n        2.84972392]]), array([0.17113223, 0.17113223, 0.17113223, 0.17113223, 0.17113223,\n       0.17113223, 0.17113223]))", "callback": [0.5946592625758285, 0.5637216728640039, 0.49637326865208264, 0.4307303186787246, 0.36291809473132963, 0.2808682995169266, 0.2756999982946633, 0.2647361734147833, 0.2531804797993795, 0.2495792624057871, 0.24797392368511217, 0.24764425886253094, 0.24710646913844503, 0.24586398796558684, 0.2379155765605131, 0.2269193037097581, 0.22502548463396121, 0.2245813173998581, 0.22451759646130642, 0.2244362654655745, 0.2244027050945434, 0.22437483874596964, 0.22428287449460238, 0.22417102540448253, 0.22398017453210173, 0.22225837486165312, 0.2171557812985082, 0.211768530953242, 0.20716277551873774, 0.19646067529005617, 0.18280226516446707, 0.17771712203002732, 0.17462776790081103, 0.17391308050576693, 0.1727128823093883, 0.17187174302167263, 0.17132594270671475, 0.17119753767014945, 0.17113894587262046, 0.1711349239443798, 0.17113289024166156, 0.1711323491019735, 0.17113225424749434, 0.1711322314687883, 0.17113222900330505, 0.17113222842860576, 0.17113222830195718, 0.17113222827572516]}, "9": {"maxiter": 1000, "fatol": 1e-05, "xatol": 1e-10, "duration": 0.37852001190185547, "fun": "0.17113222826958485", "nit": "591", "nfev": "974", "status": "0", "success": "True", "message": "Optimization terminated successfully.", "x": "[1.70337003 0.87281686 9.64378186 2.56209399 1.10131241 2.84972176]", "final_simplex": "(array([[1.70337003, 0.87281686, 9.64378186, 2.56209399, 1.10131241,\n        2.84972176],\n       [1.70337003, 0.87281686, 9.64378186, 2.56209399, 1.10131241,\n        2.84972176],\n       [1.70337003, 0.87281686, 9.64378186, 2.56209399, 1.10131241,\n        2.84972176],\n       [1.70337003, 0.87281686, 9.64378186, 2.56209399, 1.10131241,\n        2.84972176],\n       [1.70337003, 0.87281686, 9.64378186, 2.56209399, 1.10131241,\n        2.84972176],\n       [1.70337003, 0.87281686, 9.64378186, 2.56209399, 1.10131241,\n        2.84972176],\n       [1.70337003, 0.87281686, 9.64378186, 2.56209399, 1.10131241,\n        2.84972176]]), array([0.17113223, 0.17113223, 0.17113223, 0.17113223, 0.17113223,\n       0.17113223, 0.17113223]))", "callback": [0.5946592625758285, 0.5637216728640039, 0.49637326865208264, 0.4307303186787246, 0.36291809473132963, 0.2808682995169266, 0.2756999982946633, 0.2647361734147833, 0.2531804797993795, 0.2495792624057871, 0.24797392368511217, 0.24764425886253094, 0.24710646913844503, 0.24586398796558684, 0.2379155765605131, 0.2269193037097581, 0.22502548463396121, 0.2245813173998581, 0.22451759646130642, 0.2244362654655745, 0.2244027050945434, 0.22437483874596964, 0.22428287449460238, 0.22417102540448253, 0.22398017453210173, 0.22225837486165312, 0.2171557812985082, 0.211768530953242, 0.20716277551873774, 0.19646067529005617, 0.18280226516446707, 0.17771712203002732, 0.17462776790081103, 0.17391308050576693, 0.1727128823093883, 0.17187174302167263, 0.17132594270671475, 0.17119753767014945, 0.17113894587262046, 0.1711349239443798, 0.17113289024166156, 0.1711323491019735, 0.17113225424749434, 0.1711322314687883, 0.17113222900330505, 0.17113222842860576, 0.17113222830195718, 0.17113222827572516, 0.17113222827106656, 0.1711322282698784, 0.17113222826967311, 0.1711322282696095, 0.17113222826959051, 0.1711322282695873, 0.1711322282695863, 0.17113222826958563, 0.17113222826958507, 0.17113222826958507, 0.17113222826958485]}, "10": {"maxiter": 1000, "fatol": 1e-10, "xatol": 1e-05, "duration": 0.2533082962036133, "fun": "0.17113222827123542", "nit": "489", "nfev": "752", "status": "0", "success": "True", "message": "Optimization terminated successfully.", "x": "[1.70337264 0.8728177  9.64378093 2.56209643 1.10131473 2.84972367]", "final_simplex": "(array([[1.70337264, 0.8728177 , 9.64378093, 2.56209643, 1.10131473,\n        2.84972367],\n       [1.70337279, 0.87281509, 9.64378082, 2.56209318, 1.1013098 ,\n        2.84971864],\n       [1.7033711 , 0.87281694, 9.64377975, 2.56209203, 1.10131448,\n        2.84972506],\n       [1.70337038, 0.87281935, 9.64378283, 2.56209233, 1.10131694,\n        2.84972333],\n       [1.70337472, 0.87281628, 9.64378257, 2.56209453, 1.10131427,\n        2.84972319],\n       [1.70337359, 0.8728198 , 9.64378145, 2.56209462, 1.10131274,\n        2.8497241 ],\n       [1.70337246, 0.87281909, 9.64377961, 2.56208989, 1.10131817,\n        2.84972392]]), array([0.17113223, 0.17113223, 0.17113223, 0.17113223, 0.17113223,\n       0.17113223, 0.17113223]))", "callback": [0.5946592625758285, 0.5637216728640039, 0.49637326865208264, 0.4307303186787246, 0.36291809473132963, 0.2808682995169266, 0.2756999982946633, 0.2647361734147833, 0.2531804797993795, 0.2495792624057871, 0.24797392368511217, 0.24764425886253094, 0.24710646913844503, 0.24586398796558684, 0.2379155765605131, 0.2269193037097581, 0.22502548463396121, 0.2245813173998581, 0.22451759646130642, 0.2244362654655745, 0.2244027050945434, 0.22437483874596964, 0.22428287449460238, 0.22417102540448253, 0.22398017453210173, 0.22225837486165312, 0.2171557812985082, 0.211768530953242, 0.20716277551873774, 0.19646067529005617, 0.18280226516446707, 0.17771712203002732, 0.17462776790081103, 0.17391308050576693, 0.1727128823093883, 0.17187174302167263, 0.17132594270671475, 0.17119753767014945, 0.17113894587262046, 0.1711349239443798, 0.17113289024166156, 0.1711323491019735, 0.17113225424749434, 0.1711322314687883, 0.17113222900330505, 0.17113222842860576, 0.17113222830195718, 0.17113222827572516]}, "11": {"maxiter": 1000, "fatol": 1e-10, "xatol": 1e-10, "duration": 0.32156896591186523, "fun": "0.17113222826958485", "nit": "591", "nfev": "974", "status": "0", "success": "True", "message": "Optimization terminated successfully.", "x": "[1.70337003 0.87281686 9.64378186 2.56209399 1.10131241 2.84972176]", "final_simplex": "(array([[1.70337003, 0.87281686, 9.64378186, 2.56209399, 1.10131241,\n        2.84972176],\n       [1.70337003, 0.87281686, 9.64378186, 2.56209399, 1.10131241,\n        2.84972176],\n       [1.70337003, 0.87281686, 9.64378186, 2.56209399, 1.10131241,\n        2.84972176],\n       [1.70337003, 0.87281686, 9.64378186, 2.56209399, 1.10131241,\n        2.84972176],\n       [1.70337003, 0.87281686, 9.64378186, 2.56209399, 1.10131241,\n        2.84972176],\n       [1.70337003, 0.87281686, 9.64378186, 2.56209399, 1.10131241,\n        2.84972176],\n       [1.70337003, 0.87281686, 9.64378186, 2.56209399, 1.10131241,\n        2.84972176]]), array([0.17113223, 0.17113223, 0.17113223, 0.17113223, 0.17113223,\n       0.17113223, 0.17113223]))", "callback": [0.5946592625758285, 0.5637216728640039, 0.49637326865208264, 0.4307303186787246, 0.36291809473132963, 0.2808682995169266, 0.2756999982946633, 0.2647361734147833, 0.2531804797993795, 0.2495792624057871, 0.24797392368511217, 0.24764425886253094, 0.24710646913844503, 0.24586398796558684, 0.2379155765605131, 0.2269193037097581, 0.22502548463396121, 0.2245813173998581, 0.22451759646130642, 0.2244362654655745, 0.2244027050945434, 0.22437483874596964, 0.22428287449460238, 0.22417102540448253, 0.22398017453210173, 0.22225837486165312, 0.2171557812985082, 0.211768530953242, 0.20716277551873774, 0.19646067529005617, 0.18280226516446707, 0.17771712203002732, 0.17462776790081103, 0.17391308050576693, 0.1727128823093883, 0.17187174302167263, 0.17132594270671475, 0.17119753767014945, 0.17113894587262046, 0.1711349239443798, 0.17113289024166156, 0.1711323491019735, 0.17113225424749434, 0.1711322314687883, 0.17113222900330505, 0.17113222842860576, 0.17113222830195718, 0.17113222827572516, 0.17113222827106656, 0.1711322282698784, 0.17113222826967311, 0.1711322282696095, 0.17113222826959051, 0.1711322282695873, 0.1711322282695863, 0.17113222826958563, 0.17113222826958507, 0.17113222826958507, 0.17113222826958485]}}, "bfgs": {"type": "gradient", "0": {"maxiter": 100, "gtol": 1e-05, "xrtol": 1e-05, "eps": 1e-05, "duration": 0.05790996551513672, "fun": "0.17113222853313514", "jac": "[ 9.75202141e-06  5.34652322e-06  3.26594307e-06 -3.70388165e-06\n  8.68218830e-06 -4.80595563e-06]", "hess_inv": "[[ 3.98043807 -0.5689319   0.2280253   0.8967546  -2.40090127 -1.20293481]\n [-0.5689319   3.82655008  0.22128847 -0.16381748  2.3942025   2.55375011]\n [ 0.2280253   0.22128847  2.77028958 -0.18064329 -1.04825405 -0.14546298]\n [ 0.8967546  -0.16381748 -0.18064329  3.18072465 -0.58743434 -0.69339436]\n [-2.40090127  2.3942025  -1.04825405 -0.58743434 13.61338119  9.87340477]\n [-1.20293481  2.55375011 -0.14546298 -0.69339436  9.87340477 10.51208197]]", "nfev": "182", "njev": "26", "status": "0", "success": "True", "message": "Optimization terminated successfully.", "x": "[ 4.57983742 -2.26875883  6.50218988  3.72107956  4.24294671 -0.29185525]", "nit": "19", "callback": [0.1712469573087272]}, "1": {"maxiter": 100, "gtol": 1e-05, "xrtol": 1e-05, "eps": 1e-10, "duration": 0.05852222442626953, "fun": "0.17113222829460883", "jac": "[2.22044587e-06 3.33066880e-06 2.22044587e-06 6.66133760e-06\n 2.22044587e-06 1.11022293e-06]", "hess_inv": "[[ 3.75998421 -0.50591023  0.27722016  0.73779385 -2.06467189 -1.11838634]\n [-0.50591023  4.04816812  0.26250286 -0.33489908  3.07353434  2.98555132]\n [ 0.27722016  0.26250286  2.76452028 -0.20674508 -0.94317128 -0.05329927]\n [ 0.73779385 -0.33489908 -0.20674508  3.27450814 -1.04755169 -1.02591819]\n [-2.06467189  3.07353434 -0.94317128 -1.04755169 15.52630937 11.19423406]\n [-1.11838634  2.98555132 -0.05329927 -1.02591819 11.19423406 11.31240383]]", "nfev": "189", "njev": "27", "status": "0", "success": "True", "message": "Optimization terminated successfully.", "x": "[ 4.57981457 -2.26877216  6.50218536  3.72110169  4.24290731 -0.29187361]", "nit": "20", "callback": [0.17124674216284141, 0.17113222829460883]}, "2": {"maxiter": 100, "gtol": 1e-05, "xrtol": 1e-10, "eps": 1e-05, "duration": 0.05856895446777344, "fun": "0.17113222853313514", "jac": "[ 9.75202141e-06  5.34652322e-06  3.26594307e-06 -3.70388165e-06\n  8.68218830e-06 -4.80595563e-06]", "hess_inv": "[[ 3.98043807 -0.5689319   0.2280253   0.8967546  -2.40090127 -1.20293481]\n [-0.5689319   3.82655008  0.22128847 -0.16381748  2.3942025   2.55375011]\n [ 0.2280253   0.22128847  2.77028958 -0.18064329 -1.04825405 -0.14546298]\n [ 0.8967546  -0.16381748 -0.18064329  3.18072465 -0.58743434 -0.69339436]\n [-2.40090127  2.3942025  -1.04825405 -0.58743434 13.61338119  9.87340477]\n [-1.20293481  2.55375011 -0.14546298 -0.69339436  9.87340477 10.51208197]]", "nfev": "182", "njev": "26", "status": "0", "success": "True", "message": "Optimization terminated successfully.", "x": "[ 4.57983742 -2.26875883  6.50218988  3.72107956  4.24294671 -0.29185525]", "nit": "19", "callback": [0.1712469573087272]}, "3": {"maxiter": 100, "gtol": 1e-05, "xrtol": 1e-10, "eps": 1e-10, "duration": 0.06132984161376953, "fun": "0.17113222829460883", "jac": "[2.22044587e-06 3.33066880e-06 2.22044587e-06 6.66133760e-06\n 2.22044587e-06 1.11022293e-06]", "hess_inv": "[[ 3.75998421 -0.50591023  0.27722016  0.73779385 -2.06467189 -1.11838634]\n [-0.50591023  4.04816812  0.26250286 -0.33489908  3.07353434  2.98555132]\n [ 0.27722016  0.26250286  2.76452028 -0.20674508 -0.94317128 -0.05329927]\n [ 0.73779385 -0.33489908 -0.20674508  3.27450814 -1.04755169 -1.02591819]\n [-2.06467189  3.07353434 -0.94317128 -1.04755169 15.52630937 11.19423406]\n [-1.11838634  2.98555132 -0.05329927 -1.02591819 11.19423406 11.31240383]]", "nfev": "189", "njev": "27", "status": "0", "success": "True", "message": "Optimization terminated successfully.", "x": "[ 4.57981457 -2.26877216  6.50218536  3.72110169  4.24290731 -0.29187361]", "nit": "20", "callback": [0.17124674216284141, 0.17113222829460883]}, "4": {"maxiter": 100, "gtol": 1e-10, "xrtol": 1e-05, "eps": 1e-05, "duration": 0.06060791015625, "fun": "0.17113222832384334", "jac": "[ 1.32085454e-06  4.48052706e-07 -1.99273931e-07  2.50266474e-07\n  2.29538610e-07  1.10744747e-07]", "hess_inv": "[[ 3.78846154 -0.52924619  0.26691772  0.73161753 -2.12715531 -1.14291504]\n [-0.52924619  4.0361709   0.27740871 -0.29680942  2.98523017  2.88438724]\n [ 0.26691772  0.27740871  2.78130872 -0.19641611 -0.91295691 -0.05657878]\n [ 0.73161753 -0.29680942 -0.19641611  3.16690728 -0.84885368 -0.90497188]\n [-2.12715531  2.98523017 -0.91295691 -0.84885368 15.14847383 10.80772972]\n [-1.14291504  2.88438724 -0.05657878 -0.90497188 10.80772972 11.03356615]]", "nfev": "189", "njev": "27", "status": "0", "success": "True", "message": "Optimization terminated successfully.", "x": "[ 4.57981811 -2.26878931  6.50218364  3.72108941  4.24287175 -0.2919035 ]", "nit": "20", "callback": [0.1712469573087272, 0.17113222832384334]}, "5": {"maxiter": 100, "gtol": 1e-10, "xrtol": 1e-05, "eps": 1e-10, "duration": 0.06851720809936523, "fun": "0.17113222829201447", "jac": "[ 0.00000000e+00  2.22044587e-06 -1.11022293e-06  3.33066880e-06\n  0.00000000e+00  1.11022293e-06]", "hess_inv": "[[ 4.05652645  0.24612877  0.39873971  0.98361246 -0.32427377  0.28993123]\n [ 0.24612877  5.81538164  0.52637442 -0.10246859  7.30531807  6.32839144]\n [ 0.39873971  0.52637442  2.8002942  -0.22976082 -0.28755478  0.45142831]\n [ 0.98361246 -0.10246859 -0.22976082  2.38625219 -0.1129496  -0.49725162]\n [-0.32427377  7.30531807 -0.28755478 -0.1129496  25.5042474  19.1624081 ]\n [ 0.28993123  6.32839144  0.45142831 -0.49725162 19.1624081  17.62705899]]", "nfev": "210", "njev": "30", "status": "0", "success": "True", "message": "Optimization terminated successfully.", "x": "[ 4.57981294 -2.26877637  6.50218467  3.7211001   4.24289765 -0.29188148]", "nit": "21", "callback": [0.17124674216284141, 0.17113222829460883]}, "6": {"maxiter": 100, "gtol": 1e-10, "xrtol": 1e-10, "eps": 1e-05, "duration": 0.1437990665435791, "fun": "0.17113222832384334", "jac": "[ 1.32085454e-06  4.48052706e-07 -1.99273931e-07  2.50266474e-07\n  2.29538610e-07  1.10744747e-07]", "hess_inv": "[[ 3.97195405 -0.35940442  0.28290789  0.72723984 -1.75235711 -0.87081625]\n [-0.35940442  4.11501489  0.26387626 -0.24256592  3.11139369  3.01430385]\n [ 0.28290789  0.26387626  2.77245797 -0.17572007 -0.96011155 -0.0769561 ]\n [ 0.72723984 -0.24256592 -0.17572007  3.1236445  -0.69357358 -0.82075008]\n [-1.75235711  3.11139369 -0.96011155 -0.69357358 15.29215809 11.02000216]\n [-0.87081625  3.01430385 -0.0769561  -0.82075008 11.02000216 11.24730828]]", "nfev": "452", "njev": "63", "status": "2", "success": "False", "message": "Desired error not necessarily achieved due to precision loss.", "x": "[ 4.57981811 -2.26878931  6.50218364  3.72108941  4.24287175 -0.2919035 ]", "nit": "20", "callback": [0.1712469573087272, 0.17113222832384334]}, "7": {"maxiter": 100, "gtol": 1e-10, "xrtol": 1e-10, "eps": 1e-10, "duration": 0.08445382118225098, "fun": "0.17113222827654262", "jac": "[0.00000000e+00 0.00000000e+00 2.22044587e-06 2.22044587e-06\n 1.11022293e-06 2.22044587e-06]", "hess_inv": "[[ 0.44400778 -0.41558872 -0.5210878   0.19088664  0.1051555  -0.2356232 ]\n [-0.41558872  1.64516984 -0.06661183 -0.0947958   0.43980096 -0.30974982]\n [-0.5210878  -0.06661183  1.19404228 -0.52563273  0.11616407  0.44164283]\n [ 0.19088664 -0.0947958  -0.52563273  0.47719039 -0.48704912 -0.18030518]\n [ 0.1051555   0.43980096  0.11616407 -0.48704912  1.4077926  -0.36804319]\n [-0.2356232  -0.30974982  0.44164283 -0.18030518 -0.36804319  0.54136974]]", "nfev": "273", "njev": "39", "status": "0", "success": "True", "message": "Optimization terminated successfully.", "x": "[ 4.57981698 -2.26878162  6.50219198  3.72109207  4.24289491 -0.29188022]", "nit": "27", "callback": [0.17124674216284141, 0.17113222829460883]}, "8": {"maxiter": 500, "gtol": 1e-05, "xrtol": 1e-05, "eps": 1e-05, "duration": 0.0574030876159668, "fun": "0.17113222853313514", "jac": "[ 9.75202141e-06  5.34652322e-06  3.26594307e-06 -3.70388165e-06\n  8.68218830e-06 -4.80595563e-06]", "hess_inv": "[[ 3.98043807 -0.5689319   0.2280253   0.8967546  -2.40090127 -1.20293481]\n [-0.5689319   3.82655008  0.22128847 -0.16381748  2.3942025   2.55375011]\n [ 0.2280253   0.22128847  2.77028958 -0.18064329 -1.04825405 -0.14546298]\n [ 0.8967546  -0.16381748 -0.18064329  3.18072465 -0.58743434 -0.69339436]\n [-2.40090127  2.3942025  -1.04825405 -0.58743434 13.61338119  9.87340477]\n [-1.20293481  2.55375011 -0.14546298 -0.69339436  9.87340477 10.51208197]]", "nfev": "182", "njev": "26", "status": "0", "success": "True", "message": "Optimization terminated successfully.", "x": "[ 4.57983742 -2.26875883  6.50218988  3.72107956  4.24294671 -0.29185525]", "nit": "19", "callback": [0.1712469573087272]}, "9": {"maxiter": 500, "gtol": 1e-05, "xrtol": 1e-05, "eps": 1e-10, "duration": 0.0606999397277832, "fun": "0.17113222829460883", "jac": "[2.22044587e-06 3.33066880e-06 2.22044587e-06 6.66133760e-06\n 2.22044587e-06 1.11022293e-06]", "hess_inv": "[[ 3.75998421 -0.50591023  0.27722016  0.73779385 -2.06467189 -1.11838634]\n [-0.50591023  4.04816812  0.26250286 -0.33489908  3.07353434  2.98555132]\n [ 0.27722016  0.26250286  2.76452028 -0.20674508 -0.94317128 -0.05329927]\n [ 0.73779385 -0.33489908 -0.20674508  3.27450814 -1.04755169 -1.02591819]\n [-2.06467189  3.07353434 -0.94317128 -1.04755169 15.52630937 11.19423406]\n [-1.11838634  2.98555132 -0.05329927 -1.02591819 11.19423406 11.31240383]]", "nfev": "189", "njev": "27", "status": "0", "success": "True", "message": "Optimization terminated successfully.", "x": "[ 4.57981457 -2.26877216  6.50218536  3.72110169  4.24290731 -0.29187361]", "nit": "20", "callback": [0.17124674216284141, 0.17113222829460883]}, "10": {"maxiter": 500, "gtol": 1e-05, "xrtol": 1e-10, "eps": 1e-05, "duration": 0.05716991424560547, "fun": "0.17113222853313514", "jac": "[ 9.75202141e-06  5.34652322e-06  3.26594307e-06 -3.70388165e-06\n  8.68218830e-06 -4.80595563e-06]", "hess_inv": "[[ 3.98043807 -0.5689319   0.2280253   0.8967546  -2.40090127 -1.20293481]\n [-0.5689319   3.82655008  0.22128847 -0.16381748  2.3942025   2.55375011]\n [ 0.2280253   0.22128847  2.77028958 -0.18064329 -1.04825405 -0.14546298]\n [ 0.8967546  -0.16381748 -0.18064329  3.18072465 -0.58743434 -0.69339436]\n [-2.40090127  2.3942025  -1.04825405 -0.58743434 13.61338119  9.87340477]\n [-1.20293481  2.55375011 -0.14546298 -0.69339436  9.87340477 10.51208197]]", "nfev": "182", "njev": "26", "status": "0", "success": "True", "message": "Optimization terminated successfully.", "x": "[ 4.57983742 -2.26875883  6.50218988  3.72107956  4.24294671 -0.29185525]", "nit": "19", "callback": [0.1712469573087272]}, "11": {"maxiter": 500, "gtol": 1e-05, "xrtol": 1e-10, "eps": 1e-10, "duration": 0.06136488914489746, "fun": "0.17113222829460883", "jac": "[2.22044587e-06 3.33066880e-06 2.22044587e-06 6.66133760e-06\n 2.22044587e-06 1.11022293e-06]", "hess_inv": "[[ 3.75998421 -0.50591023  0.27722016  0.73779385 -2.06467189 -1.11838634]\n [-0.50591023  4.04816812  0.26250286 -0.33489908  3.07353434  2.98555132]\n [ 0.27722016  0.26250286  2.76452028 -0.20674508 -0.94317128 -0.05329927]\n [ 0.73779385 -0.33489908 -0.20674508  3.27450814 -1.04755169 -1.02591819]\n [-2.06467189  3.07353434 -0.94317128 -1.04755169 15.52630937 11.19423406]\n [-1.11838634  2.98555132 -0.05329927 -1.02591819 11.19423406 11.31240383]]", "nfev": "189", "njev": "27", "status": "0", "success": "True", "message": "Optimization terminated successfully.", "x": "[ 4.57981457 -2.26877216  6.50218536  3.72110169  4.24290731 -0.29187361]", "nit": "20", "callback": [0.17124674216284141, 0.17113222829460883]}, "12": {"maxiter": 500, "gtol": 1e-10, "xrtol": 1e-05, "eps": 1e-05, "duration": 0.059799909591674805, "fun": "0.17113222832384334", "jac": "[ 1.32085454e-06  4.48052706e-07 -1.99273931e-07  2.50266474e-07\n  2.29538610e-07  1.10744747e-07]", "hess_inv": "[[ 3.78846154 -0.52924619  0.26691772  0.73161753 -2.12715531 -1.14291504]\n [-0.52924619  4.0361709   0.27740871 -0.29680942  2.98523017  2.88438724]\n [ 0.26691772  0.27740871  2.78130872 -0.19641611 -0.91295691 -0.05657878]\n [ 0.73161753 -0.29680942 -0.19641611  3.16690728 -0.84885368 -0.90497188]\n [-2.12715531  2.98523017 -0.91295691 -0.84885368 15.14847383 10.80772972]\n [-1.14291504  2.88438724 -0.05657878 -0.90497188 10.80772972 11.03356615]]", "nfev": "189", "njev": "27", "status": "0", "success": "True", "message": "Optimization terminated successfully.", "x": "[ 4.57981811 -2.26878931  6.50218364  3.72108941  4.24287175 -0.2919035 ]", "nit": "20", "callback": [0.1712469573087272, 0.17113222832384334]}, "13": {"maxiter": 500, "gtol": 1e-10, "xrtol": 1e-05, "eps": 1e-10, "duration": 0.06805801391601562, "fun": "0.17113222829201447", "jac": "[ 0.00000000e+00  2.22044587e-06 -1.11022293e-06  3.33066880e-06\n  0.00000000e+00  1.11022293e-06]", "hess_inv": "[[ 4.05652645  0.24612877  0.39873971  0.98361246 -0.32427377  0.28993123]\n [ 0.24612877  5.81538164  0.52637442 -0.10246859  7.30531807  6.32839144]\n [ 0.39873971  0.52637442  2.8002942  -0.22976082 -0.28755478  0.45142831]\n [ 0.98361246 -0.10246859 -0.22976082  2.38625219 -0.1129496  -0.49725162]\n [-0.32427377  7.30531807 -0.28755478 -0.1129496  25.5042474  19.1624081 ]\n [ 0.28993123  6.32839144  0.45142831 -0.49725162 19.1624081  17.62705899]]", "nfev": "210", "njev": "30", "status": "0", "success": "True", "message": "Optimization terminated successfully.", "x": "[ 4.57981294 -2.26877637  6.50218467  3.7211001   4.24289765 -0.29188148]", "nit": "21", "callback": [0.17124674216284141, 0.17113222829460883]}, "14": {"maxiter": 500, "gtol": 1e-10, "xrtol": 1e-10, "eps": 1e-05, "duration": 0.14235806465148926, "fun": "0.17113222832384334", "jac": "[ 1.32085454e-06  4.48052706e-07 -1.99273931e-07  2.50266474e-07\n  2.29538610e-07  1.10744747e-07]", "hess_inv": "[[ 3.97195405 -0.35940442  0.28290789  0.72723984 -1.75235711 -0.87081625]\n [-0.35940442  4.11501489  0.26387626 -0.24256592  3.11139369  3.01430385]\n [ 0.28290789  0.26387626  2.77245797 -0.17572007 -0.96011155 -0.0769561 ]\n [ 0.72723984 -0.24256592 -0.17572007  3.1236445  -0.69357358 -0.82075008]\n [-1.75235711  3.11139369 -0.96011155 -0.69357358 15.29215809 11.02000216]\n [-0.87081625  3.01430385 -0.0769561  -0.82075008 11.02000216 11.24730828]]", "nfev": "452", "njev": "63", "status": "2", "success": "