{"date": "2024/09/24/, 00:51:01", "conf_id": 169, "data_type": "non_lin_ind\n", "num_data_points": 1, "s_rank": 0, "unitary": "[[-0.24866696+0.58742286j,-0.44704345-0.43151574j,-0.35669027-0.20570733j,-0.10517633+0.1626036j],[0.10596805-0.19687975j,-0.30269685-0.15056416j,0.18246286+0.30440582j,-0.83484447-0.11310748j],[0.26054512-0.52548482j,0.0285017-0.50723956j,-0.43110112+0.17165838j,0.15243271+0.39915801j],[0.42978035+0.11991271j,-0.17224126-0.46030424j,0.6827807-0.15164662j,0.26483638+0.0061855j]]", "databatch_0": {"databatch": "[[[0.01750602+0.15971235j,-0.19372642-0.00475543j,-0.03211975+0.11018197j,0.27987757+0.21892037j],[-0.08449866+0.09002898j,-0.10782936-0.11708023j,-0.08224733+0.04307587j,0.02985764+0.2938544j],[-0.26454564-0.08214738j,0.14614665-0.30141141j,-0.15089204-0.12912798j,-0.54423631+0.28227839j],[-0.0520687-0.04822767j,0.07739916-0.06866029j,-0.02737267-0.05284654j,-0.19248525+0.0130356j]]]", "initial param values": "[6.06676758,0.42194198,6.27395865,0.10916393,4.35820825,1.29522787]", "nelder_mead": {"type": "gradient-free", "0": {"maxiter": 100, "fatol": 1e-05, "xatol": 1e-05, "duration": 0.03894782066345215, "fun": "0.40493838456146625", "nit": "100", "nfev": "150", "status": "2", "success": "False", "message": "Maximum number of iterations has been exceeded.", "x": "[5.1207626  0.15763943 8.61149796 0.22119273 6.18273596 0.28551245]", "final_simplex": "(array([[5.1207626 , 0.15763943, 8.61149796, 0.22119273, 6.18273596,\n        0.28551245],\n       [5.04703587, 0.20867231, 8.63434125, 0.17682805, 6.11850474,\n        0.58484555],\n       [5.08555641, 0.23028656, 8.51698742, 0.17356908, 6.00386884,\n        0.58898471],\n       [5.06226622, 0.24503994, 8.56281421, 0.16525296, 5.93640465,\n        0.64771398],\n       [5.17861621, 0.26439243, 8.43871208, 0.15489098, 5.85245258,\n        0.72607686],\n       [5.22697672, 0.29187229, 8.57734736, 0.13767723, 5.81672715,\n        0.79603632],\n       [5.11745062, 0.29331308, 8.53927676, 0.13421762, 5.84241842,\n        0.83333598]]), array([0.40493838, 0.42370163, 0.4245575 , 0.43171227, 0.43454411,\n       0.44276235, 0.44313843]))", "callback": [0.574415256715029, 0.5023252000133267, 0.46783905262847736, 0.4628467736661064, 0.4612948571548866, 0.4600770090380575, 0.4596022625890305, 0.4578110893392494, 0.4472008868266728]}, "1": {"maxiter": 100, "fatol": 1e-05, "xatol": 1e-10, "duration": 0.035668373107910156, "fun": "0.40493838456146625", "nit": "100", "nfev": "150", "status": "2", "success": "False", "message": "Maximum number of iterations has been exceeded.", "x": "[5.1207626  0.15763943 8.61149796 0.22119273 6.18273596 0.28551245]", "final_simplex": "(array([[5.1207626 , 0.15763943, 8.61149796, 0.22119273, 6.18273596,\n        0.28551245],\n       [5.04703587, 0.20867231, 8.63434125, 0.17682805, 6.11850474,\n        0.58484555],\n       [5.08555641, 0.23028656, 8.51698742, 0.17356908, 6.00386884,\n        0.58898471],\n       [5.06226622, 0.24503994, 8.56281421, 0.16525296, 5.93640465,\n        0.64771398],\n       [5.17861621, 0.26439243, 8.43871208, 0.15489098, 5.85245258,\n        0.72607686],\n       [5.22697672, 0.29187229, 8.57734736, 0.13767723, 5.81672715,\n        0.79603632],\n       [5.11745062, 0.29331308, 8.53927676, 0.13421762, 5.84241842,\n        0.83333598]]), array([0.40493838, 0.42370163, 0.4245575 , 0.43171227, 0.43454411,\n       0.44276235, 0.44313843]))", "callback": [0.574415256715029, 0.5023252000133267, 0.46783905262847736, 0.4628467736661064, 0.4612948571548866, 0.4600770090380575, 0.4596022625890305, 0.4578110893392494, 0.4472008868266728]}, "2": {"maxiter": 100, "fatol": 1e-10, "xatol": 1e-05, "duration": 0.03394675254821777, "fun": "0.40493838456146625", "nit": "100", "nfev": "150", "status": "2", "success": "False", "message": "Maximum number of iterations has been exceeded.", "x": "[5.1207626  0.15763943 8.61149796 0.22119273 6.18273596 0.28551245]", "final_simplex": "(array([[5.1207626 , 0.15763943, 8.61149796, 0.22119273, 6.18273596,\n        0.28551245],\n       [5.04703587, 0.20867231, 8.63434125, 0.17682805, 6.11850474,\n        0.58484555],\n       [5.08555641, 0.23028656, 8.51698742, 0.17356908, 6.00386884,\n        0.58898471],\n       [5.06226622, 0.24503994, 8.56281421, 0.16525296, 5.93640465,\n        0.64771398],\n       [5.17861621, 0.26439243, 8.43871208, 0.15489098, 5.85245258,\n        0.72607686],\n       [5.22697672, 0.29187229, 8.57734736, 0.13767723, 5.81672715,\n        0.79603632],\n       [5.11745062, 0.29331308, 8.53927676, 0.13421762, 5.84241842,\n        0.83333598]]), array([0.40493838, 0.42370163, 0.4245575 , 0.43171227, 0.43454411,\n       0.44276235, 0.44313843]))", "callback": [0.574415256715029, 0.5023252000133267, 0.46783905262847736, 0.4628467736661064, 0.4612948571548866, 0.4600770090380575, 0.4596022625890305, 0.4578110893392494, 0.4472008868266728]}, "3": {"maxiter": 100, "fatol": 1e-10, "xatol": 1e-10, "duration": 0.0345301628112793, "fun": "0.40493838456146625", "nit": "100", "nfev": "150", "status": "2", "success": "False", "message": "Maximum number of iterations has been exceeded.", "x": "[5.1207626  0.15763943 8.61149796 0.22119273 6.18273596 0.28551245]", "final_simplex": "(array([[5.1207626 , 0.15763943, 8.61149796, 0.22119273, 6.18273596,\n        0.28551245],\n       [5.04703587, 0.20867231, 8.63434125, 0.17682805, 6.11850474,\n        0.58484555],\n       [5.08555641, 0.23028656, 8.51698742, 0.17356908, 6.00386884,\n        0.58898471],\n       [5.06226622, 0.24503994, 8.56281421, 0.16525296, 5.93640465,\n        0.64771398],\n       [5.17861621, 0.26439243, 8.43871208, 0.15489098, 5.85245258,\n        0.72607686],\n       [5.22697672, 0.29187229, 8.57734736, 0.13767723, 5.81672715,\n        0.79603632],\n       [5.11745062, 0.29331308, 8.53927676, 0.13421762, 5.84241842,\n        0.83333598]]), array([0.40493838, 0.42370163, 0.4245575 , 0.43171227, 0.43454411,\n       0.44276235, 0.44313843]))", "callback": [0.574415256715029, 0.5023252000133267, 0.46783905262847736, 0.4628467736661064, 0.4612948571548866, 0.4600770090380575, 0.4596022625890305, 0.4578110893392494, 0.4472008868266728]}, "4": {"maxiter": 500, "fatol": 1e-05, "xatol": 1e-05, "duration": 0.16774201393127441, "fun": "0.0075164359258115265", "nit": "500", "nfev": "750", "status": "2", "success": "False", "message": "Maximum number of iterations has been exceeded.", "x": "[ 5.92110343 -0.51299379  8.48626466  1.69915644  6.85199244 -0.28219743]", "final_simplex": "(array([[ 5.92110343, -0.51299379,  8.48626466,  1.69915644,  6.85199244,\n        -0.28219743],\n       [ 5.87060641, -0.53316309,  8.46090223,  1.65447512,  6.7951316 ,\n        -0.30764628],\n       [ 5.89563253, -0.52509862,  8.51873926,  1.58583443,  6.90161517,\n        -0.39805691],\n       [ 5.74287851, -0.60004857,  8.47045528,  1.56233097,  6.94194925,\n        -0.44254988],\n       [ 5.6914357 , -0.62209899,  8.50665355,  1.52256667,  7.06185083,\n        -0.48756272],\n       [ 5.86914097, -0.53786761,  8.37469484,  1.68900532,  6.87449909,\n        -0.45842991],\n       [ 5.86956505, -0.60104702,  8.51317371,  1.57340867,  6.97136315,\n        -0.36771194]]), array([0.00751644, 0.01110825, 0.01352109, 0.01407812, 0.01415938,\n       0.01436532, 0.01460926]))", "callback": [0.574415256715029, 0.5023252000133267, 0.46783905262847736, 0.4628467736661064, 0.4612948571548866, 0.4600770090380575, 0.4596022625890305, 0.4578110893392494, 0.4472008868266728, 0.40493838456146625, 0.3096104146352787, 0.2954814122279028, 0.2853521871694369, 0.2836223896361689, 0.27674731151963794, 0.27465704868338936, 0.27241514161559965, 0.26716836706678115, 0.2531247761967266, 0.22830681979807999, 0.21597684999433542, 0.21261552293573482, 0.20873539848401612, 0.19976964207278125, 0.18967907652186367, 0.1814701998848509, 0.17881913319058185, 0.17560725820412815, 0.175045641810198, 0.17365707297310717, 0.1722270927400521, 0.1722270927400521, 0.17222461877765705, 0.17219503161642602, 0.1721783620527524, 0.1721481104099417, 0.1720782873850636, 0.17177629065267264, 0.1699630480694735, 0.16462122099526344, 0.15574279404573677, 0.12828691097848854, 0.12310274380075104, 0.07075474637473411, 0.040527945827315115, 0.024963266369689707, 0.02247992307885771, 0.019532654826780127, 0.017283014182047363]}, "5": {"maxiter": 500, "fatol": 1e-05, "xatol": 1e-10, "duration": 0.16875290870666504, "fun": "0.0075164359258115265", "nit": "500", "nfev": "750", "status": "2", "success": "False", "message": "Maximum number of iterations has been exceeded.", "x": "[ 5.92110343 -0.51299379  8.48626466  1.69915644  6.85199244 -0.28219743]", "final_simplex": "(array([[ 5.92110343, -0.51299379,  8.48626466,  1.69915644,  6.85199244,\n        -0.28219743],\n       [ 5.87060641, -0.53316309,  8.46090223,  1.65447512,  6.7951316 ,\n        -0.30764628],\n       [ 5.89563253, -0.52509862,  8.51873926,  1.58583443,  6.90161517,\n        -0.39805691],\n       [ 5.74287851, -0.60004857,  8.47045528,  1.56233097,  6.94194925,\n        -0.44254988],\n       [ 5.6914357 , -0.62209899,  8.50665355,  1.52256667,  7.06185083,\n        -0.48756272],\n       [ 5.86914097, -0.53786761,  8.37469484,  1.68900532,  6.87449909,\n        -0.45842991],\n       [ 5.86956505, -0.60104702,  8.51317371,  1.57340867,  6.97136315,\n        -0.36771194]]), array([0.00751644, 0.01110825, 0.01352109, 0.01407812, 0.01415938,\n       0.01436532, 0.01460926]))", "callback": [0.574415256715029, 0.5023252000133267, 0.46783905262847736, 0.4628467736661064, 0.4612948571548866, 0.4600770090380575, 0.4596022625890305, 0.4578110893392494, 0.4472008868266728, 0.40493838456146625, 0.3096104146352787, 0.2954814122279028, 0.2853521871694369, 0.2836223896361689, 0.27674731151963794, 0.27465704868338936, 0.27241514161559965, 0.26716836706678115, 0.2531247761967266, 0.22830681979807999, 0.21597684999433542, 0.21261552293573482, 0.20873539848401612, 0.19976964207278125, 0.18967907652186367, 0.1814701998848509, 0.17881913319058185, 0.17560725820412815, 0.175045641810198, 0.17365707297310717, 0.1722270927400521, 0.1722270927400521, 0.17222461877765705, 0.17219503161642602, 0.1721783620527524, 0.1721481104099417, 0.1720782873850636, 0.17177629065267264, 0.1699630480694735, 0.16462122099526344, 0.15574279404573677, 0.12828691097848854, 0.12310274380075104, 0.07075474637473411, 0.040527945827315115, 0.024963266369689707, 0.02247992307885771, 0.019532654826780127, 0.017283014182047363]}, "6": {"maxiter": 500, "fatol": 1e-10, "xatol": 1e-05, "duration": 0.17432188987731934, "fun": "0.0075164359258115265", "nit": "500", "nfev": "750", "status": "2", "success": "False", "message": "Maximum number of iterations has been exceeded.", "x": "[ 5.92110343 -0.51299379  8.48626466  1.69915644  6.85199244 -0.28219743]", "final_simplex": "(array([[ 5.92110343, -0.51299379,  8.48626466,  1.69915644,  6.85199244,\n        -0.28219743],\n       [ 5.87060641, -0.53316309,  8.46090223,  1.65447512,  6.7951316 ,\n        -0.30764628],\n       [ 5.89563253, -0.52509862,  8.51873926,  1.58583443,  6.90161517,\n        -0.39805691],\n       [ 5.74287851, -0.60004857,  8.47045528,  1.56233097,  6.94194925,\n        -0.44254988],\n       [ 5.6914357 , -0.62209899,  8.50665355,  1.52256667,  7.06185083,\n        -0.48756272],\n       [ 5.86914097, -0.53786761,  8.37469484,  1.68900532,  6.87449909,\n        -0.45842991],\n       [ 5.86956505, -0.60104702,  8.51317371,  1.57340867,  6.97136315,\n        -0.36771194]]), array([0.00751644, 0.01110825, 0.01352109, 0.01407812, 0.01415938,\n       0.01436532, 0.01460926]))", "callback": [0.574415256715029, 0.5023252000133267, 0.46783905262847736, 0.4628467736661064, 0.4612948571548866, 0.4600770090380575, 0.4596022625890305, 0.4578110893392494, 0.4472008868266728, 0.40493838456146625, 0.3096104146352787, 0.2954814122279028, 0.2853521871694369, 0.2836223896361689, 0.27674731151963794, 0.27465704868338936, 0.27241514161559965, 0.26716836706678115, 0.2531247761967266, 0.22830681979807999, 0.21597684999433542, 0.21261552293573482, 0.20873539848401612, 0.19976964207278125, 0.18967907652186367, 0.1814701998848509, 0.17881913319058185, 0.17560725820412815, 0.175045641810198, 0.17365707297310717, 0.1722270927400521, 0.1722270927400521, 0.17222461877765705, 0.17219503161642602, 0.1721783620527524, 0.1721481104099417, 0.1720782873850636, 0.17177629065267264, 0.1699630480694735, 0.16462122099526344, 0.15574279404573677, 0.12828691097848854, 0.12310274380075104, 0.07075474637473411, 0.040527945827315115, 0.024963266369689707, 0.02247992307885771, 0.019532654826780127, 0.017283014182047363]}, "7": {"maxiter": 500, "fatol": 1e-10, "xatol": 1e-10, "duration": 0.20771002769470215, "fun": "0.0075164359258115265", "nit": "500", "nfev": "750", "status": "2", "success": "False", "message": "Maximum number of iterations has been exceeded.", "x": "[ 5.92110343 -0.51299379  8.48626466  1.69915644  6.85199244 -0.28219743]", "final_simplex": "(array([[ 5.92110343, -0.51299379,  8.48626466,  1.69915644,  6.85199244,\n        -0.28219743],\n       [ 5.87060641, -0.53316309,  8.46090223,  1.65447512,  6.7951316 ,\n        -0.30764628],\n       [ 5.89563253, -0.52509862,  8.51873926,  1.58583443,  6.90161517,\n        -0.39805691],\n       [ 5.74287851, -0.60004857,  8.47045528,  1.56233097,  6.94194925,\n        -0.44254988],\n       [ 5.6914357 , -0.62209899,  8.50665355,  1.52256667,  7.06185083,\n        -0.48756272],\n       [ 5.86914097, -0.53786761,  8.37469484,  1.68900532,  6.87449909,\n        -0.45842991],\n       [ 5.86956505, -0.60104702,  8.51317371,  1.57340867,  6.97136315,\n        -0.36771194]]), array([0.00751644, 0.01110825, 0.01352109, 0.01407812, 0.01415938,\n       0.01436532, 0.01460926]))", "callback": [0.574415256715029, 0.5023252000133267, 0.46783905262847736, 0.4628467736661064, 0.4612948571548866, 0.4600770090380575, 0.4596022625890305, 0.4578110893392494, 0.4472008868266728, 0.40493838456146625, 0.3096104146352787, 0.2954814122279028, 0.2853521871694369, 0.2836223896361689, 0.27674731151963794, 0.27465704868338936, 0.27241514161559965, 0.26716836706678115, 0.2531247761967266, 0.22830681979807999, 0.21597684999433542, 0.21261552293573482, 0.20873539848401612, 0.19976964207278125, 0.18967907652186367, 0.1814701998848509, 0.17881913319058185, 0.17560725820412815, 0.175045641810198, 0.17365707297310717, 0.1722270927400521, 0.1722270927400521, 0.17222461877765705, 0.17219503161642602, 0.1721783620527524, 0.1721481104099417, 0.1720782873850636, 0.17177629065267264, 0.1699630480694735, 0.16462122099526344, 0.15574279404573677, 0.12828691097848854, 0.12310274380075104, 0.07075474637473411, 0.040527945827315115, 0.024963266369689707, 0.02247992307885771, 0.019532654826780127, 0.017283014182047363]}, "8": {"maxiter": 1000, "fatol": 1e-05, "xatol": 1e-05, "duration": 0.3640248775482178, "fun": "0.005647574005628764", "nit": "1000", "nfev": "1505", "status": "2", "success": "False", "message": "Maximum number of iterations has been exceeded.", "x": "[ 5.46713943 -0.91324388  8.70152102  1.67553352  7.23011416 -0.52234123]", "final_simplex": "(array([[ 5.46713943, -0.91324388,  8.70152102,  1.67553352,  7.23011416,\n        -0.52234123],\n       [ 5.49767393, -0.89480686,  8.70095619,  1.6789854 ,  7.20609825,\n        -0.5059978 ],\n       [ 5.49114138, -0.89495461,  8.69982002,  1.67616167,  7.2099305 ,\n        -0.5073378 ],\n       [ 5.48935735, -0.89916869,  8.70168644,  1.67518118,  7.21190237,\n        -0.51153486],\n       [ 5.50057869, -0.89410171,  8.70126954,  1.6783262 ,  7.20549694,\n        -0.50327874],\n       [ 5.48397638, -0.90454512,  8.70398948,  1.67524287,  7.2213564 ,\n        -0.51421578],\n       [ 5.48044092, -0.9049252 ,  8.70331901,  1.6767045 ,  7.22059064,\n        -0.514969  ]]), array([0.00564757, 0.00564921, 0.00564963, 0.00564978, 0.00564985,\n       0.00564996, 0.00565005]))", "callback": [0.574415256715029, 0.5023252000133267, 0.46783905262847736, 0.4628467736661064, 0.4612948571548866, 0.4600770090380575, 0.4596022625890305, 0.4578110893392494, 0.4472008868266728, 0.40493838456146625, 0.3096104146352787, 0.2954814122279028, 0.2853521871694369, 0.2836223896361689, 0.27674731151963794, 0.27465704868338936, 0.27241514161559965, 0.26716836706678115, 0.2531247761967266, 0.22830681979807999, 0.21597684999433542, 0.21261552293573482, 0.20873539848401612, 0.19976964207278125, 0.18967907652186367, 0.1814701998848509, 0.17881913319058185, 0.17560725820412815, 0.175045641810198, 0.17365707297310717, 0.1722270927400521, 0.1722270927400521, 0.17222461877765705, 0.17219503161642602, 0.1721783620527524, 0.1721481104099417, 0.1720782873850636, 0.17177629065267264, 0.1699630480694735, 0.16462122099526344, 0.15574279404573677, 0.12828691097848854, 0.12310274380075104, 0.07075474637473411, 0.040527945827315115, 0.024963266369689707, 0.02247992307885771, 0.019532654826780127, 0.017283014182047363, 0.0075164359258115265, 0.006326409964918955, 0.00595987808603482, 0.005802130052080967, 0.005769501264703436, 0.005765996627430048, 0.0057655350279823825, 0.005765487182217588, 0.005765478684224945, 0.005765477087747328, 0.005765476534572156, 0.005765476404133718, 0.005765476227920674, 0.005765476026767358, 0.005765475683490839, 0.005765474291965944, 0.0057654719555853, 0.005765460420425805, 0.005765447439811, 0.005765402788647567, 0.005765330605606689, 0.005765180912608914, 0.005764932818856927, 0.005764486784895606, 0.005762936648262329, 0.005757968847484141, 0.005754035271288038, 0.005753272733084902, 0.005751859717144425, 0.005750230508326792, 0.00574979598393921, 0.005749588320021148, 0.005749092810623857, 0.005748695820468996, 0.005747155844308738, 0.005741128588503841, 0.0057298409579442655, 0.0057239867170317815, 0.005715513181991039, 0.005715500033689036, 0.0057120889851391965, 0.005706315519557803, 0.005703572526199796, 0.005698800712169438, 0.005690952796677307, 0.005677370203188037, 0.0056658613735027785, 0.00565813665500059, 0.005654615029600296, 0.005649964697577614]}, "9": {"maxiter": 1000, "fatol": 1e-05, "xatol": 1e-10, "duration": 0.35468411445617676, "fun": "0.005647574005628764", "nit": "1000", "nfev": "1505", "status": "2", "success": "False", "message": "Maximum number of iterations has been exceeded.", "x": "[ 5.46713943 -0.91324388  8.70152102  1.67553352  7.23011416 -0.52234123]", "final_simplex": "(array([[ 5.46713943, -0.91324388,  8.70152102,  1.67553352,  7.23011416,\n        -0.52234123],\n       [ 5.49767393, -0.89480686,  8.70095619,  1.6789854 ,  7.20609825,\n        -0.5059978 ],\n       [ 5.49114138, -0.89495461,  8.69982002,  1.67616167,  7.2099305 ,\n        -0.5073378 ],\n       [ 5.48935735, -0.89916869,  8.70168644,  1.67518118,  7.21190237,\n        -0.51153486],\n       [ 5.50057869, -0.89410171,  8.70126954,  1.6783262 ,  7.20549694,\n        -0.50327874],\n       [ 5.48397638, -0.90454512,  8.70398948,  1.67524287,  7.2213564 ,\n        -0.51421578],\n       [ 5.48044092, -0.9049252 ,  8.70331901,  1.6767045 ,  7.22059064,\n        -0.514969  ]]), array([0.00564757, 0.00564921, 0.00564963, 0.00564978, 0.00564985,\n       0.00564996, 0.00565005]))", "callback": [0.574415256715029, 0.5023252000133267, 0.46783905262847736, 0.4628467736661064, 0.4612948571548866, 0.4600770090380575, 0.4596022625890305, 0.4578110893392494, 0.4472008868266728, 0.40493838456146625, 0.3096104146352787, 0.2954814122279028, 0.2853521871694369, 0.2836223896361689, 0.27674731151963794, 0.27465704868338936, 0.27241514161559965, 0.26716836706678115, 0.2531247761967266, 0.22830681979807999, 0.21597684999433542, 0.21261552293573482, 0.20873539848401612, 0.19976964207278125, 0.18967907652186367, 0.1814701998848509, 0.17881913319058185, 0.17560725820412815, 0.175045641810198, 0.17365707297310717, 0.1722270927400521, 0.1722270927400521, 0.17222461877765705, 0.17219503161642602, 0.1721783620527524, 0.1721481104099417, 0.1720782873850636, 0.17177629065267264, 0.1699630480694735, 0.16462122099526344, 0.15574279404573677, 0.12828691097848854, 0.12310274380075104, 0.07075474637473411, 0.040527945827315115, 0.024963266369689707, 0.02247992307885771, 0.019532654826780127, 0.017283014182047363, 0.0075164359258115265, 0.006326409964918955, 0.00595987808603482, 0.005802130052080967, 0.005769501264703436, 0.005765996627430048, 0.0057655350279823825, 0.005765487182217588, 0.005765478684224945, 0.005765477087747328, 0.005765476534572156, 0.005765476404133718, 0.005765476227920674, 0.005765476026767358, 0.005765475683490839, 0.005765474291965944, 0.0057654719555853, 0.005765460420425805, 0.005765447439811, 0.005765402788647567, 0.005765330605606689, 0.005765180912608914, 0.005764932818856927, 0.005764486784895606, 0.005762936648262329, 0.005757968847484141, 0.005754035271288038, 0.005753272733084902, 0.005751859717144425, 0.005750230508326792, 0.00574979598393921, 0.005749588320021148, 0.005749092810623857, 0.005748695820468996, 0.005747155844308738, 0.005741128588503841, 0.0057298409579442655, 0.0057239867170317815, 0.005715513181991039, 0.005715500033689036, 0.0057120889851391965, 0.005706315519557803, 0.005703572526199796, 0.005698800712169438, 0.005690952796677307, 0.005677370203188037, 0.0056658613735027785, 0.00565813665500059, 0.005654615029600296, 0.005649964697577614]}, "10": {"maxiter": 1000, "fatol": 1e-10, "xatol": 1e-05, "duration": 0.34585094451904297, "fun": "0.005647574005628764", "nit": "1000", "nfev": "1505", "status": "2", "success": "False", "message": "Maximum number of iterations has been exceeded.", "x": "[ 5.46713943 -0.91324388  8.70152102  1.67553352  7.23011416 -0.52234123]", "final_simplex": "(array([[ 5.46713943, -0.91324388,  8.70152102,  1.67553352,  7.23011416,\n        -0.52234123],\n       [ 5.49767393, -0.89480686,  8.70095619,  1.6789854 ,  7.20609825,\n        -0.5059978 ],\n       [ 5.49114138, -0.89495461,  8.69982002,  1.67616167,  7.2099305 ,\n        -0.5073378 ],\n       [ 5.48935735, -0.89916869,  8.70168644,  1.67518118,  7.21190237,\n        -0.51153486],\n       [ 5.50057869, -0.89410171,  8.70126954,  1.6783262 ,  7.20549694,\n        -0.50327874],\n       [ 5.48397638, -0.90454512,  8.70398948,  1.67524287,  7.2213564 ,\n        -0.51421578],\n       [ 5.48044092, -0.9049252 ,  8.70331901,  1.6767045 ,  7.22059064,\n        -0.514969  ]]), array([0.00564757, 0.00564921, 0.00564963, 0.00564978, 0.00564985,\n       0.00564996, 0.00565005]))", "callback": [0.574415256715029, 0.5023252000133267, 0.46783905262847736, 0.4628467736661064, 0.4612948571548866, 0.4600770090380575, 0.4596022625890305, 0.4578110893392494, 0.4472008868266728, 0.40493838456146625, 0.3096104146352787, 0.2954814122279028, 0.2853521871694369, 0.2836223896361689, 0.27674731151963794, 0.27465704868338936, 0.27241514161559965, 0.26716836706678115, 0.2531247761967266, 0.22830681979807999, 0.21597684999433542, 0.21261552293573482, 0.20873539848401612, 0.19976964207278125, 0.18967907652186367, 0.1814701998848509, 0.17881913319058185, 0.17560725820412815, 0.175045641810198, 0.17365707297310717, 0.1722270927400521, 0.1722270927400521, 0.17222461877765705, 0.17219503161642602, 0.1721783620527524, 0.1721481104099417, 0.1720782873850636, 0.17177629065267264, 0.1699630480694735, 0.16462122099526344, 0.15574279404573677, 0.12828691097848854, 0.12310274380075104, 0.07075474637473411, 0.040527945827315115, 0.024963266369689707, 0.02247992307885771, 0.019532654826780127, 0.017283014182047363, 0.0075164359258115265, 0.006326409964918955, 0.00595987808603482, 0.005802130052080967, 0.005769501264703436, 0.005765996627430048, 0.0057655350279823825, 0.005765487182217588, 0.005765478684224945, 0.005765477087747328, 0.005765476534572156, 0.005765476404133718, 0.005765476227920674, 0.005765476026767358, 0.005765475683490839, 0.005765474291965944, 0.0057654719555853, 0.005765460420425805, 0.005765447439811, 0.005765402788647567, 0.005765330605606689, 0.005765180912608914, 0.005764932818856927, 0.005764486784895606, 0.005762936648262329, 0.005757968847484141, 0.005754035271288038, 0.005753272733084902, 0.005751859717144425, 0.005750230508326792, 0.00574979598393921, 0.005749588320021148, 0.005749092810623857, 0.005748695820468996, 0.005747155844308738, 0.005741128588503841, 0.0057298409579442655, 0.0057239867170317815, 0.005715513181991039, 0.005715500033689036, 0.0057120889851391965, 0.005706315519557803, 0.005703572526199796, 0.005698800712169438, 0.005690952796677307, 0.005677370203188037, 0.0056658613735027785, 0.00565813665500059, 0.005654615029600296, 0.005649964697577614]}, "11": {"maxiter": 1000, "fatol": 1e-10, "xatol": 1e-10, "duration": 0.34027624130249023, "fun": "0.005647574005628764", "nit": "1000", "nfev": "1505", "status": "2", "success": "False", "message": "Maximum number of iterations has been exceeded.", "x": "[ 5.46713943 -0.91324388  8.70152102  1.67553352  7.23011416 -0.52234123]", "final_simplex": "(array([[ 5.46713943, -0.91324388,  8.70152102,  1.67553352,  7.23011416,\n        -0.52234123],\n       [ 5.49767393, -0.89480686,  8.70095619,  1.6789854 ,  7.20609825,\n        -0.5059978 ],\n       [ 5.49114138, -0.89495461,  8.69982002,  1.67616167,  7.2099305 ,\n        -0.5073378 ],\n       [ 5.48935735, -0.89916869,  8.70168644,  1.67518118,  7.21190237,\n        -0.51153486],\n       [ 5.50057869, -0.89410171,  8.70126954,  1.6783262 ,  7.20549694,\n        -0.50327874],\n       [ 5.48397638, -0.90454512,  8.70398948,  1.67524287,  7.2213564 ,\n        -0.51421578],\n       [ 5.48044092, -0.9049252 ,  8.70331901,  1.6767045 ,  7.22059064,\n        -0.514969  ]]), array([0.00564757, 0.00564921, 0.00564963, 0.00564978, 0.00564985,\n       0.00564996, 0.00565005]))", "callback": [0.574415256715029, 0.5023252000133267, 0.46783905262847736, 0.4628467736661064, 0.4612948571548866, 0.4600770090380575, 0.4596022625890305, 0.4578110893392494, 0.4472008868266728, 0.40493838456146625, 0.3096104146352787, 0.2954814122279028, 0.2853521871694369, 0.2836223896361689, 0.27674731151963794, 0.27465704868338936, 0.27241514161559965, 0.26716836706678115, 0.2531247761967266, 0.22830681979807999, 0.21597684999433542, 0.21261552293573482, 0.20873539848401612, 0.19976964207278125, 0.18967907652186367, 0.1814701998848509, 0.17881913319058185, 0.17560725820412815, 0.175045641810198, 0.17365707297310717, 0.1722270927400521, 0.1722270927400521, 0.17222461877765705, 0.17219503161642602, 0.1721783620527524, 0.1721481104099417, 0.1720782873850636, 0.17177629065267264, 0.1699630480694735, 0.16462122099526344, 0.15574279404573677, 0.12828691097848854, 0.12310274380075104, 0.07075474637473411, 0.040527945827315115, 0.024963266369689707, 0.02247992307885771, 0.019532654826780127, 0.017283014182047363, 0.0075164359258115265, 0.006326409964918955, 0.00595987808603482, 0.005802130052080967, 0.005769501264703436, 0.005765996627430048, 0.0057655350279823825, 0.005765487182217588, 0.005765478684224945, 0.005765477087747328, 0.005765476534572156, 0.005765476404133718, 0.005765476227920674, 0.005765476026767358, 0.005765475683490839, 0.005765474291965944, 0.0057654719555853, 0.005765460420425805, 0.005765447439811, 0.005765402788647567, 0.005765330605606689, 0.005765180912608914, 0.005764932818856927, 0.005764486784895606, 0.005762936648262329, 0.005757968847484141, 0.005754035271288038, 0.005753272733084902, 0.005751859717144425, 0.005750230508326792, 0.00574979598393921, 0.005749588320021148, 0.005749092810623857, 0.005748695820468996, 0.005747155844308738, 0.005741128588503841, 0.0057298409579442655, 0.0057239867170317815, 0.005715513181991039, 0.005715500033689036, 0.0057120889851391965, 0.005706315519557803, 0.005703572526199796, 0.005698800712169438, 0.005690952796677307, 0.005677370203188037, 0.0056658613735027785, 0.00565813665500059, 0.005654615029600296, 0.005649964697577614]}}, "bfgs": {"type": "gradient", "0": {"maxiter": 100, "gtol": 1e-05, "xrtol": 1e-05, "eps": 1e-05, "duration": 0.03256583213806152, "fun": "0.005838661388089084", "jac": "[ 1.66499037e-06  1.77343806e-05 -1.33641875e-05 -2.09731121e-06\n  4.77695661e-07 -2.06920037e-06]", "hess_inv": "[[ 3.07926303 -0.53712255 -0.27399021 -0.07597119  2.07640145 -0.21534885]\n [-0.53712255  1.40489807  0.27516568  0.14715091 -0.70838014  1.05524167]\n [-0.27399021  0.27516568  1.20312913  0.324314   -0.10882336  0.42921021]\n [-0.07597119  0.14715091  0.324314    3.1397555   1.84502607 -1.21200524]\n [ 2.07640145 -0.70838014 -0.10882336  1.84502607  6.94853814 -1.84915357]\n [-0.21534885  1.05524167  0.42921021 -1.21200524 -1.84915357  4.55710898]]", "nfev": "140", "njev": "20", "status": "0", "success": "True", "message": "Optimization terminated successfully.", "x": "[ 6.10288317  1.16342177  7.06038758 -1.91578551  3.40053302  3.12950013]", "nit": "16", "callback": [0.010628733864652684]}, "1": {"maxiter": 100, "gtol": 1e-05, "xrtol": 1e-05, "eps": 1e-10, "duration": 0.031874895095825195, "fun": "0.005838662066329547", "jac": "[ 2.22044587e-06  1.66533440e-05 -1.11022293e-05  0.00000000e+00\n -1.11022293e-06 -4.44089173e-06]", "hess_inv": "[[ 3.09953771 -0.53417308 -0.26043337 -0.03114962  2.12445893 -0.23078855]\n [-0.53417308  1.40035602  0.27039689  0.13527224 -0.70746694  1.04280945]\n [-0.26043337  0.27039689  1.20211355  0.32852684 -0.08428471  0.40775346]\n [-0.03114962  0.13527224  0.32852684  3.17427196  1.93154738 -1.27580454]\n [ 2.12445893 -0.70746694 -0.08428471  1.93154738  7.05058128 -1.89276877]\n [-0.23078855  1.04280945  0.40775346 -1.27580454 -1.89276877  4.54694396]]", "nfev": "140", "njev": "20", "status": "0", "success": "True", "message": "Optimization terminated successfully.", "x": "[ 6.10288927  1.16345148  7.06037737 -1.91576015  3.40055543  3.12949907]", "nit": "16", "callback": [0.010630916690797854]}, "2": {"maxiter": 100, "gtol": 1e-05, "xrtol": 1e-10, "eps": 1e-05, "duration": 0.24045109748840332, "fun": "0.005391240809893505", "jac": "[ 1.03046793e-05 -9.10083120e-07  1.59489977e-05 -1.89911642e-05\n -3.52676555e-05 -7.17193527e-05]", "hess_inv": "[[ 1253.90589997  1740.76087242  1525.06754112  1042.05712479\n  -1348.49379127   759.57514743]\n [ 1740.76087242  2423.18270558  2120.86090489  1449.50302709\n  -1873.60715887  1055.88834948]\n [ 1525.06754112  2120.86090489  1859.94134861  1269.00911996\n  -1640.48400692   926.15162185]\n [ 1042.05712479  1449.50302709  1269.00911996   869.16546565\n  -1122.3589976    632.36170601]\n [-1348.49379127 -1873.60715887 -1640.48400692 -1122.3589976\n   1455.52081483  -817.61279699]\n [  759.57514743  1055.88834948   926.15162185   632.36170601\n   -817.61279699   463.61155303]]", "nfev": "1048", "njev": "148", "status": "2", "success": "False", "message": "Desired error not necessarily achieved due to precision loss.", "x": "[ 4.24342008 -1.7239441   8.18165708 -2.07328676  5.18381991  1.81372636]", "nit": "98", "callback": [0.010628733864652684, 0.005838647619730852, 0.005834176430452032, 0.005809099357866776, 0.005777552104540451, 0.0056861229448363915, 0.005509553991917215, 0.005412886009249496, 0.005392294776548456]}, "3": {"maxiter": 100, "gtol": 1e-05, "xrtol": 1e-10, "eps": 1e-10, "duration": 0.19306111335754395, "fun": "0.005391223745636831", "jac": "[ 5.55111466e-06  0.00000000e+00 -6.66133760e-06  3.33066880e-06\n  1.11022293e-06  4.44089173e-06]", "hess_inv": "[[ 4.01955154  3.19592858  2.96024798  0.99053863 -2.02267656  1.48957268]\n [ 3.19592858  5.5275674   3.59945345  1.95694987 -1.95569268  0.98478521]\n [ 2.96024798  3.59945345  4.31721049  1.27956192 -1.86840788  2.03043791]\n [ 0.99053863  1.95694987  1.27956192  1.98412072 -1.09786057  0.53208608]\n [-2.02267656 -1.95569268 -1.86840788 -1.09786057  4.78708769 -1.09306572]\n [ 1.48957268  0.98478521  2.03043791  0.53208608 -1.09306572  3.90014564]]", "nfev": "847", "njev": "121", "status": "0", "success": "True", "message": "Optimization terminated successfully.", "x": "[ 4.24427188 -1.72268536  8.18283658 -2.07240467  5.18298276  1.81459846]", "nit": "96", "callback": [0.010630916690797854, 0.005838327054922932, 0.005818893580014084, 0.0057863681210026385, 0.005707712738816428, 0.005538528636603424, 0.005426479237294113, 0.00539360608088113, 0.005391250340015752]}, "4": {"maxiter": 100, "gtol": 1e-10, "xrtol": 1e-05, "eps": 1e-05, "duration": 0.0320279598236084, "fun": "0.005838661388089084", "jac": "[ 1.66499037e-06  1.77343806e-05 -1.33641875e-05 -2.09731121e-06\n  4.77695661e-07 -2.06920037e-06]", "hess_inv": "[[ 3.07926303 -0.53712255 -0.27399021 -0.07597119  2.07640145 -0.21534885]\n [-0.53712255  1.40489807  0.27516568  0.14715091 -0.70838014  1.05524167]\n [-0.27399021  0.27516568  1.20312913  0.324314   -0.10882336  0.42921021]\n [-0.07597119  0.14715091  0.324314    3.1397555   1.84502607 -1.21200524]\n [ 2.07640145 -0.70838014 -0.10882336  1.84502607  6.94853814 -1.84915357]\n [-0.21534885  1.05524167  0.42921021 -1.21200524 -1.84915357  4.55710898]]", "nfev": "140", "njev": "20", "status": "0", "success": "True", "message": "Optimization terminated successfully.", "x": "[ 6.10288317  1.16342177  7.06038758 -1.91578551  3.40053302  3.12950013]", "nit": "16", "callback": [0.010628733864652684]}, "5": {"maxiter": 100, "gtol": 1e-10, "xrtol": 1e-05, "eps": 1e-10, "duration": 0.03227996826171875, "fun": "0.005838662066329547", "jac": "[ 2.22044587e-06  1.66533440e-05 -1.11022293e-05  0.00000000e+00\n -1.11022293e-06 -4.44089173e-06]", "hess_inv": "[[ 3.09953771 -0.53417308 -0.26043337 -0.03114962  2.12445893 -0.23078855]\n [-0.53417308  1.40035602  0.27039689  0.13527224 -0.70746694  1.04280945]\n [-0.26043337  0.27039689  1.20211355  0.32852684 -0.08428471  0.40775346]\n [-0.03114962  0.13527224  0.32852684  3.17427196  1.93154738 -1.27580454]\n [ 2.12445893 -0.70746694 -0.08428471  1.93154738  7.05058128 -1.89276877]\n [-0.23078855  1.04280945  0.40775346 -1.27580454 -1.89276877  4.54694396]]", "nfev": "140", "njev": "20", "status": "0", "success": "True", "message": "Optimization terminated successfully.", "x": "[ 6.10288927  1.16345148  7.06037737 -1.91576015  3.40055543  3.12949907]", "nit": "16", "callback": [0.010630916690797854]}, "6": {"maxiter": 100, "gtol": 1e-10, "xrtol": 1e-10, "eps": 1e-05, "duration": 0.23882794380187988, "fun": "0.005391240809893505", "jac": "[ 1.03046793e-05 -9.10083120e-07  1.59489977e-05 -1.89911642e-05\n -3.52676555e-05 -7.17193527e-05]", "hess_inv": "[[ 1253.90589997  1740.76087242  1525.06754112  1042.05712479\n  -1348.49379127   759.57514743]\n [ 1740.76087242  2423.18270558  2120.86090489  1449.50302709\n  -1873.60715887  1055.88834948]\n [ 1525.06754112  2120.86090489  1859.94134861  1269.00911996\n  -1640.48400692   926.15162185]\n [ 1042.05712479  1449.50302709  1269.00911996   869.16546565\n  -1122.3589976    632.36170601]\n [-1348.49379127 -1873.60715887 -1640.48400692 -1122.3589976\n   1455.52081483  -817.61279699]\n [  759.57514743  1055.88834948   926.15162185   632.36170601\n   -817.61279699   463.61155303]]", "nfev": "1048", "njev": "148", "status": "2", "success": "False", "message": "Desired error not necessarily achieved due to precision loss.", "x": "[ 4.24342008 -1.7239441   8.18165708 -2.07328676  5.18381991  1.81372636]", "nit": "98", "callback": [0.010628733864652684, 0.005838647619730852, 0.005834176430452032, 0.005809099357866776, 0.005777552104540451, 0.0056861229448363915, 0.005509553991917215, 0.005412886009249496, 0.005392294776548456]}, "7": {"maxiter": 100, "gtol": 1e-10, "xrtol": 1e-10, "eps": 1e-10, "duration": 0.20775675773620605, "fun": "0.005391223629718667", "jac": "[ 2.22044587e-06  0.00000000e+00 -2.22044587e-06 -3.33066880e-06\n -2.22044587e-06  5.55111466e-06]", "hess_inv": "[[ 3.51676827e-01  8.10689827e-03  5.93070451e-02 -7.78040401e-02\n   7.88208687e-01 -3.07968834e-01]\n [ 8.10689827e-03  6.23371982e+00  4.89708731e+00 -8.20067105e-01\n   9.45674236e+00 -8.21133603e-01]\n [ 5.93070451e-02  4.89708731e+00  5.96415355e+00 -1.94180957e+00\n   1.00519667e+01  8.39597125e-02]\n [-7.78040401e-02 -8.20067105e-01 -1.94180957e+00  2.08376598e+00\n  -3.64606785e+00  4.78027382e-01]\n [ 7.88208687e-01  9.45674236e+00  1.00519667e+01 -3.64606785e+00\n   2.24732944e+01 -2.09461074e+00]\n [-3.07968834e-01 -8.21133603e-01  8.39597125e-02  4.78027382e-01\n  -2.09461074e+00  1.99175669e+00]]", "nfev": "910", "njev": "130", "status": "1", "success": "False", "message": "Maximum number of iterations has been exceeded.", "x": "[ 4.24426724 -1.7226774   8.18285831 -2.07242244  5.18300978  1.81460527]", "nit": "100", "callback": [0.010630916690797854, 0.005838327054922932, 0.005818893580014084, 0.0057863681210026385, 0.005707712738816428, 0.005538528636603424, 0.005426479237294113, 0.00539360608088113, 0.005391250340015752, 0.005391223629718667]}, "8": {"maxiter": 500, "gtol": 1e-05, "xrtol": 1e-05, "eps": 1e-05, "duration": 0.03211021423339844, "fun": "0.005838661388089084", "jac": "[ 1.66499037e-06  1.77343806e-05 -1.33641875e-05 -2.09731121e-06\n  4.77695661e-07 -2.06920037e-06]", "hess_inv": "[[ 3.07926303 -0.53712255 -0.27399021 -0.07597119  2.07640145 -0.21534885]\n [-0.53712255  1.40489807  0.27516568  0.14715091 -0.70838014  1.05524167]\n [-0.27399021  0.27516568  1.20312913  0.324314   -0.10882336  0.42921021]\n [-0.07597119  0.14715091  0.324314    3.1397555   1.84502607 -1.21200524]\n [ 2.07640145 -0.70838014 -0.10882336  1.84502607  6.94853814 -1.84915357]\n [-0.21534885  1.05524167  0.42921021 -1.21200524 -1.84915357  4.55710898]]", "nfev": "140", "njev": "20", "status": "0", "success": "True", "message": "Optimization terminated successfully.", "x": "[ 6.10288317  1.16342177  7.06038758 -1.91578551  3.40053302  3.12950013]", "nit": "16", "callback": [0.010628733864652684]}, "9": {"maxiter": 500, "gtol": 1e-05, "xrtol": 1e-05, "eps": 1e-10, "duration": 0.032248735427856445, "fun": "0.005838662066329547", "jac": "[ 2.22044587e-06  1.66533440e-05 -1.11022293e-05  0.00000000e+00\n -1.11022293e-06 -4.44089173e-06]", "hess_inv": "[[ 3.09953771 -0.53417308 -0.26043337 -0.03114962  2.12445893 -0.23078855]\n [-0.53417308  1.40035602  0.27039689  0.13527224 -0.70746694  1.04280945]\n [-0.26043337  0.27039689  1.20211355  0.32852684 -0.08428471  0.40775346]\n [-0.03114962  0.13527224  0.32852684  3.17427196  1.93154738 -1.27580454]\n [ 2.12445893 -0.70746694 -0.08428471  1.93154738  7.05058128 -1.89276877]\n [-0.23078855  1.04280945  0.40775346 -1.27580454 -1.89276877  4.54694396]]", "nfev": "140", "njev": "20", "status": "0", "success": "True", "message": "Optimization terminated successfully.", "x": "[ 6.10288927  1.16345148  7.06037737 -1.91576015  3.40055543  3.12949907]", "nit": "16", "callback": [0.010630916690797854]}, "10": {"maxiter": 500, "gtol": 1e-05, "xrtol": 1e-10, "eps": 1e-05, "duration": 0.23984813690185547, "fun": "0.005391240809893505", "jac": "[ 1.03046793e-05 -9.10083120e-07  1.59489977e-05 -1.89911642e-05\n -3.52676555e-05 -7.17193527e-05]", "hess_inv": "[[ 1253.90589997  1740.76087242  1525.06754112  1042.05712479\n  -1348.49379127   759.57514743]\n [ 1740.76087242  2423.18270558  2120.86090489  1449.50302709\n  -1873.60715887  1055.88834948]\n [ 1525.06754112  2120.86090489  1859.94134861  1269.00911996\n  -1640.48400692   926.15162185]\n [ 1042.05712479  1449.50302709  1269.00911996   869.16546565\n  -1122.3589976    632.36170601]\n [-1348.49379127 -1873.60715887 -1640.48400692 -1122.3589976\n   1455.52081483  -817.61279699]\n [  759.57514743  1055.88834948   926.15162185   632.36170601\n   -817.61279699   463.61155303]]", "nfev": "1048", "njev": "148", "status": "2", "success": "False", "message": "Desired error not necessarily achieved due to precision loss.", "x": "[ 4.24342008 -1.7239441   8.18165708 -2.07328676  5.18381991  1.81372636]", "nit": "98", "callback": [0.010628733864652684, 0.005838647619730852, 0.005834176430452032, 0.005809099357866776, 0.005777552104540451, 0.0056861229448363915, 0.005509553991917215, 0.005412886009249496, 0.005392294776548456]}, "11": {"maxiter": 500, "gtol": 1e-05, "xrtol": 1e-10, "eps": 1e-10, "duration": 0.2037