{"date": "2024/09/23/, 19:01:56", "conf_id": 45, "data_type": "random\n", "num_data_points": 3, "s_rank": 0, "unitary": "[[-0.45070455-0.02711853j,0.78437395-0.06613086j,0.06358678+0.19963393j,-0.07343613+0.35668523j],[-0.01890143-0.03813363j,0.32408202+0.25557629j,0.05872864-0.68979805j,0.55466693-0.20227297j],[-0.11215405+0.64023111j,-0.13344055+0.29565494j,-0.49012687-0.19046288j,-0.04241254+0.44046348j],[0.55771659+0.24656916j,0.31851997-0.05798805j,0.28761525-0.34294258j,-0.56718418+0.03616933j]]", "databatch_0": {"databatch": "[[[-0.25614195-0.09705605j,0.18227607+0.08815221j,-0.21143275-0.19393573j,0.04861571+0.2920637j],[0.11807905-0.07338759j,-0.18796052-0.10498906j,0.22792919-0.41849317j,0.20493431+0.09960221j],[-0.03346415+0.11663091j,0.13548059-0.04242718j,0.02196544+0.32878915j,-0.10433329+0.00465739j],[-0.14836374-0.12296195j,0.10573198+0.04430173j,-0.00136812-0.25939546j,0.01804701+0.311533j]],[[0.0966106+0.04251268j,-0.16445253+0.04323907j,0.07397819+0.06219098j,0.03633692+0.13744616j],[-0.14209226+0.15222764j,0.04950087+0.10592324j,0.02756932-0.01330621j,-0.02753087-0.0895425j],[0.33926964-0.1244941j,0.09654802+0.18324213j,0.09884367-0.12928012j,0.18486464+0.06026151j],[0.07481997+0.70314295j,0.17124081+0.03977168j,0.04445538+0.00945481j,-0.30474785+0.00205073j]],[[0.02923705+0.31125535j,0.20672182+0.22872343j,0.01153463-0.20495552j,0.32138801-0.09923291j],[0.25437554-0.09328247j,-0.01592027+0.00322131j,-0.41599322-0.11282288j,-0.07488269-0.17199841j],[0.09906163+0.16547754j,0.10870183+0.10081235j,-0.08169553-0.18336035j,0.15987024-0.11303978j],[0.11472225-0.02668925j,-0.26278375-0.08553233j,-0.10399317-0.33640563j,-0.07065514+0.01643688j]]]", "initial param values": "[0.25475004,2.12145967,5.83088099,4.83536813,4.53289588,5.15565885]", "nelder_mead": {"type": "gradient-free", "0": {"maxiter": 100, "fatol": 1e-05, "xatol": 1e-05, "duration": 0.05384659767150879, "fun": "0.47650805800568163", "nit": "100", "nfev": "152", "status": "2", "success": "False", "message": "Maximum number of iterations has been exceeded.", "x": "[0.27039051 1.38366295 5.818976   7.66457256 4.41275191 5.1799054 ]", "final_simplex": "(array([[0.27039051, 1.38366295, 5.818976  , 7.66457256, 4.41275191,\n        5.1799054 ],\n       [0.28820767, 1.30874371, 6.12288742, 7.63497344, 4.42631089,\n        5.26043797],\n       [0.29380655, 1.1967566 , 6.13294678, 7.69056552, 4.57607195,\n        5.11941346],\n       [0.28347954, 1.46051481, 5.92394219, 7.53844567, 4.47326551,\n        5.13459749],\n       [0.27742709, 1.47894136, 5.94265566, 7.6939803 , 4.41827066,\n        5.25025531],\n       [0.26624332, 1.55739388, 5.77186539, 7.60317899, 4.49676472,\n        5.20033778],\n       [0.28795533, 1.30064724, 6.14068731, 7.64578825, 4.48547882,\n        5.11021204]]), array([0.47650806, 0.47861668, 0.48015478, 0.48108006, 0.4816191 ,\n       0.48222185, 0.48404031]))", "callback": [0.7330794902166965, 0.5746324670552097, 0.5280056386965957, 0.5143460401733118, 0.5064469315018036, 0.503444884132324, 0.5022776952785817, 0.496381394965722, 0.48611267782905154]}, "1": {"maxiter": 100, "fatol": 1e-05, "xatol": 1e-10, "duration": 0.05214810371398926, "fun": "0.47650805800568163", "nit": "100", "nfev": "152", "status": "2", "success": "False", "message": "Maximum number of iterations has been exceeded.", "x": "[0.27039051 1.38366295 5.818976   7.66457256 4.41275191 5.1799054 ]", "final_simplex": "(array([[0.27039051, 1.38366295, 5.818976  , 7.66457256, 4.41275191,\n        5.1799054 ],\n       [0.28820767, 1.30874371, 6.12288742, 7.63497344, 4.42631089,\n        5.26043797],\n       [0.29380655, 1.1967566 , 6.13294678, 7.69056552, 4.57607195,\n        5.11941346],\n       [0.28347954, 1.46051481, 5.92394219, 7.53844567, 4.47326551,\n        5.13459749],\n       [0.27742709, 1.47894136, 5.94265566, 7.6939803 , 4.41827066,\n        5.25025531],\n       [0.26624332, 1.55739388, 5.77186539, 7.60317899, 4.49676472,\n        5.20033778],\n       [0.28795533, 1.30064724, 6.14068731, 7.64578825, 4.48547882,\n        5.11021204]]), array([0.47650806, 0.47861668, 0.48015478, 0.48108006, 0.4816191 ,\n       0.48222185, 0.48404031]))", "callback": [0.7330794902166965, 0.5746324670552097, 0.5280056386965957, 0.5143460401733118, 0.5064469315018036, 0.503444884132324, 0.5022776952785817, 0.496381394965722, 0.48611267782905154]}, "2": {"maxiter": 100, "fatol": 1e-10, "xatol": 1e-05, "duration": 0.047116756439208984, "fun": "0.47650805800568163", "nit": "100", "nfev": "152", "status": "2", "success": "False", "message": "Maximum number of iterations has been exceeded.", "x": "[0.27039051 1.38366295 5.818976   7.66457256 4.41275191 5.1799054 ]", "final_simplex": "(array([[0.27039051, 1.38366295, 5.818976  , 7.66457256, 4.41275191,\n        5.1799054 ],\n       [0.28820767, 1.30874371, 6.12288742, 7.63497344, 4.42631089,\n        5.26043797],\n       [0.29380655, 1.1967566 , 6.13294678, 7.69056552, 4.57607195,\n        5.11941346],\n       [0.28347954, 1.46051481, 5.92394219, 7.53844567, 4.47326551,\n        5.13459749],\n       [0.27742709, 1.47894136, 5.94265566, 7.6939803 , 4.41827066,\n        5.25025531],\n       [0.26624332, 1.55739388, 5.77186539, 7.60317899, 4.49676472,\n        5.20033778],\n       [0.28795533, 1.30064724, 6.14068731, 7.64578825, 4.48547882,\n        5.11021204]]), array([0.47650806, 0.47861668, 0.48015478, 0.48108006, 0.4816191 ,\n       0.48222185, 0.48404031]))", "callback": [0.7330794902166965, 0.5746324670552097, 0.5280056386965957, 0.5143460401733118, 0.5064469315018036, 0.503444884132324, 0.5022776952785817, 0.496381394965722, 0.48611267782905154]}, "3": {"maxiter": 100, "fatol": 1e-10, "xatol": 1e-10, "duration": 0.04764699935913086, "fun": "0.47650805800568163", "nit": "100", "nfev": "152", "status": "2", "success": "False", "message": "Maximum number of iterations has been exceeded.", "x": "[0.27039051 1.38366295 5.818976   7.66457256 4.41275191 5.1799054 ]", "final_simplex": "(array([[0.27039051, 1.38366295, 5.818976  , 7.66457256, 4.41275191,\n        5.1799054 ],\n       [0.28820767, 1.30874371, 6.12288742, 7.63497344, 4.42631089,\n        5.26043797],\n       [0.29380655, 1.1967566 , 6.13294678, 7.69056552, 4.57607195,\n        5.11941346],\n       [0.28347954, 1.46051481, 5.92394219, 7.53844567, 4.47326551,\n        5.13459749],\n       [0.27742709, 1.47894136, 5.94265566, 7.6939803 , 4.41827066,\n        5.25025531],\n       [0.26624332, 1.55739388, 5.77186539, 7.60317899, 4.49676472,\n        5.20033778],\n       [0.28795533, 1.30064724, 6.14068731, 7.64578825, 4.48547882,\n        5.11021204]]), array([0.47650806, 0.47861668, 0.48015478, 0.48108006, 0.4816191 ,\n       0.48222185, 0.48404031]))", "callback": [0.7330794902166965, 0.5746324670552097, 0.5280056386965957, 0.5143460401733118, 0.5064469315018036, 0.503444884132324, 0.5022776952785817, 0.496381394965722, 0.48611267782905154]}, "4": {"maxiter": 500, "fatol": 1e-05, "xatol": 1e-05, "duration": 0.15707802772521973, "fun": "0.33381362946719084", "nit": "324", "nfev": "516", "status": "0", "success": "True", "message": "Optimization terminated successfully.", "x": "[1.45043379 1.36424781 6.02485006 7.88779551 4.55541087 5.48791743]", "final_simplex": "(array([[1.45043379, 1.36424781, 6.02485006, 7.88779551, 4.55541087,\n        5.48791743],\n       [1.45043222, 1.36424441, 6.02485183, 7.88780163, 4.55541143,\n        5.48791032],\n       [1.45043455, 1.36424708, 6.02485214, 7.88779539, 4.55541174,\n        5.48791591],\n       [1.45043204, 1.36424361, 6.02485445, 7.88780194, 4.55541114,\n        5.48791422],\n       [1.45043095, 1.36424723, 6.02484953, 7.88780121, 4.55541457,\n        5.48791438],\n       [1.45042888, 1.36424873, 6.0248483 , 7.88779668, 4.55540871,\n        5.48791559],\n       [1.45043572, 1.3642523 , 6.02485251, 7.88780382, 4.55540829,\n        5.48791281]]), array([0.33381363, 0.33381363, 0.33381363, 0.33381363, 0.33381363,\n       0.33381363, 0.33381363]))", "callback": [0.7330794902166965, 0.5746324670552097, 0.5280056386965957, 0.5143460401733118, 0.5064469315018036, 0.503444884132324, 0.5022776952785817, 0.496381394965722, 0.48611267782905154, 0.47650805800568163, 0.47114301164332106, 0.4681416769850606, 0.4641474080838246, 0.457019791572309, 0.43461935630595094, 0.3962170404505253, 0.36994499935836556, 0.3534139622085525, 0.33857146356705714, 0.3348433741706299, 0.33400687793648387, 0.3338377729613997, 0.3338184410367032, 0.333814433441071, 0.33381381960955914, 0.333813676803123, 0.33381363712905965, 0.333813630726147, 0.3338136300992641, 0.33381362960130334, 0.33381362947962134, 0.33381362946963555]}, "5": {"maxiter": 500, "fatol": 1e-05, "xatol": 1e-10, "duration": 0.24897503852844238, "fun": "0.3338136294594246", "nit": "472", "nfev": "805", "status": "0", "success": "True", "message": "Optimization terminated successfully.", "x": "[1.4504378  1.36424601 6.02484724 7.88780149 4.5554122  5.48791787]", "final_simplex": "(array([[1.4504378 , 1.36424601, 6.02484724, 7.88780149, 4.5554122 ,\n        5.48791787],\n       [1.4504378 , 1.36424601, 6.02484724, 7.88780149, 4.5554122 ,\n        5.48791787],\n       [1.4504378 , 1.36424601, 6.02484724, 7.88780149, 4.5554122 ,\n        5.48791787],\n       [1.4504378 , 1.36424601, 6.02484724, 7.88780149, 4.5554122 ,\n        5.48791787],\n       [1.4504378 , 1.36424601, 6.02484724, 7.88780149, 4.5554122 ,\n        5.48791787],\n       [1.4504378 , 1.36424601, 6.02484724, 7.88780149, 4.5554122 ,\n        5.48791787],\n       [1.4504378 , 1.36424601, 6.02484724, 7.88780149, 4.5554122 ,\n        5.48791787]]), array([0.33381363, 0.33381363, 0.33381363, 0.33381363, 0.33381363,\n       0.33381363, 0.33381363]))", "callback": [0.7330794902166965, 0.5746324670552097, 0.5280056386965957, 0.5143460401733118, 0.5064469315018036, 0.503444884132324, 0.5022776952785817, 0.496381394965722, 0.48611267782905154, 0.47650805800568163, 0.47114301164332106, 0.4681416769850606, 0.4641474080838246, 0.457019791572309, 0.43461935630595094, 0.3962170404505253, 0.36994499935836556, 0.3534139622085525, 0.33857146356705714, 0.3348433741706299, 0.33400687793648387, 0.3338377729613997, 0.3338184410367032, 0.333814433441071, 0.33381381960955914, 0.333813676803123, 0.33381363712905965, 0.333813630726147, 0.3338136300992641, 0.33381362960130334, 0.33381362947962134, 0.33381362946963555, 0.3338136294657944, 0.33381362946422766, 0.33381362946219706, 0.3338136294604519, 0.3338136294598296, 0.33381362945957915, 0.33381362945944526, 0.33381362945944404, 0.3338136294594293, 0.33381362945942505, 0.33381362945942505, 0.3338136294594246, 0.3338136294594246, 0.3338136294594246, 0.3338136294594246]}, "6": {"maxiter": 500, "fatol": 1e-10, "xatol": 1e-05, "duration": 0.1628870964050293, "fun": "0.33381362946719084", "nit": "324", "nfev": "516", "status": "0", "success": "True", "message": "Optimization terminated successfully.", "x": "[1.45043379 1.36424781 6.02485006 7.88779551 4.55541087 5.48791743]", "final_simplex": "(array([[1.45043379, 1.36424781, 6.02485006, 7.88779551, 4.55541087,\n        5.48791743],\n       [1.45043222, 1.36424441, 6.02485183, 7.88780163, 4.55541143,\n        5.48791032],\n       [1.45043455, 1.36424708, 6.02485214, 7.88779539, 4.55541174,\n        5.48791591],\n       [1.45043204, 1.36424361, 6.02485445, 7.88780194, 4.55541114,\n        5.48791422],\n       [1.45043095, 1.36424723, 6.02484953, 7.88780121, 4.55541457,\n        5.48791438],\n       [1.45042888, 1.36424873, 6.0248483 , 7.88779668, 4.55540871,\n        5.48791559],\n       [1.45043572, 1.3642523 , 6.02485251, 7.88780382, 4.55540829,\n        5.48791281]]), array([0.33381363, 0.33381363, 0.33381363, 0.33381363, 0.33381363,\n       0.33381363, 0.33381363]))", "callback": [0.7330794902166965, 0.5746324670552097, 0.5280056386965957, 0.5143460401733118, 0.5064469315018036, 0.503444884132324, 0.5022776952785817, 0.496381394965722, 0.48611267782905154, 0.47650805800568163, 0.47114301164332106, 0.4681416769850606, 0.4641474080838246, 0.457019791572309, 0.43461935630595094, 0.3962170404505253, 0.36994499935836556, 0.3534139622085525, 0.33857146356705714, 0.3348433741706299, 0.33400687793648387, 0.3338377729613997, 0.3338184410367032, 0.333814433441071, 0.33381381960955914, 0.333813676803123, 0.33381363712905965, 0.333813630726147, 0.3338136300992641, 0.33381362960130334, 0.33381362947962134, 0.33381362946963555]}, "7": {"maxiter": 500, "fatol": 1e-10, "xatol": 1e-10, "duration": 0.30655598640441895, "fun": "0.3338136294594246", "nit": "472", "nfev": "805", "status": "0", "success": "True", "message": "Optimization terminated successfully.", "x": "[1.4504378  1.36424601 6.02484724 7.88780149 4.5554122  5.48791787]", "final_simplex": "(array([[1.4504378 , 1.36424601, 6.02484724, 7.88780149, 4.5554122 ,\n        5.48791787],\n       [1.4504378 , 1.36424601, 6.02484724, 7.88780149, 4.5554122 ,\n        5.48791787],\n       [1.4504378 , 1.36424601, 6.02484724, 7.88780149, 4.5554122 ,\n        5.48791787],\n       [1.4504378 , 1.36424601, 6.02484724, 7.88780149, 4.5554122 ,\n        5.48791787],\n       [1.4504378 , 1.36424601, 6.02484724, 7.88780149, 4.5554122 ,\n        5.48791787],\n       [1.4504378 , 1.36424601, 6.02484724, 7.88780149, 4.5554122 ,\n        5.48791787],\n       [1.4504378 , 1.36424601, 6.02484724, 7.88780149, 4.5554122 ,\n        5.48791787]]), array([0.33381363, 0.33381363, 0.33381363, 0.33381363, 0.33381363,\n       0.33381363, 0.33381363]))", "callback": [0.7330794902166965, 0.5746324670552097, 0.5280056386965957, 0.5143460401733118, 0.5064469315018036, 0.503444884132324, 0.5022776952785817, 0.496381394965722, 0.48611267782905154, 0.47650805800568163, 0.47114301164332106, 0.4681416769850606, 0.4641474080838246, 0.457019791572309, 0.43461935630595094, 0.3962170404505253, 0.36994499935836556, 0.3534139622085525, 0.33857146356705714, 0.3348433741706299, 0.33400687793648387, 0.3338377729613997, 0.3338184410367032, 0.333814433441071, 0.33381381960955914, 0.333813676803123, 0.33381363712905965, 0.333813630726147, 0.3338136300992641, 0.33381362960130334, 0.33381362947962134, 0.33381362946963555, 0.3338136294657944, 0.33381362946422766, 0.33381362946219706, 0.3338136294604519, 0.3338136294598296, 0.33381362945957915, 0.33381362945944526, 0.33381362945944404, 0.3338136294594293, 0.33381362945942505, 0.33381362945942505, 0.3338136294594246, 0.3338136294594246, 0.3338136294594246, 0.3338136294594246]}, "8": {"maxiter": 1000, "fatol": 1e-05, "xatol": 1e-05, "duration": 0.20508694648742676, "fun": "0.33381362946719084", "nit": "324", "nfev": "516", "status": "0", "success": "True", "message": "Optimization terminated successfully.", "x": "[1.45043379 1.36424781 6.02485006 7.88779551 4.55541087 5.48791743]", "final_simplex": "(array([[1.45043379, 1.36424781, 6.02485006, 7.88779551, 4.55541087,\n        5.48791743],\n       [1.45043222, 1.36424441, 6.02485183, 7.88780163, 4.55541143,\n        5.48791032],\n       [1.45043455, 1.36424708, 6.02485214, 7.88779539, 4.55541174,\n        5.48791591],\n       [1.45043204, 1.36424361, 6.02485445, 7.88780194, 4.55541114,\n        5.48791422],\n       [1.45043095, 1.36424723, 6.02484953, 7.88780121, 4.55541457,\n        5.48791438],\n       [1.45042888, 1.36424873, 6.0248483 , 7.88779668, 4.55540871,\n        5.48791559],\n       [1.45043572, 1.3642523 , 6.02485251, 7.88780382, 4.55540829,\n        5.48791281]]), array([0.33381363, 0.33381363, 0.33381363, 0.33381363, 0.33381363,\n       0.33381363, 0.33381363]))", "callback": [0.7330794902166965, 0.5746324670552097, 0.5280056386965957, 0.5143460401733118, 0.5064469315018036, 0.503444884132324, 0.5022776952785817, 0.496381394965722, 0.48611267782905154, 0.47650805800568163, 0.47114301164332106, 0.4681416769850606, 0.4641474080838246, 0.457019791572309, 0.43461935630595094, 0.3962170404505253, 0.36994499935836556, 0.3534139622085525, 0.33857146356705714, 0.3348433741706299, 0.33400687793648387, 0.3338377729613997, 0.3338184410367032, 0.333814433441071, 0.33381381960955914, 0.333813676803123, 0.33381363712905965, 0.333813630726147, 0.3338136300992641, 0.33381362960130334, 0.33381362947962134, 0.33381362946963555]}, "9": {"maxiter": 1000, "fatol": 1e-05, "xatol": 1e-10, "duration": 0.3227427005767822, "fun": "0.3338136294594246", "nit": "472", "nfev": "805", "status": "0", "success": "True", "message": "Optimization terminated successfully.", "x": "[1.4504378  1.36424601 6.02484724 7.88780149 4.5554122  5.48791787]", "final_simplex": "(array([[1.4504378 , 1.36424601, 6.02484724, 7.88780149, 4.5554122 ,\n        5.48791787],\n       [1.4504378 , 1.36424601, 6.02484724, 7.88780149, 4.5554122 ,\n        5.48791787],\n       [1.4504378 , 1.36424601, 6.02484724, 7.88780149, 4.5554122 ,\n        5.48791787],\n       [1.4504378 , 1.36424601, 6.02484724, 7.88780149, 4.5554122 ,\n        5.48791787],\n       [1.4504378 , 1.36424601, 6.02484724, 7.88780149, 4.5554122 ,\n        5.48791787],\n       [1.4504378 , 1.36424601, 6.02484724, 7.88780149, 4.5554122 ,\n        5.48791787],\n       [1.4504378 , 1.36424601, 6.02484724, 7.88780149, 4.5554122 ,\n        5.48791787]]), array([0.33381363, 0.33381363, 0.33381363, 0.33381363, 0.33381363,\n       0.33381363, 0.33381363]))", "callback": [0.7330794902166965, 0.5746324670552097, 0.5280056386965957, 0.5143460401733118, 0.5064469315018036, 0.503444884132324, 0.5022776952785817, 0.496381394965722, 0.48611267782905154, 0.47650805800568163, 0.47114301164332106, 0.4681416769850606, 0.4641474080838246, 0.457019791572309, 0.43461935630595094, 0.3962170404505253, 0.36994499935836556, 0.3534139622085525, 0.33857146356705714, 0.3348433741706299, 0.33400687793648387, 0.3338377729613997, 0.3338184410367032, 0.333814433441071, 0.33381381960955914, 0.333813676803123, 0.33381363712905965, 0.333813630726147, 0.3338136300992641, 0.33381362960130334, 0.33381362947962134, 0.33381362946963555, 0.3338136294657944, 0.33381362946422766, 0.33381362946219706, 0.3338136294604519, 0.3338136294598296, 0.33381362945957915, 0.33381362945944526, 0.33381362945944404, 0.3338136294594293, 0.33381362945942505, 0.33381362945942505, 0.3338136294594246, 0.3338136294594246, 0.3338136294594246, 0.3338136294594246]}, "10": {"maxiter": 1000, "fatol": 1e-10, "xatol": 1e-05, "duration": 0.16953825950622559, "fun": "0.33381362946719084", "nit": "324", "nfev": "516", "status": "0", "success": "True", "message": "Optimization terminated successfully.", "x": "[1.45043379 1.36424781 6.02485006 7.88779551 4.55541087 5.48791743]", "final_simplex": "(array([[1.45043379, 1.36424781, 6.02485006, 7.88779551, 4.55541087,\n        5.48791743],\n       [1.45043222, 1.36424441, 6.02485183, 7.88780163, 4.55541143,\n        5.48791032],\n       [1.45043455, 1.36424708, 6.02485214, 7.88779539, 4.55541174,\n        5.48791591],\n       [1.45043204, 1.36424361, 6.02485445, 7.88780194, 4.55541114,\n        5.48791422],\n       [1.45043095, 1.36424723, 6.02484953, 7.88780121, 4.55541457,\n        5.48791438],\n       [1.45042888, 1.36424873, 6.0248483 , 7.88779668, 4.55540871,\n        5.48791559],\n       [1.45043572, 1.3642523 , 6.02485251, 7.88780382, 4.55540829,\n        5.48791281]]), array([0.33381363, 0.33381363, 0.33381363, 0.33381363, 0.33381363,\n       0.33381363, 0.33381363]))", "callback": [0.7330794902166965, 0.5746324670552097, 0.5280056386965957, 0.5143460401733118, 0.5064469315018036, 0.503444884132324, 0.5022776952785817, 0.496381394965722, 0.48611267782905154, 0.47650805800568163, 0.47114301164332106, 0.4681416769850606, 0.4641474080838246, 0.457019791572309, 0.43461935630595094, 0.3962170404505253, 0.36994499935836556, 0.3534139622085525, 0.33857146356705714, 0.3348433741706299, 0.33400687793648387, 0.3338377729613997, 0.3338184410367032, 0.333814433441071, 0.33381381960955914, 0.333813676803123, 0.33381363712905965, 0.333813630726147, 0.3338136300992641, 0.33381362960130334, 0.33381362947962134, 0.33381362946963555]}, "11": {"maxiter": 1000, "fatol": 1e-10, "xatol": 1e-10, "duration": 0.24802708625793457, "fun": "0.3338136294594246", "nit": "472", "nfev": "805", "status": "0", "success": "True", "message": "Optimization terminated successfully.", "x": "[1.4504378  1.36424601 6.02484724 7.88780149 4.5554122  5.48791787]", "final_simplex": "(array([[1.4504378 , 1.36424601, 6.02484724, 7.88780149, 4.5554122 ,\n        5.48791787],\n       [1.4504378 , 1.36424601, 6.02484724, 7.88780149, 4.5554122 ,\n        5.48791787],\n       [1.4504378 , 1.36424601, 6.02484724, 7.88780149, 4.5554122 ,\n        5.48791787],\n       [1.4504378 , 1.36424601, 6.02484724, 7.88780149, 4.5554122 ,\n        5.48791787],\n       [1.4504378 , 1.36424601, 6.02484724, 7.88780149, 4.5554122 ,\n        5.48791787],\n       [1.4504378 , 1.36424601, 6.02484724, 7.88780149, 4.5554122 ,\n        5.48791787],\n       [1.4504378 , 1.36424601, 6.02484724, 7.88780149, 4.5554122 ,\n        5.48791787]]), array([0.33381363, 0.33381363, 0.33381363, 0.33381363, 0.33381363,\n       0.33381363, 0.33381363]))", "callback": [0.7330794902166965, 0.5746324670552097, 0.5280056386965957, 0.5143460401733118, 0.5064469315018036, 0.503444884132324, 0.5022776952785817, 0.496381394965722, 0.48611267782905154, 0.47650805800568163, 0.47114301164332106, 0.4681416769850606, 0.4641474080838246, 0.457019791572309, 0.43461935630595094, 0.3962170404505253, 0.36994499935836556, 0.3534139622085525, 0.33857146356705714, 0.3348433741706299, 0.33400687793648387, 0.3338377729613997, 0.3338184410367032, 0.333814433441071, 0.33381381960955914, 0.333813676803123, 0.33381363712905965, 0.333813630726147, 0.3338136300992641, 0.33381362960130334, 0.33381362947962134, 0.33381362946963555, 0.3338136294657944, 0.33381362946422766, 0.33381362946219706, 0.3338136294604519, 0.3338136294598296, 0.33381362945957915, 0.33381362945944526, 0.33381362945944404, 0.3338136294594293, 0.33381362945942505, 0.33381362945942505, 0.3338136294594246, 0.3338136294594246, 0.3338136294594246, 0.3338136294594246]}}, "bfgs": {"type": "gradient", "0": {"maxiter": 100, "gtol": 1e-05, "xrtol": 1e-05, "eps": 1e-05, "duration": 0.0511319637298584, "fun": "0.33381362975094575", "jac": "[-5.79175596e-06 -1.61295421e-06 -4.11924939e-06 -2.20640173e-06\n -1.12723164e-06  3.66900954e-06]", "hess_inv": "[[ 3.87325637  0.19736187 -0.16993658  0.48657904  0.82457921  1.14391187]\n [ 0.19736187  4.12255267 -0.85765719 -0.51760011 -0.36760352  0.59145225]\n [-0.16993658 -0.85765719  4.27061646  0.55308124 -0.57859732 -0.5138342 ]\n [ 0.48657904 -0.51760011  0.55308124  4.20322065 -0.25226149  0.03388343]\n [ 0.82457921 -0.36760352 -0.57859732 -0.25226149  4.0289035   0.53312477]\n [ 1.14391187  0.59145225 -0.5138342   0.03388343  0.53312477  4.33804142]]", "nfev": "161", "njev": "23", "status": "0", "success": "True", "message": "Optimization terminated successfully.", "x": "[1.45039893 1.36424068 6.02481801 7.8877764  4.55540072 5.48792473]", "nit": "19", "callback": [0.33470399887153957]}, "1": {"maxiter": 100, "gtol": 1e-05, "xrtol": 1e-05, "eps": 1e-10, "duration": 0.05054807662963867, "fun": "0.3338136296320068", "jac": "[-6.66133760e-06 -4.44089173e-06 -4.44089173e-06 -4.44089173e-06\n  0.00000000e+00  3.33066880e-06]", "hess_inv": "[[ 3.8940817   0.20212993 -0.18902315  0.53448285  0.86070259  1.101383  ]\n [ 0.20212993  4.03147304 -0.85055832 -0.55072692 -0.28734987  0.57226961]\n [-0.18902315 -0.85055832  4.28652678  0.56476204 -0.61980826 -0.52808103]\n [ 0.53448285 -0.55072692  0.56476204  4.15997035 -0.211279    0.01633747]\n [ 0.86070259 -0.28734987 -0.61980826 -0.211279    4.04627107  0.53102502]\n [ 1.101383    0.57226961 -0.52808103  0.01633747  0.53102502  4.33602566]]", "nfev": "161", "njev": "23", "status": "0", "success": "True", "message": "Optimization terminated successfully.", "x": "[1.45041323 1.3642399  6.02482524 7.88777922 4.55541328 5.48793189]", "nit": "19", "callback": [0.334703281529788]}, "2": {"maxiter": 100, "gtol": 1e-05, "xrtol": 1e-10, "eps": 1e-05, "duration": 0.05164504051208496, "fun": "0.33381362975094575", "jac": "[-5.79175596e-06 -1.61295421e-06 -4.11924939e-06 -2.20640173e-06\n -1.12723164e-06  3.66900954e-06]", "hess_inv": "[[ 3.87325637  0.19736187 -0.16993658  0.48657904  0.82457921  1.14391187]\n [ 0.19736187  4.12255267 -0.85765719 -0.51760011 -0.36760352  0.59145225]\n [-0.16993658 -0.85765719  4.27061646  0.55308124 -0.57859732 -0.5138342 ]\n [ 0.48657904 -0.51760011  0.55308124  4.20322065 -0.25226149  0.03388343]\n [ 0.82457921 -0.36760352 -0.57859732 -0.25226149  4.0289035   0.53312477]\n [ 1.14391187  0.59145225 -0.5138342   0.03388343  0.53312477  4.33804142]]", "nfev": "161", "njev": "23", "status": "0", "success": "True", "message": "Optimization terminated successfully.", "x": "[1.45039893 1.36424068 6.02481801 7.8877764  4.55540072 5.48792473]", "nit": "19", "callback": [0.33470399887153957]}, "3": {"maxiter": 100, "gtol": 1e-05, "xrtol": 1e-10, "eps": 1e-10, "duration": 0.05019116401672363, "fun": "0.3338136296320068", "jac": "[-6.66133760e-06 -4.44089173e-06 -4.44089173e-06 -4.44089173e-06\n  0.00000000e+00  3.33066880e-06]", "hess_inv": "[[ 3.8940817   0.20212993 -0.18902315  0.53448285  0.86070259  1.101383  ]\n [ 0.20212993  4.03147304 -0.85055832 -0.55072692 -0.28734987  0.57226961]\n [-0.18902315 -0.85055832  4.28652678  0.56476204 -0.61980826 -0.52808103]\n [ 0.53448285 -0.55072692  0.56476204  4.15997035 -0.211279    0.01633747]\n [ 0.86070259 -0.28734987 -0.61980826 -0.211279    4.04627107  0.53102502]\n [ 1.101383    0.57226961 -0.52808103  0.01633747  0.53102502  4.33602566]]", "nfev": "161", "njev": "23", "status": "0", "success": "True", "message": "Optimization terminated successfully.", "x": "[1.45041323 1.3642399  6.02482524 7.88777922 4.55541328 5.48793189]", "nit": "19", "callback": [0.334703281529788]}, "4": {"maxiter": 100, "gtol": 1e-10, "xrtol": 1e-05, "eps": 1e-05, "duration": 0.05286097526550293, "fun": "0.3338136294991628", "jac": "[-6.90325574e-07  2.02138306e-07 -2.73936429e-07 -1.56563651e-07\n -7.80153719e-07  4.84523532e-07]", "hess_inv": "[[ 4.1625619   0.35493798  0.21611859  0.75296288  0.62052101  0.97679774]\n [ 0.35493798  4.06479197 -0.77055675 -0.44452483 -0.22970244  0.52406337]\n [ 0.21611859 -0.77055675  4.68011672  0.84677246 -0.63726068 -0.71656167]\n [ 0.75296288 -0.44452483  0.84677246  4.4123794  -0.315244   -0.10813706]\n [ 0.62052101 -0.22970244 -0.63726068 -0.315244    3.74087689  0.61000615]\n [ 0.97679774  0.52406337 -0.71656167 -0.10813706  0.61000615  4.43068324]]", "nfev": "168", "njev": "24", "status": "0", "success": "True", "message": "Optimization terminated successfully.", "x": "[1.45042328 1.36424295 6.02484108 7.88779331 4.5554026  5.48791248]", "nit": "20", "callback": [0.33470399887153957, 0.3338136294991628]}, "5": {"maxiter": 100, "gtol": 1e-10, "xrtol": 1e-05, "eps": 1e-10, "duration": 0.05347299575805664, "fun": "0.3338136294858386", "jac": "[ 1.11022293e-06  2.22044587e-06  0.00000000e+00 -2.22044587e-06\n -1.11022293e-06 -1.11022293e-06]", "hess_inv": "[[ 4.23374955  0.45623118  0.27609039  0.88228866  0.54765756  0.93073122]\n [ 0.45623118  4.16037457 -0.63198445 -0.31758288 -0.34057399  0.49095715]\n [ 0.27609039 -0.63198445  4.64988259  0.98383708 -0.66585788 -0.66375911]\n [ 0.88228866 -0.31758288  0.98383708  4.50415522 -0.4518399  -0.13791632]\n [ 0.54765756 -0.34057399 -0.66585788 -0.4518399   3.79959931  0.55122407]\n [ 0.93073122  0.49095715 -0.66375911 -0.13791632  0.55122407  4.3866525 ]]", "nfev": "168", "njev": "24", "status": "0", "success": "True", "message": "Optimization terminated successfully.", "x": "[1.4504455  1.36425556 6.0248515  7.88780852 4.55540862 5.4879221 ]", "nit": "20", "callback": [0.334703281529788, 0.3338136294858386]}, "6": {"maxiter": 100, "gtol": 1e-10, "xrtol": 1e-10, "eps": 1e-05, "duration": 0.1494290828704834, "fun": "0.33381362948547555", "jac": "[ 9.32587341e-10  1.46549439e-09  1.21014310e-09  6.55031585e-10\n -1.64313008e-09 -3.33066907e-10]", "hess_inv": "[[ 4.44541017  0.2075439   0.3498623   0.87062525  0.93128247  0.85151171]\n [ 0.2075439   4.13322102 -0.85245041 -0.51231721 -0.37305557  0.59446947]\n [ 0.3498623  -0.85245041  4.72964886  0.89488865 -0.46650737 -0.77136873]\n [ 0.87062525 -0.51231721  0.89488865  4.45721471 -0.17314708 -0.15772682]\n [ 0.93128247 -0.37305557 -0.46650737 -0.17314708  4.04363638  0.46340319]\n [ 0.85151171  0.59446947 -0.77136873 -0.15772682  0.46340319  4.48529155]]", "nfev": "488", "njev": "68", "status": "2", "success": "False", "message": "Desired error not necessarily achieved due to precision loss.", "x": "[1.45042692 1.36424138 6.024843   7.88779495 4.55540609 5.48791087]", "nit": "22", "callback": [0.33470399887153957, 0.3338136294991628]}, "7": {"maxiter": 100, "gtol": 1e-10, "xrtol": 1e-10, "eps": 1e-10, "duration": 0.06619405746459961, "fun": "0.33381362948583726", "jac": "[-2.22044587e-06  2.22044587e-06  0.00000000e+00  1.11022293e-06\n -1.11022293e-06 -2.22044587e-06]", "hess_inv": "[[ 4.29988829 -0.82256367  0.58054902  2.12073532  1.33264228  1.07471196]\n [-0.82256367 11.74146042 -1.92739249 -6.85373202 -6.57958618  0.79037158]\n [ 0.58054902 -1.92739249  4.10701442  0.93536462  1.34456598 -1.33712178]\n [ 2.12073532 -6.85373202  0.93536462  8.36226361  6.37280686 -1.34915412]\n [ 1.33264228 -6.57958618  1.34456598  6.37280686  7.58141984  1.21714812]\n [ 1.07471196  0.79037158 -1.33712178 -1.34915412  1.21714812  3.78109128]]", "nfev": "210", "njev": "30", "status": "0", "success": "True", "message": "Optimization terminated successfully.", "x": "[1.45044551 1.36425548 6.02485154 7.88780862 4.55540865 5.48792212]", "nit": "22", "callback": [0.334703281529788, 0.3338136294858386]}, "8": {"maxiter": 500, "gtol": 1e-05, "xrtol": 1e-05, "eps": 1e-05, "duration": 0.05285978317260742, "fun": "0.33381362975094575", "jac": "[-5.79175596e-06 -1.61295421e-06 -4.11924939e-06 -2.20640173e-06\n -1.12723164e-06  3.66900954e-06]", "hess_inv": "[[ 3.87325637  0.19736187 -0.16993658  0.48657904  0.82457921  1.14391187]\n [ 0.19736187  4.12255267 -0.85765719 -0.51760011 -0.36760352  0.59145225]\n [-0.16993658 -0.85765719  4.27061646  0.55308124 -0.57859732 -0.5138342 ]\n [ 0.48657904 -0.51760011  0.55308124  4.20322065 -0.25226149  0.03388343]\n [ 0.82457921 -0.36760352 -0.57859732 -0.25226149  4.0289035   0.53312477]\n [ 1.14391187  0.59145225 -0.5138342   0.03388343  0.53312477  4.33804142]]", "nfev": "161", "njev": "23", "status": "0", "success": "True", "message": "Optimization terminated successfully.", "x": "[1.45039893 1.36424068 6.02481801 7.8877764  4.55540072 5.48792473]", "nit": "19", "callback": [0.33470399887153957]}, "9": {"maxiter": 500, "gtol": 1e-05, "xrtol": 1e-05, "eps": 1e-10, "duration": 0.05363821983337402, "fun": "0.3338136296320068", "jac": "[-6.66133760e-06 -4.44089173e-06 -4.44089173e-06 -4.44089173e-06\n  0.00000000e+00  3.33066880e-06]", "hess_inv": "[[ 3.8940817   0.20212993 -0.18902315  0.53448285  0.86070259  1.101383  ]\n [ 0.20212993  4.03147304 -0.85055832 -0.55072692 -0.28734987  0.57226961]\n [-0.18902315 -0.85055832  4.28652678  0.56476204 -0.61980826 -0.52808103]\n [ 0.53448285 -0.55072692  0.56476204  4.15997035 -0.211279    0.01633747]\n [ 0.86070259 -0.28734987 -0.61980826 -0.211279    4.04627107  0.53102502]\n [ 1.101383    0.57226961 -0.52808103  0.01633747  0.53102502  4.33602566]]", "nfev": "161", "njev": "23", "status": "0", "success": "True", "message": "Optimization terminated successfully.", "x": "[1.45041323 1.3642399  6.02482524 7.88777922 4.55541328 5.48793189]", "nit": "19", "callback": [0.334703281529788]}, "10": {"maxiter": 500, "gtol": 1e-05, "xrtol": 1e-10, "eps": 1e-05, "duration": 0.05059409141540527, "fun": "0.33381362975094575", "jac": "[-5.79175596e-06 -1.61295421e-06 -4.11924939e-06 -2.20640173e-06\n -1.12723164e-06  3.66900954e-06]", "hess_inv": "[[ 3.87325637  0.19736187 -0.16993658  0.48657904  0.82457921  1.14391187]\n [ 0.19736187  4.12255267 -0.85765719 -0.51760011 -0.36760352  0.59145225]\n [-0.16993658 -0.85765719  4.27061646  0.55308124 -0.57859732 -0.5138342 ]\n [ 0.48657904 -0.51760011  0.55308124  4.20322065 -0.25226149  0.03388343]\n [ 0.82457921 -0.36760352 -0.57859732 -0.25226149  4.0289035   0.53312477]\n [ 1.14391187  0.59145225 -0.5138342   0.03388343  0.53312477  4.33804142]]", "nfev": "161", "njev": "23", "status": "0", "success": "True", "message": "Optimization terminated successfully.", "x": "[1.45039893 1.36424068 6.02481801 7.8877764  4.55540072 5.48792473]", "nit": "19", "callback": [0.33470399887153957]}, "11": {"maxiter": 500, "gtol": 1e-05, "xrtol": 1e-10, "eps": 1e-10, "duration": 0.0508730411529541, "fun": "0.3338136296320068", "jac": "[-6.66133760e-06 -4.44089173e-06 -4.44089173e-06 -4.44089173e-06\n  0.00000000e+00  3.33066880e-06]", "hess_inv": "[[ 3.8940817   0.20212993 -0.18902315  0.53448285  0.86070259  1.101383  ]\n [ 0.20212993  4.03147304 -0.85055832 -0.55072692 -0.28734987  0.57226961]\n [-0.18902315 -0.85055832  4.28652678  0.56476204 -0.61980826 -0.52808103]\n [ 0.53448285 -0.55072692  0.56476204  4.15997035 -0.211279    0.01633747]\n [ 0.86070259 -0.28734987 -0.61980826 -0.211279    4.04627107  0.53102502]\n [ 1.101383    0.57226961 -0.52808103  0.01633747  0.53102502  4.33602566]]", "nfev": "161", "njev": "23", "status": "0", "success": "True", "message": "Optimization terminated successfully.", "x": "[1.45041323 1.3642399  6.02482524 7.88777922 4.55541328 5.48793189]", "nit": "19", "callback": [0.334703281529788]}, "12": {"maxiter": 500, "gtol": 1e-10, "xrtol": 1e-05, "eps": 1e-05, "duration": 0.053874969482421875, "fun": "0.3338136294991628", "jac": "[-6.90325574e-07  2.02138306e-07 -2.73936429e-07 -1.56563651e-07\n -7.80153719e-07  4.84523532e-07]", "hess_inv": "[[ 4.1625619   0.35493798  0.21611859  0.75296288  0.62052101  0.97679774]\n [ 0.35493798  4.06479197 -0.77055675 -0.44452483 -0.22970244  0.52406337]\n [ 0.21611859 -0.77055675  4.68011672  0.84677246 -0.63726068 -0.71656167]\n [ 0.75296288 -0.44452483  0.84677246  4.4123794  -0.315244   -0.10813706]\n [ 0.62052101 -0.22970244 -0.63726068 -0.315244    3.74087689  0.61000615]\n [ 0.97679774  0.52406337 -0.71656167 -0.10813706  0.61000615  4.43068324]]", "nfev": "168", "njev": "24", "status": "0", "success": "True", "message": "Optimization terminated successfully.", "x": "[1.45042328 1.36424295 6.02484108 7.88779331 4.5554026  5.48791248]", "nit": "20", "callback": [0.33470399887153957, 0.3338136294991628]}, "13": {"maxiter": 500, "gtol": 1e-10, "xrtol": 1e-05, "eps": 1e-10, "duration": 0.05590200424194336, "fun": "0.3338136294858386", "jac": "[ 1.11022293e-06  2.22044587e-06  0.00000000e+00 -2.22044587e-06\n -1.11022293e-06 -1.11022293e-06]", "hess_inv": "[[ 4.23374955  0.45623118  0.27609039  0.88228866  0.54765756  0.93073122]\n [ 0.45623118  4.16037457 -0.63198445 -0.31758288 -0.34057399  0.49095715]\n [ 0.27609039 -0.63198445  4.64988259  0.98383708 -0.66585788 -0.66375911]\n [ 0.88228866 -0.31758288  0.98383708  4.50415522 -0.4518399  -0.13791632]\n [ 0.54765756 -0.34057399 -0.66585788 -0.4518399   3.79959931  0.55122407]\n [ 0.93073122  0.49095715 -0.66375911 -0.13791632  0.55122407  4.3866525 ]]", "nfev": "168", "njev": "24", "status": "0", "success": "True", "message": "Optimization terminated successfully.", "x": "[1.4504455  1.36425556 6.0248515  7.88780852 4.55540862 5.4879221 ]", "nit": "20", "callback": [0.334703281529788, 0.3338136294858386]}, "14": {"maxiter": 500, "gtol": 1e-10, "xrtol": 1e-10, "eps": 1e-05, "duration": 0.1570141315460205, "fun": "0.33381362948547555", "jac": "[ 9.32587341e-10  1.46549439e-09  1.21014310e-09  6.55031585e-10\n -1.64313008e-09 -3.33066907e-10]", "hess_inv": "[[ 4.44541017  0.2075439   0.3498623   0.87062525  0.93128247  0.85151171]\n [ 0.2075439   4.13322102 -0.85245041 -0.51231721 -0.37305557  0.59446947]\n [ 0.3498623  -0.85245041  4.72964886  0.89488865 -0.46650737 -0.77136873]\n [ 0.87062525 -0.51231721  0.89488865  4.45721471 -0.17314708 -0.15772682]\n [ 0.93128247 -0.37305557 -0.46650737 -0.17314708  4.04363638  0.46340319]\n [ 0.85151171  0.59446947 -0.77136873 -0.15772682  0.46340319  4.48529155]]", "nfev": "488", "njev": "68", "status": "2", "success": "False", "message": "Desired error not necessarily achieved due to precision loss.", "x": "[1.45042692 1.36424138 6.024843   7.88779495 4.55540609 5.48791087]", "nit": "22", "callback": [0.33470399887153957, 0.3338136294991628]}, "15": {"maxiter": 500, "gtol": 1e-10, "xrtol": 1e-10, "eps": 1e-10, "duration": 0.0738370418548584, "fun": "0.33381362948583726", "jac": "[-2.22044587e-06  2.22044587e-06  0.00000000e+00  1.11022293e-06\n -1.11022293e-06 -2.22044587e-06]", "hess_inv": "[[ 4.29988829 -0.82256367  0.58054902  2.12073532  1.33264228  1.07471196]\n [-0.82256367 11.74146042 -1.92739249 -6.85373202 -6.57958618  0.79037158]\n [ 0.58054902 -1.92739249  4.10701442  0.93536462  1.34456598 -1.33712178]\n [ 2.12073532 -6.85373202  0.93536462  8.36226361  6.37280686 -1.34915412]\n [ 1.33264228 -6.57958618  1.34456598  6.37280686  7.58141984  1.21714812]\n [ 1.07471196  0.79037158 -1.33712178 -1.34915412  1.21714812  3.78109128]]", "nfev": "210", "njev": "30", "status": "0", "success": "True", "message": "Optimization terminated successfully.", "x": "[1.45044551 1.36425548 6.02485154 7.88780862 4.55540865 5.48792212]", "nit": "22", "callback": [0.334703281529788, 0.3338136294858386]}, "16": {"maxiter": 1000, "gtol": 1e-05, "xrtol": 1e-05, "eps": 1e-05, "duration": 0.05770683288574219, "fun": "0.33381362975094575", "jac": "[-5.79175596e-06 -1.61295421e-06 -4.11924939e-06 -2.20640173e-06\n -1.12723164e-06  3.66900954e-06]", "hess_inv": "[[ 3.87325637  0.19736187 -0.16993658  0.48657904  0.82457921  1.14391187]\n [ 0.19736187  4.12255267 -0.85765719 -0.51760011 -0.36760352  0.59145225]\n [-0.16993658 -0.85765719  4.27061646  0.55308124 -0.57859732 -0.5138342 ]\n [ 0.48657904 -0.51760011  0.55308124  4.20322065 -0.25226149  0.03388343]\n [ 0.82457921 -0.36760352 -0.57859732 -0.25226149  4.0289035   0.53312477]\n [ 1.14391187  0.59145225 -0.5138342   0.03388343  0.53312477  4.33804142]]", "nfev": "161", "njev": "23", "status": "0", "success": "True", "message": "Optimization terminated successfully.", "x": "[1.45039893 1.36424068 6.02481801 7.8877764  4.55540072 5.48792473]", "nit": "19", "callback": [0.33470399887153957]}, "17": {"maxiter": 1000, "gtol": 1e-05, "xrtol": 1e-05, "eps": 1e-10, "duration": 0.05670022964477539, "fun": "0.3338136296320068", "jac": "[-6.66133760e-06 -4.44089173e-06 -4.44089173e-06 -4.44089173e-06\n  0.00000000e+00  3.33066880e-06]", "hess_inv": "[[ 3.8940817   0.20212993 -0.18902315  0.53448285  0.86070259  1.101383  ]\n [ 0.20212993  4.03147304 -0.85055832 -0.55072692 -0.28734987  0.57226961]\n [-0.18902315 -0.85055832  4.28652678  0.56476204 -0.61980826 -0.52808103]\n [ 0.53448285 -0.55072692  0.56476204  4.15997035 -0.211279    0.01633747]\n [ 0.86070259 -0.28734987 -0.61980826 -0.211279    4.04627107  0.53102502]\n [ 1.101383    0.57226961 -0.52808103  0.01633747  0.53102502  4.33602566]]", "nfev": "161", "njev": "23", "status": "0", "success": "True", "message": "Optimization terminated successfully.", "x": "[1.45041323 1.3642399  6.02482524 7.88777922 4.55541328 5.48793189]", "nit": "19", "callback": [0.334703281529788]}, "18": {"maxiter": 1000, "gtol": 1e-05, "xrtol": 1e-10, "eps": 1e-05, "duration": 0.05778217315673828, "fun": "0.33381362975094575", "jac": "[-5.79175596e-06 -1.61295421e-06 -4.11924939e-06 -2.20640173e-06\n -1.12723164e-06  3.66900954e-06]", "hess_inv": "[[ 3.87325637  0.19736187 -0.16993658  0.48657904  0.82457921  1.14391187]\n [ 0.19736187  4.12255267 -0.85765719 -0.51760011 -0.36760352  0.59145225]\n [-0.16993658 -0.85765719  4.27061646  0.55308124 -0.57859732 -0.5138342 ]\n [ 0.48657904 -0.51760011  0.55308124  4.20322065 -0.25226149  0.03388343]\n [ 0.82457921 -0.36760352 -0.57859732 -0.25226149  4.0289035   0.53312477]\n [ 1.14391187  0.59145225 -0.5138342   0.03388343 