{"date": "2024/09/23/, 14:27:44", "conf_id": 14, "data_type": "random\n", "num_data_points": 1, "s_rank": 0, "unitary": "[[-0.24866696+0.58742286j,-0.44704345-0.43151574j,-0.35669027-0.20570733j,-0.10517633+0.1626036j],[0.10596805-0.19687975j,-0.30269685-0.15056416j,0.18246286+0.30440582j,-0.83484447-0.11310748j],[0.26054512-0.52548482j,0.0285017-0.50723956j,-0.43110112+0.17165838j,0.15243271+0.39915801j],[0.42978035+0.11991271j,-0.17224126-0.46030424j,0.6827807-0.15164662j,0.26483638+0.0061855j]]", "databatch_0": {"databatch": "[[[0.15169572-0.09500404j,0.04355583+0.05107387j,-0.1302028+0.01970885j,-0.04737121+0.06704456j],[0.11428584-0.13513436j,0.05028393+0.08793043j,-0.09232017-0.00222247j,-0.07440784+0.08119812j],[-0.65663537-0.21386257j,0.2183777-0.37342643j,0.27817202+0.12417652j,0.13061599+0.12095881j],[0.23683184+0.08193342j,0.03608788+0.05901949j,-0.1232546-0.01767372j,-0.03685959-0.06443045j]]]", "initial param values": "[3.15054441,1.23641357,0.61568575,5.33055698,1.22615148,4.41832162]", "nelder_mead": {"type": "gradient-free", "0": {"maxiter": 100, "fatol": 1e-05, "xatol": 1e-05, "duration": 0.04864621162414551, "fun": "0.3239212943150501", "nit": "100", "nfev": "159", "status": "2", "success": "False", "message": "Maximum number of iterations has been exceeded.", "x": "[4.31967078 2.55579821 0.8031643  3.1337508  0.15180561 4.33954696]", "final_simplex": "(array([[4.31967078, 2.55579821, 0.8031643 , 3.1337508 , 0.15180561,\n        4.33954696],\n       [4.293362  , 2.5588788 , 0.79602856, 3.13753182, 0.17728558,\n        4.39103127],\n       [4.32007481, 2.574932  , 0.80098143, 3.1331583 , 0.15311299,\n        4.34104638],\n       [4.24684344, 2.53544311, 0.79855995, 3.17618573, 0.18898288,\n        4.35093705],\n       [4.23002006, 2.5767675 , 0.81868169, 3.11016412, 0.16428829,\n        4.31136092],\n       [4.25915761, 2.53895834, 0.80790961, 3.15258771, 0.17584823,\n        4.28286583],\n       [4.25544396, 2.48853519, 0.79031825, 3.11769063, 0.18266706,\n        4.39331476]]), array([0.32392129, 0.32422841, 0.32437148, 0.32439194, 0.32448947,\n       0.32449364, 0.32454564]))", "callback": [0.7118198272017537, 0.5460109795353625, 0.4465899880049474, 0.4004416345763536, 0.3771971747663535, 0.36430916276179315, 0.344179752018125, 0.3274361863008455, 0.32437147684169376]}, "1": {"maxiter": 100, "fatol": 1e-05, "xatol": 1e-10, "duration": 0.05090785026550293, "fun": "0.3239212943150501", "nit": "100", "nfev": "159", "status": "2", "success": "False", "message": "Maximum number of iterations has been exceeded.", "x": "[4.31967078 2.55579821 0.8031643  3.1337508  0.15180561 4.33954696]", "final_simplex": "(array([[4.31967078, 2.55579821, 0.8031643 , 3.1337508 , 0.15180561,\n        4.33954696],\n       [4.293362  , 2.5588788 , 0.79602856, 3.13753182, 0.17728558,\n        4.39103127],\n       [4.32007481, 2.574932  , 0.80098143, 3.1331583 , 0.15311299,\n        4.34104638],\n       [4.24684344, 2.53544311, 0.79855995, 3.17618573, 0.18898288,\n        4.35093705],\n       [4.23002006, 2.5767675 , 0.81868169, 3.11016412, 0.16428829,\n        4.31136092],\n       [4.25915761, 2.53895834, 0.80790961, 3.15258771, 0.17584823,\n        4.28286583],\n       [4.25544396, 2.48853519, 0.79031825, 3.11769063, 0.18266706,\n        4.39331476]]), array([0.32392129, 0.32422841, 0.32437148, 0.32439194, 0.32448947,\n       0.32449364, 0.32454564]))", "callback": [0.7118198272017537, 0.5460109795353625, 0.4465899880049474, 0.4004416345763536, 0.3771971747663535, 0.36430916276179315, 0.344179752018125, 0.3274361863008455, 0.32437147684169376]}, "2": {"maxiter": 100, "fatol": 1e-10, "xatol": 1e-05, "duration": 0.05462980270385742, "fun": "0.3239212943150501", "nit": "100", "nfev": "159", "status": "2", "success": "False", "message": "Maximum number of iterations has been exceeded.", "x": "[4.31967078 2.55579821 0.8031643  3.1337508  0.15180561 4.33954696]", "final_simplex": "(array([[4.31967078, 2.55579821, 0.8031643 , 3.1337508 , 0.15180561,\n        4.33954696],\n       [4.293362  , 2.5588788 , 0.79602856, 3.13753182, 0.17728558,\n        4.39103127],\n       [4.32007481, 2.574932  , 0.80098143, 3.1331583 , 0.15311299,\n        4.34104638],\n       [4.24684344, 2.53544311, 0.79855995, 3.17618573, 0.18898288,\n        4.35093705],\n       [4.23002006, 2.5767675 , 0.81868169, 3.11016412, 0.16428829,\n        4.31136092],\n       [4.25915761, 2.53895834, 0.80790961, 3.15258771, 0.17584823,\n        4.28286583],\n       [4.25544396, 2.48853519, 0.79031825, 3.11769063, 0.18266706,\n        4.39331476]]), array([0.32392129, 0.32422841, 0.32437148, 0.32439194, 0.32448947,\n       0.32449364, 0.32454564]))", "callback": [0.7118198272017537, 0.5460109795353625, 0.4465899880049474, 0.4004416345763536, 0.3771971747663535, 0.36430916276179315, 0.344179752018125, 0.3274361863008455, 0.32437147684169376]}, "3": {"maxiter": 100, "fatol": 1e-10, "xatol": 1e-10, "duration": 0.04825305938720703, "fun": "0.3239212943150501", "nit": "100", "nfev": "159", "status": "2", "success": "False", "message": "Maximum number of iterations has been exceeded.", "x": "[4.31967078 2.55579821 0.8031643  3.1337508  0.15180561 4.33954696]", "final_simplex": "(array([[4.31967078, 2.55579821, 0.8031643 , 3.1337508 , 0.15180561,\n        4.33954696],\n       [4.293362  , 2.5588788 , 0.79602856, 3.13753182, 0.17728558,\n        4.39103127],\n       [4.32007481, 2.574932  , 0.80098143, 3.1331583 , 0.15311299,\n        4.34104638],\n       [4.24684344, 2.53544311, 0.79855995, 3.17618573, 0.18898288,\n        4.35093705],\n       [4.23002006, 2.5767675 , 0.81868169, 3.11016412, 0.16428829,\n        4.31136092],\n       [4.25915761, 2.53895834, 0.80790961, 3.15258771, 0.17584823,\n        4.28286583],\n       [4.25544396, 2.48853519, 0.79031825, 3.11769063, 0.18266706,\n        4.39331476]]), array([0.32392129, 0.32422841, 0.32437148, 0.32439194, 0.32448947,\n       0.32449364, 0.32454564]))", "callback": [0.7118198272017537, 0.5460109795353625, 0.4465899880049474, 0.4004416345763536, 0.3771971747663535, 0.36430916276179315, 0.344179752018125, 0.3274361863008455, 0.32437147684169376]}, "4": {"maxiter": 500, "fatol": 1e-05, "xatol": 1e-05, "duration": 0.23119902610778809, "fun": "0.043715512630708386", "nit": "500", "nfev": "765", "status": "2", "success": "False", "message": "Maximum number of iterations has been exceeded.", "x": "[ 4.68724014  2.92830058  0.92980082  4.49600665 -1.54366577  2.30364994]", "final_simplex": "(array([[ 4.68724014,  2.92830058,  0.92980082,  4.49600665, -1.54366577,\n         2.30364994],\n       [ 4.68728675,  2.92832208,  0.92990305,  4.49600165, -1.54362809,\n         2.30367744],\n       [ 4.68723966,  2.92836241,  0.92980734,  4.49604805, -1.54370962,\n         2.30353446],\n       [ 4.68725693,  2.92830681,  0.92981339,  4.49597792, -1.54369521,\n         2.30357807],\n       [ 4.68727232,  2.92829143,  0.92993249,  4.49599245, -1.54366209,\n         2.30361372],\n       [ 4.68721455,  2.92832181,  0.92973548,  4.49604951, -1.54370243,\n         2.30348273],\n       [ 4.68725419,  2.92830583,  0.92995136,  4.49593549, -1.54365197,\n         2.30368908]]), array([0.04371551, 0.04371551, 0.04371551, 0.04371551, 0.04371551,\n       0.04371551, 0.04371551]))", "callback": [0.7118198272017537, 0.5460109795353625, 0.4465899880049474, 0.4004416345763536, 0.3771971747663535, 0.36430916276179315, 0.344179752018125, 0.3274361863008455, 0.32437147684169376, 0.3239212943150501, 0.32324516155269556, 0.32144171313605674, 0.3084863614264304, 0.1519155458925786, 0.08284616067142248, 0.058101330746890834, 0.058101330746890834, 0.05295248898689453, 0.052373612063911446, 0.051961813512106825, 0.05067450735949652, 0.04970810338310905, 0.04931202515100119, 0.049110022650087126, 0.049018012408276745, 0.04896127983501042, 0.04894778229862751, 0.048936930476643714, 0.04892656818944641, 0.04890495618957558, 0.04885901403620985, 0.04877544304589043, 0.04858058749470673, 0.048335394067689164, 0.047259609773887545, 0.04631000936873242, 0.044702592975693456, 0.04454314936233328, 0.04422426191979911, 0.04413087576321195, 0.04396458469041409, 0.04381085424587661, 0.0437504852674645, 0.043720080007422446, 0.043716537545640755, 0.043715692249903015, 0.04371552000452683, 0.04371551725790468, 0.04371551406869567]}, "5": {"maxiter": 500, "fatol": 1e-05, "xatol": 1e-10, "duration": 0.2398998737335205, "fun": "0.043715512630708386", "nit": "500", "nfev": "765", "status": "2", "success": "False", "message": "Maximum number of iterations has been exceeded.", "x": "[ 4.68724014  2.92830058  0.92980082  4.49600665 -1.54366577  2.30364994]", "final_simplex": "(array([[ 4.68724014,  2.92830058,  0.92980082,  4.49600665, -1.54366577,\n         2.30364994],\n       [ 4.68728675,  2.92832208,  0.92990305,  4.49600165, -1.54362809,\n         2.30367744],\n       [ 4.68723966,  2.92836241,  0.92980734,  4.49604805, -1.54370962,\n         2.30353446],\n       [ 4.68725693,  2.92830681,  0.92981339,  4.49597792, -1.54369521,\n         2.30357807],\n       [ 4.68727232,  2.92829143,  0.92993249,  4.49599245, -1.54366209,\n         2.30361372],\n       [ 4.68721455,  2.92832181,  0.92973548,  4.49604951, -1.54370243,\n         2.30348273],\n       [ 4.68725419,  2.92830583,  0.92995136,  4.49593549, -1.54365197,\n         2.30368908]]), array([0.04371551, 0.04371551, 0.04371551, 0.04371551, 0.04371551,\n       0.04371551, 0.04371551]))", "callback": [0.7118198272017537, 0.5460109795353625, 0.4465899880049474, 0.4004416345763536, 0.3771971747663535, 0.36430916276179315, 0.344179752018125, 0.3274361863008455, 0.32437147684169376, 0.3239212943150501, 0.32324516155269556, 0.32144171313605674, 0.3084863614264304, 0.1519155458925786, 0.08284616067142248, 0.058101330746890834, 0.058101330746890834, 0.05295248898689453, 0.052373612063911446, 0.051961813512106825, 0.05067450735949652, 0.04970810338310905, 0.04931202515100119, 0.049110022650087126, 0.049018012408276745, 0.04896127983501042, 0.04894778229862751, 0.048936930476643714, 0.04892656818944641, 0.04890495618957558, 0.04885901403620985, 0.04877544304589043, 0.04858058749470673, 0.048335394067689164, 0.047259609773887545, 0.04631000936873242, 0.044702592975693456, 0.04454314936233328, 0.04422426191979911, 0.04413087576321195, 0.04396458469041409, 0.04381085424587661, 0.0437504852674645, 0.043720080007422446, 0.043716537545640755, 0.043715692249903015, 0.04371552000452683, 0.04371551725790468, 0.04371551406869567]}, "6": {"maxiter": 500, "fatol": 1e-10, "xatol": 1e-05, "duration": 0.22940802574157715, "fun": "0.043715512630708386", "nit": "500", "nfev": "765", "status": "2", "success": "False", "message": "Maximum number of iterations has been exceeded.", "x": "[ 4.68724014  2.92830058  0.92980082  4.49600665 -1.54366577  2.30364994]", "final_simplex": "(array([[ 4.68724014,  2.92830058,  0.92980082,  4.49600665, -1.54366577,\n         2.30364994],\n       [ 4.68728675,  2.92832208,  0.92990305,  4.49600165, -1.54362809,\n         2.30367744],\n       [ 4.68723966,  2.92836241,  0.92980734,  4.49604805, -1.54370962,\n         2.30353446],\n       [ 4.68725693,  2.92830681,  0.92981339,  4.49597792, -1.54369521,\n         2.30357807],\n       [ 4.68727232,  2.92829143,  0.92993249,  4.49599245, -1.54366209,\n         2.30361372],\n       [ 4.68721455,  2.92832181,  0.92973548,  4.49604951, -1.54370243,\n         2.30348273],\n       [ 4.68725419,  2.92830583,  0.92995136,  4.49593549, -1.54365197,\n         2.30368908]]), array([0.04371551, 0.04371551, 0.04371551, 0.04371551, 0.04371551,\n       0.04371551, 0.04371551]))", "callback": [0.7118198272017537, 0.5460109795353625, 0.4465899880049474, 0.4004416345763536, 0.3771971747663535, 0.36430916276179315, 0.344179752018125, 0.3274361863008455, 0.32437147684169376, 0.3239212943150501, 0.32324516155269556, 0.32144171313605674, 0.3084863614264304, 0.1519155458925786, 0.08284616067142248, 0.058101330746890834, 0.058101330746890834, 0.05295248898689453, 0.052373612063911446, 0.051961813512106825, 0.05067450735949652, 0.04970810338310905, 0.04931202515100119, 0.049110022650087126, 0.049018012408276745, 0.04896127983501042, 0.04894778229862751, 0.048936930476643714, 0.04892656818944641, 0.04890495618957558, 0.04885901403620985, 0.04877544304589043, 0.04858058749470673, 0.048335394067689164, 0.047259609773887545, 0.04631000936873242, 0.044702592975693456, 0.04454314936233328, 0.04422426191979911, 0.04413087576321195, 0.04396458469041409, 0.04381085424587661, 0.0437504852674645, 0.043720080007422446, 0.043716537545640755, 0.043715692249903015, 0.04371552000452683, 0.04371551725790468, 0.04371551406869567]}, "7": {"maxiter": 500, "fatol": 1e-10, "xatol": 1e-10, "duration": 0.23940730094909668, "fun": "0.043715512630708386", "nit": "500", "nfev": "765", "status": "2", "success": "False", "message": "Maximum number of iterations has been exceeded.", "x": "[ 4.68724014  2.92830058  0.92980082  4.49600665 -1.54366577  2.30364994]", "final_simplex": "(array([[ 4.68724014,  2.92830058,  0.92980082,  4.49600665, -1.54366577,\n         2.30364994],\n       [ 4.68728675,  2.92832208,  0.92990305,  4.49600165, -1.54362809,\n         2.30367744],\n       [ 4.68723966,  2.92836241,  0.92980734,  4.49604805, -1.54370962,\n         2.30353446],\n       [ 4.68725693,  2.92830681,  0.92981339,  4.49597792, -1.54369521,\n         2.30357807],\n       [ 4.68727232,  2.92829143,  0.92993249,  4.49599245, -1.54366209,\n         2.30361372],\n       [ 4.68721455,  2.92832181,  0.92973548,  4.49604951, -1.54370243,\n         2.30348273],\n       [ 4.68725419,  2.92830583,  0.92995136,  4.49593549, -1.54365197,\n         2.30368908]]), array([0.04371551, 0.04371551, 0.04371551, 0.04371551, 0.04371551,\n       0.04371551, 0.04371551]))", "callback": [0.7118198272017537, 0.5460109795353625, 0.4465899880049474, 0.4004416345763536, 0.3771971747663535, 0.36430916276179315, 0.344179752018125, 0.3274361863008455, 0.32437147684169376, 0.3239212943150501, 0.32324516155269556, 0.32144171313605674, 0.3084863614264304, 0.1519155458925786, 0.08284616067142248, 0.058101330746890834, 0.058101330746890834, 0.05295248898689453, 0.052373612063911446, 0.051961813512106825, 0.05067450735949652, 0.04970810338310905, 0.04931202515100119, 0.049110022650087126, 0.049018012408276745, 0.04896127983501042, 0.04894778229862751, 0.048936930476643714, 0.04892656818944641, 0.04890495618957558, 0.04885901403620985, 0.04877544304589043, 0.04858058749470673, 0.048335394067689164, 0.047259609773887545, 0.04631000936873242, 0.044702592975693456, 0.04454314936233328, 0.04422426191979911, 0.04413087576321195, 0.04396458469041409, 0.04381085424587661, 0.0437504852674645, 0.043720080007422446, 0.043716537545640755, 0.043715692249903015, 0.04371552000452683, 0.04371551725790468, 0.04371551406869567]}, "8": {"maxiter": 1000, "fatol": 1e-05, "xatol": 1e-05, "duration": 0.29646897315979004, "fun": "0.04371551175681232", "nit": "549", "nfev": "845", "status": "0", "success": "True", "message": "Optimization terminated successfully.", "x": "[ 4.68729131  2.92829752  0.92987939  4.49601195 -1.54370331  2.30366134]", "final_simplex": "(array([[ 4.68729131,  2.92829752,  0.92987939,  4.49601195, -1.54370331,\n         2.30366134],\n       [ 4.68729144,  2.92829738,  0.9298784 ,  4.49601304, -1.54370513,\n         2.30366318],\n       [ 4.68729243,  2.92829619,  0.92988751,  4.49601095, -1.54370165,\n         2.30366686],\n       [ 4.68729519,  2.92829781,  0.92988878,  4.49601024, -1.54370126,\n         2.30367023],\n       [ 4.68729096,  2.92829697,  0.92988315,  4.49600991, -1.5437043 ,\n         2.30366398],\n       [ 4.68729226,  2.9282983 ,  0.92988393,  4.49601342, -1.54370347,\n         2.30365994],\n       [ 4.68728893,  2.92829908,  0.92988209,  4.49601139, -1.54370087,\n         2.30366311]]), array([0.04371551, 0.04371551, 0.04371551, 0.04371551, 0.04371551,\n       0.04371551, 0.04371551]))", "callback": [0.7118198272017537, 0.5460109795353625, 0.4465899880049474, 0.4004416345763536, 0.3771971747663535, 0.36430916276179315, 0.344179752018125, 0.3274361863008455, 0.32437147684169376, 0.3239212943150501, 0.32324516155269556, 0.32144171313605674, 0.3084863614264304, 0.1519155458925786, 0.08284616067142248, 0.058101330746890834, 0.058101330746890834, 0.05295248898689453, 0.052373612063911446, 0.051961813512106825, 0.05067450735949652, 0.04970810338310905, 0.04931202515100119, 0.049110022650087126, 0.049018012408276745, 0.04896127983501042, 0.04894778229862751, 0.048936930476643714, 0.04892656818944641, 0.04890495618957558, 0.04885901403620985, 0.04877544304589043, 0.04858058749470673, 0.048335394067689164, 0.047259609773887545, 0.04631000936873242, 0.044702592975693456, 0.04454314936233328, 0.04422426191979911, 0.04413087576321195, 0.04396458469041409, 0.04381085424587661, 0.0437504852674645, 0.043720080007422446, 0.043716537545640755, 0.043715692249903015, 0.04371552000452683, 0.04371551725790468, 0.04371551406869567, 0.043715512630708386, 0.04371551213000746, 0.043715511912369664, 0.04371551178248001, 0.043715511759170655]}, "9": {"maxiter": 1000, "fatol": 1e-05, "xatol": 1e-10, "duration": 0.33644700050354004, "fun": "0.043715511756128866", "nit": "651", "nfev": "1082", "status": "0", "success": "True", "message": "Optimization terminated successfully.", "x": "[ 4.6872916   2.92829745  0.92988159  4.49601222 -1.5437028   2.30366417]", "final_simplex": "(array([[ 4.6872916 ,  2.92829745,  0.92988159,  4.49601222, -1.5437028 ,\n         2.30366417],\n       [ 4.6872916 ,  2.92829745,  0.92988159,  4.49601222, -1.5437028 ,\n         2.30366417],\n       [ 4.6872916 ,  2.92829745,  0.92988159,  4.49601222, -1.5437028 ,\n         2.30366417],\n       [ 4.6872916 ,  2.92829745,  0.92988159,  4.49601222, -1.5437028 ,\n         2.30366417],\n       [ 4.6872916 ,  2.92829745,  0.92988159,  4.49601222, -1.5437028 ,\n         2.30366417],\n       [ 4.6872916 ,  2.92829745,  0.92988159,  4.49601222, -1.5437028 ,\n         2.30366417],\n       [ 4.6872916 ,  2.92829745,  0.92988159,  4.49601222, -1.5437028 ,\n         2.30366417]]), array([0.04371551, 0.04371551, 0.04371551, 0.04371551, 0.04371551,\n       0.04371551, 0.04371551]))", "callback": [0.7118198272017537, 0.5460109795353625, 0.4465899880049474, 0.4004416345763536, 0.3771971747663535, 0.36430916276179315, 0.344179752018125, 0.3274361863008455, 0.32437147684169376, 0.3239212943150501, 0.32324516155269556, 0.32144171313605674, 0.3084863614264304, 0.1519155458925786, 0.08284616067142248, 0.058101330746890834, 0.058101330746890834, 0.05295248898689453, 0.052373612063911446, 0.051961813512106825, 0.05067450735949652, 0.04970810338310905, 0.04931202515100119, 0.049110022650087126, 0.049018012408276745, 0.04896127983501042, 0.04894778229862751, 0.048936930476643714, 0.04892656818944641, 0.04890495618957558, 0.04885901403620985, 0.04877544304589043, 0.04858058749470673, 0.048335394067689164, 0.047259609773887545, 0.04631000936873242, 0.044702592975693456, 0.04454314936233328, 0.04422426191979911, 0.04413087576321195, 0.04396458469041409, 0.04381085424587661, 0.0437504852674645, 0.043720080007422446, 0.043716537545640755, 0.043715692249903015, 0.04371552000452683, 0.04371551725790468, 0.04371551406869567, 0.043715512630708386, 0.04371551213000746, 0.043715511912369664, 0.04371551178248001, 0.043715511759170655, 0.04371551175669397, 0.04371551175623889, 0.04371551175614852, 0.043715511756132086, 0.04371551175613053, 0.04371551175612909, 0.04371551175612909, 0.04371551175612898, 0.043715511756128866, 0.043715511756128866, 0.043715511756128866]}, "10": {"maxiter": 1000, "fatol": 1e-10, "xatol": 1e-05, "duration": 0.24945616722106934, "fun": "0.04371551175681232", "nit": "549", "nfev": "845", "status": "0", "success": "True", "message": "Optimization terminated successfully.", "x": "[ 4.68729131  2.92829752  0.92987939  4.49601195 -1.54370331  2.30366134]", "final_simplex": "(array([[ 4.68729131,  2.92829752,  0.92987939,  4.49601195, -1.54370331,\n         2.30366134],\n       [ 4.68729144,  2.92829738,  0.9298784 ,  4.49601304, -1.54370513,\n         2.30366318],\n       [ 4.68729243,  2.92829619,  0.92988751,  4.49601095, -1.54370165,\n         2.30366686],\n       [ 4.68729519,  2.92829781,  0.92988878,  4.49601024, -1.54370126,\n         2.30367023],\n       [ 4.68729096,  2.92829697,  0.92988315,  4.49600991, -1.5437043 ,\n         2.30366398],\n       [ 4.68729226,  2.9282983 ,  0.92988393,  4.49601342, -1.54370347,\n         2.30365994],\n       [ 4.68728893,  2.92829908,  0.92988209,  4.49601139, -1.54370087,\n         2.30366311]]), array([0.04371551, 0.04371551, 0.04371551, 0.04371551, 0.04371551,\n       0.04371551, 0.04371551]))", "callback": [0.7118198272017537, 0.5460109795353625, 0.4465899880049474, 0.4004416345763536, 0.3771971747663535, 0.36430916276179315, 0.344179752018125, 0.3274361863008455, 0.32437147684169376, 0.3239212943150501, 0.32324516155269556, 0.32144171313605674, 0.3084863614264304, 0.1519155458925786, 0.08284616067142248, 0.058101330746890834, 0.058101330746890834, 0.05295248898689453, 0.052373612063911446, 0.051961813512106825, 0.05067450735949652, 0.04970810338310905, 0.04931202515100119, 0.049110022650087126, 0.049018012408276745, 0.04896127983501042, 0.04894778229862751, 0.048936930476643714, 0.04892656818944641, 0.04890495618957558, 0.04885901403620985, 0.04877544304589043, 0.04858058749470673, 0.048335394067689164, 0.047259609773887545, 0.04631000936873242, 0.044702592975693456, 0.04454314936233328, 0.04422426191979911, 0.04413087576321195, 0.04396458469041409, 0.04381085424587661, 0.0437504852674645, 0.043720080007422446, 0.043716537545640755, 0.043715692249903015, 0.04371552000452683, 0.04371551725790468, 0.04371551406869567, 0.043715512630708386, 0.04371551213000746, 0.043715511912369664, 0.04371551178248001, 0.043715511759170655]}, "11": {"maxiter": 1000, "fatol": 1e-10, "xatol": 1e-10, "duration": 0.3225867748260498, "fun": "0.043715511756128866", "nit": "651", "nfev": "1082", "status": "0", "success": "True", "message": "Optimization terminated successfully.", "x": "[ 4.6872916   2.92829745  0.92988159  4.49601222 -1.5437028   2.30366417]", "final_simplex": "(array([[ 4.6872916 ,  2.92829745,  0.92988159,  4.49601222, -1.5437028 ,\n         2.30366417],\n       [ 4.6872916 ,  2.92829745,  0.92988159,  4.49601222, -1.5437028 ,\n         2.30366417],\n       [ 4.6872916 ,  2.92829745,  0.92988159,  4.49601222, -1.5437028 ,\n         2.30366417],\n       [ 4.6872916 ,  2.92829745,  0.92988159,  4.49601222, -1.5437028 ,\n         2.30366417],\n       [ 4.6872916 ,  2.92829745,  0.92988159,  4.49601222, -1.5437028 ,\n         2.30366417],\n       [ 4.6872916 ,  2.92829745,  0.92988159,  4.49601222, -1.5437028 ,\n         2.30366417],\n       [ 4.6872916 ,  2.92829745,  0.92988159,  4.49601222, -1.5437028 ,\n         2.30366417]]), array([0.04371551, 0.04371551, 0.04371551, 0.04371551, 0.04371551,\n       0.04371551, 0.04371551]))", "callback": [0.7118198272017537, 0.5460109795353625, 0.4465899880049474, 0.4004416345763536, 0.3771971747663535, 0.36430916276179315, 0.344179752018125, 0.3274361863008455, 0.32437147684169376, 0.3239212943150501, 0.32324516155269556, 0.32144171313605674, 0.3084863614264304, 0.1519155458925786, 0.08284616067142248, 0.058101330746890834, 0.058101330746890834, 0.05295248898689453, 0.052373612063911446, 0.051961813512106825, 0.05067450735949652, 0.04970810338310905, 0.04931202515100119, 0.049110022650087126, 0.049018012408276745, 0.04896127983501042, 0.04894778229862751, 0.048936930476643714, 0.04892656818944641, 0.04890495618957558, 0.04885901403620985, 0.04877544304589043, 0.04858058749470673, 0.048335394067689164, 0.047259609773887545, 0.04631000936873242, 0.044702592975693456, 0.04454314936233328, 0.04422426191979911, 0.04413087576321195, 0.04396458469041409, 0.04381085424587661, 0.0437504852674645, 0.043720080007422446, 0.043716537545640755, 0.043715692249903015, 0.04371552000452683, 0.04371551725790468, 0.04371551406869567, 0.043715512630708386, 0.04371551213000746, 0.043715511912369664, 0.04371551178248001, 0.043715511759170655, 0.04371551175669397, 0.04371551175623889, 0.04371551175614852, 0.043715511756132086, 0.04371551175613053, 0.04371551175612909, 0.04371551175612909, 0.04371551175612898, 0.043715511756128866, 0.043715511756128866, 0.043715511756128866]}}, "bfgs": {"type": "gradient", "0": {"maxiter": 100, "gtol": 1e-05, "xrtol": 1e-05, "eps": 1e-05, "duration": 0.10892796516418457, "fun": "0.04371551204563462", "jac": "[ 2.82208701e-06 -3.56632501e-06  3.42865736e-06  1.88395966e-06\n -7.35552730e-06 -7.13706871e-07]", "hess_inv": "[[  6.43494778   1.11044544 -10.41279521   2.90091714  -2.4706781\n   -9.6128122 ]\n [  1.11044544   2.60278947  -2.69641122   1.43228761   0.06316863\n   -2.81779116]\n [-10.41279521  -2.69641122  31.3972684  -10.74099366   7.76919479\n   25.20112853]\n [  2.90091714   1.43228761 -10.74099366   6.70609118  -3.11139023\n  -10.6894293 ]\n [ -2.4706781    0.06316863   7.76919479  -3.11139023   4.68201159\n    8.1156848 ]\n [ -9.6128122   -2.81779116  25.20112853 -10.6894293    8.1156848\n   29.28996591]]", "nfev": "343", "njev": "49", "status": "0", "success": "True", "message": "Optimization terminated successfully.", "x": "[ 1.5959023  -0.21331717  4.07145629  4.49602341 -1.54374564  8.58680203]", "nit": "40", "callback": [0.11055476921481378, 0.1030772452823796, 0.05207054988127968, 0.04371551204563462]}, "1": {"maxiter": 100, "gtol": 1e-05, "xrtol": 1e-05, "eps": 1e-10, "duration": 0.12981510162353516, "fun": "0.04371551189564493", "jac": "[ 7.77156053e-06 -2.22044587e-06  3.33066880e-06  6.66133760e-06\n  7.77156053e-06 -4.44089173e-06]", "hess_inv": "[[  6.52953498   1.21875424 -10.79244569   2.95287389  -2.30804618\n   -9.80069068]\n [  1.21875424   2.69288905  -3.02728661   1.61148066   0.20435425\n   -3.04693373]\n [-10.79244569  -3.02728661  33.33081772 -11.21761924   7.48316294\n   25.87760083]\n [  2.95287389   1.61148066 -11.21761924   6.50660195  -2.94075131\n  -10.47708297]\n [ -2.30804618   0.20435425   7.48316294  -2.94075131   4.4280012\n    7.23313139]\n [ -9.80069068  -3.04693373  25.87760083 -10.47708297   7.23313139\n   29.01449279]]", "nfev": "364", "njev": "52", "status": "0", "success": "True", "message": "Optimization terminated successfully.", "x": "[ 1.59589809 -0.21329637  4.07149607  4.49602059 -1.54368862  8.58684115]", "nit": "43", "callback": [0.1105556884457709, 0.10307650175215533, 0.060815248547168244, 0.04371634382255429]}, "2": {"maxiter": 100, "gtol": 1e-05, "xrtol": 1e-10, "eps": 1e-05, "duration": 0.10636401176452637, "fun": "0.04371551204563462", "jac": "[ 2.82208701e-06 -3.56632501e-06  3.42865736e-06  1.88395966e-06\n -7.35552730e-06 -7.13706871e-07]", "hess_inv": "[[  6.43494778   1.11044544 -10.41279521   2.90091714  -2.4706781\n   -9.6128122 ]\n [  1.11044544   2.60278947  -2.69641122   1.43228761   0.06316863\n   -2.81779116]\n [-10.41279521  -2.69641122  31.3972684  -10.74099366   7.76919479\n   25.20112853]\n [  2.90091714   1.43228761 -10.74099366   6.70609118  -3.11139023\n  -10.6894293 ]\n [ -2.4706781    0.06316863   7.76919479  -3.11139023   4.68201159\n    8.1156848 ]\n [ -9.6128122   -2.81779116  25.20112853 -10.6894293    8.1156848\n   29.28996591]]", "nfev": "343", "njev": "49", "status": "0", "success": "True", "message": "Optimization terminated successfully.", "x": "[ 1.5959023  -0.21331717  4.07145629  4.49602341 -1.54374564  8.58680203]", "nit": "40", "callback": [0.11055476921481378, 0.1030772452823796, 0.05207054988127968, 0.04371551204563462]}, "3": {"maxiter": 100, "gtol": 1e-05, "xrtol": 1e-10, "eps": 1e-10, "duration": 0.11174607276916504, "fun": "0.04371551189564493", "jac": "[ 7.77156053e-06 -2.22044587e-06  3.33066880e-06  6.66133760e-06\n  7.77156053e-06 -4.44089173e-06]", "hess_inv": "[[  6.52953498   1.21875424 -10.79244569   2.95287389  -2.30804618\n   -9.80069068]\n [  1.21875424   2.69288905  -3.02728661   1.61148066   0.20435425\n   -3.04693373]\n [-10.79244569  -3.02728661  33.33081772 -11.21761924   7.48316294\n   25.87760083]\n [  2.95287389   1.61148066 -11.21761924   6.50660195  -2.94075131\n  -10.47708297]\n [ -2.30804618   0.20435425   7.48316294  -2.94075131   4.4280012\n    7.23313139]\n [ -9.80069068  -3.04693373  25.87760083 -10.47708297   7.23313139\n   29.01449279]]", "nfev": "364", "njev": "52", "status": "0", "success": "True", "message": "Optimization terminated successfully.", "x": "[ 1.59589809 -0.21329637  4.07149607  4.49602059 -1.54368862  8.58684115]", "nit": "43", "callback": [0.1105556884457709, 0.10307650175215533, 0.060815248547168244, 0.04371634382255429]}, "4": {"maxiter": 100, "gtol": 1e-10, "xrtol": 1e-05, "eps": 1e-05, "duration": 0.1128089427947998, "fun": "0.043715511803373186", "jac": "[-8.65973959e-10 -1.03007602e-06  1.93423055e-07  3.29491989e-07\n -1.63913327e-07 -1.06847864e-07]", "hess_inv": "[[  6.42699306   1.12499671 -10.36640972   2.8955277   -2.48733197\n   -9.57794833]\n [  1.12499671   2.57839385  -2.76243418   1.44352987   0.07458993\n   -2.87820862]\n [-10.36640972  -2.76243418  31.28629386 -10.69784571   7.70497987\n   25.02627646]\n [  2.8955277    1.44352987 -10.69784571   6.70330106  -3.13452822\n  -10.66371824]\n [ -2.48733197   0.07458993   7.70497987  -3.13452822   4.81031153\n    8.15990505]\n [ -9.57794833  -2.87820862  25.02627646 -10.66371824   8.15990505\n   29.14223773]]", "nfev": "350", "njev": "50", "status": "0", "success": "True", "message": "Optimization terminated successfully.", "x": "[ 1.59589313 -0.2133059   4.07146312  4.49601377 -1.54371766  8.5868339 ]", "nit": "41", "callback": [0.11055476921481378, 0.1030772452823796, 0.05207054988127968, 0.04371551204563462]}, "5": {"maxiter": 100, "gtol": 1e-10, "xrtol": 1e-05, "eps": 1e-10, "duration": 0.11957788467407227, "fun": "0.04371551184153366", "jac": "[ 1.11022293e-06 -6.66133760e-06  0.00000000e+00  0.00000000e+00\n  5.55111466e-06 -3.33066880e-06]", "hess_inv": "[[ 5.43495143  0.84860948 -8.68569631  2.02850494 -2.00015968 -7.34582186]\n [ 0.84860948  2.56780576 -2.32320408  1.29850808  0.30496179 -2.2187418 ]\n [-8.68569631 -2.32320408 30.09357084 -9.40046371  7.23457198 21.34369663]\n [ 2.02850494  1.29850808 -9.40046371  5.72774602 -2.66474734 -8.39508065]\n [-2.00015968  0.30496179  7.23457198 -2.66474734  4.48612972  6.62297755]\n [-7.34582186 -2.2187418  21.34369663 -8.39508065  6.62297755 23.55346922]]", "nfev": "378", "njev": "54", "status": "0", "success": "True", "message": "Optimization terminated successfully.", "x": "[ 1.59588746 -0.21329992  4.07151209  4.4960114  -1.5436875   8.58686396]", "nit": "44", "callback": [0.1105556884457709, 0.10307650175215533, 0.060815248547168244, 0.04371634382255429]}, "6": {"maxiter": 100, "gtol": 1e-10, "xrtol": 1e-10, "eps": 1e-05, "duration": 0.17488312721252441, "fun": "0.04371551179142319", "jac": "[ 2.91877633e-08 -6.00963723e-08  1.40887302e-08  4.39759340e-08\n  5.21138688e-08 -5.82867088e-09]", "hess_inv": "[[  6.3328719    1.08048727 -10.27880735   2.85056815  -2.42710785\n   -9.42554064]\n [  1.08048727   2.82440208  -2.85648066   1.3350589    0.23745275\n   -2.69149828]\n [-10.27880735  -2.85648066  31.26208795 -10.61145777   7.55456603\n   24.80731223]\n [  2.85056815   1.3350589  -10.61145777   6.71029607  -3.14894991\n  -10.62784963]\n [ -2.42710785   0.23745275   7.55456603  -3.14894991   4.77919662\n    8.07649321]\n [ -9.42554064  -2.69149828  24.80731223 -10.62784963   8.07649321\n   28.91311287]]", "nfev": "516", "njev": "72", "status": "2", "success": "False", "message": "Desired error not necessarily achieved due to precision loss.", "x": "[ 1.59589392 -0.21330322  4.0714616   4.49601338 -1.54371611  8.58683425]", "nit": "42", "callback": [0.11055476921481378, 0.1030772452823796, 0.05207054988127968, 0.04371551204563462]}, "7": {"maxiter": 100, "gtol": 1e-10, "xrtol": 1e-10, "eps": 1e-10, "duration": 0.15765595436096191, "fun": "0.04371551179681321", "jac": "[ 1.11022293e-06  3.33066880e-06  3.33066880e-06 -3.33066880e-06\n  2.22044587e-06  0.00000000e+00]", "hess_inv": "[[ 2.49340374  0.74045934  1.05408549  1.93389348 -2.0269055   1.46149146]\n [ 0.74045934  0.6027034   0.00388908  0.54374562 -0.81977035  0.73151893]\n [ 1.05408549  0.00388908  1.47806816  1.37943633 -0.79040013  0.51567309]\n [ 1.93389348  0.54374562  1.37943633  2.02608323 -1.71112051  1.24404883]\n [-2.0269055  -0.81977035 -0.79040013 -1.71112051  1.85699234 -1.40701187]\n [ 1.46149146  0.73151893  0.51567309  1.24404883 -1.40701187  1.16496887]]", "nfev": "504", "njev": "72", "status": "0", "success": "True", "message": "Optimization terminated successfully.", "x": "[ 1.59587781 -0.21329275  4.0715158   4.49600006 -1.54368575  8.58688469]", "nit": "53", "callback": [0.1105556884457709, 0.10307650175215533, 0.060815248547168244, 0.04371634382255429, 0.043715511816166064]}, "8": {"maxiter": 500, "gtol": 1e-05, "xrtol": 1e-05, "eps": 1e-05, "duration": 0.10566926002502441, "fun": "0.04371551204563462", "jac": "[ 2.82208701e-06 -3.56632501e-06  3.42865736e-06  1.88395966e-06\n -7.35552730e-06 -7.13706871e-07]", "hess_inv": "[[  6.43494778   1.11044544 -10.41279521   2.90091714  -2.4706781\n   -9.6128122 ]\n [  1.11044544   2.60278947  -2.69641122   1.43228761   0.06316863\n   -2.81779116]\n [-10.41279521  -2.69641122  31.3972684  -10.74099366   7.76919479\n   25.20112853]\n [  2.90091714   1.43228761 -10.74099366   6.70609118  -3.11139023\n  -10.6894293 ]\n [ -2.4706781    0.06316863   7.76919479  -3.11139023   4.68201159\n    8.1156848 ]\n [ -9.6128122   -2.81779116  25.20112853 -10.6894293    8.1156848\n   29.28996591]]", "nfev": "343", "njev": "49", "status": "0", "success": "True", "message": "Optimization terminated successfully.", "x": "[ 1.5959023  -0.21331717  4.07145629  4.49602341 -1.54374564  8.58680203]", "nit": "40", "callback": [0.11055476921481378, 0.1030772452823796, 0.05207054988127968, 0.04371551204563462]}, "9": {"maxiter": 500, "gtol": 1e-05, "xrtol": 1e-05, "eps": 1e-10, "duration": 0.11062312126159668, "fun": "0.04371551189564493", "jac": "[ 7.77156053e-06 -2.22044587e-06  3.33066880e-06  6.66133760e-06\n  7.77156053e-06 -4.44089173e-06]", "hess_inv": "[[  6.52953498   1.21875424 -10.79244569   2.95287389  -2.30804618\n   -9.80069068]\n [  1.21875424   2.69288905  -3.02728661   1.61148066   0.20435425\n   -3.04693373]\n [-10.79244569  -3.02728661  33.33081772 -11.21761924   7.48316294\n   25.87760083]\n [  2.95287389   1.61148066 -11.21761924   6.50660195  -2.94075131\n  -10.47708297]\n [ -2.30804618   0.20435425   7.48316294  -2.94075131   4.4280012\n    7.23313139]\n [ -9.80069068  -3.04693373  25.87760083 -10.47708297   7.23313139\n   29.01449279]]", "nfev": "364", "njev": "52", "status": "0", "success": "True", "message": "Optimization terminated successfully.", "x": "[ 1.59589809 -0.21329637  4.07149607  4.49602059 -1.54368862  8.58684115]", "nit": "43", "callback": [0.1105556884457709, 0.10307650175215533, 0.060815248547168244, 0.04371634382255429]}, "10": {"maxiter": 500, "gtol": 1e-05, "xrtol": 1e-10, "eps": 1e-05, "duration": 0.11262702941894531, "fun": "0.04371551204563462", "jac": "[ 2.82208701e-06 -3.56632501e-06  3.42865736e-06  1.88395966e-06\n -7.35552730e-06 -7.13706871e-07]", "hess_inv": "[[  6.43494778   1.11044544 -10.41279521   2.90091714  -2.4706781\n   -9.6128122 ]\n [  1.11044544   2.60278947  -2.69641122   1.43228761   0.06316863\n   -2.81779116]\n [-10.41279521  -2.69641122  31.3972684  -10.74099366   7.76919479\n   25.20112853]\n [  2.90091714   1.43228761 -10.74099366   6.70609118  -3.11139023\n  -10.6894293 ]\n [ -2.4706781    0.06316863   7.76919479  -3.11139023   4.68201159\n    8.1156848 ]\n [ -9.6128122   -2.81779116  25.20112853 -10.6894293    8.1156848\n   29.28996591]]", "nfev": "343", "njev": "49", "status": "0", "success": "True", "message": "Optimization terminated successfully.", "x": "[ 1.5959023  -0.21331717  4.07145629  4.49602341 -1.54374564  8.58680203]", "nit": "40", "callback": [0.11055476921481378, 0.1030772452823796, 0.05207054988127968, 0.04371551204563462]}, "11": {"maxiter": 500, "gtol": 1e-05, "xrtol": 1e-10, "eps": 1e-10, "duration": 0.10846900939941406, "fun": "0.04371551189564493", "jac": "[ 7.77156053e-06 -2.22044587e-06  3.33066880e-06  6.66133760e-06\n  7.77156053e-06 -4.44089173e-06]", "hess_inv": "[[  6.52953498   1.21875424 -10.79244569   2.95287389  -2.30804618\n   -9.80069068]\n [  1.21875424   2.69288905  -3.02728661   1.61148066   0.20435425\n   -3.04693373]\n [-10.79244569  -3.02728661  33.33081772 -11.21761924   7.48316294\n   25.87760083]\n [  2.95287389   1.61148066 -11.21761924   6.50660195  -2.94075131\n  -10.47708297]\n [ -2.30804618   0.20435425   7.48316294  -2.94075131   4.4280012\n    7.23313139]\n [ -9.80069068  -3.04693373  25.87760083 -10.47708297   7.23313139\n   29.01449279]]", "nfev": "364", "njev": "52", "status": "0", "success": "True", "message": "Optimization terminated successfully.", "x": "[ 1.59589809 -0.21329637  4.07149607  4.49602059 -1.54368862  8.58684115]", "nit": "43", "callback": [0.1105556884457709, 0.10307650175215533, 0.060815248547168244, 0.04371634382255429]}, "12": {"maxiter": 500, "gtol": 1e-10, "xrtol": 1e-05, "eps": 1e-05, "duration": 0.11095094680786133, "fun": "0.043715511803373186", "jac": "[-8.65973959e-10 -1.03007602e-06  1.93423055e-07  3.29491989e-07\n -1.63913327e-07 -1.06847864e-07]", "hess_inv": "[[  6.42699306   1.12499671 -10.36640972   2.8955277   -2.48733197\n   -9.57794833]\n [  1.12499671   2.57839385  -2.76243418   1.44352987   0.07458993\n   -2.87820862]\n [-10.36640972  -2.76243418  31.28629386 -10.69784571   7.70497987\n   25.02627646]\n [  2.8955277    1.44352987 -10.69784571   6.70330106  -3.13452822\n  -10.66371824]\n [ -2.48733197   0.07458993   7.70497987  -3.13452822   4.81031153\n    8.15990505]\n [ -9.57794833  -2.87820862  25.02627646 -10.66371824   8.15990505\n   29.14223773]]", "nfev": "350", "njev": "50", "status": "0", "success": "True", "message": "Optimization terminated successfully.", "x": "[ 1.59589313 -0.2133059   4.07146312  4.49601377 -1.54371766  8.5868339 ]", "nit": "41", "callback": [0.11055476921481378, 0.1030772452823796, 0.05207054988127968, 0.04371551204563462]}, "13": {"maxiter": 500, "gtol": 1e-10, "xrtol": 1e-05, "eps": 1e-10, "duration": 0.1145930290222168, "fun": "0.04371551184153366", "jac": "[ 1.11022293e-06 -6.66133760e-06  0.00000000e+00  0.00000000e+00\n  5.55111466e-06 -3.33066880e-06]", "hess_inv": "[[ 5.43495143  0.84860948 -8.68569631  2.02850494 -2.00015968 -7.34582186]\n [ 0.84860948  2.56780576 -2.32320408  1.29850808  0.30496179 -2.2187418 ]\n [-8.68569631 -2.32320408 30.09357084 -9.40046371  7.23457198 21.34369663]\n [ 2.02850494  1.29850808 -9.40046371  5.72774602 -2.66474734 -8.39508065]\n [-2.00015968  0.30496179  7.23457198 -2.66474734  4.48612972  6.62297755]\n [-7.34582186 -2.2187418  21.34369663 -8.39508065  6.62297755 23.55346922]]", "nfev": "378", "njev": "54", "status": "0", "success": "True", "message": "Optimization terminated successfully.", "x": "[ 1.59588746 -0.21329992  4.07151209  4.4960114  -1.5436875   8.58686396]", "nit": "44", "callback": [0.1105556884457709, 0.10307650175215533, 0.060815248547168244, 0.04371634382255429]}, "14": {"maxiter": 500, "gtol": 1e-10, "xrtol": 1e-10, "eps": 1e-05, "duration": 0.1536998748779297, "fun": "0.04371551179142319", "jac": "[ 2.91877633e-08 -6.00963723e-08  1.40887302e-08  4.39759340e-08\n  5.21138688e-08 -5.82867088e-09]", "hess_inv": "[[  6.3328719    1.08048727 -10.27880735   2.85056815  -2.42710785\n   -9.42554064]\n [  1.08048727   2.82440208  -2.85648066   1.3350589    0.23745275\n   -2.69149828]\n [-10.27880735  -2.85648066  31.26208795 -10.61145777   7.55456603\n   24.80731223]\n [  2.85056815   1.3350589  -10.61145777   6.71029607  -3.14894991\n  -10.62784963]\n [ -2.42710785   0.23745275   7.55456603  -3.14894991   4.77919662\n    