{"date": "2024/09/24/, 04:44:30", "conf_id": 265, "data_type": "var_s_rank\n", "num_data_points": 2, "s_rank": 0, "unitary": "[[-0.45070455-0.02711853j,0.78437395-0.06613086j,0.06358678+0.19963393j,-0.07343613+0.35668523j],[-0.01890143-0.03813363j,0.32408202+0.25557629j,0.05872864-0.68979805j,0.55466693-0.20227297j],[-0.11215405+0.64023111j,-0.13344055+0.29565494j,-0.49012687-0.19046288j,-0.04241254+0.44046348j],[0.55771659+0.24656916j,0.31851997-0.05798805j,0.28761525-0.34294258j,-0.56718418+0.03616933j]]", "databatch_0": {"databatch": "[[[-0.45992484-0.02333481j,0.39353573+0.09696956j,-0.26105192-0.18941277j,-0.33900596-0.29366683j],[-0.14504891+0.18483261j,-0.13643908+0.00962699j,-0.05581545+0.10396064j,-0.08967967+0.00350021j],[-0.00329967-0.07534438j,-0.12307946+0.03130265j,-0.08667407-0.10365889j,0.24827742+0.00798827j],[0.07510016+0.12590156j,-0.18327479-0.08242714j,0.10004503+0.19726622j,-0.04166704+0.09087795j]],[[-0.14157099+0.05495737j,-0.16448803+0.06095768j,0.55942326-0.03301139j,-0.46538062-0.1293768j],[-0.05738236+0.07124044j,-0.06754168+0.08126087j,0.28210045-0.18537931j,-0.28181894+0.07234496j],[-0.01581257+0.04594427j,-0.0190799+0.05278341j,0.1074822-0.14351351j,-0.12773729+0.08699302j],[0.02173752+0.06400971j,0.02396839+0.07431608j,-0.00399832-0.24942024j,-0.06642404+0.20449612j]]]", "initial param values": "[2.79135509,1.44652561,5.93794152,2.39432103,2.91523475,5.51207014]", "nelder_mead": {"type": "gradient-free", "0": {"maxiter": 100, "fatol": 1e-05, "xatol": 1e-05, "duration": 0.04339194297790527, "fun": "0.2571581817115465", "nit": "100", "nfev": "160", "status": "2", "success": "False", "message": "Maximum number of iterations has been exceeded.", "x": "[1.10234267 1.09481895 7.01778187 2.38583398 4.26147236 5.97746581]", "final_simplex": "(array([[1.10234267, 1.09481895, 7.01778187, 2.38583398, 4.26147236,\n        5.97746581],\n       [1.12735905, 1.12413143, 6.94780223, 2.38207277, 4.23454123,\n        5.945938  ],\n       [1.12869777, 1.11051828, 6.97167872, 2.39280789, 4.238236  ,\n        5.93465897],\n       [1.12001176, 1.11423281, 6.94437469, 2.384423  , 4.24468323,\n        5.9608106 ],\n       [1.14084259, 1.10805651, 6.95371992, 2.39385549, 4.2482584 ,\n        5.94097952],\n       [1.1228231 , 1.10576306, 6.96585573, 2.3906016 , 4.26131524,\n        5.95303154],\n       [1.1224447 , 1.1060264 , 6.9665915 , 2.38420486, 4.26392135,\n        5.94961887]]), array([0.25715818, 0.25719812, 0.25722154, 0.25722543, 0.25725381,\n       0.25727423, 0.25735104]))", "callback": [0.4342760307785273, 0.3863931003870319, 0.34894424634690224, 0.28401082764026353, 0.26521583698957896, 0.26015683491620023, 0.25794714247716166, 0.2576738007989754, 0.25735103738708687]}, "1": {"maxiter": 100, "fatol": 1e-05, "xatol": 1e-10, "duration": 0.040299177169799805, "fun": "0.2571581817115465", "nit": "100", "nfev": "160", "status": "2", "success": "False", "message": "Maximum number of iterations has been exceeded.", "x": "[1.10234267 1.09481895 7.01778187 2.38583398 4.26147236 5.97746581]", "final_simplex": "(array([[1.10234267, 1.09481895, 7.01778187, 2.38583398, 4.26147236,\n        5.97746581],\n       [1.12735905, 1.12413143, 6.94780223, 2.38207277, 4.23454123,\n        5.945938  ],\n       [1.12869777, 1.11051828, 6.97167872, 2.39280789, 4.238236  ,\n        5.93465897],\n       [1.12001176, 1.11423281, 6.94437469, 2.384423  , 4.24468323,\n        5.9608106 ],\n       [1.14084259, 1.10805651, 6.95371992, 2.39385549, 4.2482584 ,\n        5.94097952],\n       [1.1228231 , 1.10576306, 6.96585573, 2.3906016 , 4.26131524,\n        5.95303154],\n       [1.1224447 , 1.1060264 , 6.9665915 , 2.38420486, 4.26392135,\n        5.94961887]]), array([0.25715818, 0.25719812, 0.25722154, 0.25722543, 0.25725381,\n       0.25727423, 0.25735104]))", "callback": [0.4342760307785273, 0.3863931003870319, 0.34894424634690224, 0.28401082764026353, 0.26521583698957896, 0.26015683491620023, 0.25794714247716166, 0.2576738007989754, 0.25735103738708687]}, "2": {"maxiter": 100, "fatol": 1e-10, "xatol": 1e-05, "duration": 0.04141712188720703, "fun": "0.2571581817115465", "nit": "100", "nfev": "160", "status": "2", "success": "False", "message": "Maximum number of iterations has been exceeded.", "x": "[1.10234267 1.09481895 7.01778187 2.38583398 4.26147236 5.97746581]", "final_simplex": "(array([[1.10234267, 1.09481895, 7.01778187, 2.38583398, 4.26147236,\n        5.97746581],\n       [1.12735905, 1.12413143, 6.94780223, 2.38207277, 4.23454123,\n        5.945938  ],\n       [1.12869777, 1.11051828, 6.97167872, 2.39280789, 4.238236  ,\n        5.93465897],\n       [1.12001176, 1.11423281, 6.94437469, 2.384423  , 4.24468323,\n        5.9608106 ],\n       [1.14084259, 1.10805651, 6.95371992, 2.39385549, 4.2482584 ,\n        5.94097952],\n       [1.1228231 , 1.10576306, 6.96585573, 2.3906016 , 4.26131524,\n        5.95303154],\n       [1.1224447 , 1.1060264 , 6.9665915 , 2.38420486, 4.26392135,\n        5.94961887]]), array([0.25715818, 0.25719812, 0.25722154, 0.25722543, 0.25725381,\n       0.25727423, 0.25735104]))", "callback": [0.4342760307785273, 0.3863931003870319, 0.34894424634690224, 0.28401082764026353, 0.26521583698957896, 0.26015683491620023, 0.25794714247716166, 0.2576738007989754, 0.25735103738708687]}, "3": {"maxiter": 100, "fatol": 1e-10, "xatol": 1e-10, "duration": 0.04144906997680664, "fun": "0.2571581817115465", "nit": "100", "nfev": "160", "status": "2", "success": "False", "message": "Maximum number of iterations has been exceeded.", "x": "[1.10234267 1.09481895 7.01778187 2.38583398 4.26147236 5.97746581]", "final_simplex": "(array([[1.10234267, 1.09481895, 7.01778187, 2.38583398, 4.26147236,\n        5.97746581],\n       [1.12735905, 1.12413143, 6.94780223, 2.38207277, 4.23454123,\n        5.945938  ],\n       [1.12869777, 1.11051828, 6.97167872, 2.39280789, 4.238236  ,\n        5.93465897],\n       [1.12001176, 1.11423281, 6.94437469, 2.384423  , 4.24468323,\n        5.9608106 ],\n       [1.14084259, 1.10805651, 6.95371992, 2.39385549, 4.2482584 ,\n        5.94097952],\n       [1.1228231 , 1.10576306, 6.96585573, 2.3906016 , 4.26131524,\n        5.95303154],\n       [1.1224447 , 1.1060264 , 6.9665915 , 2.38420486, 4.26392135,\n        5.94961887]]), array([0.25715818, 0.25719812, 0.25722154, 0.25722543, 0.25725381,\n       0.25727423, 0.25735104]))", "callback": [0.4342760307785273, 0.3863931003870319, 0.34894424634690224, 0.28401082764026353, 0.26521583698957896, 0.26015683491620023, 0.25794714247716166, 0.2576738007989754, 0.25735103738708687]}, "4": {"maxiter": 500, "fatol": 1e-05, "xatol": 1e-05, "duration": 0.1881699562072754, "fun": "0.249807918768019", "nit": "482", "nfev": "759", "status": "0", "success": "True", "message": "Optimization terminated successfully.", "x": "[1.19164929 0.6566686  7.99824929 1.92462741 3.62058341 6.4378284 ]", "final_simplex": "(array([[1.19164929, 0.6566686 , 7.99824929, 1.92462741, 3.62058341,\n        6.4378284 ],\n       [1.19164963, 0.65666885, 7.99825681, 1.92463056, 3.62058264,\n        6.43782528],\n       [1.19165468, 0.65666935, 7.99825377, 1.92463155, 3.62058021,\n        6.43782637],\n       [1.19165303, 0.65667334, 7.99825191, 1.92462639, 3.62057992,\n        6.43783308],\n       [1.1916519 , 0.65666993, 7.9982492 , 1.92463274, 3.62058958,\n        6.43782592],\n       [1.19165351, 0.65667339, 7.99825009, 1.92462813, 3.62058552,\n        6.43782553],\n       [1.19164735, 0.65667523, 7.99824149, 1.92462885, 3.62058727,\n        6.43782281]]), array([0.24980792, 0.24980792, 0.24980792, 0.24980792, 0.24980792,\n       0.24980792, 0.24980792]))", "callback": [0.4342760307785273, 0.3863931003870319, 0.34894424634690224, 0.28401082764026353, 0.26521583698957896, 0.26015683491620023, 0.25794714247716166, 0.2576738007989754, 0.25735103738708687, 0.2571157439176195, 0.25705698294616597, 0.2570023042683629, 0.256988498860099, 0.2569647619430866, 0.25691118698215876, 0.25672802156387653, 0.25613908730119506, 0.25555310290551425, 0.2553679685444419, 0.25519117002537417, 0.25489555287965004, 0.2539699001051463, 0.25300194549460153, 0.2516336846502012, 0.25024382010717294, 0.2499431945150652, 0.24991669347723278, 0.24987871795595673, 0.24985836521696791, 0.24985134102583706, 0.2498464947927137, 0.24983738109342024, 0.2498231570365046, 0.2498153148277712, 0.24981185615497248, 0.24980922973000674, 0.24980871159774976, 0.24980826389335342, 0.24980803341331392, 0.24980793938387869, 0.24980792376946026, 0.24980791989131568, 0.24980791906447186, 0.24980791884288345, 0.24980791884288345, 0.24980791879836117, 0.24980791877070319, 0.249807918769834]}, "5": {"maxiter": 500, "fatol": 1e-05, "xatol": 1e-10, "duration": 0.2019968032836914, "fun": "0.24980791876573238", "nit": "500", "nfev": "790", "status": "2", "success": "False", "message": "Maximum number of iterations has been exceeded.", "x": "[1.19165335 0.65666712 7.99825773 1.9246267  3.62057995 6.43783096]", "final_simplex": "(array([[1.19165335, 0.65666712, 7.99825773, 1.9246267 , 3.62057995,\n        6.43783096],\n       [1.19165361, 0.65666909, 7.99825592, 1.92462806, 3.62058084,\n        6.43782976],\n       [1.19165336, 0.65666885, 7.99825672, 1.9246273 , 3.62057901,\n        6.43783051],\n       [1.19165244, 0.65666842, 7.99825671, 1.92462801, 3.62058069,\n        6.43782945],\n       [1.19165331, 0.65666826, 7.99825923, 1.92462692, 3.62057994,\n        6.43783155],\n       [1.19165475, 0.65666779, 7.99825857, 1.92462857, 3.62058   ,\n        6.4378314 ],\n       [1.1916557 , 0.65666785, 7.99826045, 1.92462841, 3.62057896,\n        6.43783063]]), array([0.24980792, 0.24980792, 0.24980792, 0.24980792, 0.24980792,\n       0.24980792, 0.24980792]))", "callback": [0.4342760307785273, 0.3863931003870319, 0.34894424634690224, 0.28401082764026353, 0.26521583698957896, 0.26015683491620023, 0.25794714247716166, 0.2576738007989754, 0.25735103738708687, 0.2571157439176195, 0.25705698294616597, 0.2570023042683629, 0.256988498860099, 0.2569647619430866, 0.25691118698215876, 0.25672802156387653, 0.25613908730119506, 0.25555310290551425, 0.2553679685444419, 0.25519117002537417, 0.25489555287965004, 0.2539699001051463, 0.25300194549460153, 0.2516336846502012, 0.25024382010717294, 0.2499431945150652, 0.24991669347723278, 0.24987871795595673, 0.24985836521696791, 0.24985134102583706, 0.2498464947927137, 0.24983738109342024, 0.2498231570365046, 0.2498153148277712, 0.24981185615497248, 0.24980922973000674, 0.24980871159774976, 0.24980826389335342, 0.24980803341331392, 0.24980793938387869, 0.24980792376946026, 0.24980791989131568, 0.24980791906447186, 0.24980791884288345, 0.24980791884288345, 0.24980791879836117, 0.24980791877070319, 0.249807918769834, 0.24980791876629005]}, "6": {"maxiter": 500, "fatol": 1e-10, "xatol": 1e-05, "duration": 0.2265489101409912, "fun": "0.249807918768019", "nit": "482", "nfev": "759", "status": "0", "success": "True", "message": "Optimization terminated successfully.", "x": "[1.19164929 0.6566686  7.99824929 1.92462741 3.62058341 6.4378284 ]", "final_simplex": "(array([[1.19164929, 0.6566686 , 7.99824929, 1.92462741, 3.62058341,\n        6.4378284 ],\n       [1.19164963, 0.65666885, 7.99825681, 1.92463056, 3.62058264,\n        6.43782528],\n       [1.19165468, 0.65666935, 7.99825377, 1.92463155, 3.62058021,\n        6.43782637],\n       [1.19165303, 0.65667334, 7.99825191, 1.92462639, 3.62057992,\n        6.43783308],\n       [1.1916519 , 0.65666993, 7.9982492 , 1.92463274, 3.62058958,\n        6.43782592],\n       [1.19165351, 0.65667339, 7.99825009, 1.92462813, 3.62058552,\n        6.43782553],\n       [1.19164735, 0.65667523, 7.99824149, 1.92462885, 3.62058727,\n        6.43782281]]), array([0.24980792, 0.24980792, 0.24980792, 0.24980792, 0.24980792,\n       0.24980792, 0.24980792]))", "callback": [0.4342760307785273, 0.3863931003870319, 0.34894424634690224, 0.28401082764026353, 0.26521583698957896, 0.26015683491620023, 0.25794714247716166, 0.2576738007989754, 0.25735103738708687, 0.2571157439176195, 0.25705698294616597, 0.2570023042683629, 0.256988498860099, 0.2569647619430866, 0.25691118698215876, 0.25672802156387653, 0.25613908730119506, 0.25555310290551425, 0.2553679685444419, 0.25519117002537417, 0.25489555287965004, 0.2539699001051463, 0.25300194549460153, 0.2516336846502012, 0.25024382010717294, 0.2499431945150652, 0.24991669347723278, 0.24987871795595673, 0.24985836521696791, 0.24985134102583706, 0.2498464947927137, 0.24983738109342024, 0.2498231570365046, 0.2498153148277712, 0.24981185615497248, 0.24980922973000674, 0.24980871159774976, 0.24980826389335342, 0.24980803341331392, 0.24980793938387869, 0.24980792376946026, 0.24980791989131568, 0.24980791906447186, 0.24980791884288345, 0.24980791884288345, 0.24980791879836117, 0.24980791877070319, 0.249807918769834]}, "7": {"maxiter": 500, "fatol": 1e-10, "xatol": 1e-10, "duration": 0.19914817810058594, "fun": "0.24980791876573238", "nit": "500", "nfev": "790", "status": "2", "success": "False", "message": "Maximum number of iterations has been exceeded.", "x": "[1.19165335 0.65666712 7.99825773 1.9246267  3.62057995 6.43783096]", "final_simplex": "(array([[1.19165335, 0.65666712, 7.99825773, 1.9246267 , 3.62057995,\n        6.43783096],\n       [1.19165361, 0.65666909, 7.99825592, 1.92462806, 3.62058084,\n        6.43782976],\n       [1.19165336, 0.65666885, 7.99825672, 1.9246273 , 3.62057901,\n        6.43783051],\n       [1.19165244, 0.65666842, 7.99825671, 1.92462801, 3.62058069,\n        6.43782945],\n       [1.19165331, 0.65666826, 7.99825923, 1.92462692, 3.62057994,\n        6.43783155],\n       [1.19165475, 0.65666779, 7.99825857, 1.92462857, 3.62058   ,\n        6.4378314 ],\n       [1.1916557 , 0.65666785, 7.99826045, 1.92462841, 3.62057896,\n        6.43783063]]), array([0.24980792, 0.24980792, 0.24980792, 0.24980792, 0.24980792,\n       0.24980792, 0.24980792]))", "callback": [0.4342760307785273, 0.3863931003870319, 0.34894424634690224, 0.28401082764026353, 0.26521583698957896, 0.26015683491620023, 0.25794714247716166, 0.2576738007989754, 0.25735103738708687, 0.2571157439176195, 0.25705698294616597, 0.2570023042683629, 0.256988498860099, 0.2569647619430866, 0.25691118698215876, 0.25672802156387653, 0.25613908730119506, 0.25555310290551425, 0.2553679685444419, 0.25519117002537417, 0.25489555287965004, 0.2539699001051463, 0.25300194549460153, 0.2516336846502012, 0.25024382010717294, 0.2499431945150652, 0.24991669347723278, 0.24987871795595673, 0.24985836521696791, 0.24985134102583706, 0.2498464947927137, 0.24983738109342024, 0.2498231570365046, 0.2498153148277712, 0.24981185615497248, 0.24980922973000674, 0.24980871159774976, 0.24980826389335342, 0.24980803341331392, 0.24980793938387869, 0.24980792376946026, 0.24980791989131568, 0.24980791906447186, 0.24980791884288345, 0.24980791884288345, 0.24980791879836117, 0.24980791877070319, 0.249807918769834, 0.24980791876629005]}, "8": {"maxiter": 1000, "fatol": 1e-05, "xatol": 1e-05, "duration": 0.1855759620666504, "fun": "0.249807918768019", "nit": "482", "nfev": "759", "status": "0", "success": "True", "message": "Optimization terminated successfully.", "x": "[1.19164929 0.6566686  7.99824929 1.92462741 3.62058341 6.4378284 ]", "final_simplex": "(array([[1.19164929, 0.6566686 , 7.99824929, 1.92462741, 3.62058341,\n        6.4378284 ],\n       [1.19164963, 0.65666885, 7.99825681, 1.92463056, 3.62058264,\n        6.43782528],\n       [1.19165468, 0.65666935, 7.99825377, 1.92463155, 3.62058021,\n        6.43782637],\n       [1.19165303, 0.65667334, 7.99825191, 1.92462639, 3.62057992,\n        6.43783308],\n       [1.1916519 , 0.65666993, 7.9982492 , 1.92463274, 3.62058958,\n        6.43782592],\n       [1.19165351, 0.65667339, 7.99825009, 1.92462813, 3.62058552,\n        6.43782553],\n       [1.19164735, 0.65667523, 7.99824149, 1.92462885, 3.62058727,\n        6.43782281]]), array([0.24980792, 0.24980792, 0.24980792, 0.24980792, 0.24980792,\n       0.24980792, 0.24980792]))", "callback": [0.4342760307785273, 0.3863931003870319, 0.34894424634690224, 0.28401082764026353, 0.26521583698957896, 0.26015683491620023, 0.25794714247716166, 0.2576738007989754, 0.25735103738708687, 0.2571157439176195, 0.25705698294616597, 0.2570023042683629, 0.256988498860099, 0.2569647619430866, 0.25691118698215876, 0.25672802156387653, 0.25613908730119506, 0.25555310290551425, 0.2553679685444419, 0.25519117002537417, 0.25489555287965004, 0.2539699001051463, 0.25300194549460153, 0.2516336846502012, 0.25024382010717294, 0.2499431945150652, 0.24991669347723278, 0.24987871795595673, 0.24985836521696791, 0.24985134102583706, 0.2498464947927137, 0.24983738109342024, 0.2498231570365046, 0.2498153148277712, 0.24981185615497248, 0.24980922973000674, 0.24980871159774976, 0.24980826389335342, 0.24980803341331392, 0.24980793938387869, 0.24980792376946026, 0.24980791989131568, 0.24980791906447186, 0.24980791884288345, 0.24980791884288345, 0.24980791879836117, 0.24980791877070319, 0.249807918769834]}, "9": {"maxiter": 1000, "fatol": 1e-05, "xatol": 1e-10, "duration": 0.24255895614624023, "fun": "0.2498079187654937", "nit": "590", "nfev": "992", "status": "0", "success": "True", "message": "Optimization terminated successfully.", "x": "[1.19165393 0.65666776 7.99825729 1.92462703 3.62058054 6.43783003]", "final_simplex": "(array([[1.19165393, 0.65666776, 7.99825729, 1.92462703, 3.62058054,\n        6.43783003],\n       [1.19165393, 0.65666776, 7.99825729, 1.92462703, 3.62058054,\n        6.43783003],\n       [1.19165393, 0.65666776, 7.99825729, 1.92462703, 3.62058054,\n        6.43783003],\n       [1.19165393, 0.65666776, 7.99825729, 1.92462703, 3.62058054,\n        6.43783003],\n       [1.19165393, 0.65666776, 7.99825729, 1.92462703, 3.62058054,\n        6.43783003],\n       [1.19165393, 0.65666776, 7.99825729, 1.92462703, 3.62058054,\n        6.43783003],\n       [1.19165393, 0.65666776, 7.99825729, 1.92462703, 3.62058054,\n        6.43783003]]), array([0.24980792, 0.24980792, 0.24980792, 0.24980792, 0.24980792,\n       0.24980792, 0.24980792]))", "callback": [0.4342760307785273, 0.3863931003870319, 0.34894424634690224, 0.28401082764026353, 0.26521583698957896, 0.26015683491620023, 0.25794714247716166, 0.2576738007989754, 0.25735103738708687, 0.2571157439176195, 0.25705698294616597, 0.2570023042683629, 0.256988498860099, 0.2569647619430866, 0.25691118698215876, 0.25672802156387653, 0.25613908730119506, 0.25555310290551425, 0.2553679685444419, 0.25519117002537417, 0.25489555287965004, 0.2539699001051463, 0.25300194549460153, 0.2516336846502012, 0.25024382010717294, 0.2499431945150652, 0.24991669347723278, 0.24987871795595673, 0.24985836521696791, 0.24985134102583706, 0.2498464947927137, 0.24983738109342024, 0.2498231570365046, 0.2498153148277712, 0.24981185615497248, 0.24980922973000674, 0.24980871159774976, 0.24980826389335342, 0.24980803341331392, 0.24980793938387869, 0.24980792376946026, 0.24980791989131568, 0.24980791906447186, 0.24980791884288345, 0.24980791884288345, 0.24980791879836117, 0.24980791877070319, 0.249807918769834, 0.24980791876629005, 0.24980791876573238, 0.2498079187655211, 0.24980791876551622, 0.24980791876550223, 0.24980791876549624, 0.24980791876549424, 0.2498079187654939, 0.2498079187654937, 0.2498079187654937, 0.2498079187654937]}, "10": {"maxiter": 1000, "fatol": 1e-10, "xatol": 1e-05, "duration": 0.17315077781677246, "fun": "0.249807918768019", "nit": "482", "nfev": "759", "status": "0", "success": "True", "message": "Optimization terminated successfully.", "x": "[1.19164929 0.6566686  7.99824929 1.92462741 3.62058341 6.4378284 ]", "final_simplex": "(array([[1.19164929, 0.6566686 , 7.99824929, 1.92462741, 3.62058341,\n        6.4378284 ],\n       [1.19164963, 0.65666885, 7.99825681, 1.92463056, 3.62058264,\n        6.43782528],\n       [1.19165468, 0.65666935, 7.99825377, 1.92463155, 3.62058021,\n        6.43782637],\n       [1.19165303, 0.65667334, 7.99825191, 1.92462639, 3.62057992,\n        6.43783308],\n       [1.1916519 , 0.65666993, 7.9982492 , 1.92463274, 3.62058958,\n        6.43782592],\n       [1.19165351, 0.65667339, 7.99825009, 1.92462813, 3.62058552,\n        6.43782553],\n       [1.19164735, 0.65667523, 7.99824149, 1.92462885, 3.62058727,\n        6.43782281]]), array([0.24980792, 0.24980792, 0.24980792, 0.24980792, 0.24980792,\n       0.24980792, 0.24980792]))", "callback": [0.4342760307785273, 0.3863931003870319, 0.34894424634690224, 0.28401082764026353, 0.26521583698957896, 0.26015683491620023, 0.25794714247716166, 0.2576738007989754, 0.25735103738708687, 0.2571157439176195, 0.25705698294616597, 0.2570023042683629, 0.256988498860099, 0.2569647619430866, 0.25691118698215876, 0.25672802156387653, 0.25613908730119506, 0.25555310290551425, 0.2553679685444419, 0.25519117002537417, 0.25489555287965004, 0.2539699001051463, 0.25300194549460153, 0.2516336846502012, 0.25024382010717294, 0.2499431945150652, 0.24991669347723278, 0.24987871795595673, 0.24985836521696791, 0.24985134102583706, 0.2498464947927137, 0.24983738109342024, 0.2498231570365046, 0.2498153148277712, 0.24981185615497248, 0.24980922973000674, 0.24980871159774976, 0.24980826389335342, 0.24980803341331392, 0.24980793938387869, 0.24980792376946026, 0.24980791989131568, 0.24980791906447186, 0.24980791884288345, 0.24980791884288345, 0.24980791879836117, 0.24980791877070319, 0.249807918769834]}, "11": {"maxiter": 1000, "fatol": 1e-10, "xatol": 1e-10, "duration": 0.22360801696777344, "fun": "0.2498079187654937", "nit": "590", "nfev": "992", "status": "0", "success": "True", "message": "Optimization terminated successfully.", "x": "[1.19165393 0.65666776 7.99825729 1.92462703 3.62058054 6.43783003]", "final_simplex": "(array([[1.19165393, 0.65666776, 7.99825729, 1.92462703, 3.62058054,\n        6.43783003],\n       [1.19165393, 0.65666776, 7.99825729, 1.92462703, 3.62058054,\n        6.43783003],\n       [1.19165393, 0.65666776, 7.99825729, 1.92462703, 3.62058054,\n        6.43783003],\n       [1.19165393, 0.65666776, 7.99825729, 1.92462703, 3.62058054,\n        6.43783003],\n       [1.19165393, 0.65666776, 7.99825729, 1.92462703, 3.62058054,\n        6.43783003],\n       [1.19165393, 0.65666776, 7.99825729, 1.92462703, 3.62058054,\n        6.43783003],\n       [1.19165393, 0.65666776, 7.99825729, 1.92462703, 3.62058054,\n        6.43783003]]), array([0.24980792, 0.24980792, 0.24980792, 0.24980792, 0.24980792,\n       0.24980792, 0.24980792]))", "callback": [0.4342760307785273, 0.3863931003870319, 0.34894424634690224, 0.28401082764026353, 0.26521583698957896, 0.26015683491620023, 0.25794714247716166, 0.2576738007989754, 0.25735103738708687, 0.2571157439176195, 0.25705698294616597, 0.2570023042683629, 0.256988498860099, 0.2569647619430866, 0.25691118698215876, 0.25672802156387653, 0.25613908730119506, 0.25555310290551425, 0.2553679685444419, 0.25519117002537417, 0.25489555287965004, 0.2539699001051463, 0.25300194549460153, 0.2516336846502012, 0.25024382010717294, 0.2499431945150652, 0.24991669347723278, 0.24987871795595673, 0.24985836521696791, 0.24985134102583706, 0.2498464947927137, 0.24983738109342024, 0.2498231570365046, 0.2498153148277712, 0.24981185615497248, 0.24980922973000674, 0.24980871159774976, 0.24980826389335342, 0.24980803341331392, 0.24980793938387869, 0.24980792376946026, 0.24980791989131568, 0.24980791906447186, 0.24980791884288345, 0.24980791884288345, 0.24980791879836117, 0.24980791877070319, 0.249807918769834, 0.24980791876629005, 0.24980791876573238, 0.2498079187655211, 0.24980791876551622, 0.24980791876550223, 0.24980791876549624, 0.24980791876549424, 0.2498079187654939, 0.2498079187654937, 0.2498079187654937, 0.2498079187654937]}}, "bfgs": {"type": "gradient", "0": {"maxiter": 100, "gtol": 1e-05, "xrtol": 1e-05, "eps": 1e-05, "duration": 0.060305118560791016, "fun": "0.2498079188974407", "jac": "[-3.28908012e-06  1.15568666e-06  1.61749503e-06 -2.93666202e-06\n  3.47910589e-06  4.92762497e-06]", "hess_inv": "[[ 6.09206848 -2.35292079  8.19747542  0.49018267 -3.04956312  3.67886784]\n [-2.35292079  5.07685983 -6.65843182 -0.81581743  0.07986079 -1.46049624]\n [ 8.19747542 -6.65843182 23.783729    1.85776722 -5.10776688  6.68956878]\n [ 0.49018267 -0.81581743  1.85776722  5.55900244  4.81833797 -2.06985738]\n [-3.04956312  0.07986079 -5.10776688  4.81833797 13.64799629 -5.93149872]\n [ 3.67886784 -1.46049624  6.68956878 -2.06985738 -5.93149872  8.06120002]]", "nfev": "259", "njev": "37", "status": "0", "success": "True", "message": "Optimization terminated successfully.", "x": "[1.19163754 0.6566673  7.99825418 1.92460571 3.62058413 6.437851  ]", "nit": "31", "callback": [0.2592091270872672, 0.25353295240222784, 0.2498079229147]}, "1": {"maxiter": 100, "gtol": 1e-05, "xrtol": 1e-05, "eps": 1e-10, "duration": 0.05959606170654297, "fun": "0.24980791896450238", "jac": "[-4.44089173e-06  3.33066880e-06 -1.11022293e-06 -6.66133760e-06\n  1.11022293e-06  4.44089173e-06]", "hess_inv": "[[ 5.87753789 -2.45524692  8.13246698  0.51687976 -2.6630389   3.57846327]\n [-2.45524692  5.34525271 -7.19897737 -0.89062984  0.05640936 -1.5095863 ]\n [ 8.13246698 -7.19897737 24.49234026  2.01658243 -4.61079451  6.68910243]\n [ 0.51687976 -0.89062984  2.01658243  5.40437707  4.56870073 -1.98378263]\n [-2.6630389   0.05640936 -4.61079451  4.56870073 12.79961744 -5.59571044]\n [ 3.57846327 -1.5095863   6.68910243 -1.98378263 -5.59571044  8.050858  ]]", "nfev": "259", "njev": "37", "status": "0", "success": "True", "message": "Optimization terminated successfully.", "x": "[1.19163302 0.65668456 7.9982296  1.92461104 3.62060565 6.4378475 ]", "nit": "31", "callback": [0.2592092780116063, 0.25353015931609446, 0.24980792463939339]}, "2": {"maxiter": 100, "gtol": 1e-05, "xrtol": 1e-10, "eps": 1e-05, "duration": 0.06132197380065918, "fun": "0.2498079188974407", "jac": "[-3.28908012e-06  1.15568666e-06  1.61749503e-06 -2.93666202e-06\n  3.47910589e-06  4.92762497e-06]", "hess_inv": "[[ 6.09206848 -2.35292079  8.19747542  0.49018267 -3.04956312  3.67886784]\n [-2.35292079  5.07685983 -6.65843182 -0.81581743  0.07986079 -1.46049624]\n [ 8.19747542 -6.65843182 23.783729    1.85776722 -5.10776688  6.68956878]\n [ 0.49018267 -0.81581743  1.85776722  5.55900244  4.81833797 -2.06985738]\n [-3.04956312  0.07986079 -5.10776688  4.81833797 13.64799629 -5.93149872]\n [ 3.67886784 -1.46049624  6.68956878 -2.06985738 -5.93149872  8.06120002]]", "nfev": "259", "njev": "37", "status": "0", "success": "True", "message": "Optimization terminated successfully.", "x": "[1.19163754 0.6566673  7.99825418 1.92460571 3.62058413 6.437851  ]", "nit": "31", "callback": [0.2592091270872672, 0.25353295240222784, 0.2498079229147]}, "3": {"maxiter": 100, "gtol": 1e-05, "xrtol": 1e-10, "eps": 1e-10, "duration": 0.05923318862915039, "fun": "0.24980791896450238", "jac": "[-4.44089173e-06  3.33066880e-06 -1.11022293e-06 -6.66133760e-06\n  1.11022293e-06  4.44089173e-06]", "hess_inv": "[[ 5.87753789 -2.45524692  8.13246698  0.51687976 -2.6630389   3.57846327]\n [-2.45524692  5.34525271 -7.19897737 -0.89062984  0.05640936 -1.5095863 ]\n [ 8.13246698 -7.19897737 24.49234026  2.01658243 -4.61079451  6.68910243]\n [ 0.51687976 -0.89062984  2.01658243  5.40437707  4.56870073 -1.98378263]\n [-2.6630389   0.05640936 -4.61079451  4.56870073 12.79961744 -5.59571044]\n [ 3.57846327 -1.5095863   6.68910243 -1.98378263 -5.59571044  8.050858  ]]", "nfev": "259", "njev": "37", "status": "0", "success": "True", "message": "Optimization terminated successfully.", "x": "[1.19163302 0.65668456 7.9982296  1.92461104 3.62060565 6.4378475 ]", "nit": "31", "callback": [0.2592092780116063, 0.25353015931609446, 0.24980792463939339]}, "4": {"maxiter": 100, "gtol": 1e-10, "xrtol": 1e-05, "eps": 1e-05, "duration": 0.06050992012023926, "fun": "0.24980791879246822", "jac": "[-8.89066598e-08  3.48299167e-07  2.94764213e-08 -2.48978616e-07\n  1.38877798e-07  4.57334171e-07]", "hess_inv": "[[ 6.10975989 -2.33841245  8.12509338  0.52996852 -3.08845203  3.57555095]\n [-2.33841245  4.9838876  -6.67690569 -0.63067157  0.19343836 -1.75510019]\n [ 8.12509338 -6.67690569 24.06393086  1.63552738 -5.00537134  7.19409911]\n [ 0.52996852 -0.63067157  1.63552738  5.42666048  4.51931739 -1.99697082]\n [-3.08845203  0.19343836 -5.00537134  4.51931739 13.53169474 -5.41326239]\n [ 3.57555095 -1.75510019  7.19409911 -1.99697082 -5.41326239  8.24454205]]", "nfev": "266", "njev": "38", "status": "0", "success": "True", "message": "Optimization terminated successfully.", "x": "[1.19164188 0.65667078 7.99823646 1.92461559 3.62057471 6.43782549]", "nit": "32", "callback": [0.2592091270872672, 0.25353295240222784, 0.2498079229147]}, "5": {"maxiter": 100, "gtol": 1e-10, "xrtol": 1e-05, "eps": 1e-10, "duration": 0.06077909469604492, "fun": "0.24980791888909426", "jac": "[2.22044587e-06 2.22044587e-06 2.22044587e-06 1.11022293e-06\n 4.44089173e-06 2.22044587e-06]", "hess_inv": "[[ 5.9132777  -2.03029753  7.37587811  0.4311361  -3.09426465  3.43632088]\n [-2.03029753  4.64590259 -5.79558185 -0.22460758  0.60087706 -1.6229327 ]\n [ 7.37587811 -5.79558185 21.70758552  0.78440797 -5.73622599  6.84752537]\n [ 0.4311361  -0.22460758  0.78440797  5.11617607  3.94125358 -2.10480027]\n [-3.09426465  0.60087706 -5.73622599  3.94125358 12.41001458 -5.43540241]\n [ 3.43632088 -1.6229327   6.84752537 -2.10480027 -5.43540241  8.18396567]]", "nfev": "266", "njev": "38", "status": "0", "success": "True", "message": "Optimization terminated successfully.", "x": "[1.19166527 0.65665868 7.99828695 1.92465362 3.62062016 6.43783143]", "nit": "32", "callback": [0.2592092780116063, 0.25353015931609446, 0.24980792463939339]}, "6": {"maxiter": 100, "gtol": 1e-10, "xrtol": 1e-10, "eps": 1e-05, "duration": 0.06441712379455566, "fun": "0.24980791879207787", "jac": "[-3.33066907e-11 -2.22044605e-11  0.00000000e+00  3.33066907e-11\n  0.00000000e+00  0.00000000e+00]", "hess_inv": "[[ 6.10848902 -2.34355606  8.13071535  0.5343415  -3.0809135   3.57265457]\n [-2.34355606  5.07818087 -6.67988281 -0.78861498  0.05867601 -1.50387516]\n [ 8.13071535 -6.67988281 24.02840029  1.66484733 -4.99910047  7.12009854]\n [ 0.5343415  -0.78861498  1.66484733  5.67461575  4.74334183 -2.37221891]\n [-3.0809135   0.05867601 -4.99910047  4.74334183 13.72505198 -5.76893996]\n [ 3.57265457 -1.50387516  7.12009854 -2.37221891 -5.76893996  8.79070706]]", "nfev": "287", "njev": "41", "status": "0", "success": "True", "message": "Optimization terminated successfully.", "x": "[1.19164194 0.65666948 7.99823664 1.92461771 3.62057646 6.43782229]", "nit": "35", "callback": [0.2592091270872672, 0.25353295240222784, 0.2498079229147]}, "7": {"maxiter": 100, "gtol": 1e-10, "xrtol": 1e-10, "eps": 1e-10, "duration": 0.07904314994812012, "fun": "0.24980791878483", "jac": "[-1.11022293e-06 -3.33066880e-06  1.11022293e-06  1.11022293e-06\n  1.11022293e-06 -1.11022293e-06]", "hess_inv": "[[ 7.57074044 -2.67878202 12.29407741  6.21908357  2.76931705  1.11701481]\n [-2.67878202  3.46816791 -6.12785299 -1.65917411 -2.51330833 -1.49396339]\n [12.29407741 -6.12785299 30.42193771 10.8921981   4.4300448   5.60148072]\n [ 6.21908357 -1.65917411 10.8921981   8.00025471  3.29224886  1.97077299]\n [ 2.76931705 -2.51330833  4.4300448   3.29224886  3.88270943  0.8708319 ]\n [ 1.11701481 -1.49396339  5.60148072  1.97077299  0.8708319   3.03824077]]", "nfev": "350", "njev": "50", "status": "0", "success": "True", "message": "Optimization terminated successfully.", "x": "[1.19164408 0.656667   7.99824609 1.92463301 3.62059677 6.43781424]", "nit": "37", "callback": [0.2592092780116063, 0.25353015931609446, 0.24980792463939339]}, "8": {"maxiter": 500, "gtol": 1e-05, "xrtol": 1e-05, "eps": 1e-05, "duration": 0.058296918869018555, "fun": "0.2498079188974407", "jac": "[-3.28908012e-06  1.15568666e-06  1.61749503e-06 -2.93666202e-06\n  3.47910589e-06  4.92762497e-06]", "hess_inv": "[[ 6.09206848 -2.35292079  8.19747542  0.49018267 -3.04956312  3.67886784]\n [-2.35292079  5.07685983 -6.65843182 -0.81581743  0.07986079 -1.46049624]\n [ 8.19747542 -6.65843182 23.783729    1.85776722 -5.10776688  6.68956878]\n [ 0.49018267 -0.81581743  1.85776722  5.55900244  4.81833797 -2.06985738]\n [-3.04956312  0.07986079 -5.10776688  4.81833797 13.64799629 -5.93149872]\n [ 3.67886784 -1.46049624  6.68956878 -2.06985738 -5.93149872  8.06120002]]", "nfev": "259", "njev": "37", "status": "0", "success": "True", "message": "Optimization terminated successfully.", "x": "[1.19163754 0.6566673  7.99825418 1.92460571 3.62058413 6.437851  ]", "nit": "31", "callback": [0.2592091270872672, 0.25353295240222784, 0.2498079229147]}, "9": {"maxiter": 500, "gtol": 1e-05, "xrtol": 1e-05, "eps": 1e-10, "duration": 0.05926203727722168, "fun": "0.24980791896450238", "jac": "[-4.44089173e-06  3.33066880e-06 -1.11022293e-06 -6.66133760e-06\n  1.11022293e-06  4.44089173e-06]", "hess_inv": "[[ 5.87753789 -2.45524692  8.13246698  0.51687976 -2.6630389   3.57846327]\n [-2.45524692  5.34525271 -7.19897737 -0.89062984  0.05640936 -1.5095863 ]\n [ 8.13246698 -7.19897737 24.49234026  2.01658243 -4.61079451  6.68910243]\n [ 0.51687976 -0.89062984  2.01658243  5.40437707  4.56870073 -1.98378263]\n [-2.6630389   0.05640936 -4.61079451  4.56870073 12.79961744 -5.59571044]\n [ 3.57846327 -1.5095863   6.68910243 -1.98378263 -5.59571044  8.050858  ]]", "nfev": "259", "njev": "37", "status": "0", "success": "True", "message": "Optimization terminated successfully.", "x": "[1.19163302 0.65668456 7.9982296  1.92461104 3.62060565 6.4378475 ]", "nit": "31", "callback": [0.2592092780116063, 0.25353015931609446, 0.24980792463939339]}, "10": {"maxiter": 500, "gtol": 1e-05, "xrtol": 1e-10, "eps": 1e-05, "duration": 0.05898785591125488, "fun": "0.2498079188974407", "jac": "[-3.28908012e-06  1.15568666e-06  1.61749503e-06 -2.93666202e-06\n  3.47910589e-06  4.92762497e-06]", "hess_inv": "[[ 6.09206848 -2.35292079  8.19747542  0.49018267 -3.04956312  3.67886784]\n [-2.35292079  5.07685983 -6.65843182 -0.81581743  0.07986079 -1.46049624]\n [ 8.19747542 -6.65843182 23.783729    1.85776722 -5.10776688  6.68956878]\n [ 0.49018267 -0.81581743  1.85776722  5.55900244  4.81833797 -2.06985738]\n [-3.04956312  0.07986079 -5.10776688  4.81833797 13.64799629 -5.93149872]\n [ 3.67886784 -1.46049624  6.68956878 -2.06985738 -5.93149872  8.06120002]]", "nfev": "259", "njev": "37", "status": "0", "success": "True", "message": "Optimization terminated successfully.", "x": "[1.19163754 0.6566673  7.99825418 1.92460571 3.62058413 6.437851  ]", "nit": "31", "callback": [0.2592091270872672, 0.25353295240222784, 0.2498079229147]}, "11": {"maxiter": 500, "gtol": 1e-05, "xrtol": 1e-10, "eps": 1e-10, "duration": 0.05824899673461914, "fun": "0.24980791896450238", "jac": "[-4.44089173e-06  3.33066880e-06 -1.11022293e-06 -6.66133760e-06\n  1.11022293e-06  4.44089173e-06]", "hess_inv": "[[ 5.87753789 -2.45524692  8.13246698  0.51687976 -2.6630389   3.57846327]\n [-2.45524692  5.34525271 -7.19897737 -0.89062984  0.05640936 -1.5095863 ]\n [ 8.13246698 -7.19897737 24.49234026  2.01658243 -4.61079451  6.68910243]\n [ 0.51687976 -0.89062984  2.01658243  5.40437707  4.56870073 -1.98378263]\n [-2.6630389   0.05640936 -4.61079451  4.56870073 12.79961744 -5.59571044]\n [ 3.57846327 -1.5095863   6.68910243 -1.98378263 -5.59571044  8.050858  ]]", "nfev": "259", "njev": "37", "status": "0", "success": "True", "message": "Optimization terminated successfully.", "x": "[1.19163302 0.65668456 7.9982296  1.92461104 3.62060565 6.4378475 ]", "nit": "31", "callback": [0.2592092780116063, 0.25353015931609446, 0.24980792463939339]}, "12": {"maxiter": 500, "gtol": 1e-10, "xrtol": 1e-05, "eps": 1e-05, "duration": 0.059987783432006836, "fun": "0.24980791879246822", "jac": "[-8.89066598e-08  3.48299167e-07  2.94764213e-08 -2.48978616e-07\n  1.38877798e-07  4.57334171e-07]", "hess_inv": "[[ 6.10975989 -2.33841245  8.12509338  0.52996852 -3.08845203  3.57555095]\n [-2.33841245  4.9838876  -6.67690569 -0.63067157  0.19343836 -1.75510019]\n [ 8.12509338 -6.67690569 24.06393086  1.63552738 -5.00537134  7.19409911]\n [ 0.52996852 -0.63067157  1.63552738  5.42666048  4.51931739 -1.99697082]\n [-3.08845203  0.19343836 -5.00537134  4.51931739 13.53169474 -5.41326239]\n [ 3.57555095 -1.75510019  7.19409911 -1.99697082 -5.41326239  8.24454205]]", "nfev": "266", "njev": "38", "status": "0", "success": "True", "message": "Optimization terminated successfully.", "x": "[1.19164188 0.65667078 7.99823646 1.92461559 3.62057471 6.43782549]", "nit": "32", "callback": [0.2592091270872672, 0.25353295240222784, 0.2498079229147]}, "13": {"maxiter": 500, "gtol": 1e-10, "xrtol": 1e-05, "eps": 1e-10, "duration": 0.059823036193847656, "fun": "0.24980791888909426", "jac": "[2.22044587e-06 2.22044587e-06 2.22044587e-06 1.11022293e-06\n 4.44089173e-06 2.22044587e-06]", "hess_inv": "[[ 5.9132777  -2.03029753  7.37587811  0.4311361  -3.09426465  3.43632088]\n [-2.03029753  4.64590259 -5.79558185 -0.22460758  0.60087706 -1.6229327 ]\n [ 7.37587811 -5.79558185 21.70758552  0.78440797 -5.73622599  6.84752537]\n [ 0.4311361  -0.22460758  0.78440797  5.11617607  3.94125358 -2.10480027]\n [-3.09426465  0.60087706 -5.73622599  3.94125358 12.41001458 -5.43540241]\n [ 3.43632088 -1.6229327   6.84752537 -2.10480027 -5.43540241  8.18396567]]", "nfev": "266", "njev": "38", "status": "0", "success": "True", "message": "Optimization terminated successfully.", "x": "[1.19166527 0.65665868 7.99828695 1.92465362 3.62062016 6.43783143]", "nit": "32", "callback": [0.2592092780116063, 0.25353015931609446, 0.24980792463939339]}, "14": {"maxiter": 500, "gtol": 1e-10, "xrtol": 1e-10, "eps": 1e-05, "duration": 0.06459593772888184, "fun": "0.24980791879207787", "jac": "[-3.33066907e-11 -2.22044605e-11  0.00000000e+00  3.33066907e-11\n  0.00000000e+00  0.00000000e+00]", "hess_inv": "[[ 6.10848902 -2.34355606  8.13071535  0.5343415  -3.0809135   3.57265457]\n [-2.34355606  5.07818087 -6.67988281 -0.78861498  0.05867601 -1.50387516]\n [ 8.13071535 -6.67988281 24.02840029  1.66484733 -4.99910047  7.12009854]\n [ 0.5343415  -0.78861498  1.66484733  5.67461575  4.74334183 -2.37221891]\n [-3.0809135   0.05867601 -4.99910047  4.74334183 13.72505198 -5.76893996]\n [ 3.57265457 -1.50387516  7.12009854 -2.37221891 -5.76893996  8.79070706]]", "nfev": "287", "njev": "41", "status": "0", "success": "True", "message": "Optimization terminated successfully.", "x": "[1.19164194 0.65666948 7.99823664 1.92461771 3.62057646 6.43782229]", "nit": "35", "callback": [0.2592091270872672, 0.25353295240222784, 0.2498079229147]}, "15": {"maxiter": 500, "gtol": 1e-10, "xrtol": 1e-10, "eps": 1e-10, "duration": 0.07916688919067383, "fun": "0.24980791878483", "jac": "[-1.11022293e-06 -3.33066880e-06  1.11022293e-06  1.11022293e-06\n  1.11022293e-06 -1.11022293e-06]", "hess_inv": "[[ 7.57074044 -2.67878202 12.29407741  6.21908357  2.76931705  1.11701481]\n [-2.67878202  3.46816791 -6.12785299 -1.65917411 -2.51330833 -1.49396339]\n [12.29407741 -6.12785299 30.42193771 10.8921981   4.4300448   5.60148072]\n [ 6.21908357 -1.65917411 10.8921981   8.00025471  3.29224886  1.97077299]\n [ 2.76931705 -2.51330833  4.4300448   3.29224886  3.88270943  0.8708319 ]\n [ 1.11701481 -1.49396339  5.60148072  1.97077299  0.8708319   3.03824077]]", "nfev": "350", "njev": "50", "status": "0", "success": "True", "message": "Optimization terminated successfully.", "x": "[1.19164408 0.656667   7.99824609 1.92463301 3.62059677 6.43781424]", "nit": "37", "callback": [0.2592092780116063, 0.25353015931609446, 0.24980792463939339]}, "16": {"maxiter": 1000, "gtol": 1e-05, "xrtol": 1e-05, "eps": 1e-05, "duration": 0.058238983154296875, "fun": "0.2498079188974407", "jac": "[-3.28908012e-06  1.15568666e-06  1.61749503e-06 -2.93666202e-06\n  3.47910589e-06  4.92762497e-06]", "hess_inv": "[[ 6.09206848 -2.35292079  8.19747542  0.49018267 -3.04956312  3.67886784]\n [-2.35292079  5.07685983 -6.65843182 -0.81581743  0.07986079 -1.46049624]\n [ 8.19747542 -6.65843182 23.783729    1.85776722 -5.10776