{"date": "2024/09/24/, 04:12:39", "conf_id": 252, "data_type": "var_s_rank\n", "num_data_points": 1, "s_rank": 0, "unitary": "[[0.18663085-0.53122324j,-0.11886349-0.70040876j,0.28555095-0.02789305j,-0.12262021-0.2844587j],[-0.16702216+0.27758472j,0.27526351-0.29738586j,-0.01109314+0.22495461j,-0.77239203+0.28900673j],[0.61935415+0.12301792j,-0.31269928-0.03315917j,-0.61902762-0.19039079j,-0.27120731-0.0968989j],[0.42341754+0.0023929j,-0.05847358+0.47832119j,0.64900495-0.16218422j,-0.37182676-0.05229966j]]", "databatch_0": {"databatch": "[[[0.03584472-0.14424956j,-0.11281228-0.29038852j,-0.02832262+0.11564446j,-0.05719984+0.27496704j],[0.16545993+0.3784336j,-0.15805061+0.03120988j,0.28059416-0.2932557j,0.01910983-0.01086423j],[0.14263564-0.05421855j,0.27853893-0.3367183j,-0.07645092+0.08050012j,-0.33645377+0.14230046j],[-0.032982-0.02204733j,-0.13286763+0.13631424j,-0.01372336-0.05233869j,0.15273213-0.04421578j]]]", "initial param values": "[4.99149246,0.53150031,3.36585465,6.09151961,2.42809041,5.93533165]", "nelder_mead": {"type": "gradient-free", "0": {"maxiter": 100, "fatol": 1e-05, "xatol": 1e-05, "duration": 0.03746604919433594, "fun": "0.2627211061906607", "nit": "100", "nfev": "157", "status": "2", "success": "False", "message": "Maximum number of iterations has been exceeded.", "x": "[1.61610771 0.73330427 3.31163251 3.82732481 3.71849267 5.53623049]", "final_simplex": "(array([[1.61610771, 0.73330427, 3.31163251, 3.82732481, 3.71849267,\n        5.53623049],\n       [1.58763793, 0.73689172, 3.28927887, 3.83732069, 3.71094328,\n        5.51901096],\n       [1.59739861, 0.7355984 , 3.28832229, 3.83559816, 3.71746224,\n        5.52160723],\n       [1.60128124, 0.73201056, 3.31227665, 3.83786096, 3.71366547,\n        5.52817864],\n       [1.61112472, 0.73605503, 3.29289844, 3.82238383, 3.7148752 ,\n        5.51061467],\n       [1.60951292, 0.73408411, 3.30179051, 3.84567134, 3.70775083,\n        5.522992  ],\n       [1.58660373, 0.73651153, 3.29697685, 3.82966412, 3.72827376,\n        5.50680502]]), array([0.26272111, 0.26278498, 0.2628081 , 0.26281182, 0.26282468,\n       0.2628254 , 0.2628597 ]))", "callback": [0.8743943520848809, 0.6584355204577563, 0.28362732461542384, 0.27146642782849006, 0.2675262548289994, 0.2654682245350215, 0.2632158405224514, 0.2629381306751438, 0.2628846520204441]}, "1": {"maxiter": 100, "fatol": 1e-05, "xatol": 1e-10, "duration": 0.03534984588623047, "fun": "0.2627211061906607", "nit": "100", "nfev": "157", "status": "2", "success": "False", "message": "Maximum number of iterations has been exceeded.", "x": "[1.61610771 0.73330427 3.31163251 3.82732481 3.71849267 5.53623049]", "final_simplex": "(array([[1.61610771, 0.73330427, 3.31163251, 3.82732481, 3.71849267,\n        5.53623049],\n       [1.58763793, 0.73689172, 3.28927887, 3.83732069, 3.71094328,\n        5.51901096],\n       [1.59739861, 0.7355984 , 3.28832229, 3.83559816, 3.71746224,\n        5.52160723],\n       [1.60128124, 0.73201056, 3.31227665, 3.83786096, 3.71366547,\n        5.52817864],\n       [1.61112472, 0.73605503, 3.29289844, 3.82238383, 3.7148752 ,\n        5.51061467],\n       [1.60951292, 0.73408411, 3.30179051, 3.84567134, 3.70775083,\n        5.522992  ],\n       [1.58660373, 0.73651153, 3.29697685, 3.82966412, 3.72827376,\n        5.50680502]]), array([0.26272111, 0.26278498, 0.2628081 , 0.26281182, 0.26282468,\n       0.2628254 , 0.2628597 ]))", "callback": [0.8743943520848809, 0.6584355204577563, 0.28362732461542384, 0.27146642782849006, 0.2675262548289994, 0.2654682245350215, 0.2632158405224514, 0.2629381306751438, 0.2628846520204441]}, "2": {"maxiter": 100, "fatol": 1e-10, "xatol": 1e-05, "duration": 0.03582191467285156, "fun": "0.2627211061906607", "nit": "100", "nfev": "157", "status": "2", "success": "False", "message": "Maximum number of iterations has been exceeded.", "x": "[1.61610771 0.73330427 3.31163251 3.82732481 3.71849267 5.53623049]", "final_simplex": "(array([[1.61610771, 0.73330427, 3.31163251, 3.82732481, 3.71849267,\n        5.53623049],\n       [1.58763793, 0.73689172, 3.28927887, 3.83732069, 3.71094328,\n        5.51901096],\n       [1.59739861, 0.7355984 , 3.28832229, 3.83559816, 3.71746224,\n        5.52160723],\n       [1.60128124, 0.73201056, 3.31227665, 3.83786096, 3.71366547,\n        5.52817864],\n       [1.61112472, 0.73605503, 3.29289844, 3.82238383, 3.7148752 ,\n        5.51061467],\n       [1.60951292, 0.73408411, 3.30179051, 3.84567134, 3.70775083,\n        5.522992  ],\n       [1.58660373, 0.73651153, 3.29697685, 3.82966412, 3.72827376,\n        5.50680502]]), array([0.26272111, 0.26278498, 0.2628081 , 0.26281182, 0.26282468,\n       0.2628254 , 0.2628597 ]))", "callback": [0.8743943520848809, 0.6584355204577563, 0.28362732461542384, 0.27146642782849006, 0.2675262548289994, 0.2654682245350215, 0.2632158405224514, 0.2629381306751438, 0.2628846520204441]}, "3": {"maxiter": 100, "fatol": 1e-10, "xatol": 1e-10, "duration": 0.03608870506286621, "fun": "0.2627211061906607", "nit": "100", "nfev": "157", "status": "2", "success": "False", "message": "Maximum number of iterations has been exceeded.", "x": "[1.61610771 0.73330427 3.31163251 3.82732481 3.71849267 5.53623049]", "final_simplex": "(array([[1.61610771, 0.73330427, 3.31163251, 3.82732481, 3.71849267,\n        5.53623049],\n       [1.58763793, 0.73689172, 3.28927887, 3.83732069, 3.71094328,\n        5.51901096],\n       [1.59739861, 0.7355984 , 3.28832229, 3.83559816, 3.71746224,\n        5.52160723],\n       [1.60128124, 0.73201056, 3.31227665, 3.83786096, 3.71366547,\n        5.52817864],\n       [1.61112472, 0.73605503, 3.29289844, 3.82238383, 3.7148752 ,\n        5.51061467],\n       [1.60951292, 0.73408411, 3.30179051, 3.84567134, 3.70775083,\n        5.522992  ],\n       [1.58660373, 0.73651153, 3.29697685, 3.82966412, 3.72827376,\n        5.50680502]]), array([0.26272111, 0.26278498, 0.2628081 , 0.26281182, 0.26282468,\n       0.2628254 , 0.2628597 ]))", "callback": [0.8743943520848809, 0.6584355204577563, 0.28362732461542384, 0.27146642782849006, 0.2675262548289994, 0.2654682245350215, 0.2632158405224514, 0.2629381306751438, 0.2628846520204441]}, "4": {"maxiter": 500, "fatol": 1e-05, "xatol": 1e-05, "duration": 0.12217974662780762, "fun": "0.25851923229884355", "nit": "347", "nfev": "547", "status": "0", "success": "True", "message": "Optimization terminated successfully.", "x": "[1.53729499 0.93195975 3.32410216 3.82625545 3.63516668 5.41641645]", "final_simplex": "(array([[1.53729499, 0.93195975, 3.32410216, 3.82625545, 3.63516668,\n        5.41641645],\n       [1.53729174, 0.93195811, 3.32410673, 3.82625402, 3.63516901,\n        5.41642147],\n       [1.53729544, 0.93195844, 3.32410653, 3.82625516, 3.63516647,\n        5.41642214],\n       [1.53729108, 0.93196102, 3.32410779, 3.82625439, 3.63517398,\n        5.41642227],\n       [1.53729148, 0.93196203, 3.32410276, 3.82625822, 3.63516283,\n        5.41641565],\n       [1.53729204, 0.93196023, 3.32410025, 3.82626058, 3.63517301,\n        5.41641991],\n       [1.53729514, 0.93196108, 3.32410639, 3.82625814, 3.63515999,\n        5.4164101 ]]), array([0.25851923, 0.25851923, 0.25851923, 0.25851923, 0.25851923,\n       0.25851923, 0.25851923]))", "callback": [0.8743943520848809, 0.6584355204577563, 0.28362732461542384, 0.27146642782849006, 0.2675262548289994, 0.2654682245350215, 0.2632158405224514, 0.2629381306751438, 0.2628846520204441, 0.2627211061906607, 0.26258053669701553, 0.26253028789957944, 0.2623179293729939, 0.26168262985247304, 0.25964592490601224, 0.2593925138367923, 0.25903586736442774, 0.2589386472719698, 0.2587841759273408, 0.2586915571459265, 0.2586088102622993, 0.2585567856167118, 0.258531018535046, 0.2585209022133501, 0.2585201236799557, 0.2585194265045556, 0.2585192753219032, 0.2585192418299138, 0.2585192351701079, 0.2585192330621735, 0.2585192326314456, 0.2585192323675063, 0.2585192323227026, 0.25851923230563134]}, "5": {"maxiter": 500, "fatol": 1e-05, "xatol": 1e-10, "duration": 0.18635797500610352, "fun": "0.25851923229700735", "nit": "499", "nfev": "846", "status": "0", "success": "True", "message": "Optimization terminated successfully.", "x": "[1.53729211 0.93196134 3.32410184 3.82625403 3.63517139 5.41641803]", "final_simplex": "(array([[1.53729211, 0.93196134, 3.32410184, 3.82625403, 3.63517139,\n        5.41641803],\n       [1.53729211, 0.93196134, 3.32410184, 3.82625403, 3.63517139,\n        5.41641803],\n       [1.53729211, 0.93196134, 3.32410184, 3.82625403, 3.63517139,\n        5.41641803],\n       [1.53729211, 0.93196134, 3.32410184, 3.82625403, 3.63517139,\n        5.41641803],\n       [1.53729211, 0.93196134, 3.32410184, 3.82625403, 3.63517139,\n        5.41641803],\n       [1.53729211, 0.93196134, 3.32410184, 3.82625403, 3.63517139,\n        5.41641803],\n       [1.53729211, 0.93196134, 3.32410184, 3.82625403, 3.63517139,\n        5.41641803]]), array([0.25851923, 0.25851923, 0.25851923, 0.25851923, 0.25851923,\n       0.25851923, 0.25851923]))", "callback": [0.8743943520848809, 0.6584355204577563, 0.28362732461542384, 0.27146642782849006, 0.2675262548289994, 0.2654682245350215, 0.2632158405224514, 0.2629381306751438, 0.2628846520204441, 0.2627211061906607, 0.26258053669701553, 0.26253028789957944, 0.2623179293729939, 0.26168262985247304, 0.25964592490601224, 0.2593925138367923, 0.25903586736442774, 0.2589386472719698, 0.2587841759273408, 0.2586915571459265, 0.2586088102622993, 0.2585567856167118, 0.258531018535046, 0.2585209022133501, 0.2585201236799557, 0.2585194265045556, 0.2585192753219032, 0.2585192418299138, 0.2585192351701079, 0.2585192330621735, 0.2585192326314456, 0.2585192323675063, 0.2585192323227026, 0.25851923230563134, 0.25851923229884355, 0.2585192322975087, 0.2585192322973078, 0.2585192322971849, 0.2585192322971429, 0.2585192322970761, 0.258519232297052, 0.2585192322970342, 0.25851923229701623, 0.2585192322970128, 0.25851923229701024, 0.25851923229700813, 0.2585192322970079, 0.25851923229700746, 0.25851923229700735]}, "6": {"maxiter": 500, "fatol": 1e-10, "xatol": 1e-05, "duration": 0.12308216094970703, "fun": "0.25851923229884355", "nit": "347", "nfev": "547", "status": "0", "success": "True", "message": "Optimization terminated successfully.", "x": "[1.53729499 0.93195975 3.32410216 3.82625545 3.63516668 5.41641645]", "final_simplex": "(array([[1.53729499, 0.93195975, 3.32410216, 3.82625545, 3.63516668,\n        5.41641645],\n       [1.53729174, 0.93195811, 3.32410673, 3.82625402, 3.63516901,\n        5.41642147],\n       [1.53729544, 0.93195844, 3.32410653, 3.82625516, 3.63516647,\n        5.41642214],\n       [1.53729108, 0.93196102, 3.32410779, 3.82625439, 3.63517398,\n        5.41642227],\n       [1.53729148, 0.93196203, 3.32410276, 3.82625822, 3.63516283,\n        5.41641565],\n       [1.53729204, 0.93196023, 3.32410025, 3.82626058, 3.63517301,\n        5.41641991],\n       [1.53729514, 0.93196108, 3.32410639, 3.82625814, 3.63515999,\n        5.4164101 ]]), array([0.25851923, 0.25851923, 0.25851923, 0.25851923, 0.25851923,\n       0.25851923, 0.25851923]))", "callback": [0.8743943520848809, 0.6584355204577563, 0.28362732461542384, 0.27146642782849006, 0.2675262548289994, 0.2654682245350215, 0.2632158405224514, 0.2629381306751438, 0.2628846520204441, 0.2627211061906607, 0.26258053669701553, 0.26253028789957944, 0.2623179293729939, 0.26168262985247304, 0.25964592490601224, 0.2593925138367923, 0.25903586736442774, 0.2589386472719698, 0.2587841759273408, 0.2586915571459265, 0.2586088102622993, 0.2585567856167118, 0.258531018535046, 0.2585209022133501, 0.2585201236799557, 0.2585194265045556, 0.2585192753219032, 0.2585192418299138, 0.2585192351701079, 0.2585192330621735, 0.2585192326314456, 0.2585192323675063, 0.2585192323227026, 0.25851923230563134]}, "7": {"maxiter": 500, "fatol": 1e-10, "xatol": 1e-10, "duration": 0.21164679527282715, "fun": "0.25851923229700735", "nit": "499", "nfev": "846", "status": "0", "success": "True", "message": "Optimization terminated successfully.", "x": "[1.53729211 0.93196134 3.32410184 3.82625403 3.63517139 5.41641803]", "final_simplex": "(array([[1.53729211, 0.93196134, 3.32410184, 3.82625403, 3.63517139,\n        5.41641803],\n       [1.53729211, 0.93196134, 3.32410184, 3.82625403, 3.63517139,\n        5.41641803],\n       [1.53729211, 0.93196134, 3.32410184, 3.82625403, 3.63517139,\n        5.41641803],\n       [1.53729211, 0.93196134, 3.32410184, 3.82625403, 3.63517139,\n        5.41641803],\n       [1.53729211, 0.93196134, 3.32410184, 3.82625403, 3.63517139,\n        5.41641803],\n       [1.53729211, 0.93196134, 3.32410184, 3.82625403, 3.63517139,\n        5.41641803],\n       [1.53729211, 0.93196134, 3.32410184, 3.82625403, 3.63517139,\n        5.41641803]]), array([0.25851923, 0.25851923, 0.25851923, 0.25851923, 0.25851923,\n       0.25851923, 0.25851923]))", "callback": [0.8743943520848809, 0.6584355204577563, 0.28362732461542384, 0.27146642782849006, 0.2675262548289994, 0.2654682245350215, 0.2632158405224514, 0.2629381306751438, 0.2628846520204441, 0.2627211061906607, 0.26258053669701553, 0.26253028789957944, 0.2623179293729939, 0.26168262985247304, 0.25964592490601224, 0.2593925138367923, 0.25903586736442774, 0.2589386472719698, 0.2587841759273408, 0.2586915571459265, 0.2586088102622993, 0.2585567856167118, 0.258531018535046, 0.2585209022133501, 0.2585201236799557, 0.2585194265045556, 0.2585192753219032, 0.2585192418299138, 0.2585192351701079, 0.2585192330621735, 0.2585192326314456, 0.2585192323675063, 0.2585192323227026, 0.25851923230563134, 0.25851923229884355, 0.2585192322975087, 0.2585192322973078, 0.2585192322971849, 0.2585192322971429, 0.2585192322970761, 0.258519232297052, 0.2585192322970342, 0.25851923229701623, 0.2585192322970128, 0.25851923229701024, 0.25851923229700813, 0.2585192322970079, 0.25851923229700746, 0.25851923229700735]}, "8": {"maxiter": 1000, "fatol": 1e-05, "xatol": 1e-05, "duration": 0.12291097640991211, "fun": "0.25851923229884355", "nit": "347", "nfev": "547", "status": "0", "success": "True", "message": "Optimization terminated successfully.", "x": "[1.53729499 0.93195975 3.32410216 3.82625545 3.63516668 5.41641645]", "final_simplex": "(array([[1.53729499, 0.93195975, 3.32410216, 3.82625545, 3.63516668,\n        5.41641645],\n       [1.53729174, 0.93195811, 3.32410673, 3.82625402, 3.63516901,\n        5.41642147],\n       [1.53729544, 0.93195844, 3.32410653, 3.82625516, 3.63516647,\n        5.41642214],\n       [1.53729108, 0.93196102, 3.32410779, 3.82625439, 3.63517398,\n        5.41642227],\n       [1.53729148, 0.93196203, 3.32410276, 3.82625822, 3.63516283,\n        5.41641565],\n       [1.53729204, 0.93196023, 3.32410025, 3.82626058, 3.63517301,\n        5.41641991],\n       [1.53729514, 0.93196108, 3.32410639, 3.82625814, 3.63515999,\n        5.4164101 ]]), array([0.25851923, 0.25851923, 0.25851923, 0.25851923, 0.25851923,\n       0.25851923, 0.25851923]))", "callback": [0.8743943520848809, 0.6584355204577563, 0.28362732461542384, 0.27146642782849006, 0.2675262548289994, 0.2654682245350215, 0.2632158405224514, 0.2629381306751438, 0.2628846520204441, 0.2627211061906607, 0.26258053669701553, 0.26253028789957944, 0.2623179293729939, 0.26168262985247304, 0.25964592490601224, 0.2593925138367923, 0.25903586736442774, 0.2589386472719698, 0.2587841759273408, 0.2586915571459265, 0.2586088102622993, 0.2585567856167118, 0.258531018535046, 0.2585209022133501, 0.2585201236799557, 0.2585194265045556, 0.2585192753219032, 0.2585192418299138, 0.2585192351701079, 0.2585192330621735, 0.2585192326314456, 0.2585192323675063, 0.2585192323227026, 0.25851923230563134]}, "9": {"maxiter": 1000, "fatol": 1e-05, "xatol": 1e-10, "duration": 0.19384384155273438, "fun": "0.25851923229700735", "nit": "499", "nfev": "846", "status": "0", "success": "True", "message": "Optimization terminated successfully.", "x": "[1.53729211 0.93196134 3.32410184 3.82625403 3.63517139 5.41641803]", "final_simplex": "(array([[1.53729211, 0.93196134, 3.32410184, 3.82625403, 3.63517139,\n        5.41641803],\n       [1.53729211, 0.93196134, 3.32410184, 3.82625403, 3.63517139,\n        5.41641803],\n       [1.53729211, 0.93196134, 3.32410184, 3.82625403, 3.63517139,\n        5.41641803],\n       [1.53729211, 0.93196134, 3.32410184, 3.82625403, 3.63517139,\n        5.41641803],\n       [1.53729211, 0.93196134, 3.32410184, 3.82625403, 3.63517139,\n        5.41641803],\n       [1.53729211, 0.93196134, 3.32410184, 3.82625403, 3.63517139,\n        5.41641803],\n       [1.53729211, 0.93196134, 3.32410184, 3.82625403, 3.63517139,\n        5.41641803]]), array([0.25851923, 0.25851923, 0.25851923, 0.25851923, 0.25851923,\n       0.25851923, 0.25851923]))", "callback": [0.8743943520848809, 0.6584355204577563, 0.28362732461542384, 0.27146642782849006, 0.2675262548289994, 0.2654682245350215, 0.2632158405224514, 0.2629381306751438, 0.2628846520204441, 0.2627211061906607, 0.26258053669701553, 0.26253028789957944, 0.2623179293729939, 0.26168262985247304, 0.25964592490601224, 0.2593925138367923, 0.25903586736442774, 0.2589386472719698, 0.2587841759273408, 0.2586915571459265, 0.2586088102622993, 0.2585567856167118, 0.258531018535046, 0.2585209022133501, 0.2585201236799557, 0.2585194265045556, 0.2585192753219032, 0.2585192418299138, 0.2585192351701079, 0.2585192330621735, 0.2585192326314456, 0.2585192323675063, 0.2585192323227026, 0.25851923230563134, 0.25851923229884355, 0.2585192322975087, 0.2585192322973078, 0.2585192322971849, 0.2585192322971429, 0.2585192322970761, 0.258519232297052, 0.2585192322970342, 0.25851923229701623, 0.2585192322970128, 0.25851923229701024, 0.25851923229700813, 0.2585192322970079, 0.25851923229700746, 0.25851923229700735]}, "10": {"maxiter": 1000, "fatol": 1e-10, "xatol": 1e-05, "duration": 0.13668394088745117, "fun": "0.25851923229884355", "nit": "347", "nfev": "547", "status": "0", "success": "True", "message": "Optimization terminated successfully.", "x": "[1.53729499 0.93195975 3.32410216 3.82625545 3.63516668 5.41641645]", "final_simplex": "(array([[1.53729499, 0.93195975, 3.32410216, 3.82625545, 3.63516668,\n        5.41641645],\n       [1.53729174, 0.93195811, 3.32410673, 3.82625402, 3.63516901,\n        5.41642147],\n       [1.53729544, 0.93195844, 3.32410653, 3.82625516, 3.63516647,\n        5.41642214],\n       [1.53729108, 0.93196102, 3.32410779, 3.82625439, 3.63517398,\n        5.41642227],\n       [1.53729148, 0.93196203, 3.32410276, 3.82625822, 3.63516283,\n        5.41641565],\n       [1.53729204, 0.93196023, 3.32410025, 3.82626058, 3.63517301,\n        5.41641991],\n       [1.53729514, 0.93196108, 3.32410639, 3.82625814, 3.63515999,\n        5.4164101 ]]), array([0.25851923, 0.25851923, 0.25851923, 0.25851923, 0.25851923,\n       0.25851923, 0.25851923]))", "callback": [0.8743943520848809, 0.6584355204577563, 0.28362732461542384, 0.27146642782849006, 0.2675262548289994, 0.2654682245350215, 0.2632158405224514, 0.2629381306751438, 0.2628846520204441, 0.2627211061906607, 0.26258053669701553, 0.26253028789957944, 0.2623179293729939, 0.26168262985247304, 0.25964592490601224, 0.2593925138367923, 0.25903586736442774, 0.2589386472719698, 0.2587841759273408, 0.2586915571459265, 0.2586088102622993, 0.2585567856167118, 0.258531018535046, 0.2585209022133501, 0.2585201236799557, 0.2585194265045556, 0.2585192753219032, 0.2585192418299138, 0.2585192351701079, 0.2585192330621735, 0.2585192326314456, 0.2585192323675063, 0.2585192323227026, 0.25851923230563134]}, "11": {"maxiter": 1000, "fatol": 1e-10, "xatol": 1e-10, "duration": 0.20102286338806152, "fun": "0.25851923229700735", "nit": "499", "nfev": "846", "status": "0", "success": "True", "message": "Optimization terminated successfully.", "x": "[1.53729211 0.93196134 3.32410184 3.82625403 3.63517139 5.41641803]", "final_simplex": "(array([[1.53729211, 0.93196134, 3.32410184, 3.82625403, 3.63517139,\n        5.41641803],\n       [1.53729211, 0.93196134, 3.32410184, 3.82625403, 3.63517139,\n        5.41641803],\n       [1.53729211, 0.93196134, 3.32410184, 3.82625403, 3.63517139,\n        5.41641803],\n       [1.53729211, 0.93196134, 3.32410184, 3.82625403, 3.63517139,\n        5.41641803],\n       [1.53729211, 0.93196134, 3.32410184, 3.82625403, 3.63517139,\n        5.41641803],\n       [1.53729211, 0.93196134, 3.32410184, 3.82625403, 3.63517139,\n        5.41641803],\n       [1.53729211, 0.93196134, 3.32410184, 3.82625403, 3.63517139,\n        5.41641803]]), array([0.25851923, 0.25851923, 0.25851923, 0.25851923, 0.25851923,\n       0.25851923, 0.25851923]))", "callback": [0.8743943520848809, 0.6584355204577563, 0.28362732461542384, 0.27146642782849006, 0.2675262548289994, 0.2654682245350215, 0.2632158405224514, 0.2629381306751438, 0.2628846520204441, 0.2627211061906607, 0.26258053669701553, 0.26253028789957944, 0.2623179293729939, 0.26168262985247304, 0.25964592490601224, 0.2593925138367923, 0.25903586736442774, 0.2589386472719698, 0.2587841759273408, 0.2586915571459265, 0.2586088102622993, 0.2585567856167118, 0.258531018535046, 0.2585209022133501, 0.2585201236799557, 0.2585194265045556, 0.2585192753219032, 0.2585192418299138, 0.2585192351701079, 0.2585192330621735, 0.2585192326314456, 0.2585192323675063, 0.2585192323227026, 0.25851923230563134, 0.25851923229884355, 0.2585192322975087, 0.2585192322973078, 0.2585192322971849, 0.2585192322971429, 0.2585192322970761, 0.258519232297052, 0.2585192322970342, 0.25851923229701623, 0.2585192322970128, 0.25851923229701024, 0.25851923229700813, 0.2585192322970079, 0.25851923229700746, 0.25851923229700735]}}, "bfgs": {"type": "gradient", "0": {"maxiter": 100, "gtol": 1e-05, "xrtol": 1e-05, "eps": 1e-05, "duration": 0.047142744064331055, "fun": "0.25851923280188105", "jac": "[ 1.95817806e-06  7.66664510e-07 -3.38145067e-06 -6.48303633e-07\n -4.77047291e-06 -1.50419677e-06]", "hess_inv": "[[ 5.30472863 -2.13940872  1.30847099  0.18302082 -1.05042147  2.06743185]\n [-2.13940872  4.97512112 -0.76359921  0.53137723 -0.46080248 -2.91236711]\n [ 1.30847099 -0.76359921  4.72119654 -0.39010215 -3.19542757  0.60432116]\n [ 0.18302082  0.53137723 -0.39010215  3.48783627 -0.60916874 -0.69478579]\n [-1.05042147 -0.46080248 -3.19542757 -0.60916874 12.24979284  6.64562815]\n [ 2.06743185 -2.91236711  0.60432116 -0.69478579  6.64562815  9.22058335]]", "nfev": "196", "njev": "28", "status": "0", "success": "True", "message": "Optimization terminated successfully.", "x": "[1.5372913  0.93198222 3.32409641 3.82626038 3.63506106 5.41631968]", "nit": "21", "callback": [0.26482626098816053, 0.25851923756308537]}, "1": {"maxiter": 100, "gtol": 1e-05, "xrtol": 1e-05, "eps": 1e-10, "duration": 0.04662823677062988, "fun": "0.25851923237467045", "jac": "[ 1.11022293e-06  1.11022293e-06 -1.11022293e-06 -1.11022293e-06\n -3.33066880e-06  3.33066880e-06]", "hess_inv": "[[ 5.33462963 -2.12154911  1.27495181  0.18836107 -1.05405339  2.06075305]\n [-2.12154911  5.01064902 -0.81372116  0.54028201 -0.4819474  -2.94447478]\n [ 1.27495181 -0.81372116  4.6452738  -0.44749889 -3.00826803  0.73888803]\n [ 0.18836107  0.54028201 -0.44749889  3.48127662 -0.56783568 -0.67871664]\n [-1.05405339 -0.4819474  -3.00826803 -0.56783568 12.08448801  6.56423217]\n [ 2.06075305 -2.94447478  0.73888803 -0.67871664  6.56423217  9.19561396]]", "nfev": "196", "njev": "28", "status": "0", "success": "True", "message": "Optimization terminated successfully.", "x": "[1.53729618 0.93196618 3.32409651 3.82625455 3.63513172 5.41638681]", "nit": "21", "callback": [0.2648270030511104, 0.2585192369402507]}, "2": {"maxiter": 100, "gtol": 1e-05, "xrtol": 1e-10, "eps": 1e-05, "duration": 0.04510998725891113, "fun": "0.25851923280188105", "jac": "[ 1.95817806e-06  7.66664510e-07 -3.38145067e-06 -6.48303633e-07\n -4.77047291e-06 -1.50419677e-06]", "hess_inv": "[[ 5.30472863 -2.13940872  1.30847099  0.18302082 -1.05042147  2.06743185]\n [-2.13940872  4.97512112 -0.76359921  0.53137723 -0.46080248 -2.91236711]\n [ 1.30847099 -0.76359921  4.72119654 -0.39010215 -3.19542757  0.60432116]\n [ 0.18302082  0.53137723 -0.39010215  3.48783627 -0.60916874 -0.69478579]\n [-1.05042147 -0.46080248 -3.19542757 -0.60916874 12.24979284  6.64562815]\n [ 2.06743185 -2.91236711  0.60432116 -0.69478579  6.64562815  9.22058335]]", "nfev": "196", "njev": "28", "status": "0", "success": "True", "message": "Optimization terminated successfully.", "x": "[1.5372913  0.93198222 3.32409641 3.82626038 3.63506106 5.41631968]", "nit": "21", "callback": [0.26482626098816053, 0.25851923756308537]}, "3": {"maxiter": 100, "gtol": 1e-05, "xrtol": 1e-10, "eps": 1e-10, "duration": 0.046556949615478516, "fun": "0.25851923237467045", "jac": "[ 1.11022293e-06  1.11022293e-06 -1.11022293e-06 -1.11022293e-06\n -3.33066880e-06  3.33066880e-06]", "hess_inv": "[[ 5.33462963 -2.12154911  1.27495181  0.18836107 -1.05405339  2.06075305]\n [-2.12154911  5.01064902 -0.81372116  0.54028201 -0.4819474  -2.94447478]\n [ 1.27495181 -0.81372116  4.6452738  -0.44749889 -3.00826803  0.73888803]\n [ 0.18836107  0.54028201 -0.44749889  3.48127662 -0.56783568 -0.67871664]\n [-1.05405339 -0.4819474  -3.00826803 -0.56783568 12.08448801  6.56423217]\n [ 2.06075305 -2.94447478  0.73888803 -0.67871664  6.56423217  9.19561396]]", "nfev": "196", "njev": "28", "status": "0", "success": "True", "message": "Optimization terminated successfully.", "x": "[1.53729618 0.93196618 3.32409651 3.82625455 3.63513172 5.41638681]", "nit": "21", "callback": [0.2648270030511104, 0.2585192369402507]}, "4": {"maxiter": 100, "gtol": 1e-10, "xrtol": 1e-05, "eps": 1e-05, "duration": 0.049263954162597656, "fun": "0.2585192323566289", "jac": "[-1.09123821e-07 -8.20232771e-08 -3.38618023e-09 -1.84907645e-07\n -1.66033853e-07  1.58473235e-07]", "hess_inv": "[[ 5.30583753 -2.03532317  1.34791881  0.24962041 -1.32103039  1.82103312]\n [-2.03532317  5.26226693 -0.74679471  0.69431502 -1.73485944 -3.96408881]\n [ 1.34791881 -0.74679471  4.37709635 -0.34499281 -2.75717545  0.77161329]\n [ 0.24962041  0.69431502 -0.34499281  3.57301896 -1.46412    -1.36674906]\n [-1.32103039 -1.73485944 -2.75717545 -1.46412    15.40462096  9.84038512]\n [ 1.82103312 -3.96408881  0.77161329 -1.36674906  9.84038512 12.18330242]]", "nfev": "210", "njev": "30", "status": "0", "success": "True", "message": "Optimization terminated successfully.", "x": "[1.53728363 0.93196585 3.32409693 3.82625147 3.63514299 5.41638615]", "nit": "23", "callback": [0.26482626098816053, 0.25851923756308537]}, "5": {"maxiter": 100, "gtol": 1e-10, "xrtol": 1e-05, "eps": 1e-10, "duration": 0.045942068099975586, "fun": "0.25851923237167695", "jac": "[ 0.00000000e+00 -2.22044587e-06 -4.44089173e-06  0.00000000e+00\n -2.22044587e-06 -2.22044587e-06]", "hess_inv": "[[ 5.47627786 -2.05644427  1.16546443  0.24648098 -1.3270594   1.8746236 ]\n [-2.05644427  4.94108291 -0.69246712  0.49027903 -0.53421207 -2.80031564]\n [ 1.16546443 -0.69246712  4.4340061  -0.36012042 -2.92351207  0.4866091 ]\n [ 0.24648098  0.49027903 -0.36012042  3.44596827 -0.62339716 -0.57796022]\n [-1.3270594  -0.53421207 -2.92351207 -0.62339716 12.55678705  6.75392493]\n [ 1.8746236  -2.80031564  0.4866091  -0.57796022  6.75392493  8.90982667]]", "nfev": "203", "njev": "29", "status": "0", "success": "True", "message": "Optimization terminated successfully.", "x": "[1.53728329 0.9319703  3.32408915 3.82625701 3.63514918 5.41638056]", "nit": "22", "callback": [0.2648270030511104, 0.2585192369402507]}, "6": {"maxiter": 100, "gtol": 1e-10, "xrtol": 1e-10, "eps": 1e-05, "duration": 0.10579609870910645, "fun": "0.25851923235570606", "jac": "[ 8.87068197e-09  8.08242362e-09  7.86037901e-09  1.29007915e-08\n  2.10054196e-08 -1.01918474e-08]", "hess_inv": "[[ 5.3050778  -2.00182907  1.30218245  0.29024554 -1.25972708  1.80302834]\n [-2.00182907  4.90637969 -0.58085557  0.34947887 -1.95715775 -3.67363519]\n [ 1.30218245 -0.58085557  4.67889563 -0.28707097 -3.16273108  0.51816966]\n [ 0.29024554  0.34947887 -0.28707097  3.26679699 -1.54153527 -1.05340381]\n [-1.25972708 -1.95715775 -3.16273108 -1.54153527 16.01547922 10.22317647]\n [ 1.80302834 -3.67363519  0.51816966 -1.05340381 10.22317647 12.01089186]]", "nfev": "438", "njev": "61", "status": "2", "success": "False", "message": "Desired error not necessarily achieved due to precision loss.", "x": "[1.53728361 0.93196638 3.32409635 3.82625206 3.63514359 5.41638572]", "nit": "24", "callback": [0.26482626098816053, 0.25851923756308537]}, "7": {"maxiter": 100, "gtol": 1e-10, "xrtol": 1e-10, "eps": 1e-10, "duration": 0.10689306259155273, "fun": "0.258519232325378", "jac": "[ 0.00000000e+00 -1.11022293e-06 -1.11022293e-06  2.22044587e-06\n  2.22044587e-06  2.22044587e-06]", "hess_inv": "[[ 0.01718442  0.02361773  0.00187389  0.00136279  0.01011361 -0.00930305]\n [ 0.02361773  0.88362625 -0.23797063  0.22137352  0.38373299 -0.21318307]\n [ 0.00187389 -0.23797063  0.21908661 -0.06976657 -0.06775352 -0.04077571]\n [ 0.00136279  0.22137352 -0.06976657  0.12207643  0.07698731 -0.05396809]\n [ 0.01011361  0.38373299 -0.06775352  0.07698731  0.50746852 -0.29070708]\n [-0.00930305 -0.21318307 -0.04077571 -0.05396809 -0.29070708  0.23129558]]", "nfev": "462", "njev": "66", "status": "0", "success": "True", "message": "Optimization terminated successfully.", "x": "[1.5372858  0.93196504 3.32409753 3.8262571  3.63515267 5.41639452]", "nit": "36", "callback": [0.2648270030511104, 0.2585192369402507, 0.2585192323354264]}, "8": {"maxiter": 500, "gtol": 1e-05, "xrtol": 1e-05, "eps": 1e-05, "duration": 0.04548192024230957, "fun": "0.25851923280188105", "jac": "[ 1.95817806e-06  7.66664510e-07 -3.38145067e-06 -6.48303633e-07\n -4.77047291e-06 -1.50419677e-06]", "hess_inv": "[[ 5.30472863 -2.13940872  1.30847099  0.18302082 -1.05042147  2.06743185]\n [-2.13940872  4.97512112 -0.76359921  0.53137723 -0.46080248 -2.91236711]\n [ 1.30847099 -0.76359921  4.72119654 -0.39010215 -3.19542757  0.60432116]\n [ 0.18302082  0.53137723 -0.39010215  3.48783627 -0.60916874 -0.69478579]\n [-1.05042147 -0.46080248 -3.19542757 -0.60916874 12.24979284  6.64562815]\n [ 2.06743185 -2.91236711  0.60432116 -0.69478579  6.64562815  9.22058335]]", "nfev": "196", "njev": "28", "status": "0", "success": "True", "message": "Optimization terminated successfully.", "x": "[1.5372913  0.93198222 3.32409641 3.82626038 3.63506106 5.41631968]", "nit": "21", "callback": [0.26482626098816053, 0.25851923756308537]}, "9": {"maxiter": 500, "gtol": 1e-05, "xrtol": 1e-05, "eps": 1e-10, "duration": 0.045822858810424805, "fun": "0.25851923237467045", "jac": "[ 1.11022293e-06  1.11022293e-06 -1.11022293e-06 -1.11022293e-06\n -3.33066880e-06  3.33066880e-06]", "hess_inv": "[[ 5.33462963 -2.12154911  1.27495181  0.18836107 -1.05405339  2.06075305]\n [-2.12154911  5.01064902 -0.81372116  0.54028201 -0.4819474  -2.94447478]\n [ 1.27495181 -0.81372116  4.6452738  -0.44749889 -3.00826803  0.73888803]\n [ 0.18836107  0.54028201 -0.44749889  3.48127662 -0.56783568 -0.67871664]\n [-1.05405339 -0.4819474  -3.00826803 -0.56783568 12.08448801  6.56423217]\n [ 2.06075305 -2.94447478  0.73888803 -0.67871664  6.56423217  9.19561396]]", "nfev": "196", "njev": "28", "status": "0", "success": "True", "message": "Optimization terminated successfully.", "x": "[1.53729618 0.93196618 3.32409651 3.82625455 3.63513172 5.41638681]", "nit": "21", "callback": [0.2648270030511104, 0.2585192369402507]}, "10": {"maxiter": 500, "gtol": 1e-05, "xrtol": 1e-10, "eps": 1e-05, "duration": 0.04390072822570801, "fun": "0.25851923280188105", "jac": "[ 1.95817806e-06  7.66664510e-07 -3.38145067e-06 -6.48303633e-07\n -4.77047291e-06 -1.50419677e-06]", "hess_inv": "[[ 5.30472863 -2.13940872  1.30847099  0.18302082 -1.05042147  2.06743185]\n [-2.13940872  4.97512112 -0.76359921  0.53137723 -0.46080248 -2.91236711]\n [ 1.30847099 -0.76359921  4.72119654 -0.39010215 -3.19542757  0.60432116]\n [ 0.18302082  0.53137723 -0.39010215  3.48783627 -0.60916874 -0.69478579]\n [-1.05042147 -0.46080248 -3.19542757 -0.60916874 12.24979284  6.64562815]\n [ 2.06743185 -2.91236711  0.60432116 -0.69478579  6.64562815  9.22058335]]", "nfev": "196", "njev": "28", "status": "0", "success": "True", "message": "Optimization terminated successfully.", "x": "[1.5372913  0.93198222 3.32409641 3.82626038 3.63506106 5.41631968]", "nit": "21", "callback": [0.26482626098816053, 0.25851923756308537]}, "11": {"maxiter": 500, "gtol": 1e-05, "xrtol": 1e-10, "eps": 1e-10, "duration": 0.04461407661437988, "fun": "0.25851923237467045", "jac": "[ 1.11022293e-06  1.11022293e-06 -1.11022293e-06 -1.11022293e-06\n -3.33066880e-06  3.33066880e-06]", "hess_inv": "[[ 5.33462963 -2.12154911  1.27495181  0.18836107 -1.05405339  2.06075305]\n [-2.12154911  5.01064902 -0.81372116  0.54028201 -0.4819474  -2.94447478]\n [ 1.27495181 -0.81372116  4.6452738  -0.44749889 -3.00826803  0.73888803]\n [ 0.18836107  0.54028201 -0.44749889  3.48127662 -0.56783568 -0.67871664]\n [-1.05405339 -0.4819474  -3.00826803 -0.56783568 12.08448801  6.56423217]\n [ 2.06075305 -2.94447478  0.73888803 -0.67871664  6.56423217  9.19561396]]", "nfev": "196", "njev": "28", "status": "0", "success": "True", "message": "Optimization terminated successfully.", "x": "[1.53729618 0.93196618 3.32409651 3.82625455 3.63513172 5.41638681]", "nit": "21", "callback": [0.2648270030511104, 0.2585192369402507]}, "12": {"maxiter": 500, "gtol": 1e-10, "xrtol": 1e-05, "eps": 1e-05, "duration": 0.0473179817199707, "fun": "0.2585192323566289", "jac": "[-1.09123821e-07 -8.20232771e-08 -3.38618023e-09 -1.84907645e-07\n -1.66033853e-07  1.58473235e-07]", "hess_inv": "[[ 5.30583753 -2.03532317  1.34791881  0.24962041 -1.32103039  1.82103312]\n [-2.03532317  5.26226693 -0.74679471  0.69431502 -1.73485944 -3.96408881]\n [ 1.34791881 -0.74679471  4.37709635 -0.34499281 -2.75717545  0.77161329]\n [ 0.24962041  0.69431502 -0.34499281  3.57301896 -1.46412    -1.36674906]\n [-1.32103039 -1.73485944 -2.75717545 -1.46412    15.40462096  9.84038512]\n [ 1.82103312 -3.96408881  0.77161329 -1.36674906  9.84038512 12.18330242]]", "nfev": "210", "njev": "30", "status": "0", "success": "True", "message": "Optimization terminated successfully.", "x": "[1.53728363 0.93196585 3.32409693 3.82625147 3.63514299 5.41638615]", "nit": "23", "callback": [0.26482626098816053, 0.25851923756308537]}, "13": {"maxiter": 500, "gtol": 1e-10, "xrtol": 1e-05, "eps": 1e-10, "duration": 0.047120094299316406, "fun": "0.25851923237167695", "jac": "[ 0.00000000e+00 -2.22044587e-06 -4.44089173e-06  0.00000000e+00\n -2.22044587e-06 -2.22044587e-06]", "hess_inv": "[[ 5.47627786 -2.05644427  1.16546443  0.24648098 -1.3270594   1.8746236 ]\n [-2.05644427  4.94108291 -0.69246712  0.49027903 -0.53421207 -2.80031564]\n [ 1.16546443 -0.69246712  4.4340061  -0.36012042 -2.92351207  0.4866091 ]\n [ 0.24648098  0.49027903 -0.36012042  3.44596827 -0.62339716 -0.57796022]\n [-1.3270594  -0.53421207 -2.92351207 -0.62339716 12.55678705  6.75392493]\n [ 1.8746236  -2.80031564  0.4866091  -0.57796022  6.75392493  8.90982667]]", "nfev": "203", "njev": "29", "status": "0", "success": "True", "message": "Optimization terminated successfully.", "x": "[1.53728329 0.9319703  3.32408915 3.82625701 3.63514918 5.41638056]", "nit": "22", "callback": [0.2648270030511104, 0.2585192369402507]}, "14": {"maxiter": 500, "gtol": 1e-10, "xrtol": 1e-10, "eps": 1e-05, "duration": 0.09914994239807129, "fun": "0.25851923235570606", "jac": "[ 8.87068197e-09  8.08242362e-09  7.86037901e-09  1.29007915e-08\n  2.10054196e-08 -1.01918474e-08]", "hess_inv": "[[ 5.3050778  -2.00182907  1.30218245  0.29024554 -1.25972708  1.80302834]\n [-2.00182907  4.90637969 -0.58085557  0.34947887 -1.95715775 -3.67363519]\n [ 1.30218245 -0.58085557  4.67889563 -0.28707097 -3.16273108  0.51816966]\n [ 0.29024554  0.34947887 -0.28707097  3.26679699 -1.54153527 -1.05340381]\n [-1.25972708 -1.95715775 -3.16273108 -1.54153527 16.01547922 10.22317647]\n [ 1.80302834 -3.67363519  0.51816966 -1.05340381 10.22317647 12.01089186]]", "nfev": "438", "njev": "61", "status": "2", "success": "False", "message": "Desired error not necessarily achieved due to precision loss.", "x": "[1.53728361 0.93196638 3.32409635 3.82625206 3.63514359 5.41638572]", "nit": "24", "callback": [0.26482626098816053, 0.25851923756308537]}, "15": {"maxiter": 500, "gtol": 1e-10, "xrtol": 1e-10, "eps": 1e-10, "duration": 0.10449790954589844, "fun": "0.258519232325378", "jac": "[ 0.00000000e+00 -1.11022293e-06 -1.11022293e-06  2.22044587e-06\n  2.22044587e-06  2.22044587e-06]", "hess_inv": "[[ 0.01718442  0.02361773  0.00187389  0.00136279  0.01011361 -0.00930305]\n [ 0.02361773  0.88362625 -0.23797063  0.22137352  0.38373299 -0.21318307]\n [ 0.00187389 -0.23797063  0.21908661 -0.06976657 -0.06775352 -0.04077571]\n [ 0.00136279  0.22137352 -0.06976657  0.12207643  0.07698731 -0.05396809]\n [ 0.01011361  0.38373299 -0.06775352  0.07698731  0.50746852 -0.29070708]\n [-0.00930305 -0.21318307 -0.04077571 -0.05396809 -0.29070708  0.23129558]]", "nfev": "462", "njev": "66", "status": "0", "success": "True", "message": "Optimization terminated successfully.", "x": "[1.5372858  0.93196504 3.32409753 3.8262571  3.63515267 5.41639452]", "nit": "36", "callback": [0.2648270030511104, 0.2585192369402507, 0.2585192323354264]}, "16": {"maxiter": 1000, "gtol": 1e-05, "xrtol": 1e-05, "eps": 1e-05, "duration": 0.04433631896972656, "fun": "0.25851923280188105", "jac": "[ 1.95817806e-06  7.66664510e-07 -3.38145067e-06 -6.48303633e-07\n -4.77047291e-06 -1.50419677e-06]", "hess_inv": "[[ 5.30472863 -2.13940872  1.30847099  0.18302082 -1.05042147  2.06743185]\n [-2.13940872  4.97512112 -0.76359921  0.53137723 -0.46080248 -2.91236711]\n [ 1.30847099 -0.76359921  4.72119654 -0.39010215 -3.19542757  0.60432116]\n [ 0.18302082  0.53137723 -0.39010215  3.48783627 -0.60916874 -0.69478579]\n [-1.05042147 -0.46080248 -3.19542757 -0.60916874 12.24979284  6.64562815]\n [ 2.06743185 -2.91236711  0.60432116 -0.69478579  6.64562815  9.22058335]]", "nfev": "196", "njev": "28", "status": "0", "success": "True", "message": "Optimization terminated successfully.", "x": "[1.5372913  0.93198222 3.32409641 3.82626038 3.63506106 5.41631968]", "nit": "21", "callback": [0.26482626098816053, 0.25851923756308537]}, "17": {"maxiter": 1000, "gtol": 1e-05, "xrtol": 1e-05, "eps": 1e-10, "duration": 0.04463624954223633, "fun": "0.25851923237467045", "jac": "[ 1.11022293e-06  1.11022293e-06 -1.11022293e-06 -1.11022293e-06\n -3.33066880e-06  3.33066880e-06]", "hess_inv": "[[ 5.33462963 -2.12154911  1.27495181  0.18836107 -1.05405339  2.06075305]\n [-2.12154911  5.01064902 -0.81372116  0.54028201 -0.4819474  -2.94447478]\n [ 1.27495181 -0.81372116  4.6452738  -0.44749889 -3.00826803  0.73888803]\n [ 0.18836107  0.54028201 -0.44749889  3.48127662 -0.56783568 -0.67871664]\n [-1.05405339 -0.4819474  -3.00826803 -0.56783568 12.08448801  6.56423217]\n [ 2.06075305 -2.94447478  0.73888803 -0.67871664  6.56423217  9.19561396]]", "nfev": "196", "njev": "28", "status": "0", "success": "True", "message": "Optimization terminated successfully.", "x": "[1.53729618 0.93196618 3.32409651 3.82625455 3.63513172 5.41638681]", "nit": "21", "callback": [0.2648270030511104, 0.2585192369402507]}, "18": {"maxiter": 1000, "gtol": 1e-05, "xrtol": 1e-10, "eps": 1e-05, "duration": 0.04469490051269531, "fun": "0.25851923280188105", "jac": "[ 1.95817806e-06  7.66664510e-07 -3.38145067e-06 -6.48303633e-07\n -4.77047291e-06 -1.50419677e-06]", "hess_inv": "[[ 5.30472863 -2.13940872  1.30847099  0.18302082 -1.05042147  2.06743185]\n [-2.13940872  4.97512112 -0.76359921  0.53137723 -0.46080248 -2.91236711]\n [ 1.30847099 -0.76359921  4.72119654 -0.39010215 -3.19542757  0.60432116]\n [ 0.18302082  0.53137723 -0.39010215  3.48783627 -0.60916874 -0.69478579]\n [-1.05042147 -0.46080248 -3.19542757 -0.60916874 12.24979284  6.64562815]\n [ 2.06743185 -2.91236711  0.60432116 -0.69478579  6.64562815  9.22058335]]", "nfev": "196", "njev": "28", "status": "0", "success": "True", "message": "Optimization terminated successfully.", "x": "[1.53729