{"date": "2024/09/23/, 20:39:02", "conf_id": 72, "data_type": "random\n", "num_data_points": 4, "s_rank": 0, "unitary": "[[0.18663085-0.53122324j,-0.11886349-0.70040876j,0.28555095-0.02789305j,-0.12262021-0.2844587j],[-0.16702216+0.27758472j,0.27526351-0.29738586j,-0.01109314+0.22495461j,-0.77239203+0.28900673j],[0.61935415+0.12301792j,-0.31269928-0.03315917j,-0.61902762-0.19039079j,-0.27120731-0.0968989j],[0.42341754+0.0023929j,-0.05847358+0.47832119j,0.64900495-0.16218422j,-0.37182676-0.05229966j]]", "databatch_0": {"databatch": "[[[-0.17866232+0.09107136j,0.19870225+0.2312253j,-0.16295286+0.34795771j,0.10841749+0.15690009j],[0.11194052-0.0969995j,-0.13793764+0.0895999j,-0.06874036-0.09941939j,0.05181411+0.07587071j],[-0.17799317+0.28700642j,-0.10194746-0.22822991j,-0.07927934+0.11298846j,-0.31768136+0.08631295j],[-0.05008429+0.16352637j,-0.0387764+0.30291731j,0.33181827+0.11337648j,-0.24692033+0.01985868j]],[[0.11570412+0.05039447j,-0.01044226-0.04342152j,0.00358832+0.01101258j,0.04462279-0.27467987j],[-0.19972474+0.21059447j,-0.08813557+0.37995957j,-0.18267922+0.07769179j,0.22692169-0.03166324j],[0.25984463+0.20023752j,0.0610551+0.17121849j,-0.07296167+0.1088869j,0.06080087+0.00704331j],[0.20099706+0.06528148j,-0.26173153-0.351648j,0.01906693-0.16528203j,-0.1469183-0.35854071j]],[[0.19144477+0.03544014j,0.12356741+0.034192j,-0.04388633-0.21337552j,-0.10978143-0.07302786j],[-0.16368763+0.0569089j,-0.15486871-0.3216732j,-0.03402004+0.35032785j,0.10566804+0.10620539j],[0.03213278-0.04122581j,0.00846448-0.27730703j,-0.17973093+0.12903297j,-0.04890826+0.09080517j],[-0.12066104-0.12922872j,0.17303828-0.416713j,-0.38255241+0.16929665j,-0.00310649+0.16682483j]],[[0.18039804+0.08317178j,-0.16998455+0.00927907j,-0.11498719-0.11282558j,-0.00509982+0.15793005j],[-0.166633-0.21540903j,0.02929353+0.29972541j,0.06360544+0.00650698j,-0.01109997+0.15944407j],[-0.47080288-0.25122791j,-0.27205001+0.24125844j,0.23621426+0.13785997j,0.19519151-0.19679707j],[0.16327513-0.08902956j,-0.18159584+0.11004112j,-0.10123319+0.09269561j,0.09314516-0.10167165j]]]", "initial param values": "[2.68137274,0.56114346,3.44468917,1.33114619,5.03513161,4.67873617]", "nelder_mead": {"type": "gradient-free", "0": {"maxiter": 100, "fatol": 1e-05, "xatol": 1e-05, "duration": 0.03347420692443848, "fun": "0.2522910049562097", "nit": "100", "nfev": "155", "status": "2", "success": "False", "message": "Maximum number of iterations has been exceeded.", "x": "[1.24211339 0.64210543 3.51282262 2.97113595 1.32840811 3.42500816]", "final_simplex": "(array([[1.24211339, 0.64210543, 3.51282262, 2.97113595, 1.32840811,\n        3.42500816],\n       [1.2181699 , 0.61728751, 3.47114113, 2.97515409, 1.47882968,\n        3.56731072],\n       [1.20751755, 0.58631426, 3.55299808, 2.94644423, 1.58354967,\n        3.73765366],\n       [1.29363726, 0.6041347 , 3.53212478, 2.92564453, 1.5008485 ,\n        3.61571458],\n       [1.27493603, 0.59484895, 3.51095897, 2.95719224, 1.49982244,\n        3.65435413],\n       [1.25887311, 0.58559926, 3.53229621, 2.9876514 , 1.49623285,\n        3.59042209],\n       [1.22042048, 0.58109496, 3.57918349, 2.96275086, 1.60259874,\n        3.70449985]]), array([0.252291  , 0.25434819, 0.25474292, 0.2552135 , 0.25535066,\n       0.25585903, 0.25586449]))", "callback": [0.7238657549155848, 0.6372175828727806, 0.5107939774748718, 0.413766559979301, 0.2910993157335169, 0.2806000580938969, 0.2637794756711944, 0.258788154392638, 0.2558590293762655]}, "1": {"maxiter": 100, "fatol": 1e-05, "xatol": 1e-10, "duration": 0.03348398208618164, "fun": "0.2522910049562097", "nit": "100", "nfev": "155", "status": "2", "success": "False", "message": "Maximum number of iterations has been exceeded.", "x": "[1.24211339 0.64210543 3.51282262 2.97113595 1.32840811 3.42500816]", "final_simplex": "(array([[1.24211339, 0.64210543, 3.51282262, 2.97113595, 1.32840811,\n        3.42500816],\n       [1.2181699 , 0.61728751, 3.47114113, 2.97515409, 1.47882968,\n        3.56731072],\n       [1.20751755, 0.58631426, 3.55299808, 2.94644423, 1.58354967,\n        3.73765366],\n       [1.29363726, 0.6041347 , 3.53212478, 2.92564453, 1.5008485 ,\n        3.61571458],\n       [1.27493603, 0.59484895, 3.51095897, 2.95719224, 1.49982244,\n        3.65435413],\n       [1.25887311, 0.58559926, 3.53229621, 2.9876514 , 1.49623285,\n        3.59042209],\n       [1.22042048, 0.58109496, 3.57918349, 2.96275086, 1.60259874,\n        3.70449985]]), array([0.252291  , 0.25434819, 0.25474292, 0.2552135 , 0.25535066,\n       0.25585903, 0.25586449]))", "callback": [0.7238657549155848, 0.6372175828727806, 0.5107939774748718, 0.413766559979301, 0.2910993157335169, 0.2806000580938969, 0.2637794756711944, 0.258788154392638, 0.2558590293762655]}, "2": {"maxiter": 100, "fatol": 1e-10, "xatol": 1e-05, "duration": 0.03339791297912598, "fun": "0.2522910049562097", "nit": "100", "nfev": "155", "status": "2", "success": "False", "message": "Maximum number of iterations has been exceeded.", "x": "[1.24211339 0.64210543 3.51282262 2.97113595 1.32840811 3.42500816]", "final_simplex": "(array([[1.24211339, 0.64210543, 3.51282262, 2.97113595, 1.32840811,\n        3.42500816],\n       [1.2181699 , 0.61728751, 3.47114113, 2.97515409, 1.47882968,\n        3.56731072],\n       [1.20751755, 0.58631426, 3.55299808, 2.94644423, 1.58354967,\n        3.73765366],\n       [1.29363726, 0.6041347 , 3.53212478, 2.92564453, 1.5008485 ,\n        3.61571458],\n       [1.27493603, 0.59484895, 3.51095897, 2.95719224, 1.49982244,\n        3.65435413],\n       [1.25887311, 0.58559926, 3.53229621, 2.9876514 , 1.49623285,\n        3.59042209],\n       [1.22042048, 0.58109496, 3.57918349, 2.96275086, 1.60259874,\n        3.70449985]]), array([0.252291  , 0.25434819, 0.25474292, 0.2552135 , 0.25535066,\n       0.25585903, 0.25586449]))", "callback": [0.7238657549155848, 0.6372175828727806, 0.5107939774748718, 0.413766559979301, 0.2910993157335169, 0.2806000580938969, 0.2637794756711944, 0.258788154392638, 0.2558590293762655]}, "3": {"maxiter": 100, "fatol": 1e-10, "xatol": 1e-10, "duration": 0.032691001892089844, "fun": "0.2522910049562097", "nit": "100", "nfev": "155", "status": "2", "success": "False", "message": "Maximum number of iterations has been exceeded.", "x": "[1.24211339 0.64210543 3.51282262 2.97113595 1.32840811 3.42500816]", "final_simplex": "(array([[1.24211339, 0.64210543, 3.51282262, 2.97113595, 1.32840811,\n        3.42500816],\n       [1.2181699 , 0.61728751, 3.47114113, 2.97515409, 1.47882968,\n        3.56731072],\n       [1.20751755, 0.58631426, 3.55299808, 2.94644423, 1.58354967,\n        3.73765366],\n       [1.29363726, 0.6041347 , 3.53212478, 2.92564453, 1.5008485 ,\n        3.61571458],\n       [1.27493603, 0.59484895, 3.51095897, 2.95719224, 1.49982244,\n        3.65435413],\n       [1.25887311, 0.58559926, 3.53229621, 2.9876514 , 1.49623285,\n        3.59042209],\n       [1.22042048, 0.58109496, 3.57918349, 2.96275086, 1.60259874,\n        3.70449985]]), array([0.252291  , 0.25434819, 0.25474292, 0.2552135 , 0.25535066,\n       0.25585903, 0.25586449]))", "callback": [0.7238657549155848, 0.6372175828727806, 0.5107939774748718, 0.413766559979301, 0.2910993157335169, 0.2806000580938969, 0.2637794756711944, 0.258788154392638, 0.2558590293762655]}, "4": {"maxiter": 500, "fatol": 1e-05, "xatol": 1e-05, "duration": 0.11386895179748535, "fun": "0.24745205470260456", "nit": "346", "nfev": "541", "status": "0", "success": "True", "message": "Optimization terminated successfully.", "x": "[1.21265987 0.80373363 3.46438618 2.90134303 0.91835432 3.07952709]", "final_simplex": "(array([[1.21265987, 0.80373363, 3.46438618, 2.90134303, 0.91835432,\n        3.07952709],\n       [1.21265988, 0.80373443, 3.46438605, 2.90134394, 0.91835031,\n        3.07952419],\n       [1.21265854, 0.80373237, 3.4643872 , 2.90134362, 0.91835686,\n        3.07953158],\n       [1.21265999, 0.8037324 , 3.46438582, 2.9013435 , 0.91835902,\n        3.07953231],\n       [1.21266024, 0.80373308, 3.46438799, 2.90134344, 0.91835457,\n        3.07952779],\n       [1.21265975, 0.8037338 , 3.46438726, 2.90134184, 0.91835554,\n        3.07952957],\n       [1.21265911, 0.80373453, 3.46438704, 2.90134298, 0.91835937,\n        3.07953278]]), array([0.24745205, 0.24745205, 0.24745205, 0.24745205, 0.24745205,\n       0.24745205, 0.24745205]))", "callback": [0.7238657549155848, 0.6372175828727806, 0.5107939774748718, 0.413766559979301, 0.2910993157335169, 0.2806000580938969, 0.2637794756711944, 0.258788154392638, 0.2558590293762655, 0.2522910049562097, 0.248575463146541, 0.24791538992609619, 0.24761244437528895, 0.24759858170720894, 0.24757730317267557, 0.24757066359440338, 0.2475614304626227, 0.24753987225004248, 0.24751405068457044, 0.24746599324171448, 0.24745927992549954, 0.24745432473818396, 0.24745280773421507, 0.24745228397151997, 0.24745223177947073, 0.2474520777509599, 0.2474520637487101, 0.24745205818500926, 0.24745205534258463, 0.24745205501877, 0.2474520547476562, 0.24745205471187737, 0.24745205470450926, 0.2474520547029342]}, "5": {"maxiter": 500, "fatol": 1e-05, "xatol": 1e-10, "duration": 0.15735411643981934, "fun": "0.24745205470245724", "nit": "435", "nfev": "745", "status": "0", "success": "True", "message": "Optimization terminated successfully.", "x": "[1.21265983 0.80373354 3.46438646 2.90134338 0.91835535 3.07952904]", "final_simplex": "(array([[1.21265983, 0.80373354, 3.46438646, 2.90134338, 0.91835535,\n        3.07952904],\n       [1.21265983, 0.80373354, 3.46438646, 2.90134338, 0.91835535,\n        3.07952904],\n       [1.21265983, 0.80373354, 3.46438646, 2.90134338, 0.91835535,\n        3.07952904],\n       [1.21265983, 0.80373354, 3.46438646, 2.90134338, 0.91835535,\n        3.07952904],\n       [1.21265983, 0.80373354, 3.46438646, 2.90134338, 0.91835535,\n        3.07952904],\n       [1.21265983, 0.80373354, 3.46438646, 2.90134338, 0.91835535,\n        3.07952904],\n       [1.21265983, 0.80373354, 3.46438646, 2.90134338, 0.91835535,\n        3.07952904]]), array([0.24745205, 0.24745205, 0.24745205, 0.24745205, 0.24745205,\n       0.24745205, 0.24745205]))", "callback": [0.7238657549155848, 0.6372175828727806, 0.5107939774748718, 0.413766559979301, 0.2910993157335169, 0.2806000580938969, 0.2637794756711944, 0.258788154392638, 0.2558590293762655, 0.2522910049562097, 0.248575463146541, 0.24791538992609619, 0.24761244437528895, 0.24759858170720894, 0.24757730317267557, 0.24757066359440338, 0.2475614304626227, 0.24753987225004248, 0.24751405068457044, 0.24746599324171448, 0.24745927992549954, 0.24745432473818396, 0.24745280773421507, 0.24745228397151997, 0.24745223177947073, 0.2474520777509599, 0.2474520637487101, 0.24745205818500926, 0.24745205534258463, 0.24745205501877, 0.2474520547476562, 0.24745205471187737, 0.24745205470450926, 0.2474520547029342, 0.24745205470254783, 0.2474520547024781, 0.24745205470246268, 0.247452054702458, 0.24745205470245735, 0.24745205470245724, 0.24745205470245724, 0.24745205470245724, 0.24745205470245724]}, "6": {"maxiter": 500, "fatol": 1e-10, "xatol": 1e-05, "duration": 0.11418604850769043, "fun": "0.24745205470260456", "nit": "346", "nfev": "541", "status": "0", "success": "True", "message": "Optimization terminated successfully.", "x": "[1.21265987 0.80373363 3.46438618 2.90134303 0.91835432 3.07952709]", "final_simplex": "(array([[1.21265987, 0.80373363, 3.46438618, 2.90134303, 0.91835432,\n        3.07952709],\n       [1.21265988, 0.80373443, 3.46438605, 2.90134394, 0.91835031,\n        3.07952419],\n       [1.21265854, 0.80373237, 3.4643872 , 2.90134362, 0.91835686,\n        3.07953158],\n       [1.21265999, 0.8037324 , 3.46438582, 2.9013435 , 0.91835902,\n        3.07953231],\n       [1.21266024, 0.80373308, 3.46438799, 2.90134344, 0.91835457,\n        3.07952779],\n       [1.21265975, 0.8037338 , 3.46438726, 2.90134184, 0.91835554,\n        3.07952957],\n       [1.21265911, 0.80373453, 3.46438704, 2.90134298, 0.91835937,\n        3.07953278]]), array([0.24745205, 0.24745205, 0.24745205, 0.24745205, 0.24745205,\n       0.24745205, 0.24745205]))", "callback": [0.7238657549155848, 0.6372175828727806, 0.5107939774748718, 0.413766559979301, 0.2910993157335169, 0.2806000580938969, 0.2637794756711944, 0.258788154392638, 0.2558590293762655, 0.2522910049562097, 0.248575463146541, 0.24791538992609619, 0.24761244437528895, 0.24759858170720894, 0.24757730317267557, 0.24757066359440338, 0.2475614304626227, 0.24753987225004248, 0.24751405068457044, 0.24746599324171448, 0.24745927992549954, 0.24745432473818396, 0.24745280773421507, 0.24745228397151997, 0.24745223177947073, 0.2474520777509599, 0.2474520637487101, 0.24745205818500926, 0.24745205534258463, 0.24745205501877, 0.2474520547476562, 0.24745205471187737, 0.24745205470450926, 0.2474520547029342]}, "7": {"maxiter": 500, "fatol": 1e-10, "xatol": 1e-10, "duration": 0.15478205680847168, "fun": "0.24745205470245724", "nit": "435", "nfev": "745", "status": "0", "success": "True", "message": "Optimization terminated successfully.", "x": "[1.21265983 0.80373354 3.46438646 2.90134338 0.91835535 3.07952904]", "final_simplex": "(array([[1.21265983, 0.80373354, 3.46438646, 2.90134338, 0.91835535,\n        3.07952904],\n       [1.21265983, 0.80373354, 3.46438646, 2.90134338, 0.91835535,\n        3.07952904],\n       [1.21265983, 0.80373354, 3.46438646, 2.90134338, 0.91835535,\n        3.07952904],\n       [1.21265983, 0.80373354, 3.46438646, 2.90134338, 0.91835535,\n        3.07952904],\n       [1.21265983, 0.80373354, 3.46438646, 2.90134338, 0.91835535,\n        3.07952904],\n       [1.21265983, 0.80373354, 3.46438646, 2.90134338, 0.91835535,\n        3.07952904],\n       [1.21265983, 0.80373354, 3.46438646, 2.90134338, 0.91835535,\n        3.07952904]]), array([0.24745205, 0.24745205, 0.24745205, 0.24745205, 0.24745205,\n       0.24745205, 0.24745205]))", "callback": [0.7238657549155848, 0.6372175828727806, 0.5107939774748718, 0.413766559979301, 0.2910993157335169, 0.2806000580938969, 0.2637794756711944, 0.258788154392638, 0.2558590293762655, 0.2522910049562097, 0.248575463146541, 0.24791538992609619, 0.24761244437528895, 0.24759858170720894, 0.24757730317267557, 0.24757066359440338, 0.2475614304626227, 0.24753987225004248, 0.24751405068457044, 0.24746599324171448, 0.24745927992549954, 0.24745432473818396, 0.24745280773421507, 0.24745228397151997, 0.24745223177947073, 0.2474520777509599, 0.2474520637487101, 0.24745205818500926, 0.24745205534258463, 0.24745205501877, 0.2474520547476562, 0.24745205471187737, 0.24745205470450926, 0.2474520547029342, 0.24745205470254783, 0.2474520547024781, 0.24745205470246268, 0.247452054702458, 0.24745205470245735, 0.24745205470245724, 0.24745205470245724, 0.24745205470245724, 0.24745205470245724]}, "8": {"maxiter": 1000, "fatol": 1e-05, "xatol": 1e-05, "duration": 0.11395907402038574, "fun": "0.24745205470260456", "nit": "346", "nfev": "541", "status": "0", "success": "True", "message": "Optimization terminated successfully.", "x": "[1.21265987 0.80373363 3.46438618 2.90134303 0.91835432 3.07952709]", "final_simplex": "(array([[1.21265987, 0.80373363, 3.46438618, 2.90134303, 0.91835432,\n        3.07952709],\n       [1.21265988, 0.80373443, 3.46438605, 2.90134394, 0.91835031,\n        3.07952419],\n       [1.21265854, 0.80373237, 3.4643872 , 2.90134362, 0.91835686,\n        3.07953158],\n       [1.21265999, 0.8037324 , 3.46438582, 2.9013435 , 0.91835902,\n        3.07953231],\n       [1.21266024, 0.80373308, 3.46438799, 2.90134344, 0.91835457,\n        3.07952779],\n       [1.21265975, 0.8037338 , 3.46438726, 2.90134184, 0.91835554,\n        3.07952957],\n       [1.21265911, 0.80373453, 3.46438704, 2.90134298, 0.91835937,\n        3.07953278]]), array([0.24745205, 0.24745205, 0.24745205, 0.24745205, 0.24745205,\n       0.24745205, 0.24745205]))", "callback": [0.7238657549155848, 0.6372175828727806, 0.5107939774748718, 0.413766559979301, 0.2910993157335169, 0.2806000580938969, 0.2637794756711944, 0.258788154392638, 0.2558590293762655, 0.2522910049562097, 0.248575463146541, 0.24791538992609619, 0.24761244437528895, 0.24759858170720894, 0.24757730317267557, 0.24757066359440338, 0.2475614304626227, 0.24753987225004248, 0.24751405068457044, 0.24746599324171448, 0.24745927992549954, 0.24745432473818396, 0.24745280773421507, 0.24745228397151997, 0.24745223177947073, 0.2474520777509599, 0.2474520637487101, 0.24745205818500926, 0.24745205534258463, 0.24745205501877, 0.2474520547476562, 0.24745205471187737, 0.24745205470450926, 0.2474520547029342]}, "9": {"maxiter": 1000, "fatol": 1e-05, "xatol": 1e-10, "duration": 0.15645813941955566, "fun": "0.24745205470245724", "nit": "435", "nfev": "745", "status": "0", "success": "True", "message": "Optimization terminated successfully.", "x": "[1.21265983 0.80373354 3.46438646 2.90134338 0.91835535 3.07952904]", "final_simplex": "(array([[1.21265983, 0.80373354, 3.46438646, 2.90134338, 0.91835535,\n        3.07952904],\n       [1.21265983, 0.80373354, 3.46438646, 2.90134338, 0.91835535,\n        3.07952904],\n       [1.21265983, 0.80373354, 3.46438646, 2.90134338, 0.91835535,\n        3.07952904],\n       [1.21265983, 0.80373354, 3.46438646, 2.90134338, 0.91835535,\n        3.07952904],\n       [1.21265983, 0.80373354, 3.46438646, 2.90134338, 0.91835535,\n        3.07952904],\n       [1.21265983, 0.80373354, 3.46438646, 2.90134338, 0.91835535,\n        3.07952904],\n       [1.21265983, 0.80373354, 3.46438646, 2.90134338, 0.91835535,\n        3.07952904]]), array([0.24745205, 0.24745205, 0.24745205, 0.24745205, 0.24745205,\n       0.24745205, 0.24745205]))", "callback": [0.7238657549155848, 0.6372175828727806, 0.5107939774748718, 0.413766559979301, 0.2910993157335169, 0.2806000580938969, 0.2637794756711944, 0.258788154392638, 0.2558590293762655, 0.2522910049562097, 0.248575463146541, 0.24791538992609619, 0.24761244437528895, 0.24759858170720894, 0.24757730317267557, 0.24757066359440338, 0.2475614304626227, 0.24753987225004248, 0.24751405068457044, 0.24746599324171448, 0.24745927992549954, 0.24745432473818396, 0.24745280773421507, 0.24745228397151997, 0.24745223177947073, 0.2474520777509599, 0.2474520637487101, 0.24745205818500926, 0.24745205534258463, 0.24745205501877, 0.2474520547476562, 0.24745205471187737, 0.24745205470450926, 0.2474520547029342, 0.24745205470254783, 0.2474520547024781, 0.24745205470246268, 0.247452054702458, 0.24745205470245735, 0.24745205470245724, 0.24745205470245724, 0.24745205470245724, 0.24745205470245724]}, "10": {"maxiter": 1000, "fatol": 1e-10, "xatol": 1e-05, "duration": 0.12476491928100586, "fun": "0.24745205470260456", "nit": "346", "nfev": "541", "status": "0", "success": "True", "message": "Optimization terminated successfully.", "x": "[1.21265987 0.80373363 3.46438618 2.90134303 0.91835432 3.07952709]", "final_simplex": "(array([[1.21265987, 0.80373363, 3.46438618, 2.90134303, 0.91835432,\n        3.07952709],\n       [1.21265988, 0.80373443, 3.46438605, 2.90134394, 0.91835031,\n        3.07952419],\n       [1.21265854, 0.80373237, 3.4643872 , 2.90134362, 0.91835686,\n        3.07953158],\n       [1.21265999, 0.8037324 , 3.46438582, 2.9013435 , 0.91835902,\n        3.07953231],\n       [1.21266024, 0.80373308, 3.46438799, 2.90134344, 0.91835457,\n        3.07952779],\n       [1.21265975, 0.8037338 , 3.46438726, 2.90134184, 0.91835554,\n        3.07952957],\n       [1.21265911, 0.80373453, 3.46438704, 2.90134298, 0.91835937,\n        3.07953278]]), array([0.24745205, 0.24745205, 0.24745205, 0.24745205, 0.24745205,\n       0.24745205, 0.24745205]))", "callback": [0.7238657549155848, 0.6372175828727806, 0.5107939774748718, 0.413766559979301, 0.2910993157335169, 0.2806000580938969, 0.2637794756711944, 0.258788154392638, 0.2558590293762655, 0.2522910049562097, 0.248575463146541, 0.24791538992609619, 0.24761244437528895, 0.24759858170720894, 0.24757730317267557, 0.24757066359440338, 0.2475614304626227, 0.24753987225004248, 0.24751405068457044, 0.24746599324171448, 0.24745927992549954, 0.24745432473818396, 0.24745280773421507, 0.24745228397151997, 0.24745223177947073, 0.2474520777509599, 0.2474520637487101, 0.24745205818500926, 0.24745205534258463, 0.24745205501877, 0.2474520547476562, 0.24745205471187737, 0.24745205470450926, 0.2474520547029342]}, "11": {"maxiter": 1000, "fatol": 1e-10, "xatol": 1e-10, "duration": 0.1573171615600586, "fun": "0.24745205470245724", "nit": "435", "nfev": "745", "status": "0", "success": "True", "message": "Optimization terminated successfully.", "x": "[1.21265983 0.80373354 3.46438646 2.90134338 0.91835535 3.07952904]", "final_simplex": "(array([[1.21265983, 0.80373354, 3.46438646, 2.90134338, 0.91835535,\n        3.07952904],\n       [1.21265983, 0.80373354, 3.46438646, 2.90134338, 0.91835535,\n        3.07952904],\n       [1.21265983, 0.80373354, 3.46438646, 2.90134338, 0.91835535,\n        3.07952904],\n       [1.21265983, 0.80373354, 3.46438646, 2.90134338, 0.91835535,\n        3.07952904],\n       [1.21265983, 0.80373354, 3.46438646, 2.90134338, 0.91835535,\n        3.07952904],\n       [1.21265983, 0.80373354, 3.46438646, 2.90134338, 0.91835535,\n        3.07952904],\n       [1.21265983, 0.80373354, 3.46438646, 2.90134338, 0.91835535,\n        3.07952904]]), array([0.24745205, 0.24745205, 0.24745205, 0.24745205, 0.24745205,\n       0.24745205, 0.24745205]))", "callback": [0.7238657549155848, 0.6372175828727806, 0.5107939774748718, 0.413766559979301, 0.2910993157335169, 0.2806000580938969, 0.2637794756711944, 0.258788154392638, 0.2558590293762655, 0.2522910049562097, 0.248575463146541, 0.24791538992609619, 0.24761244437528895, 0.24759858170720894, 0.24757730317267557, 0.24757066359440338, 0.2475614304626227, 0.24753987225004248, 0.24751405068457044, 0.24746599324171448, 0.24745927992549954, 0.24745432473818396, 0.24745280773421507, 0.24745228397151997, 0.24745223177947073, 0.2474520777509599, 0.2474520637487101, 0.24745205818500926, 0.24745205534258463, 0.24745205501877, 0.2474520547476562, 0.24745205471187737, 0.24745205470450926, 0.2474520547029342, 0.24745205470254783, 0.2474520547024781, 0.24745205470246268, 0.247452054702458, 0.24745205470245735, 0.24745205470245724, 0.24745205470245724, 0.24745205470245724, 0.24745205470245724]}}, "bfgs": {"type": "gradient", "0": {"maxiter": 100, "gtol": 1e-05, "xrtol": 1e-05, "eps": 1e-05, "duration": 0.052082061767578125, "fun": "0.2474520556199271", "jac": "[ 6.36481978e-06  4.17713641e-06 -1.74582571e-07  8.77982131e-06\n -7.18950455e-06  5.60738123e-06]", "hess_inv": "[[ 3.24640129 -0.15807415 -0.14666017  0.10111491 -0.37498642 -1.81216905]\n [-0.15807415  3.39532954 -1.15498688  0.71391496 -2.10009374 -1.71672401]\n [-0.14666017 -1.15498688  4.02035996 -0.16484333  5.53002955  5.70356414]\n [ 0.10111491  0.71391496 -0.16484333  2.83051129  1.69826183  1.41937843]\n [-0.37498642 -2.10009374  5.53002955  1.69826183 58.44720468 58.44971199]\n [-1.81216905 -1.71672401  5.70356414  1.41937843 58.44971199 62.09773223]]", "nfev": "238", "njev": "34", "status": "0", "success": "True", "message": "Optimization terminated successfully.", "x": "[1.21268093 0.80376946 3.46434725 3.38186673 4.0596456  6.22082726]", "nit": "24", "callback": [0.2514917186862444, 0.24746080942959914]}, "1": {"maxiter": 100, "gtol": 1e-05, "xrtol": 1e-05, "eps": 1e-10, "duration": 0.051654815673828125, "fun": "0.24745205481008758", "jac": "[ 2.22044587e-06  2.22044587e-06  1.11022293e-06  3.33066880e-06\n -2.22044587e-06  4.44089173e-06]", "hess_inv": "[[ 3.12883787e+00 -8.48654508e-02  4.70566016e-02  3.78839031e-01\n  -3.24705117e-03 -1.51893679e+00]\n [-8.48654508e-02  3.53745341e+00 -1.15994008e+00  9.23271584e-01\n  -3.27407161e+00 -2.98346625e+00]\n [ 4.70566016e-02 -1.15994008e+00  3.79418517e+00 -2.85773703e-01\n   4.17043176e+00  4.33821280e+00]\n [ 3.78839031e-01  9.23271584e-01 -2.85773703e-01  3.05139588e+00\n  -2.11902159e-01 -5.93440519e-01]\n [-3.24705117e-03 -3.27407161e+00  4.17043176e+00 -2.11902159e-01\n   4.34289144e+01  4.28700964e+01]\n [-1.51893679e+00 -2.98346625e+00  4.33821280e+00 -5.93440519e-01\n   4.28700964e+01  4.59194310e+01]]", "nfev": "245", "njev": "35", "status": "0", "success": "True", "message": "Optimization terminated successfully.", "x": "[1.21265612 0.80372509 3.46439865 3.38183959 4.06004798 6.22123476]", "nit": "25", "callback": [0.2514915673166209, 0.2474607616957194]}, "2": {"maxiter": 100, "gtol": 1e-05, "xrtol": 1e-10, "eps": 1e-05, "duration": 0.05063223838806152, "fun": "0.2474520556199271", "jac": "[ 6.36481978e-06  4.17713641e-06 -1.74582571e-07  8.77982131e-06\n -7.18950455e-06  5.60738123e-06]", "hess_inv": "[[ 3.24640129 -0.15807415 -0.14666017  0.10111491 -0.37498642 -1.81216905]\n [-0.15807415  3.39532954 -1.15498688  0.71391496 -2.10009374 -1.71672401]\n [-0.14666017 -1.15498688  4.02035996 -0.16484333  5.53002955  5.70356414]\n [ 0.10111491  0.71391496 -0.16484333  2.83051129  1.69826183  1.41937843]\n [-0.37498642 -2.10009374  5.53002955  1.69826183 58.44720468 58.44971199]\n [-1.81216905 -1.71672401  5.70356414  1.41937843 58.44971199 62.09773223]]", "nfev": "238", "njev": "34", "status": "0", "success": "True", "message": "Optimization terminated successfully.", "x": "[1.21268093 0.80376946 3.46434725 3.38186673 4.0596456  6.22082726]", "nit": "24", "callback": [0.2514917186862444, 0.24746080942959914]}, "3": {"maxiter": 100, "gtol": 1e-05, "xrtol": 1e-10, "eps": 1e-10, "duration": 0.05347299575805664, "fun": "0.24745205481008758", "jac": "[ 2.22044587e-06  2.22044587e-06  1.11022293e-06  3.33066880e-06\n -2.22044587e-06  4.44089173e-06]", "hess_inv": "[[ 3.12883787e+00 -8.48654508e-02  4.70566016e-02  3.78839031e-01\n  -3.24705117e-03 -1.51893679e+00]\n [-8.48654508e-02  3.53745341e+00 -1.15994008e+00  9.23271584e-01\n  -3.27407161e+00 -2.98346625e+00]\n [ 4.70566016e-02 -1.15994008e+00  3.79418517e+00 -2.85773703e-01\n   4.17043176e+00  4.33821280e+00]\n [ 3.78839031e-01  9.23271584e-01 -2.85773703e-01  3.05139588e+00\n  -2.11902159e-01 -5.93440519e-01]\n [-3.24705117e-03 -3.27407161e+00  4.17043176e+00 -2.11902159e-01\n   4.34289144e+01  4.28700964e+01]\n [-1.51893679e+00 -2.98346625e+00  4.33821280e+00 -5.93440519e-01\n   4.28700964e+01  4.59194310e+01]]", "nfev": "245", "njev": "35", "status": "0", "success": "True", "message": "Optimization terminated successfully.", "x": "[1.21265612 0.80372509 3.46439865 3.38183959 4.06004798 6.22123476]", "nit": "25", "callback": [0.2514915673166209, 0.2474607616957194]}, "4": {"maxiter": 100, "gtol": 1e-10, "xrtol": 1e-05, "eps": 1e-05, "duration": 0.05431509017944336, "fun": "0.2474520549684387", "jac": "[ 4.31321645e-08 -1.99618100e-08 -1.36501921e-07  1.08923981e-07\n -1.83031368e-07  2.56927812e-07]", "hess_inv": "[[ 3.41738663e+00  3.47613041e-02 -1.84250787e-01  3.54624793e-01\n  -1.69466196e+00 -3.09263330e+00]\n [ 3.47613041e-02  3.40518511e+00 -1.08636305e+00  7.86945701e-01\n  -3.27614506e+00 -2.89039203e+00]\n [-1.84250787e-01 -1.08636305e+00  3.88696080e+00 -1.72180259e-01\n   5.97659683e+00  6.22303971e+00]\n [ 3.54624793e-01  7.86945701e-01 -1.72180259e-01  2.93609641e+00\n   3.18940162e-01  1.02326655e-01]\n [-1.69466196e+00 -3.27614506e+00  5.97659683e+00  3.18940162e-01\n   6.68919991e+01  6.64223304e+01]\n [-3.09263330e+00 -2.89039203e+00  6.22303971e+00  1.02326655e-01\n   6.64223304e+01  6.95562140e+01]]", "nfev": "252", "njev": "36", "status": "0", "success": "True", "message": "Optimization terminated successfully.", "x": "[1.21266104 0.80374057 3.46436323 3.38183709 4.05977678 6.22094672]", "nit": "26", "callback": [0.2514917186862444, 0.24746080942959914]}, "5": {"maxiter": 100, "gtol": 1e-10, "xrtol": 1e-05, "eps": 1e-10, "duration": 0.05521702766418457, "fun": "0.2474520547431135", "jac": "[ 0.00000000e+00 -3.33066880e-06 -2.22044587e-06 -3.33066880e-06\n  1.11022293e-06 -1.11022293e-06]", "hess_inv": "[[ 2.93440087e+00 -2.06498101e-01  3.81136984e-02  2.58430313e-01\n  -1.07191201e+00 -2.62200177e+00]\n [-2.06498101e-01  3.39528575e+00 -1.27801640e+00  6.91643308e-01\n  -4.98884749e+00 -4.81625406e+00]\n [ 3.81136984e-02 -1.27801640e+00  3.97595271e+00 -3.47664092e-01\n   4.82334613e+00  5.23767563e+00]\n [ 2.58430313e-01  6.91643308e-01 -3.47664092e-01  2.72480750e+00\n  -1.95490218e+00 -2.35453379e+00]\n [-1.07191201e+00 -4.98884749e+00  4.82334613e+00 -1.95490218e+00\n   3.74902055e+01  3.79549552e+01]\n [-2.62200177e+00 -4.81625406e+00  5.23767563e+00 -2.35453379e+00\n   3.79549552e+01  4.23359999e+01]]", "nfev": "259", "njev": "37", "status": "0", "success": "True", "message": "Optimization terminated successfully.", "x": "[1.212655   0.80372299 3.46438557 3.38182962 4.05994891 6.2211217 ]", "nit": "27", "callback": [0.2514915673166209, 0.2474607616957194]}, "6": {"maxiter": 100, "gtol": 1e-10, "xrtol": 1e-10, "eps": 1e-05, "duration": 0.09859108924865723, "fun": "0.2474520549684387", "jac": "[ 4.31321645e-08 -1.99618100e-08 -1.36501921e-07  1.08923981e-07\n -1.83031368e-07  2.56927812e-07]", "hess_inv": "[[ 3.37376660e+00  4.09220424e-02 -1.93629495e-01  4.29116799e-01\n  -8.13705524e-01 -2.01858490e+00]\n [ 4.09220424e-02  3.40530729e+00 -1.08702244e+00  7.87441514e-01\n  -3.29539723e+00 -2.90556885e+00]\n [-1.93629495e-01 -1.08702244e+00  3.88891109e+00 -1.78190677e-01\n   5.95573269e+00  6.18101728e+00]\n [ 4.29116799e-01  7.87441514e-01 -1.78190677e-01  2.93119393e+00\n  -1.78784456e-02 -2.16222906e-01]\n [-8.13705524e-01 -3.29539723e+00  5.95573269e+00 -1.78784456e-02\n   6.02467867e+01  5.91997630e+01]\n [-2.01858490e+00 -2.90556885e+00  6.18101728e+00 -2.16222906e-01\n   5.91997630e+01  6.18917879e+01]]", "nfev": "460", "njev": "64", "status": "2", "success": "False", "message": "Desired error not necessarily achieved due to precision loss.", "x": "[1.21266104 0.80374057 3.46436323 3.38183709 4.05977678 6.22094672]", "nit": "26", "callback": [0.2514917186862444, 0.24746080942959914]}, "7": {"maxiter": 100, "gtol": 1e-10, "xrtol": 1e-10, "eps": 1e-10, "duration": 0.0989990234375, "fun": "0.2474520547030704", "jac": "[2.22044587e-06 4.44089173e-06 1.11022293e-06 1.11022293e-06\n 1.11022293e-06 2.22044587e-06]", "hess_inv": "[[ 0.41964323  0.13728358 -0.04253079 -0.34869148 -0.00290949 -0.20516974]\n [ 0.13728358  0.22463967  0.02631235 -0.23493088  0.0502077  -0.1674019 ]\n [-0.04253079  0.02631235  0.03221168 -0.00098434  0.0152043  -0.01391736]\n [-0.34869148 -0.23493088 -0.00098434  0.45123967 -0.01104924  0.24015033]\n [-0.00290949  0.0502077   0.0152043  -0.01104924  0.03766656 -0.02735634]\n [-0.20516974 -0.1674019  -0.01391736  0.24015033 -0.02735634  0.18384053]]", "nfev": "462", "njev": "66", "status": "0", "success": "True", "message": "Optimization terminated successfully.", "x": "[1.21265932 0.80373513 3.4643865  3.38184204 4.0599476  6.22112269]", "nit": "41", "callback": [0.2514915673166209, 0.2474607616957194, 0.24745205470479814, 0.2474520547030704]}, "8": {"maxiter": 500, "gtol": 1e-05, "xrtol": 1e-05, "eps": 1e-05, "duration": 0.05091500282287598, "fun": "0.2474520556199271", "jac": "[ 6.36481978e-06  4.17713641e-06 -1.74582571e-07  8.77982131e-06\n -7.18950455e-06  5.60738123e-06]", "hess_inv": "[[ 3.24640129 -0.15807415 -0.14666017  0.10111491 -0.37498642 -1.81216905]\n [-0.15807415  3.39532954 -1.15498688  0.71391496 -2.10009374 -1.71672401]\n [-0.14666017 -1.15498688  4.02035996 -0.16484333  5.53002955  5.70356414]\n [ 0.10111491  0.71391496 -0.16484333  2.83051129  1.69826183  1.41937843]\n [-0.37498642 -2.10009374  5.53002955  1.69826183 58.44720468 58.44971199]\n [-1.81216905 -1.71672401  5.70356414  1.41937843 58.44971199 62.09773223]]", "nfev": "238", "njev": "34", "status": "0", "success": "True", "message": "Optimization terminated successfully.", "x": "[1.21268093 0.80376946 3.46434725 3.38186673 4.0596456  6.22082726]", "nit": "24", "callback": [0.2514917186862444, 0.24746080942959914]}, "9": {"maxiter": 500, "gtol": 1e-05, "xrtol": 1e-05, "eps": 1e-10, "duration": 0.052420854568481445, "fun": "0.24745205481008758", "jac": "[ 2.22044587e-06  2.22044587e-06  1.11022293e-06  3.33066880e-06\n -2.22044587e-06  4.44089173e-06]", "hess_inv": "[[ 3.12883787e+00 -8.48654508e-02  4.70566016e-02  3.78839031e-01\n  -3.24705117e-03 -1.51893679e+00]\n [-8.48654508e-02  3.53745341e+00 -1.15994008e+00  9.23271584e-01\n  -3.27407161e+00 -2.98346625e+00]\n [ 4.70566016e-02 -1.15994008e+00  3.79418517e+00 -2.85773703e-01\n   4.17043176e+00  4.33821280e+00]\n [ 3.78839031e-01  9.23271584e-01 -2.85773703e-01  3.05139588e+00\n  -2.11902159e-01 -5.93440519e-01]\n [-3.24705117e-03 -3.27407161e+00  4.17043176e+00 -2.11902159e-01\n   4.34289144e+01  4.28700964e+01]\n [-1.51893679e+00 -2.98346625e+00  4.33821280e+00 -5.93440519e-01\n   4.28700964e+01  4.59194310e+01]]", "nfev": "245", "njev": "35", "status": "0", "success": "True", "message": "Optimization terminated successfully.", "x": "[1.21265612 0.80372509 3.46439865 3.38183959 4.06004798 6.22123476]", "nit": "25", "callback": [0.2514915673166209, 0.2474607616957194]}, "10": {"maxiter": 500, "gtol": 1e-05, "xrtol": 1e-10, "eps": 1e-05, "duration": 0.05075526237487793, "fun": "0.2474520556199271", "jac": "[ 6.36481978e-06  4.17713641e-06 -1.74582571e-07  8.77982131e-06\n -7.18950455e-06  5.60738123e-06]", "hess_inv": "[[ 3.24640129 -0.15807415 -0.14666017  0.10111491 -0.37498642 -1.81216905]\n [-0.15807415  3.39532954 -1.15498688  0.71391496 -2.10009374 -1.71672401]\n [-0.14666017 -1.15498688  4.02035996 -0.16484333  5.53002955  5.70356414]\n [ 0.10111491  0.71391496 -0.16484333  2.83051129  1.69826183  1.41937843]\n [-0.37498642 -2.10009374  5.53002955  1.69826183 58.44720468 58.44971199]\n [-1.81216905 -1.71672401  5.70356414  1.41937843 58.44971199 62.09773223]]", "nfev": "238", "njev": "34", "status": "0", "success": "True", "message": "Optimization terminated successfully.", "x": "[1.21268093 0.80376946 3.46434725 3.38186673 4.0596456  6.22082726]", "nit": "24", "callback": [0.2514917186862444, 0.24746080942959914]}, "11": {"maxiter": 500, "gtol": 1e-05, "xrtol": 1e-10, "eps": 1e-10, "duration": 0.05276989936828613, "fun": "0.24745205481008758", "jac": "[ 2.22044587e-06  2.22044587e-06  1.11022293e-06  3.33066880e-06\n -2.22044587e-06  4.44089173e-06]", "hess_inv": "[[ 3.12883787e+00 -8.48654508e-02  4.70566016e-02  3.78839031e-01\n  -3.24705117e-03 -1.51893679e+00]\n [-8.48654508e-02  3.53745341e+00 -1.15994008e+00  9.23271584e-01\n  -3.27407161e+00 -2.98346625e+00]\n [ 4.70566016e-02 -1.15994008e+00  3.79418517e+00 -2.85773703e-01\n   4.17043176e+00  4.33821280e+00]\n [ 3.78839031e-01  9.23271584e-01 -2.85773703e-01  3.05139588e+00\n  -2.11902159e-01 -5.93440519e-01]\n [-3.24705117e-03 -3.27407161e+00  4.17043176e+00 -2.11902159e-01\n   4.34289144e+01  4.28700964e+01]\n [-1.51893679e+00 -2.98346625e+00  4.33821280e+00 -5.93440519e-01\n   4.28700964e+01  4.59194310e+01]]", "nfev": "245", "njev": "35", "status": "0", "success": "True", "message": "Optimization terminated successfully.", "x": "[1.21265612 0.80372509 3.46439865 3.38183959 4.06004798 6.22123476]", "nit": "25", "callback": [0.2514915673166209, 0.2474607616957194]}, "12": {"maxiter": 500, "gtol": 1e-10, "xrtol": 1e-05, "eps": 1e-05, "duration": 0.05433297157287598, "fun": "0.2474520549684387", "jac": "[ 4.31321645e-08 -1.99618100e-08 -1.36501921e-07  1.08923981e-07\n -1.83031368e-07  2.56927812e-07]", "hess_inv": "[[ 3.41738663e+00  3.47613041e-02 -1.84250787e-01  3.54624793e-01\n  -1.69466196e+00 -3.09263330e+00]\n [ 3.47613041e-02  3.40518511e+00 -1.08636305e+00  7.86945701e-01\n  -3.27614506e+00 -2.89039203e+00]\n [-1.84250787e-01 -1.08636305e+00  3.88696080e+00 -1.72180259e-01\n   5.97659683e+00  6.22303971e+00]\n [ 3.54624793e-01  7.86945701e-01 -1.72180259e-01  2.93609641e+00\n   3.18940162e-01  1.02326655e-01]\n [-1.69466196e+00 -3.27614506e+00  5.97659683e+00  3.18940162e-01\n   6.68919991e+01  6.64223304e+01]\n [-3.09263330e+00 -2.89039203e+00  6.22303971e+00  1.02326655e-01\n   6.64223304e+01  6.95562140e+01]]", "nfev": "252", "njev": "36", "status": "0", "success": "True", "message": "Optimization terminated successfully.", "x": "[1.21266104 0.80374057 3.46436323 3.38183709 4.05977678 6.22094672]", "nit": "26", "callback": [0.2514917186862444, 0.24746080942959914]}, "13": {"maxiter": 500, "gtol": 1e-10, "xrtol": 1e-05, "eps": 1e-10, "duration": 0.054923057556152344, "fun": "0.2474520547431135", "jac": "[ 0.00000000e+00 -3.33066880e-06 -2.22044587e-06 -3.33066880e-06\n  1.11022293e-06 -1.11022293e-06]", "hess_inv": "[[ 2.93440087e+00 -2.06498101e-01  3.81136984e-02  2.58430313e-01\n  -1.07191201e+00 -2.62200177e+00]\n [-2.06498101e-01  3.39528575e+00 -1.27801640e+00  6.91643308e-01\n  -4.98884749e+00 -4.81625406e+00]\n [ 3.81136984e-02 -1.27801640e+00  3.97595271e+00 -3.47664092e-01\n   4.82334613e+00  5.23767563e+00]\n [ 2.58430313e-01  6.91643308e-01 -3.47664092e-01  2.72480750e+00\n  -1.95490218e+00 -2.35453379e+00]\n [-1.07191201e+00 -4.98884749e+00  4.82334613e+00 -1.95490218e+00\n   3.74902055e+01  3.79549552e+01]\n [-2.62200177e+00 -4.81625406e+00  5.23767563e+00 -2.35453379e+00\n   3.79549552e+01  4.23359999e+01]]", "nfev": "259", "njev": "37", "status": "0", "success": "True", "message": "Optimization terminated successfully.", "x": "[1.212655   0.80372299 3.46438557 3.38182962 4.05994891 6.2211217 ]", "nit": "27", "callback": [0.2514915673166209, 0.2474607616957194]}, "14": {"maxiter": 500, "gtol": 1e-10, "xrtol": 1e-10, "eps": 1e-05, "duration": 0.09747481346130371, "fun": "0.2474520549684387", "jac": "[ 4.31321645e-08 -1.99618100e-08 -1.36501921e-07  1.08923981e-07\n -1.83031368e-07  2.56927812e-07]", "hess_inv": "[[ 3.37376660e+00  4.09220424e-02 -1.93629495e-01  4.29116799e-01\n  -8.13705524e-01 -2.01858490e+00]\n [ 4.09220424e-02  3.40530729e+00 -1.08702244e+00  7.87441514e-01\n  -3.29539723e+00 -2.90556885e+00]\n [-1.93629495e-01 -1.08702244e+00  3.88891109e+00 -1.78190677e-01\n   5.95573269e+00  6.18101728e+00]\n [ 4.29116799e-01  7.87441514e-01 -1.78190677e-01  2.93119393e+00\n  -1.78784456e-02 -2.16222906e-01]\n [-8.13705524e-01 -3.29539723e+00  5.95573269e+00 -1.78784456e-02\n   6.02467867e+01  5.91997630e+01]\n [-2.01858490e+00 -2.90556885e+00  6.18101728e+00 -2.16222906e-01\n   5.91997630e+01  6.18917879e+01]]", "nfev": "460", "njev": "64", "status": "2", "success": "False", "message": "Desired error not necessarily achieved due to precision loss.", "x": "[1.21266104 0.80374057 3.46436323 3.38183709 4.05977678 6.22094672]", "nit": "26", "callback": [0.2514917186862444, 0.24746080942959914]}, "15": {"maxiter": 500, "gtol": 1e-10, "xrtol": 1e-10, "eps": 1e-10, "duration": 0.09990191459655762, "fun": "0.2474520547030704", "jac": "[2.22044587e-06 4.44089173e-06 1.11022293e-06 1.11022293e-06\n 1.11022293e-06 2.22044587e-06]", "hess_inv": "[[ 0.41964323  0.13728358 -0.04253079 -0.34869148 -0.00290949 -0.20516974]\n [ 0.13728358  0.22463967  0.02631235 -0.23493088  0.0502077  -0.1674019 ]\n [-0.04253079  0.02631235  0.03221168 -0.00098434  0.0152043  -0.01391736]\n [-0.34869148 -0.23493088 -0.00098434  0.45123967 -0.01104924  0.24015033]\n [-0.00290949  0.0502077   0.0152043  -0.01104924  0.03766656 -0.02735634]\n [-0.20516974 -0.1674019  -0.01391736  0.24015033 -0.02735634  0.18384053]]", "nfev": "462", "njev": "66", "status": "0", "success": "True", "message": "Optimization terminated successfully.", "x": "[1.21265932 0.80373513 3.4643865  3.38184204 4.0599476  6.22112269]", "nit": "41", "callback": [0.2514915673166209, 0.2474607616957194, 0.24745205470479814, 0.2474520547030704]}, "16": {"maxiter": 1000, "gtol": 1e-05, "xrtol": 1e-05, "eps": 1e-05, "duration": 0.05124473571777344, "fun": "0.2474520556199271", "jac": "[ 6.36481978e-06  4.17713641e-06 -1.74582571e-07  8.77982131e-06\n -7.18950455e-06  5.60738123e-06]", "hess_inv": "[[ 3.24640129 -0.15807415 -0.14666017  0.10111491 -0.37498642 -1.81216905]\n [-0.15807415  3.39532954 -1.15498688  0.71391496 -2.10009374 -1.71672401]\n [-0.14666017 -1.15498688  4.02035996 -0.16484333  5.53002