{"date": "2024/09/23/, 23:47:34", "conf_id": 143, "data_type": "orthogonal\n", "num_data_points": 4, "s_rank": 0, "unitary": "[[-0.53618537-0.34368723j,-0.12107031-0.46226139j,-0.07699282-0.46603512j,0.36022595-0.11472301j],[0.26026499-0.63450712j,-0.56616638+0.37832564j,-0.14988651+0.08458591j,0.10363514-0.16008501j],[-0.32580188-0.11070003j,-0.36476308-0.23593218j,0.02559343+0.41761608j,-0.25598305+0.6725303j],[0.07406738-0.0126433j,0.28513701+0.19483972j,-0.74939717-0.10299659j,0.29798249+0.46269921j]]", "databatch_0": {"databatch": "[[[-0.00624595+0.08473241j,-0.0702087-0.10237053j,0.1603184+0.07327903j,0.07694404-0.0747327j],[0.14136626+0.10492696j,-0.25704862+0.00931431j,0.30609465-0.19929233j,-0.04543821-0.21756684j],[0.00645579+0.11777011j,-0.11485316-0.12846998j,0.23374803+0.07240584j,0.09265873-0.11656407j],[-0.21965554+0.10165547j,0.1578215-0.31645505j,0.0392759+0.50061985j,0.29254908+0.08824194j]],[[-0.1650415+0.04901157j,0.14356085-0.20654863j,-0.02372821+0.35640337j,0.1968621+0.09213243j],[-0.02921675+0.06490179j,-0.0259024-0.10071136j,0.10517117+0.10365609j,0.08199555-0.03675536j],[-0.17501654-0.09507665j,0.28644941-0.05126473j,-0.31121008+0.27185643j,0.08545677+0.23648633j],[0.06294069+0.17991099j,-0.23601142-0.14781222j,0.39537704+0.00736021j,0.09145445-0.22257558j]],[[-0.10371726+0.18269398j,-0.04841393-0.30309469j,0.28055718+0.33355689j,0.25107892-0.08545744j],[-0.1042227+0.07371641j,0.0516257-0.17922516j,0.06820552+0.25591951j,0.16017694+0.01781884j],[0.21997708-0.03005073j,-0.22354142+0.23505577j,0.10024413-0.44958692j,-0.23281111-0.15609172j],[0.03132269-0.00127904j,-0.03456821+0.03004722j,0.02010935-0.06185276j,-0.03063469-0.0250573j]],[[0.14298612+0.09626907j,-0.2509947+0.02067041j,0.29042164-0.20868947j,-0.05422677-0.21075383j],[-0.22795487-0.07991682j,0.33300967-0.11687673j,-0.31991237+0.3857708j,0.14813138+0.26656799j],[-0.07382642+0.04879969j,0.03968834-0.12305562j,0.04166569+0.17881573j,0.11059612+0.01584746j],[-0.08980361+0.08214149j,0.02748567-0.17567702j,0.09499677+0.23394917j,0.15363281-0.00222329j]]]", "initial param values": "[2.27588049,2.4447681,3.94187821,6.1276659,2.20077844,1.91289627]", "nelder_mead": {"type": "gradient-free", "0": {"maxiter": 100, "fatol": 1e-05, "xatol": 1e-05, "duration": 0.059279680252075195, "fun": "0.18330784741664197", "nit": "100", "nfev": "154", "status": "2", "success": "False", "message": "Maximum number of iterations has been exceeded.", "x": "[2.34075857 3.18275705 5.04757081 4.89661716 0.47099323 2.91759954]", "final_simplex": "(array([[2.34075857, 3.18275705, 5.04757081, 4.89661716, 0.47099323,\n        2.91759954],\n       [2.35208823, 3.15152673, 5.01663034, 4.84053562, 0.45719499,\n        2.90253823],\n       [2.33483662, 3.09311223, 4.95960882, 4.87251951, 0.48990842,\n        2.88422292],\n       [2.36106398, 3.08991813, 5.00918889, 4.85530353, 0.47062942,\n        2.9103432 ],\n       [2.33772733, 3.11702647, 4.96339519, 4.89323847, 0.42560226,\n        2.91058984],\n       [2.35472146, 3.13634725, 5.01839506, 4.90145039, 0.46571311,\n        2.86654079],\n       [2.39415592, 3.06824834, 4.96596151, 4.88415287, 0.45772124,\n        2.89243218]]), array([0.18330785, 0.18442596, 0.18515561, 0.18523894, 0.18540908,\n       0.18545065, 0.18547571]))", "callback": [0.4285172750162525, 0.4087954718381881, 0.33016824918711085, 0.23361254123462638, 0.19825651558437052, 0.19270427046350913, 0.1900515299838429, 0.18709931753028775, 0.18515560844601664]}, "1": {"maxiter": 100, "fatol": 1e-05, "xatol": 1e-10, "duration": 0.05169486999511719, "fun": "0.18330784741664197", "nit": "100", "nfev": "154", "status": "2", "success": "False", "message": "Maximum number of iterations has been exceeded.", "x": "[2.34075857 3.18275705 5.04757081 4.89661716 0.47099323 2.91759954]", "final_simplex": "(array([[2.34075857, 3.18275705, 5.04757081, 4.89661716, 0.47099323,\n        2.91759954],\n       [2.35208823, 3.15152673, 5.01663034, 4.84053562, 0.45719499,\n        2.90253823],\n       [2.33483662, 3.09311223, 4.95960882, 4.87251951, 0.48990842,\n        2.88422292],\n       [2.36106398, 3.08991813, 5.00918889, 4.85530353, 0.47062942,\n        2.9103432 ],\n       [2.33772733, 3.11702647, 4.96339519, 4.89323847, 0.42560226,\n        2.91058984],\n       [2.35472146, 3.13634725, 5.01839506, 4.90145039, 0.46571311,\n        2.86654079],\n       [2.39415592, 3.06824834, 4.96596151, 4.88415287, 0.45772124,\n        2.89243218]]), array([0.18330785, 0.18442596, 0.18515561, 0.18523894, 0.18540908,\n       0.18545065, 0.18547571]))", "callback": [0.4285172750162525, 0.4087954718381881, 0.33016824918711085, 0.23361254123462638, 0.19825651558437052, 0.19270427046350913, 0.1900515299838429, 0.18709931753028775, 0.18515560844601664]}, "2": {"maxiter": 100, "fatol": 1e-10, "xatol": 1e-05, "duration": 0.0638117790222168, "fun": "0.18330784741664197", "nit": "100", "nfev": "154", "status": "2", "success": "False", "message": "Maximum number of iterations has been exceeded.", "x": "[2.34075857 3.18275705 5.04757081 4.89661716 0.47099323 2.91759954]", "final_simplex": "(array([[2.34075857, 3.18275705, 5.04757081, 4.89661716, 0.47099323,\n        2.91759954],\n       [2.35208823, 3.15152673, 5.01663034, 4.84053562, 0.45719499,\n        2.90253823],\n       [2.33483662, 3.09311223, 4.95960882, 4.87251951, 0.48990842,\n        2.88422292],\n       [2.36106398, 3.08991813, 5.00918889, 4.85530353, 0.47062942,\n        2.9103432 ],\n       [2.33772733, 3.11702647, 4.96339519, 4.89323847, 0.42560226,\n        2.91058984],\n       [2.35472146, 3.13634725, 5.01839506, 4.90145039, 0.46571311,\n        2.86654079],\n       [2.39415592, 3.06824834, 4.96596151, 4.88415287, 0.45772124,\n        2.89243218]]), array([0.18330785, 0.18442596, 0.18515561, 0.18523894, 0.18540908,\n       0.18545065, 0.18547571]))", "callback": [0.4285172750162525, 0.4087954718381881, 0.33016824918711085, 0.23361254123462638, 0.19825651558437052, 0.19270427046350913, 0.1900515299838429, 0.18709931753028775, 0.18515560844601664]}, "3": {"maxiter": 100, "fatol": 1e-10, "xatol": 1e-10, "duration": 0.05893087387084961, "fun": "0.18330784741664197", "nit": "100", "nfev": "154", "status": "2", "success": "False", "message": "Maximum number of iterations has been exceeded.", "x": "[2.34075857 3.18275705 5.04757081 4.89661716 0.47099323 2.91759954]", "final_simplex": "(array([[2.34075857, 3.18275705, 5.04757081, 4.89661716, 0.47099323,\n        2.91759954],\n       [2.35208823, 3.15152673, 5.01663034, 4.84053562, 0.45719499,\n        2.90253823],\n       [2.33483662, 3.09311223, 4.95960882, 4.87251951, 0.48990842,\n        2.88422292],\n       [2.36106398, 3.08991813, 5.00918889, 4.85530353, 0.47062942,\n        2.9103432 ],\n       [2.33772733, 3.11702647, 4.96339519, 4.89323847, 0.42560226,\n        2.91058984],\n       [2.35472146, 3.13634725, 5.01839506, 4.90145039, 0.46571311,\n        2.86654079],\n       [2.39415592, 3.06824834, 4.96596151, 4.88415287, 0.45772124,\n        2.89243218]]), array([0.18330785, 0.18442596, 0.18515561, 0.18523894, 0.18540908,\n       0.18545065, 0.18547571]))", "callback": [0.4285172750162525, 0.4087954718381881, 0.33016824918711085, 0.23361254123462638, 0.19825651558437052, 0.19270427046350913, 0.1900515299838429, 0.18709931753028775, 0.18515560844601664]}, "4": {"maxiter": 500, "fatol": 1e-05, "xatol": 1e-05, "duration": 0.1655559539794922, "fun": "0.18056526188469468", "nit": "279", "nfev": "442", "status": "0", "success": "True", "message": "Optimization terminated successfully.", "x": "[2.39908028 3.27454078 5.08748737 4.87178611 0.51241279 2.9929626 ]", "final_simplex": "(array([[2.39908028, 3.27454078, 5.08748737, 4.87178611, 0.51241279,\n        2.9929626 ],\n       [2.39907848, 3.27454455, 5.08749276, 4.87178496, 0.51241329,\n        2.99296286],\n       [2.39907969, 3.27454164, 5.08748995, 4.87178376, 0.51241104,\n        2.99296776],\n       [2.3990792 , 3.27453427, 5.08748337, 4.87178477, 0.51241428,\n        2.99295926],\n       [2.39907263, 3.27454296, 5.08748761, 4.8717868 , 0.51240929,\n        2.99296439],\n       [2.39907953, 3.27454279, 5.08748754, 4.87178055, 0.51240549,\n        2.99296432],\n       [2.39907884, 3.27454756, 5.08749102, 4.87178314, 0.51241621,\n        2.99296037]]), array([0.18056526, 0.18056526, 0.18056526, 0.18056526, 0.18056526,\n       0.18056526, 0.18056526]))", "callback": [0.4285172750162525, 0.4087954718381881, 0.33016824918711085, 0.23361254123462638, 0.19825651558437052, 0.19270427046350913, 0.1900515299838429, 0.18709931753028775, 0.18515560844601664, 0.18330784741664197, 0.18141833192342727, 0.18067581097969732, 0.18067581097969732, 0.18062023910345992, 0.18058119735706124, 0.18056896495245311, 0.18056704768064225, 0.18056583468526122, 0.18056538610362038, 0.18056528401883964, 0.18056526586881616, 0.18056526299983666, 0.1805652622912549, 0.18056526207290846, 0.18056526195679, 0.18056526192555677, 0.18056526188767008]}, "5": {"maxiter": 500, "fatol": 1e-05, "xatol": 1e-10, "duration": 0.23839998245239258, "fun": "0.1805652618816196", "nit": "383", "nfev": "668", "status": "0", "success": "True", "message": "Optimization terminated successfully.", "x": "[2.3990776  3.2745401  5.08748506 4.87178428 0.5124118  2.99296338]", "final_simplex": "(array([[2.3990776 , 3.2745401 , 5.08748506, 4.87178428, 0.5124118 ,\n        2.99296338],\n       [2.3990776 , 3.2745401 , 5.08748506, 4.87178428, 0.5124118 ,\n        2.99296338],\n       [2.3990776 , 3.2745401 , 5.08748506, 4.87178428, 0.5124118 ,\n        2.99296338],\n       [2.3990776 , 3.2745401 , 5.08748506, 4.87178428, 0.5124118 ,\n        2.99296338],\n       [2.3990776 , 3.2745401 , 5.08748506, 4.87178428, 0.5124118 ,\n        2.99296338],\n       [2.3990776 , 3.2745401 , 5.08748506, 4.87178428, 0.5124118 ,\n        2.99296338],\n       [2.3990776 , 3.2745401 , 5.08748506, 4.87178428, 0.5124118 ,\n        2.99296338]]), array([0.18056526, 0.18056526, 0.18056526, 0.18056526, 0.18056526,\n       0.18056526, 0.18056526]))", "callback": [0.4285172750162525, 0.4087954718381881, 0.33016824918711085, 0.23361254123462638, 0.19825651558437052, 0.19270427046350913, 0.1900515299838429, 0.18709931753028775, 0.18515560844601664, 0.18330784741664197, 0.18141833192342727, 0.18067581097969732, 0.18067581097969732, 0.18062023910345992, 0.18058119735706124, 0.18056896495245311, 0.18056704768064225, 0.18056583468526122, 0.18056538610362038, 0.18056528401883964, 0.18056526586881616, 0.18056526299983666, 0.1805652622912549, 0.18056526207290846, 0.18056526195679, 0.18056526192555677, 0.18056526188767008, 0.1805652618837944, 0.1805652618823388, 0.18056526188188393, 0.18056526188166566, 0.18056526188163347, 0.1805652618816227, 0.18056526188162048, 0.18056526188162003, 0.1805652618816198, 0.1805652618816198, 0.1805652618816196]}, "6": {"maxiter": 500, "fatol": 1e-10, "xatol": 1e-05, "duration": 0.1583700180053711, "fun": "0.18056526188469468", "nit": "279", "nfev": "442", "status": "0", "success": "True", "message": "Optimization terminated successfully.", "x": "[2.39908028 3.27454078 5.08748737 4.87178611 0.51241279 2.9929626 ]", "final_simplex": "(array([[2.39908028, 3.27454078, 5.08748737, 4.87178611, 0.51241279,\n        2.9929626 ],\n       [2.39907848, 3.27454455, 5.08749276, 4.87178496, 0.51241329,\n        2.99296286],\n       [2.39907969, 3.27454164, 5.08748995, 4.87178376, 0.51241104,\n        2.99296776],\n       [2.3990792 , 3.27453427, 5.08748337, 4.87178477, 0.51241428,\n        2.99295926],\n       [2.39907263, 3.27454296, 5.08748761, 4.8717868 , 0.51240929,\n        2.99296439],\n       [2.39907953, 3.27454279, 5.08748754, 4.87178055, 0.51240549,\n        2.99296432],\n       [2.39907884, 3.27454756, 5.08749102, 4.87178314, 0.51241621,\n        2.99296037]]), array([0.18056526, 0.18056526, 0.18056526, 0.18056526, 0.18056526,\n       0.18056526, 0.18056526]))", "callback": [0.4285172750162525, 0.4087954718381881, 0.33016824918711085, 0.23361254123462638, 0.19825651558437052, 0.19270427046350913, 0.1900515299838429, 0.18709931753028775, 0.18515560844601664, 0.18330784741664197, 0.18141833192342727, 0.18067581097969732, 0.18067581097969732, 0.18062023910345992, 0.18058119735706124, 0.18056896495245311, 0.18056704768064225, 0.18056583468526122, 0.18056538610362038, 0.18056528401883964, 0.18056526586881616, 0.18056526299983666, 0.1805652622912549, 0.18056526207290846, 0.18056526195679, 0.18056526192555677, 0.18056526188767008]}, "7": {"maxiter": 500, "fatol": 1e-10, "xatol": 1e-10, "duration": 0.22534608840942383, "fun": "0.1805652618816196", "nit": "383", "nfev": "668", "status": "0", "success": "True", "message": "Optimization terminated successfully.", "x": "[2.3990776  3.2745401  5.08748506 4.87178428 0.5124118  2.99296338]", "final_simplex": "(array([[2.3990776 , 3.2745401 , 5.08748506, 4.87178428, 0.5124118 ,\n        2.99296338],\n       [2.3990776 , 3.2745401 , 5.08748506, 4.87178428, 0.5124118 ,\n        2.99296338],\n       [2.3990776 , 3.2745401 , 5.08748506, 4.87178428, 0.5124118 ,\n        2.99296338],\n       [2.3990776 , 3.2745401 , 5.08748506, 4.87178428, 0.5124118 ,\n        2.99296338],\n       [2.3990776 , 3.2745401 , 5.08748506, 4.87178428, 0.5124118 ,\n        2.99296338],\n       [2.3990776 , 3.2745401 , 5.08748506, 4.87178428, 0.5124118 ,\n        2.99296338],\n       [2.3990776 , 3.2745401 , 5.08748506, 4.87178428, 0.5124118 ,\n        2.99296338]]), array([0.18056526, 0.18056526, 0.18056526, 0.18056526, 0.18056526,\n       0.18056526, 0.18056526]))", "callback": [0.4285172750162525, 0.4087954718381881, 0.33016824918711085, 0.23361254123462638, 0.19825651558437052, 0.19270427046350913, 0.1900515299838429, 0.18709931753028775, 0.18515560844601664, 0.18330784741664197, 0.18141833192342727, 0.18067581097969732, 0.18067581097969732, 0.18062023910345992, 0.18058119735706124, 0.18056896495245311, 0.18056704768064225, 0.18056583468526122, 0.18056538610362038, 0.18056528401883964, 0.18056526586881616, 0.18056526299983666, 0.1805652622912549, 0.18056526207290846, 0.18056526195679, 0.18056526192555677, 0.18056526188767008, 0.1805652618837944, 0.1805652618823388, 0.18056526188188393, 0.18056526188166566, 0.18056526188163347, 0.1805652618816227, 0.18056526188162048, 0.18056526188162003, 0.1805652618816198, 0.1805652618816198, 0.1805652618816196]}, "8": {"maxiter": 1000, "fatol": 1e-05, "xatol": 1e-05, "duration": 0.15361690521240234, "fun": "0.18056526188469468", "nit": "279", "nfev": "442", "status": "0", "success": "True", "message": "Optimization terminated successfully.", "x": "[2.39908028 3.27454078 5.08748737 4.87178611 0.51241279 2.9929626 ]", "final_simplex": "(array([[2.39908028, 3.27454078, 5.08748737, 4.87178611, 0.51241279,\n        2.9929626 ],\n       [2.39907848, 3.27454455, 5.08749276, 4.87178496, 0.51241329,\n        2.99296286],\n       [2.39907969, 3.27454164, 5.08748995, 4.87178376, 0.51241104,\n        2.99296776],\n       [2.3990792 , 3.27453427, 5.08748337, 4.87178477, 0.51241428,\n        2.99295926],\n       [2.39907263, 3.27454296, 5.08748761, 4.8717868 , 0.51240929,\n        2.99296439],\n       [2.39907953, 3.27454279, 5.08748754, 4.87178055, 0.51240549,\n        2.99296432],\n       [2.39907884, 3.27454756, 5.08749102, 4.87178314, 0.51241621,\n        2.99296037]]), array([0.18056526, 0.18056526, 0.18056526, 0.18056526, 0.18056526,\n       0.18056526, 0.18056526]))", "callback": [0.4285172750162525, 0.4087954718381881, 0.33016824918711085, 0.23361254123462638, 0.19825651558437052, 0.19270427046350913, 0.1900515299838429, 0.18709931753028775, 0.18515560844601664, 0.18330784741664197, 0.18141833192342727, 0.18067581097969732, 0.18067581097969732, 0.18062023910345992, 0.18058119735706124, 0.18056896495245311, 0.18056704768064225, 0.18056583468526122, 0.18056538610362038, 0.18056528401883964, 0.18056526586881616, 0.18056526299983666, 0.1805652622912549, 0.18056526207290846, 0.18056526195679, 0.18056526192555677, 0.18056526188767008]}, "9": {"maxiter": 1000, "fatol": 1e-05, "xatol": 1e-10, "duration": 0.2448279857635498, "fun": "0.1805652618816196", "nit": "383", "nfev": "668", "status": "0", "success": "True", "message": "Optimization terminated successfully.", "x": "[2.3990776  3.2745401  5.08748506 4.87178428 0.5124118  2.99296338]", "final_simplex": "(array([[2.3990776 , 3.2745401 , 5.08748506, 4.87178428, 0.5124118 ,\n        2.99296338],\n       [2.3990776 , 3.2745401 , 5.08748506, 4.87178428, 0.5124118 ,\n        2.99296338],\n       [2.3990776 , 3.2745401 , 5.08748506, 4.87178428, 0.5124118 ,\n        2.99296338],\n       [2.3990776 , 3.2745401 , 5.08748506, 4.87178428, 0.5124118 ,\n        2.99296338],\n       [2.3990776 , 3.2745401 , 5.08748506, 4.87178428, 0.5124118 ,\n        2.99296338],\n       [2.3990776 , 3.2745401 , 5.08748506, 4.87178428, 0.5124118 ,\n        2.99296338],\n       [2.3990776 , 3.2745401 , 5.08748506, 4.87178428, 0.5124118 ,\n        2.99296338]]), array([0.18056526, 0.18056526, 0.18056526, 0.18056526, 0.18056526,\n       0.18056526, 0.18056526]))", "callback": [0.4285172750162525, 0.4087954718381881, 0.33016824918711085, 0.23361254123462638, 0.19825651558437052, 0.19270427046350913, 0.1900515299838429, 0.18709931753028775, 0.18515560844601664, 0.18330784741664197, 0.18141833192342727, 0.18067581097969732, 0.18067581097969732, 0.18062023910345992, 0.18058119735706124, 0.18056896495245311, 0.18056704768064225, 0.18056583468526122, 0.18056538610362038, 0.18056528401883964, 0.18056526586881616, 0.18056526299983666, 0.1805652622912549, 0.18056526207290846, 0.18056526195679, 0.18056526192555677, 0.18056526188767008, 0.1805652618837944, 0.1805652618823388, 0.18056526188188393, 0.18056526188166566, 0.18056526188163347, 0.1805652618816227, 0.18056526188162048, 0.18056526188162003, 0.1805652618816198, 0.1805652618816198, 0.1805652618816196]}, "10": {"maxiter": 1000, "fatol": 1e-10, "xatol": 1e-05, "duration": 0.17509102821350098, "fun": "0.18056526188469468", "nit": "279", "nfev": "442", "status": "0", "success": "True", "message": "Optimization terminated successfully.", "x": "[2.39908028 3.27454078 5.08748737 4.87178611 0.51241279 2.9929626 ]", "final_simplex": "(array([[2.39908028, 3.27454078, 5.08748737, 4.87178611, 0.51241279,\n        2.9929626 ],\n       [2.39907848, 3.27454455, 5.08749276, 4.87178496, 0.51241329,\n        2.99296286],\n       [2.39907969, 3.27454164, 5.08748995, 4.87178376, 0.51241104,\n        2.99296776],\n       [2.3990792 , 3.27453427, 5.08748337, 4.87178477, 0.51241428,\n        2.99295926],\n       [2.39907263, 3.27454296, 5.08748761, 4.8717868 , 0.51240929,\n        2.99296439],\n       [2.39907953, 3.27454279, 5.08748754, 4.87178055, 0.51240549,\n        2.99296432],\n       [2.39907884, 3.27454756, 5.08749102, 4.87178314, 0.51241621,\n        2.99296037]]), array([0.18056526, 0.18056526, 0.18056526, 0.18056526, 0.18056526,\n       0.18056526, 0.18056526]))", "callback": [0.4285172750162525, 0.4087954718381881, 0.33016824918711085, 0.23361254123462638, 0.19825651558437052, 0.19270427046350913, 0.1900515299838429, 0.18709931753028775, 0.18515560844601664, 0.18330784741664197, 0.18141833192342727, 0.18067581097969732, 0.18067581097969732, 0.18062023910345992, 0.18058119735706124, 0.18056896495245311, 0.18056704768064225, 0.18056583468526122, 0.18056538610362038, 0.18056528401883964, 0.18056526586881616, 0.18056526299983666, 0.1805652622912549, 0.18056526207290846, 0.18056526195679, 0.18056526192555677, 0.18056526188767008]}, "11": {"maxiter": 1000, "fatol": 1e-10, "xatol": 1e-10, "duration": 0.22810006141662598, "fun": "0.1805652618816196", "nit": "383", "nfev": "668", "status": "0", "success": "True", "message": "Optimization terminated successfully.", "x": "[2.3990776  3.2745401  5.08748506 4.87178428 0.5124118  2.99296338]", "final_simplex": "(array([[2.3990776 , 3.2745401 , 5.08748506, 4.87178428, 0.5124118 ,\n        2.99296338],\n       [2.3990776 , 3.2745401 , 5.08748506, 4.87178428, 0.5124118 ,\n        2.99296338],\n       [2.3990776 , 3.2745401 , 5.08748506, 4.87178428, 0.5124118 ,\n        2.99296338],\n       [2.3990776 , 3.2745401 , 5.08748506, 4.87178428, 0.5124118 ,\n        2.99296338],\n       [2.3990776 , 3.2745401 , 5.08748506, 4.87178428, 0.5124118 ,\n        2.99296338],\n       [2.3990776 , 3.2745401 , 5.08748506, 4.87178428, 0.5124118 ,\n        2.99296338],\n       [2.3990776 , 3.2745401 , 5.08748506, 4.87178428, 0.5124118 ,\n        2.99296338]]), array([0.18056526, 0.18056526, 0.18056526, 0.18056526, 0.18056526,\n       0.18056526, 0.18056526]))", "callback": [0.4285172750162525, 0.4087954718381881, 0.33016824918711085, 0.23361254123462638, 0.19825651558437052, 0.19270427046350913, 0.1900515299838429, 0.18709931753028775, 0.18515560844601664, 0.18330784741664197, 0.18141833192342727, 0.18067581097969732, 0.18067581097969732, 0.18062023910345992, 0.18058119735706124, 0.18056896495245311, 0.18056704768064225, 0.18056583468526122, 0.18056538610362038, 0.18056528401883964, 0.18056526586881616, 0.18056526299983666, 0.1805652622912549, 0.18056526207290846, 0.18056526195679, 0.18056526192555677, 0.18056526188767008, 0.1805652618837944, 0.1805652618823388, 0.18056526188188393, 0.18056526188166566, 0.18056526188163347, 0.1805652618816227, 0.18056526188162048, 0.18056526188162003, 0.1805652618816198, 0.1805652618816198, 0.1805652618816196]}}, "bfgs": {"type": "gradient", "0": {"maxiter": 100, "gtol": 1e-05, "xrtol": 1e-05, "eps": 1e-05, "duration": 0.055685997009277344, "fun": "0.18056526191506705", "jac": "[ 5.95301586e-08  1.04475317e-06  4.59210447e-07  4.36195524e-07\n -2.74491541e-07 -1.08469900e-06]", "hess_inv": "[[ 2.52748119  0.13594886  0.22166171 -0.18559374 -0.37912947  0.25358334]\n [ 0.13594886  6.98409012  5.06318385 -0.70980847 -0.58818557  1.32092764]\n [ 0.22166171  5.06318385  6.70387321 -0.7506018  -0.11999332  1.1523845 ]\n [-0.18559374 -0.70980847 -0.7506018   2.63707848  0.2316264  -0.34325306]\n [-0.37912947 -0.58818557 -0.11999332  0.2316264   3.75045868 -0.99248004]\n [ 0.25358334  1.32092764  1.1523845  -0.34325306 -0.99248004  3.35913476]]", "nfev": "147", "njev": "21", "status": "0", "success": "True", "message": "Optimization terminated successfully.", "x": "[2.39907299 3.27452734 5.08747082 4.87178257 0.51240838 2.99295419]", "nit": "20", "callback": [0.1875563865296873, 0.18056526191506705]}, "1": {"maxiter": 100, "gtol": 1e-05, "xrtol": 1e-05, "eps": 1e-10, "duration": 0.05625772476196289, "fun": "0.18056526190058653", "jac": "[-3.33066880e-06 -1.11022293e-06  1.11022293e-06 -2.22044587e-06\n  0.00000000e+00 -1.11022293e-06]", "hess_inv": "[[ 2.42952878  0.15475669  0.1268075  -0.23542903 -0.38519967  0.20902915]\n [ 0.15475669  6.95164201  5.00646534 -0.70055053 -0.58333539  1.30398502]\n [ 0.1268075   5.00646534  6.74198511 -0.75693985 -0.08252371  1.13833729]\n [-0.23542903 -0.70055053 -0.75693985  2.60922261  0.23720124 -0.34842075]\n [-0.38519967 -0.58333539 -0.08252371  0.23720124  3.76100443 -0.97996194]\n [ 0.20902915  1.30398502  1.13833729 -0.34842075 -0.97996194  3.29420044]]", "nfev": "147", "njev": "21", "status": "0", "success": "True", "message": "Optimization terminated successfully.", "x": "[2.39907274 3.27454934 5.08749502 4.87178424 0.51241291 2.99295796]", "nit": "20", "callback": [0.18755552503553607, 0.18056526190058653]}, "2": {"maxiter": 100, "gtol": 1e-05, "xrtol": 1e-10, "eps": 1e-05, "duration": 0.05467581748962402, "fun": "0.18056526191506705", "jac": "[ 5.95301586e-08  1.04475317e-06  4.59210447e-07  4.36195524e-07\n -2.74491541e-07 -1.08469900e-06]", "hess_inv": "[[ 2.52748119  0.13594886  0.22166171 -0.18559374 -0.37912947  0.25358334]\n [ 0.13594886  6.98409012  5.06318385 -0.70980847 -0.58818557  1.32092764]\n [ 0.22166171  5.06318385  6.70387321 -0.7506018  -0.11999332  1.1523845 ]\n [-0.18559374 -0.70980847 -0.7506018   2.63707848  0.2316264  -0.34325306]\n [-0.37912947 -0.58818557 -0.11999332  0.2316264   3.75045868 -0.99248004]\n [ 0.25358334  1.32092764  1.1523845  -0.34325306 -0.99248004  3.35913476]]", "nfev": "147", "njev": "21", "status": "0", "success": "True", "message": "Optimization terminated successfully.", "x": "[2.39907299 3.27452734 5.08747082 4.87178257 0.51240838 2.99295419]", "nit": "20", "callback": [0.1875563865296873, 0.18056526191506705]}, "3": {"maxiter": 100, "gtol": 1e-05, "xrtol": 1e-10, "eps": 1e-10, "duration": 0.05692601203918457, "fun": "0.18056526190058653", "jac": "[-3.33066880e-06 -1.11022293e-06  1.11022293e-06 -2.22044587e-06\n  0.00000000e+00 -1.11022293e-06]", "hess_inv": "[[ 2.42952878  0.15475669  0.1268075  -0.23542903 -0.38519967  0.20902915]\n [ 0.15475669  6.95164201  5.00646534 -0.70055053 -0.58333539  1.30398502]\n [ 0.1268075   5.00646534  6.74198511 -0.75693985 -0.08252371  1.13833729]\n [-0.23542903 -0.70055053 -0.75693985  2.60922261  0.23720124 -0.34842075]\n [-0.38519967 -0.58333539 -0.08252371  0.23720124  3.76100443 -0.97996194]\n [ 0.20902915  1.30398502  1.13833729 -0.34842075 -0.97996194  3.29420044]]", "nfev": "147", "njev": "21", "status": "0", "success": "True", "message": "Optimization terminated successfully.", "x": "[2.39907274 3.27454934 5.08749502 4.87178424 0.51241291 2.99295796]", "nit": "20", "callback": [0.18755552503553607, 0.18056526190058653]}, "4": {"maxiter": 100, "gtol": 1e-10, "xrtol": 1e-05, "eps": 1e-05, "duration": 0.05354905128479004, "fun": "0.18056526191506705", "jac": "[ 5.95301586e-08  1.04475317e-06  4.59210447e-07  4.36195524e-07\n -2.74491541e-07 -1.08469900e-06]", "hess_inv": "[[ 2.52748119  0.13594886  0.22166171 -0.18559374 -0.37912947  0.25358334]\n [ 0.13594886  6.98409012  5.06318385 -0.70980847 -0.58818557  1.32092764]\n [ 0.22166171  5.06318385  6.70387321 -0.7506018  -0.11999332  1.1523845 ]\n [-0.18559374 -0.70980847 -0.7506018   2.63707848  0.2316264  -0.34325306]\n [-0.37912947 -0.58818557 -0.11999332  0.2316264   3.75045868 -0.99248004]\n [ 0.25358334  1.32092764  1.1523845  -0.34325306 -0.99248004  3.35913476]]", "nfev": "147", "njev": "21", "status": "0", "success": "True", "message": "Optimization terminated successfully.", "x": "[2.39907299 3.27452734 5.08747082 4.87178257 0.51240838 2.99295419]", "nit": "20", "callback": [0.1875563865296873, 0.18056526191506705]}, "5": {"maxiter": 100, "gtol": 1e-10, "xrtol": 1e-05, "eps": 1e-10, "duration": 0.05590987205505371, "fun": "0.18056526190058653", "jac": "[-3.33066880e-06 -1.11022293e-06  1.11022293e-06 -2.22044587e-06\n  0.00000000e+00 -1.11022293e-06]", "hess_inv": "[[ 2.42952878  0.15475669  0.1268075  -0.23542903 -0.38519967  0.20902915]\n [ 0.15475669  6.95164201  5.00646534 -0.70055053 -0.58333539  1.30398502]\n [ 0.1268075   5.00646534  6.74198511 -0.75693985 -0.08252371  1.13833729]\n [-0.23542903 -0.70055053 -0.75693985  2.60922261  0.23720124 -0.34842075]\n [-0.38519967 -0.58333539 -0.08252371  0.23720124  3.76100443 -0.97996194]\n [ 0.20902915  1.30398502  1.13833729 -0.34842075 -0.97996194  3.29420044]]", "nfev": "147", "njev": "21", "status": "0", "success": "True", "message": "Optimization terminated successfully.", "x": "[2.39907274 3.27454934 5.08749502 4.87178424 0.51241291 2.99295796]", "nit": "20", "callback": [0.18755552503553607, 0.18056526190058653]}, "6": {"maxiter": 100, "gtol": 1e-10, "xrtol": 1e-10, "eps": 1e-05, "duration": 0.1338050365447998, "fun": "0.18056526191506705", "jac": "[ 5.95301586e-08  1.04475317e-06  4.59210447e-07  4.36195524e-07\n -2.74491541e-07 -1.08469900e-06]", "hess_inv": "[[ 2.52013894  0.11607157  0.17448618 -0.19682132 -0.38340573  0.25969866]\n [ 0.11607157  7.89295155  5.67943685 -0.72210692 -0.67852142  1.1518108 ]\n [ 0.17448618  5.67943685  6.97571058 -0.80875544 -0.20833529  1.04818627]\n [-0.19682132 -0.72210692 -0.80875544  2.62024979  0.22360666 -0.33739214]\n [-0.38340573 -0.67852142 -0.20833529  0.22360666  3.75441158 -0.973728  ]\n [ 0.25969866  1.1518108   1.04818627 -0.33739214 -0.973728    3.3898523 ]]", "nfev": "354", "njev": "49", "status": "2", "success": "False", "message": "Desired error not necessarily achieved due to precision loss.", "x": "[2.39907299 3.27452734 5.08747082 4.87178257 0.51240838 2.99295419]", "nit": "20", "callback": [0.1875563865296873, 0.18056526191506705]}, "7": {"maxiter": 100, "gtol": 1e-10, "xrtol": 1e-10, "eps": 1e-10, "duration": 0.26606082916259766, "fun": "0.1805652618910294", "jac": "[2.22044587e-06 0.00000000e+00 2.22044587e-06 2.22044587e-06\n 0.00000000e+00 1.11022293e-06]", "hess_inv": "[[ 0.21812734 -1.20659006  0.24374096 -0.92653309 -0.94004277  1.28656002]\n [-1.20659006  6.69863006 -1.35252989  5.14221454  5.21706951 -7.14337073]\n [ 0.24374096 -1.35252989  0.27537006 -1.03706995 -1.05342078  1.44207229]\n [-0.92653309  5.14221454 -1.03706995  3.95143103  4.00991078 -5.48733565]\n [-0.94004277  5.21706951 -1.05342078  4.00991078  4.07295203 -5.56974421]\n [ 1.28656002 -7.14337073  1.44207229 -5.48733565 -5.56974421  7.6223659 ]]", "nfev": "742", "njev": "106", "status": "0", "success": "True", "message": "Optimization terminated successfully.", "x": "[2.39908072 3.2745454  5.08749327 4.87178622 0.51240868 2.99296597]", "nit": "37", "callback": [0.18755552503553607, 0.18056526190058653, 0.1805652618922612]}, "8": {"maxiter": 500, "gtol": 1e-05, "xrtol": 1e-05, "eps": 1e-05, "duration": 0.0503239631652832, "fun": "0.18056526191506705", "jac": "[ 5.95301586e-08  1.04475317e-06  4.59210447e-07  4.36195524e-07\n -2.74491541e-07 -1.08469900e-06]", "hess_inv": "[[ 2.52748119  0.13594886  0.22166171 -0.18559374 -0.37912947  0.25358334]\n [ 0.13594886  6.98409012  5.06318385 -0.70980847 -0.58818557  1.32092764]\n [ 0.22166171  5.06318385  6.70387321 -0.7506018  -0.11999332  1.1523845 ]\n [-0.18559374 -0.70980847 -0.7506018   2.63707848  0.2316264  -0.34325306]\n [-0.37912947 -0.58818557 -0.11999332  0.2316264   3.75045868 -0.99248004]\n [ 0.25358334  1.32092764  1.1523845  -0.34325306 -0.99248004  3.35913476]]", "nfev": "147", "njev": "21", "status": "0", "success": "True", "message": "Optimization terminated successfully.", "x": "[2.39907299 3.27452734 5.08747082 4.87178257 0.51240838 2.99295419]", "nit": "20", "callback": [0.1875563865296873, 0.18056526191506705]}, "9": {"maxiter": 500, "gtol": 1e-05, "xrtol": 1e-05, "eps": 1e-10, "duration": 0.04970502853393555, "fun": "0.18056526190058653", "jac": "[-3.33066880e-06 -1.11022293e-06  1.11022293e-06 -2.22044587e-06\n  0.00000000e+00 -1.11022293e-06]", "hess_inv": "[[ 2.42952878  0.15475669  0.1268075  -0.23542903 -0.38519967  0.20902915]\n [ 0.15475669  6.95164201  5.00646534 -0.70055053 -0.58333539  1.30398502]\n [ 0.1268075   5.00646534  6.74198511 -0.75693985 -0.08252371  1.13833729]\n [-0.23542903 -0.70055053 -0.75693985  2.60922261  0.23720124 -0.34842075]\n [-0.38519967 -0.58333539 -0.08252371  0.23720124  3.76100443 -0.97996194]\n [ 0.20902915  1.30398502  1.13833729 -0.34842075 -0.97996194  3.29420044]]", "nfev": "147", "njev": "21", "status": "0", "success": "True", "message": "Optimization terminated successfully.", "x": "[2.39907274 3.27454934 5.08749502 4.87178424 0.51241291 2.99295796]", "nit": "20", "callback": [0.18755552503553607, 0.18056526190058653]}, "10": {"maxiter": 500, "gtol": 1e-05, "xrtol": 1e-10, "eps": 1e-05, "duration": 0.04995870590209961, "fun": "0.18056526191506705", "jac": "[ 5.95301586e-08  1.04475317e-06  4.59210447e-07  4.36195524e-07\n -2.74491541e-07 -1.08469900e-06]", "hess_inv": "[[ 2.52748119  0.13594886  0.22166171 -0.18559374 -0.37912947  0.25358334]\n [ 0.13594886  6.98409012  5.06318385 -0.70980847 -0.58818557  1.32092764]\n [ 0.22166171  5.06318385  6.70387321 -0.7506018  -0.11999332  1.1523845 ]\n [-0.18559374 -0.70980847 -0.7506018   2.63707848  0.2316264  -0.34325306]\n [-0.37912947 -0.58818557 -0.11999332  0.2316264   3.75045868 -0.99248004]\n [ 0.25358334  1.32092764  1.1523845  -0.34325306 -0.99248004  3.35913476]]", "nfev": "147", "njev": "21", "status": "0", "success": "True", "message": "Optimization terminated successfully.", "x": "[2.39907299 3.27452734 5.08747082 4.87178257 0.51240838 2.99295419]", "nit": "20", "callback": [0.1875563865296873, 0.18056526191506705]}, "11": {"maxiter": 500, "gtol": 1e-05, "xrtol": 1e-10, "eps": 1e-10, "duration": 0.049169301986694336, "fun": "0.18056526190058653", "jac": "[-3.33066880e-06 -1.11022293e-06  1.11022293e-06 -2.22044587e-06\n  0.00000000e+00 -1.11022293e-06]", "hess_inv": "[[ 2.42952878  0.15475669  0.1268075  -0.23542903 -0.38519967  0.20902915]\n [ 0.15475669  6.95164201  5.00646534 -0.70055053 -0.58333539  1.30398502]\n [ 0.1268075   5.00646534  6.74198511 -0.75693985 -0.08252371  1.13833729]\n [-0.23542903 -0.70055053 -0.75693985  2.60922261  0.23720124 -0.34842075]\n [-0.38519967 -0.58333539 -0.08252371  0.23720124  3.76100443 -0.97996194]\n [ 0.20902915  1.30398502  1.13833729 -0.34842075 -0.97996194  3.29420044]]", "nfev": "147", "njev": "21", "status": "0", "success": "True", "message": "Optimization terminated successfully.", "x": "[2.39907274 3.27454934 5.08749502 4.87178424 0.51241291 2.99295796]", "nit": "20", "callback": [0.18755552503553607, 0.18056526190058653]}, "12": {"maxiter": 500, "gtol": 1e-10, "xrtol": 1e-05, "eps": 1e-05, "duration": 0.05574393272399902, "fun": "0.18056526191506705", "jac": "[ 5.95301586e-08  1.04475317e-06  4.59210447e-07  4.36195524e-07\n -2.74491541e-07 -1.08469900e-06]", "hess_inv": "[[ 2.52748119  0.13594886  0.22166171 -0.18559374 -0.37912947  0.25358334]\n [ 0.13594886  6.98409012  5.06318385 -0.70980847 -0.58818557  1.32092764]\n [ 0.22166171  5.06318385  6.70387321 -0.7506018  -0.11999332  1.1523845 ]\n [-0.18559374 -0.70980847 -0.7506018   2.63707848  0.2316264  -0.34325306]\n [-0.37912947 -0.58818557 -0.11999332  0.2316264   3.75045868 -0.99248004]\n [ 0.25358334  1.32092764  1.1523845  -0.34325306 -0.99248004  3.35913476]]", "nfev": "147", "njev": "21", "status": "0", "success": "True", "message": "Optimization terminated successfully.", "x": "[2.39907299 3.27452734 5.08747082 4.87178257 0.51240838 2.99295419]", "nit": "20", "callback": [0.1875563865296873, 0.18056526191506705]}, "13": {"maxiter": 500, "gtol": 1e-10, "xrtol": 1e-05, "eps": 1e-10, "duration": 0.050904273986816406, "fun": "0.18056526190058653", "jac": "[-3.33066880e-06 -1.11022293e-06  1.11022293e-06 -2.22044587e-06\n  0.00000000e+00 -1.11022293e-06]", "hess_inv": "[[ 2.42952878  0.15475669  0.1268075  -0.23542903 -0.38519967  0.20902915]\n [ 0.15475669  6.95164201  5.00646534 -0.70055053 -0.58333539  1.30398502]\n [ 0.1268075   5.00646534  6.74198511 -0.75693985 -0.08252371  1.13833729]\n [-0.23542903 -0.70055053 -0.75693985  2.60922261  0.23720124 -0.34842075]\n [-0.38519967 -0.58333539 -0.08252371  0.23720124  3.76100443 -0.97996194]\n [ 0.20902915  1.30398502  1.13833729 -0.34842075 -0.97996194  3.29420044]]", "nfev": "147", "njev": "21", "status": "0", "success": "True", "message": "Optimization terminated successfully.", "x": "[2.39907274 3.27454934 5.08749502 4.87178424 0.51241291 2.99295796]", "nit": "20", "callback": [0.18755552503553607, 0.18056526190058653]}, "14": {"maxiter": 500, "gtol": 1e-10, "xrtol": 1e-10, "eps": 1e-05, "duration": 0.13387179374694824, "fun": "0.18056526191506705", "jac": "[ 5.95301586e-08  1.04475317e-06  4.59210447e-07  4.36195524e-07\n -2.74491541e-07 -1.08469900e-06]", "hess_inv": "[[ 2.52013894  0.11607157  0.17448618 -0.19682132 -0.38340573  0.25969866]\n [ 0.11607157  7.89295155  5.67943685 -0.72210692 -0.67852142  1.1518108 ]\n [ 0.17448618  5.67943685  6.97571058 -0.80875544 -0.20833529  1.04818627]\n [-0.19682132 -0.72210692 -0.80875544  2.62024979  0.22360666 -0.33739214]\n [-0.38340573 -0.67852142 -0.20833529  0.22360666  3.75441158 -0.973728  ]\n [ 0.25969866  1.1518108   1.04818627 -0.33739214 -0.973728    3.3898523 ]]", "nfev": "354", "njev": "49", "status": "2", "success": "False", "message": "Desired error not necessarily achieved due to precision loss.", "x": "[2.39907299 3.27452734 5.08747082 4.87178257 0.51240838 2.99295419]", "nit": "20", "callback": [0.1875563865296873, 0.18056526191506705]}, "15": {"maxiter": 500, "gtol": 1e-10, "xrtol": 1e-10, "eps": 1e-10, "duration": 0.2899608612060547, "fun": "0.1805652618910294", "jac": "[2.22044587e-06 0.00000000e+00 2.22044587e-06 2.22044587e-06\n 0.00000000e+00 1.11022293e-06]", "hess_inv": "[[ 0.21812734 -1.20659006  0.24374096 -0.92653309 -0.94004277  1.28656002]\n [-1.20659006  6.69863006 -1.35252989  5.14221454  5.21706951 -7.14337073]\n [ 0.24374096 -1.35252989  0.27537006 -1.03706995 -1.05342078  1.44207229]\n [-0.92653309  5.14221454 -1.03706995  3.95143103  4.00991078 -5.48733565]\n [-0.94004277  5.21706951 -1.05342078  4.00991078  4.07295203 -5.56974421]\n [ 1.28656002 -7.14337073  1.44207229 -5.48733565 -5.56974421  7.6223659 ]]", "nfev": "742", "njev": "106", "status": "0", "success": "True", "message": "Optimization terminated successfully.", "x": "[2.39908072 3.2745454  5.08749327 4.87178622 0.51240868 2.99296597]", "nit": "37", "callback": [0.18755552503553607, 0.18056526190058653, 0.1805652618922612]}, "16": {"maxiter": 1000, "gtol": 1e-05, "xrtol": 1e-05, "eps": 1e-05, "duration": 0.047781944274902344, "fun": "0.18056526191506705", "jac": "[ 5.95301586e-08  1.04475317e-06  4.59210447e-07  4.36195524e-07\n -2.74491541e-07 -1.08469900e-06]", "hess_inv": "[[ 2.52748119  0.13594886  0.22166171 -0.18559374 -0.37912947  0.25358334]\n [ 0.13594886  6.98409012  5.06318385 -0.70980847 -0.58818557  1.32092764]\n [ 0.22166171  5.06318385  6.70387321 -0.7506018  -0.11999332  1.1523845 ]\n [-0.18559374 -0.70980847 -0.7506018   2.63707848  0.2316264  -0.34325306]\n [-0.37912947 -0.58818557 -0.11999332  0.2316264   3.75045868 -0.99248004]\n [ 0.25358334  1.32092764  1.1523845  -0.34325306 -0.99248004  3.35913476]]", "nfev": "147", "njev": "21", "status": "0", "success": "True", "message": "Optimization terminated successfully.", "x": "[2.39907299 3.27452734 5.08747082 4.87178257 0.51240838 2.99295419]", "nit": "20", "callback": [0.1875563865296873, 0.18056526191506705]}, "17": {"maxiter": 1000, "gtol": 1e-05, "xrtol": 1e-05, "eps": 1e-10, "duration": 0.047322988510131836, "fun": "0.18056526190058653", "jac": "[-3.33066880e-06 -1.11022293e-06  1.11022293e-06 -2.22044587e-06\n  0.00000000e+00 -1.11022293e-06]", "hess_inv": "[[ 2.42952878  0.15475669  0.1268075  -0.23542903 -0.38519967  0.20902915]\n [ 0.15475669  6.95164201  5.00646534 -0.70055053 -0.58333539  1.30398502]\n [ 0.1268075   5.00646534  6.74198511 -0.75693985 -0.08252371  1.13833729]\n [-0.23542903 -0.70055053 -0.75693985  2.60922261  0.23720124 -0.34842075]\n [-0.38519967 -0.58333539 -0.08252371  0.23720124  3.76100443 -0.97996194]\n [ 0.20902915  1.30398502  1.13833729 -0.34842075 -0.97996194  3.29420044]]", "nfev": "147", "njev": "21", "status": "0", "success": "True", "message": "Optimization terminated successfully.", "x": "[2.39907274 3.27454934 5.08749502 4.87178424 0.51241291 2.99295796]", "nit": "20", "callback": [0.18755552503553607, 0.18056526190058653]}, "18": {"maxiter": 1000, "gtol": 1e-05, "xrtol": 1e-10, "eps": 1e-05, "duration": 0.04389190673828125, "fun": "0.18056526191506705", "jac": "[ 5.95301586e-08  1.04475317e-06  4.59210447e-07  4.36195524e-07\n -2.74491541e-07 -1.08469900e-06]", "hess_inv": "[[ 2.52748119  0.13594886  0.22166171 -0.18559374 -0.37912947  0.25358334]\n [ 0.13594886  6.98409012  5.06318385 -0.70980847 -0.58818557  1.32092764]\n [ 0.22166171  5.06318385  6.70387321 -0.7506018  -0.11999332  1.1523845 ]\n [-0.18559374 -0.70980847 -0.7506018   2.63707848  0.2316264  -0.34325306]\n [-0.37912947 -0.58818557 -0.11999332  0.2316264   3.75045868 -0.99248004]\n [ 0.25358334  1.32092764  1.1523845  -0.34325306 -0.99248004  3.35913476]]", "nfev": "147", "njev": "21", "status": "0", "success": "True", "message": "Optimization terminated successfully.", "x": "[2.39907299 3.27452734 5.08747082 4.87178257 0.51240838 2.99295419]", "nit": "20", "callback": [0.1875563865296873, 0.18056526191506705]}, "19": {"maxiter": 1000, "gtol": 1e-05, "xrtol": 1e-