{"date": "2024/09/24/, 02:31:17", "conf_id": 210, "data_type": "non_lin_ind\n", "num_data_points": 3, "s_rank": 0, "unitary": "[[-0.45070455-0.02711853j,0.78437395-0.06613086j,0.06358678+0.19963393j,-0.07343613+0.35668523j],[-0.01890143-0.03813363j,0.32408202+0.25557629j,0.05872864-0.68979805j,0.55466693-0.20227297j],[-0.11215405+0.64023111j,-0.13344055+0.29565494j,-0.49012687-0.19046288j,-0.04241254+0.44046348j],[0.55771659+0.24656916j,0.31851997-0.05798805j,0.28761525-0.34294258j,-0.56718418+0.03616933j]]", "databatch_0": {"databatch": "[[[-0.03194209-0.15419239j,0.17745447+0.56221647j,-0.1878665+0.14308807j,0.27641662-0.32214698j],[0.21579224+0.18496622j,-0.13807637+0.16169793j,-0.03838707-0.00905008j,-0.00559665-0.13426521j],[0.0941976+0.06728323j,-0.15769368+0.05541175j,-0.07980107+0.05201024j,0.2639325-0.13967415j],[0.08300813+0.21944179j,0.01830934+0.11862952j,-0.08879786-0.08393015j,-0.00363445+0.14863986j]],[[0.21632906+0.09144902j,0.22931113-0.13548505j,0.04796543+0.10980227j,0.03604338+0.14360728j],[-0.20220253-0.28833301j,-0.32851697-0.13030281j,0.14336419-0.17026228j,0.1010384-0.15270441j],[-0.02460647-0.26007034j,-0.21794927-0.0379776j,0.00765487-0.03368765j,0.06514858-0.12473397j],[0.15576598-0.14042744j,-0.11635981-0.4311465j,0.21790891-0.14399958j,0.23379432+0.03396033j]],[[-0.16145972+0.21667684j,-0.07971734-0.03923543j,0.29024099+0.12074753j,-0.20429133-0.01506828j],[-0.20388409+0.22085343j,0.20843914-0.06673358j,-0.06498226-0.03335905j,0.41126705-0.04030997j],[-0.19334791-0.21153567j,-0.00355826+0.15621533j,0.05848839+0.02700461j,-0.04799401+0.25086326j],[0.15913417+0.29003911j,0.02464866-0.22571132j,-0.05652511+0.02292228j,0.14898787-0.31797737j]]]", "initial param values": "[3.81781347,0.59345689,4.3026321,0.12905383,4.27018488,0.10696887]", "nelder_mead": {"type": "gradient-free", "0": {"maxiter": 100, "fatol": 1e-05, "xatol": 1e-05, "duration": 0.03861093521118164, "fun": "0.45878637031067904", "nit": "100", "nfev": "160", "status": "2", "success": "False", "message": "Maximum number of iterations has been exceeded.", "x": "[ 1.48630322  1.6876849   6.4438334   0.90502814  4.03667811 -0.30722602]", "final_simplex": "(array([[ 1.48630322,  1.6876849 ,  6.4438334 ,  0.90502814,  4.03667811,\n        -0.30722602],\n       [ 1.41486889,  1.70557502,  6.48606445,  0.89092377,  3.93425743,\n        -0.30382614],\n       [ 1.54616902,  1.64312563,  6.38811505,  0.84298659,  3.90587916,\n        -0.2786392 ],\n       [ 1.46442253,  1.63929739,  6.41213753,  0.85284021,  4.00923204,\n        -0.28200505],\n       [ 1.50827723,  1.69577273,  6.4406934 ,  0.88177431,  3.99373508,\n        -0.30078406],\n       [ 1.50668874,  1.68192238,  6.48076102,  0.86972932,  3.85896695,\n        -0.29397615],\n       [ 1.61743984,  1.72356713,  6.40842771,  0.9045566 ,  4.00825096,\n        -0.31200882]]), array([0.45878637, 0.46010026, 0.46051717, 0.46084936, 0.4614336 ,\n       0.4616276 , 0.46231777]))", "callback": [0.6777092919232129, 0.6655134597895587, 0.6647156927291888, 0.6627395489014385, 0.6599825510647281, 0.6443483090078674, 0.5462190880091424, 0.47683229639391145, 0.4616275963282356]}, "1": {"maxiter": 100, "fatol": 1e-05, "xatol": 1e-10, "duration": 0.036441802978515625, "fun": "0.45878637031067904", "nit": "100", "nfev": "160", "status": "2", "success": "False", "message": "Maximum number of iterations has been exceeded.", "x": "[ 1.48630322  1.6876849   6.4438334   0.90502814  4.03667811 -0.30722602]", "final_simplex": "(array([[ 1.48630322,  1.6876849 ,  6.4438334 ,  0.90502814,  4.03667811,\n        -0.30722602],\n       [ 1.41486889,  1.70557502,  6.48606445,  0.89092377,  3.93425743,\n        -0.30382614],\n       [ 1.54616902,  1.64312563,  6.38811505,  0.84298659,  3.90587916,\n        -0.2786392 ],\n       [ 1.46442253,  1.63929739,  6.41213753,  0.85284021,  4.00923204,\n        -0.28200505],\n       [ 1.50827723,  1.69577273,  6.4406934 ,  0.88177431,  3.99373508,\n        -0.30078406],\n       [ 1.50668874,  1.68192238,  6.48076102,  0.86972932,  3.85896695,\n        -0.29397615],\n       [ 1.61743984,  1.72356713,  6.40842771,  0.9045566 ,  4.00825096,\n        -0.31200882]]), array([0.45878637, 0.46010026, 0.46051717, 0.46084936, 0.4614336 ,\n       0.4616276 , 0.46231777]))", "callback": [0.6777092919232129, 0.6655134597895587, 0.6647156927291888, 0.6627395489014385, 0.6599825510647281, 0.6443483090078674, 0.5462190880091424, 0.47683229639391145, 0.4616275963282356]}, "2": {"maxiter": 100, "fatol": 1e-10, "xatol": 1e-05, "duration": 0.03514719009399414, "fun": "0.45878637031067904", "nit": "100", "nfev": "160", "status": "2", "success": "False", "message": "Maximum number of iterations has been exceeded.", "x": "[ 1.48630322  1.6876849   6.4438334   0.90502814  4.03667811 -0.30722602]", "final_simplex": "(array([[ 1.48630322,  1.6876849 ,  6.4438334 ,  0.90502814,  4.03667811,\n        -0.30722602],\n       [ 1.41486889,  1.70557502,  6.48606445,  0.89092377,  3.93425743,\n        -0.30382614],\n       [ 1.54616902,  1.64312563,  6.38811505,  0.84298659,  3.90587916,\n        -0.2786392 ],\n       [ 1.46442253,  1.63929739,  6.41213753,  0.85284021,  4.00923204,\n        -0.28200505],\n       [ 1.50827723,  1.69577273,  6.4406934 ,  0.88177431,  3.99373508,\n        -0.30078406],\n       [ 1.50668874,  1.68192238,  6.48076102,  0.86972932,  3.85896695,\n        -0.29397615],\n       [ 1.61743984,  1.72356713,  6.40842771,  0.9045566 ,  4.00825096,\n        -0.31200882]]), array([0.45878637, 0.46010026, 0.46051717, 0.46084936, 0.4614336 ,\n       0.4616276 , 0.46231777]))", "callback": [0.6777092919232129, 0.6655134597895587, 0.6647156927291888, 0.6627395489014385, 0.6599825510647281, 0.6443483090078674, 0.5462190880091424, 0.47683229639391145, 0.4616275963282356]}, "3": {"maxiter": 100, "fatol": 1e-10, "xatol": 1e-10, "duration": 0.03633594512939453, "fun": "0.45878637031067904", "nit": "100", "nfev": "160", "status": "2", "success": "False", "message": "Maximum number of iterations has been exceeded.", "x": "[ 1.48630322  1.6876849   6.4438334   0.90502814  4.03667811 -0.30722602]", "final_simplex": "(array([[ 1.48630322,  1.6876849 ,  6.4438334 ,  0.90502814,  4.03667811,\n        -0.30722602],\n       [ 1.41486889,  1.70557502,  6.48606445,  0.89092377,  3.93425743,\n        -0.30382614],\n       [ 1.54616902,  1.64312563,  6.38811505,  0.84298659,  3.90587916,\n        -0.2786392 ],\n       [ 1.46442253,  1.63929739,  6.41213753,  0.85284021,  4.00923204,\n        -0.28200505],\n       [ 1.50827723,  1.69577273,  6.4406934 ,  0.88177431,  3.99373508,\n        -0.30078406],\n       [ 1.50668874,  1.68192238,  6.48076102,  0.86972932,  3.85896695,\n        -0.29397615],\n       [ 1.61743984,  1.72356713,  6.40842771,  0.9045566 ,  4.00825096,\n        -0.31200882]]), array([0.45878637, 0.46010026, 0.46051717, 0.46084936, 0.4614336 ,\n       0.4616276 , 0.46231777]))", "callback": [0.6777092919232129, 0.6655134597895587, 0.6647156927291888, 0.6627395489014385, 0.6599825510647281, 0.6443483090078674, 0.5462190880091424, 0.47683229639391145, 0.4616275963282356]}, "4": {"maxiter": 500, "fatol": 1e-05, "xatol": 1e-05, "duration": 0.17051482200622559, "fun": "0.31207766819867544", "nit": "500", "nfev": "760", "status": "2", "success": "False", "message": "Maximum number of iterations has been exceeded.", "x": "[ 1.13975652  1.06773622  6.44878176  1.74660485  4.17631702 -0.82737501]", "final_simplex": "(array([[ 1.13975652,  1.06773622,  6.44878176,  1.74660485,  4.17631702,\n        -0.82737501],\n       [ 1.14233533,  1.06505612,  6.44957697,  1.75012053,  4.1758356 ,\n        -0.83119969],\n       [ 1.14090315,  1.06563802,  6.44944012,  1.75020075,  4.17762414,\n        -0.82760047],\n       [ 1.14161865,  1.06750817,  6.45056709,  1.74884014,  4.17871097,\n        -0.83074328],\n       [ 1.1412465 ,  1.0700421 ,  6.44866863,  1.75065976,  4.17722015,\n        -0.82917022],\n       [ 1.143892  ,  1.06716801,  6.44814604,  1.74924029,  4.17999368,\n        -0.82960042],\n       [ 1.13893295,  1.06763749,  6.44499509,  1.7469996 ,  4.17908222,\n        -0.83067921]]), array([0.31207767, 0.31207899, 0.31207997, 0.3120801 , 0.31208054,\n       0.31208108, 0.31208246]))", "callback": [0.6777092919232129, 0.6655134597895587, 0.6647156927291888, 0.6627395489014385, 0.6599825510647281, 0.6443483090078674, 0.5462190880091424, 0.47683229639391145, 0.4616275963282356, 0.45878637031067904, 0.4463594868798789, 0.3924565022888694, 0.387659768135314, 0.37589877554905493, 0.36248341669117423, 0.35853548226177867, 0.3508878730166042, 0.3333593785434795, 0.3280199724438758, 0.32760952381499886, 0.3272641003928749, 0.3272182199505891, 0.3272110111330505, 0.32720912226298593, 0.3272080720178766, 0.32720666214575056, 0.3272027464767707, 0.32719091313977255, 0.32716324629984983, 0.32706454167635235, 0.3268577415797411, 0.3265385756076423, 0.32637230764608216, 0.3262407086411274, 0.3261185817886395, 0.3258070733348032, 0.3249070437082566, 0.3237531817203324, 0.3218589531147745, 0.31492671560676533, 0.31381062608431476, 0.31310622590177406, 0.31253179881878246, 0.31232835912352674, 0.31219925441757124, 0.3121623913800712, 0.3121264869141781, 0.3120999226120219, 0.3120842428997027]}, "5": {"maxiter": 500, "fatol": 1e-05, "xatol": 1e-10, "duration": 0.16904115676879883, "fun": "0.31207766819867544", "nit": "500", "nfev": "760", "status": "2", "success": "False", "message": "Maximum number of iterations has been exceeded.", "x": "[ 1.13975652  1.06773622  6.44878176  1.74660485  4.17631702 -0.82737501]", "final_simplex": "(array([[ 1.13975652,  1.06773622,  6.44878176,  1.74660485,  4.17631702,\n        -0.82737501],\n       [ 1.14233533,  1.06505612,  6.44957697,  1.75012053,  4.1758356 ,\n        -0.83119969],\n       [ 1.14090315,  1.06563802,  6.44944012,  1.75020075,  4.17762414,\n        -0.82760047],\n       [ 1.14161865,  1.06750817,  6.45056709,  1.74884014,  4.17871097,\n        -0.83074328],\n       [ 1.1412465 ,  1.0700421 ,  6.44866863,  1.75065976,  4.17722015,\n        -0.82917022],\n       [ 1.143892  ,  1.06716801,  6.44814604,  1.74924029,  4.17999368,\n        -0.82960042],\n       [ 1.13893295,  1.06763749,  6.44499509,  1.7469996 ,  4.17908222,\n        -0.83067921]]), array([0.31207767, 0.31207899, 0.31207997, 0.3120801 , 0.31208054,\n       0.31208108, 0.31208246]))", "callback": [0.6777092919232129, 0.6655134597895587, 0.6647156927291888, 0.6627395489014385, 0.6599825510647281, 0.6443483090078674, 0.5462190880091424, 0.47683229639391145, 0.4616275963282356, 0.45878637031067904, 0.4463594868798789, 0.3924565022888694, 0.387659768135314, 0.37589877554905493, 0.36248341669117423, 0.35853548226177867, 0.3508878730166042, 0.3333593785434795, 0.3280199724438758, 0.32760952381499886, 0.3272641003928749, 0.3272182199505891, 0.3272110111330505, 0.32720912226298593, 0.3272080720178766, 0.32720666214575056, 0.3272027464767707, 0.32719091313977255, 0.32716324629984983, 0.32706454167635235, 0.3268577415797411, 0.3265385756076423, 0.32637230764608216, 0.3262407086411274, 0.3261185817886395, 0.3258070733348032, 0.3249070437082566, 0.3237531817203324, 0.3218589531147745, 0.31492671560676533, 0.31381062608431476, 0.31310622590177406, 0.31253179881878246, 0.31232835912352674, 0.31219925441757124, 0.3121623913800712, 0.3121264869141781, 0.3120999226120219, 0.3120842428997027]}, "6": {"maxiter": 500, "fatol": 1e-10, "xatol": 1e-05, "duration": 0.17574286460876465, "fun": "0.31207766819867544", "nit": "500", "nfev": "760", "status": "2", "success": "False", "message": "Maximum number of iterations has been exceeded.", "x": "[ 1.13975652  1.06773622  6.44878176  1.74660485  4.17631702 -0.82737501]", "final_simplex": "(array([[ 1.13975652,  1.06773622,  6.44878176,  1.74660485,  4.17631702,\n        -0.82737501],\n       [ 1.14233533,  1.06505612,  6.44957697,  1.75012053,  4.1758356 ,\n        -0.83119969],\n       [ 1.14090315,  1.06563802,  6.44944012,  1.75020075,  4.17762414,\n        -0.82760047],\n       [ 1.14161865,  1.06750817,  6.45056709,  1.74884014,  4.17871097,\n        -0.83074328],\n       [ 1.1412465 ,  1.0700421 ,  6.44866863,  1.75065976,  4.17722015,\n        -0.82917022],\n       [ 1.143892  ,  1.06716801,  6.44814604,  1.74924029,  4.17999368,\n        -0.82960042],\n       [ 1.13893295,  1.06763749,  6.44499509,  1.7469996 ,  4.17908222,\n        -0.83067921]]), array([0.31207767, 0.31207899, 0.31207997, 0.3120801 , 0.31208054,\n       0.31208108, 0.31208246]))", "callback": [0.6777092919232129, 0.6655134597895587, 0.6647156927291888, 0.6627395489014385, 0.6599825510647281, 0.6443483090078674, 0.5462190880091424, 0.47683229639391145, 0.4616275963282356, 0.45878637031067904, 0.4463594868798789, 0.3924565022888694, 0.387659768135314, 0.37589877554905493, 0.36248341669117423, 0.35853548226177867, 0.3508878730166042, 0.3333593785434795, 0.3280199724438758, 0.32760952381499886, 0.3272641003928749, 0.3272182199505891, 0.3272110111330505, 0.32720912226298593, 0.3272080720178766, 0.32720666214575056, 0.3272027464767707, 0.32719091313977255, 0.32716324629984983, 0.32706454167635235, 0.3268577415797411, 0.3265385756076423, 0.32637230764608216, 0.3262407086411274, 0.3261185817886395, 0.3258070733348032, 0.3249070437082566, 0.3237531817203324, 0.3218589531147745, 0.31492671560676533, 0.31381062608431476, 0.31310622590177406, 0.31253179881878246, 0.31232835912352674, 0.31219925441757124, 0.3121623913800712, 0.3121264869141781, 0.3120999226120219, 0.3120842428997027]}, "7": {"maxiter": 500, "fatol": 1e-10, "xatol": 1e-10, "duration": 0.1873149871826172, "fun": "0.31207766819867544", "nit": "500", "nfev": "760", "status": "2", "success": "False", "message": "Maximum number of iterations has been exceeded.", "x": "[ 1.13975652  1.06773622  6.44878176  1.74660485  4.17631702 -0.82737501]", "final_simplex": "(array([[ 1.13975652,  1.06773622,  6.44878176,  1.74660485,  4.17631702,\n        -0.82737501],\n       [ 1.14233533,  1.06505612,  6.44957697,  1.75012053,  4.1758356 ,\n        -0.83119969],\n       [ 1.14090315,  1.06563802,  6.44944012,  1.75020075,  4.17762414,\n        -0.82760047],\n       [ 1.14161865,  1.06750817,  6.45056709,  1.74884014,  4.17871097,\n        -0.83074328],\n       [ 1.1412465 ,  1.0700421 ,  6.44866863,  1.75065976,  4.17722015,\n        -0.82917022],\n       [ 1.143892  ,  1.06716801,  6.44814604,  1.74924029,  4.17999368,\n        -0.82960042],\n       [ 1.13893295,  1.06763749,  6.44499509,  1.7469996 ,  4.17908222,\n        -0.83067921]]), array([0.31207767, 0.31207899, 0.31207997, 0.3120801 , 0.31208054,\n       0.31208108, 0.31208246]))", "callback": [0.6777092919232129, 0.6655134597895587, 0.6647156927291888, 0.6627395489014385, 0.6599825510647281, 0.6443483090078674, 0.5462190880091424, 0.47683229639391145, 0.4616275963282356, 0.45878637031067904, 0.4463594868798789, 0.3924565022888694, 0.387659768135314, 0.37589877554905493, 0.36248341669117423, 0.35853548226177867, 0.3508878730166042, 0.3333593785434795, 0.3280199724438758, 0.32760952381499886, 0.3272641003928749, 0.3272182199505891, 0.3272110111330505, 0.32720912226298593, 0.3272080720178766, 0.32720666214575056, 0.3272027464767707, 0.32719091313977255, 0.32716324629984983, 0.32706454167635235, 0.3268577415797411, 0.3265385756076423, 0.32637230764608216, 0.3262407086411274, 0.3261185817886395, 0.3258070733348032, 0.3249070437082566, 0.3237531817203324, 0.3218589531147745, 0.31492671560676533, 0.31381062608431476, 0.31310622590177406, 0.31253179881878246, 0.31232835912352674, 0.31219925441757124, 0.3121623913800712, 0.3121264869141781, 0.3120999226120219, 0.3120842428997027]}, "8": {"maxiter": 1000, "fatol": 1e-05, "xatol": 1e-05, "duration": 0.2096560001373291, "fun": "0.3120754081338504", "nit": "595", "nfev": "919", "status": "0", "success": "True", "message": "Optimization terminated successfully.", "x": "[ 1.14186162  1.06894055  6.44896291  1.74644532  4.17396272 -0.82996381]", "final_simplex": "(array([[ 1.14186162,  1.06894055,  6.44896291,  1.74644532,  4.17396272,\n        -0.82996381],\n       [ 1.14185853,  1.06894163,  6.44896064,  1.74643568,  4.17396454,\n        -0.82996207],\n       [ 1.1418626 ,  1.06893759,  6.4489686 ,  1.74643942,  4.17395997,\n        -0.82996067],\n       [ 1.14185841,  1.06893809,  6.44896469,  1.74643717,  4.17395978,\n        -0.82996638],\n       [ 1.14186506,  1.06894867,  6.44896001,  1.74643907,  4.17396108,\n        -0.82996374],\n       [ 1.14185748,  1.06894165,  6.44896488,  1.74644299,  4.17395993,\n        -0.82996271],\n       [ 1.14185796,  1.06893456,  6.44896437,  1.74643874,  4.17395908,\n        -0.82995874]]), array([0.31207541, 0.31207541, 0.31207541, 0.31207541, 0.31207541,\n       0.31207541, 0.31207541]))", "callback": [0.6777092919232129, 0.6655134597895587, 0.6647156927291888, 0.6627395489014385, 0.6599825510647281, 0.6443483090078674, 0.5462190880091424, 0.47683229639391145, 0.4616275963282356, 0.45878637031067904, 0.4463594868798789, 0.3924565022888694, 0.387659768135314, 0.37589877554905493, 0.36248341669117423, 0.35853548226177867, 0.3508878730166042, 0.3333593785434795, 0.3280199724438758, 0.32760952381499886, 0.3272641003928749, 0.3272182199505891, 0.3272110111330505, 0.32720912226298593, 0.3272080720178766, 0.32720666214575056, 0.3272027464767707, 0.32719091313977255, 0.32716324629984983, 0.32706454167635235, 0.3268577415797411, 0.3265385756076423, 0.32637230764608216, 0.3262407086411274, 0.3261185817886395, 0.3258070733348032, 0.3249070437082566, 0.3237531817203324, 0.3218589531147745, 0.31492671560676533, 0.31381062608431476, 0.31310622590177406, 0.31253179881878246, 0.31232835912352674, 0.31219925441757124, 0.3121623913800712, 0.3121264869141781, 0.3120999226120219, 0.3120842428997027, 0.31207766819867544, 0.3120756687902063, 0.3120756687902063, 0.31207550553556074, 0.31207542242797437, 0.3120754117185157, 0.31207540886243956, 0.31207540827223335, 0.3120754081514665, 0.31207540813787504]}, "9": {"maxiter": 1000, "fatol": 1e-05, "xatol": 1e-10, "duration": 0.3183469772338867, "fun": "0.3120754081253043", "nit": "713", "nfev": "1167", "status": "0", "success": "True", "message": "Optimization terminated successfully.", "x": "[ 1.14186626  1.0689407   6.44896045  1.74644     4.17396569 -0.8299642 ]", "final_simplex": "(array([[ 1.14186626,  1.0689407 ,  6.44896045,  1.74644   ,  4.17396569,\n        -0.8299642 ],\n       [ 1.14186626,  1.0689407 ,  6.44896045,  1.74644   ,  4.17396569,\n        -0.8299642 ],\n       [ 1.14186626,  1.0689407 ,  6.44896045,  1.74644   ,  4.17396569,\n        -0.8299642 ],\n       [ 1.14186626,  1.0689407 ,  6.44896045,  1.74644   ,  4.17396569,\n        -0.8299642 ],\n       [ 1.14186626,  1.0689407 ,  6.44896045,  1.74644   ,  4.17396569,\n        -0.8299642 ],\n       [ 1.14186626,  1.0689407 ,  6.44896045,  1.74644   ,  4.17396569,\n        -0.8299642 ],\n       [ 1.14186626,  1.0689407 ,  6.44896045,  1.74644   ,  4.17396569,\n        -0.8299642 ]]), array([0.31207541, 0.31207541, 0.31207541, 0.31207541, 0.31207541,\n       0.31207541, 0.31207541]))", "callback": [0.6777092919232129, 0.6655134597895587, 0.6647156927291888, 0.6627395489014385, 0.6599825510647281, 0.6443483090078674, 0.5462190880091424, 0.47683229639391145, 0.4616275963282356, 0.45878637031067904, 0.4463594868798789, 0.3924565022888694, 0.387659768135314, 0.37589877554905493, 0.36248341669117423, 0.35853548226177867, 0.3508878730166042, 0.3333593785434795, 0.3280199724438758, 0.32760952381499886, 0.3272641003928749, 0.3272182199505891, 0.3272110111330505, 0.32720912226298593, 0.3272080720178766, 0.32720666214575056, 0.3272027464767707, 0.32719091313977255, 0.32716324629984983, 0.32706454167635235, 0.3268577415797411, 0.3265385756076423, 0.32637230764608216, 0.3262407086411274, 0.3261185817886395, 0.3258070733348032, 0.3249070437082566, 0.3237531817203324, 0.3218589531147745, 0.31492671560676533, 0.31381062608431476, 0.31310622590177406, 0.31253179881878246, 0.31232835912352674, 0.31219925441757124, 0.3121623913800712, 0.3121264869141781, 0.3120999226120219, 0.3120842428997027, 0.31207766819867544, 0.3120756687902063, 0.3120756687902063, 0.31207550553556074, 0.31207542242797437, 0.3120754117185157, 0.31207540886243956, 0.31207540827223335, 0.3120754081514665, 0.31207540813787504, 0.3120754081281315, 0.3120754081260939, 0.3120754081257934, 0.31207540812542556, 0.3120754081253385, 0.31207540812531676, 0.3120754081253071, 0.3120754081253052, 0.31207540812530465, 0.31207540812530443, 0.31207540812530443, 0.3120754081253043]}, "10": {"maxiter": 1000, "fatol": 1e-10, "xatol": 1e-05, "duration": 0.21628975868225098, "fun": "0.3120754081338504", "nit": "595", "nfev": "919", "status": "0", "success": "True", "message": "Optimization terminated successfully.", "x": "[ 1.14186162  1.06894055  6.44896291  1.74644532  4.17396272 -0.82996381]", "final_simplex": "(array([[ 1.14186162,  1.06894055,  6.44896291,  1.74644532,  4.17396272,\n        -0.82996381],\n       [ 1.14185853,  1.06894163,  6.44896064,  1.74643568,  4.17396454,\n        -0.82996207],\n       [ 1.1418626 ,  1.06893759,  6.4489686 ,  1.74643942,  4.17395997,\n        -0.82996067],\n       [ 1.14185841,  1.06893809,  6.44896469,  1.74643717,  4.17395978,\n        -0.82996638],\n       [ 1.14186506,  1.06894867,  6.44896001,  1.74643907,  4.17396108,\n        -0.82996374],\n       [ 1.14185748,  1.06894165,  6.44896488,  1.74644299,  4.17395993,\n        -0.82996271],\n       [ 1.14185796,  1.06893456,  6.44896437,  1.74643874,  4.17395908,\n        -0.82995874]]), array([0.31207541, 0.31207541, 0.31207541, 0.31207541, 0.31207541,\n       0.31207541, 0.31207541]))", "callback": [0.6777092919232129, 0.6655134597895587, 0.6647156927291888, 0.6627395489014385, 0.6599825510647281, 0.6443483090078674, 0.5462190880091424, 0.47683229639391145, 0.4616275963282356, 0.45878637031067904, 0.4463594868798789, 0.3924565022888694, 0.387659768135314, 0.37589877554905493, 0.36248341669117423, 0.35853548226177867, 0.3508878730166042, 0.3333593785434795, 0.3280199724438758, 0.32760952381499886, 0.3272641003928749, 0.3272182199505891, 0.3272110111330505, 0.32720912226298593, 0.3272080720178766, 0.32720666214575056, 0.3272027464767707, 0.32719091313977255, 0.32716324629984983, 0.32706454167635235, 0.3268577415797411, 0.3265385756076423, 0.32637230764608216, 0.3262407086411274, 0.3261185817886395, 0.3258070733348032, 0.3249070437082566, 0.3237531817203324, 0.3218589531147745, 0.31492671560676533, 0.31381062608431476, 0.31310622590177406, 0.31253179881878246, 0.31232835912352674, 0.31219925441757124, 0.3121623913800712, 0.3121264869141781, 0.3120999226120219, 0.3120842428997027, 0.31207766819867544, 0.3120756687902063, 0.3120756687902063, 0.31207550553556074, 0.31207542242797437, 0.3120754117185157, 0.31207540886243956, 0.31207540827223335, 0.3120754081514665, 0.31207540813787504]}, "11": {"maxiter": 1000, "fatol": 1e-10, "xatol": 1e-10, "duration": 0.2662050724029541, "fun": "0.3120754081253043", "nit": "713", "nfev": "1167", "status": "0", "success": "True", "message": "Optimization terminated successfully.", "x": "[ 1.14186626  1.0689407   6.44896045  1.74644     4.17396569 -0.8299642 ]", "final_simplex": "(array([[ 1.14186626,  1.0689407 ,  6.44896045,  1.74644   ,  4.17396569,\n        -0.8299642 ],\n       [ 1.14186626,  1.0689407 ,  6.44896045,  1.74644   ,  4.17396569,\n        -0.8299642 ],\n       [ 1.14186626,  1.0689407 ,  6.44896045,  1.74644   ,  4.17396569,\n        -0.8299642 ],\n       [ 1.14186626,  1.0689407 ,  6.44896045,  1.74644   ,  4.17396569,\n        -0.8299642 ],\n       [ 1.14186626,  1.0689407 ,  6.44896045,  1.74644   ,  4.17396569,\n        -0.8299642 ],\n       [ 1.14186626,  1.0689407 ,  6.44896045,  1.74644   ,  4.17396569,\n        -0.8299642 ],\n       [ 1.14186626,  1.0689407 ,  6.44896045,  1.74644   ,  4.17396569,\n        -0.8299642 ]]), array([0.31207541, 0.31207541, 0.31207541, 0.31207541, 0.31207541,\n       0.31207541, 0.31207541]))", "callback": [0.6777092919232129, 0.6655134597895587, 0.6647156927291888, 0.6627395489014385, 0.6599825510647281, 0.6443483090078674, 0.5462190880091424, 0.47683229639391145, 0.4616275963282356, 0.45878637031067904, 0.4463594868798789, 0.3924565022888694, 0.387659768135314, 0.37589877554905493, 0.36248341669117423, 0.35853548226177867, 0.3508878730166042, 0.3333593785434795, 0.3280199724438758, 0.32760952381499886, 0.3272641003928749, 0.3272182199505891, 0.3272110111330505, 0.32720912226298593, 0.3272080720178766, 0.32720666214575056, 0.3272027464767707, 0.32719091313977255, 0.32716324629984983, 0.32706454167635235, 0.3268577415797411, 0.3265385756076423, 0.32637230764608216, 0.3262407086411274, 0.3261185817886395, 0.3258070733348032, 0.3249070437082566, 0.3237531817203324, 0.3218589531147745, 0.31492671560676533, 0.31381062608431476, 0.31310622590177406, 0.31253179881878246, 0.31232835912352674, 0.31219925441757124, 0.3121623913800712, 0.3121264869141781, 0.3120999226120219, 0.3120842428997027, 0.31207766819867544, 0.3120756687902063, 0.3120756687902063, 0.31207550553556074, 0.31207542242797437, 0.3120754117185157, 0.31207540886243956, 0.31207540827223335, 0.3120754081514665, 0.31207540813787504, 0.3120754081281315, 0.3120754081260939, 0.3120754081257934, 0.31207540812542556, 0.3120754081253385, 0.31207540812531676, 0.3120754081253071, 0.3120754081253052, 0.31207540812530465, 0.31207540812530443, 0.31207540812530443, 0.3120754081253043]}}, "bfgs": {"type": "gradient", "0": {"maxiter": 100, "gtol": 1e-05, "xrtol": 1e-05, "eps": 1e-05, "duration": 0.060186147689819336, "fun": "0.3120754081776008", "jac": "[ 2.90557578e-06  2.73228107e-06  4.20405932e-06 -2.60169664e-06\n  1.52198254e-06  1.73415726e-06]", "hess_inv": "[[ 4.21841031 -0.48291257 -0.10099608 -0.09926982 -0.91228441 -0.02477812]\n [-0.48291257  4.59899628 -2.09128713 -1.53967973  0.30839201 -0.92944242]\n [-0.10099608 -2.09128713  4.60638412  1.27799595 -1.208252   -0.51156872]\n [-0.09926982 -1.53967973  1.27799595  3.71414745  0.22469    -0.05969449]\n [-0.91228441  0.30839201 -1.208252    0.22469     4.31234099  0.15100396]\n [-0.02477812 -0.92944242 -0.51156872 -0.05969449  0.15100396  3.7150255 ]]", "nfev": "259", "njev": "37", "status": "0", "success": "True", "message": "Optimization terminated successfully.", "x": "[ 5.14132761 -2.07264573  3.30737435  1.74642411  4.17396085 -0.82996543]", "nit": "28", "callback": [0.6367336897413207, 0.3122616686021161]}, "1": {"maxiter": 100, "gtol": 1e-05, "xrtol": 1e-05, "eps": 1e-10, "duration": 0.06061410903930664, "fun": "0.31207540820976176", "jac": "[ 3.33066880e-06  2.22044587e-06  4.44089173e-06 -2.22044587e-06\n  2.22044587e-06 -1.11022293e-06]", "hess_inv": "[[ 4.29340919 -0.46520177 -0.06109575 -0.05678834 -0.92572282 -0.06244612]\n [-0.46520177  4.54033244 -2.05080873 -1.53352602  0.32069135 -0.92051823]\n [-0.06109575 -2.05080873  4.61441948  1.28635045 -1.23111475 -0.53690211]\n [-0.05678834 -1.53352602  1.28635045  3.78358089  0.22869334 -0.09669994]\n [-0.92572282  0.32069135 -1.23111475  0.22869334  4.30406822  0.14848357]\n [-0.06244612 -0.92051823 -0.53690211 -0.09669994  0.14848357  3.72026089]]", "nfev": "259", "njev": "37", "status": "0", "success": "True", "message": "Optimization terminated successfully.", "x": "[ 5.14133847 -2.07265209  3.30738458  1.74643362  4.17395927 -0.82996824]", "nit": "28", "callback": [0.6367345241891429, 0.3122615933800136]}, "2": {"maxiter": 100, "gtol": 1e-05, "xrtol": 1e-10, "eps": 1e-05, "duration": 0.06011700630187988, "fun": "0.3120754081776008", "jac": "[ 2.90557578e-06  2.73228107e-06  4.20405932e-06 -2.60169664e-06\n  1.52198254e-06  1.73415726e-06]", "hess_inv": "[[ 4.21841031 -0.48291257 -0.10099608 -0.09926982 -0.91228441 -0.02477812]\n [-0.48291257  4.59899628 -2.09128713 -1.53967973  0.30839201 -0.92944242]\n [-0.10099608 -2.09128713  4.60638412  1.27799595 -1.208252   -0.51156872]\n [-0.09926982 -1.53967973  1.27799595  3.71414745  0.22469    -0.05969449]\n [-0.91228441  0.30839201 -1.208252    0.22469     4.31234099  0.15100396]\n [-0.02477812 -0.92944242 -0.51156872 -0.05969449  0.15100396  3.7150255 ]]", "nfev": "259", "njev": "37", "status": "0", "success": "True", "message": "Optimization terminated successfully.", "x": "[ 5.14132761 -2.07264573  3.30737435  1.74642411  4.17396085 -0.82996543]", "nit": "28", "callback": [0.6367336897413207, 0.3122616686021161]}, "3": {"maxiter": 100, "gtol": 1e-05, "xrtol": 1e-10, "eps": 1e-10, "duration": 0.05885887145996094, "fun": "0.31207540820976176", "jac": "[ 3.33066880e-06  2.22044587e-06  4.44089173e-06 -2.22044587e-06\n  2.22044587e-06 -1.11022293e-06]", "hess_inv": "[[ 4.29340919 -0.46520177 -0.06109575 -0.05678834 -0.92572282 -0.06244612]\n [-0.46520177  4.54033244 -2.05080873 -1.53352602  0.32069135 -0.92051823]\n [-0.06109575 -2.05080873  4.61441948  1.28635045 -1.23111475 -0.53690211]\n [-0.05678834 -1.53352602  1.28635045  3.78358089  0.22869334 -0.09669994]\n [-0.92572282  0.32069135 -1.23111475  0.22869334  4.30406822  0.14848357]\n [-0.06244612 -0.92051823 -0.53690211 -0.09669994  0.14848357  3.72026089]]", "nfev": "259", "njev": "37", "status": "0", "success": "True", "message": "Optimization terminated successfully.", "x": "[ 5.14133847 -2.07265209  3.30738458  1.74643362  4.17395927 -0.82996824]", "nit": "28", "callback": [0.6367345241891429, 0.3122615933800136]}, "4": {"maxiter": 100, "gtol": 1e-10, "xrtol": 1e-05, "eps": 1e-05, "duration": 0.06102299690246582, "fun": "0.3120754081370851", "jac": "[3.10629300e-07 3.78952425e-07 2.29327668e-07 1.37045930e-07\n 1.50435220e-08 7.37632178e-08]", "hess_inv": "[[ 4.29022823 -0.48836059  0.03108189 -0.35636412 -0.87902508  0.07144317]\n [-0.48836059  4.55998719 -2.03583465 -1.68527572  0.33885496 -0.86743163]\n [ 0.03108189 -2.03583465  4.74055039  1.07937462 -1.20186817 -0.44971978]\n [-0.35636412 -1.68527572  1.07937462  3.94307006  0.24377149 -0.11388138]\n [-0.87902508  0.33885496 -1.20186817  0.24377149  4.30014319  0.13757073]\n [ 0.07144317 -0.86743163 -0.44971978 -0.11388138  0.13757073  3.72208563]]", "nfev": "266", "njev": "38", "status": "0", "success": "True", "message": "Optimization terminated successfully.", "x": "[ 5.14131664 -2.07265161  3.30736531  1.7464353   4.17396138 -0.82996834]", "nit": "29", "callback": [0.6367336897413207, 0.3122616686021161]}, "5": {"maxiter": 100, "gtol": 1e-10, "xrtol": 1e-05, "eps": 1e-10, "duration": 0.06073403358459473, "fun": "0.312075408140732", "jac": "[ 0.00000000e+00  0.00000000e+00 -1.11022293e-06  0.00000000e+00\n -1.11022293e-06 -1.11022293e-06]", "hess_inv": "[[ 4.28552992 -0.50804699  0.03481051 -0.34626136 -0.89477949  0.04758287]\n [-0.50804699  4.50447592 -2.04433216 -1.64726313  0.33130018 -0.84075291]\n [ 0.03481051 -2.04433216  4.79270615  0.9943214  -1.1958507  -0.52135502]\n [-0.34626136 -1.64726313  0.9943214   3.96723729  0.19758499  0.10414195]\n [-0.89477949  0.33130018 -1.1958507   0.19758499  4.3086325   0.13108955]\n [ 0.04758287 -0.84075291 -0.52135502  0.10414195  0.13108955  3.54781735]]", "nfev": "266", "njev": "38", "status": "0", "success": "True", "message": "Optimization terminated successfully.", "x": "[ 5.14132644 -2.07265665  3.307372    1.7464425   4.17395785 -0.82996033]", "nit": "29", "callback": [0.6367345241891429, 0.3122615933800136]}, "6": {"maxiter": 100, "gtol": 1e-10, "xrtol": 1e-10, "eps": 1e-05, "duration": 0.10121798515319824, "fun": "0.3120754081370851", "jac": "[3.10629300e-07 3.78952425e-07 2.29327668e-07 1.37045930e-07\n 1.50435220e-08 7.37632178e-08]", "hess_inv": "[[ 4.45033429 -0.38010501  0.11607043 -0.40748995 -0.91194122  0.07113537]\n [-0.38010501  4.63001812 -1.97177609 -1.73560502  0.32013639 -0.8616326 ]\n [ 0.11607043 -1.97177609  4.77193241  1.08505937 -1.22670859 -0.46239389]\n [-0.40748995 -1.73560502  1.08505937  3.88093794  0.27189321 -0.08387895]\n [-0.91194122  0.32013639 -1.22670859  0.27189321  4.30295746  0.13092168]\n [ 0.07113537 -0.8616326  -0.46239389 -0.08387895  0.13092168  3.71068829]]", "nfev": "444", "njev": "62", "status": "2", "success": "False", "message": "Desired error not necessarily achieved due to precision loss.", "x": "[ 5.14131664 -2.07265161  3.30736531  1.7464353   4.17396138 -0.82996834]", "nit": "29", "callback": [0.6367336897413207, 0.3122616686021161]}, "7": {"maxiter": 100, "gtol": 1e-10, "xrtol": 1e-10, "eps": 1e-10, "duration": 0.1143040657043457, "fun": "0.31207540813393264", "jac": "[2.22044587e-06 2.22044587e-06 3.33066880e-06 2.22044587e-06\n 2.22044587e-06 0.00000000e+00]", "hess_inv": "[[ 10.87272905   6.72061453  -8.24712844  -5.99195214  -4.04987624\n   15.97662691]\n [  6.72061453   6.70306942  -6.54805988  -4.62971017  -2.21434321\n   12.03358326]\n [ -8.24712844  -6.54805988   8.14931322   4.21883463   1.18292359\n  -14.1968725 ]\n [ -5.99195214  -4.62971017   4.21883463   5.37332776   3.81036182\n   -9.93632779]\n [ -4.04987624  -2.21434321   1.18292359   3.81036182   4.81821023\n   -4.66482667]\n [ 15.97662691  12.03358326 -14.1968725   -9.93632779  -4.66482667\n   27.21431789]]", "nfev": "504", "njev": "72", "status": "0", "success": "True", "message": "Optimization terminated successfully.", "x": "[ 5.14131819 -2.07265878  3.3073744   1.74644633  4.17396492 -0.82996514]", "nit": "35", "callback": [0.6367345241891429, 0.3122615933800136, 0.3120754081406164]}, "8": {"maxiter": 500, "gtol": 1e-05, "xrtol": 1e-05, "eps": 1e-05, "duration": 0.06565189361572266, "fun": "0.3120754081776008", "jac": "[ 2.90557578e-06  2.73228107e-06  4.20405932e-06 -2.60169664e-06\n  1.52198254e-06  1.73415726e-06]", "hess_inv": "[[ 4.21841031 -0.48291257 -0.10099608 -0.09926982 -0.91228441 -0.02477812]\n [-0.48291257  4.59899628 -2.09128713 -1.53967973  0.30839201 -0.92944242]\n [-0.10099608 -2.09128713  4.60638412  1.27799595 -1.208252   -0.51156872]\n [-0.09926982 -1.53967973  1.27799595  3.71414745  0.22469    -0.05969449]\n [-0.91228441  0.30839201 -1.208252    0.22469     4.31234099  0.15100396]\n [-0.02477812 -0.92944242 -0.51156872 -0.05969449  0.15100396  3.7150255 ]]", "nfev": "259", "njev": "37", "status": "0", "success": "True", "message": "Optimization terminated successfully.", "x": "[ 5.14132761 -2.07264573  3.30737435  1.74642411  4.17396085 -0.82996543]", "nit": "28", "callback": [0.6367336897413207, 0.3122616686021161]}, "9": {"maxiter": 500, "gtol": 1e-05, "xrtol": 1e-05, "eps": 1e-10, "duration": 0.061083316802978516, "fun": "0.31207540820976176", "jac": "[ 3.33066880e-06  2.22044587e-06  4.44089173e-06 -2.22044587e-06\n  2.22044587e-06 -1.11022293e-06]", "hess_inv": "[[ 4.29340919 -0.46520177 -0.06109575 -0.05678834 -0.92572282 -0.06244612]\n [-0.46520177  4.54033244 -2.05080873 -1.53352602  0.32069135 -0.92051823]\n [-0.06109575 -2.05080873  4.61441948  1.28635045 -1.23111475 -0.53690211]\n [-0.05678834 -1.53352602  1.28635045  3.78358089  0.22869334 -0.09669994]\n [-0.92572282  0.32069135 -1.23111475  0.22869334  4.30406822  0.14848357]\n [-0.06244612 -0.92051823 -0.53690211 -0.09669994  0.14848357  3.72026089]]", "nfev": "259", "njev": "37", "status": "0", "success": "True", "message": "Optimization terminated successfully.", "x": "[ 5.14133847 -2.07265209  3.30738458  1.74643362  4.17395927 -0.82996824]", "nit": "28", "callback": [0.6367345241891429, 0.3122615933800136]}, "10": {"maxiter": 500, "gtol": 1e-05, "xrtol": 1e-10, "eps": 1e-05, "duration": 0.0595400333404541, "fun": "0.3120754081776008", "jac": "[ 2.90557578e-06  2.73228107e-06  4.20405932e-06 -2.60169664e-06\n  1.52198254e-06  1.73415726e-06]", "hess_inv": "[[ 4.21841031 -0.48291257 -0.10099608 -0.09926982 -0.91228441 -0.02477812]\n [-0.48291257  4.59899628 -2.09128713 -1.53967973  0.30839201 -0.92944242]\n [-0.10099608 -2.09128713  4.60638412  1.27799595 -1.208252   -0.51156872]\n [-0.09926982 -1.53967973  1.27799595  3.71414745  0.22469    -0.05969449]\n [-0.91228441  0.30839201 -1.208252    0.22469     4.31234099  0.15100396]\n [-0.02477812 -0.92944242 -0.51156872 -0.05969449  0.15100396  3.7150255 ]]", "nfev": "259", "njev": "37", "status": "0", "success": "True", "message": "Optimization terminated successfully.", "x": "[ 5.14132761 -2.07264573  3.30737435  1.74642411  4.17396085 -0.82996543]", "nit": "28", "callback": [0.6367336897413207, 0.3122616686021161]}, "11": {"maxiter": 500, "gtol": 1e-05, "xrtol": 1e-10, "eps": 1e-10, "duration": 0.059133052825927734, "fun": "0.31207540820976176", "jac": "[ 3.33066880e-06  2.22044587e-06  4.44089173e-06 -2.22044587e-06\n  2.22044587e-06 -1.11022293e-06]", "hess_inv": "[[ 4.29340919 -0.46520177 -0.06109575 -0.05678834 -0.92572282 -0.06244612]\n [-0.46520177  4.54033244 -2.05080873 -1.53352602  0.32069135 -0.92051823]\n [-0.06109575 -2.05080873  4.61441948  1.28635045 -1.23111475 -0.53690211]\n [-0.05678834 -1.53352602  1.28635045  3.78358089  0.22869334 -0.09669994]\n [-0.92572282  0.32069135 -1.23111475  0.22869334  4.30406822  0.14848357]\n [-0.06244612 -0.92051823 -0.53690211 -0.09669994  0.14848357  3.72026089]]", "nfev": "259", "njev": "37", "status": "0", "success": "True", "message": "Optimization terminated successfully.", "x": "[ 5.14133847 -2.07265209  3.30738458  1.74643362  4.17395927 -0.82996824]", "nit": "28", "callback": [0.6367345241891429, 0.3122615933800136]}, "12": {"maxiter": 500, "gtol": 1e-10, "xrtol": 1e-05, "eps": 1e-05, "duration": 0.060587167739868164, "fun": "0.3120754081370851", "jac": "[3.10629300e-07 3.78952425e-07 2.29327668e-07 1.37045930e-07\n 1.50435220e-08 7.37632178e-08]", "hess_inv": "[[ 4.29022823 -0.48836059  0.03108189 -0.35636412 -0.87902508  0.07144317]\n [-0.48836059  4.55998719 -2.03583465 -1.68527572  0.33885496 -0.86743163]\n [ 0.03108189 -2.03583465  4.74055039  1.07937462 -1.20186817 -0.44971978]\n [-0.35636412 -1.68527572  1.07937462  3.94307006  0.24377149 -0.11388138]\n [-0.87902508  0.33885496 -1.20186817  0.24377149  4.30014319  0.13757073]\n [ 0.07144317 -0.86743163 -0.44971978 -0.11388138  0.13757073  3.72208563]]", "nfev": "266", "njev": "38", "status": "0", "success": "True", "message": "Optimization terminated successfully.", "x": "[ 5.14131664 -2.07265161  3.30736531  1.7464353   4.17396138 -0.82996834]", "nit": "29", "callback": [0.6367336897413207, 0.3122616686021161]}, "13": {"maxiter": 500, "gtol": 1e-10, "xrtol": 1e-05, "eps": 1e-10, "duration": 0.06050682067871094, "fun": "0.312075408140732", "jac": "[ 0.00000000e+00  0.00000000e+00 -1.11022293e-06  0.00000000e+00\n -1.11022293e-06 -1.11022293e-06]", "hess_inv": "[[ 4.28552992 -0.50804699  0.03481051 -0.34626136 -0.89477949  0.04758287]\n [-0.50804699  4.50447592 -2.04433216 -1.64726313  0.33130018 -0.84075291]\n [ 0.03481051 -2.04433216  4.79270615  0.9943214  -1.1958507  -0.52135502]\n [-0.34626136 -1.64726313  0.9943214   3.96723729  0.19758499  0.10414195]\n [-0.89477949  0.33130018 -1.1958507   0.19758499  4.3086325   0.13108955]\n [ 0.04758287 -0.84075291 -0.52135502  0.10414195  0.13108955  3.54781735]]", "nfev": "266", "njev": "38", "status": "0", "success": "True", "message": "Optimization terminated successfully.", "x": "[ 5.14132644 -2.07265665  3.307372    1.7464425   4.17395785 -0.82996033]", "nit": "29", "callback": [0.6367345241891429, 0.3122615933800136]}, "14": {"maxiter": 500, "gtol": 1e-10, "xrtol": 1e-10, "eps": 1e-05, "duration": 0.10051608085632324, "fun": "0.3120754081370851", "jac": "[3.10629300e-07 3.78952425e-07 2.29327668e-07 1.37045930e-07\n 1.50435220e-08 7.37632178e-08]", "hess_inv": "[[ 4.45033429 -0.38010501  0.11607043 -0.40748995 -0.91194122  0.07113537]\n [-0.38010501  4.63001812 -1.97177609 -1.73560502  0.32013639 -0.8616326 ]\n [ 0.11607043 -1.97177609  4.77193241  1.08505937 -1.22670859 -0.46239389]\n [-0.40748995 -1.73560502  1.08505937  3.88093794  0.27189321 -0.08387895]\n [-0.91194122  0.32013639 -1.22670859  0.27189321  4.30295746  0.13092168]\n [ 0.07113537 -0.8616326  -0.46239389 -0.08387895  0.13092168  3.71068829]]", "nfev": "444", "njev"