{"date": "2024/09/24/, 00:43:22", "conf_id": 166, "data_type": "non_lin_ind\n", "num_data_points": 1, "s_rank": 0, "unitary": "[[-0.56303964-0.00798273j,-0.21670212-0.15784972j,-0.06047197-0.73952673j,-0.01438004+0.24552571j],[-0.06976756+0.23474685j,-0.01275565-0.5435098j,-0.02703657-0.08917885j,-0.08210486-0.79311774j],[-0.38559961+0.10714929j,0.5933431-0.2687392j,-0.24060861+0.29149289j,-0.45147719+0.26241743j],[-0.50180421+0.45931857j,-0.11617175+0.44134496j,0.49642745+0.22684508j,-0.08544628-0.15407063j]]", "databatch_0": {"databatch": "[[[-0.2158955-0.12023307j,0.27209407+0.21770735j,-0.06512343-0.13446717j,-0.13387831+0.2112999j],[-0.05260339+0.03058852j,0.14876711+0.01431852j,-0.01133016-0.06946075j,-0.05090748+0.02355095j],[-0.15217318-0.12385186j,0.19612536+0.28678589j,0.03230772-0.14005521j,-0.16375709+0.06906372j],[-0.30233265-0.09719203j,-0.15008608+0.25260824j,0.02407937+0.30391964j,0.43261377+0.14045173j]]]", "initial param values": "[5.60654779,5.85628198,2.28706784,4.19757533,2.20167591,3.20489864]", "nelder_mead": {"type": "gradient-free", "0": {"maxiter": 100, "fatol": 1e-05, "xatol": 1e-05, "duration": 0.040785789489746094, "fun": "0.31338518579322283", "nit": "100", "nfev": "166", "status": "2", "success": "False", "message": "Maximum number of iterations has been exceeded.", "x": "[6.95589021 5.24337776 2.0299491  3.09190209 3.22027246 1.72219296]", "final_simplex": "(array([[6.95589021, 5.24337776, 2.0299491 , 3.09190209, 3.22027246,\n        1.72219296],\n       [6.95709025, 5.18479268, 2.09846384, 3.01892837, 3.19195214,\n        1.73803105],\n       [6.90688325, 5.05369065, 2.10478194, 3.10160577, 3.18603555,\n        1.79324719],\n       [6.92385523, 5.09414638, 2.12446819, 3.07283569, 3.18825639,\n        1.75294623],\n       [6.82848264, 4.95107687, 2.20748076, 3.03474058, 3.19894285,\n        1.78603923],\n       [6.87925665, 5.18276393, 2.05055489, 3.15370134, 3.20516691,\n        1.75252991],\n       [6.86375424, 5.00474376, 2.21347023, 2.99282882, 3.1720786 ,\n        1.79622822]]), array([0.31338519, 0.3142719 , 0.31441361, 0.31510787, 0.31568677,\n       0.31571289, 0.31586162]))", "callback": [0.5465214126080684, 0.525815554086771, 0.44878797625813516, 0.3371801009622586, 0.3236533812914937, 0.3207773837374861, 0.32006928963018755, 0.319161382189606, 0.3174757959752923]}, "1": {"maxiter": 100, "fatol": 1e-05, "xatol": 1e-10, "duration": 0.037854909896850586, "fun": "0.31338518579322283", "nit": "100", "nfev": "166", "status": "2", "success": "False", "message": "Maximum number of iterations has been exceeded.", "x": "[6.95589021 5.24337776 2.0299491  3.09190209 3.22027246 1.72219296]", "final_simplex": "(array([[6.95589021, 5.24337776, 2.0299491 , 3.09190209, 3.22027246,\n        1.72219296],\n       [6.95709025, 5.18479268, 2.09846384, 3.01892837, 3.19195214,\n        1.73803105],\n       [6.90688325, 5.05369065, 2.10478194, 3.10160577, 3.18603555,\n        1.79324719],\n       [6.92385523, 5.09414638, 2.12446819, 3.07283569, 3.18825639,\n        1.75294623],\n       [6.82848264, 4.95107687, 2.20748076, 3.03474058, 3.19894285,\n        1.78603923],\n       [6.87925665, 5.18276393, 2.05055489, 3.15370134, 3.20516691,\n        1.75252991],\n       [6.86375424, 5.00474376, 2.21347023, 2.99282882, 3.1720786 ,\n        1.79622822]]), array([0.31338519, 0.3142719 , 0.31441361, 0.31510787, 0.31568677,\n       0.31571289, 0.31586162]))", "callback": [0.5465214126080684, 0.525815554086771, 0.44878797625813516, 0.3371801009622586, 0.3236533812914937, 0.3207773837374861, 0.32006928963018755, 0.319161382189606, 0.3174757959752923]}, "2": {"maxiter": 100, "fatol": 1e-10, "xatol": 1e-05, "duration": 0.037026166915893555, "fun": "0.31338518579322283", "nit": "100", "nfev": "166", "status": "2", "success": "False", "message": "Maximum number of iterations has been exceeded.", "x": "[6.95589021 5.24337776 2.0299491  3.09190209 3.22027246 1.72219296]", "final_simplex": "(array([[6.95589021, 5.24337776, 2.0299491 , 3.09190209, 3.22027246,\n        1.72219296],\n       [6.95709025, 5.18479268, 2.09846384, 3.01892837, 3.19195214,\n        1.73803105],\n       [6.90688325, 5.05369065, 2.10478194, 3.10160577, 3.18603555,\n        1.79324719],\n       [6.92385523, 5.09414638, 2.12446819, 3.07283569, 3.18825639,\n        1.75294623],\n       [6.82848264, 4.95107687, 2.20748076, 3.03474058, 3.19894285,\n        1.78603923],\n       [6.87925665, 5.18276393, 2.05055489, 3.15370134, 3.20516691,\n        1.75252991],\n       [6.86375424, 5.00474376, 2.21347023, 2.99282882, 3.1720786 ,\n        1.79622822]]), array([0.31338519, 0.3142719 , 0.31441361, 0.31510787, 0.31568677,\n       0.31571289, 0.31586162]))", "callback": [0.5465214126080684, 0.525815554086771, 0.44878797625813516, 0.3371801009622586, 0.3236533812914937, 0.3207773837374861, 0.32006928963018755, 0.319161382189606, 0.3174757959752923]}, "3": {"maxiter": 100, "fatol": 1e-10, "xatol": 1e-10, "duration": 0.036688804626464844, "fun": "0.31338518579322283", "nit": "100", "nfev": "166", "status": "2", "success": "False", "message": "Maximum number of iterations has been exceeded.", "x": "[6.95589021 5.24337776 2.0299491  3.09190209 3.22027246 1.72219296]", "final_simplex": "(array([[6.95589021, 5.24337776, 2.0299491 , 3.09190209, 3.22027246,\n        1.72219296],\n       [6.95709025, 5.18479268, 2.09846384, 3.01892837, 3.19195214,\n        1.73803105],\n       [6.90688325, 5.05369065, 2.10478194, 3.10160577, 3.18603555,\n        1.79324719],\n       [6.92385523, 5.09414638, 2.12446819, 3.07283569, 3.18825639,\n        1.75294623],\n       [6.82848264, 4.95107687, 2.20748076, 3.03474058, 3.19894285,\n        1.78603923],\n       [6.87925665, 5.18276393, 2.05055489, 3.15370134, 3.20516691,\n        1.75252991],\n       [6.86375424, 5.00474376, 2.21347023, 2.99282882, 3.1720786 ,\n        1.79622822]]), array([0.31338519, 0.3142719 , 0.31441361, 0.31510787, 0.31568677,\n       0.31571289, 0.31586162]))", "callback": [0.5465214126080684, 0.525815554086771, 0.44878797625813516, 0.3371801009622586, 0.3236533812914937, 0.3207773837374861, 0.32006928963018755, 0.319161382189606, 0.3174757959752923]}, "4": {"maxiter": 500, "fatol": 1e-05, "xatol": 1e-05, "duration": 0.1742687225341797, "fun": "0.29575677537124123", "nit": "500", "nfev": "778", "status": "2", "success": "False", "message": "Maximum number of iterations has been exceeded.", "x": "[6.63655529 6.16458736 0.79923239 3.55141216 4.1918256  3.0384026 ]", "final_simplex": "(array([[6.63655529, 6.16458736, 0.79923239, 3.55141216, 4.1918256 ,\n        3.0384026 ],\n       [6.63622958, 6.16714577, 0.79704834, 3.55299886, 4.19464935,\n        3.0412373 ],\n       [6.63503823, 6.16921614, 0.79394072, 3.55227289, 4.1963927 ,\n        3.04306521],\n       [6.63438085, 6.16762503, 0.79598115, 3.55258182, 4.19571642,\n        3.04324787],\n       [6.63457078, 6.16911345, 0.79287466, 3.55291717, 4.19638808,\n        3.04481458],\n       [6.63536002, 6.16662931, 0.79658459, 3.55171394, 4.19389364,\n        3.04037446],\n       [6.63487727, 6.16763647, 0.79547146, 3.55246346, 4.19529538,\n        3.04328288]]), array([0.29575678, 0.29575706, 0.29575708, 0.29575721, 0.2957573 ,\n       0.29575735, 0.29575742]))", "callback": [0.5465214126080684, 0.525815554086771, 0.44878797625813516, 0.3371801009622586, 0.3236533812914937, 0.3207773837374861, 0.32006928963018755, 0.319161382189606, 0.3174757959752923, 0.31338518579322283, 0.3100955955628091, 0.30567059933244234, 0.3032368997914041, 0.3008743232996707, 0.29910770152974153, 0.29837726668160014, 0.29837726668160014, 0.2982527204213302, 0.29822029121826, 0.2982191682746109, 0.2982181002376061, 0.2982176853909829, 0.2982175870012077, 0.29821751097755644, 0.29821713487569323, 0.29821625418868136, 0.29821426789241556, 0.2982036840581912, 0.29809482008511423, 0.29752164423023697, 0.29737286802089546, 0.2971294222209028, 0.2965173600578933, 0.2962315674853242, 0.29622093193692445, 0.29620809150761473, 0.29619972801003813, 0.29618772596364207, 0.29615260086435646, 0.29599728323771846, 0.29585158424176483, 0.29584662615193313, 0.29583340267566005, 0.29582454056805163, 0.2957969875786468, 0.2957705225373747, 0.2957606617663784, 0.2957588683588933, 0.29575764181754605]}, "5": {"maxiter": 500, "fatol": 1e-05, "xatol": 1e-10, "duration": 0.17529582977294922, "fun": "0.29575677537124123", "nit": "500", "nfev": "778", "status": "2", "success": "False", "message": "Maximum number of iterations has been exceeded.", "x": "[6.63655529 6.16458736 0.79923239 3.55141216 4.1918256  3.0384026 ]", "final_simplex": "(array([[6.63655529, 6.16458736, 0.79923239, 3.55141216, 4.1918256 ,\n        3.0384026 ],\n       [6.63622958, 6.16714577, 0.79704834, 3.55299886, 4.19464935,\n        3.0412373 ],\n       [6.63503823, 6.16921614, 0.79394072, 3.55227289, 4.1963927 ,\n        3.04306521],\n       [6.63438085, 6.16762503, 0.79598115, 3.55258182, 4.19571642,\n        3.04324787],\n       [6.63457078, 6.16911345, 0.79287466, 3.55291717, 4.19638808,\n        3.04481458],\n       [6.63536002, 6.16662931, 0.79658459, 3.55171394, 4.19389364,\n        3.04037446],\n       [6.63487727, 6.16763647, 0.79547146, 3.55246346, 4.19529538,\n        3.04328288]]), array([0.29575678, 0.29575706, 0.29575708, 0.29575721, 0.2957573 ,\n       0.29575735, 0.29575742]))", "callback": [0.5465214126080684, 0.525815554086771, 0.44878797625813516, 0.3371801009622586, 0.3236533812914937, 0.3207773837374861, 0.32006928963018755, 0.319161382189606, 0.3174757959752923, 0.31338518579322283, 0.3100955955628091, 0.30567059933244234, 0.3032368997914041, 0.3008743232996707, 0.29910770152974153, 0.29837726668160014, 0.29837726668160014, 0.2982527204213302, 0.29822029121826, 0.2982191682746109, 0.2982181002376061, 0.2982176853909829, 0.2982175870012077, 0.29821751097755644, 0.29821713487569323, 0.29821625418868136, 0.29821426789241556, 0.2982036840581912, 0.29809482008511423, 0.29752164423023697, 0.29737286802089546, 0.2971294222209028, 0.2965173600578933, 0.2962315674853242, 0.29622093193692445, 0.29620809150761473, 0.29619972801003813, 0.29618772596364207, 0.29615260086435646, 0.29599728323771846, 0.29585158424176483, 0.29584662615193313, 0.29583340267566005, 0.29582454056805163, 0.2957969875786468, 0.2957705225373747, 0.2957606617663784, 0.2957588683588933, 0.29575764181754605]}, "6": {"maxiter": 500, "fatol": 1e-10, "xatol": 1e-05, "duration": 0.18585920333862305, "fun": "0.29575677537124123", "nit": "500", "nfev": "778", "status": "2", "success": "False", "message": "Maximum number of iterations has been exceeded.", "x": "[6.63655529 6.16458736 0.79923239 3.55141216 4.1918256  3.0384026 ]", "final_simplex": "(array([[6.63655529, 6.16458736, 0.79923239, 3.55141216, 4.1918256 ,\n        3.0384026 ],\n       [6.63622958, 6.16714577, 0.79704834, 3.55299886, 4.19464935,\n        3.0412373 ],\n       [6.63503823, 6.16921614, 0.79394072, 3.55227289, 4.1963927 ,\n        3.04306521],\n       [6.63438085, 6.16762503, 0.79598115, 3.55258182, 4.19571642,\n        3.04324787],\n       [6.63457078, 6.16911345, 0.79287466, 3.55291717, 4.19638808,\n        3.04481458],\n       [6.63536002, 6.16662931, 0.79658459, 3.55171394, 4.19389364,\n        3.04037446],\n       [6.63487727, 6.16763647, 0.79547146, 3.55246346, 4.19529538,\n        3.04328288]]), array([0.29575678, 0.29575706, 0.29575708, 0.29575721, 0.2957573 ,\n       0.29575735, 0.29575742]))", "callback": [0.5465214126080684, 0.525815554086771, 0.44878797625813516, 0.3371801009622586, 0.3236533812914937, 0.3207773837374861, 0.32006928963018755, 0.319161382189606, 0.3174757959752923, 0.31338518579322283, 0.3100955955628091, 0.30567059933244234, 0.3032368997914041, 0.3008743232996707, 0.29910770152974153, 0.29837726668160014, 0.29837726668160014, 0.2982527204213302, 0.29822029121826, 0.2982191682746109, 0.2982181002376061, 0.2982176853909829, 0.2982175870012077, 0.29821751097755644, 0.29821713487569323, 0.29821625418868136, 0.29821426789241556, 0.2982036840581912, 0.29809482008511423, 0.29752164423023697, 0.29737286802089546, 0.2971294222209028, 0.2965173600578933, 0.2962315674853242, 0.29622093193692445, 0.29620809150761473, 0.29619972801003813, 0.29618772596364207, 0.29615260086435646, 0.29599728323771846, 0.29585158424176483, 0.29584662615193313, 0.29583340267566005, 0.29582454056805163, 0.2957969875786468, 0.2957705225373747, 0.2957606617663784, 0.2957588683588933, 0.29575764181754605]}, "7": {"maxiter": 500, "fatol": 1e-10, "xatol": 1e-10, "duration": 0.18453717231750488, "fun": "0.29575677537124123", "nit": "500", "nfev": "778", "status": "2", "success": "False", "message": "Maximum number of iterations has been exceeded.", "x": "[6.63655529 6.16458736 0.79923239 3.55141216 4.1918256  3.0384026 ]", "final_simplex": "(array([[6.63655529, 6.16458736, 0.79923239, 3.55141216, 4.1918256 ,\n        3.0384026 ],\n       [6.63622958, 6.16714577, 0.79704834, 3.55299886, 4.19464935,\n        3.0412373 ],\n       [6.63503823, 6.16921614, 0.79394072, 3.55227289, 4.1963927 ,\n        3.04306521],\n       [6.63438085, 6.16762503, 0.79598115, 3.55258182, 4.19571642,\n        3.04324787],\n       [6.63457078, 6.16911345, 0.79287466, 3.55291717, 4.19638808,\n        3.04481458],\n       [6.63536002, 6.16662931, 0.79658459, 3.55171394, 4.19389364,\n        3.04037446],\n       [6.63487727, 6.16763647, 0.79547146, 3.55246346, 4.19529538,\n        3.04328288]]), array([0.29575678, 0.29575706, 0.29575708, 0.29575721, 0.2957573 ,\n       0.29575735, 0.29575742]))", "callback": [0.5465214126080684, 0.525815554086771, 0.44878797625813516, 0.3371801009622586, 0.3236533812914937, 0.3207773837374861, 0.32006928963018755, 0.319161382189606, 0.3174757959752923, 0.31338518579322283, 0.3100955955628091, 0.30567059933244234, 0.3032368997914041, 0.3008743232996707, 0.29910770152974153, 0.29837726668160014, 0.29837726668160014, 0.2982527204213302, 0.29822029121826, 0.2982191682746109, 0.2982181002376061, 0.2982176853909829, 0.2982175870012077, 0.29821751097755644, 0.29821713487569323, 0.29821625418868136, 0.29821426789241556, 0.2982036840581912, 0.29809482008511423, 0.29752164423023697, 0.29737286802089546, 0.2971294222209028, 0.2965173600578933, 0.2962315674853242, 0.29622093193692445, 0.29620809150761473, 0.29619972801003813, 0.29618772596364207, 0.29615260086435646, 0.29599728323771846, 0.29585158424176483, 0.29584662615193313, 0.29583340267566005, 0.29582454056805163, 0.2957969875786468, 0.2957705225373747, 0.2957606617663784, 0.2957588683588933, 0.29575764181754605]}, "8": {"maxiter": 1000, "fatol": 1e-05, "xatol": 1e-05, "duration": 0.3028988838195801, "fun": "0.2802621811614072", "nit": "825", "nfev": "1282", "status": "0", "success": "True", "message": "Optimization terminated successfully.", "x": "[6.74764833 5.51382003 1.5429974  3.55695696 5.14336629 3.82451585]", "final_simplex": "(array([[6.74764833, 5.51382003, 1.5429974 , 3.55695696, 5.14336629,\n        3.82451585],\n       [6.74764848, 5.51382113, 1.54299408, 3.55695952, 5.14336527,\n        3.82451483],\n       [6.74764882, 5.51381732, 1.5429958 , 3.55695252, 5.14335886,\n        3.82450851],\n       [6.74764654, 5.51381375, 1.54300487, 3.55695977, 5.14337165,\n        3.824519  ],\n       [6.74764996, 5.51381308, 1.54300183, 3.55695714, 5.14336196,\n        3.82451304],\n       [6.74765074, 5.51381376, 1.54300288, 3.55695614, 5.14336887,\n        3.82451756],\n       [6.74764627, 5.5138176 , 1.54299814, 3.55695944, 5.14336727,\n        3.82451943]]), array([0.28026218, 0.28026218, 0.28026218, 0.28026218, 0.28026218,\n       0.28026218, 0.28026218]))", "callback": [0.5465214126080684, 0.525815554086771, 0.44878797625813516, 0.3371801009622586, 0.3236533812914937, 0.3207773837374861, 0.32006928963018755, 0.319161382189606, 0.3174757959752923, 0.31338518579322283, 0.3100955955628091, 0.30567059933244234, 0.3032368997914041, 0.3008743232996707, 0.29910770152974153, 0.29837726668160014, 0.29837726668160014, 0.2982527204213302, 0.29822029121826, 0.2982191682746109, 0.2982181002376061, 0.2982176853909829, 0.2982175870012077, 0.29821751097755644, 0.29821713487569323, 0.29821625418868136, 0.29821426789241556, 0.2982036840581912, 0.29809482008511423, 0.29752164423023697, 0.29737286802089546, 0.2971294222209028, 0.2965173600578933, 0.2962315674853242, 0.29622093193692445, 0.29620809150761473, 0.29619972801003813, 0.29618772596364207, 0.29615260086435646, 0.29599728323771846, 0.29585158424176483, 0.29584662615193313, 0.29583340267566005, 0.29582454056805163, 0.2957969875786468, 0.2957705225373747, 0.2957606617663784, 0.2957588683588933, 0.29575764181754605, 0.29575643714769617, 0.29575293104163247, 0.29574725619276143, 0.29573788377565413, 0.29570984820474133, 0.29567049323226713, 0.29560092369419166, 0.29543706837337114, 0.29468838422531873, 0.29417504446367226, 0.29379861633027415, 0.2923225814419317, 0.28974656339694016, 0.2883376155948211, 0.28606145530143656, 0.2852299014739479, 0.284196895246423, 0.2811973630970592, 0.2805549666439592, 0.2805549666439592, 0.28034458083167824, 0.2802820611501998, 0.2802650258626599, 0.2802625565429562, 0.28026229117619283, 0.2802622121331597, 0.28026219249561957, 0.28026218296849814, 0.2802621816368327, 0.2802621813593412, 0.2802621811725562, 0.2802621811725562, 0.2802621811617855]}, "9": {"maxiter": 1000, "fatol": 1e-05, "xatol": 1e-10, "duration": 0.37423086166381836, "fun": "0.2802621811563252", "nit": "954", "nfev": "1548", "status": "0", "success": "True", "message": "Optimization terminated successfully.", "x": "[6.74764731 5.51382232 1.54299504 3.55695748 5.1433546  3.82450179]", "final_simplex": "(array([[6.74764731, 5.51382232, 1.54299504, 3.55695748, 5.1433546 ,\n        3.82450179],\n       [6.74764731, 5.51382232, 1.54299504, 3.55695748, 5.1433546 ,\n        3.82450179],\n       [6.74764731, 5.51382232, 1.54299504, 3.55695748, 5.1433546 ,\n        3.82450179],\n       [6.74764731, 5.51382232, 1.54299504, 3.55695748, 5.1433546 ,\n        3.82450179],\n       [6.74764731, 5.51382232, 1.54299504, 3.55695748, 5.1433546 ,\n        3.82450179],\n       [6.74764731, 5.51382232, 1.54299504, 3.55695748, 5.1433546 ,\n        3.82450179],\n       [6.74764731, 5.51382232, 1.54299504, 3.55695748, 5.1433546 ,\n        3.82450179]]), array([0.28026218, 0.28026218, 0.28026218, 0.28026218, 0.28026218,\n       0.28026218, 0.28026218]))", "callback": [0.5465214126080684, 0.525815554086771, 0.44878797625813516, 0.3371801009622586, 0.3236533812914937, 0.3207773837374861, 0.32006928963018755, 0.319161382189606, 0.3174757959752923, 0.31338518579322283, 0.3100955955628091, 0.30567059933244234, 0.3032368997914041, 0.3008743232996707, 0.29910770152974153, 0.29837726668160014, 0.29837726668160014, 0.2982527204213302, 0.29822029121826, 0.2982191682746109, 0.2982181002376061, 0.2982176853909829, 0.2982175870012077, 0.29821751097755644, 0.29821713487569323, 0.29821625418868136, 0.29821426789241556, 0.2982036840581912, 0.29809482008511423, 0.29752164423023697, 0.29737286802089546, 0.2971294222209028, 0.2965173600578933, 0.2962315674853242, 0.29622093193692445, 0.29620809150761473, 0.29619972801003813, 0.29618772596364207, 0.29615260086435646, 0.29599728323771846, 0.29585158424176483, 0.29584662615193313, 0.29583340267566005, 0.29582454056805163, 0.2957969875786468, 0.2957705225373747, 0.2957606617663784, 0.2957588683588933, 0.29575764181754605, 0.29575643714769617, 0.29575293104163247, 0.29574725619276143, 0.29573788377565413, 0.29570984820474133, 0.29567049323226713, 0.29560092369419166, 0.29543706837337114, 0.29468838422531873, 0.29417504446367226, 0.29379861633027415, 0.2923225814419317, 0.28974656339694016, 0.2883376155948211, 0.28606145530143656, 0.2852299014739479, 0.284196895246423, 0.2811973630970592, 0.2805549666439592, 0.2805549666439592, 0.28034458083167824, 0.2802820611501998, 0.2802650258626599, 0.2802625565429562, 0.28026229117619283, 0.2802622121331597, 0.28026219249561957, 0.28026218296849814, 0.2802621816368327, 0.2802621813593412, 0.2802621811725562, 0.2802621811725562, 0.2802621811617855, 0.280262181158053, 0.28026218115694823, 0.280262181156558, 0.2802621811564239, 0.2802621811563626, 0.28026218115634005, 0.2802621811563394, 0.2802621811563294, 0.28026218115632684, 0.2802621811563254, 0.2802621811563253, 0.2802621811563253, 0.2802621811563252]}, "10": {"maxiter": 1000, "fatol": 1e-10, "xatol": 1e-05, "duration": 0.29476022720336914, "fun": "0.2802621811614072", "nit": "825", "nfev": "1282", "status": "0", "success": "True", "message": "Optimization terminated successfully.", "x": "[6.74764833 5.51382003 1.5429974  3.55695696 5.14336629 3.82451585]", "final_simplex": "(array([[6.74764833, 5.51382003, 1.5429974 , 3.55695696, 5.14336629,\n        3.82451585],\n       [6.74764848, 5.51382113, 1.54299408, 3.55695952, 5.14336527,\n        3.82451483],\n       [6.74764882, 5.51381732, 1.5429958 , 3.55695252, 5.14335886,\n        3.82450851],\n       [6.74764654, 5.51381375, 1.54300487, 3.55695977, 5.14337165,\n        3.824519  ],\n       [6.74764996, 5.51381308, 1.54300183, 3.55695714, 5.14336196,\n        3.82451304],\n       [6.74765074, 5.51381376, 1.54300288, 3.55695614, 5.14336887,\n        3.82451756],\n       [6.74764627, 5.5138176 , 1.54299814, 3.55695944, 5.14336727,\n        3.82451943]]), array([0.28026218, 0.28026218, 0.28026218, 0.28026218, 0.28026218,\n       0.28026218, 0.28026218]))", "callback": [0.5465214126080684, 0.525815554086771, 0.44878797625813516, 0.3371801009622586, 0.3236533812914937, 0.3207773837374861, 0.32006928963018755, 0.319161382189606, 0.3174757959752923, 0.31338518579322283, 0.3100955955628091, 0.30567059933244234, 0.3032368997914041, 0.3008743232996707, 0.29910770152974153, 0.29837726668160014, 0.29837726668160014, 0.2982527204213302, 0.29822029121826, 0.2982191682746109, 0.2982181002376061, 0.2982176853909829, 0.2982175870012077, 0.29821751097755644, 0.29821713487569323, 0.29821625418868136, 0.29821426789241556, 0.2982036840581912, 0.29809482008511423, 0.29752164423023697, 0.29737286802089546, 0.2971294222209028, 0.2965173600578933, 0.2962315674853242, 0.29622093193692445, 0.29620809150761473, 0.29619972801003813, 0.29618772596364207, 0.29615260086435646, 0.29599728323771846, 0.29585158424176483, 0.29584662615193313, 0.29583340267566005, 0.29582454056805163, 0.2957969875786468, 0.2957705225373747, 0.2957606617663784, 0.2957588683588933, 0.29575764181754605, 0.29575643714769617, 0.29575293104163247, 0.29574725619276143, 0.29573788377565413, 0.29570984820474133, 0.29567049323226713, 0.29560092369419166, 0.29543706837337114, 0.29468838422531873, 0.29417504446367226, 0.29379861633027415, 0.2923225814419317, 0.28974656339694016, 0.2883376155948211, 0.28606145530143656, 0.2852299014739479, 0.284196895246423, 0.2811973630970592, 0.2805549666439592, 0.2805549666439592, 0.28034458083167824, 0.2802820611501998, 0.2802650258626599, 0.2802625565429562, 0.28026229117619283, 0.2802622121331597, 0.28026219249561957, 0.28026218296849814, 0.2802621816368327, 0.2802621813593412, 0.2802621811725562, 0.2802621811725562, 0.2802621811617855]}, "11": {"maxiter": 1000, "fatol": 1e-10, "xatol": 1e-10, "duration": 0.36304521560668945, "fun": "0.2802621811563252", "nit": "954", "nfev": "1548", "status": "0", "success": "True", "message": "Optimization terminated successfully.", "x": "[6.74764731 5.51382232 1.54299504 3.55695748 5.1433546  3.82450179]", "final_simplex": "(array([[6.74764731, 5.51382232, 1.54299504, 3.55695748, 5.1433546 ,\n        3.82450179],\n       [6.74764731, 5.51382232, 1.54299504, 3.55695748, 5.1433546 ,\n        3.82450179],\n       [6.74764731, 5.51382232, 1.54299504, 3.55695748, 5.1433546 ,\n        3.82450179],\n       [6.74764731, 5.51382232, 1.54299504, 3.55695748, 5.1433546 ,\n        3.82450179],\n       [6.74764731, 5.51382232, 1.54299504, 3.55695748, 5.1433546 ,\n        3.82450179],\n       [6.74764731, 5.51382232, 1.54299504, 3.55695748, 5.1433546 ,\n        3.82450179],\n       [6.74764731, 5.51382232, 1.54299504, 3.55695748, 5.1433546 ,\n        3.82450179]]), array([0.28026218, 0.28026218, 0.28026218, 0.28026218, 0.28026218,\n       0.28026218, 0.28026218]))", "callback": [0.5465214126080684, 0.525815554086771, 0.44878797625813516, 0.3371801009622586, 0.3236533812914937, 0.3207773837374861, 0.32006928963018755, 0.319161382189606, 0.3174757959752923, 0.31338518579322283, 0.3100955955628091, 0.30567059933244234, 0.3032368997914041, 0.3008743232996707, 0.29910770152974153, 0.29837726668160014, 0.29837726668160014, 0.2982527204213302, 0.29822029121826, 0.2982191682746109, 0.2982181002376061, 0.2982176853909829, 0.2982175870012077, 0.29821751097755644, 0.29821713487569323, 0.29821625418868136, 0.29821426789241556, 0.2982036840581912, 0.29809482008511423, 0.29752164423023697, 0.29737286802089546, 0.2971294222209028, 0.2965173600578933, 0.2962315674853242, 0.29622093193692445, 0.29620809150761473, 0.29619972801003813, 0.29618772596364207, 0.29615260086435646, 0.29599728323771846, 0.29585158424176483, 0.29584662615193313, 0.29583340267566005, 0.29582454056805163, 0.2957969875786468, 0.2957705225373747, 0.2957606617663784, 0.2957588683588933, 0.29575764181754605, 0.29575643714769617, 0.29575293104163247, 0.29574725619276143, 0.29573788377565413, 0.29570984820474133, 0.29567049323226713, 0.29560092369419166, 0.29543706837337114, 0.29468838422531873, 0.29417504446367226, 0.29379861633027415, 0.2923225814419317, 0.28974656339694016, 0.2883376155948211, 0.28606145530143656, 0.2852299014739479, 0.284196895246423, 0.2811973630970592, 0.2805549666439592, 0.2805549666439592, 0.28034458083167824, 0.2802820611501998, 0.2802650258626599, 0.2802625565429562, 0.28026229117619283, 0.2802622121331597, 0.28026219249561957, 0.28026218296849814, 0.2802621816368327, 0.2802621813593412, 0.2802621811725562, 0.2802621811725562, 0.2802621811617855, 0.280262181158053, 0.28026218115694823, 0.280262181156558, 0.2802621811564239, 0.2802621811563626, 0.28026218115634005, 0.2802621811563394, 0.2802621811563294, 0.28026218115632684, 0.2802621811563254, 0.2802621811563253, 0.2802621811563253, 0.2802621811563252]}}, "bfgs": {"type": "gradient", "0": {"maxiter": 100, "gtol": 1e-05, "xrtol": 1e-05, "eps": 1e-05, "duration": 0.06048297882080078, "fun": "0.28026218150540705", "jac": "[ 4.40407710e-06 -6.40487663e-08  9.92195215e-07  8.60050919e-06\n -7.08827441e-06  6.92512714e-06]", "hess_inv": "[[  4.60359742   1.93070639  -1.03687832  -0.91362625   2.33176767\n   -0.24149472]\n [  1.93070639  18.54036589 -17.15708261  -1.12377177  -7.55692978\n   -9.37944375]\n [ -1.03687832 -17.15708261  21.33776756   2.4748344   11.87695105\n   10.80495361]\n [ -0.91362625  -1.12377177   2.4748344    4.06047854   3.98544566\n    3.40409322]\n [  2.33176767  -7.55692978  11.87695105   3.98544566  29.9133524\n   25.49833588]\n [ -0.24149472  -9.37944375  10.80495361   3.40409322  25.49833588\n   26.44306084]]", "nfev": "231", "njev": "33", "status": "0", "success": "True", "message": "Optimization terminated successfully.", "x": "[6.7476227  5.51382638 1.54297059 3.5569811  5.14325669 3.82444688]", "nit": "29", "callback": [0.30984494742994095, 0.2803914899305694]}, "1": {"maxiter": 100, "gtol": 1e-05, "xrtol": 1e-05, "eps": 1e-10, "duration": 0.05946183204650879, "fun": "0.2802621818009934", "jac": "[ 2.22044587e-06  3.33066880e-06  5.55111466e-06  9.99200639e-06\n -1.11022293e-06  9.99200639e-06]", "hess_inv": "[[  4.59598667   1.85603579  -0.92505649  -0.87951956   2.47227729\n   -0.09139691]\n [  1.85603579  18.21603761 -16.71185249  -1.01386045  -7.16022083\n   -8.99054031]\n [ -0.92505649 -16.71185249  20.69364283   2.30406204  11.2297402\n   10.21698913]\n [ -0.87951956  -1.01386045   2.30406204   4.01160603   3.80028183\n    3.25090594]\n [  2.47227729  -7.16022083  11.2297402    3.80028183  29.2473698\n   25.01004353]\n [ -0.09139691  -8.99054031  10.21698913   3.25090594  25.01004353\n   26.09035247]]", "nfev": "231", "njev": "33", "status": "0", "success": "True", "message": "Optimization terminated successfully.", "x": "[6.74762674 5.5137507  1.54308512 3.55702128 5.14347459 3.82464482]", "nit": "29", "callback": [0.30984386181795154, 0.2803912746318503]}, "2": {"maxiter": 100, "gtol": 1e-05, "xrtol": 1e-10, "eps": 1e-05, "duration": 0.06113290786743164, "fun": "0.28026218150540705", "jac": "[ 4.40407710e-06 -6.40487663e-08  9.92195215e-07  8.60050919e-06\n -7.08827441e-06  6.92512714e-06]", "hess_inv": "[[  4.60359742   1.93070639  -1.03687832  -0.91362625   2.33176767\n   -0.24149472]\n [  1.93070639  18.54036589 -17.15708261  -1.12377177  -7.55692978\n   -9.37944375]\n [ -1.03687832 -17.15708261  21.33776756   2.4748344   11.87695105\n   10.80495361]\n [ -0.91362625  -1.12377177   2.4748344    4.06047854   3.98544566\n    3.40409322]\n [  2.33176767  -7.55692978  11.87695105   3.98544566  29.9133524\n   25.49833588]\n [ -0.24149472  -9.37944375  10.80495361   3.40409322  25.49833588\n   26.44306084]]", "nfev": "231", "njev": "33", "status": "0", "success": "True", "message": "Optimization terminated successfully.", "x": "[6.7476227  5.51382638 1.54297059 3.5569811  5.14325669 3.82444688]", "nit": "29", "callback": [0.30984494742994095, 0.2803914899305694]}, "3": {"maxiter": 100, "gtol": 1e-05, "xrtol": 1e-10, "eps": 1e-10, "duration": 0.062330007553100586, "fun": "0.2802621818009934", "jac": "[ 2.22044587e-06  3.33066880e-06  5.55111466e-06  9.99200639e-06\n -1.11022293e-06  9.99200639e-06]", "hess_inv": "[[  4.59598667   1.85603579  -0.92505649  -0.87951956   2.47227729\n   -0.09139691]\n [  1.85603579  18.21603761 -16.71185249  -1.01386045  -7.16022083\n   -8.99054031]\n [ -0.92505649 -16.71185249  20.69364283   2.30406204  11.2297402\n   10.21698913]\n [ -0.87951956  -1.01386045   2.30406204   4.01160603   3.80028183\n    3.25090594]\n [  2.47227729  -7.16022083  11.2297402    3.80028183  29.2473698\n   25.01004353]\n [ -0.09139691  -8.99054031  10.21698913   3.25090594  25.01004353\n   26.09035247]]", "nfev": "231", "njev": "33", "status": "0", "success": "True", "message": "Optimization terminated successfully.", "x": "[6.74762674 5.5137507  1.54308512 3.55702128 5.14347459 3.82464482]", "nit": "29", "callback": [0.30984386181795154, 0.2803912746318503]}, "4": {"maxiter": 100, "gtol": 1e-10, "xrtol": 1e-05, "eps": 1e-05, "duration": 0.07313823699951172, "fun": "0.28026218141960957", "jac": "[ 4.23627800e-07  4.40447678e-07  1.69420034e-08  1.71003212e-06\n -1.55088165e-06  1.32429623e-06]", "hess_inv": "[[  4.63184207   2.05581527  -1.15366834  -1.0377648    2.24723153\n   -0.41926207]\n [  2.05581527  19.09444887 -17.67231286  -1.67746627  -7.93005728\n  -10.1706909 ]\n [ -1.15366834 -17.67231286  21.76830723   3.08413857  12.19331239\n   11.63614618]\n [ -1.0377648   -1.67746627   3.08413857   4.43014423   4.41782118\n    4.00921377]\n [  2.24723153  -7.93005728  12.19331239   4.41782118  30.14533748\n   26.09130862]\n [ -0.41926207 -10.1706909   11.63614618   4.00921377  26.09130862\n   27.38546217]]", "nfev": "238", "njev": "34", "status": "0", "success": "True", "message": "Optimization terminated successfully.", "x": "[6.74763133 5.51386473 1.54293226 3.55694796 5.14322918 3.82439734]", "nit": "30", "callback": [0.30984494742994095, 0.2803914899305694, 0.28026218141960957]}, "5": {"maxiter": 100, "gtol": 1e-10, "xrtol": 1e-05, "eps": 1e-10, "duration": 0.07810187339782715, "fun": "0.28026218117405344", "jac": "[ 4.44089173e-06 -1.11022293e-06 -1.11022293e-06  1.11022293e-06\n -1.11022293e-06  1.11022293e-06]", "hess_inv": "[[  4.50587771   1.88628725  -1.15254047  -1.11398416   1.27419382\n   -1.27425912]\n [  1.88628725  15.15164615 -12.98878875  -0.28307708  -2.74195373\n   -5.16382132]\n [ -1.15254047 -12.98878875  15.97682402   1.32083636   4.55227162\n    4.39103846]\n [ -1.11398416  -0.28307708   1.32083636   3.97118034   1.91631322\n    1.73840686]\n [  1.27419382  -2.74195373   4.55227162   1.91631322  14.20419321\n   11.54992671]\n [ -1.27425912  -5.16382132   4.39103846   1.73840686  11.54992671\n   14.1583727 ]]", "nfev": "252", "njev": "36", "status": "0", "success": "True", "message": "Optimization terminated successfully.", "x": "[6.74764212 5.51381953 1.54299023 3.55696244 5.14333684 3.82449446]", "nit": "31", "callback": [0.30984386181795154, 0.2803912746318503, 0.28026218125957914]}, "6": {"maxiter": 100, "gtol": 1e-10, "xrtol": 1e-10, "eps": 1e-05, "duration": 0.07436919212341309, "fun": "0.2802621813819529", "jac": "[-8.88178420e-11  0.00000000e+00 -1.11022302e-11 -4.44089210e-11\n  9.99200722e-11 -5.55111512e-11]", "hess_inv": "[[  5.1394189    1.1666892   -0.20765324  -1.51508301   3.18376646\n    0.04959629]\n [  1.1666892   19.82756726 -18.38758818  -0.72417745  -8.65739825\n  -10.1630877 ]\n [ -0.20765324 -18.38758818  22.48788687   1.98496328  13.01981156\n   11.59544513]\n [ -1.51508301  -0.72417745   1.98496328   5.00567937   3.1035706\n    3.34836203]\n [  3.18376646  -8.65739825  13.01981156   3.1035706   31.29313747\n   26.12001439]\n [  0.04959629 -10.1630877   11.59544513   3.34836203  26.12001439\n   26.9696482 ]]", "nfev": "280", "njev": "40", "status": "0", "success": "True", "message": "Optimization terminated successfully.", "x": "[6.74763623 5.51385684 1.5429417  3.55694059 5.14323992 3.82440052]", "nit": "35", "callback": [0.30984494742994095, 0.2803914899305694, 0.28026218141960957]}, "7": {"maxiter": 100, "gtol": 1e-10, "xrtol": 1e-10, "eps": 1e-10, "duration": 0.10581612586975098, "fun": "0.2802621811719205", "jac": "[0.00000000e+00 0.00000000e+00 2.22044587e-06 0.00000000e+00\n 0.00000000e+00 0.00000000e+00]", "hess_inv": "[[  1.97441386   0.7172786    2.02995091 -10.82804964  -3.76577857\n   10.69053621]\n [  0.7172786    0.29215718   0.7528398   -3.99650412  -1.37925742\n    3.94344708]\n [  2.02995091   0.7528398    2.12502141 -11.23323676  -3.88695168\n   11.09617617]\n [-10.82804964  -3.99650412 -11.23323676  59.72149658  20.69755453\n  -58.98120297]\n [ -3.76577857  -1.37925742  -3.88695168  20.69755453   7.19865659\n  -20.43990655]\n [ 10.69053621   3.94344708  11.09617617 -58.98120297 -20.43990655\n   58.2552461 ]]", "nfev": "392", "njev": "56", "status": "0", "success": "True", "message": "Optimization terminated successfully.", "x": "[6.74763719 5.51381605 1.54299579 3.55695853 5.14333703 3.82449373]", "nit": "41", "callback": [0.30984386181795154, 0.2803912746318503, 0.28026218125957914, 0.2802621811719206]}, "8": {"maxiter": 500, "gtol": 1e-05, "xrtol": 1e-05, "eps": 1e-05, "duration": 0.06244397163391113, "fun": "0.28026218150540705", "jac": "[ 4.40407710e-06 -6.40487663e-08  9.92195215e-07  8.60050919e-06\n -7.08827441e-06  6.92512714e-06]", "hess_inv": "[[  4.60359742   1.93070639  -1.03687832  -0.91362625   2.33176767\n   -0.24149472]\n [  1.93070639  18.54036589 -17.15708261  -1.12377177  -7.55692978\n   -9.37944375]\n [ -1.03687832 -17.15708261  21.33776756   2.4748344   11.87695105\n   10.80495361]\n [ -0.91362625  -1.12377177   2.4748344    4.06047854   3.98544566\n    3.40409322]\n [  2.33176767  -7.55692978  11.87695105   3.98544566  29.9133524\n   25.49833588]\n [ -0.24149472  -9.37944375  10.80495361   3.40409322  25.49833588\n   26.44306084]]", "nfev": "231", "njev": "33", "status": "0", "success": "True", "message": "Optimization terminated successfully.", "x": "[6.7476227  5.51382638 1.54297059 3.5569811  5.14325669 3.82444688]", "nit": "29", "callback": [0.30984494742994095, 0.2803914899305694]}, "9": {"maxiter": 500, "gtol": 1e-05, "xrtol": 1e-05, "eps": 1e-10, "duration": 0.06257295608520508, "fun": "0.2802621818009934", "jac": "[ 2.22044587e-06  3.33066880e-06  5.55111466e-06  9.99200639e-06\n -1.11022293e-06  9.99200639e-06]", "hess_inv": "[[  4.59598667   1.85603579  -0.92505649  -0.87951956   2.47227729\n   -0.09139691]\n [  1.85603579  18.21603761 -16.71185249  -1.01386045  -7.16022083\n   -8.99054031]\n [ -0.92505649 -16.71185249  20.69364283   2.30406204  11.2297402\n   10.21698913]\n [ -0.87951956  -1.01386045   2.30406204   4.01160603   3.80028183\n    3.25090594]\n [  2.47227729  -7.16022083  11.2297402    3.80028183  29.2473698\n   25.01004353]\n [ -0.09139691  -8.99054031  10.21698913   3.25090594  25.01004353\n   26.09035247]]", "nfev": "231", "njev": "33", "status": "0", "success": "True", "message": "Optimization terminated successfully.", "x": "[6.74762674 5.5137507  1.54308512 3.55702128 5.14347459 3.82464482]", "nit": "29", "callback": [0.30984386181795154, 0.2803912746318503]}, "10": {"maxiter": 500, "gtol": 1e-05, "xrtol": 1e-10, "eps": 1e-05, "duration": 0.06188392639160156, "fun": "0.28026218150540705", "jac": "[ 4.40407710e-06 -6.40487663e-08  9.92195215e-07  8.60050919e-06\n -7.08827441e-06  6.92512714e-06]", "hess_inv": "[[  4.60359742   1.93070639  -1.03687832  -0.91362625   2.33176767\n   -0.24149472]\n [  1.93070639  18.54036589 -17.15708261  -1.12377177  -7.55692978\n   -9.37944375]\n [ -1.03687832 -17.15708261  21.33776756   2.4748344   11.87695105\n   10.80495361]\n [ -0.91362625  -1.12377177   2.4748344    4.06047854   3.98544566\n    3.40409322]\n [  2.33176767  -7.55692978  11.87695105   3.98544566  29.9133524\n   25.49833588]\n [ -0.24149472  -9.37944375  10.80495361   3.40409322  25.49833588\n   26.44306084]]", "nfev": "231", "njev": "33", "status": "0", "success": "True", "message": "Optimization terminated successfully.", "x": "[6.7476227  5.51382638 1.54297059 3.5569811  5.14325669 3.82444688]", "nit": "29", "callback": [0.30984494742994095, 0.2803914899305694]}, "11": {"maxiter": 500, "gtol": 1e-05, "xrtol": 1e-10, "eps": 1e-10, "duration": 0.06612110137939453, "fun": "0.2802621818009934", "jac": "[ 2.22044587e-06  3.33066880e-06  5.55111466e-06  9.99200639e-06\n -1.11022293e-06  9.99200639e-06]", "hess_inv": "[[  4.59598667   1.85603579  -0.92505649  -0.87951956   2.47227729\n   -0.09139691]\n [  1.85603579  18.21603761 -16.71185249  -1.01386045  -7.16022083\n   -8.99054031]\n [ -0.92505649 -16.71185249  20.69364283   2.30406204  11.2297402\n   10.21698913]\n [ -0.87951956  -1.01386045   2.30406204   4.01160603   3.80028183\n    3.25090594]\n [  2.47227729  -7.16022083  11.2297402    3.80028183  29.2473698\n   25.01004353]\n [ -0.09139691  -8.99054031  10.21698913   3.25090594  25.01004353\n   26.09035247]]", "nfev": "231", "njev": "33", "status": "0", "success": "True", "message": "Optimization terminated successfully.", "x": "[6.74762674 5.5137507  1.54308512 3.55702128 5.14347459 3.82464482]", "nit": "29", "callback": [0.30984386181795154, 0.2803912746318503]}, "12": {"maxiter": 500, "gtol": 1e-10, "xrtol": 1e-05, "eps": 1e-05, "duration": 0.06588602066040039, "fun": "0.28026218141960957", "jac": "[ 4.23627800e-07  4.40447678e-07  1.69420034e-08  1.71003212e-06\n -1.55088165e-06  1.32429623e-06]", "hess_inv": "[[  4.63184207   2.05581527  -1.15366834  -1.0377648    2.24723153\n   -0.41926207]\n [  2.05581527  19.09444887 -17.67231286  -1.67746627  -7.93005728\n  -10.1706909 ]\n [ -1.15366834 -17.67231286  21.76830723   3.08413857  12.19331239\n   11.63614618]\n [ -1.0377648   -1.67746627   3.08413857   4.43014423   4.41782118\n    4.00921377]\n [  2.24723153  -7.93005728  12.19331239   4.41782118  30.14533748\n   26.09130862]\n [ -0.41926207 -10.1706909   11.63614618   4.00921377  26.09130862\n   27.38546217]]", "nfev": "238", "njev": "34", "status": "0", "success": "True", "message": "Optimization terminated successfully.", "x": "[6.74763133 5.51386473 1.54293226 3.55694796 5.14322918 3.82439734]", "nit": "30", "callback": [0.30984494742994095, 0.2803914899305694, 0.28026218141960957]}, "13": {"maxiter": 500, "gtol": 1e-10, "xrtol": 1e-05, "eps": 1e-10, "duration": 0.06745696067810059, "fun": "0.28026218117405344", "jac": "[ 4.44089173e-06 -1.11022293e-06 -1.11022293e-06  1.11022293e-06\n -1.11022293e-06  1.11022293e-06]", "hess_inv": "[[  4.50587771   1.88628725  -1.15254047  -1.11398416   1.27419382\n   -1.27425912]\n [  1.88628725  15.15164615 -12.98878875  -0.28307708  -2.74195373\n   -5.16382132