{"date": "2024/09/24/, 02:23:34", "conf_id": 207, "data_type": "non_lin_ind\n", "num_data_points": 3, "s_rank": 0, "unitary": "[[0.18663085-0.53122324j,-0.11886349-0.70040876j,0.28555095-0.02789305j,-0.12262021-0.2844587j],[-0.16702216+0.27758472j,0.27526351-0.29738586j,-0.01109314+0.22495461j,-0.77239203+0.28900673j],[0.61935415+0.12301792j,-0.31269928-0.03315917j,-0.61902762-0.19039079j,-0.27120731-0.0968989j],[0.42341754+0.0023929j,-0.05847358+0.47832119j,0.64900495-0.16218422j,-0.37182676-0.05229966j]]", "databatch_0": {"databatch": "[[[-0.10596799+0.03035018j,0.07383718+0.25849333j,-0.03363194+0.24150243j,-0.17625545-0.12534366j],[-0.14264933-0.12632801j,-0.41491079-0.02879071j,-0.19633222+0.08802137j,0.1484902-0.1616007j],[-0.05904515-0.10565533j,-0.28570145+0.12711029j,-0.26024863+0.00873252j,0.1096488-0.21443476j],[0.1425637-0.17628804j,0.11046116+0.06108503j,-0.39616436-0.13068085j,0.04500999-0.15483769j]],[[0.02338473-0.06096077j,0.11733271+0.06565513j,0.29138873-0.0355562j,0.0189664-0.07434389j],[0.11712609+0.06716634j,-0.16383003+0.24521242j,0.02409885+0.63081413j,0.16170915+0.06504952j],[0.07654379+0.01474925j,-0.05069252+0.15279919j,0.10672953+0.33403131j,0.09246168+0.00601688j],[-0.06995737+0.01314519j,-0.04417414-0.17489183j,-0.28570699-0.23745639j,-0.10450624+0.0377498j]],[[0.1239836+0.06108945j,-0.16500975+0.12554275j,0.07046942+0.04958328j,-0.17907542+0.03673173j],[-0.16440884+0.26533017j,-0.25169375-0.40262129j,-0.10671435+0.14413653j,-0.04284558-0.41419475j],[-0.04411815+0.16041472j,-0.18639221-0.16655776j,-0.04162082+0.09318866j,-0.08418218-0.20362647j],[-0.04674186-0.19360327j,0.30336339+0.0669726j,-0.03437166-0.09800419j,0.20886192+0.17001195j]]]", "initial param values": "[3.51247128,3.68319181,3.00855388,2.71615386,3.44833491,3.77745628]", "nelder_mead": {"type": "gradient-free", "0": {"maxiter": 100, "fatol": 1e-05, "xatol": 1e-05, "duration": 0.0400238037109375, "fun": "0.3200571940896677", "nit": "100", "nfev": "160", "status": "2", "success": "False", "message": "Maximum number of iterations has been exceeded.", "x": "[4.36227881 2.53835764 1.71588559 3.99563429 6.04188034 2.96438288]", "final_simplex": "(array([[4.36227881, 2.53835764, 1.71588559, 3.99563429, 6.04188034,\n        2.96438288],\n       [4.28568176, 2.70408311, 1.81039705, 3.95406354, 5.82466416,\n        2.83794589],\n       [4.25638747, 2.6776721 , 1.89326733, 3.85096773, 5.7894537 ,\n        2.89814333],\n       [4.35640582, 2.47864453, 1.78619421, 3.92322298, 6.04926065,\n        3.09468147],\n       [4.30392873, 2.61229774, 1.66569704, 3.93837519, 6.03579648,\n        2.96571775],\n       [4.27712148, 2.68828755, 1.75185886, 3.94795079, 5.82477778,\n        2.92918757],\n       [4.31849132, 2.57423439, 1.95011285, 3.81994886, 5.88823961,\n        3.06965351]]), array([0.32005719, 0.32149069, 0.3246738 , 0.32493193, 0.32583492,\n       0.32732386, 0.3292607 ]))", "callback": [0.4855474695221168, 0.4326680530062771, 0.42341081116002643, 0.41999966510666653, 0.41787553988818293, 0.4086041911808308, 0.38658548758169275, 0.36089505989994475, 0.3258349208987087]}, "1": {"maxiter": 100, "fatol": 1e-05, "xatol": 1e-10, "duration": 0.036379098892211914, "fun": "0.3200571940896677", "nit": "100", "nfev": "160", "status": "2", "success": "False", "message": "Maximum number of iterations has been exceeded.", "x": "[4.36227881 2.53835764 1.71588559 3.99563429 6.04188034 2.96438288]", "final_simplex": "(array([[4.36227881, 2.53835764, 1.71588559, 3.99563429, 6.04188034,\n        2.96438288],\n       [4.28568176, 2.70408311, 1.81039705, 3.95406354, 5.82466416,\n        2.83794589],\n       [4.25638747, 2.6776721 , 1.89326733, 3.85096773, 5.7894537 ,\n        2.89814333],\n       [4.35640582, 2.47864453, 1.78619421, 3.92322298, 6.04926065,\n        3.09468147],\n       [4.30392873, 2.61229774, 1.66569704, 3.93837519, 6.03579648,\n        2.96571775],\n       [4.27712148, 2.68828755, 1.75185886, 3.94795079, 5.82477778,\n        2.92918757],\n       [4.31849132, 2.57423439, 1.95011285, 3.81994886, 5.88823961,\n        3.06965351]]), array([0.32005719, 0.32149069, 0.3246738 , 0.32493193, 0.32583492,\n       0.32732386, 0.3292607 ]))", "callback": [0.4855474695221168, 0.4326680530062771, 0.42341081116002643, 0.41999966510666653, 0.41787553988818293, 0.4086041911808308, 0.38658548758169275, 0.36089505989994475, 0.3258349208987087]}, "2": {"maxiter": 100, "fatol": 1e-10, "xatol": 1e-05, "duration": 0.03580427169799805, "fun": "0.3200571940896677", "nit": "100", "nfev": "160", "status": "2", "success": "False", "message": "Maximum number of iterations has been exceeded.", "x": "[4.36227881 2.53835764 1.71588559 3.99563429 6.04188034 2.96438288]", "final_simplex": "(array([[4.36227881, 2.53835764, 1.71588559, 3.99563429, 6.04188034,\n        2.96438288],\n       [4.28568176, 2.70408311, 1.81039705, 3.95406354, 5.82466416,\n        2.83794589],\n       [4.25638747, 2.6776721 , 1.89326733, 3.85096773, 5.7894537 ,\n        2.89814333],\n       [4.35640582, 2.47864453, 1.78619421, 3.92322298, 6.04926065,\n        3.09468147],\n       [4.30392873, 2.61229774, 1.66569704, 3.93837519, 6.03579648,\n        2.96571775],\n       [4.27712148, 2.68828755, 1.75185886, 3.94795079, 5.82477778,\n        2.92918757],\n       [4.31849132, 2.57423439, 1.95011285, 3.81994886, 5.88823961,\n        3.06965351]]), array([0.32005719, 0.32149069, 0.3246738 , 0.32493193, 0.32583492,\n       0.32732386, 0.3292607 ]))", "callback": [0.4855474695221168, 0.4326680530062771, 0.42341081116002643, 0.41999966510666653, 0.41787553988818293, 0.4086041911808308, 0.38658548758169275, 0.36089505989994475, 0.3258349208987087]}, "3": {"maxiter": 100, "fatol": 1e-10, "xatol": 1e-10, "duration": 0.03562021255493164, "fun": "0.3200571940896677", "nit": "100", "nfev": "160", "status": "2", "success": "False", "message": "Maximum number of iterations has been exceeded.", "x": "[4.36227881 2.53835764 1.71588559 3.99563429 6.04188034 2.96438288]", "final_simplex": "(array([[4.36227881, 2.53835764, 1.71588559, 3.99563429, 6.04188034,\n        2.96438288],\n       [4.28568176, 2.70408311, 1.81039705, 3.95406354, 5.82466416,\n        2.83794589],\n       [4.25638747, 2.6776721 , 1.89326733, 3.85096773, 5.7894537 ,\n        2.89814333],\n       [4.35640582, 2.47864453, 1.78619421, 3.92322298, 6.04926065,\n        3.09468147],\n       [4.30392873, 2.61229774, 1.66569704, 3.93837519, 6.03579648,\n        2.96571775],\n       [4.27712148, 2.68828755, 1.75185886, 3.94795079, 5.82477778,\n        2.92918757],\n       [4.31849132, 2.57423439, 1.95011285, 3.81994886, 5.88823961,\n        3.06965351]]), array([0.32005719, 0.32149069, 0.3246738 , 0.32493193, 0.32583492,\n       0.32732386, 0.3292607 ]))", "callback": [0.4855474695221168, 0.4326680530062771, 0.42341081116002643, 0.41999966510666653, 0.41787553988818293, 0.4086041911808308, 0.38658548758169275, 0.36089505989994475, 0.3258349208987087]}, "4": {"maxiter": 500, "fatol": 1e-05, "xatol": 1e-05, "duration": 0.17279791831970215, "fun": "0.16874129374072266", "nit": "500", "nfev": "774", "status": "2", "success": "False", "message": "Maximum number of iterations has been exceeded.", "x": "[5.59008255 3.92594101 0.72110616 3.58239115 8.81644939 4.42534747]", "final_simplex": "(array([[5.59008255, 3.92594101, 0.72110616, 3.58239115, 8.81644939,\n        4.42534747],\n       [5.59115093, 3.9262292 , 0.72222433, 3.58279635, 8.81387678,\n        4.42407504],\n       [5.58946124, 3.92367303, 0.72412228, 3.58044926, 8.81301088,\n        4.4241335 ],\n       [5.58967874, 3.92440382, 0.72505729, 3.58136876, 8.81449355,\n        4.42638727],\n       [5.59130362, 3.92531085, 0.72361057, 3.58186235, 8.81134644,\n        4.42100061],\n       [5.59173002, 3.92387732, 0.72373089, 3.58161835, 8.81354534,\n        4.42330517],\n       [5.59069769, 3.92724798, 0.72138987, 3.58068243, 8.81584489,\n        4.42607247]]), array([0.16874129, 0.16874137, 0.1687415 , 0.16874153, 0.16874155,\n       0.16874184, 0.16874189]))", "callback": [0.4855474695221168, 0.4326680530062771, 0.42341081116002643, 0.41999966510666653, 0.41787553988818293, 0.4086041911808308, 0.38658548758169275, 0.36089505989994475, 0.3258349208987087, 0.3200571940896677, 0.31218324679726894, 0.30969577058505726, 0.30618120053901343, 0.2886157216104026, 0.24958803642211658, 0.2317566354980608, 0.20228173018792062, 0.19638455049577808, 0.18979307480397745, 0.1862850439791205, 0.18394690820130466, 0.18336352207551132, 0.18198031742160292, 0.17793195001969153, 0.17286967794318642, 0.16982391813677278, 0.16893861157425738, 0.16893555750424272, 0.16882047086538554, 0.16879522145782389, 0.16878947397658284, 0.16878776508004234, 0.16878739222439576, 0.16878733119912248, 0.16878697525103792, 0.16878656833175965, 0.16878635691795119, 0.1687861125089407, 0.1687858351286442, 0.16878519721048713, 0.16878325692707896, 0.1687785136272133, 0.1687735112004285, 0.1687622641433083, 0.1687557449828333, 0.16874808139685582, 0.16874297729934018, 0.16874297729934018, 0.16874149598623467]}, "5": {"maxiter": 500, "fatol": 1e-05, "xatol": 1e-10, "duration": 0.1730639934539795, "fun": "0.16874129374072266", "nit": "500", "nfev": "774", "status": "2", "success": "False", "message": "Maximum number of iterations has been exceeded.", "x": "[5.59008255 3.92594101 0.72110616 3.58239115 8.81644939 4.42534747]", "final_simplex": "(array([[5.59008255, 3.92594101, 0.72110616, 3.58239115, 8.81644939,\n        4.42534747],\n       [5.59115093, 3.9262292 , 0.72222433, 3.58279635, 8.81387678,\n        4.42407504],\n       [5.58946124, 3.92367303, 0.72412228, 3.58044926, 8.81301088,\n        4.4241335 ],\n       [5.58967874, 3.92440382, 0.72505729, 3.58136876, 8.81449355,\n        4.42638727],\n       [5.59130362, 3.92531085, 0.72361057, 3.58186235, 8.81134644,\n        4.42100061],\n       [5.59173002, 3.92387732, 0.72373089, 3.58161835, 8.81354534,\n        4.42330517],\n       [5.59069769, 3.92724798, 0.72138987, 3.58068243, 8.81584489,\n        4.42607247]]), array([0.16874129, 0.16874137, 0.1687415 , 0.16874153, 0.16874155,\n       0.16874184, 0.16874189]))", "callback": [0.4855474695221168, 0.4326680530062771, 0.42341081116002643, 0.41999966510666653, 0.41787553988818293, 0.4086041911808308, 0.38658548758169275, 0.36089505989994475, 0.3258349208987087, 0.3200571940896677, 0.31218324679726894, 0.30969577058505726, 0.30618120053901343, 0.2886157216104026, 0.24958803642211658, 0.2317566354980608, 0.20228173018792062, 0.19638455049577808, 0.18979307480397745, 0.1862850439791205, 0.18394690820130466, 0.18336352207551132, 0.18198031742160292, 0.17793195001969153, 0.17286967794318642, 0.16982391813677278, 0.16893861157425738, 0.16893555750424272, 0.16882047086538554, 0.16879522145782389, 0.16878947397658284, 0.16878776508004234, 0.16878739222439576, 0.16878733119912248, 0.16878697525103792, 0.16878656833175965, 0.16878635691795119, 0.1687861125089407, 0.1687858351286442, 0.16878519721048713, 0.16878325692707896, 0.1687785136272133, 0.1687735112004285, 0.1687622641433083, 0.1687557449828333, 0.16874808139685582, 0.16874297729934018, 0.16874297729934018, 0.16874149598623467]}, "6": {"maxiter": 500, "fatol": 1e-10, "xatol": 1e-05, "duration": 0.18380117416381836, "fun": "0.16874129374072266", "nit": "500", "nfev": "774", "status": "2", "success": "False", "message": "Maximum number of iterations has been exceeded.", "x": "[5.59008255 3.92594101 0.72110616 3.58239115 8.81644939 4.42534747]", "final_simplex": "(array([[5.59008255, 3.92594101, 0.72110616, 3.58239115, 8.81644939,\n        4.42534747],\n       [5.59115093, 3.9262292 , 0.72222433, 3.58279635, 8.81387678,\n        4.42407504],\n       [5.58946124, 3.92367303, 0.72412228, 3.58044926, 8.81301088,\n        4.4241335 ],\n       [5.58967874, 3.92440382, 0.72505729, 3.58136876, 8.81449355,\n        4.42638727],\n       [5.59130362, 3.92531085, 0.72361057, 3.58186235, 8.81134644,\n        4.42100061],\n       [5.59173002, 3.92387732, 0.72373089, 3.58161835, 8.81354534,\n        4.42330517],\n       [5.59069769, 3.92724798, 0.72138987, 3.58068243, 8.81584489,\n        4.42607247]]), array([0.16874129, 0.16874137, 0.1687415 , 0.16874153, 0.16874155,\n       0.16874184, 0.16874189]))", "callback": [0.4855474695221168, 0.4326680530062771, 0.42341081116002643, 0.41999966510666653, 0.41787553988818293, 0.4086041911808308, 0.38658548758169275, 0.36089505989994475, 0.3258349208987087, 0.3200571940896677, 0.31218324679726894, 0.30969577058505726, 0.30618120053901343, 0.2886157216104026, 0.24958803642211658, 0.2317566354980608, 0.20228173018792062, 0.19638455049577808, 0.18979307480397745, 0.1862850439791205, 0.18394690820130466, 0.18336352207551132, 0.18198031742160292, 0.17793195001969153, 0.17286967794318642, 0.16982391813677278, 0.16893861157425738, 0.16893555750424272, 0.16882047086538554, 0.16879522145782389, 0.16878947397658284, 0.16878776508004234, 0.16878739222439576, 0.16878733119912248, 0.16878697525103792, 0.16878656833175965, 0.16878635691795119, 0.1687861125089407, 0.1687858351286442, 0.16878519721048713, 0.16878325692707896, 0.1687785136272133, 0.1687735112004285, 0.1687622641433083, 0.1687557449828333, 0.16874808139685582, 0.16874297729934018, 0.16874297729934018, 0.16874149598623467]}, "7": {"maxiter": 500, "fatol": 1e-10, "xatol": 1e-10, "duration": 0.1880331039428711, "fun": "0.16874129374072266", "nit": "500", "nfev": "774", "status": "2", "success": "False", "message": "Maximum number of iterations has been exceeded.", "x": "[5.59008255 3.92594101 0.72110616 3.58239115 8.81644939 4.42534747]", "final_simplex": "(array([[5.59008255, 3.92594101, 0.72110616, 3.58239115, 8.81644939,\n        4.42534747],\n       [5.59115093, 3.9262292 , 0.72222433, 3.58279635, 8.81387678,\n        4.42407504],\n       [5.58946124, 3.92367303, 0.72412228, 3.58044926, 8.81301088,\n        4.4241335 ],\n       [5.58967874, 3.92440382, 0.72505729, 3.58136876, 8.81449355,\n        4.42638727],\n       [5.59130362, 3.92531085, 0.72361057, 3.58186235, 8.81134644,\n        4.42100061],\n       [5.59173002, 3.92387732, 0.72373089, 3.58161835, 8.81354534,\n        4.42330517],\n       [5.59069769, 3.92724798, 0.72138987, 3.58068243, 8.81584489,\n        4.42607247]]), array([0.16874129, 0.16874137, 0.1687415 , 0.16874153, 0.16874155,\n       0.16874184, 0.16874189]))", "callback": [0.4855474695221168, 0.4326680530062771, 0.42341081116002643, 0.41999966510666653, 0.41787553988818293, 0.4086041911808308, 0.38658548758169275, 0.36089505989994475, 0.3258349208987087, 0.3200571940896677, 0.31218324679726894, 0.30969577058505726, 0.30618120053901343, 0.2886157216104026, 0.24958803642211658, 0.2317566354980608, 0.20228173018792062, 0.19638455049577808, 0.18979307480397745, 0.1862850439791205, 0.18394690820130466, 0.18336352207551132, 0.18198031742160292, 0.17793195001969153, 0.17286967794318642, 0.16982391813677278, 0.16893861157425738, 0.16893555750424272, 0.16882047086538554, 0.16879522145782389, 0.16878947397658284, 0.16878776508004234, 0.16878739222439576, 0.16878733119912248, 0.16878697525103792, 0.16878656833175965, 0.16878635691795119, 0.1687861125089407, 0.1687858351286442, 0.16878519721048713, 0.16878325692707896, 0.1687785136272133, 0.1687735112004285, 0.1687622641433083, 0.1687557449828333, 0.16874808139685582, 0.16874297729934018, 0.16874297729934018, 0.16874149598623467]}, "8": {"maxiter": 1000, "fatol": 1e-05, "xatol": 1e-05, "duration": 0.2155461311340332, "fun": "0.16874074443175047", "nit": "595", "nfev": "935", "status": "0", "success": "True", "message": "Optimization terminated successfully.", "x": "[5.58917355 3.92743013 0.7211862  3.58199187 8.81807276 4.42729099]", "final_simplex": "(array([[5.58917355, 3.92743013, 0.7211862 , 3.58199187, 8.81807276,\n        4.42729099],\n       [5.58916941, 3.92742881, 0.7211869 , 3.58199012, 8.81807652,\n        4.42729885],\n       [5.58916943, 3.92743273, 0.72118414, 3.58199004, 8.81807534,\n        4.42729541],\n       [5.58917274, 3.92742503, 0.72119279, 3.58199243, 8.81806733,\n        4.42728915],\n       [5.58917382, 3.92743608, 0.72118414, 3.58199612, 8.8180724 ,\n        4.4272918 ],\n       [5.58917214, 3.92742948, 0.72118816, 3.58199153, 8.81807723,\n        4.42729369],\n       [5.58917236, 3.92743083, 0.72118823, 3.58199059, 8.8180714 ,\n        4.42729184]]), array([0.16874074, 0.16874074, 0.16874074, 0.16874074, 0.16874074,\n       0.16874074, 0.16874074]))", "callback": [0.4855474695221168, 0.4326680530062771, 0.42341081116002643, 0.41999966510666653, 0.41787553988818293, 0.4086041911808308, 0.38658548758169275, 0.36089505989994475, 0.3258349208987087, 0.3200571940896677, 0.31218324679726894, 0.30969577058505726, 0.30618120053901343, 0.2886157216104026, 0.24958803642211658, 0.2317566354980608, 0.20228173018792062, 0.19638455049577808, 0.18979307480397745, 0.1862850439791205, 0.18394690820130466, 0.18336352207551132, 0.18198031742160292, 0.17793195001969153, 0.17286967794318642, 0.16982391813677278, 0.16893861157425738, 0.16893555750424272, 0.16882047086538554, 0.16879522145782389, 0.16878947397658284, 0.16878776508004234, 0.16878739222439576, 0.16878733119912248, 0.16878697525103792, 0.16878656833175965, 0.16878635691795119, 0.1687861125089407, 0.1687858351286442, 0.16878519721048713, 0.16878325692707896, 0.1687785136272133, 0.1687735112004285, 0.1687622641433083, 0.1687557449828333, 0.16874808139685582, 0.16874297729934018, 0.16874297729934018, 0.16874149598623467, 0.16874129374072266, 0.16874083309062093, 0.16874079752776783, 0.16874076507425795, 0.1687407492490388, 0.16874074569176145, 0.16874074478092094, 0.16874074449608878, 0.16874074444080167, 0.16874074443275466]}, "9": {"maxiter": 1000, "fatol": 1e-05, "xatol": 1e-10, "duration": 0.27970027923583984, "fun": "0.16874074443078257", "nit": "688", "nfev": "1141", "status": "0", "success": "True", "message": "Optimization terminated successfully.", "x": "[5.58917107 3.9274311  0.72118607 3.58199235 8.81807746 4.4272969 ]", "final_simplex": "(array([[5.58917107, 3.9274311 , 0.72118607, 3.58199235, 8.81807746,\n        4.4272969 ],\n       [5.58917107, 3.9274311 , 0.72118607, 3.58199235, 8.81807746,\n        4.4272969 ],\n       [5.58917107, 3.9274311 , 0.72118607, 3.58199235, 8.81807746,\n        4.4272969 ],\n       [5.58917107, 3.9274311 , 0.72118607, 3.58199235, 8.81807746,\n        4.4272969 ],\n       [5.58917107, 3.9274311 , 0.72118607, 3.58199235, 8.81807746,\n        4.4272969 ],\n       [5.58917107, 3.9274311 , 0.72118607, 3.58199235, 8.81807746,\n        4.4272969 ],\n       [5.58917107, 3.9274311 , 0.72118607, 3.58199235, 8.81807746,\n        4.4272969 ]]), array([0.16874074, 0.16874074, 0.16874074, 0.16874074, 0.16874074,\n       0.16874074, 0.16874074]))", "callback": [0.4855474695221168, 0.4326680530062771, 0.42341081116002643, 0.41999966510666653, 0.41787553988818293, 0.4086041911808308, 0.38658548758169275, 0.36089505989994475, 0.3258349208987087, 0.3200571940896677, 0.31218324679726894, 0.30969577058505726, 0.30618120053901343, 0.2886157216104026, 0.24958803642211658, 0.2317566354980608, 0.20228173018792062, 0.19638455049577808, 0.18979307480397745, 0.1862850439791205, 0.18394690820130466, 0.18336352207551132, 0.18198031742160292, 0.17793195001969153, 0.17286967794318642, 0.16982391813677278, 0.16893861157425738, 0.16893555750424272, 0.16882047086538554, 0.16879522145782389, 0.16878947397658284, 0.16878776508004234, 0.16878739222439576, 0.16878733119912248, 0.16878697525103792, 0.16878656833175965, 0.16878635691795119, 0.1687861125089407, 0.1687858351286442, 0.16878519721048713, 0.16878325692707896, 0.1687785136272133, 0.1687735112004285, 0.1687622641433083, 0.1687557449828333, 0.16874808139685582, 0.16874297729934018, 0.16874297729934018, 0.16874149598623467, 0.16874129374072266, 0.16874083309062093, 0.16874079752776783, 0.16874076507425795, 0.1687407492490388, 0.16874074569176145, 0.16874074478092094, 0.16874074449608878, 0.16874074444080167, 0.16874074443275466, 0.1687407444311021, 0.16874074443087184, 0.16874074443080167, 0.16874074443078546, 0.1687407444307839, 0.16874074443078302, 0.1687407444307828, 0.1687407444307828, 0.1687407444307828]}, "10": {"maxiter": 1000, "fatol": 1e-10, "xatol": 1e-05, "duration": 0.2162020206451416, "fun": "0.16874074443175047", "nit": "595", "nfev": "935", "status": "0", "success": "True", "message": "Optimization terminated successfully.", "x": "[5.58917355 3.92743013 0.7211862  3.58199187 8.81807276 4.42729099]", "final_simplex": "(array([[5.58917355, 3.92743013, 0.7211862 , 3.58199187, 8.81807276,\n        4.42729099],\n       [5.58916941, 3.92742881, 0.7211869 , 3.58199012, 8.81807652,\n        4.42729885],\n       [5.58916943, 3.92743273, 0.72118414, 3.58199004, 8.81807534,\n        4.42729541],\n       [5.58917274, 3.92742503, 0.72119279, 3.58199243, 8.81806733,\n        4.42728915],\n       [5.58917382, 3.92743608, 0.72118414, 3.58199612, 8.8180724 ,\n        4.4272918 ],\n       [5.58917214, 3.92742948, 0.72118816, 3.58199153, 8.81807723,\n        4.42729369],\n       [5.58917236, 3.92743083, 0.72118823, 3.58199059, 8.8180714 ,\n        4.42729184]]), array([0.16874074, 0.16874074, 0.16874074, 0.16874074, 0.16874074,\n       0.16874074, 0.16874074]))", "callback": [0.4855474695221168, 0.4326680530062771, 0.42341081116002643, 0.41999966510666653, 0.41787553988818293, 0.4086041911808308, 0.38658548758169275, 0.36089505989994475, 0.3258349208987087, 0.3200571940896677, 0.31218324679726894, 0.30969577058505726, 0.30618120053901343, 0.2886157216104026, 0.24958803642211658, 0.2317566354980608, 0.20228173018792062, 0.19638455049577808, 0.18979307480397745, 0.1862850439791205, 0.18394690820130466, 0.18336352207551132, 0.18198031742160292, 0.17793195001969153, 0.17286967794318642, 0.16982391813677278, 0.16893861157425738, 0.16893555750424272, 0.16882047086538554, 0.16879522145782389, 0.16878947397658284, 0.16878776508004234, 0.16878739222439576, 0.16878733119912248, 0.16878697525103792, 0.16878656833175965, 0.16878635691795119, 0.1687861125089407, 0.1687858351286442, 0.16878519721048713, 0.16878325692707896, 0.1687785136272133, 0.1687735112004285, 0.1687622641433083, 0.1687557449828333, 0.16874808139685582, 0.16874297729934018, 0.16874297729934018, 0.16874149598623467, 0.16874129374072266, 0.16874083309062093, 0.16874079752776783, 0.16874076507425795, 0.1687407492490388, 0.16874074569176145, 0.16874074478092094, 0.16874074449608878, 0.16874074444080167, 0.16874074443275466]}, "11": {"maxiter": 1000, "fatol": 1e-10, "xatol": 1e-10, "duration": 0.26268815994262695, "fun": "0.16874074443078257", "nit": "688", "nfev": "1141", "status": "0", "success": "True", "message": "Optimization terminated successfully.", "x": "[5.58917107 3.9274311  0.72118607 3.58199235 8.81807746 4.4272969 ]", "final_simplex": "(array([[5.58917107, 3.9274311 , 0.72118607, 3.58199235, 8.81807746,\n        4.4272969 ],\n       [5.58917107, 3.9274311 , 0.72118607, 3.58199235, 8.81807746,\n        4.4272969 ],\n       [5.58917107, 3.9274311 , 0.72118607, 3.58199235, 8.81807746,\n        4.4272969 ],\n       [5.58917107, 3.9274311 , 0.72118607, 3.58199235, 8.81807746,\n        4.4272969 ],\n       [5.58917107, 3.9274311 , 0.72118607, 3.58199235, 8.81807746,\n        4.4272969 ],\n       [5.58917107, 3.9274311 , 0.72118607, 3.58199235, 8.81807746,\n        4.4272969 ],\n       [5.58917107, 3.9274311 , 0.72118607, 3.58199235, 8.81807746,\n        4.4272969 ]]), array([0.16874074, 0.16874074, 0.16874074, 0.16874074, 0.16874074,\n       0.16874074, 0.16874074]))", "callback": [0.4855474695221168, 0.4326680530062771, 0.42341081116002643, 0.41999966510666653, 0.41787553988818293, 0.4086041911808308, 0.38658548758169275, 0.36089505989994475, 0.3258349208987087, 0.3200571940896677, 0.31218324679726894, 0.30969577058505726, 0.30618120053901343, 0.2886157216104026, 0.24958803642211658, 0.2317566354980608, 0.20228173018792062, 0.19638455049577808, 0.18979307480397745, 0.1862850439791205, 0.18394690820130466, 0.18336352207551132, 0.18198031742160292, 0.17793195001969153, 0.17286967794318642, 0.16982391813677278, 0.16893861157425738, 0.16893555750424272, 0.16882047086538554, 0.16879522145782389, 0.16878947397658284, 0.16878776508004234, 0.16878739222439576, 0.16878733119912248, 0.16878697525103792, 0.16878656833175965, 0.16878635691795119, 0.1687861125089407, 0.1687858351286442, 0.16878519721048713, 0.16878325692707896, 0.1687785136272133, 0.1687735112004285, 0.1687622641433083, 0.1687557449828333, 0.16874808139685582, 0.16874297729934018, 0.16874297729934018, 0.16874149598623467, 0.16874129374072266, 0.16874083309062093, 0.16874079752776783, 0.16874076507425795, 0.1687407492490388, 0.16874074569176145, 0.16874074478092094, 0.16874074449608878, 0.16874074444080167, 0.16874074443275466, 0.1687407444311021, 0.16874074443087184, 0.16874074443080167, 0.16874074443078546, 0.1687407444307839, 0.16874074443078302, 0.1687407444307828, 0.1687407444307828, 0.1687407444307828]}}, "bfgs": {"type": "gradient", "0": {"maxiter": 100, "gtol": 1e-05, "xrtol": 1e-05, "eps": 1e-05, "duration": 0.13353705406188965, "fun": "0.16874074458307853", "jac": "[-5.63137315e-06  2.17291740e-06  4.36981562e-06  4.74499329e-06\n  6.26256824e-06 -6.43438636e-06]", "hess_inv": "[[  5.69806581   0.06805515   0.11586327   2.57903183  -5.83441915\n   -7.71838383]\n [  0.06805515  16.50064436 -13.81888515   4.52812042   9.99848868\n    6.67942805]\n [  0.11586327 -13.81888515  16.39496726  -2.22614429 -12.56949116\n   -6.46776624]\n [  2.57903183   4.52812042  -2.22614429   5.23119316  -0.96878324\n   -1.52644267]\n [ -5.83441915   9.99848868 -12.56949116  -0.96878324  33.13900928\n   27.71054656]\n [ -7.71838383   6.67942805  -6.46776624  -1.52644267  27.71054656\n   28.52801567]]", "nfev": "574", "njev": "82", "status": "0", "success": "True", "message": "Optimization terminated successfully.", "x": "[-0.69401675  3.92740817  0.72120627  3.58199219  2.53484775  4.42724127]", "nit": "71", "callback": [0.33991903903459497, 0.33556770462346985, 0.33503003179387236, 0.31736145872260224, 0.18784219052711337, 0.1804270448660662, 0.1687407490066667]}, "1": {"maxiter": 100, "gtol": 1e-05, "xrtol": 1e-05, "eps": 1e-10, "duration": 0.12310576438903809, "fun": "0.16874074474051126", "jac": "[2.22044587e-06 2.22044587e-06 0.00000000e+00 7.77156053e-06\n 0.00000000e+00 3.33066880e-06]", "hess_inv": "[[  5.7004752   -0.90844883   0.33498437  -2.64074567   6.0073539\n    7.59558088]\n [ -0.90844883  17.11598279 -14.00757981   5.56537775   9.30529332\n    5.46887383]\n [  0.33498437 -14.00757981  15.85795127  -3.00230627 -10.46920579\n   -4.85835191]\n [ -2.64074567   5.56537775  -3.00230627   5.9989074   -0.04335689\n   -1.07022256]\n [  6.0073539    9.30529332 -10.46920579  -0.04335689  31.85624132\n   26.0901357 ]\n [  7.59558088   5.46887383  -4.85835191  -1.07022256  26.0901357\n   26.59742123]]", "nfev": "539", "njev": "77", "status": "0", "success": "True", "message": "Optimization terminated successfully.", "x": "[0.69402267 0.78592258 3.86271878 3.58203441 2.53497608 4.42737048]", "nit": "61", "callback": [0.3399092260001789, 0.3355678895238765, 0.3350240620209405, 0.2601659969423472, 0.18654909280969434, 0.16874074712365184]}, "2": {"maxiter": 100, "gtol": 1e-05, "xrtol": 1e-10, "eps": 1e-05, "duration": 0.131850004196167, "fun": "0.16874074458307853", "jac": "[-5.63137315e-06  2.17291740e-06  4.36981562e-06  4.74499329e-06\n  6.26256824e-06 -6.43438636e-06]", "hess_inv": "[[  5.69806581   0.06805515   0.11586327   2.57903183  -5.83441915\n   -7.71838383]\n [  0.06805515  16.50064436 -13.81888515   4.52812042   9.99848868\n    6.67942805]\n [  0.11586327 -13.81888515  16.39496726  -2.22614429 -12.56949116\n   -6.46776624]\n [  2.57903183   4.52812042  -2.22614429   5.23119316  -0.96878324\n   -1.52644267]\n [ -5.83441915   9.99848868 -12.56949116  -0.96878324  33.13900928\n   27.71054656]\n [ -7.71838383   6.67942805  -6.46776624  -1.52644267  27.71054656\n   28.52801567]]", "nfev": "574", "njev": "82", "status": "0", "success": "True", "message": "Optimization terminated successfully.", "x": "[-0.69401675  3.92740817  0.72120627  3.58199219  2.53484775  4.42724127]", "nit": "71", "callback": [0.33991903903459497, 0.33556770462346985, 0.33503003179387236, 0.31736145872260224, 0.18784219052711337, 0.1804270448660662, 0.1687407490066667]}, "3": {"maxiter": 100, "gtol": 1e-05, "xrtol": 1e-10, "eps": 1e-10, "duration": 0.12308216094970703, "fun": "0.16874074474051126", "jac": "[2.22044587e-06 2.22044587e-06 0.00000000e+00 7.77156053e-06\n 0.00000000e+00 3.33066880e-06]", "hess_inv": "[[  5.7004752   -0.90844883   0.33498437  -2.64074567   6.0073539\n    7.59558088]\n [ -0.90844883  17.11598279 -14.00757981   5.56537775   9.30529332\n    5.46887383]\n [  0.33498437 -14.00757981  15.85795127  -3.00230627 -10.46920579\n   -4.85835191]\n [ -2.64074567   5.56537775  -3.00230627   5.9989074   -0.04335689\n   -1.07022256]\n [  6.0073539    9.30529332 -10.46920579  -0.04335689  31.85624132\n   26.0901357 ]\n [  7.59558088   5.46887383  -4.85835191  -1.07022256  26.0901357\n   26.59742123]]", "nfev": "539", "njev": "77", "status": "0", "success": "True", "message": "Optimization terminated successfully.", "x": "[0.69402267 0.78592258 3.86271878 3.58203441 2.53497608 4.42737048]", "nit": "61", "callback": [0.3399092260001789, 0.3355678895238765, 0.3350240620209405, 0.2601659969423472, 0.18654909280969434, 0.16874074712365184]}, "4": {"maxiter": 100, "gtol": 1e-10, "xrtol": 1e-05, "eps": 1e-05, "duration": 0.13320016860961914, "fun": "0.1687407445731347", "jac": "[-1.52649005e-06 -2.17859064e-07  8.95472585e-07  1.25621735e-06\n  1.78215220e-06 -1.70209402e-06]", "hess_inv": "[[  5.62334261  -0.1643225    0.34441283   2.56470569  -5.9446184\n   -7.7469756 ]\n [ -0.1643225   17.05849142 -14.03031846   5.04291942  10.86901576\n    7.12966853]\n [  0.34441283 -14.03031846  16.36005747  -2.58515638 -13.10617083\n   -6.76860162]\n [  2.56470569   5.04291942  -2.58515638   5.47278249  -0.4599474\n   -1.2964098 ]\n [ -5.9446184   10.86901576 -13.10617083  -0.4599474   34.12597952\n   28.17921033]\n [ -7.7469756    7.12966853  -6.76860162  -1.2964098   28.17921033\n   28.74408707]]", "nfev": "581", "njev": "83", "status": "0", "success": "True", "message": "Optimization terminated successfully.", "x": "[-0.69401102  3.92738536  0.721218    3.58197554  2.53481771  4.42722635]", "nit": "72", "callback": [0.33991903903459497, 0.33556770462346985, 0.33503003179387236, 0.31736145872260224, 0.18784219052711337, 0.1804270448660662, 0.1687407490066667]}, "5": {"maxiter": 100, "gtol": 1e-10, "xrtol": 1e-05, "eps": 1e-10, "duration": 0.13165807723999023, "fun": "0.16874074443786002", "jac": "[ 0.00000000e+00  2.22044587e-06  0.00000000e+00  0.00000000e+00\n  0.00000000e+00 -1.11022293e-06]", "hess_inv": "[[  7.03923062   4.1166507   -3.44913617  -0.68466854  12.82873835\n   13.96348485]\n [  4.1166507   29.28431659 -23.83712346   8.33457241  28.4191892\n   23.56445644]\n [ -3.44913617 -23.83712346  23.69846399  -5.54265696 -25.53461423\n  -19.07452127]\n [ -0.68466854   8.33457241  -5.54265696   5.73270052   5.48787356\n    4.26634532]\n [ 12.82873835  28.4191892  -25.53461423   5.48787356  60.53871318\n   53.00322907]\n [ 13.96348485  23.56445644 -19.07452127   4.26634532  53.00322907\n   51.89268258]]", "nfev": "574", "njev": "82", "status": "0", "success": "True", "message": "Optimization terminated successfully.", "x": "[0.6940097  0.78584676 3.86277342 3.58199694 2.53488159 4.42728432]", "nit": "63", "callback": [0.3399092260001789, 0.3355678895238765, 0.3350240620209405, 0.2601659969423472, 0.18654909280969434, 0.16874074712365184]}, "6": {"maxiter": 100, "gtol": 1e-10, "xrtol": 1e-10, "eps": 1e-05, "duration": 0.19683408737182617, "fun": "0.1687407445731347", "jac": "[-1.52649005e-06 -2.17859064e-07  8.95472585e-07  1.25621735e-06\n  1.78215220e-06 -1.70209402e-06]", "hess_inv": "[[  5.76065067  -0.27513835   0.37149475   2.38568682  -6.46764841\n   -8.0166874 ]\n [ -0.27513835  15.76656599 -13.24680144   4.49014473  10.66733134\n    7.06958131]\n [  0.37149475 -13.24680144  15.89584239  -2.21394574 -12.84563619\n   -6.65985543]\n [  2.38568682   4.49014473  -2.21394574   5.35423807  -0.09290268\n   -1.08496837]\n [ -6.46764841  10.66733134 -12.84563619  -0.09290268  35.83659199\n   29.0811565 ]\n [ -8.0166874    7.06958131  -6.65985543  -1.08496837  29.0811565\n   29.21802569]]", "nfev": "866", "njev": "122", "status": "2", "success": "False", "message": "Desired error not necessarily achieved due to precision loss.", "x": "[-0.69401102  3.92738536  0.721218    3.58197554  2.53481771  4.42722635]", "nit": "72", "callback": [0.33991903903459497, 0.33556770462346985, 0.33503003179387236, 0.31736145872260224, 0.18784219052711337, 0.1804270448660662, 0.1687407490066667]}, "7": {"maxiter": 100, "gtol": 1e-10, "xrtol": 1e-10, "eps": 1e-10, "duration": 0.15067481994628906, "fun": "0.16874074443657783", "jac": "[1.11022293e-06 1.11022293e-06 0.00000000e+00 1.11022293e-06\n 0.00000000e+00 0.00000000e+00]", "hess_inv": "[[ 7.45045101 -1.60486977 -4.69251487  0.65300304 -0.796206   -6.48749043]\n [-1.60486977  0.93118273  1.1580213  -1.21506353  0.48910161  2.59646659]\n [-4.69251487  1.1580213   3.01466975 -0.8063801   0.61339238  4.54630716]\n [ 0.65300304 -1.21506353 -0.8063801   2.79105703 -0.85474475 -3.70307669]\n [-0.796206    0.48910161  0.61339238 -0.85474475  0.3158529   1.58404555]\n [-6.48749043  2.59646659  4.54630716 -3.70307669  1.58404555  9.27436922]]", "nfev": "665", "njev": "95", "status": "0", "success": "True", "message": "Optimization terminated successfully.", "x": "[0.69400986 0.78584437 3.86277581 3.58199599 2.53487975 4.42728431]", "nit": "70", "callback": [0.3399092260001789, 0.3355678895238765, 0.3350240620209405, 0.2601659969423472, 0.18654909280969434, 0.16874074712365184, 0.16874074443657783]}, "8": {"maxiter": 500, "gtol": 1e-05, "xrtol": 1e-05, "eps": 1e-05, "duration": 0.13166213035583496, "fun": "0.16874074458307853", "jac": "[-5.63137315e-06  2.17291740e-06  4.36981562e-06  4.74499329e-06\n  6.26256824e-06 -6.43438636e-06]", "hess_inv": "[[  5.69806581   0.06805515   0.11586327   2.57903183  -5.83441915\n   -7.71838383]\n [  0.06805515  16.50064436 -13.81888515   4.52812042   9.99848868\n    6.67942805]\n [  0.11586327 -13.81888515  16.39496726  -2.22614429 -12.56949116\n   -6.46776624]\n [  2.57903183   4.52812042  -2.22614429   5.23119316  -0.96878324\n   -1.52644267]\n [ -5.83441915   9.99848868 -12.56949116  -0.96878324  33.13900928\n   27.71054656]\n [ -7.71838383   6.67942805  -6.46776624  -1.52644267  27.71054656\n   28.52801567]]", "nfev": "574", "njev": "82", "status": "0", "success": "True", "message": "Optimization terminated successfully.", "x": "[-0.69401675  3.92740817  0.72120627  3.58199219  2.53484775  4.42724127]", "nit": "71", "callback": [0.33991903903459497, 0.33556770462346985, 0.33503003179387236, 0.31736145872260224, 0.18784219052711337, 0.1804270448660662, 0.1687407490066667]}, "9": {"maxiter": 500, "gtol": 1e-05, "xrtol": 1e-05, "eps": 1e-10, "duration": 0.12415885925292969, "fun": "0.16874074474051126", "jac": "[2.22044587e-06 2.22044587e-06 0.00000000e+00 7.77156053e-06\n 0.00000000e+00 3.33066880e-06]", "hess_inv": "[[  5.7004752   -0.90844883   0.33498437  -2.64074567   6.0073539\n    7.59558088]\n [ -0.90844883  17.11598279 -14.00757981   5.56537775   9.30529332\n    5.46887383]\n [  0.33498437 -14.00757981  15.85795127  -3.00230627 -10.46920579\n   -4.85835191]\n [ -2.64074567   5.56537775  -3.00230627   5.9989074   -0.04335689\n   -1.07022256]\n [  6.0073539    9.30529332 -10.46920579  -0.04335689  31.85624132\n   26.0901357 ]\n [  7.59558088   5.46887383  -4.85835191  -1.07022256  26.0901357\n   26.59742123]]", "nfev": "539", "njev": "77", "status": "0", "success": "True", "message": "Optimization terminated successfully.", "x": "[0.69402267 0.78592258 3.86271878 3.58203441 2.53497608 4.42737048]", "nit": "61", "callback": [0.3399092260001789, 0.3355678895238765, 0.3350240620209405, 0.2601659969423472, 0.18654909280969434, 0.16874074712365184]}, "10": {"maxiter": 500, "gtol": 1e-05, "xrtol": 1e-10, "eps": 1e-05, "duration": 0.13100099563598633, "fun": "0.16874074458307853", "jac": "[-5.63137315e-06  2.17291740e-06  4.36981562e-06  4.74499329e-06\n  6.26256824e-06 -6.43438636e-06]", "hess_inv": "[[  5.69806581   0.06805515   0.11586327   2.57903183  -5.83441915\n   -7.71838383]\n [  0.06805515  16.50064436 -13.81888515   4.52812042   9.99848868\n    6.67942805]\n [  0.11586327 -13.81888515  16.39496726  -2.22614429 -12.56949116\n   -6.46776624]\n [  2.57903183   4.52812042  -2.22614429   5.23119316  -0.96878324\n   -1.52644267]\n [ -5.83441915   9.99848868 -12.56949116  -0.96878324  33.13900928\n   27.71054656]\n [ -7.71838383   6.67942805  -6.46776624  -1.52644267  27.71054656\n   28.52801567]]", "nfev": "574", "njev": "82", "status": "0", "success": "True", "message": "Optimization terminated successfully.", "x": "[-0.69401675  3.92740817  0.72120627  3.58199219  2.53484775  4.42724127]", "nit": "71", "callback": [0.33991903903459497, 0.33556770462346985, 0.33503003179387236, 0.31736145872260224, 0.18784219052711337, 0.1804270448660662, 0.1687407490066667]}, "11": {"maxiter": 500, "gtol": 1e-05, "xrtol": 1e-10, "eps": 1e-10, "duration": 0.12237215042114258, "fun": "0.16874074474051126", "jac": "[2.22044587e-06 2.22044587e-06 0.00000000e+00 7.77156053e-06\n 0.00000000e+00 3.33066880e-06]", "hess_inv": "[[  5.7004752   -0.90844883   0.33498437  -2.64074567   6.0073539\n    7.59558088]\n [ -0.90844883  17.11598279 -14.00757981   5.56537775   9.30529332\n    5.46887383]\n [  0.33498437 -14.00757981  15.85795127  -3.00230627 -10.46920579\n   -4.85835191]\n [ -2.64074567   5.56537775  -3.00230627   5.9989074   -0.04335689\n   -1.07022256]\n [  6.0073539    9.30529332 -10.46920579  -0.04335689  31.85624132\n   26.0901357 ]\n [  7.59558088   5.46887383  -4.85835191  -1.07022256  26.0901357\n   26.59742123]]", "nfev": "539", "njev": "77", "status": "0", "success": "True", "message": "Optimization terminated successfully.", "x": "[0.69402267 0.78592258 3.86271878 3.58203441 2.53497608 4.42737048]", "nit": "61", "callback": [0.3399092260001789, 0.3355678895238765, 0.3350240620209405, 0.2601659969423472, 0.18654909280969434, 0.16874074712365184]}, "12": {"maxiter": 500, "gtol": 1e-10, "xrtol": 1e-05, "eps": 1e-05, "duration": 0.13212299346923828, "fun": "0.1687407445731347", "jac": "[-1.52649005e-06 -2.17859064e-07  8.95472585e-07  1.25621735e-06\n  1.78215220e-06 -1.70209402e-06]", "hess_inv": "[[  5.62334261  -0.1643225    0.34441283   2.56470569  -5.9446184\n   -7.7469756 ]\n [ -0.1643225   17.05849142 -14.03031846   5.04291942  10.86901576\n    7.12966853]\n [  0.34441283 -14.03031846  16.36005747  -2.58515638 -13.10617083\n   -6.76860162]\n [  2.56470569   5.04291942  -2.58515638   5.47278249  -0.4599474\n   -1.2964098 ]\n [ -5.9446184   10.86901576 -13.10617083  -0.4599474   34.12597952\n   28.17921033]\n [ -7.7469756    7.12966853  -6.76860162  -1.2964098   28.17921033\n   28.74408707]]", "nfev": "581", "njev": "83", "status": "0", "success": "True", "message": "Optimization terminated successfully.", "x": "[-0.69401102  3.92738536  0.721218    3.58197554  2.53481771  4.42722635]", "nit": "72", "callback": [0.33991903903459497, 0.33556770462346985, 0.33503003179387236, 0.31736145872260224, 0.18784219052711337, 0.1804270448660662, 0.1687407490066667]}, "13": {"maxiter": 500, "gtol": 1e-10, "xrtol": 1e-05, "eps": 1e-10, "duration": 0.13190412521362305, "fun": "0.16874074443786002", "jac": "[ 0.00000000e+00  2.22044587e-06  0.00000000e+00  0.00000000e+00\n  0.00000000e+00 -1.11022293e-06]", "hess_inv": "[[  7.03923062   4.1166507   -3.44913617  -0.68466854  12.82873835\n   13.96348485]\n [  4.1166507   29.28431659 -23.83712346   8.33457241  28.4191892\n   23.56445644]\n [ -3.44913617 -23.83712346  23.69