{"date": "2024/09/23/, 14:18:29", "conf_id": 11, "data_type": "random\n", "num_data_points": 1, "s_rank": 0, "unitary": "[[-0.56303964-0.00798273j,-0.21670212-0.15784972j,-0.06047197-0.73952673j,-0.01438004+0.24552571j],[-0.06976756+0.23474685j,-0.01275565-0.5435098j,-0.02703657-0.08917885j,-0.08210486-0.79311774j],[-0.38559961+0.10714929j,0.5933431-0.2687392j,-0.24060861+0.29149289j,-0.45147719+0.26241743j],[-0.50180421+0.45931857j,-0.11617175+0.44134496j,0.49642745+0.22684508j,-0.08544628-0.15407063j]]", "databatch_0": {"databatch": "[[[-8.22985968e-02+0.0291351j,1.90420483e-01-0.1882464j,-7.48408687e-02-0.0082646j,-4.65823903e-02+0.39050678j],[7.33465532e-02-0.05463021j,4.38038726e-04+0.21991403j,2.68177032e-01-0.15636738j,-5.19274354e-01-0.05624281j],[-1.48989410e-01+0.01910971j,-4.70140139e-02+0.15259522j,-2.12927055e-01-0.02813783j,1.85702715e-01+0.0272768j],[1.05868519e-01+0.09118286j,1.54868276e-01-0.00912822j,2.45774167e-02-0.15346227j,3.83157408e-02+0.36852483j]]]", "initial param values": "[3.40110031,4.38892371,3.98560021,4.25068351,2.20414495,4.8159053]", "nelder_mead": {"type": "gradient-free", "0": {"maxiter": 100, "fatol": 1e-05, "xatol": 1e-05, "duration": 0.03447079658508301, "fun": "0.3356073101785848", "nit": "100", "nfev": "158", "status": "2", "success": "False", "message": "Maximum number of iterations has been exceeded.", "x": "[4.44973568 2.93972279 3.80927367 7.79663078 0.32346315 5.1907756 ]", "final_simplex": "(array([[4.44973568, 2.93972279, 3.80927367, 7.79663078, 0.32346315,\n        5.1907756 ],\n       [4.45603561, 2.89986916, 3.80981419, 7.74007789, 0.40207343,\n        5.13498961],\n       [4.46604222, 2.94596905, 3.81773602, 7.72401533, 0.35958242,\n        5.1721559 ],\n       [4.50854439, 2.89583169, 3.80660942, 7.76280993, 0.37770928,\n        5.11992573],\n       [4.48210394, 2.87736224, 3.80632001, 7.71397788, 0.40624313,\n        5.17784526],\n       [4.49876662, 2.88101697, 3.83918714, 7.75440541, 0.34346252,\n        5.14711642],\n       [4.48437921, 2.90781835, 3.80714913, 7.73994305, 0.40085111,\n        5.1540621 ]]), array([0.33560731, 0.33563116, 0.33580662, 0.33619797, 0.33626919,\n       0.33650833, 0.33659057]))", "callback": [0.6956724580186278, 0.5996412819985117, 0.48461853244452646, 0.35316148998421726, 0.34673985714507005, 0.34052757891518803, 0.338760771122805, 0.3377571075293364, 0.3365905727362999]}, "1": {"maxiter": 100, "fatol": 1e-05, "xatol": 1e-10, "duration": 0.03395414352416992, "fun": "0.3356073101785848", "nit": "100", "nfev": "158", "status": "2", "success": "False", "message": "Maximum number of iterations has been exceeded.", "x": "[4.44973568 2.93972279 3.80927367 7.79663078 0.32346315 5.1907756 ]", "final_simplex": "(array([[4.44973568, 2.93972279, 3.80927367, 7.79663078, 0.32346315,\n        5.1907756 ],\n       [4.45603561, 2.89986916, 3.80981419, 7.74007789, 0.40207343,\n        5.13498961],\n       [4.46604222, 2.94596905, 3.81773602, 7.72401533, 0.35958242,\n        5.1721559 ],\n       [4.50854439, 2.89583169, 3.80660942, 7.76280993, 0.37770928,\n        5.11992573],\n       [4.48210394, 2.87736224, 3.80632001, 7.71397788, 0.40624313,\n        5.17784526],\n       [4.49876662, 2.88101697, 3.83918714, 7.75440541, 0.34346252,\n        5.14711642],\n       [4.48437921, 2.90781835, 3.80714913, 7.73994305, 0.40085111,\n        5.1540621 ]]), array([0.33560731, 0.33563116, 0.33580662, 0.33619797, 0.33626919,\n       0.33650833, 0.33659057]))", "callback": [0.6956724580186278, 0.5996412819985117, 0.48461853244452646, 0.35316148998421726, 0.34673985714507005, 0.34052757891518803, 0.338760771122805, 0.3377571075293364, 0.3365905727362999]}, "2": {"maxiter": 100, "fatol": 1e-10, "xatol": 1e-05, "duration": 0.033425092697143555, "fun": "0.3356073101785848", "nit": "100", "nfev": "158", "status": "2", "success": "False", "message": "Maximum number of iterations has been exceeded.", "x": "[4.44973568 2.93972279 3.80927367 7.79663078 0.32346315 5.1907756 ]", "final_simplex": "(array([[4.44973568, 2.93972279, 3.80927367, 7.79663078, 0.32346315,\n        5.1907756 ],\n       [4.45603561, 2.89986916, 3.80981419, 7.74007789, 0.40207343,\n        5.13498961],\n       [4.46604222, 2.94596905, 3.81773602, 7.72401533, 0.35958242,\n        5.1721559 ],\n       [4.50854439, 2.89583169, 3.80660942, 7.76280993, 0.37770928,\n        5.11992573],\n       [4.48210394, 2.87736224, 3.80632001, 7.71397788, 0.40624313,\n        5.17784526],\n       [4.49876662, 2.88101697, 3.83918714, 7.75440541, 0.34346252,\n        5.14711642],\n       [4.48437921, 2.90781835, 3.80714913, 7.73994305, 0.40085111,\n        5.1540621 ]]), array([0.33560731, 0.33563116, 0.33580662, 0.33619797, 0.33626919,\n       0.33650833, 0.33659057]))", "callback": [0.6956724580186278, 0.5996412819985117, 0.48461853244452646, 0.35316148998421726, 0.34673985714507005, 0.34052757891518803, 0.338760771122805, 0.3377571075293364, 0.3365905727362999]}, "3": {"maxiter": 100, "fatol": 1e-10, "xatol": 1e-10, "duration": 0.033571720123291016, "fun": "0.3356073101785848", "nit": "100", "nfev": "158", "status": "2", "success": "False", "message": "Maximum number of iterations has been exceeded.", "x": "[4.44973568 2.93972279 3.80927367 7.79663078 0.32346315 5.1907756 ]", "final_simplex": "(array([[4.44973568, 2.93972279, 3.80927367, 7.79663078, 0.32346315,\n        5.1907756 ],\n       [4.45603561, 2.89986916, 3.80981419, 7.74007789, 0.40207343,\n        5.13498961],\n       [4.46604222, 2.94596905, 3.81773602, 7.72401533, 0.35958242,\n        5.1721559 ],\n       [4.50854439, 2.89583169, 3.80660942, 7.76280993, 0.37770928,\n        5.11992573],\n       [4.48210394, 2.87736224, 3.80632001, 7.71397788, 0.40624313,\n        5.17784526],\n       [4.49876662, 2.88101697, 3.83918714, 7.75440541, 0.34346252,\n        5.14711642],\n       [4.48437921, 2.90781835, 3.80714913, 7.73994305, 0.40085111,\n        5.1540621 ]]), array([0.33560731, 0.33563116, 0.33580662, 0.33619797, 0.33626919,\n       0.33650833, 0.33659057]))", "callback": [0.6956724580186278, 0.5996412819985117, 0.48461853244452646, 0.35316148998421726, 0.34673985714507005, 0.34052757891518803, 0.338760771122805, 0.3377571075293364, 0.3365905727362999]}, "4": {"maxiter": 500, "fatol": 1e-05, "xatol": 1e-05, "duration": 0.11857914924621582, "fun": "0.30640572660744014", "nit": "354", "nfev": "556", "status": "0", "success": "True", "message": "Optimization terminated successfully.", "x": "[ 4.07870966  2.88863847  3.37108863  7.64104757 -0.00967282  5.02203718]", "final_simplex": "(array([[ 4.07870966,  2.88863847,  3.37108863,  7.64104757, -0.00967282,\n         5.02203718],\n       [ 4.07870577,  2.88863375,  3.37108528,  7.64103956, -0.00966967,\n         5.0220398 ],\n       [ 4.07870654,  2.88863865,  3.37108757,  7.64104321, -0.00967396,\n         5.02203874],\n       [ 4.07870831,  2.88863552,  3.37108896,  7.64104673, -0.009677  ,\n         5.02203883],\n       [ 4.07870103,  2.88863514,  3.37108303,  7.64104386, -0.00967899,\n         5.02204096],\n       [ 4.0787085 ,  2.88863139,  3.3710826 ,  7.64103819, -0.00967035,\n         5.02204039],\n       [ 4.07870687,  2.88863453,  3.37108344,  7.64104044, -0.00966542,\n         5.02204219]]), array([0.30640573, 0.30640573, 0.30640573, 0.30640573, 0.30640573,\n       0.30640573, 0.30640573]))", "callback": [0.6956724580186278, 0.5996412819985117, 0.48461853244452646, 0.35316148998421726, 0.34673985714507005, 0.34052757891518803, 0.338760771122805, 0.3377571075293364, 0.3365905727362999, 0.3342466869244277, 0.3308411208408508, 0.3249361291216567, 0.32207405589756277, 0.3173336220579025, 0.3138444715809684, 0.3092564984984373, 0.3071804847409708, 0.30671389539163907, 0.30650012687056805, 0.3064510962665853, 0.30641361934321565, 0.30640819689000276, 0.3064061180272176, 0.3064058558437739, 0.3064057898206216, 0.3064057375698508, 0.3064057369038272, 0.30640573165697604, 0.30640572854558756, 0.30640572702589586, 0.30640572692498513, 0.30640572673356836, 0.3064057266559128, 0.3064057266169259, 0.30640572660744014]}, "5": {"maxiter": 500, "fatol": 1e-05, "xatol": 1e-10, "duration": 0.18003606796264648, "fun": "0.30640572659494936", "nit": "500", "nfev": "827", "status": "2", "success": "False", "message": "Maximum number of iterations has been exceeded.", "x": "[ 4.07870065  2.88863613  3.37107993  7.64104482 -0.00967215  5.0220312 ]", "final_simplex": "(array([[ 4.07870065,  2.88863613,  3.37107993,  7.64104482, -0.00967215,\n         5.0220312 ],\n       [ 4.07870065,  2.88863613,  3.37107993,  7.64104482, -0.00967215,\n         5.0220312 ],\n       [ 4.07870065,  2.88863613,  3.37107993,  7.64104482, -0.00967215,\n         5.0220312 ],\n       [ 4.07870065,  2.88863613,  3.37107993,  7.64104482, -0.00967215,\n         5.0220312 ],\n       [ 4.07870065,  2.88863613,  3.37107993,  7.64104482, -0.00967215,\n         5.0220312 ],\n       [ 4.07870065,  2.88863613,  3.37107993,  7.64104482, -0.00967215,\n         5.0220312 ],\n       [ 4.07870065,  2.88863613,  3.37107993,  7.64104482, -0.00967215,\n         5.0220312 ]]), array([0.30640573, 0.30640573, 0.30640573, 0.30640573, 0.30640573,\n       0.30640573, 0.30640573]))", "callback": [0.6956724580186278, 0.5996412819985117, 0.48461853244452646, 0.35316148998421726, 0.34673985714507005, 0.34052757891518803, 0.338760771122805, 0.3377571075293364, 0.3365905727362999, 0.3342466869244277, 0.3308411208408508, 0.3249361291216567, 0.32207405589756277, 0.3173336220579025, 0.3138444715809684, 0.3092564984984373, 0.3071804847409708, 0.30671389539163907, 0.30650012687056805, 0.3064510962665853, 0.30641361934321565, 0.30640819689000276, 0.3064061180272176, 0.3064058558437739, 0.3064057898206216, 0.3064057375698508, 0.3064057369038272, 0.30640573165697604, 0.30640572854558756, 0.30640572702589586, 0.30640572692498513, 0.30640572673356836, 0.3064057266559128, 0.3064057266169259, 0.30640572660744014, 0.3064057266056053, 0.3064057266024873, 0.30640572660096843, 0.3064057265974631, 0.3064057265954401, 0.30640572659514875, 0.30640572659504217, 0.30640572659498333, 0.30640572659496024, 0.306405726594953, 0.30640572659495036, 0.3064057265949497, 0.30640572659494936, 0.30640572659494936]}, "6": {"maxiter": 500, "fatol": 1e-10, "xatol": 1e-05, "duration": 0.11899876594543457, "fun": "0.30640572660744014", "nit": "354", "nfev": "556", "status": "0", "success": "True", "message": "Optimization terminated successfully.", "x": "[ 4.07870966  2.88863847  3.37108863  7.64104757 -0.00967282  5.02203718]", "final_simplex": "(array([[ 4.07870966,  2.88863847,  3.37108863,  7.64104757, -0.00967282,\n         5.02203718],\n       [ 4.07870577,  2.88863375,  3.37108528,  7.64103956, -0.00966967,\n         5.0220398 ],\n       [ 4.07870654,  2.88863865,  3.37108757,  7.64104321, -0.00967396,\n         5.02203874],\n       [ 4.07870831,  2.88863552,  3.37108896,  7.64104673, -0.009677  ,\n         5.02203883],\n       [ 4.07870103,  2.88863514,  3.37108303,  7.64104386, -0.00967899,\n         5.02204096],\n       [ 4.0787085 ,  2.88863139,  3.3710826 ,  7.64103819, -0.00967035,\n         5.02204039],\n       [ 4.07870687,  2.88863453,  3.37108344,  7.64104044, -0.00966542,\n         5.02204219]]), array([0.30640573, 0.30640573, 0.30640573, 0.30640573, 0.30640573,\n       0.30640573, 0.30640573]))", "callback": [0.6956724580186278, 0.5996412819985117, 0.48461853244452646, 0.35316148998421726, 0.34673985714507005, 0.34052757891518803, 0.338760771122805, 0.3377571075293364, 0.3365905727362999, 0.3342466869244277, 0.3308411208408508, 0.3249361291216567, 0.32207405589756277, 0.3173336220579025, 0.3138444715809684, 0.3092564984984373, 0.3071804847409708, 0.30671389539163907, 0.30650012687056805, 0.3064510962665853, 0.30641361934321565, 0.30640819689000276, 0.3064061180272176, 0.3064058558437739, 0.3064057898206216, 0.3064057375698508, 0.3064057369038272, 0.30640573165697604, 0.30640572854558756, 0.30640572702589586, 0.30640572692498513, 0.30640572673356836, 0.3064057266559128, 0.3064057266169259, 0.30640572660744014]}, "7": {"maxiter": 500, "fatol": 1e-10, "xatol": 1e-10, "duration": 0.17947101593017578, "fun": "0.30640572659494936", "nit": "500", "nfev": "827", "status": "2", "success": "False", "message": "Maximum number of iterations has been exceeded.", "x": "[ 4.07870065  2.88863613  3.37107993  7.64104482 -0.00967215  5.0220312 ]", "final_simplex": "(array([[ 4.07870065,  2.88863613,  3.37107993,  7.64104482, -0.00967215,\n         5.0220312 ],\n       [ 4.07870065,  2.88863613,  3.37107993,  7.64104482, -0.00967215,\n         5.0220312 ],\n       [ 4.07870065,  2.88863613,  3.37107993,  7.64104482, -0.00967215,\n         5.0220312 ],\n       [ 4.07870065,  2.88863613,  3.37107993,  7.64104482, -0.00967215,\n         5.0220312 ],\n       [ 4.07870065,  2.88863613,  3.37107993,  7.64104482, -0.00967215,\n         5.0220312 ],\n       [ 4.07870065,  2.88863613,  3.37107993,  7.64104482, -0.00967215,\n         5.0220312 ],\n       [ 4.07870065,  2.88863613,  3.37107993,  7.64104482, -0.00967215,\n         5.0220312 ]]), array([0.30640573, 0.30640573, 0.30640573, 0.30640573, 0.30640573,\n       0.30640573, 0.30640573]))", "callback": [0.6956724580186278, 0.5996412819985117, 0.48461853244452646, 0.35316148998421726, 0.34673985714507005, 0.34052757891518803, 0.338760771122805, 0.3377571075293364, 0.3365905727362999, 0.3342466869244277, 0.3308411208408508, 0.3249361291216567, 0.32207405589756277, 0.3173336220579025, 0.3138444715809684, 0.3092564984984373, 0.3071804847409708, 0.30671389539163907, 0.30650012687056805, 0.3064510962665853, 0.30641361934321565, 0.30640819689000276, 0.3064061180272176, 0.3064058558437739, 0.3064057898206216, 0.3064057375698508, 0.3064057369038272, 0.30640573165697604, 0.30640572854558756, 0.30640572702589586, 0.30640572692498513, 0.30640572673356836, 0.3064057266559128, 0.3064057266169259, 0.30640572660744014, 0.3064057266056053, 0.3064057266024873, 0.30640572660096843, 0.3064057265974631, 0.3064057265954401, 0.30640572659514875, 0.30640572659504217, 0.30640572659498333, 0.30640572659496024, 0.306405726594953, 0.30640572659495036, 0.3064057265949497, 0.30640572659494936, 0.30640572659494936]}, "8": {"maxiter": 1000, "fatol": 1e-05, "xatol": 1e-05, "duration": 0.131666898727417, "fun": "0.30640572660744014", "nit": "354", "nfev": "556", "status": "0", "success": "True", "message": "Optimization terminated successfully.", "x": "[ 4.07870966  2.88863847  3.37108863  7.64104757 -0.00967282  5.02203718]", "final_simplex": "(array([[ 4.07870966,  2.88863847,  3.37108863,  7.64104757, -0.00967282,\n         5.02203718],\n       [ 4.07870577,  2.88863375,  3.37108528,  7.64103956, -0.00966967,\n         5.0220398 ],\n       [ 4.07870654,  2.88863865,  3.37108757,  7.64104321, -0.00967396,\n         5.02203874],\n       [ 4.07870831,  2.88863552,  3.37108896,  7.64104673, -0.009677  ,\n         5.02203883],\n       [ 4.07870103,  2.88863514,  3.37108303,  7.64104386, -0.00967899,\n         5.02204096],\n       [ 4.0787085 ,  2.88863139,  3.3710826 ,  7.64103819, -0.00967035,\n         5.02204039],\n       [ 4.07870687,  2.88863453,  3.37108344,  7.64104044, -0.00966542,\n         5.02204219]]), array([0.30640573, 0.30640573, 0.30640573, 0.30640573, 0.30640573,\n       0.30640573, 0.30640573]))", "callback": [0.6956724580186278, 0.5996412819985117, 0.48461853244452646, 0.35316148998421726, 0.34673985714507005, 0.34052757891518803, 0.338760771122805, 0.3377571075293364, 0.3365905727362999, 0.3342466869244277, 0.3308411208408508, 0.3249361291216567, 0.32207405589756277, 0.3173336220579025, 0.3138444715809684, 0.3092564984984373, 0.3071804847409708, 0.30671389539163907, 0.30650012687056805, 0.3064510962665853, 0.30641361934321565, 0.30640819689000276, 0.3064061180272176, 0.3064058558437739, 0.3064057898206216, 0.3064057375698508, 0.3064057369038272, 0.30640573165697604, 0.30640572854558756, 0.30640572702589586, 0.30640572692498513, 0.30640572673356836, 0.3064057266559128, 0.3064057266169259, 0.30640572660744014]}, "9": {"maxiter": 1000, "fatol": 1e-05, "xatol": 1e-10, "duration": 0.19330596923828125, "fun": "0.30640572659494936", "nit": "512", "nfev": "864", "status": "0", "success": "True", "message": "Optimization terminated successfully.", "x": "[ 4.07870065  2.88863613  3.37107993  7.64104482 -0.00967215  5.0220312 ]", "final_simplex": "(array([[ 4.07870065,  2.88863613,  3.37107993,  7.64104482, -0.00967215,\n         5.0220312 ],\n       [ 4.07870065,  2.88863613,  3.37107993,  7.64104482, -0.00967215,\n         5.0220312 ],\n       [ 4.07870065,  2.88863613,  3.37107993,  7.64104482, -0.00967215,\n         5.0220312 ],\n       [ 4.07870065,  2.88863613,  3.37107993,  7.64104482, -0.00967215,\n         5.0220312 ],\n       [ 4.07870065,  2.88863613,  3.37107993,  7.64104482, -0.00967215,\n         5.0220312 ],\n       [ 4.07870065,  2.88863613,  3.37107993,  7.64104482, -0.00967215,\n         5.0220312 ],\n       [ 4.07870065,  2.88863613,  3.37107993,  7.64104482, -0.00967215,\n         5.0220312 ]]), array([0.30640573, 0.30640573, 0.30640573, 0.30640573, 0.30640573,\n       0.30640573, 0.30640573]))", "callback": [0.6956724580186278, 0.5996412819985117, 0.48461853244452646, 0.35316148998421726, 0.34673985714507005, 0.34052757891518803, 0.338760771122805, 0.3377571075293364, 0.3365905727362999, 0.3342466869244277, 0.3308411208408508, 0.3249361291216567, 0.32207405589756277, 0.3173336220579025, 0.3138444715809684, 0.3092564984984373, 0.3071804847409708, 0.30671389539163907, 0.30650012687056805, 0.3064510962665853, 0.30641361934321565, 0.30640819689000276, 0.3064061180272176, 0.3064058558437739, 0.3064057898206216, 0.3064057375698508, 0.3064057369038272, 0.30640573165697604, 0.30640572854558756, 0.30640572702589586, 0.30640572692498513, 0.30640572673356836, 0.3064057266559128, 0.3064057266169259, 0.30640572660744014, 0.3064057266056053, 0.3064057266024873, 0.30640572660096843, 0.3064057265974631, 0.3064057265954401, 0.30640572659514875, 0.30640572659504217, 0.30640572659498333, 0.30640572659496024, 0.306405726594953, 0.30640572659495036, 0.3064057265949497, 0.30640572659494936, 0.30640572659494936, 0.30640572659494936, 0.30640572659494936]}, "10": {"maxiter": 1000, "fatol": 1e-10, "xatol": 1e-05, "duration": 0.12072086334228516, "fun": "0.30640572660744014", "nit": "354", "nfev": "556", "status": "0", "success": "True", "message": "Optimization terminated successfully.", "x": "[ 4.07870966  2.88863847  3.37108863  7.64104757 -0.00967282  5.02203718]", "final_simplex": "(array([[ 4.07870966,  2.88863847,  3.37108863,  7.64104757, -0.00967282,\n         5.02203718],\n       [ 4.07870577,  2.88863375,  3.37108528,  7.64103956, -0.00966967,\n         5.0220398 ],\n       [ 4.07870654,  2.88863865,  3.37108757,  7.64104321, -0.00967396,\n         5.02203874],\n       [ 4.07870831,  2.88863552,  3.37108896,  7.64104673, -0.009677  ,\n         5.02203883],\n       [ 4.07870103,  2.88863514,  3.37108303,  7.64104386, -0.00967899,\n         5.02204096],\n       [ 4.0787085 ,  2.88863139,  3.3710826 ,  7.64103819, -0.00967035,\n         5.02204039],\n       [ 4.07870687,  2.88863453,  3.37108344,  7.64104044, -0.00966542,\n         5.02204219]]), array([0.30640573, 0.30640573, 0.30640573, 0.30640573, 0.30640573,\n       0.30640573, 0.30640573]))", "callback": [0.6956724580186278, 0.5996412819985117, 0.48461853244452646, 0.35316148998421726, 0.34673985714507005, 0.34052757891518803, 0.338760771122805, 0.3377571075293364, 0.3365905727362999, 0.3342466869244277, 0.3308411208408508, 0.3249361291216567, 0.32207405589756277, 0.3173336220579025, 0.3138444715809684, 0.3092564984984373, 0.3071804847409708, 0.30671389539163907, 0.30650012687056805, 0.3064510962665853, 0.30641361934321565, 0.30640819689000276, 0.3064061180272176, 0.3064058558437739, 0.3064057898206216, 0.3064057375698508, 0.3064057369038272, 0.30640573165697604, 0.30640572854558756, 0.30640572702589586, 0.30640572692498513, 0.30640572673356836, 0.3064057266559128, 0.3064057266169259, 0.30640572660744014]}, "11": {"maxiter": 1000, "fatol": 1e-10, "xatol": 1e-10, "duration": 0.19129610061645508, "fun": "0.30640572659494936", "nit": "512", "nfev": "864", "status": "0", "success": "True", "message": "Optimization terminated successfully.", "x": "[ 4.07870065  2.88863613  3.37107993  7.64104482 -0.00967215  5.0220312 ]", "final_simplex": "(array([[ 4.07870065,  2.88863613,  3.37107993,  7.64104482, -0.00967215,\n         5.0220312 ],\n       [ 4.07870065,  2.88863613,  3.37107993,  7.64104482, -0.00967215,\n         5.0220312 ],\n       [ 4.07870065,  2.88863613,  3.37107993,  7.64104482, -0.00967215,\n         5.0220312 ],\n       [ 4.07870065,  2.88863613,  3.37107993,  7.64104482, -0.00967215,\n         5.0220312 ],\n       [ 4.07870065,  2.88863613,  3.37107993,  7.64104482, -0.00967215,\n         5.0220312 ],\n       [ 4.07870065,  2.88863613,  3.37107993,  7.64104482, -0.00967215,\n         5.0220312 ],\n       [ 4.07870065,  2.88863613,  3.37107993,  7.64104482, -0.00967215,\n         5.0220312 ]]), array([0.30640573, 0.30640573, 0.30640573, 0.30640573, 0.30640573,\n       0.30640573, 0.30640573]))", "callback": [0.6956724580186278, 0.5996412819985117, 0.48461853244452646, 0.35316148998421726, 0.34673985714507005, 0.34052757891518803, 0.338760771122805, 0.3377571075293364, 0.3365905727362999, 0.3342466869244277, 0.3308411208408508, 0.3249361291216567, 0.32207405589756277, 0.3173336220579025, 0.3138444715809684, 0.3092564984984373, 0.3071804847409708, 0.30671389539163907, 0.30650012687056805, 0.3064510962665853, 0.30641361934321565, 0.30640819689000276, 0.3064061180272176, 0.3064058558437739, 0.3064057898206216, 0.3064057375698508, 0.3064057369038272, 0.30640573165697604, 0.30640572854558756, 0.30640572702589586, 0.30640572692498513, 0.30640572673356836, 0.3064057266559128, 0.3064057266169259, 0.30640572660744014, 0.3064057266056053, 0.3064057266024873, 0.30640572660096843, 0.3064057265974631, 0.3064057265954401, 0.30640572659514875, 0.30640572659504217, 0.30640572659498333, 0.30640572659496024, 0.306405726594953, 0.30640572659495036, 0.3064057265949497, 0.30640572659494936, 0.30640572659494936, 0.30640572659494936, 0.30640572659494936]}}, "bfgs": {"type": "gradient", "0": {"maxiter": 100, "gtol": 1e-05, "xrtol": 1e-05, "eps": 1e-05, "duration": 0.08461809158325195, "fun": "0.30640572676232203", "jac": "[ 2.90980573e-06 -6.71089850e-06  4.83192375e-06 -2.21694885e-06\n  1.36626266e-06 -3.37617712e-06]", "hess_inv": "[[ 7.70148315  1.10734897 -2.74886674 -1.81848362 -0.63858813 -0.63822511]\n [ 1.10734897  5.88824264  2.2093866   1.19405352 -0.110168   -1.75028125]\n [-2.74886674  2.2093866   6.38457611  2.59357341  0.13331065  0.27357191]\n [-1.81848362  1.19405352  2.59357341  8.35476834 -5.27119416 -1.14193719]\n [-0.63858813 -0.110168    0.13331065 -5.27119416 10.61206839  0.38311244]\n [-0.63822511 -1.75028125  0.27357191 -1.14193719  0.38311244  4.29986016]]", "nfev": "364", "njev": "52", "status": "0", "success": "True", "message": "Optimization terminated successfully.", "x": "[ 2.20449044  6.03019947  6.51265929  7.64101829 -0.00965365  5.02202631]", "nit": "40", "callback": [0.40197658073435893, 0.35340560687239275, 0.30897069863823345, 0.30640572676232203]}, "1": {"maxiter": 100, "gtol": 1e-05, "xrtol": 1e-05, "eps": 1e-10, "duration": 0.07959508895874023, "fun": "0.3064057266628665", "jac": "[ 3.33066880e-06 -5.55111466e-06  2.22044587e-06 -2.22044587e-06\n -3.33066909e-06 -5.55111466e-06]", "hess_inv": "[[ 7.68067375  1.1064048  -2.71168333 -1.87507304 -0.54923651 -0.65919144]\n [ 1.1064048   5.83652594  2.23672421  1.17532155 -0.05410453 -1.74831831]\n [-2.71168333  2.23672421  6.34708606  2.68781817  0.02024135  0.28014339]\n [-1.87507304  1.17532155  2.68781817  8.2853918  -5.10662173 -1.13562817]\n [-0.54923651 -0.05410453  0.02024135 -5.10662173 10.36094807  0.37656046]\n [-0.65919144 -1.74831831  0.28014339 -1.13562817  0.37656046  4.31225677]]", "nfev": "364", "njev": "52", "status": "0", "success": "True", "message": "Optimization terminated successfully.", "x": "[ 2.2045006   6.0302188   6.51266403  7.64103107 -0.00967631  5.0220231 ]", "nit": "40", "callback": [0.4019733497321232, 0.3534049821607179, 0.3090070966897449, 0.3064057266628665]}, "2": {"maxiter": 100, "gtol": 1e-05, "xrtol": 1e-10, "eps": 1e-05, "duration": 0.07905006408691406, "fun": "0.30640572676232203", "jac": "[ 2.90980573e-06 -6.71089850e-06  4.83192375e-06 -2.21694885e-06\n  1.36626266e-06 -3.37617712e-06]", "hess_inv": "[[ 7.70148315  1.10734897 -2.74886674 -1.81848362 -0.63858813 -0.63822511]\n [ 1.10734897  5.88824264  2.2093866   1.19405352 -0.110168   -1.75028125]\n [-2.74886674  2.2093866   6.38457611  2.59357341  0.13331065  0.27357191]\n [-1.81848362  1.19405352  2.59357341  8.35476834 -5.27119416 -1.14193719]\n [-0.63858813 -0.110168    0.13331065 -5.27119416 10.61206839  0.38311244]\n [-0.63822511 -1.75028125  0.27357191 -1.14193719  0.38311244  4.29986016]]", "nfev": "364", "njev": "52", "status": "0", "success": "True", "message": "Optimization terminated successfully.", "x": "[ 2.20449044  6.03019947  6.51265929  7.64101829 -0.00965365  5.02202631]", "nit": "40", "callback": [0.40197658073435893, 0.35340560687239275, 0.30897069863823345, 0.30640572676232203]}, "3": {"maxiter": 100, "gtol": 1e-05, "xrtol": 1e-10, "eps": 1e-10, "duration": 0.07989788055419922, "fun": "0.3064057266628665", "jac": "[ 3.33066880e-06 -5.55111466e-06  2.22044587e-06 -2.22044587e-06\n -3.33066909e-06 -5.55111466e-06]", "hess_inv": "[[ 7.68067375  1.1064048  -2.71168333 -1.87507304 -0.54923651 -0.65919144]\n [ 1.1064048   5.83652594  2.23672421  1.17532155 -0.05410453 -1.74831831]\n [-2.71168333  2.23672421  6.34708606  2.68781817  0.02024135  0.28014339]\n [-1.87507304  1.17532155  2.68781817  8.2853918  -5.10662173 -1.13562817]\n [-0.54923651 -0.05410453  0.02024135 -5.10662173 10.36094807  0.37656046]\n [-0.65919144 -1.74831831  0.28014339 -1.13562817  0.37656046  4.31225677]]", "nfev": "364", "njev": "52", "status": "0", "success": "True", "message": "Optimization terminated successfully.", "x": "[ 2.2045006   6.0302188   6.51266403  7.64103107 -0.00967631  5.0220231 ]", "nit": "40", "callback": [0.4019733497321232, 0.3534049821607179, 0.3090070966897449, 0.3064057266628665]}, "4": {"maxiter": 100, "gtol": 1e-10, "xrtol": 1e-05, "eps": 1e-05, "duration": 0.08398675918579102, "fun": "0.30640572662220555", "jac": "[-9.00390873e-08  1.70086167e-07 -3.73034936e-08  3.89910326e-08\n  4.16333634e-08 -2.13729034e-07]", "hess_inv": "[[ 7.9456036   1.04807459 -2.91141811 -1.79976052 -0.71409799 -0.59170389]\n [ 1.04807459  5.65744222  2.32193393  0.91632491  0.22149302 -1.78028323]\n [-2.91141811  2.32193393  6.47103271  2.66252714  0.09020447  0.24817036]\n [-1.79976052  0.91632491  2.66252714  8.0518369  -4.92789129 -1.15921086]\n [-0.71409799  0.22149302  0.09020447 -4.92789129 10.23503108  0.39262713]\n [-0.59170389 -1.78028323  0.24817036 -1.15921086  0.39262713  4.30729841]]", "nfev": "371", "njev": "53", "status": "0", "success": "True", "message": "Optimization terminated successfully.", "x": "[ 2.20448341  6.03021889  6.5126587   7.64103748 -0.0096741   5.02202632]", "nit": "41", "callback": [0.40197658073435893, 0.35340560687239275, 0.30897069863823345, 0.30640572676232203]}, "5": {"maxiter": 100, "gtol": 1e-10, "xrtol": 1e-05, "eps": 1e-10, "duration": 0.08365011215209961, "fun": "0.30640572664573396", "jac": "[-3.33066880e-06  1.11022293e-06  0.00000000e+00 -2.22044587e-06\n  3.33066909e-06  0.00000000e+00]", "hess_inv": "[[ 8.16625333  1.08610434 -3.09961152 -1.59321712 -1.20854148 -0.73725798]\n [ 1.08610434  5.67383854  2.28970357  1.00242455  0.02176509 -1.85926031]\n [-3.09961152  2.28970357  6.6487372   2.49886106  0.53609948  0.36818291]\n [-1.59321712  1.00242455  2.49886106  8.29026892 -5.44172632 -1.29345601]\n [-1.20854148  0.02176509  0.53609948 -5.44172632 11.24186302  0.51629157]\n [-0.73725798 -1.85926031  0.36818291 -1.29345601  0.51629157  4.24505177]]", "nfev": "371", "njev": "53", "status": "0", "success": "True", "message": "Optimization terminated successfully.", "x": "[ 2.20447465  6.03023357  6.51268168  7.6410295  -0.00964513  5.02203683]", "nit": "41", "callback": [0.4019733497321232, 0.3534049821607179, 0.3090070966897449, 0.3064057266628665]}, "6": {"maxiter": 100, "gtol": 1e-10, "xrtol": 1e-10, "eps": 1e-05, "duration": 0.12013912200927734, "fun": "0.30640572662220555", "jac": "[-9.00390873e-08  1.70086167e-07 -3.73034936e-08  3.89910326e-08\n  4.16333634e-08 -2.13729034e-07]", "hess_inv": "[[ 7.9249651   1.10804723 -2.8976184  -1.75952674 -0.73041203 -0.62894655]\n [ 1.10804723  5.48360027  2.28407915  0.79708663  0.27521325 -1.67744336]\n [-2.8976184   2.28407915  6.4735219   2.6234957   0.13405972  0.24498707]\n [-1.75952674  0.79708663  2.6234957   7.9859606  -4.9301973  -1.05753201]\n [-0.73041203  0.27521325  0.13405972 -4.9301973  10.31478541  0.28421004]\n [-0.62894655 -1.67744336  0.24498707 -1.05753201  0.28421004  4.30741671]]", "nfev": "557", "njev": "78", "status": "2", "success": "False", "message": "Desired error not necessarily achieved due to precision loss.", "x": "[ 2.20448341  6.03021889  6.5126587   7.64103748 -0.0096741   5.02202632]", "nit": "41", "callback": [0.40197658073435893, 0.35340560687239275, 0.30897069863823345, 0.30640572676232203]}, "7": {"maxiter": 100, "gtol": 1e-10, "xrtol": 1e-10, "eps": 1e-10, "duration": 0.10730290412902832, "fun": "0.30640572661831267", "jac": "[3.33066880e-06 4.44089173e-06 4.44089173e-06 5.55111466e-06\n 6.66133817e-06 0.00000000e+00]", "hess_inv": "[[ 6.35257407  2.31493453 -1.09515574 -2.70392087  2.01107094 -0.03826169]\n [ 2.31493453  3.42148568 -0.22220008 -0.82306965 -1.35148331 -0.65134944]\n [-1.09515574 -0.22220008  3.01165624  0.98260152 -1.10879203 -0.11763245]\n [-2.70392087 -0.82306965  0.98260152  3.74364085 -1.67958931  0.19215203]\n [ 2.01107094 -1.35148331 -1.10879203 -1.67958931  3.26870033  0.78320741]\n [-0.03826169 -0.65134944 -0.11763245  0.19215203  0.78320741  1.43059772]]", "nfev": "497", "njev": "71", "status": "0", "success": "True", "message": "Optimization terminated successfully.", "x": "[ 2.20448272  6.03023989  6.5126808   7.64104207 -0.00965704  5.02202943]", "nit": "45", "callback": [0.4019733497321232, 0.3534049821607179, 0.3090070966897449, 0.3064057266628665]}, "8": {"maxiter": 500, "gtol": 1e-05, "xrtol": 1e-05, "eps": 1e-05, "duration": 0.07947802543640137, "fun": "0.30640572676232203", "jac": "[ 2.90980573e-06 -6.71089850e-06  4.83192375e-06 -2.21694885e-06\n  1.36626266e-06 -3.37617712e-06]", "hess_inv": "[[ 7.70148315  1.10734897 -2.74886674 -1.81848362 -0.63858813 -0.63822511]\n [ 1.10734897  5.88824264  2.2093866   1.19405352 -0.110168   -1.75028125]\n [-2.74886674  2.2093866   6.38457611  2.59357341  0.13331065  0.27357191]\n [-1.81848362  1.19405352  2.59357341  8.35476834 -5.27119416 -1.14193719]\n [-0.63858813 -0.110168    0.13331065 -5.27119416 10.61206839  0.38311244]\n [-0.63822511 -1.75028125  0.27357191 -1.14193719  0.38311244  4.29986016]]", "nfev": "364", "njev": "52", "status": "0", "success": "True", "message": "Optimization terminated successfully.", "x": "[ 2.20449044  6.03019947  6.51265929  7.64101829 -0.00965365  5.02202631]", "nit": "40", "callback": [0.40197658073435893, 0.35340560687239275, 0.30897069863823345, 0.30640572676232203]}, "9": {"maxiter": 500, "gtol": 1e-05, "xrtol": 1e-05, "eps": 1e-10, "duration": 0.07944488525390625, "fun": "0.3064057266628665", "jac": "[ 3.33066880e-06 -5.55111466e-06  2.22044587e-06 -2.22044587e-06\n -3.33066909e-06 -5.55111466e-06]", "hess_inv": "[[ 7.68067375  1.1064048  -2.71168333 -1.87507304 -0.54923651 -0.65919144]\n [ 1.1064048   5.83652594  2.23672421  1.17532155 -0.05410453 -1.74831831]\n [-2.71168333  2.23672421  6.34708606  2.68781817  0.02024135  0.28014339]\n [-1.87507304  1.17532155  2.68781817  8.2853918  -5.10662173 -1.13562817]\n [-0.54923651 -0.05410453  0.02024135 -5.10662173 10.36094807  0.37656046]\n [-0.65919144 -1.74831831  0.28014339 -1.13562817  0.37656046  4.31225677]]", "nfev": "364", "njev": "52", "status": "0", "success": "True", "message": "Optimization terminated successfully.", "x": "[ 2.2045006   6.0302188   6.51266403  7.64103107 -0.00967631  5.0220231 ]", "nit": "40", "callback": [0.4019733497321232, 0.3534049821607179, 0.3090070966897449, 0.3064057266628665]}, "10": {"maxiter": 500, "gtol": 1e-05, "xrtol": 1e-10, "eps": 1e-05, "duration": 0.08115625381469727, "fun": "0.30640572676232203", "jac": "[ 2.90980573e-06 -6.71089850e-06  4.83192375e-06 -2.21694885e-06\n  1.36626266e-06 -3.37617712e-06]", "hess_inv": "[[ 7.70148315  1.10734897 -2.74886674 -1.81848362 -0.63858813 -0.63822511]\n [ 1.10734897  5.88824264  2.2093866   1.19405352 -0.110168   -1.75028125]\n [-2.74886674  2.2093866   6.38457611  2.59357341  0.13331065  0.27357191]\n [-1.81848362  1.19405352  2.59357341  8.35476834 -5.27119416 -1.14193719]\n [-0.63858813 -0.110168    0.13331065 -5.27119416 10.61206839  0.38311244]\n [-0.63822511 -1.75028125  0.27357191 -1.14193719  0.38311244  4.29986016]]", "nfev": "364", "njev": "52", "status": "0", "success": "True", "message": "Optimization terminated successfully.", "x": "[ 2.20449044  6.03019947  6.51265929  7.64101829 -0.00965365  5.02202631]", "nit": "40", "callback": [0.40197658073435893, 0.35340560687239275, 0.30897069863823345, 0.30640572676232203]}, "11": {"maxiter": 500, "gtol": 1e-05, "xrtol": 1e-10, "eps": 1e-10, "duration": 0.08013701438903809, "fun": "0.3064057266628665", "jac": "[ 3.33066880e-06 -5.55111466e-06  2.22044587e-06 -2.22044587e-06\n -3.33066909e-06 -5.55111466e-06]", "hess_inv": "[[ 7.68067375  1.1064048  -2.71168333 -1.87507304 -0.54923651 -0.65919144]\n [ 1.1064048   5.83652594  2.23672421  1.17532155 -0.05410453 -1.74831831]\n [-2.71168333  2.23672421  6.34708606  2.68781817  0.02024135  0.28014339]\n [-1.87507304  1.17532155  2.68781817  8.2853918  -5.10662173 -1.13562817]\n [-0.54923651 -0.05410453  0.02024135 -5.10662173 10.36094807  0.37656046]\n [-0.65919144 -1.74831831  0.28014339 -1.13562817  0.37656046  4.31225677]]", "nfev": "364", "njev": "52", "status": "0", "success": "True", "message": "Optimization terminated successfully.", "x": "[ 2.2045006   6.0302188   6.51266403  7.64103107 -0.00967631  5.0220231 ]", "nit": "40", "callback": [0.4019733497321232, 0.3534049821607179, 0.3090070966897449, 0.3064057266628665]}, "12": {"maxiter": 500, "gtol": 1e-10, "xrtol": 1e-05, "eps": 1e-05, "duration": 0.07935905456542969, "fun": "0.30640572662220555", "jac": "[-9.00390873e-08  1.70086167e-07 -3.73034936e-08  3.89910326e-08\n  4.16333634e-08 -2.13729034e-07]", "hess_inv": "[[ 7.9456036   1.04807459 -2.91141811 -1.79976052 -0.71409799 -0.59170389]\n [ 1.04807459  5.65744222  2.32193393  0.91632491  0.22149302 -1.78028323]\n [-2.91141811  2.32193393  6.47103271  2.66252714  0.09020447  0.24817036]\n [-1.79976052  0.91632491  2.66252714  8.0518369  -4.92789129 -1.15921086]\n [-0.71409799  0.22149302  0.09020447 -4.92789129 10.23503108  0.39262713]\n [-0.59170389 -1.78028323  0.24817036 -1.15921086  0.39262713  4.30729841]]", "nfev": "371", "njev": "53", "status": "0", "success": "True", "message": "Optimization terminated successfully.", "x": "[ 2.20448341  6.03021889  6.5126587   7.64103748 -0.0096741   5.02202632]", "nit": "41", "callback": [0.40197658073435893, 0.35340560687239275, 0.30897069863823345, 0.30640572676232203]}, "13": {"maxiter": 500, "gtol": 1e-10, "xrtol": 1e-05, "eps": 1e-10, "duration": 0.07901597023010254, "fun": "0.30640572664573396", "jac": "[-3.33066880e-06  1.11022293e-06  0.00000000e+00 -2.22044587e-06\n  3.33066909e-06  0.00000000e+00]", "hess_inv": "[[ 8.16625333  1.08610434 -3.09961152 -1.59321712 -1.20854148 -0.73725798]\n [ 1.08610434  5.67383854  2.28970357  1.00242455  0.02176509 -1.85926031]\n [-3.09961152  2.28970357  6.6487372   2.49886106  0.53609948  0.36818291]\n [-1.59321712  1.00242455  2.49886106  8.29026892 -5.44172632 -1.29345601]\n [-1.20854148  0.02176509  0.53609948 -5.44172632 11.24186302  0.51629157]\n [-0.73725798 -1.85926031  0.36818291 -1.29345601  0.51629157  4.24505177]]", "nfev": "371", "njev": "53", "status": "0", "success": "True", "message": "Optimization terminated successfully.", "x": "[ 2.20447465  6.03023357  6.51268168  7.6410295  -0.00964513  5.02203683]", "nit": "41", "callback": [0.4019733497321232, 0.3534049821607179, 0.3090070966897449, 0.3064057266628665]}, "14": {"maxiter": 500, "gtol": 1e-10, "xrtol": 1e-10, "eps": 1e-05, "duration": 0.1225430965423584, "fun": "0.30640572662220555", "jac": "[-9.00390873e-08  1.70086167e-07 -3.73034936e-08  3.89910326e-08\n  4.16333634e-08 -2.13729034e-07]", "hess_inv": "[[ 7.9249651   1.10804723 -2.8976184  -1.75952674 -0.73041203 -0.62894655]\n [ 1.10804723  5.48360027  2.28407915  0.79708663  0.27521325 -1.67744336]\n [-2.8976184   2.28407915  6.4735219   2.6234957   0.13405972  0.24498707]\n [-1.75952674  0.79708663  2.6234957   7.9859606  -4.9301973  -1.05753201]\n [-0.73041203  0.27521325  0.13405972 -4.9301973  10.31478541  0.28421004]\n [-0.62894655 -1.67744336  0.24498707 -1.05753201  0.28421004  4.30741671]]", "nfev": "557", "njev": "78", "status": "2", "success": "False", "message": "Desired error not necessarily achieved due to precision loss.", "x": "[ 2.20448341  6.03021889  6.5126587   7.64103748 -0.0096741   5.02202632]", "nit": "41", "callback": [0.40197658073435893, 0.35340560687239275, 0.30897069863823345, 0.30640572676232203]}, "15": {"maxiter": 500, "gtol": 1e-10, "xrtol": 1e-10, "eps": 1e-10, "duration": 0.10654711723327637, "fun": "0.30640572661831267", "jac": "[3.33066880e-06 4.44089173e-06 4.44089173e-06 5.55111466e-06\n 6.66133817e-06 0.00000000e+00]", "hess_inv": "[[ 6.35257407  2.31493453 -1.09515574 -2.70392087  2.01107094 -0.03826169]\n [ 2.31493453  3.42148568 -0.22220008 -0.82306965 -1.35148331 -0.65134944]\n [-1.09515574 -0.22220008  3.01165624  0.98260152 -1.10879203 -0.11763245]\n [-2.70392087 -0.82306965  0.98260152  3.74364085 -1.67958931  0.19215203]\n [ 2.01107094 -1.35148331 -1.10879203 -1.67958931  3.26870033  0.78320741]\n [-0.03826169 -0.65134944 -0.11763245  0.19215203  0.78320741  1.43059772]]", "nfev": "497", "njev": "71", "status": "0", "success": "True", "message": "Optimization terminated successfully.", "x": "[ 2.20448272  6.03023989  6.5126808   7.64104207 -0.00965704  5.02202943]", "nit": "45", "callback": [0.4019733497321232, 0.3534049821607179, 0.3090070966897449, 0.3064057266628665]}, "16": {"maxiter": 1000, "gtol": 1e-05, "xrtol": 1e-05, "eps": 1e-05, "duration": 0.07910895347595215, "fun": "0.30640572676232203", "jac": "[ 2.90980573e-06 -6.71089850e-06  4.83192375e-06 -2.21694885e-06\n  1.36626266e-06 -3.37617712e-06]", "hess_inv": "[[ 7.70148315  1.10734897 -2.74886674 -1.81848362 -0.63858813 -0.63822511]\n [ 1.10734897  5.88824264  2.2093866   1.19405352 -0.110168   -1.75028125]\n [-2.74886674  2.2093866   6.38457611  2.59357341  0.13331065  0.27357191]\n [-1.81848362  1.19405352  2.59357341  8.35476834 -5.27119416 -1.14193719]\n [-0.63858813 -0.110168    0.13331065 -5.27119416 10.61206839  0.38311244]\n [-0.63822511 -1.75028125  0.27357191 -1.14193719  0.38311244  4.29986016]]", "nfev": "364", "njev": "52", "status": "0", "success": "True", "message": "Optimization terminated successfully.", "x": "[ 2.20449044  6.03019947  6.51265929  7.64101829 -0.00965365  5.02202631]", "nit": "40", "callback": [0.40197658073435893, 0.35340560687239275, 0.30897069863823345, 0.30640572676232203]}, "17": {"maxiter": 1000, "gtol": 1e-05, "xrtol": 1e-05, "eps": 1e-10, "duration": 0.07881712913513184, "fun": "0.3064057266628665", "jac": "[ 3.33066880e-06 -5.55111466e-06  2.22044587e-06 -2.22044587e-06\n -3.33066909e-06 -5.55111466e-06]", "hess_inv": "[[ 7.68067375  1.1064048  -2.71168333 -1.87507304 -0.54923651 -0.65919144]\n [ 1.1064048   5.83652594  2.23672421  1.