{"date": "2024/09/23/, 22:43:07", "conf_id": 119, "data_type": "orthogonal\n", "num_data_points": 2, "s_rank": 0, "unitary": "[[-0.24866696+0.58742286j,-0.44704345-0.43151574j,-0.35669027-0.20570733j,-0.10517633+0.1626036j],[0.10596805-0.19687975j,-0.30269685-0.15056416j,0.18246286+0.30440582j,-0.83484447-0.11310748j],[0.26054512-0.52548482j,0.0285017-0.50723956j,-0.43110112+0.17165838j,0.15243271+0.39915801j],[0.42978035+0.11991271j,-0.17224126-0.46030424j,0.6827807-0.15164662j,0.26483638+0.0061855j]]", "databatch_0": {"databatch": "[[[0.11777481+0.32492933j,0.13507087-0.23814395j,0.22211972-0.14059168j,0.1771634-0.2193089j],[-0.18675824+0.06137112j,0.14807951-0.16418448j,-0.02645089+0.0906415j,0.04256434-0.03331295j],[-0.11010047+0.03054695j,-0.32395013-0.16927186j,-0.06839337+0.10367402j,-0.05584965+0.30411972j],[-0.1394111+0.09141422j,-0.01584433-0.02527361j,-0.47499138+0.05095414j,0.13410811-0.15835084j]],[[0.13071053+0.20142866j,-0.02080843-0.18767459j,0.0089918-0.08746829j,0.2234504+0.10280245j],[-0.26636416-0.25710842j,-0.02561418-0.271324j,0.20388156+0.06126751j,0.08974862-0.06743404j],[-0.09481717+0.1206863j,-0.19299996-0.35417632j,-0.04222019-0.09489375j,0.19922286+0.3930982j],[0.09952286+0.18740741j,-0.19821393+0.14949638j,-0.20728293-0.03544445j,0.15112036-0.06505976j]]]", "initial param values": "[1.63991129,4.80173524,5.57090804,2.39826891,3.22823522,4.45560137]", "nelder_mead": {"type": "gradient-free", "0": {"maxiter": 100, "fatol": 1e-05, "xatol": 1e-05, "duration": 0.04005694389343262, "fun": "0.4986454397928568", "nit": "100", "nfev": "159", "status": "2", "success": "False", "message": "Maximum number of iterations has been exceeded.", "x": "[1.3525072  6.51894327 4.28249608 1.8629249  2.87246627 5.36595415]", "final_simplex": "(array([[1.3525072 , 6.51894327, 4.28249608, 1.8629249 , 2.87246627,\n        5.36595415],\n       [1.3462757 , 6.5281335 , 4.28667009, 1.85921419, 2.87365662,\n        5.38069056],\n       [1.34854428, 6.5234381 , 4.28910577, 1.85899078, 2.86734798,\n        5.3743644 ],\n       [1.34277794, 6.52200607, 4.2740847 , 1.86059819, 2.88923505,\n        5.37545607],\n       [1.34090608, 6.53738553, 4.28739128, 1.86041738, 2.88590907,\n        5.37015264],\n       [1.35049859, 6.52863469, 4.28082351, 1.84299301, 2.88884338,\n        5.37844158],\n       [1.34916896, 6.53680063, 4.25930172, 1.8698038 , 2.86804465,\n        5.35484964]]), array([0.49864544, 0.49864707, 0.49864835, 0.49866441, 0.49867078,\n       0.49869046, 0.49869956]))", "callback": [0.6855447888503883, 0.5595231947763676, 0.5493498329871392, 0.5322336005697819, 0.506041757761226, 0.5036239511862229, 0.4993762625820668, 0.49904030473822614, 0.49869955506690355]}, "1": {"maxiter": 100, "fatol": 1e-05, "xatol": 1e-10, "duration": 0.0362091064453125, "fun": "0.4986454397928568", "nit": "100", "nfev": "159", "status": "2", "success": "False", "message": "Maximum number of iterations has been exceeded.", "x": "[1.3525072  6.51894327 4.28249608 1.8629249  2.87246627 5.36595415]", "final_simplex": "(array([[1.3525072 , 6.51894327, 4.28249608, 1.8629249 , 2.87246627,\n        5.36595415],\n       [1.3462757 , 6.5281335 , 4.28667009, 1.85921419, 2.87365662,\n        5.38069056],\n       [1.34854428, 6.5234381 , 4.28910577, 1.85899078, 2.86734798,\n        5.3743644 ],\n       [1.34277794, 6.52200607, 4.2740847 , 1.86059819, 2.88923505,\n        5.37545607],\n       [1.34090608, 6.53738553, 4.28739128, 1.86041738, 2.88590907,\n        5.37015264],\n       [1.35049859, 6.52863469, 4.28082351, 1.84299301, 2.88884338,\n        5.37844158],\n       [1.34916896, 6.53680063, 4.25930172, 1.8698038 , 2.86804465,\n        5.35484964]]), array([0.49864544, 0.49864707, 0.49864835, 0.49866441, 0.49867078,\n       0.49869046, 0.49869956]))", "callback": [0.6855447888503883, 0.5595231947763676, 0.5493498329871392, 0.5322336005697819, 0.506041757761226, 0.5036239511862229, 0.4993762625820668, 0.49904030473822614, 0.49869955506690355]}, "2": {"maxiter": 100, "fatol": 1e-10, "xatol": 1e-05, "duration": 0.03636479377746582, "fun": "0.4986454397928568", "nit": "100", "nfev": "159", "status": "2", "success": "False", "message": "Maximum number of iterations has been exceeded.", "x": "[1.3525072  6.51894327 4.28249608 1.8629249  2.87246627 5.36595415]", "final_simplex": "(array([[1.3525072 , 6.51894327, 4.28249608, 1.8629249 , 2.87246627,\n        5.36595415],\n       [1.3462757 , 6.5281335 , 4.28667009, 1.85921419, 2.87365662,\n        5.38069056],\n       [1.34854428, 6.5234381 , 4.28910577, 1.85899078, 2.86734798,\n        5.3743644 ],\n       [1.34277794, 6.52200607, 4.2740847 , 1.86059819, 2.88923505,\n        5.37545607],\n       [1.34090608, 6.53738553, 4.28739128, 1.86041738, 2.88590907,\n        5.37015264],\n       [1.35049859, 6.52863469, 4.28082351, 1.84299301, 2.88884338,\n        5.37844158],\n       [1.34916896, 6.53680063, 4.25930172, 1.8698038 , 2.86804465,\n        5.35484964]]), array([0.49864544, 0.49864707, 0.49864835, 0.49866441, 0.49867078,\n       0.49869046, 0.49869956]))", "callback": [0.6855447888503883, 0.5595231947763676, 0.5493498329871392, 0.5322336005697819, 0.506041757761226, 0.5036239511862229, 0.4993762625820668, 0.49904030473822614, 0.49869955506690355]}, "3": {"maxiter": 100, "fatol": 1e-10, "xatol": 1e-10, "duration": 0.03689217567443848, "fun": "0.4986454397928568", "nit": "100", "nfev": "159", "status": "2", "success": "False", "message": "Maximum number of iterations has been exceeded.", "x": "[1.3525072  6.51894327 4.28249608 1.8629249  2.87246627 5.36595415]", "final_simplex": "(array([[1.3525072 , 6.51894327, 4.28249608, 1.8629249 , 2.87246627,\n        5.36595415],\n       [1.3462757 , 6.5281335 , 4.28667009, 1.85921419, 2.87365662,\n        5.38069056],\n       [1.34854428, 6.5234381 , 4.28910577, 1.85899078, 2.86734798,\n        5.3743644 ],\n       [1.34277794, 6.52200607, 4.2740847 , 1.86059819, 2.88923505,\n        5.37545607],\n       [1.34090608, 6.53738553, 4.28739128, 1.86041738, 2.88590907,\n        5.37015264],\n       [1.35049859, 6.52863469, 4.28082351, 1.84299301, 2.88884338,\n        5.37844158],\n       [1.34916896, 6.53680063, 4.25930172, 1.8698038 , 2.86804465,\n        5.35484964]]), array([0.49864544, 0.49864707, 0.49864835, 0.49866441, 0.49867078,\n       0.49869046, 0.49869956]))", "callback": [0.6855447888503883, 0.5595231947763676, 0.5493498329871392, 0.5322336005697819, 0.506041757761226, 0.5036239511862229, 0.4993762625820668, 0.49904030473822614, 0.49869955506690355]}, "4": {"maxiter": 500, "fatol": 1e-05, "xatol": 1e-05, "duration": 0.09964728355407715, "fun": "0.4986254868034554", "nit": "268", "nfev": "437", "status": "0", "success": "True", "message": "Optimization terminated successfully.", "x": "[1.34631339 6.519103   4.28135677 1.8572953  2.87379528 5.37414949]", "final_simplex": "(array([[1.34631339, 6.519103  , 4.28135677, 1.8572953 , 2.87379528,\n        5.37414949],\n       [1.34630988, 6.51909764, 4.28135529, 1.857299  , 2.87378953,\n        5.37414201],\n       [1.34631511, 6.51910701, 4.28135115, 1.85730219, 2.87379527,\n        5.37414404],\n       [1.34630673, 6.51910665, 4.28135168, 1.85730065, 2.87379843,\n        5.37414172],\n       [1.34631455, 6.51910135, 4.28135033, 1.85730303, 2.87378717,\n        5.37415078],\n       [1.34631918, 6.51910219, 4.28134701, 1.85729975, 2.873796  ,\n        5.37414235],\n       [1.34631781, 6.51909856, 4.2813578 , 1.85729942, 2.87380055,\n        5.37415628]]), array([0.49862549, 0.49862549, 0.49862549, 0.49862549, 0.49862549,\n       0.49862549, 0.49862549]))", "callback": [0.6855447888503883, 0.5595231947763676, 0.5493498329871392, 0.5322336005697819, 0.506041757761226, 0.5036239511862229, 0.4993762625820668, 0.49904030473822614, 0.49869955506690355, 0.4986454397928568, 0.4986295207912024, 0.4986271831122726, 0.49862673454048445, 0.49862663135112284, 0.4986263588041928, 0.4986261047822246, 0.4986259481758625, 0.49862575386018104, 0.4986256611221195, 0.4986255603092673, 0.4986255099380448, 0.4986254932107459, 0.4986254888266667, 0.49862548722168, 0.4986254868708736, 0.49862548681976004]}, "5": {"maxiter": 500, "fatol": 1e-05, "xatol": 1e-10, "duration": 0.16181397438049316, "fun": "0.49862548679991625", "nit": "377", "nfev": "672", "status": "0", "success": "True", "message": "Optimization terminated successfully.", "x": "[1.346311   6.51910073 4.28135416 1.85729292 2.87379271 5.37414524]", "final_simplex": "(array([[1.346311  , 6.51910073, 4.28135416, 1.85729292, 2.87379271,\n        5.37414524],\n       [1.346311  , 6.51910073, 4.28135416, 1.85729292, 2.87379271,\n        5.37414524],\n       [1.346311  , 6.51910073, 4.28135416, 1.85729292, 2.87379271,\n        5.37414524],\n       [1.346311  , 6.51910073, 4.28135416, 1.85729292, 2.87379271,\n        5.37414524],\n       [1.346311  , 6.51910073, 4.28135416, 1.85729292, 2.87379271,\n        5.37414524],\n       [1.346311  , 6.51910073, 4.28135416, 1.85729292, 2.87379271,\n        5.37414524],\n       [1.346311  , 6.51910073, 4.28135416, 1.85729292, 2.87379271,\n        5.37414524]]), array([0.49862549, 0.49862549, 0.49862549, 0.49862549, 0.49862549,\n       0.49862549, 0.49862549]))", "callback": [0.6855447888503883, 0.5595231947763676, 0.5493498329871392, 0.5322336005697819, 0.506041757761226, 0.5036239511862229, 0.4993762625820668, 0.49904030473822614, 0.49869955506690355, 0.4986454397928568, 0.4986295207912024, 0.4986271831122726, 0.49862673454048445, 0.49862663135112284, 0.4986263588041928, 0.4986261047822246, 0.4986259481758625, 0.49862575386018104, 0.4986256611221195, 0.4986255603092673, 0.4986255099380448, 0.4986254932107459, 0.4986254888266667, 0.49862548722168, 0.4986254868708736, 0.49862548681976004, 0.4986254868034554, 0.4986254868017035, 0.49862548680029783, 0.49862548680001273, 0.49862548679993945, 0.4986254867999229, 0.49862548679991814, 0.4986254867999165, 0.49862548679991625, 0.49862548679991625, 0.49862548679991625]}, "6": {"maxiter": 500, "fatol": 1e-10, "xatol": 1e-05, "duration": 0.10270810127258301, "fun": "0.4986254868034554", "nit": "268", "nfev": "437", "status": "0", "success": "True", "message": "Optimization terminated successfully.", "x": "[1.34631339 6.519103   4.28135677 1.8572953  2.87379528 5.37414949]", "final_simplex": "(array([[1.34631339, 6.519103  , 4.28135677, 1.8572953 , 2.87379528,\n        5.37414949],\n       [1.34630988, 6.51909764, 4.28135529, 1.857299  , 2.87378953,\n        5.37414201],\n       [1.34631511, 6.51910701, 4.28135115, 1.85730219, 2.87379527,\n        5.37414404],\n       [1.34630673, 6.51910665, 4.28135168, 1.85730065, 2.87379843,\n        5.37414172],\n       [1.34631455, 6.51910135, 4.28135033, 1.85730303, 2.87378717,\n        5.37415078],\n       [1.34631918, 6.51910219, 4.28134701, 1.85729975, 2.873796  ,\n        5.37414235],\n       [1.34631781, 6.51909856, 4.2813578 , 1.85729942, 2.87380055,\n        5.37415628]]), array([0.49862549, 0.49862549, 0.49862549, 0.49862549, 0.49862549,\n       0.49862549, 0.49862549]))", "callback": [0.6855447888503883, 0.5595231947763676, 0.5493498329871392, 0.5322336005697819, 0.506041757761226, 0.5036239511862229, 0.4993762625820668, 0.49904030473822614, 0.49869955506690355, 0.4986454397928568, 0.4986295207912024, 0.4986271831122726, 0.49862673454048445, 0.49862663135112284, 0.4986263588041928, 0.4986261047822246, 0.4986259481758625, 0.49862575386018104, 0.4986256611221195, 0.4986255603092673, 0.4986255099380448, 0.4986254932107459, 0.4986254888266667, 0.49862548722168, 0.4986254868708736, 0.49862548681976004]}, "7": {"maxiter": 500, "fatol": 1e-10, "xatol": 1e-10, "duration": 0.15376901626586914, "fun": "0.49862548679991625", "nit": "377", "nfev": "672", "status": "0", "success": "True", "message": "Optimization terminated successfully.", "x": "[1.346311   6.51910073 4.28135416 1.85729292 2.87379271 5.37414524]", "final_simplex": "(array([[1.346311  , 6.51910073, 4.28135416, 1.85729292, 2.87379271,\n        5.37414524],\n       [1.346311  , 6.51910073, 4.28135416, 1.85729292, 2.87379271,\n        5.37414524],\n       [1.346311  , 6.51910073, 4.28135416, 1.85729292, 2.87379271,\n        5.37414524],\n       [1.346311  , 6.51910073, 4.28135416, 1.85729292, 2.87379271,\n        5.37414524],\n       [1.346311  , 6.51910073, 4.28135416, 1.85729292, 2.87379271,\n        5.37414524],\n       [1.346311  , 6.51910073, 4.28135416, 1.85729292, 2.87379271,\n        5.37414524],\n       [1.346311  , 6.51910073, 4.28135416, 1.85729292, 2.87379271,\n        5.37414524]]), array([0.49862549, 0.49862549, 0.49862549, 0.49862549, 0.49862549,\n       0.49862549, 0.49862549]))", "callback": [0.6855447888503883, 0.5595231947763676, 0.5493498329871392, 0.5322336005697819, 0.506041757761226, 0.5036239511862229, 0.4993762625820668, 0.49904030473822614, 0.49869955506690355, 0.4986454397928568, 0.4986295207912024, 0.4986271831122726, 0.49862673454048445, 0.49862663135112284, 0.4986263588041928, 0.4986261047822246, 0.4986259481758625, 0.49862575386018104, 0.4986256611221195, 0.4986255603092673, 0.4986255099380448, 0.4986254932107459, 0.4986254888266667, 0.49862548722168, 0.4986254868708736, 0.49862548681976004, 0.4986254868034554, 0.4986254868017035, 0.49862548680029783, 0.49862548680001273, 0.49862548679993945, 0.4986254867999229, 0.49862548679991814, 0.4986254867999165, 0.49862548679991625, 0.49862548679991625, 0.49862548679991625]}, "8": {"maxiter": 1000, "fatol": 1e-05, "xatol": 1e-05, "duration": 0.10019588470458984, "fun": "0.4986254868034554", "nit": "268", "nfev": "437", "status": "0", "success": "True", "message": "Optimization terminated successfully.", "x": "[1.34631339 6.519103   4.28135677 1.8572953  2.87379528 5.37414949]", "final_simplex": "(array([[1.34631339, 6.519103  , 4.28135677, 1.8572953 , 2.87379528,\n        5.37414949],\n       [1.34630988, 6.51909764, 4.28135529, 1.857299  , 2.87378953,\n        5.37414201],\n       [1.34631511, 6.51910701, 4.28135115, 1.85730219, 2.87379527,\n        5.37414404],\n       [1.34630673, 6.51910665, 4.28135168, 1.85730065, 2.87379843,\n        5.37414172],\n       [1.34631455, 6.51910135, 4.28135033, 1.85730303, 2.87378717,\n        5.37415078],\n       [1.34631918, 6.51910219, 4.28134701, 1.85729975, 2.873796  ,\n        5.37414235],\n       [1.34631781, 6.51909856, 4.2813578 , 1.85729942, 2.87380055,\n        5.37415628]]), array([0.49862549, 0.49862549, 0.49862549, 0.49862549, 0.49862549,\n       0.49862549, 0.49862549]))", "callback": [0.6855447888503883, 0.5595231947763676, 0.5493498329871392, 0.5322336005697819, 0.506041757761226, 0.5036239511862229, 0.4993762625820668, 0.49904030473822614, 0.49869955506690355, 0.4986454397928568, 0.4986295207912024, 0.4986271831122726, 0.49862673454048445, 0.49862663135112284, 0.4986263588041928, 0.4986261047822246, 0.4986259481758625, 0.49862575386018104, 0.4986256611221195, 0.4986255603092673, 0.4986255099380448, 0.4986254932107459, 0.4986254888266667, 0.49862548722168, 0.4986254868708736, 0.49862548681976004]}, "9": {"maxiter": 1000, "fatol": 1e-05, "xatol": 1e-10, "duration": 0.15366220474243164, "fun": "0.49862548679991625", "nit": "377", "nfev": "672", "status": "0", "success": "True", "message": "Optimization terminated successfully.", "x": "[1.346311   6.51910073 4.28135416 1.85729292 2.87379271 5.37414524]", "final_simplex": "(array([[1.346311  , 6.51910073, 4.28135416, 1.85729292, 2.87379271,\n        5.37414524],\n       [1.346311  , 6.51910073, 4.28135416, 1.85729292, 2.87379271,\n        5.37414524],\n       [1.346311  , 6.51910073, 4.28135416, 1.85729292, 2.87379271,\n        5.37414524],\n       [1.346311  , 6.51910073, 4.28135416, 1.85729292, 2.87379271,\n        5.37414524],\n       [1.346311  , 6.51910073, 4.28135416, 1.85729292, 2.87379271,\n        5.37414524],\n       [1.346311  , 6.51910073, 4.28135416, 1.85729292, 2.87379271,\n        5.37414524],\n       [1.346311  , 6.51910073, 4.28135416, 1.85729292, 2.87379271,\n        5.37414524]]), array([0.49862549, 0.49862549, 0.49862549, 0.49862549, 0.49862549,\n       0.49862549, 0.49862549]))", "callback": [0.6855447888503883, 0.5595231947763676, 0.5493498329871392, 0.5322336005697819, 0.506041757761226, 0.5036239511862229, 0.4993762625820668, 0.49904030473822614, 0.49869955506690355, 0.4986454397928568, 0.4986295207912024, 0.4986271831122726, 0.49862673454048445, 0.49862663135112284, 0.4986263588041928, 0.4986261047822246, 0.4986259481758625, 0.49862575386018104, 0.4986256611221195, 0.4986255603092673, 0.4986255099380448, 0.4986254932107459, 0.4986254888266667, 0.49862548722168, 0.4986254868708736, 0.49862548681976004, 0.4986254868034554, 0.4986254868017035, 0.49862548680029783, 0.49862548680001273, 0.49862548679993945, 0.4986254867999229, 0.49862548679991814, 0.4986254867999165, 0.49862548679991625, 0.49862548679991625, 0.49862548679991625]}, "10": {"maxiter": 1000, "fatol": 1e-10, "xatol": 1e-05, "duration": 0.10300326347351074, "fun": "0.4986254868034554", "nit": "268", "nfev": "437", "status": "0", "success": "True", "message": "Optimization terminated successfully.", "x": "[1.34631339 6.519103   4.28135677 1.8572953  2.87379528 5.37414949]", "final_simplex": "(array([[1.34631339, 6.519103  , 4.28135677, 1.8572953 , 2.87379528,\n        5.37414949],\n       [1.34630988, 6.51909764, 4.28135529, 1.857299  , 2.87378953,\n        5.37414201],\n       [1.34631511, 6.51910701, 4.28135115, 1.85730219, 2.87379527,\n        5.37414404],\n       [1.34630673, 6.51910665, 4.28135168, 1.85730065, 2.87379843,\n        5.37414172],\n       [1.34631455, 6.51910135, 4.28135033, 1.85730303, 2.87378717,\n        5.37415078],\n       [1.34631918, 6.51910219, 4.28134701, 1.85729975, 2.873796  ,\n        5.37414235],\n       [1.34631781, 6.51909856, 4.2813578 , 1.85729942, 2.87380055,\n        5.37415628]]), array([0.49862549, 0.49862549, 0.49862549, 0.49862549, 0.49862549,\n       0.49862549, 0.49862549]))", "callback": [0.6855447888503883, 0.5595231947763676, 0.5493498329871392, 0.5322336005697819, 0.506041757761226, 0.5036239511862229, 0.4993762625820668, 0.49904030473822614, 0.49869955506690355, 0.4986454397928568, 0.4986295207912024, 0.4986271831122726, 0.49862673454048445, 0.49862663135112284, 0.4986263588041928, 0.4986261047822246, 0.4986259481758625, 0.49862575386018104, 0.4986256611221195, 0.4986255603092673, 0.4986255099380448, 0.4986254932107459, 0.4986254888266667, 0.49862548722168, 0.4986254868708736, 0.49862548681976004]}, "11": {"maxiter": 1000, "fatol": 1e-10, "xatol": 1e-10, "duration": 0.15459513664245605, "fun": "0.49862548679991625", "nit": "377", "nfev": "672", "status": "0", "success": "True", "message": "Optimization terminated successfully.", "x": "[1.346311   6.51910073 4.28135416 1.85729292 2.87379271 5.37414524]", "final_simplex": "(array([[1.346311  , 6.51910073, 4.28135416, 1.85729292, 2.87379271,\n        5.37414524],\n       [1.346311  , 6.51910073, 4.28135416, 1.85729292, 2.87379271,\n        5.37414524],\n       [1.346311  , 6.51910073, 4.28135416, 1.85729292, 2.87379271,\n        5.37414524],\n       [1.346311  , 6.51910073, 4.28135416, 1.85729292, 2.87379271,\n        5.37414524],\n       [1.346311  , 6.51910073, 4.28135416, 1.85729292, 2.87379271,\n        5.37414524],\n       [1.346311  , 6.51910073, 4.28135416, 1.85729292, 2.87379271,\n        5.37414524],\n       [1.346311  , 6.51910073, 4.28135416, 1.85729292, 2.87379271,\n        5.37414524]]), array([0.49862549, 0.49862549, 0.49862549, 0.49862549, 0.49862549,\n       0.49862549, 0.49862549]))", "callback": [0.6855447888503883, 0.5595231947763676, 0.5493498329871392, 0.5322336005697819, 0.506041757761226, 0.5036239511862229, 0.4993762625820668, 0.49904030473822614, 0.49869955506690355, 0.4986454397928568, 0.4986295207912024, 0.4986271831122726, 0.49862673454048445, 0.49862663135112284, 0.4986263588041928, 0.4986261047822246, 0.4986259481758625, 0.49862575386018104, 0.4986256611221195, 0.4986255603092673, 0.4986255099380448, 0.4986254932107459, 0.4986254888266667, 0.49862548722168, 0.4986254868708736, 0.49862548681976004, 0.4986254868034554, 0.4986254868017035, 0.49862548680029783, 0.49862548680001273, 0.49862548679993945, 0.4986254867999229, 0.49862548679991814, 0.4986254867999165, 0.49862548679991625, 0.49862548679991625, 0.49862548679991625]}}, "bfgs": {"type": "gradient", "0": {"maxiter": 100, "gtol": 1e-05, "xrtol": 1e-05, "eps": 1e-05, "duration": 0.04788494110107422, "fun": "0.49862548684556296", "jac": "[-1.60519376e-06  1.67746927e-06 -1.47192258e-06  1.02570175e-06\n  1.77292625e-06  1.28573818e-06]", "hess_inv": "[[ 5.20606289 -0.42651329 -0.09768782  0.85586568 -0.23926187  2.18266809]\n [-0.42651329  5.10018734 -1.32221668  1.13978602  0.70727182 -1.03415354]\n [-0.09768782 -1.32221668  5.38468036 -1.85455184  1.73489816  1.84552697]\n [ 0.85586568  1.13978602 -1.85455184  4.89502358 -0.47623356 -0.43356903]\n [-0.23926187  0.70727182  1.73489816 -0.47623356  5.00626787  1.22936215]\n [ 2.18266809 -1.03415354  1.84552697 -0.43356903  1.22936215  5.61967644]]", "nfev": "203", "njev": "29", "status": "0", "success": "True", "message": "Optimization terminated successfully.", "x": "[1.34629493 6.51911014 4.28133844 1.8572958  2.8737922  5.37413433]", "nit": "24", "callback": [0.5082618884511335, 0.49862719184124027]}, "1": {"maxiter": 100, "gtol": 1e-05, "xrtol": 1e-05, "eps": 1e-10, "duration": 0.04711413383483887, "fun": "0.4986254868432509", "jac": "[-2.22044587e-06  1.11022293e-06 -3.33066880e-06 -1.11022293e-06\n  2.22044587e-06  1.11022293e-06]", "hess_inv": "[[ 5.19693863 -0.42818416 -0.09136166  0.86870734 -0.23616094  2.17143905]\n [-0.42818416  5.13316358 -1.3022348   1.15018237  0.70830728 -1.03227423]\n [-0.09136166 -1.3022348   5.39494681 -1.86768965  1.73170449  1.85644285]\n [ 0.86870734  1.15018237 -1.86768965  4.8477556  -0.48841717 -0.41859999]\n [-0.23616094  0.70830728  1.73170449 -0.48841717  4.99918133  1.23225822]\n [ 2.17143905 -1.03227423  1.85644285 -0.41859999  1.23225822  5.6046069 ]]", "nfev": "203", "njev": "29", "status": "0", "success": "True", "message": "Optimization terminated successfully.", "x": "[1.34630271 6.51911147 4.28134032 1.85729419 2.87380031 5.37414593]", "nit": "24", "callback": [0.5082637286029481, 0.49862719033140046]}, "2": {"maxiter": 100, "gtol": 1e-05, "xrtol": 1e-10, "eps": 1e-05, "duration": 0.046690940856933594, "fun": "0.49862548684556296", "jac": "[-1.60519376e-06  1.67746927e-06 -1.47192258e-06  1.02570175e-06\n  1.77292625e-06  1.28573818e-06]", "hess_inv": "[[ 5.20606289 -0.42651329 -0.09768782  0.85586568 -0.23926187  2.18266809]\n [-0.42651329  5.10018734 -1.32221668  1.13978602  0.70727182 -1.03415354]\n [-0.09768782 -1.32221668  5.38468036 -1.85455184  1.73489816  1.84552697]\n [ 0.85586568  1.13978602 -1.85455184  4.89502358 -0.47623356 -0.43356903]\n [-0.23926187  0.70727182  1.73489816 -0.47623356  5.00626787  1.22936215]\n [ 2.18266809 -1.03415354  1.84552697 -0.43356903  1.22936215  5.61967644]]", "nfev": "203", "njev": "29", "status": "0", "success": "True", "message": "Optimization terminated successfully.", "x": "[1.34629493 6.51911014 4.28133844 1.8572958  2.8737922  5.37413433]", "nit": "24", "callback": [0.5082618884511335, 0.49862719184124027]}, "3": {"maxiter": 100, "gtol": 1e-05, "xrtol": 1e-10, "eps": 1e-10, "duration": 0.04602384567260742, "fun": "0.4986254868432509", "jac": "[-2.22044587e-06  1.11022293e-06 -3.33066880e-06 -1.11022293e-06\n  2.22044587e-06  1.11022293e-06]", "hess_inv": "[[ 5.19693863 -0.42818416 -0.09136166  0.86870734 -0.23616094  2.17143905]\n [-0.42818416  5.13316358 -1.3022348   1.15018237  0.70830728 -1.03227423]\n [-0.09136166 -1.3022348   5.39494681 -1.86768965  1.73170449  1.85644285]\n [ 0.86870734  1.15018237 -1.86768965  4.8477556  -0.48841717 -0.41859999]\n [-0.23616094  0.70830728  1.73170449 -0.48841717  4.99918133  1.23225822]\n [ 2.17143905 -1.03227423  1.85644285 -0.41859999  1.23225822  5.6046069 ]]", "nfev": "203", "njev": "29", "status": "0", "success": "True", "message": "Optimization terminated successfully.", "x": "[1.34630271 6.51911147 4.28134032 1.85729419 2.87380031 5.37414593]", "nit": "24", "callback": [0.5082637286029481, 0.49862719033140046]}, "4": {"maxiter": 100, "gtol": 1e-10, "xrtol": 1e-05, "eps": 1e-05, "duration": 0.05149483680725098, "fun": "0.4986254868300226", "jac": "[-1.15318866e-07 -8.01803068e-08 -1.07047704e-07  1.30628841e-07\n  1.42663659e-07  3.50053320e-08]", "hess_inv": "[[ 5.23022003 -0.59604341 -0.05705266  0.84634801 -0.30663073  2.13979851]\n [-0.59604341  5.51392194 -1.52006858  1.33789484  0.98751876 -0.98878118]\n [-0.05705266 -1.52006858  5.44320816 -1.88533778  1.6432405   1.80216259]\n [ 0.84634801  1.33789484 -1.88533778  4.87655189 -0.41710976 -0.37344625]\n [-0.30663073  0.98751876  1.6432405  -0.41710976  5.14637413  1.28552833]\n [ 2.13979851 -0.98878118  1.80216259 -0.37344625  1.28552833  5.61164324]]", "nfev": "210", "njev": "30", "status": "0", "success": "True", "message": "Optimization terminated successfully.", "x": "[1.34630116 6.51909584 4.28134561 1.85728836 2.87378212 5.37413297]", "nit": "25", "callback": [0.5082618884511335, 0.49862719184124027]}, "5": {"maxiter": 100, "gtol": 1e-10, "xrtol": 1e-05, "eps": 1e-10, "duration": 0.04811692237854004, "fun": "0.4986254868029405", "jac": "[-2.22044587e-06  0.00000000e+00  0.00000000e+00  0.00000000e+00\n -2.22044587e-06  0.00000000e+00]", "hess_inv": "[[ 5.25202531 -0.74576984 -0.02022466  0.86297717 -0.35507396  2.09995623]\n [-0.74576984  5.45326357 -1.63399409  1.11110641  0.9662474  -1.10559157]\n [-0.02022466 -1.63399409  5.48274653 -1.87134934  1.60032269  1.78930919]\n [ 0.86297717  1.11110641 -1.87134934  4.84490983 -0.49645757 -0.43433351]\n [-0.35507396  0.9662474   1.60032269 -0.49645757  5.13484401  1.24917267]\n [ 2.09995623 -1.10559157  1.78930919 -0.43433351  1.24917267  5.54139878]]", "nfev": "210", "njev": "30", "status": "0", "success": "True", "message": "Optimization terminated successfully.", "x": "[1.34631455 6.51909863 4.28135274 1.8572956  2.87379044 5.37414837]", "nit": "25", "callback": [0.5082637286029481, 0.49862719033140046]}, "6": {"maxiter": 100, "gtol": 1e-10, "xrtol": 1e-10, "eps": 1e-05, "duration": 0.11441206932067871, "fun": "0.4986254868300226", "jac": "[-1.15318866e-07 -8.01803068e-08 -1.07047704e-07  1.30628841e-07\n  1.42663659e-07  3.50053320e-08]", "hess_inv": "[[ 5.28288525e+00 -6.38718372e-01 -2.41512011e-03  7.76712915e-01\n  -3.77866360e-01  2.13898211e+00]\n [-6.38718372e-01  5.43280029e+00 -1.55552402e+00  1.40435966e+00\n   1.02465263e+00 -1.00399862e+00]\n [-2.41512011e-03 -1.55552402e+00  5.49921990e+00 -1.95834582e+00\n   1.57090616e+00  1.80252577e+00]\n [ 7.76712915e-01  1.40435966e+00 -1.95834582e+00  4.96775387e+00\n  -3.21134029e-01 -3.70989018e-01]\n [-3.77866360e-01  1.02465263e+00  1.57090616e+00 -3.21134029e-01\n   5.23906461e+00  1.28380697e+00]\n [ 2.13898211e+00 -1.00399862e+00  1.80252577e+00 -3.70989018e-01\n   1.28380697e+00  5.60947665e+00]]", "nfev": "474", "njev": "66", "status": "2", "success": "False", "message": "Desired error not necessarily achieved due to precision loss.", "x": "[1.34630116 6.51909584 4.28134561 1.85728836 2.87378212 5.37413297]", "nit": "25", "callback": [0.5082618884511335, 0.49862719184124027]}, "7": {"maxiter": 100, "gtol": 1e-10, "xrtol": 1e-10, "eps": 1e-10, "duration": 0.06653213500976562, "fun": "0.4986254868029405", "jac": "[0.00000000e+00 0.00000000e+00 0.00000000e+00 0.00000000e+00\n 1.11022293e-06 0.00000000e+00]", "hess_inv": "[[ 8.49985313 -2.7887254   2.43478897  1.1923998  -0.69305804  3.39540892]\n [-2.7887254   6.06472699 -2.74531354  0.93045686  0.09942432 -2.20532569]\n [ 2.43478897 -2.74531354  7.06021736 -1.63941439  2.03861175  2.95162376]\n [ 1.1923998   0.93045686 -1.63941439  4.87727509 -0.48816999 -0.29170339]\n [-0.69305804  0.09942432  2.03861175 -0.48816999  3.44027808  0.65787416]\n [ 3.39540892 -2.20532569  2.95162376 -0.29170339  0.65787416  5.93764297]]", "nfev": "287", "njev": "41", "status": "0", "success": "True", "message": "Optimization terminated successfully.", "x": "[1.34631455 6.51909863 4.28135274 1.8572956  2.87379044 5.37414837]", "nit": "26", "callback": [0.5082637286029481, 0.49862719033140046]}, "8": {"maxiter": 500, "gtol": 1e-05, "xrtol": 1e-05, "eps": 1e-05, "duration": 0.04622793197631836, "fun": "0.49862548684556296", "jac": "[-1.60519376e-06  1.67746927e-06 -1.47192258e-06  1.02570175e-06\n  1.77292625e-06  1.28573818e-06]", "hess_inv": "[[ 5.20606289 -0.42651329 -0.09768782  0.85586568 -0.23926187  2.18266809]\n [-0.42651329  5.10018734 -1.32221668  1.13978602  0.70727182 -1.03415354]\n [-0.09768782 -1.32221668  5.38468036 -1.85455184  1.73489816  1.84552697]\n [ 0.85586568  1.13978602 -1.85455184  4.89502358 -0.47623356 -0.43356903]\n [-0.23926187  0.70727182  1.73489816 -0.47623356  5.00626787  1.22936215]\n [ 2.18266809 -1.03415354  1.84552697 -0.43356903  1.22936215  5.61967644]]", "nfev": "203", "njev": "29", "status": "0", "success": "True", "message": "Optimization terminated successfully.", "x": "[1.34629493 6.51911014 4.28133844 1.8572958  2.8737922  5.37413433]", "nit": "24", "callback": [0.5082618884511335, 0.49862719184124027]}, "9": {"maxiter": 500, "gtol": 1e-05, "xrtol": 1e-05, "eps": 1e-10, "duration": 0.051175832748413086, "fun": "0.4986254868432509", "jac": "[-2.22044587e-06  1.11022293e-06 -3.33066880e-06 -1.11022293e-06\n  2.22044587e-06  1.11022293e-06]", "hess_inv": "[[ 5.19693863 -0.42818416 -0.09136166  0.86870734 -0.23616094  2.17143905]\n [-0.42818416  5.13316358 -1.3022348   1.15018237  0.70830728 -1.03227423]\n [-0.09136166 -1.3022348   5.39494681 -1.86768965  1.73170449  1.85644285]\n [ 0.86870734  1.15018237 -1.86768965  4.8477556  -0.48841717 -0.41859999]\n [-0.23616094  0.70830728  1.73170449 -0.48841717  4.99918133  1.23225822]\n [ 2.17143905 -1.03227423  1.85644285 -0.41859999  1.23225822  5.6046069 ]]", "nfev": "203", "njev": "29", "status": "0", "success": "True", "message": "Optimization terminated successfully.", "x": "[1.34630271 6.51911147 4.28134032 1.85729419 2.87380031 5.37414593]", "nit": "24", "callback": [0.5082637286029481, 0.49862719033140046]}, "10": {"maxiter": 500, "gtol": 1e-05, "xrtol": 1e-10, "eps": 1e-05, "duration": 0.04975008964538574, "fun": "0.49862548684556296", "jac": "[-1.60519376e-06  1.67746927e-06 -1.47192258e-06  1.02570175e-06\n  1.77292625e-06  1.28573818e-06]", "hess_inv": "[[ 5.20606289 -0.42651329 -0.09768782  0.85586568 -0.23926187  2.18266809]\n [-0.42651329  5.10018734 -1.32221668  1.13978602  0.70727182 -1.03415354]\n [-0.09768782 -1.32221668  5.38468036 -1.85455184  1.73489816  1.84552697]\n [ 0.85586568  1.13978602 -1.85455184  4.89502358 -0.47623356 -0.43356903]\n [-0.23926187  0.70727182  1.73489816 -0.47623356  5.00626787  1.22936215]\n [ 2.18266809 -1.03415354  1.84552697 -0.43356903  1.22936215  5.61967644]]", "nfev": "203", "njev": "29", "status": "0", "success": "True", "message": "Optimization terminated successfully.", "x": "[1.34629493 6.51911014 4.28133844 1.8572958  2.8737922  5.37413433]", "nit": "24", "callback": [0.5082618884511335, 0.49862719184124027]}, "11": {"maxiter": 500, "gtol": 1e-05, "xrtol": 1e-10, "eps": 1e-10, "duration": 0.046994924545288086, "fun": "0.4986254868432509", "jac": "[-2.22044587e-06  1.11022293e-06 -3.33066880e-06 -1.11022293e-06\n  2.22044587e-06  1.11022293e-06]", "hess_inv": "[[ 5.19693863 -0.42818416 -0.09136166  0.86870734 -0.23616094  2.17143905]\n [-0.42818416  5.13316358 -1.3022348   1.15018237  0.70830728 -1.03227423]\n [-0.09136166 -1.3022348   5.39494681 -1.86768965  1.73170449  1.85644285]\n [ 0.86870734  1.15018237 -1.86768965  4.8477556  -0.48841717 -0.41859999]\n [-0.23616094  0.70830728  1.73170449 -0.48841717  4.99918133  1.23225822]\n [ 2.17143905 -1.03227423  1.85644285 -0.41859999  1.23225822  5.6046069 ]]", "nfev": "203", "njev": "29", "status": "0", "success": "True", "message": "Optimization terminated successfully.", "x": "[1.34630271 6.51911147 4.28134032 1.85729419 2.87380031 5.37414593]", "nit": "24", "callback": [0.5082637286029481, 0.49862719033140046]}, "12": {"maxiter": 500, "gtol": 1e-10, "xrtol": 1e-05, "eps": 1e-05, "duration": 0.04727673530578613, "fun": "0.4986254868300226", "jac": "[-1.15318866e-07 -8.01803068e-08 -1.07047704e-07  1.30628841e-07\n  1.42663659e-07  3.50053320e-08]", "hess_inv": "[[ 5.23022003 -0.59604341 -0.05705266  0.84634801 -0.30663073  2.13979851]\n [-0.59604341  5.51392194 -1.52006858  1.33789484  0.98751876 -0.98878118]\n [-0.05705266 -1.52006858  5.44320816 -1.88533778  1.6432405   1.80216259]\n [ 0.84634801  1.33789484 -1.88533778  4.87655189 -0.41710976 -0.37344625]\n [-0.30663073  0.98751876  1.6432405  -0.41710976  5.14637413  1.28552833]\n [ 2.13979851 -0.98878118  1.80216259 -0.37344625  1.28552833  5.61164324]]", "nfev": "210", "njev": "30", "status": "0", "success": "True", "message": "Optimization terminated successfully.", "x": "[1.34630116 6.51909584 4.28134561 1.85728836 2.87378212 5.37413297]", "nit": "25", "callback": [0.5082618884511335, 0.49862719184124027]}, "13": {"maxiter": 500, "gtol": 1e-10, "xrtol": 1e-05, "eps": 1e-10, "duration": 0.04807305335998535, "fun": "0.4986254868029405", "jac": "[-2.22044587e-06  0.00000000e+00  0.00000000e+00  0.00000000e+00\n -2.22044587e-06  0.00000000e+00]", "hess_inv": "[[ 5.25202531 -0.74576984 -0.02022466  0.86297717 -0.35507396  2.09995623]\n [-0.74576984  5.45326357 -1.63399409  1.11110641  0.9662474  -1.10559157]\n [-0.02022466 -1.63399409  5.48274653 -1.87134934  1.60032269  1.78930919]\n [ 0.86297717  1.11110641 -1.87134934  4.84490983 -0.49645757 -0.43433351]\n [-0.35507396  0.9662474   1.60032269 -0.49645757  5.13484401  1.24917267]\n [ 2.09995623 -1.10559157  1.78930919 -0.43433351  1.24917267  5.54139878]]", "nfev": "210", "njev": "30", "status": "0", "success": "True", "message": "Optimization terminated successfully.", "x": "[1.34631455 6.51909863 4.28135274 1.8572956  2.87379044 5.37414837]", "nit": "25", "callback": [0.5082637286029481, 0.49862719033140046]}, "14": {"maxiter": 500, "gtol": 1e-10, "xrtol": 1e-10, "eps": 1e-05, "duration": 0.10909104347229004, "fun": "0.4986254868300226", "jac": "[-1.15318866e-07 -8.01803068e-08 -1.07047704e-07  1.30628841e-07\n  1.42663659e-07  3.50053320e-08]", "hess_inv": "[[ 5.28288525e+00 -6.38718372e-01 -2.41512011e-03  7.76712915e-01\n  -3.77866360e-01  2.13898211e+00]\n [-6.38718372e-01  5.43280029e+00 -1.55552402e+00  1.40435966e+00\n   1.02465263e+00 -1.00399862e+00]\n [-2.41512011e-03 -1.55552402e+00  5.49921990e+00 -1.95834582e+00\n   1.57090616e+00  1.80252577e+00]\n [ 7.76712915e-01  1.40435966e+00 -1.95834582e+00  4.96775387e+00\n  -3.21134029e-01 -3.70989018e-01]\n [-3.77866360e-01  1.02465263e+00  1.57090616e+00 -3.21134029e-01\n   5.23906461e+00  1.28380697e+00]\n [ 2.13898211e+00 -1.00399862e+00  1.80252577e+00 -3.70989018e-01\n   1.28380697e+00  5.60947665e+00]]", "nfev": "474", "njev": "66", "status": "2", "success": "False", "message": "Desired error not necessarily achieved due to precision loss.", "x": "[1.34630116 6.51909584 4.28134561 1.85728836 2.87378212 5.37413297]", "nit": "25", "callback": [0.5082618884511335, 0.49862719184124027]}, "15": {"maxiter": 500, "gtol": 1e-10, "xrtol": 1e-10, "eps": 1e-10, "duration": 0.06560993194580078, "fun": "0.4986254868029405", "jac": "[0.00000000e+00 0.00000000e+00 0.00000000e+00 0.00000000e+00\n 1.11022293e-06 0.00000000e+00]", "hess_inv": "[[ 8.49985313 -2.7887254   2.43478897  1.1923998  -0.69305804  3.39540892]\n [-2.7887254   6.06472699 -2.74531354  0.93045686  0.09942432 -2.20532569]\n [ 2.43478897 -2.74531354  7.06021736 -1.63941439  2.03861175  2.95162376]\n [ 1.1923998   0.93045686 -1.63941439  4.87727509 -0.48816999 -0.29170339]\n [-0.69305804  0.09942432  2.03861175 -0.48816999  3.44027808  0.65787416]\n [ 3.39540892 -2.20532569  2.95162376 -0.29170339  0.65787416  5.93764297]]", "nfev": "287", "njev": "41", "status": "0", "success": "True", "message": "Optimization terminated successfully.", "x": "[1.34631455 6.51909863 4.28135274 1.8572956  2.87379044 5.37414837]", "nit": "26", "callback": [0.5082637286029481, 0.49862719033140046]}, "16": {"maxiter": 1000, "gtol": 1e-05, "xrtol": 1e-05, "eps": 1e-05, "duration": 0.04557013511657715, "fun": "0.49862548684556296", "jac": "[-1.60519376e-06  1.67746927e-06 -1.47192258e-06  1.02570175e-06\n  1.77292625e-06  1.28573818e-06]", "hess_inv": "[[ 5.20606289 -0.42651329 -0.09768782  0.85586568 -0.23926187  2.18266809]\n [-0.42651329  5.10018734 -1.32221668  1.13978602  0.70727182 -1.03415354]\n [-0.09768782 -1.32221668  5.38468036 -1.85455184  1.73489816  1.84552697]\n [ 0.85586568  1.13978602 -1.85455184  4.89502358 -0.47623356 -0.43356903]\n [-0.23926187  0.70727182  1.73489816 -0.47623356  5.00626787  1.22936215]\n [ 2.18266809 -1.03415354  1.84552697 -0.43356903  1.22936215  5.61967644]]", "nfev": "203", "njev": "29", "status": "0", "success": "True", "message": "Optimization terminated successfully.", "x": "[1.34629493 6.51911014 4.28133844 1.8572958  2.8737922  5.37413433]", "nit": "24", "callback": [0.5082618884511335, 0.49862719184124027]}, "17": {"maxiter": 1000, "gtol": 1e-05, "xrtol": 1e-05, "eps": 1e-10, "duration": 0.04965496063232422, "fun": "0.4986254868432509", "jac": "[-2.22044587e-06  1.11022293e-06 -3.33066880e-06 -1.11022293e-06\n  2.22044587e-06  1.11022293e-06]", "hess_inv": "[[ 5.19693863 -0.42818416 -0.09136166  0.86870734 -0.23616094  2.17143905]\n [-0.42818416  5.13316358 -1.3022348   1.15018237  0.70830728 -1.03227423]\n [-0.09136166 -1.3022348   5.39494681 -1.86768965  1.73170449  1.85644285]\n [ 0.86870734  1.15018237 -1.86768965  4.8477556  -0.48841717 -0.41859999]\n [-0.23616094  0.70830728  1.73170449 -0.48841717  4.99918133  1.23225822]\n [ 2.17143905 -1.03227423  1.85644285 -0.41859999  1.23225822  5.6046069 ]]", "nfev": "203", "njev": "29", "status": "0", "success": "True", "message": "Optimization terminated successfully.", "x": "[1.34630271 6.51911147 4.28134032 1.85729419 2.87380031 5.37414593]", "nit": "24", "callback": [0.5082637286029481, 0.49862719033140046]}, "18": {"maxiter": 1000, "gtol": 1e-05, "xrtol": 1e-10, "eps": 1e-05, "duration": 0.04622006416320801, "fun": "0.49862548684556296", "jac": "[-1.60519376e-06  1.67746927e-06 -1.47192258e-06  1.02570175e-06\n  1.77292625e-06  1.28573818e-06]", "hess_inv": "[[ 5.20606289 -0.42651329 -0.09768782  0.85586568 -0.23926187  2.18266809]\n [-0.42651329  5.10018734 -1.32221668  1.13978602  0.70727182 -1.03415354]\n [-0.09768782 -1.32221668  5.38468036 -1.85455184  1.73489816  1.84552697]\n [ 0.85586568  1.13978602 -1.85455184  4.89502358 -0.47623356 -0.43356903]\n [-0.23926187  0.70727182  1.73489816 -0.47623356  5.00626787  1.22936215]\n [ 2.18266809 -1.03415354  1.84552697 -0.43356903  1.22936215  5.61967644]]", "nfev": "203", "njev": "29", "status": "0", "success": "True", "message": "Optimization terminated successfully.", "x": "[1.34629493 6.51911014 4.28133844 1.8572958  2.8737922  5.37413433]", "nit": "24", "callback": [0.5082618884511335, 0.49862719184124027]}, "19": {"maxiter": 1000, "gtol": 1e-05, "xrtol": 1e-10, "eps": 1e-10, "duration": 0.04604315757751465, "fun": "0.4986254868432509", "jac": "[-2.22044587e-06  1.11022293e-06 -3.33066880e-06 -1.11022293e-06\n  2.22044587e-06  1.11022293e-06]", "hess_inv": "[[ 5.19693863 -0.42818416 -0.09136166  0.86870734 -0.23616094  2.17143905]\n [-0.42818416  5.13316358 -1.3022348   1.15018237  0.70830728 -1.03227423]\n [-0.09136166 -1.3022348   5.39494681 -1.86768965  1.73170449  1.85644285]\n [ 0.86870734  1.15018237 -1.86768965  4.8477556  -0.48841717 -0.41859999]\n [-0.23616094  0.70830728  1.73170449 -0.48841717  4.99918133  1.23225822]\n [ 2.17143905 -1.03227423  1.85644285 -0.41859999  1.23225822  5.6046069 ]]", "nfev": "203", "njev": "29", "status": "0", "success": "True", "message": "Optimization terminated successfully.", "x": "[1.34630271 6.51911147 4.281