{"date": "2024/09/23/, 21:57:19", "conf_id": 102, "data_type": "orthogonal\n", "num_data_points": 2, "s_rank": 0, "unitary": "[[0.18663085-0.53122324j,-0.11886349-0.70040876j,0.28555095-0.02789305j,-0.12262021-0.2844587j],[-0.16702216+0.27758472j,0.27526351-0.29738586j,-0.01109314+0.22495461j,-0.77239203+0.28900673j],[0.61935415+0.12301792j,-0.31269928-0.03315917j,-0.61902762-0.19039079j,-0.27120731-0.0968989j],[0.42341754+0.0023929j,-0.05847358+0.47832119j,0.64900495-0.16218422j,-0.37182676-0.05229966j]]", "databatch_0": {"databatch": "[[[0.29776703+0.07469447j,-0.12203546+0.29687216j,0.05995832+0.25622019j,-0.15553885+0.39311477j],[0.25706918-0.07590959j,0.03990978+0.27739574j,0.15874606+0.16609444j,0.05740486+0.3646366j],[-0.17865623+0.0612838j,-0.03656077-0.19406437j,-0.11682322-0.11208364j,-0.05153925-0.25494669j],[0.02940499-0.09507272j,0.09395201+0.04471304j,0.08398824-0.01491j,0.12451656+0.05724723j]],[[-0.06764824+0.10190061j,-0.09526943-0.0853092j,-0.10420201-0.01155178j,-0.12696041-0.11068984j],[0.01968307-0.1047397j,0.10541541+0.03610663j,0.08753865-0.0261126j,0.13946373+0.04571234j],[-0.16141554-0.0542185j,0.08035767-0.1588674j,-0.022042-0.14428177j,0.10305823-0.21063322j],[-0.36079073+0.16182123j,-0.11321429-0.39762686j,-0.26492341-0.21141033j,-0.15604694-0.52170252j]]]", "initial param values": "[4.14466088,4.71426917,2.30257336,0.94638546,2.90001578,5.94536642]", "nelder_mead": {"type": "gradient-free", "0": {"maxiter": 100, "fatol": 1e-05, "xatol": 1e-05, "duration": 0.03729724884033203, "fun": "0.2854771383474879", "nit": "100", "nfev": "158", "status": "2", "success": "False", "message": "Maximum number of iterations has been exceeded.", "x": "[5.85947847 4.02248227 3.05992451 0.53091105 4.50773004 4.50315439]", "final_simplex": "(array([[5.85947847, 4.02248227, 3.05992451, 0.53091105, 4.50773004,\n        4.50315439],\n       [5.91271491, 4.06308123, 3.07366768, 0.50670129, 4.55114203,\n        4.44236656],\n       [5.93529197, 4.25884203, 2.95611223, 0.47785127, 4.45018092,\n        4.65876455],\n       [5.90634551, 4.0800429 , 3.01828976, 0.49127289, 4.52966726,\n        4.58095263],\n       [5.91209467, 4.18293205, 2.99438416, 0.51193731, 4.42320875,\n        4.52741931],\n       [6.01445816, 4.18533924, 2.96327533, 0.47131815, 4.51902277,\n        4.60817423],\n       [5.9202077 , 4.25901434, 2.92476561, 0.48942921, 4.4765243 ,\n        4.54749387]]), array([0.28547714, 0.28733074, 0.28844137, 0.28897392, 0.28990898,\n       0.29049241, 0.29116693]))", "callback": [0.56884437455613, 0.5140965982821666, 0.38803093646593667, 0.31690150406854867, 0.30538119669499086, 0.3006471069760086, 0.2964539995944325, 0.29408661170681616, 0.29116692896269725]}, "1": {"maxiter": 100, "fatol": 1e-05, "xatol": 1e-10, "duration": 0.03697514533996582, "fun": "0.2854771383474879", "nit": "100", "nfev": "158", "status": "2", "success": "False", "message": "Maximum number of iterations has been exceeded.", "x": "[5.85947847 4.02248227 3.05992451 0.53091105 4.50773004 4.50315439]", "final_simplex": "(array([[5.85947847, 4.02248227, 3.05992451, 0.53091105, 4.50773004,\n        4.50315439],\n       [5.91271491, 4.06308123, 3.07366768, 0.50670129, 4.55114203,\n        4.44236656],\n       [5.93529197, 4.25884203, 2.95611223, 0.47785127, 4.45018092,\n        4.65876455],\n       [5.90634551, 4.0800429 , 3.01828976, 0.49127289, 4.52966726,\n        4.58095263],\n       [5.91209467, 4.18293205, 2.99438416, 0.51193731, 4.42320875,\n        4.52741931],\n       [6.01445816, 4.18533924, 2.96327533, 0.47131815, 4.51902277,\n        4.60817423],\n       [5.9202077 , 4.25901434, 2.92476561, 0.48942921, 4.4765243 ,\n        4.54749387]]), array([0.28547714, 0.28733074, 0.28844137, 0.28897392, 0.28990898,\n       0.29049241, 0.29116693]))", "callback": [0.56884437455613, 0.5140965982821666, 0.38803093646593667, 0.31690150406854867, 0.30538119669499086, 0.3006471069760086, 0.2964539995944325, 0.29408661170681616, 0.29116692896269725]}, "2": {"maxiter": 100, "fatol": 1e-10, "xatol": 1e-05, "duration": 0.036743879318237305, "fun": "0.2854771383474879", "nit": "100", "nfev": "158", "status": "2", "success": "False", "message": "Maximum number of iterations has been exceeded.", "x": "[5.85947847 4.02248227 3.05992451 0.53091105 4.50773004 4.50315439]", "final_simplex": "(array([[5.85947847, 4.02248227, 3.05992451, 0.53091105, 4.50773004,\n        4.50315439],\n       [5.91271491, 4.06308123, 3.07366768, 0.50670129, 4.55114203,\n        4.44236656],\n       [5.93529197, 4.25884203, 2.95611223, 0.47785127, 4.45018092,\n        4.65876455],\n       [5.90634551, 4.0800429 , 3.01828976, 0.49127289, 4.52966726,\n        4.58095263],\n       [5.91209467, 4.18293205, 2.99438416, 0.51193731, 4.42320875,\n        4.52741931],\n       [6.01445816, 4.18533924, 2.96327533, 0.47131815, 4.51902277,\n        4.60817423],\n       [5.9202077 , 4.25901434, 2.92476561, 0.48942921, 4.4765243 ,\n        4.54749387]]), array([0.28547714, 0.28733074, 0.28844137, 0.28897392, 0.28990898,\n       0.29049241, 0.29116693]))", "callback": [0.56884437455613, 0.5140965982821666, 0.38803093646593667, 0.31690150406854867, 0.30538119669499086, 0.3006471069760086, 0.2964539995944325, 0.29408661170681616, 0.29116692896269725]}, "3": {"maxiter": 100, "fatol": 1e-10, "xatol": 1e-10, "duration": 0.03764700889587402, "fun": "0.2854771383474879", "nit": "100", "nfev": "158", "status": "2", "success": "False", "message": "Maximum number of iterations has been exceeded.", "x": "[5.85947847 4.02248227 3.05992451 0.53091105 4.50773004 4.50315439]", "final_simplex": "(array([[5.85947847, 4.02248227, 3.05992451, 0.53091105, 4.50773004,\n        4.50315439],\n       [5.91271491, 4.06308123, 3.07366768, 0.50670129, 4.55114203,\n        4.44236656],\n       [5.93529197, 4.25884203, 2.95611223, 0.47785127, 4.45018092,\n        4.65876455],\n       [5.90634551, 4.0800429 , 3.01828976, 0.49127289, 4.52966726,\n        4.58095263],\n       [5.91209467, 4.18293205, 2.99438416, 0.51193731, 4.42320875,\n        4.52741931],\n       [6.01445816, 4.18533924, 2.96327533, 0.47131815, 4.51902277,\n        4.60817423],\n       [5.9202077 , 4.25901434, 2.92476561, 0.48942921, 4.4765243 ,\n        4.54749387]]), array([0.28547714, 0.28733074, 0.28844137, 0.28897392, 0.28990898,\n       0.29049241, 0.29116693]))", "callback": [0.56884437455613, 0.5140965982821666, 0.38803093646593667, 0.31690150406854867, 0.30538119669499086, 0.3006471069760086, 0.2964539995944325, 0.29408661170681616, 0.29116692896269725]}, "4": {"maxiter": 500, "fatol": 1e-05, "xatol": 1e-05, "duration": 0.19291019439697266, "fun": "0.031064943938344358", "nit": "500", "nfev": "777", "status": "2", "success": "False", "message": "Maximum number of iterations has been exceeded.", "x": "[ 5.78943696 -3.31928588 11.25342059  1.75230454  4.4648317   4.93068333]", "final_simplex": "(array([[ 5.78943696, -3.31928588, 11.25342059,  1.75230454,  4.4648317 ,\n         4.93068333],\n       [ 5.789443  , -3.31927159, 11.25342563,  1.75232105,  4.46483762,\n         4.93066444],\n       [ 5.78942561, -3.31926893, 11.25341099,  1.75232295,  4.46485245,\n         4.93068003],\n       [ 5.78944277, -3.3192881 , 11.25344664,  1.75231265,  4.46484624,\n         4.93069514],\n       [ 5.78943398, -3.31924633, 11.25339099,  1.75233507,  4.46481952,\n         4.93066914],\n       [ 5.78944186, -3.31929698, 11.25343392,  1.75233288,  4.46484495,\n         4.93067288],\n       [ 5.78944673, -3.31924205, 11.25337623,  1.7523209 ,  4.46485487,\n         4.93066126]]), array([0.03106494, 0.03106494, 0.03106494, 0.03106494, 0.03106494,\n       0.03106494, 0.03106494]))", "callback": [0.56884437455613, 0.5140965982821666, 0.38803093646593667, 0.31690150406854867, 0.30538119669499086, 0.3006471069760086, 0.2964539995944325, 0.29408661170681616, 0.29116692896269725, 0.28175604824014433, 0.2698565899576746, 0.22866359274996428, 0.18798165555681212, 0.12200967971066257, 0.1011844904137299, 0.06475189910087276, 0.05963366623771438, 0.05258041339653563, 0.047644067127935896, 0.03964120362749313, 0.03435547897356872, 0.03409961585493293, 0.033779153998802935, 0.033605421998233354, 0.03348560748717455, 0.03339693941663435, 0.03321545319956554, 0.03207371234348899, 0.031581018158473584, 0.03141809281615893, 0.03130671854995282, 0.03125898108209102, 0.031181782123252066, 0.03110002944500756, 0.031075639218839046, 0.03107029785695481, 0.03106872432462593, 0.03106654895668559, 0.031066204820675125, 0.031065963256345475, 0.031065820209879913, 0.031065733332606427, 0.031065532832552423, 0.0310652612245661, 0.031065092452084997, 0.03106496570094386, 0.031064947295838308, 0.031064944307323872, 0.031064944093249558]}, "5": {"maxiter": 500, "fatol": 1e-05, "xatol": 1e-10, "duration": 0.1832749843597412, "fun": "0.031064943938344358", "nit": "500", "nfev": "777", "status": "2", "success": "False", "message": "Maximum number of iterations has been exceeded.", "x": "[ 5.78943696 -3.31928588 11.25342059  1.75230454  4.4648317   4.93068333]", "final_simplex": "(array([[ 5.78943696, -3.31928588, 11.25342059,  1.75230454,  4.4648317 ,\n         4.93068333],\n       [ 5.789443  , -3.31927159, 11.25342563,  1.75232105,  4.46483762,\n         4.93066444],\n       [ 5.78942561, -3.31926893, 11.25341099,  1.75232295,  4.46485245,\n         4.93068003],\n       [ 5.78944277, -3.3192881 , 11.25344664,  1.75231265,  4.46484624,\n         4.93069514],\n       [ 5.78943398, -3.31924633, 11.25339099,  1.75233507,  4.46481952,\n         4.93066914],\n       [ 5.78944186, -3.31929698, 11.25343392,  1.75233288,  4.46484495,\n         4.93067288],\n       [ 5.78944673, -3.31924205, 11.25337623,  1.7523209 ,  4.46485487,\n         4.93066126]]), array([0.03106494, 0.03106494, 0.03106494, 0.03106494, 0.03106494,\n       0.03106494, 0.03106494]))", "callback": [0.56884437455613, 0.5140965982821666, 0.38803093646593667, 0.31690150406854867, 0.30538119669499086, 0.3006471069760086, 0.2964539995944325, 0.29408661170681616, 0.29116692896269725, 0.28175604824014433, 0.2698565899576746, 0.22866359274996428, 0.18798165555681212, 0.12200967971066257, 0.1011844904137299, 0.06475189910087276, 0.05963366623771438, 0.05258041339653563, 0.047644067127935896, 0.03964120362749313, 0.03435547897356872, 0.03409961585493293, 0.033779153998802935, 0.033605421998233354, 0.03348560748717455, 0.03339693941663435, 0.03321545319956554, 0.03207371234348899, 0.031581018158473584, 0.03141809281615893, 0.03130671854995282, 0.03125898108209102, 0.031181782123252066, 0.03110002944500756, 0.031075639218839046, 0.03107029785695481, 0.03106872432462593, 0.03106654895668559, 0.031066204820675125, 0.031065963256345475, 0.031065820209879913, 0.031065733332606427, 0.031065532832552423, 0.0310652612245661, 0.031065092452084997, 0.03106496570094386, 0.031064947295838308, 0.031064944307323872, 0.031064944093249558]}, "6": {"maxiter": 500, "fatol": 1e-10, "xatol": 1e-05, "duration": 0.18363595008850098, "fun": "0.031064943938344358", "nit": "500", "nfev": "777", "status": "2", "success": "False", "message": "Maximum number of iterations has been exceeded.", "x": "[ 5.78943696 -3.31928588 11.25342059  1.75230454  4.4648317   4.93068333]", "final_simplex": "(array([[ 5.78943696, -3.31928588, 11.25342059,  1.75230454,  4.4648317 ,\n         4.93068333],\n       [ 5.789443  , -3.31927159, 11.25342563,  1.75232105,  4.46483762,\n         4.93066444],\n       [ 5.78942561, -3.31926893, 11.25341099,  1.75232295,  4.46485245,\n         4.93068003],\n       [ 5.78944277, -3.3192881 , 11.25344664,  1.75231265,  4.46484624,\n         4.93069514],\n       [ 5.78943398, -3.31924633, 11.25339099,  1.75233507,  4.46481952,\n         4.93066914],\n       [ 5.78944186, -3.31929698, 11.25343392,  1.75233288,  4.46484495,\n         4.93067288],\n       [ 5.78944673, -3.31924205, 11.25337623,  1.7523209 ,  4.46485487,\n         4.93066126]]), array([0.03106494, 0.03106494, 0.03106494, 0.03106494, 0.03106494,\n       0.03106494, 0.03106494]))", "callback": [0.56884437455613, 0.5140965982821666, 0.38803093646593667, 0.31690150406854867, 0.30538119669499086, 0.3006471069760086, 0.2964539995944325, 0.29408661170681616, 0.29116692896269725, 0.28175604824014433, 0.2698565899576746, 0.22866359274996428, 0.18798165555681212, 0.12200967971066257, 0.1011844904137299, 0.06475189910087276, 0.05963366623771438, 0.05258041339653563, 0.047644067127935896, 0.03964120362749313, 0.03435547897356872, 0.03409961585493293, 0.033779153998802935, 0.033605421998233354, 0.03348560748717455, 0.03339693941663435, 0.03321545319956554, 0.03207371234348899, 0.031581018158473584, 0.03141809281615893, 0.03130671854995282, 0.03125898108209102, 0.031181782123252066, 0.03110002944500756, 0.031075639218839046, 0.03107029785695481, 0.03106872432462593, 0.03106654895668559, 0.031066204820675125, 0.031065963256345475, 0.031065820209879913, 0.031065733332606427, 0.031065532832552423, 0.0310652612245661, 0.031065092452084997, 0.03106496570094386, 0.031064947295838308, 0.031064944307323872, 0.031064944093249558]}, "7": {"maxiter": 500, "fatol": 1e-10, "xatol": 1e-10, "duration": 0.18160390853881836, "fun": "0.031064943938344358", "nit": "500", "nfev": "777", "status": "2", "success": "False", "message": "Maximum number of iterations has been exceeded.", "x": "[ 5.78943696 -3.31928588 11.25342059  1.75230454  4.4648317   4.93068333]", "final_simplex": "(array([[ 5.78943696, -3.31928588, 11.25342059,  1.75230454,  4.4648317 ,\n         4.93068333],\n       [ 5.789443  , -3.31927159, 11.25342563,  1.75232105,  4.46483762,\n         4.93066444],\n       [ 5.78942561, -3.31926893, 11.25341099,  1.75232295,  4.46485245,\n         4.93068003],\n       [ 5.78944277, -3.3192881 , 11.25344664,  1.75231265,  4.46484624,\n         4.93069514],\n       [ 5.78943398, -3.31924633, 11.25339099,  1.75233507,  4.46481952,\n         4.93066914],\n       [ 5.78944186, -3.31929698, 11.25343392,  1.75233288,  4.46484495,\n         4.93067288],\n       [ 5.78944673, -3.31924205, 11.25337623,  1.7523209 ,  4.46485487,\n         4.93066126]]), array([0.03106494, 0.03106494, 0.03106494, 0.03106494, 0.03106494,\n       0.03106494, 0.03106494]))", "callback": [0.56884437455613, 0.5140965982821666, 0.38803093646593667, 0.31690150406854867, 0.30538119669499086, 0.3006471069760086, 0.2964539995944325, 0.29408661170681616, 0.29116692896269725, 0.28175604824014433, 0.2698565899576746, 0.22866359274996428, 0.18798165555681212, 0.12200967971066257, 0.1011844904137299, 0.06475189910087276, 0.05963366623771438, 0.05258041339653563, 0.047644067127935896, 0.03964120362749313, 0.03435547897356872, 0.03409961585493293, 0.033779153998802935, 0.033605421998233354, 0.03348560748717455, 0.03339693941663435, 0.03321545319956554, 0.03207371234348899, 0.031581018158473584, 0.03141809281615893, 0.03130671854995282, 0.03125898108209102, 0.031181782123252066, 0.03110002944500756, 0.031075639218839046, 0.03107029785695481, 0.03106872432462593, 0.03106654895668559, 0.031066204820675125, 0.031065963256345475, 0.031065820209879913, 0.031065733332606427, 0.031065532832552423, 0.0310652612245661, 0.031065092452084997, 0.03106496570094386, 0.031064947295838308, 0.031064944307323872, 0.031064944093249558]}, "8": {"maxiter": 1000, "fatol": 1e-05, "xatol": 1e-05, "duration": 0.1956179141998291, "fun": "0.031064943885542595", "nit": "521", "nfev": "815", "status": "0", "success": "True", "message": "Optimization terminated successfully.", "x": "[ 5.7894377  -3.31926831 11.25340839  1.75231047  4.46483853  4.93067724]", "final_simplex": "(array([[ 5.7894377 , -3.31926831, 11.25340839,  1.75231047,  4.46483853,\n         4.93067724],\n       [ 5.78943511, -3.31926061, 11.25340269,  1.7523123 ,  4.46483735,\n         4.93067488],\n       [ 5.78943742, -3.31926296, 11.25340612,  1.75231353,  4.46483947,\n         4.93067733],\n       [ 5.78943854, -3.31926317, 11.25340813,  1.75230947,  4.46483478,\n         4.93067703],\n       [ 5.78943651, -3.31926806, 11.25341108,  1.75231081,  4.46483626,\n         4.93067929],\n       [ 5.78943698, -3.31926749, 11.25341307,  1.75231048,  4.46484008,\n         4.93067949],\n       [ 5.78943592, -3.31926173, 11.25340353,  1.75230884,  4.46483785,\n         4.93067972]]), array([0.03106494, 0.03106494, 0.03106494, 0.03106494, 0.03106494,\n       0.03106494, 0.03106494]))", "callback": [0.56884437455613, 0.5140965982821666, 0.38803093646593667, 0.31690150406854867, 0.30538119669499086, 0.3006471069760086, 0.2964539995944325, 0.29408661170681616, 0.29116692896269725, 0.28175604824014433, 0.2698565899576746, 0.22866359274996428, 0.18798165555681212, 0.12200967971066257, 0.1011844904137299, 0.06475189910087276, 0.05963366623771438, 0.05258041339653563, 0.047644067127935896, 0.03964120362749313, 0.03435547897356872, 0.03409961585493293, 0.033779153998802935, 0.033605421998233354, 0.03348560748717455, 0.03339693941663435, 0.03321545319956554, 0.03207371234348899, 0.031581018158473584, 0.03141809281615893, 0.03130671854995282, 0.03125898108209102, 0.031181782123252066, 0.03110002944500756, 0.031075639218839046, 0.03107029785695481, 0.03106872432462593, 0.03106654895668559, 0.031066204820675125, 0.031065963256345475, 0.031065820209879913, 0.031065733332606427, 0.031065532832552423, 0.0310652612245661, 0.031065092452084997, 0.03106496570094386, 0.031064947295838308, 0.031064944307323872, 0.031064944093249558, 0.031064943938344358, 0.03106494389157799, 0.031064943885542595]}, "9": {"maxiter": 1000, "fatol": 1e-05, "xatol": 1e-10, "duration": 0.24639272689819336, "fun": "0.031064943883388207", "nit": "616", "nfev": "1027", "status": "0", "success": "True", "message": "Optimization terminated successfully.", "x": "[ 5.78943703 -3.31926284 11.25340672  1.75231067  4.46483766  4.93067621]", "final_simplex": "(array([[ 5.78943703, -3.31926284, 11.25340672,  1.75231067,  4.46483766,\n         4.93067621],\n       [ 5.78943703, -3.31926284, 11.25340672,  1.75231067,  4.46483766,\n         4.93067621],\n       [ 5.78943703, -3.31926284, 11.25340672,  1.75231067,  4.46483766,\n         4.93067621],\n       [ 5.78943703, -3.31926284, 11.25340672,  1.75231067,  4.46483766,\n         4.93067621],\n       [ 5.78943703, -3.31926284, 11.25340672,  1.75231067,  4.46483766,\n         4.93067621],\n       [ 5.78943703, -3.31926284, 11.25340672,  1.75231067,  4.46483766,\n         4.93067621],\n       [ 5.78943703, -3.31926284, 11.25340672,  1.75231067,  4.46483766,\n         4.93067621]]), array([0.03106494, 0.03106494, 0.03106494, 0.03106494, 0.03106494,\n       0.03106494, 0.03106494]))", "callback": [0.56884437455613, 0.5140965982821666, 0.38803093646593667, 0.31690150406854867, 0.30538119669499086, 0.3006471069760086, 0.2964539995944325, 0.29408661170681616, 0.29116692896269725, 0.28175604824014433, 0.2698565899576746, 0.22866359274996428, 0.18798165555681212, 0.12200967971066257, 0.1011844904137299, 0.06475189910087276, 0.05963366623771438, 0.05258041339653563, 0.047644067127935896, 0.03964120362749313, 0.03435547897356872, 0.03409961585493293, 0.033779153998802935, 0.033605421998233354, 0.03348560748717455, 0.03339693941663435, 0.03321545319956554, 0.03207371234348899, 0.031581018158473584, 0.03141809281615893, 0.03130671854995282, 0.03125898108209102, 0.031181782123252066, 0.03110002944500756, 0.031075639218839046, 0.03107029785695481, 0.03106872432462593, 0.03106654895668559, 0.031066204820675125, 0.031065963256345475, 0.031065820209879913, 0.031065733332606427, 0.031065532832552423, 0.0310652612245661, 0.031065092452084997, 0.03106496570094386, 0.031064947295838308, 0.031064944307323872, 0.031064944093249558, 0.031064943938344358, 0.03106494389157799, 0.031064943885542595, 0.03106494388384018, 0.031064943883412743, 0.031064943883412743, 0.03106494388339398, 0.03106494388338965, 0.031064943883388207, 0.031064943883388207, 0.031064943883388207, 0.031064943883388207]}, "10": {"maxiter": 1000, "fatol": 1e-10, "xatol": 1e-05, "duration": 0.23676276206970215, "fun": "0.031064943885542595", "nit": "521", "nfev": "815", "status": "0", "success": "True", "message": "Optimization terminated successfully.", "x": "[ 5.7894377  -3.31926831 11.25340839  1.75231047  4.46483853  4.93067724]", "final_simplex": "(array([[ 5.7894377 , -3.31926831, 11.25340839,  1.75231047,  4.46483853,\n         4.93067724],\n       [ 5.78943511, -3.31926061, 11.25340269,  1.7523123 ,  4.46483735,\n         4.93067488],\n       [ 5.78943742, -3.31926296, 11.25340612,  1.75231353,  4.46483947,\n         4.93067733],\n       [ 5.78943854, -3.31926317, 11.25340813,  1.75230947,  4.46483478,\n         4.93067703],\n       [ 5.78943651, -3.31926806, 11.25341108,  1.75231081,  4.46483626,\n         4.93067929],\n       [ 5.78943698, -3.31926749, 11.25341307,  1.75231048,  4.46484008,\n         4.93067949],\n       [ 5.78943592, -3.31926173, 11.25340353,  1.75230884,  4.46483785,\n         4.93067972]]), array([0.03106494, 0.03106494, 0.03106494, 0.03106494, 0.03106494,\n       0.03106494, 0.03106494]))", "callback": [0.56884437455613, 0.5140965982821666, 0.38803093646593667, 0.31690150406854867, 0.30538119669499086, 0.3006471069760086, 0.2964539995944325, 0.29408661170681616, 0.29116692896269725, 0.28175604824014433, 0.2698565899576746, 0.22866359274996428, 0.18798165555681212, 0.12200967971066257, 0.1011844904137299, 0.06475189910087276, 0.05963366623771438, 0.05258041339653563, 0.047644067127935896, 0.03964120362749313, 0.03435547897356872, 0.03409961585493293, 0.033779153998802935, 0.033605421998233354, 0.03348560748717455, 0.03339693941663435, 0.03321545319956554, 0.03207371234348899, 0.031581018158473584, 0.03141809281615893, 0.03130671854995282, 0.03125898108209102, 0.031181782123252066, 0.03110002944500756, 0.031075639218839046, 0.03107029785695481, 0.03106872432462593, 0.03106654895668559, 0.031066204820675125, 0.031065963256345475, 0.031065820209879913, 0.031065733332606427, 0.031065532832552423, 0.0310652612245661, 0.031065092452084997, 0.03106496570094386, 0.031064947295838308, 0.031064944307323872, 0.031064944093249558, 0.031064943938344358, 0.03106494389157799, 0.031064943885542595]}, "11": {"maxiter": 1000, "fatol": 1e-10, "xatol": 1e-10, "duration": 0.23949003219604492, "fun": "0.031064943883388207", "nit": "616", "nfev": "1027", "status": "0", "success": "True", "message": "Optimization terminated successfully.", "x": "[ 5.78943703 -3.31926284 11.25340672  1.75231067  4.46483766  4.93067621]", "final_simplex": "(array([[ 5.78943703, -3.31926284, 11.25340672,  1.75231067,  4.46483766,\n         4.93067621],\n       [ 5.78943703, -3.31926284, 11.25340672,  1.75231067,  4.46483766,\n         4.93067621],\n       [ 5.78943703, -3.31926284, 11.25340672,  1.75231067,  4.46483766,\n         4.93067621],\n       [ 5.78943703, -3.31926284, 11.25340672,  1.75231067,  4.46483766,\n         4.93067621],\n       [ 5.78943703, -3.31926284, 11.25340672,  1.75231067,  4.46483766,\n         4.93067621],\n       [ 5.78943703, -3.31926284, 11.25340672,  1.75231067,  4.46483766,\n         4.93067621],\n       [ 5.78943703, -3.31926284, 11.25340672,  1.75231067,  4.46483766,\n         4.93067621]]), array([0.03106494, 0.03106494, 0.03106494, 0.03106494, 0.03106494,\n       0.03106494, 0.03106494]))", "callback": [0.56884437455613, 0.5140965982821666, 0.38803093646593667, 0.31690150406854867, 0.30538119669499086, 0.3006471069760086, 0.2964539995944325, 0.29408661170681616, 0.29116692896269725, 0.28175604824014433, 0.2698565899576746, 0.22866359274996428, 0.18798165555681212, 0.12200967971066257, 0.1011844904137299, 0.06475189910087276, 0.05963366623771438, 0.05258041339653563, 0.047644067127935896, 0.03964120362749313, 0.03435547897356872, 0.03409961585493293, 0.033779153998802935, 0.033605421998233354, 0.03348560748717455, 0.03339693941663435, 0.03321545319956554, 0.03207371234348899, 0.031581018158473584, 0.03141809281615893, 0.03130671854995282, 0.03125898108209102, 0.031181782123252066, 0.03110002944500756, 0.031075639218839046, 0.03107029785695481, 0.03106872432462593, 0.03106654895668559, 0.031066204820675125, 0.031065963256345475, 0.031065820209879913, 0.031065733332606427, 0.031065532832552423, 0.0310652612245661, 0.031065092452084997, 0.03106496570094386, 0.031064947295838308, 0.031064944307323872, 0.031064944093249558, 0.031064943938344358, 0.03106494389157799, 0.031064943885542595, 0.03106494388384018, 0.031064943883412743, 0.031064943883412743, 0.03106494388339398, 0.03106494388338965, 0.031064943883388207, 0.031064943883388207, 0.031064943883388207, 0.031064943883388207]}}, "bfgs": {"type": "gradient", "0": {"maxiter": 100, "gtol": 1e-05, "xrtol": 1e-05, "eps": 1e-05, "duration": 0.05768895149230957, "fun": "0.0310649438997479", "jac": "[ 6.80278056e-07 -2.41739961e-07 -1.72273307e-07  8.13782375e-07\n -3.48743257e-07  1.85906845e-07]", "hess_inv": "[[  2.7028631    0.85097534  -0.5556109   -0.71067937  -0.11801236\n   -1.07748185]\n [  0.85097534  15.25886755 -12.22809397   0.39664004  -3.34703373\n   -3.22565822]\n [ -0.5556109  -12.22809397  14.24171775   0.40901772   2.18535032\n    2.55365206]\n [ -0.71067937   0.39664004   0.40901772   3.17785957  -0.44413407\n    0.14859159]\n [ -0.11801236  -3.34703373   2.18535032  -0.44413407   3.26752621\n    0.79866078]\n [ -1.07748185  -3.22565822   2.55365206   0.14859159   0.79866078\n    3.84652783]]", "nfev": "224", "njev": "32", "status": "0", "success": "True", "message": "Optimization terminated successfully.", "x": "[5.78943538 2.96392645 4.97021245 1.75230832 4.46483171 4.93067124]", "nit": "27", "callback": [0.07330772585198475, 0.031368582951054935]}, "1": {"maxiter": 100, "gtol": 1e-05, "xrtol": 1e-05, "eps": 1e-10, "duration": 0.05547380447387695, "fun": "0.031064943901013553", "jac": "[ 0.00000000e+00  1.11022293e-06  1.11022293e-06  0.00000000e+00\n -4.44089173e-06  1.11022293e-06]", "hess_inv": "[[ 2.73344165e+00  6.58719771e-01 -3.04283061e-01 -4.74900939e-01\n  -2.22029659e-01 -1.03309468e+00]\n [ 6.58719771e-01  1.20442492e+01 -9.28595860e+00  6.69881431e-01\n  -3.28472972e+00 -2.97409186e+00]\n [-3.04283061e-01 -9.28595860e+00  1.13541167e+01  2.74259512e-01\n   2.12483828e+00  2.29754952e+00]\n [-4.74900939e-01  6.69881431e-01  2.74259512e-01  3.20959283e+00\n  -5.36572815e-01 -6.42054286e-03]\n [-2.22029659e-01 -3.28472972e+00  2.12483828e+00 -5.36572815e-01\n   3.33242360e+00  8.26456500e-01]\n [-1.03309468e+00 -2.97409186e+00  2.29754952e+00 -6.42054286e-03\n   8.26456500e-01  3.85089444e+00]]", "nfev": "224", "njev": "32", "status": "0", "success": "True", "message": "Optimization terminated successfully.", "x": "[5.78944072 2.96392141 4.97022828 1.75231571 4.46483102 4.93067432]", "nit": "28", "callback": [0.07330790686288102, 0.0321603686372276]}, "2": {"maxiter": 100, "gtol": 1e-05, "xrtol": 1e-10, "eps": 1e-05, "duration": 0.05477714538574219, "fun": "0.0310649438997479", "jac": "[ 6.80278056e-07 -2.41739961e-07 -1.72273307e-07  8.13782375e-07\n -3.48743257e-07  1.85906845e-07]", "hess_inv": "[[  2.7028631    0.85097534  -0.5556109   -0.71067937  -0.11801236\n   -1.07748185]\n [  0.85097534  15.25886755 -12.22809397   0.39664004  -3.34703373\n   -3.22565822]\n [ -0.5556109  -12.22809397  14.24171775   0.40901772   2.18535032\n    2.55365206]\n [ -0.71067937   0.39664004   0.40901772   3.17785957  -0.44413407\n    0.14859159]\n [ -0.11801236  -3.34703373   2.18535032  -0.44413407   3.26752621\n    0.79866078]\n [ -1.07748185  -3.22565822   2.55365206   0.14859159   0.79866078\n    3.84652783]]", "nfev": "224", "njev": "32", "status": "0", "success": "True", "message": "Optimization terminated successfully.", "x": "[5.78943538 2.96392645 4.97021245 1.75230832 4.46483171 4.93067124]", "nit": "27", "callback": [0.07330772585198475, 0.031368582951054935]}, "3": {"maxiter": 100, "gtol": 1e-05, "xrtol": 1e-10, "eps": 1e-10, "duration": 0.05214381217956543, "fun": "0.031064943901013553", "jac": "[ 0.00000000e+00  1.11022293e-06  1.11022293e-06  0.00000000e+00\n -4.44089173e-06  1.11022293e-06]", "hess_inv": "[[ 2.73344165e+00  6.58719771e-01 -3.04283061e-01 -4.74900939e-01\n  -2.22029659e-01 -1.03309468e+00]\n [ 6.58719771e-01  1.20442492e+01 -9.28595860e+00  6.69881431e-01\n  -3.28472972e+00 -2.97409186e+00]\n [-3.04283061e-01 -9.28595860e+00  1.13541167e+01  2.74259512e-01\n   2.12483828e+00  2.29754952e+00]\n [-4.74900939e-01  6.69881431e-01  2.74259512e-01  3.20959283e+00\n  -5.36572815e-01 -6.42054286e-03]\n [-2.22029659e-01 -3.28472972e+00  2.12483828e+00 -5.36572815e-01\n   3.33242360e+00  8.26456500e-01]\n [-1.03309468e+00 -2.97409186e+00  2.29754952e+00 -6.42054286e-03\n   8.26456500e-01  3.85089444e+00]]", "nfev": "224", "njev": "32", "status": "0", "success": "True", "message": "Optimization terminated successfully.", "x": "[5.78944072 2.96392141 4.97022828 1.75231571 4.46483102 4.93067432]", "nit": "28", "callback": [0.07330790686288102, 0.0321603686372276]}, "4": {"maxiter": 100, "gtol": 1e-10, "xrtol": 1e-05, "eps": 1e-05, "duration": 0.05304694175720215, "fun": "0.0310649438997479", "jac": "[ 6.80278056e-07 -2.41739961e-07 -1.72273307e-07  8.13782375e-07\n -3.48743257e-07  1.85906845e-07]", "hess_inv": "[[  2.7028631    0.85097534  -0.5556109   -0.71067937  -0.11801236\n   -1.07748185]\n [  0.85097534  15.25886755 -12.22809397   0.39664004  -3.34703373\n   -3.22565822]\n [ -0.5556109  -12.22809397  14.24171775   0.40901772   2.18535032\n    2.55365206]\n [ -0.71067937   0.39664004   0.40901772   3.17785957  -0.44413407\n    0.14859159]\n [ -0.11801236  -3.34703373   2.18535032  -0.44413407   3.26752621\n    0.79866078]\n [ -1.07748185  -3.22565822   2.55365206   0.14859159   0.79866078\n    3.84652783]]", "nfev": "224", "njev": "32", "status": "0", "success": "True", "message": "Optimization terminated successfully.", "x": "[5.78943538 2.96392645 4.97021245 1.75230832 4.46483171 4.93067124]", "nit": "27", "callback": [0.07330772585198475, 0.031368582951054935]}, "5": {"maxiter": 100, "gtol": 1e-10, "xrtol": 1e-05, "eps": 1e-10, "duration": 0.05547904968261719, "fun": "0.031064943893842845", "jac": "[ 0.00000000e+00  0.00000000e+00  0.00000000e+00  2.22044587e-06\n -2.22044587e-06  0.00000000e+00]", "hess_inv": "[[ 2.82540338  0.57458254 -0.34158976 -0.53141103  0.01593406 -1.08098627]\n [ 0.57458254 11.35186456 -9.0143151   0.53311237 -2.66911728 -2.92896151]\n [-0.34158976 -9.0143151  11.29592888  0.35536744  1.77104398  2.31657249]\n [-0.53141103  0.53311237  0.35536744  3.19814825 -0.4786597   0.02333042]\n [ 0.01593406 -2.66911728  1.77104398 -0.4786597   3.04557422  0.70110757]\n [-1.08098627 -2.92896151  2.31657249  0.02333042  0.70110757  3.87583307]]", "nfev": "238", "njev": "34", "status": "0", "success": "True", "message": "Optimization terminated successfully.", "x": "[5.78944112 2.96391703 4.97022936 1.75231448 4.4648364  4.93067412]", "nit": "29", "callback": [0.07330790686288102, 0.0321603686372276]}, "6": {"maxiter": 100, "gtol": 1e-10, "xrtol": 1e-10, "eps": 1e-05, "duration": 0.1086571216583252, "fun": "0.0310649438997479", "jac": "[ 6.80278056e-07 -2.41739961e-07 -1.72273307e-07  8.13782375e-07\n -3.48743257e-07  1.85906845e-07]", "hess_inv": "[[  2.70200488   0.87627878  -0.62131502  -0.64248784  -0.12123472\n   -1.07119298]\n [  0.87627878  15.23824067 -12.17759726   0.40142608  -3.36968647\n   -3.2259907 ]\n [ -0.62131502 -12.17759726  14.1185647    0.38807765   2.24466849\n    2.5537336 ]\n [ -0.64248784   0.40142608   0.38807765   3.35848885  -0.51497468\n    0.16309994]\n [ -0.12123472  -3.36968647   2.24466849  -0.51497468   3.27451127\n    0.79225312]\n [ -1.07119298  -3.2259907    2.5537336    0.16309994   0.79225312\n    3.84766839]]", "nfev": "460", "njev": "64", "status": "2", "success": "False", "message": "Desired error not necessarily achieved due to precision loss.", "x": "[5.78943538 2.96392645 4.97021245 1.75230832 4.46483171 4.93067124]", "nit": "27", "callback": [0.07330772585198475, 0.031368582951054935]}, "7": {"maxiter": 100, "gtol": 1e-10, "xrtol": 1e-10, "eps": 1e-10, "duration": 0.06764602661132812, "fun": "0.0310649438924675", "jac": "[ 3.33066880e-06  0.00000000e+00  0.00000000e+00  0.00000000e+00\n -1.11022293e-06 -1.11022293e-06]", "hess_inv": "[[  3.09169919  -0.65147795   0.53068401  -1.34608774   1.3966384\n   -0.71263   ]\n [ -0.65147795  15.48340835 -13.33925269   3.1463279   -7.17212898\n   -4.99936837]\n [  0.53068401 -13.33925269  14.03177609  -2.91038738   6.63543059\n    3.46865056]\n [ -1.34608774   3.1463279   -2.91038738   2.55048751  -3.53807988\n   -1.24786239]\n [  1.3966384   -7.17212898   6.63543059  -3.53807988   7.9102645\n    3.08343863]\n [ -0.71263     -4.99936837   3.46865056  -1.24786239   3.08343863\n    4.28448089]]", "nfev": "287", "njev": "41", "status": "0", "success": "True", "message": "Optimization terminated successfully.", "x": "[5.7894416  2.96391393 4.97023061 1.75231143 4.46483988 4.93067462]", "nit": "31", "callback": [0.07330790686288102, 0.0321603686372276, 0.0310649438924675]}, "8": {"maxiter": 500, "gtol": 1e-05, "xrtol": 1e-05, "eps": 1e-05, "duration": 0.05561208724975586, "fun": "0.0310649438997479", "jac": "[ 6.80278056e-07 -2.41739961e-07 -1.72273307e-07  8.13782375e-07\n -3.48743257e-07  1.85906845e-07]", "hess_inv": "[[  2.7028631    0.85097534  -0.5556109   -0.71067937  -0.11801236\n   -1.07748185]\n [  0.85097534  15.25886755 -12.22809397   0.39664004  -3.34703373\n   -3.22565822]\n [ -0.5556109  -12.22809397  14.24171775   0.40901772   2.18535032\n    2.55365206]\n [ -0.71067937   0.39664004   0.40901772   3.17785957  -0.44413407\n    0.14859159]\n [ -0.11801236  -3.34703373   2.18535032  -0.44413407   3.26752621\n    0.79866078]\n [ -1.07748185  -3.22565822   2.55365206   0.14859159   0.79866078\n    3.84652783]]", "nfev": "224", "njev": "32", "status": "0", "success": "True", "message": "Optimization terminated successfully.", "x": "[5.78943538 2.96392645 4.97021245 1.75230832 4.46483171 4.93067124]", "nit": "27", "callback": [0.07330772585198475, 0.031368582951054935]}, "9": {"maxiter": 500, "gtol": 1e-05, "xrtol": 1e-05, "eps": 1e-10, "duration": 0.05176711082458496, "fun": "0.031064943901013553", "jac": "[ 0.00000000e+00  1.11022293e-06  1.11022293e-06  0.00000000e+00\n -4.44089173e-06  1.11022293e-06]", "hess_inv": "[[ 2.73344165e+00  6.58719771e-01 -3.04283061e-01 -4.74900939e-01\n  -2.22029659e-01 -1.03309468e+00]\n [ 6.58719771e-01  1.20442492e+01 -9.28595860e+00  6.69881431e-01\n  -3.28472972e+00 -2.97409186e+00]\n [-3.04283061e-01 -9.28595860e+00  1.13541167e+01  2.74259512e-01\n   2.12483828e+00  2.29754952e+00]\n [-4.74900939e-01  6.69881431e-01  2.74259512e-01  3.20959283e+00\n  -5.36572815e-01 -6.42054286e-03]\n [-2.22029659e-01 -3.28472972e+00  2.12483828e+00 -5.36572815e-01\n   3.33242360e+00  8.26456500e-01]\n [-1.03309468e+00 -2.97409186e+00  2.29754952e+00 -6.42054286e-03\n   8.26456500e-01  3.85089444e+00]]", "nfev": "224", "njev": "32", "status": "0", "success": "True", "message": "Optimization terminated successfully.", "x": "[5.78944072 2.96392141 4.97022828 1.75231571 4.46483102 4.93067432]", "nit": "28", "callback": [0.07330790686288102, 0.0321603686372276]}, "10": {"maxiter": 500, "gtol": 1e-05, "xrtol": 1e-10, "eps": 1e-05, "duration": 0.053102970123291016, "fun": "0.0310649438997479", "jac": "[ 6.80278056e-07 -2.41739961e-07 -1.72273307e-07  8.13782375e-07\n -3.48743257e-07  1.85906845e-07]", "hess_inv": "[[  2.7028631    0.85097534  -0.5556109   -0.71067937  -0.11801236\n   -1.07748185]\n [  0.85097534  15.25886755 -12.22809397   0.39664004  -3.34703373\n   -3.22565822]\n [ -0.5556109  -12.22809397  14.24171775   0.40901772   2.18535032\n    2.55365206]\n [ -0.71067937   0.39664004   0.40901772   3.17785957  -0.44413407\n    0.14859159]\n [ -0.11801236  -3.34703373   2.18535032  -0.44413407   3.26752621\n    0.79866078]\n [ -1.07748185  -3.22565822   2.55365206   0.14859159   0.79866078\n    3.84652783]]", "nfev": "224", "njev": "32", "status": "0", "success": "True", "message": "Optimization terminated successfully.", "x": "[5.78943538 2.96392645 4.97021245 1.75230832 4.46483171 4.93067124]", "nit": "27", "callback": [0.07330772585198475, 0.031368582951054935]}, "11": {"maxiter": 500, "gtol": 1e-05, "xrtol": 1e-10, "eps": 1e-10, "duration": 0.05207705497741699, "fun": "0.031064943901013553", "jac": "[ 0.00000000e+00  1.11022293e-06  1.11022293e-06  0.00000000e+00\n -4.44089173e-06  1.11022293e-06]", "hess_inv": "[[ 2.73344165e+00  6.58719771e-01 -3.04283061e-01 -4.74900939e-01\n  -2.22029659e-01 -1.03309468e+00]\n [ 6.58719771e-01  1.20442492e+01 -9.28595860e+00  6.69881431e-01\n  -3.28472972e+00 -2.97409186e+00]\n [-3.04283061e-01 -9.28595860e+00  1.13541167e+01  2.74259512e-01\n   2.12483828e+00  2.29754952e+00]\n [-4.74900939e-01  6.69881431e-01  2.74259512e-01  3.20959283e+00\n  -5.36572815e-01 -6.42054286e-03]\n [-2.22029659e-01 -3.28472972e+00  2.12483828e+00 -5.36572815e-01\n   3.33242360e+00  8.26456500e-01]\n [-1.03309468e+00 -2.97409186e+00  2.29754952e+00 -6.42054286e-03\n   8.26456500e-01  3.85089444e+00]]", "nfev": "224", "njev": "32", "status": "0", "success": "True", "message": "Optimization terminated successfully.", "x": "[5.78944072 2.96392141 4.97022828 1.75231571 4.46483102 4.93067432]", "nit": "28", "callback": [0.07330790686288102, 0.0321603686372276]}, "12": {"maxiter": 500, "gtol": 1e-10, "xrtol": 1e-05, "eps": 1e-05, "duration": 0.05759000778198242, "fun": "0.0310649438997479", "jac": "[ 6.80278056e-07 -2.41739961e-07 -1.72273307e-07  8.13782375e-07\n -3.48743257e-07  1.85906845e-07]", "hess_inv": "[[  2.7028631    0.85097534  -0.5556109   -0.71067937  -0.11801236\n   -1.07748185]\n [  0.85097534  15.25886755 -12.22809397   0.39664004  -3.34703373\n   -3.22565822]\n [ -0.5556109  -12.22809397  14.24171775   0.40901772   2.18535032\n    2.55365206]\n [ -0.71067937   0.39664004   0.40901772   3.17785957  -0.44413407\n    0.14859159]\n [ -0.11801236  -3.34703373   2.18535032  -0.44413407   3.26752621\n    0.79866078]\n [ -1.07748185  -3.22565822   2.55365206   0.14859159   0.79866078\n    3.84652783]]", "nfev": "224", "njev": "32", "status": "0", "success": "True", "message": "Optimization terminated successfully.", "x": "[5.78943538 2.96392645 4.97021245 1.75230832 4.46483171 4.93067124]", "nit": "27", "callback": [0.07330772585198475, 0.031368582951054935]}, "13": {"maxiter": 500, "gtol": 1e-10, "xrtol": 1e-05, "eps": 1e-10, "duration": 0.058969974517822266, "fun": "0.031064943893842845", "jac": "[ 0.00000000e+00  0.00000000e+00  0.00000000e+00  2.22044587e-06\n -2.22044587e-06  0.00000000e+00]", "hess_inv": "[[ 2.82540338  0.57458254 -0.34158976 -0.53141103  0.01593406 -1.08098627]\n [ 0.57458254 11.35186456 -9.0143151   0.53311237 -2.66911728 -2.92896151]\n [-0.34158976 -9.0143151  11.29592888  0.35536744  1.77104398  2.31657249]\n [-0.53141103  0.53311237  0.35536744  3.19814825 -0.4786597   0.02333042]\n [ 0.01593406 -2.66911728  1.77104398 -0.4786597   3.04557422  0.70110757]\n [-1.08098627 -2.92896151  2.31657249  0.02333042  0.70110757  3.87583307]]", "nfev": "238", "njev": "34", "status": "0", "success": "True", "message": "Optimization terminated successfully.", "x": "[5.78944112 2.96391703 4.97022936 1.75231448 4.4648364  4.93067412]", "nit": "29", "callback": [0.07330790686288102, 0.0321603686372276]}, "14": {"maxiter": 500, "gtol": 1e-10, "xrtol": 1e-10, "eps": 1e-05, "duration": 0.10970497131347656, "fun": "0.0310649438997479", "jac": "[ 6.80278056e-07 -2.41739961e-07 -1.72273307e-07  8.13782375e-07\n -3.48743257e-07  1.85906845e-07]", "hess_inv": "[[  2.70200488   0.87627878  -0.62131502  -0.64248784  -0.12123472\n   -1.07119298]\n [  0.87627878  15.23824067 -12.17759726   0.40142608  -3.36968647\n   -3.2259907 ]\n [ -0.62131502 -12.17759726  14.1185647    0.38807765   2.24466849\n    2.5537336 ]\n [ -0.64248784   0.40142608   0.38807765   3.35848885  -0.51497468\n    0.16309994]\n [ -0.12123472  -3.36968647   2.24466849  -0.51497468   3.2