{"date": "2024/09/23/, 23:53:11", "conf_id": 145, "data_type": "orthogonal\n", "num_data_points": 4, "s_rank": 0, "unitary": "[[-0.45070455-0.02711853j,0.78437395-0.06613086j,0.06358678+0.19963393j,-0.07343613+0.35668523j],[-0.01890143-0.03813363j,0.32408202+0.25557629j,0.05872864-0.68979805j,0.55466693-0.20227297j],[-0.11215405+0.64023111j,-0.13344055+0.29565494j,-0.49012687-0.19046288j,-0.04241254+0.44046348j],[0.55771659+0.24656916j,0.31851997-0.05798805j,0.28761525-0.34294258j,-0.56718418+0.03616933j]]", "databatch_0": {"databatch": "[[[-0.36914597+0.00456045j,-0.05493943-0.07159124j,0.20897944+0.2132043j,-0.08983273+0.22450708j],[-0.09898605+0.20999405j,0.01137906+0.10691854j,0.14386599-0.11917341j,0.13367893+0.13065539j],[-0.11298475+0.19579039j,-0.07356926-0.2690006j,0.17380009+0.11932582j,0.04857732+0.04233831j],[0.20590401-0.07669942j,-0.45787328-0.24064436j,0.12087079+0.1077529j,-0.17194216-0.15354323j]],[[0.14236788+0.18537159j,0.21663104+0.04114813j,-0.10816669-0.19110522j,0.21140473-0.07411092j],[-0.40966527+0.30043035j,0.01655237+0.29525616j,0.34287201-0.13024894j,0.16079052+0.39875941j],[0.12972157-0.07271231j,-0.1440838-0.08560002j,-0.01631241+0.03320691j,-0.07460602-0.10164086j],[-0.05063616+0.16442711j,0.10233262+0.01529436j,0.0411656-0.07056723j,0.12691013+0.05351075j]],[[-0.36094178+0.01223126j,-0.04477452-0.08831557j,0.20169393+0.21497847j,-0.08274793+0.21461047j],[-0.09202905+0.20242732j,0.00534543+0.09959343j,0.14015749-0.11410556j,0.1274443+0.12353721j],[-0.11328278+0.20363059j,-0.0767649-0.28647371j,0.17850416+0.12609883j,0.05034667+0.03947063j],[0.20928548-0.05654875j,-0.46960944-0.24105952j,0.135406+0.09732174j,-0.16176523-0.15057786j]],[[0.14368674+0.19208086j,0.21155434+0.03336104j,-0.10314389-0.19011587j,0.21349221-0.07524737j],[-0.4112871+0.29899208j,0.01869703+0.30107232j,0.34204476-0.13233297j,0.16094042+0.40089j],[0.12253881-0.07835907j,-0.12868116-0.08508529j,-0.02445921+0.03812659j,-0.07514011-0.09995854j],[-0.04690359+0.1628204j,0.09909009+0.02234087j,0.0408995-0.07547579j,0.12658123+0.0532345j]]]", "initial param values": "[3.12294342,1.4289499,3.55083965,0.60794181,6.20133305,2.88376542]", "nelder_mead": {"type": "gradient-free", "0": {"maxiter": 100, "fatol": 1e-05, "xatol": 1e-05, "duration": 0.038378000259399414, "fun": "0.35991856562656677", "nit": "100", "nfev": "155", "status": "2", "success": "False", "message": "Maximum number of iterations has been exceeded.", "x": "[1.48682484 1.85698674 5.71831024 0.48003703 9.75529781 0.1480492 ]", "final_simplex": "(array([[1.48682484, 1.85698674, 5.71831024, 0.48003703, 9.75529781,\n        0.1480492 ],\n       [1.4923365 , 1.91577532, 5.51061911, 0.49310946, 9.71064123,\n        0.28984142],\n       [1.51851731, 1.98249735, 5.67599136, 0.45330783, 9.89246782,\n        0.21273864],\n       [1.55289468, 1.89119173, 5.62675571, 0.43619803, 9.53142767,\n        0.59171416],\n       [1.53723088, 1.97563235, 5.51164969, 0.4807143 , 9.98721628,\n        0.06030929],\n       [1.39757643, 2.01142203, 5.64927943, 0.47446654, 9.90922925,\n        0.11736414],\n       [1.49522778, 1.98028618, 5.60344483, 0.44977435, 9.48326837,\n        0.56683228]]), array([0.35991857, 0.36345259, 0.3660333 , 0.36790085, 0.36815584,\n       0.37064437, 0.37302669]))", "callback": [0.6416362136271211, 0.5547655903796356, 0.4862496253958968, 0.45938137615468655, 0.4339511604965012, 0.4264547581397895, 0.4170649081454708, 0.39549057991714853, 0.3660333008045391]}, "1": {"maxiter": 100, "fatol": 1e-05, "xatol": 1e-10, "duration": 0.03541111946105957, "fun": "0.35991856562656677", "nit": "100", "nfev": "155", "status": "2", "success": "False", "message": "Maximum number of iterations has been exceeded.", "x": "[1.48682484 1.85698674 5.71831024 0.48003703 9.75529781 0.1480492 ]", "final_simplex": "(array([[1.48682484, 1.85698674, 5.71831024, 0.48003703, 9.75529781,\n        0.1480492 ],\n       [1.4923365 , 1.91577532, 5.51061911, 0.49310946, 9.71064123,\n        0.28984142],\n       [1.51851731, 1.98249735, 5.67599136, 0.45330783, 9.89246782,\n        0.21273864],\n       [1.55289468, 1.89119173, 5.62675571, 0.43619803, 9.53142767,\n        0.59171416],\n       [1.53723088, 1.97563235, 5.51164969, 0.4807143 , 9.98721628,\n        0.06030929],\n       [1.39757643, 2.01142203, 5.64927943, 0.47446654, 9.90922925,\n        0.11736414],\n       [1.49522778, 1.98028618, 5.60344483, 0.44977435, 9.48326837,\n        0.56683228]]), array([0.35991857, 0.36345259, 0.3660333 , 0.36790085, 0.36815584,\n       0.37064437, 0.37302669]))", "callback": [0.6416362136271211, 0.5547655903796356, 0.4862496253958968, 0.45938137615468655, 0.4339511604965012, 0.4264547581397895, 0.4170649081454708, 0.39549057991714853, 0.3660333008045391]}, "2": {"maxiter": 100, "fatol": 1e-10, "xatol": 1e-05, "duration": 0.03483295440673828, "fun": "0.35991856562656677", "nit": "100", "nfev": "155", "status": "2", "success": "False", "message": "Maximum number of iterations has been exceeded.", "x": "[1.48682484 1.85698674 5.71831024 0.48003703 9.75529781 0.1480492 ]", "final_simplex": "(array([[1.48682484, 1.85698674, 5.71831024, 0.48003703, 9.75529781,\n        0.1480492 ],\n       [1.4923365 , 1.91577532, 5.51061911, 0.49310946, 9.71064123,\n        0.28984142],\n       [1.51851731, 1.98249735, 5.67599136, 0.45330783, 9.89246782,\n        0.21273864],\n       [1.55289468, 1.89119173, 5.62675571, 0.43619803, 9.53142767,\n        0.59171416],\n       [1.53723088, 1.97563235, 5.51164969, 0.4807143 , 9.98721628,\n        0.06030929],\n       [1.39757643, 2.01142203, 5.64927943, 0.47446654, 9.90922925,\n        0.11736414],\n       [1.49522778, 1.98028618, 5.60344483, 0.44977435, 9.48326837,\n        0.56683228]]), array([0.35991857, 0.36345259, 0.3660333 , 0.36790085, 0.36815584,\n       0.37064437, 0.37302669]))", "callback": [0.6416362136271211, 0.5547655903796356, 0.4862496253958968, 0.45938137615468655, 0.4339511604965012, 0.4264547581397895, 0.4170649081454708, 0.39549057991714853, 0.3660333008045391]}, "3": {"maxiter": 100, "fatol": 1e-10, "xatol": 1e-10, "duration": 0.0360567569732666, "fun": "0.35991856562656677", "nit": "100", "nfev": "155", "status": "2", "success": "False", "message": "Maximum number of iterations has been exceeded.", "x": "[1.48682484 1.85698674 5.71831024 0.48003703 9.75529781 0.1480492 ]", "final_simplex": "(array([[1.48682484, 1.85698674, 5.71831024, 0.48003703, 9.75529781,\n        0.1480492 ],\n       [1.4923365 , 1.91577532, 5.51061911, 0.49310946, 9.71064123,\n        0.28984142],\n       [1.51851731, 1.98249735, 5.67599136, 0.45330783, 9.89246782,\n        0.21273864],\n       [1.55289468, 1.89119173, 5.62675571, 0.43619803, 9.53142767,\n        0.59171416],\n       [1.53723088, 1.97563235, 5.51164969, 0.4807143 , 9.98721628,\n        0.06030929],\n       [1.39757643, 2.01142203, 5.64927943, 0.47446654, 9.90922925,\n        0.11736414],\n       [1.49522778, 1.98028618, 5.60344483, 0.44977435, 9.48326837,\n        0.56683228]]), array([0.35991857, 0.36345259, 0.3660333 , 0.36790085, 0.36815584,\n       0.37064437, 0.37302669]))", "callback": [0.6416362136271211, 0.5547655903796356, 0.4862496253958968, 0.45938137615468655, 0.4339511604965012, 0.4264547581397895, 0.4170649081454708, 0.39549057991714853, 0.3660333008045391]}, "4": {"maxiter": 500, "fatol": 1e-05, "xatol": 1e-05, "duration": 0.1540660858154297, "fun": "0.2535000215374683", "nit": "432", "nfev": "680", "status": "0", "success": "True", "message": "Optimization terminated successfully.", "x": "[ 1.64008586  1.51369594  5.57657214  1.77539122 10.17625416 -0.21929136]", "final_simplex": "(array([[ 1.64008586,  1.51369594,  5.57657214,  1.77539122, 10.17625416,\n        -0.21929136],\n       [ 1.64009168,  1.51369782,  5.57656815,  1.77538597, 10.17625662,\n        -0.21928492],\n       [ 1.6400945 ,  1.51369781,  5.57656426,  1.77538179, 10.17625389,\n        -0.21928658],\n       [ 1.640084  ,  1.51370071,  5.5765703 ,  1.77539202, 10.1762506 ,\n        -0.21929357],\n       [ 1.64009187,  1.51369622,  5.57656431,  1.77539605, 10.17625497,\n        -0.21929178],\n       [ 1.64008303,  1.51369537,  5.57657037,  1.77539401, 10.17625808,\n        -0.21929572],\n       [ 1.64009298,  1.51369667,  5.57657088,  1.77538424, 10.17625629,\n        -0.21929429]]), array([0.25350002, 0.25350002, 0.25350002, 0.25350002, 0.25350002,\n       0.25350002, 0.25350002]))", "callback": [0.6416362136271211, 0.5547655903796356, 0.4862496253958968, 0.45938137615468655, 0.4339511604965012, 0.4264547581397895, 0.4170649081454708, 0.39549057991714853, 0.3660333008045391, 0.35991856562656677, 0.35208173699731504, 0.35170531688961293, 0.3499000665918428, 0.3480915697545135, 0.3469487391483519, 0.3457650563879404, 0.3374853170200913, 0.3084358815873951, 0.27892644170297853, 0.2736198975975581, 0.2619696770833063, 0.2575796674494505, 0.25607527879172953, 0.2543258822027624, 0.25376673121792825, 0.2536198919729288, 0.25353856902257155, 0.2535194637411671, 0.25350523553759785, 0.25350183495394185, 0.25350107973941594, 0.25350028930338486, 0.25350016789434804, 0.2535000759410956, 0.253500046713644, 0.2535000323664178, 0.25350002551375117, 0.25350002356070567, 0.25350002200613275, 0.25350002200613275, 0.25350002161145935, 0.25350002154881657, 0.2535000215374683]}, "5": {"maxiter": 500, "fatol": 1e-05, "xatol": 1e-10, "duration": 0.18162107467651367, "fun": "0.25350002153492424", "nit": "500", "nfev": "796", "status": "2", "success": "False", "message": "Maximum number of iterations has been exceeded.", "x": "[ 1.64008868  1.51369669  5.57656761  1.77538802 10.17625478 -0.21928895]", "final_simplex": "(array([[ 1.64008868,  1.51369669,  5.57656761,  1.77538802, 10.17625478,\n        -0.21928895],\n       [ 1.64008874,  1.5136967 ,  5.57656756,  1.77538796, 10.17625477,\n        -0.21928887],\n       [ 1.64008874,  1.51369671,  5.57656758,  1.77538794, 10.17625477,\n        -0.21928891],\n       [ 1.64008868,  1.51369668,  5.5765676 ,  1.77538797, 10.17625479,\n        -0.21928893],\n       [ 1.64008875,  1.51369669,  5.57656761,  1.77538791, 10.17625478,\n        -0.21928889],\n       [ 1.64008869,  1.51369674,  5.57656763,  1.77538795, 10.1762548 ,\n        -0.21928893],\n       [ 1.64008875,  1.51369669,  5.57656759,  1.77538797, 10.17625481,\n        -0.21928889]]), array([0.25350002, 0.25350002, 0.25350002, 0.25350002, 0.25350002,\n       0.25350002, 0.25350002]))", "callback": [0.6416362136271211, 0.5547655903796356, 0.4862496253958968, 0.45938137615468655, 0.4339511604965012, 0.4264547581397895, 0.4170649081454708, 0.39549057991714853, 0.3660333008045391, 0.35991856562656677, 0.35208173699731504, 0.35170531688961293, 0.3499000665918428, 0.3480915697545135, 0.3469487391483519, 0.3457650563879404, 0.3374853170200913, 0.3084358815873951, 0.27892644170297853, 0.2736198975975581, 0.2619696770833063, 0.2575796674494505, 0.25607527879172953, 0.2543258822027624, 0.25376673121792825, 0.2536198919729288, 0.25353856902257155, 0.2535194637411671, 0.25350523553759785, 0.25350183495394185, 0.25350107973941594, 0.25350028930338486, 0.25350016789434804, 0.2535000759410956, 0.253500046713644, 0.2535000323664178, 0.25350002551375117, 0.25350002356070567, 0.25350002200613275, 0.25350002200613275, 0.25350002161145935, 0.25350002154881657, 0.2535000215374683, 0.2535000215356742, 0.25350002153503337, 0.25350002153500617, 0.2535000215349351, 0.2535000215349278, 0.2535000215349247]}, "6": {"maxiter": 500, "fatol": 1e-10, "xatol": 1e-05, "duration": 0.15830397605895996, "fun": "0.2535000215374683", "nit": "432", "nfev": "680", "status": "0", "success": "True", "message": "Optimization terminated successfully.", "x": "[ 1.64008586  1.51369594  5.57657214  1.77539122 10.17625416 -0.21929136]", "final_simplex": "(array([[ 1.64008586,  1.51369594,  5.57657214,  1.77539122, 10.17625416,\n        -0.21929136],\n       [ 1.64009168,  1.51369782,  5.57656815,  1.77538597, 10.17625662,\n        -0.21928492],\n       [ 1.6400945 ,  1.51369781,  5.57656426,  1.77538179, 10.17625389,\n        -0.21928658],\n       [ 1.640084  ,  1.51370071,  5.5765703 ,  1.77539202, 10.1762506 ,\n        -0.21929357],\n       [ 1.64009187,  1.51369622,  5.57656431,  1.77539605, 10.17625497,\n        -0.21929178],\n       [ 1.64008303,  1.51369537,  5.57657037,  1.77539401, 10.17625808,\n        -0.21929572],\n       [ 1.64009298,  1.51369667,  5.57657088,  1.77538424, 10.17625629,\n        -0.21929429]]), array([0.25350002, 0.25350002, 0.25350002, 0.25350002, 0.25350002,\n       0.25350002, 0.25350002]))", "callback": [0.6416362136271211, 0.5547655903796356, 0.4862496253958968, 0.45938137615468655, 0.4339511604965012, 0.4264547581397895, 0.4170649081454708, 0.39549057991714853, 0.3660333008045391, 0.35991856562656677, 0.35208173699731504, 0.35170531688961293, 0.3499000665918428, 0.3480915697545135, 0.3469487391483519, 0.3457650563879404, 0.3374853170200913, 0.3084358815873951, 0.27892644170297853, 0.2736198975975581, 0.2619696770833063, 0.2575796674494505, 0.25607527879172953, 0.2543258822027624, 0.25376673121792825, 0.2536198919729288, 0.25353856902257155, 0.2535194637411671, 0.25350523553759785, 0.25350183495394185, 0.25350107973941594, 0.25350028930338486, 0.25350016789434804, 0.2535000759410956, 0.253500046713644, 0.2535000323664178, 0.25350002551375117, 0.25350002356070567, 0.25350002200613275, 0.25350002200613275, 0.25350002161145935, 0.25350002154881657, 0.2535000215374683]}, "7": {"maxiter": 500, "fatol": 1e-10, "xatol": 1e-10, "duration": 0.19154572486877441, "fun": "0.25350002153492424", "nit": "500", "nfev": "796", "status": "2", "success": "False", "message": "Maximum number of iterations has been exceeded.", "x": "[ 1.64008868  1.51369669  5.57656761  1.77538802 10.17625478 -0.21928895]", "final_simplex": "(array([[ 1.64008868,  1.51369669,  5.57656761,  1.77538802, 10.17625478,\n        -0.21928895],\n       [ 1.64008874,  1.5136967 ,  5.57656756,  1.77538796, 10.17625477,\n        -0.21928887],\n       [ 1.64008874,  1.51369671,  5.57656758,  1.77538794, 10.17625477,\n        -0.21928891],\n       [ 1.64008868,  1.51369668,  5.5765676 ,  1.77538797, 10.17625479,\n        -0.21928893],\n       [ 1.64008875,  1.51369669,  5.57656761,  1.77538791, 10.17625478,\n        -0.21928889],\n       [ 1.64008869,  1.51369674,  5.57656763,  1.77538795, 10.1762548 ,\n        -0.21928893],\n       [ 1.64008875,  1.51369669,  5.57656759,  1.77538797, 10.17625481,\n        -0.21928889]]), array([0.25350002, 0.25350002, 0.25350002, 0.25350002, 0.25350002,\n       0.25350002, 0.25350002]))", "callback": [0.6416362136271211, 0.5547655903796356, 0.4862496253958968, 0.45938137615468655, 0.4339511604965012, 0.4264547581397895, 0.4170649081454708, 0.39549057991714853, 0.3660333008045391, 0.35991856562656677, 0.35208173699731504, 0.35170531688961293, 0.3499000665918428, 0.3480915697545135, 0.3469487391483519, 0.3457650563879404, 0.3374853170200913, 0.3084358815873951, 0.27892644170297853, 0.2736198975975581, 0.2619696770833063, 0.2575796674494505, 0.25607527879172953, 0.2543258822027624, 0.25376673121792825, 0.2536198919729288, 0.25353856902257155, 0.2535194637411671, 0.25350523553759785, 0.25350183495394185, 0.25350107973941594, 0.25350028930338486, 0.25350016789434804, 0.2535000759410956, 0.253500046713644, 0.2535000323664178, 0.25350002551375117, 0.25350002356070567, 0.25350002200613275, 0.25350002200613275, 0.25350002161145935, 0.25350002154881657, 0.2535000215374683, 0.2535000215356742, 0.25350002153503337, 0.25350002153500617, 0.2535000215349351, 0.2535000215349278, 0.2535000215349247]}, "8": {"maxiter": 1000, "fatol": 1e-05, "xatol": 1e-05, "duration": 0.15449810028076172, "fun": "0.2535000215374683", "nit": "432", "nfev": "680", "status": "0", "success": "True", "message": "Optimization terminated successfully.", "x": "[ 1.64008586  1.51369594  5.57657214  1.77539122 10.17625416 -0.21929136]", "final_simplex": "(array([[ 1.64008586,  1.51369594,  5.57657214,  1.77539122, 10.17625416,\n        -0.21929136],\n       [ 1.64009168,  1.51369782,  5.57656815,  1.77538597, 10.17625662,\n        -0.21928492],\n       [ 1.6400945 ,  1.51369781,  5.57656426,  1.77538179, 10.17625389,\n        -0.21928658],\n       [ 1.640084  ,  1.51370071,  5.5765703 ,  1.77539202, 10.1762506 ,\n        -0.21929357],\n       [ 1.64009187,  1.51369622,  5.57656431,  1.77539605, 10.17625497,\n        -0.21929178],\n       [ 1.64008303,  1.51369537,  5.57657037,  1.77539401, 10.17625808,\n        -0.21929572],\n       [ 1.64009298,  1.51369667,  5.57657088,  1.77538424, 10.17625629,\n        -0.21929429]]), array([0.25350002, 0.25350002, 0.25350002, 0.25350002, 0.25350002,\n       0.25350002, 0.25350002]))", "callback": [0.6416362136271211, 0.5547655903796356, 0.4862496253958968, 0.45938137615468655, 0.4339511604965012, 0.4264547581397895, 0.4170649081454708, 0.39549057991714853, 0.3660333008045391, 0.35991856562656677, 0.35208173699731504, 0.35170531688961293, 0.3499000665918428, 0.3480915697545135, 0.3469487391483519, 0.3457650563879404, 0.3374853170200913, 0.3084358815873951, 0.27892644170297853, 0.2736198975975581, 0.2619696770833063, 0.2575796674494505, 0.25607527879172953, 0.2543258822027624, 0.25376673121792825, 0.2536198919729288, 0.25353856902257155, 0.2535194637411671, 0.25350523553759785, 0.25350183495394185, 0.25350107973941594, 0.25350028930338486, 0.25350016789434804, 0.2535000759410956, 0.253500046713644, 0.2535000323664178, 0.25350002551375117, 0.25350002356070567, 0.25350002200613275, 0.25350002200613275, 0.25350002161145935, 0.25350002154881657, 0.2535000215374683]}, "9": {"maxiter": 1000, "fatol": 1e-05, "xatol": 1e-10, "duration": 0.2598998546600342, "fun": "0.2535000215349237", "nit": "528", "nfev": "895", "status": "0", "success": "True", "message": "Optimization terminated successfully.", "x": "[ 1.64008869  1.5136967   5.5765676   1.77538797 10.17625478 -0.21928893]", "final_simplex": "(array([[ 1.64008869,  1.5136967 ,  5.5765676 ,  1.77538797, 10.17625478,\n        -0.21928893],\n       [ 1.64008869,  1.5136967 ,  5.5765676 ,  1.77538797, 10.17625478,\n        -0.21928893],\n       [ 1.64008869,  1.5136967 ,  5.5765676 ,  1.77538797, 10.17625478,\n        -0.21928893],\n       [ 1.64008869,  1.5136967 ,  5.5765676 ,  1.77538797, 10.17625478,\n        -0.21928893],\n       [ 1.64008869,  1.5136967 ,  5.5765676 ,  1.77538797, 10.17625478,\n        -0.21928893],\n       [ 1.64008869,  1.5136967 ,  5.5765676 ,  1.77538797, 10.17625478,\n        -0.21928893],\n       [ 1.64008869,  1.5136967 ,  5.5765676 ,  1.77538797, 10.17625478,\n        -0.21928893]]), array([0.25350002, 0.25350002, 0.25350002, 0.25350002, 0.25350002,\n       0.25350002, 0.25350002]))", "callback": [0.6416362136271211, 0.5547655903796356, 0.4862496253958968, 0.45938137615468655, 0.4339511604965012, 0.4264547581397895, 0.4170649081454708, 0.39549057991714853, 0.3660333008045391, 0.35991856562656677, 0.35208173699731504, 0.35170531688961293, 0.3499000665918428, 0.3480915697545135, 0.3469487391483519, 0.3457650563879404, 0.3374853170200913, 0.3084358815873951, 0.27892644170297853, 0.2736198975975581, 0.2619696770833063, 0.2575796674494505, 0.25607527879172953, 0.2543258822027624, 0.25376673121792825, 0.2536198919729288, 0.25353856902257155, 0.2535194637411671, 0.25350523553759785, 0.25350183495394185, 0.25350107973941594, 0.25350028930338486, 0.25350016789434804, 0.2535000759410956, 0.253500046713644, 0.2535000323664178, 0.25350002551375117, 0.25350002356070567, 0.25350002200613275, 0.25350002200613275, 0.25350002161145935, 0.25350002154881657, 0.2535000215374683, 0.2535000215356742, 0.25350002153503337, 0.25350002153500617, 0.2535000215349351, 0.2535000215349278, 0.2535000215349247, 0.2535000215349241, 0.2535000215349239, 0.2535000215349237]}, "10": {"maxiter": 1000, "fatol": 1e-10, "xatol": 1e-05, "duration": 0.165086030960083, "fun": "0.2535000215374683", "nit": "432", "nfev": "680", "status": "0", "success": "True", "message": "Optimization terminated successfully.", "x": "[ 1.64008586  1.51369594  5.57657214  1.77539122 10.17625416 -0.21929136]", "final_simplex": "(array([[ 1.64008586,  1.51369594,  5.57657214,  1.77539122, 10.17625416,\n        -0.21929136],\n       [ 1.64009168,  1.51369782,  5.57656815,  1.77538597, 10.17625662,\n        -0.21928492],\n       [ 1.6400945 ,  1.51369781,  5.57656426,  1.77538179, 10.17625389,\n        -0.21928658],\n       [ 1.640084  ,  1.51370071,  5.5765703 ,  1.77539202, 10.1762506 ,\n        -0.21929357],\n       [ 1.64009187,  1.51369622,  5.57656431,  1.77539605, 10.17625497,\n        -0.21929178],\n       [ 1.64008303,  1.51369537,  5.57657037,  1.77539401, 10.17625808,\n        -0.21929572],\n       [ 1.64009298,  1.51369667,  5.57657088,  1.77538424, 10.17625629,\n        -0.21929429]]), array([0.25350002, 0.25350002, 0.25350002, 0.25350002, 0.25350002,\n       0.25350002, 0.25350002]))", "callback": [0.6416362136271211, 0.5547655903796356, 0.4862496253958968, 0.45938137615468655, 0.4339511604965012, 0.4264547581397895, 0.4170649081454708, 0.39549057991714853, 0.3660333008045391, 0.35991856562656677, 0.35208173699731504, 0.35170531688961293, 0.3499000665918428, 0.3480915697545135, 0.3469487391483519, 0.3457650563879404, 0.3374853170200913, 0.3084358815873951, 0.27892644170297853, 0.2736198975975581, 0.2619696770833063, 0.2575796674494505, 0.25607527879172953, 0.2543258822027624, 0.25376673121792825, 0.2536198919729288, 0.25353856902257155, 0.2535194637411671, 0.25350523553759785, 0.25350183495394185, 0.25350107973941594, 0.25350028930338486, 0.25350016789434804, 0.2535000759410956, 0.253500046713644, 0.2535000323664178, 0.25350002551375117, 0.25350002356070567, 0.25350002200613275, 0.25350002200613275, 0.25350002161145935, 0.25350002154881657, 0.2535000215374683]}, "11": {"maxiter": 1000, "fatol": 1e-10, "xatol": 1e-10, "duration": 0.21106982231140137, "fun": "0.2535000215349237", "nit": "528", "nfev": "895", "status": "0", "success": "True", "message": "Optimization terminated successfully.", "x": "[ 1.64008869  1.5136967   5.5765676   1.77538797 10.17625478 -0.21928893]", "final_simplex": "(array([[ 1.64008869,  1.5136967 ,  5.5765676 ,  1.77538797, 10.17625478,\n        -0.21928893],\n       [ 1.64008869,  1.5136967 ,  5.5765676 ,  1.77538797, 10.17625478,\n        -0.21928893],\n       [ 1.64008869,  1.5136967 ,  5.5765676 ,  1.77538797, 10.17625478,\n        -0.21928893],\n       [ 1.64008869,  1.5136967 ,  5.5765676 ,  1.77538797, 10.17625478,\n        -0.21928893],\n       [ 1.64008869,  1.5136967 ,  5.5765676 ,  1.77538797, 10.17625478,\n        -0.21928893],\n       [ 1.64008869,  1.5136967 ,  5.5765676 ,  1.77538797, 10.17625478,\n        -0.21928893],\n       [ 1.64008869,  1.5136967 ,  5.5765676 ,  1.77538797, 10.17625478,\n        -0.21928893]]), array([0.25350002, 0.25350002, 0.25350002, 0.25350002, 0.25350002,\n       0.25350002, 0.25350002]))", "callback": [0.6416362136271211, 0.5547655903796356, 0.4862496253958968, 0.45938137615468655, 0.4339511604965012, 0.4264547581397895, 0.4170649081454708, 0.39549057991714853, 0.3660333008045391, 0.35991856562656677, 0.35208173699731504, 0.35170531688961293, 0.3499000665918428, 0.3480915697545135, 0.3469487391483519, 0.3457650563879404, 0.3374853170200913, 0.3084358815873951, 0.27892644170297853, 0.2736198975975581, 0.2619696770833063, 0.2575796674494505, 0.25607527879172953, 0.2543258822027624, 0.25376673121792825, 0.2536198919729288, 0.25353856902257155, 0.2535194637411671, 0.25350523553759785, 0.25350183495394185, 0.25350107973941594, 0.25350028930338486, 0.25350016789434804, 0.2535000759410956, 0.253500046713644, 0.2535000323664178, 0.25350002551375117, 0.25350002356070567, 0.25350002200613275, 0.25350002200613275, 0.25350002161145935, 0.25350002154881657, 0.2535000215374683, 0.2535000215356742, 0.25350002153503337, 0.25350002153500617, 0.2535000215349351, 0.2535000215349278, 0.2535000215349247, 0.2535000215349241, 0.2535000215349239, 0.2535000215349237]}}, "bfgs": {"type": "gradient", "0": {"maxiter": 100, "gtol": 1e-05, "xrtol": 1e-05, "eps": 1e-05, "duration": 0.038641929626464844, "fun": "0.2535000216055402", "jac": "[-7.92232946e-07 -1.16443521e-06  3.80614429e-06 -1.21266330e-06\n -1.78483894e-06  5.88485927e-06]", "hess_inv": "[[ 5.14619066 -0.2053845  -2.80207565  2.160427    0.12162113  2.4817149 ]\n [-0.2053845   3.05039793  0.5151562   0.53487694 -0.48607235  0.04354797]\n [-2.80207565  0.5151562   6.0063899  -1.32319664  0.89397405 -2.98384754]\n [ 2.160427    0.53487694 -1.32319664  8.07807077 -0.24280857  2.72386017]\n [ 0.12162113 -0.48607235  0.89397405 -0.24280857  3.07645725  0.1688883 ]\n [ 2.4817149   0.04354797 -2.98384754  2.72386017  0.1688883   5.03233244]]", "nfev": "161", "njev": "23", "status": "0", "success": "True", "message": "Optimization terminated successfully.", "x": "[ 1.64007664  1.5136894   5.57657457 -1.77540192  7.03465535  2.92230908]", "nit": "20", "callback": [0.2552623296501042, 0.2535000216055402]}, "1": {"maxiter": 100, "gtol": 1e-05, "xrtol": 1e-05, "eps": 1e-10, "duration": 0.039025068283081055, "fun": "0.25350002163668683", "jac": "[ 1.11022293e-06  2.22044587e-06  3.33066880e-06  2.22044587e-06\n -1.11022293e-06  7.77156053e-06]", "hess_inv": "[[ 5.23539501 -0.18902525 -2.86272665  2.26584522  0.10536284  2.5572443 ]\n [-0.18902525  3.06266765  0.49998153  0.55263117 -0.49638307  0.05873692]\n [-2.86272665  0.49998153  6.0371291  -1.38497499  0.91585735 -3.02368801]\n [ 2.26584522  0.55263117 -1.38497499  8.18150556 -0.28831182  2.79173615]\n [ 0.10536284 -0.49638307  0.91585735 -0.28831182  3.06398286  0.1364831 ]\n [ 2.5572443   0.05873692 -3.02368801  2.79173615  0.1364831   5.07155981]]", "nfev": "161", "njev": "23", "status": "0", "success": "True", "message": "Optimization terminated successfully.", "x": "[ 1.6400983   1.51370004  5.57656825 -1.77537062  7.0346612   2.92233177]", "nit": "20", "callback": [0.2552622483554746, 0.25350002163668683]}, "2": {"maxiter": 100, "gtol": 1e-05, "xrtol": 1e-10, "eps": 1e-05, "duration": 0.03862404823303223, "fun": "0.2535000216055402", "jac": "[-7.92232946e-07 -1.16443521e-06  3.80614429e-06 -1.21266330e-06\n -1.78483894e-06  5.88485927e-06]", "hess_inv": "[[ 5.14619066 -0.2053845  -2.80207565  2.160427    0.12162113  2.4817149 ]\n [-0.2053845   3.05039793  0.5151562   0.53487694 -0.48607235  0.04354797]\n [-2.80207565  0.5151562   6.0063899  -1.32319664  0.89397405 -2.98384754]\n [ 2.160427    0.53487694 -1.32319664  8.07807077 -0.24280857  2.72386017]\n [ 0.12162113 -0.48607235  0.89397405 -0.24280857  3.07645725  0.1688883 ]\n [ 2.4817149   0.04354797 -2.98384754  2.72386017  0.1688883   5.03233244]]", "nfev": "161", "njev": "23", "status": "0", "success": "True", "message": "Optimization terminated successfully.", "x": "[ 1.64007664  1.5136894   5.57657457 -1.77540192  7.03465535  2.92230908]", "nit": "20", "callback": [0.2552623296501042, 0.2535000216055402]}, "3": {"maxiter": 100, "gtol": 1e-05, "xrtol": 1e-10, "eps": 1e-10, "duration": 0.03939199447631836, "fun": "0.25350002163668683", "jac": "[ 1.11022293e-06  2.22044587e-06  3.33066880e-06  2.22044587e-06\n -1.11022293e-06  7.77156053e-06]", "hess_inv": "[[ 5.23539501 -0.18902525 -2.86272665  2.26584522  0.10536284  2.5572443 ]\n [-0.18902525  3.06266765  0.49998153  0.55263117 -0.49638307  0.05873692]\n [-2.86272665  0.49998153  6.0371291  -1.38497499  0.91585735 -3.02368801]\n [ 2.26584522  0.55263117 -1.38497499  8.18150556 -0.28831182  2.79173615]\n [ 0.10536284 -0.49638307  0.91585735 -0.28831182  3.06398286  0.1364831 ]\n [ 2.5572443   0.05873692 -3.02368801  2.79173615  0.1364831   5.07155981]]", "nfev": "161", "njev": "23", "status": "0", "success": "True", "message": "Optimization terminated successfully.", "x": "[ 1.6400983   1.51370004  5.57656825 -1.77537062  7.0346612   2.92233177]", "nit": "20", "callback": [0.2552622483554746, 0.25350002163668683]}, "4": {"maxiter": 100, "gtol": 1e-10, "xrtol": 1e-05, "eps": 1e-05, "duration": 0.03931379318237305, "fun": "0.25350002156378904", "jac": "[ 3.44702045e-07 -1.44206869e-07  4.41502390e-07 -1.17850174e-07\n -2.96029867e-07  3.69460018e-07]", "hess_inv": "[[ 5.08359287 -0.21897733 -2.87493764  2.13772286  0.18316998  2.28279758]\n [-0.21897733  3.04767903  0.49278421  0.52976009 -0.47075155 -0.01345861]\n [-2.87493764  0.49278421  6.10595352 -1.3443672   0.91056673 -2.82659797]\n [ 2.13772286  0.52976009 -1.3443672   8.06998587 -0.22205428  2.66279715]\n [ 0.18316998 -0.47075155  0.91056673 -0.22205428  3.03237562  0.24839293]\n [ 2.28279758 -0.01345861 -2.82659797  2.66279715  0.24839293  5.22005218]]", "nfev": "168", "njev": "24", "status": "0", "success": "True", "message": "Optimization terminated successfully.", "x": "[ 1.64008084  1.51369078  5.57656625 -1.77540077  7.03465517  2.92229459]", "nit": "21", "callback": [0.2552623296501042, 0.2535000216055402]}, "5": {"maxiter": 100, "gtol": 1e-10, "xrtol": 1e-05, "eps": 1e-10, "duration": 0.039936065673828125, "fun": "0.2535000215692673", "jac": "[ 2.22044587e-06 -2.22044587e-06  2.22044587e-06 -1.11022293e-06\n  0.00000000e+00  0.00000000e+00]", "hess_inv": "[[ 4.53938385e+00 -4.66938020e-01 -2.50120070e+00  1.36614517e+00\n   2.37830081e-01  1.87965232e+00]\n [-4.66938020e-01  2.96764124e+00  6.52658141e-01  2.82966885e-01\n  -4.22107590e-01 -8.22515185e-02]\n [-2.50120070e+00  6.52658141e-01  5.85368704e+00 -8.70888635e-01\n   8.58211585e-01 -2.60409646e+00]\n [ 1.36614517e+00  2.82966885e-01 -8.70888635e-01  7.52185719e+00\n   3.06847525e-03  2.64389715e+00]\n [ 2.37830081e-01 -4.22107590e-01  8.58211585e-01  3.06847525e-03\n   3.06744932e+00  4.39225580e-01]\n [ 1.87965232e+00 -8.22515185e-02 -2.60409646e+00  2.64389715e+00\n   4.39225580e-01  5.46496087e+00]]", "nfev": "168", "njev": "24", "status": "0", "success": "True", "message": "Optimization terminated successfully.", "x": "[ 1.64008526  1.51369134  5.5765732  -1.77540711  7.034659    2.92229069]", "nit": "21", "callback": [0.2552622483554746, 0.25350002163668683]}, "6": {"maxiter": 100, "gtol": 1e-10, "xrtol": 1e-10, "eps": 1e-05, "duration": 0.09419631958007812, "fun": "0.25350002156378904", "jac": "[ 3.44702045e-07 -1.44206869e-07  4.41502390e-07 -1.17850174e-07\n -2.96029867e-07  3.69460018e-07]", "hess_inv": "[[ 4.99776173 -0.22634966 -2.798473    2.11873014  0.19429136  2.40703897]\n [-0.22634966  3.05211145  0.47664911  0.52920876 -0.46802547 -0.04456732]\n [-2.798473    0.47664911  6.13958156 -1.33228746  0.89272261 -2.75003353]\n [ 2.11873014  0.52920876 -1.33228746  8.06601342 -0.21921579  2.68138157]\n [ 0.19429136 -0.46802547  0.89272261 -0.21921579  3.03155363  0.21768928]\n [ 2.40703897 -0.04456732 -2.75003353  2.68138157  0.21768928  5.38480415]]", "nfev": "403", "njev": "56", "status": "2", "success": "False", "message": "Desired error not necessarily achieved due to precision loss.", "x": "[ 1.64008084  1.51369078  5.57656625 -1.77540077  7.03465517  2.92229459]", "nit": "21", "callback": [0.2552623296501042, 0.2535000216055402]}, "7": {"maxiter": 100, "gtol": 1e-10, "xrtol": 1e-10, "eps": 1e-10, "duration": 0.10045695304870605, "fun": "0.25350002153924145", "jac": "[-1.11022293e-06  0.00000000e+00 -1.11022293e-06  2.22044587e-06\n -1.11022293e-06  0.00000000e+00]", "hess_inv": "[[ 0.00044945  0.00010354  0.00043621 -0.00094891 -0.00051435  0.00120445]\n [ 0.00010354  0.01026101 -0.0027417  -0.00379232 -0.00520401  0.02613986]\n [ 0.00043621 -0.0027417   0.00506828 -0.00351997 -0.00202451  0.00443809]\n [-0.00094891 -0.00379232 -0.00351997  0.00757728  0.00598249 -0.02284905]\n [-0.00051435 -0.00520401 -0.00202451  0.00598249  0.00595602 -0.02317543]\n [ 0.00120445  0.02613986  0.00443809 -0.02284905 -0.02317543  0.09982909]]", "nfev": "427", "njev": "61", "status": "0", "success": "True", "message": "Optimization terminated successfully.", "x": "[ 1.64008332  1.51369551  5.57656939 -1.77539027  7.03465934  2.92230114]", "nit": "43", "callback": [0.2552622483554746, 0.25350002163668683, 0.2535000215447226, 0.25350002153924667]}, "8": {"maxiter": 500, "gtol": 1e-05, "xrtol": 1e-05, "eps": 1e-05, "duration": 0.037528038024902344, "fun": "0.2535000216055402", "jac": "[-7.92232946e-07 -1.16443521e-06  3.80614429e-06 -1.21266330e-06\n -1.78483894e-06  5.88485927e-06]", "hess_inv": "[[ 5.14619066 -0.2053845  -2.80207565  2.160427    0.12162113  2.4817149 ]\n [-0.2053845   3.05039793  0.5151562   0.53487694 -0.48607235  0.04354797]\n [-2.80207565  0.5151562   6.0063899  -1.32319664  0.89397405 -2.98384754]\n [ 2.160427    0.53487694 -1.32319664  8.07807077 -0.24280857  2.72386017]\n [ 0.12162113 -0.48607235  0.89397405 -0.24280857  3.07645725  0.1688883 ]\n [ 2.4817149   0.04354797 -2.98384754  2.72386017  0.1688883   5.03233244]]", "nfev": "161", "njev": "23", "status": "0", "success": "True", "message": "Optimization terminated successfully.", "x": "[ 1.64007664  1.5136894   5.57657457 -1.77540192  7.03465535  2.92230908]", "nit": "20", "callback": [0.2552623296501042, 0.2535000216055402]}, "9": {"maxiter": 500, "gtol": 1e-05, "xrtol": 1e-05, "eps": 1e-10, "duration": 0.0379178524017334, "fun": "0.25350002163668683", "jac": "[ 1.11022293e-06  2.22044587e-06  3.33066880e-06  2.22044587e-06\n -1.11022293e-06  7.77156053e-06]", "hess_inv": "[[ 5.23539501 -0.18902525 -2.86272665  2.26584522  0.10536284  2.5572443 ]\n [-0.18902525  3.06266765  0.49998153  0.55263117 -0.49638307  0.05873692]\n [-2.86272665  0.49998153  6.0371291  -1.38497499  0.91585735 -3.02368801]\n [ 2.26584522  0.55263117 -1.38497499  8.18150556 -0.28831182  2.79173615]\n [ 0.10536284 -0.49638307  0.91585735 -0.28831182  3.06398286  0.1364831 ]\n [ 2.5572443   0.05873692 -3.02368801  2.79173615  0.1364831   5.07155981]]", "nfev": "161", "njev": "23", "status": "0", "success": "True", "message": "Optimization terminated successfully.", "x": "[ 1.6400983   1.51370004  5.57656825 -1.77537062  7.0346612   2.92233177]", "nit": "20", "callback": [0.2552622483554746, 0.25350002163668683]}, "10": {"maxiter": 500, "gtol": 1e-05, "xrtol": 1e-10, "eps": 1e-05, "duration": 0.03729510307312012, "fun": "0.2535000216055402", "jac": "[-7.92232946e-07 -1.16443521e-06  3.80614429e-06 -1.21266330e-06\n -1.78483894e-06  5.88485927e-06]", "hess_inv": "[[ 5.14619066 -0.2053845  -2.80207565  2.160427    0.12162113  2.4817149 ]\n [-0.2053845   3.05039793  0.5151562   0.53487694 -0.48607235  0.04354797]\n [-2.80207565  0.5151562   6.0063899  -1.32319664  0.89397405 -2.98384754]\n [ 2.160427    0.53487694 -1.32319664  8.07807077 -0.24280857  2.72386017]\n [ 0.12162113 -0.48607235  0.89397405 -0.24280857  3.07645725  0.1688883 ]\n [ 2.4817149   0.04354797 -2.98384754  2.72386017  0.1688883   5.03233244]]", "nfev": "161", "njev": "23", "status": "0", "success": "True", "message": "Optimization terminated successfully.", "x": "[ 1.64007664  1.5136894   5.57657457 -1.77540192  7.03465535  2.92230908]", "nit": "20", "callback": [0.2552623296501042, 0.2535000216055402]}, "11": {"maxiter": 500, "gtol": 1e-05, "xrtol": 1e-10, "eps": 1e-10, "duration": 0.037184953689575195, "fun": "0.25350002163668683", "jac": "[ 1.11022293e-06  2.22044587e-06  3.33066880e-06  2.22044587e-06\n -1.11022293e-06  7.77156053e-06]", "hess_inv": "[[ 5.23539501 -0.18902525 -2.86272665  2.26584522  0.10536284  2.5572443 ]\n [-0.18902525  3.06266765  0.49998153  0.55263117 -0.49638307  0.05873692]\n [-2.86272665  0.49998153  6.0371291  -1.38497499  0.91585735 -3.02368801]\n [ 2.26584522  0.55263117 -1.38497499  8.18150556 -0.28831182  2.79173615]\n [ 0.10536284 -0.49638307  0.91585735 -0.28831182  3.06398286  0.1364831 ]\n [ 2.5572443   0.05873692 -3.02368801  2.79173615  0.1364831   5.07155981]]", "nfev": "161", "njev": "23", "status": "0", "success": "True", "message": "Optimization terminated successfully.", "x": "[ 1.6400983   1.51370004  5.57656825 -1.77537062  7.0346612   2.92233177]", "nit": "20", "callback": [0.2552622483554746, 0.25350002163668683]}, "12": {"maxiter": 500, "gtol": 1e-10, "xrtol": 1e-05, "eps": 1e-05, "duration": 0.03887677192687988, "fun": "0.25350002156378904", "jac": "[ 3.44702045e-07 -1.44206869e-07  4.41502390e-07 -1.17850174e-07\n -2.96029867e-07  3.69460018e-07]", "hess_inv": "[[ 5.08359287 -0.21897733 -2.87493764  2.13772286  0.18316998  2.28279758]\n [-0.21897733  3.04767903  0.49278421  0.52976009 -0.47075155 -0.01345861]\n [-2.87493764  0.49278421  6.10595352 -1.3443672   0.91056673 -2.82659797]\n [ 2.13772286  0.52976009 -1.3443672   8.06998587 -0.22205428  2.66279715]\n [ 0.18316998 -0.47075155  0.91056673 -0.22205428  3.03237562  0.24839293]\n [ 2.28279758 -0.01345861 -2.82659797  2.66279715  0.24839293  5.22005218]]", "nfev": "168", "njev": "24", "status": "0", "success": "True", "message": "Optimization terminated successfully.", "x": "[ 1.64008084  1.51369078  5.57656625 -1.77540077  7.03465517  2.92229459]", "nit": "21", "callback": [0.2552623296501042, 0.2535000216055402]}, "13": {"maxiter": 500, "gtol": 1e-10, "xrtol": 1e-05, "eps": 1e-10, "duration": 0.04078793525695801, "fun": "0.2535000215692673", "jac": "[ 2.22044587e-06 -2.22044587e-06  2.22044587e-06 -1.11022293e-06\n  0.00000000e+00  0.00000000e+00]", "hess_inv": "[[ 4.53938385e+00 -4.66938020e-01 -2.50120070e+00  1.36614517e+00\n   2.37830081e-01  1.87965232e+00]\n [-4.66938020e-01  2.96764124e+00  6.52658141e-01  2.82966885e-01\n  -4.22107590e-01 -8.22515185e-02]\n [-2.50120070e+00  6.52658141e-01  5.85368704e+00 -8.70888635e-01\n   8.58211585e-01 -2.60409646e+00]\n [ 1.36614517e+00  2.82966885e-01 -8.70888635e-01  7.52185719e+00\n   3.06847525e-03  2.64389715e+00]\n [ 2.37830081e-01 -4.22107590e-01  8.58211585e-01  3.06847525e-03\n   3.06744932e+00  4.39225580e-01]\n [ 1.87965232e+00 -8.22515185e-02 -2.60409646e+00  2.64389715e+00\n   4.39225580e-01  5.46496087e+00]]", "nfev": "168", "njev": "24", "status": "0", "success": "True", "message": "Optimization terminated successfully.", "x": "[ 1.64008526  1.51369134  5.5765732  -1.77540711  7.034659    2.92229069]", "nit": "21", "callback": [0.2552622483554746, 0.25350002163668683]}, "14": {"maxiter": 500, "gtol": 1e-10, "xrtol": 1e-10, "eps": 1e-05, "duration": 0.09162211418151855, "fun": "0.25350002156378904", "jac": "[ 3.44702045e-07 -1.44206869e-07  4.41502390e-07 -1.17850174e-07\n -2.96029867e-07  3.69460018e-07]", "hess_inv": "[[ 4.99776173 -0.22634966 -2.798473    2.11873014  0.19429136  2.40703897]\n [-0.22634966  3.05211145  0.47664911  0.52920876 -0.46802547 -0.04456732]\n [-2.798473    0.47664911  6.13958156 -1.33228746  0.89272261 -2.75003353]\n [ 2.11873014  0.52920876 -1.33228746  8.06601342 -0.21921579  2.68138157]\n [ 0.19429136 -0.46802547  0.89272261 -0.21921579  3.03155363  0.21768928]\n [ 2.40703897 -0.04456732 -2.75003353  2.68138157  0.21768928  5.38480415]]", "nfev": "403", "njev": "56", "status": "2", "success": "False", "message": "Desired error not necessarily achieved due to precision loss.", "x": "[ 1.64008084  1.51369078  5.57656625 -1.77540077  7.03465517  2.92229459]", "nit": "21", "callback": [0.2552623296501042, 0.2535000216055402]}, "15": {"maxiter": 500, "gtol": 1e-10, "xrtol": 1e-10, "eps": 1e-10, "duration": 0.09856796264648438, "fun": "0.25350002153924145", "jac": "[-1.11022293e-06  0.00000000e+00 -1.11022293e-06  2.22044587e-06\n -1.11022293e-06  0.00000000e+00]", "hess_inv": "[[ 0.00044945  0.00010354  0.00043621 -0.00094891 -0.00051435  0.00120445]\n [ 0.00010354  0.01026101 -0.0027417  -0.00379232 -0.00520401  0.02613986]\n [ 0.00043621 -0.0027417   0.00506828 -0.00351997 -0.00202451  0.00443809]\n [-0.00094891 -0.00379232 -0.00351997  0.00757728  0.00598249 -0.02284905]\n [-0.00051435 -0.00520401 -0.00202451  0.00598249  0.00595602 -0.02317543]\n [ 0.00120445  0.02613986  0.00443809 -0.02284905 -0.02317543  0.09982909]]", "nfev": "427", "njev": "61", "status": "0", "success": "True", "message": "Optimization terminated successfully.", "x": "[ 1.64008332  1.51369551  5.57656939 -1.77539027  7.034