{"date": "2024/09/24/, 02:14:02", "conf_id": 203, "data_type": "non_lin_ind\n", "num_data_points": 3, "s_rank": 0, "unitary": "[[-0.53618537-0.34368723j,-0.12107031-0.46226139j,-0.07699282-0.46603512j,0.36022595-0.11472301j],[0.26026499-0.63450712j,-0.56616638+0.37832564j,-0.14988651+0.08458591j,0.10363514-0.16008501j],[-0.32580188-0.11070003j,-0.36476308-0.23593218j,0.02559343+0.41761608j,-0.25598305+0.6725303j],[0.07406738-0.0126433j,0.28513701+0.19483972j,-0.74939717-0.10299659j,0.29798249+0.46269921j]]", "databatch_0": {"databatch": "[[[-0.27358051+0.04310618j,0.09220478-0.11341888j,0.03386677+0.38450541j,0.28599796+0.18152067j],[0.12214084+0.14605996j,-0.09947015-0.01426317j,0.21472683-0.15591147j,0.00590668-0.2327992j],[0.16632001-0.20258038j,0.00615466+0.13819702j,-0.26582736-0.25056245j,-0.31640634+0.05156795j],[0.08557177+0.15173771j,-0.0871156-0.02939065j,0.21913671-0.10452327j,0.04406755-0.20845834j]],[[-0.10787328+0.10107062j,-0.06306902-0.23563275j,0.04686055+0.34874354j,-0.39139517+0.05869756j],[0.09772943+0.02786696j,-0.11662836+0.1204941j,0.18904796-0.15092868j,0.17298738+0.2100099j],[0.0126918-0.13932272j,0.19282336+0.12693073j,-0.2525179-0.21710275j,0.23981354-0.28771829j],[0.08328494+0.04133974j,-0.12498497+0.08898966j,0.19520482-0.10431511j,0.1206711+0.21773563j]],[[0.0119794+0.2408871j,-0.31118846+0.20957382j,0.14600368+0.00261684j,0.30616495-0.21866759j],[0.13778928-0.09222987j,0.23358502+0.10937771j,-0.05007753-0.08700753j,-0.23717053-0.10320074j],[-0.16000548-0.16278491j,0.08819081-0.34394054j,-0.10487904+0.08999659j,-0.07891826+0.34721019j],[0.13931766-0.06003868j,0.19194076+0.13728776j,-0.03056914-0.08661403j,-0.19619478-0.13232742j]]]", "initial param values": "[1.03979107,3.13541423,1.51663279,6.2319315,2.05814037,1.20765439]", "nelder_mead": {"type": "gradient-free", "0": {"maxiter": 100, "fatol": 1e-05, "xatol": 1e-05, "duration": 0.03705096244812012, "fun": "0.045290279008779244", "nit": "100", "nfev": "158", "status": "2", "success": "False", "message": "Maximum number of iterations has been exceeded.", "x": "[0.08998604 6.36295255 0.58873154 7.8592197  3.47479791 1.06836618]", "final_simplex": "(array([[0.08998604, 6.36295255, 0.58873154, 7.8592197 , 3.47479791,\n        1.06836618],\n       [0.07855033, 6.28840639, 0.64232512, 7.81845751, 3.41582266,\n        1.07297832],\n       [0.07971429, 6.24063974, 0.63853361, 7.84993473, 3.41844466,\n        1.09946315],\n       [0.06631911, 6.3175363 , 0.61509836, 7.88064802, 3.46058063,\n        1.0766017 ],\n       [0.08140827, 6.3527459 , 0.58946105, 7.82311562, 3.48150552,\n        1.07972628],\n       [0.04436888, 6.25948405, 0.64453739, 7.80440861, 3.41156959,\n        1.13850834],\n       [0.06765589, 6.23500444, 0.68077037, 7.83708919, 3.42190203,\n        1.06307041]]), array([0.04529028, 0.04588936, 0.04602111, 0.04640818, 0.04648908,\n       0.04675804, 0.04693649]))", "callback": [0.4101303274492426, 0.22168430557130436, 0.13289452310730654, 0.09874647970180117, 0.08280610474183259, 0.08124890716636335, 0.05380591066405527, 0.0491396022940801, 0.045889361396219464]}, "1": {"maxiter": 100, "fatol": 1e-05, "xatol": 1e-10, "duration": 0.035392045974731445, "fun": "0.045290279008779244", "nit": "100", "nfev": "158", "status": "2", "success": "False", "message": "Maximum number of iterations has been exceeded.", "x": "[0.08998604 6.36295255 0.58873154 7.8592197  3.47479791 1.06836618]", "final_simplex": "(array([[0.08998604, 6.36295255, 0.58873154, 7.8592197 , 3.47479791,\n        1.06836618],\n       [0.07855033, 6.28840639, 0.64232512, 7.81845751, 3.41582266,\n        1.07297832],\n       [0.07971429, 6.24063974, 0.63853361, 7.84993473, 3.41844466,\n        1.09946315],\n       [0.06631911, 6.3175363 , 0.61509836, 7.88064802, 3.46058063,\n        1.0766017 ],\n       [0.08140827, 6.3527459 , 0.58946105, 7.82311562, 3.48150552,\n        1.07972628],\n       [0.04436888, 6.25948405, 0.64453739, 7.80440861, 3.41156959,\n        1.13850834],\n       [0.06765589, 6.23500444, 0.68077037, 7.83708919, 3.42190203,\n        1.06307041]]), array([0.04529028, 0.04588936, 0.04602111, 0.04640818, 0.04648908,\n       0.04675804, 0.04693649]))", "callback": [0.4101303274492426, 0.22168430557130436, 0.13289452310730654, 0.09874647970180117, 0.08280610474183259, 0.08124890716636335, 0.05380591066405527, 0.0491396022940801, 0.045889361396219464]}, "2": {"maxiter": 100, "fatol": 1e-10, "xatol": 1e-05, "duration": 0.03579401969909668, "fun": "0.045290279008779244", "nit": "100", "nfev": "158", "status": "2", "success": "False", "message": "Maximum number of iterations has been exceeded.", "x": "[0.08998604 6.36295255 0.58873154 7.8592197  3.47479791 1.06836618]", "final_simplex": "(array([[0.08998604, 6.36295255, 0.58873154, 7.8592197 , 3.47479791,\n        1.06836618],\n       [0.07855033, 6.28840639, 0.64232512, 7.81845751, 3.41582266,\n        1.07297832],\n       [0.07971429, 6.24063974, 0.63853361, 7.84993473, 3.41844466,\n        1.09946315],\n       [0.06631911, 6.3175363 , 0.61509836, 7.88064802, 3.46058063,\n        1.0766017 ],\n       [0.08140827, 6.3527459 , 0.58946105, 7.82311562, 3.48150552,\n        1.07972628],\n       [0.04436888, 6.25948405, 0.64453739, 7.80440861, 3.41156959,\n        1.13850834],\n       [0.06765589, 6.23500444, 0.68077037, 7.83708919, 3.42190203,\n        1.06307041]]), array([0.04529028, 0.04588936, 0.04602111, 0.04640818, 0.04648908,\n       0.04675804, 0.04693649]))", "callback": [0.4101303274492426, 0.22168430557130436, 0.13289452310730654, 0.09874647970180117, 0.08280610474183259, 0.08124890716636335, 0.05380591066405527, 0.0491396022940801, 0.045889361396219464]}, "3": {"maxiter": 100, "fatol": 1e-10, "xatol": 1e-10, "duration": 0.0354158878326416, "fun": "0.045290279008779244", "nit": "100", "nfev": "158", "status": "2", "success": "False", "message": "Maximum number of iterations has been exceeded.", "x": "[0.08998604 6.36295255 0.58873154 7.8592197  3.47479791 1.06836618]", "final_simplex": "(array([[0.08998604, 6.36295255, 0.58873154, 7.8592197 , 3.47479791,\n        1.06836618],\n       [0.07855033, 6.28840639, 0.64232512, 7.81845751, 3.41582266,\n        1.07297832],\n       [0.07971429, 6.24063974, 0.63853361, 7.84993473, 3.41844466,\n        1.09946315],\n       [0.06631911, 6.3175363 , 0.61509836, 7.88064802, 3.46058063,\n        1.0766017 ],\n       [0.08140827, 6.3527459 , 0.58946105, 7.82311562, 3.48150552,\n        1.07972628],\n       [0.04436888, 6.25948405, 0.64453739, 7.80440861, 3.41156959,\n        1.13850834],\n       [0.06765589, 6.23500444, 0.68077037, 7.83708919, 3.42190203,\n        1.06307041]]), array([0.04529028, 0.04588936, 0.04602111, 0.04640818, 0.04648908,\n       0.04675804, 0.04693649]))", "callback": [0.4101303274492426, 0.22168430557130436, 0.13289452310730654, 0.09874647970180117, 0.08280610474183259, 0.08124890716636335, 0.05380591066405527, 0.0491396022940801, 0.045889361396219464]}, "4": {"maxiter": 500, "fatol": 1e-05, "xatol": 1e-05, "duration": 0.11205887794494629, "fun": "0.00035038028337319727", "nit": "315", "nfev": "506", "status": "0", "success": "True", "message": "Optimization terminated successfully.", "x": "[ 1.31876024  7.40447095  0.56857912  9.1131477   2.32136763 -0.31013473]", "final_simplex": "(array([[ 1.31876024,  7.40447095,  0.56857912,  9.1131477 ,  2.32136763,\n        -0.31013473],\n       [ 1.31875966,  7.40446302,  0.5685819 ,  9.11315141,  2.32136382,\n        -0.31013421],\n       [ 1.3187595 ,  7.4044654 ,  0.56858058,  9.11314673,  2.32136811,\n        -0.31013346],\n       [ 1.31875965,  7.40446972,  0.56857318,  9.11314478,  2.32137218,\n        -0.31012882],\n       [ 1.31875522,  7.40447378,  0.56857612,  9.11314966,  2.32137613,\n        -0.31013183],\n       [ 1.31876072,  7.40446541,  0.56857282,  9.1131436 ,  2.32137478,\n        -0.31013058],\n       [ 1.31876649,  7.40447255,  0.56857614,  9.11314986,  2.32136422,\n        -0.31013727]]), array([0.00035038, 0.00035038, 0.00035038, 0.00035038, 0.00035038,\n       0.00035038, 0.00035038]))", "callback": [0.4101303274492426, 0.22168430557130436, 0.13289452310730654, 0.09874647970180117, 0.08280610474183259, 0.08124890716636335, 0.05380591066405527, 0.0491396022940801, 0.045889361396219464, 0.04503056059698529, 0.03874947808598961, 0.033366606647977526, 0.028877895558204414, 0.024039016784877965, 0.011185812821707386, 0.00445665707054399, 0.001912039489160855, 0.0013248836695135546, 0.0006522503663410895, 0.000397601321746488, 0.0003663213537254961, 0.00035671649876611866, 0.00035181127519079425, 0.0003507692850787114, 0.00035044671940775984, 0.00035040521422891047, 0.0003503852162390908, 0.00035038093491934763, 0.0003503804012385814, 0.0003503803029086816, 0.00035038028520462117]}, "5": {"maxiter": 500, "fatol": 1e-05, "xatol": 1e-10, "duration": 0.15835309028625488, "fun": "0.00035038027999656496", "nit": "402", "nfev": "719", "status": "0", "success": "True", "message": "Optimization terminated successfully.", "x": "[ 1.31876163  7.40446784  0.5685777   9.11314718  2.32136839 -0.31013411]", "final_simplex": "(array([[ 1.31876163,  7.40446784,  0.5685777 ,  9.11314718,  2.32136839,\n        -0.31013411],\n       [ 1.31876163,  7.40446784,  0.5685777 ,  9.11314718,  2.32136839,\n        -0.31013411],\n       [ 1.31876163,  7.40446784,  0.5685777 ,  9.11314718,  2.32136839,\n        -0.31013411],\n       [ 1.31876163,  7.40446784,  0.5685777 ,  9.11314718,  2.32136839,\n        -0.31013411],\n       [ 1.31876163,  7.40446784,  0.5685777 ,  9.11314718,  2.32136839,\n        -0.31013411],\n       [ 1.31876163,  7.40446784,  0.5685777 ,  9.11314718,  2.32136839,\n        -0.31013411],\n       [ 1.31876163,  7.40446784,  0.5685777 ,  9.11314718,  2.32136839,\n        -0.31013411]]), array([0.00035038, 0.00035038, 0.00035038, 0.00035038, 0.00035038,\n       0.00035038, 0.00035038]))", "callback": [0.4101303274492426, 0.22168430557130436, 0.13289452310730654, 0.09874647970180117, 0.08280610474183259, 0.08124890716636335, 0.05380591066405527, 0.0491396022940801, 0.045889361396219464, 0.04503056059698529, 0.03874947808598961, 0.033366606647977526, 0.028877895558204414, 0.024039016784877965, 0.011185812821707386, 0.00445665707054399, 0.001912039489160855, 0.0013248836695135546, 0.0006522503663410895, 0.000397601321746488, 0.0003663213537254961, 0.00035671649876611866, 0.00035181127519079425, 0.0003507692850787114, 0.00035044671940775984, 0.00035040521422891047, 0.0003503852162390908, 0.00035038093491934763, 0.0003503804012385814, 0.0003503803029086816, 0.00035038028520462117, 0.0003503802810889134, 0.00035038028019218626, 0.0003503802800369771, 0.00035038028000300425, 0.0003503802799977862, 0.00035038027999700905, 0.00035038027999656496, 0.00035038027999656496, 0.00035038027999656496]}, "6": {"maxiter": 500, "fatol": 1e-10, "xatol": 1e-05, "duration": 0.1123349666595459, "fun": "0.00035038028337319727", "nit": "315", "nfev": "506", "status": "0", "success": "True", "message": "Optimization terminated successfully.", "x": "[ 1.31876024  7.40447095  0.56857912  9.1131477   2.32136763 -0.31013473]", "final_simplex": "(array([[ 1.31876024,  7.40447095,  0.56857912,  9.1131477 ,  2.32136763,\n        -0.31013473],\n       [ 1.31875966,  7.40446302,  0.5685819 ,  9.11315141,  2.32136382,\n        -0.31013421],\n       [ 1.3187595 ,  7.4044654 ,  0.56858058,  9.11314673,  2.32136811,\n        -0.31013346],\n       [ 1.31875965,  7.40446972,  0.56857318,  9.11314478,  2.32137218,\n        -0.31012882],\n       [ 1.31875522,  7.40447378,  0.56857612,  9.11314966,  2.32137613,\n        -0.31013183],\n       [ 1.31876072,  7.40446541,  0.56857282,  9.1131436 ,  2.32137478,\n        -0.31013058],\n       [ 1.31876649,  7.40447255,  0.56857614,  9.11314986,  2.32136422,\n        -0.31013727]]), array([0.00035038, 0.00035038, 0.00035038, 0.00035038, 0.00035038,\n       0.00035038, 0.00035038]))", "callback": [0.4101303274492426, 0.22168430557130436, 0.13289452310730654, 0.09874647970180117, 0.08280610474183259, 0.08124890716636335, 0.05380591066405527, 0.0491396022940801, 0.045889361396219464, 0.04503056059698529, 0.03874947808598961, 0.033366606647977526, 0.028877895558204414, 0.024039016784877965, 0.011185812821707386, 0.00445665707054399, 0.001912039489160855, 0.0013248836695135546, 0.0006522503663410895, 0.000397601321746488, 0.0003663213537254961, 0.00035671649876611866, 0.00035181127519079425, 0.0003507692850787114, 0.00035044671940775984, 0.00035040521422891047, 0.0003503852162390908, 0.00035038093491934763, 0.0003503804012385814, 0.0003503803029086816, 0.00035038028520462117]}, "7": {"maxiter": 500, "fatol": 1e-10, "xatol": 1e-10, "duration": 0.1710190773010254, "fun": "0.00035038027999656496", "nit": "402", "nfev": "719", "status": "0", "success": "True", "message": "Optimization terminated successfully.", "x": "[ 1.31876163  7.40446784  0.5685777   9.11314718  2.32136839 -0.31013411]", "final_simplex": "(array([[ 1.31876163,  7.40446784,  0.5685777 ,  9.11314718,  2.32136839,\n        -0.31013411],\n       [ 1.31876163,  7.40446784,  0.5685777 ,  9.11314718,  2.32136839,\n        -0.31013411],\n       [ 1.31876163,  7.40446784,  0.5685777 ,  9.11314718,  2.32136839,\n        -0.31013411],\n       [ 1.31876163,  7.40446784,  0.5685777 ,  9.11314718,  2.32136839,\n        -0.31013411],\n       [ 1.31876163,  7.40446784,  0.5685777 ,  9.11314718,  2.32136839,\n        -0.31013411],\n       [ 1.31876163,  7.40446784,  0.5685777 ,  9.11314718,  2.32136839,\n        -0.31013411],\n       [ 1.31876163,  7.40446784,  0.5685777 ,  9.11314718,  2.32136839,\n        -0.31013411]]), array([0.00035038, 0.00035038, 0.00035038, 0.00035038, 0.00035038,\n       0.00035038, 0.00035038]))", "callback": [0.4101303274492426, 0.22168430557130436, 0.13289452310730654, 0.09874647970180117, 0.08280610474183259, 0.08124890716636335, 0.05380591066405527, 0.0491396022940801, 0.045889361396219464, 0.04503056059698529, 0.03874947808598961, 0.033366606647977526, 0.028877895558204414, 0.024039016784877965, 0.011185812821707386, 0.00445665707054399, 0.001912039489160855, 0.0013248836695135546, 0.0006522503663410895, 0.000397601321746488, 0.0003663213537254961, 0.00035671649876611866, 0.00035181127519079425, 0.0003507692850787114, 0.00035044671940775984, 0.00035040521422891047, 0.0003503852162390908, 0.00035038093491934763, 0.0003503804012385814, 0.0003503803029086816, 0.00035038028520462117, 0.0003503802810889134, 0.00035038028019218626, 0.0003503802800369771, 0.00035038028000300425, 0.0003503802799977862, 0.00035038027999700905, 0.00035038027999656496, 0.00035038027999656496, 0.00035038027999656496]}, "8": {"maxiter": 1000, "fatol": 1e-05, "xatol": 1e-05, "duration": 0.11771178245544434, "fun": "0.00035038028337319727", "nit": "315", "nfev": "506", "status": "0", "success": "True", "message": "Optimization terminated successfully.", "x": "[ 1.31876024  7.40447095  0.56857912  9.1131477   2.32136763 -0.31013473]", "final_simplex": "(array([[ 1.31876024,  7.40447095,  0.56857912,  9.1131477 ,  2.32136763,\n        -0.31013473],\n       [ 1.31875966,  7.40446302,  0.5685819 ,  9.11315141,  2.32136382,\n        -0.31013421],\n       [ 1.3187595 ,  7.4044654 ,  0.56858058,  9.11314673,  2.32136811,\n        -0.31013346],\n       [ 1.31875965,  7.40446972,  0.56857318,  9.11314478,  2.32137218,\n        -0.31012882],\n       [ 1.31875522,  7.40447378,  0.56857612,  9.11314966,  2.32137613,\n        -0.31013183],\n       [ 1.31876072,  7.40446541,  0.56857282,  9.1131436 ,  2.32137478,\n        -0.31013058],\n       [ 1.31876649,  7.40447255,  0.56857614,  9.11314986,  2.32136422,\n        -0.31013727]]), array([0.00035038, 0.00035038, 0.00035038, 0.00035038, 0.00035038,\n       0.00035038, 0.00035038]))", "callback": [0.4101303274492426, 0.22168430557130436, 0.13289452310730654, 0.09874647970180117, 0.08280610474183259, 0.08124890716636335, 0.05380591066405527, 0.0491396022940801, 0.045889361396219464, 0.04503056059698529, 0.03874947808598961, 0.033366606647977526, 0.028877895558204414, 0.024039016784877965, 0.011185812821707386, 0.00445665707054399, 0.001912039489160855, 0.0013248836695135546, 0.0006522503663410895, 0.000397601321746488, 0.0003663213537254961, 0.00035671649876611866, 0.00035181127519079425, 0.0003507692850787114, 0.00035044671940775984, 0.00035040521422891047, 0.0003503852162390908, 0.00035038093491934763, 0.0003503804012385814, 0.0003503803029086816, 0.00035038028520462117]}, "9": {"maxiter": 1000, "fatol": 1e-05, "xatol": 1e-10, "duration": 0.16054701805114746, "fun": "0.00035038027999656496", "nit": "402", "nfev": "719", "status": "0", "success": "True", "message": "Optimization terminated successfully.", "x": "[ 1.31876163  7.40446784  0.5685777   9.11314718  2.32136839 -0.31013411]", "final_simplex": "(array([[ 1.31876163,  7.40446784,  0.5685777 ,  9.11314718,  2.32136839,\n        -0.31013411],\n       [ 1.31876163,  7.40446784,  0.5685777 ,  9.11314718,  2.32136839,\n        -0.31013411],\n       [ 1.31876163,  7.40446784,  0.5685777 ,  9.11314718,  2.32136839,\n        -0.31013411],\n       [ 1.31876163,  7.40446784,  0.5685777 ,  9.11314718,  2.32136839,\n        -0.31013411],\n       [ 1.31876163,  7.40446784,  0.5685777 ,  9.11314718,  2.32136839,\n        -0.31013411],\n       [ 1.31876163,  7.40446784,  0.5685777 ,  9.11314718,  2.32136839,\n        -0.31013411],\n       [ 1.31876163,  7.40446784,  0.5685777 ,  9.11314718,  2.32136839,\n        -0.31013411]]), array([0.00035038, 0.00035038, 0.00035038, 0.00035038, 0.00035038,\n       0.00035038, 0.00035038]))", "callback": [0.4101303274492426, 0.22168430557130436, 0.13289452310730654, 0.09874647970180117, 0.08280610474183259, 0.08124890716636335, 0.05380591066405527, 0.0491396022940801, 0.045889361396219464, 0.04503056059698529, 0.03874947808598961, 0.033366606647977526, 0.028877895558204414, 0.024039016784877965, 0.011185812821707386, 0.00445665707054399, 0.001912039489160855, 0.0013248836695135546, 0.0006522503663410895, 0.000397601321746488, 0.0003663213537254961, 0.00035671649876611866, 0.00035181127519079425, 0.0003507692850787114, 0.00035044671940775984, 0.00035040521422891047, 0.0003503852162390908, 0.00035038093491934763, 0.0003503804012385814, 0.0003503803029086816, 0.00035038028520462117, 0.0003503802810889134, 0.00035038028019218626, 0.0003503802800369771, 0.00035038028000300425, 0.0003503802799977862, 0.00035038027999700905, 0.00035038027999656496, 0.00035038027999656496, 0.00035038027999656496]}, "10": {"maxiter": 1000, "fatol": 1e-10, "xatol": 1e-05, "duration": 0.12038993835449219, "fun": "0.00035038028337319727", "nit": "315", "nfev": "506", "status": "0", "success": "True", "message": "Optimization terminated successfully.", "x": "[ 1.31876024  7.40447095  0.56857912  9.1131477   2.32136763 -0.31013473]", "final_simplex": "(array([[ 1.31876024,  7.40447095,  0.56857912,  9.1131477 ,  2.32136763,\n        -0.31013473],\n       [ 1.31875966,  7.40446302,  0.5685819 ,  9.11315141,  2.32136382,\n        -0.31013421],\n       [ 1.3187595 ,  7.4044654 ,  0.56858058,  9.11314673,  2.32136811,\n        -0.31013346],\n       [ 1.31875965,  7.40446972,  0.56857318,  9.11314478,  2.32137218,\n        -0.31012882],\n       [ 1.31875522,  7.40447378,  0.56857612,  9.11314966,  2.32137613,\n        -0.31013183],\n       [ 1.31876072,  7.40446541,  0.56857282,  9.1131436 ,  2.32137478,\n        -0.31013058],\n       [ 1.31876649,  7.40447255,  0.56857614,  9.11314986,  2.32136422,\n        -0.31013727]]), array([0.00035038, 0.00035038, 0.00035038, 0.00035038, 0.00035038,\n       0.00035038, 0.00035038]))", "callback": [0.4101303274492426, 0.22168430557130436, 0.13289452310730654, 0.09874647970180117, 0.08280610474183259, 0.08124890716636335, 0.05380591066405527, 0.0491396022940801, 0.045889361396219464, 0.04503056059698529, 0.03874947808598961, 0.033366606647977526, 0.028877895558204414, 0.024039016784877965, 0.011185812821707386, 0.00445665707054399, 0.001912039489160855, 0.0013248836695135546, 0.0006522503663410895, 0.000397601321746488, 0.0003663213537254961, 0.00035671649876611866, 0.00035181127519079425, 0.0003507692850787114, 0.00035044671940775984, 0.00035040521422891047, 0.0003503852162390908, 0.00035038093491934763, 0.0003503804012385814, 0.0003503803029086816, 0.00035038028520462117]}, "11": {"maxiter": 1000, "fatol": 1e-10, "xatol": 1e-10, "duration": 0.18448901176452637, "fun": "0.00035038027999656496", "nit": "402", "nfev": "719", "status": "0", "success": "True", "message": "Optimization terminated successfully.", "x": "[ 1.31876163  7.40446784  0.5685777   9.11314718  2.32136839 -0.31013411]", "final_simplex": "(array([[ 1.31876163,  7.40446784,  0.5685777 ,  9.11314718,  2.32136839,\n        -0.31013411],\n       [ 1.31876163,  7.40446784,  0.5685777 ,  9.11314718,  2.32136839,\n        -0.31013411],\n       [ 1.31876163,  7.40446784,  0.5685777 ,  9.11314718,  2.32136839,\n        -0.31013411],\n       [ 1.31876163,  7.40446784,  0.5685777 ,  9.11314718,  2.32136839,\n        -0.31013411],\n       [ 1.31876163,  7.40446784,  0.5685777 ,  9.11314718,  2.32136839,\n        -0.31013411],\n       [ 1.31876163,  7.40446784,  0.5685777 ,  9.11314718,  2.32136839,\n        -0.31013411],\n       [ 1.31876163,  7.40446784,  0.5685777 ,  9.11314718,  2.32136839,\n        -0.31013411]]), array([0.00035038, 0.00035038, 0.00035038, 0.00035038, 0.00035038,\n       0.00035038, 0.00035038]))", "callback": [0.4101303274492426, 0.22168430557130436, 0.13289452310730654, 0.09874647970180117, 0.08280610474183259, 0.08124890716636335, 0.05380591066405527, 0.0491396022940801, 0.045889361396219464, 0.04503056059698529, 0.03874947808598961, 0.033366606647977526, 0.028877895558204414, 0.024039016784877965, 0.011185812821707386, 0.00445665707054399, 0.001912039489160855, 0.0013248836695135546, 0.0006522503663410895, 0.000397601321746488, 0.0003663213537254961, 0.00035671649876611866, 0.00035181127519079425, 0.0003507692850787114, 0.00035044671940775984, 0.00035040521422891047, 0.0003503852162390908, 0.00035038093491934763, 0.0003503804012385814, 0.0003503803029086816, 0.00035038028520462117, 0.0003503802810889134, 0.00035038028019218626, 0.0003503802800369771, 0.00035038028000300425, 0.0003503802799977862, 0.00035038027999700905, 0.00035038027999656496, 0.00035038027999656496, 0.00035038027999656496]}}, "bfgs": {"type": "gradient", "0": {"maxiter": 100, "gtol": 1e-05, "xrtol": 1e-05, "eps": 1e-05, "duration": 0.0347139835357666, "fun": "0.0003503804016432577", "jac": "[-2.16979767e-06 -3.66484620e-08  1.05012665e-06  8.06332778e-07\n  1.66968661e-06  1.82005522e-06]", "hess_inv": "[[ 3.12475522  3.46518428 -1.13385964  2.586887    2.39915756  1.11376224]\n [ 3.46518428  8.29331974 -2.93842174  5.27556117  3.70075125  2.84055066]\n [-1.13385964 -2.93842174  7.11104334 -4.68491898  2.66657224 -1.69590377]\n [ 2.586887    5.27556117 -4.68491898  6.92850159  0.61685444  2.2330162 ]\n [ 2.39915756  3.70075125  2.66657224  0.61685444  6.62341762  0.75158527]\n [ 1.11376224  2.84055066 -1.69590377  2.2330162   0.75158527  2.21129297]]", "nfev": "140", "njev": "20", "status": "0", "success": "True", "message": "Optimization terminated successfully.", "x": "[1.16102775 4.80178033 1.76903183 7.71141034 3.15120205 2.28006969]", "nit": "18", "callback": [0.004738619727580939]}, "1": {"maxiter": 100, "gtol": 1e-05, "xrtol": 1e-05, "eps": 1e-10, "duration": 0.03475785255432129, "fun": "0.00035038056099523374", "jac": "[-4.44089173e-06  3.33066880e-06  3.33066880e-06  1.11022293e-06\n  3.33066880e-06  7.77156053e-06]", "hess_inv": "[[ 3.34905755  3.85042722 -1.07917463  2.75081909  2.69899093  1.20938474]\n [ 3.85042722  8.91885991 -2.79943629  5.48405287  4.18800699  2.96494077]\n [-1.07917463 -2.79943629  7.04171952 -4.53467558  2.74777823 -1.62018443]\n [ 2.75081909  5.48405287 -4.53467558  6.89110961  0.79809542  2.22111368]\n [ 2.69899093  4.18800699  2.74777823  0.79809542  6.98300506  0.85237121]\n [ 1.20938474  2.96494077 -1.62018443  2.22111368  0.85237121  2.20809583]]", "nfev": "140", "njev": "20", "status": "0", "success": "True", "message": "Optimization terminated successfully.", "x": "[1.16107977 4.801856   1.76904658 7.71145329 3.15127824 2.28010608]", "nit": "18", "callback": [0.004738354647801812]}, "2": {"maxiter": 100, "gtol": 1e-05, "xrtol": 1e-10, "eps": 1e-05, "duration": 0.03350210189819336, "fun": "0.0003503804016432577", "jac": "[-2.16979767e-06 -3.66484620e-08  1.05012665e-06  8.06332778e-07\n  1.66968661e-06  1.82005522e-06]", "hess_inv": "[[ 3.12475522  3.46518428 -1.13385964  2.586887    2.39915756  1.11376224]\n [ 3.46518428  8.29331974 -2.93842174  5.27556117  3.70075125  2.84055066]\n [-1.13385964 -2.93842174  7.11104334 -4.68491898  2.66657224 -1.69590377]\n [ 2.586887    5.27556117 -4.68491898  6.92850159  0.61685444  2.2330162 ]\n [ 2.39915756  3.70075125  2.66657224  0.61685444  6.62341762  0.75158527]\n [ 1.11376224  2.84055066 -1.69590377  2.2330162   0.75158527  2.21129297]]", "nfev": "140", "njev": "20", "status": "0", "success": "True", "message": "Optimization terminated successfully.", "x": "[1.16102775 4.80178033 1.76903183 7.71141034 3.15120205 2.28006969]", "nit": "18", "callback": [0.004738619727580939]}, "3": {"maxiter": 100, "gtol": 1e-05, "xrtol": 1e-10, "eps": 1e-10, "duration": 0.032892704010009766, "fun": "0.00035038056099523374", "jac": "[-4.44089173e-06  3.33066880e-06  3.33066880e-06  1.11022293e-06\n  3.33066880e-06  7.77156053e-06]", "hess_inv": "[[ 3.34905755  3.85042722 -1.07917463  2.75081909  2.69899093  1.20938474]\n [ 3.85042722  8.91885991 -2.79943629  5.48405287  4.18800699  2.96494077]\n [-1.07917463 -2.79943629  7.04171952 -4.53467558  2.74777823 -1.62018443]\n [ 2.75081909  5.48405287 -4.53467558  6.89110961  0.79809542  2.22111368]\n [ 2.69899093  4.18800699  2.74777823  0.79809542  6.98300506  0.85237121]\n [ 1.20938474  2.96494077 -1.62018443  2.22111368  0.85237121  2.20809583]]", "nfev": "140", "njev": "20", "status": "0", "success": "True", "message": "Optimization terminated successfully.", "x": "[1.16107977 4.801856   1.76904658 7.71145329 3.15127824 2.28010608]", "nit": "18", "callback": [0.004738354647801812]}, "4": {"maxiter": 100, "gtol": 1e-10, "xrtol": 1e-05, "eps": 1e-05, "duration": 0.03398394584655762, "fun": "0.0003503804016432577", "jac": "[-2.16979767e-06 -3.66484620e-08  1.05012665e-06  8.06332778e-07\n  1.66968661e-06  1.82005522e-06]", "hess_inv": "[[ 3.12475522  3.46518428 -1.13385964  2.586887    2.39915756  1.11376224]\n [ 3.46518428  8.29331974 -2.93842174  5.27556117  3.70075125  2.84055066]\n [-1.13385964 -2.93842174  7.11104334 -4.68491898  2.66657224 -1.69590377]\n [ 2.586887    5.27556117 -4.68491898  6.92850159  0.61685444  2.2330162 ]\n [ 2.39915756  3.70075125  2.66657224  0.61685444  6.62341762  0.75158527]\n [ 1.11376224  2.84055066 -1.69590377  2.2330162   0.75158527  2.21129297]]", "nfev": "140", "njev": "20", "status": "0", "success": "True", "message": "Optimization terminated successfully.", "x": "[1.16102775 4.80178033 1.76903183 7.71141034 3.15120205 2.28006969]", "nit": "18", "callback": [0.004738619727580939]}, "5": {"maxiter": 100, "gtol": 1e-10, "xrtol": 1e-05, "eps": 1e-10, "duration": 0.035307884216308594, "fun": "0.0003503803272885131", "jac": "[3.33066880e-06 2.22044587e-06 4.44089173e-06 3.33066880e-06\n 0.00000000e+00 0.00000000e+00]", "hess_inv": "[[ 3.0752237   3.01960405 -1.30206572  2.42456811  1.90383202  0.81105412]\n [ 3.01960405  6.6565159  -3.07984275  4.54467427  2.431189    1.98767891]\n [-1.30206572 -3.07984275  7.46670241 -4.72290165  3.10505365 -1.59009937]\n [ 2.42456811  4.54467427 -4.72290165  6.51226924 -0.0211752   1.79171759]\n [ 1.90383202  2.431189    3.10505365 -0.0211752   6.33797293  0.28261142]\n [ 0.81105412  1.98767891 -1.59009937  1.79171759  0.28261142  1.83568421]]", "nfev": "147", "njev": "21", "status": "0", "success": "True", "message": "Optimization terminated successfully.", "x": "[1.16107237 4.80182891 1.76903345 7.71144357 3.15124497 2.28009117]", "nit": "19", "callback": [0.004738354647801812]}, "6": {"maxiter": 100, "gtol": 1e-10, "xrtol": 1e-10, "eps": 1e-05, "duration": 0.08487725257873535, "fun": "0.0003503804016432577", "jac": "[-2.16979767e-06 -3.66484620e-08  1.05012665e-06  8.06332778e-07\n  1.66968661e-06  1.82005522e-06]", "hess_inv": "[[ 3.11095312  3.37912724 -1.20261007  2.58311989  2.29651984  1.07665831]\n [ 3.37912724  7.98019557 -2.99891759  5.24957434  3.56157138  2.74248796]\n [-1.20261007 -2.99891759  7.37520611 -4.70780048  2.9804274  -1.66111796]\n [ 2.58311989  5.24957434 -4.70780048  6.92750135  0.58324101  2.22139875]\n [ 2.29651984  3.56157138  2.9804274   0.58324101  6.98245936  0.77436963]\n [ 1.07665831  2.74248796 -1.66111796  2.22139875  0.77436963  2.19104829]]", "nfev": "362", "njev": "50", "status": "2", "success": "False", "message": "Desired error not necessarily achieved due to precision loss.", "x": "[1.16102775 4.80178033 1.76903183 7.71141034 3.15120205 2.28006969]", "nit": "18", "callback": [0.004738619727580939]}, "7": {"maxiter": 100, "gtol": 1e-10, "xrtol": 1e-10, "eps": 1e-10, "duration": 0.050353050231933594, "fun": "0.0003503802849428306", "jac": "[0. 0. 0. 0. 0. 0.]", "hess_inv": "[[ 9.30525879e-01 -5.53571292e-01 -2.36065339e-01 -4.95965197e-01\n   3.88033591e-02  5.08417373e-01]\n [-5.53571292e-01  4.99202613e-01  8.70407171e-02  1.83975982e-01\n   7.07727491e-06 -2.72767886e-01]\n [-2.36065339e-01  8.70407171e-02  3.45896480e-01 -1.07487456e-01\n   6.27623965e-02 -2.85693940e-01]\n [-4.95965197e-01  1.83975982e-01 -1.07487456e-01  1.24648762e+00\n   1.23772315e-02 -1.65294301e-01]\n [ 3.88033591e-02  7.07727491e-06  6.27623965e-02  1.23772315e-02\n   2.17134867e-01 -1.49540949e-01]\n [ 5.08417373e-01 -2.72767886e-01 -2.85693940e-01 -1.65294301e-01\n  -1.49540949e-01  8.19316253e-01]]", "nfev": "217", "njev": "31", "status": "0", "success": "True", "message": "Optimization terminated successfully.", "x": "[1.16106197 4.80181679 1.76902935 7.71143669 3.15123276 2.2800881 ]", "nit": "27", "callback": [0.004738354647801812, 0.0003503802937719902]}, "8": {"maxiter": 500, "gtol": 1e-05, "xrtol": 1e-05, "eps": 1e-05, "duration": 0.032956838607788086, "fun": "0.0003503804016432577", "jac": "[-2.16979767e-06 -3.66484620e-08  1.05012665e-06  8.06332778e-07\n  1.66968661e-06  1.82005522e-06]", "hess_inv": "[[ 3.12475522  3.46518428 -1.13385964  2.586887    2.39915756  1.11376224]\n [ 3.46518428  8.29331974 -2.93842174  5.27556117  3.70075125  2.84055066]\n [-1.13385964 -2.93842174  7.11104334 -4.68491898  2.66657224 -1.69590377]\n [ 2.586887    5.27556117 -4.68491898  6.92850159  0.61685444  2.2330162 ]\n [ 2.39915756  3.70075125  2.66657224  0.61685444  6.62341762  0.75158527]\n [ 1.11376224  2.84055066 -1.69590377  2.2330162   0.75158527  2.21129297]]", "nfev": "140", "njev": "20", "status": "0", "success": "True", "message": "Optimization terminated successfully.", "x": "[1.16102775 4.80178033 1.76903183 7.71141034 3.15120205 2.28006969]", "nit": "18", "callback": [0.004738619727580939]}, "9": {"maxiter": 500, "gtol": 1e-05, "xrtol": 1e-05, "eps": 1e-10, "duration": 0.03304290771484375, "fun": "0.00035038056099523374", "jac": "[-4.44089173e-06  3.33066880e-06  3.33066880e-06  1.11022293e-06\n  3.33066880e-06  7.77156053e-06]", "hess_inv": "[[ 3.34905755  3.85042722 -1.07917463  2.75081909  2.69899093  1.20938474]\n [ 3.85042722  8.91885991 -2.79943629  5.48405287  4.18800699  2.96494077]\n [-1.07917463 -2.79943629  7.04171952 -4.53467558  2.74777823 -1.62018443]\n [ 2.75081909  5.48405287 -4.53467558  6.89110961  0.79809542  2.22111368]\n [ 2.69899093  4.18800699  2.74777823  0.79809542  6.98300506  0.85237121]\n [ 1.20938474  2.96494077 -1.62018443  2.22111368  0.85237121  2.20809583]]", "nfev": "140", "njev": "20", "status": "0", "success": "True", "message": "Optimization terminated successfully.", "x": "[1.16107977 4.801856   1.76904658 7.71145329 3.15127824 2.28010608]", "nit": "18", "callback": [0.004738354647801812]}, "10": {"maxiter": 500, "gtol": 1e-05, "xrtol": 1e-10, "eps": 1e-05, "duration": 0.0338897705078125, "fun": "0.0003503804016432577", "jac": "[-2.16979767e-06 -3.66484620e-08  1.05012665e-06  8.06332778e-07\n  1.66968661e-06  1.82005522e-06]", "hess_inv": "[[ 3.12475522  3.46518428 -1.13385964  2.586887    2.39915756  1.11376224]\n [ 3.46518428  8.29331974 -2.93842174  5.27556117  3.70075125  2.84055066]\n [-1.13385964 -2.93842174  7.11104334 -4.68491898  2.66657224 -1.69590377]\n [ 2.586887    5.27556117 -4.68491898  6.92850159  0.61685444  2.2330162 ]\n [ 2.39915756  3.70075125  2.66657224  0.61685444  6.62341762  0.75158527]\n [ 1.11376224  2.84055066 -1.69590377  2.2330162   0.75158527  2.21129297]]", "nfev": "140", "njev": "20", "status": "0", "success": "True", "message": "Optimization terminated successfully.", "x": "[1.16102775 4.80178033 1.76903183 7.71141034 3.15120205 2.28006969]", "nit": "18", "callback": [0.004738619727580939]}, "11": {"maxiter": 500, "gtol": 1e-05, "xrtol": 1e-10, "eps": 1e-10, "duration": 0.033434152603149414, "fun": "0.00035038056099523374", "jac": "[-4.44089173e-06  3.33066880e-06  3.33066880e-06  1.11022293e-06\n  3.33066880e-06  7.77156053e-06]", "hess_inv": "[[ 3.34905755  3.85042722 -1.07917463  2.75081909  2.69899093  1.20938474]\n [ 3.85042722  8.91885991 -2.79943629  5.48405287  4.18800699  2.96494077]\n [-1.07917463 -2.79943629  7.04171952 -4.53467558  2.74777823 -1.62018443]\n [ 2.75081909  5.48405287 -4.53467558  6.89110961  0.79809542  2.22111368]\n [ 2.69899093  4.18800699  2.74777823  0.79809542  6.98300506  0.85237121]\n [ 1.20938474  2.96494077 -1.62018443  2.22111368  0.85237121  2.20809583]]", "nfev": "140", "njev": "20", "status": "0", "success": "True", "message": "Optimization terminated successfully.", "x": "[1.16107977 4.801856   1.76904658 7.71145329 3.15127824 2.28010608]", "nit": "18", "callback": [0.004738354647801812]}, "12": {"maxiter": 500, "gtol": 1e-10, "xrtol": 1e-05, "eps": 1e-05, "duration": 0.032914161682128906, "fun": "0.0003503804016432577", "jac": "[-2.16979767e-06 -3.66484620e-08  1.05012665e-06  8.06332778e-07\n  1.66968661e-06  1.82005522e-06]", "hess_inv": "[[ 3.12475522  3.46518428 -1.13385964  2.586887    2.39915756  1.11376224]\n [ 3.46518428  8.29331974 -2.93842174  5.27556117  3.70075125  2.84055066]\n [-1.13385964 -2.93842174  7.11104334 -4.68491898  2.66657224 -1.69590377]\n [ 2.586887    5.27556117 -4.68491898  6.92850159  0.61685444  2.2330162 ]\n [ 2.39915756  3.70075125  2.66657224  0.61685444  6.62341762  0.75158527]\n [ 1.11376224  2.84055066 -1.69590377  2.2330162   0.75158527  2.21129297]]", "nfev": "140", "njev": "20", "status": "0", "success": "True", "message": "Optimization terminated successfully.", "x": "[1.16102775 4.80178033 1.76903183 7.71141034 3.15120205 2.28006969]", "nit": "18", "callback": [0.004738619727580939]}, "13": {"maxiter": 500, "gtol": 1e-10, "xrtol": 1e-05, "eps": 1e-10, "duration": 0.03423786163330078, "fun": "0.0003503803272885131", "jac": "[3.33066880e-06 2.22044587e-06 4.44089173e-06 3.33066880e-06\n 0.00000000e+00 0.00000000e+00]", "hess_inv": "[[ 3.0752237   3.01960405 -1.30206572  2.42456811  1.90383202  0.81105412]\n [ 3.01960405  6.6565159  -3.07984275  4.54467427  2.431189    1.98767891]\n [-1.30206572 -3.07984275  7.46670241 -4.72290165  3.10505365 -1.59009937]\n [ 2.42456811  4.54467427 -4.72290165  6.51226924 -0.0211752   1.79171759]\n [ 1.90383202  2.431189    3.10505365 -0.0211752   6.33797293  0.28261142]\n [ 0.81105412  1.98767891 -1.59009937  1.79171759  0.28261142  1.83568421]]", "nfev": "147", "njev": "21", "status": "0", "success": "True", "message": "Optimization terminated successfully.", "x": "[1.16107237 4.80182891 1.76903345 7.71144357 3.15124497 2.28009117]", "nit": "19", "callback": [0.004738354647801812]}, "14": {"maxiter": 500, "gtol": 1e-10, "xrtol": 1e-10, "eps": 1e-05, "duration": 0.08352208137512207, "fun": "0.0003503804016432577", "jac": "[-2.16979767e-06 -3.66484620e-08  1.05012665e-06  8.06332778e-07\n  1.66968661e-06  1.82005522e-06]", "hess_inv": "[[ 3.11095312  3.37912724 -1.20261007  2.58311989  2.29651984  1.07665831]\n [ 3.37912724  7.98019557 -2.99891759  5.24957434  3.56157138  2.74248796]\n [-1.20261007 -2.99891759  7.37520611 -4.70780048  2.9804274  -1.66111796]\n [ 2.58311989  5.24957434 -4.70780048  6.92750135  0.58324101  2.22139875]\n [ 2.29651984  3.56157138  2.9804274   0.58324101  6.98245936  0.77436963]\n [ 1.07665831  2.74248796 -1.66111796  2.22139875  0.77436963  2.19104829]]", "nfev": "362", "njev": "50", "status": "2", "success": "False", "message": "Desired error not necessarily achieved due to precision loss.", "x": "[1.16102775 4.80178033 1.76903183 7.71141034 3.15120205 2.28006969]", "nit": "18", "callback": [0.004738619727580939]}, "15": {"maxiter": 500, "gtol": 1e-10, "xrtol": 1e-10, "eps": 1e-10, "duration": 0.05107593536376953, "fun": "0.0003503802849428306", "jac": "[0. 0. 0. 0. 0. 0.]", "hess_inv": "[[ 9.30525879e-01 -5.53571292e-01 -2.36065339e-01 -4.95965197e-01\n   3.88033591e-02  5.08417373e-01]\n [-5.53571292e-01  4.99202613e-01  8.70407171e-02  1.83975982e-01\n   7.07727491e-06 -2.72767886e-01]\n [-2.36065339e-01  8.70407171e-02  3.45896480e-01 -1.07487456e-01\n   6.27623965e-02 -2.85693940e-01]\n [-4.95965197e-01  1.83975982e-01 -1.07487456e-01  1.24648762e+00\n   1.23772315e-02 -1.65294301e-01]\n [ 3.88033591e-02  7.07727491e-06  6.27623965e-02  1.23772315e-02\n   2.17134867e-01 -1.49540949e-01]\n [ 5.08417373e-01 -2.72767886e-01 -2.85693940e-01 -1.65294301e-01\n  -1.49540949e-01  8.19316253e-01]]", "nfev": "217", "njev": "31", "status": "0", "success": "True", "message": "Optimization terminated successfully.", "x": "[1.16106197 4.80181679 1.76902935 7.71143669 3.15123276 2.2800881 ]", "nit": "27", "callback": [0.004738354647801812, 0.0003503802937719902]}, "16": {"maxiter": 1000, "gtol": 1e-05, "xrtol": 1e-05, "eps": 1e-05, "duration": 0.03289389610290527, "fun": "0.0003503804016432577", "jac": "[-2.16979767e-06 -3.66484620e-08  1.05012665e-06  8.06332778e-07\n  1.66968661e-06  1.82005522e-06]", "hess_inv": "[[ 3.12475522  3.46518428 -1.13385964  2.586887    2.39915756  1.11376224]\n [ 3.46518428  8.29331974 -2.93842174  5.27556117  3.70075125  2.84055066]\n [-1.13385964 -2.93842174  7.11104334 -4.68491898  2.66657224 -1.69590377]\n [ 2.586887    5.27556117 -4.68491898  6.92850159  0.61685444  2.2330162 ]\n [ 2.39915756  3.70075125  2.66657224  0.61685444  6.62341762  0.75158527]\n [ 1.11376224  2.84055066 -1.69590377  2.2330162   0.75158527  2.21129297]]", "nfev": "140", "njev": "20", "status": "0", "success": "True", "message": "Optimization terminated successfully.", "x": "[1.16102775 4.80178033 1.76903183 7.71141034 3.15120205 2.28006969]", "nit": "18", "callback": [0.004738619727580939]}, "17": {"maxiter": 1000, "gtol": 1e-05, "xrtol": 1e-05, "eps": 1e-10, "duration": 0.03264498710632324, "fun": "0.00035038056099523374", "jac": "[-4.44089173e-06  3.33066880e-06  3.33066880e-06  1.11022293e-06\n  3.33066880e-06  7.77156053e-06]", "hess_inv": "[[ 3.34905755  3.85042722 -1.07917463  2.75081909  2.69899093  1.20938474]\n [ 3.85042722  8.91885991 -2.79943629  5.48405287  4.18800699  2.96494077]\n [-1.07917463 -2.79943629  7.04171952 -4.53467558  2.74777823 -1.62018443]\n [ 2.75081909  5.48405287 -4.53467558  6.89110961  0.79809542  2.22111368]\n [ 2.69899093  4.18800699  2.74777823  0.79809542  6.98300506  0.85237121]\n [ 1.20938474  2.96494077 -1.62018443  2.22111368  0.85237121  2.20809583]]", "nfev": "140", "njev": "20", "status": "0", "success": "True", "message": "Optimization terminated successfully.", "x": "[1.16107977 4.801856   1.76904658 7.71145329 3.15127824 2.28010608]", "nit": "18", "callback": [0.004738354647801812]}, "18": {"maxiter": 1000, "gtol": 1e-05, "xrtol": 1e-10, "eps": 1e-05, "duration": 0.03212904930114746, "fun": "0.0003503804016432577", "jac":