{"date": "2024/09/24/, 00:59:08", "conf_id": 172, "data_type": "non_lin_ind\n", "num_data_points": 1, "s_rank": 0, "unitary": "[[0.18663085-0.53122324j,-0.11886349-0.70040876j,0.28555095-0.02789305j,-0.12262021-0.2844587j],[-0.16702216+0.27758472j,0.27526351-0.29738586j,-0.01109314+0.22495461j,-0.77239203+0.28900673j],[0.61935415+0.12301792j,-0.31269928-0.03315917j,-0.61902762-0.19039079j,-0.27120731-0.0968989j],[0.42341754+0.0023929j,-0.05847358+0.47832119j,0.64900495-0.16218422j,-0.37182676-0.05229966j]]", "databatch_0": {"databatch": "[[[0.09340028-0.01460157j,-0.22776054+0.18606654j,-0.11772079+0.03247667j,-0.2656254+0.12839386j],[-0.15676753-0.03636555j,-0.00067343-0.22839687j,-0.07780457+0.12667036j,-0.26264261+0.12275214j],[-0.19709704+0.21999686j,0.15054916-0.34971417j,0.33473275+0.00485239j,-0.03376663+0.00473478j],[-0.10365058+0.08511595j,-0.32860193+0.05826508j,0.00664363+0.24601273j,-0.04738377+0.28422462j]]]", "initial param values": "[6.17808836,5.49364478,2.3116494,1.10450213,3.64931953,0.64603787]", "nelder_mead": {"type": "gradient-free", "0": {"maxiter": 100, "fatol": 1e-05, "xatol": 1e-05, "duration": 0.03747081756591797, "fun": "0.33712432653203794", "nit": "100", "nfev": "155", "status": "2", "success": "False", "message": "Maximum number of iterations has been exceeded.", "x": "[ 7.9146149   7.19562737  3.05065676  3.58072378  2.67206476 -1.23929796]", "final_simplex": "(array([[ 7.9146149 ,  7.19562737,  3.05065676,  3.58072378,  2.67206476,\n        -1.23929796],\n       [ 7.93408349,  7.14800951,  3.02659813,  3.54582316,  2.73485267,\n        -1.21001396],\n       [ 7.95605082,  7.17971356,  3.05125892,  3.56124949,  2.60486811,\n        -1.22225773],\n       [ 7.88418658,  7.13429275,  3.00003099,  3.49543269,  2.76761141,\n        -1.17435093],\n       [ 7.90696845,  7.10926144,  3.00320517,  3.55178916,  2.74042008,\n        -1.20042902],\n       [ 7.94038985,  7.13205862,  2.98028105,  3.57195381,  2.71968099,\n        -1.21688425],\n       [ 7.99364407,  7.22498185,  2.95175752,  3.55836131,  2.65258765,\n        -1.19993833]]), array([0.33712433, 0.33743631, 0.33750098, 0.33772567, 0.33784435,\n       0.33812323, 0.33832935]))", "callback": [0.7127175457035482, 0.6761733008931785, 0.5012451666450658, 0.49153255533584705, 0.4442011815696363, 0.3699275696657609, 0.3516894254333135, 0.3408088604002484, 0.33784434837627186]}, "1": {"maxiter": 100, "fatol": 1e-05, "xatol": 1e-10, "duration": 0.03553605079650879, "fun": "0.33712432653203794", "nit": "100", "nfev": "155", "status": "2", "success": "False", "message": "Maximum number of iterations has been exceeded.", "x": "[ 7.9146149   7.19562737  3.05065676  3.58072378  2.67206476 -1.23929796]", "final_simplex": "(array([[ 7.9146149 ,  7.19562737,  3.05065676,  3.58072378,  2.67206476,\n        -1.23929796],\n       [ 7.93408349,  7.14800951,  3.02659813,  3.54582316,  2.73485267,\n        -1.21001396],\n       [ 7.95605082,  7.17971356,  3.05125892,  3.56124949,  2.60486811,\n        -1.22225773],\n       [ 7.88418658,  7.13429275,  3.00003099,  3.49543269,  2.76761141,\n        -1.17435093],\n       [ 7.90696845,  7.10926144,  3.00320517,  3.55178916,  2.74042008,\n        -1.20042902],\n       [ 7.94038985,  7.13205862,  2.98028105,  3.57195381,  2.71968099,\n        -1.21688425],\n       [ 7.99364407,  7.22498185,  2.95175752,  3.55836131,  2.65258765,\n        -1.19993833]]), array([0.33712433, 0.33743631, 0.33750098, 0.33772567, 0.33784435,\n       0.33812323, 0.33832935]))", "callback": [0.7127175457035482, 0.6761733008931785, 0.5012451666450658, 0.49153255533584705, 0.4442011815696363, 0.3699275696657609, 0.3516894254333135, 0.3408088604002484, 0.33784434837627186]}, "2": {"maxiter": 100, "fatol": 1e-10, "xatol": 1e-05, "duration": 0.03515434265136719, "fun": "0.33712432653203794", "nit": "100", "nfev": "155", "status": "2", "success": "False", "message": "Maximum number of iterations has been exceeded.", "x": "[ 7.9146149   7.19562737  3.05065676  3.58072378  2.67206476 -1.23929796]", "final_simplex": "(array([[ 7.9146149 ,  7.19562737,  3.05065676,  3.58072378,  2.67206476,\n        -1.23929796],\n       [ 7.93408349,  7.14800951,  3.02659813,  3.54582316,  2.73485267,\n        -1.21001396],\n       [ 7.95605082,  7.17971356,  3.05125892,  3.56124949,  2.60486811,\n        -1.22225773],\n       [ 7.88418658,  7.13429275,  3.00003099,  3.49543269,  2.76761141,\n        -1.17435093],\n       [ 7.90696845,  7.10926144,  3.00320517,  3.55178916,  2.74042008,\n        -1.20042902],\n       [ 7.94038985,  7.13205862,  2.98028105,  3.57195381,  2.71968099,\n        -1.21688425],\n       [ 7.99364407,  7.22498185,  2.95175752,  3.55836131,  2.65258765,\n        -1.19993833]]), array([0.33712433, 0.33743631, 0.33750098, 0.33772567, 0.33784435,\n       0.33812323, 0.33832935]))", "callback": [0.7127175457035482, 0.6761733008931785, 0.5012451666450658, 0.49153255533584705, 0.4442011815696363, 0.3699275696657609, 0.3516894254333135, 0.3408088604002484, 0.33784434837627186]}, "3": {"maxiter": 100, "fatol": 1e-10, "xatol": 1e-10, "duration": 0.03497600555419922, "fun": "0.33712432653203794", "nit": "100", "nfev": "155", "status": "2", "success": "False", "message": "Maximum number of iterations has been exceeded.", "x": "[ 7.9146149   7.19562737  3.05065676  3.58072378  2.67206476 -1.23929796]", "final_simplex": "(array([[ 7.9146149 ,  7.19562737,  3.05065676,  3.58072378,  2.67206476,\n        -1.23929796],\n       [ 7.93408349,  7.14800951,  3.02659813,  3.54582316,  2.73485267,\n        -1.21001396],\n       [ 7.95605082,  7.17971356,  3.05125892,  3.56124949,  2.60486811,\n        -1.22225773],\n       [ 7.88418658,  7.13429275,  3.00003099,  3.49543269,  2.76761141,\n        -1.17435093],\n       [ 7.90696845,  7.10926144,  3.00320517,  3.55178916,  2.74042008,\n        -1.20042902],\n       [ 7.94038985,  7.13205862,  2.98028105,  3.57195381,  2.71968099,\n        -1.21688425],\n       [ 7.99364407,  7.22498185,  2.95175752,  3.55836131,  2.65258765,\n        -1.19993833]]), array([0.33712433, 0.33743631, 0.33750098, 0.33772567, 0.33784435,\n       0.33812323, 0.33832935]))", "callback": [0.7127175457035482, 0.6761733008931785, 0.5012451666450658, 0.49153255533584705, 0.4442011815696363, 0.3699275696657609, 0.3516894254333135, 0.3408088604002484, 0.33784434837627186]}, "4": {"maxiter": 500, "fatol": 1e-05, "xatol": 1e-05, "duration": 0.12552905082702637, "fun": "0.32808642816640365", "nit": "361", "nfev": "564", "status": "0", "success": "True", "message": "Optimization terminated successfully.", "x": "[ 7.87753187  7.29114952  3.22817257  3.61854532  3.13243633 -0.6514488 ]", "final_simplex": "(array([[ 7.87753187,  7.29114952,  3.22817257,  3.61854532,  3.13243633,\n        -0.6514488 ],\n       [ 7.87753387,  7.29115053,  3.22817073,  3.61854296,  3.13242711,\n        -0.65145873],\n       [ 7.87753347,  7.29114754,  3.22817058,  3.61854625,  3.13243117,\n        -0.6514582 ],\n       [ 7.8775312 ,  7.29114621,  3.22817135,  3.61854329,  3.13243765,\n        -0.65145021],\n       [ 7.87753421,  7.29115155,  3.22816818,  3.61854643,  3.13242924,\n        -0.65145576],\n       [ 7.87752926,  7.29114817,  3.22817184,  3.61854587,  3.13243441,\n        -0.65145266],\n       [ 7.87752955,  7.29114954,  3.22817312,  3.61854549,  3.13244371,\n        -0.65144621]]), array([0.32808643, 0.32808643, 0.32808643, 0.32808643, 0.32808643,\n       0.32808643, 0.32808643]))", "callback": [0.7127175457035482, 0.6761733008931785, 0.5012451666450658, 0.49153255533584705, 0.4442011815696363, 0.3699275696657609, 0.3516894254333135, 0.3408088604002484, 0.33784434837627186, 0.33712432653203794, 0.33651535489968176, 0.33640499346668395, 0.3363533799537797, 0.3361412087208778, 0.33598988552717257, 0.3354151357742592, 0.3337422079079214, 0.32899328492335844, 0.3286954864919268, 0.32825844270770854, 0.3281651793743072, 0.32813981187723806, 0.328103522349264, 0.32809095561639245, 0.328087466134688, 0.32808663335477317, 0.32808650539255635, 0.328086447181305, 0.3280864371916674, 0.32808643188028175, 0.3280864290448371, 0.32808642860911497, 0.32808642820870504, 0.32808642820870504, 0.3280864281725946, 0.32808642816640365]}, "5": {"maxiter": 500, "fatol": 1e-05, "xatol": 1e-10, "duration": 0.17452430725097656, "fun": "0.32808642816515887", "nit": "457", "nfev": "783", "status": "0", "success": "True", "message": "Optimization terminated successfully.", "x": "[ 7.87753331  7.29114988  3.22817207  3.61854451  3.13243317 -0.65145334]", "final_simplex": "(array([[ 7.87753331,  7.29114988,  3.22817207,  3.61854451,  3.13243317,\n        -0.65145334],\n       [ 7.87753331,  7.29114988,  3.22817207,  3.61854451,  3.13243317,\n        -0.65145334],\n       [ 7.87753331,  7.29114988,  3.22817207,  3.61854451,  3.13243317,\n        -0.65145334],\n       [ 7.87753331,  7.29114988,  3.22817207,  3.61854451,  3.13243317,\n        -0.65145334],\n       [ 7.87753331,  7.29114988,  3.22817207,  3.61854451,  3.13243317,\n        -0.65145334],\n       [ 7.87753331,  7.29114988,  3.22817207,  3.61854451,  3.13243317,\n        -0.65145334],\n       [ 7.87753331,  7.29114988,  3.22817207,  3.61854451,  3.13243317,\n        -0.65145334]]), array([0.32808643, 0.32808643, 0.32808643, 0.32808643, 0.32808643,\n       0.32808643, 0.32808643]))", "callback": [0.7127175457035482, 0.6761733008931785, 0.5012451666450658, 0.49153255533584705, 0.4442011815696363, 0.3699275696657609, 0.3516894254333135, 0.3408088604002484, 0.33784434837627186, 0.33712432653203794, 0.33651535489968176, 0.33640499346668395, 0.3363533799537797, 0.3361412087208778, 0.33598988552717257, 0.3354151357742592, 0.3337422079079214, 0.32899328492335844, 0.3286954864919268, 0.32825844270770854, 0.3281651793743072, 0.32813981187723806, 0.328103522349264, 0.32809095561639245, 0.328087466134688, 0.32808663335477317, 0.32808650539255635, 0.328086447181305, 0.3280864371916674, 0.32808643188028175, 0.3280864290448371, 0.32808642860911497, 0.32808642820870504, 0.32808642820870504, 0.3280864281725946, 0.32808642816640365, 0.32808642816542266, 0.32808642816519284, 0.3280864281651722, 0.3280864281651623, 0.3280864281651603, 0.3280864281651594, 0.3280864281651593, 0.328086428165159, 0.32808642816515887]}, "6": {"maxiter": 500, "fatol": 1e-10, "xatol": 1e-05, "duration": 0.12419724464416504, "fun": "0.32808642816640365", "nit": "361", "nfev": "564", "status": "0", "success": "True", "message": "Optimization terminated successfully.", "x": "[ 7.87753187  7.29114952  3.22817257  3.61854532  3.13243633 -0.6514488 ]", "final_simplex": "(array([[ 7.87753187,  7.29114952,  3.22817257,  3.61854532,  3.13243633,\n        -0.6514488 ],\n       [ 7.87753387,  7.29115053,  3.22817073,  3.61854296,  3.13242711,\n        -0.65145873],\n       [ 7.87753347,  7.29114754,  3.22817058,  3.61854625,  3.13243117,\n        -0.6514582 ],\n       [ 7.8775312 ,  7.29114621,  3.22817135,  3.61854329,  3.13243765,\n        -0.65145021],\n       [ 7.87753421,  7.29115155,  3.22816818,  3.61854643,  3.13242924,\n        -0.65145576],\n       [ 7.87752926,  7.29114817,  3.22817184,  3.61854587,  3.13243441,\n        -0.65145266],\n       [ 7.87752955,  7.29114954,  3.22817312,  3.61854549,  3.13244371,\n        -0.65144621]]), array([0.32808643, 0.32808643, 0.32808643, 0.32808643, 0.32808643,\n       0.32808643, 0.32808643]))", "callback": [0.7127175457035482, 0.6761733008931785, 0.5012451666450658, 0.49153255533584705, 0.4442011815696363, 0.3699275696657609, 0.3516894254333135, 0.3408088604002484, 0.33784434837627186, 0.33712432653203794, 0.33651535489968176, 0.33640499346668395, 0.3363533799537797, 0.3361412087208778, 0.33598988552717257, 0.3354151357742592, 0.3337422079079214, 0.32899328492335844, 0.3286954864919268, 0.32825844270770854, 0.3281651793743072, 0.32813981187723806, 0.328103522349264, 0.32809095561639245, 0.328087466134688, 0.32808663335477317, 0.32808650539255635, 0.328086447181305, 0.3280864371916674, 0.32808643188028175, 0.3280864290448371, 0.32808642860911497, 0.32808642820870504, 0.32808642820870504, 0.3280864281725946, 0.32808642816640365]}, "7": {"maxiter": 500, "fatol": 1e-10, "xatol": 1e-10, "duration": 0.19146227836608887, "fun": "0.32808642816515887", "nit": "457", "nfev": "783", "status": "0", "success": "True", "message": "Optimization terminated successfully.", "x": "[ 7.87753331  7.29114988  3.22817207  3.61854451  3.13243317 -0.65145334]", "final_simplex": "(array([[ 7.87753331,  7.29114988,  3.22817207,  3.61854451,  3.13243317,\n        -0.65145334],\n       [ 7.87753331,  7.29114988,  3.22817207,  3.61854451,  3.13243317,\n        -0.65145334],\n       [ 7.87753331,  7.29114988,  3.22817207,  3.61854451,  3.13243317,\n        -0.65145334],\n       [ 7.87753331,  7.29114988,  3.22817207,  3.61854451,  3.13243317,\n        -0.65145334],\n       [ 7.87753331,  7.29114988,  3.22817207,  3.61854451,  3.13243317,\n        -0.65145334],\n       [ 7.87753331,  7.29114988,  3.22817207,  3.61854451,  3.13243317,\n        -0.65145334],\n       [ 7.87753331,  7.29114988,  3.22817207,  3.61854451,  3.13243317,\n        -0.65145334]]), array([0.32808643, 0.32808643, 0.32808643, 0.32808643, 0.32808643,\n       0.32808643, 0.32808643]))", "callback": [0.7127175457035482, 0.6761733008931785, 0.5012451666450658, 0.49153255533584705, 0.4442011815696363, 0.3699275696657609, 0.3516894254333135, 0.3408088604002484, 0.33784434837627186, 0.33712432653203794, 0.33651535489968176, 0.33640499346668395, 0.3363533799537797, 0.3361412087208778, 0.33598988552717257, 0.3354151357742592, 0.3337422079079214, 0.32899328492335844, 0.3286954864919268, 0.32825844270770854, 0.3281651793743072, 0.32813981187723806, 0.328103522349264, 0.32809095561639245, 0.328087466134688, 0.32808663335477317, 0.32808650539255635, 0.328086447181305, 0.3280864371916674, 0.32808643188028175, 0.3280864290448371, 0.32808642860911497, 0.32808642820870504, 0.32808642820870504, 0.3280864281725946, 0.32808642816640365, 0.32808642816542266, 0.32808642816519284, 0.3280864281651722, 0.3280864281651623, 0.3280864281651603, 0.3280864281651594, 0.3280864281651593, 0.328086428165159, 0.32808642816515887]}, "8": {"maxiter": 1000, "fatol": 1e-05, "xatol": 1e-05, "duration": 0.13166594505310059, "fun": "0.32808642816640365", "nit": "361", "nfev": "564", "status": "0", "success": "True", "message": "Optimization terminated successfully.", "x": "[ 7.87753187  7.29114952  3.22817257  3.61854532  3.13243633 -0.6514488 ]", "final_simplex": "(array([[ 7.87753187,  7.29114952,  3.22817257,  3.61854532,  3.13243633,\n        -0.6514488 ],\n       [ 7.87753387,  7.29115053,  3.22817073,  3.61854296,  3.13242711,\n        -0.65145873],\n       [ 7.87753347,  7.29114754,  3.22817058,  3.61854625,  3.13243117,\n        -0.6514582 ],\n       [ 7.8775312 ,  7.29114621,  3.22817135,  3.61854329,  3.13243765,\n        -0.65145021],\n       [ 7.87753421,  7.29115155,  3.22816818,  3.61854643,  3.13242924,\n        -0.65145576],\n       [ 7.87752926,  7.29114817,  3.22817184,  3.61854587,  3.13243441,\n        -0.65145266],\n       [ 7.87752955,  7.29114954,  3.22817312,  3.61854549,  3.13244371,\n        -0.65144621]]), array([0.32808643, 0.32808643, 0.32808643, 0.32808643, 0.32808643,\n       0.32808643, 0.32808643]))", "callback": [0.7127175457035482, 0.6761733008931785, 0.5012451666450658, 0.49153255533584705, 0.4442011815696363, 0.3699275696657609, 0.3516894254333135, 0.3408088604002484, 0.33784434837627186, 0.33712432653203794, 0.33651535489968176, 0.33640499346668395, 0.3363533799537797, 0.3361412087208778, 0.33598988552717257, 0.3354151357742592, 0.3337422079079214, 0.32899328492335844, 0.3286954864919268, 0.32825844270770854, 0.3281651793743072, 0.32813981187723806, 0.328103522349264, 0.32809095561639245, 0.328087466134688, 0.32808663335477317, 0.32808650539255635, 0.328086447181305, 0.3280864371916674, 0.32808643188028175, 0.3280864290448371, 0.32808642860911497, 0.32808642820870504, 0.32808642820870504, 0.3280864281725946, 0.32808642816640365]}, "9": {"maxiter": 1000, "fatol": 1e-05, "xatol": 1e-10, "duration": 0.18013691902160645, "fun": "0.32808642816515887", "nit": "457", "nfev": "783", "status": "0", "success": "True", "message": "Optimization terminated successfully.", "x": "[ 7.87753331  7.29114988  3.22817207  3.61854451  3.13243317 -0.65145334]", "final_simplex": "(array([[ 7.87753331,  7.29114988,  3.22817207,  3.61854451,  3.13243317,\n        -0.65145334],\n       [ 7.87753331,  7.29114988,  3.22817207,  3.61854451,  3.13243317,\n        -0.65145334],\n       [ 7.87753331,  7.29114988,  3.22817207,  3.61854451,  3.13243317,\n        -0.65145334],\n       [ 7.87753331,  7.29114988,  3.22817207,  3.61854451,  3.13243317,\n        -0.65145334],\n       [ 7.87753331,  7.29114988,  3.22817207,  3.61854451,  3.13243317,\n        -0.65145334],\n       [ 7.87753331,  7.29114988,  3.22817207,  3.61854451,  3.13243317,\n        -0.65145334],\n       [ 7.87753331,  7.29114988,  3.22817207,  3.61854451,  3.13243317,\n        -0.65145334]]), array([0.32808643, 0.32808643, 0.32808643, 0.32808643, 0.32808643,\n       0.32808643, 0.32808643]))", "callback": [0.7127175457035482, 0.6761733008931785, 0.5012451666450658, 0.49153255533584705, 0.4442011815696363, 0.3699275696657609, 0.3516894254333135, 0.3408088604002484, 0.33784434837627186, 0.33712432653203794, 0.33651535489968176, 0.33640499346668395, 0.3363533799537797, 0.3361412087208778, 0.33598988552717257, 0.3354151357742592, 0.3337422079079214, 0.32899328492335844, 0.3286954864919268, 0.32825844270770854, 0.3281651793743072, 0.32813981187723806, 0.328103522349264, 0.32809095561639245, 0.328087466134688, 0.32808663335477317, 0.32808650539255635, 0.328086447181305, 0.3280864371916674, 0.32808643188028175, 0.3280864290448371, 0.32808642860911497, 0.32808642820870504, 0.32808642820870504, 0.3280864281725946, 0.32808642816640365, 0.32808642816542266, 0.32808642816519284, 0.3280864281651722, 0.3280864281651623, 0.3280864281651603, 0.3280864281651594, 0.3280864281651593, 0.328086428165159, 0.32808642816515887]}, "10": {"maxiter": 1000, "fatol": 1e-10, "xatol": 1e-05, "duration": 0.14092087745666504, "fun": "0.32808642816640365", "nit": "361", "nfev": "564", "status": "0", "success": "True", "message": "Optimization terminated successfully.", "x": "[ 7.87753187  7.29114952  3.22817257  3.61854532  3.13243633 -0.6514488 ]", "final_simplex": "(array([[ 7.87753187,  7.29114952,  3.22817257,  3.61854532,  3.13243633,\n        -0.6514488 ],\n       [ 7.87753387,  7.29115053,  3.22817073,  3.61854296,  3.13242711,\n        -0.65145873],\n       [ 7.87753347,  7.29114754,  3.22817058,  3.61854625,  3.13243117,\n        -0.6514582 ],\n       [ 7.8775312 ,  7.29114621,  3.22817135,  3.61854329,  3.13243765,\n        -0.65145021],\n       [ 7.87753421,  7.29115155,  3.22816818,  3.61854643,  3.13242924,\n        -0.65145576],\n       [ 7.87752926,  7.29114817,  3.22817184,  3.61854587,  3.13243441,\n        -0.65145266],\n       [ 7.87752955,  7.29114954,  3.22817312,  3.61854549,  3.13244371,\n        -0.65144621]]), array([0.32808643, 0.32808643, 0.32808643, 0.32808643, 0.32808643,\n       0.32808643, 0.32808643]))", "callback": [0.7127175457035482, 0.6761733008931785, 0.5012451666450658, 0.49153255533584705, 0.4442011815696363, 0.3699275696657609, 0.3516894254333135, 0.3408088604002484, 0.33784434837627186, 0.33712432653203794, 0.33651535489968176, 0.33640499346668395, 0.3363533799537797, 0.3361412087208778, 0.33598988552717257, 0.3354151357742592, 0.3337422079079214, 0.32899328492335844, 0.3286954864919268, 0.32825844270770854, 0.3281651793743072, 0.32813981187723806, 0.328103522349264, 0.32809095561639245, 0.328087466134688, 0.32808663335477317, 0.32808650539255635, 0.328086447181305, 0.3280864371916674, 0.32808643188028175, 0.3280864290448371, 0.32808642860911497, 0.32808642820870504, 0.32808642820870504, 0.3280864281725946, 0.32808642816640365]}, "11": {"maxiter": 1000, "fatol": 1e-10, "xatol": 1e-10, "duration": 0.1891460418701172, "fun": "0.32808642816515887", "nit": "457", "nfev": "783", "status": "0", "success": "True", "message": "Optimization terminated successfully.", "x": "[ 7.87753331  7.29114988  3.22817207  3.61854451  3.13243317 -0.65145334]", "final_simplex": "(array([[ 7.87753331,  7.29114988,  3.22817207,  3.61854451,  3.13243317,\n        -0.65145334],\n       [ 7.87753331,  7.29114988,  3.22817207,  3.61854451,  3.13243317,\n        -0.65145334],\n       [ 7.87753331,  7.29114988,  3.22817207,  3.61854451,  3.13243317,\n        -0.65145334],\n       [ 7.87753331,  7.29114988,  3.22817207,  3.61854451,  3.13243317,\n        -0.65145334],\n       [ 7.87753331,  7.29114988,  3.22817207,  3.61854451,  3.13243317,\n        -0.65145334],\n       [ 7.87753331,  7.29114988,  3.22817207,  3.61854451,  3.13243317,\n        -0.65145334],\n       [ 7.87753331,  7.29114988,  3.22817207,  3.61854451,  3.13243317,\n        -0.65145334]]), array([0.32808643, 0.32808643, 0.32808643, 0.32808643, 0.32808643,\n       0.32808643, 0.32808643]))", "callback": [0.7127175457035482, 0.6761733008931785, 0.5012451666450658, 0.49153255533584705, 0.4442011815696363, 0.3699275696657609, 0.3516894254333135, 0.3408088604002484, 0.33784434837627186, 0.33712432653203794, 0.33651535489968176, 0.33640499346668395, 0.3363533799537797, 0.3361412087208778, 0.33598988552717257, 0.3354151357742592, 0.3337422079079214, 0.32899328492335844, 0.3286954864919268, 0.32825844270770854, 0.3281651793743072, 0.32813981187723806, 0.328103522349264, 0.32809095561639245, 0.328087466134688, 0.32808663335477317, 0.32808650539255635, 0.328086447181305, 0.3280864371916674, 0.32808643188028175, 0.3280864290448371, 0.32808642860911497, 0.32808642820870504, 0.32808642820870504, 0.3280864281725946, 0.32808642816640365, 0.32808642816542266, 0.32808642816519284, 0.3280864281651722, 0.3280864281651623, 0.3280864281651603, 0.3280864281651594, 0.3280864281651593, 0.328086428165159, 0.32808642816515887]}}, "bfgs": {"type": "gradient", "0": {"maxiter": 100, "gtol": 1e-05, "xrtol": 1e-05, "eps": 1e-05, "duration": 0.0630650520324707, "fun": "0.3280864283359749", "jac": "[-1.43126622e-06  5.89861493e-08 -1.73466796e-06  1.49258383e-06\n -1.07381881e-06  5.80857584e-07]", "hess_inv": "[[ 5.50581649  0.95645063 -1.6431603   0.71466648 -4.79641249 -2.35636163]\n [ 0.95645063  5.61479741  1.47889491  0.75257919 -3.86766349  0.23976303]\n [-1.6431603   1.47889491  5.76999794  0.3939908   2.13384316  3.59738657]\n [ 0.71466648  0.75257919  0.3939908   3.17084983 -0.61768156  0.0880499 ]\n [-4.79641249 -3.86766349  2.13384316 -0.61768156 21.60534397 16.50122629]\n [-2.35636163  0.23976303  3.59738657  0.0880499  16.50122629 17.86054235]]", "nfev": "259", "njev": "37", "status": "0", "success": "True", "message": "Optimization terminated successfully.", "x": "[ 7.87753722  7.29114458  3.22814574  3.61854244  3.13236435 -0.65152623]", "nit": "33", "callback": [0.5663754643585748, 0.3573434703308437, 0.32809020795477795]}, "1": {"maxiter": 100, "gtol": 1e-05, "xrtol": 1e-05, "eps": 1e-10, "duration": 0.06088876724243164, "fun": "0.3280864282904198", "jac": "[ 0.00000000e+00 -1.11022293e-06 -7.77156053e-06  0.00000000e+00\n -1.11022293e-06 -3.33066880e-06]", "hess_inv": "[[ 5.33196232  0.97804483 -1.36914346  0.79655076 -4.46073422 -2.01648737]\n [ 0.97804483  5.57949647  1.32460746  0.86039644 -3.85459005  0.16891141]\n [-1.36914346  1.32460746  5.53039219  0.38896114  1.70399694  3.1076402 ]\n [ 0.79655076  0.86039644  0.38896114  3.19622017 -0.92522538 -0.14782017]\n [-4.46073422 -3.85459005  1.70399694 -0.92522538 20.89331762 15.81035103]\n [-2.01648737  0.16891141  3.1076402  -0.14782017 15.81035103 17.11112296]]", "nfev": "252", "njev": "36", "status": "0", "success": "True", "message": "Optimization terminated successfully.", "x": "[ 7.87755205  7.29115509  3.22814437  3.61855839  3.13239236 -0.6514949 ]", "nit": "33", "callback": [0.5664073510899761, 0.3573206763254879, 0.3280951084045921]}, "2": {"maxiter": 100, "gtol": 1e-05, "xrtol": 1e-10, "eps": 1e-05, "duration": 0.05984306335449219, "fun": "0.3280864283359749", "jac": "[-1.43126622e-06  5.89861493e-08 -1.73466796e-06  1.49258383e-06\n -1.07381881e-06  5.80857584e-07]", "hess_inv": "[[ 5.50581649  0.95645063 -1.6431603   0.71466648 -4.79641249 -2.35636163]\n [ 0.95645063  5.61479741  1.47889491  0.75257919 -3.86766349  0.23976303]\n [-1.6431603   1.47889491  5.76999794  0.3939908   2.13384316  3.59738657]\n [ 0.71466648  0.75257919  0.3939908   3.17084983 -0.61768156  0.0880499 ]\n [-4.79641249 -3.86766349  2.13384316 -0.61768156 21.60534397 16.50122629]\n [-2.35636163  0.23976303  3.59738657  0.0880499  16.50122629 17.86054235]]", "nfev": "259", "njev": "37", "status": "0", "success": "True", "message": "Optimization terminated successfully.", "x": "[ 7.87753722  7.29114458  3.22814574  3.61854244  3.13236435 -0.65152623]", "nit": "33", "callback": [0.5663754643585748, 0.3573434703308437, 0.32809020795477795]}, "3": {"maxiter": 100, "gtol": 1e-05, "xrtol": 1e-10, "eps": 1e-10, "duration": 0.05901694297790527, "fun": "0.3280864282904198", "jac": "[ 0.00000000e+00 -1.11022293e-06 -7.77156053e-06  0.00000000e+00\n -1.11022293e-06 -3.33066880e-06]", "hess_inv": "[[ 5.33196232  0.97804483 -1.36914346  0.79655076 -4.46073422 -2.01648737]\n [ 0.97804483  5.57949647  1.32460746  0.86039644 -3.85459005  0.16891141]\n [-1.36914346  1.32460746  5.53039219  0.38896114  1.70399694  3.1076402 ]\n [ 0.79655076  0.86039644  0.38896114  3.19622017 -0.92522538 -0.14782017]\n [-4.46073422 -3.85459005  1.70399694 -0.92522538 20.89331762 15.81035103]\n [-2.01648737  0.16891141  3.1076402  -0.14782017 15.81035103 17.11112296]]", "nfev": "252", "njev": "36", "status": "0", "success": "True", "message": "Optimization terminated successfully.", "x": "[ 7.87755205  7.29115509  3.22814437  3.61855839  3.13239236 -0.6514949 ]", "nit": "33", "callback": [0.5664073510899761, 0.3573206763254879, 0.3280951084045921]}, "4": {"maxiter": 100, "gtol": 1e-10, "xrtol": 1e-05, "eps": 1e-05, "duration": 0.06169295310974121, "fun": "0.32808642828164913", "jac": "[-1.09456888e-07 -1.64668279e-07 -3.87911925e-08  8.89621710e-08\n -2.15305551e-07  2.07445172e-07]", "hess_inv": "[[ 5.48043049  0.96991165 -1.68933575  0.78032006 -4.82645472 -2.38297502]\n [ 0.96991165  5.62842928  1.42064449  0.75893965 -3.98796353  0.13570054]\n [-1.68933575  1.42064449  6.01558049  0.349397    2.62186628  4.0197222 ]\n [ 0.78032006  0.75893965  0.349397    3.08267769 -0.81004715 -0.07738993]\n [-4.82645472 -3.98796353  2.62186628 -0.81004715 22.46333802 17.24484891]\n [-2.38297502  0.13570054  4.0197222  -0.07738993 17.24484891 18.50502682]]", "nfev": "266", "njev": "38", "status": "0", "success": "True", "message": "Optimization terminated successfully.", "x": "[ 7.87753712  7.2911426   3.22815363  3.61853869  3.13237753 -0.65151479]", "nit": "34", "callback": [0.5663754643585748, 0.3573434703308437, 0.32809020795477795]}, "5": {"maxiter": 100, "gtol": 1e-10, "xrtol": 1e-05, "eps": 1e-10, "duration": 0.06645917892456055, "fun": "0.328086428227904", "jac": "[ 2.22044587e-06  1.11022293e-06 -3.33066880e-06  5.55111466e-06\n  1.11022293e-06  1.11022293e-06]", "hess_inv": "[[ 5.37916511e+00  9.07966301e-01 -1.52556633e+00  7.19651570e-01\n  -4.82248636e+00 -2.43814950e+00]\n [ 9.07966301e-01  5.61982549e+00  1.51046381e+00  8.65354517e-01\n  -3.58217877e+00  4.86497567e-01]\n [-1.52556633e+00  1.51046381e+00  6.01500046e+00  5.64304429e-01\n   2.71015536e+00  4.28047330e+00]\n [ 7.19651570e-01  8.65354517e-01  5.64304429e-01  3.13430287e+00\n  -7.89535715e-01  1.04451648e-02]\n [-4.82248636e+00 -3.58217877e+00  2.71015536e+00 -7.89535715e-01\n   2.25663365e+01  1.77606916e+01]\n [-2.43814950e+00  4.86497567e-01  4.28047330e+00  1.04451648e-02\n   1.77606916e+01  1.93847544e+01]]", "nfev": "266", "njev": "38", "status": "0", "success": "True", "message": "Optimization terminated successfully.", "x": "[ 7.87754632  7.29115877  3.22815985  3.61855945  3.13241622 -0.65146708]", "nit": "34", "callback": [0.5664073510899761, 0.3573206763254879, 0.3280951084045921]}, "6": {"maxiter": 100, "gtol": 1e-10, "xrtol": 1e-10, "eps": 1e-05, "duration": 0.11980509757995605, "fun": "0.32808642828132795", "jac": "[-1.43884904e-08 -2.42250664e-08 -4.38538095e-09  2.72004641e-09\n -2.55795385e-08  2.90767410e-08]", "hess_inv": "[[ 5.52125376  1.02013307 -1.66549812  0.71903333 -4.75824982 -2.44194504]\n [ 1.02013307  5.68129017  1.47316436  0.69290418 -3.90349787  0.09511182]\n [-1.66549812  1.47316436  5.94397862  0.33580047  2.55467838  3.86487552]\n [ 0.71903333  0.69290418  0.33580047  3.07905874 -0.71833351  0.04647615]\n [-4.75824982 -3.90349787  2.55467838 -0.71833351 22.13549841 16.98807561]\n [-2.44194504  0.09511182  3.86487552  0.04647615 16.98807561 18.42048423]]", "nfev": "508", "njev": "71", "status": "2", "success": "False", "message": "Desired error not necessarily achieved due to precision loss.", "x": "[ 7.8775372   7.29114273  3.22815365  3.61853846  3.13237785 -0.65151494]", "nit": "35", "callback": [0.5663754643585748, 0.3573434703308437, 0.32809020795477795]}, "7": {"maxiter": 100, "gtol": 1e-10, "xrtol": 1e-10, "eps": 1e-10, "duration": 0.11975383758544922, "fun": "0.3280864281663728", "jac": "[ 1.11022293e-06  1.11022293e-06  1.11022293e-06  1.11022293e-06\n  0.00000000e+00 -1.11022293e-06]", "hess_inv": "[[ 3.89276222  4.5324981  -0.76315368  1.33326847 -1.02058348  5.04406537]\n [ 4.5324981  13.51822964 -1.65953107 -0.84567734  1.52278904 15.71004924]\n [-0.76315368 -1.65953107  2.62400984 -0.33076242  0.39842613 -0.90446496]\n [ 1.33326847 -0.84567734 -0.33076242  2.01291685 -1.83237108 -2.91914283]\n [-1.02058348  1.52278904  0.39842613 -1.83237108  3.18249996  4.87558602]\n [ 5.04406537 15.71004924 -0.90446496 -2.91914283  4.87558602 25.35775826]]", "nfev": "518", "njev": "74", "status": "0", "success": "True", "message": "Optimization terminated successfully.", "x": "[ 7.8775338   7.29115156  3.22817176  3.61854381  3.13243666 -0.65144896]", "nit": "41", "callback": [0.5664073510899761, 0.3573206763254879, 0.3280951084045921, 0.3280864281663728]}, "8": {"maxiter": 500, "gtol": 1e-05, "xrtol": 1e-05, "eps": 1e-05, "duration": 0.05985212326049805, "fun": "0.3280864283359749", "jac": "[-1.43126622e-06  5.89861493e-08 -1.73466796e-06  1.49258383e-06\n -1.07381881e-06  5.80857584e-07]", "hess_inv": "[[ 5.50581649  0.95645063 -1.6431603   0.71466648 -4.79641249 -2.35636163]\n [ 0.95645063  5.61479741  1.47889491  0.75257919 -3.86766349  0.23976303]\n [-1.6431603   1.47889491  5.76999794  0.3939908   2.13384316  3.59738657]\n [ 0.71466648  0.75257919  0.3939908   3.17084983 -0.61768156  0.0880499 ]\n [-4.79641249 -3.86766349  2.13384316 -0.61768156 21.60534397 16.50122629]\n [-2.35636163  0.23976303  3.59738657  0.0880499  16.50122629 17.86054235]]", "nfev": "259", "njev": "37", "status": "0", "success": "True", "message": "Optimization terminated successfully.", "x": "[ 7.87753722  7.29114458  3.22814574  3.61854244  3.13236435 -0.65152623]", "nit": "33", "callback": [0.5663754643585748, 0.3573434703308437, 0.32809020795477795]}, "9": {"maxiter": 500, "gtol": 1e-05, "xrtol": 1e-05, "eps": 1e-10, "duration": 0.058934926986694336, "fun": "0.3280864282904198", "jac": "[ 0.00000000e+00 -1.11022293e-06 -7.77156053e-06  0.00000000e+00\n -1.11022293e-06 -3.33066880e-06]", "hess_inv": "[[ 5.33196232  0.97804483 -1.36914346  0.79655076 -4.46073422 -2.01648737]\n [ 0.97804483  5.57949647  1.32460746  0.86039644 -3.85459005  0.16891141]\n [-1.36914346  1.32460746  5.53039219  0.38896114  1.70399694  3.1076402 ]\n [ 0.79655076  0.86039644  0.38896114  3.19622017 -0.92522538 -0.14782017]\n [-4.46073422 -3.85459005  1.70399694 -0.92522538 20.89331762 15.81035103]\n [-2.01648737  0.16891141  3.1076402  -0.14782017 15.81035103 17.11112296]]", "nfev": "252", "njev": "36", "status": "0", "success": "True", "message": "Optimization terminated successfully.", "x": "[ 7.87755205  7.29115509  3.22814437  3.61855839  3.13239236 -0.6514949 ]", "nit": "33", "callback": [0.5664073510899761, 0.3573206763254879, 0.3280951084045921]}, "10": {"maxiter": 500, "gtol": 1e-05, "xrtol": 1e-10, "eps": 1e-05, "duration": 0.059133052825927734, "fun": "0.3280864283359749", "jac": "[-1.43126622e-06  5.89861493e-08 -1.73466796e-06  1.49258383e-06\n -1.07381881e-06  5.80857584e-07]", "hess_inv": "[[ 5.50581649  0.95645063 -1.6431603   0.71466648 -4.79641249 -2.35636163]\n [ 0.95645063  5.61479741  1.47889491  0.75257919 -3.86766349  0.23976303]\n [-1.6431603   1.47889491  5.76999794  0.3939908   2.13384316  3.59738657]\n [ 0.71466648  0.75257919  0.3939908   3.17084983 -0.61768156  0.0880499 ]\n [-4.79641249 -3.86766349  2.13384316 -0.61768156 21.60534397 16.50122629]\n [-2.35636163  0.23976303  3.59738657  0.0880499  16.50122629 17.86054235]]", "nfev": "259", "njev": "37", "status": "0", "success": "True", "message": "Optimization terminated successfully.", "x": "[ 7.87753722  7.29114458  3.22814574  3.61854244  3.13236435 -0.65152623]", "nit": "33", "callback": [0.5663754643585748, 0.3573434703308437, 0.32809020795477795]}, "11": {"maxiter": 500, "gtol": 1e-05, "xrtol": 1e-10, "eps": 1e-10, "duration": 0.05802202224731445, "fun": "0.3280864282904198", "jac": "[ 0.00000000e+00 -1.11022293e-06 -7.77156053e-06  0.00000000e+00\n -1.11022293e-06 -3.33066880e-06]", "hess_inv": "[[ 5.33196232  0.97804483 -1.36914346  0.79655076 -4.46073422 -2.01648737]\n [ 0.97804483  5.57949647  1.32460746  0.86039644 -3.85459005  0.16891141]\n [-1.36914346  1.32460746  5.53039219  0.38896114  1.70399694  3.1076402 ]\n [ 0.79655076  0.86039644  0.38896114  3.19622017 -0.92522538 -0.14782017]\n [-4.46073422 -3.85459005  1.70399694 -0.92522538 20.89331762 15.81035103]\n [-2.01648737  0.16891141  3.1076402  -0.14782017 15.81035103 17.11112296]]", "nfev": "252", "njev": "36", "status": "0", "success": "True", "message": "Optimization terminated successfully.", "x": "[ 7.87755205  7.29115509  3.22814437  3.61855839  3.13239236 -0.6514949 ]", "nit": "33", "callback": [0.5664073510899761, 0.3573206763254879, 0.3280951084045921]}, "12": {"maxiter": 500, "gtol": 1e-10, "xrtol": 1e-05, "eps": 1e-05, "duration": 0.06107807159423828, "fun": "0.32808642828164913", "jac": "[-1.09456888e-07 -1.64668279e-07 -3.87911925e-08  8.89621710e-08\n -2.15305551e-07  2.07445172e-07]", "hess_inv": "[[ 5.48043049  0.96991165 -1.68933575  0.78032006 -4.82645472 -2.38297502]\n [ 0.96991165  5.62842928  1.42064449  0.75893965 -3.98796353  0.13570054]\n [-1.68933575  1.42064449  6.01558049  0.349397    2.62186628  4.0197222 ]\n [ 0.78032006  0.75893965  0.349397    3.08267769 -0.81004715 -0.07738993]\n [-4.82645472 -3.98796353  2.62186628 -0.81004715 22.46333802 17.24484891]\n [-2.38297502  0.13570054  4.0197222  -0.07738993 17.24484891 18.50502682]]", "nfev": "266", "njev": "38", "status": "0", "success": "True", "message": "Optimization terminated successfully.", "x": "[ 7.87753712  7.2911426   3.22815363  3.61853869  3.13237753 -0.65151479]", "nit": "34", "callback": [0.5663754643585748, 0.3573434703308437, 0.32809020795477795]}, "13": {"maxiter": 500, "gtol": 1e-10, "xrtol": 1e-05, "eps": 1e-10, "duration": 0.06065106391906738, "fun": "0.328086428227904", "jac": "[ 2.22044587e-06  1.11022293e-06 -3.33066880e-06  5.55111466e-06\n  1.11022293e-06  1.11022293e-06]", "hess_inv": "[[ 5.37916511e+00  9.07966301e-01 -1.52556633e+00  7.19651570e-01\n  -4.82248636e+00 -2.43814950e+00]\n [ 9.07966301e-01  5.61982549e+00  1.51046381e+00  8.65354517e-01\n  -3.58217877e+00  4.86497567e-01]\n [-1.52556633e+00  1.51046381e+00  6.01500046e+00  5.64304429e-01\n   2.71015536e+00  4.28047330e+00]\n [ 7.19651570e-01  8.65354517e-01  5.64304429e-01  3.13430287e+00\n  -7.89535715e-01  1.04451648e-02]\n [-4.82248636e+00 -3.58217877e+00  2.71015536e+00 -7.89535715e-01\n   2.25663365e+01  1.77606916e+01]\n [-2.43814950e+00  4.86497567e-01  4.28047330e+00  1.04451648e-02\n   1.77606916e+01  1.93847544e+01]]", "nfev": "266", "njev": "38", "status": "0", "success": "True", "message": "Optimization terminated successfully.", "x": "[ 7.87754632  7.29115877  3.22815985  3.61855945  3.13241622 -0.65146708]", "nit": "34", "callback": [0.5664073510899761, 0.3573206763254879, 0.3280951084045921]}, "14": {"maxiter": 500, "gtol": 1e-10, "xrtol": 1e-10, "eps": 1e-05, "duration": 0.11501908302307129, "fun": "0.32808642828132795", "jac": "[-1.43884904e-08 -2.42250664e-08 -4.38538095e-09  2.72004641e-09\n -2.55795385e-08  2.90767410e-08]", "hess_inv": "[[ 5.52125376  1.02013307 -1.66549812  0.71903333 -4.75824982 -2.44194504]\n [ 1.02013307  5.68129017  1.47316436  0.69290418 -3.90349787  0.09511182]\n [-1.66549812  1.47316436  5.94397862  0.33580047  2.55467838  3.86487552]\n [ 0.71903333  0.69290418  0.33580047  3.07905874 -0.71833351  0.04647615]\n [-4.75824982 -3.90349787  2.55467838 -0.71833351 22.13549841 16.98807561]\n [-2.44194504  0.09511182  3.86487552  0.04647615 16.98807561 18.42048423]]", "nfev": "508", "njev": "71", "status": "2", "success": "False", "message": "Desired error not necessarily achieved due to precision loss.", "x": "[ 7.8775372   7.29114273  3.22815365  3.61853846  3.13237785 -0.65151494]", "nit": "35", "callback": [0.5663754643585748, 0.3573434703308437, 0.32809020795477795]}, "15": {"maxiter": 500, "gtol": 1e-10, "xrtol": 1e-10, "eps": 1e-10, "duration": 0.11614537239074707, "fun": "0.3280864281663728", "jac": "[ 1.11022293e-06  1.11022293e-06  1.11022293e-06  1.11022293e-06\n  0.00000000e+00 -1.11022293e-06]", "hess_inv": "[[ 3.89276222  4.5324981  -0.76315368  1.33326847 -1.02058348  5.04406537]\n [ 4.5324981  13.51822964 -1.65953107 -0.84567734  1.52278904 15.71004924]\n [-0.76315368 -1.65953107  2.62400984 -0.33076242  0.39842613 -0.90446496]\n [ 1.33326847 -0.84567734 -0.33076242  2.01291685 -1.83237108 -2.91914283]\n [-1.02058348  1.52278904  0.39842613 -1.83237108  3.18249996  4.87558602]\n [ 5.04406537 15.71004924 -0.90446496 -2.91914283  4.87558602 25.35775826]]", "nfev": "518", "njev": "74", "status": "0", "success": "True", "message": "Optimization terminated successfully.", "x": "[ 7.8775338   7.29115156  3.22817176  3.61854381  3.13243666 -0.65144896]", "nit": "41", "callback": [0.5664073510899761, 0.3573206763254879, 0.3280951084045921, 0.3280864281663728]}, "16": {"maxiter": 1000, "gtol": 1e-05, "xrtol": 1e-05, "eps": 1e-05, "duration": 0.059484004974365234, "fun": "0.3280864283359749", "jac": "[-1.43126622e-06  5.89861493e-08 -1.73466796e-06  1.49258383e-06\n -1.07381881e-06  5.80857584e-07]", "hess_inv": "[[ 5.50581649  0.95645063 -1.6431603   0.71466648 -4.79641249 -2.35636163]\n [ 0.95645063  5.61479741  1.47889491  0.75257919 -3.86766349  0.23976303]\n [-1.6431603   1.47889491  5.76999794  0.3939908   2.13384316  3.59738657]\n [ 0.71466648  0.75257919  0.3939908   3.17084983 -0.61768156  0.0880499 ]\n [-4.79641249 -3.86766349  2.13384316 -0.61768156 21.60534397 16.50122629]\n [-2.35636163  0.23976303  3.59738657  0.0880499  16.50122629 17.86054235]]", "nfev": "259", "njev": "37", "status": "0", "success": "True", "message": "Optimization terminated successfully.", "x": "[ 7.87753722  7.29114458  3.22814574  3.61854244  3.13236435 -0.65152623]", "nit": "33", "callback": [0.5663754643585748, 0.3573434703308437, 0.32809020795477795]}, "17": {"maxiter": 1000, "gtol": 1e-05, "xrtol": 1e-05, "eps": 1e-10, "duration": 0.05734705924987793, "fun": "0.3280864282904198", "jac": "[ 0.00000000e+00 -1.11022293e-06 -7.77156053e-06  0.00000000e+00\n -1.11022293e-06 -3.33066880e-06]", "hess_inv": "[[ 5.33196232  0.97804483 -1.36914346  0.79655076 -4.46073422 -2.01648737]\n [ 0.97804483  5.57949647  1.32460746  0.86039644 -3.85459005  0.16891141]\n [-1.36914346  1.32460746  5.53039219  0.38896114  1.70399694  3.1076402 ]\n [ 0.79655076  0.86039644  0.38896114  3.19622017 -0.92522538 -0.14782017]\n [-4.46073422 -3.85459005  1.70399694 -0.