{"date": "2024/09/24/, 00:14:52", "conf_id": 154, "data_type": "orthogonal\n", "num_data_points": 4, "s_rank": 0, "unitary": "[[-0.24866696+0.58742286j,-0.44704345-0.43151574j,-0.35669027-0.20570733j,-0.10517633+0.1626036j],[0.10596805-0.19687975j,-0.30269685-0.15056416j,0.18246286+0.30440582j,-0.83484447-0.11310748j],[0.26054512-0.52548482j,0.0285017-0.50723956j,-0.43110112+0.17165838j,0.15243271+0.39915801j],[0.42978035+0.11991271j,-0.17224126-0.46030424j,0.6827807-0.15164662j,0.26483638+0.0061855j]]", "databatch_0": {"databatch": "[[[-0.06438931-0.1990247j,-0.06294762+0.28097051j,-0.35290137-0.14369511j,-0.05579116+0.15077484j],[-0.02885879+0.34892587j,0.12722434+0.27970134j,-0.32590319+0.0442127j,0.0023024+0.23287477j],[-0.32727689-0.01713337j,0.14457257+0.17336926j,0.07403873+0.04484238j,-0.04457533+0.11839951j],[-0.06675201+0.13867542j,-0.07617709-0.16459955j,-0.03202823+0.22344441j,0.02833484-0.18083102j]],[[-0.43300607-0.1100209j,0.05191511+0.05201639j,0.25746512+0.10396939j,-0.09133558-0.02724812j],[0.22693924+0.00589894j,-0.02896627+0.09778348j,-0.22802079+0.15770373j,0.02422354+0.02114548j],[-0.00206728-0.37045145j,0.14590476-0.20182853j,-0.00749529+0.1586297j,0.20852206-0.12025749j],[-0.32255267-0.29121662j,0.10332041+0.15525702j,-0.2249202+0.07747052j,0.04794281+0.06357752j]],[[-0.17068466+0.12228874j,0.13722385-0.30786284j,-0.06020077-0.41883179j,0.1998088+0.00521281j],[0.19699123+0.2142005j,-0.03239522+0.19666441j,0.13781826+0.02839266j,-0.14650692+0.11816277j],[0.0680212+0.00249579j,0.24758416+0.05178781j,0.25910697-0.26186906j,0.0420725+0.2147562j],[0.06910453-0.16727242j,0.24215506-0.01987372j,0.10345963-0.22230416j,0.12996685+0.15049176j]],[[-0.06906645-0.08509239j,-0.43302699-0.17833654j,-0.19214998-0.15043578j,-0.10629115-0.26291299j],[0.06753785+0.21791418j,-0.16797627+0.01132271j,-0.14785658+0.42486922j,-0.06189286-0.16097035j],[0.14777054-0.01535013j,-0.18879235-0.19535419j,0.06468019+0.15844501j,-0.01681879-0.2274684j],[0.15679419+0.00280246j,-0.05771706-0.03864868j,0.31480928-0.04094167j,-0.08937106-0.02851751j]]]", "initial param values": "[6.12142731,3.65108507,3.62799158,3.57665744,4.02843489,3.62474247]", "nelder_mead": {"type": "gradient-free", "0": {"maxiter": 100, "fatol": 1e-05, "xatol": 1e-05, "duration": 0.03901100158691406, "fun": "0.45987695221914615", "nit": "100", "nfev": "157", "status": "2", "success": "False", "message": "Maximum number of iterations has been exceeded.", "x": "[7.6743607  4.03861337 2.34996447 2.28332707 5.14689435 5.08776708]", "final_simplex": "(array([[7.6743607 , 4.03861337, 2.34996447, 2.28332707, 5.14689435,\n        5.08776708],\n       [7.63358466, 4.05407484, 2.30876499, 2.29246168, 5.13611187,\n        5.10183   ],\n       [7.62141937, 4.04369225, 2.3499667 , 2.2805228 , 5.10223579,\n        5.06880307],\n       [7.65903833, 4.07418757, 2.28594671, 2.35569484, 5.12638466,\n        5.08508387],\n       [7.66666743, 4.01140977, 2.34716262, 2.30815533, 5.09512687,\n        5.09643176],\n       [7.63515058, 4.05875252, 2.30725859, 2.31072777, 5.11117802,\n        5.06494578],\n       [7.63053458, 4.0089415 , 2.32154571, 2.31715969, 5.12841632,\n        5.09063231]]), array([0.45987695, 0.4599687 , 0.4600274 , 0.46022589, 0.46023855,\n       0.46024754, 0.46025032]))", "callback": [0.5947681514913803, 0.5405338670376925, 0.5216152388142253, 0.4952189633705708, 0.4748973925736152, 0.4626369512827059, 0.46048343488383714, 0.46048343488383714, 0.46032346148692804]}, "1": {"maxiter": 100, "fatol": 1e-05, "xatol": 1e-10, "duration": 0.036904096603393555, "fun": "0.45987695221914615", "nit": "100", "nfev": "157", "status": "2", "success": "False", "message": "Maximum number of iterations has been exceeded.", "x": "[7.6743607  4.03861337 2.34996447 2.28332707 5.14689435 5.08776708]", "final_simplex": "(array([[7.6743607 , 4.03861337, 2.34996447, 2.28332707, 5.14689435,\n        5.08776708],\n       [7.63358466, 4.05407484, 2.30876499, 2.29246168, 5.13611187,\n        5.10183   ],\n       [7.62141937, 4.04369225, 2.3499667 , 2.2805228 , 5.10223579,\n        5.06880307],\n       [7.65903833, 4.07418757, 2.28594671, 2.35569484, 5.12638466,\n        5.08508387],\n       [7.66666743, 4.01140977, 2.34716262, 2.30815533, 5.09512687,\n        5.09643176],\n       [7.63515058, 4.05875252, 2.30725859, 2.31072777, 5.11117802,\n        5.06494578],\n       [7.63053458, 4.0089415 , 2.32154571, 2.31715969, 5.12841632,\n        5.09063231]]), array([0.45987695, 0.4599687 , 0.4600274 , 0.46022589, 0.46023855,\n       0.46024754, 0.46025032]))", "callback": [0.5947681514913803, 0.5405338670376925, 0.5216152388142253, 0.4952189633705708, 0.4748973925736152, 0.4626369512827059, 0.46048343488383714, 0.46048343488383714, 0.46032346148692804]}, "2": {"maxiter": 100, "fatol": 1e-10, "xatol": 1e-05, "duration": 0.0357820987701416, "fun": "0.45987695221914615", "nit": "100", "nfev": "157", "status": "2", "success": "False", "message": "Maximum number of iterations has been exceeded.", "x": "[7.6743607  4.03861337 2.34996447 2.28332707 5.14689435 5.08776708]", "final_simplex": "(array([[7.6743607 , 4.03861337, 2.34996447, 2.28332707, 5.14689435,\n        5.08776708],\n       [7.63358466, 4.05407484, 2.30876499, 2.29246168, 5.13611187,\n        5.10183   ],\n       [7.62141937, 4.04369225, 2.3499667 , 2.2805228 , 5.10223579,\n        5.06880307],\n       [7.65903833, 4.07418757, 2.28594671, 2.35569484, 5.12638466,\n        5.08508387],\n       [7.66666743, 4.01140977, 2.34716262, 2.30815533, 5.09512687,\n        5.09643176],\n       [7.63515058, 4.05875252, 2.30725859, 2.31072777, 5.11117802,\n        5.06494578],\n       [7.63053458, 4.0089415 , 2.32154571, 2.31715969, 5.12841632,\n        5.09063231]]), array([0.45987695, 0.4599687 , 0.4600274 , 0.46022589, 0.46023855,\n       0.46024754, 0.46025032]))", "callback": [0.5947681514913803, 0.5405338670376925, 0.5216152388142253, 0.4952189633705708, 0.4748973925736152, 0.4626369512827059, 0.46048343488383714, 0.46048343488383714, 0.46032346148692804]}, "3": {"maxiter": 100, "fatol": 1e-10, "xatol": 1e-10, "duration": 0.03615999221801758, "fun": "0.45987695221914615", "nit": "100", "nfev": "157", "status": "2", "success": "False", "message": "Maximum number of iterations has been exceeded.", "x": "[7.6743607  4.03861337 2.34996447 2.28332707 5.14689435 5.08776708]", "final_simplex": "(array([[7.6743607 , 4.03861337, 2.34996447, 2.28332707, 5.14689435,\n        5.08776708],\n       [7.63358466, 4.05407484, 2.30876499, 2.29246168, 5.13611187,\n        5.10183   ],\n       [7.62141937, 4.04369225, 2.3499667 , 2.2805228 , 5.10223579,\n        5.06880307],\n       [7.65903833, 4.07418757, 2.28594671, 2.35569484, 5.12638466,\n        5.08508387],\n       [7.66666743, 4.01140977, 2.34716262, 2.30815533, 5.09512687,\n        5.09643176],\n       [7.63515058, 4.05875252, 2.30725859, 2.31072777, 5.11117802,\n        5.06494578],\n       [7.63053458, 4.0089415 , 2.32154571, 2.31715969, 5.12841632,\n        5.09063231]]), array([0.45987695, 0.4599687 , 0.4600274 , 0.46022589, 0.46023855,\n       0.46024754, 0.46025032]))", "callback": [0.5947681514913803, 0.5405338670376925, 0.5216152388142253, 0.4952189633705708, 0.4748973925736152, 0.4626369512827059, 0.46048343488383714, 0.46048343488383714, 0.46032346148692804]}, "4": {"maxiter": 500, "fatol": 1e-05, "xatol": 1e-05, "duration": 0.10507082939147949, "fun": "0.4585144058089565", "nit": "290", "nfev": "462", "status": "0", "success": "True", "message": "Optimization terminated successfully.", "x": "[7.70377793 4.08465852 2.48694984 2.17335305 5.23995154 5.18569852]", "final_simplex": "(array([[7.70377793, 4.08465852, 2.48694984, 2.17335305, 5.23995154,\n        5.18569852],\n       [7.70378057, 4.08465704, 2.48694188, 2.17335625, 5.23995109,\n        5.18569911],\n       [7.70377774, 4.08465698, 2.48694099, 2.17335687, 5.23995072,\n        5.18570046],\n       [7.70377956, 4.08465619, 2.48694075, 2.17335883, 5.23994864,\n        5.18570047],\n       [7.70377687, 4.08465925, 2.48695131, 2.17334733, 5.23995136,\n        5.18569674],\n       [7.70377846, 4.08465965, 2.48694265, 2.17335686, 5.23994978,\n        5.18569651],\n       [7.70378253, 4.08466012, 2.48694653, 2.17335198, 5.239953  ,\n        5.18570229]]), array([0.45851441, 0.45851441, 0.45851441, 0.45851441, 0.45851441,\n       0.45851441, 0.45851441]))", "callback": [0.5947681514913803, 0.5405338670376925, 0.5216152388142253, 0.4952189633705708, 0.4748973925736152, 0.4626369512827059, 0.46048343488383714, 0.46048343488383714, 0.46032346148692804, 0.45987695221914615, 0.45902199957745604, 0.4587693920676612, 0.4586239213524256, 0.45858305044049663, 0.4585429409195212, 0.45852260518185806, 0.45851578462790343, 0.45851529301948724, 0.4585145771749355, 0.45851443073007414, 0.4585144164085947, 0.45851440772679775, 0.45851440645284836, 0.45851440609821315, 0.45851440586911063, 0.458514405837099, 0.45851440582455627, 0.458514405813388, 0.4585144058089565]}, "5": {"maxiter": 500, "fatol": 1e-05, "xatol": 1e-10, "duration": 0.15078306198120117, "fun": "0.45851440580759795", "nit": "387", "nfev": "673", "status": "0", "success": "True", "message": "Optimization terminated successfully.", "x": "[7.70377944 4.08465546 2.48694833 2.1733525  5.23995076 5.18569949]", "final_simplex": "(array([[7.70377944, 4.08465546, 2.48694833, 2.1733525 , 5.23995076,\n        5.18569949],\n       [7.70377944, 4.08465546, 2.48694833, 2.1733525 , 5.23995076,\n        5.18569949],\n       [7.70377944, 4.08465546, 2.48694833, 2.1733525 , 5.23995076,\n        5.18569949],\n       [7.70377944, 4.08465546, 2.48694833, 2.1733525 , 5.23995076,\n        5.18569949],\n       [7.70377944, 4.08465546, 2.48694833, 2.1733525 , 5.23995076,\n        5.18569949],\n       [7.70377944, 4.08465546, 2.48694833, 2.1733525 , 5.23995076,\n        5.18569949],\n       [7.70377944, 4.08465546, 2.48694833, 2.1733525 , 5.23995076,\n        5.18569949]]), array([0.45851441, 0.45851441, 0.45851441, 0.45851441, 0.45851441,\n       0.45851441, 0.45851441]))", "callback": [0.5947681514913803, 0.5405338670376925, 0.5216152388142253, 0.4952189633705708, 0.4748973925736152, 0.4626369512827059, 0.46048343488383714, 0.46048343488383714, 0.46032346148692804, 0.45987695221914615, 0.45902199957745604, 0.4587693920676612, 0.4586239213524256, 0.45858305044049663, 0.4585429409195212, 0.45852260518185806, 0.45851578462790343, 0.45851529301948724, 0.4585145771749355, 0.45851443073007414, 0.4585144164085947, 0.45851440772679775, 0.45851440645284836, 0.45851440609821315, 0.45851440586911063, 0.458514405837099, 0.45851440582455627, 0.458514405813388, 0.4585144058089565, 0.45851440580804015, 0.4585144058077092, 0.45851440580762626, 0.4585144058076056, 0.45851440580759906, 0.45851440580759906, 0.45851440580759817, 0.45851440580759795, 0.45851440580759795]}, "6": {"maxiter": 500, "fatol": 1e-10, "xatol": 1e-05, "duration": 0.10490083694458008, "fun": "0.4585144058089565", "nit": "290", "nfev": "462", "status": "0", "success": "True", "message": "Optimization terminated successfully.", "x": "[7.70377793 4.08465852 2.48694984 2.17335305 5.23995154 5.18569852]", "final_simplex": "(array([[7.70377793, 4.08465852, 2.48694984, 2.17335305, 5.23995154,\n        5.18569852],\n       [7.70378057, 4.08465704, 2.48694188, 2.17335625, 5.23995109,\n        5.18569911],\n       [7.70377774, 4.08465698, 2.48694099, 2.17335687, 5.23995072,\n        5.18570046],\n       [7.70377956, 4.08465619, 2.48694075, 2.17335883, 5.23994864,\n        5.18570047],\n       [7.70377687, 4.08465925, 2.48695131, 2.17334733, 5.23995136,\n        5.18569674],\n       [7.70377846, 4.08465965, 2.48694265, 2.17335686, 5.23994978,\n        5.18569651],\n       [7.70378253, 4.08466012, 2.48694653, 2.17335198, 5.239953  ,\n        5.18570229]]), array([0.45851441, 0.45851441, 0.45851441, 0.45851441, 0.45851441,\n       0.45851441, 0.45851441]))", "callback": [0.5947681514913803, 0.5405338670376925, 0.5216152388142253, 0.4952189633705708, 0.4748973925736152, 0.4626369512827059, 0.46048343488383714, 0.46048343488383714, 0.46032346148692804, 0.45987695221914615, 0.45902199957745604, 0.4587693920676612, 0.4586239213524256, 0.45858305044049663, 0.4585429409195212, 0.45852260518185806, 0.45851578462790343, 0.45851529301948724, 0.4585145771749355, 0.45851443073007414, 0.4585144164085947, 0.45851440772679775, 0.45851440645284836, 0.45851440609821315, 0.45851440586911063, 0.458514405837099, 0.45851440582455627, 0.458514405813388, 0.4585144058089565]}, "7": {"maxiter": 500, "fatol": 1e-10, "xatol": 1e-10, "duration": 0.19405794143676758, "fun": "0.45851440580759795", "nit": "387", "nfev": "673", "status": "0", "success": "True", "message": "Optimization terminated successfully.", "x": "[7.70377944 4.08465546 2.48694833 2.1733525  5.23995076 5.18569949]", "final_simplex": "(array([[7.70377944, 4.08465546, 2.48694833, 2.1733525 , 5.23995076,\n        5.18569949],\n       [7.70377944, 4.08465546, 2.48694833, 2.1733525 , 5.23995076,\n        5.18569949],\n       [7.70377944, 4.08465546, 2.48694833, 2.1733525 , 5.23995076,\n        5.18569949],\n       [7.70377944, 4.08465546, 2.48694833, 2.1733525 , 5.23995076,\n        5.18569949],\n       [7.70377944, 4.08465546, 2.48694833, 2.1733525 , 5.23995076,\n        5.18569949],\n       [7.70377944, 4.08465546, 2.48694833, 2.1733525 , 5.23995076,\n        5.18569949],\n       [7.70377944, 4.08465546, 2.48694833, 2.1733525 , 5.23995076,\n        5.18569949]]), array([0.45851441, 0.45851441, 0.45851441, 0.45851441, 0.45851441,\n       0.45851441, 0.45851441]))", "callback": [0.5947681514913803, 0.5405338670376925, 0.5216152388142253, 0.4952189633705708, 0.4748973925736152, 0.4626369512827059, 0.46048343488383714, 0.46048343488383714, 0.46032346148692804, 0.45987695221914615, 0.45902199957745604, 0.4587693920676612, 0.4586239213524256, 0.45858305044049663, 0.4585429409195212, 0.45852260518185806, 0.45851578462790343, 0.45851529301948724, 0.4585145771749355, 0.45851443073007414, 0.4585144164085947, 0.45851440772679775, 0.45851440645284836, 0.45851440609821315, 0.45851440586911063, 0.458514405837099, 0.45851440582455627, 0.458514405813388, 0.4585144058089565, 0.45851440580804015, 0.4585144058077092, 0.45851440580762626, 0.4585144058076056, 0.45851440580759906, 0.45851440580759906, 0.45851440580759817, 0.45851440580759795, 0.45851440580759795]}, "8": {"maxiter": 1000, "fatol": 1e-05, "xatol": 1e-05, "duration": 0.11171293258666992, "fun": "0.4585144058089565", "nit": "290", "nfev": "462", "status": "0", "success": "True", "message": "Optimization terminated successfully.", "x": "[7.70377793 4.08465852 2.48694984 2.17335305 5.23995154 5.18569852]", "final_simplex": "(array([[7.70377793, 4.08465852, 2.48694984, 2.17335305, 5.23995154,\n        5.18569852],\n       [7.70378057, 4.08465704, 2.48694188, 2.17335625, 5.23995109,\n        5.18569911],\n       [7.70377774, 4.08465698, 2.48694099, 2.17335687, 5.23995072,\n        5.18570046],\n       [7.70377956, 4.08465619, 2.48694075, 2.17335883, 5.23994864,\n        5.18570047],\n       [7.70377687, 4.08465925, 2.48695131, 2.17334733, 5.23995136,\n        5.18569674],\n       [7.70377846, 4.08465965, 2.48694265, 2.17335686, 5.23994978,\n        5.18569651],\n       [7.70378253, 4.08466012, 2.48694653, 2.17335198, 5.239953  ,\n        5.18570229]]), array([0.45851441, 0.45851441, 0.45851441, 0.45851441, 0.45851441,\n       0.45851441, 0.45851441]))", "callback": [0.5947681514913803, 0.5405338670376925, 0.5216152388142253, 0.4952189633705708, 0.4748973925736152, 0.4626369512827059, 0.46048343488383714, 0.46048343488383714, 0.46032346148692804, 0.45987695221914615, 0.45902199957745604, 0.4587693920676612, 0.4586239213524256, 0.45858305044049663, 0.4585429409195212, 0.45852260518185806, 0.45851578462790343, 0.45851529301948724, 0.4585145771749355, 0.45851443073007414, 0.4585144164085947, 0.45851440772679775, 0.45851440645284836, 0.45851440609821315, 0.45851440586911063, 0.458514405837099, 0.45851440582455627, 0.458514405813388, 0.4585144058089565]}, "9": {"maxiter": 1000, "fatol": 1e-05, "xatol": 1e-10, "duration": 0.15474295616149902, "fun": "0.45851440580759795", "nit": "387", "nfev": "673", "status": "0", "success": "True", "message": "Optimization terminated successfully.", "x": "[7.70377944 4.08465546 2.48694833 2.1733525  5.23995076 5.18569949]", "final_simplex": "(array([[7.70377944, 4.08465546, 2.48694833, 2.1733525 , 5.23995076,\n        5.18569949],\n       [7.70377944, 4.08465546, 2.48694833, 2.1733525 , 5.23995076,\n        5.18569949],\n       [7.70377944, 4.08465546, 2.48694833, 2.1733525 , 5.23995076,\n        5.18569949],\n       [7.70377944, 4.08465546, 2.48694833, 2.1733525 , 5.23995076,\n        5.18569949],\n       [7.70377944, 4.08465546, 2.48694833, 2.1733525 , 5.23995076,\n        5.18569949],\n       [7.70377944, 4.08465546, 2.48694833, 2.1733525 , 5.23995076,\n        5.18569949],\n       [7.70377944, 4.08465546, 2.48694833, 2.1733525 , 5.23995076,\n        5.18569949]]), array([0.45851441, 0.45851441, 0.45851441, 0.45851441, 0.45851441,\n       0.45851441, 0.45851441]))", "callback": [0.5947681514913803, 0.5405338670376925, 0.5216152388142253, 0.4952189633705708, 0.4748973925736152, 0.4626369512827059, 0.46048343488383714, 0.46048343488383714, 0.46032346148692804, 0.45987695221914615, 0.45902199957745604, 0.4587693920676612, 0.4586239213524256, 0.45858305044049663, 0.4585429409195212, 0.45852260518185806, 0.45851578462790343, 0.45851529301948724, 0.4585145771749355, 0.45851443073007414, 0.4585144164085947, 0.45851440772679775, 0.45851440645284836, 0.45851440609821315, 0.45851440586911063, 0.458514405837099, 0.45851440582455627, 0.458514405813388, 0.4585144058089565, 0.45851440580804015, 0.4585144058077092, 0.45851440580762626, 0.4585144058076056, 0.45851440580759906, 0.45851440580759906, 0.45851440580759817, 0.45851440580759795, 0.45851440580759795]}, "10": {"maxiter": 1000, "fatol": 1e-10, "xatol": 1e-05, "duration": 0.11873888969421387, "fun": "0.4585144058089565", "nit": "290", "nfev": "462", "status": "0", "success": "True", "message": "Optimization terminated successfully.", "x": "[7.70377793 4.08465852 2.48694984 2.17335305 5.23995154 5.18569852]", "final_simplex": "(array([[7.70377793, 4.08465852, 2.48694984, 2.17335305, 5.23995154,\n        5.18569852],\n       [7.70378057, 4.08465704, 2.48694188, 2.17335625, 5.23995109,\n        5.18569911],\n       [7.70377774, 4.08465698, 2.48694099, 2.17335687, 5.23995072,\n        5.18570046],\n       [7.70377956, 4.08465619, 2.48694075, 2.17335883, 5.23994864,\n        5.18570047],\n       [7.70377687, 4.08465925, 2.48695131, 2.17334733, 5.23995136,\n        5.18569674],\n       [7.70377846, 4.08465965, 2.48694265, 2.17335686, 5.23994978,\n        5.18569651],\n       [7.70378253, 4.08466012, 2.48694653, 2.17335198, 5.239953  ,\n        5.18570229]]), array([0.45851441, 0.45851441, 0.45851441, 0.45851441, 0.45851441,\n       0.45851441, 0.45851441]))", "callback": [0.5947681514913803, 0.5405338670376925, 0.5216152388142253, 0.4952189633705708, 0.4748973925736152, 0.4626369512827059, 0.46048343488383714, 0.46048343488383714, 0.46032346148692804, 0.45987695221914615, 0.45902199957745604, 0.4587693920676612, 0.4586239213524256, 0.45858305044049663, 0.4585429409195212, 0.45852260518185806, 0.45851578462790343, 0.45851529301948724, 0.4585145771749355, 0.45851443073007414, 0.4585144164085947, 0.45851440772679775, 0.45851440645284836, 0.45851440609821315, 0.45851440586911063, 0.458514405837099, 0.45851440582455627, 0.458514405813388, 0.4585144058089565]}, "11": {"maxiter": 1000, "fatol": 1e-10, "xatol": 1e-10, "duration": 0.17822003364562988, "fun": "0.45851440580759795", "nit": "387", "nfev": "673", "status": "0", "success": "True", "message": "Optimization terminated successfully.", "x": "[7.70377944 4.08465546 2.48694833 2.1733525  5.23995076 5.18569949]", "final_simplex": "(array([[7.70377944, 4.08465546, 2.48694833, 2.1733525 , 5.23995076,\n        5.18569949],\n       [7.70377944, 4.08465546, 2.48694833, 2.1733525 , 5.23995076,\n        5.18569949],\n       [7.70377944, 4.08465546, 2.48694833, 2.1733525 , 5.23995076,\n        5.18569949],\n       [7.70377944, 4.08465546, 2.48694833, 2.1733525 , 5.23995076,\n        5.18569949],\n       [7.70377944, 4.08465546, 2.48694833, 2.1733525 , 5.23995076,\n        5.18569949],\n       [7.70377944, 4.08465546, 2.48694833, 2.1733525 , 5.23995076,\n        5.18569949],\n       [7.70377944, 4.08465546, 2.48694833, 2.1733525 , 5.23995076,\n        5.18569949]]), array([0.45851441, 0.45851441, 0.45851441, 0.45851441, 0.45851441,\n       0.45851441, 0.45851441]))", "callback": [0.5947681514913803, 0.5405338670376925, 0.5216152388142253, 0.4952189633705708, 0.4748973925736152, 0.4626369512827059, 0.46048343488383714, 0.46048343488383714, 0.46032346148692804, 0.45987695221914615, 0.45902199957745604, 0.4587693920676612, 0.4586239213524256, 0.45858305044049663, 0.4585429409195212, 0.45852260518185806, 0.45851578462790343, 0.45851529301948724, 0.4585145771749355, 0.45851443073007414, 0.4585144164085947, 0.45851440772679775, 0.45851440645284836, 0.45851440609821315, 0.45851440586911063, 0.458514405837099, 0.45851440582455627, 0.458514405813388, 0.4585144058089565, 0.45851440580804015, 0.4585144058077092, 0.45851440580762626, 0.4585144058076056, 0.45851440580759906, 0.45851440580759906, 0.45851440580759817, 0.45851440580759795, 0.45851440580759795]}}, "bfgs": {"type": "gradient", "0": {"maxiter": 100, "gtol": 1e-05, "xrtol": 1e-05, "eps": 1e-05, "duration": 0.07267570495605469, "fun": "0.4775003499324181", "jac": "[ 6.41375841e-07 -1.00921493e-06 -1.80823134e-06  2.93109981e-07\n -1.20857768e-06 -2.24823493e-06]", "hess_inv": "[[ 9.13830616  1.13838575  0.14059254  2.77469463  2.9343114  -6.04977023]\n [ 1.13838575 11.8683371  -7.42420174 -0.17614956  1.02012915 -1.18754069]\n [ 0.14059254 -7.42420174  9.11331815 -0.48566985  0.20578462 -0.4176747 ]\n [ 2.77469463 -0.17614956 -0.48566985  4.98001218  0.57270445 -1.67246612]\n [ 2.9343114   1.02012915  0.20578462  0.57270445  5.51197046 -1.68442315]\n [-6.04977023 -1.18754069 -0.4176747  -1.67246612 -1.68442315  8.0304768 ]]", "nfev": "294", "njev": "42", "status": "0", "success": "True", "message": "Optimization terminated successfully.", "x": "[5.54573252 3.90070844 0.93062381 1.65114943 2.99596054 4.75506193]", "nit": "36", "callback": [0.5170542149091362, 0.49623807736075054, 0.479328938137769]}, "1": {"maxiter": 100, "gtol": 1e-05, "xrtol": 1e-05, "eps": 1e-10, "duration": 0.0714411735534668, "fun": "0.47750034993568446", "jac": "[-1.11022293e-06 -2.22044587e-06 -4.44089173e-06  0.00000000e+00\n -2.22044587e-06 -2.22044587e-06]", "hess_inv": "[[ 8.97834384  1.16630238  0.11047413  2.72525114  2.93485548 -5.94198477]\n [ 1.16630238 11.85490724 -7.44369951 -0.16275614  1.000445   -1.23561743]\n [ 0.11047413 -7.44369951  9.12345958 -0.48797866  0.21553528 -0.38375878]\n [ 2.72525114 -0.16275614 -0.48797866  4.93766717  0.54757576 -1.6389779 ]\n [ 2.93485548  1.000445    0.21553528  0.54757576  5.52606418 -1.6883634 ]\n [-5.94198477 -1.23561743 -0.38375878 -1.6389779  -1.6883634   7.97518778]]", "nfev": "294", "njev": "42", "status": "0", "success": "True", "message": "Optimization terminated successfully.", "x": "[5.5457321  3.90071654 0.93061491 1.65115323 2.99596226 4.75506391]", "nit": "36", "callback": [0.5170550302661491, 0.49624183644963693, 0.47939440192639093]}, "2": {"maxiter": 100, "gtol": 1e-05, "xrtol": 1e-10, "eps": 1e-05, "duration": 0.07277512550354004, "fun": "0.4775003499324181", "jac": "[ 6.41375841e-07 -1.00921493e-06 -1.80823134e-06  2.93109981e-07\n -1.20857768e-06 -2.24823493e-06]", "hess_inv": "[[ 9.13830616  1.13838575  0.14059254  2.77469463  2.9343114  -6.04977023]\n [ 1.13838575 11.8683371  -7.42420174 -0.17614956  1.02012915 -1.18754069]\n [ 0.14059254 -7.42420174  9.11331815 -0.48566985  0.20578462 -0.4176747 ]\n [ 2.77469463 -0.17614956 -0.48566985  4.98001218  0.57270445 -1.67246612]\n [ 2.9343114   1.02012915  0.20578462  0.57270445  5.51197046 -1.68442315]\n [-6.04977023 -1.18754069 -0.4176747  -1.67246612 -1.68442315  8.0304768 ]]", "nfev": "294", "njev": "42", "status": "0", "success": "True", "message": "Optimization terminated successfully.", "x": "[5.54573252 3.90070844 0.93062381 1.65114943 2.99596054 4.75506193]", "nit": "36", "callback": [0.5170542149091362, 0.49623807736075054, 0.479328938137769]}, "3": {"maxiter": 100, "gtol": 1e-05, "xrtol": 1e-10, "eps": 1e-10, "duration": 0.06904077529907227, "fun": "0.47750034993568446", "jac": "[-1.11022293e-06 -2.22044587e-06 -4.44089173e-06  0.00000000e+00\n -2.22044587e-06 -2.22044587e-06]", "hess_inv": "[[ 8.97834384  1.16630238  0.11047413  2.72525114  2.93485548 -5.94198477]\n [ 1.16630238 11.85490724 -7.44369951 -0.16275614  1.000445   -1.23561743]\n [ 0.11047413 -7.44369951  9.12345958 -0.48797866  0.21553528 -0.38375878]\n [ 2.72525114 -0.16275614 -0.48797866  4.93766717  0.54757576 -1.6389779 ]\n [ 2.93485548  1.000445    0.21553528  0.54757576  5.52606418 -1.6883634 ]\n [-5.94198477 -1.23561743 -0.38375878 -1.6389779  -1.6883634   7.97518778]]", "nfev": "294", "njev": "42", "status": "0", "success": "True", "message": "Optimization terminated successfully.", "x": "[5.5457321  3.90071654 0.93061491 1.65115323 2.99596226 4.75506391]", "nit": "36", "callback": [0.5170550302661491, 0.49624183644963693, 0.47939440192639093]}, "4": {"maxiter": 100, "gtol": 1e-10, "xrtol": 1e-05, "eps": 1e-05, "duration": 0.07056999206542969, "fun": "0.47750034989274326", "jac": "[ 1.37778677e-07  8.21231971e-08 -2.77333712e-08 -1.24433797e-07\n -1.21980204e-07  1.93411953e-07]", "hess_inv": "[[ 9.23131924  1.45345872 -0.34261494  3.02219213  2.95764274 -6.17160214]\n [ 1.45345872 11.90163004 -7.53694781 -0.05238339  0.96934372 -1.56517451]\n [-0.34261494 -7.53694781  9.37715459 -0.71811512  0.27592618  0.16357006]\n [ 3.02219213 -0.05238339 -0.71811512  5.14469627  0.54506677 -1.97241656]\n [ 2.95764274  0.96934372  0.27592618  0.54506677  5.50152408 -1.71058154]\n [-6.17160214 -1.56517451  0.16357006 -1.97241656 -1.71058154  8.18886786]]", "nfev": "301", "njev": "43", "status": "0", "success": "True", "message": "Optimization terminated successfully.", "x": "[5.54571626 3.90070356 0.93063429 1.65114085 2.99596276 4.75508152]", "nit": "37", "callback": [0.5170542149091362, 0.49623807736075054, 0.479328938137769]}, "5": {"maxiter": 100, "gtol": 1e-10, "xrtol": 1e-05, "eps": 1e-10, "duration": 0.06995892524719238, "fun": "0.4775003498775928", "jac": "[-1.11022293e-06  0.00000000e+00  1.11022293e-06  1.11022293e-06\n  0.00000000e+00 -1.11022293e-06]", "hess_inv": "[[ 8.93181251  1.06490072  0.26485969  2.61189775  2.88293979 -5.8997321 ]\n [ 1.06490072 11.88787464 -7.68150993 -0.18652203  0.78685741 -1.25486954]\n [ 0.26485969 -7.68150993  9.90979361 -0.61673908  0.61494124 -0.27219512]\n [ 2.61189775 -0.18652203 -0.61673908  4.85780666  0.33279268 -1.63392357]\n [ 2.88293979  0.78685741  0.61494124  0.33279268  5.50787696 -1.59718283]\n [-5.8997321  -1.25486954 -0.27219512 -1.63392357 -1.59718283  7.98562769]]", "nfev": "301", "njev": "43", "status": "0", "success": "True", "message": "Optimization terminated successfully.", "x": "[5.54573886 3.90070896 0.93064292 1.65115009 2.99597862 4.75506755]", "nit": "37", "callback": [0.5170550302661491, 0.49624183644963693, 0.47939440192639093]}, "6": {"maxiter": 100, "gtol": 1e-10, "xrtol": 1e-10, "eps": 1e-05, "duration": 0.12127375602722168, "fun": "0.4775003498916721", "jac": "[ 5.96189764e-09  2.22044605e-09  8.60422844e-09 -2.15383267e-09\n  4.88498131e-09 -6.32827124e-10]", "hess_inv": "[[ 8.96198865  1.81802882 -0.70587336  2.78478898  2.69595181 -5.74018225]\n [ 1.81802882 11.98417532 -7.5858806   0.03273747  1.01757508 -1.88955431]\n [-0.70587336 -7.5858806   9.40762029 -0.82612619  0.21693308  0.51205434]\n [ 2.78478898  0.03273747 -0.82612619  5.03931835  0.43491974 -1.70613512]\n [ 2.69595181  1.01757508  0.21693308  0.43491974  5.41333046 -1.42395591]\n [-5.74018225 -1.88955431  0.51205434 -1.70613512 -1.42395591  7.62290783]]", "nfev": "509", "njev": "71", "status": "2", "success": "False", "message": "Desired error not necessarily achieved due to precision loss.", "x": "[5.54571671 3.90070259 0.93063516 1.65114146 2.99596335 4.75508058]", "nit": "38", "callback": [0.5170542149091362, 0.49623807736075054, 0.479328938137769]}, "7": {"maxiter": 100, "gtol": 1e-10, "xrtol": 1e-10, "eps": 1e-10, "duration": 0.08347582817077637, "fun": "0.47750034987279477", "jac": "[0. 0. 0. 0. 0. 0.]", "hess_inv": "[[  4.63458576  -6.66071398   5.68497964  -3.34932845  -0.37946676\n   -6.62075183]\n [ -6.66071398  14.47445555 -13.40932426   5.06887046   0.51572895\n    9.55864194]\n [  5.68497964 -13.40932426  15.20918986  -6.211214     0.0417041\n  -10.36770698]\n [ -3.34932845   5.06887046  -6.211214     4.48282202  -0.383792\n    7.93334318]\n [ -0.37946676   0.51572895   0.0417041   -0.383792     0.36457828\n   -0.43296125]\n [ -6.62075183   9.55864194 -10.36770698   7.93334318  -0.43296125\n   15.53911141]]", "nfev": "350", "njev": "50", "status": "0", "success": "True", "message": "Optimization terminated successfully.", "x": "[5.54573664 3.90071363 0.93063465 1.6511493  2.99598046 4.75507425]", "nit": "42", "callback": [0.5170550302661491, 0.49624183644963693, 0.47939440192639093, 0.47750034987306234]}, "8": {"maxiter": 500, "gtol": 1e-05, "xrtol": 1e-05, "eps": 1e-05, "duration": 0.06941914558410645, "fun": "0.4775003499324181", "jac": "[ 6.41375841e-07 -1.00921493e-06 -1.80823134e-06  2.93109981e-07\n -1.20857768e-06 -2.24823493e-06]", "hess_inv": "[[ 9.13830616  1.13838575  0.14059254  2.77469463  2.9343114  -6.04977023]\n [ 1.13838575 11.8683371  -7.42420174 -0.17614956  1.02012915 -1.18754069]\n [ 0.14059254 -7.42420174  9.11331815 -0.48566985  0.20578462 -0.4176747 ]\n [ 2.77469463 -0.17614956 -0.48566985  4.98001218  0.57270445 -1.67246612]\n [ 2.9343114   1.02012915  0.20578462  0.57270445  5.51197046 -1.68442315]\n [-6.04977023 -1.18754069 -0.4176747  -1.67246612 -1.68442315  8.0304768 ]]", "nfev": "294", "njev": "42", "status": "0", "success": "True", "message": "Optimization terminated successfully.", "x": "[5.54573252 3.90070844 0.93062381 1.65114943 2.99596054 4.75506193]", "nit": "36", "callback": [0.5170542149091362, 0.49623807736075054, 0.479328938137769]}, "9": {"maxiter": 500, "gtol": 1e-05, "xrtol": 1e-05, "eps": 1e-10, "duration": 0.06830692291259766, "fun": "0.47750034993568446", "jac": "[-1.11022293e-06 -2.22044587e-06 -4.44089173e-06  0.00000000e+00\n -2.22044587e-06 -2.22044587e-06]", "hess_inv": "[[ 8.97834384  1.16630238  0.11047413  2.72525114  2.93485548 -5.94198477]\n [ 1.16630238 11.85490724 -7.44369951 -0.16275614  1.000445   -1.23561743]\n [ 0.11047413 -7.44369951  9.12345958 -0.48797866  0.21553528 -0.38375878]\n [ 2.72525114 -0.16275614 -0.48797866  4.93766717  0.54757576 -1.6389779 ]\n [ 2.93485548  1.000445    0.21553528  0.54757576  5.52606418 -1.6883634 ]\n [-5.94198477 -1.23561743 -0.38375878 -1.6389779  -1.6883634   7.97518778]]", "nfev": "294", "njev": "42", "status": "0", "success": "True", "message": "Optimization terminated successfully.", "x": "[5.5457321  3.90071654 0.93061491 1.65115323 2.99596226 4.75506391]", "nit": "36", "callback": [0.5170550302661491, 0.49624183644963693, 0.47939440192639093]}, "10": {"maxiter": 500, "gtol": 1e-05, "xrtol": 1e-10, "eps": 1e-05, "duration": 0.06802201271057129, "fun": "0.4775003499324181", "jac": "[ 6.41375841e-07 -1.00921493e-06 -1.80823134e-06  2.93109981e-07\n -1.20857768e-06 -2.24823493e-06]", "hess_inv": "[[ 9.13830616  1.13838575  0.14059254  2.77469463  2.9343114  -6.04977023]\n [ 1.13838575 11.8683371  -7.42420174 -0.17614956  1.02012915 -1.18754069]\n [ 0.14059254 -7.42420174  9.11331815 -0.48566985  0.20578462 -0.4176747 ]\n [ 2.77469463 -0.17614956 -0.48566985  4.98001218  0.57270445 -1.67246612]\n [ 2.9343114   1.02012915  0.20578462  0.57270445  5.51197046 -1.68442315]\n [-6.04977023 -1.18754069 -0.4176747  -1.67246612 -1.68442315  8.0304768 ]]", "nfev": "294", "njev": "42", "status": "0", "success": "True", "message": "Optimization terminated successfully.", "x": "[5.54573252 3.90070844 0.93062381 1.65114943 2.99596054 4.75506193]", "nit": "36", "callback": [0.5170542149091362, 0.49623807736075054, 0.479328938137769]}, "11": {"maxiter": 500, "gtol": 1e-05, "xrtol": 1e-10, "eps": 1e-10, "duration": 0.06817007064819336, "fun": "0.47750034993568446", "jac": "[-1.11022293e-06 -2.22044587e-06 -4.44089173e-06  0.00000000e+00\n -2.22044587e-06 -2.22044587e-06]", "hess_inv": "[[ 8.97834384  1.16630238  0.11047413  2.72525114  2.93485548 -5.94198477]\n [ 1.16630238 11.85490724 -7.44369951 -0.16275614  1.000445   -1.23561743]\n [ 0.11047413 -7.44369951  9.12345958 -0.48797866  0.21553528 -0.38375878]\n [ 2.72525114 -0.16275614 -0.48797866  4.93766717  0.54757576 -1.6389779 ]\n [ 2.93485548  1.000445    0.21553528  0.54757576  5.52606418 -1.6883634 ]\n [-5.94198477 -1.23561743 -0.38375878 -1.6389779  -1.6883634   7.97518778]]", "nfev": "294", "njev": "42", "status": "0", "success": "True", "message": "Optimization terminated successfully.", "x": "[5.5457321  3.90071654 0.93061491 1.65115323 2.99596226 4.75506391]", "nit": "36", "callback": [0.5170550302661491, 0.49624183644963693, 0.47939440192639093]}, "12": {"maxiter": 500, "gtol": 1e-10, "xrtol": 1e-05, "eps": 1e-05, "duration": 0.06995892524719238, "fun": "0.47750034989274326", "jac": "[ 1.37778677e-07  8.21231971e-08 -2.77333712e-08 -1.24433797e-07\n -1.21980204e-07  1.93411953e-07]", "hess_inv": "[[ 9.23131924  1.45345872 -0.34261494  3.02219213  2.95764274 -6.17160214]\n [ 1.45345872 11.90163004 -7.53694781 -0.05238339  0.96934372 -1.56517451]\n [-0.34261494 -7.53694781  9.37715459 -0.71811512  0.27592618  0.16357006]\n [ 3.02219213 -0.05238339 -0.71811512  5.14469627  0.54506677 -1.97241656]\n [ 2.95764274  0.96934372  0.27592618  0.54506677  5.50152408 -1.71058154]\n [-6.17160214 -1.56517451  0.16357006 -1.97241656 -1.71058154  8.18886786]]", "nfev": "301", "njev": "43", "status": "0", "success": "True", "message": "Optimization terminated successfully.", "x": "[5.54571626 3.90070356 0.93063429 1.65114085 2.99596276 4.75508152]", "nit": "37", "callback": [0.5170542149091362, 0.49623807736075054, 0.479328938137769]}, "13": {"maxiter": 500, "gtol": 1e-10, "xrtol": 1e-05, "eps": 1e-10, "duration": 0.06934714317321777, "fun": "0.4775003498775928", "jac": "[-1.11022293e-06  0.00000000e+00  1.11022293e-06  1.11022293e-06\n  0.00000000e+00 -1.11022293e-06]", "hess_inv": "[[ 8.93181251  1.06490072  0.26485969  2.61189775  2.88293979 -5.8997321 ]\n [ 1.06490072 11.88787464 -7.68150993 -0.18652203  0.78685741 -1.25486954]\n [ 0.26485969 -7.68150993  9.90979361 -0.61673908  0.61494124 -0.27219512]\n [ 2.61189775 -0.18652203 -0.61673908  4.85780666  0.33279268 -1.63392357]\n [ 2.88293979  0.78685741  0.61494124  0.33279268  5.50787696 -1.59718283]\n [-5.8997321  -1.25486954 -0.27219512 -1.63392357 -1.59718283  7.98562769]]", "nfev": "301", "njev": "43", "status": "0", "success": "True", "message": "Optimization terminated successfully.", "x": "[5.54573886 3.90070896 0.93064292 1.65115009 2.99597862 4.75506755]", "nit": "37", "callback": [0.5170550302661491, 0.49624183644963693, 0.47939440192639093]}, "14": {"maxiter": 500, "gtol": 1e-10, "xrtol": 1e-10, "eps": 1e-05, "duration": 0.11624288558959961, "fun": "0.4775003498916721", "jac": "[ 5.96189764e-09  2.22044605e-09  8.60422844e-09 -2.15383267e-09\n  4.88498131e-09 -6.32827124e-10]", "hess_inv": "[[ 8.96198865  1.81802882 -0.70587336  2.78478898  2.69595181 -5.74018225]\n [ 1.81802882 11.98417532 -7.5858806   0.03273747  1.01757508 -1.88955431]\n [-0.70587336 -7.5858806   9.40762029 -0.82612619  0.21693308  0.51205434]\n [ 2.78478898  0.03273747 -0.82612619  5.03931835  0.43491974 -1.70613512]\n [ 2.69595181  1.01757508  0.21693308  0.43491974  5.41333046 -1.42395591]\n [-5.74018225 -1.88955431  0.51205434 -1.70613512 -1.42395591  7.62290783]]", "nfev": "509", "njev": "71", "status": "2", "success": "False", "message": "Desired error not necessarily achieved due to precision loss.", "x": "[5.54571671 3.90070259 0.93063516 1.65114146 2.99596335 4.75508058]", "nit": "38", "callback": [0.5170542149091362, 0.49623807736075054, 0.479328938137769]}, "15": {"maxiter": 500, "gtol": 1e-10, "xrtol": 1e-10, "eps": 1e-10, "duration": 0.0805668830871582, "fun": "0.47750034987279477", "jac": "[0. 0. 0. 0. 0. 0.]", "hess_inv": "[[  4.63458576  -6.66071398   5.68497964  -3.34932845  -0.37946676\n   -6.62075183]\n [ -6.66071398  14.47445555 -13.40932426   5.06887046   0.51572895\n    9.55864194]\n [  5.68497964 -13.40932426  15.20918986  -6.211214     0.0417041\n  -10.36770698]\n [ -3.34932845   5.06887046  -6.211214     4.48282202  -0.383792\n    7.93334318]\n [ -0.37946676   0.51572895   0.0417041   -0.383792     0.36457828\n   -0.43296125]\n [ -6.62075183   9.55864194 -10.36770698   7.93334318  -0.43296125\n   15.53911141]]", "nfev": "350", "njev": "50", "status": "0", "success": "True", "message": "Optimization terminated successfully.", "x": "[5.54573664 3.90071363 0.93063465 1.6511493  2.99598046 4.75507425]", "nit": "42", "callback": [0.5170550302661491, 0.49624183644963693, 0.47939440192639093, 0.47750034987306234]}, "16": {"maxiter": 1000, "gtol": 1e-05, "xrtol": 1e-05, "eps": 1e-05, "duration": 0.06754183769226074, "fun": "0.4775003499324181", "jac": "[ 6.41375841e-07 -1.00921493e-06 -1.80823134e-06  2.93109981e-07\n -1.20857768e-06 -2.24823493e-06]", "hess_inv": "[[ 9.13830616  1.13838575  0.14059254  2.77469463  2.9343114  -6.04977023]\n [ 1.13838575 11.8683371  -7.42420174 -0.17614956  1.02012915 -1.18754069]\n [ 0.14059254 -7.42420174  9.11331815 -0.48566985  0.20578462 -0.4176747 ]\n [ 2.77469463 -0.17614956 -0.48566985  4.98001218  0.57270445 -1.67246612]\n [ 2.9343114   1.02012915  0.20578462  0.57270445  5.51197046 -1.68442315]\n [-6.04977023 -1.18754069 -0.4176747  -1.67246612 -1.68442315  8.0304768 ]]", "nfev": "294", "njev": "42", "status": "0", "success": "True", "message": "Optimization terminated successfully.", "x": "[5.54573252 3.90070844 0.93062381 1.65114943 2.99596054 4.75506193]", "nit": "36", "callback": [0.5170542149091362, 0.49623807736075054, 0.479328938137769]}, "17": {"maxiter": 1000, "gtol": 1e-05, "xrtol": 1e-05, "eps": 1e-10, "duration": 0.06773185729980469, "fun": "0.47750034993568446", "jac": "[-1.11022293e-06 -2.22044587e-06 -4.44089173e-06  0.00000000e+00\n -2.22044587e-06 -2.22044587e-06]", "hess_inv": "[[ 8.97834384  1.16630238  0.11047413  2.72525114  2.93485548 -5.94198477]\n [ 1.16630238 11.85490724 -7.44369951 -0.16275614  1.000445   -1.23561743]\n [ 0.11047413 -7.44369951  9.12345958 -0.48797866  0.21553528 -0.38375878]\n [ 2.72525114 -0.16275614 -0.48797866  4.93766717  0.54757576 -1.6389779 ]\n [ 2.93485548  1.000445    0.21553528  0.54757576  5.52606418 -1.6883634 ]\n [-5.94198477 -1.23561743 -0.38375878 -1.6389779  -1.6883634   7.97518778]]", "nfev": "294", "njev": "42", "status": "0", "success": "True", "message": "Optimization terminated successfully.", "x": "[5.5457321  3.90071654 0.93061491 1.65115323 2.99596226 4.75506391]", "nit": "36", "callback": [0.5170550302661491, 0.49624183644963693, 0.47939440192639093]}, "18": {"maxiter": 1000, "gtol": 1e-05, "xrtol": 1e-10, "eps": 1e-05, "duration": 0.06787800788879395, "fun": "0.4775003499324181", "jac": "[ 6.41375841e-07 -1.00921493e-06 -1.80823134e-06  2.93109981e-07\n -1.20857768e-06 -2.24823493e-06]", "hess_inv": "[[ 9.13830616  1.13838575  0.14059254  2.77469463  2.9343114  -6.04977023]\n [ 1.13838575 11.8683371  -7.42420174 -0.17614956  1.02012915 -1.18754069]\n [ 0.14059254 -7.42420174  9.11331815 -0.48566985  0.20578462 -0.4176747 ]\n [ 2.77469463 -0.17614956 -0.48566985  4.98001218  0.57270445 -1.67246612]\n [ 2.9343114   1.02012915  0.20578462  0.57270445  5.51197046