{"date": "2024/09/24/, 03:21:40", "conf_id": 231, "data_type": "non_lin_ind\n", "num_data_points": 4, "s_rank": 0, "unitary": "[[-0.56303964-0.00798273j,-0.21670212-0.15784972j,-0.06047197-0.73952673j,-0.01438004+0.24552571j],[-0.06976756+0.23474685j,-0.01275565-0.5435098j,-0.02703657-0.08917885j,-0.08210486-0.79311774j],[-0.38559961+0.10714929j,0.5933431-0.2687392j,-0.24060861+0.29149289j,-0.45147719+0.26241743j],[-0.50180421+0.45931857j,-0.11617175+0.44134496j,0.49642745+0.22684508j,-0.08544628-0.15407063j]]", "databatch_0": {"databatch": "[[[0.09607932-0.01861148j,-0.27935227+0.08600429j,-0.16922421-0.23962309j,0.11509681+0.03687758j],[-0.04427074+0.09506005j,0.14722708-0.27081012j,0.24363308+0.00947197j,-0.07612142+0.04161632j],[0.08233428-0.00080718j,-0.35177194+0.03878836j,-0.20467348-0.32837885j,0.08720701+0.02338602j],[-0.12674318+0.02882024j,0.42709569-0.01562915j,0.12027719+0.33500516j,-0.10856198-0.0583741j]],[[-0.26267141-0.24674234j,0.10223414-0.02729408j,-0.27789115+0.10006326j,0.3014126+0.12040915j],[0.07714717+0.06735221j,0.01092002-0.04866703j,-0.17600509-0.11260315j,0.22842252-0.02355925j],[0.38091216+0.27816954j,-0.00334163-0.13712294j,-0.27992136-0.25578325j,0.21819216-0.16130383j],[0.05469053-0.09967077j,-0.01070444-0.03159168j,-0.20458583-0.03880905j,0.19694626+0.04577044j]],[[-0.16821916-0.14434089j,-0.37701208-0.45421822j,-0.31030651-0.44223918j,0.15543957+0.1063024j],[0.00544704-0.02274942j,0.03155829-0.12943746j,-0.05340585-0.18810589j,0.00681325-0.02831193j],[-0.02388892+0.16943857j,0.06151103+0.17624745j,-0.06094448+0.09477507j,-0.01432711-0.14522859j],[0.07922936-0.04103903j,0.12564294-0.19486296j,0.06163787-0.25327123j,-0.01507991+0.00249972j]],[[0.23014438-0.04538928j,0.00947021+0.27639267j,0.01532915-0.10811424j,0.05281229+0.07634843j],[-0.0227374+0.10599235j,0.20392995-0.17070747j,-0.25189326+0.09125577j,0.02050897+0.13671967j],[0.38285602+0.25644527j,-0.01071053-0.0363185j,-0.24497522+0.26487632j,-0.27794881-0.02777238j],[-0.03653742-0.1481612j,0.36308002-0.01638322j,-0.18875838-0.0187231j,-0.02155957+0.30888615j]]]", "initial param values": "[5.82221059,2.21702018,3.05843084,0.42931306,0.75776469,2.74626638]", "nelder_mead": {"type": "gradient-free", "0": {"maxiter": 100, "fatol": 1e-05, "xatol": 1e-05, "duration": 0.038861989974975586, "fun": "0.5042244927899737", "nit": "100", "nfev": "158", "status": "2", "success": "False", "message": "Maximum number of iterations has been exceeded.", "x": "[4.87851929 0.24578324 2.01714401 0.60004003 1.15107127 2.60237159]", "final_simplex": "(array([[4.87851929, 0.24578324, 2.01714401, 0.60004003, 1.15107127,\n        2.60237159],\n       [4.89667933, 0.31518288, 2.07546214, 0.62568306, 1.11881532,\n        2.49455085],\n       [4.9266399 , 0.27621775, 2.02510804, 0.60038643, 1.14321396,\n        2.59822454],\n       [4.85371607, 0.36743794, 2.03174722, 0.61184278, 1.11880432,\n        2.54376594],\n       [4.85780414, 0.32519703, 2.09051462, 0.61821743, 1.11711028,\n        2.53681819],\n       [4.91719565, 0.25975237, 2.09230465, 0.61784661, 1.1269442 ,\n        2.53211607],\n       [4.94966651, 0.27778652, 1.99694646, 0.61860099, 1.12565505,\n        2.5676159 ]]), array([0.50422449, 0.50451717, 0.50460823, 0.50469141, 0.50479793,\n       0.50493402, 0.50527058]))", "callback": [0.7497282252918607, 0.7429132438289292, 0.6776759701274757, 0.5982041452579756, 0.5738177176831093, 0.5601631594968451, 0.5219881044660314, 0.506798759372929, 0.5059050431002724]}, "1": {"maxiter": 100, "fatol": 1e-05, "xatol": 1e-10, "duration": 0.03584003448486328, "fun": "0.5042244927899737", "nit": "100", "nfev": "158", "status": "2", "success": "False", "message": "Maximum number of iterations has been exceeded.", "x": "[4.87851929 0.24578324 2.01714401 0.60004003 1.15107127 2.60237159]", "final_simplex": "(array([[4.87851929, 0.24578324, 2.01714401, 0.60004003, 1.15107127,\n        2.60237159],\n       [4.89667933, 0.31518288, 2.07546214, 0.62568306, 1.11881532,\n        2.49455085],\n       [4.9266399 , 0.27621775, 2.02510804, 0.60038643, 1.14321396,\n        2.59822454],\n       [4.85371607, 0.36743794, 2.03174722, 0.61184278, 1.11880432,\n        2.54376594],\n       [4.85780414, 0.32519703, 2.09051462, 0.61821743, 1.11711028,\n        2.53681819],\n       [4.91719565, 0.25975237, 2.09230465, 0.61784661, 1.1269442 ,\n        2.53211607],\n       [4.94966651, 0.27778652, 1.99694646, 0.61860099, 1.12565505,\n        2.5676159 ]]), array([0.50422449, 0.50451717, 0.50460823, 0.50469141, 0.50479793,\n       0.50493402, 0.50527058]))", "callback": [0.7497282252918607, 0.7429132438289292, 0.6776759701274757, 0.5982041452579756, 0.5738177176831093, 0.5601631594968451, 0.5219881044660314, 0.506798759372929, 0.5059050431002724]}, "2": {"maxiter": 100, "fatol": 1e-10, "xatol": 1e-05, "duration": 0.03470587730407715, "fun": "0.5042244927899737", "nit": "100", "nfev": "158", "status": "2", "success": "False", "message": "Maximum number of iterations has been exceeded.", "x": "[4.87851929 0.24578324 2.01714401 0.60004003 1.15107127 2.60237159]", "final_simplex": "(array([[4.87851929, 0.24578324, 2.01714401, 0.60004003, 1.15107127,\n        2.60237159],\n       [4.89667933, 0.31518288, 2.07546214, 0.62568306, 1.11881532,\n        2.49455085],\n       [4.9266399 , 0.27621775, 2.02510804, 0.60038643, 1.14321396,\n        2.59822454],\n       [4.85371607, 0.36743794, 2.03174722, 0.61184278, 1.11880432,\n        2.54376594],\n       [4.85780414, 0.32519703, 2.09051462, 0.61821743, 1.11711028,\n        2.53681819],\n       [4.91719565, 0.25975237, 2.09230465, 0.61784661, 1.1269442 ,\n        2.53211607],\n       [4.94966651, 0.27778652, 1.99694646, 0.61860099, 1.12565505,\n        2.5676159 ]]), array([0.50422449, 0.50451717, 0.50460823, 0.50469141, 0.50479793,\n       0.50493402, 0.50527058]))", "callback": [0.7497282252918607, 0.7429132438289292, 0.6776759701274757, 0.5982041452579756, 0.5738177176831093, 0.5601631594968451, 0.5219881044660314, 0.506798759372929, 0.5059050431002724]}, "3": {"maxiter": 100, "fatol": 1e-10, "xatol": 1e-10, "duration": 0.034739017486572266, "fun": "0.5042244927899737", "nit": "100", "nfev": "158", "status": "2", "success": "False", "message": "Maximum number of iterations has been exceeded.", "x": "[4.87851929 0.24578324 2.01714401 0.60004003 1.15107127 2.60237159]", "final_simplex": "(array([[4.87851929, 0.24578324, 2.01714401, 0.60004003, 1.15107127,\n        2.60237159],\n       [4.89667933, 0.31518288, 2.07546214, 0.62568306, 1.11881532,\n        2.49455085],\n       [4.9266399 , 0.27621775, 2.02510804, 0.60038643, 1.14321396,\n        2.59822454],\n       [4.85371607, 0.36743794, 2.03174722, 0.61184278, 1.11880432,\n        2.54376594],\n       [4.85780414, 0.32519703, 2.09051462, 0.61821743, 1.11711028,\n        2.53681819],\n       [4.91719565, 0.25975237, 2.09230465, 0.61784661, 1.1269442 ,\n        2.53211607],\n       [4.94966651, 0.27778652, 1.99694646, 0.61860099, 1.12565505,\n        2.5676159 ]]), array([0.50422449, 0.50451717, 0.50460823, 0.50469141, 0.50479793,\n       0.50493402, 0.50527058]))", "callback": [0.7497282252918607, 0.7429132438289292, 0.6776759701274757, 0.5982041452579756, 0.5738177176831093, 0.5601631594968451, 0.5219881044660314, 0.506798759372929, 0.5059050431002724]}, "4": {"maxiter": 500, "fatol": 1e-05, "xatol": 1e-05, "duration": 0.14879822731018066, "fun": "0.4650951760542251", "nit": "427", "nfev": "675", "status": "0", "success": "True", "message": "Optimization terminated successfully.", "x": "[4.51940992 0.63506467 1.76566469 1.03307309 2.11267812 1.74025894]", "final_simplex": "(array([[4.51940992, 0.63506467, 1.76566469, 1.03307309, 2.11267812,\n        1.74025894],\n       [4.5194129 , 0.63506316, 1.76566461, 1.03307042, 2.112674  ,\n        1.74026464],\n       [4.51941206, 0.63506489, 1.76566628, 1.03306723, 2.11267418,\n        1.74025651],\n       [4.51941408, 0.6350684 , 1.76566868, 1.03306811, 2.11267551,\n        1.740261  ],\n       [4.51941544, 0.63505873, 1.76566207, 1.03306802, 2.11267288,\n        1.74025754],\n       [4.51941727, 0.63506218, 1.76566016, 1.03306338, 2.11267623,\n        1.74025931],\n       [4.51941302, 0.63507132, 1.76566322, 1.03307871, 2.11268035,\n        1.74025974]]), array([0.46509518, 0.46509518, 0.46509518, 0.46509518, 0.46509518,\n       0.46509518, 0.46509518]))", "callback": [0.7497282252918607, 0.7429132438289292, 0.6776759701274757, 0.5982041452579756, 0.5738177176831093, 0.5601631594968451, 0.5219881044660314, 0.506798759372929, 0.5059050431002724, 0.5042244927899737, 0.5029963519109666, 0.5003833979509891, 0.4985721136919514, 0.49785701853426545, 0.4974228396860453, 0.4972735777249738, 0.49695239904477184, 0.496850630763488, 0.49675607200715377, 0.49661993030982665, 0.4963316963392128, 0.49551589592232337, 0.49328668783146357, 0.4851309924614504, 0.479971460173119, 0.47173204242278266, 0.46751414763986376, 0.46578552578566956, 0.46528583883633523, 0.46512692707557246, 0.46510268973263824, 0.4650978092453242, 0.46509621935698786, 0.46509544792612467, 0.46509528006892686, 0.46509519844493985, 0.46509518298059116, 0.46509517733758254, 0.4650951766838969, 0.4650951761182891, 0.46509517607758266, 0.46509517605868067]}, "5": {"maxiter": 500, "fatol": 1e-05, "xatol": 1e-10, "duration": 0.17415499687194824, "fun": "0.4650951760482518", "nit": "500", "nfev": "790", "status": "2", "success": "False", "message": "Maximum number of iterations has been exceeded.", "x": "[4.51941586 0.63506626 1.76566764 1.0330734  2.11267065 1.74025968]", "final_simplex": "(array([[4.51941586, 0.63506626, 1.76566764, 1.0330734 , 2.11267065,\n        1.74025968],\n       [4.51941589, 0.63506637, 1.76566774, 1.03307342, 2.11267059,\n        1.7402597 ],\n       [4.51941587, 0.63506635, 1.7656677 , 1.03307349, 2.11267067,\n        1.74025966],\n       [4.51941589, 0.63506635, 1.76566758, 1.0330734 , 2.11267073,\n        1.74025973],\n       [4.51941597, 0.63506632, 1.76566772, 1.03307339, 2.11267063,\n        1.74025972],\n       [4.51941588, 0.63506622, 1.76566764, 1.03307338, 2.11267062,\n        1.74025983],\n       [4.51941581, 0.63506637, 1.76566777, 1.0330734 , 2.11267063,\n        1.74025958]]), array([0.46509518, 0.46509518, 0.46509518, 0.46509518, 0.46509518,\n       0.46509518, 0.46509518]))", "callback": [0.7497282252918607, 0.7429132438289292, 0.6776759701274757, 0.5982041452579756, 0.5738177176831093, 0.5601631594968451, 0.5219881044660314, 0.506798759372929, 0.5059050431002724, 0.5042244927899737, 0.5029963519109666, 0.5003833979509891, 0.4985721136919514, 0.49785701853426545, 0.4974228396860453, 0.4972735777249738, 0.49695239904477184, 0.496850630763488, 0.49675607200715377, 0.49661993030982665, 0.4963316963392128, 0.49551589592232337, 0.49328668783146357, 0.4851309924614504, 0.479971460173119, 0.47173204242278266, 0.46751414763986376, 0.46578552578566956, 0.46528583883633523, 0.46512692707557246, 0.46510268973263824, 0.4650978092453242, 0.46509621935698786, 0.46509544792612467, 0.46509528006892686, 0.46509519844493985, 0.46509518298059116, 0.46509517733758254, 0.4650951766838969, 0.4650951761182891, 0.46509517607758266, 0.46509517605868067, 0.46509517605167927, 0.4650951760497275, 0.4650951760485229, 0.4650951760484935, 0.46509517604829487, 0.465095176048262, 0.465095176048254]}, "6": {"maxiter": 500, "fatol": 1e-10, "xatol": 1e-05, "duration": 0.15164995193481445, "fun": "0.4650951760542251", "nit": "427", "nfev": "675", "status": "0", "success": "True", "message": "Optimization terminated successfully.", "x": "[4.51940992 0.63506467 1.76566469 1.03307309 2.11267812 1.74025894]", "final_simplex": "(array([[4.51940992, 0.63506467, 1.76566469, 1.03307309, 2.11267812,\n        1.74025894],\n       [4.5194129 , 0.63506316, 1.76566461, 1.03307042, 2.112674  ,\n        1.74026464],\n       [4.51941206, 0.63506489, 1.76566628, 1.03306723, 2.11267418,\n        1.74025651],\n       [4.51941408, 0.6350684 , 1.76566868, 1.03306811, 2.11267551,\n        1.740261  ],\n       [4.51941544, 0.63505873, 1.76566207, 1.03306802, 2.11267288,\n        1.74025754],\n       [4.51941727, 0.63506218, 1.76566016, 1.03306338, 2.11267623,\n        1.74025931],\n       [4.51941302, 0.63507132, 1.76566322, 1.03307871, 2.11268035,\n        1.74025974]]), array([0.46509518, 0.46509518, 0.46509518, 0.46509518, 0.46509518,\n       0.46509518, 0.46509518]))", "callback": [0.7497282252918607, 0.7429132438289292, 0.6776759701274757, 0.5982041452579756, 0.5738177176831093, 0.5601631594968451, 0.5219881044660314, 0.506798759372929, 0.5059050431002724, 0.5042244927899737, 0.5029963519109666, 0.5003833979509891, 0.4985721136919514, 0.49785701853426545, 0.4974228396860453, 0.4972735777249738, 0.49695239904477184, 0.496850630763488, 0.49675607200715377, 0.49661993030982665, 0.4963316963392128, 0.49551589592232337, 0.49328668783146357, 0.4851309924614504, 0.479971460173119, 0.47173204242278266, 0.46751414763986376, 0.46578552578566956, 0.46528583883633523, 0.46512692707557246, 0.46510268973263824, 0.4650978092453242, 0.46509621935698786, 0.46509544792612467, 0.46509528006892686, 0.46509519844493985, 0.46509518298059116, 0.46509517733758254, 0.4650951766838969, 0.4650951761182891, 0.46509517607758266, 0.46509517605868067]}, "7": {"maxiter": 500, "fatol": 1e-10, "xatol": 1e-10, "duration": 0.19821810722351074, "fun": "0.4650951760482518", "nit": "500", "nfev": "790", "status": "2", "success": "False", "message": "Maximum number of iterations has been exceeded.", "x": "[4.51941586 0.63506626 1.76566764 1.0330734  2.11267065 1.74025968]", "final_simplex": "(array([[4.51941586, 0.63506626, 1.76566764, 1.0330734 , 2.11267065,\n        1.74025968],\n       [4.51941589, 0.63506637, 1.76566774, 1.03307342, 2.11267059,\n        1.7402597 ],\n       [4.51941587, 0.63506635, 1.7656677 , 1.03307349, 2.11267067,\n        1.74025966],\n       [4.51941589, 0.63506635, 1.76566758, 1.0330734 , 2.11267073,\n        1.74025973],\n       [4.51941597, 0.63506632, 1.76566772, 1.03307339, 2.11267063,\n        1.74025972],\n       [4.51941588, 0.63506622, 1.76566764, 1.03307338, 2.11267062,\n        1.74025983],\n       [4.51941581, 0.63506637, 1.76566777, 1.0330734 , 2.11267063,\n        1.74025958]]), array([0.46509518, 0.46509518, 0.46509518, 0.46509518, 0.46509518,\n       0.46509518, 0.46509518]))", "callback": [0.7497282252918607, 0.7429132438289292, 0.6776759701274757, 0.5982041452579756, 0.5738177176831093, 0.5601631594968451, 0.5219881044660314, 0.506798759372929, 0.5059050431002724, 0.5042244927899737, 0.5029963519109666, 0.5003833979509891, 0.4985721136919514, 0.49785701853426545, 0.4974228396860453, 0.4972735777249738, 0.49695239904477184, 0.496850630763488, 0.49675607200715377, 0.49661993030982665, 0.4963316963392128, 0.49551589592232337, 0.49328668783146357, 0.4851309924614504, 0.479971460173119, 0.47173204242278266, 0.46751414763986376, 0.46578552578566956, 0.46528583883633523, 0.46512692707557246, 0.46510268973263824, 0.4650978092453242, 0.46509621935698786, 0.46509544792612467, 0.46509528006892686, 0.46509519844493985, 0.46509518298059116, 0.46509517733758254, 0.4650951766838969, 0.4650951761182891, 0.46509517607758266, 0.46509517605868067, 0.46509517605167927, 0.4650951760497275, 0.4650951760485229, 0.4650951760484935, 0.46509517604829487, 0.465095176048262, 0.465095176048254]}, "8": {"maxiter": 1000, "fatol": 1e-05, "xatol": 1e-05, "duration": 0.15077924728393555, "fun": "0.4650951760542251", "nit": "427", "nfev": "675", "status": "0", "success": "True", "message": "Optimization terminated successfully.", "x": "[4.51940992 0.63506467 1.76566469 1.03307309 2.11267812 1.74025894]", "final_simplex": "(array([[4.51940992, 0.63506467, 1.76566469, 1.03307309, 2.11267812,\n        1.74025894],\n       [4.5194129 , 0.63506316, 1.76566461, 1.03307042, 2.112674  ,\n        1.74026464],\n       [4.51941206, 0.63506489, 1.76566628, 1.03306723, 2.11267418,\n        1.74025651],\n       [4.51941408, 0.6350684 , 1.76566868, 1.03306811, 2.11267551,\n        1.740261  ],\n       [4.51941544, 0.63505873, 1.76566207, 1.03306802, 2.11267288,\n        1.74025754],\n       [4.51941727, 0.63506218, 1.76566016, 1.03306338, 2.11267623,\n        1.74025931],\n       [4.51941302, 0.63507132, 1.76566322, 1.03307871, 2.11268035,\n        1.74025974]]), array([0.46509518, 0.46509518, 0.46509518, 0.46509518, 0.46509518,\n       0.46509518, 0.46509518]))", "callback": [0.7497282252918607, 0.7429132438289292, 0.6776759701274757, 0.5982041452579756, 0.5738177176831093, 0.5601631594968451, 0.5219881044660314, 0.506798759372929, 0.5059050431002724, 0.5042244927899737, 0.5029963519109666, 0.5003833979509891, 0.4985721136919514, 0.49785701853426545, 0.4974228396860453, 0.4972735777249738, 0.49695239904477184, 0.496850630763488, 0.49675607200715377, 0.49661993030982665, 0.4963316963392128, 0.49551589592232337, 0.49328668783146357, 0.4851309924614504, 0.479971460173119, 0.47173204242278266, 0.46751414763986376, 0.46578552578566956, 0.46528583883633523, 0.46512692707557246, 0.46510268973263824, 0.4650978092453242, 0.46509621935698786, 0.46509544792612467, 0.46509528006892686, 0.46509519844493985, 0.46509518298059116, 0.46509517733758254, 0.4650951766838969, 0.4650951761182891, 0.46509517607758266, 0.46509517605868067]}, "9": {"maxiter": 1000, "fatol": 1e-05, "xatol": 1e-10, "duration": 0.24816608428955078, "fun": "0.4650951760482511", "nit": "537", "nfev": "903", "status": "0", "success": "True", "message": "Optimization terminated successfully.", "x": "[4.51941587 0.63506632 1.76566767 1.03307339 2.11267065 1.7402597 ]", "final_simplex": "(array([[4.51941587, 0.63506632, 1.76566767, 1.03307339, 2.11267065,\n        1.7402597 ],\n       [4.51941587, 0.63506632, 1.76566767, 1.03307339, 2.11267065,\n        1.7402597 ],\n       [4.51941587, 0.63506632, 1.76566767, 1.03307339, 2.11267065,\n        1.7402597 ],\n       [4.51941587, 0.63506632, 1.76566767, 1.03307339, 2.11267065,\n        1.7402597 ],\n       [4.51941587, 0.63506632, 1.76566767, 1.03307339, 2.11267065,\n        1.7402597 ],\n       [4.51941587, 0.63506632, 1.76566767, 1.03307339, 2.11267065,\n        1.7402597 ],\n       [4.51941587, 0.63506632, 1.76566767, 1.03307339, 2.11267065,\n        1.7402597 ]]), array([0.46509518, 0.46509518, 0.46509518, 0.46509518, 0.46509518,\n       0.46509518, 0.46509518]))", "callback": [0.7497282252918607, 0.7429132438289292, 0.6776759701274757, 0.5982041452579756, 0.5738177176831093, 0.5601631594968451, 0.5219881044660314, 0.506798759372929, 0.5059050431002724, 0.5042244927899737, 0.5029963519109666, 0.5003833979509891, 0.4985721136919514, 0.49785701853426545, 0.4974228396860453, 0.4972735777249738, 0.49695239904477184, 0.496850630763488, 0.49675607200715377, 0.49661993030982665, 0.4963316963392128, 0.49551589592232337, 0.49328668783146357, 0.4851309924614504, 0.479971460173119, 0.47173204242278266, 0.46751414763986376, 0.46578552578566956, 0.46528583883633523, 0.46512692707557246, 0.46510268973263824, 0.4650978092453242, 0.46509621935698786, 0.46509544792612467, 0.46509528006892686, 0.46509519844493985, 0.46509518298059116, 0.46509517733758254, 0.4650951766838969, 0.4650951761182891, 0.46509517607758266, 0.46509517605868067, 0.46509517605167927, 0.4650951760497275, 0.4650951760485229, 0.4650951760484935, 0.46509517604829487, 0.465095176048262, 0.465095176048254, 0.4650951760482517, 0.46509517604825124, 0.4650951760482511, 0.4650951760482511]}, "10": {"maxiter": 1000, "fatol": 1e-10, "xatol": 1e-05, "duration": 0.16750001907348633, "fun": "0.4650951760542251", "nit": "427", "nfev": "675", "status": "0", "success": "True", "message": "Optimization terminated successfully.", "x": "[4.51940992 0.63506467 1.76566469 1.03307309 2.11267812 1.74025894]", "final_simplex": "(array([[4.51940992, 0.63506467, 1.76566469, 1.03307309, 2.11267812,\n        1.74025894],\n       [4.5194129 , 0.63506316, 1.76566461, 1.03307042, 2.112674  ,\n        1.74026464],\n       [4.51941206, 0.63506489, 1.76566628, 1.03306723, 2.11267418,\n        1.74025651],\n       [4.51941408, 0.6350684 , 1.76566868, 1.03306811, 2.11267551,\n        1.740261  ],\n       [4.51941544, 0.63505873, 1.76566207, 1.03306802, 2.11267288,\n        1.74025754],\n       [4.51941727, 0.63506218, 1.76566016, 1.03306338, 2.11267623,\n        1.74025931],\n       [4.51941302, 0.63507132, 1.76566322, 1.03307871, 2.11268035,\n        1.74025974]]), array([0.46509518, 0.46509518, 0.46509518, 0.46509518, 0.46509518,\n       0.46509518, 0.46509518]))", "callback": [0.7497282252918607, 0.7429132438289292, 0.6776759701274757, 0.5982041452579756, 0.5738177176831093, 0.5601631594968451, 0.5219881044660314, 0.506798759372929, 0.5059050431002724, 0.5042244927899737, 0.5029963519109666, 0.5003833979509891, 0.4985721136919514, 0.49785701853426545, 0.4974228396860453, 0.4972735777249738, 0.49695239904477184, 0.496850630763488, 0.49675607200715377, 0.49661993030982665, 0.4963316963392128, 0.49551589592232337, 0.49328668783146357, 0.4851309924614504, 0.479971460173119, 0.47173204242278266, 0.46751414763986376, 0.46578552578566956, 0.46528583883633523, 0.46512692707557246, 0.46510268973263824, 0.4650978092453242, 0.46509621935698786, 0.46509544792612467, 0.46509528006892686, 0.46509519844493985, 0.46509518298059116, 0.46509517733758254, 0.4650951766838969, 0.4650951761182891, 0.46509517607758266, 0.46509517605868067]}, "11": {"maxiter": 1000, "fatol": 1e-10, "xatol": 1e-10, "duration": 0.21231484413146973, "fun": "0.4650951760482511", "nit": "537", "nfev": "903", "status": "0", "success": "True", "message": "Optimization terminated successfully.", "x": "[4.51941587 0.63506632 1.76566767 1.03307339 2.11267065 1.7402597 ]", "final_simplex": "(array([[4.51941587, 0.63506632, 1.76566767, 1.03307339, 2.11267065,\n        1.7402597 ],\n       [4.51941587, 0.63506632, 1.76566767, 1.03307339, 2.11267065,\n        1.7402597 ],\n       [4.51941587, 0.63506632, 1.76566767, 1.03307339, 2.11267065,\n        1.7402597 ],\n       [4.51941587, 0.63506632, 1.76566767, 1.03307339, 2.11267065,\n        1.7402597 ],\n       [4.51941587, 0.63506632, 1.76566767, 1.03307339, 2.11267065,\n        1.7402597 ],\n       [4.51941587, 0.63506632, 1.76566767, 1.03307339, 2.11267065,\n        1.7402597 ],\n       [4.51941587, 0.63506632, 1.76566767, 1.03307339, 2.11267065,\n        1.7402597 ]]), array([0.46509518, 0.46509518, 0.46509518, 0.46509518, 0.46509518,\n       0.46509518, 0.46509518]))", "callback": [0.7497282252918607, 0.7429132438289292, 0.6776759701274757, 0.5982041452579756, 0.5738177176831093, 0.5601631594968451, 0.5219881044660314, 0.506798759372929, 0.5059050431002724, 0.5042244927899737, 0.5029963519109666, 0.5003833979509891, 0.4985721136919514, 0.49785701853426545, 0.4974228396860453, 0.4972735777249738, 0.49695239904477184, 0.496850630763488, 0.49675607200715377, 0.49661993030982665, 0.4963316963392128, 0.49551589592232337, 0.49328668783146357, 0.4851309924614504, 0.479971460173119, 0.47173204242278266, 0.46751414763986376, 0.46578552578566956, 0.46528583883633523, 0.46512692707557246, 0.46510268973263824, 0.4650978092453242, 0.46509621935698786, 0.46509544792612467, 0.46509528006892686, 0.46509519844493985, 0.46509518298059116, 0.46509517733758254, 0.4650951766838969, 0.4650951761182891, 0.46509517607758266, 0.46509517605868067, 0.46509517605167927, 0.4650951760497275, 0.4650951760485229, 0.4650951760484935, 0.46509517604829487, 0.465095176048262, 0.465095176048254, 0.4650951760482517, 0.46509517604825124, 0.4650951760482511, 0.4650951760482511]}}, "bfgs": {"type": "gradient", "0": {"maxiter": 100, "gtol": 1e-05, "xrtol": 1e-05, "eps": 1e-05, "duration": 0.054163217544555664, "fun": "0.46509517671199396", "jac": "[-3.62829766e-06 -5.73481262e-06  1.20973231e-06  4.25565139e-06\n  9.99696992e-06  1.98568939e-06]", "hess_inv": "[[ 5.27704514 -1.30285128  0.79346728 -2.03613769 -1.65475619  1.85363591]\n [-1.30285128  5.82088657  1.2230359   1.91095431  0.45464562 -2.21729242]\n [ 0.79346728  1.2230359   7.62718254  0.68900334 -3.92775916  0.7142719 ]\n [-2.03613769  1.91095431  0.68900334  6.1375563   0.05468171 -1.02048592]\n [-1.65475619  0.45464562 -3.92775916  0.05468171  7.60397171 -3.55902736]\n [ 1.85363591 -2.21729242  0.7142719  -1.02048592 -3.55902736  6.16683204]]", "nfev": "231", "njev": "33", "status": "0", "success": "True", "message": "Optimization terminated successfully.", "x": "[4.51936753 0.63503529 1.76561414 1.03309401 2.11276614 1.74022992]", "nit": "25", "callback": [0.5192098492115825, 0.46535935856299726]}, "1": {"maxiter": 100, "gtol": 1e-05, "xrtol": 1e-05, "eps": 1e-10, "duration": 0.05273318290710449, "fun": "0.46509517646029774", "jac": "[-2.22044587e-06 -6.66133760e-06  0.00000000e+00  2.22044587e-06\n  7.77156053e-06  2.22044587e-06]", "hess_inv": "[[ 5.52184524 -1.26017968  0.91664737 -2.15785639 -2.00612125  2.08900694]\n [-1.26017968  5.68515221  1.15062405  1.79865634  0.36781375 -2.08579435]\n [ 0.91664737  1.15062405  7.58133366  0.60470527 -3.98075521  0.83119911]\n [-2.15785639  1.79865634  0.60470527  6.18105687  0.25033086 -1.15865472]\n [-2.00612125  0.36781375 -3.98075521  0.25033086  7.9343038  -3.90679484]\n [ 2.08900694 -2.08579435  0.83119911 -1.15865472 -3.90679484  6.42888554]]", "nfev": "231", "njev": "33", "status": "0", "success": "True", "message": "Optimization terminated successfully.", "x": "[4.51939053 0.63502767 1.765621   1.03308212 2.11273595 1.74025977]", "nit": "25", "callback": [0.5192092909254111, 0.46536052995356836]}, "2": {"maxiter": 100, "gtol": 1e-05, "xrtol": 1e-10, "eps": 1e-05, "duration": 0.054739952087402344, "fun": "0.46509517671199396", "jac": "[-3.62829766e-06 -5.73481262e-06  1.20973231e-06  4.25565139e-06\n  9.99696992e-06  1.98568939e-06]", "hess_inv": "[[ 5.27704514 -1.30285128  0.79346728 -2.03613769 -1.65475619  1.85363591]\n [-1.30285128  5.82088657  1.2230359   1.91095431  0.45464562 -2.21729242]\n [ 0.79346728  1.2230359   7.62718254  0.68900334 -3.92775916  0.7142719 ]\n [-2.03613769  1.91095431  0.68900334  6.1375563   0.05468171 -1.02048592]\n [-1.65475619  0.45464562 -3.92775916  0.05468171  7.60397171 -3.55902736]\n [ 1.85363591 -2.21729242  0.7142719  -1.02048592 -3.55902736  6.16683204]]", "nfev": "231", "njev": "33", "status": "0", "success": "True", "message": "Optimization terminated successfully.", "x": "[4.51936753 0.63503529 1.76561414 1.03309401 2.11276614 1.74022992]", "nit": "25", "callback": [0.5192098492115825, 0.46535935856299726]}, "3": {"maxiter": 100, "gtol": 1e-05, "xrtol": 1e-10, "eps": 1e-10, "duration": 0.054488182067871094, "fun": "0.46509517646029774", "jac": "[-2.22044587e-06 -6.66133760e-06  0.00000000e+00  2.22044587e-06\n  7.77156053e-06  2.22044587e-06]", "hess_inv": "[[ 5.52184524 -1.26017968  0.91664737 -2.15785639 -2.00612125  2.08900694]\n [-1.26017968  5.68515221  1.15062405  1.79865634  0.36781375 -2.08579435]\n [ 0.91664737  1.15062405  7.58133366  0.60470527 -3.98075521  0.83119911]\n [-2.15785639  1.79865634  0.60470527  6.18105687  0.25033086 -1.15865472]\n [-2.00612125  0.36781375 -3.98075521  0.25033086  7.9343038  -3.90679484]\n [ 2.08900694 -2.08579435  0.83119911 -1.15865472 -3.90679484  6.42888554]]", "nfev": "231", "njev": "33", "status": "0", "success": "True", "message": "Optimization terminated successfully.", "x": "[4.51939053 0.63502767 1.765621   1.03308212 2.11273595 1.74025977]", "nit": "25", "callback": [0.5192092909254111, 0.46536052995356836]}, "4": {"maxiter": 100, "gtol": 1e-10, "xrtol": 1e-05, "eps": 1e-05, "duration": 0.057788848876953125, "fun": "0.4650951760595057", "jac": "[ 8.29336599e-09  1.10356169e-07  1.32360789e-07 -1.48980828e-07\n  2.27884378e-07  2.04525286e-07]", "hess_inv": "[[ 5.60724118 -1.12484667  1.2021776  -2.1602662  -2.67124512  2.08661076]\n [-1.12484667  5.91608687  1.44797913  1.84808806 -0.11497909 -2.08903501]\n [ 1.2021776   1.44797913  7.9866041   0.55152949 -4.7675986   0.90420267]\n [-2.1602662   1.84808806  0.55152949  6.14861105  0.45348477 -1.09396117]\n [-2.67124512 -0.11497909 -4.7675986   0.45348477  9.4214417  -4.0010796 ]\n [ 2.08661076 -2.08903501  0.90420267 -1.09396117 -4.0010796   6.2647408 ]]", "nfev": "245", "njev": "35", "status": "0", "success": "True", "message": "Optimization terminated successfully.", "x": "[4.51941172 0.63506082 1.76566066 1.03306757 2.11267339 1.74025663]", "nit": "27", "callback": [0.5192098492115825, 0.46535935856299726]}, "5": {"maxiter": 100, "gtol": 1e-10, "xrtol": 1e-05, "eps": 1e-10, "duration": 0.0566251277923584, "fun": "0.465095176061852", "jac": "[ 0.00000000e+00  1.11022293e-06  0.00000000e+00 -2.22044587e-06\n  0.00000000e+00 -1.11022293e-06]", "hess_inv": "[[ 5.55578509 -0.87668616  1.46202048 -2.27289624 -2.33189916  1.59562686]\n [-0.87668616  6.51770332  2.19583291  1.48467173 -0.40021024 -2.74411693]\n [ 1.46202048  2.19583291  8.86223209  0.20825627 -4.99362744  0.13351831]\n [-2.27289624  1.48467173  0.20825627  6.24780348  0.68387324 -1.05168684]\n [-2.33189916 -0.40021024 -4.99362744  0.68387324  8.14515629 -2.66800842]\n [ 1.59562686 -2.74411693  0.13351831 -1.05168684 -2.66800842  5.97871997]]", "nfev": "245", "njev": "35", "status": "0", "success": "True", "message": "Optimization terminated successfully.", "x": "[4.51941665 0.63507504 1.76567692 1.03307011 2.11266922 1.74025482]", "nit": "27", "callback": [0.5192092909254111, 0.46536052995356836]}, "6": {"maxiter": 100, "gtol": 1e-10, "xrtol": 1e-10, "eps": 1e-05, "duration": 0.11971879005432129, "fun": "0.4650951760595057", "jac": "[ 8.29336599e-09  1.10356169e-07  1.32360789e-07 -1.48980828e-07\n  2.27884378e-07  2.04525286e-07]", "hess_inv": "[[ 5.55003178 -1.15222895  1.1190708  -2.08702454 -2.54379051  2.01153111]\n [-1.15222895  5.90298089  1.40818885  1.88306414 -0.05379941 -2.12494661]\n [ 1.1190708   1.40818885  7.86802295  0.67145268 -4.6122502   0.79107164]\n [-2.08702454  1.88306414  0.67145268  6.14009648  0.10248438 -1.02345813]\n [-2.54379051 -0.05379941 -4.6122502   0.10248438  9.5513143  -3.7773735 ]\n [ 2.01153111 -2.12494661  0.79107164 -1.02345813 -3.7773735   6.17390626]]", "nfev": "530", "njev": "74", "status": "2", "success": "False", "message": "Desired error not necessarily achieved due to precision loss.", "x": "[4.51941172 0.63506082 1.76566066 1.03306757 2.11267339 1.74025663]", "nit": "27", "callback": [0.5192098492115825, 0.46535935856299726]}, "7": {"maxiter": 100, "gtol": 1e-10, "xrtol": 1e-10, "eps": 1e-10, "duration": 0.07779502868652344, "fun": "0.46509517605242534", "jac": "[2.22044587e-06 2.22044587e-06 2.22044587e-06 1.11022293e-06\n 2.22044587e-06 1.11022293e-06]", "hess_inv": "[[ 4.89065626 -1.44144995 -1.30089341 -2.36944633 -0.32854547  1.04192369]\n [-1.44144995  2.53455541  0.09492782  0.07987295  0.99357861 -0.38271922]\n [-1.30089341  0.09492782  1.91540688  0.73300385 -0.91836407 -1.5817282 ]\n [-2.36944633  0.07987295  0.73300385  1.96279452 -0.10666078 -0.67283441]\n [-0.32854547  0.99357861 -0.91836407 -0.10666078  6.24978745 -1.76791829]\n [ 1.04192369 -0.38271922 -1.5817282  -0.67283441 -1.76791829  3.5792308 ]]", "nfev": "343", "njev": "49", "status": "0", "success": "True", "message": "Optimization terminated successfully.", "x": "[4.51941384 0.63506888 1.76567494 1.03307662 2.11266842 1.74025898]", "nit": "31", "callback": [0.5192092909254111, 0.46536052995356836, 0.46509517605242545]}, "8": {"maxiter": 500, "gtol": 1e-05, "xrtol": 1e-05, "eps": 1e-05, "duration": 0.05202198028564453, "fun": "0.46509517671199396", "jac": "[-3.62829766e-06 -5.73481262e-06  1.20973231e-06  4.25565139e-06\n  9.99696992e-06  1.98568939e-06]", "hess_inv": "[[ 5.27704514 -1.30285128  0.79346728 -2.03613769 -1.65475619  1.85363591]\n [-1.30285128  5.82088657  1.2230359   1.91095431  0.45464562 -2.21729242]\n [ 0.79346728  1.2230359   7.62718254  0.68900334 -3.92775916  0.7142719 ]\n [-2.03613769  1.91095431  0.68900334  6.1375563   0.05468171 -1.02048592]\n [-1.65475619  0.45464562 -3.92775916  0.05468171  7.60397171 -3.55902736]\n [ 1.85363591 -2.21729242  0.7142719  -1.02048592 -3.55902736  6.16683204]]", "nfev": "231", "njev": "33", "status": "0", "success": "True", "message": "Optimization terminated successfully.", "x": "[4.51936753 0.63503529 1.76561414 1.03309401 2.11276614 1.74022992]", "nit": "25", "callback": [0.5192098492115825, 0.46535935856299726]}, "9": {"maxiter": 500, "gtol": 1e-05, "xrtol": 1e-05, "eps": 1e-10, "duration": 0.05317211151123047, "fun": "0.46509517646029774", "jac": "[-2.22044587e-06 -6.66133760e-06  0.00000000e+00  2.22044587e-06\n  7.77156053e-06  2.22044587e-06]", "hess_inv": "[[ 5.52184524 -1.26017968  0.91664737 -2.15785639 -2.00612125  2.08900694]\n [-1.26017968  5.68515221  1.15062405  1.79865634  0.36781375 -2.08579435]\n [ 0.91664737  1.15062405  7.58133366  0.60470527 -3.98075521  0.83119911]\n [-2.15785639  1.79865634  0.60470527  6.18105687  0.25033086 -1.15865472]\n [-2.00612125  0.36781375 -3.98075521  0.25033086  7.9343038  -3.90679484]\n [ 2.08900694 -2.08579435  0.83119911 -1.15865472 -3.90679484  6.42888554]]", "nfev": "231", "njev": "33", "status": "0", "success": "True", "message": "Optimization terminated successfully.", "x": "[4.51939053 0.63502767 1.765621   1.03308212 2.11273595 1.74025977]", "nit": "25", "callback": [0.5192092909254111, 0.46536052995356836]}, "10": {"maxiter": 500, "gtol": 1e-05, "xrtol": 1e-10, "eps": 1e-05, "duration": 0.05230212211608887, "fun": "0.46509517671199396", "jac": "[-3.62829766e-06 -5.73481262e-06  1.20973231e-06  4.25565139e-06\n  9.99696992e-06  1.98568939e-06]", "hess_inv": "[[ 5.27704514 -1.30285128  0.79346728 -2.03613769 -1.65475619  1.85363591]\n [-1.30285128  5.82088657  1.2230359   1.91095431  0.45464562 -2.21729242]\n [ 0.79346728  1.2230359   7.62718254  0.68900334 -3.92775916  0.7142719 ]\n [-2.03613769  1.91095431  0.68900334  6.1375563   0.05468171 -1.02048592]\n [-1.65475619  0.45464562 -3.92775916  0.05468171  7.60397171 -3.55902736]\n [ 1.85363591 -2.21729242  0.7142719  -1.02048592 -3.55902736  6.16683204]]", "nfev": "231", "njev": "33", "status": "0", "success": "True", "message": "Optimization terminated successfully.", "x": "[4.51936753 0.63503529 1.76561414 1.03309401 2.11276614 1.74022992]", "nit": "25", "callback": [0.5192098492115825, 0.46535935856299726]}, "11": {"maxiter": 500, "gtol": 1e-05, "xrtol": 1e-10, "eps": 1e-10, "duration": 0.053112030029296875, "fun": "0.46509517646029774", "jac": "[-2.22044587e-06 -6.66133760e-06  0.00000000e+00  2.22044587e-06\n  7.77156053e-06  2.22044587e-06]", "hess_inv": "[[ 5.52184524 -1.26017968  0.91664737 -2.15785639 -2.00612125  2.08900694]\n [-1.26017968  5.68515221  1.15062405  1.79865634  0.36781375 -2.08579435]\n [ 0.91664737  1.15062405  7.58133366  0.60470527 -3.98075521  0.83119911]\n [-2.15785639  1.79865634  0.60470527  6.18105687  0.25033086 -1.15865472]\n [-2.00612125  0.36781375 -3.98075521  0.25033086  7.9343038  -3.90679484]\n [ 2.08900694 -2.08579435  0.83119911 -1.15865472 -3.90679484  6.42888554]]", "nfev": "231", "njev": "33", "status": "0", "success": "True", "message": "Optimization terminated successfully.", "x": "[4.51939053 0.63502767 1.765621   1.03308212 2.11273595 1.74025977]", "nit": "25", "callback": [0.5192092909254111, 0.46536052995356836]}, "12": {"maxiter": 500, "gtol": 1e-10, "xrtol": 1e-05, "eps": 1e-05, "duration": 0.05542802810668945, "fun": "0.4650951760595057", "jac": "[ 8.29336599e-09  1.10356169e-07  1.32360789e-07 -1.48980828e-07\n  2.27884378e-07  2.04525286e-07]", "hess_inv": "[[ 5.60724118 -1.12484667  1.2021776  -2.1602662  -2.67124512  2.08661076]\n [-1.12484667  5.91608687  1.44797913  1.84808806 -0.11497909 -2.08903501]\n [ 1.2021776   1.44797913  7.9866041   0.55152949 -4.7675986   0.90420267]\n [-2.1602662   1.84808806  0.55152949  6.14861105  0.45348477 -1.09396117]\n [-2.67124512 -0.11497909 -4.7675986   0.45348477  9.4214417  -4.0010796 ]\n [ 2.08661076 -2.08903501  0.90420267 -1.09396117 -4.0010796   6.2647408 ]]", "nfev": "245", "njev": "35", "status": "0", "success": "True", "message": "Optimization terminated successfully.", "x": "[4.51941172 0.63506082 1.76566066 1.03306757 2.11267339 1.74025663]", "nit": "27", "callback": [0.5192098492115825, 0.46535935856299726]}, "13": {"maxiter": 500, "gtol": 1e-10, "xrtol": 1e-05, "eps": 1e-10, "duration": 0.0555570125579834, "fun": "0.465095176061852", "jac": "[ 0.00000000e+00  1.11022293e-06  0.00000000e+00 -2.22044587e-06\n  0.00000000e+00 -1.11022293e-06]", "hess_inv": "[[ 5.55578509 -0.87668616  1.46202048 -2.27289624 -2.33189916  1.59562686]\n [-0.87668616  6.51770332  2.19583291  1.48467173 -0.40021024 -2.74411693]\n [ 1.46202048  2.19583291  8.86223209  0.20825627 -4.99362744  0.13351831]\n [-2.27289624  1.48467173  0.20825627  6.24780348  0.68387324 -1.05168684]\n [-2.33189916 -0.40021024 -4.99362744  0.68387324  8.14515629 -2.66800842]\n [ 1.59562686 -2.74411693  0.13351831 -1.05168684 -2.66800842  5.97871997]]", "nfev": "245", "njev": "35", "status": "0", "success": "True", "message": "Optimization terminated successfully.", "x": "[4.51941665 0.63507504 1.76567692 1.03307011 2.11266922 1.74025482]", "nit": "27", "callback": [0.5192092909254111, 0.46536052995356836]}, "14": {"maxiter": 500, "gtol": 1e-10, "xrtol": 1e-10, "eps": 1e-05, "duration": 0.11929702758789062, "fun": "0.4650951760595057", "jac": "[ 8.29336599e-09  1.10356169e-07  1.32360789e-07 -1.48980828e-07\n  2.27884378e-07  2.04525286e-07]", "hess_inv": "[[ 5.55003178 -1.15222895  1.1190708  -2.08702454 -2.54379051  2.01153111]\n [-1.15222895  5.90298089  1.40818885  1.88306414 -0.05379941 -2.12494661]\n [ 1.1190708   1.40818885  7.86802295  0.67145268 -4.6122502   0.79107164]\n [-2.08702454  1.88306414  0.67145268  6.14009648  0.10248438 -1.02345813]\n [-2.54379051 -0.05379941 -4.6122502   0.10248438  9.5513143  -3.7773735 ]\n [ 2.01153111 -2.12494661  0.79107164 -1.02345813 -3.7773735   6.17390626]]", "nfev": "530", "njev": "74", "status": "2", "success": "False", "message": "Desired error not necessarily achieved due to precision loss.", "x": "[4.51941172 0.63506082 1.76566066 1.03306757 2.11267339 1.74025663]", "nit": "27", "callback": [0.5192098492115825, 0.46535935856299726]}, "15": {"maxiter": 500, "gtol": 1e-10, "xrtol": 1e-10, "eps": 1e-10, "duration": 0.07787799835205078, "fun": "0.46509517605242534", "jac": "[2.22044587e-06 2.22044587e-06 2.22044587e-06 1.11022293e-06\n 2.22044587e-06 1.11022293e-06]", "hess_inv": "[[ 4.89065626 -1.44144995 -1.30089341 -2.36944633 -0.32854547  1.04192369]\n [-1.44144995  2.53455541  0.09492782  0.07987295  0.99357861 -0.38271922]\n [-1.30089341  0.09492782  1.91540688  0.73300385 -0.91836407 -1.5817282 ]\n [-2.36944633  0.07987295  0.73300385  1.96279452 -0.10666078 -0.67283441]\n [-0.32854547  0.99357861 -0.91836407 -0.10666078  6.24978745 -1.76791829]\n [ 1.04192369 -0.38271922 -1.5817282  -0.67283441 -1.76791829  3.5792308 ]]", "nfev": "343", "njev": "49", "status": "0", "success": "True", "message": "Optimization terminated successfully.", "x": "[4.51941384 0.63506888 1.76567494 1.03307662 2.11266842 1.74025898]", "nit": "31", "callback": [0.5192092909254111, 0.46536052995356836, 0.46509517605242545]}, "16": {"maxiter": 1000, "gtol": 1e-05, "xrtol": 1e-05, "eps": 1e-05, "duration": 0.052597999572753906, "fun": "0.46509517671199396", "jac": "[-3.62829766e-06 -5.73481262e-06  1.20973231e-06  4.25565139e-06\n  9.99696992e-06  1.98568939e-06]", "hess_inv": "[[ 5.27704514 -1.30285128  0.79346728 -2.03613769 -1.65475619  1.85363591]\n [-1.30285128  5.82088657  1.2230359   1.91095431  0.45464562 -2.21729242]\n [ 0.79346728  1.2230359   7.62718254  0.68900334 -3.92775916  0.7142719 ]\n [-2.03613769  1.91095431  0.68900334  6.1375563   0.05468171 -1.02048592]\n [-1.65475619  0.45464562 -3.92775916  0.05468171  7.60397171 -3.55902736]\n [ 1.85363591 -2.21729242  0.7142719  -1.02048592 -3.55902736  6.16683204]]", "nfev": "231", "njev": "33", "status": "0", "success": "True", 