{"date": "2024/09/24/, 06:28:33", "conf_id": 308, "data_type": "var_s_rank\n", "num_data_points": 4, "s_rank": 0, "unitary": "[[-0.53618537-0.34368723j,-0.12107031-0.46226139j,-0.07699282-0.46603512j,0.36022595-0.11472301j],[0.26026499-0.63450712j,-0.56616638+0.37832564j,-0.14988651+0.08458591j,0.10363514-0.16008501j],[-0.32580188-0.11070003j,-0.36476308-0.23593218j,0.02559343+0.41761608j,-0.25598305+0.6725303j],[0.07406738-0.0126433j,0.28513701+0.19483972j,-0.74939717-0.10299659j,0.29798249+0.46269921j]]", "databatch_0": {"databatch": "[[[0.28204879+0.32005435j,0.32781174+0.08473281j,0.02518744+0.08325423j,0.02925712+0.19066279j],[-0.2259546+0.0624559j,-0.1018892+0.08147214j,0.15431542-0.0474538j,-0.20922178-0.03449219j],[0.086943+0.22670461j,0.06352213-0.28425823j,-0.16688287-0.35675469j,-0.01784985+0.3005796j],[-0.20986101+0.0795168j,-0.20079937+0.0521663j,0.01190799+0.09255937j,-0.13689216-0.07182256j]],[[0.20086006-0.10747424j,0.18668482+0.26475158j,0.06139857+0.09236501j,0.07144884-0.06858297j],[-0.20436712-0.19597345j,0.24096993-0.32258143j,0.08550515-0.10813131j,-0.10856577-0.05802048j],[0.18428548+0.00768261j,0.02127173+0.2614271j,0.00481934+0.08967033j,0.07803975-0.01843407j],[-0.28676456+0.2041549j,-0.33810361-0.36914347j,-0.11223716-0.12951702j,-0.09604825+0.11914306j]],[[-0.11269912+0.22377392j,-0.12638072-0.08203596j,0.0728882-0.02899703j,-0.03470354-0.02574839j],[-0.13579132+0.32830585j,-0.01476347-0.08906124j,0.08310942-0.04693087j,-0.04546417-0.00295514j],[-0.17047586+0.48020175j,-0.0186077-0.07935751j,0.03834614-0.11833387j,-0.09705899-0.32282111j],[0.06520652+0.38136718j,-0.07005679-0.14045997j,-0.04525139-0.0347792j,-0.39125617-0.18672639j]],[[-0.25928997+0.0816162j,0.068775+0.09377051j,0.13295629+0.09898483j,0.08267869-0.03970723j],[-0.14707154+0.5221165j,0.23172101-0.01236223j,0.31056245-0.11382583j,0.0240506-0.181437j],[0.30467413-0.08144783j,-0.07495896-0.11217456j,-0.14908496-0.12147351j,-0.09784411+0.04183001j],[0.14333437-0.33337927j,-0.15476645-0.01212475j,-0.21595484+0.04825304j,-0.03186422+0.11822338j]]]", "initial param values": "[0.55959682,2.94685425,3.01491622,5.06176625,0.805846,4.22426881]", "nelder_mead": {"type": "gradient-free", "0": {"maxiter": 100, "fatol": 1e-05, "xatol": 1e-05, "duration": 0.03672432899475098, "fun": "0.3622482567025187", "nit": "100", "nfev": "155", "status": "2", "success": "False", "message": "Maximum number of iterations has been exceeded.", "x": "[1.26751838 2.88489728 4.0787199  6.68528924 0.09604562 3.65080872]", "final_simplex": "(array([[1.26751838, 2.88489728, 4.0787199 , 6.68528924, 0.09604562,\n        3.65080872],\n       [1.29611716, 2.85142732, 4.11308241, 6.58679455, 0.13715473,\n        3.4861217 ],\n       [1.25896042, 3.00565249, 3.96708313, 6.55288026, 0.12379894,\n        3.59408737],\n       [1.34300529, 2.56372208, 4.08558114, 6.8108135 , 0.06754632,\n        3.70442222],\n       [1.12664625, 3.02843121, 3.74905757, 6.63391001, 0.27196713,\n        3.47878893],\n       [1.33109358, 2.40413329, 4.23282246, 6.52211016, 0.07592474,\n        3.77145231],\n       [0.97656128, 2.88011663, 3.91994017, 6.66896144, 0.33116032,\n        3.37117674]]), array([0.36224826, 0.36343237, 0.36431601, 0.37077322, 0.37455279,\n       0.37669486, 0.37845825]))", "callback": [0.45222128320914734, 0.45195942275458245, 0.43069784789934884, 0.4220765722284938, 0.41711965737336465, 0.4122382423426785, 0.4092176461029323, 0.3975356302351951, 0.37845824682094076]}, "1": {"maxiter": 100, "fatol": 1e-05, "xatol": 1e-10, "duration": 0.035558223724365234, "fun": "0.3622482567025187", "nit": "100", "nfev": "155", "status": "2", "success": "False", "message": "Maximum number of iterations has been exceeded.", "x": "[1.26751838 2.88489728 4.0787199  6.68528924 0.09604562 3.65080872]", "final_simplex": "(array([[1.26751838, 2.88489728, 4.0787199 , 6.68528924, 0.09604562,\n        3.65080872],\n       [1.29611716, 2.85142732, 4.11308241, 6.58679455, 0.13715473,\n        3.4861217 ],\n       [1.25896042, 3.00565249, 3.96708313, 6.55288026, 0.12379894,\n        3.59408737],\n       [1.34300529, 2.56372208, 4.08558114, 6.8108135 , 0.06754632,\n        3.70442222],\n       [1.12664625, 3.02843121, 3.74905757, 6.63391001, 0.27196713,\n        3.47878893],\n       [1.33109358, 2.40413329, 4.23282246, 6.52211016, 0.07592474,\n        3.77145231],\n       [0.97656128, 2.88011663, 3.91994017, 6.66896144, 0.33116032,\n        3.37117674]]), array([0.36224826, 0.36343237, 0.36431601, 0.37077322, 0.37455279,\n       0.37669486, 0.37845825]))", "callback": [0.45222128320914734, 0.45195942275458245, 0.43069784789934884, 0.4220765722284938, 0.41711965737336465, 0.4122382423426785, 0.4092176461029323, 0.3975356302351951, 0.37845824682094076]}, "2": {"maxiter": 100, "fatol": 1e-10, "xatol": 1e-05, "duration": 0.03470206260681152, "fun": "0.3622482567025187", "nit": "100", "nfev": "155", "status": "2", "success": "False", "message": "Maximum number of iterations has been exceeded.", "x": "[1.26751838 2.88489728 4.0787199  6.68528924 0.09604562 3.65080872]", "final_simplex": "(array([[1.26751838, 2.88489728, 4.0787199 , 6.68528924, 0.09604562,\n        3.65080872],\n       [1.29611716, 2.85142732, 4.11308241, 6.58679455, 0.13715473,\n        3.4861217 ],\n       [1.25896042, 3.00565249, 3.96708313, 6.55288026, 0.12379894,\n        3.59408737],\n       [1.34300529, 2.56372208, 4.08558114, 6.8108135 , 0.06754632,\n        3.70442222],\n       [1.12664625, 3.02843121, 3.74905757, 6.63391001, 0.27196713,\n        3.47878893],\n       [1.33109358, 2.40413329, 4.23282246, 6.52211016, 0.07592474,\n        3.77145231],\n       [0.97656128, 2.88011663, 3.91994017, 6.66896144, 0.33116032,\n        3.37117674]]), array([0.36224826, 0.36343237, 0.36431601, 0.37077322, 0.37455279,\n       0.37669486, 0.37845825]))", "callback": [0.45222128320914734, 0.45195942275458245, 0.43069784789934884, 0.4220765722284938, 0.41711965737336465, 0.4122382423426785, 0.4092176461029323, 0.3975356302351951, 0.37845824682094076]}, "3": {"maxiter": 100, "fatol": 1e-10, "xatol": 1e-10, "duration": 0.035685062408447266, "fun": "0.3622482567025187", "nit": "100", "nfev": "155", "status": "2", "success": "False", "message": "Maximum number of iterations has been exceeded.", "x": "[1.26751838 2.88489728 4.0787199  6.68528924 0.09604562 3.65080872]", "final_simplex": "(array([[1.26751838, 2.88489728, 4.0787199 , 6.68528924, 0.09604562,\n        3.65080872],\n       [1.29611716, 2.85142732, 4.11308241, 6.58679455, 0.13715473,\n        3.4861217 ],\n       [1.25896042, 3.00565249, 3.96708313, 6.55288026, 0.12379894,\n        3.59408737],\n       [1.34300529, 2.56372208, 4.08558114, 6.8108135 , 0.06754632,\n        3.70442222],\n       [1.12664625, 3.02843121, 3.74905757, 6.63391001, 0.27196713,\n        3.47878893],\n       [1.33109358, 2.40413329, 4.23282246, 6.52211016, 0.07592474,\n        3.77145231],\n       [0.97656128, 2.88011663, 3.91994017, 6.66896144, 0.33116032,\n        3.37117674]]), array([0.36224826, 0.36343237, 0.36431601, 0.37077322, 0.37455279,\n       0.37669486, 0.37845825]))", "callback": [0.45222128320914734, 0.45195942275458245, 0.43069784789934884, 0.4220765722284938, 0.41711965737336465, 0.4122382423426785, 0.4092176461029323, 0.3975356302351951, 0.37845824682094076]}, "4": {"maxiter": 500, "fatol": 1e-05, "xatol": 1e-05, "duration": 0.15312981605529785, "fun": "0.29496976134260255", "nit": "431", "nfev": "684", "status": "0", "success": "True", "message": "Optimization terminated successfully.", "x": "[ 1.99235081  2.581899    4.29147847  7.47249943 -1.42525627  5.04292298]", "final_simplex": "(array([[ 1.99235081,  2.581899  ,  4.29147847,  7.47249943, -1.42525627,\n         5.04292298],\n       [ 1.9923559 ,  2.58190438,  4.29148358,  7.47250031, -1.425257  ,\n         5.04291883],\n       [ 1.99234782,  2.58190052,  4.29147731,  7.47249567, -1.42524956,\n         5.04292005],\n       [ 1.99235609,  2.58190642,  4.29147913,  7.4724969 , -1.42525832,\n         5.04292615],\n       [ 1.99234845,  2.58190129,  4.29147734,  7.4724918 , -1.42525375,\n         5.04291725],\n       [ 1.99235526,  2.58190681,  4.29148061,  7.47249857, -1.42526391,\n         5.04292096],\n       [ 1.99235543,  2.58190346,  4.29148448,  7.47249748, -1.4252603 ,\n         5.0429275 ]]), array([0.29496976, 0.29496976, 0.29496976, 0.29496976, 0.29496976,\n       0.29496976, 0.29496976]))", "callback": [0.45222128320914734, 0.45195942275458245, 0.43069784789934884, 0.4220765722284938, 0.41711965737336465, 0.4122382423426785, 0.4092176461029323, 0.3975356302351951, 0.37845824682094076, 0.3598251260568035, 0.35806346593121474, 0.35692770470437474, 0.35511531064143287, 0.3536808028597115, 0.3424271952793605, 0.3302353178549261, 0.3287032807498981, 0.32769168963705864, 0.32625228077899393, 0.3259044954969599, 0.32559552937382563, 0.32477316669194667, 0.32425321263141704, 0.32348899678672083, 0.3197855976057987, 0.31224080432058965, 0.3035519139514298, 0.29879006818821285, 0.29592190925851447, 0.2951606360904847, 0.29499742403993, 0.29498006898585116, 0.29497323977129175, 0.29497019338741204, 0.2949698473482921, 0.2949697774031741, 0.29496976870211655, 0.2949697618548607, 0.29496976163756183, 0.2949697614566067, 0.2949697613753045, 0.294969761350233, 0.29496976134260255]}, "5": {"maxiter": 500, "fatol": 1e-05, "xatol": 1e-10, "duration": 0.17732977867126465, "fun": "0.2949697613359571", "nit": "500", "nfev": "793", "status": "2", "success": "False", "message": "Maximum number of iterations has been exceeded.", "x": "[ 1.99235227  2.58190518  4.29147904  7.47250318 -1.42525696  5.04292288]", "final_simplex": "(array([[ 1.99235227,  2.58190518,  4.29147904,  7.47250318, -1.42525696,\n         5.04292288],\n       [ 1.99235252,  2.58190457,  4.29147909,  7.4725043 , -1.4252577 ,\n         5.04292333],\n       [ 1.99235253,  2.58190495,  4.29147848,  7.47250415, -1.42525668,\n         5.04292254],\n       [ 1.99235242,  2.5819051 ,  4.29147831,  7.47250313, -1.42525757,\n         5.04292268],\n       [ 1.99235269,  2.58190459,  4.29147898,  7.47250348, -1.42525727,\n         5.04292253],\n       [ 1.99235132,  2.58190369,  4.29147805,  7.47250231, -1.42525623,\n         5.04292163],\n       [ 1.99235253,  2.58190447,  4.29147863,  7.47250307, -1.42525715,\n         5.04292301]]), array([0.29496976, 0.29496976, 0.29496976, 0.29496976, 0.29496976,\n       0.29496976, 0.29496976]))", "callback": [0.45222128320914734, 0.45195942275458245, 0.43069784789934884, 0.4220765722284938, 0.41711965737336465, 0.4122382423426785, 0.4092176461029323, 0.3975356302351951, 0.37845824682094076, 0.3598251260568035, 0.35806346593121474, 0.35692770470437474, 0.35511531064143287, 0.3536808028597115, 0.3424271952793605, 0.3302353178549261, 0.3287032807498981, 0.32769168963705864, 0.32625228077899393, 0.3259044954969599, 0.32559552937382563, 0.32477316669194667, 0.32425321263141704, 0.32348899678672083, 0.3197855976057987, 0.31224080432058965, 0.3035519139514298, 0.29879006818821285, 0.29592190925851447, 0.2951606360904847, 0.29499742403993, 0.29498006898585116, 0.29497323977129175, 0.29497019338741204, 0.2949698473482921, 0.2949697774031741, 0.29496976870211655, 0.2949697618548607, 0.29496976163756183, 0.2949697614566067, 0.2949697613753045, 0.294969761350233, 0.29496976134260255, 0.29496976133884467, 0.2949697613376212, 0.2949697613372064, 0.2949697613369219, 0.2949697613367467, 0.29496976133642716]}, "6": {"maxiter": 500, "fatol": 1e-10, "xatol": 1e-05, "duration": 0.15206599235534668, "fun": "0.29496976134260255", "nit": "431", "nfev": "684", "status": "0", "success": "True", "message": "Optimization terminated successfully.", "x": "[ 1.99235081  2.581899    4.29147847  7.47249943 -1.42525627  5.04292298]", "final_simplex": "(array([[ 1.99235081,  2.581899  ,  4.29147847,  7.47249943, -1.42525627,\n         5.04292298],\n       [ 1.9923559 ,  2.58190438,  4.29148358,  7.47250031, -1.425257  ,\n         5.04291883],\n       [ 1.99234782,  2.58190052,  4.29147731,  7.47249567, -1.42524956,\n         5.04292005],\n       [ 1.99235609,  2.58190642,  4.29147913,  7.4724969 , -1.42525832,\n         5.04292615],\n       [ 1.99234845,  2.58190129,  4.29147734,  7.4724918 , -1.42525375,\n         5.04291725],\n       [ 1.99235526,  2.58190681,  4.29148061,  7.47249857, -1.42526391,\n         5.04292096],\n       [ 1.99235543,  2.58190346,  4.29148448,  7.47249748, -1.4252603 ,\n         5.0429275 ]]), array([0.29496976, 0.29496976, 0.29496976, 0.29496976, 0.29496976,\n       0.29496976, 0.29496976]))", "callback": [0.45222128320914734, 0.45195942275458245, 0.43069784789934884, 0.4220765722284938, 0.41711965737336465, 0.4122382423426785, 0.4092176461029323, 0.3975356302351951, 0.37845824682094076, 0.3598251260568035, 0.35806346593121474, 0.35692770470437474, 0.35511531064143287, 0.3536808028597115, 0.3424271952793605, 0.3302353178549261, 0.3287032807498981, 0.32769168963705864, 0.32625228077899393, 0.3259044954969599, 0.32559552937382563, 0.32477316669194667, 0.32425321263141704, 0.32348899678672083, 0.3197855976057987, 0.31224080432058965, 0.3035519139514298, 0.29879006818821285, 0.29592190925851447, 0.2951606360904847, 0.29499742403993, 0.29498006898585116, 0.29497323977129175, 0.29497019338741204, 0.2949698473482921, 0.2949697774031741, 0.29496976870211655, 0.2949697618548607, 0.29496976163756183, 0.2949697614566067, 0.2949697613753045, 0.294969761350233, 0.29496976134260255]}, "7": {"maxiter": 500, "fatol": 1e-10, "xatol": 1e-10, "duration": 0.19085693359375, "fun": "0.2949697613359571", "nit": "500", "nfev": "793", "status": "2", "success": "False", "message": "Maximum number of iterations has been exceeded.", "x": "[ 1.99235227  2.58190518  4.29147904  7.47250318 -1.42525696  5.04292288]", "final_simplex": "(array([[ 1.99235227,  2.58190518,  4.29147904,  7.47250318, -1.42525696,\n         5.04292288],\n       [ 1.99235252,  2.58190457,  4.29147909,  7.4725043 , -1.4252577 ,\n         5.04292333],\n       [ 1.99235253,  2.58190495,  4.29147848,  7.47250415, -1.42525668,\n         5.04292254],\n       [ 1.99235242,  2.5819051 ,  4.29147831,  7.47250313, -1.42525757,\n         5.04292268],\n       [ 1.99235269,  2.58190459,  4.29147898,  7.47250348, -1.42525727,\n         5.04292253],\n       [ 1.99235132,  2.58190369,  4.29147805,  7.47250231, -1.42525623,\n         5.04292163],\n       [ 1.99235253,  2.58190447,  4.29147863,  7.47250307, -1.42525715,\n         5.04292301]]), array([0.29496976, 0.29496976, 0.29496976, 0.29496976, 0.29496976,\n       0.29496976, 0.29496976]))", "callback": [0.45222128320914734, 0.45195942275458245, 0.43069784789934884, 0.4220765722284938, 0.41711965737336465, 0.4122382423426785, 0.4092176461029323, 0.3975356302351951, 0.37845824682094076, 0.3598251260568035, 0.35806346593121474, 0.35692770470437474, 0.35511531064143287, 0.3536808028597115, 0.3424271952793605, 0.3302353178549261, 0.3287032807498981, 0.32769168963705864, 0.32625228077899393, 0.3259044954969599, 0.32559552937382563, 0.32477316669194667, 0.32425321263141704, 0.32348899678672083, 0.3197855976057987, 0.31224080432058965, 0.3035519139514298, 0.29879006818821285, 0.29592190925851447, 0.2951606360904847, 0.29499742403993, 0.29498006898585116, 0.29497323977129175, 0.29497019338741204, 0.2949698473482921, 0.2949697774031741, 0.29496976870211655, 0.2949697618548607, 0.29496976163756183, 0.2949697614566067, 0.2949697613753045, 0.294969761350233, 0.29496976134260255, 0.29496976133884467, 0.2949697613376212, 0.2949697613372064, 0.2949697613369219, 0.2949697613367467, 0.29496976133642716]}, "8": {"maxiter": 1000, "fatol": 1e-05, "xatol": 1e-05, "duration": 0.15299010276794434, "fun": "0.29496976134260255", "nit": "431", "nfev": "684", "status": "0", "success": "True", "message": "Optimization terminated successfully.", "x": "[ 1.99235081  2.581899    4.29147847  7.47249943 -1.42525627  5.04292298]", "final_simplex": "(array([[ 1.99235081,  2.581899  ,  4.29147847,  7.47249943, -1.42525627,\n         5.04292298],\n       [ 1.9923559 ,  2.58190438,  4.29148358,  7.47250031, -1.425257  ,\n         5.04291883],\n       [ 1.99234782,  2.58190052,  4.29147731,  7.47249567, -1.42524956,\n         5.04292005],\n       [ 1.99235609,  2.58190642,  4.29147913,  7.4724969 , -1.42525832,\n         5.04292615],\n       [ 1.99234845,  2.58190129,  4.29147734,  7.4724918 , -1.42525375,\n         5.04291725],\n       [ 1.99235526,  2.58190681,  4.29148061,  7.47249857, -1.42526391,\n         5.04292096],\n       [ 1.99235543,  2.58190346,  4.29148448,  7.47249748, -1.4252603 ,\n         5.0429275 ]]), array([0.29496976, 0.29496976, 0.29496976, 0.29496976, 0.29496976,\n       0.29496976, 0.29496976]))", "callback": [0.45222128320914734, 0.45195942275458245, 0.43069784789934884, 0.4220765722284938, 0.41711965737336465, 0.4122382423426785, 0.4092176461029323, 0.3975356302351951, 0.37845824682094076, 0.3598251260568035, 0.35806346593121474, 0.35692770470437474, 0.35511531064143287, 0.3536808028597115, 0.3424271952793605, 0.3302353178549261, 0.3287032807498981, 0.32769168963705864, 0.32625228077899393, 0.3259044954969599, 0.32559552937382563, 0.32477316669194667, 0.32425321263141704, 0.32348899678672083, 0.3197855976057987, 0.31224080432058965, 0.3035519139514298, 0.29879006818821285, 0.29592190925851447, 0.2951606360904847, 0.29499742403993, 0.29498006898585116, 0.29497323977129175, 0.29497019338741204, 0.2949698473482921, 0.2949697774031741, 0.29496976870211655, 0.2949697618548607, 0.29496976163756183, 0.2949697614566067, 0.2949697613753045, 0.294969761350233, 0.29496976134260255]}, "9": {"maxiter": 1000, "fatol": 1e-05, "xatol": 1e-10, "duration": 0.2660818099975586, "fun": "0.2949697613352047", "nit": "584", "nfev": "985", "status": "0", "success": "True", "message": "Optimization terminated successfully.", "x": "[ 1.99234953  2.58190624  4.29147908  7.47250297 -1.42525677  5.04292221]", "final_simplex": "(array([[ 1.99234953,  2.58190624,  4.29147908,  7.47250297, -1.42525677,\n         5.04292221],\n       [ 1.99234953,  2.58190624,  4.29147908,  7.47250297, -1.42525677,\n         5.04292221],\n       [ 1.99234953,  2.58190624,  4.29147908,  7.47250297, -1.42525677,\n         5.04292221],\n       [ 1.99234953,  2.58190624,  4.29147908,  7.47250297, -1.42525677,\n         5.04292221],\n       [ 1.99234953,  2.58190624,  4.29147908,  7.47250297, -1.42525677,\n         5.04292221],\n       [ 1.99234953,  2.58190624,  4.29147908,  7.47250297, -1.42525677,\n         5.04292221],\n       [ 1.99234953,  2.58190624,  4.29147908,  7.47250297, -1.42525677,\n         5.04292221]]), array([0.29496976, 0.29496976, 0.29496976, 0.29496976, 0.29496976,\n       0.29496976, 0.29496976]))", "callback": [0.45222128320914734, 0.45195942275458245, 0.43069784789934884, 0.4220765722284938, 0.41711965737336465, 0.4122382423426785, 0.4092176461029323, 0.3975356302351951, 0.37845824682094076, 0.3598251260568035, 0.35806346593121474, 0.35692770470437474, 0.35511531064143287, 0.3536808028597115, 0.3424271952793605, 0.3302353178549261, 0.3287032807498981, 0.32769168963705864, 0.32625228077899393, 0.3259044954969599, 0.32559552937382563, 0.32477316669194667, 0.32425321263141704, 0.32348899678672083, 0.3197855976057987, 0.31224080432058965, 0.3035519139514298, 0.29879006818821285, 0.29592190925851447, 0.2951606360904847, 0.29499742403993, 0.29498006898585116, 0.29497323977129175, 0.29497019338741204, 0.2949698473482921, 0.2949697774031741, 0.29496976870211655, 0.2949697618548607, 0.29496976163756183, 0.2949697614566067, 0.2949697613753045, 0.294969761350233, 0.29496976134260255, 0.29496976133884467, 0.2949697613376212, 0.2949697613372064, 0.2949697613369219, 0.2949697613367467, 0.29496976133642716, 0.2949697613357146, 0.2949697613353419, 0.29496976133528197, 0.29496976133521535, 0.294969761335207, 0.29496976133520536, 0.294969761335205, 0.2949697613352047, 0.2949697613352047]}, "10": {"maxiter": 1000, "fatol": 1e-10, "xatol": 1e-05, "duration": 0.17782306671142578, "fun": "0.29496976134260255", "nit": "431", "nfev": "684", "status": "0", "success": "True", "message": "Optimization terminated successfully.", "x": "[ 1.99235081  2.581899    4.29147847  7.47249943 -1.42525627  5.04292298]", "final_simplex": "(array([[ 1.99235081,  2.581899  ,  4.29147847,  7.47249943, -1.42525627,\n         5.04292298],\n       [ 1.9923559 ,  2.58190438,  4.29148358,  7.47250031, -1.425257  ,\n         5.04291883],\n       [ 1.99234782,  2.58190052,  4.29147731,  7.47249567, -1.42524956,\n         5.04292005],\n       [ 1.99235609,  2.58190642,  4.29147913,  7.4724969 , -1.42525832,\n         5.04292615],\n       [ 1.99234845,  2.58190129,  4.29147734,  7.4724918 , -1.42525375,\n         5.04291725],\n       [ 1.99235526,  2.58190681,  4.29148061,  7.47249857, -1.42526391,\n         5.04292096],\n       [ 1.99235543,  2.58190346,  4.29148448,  7.47249748, -1.4252603 ,\n         5.0429275 ]]), array([0.29496976, 0.29496976, 0.29496976, 0.29496976, 0.29496976,\n       0.29496976, 0.29496976]))", "callback": [0.45222128320914734, 0.45195942275458245, 0.43069784789934884, 0.4220765722284938, 0.41711965737336465, 0.4122382423426785, 0.4092176461029323, 0.3975356302351951, 0.37845824682094076, 0.3598251260568035, 0.35806346593121474, 0.35692770470437474, 0.35511531064143287, 0.3536808028597115, 0.3424271952793605, 0.3302353178549261, 0.3287032807498981, 0.32769168963705864, 0.32625228077899393, 0.3259044954969599, 0.32559552937382563, 0.32477316669194667, 0.32425321263141704, 0.32348899678672083, 0.3197855976057987, 0.31224080432058965, 0.3035519139514298, 0.29879006818821285, 0.29592190925851447, 0.2951606360904847, 0.29499742403993, 0.29498006898585116, 0.29497323977129175, 0.29497019338741204, 0.2949698473482921, 0.2949697774031741, 0.29496976870211655, 0.2949697618548607, 0.29496976163756183, 0.2949697614566067, 0.2949697613753045, 0.294969761350233, 0.29496976134260255]}, "11": {"maxiter": 1000, "fatol": 1e-10, "xatol": 1e-10, "duration": 0.23113298416137695, "fun": "0.2949697613352047", "nit": "584", "nfev": "985", "status": "0", "success": "True", "message": "Optimization terminated successfully.", "x": "[ 1.99234953  2.58190624  4.29147908  7.47250297 -1.42525677  5.04292221]", "final_simplex": "(array([[ 1.99234953,  2.58190624,  4.29147908,  7.47250297, -1.42525677,\n         5.04292221],\n       [ 1.99234953,  2.58190624,  4.29147908,  7.47250297, -1.42525677,\n         5.04292221],\n       [ 1.99234953,  2.58190624,  4.29147908,  7.47250297, -1.42525677,\n         5.04292221],\n       [ 1.99234953,  2.58190624,  4.29147908,  7.47250297, -1.42525677,\n         5.04292221],\n       [ 1.99234953,  2.58190624,  4.29147908,  7.47250297, -1.42525677,\n         5.04292221],\n       [ 1.99234953,  2.58190624,  4.29147908,  7.47250297, -1.42525677,\n         5.04292221],\n       [ 1.99234953,  2.58190624,  4.29147908,  7.47250297, -1.42525677,\n         5.04292221]]), array([0.29496976, 0.29496976, 0.29496976, 0.29496976, 0.29496976,\n       0.29496976, 0.29496976]))", "callback": [0.45222128320914734, 0.45195942275458245, 0.43069784789934884, 0.4220765722284938, 0.41711965737336465, 0.4122382423426785, 0.4092176461029323, 0.3975356302351951, 0.37845824682094076, 0.3598251260568035, 0.35806346593121474, 0.35692770470437474, 0.35511531064143287, 0.3536808028597115, 0.3424271952793605, 0.3302353178549261, 0.3287032807498981, 0.32769168963705864, 0.32625228077899393, 0.3259044954969599, 0.32559552937382563, 0.32477316669194667, 0.32425321263141704, 0.32348899678672083, 0.3197855976057987, 0.31224080432058965, 0.3035519139514298, 0.29879006818821285, 0.29592190925851447, 0.2951606360904847, 0.29499742403993, 0.29498006898585116, 0.29497323977129175, 0.29497019338741204, 0.2949698473482921, 0.2949697774031741, 0.29496976870211655, 0.2949697618548607, 0.29496976163756183, 0.2949697614566067, 0.2949697613753045, 0.294969761350233, 0.29496976134260255, 0.29496976133884467, 0.2949697613376212, 0.2949697613372064, 0.2949697613369219, 0.2949697613367467, 0.29496976133642716, 0.2949697613357146, 0.2949697613353419, 0.29496976133528197, 0.29496976133521535, 0.294969761335207, 0.29496976133520536, 0.294969761335205, 0.2949697613352047, 0.2949697613352047]}}, "bfgs": {"type": "gradient", "0": {"maxiter": 100, "gtol": 1e-05, "xrtol": 1e-05, "eps": 1e-05, "duration": 0.047821998596191406, "fun": "0.29496976202613845", "jac": "[-8.07452993e-06 -3.87410104e-06 -6.56527055e-06 -4.95697927e-06\n -7.56480434e-06  1.31172850e-07]", "hess_inv": "[[ 5.0605744  -1.36416996 -0.37100095  1.97786273 -2.1840733   1.30678487]\n [-1.36416996  4.99988478  1.3249246  -1.28514492 -0.38746861  0.2280721 ]\n [-0.37100095  1.3249246   3.51266229 -0.22104661 -1.37515216  0.67161344]\n [ 1.97786273 -1.28514492 -0.22104661  6.68334545 -2.14992184  1.45913245]\n [-2.1840733  -0.38746861 -1.37515216 -2.14992184  4.77431533 -2.59207779]\n [ 1.30678487  0.2280721   0.67161344  1.45913245 -2.59207779  5.85485074]]", "nfev": "203", "njev": "29", "status": "0", "success": "True", "message": "Optimization terminated successfully.", "x": "[ 1.99228278  2.58188706  4.29143774  7.47244052 -1.42525325  5.04290847]", "nit": "25", "callback": [0.3521175059252588, 0.29497277070275485]}, "1": {"maxiter": 100, "gtol": 1e-05, "xrtol": 1e-05, "eps": 1e-10, "duration": 0.047695159912109375, "fun": "0.2949697618287981", "jac": "[-6.66133760e-06 -4.44089173e-06 -5.55111466e-06 -5.55111466e-06\n -8.88178346e-06  1.11022293e-06]", "hess_inv": "[[ 5.06909709 -1.35488173 -0.37201721  1.98203635 -2.19253713  1.27616881]\n [-1.35488173  4.99777694  1.32981024 -1.28475336 -0.38442365  0.22683191]\n [-0.37201721  1.32981024  3.50872252 -0.22376005 -1.37537615  0.67224415]\n [ 1.98203635 -1.28475336 -0.22376005  6.70981676 -2.14124759  1.48863024]\n [-2.19253713 -0.38442365 -1.37537615 -2.14124759  4.76168787 -2.57100457]\n [ 1.27616881  0.22683191  0.67224415  1.48863024 -2.57100457  5.87703939]]", "nfev": "203", "njev": "29", "status": "0", "success": "True", "message": "Optimization terminated successfully.", "x": "[ 1.9922926   2.58189298  4.29144863  7.47245043 -1.42525885  5.04291957]", "nit": "25", "callback": [0.3521169190546568, 0.29497274553845376]}, "2": {"maxiter": 100, "gtol": 1e-05, "xrtol": 1e-10, "eps": 1e-05, "duration": 0.048989057540893555, "fun": "0.29496976202613845", "jac": "[-8.07452993e-06 -3.87410104e-06 -6.56527055e-06 -4.95697927e-06\n -7.56480434e-06  1.31172850e-07]", "hess_inv": "[[ 5.0605744  -1.36416996 -0.37100095  1.97786273 -2.1840733   1.30678487]\n [-1.36416996  4.99988478  1.3249246  -1.28514492 -0.38746861  0.2280721 ]\n [-0.37100095  1.3249246   3.51266229 -0.22104661 -1.37515216  0.67161344]\n [ 1.97786273 -1.28514492 -0.22104661  6.68334545 -2.14992184  1.45913245]\n [-2.1840733  -0.38746861 -1.37515216 -2.14992184  4.77431533 -2.59207779]\n [ 1.30678487  0.2280721   0.67161344  1.45913245 -2.59207779  5.85485074]]", "nfev": "203", "njev": "29", "status": "0", "success": "True", "message": "Optimization terminated successfully.", "x": "[ 1.99228278  2.58188706  4.29143774  7.47244052 -1.42525325  5.04290847]", "nit": "25", "callback": [0.3521175059252588, 0.29497277070275485]}, "3": {"maxiter": 100, "gtol": 1e-05, "xrtol": 1e-10, "eps": 1e-10, "duration": 0.0473480224609375, "fun": "0.2949697618287981", "jac": "[-6.66133760e-06 -4.44089173e-06 -5.55111466e-06 -5.55111466e-06\n -8.88178346e-06  1.11022293e-06]", "hess_inv": "[[ 5.06909709 -1.35488173 -0.37201721  1.98203635 -2.19253713  1.27616881]\n [-1.35488173  4.99777694  1.32981024 -1.28475336 -0.38442365  0.22683191]\n [-0.37201721  1.32981024  3.50872252 -0.22376005 -1.37537615  0.67224415]\n [ 1.98203635 -1.28475336 -0.22376005  6.70981676 -2.14124759  1.48863024]\n [-2.19253713 -0.38442365 -1.37537615 -2.14124759  4.76168787 -2.57100457]\n [ 1.27616881  0.22683191  0.67224415  1.48863024 -2.57100457  5.87703939]]", "nfev": "203", "njev": "29", "status": "0", "success": "True", "message": "Optimization terminated successfully.", "x": "[ 1.9922926   2.58189298  4.29144863  7.47245043 -1.42525885  5.04291957]", "nit": "25", "callback": [0.3521169190546568, 0.29497274553845376]}, "4": {"maxiter": 100, "gtol": 1e-10, "xrtol": 1e-05, "eps": 1e-05, "duration": 0.04900002479553223, "fun": "0.2949697614621025", "jac": "[-3.88049592e-06  8.71858141e-08 -3.05988568e-06  7.45803419e-07\n -2.58620902e-06  1.09390275e-07]", "hess_inv": "[[ 5.34494716 -1.02818416 -0.10191164  3.2992127  -2.26886375  1.56793098]\n [-1.02818416  5.12476733  1.5116994  -0.84253805 -0.42384675  0.2865802 ]\n [-0.10191164  1.5116994   3.70406908  0.49010203 -1.42463107  0.79819889]\n [ 3.2992127  -0.84253805  0.49010203  8.22451599 -2.28160926  1.64463715]\n [-2.26886375 -0.42384675 -1.42463107 -2.28160926  4.78463602 -2.61131143]\n [ 1.56793098  0.2865802   0.79819889  1.64463715 -2.61131143  5.86489359]]", "nfev": "210", "njev": "30", "status": "0", "success": "True", "message": "Optimization terminated successfully.", "x": "[ 1.99232027  2.58190112  4.29145864  7.4724904  -1.42525734  5.04291511]", "nit": "26", "callback": [0.3521175059252588, 0.29497277070275485]}, "5": {"maxiter": 100, "gtol": 1e-10, "xrtol": 1e-05, "eps": 1e-10, "duration": 0.048947811126708984, "fun": "0.2949697614475931", "jac": "[-3.33066880e-06  1.11022293e-06 -3.33066880e-06  2.22044587e-06\n  1.11022293e-06  1.11022293e-06]", "hess_inv": "[[ 5.20891331 -1.15669982 -0.22929027  2.73857848 -2.15109606  1.39510067]\n [-1.15669982  5.15571046  1.45986378 -0.82198065 -0.28062147  0.18820869]\n [-0.22929027  1.45986378  3.61196897  0.19037986 -1.30659704  0.67191324]\n [ 2.73857848 -0.82198065  0.19037986  7.78183603 -1.69364748  1.1050979 ]\n [-2.15109606 -0.28062147 -1.30659704 -1.69364748  4.7574594  -2.45983054]\n [ 1.39510067  0.18820869  0.67191324  1.1050979  -2.45983054  5.62909725]]", "nfev": "210", "njev": "30", "status": "0", "success": "True", "message": "Optimization terminated successfully.", "x": "[ 1.99231543  2.58190902  4.29146234  7.47249301 -1.42524609  5.04291147]", "nit": "26", "callback": [0.3521169190546568, 0.29497274553845376]}, "6": {"maxiter": 100, "gtol": 1e-10, "xrtol": 1e-10, "eps": 1e-05, "duration": 0.09984397888183594, "fun": "0.29496976135512054", "jac": "[-1.62980740e-08  6.96442903e-08 -3.31512595e-08  9.06275055e-08\n -4.00790512e-09 -9.43689571e-09]", "hess_inv": "[[ 6.65399541 -1.18383527  0.68862428  3.33792071 -2.04307346  1.53863854]\n [-1.18383527  5.12249271  1.40587789 -0.93622148 -0.44585252  0.27115743]\n [ 0.68862428  1.40587789  4.18314285  0.48396746 -1.28106772  0.77642649]\n [ 3.33792071 -0.93622148  0.48396746  7.89692155 -2.24315853  1.5792562 ]\n [-2.04307346 -0.44585252 -1.28106772 -2.24315853  4.82466332 -2.60864133]\n [ 1.53863854  0.27115743  0.77642649  1.5792562  -2.60864133  5.85333195]]", "nfev": "432", "njev": "60", "status": "2", "success": "False", "message": "Desired error not necessarily achieved due to precision loss.", "x": "[ 1.99234131  2.58190054  4.29147061  7.47249473 -1.42525507  5.04291502]", "nit": "28", "callback": [0.3521175059252588, 0.29497277070275485]}, "7": {"maxiter": 100, "gtol": 1e-10, "xrtol": 1e-10, "eps": 1e-10, "duration": 0.0657501220703125, "fun": "0.29496976133882535", "jac": "[ 0.00000000e+00  1.11022293e-06  1.11022293e-06 -1.11022293e-06\n  0.00000000e+00  0.00000000e+00]", "hess_inv": "[[42.72748284  2.2254504  13.71664573  5.84915466 -1.6204294  38.50537091]\n [ 2.2254504   5.00112362  2.82108502 -0.36909048 -1.37878827  4.08364794]\n [13.71664573  2.82108502  8.55442135  1.85875366 -0.83214573 13.92818362]\n [ 5.84915466 -0.36909048  1.85875366  6.89048448 -1.29217604  2.69713143]\n [-1.6204294  -1.37878827 -0.83214573 -1.29217604  1.88823818  0.26762379]\n [38.50537091  4.08364794 13.92818362  2.69713143  0.26762379 40.57720287]]", "nfev": "287", "njev": "41", "status": "0", "success": "True", "message": "Optimization terminated successfully.", "x": "[ 1.99234847  2.58190788  4.29147987  7.47249837 -1.42525925  5.04292573]", "nit": "30", "callback": [0.3521169190546568, 0.29497274553845376, 0.29496976133882535]}, "8": {"maxiter": 500, "gtol": 1e-05, "xrtol": 1e-05, "eps": 1e-05, "duration": 0.04679298400878906, "fun": "0.29496976202613845", "jac": "[-8.07452993e-06 -3.87410104e-06 -6.56527055e-06 -4.95697927e-06\n -7.56480434e-06  1.31172850e-07]", "hess_inv": "[[ 5.0605744  -1.36416996 -0.37100095  1.97786273 -2.1840733   1.30678487]\n [-1.36416996  4.99988478  1.3249246  -1.28514492 -0.38746861  0.2280721 ]\n [-0.37100095  1.3249246   3.51266229 -0.22104661 -1.37515216  0.67161344]\n [ 1.97786273 -1.28514492 -0.22104661  6.68334545 -2.14992184  1.45913245]\n [-2.1840733  -0.38746861 -1.37515216 -2.14992184  4.77431533 -2.59207779]\n [ 1.30678487  0.2280721   0.67161344  1.45913245 -2.59207779  5.85485074]]", "nfev": "203", "njev": "29", "status": "0", "success": "True", "message": "Optimization terminated successfully.", "x": "[ 1.99228278  2.58188706  4.29143774  7.47244052 -1.42525325  5.04290847]", "nit": "25", "callback": [0.3521175059252588, 0.29497277070275485]}, "9": {"maxiter": 500, "gtol": 1e-05, "xrtol": 1e-05, "eps": 1e-10, "duration": 0.0463109016418457, "fun": "0.2949697618287981", "jac": "[-6.66133760e-06 -4.44089173e-06 -5.55111466e-06 -5.55111466e-06\n -8.88178346e-06  1.11022293e-06]", "hess_inv": "[[ 5.06909709 -1.35488173 -0.37201721  1.98203635 -2.19253713  1.27616881]\n [-1.35488173  4.99777694  1.32981024 -1.28475336 -0.38442365  0.22683191]\n [-0.37201721  1.32981024  3.50872252 -0.22376005 -1.37537615  0.67224415]\n [ 1.98203635 -1.28475336 -0.22376005  6.70981676 -2.14124759  1.48863024]\n [-2.19253713 -0.38442365 -1.37537615 -2.14124759  4.76168787 -2.57100457]\n [ 1.27616881  0.22683191  0.67224415  1.48863024 -2.57100457  5.87703939]]", "nfev": "203", "njev": "29", "status": "0", "success": "True", "message": "Optimization terminated successfully.", "x": "[ 1.9922926   2.58189298  4.29144863  7.47245043 -1.42525885  5.04291957]", "nit": "25", "callback": [0.3521169190546568, 0.29497274553845376]}, "10": {"maxiter": 500, "gtol": 1e-05, "xrtol": 1e-10, "eps": 1e-05, "duration": 0.04662895202636719, "fun": "0.29496976202613845", "jac": "[-8.07452993e-06 -3.87410104e-06 -6.56527055e-06 -4.95697927e-06\n -7.56480434e-06  1.31172850e-07]", "hess_inv": "[[ 5.0605744  -1.36416996 -0.37100095  1.97786273 -2.1840733   1.30678487]\n [-1.36416996  4.99988478  1.3249246  -1.28514492 -0.38746861  0.2280721 ]\n [-0.37100095  1.3249246   3.51266229 -0.22104661 -1.37515216  0.67161344]\n [ 1.97786273 -1.28514492 -0.22104661  6.68334545 -2.14992184  1.45913245]\n [-2.1840733  -0.38746861 -1.37515216 -2.14992184  4.77431533 -2.59207779]\n [ 1.30678487  0.2280721   0.67161344  1.45913245 -2.59207779  5.85485074]]", "nfev": "203", "njev": "29", "status": "0", "success": "True", "message": "Optimization terminated successfully.", "x": "[ 1.99228278  2.58188706  4.29143774  7.47244052 -1.42525325  5.04290847]", "nit": "25", "callback": [0.3521175059252588, 0.29497277070275485]}, "11": {"maxiter": 500, "gtol": 1e-05, "xrtol": 1e-10, "eps": 1e-10, "duration": 0.04680228233337402, "fun": "0.2949697618287981", "jac": "[-6.66133760e-06 -4.44089173e-06 -5.55111466e-06 -5.55111466e-06\n -8.88178346e-06  1.11022293e-06]", "hess_inv": "[[ 5.06909709 -1.35488173 -0.37201721  1.98203635 -2.19253713  1.27616881]\n [-1.35488173  4.99777694  1.32981024 -1.28475336 -0.38442365  0.22683191]\n [-0.37201721  1.32981024  3.50872252 -0.22376005 -1.37537615  0.67224415]\n [ 1.98203635 -1.28475336 -0.22376005  6.70981676 -2.14124759  1.48863024]\n [-2.19253713 -0.38442365 -1.37537615 -2.14124759  4.76168787 -2.57100457]\n [ 1.27616881  0.22683191  0.67224415  1.48863024 -2.57100457  5.87703939]]", "nfev": "203", "njev": "29", "status": "0", "success": "True", "message": "Optimization terminated successfully.", "x": "[ 1.9922926   2.58189298  4.29144863  7.47245043 -1.42525885  5.04291957]", "nit": "25", "callback": [0.3521169190546568, 0.29497274553845376]}, "12": {"maxiter": 500, "gtol": 1e-10, "xrtol": 1e-05, "eps": 1e-05, "duration": 0.0482332706451416, "fun": "0.2949697614621025", "jac": "[-3.88049592e-06  8.71858141e-08 -3.05988568e-06  7.45803419e-07\n -2.58620902e-06  1.09390275e-07]", "hess_inv": "[[ 5.34494716 -1.02818416 -0.10191164  3.2992127  -2.26886375  1.56793098]\n [-1.02818416  5.12476733  1.5116994  -0.84253805 -0.42384675  0.2865802 ]\n [-0.10191164  1.5116994   3.70406908  0.49010203 -1.42463107  0.79819889]\n [ 3.2992127  -0.84253805  0.49010203  8.22451599 -2.28160926  1.64463715]\n [-2.26886375 -0.42384675 -1.42463107 -2.28160926  4.78463602 -2.61131143]\n [ 1.56793098  0.2865802   0.79819889  1.64463715 -2.61131143  5.86489359]]", "nfev": "210", "njev": "30", "status": "0", "success": "True", "message": "Optimization terminated successfully.", "x": "[ 1.99232027  2.58190112  4.29145864  7.4724904  -1.42525734  5.04291511]", "nit": "26", "callback": [0.3521175059252588, 0.29497277070275485]}, "13": {"maxiter": 500, "gtol": 1e-10, "xrtol": 1e-05, "eps": 1e-10, "duration": 0.04822111129760742, "fun": "0.2949697614475931", "jac": "[-3.33066880e-06  1.11022293e-06 -3.33066880e-06  2.22044587e-06\n  1.11022293e-06  1.11022293e-06]", "hess_inv": "[[ 5.20891331 -1.15669982 -0.22929027  2.73857848 -2.15109606  1.39510067]\n [-1.15669982  5.15571046  1.45986378 -0.82198065 -0.28062147  0.18820869]\n [-0.22929027  1.45986378  3.61196897  0.19037986 -1.30659704  0.67191324]\n [ 2.73857848 -0.82198065  0.19037986  7.78183603 -1.69364748  1.1050979 ]\n [-2.15109606 -0.28062147 -1.30659704 -1.69364748  4.7574594  -2.45983054]\n [ 1.39510067  0.18820869  0.67191324  1.1050979  -2.45983054  5.62909725]]", "nfev": "210", "njev": "30", "status": "0", "success": "True", "message": "Optimization terminated successfully.", "x": "[ 1.99231543  2.58190902  4.29146234  7.47249301 -1.42524609  5.04291147]", "nit": "26", "callback": [0.3521169190546568, 0.29497274553845376]}, "14": {"maxiter": 500, "gtol": 1e-10, "xrtol": 1e-10, "eps": 1e-05, "duration": 0.0974431037902832, "fun": "0.29496976135512054", "jac": "[-1.62980740e-08  6.96442903e-08 -3.31512595e-08  9.06275055e-08\n -4.00790512e-09 -9.43689571e-09]", "hess_inv": "[[ 6.65399541 -1.18383527  0.68862428  3.33792071 -2.04307346  1.53863854]\n [-1.18383527  5.12249271  1.40587789 -0.93622148 -0.44585252  0.27115743]\n [ 0.68862428  1.40587789  4.18314285  0.48396746 -1.28106772  0.77642649]\n [ 3.33792071 -0.93622148  0.48396746  7.89692155 -2.24315853  1.5792562 ]\n [-2.04307346 -0.44585252 -1.28106772 -2.24315853  4.82466332 -2.60864133]\n [ 1.53863854  0.27115743  0.77642649  1.5792562  -2.60864133  5.85333195]]", "nfev": "432", "njev": "60", "status": "2", "success": "False", "message": "Desired error not necessarily achieved due to precision loss.", "x": "[ 1.99234131  2.58190054  4.29147061  7.47249473 -1.42525507  5.04291502]", "nit": "28", "callback": [0.3521175059252588, 0.29497277070275485]}, "15": {"maxiter": 500, "gtol": 1e-10, "xrtol": 1e-10, "eps": 1e-10, "duration": 0.0657198429107666, "fun": "0.29496976133882535", "jac": "[ 0.00000000e+00  1.11022293e-06  1.11022293e-06 -1.11022293e-06\n  0.00000000e+00  0.00000000e+00]", "hess_inv": "[[42.72748284  2.2254504  13.71664573  5.84915466 -1.6204294  38.50537091]\n [ 2.2254504   5.00112362  2.82108502 -0.36909048 -1.37878827  4.08364794]\n [13.71664573  2.82108502  8.55442135  1.85875366 -0.83214573 13.92818362]\n [ 5.84915466 -0.36909048  1.85875366  6.89048448 -1.29217604  2.69713143]\n [-1.6204294  -1.37878827 -0.83214573 -1.29217604  1.88823818  0.26762379]\n [38.50537091  4.08364794 13.92818362  2.69713143  0.26762379 40.57720287]]", "nfev": "287", "njev": "41", "status": "0", "success": "True", "message": "Optimization terminated successfully.", "x": "[ 1.99234847  2.58190788  4.29147987  7.47249837 -1.42525925  5.04292573]", "nit": "30", "callback": [0.3521169190546568, 0.29497274553845