{"date": "2024/09/23/, 21:11:02", "conf_id": 85, "data_type": "orthogonal\n", "num_data_points": 1, "s_rank": 0, "unitary": "[[-0.45070455-0.02711853j,0.78437395-0.06613086j,0.06358678+0.19963393j,-0.07343613+0.35668523j],[-0.01890143-0.03813363j,0.32408202+0.25557629j,0.05872864-0.68979805j,0.55466693-0.20227297j],[-0.11215405+0.64023111j,-0.13344055+0.29565494j,-0.49012687-0.19046288j,-0.04241254+0.44046348j],[0.55771659+0.24656916j,0.31851997-0.05798805j,0.28761525-0.34294258j,-0.56718418+0.03616933j]]", "databatch_0": {"databatch": "[[[-0.04877514+0.070215j,-0.23098167+0.00909327j,-0.06610958-0.15492968j,0.2346338+0.10981728j],[-0.00933864-0.02617744j,0.07127396-0.12233079j,0.07149304-0.00844688j,-0.05656092+0.09705785j],[-0.04269559+0.1843607j,-0.37907853+0.47628904j,-0.25631062-0.14961364j,0.35495631-0.08337615j],[0.07837378-0.09706802j,0.24472816-0.14405786j,0.05982936+0.16177923j,-0.177969-0.14187004j]]]", "initial param values": "[2.53767353,0.74355993,5.06141639,4.81908669,3.52236705,0.16824722]", "nelder_mead": {"type": "gradient-free", "0": {"maxiter": 100, "fatol": 1e-05, "xatol": 1e-05, "duration": 0.03609585762023926, "fun": "0.0824815168792219", "nit": "100", "nfev": "151", "status": "2", "success": "False", "message": "Maximum number of iterations has been exceeded.", "x": "[1.07267954 0.72949953 7.85080806 5.31097052 1.79101565 0.21849183]", "final_simplex": "(array([[1.07267954, 0.72949953, 7.85080806, 5.31097052, 1.79101565,\n        0.21849183],\n       [0.97618868, 0.7214495 , 7.90284899, 5.29657835, 1.69087628,\n        0.22530889],\n       [0.96908616, 0.70359913, 7.98638191, 5.28877972, 1.68661729,\n        0.22746491],\n       [1.04975791, 0.72292462, 8.00589525, 5.23554406, 1.68517987,\n        0.2261796 ],\n       [1.01308168, 0.70592328, 7.95024778, 5.24669737, 1.73237118,\n        0.22608904],\n       [0.96333295, 0.67952197, 8.00075568, 5.30070883, 1.6886353 ,\n        0.23225339],\n       [1.00897019, 0.69202136, 7.93590511, 5.29679271, 1.67225184,\n        0.22928369]]), array([0.08248152, 0.08276712, 0.08318458, 0.08439505, 0.08450388,\n       0.08469113, 0.0847588 ]))", "callback": [0.4958395596841857, 0.446904928718457, 0.3294045219995756, 0.2360528229056127, 0.11777256620356125, 0.0887500125597318, 0.0887500125597318, 0.08667698822227354, 0.08544687216282543]}, "1": {"maxiter": 100, "fatol": 1e-05, "xatol": 1e-10, "duration": 0.03488326072692871, "fun": "0.0824815168792219", "nit": "100", "nfev": "151", "status": "2", "success": "False", "message": "Maximum number of iterations has been exceeded.", "x": "[1.07267954 0.72949953 7.85080806 5.31097052 1.79101565 0.21849183]", "final_simplex": "(array([[1.07267954, 0.72949953, 7.85080806, 5.31097052, 1.79101565,\n        0.21849183],\n       [0.97618868, 0.7214495 , 7.90284899, 5.29657835, 1.69087628,\n        0.22530889],\n       [0.96908616, 0.70359913, 7.98638191, 5.28877972, 1.68661729,\n        0.22746491],\n       [1.04975791, 0.72292462, 8.00589525, 5.23554406, 1.68517987,\n        0.2261796 ],\n       [1.01308168, 0.70592328, 7.95024778, 5.24669737, 1.73237118,\n        0.22608904],\n       [0.96333295, 0.67952197, 8.00075568, 5.30070883, 1.6886353 ,\n        0.23225339],\n       [1.00897019, 0.69202136, 7.93590511, 5.29679271, 1.67225184,\n        0.22928369]]), array([0.08248152, 0.08276712, 0.08318458, 0.08439505, 0.08450388,\n       0.08469113, 0.0847588 ]))", "callback": [0.4958395596841857, 0.446904928718457, 0.3294045219995756, 0.2360528229056127, 0.11777256620356125, 0.0887500125597318, 0.0887500125597318, 0.08667698822227354, 0.08544687216282543]}, "2": {"maxiter": 100, "fatol": 1e-10, "xatol": 1e-05, "duration": 0.03596901893615723, "fun": "0.0824815168792219", "nit": "100", "nfev": "151", "status": "2", "success": "False", "message": "Maximum number of iterations has been exceeded.", "x": "[1.07267954 0.72949953 7.85080806 5.31097052 1.79101565 0.21849183]", "final_simplex": "(array([[1.07267954, 0.72949953, 7.85080806, 5.31097052, 1.79101565,\n        0.21849183],\n       [0.97618868, 0.7214495 , 7.90284899, 5.29657835, 1.69087628,\n        0.22530889],\n       [0.96908616, 0.70359913, 7.98638191, 5.28877972, 1.68661729,\n        0.22746491],\n       [1.04975791, 0.72292462, 8.00589525, 5.23554406, 1.68517987,\n        0.2261796 ],\n       [1.01308168, 0.70592328, 7.95024778, 5.24669737, 1.73237118,\n        0.22608904],\n       [0.96333295, 0.67952197, 8.00075568, 5.30070883, 1.6886353 ,\n        0.23225339],\n       [1.00897019, 0.69202136, 7.93590511, 5.29679271, 1.67225184,\n        0.22928369]]), array([0.08248152, 0.08276712, 0.08318458, 0.08439505, 0.08450388,\n       0.08469113, 0.0847588 ]))", "callback": [0.4958395596841857, 0.446904928718457, 0.3294045219995756, 0.2360528229056127, 0.11777256620356125, 0.0887500125597318, 0.0887500125597318, 0.08667698822227354, 0.08544687216282543]}, "3": {"maxiter": 100, "fatol": 1e-10, "xatol": 1e-10, "duration": 0.03702116012573242, "fun": "0.0824815168792219", "nit": "100", "nfev": "151", "status": "2", "success": "False", "message": "Maximum number of iterations has been exceeded.", "x": "[1.07267954 0.72949953 7.85080806 5.31097052 1.79101565 0.21849183]", "final_simplex": "(array([[1.07267954, 0.72949953, 7.85080806, 5.31097052, 1.79101565,\n        0.21849183],\n       [0.97618868, 0.7214495 , 7.90284899, 5.29657835, 1.69087628,\n        0.22530889],\n       [0.96908616, 0.70359913, 7.98638191, 5.28877972, 1.68661729,\n        0.22746491],\n       [1.04975791, 0.72292462, 8.00589525, 5.23554406, 1.68517987,\n        0.2261796 ],\n       [1.01308168, 0.70592328, 7.95024778, 5.24669737, 1.73237118,\n        0.22608904],\n       [0.96333295, 0.67952197, 8.00075568, 5.30070883, 1.6886353 ,\n        0.23225339],\n       [1.00897019, 0.69202136, 7.93590511, 5.29679271, 1.67225184,\n        0.22928369]]), array([0.08248152, 0.08276712, 0.08318458, 0.08439505, 0.08450388,\n       0.08469113, 0.0847588 ]))", "callback": [0.4958395596841857, 0.446904928718457, 0.3294045219995756, 0.2360528229056127, 0.11777256620356125, 0.0887500125597318, 0.0887500125597318, 0.08667698822227354, 0.08544687216282543]}, "4": {"maxiter": 500, "fatol": 1e-05, "xatol": 1e-05, "duration": 0.1726977825164795, "fun": "0.06719747058425696", "nit": "468", "nfev": "746", "status": "0", "success": "True", "message": "Optimization terminated successfully.", "x": "[0.85593429 1.20215204 7.83537521 5.26316978 1.76048833 0.46327331]", "final_simplex": "(array([[0.85593429, 1.20215204, 7.83537521, 5.26316978, 1.76048833,\n        0.46327331],\n       [0.85592978, 1.20215221, 7.83538067, 5.26316493, 1.76048459,\n        0.4632818 ],\n       [0.8559296 , 1.20215268, 7.8353804 , 5.26316507, 1.76048238,\n        0.46328122],\n       [0.85593411, 1.20214829, 7.83537676, 5.26317054, 1.76048831,\n        0.46327273],\n       [0.85592926, 1.20215287, 7.83537523, 5.26316925, 1.76048387,\n        0.46327883],\n       [0.85593224, 1.20215172, 7.83537482, 5.26316711, 1.76048461,\n        0.46328147],\n       [0.85593332, 1.20215683, 7.83537929, 5.2631661 , 1.76048711,\n        0.46328221]]), array([0.06719747, 0.06719747, 0.06719747, 0.06719747, 0.06719747,\n       0.06719747, 0.06719747]))", "callback": [0.4958395596841857, 0.446904928718457, 0.3294045219995756, 0.2360528229056127, 0.11777256620356125, 0.0887500125597318, 0.0887500125597318, 0.08667698822227354, 0.08544687216282543, 0.08158752354775545, 0.07178943531712167, 0.06841414017348657, 0.06804890951636633, 0.06797244512495804, 0.06793771438986829, 0.06792857142065967, 0.067928021810855, 0.06792768268658078, 0.06792756348443119, 0.06792737924261394, 0.0679271971226797, 0.06792668611165109, 0.06792529994741958, 0.06792169755750577, 0.06791657364780224, 0.06790865054369344, 0.06789743869803122, 0.06788320504773238, 0.06784125575774014, 0.06771309050716989, 0.06762840678054594, 0.06747049697280294, 0.06732038819319552, 0.06723910051576565, 0.06720456502803429, 0.06719909263285251, 0.06719776769687524, 0.06719752289760361, 0.06719747877311344, 0.06719747306221346, 0.06719747112886632, 0.06719747095774653, 0.06719747070773341, 0.06719747063221715, 0.06719747060400016, 0.06719747058946024]}, "5": {"maxiter": 500, "fatol": 1e-05, "xatol": 1e-10, "duration": 0.18483304977416992, "fun": "0.0671974705783216", "nit": "500", "nfev": "793", "status": "2", "success": "False", "message": "Maximum number of iterations has been exceeded.", "x": "[0.85593301 1.20215801 7.83537505 5.26316492 1.76049091 0.46327544]", "final_simplex": "(array([[0.85593301, 1.20215801, 7.83537505, 5.26316492, 1.76049091,\n        0.46327544],\n       [0.85593063, 1.20215934, 7.83537761, 5.26316199, 1.76048704,\n        0.46328078],\n       [0.85592923, 1.20216041, 7.83537603, 5.26316096, 1.76048588,\n        0.46328193],\n       [0.85592786, 1.20216002, 7.83537825, 5.26316089, 1.7604849 ,\n        0.46328505],\n       [0.85592797, 1.20215783, 7.83538005, 5.26315999, 1.76048494,\n        0.46328207],\n       [0.85592932, 1.20216111, 7.83537855, 5.26315947, 1.76048598,\n        0.46328563],\n       [0.85593149, 1.20215671, 7.83537414, 5.26316479, 1.76048794,\n        0.46327767]]), array([0.06719747, 0.06719747, 0.06719747, 0.06719747, 0.06719747,\n       0.06719747, 0.06719747]))", "callback": [0.4958395596841857, 0.446904928718457, 0.3294045219995756, 0.2360528229056127, 0.11777256620356125, 0.0887500125597318, 0.0887500125597318, 0.08667698822227354, 0.08544687216282543, 0.08158752354775545, 0.07178943531712167, 0.06841414017348657, 0.06804890951636633, 0.06797244512495804, 0.06793771438986829, 0.06792857142065967, 0.067928021810855, 0.06792768268658078, 0.06792756348443119, 0.06792737924261394, 0.0679271971226797, 0.06792668611165109, 0.06792529994741958, 0.06792169755750577, 0.06791657364780224, 0.06790865054369344, 0.06789743869803122, 0.06788320504773238, 0.06784125575774014, 0.06771309050716989, 0.06762840678054594, 0.06747049697280294, 0.06732038819319552, 0.06723910051576565, 0.06720456502803429, 0.06719909263285251, 0.06719776769687524, 0.06719752289760361, 0.06719747877311344, 0.06719747306221346, 0.06719747112886632, 0.06719747095774653, 0.06719747070773341, 0.06719747063221715, 0.06719747060400016, 0.06719747058946024, 0.06719747058425696, 0.06719747058226455, 0.06719747057883985]}, "6": {"maxiter": 500, "fatol": 1e-10, "xatol": 1e-05, "duration": 0.16966581344604492, "fun": "0.06719747058425696", "nit": "468", "nfev": "746", "status": "0", "success": "True", "message": "Optimization terminated successfully.", "x": "[0.85593429 1.20215204 7.83537521 5.26316978 1.76048833 0.46327331]", "final_simplex": "(array([[0.85593429, 1.20215204, 7.83537521, 5.26316978, 1.76048833,\n        0.46327331],\n       [0.85592978, 1.20215221, 7.83538067, 5.26316493, 1.76048459,\n        0.4632818 ],\n       [0.8559296 , 1.20215268, 7.8353804 , 5.26316507, 1.76048238,\n        0.46328122],\n       [0.85593411, 1.20214829, 7.83537676, 5.26317054, 1.76048831,\n        0.46327273],\n       [0.85592926, 1.20215287, 7.83537523, 5.26316925, 1.76048387,\n        0.46327883],\n       [0.85593224, 1.20215172, 7.83537482, 5.26316711, 1.76048461,\n        0.46328147],\n       [0.85593332, 1.20215683, 7.83537929, 5.2631661 , 1.76048711,\n        0.46328221]]), array([0.06719747, 0.06719747, 0.06719747, 0.06719747, 0.06719747,\n       0.06719747, 0.06719747]))", "callback": [0.4958395596841857, 0.446904928718457, 0.3294045219995756, 0.2360528229056127, 0.11777256620356125, 0.0887500125597318, 0.0887500125597318, 0.08667698822227354, 0.08544687216282543, 0.08158752354775545, 0.07178943531712167, 0.06841414017348657, 0.06804890951636633, 0.06797244512495804, 0.06793771438986829, 0.06792857142065967, 0.067928021810855, 0.06792768268658078, 0.06792756348443119, 0.06792737924261394, 0.0679271971226797, 0.06792668611165109, 0.06792529994741958, 0.06792169755750577, 0.06791657364780224, 0.06790865054369344, 0.06789743869803122, 0.06788320504773238, 0.06784125575774014, 0.06771309050716989, 0.06762840678054594, 0.06747049697280294, 0.06732038819319552, 0.06723910051576565, 0.06720456502803429, 0.06719909263285251, 0.06719776769687524, 0.06719752289760361, 0.06719747877311344, 0.06719747306221346, 0.06719747112886632, 0.06719747095774653, 0.06719747070773341, 0.06719747063221715, 0.06719747060400016, 0.06719747058946024]}, "7": {"maxiter": 500, "fatol": 1e-10, "xatol": 1e-10, "duration": 0.1891179084777832, "fun": "0.0671974705783216", "nit": "500", "nfev": "793", "status": "2", "success": "False", "message": "Maximum number of iterations has been exceeded.", "x": "[0.85593301 1.20215801 7.83537505 5.26316492 1.76049091 0.46327544]", "final_simplex": "(array([[0.85593301, 1.20215801, 7.83537505, 5.26316492, 1.76049091,\n        0.46327544],\n       [0.85593063, 1.20215934, 7.83537761, 5.26316199, 1.76048704,\n        0.46328078],\n       [0.85592923, 1.20216041, 7.83537603, 5.26316096, 1.76048588,\n        0.46328193],\n       [0.85592786, 1.20216002, 7.83537825, 5.26316089, 1.7604849 ,\n        0.46328505],\n       [0.85592797, 1.20215783, 7.83538005, 5.26315999, 1.76048494,\n        0.46328207],\n       [0.85592932, 1.20216111, 7.83537855, 5.26315947, 1.76048598,\n        0.46328563],\n       [0.85593149, 1.20215671, 7.83537414, 5.26316479, 1.76048794,\n        0.46327767]]), array([0.06719747, 0.06719747, 0.06719747, 0.06719747, 0.06719747,\n       0.06719747, 0.06719747]))", "callback": [0.4958395596841857, 0.446904928718457, 0.3294045219995756, 0.2360528229056127, 0.11777256620356125, 0.0887500125597318, 0.0887500125597318, 0.08667698822227354, 0.08544687216282543, 0.08158752354775545, 0.07178943531712167, 0.06841414017348657, 0.06804890951636633, 0.06797244512495804, 0.06793771438986829, 0.06792857142065967, 0.067928021810855, 0.06792768268658078, 0.06792756348443119, 0.06792737924261394, 0.0679271971226797, 0.06792668611165109, 0.06792529994741958, 0.06792169755750577, 0.06791657364780224, 0.06790865054369344, 0.06789743869803122, 0.06788320504773238, 0.06784125575774014, 0.06771309050716989, 0.06762840678054594, 0.06747049697280294, 0.06732038819319552, 0.06723910051576565, 0.06720456502803429, 0.06719909263285251, 0.06719776769687524, 0.06719752289760361, 0.06719747877311344, 0.06719747306221346, 0.06719747112886632, 0.06719747095774653, 0.06719747070773341, 0.06719747063221715, 0.06719747060400016, 0.06719747058946024, 0.06719747058425696, 0.06719747058226455, 0.06719747057883985]}, "8": {"maxiter": 1000, "fatol": 1e-05, "xatol": 1e-05, "duration": 0.17415809631347656, "fun": "0.06719747058425696", "nit": "468", "nfev": "746", "status": "0", "success": "True", "message": "Optimization terminated successfully.", "x": "[0.85593429 1.20215204 7.83537521 5.26316978 1.76048833 0.46327331]", "final_simplex": "(array([[0.85593429, 1.20215204, 7.83537521, 5.26316978, 1.76048833,\n        0.46327331],\n       [0.85592978, 1.20215221, 7.83538067, 5.26316493, 1.76048459,\n        0.4632818 ],\n       [0.8559296 , 1.20215268, 7.8353804 , 5.26316507, 1.76048238,\n        0.46328122],\n       [0.85593411, 1.20214829, 7.83537676, 5.26317054, 1.76048831,\n        0.46327273],\n       [0.85592926, 1.20215287, 7.83537523, 5.26316925, 1.76048387,\n        0.46327883],\n       [0.85593224, 1.20215172, 7.83537482, 5.26316711, 1.76048461,\n        0.46328147],\n       [0.85593332, 1.20215683, 7.83537929, 5.2631661 , 1.76048711,\n        0.46328221]]), array([0.06719747, 0.06719747, 0.06719747, 0.06719747, 0.06719747,\n       0.06719747, 0.06719747]))", "callback": [0.4958395596841857, 0.446904928718457, 0.3294045219995756, 0.2360528229056127, 0.11777256620356125, 0.0887500125597318, 0.0887500125597318, 0.08667698822227354, 0.08544687216282543, 0.08158752354775545, 0.07178943531712167, 0.06841414017348657, 0.06804890951636633, 0.06797244512495804, 0.06793771438986829, 0.06792857142065967, 0.067928021810855, 0.06792768268658078, 0.06792756348443119, 0.06792737924261394, 0.0679271971226797, 0.06792668611165109, 0.06792529994741958, 0.06792169755750577, 0.06791657364780224, 0.06790865054369344, 0.06789743869803122, 0.06788320504773238, 0.06784125575774014, 0.06771309050716989, 0.06762840678054594, 0.06747049697280294, 0.06732038819319552, 0.06723910051576565, 0.06720456502803429, 0.06719909263285251, 0.06719776769687524, 0.06719752289760361, 0.06719747877311344, 0.06719747306221346, 0.06719747112886632, 0.06719747095774653, 0.06719747070773341, 0.06719747063221715, 0.06719747060400016, 0.06719747058946024]}, "9": {"maxiter": 1000, "fatol": 1e-05, "xatol": 1e-10, "duration": 0.24094390869140625, "fun": "0.06719747057797232", "nit": "583", "nfev": "990", "status": "0", "success": "True", "message": "Optimization terminated successfully.", "x": "[0.85593094 1.20215877 7.83537654 5.26316242 1.76048901 0.46327874]", "final_simplex": "(array([[0.85593094, 1.20215877, 7.83537654, 5.26316242, 1.76048901,\n        0.46327874],\n       [0.85593094, 1.20215877, 7.83537654, 5.26316242, 1.76048901,\n        0.46327874],\n       [0.85593094, 1.20215877, 7.83537654, 5.26316242, 1.76048901,\n        0.46327874],\n       [0.85593094, 1.20215877, 7.83537654, 5.26316242, 1.76048901,\n        0.46327874],\n       [0.85593094, 1.20215877, 7.83537654, 5.26316242, 1.76048901,\n        0.46327874],\n       [0.85593094, 1.20215877, 7.83537654, 5.26316242, 1.76048901,\n        0.46327874],\n       [0.85593094, 1.20215877, 7.83537654, 5.26316242, 1.76048901,\n        0.46327874]]), array([0.06719747, 0.06719747, 0.06719747, 0.06719747, 0.06719747,\n       0.06719747, 0.06719747]))", "callback": [0.4958395596841857, 0.446904928718457, 0.3294045219995756, 0.2360528229056127, 0.11777256620356125, 0.0887500125597318, 0.0887500125597318, 0.08667698822227354, 0.08544687216282543, 0.08158752354775545, 0.07178943531712167, 0.06841414017348657, 0.06804890951636633, 0.06797244512495804, 0.06793771438986829, 0.06792857142065967, 0.067928021810855, 0.06792768268658078, 0.06792756348443119, 0.06792737924261394, 0.0679271971226797, 0.06792668611165109, 0.06792529994741958, 0.06792169755750577, 0.06791657364780224, 0.06790865054369344, 0.06789743869803122, 0.06788320504773238, 0.06784125575774014, 0.06771309050716989, 0.06762840678054594, 0.06747049697280294, 0.06732038819319552, 0.06723910051576565, 0.06720456502803429, 0.06719909263285251, 0.06719776769687524, 0.06719752289760361, 0.06719747877311344, 0.06719747306221346, 0.06719747112886632, 0.06719747095774653, 0.06719747070773341, 0.06719747063221715, 0.06719747060400016, 0.06719747058946024, 0.06719747058425696, 0.06719747058226455, 0.06719747057883985, 0.0671974705783216, 0.0671974705781041, 0.06719747057799041, 0.06719747057797543, 0.06719747057797298, 0.06719747057797265, 0.06719747057797254, 0.06719747057797243, 0.06719747057797232]}, "10": {"maxiter": 1000, "fatol": 1e-10, "xatol": 1e-05, "duration": 0.18715596199035645, "fun": "0.06719747058425696", "nit": "468", "nfev": "746", "status": "0", "success": "True", "message": "Optimization terminated successfully.", "x": "[0.85593429 1.20215204 7.83537521 5.26316978 1.76048833 0.46327331]", "final_simplex": "(array([[0.85593429, 1.20215204, 7.83537521, 5.26316978, 1.76048833,\n        0.46327331],\n       [0.85592978, 1.20215221, 7.83538067, 5.26316493, 1.76048459,\n        0.4632818 ],\n       [0.8559296 , 1.20215268, 7.8353804 , 5.26316507, 1.76048238,\n        0.46328122],\n       [0.85593411, 1.20214829, 7.83537676, 5.26317054, 1.76048831,\n        0.46327273],\n       [0.85592926, 1.20215287, 7.83537523, 5.26316925, 1.76048387,\n        0.46327883],\n       [0.85593224, 1.20215172, 7.83537482, 5.26316711, 1.76048461,\n        0.46328147],\n       [0.85593332, 1.20215683, 7.83537929, 5.2631661 , 1.76048711,\n        0.46328221]]), array([0.06719747, 0.06719747, 0.06719747, 0.06719747, 0.06719747,\n       0.06719747, 0.06719747]))", "callback": [0.4958395596841857, 0.446904928718457, 0.3294045219995756, 0.2360528229056127, 0.11777256620356125, 0.0887500125597318, 0.0887500125597318, 0.08667698822227354, 0.08544687216282543, 0.08158752354775545, 0.07178943531712167, 0.06841414017348657, 0.06804890951636633, 0.06797244512495804, 0.06793771438986829, 0.06792857142065967, 0.067928021810855, 0.06792768268658078, 0.06792756348443119, 0.06792737924261394, 0.0679271971226797, 0.06792668611165109, 0.06792529994741958, 0.06792169755750577, 0.06791657364780224, 0.06790865054369344, 0.06789743869803122, 0.06788320504773238, 0.06784125575774014, 0.06771309050716989, 0.06762840678054594, 0.06747049697280294, 0.06732038819319552, 0.06723910051576565, 0.06720456502803429, 0.06719909263285251, 0.06719776769687524, 0.06719752289760361, 0.06719747877311344, 0.06719747306221346, 0.06719747112886632, 0.06719747095774653, 0.06719747070773341, 0.06719747063221715, 0.06719747060400016, 0.06719747058946024]}, "11": {"maxiter": 1000, "fatol": 1e-10, "xatol": 1e-10, "duration": 0.24232983589172363, "fun": "0.06719747057797232", "nit": "583", "nfev": "990", "status": "0", "success": "True", "message": "Optimization terminated successfully.", "x": "[0.85593094 1.20215877 7.83537654 5.26316242 1.76048901 0.46327874]", "final_simplex": "(array([[0.85593094, 1.20215877, 7.83537654, 5.26316242, 1.76048901,\n        0.46327874],\n       [0.85593094, 1.20215877, 7.83537654, 5.26316242, 1.76048901,\n        0.46327874],\n       [0.85593094, 1.20215877, 7.83537654, 5.26316242, 1.76048901,\n        0.46327874],\n       [0.85593094, 1.20215877, 7.83537654, 5.26316242, 1.76048901,\n        0.46327874],\n       [0.85593094, 1.20215877, 7.83537654, 5.26316242, 1.76048901,\n        0.46327874],\n       [0.85593094, 1.20215877, 7.83537654, 5.26316242, 1.76048901,\n        0.46327874],\n       [0.85593094, 1.20215877, 7.83537654, 5.26316242, 1.76048901,\n        0.46327874]]), array([0.06719747, 0.06719747, 0.06719747, 0.06719747, 0.06719747,\n       0.06719747, 0.06719747]))", "callback": [0.4958395596841857, 0.446904928718457, 0.3294045219995756, 0.2360528229056127, 0.11777256620356125, 0.0887500125597318, 0.0887500125597318, 0.08667698822227354, 0.08544687216282543, 0.08158752354775545, 0.07178943531712167, 0.06841414017348657, 0.06804890951636633, 0.06797244512495804, 0.06793771438986829, 0.06792857142065967, 0.067928021810855, 0.06792768268658078, 0.06792756348443119, 0.06792737924261394, 0.0679271971226797, 0.06792668611165109, 0.06792529994741958, 0.06792169755750577, 0.06791657364780224, 0.06790865054369344, 0.06789743869803122, 0.06788320504773238, 0.06784125575774014, 0.06771309050716989, 0.06762840678054594, 0.06747049697280294, 0.06732038819319552, 0.06723910051576565, 0.06720456502803429, 0.06719909263285251, 0.06719776769687524, 0.06719752289760361, 0.06719747877311344, 0.06719747306221346, 0.06719747112886632, 0.06719747095774653, 0.06719747070773341, 0.06719747063221715, 0.06719747060400016, 0.06719747058946024, 0.06719747058425696, 0.06719747058226455, 0.06719747057883985, 0.0671974705783216, 0.0671974705781041, 0.06719747057799041, 0.06719747057797543, 0.06719747057797298, 0.06719747057797265, 0.06719747057797254, 0.06719747057797243, 0.06719747057797232]}}, "bfgs": {"type": "gradient", "0": {"maxiter": 100, "gtol": 1e-05, "xrtol": 1e-05, "eps": 1e-05, "duration": 0.058912038803100586, "fun": "0.06719747087081329", "jac": "[ 2.71397349e-06  8.41223757e-06 -2.86298762e-06 -4.10131928e-06\n  1.87655447e-06 -3.05663272e-06]", "hess_inv": "[[ 18.31193662 -12.73693393 -10.06015575  13.41157586  16.14351264\n  -26.91836792]\n [-12.73693393  15.37950002   4.4669553  -10.3294653  -11.0255755\n   22.64493514]\n [-10.06015575   4.4669553   12.079266   -11.07404042 -10.25860834\n   15.31569265]\n [ 13.41157586 -10.3294653  -11.07404042  16.24438232  14.08238621\n  -24.31092376]\n [ 16.14351264 -11.0255755  -10.25860834  14.08238621  18.83557088\n  -28.26843196]\n [-26.91836792  22.64493514  15.31569265 -24.31092376 -28.26843196\n   50.48091595]]", "nfev": "245", "njev": "35", "status": "0", "success": "True", "message": "Optimization terminated successfully.", "x": "[0.85594522 1.20220721 7.83533827 5.26315771 1.76051836 0.46326728]", "nit": "32", "callback": [0.09727894542644289, 0.07153483100547164, 0.06719762971974386]}, "1": {"maxiter": 100, "gtol": 1e-05, "xrtol": 1e-05, "eps": 1e-10, "duration": 0.062308311462402344, "fun": "0.06719747064350301", "jac": "[-2.22044587e-06  0.00000000e+00 -5.55111466e-06  0.00000000e+00\n  1.11022293e-06 -1.11022293e-06]", "hess_inv": "[[ 17.36987981 -12.28668873  -8.81218327  12.26623354  15.15611793\n  -25.15332616]\n [-12.28668873  16.61902004   2.99864079 -10.09346384 -10.16908325\n   22.13105143]\n [ -8.81218327   2.99864079  11.04525084  -9.38933472  -9.15777841\n   12.78164455]\n [ 12.26623354 -10.09346384  -9.38933472  14.86477146  12.6652422\n  -22.08944881]\n [ 15.15611793 -10.16908325  -9.15777841  12.6652422   17.71048254\n  -26.08613077]\n [-25.15332616  22.13105143  12.78164455 -22.08944881 -26.08613077\n   46.94043027]]", "nfev": "245", "njev": "35", "status": "0", "success": "True", "message": "Optimization terminated successfully.", "x": "[0.8559529  1.20216083 7.8353416  5.26318567 1.76052064 0.46324168]", "nit": "32", "callback": [0.09727829434160151, 0.07153377494948665, 0.06719759675861936]}, "2": {"maxiter": 100, "gtol": 1e-05, "xrtol": 1e-10, "eps": 1e-05, "duration": 0.06441903114318848, "fun": "0.06719747087081329", "jac": "[ 2.71397349e-06  8.41223757e-06 -2.86298762e-06 -4.10131928e-06\n  1.87655447e-06 -3.05663272e-06]", "hess_inv": "[[ 18.31193662 -12.73693393 -10.06015575  13.41157586  16.14351264\n  -26.91836792]\n [-12.73693393  15.37950002   4.4669553  -10.3294653  -11.0255755\n   22.64493514]\n [-10.06015575   4.4669553   12.079266   -11.07404042 -10.25860834\n   15.31569265]\n [ 13.41157586 -10.3294653  -11.07404042  16.24438232  14.08238621\n  -24.31092376]\n [ 16.14351264 -11.0255755  -10.25860834  14.08238621  18.83557088\n  -28.26843196]\n [-26.91836792  22.64493514  15.31569265 -24.31092376 -28.26843196\n   50.48091595]]", "nfev": "245", "njev": "35", "status": "0", "success": "True", "message": "Optimization terminated successfully.", "x": "[0.85594522 1.20220721 7.83533827 5.26315771 1.76051836 0.46326728]", "nit": "32", "callback": [0.09727894542644289, 0.07153483100547164, 0.06719762971974386]}, "3": {"maxiter": 100, "gtol": 1e-05, "xrtol": 1e-10, "eps": 1e-10, "duration": 0.07399988174438477, "fun": "0.06719747064350301", "jac": "[-2.22044587e-06  0.00000000e+00 -5.55111466e-06  0.00000000e+00\n  1.11022293e-06 -1.11022293e-06]", "hess_inv": "[[ 17.36987981 -12.28668873  -8.81218327  12.26623354  15.15611793\n  -25.15332616]\n [-12.28668873  16.61902004   2.99864079 -10.09346384 -10.16908325\n   22.13105143]\n [ -8.81218327   2.99864079  11.04525084  -9.38933472  -9.15777841\n   12.78164455]\n [ 12.26623354 -10.09346384  -9.38933472  14.86477146  12.6652422\n  -22.08944881]\n [ 15.15611793 -10.16908325  -9.15777841  12.6652422   17.71048254\n  -26.08613077]\n [-25.15332616  22.13105143  12.78164455 -22.08944881 -26.08613077\n   46.94043027]]", "nfev": "245", "njev": "35", "status": "0", "success": "True", "message": "Optimization terminated successfully.", "x": "[0.8559529  1.20216083 7.8353416  5.26318567 1.76052064 0.46324168]", "nit": "32", "callback": [0.09727829434160151, 0.07153377494948665, 0.06719759675861936]}, "4": {"maxiter": 100, "gtol": 1e-10, "xrtol": 1e-05, "eps": 1e-05, "duration": 0.07117009162902832, "fun": "0.06719747059213321", "jac": "[1.86917148e-06 2.02649009e-06 6.17417228e-07 2.11231033e-07\n 3.64930308e-08 2.01505479e-08]", "hess_inv": "[[ 17.94523794 -12.75523043  -9.66648917  12.93934317  15.89080503\n  -26.50891818]\n [-12.75523043  15.7173442    4.34399102 -10.57786121 -10.78696278\n   22.64734456]\n [ -9.66648917   4.34399102  11.71668114 -10.47243049 -10.09307262\n   14.88371692]\n [ 12.93934317 -10.57786121 -10.47243049  15.78546609  13.59021435\n  -23.77167645]\n [ 15.89080503 -10.78696278 -10.09307262  13.59021435  18.84772483\n  -27.9996265 ]\n [-26.50891818  22.64734456  14.88371692 -23.77167645 -27.9996265\n   50.02468965]]", "nfev": "252", "njev": "36", "status": "0", "success": "True", "message": "Optimization terminated successfully.", "x": "[0.85591837 1.20216813 7.83538299 5.26314817 1.76047187 0.46329927]", "nit": "33", "callback": [0.09727894542644289, 0.07153483100547164, 0.06719762971974386]}, "5": {"maxiter": 100, "gtol": 1e-10, "xrtol": 1e-05, "eps": 1e-10, "duration": 0.07636499404907227, "fun": "0.06719747058966397", "jac": "[-1.11022293e-06  3.33066880e-06  0.00000000e+00  0.00000000e+00\n  1.11022293e-06  3.33066880e-06]", "hess_inv": "[[ 18.22391074 -12.2235553   -9.98674468  13.18198711  16.2048392\n  -26.48165194]\n [-12.2235553   16.06333116   3.09690122  -9.94186161 -10.1270498\n   21.83251512]\n [ -9.98674468   3.09690122  12.59950667 -10.67649882 -10.58837702\n   14.67468449]\n [ 13.18198711  -9.94186161 -10.67649882  15.83414465  13.79507129\n  -23.48377705]\n [ 16.2048392  -10.1270498  -10.58837702  13.79507129  18.99602895\n  -27.72995953]\n [-26.48165194  21.83251512  14.67468449 -23.48377705 -27.72995953\n   48.93482854]]", "nfev": "259", "njev": "37", "status": "0", "success": "True", "message": "Optimization terminated successfully.", "x": "[0.85592912 1.20217056 7.83537051 5.26315845 1.76049217 0.46328277]", "nit": "33", "callback": [0.09727829434160151, 0.07153377494948665, 0.06719759675861936]}, "6": {"maxiter": 100, "gtol": 1e-10, "xrtol": 1e-10, "eps": 1e-05, "duration": 0.14464211463928223, "fun": "0.06719747059213321", "jac": "[1.86917148e-06 2.02649009e-06 6.17417228e-07 2.11231033e-07\n 3.64930308e-08 2.01505479e-08]", "hess_inv": "[[ 18.18824956 -12.30918624  -9.92103478  12.93320313  16.16123252\n  -26.52238054]\n [-12.30918624  16.50088793   3.81968309 -10.55396412 -10.23343069\n   22.51762854]\n [ -9.92103478   3.81968309  11.89060908 -10.40890033 -10.28351742\n   14.72732599]\n [ 12.93320313 -10.55396412 -10.40890033  15.75045086  13.52620972\n  -23.66632031]\n [ 16.16123252 -10.23343069 -10.28351742  13.52620972  19.05572429\n  -27.84389685]\n [-26.52238054  22.51762854  14.72732599 -23.66632031 -27.84389685\n   49.71186585]]", "nfev": "445", "njev": "62", "status": "2", "success": "False", "message": "Desired error not necessarily achieved due to precision loss.", "x": "[0.85591837 1.20216813 7.83538299 5.26314817 1.76047187 0.46329927]", "nit": "33", "callback": [0.09727894542644289, 0.07153483100547164, 0.06719762971974386]}, "7": {"maxiter": 100, "gtol": 1e-10, "xrtol": 1e-10, "eps": 1e-10, "duration": 0.19197511672973633, "fun": "0.06719747058512426", "jac": "[ 1.11022293e-06  0.00000000e+00  3.33066880e-06  1.11022293e-06\n  2.22044587e-06 -1.11022293e-06]", "hess_inv": "[[   4.79556647   24.55464233  -18.16994113   -3.2663653    10.61422058\n     8.28770423]\n [  24.55464233  208.6448067  -154.24893017  -21.70467359   79.97571286\n    72.02944818]\n [ -18.16994113 -154.24893017  116.28751173   15.83161876  -60.48285749\n   -52.97375339]\n [  -3.2663653   -21.70467359   15.83161876    4.65832273   -6.52414789\n    -9.66794704]\n [  10.61422058   79.97571286  -60.48285749   -6.52414789   34.33197762\n    25.10712417]\n [   8.28770423   72.02944818  -52.97375339   -9.66794704   25.10712417\n    29.76856893]]", "nfev": "610", "njev": "86", "status": "0", "success": "True", "message": "Optimization terminated successfully.", "x": "[0.85593651 1.2021537  7.83538018 5.26315961 1.76049472 0.46326859]", "nit": "36", "callback": [0.09727829434160151, 0.07153377494948665, 0.06719759675861936]}, "8": {"maxiter": 500, "gtol": 1e-05, "xrtol": 1e-05, "eps": 1e-05, "duration": 0.06790804862976074, "fun": "0.06719747087081329", "jac": "[ 2.71397349e-06  8.41223757e-06 -2.86298762e-06 -4.10131928e-06\n  1.87655447e-06 -3.05663272e-06]", "hess_inv": "[[ 18.31193662 -12.73693393 -10.06015575  13.41157586  16.14351264\n  -26.91836792]\n [-12.73693393  15.37950002   4.4669553  -10.3294653  -11.0255755\n   22.64493514]\n [-10.06015575   4.4669553   12.079266   -11.07404042 -10.25860834\n   15.31569265]\n [ 13.41157586 -10.3294653  -11.07404042  16.24438232  14.08238621\n  -24.31092376]\n [ 16.14351264 -11.0255755  -10.25860834  14.08238621  18.83557088\n  -28.26843196]\n [-26.91836792  22.64493514  15.31569265 -24.31092376 -28.26843196\n   50.48091595]]", "nfev": "245", "njev": "35", "status": "0", "success": "True", "message": "Optimization terminated successfully.", "x": "[0.85594522 1.20220721 7.83533827 5.26315771 1.76051836 0.46326728]", "nit": "32", "callback": [0.09727894542644289, 0.07153483100547164, 0.06719762971974386]}, "9": {"maxiter": 500, "gtol": 1e-05, "xrtol": 1e-05, "eps": 1e-10, "duration": 0.0705559253692627, "fun": "0.06719747064350301", "jac": "[-2.22044587e-06  0.00000000e+00 -5.55111466e-06  0.00000000e+00\n  1.11022293e-06 -1.11022293e-06]", "hess_inv": "[[ 17.36987981 -12.28668873  -8.81218327  12.26623354  15.15611793\n  -25.15332616]\n [-12.28668873  16.61902004   2.99864079 -10.09346384 -10.16908325\n   22.13105143]\n [ -8.81218327   2.99864079  11.04525084  -9.38933472  -9.15777841\n   12.78164455]\n [ 12.26623354 -10.09346384  -9.38933472  14.86477146  12.6652422\n  -22.08944881]\n [ 15.15611793 -10.16908325  -9.15777841  12.6652422   17.71048254\n  -26.08613077]\n [-25.15332616  22.13105143  12.78164455 -22.08944881 -26.08613077\n   46.94043027]]", "nfev": "245", "njev": "35", "status": "0", "success": "True", "message": "Optimization terminated successfully.", "x": "[0.8559529  1.20216083 7.8353416  5.26318567 1.76052064 0.46324168]", "nit": "32", "callback": [0.09727829434160151, 0.07153377494948665, 0.06719759675861936]}, "10": {"maxiter": 500, "gtol": 1e-05, "xrtol": 1e-10, "eps": 1e-05, "duration": 0.07795190811157227, "fun": "0.06719747087081329", "jac": "[ 2.71397349e-06  8.41223757e-06 -2.86298762e-06 -4.10131928e-06\n  1.87655447e-06 -3.05663272e-06]", "hess_inv": "[[ 18.31193662 -12.73693393 -10.06015575  13.41157586  16.14351264\n  -26.91836792]\n [-12.73693393  15.37950002   4.4669553  -10.3294653  -11.0255755\n   22.64493514]\n [-10.06015575   4.4669553   12.079266   -11.07404042 -10.25860834\n   15.31569265]\n [ 13.41157586 -10.3294653  -11.07404042  16.24438232  14.08238621\n  -24.31092376]\n [ 16.14351264 -11.0255755  -10.25860834  14.08238621  18.83557088\n  -28.26843196]\n [-26.91836792  22.64493514  15.31569265 -24.31092376 -28.26843196\n   50.48091595]]", "nfev": "245", "njev": "35", "status": "0", "success": "True", "message": "Optimization terminated successfully.", "x": "[0.85594522 1.20220721 7.83533827 5.26315771 1.76051836 0.46326728]", "nit": "32", "callback": [0.09727894542644289, 0.07153483100547164, 0.06719762971974386]}, "11": {"maxiter": 500, "gtol": 1e-05, "xrtol": 1e-10, "eps": 1e-10, "duration": 0.07442808151245117, "fun": "0.06719747064350301", "jac": "[-2.22044587e-06  0.00000000e+00 -5.55111466e-06  0.00000000e+00\n  1.11022293e-06 -1.11022293e-06]", "hess_inv": "[[ 17.36987981 -12.28668873  -8.81218327  12.26623354  15.15611793\n  -25.15332616]\n [-12.28668873  16.61902004   2.99864079 -10.09346384 -10.16908325\n   22.13105143]\n [ -8.81218327   2.99864079  11.04525084  -9.38933472  -9.15777841\n   12.78164455]\n [ 12.26623354 -10.09346384  -9.38933472  14.86477146  12.6652422\n  -22.08944881]\n [ 15.15611793 -10.16908325  -9.15777841  12.6652422   17.71048254\n  -26.08613077]\n [-25.15332616  22.13105143  12.78164455 -22.08944881 -26.08613077\n   46.94043027]]", "nfev": "245", "njev": "35", "status": "0", "success": "True", "message": "Optimization terminated successfully.", "x": "[0.8559529  1.20216083 7.8353416  5.26318567 1.76052064 0.46324168]", "nit": "32", "callback": [0.09727829434160151, 0.07153377494948665, 0.06719759675861936]}, "12": {"maxiter": 500, "gtol": 1e-10, "xrtol": 1e-05, "eps": 1e-05, "duration": 0.0758981704711914, "fun": "0.06719747059213321", "jac": "[1.86917148e-06 2.02649009e-06 6.17417228e-07 2.11231033e-07\n 3.64930308e-08 2.01505479e-08]", "hess_inv": "[[ 17.94523794 -12.75523043  -9.66648917  12.93934317  15.89080503\n  -26.50891818]\n [-12.75523043  15.7173442    4.34399102 -10.57786121 -10.78696278\n   22.64734456]\n [ -9.66648917   4.34399102  11.71668114 -10.47243049 -10.09307262\n   14.88371692]\n [ 12.93934317 -10.57786121 -10.47243049  15.78546609  13.59021435\n  -23.77167645]\n [ 15.89080503 -10.78696278 -10.09307262  13.59021435  18.84772483\n  -27.9996265 ]\n [-26.50891818  22.64734456  14.88371692 -23.77167645 -27.9996265\n   50.02468965]]", "nfev": "252", "njev": "36", "status": "0", "success": "True", "message": "Optimization terminated successfully.", "x": "[0.85591837 1.20216813 7.83538299 5.26314817 1.76047187 0.46329927]", "nit": "33", "callback": [0.09727894542644289, 0.07153483100547164, 0.06719762971974386]}, "13": {"maxiter": 500, "gtol": 1e-10, "xrtol": 1e-05, "eps": 1e-10, "duration": 0.07988500595092773, "fun": "0.06719747058966397", "jac": "[-1.11022293e-06  3.33066880e-06  0.00000000e+00  0.00000000e+00\n  1.11022293e-06  3.33066880e-06]", "hess_inv": "[[ 18.22391074 -12.2235553   -9.98674468  13.18198711  16.2048392\n  -26.48165194]\n [-12.2235553   16.06333116   3.09690122  -9.94186161 -10.1270498\n   21.83251512]\n [ -9.98674468   3.09690122  12.59950667 -10.67649882 -10.58837702\n   14.67468449]\n [ 13.18198711  -9.94186161 -10.67649882  15.83414465  13.79507129\n  -23.48377705]\n [ 16.2048392  -10.1270498  -10.58837702  13.79507129  18.99602895\n  -27.72995953]\n [-26.48165194  21.83251512  14.67468449 -23.48377705 -27.72995953\n   48.93482854]]", "nfev": "259", "njev": "37", "status": "0", "success": "True", "message": "Optimization terminated successfully.", "x": "[0.85592912 1.20217056 7.83537051 5.26315845 1.76049217 0.46328277]", "nit": "33", "callback": [0.09727829434160151, 0.07153377494948665, 0.06719759675861936]}, "14": {"maxiter": 500, "gtol": 1e-10, "xrtol": 1e-10, "eps": 1e-05, "duration": 0.14909911155700684, "fun": "0.06719747059213321", "jac": "[1.86917148e-06 2.02649009e-06 6.17417228e-07 2.11231033e-07\n 3.64930308e-08 2.01505479e-08]", "hess_inv": "[[ 18.18824956 -12.30918624  -9.92103478  12.93320313  16.16123252\n  -26.52238054]\n [-12.30918624  16.50088793   3.81968309 -10.55396412 -10.23343069\n   22.51762854]\n [ -9.92103478   3.81968309  11.89060908 -10.40890033 -10.28351742\n   14.72732599]\n [ 12.93320313 -10.55396412 -10.40890033  15.75045086  13.52620972\n  -23.66632031]\n [ 16.16123252 -10.23343069 -10.28351742  13.52620972  19.05572429\n  -27.84389685]\n [-26.52238054  22.51762854  14.72732599 -23.66632031 -27.84389685\n   49.71186585]]", "nfev": "445", "njev": "62", "status": "2", "success": "False", "message": "Desired error not necessarily achieved due to precision loss.", "x": "[0.85591837 1.20216813 7.83538299 5.26314817 1.76047187 0.46329927]", "nit": "33", "callback": [0.09727894542644289, 0.07153483100547164, 0.06719762971974386]}, "15": {"maxiter": 500, "gtol": 1e-10, "xrtol": 1e-10, "eps": 1e-10, "duration": 0.19414281845092773, "fun": "0.06719747058512426", "jac": "[ 1.11022293e-06  0.00000000e+00  3.33066880e-06  1.11022293e-06\n  2.22044587e-06 -1.11022293e-06]", "hess_inv": "[[   4.79556647   24.55464233  -18.16994113   -3.2663653    10.61422058\n     8.28770423]\n [  24.55464233  208.6448067  -154.24893017  -21.70467359   79.97571286\n    72.02944818]\n [ -18.16994113 -154.24893017  116.28751173   15.83161876  -60.48285749\n   -52.97375339]\n [  -3.2663653   -21.70467359   15.83161876    4.65832273   -6.52414789\n    -9.66794704]\n [  10.61422058   79.97571286  -60.48285749   -6.52414789   34.33197762\n    25.10712417]\n [   8.28770423   72.02944818  -52.97375339   -9.66794704   25.10712417\n    29.76856893]]", "nfev": "610", "njev": "86", "status": "0", "success": "True", "message": "Optimization terminated successfully.", "x": "[0.85593651 1.2021537  7.83538018 5.26315961 1.76049472 0.46326859]", "nit": "36", "callback": [0.09727829434160151, 0.07153377494948665, 0.06719759675861936]}, "1