{"date": "2024/09/24/, 01:57:21", "conf_id": 196, "data_type": "non_lin_ind\n", "num_data_points": 2, "s_rank": 0, "unitary": "[[-0.56303964-0.00798273j,-0.21670212-0.15784972j,-0.06047197-0.73952673j,-0.01438004+0.24552571j],[-0.06976756+0.23474685j,-0.01275565-0.5435098j,-0.02703657-0.08917885j,-0.08210486-0.79311774j],[-0.38559961+0.10714929j,0.5933431-0.2687392j,-0.24060861+0.29149289j,-0.45147719+0.26241743j],[-0.50180421+0.45931857j,-0.11617175+0.44134496j,0.49642745+0.22684508j,-0.08544628-0.15407063j]]", "databatch_0": {"databatch": "[[[-0.1591997-0.15057657j,0.44429864-0.07037414j,-0.18783065+0.07576117j,0.04836841+0.00447901j],[-0.04203515+0.22153897j,0.1772575-0.01771084j,0.12771746-0.3534731j,-0.09794541-0.16544979j],[0.18048499-0.2370056j,-0.06988321-0.08036866j,-0.08224219+0.01024118j,-0.0175642-0.27639833j],[-0.19192296+0.09365598j,-0.06437314+0.09768334j,-0.25790378-0.01533584j,0.35584585-0.09547936j]],[[0.2848429-0.27614779j,-0.2398081-0.21571653j,-0.18583069+0.11118361j,-0.1310791-0.13616931j],[0.0214289-0.11070562j,-0.10050058+0.14705603j,-0.13603072+0.10030506j,0.04090731+0.16714991j],[-0.2282482+0.08244821j,0.00084244+0.1344525j,-0.0810091+0.16553632j,-0.0789803-0.01814133j],[-0.3454204+0.18323566j,0.31643397+0.2865368j,0.09607709+0.17210361j,0.24698929+0.02906168j]]]", "initial param values": "[3.79554384,3.6575615,1.12078174,0.96999449,3.73775252,5.27280036]", "nelder_mead": {"type": "gradient-free", "0": {"maxiter": 100, "fatol": 1e-05, "xatol": 1e-05, "duration": 0.03687691688537598, "fun": "0.6341175301948916", "nit": "100", "nfev": "158", "status": "2", "success": "False", "message": "Maximum number of iterations has been exceeded.", "x": "[2.93836544 1.72602102 2.04495883 1.31399396 2.23773783 3.46067733]", "final_simplex": "(array([[2.93836544, 1.72602102, 2.04495883, 1.31399396, 2.23773783,\n        3.46067733],\n       [2.89654725, 1.74580371, 2.04782718, 1.33342646, 2.18930629,\n        3.50651146],\n       [2.87444846, 1.73504035, 2.055291  , 1.33854812, 2.25142935,\n        3.41160754],\n       [2.83732777, 1.75280025, 2.05635092, 1.34261473, 2.24561559,\n        3.45417821],\n       [2.85458635, 1.70228428, 2.07609151, 1.34825599, 2.21960834,\n        3.38192349],\n       [2.90982961, 1.73564584, 2.05128932, 1.33551093, 2.26128538,\n        3.42454492],\n       [2.80851696, 1.79304737, 2.06568767, 1.35562458, 2.03687492,\n        3.57735834]]), array([0.63411753, 0.63463619, 0.63466382, 0.6347904 , 0.63483637,\n       0.63489651, 0.63509569]))", "callback": [0.8053437822599397, 0.8053437822599397, 0.75533327732704, 0.657893753264153, 0.644236163091531, 0.642097485994256, 0.6400789371471693, 0.6357545635833857, 0.6350956904386061]}, "1": {"maxiter": 100, "fatol": 1e-05, "xatol": 1e-10, "duration": 0.03636884689331055, "fun": "0.6341175301948916", "nit": "100", "nfev": "158", "status": "2", "success": "False", "message": "Maximum number of iterations has been exceeded.", "x": "[2.93836544 1.72602102 2.04495883 1.31399396 2.23773783 3.46067733]", "final_simplex": "(array([[2.93836544, 1.72602102, 2.04495883, 1.31399396, 2.23773783,\n        3.46067733],\n       [2.89654725, 1.74580371, 2.04782718, 1.33342646, 2.18930629,\n        3.50651146],\n       [2.87444846, 1.73504035, 2.055291  , 1.33854812, 2.25142935,\n        3.41160754],\n       [2.83732777, 1.75280025, 2.05635092, 1.34261473, 2.24561559,\n        3.45417821],\n       [2.85458635, 1.70228428, 2.07609151, 1.34825599, 2.21960834,\n        3.38192349],\n       [2.90982961, 1.73564584, 2.05128932, 1.33551093, 2.26128538,\n        3.42454492],\n       [2.80851696, 1.79304737, 2.06568767, 1.35562458, 2.03687492,\n        3.57735834]]), array([0.63411753, 0.63463619, 0.63466382, 0.6347904 , 0.63483637,\n       0.63489651, 0.63509569]))", "callback": [0.8053437822599397, 0.8053437822599397, 0.75533327732704, 0.657893753264153, 0.644236163091531, 0.642097485994256, 0.6400789371471693, 0.6357545635833857, 0.6350956904386061]}, "2": {"maxiter": 100, "fatol": 1e-10, "xatol": 1e-05, "duration": 0.03547811508178711, "fun": "0.6341175301948916", "nit": "100", "nfev": "158", "status": "2", "success": "False", "message": "Maximum number of iterations has been exceeded.", "x": "[2.93836544 1.72602102 2.04495883 1.31399396 2.23773783 3.46067733]", "final_simplex": "(array([[2.93836544, 1.72602102, 2.04495883, 1.31399396, 2.23773783,\n        3.46067733],\n       [2.89654725, 1.74580371, 2.04782718, 1.33342646, 2.18930629,\n        3.50651146],\n       [2.87444846, 1.73504035, 2.055291  , 1.33854812, 2.25142935,\n        3.41160754],\n       [2.83732777, 1.75280025, 2.05635092, 1.34261473, 2.24561559,\n        3.45417821],\n       [2.85458635, 1.70228428, 2.07609151, 1.34825599, 2.21960834,\n        3.38192349],\n       [2.90982961, 1.73564584, 2.05128932, 1.33551093, 2.26128538,\n        3.42454492],\n       [2.80851696, 1.79304737, 2.06568767, 1.35562458, 2.03687492,\n        3.57735834]]), array([0.63411753, 0.63463619, 0.63466382, 0.6347904 , 0.63483637,\n       0.63489651, 0.63509569]))", "callback": [0.8053437822599397, 0.8053437822599397, 0.75533327732704, 0.657893753264153, 0.644236163091531, 0.642097485994256, 0.6400789371471693, 0.6357545635833857, 0.6350956904386061]}, "3": {"maxiter": 100, "fatol": 1e-10, "xatol": 1e-10, "duration": 0.036006927490234375, "fun": "0.6341175301948916", "nit": "100", "nfev": "158", "status": "2", "success": "False", "message": "Maximum number of iterations has been exceeded.", "x": "[2.93836544 1.72602102 2.04495883 1.31399396 2.23773783 3.46067733]", "final_simplex": "(array([[2.93836544, 1.72602102, 2.04495883, 1.31399396, 2.23773783,\n        3.46067733],\n       [2.89654725, 1.74580371, 2.04782718, 1.33342646, 2.18930629,\n        3.50651146],\n       [2.87444846, 1.73504035, 2.055291  , 1.33854812, 2.25142935,\n        3.41160754],\n       [2.83732777, 1.75280025, 2.05635092, 1.34261473, 2.24561559,\n        3.45417821],\n       [2.85458635, 1.70228428, 2.07609151, 1.34825599, 2.21960834,\n        3.38192349],\n       [2.90982961, 1.73564584, 2.05128932, 1.33551093, 2.26128538,\n        3.42454492],\n       [2.80851696, 1.79304737, 2.06568767, 1.35562458, 2.03687492,\n        3.57735834]]), array([0.63411753, 0.63463619, 0.63466382, 0.6347904 , 0.63483637,\n       0.63489651, 0.63509569]))", "callback": [0.8053437822599397, 0.8053437822599397, 0.75533327732704, 0.657893753264153, 0.644236163091531, 0.642097485994256, 0.6400789371471693, 0.6357545635833857, 0.6350956904386061]}, "4": {"maxiter": 500, "fatol": 1e-05, "xatol": 1e-05, "duration": 0.17007803916931152, "fun": "0.6024413203102661", "nit": "500", "nfev": "762", "status": "2", "success": "False", "message": "Maximum number of iterations has been exceeded.", "x": "[3.78670983 0.20147882 0.94637249 0.90955269 2.9192851  2.70047332]", "final_simplex": "(array([[3.78670983, 0.20147882, 0.94637249, 0.90955269, 2.9192851 ,\n        2.70047332],\n       [3.83748893, 0.12877781, 0.86449879, 0.89759878, 2.9360093 ,\n        2.69093351],\n       [3.79591617, 0.17934731, 0.91684191, 0.8940391 , 2.94148981,\n        2.69723016],\n       [3.82942481, 0.13529629, 0.89477283, 0.87522923, 2.90865592,\n        2.75265864],\n       [3.77029401, 0.12228758, 0.87080496, 0.8766032 , 2.88645428,\n        2.70333695],\n       [3.72385786, 0.14019817, 0.85566275, 0.87833301, 2.85051465,\n        2.76658451],\n       [3.86742597, 0.24259342, 0.97809891, 0.89426456, 2.92302487,\n        2.67919671]]), array([0.60244132, 0.60265241, 0.60291092, 0.60298188, 0.60298688,\n       0.60303759, 0.60312215]))", "callback": [0.8053437822599397, 0.8053437822599397, 0.75533327732704, 0.657893753264153, 0.644236163091531, 0.642097485994256, 0.6400789371471693, 0.6357545635833857, 0.6350956904386061, 0.6341175301948916, 0.6326836555242985, 0.6277535719789842, 0.6171118849936611, 0.6165002724220421, 0.6160465293032653, 0.6158109304384887, 0.6150397061272912, 0.6144977133946697, 0.6144798854679442, 0.6144665214715979, 0.6144632407856618, 0.614461632555023, 0.6144614185141954, 0.614461397814736, 0.614461390561837, 0.614461387740157, 0.6144613848584143, 0.6144613791713907, 0.6144613537673005, 0.6144613045267846, 0.6144612155897512, 0.614461042067439, 0.6144606910873169, 0.6144597106936581, 0.6144576854108251, 0.6144551496669842, 0.6144522940586148, 0.6144477238822654, 0.6144291569274322, 0.6143597954816511, 0.6141997692243482, 0.6138259488275183, 0.6133156644298359, 0.6121177926172474, 0.6097855440727128, 0.6061112252594051, 0.6051221617170388, 0.6047430221317133, 0.6032552073320397]}, "5": {"maxiter": 500, "fatol": 1e-05, "xatol": 1e-10, "duration": 0.1692798137664795, "fun": "0.6024413203102661", "nit": "500", "nfev": "762", "status": "2", "success": "False", "message": "Maximum number of iterations has been exceeded.", "x": "[3.78670983 0.20147882 0.94637249 0.90955269 2.9192851  2.70047332]", "final_simplex": "(array([[3.78670983, 0.20147882, 0.94637249, 0.90955269, 2.9192851 ,\n        2.70047332],\n       [3.83748893, 0.12877781, 0.86449879, 0.89759878, 2.9360093 ,\n        2.69093351],\n       [3.79591617, 0.17934731, 0.91684191, 0.8940391 , 2.94148981,\n        2.69723016],\n       [3.82942481, 0.13529629, 0.89477283, 0.87522923, 2.90865592,\n        2.75265864],\n       [3.77029401, 0.12228758, 0.87080496, 0.8766032 , 2.88645428,\n        2.70333695],\n       [3.72385786, 0.14019817, 0.85566275, 0.87833301, 2.85051465,\n        2.76658451],\n       [3.86742597, 0.24259342, 0.97809891, 0.89426456, 2.92302487,\n        2.67919671]]), array([0.60244132, 0.60265241, 0.60291092, 0.60298188, 0.60298688,\n       0.60303759, 0.60312215]))", "callback": [0.8053437822599397, 0.8053437822599397, 0.75533327732704, 0.657893753264153, 0.644236163091531, 0.642097485994256, 0.6400789371471693, 0.6357545635833857, 0.6350956904386061, 0.6341175301948916, 0.6326836555242985, 0.6277535719789842, 0.6171118849936611, 0.6165002724220421, 0.6160465293032653, 0.6158109304384887, 0.6150397061272912, 0.6144977133946697, 0.6144798854679442, 0.6144665214715979, 0.6144632407856618, 0.614461632555023, 0.6144614185141954, 0.614461397814736, 0.614461390561837, 0.614461387740157, 0.6144613848584143, 0.6144613791713907, 0.6144613537673005, 0.6144613045267846, 0.6144612155897512, 0.614461042067439, 0.6144606910873169, 0.6144597106936581, 0.6144576854108251, 0.6144551496669842, 0.6144522940586148, 0.6144477238822654, 0.6144291569274322, 0.6143597954816511, 0.6141997692243482, 0.6138259488275183, 0.6133156644298359, 0.6121177926172474, 0.6097855440727128, 0.6061112252594051, 0.6051221617170388, 0.6047430221317133, 0.6032552073320397]}, "6": {"maxiter": 500, "fatol": 1e-10, "xatol": 1e-05, "duration": 0.2029857635498047, "fun": "0.6024413203102661", "nit": "500", "nfev": "762", "status": "2", "success": "False", "message": "Maximum number of iterations has been exceeded.", "x": "[3.78670983 0.20147882 0.94637249 0.90955269 2.9192851  2.70047332]", "final_simplex": "(array([[3.78670983, 0.20147882, 0.94637249, 0.90955269, 2.9192851 ,\n        2.70047332],\n       [3.83748893, 0.12877781, 0.86449879, 0.89759878, 2.9360093 ,\n        2.69093351],\n       [3.79591617, 0.17934731, 0.91684191, 0.8940391 , 2.94148981,\n        2.69723016],\n       [3.82942481, 0.13529629, 0.89477283, 0.87522923, 2.90865592,\n        2.75265864],\n       [3.77029401, 0.12228758, 0.87080496, 0.8766032 , 2.88645428,\n        2.70333695],\n       [3.72385786, 0.14019817, 0.85566275, 0.87833301, 2.85051465,\n        2.76658451],\n       [3.86742597, 0.24259342, 0.97809891, 0.89426456, 2.92302487,\n        2.67919671]]), array([0.60244132, 0.60265241, 0.60291092, 0.60298188, 0.60298688,\n       0.60303759, 0.60312215]))", "callback": [0.8053437822599397, 0.8053437822599397, 0.75533327732704, 0.657893753264153, 0.644236163091531, 0.642097485994256, 0.6400789371471693, 0.6357545635833857, 0.6350956904386061, 0.6341175301948916, 0.6326836555242985, 0.6277535719789842, 0.6171118849936611, 0.6165002724220421, 0.6160465293032653, 0.6158109304384887, 0.6150397061272912, 0.6144977133946697, 0.6144798854679442, 0.6144665214715979, 0.6144632407856618, 0.614461632555023, 0.6144614185141954, 0.614461397814736, 0.614461390561837, 0.614461387740157, 0.6144613848584143, 0.6144613791713907, 0.6144613537673005, 0.6144613045267846, 0.6144612155897512, 0.614461042067439, 0.6144606910873169, 0.6144597106936581, 0.6144576854108251, 0.6144551496669842, 0.6144522940586148, 0.6144477238822654, 0.6144291569274322, 0.6143597954816511, 0.6141997692243482, 0.6138259488275183, 0.6133156644298359, 0.6121177926172474, 0.6097855440727128, 0.6061112252594051, 0.6051221617170388, 0.6047430221317133, 0.6032552073320397]}, "7": {"maxiter": 500, "fatol": 1e-10, "xatol": 1e-10, "duration": 0.1954488754272461, "fun": "0.6024413203102661", "nit": "500", "nfev": "762", "status": "2", "success": "False", "message": "Maximum number of iterations has been exceeded.", "x": "[3.78670983 0.20147882 0.94637249 0.90955269 2.9192851  2.70047332]", "final_simplex": "(array([[3.78670983, 0.20147882, 0.94637249, 0.90955269, 2.9192851 ,\n        2.70047332],\n       [3.83748893, 0.12877781, 0.86449879, 0.89759878, 2.9360093 ,\n        2.69093351],\n       [3.79591617, 0.17934731, 0.91684191, 0.8940391 , 2.94148981,\n        2.69723016],\n       [3.82942481, 0.13529629, 0.89477283, 0.87522923, 2.90865592,\n        2.75265864],\n       [3.77029401, 0.12228758, 0.87080496, 0.8766032 , 2.88645428,\n        2.70333695],\n       [3.72385786, 0.14019817, 0.85566275, 0.87833301, 2.85051465,\n        2.76658451],\n       [3.86742597, 0.24259342, 0.97809891, 0.89426456, 2.92302487,\n        2.67919671]]), array([0.60244132, 0.60265241, 0.60291092, 0.60298188, 0.60298688,\n       0.60303759, 0.60312215]))", "callback": [0.8053437822599397, 0.8053437822599397, 0.75533327732704, 0.657893753264153, 0.644236163091531, 0.642097485994256, 0.6400789371471693, 0.6357545635833857, 0.6350956904386061, 0.6341175301948916, 0.6326836555242985, 0.6277535719789842, 0.6171118849936611, 0.6165002724220421, 0.6160465293032653, 0.6158109304384887, 0.6150397061272912, 0.6144977133946697, 0.6144798854679442, 0.6144665214715979, 0.6144632407856618, 0.614461632555023, 0.6144614185141954, 0.614461397814736, 0.614461390561837, 0.614461387740157, 0.6144613848584143, 0.6144613791713907, 0.6144613537673005, 0.6144613045267846, 0.6144612155897512, 0.614461042067439, 0.6144606910873169, 0.6144597106936581, 0.6144576854108251, 0.6144551496669842, 0.6144522940586148, 0.6144477238822654, 0.6144291569274322, 0.6143597954816511, 0.6141997692243482, 0.6138259488275183, 0.6133156644298359, 0.6121177926172474, 0.6097855440727128, 0.6061112252594051, 0.6051221617170388, 0.6047430221317133, 0.6032552073320397]}, "8": {"maxiter": 1000, "fatol": 1e-05, "xatol": 1e-05, "duration": 0.25125885009765625, "fun": "0.597279755062987", "nit": "704", "nfev": "1099", "status": "0", "success": "True", "message": "Optimization terminated successfully.", "x": "[ 4.00172452 -0.00831812  0.73331177  1.24502575  2.91632998  2.75554923]", "final_simplex": "(array([[ 4.00172452, -0.00831812,  0.73331177,  1.24502575,  2.91632998,\n         2.75554923],\n       [ 4.00173304, -0.00832045,  0.73331586,  1.24502728,  2.91633578,\n         2.75554296],\n       [ 4.00173452, -0.00832178,  0.73330469,  1.24503302,  2.91633427,\n         2.75555394],\n       [ 4.00173267, -0.00831803,  0.73331599,  1.24502886,  2.91633414,\n         2.75554909],\n       [ 4.00173125, -0.00832473,  0.7333094 ,  1.24502888,  2.9163292 ,\n         2.75555031],\n       [ 4.00173085, -0.00831766,  0.73331521,  1.24502422,  2.91632825,\n         2.75554579],\n       [ 4.00172661, -0.00832408,  0.73331131,  1.24502048,  2.91633161,\n         2.75554543]]), array([0.59727976, 0.59727976, 0.59727976, 0.59727976, 0.59727976,\n       0.59727976, 0.59727976]))", "callback": [0.8053437822599397, 0.8053437822599397, 0.75533327732704, 0.657893753264153, 0.644236163091531, 0.642097485994256, 0.6400789371471693, 0.6357545635833857, 0.6350956904386061, 0.6341175301948916, 0.6326836555242985, 0.6277535719789842, 0.6171118849936611, 0.6165002724220421, 0.6160465293032653, 0.6158109304384887, 0.6150397061272912, 0.6144977133946697, 0.6144798854679442, 0.6144665214715979, 0.6144632407856618, 0.614461632555023, 0.6144614185141954, 0.614461397814736, 0.614461390561837, 0.614461387740157, 0.6144613848584143, 0.6144613791713907, 0.6144613537673005, 0.6144613045267846, 0.6144612155897512, 0.614461042067439, 0.6144606910873169, 0.6144597106936581, 0.6144576854108251, 0.6144551496669842, 0.6144522940586148, 0.6144477238822654, 0.6144291569274322, 0.6143597954816511, 0.6141997692243482, 0.6138259488275183, 0.6133156644298359, 0.6121177926172474, 0.6097855440727128, 0.6061112252594051, 0.6051221617170388, 0.6047430221317133, 0.6032552073320397, 0.6024413203102661, 0.6018610320172976, 0.5996403849999057, 0.5976956833091146, 0.5974983850883061, 0.5973229574296899, 0.597285668726478, 0.5972804826879395, 0.5972803190570783, 0.5972801317830977, 0.5972800560455299, 0.597279994155577, 0.5972799095411486, 0.5972798137360003, 0.5972797749207588, 0.5972797619921093, 0.5972797567884924, 0.5972797552640876, 0.5972797551087909, 0.5972797550746572, 0.597279755063469]}, "9": {"maxiter": 1000, "fatol": 1e-05, "xatol": 1e-10, "duration": 0.3398289680480957, "fun": "0.597279755055212", "nit": "856", "nfev": "1397", "status": "0", "success": "True", "message": "Optimization terminated successfully.", "x": "[ 4.00173199 -0.00832331  0.733308    1.24503824  2.91633639  2.75554554]", "final_simplex": "(array([[ 4.00173199, -0.00832331,  0.733308  ,  1.24503824,  2.91633639,\n         2.75554554],\n       [ 4.00173199, -0.00832331,  0.733308  ,  1.24503824,  2.91633639,\n         2.75554554],\n       [ 4.00173199, -0.00832331,  0.733308  ,  1.24503824,  2.91633639,\n         2.75554554],\n       [ 4.00173199, -0.00832331,  0.733308  ,  1.24503824,  2.91633639,\n         2.75554554],\n       [ 4.00173199, -0.00832331,  0.733308  ,  1.24503824,  2.91633639,\n         2.75554554],\n       [ 4.00173199, -0.00832331,  0.733308  ,  1.24503824,  2.91633639,\n         2.75554554],\n       [ 4.00173199, -0.00832331,  0.733308  ,  1.24503824,  2.91633639,\n         2.75554554]]), array([0.59727976, 0.59727976, 0.59727976, 0.59727976, 0.59727976,\n       0.59727976, 0.59727976]))", "callback": [0.8053437822599397, 0.8053437822599397, 0.75533327732704, 0.657893753264153, 0.644236163091531, 0.642097485994256, 0.6400789371471693, 0.6357545635833857, 0.6350956904386061, 0.6341175301948916, 0.6326836555242985, 0.6277535719789842, 0.6171118849936611, 0.6165002724220421, 0.6160465293032653, 0.6158109304384887, 0.6150397061272912, 0.6144977133946697, 0.6144798854679442, 0.6144665214715979, 0.6144632407856618, 0.614461632555023, 0.6144614185141954, 0.614461397814736, 0.614461390561837, 0.614461387740157, 0.6144613848584143, 0.6144613791713907, 0.6144613537673005, 0.6144613045267846, 0.6144612155897512, 0.614461042067439, 0.6144606910873169, 0.6144597106936581, 0.6144576854108251, 0.6144551496669842, 0.6144522940586148, 0.6144477238822654, 0.6144291569274322, 0.6143597954816511, 0.6141997692243482, 0.6138259488275183, 0.6133156644298359, 0.6121177926172474, 0.6097855440727128, 0.6061112252594051, 0.6051221617170388, 0.6047430221317133, 0.6032552073320397, 0.6024413203102661, 0.6018610320172976, 0.5996403849999057, 0.5976956833091146, 0.5974983850883061, 0.5973229574296899, 0.597285668726478, 0.5972804826879395, 0.5972803190570783, 0.5972801317830977, 0.5972800560455299, 0.597279994155577, 0.5972799095411486, 0.5972798137360003, 0.5972797749207588, 0.5972797619921093, 0.5972797567884924, 0.5972797552640876, 0.5972797551087909, 0.5972797550746572, 0.597279755063469, 0.5972797550592904, 0.5972797550565767, 0.5972797550564767, 0.5972797550555518, 0.5972797550553902, 0.5972797550552658, 0.5972797550552322, 0.5972797550552276, 0.597279755055218, 0.5972797550552158, 0.5972797550552129, 0.5972797550552122, 0.597279755055212, 0.597279755055212, 0.597279755055212]}, "10": {"maxiter": 1000, "fatol": 1e-10, "xatol": 1e-05, "duration": 0.2497389316558838, "fun": "0.597279755062987", "nit": "704", "nfev": "1099", "status": "0", "success": "True", "message": "Optimization terminated successfully.", "x": "[ 4.00172452 -0.00831812  0.73331177  1.24502575  2.91632998  2.75554923]", "final_simplex": "(array([[ 4.00172452, -0.00831812,  0.73331177,  1.24502575,  2.91632998,\n         2.75554923],\n       [ 4.00173304, -0.00832045,  0.73331586,  1.24502728,  2.91633578,\n         2.75554296],\n       [ 4.00173452, -0.00832178,  0.73330469,  1.24503302,  2.91633427,\n         2.75555394],\n       [ 4.00173267, -0.00831803,  0.73331599,  1.24502886,  2.91633414,\n         2.75554909],\n       [ 4.00173125, -0.00832473,  0.7333094 ,  1.24502888,  2.9163292 ,\n         2.75555031],\n       [ 4.00173085, -0.00831766,  0.73331521,  1.24502422,  2.91632825,\n         2.75554579],\n       [ 4.00172661, -0.00832408,  0.73331131,  1.24502048,  2.91633161,\n         2.75554543]]), array([0.59727976, 0.59727976, 0.59727976, 0.59727976, 0.59727976,\n       0.59727976, 0.59727976]))", "callback": [0.8053437822599397, 0.8053437822599397, 0.75533327732704, 0.657893753264153, 0.644236163091531, 0.642097485994256, 0.6400789371471693, 0.6357545635833857, 0.6350956904386061, 0.6341175301948916, 0.6326836555242985, 0.6277535719789842, 0.6171118849936611, 0.6165002724220421, 0.6160465293032653, 0.6158109304384887, 0.6150397061272912, 0.6144977133946697, 0.6144798854679442, 0.6144665214715979, 0.6144632407856618, 0.614461632555023, 0.6144614185141954, 0.614461397814736, 0.614461390561837, 0.614461387740157, 0.6144613848584143, 0.6144613791713907, 0.6144613537673005, 0.6144613045267846, 0.6144612155897512, 0.614461042067439, 0.6144606910873169, 0.6144597106936581, 0.6144576854108251, 0.6144551496669842, 0.6144522940586148, 0.6144477238822654, 0.6144291569274322, 0.6143597954816511, 0.6141997692243482, 0.6138259488275183, 0.6133156644298359, 0.6121177926172474, 0.6097855440727128, 0.6061112252594051, 0.6051221617170388, 0.6047430221317133, 0.6032552073320397, 0.6024413203102661, 0.6018610320172976, 0.5996403849999057, 0.5976956833091146, 0.5974983850883061, 0.5973229574296899, 0.597285668726478, 0.5972804826879395, 0.5972803190570783, 0.5972801317830977, 0.5972800560455299, 0.597279994155577, 0.5972799095411486, 0.5972798137360003, 0.5972797749207588, 0.5972797619921093, 0.5972797567884924, 0.5972797552640876, 0.5972797551087909, 0.5972797550746572, 0.597279755063469]}, "11": {"maxiter": 1000, "fatol": 1e-10, "xatol": 1e-10, "duration": 0.31937313079833984, "fun": "0.597279755055212", "nit": "856", "nfev": "1397", "status": "0", "success": "True", "message": "Optimization terminated successfully.", "x": "[ 4.00173199 -0.00832331  0.733308    1.24503824  2.91633639  2.75554554]", "final_simplex": "(array([[ 4.00173199, -0.00832331,  0.733308  ,  1.24503824,  2.91633639,\n         2.75554554],\n       [ 4.00173199, -0.00832331,  0.733308  ,  1.24503824,  2.91633639,\n         2.75554554],\n       [ 4.00173199, -0.00832331,  0.733308  ,  1.24503824,  2.91633639,\n         2.75554554],\n       [ 4.00173199, -0.00832331,  0.733308  ,  1.24503824,  2.91633639,\n         2.75554554],\n       [ 4.00173199, -0.00832331,  0.733308  ,  1.24503824,  2.91633639,\n         2.75554554],\n       [ 4.00173199, -0.00832331,  0.733308  ,  1.24503824,  2.91633639,\n         2.75554554],\n       [ 4.00173199, -0.00832331,  0.733308  ,  1.24503824,  2.91633639,\n         2.75554554]]), array([0.59727976, 0.59727976, 0.59727976, 0.59727976, 0.59727976,\n       0.59727976, 0.59727976]))", "callback": [0.8053437822599397, 0.8053437822599397, 0.75533327732704, 0.657893753264153, 0.644236163091531, 0.642097485994256, 0.6400789371471693, 0.6357545635833857, 0.6350956904386061, 0.6341175301948916, 0.6326836555242985, 0.6277535719789842, 0.6171118849936611, 0.6165002724220421, 0.6160465293032653, 0.6158109304384887, 0.6150397061272912, 0.6144977133946697, 0.6144798854679442, 0.6144665214715979, 0.6144632407856618, 0.614461632555023, 0.6144614185141954, 0.614461397814736, 0.614461390561837, 0.614461387740157, 0.6144613848584143, 0.6144613791713907, 0.6144613537673005, 0.6144613045267846, 0.6144612155897512, 0.614461042067439, 0.6144606910873169, 0.6144597106936581, 0.6144576854108251, 0.6144551496669842, 0.6144522940586148, 0.6144477238822654, 0.6144291569274322, 0.6143597954816511, 0.6141997692243482, 0.6138259488275183, 0.6133156644298359, 0.6121177926172474, 0.6097855440727128, 0.6061112252594051, 0.6051221617170388, 0.6047430221317133, 0.6032552073320397, 0.6024413203102661, 0.6018610320172976, 0.5996403849999057, 0.5976956833091146, 0.5974983850883061, 0.5973229574296899, 0.597285668726478, 0.5972804826879395, 0.5972803190570783, 0.5972801317830977, 0.5972800560455299, 0.597279994155577, 0.5972799095411486, 0.5972798137360003, 0.5972797749207588, 0.5972797619921093, 0.5972797567884924, 0.5972797552640876, 0.5972797551087909, 0.5972797550746572, 0.597279755063469, 0.5972797550592904, 0.5972797550565767, 0.5972797550564767, 0.5972797550555518, 0.5972797550553902, 0.5972797550552658, 0.5972797550552322, 0.5972797550552276, 0.597279755055218, 0.5972797550552158, 0.5972797550552129, 0.5972797550552122, 0.597279755055212, 0.597279755055212, 0.597279755055212]}}, "bfgs": {"type": "gradient", "0": {"maxiter": 100, "gtol": 1e-05, "xrtol": 1e-05, "eps": 1e-05, "duration": 0.05324411392211914, "fun": "0.3530265171172753", "jac": "[-2.52982080e-06  5.00899322e-07  2.57704968e-06 -3.91386923e-06\n  1.39088741e-06  2.19708696e-06]", "hess_inv": "[[ 5.04515565  0.89758743 -0.21539088 -0.53273462  1.13768973 -0.37445002]\n [ 0.89758743  6.48357613 -2.77140691  1.18250378  1.51454015 -1.51797196]\n [-0.21539088 -2.77140691  5.8749411  -0.77694221 -1.61758069 -2.22088398]\n [-0.53273462  1.18250378 -0.77694221  4.23927925  0.06311308  0.20534249]\n [ 1.13768973  1.51454015 -1.61758069  0.06311308  4.38887678  1.28415837]\n [-0.37445002 -1.51797196 -2.22088398  0.20534249  1.28415837  5.65406325]]", "nfev": "231", "njev": "33", "status": "0", "success": "True", "message": "Optimization terminated successfully.", "x": "[0.93395076 0.05038287 0.38746197 1.90107881 0.08444248 5.01100094]", "nit": "27", "callback": [0.6177046442559181, 0.356148786355438]}, "1": {"maxiter": 100, "gtol": 1e-05, "xrtol": 1e-05, "eps": 1e-10, "duration": 0.05331087112426758, "fun": "0.3530265170785274", "jac": "[ 0.00000000e+00  2.22044602e-06  4.44089173e-06 -2.22044587e-06\n  3.33066926e-06  4.44089173e-06]", "hess_inv": "[[ 4.99616092  0.87292123 -0.21777755 -0.57218526  1.13026784 -0.34023036]\n [ 0.87292123  6.43955944 -2.7323605   1.13447377  1.49405235 -1.50209351]\n [-0.21777755 -2.7323605   5.83191636 -0.73764205 -1.60035936 -2.22762727]\n [-0.57218526  1.13447377 -0.73764205  4.23271314  0.03016651  0.23530645]\n [ 1.13026784  1.49405235 -1.60035936  0.03016651  4.38421908  1.27394673]\n [-0.34023036 -1.50209351 -2.22762727  0.23530645  1.27394673  5.64661402]]", "nfev": "231", "njev": "33", "status": "0", "success": "True", "message": "Optimization terminated successfully.", "x": "[0.93396501 0.05039798 0.38745644 1.90108189 0.08445899 5.01100255]", "nit": "27", "callback": [0.6177113488517687, 0.35614042097314025]}, "2": {"maxiter": 100, "gtol": 1e-05, "xrtol": 1e-10, "eps": 1e-05, "duration": 0.05252790451049805, "fun": "0.3530265171172753", "jac": "[-2.52982080e-06  5.00899322e-07  2.57704968e-06 -3.91386923e-06\n  1.39088741e-06  2.19708696e-06]", "hess_inv": "[[ 5.04515565  0.89758743 -0.21539088 -0.53273462  1.13768973 -0.37445002]\n [ 0.89758743  6.48357613 -2.77140691  1.18250378  1.51454015 -1.51797196]\n [-0.21539088 -2.77140691  5.8749411  -0.77694221 -1.61758069 -2.22088398]\n [-0.53273462  1.18250378 -0.77694221  4.23927925  0.06311308  0.20534249]\n [ 1.13768973  1.51454015 -1.61758069  0.06311308  4.38887678  1.28415837]\n [-0.37445002 -1.51797196 -2.22088398  0.20534249  1.28415837  5.65406325]]", "nfev": "231", "njev": "33", "status": "0", "success": "True", "message": "Optimization terminated successfully.", "x": "[0.93395076 0.05038287 0.38746197 1.90107881 0.08444248 5.01100094]", "nit": "27", "callback": [0.6177046442559181, 0.356148786355438]}, "3": {"maxiter": 100, "gtol": 1e-05, "xrtol": 1e-10, "eps": 1e-10, "duration": 0.05291914939880371, "fun": "0.3530265170785274", "jac": "[ 0.00000000e+00  2.22044602e-06  4.44089173e-06 -2.22044587e-06\n  3.33066926e-06  4.44089173e-06]", "hess_inv": "[[ 4.99616092  0.87292123 -0.21777755 -0.57218526  1.13026784 -0.34023036]\n [ 0.87292123  6.43955944 -2.7323605   1.13447377  1.49405235 -1.50209351]\n [-0.21777755 -2.7323605   5.83191636 -0.73764205 -1.60035936 -2.22762727]\n [-0.57218526  1.13447377 -0.73764205  4.23271314  0.03016651  0.23530645]\n [ 1.13026784  1.49405235 -1.60035936  0.03016651  4.38421908  1.27394673]\n [-0.34023036 -1.50209351 -2.22762727  0.23530645  1.27394673  5.64661402]]", "nfev": "231", "njev": "33", "status": "0", "success": "True", "message": "Optimization terminated successfully.", "x": "[0.93396501 0.05039798 0.38745644 1.90108189 0.08445899 5.01100255]", "nit": "27", "callback": [0.6177113488517687, 0.35614042097314025]}, "4": {"maxiter": 100, "gtol": 1e-10, "xrtol": 1e-05, "eps": 1e-05, "duration": 0.05407309532165527, "fun": "0.35302651703877985", "jac": "[-8.06021916e-09 -1.13853371e-07  1.54964930e-07 -9.57012247e-09\n  2.89968050e-07 -8.49875725e-08]", "hess_inv": "[[ 4.87668961e+00  6.83136621e-01 -3.33943403e-02 -8.22663986e-01\n   1.18272158e+00 -2.31047585e-01]\n [ 6.83136621e-01  6.43570989e+00 -2.72905294e+00  1.15984285e+00\n   1.48382025e+00 -1.53794313e+00]\n [-3.33943403e-02 -2.72905294e+00  5.83754056e+00 -7.55046107e-01\n  -1.59218708e+00 -2.20549296e+00]\n [-8.22663986e-01  1.15984285e+00 -7.55046107e-01  4.27335114e+00\n   5.13449048e-03  1.40512306e-01]\n [ 1.18272158e+00  1.48382025e+00 -1.59218708e+00  5.13449048e-03\n   4.41127293e+00  1.32502939e+00]\n [-2.31047585e-01 -1.53794313e+00 -2.20549296e+00  1.40512306e-01\n   1.32502939e+00  5.71417780e+00]]", "nfev": "238", "njev": "34", "status": "0", "success": "True", "message": "Optimization terminated successfully.", "x": "[0.93395848 0.05039426 0.38745231 1.9010945  0.08443981 5.01099296]", "nit": "28", "callback": [0.6177046442559181, 0.356148786355438]}, "5": {"maxiter": 100, "gtol": 1e-10, "xrtol": 1e-05, "eps": 1e-10, "duration": 0.05460309982299805, "fun": "0.3530265170578526", "jac": "[-2.22044587e-06 -2.22044602e-06 -3.33066880e-06 -2.22044587e-06\n -2.22044617e-06 -4.44089173e-06]", "hess_inv": "[[ 5.06578053  0.83422656 -0.10444938 -0.73120922  1.41680635 -0.06724634]\n [ 0.83422656  6.41627922 -2.68868871  1.09751654  1.54381873 -1.44883243]\n [-0.10444938 -2.68868871  5.76238389 -0.69799997 -1.63171932 -2.27143282]\n [-0.73120922  1.09751654 -0.69799997  4.24516065 -0.03935035  0.18544697]\n [ 1.41680635  1.54381873 -1.63171932 -0.03935035  4.58800401  1.44079452]\n [-0.06724634 -1.44883243 -2.27143282  0.18544697  1.44079452  5.77879942]]", "nfev": "238", "njev": "34", "status": "0", "success": "True", "message": "Optimization terminated successfully.", "x": "[0.93395758 0.0503994  0.38745079 1.90109129 0.08444104 5.01098581]", "nit": "28", "callback": [0.6177113488517687, 0.35614042097314025]}, "6": {"maxiter": 100, "gtol": 1e-10, "xrtol": 1e-10, "eps": 1e-05, "duration": 0.10885381698608398, "fun": "0.35302651703877985", "jac": "[-8.06021916e-09 -1.13853371e-07  1.54964930e-07 -9.57012247e-09\n  2.89968050e-07 -8.49875725e-08]", "hess_inv": "[[ 4.83298282  0.68249238 -0.06095657 -0.85935358  1.14384067 -0.1851706 ]\n [ 0.68249238  6.52889024 -2.84949135  1.23539695  1.40437295 -1.53619862]\n [-0.06095657 -2.84949135  5.97476542 -0.87619638 -1.51511301 -2.17793815]\n [-0.85935358  1.23539695 -0.87619638  4.30468802 -0.09190938  0.17989598]\n [ 1.14384067  1.40437295 -1.51511301 -0.09190938  4.44344273  1.36493671]\n [-0.1851706  -1.53619862 -2.17793815  0.17989598  1.36493671  5.6660351 ]]", "nfev": "480", "njev": "67", "status": "2", "success": "False", "message": "Desired error not necessarily achieved due to precision loss.", "x": "[0.93395848 0.05039426 0.38745231 1.9010945  0.08443981 5.01099296]", "nit": "28", "callback": [0.6177046442559181, 0.356148786355438]}, "7": {"maxiter": 100, "gtol": 1e-10, "xrtol": 1e-10, "eps": 1e-10, "duration": 0.07972407341003418, "fun": "0.35302651702618726", "jac": "[0. 0. 0. 0. 0. 0.]", "hess_inv": "[[ 0.04056276 -0.00516997 -0.10097468  0.01065045 -0.04753617 -0.03456295]\n [-0.00516997  0.41214489 -0.24108321 -0.12942219  0.15020373 -0.41429464]\n [-0.10097468 -0.24108321  0.47313175  0.10751833 -0.02287167  0.39491609]\n [ 0.01065045 -0.12942219  0.10751833  0.10168598 -0.11812648  0.17952036]\n [-0.04753617  0.15020373 -0.02287167 -0.11812648  0.21112702 -0.16449817]\n [-0.03456295 -0.41429464  0.39491609  0.17952036 -0.16449817  0.52107115]]", "nfev": "350", "njev": "50", "status": "0", "success": "True", "message": "Optimization terminated successfully.", "x": "[0.93395984 0.0503957  0.38745538 1.90109808 0.08444192 5.01099507]", "nit": "39", "callback": [0.6177113488517687, 0.35614042097314025, 0.353026517028479]}, "8": {"maxiter": 500, "gtol": 1e-05, "xrtol": 1e-05, "eps": 1e-05, "duration": 0.05218386650085449, "fun": "0.3530265171172753", "jac": "[-2.52982080e-06  5.00899322e-07  2.57704968e-06 -3.91386923e-06\n  1.39088741e-06  2.19708696e-06]", "hess_inv": "[[ 5.04515565  0.89758743 -0.21539088 -0.53273462  1.13768973 -0.37445002]\n [ 0.89758743  6.48357613 -2.77140691  1.18250378  1.51454015 -1.51797196]\n [-0.21539088 -2.77140691  5.8749411  -0.77694221 -1.61758069 -2.22088398]\n [-0.53273462  1.18250378 -0.77694221  4.23927925  0.06311308  0.20534249]\n [ 1.13768973  1.51454015 -1.61758069  0.06311308  4.38887678  1.28415837]\n [-0.37445002 -1.51797196 -2.22088398  0.20534249  1.28415837  5.65406325]]", "nfev": "231", "njev": "33", "status": "0", "success": "True", "message": "Optimization terminated successfully.", "x": "[0.93395076 0.05038287 0.38746197 1.90107881 0.08444248 5.01100094]", "nit": "27", "callback": [0.6177046442559181, 0.356148786355438]}, "9": {"maxiter": 500, "gtol": 1e-05, "xrtol": 1e-05, "eps": 1e-10, "duration": 0.053069114685058594, "fun": "0.3530265170785274", "jac": "[ 0.00000000e+00  2.22044602e-06  4.44089173e-06 -2.22044587e-06\n  3.33066926e-06  4.44089173e-06]", "hess_inv": "[[ 4.99616092  0.87292123 -0.21777755 -0.57218526  1.13026784 -0.34023036]\n [ 0.87292123  6.43955944 -2.7323605   1.13447377  1.49405235 -1.50209351]\n [-0.21777755 -2.7323605   5.83191636 -0.73764205 -1.60035936 -2.22762727]\n [-0.57218526  1.13447377 -0.73764205  4.23271314  0.03016651  0.23530645]\n [ 1.13026784  1.49405235 -1.60035936  0.03016651  4.38421908  1.27394673]\n [-0.34023036 -1.50209351 -2.22762727  0.23530645  1.27394673  5.64661402]]", "nfev": "231", "njev": "33", "status": "0", "success": "True", "message": "Optimization terminated successfully.", "x": "[0.93396501 0.05039798 0.38745644 1.90108189 0.08445899 5.01100255]", "nit": "27", "callback": [0.6177113488517687, 0.35614042097314025]}, "10": {"maxiter": 500, "gtol": 1e-05, "xrtol": 1e-10, "eps": 1e-05, "duration": 0.05211806297302246, "fun": "0.3530265171172753", "jac": "[-2.52982080e-06  5.00899322e-07  2.57704968e-06 -3.91386923e-06\n  1.39088741e-06  2.19708696e-06]", "hess_inv": "[[ 5.04515565  0.89758743 -0.21539088 -0.53273462  1.13768973 -0.37445002]\n [ 0.89758743  6.48357613 -2.77140691  1.18250378  1.51454015 -1.51797196]\n [-0.21539088 -2.77140691  5.8749411  -0.77694221 -1.61758069 -2.22088398]\n [-0.53273462  1.18250378 -0.77694221  4.23927925  0.06311308  0.20534249]\n [ 1.13768973  1.51454015 -1.61758069  0.06311308  4.38887678  1.28415837]\n [-0.37445002 -1.51797196 -2.22088398  0.20534249  1.28415837  5.65406325]]", "nfev": "231", "njev": "33", "status": "0", "success": "True", "message": "Optimization terminated successfully.", "x": "[0.93395076 0.05038287 0.38746197 1.90107881 0.08444248 5.01100094]", "nit": "27", "callback": [0.6177046442559181, 0.356148786355438]}, "11": {"maxiter": 500, "gtol": 1e-05, "xrtol": 1e-10, "eps": 1e-10, "duration": 0.053169965744018555, "fun": "0.3530265170785274", "jac": "[ 0.00000000e+00  2.22044602e-06  4.44089173e-06 -2.22044587e-06\n  3.33066926e-06  4.44089173e-06]", "hess_inv": "[[ 4.99616092  0.87292123 -0.21777755 -0.57218526  1.13026784 -0.34023036]\n [ 0.87292123  6.43955944 -2.7323605   1.13447377  1.49405235 -1.50209351]\n [-0.21777755 -2.7323605   5.83191636 -0.73764205 -1.60035936 -2.22762727]\n [-0.57218526  1.13447377 -0.73764205  4.23271314  0.03016651  0.23530645]\n [ 1.13026784  1.49405235 -1.60035936  0.03016651  4.38421908  1.27394673]\n [-0.34023036 -1.50209351 -2.22762727  0.23530645  1.27394673  5.64661402]]", "nfev": "231", "njev": "33", "status": "0", "success": "True", "message": "Optimization terminated successfully.", "x": "[0.93396501 0.05039798 0.38745644 1.90108189 0.08445899 5.01100255]", "nit": "27", "callback": [0.6177113488517687, 0.35614042097314025]}, "12": {"maxiter": 500, "gtol": 1e-10, "xrtol": 1e-05, "eps": 1e-05, "duration": 0.0539858341217041, "fun": "0.35302651703877985", "jac": "[-8.06021916e-09 -1.13853371e-07  1.54964930e-07 -9.57012247e-09\n  2.89968050e-07 -8.49875725e-08]", "hess_inv": "[[ 4.87668961e+00  6.83136621e-01 -3.33943403e-02 -8.22663986e-01\n   1.18272158e+00 -2.31047585e-01]\n [ 6.83136621e-01  6.43570989e+00 -2.72905294e+00  1.15984285e+00\n   1.48382025e+00 -1.53794313e+00]\n [-3.33943403e-02 -2.72905294e+00  5.83754056e+00 -7.55046107e-01\n  -1.59218708e+00 -2.20549296e+00]\n [-8.22663986e-01  1.15984285e+00 -7.55046107e-01  4.27335114e+00\n   5.13449048e-03  1.40512306e-01]\n [ 1.18272158e+00  1.48382025e+00 -1.59218708e+00  5.13449048e-03\n   4.41127293e+00  1.32502939e+00]\n [-2.31047585e-01 -1.53794313e+00 -2.20549296e+00  1.40512306e-01\n   1.32502939e+00  5.71417780e+00]]", "nfev": "238", "njev": "34", "status": "0", "success": "True", "message": "Optimization terminated successfully.", "x": "[0.93395848 0.05039426 0.38745231 1.9010945  0.08443981 5.01099296]", "nit": "28", "callback": [0.6177046442559181, 0.356148786355438]}, "13": {"maxiter": 500, "gtol": 1e-10, "xrtol": 1e-05, "eps": 1e-10, "duration": 0.05450797080993652, "fun": "0.3530265170578526", "jac": "[-2.22044587e-06 -2.22044602e-06 -3.33066880e-06 -2.22044587e-06\n -2.22044617e-06 -4.44089173e-06]", "hess_inv": "[[ 5.06578053  0.83422656 -0.10444938 -0.73120922  1.41680635 -0.06724634]\n [ 0.83422656  6.41627922 -2.68868871  1.09751654  1.54381873 -1.44883243]\n [-0.10444938 -2.68868871  5.76238389 -0.69799997 -1.63171932 -2.27143282]\n [-0.73120922  1.09751654 -0.69799997  4.24516065 -0.03935035  0.18544697]\n [ 1.41680635  1.54381873 -1.63171932 -0.03935035  4.58800401  1.44079452]\n [-0.06724634 -1.44883243 -2.27143282  0.18544697  1.44079452  5.77879942]]", "nfev": "238", "njev": "34", "status": "0", "success": "True", "message": "Optimization terminated successfully.", "x": "[0.93395758 0.0503994  0.38745079 1.90109129 0.08444104 5.01098581]", "nit": "28", "callback": [0.6177113488517687, 0.35614042097314025]}, "14": {"maxiter": 500, "gtol": 1e-10, "xrtol": 1e-10, "eps": 1e-05, "duration": 0.10921788215637207, "fun": "0.35302651703877985", "jac": "[-8.06021916e-09 -1.13853371e-07  1.54964930e-07 -9.57012247e-09\n  2.89968050e-07 -8.49875725e-08]", "hess_inv": "[[ 4.83298282  0.68249238 -0.06095657 -0.85935358  1.14384067 -0.1851706 ]\n [ 0.68249238  6.52889024 -2.84949135  1.23539695  1.40437295 -1.53619862]\n [-0.06095657 -2.84949135  5.97476542 -0.87619638 -1.51511301 -2.17793815]\n [-0.85935358  1.23539695 -0.87619638  4.30468802 -0.09190938  0.17989598]\n [ 1.14384067  1.40437295 -1.51511301 -0.09190938  4.44344273  1.36493671]\n [-0.1851706  -1.53619862 -2.17793815  0