{"date": "2024/09/23/, 19:29:24", "conf_id": 53, "data_type": "random\n", "num_data_points": 3, "s_rank": 0, "unitary": "[[-0.53618537-0.34368723j,-0.12107031-0.46226139j,-0.07699282-0.46603512j,0.36022595-0.11472301j],[0.26026499-0.63450712j,-0.56616638+0.37832564j,-0.14988651+0.08458591j,0.10363514-0.16008501j],[-0.32580188-0.11070003j,-0.36476308-0.23593218j,0.02559343+0.41761608j,-0.25598305+0.6725303j],[0.07406738-0.0126433j,0.28513701+0.19483972j,-0.74939717-0.10299659j,0.29798249+0.46269921j]]", "databatch_0": {"databatch": "[[[-0.11496546-0.01184129j,-0.11107157+0.03640586j,0.10443934+0.14445054j,0.31798059-0.01279867j],[0.07798805-0.16820958j,0.27733982-0.28140042j,-0.16331227-0.27013757j,-0.09532657+0.11078726j],[0.27946533-0.05065747j,0.01658326-0.0650675j,-0.1392766+0.1955317j,-0.07647343+0.46429977j],[-0.08965879+0.01429768j,0.14525567+0.01246186j,0.15556744-0.08642435j,0.30201755-0.10878221j]],[[-0.34520856+0.1559853j,-0.2893214-0.06637067j,-0.03186261+0.2174122j,-0.38936874-0.01225316j],[-0.01722653+0.06264226j,-0.11264442+0.00932989j,0.23546329-0.2965248j,0.06358087+0.12515682j],[0.04975545+0.11881739j,-0.15386976+0.11556747j,0.0907676-0.42900397j,0.23809239-0.06400682j],[-0.04390646-0.02537941j,-0.02015954-0.02336219j,0.1347292-0.10024351j,-0.21365267+0.06486709j]],[[-0.18027004+0.20761688j,0.08635728+0.06055459j,-0.08397168+0.18775584j,-0.13100406-0.21743815j],[0.02765859-0.05970197j,0.28556277-0.01726668j,-0.39158173-0.01205009j,-0.07865319+0.08441797j],[0.08474457-0.10802918j,-0.38251676-0.16083025j,-0.25785717-0.07262102j,0.17667287-0.0283047j],[-0.115492-0.27289613j,0.12433848+0.11021498j,0.27425237-0.08142308j,0.2155631+0.12253677j]]]", "initial param values": "[2.96870118,5.89105206,5.34852112,5.69316552,5.63901005,4.31786429]", "nelder_mead": {"type": "gradient-free", "0": {"maxiter": 100, "fatol": 1e-05, "xatol": 1e-05, "duration": 0.05134224891662598, "fun": "0.4717519120468797", "nit": "100", "nfev": "158", "status": "2", "success": "False", "message": "Maximum number of iterations has been exceeded.", "x": "[1.53604894 8.10722343 4.32398092 5.21502925 8.06691501 2.87186257]", "final_simplex": "(array([[1.53604894, 8.10722343, 4.32398092, 5.21502925, 8.06691501,\n        2.87186257],\n       [1.41201779, 8.27772072, 4.37294481, 5.33921642, 8.01633579,\n        2.93033463],\n       [1.52678783, 8.06939505, 4.2708362 , 5.34928839, 7.89954606,\n        3.11161395],\n       [1.45220813, 8.33686275, 4.31635267, 5.27134471, 8.2445738 ,\n        3.11716262],\n       [1.48080212, 8.1789231 , 4.48434145, 5.37794864, 8.12875934,\n        2.99579542],\n       [1.45330596, 8.2511423 , 4.5820679 , 5.18026018, 8.11947121,\n        3.2753415 ],\n       [1.30939658, 8.23475435, 4.38693355, 5.33046623, 8.22114806,\n        3.03451099]]), array([0.47175191, 0.47452874, 0.47627838, 0.47835209, 0.48515586,\n       0.48872974, 0.49084113]))", "callback": [0.7506037364836561, 0.6581190707120419, 0.609682100385547, 0.5819946461138794, 0.570493792099177, 0.5526988355028566, 0.5386977924121488, 0.5116179481555505, 0.4908411261757789]}, "1": {"maxiter": 100, "fatol": 1e-05, "xatol": 1e-10, "duration": 0.04797697067260742, "fun": "0.4717519120468797", "nit": "100", "nfev": "158", "status": "2", "success": "False", "message": "Maximum number of iterations has been exceeded.", "x": "[1.53604894 8.10722343 4.32398092 5.21502925 8.06691501 2.87186257]", "final_simplex": "(array([[1.53604894, 8.10722343, 4.32398092, 5.21502925, 8.06691501,\n        2.87186257],\n       [1.41201779, 8.27772072, 4.37294481, 5.33921642, 8.01633579,\n        2.93033463],\n       [1.52678783, 8.06939505, 4.2708362 , 5.34928839, 7.89954606,\n        3.11161395],\n       [1.45220813, 8.33686275, 4.31635267, 5.27134471, 8.2445738 ,\n        3.11716262],\n       [1.48080212, 8.1789231 , 4.48434145, 5.37794864, 8.12875934,\n        2.99579542],\n       [1.45330596, 8.2511423 , 4.5820679 , 5.18026018, 8.11947121,\n        3.2753415 ],\n       [1.30939658, 8.23475435, 4.38693355, 5.33046623, 8.22114806,\n        3.03451099]]), array([0.47175191, 0.47452874, 0.47627838, 0.47835209, 0.48515586,\n       0.48872974, 0.49084113]))", "callback": [0.7506037364836561, 0.6581190707120419, 0.609682100385547, 0.5819946461138794, 0.570493792099177, 0.5526988355028566, 0.5386977924121488, 0.5116179481555505, 0.4908411261757789]}, "2": {"maxiter": 100, "fatol": 1e-10, "xatol": 1e-05, "duration": 0.05010581016540527, "fun": "0.4717519120468797", "nit": "100", "nfev": "158", "status": "2", "success": "False", "message": "Maximum number of iterations has been exceeded.", "x": "[1.53604894 8.10722343 4.32398092 5.21502925 8.06691501 2.87186257]", "final_simplex": "(array([[1.53604894, 8.10722343, 4.32398092, 5.21502925, 8.06691501,\n        2.87186257],\n       [1.41201779, 8.27772072, 4.37294481, 5.33921642, 8.01633579,\n        2.93033463],\n       [1.52678783, 8.06939505, 4.2708362 , 5.34928839, 7.89954606,\n        3.11161395],\n       [1.45220813, 8.33686275, 4.31635267, 5.27134471, 8.2445738 ,\n        3.11716262],\n       [1.48080212, 8.1789231 , 4.48434145, 5.37794864, 8.12875934,\n        2.99579542],\n       [1.45330596, 8.2511423 , 4.5820679 , 5.18026018, 8.11947121,\n        3.2753415 ],\n       [1.30939658, 8.23475435, 4.38693355, 5.33046623, 8.22114806,\n        3.03451099]]), array([0.47175191, 0.47452874, 0.47627838, 0.47835209, 0.48515586,\n       0.48872974, 0.49084113]))", "callback": [0.7506037364836561, 0.6581190707120419, 0.609682100385547, 0.5819946461138794, 0.570493792099177, 0.5526988355028566, 0.5386977924121488, 0.5116179481555505, 0.4908411261757789]}, "3": {"maxiter": 100, "fatol": 1e-10, "xatol": 1e-10, "duration": 0.04889988899230957, "fun": "0.4717519120468797", "nit": "100", "nfev": "158", "status": "2", "success": "False", "message": "Maximum number of iterations has been exceeded.", "x": "[1.53604894 8.10722343 4.32398092 5.21502925 8.06691501 2.87186257]", "final_simplex": "(array([[1.53604894, 8.10722343, 4.32398092, 5.21502925, 8.06691501,\n        2.87186257],\n       [1.41201779, 8.27772072, 4.37294481, 5.33921642, 8.01633579,\n        2.93033463],\n       [1.52678783, 8.06939505, 4.2708362 , 5.34928839, 7.89954606,\n        3.11161395],\n       [1.45220813, 8.33686275, 4.31635267, 5.27134471, 8.2445738 ,\n        3.11716262],\n       [1.48080212, 8.1789231 , 4.48434145, 5.37794864, 8.12875934,\n        2.99579542],\n       [1.45330596, 8.2511423 , 4.5820679 , 5.18026018, 8.11947121,\n        3.2753415 ],\n       [1.30939658, 8.23475435, 4.38693355, 5.33046623, 8.22114806,\n        3.03451099]]), array([0.47175191, 0.47452874, 0.47627838, 0.47835209, 0.48515586,\n       0.48872974, 0.49084113]))", "callback": [0.7506037364836561, 0.6581190707120419, 0.609682100385547, 0.5819946461138794, 0.570493792099177, 0.5526988355028566, 0.5386977924121488, 0.5116179481555505, 0.4908411261757789]}, "4": {"maxiter": 500, "fatol": 1e-05, "xatol": 1e-05, "duration": 0.1330280303955078, "fun": "0.4258872455763617", "nit": "258", "nfev": "427", "status": "0", "success": "True", "message": "Optimization terminated successfully.", "x": "[2.025896   8.55957033 4.25993287 4.83540161 7.86685976 2.71044941]", "final_simplex": "(array([[2.025896  , 8.55957033, 4.25993287, 4.83540161, 7.86685976,\n        2.71044941],\n       [2.02589191, 8.55957499, 4.25992655, 4.83540163, 7.86685539,\n        2.71044337],\n       [2.02589825, 8.55957053, 4.25993079, 4.83539744, 7.86685483,\n        2.71044866],\n       [2.02589548, 8.55957188, 4.25993264, 4.83539875, 7.86686104,\n        2.71044361],\n       [2.02589981, 8.55957764, 4.25992965, 4.83540049, 7.86686351,\n        2.71044386],\n       [2.02589957, 8.55956248, 4.25992988, 4.83539836, 7.86686039,\n        2.71044982],\n       [2.02589419, 8.5595669 , 4.2599286 , 4.83539927, 7.86686233,\n        2.71045434]]), array([0.42588725, 0.42588725, 0.42588725, 0.42588725, 0.42588725,\n       0.42588725, 0.42588725]))", "callback": [0.7506037364836561, 0.6581190707120419, 0.609682100385547, 0.5819946461138794, 0.570493792099177, 0.5526988355028566, 0.5386977924121488, 0.5116179481555505, 0.4908411261757789, 0.4620018484992209, 0.4363102111360724, 0.428883595015764, 0.42654953704016807, 0.4260993396995666, 0.42592127984569006, 0.4258981588947227, 0.4258891035284581, 0.42588760190835095, 0.42588731754366327, 0.42588725456448795, 0.42588725134641636, 0.42588724658739974, 0.4258872458296823, 0.42588724561924474, 0.42588724558759716]}, "5": {"maxiter": 500, "fatol": 1e-05, "xatol": 1e-10, "duration": 0.2087409496307373, "fun": "0.42588724556062507", "nit": "379", "nfev": "682", "status": "0", "success": "True", "message": "Optimization terminated successfully.", "x": "[2.02589652 8.55956609 4.25992201 4.83540761 7.86685777 2.71044262]", "final_simplex": "(array([[2.02589652, 8.55956609, 4.25992201, 4.83540761, 7.86685777,\n        2.71044262],\n       [2.02589652, 8.55956609, 4.25992201, 4.83540761, 7.86685777,\n        2.71044262],\n       [2.02589652, 8.55956609, 4.25992201, 4.83540761, 7.86685777,\n        2.71044262],\n       [2.02589652, 8.55956609, 4.25992201, 4.83540761, 7.86685777,\n        2.71044262],\n       [2.02589652, 8.55956609, 4.25992201, 4.83540761, 7.86685777,\n        2.71044262],\n       [2.02589652, 8.55956609, 4.25992201, 4.83540761, 7.86685777,\n        2.71044262],\n       [2.02589652, 8.55956609, 4.25992201, 4.83540761, 7.86685777,\n        2.71044262]]), array([0.42588725, 0.42588725, 0.42588725, 0.42588725, 0.42588725,\n       0.42588725, 0.42588725]))", "callback": [0.7506037364836561, 0.6581190707120419, 0.609682100385547, 0.5819946461138794, 0.570493792099177, 0.5526988355028566, 0.5386977924121488, 0.5116179481555505, 0.4908411261757789, 0.4620018484992209, 0.4363102111360724, 0.428883595015764, 0.42654953704016807, 0.4260993396995666, 0.42592127984569006, 0.4258981588947227, 0.4258891035284581, 0.42588760190835095, 0.42588731754366327, 0.42588725456448795, 0.42588725134641636, 0.42588724658739974, 0.4258872458296823, 0.42588724561924474, 0.42588724558759716, 0.4258872455743127, 0.42588724556746993, 0.4258872455616802, 0.42588724556110313, 0.42588724556080415, 0.4258872455606749, 0.42588724556063906, 0.42588724556062785, 0.42588724556062596, 0.4258872455606254, 0.42588724556062507, 0.42588724556062507]}, "6": {"maxiter": 500, "fatol": 1e-10, "xatol": 1e-05, "duration": 0.12881684303283691, "fun": "0.4258872455763617", "nit": "258", "nfev": "427", "status": "0", "success": "True", "message": "Optimization terminated successfully.", "x": "[2.025896   8.55957033 4.25993287 4.83540161 7.86685976 2.71044941]", "final_simplex": "(array([[2.025896  , 8.55957033, 4.25993287, 4.83540161, 7.86685976,\n        2.71044941],\n       [2.02589191, 8.55957499, 4.25992655, 4.83540163, 7.86685539,\n        2.71044337],\n       [2.02589825, 8.55957053, 4.25993079, 4.83539744, 7.86685483,\n        2.71044866],\n       [2.02589548, 8.55957188, 4.25993264, 4.83539875, 7.86686104,\n        2.71044361],\n       [2.02589981, 8.55957764, 4.25992965, 4.83540049, 7.86686351,\n        2.71044386],\n       [2.02589957, 8.55956248, 4.25992988, 4.83539836, 7.86686039,\n        2.71044982],\n       [2.02589419, 8.5595669 , 4.2599286 , 4.83539927, 7.86686233,\n        2.71045434]]), array([0.42588725, 0.42588725, 0.42588725, 0.42588725, 0.42588725,\n       0.42588725, 0.42588725]))", "callback": [0.7506037364836561, 0.6581190707120419, 0.609682100385547, 0.5819946461138794, 0.570493792099177, 0.5526988355028566, 0.5386977924121488, 0.5116179481555505, 0.4908411261757789, 0.4620018484992209, 0.4363102111360724, 0.428883595015764, 0.42654953704016807, 0.4260993396995666, 0.42592127984569006, 0.4258981588947227, 0.4258891035284581, 0.42588760190835095, 0.42588731754366327, 0.42588725456448795, 0.42588725134641636, 0.42588724658739974, 0.4258872458296823, 0.42588724561924474, 0.42588724558759716]}, "7": {"maxiter": 500, "fatol": 1e-10, "xatol": 1e-10, "duration": 0.20853614807128906, "fun": "0.42588724556062507", "nit": "379", "nfev": "682", "status": "0", "success": "True", "message": "Optimization terminated successfully.", "x": "[2.02589652 8.55956609 4.25992201 4.83540761 7.86685777 2.71044262]", "final_simplex": "(array([[2.02589652, 8.55956609, 4.25992201, 4.83540761, 7.86685777,\n        2.71044262],\n       [2.02589652, 8.55956609, 4.25992201, 4.83540761, 7.86685777,\n        2.71044262],\n       [2.02589652, 8.55956609, 4.25992201, 4.83540761, 7.86685777,\n        2.71044262],\n       [2.02589652, 8.55956609, 4.25992201, 4.83540761, 7.86685777,\n        2.71044262],\n       [2.02589652, 8.55956609, 4.25992201, 4.83540761, 7.86685777,\n        2.71044262],\n       [2.02589652, 8.55956609, 4.25992201, 4.83540761, 7.86685777,\n        2.71044262],\n       [2.02589652, 8.55956609, 4.25992201, 4.83540761, 7.86685777,\n        2.71044262]]), array([0.42588725, 0.42588725, 0.42588725, 0.42588725, 0.42588725,\n       0.42588725, 0.42588725]))", "callback": [0.7506037364836561, 0.6581190707120419, 0.609682100385547, 0.5819946461138794, 0.570493792099177, 0.5526988355028566, 0.5386977924121488, 0.5116179481555505, 0.4908411261757789, 0.4620018484992209, 0.4363102111360724, 0.428883595015764, 0.42654953704016807, 0.4260993396995666, 0.42592127984569006, 0.4258981588947227, 0.4258891035284581, 0.42588760190835095, 0.42588731754366327, 0.42588725456448795, 0.42588725134641636, 0.42588724658739974, 0.4258872458296823, 0.42588724561924474, 0.42588724558759716, 0.4258872455743127, 0.42588724556746993, 0.4258872455616802, 0.42588724556110313, 0.42588724556080415, 0.4258872455606749, 0.42588724556063906, 0.42588724556062785, 0.42588724556062596, 0.4258872455606254, 0.42588724556062507, 0.42588724556062507]}, "8": {"maxiter": 1000, "fatol": 1e-05, "xatol": 1e-05, "duration": 0.1336820125579834, "fun": "0.4258872455763617", "nit": "258", "nfev": "427", "status": "0", "success": "True", "message": "Optimization terminated successfully.", "x": "[2.025896   8.55957033 4.25993287 4.83540161 7.86685976 2.71044941]", "final_simplex": "(array([[2.025896  , 8.55957033, 4.25993287, 4.83540161, 7.86685976,\n        2.71044941],\n       [2.02589191, 8.55957499, 4.25992655, 4.83540163, 7.86685539,\n        2.71044337],\n       [2.02589825, 8.55957053, 4.25993079, 4.83539744, 7.86685483,\n        2.71044866],\n       [2.02589548, 8.55957188, 4.25993264, 4.83539875, 7.86686104,\n        2.71044361],\n       [2.02589981, 8.55957764, 4.25992965, 4.83540049, 7.86686351,\n        2.71044386],\n       [2.02589957, 8.55956248, 4.25992988, 4.83539836, 7.86686039,\n        2.71044982],\n       [2.02589419, 8.5595669 , 4.2599286 , 4.83539927, 7.86686233,\n        2.71045434]]), array([0.42588725, 0.42588725, 0.42588725, 0.42588725, 0.42588725,\n       0.42588725, 0.42588725]))", "callback": [0.7506037364836561, 0.6581190707120419, 0.609682100385547, 0.5819946461138794, 0.570493792099177, 0.5526988355028566, 0.5386977924121488, 0.5116179481555505, 0.4908411261757789, 0.4620018484992209, 0.4363102111360724, 0.428883595015764, 0.42654953704016807, 0.4260993396995666, 0.42592127984569006, 0.4258981588947227, 0.4258891035284581, 0.42588760190835095, 0.42588731754366327, 0.42588725456448795, 0.42588725134641636, 0.42588724658739974, 0.4258872458296823, 0.42588724561924474, 0.42588724558759716]}, "9": {"maxiter": 1000, "fatol": 1e-05, "xatol": 1e-10, "duration": 0.2169208526611328, "fun": "0.42588724556062507", "nit": "379", "nfev": "682", "status": "0", "success": "True", "message": "Optimization terminated successfully.", "x": "[2.02589652 8.55956609 4.25992201 4.83540761 7.86685777 2.71044262]", "final_simplex": "(array([[2.02589652, 8.55956609, 4.25992201, 4.83540761, 7.86685777,\n        2.71044262],\n       [2.02589652, 8.55956609, 4.25992201, 4.83540761, 7.86685777,\n        2.71044262],\n       [2.02589652, 8.55956609, 4.25992201, 4.83540761, 7.86685777,\n        2.71044262],\n       [2.02589652, 8.55956609, 4.25992201, 4.83540761, 7.86685777,\n        2.71044262],\n       [2.02589652, 8.55956609, 4.25992201, 4.83540761, 7.86685777,\n        2.71044262],\n       [2.02589652, 8.55956609, 4.25992201, 4.83540761, 7.86685777,\n        2.71044262],\n       [2.02589652, 8.55956609, 4.25992201, 4.83540761, 7.86685777,\n        2.71044262]]), array([0.42588725, 0.42588725, 0.42588725, 0.42588725, 0.42588725,\n       0.42588725, 0.42588725]))", "callback": [0.7506037364836561, 0.6581190707120419, 0.609682100385547, 0.5819946461138794, 0.570493792099177, 0.5526988355028566, 0.5386977924121488, 0.5116179481555505, 0.4908411261757789, 0.4620018484992209, 0.4363102111360724, 0.428883595015764, 0.42654953704016807, 0.4260993396995666, 0.42592127984569006, 0.4258981588947227, 0.4258891035284581, 0.42588760190835095, 0.42588731754366327, 0.42588725456448795, 0.42588725134641636, 0.42588724658739974, 0.4258872458296823, 0.42588724561924474, 0.42588724558759716, 0.4258872455743127, 0.42588724556746993, 0.4258872455616802, 0.42588724556110313, 0.42588724556080415, 0.4258872455606749, 0.42588724556063906, 0.42588724556062785, 0.42588724556062596, 0.4258872455606254, 0.42588724556062507, 0.42588724556062507]}, "10": {"maxiter": 1000, "fatol": 1e-10, "xatol": 1e-05, "duration": 0.1534709930419922, "fun": "0.4258872455763617", "nit": "258", "nfev": "427", "status": "0", "success": "True", "message": "Optimization terminated successfully.", "x": "[2.025896   8.55957033 4.25993287 4.83540161 7.86685976 2.71044941]", "final_simplex": "(array([[2.025896  , 8.55957033, 4.25993287, 4.83540161, 7.86685976,\n        2.71044941],\n       [2.02589191, 8.55957499, 4.25992655, 4.83540163, 7.86685539,\n        2.71044337],\n       [2.02589825, 8.55957053, 4.25993079, 4.83539744, 7.86685483,\n        2.71044866],\n       [2.02589548, 8.55957188, 4.25993264, 4.83539875, 7.86686104,\n        2.71044361],\n       [2.02589981, 8.55957764, 4.25992965, 4.83540049, 7.86686351,\n        2.71044386],\n       [2.02589957, 8.55956248, 4.25992988, 4.83539836, 7.86686039,\n        2.71044982],\n       [2.02589419, 8.5595669 , 4.2599286 , 4.83539927, 7.86686233,\n        2.71045434]]), array([0.42588725, 0.42588725, 0.42588725, 0.42588725, 0.42588725,\n       0.42588725, 0.42588725]))", "callback": [0.7506037364836561, 0.6581190707120419, 0.609682100385547, 0.5819946461138794, 0.570493792099177, 0.5526988355028566, 0.5386977924121488, 0.5116179481555505, 0.4908411261757789, 0.4620018484992209, 0.4363102111360724, 0.428883595015764, 0.42654953704016807, 0.4260993396995666, 0.42592127984569006, 0.4258981588947227, 0.4258891035284581, 0.42588760190835095, 0.42588731754366327, 0.42588725456448795, 0.42588725134641636, 0.42588724658739974, 0.4258872458296823, 0.42588724561924474, 0.42588724558759716]}, "11": {"maxiter": 1000, "fatol": 1e-10, "xatol": 1e-10, "duration": 0.2069549560546875, "fun": "0.42588724556062507", "nit": "379", "nfev": "682", "status": "0", "success": "True", "message": "Optimization terminated successfully.", "x": "[2.02589652 8.55956609 4.25992201 4.83540761 7.86685777 2.71044262]", "final_simplex": "(array([[2.02589652, 8.55956609, 4.25992201, 4.83540761, 7.86685777,\n        2.71044262],\n       [2.02589652, 8.55956609, 4.25992201, 4.83540761, 7.86685777,\n        2.71044262],\n       [2.02589652, 8.55956609, 4.25992201, 4.83540761, 7.86685777,\n        2.71044262],\n       [2.02589652, 8.55956609, 4.25992201, 4.83540761, 7.86685777,\n        2.71044262],\n       [2.02589652, 8.55956609, 4.25992201, 4.83540761, 7.86685777,\n        2.71044262],\n       [2.02589652, 8.55956609, 4.25992201, 4.83540761, 7.86685777,\n        2.71044262],\n       [2.02589652, 8.55956609, 4.25992201, 4.83540761, 7.86685777,\n        2.71044262]]), array([0.42588725, 0.42588725, 0.42588725, 0.42588725, 0.42588725,\n       0.42588725, 0.42588725]))", "callback": [0.7506037364836561, 0.6581190707120419, 0.609682100385547, 0.5819946461138794, 0.570493792099177, 0.5526988355028566, 0.5386977924121488, 0.5116179481555505, 0.4908411261757789, 0.4620018484992209, 0.4363102111360724, 0.428883595015764, 0.42654953704016807, 0.4260993396995666, 0.42592127984569006, 0.4258981588947227, 0.4258891035284581, 0.42588760190835095, 0.42588731754366327, 0.42588725456448795, 0.42588725134641636, 0.42588724658739974, 0.4258872458296823, 0.42588724561924474, 0.42588724558759716, 0.4258872455743127, 0.42588724556746993, 0.4258872455616802, 0.42588724556110313, 0.42588724556080415, 0.4258872455606749, 0.42588724556063906, 0.42588724556062785, 0.42588724556062596, 0.4258872455606254, 0.42588724556062507, 0.42588724556062507]}}, "bfgs": {"type": "gradient", "0": {"maxiter": 100, "gtol": 1e-05, "xrtol": 1e-05, "eps": 1e-05, "duration": 0.07515192031860352, "fun": "0.42588724565474523", "jac": "[ 4.20006252e-06 -1.12454490e-07  2.17443841e-06 -2.61908273e-06\n  6.19693186e-07  7.73314746e-07]", "hess_inv": "[[ 4.52335388e+00 -5.02991548e-02 -1.46988556e-02 -1.56602252e+00\n  -1.13970250e+00 -1.57198243e+00]\n [-5.02991548e-02  5.79519789e+00  2.51288465e+00 -5.57750951e-01\n   6.29661341e-01 -3.94027344e-01]\n [-1.46988556e-02  2.51288465e+00  5.20940373e+00 -6.58926240e-01\n  -8.59604473e-01  1.33120694e+00]\n [-1.56602252e+00 -5.57750951e-01 -6.58926240e-01  4.62720360e+00\n   4.17833850e-02  6.20468088e-01]\n [-1.13970250e+00  6.29661341e-01 -8.59604473e-01  4.17833850e-02\n   4.46183497e+00 -1.61278897e-04]\n [-1.57198243e+00 -3.94027344e-01  1.33120694e+00  6.20468088e-01\n  -1.61278897e-04  5.73764291e+00]]", "nfev": "245", "njev": "35", "status": "0", "success": "True", "message": "Optimization terminated successfully.", "x": "[2.02592108 8.5595637  4.25992722 4.83538138 7.86684887 2.71043446]", "nit": "31", "callback": [0.5935643807449338, 0.4285254361339558, 0.4258872522495666]}, "1": {"maxiter": 100, "gtol": 1e-05, "xrtol": 1e-05, "eps": 1e-10, "duration": 0.07631993293762207, "fun": "0.42588724559156665", "jac": "[ 0.00000000e+00  0.00000000e+00 -2.22044587e-06 -2.22044587e-06\n  0.00000000e+00 -1.11022293e-06]", "hess_inv": "[[ 4.60339322e+00 -1.61502812e-01 -3.53163608e-03 -1.67859263e+00\n  -1.21398321e+00 -1.63384005e+00]\n [-1.61502812e-01  5.85191405e+00  2.48706236e+00 -4.80938764e-01\n   7.08153897e-01 -3.65547761e-01]\n [-3.53163608e-03  2.48706236e+00  5.22287775e+00 -6.95024084e-01\n  -8.78677775e-01  1.33734671e+00]\n [-1.67859263e+00 -4.80938764e-01 -6.95024084e-01  4.70532414e+00\n   1.43816299e-01  6.02236764e-01]\n [-1.21398321e+00  7.08153897e-01 -8.78677775e-01  1.43816299e-01\n   4.54008252e+00  5.60454087e-02]\n [-1.63384005e+00 -3.65547761e-01  1.33734671e+00  6.02236764e-01\n   5.60454087e-02  5.69121456e+00]]", "nfev": "245", "njev": "35", "status": "0", "success": "True", "message": "Optimization terminated successfully.", "x": "[2.02590317 8.55958105 4.25992966 4.8353977  7.86686264 2.71044099]", "nit": "31", "callback": [0.5935649128163454, 0.42847632343358066, 0.4258872489532922]}, "2": {"maxiter": 100, "gtol": 1e-05, "xrtol": 1e-10, "eps": 1e-05, "duration": 0.07921481132507324, "fun": "0.42588724565474523", "jac": "[ 4.20006252e-06 -1.12454490e-07  2.17443841e-06 -2.61908273e-06\n  6.19693186e-07  7.73314746e-07]", "hess_inv": "[[ 4.52335388e+00 -5.02991548e-02 -1.46988556e-02 -1.56602252e+00\n  -1.13970250e+00 -1.57198243e+00]\n [-5.02991548e-02  5.79519789e+00  2.51288465e+00 -5.57750951e-01\n   6.29661341e-01 -3.94027344e-01]\n [-1.46988556e-02  2.51288465e+00  5.20940373e+00 -6.58926240e-01\n  -8.59604473e-01  1.33120694e+00]\n [-1.56602252e+00 -5.57750951e-01 -6.58926240e-01  4.62720360e+00\n   4.17833850e-02  6.20468088e-01]\n [-1.13970250e+00  6.29661341e-01 -8.59604473e-01  4.17833850e-02\n   4.46183497e+00 -1.61278897e-04]\n [-1.57198243e+00 -3.94027344e-01  1.33120694e+00  6.20468088e-01\n  -1.61278897e-04  5.73764291e+00]]", "nfev": "245", "njev": "35", "status": "0", "success": "True", "message": "Optimization terminated successfully.", "x": "[2.02592108 8.5595637  4.25992722 4.83538138 7.86684887 2.71043446]", "nit": "31", "callback": [0.5935643807449338, 0.4285254361339558, 0.4258872522495666]}, "3": {"maxiter": 100, "gtol": 1e-05, "xrtol": 1e-10, "eps": 1e-10, "duration": 0.08112883567810059, "fun": "0.42588724559156665", "jac": "[ 0.00000000e+00  0.00000000e+00 -2.22044587e-06 -2.22044587e-06\n  0.00000000e+00 -1.11022293e-06]", "hess_inv": "[[ 4.60339322e+00 -1.61502812e-01 -3.53163608e-03 -1.67859263e+00\n  -1.21398321e+00 -1.63384005e+00]\n [-1.61502812e-01  5.85191405e+00  2.48706236e+00 -4.80938764e-01\n   7.08153897e-01 -3.65547761e-01]\n [-3.53163608e-03  2.48706236e+00  5.22287775e+00 -6.95024084e-01\n  -8.78677775e-01  1.33734671e+00]\n [-1.67859263e+00 -4.80938764e-01 -6.95024084e-01  4.70532414e+00\n   1.43816299e-01  6.02236764e-01]\n [-1.21398321e+00  7.08153897e-01 -8.78677775e-01  1.43816299e-01\n   4.54008252e+00  5.60454087e-02]\n [-1.63384005e+00 -3.65547761e-01  1.33734671e+00  6.02236764e-01\n   5.60454087e-02  5.69121456e+00]]", "nfev": "245", "njev": "35", "status": "0", "success": "True", "message": "Optimization terminated successfully.", "x": "[2.02590317 8.55958105 4.25992966 4.8353977  7.86686264 2.71044099]", "nit": "31", "callback": [0.5935649128163454, 0.42847632343358066, 0.4258872489532922]}, "4": {"maxiter": 100, "gtol": 1e-10, "xrtol": 1e-05, "eps": 1e-05, "duration": 0.08458185195922852, "fun": "0.425887245578234", "jac": "[3.62676555e-07 2.21023200e-07 1.04138920e-08 1.04583009e-08\n 1.17172938e-07 1.98874250e-07]", "hess_inv": "[[ 4.88844577e+00 -7.82192662e-02  1.99857557e-01 -1.97394491e+00\n  -1.26739826e+00 -1.66367720e+00]\n [-7.82192662e-02  5.65001584e+00  2.48176667e+00 -6.03815182e-01\n   5.76312546e-01 -4.71643648e-01]\n [ 1.99857557e-01  2.48176667e+00  5.33402496e+00 -9.06367748e-01\n  -9.40950532e-01  1.26886961e+00]\n [-1.97394491e+00 -6.03815182e-01 -9.06367748e-01  5.04246264e+00\n   1.51359746e-01  6.78536927e-01]\n [-1.26739826e+00  5.76312546e-01 -9.40950532e-01  1.51359746e-01\n   4.47945862e+00 -4.34672688e-03]\n [-1.66367720e+00 -4.71643648e-01  1.26886961e+00  6.78536927e-01\n  -4.34672688e-03  5.71205637e+00]]", "nfev": "252", "njev": "36", "status": "0", "success": "True", "message": "Optimization terminated successfully.", "x": "[2.025897   8.55955769 4.25991229 4.83540417 7.86685392 2.710436  ]", "nit": "32", "callback": [0.5935643807449338, 0.4285254361339558, 0.4258872522495666]}, "5": {"maxiter": 100, "gtol": 1e-10, "xrtol": 1e-05, "eps": 1e-10, "duration": 0.07955479621887207, "fun": "0.42588724559101543", "jac": "[-1.11022293e-06  1.11022293e-06  0.00000000e+00 -1.11022293e-06\n  1.11022293e-06  0.00000000e+00]", "hess_inv": "[[ 4.74634028 -0.25545028 -0.17495647 -1.89580632 -1.2186641  -1.83353566]\n [-0.25545028  5.9109253   2.56650288 -0.34594565  0.72314234 -0.25384938]\n [-0.17495647  2.56650288  5.02455258 -0.52892341 -0.72824637  1.33920844]\n [-1.89580632 -0.34594565 -0.52892341  5.01333217  0.18477107  0.8501543 ]\n [-1.2186641   0.72314234 -0.72824637  0.18477107  4.48831158  0.14778172]\n [-1.83353566 -0.25384938  1.33920844  0.8501543   0.14778172  5.83039604]]", "nfev": "259", "njev": "37", "status": "0", "success": "True", "message": "Optimization terminated successfully.", "x": "[2.02590183 8.55958199 4.25993197 4.8353999  7.86686243 2.71044328]", "nit": "32", "callback": [0.5935649128163454, 0.42847632343358066, 0.4258872489532922]}, "6": {"maxiter": 100, "gtol": 1e-10, "xrtol": 1e-10, "eps": 1e-05, "duration": 0.13550376892089844, "fun": "0.425887245578234", "jac": "[3.62676555e-07 2.21023200e-07 1.04138920e-08 1.04583009e-08\n 1.17172938e-07 1.98874250e-07]", "hess_inv": "[[ 5.07765651  0.08989873  0.32112229 -2.08087287 -1.24698979 -1.60475331]\n [ 0.08989873  5.72212988  2.58701393 -0.74491698  0.55600103 -0.46466671]\n [ 0.32112229  2.58701393  5.41166242 -0.97638862 -0.92911436  1.30516596]\n [-2.08087287 -0.74491698 -0.97638862  5.07539137  0.11689063  0.61816538]\n [-1.24698979  0.55600103 -0.92911436  0.11689063  4.46253019 -0.02057079]\n [-1.60475331 -0.46466671  1.30516596  0.61816538 -0.02057079  5.70375462]]", "nfev": "424", "njev": "59", "status": "2", "success": "False", "message": "Desired error not necessarily achieved due to precision loss.", "x": "[2.025897   8.55955769 4.25991229 4.83540417 7.86685392 2.710436  ]", "nit": "32", "callback": [0.5935643807449338, 0.4285254361339558, 0.4258872522495666]}, "7": {"maxiter": 100, "gtol": 1e-10, "xrtol": 1e-10, "eps": 1e-10, "duration": 0.1862170696258545, "fun": "0.4258872455830144", "jac": "[ 1.11022293e-06  2.22044587e-06  2.22044587e-06  0.00000000e+00\n  1.11022293e-06 -1.11022293e-06]", "hess_inv": "[[ 0.01960913 -0.00107235 -0.00844328 -0.01447265  0.00842406  0.00651996]\n [-0.00107235  0.07632419 -0.03699877  0.09204739 -0.04552    -0.00070395]\n [-0.00844328 -0.03699877  0.03444318 -0.0449246   0.02863242 -0.0026334 ]\n [-0.01447265  0.09204739 -0.0449246   0.13511292 -0.06899954 -0.00528804]\n [ 0.00842406 -0.04552     0.02863242 -0.06899954  0.05279965  0.00309315]\n [ 0.00651996 -0.00070395 -0.0026334  -0.00528804  0.00309315  0.00230413]]", "nfev": "588", "njev": "84", "status": "2", "success": "False", "message": "Desired error not necessarily achieved due to precision loss.", "x": "[2.02589958 8.55958019 4.25993412 4.83540174 7.86685889 2.71044276]", "nit": "51", "callback": [0.5935649128163454, 0.42847632343358066, 0.4258872489532922, 0.4258872455874081, 0.4258872455830144]}, "8": {"maxiter": 500, "gtol": 1e-05, "xrtol": 1e-05, "eps": 1e-05, "duration": 0.0773627758026123, "fun": "0.42588724565474523", "jac": "[ 4.20006252e-06 -1.12454490e-07  2.17443841e-06 -2.61908273e-06\n  6.19693186e-07  7.73314746e-07]", "hess_inv": "[[ 4.52335388e+00 -5.02991548e-02 -1.46988556e-02 -1.56602252e+00\n  -1.13970250e+00 -1.57198243e+00]\n [-5.02991548e-02  5.79519789e+00  2.51288465e+00 -5.57750951e-01\n   6.29661341e-01 -3.94027344e-01]\n [-1.46988556e-02  2.51288465e+00  5.20940373e+00 -6.58926240e-01\n  -8.59604473e-01  1.33120694e+00]\n [-1.56602252e+00 -5.57750951e-01 -6.58926240e-01  4.62720360e+00\n   4.17833850e-02  6.20468088e-01]\n [-1.13970250e+00  6.29661341e-01 -8.59604473e-01  4.17833850e-02\n   4.46183497e+00 -1.61278897e-04]\n [-1.57198243e+00 -3.94027344e-01  1.33120694e+00  6.20468088e-01\n  -1.61278897e-04  5.73764291e+00]]", "nfev": "245", "njev": "35", "status": "0", "success": "True", "message": "Optimization terminated successfully.", "x": "[2.02592108 8.5595637  4.25992722 4.83538138 7.86684887 2.71043446]", "nit": "31", "callback": [0.5935643807449338, 0.4285254361339558, 0.4258872522495666]}, "9": {"maxiter": 500, "gtol": 1e-05, "xrtol": 1e-05, "eps": 1e-10, "duration": 0.07604408264160156, "fun": "0.42588724559156665", "jac": "[ 0.00000000e+00  0.00000000e+00 -2.22044587e-06 -2.22044587e-06\n  0.00000000e+00 -1.11022293e-06]", "hess_inv": "[[ 4.60339322e+00 -1.61502812e-01 -3.53163608e-03 -1.67859263e+00\n  -1.21398321e+00 -1.63384005e+00]\n [-1.61502812e-01  5.85191405e+00  2.48706236e+00 -4.80938764e-01\n   7.08153897e-01 -3.65547761e-01]\n [-3.53163608e-03  2.48706236e+00  5.22287775e+00 -6.95024084e-01\n  -8.78677775e-01  1.33734671e+00]\n [-1.67859263e+00 -4.80938764e-01 -6.95024084e-01  4.70532414e+00\n   1.43816299e-01  6.02236764e-01]\n [-1.21398321e+00  7.08153897e-01 -8.78677775e-01  1.43816299e-01\n   4.54008252e+00  5.60454087e-02]\n [-1.63384005e+00 -3.65547761e-01  1.33734671e+00  6.02236764e-01\n   5.60454087e-02  5.69121456e+00]]", "nfev": "245", "njev": "35", "status": "0", "success": "True", "message": "Optimization terminated successfully.", "x": "[2.02590317 8.55958105 4.25992966 4.8353977  7.86686264 2.71044099]", "nit": "31", "callback": [0.5935649128163454, 0.42847632343358066, 0.4258872489532922]}, "10": {"maxiter": 500, "gtol": 1e-05, "xrtol": 1e-10, "eps": 1e-05, "duration": 0.07523989677429199, "fun": "0.42588724565474523", "jac": "[ 4.20006252e-06 -1.12454490e-07  2.17443841e-06 -2.61908273e-06\n  6.19693186e-07  7.73314746e-07]", "hess_inv": "[[ 4.52335388e+00 -5.02991548e-02 -1.46988556e-02 -1.56602252e+00\n  -1.13970250e+00 -1.57198243e+00]\n [-5.02991548e-02  5.79519789e+00  2.51288465e+00 -5.57750951e-01\n   6.29661341e-01 -3.94027344e-01]\n [-1.46988556e-02  2.51288465e+00  5.20940373e+00 -6.58926240e-01\n  -8.59604473e-01  1.33120694e+00]\n [-1.56602252e+00 -5.57750951e-01 -6.58926240e-01  4.62720360e+00\n   4.17833850e-02  6.20468088e-01]\n [-1.13970250e+00  6.29661341e-01 -8.59604473e-01  4.17833850e-02\n   4.46183497e+00 -1.61278897e-04]\n [-1.57198243e+00 -3.94027344e-01  1.33120694e+00  6.20468088e-01\n  -1.61278897e-04  5.73764291e+00]]", "nfev": "245", "njev": "35", "status": "0", "success": "True", "message": "Optimization terminated successfully.", "x": "[2.02592108 8.5595637  4.25992722 4.83538138 7.86684887 2.71043446]", "nit": "31", "callback": [0.5935643807449338, 0.4285254361339558, 0.4258872522495666]}, "11": {"maxiter": 500, "gtol": 1e-05, "xrtol": 1e-10, "eps": 1e-10, "duration": 0.07602906227111816, "fun": "0.42588724559156665", "jac": "[ 0.00000000e+00  0.00000000e+00 -2.22044587e-06 -2.22044587e-06\n  0.00000000e+00 -1.11022293e-06]", "hess_inv": "[[ 4.60339322e+00 -1.61502812e-01 -3.53163608e-03 -1.67859263e+00\n  -1.21398321e+00 -1.63384005e+00]\n [-1.61502812e-01  5.85191405e+00  2.48706236e+00 -4.80938764e-01\n   7.08153897e-01 -3.65547761e-01]\n [-3.53163608e-03  2.48706236e+00  5.22287775e+00 -6.95024084e-01\n  -8.78677775e-01  1.33734671e+00]\n [-1.67859263e+00 -4.80938764e-01 -6.95024084e-01  4.70532414e+00\n   1.43816299e-01  6.02236764e-01]\n [-1.21398321e+00  7.08153897e-01 -8.78677775e-01  1.43816299e-01\n   4.54008252e+00  5.60454087e-02]\n [-1.63384005e+00 -3.65547761e-01  1.33734671e+00  6.02236764e-01\n   5.60454087e-02  5.69121456e+00]]", "nfev": "245", "njev": "35", "status": "0", "success": "True", "message": "Optimization terminated successfully.", "x": "[2.02590317 8.55958105 4.25992966 4.8353977  7.86686264 2.71044099]", "nit": "31", "callback": [0.5935649128163454, 0.42847632343358066, 0.4258872489532922]}, "12": {"maxiter": 500, "gtol": 1e-10, "xrtol": 1e-05, "eps": 1e-05, "duration": 0.07774901390075684, "fun": "0.425887245578234", "jac": "[3.62676555e-07 2.21023200e-07 1.04138920e-08 1.04583009e-08\n 1.17172938e-07 1.98874250e-07]", "hess_inv": "[[ 4.88844577e+00 -7.82192662e-02  1.99857557e-01 -1.97394491e+00\n  -1.26739826e+00 -1.66367720e+00]\n [-7.82192662e-02  5.65001584e+00  2.48176667e+00 -6.03815182e-01\n   5.76312546e-01 -4.71643648e-01]\n [ 1.99857557e-01  2.48176667e+00  5.33402496e+00 -9.06367748e-01\n  -9.40950532e-01  1.26886961e+00]\n [-1.97394491e+00 -6.03815182e-01 -9.06367748e-01  5.04246264e+00\n   1.51359746e-01  6.78536927e-01]\n [-1.26739826e+00  5.76312546e-01 -9.40950532e-01  1.51359746e-01\n   4.47945862e+00 -4.34672688e-03]\n [-1.66367720e+00 -4.71643648e-01  1.26886961e+00  6.78536927e-01\n  -4.34672688e-03  5.71205637e+00]]", "nfev": "252", "njev": "36", "status": "0", "success": "True", "message": "Optimization terminated successfully.", "x": "[2.025897   8.55955769 4.25991229 4.83540417 7.86685392 2.710436  ]", "nit": "32", "callback": [0.5935643807449338, 0.4285254361339558, 0.4258872522495666]}, "13": {"maxiter": 500, "gtol": 1e-10, "xrtol": 1e-05, "eps": 1e-10, "duration": 0.07966423034667969, "fun": "0.42588724559101543", "jac": "[-1.11022293e-06  1.11022293e-06  0.00000000e+00 -1.11022293e-06\n  1.11022293e-06  0.00000000e+00]", "hess_inv": "[[ 4.74634028 -0.25545028 -0.17495647 -1.89580632 -1.2186641  -1.83353566]\n [-0.25545028  5.9109253   2.56650288 -0.34594565  0.72314234 -0.25384938]\n [-0.17495647  2.56650288  5.02455258 -0.52892341 -0.72824637  1.33920844]\n [-1.89580632 -0.34594565 -0.52892341  5.01333217  0.18477107  0.8501543 ]\n [-1.2186641   0.72314234 -0.72824637  0.18477107  4.48831158  0.14778172]\n [-1.83353566 -0.25384938  1.33920844  0.8501543   0.14778172  5.83039604]]", "nfev": "259", "njev": "37", "status": "0", "success": "True", "message": "Optimization terminated successfully.", "x": "[2.02590183 8.55958199 4.25993197 4.8353999  7.86686243 2.71044328]", "nit": "32", "callback": [0.5935649128163454, 0.42847632343358066, 0.4258872489532922]}, "14": {"maxiter": 500, "gtol": 1e-10, "xrtol": 1e-10, "eps": 1e-05, "duration": 0.13087010383605957, "fun": "0.425887245578234", "jac": "[3.62676555e-07 2.21023200e-07 1.04138920e-08 1.04583009e-08\n 1.17172938e-07 1.98874250e-07]", "hess_inv": "[[ 5.07765651  0.08989873  0.32112229 -2.08087287 -1.24698979 -1.60475331]\n [ 0.08989873  5.72212988  2.58701393 -0.74491698  0.55600103 -0.46466671]\n [ 0.32112229  2.58701393  5.41166242 -0.97638862 -0.92911436  1.30516596]\n [-2.08087287 -0.74491698 -0.97638862  5.07539137  0.11689063  0.61816538]\n [-1.24698979  0.55600103 -0.92911436  0.11689063  4.46253019 -0.02057079]\n [-1.60475331 -0.46466671  1.30516596  0.61816538 -0.02057079  5.70375462]]", "nfev": "424", "njev": "59", "status": "2", "success": "False", "message": "Desired error not necessarily achieved due to precision loss.", "x": "[2.025897   8.55955769 4.25991229 4.83540417 7.86685392 2.710436  ]", "nit": "32", "callback": [0.5935643807449338, 0.4285254361339558, 0.4258872522495666]}, "15": {"maxiter": 500, "gtol": 1e-10, "xrtol": 1e-10, "eps": 1e-10, "duration": 0.1855008602142334, "fun": "0.4258872455830144", "jac": "[ 1.11022293e-06  2.22044587e-06  2.22044587e-06  0.00000000e+00\n  1.11022293e-06 -1.11022293e-06]", "hess_inv": "[[ 0.01960913 -0.00107235 -0.00844328 -0.01447265  0.00842406  0.00651996]\n [-0.00107235  0.07632419 -0.03699877  0.09204739 -0.04552    -0.00070395]\n [-0.00844328 -0.03699877  0.03444318 -0.0449246   0.02863242 -0.0026334 ]\n [-0.01447265  0.09204739 -0.0449246   0.13511292 -0.06899954 -0.00528804]\n [ 0.00842406 -0.04552     0.02863242 -0.06899954  0.05279965  0.00309315]\n [ 0.00651996 -0.00070395 -0.0026334  -0.00528804  0.00309315  0.00230413]]", "nfev": "588", "njev": "84", "status": "2", "success": "False", "message": "Desired error not necessarily achieved due to precision loss.", "x": "[2.02589958 8.55958019 4.25993412 4.83540174 7.86685889 2.71044276]", "nit": "51", "callback": [0.5935649128163454, 0.42847632343358066, 0.4258872489532922, 0.4258872455874081, 0.4258872455830144]}, "16": {"maxiter": 1000, "gtol": 1e-05, "xrtol": 1e-05, "eps": 1e-05, "duration": 0.0786433219909668, "fun": "0.42588724565474523", "jac": "[ 4.20006252e-06 -1.12454490e-07  2.17443841e-06 -2.61908273e-06\n  6.19693186e-07  7.73314746e-07]", "hess_inv": "[[ 4.52335388e+00 -5.02991548e-02 -1.46988556e-02 -1.56602252e+00\n  -1.13970250e+00 -1.57198243e+00]\n [-5.02991548e-02  5.79519789e+00  2.51288465e+00 -5.57750951e-01\n   6.29661341e-01 -3.94027344e-01]\n [-1.46988556e-02  2.51288465e+00  5.20940373e+00 -6.58926240e-01\n  -8.59604473e-01  1.33120694e+00]\n [-1.56602252e+00 -5.57750951e-01 -6.58926240e-01  4.62720360e+00\n   4.17833850e-02  6.20468088e-01]\n [-1.13970250e+00  6.29661341e-01 -8.59604473e-01  4.17833850e-02\n   4.46183497e+00 -1.61278897e-04]\n [-1.57198243e+00 -3.94027344e-01  1.33120694e+00  6.20468088e-01\n  -1.61278897e-04  5.73764291e+00]]", "nfev": "245", "njev": "35", "status": "0", "success": "True", "message": "Optimization terminated successfully.", "x": "[2.02592108 8.5595637  4.25992722 4.83538138 7.86684887 2.71043446]", "nit": "31", "callback": [0.5935643807449338, 0.4285254361339558, 0.4258872522495666]}, "17": {"maxiter": 1000, "gtol": 1e-05, "xrtol": 1e-05, "eps": 1e-10, "duration": 0.07651400566101074, "fun": "0.42588724559156665", "jac": "[ 0.00000000e+00  0.00000000e+00 -2.22044587e-06 -2.22044587e-06\n  0.00000000e+00 -1.11022293e-06]", "hess_inv": "[[ 4.60339322e+00 -1.61502812e-01 -3.53163608e-03 -1.67859263e+00\n  -1.21398321e+00 -1.63384005e+00]\n [-1.61502812e-01  5.85191405e+00  2.48706236e+00 -4.80938764e-01\n   7.08153897e-01 -3.65547761e-01]\n [-3.53163608e-03  2.48706236e+00  5.22287775e+00 -6.95024084e-01\n  -8.78677775e-01  1.33734671e+00]\n [-1.67859263e+00 -4.8093876