{"date": "2024/09/24/, 05:16:09", "conf_id": 278, "data_type": "var_s_rank\n", "num_data_points": 2, "s_rank": 0, "unitary": "[[-0.53618537-0.34368723j,-0.12107031-0.46226139j,-0.07699282-0.46603512j,0.36022595-0.11472301j],[0.26026499-0.63450712j,-0.56616638+0.37832564j,-0.14988651+0.08458591j,0.10363514-0.16008501j],[-0.32580188-0.11070003j,-0.36476308-0.23593218j,0.02559343+0.41761608j,-0.25598305+0.6725303j],[0.07406738-0.0126433j,0.28513701+0.19483972j,-0.74939717-0.10299659j,0.29798249+0.46269921j]]", "databatch_0": {"databatch": "[[[0.29856866+0.2791302j,-0.07632871+0.12195257j,0.10969033+0.20422424j,-0.10577973+0.19317515j],[-0.18798863+0.10815265j,-0.08101603-0.06862555j,-0.0495933+0.28463766j,-0.18728244-0.07199839j],[-0.17980434+0.31220952j,-0.01122861-0.03393824j,-0.07272617-0.07139084j,0.23481308-0.01587977j],[-0.27999677-0.05777028j,-0.14842212-0.02286877j,0.44626605-0.02915317j,-0.13439892+0.09349497j]],[[0.24379206+0.07897508j,0.32529781-0.03995376j,0.06685374+0.00379936j,0.25131198-0.22707674j],[0.25756928+0.00963595j,-0.25158059-0.1495935j,-0.20961984-0.05594524j,0.27496839+0.11586248j],[0.12506664+0.08665577j,0.04597047-0.12842547j,-0.09424155+0.09694117j,0.1240428+0.00497576j],[-0.06308756+0.35687383j,-0.20179289-0.17365196j,0.21331116+0.26454991j,-0.03904944-0.15755919j]]]", "initial param values": "[2.66171329,0.19532565,6.06375114,1.94410639,3.54867765,4.06121787]", "nelder_mead": {"type": "gradient-free", "0": {"maxiter": 100, "fatol": 1e-05, "xatol": 1e-05, "duration": 0.03617978096008301, "fun": "0.6891851398802262", "nit": "100", "nfev": "153", "status": "2", "success": "False", "message": "Maximum number of iterations has been exceeded.", "x": "[2.46667303 0.19148222 3.99605319 1.11143145 5.51940292 2.94064527]", "final_simplex": "(array([[2.46667303, 0.19148222, 3.99605319, 1.11143145, 5.51940292,\n        2.94064527],\n       [2.48588897, 0.19379596, 4.08532582, 1.1636454 , 5.39939574,\n        2.93278665],\n       [2.41159188, 0.20229054, 4.16114815, 1.19623741, 5.43514805,\n        2.8600182 ],\n       [2.44254439, 0.20159417, 4.08660163, 1.19575308, 5.42732904,\n        2.80155659],\n       [2.53324426, 0.17368087, 4.04367097, 1.1250516 , 5.5437046 ,\n        2.85454524],\n       [2.41282409, 0.20456205, 4.15030045, 1.19005419, 5.39315459,\n        2.82869513],\n       [2.41492828, 0.19342695, 3.95463544, 1.17346726, 5.47733736,\n        2.91629767]]), array([0.68918514, 0.68935909, 0.68938785, 0.68939443, 0.68939586,\n       0.68940877, 0.68953441]))", "callback": [0.8631671259792913, 0.8429808828980316, 0.7887302352312564, 0.7290661370374008, 0.7052295168512306, 0.703930505872997, 0.6998906079433482, 0.6942507666829427, 0.6893878481528732]}, "1": {"maxiter": 100, "fatol": 1e-05, "xatol": 1e-10, "duration": 0.034123897552490234, "fun": "0.6891851398802262", "nit": "100", "nfev": "153", "status": "2", "success": "False", "message": "Maximum number of iterations has been exceeded.", "x": "[2.46667303 0.19148222 3.99605319 1.11143145 5.51940292 2.94064527]", "final_simplex": "(array([[2.46667303, 0.19148222, 3.99605319, 1.11143145, 5.51940292,\n        2.94064527],\n       [2.48588897, 0.19379596, 4.08532582, 1.1636454 , 5.39939574,\n        2.93278665],\n       [2.41159188, 0.20229054, 4.16114815, 1.19623741, 5.43514805,\n        2.8600182 ],\n       [2.44254439, 0.20159417, 4.08660163, 1.19575308, 5.42732904,\n        2.80155659],\n       [2.53324426, 0.17368087, 4.04367097, 1.1250516 , 5.5437046 ,\n        2.85454524],\n       [2.41282409, 0.20456205, 4.15030045, 1.19005419, 5.39315459,\n        2.82869513],\n       [2.41492828, 0.19342695, 3.95463544, 1.17346726, 5.47733736,\n        2.91629767]]), array([0.68918514, 0.68935909, 0.68938785, 0.68939443, 0.68939586,\n       0.68940877, 0.68953441]))", "callback": [0.8631671259792913, 0.8429808828980316, 0.7887302352312564, 0.7290661370374008, 0.7052295168512306, 0.703930505872997, 0.6998906079433482, 0.6942507666829427, 0.6893878481528732]}, "2": {"maxiter": 100, "fatol": 1e-10, "xatol": 1e-05, "duration": 0.03503990173339844, "fun": "0.6891851398802262", "nit": "100", "nfev": "153", "status": "2", "success": "False", "message": "Maximum number of iterations has been exceeded.", "x": "[2.46667303 0.19148222 3.99605319 1.11143145 5.51940292 2.94064527]", "final_simplex": "(array([[2.46667303, 0.19148222, 3.99605319, 1.11143145, 5.51940292,\n        2.94064527],\n       [2.48588897, 0.19379596, 4.08532582, 1.1636454 , 5.39939574,\n        2.93278665],\n       [2.41159188, 0.20229054, 4.16114815, 1.19623741, 5.43514805,\n        2.8600182 ],\n       [2.44254439, 0.20159417, 4.08660163, 1.19575308, 5.42732904,\n        2.80155659],\n       [2.53324426, 0.17368087, 4.04367097, 1.1250516 , 5.5437046 ,\n        2.85454524],\n       [2.41282409, 0.20456205, 4.15030045, 1.19005419, 5.39315459,\n        2.82869513],\n       [2.41492828, 0.19342695, 3.95463544, 1.17346726, 5.47733736,\n        2.91629767]]), array([0.68918514, 0.68935909, 0.68938785, 0.68939443, 0.68939586,\n       0.68940877, 0.68953441]))", "callback": [0.8631671259792913, 0.8429808828980316, 0.7887302352312564, 0.7290661370374008, 0.7052295168512306, 0.703930505872997, 0.6998906079433482, 0.6942507666829427, 0.6893878481528732]}, "3": {"maxiter": 100, "fatol": 1e-10, "xatol": 1e-10, "duration": 0.03429698944091797, "fun": "0.6891851398802262", "nit": "100", "nfev": "153", "status": "2", "success": "False", "message": "Maximum number of iterations has been exceeded.", "x": "[2.46667303 0.19148222 3.99605319 1.11143145 5.51940292 2.94064527]", "final_simplex": "(array([[2.46667303, 0.19148222, 3.99605319, 1.11143145, 5.51940292,\n        2.94064527],\n       [2.48588897, 0.19379596, 4.08532582, 1.1636454 , 5.39939574,\n        2.93278665],\n       [2.41159188, 0.20229054, 4.16114815, 1.19623741, 5.43514805,\n        2.8600182 ],\n       [2.44254439, 0.20159417, 4.08660163, 1.19575308, 5.42732904,\n        2.80155659],\n       [2.53324426, 0.17368087, 4.04367097, 1.1250516 , 5.5437046 ,\n        2.85454524],\n       [2.41282409, 0.20456205, 4.15030045, 1.19005419, 5.39315459,\n        2.82869513],\n       [2.41492828, 0.19342695, 3.95463544, 1.17346726, 5.47733736,\n        2.91629767]]), array([0.68918514, 0.68935909, 0.68938785, 0.68939443, 0.68939586,\n       0.68940877, 0.68953441]))", "callback": [0.8631671259792913, 0.8429808828980316, 0.7887302352312564, 0.7290661370374008, 0.7052295168512306, 0.703930505872997, 0.6998906079433482, 0.6942507666829427, 0.6893878481528732]}, "4": {"maxiter": 500, "fatol": 1e-05, "xatol": 1e-05, "duration": 0.17019009590148926, "fun": "0.42570158797036006", "nit": "500", "nfev": "765", "status": "2", "success": "False", "message": "Maximum number of iterations has been exceeded.", "x": "[ 4.23213499 -0.4765788   1.18003235  0.94784104  5.04986465  5.37276153]", "final_simplex": "(array([[ 4.23213499, -0.4765788 ,  1.18003235,  0.94784104,  5.04986465,\n         5.37276153],\n       [ 4.23310357, -0.47505394,  1.18115099,  0.94516729,  5.04880698,\n         5.37633934],\n       [ 4.23149411, -0.47765849,  1.17875132,  0.94363055,  5.05209339,\n         5.37497231],\n       [ 4.23433289, -0.47869318,  1.17963836,  0.94534834,  5.05086313,\n         5.37415411],\n       [ 4.2333782 , -0.47589834,  1.17857045,  0.94682976,  5.05058887,\n         5.37661554],\n       [ 4.23224236, -0.47660287,  1.17804373,  0.94615051,  5.04780436,\n         5.37828864],\n       [ 4.22922193, -0.47525903,  1.18186142,  0.94566379,  5.05021423,\n         5.37994339]]), array([0.42570159, 0.42570306, 0.42570319, 0.42570374, 0.42570405,\n       0.42570439, 0.42570504]))", "callback": [0.8631671259792913, 0.8429808828980316, 0.7887302352312564, 0.7290661370374008, 0.7052295168512306, 0.703930505872997, 0.6998906079433482, 0.6942507666829427, 0.6893878481528732, 0.6890273609814735, 0.6874204805277264, 0.6274509546445608, 0.6141769906856288, 0.6034343588100006, 0.5784074740616149, 0.5594717153075259, 0.5528673797851428, 0.5496218597455328, 0.5442999732468303, 0.517809699934715, 0.5067254323550392, 0.5019732039123606, 0.4999872981718587, 0.4984423503955312, 0.49737249786431303, 0.4900264780121085, 0.466540834112, 0.45104201628711027, 0.43462680830730327, 0.4313203838298527, 0.43125760635393484, 0.4310532884902287, 0.43099221079342687, 0.4309846775875905, 0.4309703057552349, 0.4309143633413499, 0.43059444369595123, 0.4297324990627076, 0.4286843368495148, 0.4278178343648076, 0.42724528745679824, 0.4270668416718596, 0.4265250688455866, 0.4262174660403326, 0.4259743674906503, 0.42583642217912776, 0.42576196585241055, 0.42572357774059, 0.4257086326394617]}, "5": {"maxiter": 500, "fatol": 1e-05, "xatol": 1e-10, "duration": 0.17018580436706543, "fun": "0.42570158797036006", "nit": "500", "nfev": "765", "status": "2", "success": "False", "message": "Maximum number of iterations has been exceeded.", "x": "[ 4.23213499 -0.4765788   1.18003235  0.94784104  5.04986465  5.37276153]", "final_simplex": "(array([[ 4.23213499, -0.4765788 ,  1.18003235,  0.94784104,  5.04986465,\n         5.37276153],\n       [ 4.23310357, -0.47505394,  1.18115099,  0.94516729,  5.04880698,\n         5.37633934],\n       [ 4.23149411, -0.47765849,  1.17875132,  0.94363055,  5.05209339,\n         5.37497231],\n       [ 4.23433289, -0.47869318,  1.17963836,  0.94534834,  5.05086313,\n         5.37415411],\n       [ 4.2333782 , -0.47589834,  1.17857045,  0.94682976,  5.05058887,\n         5.37661554],\n       [ 4.23224236, -0.47660287,  1.17804373,  0.94615051,  5.04780436,\n         5.37828864],\n       [ 4.22922193, -0.47525903,  1.18186142,  0.94566379,  5.05021423,\n         5.37994339]]), array([0.42570159, 0.42570306, 0.42570319, 0.42570374, 0.42570405,\n       0.42570439, 0.42570504]))", "callback": [0.8631671259792913, 0.8429808828980316, 0.7887302352312564, 0.7290661370374008, 0.7052295168512306, 0.703930505872997, 0.6998906079433482, 0.6942507666829427, 0.6893878481528732, 0.6890273609814735, 0.6874204805277264, 0.6274509546445608, 0.6141769906856288, 0.6034343588100006, 0.5784074740616149, 0.5594717153075259, 0.5528673797851428, 0.5496218597455328, 0.5442999732468303, 0.517809699934715, 0.5067254323550392, 0.5019732039123606, 0.4999872981718587, 0.4984423503955312, 0.49737249786431303, 0.4900264780121085, 0.466540834112, 0.45104201628711027, 0.43462680830730327, 0.4313203838298527, 0.43125760635393484, 0.4310532884902287, 0.43099221079342687, 0.4309846775875905, 0.4309703057552349, 0.4309143633413499, 0.43059444369595123, 0.4297324990627076, 0.4286843368495148, 0.4278178343648076, 0.42724528745679824, 0.4270668416718596, 0.4265250688455866, 0.4262174660403326, 0.4259743674906503, 0.42583642217912776, 0.42576196585241055, 0.42572357774059, 0.4257086326394617]}, "6": {"maxiter": 500, "fatol": 1e-10, "xatol": 1e-05, "duration": 0.17978715896606445, "fun": "0.42570158797036006", "nit": "500", "nfev": "765", "status": "2", "success": "False", "message": "Maximum number of iterations has been exceeded.", "x": "[ 4.23213499 -0.4765788   1.18003235  0.94784104  5.04986465  5.37276153]", "final_simplex": "(array([[ 4.23213499, -0.4765788 ,  1.18003235,  0.94784104,  5.04986465,\n         5.37276153],\n       [ 4.23310357, -0.47505394,  1.18115099,  0.94516729,  5.04880698,\n         5.37633934],\n       [ 4.23149411, -0.47765849,  1.17875132,  0.94363055,  5.05209339,\n         5.37497231],\n       [ 4.23433289, -0.47869318,  1.17963836,  0.94534834,  5.05086313,\n         5.37415411],\n       [ 4.2333782 , -0.47589834,  1.17857045,  0.94682976,  5.05058887,\n         5.37661554],\n       [ 4.23224236, -0.47660287,  1.17804373,  0.94615051,  5.04780436,\n         5.37828864],\n       [ 4.22922193, -0.47525903,  1.18186142,  0.94566379,  5.05021423,\n         5.37994339]]), array([0.42570159, 0.42570306, 0.42570319, 0.42570374, 0.42570405,\n       0.42570439, 0.42570504]))", "callback": [0.8631671259792913, 0.8429808828980316, 0.7887302352312564, 0.7290661370374008, 0.7052295168512306, 0.703930505872997, 0.6998906079433482, 0.6942507666829427, 0.6893878481528732, 0.6890273609814735, 0.6874204805277264, 0.6274509546445608, 0.6141769906856288, 0.6034343588100006, 0.5784074740616149, 0.5594717153075259, 0.5528673797851428, 0.5496218597455328, 0.5442999732468303, 0.517809699934715, 0.5067254323550392, 0.5019732039123606, 0.4999872981718587, 0.4984423503955312, 0.49737249786431303, 0.4900264780121085, 0.466540834112, 0.45104201628711027, 0.43462680830730327, 0.4313203838298527, 0.43125760635393484, 0.4310532884902287, 0.43099221079342687, 0.4309846775875905, 0.4309703057552349, 0.4309143633413499, 0.43059444369595123, 0.4297324990627076, 0.4286843368495148, 0.4278178343648076, 0.42724528745679824, 0.4270668416718596, 0.4265250688455866, 0.4262174660403326, 0.4259743674906503, 0.42583642217912776, 0.42576196585241055, 0.42572357774059, 0.4257086326394617]}, "7": {"maxiter": 500, "fatol": 1e-10, "xatol": 1e-10, "duration": 0.17913508415222168, "fun": "0.42570158797036006", "nit": "500", "nfev": "765", "status": "2", "success": "False", "message": "Maximum number of iterations has been exceeded.", "x": "[ 4.23213499 -0.4765788   1.18003235  0.94784104  5.04986465  5.37276153]", "final_simplex": "(array([[ 4.23213499, -0.4765788 ,  1.18003235,  0.94784104,  5.04986465,\n         5.37276153],\n       [ 4.23310357, -0.47505394,  1.18115099,  0.94516729,  5.04880698,\n         5.37633934],\n       [ 4.23149411, -0.47765849,  1.17875132,  0.94363055,  5.05209339,\n         5.37497231],\n       [ 4.23433289, -0.47869318,  1.17963836,  0.94534834,  5.05086313,\n         5.37415411],\n       [ 4.2333782 , -0.47589834,  1.17857045,  0.94682976,  5.05058887,\n         5.37661554],\n       [ 4.23224236, -0.47660287,  1.17804373,  0.94615051,  5.04780436,\n         5.37828864],\n       [ 4.22922193, -0.47525903,  1.18186142,  0.94566379,  5.05021423,\n         5.37994339]]), array([0.42570159, 0.42570306, 0.42570319, 0.42570374, 0.42570405,\n       0.42570439, 0.42570504]))", "callback": [0.8631671259792913, 0.8429808828980316, 0.7887302352312564, 0.7290661370374008, 0.7052295168512306, 0.703930505872997, 0.6998906079433482, 0.6942507666829427, 0.6893878481528732, 0.6890273609814735, 0.6874204805277264, 0.6274509546445608, 0.6141769906856288, 0.6034343588100006, 0.5784074740616149, 0.5594717153075259, 0.5528673797851428, 0.5496218597455328, 0.5442999732468303, 0.517809699934715, 0.5067254323550392, 0.5019732039123606, 0.4999872981718587, 0.4984423503955312, 0.49737249786431303, 0.4900264780121085, 0.466540834112, 0.45104201628711027, 0.43462680830730327, 0.4313203838298527, 0.43125760635393484, 0.4310532884902287, 0.43099221079342687, 0.4309846775875905, 0.4309703057552349, 0.4309143633413499, 0.43059444369595123, 0.4297324990627076, 0.4286843368495148, 0.4278178343648076, 0.42724528745679824, 0.4270668416718596, 0.4265250688455866, 0.4262174660403326, 0.4259743674906503, 0.42583642217912776, 0.42576196585241055, 0.42572357774059, 0.4257086326394617]}, "8": {"maxiter": 1000, "fatol": 1e-05, "xatol": 1e-05, "duration": 0.2057361602783203, "fun": "0.4257000656100256", "nit": "578", "nfev": "901", "status": "0", "success": "True", "message": "Optimization terminated successfully.", "x": "[ 4.22990353 -0.47599931  1.18215339  0.94638366  5.05052049  5.37348792]", "final_simplex": "(array([[ 4.22990353, -0.47599931,  1.18215339,  0.94638366,  5.05052049,\n         5.37348792],\n       [ 4.22991106, -0.47600671,  1.1821463 ,  0.94638437,  5.05052743,\n         5.37348439],\n       [ 4.22990767, -0.47600411,  1.18215171,  0.94638727,  5.05052005,\n         5.37348297],\n       [ 4.22989992, -0.47600391,  1.18215514,  0.94638325,  5.05052161,\n         5.37348771],\n       [ 4.22990442, -0.47599876,  1.18215694,  0.94638846,  5.05051411,\n         5.37349256],\n       [ 4.22989624, -0.47600018,  1.18214964,  0.94638665,  5.05051694,\n         5.37349567],\n       [ 4.22990183, -0.47600812,  1.18215325,  0.94638026,  5.05051523,\n         5.37348796]]), array([0.42570007, 0.42570007, 0.42570007, 0.42570007, 0.42570007,\n       0.42570007, 0.42570007]))", "callback": [0.8631671259792913, 0.8429808828980316, 0.7887302352312564, 0.7290661370374008, 0.7052295168512306, 0.703930505872997, 0.6998906079433482, 0.6942507666829427, 0.6893878481528732, 0.6890273609814735, 0.6874204805277264, 0.6274509546445608, 0.6141769906856288, 0.6034343588100006, 0.5784074740616149, 0.5594717153075259, 0.5528673797851428, 0.5496218597455328, 0.5442999732468303, 0.517809699934715, 0.5067254323550392, 0.5019732039123606, 0.4999872981718587, 0.4984423503955312, 0.49737249786431303, 0.4900264780121085, 0.466540834112, 0.45104201628711027, 0.43462680830730327, 0.4313203838298527, 0.43125760635393484, 0.4310532884902287, 0.43099221079342687, 0.4309846775875905, 0.4309703057552349, 0.4309143633413499, 0.43059444369595123, 0.4297324990627076, 0.4286843368495148, 0.4278178343648076, 0.42724528745679824, 0.4270668416718596, 0.4265250688455866, 0.4262174660403326, 0.4259743674906503, 0.42583642217912776, 0.42576196585241055, 0.42572357774059, 0.4257086326394617, 0.42570158797036006, 0.42570038746834205, 0.4257001299069184, 0.4257000769162185, 0.4257000671940687, 0.42570006582730024, 0.4257000656534675, 0.42570006561122387]}, "9": {"maxiter": 1000, "fatol": 1e-05, "xatol": 1e-10, "duration": 0.3033139705657959, "fun": "0.4257000656059443", "nit": "672", "nfev": "1118", "status": "0", "success": "True", "message": "Optimization terminated successfully.", "x": "[ 4.22990548 -0.47600502  1.18215005  0.94638494  5.05052298  5.37348653]", "final_simplex": "(array([[ 4.22990548, -0.47600502,  1.18215005,  0.94638494,  5.05052298,\n         5.37348653],\n       [ 4.22990548, -0.47600502,  1.18215005,  0.94638494,  5.05052298,\n         5.37348653],\n       [ 4.22990548, -0.47600502,  1.18215005,  0.94638494,  5.05052298,\n         5.37348653],\n       [ 4.22990548, -0.47600502,  1.18215005,  0.94638494,  5.05052298,\n         5.37348653],\n       [ 4.22990548, -0.47600502,  1.18215005,  0.94638494,  5.05052298,\n         5.37348653],\n       [ 4.22990548, -0.47600502,  1.18215005,  0.94638494,  5.05052298,\n         5.37348653],\n       [ 4.22990548, -0.47600502,  1.18215005,  0.94638494,  5.05052298,\n         5.37348653]]), array([0.42570007, 0.42570007, 0.42570007, 0.42570007, 0.42570007,\n       0.42570007, 0.42570007]))", "callback": [0.8631671259792913, 0.8429808828980316, 0.7887302352312564, 0.7290661370374008, 0.7052295168512306, 0.703930505872997, 0.6998906079433482, 0.6942507666829427, 0.6893878481528732, 0.6890273609814735, 0.6874204805277264, 0.6274509546445608, 0.6141769906856288, 0.6034343588100006, 0.5784074740616149, 0.5594717153075259, 0.5528673797851428, 0.5496218597455328, 0.5442999732468303, 0.517809699934715, 0.5067254323550392, 0.5019732039123606, 0.4999872981718587, 0.4984423503955312, 0.49737249786431303, 0.4900264780121085, 0.466540834112, 0.45104201628711027, 0.43462680830730327, 0.4313203838298527, 0.43125760635393484, 0.4310532884902287, 0.43099221079342687, 0.4309846775875905, 0.4309703057552349, 0.4309143633413499, 0.43059444369595123, 0.4297324990627076, 0.4286843368495148, 0.4278178343648076, 0.42724528745679824, 0.4270668416718596, 0.4265250688455866, 0.4262174660403326, 0.4259743674906503, 0.42583642217912776, 0.42576196585241055, 0.42572357774059, 0.4257086326394617, 0.42570158797036006, 0.42570038746834205, 0.4257001299069184, 0.4257000769162185, 0.4257000671940687, 0.42570006582730024, 0.4257000656534675, 0.42570006561122387, 0.4257000656094847, 0.4257000656062997, 0.4257000656060239, 0.42570006560595597, 0.4257000656059463, 0.42570006560594464, 0.4257000656059444, 0.4257000656059443, 0.4257000656059443, 0.4257000656059443]}, "10": {"maxiter": 1000, "fatol": 1e-10, "xatol": 1e-05, "duration": 0.21392512321472168, "fun": "0.4257000656100256", "nit": "578", "nfev": "901", "status": "0", "success": "True", "message": "Optimization terminated successfully.", "x": "[ 4.22990353 -0.47599931  1.18215339  0.94638366  5.05052049  5.37348792]", "final_simplex": "(array([[ 4.22990353, -0.47599931,  1.18215339,  0.94638366,  5.05052049,\n         5.37348792],\n       [ 4.22991106, -0.47600671,  1.1821463 ,  0.94638437,  5.05052743,\n         5.37348439],\n       [ 4.22990767, -0.47600411,  1.18215171,  0.94638727,  5.05052005,\n         5.37348297],\n       [ 4.22989992, -0.47600391,  1.18215514,  0.94638325,  5.05052161,\n         5.37348771],\n       [ 4.22990442, -0.47599876,  1.18215694,  0.94638846,  5.05051411,\n         5.37349256],\n       [ 4.22989624, -0.47600018,  1.18214964,  0.94638665,  5.05051694,\n         5.37349567],\n       [ 4.22990183, -0.47600812,  1.18215325,  0.94638026,  5.05051523,\n         5.37348796]]), array([0.42570007, 0.42570007, 0.42570007, 0.42570007, 0.42570007,\n       0.42570007, 0.42570007]))", "callback": [0.8631671259792913, 0.8429808828980316, 0.7887302352312564, 0.7290661370374008, 0.7052295168512306, 0.703930505872997, 0.6998906079433482, 0.6942507666829427, 0.6893878481528732, 0.6890273609814735, 0.6874204805277264, 0.6274509546445608, 0.6141769906856288, 0.6034343588100006, 0.5784074740616149, 0.5594717153075259, 0.5528673797851428, 0.5496218597455328, 0.5442999732468303, 0.517809699934715, 0.5067254323550392, 0.5019732039123606, 0.4999872981718587, 0.4984423503955312, 0.49737249786431303, 0.4900264780121085, 0.466540834112, 0.45104201628711027, 0.43462680830730327, 0.4313203838298527, 0.43125760635393484, 0.4310532884902287, 0.43099221079342687, 0.4309846775875905, 0.4309703057552349, 0.4309143633413499, 0.43059444369595123, 0.4297324990627076, 0.4286843368495148, 0.4278178343648076, 0.42724528745679824, 0.4270668416718596, 0.4265250688455866, 0.4262174660403326, 0.4259743674906503, 0.42583642217912776, 0.42576196585241055, 0.42572357774059, 0.4257086326394617, 0.42570158797036006, 0.42570038746834205, 0.4257001299069184, 0.4257000769162185, 0.4257000671940687, 0.42570006582730024, 0.4257000656534675, 0.42570006561122387]}, "11": {"maxiter": 1000, "fatol": 1e-10, "xatol": 1e-10, "duration": 0.25373220443725586, "fun": "0.4257000656059443", "nit": "672", "nfev": "1118", "status": "0", "success": "True", "message": "Optimization terminated successfully.", "x": "[ 4.22990548 -0.47600502  1.18215005  0.94638494  5.05052298  5.37348653]", "final_simplex": "(array([[ 4.22990548, -0.47600502,  1.18215005,  0.94638494,  5.05052298,\n         5.37348653],\n       [ 4.22990548, -0.47600502,  1.18215005,  0.94638494,  5.05052298,\n         5.37348653],\n       [ 4.22990548, -0.47600502,  1.18215005,  0.94638494,  5.05052298,\n         5.37348653],\n       [ 4.22990548, -0.47600502,  1.18215005,  0.94638494,  5.05052298,\n         5.37348653],\n       [ 4.22990548, -0.47600502,  1.18215005,  0.94638494,  5.05052298,\n         5.37348653],\n       [ 4.22990548, -0.47600502,  1.18215005,  0.94638494,  5.05052298,\n         5.37348653],\n       [ 4.22990548, -0.47600502,  1.18215005,  0.94638494,  5.05052298,\n         5.37348653]]), array([0.42570007, 0.42570007, 0.42570007, 0.42570007, 0.42570007,\n       0.42570007, 0.42570007]))", "callback": [0.8631671259792913, 0.8429808828980316, 0.7887302352312564, 0.7290661370374008, 0.7052295168512306, 0.703930505872997, 0.6998906079433482, 0.6942507666829427, 0.6893878481528732, 0.6890273609814735, 0.6874204805277264, 0.6274509546445608, 0.6141769906856288, 0.6034343588100006, 0.5784074740616149, 0.5594717153075259, 0.5528673797851428, 0.5496218597455328, 0.5442999732468303, 0.517809699934715, 0.5067254323550392, 0.5019732039123606, 0.4999872981718587, 0.4984423503955312, 0.49737249786431303, 0.4900264780121085, 0.466540834112, 0.45104201628711027, 0.43462680830730327, 0.4313203838298527, 0.43125760635393484, 0.4310532884902287, 0.43099221079342687, 0.4309846775875905, 0.4309703057552349, 0.4309143633413499, 0.43059444369595123, 0.4297324990627076, 0.4286843368495148, 0.4278178343648076, 0.42724528745679824, 0.4270668416718596, 0.4265250688455866, 0.4262174660403326, 0.4259743674906503, 0.42583642217912776, 0.42576196585241055, 0.42572357774059, 0.4257086326394617, 0.42570158797036006, 0.42570038746834205, 0.4257001299069184, 0.4257000769162185, 0.4257000671940687, 0.42570006582730024, 0.4257000656534675, 0.42570006561122387, 0.4257000656094847, 0.4257000656062997, 0.4257000656060239, 0.42570006560595597, 0.4257000656059463, 0.42570006560594464, 0.4257000656059444, 0.4257000656059443, 0.4257000656059443, 0.4257000656059443]}}, "bfgs": {"type": "gradient", "0": {"maxiter": 100, "gtol": 1e-05, "xrtol": 1e-05, "eps": 1e-05, "duration": 0.07742190361022949, "fun": "0.4257000656832357", "jac": "[-2.68489675e-06  1.86975990e-06  7.08699766e-07  2.34199327e-06\n -1.15938370e-06 -2.25356400e-06]", "hess_inv": "[[ 4.9156536   0.70949238 -0.14822434 -0.30236051 -2.05189909  2.63613546]\n [ 0.70949238  5.71155764  2.30437947  1.10716819 -1.90252078  2.36068473]\n [-0.14822434  2.30437947  5.36664986  0.06400139 -0.34917048 -0.92588514]\n [-0.30236051  1.10716819  0.06400139  4.2342163  -0.64430536  0.50821445]\n [-2.05189909 -1.90252078 -0.34917048 -0.64430536  7.56100892 -5.45086092]\n [ 2.63613546  2.36068473 -0.92588514  0.50821445 -5.45086092  8.64951768]]", "nfev": "322", "njev": "46", "status": "0", "success": "True", "message": "Optimization terminated successfully.", "x": "[ 2.05325836 -3.61760364  4.32374303  0.946389    5.05053014  5.37346314]", "nit": "38", "callback": [0.7495586345208597, 0.7463827808119444, 0.45657606425577746]}, "1": {"maxiter": 100, "gtol": 1e-05, "xrtol": 1e-05, "eps": 1e-10, "duration": 0.0780172348022461, "fun": "0.4257000661235344", "jac": "[-5.55111466e-06  4.44089173e-06  0.00000000e+00  8.88178346e-06\n -4.44089173e-06  0.00000000e+00]", "hess_inv": "[[ 4.5883934   0.8462699   0.20101656 -0.09300206 -1.9047179   2.22734568]\n [ 0.8462699   6.05926123  2.27308176  1.27989101 -2.06072427  2.75657926]\n [ 0.20101656  2.27308176  4.88540979 -0.19017409 -0.4278512  -0.6144961 ]\n [-0.09300206  1.27989101 -0.19017409  3.91569615 -0.56267301  0.67763317]\n [-1.9047179  -2.06072427 -0.4278512  -0.56267301  7.2820398  -5.19199402]\n [ 2.22734568  2.75657926 -0.6144961   0.67763317 -5.19199402  8.18143089]]", "nfev": "329", "njev": "47", "status": "0", "success": "True", "message": "Optimization terminated successfully.", "x": "[ 2.05327734 -3.61754617  4.32375287  0.94643588  5.05047768  5.37353496]", "nit": "39", "callback": [0.7495586269675275, 0.7463897429479069, 0.4550210287420544]}, "2": {"maxiter": 100, "gtol": 1e-05, "xrtol": 1e-10, "eps": 1e-05, "duration": 0.07321310043334961, "fun": "0.4257000656832357", "jac": "[-2.68489675e-06  1.86975990e-06  7.08699766e-07  2.34199327e-06\n -1.15938370e-06 -2.25356400e-06]", "hess_inv": "[[ 4.9156536   0.70949238 -0.14822434 -0.30236051 -2.05189909  2.63613546]\n [ 0.70949238  5.71155764  2.30437947  1.10716819 -1.90252078  2.36068473]\n [-0.14822434  2.30437947  5.36664986  0.06400139 -0.34917048 -0.92588514]\n [-0.30236051  1.10716819  0.06400139  4.2342163  -0.64430536  0.50821445]\n [-2.05189909 -1.90252078 -0.34917048 -0.64430536  7.56100892 -5.45086092]\n [ 2.63613546  2.36068473 -0.92588514  0.50821445 -5.45086092  8.64951768]]", "nfev": "322", "njev": "46", "status": "0", "success": "True", "message": "Optimization terminated successfully.", "x": "[ 2.05325836 -3.61760364  4.32374303  0.946389    5.05053014  5.37346314]", "nit": "38", "callback": [0.7495586345208597, 0.7463827808119444, 0.45657606425577746]}, "3": {"maxiter": 100, "gtol": 1e-05, "xrtol": 1e-10, "eps": 1e-10, "duration": 0.07463598251342773, "fun": "0.4257000661235344", "jac": "[-5.55111466e-06  4.44089173e-06  0.00000000e+00  8.88178346e-06\n -4.44089173e-06  0.00000000e+00]", "hess_inv": "[[ 4.5883934   0.8462699   0.20101656 -0.09300206 -1.9047179   2.22734568]\n [ 0.8462699   6.05926123  2.27308176  1.27989101 -2.06072427  2.75657926]\n [ 0.20101656  2.27308176  4.88540979 -0.19017409 -0.4278512  -0.6144961 ]\n [-0.09300206  1.27989101 -0.19017409  3.91569615 -0.56267301  0.67763317]\n [-1.9047179  -2.06072427 -0.4278512  -0.56267301  7.2820398  -5.19199402]\n [ 2.22734568  2.75657926 -0.6144961   0.67763317 -5.19199402  8.18143089]]", "nfev": "329", "njev": "47", "status": "0", "success": "True", "message": "Optimization terminated successfully.", "x": "[ 2.05327734 -3.61754617  4.32375287  0.94643588  5.05047768  5.37353496]", "nit": "39", "callback": [0.7495586269675275, 0.7463897429479069, 0.4550210287420544]}, "4": {"maxiter": 100, "gtol": 1e-10, "xrtol": 1e-05, "eps": 1e-05, "duration": 0.07446503639221191, "fun": "0.4257000656380232", "jac": "[ 3.91742194e-07 -3.14615001e-07 -1.45838897e-07  8.79407658e-08\n  2.50910404e-09  5.76760861e-08]", "hess_inv": "[[ 4.86836384  0.6408353  -0.02207744 -0.10363804 -1.94626887  2.31053978]\n [ 0.6408353   5.84028609  2.26789761  1.0147521  -1.97144723  2.54682776]\n [-0.02207744  2.26789761  5.24133271 -0.09981208 -0.41720322 -0.69087543]\n [-0.10363804  1.0147521  -0.09981208  4.03443708 -0.71747061  0.77762953]\n [-1.94626887 -1.97144723 -0.41720322 -0.71747061  7.54139034 -5.36477729]\n [ 2.31053978  2.54682776 -0.69087543  0.77762953 -5.36477729  8.30826084]]", "nfev": "329", "njev": "47", "status": "0", "success": "True", "message": "Optimization terminated successfully.", "x": "[ 2.05327344 -3.61761337  4.32373321  0.94637836  5.05052723  5.37347576]", "nit": "39", "callback": [0.7495586345208597, 0.7463827808119444, 0.45657606425577746]}, "5": {"maxiter": 100, "gtol": 1e-10, "xrtol": 1e-05, "eps": 1e-10, "duration": 0.07610106468200684, "fun": "0.42570006564483676", "jac": "[1.11022293e-06 1.11022293e-06 1.11022293e-06 3.33066880e-06\n 1.11022293e-06 3.33066880e-06]", "hess_inv": "[[ 4.5574268   0.95070981  0.25712539 -0.03775354 -1.92225008  2.24229308]\n [ 0.95070981  5.71339353  2.10571315  1.06896248 -1.96415724  2.67648182]\n [ 0.25712539  2.10571315  4.85878001 -0.37466923 -0.26762629 -0.74343799]\n [-0.03775354  1.06896248 -0.37466923  3.9120363  -0.67586691  0.76552273]\n [-1.92225008 -1.96415724 -0.26762629 -0.67586691  7.49203202 -5.3579115 ]\n [ 2.24229308  2.67648182 -0.74343799  0.76552273 -5.3579115   8.31248741]]", "nfev": "336", "njev": "48", "status": "0", "success": "True", "message": "Optimization terminated successfully.", "x": "[ 2.05329022 -3.61758448  4.32374709  0.94639318  5.050515    5.37350493]", "nit": "40", "callback": [0.7495586269675275, 0.7463897429479069, 0.4550210287420544, 0.42570006564483676]}, "6": {"maxiter": 100, "gtol": 1e-10, "xrtol": 1e-10, "eps": 1e-05, "duration": 0.12073588371276855, "fun": "0.42570006563595986", "jac": "[-9.33697564e-09  4.67403893e-09  3.01980663e-09 -7.29416527e-09\n  2.79776202e-09  1.16018306e-08]", "hess_inv": "[[ 4.58711707  0.91746425  0.20637722 -0.09572475 -1.92046056  2.26110068]\n [ 0.91746425  5.58144794  2.05126227  0.97495021 -1.99685738  2.6179648 ]\n [ 0.20637722  2.05126227  5.06197734 -0.12982292 -0.43527293 -0.63948305]\n [-0.09572475  0.97495021 -0.12982292  4.12439385 -0.72725404  0.7323765 ]\n [-1.92046056 -1.99685738 -0.43527293 -0.72725404  7.54551898 -5.36580937]\n [ 2.26110068  2.6179648  -0.63948305  0.7323765  -5.36580937  8.34251324]]", "nfev": "537", "njev": "75", "status": "2", "success": "False", "message": "Desired error not necessarily achieved due to precision loss.", "x": "[ 2.05327183 -3.61761187  4.32373458  0.94637827  5.05052761  5.37347513]", "nit": "40", "callback": [0.7495586345208597, 0.7463827808119444, 0.45657606425577746, 0.42570006563595986]}, "7": {"maxiter": 100, "gtol": 1e-10, "xrtol": 1e-10, "eps": 1e-10, "duration": 0.10249590873718262, "fun": "0.42570006560718343", "jac": "[1.11022293e-06 0.00000000e+00 0.00000000e+00 0.00000000e+00\n 0.00000000e+00 0.00000000e+00]", "hess_inv": "[[ 0.43828815 -0.22580377 -0.58644318 -0.76292756 -0.56130737  0.96975448]\n [-0.22580377  0.56780218  0.33042439 -0.08119601  0.20321576 -0.44748052]\n [-0.58644318  0.33042439  1.06307794  0.68430524  0.58212819 -1.37682891]\n [-0.76292756 -0.08119601  0.68430524  2.59586249  1.16556037 -1.99695543]\n [-0.56130737  0.20321576  0.58212819  1.16556037  0.92921566 -1.21642304]\n [ 0.96975448 -0.44748052 -1.37682891 -1.99695543 -1.21642304  2.53502717]]", "nfev": "448", "njev": "64", "status": "2", "success": "False", "message": "Desired error not necessarily achieved due to precision loss.", "x": "[ 2.05328247 -3.61759598  4.32374381  0.94638627  5.05052229  5.37348825]", "nit": "48", "callback": [0.7495586269675275, 0.7463897429479069, 0.4550210287420544, 0.42570006564483676]}, "8": {"maxiter": 500, "gtol": 1e-05, "xrtol": 1e-05, "eps": 1e-05, "duration": 0.07326102256774902, "fun": "0.4257000656832357", "jac": "[-2.68489675e-06  1.86975990e-06  7.08699766e-07  2.34199327e-06\n -1.15938370e-06 -2.25356400e-06]", "hess_inv": "[[ 4.9156536   0.70949238 -0.14822434 -0.30236051 -2.05189909  2.63613546]\n [ 0.70949238  5.71155764  2.30437947  1.10716819 -1.90252078  2.36068473]\n [-0.14822434  2.30437947  5.36664986  0.06400139 -0.34917048 -0.92588514]\n [-0.30236051  1.10716819  0.06400139  4.2342163  -0.64430536  0.50821445]\n [-2.05189909 -1.90252078 -0.34917048 -0.64430536  7.56100892 -5.45086092]\n [ 2.63613546  2.36068473 -0.92588514  0.50821445 -5.45086092  8.64951768]]", "nfev": "322", "njev": "46", "status": "0", "success": "True", "message": "Optimization terminated successfully.", "x": "[ 2.05325836 -3.61760364  4.32374303  0.946389    5.05053014  5.37346314]", "nit": "38", "callback": [0.7495586345208597, 0.7463827808119444, 0.45657606425577746]}, "9": {"maxiter": 500, "gtol": 1e-05, "xrtol": 1e-05, "eps": 1e-10, "duration": 0.07519793510437012, "fun": "0.4257000661235344", "jac": "[-5.55111466e-06  4.44089173e-06  0.00000000e+00  8.88178346e-06\n -4.44089173e-06  0.00000000e+00]", "hess_inv": "[[ 4.5883934   0.8462699   0.20101656 -0.09300206 -1.9047179   2.22734568]\n [ 0.8462699   6.05926123  2.27308176  1.27989101 -2.06072427  2.75657926]\n [ 0.20101656  2.27308176  4.88540979 -0.19017409 -0.4278512  -0.6144961 ]\n [-0.09300206  1.27989101 -0.19017409  3.91569615 -0.56267301  0.67763317]\n [-1.9047179  -2.06072427 -0.4278512  -0.56267301  7.2820398  -5.19199402]\n [ 2.22734568  2.75657926 -0.6144961   0.67763317 -5.19199402  8.18143089]]", "nfev": "329", "njev": "47", "status": "0", "success": "True", "message": "Optimization terminated successfully.", "x": "[ 2.05327734 -3.61754617  4.32375287  0.94643588  5.05047768  5.37353496]", "nit": "39", "callback": [0.7495586269675275, 0.7463897429479069, 0.4550210287420544]}, "10": {"maxiter": 500, "gtol": 1e-05, "xrtol": 1e-10, "eps": 1e-05, "duration": 0.0731508731842041, "fun": "0.4257000656832357", "jac": "[-2.68489675e-06  1.86975990e-06  7.08699766e-07  2.34199327e-06\n -1.15938370e-06 -2.25356400e-06]", "hess_inv": "[[ 4.9156536   0.70949238 -0.14822434 -0.30236051 -2.05189909  2.63613546]\n [ 0.70949238  5.71155764  2.30437947  1.10716819 -1.90252078  2.36068473]\n [-0.14822434  2.30437947  5.36664986  0.06400139 -0.34917048 -0.92588514]\n [-0.30236051  1.10716819  0.06400139  4.2342163  -0.64430536  0.50821445]\n [-2.05189909 -1.90252078 -0.34917048 -0.64430536  7.56100892 -5.45086092]\n [ 2.63613546  2.36068473 -0.92588514  0.50821445 -5.45086092  8.64951768]]", "nfev": "322", "njev": "46", "status": "0", "success": "True", "message": "Optimization terminated successfully.", "x": "[ 2.05325836 -3.61760364  4.32374303  0.946389    5.05053014  5.37346314]", "nit": "38", "callback": [0.7495586345208597, 0.7463827808119444, 0.45657606425577746]}, "11": {"maxiter": 500, "gtol": 1e-05, "xrtol": 1e-10, "eps": 1e-10, "duration": 0.07558608055114746, "fun": "0.4257000661235344", "jac": "[-5.55111466e-06  4.44089173e-06  0.00000000e+00  8.88178346e-06\n -4.44089173e-06  0.00000000e+00]", "hess_inv": "[[ 4.5883934   0.8462699   0.20101656 -0.09300206 -1.9047179   2.22734568]\n [ 0.8462699   6.05926123  2.27308176  1.27989101 -2.06072427  2.75657926]\n [ 0.20101656  2.27308176  4.88540979 -0.19017409 -0.4278512  -0.6144961 ]\n [-0.09300206  1.27989101 -0.19017409  3.91569615 -0.56267301  0.67763317]\n [-1.9047179  -2.06072427 -0.4278512  -0.56267301  7.2820398  -5.19199402]\n [ 2.22734568  2.75657926 -0.6144961   0.67763317 -5.19199402  8.18143089]]", "nfev": "329", "njev": "47", "status": "0", "success": "True", "message": "Optimization terminated successfully.", "x": "[ 2.05327734 -3.61754617  4.32375287  0.94643588  5.05047768  5.37353496]", "nit": "39", "callback": [0.7495586269675275, 0.7463897429479069, 0.4550210287420544]}, "12": {"maxiter": 500, "gtol": 1e-10, "xrtol": 1e-05, "eps": 1e-05, "duration": 0.07503986358642578, "fun": "0.4257000656380232", "jac": "[ 3.91742194e-07 -3.14615001e-07 -1.45838897e-07  8.79407658e-08\n  2.50910404e-09  5.76760861e-08]", "hess_inv": "[[ 4.86836384  0.6408353  -0.02207744 -0.10363804 -1.94626887  2.31053978]\n [ 0.6408353   5.84028609  2.26789761  1.0147521  -1.97144723  2.54682776]\n [-0.02207744  2.26789761  5.24133271 -0.09981208 -0.41720322 -0.69087543]\n [-0.10363804  1.0147521  -0.09981208  4.03443708 -0.71747061  0.77762953]\n [-1.94626887 -1.97144723 -0.41720322 -0.71747061  7.54139034 -5.36477729]\n [ 2.31053978  2.54682776 -0.69087543  0.77762953 -5.36477729  8.30826084]]", "nfev": "329", "njev": "47", "status": "0", "success": "True", "message": "Optimization terminated successfully.", "x": "[ 2.05327344 -3.61761337  4.32373321  0.94637836  5.05052723  5.37347576]", "nit": "39", "callback": [0.7495586345208597, 0.7463827808119444, 0.45657606425577746]}, "13": {"maxiter": 500, "gtol": 1e-10, "xrtol": 1e-05, "eps": 1e-10, "duration": 0.07642507553100586, "fun": "0.42570006564483676", "jac": "[1.11022293e-06 1.11022293e-06 1.11022293e-06 3.33066880e-06\n 1.11022293e-06 3.33066880e-06]", "hess_inv": "[[ 4.5574268   0.95070981  0.25712539 -0.03775354 -1.92225008  2.24229308]\n [ 0.95070981  5.71339353  2.10571315  1.06896248 -1.96415724  2.67648182]\n [ 0.25712539  2.10571315  4.85878001 -0.37466923 -0.26762629 -0.74343799]\n [-0.03775354  1.06896248 -0.37466923  3.9120363  -0.67586691  0.76552273]\n [-1.92225008 -1.96415724 -0.26762629 -0.67586691  7.49203202 -5.3579115 ]\n [ 2.24229308  2.67648182 -0.74343799  0.76552273 -5.3579115   8.31248741]]", "nfev": "336", "njev": "48", "status": "0", "success": "True", "message": "Optimization terminated successfully.", "x": "[ 2.05329022 -3.61758448  4.32374709  0.94639318  5.050515    5.37350493]", "nit": "40", "callback": [0.7495586269675275, 0.7463897429479069, 0.4550210287420544, 0.42570006564483676]}, "14": {"maxiter": 500, "gtol": 1e-10, "xrtol": 1e-10, "eps": 1e-05, "duration": 0.12312769889831543, "fun": "0.42570006563595986", "jac": "[-9.33697564e-09  4.67403893e-09  3.01980663e-09 -7.29416527e-09\n  2.79776202e-09  1.16018306e-08]", "hess_inv": "[[ 4.58711707  0.91746425  0.20637722 -0.09572475 -1.92046056  2.26110068]\n [ 0.91746425  5.58144794  2.05126227  0.97495021 -1.99685738  2.6179648 ]\n [ 0.20637722  2.05126227  5.06197734 -0.12982292 -0.43527293 -0.63948305]\n [-0.09572475  0.97495021 -0.12982292  4.12439385 -0.72725404  0.7323765 ]\n [-1.92046056 -1.99685738 -0.43527293 -0.72725404  7.54551898 -5.36580937]\n [ 2.26110068  2.6179648  -0.63948305  0.7323765  -5.36580937  8.34251324]]", "nfev": "537", "njev": "75", "status": "2", "success": "False", "message": "Desired error not necessarily achieved due to precision loss.", "x": "[ 2.05327183 -3.61761187  4.32373458  0.94637827  5.05052761  5.37347513]", "nit": "40", "callback": [0.7495586345208597, 0.7463827808119444, 0.45657606425577746, 0.42570006563595986]}, "15": {"maxiter": 500, "gtol": 1e-10, "xrtol": 1e-10, "eps": 1e-10, "duration": 0.10228300094604492, "fun": "0.42570006560718343", "jac": "[1.11022293e-06 0.00000000e+00 0.00000000e+00 0.00000000e+00\n 0.00000000e+00 0.00000000e+00]", "hess_inv": "[[ 0.43828815 -0.22580377 -0.58644318 -0.76292756 -0.56130737  0.96975448]\