{"date": "2024/09/24/, 02:28:51", "conf_id": 209, "data_type": "non_lin_ind\n", "num_data_points": 3, "s_rank": 0, "unitary": "[[-0.24866696+0.58742286j,-0.44704345-0.43151574j,-0.35669027-0.20570733j,-0.10517633+0.1626036j],[0.10596805-0.19687975j,-0.30269685-0.15056416j,0.18246286+0.30440582j,-0.83484447-0.11310748j],[0.26054512-0.52548482j,0.0285017-0.50723956j,-0.43110112+0.17165838j,0.15243271+0.39915801j],[0.42978035+0.11991271j,-0.17224126-0.46030424j,0.6827807-0.15164662j,0.26483638+0.0061855j]]", "databatch_0": {"databatch": "[[[-0.15474068+0.09626066j,0.14652494-0.26529554j,-0.11616942+0.19777922j,0.37631017-0.33957952j],[0.12153475-0.049963j,0.01538931-0.08849952j,-0.06939551-0.11979128j,-0.00761255+0.41777076j],[-0.13932703+0.14235349j,0.21010675+0.05898898j,0.07601614+0.06027103j,-0.17253485-0.35611034j],[-0.06116381-0.02315194j,-0.08622185+0.15058032j,0.06138464+0.05321384j,-0.00118848-0.22809754j]],[[0.21729262-0.21866944j,-0.1180475-0.01679036j,0.26246238+0.0106391j,-0.02797398-0.36125636j],[-0.16306487+0.29143197j,0.06829931-0.10881755j,-0.17099501+0.01783619j,0.07248156+0.2827798j],[-0.00165342-0.41399925j,0.01572548+0.11828507j,0.21262225-0.09265744j,-0.23020358-0.30150733j],[0.14060312-0.12068724j,-0.04748123+0.07486014j,0.05838971+0.02754768j,0.02623801-0.13144309j]],[[0.06142516+0.00632695j,-0.16757062+0.275453j,-0.1378117+0.2211168j,-0.08947148-0.29485908j],[0.11822091+0.02929993j,0.10065165+0.00669687j,0.147636-0.2652874j,-0.2132533+0.00694069j],[-0.1159908+0.11387863j,-0.24166241+0.12404391j,0.01371496+0.40335236j,0.25278348-0.34059902j],[-0.10649068-0.05898761j,-0.02296177-0.12018292j,-0.14637546+0.10249513j,0.19944054+0.14897973j]]]", "initial param values": "[1.0934655,2.66834744,4.61258059,3.67650036,2.74062707,4.67033617]", "nelder_mead": {"type": "gradient-free", "0": {"maxiter": 100, "fatol": 1e-05, "xatol": 1e-05, "duration": 0.03939080238342285, "fun": "0.06409877868634817", "nit": "100", "nfev": "160", "status": "2", "success": "False", "message": "Maximum number of iterations has been exceeded.", "x": "[1.15390294 5.38907009 3.77166923 4.44033514 0.49128892 2.02669676]", "final_simplex": "(array([[1.15390294, 5.38907009, 3.77166923, 4.44033514, 0.49128892,\n        2.02669676],\n       [1.13964673, 5.42091664, 3.77003641, 4.45931659, 0.51545635,\n        1.96309713],\n       [1.14263536, 5.37669754, 3.79254961, 4.45210604, 0.53886779,\n        2.02469331],\n       [1.14557189, 5.40259883, 3.75578432, 4.43724709, 0.49374376,\n        1.98319051],\n       [1.14831109, 5.38586238, 3.77787346, 4.40991961, 0.519705  ,\n        2.02183886],\n       [1.15965183, 5.37989952, 3.77490698, 4.42750424, 0.50553109,\n        1.96917634],\n       [1.13670567, 5.3967253 , 3.73792184, 4.44515441, 0.52659262,\n        2.0016189 ]]), array([0.06409878, 0.06459649, 0.0646807 , 0.06476967, 0.06499858,\n       0.06503664, 0.0650436 ]))", "callback": [0.4308017828301032, 0.31574350465583156, 0.2683346613423092, 0.11811313620467667, 0.10972959448506481, 0.07336455918449936, 0.07007789773667161, 0.06709540205997266, 0.06504359627246925]}, "1": {"maxiter": 100, "fatol": 1e-05, "xatol": 1e-10, "duration": 0.038378000259399414, "fun": "0.06409877868634817", "nit": "100", "nfev": "160", "status": "2", "success": "False", "message": "Maximum number of iterations has been exceeded.", "x": "[1.15390294 5.38907009 3.77166923 4.44033514 0.49128892 2.02669676]", "final_simplex": "(array([[1.15390294, 5.38907009, 3.77166923, 4.44033514, 0.49128892,\n        2.02669676],\n       [1.13964673, 5.42091664, 3.77003641, 4.45931659, 0.51545635,\n        1.96309713],\n       [1.14263536, 5.37669754, 3.79254961, 4.45210604, 0.53886779,\n        2.02469331],\n       [1.14557189, 5.40259883, 3.75578432, 4.43724709, 0.49374376,\n        1.98319051],\n       [1.14831109, 5.38586238, 3.77787346, 4.40991961, 0.519705  ,\n        2.02183886],\n       [1.15965183, 5.37989952, 3.77490698, 4.42750424, 0.50553109,\n        1.96917634],\n       [1.13670567, 5.3967253 , 3.73792184, 4.44515441, 0.52659262,\n        2.0016189 ]]), array([0.06409878, 0.06459649, 0.0646807 , 0.06476967, 0.06499858,\n       0.06503664, 0.0650436 ]))", "callback": [0.4308017828301032, 0.31574350465583156, 0.2683346613423092, 0.11811313620467667, 0.10972959448506481, 0.07336455918449936, 0.07007789773667161, 0.06709540205997266, 0.06504359627246925]}, "2": {"maxiter": 100, "fatol": 1e-10, "xatol": 1e-05, "duration": 0.03599691390991211, "fun": "0.06409877868634817", "nit": "100", "nfev": "160", "status": "2", "success": "False", "message": "Maximum number of iterations has been exceeded.", "x": "[1.15390294 5.38907009 3.77166923 4.44033514 0.49128892 2.02669676]", "final_simplex": "(array([[1.15390294, 5.38907009, 3.77166923, 4.44033514, 0.49128892,\n        2.02669676],\n       [1.13964673, 5.42091664, 3.77003641, 4.45931659, 0.51545635,\n        1.96309713],\n       [1.14263536, 5.37669754, 3.79254961, 4.45210604, 0.53886779,\n        2.02469331],\n       [1.14557189, 5.40259883, 3.75578432, 4.43724709, 0.49374376,\n        1.98319051],\n       [1.14831109, 5.38586238, 3.77787346, 4.40991961, 0.519705  ,\n        2.02183886],\n       [1.15965183, 5.37989952, 3.77490698, 4.42750424, 0.50553109,\n        1.96917634],\n       [1.13670567, 5.3967253 , 3.73792184, 4.44515441, 0.52659262,\n        2.0016189 ]]), array([0.06409878, 0.06459649, 0.0646807 , 0.06476967, 0.06499858,\n       0.06503664, 0.0650436 ]))", "callback": [0.4308017828301032, 0.31574350465583156, 0.2683346613423092, 0.11811313620467667, 0.10972959448506481, 0.07336455918449936, 0.07007789773667161, 0.06709540205997266, 0.06504359627246925]}, "3": {"maxiter": 100, "fatol": 1e-10, "xatol": 1e-10, "duration": 0.036241769790649414, "fun": "0.06409877868634817", "nit": "100", "nfev": "160", "status": "2", "success": "False", "message": "Maximum number of iterations has been exceeded.", "x": "[1.15390294 5.38907009 3.77166923 4.44033514 0.49128892 2.02669676]", "final_simplex": "(array([[1.15390294, 5.38907009, 3.77166923, 4.44033514, 0.49128892,\n        2.02669676],\n       [1.13964673, 5.42091664, 3.77003641, 4.45931659, 0.51545635,\n        1.96309713],\n       [1.14263536, 5.37669754, 3.79254961, 4.45210604, 0.53886779,\n        2.02469331],\n       [1.14557189, 5.40259883, 3.75578432, 4.43724709, 0.49374376,\n        1.98319051],\n       [1.14831109, 5.38586238, 3.77787346, 4.40991961, 0.519705  ,\n        2.02183886],\n       [1.15965183, 5.37989952, 3.77490698, 4.42750424, 0.50553109,\n        1.96917634],\n       [1.13670567, 5.3967253 , 3.73792184, 4.44515441, 0.52659262,\n        2.0016189 ]]), array([0.06409878, 0.06459649, 0.0646807 , 0.06476967, 0.06499858,\n       0.06503664, 0.0650436 ]))", "callback": [0.4308017828301032, 0.31574350465583156, 0.2683346613423092, 0.11811313620467667, 0.10972959448506481, 0.07336455918449936, 0.07007789773667161, 0.06709540205997266, 0.06504359627246925]}, "4": {"maxiter": 500, "fatol": 1e-05, "xatol": 1e-05, "duration": 0.11261320114135742, "fun": "0.05831080441153891", "nit": "317", "nfev": "505", "status": "0", "success": "True", "message": "Optimization terminated successfully.", "x": "[1.32827662 5.45823247 3.78632714 4.57290442 0.60217598 2.02788751]", "final_simplex": "(array([[1.32827662, 5.45823247, 3.78632714, 4.57290442, 0.60217598,\n        2.02788751],\n       [1.32827806, 5.4582396 , 3.78632746, 4.57291036, 0.60217255,\n        2.0278797 ],\n       [1.32827693, 5.45823714, 3.78632878, 4.57290987, 0.60217347,\n        2.02788774],\n       [1.32827401, 5.45824   , 3.78632481, 4.57290517, 0.60217033,\n        2.0278849 ],\n       [1.32827779, 5.45823928, 3.78632784, 4.57291076, 0.60217706,\n        2.02788282],\n       [1.32827505, 5.45823664, 3.78633026, 4.57290651, 0.60217269,\n        2.02788634],\n       [1.32828057, 5.4582344 , 3.78632851, 4.57290814, 0.60217733,\n        2.02789109]]), array([0.0583108, 0.0583108, 0.0583108, 0.0583108, 0.0583108, 0.0583108,\n       0.0583108]))", "callback": [0.4308017828301032, 0.31574350465583156, 0.2683346613423092, 0.11811313620467667, 0.10972959448506481, 0.07336455918449936, 0.07007789773667161, 0.06709540205997266, 0.06504359627246925, 0.06409877868634817, 0.06347645499664656, 0.06317622758673058, 0.06290013501275615, 0.062296144505978646, 0.06026640136929495, 0.05934166445541933, 0.059030470336924434, 0.05884477075028105, 0.05847893018780137, 0.05833516796794358, 0.05833516796794358, 0.05831680532648775, 0.05831178600007114, 0.0583108357796438, 0.0583108357796438, 0.058310821611637365, 0.058310806757855715, 0.05831080476793249, 0.058310804516197856, 0.058310804432474606, 0.0583108044138827]}, "5": {"maxiter": 500, "fatol": 1e-05, "xatol": 1e-10, "duration": 0.17037534713745117, "fun": "0.0583108044077415", "nit": "437", "nfev": "758", "status": "0", "success": "True", "message": "Optimization terminated successfully.", "x": "[1.32827563 5.45823583 3.78632478 4.57290706 0.60217353 2.02788398]", "final_simplex": "(array([[1.32827563, 5.45823583, 3.78632478, 4.57290706, 0.60217353,\n        2.02788398],\n       [1.32827563, 5.45823583, 3.78632478, 4.57290706, 0.60217353,\n        2.02788398],\n       [1.32827563, 5.45823583, 3.78632478, 4.57290706, 0.60217353,\n        2.02788398],\n       [1.32827563, 5.45823583, 3.78632478, 4.57290706, 0.60217353,\n        2.02788398],\n       [1.32827563, 5.45823583, 3.78632478, 4.57290706, 0.60217353,\n        2.02788398],\n       [1.32827563, 5.45823583, 3.78632478, 4.57290706, 0.60217353,\n        2.02788398],\n       [1.32827563, 5.45823583, 3.78632478, 4.57290706, 0.60217353,\n        2.02788398]]), array([0.0583108, 0.0583108, 0.0583108, 0.0583108, 0.0583108, 0.0583108,\n       0.0583108]))", "callback": [0.4308017828301032, 0.31574350465583156, 0.2683346613423092, 0.11811313620467667, 0.10972959448506481, 0.07336455918449936, 0.07007789773667161, 0.06709540205997266, 0.06504359627246925, 0.06409877868634817, 0.06347645499664656, 0.06317622758673058, 0.06290013501275615, 0.062296144505978646, 0.06026640136929495, 0.05934166445541933, 0.059030470336924434, 0.05884477075028105, 0.05847893018780137, 0.05833516796794358, 0.05833516796794358, 0.05831680532648775, 0.05831178600007114, 0.0583108357796438, 0.0583108357796438, 0.058310821611637365, 0.058310806757855715, 0.05831080476793249, 0.058310804516197856, 0.058310804432474606, 0.0583108044138827, 0.0583108044095999, 0.05831080440823033, 0.058310804408061245, 0.058310804407812555, 0.05831080440777614, 0.05831080440775782, 0.05831080440775216, 0.05831080440774483, 0.05831080440774228, 0.0583108044077415, 0.0583108044077415, 0.0583108044077415]}, "6": {"maxiter": 500, "fatol": 1e-10, "xatol": 1e-05, "duration": 0.11301302909851074, "fun": "0.05831080441153891", "nit": "317", "nfev": "505", "status": "0", "success": "True", "message": "Optimization terminated successfully.", "x": "[1.32827662 5.45823247 3.78632714 4.57290442 0.60217598 2.02788751]", "final_simplex": "(array([[1.32827662, 5.45823247, 3.78632714, 4.57290442, 0.60217598,\n        2.02788751],\n       [1.32827806, 5.4582396 , 3.78632746, 4.57291036, 0.60217255,\n        2.0278797 ],\n       [1.32827693, 5.45823714, 3.78632878, 4.57290987, 0.60217347,\n        2.02788774],\n       [1.32827401, 5.45824   , 3.78632481, 4.57290517, 0.60217033,\n        2.0278849 ],\n       [1.32827779, 5.45823928, 3.78632784, 4.57291076, 0.60217706,\n        2.02788282],\n       [1.32827505, 5.45823664, 3.78633026, 4.57290651, 0.60217269,\n        2.02788634],\n       [1.32828057, 5.4582344 , 3.78632851, 4.57290814, 0.60217733,\n        2.02789109]]), array([0.0583108, 0.0583108, 0.0583108, 0.0583108, 0.0583108, 0.0583108,\n       0.0583108]))", "callback": [0.4308017828301032, 0.31574350465583156, 0.2683346613423092, 0.11811313620467667, 0.10972959448506481, 0.07336455918449936, 0.07007789773667161, 0.06709540205997266, 0.06504359627246925, 0.06409877868634817, 0.06347645499664656, 0.06317622758673058, 0.06290013501275615, 0.062296144505978646, 0.06026640136929495, 0.05934166445541933, 0.059030470336924434, 0.05884477075028105, 0.05847893018780137, 0.05833516796794358, 0.05833516796794358, 0.05831680532648775, 0.05831178600007114, 0.0583108357796438, 0.0583108357796438, 0.058310821611637365, 0.058310806757855715, 0.05831080476793249, 0.058310804516197856, 0.058310804432474606, 0.0583108044138827]}, "7": {"maxiter": 500, "fatol": 1e-10, "xatol": 1e-10, "duration": 0.1849229335784912, "fun": "0.0583108044077415", "nit": "437", "nfev": "758", "status": "0", "success": "True", "message": "Optimization terminated successfully.", "x": "[1.32827563 5.45823583 3.78632478 4.57290706 0.60217353 2.02788398]", "final_simplex": "(array([[1.32827563, 5.45823583, 3.78632478, 4.57290706, 0.60217353,\n        2.02788398],\n       [1.32827563, 5.45823583, 3.78632478, 4.57290706, 0.60217353,\n        2.02788398],\n       [1.32827563, 5.45823583, 3.78632478, 4.57290706, 0.60217353,\n        2.02788398],\n       [1.32827563, 5.45823583, 3.78632478, 4.57290706, 0.60217353,\n        2.02788398],\n       [1.32827563, 5.45823583, 3.78632478, 4.57290706, 0.60217353,\n        2.02788398],\n       [1.32827563, 5.45823583, 3.78632478, 4.57290706, 0.60217353,\n        2.02788398],\n       [1.32827563, 5.45823583, 3.78632478, 4.57290706, 0.60217353,\n        2.02788398]]), array([0.0583108, 0.0583108, 0.0583108, 0.0583108, 0.0583108, 0.0583108,\n       0.0583108]))", "callback": [0.4308017828301032, 0.31574350465583156, 0.2683346613423092, 0.11811313620467667, 0.10972959448506481, 0.07336455918449936, 0.07007789773667161, 0.06709540205997266, 0.06504359627246925, 0.06409877868634817, 0.06347645499664656, 0.06317622758673058, 0.06290013501275615, 0.062296144505978646, 0.06026640136929495, 0.05934166445541933, 0.059030470336924434, 0.05884477075028105, 0.05847893018780137, 0.05833516796794358, 0.05833516796794358, 0.05831680532648775, 0.05831178600007114, 0.0583108357796438, 0.0583108357796438, 0.058310821611637365, 0.058310806757855715, 0.05831080476793249, 0.058310804516197856, 0.058310804432474606, 0.0583108044138827, 0.0583108044095999, 0.05831080440823033, 0.058310804408061245, 0.058310804407812555, 0.05831080440777614, 0.05831080440775782, 0.05831080440775216, 0.05831080440774483, 0.05831080440774228, 0.0583108044077415, 0.0583108044077415, 0.0583108044077415]}, "8": {"maxiter": 1000, "fatol": 1e-05, "xatol": 1e-05, "duration": 0.1199181079864502, "fun": "0.05831080441153891", "nit": "317", "nfev": "505", "status": "0", "success": "True", "message": "Optimization terminated successfully.", "x": "[1.32827662 5.45823247 3.78632714 4.57290442 0.60217598 2.02788751]", "final_simplex": "(array([[1.32827662, 5.45823247, 3.78632714, 4.57290442, 0.60217598,\n        2.02788751],\n       [1.32827806, 5.4582396 , 3.78632746, 4.57291036, 0.60217255,\n        2.0278797 ],\n       [1.32827693, 5.45823714, 3.78632878, 4.57290987, 0.60217347,\n        2.02788774],\n       [1.32827401, 5.45824   , 3.78632481, 4.57290517, 0.60217033,\n        2.0278849 ],\n       [1.32827779, 5.45823928, 3.78632784, 4.57291076, 0.60217706,\n        2.02788282],\n       [1.32827505, 5.45823664, 3.78633026, 4.57290651, 0.60217269,\n        2.02788634],\n       [1.32828057, 5.4582344 , 3.78632851, 4.57290814, 0.60217733,\n        2.02789109]]), array([0.0583108, 0.0583108, 0.0583108, 0.0583108, 0.0583108, 0.0583108,\n       0.0583108]))", "callback": [0.4308017828301032, 0.31574350465583156, 0.2683346613423092, 0.11811313620467667, 0.10972959448506481, 0.07336455918449936, 0.07007789773667161, 0.06709540205997266, 0.06504359627246925, 0.06409877868634817, 0.06347645499664656, 0.06317622758673058, 0.06290013501275615, 0.062296144505978646, 0.06026640136929495, 0.05934166445541933, 0.059030470336924434, 0.05884477075028105, 0.05847893018780137, 0.05833516796794358, 0.05833516796794358, 0.05831680532648775, 0.05831178600007114, 0.0583108357796438, 0.0583108357796438, 0.058310821611637365, 0.058310806757855715, 0.05831080476793249, 0.058310804516197856, 0.058310804432474606, 0.0583108044138827]}, "9": {"maxiter": 1000, "fatol": 1e-05, "xatol": 1e-10, "duration": 0.17075300216674805, "fun": "0.0583108044077415", "nit": "437", "nfev": "758", "status": "0", "success": "True", "message": "Optimization terminated successfully.", "x": "[1.32827563 5.45823583 3.78632478 4.57290706 0.60217353 2.02788398]", "final_simplex": "(array([[1.32827563, 5.45823583, 3.78632478, 4.57290706, 0.60217353,\n        2.02788398],\n       [1.32827563, 5.45823583, 3.78632478, 4.57290706, 0.60217353,\n        2.02788398],\n       [1.32827563, 5.45823583, 3.78632478, 4.57290706, 0.60217353,\n        2.02788398],\n       [1.32827563, 5.45823583, 3.78632478, 4.57290706, 0.60217353,\n        2.02788398],\n       [1.32827563, 5.45823583, 3.78632478, 4.57290706, 0.60217353,\n        2.02788398],\n       [1.32827563, 5.45823583, 3.78632478, 4.57290706, 0.60217353,\n        2.02788398],\n       [1.32827563, 5.45823583, 3.78632478, 4.57290706, 0.60217353,\n        2.02788398]]), array([0.0583108, 0.0583108, 0.0583108, 0.0583108, 0.0583108, 0.0583108,\n       0.0583108]))", "callback": [0.4308017828301032, 0.31574350465583156, 0.2683346613423092, 0.11811313620467667, 0.10972959448506481, 0.07336455918449936, 0.07007789773667161, 0.06709540205997266, 0.06504359627246925, 0.06409877868634817, 0.06347645499664656, 0.06317622758673058, 0.06290013501275615, 0.062296144505978646, 0.06026640136929495, 0.05934166445541933, 0.059030470336924434, 0.05884477075028105, 0.05847893018780137, 0.05833516796794358, 0.05833516796794358, 0.05831680532648775, 0.05831178600007114, 0.0583108357796438, 0.0583108357796438, 0.058310821611637365, 0.058310806757855715, 0.05831080476793249, 0.058310804516197856, 0.058310804432474606, 0.0583108044138827, 0.0583108044095999, 0.05831080440823033, 0.058310804408061245, 0.058310804407812555, 0.05831080440777614, 0.05831080440775782, 0.05831080440775216, 0.05831080440774483, 0.05831080440774228, 0.0583108044077415, 0.0583108044077415, 0.0583108044077415]}, "10": {"maxiter": 1000, "fatol": 1e-10, "xatol": 1e-05, "duration": 0.11854219436645508, "fun": "0.05831080441153891", "nit": "317", "nfev": "505", "status": "0", "success": "True", "message": "Optimization terminated successfully.", "x": "[1.32827662 5.45823247 3.78632714 4.57290442 0.60217598 2.02788751]", "final_simplex": "(array([[1.32827662, 5.45823247, 3.78632714, 4.57290442, 0.60217598,\n        2.02788751],\n       [1.32827806, 5.4582396 , 3.78632746, 4.57291036, 0.60217255,\n        2.0278797 ],\n       [1.32827693, 5.45823714, 3.78632878, 4.57290987, 0.60217347,\n        2.02788774],\n       [1.32827401, 5.45824   , 3.78632481, 4.57290517, 0.60217033,\n        2.0278849 ],\n       [1.32827779, 5.45823928, 3.78632784, 4.57291076, 0.60217706,\n        2.02788282],\n       [1.32827505, 5.45823664, 3.78633026, 4.57290651, 0.60217269,\n        2.02788634],\n       [1.32828057, 5.4582344 , 3.78632851, 4.57290814, 0.60217733,\n        2.02789109]]), array([0.0583108, 0.0583108, 0.0583108, 0.0583108, 0.0583108, 0.0583108,\n       0.0583108]))", "callback": [0.4308017828301032, 0.31574350465583156, 0.2683346613423092, 0.11811313620467667, 0.10972959448506481, 0.07336455918449936, 0.07007789773667161, 0.06709540205997266, 0.06504359627246925, 0.06409877868634817, 0.06347645499664656, 0.06317622758673058, 0.06290013501275615, 0.062296144505978646, 0.06026640136929495, 0.05934166445541933, 0.059030470336924434, 0.05884477075028105, 0.05847893018780137, 0.05833516796794358, 0.05833516796794358, 0.05831680532648775, 0.05831178600007114, 0.0583108357796438, 0.0583108357796438, 0.058310821611637365, 0.058310806757855715, 0.05831080476793249, 0.058310804516197856, 0.058310804432474606, 0.0583108044138827]}, "11": {"maxiter": 1000, "fatol": 1e-10, "xatol": 1e-10, "duration": 0.18990468978881836, "fun": "0.0583108044077415", "nit": "437", "nfev": "758", "status": "0", "success": "True", "message": "Optimization terminated successfully.", "x": "[1.32827563 5.45823583 3.78632478 4.57290706 0.60217353 2.02788398]", "final_simplex": "(array([[1.32827563, 5.45823583, 3.78632478, 4.57290706, 0.60217353,\n        2.02788398],\n       [1.32827563, 5.45823583, 3.78632478, 4.57290706, 0.60217353,\n        2.02788398],\n       [1.32827563, 5.45823583, 3.78632478, 4.57290706, 0.60217353,\n        2.02788398],\n       [1.32827563, 5.45823583, 3.78632478, 4.57290706, 0.60217353,\n        2.02788398],\n       [1.32827563, 5.45823583, 3.78632478, 4.57290706, 0.60217353,\n        2.02788398],\n       [1.32827563, 5.45823583, 3.78632478, 4.57290706, 0.60217353,\n        2.02788398],\n       [1.32827563, 5.45823583, 3.78632478, 4.57290706, 0.60217353,\n        2.02788398]]), array([0.0583108, 0.0583108, 0.0583108, 0.0583108, 0.0583108, 0.0583108,\n       0.0583108]))", "callback": [0.4308017828301032, 0.31574350465583156, 0.2683346613423092, 0.11811313620467667, 0.10972959448506481, 0.07336455918449936, 0.07007789773667161, 0.06709540205997266, 0.06504359627246925, 0.06409877868634817, 0.06347645499664656, 0.06317622758673058, 0.06290013501275615, 0.062296144505978646, 0.06026640136929495, 0.05934166445541933, 0.059030470336924434, 0.05884477075028105, 0.05847893018780137, 0.05833516796794358, 0.05833516796794358, 0.05831680532648775, 0.05831178600007114, 0.0583108357796438, 0.0583108357796438, 0.058310821611637365, 0.058310806757855715, 0.05831080476793249, 0.058310804516197856, 0.058310804432474606, 0.0583108044138827, 0.0583108044095999, 0.05831080440823033, 0.058310804408061245, 0.058310804407812555, 0.05831080440777614, 0.05831080440775782, 0.05831080440775216, 0.05831080440774483, 0.05831080440774228, 0.0583108044077415, 0.0583108044077415, 0.0583108044077415]}}, "bfgs": {"type": "gradient", "0": {"maxiter": 100, "gtol": 1e-05, "xrtol": 1e-05, "eps": 1e-05, "duration": 0.04999423027038574, "fun": "0.05831080448954984", "jac": "[-2.95001801e-06 -8.96938079e-07 -4.78217466e-07  2.80828694e-06\n  1.87480031e-06  2.32158737e-07]", "hess_inv": "[[ 3.44804969 -1.00141067  0.19818844 -0.26536625  1.92507058  1.22172091]\n [-1.00141067  5.69691092 -0.95029522 -2.21245755 -0.94001174 -3.9071006 ]\n [ 0.19818844 -0.95029522  3.37474797 -0.78128716 -0.79287346  1.10955912]\n [-0.26536625 -2.21245755 -0.78128716  3.92062157 -0.0648333   1.98105911]\n [ 1.92507058 -0.94001174 -0.79287346 -0.0648333   3.87677879  0.32421301]\n [ 1.22172091 -3.9071006   1.10955912  1.98105911  0.32421301  5.85090275]]", "nfev": "203", "njev": "29", "status": "0", "success": "True", "message": "Optimization terminated successfully.", "x": "[1.3282565  5.45822798 3.7863158  1.71029156 3.74375993 5.16947211]", "nit": "24", "callback": [0.2132236017635627, 0.05831146275441201]}, "1": {"maxiter": 100, "gtol": 1e-05, "xrtol": 1e-05, "eps": 1e-10, "duration": 0.04839897155761719, "fun": "0.058310804477161526", "jac": "[-5.55111466e-06 -1.11022293e-06  0.00000000e+00  2.22044587e-06\n  0.00000000e+00  2.22044587e-06]", "hess_inv": "[[ 3.41880663 -0.98295367  0.22130955 -0.25970809  1.91730197  1.20469619]\n [-0.98295367  5.64935133 -0.92918732 -2.21699583 -0.98580433 -3.87582065]\n [ 0.22130955 -0.92918732  3.35790132 -0.82587621 -0.78967598  1.14321661]\n [-0.25970809 -2.21699583 -0.82587621  3.95150704 -0.03406928  1.97755387]\n [ 1.91730197 -0.98580433 -0.78967598 -0.03406928  3.91740186  0.36369931]\n [ 1.20469619 -3.87582065  1.14321661  1.97755387  0.36369931  5.83794655]]", "nfev": "203", "njev": "29", "status": "0", "success": "True", "message": "Optimization terminated successfully.", "x": "[1.32826725 5.45822289 3.78631739 1.71029912 3.74377204 5.16948687]", "nit": "24", "callback": [0.21302301248425082, 0.05831141127084383]}, "2": {"maxiter": 100, "gtol": 1e-05, "xrtol": 1e-10, "eps": 1e-05, "duration": 0.049514055252075195, "fun": "0.05831080448954984", "jac": "[-2.95001801e-06 -8.96938079e-07 -4.78217466e-07  2.80828694e-06\n  1.87480031e-06  2.32158737e-07]", "hess_inv": "[[ 3.44804969 -1.00141067  0.19818844 -0.26536625  1.92507058  1.22172091]\n [-1.00141067  5.69691092 -0.95029522 -2.21245755 -0.94001174 -3.9071006 ]\n [ 0.19818844 -0.95029522  3.37474797 -0.78128716 -0.79287346  1.10955912]\n [-0.26536625 -2.21245755 -0.78128716  3.92062157 -0.0648333   1.98105911]\n [ 1.92507058 -0.94001174 -0.79287346 -0.0648333   3.87677879  0.32421301]\n [ 1.22172091 -3.9071006   1.10955912  1.98105911  0.32421301  5.85090275]]", "nfev": "203", "njev": "29", "status": "0", "success": "True", "message": "Optimization terminated successfully.", "x": "[1.3282565  5.45822798 3.7863158  1.71029156 3.74375993 5.16947211]", "nit": "24", "callback": [0.2132236017635627, 0.05831146275441201]}, "3": {"maxiter": 100, "gtol": 1e-05, "xrtol": 1e-10, "eps": 1e-10, "duration": 0.048439741134643555, "fun": "0.058310804477161526", "jac": "[-5.55111466e-06 -1.11022293e-06  0.00000000e+00  2.22044587e-06\n  0.00000000e+00  2.22044587e-06]", "hess_inv": "[[ 3.41880663 -0.98295367  0.22130955 -0.25970809  1.91730197  1.20469619]\n [-0.98295367  5.64935133 -0.92918732 -2.21699583 -0.98580433 -3.87582065]\n [ 0.22130955 -0.92918732  3.35790132 -0.82587621 -0.78967598  1.14321661]\n [-0.25970809 -2.21699583 -0.82587621  3.95150704 -0.03406928  1.97755387]\n [ 1.91730197 -0.98580433 -0.78967598 -0.03406928  3.91740186  0.36369931]\n [ 1.20469619 -3.87582065  1.14321661  1.97755387  0.36369931  5.83794655]]", "nfev": "203", "njev": "29", "status": "0", "success": "True", "message": "Optimization terminated successfully.", "x": "[1.32826725 5.45822289 3.78631739 1.71029912 3.74377204 5.16948687]", "nit": "24", "callback": [0.21302301248425082, 0.05831141127084383]}, "4": {"maxiter": 100, "gtol": 1e-10, "xrtol": 1e-05, "eps": 1e-05, "duration": 0.049720048904418945, "fun": "0.05831080444415715", "jac": "[ 1.28375088e-07 -2.93598479e-07 -2.64788191e-08  3.06155101e-07\n -1.15862875e-07 -2.21422880e-07]", "hess_inv": "[[ 3.55544933 -0.82788179  0.2741042  -0.50314102  1.87895111  1.10860867]\n [-0.82788179  5.78810574 -0.95975002 -2.34193193 -1.00268579 -3.96640215]\n [ 0.2741042  -0.95975002  3.33614759 -0.77148589 -0.81720291  1.11582157]\n [-0.50314102 -2.34193193 -0.77148589  4.1041121   0.02132741  2.06526328]\n [ 1.87895111 -1.00268579 -0.81720291  0.02132741  3.89584204  0.36505725]\n [ 1.10860867 -3.96640215  1.11582157  2.06526328  0.36505725  5.88946463]]", "nfev": "210", "njev": "30", "status": "0", "success": "True", "message": "Optimization terminated successfully.", "x": "[1.32826401 5.45823965 3.78632078 1.71027556 3.74375674 5.1694645 ]", "nit": "25", "callback": [0.2132236017635627, 0.05831146275441201]}, "5": {"maxiter": 100, "gtol": 1e-10, "xrtol": 1e-05, "eps": 1e-10, "duration": 0.04902291297912598, "fun": "0.058310804459060006", "jac": "[ 3.33066880e-06  2.22044587e-06 -1.11022293e-06  2.22044587e-06\n  3.33066880e-06 -5.55111466e-06]", "hess_inv": "[[ 3.8603144  -0.6655981   0.19159448 -0.63550846  2.03820202  0.87196564]\n [-0.6655981   5.80722912 -0.96355768 -2.4020215  -1.0042593  -4.04298259]\n [ 0.19159448 -0.96355768  3.35749099 -0.78481914 -0.81733013  1.17894916]\n [-0.63550846 -2.4020215  -0.78481914  4.16827242 -0.00932479  2.173525  ]\n [ 2.03820202 -1.0042593  -0.81733013 -0.00932479  3.79246868  0.38059518]\n [ 0.87196564 -4.04298259  1.17894916  2.173525    0.38059518  6.01488358]]", "nfev": "210", "njev": "30", "status": "0", "success": "True", "message": "Optimization terminated successfully.", "x": "[1.32828742 5.45823995 3.7863165  1.71027885 3.74378141 5.16946904]", "nit": "25", "callback": [0.21302301248425082, 0.05831141127084383]}, "6": {"maxiter": 100, "gtol": 1e-10, "xrtol": 1e-10, "eps": 1e-05, "duration": 0.10915398597717285, "fun": "0.05831080444415715", "jac": "[ 1.28375088e-07 -2.93598479e-07 -2.64788191e-08  3.06155101e-07\n -1.15862875e-07 -2.21422880e-07]", "hess_inv": "[[ 3.50281795 -0.76179199  0.25833371 -0.53710841  1.89555162  1.10354242]\n [-0.76179199  6.12050045 -0.88615031 -2.70968818 -1.03981348 -4.12400348]\n [ 0.25833371 -0.88615031  3.33838932 -0.83481612 -0.81433744  1.09306862]\n [-0.53710841 -2.70968818 -0.83481612  4.48768425  0.04812833  2.22399295]\n [ 1.89555162 -1.03981348 -0.81433744  0.04812833  3.89124429  0.37308223]\n [ 1.10354242 -4.12400348  1.09306862  2.22399295  0.37308223  5.95369746]]", "nfev": "472", "njev": "66", "status": "2", "success": "False", "message": "Desired error not necessarily achieved due to precision loss.", "x": "[1.32826401 5.45823965 3.78632078 1.71027556 3.74375674 5.1694645 ]", "nit": "25", "callback": [0.2132236017635627, 0.05831146275441201]}, "7": {"maxiter": 100, "gtol": 1e-10, "xrtol": 1e-10, "eps": 1e-10, "duration": 0.0760650634765625, "fun": "0.05831080443092718", "jac": "[ 5.55111466e-06  2.22044587e-06  2.22044587e-06 -2.22044587e-06\n  2.22044587e-06  1.11022293e-06]", "hess_inv": "[[ 1.78661182 -0.60056495 -1.76180703  1.5816726   1.77697307  0.48723363]\n [-0.60056495  3.22224335  1.25474051 -2.05868076 -2.33866464 -0.31743712]\n [-1.76180703  1.25474051  3.74195854 -2.73540032 -3.45240984 -0.89801749]\n [ 1.5816726  -2.05868076 -2.73540032  4.89835125  3.96941941  0.59526337]\n [ 1.77697307 -2.33866464 -3.45240984  3.96941941  5.90625406  1.12366072]\n [ 0.48723363 -0.31743712 -0.89801749  0.59526337  1.12366072  1.07390855]]", "nfev": "315", "njev": "45", "status": "0", "success": "True", "message": "Optimization terminated successfully.", "x": "[1.32828319 5.45823968 3.7863278  1.71026611 3.74377144 5.16947236]", "nit": "29", "callback": [0.21302301248425082, 0.05831141127084383]}, "8": {"maxiter": 500, "gtol": 1e-05, "xrtol": 1e-05, "eps": 1e-05, "duration": 0.04713606834411621, "fun": "0.05831080448954984", "jac": "[-2.95001801e-06 -8.96938079e-07 -4.78217466e-07  2.80828694e-06\n  1.87480031e-06  2.32158737e-07]", "hess_inv": "[[ 3.44804969 -1.00141067  0.19818844 -0.26536625  1.92507058  1.22172091]\n [-1.00141067  5.69691092 -0.95029522 -2.21245755 -0.94001174 -3.9071006 ]\n [ 0.19818844 -0.95029522  3.37474797 -0.78128716 -0.79287346  1.10955912]\n [-0.26536625 -2.21245755 -0.78128716  3.92062157 -0.0648333   1.98105911]\n [ 1.92507058 -0.94001174 -0.79287346 -0.0648333   3.87677879  0.32421301]\n [ 1.22172091 -3.9071006   1.10955912  1.98105911  0.32421301  5.85090275]]", "nfev": "203", "njev": "29", "status": "0", "success": "True", "message": "Optimization terminated successfully.", "x": "[1.3282565  5.45822798 3.7863158  1.71029156 3.74375993 5.16947211]", "nit": "24", "callback": [0.2132236017635627, 0.05831146275441201]}, "9": {"maxiter": 500, "gtol": 1e-05, "xrtol": 1e-05, "eps": 1e-10, "duration": 0.04777407646179199, "fun": "0.058310804477161526", "jac": "[-5.55111466e-06 -1.11022293e-06  0.00000000e+00  2.22044587e-06\n  0.00000000e+00  2.22044587e-06]", "hess_inv": "[[ 3.41880663 -0.98295367  0.22130955 -0.25970809  1.91730197  1.20469619]\n [-0.98295367  5.64935133 -0.92918732 -2.21699583 -0.98580433 -3.87582065]\n [ 0.22130955 -0.92918732  3.35790132 -0.82587621 -0.78967598  1.14321661]\n [-0.25970809 -2.21699583 -0.82587621  3.95150704 -0.03406928  1.97755387]\n [ 1.91730197 -0.98580433 -0.78967598 -0.03406928  3.91740186  0.36369931]\n [ 1.20469619 -3.87582065  1.14321661  1.97755387  0.36369931  5.83794655]]", "nfev": "203", "njev": "29", "status": "0", "success": "True", "message": "Optimization terminated successfully.", "x": "[1.32826725 5.45822289 3.78631739 1.71029912 3.74377204 5.16948687]", "nit": "24", "callback": [0.21302301248425082, 0.05831141127084383]}, "10": {"maxiter": 500, "gtol": 1e-05, "xrtol": 1e-10, "eps": 1e-05, "duration": 0.047354936599731445, "fun": "0.05831080448954984", "jac": "[-2.95001801e-06 -8.96938079e-07 -4.78217466e-07  2.80828694e-06\n  1.87480031e-06  2.32158737e-07]", "hess_inv": "[[ 3.44804969 -1.00141067  0.19818844 -0.26536625  1.92507058  1.22172091]\n [-1.00141067  5.69691092 -0.95029522 -2.21245755 -0.94001174 -3.9071006 ]\n [ 0.19818844 -0.95029522  3.37474797 -0.78128716 -0.79287346  1.10955912]\n [-0.26536625 -2.21245755 -0.78128716  3.92062157 -0.0648333   1.98105911]\n [ 1.92507058 -0.94001174 -0.79287346 -0.0648333   3.87677879  0.32421301]\n [ 1.22172091 -3.9071006   1.10955912  1.98105911  0.32421301  5.85090275]]", "nfev": "203", "njev": "29", "status": "0", "success": "True", "message": "Optimization terminated successfully.", "x": "[1.3282565  5.45822798 3.7863158  1.71029156 3.74375993 5.16947211]", "nit": "24", "callback": [0.2132236017635627, 0.05831146275441201]}, "11": {"maxiter": 500, "gtol": 1e-05, "xrtol": 1e-10, "eps": 1e-10, "duration": 0.04694104194641113, "fun": "0.058310804477161526", "jac": "[-5.55111466e-06 -1.11022293e-06  0.00000000e+00  2.22044587e-06\n  0.00000000e+00  2.22044587e-06]", "hess_inv": "[[ 3.41880663 -0.98295367  0.22130955 -0.25970809  1.91730197  1.20469619]\n [-0.98295367  5.64935133 -0.92918732 -2.21699583 -0.98580433 -3.87582065]\n [ 0.22130955 -0.92918732  3.35790132 -0.82587621 -0.78967598  1.14321661]\n [-0.25970809 -2.21699583 -0.82587621  3.95150704 -0.03406928  1.97755387]\n [ 1.91730197 -0.98580433 -0.78967598 -0.03406928  3.91740186  0.36369931]\n [ 1.20469619 -3.87582065  1.14321661  1.97755387  0.36369931  5.83794655]]", "nfev": "203", "njev": "29", "status": "0", "success": "True", "message": "Optimization terminated successfully.", "x": "[1.32826725 5.45822289 3.78631739 1.71029912 3.74377204 5.16948687]", "nit": "24", "callback": [0.21302301248425082, 0.05831141127084383]}, "12": {"maxiter": 500, "gtol": 1e-10, "xrtol": 1e-05, "eps": 1e-05, "duration": 0.048796892166137695, "fun": "0.05831080444415715", "jac": "[ 1.28375088e-07 -2.93598479e-07 -2.64788191e-08  3.06155101e-07\n -1.15862875e-07 -2.21422880e-07]", "hess_inv": "[[ 3.55544933 -0.82788179  0.2741042  -0.50314102  1.87895111  1.10860867]\n [-0.82788179  5.78810574 -0.95975002 -2.34193193 -1.00268579 -3.96640215]\n [ 0.2741042  -0.95975002  3.33614759 -0.77148589 -0.81720291  1.11582157]\n [-0.50314102 -2.34193193 -0.77148589  4.1041121   0.02132741  2.06526328]\n [ 1.87895111 -1.00268579 -0.81720291  0.02132741  3.89584204  0.36505725]\n [ 1.10860867 -3.96640215  1.11582157  2.06526328  0.36505725  5.88946463]]", "nfev": "210", "njev": "30", "status": "0", "success": "True", "message": "Optimization terminated successfully.", "x": "[1.32826401 5.45823965 3.78632078 1.71027556 3.74375674 5.1694645 ]", "nit": "25", "callback": [0.2132236017635627, 0.05831146275441201]}, "13": {"maxiter": 500, "gtol": 1e-10, "xrtol": 1e-05, "eps": 1e-10, "duration": 0.04797196388244629, "fun": "0.058310804459060006", "jac": "[ 3.33066880e-06  2.22044587e-06 -1.11022293e-06  2.22044587e-06\n  3.33066880e-06 -5.55111466e-06]", "hess_inv": "[[ 3.8603144  -0.6655981   0.19159448 -0.63550846  2.03820202  0.87196564]\n [-0.6655981   5.80722912 -0.96355768 -2.4020215  -1.0042593  -4.04298259]\n [ 0.19159448 -0.96355768  3.35749099 -0.78481914 -0.81733013  1.17894916]\n [-0.63550846 -2.4020215  -0.78481914  4.16827242 -0.00932479  2.173525  ]\n [ 2.03820202 -1.0042593  -0.81733013 -0.00932479  3.79246868  0.38059518]\n [ 0.87196564 -4.04298259  1.17894916  2.173525    0.38059518  6.01488358]]", "nfev": "210", "njev": "30", "status": "0", "success": "True", "message": "Optimization terminated successfully.", "x": "[1.32828742 5.45823995 3.7863165  1.71027885 3.74378141 5.16946904]", "nit": "25", "callback": [0.21302301248425082, 0.05831141127084383]}, "14": {"maxiter": 500, "gtol": 1e-10, "xrtol": 1e-10, "eps": 1e-05, "duration": 0.10744810104370117, "fun": "0.05831080444415715", "jac": "[ 1.28375088e-07 -2.93598479e-07 -2.64788191e-08  3.06155101e-07\n -1.15862875e-07 -2.21422880e-07]", "hess_inv": "[[ 3.50281795 -0.76179199  0.25833371 -0.53710841  1.89555162  1.10354242]\n [-0.76179199  6.12050045 -0.88615031 -2.70968818 -1.03981348 -4.12400348]\n [ 0.25833371 -0.88615031  3.33838932 -0.83481612 -0.81433744  1.09306862]\n [-0.53710841 -2.70968818 -0.83481612  4.48768425  0.04812833  2.22399295]\n [ 1.89555162 -1.03981348 -0.81433744  0.04812833  3.89124429  0.37308223]\n [ 1.10354242 -4.12400348  1.09306862  2.22399295  0.37308223  5.95369746]]", "nfev": "472", "njev": "66", "status": "2", "success": "False", "message": "Desired error not necessarily achieved due to precision loss.", "x": "[1.32826401 5.45823965 3.78632078 1.71027556 3.74375674 5.1694645 ]", "nit": "25", "callback": [0.2132236017635627, 0.05831146275441201]}, "15": {"maxiter": 500, "gtol": 1e-10, "xrtol": 1e-10, "eps": 1e-10, "duration": 0.07064509391784668, "fun": "0.05831080443092718", "jac": "[ 5.55111466e-06  2.22044587e-06  2.22044587e-06 -2.22044587e-06\n  2.22044587e-06  1.11022293e-06]", "hess_inv": "[[ 1.78661182 -0.60056495 -1.76180703  1.5816726   1.77697307  0.48723363]\n [-0.60056495  3.22224335  1.25474051 -2.05868076 -2.33866464 -0.31743712]\n [-1.76180703  1.25474051  3.74195854 -2.73540032 -3.45240984 -0.89801749]\n [ 1.5816726  -2.05868076 -2.73540032  4.89835125  3.96941941  0.59526337]\n [ 1.77697307 -2.33866464 -3.45240984  3.96941941  5.90625406  1.12366072]\n [ 0.48723363 -0.31743712 -0.89801749  0.59526337  1.12366072  1.07390855]]", "nfev": "315", "njev": "45", "status": "0", "success": "True", "message": "Optimization terminated successfully.", "x": "[1.32828319 5.45823968 3.7863278  1.71026611 3.74377144 5.16947236]", "nit": "29", "callback": [0.21302301248425082, 0.05831141127084383]}, "16": {"maxiter": 1000, "gtol": 1e-05, "xrtol": 1e-05, "eps": 1e-05, "duration": 0.04700922966003418, "fun": "0.05831080448954984", "jac": "[-2.95001801e-06 -8.96938079e-07 -4.78217466e-07  2.80828694e-06\n  1.87480031e-06  2.32158737e-07]", "hess_inv": "[[ 3.44804969 -1.00141067  0.19818844 -0.26536625  1.92507058  1.22172091]\n [-1.00141067  5.69691092 -0.95029522 -2.21245755 -0.94001174 -3.9071006 ]\n [ 0.19818844 -0.95029522  3.37474797 -0.78128716 -0.79287346  1.10955912]\n [-0.26536625 -2.21245755 -0.78128716  3.92062157 -0.0648333   1.98105911]\n [ 1.92507058 -0.94001174 -0.79287346 -0.0648333   3.87677879  0.32421301]\n [ 1.22172091 -3.9071006   1.10955912  1.98105911  0.32421301  5.85090275]]", "nfev": "203", "njev": "29", "status": "0", "success": "True", "message": "Optimization terminated successfully.", "x": "[1.3282565  5.45822798 3.7863158  1.71029156 3.74375993 5.16947211]", "nit": "24", "callback": [0.2132236017635627, 0.05831146275441201]}, "17": {"maxiter": 1000, "gtol": 1e-05, "xrtol": 1e-05, "eps": 1e-10, "duration": 0.046460866928100586, "fun": "0.058310804477161526", "jac": "[-5.55111466e-06 -1.11022293e-06  0.00000000e+00  2.22044587e-06\n  0.00000000e+00  2.22044587e-06]", "hess_inv": "[[ 3.41880663 -0.98295367  0.22130955 -0.25970809  1.91730197  1.20469619]\n [-0.98295367  5.64935133 -0.92918732 -2.21699583 -0.98580433 -3.87582065]\n [ 0.22130955 -0.92918732  3.35790132 -0.82587621 -0.78967598  1.14321661]\n [-0.25970809 -2.21699583 -0.82587621  3.95150704 -0.03406928  1.97755387]\n [ 1.91730197 -0.98580433 -0.78967598 -0.03406928  3.91740186  0.36369931]\n [ 1.20469619 -3.87582065  1.14321661  1.97755387  0.36369931  5.83794655]]", "nfev": "203", "njev": "29", "status": "0", "success": "True", "message": "Optimization terminated successfully.", "x": "[1.32826725 5.45822289 3.78631739 1.71029912 3.74377204 5.16948687]", "nit": "24", "callback": [0.21302301248425082, 0.05831141127084383]}, "18": {"maxiter": 1000, "gtol": 1e-05, "xrtol": 1e-10, "eps": 1e-05, "duration": 0.04680204391479492, "fun": "0.05831080448954984", "jac": "[-2.95001801e-06 -8.96938079e-07 -4.78217466e-07  2.80828694e-06\n  1.87480031e-06  2.32158737e-07]", "hess_inv": "[[ 3.44804969 -1.00141067  0.19818844 -0.26536625  1.92507058  1.22172091]\n [-1.00141067  5.69691092 -0.95029522 -2.21245755 -0.94001174 -3.9071006 ]\n [ 0.19818844 -0.95029522  3.37474797 -0.78128716 -0.79287346  1.10955912]\n [-0.26536625 -2.21245755 -0.78128716  3.92062157 -0.0648333   1.98105911]\n [ 1.92507058 -0.94001174 -0.79287346 -0.0648333   3.87677879  0.32421301]\n 