{"date": "2024/09/24/, 04:07:51", "conf_id": 250, "data_type": "var_s_rank\n", "num_data_points": 1, "s_rank": 0, "unitary": "[[-0.45070455-0.02711853j,0.78437395-0.06613086j,0.06358678+0.19963393j,-0.07343613+0.35668523j],[-0.01890143-0.03813363j,0.32408202+0.25557629j,0.05872864-0.68979805j,0.55466693-0.20227297j],[-0.11215405+0.64023111j,-0.13344055+0.29565494j,-0.49012687-0.19046288j,-0.04241254+0.44046348j],[0.55771659+0.24656916j,0.31851997-0.05798805j,0.28761525-0.34294258j,-0.56718418+0.03616933j]]", "databatch_0": {"databatch": "[[[-0.41308037+0.0012695j,0.12832058-0.07935954j,-0.21475925+0.01520896j,-0.14200143-0.17716296j],[-0.02585424-0.30082055j,0.04530879-0.27920811j,0.36250915+0.04315299j,0.05151352-0.29862582j],[0.11373734-0.3505627j,0.06524311+0.22099621j,0.02075202-0.13509722j,0.07056746+0.05245488j],[-0.11004025-0.04731541j,0.14311757+0.13416004j,-0.19459909+0.01510493j,-0.00793541+0.07802992j]]]", "initial param values": "[3.16289034,4.99249294,2.71123445,3.41588913,2.77586149,0.25841673]", "nelder_mead": {"type": "gradient-free", "0": {"maxiter": 100, "fatol": 1e-05, "xatol": 1e-05, "duration": 0.03709077835083008, "fun": "0.33277691944300036", "nit": "100", "nfev": "154", "status": "2", "success": "False", "message": "Maximum number of iterations has been exceeded.", "x": "[5.24576712 3.06280441 2.66085717 3.1340887  4.25560076 0.16085858]", "final_simplex": "(array([[5.24576712, 3.06280441, 2.66085717, 3.1340887 , 4.25560076,\n        0.16085858],\n       [5.24716539, 3.07102826, 2.68256038, 3.08973102, 4.25164379,\n        0.16110454],\n       [5.25449325, 3.0622732 , 2.66773069, 3.1370705 , 4.27830185,\n        0.15929656],\n       [5.25297799, 3.03777012, 2.67757069, 3.10663931, 4.25656302,\n        0.16172757],\n       [5.25074696, 3.05138951, 2.63536855, 3.16602763, 4.28057071,\n        0.15969832],\n       [5.24415927, 3.03203022, 2.6543622 , 3.1409553 , 4.25603749,\n        0.16294498],\n       [5.26852319, 3.05663395, 2.64225581, 3.12742747, 4.27587632,\n        0.16068444]]), array([0.33277692, 0.33277992, 0.33279849, 0.3327987 , 0.33284569,\n       0.33287078, 0.33288173]))", "callback": [0.8486234045428174, 0.6705901117822601, 0.3612134819679841, 0.34415086874563294, 0.3385614917761962, 0.3364033936599867, 0.3352657708636889, 0.3335237654573693, 0.3328707801095808]}, "1": {"maxiter": 100, "fatol": 1e-05, "xatol": 1e-10, "duration": 0.03565025329589844, "fun": "0.33277691944300036", "nit": "100", "nfev": "154", "status": "2", "success": "False", "message": "Maximum number of iterations has been exceeded.", "x": "[5.24576712 3.06280441 2.66085717 3.1340887  4.25560076 0.16085858]", "final_simplex": "(array([[5.24576712, 3.06280441, 2.66085717, 3.1340887 , 4.25560076,\n        0.16085858],\n       [5.24716539, 3.07102826, 2.68256038, 3.08973102, 4.25164379,\n        0.16110454],\n       [5.25449325, 3.0622732 , 2.66773069, 3.1370705 , 4.27830185,\n        0.15929656],\n       [5.25297799, 3.03777012, 2.67757069, 3.10663931, 4.25656302,\n        0.16172757],\n       [5.25074696, 3.05138951, 2.63536855, 3.16602763, 4.28057071,\n        0.15969832],\n       [5.24415927, 3.03203022, 2.6543622 , 3.1409553 , 4.25603749,\n        0.16294498],\n       [5.26852319, 3.05663395, 2.64225581, 3.12742747, 4.27587632,\n        0.16068444]]), array([0.33277692, 0.33277992, 0.33279849, 0.3327987 , 0.33284569,\n       0.33287078, 0.33288173]))", "callback": [0.8486234045428174, 0.6705901117822601, 0.3612134819679841, 0.34415086874563294, 0.3385614917761962, 0.3364033936599867, 0.3352657708636889, 0.3335237654573693, 0.3328707801095808]}, "2": {"maxiter": 100, "fatol": 1e-10, "xatol": 1e-05, "duration": 0.03472113609313965, "fun": "0.33277691944300036", "nit": "100", "nfev": "154", "status": "2", "success": "False", "message": "Maximum number of iterations has been exceeded.", "x": "[5.24576712 3.06280441 2.66085717 3.1340887  4.25560076 0.16085858]", "final_simplex": "(array([[5.24576712, 3.06280441, 2.66085717, 3.1340887 , 4.25560076,\n        0.16085858],\n       [5.24716539, 3.07102826, 2.68256038, 3.08973102, 4.25164379,\n        0.16110454],\n       [5.25449325, 3.0622732 , 2.66773069, 3.1370705 , 4.27830185,\n        0.15929656],\n       [5.25297799, 3.03777012, 2.67757069, 3.10663931, 4.25656302,\n        0.16172757],\n       [5.25074696, 3.05138951, 2.63536855, 3.16602763, 4.28057071,\n        0.15969832],\n       [5.24415927, 3.03203022, 2.6543622 , 3.1409553 , 4.25603749,\n        0.16294498],\n       [5.26852319, 3.05663395, 2.64225581, 3.12742747, 4.27587632,\n        0.16068444]]), array([0.33277692, 0.33277992, 0.33279849, 0.3327987 , 0.33284569,\n       0.33287078, 0.33288173]))", "callback": [0.8486234045428174, 0.6705901117822601, 0.3612134819679841, 0.34415086874563294, 0.3385614917761962, 0.3364033936599867, 0.3352657708636889, 0.3335237654573693, 0.3328707801095808]}, "3": {"maxiter": 100, "fatol": 1e-10, "xatol": 1e-10, "duration": 0.03499007225036621, "fun": "0.33277691944300036", "nit": "100", "nfev": "154", "status": "2", "success": "False", "message": "Maximum number of iterations has been exceeded.", "x": "[5.24576712 3.06280441 2.66085717 3.1340887  4.25560076 0.16085858]", "final_simplex": "(array([[5.24576712, 3.06280441, 2.66085717, 3.1340887 , 4.25560076,\n        0.16085858],\n       [5.24716539, 3.07102826, 2.68256038, 3.08973102, 4.25164379,\n        0.16110454],\n       [5.25449325, 3.0622732 , 2.66773069, 3.1370705 , 4.27830185,\n        0.15929656],\n       [5.25297799, 3.03777012, 2.67757069, 3.10663931, 4.25656302,\n        0.16172757],\n       [5.25074696, 3.05138951, 2.63536855, 3.16602763, 4.28057071,\n        0.15969832],\n       [5.24415927, 3.03203022, 2.6543622 , 3.1409553 , 4.25603749,\n        0.16294498],\n       [5.26852319, 3.05663395, 2.64225581, 3.12742747, 4.27587632,\n        0.16068444]]), array([0.33277692, 0.33277992, 0.33279849, 0.3327987 , 0.33284569,\n       0.33287078, 0.33288173]))", "callback": [0.8486234045428174, 0.6705901117822601, 0.3612134819679841, 0.34415086874563294, 0.3385614917761962, 0.3364033936599867, 0.3352657708636889, 0.3335237654573693, 0.3328707801095808]}, "4": {"maxiter": 500, "fatol": 1e-05, "xatol": 1e-05, "duration": 0.17215609550476074, "fun": "0.2769883814416073", "nit": "500", "nfev": "772", "status": "2", "success": "False", "message": "Maximum number of iterations has been exceeded.", "x": "[ 5.72638505  3.15226122  2.64170727  2.33034485  2.99935802 -0.72326046]", "final_simplex": "(array([[ 5.72638505,  3.15226122,  2.64170727,  2.33034485,  2.99935802,\n        -0.72326046],\n       [ 5.72938037,  3.15056815,  2.64602678,  2.32690754,  2.99943232,\n        -0.72245697],\n       [ 5.72580952,  3.15375737,  2.63846037,  2.33162228,  2.99483766,\n        -0.7265796 ],\n       [ 5.72599213,  3.15221499,  2.6411627 ,  2.33023547,  3.00014937,\n        -0.72329332],\n       [ 5.72833253,  3.15070322,  2.64212837,  2.32936853,  2.99962065,\n        -0.72526444],\n       [ 5.72746345,  3.15166386,  2.64117151,  2.33093821,  2.99816281,\n        -0.72526751],\n       [ 5.72763035,  3.15283131,  2.63758225,  2.32885934,  2.99365109,\n        -0.73019626]]), array([0.27698838, 0.27699265, 0.27699273, 0.276994  , 0.2769941 ,\n       0.27699425, 0.27699488]))", "callback": [0.8486234045428174, 0.6705901117822601, 0.3612134819679841, 0.34415086874563294, 0.3385614917761962, 0.3364033936599867, 0.3352657708636889, 0.3335237654573693, 0.3328707801095808, 0.33277691944300036, 0.332705404488303, 0.33265438046143625, 0.3325970449892949, 0.33258204538390657, 0.3325768046242077, 0.3325755502942812, 0.3325750597246633, 0.33257495191371267, 0.3325748869941596, 0.3325746819940816, 0.33257449223748003, 0.3325734743881611, 0.33257068324121086, 0.33256409998867564, 0.3325146597261541, 0.3321189182702051, 0.32422156896168597, 0.32177342092235117, 0.32126543867315305, 0.31826959433070445, 0.31128088735482184, 0.2907495521480872, 0.28309166377628536, 0.2826091657309613, 0.2823389284597202, 0.2821797230259725, 0.28214244092102003, 0.2820580648229196, 0.28201741115555445, 0.2819661315247557, 0.28164951203712163, 0.28098447540020743, 0.27918535042583004, 0.2773360670386201, 0.2770756178525857, 0.2770132018456788, 0.2770032129104705, 0.2769999639645765, 0.2769963185247519]}, "5": {"maxiter": 500, "fatol": 1e-05, "xatol": 1e-10, "duration": 0.1700429916381836, "fun": "0.2769883814416073", "nit": "500", "nfev": "772", "status": "2", "success": "False", "message": "Maximum number of iterations has been exceeded.", "x": "[ 5.72638505  3.15226122  2.64170727  2.33034485  2.99935802 -0.72326046]", "final_simplex": "(array([[ 5.72638505,  3.15226122,  2.64170727,  2.33034485,  2.99935802,\n        -0.72326046],\n       [ 5.72938037,  3.15056815,  2.64602678,  2.32690754,  2.99943232,\n        -0.72245697],\n       [ 5.72580952,  3.15375737,  2.63846037,  2.33162228,  2.99483766,\n        -0.7265796 ],\n       [ 5.72599213,  3.15221499,  2.6411627 ,  2.33023547,  3.00014937,\n        -0.72329332],\n       [ 5.72833253,  3.15070322,  2.64212837,  2.32936853,  2.99962065,\n        -0.72526444],\n       [ 5.72746345,  3.15166386,  2.64117151,  2.33093821,  2.99816281,\n        -0.72526751],\n       [ 5.72763035,  3.15283131,  2.63758225,  2.32885934,  2.99365109,\n        -0.73019626]]), array([0.27698838, 0.27699265, 0.27699273, 0.276994  , 0.2769941 ,\n       0.27699425, 0.27699488]))", "callback": [0.8486234045428174, 0.6705901117822601, 0.3612134819679841, 0.34415086874563294, 0.3385614917761962, 0.3364033936599867, 0.3352657708636889, 0.3335237654573693, 0.3328707801095808, 0.33277691944300036, 0.332705404488303, 0.33265438046143625, 0.3325970449892949, 0.33258204538390657, 0.3325768046242077, 0.3325755502942812, 0.3325750597246633, 0.33257495191371267, 0.3325748869941596, 0.3325746819940816, 0.33257449223748003, 0.3325734743881611, 0.33257068324121086, 0.33256409998867564, 0.3325146597261541, 0.3321189182702051, 0.32422156896168597, 0.32177342092235117, 0.32126543867315305, 0.31826959433070445, 0.31128088735482184, 0.2907495521480872, 0.28309166377628536, 0.2826091657309613, 0.2823389284597202, 0.2821797230259725, 0.28214244092102003, 0.2820580648229196, 0.28201741115555445, 0.2819661315247557, 0.28164951203712163, 0.28098447540020743, 0.27918535042583004, 0.2773360670386201, 0.2770756178525857, 0.2770132018456788, 0.2770032129104705, 0.2769999639645765, 0.2769963185247519]}, "6": {"maxiter": 500, "fatol": 1e-10, "xatol": 1e-05, "duration": 0.17719507217407227, "fun": "0.2769883814416073", "nit": "500", "nfev": "772", "status": "2", "success": "False", "message": "Maximum number of iterations has been exceeded.", "x": "[ 5.72638505  3.15226122  2.64170727  2.33034485  2.99935802 -0.72326046]", "final_simplex": "(array([[ 5.72638505,  3.15226122,  2.64170727,  2.33034485,  2.99935802,\n        -0.72326046],\n       [ 5.72938037,  3.15056815,  2.64602678,  2.32690754,  2.99943232,\n        -0.72245697],\n       [ 5.72580952,  3.15375737,  2.63846037,  2.33162228,  2.99483766,\n        -0.7265796 ],\n       [ 5.72599213,  3.15221499,  2.6411627 ,  2.33023547,  3.00014937,\n        -0.72329332],\n       [ 5.72833253,  3.15070322,  2.64212837,  2.32936853,  2.99962065,\n        -0.72526444],\n       [ 5.72746345,  3.15166386,  2.64117151,  2.33093821,  2.99816281,\n        -0.72526751],\n       [ 5.72763035,  3.15283131,  2.63758225,  2.32885934,  2.99365109,\n        -0.73019626]]), array([0.27698838, 0.27699265, 0.27699273, 0.276994  , 0.2769941 ,\n       0.27699425, 0.27699488]))", "callback": [0.8486234045428174, 0.6705901117822601, 0.3612134819679841, 0.34415086874563294, 0.3385614917761962, 0.3364033936599867, 0.3352657708636889, 0.3335237654573693, 0.3328707801095808, 0.33277691944300036, 0.332705404488303, 0.33265438046143625, 0.3325970449892949, 0.33258204538390657, 0.3325768046242077, 0.3325755502942812, 0.3325750597246633, 0.33257495191371267, 0.3325748869941596, 0.3325746819940816, 0.33257449223748003, 0.3325734743881611, 0.33257068324121086, 0.33256409998867564, 0.3325146597261541, 0.3321189182702051, 0.32422156896168597, 0.32177342092235117, 0.32126543867315305, 0.31826959433070445, 0.31128088735482184, 0.2907495521480872, 0.28309166377628536, 0.2826091657309613, 0.2823389284597202, 0.2821797230259725, 0.28214244092102003, 0.2820580648229196, 0.28201741115555445, 0.2819661315247557, 0.28164951203712163, 0.28098447540020743, 0.27918535042583004, 0.2773360670386201, 0.2770756178525857, 0.2770132018456788, 0.2770032129104705, 0.2769999639645765, 0.2769963185247519]}, "7": {"maxiter": 500, "fatol": 1e-10, "xatol": 1e-10, "duration": 0.18855023384094238, "fun": "0.2769883814416073", "nit": "500", "nfev": "772", "status": "2", "success": "False", "message": "Maximum number of iterations has been exceeded.", "x": "[ 5.72638505  3.15226122  2.64170727  2.33034485  2.99935802 -0.72326046]", "final_simplex": "(array([[ 5.72638505,  3.15226122,  2.64170727,  2.33034485,  2.99935802,\n        -0.72326046],\n       [ 5.72938037,  3.15056815,  2.64602678,  2.32690754,  2.99943232,\n        -0.72245697],\n       [ 5.72580952,  3.15375737,  2.63846037,  2.33162228,  2.99483766,\n        -0.7265796 ],\n       [ 5.72599213,  3.15221499,  2.6411627 ,  2.33023547,  3.00014937,\n        -0.72329332],\n       [ 5.72833253,  3.15070322,  2.64212837,  2.32936853,  2.99962065,\n        -0.72526444],\n       [ 5.72746345,  3.15166386,  2.64117151,  2.33093821,  2.99816281,\n        -0.72526751],\n       [ 5.72763035,  3.15283131,  2.63758225,  2.32885934,  2.99365109,\n        -0.73019626]]), array([0.27698838, 0.27699265, 0.27699273, 0.276994  , 0.2769941 ,\n       0.27699425, 0.27699488]))", "callback": [0.8486234045428174, 0.6705901117822601, 0.3612134819679841, 0.34415086874563294, 0.3385614917761962, 0.3364033936599867, 0.3352657708636889, 0.3335237654573693, 0.3328707801095808, 0.33277691944300036, 0.332705404488303, 0.33265438046143625, 0.3325970449892949, 0.33258204538390657, 0.3325768046242077, 0.3325755502942812, 0.3325750597246633, 0.33257495191371267, 0.3325748869941596, 0.3325746819940816, 0.33257449223748003, 0.3325734743881611, 0.33257068324121086, 0.33256409998867564, 0.3325146597261541, 0.3321189182702051, 0.32422156896168597, 0.32177342092235117, 0.32126543867315305, 0.31826959433070445, 0.31128088735482184, 0.2907495521480872, 0.28309166377628536, 0.2826091657309613, 0.2823389284597202, 0.2821797230259725, 0.28214244092102003, 0.2820580648229196, 0.28201741115555445, 0.2819661315247557, 0.28164951203712163, 0.28098447540020743, 0.27918535042583004, 0.2773360670386201, 0.2770756178525857, 0.2770132018456788, 0.2770032129104705, 0.2769999639645765, 0.2769963185247519]}, "8": {"maxiter": 1000, "fatol": 1e-05, "xatol": 1e-05, "duration": 0.3585836887359619, "fun": "0.1970599725229225", "nit": "1000", "nfev": "1528", "status": "2", "success": "False", "message": "Maximum number of iterations has been exceeded.", "x": "[ 5.37148068  3.72390558  2.99794209  1.95171074  3.2590279  -0.95187932]", "final_simplex": "(array([[ 5.37148068,  3.72390558,  2.99794209,  1.95171074,  3.2590279 ,\n        -0.95187932],\n       [ 5.37073448,  3.76766607,  2.98538977,  1.92665197,  3.27318599,\n        -0.94692254],\n       [ 5.38357397,  3.77125615,  3.0034829 ,  1.94622752,  3.27923496,\n        -0.96510326],\n       [ 5.33802158,  3.83357787,  2.93806293,  1.95359877,  3.28618071,\n        -0.97650629],\n       [ 5.35330764,  3.80688275,  2.99327503,  1.9478012 ,  3.28166288,\n        -0.91136505],\n       [ 5.36783796,  3.74672881,  2.98972697,  1.96653436,  3.28895294,\n        -0.94089387],\n       [ 5.33302078,  3.75213628,  3.04313278,  1.94659216,  3.31085056,\n        -0.95972031]]), array([0.19705997, 0.19747156, 0.19758368, 0.1976886 , 0.19788853,\n       0.19790076, 0.19798532]))", "callback": [0.8486234045428174, 0.6705901117822601, 0.3612134819679841, 0.34415086874563294, 0.3385614917761962, 0.3364033936599867, 0.3352657708636889, 0.3335237654573693, 0.3328707801095808, 0.33277691944300036, 0.332705404488303, 0.33265438046143625, 0.3325970449892949, 0.33258204538390657, 0.3325768046242077, 0.3325755502942812, 0.3325750597246633, 0.33257495191371267, 0.3325748869941596, 0.3325746819940816, 0.33257449223748003, 0.3325734743881611, 0.33257068324121086, 0.33256409998867564, 0.3325146597261541, 0.3321189182702051, 0.32422156896168597, 0.32177342092235117, 0.32126543867315305, 0.31826959433070445, 0.31128088735482184, 0.2907495521480872, 0.28309166377628536, 0.2826091657309613, 0.2823389284597202, 0.2821797230259725, 0.28214244092102003, 0.2820580648229196, 0.28201741115555445, 0.2819661315247557, 0.28164951203712163, 0.28098447540020743, 0.27918535042583004, 0.2773360670386201, 0.2770756178525857, 0.2770132018456788, 0.2770032129104705, 0.2769999639645765, 0.2769963185247519, 0.2769883814416073, 0.2769773782078869, 0.2769126740632837, 0.2766119965645488, 0.2758432188360542, 0.27326860762882765, 0.2699407011149485, 0.2580652525021079, 0.23832899623869297, 0.23295881594554602, 0.23114844781486654, 0.23040095581423004, 0.22997880052511466, 0.22950634212034626, 0.22932743888032614, 0.22904865132312946, 0.22814828398400266, 0.2233879547702713, 0.21873399867566734, 0.21665273517351336, 0.21544000408961628, 0.2152624956815521, 0.21511063746250103, 0.215044849629755, 0.21504244171197828, 0.21504133411125492, 0.2150404227555477, 0.21504036737179844, 0.21504033037614456, 0.2150402914467362, 0.21504018212918385, 0.21503993964857981, 0.21503945356566978, 0.21503660750735276, 0.2150303597279144, 0.21502431769279973, 0.2150120877644307, 0.2149859191340353, 0.2148652875737609, 0.21471428164470663, 0.21437930232355906, 0.21399995219479329, 0.21365790622716263, 0.21275584593529717, 0.2104112981277566, 0.20673116069963182, 0.2044218847938466, 0.20113292530309057, 0.19955749427732883, 0.197900763317284]}, "9": {"maxiter": 1000, "fatol": 1e-05, "xatol": 1e-10, "duration": 0.35864806175231934, "fun": "0.1970599725229225", "nit": "1000", "nfev": "1528", "status": "2", "success": "False", "message": "Maximum number of iterations has been exceeded.", "x": "[ 5.37148068  3.72390558  2.99794209  1.95171074  3.2590279  -0.95187932]", "final_simplex": "(array([[ 5.37148068,  3.72390558,  2.99794209,  1.95171074,  3.2590279 ,\n        -0.95187932],\n       [ 5.37073448,  3.76766607,  2.98538977,  1.92665197,  3.27318599,\n        -0.94692254],\n       [ 5.38357397,  3.77125615,  3.0034829 ,  1.94622752,  3.27923496,\n        -0.96510326],\n       [ 5.33802158,  3.83357787,  2.93806293,  1.95359877,  3.28618071,\n        -0.97650629],\n       [ 5.35330764,  3.80688275,  2.99327503,  1.9478012 ,  3.28166288,\n        -0.91136505],\n       [ 5.36783796,  3.74672881,  2.98972697,  1.96653436,  3.28895294,\n        -0.94089387],\n       [ 5.33302078,  3.75213628,  3.04313278,  1.94659216,  3.31085056,\n        -0.95972031]]), array([0.19705997, 0.19747156, 0.19758368, 0.1976886 , 0.19788853,\n       0.19790076, 0.19798532]))", "callback": [0.8486234045428174, 0.6705901117822601, 0.3612134819679841, 0.34415086874563294, 0.3385614917761962, 0.3364033936599867, 0.3352657708636889, 0.3335237654573693, 0.3328707801095808, 0.33277691944300036, 0.332705404488303, 0.33265438046143625, 0.3325970449892949, 0.33258204538390657, 0.3325768046242077, 0.3325755502942812, 0.3325750597246633, 0.33257495191371267, 0.3325748869941596, 0.3325746819940816, 0.33257449223748003, 0.3325734743881611, 0.33257068324121086, 0.33256409998867564, 0.3325146597261541, 0.3321189182702051, 0.32422156896168597, 0.32177342092235117, 0.32126543867315305, 0.31826959433070445, 0.31128088735482184, 0.2907495521480872, 0.28309166377628536, 0.2826091657309613, 0.2823389284597202, 0.2821797230259725, 0.28214244092102003, 0.2820580648229196, 0.28201741115555445, 0.2819661315247557, 0.28164951203712163, 0.28098447540020743, 0.27918535042583004, 0.2773360670386201, 0.2770756178525857, 0.2770132018456788, 0.2770032129104705, 0.2769999639645765, 0.2769963185247519, 0.2769883814416073, 0.2769773782078869, 0.2769126740632837, 0.2766119965645488, 0.2758432188360542, 0.27326860762882765, 0.2699407011149485, 0.2580652525021079, 0.23832899623869297, 0.23295881594554602, 0.23114844781486654, 0.23040095581423004, 0.22997880052511466, 0.22950634212034626, 0.22932743888032614, 0.22904865132312946, 0.22814828398400266, 0.2233879547702713, 0.21873399867566734, 0.21665273517351336, 0.21544000408961628, 0.2152624956815521, 0.21511063746250103, 0.215044849629755, 0.21504244171197828, 0.21504133411125492, 0.2150404227555477, 0.21504036737179844, 0.21504033037614456, 0.2150402914467362, 0.21504018212918385, 0.21503993964857981, 0.21503945356566978, 0.21503660750735276, 0.2150303597279144, 0.21502431769279973, 0.2150120877644307, 0.2149859191340353, 0.2148652875737609, 0.21471428164470663, 0.21437930232355906, 0.21399995219479329, 0.21365790622716263, 0.21275584593529717, 0.2104112981277566, 0.20673116069963182, 0.2044218847938466, 0.20113292530309057, 0.19955749427732883, 0.197900763317284]}, "10": {"maxiter": 1000, "fatol": 1e-10, "xatol": 1e-05, "duration": 0.3477640151977539, "fun": "0.1970599725229225", "nit": "1000", "nfev": "1528", "status": "2", "success": "False", "message": "Maximum number of iterations has been exceeded.", "x": "[ 5.37148068  3.72390558  2.99794209  1.95171074  3.2590279  -0.95187932]", "final_simplex": "(array([[ 5.37148068,  3.72390558,  2.99794209,  1.95171074,  3.2590279 ,\n        -0.95187932],\n       [ 5.37073448,  3.76766607,  2.98538977,  1.92665197,  3.27318599,\n        -0.94692254],\n       [ 5.38357397,  3.77125615,  3.0034829 ,  1.94622752,  3.27923496,\n        -0.96510326],\n       [ 5.33802158,  3.83357787,  2.93806293,  1.95359877,  3.28618071,\n        -0.97650629],\n       [ 5.35330764,  3.80688275,  2.99327503,  1.9478012 ,  3.28166288,\n        -0.91136505],\n       [ 5.36783796,  3.74672881,  2.98972697,  1.96653436,  3.28895294,\n        -0.94089387],\n       [ 5.33302078,  3.75213628,  3.04313278,  1.94659216,  3.31085056,\n        -0.95972031]]), array([0.19705997, 0.19747156, 0.19758368, 0.1976886 , 0.19788853,\n       0.19790076, 0.19798532]))", "callback": [0.8486234045428174, 0.6705901117822601, 0.3612134819679841, 0.34415086874563294, 0.3385614917761962, 0.3364033936599867, 0.3352657708636889, 0.3335237654573693, 0.3328707801095808, 0.33277691944300036, 0.332705404488303, 0.33265438046143625, 0.3325970449892949, 0.33258204538390657, 0.3325768046242077, 0.3325755502942812, 0.3325750597246633, 0.33257495191371267, 0.3325748869941596, 0.3325746819940816, 0.33257449223748003, 0.3325734743881611, 0.33257068324121086, 0.33256409998867564, 0.3325146597261541, 0.3321189182702051, 0.32422156896168597, 0.32177342092235117, 0.32126543867315305, 0.31826959433070445, 0.31128088735482184, 0.2907495521480872, 0.28309166377628536, 0.2826091657309613, 0.2823389284597202, 0.2821797230259725, 0.28214244092102003, 0.2820580648229196, 0.28201741115555445, 0.2819661315247557, 0.28164951203712163, 0.28098447540020743, 0.27918535042583004, 0.2773360670386201, 0.2770756178525857, 0.2770132018456788, 0.2770032129104705, 0.2769999639645765, 0.2769963185247519, 0.2769883814416073, 0.2769773782078869, 0.2769126740632837, 0.2766119965645488, 0.2758432188360542, 0.27326860762882765, 0.2699407011149485, 0.2580652525021079, 0.23832899623869297, 0.23295881594554602, 0.23114844781486654, 0.23040095581423004, 0.22997880052511466, 0.22950634212034626, 0.22932743888032614, 0.22904865132312946, 0.22814828398400266, 0.2233879547702713, 0.21873399867566734, 0.21665273517351336, 0.21544000408961628, 0.2152624956815521, 0.21511063746250103, 0.215044849629755, 0.21504244171197828, 0.21504133411125492, 0.2150404227555477, 0.21504036737179844, 0.21504033037614456, 0.2150402914467362, 0.21504018212918385, 0.21503993964857981, 0.21503945356566978, 0.21503660750735276, 0.2150303597279144, 0.21502431769279973, 0.2150120877644307, 0.2149859191340353, 0.2148652875737609, 0.21471428164470663, 0.21437930232355906, 0.21399995219479329, 0.21365790622716263, 0.21275584593529717, 0.2104112981277566, 0.20673116069963182, 0.2044218847938466, 0.20113292530309057, 0.19955749427732883, 0.197900763317284]}, "11": {"maxiter": 1000, "fatol": 1e-10, "xatol": 1e-10, "duration": 0.34264612197875977, "fun": "0.1970599725229225", "nit": "1000", "nfev": "1528", "status": "2", "success": "False", "message": "Maximum number of iterations has been exceeded.", "x": "[ 5.37148068  3.72390558  2.99794209  1.95171074  3.2590279  -0.95187932]", "final_simplex": "(array([[ 5.37148068,  3.72390558,  2.99794209,  1.95171074,  3.2590279 ,\n        -0.95187932],\n       [ 5.37073448,  3.76766607,  2.98538977,  1.92665197,  3.27318599,\n        -0.94692254],\n       [ 5.38357397,  3.77125615,  3.0034829 ,  1.94622752,  3.27923496,\n        -0.96510326],\n       [ 5.33802158,  3.83357787,  2.93806293,  1.95359877,  3.28618071,\n        -0.97650629],\n       [ 5.35330764,  3.80688275,  2.99327503,  1.9478012 ,  3.28166288,\n        -0.91136505],\n       [ 5.36783796,  3.74672881,  2.98972697,  1.96653436,  3.28895294,\n        -0.94089387],\n       [ 5.33302078,  3.75213628,  3.04313278,  1.94659216,  3.31085056,\n        -0.95972031]]), array([0.19705997, 0.19747156, 0.19758368, 0.1976886 , 0.19788853,\n       0.19790076, 0.19798532]))", "callback": [0.8486234045428174, 0.6705901117822601, 0.3612134819679841, 0.34415086874563294, 0.3385614917761962, 0.3364033936599867, 0.3352657708636889, 0.3335237654573693, 0.3328707801095808, 0.33277691944300036, 0.332705404488303, 0.33265438046143625, 0.3325970449892949, 0.33258204538390657, 0.3325768046242077, 0.3325755502942812, 0.3325750597246633, 0.33257495191371267, 0.3325748869941596, 0.3325746819940816, 0.33257449223748003, 0.3325734743881611, 0.33257068324121086, 0.33256409998867564, 0.3325146597261541, 0.3321189182702051, 0.32422156896168597, 0.32177342092235117, 0.32126543867315305, 0.31826959433070445, 0.31128088735482184, 0.2907495521480872, 0.28309166377628536, 0.2826091657309613, 0.2823389284597202, 0.2821797230259725, 0.28214244092102003, 0.2820580648229196, 0.28201741115555445, 0.2819661315247557, 0.28164951203712163, 0.28098447540020743, 0.27918535042583004, 0.2773360670386201, 0.2770756178525857, 0.2770132018456788, 0.2770032129104705, 0.2769999639645765, 0.2769963185247519, 0.2769883814416073, 0.2769773782078869, 0.2769126740632837, 0.2766119965645488, 0.2758432188360542, 0.27326860762882765, 0.2699407011149485, 0.2580652525021079, 0.23832899623869297, 0.23295881594554602, 0.23114844781486654, 0.23040095581423004, 0.22997880052511466, 0.22950634212034626, 0.22932743888032614, 0.22904865132312946, 0.22814828398400266, 0.2233879547702713, 0.21873399867566734, 0.21665273517351336, 0.21544000408961628, 0.2152624956815521, 0.21511063746250103, 0.215044849629755, 0.21504244171197828, 0.21504133411125492, 0.2150404227555477, 0.21504036737179844, 0.21504033037614456, 0.2150402914467362, 0.21504018212918385, 0.21503993964857981, 0.21503945356566978, 0.21503660750735276, 0.2150303597279144, 0.21502431769279973, 0.2150120877644307, 0.2149859191340353, 0.2148652875737609, 0.21471428164470663, 0.21437930232355906, 0.21399995219479329, 0.21365790622716263, 0.21275584593529717, 0.2104112981277566, 0.20673116069963182, 0.2044218847938466, 0.20113292530309057, 0.19955749427732883, 0.197900763317284]}}, "bfgs": {"type": "gradient", "0": {"maxiter": 100, "gtol": 1e-05, "xrtol": 1e-05, "eps": 1e-05, "duration": 0.0575559139251709, "fun": "0.19338020178128856", "jac": "[ 1.03925757e-06  1.39410705e-06 -1.12287957e-07 -6.99096336e-07\n  1.23022703e-06  1.59594560e-07]", "hess_inv": "[[ 4.00959033 -0.59709408 -0.26580922  0.79720001 -0.0325174   1.1462206 ]\n [-0.59709408  5.03468046 -0.91976459  2.23299168  0.30564751  0.02196325]\n [-0.26580922 -0.91976459  6.26196848  1.31486337  3.08866914  2.28352129]\n [ 0.79720001  2.23299168  1.31486337  4.27042214  1.17106636  1.09749383]\n [-0.0325174   0.30564751  3.08866914  1.17106636  4.52969328  2.40002765]\n [ 1.1462206   0.02196325  2.28352129  1.09749383  2.40002765  4.27959498]]", "nfev": "252", "njev": "36", "status": "0", "success": "True", "message": "Optimization terminated successfully.", "x": "[5.27374817 3.77164647 2.91130128 4.27667092 6.25867877 2.06601194]", "nit": "26", "callback": [0.30719456021131064, 0.19342367428074558]}, "1": {"maxiter": 100, "gtol": 1e-05, "xrtol": 1e-05, "eps": 1e-10, "duration": 0.057211875915527344, "fun": "0.19338020183255222", "jac": "[-1.11022293e-06  3.33066880e-06  3.33066880e-06  3.33066880e-06\n  3.33066880e-06 -1.11022293e-06]", "hess_inv": "[[ 3.88856471 -0.62930576 -0.14145413  0.80236065  0.08833803  1.08539735]\n [-0.62930576  4.97253569 -0.91262772  2.21300517  0.2922486  -0.01087312]\n [-0.14145413 -0.91262772  6.36978805  1.46785451  3.08699633  2.31339294]\n [ 0.80236065  2.21300517  1.46785451  4.37422088  1.25135204  1.06340815]\n [ 0.08833803  0.2922486   3.08699633  1.25135204  4.45498178  2.44649247]\n [ 1.08539735 -0.01087312  2.31339294  1.06340815  2.44649247  4.26717068]]", "nfev": "252", "njev": "36", "status": "0", "success": "True", "message": "Optimization terminated successfully.", "x": "[5.2737617  3.77166801 2.91134458 4.27671239 6.25872073 2.06604259]", "nit": "26", "callback": [0.3071962121010008, 0.19342494134111887]}, "2": {"maxiter": 100, "gtol": 1e-05, "xrtol": 1e-10, "eps": 1e-05, "duration": 0.057604074478149414, "fun": "0.19338020178128856", "jac": "[ 1.03925757e-06  1.39410705e-06 -1.12287957e-07 -6.99096336e-07\n  1.23022703e-06  1.59594560e-07]", "hess_inv": "[[ 4.00959033 -0.59709408 -0.26580922  0.79720001 -0.0325174   1.1462206 ]\n [-0.59709408  5.03468046 -0.91976459  2.23299168  0.30564751  0.02196325]\n [-0.26580922 -0.91976459  6.26196848  1.31486337  3.08866914  2.28352129]\n [ 0.79720001  2.23299168  1.31486337  4.27042214  1.17106636  1.09749383]\n [-0.0325174   0.30564751  3.08866914  1.17106636  4.52969328  2.40002765]\n [ 1.1462206   0.02196325  2.28352129  1.09749383  2.40002765  4.27959498]]", "nfev": "252", "njev": "36", "status": "0", "success": "True", "message": "Optimization terminated successfully.", "x": "[5.27374817 3.77164647 2.91130128 4.27667092 6.25867877 2.06601194]", "nit": "26", "callback": [0.30719456021131064, 0.19342367428074558]}, "3": {"maxiter": 100, "gtol": 1e-05, "xrtol": 1e-10, "eps": 1e-10, "duration": 0.05799698829650879, "fun": "0.19338020183255222", "jac": "[-1.11022293e-06  3.33066880e-06  3.33066880e-06  3.33066880e-06\n  3.33066880e-06 -1.11022293e-06]", "hess_inv": "[[ 3.88856471 -0.62930576 -0.14145413  0.80236065  0.08833803  1.08539735]\n [-0.62930576  4.97253569 -0.91262772  2.21300517  0.2922486  -0.01087312]\n [-0.14145413 -0.91262772  6.36978805  1.46785451  3.08699633  2.31339294]\n [ 0.80236065  2.21300517  1.46785451  4.37422088  1.25135204  1.06340815]\n [ 0.08833803  0.2922486   3.08699633  1.25135204  4.45498178  2.44649247]\n [ 1.08539735 -0.01087312  2.31339294  1.06340815  2.44649247  4.26717068]]", "nfev": "252", "njev": "36", "status": "0", "success": "True", "message": "Optimization terminated successfully.", "x": "[5.2737617  3.77166801 2.91134458 4.27671239 6.25872073 2.06604259]", "nit": "26", "callback": [0.3071962121010008, 0.19342494134111887]}, "4": {"maxiter": 100, "gtol": 1e-10, "xrtol": 1e-05, "eps": 1e-05, "duration": 0.05814099311828613, "fun": "0.19338020178128856", "jac": "[ 1.03925757e-06  1.39410705e-06 -1.12287957e-07 -6.99096336e-07\n  1.23022703e-06  1.59594560e-07]", "hess_inv": "[[ 4.00959033 -0.59709408 -0.26580922  0.79720001 -0.0325174   1.1462206 ]\n [-0.59709408  5.03468046 -0.91976459  2.23299168  0.30564751  0.02196325]\n [-0.26580922 -0.91976459  6.26196848  1.31486337  3.08866914  2.28352129]\n [ 0.79720001  2.23299168  1.31486337  4.27042214  1.17106636  1.09749383]\n [-0.0325174   0.30564751  3.08866914  1.17106636  4.52969328  2.40002765]\n [ 1.1462206   0.02196325  2.28352129  1.09749383  2.40002765  4.27959498]]", "nfev": "252", "njev": "36", "status": "0", "success": "True", "message": "Optimization terminated successfully.", "x": "[5.27374817 3.77164647 2.91130128 4.27667092 6.25867877 2.06601194]", "nit": "26", "callback": [0.30719456021131064, 0.19342367428074558]}, "5": {"maxiter": 100, "gtol": 1e-10, "xrtol": 1e-05, "eps": 1e-10, "duration": 0.05647897720336914, "fun": "0.19338020183255222", "jac": "[-1.11022293e-06  3.33066880e-06  3.33066880e-06  3.33066880e-06\n  3.33066880e-06 -1.11022293e-06]", "hess_inv": "[[ 3.88856471 -0.62930576 -0.14145413  0.80236065  0.08833803  1.08539735]\n [-0.62930576  4.97253569 -0.91262772  2.21300517  0.2922486  -0.01087312]\n [-0.14145413 -0.91262772  6.36978805  1.46785451  3.08699633  2.31339294]\n [ 0.80236065  2.21300517  1.46785451  4.37422088  1.25135204  1.06340815]\n [ 0.08833803  0.2922486   3.08699633  1.25135204  4.45498178  2.44649247]\n [ 1.08539735 -0.01087312  2.31339294  1.06340815  2.44649247  4.26717068]]", "nfev": "252", "njev": "36", "status": "0", "success": "True", "message": "Optimization terminated successfully.", "x": "[5.2737617  3.77166801 2.91134458 4.27671239 6.25872073 2.06604259]", "nit": "26", "callback": [0.3071962121010008, 0.19342494134111887]}, "6": {"maxiter": 100, "gtol": 1e-10, "xrtol": 1e-10, "eps": 1e-05, "duration": 0.11263895034790039, "fun": "0.19338020178128856", "jac": "[ 1.03925757e-06  1.39410705e-06 -1.12287957e-07 -6.99096336e-07\n  1.23022703e-06  1.59594560e-07]", "hess_inv": "[[ 3.9470141  -0.55430168 -0.30009563  0.70835304  0.07989135  1.18835291]\n [-0.55430168  5.25525385 -0.91787211  2.23367736  0.58567437  0.19131984]\n [-0.30009563 -0.91787211  6.245042    1.27136541  3.11946904  2.28950965]\n [ 0.70835304  2.23367736  1.27136541  4.15871938  1.24485269  1.10966562]\n [ 0.07989135  0.58567437  3.11946904  1.24485269  4.83760261  2.60743116]\n [ 1.18835291  0.19131984  2.28950965  1.10966562  2.60743116  4.40841319]]", "nfev": "502", "njev": "70", "status": "2", "success": "False", "message": "Desired error not necessarily achieved due to precision loss.", "x": "[5.27374817 3.77164647 2.91130128 4.27667092 6.25867877 2.06601194]", "nit": "26", "callback": [0.30719456021131064, 0.19342367428074558]}, "7": {"maxiter": 100, "gtol": 1e-10, "xrtol": 1e-10, "eps": 1e-10, "duration": 0.12188887596130371, "fun": "0.1933802017378301", "jac": "[ 0.00000000e+00 -2.22044587e-06 -1.11022293e-06  2.22044587e-06\n -1.11022293e-06  0.00000000e+00]", "hess_inv": "[[ 0.87603242 -1.41175084  1.14474047 -0.6956764  -0.6317319  -1.70095321]\n [-1.41175084  2.33847813 -1.94077926  1.17945071  1.05323454  2.77643448]\n [ 1.14474047 -1.94077926  1.68322803 -0.98254226 -0.89644121 -2.27918609]\n [-0.6956764   1.17945071 -0.98254226  0.63773979  0.52143438  1.38939318]\n [-0.6317319   1.05323454 -0.89644121  0.52143438  0.72229688  1.28239813]\n [-1.70095321  2.77643448 -2.27918609  1.38939318  1.28239813  3.35140732]]", "nfev": "539", "njev": "77", "status": "0", "success": "True", "message": "Optimization terminated successfully.", "x": "[5.27375047 3.77164535 2.91131259 4.27668609 6.25868665 2.06602202]", "nit": "40", "callback": [0.3071962121010008, 0.19342494134111887, 0.19338020174848203, 0.1933802017378301]}, "8": {"maxiter": 500, "gtol": 1e-05, "xrtol": 1e-05, "eps": 1e-05, "duration": 0.05681204795837402, "fun": "0.19338020178128856", "jac": "[ 1.03925757e-06  1.39410705e-06 -1.12287957e-07 -6.99096336e-07\n  1.23022703e-06  1.59594560e-07]", "hess_inv": "[[ 4.00959033 -0.59709408 -0.26580922  0.79720001 -0.0325174   1.1462206 ]\n [-0.59709408  5.03468046 -0.91976459  2.23299168  0.30564751  0.02196325]\n [-0.26580922 -0.91976459  6.26196848  1.31486337  3.08866914  2.28352129]\n [ 0.79720001  2.23299168  1.31486337  4.27042214  1.17106636  1.09749383]\n [-0.0325174   0.30564751  3.08866914  1.17106636  4.52969328  2.40002765]\n [ 1.1462206   0.02196325  2.28352129  1.09749383  2.40002765  4.27959498]]", "nfev": "252", "njev": "36", "status": "0", "success": "True", "message": "Optimization terminated successfully.", "x": "[5.27374817 3.77164647 2.91130128 4.27667092 6.25867877 2.06601194]", "nit": "26", "callback": [0.30719456021131064, 0.19342367428074558]}, "9": {"maxiter": 500, "gtol": 1e-05, "xrtol": 1e-05, "eps": 1e-10, "duration": 0.05745410919189453, "fun": "0.19338020183255222", "jac": "[-1.11022293e-06  3.33066880e-06  3.33066880e-06  3.33066880e-06\n  3.33066880e-06 -1.11022293e-06]", "hess_inv": "[[ 3.88856471 -0.62930576 -0.14145413  0.80236065  0.08833803  1.08539735]\n [-0.62930576  4.97253569 -0.91262772  2.21300517  0.2922486  -0.01087312]\n [-0.14145413 -0.91262772  6.36978805  1.46785451  3.08699633  2.31339294]\n [ 0.80236065  2.21300517  1.46785451  4.37422088  1.25135204  1.06340815]\n [ 0.08833803  0.2922486   3.08699633  1.25135204  4.45498178  2.44649247]\n [ 1.08539735 -0.01087312  2.31339294  1.06340815  2.44649247  4.26717068]]", "nfev": "252", "njev": "36", "status": "0", "success": "True", "message": "Optimization terminated successfully.", "x": "[5.2737617  3.77166801 2.91134458 4.27671239 6.25872073 2.06604259]", "nit": "26", "callback": [0.3071962121010008, 0.19342494134111887]}, "10": {"maxiter": 500, "gtol": 1e-05, "xrtol": 1e-10, "eps": 1e-05, "duration": 0.057389020919799805, "fun": "0.19338020178128856", "jac": "[ 1.03925757e-06  1.39410705e-06 -1.12287957e-07 -6.99096336e-07\n  1.23022703e-06  1.59594560e-07]", "hess_inv": "[[ 4.00959033 -0.59709408 -0.26580922  0.79720001 -0.0325174   1.1462206 ]\n [-0.59709408  5.03468046 -0.91976459  2.23299168  0.30564751  0.02196325]\n [-0.26580922 -0.91976459  6.26196848  1.31486337  3.08866914  2.28352129]\n [ 0.79720001  2.23299168  1.31486337  4.27042214  1.17106636  1.09749383]\n [-0.0325174   0.30564751  3.08866914  1.17106636  4.52969328  2.40002765]\n [ 1.1462206   0.02196325  2.28352129  1.09749383  2.40002765  4.27959498]]", "nfev": "252", "njev": "36", "status": "0", "success": "True", "message": "Optimization terminated successfully.", "x": "[5.27374817 3.77164647 2.91130128 4.27667092 6.25867877 2.06601194]", "nit": "26", "callback": [0.30719456021131064, 0.19342367428074558]}, "11": {"maxiter": 500, "gtol": 1e-05, "xrtol": 1e-10, "eps": 1e-10, "duration": 0.05680489540100098, "fun": "0.19338020183255222", "jac": "[-1.11022293e-06  3.33066880e-06  3.33066880e-06  3.33066880e-06\n  3.33066880e-06 -1.11022293e-06]", "hess_inv": "[[ 3.88856471 -0.62930576 -0.14145413  0.80236065  0.08833803  1.08539735]\n [-0.62930576  4.97253569 -0.91262772  2.21300517  0.2922486  -0.01087312]\n [-0.14145413 -0.91262772  6.36978805  1.46785451  3.08699633  2.31339294]\n [ 0.80236065  2.21300517  1.46785451  4.37422088  1.25135204  1.06340815]\n [ 0.08833803  0.2922486   3.08699633  1.25135204  4.45498178  2.44649247]\n [ 1.08539735 -0.01087312  2.31339294  1.06340815  2.44649247  4.26717068]]", "nfev": "252", "njev": "36", "status": "0", "success": "True", "message": "Optimization terminated successfully.", "x": "[5.2737617  3.77166801 2.91134458 4.27671239 6.25872073 2.06604259]", "nit": "26", "callback": [0.3071962121010008, 0.19342494134111887]}, "12": {"maxiter": 500, "gtol": 1e-10, "xrtol": 1e-05, "eps": 1e-05, "duration": 0.056420087814331055, "fun": "0.19338020178128856", "jac": "[ 1.03925757e-06  1.39410705e-06 -1.12287957e-07 -6.99096336e-07\n  1.23022703e-06  1.59594560e-07]", "hess_inv": "[[ 4.00959033 -0.59709408 -0.26580922  0.79720001 -0.0325174   1.1462206 ]\n [-0.59709408  5.03468046 -0.91976459  2.23299168  0.30564751  0.02196325]\n [-0.26580922 -0.91976459  6.26196848  1.31486337  3.08866914  2.28352129]\n [ 0.79720001  2.23299168  1.31486337  4.27042214  1.17106636  1.09749383]\n [-0.0325174   0.30564751  3.08866914  1.17106636  4.52969328  2.40002765]\n [ 1.1462206   0.02196325  2.28352129  1.09749383  2.40002765  4.27959498]]", "nfev": "252", "njev": "36", "status": "0", "success": "True", "message": "Optimization terminated successfully.", "x": "[5.