{"date": "2024/09/23/, 20:46:13", "conf_id": 75, "data_type": "random\n", "num_data_points": 4, "s_rank": 0, "unitary": "[[-0.45070455-0.02711853j,0.78437395-0.06613086j,0.06358678+0.19963393j,-0.07343613+0.35668523j],[-0.01890143-0.03813363j,0.32408202+0.25557629j,0.05872864-0.68979805j,0.55466693-0.20227297j],[-0.11215405+0.64023111j,-0.13344055+0.29565494j,-0.49012687-0.19046288j,-0.04241254+0.44046348j],[0.55771659+0.24656916j,0.31851997-0.05798805j,0.28761525-0.34294258j,-0.56718418+0.03616933j]]", "databatch_0": {"databatch": "[[[-0.05132576-0.12539564j,-0.10520963+0.19055253j,-0.18975822-0.16817421j,-0.07951456+0.19153975j],[0.11610069-0.12337655j,0.00954806-0.09660202j,-0.0937334+0.00231226j,0.31268777+0.15466704j],[-0.14513846-0.17457776j,0.0716988+0.10505092j,0.2347296-0.09148197j,0.30053568-0.13508848j],[0.08029335+0.16773329j,-0.3113789+0.18246975j,0.30033595-0.29958919j,0.04892166+0.26722963j]],[[0.1593984-0.28472737j,-0.15597547-0.21590575j,-0.16887138-0.0645614j,0.20843924-0.06015626j],[0.10840651+0.11848969j,-0.17227144+0.16682695j,-0.08789366+0.33528176j,-0.16062533+0.0685872j],[0.1827259+0.25570421j,-0.10527418-0.19533643j,-0.07473307-0.03917801j,-0.19623514+0.03773414j],[-0.10860237+0.116447j,-0.3091201-0.19745073j,0.34331401+0.07013105j,0.17579633+0.01533171j]],[[-0.16890344+0.35100397j,0.00930897+0.45936493j,0.2473119-0.0542132j,-0.08977837+0.06630845j],[-0.05592861+0.24991797j,0.09639529-0.23251614j,0.04028685+0.05731041j,0.16721109-0.06684922j],[0.07179925-0.18564058j,-0.10958816-0.0981124j,0.2517932+0.17160905j,0.21067047+0.11025381j],[0.00588486-0.0683317j,0.11167457+0.00253157j,0.20353264+0.17415213j,-0.12056549-0.28322172j]],[[0.21817118+0.25610614j,0.24417663-0.08574527j,0.07492157-0.02616853j,0.10859097+0.11254636j],[-0.07305373+0.12011127j,0.19517686-0.00625536j,0.10278331-0.42827315j,-0.09188354+0.13409849j],[0.03074932+0.1415172j,-0.23126241+0.17546342j,-0.13643573+0.10364518j,-0.07646306+0.38408858j],[-0.15120849+0.35937086j,0.02841874-0.09055302j,-0.09838303+0.11744857j,-0.01097691-0.19543026j]]]", "initial param values": "[2.65960389,5.53896914,5.80325719,4.62288283,3.57509773,5.55541769]", "nelder_mead": {"type": "gradient-free", "0": {"maxiter": 100, "fatol": 1e-05, "xatol": 1e-05, "duration": 0.038710832595825195, "fun": "0.3913992738875548", "nit": "100", "nfev": "167", "status": "2", "success": "False", "message": "Maximum number of iterations has been exceeded.", "x": "[1.31814269 7.50453495 6.45338733 1.57047953 3.97669421 4.98960218]", "final_simplex": "(array([[1.31814269, 7.50453495, 6.45338733, 1.57047953, 3.97669421,\n        4.98960218],\n       [1.31456317, 7.5552863 , 6.45964449, 1.5532068 , 3.97682903,\n        4.97896562],\n       [1.31418343, 7.54908792, 6.44268104, 1.53999737, 3.96056494,\n        4.96051644],\n       [1.29559213, 7.54091878, 6.43426171, 1.52637429, 3.98122307,\n        4.99979405],\n       [1.33120772, 7.54563139, 6.44907968, 1.53881084, 3.9672008 ,\n        4.99858234],\n       [1.28026718, 7.55412905, 6.44744263, 1.52180713, 3.95666926,\n        4.98131877],\n       [1.32987576, 7.55920569, 6.43118516, 1.56623233, 3.95048842,\n        4.97315047]]), array([0.39139927, 0.39160916, 0.3916339 , 0.39164942, 0.39169315,\n       0.39170816, 0.39182765]))", "callback": [0.7359692965122621, 0.5552562363681017, 0.4711955965624067, 0.45085397492473256, 0.4365036532570523, 0.4190808410044248, 0.3964375465264456, 0.3937840418838374, 0.3913992738875548]}, "1": {"maxiter": 100, "fatol": 1e-05, "xatol": 1e-10, "duration": 0.038413047790527344, "fun": "0.3913992738875548", "nit": "100", "nfev": "167", "status": "2", "success": "False", "message": "Maximum number of iterations has been exceeded.", "x": "[1.31814269 7.50453495 6.45338733 1.57047953 3.97669421 4.98960218]", "final_simplex": "(array([[1.31814269, 7.50453495, 6.45338733, 1.57047953, 3.97669421,\n        4.98960218],\n       [1.31456317, 7.5552863 , 6.45964449, 1.5532068 , 3.97682903,\n        4.97896562],\n       [1.31418343, 7.54908792, 6.44268104, 1.53999737, 3.96056494,\n        4.96051644],\n       [1.29559213, 7.54091878, 6.43426171, 1.52637429, 3.98122307,\n        4.99979405],\n       [1.33120772, 7.54563139, 6.44907968, 1.53881084, 3.9672008 ,\n        4.99858234],\n       [1.28026718, 7.55412905, 6.44744263, 1.52180713, 3.95666926,\n        4.98131877],\n       [1.32987576, 7.55920569, 6.43118516, 1.56623233, 3.95048842,\n        4.97315047]]), array([0.39139927, 0.39160916, 0.3916339 , 0.39164942, 0.39169315,\n       0.39170816, 0.39182765]))", "callback": [0.7359692965122621, 0.5552562363681017, 0.4711955965624067, 0.45085397492473256, 0.4365036532570523, 0.4190808410044248, 0.3964375465264456, 0.3937840418838374, 0.3913992738875548]}, "2": {"maxiter": 100, "fatol": 1e-10, "xatol": 1e-05, "duration": 0.037264108657836914, "fun": "0.3913992738875548", "nit": "100", "nfev": "167", "status": "2", "success": "False", "message": "Maximum number of iterations has been exceeded.", "x": "[1.31814269 7.50453495 6.45338733 1.57047953 3.97669421 4.98960218]", "final_simplex": "(array([[1.31814269, 7.50453495, 6.45338733, 1.57047953, 3.97669421,\n        4.98960218],\n       [1.31456317, 7.5552863 , 6.45964449, 1.5532068 , 3.97682903,\n        4.97896562],\n       [1.31418343, 7.54908792, 6.44268104, 1.53999737, 3.96056494,\n        4.96051644],\n       [1.29559213, 7.54091878, 6.43426171, 1.52637429, 3.98122307,\n        4.99979405],\n       [1.33120772, 7.54563139, 6.44907968, 1.53881084, 3.9672008 ,\n        4.99858234],\n       [1.28026718, 7.55412905, 6.44744263, 1.52180713, 3.95666926,\n        4.98131877],\n       [1.32987576, 7.55920569, 6.43118516, 1.56623233, 3.95048842,\n        4.97315047]]), array([0.39139927, 0.39160916, 0.3916339 , 0.39164942, 0.39169315,\n       0.39170816, 0.39182765]))", "callback": [0.7359692965122621, 0.5552562363681017, 0.4711955965624067, 0.45085397492473256, 0.4365036532570523, 0.4190808410044248, 0.3964375465264456, 0.3937840418838374, 0.3913992738875548]}, "3": {"maxiter": 100, "fatol": 1e-10, "xatol": 1e-10, "duration": 0.03739595413208008, "fun": "0.3913992738875548", "nit": "100", "nfev": "167", "status": "2", "success": "False", "message": "Maximum number of iterations has been exceeded.", "x": "[1.31814269 7.50453495 6.45338733 1.57047953 3.97669421 4.98960218]", "final_simplex": "(array([[1.31814269, 7.50453495, 6.45338733, 1.57047953, 3.97669421,\n        4.98960218],\n       [1.31456317, 7.5552863 , 6.45964449, 1.5532068 , 3.97682903,\n        4.97896562],\n       [1.31418343, 7.54908792, 6.44268104, 1.53999737, 3.96056494,\n        4.96051644],\n       [1.29559213, 7.54091878, 6.43426171, 1.52637429, 3.98122307,\n        4.99979405],\n       [1.33120772, 7.54563139, 6.44907968, 1.53881084, 3.9672008 ,\n        4.99858234],\n       [1.28026718, 7.55412905, 6.44744263, 1.52180713, 3.95666926,\n        4.98131877],\n       [1.32987576, 7.55920569, 6.43118516, 1.56623233, 3.95048842,\n        4.97315047]]), array([0.39139927, 0.39160916, 0.3916339 , 0.39164942, 0.39169315,\n       0.39170816, 0.39182765]))", "callback": [0.7359692965122621, 0.5552562363681017, 0.4711955965624067, 0.45085397492473256, 0.4365036532570523, 0.4190808410044248, 0.3964375465264456, 0.3937840418838374, 0.3913992738875548]}, "4": {"maxiter": 500, "fatol": 1e-05, "xatol": 1e-05, "duration": 0.09374380111694336, "fun": "0.3913055006593581", "nit": "257", "nfev": "417", "status": "0", "success": "True", "message": "Optimization terminated successfully.", "x": "[1.30199347 7.51096947 6.46720467 1.56244358 3.96724985 4.98427343]", "final_simplex": "(array([[1.30199347, 7.51096947, 6.46720467, 1.56244358, 3.96724985,\n        4.98427343],\n       [1.30199117, 7.51096753, 6.4672127 , 1.56244308, 3.96725631,\n        4.9842757 ],\n       [1.3019896 , 7.51096817, 6.46721243, 1.56244556, 3.96725078,\n        4.98428196],\n       [1.30198517, 7.51096584, 6.46720984, 1.56244383, 3.96725392,\n        4.98427671],\n       [1.30199006, 7.51096571, 6.46721173, 1.5624376 , 3.96725128,\n        4.98427573],\n       [1.30199226, 7.51096898, 6.46721359, 1.56244462, 3.96724786,\n        4.98426592],\n       [1.30199218, 7.5109772 , 6.46720802, 1.56243888, 3.96724876,\n        4.98427209]]), array([0.3913055, 0.3913055, 0.3913055, 0.3913055, 0.3913055, 0.3913055,\n       0.3913055]))", "callback": [0.7359692965122621, 0.5552562363681017, 0.4711955965624067, 0.45085397492473256, 0.4365036532570523, 0.4190808410044248, 0.3964375465264456, 0.3937840418838374, 0.3913992738875548, 0.3913992738875548, 0.39137318814793254, 0.3913272138972791, 0.3913272138972791, 0.3913138719453422, 0.3913106201535601, 0.3913073418132821, 0.3913064692910936, 0.39130588045110226, 0.3913055263943517, 0.3913055263943517, 0.39130550567170064, 0.39130550138759324, 0.39130550108037987, 0.3913055007104189, 0.3913055006631595]}, "5": {"maxiter": 500, "fatol": 1e-05, "xatol": 1e-10, "duration": 0.13998818397521973, "fun": "0.39130550065320135", "nit": "350", "nfev": "631", "status": "0", "success": "True", "message": "Optimization terminated successfully.", "x": "[1.3019921  7.51096691 6.46721074 1.5624456  3.96725058 4.98427576]", "final_simplex": "(array([[1.3019921 , 7.51096691, 6.46721074, 1.5624456 , 3.96725058,\n        4.98427576],\n       [1.3019921 , 7.51096691, 6.46721074, 1.5624456 , 3.96725058,\n        4.98427576],\n       [1.3019921 , 7.51096691, 6.46721074, 1.5624456 , 3.96725058,\n        4.98427576],\n       [1.3019921 , 7.51096691, 6.46721074, 1.5624456 , 3.96725058,\n        4.98427576],\n       [1.3019921 , 7.51096691, 6.46721074, 1.5624456 , 3.96725058,\n        4.98427576],\n       [1.3019921 , 7.51096691, 6.46721074, 1.5624456 , 3.96725058,\n        4.98427576],\n       [1.3019921 , 7.51096691, 6.46721074, 1.5624456 , 3.96725058,\n        4.98427576]]), array([0.3913055, 0.3913055, 0.3913055, 0.3913055, 0.3913055, 0.3913055,\n       0.3913055]))", "callback": [0.7359692965122621, 0.5552562363681017, 0.4711955965624067, 0.45085397492473256, 0.4365036532570523, 0.4190808410044248, 0.3964375465264456, 0.3937840418838374, 0.3913992738875548, 0.3913992738875548, 0.39137318814793254, 0.3913272138972791, 0.3913272138972791, 0.3913138719453422, 0.3913106201535601, 0.3913073418132821, 0.3913064692910936, 0.39130588045110226, 0.3913055263943517, 0.3913055263943517, 0.39130550567170064, 0.39130550138759324, 0.39130550108037987, 0.3913055007104189, 0.3913055006631595, 0.3913055006568298, 0.3913055006538889, 0.391305500653262, 0.3913055006532141, 0.3913055006532038, 0.39130550065320213, 0.3913055006532017, 0.39130550065320135, 0.39130550065320135, 0.39130550065320135]}, "6": {"maxiter": 500, "fatol": 1e-10, "xatol": 1e-05, "duration": 0.09480118751525879, "fun": "0.3913055006593581", "nit": "257", "nfev": "417", "status": "0", "success": "True", "message": "Optimization terminated successfully.", "x": "[1.30199347 7.51096947 6.46720467 1.56244358 3.96724985 4.98427343]", "final_simplex": "(array([[1.30199347, 7.51096947, 6.46720467, 1.56244358, 3.96724985,\n        4.98427343],\n       [1.30199117, 7.51096753, 6.4672127 , 1.56244308, 3.96725631,\n        4.9842757 ],\n       [1.3019896 , 7.51096817, 6.46721243, 1.56244556, 3.96725078,\n        4.98428196],\n       [1.30198517, 7.51096584, 6.46720984, 1.56244383, 3.96725392,\n        4.98427671],\n       [1.30199006, 7.51096571, 6.46721173, 1.5624376 , 3.96725128,\n        4.98427573],\n       [1.30199226, 7.51096898, 6.46721359, 1.56244462, 3.96724786,\n        4.98426592],\n       [1.30199218, 7.5109772 , 6.46720802, 1.56243888, 3.96724876,\n        4.98427209]]), array([0.3913055, 0.3913055, 0.3913055, 0.3913055, 0.3913055, 0.3913055,\n       0.3913055]))", "callback": [0.7359692965122621, 0.5552562363681017, 0.4711955965624067, 0.45085397492473256, 0.4365036532570523, 0.4190808410044248, 0.3964375465264456, 0.3937840418838374, 0.3913992738875548, 0.3913992738875548, 0.39137318814793254, 0.3913272138972791, 0.3913272138972791, 0.3913138719453422, 0.3913106201535601, 0.3913073418132821, 0.3913064692910936, 0.39130588045110226, 0.3913055263943517, 0.3913055263943517, 0.39130550567170064, 0.39130550138759324, 0.39130550108037987, 0.3913055007104189, 0.3913055006631595]}, "7": {"maxiter": 500, "fatol": 1e-10, "xatol": 1e-10, "duration": 0.1394481658935547, "fun": "0.39130550065320135", "nit": "350", "nfev": "631", "status": "0", "success": "True", "message": "Optimization terminated successfully.", "x": "[1.3019921  7.51096691 6.46721074 1.5624456  3.96725058 4.98427576]", "final_simplex": "(array([[1.3019921 , 7.51096691, 6.46721074, 1.5624456 , 3.96725058,\n        4.98427576],\n       [1.3019921 , 7.51096691, 6.46721074, 1.5624456 , 3.96725058,\n        4.98427576],\n       [1.3019921 , 7.51096691, 6.46721074, 1.5624456 , 3.96725058,\n        4.98427576],\n       [1.3019921 , 7.51096691, 6.46721074, 1.5624456 , 3.96725058,\n        4.98427576],\n       [1.3019921 , 7.51096691, 6.46721074, 1.5624456 , 3.96725058,\n        4.98427576],\n       [1.3019921 , 7.51096691, 6.46721074, 1.5624456 , 3.96725058,\n        4.98427576],\n       [1.3019921 , 7.51096691, 6.46721074, 1.5624456 , 3.96725058,\n        4.98427576]]), array([0.3913055, 0.3913055, 0.3913055, 0.3913055, 0.3913055, 0.3913055,\n       0.3913055]))", "callback": [0.7359692965122621, 0.5552562363681017, 0.4711955965624067, 0.45085397492473256, 0.4365036532570523, 0.4190808410044248, 0.3964375465264456, 0.3937840418838374, 0.3913992738875548, 0.3913992738875548, 0.39137318814793254, 0.3913272138972791, 0.3913272138972791, 0.3913138719453422, 0.3913106201535601, 0.3913073418132821, 0.3913064692910936, 0.39130588045110226, 0.3913055263943517, 0.3913055263943517, 0.39130550567170064, 0.39130550138759324, 0.39130550108037987, 0.3913055007104189, 0.3913055006631595, 0.3913055006568298, 0.3913055006538889, 0.391305500653262, 0.3913055006532141, 0.3913055006532038, 0.39130550065320213, 0.3913055006532017, 0.39130550065320135, 0.39130550065320135, 0.39130550065320135]}, "8": {"maxiter": 1000, "fatol": 1e-05, "xatol": 1e-05, "duration": 0.09454894065856934, "fun": "0.3913055006593581", "nit": "257", "nfev": "417", "status": "0", "success": "True", "message": "Optimization terminated successfully.", "x": "[1.30199347 7.51096947 6.46720467 1.56244358 3.96724985 4.98427343]", "final_simplex": "(array([[1.30199347, 7.51096947, 6.46720467, 1.56244358, 3.96724985,\n        4.98427343],\n       [1.30199117, 7.51096753, 6.4672127 , 1.56244308, 3.96725631,\n        4.9842757 ],\n       [1.3019896 , 7.51096817, 6.46721243, 1.56244556, 3.96725078,\n        4.98428196],\n       [1.30198517, 7.51096584, 6.46720984, 1.56244383, 3.96725392,\n        4.98427671],\n       [1.30199006, 7.51096571, 6.46721173, 1.5624376 , 3.96725128,\n        4.98427573],\n       [1.30199226, 7.51096898, 6.46721359, 1.56244462, 3.96724786,\n        4.98426592],\n       [1.30199218, 7.5109772 , 6.46720802, 1.56243888, 3.96724876,\n        4.98427209]]), array([0.3913055, 0.3913055, 0.3913055, 0.3913055, 0.3913055, 0.3913055,\n       0.3913055]))", "callback": [0.7359692965122621, 0.5552562363681017, 0.4711955965624067, 0.45085397492473256, 0.4365036532570523, 0.4190808410044248, 0.3964375465264456, 0.3937840418838374, 0.3913992738875548, 0.3913992738875548, 0.39137318814793254, 0.3913272138972791, 0.3913272138972791, 0.3913138719453422, 0.3913106201535601, 0.3913073418132821, 0.3913064692910936, 0.39130588045110226, 0.3913055263943517, 0.3913055263943517, 0.39130550567170064, 0.39130550138759324, 0.39130550108037987, 0.3913055007104189, 0.3913055006631595]}, "9": {"maxiter": 1000, "fatol": 1e-05, "xatol": 1e-10, "duration": 0.14127683639526367, "fun": "0.39130550065320135", "nit": "350", "nfev": "631", "status": "0", "success": "True", "message": "Optimization terminated successfully.", "x": "[1.3019921  7.51096691 6.46721074 1.5624456  3.96725058 4.98427576]", "final_simplex": "(array([[1.3019921 , 7.51096691, 6.46721074, 1.5624456 , 3.96725058,\n        4.98427576],\n       [1.3019921 , 7.51096691, 6.46721074, 1.5624456 , 3.96725058,\n        4.98427576],\n       [1.3019921 , 7.51096691, 6.46721074, 1.5624456 , 3.96725058,\n        4.98427576],\n       [1.3019921 , 7.51096691, 6.46721074, 1.5624456 , 3.96725058,\n        4.98427576],\n       [1.3019921 , 7.51096691, 6.46721074, 1.5624456 , 3.96725058,\n        4.98427576],\n       [1.3019921 , 7.51096691, 6.46721074, 1.5624456 , 3.96725058,\n        4.98427576],\n       [1.3019921 , 7.51096691, 6.46721074, 1.5624456 , 3.96725058,\n        4.98427576]]), array([0.3913055, 0.3913055, 0.3913055, 0.3913055, 0.3913055, 0.3913055,\n       0.3913055]))", "callback": [0.7359692965122621, 0.5552562363681017, 0.4711955965624067, 0.45085397492473256, 0.4365036532570523, 0.4190808410044248, 0.3964375465264456, 0.3937840418838374, 0.3913992738875548, 0.3913992738875548, 0.39137318814793254, 0.3913272138972791, 0.3913272138972791, 0.3913138719453422, 0.3913106201535601, 0.3913073418132821, 0.3913064692910936, 0.39130588045110226, 0.3913055263943517, 0.3913055263943517, 0.39130550567170064, 0.39130550138759324, 0.39130550108037987, 0.3913055007104189, 0.3913055006631595, 0.3913055006568298, 0.3913055006538889, 0.391305500653262, 0.3913055006532141, 0.3913055006532038, 0.39130550065320213, 0.3913055006532017, 0.39130550065320135, 0.39130550065320135, 0.39130550065320135]}, "10": {"maxiter": 1000, "fatol": 1e-10, "xatol": 1e-05, "duration": 0.09374880790710449, "fun": "0.3913055006593581", "nit": "257", "nfev": "417", "status": "0", "success": "True", "message": "Optimization terminated successfully.", "x": "[1.30199347 7.51096947 6.46720467 1.56244358 3.96724985 4.98427343]", "final_simplex": "(array([[1.30199347, 7.51096947, 6.46720467, 1.56244358, 3.96724985,\n        4.98427343],\n       [1.30199117, 7.51096753, 6.4672127 , 1.56244308, 3.96725631,\n        4.9842757 ],\n       [1.3019896 , 7.51096817, 6.46721243, 1.56244556, 3.96725078,\n        4.98428196],\n       [1.30198517, 7.51096584, 6.46720984, 1.56244383, 3.96725392,\n        4.98427671],\n       [1.30199006, 7.51096571, 6.46721173, 1.5624376 , 3.96725128,\n        4.98427573],\n       [1.30199226, 7.51096898, 6.46721359, 1.56244462, 3.96724786,\n        4.98426592],\n       [1.30199218, 7.5109772 , 6.46720802, 1.56243888, 3.96724876,\n        4.98427209]]), array([0.3913055, 0.3913055, 0.3913055, 0.3913055, 0.3913055, 0.3913055,\n       0.3913055]))", "callback": [0.7359692965122621, 0.5552562363681017, 0.4711955965624067, 0.45085397492473256, 0.4365036532570523, 0.4190808410044248, 0.3964375465264456, 0.3937840418838374, 0.3913992738875548, 0.3913992738875548, 0.39137318814793254, 0.3913272138972791, 0.3913272138972791, 0.3913138719453422, 0.3913106201535601, 0.3913073418132821, 0.3913064692910936, 0.39130588045110226, 0.3913055263943517, 0.3913055263943517, 0.39130550567170064, 0.39130550138759324, 0.39130550108037987, 0.3913055007104189, 0.3913055006631595]}, "11": {"maxiter": 1000, "fatol": 1e-10, "xatol": 1e-10, "duration": 0.1494438648223877, "fun": "0.39130550065320135", "nit": "350", "nfev": "631", "status": "0", "success": "True", "message": "Optimization terminated successfully.", "x": "[1.3019921  7.51096691 6.46721074 1.5624456  3.96725058 4.98427576]", "final_simplex": "(array([[1.3019921 , 7.51096691, 6.46721074, 1.5624456 , 3.96725058,\n        4.98427576],\n       [1.3019921 , 7.51096691, 6.46721074, 1.5624456 , 3.96725058,\n        4.98427576],\n       [1.3019921 , 7.51096691, 6.46721074, 1.5624456 , 3.96725058,\n        4.98427576],\n       [1.3019921 , 7.51096691, 6.46721074, 1.5624456 , 3.96725058,\n        4.98427576],\n       [1.3019921 , 7.51096691, 6.46721074, 1.5624456 , 3.96725058,\n        4.98427576],\n       [1.3019921 , 7.51096691, 6.46721074, 1.5624456 , 3.96725058,\n        4.98427576],\n       [1.3019921 , 7.51096691, 6.46721074, 1.5624456 , 3.96725058,\n        4.98427576]]), array([0.3913055, 0.3913055, 0.3913055, 0.3913055, 0.3913055, 0.3913055,\n       0.3913055]))", "callback": [0.7359692965122621, 0.5552562363681017, 0.4711955965624067, 0.45085397492473256, 0.4365036532570523, 0.4190808410044248, 0.3964375465264456, 0.3937840418838374, 0.3913992738875548, 0.3913992738875548, 0.39137318814793254, 0.3913272138972791, 0.3913272138972791, 0.3913138719453422, 0.3913106201535601, 0.3913073418132821, 0.3913064692910936, 0.39130588045110226, 0.3913055263943517, 0.3913055263943517, 0.39130550567170064, 0.39130550138759324, 0.39130550108037987, 0.3913055007104189, 0.3913055006631595, 0.3913055006568298, 0.3913055006538889, 0.391305500653262, 0.3913055006532141, 0.3913055006532038, 0.39130550065320213, 0.3913055006532017, 0.39130550065320135, 0.39130550065320135, 0.39130550065320135]}}, "bfgs": {"type": "gradient", "0": {"maxiter": 100, "gtol": 1e-05, "xrtol": 1e-05, "eps": 1e-05, "duration": 0.03795504570007324, "fun": "0.3913055008065329", "jac": "[ 4.91087171e-06 -4.21453983e-06  2.39464004e-07 -6.46345200e-06\n -8.54871729e-07  1.58661972e-07]", "hess_inv": "[[ 3.39847923  0.07644232 -0.04512068  0.94323056 -0.34185399 -0.51538079]\n [ 0.07644232  4.18245637 -1.10364965 -1.39549139 -0.49410181 -0.14619127]\n [-0.04512068 -1.10364965  3.9519767   0.6024237  -0.1690697  -0.05625114]\n [ 0.94323056 -1.39549139  0.6024237   3.60114124 -0.04815782 -0.12299176]\n [-0.34185399 -0.49410181 -0.1690697  -0.04815782  3.44706013  0.07635948]\n [-0.51538079 -0.14619127 -0.05625114 -0.12299176  0.07635948  3.56257456]]", "nfev": "154", "njev": "22", "status": "0", "success": "True", "message": "Optimization terminated successfully.", "x": "[1.30200112 7.51095412 6.46720877 1.56242304 3.96724363 4.9842708 ]", "nit": "18", "callback": [0.3914665803165359]}, "1": {"maxiter": 100, "gtol": 1e-05, "xrtol": 1e-05, "eps": 1e-10, "duration": 0.035611867904663086, "fun": "0.391305500741457", "jac": "[ 5.55111466e-06 -2.22044587e-06  2.22044587e-06 -6.66133760e-06\n  0.00000000e+00  1.11022293e-06]", "hess_inv": "[[ 3.40425698  0.10485483 -0.04063455  0.93915372 -0.35930994 -0.54631861]\n [ 0.10485483  4.13550131 -1.0663761  -1.3643862  -0.46794186 -0.12113526]\n [-0.04063455 -1.0663761   3.95243095  0.58692373 -0.1959221  -0.11319842]\n [ 0.93915372 -1.3643862   0.58692373  3.5996324  -0.05398189 -0.14770339]\n [-0.35930994 -0.46794186 -0.1959221  -0.05398189  3.44393722  0.08422788]\n [-0.54631861 -0.12113526 -0.11319842 -0.14770339  0.08422788  3.585975  ]]", "nfev": "154", "njev": "22", "status": "0", "success": "True", "message": "Optimization terminated successfully.", "x": "[1.30200355 7.51095586 6.46721812 1.56243186 3.96724794 4.98427414]", "nit": "18", "callback": [0.3914654968053186]}, "2": {"maxiter": 100, "gtol": 1e-05, "xrtol": 1e-10, "eps": 1e-05, "duration": 0.03462791442871094, "fun": "0.3913055008065329", "jac": "[ 4.91087171e-06 -4.21453983e-06  2.39464004e-07 -6.46345200e-06\n -8.54871729e-07  1.58661972e-07]", "hess_inv": "[[ 3.39847923  0.07644232 -0.04512068  0.94323056 -0.34185399 -0.51538079]\n [ 0.07644232  4.18245637 -1.10364965 -1.39549139 -0.49410181 -0.14619127]\n [-0.04512068 -1.10364965  3.9519767   0.6024237  -0.1690697  -0.05625114]\n [ 0.94323056 -1.39549139  0.6024237   3.60114124 -0.04815782 -0.12299176]\n [-0.34185399 -0.49410181 -0.1690697  -0.04815782  3.44706013  0.07635948]\n [-0.51538079 -0.14619127 -0.05625114 -0.12299176  0.07635948  3.56257456]]", "nfev": "154", "njev": "22", "status": "0", "success": "True", "message": "Optimization terminated successfully.", "x": "[1.30200112 7.51095412 6.46720877 1.56242304 3.96724363 4.9842708 ]", "nit": "18", "callback": [0.3914665803165359]}, "3": {"maxiter": 100, "gtol": 1e-05, "xrtol": 1e-10, "eps": 1e-10, "duration": 0.03552508354187012, "fun": "0.391305500741457", "jac": "[ 5.55111466e-06 -2.22044587e-06  2.22044587e-06 -6.66133760e-06\n  0.00000000e+00  1.11022293e-06]", "hess_inv": "[[ 3.40425698  0.10485483 -0.04063455  0.93915372 -0.35930994 -0.54631861]\n [ 0.10485483  4.13550131 -1.0663761  -1.3643862  -0.46794186 -0.12113526]\n [-0.04063455 -1.0663761   3.95243095  0.58692373 -0.1959221  -0.11319842]\n [ 0.93915372 -1.3643862   0.58692373  3.5996324  -0.05398189 -0.14770339]\n [-0.35930994 -0.46794186 -0.1959221  -0.05398189  3.44393722  0.08422788]\n [-0.54631861 -0.12113526 -0.11319842 -0.14770339  0.08422788  3.585975  ]]", "nfev": "154", "njev": "22", "status": "0", "success": "True", "message": "Optimization terminated successfully.", "x": "[1.30200355 7.51095586 6.46721812 1.56243186 3.96724794 4.98427414]", "nit": "18", "callback": [0.3914654968053186]}, "4": {"maxiter": 100, "gtol": 1e-10, "xrtol": 1e-05, "eps": 1e-05, "duration": 0.0375518798828125, "fun": "0.3913055006713696", "jac": "[ 6.27209396e-07 -2.66819900e-07  3.63364894e-07 -3.94384525e-07\n  9.41913214e-08 -2.81175083e-07]", "hess_inv": "[[ 3.38132499  0.03689991 -0.17995871  0.74144632 -0.40069255 -0.38623204]\n [ 0.03689991  4.24210742 -1.03698932 -1.22547384 -0.4511356  -0.21432616]\n [-0.17995871 -1.03698932  3.83698651  0.60621502 -0.18450864  0.04315575]\n [ 0.74144632 -1.22547384  0.60621502  3.90274416  0.01194888 -0.14468018]\n [-0.40069255 -0.4511356  -0.18450864  0.01194888  3.45675905  0.08606961]\n [-0.38623204 -0.21432616  0.04315575 -0.14468018  0.08606961  3.47776255]]", "nfev": "161", "njev": "23", "status": "0", "success": "True", "message": "Optimization terminated successfully.", "x": "[1.30198923 7.51096379 6.46720812 1.56243935 3.96724676 4.98427037]", "nit": "19", "callback": [0.3914665803165359]}, "5": {"maxiter": 100, "gtol": 1e-10, "xrtol": 1e-05, "eps": 1e-10, "duration": 0.03654670715332031, "fun": "0.39130550066887515", "jac": "[-1.11022293e-06 -2.22044587e-06  0.00000000e+00  1.11022293e-06\n  1.11022293e-06 -2.22044587e-06]", "hess_inv": "[[ 3.38551495  0.04113797 -0.18046981  0.74495161 -0.40877035 -0.39112039]\n [ 0.04113797  4.14603698 -1.10463621 -1.2863511  -0.46316356 -0.13074454]\n [-0.18046981 -1.10463621  3.75033969  0.55868679 -0.2321647   0.01088602]\n [ 0.74495161 -1.2863511   0.55868679  3.98672925 -0.00445726 -0.28560412]\n [-0.40877035 -0.46316356 -0.2321647  -0.00445726  3.44505799  0.08481001]\n [-0.39112039 -0.13074454  0.01088602 -0.28560412  0.08481001  3.57141431]]", "nfev": "161", "njev": "23", "status": "0", "success": "True", "message": "Optimization terminated successfully.", "x": "[1.30199064 7.51095887 6.46721205 1.5624505  3.96724957 4.98427013]", "nit": "19", "callback": [0.3914654968053186]}, "6": {"maxiter": 100, "gtol": 1e-10, "xrtol": 1e-10, "eps": 1e-05, "duration": 0.06597900390625, "fun": "0.391305500670835", "jac": "[ 1.93844940e-08  5.02931030e-09  2.72892819e-08  9.10382880e-09\n  1.32116540e-08 -2.31814568e-08]", "hess_inv": "[[ 3.62066832 -0.09391996 -0.0147335   0.67254071 -0.38837171 -0.52427562]\n [-0.09391996  4.30927525 -1.13763716 -1.20533407 -0.46290243 -0.12889589]\n [-0.0147335  -1.13763716  3.92638855  0.51685989 -0.18800455 -0.02834222]\n [ 0.67254071 -1.20533407  0.51685989  3.85175354 -0.01194531 -0.06460885]\n [-0.38837171 -0.46290243 -0.18800455 -0.01194531  3.45154488  0.09054554]\n [-0.52427562 -0.12889589 -0.02834222 -0.06460885  0.09054554  3.53441333]]", "nfev": "285", "njev": "39", "status": "2", "success": "False", "message": "Desired error not necessarily achieved due to precision loss.", "x": "[1.30198717 7.51096492 6.46720672 1.56243998 3.96724667 4.98427154]", "nit": "20", "callback": [0.3914665803165359, 0.391305500670835]}, "7": {"maxiter": 100, "gtol": 1e-10, "xrtol": 1e-10, "eps": 1e-10, "duration": 0.08578205108642578, "fun": "0.39130550065472125", "jac": "[ 1.11022293e-06  1.11022293e-06  0.00000000e+00  1.11022293e-06\n -1.11022293e-06 -1.11022293e-06]", "hess_inv": "[[ 0.07731492  0.02187171  0.01891363 -0.0290534   0.04576964 -0.0850249 ]\n [ 0.02187171  0.02484143  0.01317027 -0.01754541 -0.01728409 -0.02529626]\n [ 0.01891363  0.01317027  0.02913353 -0.03422361 -0.00293439 -0.02730836]\n [-0.0290534  -0.01754541 -0.03422361  0.05391146 -0.01458507  0.04855044]\n [ 0.04576964 -0.01728409 -0.00293439 -0.01458507  0.11593108 -0.07636614]\n [-0.0850249  -0.02529626 -0.02730836  0.04855044 -0.07636614  0.11613313]]", "nfev": "336", "njev": "48", "status": "0", "success": "True", "message": "Optimization terminated successfully.", "x": "[1.30199381 7.51096899 6.46720901 1.56244546 3.9672489  4.98427462]", "nit": "33", "callback": [0.3914654968053186, 0.3913055006591426, 0.39130550065477765]}, "8": {"maxiter": 500, "gtol": 1e-05, "xrtol": 1e-05, "eps": 1e-05, "duration": 0.037001848220825195, "fun": "0.3913055008065329", "jac": "[ 4.91087171e-06 -4.21453983e-06  2.39464004e-07 -6.46345200e-06\n -8.54871729e-07  1.58661972e-07]", "hess_inv": "[[ 3.39847923  0.07644232 -0.04512068  0.94323056 -0.34185399 -0.51538079]\n [ 0.07644232  4.18245637 -1.10364965 -1.39549139 -0.49410181 -0.14619127]\n [-0.04512068 -1.10364965  3.9519767   0.6024237  -0.1690697  -0.05625114]\n [ 0.94323056 -1.39549139  0.6024237   3.60114124 -0.04815782 -0.12299176]\n [-0.34185399 -0.49410181 -0.1690697  -0.04815782  3.44706013  0.07635948]\n [-0.51538079 -0.14619127 -0.05625114 -0.12299176  0.07635948  3.56257456]]", "nfev": "154", "njev": "22", "status": "0", "success": "True", "message": "Optimization terminated successfully.", "x": "[1.30200112 7.51095412 6.46720877 1.56242304 3.96724363 4.9842708 ]", "nit": "18", "callback": [0.3914665803165359]}, "9": {"maxiter": 500, "gtol": 1e-05, "xrtol": 1e-05, "eps": 1e-10, "duration": 0.03573465347290039, "fun": "0.391305500741457", "jac": "[ 5.55111466e-06 -2.22044587e-06  2.22044587e-06 -6.66133760e-06\n  0.00000000e+00  1.11022293e-06]", "hess_inv": "[[ 3.40425698  0.10485483 -0.04063455  0.93915372 -0.35930994 -0.54631861]\n [ 0.10485483  4.13550131 -1.0663761  -1.3643862  -0.46794186 -0.12113526]\n [-0.04063455 -1.0663761   3.95243095  0.58692373 -0.1959221  -0.11319842]\n [ 0.93915372 -1.3643862   0.58692373  3.5996324  -0.05398189 -0.14770339]\n [-0.35930994 -0.46794186 -0.1959221  -0.05398189  3.44393722  0.08422788]\n [-0.54631861 -0.12113526 -0.11319842 -0.14770339  0.08422788  3.585975  ]]", "nfev": "154", "njev": "22", "status": "0", "success": "True", "message": "Optimization terminated successfully.", "x": "[1.30200355 7.51095586 6.46721812 1.56243186 3.96724794 4.98427414]", "nit": "18", "callback": [0.3914654968053186]}, "10": {"maxiter": 500, "gtol": 1e-05, "xrtol": 1e-10, "eps": 1e-05, "duration": 0.03506612777709961, "fun": "0.3913055008065329", "jac": "[ 4.91087171e-06 -4.21453983e-06  2.39464004e-07 -6.46345200e-06\n -8.54871729e-07  1.58661972e-07]", "hess_inv": "[[ 3.39847923  0.07644232 -0.04512068  0.94323056 -0.34185399 -0.51538079]\n [ 0.07644232  4.18245637 -1.10364965 -1.39549139 -0.49410181 -0.14619127]\n [-0.04512068 -1.10364965  3.9519767   0.6024237  -0.1690697  -0.05625114]\n [ 0.94323056 -1.39549139  0.6024237   3.60114124 -0.04815782 -0.12299176]\n [-0.34185399 -0.49410181 -0.1690697  -0.04815782  3.44706013  0.07635948]\n [-0.51538079 -0.14619127 -0.05625114 -0.12299176  0.07635948  3.56257456]]", "nfev": "154", "njev": "22", "status": "0", "success": "True", "message": "Optimization terminated successfully.", "x": "[1.30200112 7.51095412 6.46720877 1.56242304 3.96724363 4.9842708 ]", "nit": "18", "callback": [0.3914665803165359]}, "11": {"maxiter": 500, "gtol": 1e-05, "xrtol": 1e-10, "eps": 1e-10, "duration": 0.03579115867614746, "fun": "0.391305500741457", "jac": "[ 5.55111466e-06 -2.22044587e-06  2.22044587e-06 -6.66133760e-06\n  0.00000000e+00  1.11022293e-06]", "hess_inv": "[[ 3.40425698  0.10485483 -0.04063455  0.93915372 -0.35930994 -0.54631861]\n [ 0.10485483  4.13550131 -1.0663761  -1.3643862  -0.46794186 -0.12113526]\n [-0.04063455 -1.0663761   3.95243095  0.58692373 -0.1959221  -0.11319842]\n [ 0.93915372 -1.3643862   0.58692373  3.5996324  -0.05398189 -0.14770339]\n [-0.35930994 -0.46794186 -0.1959221  -0.05398189  3.44393722  0.08422788]\n [-0.54631861 -0.12113526 -0.11319842 -0.14770339  0.08422788  3.585975  ]]", "nfev": "154", "njev": "22", "status": "0", "success": "True", "message": "Optimization terminated successfully.", "x": "[1.30200355 7.51095586 6.46721812 1.56243186 3.96724794 4.98427414]", "nit": "18", "callback": [0.3914654968053186]}, "12": {"maxiter": 500, "gtol": 1e-10, "xrtol": 1e-05, "eps": 1e-05, "duration": 0.0369112491607666, "fun": "0.3913055006713696", "jac": "[ 6.27209396e-07 -2.66819900e-07  3.63364894e-07 -3.94384525e-07\n  9.41913214e-08 -2.81175083e-07]", "hess_inv": "[[ 3.38132499  0.03689991 -0.17995871  0.74144632 -0.40069255 -0.38623204]\n [ 0.03689991  4.24210742 -1.03698932 -1.22547384 -0.4511356  -0.21432616]\n [-0.17995871 -1.03698932  3.83698651  0.60621502 -0.18450864  0.04315575]\n [ 0.74144632 -1.22547384  0.60621502  3.90274416  0.01194888 -0.14468018]\n [-0.40069255 -0.4511356  -0.18450864  0.01194888  3.45675905  0.08606961]\n [-0.38623204 -0.21432616  0.04315575 -0.14468018  0.08606961  3.47776255]]", "nfev": "161", "njev": "23", "status": "0", "success": "True", "message": "Optimization terminated successfully.", "x": "[1.30198923 7.51096379 6.46720812 1.56243935 3.96724676 4.98427037]", "nit": "19", "callback": [0.3914665803165359]}, "13": {"maxiter": 500, "gtol": 1e-10, "xrtol": 1e-05, "eps": 1e-10, "duration": 0.03736281394958496, "fun": "0.39130550066887515", "jac": "[-1.11022293e-06 -2.22044587e-06  0.00000000e+00  1.11022293e-06\n  1.11022293e-06 -2.22044587e-06]", "hess_inv": "[[ 3.38551495  0.04113797 -0.18046981  0.74495161 -0.40877035 -0.39112039]\n [ 0.04113797  4.14603698 -1.10463621 -1.2863511  -0.46316356 -0.13074454]\n [-0.18046981 -1.10463621  3.75033969  0.55868679 -0.2321647   0.01088602]\n [ 0.74495161 -1.2863511   0.55868679  3.98672925 -0.00445726 -0.28560412]\n [-0.40877035 -0.46316356 -0.2321647  -0.00445726  3.44505799  0.08481001]\n [-0.39112039 -0.13074454  0.01088602 -0.28560412  0.08481001  3.57141431]]", "nfev": "161", "njev": "23", "status": "0", "success": "True", "message": "Optimization terminated successfully.", "x": "[1.30199064 7.51095887 6.46721205 1.5624505  3.96724957 4.98427013]", "nit": "19", "callback": [0.3914654968053186]}, "14": {"maxiter": 500, "gtol": 1e-10, "xrtol": 1e-10, "eps": 1e-05, "duration": 0.06554985046386719, "fun": "0.391305500670835", "jac": "[ 1.93844940e-08  5.02931030e-09  2.72892819e-08  9.10382880e-09\n  1.32116540e-08 -2.31814568e-08]", "hess_inv": "[[ 3.62066832 -0.09391996 -0.0147335   0.67254071 -0.38837171 -0.52427562]\n [-0.09391996  4.30927525 -1.13763716 -1.20533407 -0.46290243 -0.12889589]\n [-0.0147335  -1.13763716  3.92638855  0.51685989 -0.18800455 -0.02834222]\n [ 0.67254071 -1.20533407  0.51685989  3.85175354 -0.01194531 -0.06460885]\n [-0.38837171 -0.46290243 -0.18800455 -0.01194531  3.45154488  0.09054554]\n [-0.52427562 -0.12889589 -0.02834222 -0.06460885  0.09054554  3.53441333]]", "nfev": "285", "njev": "39", "status": "2", "success": "False", "message": "Desired error not necessarily achieved due to precision loss.", "x": "[1.30198717 7.51096492 6.46720672 1.56243998 3.96724667 4.98427154]", "nit": "20", "callback": [0.3914665803165359, 0.391305500670835]}, "15": {"maxiter": 500, "gtol": 1e-10, "xrtol": 1e-10, "eps": 1e-10, "duration": 0.07640480995178223, "fun": "0.39130550065472125", "jac": "[ 1.11022293e-06  1.11022293e-06  0.00000000e+00  1.11022293e-06\n -1.11022293e-06 -1.11022293e-06]", "hess_inv": "[[ 0.07731492  0.02187171  0.01891363 -0.0290534   0.04576964 -0.0850249 ]\n [ 0.02187171  0.02484143  0.01317027 -0.01754541 -0.01728409 -0.02529626]\n [ 0.01891363  0.01317027  0.02913353 -0.03422361 -0.00293439 -0.02730836]\n [-0.0290534  -0.01754541 -0.03422361  0.05391146 -0.01458507  0.04855044]\n [ 0.04576964 -0.01728409 -0.00293439 -0.01458507  0.11593108 -0.07636614]\n [-0.0850249  -0.02529626 -0.02730836  0.04855044 -0.07636614  0.11613313]]", "nfev": "336", "njev": "48", "status": "0", "success": "True", "message": "Optimization terminated successfully.", "x": "[1.30199381 7.51096899 6.46720901 1.56244546 3.9672489  4.98427462]", "nit": "33", "callback": [0.3914654968053186, 0.3913055006591426, 0.39130550065477765]}, "16": {"maxiter": 1000, "gtol": 1e-05, "xrtol": 1e-05, "eps": 1e-05, "duration": 0.03577995300292969, "fun": "0.3913055008065329", "jac": "[ 4.91087171e-06 -4.21453983e-06  2.39464004e-07 -6.46345200e-06\n -8.54871729e-07  1.58661972e-07]", "hess_inv": "[[ 3.39847923  0.07644232 -0.04512068  0.94323056 -0.34185399 -0.51538079]\n [ 0.07644232  4.18245637 -1.10364965 -1.39549139 -0.49410181 -0.14619127]\n [-0.04512068 -1.10364965  3.9519767   0.6024237  -0.1690697  -0.05625114]\n [ 0.94323056 -1.39549139  0.6024237   3.60114124 -0.04815782 -0.12299176]\n [-0.34185399 -0.49410181 -0.1690697  -0.04815782  3.44706013  0.07635948]\n [-0.51538079 -0.14619127 -0.05625114 -0.12299176  0.07635948  3.56257456]]", "nfev": "154", "njev": "22", "status": "0", "success": "True", "message": "Optimization terminated successfully.", "x": "[1.30200112 7.51095412 6.46720877 1.56242304 3.96724363 4.9842708 ]", "nit": "18", "callback": [0.3914665803165359]}, "17": {"maxiter": 1000, "gtol": 1e-05, "xrtol": 1e-05, "eps": 1e-10, "duration": 0.03530120849609375, "fun": "0.391305500741457", "jac": "[ 5.55111466e-06 -2.22044587e-06  2.22044587e-06 -6.66133760e-06\n  0.00000000e+00  1.11022293e-06]", "hess_inv": "[[ 3.40425698  0.10485483 -0.04063455  0.93915372 -0.35930994 -0.54631861]\n [ 0.10485483  4.13550131 -1.0663761  -1.3643862  -0.46794186 -0.12113526]\n [-0.04063455 -1.0663761   3.95243095  0.58692373 -0.1959221  -0.11319842]\n [ 0.93915372 -1.3643862   0.58692373  3.5996324  -0.05398189 -0.14770339]\n [-0.35930994 -0.46794186 -0.1959221  -0.05398189  3.44393722  0.08422788]\n [-0.54631861 -0.12113526 -0.11319842 -0.14770339  0.08422788  3.585975  ]]", "nfev": "154", "njev": "22", "status": "0", "success": "True", "message": "Optimization terminated successfully.", "x": "[1.30200355 7.51095586 6.46721812 1.56243186 3.96724794 4.98427414]", "nit": "18", "callback": [0.3914654968053186]}, "18": {"maxiter": 1000, "gtol": 1e-05, "xrtol": 1e-10, "eps": 1e-05, "duration": 0.035050153732299805, "fun": "0.3913055008065329", "jac": "[ 4.91087171e-06 -4.21453983e-06  2.39464004e-07 -6.46345200e-06\n -8.54871729e-07  1.58661972e-07]", "hess_inv": "[[ 3.39847923  0.07644232 -0.04512068  0.94323056 -0.34185399 -0.51538079]\n [ 0.07644232  4.18245637 -1.10364965 -1.39549139 -0.49410181 -0.14619127]\n [-0.04512068 -1.10364965  3.9519767   0.6024237  -0.1690697  -0.05625114]\n [ 0.94323056 -1.39549139  0.6024237   3.60114124 -0.04815782 -0.12299176]\n [-0.34185399 -0.49410181 -0.1690697  -0.04815782  3.44706013  0.07635948]\n [-0.51538079 -0.14619127 -0.05625114 -0.12299176  0.07635948  3.56257456]]", "nfev": "154", "njev": "22", "status": "0", "success": "True", "message": "Optimization terminated successfully.", "x": "[1.30200112 7.51095412 6.46720877 1.56242304 3.96724363 4.9842708 ]", "nit": "18", "callback": [0.3914665803165359]}, "19": {"maxiter": 1000, "gtol": 1e-05, "xrtol": 1e-10, "eps": 1e-10, "duration": 0.035598039627075195, "fun": "0.391305500741457", "jac": "[ 5.55111466e-06 -2.22044587e-06  2.22044587e-06 -6.66133760e-06\n  0.00000000e+00  1.11022293e-06]", "hess_inv": "[[ 3.40425698  0.10485483 -0.04063455  0.93915372 -0.35930994 -0.54631861]\n [ 0.10485483  4.13550131 -1.0663761  -1.3643862  -0.46794186 -0.12113526]\n [-0.04063455 -1.0663761   3.95243095  0.58692373 -0.1959221  -0.11319842]\n [ 0.93915372 -1.3643862   0.58692373  3.5996324  -0.05398189 -0.14770339]\n [-0.35930994 -0.46794186 -0.1959221  -0.05398189  3.44393722  0.08422788]\n [-0.54631861 -0.12113526 -0.11319842 -0.14770339  0.08422788  3.585975  ]]", "nfev": "154", "njev": "22", "status": "0", "success": "True", "message": "Optimization terminated successfully.", "x": "[1.30200355 7.51095586 6.46721812 1.56243186 3.96724794 4.98427414]", "nit": "18", "callback": [0.3914654968053186]}, "20": {"maxiter": 1000, "gtol": 1e-10, "