{"date": "2024/09/24/, 05:52:50", "conf_id": 293, "data_type": "var_s_rank\n", "num_data_points": 3, "s_rank": 0, "unitary": "[[-0.53618537-0.34368723j,-0.12107031-0.46226139j,-0.07699282-0.46603512j,0.36022595-0.11472301j],[0.26026499-0.63450712j,-0.56616638+0.37832564j,-0.14988651+0.08458591j,0.10363514-0.16008501j],[-0.32580188-0.11070003j,-0.36476308-0.23593218j,0.02559343+0.41761608j,-0.25598305+0.6725303j],[0.07406738-0.0126433j,0.28513701+0.19483972j,-0.74939717-0.10299659j,0.29798249+0.46269921j]]", "databatch_0": {"databatch": "[[[-0.14823512-0.14824569j,0.31054139-0.31421246j,-0.20793035+0.13904218j,-0.21460212-0.10703075j],[-0.05408428-0.07331355j,-0.31286879+0.02390852j,-0.18059781-0.06650018j,0.09416627-0.01257372j],[-0.0481474+0.08492443j,0.02212719+0.25087816j,0.31464176-0.11525556j,-0.08221583+0.23824947j],[0.06130852-0.1616395j,-0.00574203-0.16220744j,0.32144946-0.03096004j,-0.27907786+0.02857751j]],[[0.1323097-0.08688305j,0.07219385-0.104177j,0.17102628-0.25334767j,0.28463217+0.09258854j],[0.21511676-0.08010606j,-0.39879353+0.06361881j,0.05827291+0.05795531j,-0.00273387+0.09057573j],[-0.08021973-0.01343772j,-0.09679921+0.05509101j,0.09760954+0.2954342j,0.34205595+0.0709146j],[-0.15845751+0.32116479j,-0.14565066+0.07829776j,-0.05409341-0.36323521j,0.07010291+0.10896834j]],[[0.03019322-0.11967716j,0.12391585-0.04128252j,-0.22494226+0.26376932j,0.00937885-0.14993485j],[-0.20560998-0.07339097j,0.26544952+0.25922729j,-0.04178499+0.22125408j,-0.15585121+0.33780727j],[-0.10597055+0.05785752j,0.00224231-0.00239052j,0.2242928-0.00519325j,-0.05181839+0.1547473j],[-0.02341513-0.05534586j,0.05800386-0.34380646j,0.10999995+0.4002528j,0.03371584-0.24569517j]]]", "initial param values": "[3.43803546,0.61208324,2.14834251,0.68882917,4.15713191,2.13978386]", "nelder_mead": {"type": "gradient-free", "0": {"maxiter": 100, "fatol": 1e-05, "xatol": 1e-05, "duration": 0.03825092315673828, "fun": "0.547794880512477", "nit": "100", "nfev": "162", "status": "2", "success": "False", "message": "Maximum number of iterations has been exceeded.", "x": "[ 4.85990391  0.89286374  1.01265575  2.11348659  5.63658338 -0.24687456]", "final_simplex": "(array([[ 4.85990391,  0.89286374,  1.01265575,  2.11348659,  5.63658338,\n        -0.24687456],\n       [ 4.75512453,  0.88311268,  1.09057986,  2.11089556,  5.65091898,\n        -0.27872335],\n       [ 4.69792464,  0.8930945 ,  0.98648311,  2.06138766,  5.63830615,\n        -0.1764699 ],\n       [ 4.7842189 ,  0.89316809,  1.01748348,  2.13533764,  5.69477471,\n        -0.28629073],\n       [ 4.83597854,  0.89226201,  1.03303308,  2.14788605,  5.67475966,\n        -0.30322594],\n       [ 4.92639923,  0.90615573,  0.94622467,  2.10104994,  5.61161394,\n        -0.2207027 ],\n       [ 4.71014244,  0.88570125,  1.04303522,  2.0584102 ,  5.60025851,\n        -0.16564974]]), array([0.54779488, 0.54785334, 0.54836499, 0.54838909, 0.54864339,\n       0.54893478, 0.54893858]))", "callback": [0.8585775334008092, 0.7024647823066357, 0.6928007159697627, 0.6907366821947121, 0.686848889894117, 0.6746034273277048, 0.5852880334853661, 0.5677073227905114, 0.550811048108385]}, "1": {"maxiter": 100, "fatol": 1e-05, "xatol": 1e-10, "duration": 0.037513017654418945, "fun": "0.547794880512477", "nit": "100", "nfev": "162", "status": "2", "success": "False", "message": "Maximum number of iterations has been exceeded.", "x": "[ 4.85990391  0.89286374  1.01265575  2.11348659  5.63658338 -0.24687456]", "final_simplex": "(array([[ 4.85990391,  0.89286374,  1.01265575,  2.11348659,  5.63658338,\n        -0.24687456],\n       [ 4.75512453,  0.88311268,  1.09057986,  2.11089556,  5.65091898,\n        -0.27872335],\n       [ 4.69792464,  0.8930945 ,  0.98648311,  2.06138766,  5.63830615,\n        -0.1764699 ],\n       [ 4.7842189 ,  0.89316809,  1.01748348,  2.13533764,  5.69477471,\n        -0.28629073],\n       [ 4.83597854,  0.89226201,  1.03303308,  2.14788605,  5.67475966,\n        -0.30322594],\n       [ 4.92639923,  0.90615573,  0.94622467,  2.10104994,  5.61161394,\n        -0.2207027 ],\n       [ 4.71014244,  0.88570125,  1.04303522,  2.0584102 ,  5.60025851,\n        -0.16564974]]), array([0.54779488, 0.54785334, 0.54836499, 0.54838909, 0.54864339,\n       0.54893478, 0.54893858]))", "callback": [0.8585775334008092, 0.7024647823066357, 0.6928007159697627, 0.6907366821947121, 0.686848889894117, 0.6746034273277048, 0.5852880334853661, 0.5677073227905114, 0.550811048108385]}, "2": {"maxiter": 100, "fatol": 1e-10, "xatol": 1e-05, "duration": 0.03775739669799805, "fun": "0.547794880512477", "nit": "100", "nfev": "162", "status": "2", "success": "False", "message": "Maximum number of iterations has been exceeded.", "x": "[ 4.85990391  0.89286374  1.01265575  2.11348659  5.63658338 -0.24687456]", "final_simplex": "(array([[ 4.85990391,  0.89286374,  1.01265575,  2.11348659,  5.63658338,\n        -0.24687456],\n       [ 4.75512453,  0.88311268,  1.09057986,  2.11089556,  5.65091898,\n        -0.27872335],\n       [ 4.69792464,  0.8930945 ,  0.98648311,  2.06138766,  5.63830615,\n        -0.1764699 ],\n       [ 4.7842189 ,  0.89316809,  1.01748348,  2.13533764,  5.69477471,\n        -0.28629073],\n       [ 4.83597854,  0.89226201,  1.03303308,  2.14788605,  5.67475966,\n        -0.30322594],\n       [ 4.92639923,  0.90615573,  0.94622467,  2.10104994,  5.61161394,\n        -0.2207027 ],\n       [ 4.71014244,  0.88570125,  1.04303522,  2.0584102 ,  5.60025851,\n        -0.16564974]]), array([0.54779488, 0.54785334, 0.54836499, 0.54838909, 0.54864339,\n       0.54893478, 0.54893858]))", "callback": [0.8585775334008092, 0.7024647823066357, 0.6928007159697627, 0.6907366821947121, 0.686848889894117, 0.6746034273277048, 0.5852880334853661, 0.5677073227905114, 0.550811048108385]}, "3": {"maxiter": 100, "fatol": 1e-10, "xatol": 1e-10, "duration": 0.036580801010131836, "fun": "0.547794880512477", "nit": "100", "nfev": "162", "status": "2", "success": "False", "message": "Maximum number of iterations has been exceeded.", "x": "[ 4.85990391  0.89286374  1.01265575  2.11348659  5.63658338 -0.24687456]", "final_simplex": "(array([[ 4.85990391,  0.89286374,  1.01265575,  2.11348659,  5.63658338,\n        -0.24687456],\n       [ 4.75512453,  0.88311268,  1.09057986,  2.11089556,  5.65091898,\n        -0.27872335],\n       [ 4.69792464,  0.8930945 ,  0.98648311,  2.06138766,  5.63830615,\n        -0.1764699 ],\n       [ 4.7842189 ,  0.89316809,  1.01748348,  2.13533764,  5.69477471,\n        -0.28629073],\n       [ 4.83597854,  0.89226201,  1.03303308,  2.14788605,  5.67475966,\n        -0.30322594],\n       [ 4.92639923,  0.90615573,  0.94622467,  2.10104994,  5.61161394,\n        -0.2207027 ],\n       [ 4.71014244,  0.88570125,  1.04303522,  2.0584102 ,  5.60025851,\n        -0.16564974]]), array([0.54779488, 0.54785334, 0.54836499, 0.54838909, 0.54864339,\n       0.54893478, 0.54893858]))", "callback": [0.8585775334008092, 0.7024647823066357, 0.6928007159697627, 0.6907366821947121, 0.686848889894117, 0.6746034273277048, 0.5852880334853661, 0.5677073227905114, 0.550811048108385]}, "4": {"maxiter": 500, "fatol": 1e-05, "xatol": 1e-05, "duration": 0.17275404930114746, "fun": "0.43931600332696197", "nit": "476", "nfev": "753", "status": "0", "success": "True", "message": "Optimization terminated successfully.", "x": "[ 4.62604577 -0.19987269  1.02544816  1.55301872  4.95889941 -0.62590976]", "final_simplex": "(array([[ 4.62604577, -0.19987269,  1.02544816,  1.55301872,  4.95889941,\n        -0.62590976],\n       [ 4.62604724, -0.19988133,  1.02545237,  1.55302074,  4.95889228,\n        -0.62590902],\n       [ 4.62604711, -0.19987629,  1.02544476,  1.55302002,  4.9588971 ,\n        -0.62591547],\n       [ 4.62604921, -0.19987766,  1.02545207,  1.55302151,  4.95889841,\n        -0.62590908],\n       [ 4.62605268, -0.19986683,  1.02544809,  1.55302264,  4.95889634,\n        -0.62591154],\n       [ 4.62604465, -0.19987695,  1.02545366,  1.55302571,  4.95889186,\n        -0.62590654],\n       [ 4.62605067, -0.19987581,  1.02543837,  1.55302105,  4.95890631,\n        -0.62591223]]), array([0.439316, 0.439316, 0.439316, 0.439316, 0.439316, 0.439316,\n       0.439316]))", "callback": [0.8585775334008092, 0.7024647823066357, 0.6928007159697627, 0.6907366821947121, 0.686848889894117, 0.6746034273277048, 0.5852880334853661, 0.5677073227905114, 0.550811048108385, 0.5475934700832177, 0.5468989109112108, 0.5462596576656129, 0.5439959779958754, 0.5436033112738834, 0.5432582572248548, 0.5432582572248548, 0.5431902517055855, 0.5429998712931112, 0.5420565302325677, 0.5386494933950445, 0.5324203482747474, 0.5227736885073637, 0.4982276159140987, 0.4672057774809597, 0.4610681496998158, 0.46025121522492307, 0.4592459608350452, 0.45810675934904477, 0.4546851555028124, 0.4462541991373523, 0.44152648704458575, 0.4407992587717797, 0.4405821833674217, 0.4400068520490338, 0.43962589699270704, 0.43942748864377057, 0.4393377063839984, 0.4393219944448131, 0.4393173373228413, 0.4393162813117548, 0.439316056673431, 0.4393160104158136, 0.43931600667579873, 0.4393160045484279, 0.4393160035100382, 0.4393160033487361, 0.4393160033342093]}, "5": {"maxiter": 500, "fatol": 1e-05, "xatol": 1e-10, "duration": 0.1766808032989502, "fun": "0.43931600331999643", "nit": "500", "nfev": "790", "status": "2", "success": "False", "message": "Maximum number of iterations has been exceeded.", "x": "[ 4.62605084 -0.19987743  1.02544641  1.55301921  4.95889752 -0.62590831]", "final_simplex": "(array([[ 4.62605084, -0.19987743,  1.02544641,  1.55301921,  4.95889752,\n        -0.62590831],\n       [ 4.62604901, -0.19987838,  1.02544824,  1.55301799,  4.95889489,\n        -0.62590921],\n       [ 4.62604972, -0.19987596,  1.02544729,  1.55302116,  4.95889517,\n        -0.62590782],\n       [ 4.62604848, -0.19987583,  1.02544694,  1.55301905,  4.95889761,\n        -0.62590871],\n       [ 4.62604977, -0.19987688,  1.02544527,  1.55301929,  4.9588964 ,\n        -0.62591098],\n       [ 4.62604897, -0.19987844,  1.02544828,  1.55302013,  4.95889563,\n        -0.62590864],\n       [ 4.62605077, -0.19987476,  1.02544728,  1.55301963,  4.95889635,\n        -0.6259103 ]]), array([0.439316, 0.439316, 0.439316, 0.439316, 0.439316, 0.439316,\n       0.439316]))", "callback": [0.8585775334008092, 0.7024647823066357, 0.6928007159697627, 0.6907366821947121, 0.686848889894117, 0.6746034273277048, 0.5852880334853661, 0.5677073227905114, 0.550811048108385, 0.5475934700832177, 0.5468989109112108, 0.5462596576656129, 0.5439959779958754, 0.5436033112738834, 0.5432582572248548, 0.5432582572248548, 0.5431902517055855, 0.5429998712931112, 0.5420565302325677, 0.5386494933950445, 0.5324203482747474, 0.5227736885073637, 0.4982276159140987, 0.4672057774809597, 0.4610681496998158, 0.46025121522492307, 0.4592459608350452, 0.45810675934904477, 0.4546851555028124, 0.4462541991373523, 0.44152648704458575, 0.4407992587717797, 0.4405821833674217, 0.4400068520490338, 0.43962589699270704, 0.43942748864377057, 0.4393377063839984, 0.4393219944448131, 0.4393173373228413, 0.4393162813117548, 0.439316056673431, 0.4393160104158136, 0.43931600667579873, 0.4393160045484279, 0.4393160035100382, 0.4393160033487361, 0.4393160033342093, 0.4393160033246356, 0.4393160033210508]}, "6": {"maxiter": 500, "fatol": 1e-10, "xatol": 1e-05, "duration": 0.18027520179748535, "fun": "0.43931600332696197", "nit": "476", "nfev": "753", "status": "0", "success": "True", "message": "Optimization terminated successfully.", "x": "[ 4.62604577 -0.19987269  1.02544816  1.55301872  4.95889941 -0.62590976]", "final_simplex": "(array([[ 4.62604577, -0.19987269,  1.02544816,  1.55301872,  4.95889941,\n        -0.62590976],\n       [ 4.62604724, -0.19988133,  1.02545237,  1.55302074,  4.95889228,\n        -0.62590902],\n       [ 4.62604711, -0.19987629,  1.02544476,  1.55302002,  4.9588971 ,\n        -0.62591547],\n       [ 4.62604921, -0.19987766,  1.02545207,  1.55302151,  4.95889841,\n        -0.62590908],\n       [ 4.62605268, -0.19986683,  1.02544809,  1.55302264,  4.95889634,\n        -0.62591154],\n       [ 4.62604465, -0.19987695,  1.02545366,  1.55302571,  4.95889186,\n        -0.62590654],\n       [ 4.62605067, -0.19987581,  1.02543837,  1.55302105,  4.95890631,\n        -0.62591223]]), array([0.439316, 0.439316, 0.439316, 0.439316, 0.439316, 0.439316,\n       0.439316]))", "callback": [0.8585775334008092, 0.7024647823066357, 0.6928007159697627, 0.6907366821947121, 0.686848889894117, 0.6746034273277048, 0.5852880334853661, 0.5677073227905114, 0.550811048108385, 0.5475934700832177, 0.5468989109112108, 0.5462596576656129, 0.5439959779958754, 0.5436033112738834, 0.5432582572248548, 0.5432582572248548, 0.5431902517055855, 0.5429998712931112, 0.5420565302325677, 0.5386494933950445, 0.5324203482747474, 0.5227736885073637, 0.4982276159140987, 0.4672057774809597, 0.4610681496998158, 0.46025121522492307, 0.4592459608350452, 0.45810675934904477, 0.4546851555028124, 0.4462541991373523, 0.44152648704458575, 0.4407992587717797, 0.4405821833674217, 0.4400068520490338, 0.43962589699270704, 0.43942748864377057, 0.4393377063839984, 0.4393219944448131, 0.4393173373228413, 0.4393162813117548, 0.439316056673431, 0.4393160104158136, 0.43931600667579873, 0.4393160045484279, 0.4393160035100382, 0.4393160033487361, 0.4393160033342093]}, "7": {"maxiter": 500, "fatol": 1e-10, "xatol": 1e-10, "duration": 0.18451261520385742, "fun": "0.43931600331999643", "nit": "500", "nfev": "790", "status": "2", "success": "False", "message": "Maximum number of iterations has been exceeded.", "x": "[ 4.62605084 -0.19987743  1.02544641  1.55301921  4.95889752 -0.62590831]", "final_simplex": "(array([[ 4.62605084, -0.19987743,  1.02544641,  1.55301921,  4.95889752,\n        -0.62590831],\n       [ 4.62604901, -0.19987838,  1.02544824,  1.55301799,  4.95889489,\n        -0.62590921],\n       [ 4.62604972, -0.19987596,  1.02544729,  1.55302116,  4.95889517,\n        -0.62590782],\n       [ 4.62604848, -0.19987583,  1.02544694,  1.55301905,  4.95889761,\n        -0.62590871],\n       [ 4.62604977, -0.19987688,  1.02544527,  1.55301929,  4.9588964 ,\n        -0.62591098],\n       [ 4.62604897, -0.19987844,  1.02544828,  1.55302013,  4.95889563,\n        -0.62590864],\n       [ 4.62605077, -0.19987476,  1.02544728,  1.55301963,  4.95889635,\n        -0.6259103 ]]), array([0.439316, 0.439316, 0.439316, 0.439316, 0.439316, 0.439316,\n       0.439316]))", "callback": [0.8585775334008092, 0.7024647823066357, 0.6928007159697627, 0.6907366821947121, 0.686848889894117, 0.6746034273277048, 0.5852880334853661, 0.5677073227905114, 0.550811048108385, 0.5475934700832177, 0.5468989109112108, 0.5462596576656129, 0.5439959779958754, 0.5436033112738834, 0.5432582572248548, 0.5432582572248548, 0.5431902517055855, 0.5429998712931112, 0.5420565302325677, 0.5386494933950445, 0.5324203482747474, 0.5227736885073637, 0.4982276159140987, 0.4672057774809597, 0.4610681496998158, 0.46025121522492307, 0.4592459608350452, 0.45810675934904477, 0.4546851555028124, 0.4462541991373523, 0.44152648704458575, 0.4407992587717797, 0.4405821833674217, 0.4400068520490338, 0.43962589699270704, 0.43942748864377057, 0.4393377063839984, 0.4393219944448131, 0.4393173373228413, 0.4393162813117548, 0.439316056673431, 0.4393160104158136, 0.43931600667579873, 0.4393160045484279, 0.4393160035100382, 0.4393160033487361, 0.4393160033342093, 0.4393160033246356, 0.4393160033210508]}, "8": {"maxiter": 1000, "fatol": 1e-05, "xatol": 1e-05, "duration": 0.17239809036254883, "fun": "0.43931600332696197", "nit": "476", "nfev": "753", "status": "0", "success": "True", "message": "Optimization terminated successfully.", "x": "[ 4.62604577 -0.19987269  1.02544816  1.55301872  4.95889941 -0.62590976]", "final_simplex": "(array([[ 4.62604577, -0.19987269,  1.02544816,  1.55301872,  4.95889941,\n        -0.62590976],\n       [ 4.62604724, -0.19988133,  1.02545237,  1.55302074,  4.95889228,\n        -0.62590902],\n       [ 4.62604711, -0.19987629,  1.02544476,  1.55302002,  4.9588971 ,\n        -0.62591547],\n       [ 4.62604921, -0.19987766,  1.02545207,  1.55302151,  4.95889841,\n        -0.62590908],\n       [ 4.62605268, -0.19986683,  1.02544809,  1.55302264,  4.95889634,\n        -0.62591154],\n       [ 4.62604465, -0.19987695,  1.02545366,  1.55302571,  4.95889186,\n        -0.62590654],\n       [ 4.62605067, -0.19987581,  1.02543837,  1.55302105,  4.95890631,\n        -0.62591223]]), array([0.439316, 0.439316, 0.439316, 0.439316, 0.439316, 0.439316,\n       0.439316]))", "callback": [0.8585775334008092, 0.7024647823066357, 0.6928007159697627, 0.6907366821947121, 0.686848889894117, 0.6746034273277048, 0.5852880334853661, 0.5677073227905114, 0.550811048108385, 0.5475934700832177, 0.5468989109112108, 0.5462596576656129, 0.5439959779958754, 0.5436033112738834, 0.5432582572248548, 0.5432582572248548, 0.5431902517055855, 0.5429998712931112, 0.5420565302325677, 0.5386494933950445, 0.5324203482747474, 0.5227736885073637, 0.4982276159140987, 0.4672057774809597, 0.4610681496998158, 0.46025121522492307, 0.4592459608350452, 0.45810675934904477, 0.4546851555028124, 0.4462541991373523, 0.44152648704458575, 0.4407992587717797, 0.4405821833674217, 0.4400068520490338, 0.43962589699270704, 0.43942748864377057, 0.4393377063839984, 0.4393219944448131, 0.4393173373228413, 0.4393162813117548, 0.439316056673431, 0.4393160104158136, 0.43931600667579873, 0.4393160045484279, 0.4393160035100382, 0.4393160033487361, 0.4393160033342093]}, "9": {"maxiter": 1000, "fatol": 1e-05, "xatol": 1e-10, "duration": 0.2506377696990967, "fun": "0.4393160033180964", "nit": "606", "nfev": "1009", "status": "0", "success": "True", "message": "Optimization terminated successfully.", "x": "[ 4.62605039 -0.19987846  1.02544467  1.5530176   4.95889511 -0.62590608]", "final_simplex": "(array([[ 4.62605039, -0.19987846,  1.02544467,  1.5530176 ,  4.95889511,\n        -0.62590608],\n       [ 4.62605039, -0.19987846,  1.02544467,  1.5530176 ,  4.95889511,\n        -0.62590608],\n       [ 4.62605039, -0.19987846,  1.02544467,  1.5530176 ,  4.95889511,\n        -0.62590608],\n       [ 4.62605039, -0.19987846,  1.02544467,  1.5530176 ,  4.95889511,\n        -0.62590608],\n       [ 4.62605039, -0.19987846,  1.02544467,  1.5530176 ,  4.95889511,\n        -0.62590608],\n       [ 4.62605039, -0.19987846,  1.02544467,  1.5530176 ,  4.95889511,\n        -0.62590608],\n       [ 4.62605039, -0.19987846,  1.02544467,  1.5530176 ,  4.95889511,\n        -0.62590608]]), array([0.439316, 0.439316, 0.439316, 0.439316, 0.439316, 0.439316,\n       0.439316]))", "callback": [0.8585775334008092, 0.7024647823066357, 0.6928007159697627, 0.6907366821947121, 0.686848889894117, 0.6746034273277048, 0.5852880334853661, 0.5677073227905114, 0.550811048108385, 0.5475934700832177, 0.5468989109112108, 0.5462596576656129, 0.5439959779958754, 0.5436033112738834, 0.5432582572248548, 0.5432582572248548, 0.5431902517055855, 0.5429998712931112, 0.5420565302325677, 0.5386494933950445, 0.5324203482747474, 0.5227736885073637, 0.4982276159140987, 0.4672057774809597, 0.4610681496998158, 0.46025121522492307, 0.4592459608350452, 0.45810675934904477, 0.4546851555028124, 0.4462541991373523, 0.44152648704458575, 0.4407992587717797, 0.4405821833674217, 0.4400068520490338, 0.43962589699270704, 0.43942748864377057, 0.4393377063839984, 0.4393219944448131, 0.4393173373228413, 0.4393162813117548, 0.439316056673431, 0.4393160104158136, 0.43931600667579873, 0.4393160045484279, 0.4393160035100382, 0.4393160033487361, 0.4393160033342093, 0.4393160033246356, 0.4393160033210508, 0.43931600331999643, 0.43931600331895837, 0.43931600331827336, 0.43931600331816445, 0.43931600331814624, 0.4393160033181036, 0.4393160033180984, 0.43931600331809706, 0.4393160033180967, 0.4393160033180964, 0.4393160033180964]}, "10": {"maxiter": 1000, "fatol": 1e-10, "xatol": 1e-05, "duration": 0.17817902565002441, "fun": "0.43931600332696197", "nit": "476", "nfev": "753", "status": "0", "success": "True", "message": "Optimization terminated successfully.", "x": "[ 4.62604577 -0.19987269  1.02544816  1.55301872  4.95889941 -0.62590976]", "final_simplex": "(array([[ 4.62604577, -0.19987269,  1.02544816,  1.55301872,  4.95889941,\n        -0.62590976],\n       [ 4.62604724, -0.19988133,  1.02545237,  1.55302074,  4.95889228,\n        -0.62590902],\n       [ 4.62604711, -0.19987629,  1.02544476,  1.55302002,  4.9588971 ,\n        -0.62591547],\n       [ 4.62604921, -0.19987766,  1.02545207,  1.55302151,  4.95889841,\n        -0.62590908],\n       [ 4.62605268, -0.19986683,  1.02544809,  1.55302264,  4.95889634,\n        -0.62591154],\n       [ 4.62604465, -0.19987695,  1.02545366,  1.55302571,  4.95889186,\n        -0.62590654],\n       [ 4.62605067, -0.19987581,  1.02543837,  1.55302105,  4.95890631,\n        -0.62591223]]), array([0.439316, 0.439316, 0.439316, 0.439316, 0.439316, 0.439316,\n       0.439316]))", "callback": [0.8585775334008092, 0.7024647823066357, 0.6928007159697627, 0.6907366821947121, 0.686848889894117, 0.6746034273277048, 0.5852880334853661, 0.5677073227905114, 0.550811048108385, 0.5475934700832177, 0.5468989109112108, 0.5462596576656129, 0.5439959779958754, 0.5436033112738834, 0.5432582572248548, 0.5432582572248548, 0.5431902517055855, 0.5429998712931112, 0.5420565302325677, 0.5386494933950445, 0.5324203482747474, 0.5227736885073637, 0.4982276159140987, 0.4672057774809597, 0.4610681496998158, 0.46025121522492307, 0.4592459608350452, 0.45810675934904477, 0.4546851555028124, 0.4462541991373523, 0.44152648704458575, 0.4407992587717797, 0.4405821833674217, 0.4400068520490338, 0.43962589699270704, 0.43942748864377057, 0.4393377063839984, 0.4393219944448131, 0.4393173373228413, 0.4393162813117548, 0.439316056673431, 0.4393160104158136, 0.43931600667579873, 0.4393160045484279, 0.4393160035100382, 0.4393160033487361, 0.4393160033342093]}, "11": {"maxiter": 1000, "fatol": 1e-10, "xatol": 1e-10, "duration": 0.22862911224365234, "fun": "0.4393160033180964", "nit": "606", "nfev": "1009", "status": "0", "success": "True", "message": "Optimization terminated successfully.", "x": "[ 4.62605039 -0.19987846  1.02544467  1.5530176   4.95889511 -0.62590608]", "final_simplex": "(array([[ 4.62605039, -0.19987846,  1.02544467,  1.5530176 ,  4.95889511,\n        -0.62590608],\n       [ 4.62605039, -0.19987846,  1.02544467,  1.5530176 ,  4.95889511,\n        -0.62590608],\n       [ 4.62605039, -0.19987846,  1.02544467,  1.5530176 ,  4.95889511,\n        -0.62590608],\n       [ 4.62605039, -0.19987846,  1.02544467,  1.5530176 ,  4.95889511,\n        -0.62590608],\n       [ 4.62605039, -0.19987846,  1.02544467,  1.5530176 ,  4.95889511,\n        -0.62590608],\n       [ 4.62605039, -0.19987846,  1.02544467,  1.5530176 ,  4.95889511,\n        -0.62590608],\n       [ 4.62605039, -0.19987846,  1.02544467,  1.5530176 ,  4.95889511,\n        -0.62590608]]), array([0.439316, 0.439316, 0.439316, 0.439316, 0.439316, 0.439316,\n       0.439316]))", "callback": [0.8585775334008092, 0.7024647823066357, 0.6928007159697627, 0.6907366821947121, 0.686848889894117, 0.6746034273277048, 0.5852880334853661, 0.5677073227905114, 0.550811048108385, 0.5475934700832177, 0.5468989109112108, 0.5462596576656129, 0.5439959779958754, 0.5436033112738834, 0.5432582572248548, 0.5432582572248548, 0.5431902517055855, 0.5429998712931112, 0.5420565302325677, 0.5386494933950445, 0.5324203482747474, 0.5227736885073637, 0.4982276159140987, 0.4672057774809597, 0.4610681496998158, 0.46025121522492307, 0.4592459608350452, 0.45810675934904477, 0.4546851555028124, 0.4462541991373523, 0.44152648704458575, 0.4407992587717797, 0.4405821833674217, 0.4400068520490338, 0.43962589699270704, 0.43942748864377057, 0.4393377063839984, 0.4393219944448131, 0.4393173373228413, 0.4393162813117548, 0.439316056673431, 0.4393160104158136, 0.43931600667579873, 0.4393160045484279, 0.4393160035100382, 0.4393160033487361, 0.4393160033342093, 0.4393160033246356, 0.4393160033210508, 0.43931600331999643, 0.43931600331895837, 0.43931600331827336, 0.43931600331816445, 0.43931600331814624, 0.4393160033181036, 0.4393160033180984, 0.43931600331809706, 0.4393160033180967, 0.4393160033180964, 0.4393160033180964]}}, "bfgs": {"type": "gradient", "0": {"maxiter": 100, "gtol": 1e-05, "xrtol": 1e-05, "eps": 1e-05, "duration": 0.06706786155700684, "fun": "0.4393160033796435", "jac": "[-1.72738490e-06 -1.65357728e-06  3.79369869e-06  1.04937170e-06\n  3.64815955e-06  4.07907041e-06]", "hess_inv": "[[ 3.72386094  0.171798    0.07972181  0.70839365  0.00596303  0.49978962]\n [ 0.171798    5.14543483  0.08959738  1.42221653  1.97448603 -0.67707734]\n [ 0.07972181  0.08959738  4.51939429  0.90668773 -1.74410974 -0.93667791]\n [ 0.70839365  1.42221653  0.90668773  4.46123311  0.18274385 -0.01568493]\n [ 0.00596303  1.97448603 -1.74410974  0.18274385  5.02080086 -0.52952978]\n [ 0.49978962 -0.67707734 -0.93667791 -0.01568493 -0.52952978  4.52475114]]", "nfev": "280", "njev": "40", "status": "0", "success": "True", "message": "Optimization terminated successfully.", "x": "[ 4.62603984 -0.19989277  1.0254491   1.5530131   4.95889566 -0.62589391]", "nit": "32", "callback": [0.6628259340073535, 0.49931539856626883, 0.43931630414727785]}, "1": {"maxiter": 100, "gtol": 1e-05, "xrtol": 1e-05, "eps": 1e-10, "duration": 0.06649661064147949, "fun": "0.4393160034108171", "jac": "[-2.22044587e-06 -1.11022293e-06  4.44089173e-06  1.11022293e-06\n  4.44089173e-06  2.22044587e-06]", "hess_inv": "[[ 3.72962024e+00  1.63469345e-01  8.18144261e-02  7.04856293e-01\n  -2.18979963e-03  4.98624365e-01]\n [ 1.63469345e-01  5.15620497e+00  8.65315054e-02  1.41621541e+00\n   1.99182620e+00 -6.82544117e-01]\n [ 8.18144261e-02  8.65315054e-02  4.52469642e+00  9.18711567e-01\n  -1.75444440e+00 -9.33220946e-01]\n [ 7.04856293e-01  1.41621541e+00  9.18711567e-01  4.43439480e+00\n   1.87279976e-01 -3.27905428e-02]\n [-2.18979963e-03  1.99182620e+00 -1.75444440e+00  1.87279976e-01\n   5.04371518e+00 -5.25221162e-01]\n [ 4.98624365e-01 -6.82544117e-01 -9.33220946e-01 -3.27905428e-02\n  -5.25221162e-01  4.51469836e+00]]", "nfev": "280", "njev": "40", "status": "0", "success": "True", "message": "Optimization terminated successfully.", "x": "[ 4.6260475  -0.19987557  1.02546059  1.55302397  4.95890485 -0.62589342]", "nit": "32", "callback": [0.6628252652942404, 0.49918315192005813, 0.439316290060379]}, "2": {"maxiter": 100, "gtol": 1e-05, "xrtol": 1e-10, "eps": 1e-05, "duration": 0.0661778450012207, "fun": "0.4393160033796435", "jac": "[-1.72738490e-06 -1.65357728e-06  3.79369869e-06  1.04937170e-06\n  3.64815955e-06  4.07907041e-06]", "hess_inv": "[[ 3.72386094  0.171798    0.07972181  0.70839365  0.00596303  0.49978962]\n [ 0.171798    5.14543483  0.08959738  1.42221653  1.97448603 -0.67707734]\n [ 0.07972181  0.08959738  4.51939429  0.90668773 -1.74410974 -0.93667791]\n [ 0.70839365  1.42221653  0.90668773  4.46123311  0.18274385 -0.01568493]\n [ 0.00596303  1.97448603 -1.74410974  0.18274385  5.02080086 -0.52952978]\n [ 0.49978962 -0.67707734 -0.93667791 -0.01568493 -0.52952978  4.52475114]]", "nfev": "280", "njev": "40", "status": "0", "success": "True", "message": "Optimization terminated successfully.", "x": "[ 4.62603984 -0.19989277  1.0254491   1.5530131   4.95889566 -0.62589391]", "nit": "32", "callback": [0.6628259340073535, 0.49931539856626883, 0.43931630414727785]}, "3": {"maxiter": 100, "gtol": 1e-05, "xrtol": 1e-10, "eps": 1e-10, "duration": 0.06664609909057617, "fun": "0.4393160034108171", "jac": "[-2.22044587e-06 -1.11022293e-06  4.44089173e-06  1.11022293e-06\n  4.44089173e-06  2.22044587e-06]", "hess_inv": "[[ 3.72962024e+00  1.63469345e-01  8.18144261e-02  7.04856293e-01\n  -2.18979963e-03  4.98624365e-01]\n [ 1.63469345e-01  5.15620497e+00  8.65315054e-02  1.41621541e+00\n   1.99182620e+00 -6.82544117e-01]\n [ 8.18144261e-02  8.65315054e-02  4.52469642e+00  9.18711567e-01\n  -1.75444440e+00 -9.33220946e-01]\n [ 7.04856293e-01  1.41621541e+00  9.18711567e-01  4.43439480e+00\n   1.87279976e-01 -3.27905428e-02]\n [-2.18979963e-03  1.99182620e+00 -1.75444440e+00  1.87279976e-01\n   5.04371518e+00 -5.25221162e-01]\n [ 4.98624365e-01 -6.82544117e-01 -9.33220946e-01 -3.27905428e-02\n  -5.25221162e-01  4.51469836e+00]]", "nfev": "280", "njev": "40", "status": "0", "success": "True", "message": "Optimization terminated successfully.", "x": "[ 4.6260475  -0.19987557  1.02546059  1.55302397  4.95890485 -0.62589342]", "nit": "32", "callback": [0.6628252652942404, 0.49918315192005813, 0.439316290060379]}, "4": {"maxiter": 100, "gtol": 1e-10, "xrtol": 1e-05, "eps": 1e-05, "duration": 0.06654024124145508, "fun": "0.4393160033435115", "jac": "[ 1.64412928e-07 -9.43023437e-08  5.69877479e-08  1.03927977e-07\n  9.60120872e-08  3.15181214e-07]", "hess_inv": "[[ 3.72281935  0.19926689  0.02608156  0.63500996 -0.0183518   0.37099903]\n [ 0.19926689  5.14396875  0.07260863  1.43807235  1.94460239 -0.68013355]\n [ 0.02608156  0.07260863  4.59187999  0.9284313  -1.6673256  -0.83736076]\n [ 0.63500996  1.43807235  0.9284313   4.38717543  0.25149537 -0.06366213]\n [-0.0183518   1.94460239 -1.6673256   0.25149537  5.07619911 -0.38019923]\n [ 0.37099903 -0.68013355 -0.83736076 -0.06366213 -0.38019923  4.58577495]]", "nfev": "287", "njev": "41", "status": "0", "success": "True", "message": "Optimization terminated successfully.", "x": "[ 4.62604439 -0.19989002  1.02544037  1.55300779  4.95888794 -0.62590847]", "nit": "33", "callback": [0.6628259340073535, 0.49931539856626883, 0.43931630414727785]}, "5": {"maxiter": 100, "gtol": 1e-10, "xrtol": 1e-05, "eps": 1e-10, "duration": 0.06608104705810547, "fun": "0.43931600333152887", "jac": "[2.22044587e-06 1.11022293e-06 1.11022293e-06 0.00000000e+00\n 1.11022293e-06 2.22044587e-06]", "hess_inv": "[[ 3.76608847  0.13240712 -0.0218021   0.6182025  -0.09178403  0.47265022]\n [ 0.13240712  5.16498843  0.11836853  1.42135063  2.03581884 -0.67109745]\n [-0.0218021   0.11836853  4.63899743  0.94570065 -1.60305487 -0.89350461]\n [ 0.6182025   1.42135063  0.94570065  4.37346643  0.27458806 -0.01255825]\n [-0.09178403  2.03581884 -1.60305487  0.27458806  5.20472479 -0.4809335 ]\n [ 0.47265022 -0.67109745 -0.89350461 -0.01255825 -0.4809335   4.52674805]]", "nfev": "287", "njev": "41", "status": "0", "success": "True", "message": "Optimization terminated successfully.", "x": "[ 4.62605478 -0.19987919  1.02544812  1.55301667  4.95889167 -0.62589705]", "nit": "33", "callback": [0.6628252652942404, 0.49918315192005813, 0.439316290060379]}, "6": {"maxiter": 100, "gtol": 1e-10, "xrtol": 1e-10, "eps": 1e-05, "duration": 0.12979483604431152, "fun": "0.4393160033435115", "jac": "[ 1.64412928e-07 -9.43023437e-08  5.69877479e-08  1.03927977e-07\n  9.60120872e-08  3.15181214e-07]", "hess_inv": "[[ 3.66353576  0.19071082  0.09119104  0.65667033  0.03331895  0.42496712]\n [ 0.19071082  5.15524141  0.05964271  1.41936535  1.92956097 -0.73471433]\n [ 0.09119104  0.05964271  4.5603557   0.94367886 -1.68384745 -0.78511849]\n [ 0.65667033  1.41936535  0.94367886  4.41737331  0.27189034  0.02549216]\n [ 0.03331895  1.92956097 -1.68384745  0.27189034  5.07163481 -0.31504525]\n [ 0.42496712 -0.73471433 -0.78511849  0.02549216 -0.31504525  4.84765704]]", "nfev": "578", "njev": "81", "status": "2", "success": "False", "message": "Desired error not necessarily achieved due to precision loss.", "x": "[ 4.62604439 -0.19989002  1.02544037  1.55300779  4.95888794 -0.62590847]", "nit": "33", "callback": [0.6628259340073535, 0.49931539856626883, 0.43931630414727785]}, "7": {"maxiter": 100, "gtol": 1e-10, "xrtol": 1e-10, "eps": 1e-10, "duration": 0.08076000213623047, "fun": "0.43931600332387866", "jac": "[0. 0. 0. 0. 0. 0.]", "hess_inv": "[[ 2.22357445e+00 -3.15020662e+00 -6.75055293e-02  1.48407128e-01\n   8.29428403e-01  6.19625314e-01]\n [-3.15020662e+00  5.79443630e+00 -3.93779068e-01 -9.73609983e-02\n  -4.03789423e-01 -3.50165383e-01]\n [-6.75055293e-02 -3.93779068e-01  4.27300254e+00  7.82195538e-02\n  -7.33876217e-01 -6.87773637e-01]\n [ 1.48407128e-01 -9.73609983e-02  7.82195538e-02  1.86039599e-01\n   9.75938384e-03 -2.40495208e-03]\n [ 8.29428403e-01 -4.03789423e-01 -7.33876217e-01  9.75938384e-03\n   1.29211505e+00  9.11574966e-01]\n [ 6.19625314e-01 -3.50165383e-01 -6.87773637e-01 -2.40495208e-03\n   9.11574966e-01  1.31662261e+00]]", "nfev": "350", "njev": "50", "status": "0", "success": "True", "message": "Optimization terminated successfully.", "x": "[ 4.62605045 -0.19988417  1.02544368  1.553013    4.95889063 -0.62590254]", "nit": "39", "callback": [0.6628252652942404, 0.49918315192005813, 0.439316290060379]}, "8": {"maxiter": 500, "gtol": 1e-05, "xrtol": 1e-05, "eps": 1e-05, "duration": 0.06387495994567871, "fun": "0.4393160033796435", "jac": "[-1.72738490e-06 -1.65357728e-06  3.79369869e-06  1.04937170e-06\n  3.64815955e-06  4.07907041e-06]", "hess_inv": "[[ 3.72386094  0.171798    0.07972181  0.70839365  0.00596303  0.49978962]\n [ 0.171798    5.14543483  0.08959738  1.42221653  1.97448603 -0.67707734]\n [ 0.07972181  0.08959738  4.51939429  0.90668773 -1.74410974 -0.93667791]\n [ 0.70839365  1.42221653  0.90668773  4.46123311  0.18274385 -0.01568493]\n [ 0.00596303  1.97448603 -1.74410974  0.18274385  5.02080086 -0.52952978]\n [ 0.49978962 -0.67707734 -0.93667791 -0.01568493 -0.52952978  4.52475114]]", "nfev": "280", "njev": "40", "status": "0", "success": "True", "message": "Optimization terminated successfully.", "x": "[ 4.62603984 -0.19989277  1.0254491   1.5530131   4.95889566 -0.62589391]", "nit": "32", "callback": [0.6628259340073535, 0.49931539856626883, 0.43931630414727785]}, "9": {"maxiter": 500, "gtol": 1e-05, "xrtol": 1e-05, "eps": 1e-10, "duration": 0.06426286697387695, "fun": "0.4393160034108171", "jac": "[-2.22044587e-06 -1.11022293e-06  4.44089173e-06  1.11022293e-06\n  4.44089173e-06  2.22044587e-06]", "hess_inv": "[[ 3.72962024e+00  1.63469345e-01  8.18144261e-02  7.04856293e-01\n  -2.18979963e-03  4.98624365e-01]\n [ 1.63469345e-01  5.15620497e+00  8.65315054e-02  1.41621541e+00\n   1.99182620e+00 -6.82544117e-01]\n [ 8.18144261e-02  8.65315054e-02  4.52469642e+00  9.18711567e-01\n  -1.75444440e+00 -9.33220946e-01]\n [ 7.04856293e-01  1.41621541e+00  9.18711567e-01  4.43439480e+00\n   1.87279976e-01 -3.27905428e-02]\n [-2.18979963e-03  1.99182620e+00 -1.75444440e+00  1.87279976e-01\n   5.04371518e+00 -5.25221162e-01]\n [ 4.98624365e-01 -6.82544117e-01 -9.33220946e-01 -3.27905428e-02\n  -5.25221162e-01  4.51469836e+00]]", "nfev": "280", "njev": "40", "status": "0", "success": "True", "message": "Optimization terminated successfully.", "x": "[ 4.6260475  -0.19987557  1.02546059  1.55302397  4.95890485 -0.62589342]", "nit": "32", "callback": [0.6628252652942404, 0.49918315192005813, 0.439316290060379]}, "10": {"maxiter": 500, "gtol": 1e-05, "xrtol": 1e-10, "eps": 1e-05, "duration": 0.06439018249511719, "fun": "0.4393160033796435", "jac": "[-1.72738490e-06 -1.65357728e-06  3.79369869e-06  1.04937170e-06\n  3.64815955e-06  4.07907041e-06]", "hess_inv": "[[ 3.72386094  0.171798    0.07972181  0.70839365  0.00596303  0.49978962]\n [ 0.171798    5.14543483  0.08959738  1.42221653  1.97448603 -0.67707734]\n [ 0.07972181  0.08959738  4.51939429  0.90668773 -1.74410974 -0.93667791]\n [ 0.70839365  1.42221653  0.90668773  4.46123311  0.18274385 -0.01568493]\n [ 0.00596303  1.97448603 -1.74410974  0.18274385  5.02080086 -0.52952978]\n [ 0.49978962 -0.67707734 -0.93667791 -0.01568493 -0.52952978  4.52475114]]", "nfev": "280", "njev": "40", "status": "0", "success": "True", "message": "Optimization terminated successfully.", "x": "[ 4.62603984 -0.19989277  1.0254491   1.5530131   4.95889566 -0.62589391]", "nit": "32", "callback": [0.6628259340073535, 0.49931539856626883, 0.43931630414727785]}, "11": {"maxiter": 500, "gtol": 1e-05, "xrtol": 1e-10, "eps": 1e-10, "duration": 0.0647287368774414, "fun": "0.4393160034108171", "jac": "[-2.22044587e-06 -1.11022293e-06  4.44089173e-06  1.11022293e-06\n  4.44089173e-06  2.22044587e-06]", "hess_inv": "[[ 3.72962024e+00  1.63469345e-01  8.18144261e-02  7.04856293e-01\n  -2.18979963e-03  4.98624365e-01]\n [ 1.63469345e-01  5.15620497e+00  8.65315054e-02  1.41621541e+00\n   1.99182620e+00 -6.82544117e-01]\n [ 8.18144261e-02  8.65315054e-02  4.52469642e+00  9.18711567e-01\n  -1.75444440e+00 -9.33220946e-01]\n [ 7.04856293e-01  1.41621541e+00  9.18711567e-01  4.43439480e+00\n   1.87279976e-01 -3.27905428e-02]\n [-2.18979963e-03  1.99182620e+00 -1.75444440e+00  1.87279976e-01\n   5.04371518e+00 -5.25221162e-01]\n [ 4.98624365e-01 -6.82544117e-01 -9.33220946e-01 -3.27905428e-02\n  -5.25221162e-01  4.51469836e+00]]", "nfev": "280", "njev": "40", "status": "0", "success": "True", "message": "Optimization terminated successfully.", "x": "[ 4.6260475  -0.19987557  1.02546059  1.55302397  4.95890485 -0.62589342]", "nit": "32", "callback": [0.6628252652942404, 0.49918315192005813, 0.439316290060379]}, "12": {"maxiter": 500, "gtol": 1e-10, "xrtol": 1e-05, "eps": 1e-05, "duration": 0.0662081241607666, "fun": "0.4393160033435115", "jac": "[ 1.64412928e-07 -9.43023437e-08  5.69877479e-08  1.03927977e-07\n  9.60120872e-08  3.15181214e-07]", "hess_inv": "[[ 3.72281935  0.19926689  0.02608156  0.63500996 -0.0183518   0.37099903]\n [ 0.19926689  5.14396875  0.07260863  1.43807235  1.94460239 -0.68013355]\n [ 0.02608156  0.07260863  4.59187999  0.9284313  -1.6673256  -0.83736076]\n [ 0.63500996  1.43807235  0.9284313   4.38717543  0.25149537 -0.06366213]\n [-0.0183518   1.94460239 -1.6673256   0.25149537  5.07619911 -0.38019923]\n [ 0.37099903 -0.68013355 -0.83736076 -0.06366213 -0.38019923  4.58577495]]", "nfev": "287", "njev": "41", "status": "0", "success": "True", "message": "Optimization terminated successfully.", "x": "[ 4.62604439 -0.19989002  1.02544037  1.55300779  4.95888794 -0.62590847]", "nit": "33", "callback": [0.6628259340073535, 0.49931539856626883, 0.43931630414727785]}, "13": {"maxiter": 500, "gtol": 1e-10, "xrtol": 1e-05, "eps": 1e-10, "duration": 0.06540203094482422, "fun": "0.43931600333152887", "jac": "[2.22044587e-06 1.11022293e-06 1.11022293e-06 0.00000000e+00\n 1.11022293e-06 2.22044587e-06]", "hess_inv": "[[ 3.76608847  0.13240712 -0.0218021   0.6182025  -0.09178403  0.47265022]\n [ 0.13240712  5.16498843  0.11836853  1.42135063  2.03581884 -0.67109745]\n [-0.0218021   0.11836853  4.63899743  0.94570065 -1.60305487 -0.89350461]\n [ 0.6182025   1.42135063  0.94570065  4.37346643  0.27458806 -0.01255825]\n [-0.09178403  2.03581884 -1.60305487  0.27458806  5.20472479 -0.4809335 ]\n [ 0.47265022 -0.67109745 -0.89350461 -0.01255825 -0.4809335   4.52674805]]", "nfev": "287", "njev": "41", "status": "0", "success": "True", "message": "Optimization terminated successfully.", "x": "[ 4.62605478 -0.19987919  1.02544812  1.55301667  4.95889167 -0.62589705]", "nit": "33", "callback": [0.6628252652942404, 0.49918315192005813, 0.439316290060379]}, "14": {"maxiter": 500, "gtol": 1e-10, "xrtol": 1e-10, "eps": 1e-05, "duration": 0.1311171054840088, "fun": "0.4393160033435115", "jac": "[ 1.64412928e-07 -9.43023437e-08  5.69877479e-08  1.03927977e-07\n  9.60120872e-08  3.15181214e-07]", "hess_inv": "[[ 3.66353576  0.19071082  0.09119104  0.65667033  0.03331895  0.42496712]\n [ 0.19071082  5.15524141  0.05964271  1.41936535  1.92956097 -0.73471433]\n [ 0.09119104  0.05964271  4.5603557   0.94367886 -1.68384745 -0.78511849]\n [ 0.65667033  1.41936535  0.94367886  4.41737331  0.27189034  0.02549216]\n [ 0.03331895  1.92956097 -1.68384745  0.27189034  5.07163481 -0.31504525]\n [ 0.42496712 -0.73471433 -0.78511849  0.02549216 -0.31504525  4.84765704]]", "nfev": "578", "njev": "81", "status": "2", "success": "False", "message": "Desired error not necessarily achieved due to precision loss.", "x": "[ 4.62604439 -0.19989002  1.02544037  1.55300779  4.95888794 -0.62590847]", "nit": "33", "callback": [0.6628259340073535, 0.49931539856626883, 0.43931630414727785]}, "15": {"maxiter": 500, "gtol": 1e-