{"date": "2024/09/23/, 20:25:57", "conf_id": 69, "data_type": "random\n", "num_data_points": 4, "s_rank": 0, "unitary": "[[-0.24866696+0.58742286j,-0.44704345-0.43151574j,-0.35669027-0.20570733j,-0.10517633+0.1626036j],[0.10596805-0.19687975j,-0.30269685-0.15056416j,0.18246286+0.30440582j,-0.83484447-0.11310748j],[0.26054512-0.52548482j,0.0285017-0.50723956j,-0.43110112+0.17165838j,0.15243271+0.39915801j],[0.42978035+0.11991271j,-0.17224126-0.46030424j,0.6827807-0.15164662j,0.26483638+0.0061855j]]", "databatch_0": {"databatch": "[[[0.04045899+2.41612796e-01j,0.22456563+8.67995515e-02j,0.08645695-2.46589438e-01j,-0.05835036+1.36667693e-01j],[-0.31903488-1.20476203e-01j,-0.29481869+1.56550553e-01j,0.26537928+3.44473882e-01j,-0.08412323-1.62394103e-01j],[-0.07979627+2.14911115e-01j,0.16814604+1.78747347e-01j,0.15490718-1.68807043e-01j,-0.12300974+9.56523176e-02j],[0.200147-9.80127441e-02j,0.0141298-1.83627176e-01j,-0.22738912-5.13314845e-02j,0.11799147+4.45110634e-04j]],[[-0.04919312+1.55532716e-01j,-0.31780381-3.59122487e-02j,-0.03934395+7.13899355e-02j,0.05801111+6.70604207e-03j],[0.20838017+1.98852595e-02j,0.40216382+1.37448060e-01j,0.07325427-1.32665116e-01j,-0.13467399+1.77133642e-02j],[-0.04600734+3.93157528e-02j,0.18453155+5.27554230e-01j,0.21513863+2.60378708e-02j,-0.07629477-1.97413170e-01j],[-0.27925079+2.53451681e-01j,0.05873537-1.45715866e-01j,0.0439171-6.45697065e-02j,-0.11719909-2.57860766e-02j]],[[0.0226179-6.31322076e-02j,0.14436178-7.70332683e-02j,0.10985358+5.31890134e-02j,0.07401166+2.26829642e-01j],[0.1534228-1.20776109e-01j,-0.12373807+6.38936169e-02j,-0.18800102+1.90719773e-01j,0.01562177-2.03965205e-02j],[-0.04813584-3.20793194e-02j,0.41768453-1.74271502e-01j,0.35483668-6.35775508e-03j,0.08278176+5.14611968e-01j],[-0.1194647+2.18854552e-01j,0.02874914+1.75711528e-02j,0.03934568-2.40958017e-01j,-0.15374314-1.21035437e-01j]],[[0.07956389+2.06724613e-01j,0.36665967+5.34813775e-01j,0.16831013+2.07186793e-01j,0.13070853+1.03975458e-01j],[-0.08964931-6.92310294e-02j,-0.28815245-1.17472493e-01j,-0.1209867-3.73893507e-02j,-0.08283381-4.32827265e-03j],[0.02716375-1.31468390e-01j,-0.01768649-3.77072783e-01j,-0.0201157-1.52966945e-01j,-0.03570329-9.22301330e-02j],[0.07537449-5.29261535e-02j,0.20352619-1.91647030e-01j,0.07893078-8.49689436e-02j,0.03436535-5.80842207e-02j]]]", "initial param values": "[1.07166492,5.53361578,5.20135604,6.21719684,2.60551075,5.00622098]", "nelder_mead": {"type": "gradient-free", "0": {"maxiter": 100, "fatol": 1e-05, "xatol": 1e-05, "duration": 0.08783388137817383, "fun": "0.32232213123821274", "nit": "100", "nfev": "153", "status": "2", "success": "False", "message": "Maximum number of iterations has been exceeded.", "x": "[0.97461476 6.64568722 3.69988844 8.14139292 2.76763166 4.75826715]", "final_simplex": "(array([[0.97461476, 6.64568722, 3.69988844, 8.14139292, 2.76763166,\n        4.75826715],\n       [0.98646153, 6.64424806, 3.69608851, 8.11913522, 2.80264024,\n        4.79038097],\n       [1.00053421, 6.60648769, 3.71424137, 8.12250853, 2.79105151,\n        4.76543094],\n       [0.99936167, 6.63804626, 3.69099503, 8.15373502, 2.79058486,\n        4.77528298],\n       [1.00581533, 6.64613468, 3.70618443, 8.11056716, 2.78978768,\n        4.75816032],\n       [0.99161463, 6.60321672, 3.74590932, 8.08399942, 2.7879166 ,\n        4.81526817],\n       [0.97522468, 6.64736133, 3.63888683, 8.12814902, 2.76617297,\n        4.75441599]]), array([0.32232213, 0.3224731 , 0.32250931, 0.32271041, 0.32276682,\n       0.32279525, 0.32287598]))", "callback": [0.4523193942337247, 0.3947044211436507, 0.3618061024022523, 0.32968800378892826, 0.32746530238985727, 0.3255559668436665, 0.32445803884209024, 0.3237368534271978, 0.3229406825595956]}, "1": {"maxiter": 100, "fatol": 1e-05, "xatol": 1e-10, "duration": 0.08311772346496582, "fun": "0.32232213123821274", "nit": "100", "nfev": "153", "status": "2", "success": "False", "message": "Maximum number of iterations has been exceeded.", "x": "[0.97461476 6.64568722 3.69988844 8.14139292 2.76763166 4.75826715]", "final_simplex": "(array([[0.97461476, 6.64568722, 3.69988844, 8.14139292, 2.76763166,\n        4.75826715],\n       [0.98646153, 6.64424806, 3.69608851, 8.11913522, 2.80264024,\n        4.79038097],\n       [1.00053421, 6.60648769, 3.71424137, 8.12250853, 2.79105151,\n        4.76543094],\n       [0.99936167, 6.63804626, 3.69099503, 8.15373502, 2.79058486,\n        4.77528298],\n       [1.00581533, 6.64613468, 3.70618443, 8.11056716, 2.78978768,\n        4.75816032],\n       [0.99161463, 6.60321672, 3.74590932, 8.08399942, 2.7879166 ,\n        4.81526817],\n       [0.97522468, 6.64736133, 3.63888683, 8.12814902, 2.76617297,\n        4.75441599]]), array([0.32232213, 0.3224731 , 0.32250931, 0.32271041, 0.32276682,\n       0.32279525, 0.32287598]))", "callback": [0.4523193942337247, 0.3947044211436507, 0.3618061024022523, 0.32968800378892826, 0.32746530238985727, 0.3255559668436665, 0.32445803884209024, 0.3237368534271978, 0.3229406825595956]}, "2": {"maxiter": 100, "fatol": 1e-10, "xatol": 1e-05, "duration": 0.08066201210021973, "fun": "0.32232213123821274", "nit": "100", "nfev": "153", "status": "2", "success": "False", "message": "Maximum number of iterations has been exceeded.", "x": "[0.97461476 6.64568722 3.69988844 8.14139292 2.76763166 4.75826715]", "final_simplex": "(array([[0.97461476, 6.64568722, 3.69988844, 8.14139292, 2.76763166,\n        4.75826715],\n       [0.98646153, 6.64424806, 3.69608851, 8.11913522, 2.80264024,\n        4.79038097],\n       [1.00053421, 6.60648769, 3.71424137, 8.12250853, 2.79105151,\n        4.76543094],\n       [0.99936167, 6.63804626, 3.69099503, 8.15373502, 2.79058486,\n        4.77528298],\n       [1.00581533, 6.64613468, 3.70618443, 8.11056716, 2.78978768,\n        4.75816032],\n       [0.99161463, 6.60321672, 3.74590932, 8.08399942, 2.7879166 ,\n        4.81526817],\n       [0.97522468, 6.64736133, 3.63888683, 8.12814902, 2.76617297,\n        4.75441599]]), array([0.32232213, 0.3224731 , 0.32250931, 0.32271041, 0.32276682,\n       0.32279525, 0.32287598]))", "callback": [0.4523193942337247, 0.3947044211436507, 0.3618061024022523, 0.32968800378892826, 0.32746530238985727, 0.3255559668436665, 0.32445803884209024, 0.3237368534271978, 0.3229406825595956]}, "3": {"maxiter": 100, "fatol": 1e-10, "xatol": 1e-10, "duration": 0.0776052474975586, "fun": "0.32232213123821274", "nit": "100", "nfev": "153", "status": "2", "success": "False", "message": "Maximum number of iterations has been exceeded.", "x": "[0.97461476 6.64568722 3.69988844 8.14139292 2.76763166 4.75826715]", "final_simplex": "(array([[0.97461476, 6.64568722, 3.69988844, 8.14139292, 2.76763166,\n        4.75826715],\n       [0.98646153, 6.64424806, 3.69608851, 8.11913522, 2.80264024,\n        4.79038097],\n       [1.00053421, 6.60648769, 3.71424137, 8.12250853, 2.79105151,\n        4.76543094],\n       [0.99936167, 6.63804626, 3.69099503, 8.15373502, 2.79058486,\n        4.77528298],\n       [1.00581533, 6.64613468, 3.70618443, 8.11056716, 2.78978768,\n        4.75816032],\n       [0.99161463, 6.60321672, 3.74590932, 8.08399942, 2.7879166 ,\n        4.81526817],\n       [0.97522468, 6.64736133, 3.63888683, 8.12814902, 2.76617297,\n        4.75441599]]), array([0.32232213, 0.3224731 , 0.32250931, 0.32271041, 0.32276682,\n       0.32279525, 0.32287598]))", "callback": [0.4523193942337247, 0.3947044211436507, 0.3618061024022523, 0.32968800378892826, 0.32746530238985727, 0.3255559668436665, 0.32445803884209024, 0.3237368534271978, 0.3229406825595956]}, "4": {"maxiter": 500, "fatol": 1e-05, "xatol": 1e-05, "duration": 0.26604485511779785, "fun": "0.3206938374425099", "nit": "269", "nfev": "430", "status": "0", "success": "True", "message": "Optimization terminated successfully.", "x": "[0.88661281 6.5122921  3.88286871 8.04842883 2.86319055 4.86285626]", "final_simplex": "(array([[0.88661281, 6.5122921 , 3.88286871, 8.04842883, 2.86319055,\n        4.86285626],\n       [0.88661373, 6.51228981, 3.8828726 , 8.04843279, 2.86319363,\n        4.86285771],\n       [0.88661263, 6.51228886, 3.88286928, 8.04842996, 2.86319054,\n        4.86285295],\n       [0.88661155, 6.5122845 , 3.88287264, 8.04842788, 2.8631914 ,\n        4.86286003],\n       [0.88661281, 6.51228272, 3.88287846, 8.04842856, 2.86318905,\n        4.86285749],\n       [0.88660902, 6.51228271, 3.88287563, 8.0484259 , 2.86319263,\n        4.8628595 ],\n       [0.88661045, 6.51229657, 3.88286081, 8.04843315, 2.86318496,\n        4.86285101]]), array([0.32069384, 0.32069384, 0.32069384, 0.32069384, 0.32069384,\n       0.32069384, 0.32069384]))", "callback": [0.4523193942337247, 0.3947044211436507, 0.3618061024022523, 0.32968800378892826, 0.32746530238985727, 0.3255559668436665, 0.32445803884209024, 0.3237368534271978, 0.3229406825595956, 0.32232213123821274, 0.32192283551284384, 0.3211325400231426, 0.3207909049302273, 0.32072541472931837, 0.32070463415689265, 0.3206974335920505, 0.3206947559576525, 0.3206940335123216, 0.3206938923678935, 0.320693842475408, 0.320693841454312, 0.32069383846479727, 0.3206938376899602, 0.3206938374939927, 0.3206938374704388, 0.3206938374432895]}, "5": {"maxiter": 500, "fatol": 1e-05, "xatol": 1e-10, "duration": 0.39123010635375977, "fun": "0.32069383743962954", "nit": "382", "nfev": "674", "status": "0", "success": "True", "message": "Optimization terminated successfully.", "x": "[0.88661008 6.5122871  3.88287608 8.04842896 2.8631915  4.86285979]", "final_simplex": "(array([[0.88661008, 6.5122871 , 3.88287608, 8.04842896, 2.8631915 ,\n        4.86285979],\n       [0.88661008, 6.5122871 , 3.88287608, 8.04842896, 2.8631915 ,\n        4.86285979],\n       [0.88661008, 6.5122871 , 3.88287608, 8.04842896, 2.8631915 ,\n        4.86285979],\n       [0.88661008, 6.5122871 , 3.88287608, 8.04842896, 2.8631915 ,\n        4.86285979],\n       [0.88661008, 6.5122871 , 3.88287608, 8.04842896, 2.8631915 ,\n        4.86285979],\n       [0.88661008, 6.5122871 , 3.88287608, 8.04842896, 2.8631915 ,\n        4.86285979],\n       [0.88661008, 6.5122871 , 3.88287608, 8.04842896, 2.8631915 ,\n        4.86285979]]), array([0.32069384, 0.32069384, 0.32069384, 0.32069384, 0.32069384,\n       0.32069384, 0.32069384]))", "callback": [0.4523193942337247, 0.3947044211436507, 0.3618061024022523, 0.32968800378892826, 0.32746530238985727, 0.3255559668436665, 0.32445803884209024, 0.3237368534271978, 0.3229406825595956, 0.32232213123821274, 0.32192283551284384, 0.3211325400231426, 0.3207909049302273, 0.32072541472931837, 0.32070463415689265, 0.3206974335920505, 0.3206947559576525, 0.3206940335123216, 0.3206938923678935, 0.320693842475408, 0.320693841454312, 0.32069383846479727, 0.3206938376899602, 0.3206938374939927, 0.3206938374704388, 0.3206938374432895, 0.3206938374425099, 0.32069383744084656, 0.3206938374400575, 0.3206938374397673, 0.32069383743968294, 0.32069383743964197, 0.32069383743963353, 0.3206938374396301, 0.32069383743962987, 0.32069383743962965, 0.32069383743962965, 0.32069383743962954]}, "6": {"maxiter": 500, "fatol": 1e-10, "xatol": 1e-05, "duration": 0.28730010986328125, "fun": "0.3206938374425099", "nit": "269", "nfev": "430", "status": "0", "success": "True", "message": "Optimization terminated successfully.", "x": "[0.88661281 6.5122921  3.88286871 8.04842883 2.86319055 4.86285626]", "final_simplex": "(array([[0.88661281, 6.5122921 , 3.88286871, 8.04842883, 2.86319055,\n        4.86285626],\n       [0.88661373, 6.51228981, 3.8828726 , 8.04843279, 2.86319363,\n        4.86285771],\n       [0.88661263, 6.51228886, 3.88286928, 8.04842996, 2.86319054,\n        4.86285295],\n       [0.88661155, 6.5122845 , 3.88287264, 8.04842788, 2.8631914 ,\n        4.86286003],\n       [0.88661281, 6.51228272, 3.88287846, 8.04842856, 2.86318905,\n        4.86285749],\n       [0.88660902, 6.51228271, 3.88287563, 8.0484259 , 2.86319263,\n        4.8628595 ],\n       [0.88661045, 6.51229657, 3.88286081, 8.04843315, 2.86318496,\n        4.86285101]]), array([0.32069384, 0.32069384, 0.32069384, 0.32069384, 0.32069384,\n       0.32069384, 0.32069384]))", "callback": [0.4523193942337247, 0.3947044211436507, 0.3618061024022523, 0.32968800378892826, 0.32746530238985727, 0.3255559668436665, 0.32445803884209024, 0.3237368534271978, 0.3229406825595956, 0.32232213123821274, 0.32192283551284384, 0.3211325400231426, 0.3207909049302273, 0.32072541472931837, 0.32070463415689265, 0.3206974335920505, 0.3206947559576525, 0.3206940335123216, 0.3206938923678935, 0.320693842475408, 0.320693841454312, 0.32069383846479727, 0.3206938376899602, 0.3206938374939927, 0.3206938374704388, 0.3206938374432895]}, "7": {"maxiter": 500, "fatol": 1e-10, "xatol": 1e-10, "duration": 0.5025432109832764, "fun": "0.32069383743962954", "nit": "382", "nfev": "674", "status": "0", "success": "True", "message": "Optimization terminated successfully.", "x": "[0.88661008 6.5122871  3.88287608 8.04842896 2.8631915  4.86285979]", "final_simplex": "(array([[0.88661008, 6.5122871 , 3.88287608, 8.04842896, 2.8631915 ,\n        4.86285979],\n       [0.88661008, 6.5122871 , 3.88287608, 8.04842896, 2.8631915 ,\n        4.86285979],\n       [0.88661008, 6.5122871 , 3.88287608, 8.04842896, 2.8631915 ,\n        4.86285979],\n       [0.88661008, 6.5122871 , 3.88287608, 8.04842896, 2.8631915 ,\n        4.86285979],\n       [0.88661008, 6.5122871 , 3.88287608, 8.04842896, 2.8631915 ,\n        4.86285979],\n       [0.88661008, 6.5122871 , 3.88287608, 8.04842896, 2.8631915 ,\n        4.86285979],\n       [0.88661008, 6.5122871 , 3.88287608, 8.04842896, 2.8631915 ,\n        4.86285979]]), array([0.32069384, 0.32069384, 0.32069384, 0.32069384, 0.32069384,\n       0.32069384, 0.32069384]))", "callback": [0.4523193942337247, 0.3947044211436507, 0.3618061024022523, 0.32968800378892826, 0.32746530238985727, 0.3255559668436665, 0.32445803884209024, 0.3237368534271978, 0.3229406825595956, 0.32232213123821274, 0.32192283551284384, 0.3211325400231426, 0.3207909049302273, 0.32072541472931837, 0.32070463415689265, 0.3206974335920505, 0.3206947559576525, 0.3206940335123216, 0.3206938923678935, 0.320693842475408, 0.320693841454312, 0.32069383846479727, 0.3206938376899602, 0.3206938374939927, 0.3206938374704388, 0.3206938374432895, 0.3206938374425099, 0.32069383744084656, 0.3206938374400575, 0.3206938374397673, 0.32069383743968294, 0.32069383743964197, 0.32069383743963353, 0.3206938374396301, 0.32069383743962987, 0.32069383743962965, 0.32069383743962965, 0.32069383743962954]}, "8": {"maxiter": 1000, "fatol": 1e-05, "xatol": 1e-05, "duration": 0.23279500007629395, "fun": "0.3206938374425099", "nit": "269", "nfev": "430", "status": "0", "success": "True", "message": "Optimization terminated successfully.", "x": "[0.88661281 6.5122921  3.88286871 8.04842883 2.86319055 4.86285626]", "final_simplex": "(array([[0.88661281, 6.5122921 , 3.88286871, 8.04842883, 2.86319055,\n        4.86285626],\n       [0.88661373, 6.51228981, 3.8828726 , 8.04843279, 2.86319363,\n        4.86285771],\n       [0.88661263, 6.51228886, 3.88286928, 8.04842996, 2.86319054,\n        4.86285295],\n       [0.88661155, 6.5122845 , 3.88287264, 8.04842788, 2.8631914 ,\n        4.86286003],\n       [0.88661281, 6.51228272, 3.88287846, 8.04842856, 2.86318905,\n        4.86285749],\n       [0.88660902, 6.51228271, 3.88287563, 8.0484259 , 2.86319263,\n        4.8628595 ],\n       [0.88661045, 6.51229657, 3.88286081, 8.04843315, 2.86318496,\n        4.86285101]]), array([0.32069384, 0.32069384, 0.32069384, 0.32069384, 0.32069384,\n       0.32069384, 0.32069384]))", "callback": [0.4523193942337247, 0.3947044211436507, 0.3618061024022523, 0.32968800378892826, 0.32746530238985727, 0.3255559668436665, 0.32445803884209024, 0.3237368534271978, 0.3229406825595956, 0.32232213123821274, 0.32192283551284384, 0.3211325400231426, 0.3207909049302273, 0.32072541472931837, 0.32070463415689265, 0.3206974335920505, 0.3206947559576525, 0.3206940335123216, 0.3206938923678935, 0.320693842475408, 0.320693841454312, 0.32069383846479727, 0.3206938376899602, 0.3206938374939927, 0.3206938374704388, 0.3206938374432895]}, "9": {"maxiter": 1000, "fatol": 1e-05, "xatol": 1e-10, "duration": 0.3796348571777344, "fun": "0.32069383743962954", "nit": "382", "nfev": "674", "status": "0", "success": "True", "message": "Optimization terminated successfully.", "x": "[0.88661008 6.5122871  3.88287608 8.04842896 2.8631915  4.86285979]", "final_simplex": "(array([[0.88661008, 6.5122871 , 3.88287608, 8.04842896, 2.8631915 ,\n        4.86285979],\n       [0.88661008, 6.5122871 , 3.88287608, 8.04842896, 2.8631915 ,\n        4.86285979],\n       [0.88661008, 6.5122871 , 3.88287608, 8.04842896, 2.8631915 ,\n        4.86285979],\n       [0.88661008, 6.5122871 , 3.88287608, 8.04842896, 2.8631915 ,\n        4.86285979],\n       [0.88661008, 6.5122871 , 3.88287608, 8.04842896, 2.8631915 ,\n        4.86285979],\n       [0.88661008, 6.5122871 , 3.88287608, 8.04842896, 2.8631915 ,\n        4.86285979],\n       [0.88661008, 6.5122871 , 3.88287608, 8.04842896, 2.8631915 ,\n        4.86285979]]), array([0.32069384, 0.32069384, 0.32069384, 0.32069384, 0.32069384,\n       0.32069384, 0.32069384]))", "callback": [0.4523193942337247, 0.3947044211436507, 0.3618061024022523, 0.32968800378892826, 0.32746530238985727, 0.3255559668436665, 0.32445803884209024, 0.3237368534271978, 0.3229406825595956, 0.32232213123821274, 0.32192283551284384, 0.3211325400231426, 0.3207909049302273, 0.32072541472931837, 0.32070463415689265, 0.3206974335920505, 0.3206947559576525, 0.3206940335123216, 0.3206938923678935, 0.320693842475408, 0.320693841454312, 0.32069383846479727, 0.3206938376899602, 0.3206938374939927, 0.3206938374704388, 0.3206938374432895, 0.3206938374425099, 0.32069383744084656, 0.3206938374400575, 0.3206938374397673, 0.32069383743968294, 0.32069383743964197, 0.32069383743963353, 0.3206938374396301, 0.32069383743962987, 0.32069383743962965, 0.32069383743962965, 0.32069383743962954]}, "10": {"maxiter": 1000, "fatol": 1e-10, "xatol": 1e-05, "duration": 0.2487339973449707, "fun": "0.3206938374425099", "nit": "269", "nfev": "430", "status": "0", "success": "True", "message": "Optimization terminated successfully.", "x": "[0.88661281 6.5122921  3.88286871 8.04842883 2.86319055 4.86285626]", "final_simplex": "(array([[0.88661281, 6.5122921 , 3.88286871, 8.04842883, 2.86319055,\n        4.86285626],\n       [0.88661373, 6.51228981, 3.8828726 , 8.04843279, 2.86319363,\n        4.86285771],\n       [0.88661263, 6.51228886, 3.88286928, 8.04842996, 2.86319054,\n        4.86285295],\n       [0.88661155, 6.5122845 , 3.88287264, 8.04842788, 2.8631914 ,\n        4.86286003],\n       [0.88661281, 6.51228272, 3.88287846, 8.04842856, 2.86318905,\n        4.86285749],\n       [0.88660902, 6.51228271, 3.88287563, 8.0484259 , 2.86319263,\n        4.8628595 ],\n       [0.88661045, 6.51229657, 3.88286081, 8.04843315, 2.86318496,\n        4.86285101]]), array([0.32069384, 0.32069384, 0.32069384, 0.32069384, 0.32069384,\n       0.32069384, 0.32069384]))", "callback": [0.4523193942337247, 0.3947044211436507, 0.3618061024022523, 0.32968800378892826, 0.32746530238985727, 0.3255559668436665, 0.32445803884209024, 0.3237368534271978, 0.3229406825595956, 0.32232213123821274, 0.32192283551284384, 0.3211325400231426, 0.3207909049302273, 0.32072541472931837, 0.32070463415689265, 0.3206974335920505, 0.3206947559576525, 0.3206940335123216, 0.3206938923678935, 0.320693842475408, 0.320693841454312, 0.32069383846479727, 0.3206938376899602, 0.3206938374939927, 0.3206938374704388, 0.3206938374432895]}, "11": {"maxiter": 1000, "fatol": 1e-10, "xatol": 1e-10, "duration": 0.3654778003692627, "fun": "0.32069383743962954", "nit": "382", "nfev": "674", "status": "0", "success": "True", "message": "Optimization terminated successfully.", "x": "[0.88661008 6.5122871  3.88287608 8.04842896 2.8631915  4.86285979]", "final_simplex": "(array([[0.88661008, 6.5122871 , 3.88287608, 8.04842896, 2.8631915 ,\n        4.86285979],\n       [0.88661008, 6.5122871 , 3.88287608, 8.04842896, 2.8631915 ,\n        4.86285979],\n       [0.88661008, 6.5122871 , 3.88287608, 8.04842896, 2.8631915 ,\n        4.86285979],\n       [0.88661008, 6.5122871 , 3.88287608, 8.04842896, 2.8631915 ,\n        4.86285979],\n       [0.88661008, 6.5122871 , 3.88287608, 8.04842896, 2.8631915 ,\n        4.86285979],\n       [0.88661008, 6.5122871 , 3.88287608, 8.04842896, 2.8631915 ,\n        4.86285979],\n       [0.88661008, 6.5122871 , 3.88287608, 8.04842896, 2.8631915 ,\n        4.86285979]]), array([0.32069384, 0.32069384, 0.32069384, 0.32069384, 0.32069384,\n       0.32069384, 0.32069384]))", "callback": [0.4523193942337247, 0.3947044211436507, 0.3618061024022523, 0.32968800378892826, 0.32746530238985727, 0.3255559668436665, 0.32445803884209024, 0.3237368534271978, 0.3229406825595956, 0.32232213123821274, 0.32192283551284384, 0.3211325400231426, 0.3207909049302273, 0.32072541472931837, 0.32070463415689265, 0.3206974335920505, 0.3206947559576525, 0.3206940335123216, 0.3206938923678935, 0.320693842475408, 0.320693841454312, 0.32069383846479727, 0.3206938376899602, 0.3206938374939927, 0.3206938374704388, 0.3206938374432895, 0.3206938374425099, 0.32069383744084656, 0.3206938374400575, 0.3206938374397673, 0.32069383743968294, 0.32069383743964197, 0.32069383743963353, 0.3206938374396301, 0.32069383743962987, 0.32069383743962965, 0.32069383743962965, 0.32069383743962954]}}, "bfgs": {"type": "gradient", "0": {"maxiter": 100, "gtol": 1e-05, "xrtol": 1e-05, "eps": 1e-05, "duration": 0.0838618278503418, "fun": "0.3206938381839647", "jac": "[ 2.50309773e-06  9.58130242e-06 -4.60002036e-06 -5.77654591e-06\n  1.05092823e-05  1.40764844e-05]", "hess_inv": "[[  3.71269437   0.93321273  -1.90450637   1.63635496  -0.75023079\n   -0.98199233]\n [  0.93321273  13.38801746 -15.14539839   4.15750818  -3.64132288\n   -8.74278971]\n [ -1.90450637 -15.14539839  22.25160998  -6.46772703   4.62474235\n   11.32951489]\n [  1.63635496   4.15750818  -6.46772703   5.27863488  -1.30463924\n   -2.78308033]\n [ -0.75023079  -3.64132288   4.62474235  -1.30463924   3.43109603\n    1.91668267]\n [ -0.98199233  -8.74278971  11.32951489  -2.78308033   1.91668267\n    8.01506378]]", "nfev": "147", "njev": "21", "status": "0", "success": "True", "message": "Optimization terminated successfully.", "x": "[0.8866037  6.51231662 3.8828615  8.04839727 2.86323546 4.86290286]", "nit": "20", "callback": [0.328551604490837, 0.3206938381839647]}, "1": {"maxiter": 100, "gtol": 1e-05, "xrtol": 1e-05, "eps": 1e-10, "duration": 0.07108402252197266, "fun": "0.32069383829587506", "jac": "[ 5.55111466e-06  1.11022293e-05 -4.44089173e-06 -4.44089173e-06\n  1.11022293e-05  1.55431211e-05]", "hess_inv": "[[  3.69229148   0.92123547  -1.83515565   1.63651478  -0.71546987\n   -0.97280352]\n [  0.92123547  13.41633048 -15.18438211   4.15020719  -3.65835993\n   -8.76836328]\n [ -1.83515565 -15.18438211  22.29418776  -6.41470605   4.63281365\n   11.37640784]\n [  1.63651478   4.15020719  -6.41470605   5.293927    -1.28321655\n   -2.7742005 ]\n [ -0.71546987  -3.65835993   4.63281365  -1.28321655   3.42734202\n    1.93739808]\n [ -0.97280352  -8.76836328  11.37640784  -2.7742005    1.93739808\n    8.03770102]]", "nfev": "147", "njev": "21", "status": "0", "success": "True", "message": "Optimization terminated successfully.", "x": "[0.88661452 6.5123125  3.88287058 8.04840762 2.86324166 4.86291501]", "nit": "20", "callback": [0.3285533991515406, 0.32069383829587506]}, "2": {"maxiter": 100, "gtol": 1e-05, "xrtol": 1e-10, "eps": 1e-05, "duration": 0.09081077575683594, "fun": "0.3206938376523839", "jac": "[ 6.74937883e-07  4.03688194e-06 -1.74221748e-06  1.09456888e-07\n  9.33487732e-06  6.39676090e-06]", "hess_inv": "[[  3.57051634   1.01146449  -1.87503415   1.61938929  -0.46669776\n   -0.91030094]\n [  1.01146449  13.82749366 -15.45403346   3.8155145   -3.63585717\n   -8.45374884]\n [ -1.87503415 -15.45403346  22.42269901  -6.25130905   4.46809223\n   11.11558917]\n [  1.61938929   3.8155145   -6.25130905   5.53240794  -1.38840298\n   -3.0136989 ]\n [ -0.46669776  -3.63585717   4.46809223  -1.38840298   2.91973363\n    1.88366918]\n [ -0.91030094  -8.45374884  11.11558917  -3.0136989    1.88366918\n    8.20254382]]", "nfev": "154", "njev": "22", "status": "0", "success": "True", "message": "Optimization terminated successfully.", "x": "[0.88660352 6.51228977 3.88287787 8.04841687 2.86322679 4.8628846 ]", "nit": "21", "callback": [0.328551604490837, 0.3206938381839647]}, "3": {"maxiter": 100, "gtol": 1e-05, "xrtol": 1e-10, "eps": 1e-10, "duration": 0.08869504928588867, "fun": "0.32069383774744153", "jac": "[-2.22044587e-06  1.11022293e-06 -1.11022293e-06  0.00000000e+00\n  8.88178346e-06  4.44089173e-06]", "hess_inv": "[[  3.80626628   1.25467564  -2.14177409   1.50636945  -0.78866724\n   -0.88825722]\n [  1.25467564  14.38898068 -16.08616643   3.7389875   -3.90701601\n   -8.51895897]\n [ -2.14177409 -16.08616643  23.11113137  -6.11542311   4.77215143\n   11.15239401]\n [  1.50636945   3.7389875   -6.11542311   5.11664735  -1.56874273\n   -2.84872134]\n [ -0.78866724  -3.90701601   4.77215143  -1.56874273   3.05629199\n    1.90804148]\n [ -0.88825722  -8.51895897  11.15239401  -2.84872134   1.90804148\n    8.09892935]]", "nfev": "154", "njev": "22", "status": "0", "success": "True", "message": "Optimization terminated successfully.", "x": "[0.8865992  6.51226674 3.88291021 8.048415   2.86324005 4.86290433]", "nit": "21", "callback": [0.3285533991515406, 0.32069383829587506]}, "4": {"maxiter": 100, "gtol": 1e-10, "xrtol": 1e-05, "eps": 1e-05, "duration": 0.08648872375488281, "fun": "0.3206938381839647", "jac": "[ 2.50309773e-06  9.58130242e-06 -4.60002036e-06 -5.77654591e-06\n  1.05092823e-05  1.40764844e-05]", "hess_inv": "[[  3.71269437   0.93321273  -1.90450637   1.63635496  -0.75023079\n   -0.98199233]\n [  0.93321273  13.38801746 -15.14539839   4.15750818  -3.64132288\n   -8.74278971]\n [ -1.90450637 -15.14539839  22.25160998  -6.46772703   4.62474235\n   11.32951489]\n [  1.63635496   4.15750818  -6.46772703   5.27863488  -1.30463924\n   -2.78308033]\n [ -0.75023079  -3.64132288   4.62474235  -1.30463924   3.43109603\n    1.91668267]\n [ -0.98199233  -8.74278971  11.32951489  -2.78308033   1.91668267\n    8.01506378]]", "nfev": "147", "njev": "21", "status": "0", "success": "True", "message": "Optimization terminated successfully.", "x": "[0.8866037  6.51231662 3.8828615  8.04839727 2.86323546 4.86290286]", "nit": "20", "callback": [0.328551604490837, 0.3206938381839647]}, "5": {"maxiter": 100, "gtol": 1e-10, "xrtol": 1e-05, "eps": 1e-10, "duration": 0.09368276596069336, "fun": "0.32069383829587506", "jac": "[ 5.55111466e-06  1.11022293e-05 -4.44089173e-06 -4.44089173e-06\n  1.11022293e-05  1.55431211e-05]", "hess_inv": "[[  3.69229148   0.92123547  -1.83515565   1.63651478  -0.71546987\n   -0.97280352]\n [  0.92123547  13.41633048 -15.18438211   4.15020719  -3.65835993\n   -8.76836328]\n [ -1.83515565 -15.18438211  22.29418776  -6.41470605   4.63281365\n   11.37640784]\n [  1.63651478   4.15020719  -6.41470605   5.293927    -1.28321655\n   -2.7742005 ]\n [ -0.71546987  -3.65835993   4.63281365  -1.28321655   3.42734202\n    1.93739808]\n [ -0.97280352  -8.76836328  11.37640784  -2.7742005    1.93739808\n    8.03770102]]", "nfev": "147", "njev": "21", "status": "0", "success": "True", "message": "Optimization terminated successfully.", "x": "[0.88661452 6.5123125  3.88287058 8.04840762 2.86324166 4.86291501]", "nit": "20", "callback": [0.3285533991515406, 0.32069383829587506]}, "6": {"maxiter": 100, "gtol": 1e-10, "xrtol": 1e-10, "eps": 1e-05, "duration": 0.2022709846496582, "fun": "0.3206938374600756", "jac": "[-4.87943019e-08 -2.32147634e-07  8.92730334e-08  4.48341364e-07\n  4.34652314e-07 -2.57793786e-07]", "hess_inv": "[[  3.53551557   1.07780529  -1.97908117   1.64826878  -0.55516619\n   -1.03831724]\n [  1.07780529  13.11947361 -14.73506436   3.99087952  -3.5562157\n   -8.29770643]\n [ -1.97908117 -14.73506436  21.80478877  -6.53455805   4.83240313\n   11.30383786]\n [  1.64826878   3.99087952  -6.53455805   5.58539901  -1.82750253\n   -3.37067395]\n [ -0.55516619  -3.5562157    4.83240313  -1.82750253   4.88885184\n    3.37979199]\n [ -1.03831724  -8.29770643  11.30383786  -3.37067395   3.37979199\n    9.30018648]]", "nfev": "390", "njev": "54", "status": "2", "success": "False", "message": "Desired error not necessarily achieved due to precision loss.", "x": "[0.88660608 6.51229078 3.88286445 8.04842886 2.86318479 4.8628483 ]", "nit": "23", "callback": [0.328551604490837, 0.3206938381839647]}, "7": {"maxiter": 100, "gtol": 1e-10, "xrtol": 1e-10, "eps": 1e-10, "duration": 0.22379302978515625, "fun": "0.3206938374407081", "jac": "[ 1.11022293e-06  1.11022293e-06 -1.11022293e-06  0.00000000e+00\n  1.11022293e-06  0.00000000e+00]", "hess_inv": "[[ 3.8179786  -0.56680348 -0.80640899  2.76297408  0.49159443  0.37670267]\n [-0.56680348  3.23127688 -2.83074555  1.48814034 -1.52660866 -1.2675973 ]\n [-0.80640899 -2.83074555  8.48061395 -5.95751777  1.33636228  2.30452673]\n [ 2.76297408  1.48814034 -5.95751777 10.06544233  1.39912051 -0.24998102]\n [ 0.49159443 -1.52660866  1.33636228  1.39912051  5.60646994  2.99088406]\n [ 0.37670267 -1.2675973   2.30452673 -0.24998102  2.99088406  4.99769328]]", "nfev": "404", "njev": "56", "status": "2", "success": "False", "message": "Desired error not necessarily achieved due to precision loss.", "x": "[0.88661011 6.51228789 3.88287545 8.0484265  2.8631912  4.86286003]", "nit": "24", "callback": [0.3285533991515406, 0.32069383829587506]}, "8": {"maxiter": 500, "gtol": 1e-05, "xrtol": 1e-05, "eps": 1e-05, "duration": 0.08450102806091309, "fun": "0.3206938381839647", "jac": "[ 2.50309773e-06  9.58130242e-06 -4.60002036e-06 -5.77654591e-06\n  1.05092823e-05  1.40764844e-05]", "hess_inv": "[[  3.71269437   0.93321273  -1.90450637   1.63635496  -0.75023079\n   -0.98199233]\n [  0.93321273  13.38801746 -15.14539839   4.15750818  -3.64132288\n   -8.74278971]\n [ -1.90450637 -15.14539839  22.25160998  -6.46772703   4.62474235\n   11.32951489]\n [  1.63635496   4.15750818  -6.46772703   5.27863488  -1.30463924\n   -2.78308033]\n [ -0.75023079  -3.64132288   4.62474235  -1.30463924   3.43109603\n    1.91668267]\n [ -0.98199233  -8.74278971  11.32951489  -2.78308033   1.91668267\n    8.01506378]]", "nfev": "147", "njev": "21", "status": "0", "success": "True", "message": "Optimization terminated successfully.", "x": "[0.8866037  6.51231662 3.8828615  8.04839727 2.86323546 4.86290286]", "nit": "20", "callback": [0.328551604490837, 0.3206938381839647]}, "9": {"maxiter": 500, "gtol": 1e-05, "xrtol": 1e-05, "eps": 1e-10, "duration": 0.08395195007324219, "fun": "0.32069383829587506", "jac": "[ 5.55111466e-06  1.11022293e-05 -4.44089173e-06 -4.44089173e-06\n  1.11022293e-05  1.55431211e-05]", "hess_inv": "[[  3.69229148   0.92123547  -1.83515565   1.63651478  -0.71546987\n   -0.97280352]\n [  0.92123547  13.41633048 -15.18438211   4.15020719  -3.65835993\n   -8.76836328]\n [ -1.83515565 -15.18438211  22.29418776  -6.41470605   4.63281365\n   11.37640784]\n [  1.63651478   4.15020719  -6.41470605   5.293927    -1.28321655\n   -2.7742005 ]\n [ -0.71546987  -3.65835993   4.63281365  -1.28321655   3.42734202\n    1.93739808]\n [ -0.97280352  -8.76836328  11.37640784  -2.7742005    1.93739808\n    8.03770102]]", "nfev": "147", "njev": "21", "status": "0", "success": "True", "message": "Optimization terminated successfully.", "x": "[0.88661452 6.5123125  3.88287058 8.04840762 2.86324166 4.86291501]", "nit": "20", "callback": [0.3285533991515406, 0.32069383829587506]}, "10": {"maxiter": 500, "gtol": 1e-05, "xrtol": 1e-10, "eps": 1e-05, "duration": 0.08148932456970215, "fun": "0.3206938376523839", "jac": "[ 6.74937883e-07  4.03688194e-06 -1.74221748e-06  1.09456888e-07\n  9.33487732e-06  6.39676090e-06]", "hess_inv": "[[  3.57051634   1.01146449  -1.87503415   1.61938929  -0.46669776\n   -0.91030094]\n [  1.01146449  13.82749366 -15.45403346   3.8155145   -3.63585717\n   -8.45374884]\n [ -1.87503415 -15.45403346  22.42269901  -6.25130905   4.46809223\n   11.11558917]\n [  1.61938929   3.8155145   -6.25130905   5.53240794  -1.38840298\n   -3.0136989 ]\n [ -0.46669776  -3.63585717   4.46809223  -1.38840298   2.91973363\n    1.88366918]\n [ -0.91030094  -8.45374884  11.11558917  -3.0136989    1.88366918\n    8.20254382]]", "nfev": "154", "njev": "22", "status": "0", "success": "True", "message": "Optimization terminated successfully.", "x": "[0.88660352 6.51228977 3.88287787 8.04841687 2.86322679 4.8628846 ]", "nit": "21", "callback": [0.328551604490837, 0.3206938381839647]}, "11": {"maxiter": 500, "gtol": 1e-05, "xrtol": 1e-10, "eps": 1e-10, "duration": 0.08806991577148438, "fun": "0.32069383774744153", "jac": "[-2.22044587e-06  1.11022293e-06 -1.11022293e-06  0.00000000e+00\n  8.88178346e-06  4.44089173e-06]", "hess_inv": "[[  3.80626628   1.25467564  -2.14177409   1.50636945  -0.78866724\n   -0.88825722]\n [  1.25467564  14.38898068 -16.08616643   3.7389875   -3.90701601\n   -8.51895897]\n [ -2.14177409 -16.08616643  23.11113137  -6.11542311   4.77215143\n   11.15239401]\n [  1.50636945   3.7389875   -6.11542311   5.11664735  -1.56874273\n   -2.84872134]\n [ -0.78866724  -3.90701601   4.77215143  -1.56874273   3.05629199\n    1.90804148]\n [ -0.88825722  -8.51895897  11.15239401  -2.84872134   1.90804148\n    8.09892935]]", "nfev": "154", "njev": "22", "status": "0", "success": "True", "message": "Optimization terminated successfully.", "x": "[0.8865992  6.51226674 3.88291021 8.048415   2.86324005 4.86290433]", "nit": "21", "callback": [0.3285533991515406, 0.32069383829587506]}, "12": {"maxiter": 500, "gtol": 1e-10, "xrtol": 1e-05, "eps": 1e-05, "duration": 0.08277392387390137, "fun": "0.3206938381839647", "jac": "[ 2.50309773e-06  9.58130242e-06 -4.60002036e-06 -5.77654591e-06\n  1.05092823e-05  1.40764844e-05]", "hess_inv": "[[  3.71269437   0.93321273  -1.90450637   1.63635496  -0.75023079\n   -0.98199233]\n [  0.93321273  13.38801746 -15.14539839   4.15750818  -3.64132288\n   -8.74278971]\n [ -1.90450637 -15.14539839  22.25160998  -6.46772703   4.62474235\n   11.32951489]\n [  1.63635496   4.15750818  -6.46772703   5.27863488  -1.30463924\n   -2.78308033]\n [ -0.75023079  -3.64132288   4.62474235  -1.30463924   3.43109603\n    1.91668267]\n [ -0.98199233  -8.74278971  11.32951489  -2.78308033   1.91668267\n    8.01506378]]", "nfev": "147", "njev": "21", "status": "0", "success": "True", "message": "Optimization terminated successfully.", "x": "[0.8866037  6.51231662 3.8828615  8.04839727 2.86323546 4.86290286]", "nit": "20", "callback": [0.328551604490837, 0.3206938381839647]}, "13": {"maxiter": 500, "gtol": 1e-10, "xrtol": 1e-05, "eps": 1e-10, "duration": 0.08266687393188477, "fun": "0.32069383829587506", "jac": "[ 5.55111466e-06  1.11022293e-05 -4.44089173e-06 -4.44089173e-06\n  1.11022293e-05  1.55431211e-05]", "hess_inv": "[[  3.69229148   0.92123547  -1.83515565   1.63651478  -0.71546987\n   -0.97280352]\n [  0.92123547  13.41633048 -15.18438211   4.15020719  -3.65835993\n   -8.76836328]\n [ -1.83515565 -15.18438211  22.29418776  -6.41470605   4.63281365\n   11.37640784]\n [  1.63651478   4.15020719  -6.41470605   5.293927    -1.28321655\n   -2.7742005 ]\n [ -0.71546987  -3.65835993   4.63281365  -1.28321655   3.42734202\n    1.93739808]\n [ -0.97280352  -8.76836328  11.37640784  -2.7742005    1.93739808\n    8.03770102]]", "nfev": "147", "njev": "21", "status": "0", "success": "True", "message": "Optimization terminated successfully.", "x": "[0.88661452 6.5123125  3.88287058 8.04840762 2.86324166 4.86291501]", "nit": "20", "callback": [0.3285533991515406, 0.32069383829587506]}, "14": {"maxiter": 500, "gtol": 1e-10, "xrtol": 1e-10, "eps": 1e-05, "duration": 0.2228379249572754, "fun": "0.3206938374600756", "jac": "[-4.87943019e-08 -2.32147634e-07  8.92730334e-08  4.48341364e-07\n  4.34652314e-07 -2.57793786e-07]", "hess_inv": "[[  3.53551557   1.07780529  -1.97908117   1.64826878  -0.55516619\n   -1.03831724]\n [  1.07780529  13.11947361 -14.73506436   3.99087952  -3.5562157\n   -8.29770643]\n [ -1.97908117 -14.73506436  21.80478877  -6.53455805   4.83240313\n   11.30383786]\n [  1.64826878   3.99087952  -6.53455805   5.58539901  -1.82750253\n   -3.37067395]\n [ -0.55516619  -3.5562157    4.83240313  -1.82750253   4.88885184\n    3.37979199]\n [ -1.03831724  -8.29770643  11.30383786  -3.37067395   3.37979199\n    9.30018648]]", "nfev": "390", "njev": "54", "status": "2", "success": "False", "message": "Desired error not necessarily achieved due to precision loss.", "x": "[0.88660608 6.51229078 3.88286445 8.04842886 2.86318479 4.8628483 ]", "nit": "23", "callback": [0.328551604490837, 0.3206938381839647]}, "15": {"maxiter": 500, "gtol": 1e-10, "xrtol": 1e-10, "eps": 1e-10, "duration": 0.23231911659240723, "fun": "0.3206938374407081", "jac": "[ 1.11022293e-06  1.11022293e-06 -1.11022293e-06  0.00000000e+00\n  1.11022293e-06  0.00000000e+00]", "hess_inv": "[[ 3.8179786  -0.56680348 -0.80640899  2.76297408  0.49159443  0.37670267]\n [-0.56680348  3.23127688 -2.83074555  1.48814034 -1.52660866 -1.2675973 ]\n [-0.80640899 -2.83074555  8.48061395 -5.95751777  1.33636228  2.30452673]\n [ 2.76297408  1.48814034 -5.95751777 10.06544233  1.39912051 -0.24998102]\n [ 0.49159443 -1.52660866  1.33636228  1.39912051  5.60646994  2.99088406]\n [ 0.37670267 -1.2675973   2.30452673 -0.24998102  2.99088406  4.99769328]]", "nfev": "404", "njev": "56", "status": "2", "success": "False", "message": "Desired error not necessarily achieved due to precision loss.", "x": "[0.88661011 6.51228789 3.88287545 8.0484265  2.8631912  4.86286003]", "nit": "24", "callback": [0.3285533991515406, 0.32069383829587506]}, "16": {"maxiter": 1000, "gtol": 1e-05, "xrtol": 1e-05, "eps": 1e-05, "duration": 0.08197402954101562, "fun": "0.3206938381839647", "jac": "[ 2.50309773e-06  9.58130242e-06 -4.60002036e-06 -5.77654591e-06\n  1.05092823e-05  1.40764844e-05]", "hess_inv": "[[  3.71269437   0.93321273  -1.90450637   1.63635496  -0.75023079\n   -0.98199233]\n [  0.93321273  13.38801746 -15.14539839   4.15750818  -3.64132288\n   -8.74278971]\n [ -1.90450637 -15.14539839  22.25160998  -6.46772703   4.62474235\n   11.32951489]\n [  1.63635496   4.15750818  -6.46772703   5.27863488  -1.30463924\n   -2.78308033]\n [ -0.75023079  -3.64132288   4.62474235  -1.30463924   3.43109603\n    1.91668267]\n [ -0.98199233  -8.74278971  11.32951489  -2.78308033   1.91668267\n    8.01506378]]", "nfev": "147", "njev": "21", "status": "0", "success": "True", "message": "Optimization terminated successfully.", "x": "[0.8866037  6.51231662 3.8828615  8.04839727 2.86323546 4.86290286]", "nit": "20", "callback": [0.328551604490837, 0.3206938381839647]}, "17": {"maxiter": 1000, "gtol": 1e-05, "xrtol": 1e-05, "eps": 1e-10, "duration": 0.0812077522277832, "fun": "0.32069383829587506", "jac": "[ 5.55111466e-06  1.11022293e-05 -4.44089173e-06 -4.44089173e-06\n  1.11022293e-05  1.55431211e-05]", "hess_inv": "[[  3.69229148   0.92123547  -1.83515565   1.63651478  -0.71546987\n   -0.97280352]\n [  0.92123547  13.41633048 -15.18438211   4.15020719  -3.65835993\n   -8.76836328]\n [ -1.83515565 -15.18438211  22.29418776  -6.41470605   4.63281365\n   11.37640784]\n [  1.63651478   4.15020719  -6.41470605   5.293927    -1.28321655\n   -2.7742005 ]\n [ -0.71546987  -3.65835993   4.63281365  -1.28321655   3.42734202\n    1.93739808]\n [ -0.97280352  -8.76836328  11.37640784  -2.7742005    1.93739808\n    8.03770102]]", "nfev": "147", "njev": "21", "status": "0", "success": "True", "message": "Optimization terminated successfully.", "x": "[0.88661452 6.5123125  3.88287058 8.04840762 2.86324166 4.86291501]", "nit": "20", "callback": [0.3285533991515406, 0.32069383829587506]}, "18": {"maxiter": 1000, "gtol": 1e-05, "xrtol": 1e-10, "eps": 1e-05, "duration": 0.09554100036621094, "fun": "0.32069383765