{"date": "2024/09/24/, 05:48:02", "conf_id": 291, "data_type": "var_s_rank\n", "num_data_points": 3, "s_rank": 0, "unitary": "[[-0.56303964-0.00798273j,-0.21670212-0.15784972j,-0.06047197-0.73952673j,-0.01438004+0.24552571j],[-0.06976756+0.23474685j,-0.01275565-0.5435098j,-0.02703657-0.08917885j,-0.08210486-0.79311774j],[-0.38559961+0.10714929j,0.5933431-0.2687392j,-0.24060861+0.29149289j,-0.45147719+0.26241743j],[-0.50180421+0.45931857j,-0.11617175+0.44134496j,0.49642745+0.22684508j,-0.08544628-0.15407063j]]", "databatch_0": {"databatch": "[[[0.06257006+1.98637008e-01j,-0.27742946-1.56533737e-01j,0.01229036+2.93685824e-01j,-0.00139988-3.37649142e-01j],[-0.12618833+7.78690547e-02j,0.02444376-5.21506636e-02j,-0.01824001-1.45140845e-01j,-0.01766042-2.61071989e-01j],[-0.28894254-1.42762683e-01j,0.09281125-3.99206719e-02j,0.34745506+5.94430514e-02j,0.08919335-6.38801653e-02j],[-0.03969782+1.84792197e-01j,-0.20192587-1.51104499e-01j,0.3003935+1.54441241e-01j,0.16450261+2.20731588e-01j]],[[-0.34046559+3.57847356e-02j,0.08477843-6.17735789e-02j,-0.14781135-5.51938943e-02j,0.35396374-1.33808059e-01j],[-0.18322098+1.73159348e-01j,-0.03866879-5.50459892e-02j,0.2064438-2.05278420e-01j,0.19415548+3.69839837e-02j],[-0.05562387-9.05548671e-02j,-0.23071702-5.37376900e-02j,-0.12940042-1.37673893e-01j,-0.00476707-2.92786206e-02j],[0.15359166+1.46084298e-01j,-0.1175268-5.89605143e-02j,-0.33083372-3.83781359e-02j,0.37049165+3.12104643e-01j]],[[0.03756586-1.86451007e-01j,0.06709421-8.41046573e-02j,0.33345873-7.92129043e-02j,-0.40045784+2.99444836e-03j],[0.09421154-1.64423172e-04j,0.04622044-2.73383011e-02j,-0.35376896+3.02585876e-01j,0.1108752-2.53133846e-03j],[-0.1726399-4.17935958e-02j,-0.12880676-6.88805416e-02j,0.05273829+1.32461414e-01j,0.19688794+2.35563096e-01j],[-0.04933611+2.14943411e-01j,-0.06123952+1.69267431e-01j,0.17293127-2.75507566e-01j,0.18118637-2.15617811e-01j]]]", "initial param values": "[2.10341155,4.98118856,3.2562992,2.80589907,1.88853824,5.1462335]", "nelder_mead": {"type": "gradient-free", "0": {"maxiter": 100, "fatol": 1e-05, "xatol": 1e-05, "duration": 0.03611016273498535, "fun": "0.4322787058676998", "nit": "100", "nfev": "154", "status": "2", "success": "False", "message": "Maximum number of iterations has been exceeded.", "x": "[ 0.5374289   6.56619479 -0.07398438  4.33229761  2.97326326  8.17549563]", "final_simplex": "(array([[ 0.5374289 ,  6.56619479, -0.07398438,  4.33229761,  2.97326326,\n         8.17549563],\n       [ 0.41466039,  6.45744608,  0.11830072,  4.36705404,  3.0010575 ,\n         8.10206277],\n       [ 0.55773776,  6.58109097, -0.00868743,  4.29028694,  2.90445659,\n         8.15118098],\n       [ 0.49769884,  6.51290141, -0.02091555,  4.29945374,  3.02542221,\n         8.14091506],\n       [ 0.51727367,  6.57653325,  0.04208514,  4.26831353,  2.93697051,\n         8.22989198],\n       [ 0.40090712,  6.4115034 ,  0.02378945,  4.37699541,  3.01936185,\n         8.35849113],\n       [ 0.56931361,  6.36646361,  0.07869187,  4.26043066,  2.93876467,\n         8.16743556]]), array([0.43227871, 0.43500791, 0.43527386, 0.43538013, 0.43549273,\n       0.43594096, 0.43624793]))", "callback": [0.8294047459798949, 0.736028797061888, 0.696255000764938, 0.5756540765545379, 0.5600917889074144, 0.4944438496214174, 0.4591182627706357, 0.4448845792588976, 0.4350079055434851]}, "1": {"maxiter": 100, "fatol": 1e-05, "xatol": 1e-10, "duration": 0.034909963607788086, "fun": "0.4322787058676998", "nit": "100", "nfev": "154", "status": "2", "success": "False", "message": "Maximum number of iterations has been exceeded.", "x": "[ 0.5374289   6.56619479 -0.07398438  4.33229761  2.97326326  8.17549563]", "final_simplex": "(array([[ 0.5374289 ,  6.56619479, -0.07398438,  4.33229761,  2.97326326,\n         8.17549563],\n       [ 0.41466039,  6.45744608,  0.11830072,  4.36705404,  3.0010575 ,\n         8.10206277],\n       [ 0.55773776,  6.58109097, -0.00868743,  4.29028694,  2.90445659,\n         8.15118098],\n       [ 0.49769884,  6.51290141, -0.02091555,  4.29945374,  3.02542221,\n         8.14091506],\n       [ 0.51727367,  6.57653325,  0.04208514,  4.26831353,  2.93697051,\n         8.22989198],\n       [ 0.40090712,  6.4115034 ,  0.02378945,  4.37699541,  3.01936185,\n         8.35849113],\n       [ 0.56931361,  6.36646361,  0.07869187,  4.26043066,  2.93876467,\n         8.16743556]]), array([0.43227871, 0.43500791, 0.43527386, 0.43538013, 0.43549273,\n       0.43594096, 0.43624793]))", "callback": [0.8294047459798949, 0.736028797061888, 0.696255000764938, 0.5756540765545379, 0.5600917889074144, 0.4944438496214174, 0.4591182627706357, 0.4448845792588976, 0.4350079055434851]}, "2": {"maxiter": 100, "fatol": 1e-10, "xatol": 1e-05, "duration": 0.034603118896484375, "fun": "0.4322787058676998", "nit": "100", "nfev": "154", "status": "2", "success": "False", "message": "Maximum number of iterations has been exceeded.", "x": "[ 0.5374289   6.56619479 -0.07398438  4.33229761  2.97326326  8.17549563]", "final_simplex": "(array([[ 0.5374289 ,  6.56619479, -0.07398438,  4.33229761,  2.97326326,\n         8.17549563],\n       [ 0.41466039,  6.45744608,  0.11830072,  4.36705404,  3.0010575 ,\n         8.10206277],\n       [ 0.55773776,  6.58109097, -0.00868743,  4.29028694,  2.90445659,\n         8.15118098],\n       [ 0.49769884,  6.51290141, -0.02091555,  4.29945374,  3.02542221,\n         8.14091506],\n       [ 0.51727367,  6.57653325,  0.04208514,  4.26831353,  2.93697051,\n         8.22989198],\n       [ 0.40090712,  6.4115034 ,  0.02378945,  4.37699541,  3.01936185,\n         8.35849113],\n       [ 0.56931361,  6.36646361,  0.07869187,  4.26043066,  2.93876467,\n         8.16743556]]), array([0.43227871, 0.43500791, 0.43527386, 0.43538013, 0.43549273,\n       0.43594096, 0.43624793]))", "callback": [0.8294047459798949, 0.736028797061888, 0.696255000764938, 0.5756540765545379, 0.5600917889074144, 0.4944438496214174, 0.4591182627706357, 0.4448845792588976, 0.4350079055434851]}, "3": {"maxiter": 100, "fatol": 1e-10, "xatol": 1e-10, "duration": 0.03470587730407715, "fun": "0.4322787058676998", "nit": "100", "nfev": "154", "status": "2", "success": "False", "message": "Maximum number of iterations has been exceeded.", "x": "[ 0.5374289   6.56619479 -0.07398438  4.33229761  2.97326326  8.17549563]", "final_simplex": "(array([[ 0.5374289 ,  6.56619479, -0.07398438,  4.33229761,  2.97326326,\n         8.17549563],\n       [ 0.41466039,  6.45744608,  0.11830072,  4.36705404,  3.0010575 ,\n         8.10206277],\n       [ 0.55773776,  6.58109097, -0.00868743,  4.29028694,  2.90445659,\n         8.15118098],\n       [ 0.49769884,  6.51290141, -0.02091555,  4.29945374,  3.02542221,\n         8.14091506],\n       [ 0.51727367,  6.57653325,  0.04208514,  4.26831353,  2.93697051,\n         8.22989198],\n       [ 0.40090712,  6.4115034 ,  0.02378945,  4.37699541,  3.01936185,\n         8.35849113],\n       [ 0.56931361,  6.36646361,  0.07869187,  4.26043066,  2.93876467,\n         8.16743556]]), array([0.43227871, 0.43500791, 0.43527386, 0.43538013, 0.43549273,\n       0.43594096, 0.43624793]))", "callback": [0.8294047459798949, 0.736028797061888, 0.696255000764938, 0.5756540765545379, 0.5600917889074144, 0.4944438496214174, 0.4591182627706357, 0.4448845792588976, 0.4350079055434851]}, "4": {"maxiter": 500, "fatol": 1e-05, "xatol": 1e-05, "duration": 0.11829185485839844, "fun": "0.3950763671356542", "nit": "333", "nfev": "534", "status": "0", "success": "True", "message": "Optimization terminated successfully.", "x": "[0.70487208 6.43424827 0.3819932  4.63187328 3.25476982 8.1948763 ]", "final_simplex": "(array([[0.70487208, 6.43424827, 0.3819932 , 4.63187328, 3.25476982,\n        8.1948763 ],\n       [0.70486889, 6.43424797, 0.38198802, 4.63186895, 3.25477114,\n        8.19488024],\n       [0.70486948, 6.43425094, 0.38199517, 4.63187034, 3.25477182,\n        8.19487736],\n       [0.70487236, 6.43425616, 0.38198731, 4.63187239, 3.25477096,\n        8.19488008],\n       [0.70487655, 6.43425133, 0.38199097, 4.63186608, 3.25477105,\n        8.19487515],\n       [0.70487817, 6.43424087, 0.38200121, 4.63186635, 3.25477672,\n        8.19487696],\n       [0.7048684 , 6.4342458 , 0.38199599, 4.63186998, 3.25477977,\n        8.19487717]]), array([0.39507637, 0.39507637, 0.39507637, 0.39507637, 0.39507637,\n       0.39507637, 0.39507637]))", "callback": [0.8294047459798949, 0.736028797061888, 0.696255000764938, 0.5756540765545379, 0.5600917889074144, 0.4944438496214174, 0.4591182627706357, 0.4448845792588976, 0.4350079055434851, 0.43202757755236953, 0.4300061125312695, 0.42764018567810924, 0.4253666279531714, 0.4213674072558834, 0.4097811402370577, 0.40292934931123836, 0.3978665913880566, 0.39677631907352295, 0.39588375334615533, 0.39544326242797456, 0.39520434513489155, 0.3951275651392968, 0.39509498435620405, 0.3950786636489366, 0.3950786636489366, 0.395076950815491, 0.39507646734608237, 0.39507638130444944, 0.3950763691990029, 0.39507636756921505, 0.39507636721015027, 0.3950763671444558, 0.39507636713713445]}, "5": {"maxiter": 500, "fatol": 1e-05, "xatol": 1e-10, "duration": 0.16982507705688477, "fun": "0.39507636713319305", "nit": "437", "nfev": "766", "status": "0", "success": "True", "message": "Optimization terminated successfully.", "x": "[0.70487253 6.43424813 0.38199197 4.63186992 3.25477172 8.19487935]", "final_simplex": "(array([[0.70487253, 6.43424813, 0.38199197, 4.63186992, 3.25477172,\n        8.19487935],\n       [0.70487253, 6.43424813, 0.38199197, 4.63186992, 3.25477172,\n        8.19487935],\n       [0.70487253, 6.43424813, 0.38199197, 4.63186992, 3.25477172,\n        8.19487935],\n       [0.70487253, 6.43424813, 0.38199197, 4.63186992, 3.25477172,\n        8.19487935],\n       [0.70487253, 6.43424813, 0.38199197, 4.63186992, 3.25477172,\n        8.19487935],\n       [0.70487253, 6.43424813, 0.38199197, 4.63186992, 3.25477172,\n        8.19487935],\n       [0.70487253, 6.43424813, 0.38199197, 4.63186992, 3.25477172,\n        8.19487935]]), array([0.39507637, 0.39507637, 0.39507637, 0.39507637, 0.39507637,\n       0.39507637, 0.39507637]))", "callback": [0.8294047459798949, 0.736028797061888, 0.696255000764938, 0.5756540765545379, 0.5600917889074144, 0.4944438496214174, 0.4591182627706357, 0.4448845792588976, 0.4350079055434851, 0.43202757755236953, 0.4300061125312695, 0.42764018567810924, 0.4253666279531714, 0.4213674072558834, 0.4097811402370577, 0.40292934931123836, 0.3978665913880566, 0.39677631907352295, 0.39588375334615533, 0.39544326242797456, 0.39520434513489155, 0.3951275651392968, 0.39509498435620405, 0.3950786636489366, 0.3950786636489366, 0.395076950815491, 0.39507646734608237, 0.39507638130444944, 0.3950763691990029, 0.39507636756921505, 0.39507636721015027, 0.3950763671444558, 0.39507636713713445, 0.39507636713396355, 0.3950763671333598, 0.39507636713322947, 0.39507636713320216, 0.3950763671331967, 0.3950763671331936, 0.39507636713319316, 0.39507636713319305, 0.39507636713319305, 0.39507636713319305]}, "6": {"maxiter": 500, "fatol": 1e-10, "xatol": 1e-05, "duration": 0.11924290657043457, "fun": "0.3950763671356542", "nit": "333", "nfev": "534", "status": "0", "success": "True", "message": "Optimization terminated successfully.", "x": "[0.70487208 6.43424827 0.3819932  4.63187328 3.25476982 8.1948763 ]", "final_simplex": "(array([[0.70487208, 6.43424827, 0.3819932 , 4.63187328, 3.25476982,\n        8.1948763 ],\n       [0.70486889, 6.43424797, 0.38198802, 4.63186895, 3.25477114,\n        8.19488024],\n       [0.70486948, 6.43425094, 0.38199517, 4.63187034, 3.25477182,\n        8.19487736],\n       [0.70487236, 6.43425616, 0.38198731, 4.63187239, 3.25477096,\n        8.19488008],\n       [0.70487655, 6.43425133, 0.38199097, 4.63186608, 3.25477105,\n        8.19487515],\n       [0.70487817, 6.43424087, 0.38200121, 4.63186635, 3.25477672,\n        8.19487696],\n       [0.7048684 , 6.4342458 , 0.38199599, 4.63186998, 3.25477977,\n        8.19487717]]), array([0.39507637, 0.39507637, 0.39507637, 0.39507637, 0.39507637,\n       0.39507637, 0.39507637]))", "callback": [0.8294047459798949, 0.736028797061888, 0.696255000764938, 0.5756540765545379, 0.5600917889074144, 0.4944438496214174, 0.4591182627706357, 0.4448845792588976, 0.4350079055434851, 0.43202757755236953, 0.4300061125312695, 0.42764018567810924, 0.4253666279531714, 0.4213674072558834, 0.4097811402370577, 0.40292934931123836, 0.3978665913880566, 0.39677631907352295, 0.39588375334615533, 0.39544326242797456, 0.39520434513489155, 0.3951275651392968, 0.39509498435620405, 0.3950786636489366, 0.3950786636489366, 0.395076950815491, 0.39507646734608237, 0.39507638130444944, 0.3950763691990029, 0.39507636756921505, 0.39507636721015027, 0.3950763671444558, 0.39507636713713445]}, "7": {"maxiter": 500, "fatol": 1e-10, "xatol": 1e-10, "duration": 0.2068929672241211, "fun": "0.39507636713319305", "nit": "437", "nfev": "766", "status": "0", "success": "True", "message": "Optimization terminated successfully.", "x": "[0.70487253 6.43424813 0.38199197 4.63186992 3.25477172 8.19487935]", "final_simplex": "(array([[0.70487253, 6.43424813, 0.38199197, 4.63186992, 3.25477172,\n        8.19487935],\n       [0.70487253, 6.43424813, 0.38199197, 4.63186992, 3.25477172,\n        8.19487935],\n       [0.70487253, 6.43424813, 0.38199197, 4.63186992, 3.25477172,\n        8.19487935],\n       [0.70487253, 6.43424813, 0.38199197, 4.63186992, 3.25477172,\n        8.19487935],\n       [0.70487253, 6.43424813, 0.38199197, 4.63186992, 3.25477172,\n        8.19487935],\n       [0.70487253, 6.43424813, 0.38199197, 4.63186992, 3.25477172,\n        8.19487935],\n       [0.70487253, 6.43424813, 0.38199197, 4.63186992, 3.25477172,\n        8.19487935]]), array([0.39507637, 0.39507637, 0.39507637, 0.39507637, 0.39507637,\n       0.39507637, 0.39507637]))", "callback": [0.8294047459798949, 0.736028797061888, 0.696255000764938, 0.5756540765545379, 0.5600917889074144, 0.4944438496214174, 0.4591182627706357, 0.4448845792588976, 0.4350079055434851, 0.43202757755236953, 0.4300061125312695, 0.42764018567810924, 0.4253666279531714, 0.4213674072558834, 0.4097811402370577, 0.40292934931123836, 0.3978665913880566, 0.39677631907352295, 0.39588375334615533, 0.39544326242797456, 0.39520434513489155, 0.3951275651392968, 0.39509498435620405, 0.3950786636489366, 0.3950786636489366, 0.395076950815491, 0.39507646734608237, 0.39507638130444944, 0.3950763691990029, 0.39507636756921505, 0.39507636721015027, 0.3950763671444558, 0.39507636713713445, 0.39507636713396355, 0.3950763671333598, 0.39507636713322947, 0.39507636713320216, 0.3950763671331967, 0.3950763671331936, 0.39507636713319316, 0.39507636713319305, 0.39507636713319305, 0.39507636713319305]}, "8": {"maxiter": 1000, "fatol": 1e-05, "xatol": 1e-05, "duration": 0.1256709098815918, "fun": "0.3950763671356542", "nit": "333", "nfev": "534", "status": "0", "success": "True", "message": "Optimization terminated successfully.", "x": "[0.70487208 6.43424827 0.3819932  4.63187328 3.25476982 8.1948763 ]", "final_simplex": "(array([[0.70487208, 6.43424827, 0.3819932 , 4.63187328, 3.25476982,\n        8.1948763 ],\n       [0.70486889, 6.43424797, 0.38198802, 4.63186895, 3.25477114,\n        8.19488024],\n       [0.70486948, 6.43425094, 0.38199517, 4.63187034, 3.25477182,\n        8.19487736],\n       [0.70487236, 6.43425616, 0.38198731, 4.63187239, 3.25477096,\n        8.19488008],\n       [0.70487655, 6.43425133, 0.38199097, 4.63186608, 3.25477105,\n        8.19487515],\n       [0.70487817, 6.43424087, 0.38200121, 4.63186635, 3.25477672,\n        8.19487696],\n       [0.7048684 , 6.4342458 , 0.38199599, 4.63186998, 3.25477977,\n        8.19487717]]), array([0.39507637, 0.39507637, 0.39507637, 0.39507637, 0.39507637,\n       0.39507637, 0.39507637]))", "callback": [0.8294047459798949, 0.736028797061888, 0.696255000764938, 0.5756540765545379, 0.5600917889074144, 0.4944438496214174, 0.4591182627706357, 0.4448845792588976, 0.4350079055434851, 0.43202757755236953, 0.4300061125312695, 0.42764018567810924, 0.4253666279531714, 0.4213674072558834, 0.4097811402370577, 0.40292934931123836, 0.3978665913880566, 0.39677631907352295, 0.39588375334615533, 0.39544326242797456, 0.39520434513489155, 0.3951275651392968, 0.39509498435620405, 0.3950786636489366, 0.3950786636489366, 0.395076950815491, 0.39507646734608237, 0.39507638130444944, 0.3950763691990029, 0.39507636756921505, 0.39507636721015027, 0.3950763671444558, 0.39507636713713445]}, "9": {"maxiter": 1000, "fatol": 1e-05, "xatol": 1e-10, "duration": 0.17444992065429688, "fun": "0.39507636713319305", "nit": "437", "nfev": "766", "status": "0", "success": "True", "message": "Optimization terminated successfully.", "x": "[0.70487253 6.43424813 0.38199197 4.63186992 3.25477172 8.19487935]", "final_simplex": "(array([[0.70487253, 6.43424813, 0.38199197, 4.63186992, 3.25477172,\n        8.19487935],\n       [0.70487253, 6.43424813, 0.38199197, 4.63186992, 3.25477172,\n        8.19487935],\n       [0.70487253, 6.43424813, 0.38199197, 4.63186992, 3.25477172,\n        8.19487935],\n       [0.70487253, 6.43424813, 0.38199197, 4.63186992, 3.25477172,\n        8.19487935],\n       [0.70487253, 6.43424813, 0.38199197, 4.63186992, 3.25477172,\n        8.19487935],\n       [0.70487253, 6.43424813, 0.38199197, 4.63186992, 3.25477172,\n        8.19487935],\n       [0.70487253, 6.43424813, 0.38199197, 4.63186992, 3.25477172,\n        8.19487935]]), array([0.39507637, 0.39507637, 0.39507637, 0.39507637, 0.39507637,\n       0.39507637, 0.39507637]))", "callback": [0.8294047459798949, 0.736028797061888, 0.696255000764938, 0.5756540765545379, 0.5600917889074144, 0.4944438496214174, 0.4591182627706357, 0.4448845792588976, 0.4350079055434851, 0.43202757755236953, 0.4300061125312695, 0.42764018567810924, 0.4253666279531714, 0.4213674072558834, 0.4097811402370577, 0.40292934931123836, 0.3978665913880566, 0.39677631907352295, 0.39588375334615533, 0.39544326242797456, 0.39520434513489155, 0.3951275651392968, 0.39509498435620405, 0.3950786636489366, 0.3950786636489366, 0.395076950815491, 0.39507646734608237, 0.39507638130444944, 0.3950763691990029, 0.39507636756921505, 0.39507636721015027, 0.3950763671444558, 0.39507636713713445, 0.39507636713396355, 0.3950763671333598, 0.39507636713322947, 0.39507636713320216, 0.3950763671331967, 0.3950763671331936, 0.39507636713319316, 0.39507636713319305, 0.39507636713319305, 0.39507636713319305]}, "10": {"maxiter": 1000, "fatol": 1e-10, "xatol": 1e-05, "duration": 0.1391890048980713, "fun": "0.3950763671356542", "nit": "333", "nfev": "534", "status": "0", "success": "True", "message": "Optimization terminated successfully.", "x": "[0.70487208 6.43424827 0.3819932  4.63187328 3.25476982 8.1948763 ]", "final_simplex": "(array([[0.70487208, 6.43424827, 0.3819932 , 4.63187328, 3.25476982,\n        8.1948763 ],\n       [0.70486889, 6.43424797, 0.38198802, 4.63186895, 3.25477114,\n        8.19488024],\n       [0.70486948, 6.43425094, 0.38199517, 4.63187034, 3.25477182,\n        8.19487736],\n       [0.70487236, 6.43425616, 0.38198731, 4.63187239, 3.25477096,\n        8.19488008],\n       [0.70487655, 6.43425133, 0.38199097, 4.63186608, 3.25477105,\n        8.19487515],\n       [0.70487817, 6.43424087, 0.38200121, 4.63186635, 3.25477672,\n        8.19487696],\n       [0.7048684 , 6.4342458 , 0.38199599, 4.63186998, 3.25477977,\n        8.19487717]]), array([0.39507637, 0.39507637, 0.39507637, 0.39507637, 0.39507637,\n       0.39507637, 0.39507637]))", "callback": [0.8294047459798949, 0.736028797061888, 0.696255000764938, 0.5756540765545379, 0.5600917889074144, 0.4944438496214174, 0.4591182627706357, 0.4448845792588976, 0.4350079055434851, 0.43202757755236953, 0.4300061125312695, 0.42764018567810924, 0.4253666279531714, 0.4213674072558834, 0.4097811402370577, 0.40292934931123836, 0.3978665913880566, 0.39677631907352295, 0.39588375334615533, 0.39544326242797456, 0.39520434513489155, 0.3951275651392968, 0.39509498435620405, 0.3950786636489366, 0.3950786636489366, 0.395076950815491, 0.39507646734608237, 0.39507638130444944, 0.3950763691990029, 0.39507636756921505, 0.39507636721015027, 0.3950763671444558, 0.39507636713713445]}, "11": {"maxiter": 1000, "fatol": 1e-10, "xatol": 1e-10, "duration": 0.18450474739074707, "fun": "0.39507636713319305", "nit": "437", "nfev": "766", "status": "0", "success": "True", "message": "Optimization terminated successfully.", "x": "[0.70487253 6.43424813 0.38199197 4.63186992 3.25477172 8.19487935]", "final_simplex": "(array([[0.70487253, 6.43424813, 0.38199197, 4.63186992, 3.25477172,\n        8.19487935],\n       [0.70487253, 6.43424813, 0.38199197, 4.63186992, 3.25477172,\n        8.19487935],\n       [0.70487253, 6.43424813, 0.38199197, 4.63186992, 3.25477172,\n        8.19487935],\n       [0.70487253, 6.43424813, 0.38199197, 4.63186992, 3.25477172,\n        8.19487935],\n       [0.70487253, 6.43424813, 0.38199197, 4.63186992, 3.25477172,\n        8.19487935],\n       [0.70487253, 6.43424813, 0.38199197, 4.63186992, 3.25477172,\n        8.19487935],\n       [0.70487253, 6.43424813, 0.38199197, 4.63186992, 3.25477172,\n        8.19487935]]), array([0.39507637, 0.39507637, 0.39507637, 0.39507637, 0.39507637,\n       0.39507637, 0.39507637]))", "callback": [0.8294047459798949, 0.736028797061888, 0.696255000764938, 0.5756540765545379, 0.5600917889074144, 0.4944438496214174, 0.4591182627706357, 0.4448845792588976, 0.4350079055434851, 0.43202757755236953, 0.4300061125312695, 0.42764018567810924, 0.4253666279531714, 0.4213674072558834, 0.4097811402370577, 0.40292934931123836, 0.3978665913880566, 0.39677631907352295, 0.39588375334615533, 0.39544326242797456, 0.39520434513489155, 0.3951275651392968, 0.39509498435620405, 0.3950786636489366, 0.3950786636489366, 0.395076950815491, 0.39507646734608237, 0.39507638130444944, 0.3950763691990029, 0.39507636756921505, 0.39507636721015027, 0.3950763671444558, 0.39507636713713445, 0.39507636713396355, 0.3950763671333598, 0.39507636713322947, 0.39507636713320216, 0.3950763671331967, 0.3950763671331936, 0.39507636713319316, 0.39507636713319305, 0.39507636713319305, 0.39507636713319305]}}, "bfgs": {"type": "gradient", "0": {"maxiter": 100, "gtol": 1e-05, "xrtol": 1e-05, "eps": 1e-05, "duration": 0.04291105270385742, "fun": "0.395076367256915", "jac": "[-1.85633731e-06  6.55028254e-06  5.67941250e-06  1.96476169e-07\n -3.21510596e-06  2.62097011e-06]", "hess_inv": "[[ 4.92627589  0.5059332  -0.88280283  2.06731567 -0.74447288  0.16781226]\n [ 0.5059332   7.10797221 -5.77073411 -0.54368038  0.24770278 -0.79405431]\n [-0.88280283 -5.77073411  8.85839533 -0.44143709  1.2365753  -1.16639535]\n [ 2.06731567 -0.54368038 -0.44143709  5.07524459  0.20514039  0.71175194]\n [-0.74447288  0.24770278  1.2365753   0.20514039  3.80180735  0.07771701]\n [ 0.16781226 -0.79405431 -1.16639535  0.71175194  0.07771701  4.14154472]]", "nfev": "182", "njev": "26", "status": "0", "success": "True", "message": "Optimization terminated successfully.", "x": "[0.70485126 6.43426703 0.38199507 1.65129705 0.11316583 5.05328139]", "nit": "22", "callback": [0.40407329358955557, 0.3950764250778822]}, "1": {"maxiter": 100, "gtol": 1e-05, "xrtol": 1e-05, "eps": 1e-10, "duration": 0.043354034423828125, "fun": "0.3950763672660299", "jac": "[-4.44089173e-06  2.22044587e-06  0.00000000e+00 -1.11022293e-06\n -6.66133852e-06  0.00000000e+00]", "hess_inv": "[[ 4.8881317   0.53459533 -0.97276848  1.98138469 -0.85571539  0.11962837]\n [ 0.53459533  7.10028469 -5.73354432 -0.48696481  0.29069282 -0.77086398]\n [-0.97276848 -5.73354432  8.78764698 -0.5475335   1.21835027 -1.20727363]\n [ 1.98138469 -0.48696481 -0.5475335   4.95808763  0.14425072  0.66108954]\n [-0.85571539  0.29069282  1.21835027  0.14425072  3.90270944  0.06224217]\n [ 0.11962837 -0.77086398 -1.20727363  0.66108954  0.06224217  4.1162957 ]]", "nfev": "182", "njev": "26", "status": "0", "success": "True", "message": "Optimization terminated successfully.", "x": "[0.70485207 6.43426982 0.38198663 1.6512975  0.11316034 5.05328011]", "nit": "22", "callback": [0.4040695389789609, 0.39507642348566374]}, "2": {"maxiter": 100, "gtol": 1e-05, "xrtol": 1e-10, "eps": 1e-05, "duration": 0.04269218444824219, "fun": "0.395076367256915", "jac": "[-1.85633731e-06  6.55028254e-06  5.67941250e-06  1.96476169e-07\n -3.21510596e-06  2.62097011e-06]", "hess_inv": "[[ 4.92627589  0.5059332  -0.88280283  2.06731567 -0.74447288  0.16781226]\n [ 0.5059332   7.10797221 -5.77073411 -0.54368038  0.24770278 -0.79405431]\n [-0.88280283 -5.77073411  8.85839533 -0.44143709  1.2365753  -1.16639535]\n [ 2.06731567 -0.54368038 -0.44143709  5.07524459  0.20514039  0.71175194]\n [-0.74447288  0.24770278  1.2365753   0.20514039  3.80180735  0.07771701]\n [ 0.16781226 -0.79405431 -1.16639535  0.71175194  0.07771701  4.14154472]]", "nfev": "182", "njev": "26", "status": "0", "success": "True", "message": "Optimization terminated successfully.", "x": "[0.70485126 6.43426703 0.38199507 1.65129705 0.11316583 5.05328139]", "nit": "22", "callback": [0.40407329358955557, 0.3950764250778822]}, "3": {"maxiter": 100, "gtol": 1e-05, "xrtol": 1e-10, "eps": 1e-10, "duration": 0.04207611083984375, "fun": "0.3950763672660299", "jac": "[-4.44089173e-06  2.22044587e-06  0.00000000e+00 -1.11022293e-06\n -6.66133852e-06  0.00000000e+00]", "hess_inv": "[[ 4.8881317   0.53459533 -0.97276848  1.98138469 -0.85571539  0.11962837]\n [ 0.53459533  7.10028469 -5.73354432 -0.48696481  0.29069282 -0.77086398]\n [-0.97276848 -5.73354432  8.78764698 -0.5475335   1.21835027 -1.20727363]\n [ 1.98138469 -0.48696481 -0.5475335   4.95808763  0.14425072  0.66108954]\n [-0.85571539  0.29069282  1.21835027  0.14425072  3.90270944  0.06224217]\n [ 0.11962837 -0.77086398 -1.20727363  0.66108954  0.06224217  4.1162957 ]]", "nfev": "182", "njev": "26", "status": "0", "success": "True", "message": "Optimization terminated successfully.", "x": "[0.70485207 6.43426982 0.38198663 1.6512975  0.11316034 5.05328011]", "nit": "22", "callback": [0.4040695389789609, 0.39507642348566374]}, "4": {"maxiter": 100, "gtol": 1e-10, "xrtol": 1e-05, "eps": 1e-05, "duration": 0.04391598701477051, "fun": "0.3950763671660298", "jac": "[-7.73103803e-07  1.92342808e-06  1.35625955e-06  9.33753075e-07\n -1.78256299e-06  8.44657677e-07]", "hess_inv": "[[ 5.13970906  0.24727061 -1.05480685  2.30183291 -0.70992818  0.21470806]\n [ 0.24727061  7.37636187 -5.62529764 -0.87360028  0.2562541  -0.87037491]\n [-1.05480685 -5.62529764  8.90893323 -0.69431409  1.27920244 -1.23142488]\n [ 2.30183291 -0.87360028 -0.69431409  5.28659689  0.29420532  0.74352627]\n [-0.70992818  0.2562541   1.27920244  0.29420532  3.75102259  0.10709757]\n [ 0.21470806 -0.87037491 -1.23142488  0.74352627  0.10709757  4.14342634]]", "nfev": "189", "njev": "27", "status": "0", "success": "True", "message": "Optimization terminated successfully.", "x": "[0.70486187 6.4342544  0.38198684 1.65130895 0.11316729 5.05328382]", "nit": "23", "callback": [0.40407329358955557, 0.3950764250778822]}, "5": {"maxiter": 100, "gtol": 1e-10, "xrtol": 1e-05, "eps": 1e-10, "duration": 0.0446019172668457, "fun": "0.39507636716716343", "jac": "[0.00000000e+00 4.44089173e-06 4.44089173e-06 2.22044587e-06\n 0.00000000e+00 2.22044587e-06]", "hess_inv": "[[ 5.66314448e+00 -3.07146471e-03 -8.71704714e-01  2.92653041e+00\n  -7.09413804e-01  3.21532717e-01]\n [-3.07146471e-03  7.47321849e+00 -5.79829164e+00 -1.14438927e+00\n   1.96441472e-01 -9.11343910e-01]\n [-8.71704714e-01 -5.79829164e+00  8.41014422e+00 -2.98502123e-01\n   7.09880533e-01 -1.15121301e+00]\n [ 2.92653041e+00 -1.14438927e+00 -2.98502123e-01  6.07021829e+00\n   4.92515332e-01  8.97744210e-01]\n [-7.09413804e-01  1.96441472e-01  7.09880533e-01  4.92515332e-01\n   3.21796547e+00  1.40503841e-01]\n [ 3.21532717e-01 -9.11343910e-01 -1.15121301e+00  8.97744210e-01\n   1.40503841e-01  4.16663266e+00]]", "nfev": "189", "njev": "27", "status": "0", "success": "True", "message": "Optimization terminated successfully.", "x": "[0.70487575 6.43425325 0.38200003 1.65132306 0.11317874 5.0532855 ]", "nit": "23", "callback": [0.4040695389789609, 0.39507642348566374]}, "6": {"maxiter": 100, "gtol": 1e-10, "xrtol": 1e-10, "eps": 1e-05, "duration": 0.08181977272033691, "fun": "0.3950763671521913", "jac": "[-1.49535939e-07  8.67306227e-08  1.88737914e-08  2.50754972e-07\n -1.44007029e-07  8.67861338e-08]", "hess_inv": "[[ 5.2103975  -0.15835315 -0.67648594  2.0835227  -0.30272943  0.10302613]\n [-0.15835315  8.24947545 -6.14035077 -0.5133314  -0.37647884 -0.61292769]\n [-0.67648594 -6.14035077  9.15946264 -0.88280575  1.52235101 -1.42861038]\n [ 2.0835227  -0.5133314  -0.88280575  5.20939558  0.13213218  0.80567367]\n [-0.30272943 -0.37647884  1.52235101  0.13213218  4.08859696 -0.0742027 ]\n [ 0.10302613 -0.61292769 -1.42861038  0.80567367 -0.0742027   4.21418261]]", "nfev": "354", "njev": "49", "status": "2", "success": "False", "message": "Desired error not necessarily achieved due to precision loss.", "x": "[0.70486455 6.4342475  0.38198907 1.65130851 0.11317227 5.05328312]", "nit": "26", "callback": [0.40407329358955557, 0.3950764250778822]}, "7": {"maxiter": 100, "gtol": 1e-10, "xrtol": 1e-10, "eps": 1e-10, "duration": 0.0943000316619873, "fun": "0.3950763671357943", "jac": "[ 0.00000000e+00  0.00000000e+00  0.00000000e+00  0.00000000e+00\n  0.00000000e+00 -1.11022293e-06]", "hess_inv": "[[  1.98268583   4.12541133  -5.00941934   1.1894314   -5.39315063\n    0.79793592]\n [  4.12541133   9.47833933 -11.59404821   2.99545541 -12.66178092\n    1.90740702]\n [ -5.00941934 -11.59404821  14.27834893  -3.65298414  15.48735852\n   -2.41769635]\n [  1.1894314    2.99545541  -3.65298414   1.13451365  -4.19366513\n    0.58619501]\n [ -5.39315063 -12.66178092  15.48735852  -4.19366513  17.11619833\n   -2.53647677]\n [  0.79793592   1.90740702  -2.41769635   0.58619501  -2.53647677\n    0.46337878]]", "nfev": "399", "njev": "57", "status": "0", "success": "True", "message": "Optimization terminated successfully.", "x": "[0.70487467 6.43424377 0.38199658 1.65131484 0.11318003 5.05328439]", "nit": "34", "callback": [0.4040695389789609, 0.39507642348566374, 0.39507636713653715]}, "8": {"maxiter": 500, "gtol": 1e-05, "xrtol": 1e-05, "eps": 1e-05, "duration": 0.04213213920593262, "fun": "0.395076367256915", "jac": "[-1.85633731e-06  6.55028254e-06  5.67941250e-06  1.96476169e-07\n -3.21510596e-06  2.62097011e-06]", "hess_inv": "[[ 4.92627589  0.5059332  -0.88280283  2.06731567 -0.74447288  0.16781226]\n [ 0.5059332   7.10797221 -5.77073411 -0.54368038  0.24770278 -0.79405431]\n [-0.88280283 -5.77073411  8.85839533 -0.44143709  1.2365753  -1.16639535]\n [ 2.06731567 -0.54368038 -0.44143709  5.07524459  0.20514039  0.71175194]\n [-0.74447288  0.24770278  1.2365753   0.20514039  3.80180735  0.07771701]\n [ 0.16781226 -0.79405431 -1.16639535  0.71175194  0.07771701  4.14154472]]", "nfev": "182", "njev": "26", "status": "0", "success": "True", "message": "Optimization terminated successfully.", "x": "[0.70485126 6.43426703 0.38199507 1.65129705 0.11316583 5.05328139]", "nit": "22", "callback": [0.40407329358955557, 0.3950764250778822]}, "9": {"maxiter": 500, "gtol": 1e-05, "xrtol": 1e-05, "eps": 1e-10, "duration": 0.042120933532714844, "fun": "0.3950763672660299", "jac": "[-4.44089173e-06  2.22044587e-06  0.00000000e+00 -1.11022293e-06\n -6.66133852e-06  0.00000000e+00]", "hess_inv": "[[ 4.8881317   0.53459533 -0.97276848  1.98138469 -0.85571539  0.11962837]\n [ 0.53459533  7.10028469 -5.73354432 -0.48696481  0.29069282 -0.77086398]\n [-0.97276848 -5.73354432  8.78764698 -0.5475335   1.21835027 -1.20727363]\n [ 1.98138469 -0.48696481 -0.5475335   4.95808763  0.14425072  0.66108954]\n [-0.85571539  0.29069282  1.21835027  0.14425072  3.90270944  0.06224217]\n [ 0.11962837 -0.77086398 -1.20727363  0.66108954  0.06224217  4.1162957 ]]", "nfev": "182", "njev": "26", "status": "0", "success": "True", "message": "Optimization terminated successfully.", "x": "[0.70485207 6.43426982 0.38198663 1.6512975  0.11316034 5.05328011]", "nit": "22", "callback": [0.4040695389789609, 0.39507642348566374]}, "10": {"maxiter": 500, "gtol": 1e-05, "xrtol": 1e-10, "eps": 1e-05, "duration": 0.04351806640625, "fun": "0.395076367256915", "jac": "[-1.85633731e-06  6.55028254e-06  5.67941250e-06  1.96476169e-07\n -3.21510596e-06  2.62097011e-06]", "hess_inv": "[[ 4.92627589  0.5059332  -0.88280283  2.06731567 -0.74447288  0.16781226]\n [ 0.5059332   7.10797221 -5.77073411 -0.54368038  0.24770278 -0.79405431]\n [-0.88280283 -5.77073411  8.85839533 -0.44143709  1.2365753  -1.16639535]\n [ 2.06731567 -0.54368038 -0.44143709  5.07524459  0.20514039  0.71175194]\n [-0.74447288  0.24770278  1.2365753   0.20514039  3.80180735  0.07771701]\n [ 0.16781226 -0.79405431 -1.16639535  0.71175194  0.07771701  4.14154472]]", "nfev": "182", "njev": "26", "status": "0", "success": "True", "message": "Optimization terminated successfully.", "x": "[0.70485126 6.43426703 0.38199507 1.65129705 0.11316583 5.05328139]", "nit": "22", "callback": [0.40407329358955557, 0.3950764250778822]}, "11": {"maxiter": 500, "gtol": 1e-05, "xrtol": 1e-10, "eps": 1e-10, "duration": 0.04156804084777832, "fun": "0.3950763672660299", "jac": "[-4.44089173e-06  2.22044587e-06  0.00000000e+00 -1.11022293e-06\n -6.66133852e-06  0.00000000e+00]", "hess_inv": "[[ 4.8881317   0.53459533 -0.97276848  1.98138469 -0.85571539  0.11962837]\n [ 0.53459533  7.10028469 -5.73354432 -0.48696481  0.29069282 -0.77086398]\n [-0.97276848 -5.73354432  8.78764698 -0.5475335   1.21835027 -1.20727363]\n [ 1.98138469 -0.48696481 -0.5475335   4.95808763  0.14425072  0.66108954]\n [-0.85571539  0.29069282  1.21835027  0.14425072  3.90270944  0.06224217]\n [ 0.11962837 -0.77086398 -1.20727363  0.66108954  0.06224217  4.1162957 ]]", "nfev": "182", "njev": "26", "status": "0", "success": "True", "message": "Optimization terminated successfully.", "x": "[0.70485207 6.43426982 0.38198663 1.6512975  0.11316034 5.05328011]", "nit": "22", "callback": [0.4040695389789609, 0.39507642348566374]}, "12": {"maxiter": 500, "gtol": 1e-10, "xrtol": 1e-05, "eps": 1e-05, "duration": 0.043204307556152344, "fun": "0.3950763671660298", "jac": "[-7.73103803e-07  1.92342808e-06  1.35625955e-06  9.33753075e-07\n -1.78256299e-06  8.44657677e-07]", "hess_inv": "[[ 5.13970906  0.24727061 -1.05480685  2.30183291 -0.70992818  0.21470806]\n [ 0.24727061  7.37636187 -5.62529764 -0.87360028  0.2562541  -0.87037491]\n [-1.05480685 -5.62529764  8.90893323 -0.69431409  1.27920244 -1.23142488]\n [ 2.30183291 -0.87360028 -0.69431409  5.28659689  0.29420532  0.74352627]\n [-0.70992818  0.2562541   1.27920244  0.29420532  3.75102259  0.10709757]\n [ 0.21470806 -0.87037491 -1.23142488  0.74352627  0.10709757  4.14342634]]", "nfev": "189", "njev": "27", "status": "0", "success": "True", "message": "Optimization terminated successfully.", "x": "[0.70486187 6.4342544  0.38198684 1.65130895 0.11316729 5.05328382]", "nit": "23", "callback": [0.40407329358955557, 0.3950764250778822]}, "13": {"maxiter": 500, "gtol": 1e-10, "xrtol": 1e-05, "eps": 1e-10, "duration": 0.0431208610534668, "fun": "0.39507636716716343", "jac": "[0.00000000e+00 4.44089173e-06 4.44089173e-06 2.22044587e-06\n 0.00000000e+00 2.22044587e-06]", "hess_inv": "[[ 5.66314448e+00 -3.07146471e-03 -8.71704714e-01  2.92653041e+00\n  -7.09413804e-01  3.21532717e-01]\n [-3.07146471e-03  7.47321849e+00 -5.79829164e+00 -1.14438927e+00\n   1.96441472e-01 -9.11343910e-01]\n [-8.71704714e-01 -5.79829164e+00  8.41014422e+00 -2.98502123e-01\n   7.09880533e-01 -1.15121301e+00]\n [ 2.92653041e+00 -1.14438927e+00 -2.98502123e-01  6.07021829e+00\n   4.92515332e-01  8.97744210e-01]\n [-7.09413804e-01  1.96441472e-01  7.09880533e-01  4.92515332e-01\n   3.21796547e+00  1.40503841e-01]\n [ 3.21532717e-01 -9.11343910e-01 -1.15121301e+00  8.97744210e-01\n   1.40503841e-01  4.16663266e+00]]", "nfev": "189", "njev": "27", "status": "0", "success": "True", "message": "Optimization terminated successfully.", "x": "[0.70487575 6.43425325 0.38200003 1.65132306 0.11317874 5.0532855 ]", "nit": "23", "callback": [0.4040695389789609, 0.39507642348566374]}, "14": {"maxiter": 500, "gtol": 1e-10, "xrtol": 1e-10, "eps": 1e-05, "duration": 0.08120012283325195, "fun": "0.3950763671521913", "jac": "[-1.49535939e-07  8.67306227e-08  1.88737914e-08  2.50754972e-07\n -1.44007029e-07  8.67861338e-08]", "hess_inv": "[[ 5.2103975  -0.15835315 -0.67648594  2.0835227  -0.30272943  0.10302613]\n [-0.15835315  8.24947545 -6.14035077 -0.5133314  -0.37647884 -0.61292769]\n [-0.67648594 -6.14035077  9.15946264 -0.88280575  1.52235101 -1.42861038]\n [ 2.0835227  -0.5133314  -0.88280575  5.20939558  0.13213218  0.80567367]\n [-0.30272943 -0.37647884  1.52235101  0.13213218  4.08859696 -0.0742027 ]\n [ 0.10302613 -0.61292769 -1.42861038  0.80567367 -0.0742027   4.21418261]]", "nfev": "354", "njev": "49", "status": "2", "success": "False", "message": "Desired error not necessarily achieved due to precision loss.", "x": "[0.70486455 6.4342475  0.38198907 1.65130851 0.11317227 5.05328312]", "nit": "26", "callback": [0.40407329358955557, 0.3950764250778822]}, "15": {"maxiter": 500, "gtol": 1e-10, "xrtol": 1e-10, "eps": 1e-10, "duration": 0.09084272384643555, "fun": "0.3950763671357943", "jac": "[ 0.00000000e+00  0.00000000e+00  0.00000000e+00  0.00000000e+00\n  0.00000000e+00 -1.11022293e-06]", "hess_inv": "[[  1.98268583   4.12541133  -5.00941934   1.1894314   -5.39315063\n    0.79793592]\n [  4.12541133   9.47833933 -11.59404821   2.99545541 -12.66178092\n    1.90740702]\n [ -5.00941934 -11.59404821  14.27834893  -3.65298414  15.48735852\n   -2.41769635]\n [  1.1894314    2.99545541  -3.65298414   1.13451365  -4.19366513\n    0.58619501]\n [ -5.39315063 -12.66178092  15.48735852  -4.19366513  17.11619833\n   -2.53647677]\n [  0.79793592   1.90740702  -2.41769635   0.58619501  -2.53647677\n    0.46337878]]", "nfev": "399", "njev": "57", "status": "0", "success": "True", "message": "Optimization terminated successfully.", "x": "[0.70487467 6.43424377 0.38199658 1.65131484 0.11318003 5.05328439]", "nit": "34", "callback": [0.4040695389789609, 0.39507642348566374, 0.39507636713653715]}, "16": {"maxiter": 1000, "gtol": 1e-05, "xrtol": 1e-05, "eps": 1e-05, "duration": 0.042268991470336914, "fun": "0.395076367256915", "jac": "[-1.85633731e-06  6.55028254e-06  5.67941250e-06  1.96476169e-07\n -3.21510596e-06  2.62097011e-06]", "hess_inv": "[[ 4.92627589  0.5059332  -0.88280283  2.06731567 -0.74447288  0.16781226]\n [ 0.5059332   7.10797221 -5.77073411 -0.54368038  0.24770278 -0.79405431]\n [-0.88280283 -5.77073411  8.85839533 -0.44143709  1.2365753  -1.16639535]\n [ 2.06731567 -0.54368038 -0.44143709  5.07524459  0.20514039  0.71175194]\n [-0.74447288  0.24770278  1.2365753   0.20514039  3.80180735  0.07771701]\n [ 0.16781226 -0.79405431 -1.16639535  0.71175194  0.07771701  4.14154472]]", "nfev": "182", "njev": "26", "status": "0", "success": "True", "message": "Optimization terminated successfully.", "x": "[0.70485126 6.43426703 0.38199507 1.65129705 0.11316583 5.05328139]", "nit": "22", "callback": [0.40407329358955557, 0.3950764250778822]}, "17": {"maxiter": 1000, "gtol": 1e-05, "xrtol": 1e-05, "eps": 1e-10, "duration": 0.04179096221923828, "fun": "0.3950763672660299", "jac": "[-4.44089173e-06  2.22044587e-06  0.00000000e+00 -1.11022293e-06\n -6.66133852e-06  0.00000000e+00]", "hess_inv": "[[ 4.8881317   0.53459533 -0.97276848  1.98138469 -0.85571539  0.11962837]\n [ 0.53459533  7.10028469 -5.73354432 -0.48696481  0.29069282 -0.77086398]\n [-0.97276848 -5.73354432  8.78764698 -0.5475335   1.21835027 -1.20727363]\n [ 1.98138469 -0.48696481 -0.5475335   4.95808763  0.14425072  0.66108954]\n [-0.85571539  0.29069282  1.21835027  0.14425072  3.90270944  0.06224217]\n [ 0.11962837 -0.77086398 -1.20727363  0.66108954  0.06224217  4.1162957 ]]", "nfev": "182", "njev": "26", "status": "0", "success": "True", "message": "Optimization termin