{"date": "2024/09/23/, 14:09:46", "conf_id": 8, "data_type": "random\n", "num_data_points": 1, "s_rank": 0, "unitary": "[[-0.53618537-0.34368723j,-0.12107031-0.46226139j,-0.07699282-0.46603512j,0.36022595-0.11472301j],[0.26026499-0.63450712j,-0.56616638+0.37832564j,-0.14988651+0.08458591j,0.10363514-0.16008501j],[-0.32580188-0.11070003j,-0.36476308-0.23593218j,0.02559343+0.41761608j,-0.25598305+0.6725303j],[0.07406738-0.0126433j,0.28513701+0.19483972j,-0.74939717-0.10299659j,0.29798249+0.46269921j]]", "databatch_0": {"databatch": "[[[0.18664674-0.20586671j,0.0082868+0.05830784j,0.24829257-0.29379374j,-0.01400689-0.0178309j],[-0.33694511+0.19352878j,0.01374088+0.17041161j,0.02493475+0.36437238j,-0.01675287+0.14985817j],[0.26392997+0.05129105j,-0.16856768-0.23678552j,-0.19455295+0.21013692j,-0.02182336-0.16448424j],[0.22927016-0.06827879j,-0.20484602-0.09937959j,-0.02442271+0.20243956j,-0.0746889-0.10936305j]]]", "initial param values": "[5.35826691,0.88539167,0.58253529,1.9354553,0.85978373,1.21152171]", "nelder_mead": {"type": "gradient-free", "0": {"maxiter": 100, "fatol": 1e-05, "xatol": 1e-05, "duration": 0.04178190231323242, "fun": "0.4851047252681885", "nit": "100", "nfev": "154", "status": "2", "success": "False", "message": "Maximum number of iterations has been exceeded.", "x": "[ 8.65964002 -0.37858266  2.06062184  1.96543421 -0.30792306  0.30121998]", "final_simplex": "(array([[ 8.65964002, -0.37858266,  2.06062184,  1.96543421, -0.30792306,\n         0.30121998],\n       [ 8.84648652, -0.21162752,  1.94208352,  2.17699801, -0.28477533,\n         0.25225093],\n       [ 8.7185537 , -0.3188946 ,  2.00078442,  1.89349748, -0.17325606,\n         0.25266671],\n       [ 9.0596032 , -0.22459888,  1.91942215,  1.93778895, -0.17244463,\n         0.28991136],\n       [ 8.63830322, -0.22798511,  1.94053538,  2.16846766, -0.2046038 ,\n         0.11232729],\n       [ 8.55973498, -0.05334198,  1.73324254,  2.04264137,  0.02058794,\n         0.17513883],\n       [ 9.05944091, -0.3679492 ,  2.03807488,  2.00958644, -0.25840357,\n         0.24493592]]), array([0.48510473, 0.48854431, 0.49041091, 0.49516686, 0.49874855,\n       0.50298606, 0.50659573]))", "callback": [0.8154716036696444, 0.7116095959950535, 0.6758974326560877, 0.6426592981064507, 0.6344117681213126, 0.6147049818724908, 0.5983813150786159, 0.5673070489384289, 0.5103781225732567]}, "1": {"maxiter": 100, "fatol": 1e-05, "xatol": 1e-10, "duration": 0.04224991798400879, "fun": "0.4851047252681885", "nit": "100", "nfev": "154", "status": "2", "success": "False", "message": "Maximum number of iterations has been exceeded.", "x": "[ 8.65964002 -0.37858266  2.06062184  1.96543421 -0.30792306  0.30121998]", "final_simplex": "(array([[ 8.65964002, -0.37858266,  2.06062184,  1.96543421, -0.30792306,\n         0.30121998],\n       [ 8.84648652, -0.21162752,  1.94208352,  2.17699801, -0.28477533,\n         0.25225093],\n       [ 8.7185537 , -0.3188946 ,  2.00078442,  1.89349748, -0.17325606,\n         0.25266671],\n       [ 9.0596032 , -0.22459888,  1.91942215,  1.93778895, -0.17244463,\n         0.28991136],\n       [ 8.63830322, -0.22798511,  1.94053538,  2.16846766, -0.2046038 ,\n         0.11232729],\n       [ 8.55973498, -0.05334198,  1.73324254,  2.04264137,  0.02058794,\n         0.17513883],\n       [ 9.05944091, -0.3679492 ,  2.03807488,  2.00958644, -0.25840357,\n         0.24493592]]), array([0.48510473, 0.48854431, 0.49041091, 0.49516686, 0.49874855,\n       0.50298606, 0.50659573]))", "callback": [0.8154716036696444, 0.7116095959950535, 0.6758974326560877, 0.6426592981064507, 0.6344117681213126, 0.6147049818724908, 0.5983813150786159, 0.5673070489384289, 0.5103781225732567]}, "2": {"maxiter": 100, "fatol": 1e-10, "xatol": 1e-05, "duration": 0.04068303108215332, "fun": "0.4851047252681885", "nit": "100", "nfev": "154", "status": "2", "success": "False", "message": "Maximum number of iterations has been exceeded.", "x": "[ 8.65964002 -0.37858266  2.06062184  1.96543421 -0.30792306  0.30121998]", "final_simplex": "(array([[ 8.65964002, -0.37858266,  2.06062184,  1.96543421, -0.30792306,\n         0.30121998],\n       [ 8.84648652, -0.21162752,  1.94208352,  2.17699801, -0.28477533,\n         0.25225093],\n       [ 8.7185537 , -0.3188946 ,  2.00078442,  1.89349748, -0.17325606,\n         0.25266671],\n       [ 9.0596032 , -0.22459888,  1.91942215,  1.93778895, -0.17244463,\n         0.28991136],\n       [ 8.63830322, -0.22798511,  1.94053538,  2.16846766, -0.2046038 ,\n         0.11232729],\n       [ 8.55973498, -0.05334198,  1.73324254,  2.04264137,  0.02058794,\n         0.17513883],\n       [ 9.05944091, -0.3679492 ,  2.03807488,  2.00958644, -0.25840357,\n         0.24493592]]), array([0.48510473, 0.48854431, 0.49041091, 0.49516686, 0.49874855,\n       0.50298606, 0.50659573]))", "callback": [0.8154716036696444, 0.7116095959950535, 0.6758974326560877, 0.6426592981064507, 0.6344117681213126, 0.6147049818724908, 0.5983813150786159, 0.5673070489384289, 0.5103781225732567]}, "3": {"maxiter": 100, "fatol": 1e-10, "xatol": 1e-10, "duration": 0.04210996627807617, "fun": "0.4851047252681885", "nit": "100", "nfev": "154", "status": "2", "success": "False", "message": "Maximum number of iterations has been exceeded.", "x": "[ 8.65964002 -0.37858266  2.06062184  1.96543421 -0.30792306  0.30121998]", "final_simplex": "(array([[ 8.65964002, -0.37858266,  2.06062184,  1.96543421, -0.30792306,\n         0.30121998],\n       [ 8.84648652, -0.21162752,  1.94208352,  2.17699801, -0.28477533,\n         0.25225093],\n       [ 8.7185537 , -0.3188946 ,  2.00078442,  1.89349748, -0.17325606,\n         0.25266671],\n       [ 9.0596032 , -0.22459888,  1.91942215,  1.93778895, -0.17244463,\n         0.28991136],\n       [ 8.63830322, -0.22798511,  1.94053538,  2.16846766, -0.2046038 ,\n         0.11232729],\n       [ 8.55973498, -0.05334198,  1.73324254,  2.04264137,  0.02058794,\n         0.17513883],\n       [ 9.05944091, -0.3679492 ,  2.03807488,  2.00958644, -0.25840357,\n         0.24493592]]), array([0.48510473, 0.48854431, 0.49041091, 0.49516686, 0.49874855,\n       0.50298606, 0.50659573]))", "callback": [0.8154716036696444, 0.7116095959950535, 0.6758974326560877, 0.6426592981064507, 0.6344117681213126, 0.6147049818724908, 0.5983813150786159, 0.5673070489384289, 0.5103781225732567]}, "4": {"maxiter": 500, "fatol": 1e-05, "xatol": 1e-05, "duration": 0.1870250701904297, "fun": "0.16825625692853663", "nit": "435", "nfev": "684", "status": "0", "success": "True", "message": "Optimization terminated successfully.", "x": "[ 8.48687578  1.95745186  4.24764468  1.47778572 -1.47075288  0.08400792]", "final_simplex": "(array([[ 8.48687578,  1.95745186,  4.24764468,  1.47778572, -1.47075288,\n         0.08400792],\n       [ 8.48687433,  1.95745474,  4.24765151,  1.47778559, -1.47076275,\n         0.08400947],\n       [ 8.48687685,  1.95744888,  4.24764439,  1.47778322, -1.47075736,\n         0.08401355],\n       [ 8.4868771 ,  1.95745582,  4.24765254,  1.47778499, -1.47076151,\n         0.08401487],\n       [ 8.48688189,  1.95744558,  4.24764393,  1.47778449, -1.47075619,\n         0.08401147],\n       [ 8.48687471,  1.95745795,  4.2476434 ,  1.47778334, -1.47075507,\n         0.08400813],\n       [ 8.48687719,  1.95744879,  4.24764105,  1.47778946, -1.47075229,\n         0.08400987]]), array([0.16825626, 0.16825626, 0.16825626, 0.16825626, 0.16825626,\n       0.16825626, 0.16825626]))", "callback": [0.8154716036696444, 0.7116095959950535, 0.6758974326560877, 0.6426592981064507, 0.6344117681213126, 0.6147049818724908, 0.5983813150786159, 0.5673070489384289, 0.5103781225732567, 0.4851047252681885, 0.4650898682629453, 0.45797420835211555, 0.43257856300469133, 0.3757954854237442, 0.32119815352280934, 0.26780218014016477, 0.2614139003514042, 0.2580022206163821, 0.2558021594311781, 0.252291966147165, 0.2474925188991136, 0.24127989199607336, 0.22219127581268283, 0.18835635813522011, 0.1752793689601, 0.16965644329150653, 0.16887983011640362, 0.1683770946801656, 0.16828770110089653, 0.168261205713785, 0.16825977083055343, 0.1682580495250816, 0.16825750750894553, 0.16825650594160202, 0.1682563219021983, 0.16825627108405694, 0.16825625989328308, 0.1682562576062333, 0.16825625728177052, 0.16825625705885028, 0.16825625698520819, 0.16825625695860258, 0.16825625693318924]}, "5": {"maxiter": 500, "fatol": 1e-05, "xatol": 1e-10, "duration": 0.2240898609161377, "fun": "0.16825625692074309", "nit": "500", "nfev": "786", "status": "2", "success": "False", "message": "Maximum number of iterations has been exceeded.", "x": "[ 8.48687461  1.95745513  4.2476552   1.47778004 -1.4707596   0.0840097 ]", "final_simplex": "(array([[ 8.48687461,  1.95745513,  4.2476552 ,  1.47778004, -1.4707596 ,\n         0.0840097 ],\n       [ 8.48687448,  1.9574552 ,  4.24765467,  1.47778009, -1.47075928,\n         0.08400894],\n       [ 8.48687457,  1.95745497,  4.24765467,  1.47778045, -1.47075923,\n         0.08400912],\n       [ 8.48687438,  1.95745534,  4.24765529,  1.47778008, -1.47075954,\n         0.08400941],\n       [ 8.48687455,  1.95745566,  4.24765518,  1.47778018, -1.4707595 ,\n         0.08400951],\n       [ 8.4868744 ,  1.95745525,  4.24765478,  1.4777806 , -1.47075883,\n         0.08400935],\n       [ 8.48687439,  1.95745526,  4.24765471,  1.47778023, -1.47075951,\n         0.08400949]]), array([0.16825626, 0.16825626, 0.16825626, 0.16825626, 0.16825626,\n       0.16825626, 0.16825626]))", "callback": [0.8154716036696444, 0.7116095959950535, 0.6758974326560877, 0.6426592981064507, 0.6344117681213126, 0.6147049818724908, 0.5983813150786159, 0.5673070489384289, 0.5103781225732567, 0.4851047252681885, 0.4650898682629453, 0.45797420835211555, 0.43257856300469133, 0.3757954854237442, 0.32119815352280934, 0.26780218014016477, 0.2614139003514042, 0.2580022206163821, 0.2558021594311781, 0.252291966147165, 0.2474925188991136, 0.24127989199607336, 0.22219127581268283, 0.18835635813522011, 0.1752793689601, 0.16965644329150653, 0.16887983011640362, 0.1683770946801656, 0.16828770110089653, 0.168261205713785, 0.16825977083055343, 0.1682580495250816, 0.16825750750894553, 0.16825650594160202, 0.1682563219021983, 0.16825627108405694, 0.16825625989328308, 0.1682562576062333, 0.16825625728177052, 0.16825625705885028, 0.16825625698520819, 0.16825625695860258, 0.16825625693318924, 0.16825625692853663, 0.16825625692339286, 0.16825625692197277, 0.16825625692133372, 0.1682562569210374, 0.1682562569207997]}, "6": {"maxiter": 500, "fatol": 1e-10, "xatol": 1e-05, "duration": 0.23836803436279297, "fun": "0.16825625692853663", "nit": "435", "nfev": "684", "status": "0", "success": "True", "message": "Optimization terminated successfully.", "x": "[ 8.48687578  1.95745186  4.24764468  1.47778572 -1.47075288  0.08400792]", "final_simplex": "(array([[ 8.48687578,  1.95745186,  4.24764468,  1.47778572, -1.47075288,\n         0.08400792],\n       [ 8.48687433,  1.95745474,  4.24765151,  1.47778559, -1.47076275,\n         0.08400947],\n       [ 8.48687685,  1.95744888,  4.24764439,  1.47778322, -1.47075736,\n         0.08401355],\n       [ 8.4868771 ,  1.95745582,  4.24765254,  1.47778499, -1.47076151,\n         0.08401487],\n       [ 8.48688189,  1.95744558,  4.24764393,  1.47778449, -1.47075619,\n         0.08401147],\n       [ 8.48687471,  1.95745795,  4.2476434 ,  1.47778334, -1.47075507,\n         0.08400813],\n       [ 8.48687719,  1.95744879,  4.24764105,  1.47778946, -1.47075229,\n         0.08400987]]), array([0.16825626, 0.16825626, 0.16825626, 0.16825626, 0.16825626,\n       0.16825626, 0.16825626]))", "callback": [0.8154716036696444, 0.7116095959950535, 0.6758974326560877, 0.6426592981064507, 0.6344117681213126, 0.6147049818724908, 0.5983813150786159, 0.5673070489384289, 0.5103781225732567, 0.4851047252681885, 0.4650898682629453, 0.45797420835211555, 0.43257856300469133, 0.3757954854237442, 0.32119815352280934, 0.26780218014016477, 0.2614139003514042, 0.2580022206163821, 0.2558021594311781, 0.252291966147165, 0.2474925188991136, 0.24127989199607336, 0.22219127581268283, 0.18835635813522011, 0.1752793689601, 0.16965644329150653, 0.16887983011640362, 0.1683770946801656, 0.16828770110089653, 0.168261205713785, 0.16825977083055343, 0.1682580495250816, 0.16825750750894553, 0.16825650594160202, 0.1682563219021983, 0.16825627108405694, 0.16825625989328308, 0.1682562576062333, 0.16825625728177052, 0.16825625705885028, 0.16825625698520819, 0.16825625695860258, 0.16825625693318924]}, "7": {"maxiter": 500, "fatol": 1e-10, "xatol": 1e-10, "duration": 0.2929050922393799, "fun": "0.16825625692074309", "nit": "500", "nfev": "786", "status": "2", "success": "False", "message": "Maximum number of iterations has been exceeded.", "x": "[ 8.48687461  1.95745513  4.2476552   1.47778004 -1.4707596   0.0840097 ]", "final_simplex": "(array([[ 8.48687461,  1.95745513,  4.2476552 ,  1.47778004, -1.4707596 ,\n         0.0840097 ],\n       [ 8.48687448,  1.9574552 ,  4.24765467,  1.47778009, -1.47075928,\n         0.08400894],\n       [ 8.48687457,  1.95745497,  4.24765467,  1.47778045, -1.47075923,\n         0.08400912],\n       [ 8.48687438,  1.95745534,  4.24765529,  1.47778008, -1.47075954,\n         0.08400941],\n       [ 8.48687455,  1.95745566,  4.24765518,  1.47778018, -1.4707595 ,\n         0.08400951],\n       [ 8.4868744 ,  1.95745525,  4.24765478,  1.4777806 , -1.47075883,\n         0.08400935],\n       [ 8.48687439,  1.95745526,  4.24765471,  1.47778023, -1.47075951,\n         0.08400949]]), array([0.16825626, 0.16825626, 0.16825626, 0.16825626, 0.16825626,\n       0.16825626, 0.16825626]))", "callback": [0.8154716036696444, 0.7116095959950535, 0.6758974326560877, 0.6426592981064507, 0.6344117681213126, 0.6147049818724908, 0.5983813150786159, 0.5673070489384289, 0.5103781225732567, 0.4851047252681885, 0.4650898682629453, 0.45797420835211555, 0.43257856300469133, 0.3757954854237442, 0.32119815352280934, 0.26780218014016477, 0.2614139003514042, 0.2580022206163821, 0.2558021594311781, 0.252291966147165, 0.2474925188991136, 0.24127989199607336, 0.22219127581268283, 0.18835635813522011, 0.1752793689601, 0.16965644329150653, 0.16887983011640362, 0.1683770946801656, 0.16828770110089653, 0.168261205713785, 0.16825977083055343, 0.1682580495250816, 0.16825750750894553, 0.16825650594160202, 0.1682563219021983, 0.16825627108405694, 0.16825625989328308, 0.1682562576062333, 0.16825625728177052, 0.16825625705885028, 0.16825625698520819, 0.16825625695860258, 0.16825625693318924, 0.16825625692853663, 0.16825625692339286, 0.16825625692197277, 0.16825625692133372, 0.1682562569210374, 0.1682562569207997]}, "8": {"maxiter": 1000, "fatol": 1e-05, "xatol": 1e-05, "duration": 0.19966697692871094, "fun": "0.16825625692853663", "nit": "435", "nfev": "684", "status": "0", "success": "True", "message": "Optimization terminated successfully.", "x": "[ 8.48687578  1.95745186  4.24764468  1.47778572 -1.47075288  0.08400792]", "final_simplex": "(array([[ 8.48687578,  1.95745186,  4.24764468,  1.47778572, -1.47075288,\n         0.08400792],\n       [ 8.48687433,  1.95745474,  4.24765151,  1.47778559, -1.47076275,\n         0.08400947],\n       [ 8.48687685,  1.95744888,  4.24764439,  1.47778322, -1.47075736,\n         0.08401355],\n       [ 8.4868771 ,  1.95745582,  4.24765254,  1.47778499, -1.47076151,\n         0.08401487],\n       [ 8.48688189,  1.95744558,  4.24764393,  1.47778449, -1.47075619,\n         0.08401147],\n       [ 8.48687471,  1.95745795,  4.2476434 ,  1.47778334, -1.47075507,\n         0.08400813],\n       [ 8.48687719,  1.95744879,  4.24764105,  1.47778946, -1.47075229,\n         0.08400987]]), array([0.16825626, 0.16825626, 0.16825626, 0.16825626, 0.16825626,\n       0.16825626, 0.16825626]))", "callback": [0.8154716036696444, 0.7116095959950535, 0.6758974326560877, 0.6426592981064507, 0.6344117681213126, 0.6147049818724908, 0.5983813150786159, 0.5673070489384289, 0.5103781225732567, 0.4851047252681885, 0.4650898682629453, 0.45797420835211555, 0.43257856300469133, 0.3757954854237442, 0.32119815352280934, 0.26780218014016477, 0.2614139003514042, 0.2580022206163821, 0.2558021594311781, 0.252291966147165, 0.2474925188991136, 0.24127989199607336, 0.22219127581268283, 0.18835635813522011, 0.1752793689601, 0.16965644329150653, 0.16887983011640362, 0.1683770946801656, 0.16828770110089653, 0.168261205713785, 0.16825977083055343, 0.1682580495250816, 0.16825750750894553, 0.16825650594160202, 0.1682563219021983, 0.16825627108405694, 0.16825625989328308, 0.1682562576062333, 0.16825625728177052, 0.16825625705885028, 0.16825625698520819, 0.16825625695860258, 0.16825625693318924]}, "9": {"maxiter": 1000, "fatol": 1e-05, "xatol": 1e-10, "duration": 0.3159449100494385, "fun": "0.1682562569206203", "nit": "596", "nfev": "981", "status": "0", "success": "True", "message": "Optimization terminated successfully.", "x": "[ 8.48687482  1.9574544   4.24765428  1.47777993 -1.4707587   0.08400926]", "final_simplex": "(array([[ 8.48687482,  1.9574544 ,  4.24765428,  1.47777993, -1.4707587 ,\n         0.08400926],\n       [ 8.48687482,  1.9574544 ,  4.24765428,  1.47777993, -1.4707587 ,\n         0.08400926],\n       [ 8.48687482,  1.9574544 ,  4.24765428,  1.47777993, -1.4707587 ,\n         0.08400926],\n       [ 8.48687482,  1.9574544 ,  4.24765428,  1.47777993, -1.4707587 ,\n         0.08400926],\n       [ 8.48687482,  1.9574544 ,  4.24765428,  1.47777993, -1.4707587 ,\n         0.08400926],\n       [ 8.48687482,  1.9574544 ,  4.24765428,  1.47777993, -1.4707587 ,\n         0.08400926],\n       [ 8.48687482,  1.9574544 ,  4.24765428,  1.47777993, -1.4707587 ,\n         0.08400926]]), array([0.16825626, 0.16825626, 0.16825626, 0.16825626, 0.16825626,\n       0.16825626, 0.16825626]))", "callback": [0.8154716036696444, 0.7116095959950535, 0.6758974326560877, 0.6426592981064507, 0.6344117681213126, 0.6147049818724908, 0.5983813150786159, 0.5673070489384289, 0.5103781225732567, 0.4851047252681885, 0.4650898682629453, 0.45797420835211555, 0.43257856300469133, 0.3757954854237442, 0.32119815352280934, 0.26780218014016477, 0.2614139003514042, 0.2580022206163821, 0.2558021594311781, 0.252291966147165, 0.2474925188991136, 0.24127989199607336, 0.22219127581268283, 0.18835635813522011, 0.1752793689601, 0.16965644329150653, 0.16887983011640362, 0.1683770946801656, 0.16828770110089653, 0.168261205713785, 0.16825977083055343, 0.1682580495250816, 0.16825750750894553, 0.16825650594160202, 0.1682563219021983, 0.16825627108405694, 0.16825625989328308, 0.1682562576062333, 0.16825625728177052, 0.16825625705885028, 0.16825625698520819, 0.16825625695860258, 0.16825625693318924, 0.16825625692853663, 0.16825625692339286, 0.16825625692197277, 0.16825625692133372, 0.1682562569210374, 0.1682562569207997, 0.16825625692074309, 0.1682562569206697, 0.16825625692064294, 0.1682562569206285, 0.16825625692062174, 0.16825625692062096, 0.16825625692062052, 0.1682562569206203, 0.1682562569206203, 0.1682562569206203]}, "10": {"maxiter": 1000, "fatol": 1e-10, "xatol": 1e-05, "duration": 0.18413209915161133, "fun": "0.16825625692853663", "nit": "435", "nfev": "684", "status": "0", "success": "True", "message": "Optimization terminated successfully.", "x": "[ 8.48687578  1.95745186  4.24764468  1.47778572 -1.47075288  0.08400792]", "final_simplex": "(array([[ 8.48687578,  1.95745186,  4.24764468,  1.47778572, -1.47075288,\n         0.08400792],\n       [ 8.48687433,  1.95745474,  4.24765151,  1.47778559, -1.47076275,\n         0.08400947],\n       [ 8.48687685,  1.95744888,  4.24764439,  1.47778322, -1.47075736,\n         0.08401355],\n       [ 8.4868771 ,  1.95745582,  4.24765254,  1.47778499, -1.47076151,\n         0.08401487],\n       [ 8.48688189,  1.95744558,  4.24764393,  1.47778449, -1.47075619,\n         0.08401147],\n       [ 8.48687471,  1.95745795,  4.2476434 ,  1.47778334, -1.47075507,\n         0.08400813],\n       [ 8.48687719,  1.95744879,  4.24764105,  1.47778946, -1.47075229,\n         0.08400987]]), array([0.16825626, 0.16825626, 0.16825626, 0.16825626, 0.16825626,\n       0.16825626, 0.16825626]))", "callback": [0.8154716036696444, 0.7116095959950535, 0.6758974326560877, 0.6426592981064507, 0.6344117681213126, 0.6147049818724908, 0.5983813150786159, 0.5673070489384289, 0.5103781225732567, 0.4851047252681885, 0.4650898682629453, 0.45797420835211555, 0.43257856300469133, 0.3757954854237442, 0.32119815352280934, 0.26780218014016477, 0.2614139003514042, 0.2580022206163821, 0.2558021594311781, 0.252291966147165, 0.2474925188991136, 0.24127989199607336, 0.22219127581268283, 0.18835635813522011, 0.1752793689601, 0.16965644329150653, 0.16887983011640362, 0.1683770946801656, 0.16828770110089653, 0.168261205713785, 0.16825977083055343, 0.1682580495250816, 0.16825750750894553, 0.16825650594160202, 0.1682563219021983, 0.16825627108405694, 0.16825625989328308, 0.1682562576062333, 0.16825625728177052, 0.16825625705885028, 0.16825625698520819, 0.16825625695860258, 0.16825625693318924]}, "11": {"maxiter": 1000, "fatol": 1e-10, "xatol": 1e-10, "duration": 0.2945442199707031, "fun": "0.1682562569206203", "nit": "596", "nfev": "981", "status": "0", "success": "True", "message": "Optimization terminated successfully.", "x": "[ 8.48687482  1.9574544   4.24765428  1.47777993 -1.4707587   0.08400926]", "final_simplex": "(array([[ 8.48687482,  1.9574544 ,  4.24765428,  1.47777993, -1.4707587 ,\n         0.08400926],\n       [ 8.48687482,  1.9574544 ,  4.24765428,  1.47777993, -1.4707587 ,\n         0.08400926],\n       [ 8.48687482,  1.9574544 ,  4.24765428,  1.47777993, -1.4707587 ,\n         0.08400926],\n       [ 8.48687482,  1.9574544 ,  4.24765428,  1.47777993, -1.4707587 ,\n         0.08400926],\n       [ 8.48687482,  1.9574544 ,  4.24765428,  1.47777993, -1.4707587 ,\n         0.08400926],\n       [ 8.48687482,  1.9574544 ,  4.24765428,  1.47777993, -1.4707587 ,\n         0.08400926],\n       [ 8.48687482,  1.9574544 ,  4.24765428,  1.47777993, -1.4707587 ,\n         0.08400926]]), array([0.16825626, 0.16825626, 0.16825626, 0.16825626, 0.16825626,\n       0.16825626, 0.16825626]))", "callback": [0.8154716036696444, 0.7116095959950535, 0.6758974326560877, 0.6426592981064507, 0.6344117681213126, 0.6147049818724908, 0.5983813150786159, 0.5673070489384289, 0.5103781225732567, 0.4851047252681885, 0.4650898682629453, 0.45797420835211555, 0.43257856300469133, 0.3757954854237442, 0.32119815352280934, 0.26780218014016477, 0.2614139003514042, 0.2580022206163821, 0.2558021594311781, 0.252291966147165, 0.2474925188991136, 0.24127989199607336, 0.22219127581268283, 0.18835635813522011, 0.1752793689601, 0.16965644329150653, 0.16887983011640362, 0.1683770946801656, 0.16828770110089653, 0.168261205713785, 0.16825977083055343, 0.1682580495250816, 0.16825750750894553, 0.16825650594160202, 0.1682563219021983, 0.16825627108405694, 0.16825625989328308, 0.1682562576062333, 0.16825625728177052, 0.16825625705885028, 0.16825625698520819, 0.16825625695860258, 0.16825625693318924, 0.16825625692853663, 0.16825625692339286, 0.16825625692197277, 0.16825625692133372, 0.1682562569210374, 0.1682562569207997, 0.16825625692074309, 0.1682562569206697, 0.16825625692064294, 0.1682562569206285, 0.16825625692062174, 0.16825625692062096, 0.16825625692062052, 0.1682562569206203, 0.1682562569206203, 0.1682562569206203]}}, "bfgs": {"type": "gradient", "0": {"maxiter": 100, "gtol": 1e-05, "xrtol": 1e-05, "eps": 1e-05, "duration": 0.06424331665039062, "fun": "0.16825625699288738", "jac": "[-1.74937842e-07 -3.88200583e-07 -3.08397752e-07 -3.39362982e-06\n -8.86979379e-07  2.89001045e-06]", "hess_inv": "[[ 2.8370515   1.32780369  0.66935272 -0.10628356 -0.43738856  0.03848413]\n [ 1.32780369  7.84458383  5.38493048 -1.05041716 -2.34011415  0.45609249]\n [ 0.66935272  5.38493048  9.33497947 -2.1966506  -5.13169495  1.58900813]\n [-0.10628356 -1.05041716 -2.1966506   2.83660068  1.16600639 -0.2831967 ]\n [-0.43738856 -2.34011415 -5.13169495  1.16600639  5.32498683 -1.12359932]\n [ 0.03848413  0.45609249  1.58900813 -0.2831967  -1.12359932  2.64528194]]", "nfev": "182", "njev": "26", "status": "0", "success": "True", "message": "Optimization terminated successfully.", "x": "[ 4.0794878  -1.18415223  1.10606113  1.47776598 -1.47076725  0.08401322]", "nit": "21", "callback": [0.17631637854076831, 0.16825626046631148]}, "1": {"maxiter": 100, "gtol": 1e-05, "xrtol": 1e-05, "eps": 1e-10, "duration": 0.06518793106079102, "fun": "0.1682562569504077", "jac": "[ 0.00000000e+00 -1.11022293e-06  1.11022293e-06 -4.44089173e-06\n -3.33066880e-06  1.11022309e-06]", "hess_inv": "[[ 2.82870069  1.26624733  0.59212631 -0.07150613 -0.41471258  0.02549821]\n [ 1.26624733  7.54971686  5.1892235  -1.03289021 -2.27675964  0.47460532]\n [ 0.59212631  5.1892235   9.20757739 -2.14641305 -5.15400986  1.62364274]\n [-0.07150613 -1.03289021 -2.14641305  2.75480183  1.17407676 -0.26036012]\n [-0.41471258 -2.27675964 -5.15400986  1.17407676  5.40755515 -1.20739716]\n [ 0.02549821  0.47460532  1.62364274 -0.26036012 -1.20739716  2.70024906]]", "nfev": "182", "njev": "26", "status": "0", "success": "True", "message": "Optimization terminated successfully.", "x": "[ 4.07949968 -1.18412628  1.10607531  1.47777294 -1.47076706  0.08401983]", "nit": "21", "callback": [0.17631540771044718, 0.16825626043338127]}, "2": {"maxiter": 100, "gtol": 1e-05, "xrtol": 1e-10, "eps": 1e-05, "duration": 0.055711984634399414, "fun": "0.16825625699288738", "jac": "[-1.74937842e-07 -3.88200583e-07 -3.08397752e-07 -3.39362982e-06\n -8.86979379e-07  2.89001045e-06]", "hess_inv": "[[ 2.8370515   1.32780369  0.66935272 -0.10628356 -0.43738856  0.03848413]\n [ 1.32780369  7.84458383  5.38493048 -1.05041716 -2.34011415  0.45609249]\n [ 0.66935272  5.38493048  9.33497947 -2.1966506  -5.13169495  1.58900813]\n [-0.10628356 -1.05041716 -2.1966506   2.83660068  1.16600639 -0.2831967 ]\n [-0.43738856 -2.34011415 -5.13169495  1.16600639  5.32498683 -1.12359932]\n [ 0.03848413  0.45609249  1.58900813 -0.2831967  -1.12359932  2.64528194]]", "nfev": "182", "njev": "26", "status": "0", "success": "True", "message": "Optimization terminated successfully.", "x": "[ 4.0794878  -1.18415223  1.10606113  1.47776598 -1.47076725  0.08401322]", "nit": "21", "callback": [0.17631637854076831, 0.16825626046631148]}, "3": {"maxiter": 100, "gtol": 1e-05, "xrtol": 1e-10, "eps": 1e-10, "duration": 0.0549311637878418, "fun": "0.1682562569504077", "jac": "[ 0.00000000e+00 -1.11022293e-06  1.11022293e-06 -4.44089173e-06\n -3.33066880e-06  1.11022309e-06]", "hess_inv": "[[ 2.82870069  1.26624733  0.59212631 -0.07150613 -0.41471258  0.02549821]\n [ 1.26624733  7.54971686  5.1892235  -1.03289021 -2.27675964  0.47460532]\n [ 0.59212631  5.1892235   9.20757739 -2.14641305 -5.15400986  1.62364274]\n [-0.07150613 -1.03289021 -2.14641305  2.75480183  1.17407676 -0.26036012]\n [-0.41471258 -2.27675964 -5.15400986  1.17407676  5.40755515 -1.20739716]\n [ 0.02549821  0.47460532  1.62364274 -0.26036012 -1.20739716  2.70024906]]", "nfev": "182", "njev": "26", "status": "0", "success": "True", "message": "Optimization terminated successfully.", "x": "[ 4.07949968 -1.18412628  1.10607531  1.47777294 -1.47076706  0.08401983]", "nit": "21", "callback": [0.17631540771044718, 0.16825626043338127]}, "4": {"maxiter": 100, "gtol": 1e-10, "xrtol": 1e-05, "eps": 1e-05, "duration": 0.05513906478881836, "fun": "0.16825625695816315", "jac": "[ 2.55129251e-08 -7.14539539e-08 -8.33999536e-08 -1.00053299e-07\n -8.34554648e-08  1.68376424e-07]", "hess_inv": "[[ 2.83723748  1.32218114  0.6584873  -0.09903822 -0.43093597  0.03398769]\n [ 1.32218114  7.72297766  5.40166031 -1.15086252 -2.43353289  0.60081145]\n [ 0.6584873   5.40166031  9.63645022 -2.49314386 -5.3999849   1.8610918 ]\n [-0.09903822 -1.15086252 -2.49314386  3.07062619  1.37603786 -0.46193964]\n [-0.43093597 -2.43353289 -5.3999849   1.37603786  5.51341932 -1.28266549]\n [ 0.03398769  0.60081145  1.8610918  -0.46193964 -1.28266549  2.75372815]]", "nfev": "189", "njev": "27", "status": "0", "success": "True", "message": "Optimization terminated successfully.", "x": "[ 4.07948819 -1.18415513  1.10604769  1.47777772 -1.47075667  0.08400337]", "nit": "22", "callback": [0.17631637854076831, 0.16825626046631148]}, "5": {"maxiter": 100, "gtol": 1e-10, "xrtol": 1e-05, "eps": 1e-10, "duration": 0.05782008171081543, "fun": "0.16825625694015944", "jac": "[ 0.00000000e+00  1.11022293e-06 -1.11022293e-06  0.00000000e+00\n  3.33066880e-06  2.22044617e-06]", "hess_inv": "[[ 2.81920324  1.25950699  0.56467254 -0.08125998 -0.36095086  0.01297072]\n [ 1.25950699  7.66207334  5.54597995 -1.27298389 -2.51603661  0.56760363]\n [ 0.56467254  5.54597995 10.3366587  -2.9235274  -5.88968197  1.91468602]\n [-0.08125998 -1.27298389 -2.9235274   3.20892028  1.78152712 -0.47603949]\n [-0.36095086 -2.51603661 -5.88968197  1.78152712  5.76029104 -1.37779492]\n [ 0.01297072  0.56760363  1.91468602 -0.47603949 -1.37779492  2.77234847]]", "nfev": "196", "njev": "28", "status": "0", "success": "True", "message": "Optimization terminated successfully.", "x": "[ 4.07949942 -1.18413027  1.10606232  1.47778025 -1.47075657  0.08401617]", "nit": "22", "callback": [0.17631540771044718, 0.16825626043338127]}, "6": {"maxiter": 100, "gtol": 1e-10, "xrtol": 1e-10, "eps": 1e-05, "duration": 0.07731890678405762, "fun": "0.16825625695701385", "jac": "[ 1.11022302e-11 -2.22044605e-11  1.11022302e-11  4.44089210e-11\n -2.22044605e-11 -1.11022302e-11]", "hess_inv": "[[ 2.83764878  1.32991067  0.66083063 -0.09615583 -0.42821647  0.02823408]\n [ 1.32991067  7.8046433   5.36050954 -1.05314151 -2.34401704  0.47748917]\n [ 0.66083063  5.36050954  9.53124991 -2.41384551 -5.32890966  1.80352491]\n [-0.09615583 -1.05314151 -2.41384551  3.05636248  1.36456891 -0.48732374]\n [-0.42821647 -2.34401704 -5.32890966  1.36456891  5.50435671 -1.30740406]\n [ 0.02823408  0.47748917  1.80352491 -0.48732374 -1.30740406  2.82615644]]", "nfev": "203", "njev": "29", "status": "0", "success": "True", "message": "Optimization terminated successfully.", "x": "[ 4.07948822 -1.18415454  1.10604786  1.47777795 -1.47075645  0.08400292]", "nit": "24", "callback": [0.17631637854076831, 0.16825626046631148]}, "7": {"maxiter": 100, "gtol": 1e-10, "xrtol": 1e-10, "eps": 1e-10, "duration": 0.14330601692199707, "fun": "0.16825625693081403", "jac": "[3.33066880e-06 2.22044587e-06 1.11022293e-06 2.22044587e-06\n 1.11022293e-06 2.22044617e-06]", "hess_inv": "[[ 2.83858504  1.26402666  1.13513103  0.24370247 -1.19844509 -0.58335545]\n [ 1.26402666  7.18499079  6.66500331  0.51645577 -5.00546608 -2.02385618]\n [ 1.13513103  6.66500331 10.9504451   0.57432446 -6.73776674 -1.64065878]\n [ 0.24370247  0.51645577  0.57432446  2.0619385  -0.622656   -0.08393418]\n [-1.19844509 -5.00546608 -6.73776674 -0.622656    5.22597343  0.56952783]\n [-0.58335545 -2.02385618 -1.64065878 -0.08393418  0.56952783  2.89147309]]", "nfev": "266", "njev": "38", "status": "0", "success": "True", "message": "Optimization terminated successfully.", "x": "[ 4.07949946 -1.18413032  1.10606489  1.47778141 -1.47076031  0.08401378]", "nit": "24", "callback": [0.17631540771044718, 0.16825626043338127]}, "8": {"maxiter": 500, "gtol": 1e-05, "xrtol": 1e-05, "eps": 1e-05, "duration": 0.07234930992126465, "fun": "0.16825625699288738", "jac": "[-1.74937842e-07 -3.88200583e-07 -3.08397752e-07 -3.39362982e-06\n -8.86979379e-07  2.89001045e-06]", "hess_inv": "[[ 2.8370515   1.32780369  0.66935272 -0.10628356 -0.43738856  0.03848413]\n [ 1.32780369  7.84458383  5.38493048 -1.05041716 -2.34011415  0.45609249]\n [ 0.66935272  5.38493048  9.33497947 -2.1966506  -5.13169495  1.58900813]\n [-0.10628356 -1.05041716 -2.1966506   2.83660068  1.16600639 -0.2831967 ]\n [-0.43738856 -2.34011415 -5.13169495  1.16600639  5.32498683 -1.12359932]\n [ 0.03848413  0.45609249  1.58900813 -0.2831967  -1.12359932  2.64528194]]", "nfev": "182", "njev": "26", "status": "0", "success": "True", "message": "Optimization terminated successfully.", "x": "[ 4.0794878  -1.18415223  1.10606113  1.47776598 -1.47076725  0.08401322]", "nit": "21", "callback": [0.17631637854076831, 0.16825626046631148]}, "9": {"maxiter": 500, "gtol": 1e-05, "xrtol": 1e-05, "eps": 1e-10, "duration": 0.05651712417602539, "fun": "0.1682562569504077", "jac": "[ 0.00000000e+00 -1.11022293e-06  1.11022293e-06 -4.44089173e-06\n -3.33066880e-06  1.11022309e-06]", "hess_inv": "[[ 2.82870069  1.26624733  0.59212631 -0.07150613 -0.41471258  0.02549821]\n [ 1.26624733  7.54971686  5.1892235  -1.03289021 -2.27675964  0.47460532]\n [ 0.59212631  5.1892235   9.20757739 -2.14641305 -5.15400986  1.62364274]\n [-0.07150613 -1.03289021 -2.14641305  2.75480183  1.17407676 -0.26036012]\n [-0.41471258 -2.27675964 -5.15400986  1.17407676  5.40755515 -1.20739716]\n [ 0.02549821  0.47460532  1.62364274 -0.26036012 -1.20739716  2.70024906]]", "nfev": "182", "njev": "26", "status": "0", "success": "True", "message": "Optimization terminated successfully.", "x": "[ 4.07949968 -1.18412628  1.10607531  1.47777294 -1.47076706  0.08401983]", "nit": "21", "callback": [0.17631540771044718, 0.16825626043338127]}, "10": {"maxiter": 500, "gtol": 1e-05, "xrtol": 1e-10, "eps": 1e-05, "duration": 0.05202198028564453, "fun": "0.16825625699288738", "jac": "[-1.74937842e-07 -3.88200583e-07 -3.08397752e-07 -3.39362982e-06\n -8.86979379e-07  2.89001045e-06]", "hess_inv": "[[ 2.8370515   1.32780369  0.66935272 -0.10628356 -0.43738856  0.03848413]\n [ 1.32780369  7.84458383  5.38493048 -1.05041716 -2.34011415  0.45609249]\n [ 0.66935272  5.38493048  9.33497947 -2.1966506  -5.13169495  1.58900813]\n [-0.10628356 -1.05041716 -2.1966506   2.83660068  1.16600639 -0.2831967 ]\n [-0.43738856 -2.34011415 -5.13169495  1.16600639  5.32498683 -1.12359932]\n [ 0.03848413  0.45609249  1.58900813 -0.2831967  -1.12359932  2.64528194]]", "nfev": "182", "njev": "26", "status": "0", "success": "True", "message": "Optimization terminated successfully.", "x": "[ 4.0794878  -1.18415223  1.10606113  1.47776598 -1.47076725  0.08401322]", "nit": "21", "callback": [0.17631637854076831, 0.16825626046631148]}, "11": {"maxiter": 500, "gtol": 1e-05, "xrtol": 1e-10, "eps": 1e-10, "duration": 0.07455801963806152, "fun": "0.1682562569504077", "jac": "[ 0.00000000e+00 -1.11022293e-06  1.11022293e-06 -4.44089173e-06\n -3.33066880e-06  1.11022309e-06]", "hess_inv": "[[ 2.82870069  1.26624733  0.59212631 -0.07150613 -0.41471258  0.02549821]\n [ 1.26624733  7.54971686  5.1892235  -1.03289021 -2.27675964  0.47460532]\n [ 0.59212631  5.1892235   9.20757739 -2.14641305 -5.15400986  1.62364274]\n [-0.07150613 -1.03289021 -2.14641305  2.75480183  1.17407676 -0.26036012]\n [-0.41471258 -2.27675964 -5.15400986  1.17407676  5.40755515 -1.20739716]\n [ 0.02549821  0.47460532  1.62364274 -0.26036012 -1.20739716  2.70024906]]", "nfev": "182", "njev": "26", "status": "0", "success": "True", "message": "Optimization terminated successfully.", "x": "[ 4.07949968 -1.18412628  1.10607531  1.47777294 -1.47076706  0.08401983]", "nit": "21", "callback": [0.17631540771044718, 0.16825626043338127]}, "12": {"maxiter": 500, "gtol": 1e-10, "xrtol": 1e-05, "eps": 1e-05, "duration": 0.05656909942626953, "fun": "0.16825625695816315", "jac": "[ 2.55129251e-08 -7.14539539e-08 -8.33999536e-08 -1.00053299e-07\n -8.34554648e-08  1.68376424e-07]", "hess_inv": "[[ 2.83723748  1.32218114  0.6584873  -0.09903822 -0.43093597  0.03398769]\n [ 1.32218114  7.72297766  5.40166031 -1.15086252 -2.43353289  0.60081145]\n [ 0.6584873   5.40166031  9.63645022 -2.49314386 -5.3999849   1.8610918 ]\n [-0.09903822 -1.15086252 -2.49314386  3.07062619  1.37603786 -0.46193964]\n [-0.43093597 -2.43353289 -5.3999849   1.37603786  5.51341932 -1.28266549]\n [ 0.03398769  0.60081145  1.8610918  -0.46193964 -1.28266549  2.75372815]]", "nfev": "189", "njev": "27", "status": "0", "success": "True", "message": "Optimization terminated successfully.", "x": "[ 4.07948819 -1.18415513  1.10604769  1.47777772 -1.47075667  0.08400337]", "nit": "22", "callback": [0.17631637854076831, 0.16825626046631148]}, "13": {"maxiter": 500, "gtol": 1e-10, "xrtol": 1e-05, "eps": 1e-10, "duration": 0.06640505790710449, "fun": "0.16825625694015944", "jac": "[ 0.00000000e+00  1.11022293e-06 -1.11022293e-06  0.00000000e+00\n  3.33066880e-06  2.22044617e-06]", "hess_inv": "[[ 2.81920324  1.25950699  0.56467254 -0.08125998 -0.36095086  0.01297072]\n [ 1.25950699  7.66207334  5.54597995 -1.27298389 -2.51603661  0.56760363]\n [ 0.56467254  5.54597995 10.3366587  -2.9235274  -5.88968197  1.91468602]\n [-0.08125998 -1.27298389 -2.9235274   3.20892028  1.78152712 -0.47603949]\n [-0.36095086 -2.51603661 -5.88968197  1.78152712  5.76029104 -1.37779492]\n [ 0.01297072  0.56760363  1.91468602 -0.47603949 -1.37779492  2.77234847]]", "nfev": "196", "njev": "28", "status": "0", "success": "True", "message": "Optimization terminated successfully.", "x": "[ 4.07949942 -1.18413027  1.10606232  1.47778025 -1.47075657  0.08401617]", "nit": "22", "callback": [0.17631540771044718, 0.16825626043338127]}, "14": {"maxiter": 500, "gtol": 1e-10, "xrtol": 1e-10, "eps": 1e-05, "duration": 0.06928610801696777, "fun": "0.16825625695701385", "jac": "[ 1.11022302e-11 -2.22044605e-11  1.11022302e-11  4.44089210e-11\n -2.22044605e-11 -1.11022302e-11]", "hess_inv": "[[ 2.83764878  1.32991067  0.66083063 -0.09615583 -0.42821647  0.02823408]\n [ 1.32991067  7.8046433   5.36050954 -1.05314151 -2.34401704  0.47748917]\n [ 0.66083063  5.36050954  9.53124991 -2.41384551 -5.32890966  1.80352491]\n [-0.09615583 -1.05314151 -2.41384551  3.05636248  1.36456891 -0.48732374]\n [-0.42821647 -2.34401704 -5.32890966  1.36456891  5.50435671 -1.30740406]\n [ 0.02823408  0.47748917  1.80352491 -0.48732374 -1.30740406  2.82615644]]", "nfev": "203", "njev": "29", "status": "0", "success": "True", "message": "Optimization terminated successfully.", "x": "[ 4.07948822 -1.18415454  1.10604786  1.47777795 -1.47075645  0.08400292]", "nit": "24", "callback": [0.17631637854076831, 0.16825626046631148]}, "15": {"maxiter": 500, "gtol": 1e-10, "xrtol": 1e-10, "eps": 1e-10, "duration": 0.07415914535522461, "fun": "0.16825625693081403", "jac": "[3.33066880e-06 2.22044587e-06 1.11022293e-06 2.22044587e-06\n 1.11022293e-06 2.22044617e-06]", "hess_inv": "[[ 2.83858504  1.26402666  1.13513103  0.24370247 -1.19844509 -0.58335545]\n [ 1.26402666  7.18499079  6.66500331  0.51645577 -5.00546608 -2.02385618]\n [ 1.13513103  6.66500331 10.9504451   0.57432446 -6.73776674 -1.64065878]\n [ 0.24370247  0.51645577  0.57432446  2.0619385  -0.622656   -0.08393418]\n [-1.19844509 -5.00546608 -6.73776674 -0.622656    5.22597343  0.56952783]\n [-0.58335545 -2.02385618 -1.64065878 -0.08393418  0.56952783  2.89147309]]", "nfev": "266", "njev": "38", "status": "0", "success": "True", "message": "Optimization terminated successfully.", "x": "[ 4.07949946 -1.18413032  1.10606489  1.47778141 -1.47076031  0.08401378]", "nit": "24", "callback": [0.17631540771044718, 0.16825626043338127]}, "16": {"maxiter": 1000, "gtol": 1e-05, "xrtol": 1e-05, "eps": 1e-05, "duration": 0.049086809158325195, "fun": "0.16825625699288738", "jac": "[-1.74937842e-07 -3.88200583e-07 -3.08397752e-07 -3.39362982e-06\n -8.86979379e-07  2.89001045e-06]", "hess_inv": "[[ 2.8370515   1.32780369  0.66935272 -0.10628356 -0.43738856  0.03848413]\n [ 1.32780369  7.84458383  5.38493048 -1.05041716 -2.34011415  0.45609249]\n [ 0.66935272  5.38493048  9.33497947 -2.1966506  -5.13169495  1.58900813]\n [-0.10628356 -1.05041716 -2.1966506   2.83660068  1.16600639 -0.2831967 ]\n [-0.43738856 -2.34011415 -5.13169495  1.16600639  5.32498683 -1.12359932]\n [ 0.03848413  0.45609249  1.58900813 -0.2831967  -1.12359932  2.64528194]]", "nfev": "182", "njev": "26", "status": "0", "success": "True", "message": "Optimization terminated successfully.", "x": "[ 4.0794878  -1.18415223  1.10606113  1.47776598 -1.47076725  0.08401322]", "nit": "21", "callback": [0.17631637854076831, 0.16825626046631148]}, "17": {"maxiter": 1000, "gtol": 