{"date": "2024/09/24/, 04:10:15", "conf_id": 251, "data_type": "var_s_rank\n", "num_data_points": 1, "s_rank": 0, "unitary": "[[-0.56303964-0.00798273j,-0.21670212-0.15784972j,-0.06047197-0.73952673j,-0.01438004+0.24552571j],[-0.06976756+0.23474685j,-0.01275565-0.5435098j,-0.02703657-0.08917885j,-0.08210486-0.79311774j],[-0.38559961+0.10714929j,0.5933431-0.2687392j,-0.24060861+0.29149289j,-0.45147719+0.26241743j],[-0.50180421+0.45931857j,-0.11617175+0.44134496j,0.49642745+0.22684508j,-0.08544628-0.15407063j]]", "databatch_0": {"databatch": "[[[0.21610652+0.08513403j,0.11161667-0.22895081j,-0.0763248-0.27570133j,0.08624785+0.02862154j],[0.05955797+0.07060646j,-0.15199776-0.26624825j,0.14718134-0.04664146j,0.00692588-0.0503305j],[0.37399321+0.00075322j,0.24506675-0.11589013j,0.44172993-0.03352399j,-0.30715922+0.01686642j],[-0.03071733+0.02979803j,-0.21071485-0.16341125j,0.15260784-0.23607019j,0.02766792+0.07194869j]]]", "initial param values": "[0.83514719,3.36832062,0.70424997,2.66404095,4.62524682,1.64102902]", "nelder_mead": {"type": "gradient-free", "0": {"maxiter": 100, "fatol": 1e-05, "xatol": 1e-05, "duration": 0.038583993911743164, "fun": "0.42172891293614834", "nit": "100", "nfev": "158", "status": "2", "success": "False", "message": "Maximum number of iterations has been exceeded.", "x": "[ 0.58770601  5.10358205  1.09601769  2.93798148  5.76426001 -0.92173326]", "final_simplex": "(array([[ 0.58770601,  5.10358205,  1.09601769,  2.93798148,  5.76426001,\n        -0.92173326],\n       [ 0.59743156,  5.05085412,  1.11097118,  2.95657004,  5.70672501,\n        -0.97740318],\n       [ 0.60750521,  5.02367625,  1.10380575,  2.93923329,  5.69932299,\n        -0.93681912],\n       [ 0.59270254,  5.08095791,  1.11509694,  2.92586564,  5.75423565,\n        -0.96913142],\n       [ 0.61577828,  5.03634304,  1.14090135,  2.94082106,  5.63843238,\n        -1.08533303],\n       [ 0.58574995,  5.0561516 ,  1.0881892 ,  2.94650672,  5.80863678,\n        -0.89769359],\n       [ 0.55726134,  5.12403994,  1.05672793,  2.92986846,  5.92702881,\n        -0.76817051]]), array([0.42172891, 0.42186505, 0.42212527, 0.42230115, 0.42251846,\n       0.42251922, 0.42262746]))", "callback": [0.8283794464710841, 0.6439414793253846, 0.5872302321996705, 0.4349687316544142, 0.4283834481293668, 0.4264283087376748, 0.42600685767776025, 0.4255719825751857, 0.42262746266469997]}, "1": {"maxiter": 100, "fatol": 1e-05, "xatol": 1e-10, "duration": 0.03630423545837402, "fun": "0.42172891293614834", "nit": "100", "nfev": "158", "status": "2", "success": "False", "message": "Maximum number of iterations has been exceeded.", "x": "[ 0.58770601  5.10358205  1.09601769  2.93798148  5.76426001 -0.92173326]", "final_simplex": "(array([[ 0.58770601,  5.10358205,  1.09601769,  2.93798148,  5.76426001,\n        -0.92173326],\n       [ 0.59743156,  5.05085412,  1.11097118,  2.95657004,  5.70672501,\n        -0.97740318],\n       [ 0.60750521,  5.02367625,  1.10380575,  2.93923329,  5.69932299,\n        -0.93681912],\n       [ 0.59270254,  5.08095791,  1.11509694,  2.92586564,  5.75423565,\n        -0.96913142],\n       [ 0.61577828,  5.03634304,  1.14090135,  2.94082106,  5.63843238,\n        -1.08533303],\n       [ 0.58574995,  5.0561516 ,  1.0881892 ,  2.94650672,  5.80863678,\n        -0.89769359],\n       [ 0.55726134,  5.12403994,  1.05672793,  2.92986846,  5.92702881,\n        -0.76817051]]), array([0.42172891, 0.42186505, 0.42212527, 0.42230115, 0.42251846,\n       0.42251922, 0.42262746]))", "callback": [0.8283794464710841, 0.6439414793253846, 0.5872302321996705, 0.4349687316544142, 0.4283834481293668, 0.4264283087376748, 0.42600685767776025, 0.4255719825751857, 0.42262746266469997]}, "2": {"maxiter": 100, "fatol": 1e-10, "xatol": 1e-05, "duration": 0.03526020050048828, "fun": "0.42172891293614834", "nit": "100", "nfev": "158", "status": "2", "success": "False", "message": "Maximum number of iterations has been exceeded.", "x": "[ 0.58770601  5.10358205  1.09601769  2.93798148  5.76426001 -0.92173326]", "final_simplex": "(array([[ 0.58770601,  5.10358205,  1.09601769,  2.93798148,  5.76426001,\n        -0.92173326],\n       [ 0.59743156,  5.05085412,  1.11097118,  2.95657004,  5.70672501,\n        -0.97740318],\n       [ 0.60750521,  5.02367625,  1.10380575,  2.93923329,  5.69932299,\n        -0.93681912],\n       [ 0.59270254,  5.08095791,  1.11509694,  2.92586564,  5.75423565,\n        -0.96913142],\n       [ 0.61577828,  5.03634304,  1.14090135,  2.94082106,  5.63843238,\n        -1.08533303],\n       [ 0.58574995,  5.0561516 ,  1.0881892 ,  2.94650672,  5.80863678,\n        -0.89769359],\n       [ 0.55726134,  5.12403994,  1.05672793,  2.92986846,  5.92702881,\n        -0.76817051]]), array([0.42172891, 0.42186505, 0.42212527, 0.42230115, 0.42251846,\n       0.42251922, 0.42262746]))", "callback": [0.8283794464710841, 0.6439414793253846, 0.5872302321996705, 0.4349687316544142, 0.4283834481293668, 0.4264283087376748, 0.42600685767776025, 0.4255719825751857, 0.42262746266469997]}, "3": {"maxiter": 100, "fatol": 1e-10, "xatol": 1e-10, "duration": 0.03549599647521973, "fun": "0.42172891293614834", "nit": "100", "nfev": "158", "status": "2", "success": "False", "message": "Maximum number of iterations has been exceeded.", "x": "[ 0.58770601  5.10358205  1.09601769  2.93798148  5.76426001 -0.92173326]", "final_simplex": "(array([[ 0.58770601,  5.10358205,  1.09601769,  2.93798148,  5.76426001,\n        -0.92173326],\n       [ 0.59743156,  5.05085412,  1.11097118,  2.95657004,  5.70672501,\n        -0.97740318],\n       [ 0.60750521,  5.02367625,  1.10380575,  2.93923329,  5.69932299,\n        -0.93681912],\n       [ 0.59270254,  5.08095791,  1.11509694,  2.92586564,  5.75423565,\n        -0.96913142],\n       [ 0.61577828,  5.03634304,  1.14090135,  2.94082106,  5.63843238,\n        -1.08533303],\n       [ 0.58574995,  5.0561516 ,  1.0881892 ,  2.94650672,  5.80863678,\n        -0.89769359],\n       [ 0.55726134,  5.12403994,  1.05672793,  2.92986846,  5.92702881,\n        -0.76817051]]), array([0.42172891, 0.42186505, 0.42212527, 0.42230115, 0.42251846,\n       0.42251922, 0.42262746]))", "callback": [0.8283794464710841, 0.6439414793253846, 0.5872302321996705, 0.4349687316544142, 0.4283834481293668, 0.4264283087376748, 0.42600685767776025, 0.4255719825751857, 0.42262746266469997]}, "4": {"maxiter": 500, "fatol": 1e-05, "xatol": 1e-05, "duration": 0.17075204849243164, "fun": "0.4115622789413249", "nit": "500", "nfev": "767", "status": "2", "success": "False", "message": "Maximum number of iterations has been exceeded.", "x": "[ 1.21686594  5.35975152  0.95956899  3.44675054  4.84753485 -2.1994535 ]", "final_simplex": "(array([[ 1.21686594,  5.35975152,  0.95956899,  3.44675054,  4.84753485,\n        -2.1994535 ],\n       [ 1.21702377,  5.36029849,  0.95131765,  3.42954088,  4.80467935,\n        -2.24438347],\n       [ 1.21818154,  5.37552619,  0.95224229,  3.43418403,  4.89896956,\n        -2.16532677],\n       [ 1.18217495,  5.34415974,  0.95658292,  3.40998695,  4.78455499,\n        -2.24135373],\n       [ 1.16230854,  5.37194708,  0.94155325,  3.40432193,  4.73357835,\n        -2.29953141],\n       [ 1.19624661,  5.35401591,  0.95742802,  3.42494109,  4.82781842,\n        -2.22401571],\n       [ 1.17331768,  5.3640729 ,  0.94875551,  3.41714269,  4.88654488,\n        -2.15258443]]), array([0.41156228, 0.41156654, 0.41157863, 0.41158575, 0.41160827,\n       0.41163379, 0.41164606]))", "callback": [0.8283794464710841, 0.6439414793253846, 0.5872302321996705, 0.4349687316544142, 0.4283834481293668, 0.4264283087376748, 0.42600685767776025, 0.4255719825751857, 0.42262746266469997, 0.42172891293614834, 0.42160385275539003, 0.42143422839081235, 0.42100967797197697, 0.41944862403186334, 0.4188285153736542, 0.41831875668381857, 0.41823557887777085, 0.4181815759368789, 0.4181190099769223, 0.41795915773712466, 0.41746641916982197, 0.4171842802156608, 0.4168614384000574, 0.415779100150633, 0.41501576040797505, 0.41339751738763186, 0.41305539323277884, 0.41302194079280674, 0.41296499433925893, 0.4129419716070162, 0.412938334758959, 0.41293734464399756, 0.4129370205481917, 0.4129369696592623, 0.4129369355927268, 0.4129368407623457, 0.4129366750331266, 0.4129363233781437, 0.41293611364387917, 0.4129353265553215, 0.41293361752496094, 0.412929532260195, 0.4129270544346588, 0.412918498583001, 0.4128963956101903, 0.41283414026619536, 0.41252129971688123, 0.4117573112808226, 0.4117284847696868]}, "5": {"maxiter": 500, "fatol": 1e-05, "xatol": 1e-10, "duration": 0.17076396942138672, "fun": "0.4115622789413249", "nit": "500", "nfev": "767", "status": "2", "success": "False", "message": "Maximum number of iterations has been exceeded.", "x": "[ 1.21686594  5.35975152  0.95956899  3.44675054  4.84753485 -2.1994535 ]", "final_simplex": "(array([[ 1.21686594,  5.35975152,  0.95956899,  3.44675054,  4.84753485,\n        -2.1994535 ],\n       [ 1.21702377,  5.36029849,  0.95131765,  3.42954088,  4.80467935,\n        -2.24438347],\n       [ 1.21818154,  5.37552619,  0.95224229,  3.43418403,  4.89896956,\n        -2.16532677],\n       [ 1.18217495,  5.34415974,  0.95658292,  3.40998695,  4.78455499,\n        -2.24135373],\n       [ 1.16230854,  5.37194708,  0.94155325,  3.40432193,  4.73357835,\n        -2.29953141],\n       [ 1.19624661,  5.35401591,  0.95742802,  3.42494109,  4.82781842,\n        -2.22401571],\n       [ 1.17331768,  5.3640729 ,  0.94875551,  3.41714269,  4.88654488,\n        -2.15258443]]), array([0.41156228, 0.41156654, 0.41157863, 0.41158575, 0.41160827,\n       0.41163379, 0.41164606]))", "callback": [0.8283794464710841, 0.6439414793253846, 0.5872302321996705, 0.4349687316544142, 0.4283834481293668, 0.4264283087376748, 0.42600685767776025, 0.4255719825751857, 0.42262746266469997, 0.42172891293614834, 0.42160385275539003, 0.42143422839081235, 0.42100967797197697, 0.41944862403186334, 0.4188285153736542, 0.41831875668381857, 0.41823557887777085, 0.4181815759368789, 0.4181190099769223, 0.41795915773712466, 0.41746641916982197, 0.4171842802156608, 0.4168614384000574, 0.415779100150633, 0.41501576040797505, 0.41339751738763186, 0.41305539323277884, 0.41302194079280674, 0.41296499433925893, 0.4129419716070162, 0.412938334758959, 0.41293734464399756, 0.4129370205481917, 0.4129369696592623, 0.4129369355927268, 0.4129368407623457, 0.4129366750331266, 0.4129363233781437, 0.41293611364387917, 0.4129353265553215, 0.41293361752496094, 0.412929532260195, 0.4129270544346588, 0.412918498583001, 0.4128963956101903, 0.41283414026619536, 0.41252129971688123, 0.4117573112808226, 0.4117284847696868]}, "6": {"maxiter": 500, "fatol": 1e-10, "xatol": 1e-05, "duration": 0.1781771183013916, "fun": "0.4115622789413249", "nit": "500", "nfev": "767", "status": "2", "success": "False", "message": "Maximum number of iterations has been exceeded.", "x": "[ 1.21686594  5.35975152  0.95956899  3.44675054  4.84753485 -2.1994535 ]", "final_simplex": "(array([[ 1.21686594,  5.35975152,  0.95956899,  3.44675054,  4.84753485,\n        -2.1994535 ],\n       [ 1.21702377,  5.36029849,  0.95131765,  3.42954088,  4.80467935,\n        -2.24438347],\n       [ 1.21818154,  5.37552619,  0.95224229,  3.43418403,  4.89896956,\n        -2.16532677],\n       [ 1.18217495,  5.34415974,  0.95658292,  3.40998695,  4.78455499,\n        -2.24135373],\n       [ 1.16230854,  5.37194708,  0.94155325,  3.40432193,  4.73357835,\n        -2.29953141],\n       [ 1.19624661,  5.35401591,  0.95742802,  3.42494109,  4.82781842,\n        -2.22401571],\n       [ 1.17331768,  5.3640729 ,  0.94875551,  3.41714269,  4.88654488,\n        -2.15258443]]), array([0.41156228, 0.41156654, 0.41157863, 0.41158575, 0.41160827,\n       0.41163379, 0.41164606]))", "callback": [0.8283794464710841, 0.6439414793253846, 0.5872302321996705, 0.4349687316544142, 0.4283834481293668, 0.4264283087376748, 0.42600685767776025, 0.4255719825751857, 0.42262746266469997, 0.42172891293614834, 0.42160385275539003, 0.42143422839081235, 0.42100967797197697, 0.41944862403186334, 0.4188285153736542, 0.41831875668381857, 0.41823557887777085, 0.4181815759368789, 0.4181190099769223, 0.41795915773712466, 0.41746641916982197, 0.4171842802156608, 0.4168614384000574, 0.415779100150633, 0.41501576040797505, 0.41339751738763186, 0.41305539323277884, 0.41302194079280674, 0.41296499433925893, 0.4129419716070162, 0.412938334758959, 0.41293734464399756, 0.4129370205481917, 0.4129369696592623, 0.4129369355927268, 0.4129368407623457, 0.4129366750331266, 0.4129363233781437, 0.41293611364387917, 0.4129353265553215, 0.41293361752496094, 0.412929532260195, 0.4129270544346588, 0.412918498583001, 0.4128963956101903, 0.41283414026619536, 0.41252129971688123, 0.4117573112808226, 0.4117284847696868]}, "7": {"maxiter": 500, "fatol": 1e-10, "xatol": 1e-10, "duration": 0.18931317329406738, "fun": "0.4115622789413249", "nit": "500", "nfev": "767", "status": "2", "success": "False", "message": "Maximum number of iterations has been exceeded.", "x": "[ 1.21686594  5.35975152  0.95956899  3.44675054  4.84753485 -2.1994535 ]", "final_simplex": "(array([[ 1.21686594,  5.35975152,  0.95956899,  3.44675054,  4.84753485,\n        -2.1994535 ],\n       [ 1.21702377,  5.36029849,  0.95131765,  3.42954088,  4.80467935,\n        -2.24438347],\n       [ 1.21818154,  5.37552619,  0.95224229,  3.43418403,  4.89896956,\n        -2.16532677],\n       [ 1.18217495,  5.34415974,  0.95658292,  3.40998695,  4.78455499,\n        -2.24135373],\n       [ 1.16230854,  5.37194708,  0.94155325,  3.40432193,  4.73357835,\n        -2.29953141],\n       [ 1.19624661,  5.35401591,  0.95742802,  3.42494109,  4.82781842,\n        -2.22401571],\n       [ 1.17331768,  5.3640729 ,  0.94875551,  3.41714269,  4.88654488,\n        -2.15258443]]), array([0.41156228, 0.41156654, 0.41157863, 0.41158575, 0.41160827,\n       0.41163379, 0.41164606]))", "callback": [0.8283794464710841, 0.6439414793253846, 0.5872302321996705, 0.4349687316544142, 0.4283834481293668, 0.4264283087376748, 0.42600685767776025, 0.4255719825751857, 0.42262746266469997, 0.42172891293614834, 0.42160385275539003, 0.42143422839081235, 0.42100967797197697, 0.41944862403186334, 0.4188285153736542, 0.41831875668381857, 0.41823557887777085, 0.4181815759368789, 0.4181190099769223, 0.41795915773712466, 0.41746641916982197, 0.4171842802156608, 0.4168614384000574, 0.415779100150633, 0.41501576040797505, 0.41339751738763186, 0.41305539323277884, 0.41302194079280674, 0.41296499433925893, 0.4129419716070162, 0.412938334758959, 0.41293734464399756, 0.4129370205481917, 0.4129369696592623, 0.4129369355927268, 0.4129368407623457, 0.4129366750331266, 0.4129363233781437, 0.41293611364387917, 0.4129353265553215, 0.41293361752496094, 0.412929532260195, 0.4129270544346588, 0.412918498583001, 0.4128963956101903, 0.41283414026619536, 0.41252129971688123, 0.4117573112808226, 0.4117284847696868]}, "8": {"maxiter": 1000, "fatol": 1e-05, "xatol": 1e-05, "duration": 0.23959922790527344, "fun": "0.4113977627322276", "nit": "674", "nfev": "1049", "status": "0", "success": "True", "message": "Optimization terminated successfully.", "x": "[ 1.25696885  5.39229007  0.9133747   3.44832274  4.89672834 -2.18062705]", "final_simplex": "(array([[ 1.25696885,  5.39229007,  0.9133747 ,  3.44832274,  4.89672834,\n        -2.18062705],\n       [ 1.25696158,  5.39228419,  0.91337868,  3.44831951,  4.89671962,\n        -2.18062887],\n       [ 1.25696295,  5.39228465,  0.91337865,  3.44832355,  4.89672607,\n        -2.18062509],\n       [ 1.25696698,  5.39228936,  0.91337676,  3.44832233,  4.89672068,\n        -2.18063184],\n       [ 1.25696859,  5.39228728,  0.91337917,  3.44832443,  4.89673258,\n        -2.18062008],\n       [ 1.25697229,  5.39229035,  0.91337617,  3.4483254 ,  4.89673463,\n        -2.18062511],\n       [ 1.25697036,  5.39228602,  0.91337687,  3.44832478,  4.89673291,\n        -2.18062091]]), array([0.41139776, 0.41139776, 0.41139776, 0.41139776, 0.41139776,\n       0.41139776, 0.41139776]))", "callback": [0.8283794464710841, 0.6439414793253846, 0.5872302321996705, 0.4349687316544142, 0.4283834481293668, 0.4264283087376748, 0.42600685767776025, 0.4255719825751857, 0.42262746266469997, 0.42172891293614834, 0.42160385275539003, 0.42143422839081235, 0.42100967797197697, 0.41944862403186334, 0.4188285153736542, 0.41831875668381857, 0.41823557887777085, 0.4181815759368789, 0.4181190099769223, 0.41795915773712466, 0.41746641916982197, 0.4171842802156608, 0.4168614384000574, 0.415779100150633, 0.41501576040797505, 0.41339751738763186, 0.41305539323277884, 0.41302194079280674, 0.41296499433925893, 0.4129419716070162, 0.412938334758959, 0.41293734464399756, 0.4129370205481917, 0.4129369696592623, 0.4129369355927268, 0.4129368407623457, 0.4129366750331266, 0.4129363233781437, 0.41293611364387917, 0.4129353265553215, 0.41293361752496094, 0.412929532260195, 0.4129270544346588, 0.412918498583001, 0.4128963956101903, 0.41283414026619536, 0.41252129971688123, 0.4117573112808226, 0.4117284847696868, 0.4115582512540952, 0.4114890284948426, 0.4114638131265438, 0.41142197375689094, 0.4114019916898666, 0.4113993727573151, 0.41139818517152016, 0.4113979671102259, 0.41139782363882405, 0.41139779286140266, 0.4113977737142267, 0.4113977638573322, 0.4113977636785322, 0.41139776304497644, 0.4113977627766846, 0.41139776274779694, 0.41139776273679707, 0.4113977627328378]}, "9": {"maxiter": 1000, "fatol": 1e-05, "xatol": 1e-10, "duration": 0.3178398609161377, "fun": "0.41139776273146356", "nit": "754", "nfev": "1247", "status": "0", "success": "True", "message": "Optimization terminated successfully.", "x": "[ 1.25696397  5.39228851  0.91337675  3.44832193  4.89672462 -2.18062843]", "final_simplex": "(array([[ 1.25696397,  5.39228851,  0.91337675,  3.44832193,  4.89672462,\n        -2.18062843],\n       [ 1.25696397,  5.39228851,  0.91337675,  3.44832193,  4.89672462,\n        -2.18062843],\n       [ 1.25696397,  5.39228851,  0.91337675,  3.44832193,  4.89672462,\n        -2.18062843],\n       [ 1.25696397,  5.39228851,  0.91337675,  3.44832193,  4.89672462,\n        -2.18062843],\n       [ 1.25696397,  5.39228851,  0.91337675,  3.44832193,  4.89672462,\n        -2.18062843],\n       [ 1.25696397,  5.39228851,  0.91337675,  3.44832193,  4.89672462,\n        -2.18062843],\n       [ 1.25696397,  5.39228851,  0.91337675,  3.44832193,  4.89672462,\n        -2.18062843]]), array([0.41139776, 0.41139776, 0.41139776, 0.41139776, 0.41139776,\n       0.41139776, 0.41139776]))", "callback": [0.8283794464710841, 0.6439414793253846, 0.5872302321996705, 0.4349687316544142, 0.4283834481293668, 0.4264283087376748, 0.42600685767776025, 0.4255719825751857, 0.42262746266469997, 0.42172891293614834, 0.42160385275539003, 0.42143422839081235, 0.42100967797197697, 0.41944862403186334, 0.4188285153736542, 0.41831875668381857, 0.41823557887777085, 0.4181815759368789, 0.4181190099769223, 0.41795915773712466, 0.41746641916982197, 0.4171842802156608, 0.4168614384000574, 0.415779100150633, 0.41501576040797505, 0.41339751738763186, 0.41305539323277884, 0.41302194079280674, 0.41296499433925893, 0.4129419716070162, 0.412938334758959, 0.41293734464399756, 0.4129370205481917, 0.4129369696592623, 0.4129369355927268, 0.4129368407623457, 0.4129366750331266, 0.4129363233781437, 0.41293611364387917, 0.4129353265553215, 0.41293361752496094, 0.412929532260195, 0.4129270544346588, 0.412918498583001, 0.4128963956101903, 0.41283414026619536, 0.41252129971688123, 0.4117573112808226, 0.4117284847696868, 0.4115582512540952, 0.4114890284948426, 0.4114638131265438, 0.41142197375689094, 0.4114019916898666, 0.4113993727573151, 0.41139818517152016, 0.4113979671102259, 0.41139782363882405, 0.41139779286140266, 0.4113977737142267, 0.4113977638573322, 0.4113977636785322, 0.41139776304497644, 0.4113977627766846, 0.41139776274779694, 0.41139776273679707, 0.4113977627328378, 0.4113977627318367, 0.41139776273150463, 0.41139776273147866, 0.41139776273146644, 0.4113977627314642, 0.41139776273146356, 0.41139776273146356, 0.41139776273146356]}, "10": {"maxiter": 1000, "fatol": 1e-10, "xatol": 1e-05, "duration": 0.24737930297851562, "fun": "0.4113977627322276", "nit": "674", "nfev": "1049", "status": "0", "success": "True", "message": "Optimization terminated successfully.", "x": "[ 1.25696885  5.39229007  0.9133747   3.44832274  4.89672834 -2.18062705]", "final_simplex": "(array([[ 1.25696885,  5.39229007,  0.9133747 ,  3.44832274,  4.89672834,\n        -2.18062705],\n       [ 1.25696158,  5.39228419,  0.91337868,  3.44831951,  4.89671962,\n        -2.18062887],\n       [ 1.25696295,  5.39228465,  0.91337865,  3.44832355,  4.89672607,\n        -2.18062509],\n       [ 1.25696698,  5.39228936,  0.91337676,  3.44832233,  4.89672068,\n        -2.18063184],\n       [ 1.25696859,  5.39228728,  0.91337917,  3.44832443,  4.89673258,\n        -2.18062008],\n       [ 1.25697229,  5.39229035,  0.91337617,  3.4483254 ,  4.89673463,\n        -2.18062511],\n       [ 1.25697036,  5.39228602,  0.91337687,  3.44832478,  4.89673291,\n        -2.18062091]]), array([0.41139776, 0.41139776, 0.41139776, 0.41139776, 0.41139776,\n       0.41139776, 0.41139776]))", "callback": [0.8283794464710841, 0.6439414793253846, 0.5872302321996705, 0.4349687316544142, 0.4283834481293668, 0.4264283087376748, 0.42600685767776025, 0.4255719825751857, 0.42262746266469997, 0.42172891293614834, 0.42160385275539003, 0.42143422839081235, 0.42100967797197697, 0.41944862403186334, 0.4188285153736542, 0.41831875668381857, 0.41823557887777085, 0.4181815759368789, 0.4181190099769223, 0.41795915773712466, 0.41746641916982197, 0.4171842802156608, 0.4168614384000574, 0.415779100150633, 0.41501576040797505, 0.41339751738763186, 0.41305539323277884, 0.41302194079280674, 0.41296499433925893, 0.4129419716070162, 0.412938334758959, 0.41293734464399756, 0.4129370205481917, 0.4129369696592623, 0.4129369355927268, 0.4129368407623457, 0.4129366750331266, 0.4129363233781437, 0.41293611364387917, 0.4129353265553215, 0.41293361752496094, 0.412929532260195, 0.4129270544346588, 0.412918498583001, 0.4128963956101903, 0.41283414026619536, 0.41252129971688123, 0.4117573112808226, 0.4117284847696868, 0.4115582512540952, 0.4114890284948426, 0.4114638131265438, 0.41142197375689094, 0.4114019916898666, 0.4113993727573151, 0.41139818517152016, 0.4113979671102259, 0.41139782363882405, 0.41139779286140266, 0.4113977737142267, 0.4113977638573322, 0.4113977636785322, 0.41139776304497644, 0.4113977627766846, 0.41139776274779694, 0.41139776273679707, 0.4113977627328378]}, "11": {"maxiter": 1000, "fatol": 1e-10, "xatol": 1e-10, "duration": 0.28415584564208984, "fun": "0.41139776273146356", "nit": "754", "nfev": "1247", "status": "0", "success": "True", "message": "Optimization terminated successfully.", "x": "[ 1.25696397  5.39228851  0.91337675  3.44832193  4.89672462 -2.18062843]", "final_simplex": "(array([[ 1.25696397,  5.39228851,  0.91337675,  3.44832193,  4.89672462,\n        -2.18062843],\n       [ 1.25696397,  5.39228851,  0.91337675,  3.44832193,  4.89672462,\n        -2.18062843],\n       [ 1.25696397,  5.39228851,  0.91337675,  3.44832193,  4.89672462,\n        -2.18062843],\n       [ 1.25696397,  5.39228851,  0.91337675,  3.44832193,  4.89672462,\n        -2.18062843],\n       [ 1.25696397,  5.39228851,  0.91337675,  3.44832193,  4.89672462,\n        -2.18062843],\n       [ 1.25696397,  5.39228851,  0.91337675,  3.44832193,  4.89672462,\n        -2.18062843],\n       [ 1.25696397,  5.39228851,  0.91337675,  3.44832193,  4.89672462,\n        -2.18062843]]), array([0.41139776, 0.41139776, 0.41139776, 0.41139776, 0.41139776,\n       0.41139776, 0.41139776]))", "callback": [0.8283794464710841, 0.6439414793253846, 0.5872302321996705, 0.4349687316544142, 0.4283834481293668, 0.4264283087376748, 0.42600685767776025, 0.4255719825751857, 0.42262746266469997, 0.42172891293614834, 0.42160385275539003, 0.42143422839081235, 0.42100967797197697, 0.41944862403186334, 0.4188285153736542, 0.41831875668381857, 0.41823557887777085, 0.4181815759368789, 0.4181190099769223, 0.41795915773712466, 0.41746641916982197, 0.4171842802156608, 0.4168614384000574, 0.415779100150633, 0.41501576040797505, 0.41339751738763186, 0.41305539323277884, 0.41302194079280674, 0.41296499433925893, 0.4129419716070162, 0.412938334758959, 0.41293734464399756, 0.4129370205481917, 0.4129369696592623, 0.4129369355927268, 0.4129368407623457, 0.4129366750331266, 0.4129363233781437, 0.41293611364387917, 0.4129353265553215, 0.41293361752496094, 0.412929532260195, 0.4129270544346588, 0.412918498583001, 0.4128963956101903, 0.41283414026619536, 0.41252129971688123, 0.4117573112808226, 0.4117284847696868, 0.4115582512540952, 0.4114890284948426, 0.4114638131265438, 0.41142197375689094, 0.4114019916898666, 0.4113993727573151, 0.41139818517152016, 0.4113979671102259, 0.41139782363882405, 0.41139779286140266, 0.4113977737142267, 0.4113977638573322, 0.4113977636785322, 0.41139776304497644, 0.4113977627766846, 0.41139776274779694, 0.41139776273679707, 0.4113977627328378, 0.4113977627318367, 0.41139776273150463, 0.41139776273147866, 0.41139776273146644, 0.4113977627314642, 0.41139776273146356, 0.41139776273146356, 0.41139776273146356]}}, "bfgs": {"type": "gradient", "0": {"maxiter": 100, "gtol": 1e-05, "xrtol": 1e-05, "eps": 1e-05, "duration": 0.07894492149353027, "fun": "0.4113977628931931", "jac": "[ 1.38569156e-06 -8.21520629e-07  1.43618450e-07 -1.44665391e-06\n  3.80173670e-07 -5.09658982e-07]", "hess_inv": "[[ 28.64774702  11.36816935  -7.26468974 -12.85169814  34.24143792\n   14.714475  ]\n [ 11.36816935  13.92966002  -8.17997049  -4.05202154   5.62488439\n   -8.29480661]\n [ -7.26468974  -8.17997049   9.23301155   1.20068315  -3.00214941\n    6.2149065 ]\n [-12.85169814  -4.05202154   1.20068315   9.8953506  -17.73528451\n   -9.70636017]\n [ 34.24143792   5.62488439  -3.00214941 -17.73528451  95.32998714\n   73.64549892]\n [ 14.714475    -8.29480661   6.2149065   -9.70636017  73.64549892\n   73.5309133 ]]", "nfev": "336", "njev": "48", "status": "0", "success": "True", "message": "Optimization terminated successfully.", "x": "[1.2569458  5.39229302 0.91337145 2.83486462 8.03818782 0.96083836]", "nit": "40", "callback": [0.438358010728903, 0.41705159819475446, 0.4123796065794407, 0.4113977628931931]}, "1": {"maxiter": 100, "gtol": 1e-05, "xrtol": 1e-05, "eps": 1e-10, "duration": 0.07711529731750488, "fun": "0.41139776386147986", "jac": "[ 0.00000000e+00 -1.11022293e-06  1.11022293e-06 -1.11022293e-06\n  0.00000000e+00 -4.44089173e-06]", "hess_inv": "[[ 31.50751287  11.29501165  -8.47818034 -14.23204624  37.40658515\n   16.18221029]\n [ 11.29501165  13.78242829  -8.42500792  -4.57872527   7.31619447\n   -7.49254275]\n [ -8.47818034  -8.42500792   9.25540257   2.129173    -6.06643904\n    4.08912915]\n [-14.23204624  -4.57872527   2.129173    10.46019087 -19.48709279\n  -10.49535166]\n [ 37.40658515   7.31619447  -6.06643904 -19.48709279  97.43264258\n   72.22283155]\n [ 16.18221029  -7.49254275   4.08912915 -10.49535166  72.22283155\n   70.51691737]]", "nfev": "336", "njev": "48", "status": "0", "success": "True", "message": "Optimization terminated successfully.", "x": "[1.25681415 5.39228224 0.91338603 2.83492801 8.03789704 0.96060489]", "nit": "41", "callback": [0.43835900728062027, 0.41705127228963734, 0.41248340486942436, 0.4113977644603871]}, "2": {"maxiter": 100, "gtol": 1e-05, "xrtol": 1e-10, "eps": 1e-05, "duration": 0.0767369270324707, "fun": "0.4113977628931931", "jac": "[ 1.38569156e-06 -8.21520629e-07  1.43618450e-07 -1.44665391e-06\n  3.80173670e-07 -5.09658982e-07]", "hess_inv": "[[ 28.64774702  11.36816935  -7.26468974 -12.85169814  34.24143792\n   14.714475  ]\n [ 11.36816935  13.92966002  -8.17997049  -4.05202154   5.62488439\n   -8.29480661]\n [ -7.26468974  -8.17997049   9.23301155   1.20068315  -3.00214941\n    6.2149065 ]\n [-12.85169814  -4.05202154   1.20068315   9.8953506  -17.73528451\n   -9.70636017]\n [ 34.24143792   5.62488439  -3.00214941 -17.73528451  95.32998714\n   73.64549892]\n [ 14.714475    -8.29480661   6.2149065   -9.70636017  73.64549892\n   73.5309133 ]]", "nfev": "336", "njev": "48", "status": "0", "success": "True", "message": "Optimization terminated successfully.", "x": "[1.2569458  5.39229302 0.91337145 2.83486462 8.03818782 0.96083836]", "nit": "40", "callback": [0.438358010728903, 0.41705159819475446, 0.4123796065794407, 0.4113977628931931]}, "3": {"maxiter": 100, "gtol": 1e-05, "xrtol": 1e-10, "eps": 1e-10, "duration": 0.07586812973022461, "fun": "0.41139776386147986", "jac": "[ 0.00000000e+00 -1.11022293e-06  1.11022293e-06 -1.11022293e-06\n  0.00000000e+00 -4.44089173e-06]", "hess_inv": "[[ 31.50751287  11.29501165  -8.47818034 -14.23204624  37.40658515\n   16.18221029]\n [ 11.29501165  13.78242829  -8.42500792  -4.57872527   7.31619447\n   -7.49254275]\n [ -8.47818034  -8.42500792   9.25540257   2.129173    -6.06643904\n    4.08912915]\n [-14.23204624  -4.57872527   2.129173    10.46019087 -19.48709279\n  -10.49535166]\n [ 37.40658515   7.31619447  -6.06643904 -19.48709279  97.43264258\n   72.22283155]\n [ 16.18221029  -7.49254275   4.08912915 -10.49535166  72.22283155\n   70.51691737]]", "nfev": "336", "njev": "48", "status": "0", "success": "True", "message": "Optimization terminated successfully.", "x": "[1.25681415 5.39228224 0.91338603 2.83492801 8.03789704 0.96060489]", "nit": "41", "callback": [0.43835900728062027, 0.41705127228963734, 0.41248340486942436, 0.4113977644603871]}, "4": {"maxiter": 100, "gtol": 1e-10, "xrtol": 1e-05, "eps": 1e-05, "duration": 0.12810802459716797, "fun": "0.4113977628931931", "jac": "[ 1.38569156e-06 -8.21520629e-07  1.43618450e-07 -1.44665391e-06\n  3.80173670e-07 -5.09658982e-07]", "hess_inv": "[[ 32.3202755   12.36310297  -8.30853146 -14.89375711  38.39845524\n   16.37276906]\n [ 12.36310297  14.19598608  -8.48849757  -4.60266693   6.72833743\n   -7.87642151]\n [ -8.30853146  -8.48849757   9.32358947   1.80170858  -4.36576329\n    5.4963745 ]\n [-14.89375711  -4.60266693   1.80170858  11.02874823 -20.02852998\n  -10.60371187]\n [ 38.39845524   6.72833743  -4.36576329 -20.02852998  99.87458359\n   75.30420352]\n [ 16.37276906  -7.87642151   5.4963745  -10.60371187  75.30420352\n   73.98323283]]", "nfev": "565", "njev": "79", "status": "2", "success": "False", "message": "Desired error not necessarily achieved due to precision loss.", "x": "[1.2569458  5.39229302 0.91337145 2.83486462 8.03818782 0.96083836]", "nit": "40", "callback": [0.438358010728903, 0.41705159819475446, 0.4123796065794407, 0.4113977628931931]}, "5": {"maxiter": 100, "gtol": 1e-10, "xrtol": 1e-05, "eps": 1e-10, "duration": 0.08382797241210938, "fun": "0.4113977627944565", "jac": "[ 0.00000000e+00 -2.22044587e-06 -2.22044587e-06 -2.22044587e-06\n -2.22044587e-06  0.00000000e+00]", "hess_inv": "[[13.62717433  4.18959398 -4.37127808 -6.88755605  8.55240352  1.23589788]\n [ 4.18959398  7.84340282 -4.44224379 -2.9731283   2.43260926 -4.31442506]\n [-4.37127808 -4.44224379  6.70790118  1.34081821 -2.86644635  2.07828343]\n [-6.88755605 -2.9731283   1.34081821  7.00909545 -5.22499898 -0.77488326]\n [ 8.55240352  2.43260926 -2.86644635 -5.22499898 21.56203433 14.30460547]\n [ 1.23589788 -4.31442506  2.07828343 -0.77488326 14.30460547 17.69732786]]", "nfev": "371", "njev": "53", "status": "0", "success": "True", "message": "Optimization terminated successfully.", "x": "[1.25691066 5.39226309 0.91338805 2.83488499 8.03822896 0.96092009]", "nit": "45", "callback": [0.43835900728062027, 0.41705127228963734, 0.41248340486942436, 0.4113977644603871]}, "6": {"maxiter": 100, "gtol": 1e-10, "xrtol": 1e-10, "eps": 1e-05, "duration": 0.12770366668701172, "fun": "0.4113977628931931", "jac": "[ 1.38569156e-06 -8.21520629e-07  1.43618450e-07 -1.44665391e-06\n  3.80173670e-07 -5.09658982e-07]", "hess_inv": "[[ 32.3202755   12.36310297  -8.30853146 -14.89375711  38.39845524\n   16.37276906]\n [ 12.36310297  14.19598608  -8.48849757  -4.60266693   6.72833743\n   -7.87642151]\n [ -8.30853146  -8.48849757   9.32358947   1.80170858  -4.36576329\n    5.4963745 ]\n [-14.89375711  -4.60266693   1.80170858  11.02874823 -20.02852998\n  -10.60371187]\n [ 38.39845524   6.72833743  -4.36576329 -20.02852998  99.87458359\n   75.30420352]\n [ 16.37276906  -7.87642151   5.4963745  -10.60371187  75.30420352\n   73.98323283]]", "nfev": "565", "njev": "79", "status": "2", "success": "False", "message": "Desired error not necessarily achieved due to precision loss.", "x": "[1.2569458  5.39229302 0.91337145 2.83486462 8.03818782 0.96083836]", "nit": "40", "callback": [0.438358010728903, 0.41705159819475446, 0.4123796065794407, 0.4113977628931931]}, "7": {"maxiter": 100, "gtol": 1e-10, "xrtol": 1e-10, "eps": 1e-10, "duration": 0.10189104080200195, "fun": "0.4113977627804948", "jac": "[1.11022293e-06 2.22044587e-06 2.22044587e-06 2.22044587e-06\n 2.22044587e-06 2.22044587e-06]", "hess_inv": "[[ 19.96421369  -0.52990016  -3.27372044 -16.60589643   3.97374909\n    2.56787126]\n [ -0.52990016   5.59581807  -2.88175294   2.04376628   2.57457157\n   -1.09858631]\n [ -3.27372044  -2.88175294   5.62821918   0.49860112  -4.32674782\n   -1.34804405]\n [-16.60589643   2.04376628   0.49860112  21.3164697   -0.0563488\n   -1.88590839]\n [  3.97374909   2.57457157  -4.32674782  -0.0563488    8.9485234\n    2.3542064 ]\n [  2.56787126  -1.09858631  -1.34804405  -1.88590839   2.3542064\n    2.24561297]]", "nfev": "448", "njev": "64", "status": "0", "success": "True", "message": "Optimization terminated successfully.", "x": "[1.25690904 5.39226967 0.91338662 2.8348905  8.03824043 0.96092243]", "nit": "48", "callback": [0.43835900728062027, 0.41705127228963734, 0.41248340486942436, 0.4113977644603871]}, "8": {"maxiter": 500, "gtol": 1e-05, "xrtol": 1e-05, "eps": 1e-05, "duration": 0.07586216926574707, "fun": "0.4113977628931931", "jac": "[ 1.38569156e-06 -8.21520629e-07  1.43618450e-07 -1.44665391e-06\n  3.80173670e-07 -5.09658982e-07]", "hess_inv": "[[ 28.64774702  11.36816935  -7.26468974 -12.85169814  34.24143792\n   14.714475  ]\n [ 11.36816935  13.92966002  -8.17997049  -4.05202154   5.62488439\n   -8.29480661]\n [ -7.26468974  -8.17997049   9.23301155   1.20068315  -3.00214941\n    6.2149065 ]\n [-12.85169814  -4.05202154   1.20068315   9.8953506  -17.73528451\n   -9.70636017]\n [ 34.24143792   5.62488439  -3.00214941 -17.73528451  95.32998714\n   73.64549892]\n [ 14.714475    -8.29480661   6.2149065   -9.70636017  73.64549892\n   73.5309133 ]]", "nfev": "336", "njev": "48", "status": "0", "success": "True", "message": "Optimization terminated successfully.", "x": "[1.2569458  5.39229302 0.91337145 2.83486462 8.03818782 0.96083836]", "nit": "40", "callback": [0.438358010728903, 0.41705159819475446, 0.4123796065794407, 0.4113977628931931]}, "9": {"maxiter": 500, "gtol": 1e-05, "xrtol": 1e-05, "eps": 1e-10, "duration": 0.07677412033081055, "fun": "0.41139776386147986", "jac": "[ 0.00000000e+00 -1.11022293e-06  1.11022293e-06 -1.11022293e-06\n  0.00000000e+00 -4.44089173e-06]", "hess_inv": "[[ 31.50751287  11.29501165  -8.47818034 -14.23204624  37.40658515\n   16.18221029]\n [ 11.29501165  13.78242829  -8.42500792  -4.57872527   7.31619447\n   -7.49254275]\n [ -8.47818034  -8.42500792   9.25540257   2.129173    -6.06643904\n    4.08912915]\n [-14.23204624  -4.57872527   2.129173    10.46019087 -19.48709279\n  -10.49535166]\n [ 37.40658515   7.31619447  -6.06643904 -19.48709279  97.43264258\n   72.22283155]\n [ 16.18221029  -7.49254275   4.08912915 -10.49535166  72.22283155\n   70.51691737]]", "nfev": "336", "njev": "48", "status": "0", "success": "True", "message": "Optimization terminated successfully.", "x": "[1.25681415 5.39228224 0.91338603 2.83492801 8.03789704 0.96060489]", "nit": "41", "callback": [0.43835900728062027, 0.41705127228963734, 0.41248340486942436, 0.4113977644603871]}, "10": {"maxiter": 500, "gtol": 1e-05, "xrtol": 1e-10, "eps": 1e-05, "duration": 0.07509303092956543, "fun": "0.4113977628931931", "jac": "[ 1.38569156e-06 -8.21520629e-07  1.43618450e-07 -1.44665391e-06\n  3.80173670e-07 -5.09658982e-07]", "hess_inv": "[[ 28.64774702  11.36816935  -7.26468974 -12.85169814  34.24143792\n   14.714475  ]\n [ 11.36816935  13.92966002  -8.17997049  -4.05202154   5.62488439\n   -8.29480661]\n [ -7.26468974  -8.17997049   9.23301155   1.20068315  -3.00214941\n    6.2149065 ]\n [-12.85169814  -4.05202154   1.20068315   9.8953506  -17.73528451\n   -9.70636017]\n [ 34.24143792   5.62488439  -3.00214941 -17.73528451  95.32998714\n   73.64549892]\n [ 14.714475    -8.29480661   6.2149065   -9.70636017  73.64549892\n   73.5309133 ]]", "nfev": "336", "njev": "48", "status": "0", "success": "True", "message": "Optimization terminated successfully.", "x": "[1.2569458  5.39229302 0.91337145 2.83486462 8.03818782 0.96083836]", "nit": "40", "callback": [0.438358010728903, 0.41705159819475446, 0.4123796065794407, 0.4113977628931931]}, "11": {"maxiter": 500, "gtol": 1e-05, "xrtol": 1e-10, "eps": 1e-10, "duration": 0.07662105560302734, "fun": "0.41139776386147986", "jac": "[ 0.00000000e+00 -1.11022293e-06  1.11022293e-06 -1.11022293e-06\n  0.00000000e+00 -4.44089173e-06]", "hess_inv": "[[ 31.50751287  11.29501165  -8.47818034 -14.23204624  37.40658515\n   16.18221029]\n [ 11.29501165  13.78242829  -8.42500792  -4.57872527   7.31619447\n   -7.49254275]\n [ -8.47818034  -8.42500792   9.25540257   2.129173    -6.06643904\n    4.08912915]\n [-14.23204624  -4.57872527   2.129173    10.46019087 -19.48709279\n  -10.49535166]\n [ 37.40658515   7.31619447  -6.06643904 -19.48709279  97.43264258\n   72.22283155]\n [ 16.18221029  -7.49254275   4.08912915 -10.49535166  72.22283155\n   70.51691737]]", "nfev": "336", "njev": "48", "status": "0", "success": "True", "message": "Optimization terminated successfully.", "x": "[1.25681415 5.39228224 0.91338603 2.83492801 8.03789704 0.96060489]", "nit": "41", "callback": [0.43835900728062027, 0.41705127228963734, 0.41248340486942436, 0.4113977644603871]}, "12": {"maxiter": 500, "gtol": 1e-10, "xrtol": 1e-05, "eps": 1e-05, "duration": 0.1272420883178711, "fun": "0.4113977628931931", "jac": "[ 1.38569156e-06 -8.21520629e-07  1.43618450e-07 -1.44665391e-06\n  3.80173670e-07 -5.09658982e-07]", "hess_inv": "[[ 32.3202755   12.36310297  -8.30853146 -14.89375711  38.39845524\n   16.37276906]\n [ 12.36310297  14.19598608  -8.48849757  -4.60266693   6.72833743\n   -7.87642151]\n [ -8.30853146  -8.48849757   9.32358947   1.80170858  -4.36576329\n    5.4963745 ]\n [-14.89375711  -4.60266693   1.80170858  11.02874823 -20.02852998\n  -10.60371187]\n [ 38.39845524   6.72833743  -4.36576329 -20.02852998  99.87458359\n   75.30420352]\n [ 16.37276906  -7.87642151   5.4963745  -10.60371187  75.30420352\n   73.98323283]]", "nfev": "565", "njev": "79", "status": "2", "success": "False", "message": "Desired error not necessarily achieved due to precision loss.", "x": "[1.2569458  5.39229302 0.91337145 2.83486462 8.03818782 0.96083836]", "nit": "40", "callback": [0.438358010728903, 0.41705159819475446, 0.4123796065794407, 0.4113977628931931]}, "13": {"maxiter": 500, "gtol": 1e-10, "xrtol": 1e-05, "eps": 1e-10, "duration": 0.08402776718139648, "fun": "0.4113977627944565", "jac": "[ 0.00000000e+00 -2.22044587e-06 -2.22044587e-06 -2.22044587e-06\n -2.22044587e-06  0.00000000e+00]", "hess_inv": "[[13.62717433  4.18959398 -4.37127808 -6.88755605  8.55240352  1.23589788]\n [ 4.18959398  7.84340282 -4.44224379 -2.9731283   2.43260926 -4.31442506]\n [-4.37127808 -4.44224379  6.70790118  1.34081821 -2.86644635  2.07828343]\n [-6.88755605 -2.9731283   1.34081821  7.00909545 -5.22499898 -0.77488326]\n [ 8.55240352  2.43260926 -2.86644635 -5.22499898 21.56203433 14.30460547]\n [ 1.23589788 -4.31442506  2.07828343 -0.77488326 14.30460547 17.69732786]]", "nfev": "371", "njev": "53", "status": "0", "success": "True", "message": "Optimization terminated successfully.", "x": "[1.25691066 5.39226309 0.91338805 2.83488499 8.03