{"date": "2024/09/24/, 01:06:30", "conf_id": 175, "data_type": "non_lin_ind\n", "num_data_points": 1, "s_rank": 0, "unitary": "[[-0.45070455-0.02711853j,0.78437395-0.06613086j,0.06358678+0.19963393j,-0.07343613+0.35668523j],[-0.01890143-0.03813363j,0.32408202+0.25557629j,0.05872864-0.68979805j,0.55466693-0.20227297j],[-0.11215405+0.64023111j,-0.13344055+0.29565494j,-0.49012687-0.19046288j,-0.04241254+0.44046348j],[0.55771659+0.24656916j,0.31851997-0.05798805j,0.28761525-0.34294258j,-0.56718418+0.03616933j]]", "databatch_0": {"databatch": "[[[0.41008028+0.24681801j,0.06202737-0.19014998j,-0.13847316-0.1080384j,-0.00097075+0.05541058j],[0.01218355+0.05112252j,0.09293957-0.06854088j,-0.04452738-0.40589622j,0.01978441+0.11744073j],[-0.12871273-0.07283948j,0.2230018-0.33302741j,-0.13152175+0.0601896j,-0.12918543-0.23564001j],[-0.29761949+0.07347964j,-0.15460501+0.05333244j,-0.19658465-0.05992851j,0.22633868+0.10070358j]]]", "initial param values": "[5.296179,3.84198091,2.74631973,3.62093702,3.68949021,0.57059307]", "nelder_mead": {"type": "gradient-free", "0": {"maxiter": 100, "fatol": 1e-05, "xatol": 1e-05, "duration": 0.037570953369140625, "fun": "0.6219736674300209", "nit": "100", "nfev": "152", "status": "2", "success": "False", "message": "Maximum number of iterations has been exceeded.", "x": "[5.58049705 3.95577936 4.26322828 1.75788472 4.52773111 0.09136109]", "final_simplex": "(array([[5.58049705, 3.95577936, 4.26322828, 1.75788472, 4.52773111,\n        0.09136109],\n       [5.68293329, 4.02334797, 4.18677056, 1.98238564, 4.5895793 ,\n        0.0929726 ],\n       [5.52508102, 3.97983553, 4.32606084, 2.03254096, 4.71590832,\n        0.08807049],\n       [5.69180598, 3.89403109, 4.18119619, 1.84664642, 4.40060929,\n        0.11322566],\n       [5.60662309, 3.99232106, 4.32034372, 1.95506327, 4.40540175,\n        0.12797808],\n       [5.4870506 , 4.0890033 , 4.20440703, 2.05524439, 4.72310594,\n        0.14967121],\n       [5.68350303, 4.11348357, 4.24250745, 1.88927809, 4.5411864 ,\n        0.1518178 ]]), array([0.62197367, 0.62318696, 0.62401053, 0.6268915 , 0.62698232,\n       0.6297163 , 0.63040171]))", "callback": [0.8053054724736506, 0.7359203825661431, 0.7176426218371705, 0.6771791334609918, 0.6678220389494456, 0.6526126439542712, 0.6513745644762954, 0.6463704925448035, 0.629716295605982]}, "1": {"maxiter": 100, "fatol": 1e-05, "xatol": 1e-10, "duration": 0.0347898006439209, "fun": "0.6219736674300209", "nit": "100", "nfev": "152", "status": "2", "success": "False", "message": "Maximum number of iterations has been exceeded.", "x": "[5.58049705 3.95577936 4.26322828 1.75788472 4.52773111 0.09136109]", "final_simplex": "(array([[5.58049705, 3.95577936, 4.26322828, 1.75788472, 4.52773111,\n        0.09136109],\n       [5.68293329, 4.02334797, 4.18677056, 1.98238564, 4.5895793 ,\n        0.0929726 ],\n       [5.52508102, 3.97983553, 4.32606084, 2.03254096, 4.71590832,\n        0.08807049],\n       [5.69180598, 3.89403109, 4.18119619, 1.84664642, 4.40060929,\n        0.11322566],\n       [5.60662309, 3.99232106, 4.32034372, 1.95506327, 4.40540175,\n        0.12797808],\n       [5.4870506 , 4.0890033 , 4.20440703, 2.05524439, 4.72310594,\n        0.14967121],\n       [5.68350303, 4.11348357, 4.24250745, 1.88927809, 4.5411864 ,\n        0.1518178 ]]), array([0.62197367, 0.62318696, 0.62401053, 0.6268915 , 0.62698232,\n       0.6297163 , 0.63040171]))", "callback": [0.8053054724736506, 0.7359203825661431, 0.7176426218371705, 0.6771791334609918, 0.6678220389494456, 0.6526126439542712, 0.6513745644762954, 0.6463704925448035, 0.629716295605982]}, "2": {"maxiter": 100, "fatol": 1e-10, "xatol": 1e-05, "duration": 0.03386378288269043, "fun": "0.6219736674300209", "nit": "100", "nfev": "152", "status": "2", "success": "False", "message": "Maximum number of iterations has been exceeded.", "x": "[5.58049705 3.95577936 4.26322828 1.75788472 4.52773111 0.09136109]", "final_simplex": "(array([[5.58049705, 3.95577936, 4.26322828, 1.75788472, 4.52773111,\n        0.09136109],\n       [5.68293329, 4.02334797, 4.18677056, 1.98238564, 4.5895793 ,\n        0.0929726 ],\n       [5.52508102, 3.97983553, 4.32606084, 2.03254096, 4.71590832,\n        0.08807049],\n       [5.69180598, 3.89403109, 4.18119619, 1.84664642, 4.40060929,\n        0.11322566],\n       [5.60662309, 3.99232106, 4.32034372, 1.95506327, 4.40540175,\n        0.12797808],\n       [5.4870506 , 4.0890033 , 4.20440703, 2.05524439, 4.72310594,\n        0.14967121],\n       [5.68350303, 4.11348357, 4.24250745, 1.88927809, 4.5411864 ,\n        0.1518178 ]]), array([0.62197367, 0.62318696, 0.62401053, 0.6268915 , 0.62698232,\n       0.6297163 , 0.63040171]))", "callback": [0.8053054724736506, 0.7359203825661431, 0.7176426218371705, 0.6771791334609918, 0.6678220389494456, 0.6526126439542712, 0.6513745644762954, 0.6463704925448035, 0.629716295605982]}, "3": {"maxiter": 100, "fatol": 1e-10, "xatol": 1e-10, "duration": 0.03493905067443848, "fun": "0.6219736674300209", "nit": "100", "nfev": "152", "status": "2", "success": "False", "message": "Maximum number of iterations has been exceeded.", "x": "[5.58049705 3.95577936 4.26322828 1.75788472 4.52773111 0.09136109]", "final_simplex": "(array([[5.58049705, 3.95577936, 4.26322828, 1.75788472, 4.52773111,\n        0.09136109],\n       [5.68293329, 4.02334797, 4.18677056, 1.98238564, 4.5895793 ,\n        0.0929726 ],\n       [5.52508102, 3.97983553, 4.32606084, 2.03254096, 4.71590832,\n        0.08807049],\n       [5.69180598, 3.89403109, 4.18119619, 1.84664642, 4.40060929,\n        0.11322566],\n       [5.60662309, 3.99232106, 4.32034372, 1.95506327, 4.40540175,\n        0.12797808],\n       [5.4870506 , 4.0890033 , 4.20440703, 2.05524439, 4.72310594,\n        0.14967121],\n       [5.68350303, 4.11348357, 4.24250745, 1.88927809, 4.5411864 ,\n        0.1518178 ]]), array([0.62197367, 0.62318696, 0.62401053, 0.6268915 , 0.62698232,\n       0.6297163 , 0.63040171]))", "callback": [0.8053054724736506, 0.7359203825661431, 0.7176426218371705, 0.6771791334609918, 0.6678220389494456, 0.6526126439542712, 0.6513745644762954, 0.6463704925448035, 0.629716295605982]}, "4": {"maxiter": 500, "fatol": 1e-05, "xatol": 1e-05, "duration": 0.1262049674987793, "fun": "0.4448742522667001", "nit": "355", "nfev": "561", "status": "0", "success": "True", "message": "Optimization terminated successfully.", "x": "[ 4.78103861  4.42003261  3.93220706  1.70796892  4.54431838 -1.23694685]", "final_simplex": "(array([[ 4.78103861,  4.42003261,  3.93220706,  1.70796892,  4.54431838,\n        -1.23694685],\n       [ 4.78103901,  4.4200375 ,  3.93220113,  1.70796905,  4.54431673,\n        -1.23694125],\n       [ 4.78104246,  4.42003604,  3.93219967,  1.70796269,  4.54432019,\n        -1.23694119],\n       [ 4.7810353 ,  4.42003977,  3.93221121,  1.707966  ,  4.54432049,\n        -1.23694132],\n       [ 4.78103424,  4.42003127,  3.93220658,  1.70796442,  4.54432448,\n        -1.2369403 ],\n       [ 4.78103606,  4.42003619,  3.93220212,  1.70796304,  4.54432476,\n        -1.23694696],\n       [ 4.78104158,  4.42003725,  3.93220717,  1.70797524,  4.54432001,\n        -1.23694036]]), array([0.44487425, 0.44487425, 0.44487425, 0.44487425, 0.44487425,\n       0.44487425, 0.44487425]))", "callback": [0.8053054724736506, 0.7359203825661431, 0.7176426218371705, 0.6771791334609918, 0.6678220389494456, 0.6526126439542712, 0.6513745644762954, 0.6463704925448035, 0.629716295605982, 0.6212823438298378, 0.6106952275261208, 0.5871084409285197, 0.5628726428659032, 0.4954534541372141, 0.46332662087431786, 0.45585300424076225, 0.45157382108606614, 0.447639871702911, 0.4468979393821533, 0.44613949466954994, 0.44531457324595336, 0.4451584947211785, 0.44502963201586754, 0.4449466932654004, 0.44489037591209823, 0.4448769959318335, 0.4448748747280189, 0.44487449062167994, 0.4448742905220191, 0.4448742632091697, 0.44487425748112486, 0.44487425300241035, 0.4448742524674738, 0.4448742523043928, 0.4448742522756538]}, "5": {"maxiter": 500, "fatol": 1e-05, "xatol": 1e-10, "duration": 0.1779172420501709, "fun": "0.4448742522612309", "nit": "470", "nfev": "806", "status": "0", "success": "True", "message": "Optimization terminated successfully.", "x": "[ 4.781043    4.42003437  3.93220321  1.707965    4.54431508 -1.23694228]", "final_simplex": "(array([[ 4.781043  ,  4.42003437,  3.93220321,  1.707965  ,  4.54431508,\n        -1.23694228],\n       [ 4.781043  ,  4.42003437,  3.93220321,  1.707965  ,  4.54431508,\n        -1.23694228],\n       [ 4.781043  ,  4.42003437,  3.93220321,  1.707965  ,  4.54431508,\n        -1.23694228],\n       [ 4.781043  ,  4.42003437,  3.93220321,  1.707965  ,  4.54431508,\n        -1.23694228],\n       [ 4.781043  ,  4.42003437,  3.93220321,  1.707965  ,  4.54431508,\n        -1.23694228],\n       [ 4.781043  ,  4.42003437,  3.93220321,  1.707965  ,  4.54431508,\n        -1.23694228],\n       [ 4.781043  ,  4.42003437,  3.93220321,  1.707965  ,  4.54431508,\n        -1.23694228]]), array([0.44487425, 0.44487425, 0.44487425, 0.44487425, 0.44487425,\n       0.44487425, 0.44487425]))", "callback": [0.8053054724736506, 0.7359203825661431, 0.7176426218371705, 0.6771791334609918, 0.6678220389494456, 0.6526126439542712, 0.6513745644762954, 0.6463704925448035, 0.629716295605982, 0.6212823438298378, 0.6106952275261208, 0.5871084409285197, 0.5628726428659032, 0.4954534541372141, 0.46332662087431786, 0.45585300424076225, 0.45157382108606614, 0.447639871702911, 0.4468979393821533, 0.44613949466954994, 0.44531457324595336, 0.4451584947211785, 0.44502963201586754, 0.4449466932654004, 0.44489037591209823, 0.4448769959318335, 0.4448748747280189, 0.44487449062167994, 0.4448742905220191, 0.4448742632091697, 0.44487425748112486, 0.44487425300241035, 0.4448742524674738, 0.4448742523043928, 0.4448742522756538, 0.4448742522658028, 0.4448742522627799, 0.444874252261491, 0.4448742522613073, 0.4448742522612651, 0.44487425226123556, 0.444874252261233, 0.44487425226123134, 0.44487425226123123, 0.4448742522612309, 0.4448742522612309, 0.4448742522612309]}, "6": {"maxiter": 500, "fatol": 1e-10, "xatol": 1e-05, "duration": 0.12725424766540527, "fun": "0.4448742522667001", "nit": "355", "nfev": "561", "status": "0", "success": "True", "message": "Optimization terminated successfully.", "x": "[ 4.78103861  4.42003261  3.93220706  1.70796892  4.54431838 -1.23694685]", "final_simplex": "(array([[ 4.78103861,  4.42003261,  3.93220706,  1.70796892,  4.54431838,\n        -1.23694685],\n       [ 4.78103901,  4.4200375 ,  3.93220113,  1.70796905,  4.54431673,\n        -1.23694125],\n       [ 4.78104246,  4.42003604,  3.93219967,  1.70796269,  4.54432019,\n        -1.23694119],\n       [ 4.7810353 ,  4.42003977,  3.93221121,  1.707966  ,  4.54432049,\n        -1.23694132],\n       [ 4.78103424,  4.42003127,  3.93220658,  1.70796442,  4.54432448,\n        -1.2369403 ],\n       [ 4.78103606,  4.42003619,  3.93220212,  1.70796304,  4.54432476,\n        -1.23694696],\n       [ 4.78104158,  4.42003725,  3.93220717,  1.70797524,  4.54432001,\n        -1.23694036]]), array([0.44487425, 0.44487425, 0.44487425, 0.44487425, 0.44487425,\n       0.44487425, 0.44487425]))", "callback": [0.8053054724736506, 0.7359203825661431, 0.7176426218371705, 0.6771791334609918, 0.6678220389494456, 0.6526126439542712, 0.6513745644762954, 0.6463704925448035, 0.629716295605982, 0.6212823438298378, 0.6106952275261208, 0.5871084409285197, 0.5628726428659032, 0.4954534541372141, 0.46332662087431786, 0.45585300424076225, 0.45157382108606614, 0.447639871702911, 0.4468979393821533, 0.44613949466954994, 0.44531457324595336, 0.4451584947211785, 0.44502963201586754, 0.4449466932654004, 0.44489037591209823, 0.4448769959318335, 0.4448748747280189, 0.44487449062167994, 0.4448742905220191, 0.4448742632091697, 0.44487425748112486, 0.44487425300241035, 0.4448742524674738, 0.4448742523043928, 0.4448742522756538]}, "7": {"maxiter": 500, "fatol": 1e-10, "xatol": 1e-10, "duration": 0.19565796852111816, "fun": "0.4448742522612309", "nit": "470", "nfev": "806", "status": "0", "success": "True", "message": "Optimization terminated successfully.", "x": "[ 4.781043    4.42003437  3.93220321  1.707965    4.54431508 -1.23694228]", "final_simplex": "(array([[ 4.781043  ,  4.42003437,  3.93220321,  1.707965  ,  4.54431508,\n        -1.23694228],\n       [ 4.781043  ,  4.42003437,  3.93220321,  1.707965  ,  4.54431508,\n        -1.23694228],\n       [ 4.781043  ,  4.42003437,  3.93220321,  1.707965  ,  4.54431508,\n        -1.23694228],\n       [ 4.781043  ,  4.42003437,  3.93220321,  1.707965  ,  4.54431508,\n        -1.23694228],\n       [ 4.781043  ,  4.42003437,  3.93220321,  1.707965  ,  4.54431508,\n        -1.23694228],\n       [ 4.781043  ,  4.42003437,  3.93220321,  1.707965  ,  4.54431508,\n        -1.23694228],\n       [ 4.781043  ,  4.42003437,  3.93220321,  1.707965  ,  4.54431508,\n        -1.23694228]]), array([0.44487425, 0.44487425, 0.44487425, 0.44487425, 0.44487425,\n       0.44487425, 0.44487425]))", "callback": [0.8053054724736506, 0.7359203825661431, 0.7176426218371705, 0.6771791334609918, 0.6678220389494456, 0.6526126439542712, 0.6513745644762954, 0.6463704925448035, 0.629716295605982, 0.6212823438298378, 0.6106952275261208, 0.5871084409285197, 0.5628726428659032, 0.4954534541372141, 0.46332662087431786, 0.45585300424076225, 0.45157382108606614, 0.447639871702911, 0.4468979393821533, 0.44613949466954994, 0.44531457324595336, 0.4451584947211785, 0.44502963201586754, 0.4449466932654004, 0.44489037591209823, 0.4448769959318335, 0.4448748747280189, 0.44487449062167994, 0.4448742905220191, 0.4448742632091697, 0.44487425748112486, 0.44487425300241035, 0.4448742524674738, 0.4448742523043928, 0.4448742522756538, 0.4448742522658028, 0.4448742522627799, 0.444874252261491, 0.4448742522613073, 0.4448742522612651, 0.44487425226123556, 0.444874252261233, 0.44487425226123134, 0.44487425226123123, 0.4448742522612309, 0.4448742522612309, 0.4448742522612309]}, "8": {"maxiter": 1000, "fatol": 1e-05, "xatol": 1e-05, "duration": 0.13019108772277832, "fun": "0.4448742522667001", "nit": "355", "nfev": "561", "status": "0", "success": "True", "message": "Optimization terminated successfully.", "x": "[ 4.78103861  4.42003261  3.93220706  1.70796892  4.54431838 -1.23694685]", "final_simplex": "(array([[ 4.78103861,  4.42003261,  3.93220706,  1.70796892,  4.54431838,\n        -1.23694685],\n       [ 4.78103901,  4.4200375 ,  3.93220113,  1.70796905,  4.54431673,\n        -1.23694125],\n       [ 4.78104246,  4.42003604,  3.93219967,  1.70796269,  4.54432019,\n        -1.23694119],\n       [ 4.7810353 ,  4.42003977,  3.93221121,  1.707966  ,  4.54432049,\n        -1.23694132],\n       [ 4.78103424,  4.42003127,  3.93220658,  1.70796442,  4.54432448,\n        -1.2369403 ],\n       [ 4.78103606,  4.42003619,  3.93220212,  1.70796304,  4.54432476,\n        -1.23694696],\n       [ 4.78104158,  4.42003725,  3.93220717,  1.70797524,  4.54432001,\n        -1.23694036]]), array([0.44487425, 0.44487425, 0.44487425, 0.44487425, 0.44487425,\n       0.44487425, 0.44487425]))", "callback": [0.8053054724736506, 0.7359203825661431, 0.7176426218371705, 0.6771791334609918, 0.6678220389494456, 0.6526126439542712, 0.6513745644762954, 0.6463704925448035, 0.629716295605982, 0.6212823438298378, 0.6106952275261208, 0.5871084409285197, 0.5628726428659032, 0.4954534541372141, 0.46332662087431786, 0.45585300424076225, 0.45157382108606614, 0.447639871702911, 0.4468979393821533, 0.44613949466954994, 0.44531457324595336, 0.4451584947211785, 0.44502963201586754, 0.4449466932654004, 0.44489037591209823, 0.4448769959318335, 0.4448748747280189, 0.44487449062167994, 0.4448742905220191, 0.4448742632091697, 0.44487425748112486, 0.44487425300241035, 0.4448742524674738, 0.4448742523043928, 0.4448742522756538]}, "9": {"maxiter": 1000, "fatol": 1e-05, "xatol": 1e-10, "duration": 0.1877281665802002, "fun": "0.4448742522612309", "nit": "470", "nfev": "806", "status": "0", "success": "True", "message": "Optimization terminated successfully.", "x": "[ 4.781043    4.42003437  3.93220321  1.707965    4.54431508 -1.23694228]", "final_simplex": "(array([[ 4.781043  ,  4.42003437,  3.93220321,  1.707965  ,  4.54431508,\n        -1.23694228],\n       [ 4.781043  ,  4.42003437,  3.93220321,  1.707965  ,  4.54431508,\n        -1.23694228],\n       [ 4.781043  ,  4.42003437,  3.93220321,  1.707965  ,  4.54431508,\n        -1.23694228],\n       [ 4.781043  ,  4.42003437,  3.93220321,  1.707965  ,  4.54431508,\n        -1.23694228],\n       [ 4.781043  ,  4.42003437,  3.93220321,  1.707965  ,  4.54431508,\n        -1.23694228],\n       [ 4.781043  ,  4.42003437,  3.93220321,  1.707965  ,  4.54431508,\n        -1.23694228],\n       [ 4.781043  ,  4.42003437,  3.93220321,  1.707965  ,  4.54431508,\n        -1.23694228]]), array([0.44487425, 0.44487425, 0.44487425, 0.44487425, 0.44487425,\n       0.44487425, 0.44487425]))", "callback": [0.8053054724736506, 0.7359203825661431, 0.7176426218371705, 0.6771791334609918, 0.6678220389494456, 0.6526126439542712, 0.6513745644762954, 0.6463704925448035, 0.629716295605982, 0.6212823438298378, 0.6106952275261208, 0.5871084409285197, 0.5628726428659032, 0.4954534541372141, 0.46332662087431786, 0.45585300424076225, 0.45157382108606614, 0.447639871702911, 0.4468979393821533, 0.44613949466954994, 0.44531457324595336, 0.4451584947211785, 0.44502963201586754, 0.4449466932654004, 0.44489037591209823, 0.4448769959318335, 0.4448748747280189, 0.44487449062167994, 0.4448742905220191, 0.4448742632091697, 0.44487425748112486, 0.44487425300241035, 0.4448742524674738, 0.4448742523043928, 0.4448742522756538, 0.4448742522658028, 0.4448742522627799, 0.444874252261491, 0.4448742522613073, 0.4448742522612651, 0.44487425226123556, 0.444874252261233, 0.44487425226123134, 0.44487425226123123, 0.4448742522612309, 0.4448742522612309, 0.4448742522612309]}, "10": {"maxiter": 1000, "fatol": 1e-10, "xatol": 1e-05, "duration": 0.14331912994384766, "fun": "0.4448742522667001", "nit": "355", "nfev": "561", "status": "0", "success": "True", "message": "Optimization terminated successfully.", "x": "[ 4.78103861  4.42003261  3.93220706  1.70796892  4.54431838 -1.23694685]", "final_simplex": "(array([[ 4.78103861,  4.42003261,  3.93220706,  1.70796892,  4.54431838,\n        -1.23694685],\n       [ 4.78103901,  4.4200375 ,  3.93220113,  1.70796905,  4.54431673,\n        -1.23694125],\n       [ 4.78104246,  4.42003604,  3.93219967,  1.70796269,  4.54432019,\n        -1.23694119],\n       [ 4.7810353 ,  4.42003977,  3.93221121,  1.707966  ,  4.54432049,\n        -1.23694132],\n       [ 4.78103424,  4.42003127,  3.93220658,  1.70796442,  4.54432448,\n        -1.2369403 ],\n       [ 4.78103606,  4.42003619,  3.93220212,  1.70796304,  4.54432476,\n        -1.23694696],\n       [ 4.78104158,  4.42003725,  3.93220717,  1.70797524,  4.54432001,\n        -1.23694036]]), array([0.44487425, 0.44487425, 0.44487425, 0.44487425, 0.44487425,\n       0.44487425, 0.44487425]))", "callback": [0.8053054724736506, 0.7359203825661431, 0.7176426218371705, 0.6771791334609918, 0.6678220389494456, 0.6526126439542712, 0.6513745644762954, 0.6463704925448035, 0.629716295605982, 0.6212823438298378, 0.6106952275261208, 0.5871084409285197, 0.5628726428659032, 0.4954534541372141, 0.46332662087431786, 0.45585300424076225, 0.45157382108606614, 0.447639871702911, 0.4468979393821533, 0.44613949466954994, 0.44531457324595336, 0.4451584947211785, 0.44502963201586754, 0.4449466932654004, 0.44489037591209823, 0.4448769959318335, 0.4448748747280189, 0.44487449062167994, 0.4448742905220191, 0.4448742632091697, 0.44487425748112486, 0.44487425300241035, 0.4448742524674738, 0.4448742523043928, 0.4448742522756538]}, "11": {"maxiter": 1000, "fatol": 1e-10, "xatol": 1e-10, "duration": 0.22597813606262207, "fun": "0.4448742522612309", "nit": "470", "nfev": "806", "status": "0", "success": "True", "message": "Optimization terminated successfully.", "x": "[ 4.781043    4.42003437  3.93220321  1.707965    4.54431508 -1.23694228]", "final_simplex": "(array([[ 4.781043  ,  4.42003437,  3.93220321,  1.707965  ,  4.54431508,\n        -1.23694228],\n       [ 4.781043  ,  4.42003437,  3.93220321,  1.707965  ,  4.54431508,\n        -1.23694228],\n       [ 4.781043  ,  4.42003437,  3.93220321,  1.707965  ,  4.54431508,\n        -1.23694228],\n       [ 4.781043  ,  4.42003437,  3.93220321,  1.707965  ,  4.54431508,\n        -1.23694228],\n       [ 4.781043  ,  4.42003437,  3.93220321,  1.707965  ,  4.54431508,\n        -1.23694228],\n       [ 4.781043  ,  4.42003437,  3.93220321,  1.707965  ,  4.54431508,\n        -1.23694228],\n       [ 4.781043  ,  4.42003437,  3.93220321,  1.707965  ,  4.54431508,\n        -1.23694228]]), array([0.44487425, 0.44487425, 0.44487425, 0.44487425, 0.44487425,\n       0.44487425, 0.44487425]))", "callback": [0.8053054724736506, 0.7359203825661431, 0.7176426218371705, 0.6771791334609918, 0.6678220389494456, 0.6526126439542712, 0.6513745644762954, 0.6463704925448035, 0.629716295605982, 0.6212823438298378, 0.6106952275261208, 0.5871084409285197, 0.5628726428659032, 0.4954534541372141, 0.46332662087431786, 0.45585300424076225, 0.45157382108606614, 0.447639871702911, 0.4468979393821533, 0.44613949466954994, 0.44531457324595336, 0.4451584947211785, 0.44502963201586754, 0.4449466932654004, 0.44489037591209823, 0.4448769959318335, 0.4448748747280189, 0.44487449062167994, 0.4448742905220191, 0.4448742632091697, 0.44487425748112486, 0.44487425300241035, 0.4448742524674738, 0.4448742523043928, 0.4448742522756538, 0.4448742522658028, 0.4448742522627799, 0.444874252261491, 0.4448742522613073, 0.4448742522612651, 0.44487425226123556, 0.444874252261233, 0.44487425226123134, 0.44487425226123123, 0.4448742522612309, 0.4448742522612309, 0.4448742522612309]}}, "bfgs": {"type": "gradient", "0": {"maxiter": 100, "gtol": 1e-05, "xrtol": 1e-05, "eps": 1e-05, "duration": 0.047267913818359375, "fun": "0.44487425230562183", "jac": "[-2.44986254e-06  2.11202167e-06 -1.11447518e-06  1.03193010e-06\n  7.32280903e-07  6.62525590e-07]", "hess_inv": "[[ 5.35842727 -0.08536627 -2.13229538 -0.58342338 -3.21802379  1.88346433]\n [-0.08536627  4.19464272  0.36818138  0.57007388  0.63197954 -0.50315736]\n [-2.13229538  0.36818138  5.74552843  1.0282012   4.10165475 -1.37592678]\n [-0.58342338  0.57007388  1.0282012   4.10431731  0.72044584 -0.41668272]\n [-3.21802379  0.63197954  4.10165475  0.72044584  7.98961578 -1.10742698]\n [ 1.88346433 -0.50315736 -1.37592678 -0.41668272 -1.10742698  4.61359825]]", "nfev": "189", "njev": "27", "status": "0", "success": "True", "message": "Optimization terminated successfully.", "x": "[ 4.78102782  4.42003756  3.93219402  1.70796382  4.5443131  -1.23694854]", "nit": "23", "callback": [0.5267963852363178, 0.44488642382442956]}, "1": {"maxiter": 100, "gtol": 1e-05, "xrtol": 1e-05, "eps": 1e-10, "duration": 0.04644513130187988, "fun": "0.4448742523403587", "jac": "[-2.22044587e-06  3.33066880e-06 -2.22044587e-06 -1.11022293e-06\n  0.00000000e+00 -3.33066880e-06]", "hess_inv": "[[ 5.35253966 -0.08988274 -2.12402391 -0.58258703 -3.21499608  1.89610093]\n [-0.08988274  4.19395497  0.37399003  0.56948154  0.63162809 -0.50237745]\n [-2.12402391  0.37399003  5.73299316  1.02609204  4.09641572 -1.39084243]\n [-0.58258703  0.56948154  1.02609204  4.10883938  0.72837445 -0.41335975]\n [-3.21499608  0.63162809  4.09641572  0.72837445  8.01561187 -1.09819687]\n [ 1.89610093 -0.50237745 -1.39084243 -0.41335975 -1.09819687  4.60675369]]", "nfev": "189", "njev": "27", "status": "0", "success": "True", "message": "Optimization terminated successfully.", "x": "[ 4.78102283  4.42005078  3.93220847  1.70797051  4.54433363 -1.2369582 ]", "nit": "23", "callback": [0.526792271410946, 0.44488639540041053]}, "2": {"maxiter": 100, "gtol": 1e-05, "xrtol": 1e-10, "eps": 1e-05, "duration": 0.04455089569091797, "fun": "0.44487425230562183", "jac": "[-2.44986254e-06  2.11202167e-06 -1.11447518e-06  1.03193010e-06\n  7.32280903e-07  6.62525590e-07]", "hess_inv": "[[ 5.35842727 -0.08536627 -2.13229538 -0.58342338 -3.21802379  1.88346433]\n [-0.08536627  4.19464272  0.36818138  0.57007388  0.63197954 -0.50315736]\n [-2.13229538  0.36818138  5.74552843  1.0282012   4.10165475 -1.37592678]\n [-0.58342338  0.57007388  1.0282012   4.10431731  0.72044584 -0.41668272]\n [-3.21802379  0.63197954  4.10165475  0.72044584  7.98961578 -1.10742698]\n [ 1.88346433 -0.50315736 -1.37592678 -0.41668272 -1.10742698  4.61359825]]", "nfev": "189", "njev": "27", "status": "0", "success": "True", "message": "Optimization terminated successfully.", "x": "[ 4.78102782  4.42003756  3.93219402  1.70796382  4.5443131  -1.23694854]", "nit": "23", "callback": [0.5267963852363178, 0.44488642382442956]}, "3": {"maxiter": 100, "gtol": 1e-05, "xrtol": 1e-10, "eps": 1e-10, "duration": 0.044599056243896484, "fun": "0.4448742523403587", "jac": "[-2.22044587e-06  3.33066880e-06 -2.22044587e-06 -1.11022293e-06\n  0.00000000e+00 -3.33066880e-06]", "hess_inv": "[[ 5.35253966 -0.08988274 -2.12402391 -0.58258703 -3.21499608  1.89610093]\n [-0.08988274  4.19395497  0.37399003  0.56948154  0.63162809 -0.50237745]\n [-2.12402391  0.37399003  5.73299316  1.02609204  4.09641572 -1.39084243]\n [-0.58258703  0.56948154  1.02609204  4.10883938  0.72837445 -0.41335975]\n [-3.21499608  0.63162809  4.09641572  0.72837445  8.01561187 -1.09819687]\n [ 1.89610093 -0.50237745 -1.39084243 -0.41335975 -1.09819687  4.60675369]]", "nfev": "189", "njev": "27", "status": "0", "success": "True", "message": "Optimization terminated successfully.", "x": "[ 4.78102283  4.42005078  3.93220847  1.70797051  4.54433363 -1.2369582 ]", "nit": "23", "callback": [0.526792271410946, 0.44488639540041053]}, "4": {"maxiter": 100, "gtol": 1e-10, "xrtol": 1e-05, "eps": 1e-05, "duration": 0.04531264305114746, "fun": "0.4448742522905731", "jac": "[-1.00586206e-07  7.45070672e-08  6.59916566e-08 -5.45119505e-09\n -5.22581978e-08  3.95017352e-08]", "hess_inv": "[[ 5.46636051 -0.200872   -2.11404653 -0.67658885 -3.38770996  1.92616775]\n [-0.200872    4.29797573  0.37251881  0.64566816  0.76783892 -0.53580227]\n [-2.11404653  0.37251881  5.72052151  1.04082523  4.12679398 -1.38407263]\n [-0.67658885  0.64566816  1.04082523  4.15607303  0.8125425  -0.43802222]\n [-3.38770996  0.76783892  4.12679398  0.8125425   8.15324218 -1.14511938]\n [ 1.92616775 -0.53580227 -1.38407263 -0.43802222 -1.14511938  4.62208885]]", "nfev": "196", "njev": "28", "status": "0", "success": "True", "message": "Optimization terminated successfully.", "x": "[ 4.78104118  4.42002753  3.93219125  1.70795737  4.54430173 -1.23694601]", "nit": "24", "callback": [0.5267963852363178, 0.44488642382442956]}, "5": {"maxiter": 100, "gtol": 1e-10, "xrtol": 1e-05, "eps": 1e-10, "duration": 0.04695892333984375, "fun": "0.44487425228013566", "jac": "[-2.22044587e-06 -1.11022293e-06  1.11022293e-06  1.11022293e-06\n  0.00000000e+00  2.22044587e-06]", "hess_inv": "[[ 5.47801238 -0.23844028 -2.08078133 -0.64342228 -3.37172564  2.01251249]\n [-0.23844028  4.36830665  0.32443163  0.63019496  0.79963228 -0.64739674]\n [-2.08078133  0.32443163  5.74614713  1.01719218  4.06112858 -1.34305495]\n [-0.64342228  0.63019496  1.01719218  4.055093    0.67516626 -0.52269958]\n [-3.37172564  0.79963228  4.06112858  0.67516626  8.01085928 -1.32570952]\n [ 2.01251249 -0.64739674 -1.34305495 -0.52269958 -1.32570952  4.6811435 ]]", "nfev": "196", "njev": "28", "status": "0", "success": "True", "message": "Optimization terminated successfully.", "x": "[ 4.78103716  4.42003497  3.93221219  1.707972    4.54432883 -1.23693955]", "nit": "24", "callback": [0.526792271410946, 0.44488639540041053]}, "6": {"maxiter": 100, "gtol": 1e-10, "xrtol": 1e-10, "eps": 1e-05, "duration": 0.0710439682006836, "fun": "0.4448742522905731", "jac": "[-1.00586206e-07  7.45070672e-08  6.59916566e-08 -5.45119505e-09\n -5.22581978e-08  3.95017352e-08]", "hess_inv": "[[ 5.59051198 -0.28643593 -2.1929681  -0.71227824 -3.45359901  1.94871924]\n [-0.28643593  4.35647983  0.43016839  0.66877782  0.8108134  -0.55128252]\n [-2.1929681   0.43016839  5.74790277  1.07391529  4.18571648 -1.39884209]\n [-0.71227824  0.66877782  1.07391529  4.16158372  0.82370576 -0.44430701]\n [-3.45359901  0.8108134   4.18571648  0.82370576  8.17547227 -1.1567635 ]\n [ 1.94871924 -0.55128252 -1.39884209 -0.44430701 -1.1567635   4.62617696]]", "nfev": "299", "njev": "41", "status": "2", "success": "False", "message": "Desired error not necessarily achieved due to precision loss.", "x": "[ 4.78104118  4.42002753  3.93219125  1.70795737  4.54430173 -1.23694601]", "nit": "24", "callback": [0.5267963852363178, 0.44488642382442956]}, "7": {"maxiter": 100, "gtol": 1e-10, "xrtol": 1e-10, "eps": 1e-10, "duration": 0.06502604484558105, "fun": "0.44487425226898636", "jac": "[1.11022293e-06 1.11022293e-06 0.00000000e+00 2.22044587e-06\n 2.22044587e-06 0.00000000e+00]", "hess_inv": "[[ 3116.36405804  -568.77246159  -821.59508944  -210.57607269\n  -1699.58684852  1611.76855428]\n [ -568.77246159   105.79185007   149.06500941    37.92678441\n    308.84076735  -294.73428683]\n [ -821.59508944   149.06500941   220.33966792    55.20784198\n    449.23990626  -426.24421513]\n [ -210.57607269    37.92678441    55.20784198    17.26794284\n    113.63432468  -109.75644064]\n [-1699.58684852   308.84076735   449.23990626   113.63432468\n    930.50394276  -879.83949142]\n [ 1611.76855428  -294.73428683  -426.24421513  -109.75644064\n   -879.83949142   836.80666957]]", "nfev": "280", "njev": "40", "status": "0", "success": "True", "message": "Optimization terminated successfully.", "x": "[ 4.78103948  4.42003752  3.9322083   1.7079688   4.54432578 -1.23694422]", "nit": "27", "callback": [0.526792271410946, 0.44488639540041053]}, "8": {"maxiter": 500, "gtol": 1e-05, "xrtol": 1e-05, "eps": 1e-05, "duration": 0.044526100158691406, "fun": "0.44487425230562183", "jac": "[-2.44986254e-06  2.11202167e-06 -1.11447518e-06  1.03193010e-06\n  7.32280903e-07  6.62525590e-07]", "hess_inv": "[[ 5.35842727 -0.08536627 -2.13229538 -0.58342338 -3.21802379  1.88346433]\n [-0.08536627  4.19464272  0.36818138  0.57007388  0.63197954 -0.50315736]\n [-2.13229538  0.36818138  5.74552843  1.0282012   4.10165475 -1.37592678]\n [-0.58342338  0.57007388  1.0282012   4.10431731  0.72044584 -0.41668272]\n [-3.21802379  0.63197954  4.10165475  0.72044584  7.98961578 -1.10742698]\n [ 1.88346433 -0.50315736 -1.37592678 -0.41668272 -1.10742698  4.61359825]]", "nfev": "189", "njev": "27", "status": "0", "success": "True", "message": "Optimization terminated successfully.", "x": "[ 4.78102782  4.42003756  3.93219402  1.70796382  4.5443131  -1.23694854]", "nit": "23", "callback": [0.5267963852363178, 0.44488642382442956]}, "9": {"maxiter": 500, "gtol": 1e-05, "xrtol": 1e-05, "eps": 1e-10, "duration": 0.04414057731628418, "fun": "0.4448742523403587", "jac": "[-2.22044587e-06  3.33066880e-06 -2.22044587e-06 -1.11022293e-06\n  0.00000000e+00 -3.33066880e-06]", "hess_inv": "[[ 5.35253966 -0.08988274 -2.12402391 -0.58258703 -3.21499608  1.89610093]\n [-0.08988274  4.19395497  0.37399003  0.56948154  0.63162809 -0.50237745]\n [-2.12402391  0.37399003  5.73299316  1.02609204  4.09641572 -1.39084243]\n [-0.58258703  0.56948154  1.02609204  4.10883938  0.72837445 -0.41335975]\n [-3.21499608  0.63162809  4.09641572  0.72837445  8.01561187 -1.09819687]\n [ 1.89610093 -0.50237745 -1.39084243 -0.41335975 -1.09819687  4.60675369]]", "nfev": "189", "njev": "27", "status": "0", "success": "True", "message": "Optimization terminated successfully.", "x": "[ 4.78102283  4.42005078  3.93220847  1.70797051  4.54433363 -1.2369582 ]", "nit": "23", "callback": [0.526792271410946, 0.44488639540041053]}, "10": {"maxiter": 500, "gtol": 1e-05, "xrtol": 1e-10, "eps": 1e-05, "duration": 0.0447392463684082, "fun": "0.44487425230562183", "jac": "[-2.44986254e-06  2.11202167e-06 -1.11447518e-06  1.03193010e-06\n  7.32280903e-07  6.62525590e-07]", "hess_inv": "[[ 5.35842727 -0.08536627 -2.13229538 -0.58342338 -3.21802379  1.88346433]\n [-0.08536627  4.19464272  0.36818138  0.57007388  0.63197954 -0.50315736]\n [-2.13229538  0.36818138  5.74552843  1.0282012   4.10165475 -1.37592678]\n [-0.58342338  0.57007388  1.0282012   4.10431731  0.72044584 -0.41668272]\n [-3.21802379  0.63197954  4.10165475  0.72044584  7.98961578 -1.10742698]\n [ 1.88346433 -0.50315736 -1.37592678 -0.41668272 -1.10742698  4.61359825]]", "nfev": "189", "njev": "27", "status": "0", "success": "True", "message": "Optimization terminated successfully.", "x": "[ 4.78102782  4.42003756  3.93219402  1.70796382  4.5443131  -1.23694854]", "nit": "23", "callback": [0.5267963852363178, 0.44488642382442956]}, "11": {"maxiter": 500, "gtol": 1e-05, "xrtol": 1e-10, "eps": 1e-10, "duration": 0.04330801963806152, "fun": "0.4448742523403587", "jac": "[-2.22044587e-06  3.33066880e-06 -2.22044587e-06 -1.11022293e-06\n  0.00000000e+00 -3.33066880e-06]", "hess_inv": "[[ 5.35253966 -0.08988274 -2.12402391 -0.58258703 -3.21499608  1.89610093]\n [-0.08988274  4.19395497  0.37399003  0.56948154  0.63162809 -0.50237745]\n [-2.12402391  0.37399003  5.73299316  1.02609204  4.09641572 -1.39084243]\n [-0.58258703  0.56948154  1.02609204  4.10883938  0.72837445 -0.41335975]\n [-3.21499608  0.63162809  4.09641572  0.72837445  8.01561187 -1.09819687]\n [ 1.89610093 -0.50237745 -1.39084243 -0.41335975 -1.09819687  4.60675369]]", "nfev": "189", "njev": "27", "status": "0", "success": "True", "message": "Optimization terminated successfully.", "x": "[ 4.78102283  4.42005078  3.93220847  1.70797051  4.54433363 -1.2369582 ]", "nit": "23", "callback": [0.526792271410946, 0.44488639540041053]}, "12": {"maxiter": 500, "gtol": 1e-10, "xrtol": 1e-05, "eps": 1e-05, "duration": 0.04495692253112793, "fun": "0.4448742522905731", "jac": "[-1.00586206e-07  7.45070672e-08  6.59916566e-08 -5.45119505e-09\n -5.22581978e-08  3.95017352e-08]", "hess_inv": "[[ 5.46636051 -0.200872   -2.11404653 -0.67658885 -3.38770996  1.92616775]\n [-0.200872    4.29797573  0.37251881  0.64566816  0.76783892 -0.53580227]\n [-2.11404653  0.37251881  5.72052151  1.04082523  4.12679398 -1.38407263]\n [-0.67658885  0.64566816  1.04082523  4.15607303  0.8125425  -0.43802222]\n [-3.38770996  0.76783892  4.12679398  0.8125425   8.15324218 -1.14511938]\n [ 1.92616775 -0.53580227 -1.38407263 -0.43802222 -1.14511938  4.62208885]]", "nfev": "196", "njev": "28", "status": "0", "success": "True", "message": "Optimization terminated successfully.", "x": "[ 4.78104118  4.42002753  3.93219125  1.70795737  4.54430173 -1.23694601]", "nit": "24", "callback": [0.5267963852363178, 0.44488642382442956]}, "13": {"maxiter": 500, "gtol": 1e-10, "xrtol": 1e-05, "eps": 1e-10, "duration": 0.0447850227355957, "fun": "0.44487425228013566", "jac": "[-2.22044587e-06 -1.11022293e-06  1.11022293e-06  1.11022293e-06\n  0.00000000e+00  2.22044587e-06]", "hess_inv": "[[ 5.47801238 -0.23844028 -2.08078133 -0.64342228 -3.37172564  2.01251249]\n [-0.23844028  4.36830665  0.32443163  0.63019496  0.79963228 -0.64739674]\n [-2.08078133  0.32443163  5.74614713  1.01719218  4.06112858 -1.34305495]\n [-0.64342228  0.63019496  1.01719218  4.055093    0.67516626 -0.52269958]\n [-3.37172564  0.79963228  4.06112858  0.67516626  8.01085928 -1.32570952]\n [ 2.01251249 -0.64739674 -1.34305495 -0.52269958 -1.32570952  4.6811435 ]]", "nfev": "196", "njev": "28", "status": "0", "success": "True", "message": "Optimization terminated successfully.", "x": "[ 4.78103716  4.42003497  3.93221219  1.707972    4.54432883 -1.23693955]", "nit": "24", "callback": [0.526792271410946, 0.44488639540041053]}, "14": {"maxiter": 500, "gtol": 1e-10, "xrtol": 1e-10, "eps": 1e-05, "duration": 0.0689539909362793, "fun": "0.4448742522905731", "jac": "[-1.00586206e-07  7.45070672e-08  6.59916566e-08 -5.45119505e-09\n -5.22581978e-08  3.95017352e-08]", "hess_inv": "[[ 5.59051198 -0.28643593 -2.1929681  -0.71227824 -3.45359901  1.94871924]\n [-0.28643593  4.35647983  0.43016839  0.66877782  0.8108134  -0.55128252]\n [-2.1929681   0.43016839  5.74790277  1.07391529  4.18571648 -1.39884209]\n [-0.71227824  0.66877782  1.07391529  4.16158372  0.82370576 -0.44430701]\n [-3.45359901  0.8108134   4.18571648  0.82370576  8.17547227 -1.1567635 ]\n [ 1.94871924 -0.55128252 -1.39884209 -0.44430701 -1.1567635   4.62617696]]", "nfev": "299", "njev": "41", "status": "2", "success": "False", "message": "Desired error not necessarily achieved due to precision loss.", "x": "[ 4.78104118  4.42002753  3.93219125  1.70795737  4.54430173 -1.23694601]", "nit": "24", "callback": [0.5267963852363178, 0.44488642382442956]}, "15": {"maxiter": 500, "gtol": 1e-10, "xrtol": 1e-10, "eps": 1e-10, "duration": 0.06344103813171387, "fun": "0.44487425226898636", "jac": "[1.11022293e-06 1.11022293e-06 0.00000000e+00 2.22044587e-06\n 2.22044587e-06 0.00000000e+00]", "hess_inv": "[[ 3116.36405804  -568.77246159  -821.59508944  -210.57607269\n  -1699.58684852  1611.76855428]\n [ -568.77246159   105.79185007   149.06500941    37.92678441\n    308.84076735  -294.73428683]\n [ -821.59508944   149.06500941   220.33966792    55.20784198\n    449.23990626  -426.24421513]\n [ -210.57607269    37.92678441    55.20784198    17.26794284\n    113.63432468  -109.75644064]\n [-1699.58684852   308.84076735   449.23990626   113.63432468\n    930.50394276  -879.83949142]\n [ 1611.76855428  -294.73428683  -426.24421513  -109.75644064\n   -879.83949142   836.80666957]]", "nfev": "280", "njev": "40", "status": "0", "success": "True", "message": "Optimization terminated successfully.", "x": "[ 4.78103948  4.42003752  3.9322083   1.7079688   4.54432578 -1.23694422]", "nit": "27", "callback": [0.526792271410946, 0.44488639540041053]}, "16": {"maxiter": 1000, "gtol": 1e-05, "xrtol": 1e-05, "eps": 1e-05, "duration": 0.04326200485229492, "fun": "0.44487425230562183", "jac": "[-2.44986254e-06  2.11202167e-06 -1.11447518e-06  1.03193010e-06\n  7.32280903e-07  6.62525590e-07]", "hess_inv": "[[ 5.35842727 -0.08536627 -2.13229538 -0.58342338 -3.21802379  1.88346433]\n [-0.08536627  4.19464272  0.36818138  0.57007388  0.63197954 -0.50315736]\n [-2.13229538  0.36818138  5.74552843  1.0282012   4.10165475 -1.37592678]\n [-0.58342338  0.57007388  1.0282012   4.10431731  0.72044584 -0.41668272]\n [-3.21802379  0.63197954  4.10165475  0.72044584  7.98961578 -1.10742698]\n [ 1.88346433 -0.50315736 -1.37592678 -0.41668272 -1.10742698  4.61359825]]", "nfev": "189", "njev": "27", "status": "0", "success": "True", "message": "Optimization terminated successfully.", "x": "[ 4.78102782  4.42003756  3.93219402  1.70796382  4.5443131  -1.23694854]", "nit": "23", "callback": [0.5267963852363178, 0.44488642382442956]}, "17": {"maxiter": 1000, "gtol": 1e-05, "xrtol": 1e-05, "eps": 1e-10, "duration": 0.04278397560119629, "fun": "0.4448742523403587", "jac": "[-2.22044587e-06  3.33066880e-06 -2.22044587e-06 -1.11022293e-06\n  0.00000000e+00 -3.33066880e-06]", "hess_inv": "[[ 5.35253966 -0.08988274 -2.12402391 -0.58258703 -3.21499608  1.89610093]\n [-0.08988274  4.19395497  0.37399003  0.56948154  0.63162809 -0.50237745]\n [-2.12402391  0.37399003  5.73299316  1.02609204  4.09641572 -1.39084243]\n [-0.58258703  0.56948154  1.02609204  4.10883938  0.72837445 -0.41335975]\n [-3.21499608  0.63162809  4.09641572  0.72837445  8.01561187 -1.09819687]\n [ 1.89610093 -0.50237745 -1.39084243 -0.41335975 -1.09819687  4.60675369]]", "nfev": "189", "njev": "27", "status": "0", "success": "True", "message": "Optimization terminated successfully.", "x": "[ 4.78102283  4.42005078  3.93220847  1.70797051  4.54433363 -1.2369582 ]", "nit": "23", "callback": [0.526792271410946, 0.44488639540041053]}, "18": {"maxiter": 1000, "gtol": 1e-05, "xrtol": 1e-10, "eps": 1e-05, "duration": 0.04254889488220215, "fun": "0.44487425230562183", "jac": "[-2.44986254e-06  2.11202167e-06 -1.11447518e-06  1.03193010e-06\n  7.32280903e-07  6.62525590e-07]", "hess_inv": "[[ 5.35842727 -0.08536