{"date": "2024/09/23/, 18:40:59", "conf_id": 40, "data_type": "random\n", "num_data_points": 3, "s_rank": 0, "unitary": "[[-0.45070455-0.02711853j,0.78437395-0.06613086j,0.06358678+0.19963393j,-0.07343613+0.35668523j],[-0.01890143-0.03813363j,0.32408202+0.25557629j,0.05872864-0.68979805j,0.55466693-0.20227297j],[-0.11215405+0.64023111j,-0.13344055+0.29565494j,-0.49012687-0.19046288j,-0.04241254+0.44046348j],[0.55771659+0.24656916j,0.31851997-0.05798805j,0.28761525-0.34294258j,-0.56718418+0.03616933j]]", "databatch_0": {"databatch": "[[[-0.05069705-0.12376986j,-0.21328123+0.01552107j,0.09942761-0.02025487j,-0.10055396+0.01452137j],[0.01499592-0.23723363j,-0.3530503-0.14070338j,0.17468898+0.04477737j,-0.17204032-0.0548185j],[0.06317853-0.20072097j,-0.27361627-0.19577405j,0.14065131+0.07551692j,-0.13624625-0.0835857j],[-0.27937892+0.1250607j,0.05118082+0.48670913j,-0.05363916-0.22593736j,0.04060741+0.22893522j]],[[0.08817041+0.02581505j,0.08285677+0.2512018j,0.02881005-0.02570832j,-0.07440157+0.18937153j],[-0.07793381-0.13318546j,0.18840952-0.40235985j,-0.06482992-0.00181404j,0.30920869-0.14553041j],[0.09107712-0.16564822j,0.54150484-0.05472715j,-0.0388328-0.0693124j,0.34734635+0.23369673j],[-0.03749768+0.01387259j,-0.09415263-0.06622961j,-0.0033888+0.01645852j,-0.02317439-0.08545823j]],[[-0.04225846-0.09628398j,0.11063075+0.0281238j,0.14788531-0.11290028j,0.06134919+0.03492252j],[0.29506998-0.01042495j,-0.18811146+0.25952086j,0.14125063+0.5029764j,-0.15474749+0.12387293j],[0.18547996-0.15994926j,0.01305034+0.26556499j,0.35253397+0.25205633j,-0.03579568+0.16048574j],[0.11837609+0.03709429j,-0.11079639+0.07655186j,-0.01430268+0.21903572j,-0.07862435+0.02746362j]]]", "initial param values": "[1.3460447,0.90245634,4.56683846,0.31353002,0.82397625,0.93290243]", "nelder_mead": {"type": "gradient-free", "0": {"maxiter": 100, "fatol": 1e-05, "xatol": 1e-05, "duration": 0.05996274948120117, "fun": "0.352468419752476", "nit": "100", "nfev": "151", "status": "2", "success": "False", "message": "Maximum number of iterations has been exceeded.", "x": "[ 3.52674024  0.27157276  5.08030703 -0.16401584  1.17447182  1.10516587]", "final_simplex": "(array([[ 3.52674024,  0.27157276,  5.08030703, -0.16401584,  1.17447182,\n         1.10516587],\n       [ 3.52345082,  0.3352555 ,  5.17542225, -0.20248546,  1.19189324,\n         1.06735621],\n       [ 3.47572914,  0.34118981,  5.12651338, -0.21137679,  1.22303397,\n         1.10832825],\n       [ 3.5266301 ,  0.32173504,  5.17291196, -0.19742855,  1.22745149,\n         1.09502622],\n       [ 3.58837837,  0.28878262,  5.10572817, -0.20992859,  1.20349744,\n         1.100593  ],\n       [ 3.51258058,  0.35646176,  5.13014892, -0.20577756,  1.18373412,\n         1.09226067],\n       [ 3.57563449,  0.22775475,  5.0237262 , -0.13390417,  1.17279906,\n         1.08933054]]), array([0.35246842, 0.35253677, 0.35264011, 0.35267454, 0.35278663,\n       0.35285953, 0.35286334]))", "callback": [0.6424325557120683, 0.42160583334507507, 0.39552654009635735, 0.38444193197252474, 0.37476760235409534, 0.36351818604585195, 0.36114364726422, 0.3536649257476133, 0.352468419752476]}, "1": {"maxiter": 100, "fatol": 1e-05, "xatol": 1e-10, "duration": 0.059159040451049805, "fun": "0.352468419752476", "nit": "100", "nfev": "151", "status": "2", "success": "False", "message": "Maximum number of iterations has been exceeded.", "x": "[ 3.52674024  0.27157276  5.08030703 -0.16401584  1.17447182  1.10516587]", "final_simplex": "(array([[ 3.52674024,  0.27157276,  5.08030703, -0.16401584,  1.17447182,\n         1.10516587],\n       [ 3.52345082,  0.3352555 ,  5.17542225, -0.20248546,  1.19189324,\n         1.06735621],\n       [ 3.47572914,  0.34118981,  5.12651338, -0.21137679,  1.22303397,\n         1.10832825],\n       [ 3.5266301 ,  0.32173504,  5.17291196, -0.19742855,  1.22745149,\n         1.09502622],\n       [ 3.58837837,  0.28878262,  5.10572817, -0.20992859,  1.20349744,\n         1.100593  ],\n       [ 3.51258058,  0.35646176,  5.13014892, -0.20577756,  1.18373412,\n         1.09226067],\n       [ 3.57563449,  0.22775475,  5.0237262 , -0.13390417,  1.17279906,\n         1.08933054]]), array([0.35246842, 0.35253677, 0.35264011, 0.35267454, 0.35278663,\n       0.35285953, 0.35286334]))", "callback": [0.6424325557120683, 0.42160583334507507, 0.39552654009635735, 0.38444193197252474, 0.37476760235409534, 0.36351818604585195, 0.36114364726422, 0.3536649257476133, 0.352468419752476]}, "2": {"maxiter": 100, "fatol": 1e-10, "xatol": 1e-05, "duration": 0.05888986587524414, "fun": "0.352468419752476", "nit": "100", "nfev": "151", "status": "2", "success": "False", "message": "Maximum number of iterations has been exceeded.", "x": "[ 3.52674024  0.27157276  5.08030703 -0.16401584  1.17447182  1.10516587]", "final_simplex": "(array([[ 3.52674024,  0.27157276,  5.08030703, -0.16401584,  1.17447182,\n         1.10516587],\n       [ 3.52345082,  0.3352555 ,  5.17542225, -0.20248546,  1.19189324,\n         1.06735621],\n       [ 3.47572914,  0.34118981,  5.12651338, -0.21137679,  1.22303397,\n         1.10832825],\n       [ 3.5266301 ,  0.32173504,  5.17291196, -0.19742855,  1.22745149,\n         1.09502622],\n       [ 3.58837837,  0.28878262,  5.10572817, -0.20992859,  1.20349744,\n         1.100593  ],\n       [ 3.51258058,  0.35646176,  5.13014892, -0.20577756,  1.18373412,\n         1.09226067],\n       [ 3.57563449,  0.22775475,  5.0237262 , -0.13390417,  1.17279906,\n         1.08933054]]), array([0.35246842, 0.35253677, 0.35264011, 0.35267454, 0.35278663,\n       0.35285953, 0.35286334]))", "callback": [0.6424325557120683, 0.42160583334507507, 0.39552654009635735, 0.38444193197252474, 0.37476760235409534, 0.36351818604585195, 0.36114364726422, 0.3536649257476133, 0.352468419752476]}, "3": {"maxiter": 100, "fatol": 1e-10, "xatol": 1e-10, "duration": 0.05184793472290039, "fun": "0.352468419752476", "nit": "100", "nfev": "151", "status": "2", "success": "False", "message": "Maximum number of iterations has been exceeded.", "x": "[ 3.52674024  0.27157276  5.08030703 -0.16401584  1.17447182  1.10516587]", "final_simplex": "(array([[ 3.52674024,  0.27157276,  5.08030703, -0.16401584,  1.17447182,\n         1.10516587],\n       [ 3.52345082,  0.3352555 ,  5.17542225, -0.20248546,  1.19189324,\n         1.06735621],\n       [ 3.47572914,  0.34118981,  5.12651338, -0.21137679,  1.22303397,\n         1.10832825],\n       [ 3.5266301 ,  0.32173504,  5.17291196, -0.19742855,  1.22745149,\n         1.09502622],\n       [ 3.58837837,  0.28878262,  5.10572817, -0.20992859,  1.20349744,\n         1.100593  ],\n       [ 3.51258058,  0.35646176,  5.13014892, -0.20577756,  1.18373412,\n         1.09226067],\n       [ 3.57563449,  0.22775475,  5.0237262 , -0.13390417,  1.17279906,\n         1.08933054]]), array([0.35246842, 0.35253677, 0.35264011, 0.35267454, 0.35278663,\n       0.35285953, 0.35286334]))", "callback": [0.6424325557120683, 0.42160583334507507, 0.39552654009635735, 0.38444193197252474, 0.37476760235409534, 0.36351818604585195, 0.36114364726422, 0.3536649257476133, 0.352468419752476]}, "4": {"maxiter": 500, "fatol": 1e-05, "xatol": 1e-05, "duration": 0.26557302474975586, "fun": "0.22747284305212334", "nit": "500", "nfev": "773", "status": "2", "success": "False", "message": "Maximum number of iterations has been exceeded.", "x": "[ 5.09108774 -2.3469826   3.56506232 -1.90518439  1.14644597  2.12814648]", "final_simplex": "(array([[ 5.09108774, -2.3469826 ,  3.56506232, -1.90518439,  1.14644597,\n         2.12814648],\n       [ 5.09112575, -2.34693718,  3.56500197, -1.90515761,  1.14643814,\n         2.12815642],\n       [ 5.09110247, -2.34695848,  3.56506867, -1.90520652,  1.14638235,\n         2.12818584],\n       [ 5.09104461, -2.34695719,  3.56499345, -1.90517523,  1.14645199,\n         2.12819247],\n       [ 5.09102638, -2.34688584,  3.56498439, -1.90511705,  1.1464431 ,\n         2.12810717],\n       [ 5.09107715, -2.34694496,  3.5650026 , -1.90521995,  1.14647204,\n         2.12817122],\n       [ 5.09107159, -2.34693619,  3.56506305, -1.90513653,  1.14647599,\n         2.12822015]]), array([0.22747284, 0.22747284, 0.22747284, 0.22747284, 0.22747284,\n       0.22747284, 0.22747284]))", "callback": [0.6424325557120683, 0.42160583334507507, 0.39552654009635735, 0.38444193197252474, 0.37476760235409534, 0.36351818604585195, 0.36114364726422, 0.3536649257476133, 0.352468419752476, 0.3524194171029541, 0.35178664850439956, 0.34848713788852315, 0.33604259364446154, 0.33027310081817307, 0.3206987279453407, 0.3193810909502397, 0.3186800472088046, 0.3182311665757226, 0.3162810901101927, 0.31124118729211914, 0.3045711418527183, 0.2788559372984877, 0.2661224805118261, 0.2603841323109539, 0.2518987340754185, 0.24612721814700056, 0.24258454182471922, 0.24232329100008787, 0.24060226237085747, 0.23938187375577247, 0.23627264899241174, 0.22945030318939086, 0.22877178141541243, 0.22789972689986893, 0.22769130846284857, 0.2276145066578188, 0.22758054498777336, 0.22756223951575782, 0.2275183492322178, 0.22748945636633933, 0.2274773875526872, 0.2274761732697651, 0.22747342609921295, 0.2274732188738824, 0.22747293711805006, 0.22747286755447893, 0.22747285214813306, 0.22747284580330618, 0.22747284349208508]}, "5": {"maxiter": 500, "fatol": 1e-05, "xatol": 1e-10, "duration": 0.32808971405029297, "fun": "0.22747284305212334", "nit": "500", "nfev": "773", "status": "2", "success": "False", "message": "Maximum number of iterations has been exceeded.", "x": "[ 5.09108774 -2.3469826   3.56506232 -1.90518439  1.14644597  2.12814648]", "final_simplex": "(array([[ 5.09108774, -2.3469826 ,  3.56506232, -1.90518439,  1.14644597,\n         2.12814648],\n       [ 5.09112575, -2.34693718,  3.56500197, -1.90515761,  1.14643814,\n         2.12815642],\n       [ 5.09110247, -2.34695848,  3.56506867, -1.90520652,  1.14638235,\n         2.12818584],\n       [ 5.09104461, -2.34695719,  3.56499345, -1.90517523,  1.14645199,\n         2.12819247],\n       [ 5.09102638, -2.34688584,  3.56498439, -1.90511705,  1.1464431 ,\n         2.12810717],\n       [ 5.09107715, -2.34694496,  3.5650026 , -1.90521995,  1.14647204,\n         2.12817122],\n       [ 5.09107159, -2.34693619,  3.56506305, -1.90513653,  1.14647599,\n         2.12822015]]), array([0.22747284, 0.22747284, 0.22747284, 0.22747284, 0.22747284,\n       0.22747284, 0.22747284]))", "callback": [0.6424325557120683, 0.42160583334507507, 0.39552654009635735, 0.38444193197252474, 0.37476760235409534, 0.36351818604585195, 0.36114364726422, 0.3536649257476133, 0.352468419752476, 0.3524194171029541, 0.35178664850439956, 0.34848713788852315, 0.33604259364446154, 0.33027310081817307, 0.3206987279453407, 0.3193810909502397, 0.3186800472088046, 0.3182311665757226, 0.3162810901101927, 0.31124118729211914, 0.3045711418527183, 0.2788559372984877, 0.2661224805118261, 0.2603841323109539, 0.2518987340754185, 0.24612721814700056, 0.24258454182471922, 0.24232329100008787, 0.24060226237085747, 0.23938187375577247, 0.23627264899241174, 0.22945030318939086, 0.22877178141541243, 0.22789972689986893, 0.22769130846284857, 0.2276145066578188, 0.22758054498777336, 0.22756223951575782, 0.2275183492322178, 0.22748945636633933, 0.2274773875526872, 0.2274761732697651, 0.22747342609921295, 0.2274732188738824, 0.22747293711805006, 0.22747286755447893, 0.22747285214813306, 0.22747284580330618, 0.22747284349208508]}, "6": {"maxiter": 500, "fatol": 1e-10, "xatol": 1e-05, "duration": 0.3285491466522217, "fun": "0.22747284305212334", "nit": "500", "nfev": "773", "status": "2", "success": "False", "message": "Maximum number of iterations has been exceeded.", "x": "[ 5.09108774 -2.3469826   3.56506232 -1.90518439  1.14644597  2.12814648]", "final_simplex": "(array([[ 5.09108774, -2.3469826 ,  3.56506232, -1.90518439,  1.14644597,\n         2.12814648],\n       [ 5.09112575, -2.34693718,  3.56500197, -1.90515761,  1.14643814,\n         2.12815642],\n       [ 5.09110247, -2.34695848,  3.56506867, -1.90520652,  1.14638235,\n         2.12818584],\n       [ 5.09104461, -2.34695719,  3.56499345, -1.90517523,  1.14645199,\n         2.12819247],\n       [ 5.09102638, -2.34688584,  3.56498439, -1.90511705,  1.1464431 ,\n         2.12810717],\n       [ 5.09107715, -2.34694496,  3.5650026 , -1.90521995,  1.14647204,\n         2.12817122],\n       [ 5.09107159, -2.34693619,  3.56506305, -1.90513653,  1.14647599,\n         2.12822015]]), array([0.22747284, 0.22747284, 0.22747284, 0.22747284, 0.22747284,\n       0.22747284, 0.22747284]))", "callback": [0.6424325557120683, 0.42160583334507507, 0.39552654009635735, 0.38444193197252474, 0.37476760235409534, 0.36351818604585195, 0.36114364726422, 0.3536649257476133, 0.352468419752476, 0.3524194171029541, 0.35178664850439956, 0.34848713788852315, 0.33604259364446154, 0.33027310081817307, 0.3206987279453407, 0.3193810909502397, 0.3186800472088046, 0.3182311665757226, 0.3162810901101927, 0.31124118729211914, 0.3045711418527183, 0.2788559372984877, 0.2661224805118261, 0.2603841323109539, 0.2518987340754185, 0.24612721814700056, 0.24258454182471922, 0.24232329100008787, 0.24060226237085747, 0.23938187375577247, 0.23627264899241174, 0.22945030318939086, 0.22877178141541243, 0.22789972689986893, 0.22769130846284857, 0.2276145066578188, 0.22758054498777336, 0.22756223951575782, 0.2275183492322178, 0.22748945636633933, 0.2274773875526872, 0.2274761732697651, 0.22747342609921295, 0.2274732188738824, 0.22747293711805006, 0.22747286755447893, 0.22747285214813306, 0.22747284580330618, 0.22747284349208508]}, "7": {"maxiter": 500, "fatol": 1e-10, "xatol": 1e-10, "duration": 0.2785458564758301, "fun": "0.22747284305212334", "nit": "500", "nfev": "773", "status": "2", "success": "False", "message": "Maximum number of iterations has been exceeded.", "x": "[ 5.09108774 -2.3469826   3.56506232 -1.90518439  1.14644597  2.12814648]", "final_simplex": "(array([[ 5.09108774, -2.3469826 ,  3.56506232, -1.90518439,  1.14644597,\n         2.12814648],\n       [ 5.09112575, -2.34693718,  3.56500197, -1.90515761,  1.14643814,\n         2.12815642],\n       [ 5.09110247, -2.34695848,  3.56506867, -1.90520652,  1.14638235,\n         2.12818584],\n       [ 5.09104461, -2.34695719,  3.56499345, -1.90517523,  1.14645199,\n         2.12819247],\n       [ 5.09102638, -2.34688584,  3.56498439, -1.90511705,  1.1464431 ,\n         2.12810717],\n       [ 5.09107715, -2.34694496,  3.5650026 , -1.90521995,  1.14647204,\n         2.12817122],\n       [ 5.09107159, -2.34693619,  3.56506305, -1.90513653,  1.14647599,\n         2.12822015]]), array([0.22747284, 0.22747284, 0.22747284, 0.22747284, 0.22747284,\n       0.22747284, 0.22747284]))", "callback": [0.6424325557120683, 0.42160583334507507, 0.39552654009635735, 0.38444193197252474, 0.37476760235409534, 0.36351818604585195, 0.36114364726422, 0.3536649257476133, 0.352468419752476, 0.3524194171029541, 0.35178664850439956, 0.34848713788852315, 0.33604259364446154, 0.33027310081817307, 0.3206987279453407, 0.3193810909502397, 0.3186800472088046, 0.3182311665757226, 0.3162810901101927, 0.31124118729211914, 0.3045711418527183, 0.2788559372984877, 0.2661224805118261, 0.2603841323109539, 0.2518987340754185, 0.24612721814700056, 0.24258454182471922, 0.24232329100008787, 0.24060226237085747, 0.23938187375577247, 0.23627264899241174, 0.22945030318939086, 0.22877178141541243, 0.22789972689986893, 0.22769130846284857, 0.2276145066578188, 0.22758054498777336, 0.22756223951575782, 0.2275183492322178, 0.22748945636633933, 0.2274773875526872, 0.2274761732697651, 0.22747342609921295, 0.2274732188738824, 0.22747293711805006, 0.22747286755447893, 0.22747285214813306, 0.22747284580330618, 0.22747284349208508]}, "8": {"maxiter": 1000, "fatol": 1e-05, "xatol": 1e-05, "duration": 0.26949000358581543, "fun": "0.22747284256990097", "nit": "533", "nfev": "829", "status": "0", "success": "True", "message": "Optimization terminated successfully.", "x": "[ 5.09108535 -2.347011    3.56504063 -1.90520533  1.14640671  2.12813859]", "final_simplex": "(array([[ 5.09108535, -2.347011  ,  3.56504063, -1.90520533,  1.14640671,\n         2.12813859],\n       [ 5.0910871 , -2.34700522,  3.56504017, -1.90520027,  1.14641206,\n         2.12813943],\n       [ 5.0910805 , -2.34700973,  3.56503841, -1.90520297,  1.14641371,\n         2.12814051],\n       [ 5.09108719, -2.34700886,  3.56503542, -1.90520746,  1.14640859,\n         2.12813229],\n       [ 5.09109406, -2.34701476,  3.56504373, -1.90520886,  1.14640962,\n         2.12814212],\n       [ 5.09108794, -2.34701579,  3.56504201, -1.90520434,  1.14640611,\n         2.12813483],\n       [ 5.09109321, -2.34700103,  3.56503393, -1.90519677,  1.14641282,\n         2.12814232]]), array([0.22747284, 0.22747284, 0.22747284, 0.22747284, 0.22747284,\n       0.22747284, 0.22747284]))", "callback": [0.6424325557120683, 0.42160583334507507, 0.39552654009635735, 0.38444193197252474, 0.37476760235409534, 0.36351818604585195, 0.36114364726422, 0.3536649257476133, 0.352468419752476, 0.3524194171029541, 0.35178664850439956, 0.34848713788852315, 0.33604259364446154, 0.33027310081817307, 0.3206987279453407, 0.3193810909502397, 0.3186800472088046, 0.3182311665757226, 0.3162810901101927, 0.31124118729211914, 0.3045711418527183, 0.2788559372984877, 0.2661224805118261, 0.2603841323109539, 0.2518987340754185, 0.24612721814700056, 0.24258454182471922, 0.24232329100008787, 0.24060226237085747, 0.23938187375577247, 0.23627264899241174, 0.22945030318939086, 0.22877178141541243, 0.22789972689986893, 0.22769130846284857, 0.2276145066578188, 0.22758054498777336, 0.22756223951575782, 0.2275183492322178, 0.22748945636633933, 0.2274773875526872, 0.2274761732697651, 0.22747342609921295, 0.2274732188738824, 0.22747293711805006, 0.22747286755447893, 0.22747285214813306, 0.22747284580330618, 0.22747284349208508, 0.22747284305212334, 0.22747284267357237, 0.2274728425837188, 0.22747284257170042]}, "9": {"maxiter": 1000, "fatol": 1e-05, "xatol": 1e-10, "duration": 0.3147258758544922, "fun": "0.2274728425652267", "nit": "617", "nfev": "1029", "status": "0", "success": "True", "message": "Optimization terminated successfully.", "x": "[ 5.09108467 -2.34700637  3.56503541 -1.90520279  1.14641051  2.1281374 ]", "final_simplex": "(array([[ 5.09108467, -2.34700637,  3.56503541, -1.90520279,  1.14641051,\n         2.1281374 ],\n       [ 5.09108467, -2.34700637,  3.56503541, -1.90520279,  1.14641051,\n         2.1281374 ],\n       [ 5.09108467, -2.34700637,  3.56503541, -1.90520279,  1.14641051,\n         2.1281374 ],\n       [ 5.09108467, -2.34700637,  3.56503541, -1.90520279,  1.14641051,\n         2.1281374 ],\n       [ 5.09108467, -2.34700637,  3.56503541, -1.90520279,  1.14641051,\n         2.1281374 ],\n       [ 5.09108467, -2.34700637,  3.56503541, -1.90520279,  1.14641051,\n         2.1281374 ],\n       [ 5.09108467, -2.34700637,  3.56503541, -1.90520279,  1.14641051,\n         2.1281374 ]]), array([0.22747284, 0.22747284, 0.22747284, 0.22747284, 0.22747284,\n       0.22747284, 0.22747284]))", "callback": [0.6424325557120683, 0.42160583334507507, 0.39552654009635735, 0.38444193197252474, 0.37476760235409534, 0.36351818604585195, 0.36114364726422, 0.3536649257476133, 0.352468419752476, 0.3524194171029541, 0.35178664850439956, 0.34848713788852315, 0.33604259364446154, 0.33027310081817307, 0.3206987279453407, 0.3193810909502397, 0.3186800472088046, 0.3182311665757226, 0.3162810901101927, 0.31124118729211914, 0.3045711418527183, 0.2788559372984877, 0.2661224805118261, 0.2603841323109539, 0.2518987340754185, 0.24612721814700056, 0.24258454182471922, 0.24232329100008787, 0.24060226237085747, 0.23938187375577247, 0.23627264899241174, 0.22945030318939086, 0.22877178141541243, 0.22789972689986893, 0.22769130846284857, 0.2276145066578188, 0.22758054498777336, 0.22756223951575782, 0.2275183492322178, 0.22748945636633933, 0.2274773875526872, 0.2274761732697651, 0.22747342609921295, 0.2274732188738824, 0.22747293711805006, 0.22747286755447893, 0.22747285214813306, 0.22747284580330618, 0.22747284349208508, 0.22747284305212334, 0.22747284267357237, 0.2274728425837188, 0.22747284257170042, 0.22747284256645905, 0.22747284256536304, 0.22747284256526046, 0.22747284256523315, 0.22747284256522826, 0.2274728425652267, 0.2274728425652267, 0.2274728425652267]}, "10": {"maxiter": 1000, "fatol": 1e-10, "xatol": 1e-05, "duration": 0.32662200927734375, "fun": "0.22747284256990097", "nit": "533", "nfev": "829", "status": "0", "success": "True", "message": "Optimization terminated successfully.", "x": "[ 5.09108535 -2.347011    3.56504063 -1.90520533  1.14640671  2.12813859]", "final_simplex": "(array([[ 5.09108535, -2.347011  ,  3.56504063, -1.90520533,  1.14640671,\n         2.12813859],\n       [ 5.0910871 , -2.34700522,  3.56504017, -1.90520027,  1.14641206,\n         2.12813943],\n       [ 5.0910805 , -2.34700973,  3.56503841, -1.90520297,  1.14641371,\n         2.12814051],\n       [ 5.09108719, -2.34700886,  3.56503542, -1.90520746,  1.14640859,\n         2.12813229],\n       [ 5.09109406, -2.34701476,  3.56504373, -1.90520886,  1.14640962,\n         2.12814212],\n       [ 5.09108794, -2.34701579,  3.56504201, -1.90520434,  1.14640611,\n         2.12813483],\n       [ 5.09109321, -2.34700103,  3.56503393, -1.90519677,  1.14641282,\n         2.12814232]]), array([0.22747284, 0.22747284, 0.22747284, 0.22747284, 0.22747284,\n       0.22747284, 0.22747284]))", "callback": [0.6424325557120683, 0.42160583334507507, 0.39552654009635735, 0.38444193197252474, 0.37476760235409534, 0.36351818604585195, 0.36114364726422, 0.3536649257476133, 0.352468419752476, 0.3524194171029541, 0.35178664850439956, 0.34848713788852315, 0.33604259364446154, 0.33027310081817307, 0.3206987279453407, 0.3193810909502397, 0.3186800472088046, 0.3182311665757226, 0.3162810901101927, 0.31124118729211914, 0.3045711418527183, 0.2788559372984877, 0.2661224805118261, 0.2603841323109539, 0.2518987340754185, 0.24612721814700056, 0.24258454182471922, 0.24232329100008787, 0.24060226237085747, 0.23938187375577247, 0.23627264899241174, 0.22945030318939086, 0.22877178141541243, 0.22789972689986893, 0.22769130846284857, 0.2276145066578188, 0.22758054498777336, 0.22756223951575782, 0.2275183492322178, 0.22748945636633933, 0.2274773875526872, 0.2274761732697651, 0.22747342609921295, 0.2274732188738824, 0.22747293711805006, 0.22747286755447893, 0.22747285214813306, 0.22747284580330618, 0.22747284349208508, 0.22747284305212334, 0.22747284267357237, 0.2274728425837188, 0.22747284257170042]}, "11": {"maxiter": 1000, "fatol": 1e-10, "xatol": 1e-10, "duration": 0.4073491096496582, "fun": "0.2274728425652267", "nit": "617", "nfev": "1029", "status": "0", "success": "True", "message": "Optimization terminated successfully.", "x": "[ 5.09108467 -2.34700637  3.56503541 -1.90520279  1.14641051  2.1281374 ]", "final_simplex": "(array([[ 5.09108467, -2.34700637,  3.56503541, -1.90520279,  1.14641051,\n         2.1281374 ],\n       [ 5.09108467, -2.34700637,  3.56503541, -1.90520279,  1.14641051,\n         2.1281374 ],\n       [ 5.09108467, -2.34700637,  3.56503541, -1.90520279,  1.14641051,\n         2.1281374 ],\n       [ 5.09108467, -2.34700637,  3.56503541, -1.90520279,  1.14641051,\n         2.1281374 ],\n       [ 5.09108467, -2.34700637,  3.56503541, -1.90520279,  1.14641051,\n         2.1281374 ],\n       [ 5.09108467, -2.34700637,  3.56503541, -1.90520279,  1.14641051,\n         2.1281374 ],\n       [ 5.09108467, -2.34700637,  3.56503541, -1.90520279,  1.14641051,\n         2.1281374 ]]), array([0.22747284, 0.22747284, 0.22747284, 0.22747284, 0.22747284,\n       0.22747284, 0.22747284]))", "callback": [0.6424325557120683, 0.42160583334507507, 0.39552654009635735, 0.38444193197252474, 0.37476760235409534, 0.36351818604585195, 0.36114364726422, 0.3536649257476133, 0.352468419752476, 0.3524194171029541, 0.35178664850439956, 0.34848713788852315, 0.33604259364446154, 0.33027310081817307, 0.3206987279453407, 0.3193810909502397, 0.3186800472088046, 0.3182311665757226, 0.3162810901101927, 0.31124118729211914, 0.3045711418527183, 0.2788559372984877, 0.2661224805118261, 0.2603841323109539, 0.2518987340754185, 0.24612721814700056, 0.24258454182471922, 0.24232329100008787, 0.24060226237085747, 0.23938187375577247, 0.23627264899241174, 0.22945030318939086, 0.22877178141541243, 0.22789972689986893, 0.22769130846284857, 0.2276145066578188, 0.22758054498777336, 0.22756223951575782, 0.2275183492322178, 0.22748945636633933, 0.2274773875526872, 0.2274761732697651, 0.22747342609921295, 0.2274732188738824, 0.22747293711805006, 0.22747286755447893, 0.22747285214813306, 0.22747284580330618, 0.22747284349208508, 0.22747284305212334, 0.22747284267357237, 0.2274728425837188, 0.22747284257170042, 0.22747284256645905, 0.22747284256536304, 0.22747284256526046, 0.22747284256523315, 0.22747284256522826, 0.2274728425652267, 0.2274728425652267, 0.2274728425652267]}}, "bfgs": {"type": "gradient", "0": {"maxiter": 100, "gtol": 1e-05, "xrtol": 1e-05, "eps": 1e-05, "duration": 0.11014413833618164, "fun": "0.2274728427561764", "jac": "[-2.80925283e-06  3.93372002e-06 -2.02406980e-06 -9.88498172e-07\n  1.83947302e-06  1.53532742e-07]", "hess_inv": "[[ 5.23969075 -0.95569281  1.78497086 -0.99274348 -1.66486876  2.31749422]\n [-0.95569281  6.37864098 -2.87665131  4.15781211  0.43122144 -0.33510335]\n [ 1.78497086 -2.87665131  5.32041461 -2.42614806 -0.24970052  2.98019965]\n [-0.99274348  4.15781211 -2.42614806  5.3435648   0.05971755 -0.65064649]\n [-1.66486876  0.43122144 -0.24970052  0.05971755  4.14076456  0.69841972]\n [ 2.31749422 -0.33510335  2.98019965 -0.65064649  0.69841972  5.7515581 ]]", "nfev": "343", "njev": "49", "status": "0", "success": "True", "message": "Optimization terminated successfully.", "x": "[ 5.09104745 -2.34698279  3.56499718 -1.90519204  1.14642166  2.12810539]", "nit": "41", "callback": [0.3267145163244177, 0.3247784470375743, 0.25460061421401703, 0.2274728531976855]}, "1": {"maxiter": 100, "gtol": 1e-05, "xrtol": 1e-05, "eps": 1e-10, "duration": 0.11043286323547363, "fun": "0.22747284269945922", "jac": "[ 3.33066880e-06  1.11022293e-06 -1.11022293e-06  1.11022293e-06\n -1.11022293e-06  5.55111466e-06]", "hess_inv": "[[ 5.75099383 -1.17451157  2.09287668 -1.17396189 -1.96112266  2.89073858]\n [-1.17451157  6.67052866 -3.03666962  4.38067173  0.72042825 -0.50161788]\n [ 2.09287668 -3.03666962  5.40806681 -2.48592357 -0.44034427  3.149235  ]\n [-1.17396189  4.38067173 -2.48592357  5.24075294  0.29480382 -0.82874626]\n [-1.96112266  0.72042825 -0.44034427  0.29480382  4.54761691  0.24624242]\n [ 2.89073858 -0.50161788  3.149235   -0.82874626  0.24624242  6.10881656]]", "nfev": "343", "njev": "49", "status": "0", "success": "True", "message": "Optimization terminated successfully.", "x": "[ 5.09109724 -2.34697559  3.56502659 -1.9051812   1.14641135  2.12815842]", "nit": "41", "callback": [0.326714736356971, 0.32477625649571384, 0.24812861032566447, 0.22747284352001274]}, "2": {"maxiter": 100, "gtol": 1e-05, "xrtol": 1e-10, "eps": 1e-05, "duration": 0.10959291458129883, "fun": "0.2274728427561764", "jac": "[-2.80925283e-06  3.93372002e-06 -2.02406980e-06 -9.88498172e-07\n  1.83947302e-06  1.53532742e-07]", "hess_inv": "[[ 5.23969075 -0.95569281  1.78497086 -0.99274348 -1.66486876  2.31749422]\n [-0.95569281  6.37864098 -2.87665131  4.15781211  0.43122144 -0.33510335]\n [ 1.78497086 -2.87665131  5.32041461 -2.42614806 -0.24970052  2.98019965]\n [-0.99274348  4.15781211 -2.42614806  5.3435648   0.05971755 -0.65064649]\n [-1.66486876  0.43122144 -0.24970052  0.05971755  4.14076456  0.69841972]\n [ 2.31749422 -0.33510335  2.98019965 -0.65064649  0.69841972  5.7515581 ]]", "nfev": "343", "njev": "49", "status": "0", "success": "True", "message": "Optimization terminated successfully.", "x": "[ 5.09104745 -2.34698279  3.56499718 -1.90519204  1.14642166  2.12810539]", "nit": "41", "callback": [0.3267145163244177, 0.3247784470375743, 0.25460061421401703, 0.2274728531976855]}, "3": {"maxiter": 100, "gtol": 1e-05, "xrtol": 1e-10, "eps": 1e-10, "duration": 0.11139607429504395, "fun": "0.22747284269945922", "jac": "[ 3.33066880e-06  1.11022293e-06 -1.11022293e-06  1.11022293e-06\n -1.11022293e-06  5.55111466e-06]", "hess_inv": "[[ 5.75099383 -1.17451157  2.09287668 -1.17396189 -1.96112266  2.89073858]\n [-1.17451157  6.67052866 -3.03666962  4.38067173  0.72042825 -0.50161788]\n [ 2.09287668 -3.03666962  5.40806681 -2.48592357 -0.44034427  3.149235  ]\n [-1.17396189  4.38067173 -2.48592357  5.24075294  0.29480382 -0.82874626]\n [-1.96112266  0.72042825 -0.44034427  0.29480382  4.54761691  0.24624242]\n [ 2.89073858 -0.50161788  3.149235   -0.82874626  0.24624242  6.10881656]]", "nfev": "343", "njev": "49", "status": "0", "success": "True", "message": "Optimization terminated successfully.", "x": "[ 5.09109724 -2.34697559  3.56502659 -1.9051812   1.14641135  2.12815842]", "nit": "41", "callback": [0.326714736356971, 0.32477625649571384, 0.24812861032566447, 0.22747284352001274]}, "4": {"maxiter": 100, "gtol": 1e-10, "xrtol": 1e-05, "eps": 1e-05, "duration": 0.11052584648132324, "fun": "0.2274728426175231", "jac": "[-5.73874281e-08  2.80431234e-07 -3.52851082e-07 -1.86617388e-07\n  1.59894320e-07  3.56004115e-07]", "hess_inv": "[[ 5.67951593 -1.44554209  2.20935156 -1.30659846 -1.88958019  2.57961691]\n [-1.44554209  6.77155733 -3.27835415  4.43372146  0.58362175 -0.75660605]\n [ 2.20935156 -3.27835415  5.69691998 -2.69475535 -0.42103475  3.29333665]\n [-1.30659846  4.43372146 -2.69475535  5.53200089  0.17285384 -0.90020267]\n [-1.88958019  0.58362175 -0.42103475  0.17285384  4.1928236   0.48142676]\n [ 2.57961691 -0.75660605  3.29333665 -0.90020267  0.48142676  5.79779819]]", "nfev": "350", "njev": "50", "status": "0", "success": "True", "message": "Optimization terminated successfully.", "x": "[ 5.09107536 -2.3470167   3.56502542 -1.90521332  1.14640559  2.12811961]", "nit": "42", "callback": [0.3267145163244177, 0.3247784470375743, 0.25460061421401703, 0.2274728531976855]}, "5": {"maxiter": 100, "gtol": 1e-10, "xrtol": 1e-05, "eps": 1e-10, "duration": 0.11205911636352539, "fun": "0.2274728426081466", "jac": "[-1.11022293e-06  3.33066880e-06  0.00000000e+00  2.22044587e-06\n  0.00000000e+00 -1.11022293e-06]", "hess_inv": "[[ 4.68559523 -1.5350303   1.70604517 -1.39927116 -1.67504635  1.53548318]\n [-1.5350303   6.93718089 -3.30798463  4.61391514  0.80147397 -0.55127696]\n [ 1.70604517 -3.30798463  5.31834482 -2.67954516 -0.33078022  2.50941197]\n [-1.39927116  4.61391514 -2.67954516  5.43955237  0.34275361 -0.78970645]\n [-1.67504635  0.80147397 -0.33078022  0.34275361  4.47143993  0.59356763]\n [ 1.53548318 -0.55127696  2.50941197 -0.78970645  0.59356763  4.81514475]]", "nfev": "350", "njev": "50", "status": "0", "success": "True", "message": "Optimization terminated successfully.", "x": "[ 5.09107641 -2.34698303  3.56501917 -1.90518591  1.14641696  2.12813151]", "nit": "42", "callback": [0.326714736356971, 0.32477625649571384, 0.24812861032566447, 0.22747284352001274]}, "6": {"maxiter": 100, "gtol": 1e-10, "xrtol": 1e-10, "eps": 1e-05, "duration": 0.23993515968322754, "fun": "0.2274728426175231", "jac": "[-5.73874281e-08  2.80431234e-07 -3.52851082e-07 -1.86617388e-07\n  1.59894320e-07  3.56004115e-07]", "hess_inv": "[[ 5.66803936 -1.57548855  2.28225624 -1.34576538 -1.97452299  2.45404062]\n [-1.57548855  7.10435273 -3.51258713  4.5910517   0.76973787 -0.67734731]\n [ 2.28225624 -3.51258713  5.85624692 -2.79884908 -0.55568933  3.2093287 ]\n [-1.34576538  4.5910517  -2.79884908  5.59841101  0.26523208 -0.82886784]\n [-1.97452299  0.76973787 -0.55568933  0.26523208  4.29448934  0.5070901 ]\n [ 2.45404062 -0.67734731  3.2093287  -0.82886784  0.5070901   5.6727503 ]]", "nfev": "628", "njev": "88", "status": "2", "success": "False", "message": "Desired error not necessarily achieved due to precision loss.", "x": "[ 5.09107536 -2.3470167   3.56502542 -1.90521332  1.14640559  2.12811961]", "nit": "42", "callback": [0.3267145163244177, 0.3247784470375743, 0.25460061421401703, 0.2274728531976855]}, "7": {"maxiter": 100, "gtol": 1e-10, "xrtol": 1e-10, "eps": 1e-10, "duration": 0.18211889266967773, "fun": "0.22747284257241074", "jac": "[ 2.22044587e-06  0.00000000e+00  0.00000000e+00 -1.11022293e-06\n  0.00000000e+00 -1.11022293e-06]", "hess_inv": "[[ 0.64746867 -0.79220866  0.25960303 -0.1777364  -0.22063424  0.07266944]\n [-0.79220866  1.24025597 -0.21901306  0.20459042  0.54093961 -0.31922012]\n [ 0.25960303 -0.21901306  0.26454589 -0.03503521  0.14873472 -0.13471139]\n [-0.1777364   0.20459042 -0.03503521  0.07787965  0.12731559 -0.05619853]\n [-0.22063424  0.54093961  0.14873472  0.12731559  0.6164805  -0.39557508]\n [ 0.07266944 -0.31922012 -0.13471139 -0.05619853 -0.39557508  0.2999727 ]]", "nfev": "504", "njev": "72", "status": "0", "success": "True", "message": "Optimization terminated successfully.", "x": "[ 5.09107972 -2.34700817  3.56503086 -1.90520531  1.1464126   2.12813005]", "nit": "51", "callback": [0.326714736356971, 0.32477625649571384, 0.24812861032566447, 0.22747284352001274, 0.22747284257241096]}, "8": {"maxiter": 500, "gtol": 1e-05, "xrtol": 1e-05, "eps": 1e-05, "duration": 0.11187887191772461, "fun": "0.2274728427561764", "jac": "[-2.80925283e-06  3.93372002e-06 -2.02406980e-06 -9.88498172e-07\n  1.83947302e-06  1.53532742e-07]", "hess_inv": "[[ 5.23969075 -0.95569281  1.78497086 -0.99274348 -1.66486876  2.31749422]\n [-0.95569281  6.37864098 -2.87665131  4.15781211  0.43122144 -0.33510335]\n [ 1.78497086 -2.87665131  5.32041461 -2.42614806 -0.24970052  2.98019965]\n [-0.99274348  4.15781211 -2.42614806  5.3435648   0.05971755 -0.65064649]\n [-1.66486876  0.43122144 -0.24970052  0.05971755  4.14076456  0.69841972]\n [ 2.31749422 -0.33510335  2.98019965 -0.65064649  0.69841972  5.7515581 ]]", "nfev": "343", "njev": "49", "status": "0", "success": "True", "message": "Optimization terminated successfully.", "x": "[ 5.09104745 -2.34698279  3.56499718 -1.90519204  1.14642166  2.12810539]", "nit": "41", "callback": [0.3267145163244177, 0.3247784470375743, 0.25460061421401703, 0.2274728531976855]}, "9": {"maxiter": 500, "gtol": 1e-05, "xrtol": 1e-05, "eps": 1e-10, "duration": 0.14035582542419434, "fun": "0.22747284269945922", "jac": "[ 3.33066880e-06  1.11022293e-06 -1.11022293e-06  1.11022293e-06\n -1.11022293e-06  5.55111466e-06]", "hess_inv": "[[ 5.75099383 -1.17451157  2.09287668 -1.17396189 -1.96112266  2.89073858]\n [-1.17451157  6.67052866 -3.03666962  4.38067173  0.72042825 -0.50161788]\n [ 2.09287668 -3.03666962  5.40806681 -2.48592357 -0.44034427  3.149235  ]\n [-1.17396189  4.38067173 -2.48592357  5.24075294  0.29480382 -0.82874626]\n [-1.96112266  0.72042825 -0.44034427  0.29480382  4.54761691  0.24624242]\n [ 2.89073858 -0.50161788  3.149235   -0.82874626  0.24624242  6.10881656]]", "nfev": "343", "njev": "49", "status": "0", "success": "True", "message": "Optimization terminated successfully.", "x": "[ 5.09109724 -2.34697559  3.56502659 -1.9051812   1.14641135  2.12815842]", "nit": "41", "callback": [0.326714736356971, 0.32477625649571384, 0.24812861032566447, 0.22747284352001274]}, "10": {"maxiter": 500, "gtol": 1e-05, "xrtol": 1e-10, "eps": 1e-05, "duration": 0.12417292594909668, "fun": "0.2274728427561764", "jac": "[-2.80925283e-06  3.93372002e-06 -2.02406980e-06 -9.88498172e-07\n  1.83947302e-06  1.53532742e-07]", "hess_inv": "[[ 5.23969075 -0.95569281  1.78497086 -0.99274348 -1.66486876  2.31749422]\n [-0.95569281  6.37864098 -2.87665131  4.15781211  0.43122144 -0.33510335]\n [ 1.78497086 -2.87665131  5.32041461 -2.42614806 -0.24970052  2.98019965]\n [-0.99274348  4.15781211 -2.42614806  5.3435648   0.05971755 -0.65064649]\n [-1.66486876  0.43122144 -0.24970052  0.05971755  4.14076456  0.69841972]\n [ 2.31749422 -0.33510335  2.98019965 -0.65064649  0.69841972  5.7515581 ]]", "nfev": "343", "njev": "49", "status": "0", "success": "True", "message": "Optimization terminated successfully.", "x": "[ 5.09104745 -2.34698279  3.56499718 -1.90519204  1.14642166  2.12810539]", "nit": "41", "callback": [0.3267145163244177, 0.3247784470375743, 0.25460061421401703, 0.2274728531976855]}, "11": {"maxiter": 500, "gtol": 1e-05, "xrtol": 1e-10, "eps": 1e-10, "duration": 0.11489677429199219, "fun": "0.22747284269945922", "jac": "[ 3.33066880e-06  1.11022293e-06 -1.11022293e-06  1.11022293e-06\n -1.11022293e-06  5.55111466e-06]", "hess_inv": "[[ 5.75099383 -1.17451157  2.09287668 -1.17396189 -1.96112266  2.89073858]\n [-1.17451157  6.67052866 -3.03666962  4.38067173  0.72042825 -0.50161788]\n [ 2.09287668 -3.03666962  5.40806681 -2.48592357 -0.44034427  3.149235  ]\n [-1.17396189  4.38067173 -2.48592357  5.24075294  0.29480382 -0.82874626]\n [-1.96112266  0.72042825 -0.44034427  0.29480382  4.54761691  0.24624242]\n [ 2.89073858 -0.50161788  3.149235   -0.82874626  0.24624242  6.10881656]]", "nfev": "343", "njev": "49", "status": "0", "success": "True", "message": "Optimization terminated successfully.", "x": "[ 5.09109724 -2.34697559  3.56502659 -1.9051812   1.14641135  2.12815842]", "nit": "41", "callback": [0.326714736356971, 0.32477625649571384, 0.24812861032566447, 0.22747284352001274]}, "12": {"maxiter": 500, "gtol": 1e-10, "xrtol": 1e-05, "eps": 1e-05, "duration": 0.11828207969665527, "fun": "0.2274728426175231", "jac": "[-5.73874281e-08  2.80431234e-07 -3.52851082e-07 -1.86617388e-07\n  1.59894320e-07  3.56004115e-07]", "hess_inv": "[[ 5.67951593 -1.44554209  2.20935156 -1.30659846 -1.88958019  2.57961691]\n [-1.44554209  6.77155733 -3.27835415  4.43372146  0.58362175 -0.75660605]\n [ 2.20935156 -3.27835415  5.69691998 -2.69475535 -0.42103475  3.29333665]\n [-1.30659846  4.43372146 -2.69475535  5.53200089  0.17285384 -0.90020267]\n [-1.88958019  0.58362175 -0.42103475  0.17285384  4.1928236   0.48142676]\n [ 2.57961691 -0.75660605  3.29333665 -0.90020267  0.48142676  5.79779819]]", "nfev": "350", "njev": "50", "status": "0", "success": "True", "message": "Optimization terminated successfully.", "x": "[ 5.09107536 -2.3470167   3.56502542 -1.90521332  1.14640559  2.12811961]", "nit": "42", "callback": [0.3267145163244177, 0.3247784470375743, 0.25460061421401703, 0.2274728531976855]}, "13": {"maxiter": 500, "gtol": 1e-10, "xrtol": 1e-05, "eps": 1e-10, "duration": 0.12248897552490234, "fun": "0.2274728426081466", "jac": "[-1.11022293e-06  3.33066880e-06  0.00000000e+00  2.22044587e-06\n  0.00000000e+00 -1.11022293e-06]", "hess_inv": "[[ 4.68559523 -1.5350303   1.70604517 -1.39927116 -1.67504635  1.53548318]\n [-1.5350303   6.93718089 -3.30798463  4.61391514  0.80147397 -0.55127696]\n [ 1.70604517 -3.30798463  5.31834482 -2.67954516 -0.33078022  2.50941197]\n [-1.39927116  4.61391514 -2.67954516  5.43955237  0.34275361 -0.78970645]\n [-1.67504635  0.80147397 -0.33078022  0.34275361  4.47143993  0.59356763]\n [ 1.53548318 -0.55127696  2.50941197 -0.78970645  0.59356763  4.81514475]]", "nfev": "350", "njev": "50", "status": "0", "success": "True", "message": "Optimization terminated successfully.", "x": "[ 5.09107641 -2.34698303  3.56501917 -1.90518591  1.14641696  2.12813151]", "nit": "42", "callback": [0.326714736356971, 0.32477625649571384, 0.24812861032566447, 0.22747284352001274]}, "14": {"maxiter": 500, "gtol": 1e-10, "xrtol": 1e-10, "eps": 1e-05, "duration": 0.20897197723388672, "fun": "0.2274728426175231", "jac": "[-5.73874281e-08  2.80431234e-07 -3.52851082e-07 -1.86617388e-07\n  1.59894320e-07  3.56004115e-07]", "hess_inv": "[[ 5.66803936 -1.57548855  2.28225624 -1.34576538 -1.97452299  2.45404062]\n [-1.57548855  7.10435273 -3.51258713  4.5910517   0.76973787 -0.67734731]\n [ 2.28225624 -3.51258713  5.85624692 -2.79884908 -0.55568933  3.2093287 ]\n [-1.34576538  4.5910517  -2.79884908  5.59841101  0.26523208 -0.82886784]\n [-1.97452299  0.76973787 -0.55568933  0.26523208  4.29448934  0.5070901 ]\n [ 2.45404062 -0.67734731  3.2093287  -0.82886784  0.5070901   5.6727503 ]]", "nfev": "628", "njev": "88", "status": "2", "success":