{"date": "2024/09/24/, 04:05:11", "conf_id": 249, "data_type": "var_s_rank\n", "num_data_points": 1, "s_rank": 0, "unitary": "[[-0.24866696+0.58742286j,-0.44704345-0.43151574j,-0.35669027-0.20570733j,-0.10517633+0.1626036j],[0.10596805-0.19687975j,-0.30269685-0.15056416j,0.18246286+0.30440582j,-0.83484447-0.11310748j],[0.26054512-0.52548482j,0.0285017-0.50723956j,-0.43110112+0.17165838j,0.15243271+0.39915801j],[0.42978035+0.11991271j,-0.17224126-0.46030424j,0.6827807-0.15164662j,0.26483638+0.0061855j]]", "databatch_0": {"databatch": "[[[0.07484962-0.06506606j,0.05448025+0.09130581j,-0.02176462-0.13935051j,0.07738271-0.05608013j],[0.13805236-0.13701763j,0.15099443+0.1848959j,-0.10379956-0.19588569j,0.1101235-0.09018162j],[0.00231978+0.04837132j,-0.04977706+0.00047814j,0.04207916+0.03542818j,-0.01111002+0.04440946j],[0.29432393+0.33297251j,-0.41408404+0.33860404j,0.40623864-0.15076182j,0.15393559+0.28389246j]]]", "initial param values": "[1.00518805,0.47930388,1.97485845,0.41021849,6.07738955,5.64165962]", "nelder_mead": {"type": "gradient-free", "0": {"maxiter": 100, "fatol": 1e-05, "xatol": 1e-05, "duration": 0.03701210021972656, "fun": "0.3825635400517806", "nit": "100", "nfev": "159", "status": "2", "success": "False", "message": "Maximum number of iterations has been exceeded.", "x": "[-0.3627363  -0.47869916  0.18049922  0.84784913  8.88413993  9.15298999]", "final_simplex": "(array([[-3.62736296e-01, -4.78699157e-01,  1.80499222e-01,\n         8.47849132e-01,  8.88413993e+00,  9.15298999e+00],\n       [-3.51605161e-01, -4.90289787e-01,  6.65820006e-03,\n         8.28067408e-01,  8.67529857e+00,  9.41933416e+00],\n       [-3.48281671e-01, -4.86452226e-01, -7.01642073e-02,\n         8.21040442e-01,  8.82901656e+00,  9.48017085e+00],\n       [-2.80598267e-01, -4.46589052e-01,  6.76142600e-02,\n         7.98026375e-01,  8.80713304e+00,  9.29217221e+00],\n       [-2.78148442e-01, -4.41880754e-01, -6.88496349e-02,\n         7.83900109e-01,  8.76242896e+00,  9.48773487e+00],\n       [-2.22332318e-01, -4.12742731e-01,  1.87123336e-02,\n         7.67249003e-01,  8.83023038e+00,  9.33622364e+00],\n       [-2.33919821e-01, -4.14036895e-01, -9.62092812e-02,\n         7.70925008e-01,  8.60425164e+00,  9.43338877e+00]]), array([0.38256354, 0.38613836, 0.39565358, 0.39636488, 0.4020572 ,\n       0.40775528, 0.40865622]))", "callback": [0.9419170932660557, 0.8589491625384351, 0.8471786571439197, 0.8064038330539434, 0.432666056974792, 0.432666056974792, 0.42695334688255626, 0.421859601844334, 0.4135440389123729]}, "1": {"maxiter": 100, "fatol": 1e-05, "xatol": 1e-10, "duration": 0.03521013259887695, "fun": "0.3825635400517806", "nit": "100", "nfev": "159", "status": "2", "success": "False", "message": "Maximum number of iterations has been exceeded.", "x": "[-0.3627363  -0.47869916  0.18049922  0.84784913  8.88413993  9.15298999]", "final_simplex": "(array([[-3.62736296e-01, -4.78699157e-01,  1.80499222e-01,\n         8.47849132e-01,  8.88413993e+00,  9.15298999e+00],\n       [-3.51605161e-01, -4.90289787e-01,  6.65820006e-03,\n         8.28067408e-01,  8.67529857e+00,  9.41933416e+00],\n       [-3.48281671e-01, -4.86452226e-01, -7.01642073e-02,\n         8.21040442e-01,  8.82901656e+00,  9.48017085e+00],\n       [-2.80598267e-01, -4.46589052e-01,  6.76142600e-02,\n         7.98026375e-01,  8.80713304e+00,  9.29217221e+00],\n       [-2.78148442e-01, -4.41880754e-01, -6.88496349e-02,\n         7.83900109e-01,  8.76242896e+00,  9.48773487e+00],\n       [-2.22332318e-01, -4.12742731e-01,  1.87123336e-02,\n         7.67249003e-01,  8.83023038e+00,  9.33622364e+00],\n       [-2.33919821e-01, -4.14036895e-01, -9.62092812e-02,\n         7.70925008e-01,  8.60425164e+00,  9.43338877e+00]]), array([0.38256354, 0.38613836, 0.39565358, 0.39636488, 0.4020572 ,\n       0.40775528, 0.40865622]))", "callback": [0.9419170932660557, 0.8589491625384351, 0.8471786571439197, 0.8064038330539434, 0.432666056974792, 0.432666056974792, 0.42695334688255626, 0.421859601844334, 0.4135440389123729]}, "2": {"maxiter": 100, "fatol": 1e-10, "xatol": 1e-05, "duration": 0.03470301628112793, "fun": "0.3825635400517806", "nit": "100", "nfev": "159", "status": "2", "success": "False", "message": "Maximum number of iterations has been exceeded.", "x": "[-0.3627363  -0.47869916  0.18049922  0.84784913  8.88413993  9.15298999]", "final_simplex": "(array([[-3.62736296e-01, -4.78699157e-01,  1.80499222e-01,\n         8.47849132e-01,  8.88413993e+00,  9.15298999e+00],\n       [-3.51605161e-01, -4.90289787e-01,  6.65820006e-03,\n         8.28067408e-01,  8.67529857e+00,  9.41933416e+00],\n       [-3.48281671e-01, -4.86452226e-01, -7.01642073e-02,\n         8.21040442e-01,  8.82901656e+00,  9.48017085e+00],\n       [-2.80598267e-01, -4.46589052e-01,  6.76142600e-02,\n         7.98026375e-01,  8.80713304e+00,  9.29217221e+00],\n       [-2.78148442e-01, -4.41880754e-01, -6.88496349e-02,\n         7.83900109e-01,  8.76242896e+00,  9.48773487e+00],\n       [-2.22332318e-01, -4.12742731e-01,  1.87123336e-02,\n         7.67249003e-01,  8.83023038e+00,  9.33622364e+00],\n       [-2.33919821e-01, -4.14036895e-01, -9.62092812e-02,\n         7.70925008e-01,  8.60425164e+00,  9.43338877e+00]]), array([0.38256354, 0.38613836, 0.39565358, 0.39636488, 0.4020572 ,\n       0.40775528, 0.40865622]))", "callback": [0.9419170932660557, 0.8589491625384351, 0.8471786571439197, 0.8064038330539434, 0.432666056974792, 0.432666056974792, 0.42695334688255626, 0.421859601844334, 0.4135440389123729]}, "3": {"maxiter": 100, "fatol": 1e-10, "xatol": 1e-10, "duration": 0.035711050033569336, "fun": "0.3825635400517806", "nit": "100", "nfev": "159", "status": "2", "success": "False", "message": "Maximum number of iterations has been exceeded.", "x": "[-0.3627363  -0.47869916  0.18049922  0.84784913  8.88413993  9.15298999]", "final_simplex": "(array([[-3.62736296e-01, -4.78699157e-01,  1.80499222e-01,\n         8.47849132e-01,  8.88413993e+00,  9.15298999e+00],\n       [-3.51605161e-01, -4.90289787e-01,  6.65820006e-03,\n         8.28067408e-01,  8.67529857e+00,  9.41933416e+00],\n       [-3.48281671e-01, -4.86452226e-01, -7.01642073e-02,\n         8.21040442e-01,  8.82901656e+00,  9.48017085e+00],\n       [-2.80598267e-01, -4.46589052e-01,  6.76142600e-02,\n         7.98026375e-01,  8.80713304e+00,  9.29217221e+00],\n       [-2.78148442e-01, -4.41880754e-01, -6.88496349e-02,\n         7.83900109e-01,  8.76242896e+00,  9.48773487e+00],\n       [-2.22332318e-01, -4.12742731e-01,  1.87123336e-02,\n         7.67249003e-01,  8.83023038e+00,  9.33622364e+00],\n       [-2.33919821e-01, -4.14036895e-01, -9.62092812e-02,\n         7.70925008e-01,  8.60425164e+00,  9.43338877e+00]]), array([0.38256354, 0.38613836, 0.39565358, 0.39636488, 0.4020572 ,\n       0.40775528, 0.40865622]))", "callback": [0.9419170932660557, 0.8589491625384351, 0.8471786571439197, 0.8064038330539434, 0.432666056974792, 0.432666056974792, 0.42695334688255626, 0.421859601844334, 0.4135440389123729]}, "4": {"maxiter": 500, "fatol": 1e-05, "xatol": 1e-05, "duration": 0.1652359962463379, "fun": "0.007823621748053955", "nit": "500", "nfev": "754", "status": "2", "success": "False", "message": "Maximum number of iterations has been exceeded.", "x": "[-0.80380351 -0.02375683  0.31922545  2.71206297  8.7540067   7.36904004]", "final_simplex": "(array([[-0.80380351, -0.02375683,  0.31922545,  2.71206297,  8.7540067 ,\n         7.36904004],\n       [-0.82026456, -0.02219784,  0.32950173,  2.72038891,  8.74883176,\n         7.34149683],\n       [-0.81736445, -0.02254012,  0.32693343,  2.71804927,  8.74596163,\n         7.35585606],\n       [-0.7884511 , -0.04459938,  0.32199279,  2.70834817,  8.77095324,\n         7.40199991],\n       [-0.80950372, -0.02367232,  0.31829942,  2.71602168,  8.75100755,\n         7.35338877],\n       [-0.8168347 , -0.02372326,  0.32875154,  2.71225665,  8.75530251,\n         7.37026959],\n       [-0.79629066, -0.03730119,  0.32021315,  2.71408005,  8.77203341,\n         7.39508033]]), array([0.00782362, 0.00782839, 0.0078308 , 0.0078379 , 0.00783918,\n       0.00784246, 0.00784369]))", "callback": [0.9419170932660557, 0.8589491625384351, 0.8471786571439197, 0.8064038330539434, 0.432666056974792, 0.432666056974792, 0.42695334688255626, 0.421859601844334, 0.4135440389123729, 0.3825635400517806, 0.31676710571036015, 0.31206829354717003, 0.30960576427507847, 0.3050963050600646, 0.300055046881731, 0.2947769904029395, 0.29309913925423825, 0.29104059589055786, 0.287381426229399, 0.26449605622898675, 0.22067401712282597, 0.11361385594193596, 0.023748946675763882, 0.016728701616214203, 0.013161803136712669, 0.011026941083409847, 0.009414190920856269, 0.008470016166907568, 0.008228588553318206, 0.008117563355779955, 0.008091210060407028, 0.008072347845300198, 0.008063296626304561, 0.008060662585052336, 0.008060121414140475, 0.008059702040332017, 0.008059351994037733, 0.00805821447540811, 0.008055031177278904, 0.008051745765006557, 0.008035545951674439, 0.007978190141559538, 0.00797444580566764, 0.007913428253789156, 0.007901243523918411, 0.00789096919952681, 0.007883574713557828, 0.007871787584962764, 0.007843691470744263]}, "5": {"maxiter": 500, "fatol": 1e-05, "xatol": 1e-10, "duration": 0.16615700721740723, "fun": "0.007823621748053955", "nit": "500", "nfev": "754", "status": "2", "success": "False", "message": "Maximum number of iterations has been exceeded.", "x": "[-0.80380351 -0.02375683  0.31922545  2.71206297  8.7540067   7.36904004]", "final_simplex": "(array([[-0.80380351, -0.02375683,  0.31922545,  2.71206297,  8.7540067 ,\n         7.36904004],\n       [-0.82026456, -0.02219784,  0.32950173,  2.72038891,  8.74883176,\n         7.34149683],\n       [-0.81736445, -0.02254012,  0.32693343,  2.71804927,  8.74596163,\n         7.35585606],\n       [-0.7884511 , -0.04459938,  0.32199279,  2.70834817,  8.77095324,\n         7.40199991],\n       [-0.80950372, -0.02367232,  0.31829942,  2.71602168,  8.75100755,\n         7.35338877],\n       [-0.8168347 , -0.02372326,  0.32875154,  2.71225665,  8.75530251,\n         7.37026959],\n       [-0.79629066, -0.03730119,  0.32021315,  2.71408005,  8.77203341,\n         7.39508033]]), array([0.00782362, 0.00782839, 0.0078308 , 0.0078379 , 0.00783918,\n       0.00784246, 0.00784369]))", "callback": [0.9419170932660557, 0.8589491625384351, 0.8471786571439197, 0.8064038330539434, 0.432666056974792, 0.432666056974792, 0.42695334688255626, 0.421859601844334, 0.4135440389123729, 0.3825635400517806, 0.31676710571036015, 0.31206829354717003, 0.30960576427507847, 0.3050963050600646, 0.300055046881731, 0.2947769904029395, 0.29309913925423825, 0.29104059589055786, 0.287381426229399, 0.26449605622898675, 0.22067401712282597, 0.11361385594193596, 0.023748946675763882, 0.016728701616214203, 0.013161803136712669, 0.011026941083409847, 0.009414190920856269, 0.008470016166907568, 0.008228588553318206, 0.008117563355779955, 0.008091210060407028, 0.008072347845300198, 0.008063296626304561, 0.008060662585052336, 0.008060121414140475, 0.008059702040332017, 0.008059351994037733, 0.00805821447540811, 0.008055031177278904, 0.008051745765006557, 0.008035545951674439, 0.007978190141559538, 0.00797444580566764, 0.007913428253789156, 0.007901243523918411, 0.00789096919952681, 0.007883574713557828, 0.007871787584962764, 0.007843691470744263]}, "6": {"maxiter": 500, "fatol": 1e-10, "xatol": 1e-05, "duration": 0.16635394096374512, "fun": "0.007823621748053955", "nit": "500", "nfev": "754", "status": "2", "success": "False", "message": "Maximum number of iterations has been exceeded.", "x": "[-0.80380351 -0.02375683  0.31922545  2.71206297  8.7540067   7.36904004]", "final_simplex": "(array([[-0.80380351, -0.02375683,  0.31922545,  2.71206297,  8.7540067 ,\n         7.36904004],\n       [-0.82026456, -0.02219784,  0.32950173,  2.72038891,  8.74883176,\n         7.34149683],\n       [-0.81736445, -0.02254012,  0.32693343,  2.71804927,  8.74596163,\n         7.35585606],\n       [-0.7884511 , -0.04459938,  0.32199279,  2.70834817,  8.77095324,\n         7.40199991],\n       [-0.80950372, -0.02367232,  0.31829942,  2.71602168,  8.75100755,\n         7.35338877],\n       [-0.8168347 , -0.02372326,  0.32875154,  2.71225665,  8.75530251,\n         7.37026959],\n       [-0.79629066, -0.03730119,  0.32021315,  2.71408005,  8.77203341,\n         7.39508033]]), array([0.00782362, 0.00782839, 0.0078308 , 0.0078379 , 0.00783918,\n       0.00784246, 0.00784369]))", "callback": [0.9419170932660557, 0.8589491625384351, 0.8471786571439197, 0.8064038330539434, 0.432666056974792, 0.432666056974792, 0.42695334688255626, 0.421859601844334, 0.4135440389123729, 0.3825635400517806, 0.31676710571036015, 0.31206829354717003, 0.30960576427507847, 0.3050963050600646, 0.300055046881731, 0.2947769904029395, 0.29309913925423825, 0.29104059589055786, 0.287381426229399, 0.26449605622898675, 0.22067401712282597, 0.11361385594193596, 0.023748946675763882, 0.016728701616214203, 0.013161803136712669, 0.011026941083409847, 0.009414190920856269, 0.008470016166907568, 0.008228588553318206, 0.008117563355779955, 0.008091210060407028, 0.008072347845300198, 0.008063296626304561, 0.008060662585052336, 0.008060121414140475, 0.008059702040332017, 0.008059351994037733, 0.00805821447540811, 0.008055031177278904, 0.008051745765006557, 0.008035545951674439, 0.007978190141559538, 0.00797444580566764, 0.007913428253789156, 0.007901243523918411, 0.00789096919952681, 0.007883574713557828, 0.007871787584962764, 0.007843691470744263]}, "7": {"maxiter": 500, "fatol": 1e-10, "xatol": 1e-10, "duration": 0.19086575508117676, "fun": "0.007823621748053955", "nit": "500", "nfev": "754", "status": "2", "success": "False", "message": "Maximum number of iterations has been exceeded.", "x": "[-0.80380351 -0.02375683  0.31922545  2.71206297  8.7540067   7.36904004]", "final_simplex": "(array([[-0.80380351, -0.02375683,  0.31922545,  2.71206297,  8.7540067 ,\n         7.36904004],\n       [-0.82026456, -0.02219784,  0.32950173,  2.72038891,  8.74883176,\n         7.34149683],\n       [-0.81736445, -0.02254012,  0.32693343,  2.71804927,  8.74596163,\n         7.35585606],\n       [-0.7884511 , -0.04459938,  0.32199279,  2.70834817,  8.77095324,\n         7.40199991],\n       [-0.80950372, -0.02367232,  0.31829942,  2.71602168,  8.75100755,\n         7.35338877],\n       [-0.8168347 , -0.02372326,  0.32875154,  2.71225665,  8.75530251,\n         7.37026959],\n       [-0.79629066, -0.03730119,  0.32021315,  2.71408005,  8.77203341,\n         7.39508033]]), array([0.00782362, 0.00782839, 0.0078308 , 0.0078379 , 0.00783918,\n       0.00784246, 0.00784369]))", "callback": [0.9419170932660557, 0.8589491625384351, 0.8471786571439197, 0.8064038330539434, 0.432666056974792, 0.432666056974792, 0.42695334688255626, 0.421859601844334, 0.4135440389123729, 0.3825635400517806, 0.31676710571036015, 0.31206829354717003, 0.30960576427507847, 0.3050963050600646, 0.300055046881731, 0.2947769904029395, 0.29309913925423825, 0.29104059589055786, 0.287381426229399, 0.26449605622898675, 0.22067401712282597, 0.11361385594193596, 0.023748946675763882, 0.016728701616214203, 0.013161803136712669, 0.011026941083409847, 0.009414190920856269, 0.008470016166907568, 0.008228588553318206, 0.008117563355779955, 0.008091210060407028, 0.008072347845300198, 0.008063296626304561, 0.008060662585052336, 0.008060121414140475, 0.008059702040332017, 0.008059351994037733, 0.00805821447540811, 0.008055031177278904, 0.008051745765006557, 0.008035545951674439, 0.007978190141559538, 0.00797444580566764, 0.007913428253789156, 0.007901243523918411, 0.00789096919952681, 0.007883574713557828, 0.007871787584962764, 0.007843691470744263]}, "8": {"maxiter": 1000, "fatol": 1e-05, "xatol": 1e-05, "duration": 0.22848176956176758, "fun": "0.007756547191642427", "nit": "664", "nfev": "1021", "status": "0", "success": "True", "message": "Optimization terminated successfully.", "x": "[-0.89134448  0.03450603  0.36560733  2.73788324  8.62956043  7.11268528]", "final_simplex": "(array([[-0.89134448,  0.03450603,  0.36560733,  2.73788324,  8.62956043,\n         7.11268528],\n       [-0.89134693,  0.0345089 ,  0.36560838,  2.7378838 ,  8.62955711,\n         7.11267811],\n       [-0.89134516,  0.0345073 ,  0.36560744,  2.73788245,  8.62955848,\n         7.11268088],\n       [-0.89134265,  0.03450529,  0.36560659,  2.73788215,  8.62956451,\n         7.11269011],\n       [-0.89133779,  0.03450329,  0.36560345,  2.73788231,  8.62956537,\n         7.1126947 ],\n       [-0.89134038,  0.03450475,  0.36560543,  2.7378817 ,  8.62956419,\n         7.11269447],\n       [-0.89134075,  0.03450539,  0.3656061 ,  2.73788217,  8.62956239,\n         7.11268871]]), array([0.00775655, 0.00775655, 0.00775655, 0.00775655, 0.00775655,\n       0.00775655, 0.00775655]))", "callback": [0.9419170932660557, 0.8589491625384351, 0.8471786571439197, 0.8064038330539434, 0.432666056974792, 0.432666056974792, 0.42695334688255626, 0.421859601844334, 0.4135440389123729, 0.3825635400517806, 0.31676710571036015, 0.31206829354717003, 0.30960576427507847, 0.3050963050600646, 0.300055046881731, 0.2947769904029395, 0.29309913925423825, 0.29104059589055786, 0.287381426229399, 0.26449605622898675, 0.22067401712282597, 0.11361385594193596, 0.023748946675763882, 0.016728701616214203, 0.013161803136712669, 0.011026941083409847, 0.009414190920856269, 0.008470016166907568, 0.008228588553318206, 0.008117563355779955, 0.008091210060407028, 0.008072347845300198, 0.008063296626304561, 0.008060662585052336, 0.008060121414140475, 0.008059702040332017, 0.008059351994037733, 0.00805821447540811, 0.008055031177278904, 0.008051745765006557, 0.008035545951674439, 0.007978190141559538, 0.00797444580566764, 0.007913428253789156, 0.007901243523918411, 0.00789096919952681, 0.007883574713557828, 0.007871787584962764, 0.007843691470744263, 0.007821777997943702, 0.007791261732153387, 0.007778019974825412, 0.007763899606697655, 0.00775816621566594, 0.00775726115891151, 0.00775689908733701, 0.007756627193979071, 0.0077565655694237234, 0.007756549402231805, 0.007756547799601443, 0.0077565473700939025, 0.007756547239727185, 0.00775654720607466, 0.0077565471948770615, 0.007756547192225183, 0.007756547191818175]}, "9": {"maxiter": 1000, "fatol": 1e-05, "xatol": 1e-10, "duration": 0.3055429458618164, "fun": "0.007756547191497987", "nit": "763", "nfev": "1260", "status": "0", "success": "True", "message": "Optimization terminated successfully.", "x": "[-0.89134649  0.03450799  0.36560777  2.73788347  8.62955832  7.11267993]", "final_simplex": "(array([[-0.89134649,  0.03450799,  0.36560777,  2.73788347,  8.62955832,\n         7.11267993],\n       [-0.89134649,  0.03450799,  0.36560777,  2.73788347,  8.62955832,\n         7.11267993],\n       [-0.89134649,  0.03450799,  0.36560777,  2.73788347,  8.62955832,\n         7.11267993],\n       [-0.89134649,  0.03450799,  0.36560777,  2.73788347,  8.62955832,\n         7.11267993],\n       [-0.89134649,  0.03450799,  0.36560777,  2.73788347,  8.62955832,\n         7.11267993],\n       [-0.89134649,  0.03450799,  0.36560777,  2.73788347,  8.62955832,\n         7.11267993],\n       [-0.89134649,  0.03450799,  0.36560777,  2.73788347,  8.62955832,\n         7.11267993]]), array([0.00775655, 0.00775655, 0.00775655, 0.00775655, 0.00775655,\n       0.00775655, 0.00775655]))", "callback": [0.9419170932660557, 0.8589491625384351, 0.8471786571439197, 0.8064038330539434, 0.432666056974792, 0.432666056974792, 0.42695334688255626, 0.421859601844334, 0.4135440389123729, 0.3825635400517806, 0.31676710571036015, 0.31206829354717003, 0.30960576427507847, 0.3050963050600646, 0.300055046881731, 0.2947769904029395, 0.29309913925423825, 0.29104059589055786, 0.287381426229399, 0.26449605622898675, 0.22067401712282597, 0.11361385594193596, 0.023748946675763882, 0.016728701616214203, 0.013161803136712669, 0.011026941083409847, 0.009414190920856269, 0.008470016166907568, 0.008228588553318206, 0.008117563355779955, 0.008091210060407028, 0.008072347845300198, 0.008063296626304561, 0.008060662585052336, 0.008060121414140475, 0.008059702040332017, 0.008059351994037733, 0.00805821447540811, 0.008055031177278904, 0.008051745765006557, 0.008035545951674439, 0.007978190141559538, 0.00797444580566764, 0.007913428253789156, 0.007901243523918411, 0.00789096919952681, 0.007883574713557828, 0.007871787584962764, 0.007843691470744263, 0.007821777997943702, 0.007791261732153387, 0.007778019974825412, 0.007763899606697655, 0.00775816621566594, 0.00775726115891151, 0.00775689908733701, 0.007756627193979071, 0.0077565655694237234, 0.007756549402231805, 0.007756547799601443, 0.0077565473700939025, 0.007756547239727185, 0.00775654720607466, 0.0077565471948770615, 0.007756547192225183, 0.007756547191818175, 0.007756547191553276, 0.007756547191508534, 0.007756547191502872, 0.007756547191499874, 0.007756547191498986, 0.007756547191498098, 0.007756547191498098, 0.007756547191498098, 0.007756547191497987, 0.007756547191497987]}, "10": {"maxiter": 1000, "fatol": 1e-10, "xatol": 1e-05, "duration": 0.2348928451538086, "fun": "0.007756547191642427", "nit": "664", "nfev": "1021", "status": "0", "success": "True", "message": "Optimization terminated successfully.", "x": "[-0.89134448  0.03450603  0.36560733  2.73788324  8.62956043  7.11268528]", "final_simplex": "(array([[-0.89134448,  0.03450603,  0.36560733,  2.73788324,  8.62956043,\n         7.11268528],\n       [-0.89134693,  0.0345089 ,  0.36560838,  2.7378838 ,  8.62955711,\n         7.11267811],\n       [-0.89134516,  0.0345073 ,  0.36560744,  2.73788245,  8.62955848,\n         7.11268088],\n       [-0.89134265,  0.03450529,  0.36560659,  2.73788215,  8.62956451,\n         7.11269011],\n       [-0.89133779,  0.03450329,  0.36560345,  2.73788231,  8.62956537,\n         7.1126947 ],\n       [-0.89134038,  0.03450475,  0.36560543,  2.7378817 ,  8.62956419,\n         7.11269447],\n       [-0.89134075,  0.03450539,  0.3656061 ,  2.73788217,  8.62956239,\n         7.11268871]]), array([0.00775655, 0.00775655, 0.00775655, 0.00775655, 0.00775655,\n       0.00775655, 0.00775655]))", "callback": [0.9419170932660557, 0.8589491625384351, 0.8471786571439197, 0.8064038330539434, 0.432666056974792, 0.432666056974792, 0.42695334688255626, 0.421859601844334, 0.4135440389123729, 0.3825635400517806, 0.31676710571036015, 0.31206829354717003, 0.30960576427507847, 0.3050963050600646, 0.300055046881731, 0.2947769904029395, 0.29309913925423825, 0.29104059589055786, 0.287381426229399, 0.26449605622898675, 0.22067401712282597, 0.11361385594193596, 0.023748946675763882, 0.016728701616214203, 0.013161803136712669, 0.011026941083409847, 0.009414190920856269, 0.008470016166907568, 0.008228588553318206, 0.008117563355779955, 0.008091210060407028, 0.008072347845300198, 0.008063296626304561, 0.008060662585052336, 0.008060121414140475, 0.008059702040332017, 0.008059351994037733, 0.00805821447540811, 0.008055031177278904, 0.008051745765006557, 0.008035545951674439, 0.007978190141559538, 0.00797444580566764, 0.007913428253789156, 0.007901243523918411, 0.00789096919952681, 0.007883574713557828, 0.007871787584962764, 0.007843691470744263, 0.007821777997943702, 0.007791261732153387, 0.007778019974825412, 0.007763899606697655, 0.00775816621566594, 0.00775726115891151, 0.00775689908733701, 0.007756627193979071, 0.0077565655694237234, 0.007756549402231805, 0.007756547799601443, 0.0077565473700939025, 0.007756547239727185, 0.00775654720607466, 0.0077565471948770615, 0.007756547192225183, 0.007756547191818175]}, "11": {"maxiter": 1000, "fatol": 1e-10, "xatol": 1e-10, "duration": 0.2836630344390869, "fun": "0.007756547191497987", "nit": "763", "nfev": "1260", "status": "0", "success": "True", "message": "Optimization terminated successfully.", "x": "[-0.89134649  0.03450799  0.36560777  2.73788347  8.62955832  7.11267993]", "final_simplex": "(array([[-0.89134649,  0.03450799,  0.36560777,  2.73788347,  8.62955832,\n         7.11267993],\n       [-0.89134649,  0.03450799,  0.36560777,  2.73788347,  8.62955832,\n         7.11267993],\n       [-0.89134649,  0.03450799,  0.36560777,  2.73788347,  8.62955832,\n         7.11267993],\n       [-0.89134649,  0.03450799,  0.36560777,  2.73788347,  8.62955832,\n         7.11267993],\n       [-0.89134649,  0.03450799,  0.36560777,  2.73788347,  8.62955832,\n         7.11267993],\n       [-0.89134649,  0.03450799,  0.36560777,  2.73788347,  8.62955832,\n         7.11267993],\n       [-0.89134649,  0.03450799,  0.36560777,  2.73788347,  8.62955832,\n         7.11267993]]), array([0.00775655, 0.00775655, 0.00775655, 0.00775655, 0.00775655,\n       0.00775655, 0.00775655]))", "callback": [0.9419170932660557, 0.8589491625384351, 0.8471786571439197, 0.8064038330539434, 0.432666056974792, 0.432666056974792, 0.42695334688255626, 0.421859601844334, 0.4135440389123729, 0.3825635400517806, 0.31676710571036015, 0.31206829354717003, 0.30960576427507847, 0.3050963050600646, 0.300055046881731, 0.2947769904029395, 0.29309913925423825, 0.29104059589055786, 0.287381426229399, 0.26449605622898675, 0.22067401712282597, 0.11361385594193596, 0.023748946675763882, 0.016728701616214203, 0.013161803136712669, 0.011026941083409847, 0.009414190920856269, 0.008470016166907568, 0.008228588553318206, 0.008117563355779955, 0.008091210060407028, 0.008072347845300198, 0.008063296626304561, 0.008060662585052336, 0.008060121414140475, 0.008059702040332017, 0.008059351994037733, 0.00805821447540811, 0.008055031177278904, 0.008051745765006557, 0.008035545951674439, 0.007978190141559538, 0.00797444580566764, 0.007913428253789156, 0.007901243523918411, 0.00789096919952681, 0.007883574713557828, 0.007871787584962764, 0.007843691470744263, 0.007821777997943702, 0.007791261732153387, 0.007778019974825412, 0.007763899606697655, 0.00775816621566594, 0.00775726115891151, 0.00775689908733701, 0.007756627193979071, 0.0077565655694237234, 0.007756549402231805, 0.007756547799601443, 0.0077565473700939025, 0.007756547239727185, 0.00775654720607466, 0.0077565471948770615, 0.007756547192225183, 0.007756547191818175, 0.007756547191553276, 0.007756547191508534, 0.007756547191502872, 0.007756547191499874, 0.007756547191498986, 0.007756547191498098, 0.007756547191498098, 0.007756547191498098, 0.007756547191497987, 0.007756547191497987]}}, "bfgs": {"type": "gradient", "0": {"maxiter": 100, "gtol": 1e-05, "xrtol": 1e-05, "eps": 1e-05, "duration": 0.11032605171203613, "fun": "0.0077565481410412085", "jac": "[-3.05576675e-06 -7.17432780e-06 -6.71336320e-06  2.95132807e-06\n -7.57293117e-06  1.97026839e-06]", "hess_inv": "[[ 106.78948181  -68.60719476  -45.82663582   17.95281865  126.84633337\n   252.32746492]\n [ -68.60719476   49.65031079   26.72637654  -10.86369283  -85.16739923\n  -166.38390768]\n [ -45.82663582   26.72637654   24.27536687   -7.81049215  -54.07641111\n  -110.19278812]\n [  17.95281865  -10.86369283   -7.81049215    5.52619185   23.35200929\n    47.0101625 ]\n [ 126.84633337  -85.16739923  -54.07641111   23.35200929  177.89775069\n   343.58441228]\n [ 252.32746492 -166.38390768 -110.19278812   47.0101625   343.58441228\n   678.93828819]]", "nfev": "476", "njev": "68", "status": "0", "success": "True", "message": "Optimization terminated successfully.", "x": "[-0.89155077  0.03463589  0.36567122 -2.73793469  5.48753814  3.97034177]", "nit": "50", "callback": [0.012832471610257468, 0.010171709290837327, 0.009781034553359325, 0.007954333622561482, 0.0077565481410412085]}, "1": {"maxiter": 100, "gtol": 1e-05, "xrtol": 1e-05, "eps": 1e-10, "duration": 0.16861915588378906, "fun": "0.0077565481165144945", "jac": "[ 1.11022293e-06 -2.22044602e-06  6.66133760e-06  2.66453504e-05\n  1.11022293e-06 -4.44089173e-06]", "hess_inv": "[[ 222.35194595 -154.15897799  -78.39100847   51.51975556  281.49259111\n   553.9926471 ]\n [-154.15897799  111.81397274   52.51190848  -35.75719181 -200.07778058\n  -391.38264437]\n [ -78.39100847   52.51190848   31.38316099  -18.25999389  -97.25113111\n  -194.02189208]\n [  51.51975556  -35.75719181  -18.25999389   14.19883012   69.61850439\n   136.76878871]\n [ 281.49259111 -200.07778058  -97.25113111   69.61850439  393.58018909\n   758.42303247]\n [ 553.9926471  -391.38264437 -194.02189208  136.76878871  758.42303247\n  1478.9393585 ]]", "nfev": "747", "njev": "105", "status": "2", "success": "False", "message": "Desired error not necessarily achieved due to precision loss.", "x": "[-0.89123833  0.03441413  0.36560418 -2.73781148  5.4881128   3.97136495]", "nit": "50", "callback": [0.012828063088463293, 0.010171836901651021, 0.009761025645286248, 0.008015195807878683, 0.0077565481165144945]}, "2": {"maxiter": 100, "gtol": 1e-05, "xrtol": 1e-10, "eps": 1e-05, "duration": 0.10663199424743652, "fun": "0.0077565481410412085", "jac": "[-3.05576675e-06 -7.17432780e-06 -6.71336320e-06  2.95132807e-06\n -7.57293117e-06  1.97026839e-06]", "hess_inv": "[[ 106.78948181  -68.60719476  -45.82663582   17.95281865  126.84633337\n   252.32746492]\n [ -68.60719476   49.65031079   26.72637654  -10.86369283  -85.16739923\n  -166.38390768]\n [ -45.82663582   26.72637654   24.27536687   -7.81049215  -54.07641111\n  -110.19278812]\n [  17.95281865  -10.86369283   -7.81049215    5.52619185   23.35200929\n    47.0101625 ]\n [ 126.84633337  -85.16739923  -54.07641111   23.35200929  177.89775069\n   343.58441228]\n [ 252.32746492 -166.38390768 -110.19278812   47.0101625   343.58441228\n   678.93828819]]", "nfev": "476", "njev": "68", "status": "0", "success": "True", "message": "Optimization terminated successfully.", "x": "[-0.89155077  0.03463589  0.36567122 -2.73793469  5.48753814  3.97034177]", "nit": "50", "callback": [0.012832471610257468, 0.010171709290837327, 0.009781034553359325, 0.007954333622561482, 0.0077565481410412085]}, "3": {"maxiter": 100, "gtol": 1e-05, "xrtol": 1e-10, "eps": 1e-10, "duration": 0.16610360145568848, "fun": "0.0077565481165144945", "jac": "[ 1.11022293e-06 -2.22044602e-06  6.66133760e-06  2.66453504e-05\n  1.11022293e-06 -4.44089173e-06]", "hess_inv": "[[ 222.35194595 -154.15897799  -78.39100847   51.51975556  281.49259111\n   553.9926471 ]\n [-154.15897799  111.81397274   52.51190848  -35.75719181 -200.07778058\n  -391.38264437]\n [ -78.39100847   52.51190848   31.38316099  -18.25999389  -97.25113111\n  -194.02189208]\n [  51.51975556  -35.75719181  -18.25999389   14.19883012   69.61850439\n   136.76878871]\n [ 281.49259111 -200.07778058  -97.25113111   69.61850439  393.58018909\n   758.42303247]\n [ 553.9926471  -391.38264437 -194.02189208  136.76878871  758.42303247\n  1478.9393585 ]]", "nfev": "747", "njev": "105", "status": "2", "success": "False", "message": "Desired error not necessarily achieved due to precision loss.", "x": "[-0.89123833  0.03441413  0.36560418 -2.73781148  5.4881128   3.97136495]", "nit": "50", "callback": [0.012828063088463293, 0.010171836901651021, 0.009761025645286248, 0.008015195807878683, 0.0077565481165144945]}, "4": {"maxiter": 100, "gtol": 1e-10, "xrtol": 1e-05, "eps": 1e-05, "duration": 0.11168217658996582, "fun": "0.007756547667706282", "jac": "[-8.29747382e-07 -2.19456675e-06 -1.01210151e-06  1.50890411e-06\n -1.87709848e-06  5.33195710e-07]", "hess_inv": "[[ 115.12954615  -74.72699229  -50.65462873   18.77927058  128.40988383\n   261.22928439]\n [ -74.72699229   54.076515     30.39649988  -11.44976224  -85.92367718\n  -172.43097353]\n [ -50.65462873   30.39649988   26.7932676    -8.37035311  -55.83565171\n  -116.44163466]\n [  18.77927058  -11.44976224   -8.37035311    5.53356603   23.25021253\n    47.51361102]\n [ 128.40988383  -85.92367718  -55.83565171   23.25021253  175.55648144\n   341.86839257]\n [ 261.22928439 -172.43097353 -116.44163466   47.51361102  341.86839257\n   684.04242662]]", "nfev": "497", "njev": "71", "status": "0", "success": "True", "message": "Optimization terminated successfully.", "x": "[-0.89162726  0.03468707  0.36572463 -2.7379418   5.48755171  3.97029377]", "nit": "52", "callback": [0.012832471610257468, 0.010171709290837327, 0.009781034553359325, 0.007954333622561482, 0.0077565481410412085]}, "5": {"maxiter": 100, "gtol": 1e-10, "xrtol": 1e-05, "eps": 1e-10, "duration": 0.1669785976409912, "fun": "0.0077565481165144945", "jac": "[ 1.11022293e-06 -2.22044602e-06  6.66133760e-06  2.66453504e-05\n  1.11022293e-06 -4.44089173e-06]", "hess_inv": "[[ 222.35194595 -154.15897799  -78.39100847   51.51975556  281.49259111\n   553.9926471 ]\n [-154.15897799  111.81397274   52.51190848  -35.75719181 -200.07778058\n  -391.38264437]\n [ -78.39100847   52.51190848   31.38316099  -18.25999389  -97.25113111\n  -194.02189208]\n [  51.51975556  -35.75719181  -18.25999389   14.19883012   69.61850439\n   136.76878871]\n [ 281.49259111 -200.07778058  -97.25113111   69.61850439  393.58018909\n   758.42303247]\n [ 553.9926471  -391.38264437 -194.02189208  136.76878871  758.42303247\n  1478.9393585 ]]", "nfev": "747", "njev": "105", "status": "2", "success": "False", "message": "Desired error not necessarily achieved due to precision loss.", "x": "[-0.89123833  0.03441413  0.36560418 -2.73781148  5.4881128   3.97136495]", "nit": "50", "callback": [0.012828063088463293, 0.010171836901651021, 0.009761025645286248, 0.008015195807878683, 0.0077565481165144945]}, "6": {"maxiter": 100, "gtol": 1e-10, "xrtol": 1e-10, "eps": 1e-05, "duration": 0.14710402488708496, "fun": "0.007756547667706282", "jac": "[-8.29747382e-07 -2.19456675e-06 -1.01210151e-06  1.50890411e-06\n -1.87709848e-06  5.33195710e-07]", "hess_inv": "[[ 119.48816292  -76.78569273  -53.41430224   20.01974437  132.59958326\n   271.49835213]\n [ -76.78569273   54.64807766   31.92657608  -12.18797215  -88.44246343\n  -178.31906152]\n [ -53.41430224   31.92657608   28.41245542   -9.06966207  -58.18316069\n  -122.35686442]\n [  20.01974437  -12.18797215   -9.06966207    5.82873993   24.2374796\n    50.04191973]\n [ 132.59958326  -88.44246343  -58.18316069   24.2374796   178.85665233\n   350.34177966]\n [ 271.49835213 -178.31906152 -122.35686442   50.04191973  350.34177966\n   705.55014609]]", "nfev": "663", "njev": "93", "status": "2", "success": "False", "message": "Desired error not necessarily achieved due to precision loss.", "x": "[-0.89162726  0.03468707  0.36572463 -2.7379418   5.48755171  3.97029377]", "nit": "52", "callback": [0.012832471610257468, 0.010171709290837327, 0.009781034553359325, 0.007954333622561482, 0.0077565481410412085]}, "7": {"maxiter": 100, "gtol": 1e-10, "xrtol": 1e-10, "eps": 1e-10, "duration": 0.16683411598205566, "fun": "0.0077565481165144945", "jac": "[ 1.11022293e-06 -2.22044602e-06  6.66133760e-06  2.66453504e-05\n  1.11022293e-06 -4.44089173e-06]", "hess_inv": "[[ 222.35194595 -154.15897799  -78.39100847   51.51975556  281.49259111\n   553.9926471 ]\n [-154.15897799  111.81397274   52.51190848  -35.75719181 -200.07778058\n  -391.38264437]\n [ -78.39100847   52.51190848   31.38316099  -18.25999389  -97.25113111\n  -194.02189208]\n [  51.51975556  -35.75719181  -18.25999389   14.19883012   69.61850439\n   136.76878871]\n [ 281.49259111 -200.07778058  -97.25113111   69.61850439  393.58018909\n   758.42303247]\n [ 553.9926471  -391.38264437 -194.02189208  136.76878871  758.42303247\n  1478.9393585 ]]", "nfev": "747", "njev": "105", "status": "2", "success": "False", "message": "Desired error not necessarily achieved due to precision loss.", "x": "[-0.89123833  0.03441413  0.36560418 -2.73781148  5.4881128   3.97136495]", "nit": "50", "callback": [0.012828063088463293, 0.010171836901651021, 0.009761025645286248, 0.008015195807878683, 0.0077565481165144945]}, "8": {"maxiter": 500, "gtol": 1e-05, "xrtol": 1e-05, "eps": 1e-05, "duration": 0.10615706443786621, "fun": "0.0077565481410412085", "jac": "[-3.05576675e-06 -7.17432780e-06 -6.71336320e-06  2.95132807e-06\n -7.57293117e-06  1.97026839e-06]", "hess_inv": "[[ 106.78948181  -68.60719476  -45.82663582   17.95281865  126.84633337\n   252.32746492]\n [ -68.60719476   49.65031079   26.72637654  -10.86369283  -85.16739923\n  -166.38390768]\n [ -45.82663582   26.72637654   24.27536687   -7.81049215  -54.07641111\n  -110.19278812]\n [  17.95281865  -10.86369283   -7.81049215    5.52619185   23.35200929\n    47.0101625 ]\n [ 126.84633337  -85.16739923  -54.07641111   23.35200929  177.89775069\n   343.58441228]\n [ 252.32746492 -166.38390768 -110.19278812   47.0101625   343.58441228\n   678.93828819]]", "nfev": "476", "njev": "68", "status": "0", "success": "True", "message": "Optimization terminated successfully.", "x": "[-0.89155077  0.03463589  0.36567122 -2.73793469  5.48753814  3.97034177]", "nit": "50", "callback": [0.012832471610257468, 0.010171709290837327, 0.009781034553359325, 0.007954333622561482, 0.0077565481410412085]}, "9": {"maxiter": 500, "gtol": 1e-05, "xrtol": 1e-05, "eps": 1e-10, "duration": 0.16621017456054688, "fun": "0.0077565481165144945", "jac": "[ 1.11022293e-06 -2.22044602e-06  6.66133760e-06  2.66453504e-05\n  1.11022293e-06 -4.44089173e-06]", "hess_inv": "[[ 222.35194595 -154.15897799  -78.39100847   51.51975556  281.49259111\n   553.9926471 ]\n [-154.15897799  111.81397274   52.51190848  -35.75719181 -200.07778058\n  -391.38264437]\n [ -78.39100847   52.51190848   31.38316099  -18.25999389  -97.25113111\n  -194.02189208]\n [  51.51975556  -35.75719181  -18.25999389   14.19883012   69.61850439\n   136.76878871]\n [ 281.49259111 -200.07778058  -97.25113111   69.61850439  393.58018909\n   758.42303247]\n [ 553.9926471  -391.38264437 -194.02189208  136.76878871  758.42303247\n  1478.9393585 ]]", "nfev": "747", "njev": "105", "status": "2", "success": "False", "message": "Desired error not necessarily achieved due to precision loss.", "x": "[-0.89123833  0.03441413  0.36560418 -2.73781148  5.4881128   3.97136495]", "nit": "50", "callback": [0.012828063088463293, 0.010171836901651021, 0.009761025645286248, 0.008015195807878683, 0.0077565481165144945]}, "10": {"maxiter": 500, "gtol": 1e-05, "xrtol": 1e-10, "eps": 1e-05, "duration": 0.10730791091918945, "fun": "0.0077565481410412085", "jac": "[-3.05576675e-06 -7.17432780e-06 -6.71336320e-06  2.95132807e-06\n -7.57293117e-06  1.97026839e-06]", "hess_inv": "[[ 106.78948181  -68.60719476  -45.82663582   17.95281865  126.84633337\n   252.32746492]\n [ -68.60719476   49.65031079   26.72637654  -10.86369283  -85.16739923\n  -166.38390768]\n [ -45.82663582   26.72637654   24.27536687   -7.81049215  -54.07641111\n  -110.19278812]\n [  17.95281865  -10.86369283   -7.81049215    5.52619185   23.35200929\n    47.0101625 ]\n [ 126.84633337  -85.16739923  -54.07641111   23.35200929  177.89775069\n   343.58441228]\n [ 252.32746492 -166.38390768 -110.19278812   47.0101625   343.58441228\n   678.93828819]]", "nfev": "476", "njev": "68", "status": "0", "success": "True", "message": "Optimization terminated successfully.", "x": "[-0.89155077  0.03463589  0.36567122 -2.73793469  5.48753814  3.97034177]", "nit": "50", "callback": [0.012832471610257468, 0.010171709290837327, 0.009781034553359325, 0.007954333622561482, 0.0077565481410412085]}, "11": {"maxiter": 500, "gtol": 1e-05, "xrtol": 1e-10, "eps": 1e-10, "duration": 0.16640877723693848, "fun": "0.0077565481165144945", "jac": "[ 1.11022293e-06 -2.22044602e-06  6.66133760e-06  2.66453504e-05\n  1.11022293e-06 -4.44089173e-06]", "hess_inv": "[[ 222.35194595 -154.15897799  -78.39100847   51.51975556  281.49259111\n   553.9926471 ]\n [-154.15897799  111.81397274   52.51190848  -35.75719181 -200.07778058\n  -391.38264437]\n [ -78.39100847   52.51190848   31.38316099  -18.25999389  -97.25113111\n  -194.02189208]\n [  51.51975556  -35.75719181  -18.25999389   14.19883012   69.61850439\n   136.76878871]\n [ 281.49259111 -200.07778058  -97.25113111   69.61850439  393.58018909\n   758.42303247]\n [ 553.9926471  -391.38264437 -194.02189208  136.76878871  758.42303247\n  1478.9393585 ]]", "nfev": "747", "njev": "105", "status": "2", "success": "False", "message": "Desired error not necessarily achieved due to precision loss.", "x": "[-0.891238