{"date": "2024/09/24/, 05:20:58", "conf_id": 280, "data_type": "var_s_rank\n", "num_data_points": 3, "s_rank": 0, "unitary": "[[-0.45070455-0.02711853j,0.78437395-0.06613086j,0.06358678+0.19963393j,-0.07343613+0.35668523j],[-0.01890143-0.03813363j,0.32408202+0.25557629j,0.05872864-0.68979805j,0.55466693-0.20227297j],[-0.11215405+0.64023111j,-0.13344055+0.29565494j,-0.49012687-0.19046288j,-0.04241254+0.44046348j],[0.55771659+0.24656916j,0.31851997-0.05798805j,0.28761525-0.34294258j,-0.56718418+0.03616933j]]", "databatch_0": {"databatch": "[[[-0.00923407-0.07708923j,0.09863071+0.02756136j,0.05992168-0.06247008j,0.02927799+0.00397334j],[-0.09383064+0.15230114j,-0.13842396-0.1910828j,-0.19763228+0.0268108j,-0.04712169-0.04913061j],[0.41321079-0.13467126j,-0.04389486+0.57156709j,0.40827099+0.26096205j,0.01007523+0.16508287j],[0.11239663-0.05221192j,0.00705441+0.16331635j,0.1244832+0.05996686j,0.00847929+0.04639431j]],[[-0.26192717+0.31306j,0.0845266+0.06308351j,-0.39806611+0.36697824j,0.19630503-0.04755927j],[0.06895927+0.21028355j,0.05326256-0.02080872j,0.05473788+0.2883872j,0.03439758-0.10396615j],[0.10472367+0.09695845j,0.02351202-0.02840955j,0.12116279+0.1454442j,-0.01316273-0.06938408j],[-0.13925214+0.2651085j,0.07039496+0.03212206j,-0.22850627+0.32488817j,0.1333824-0.06455294j]],[[0.27917424-0.08028822j,-0.41782426-0.0587205j,-0.2986794-0.09569692j,-0.24042844-0.07789097j],[-0.29644258+0.08591837j,0.44406171+0.06147201j,0.3175531+0.10102067j,0.25562312+0.08223003j],[0.02044647+0.07553639j,0.01758215-0.11229518j,0.02703853-0.08004661j,0.02199626-0.06443163j],[0.01882465-0.11221681j,-0.09138094+0.13770862j,-0.08430506+0.08935884j,-0.06816623+0.07178634j]]]", "initial param values": "[2.59208243,3.48590377,1.2974101,2.78968706,6.1509454,2.60368751]", "nelder_mead": {"type": "gradient-free", "0": {"maxiter": 100, "fatol": 1e-05, "xatol": 1e-05, "duration": 0.03541302680969238, "fun": "0.31595061008646186", "nit": "100", "nfev": "152", "status": "2", "success": "False", "message": "Maximum number of iterations has been exceeded.", "x": "[2.01814183 1.53366079 1.27289866 4.37731903 6.47509746 2.88929632]", "final_simplex": "(array([[2.01814183, 1.53366079, 1.27289866, 4.37731903, 6.47509746,\n        2.88929632],\n       [1.98533155, 1.52824128, 1.2861969 , 4.30414743, 6.48848787,\n        2.93963524],\n       [2.00433875, 1.5054432 , 1.29549716, 4.39199949, 6.44787647,\n        2.9563013 ],\n       [2.02587838, 1.5733363 , 1.29350497, 4.36943944, 6.42777759,\n        2.92863476],\n       [1.97985793, 1.56446962, 1.3445315 , 4.3708276 , 6.43382228,\n        2.88428217],\n       [1.95086999, 1.54585152, 1.31532688, 4.33792461, 6.57739317,\n        2.99383531],\n       [2.03091911, 1.51575968, 1.32129126, 4.35576453, 6.54173892,\n        2.93215441]]), array([0.31595061, 0.31831242, 0.31979616, 0.32093846, 0.32097371,\n       0.32109538, 0.32228205]))", "callback": [0.6589058526998897, 0.5843068478070685, 0.3344506044335237, 0.3344506044335237, 0.33421521479295235, 0.3288128847453655, 0.32631749062467075, 0.32450903333438197, 0.32245431043571093]}, "1": {"maxiter": 100, "fatol": 1e-05, "xatol": 1e-10, "duration": 0.0339813232421875, "fun": "0.31595061008646186", "nit": "100", "nfev": "152", "status": "2", "success": "False", "message": "Maximum number of iterations has been exceeded.", "x": "[2.01814183 1.53366079 1.27289866 4.37731903 6.47509746 2.88929632]", "final_simplex": "(array([[2.01814183, 1.53366079, 1.27289866, 4.37731903, 6.47509746,\n        2.88929632],\n       [1.98533155, 1.52824128, 1.2861969 , 4.30414743, 6.48848787,\n        2.93963524],\n       [2.00433875, 1.5054432 , 1.29549716, 4.39199949, 6.44787647,\n        2.9563013 ],\n       [2.02587838, 1.5733363 , 1.29350497, 4.36943944, 6.42777759,\n        2.92863476],\n       [1.97985793, 1.56446962, 1.3445315 , 4.3708276 , 6.43382228,\n        2.88428217],\n       [1.95086999, 1.54585152, 1.31532688, 4.33792461, 6.57739317,\n        2.99383531],\n       [2.03091911, 1.51575968, 1.32129126, 4.35576453, 6.54173892,\n        2.93215441]]), array([0.31595061, 0.31831242, 0.31979616, 0.32093846, 0.32097371,\n       0.32109538, 0.32228205]))", "callback": [0.6589058526998897, 0.5843068478070685, 0.3344506044335237, 0.3344506044335237, 0.33421521479295235, 0.3288128847453655, 0.32631749062467075, 0.32450903333438197, 0.32245431043571093]}, "2": {"maxiter": 100, "fatol": 1e-10, "xatol": 1e-05, "duration": 0.033631086349487305, "fun": "0.31595061008646186", "nit": "100", "nfev": "152", "status": "2", "success": "False", "message": "Maximum number of iterations has been exceeded.", "x": "[2.01814183 1.53366079 1.27289866 4.37731903 6.47509746 2.88929632]", "final_simplex": "(array([[2.01814183, 1.53366079, 1.27289866, 4.37731903, 6.47509746,\n        2.88929632],\n       [1.98533155, 1.52824128, 1.2861969 , 4.30414743, 6.48848787,\n        2.93963524],\n       [2.00433875, 1.5054432 , 1.29549716, 4.39199949, 6.44787647,\n        2.9563013 ],\n       [2.02587838, 1.5733363 , 1.29350497, 4.36943944, 6.42777759,\n        2.92863476],\n       [1.97985793, 1.56446962, 1.3445315 , 4.3708276 , 6.43382228,\n        2.88428217],\n       [1.95086999, 1.54585152, 1.31532688, 4.33792461, 6.57739317,\n        2.99383531],\n       [2.03091911, 1.51575968, 1.32129126, 4.35576453, 6.54173892,\n        2.93215441]]), array([0.31595061, 0.31831242, 0.31979616, 0.32093846, 0.32097371,\n       0.32109538, 0.32228205]))", "callback": [0.6589058526998897, 0.5843068478070685, 0.3344506044335237, 0.3344506044335237, 0.33421521479295235, 0.3288128847453655, 0.32631749062467075, 0.32450903333438197, 0.32245431043571093]}, "3": {"maxiter": 100, "fatol": 1e-10, "xatol": 1e-10, "duration": 0.0342099666595459, "fun": "0.31595061008646186", "nit": "100", "nfev": "152", "status": "2", "success": "False", "message": "Maximum number of iterations has been exceeded.", "x": "[2.01814183 1.53366079 1.27289866 4.37731903 6.47509746 2.88929632]", "final_simplex": "(array([[2.01814183, 1.53366079, 1.27289866, 4.37731903, 6.47509746,\n        2.88929632],\n       [1.98533155, 1.52824128, 1.2861969 , 4.30414743, 6.48848787,\n        2.93963524],\n       [2.00433875, 1.5054432 , 1.29549716, 4.39199949, 6.44787647,\n        2.9563013 ],\n       [2.02587838, 1.5733363 , 1.29350497, 4.36943944, 6.42777759,\n        2.92863476],\n       [1.97985793, 1.56446962, 1.3445315 , 4.3708276 , 6.43382228,\n        2.88428217],\n       [1.95086999, 1.54585152, 1.31532688, 4.33792461, 6.57739317,\n        2.99383531],\n       [2.03091911, 1.51575968, 1.32129126, 4.35576453, 6.54173892,\n        2.93215441]]), array([0.31595061, 0.31831242, 0.31979616, 0.32093846, 0.32097371,\n       0.32109538, 0.32228205]))", "callback": [0.6589058526998897, 0.5843068478070685, 0.3344506044335237, 0.3344506044335237, 0.33421521479295235, 0.3288128847453655, 0.32631749062467075, 0.32450903333438197, 0.32245431043571093]}, "4": {"maxiter": 500, "fatol": 1e-05, "xatol": 1e-05, "duration": 0.09667801856994629, "fun": "0.24721162290114274", "nit": "274", "nfev": "439", "status": "0", "success": "True", "message": "Optimization terminated successfully.", "x": "[1.52067717 1.04734237 0.40393757 4.649488   7.07981753 2.69111547]", "final_simplex": "(array([[1.52067717, 1.04734237, 0.40393757, 4.649488  , 7.07981753,\n        2.69111547],\n       [1.52067484, 1.04734686, 0.40393989, 4.64948777, 7.07981415,\n        2.69111889],\n       [1.52067902, 1.04734547, 0.40393586, 4.6494835 , 7.07981894,\n        2.6911164 ],\n       [1.5206799 , 1.04734919, 0.4039409 , 4.64948784, 7.07981286,\n        2.69111432],\n       [1.52067591, 1.04734756, 0.40393148, 4.64949091, 7.07981379,\n        2.69111412],\n       [1.52067984, 1.04734342, 0.40393695, 4.64948791, 7.07981889,\n        2.69112106],\n       [1.52067096, 1.04735062, 0.40392975, 4.64948886, 7.07982171,\n        2.69111604]]), array([0.24721162, 0.24721162, 0.24721162, 0.24721162, 0.24721162,\n       0.24721162, 0.24721162]))", "callback": [0.6589058526998897, 0.5843068478070685, 0.3344506044335237, 0.3344506044335237, 0.33421521479295235, 0.3288128847453655, 0.32631749062467075, 0.32450903333438197, 0.32245431043571093, 0.31595061008646186, 0.29516012795061064, 0.2583889835050891, 0.2516437597651987, 0.24777349483571565, 0.24762241279728459, 0.24725530336443446, 0.24724898051923327, 0.2472194628407015, 0.24721404494993593, 0.24721194025166737, 0.24721172016149762, 0.2472116411014963, 0.24721162451897605, 0.24721162388474183, 0.24721162306095845, 0.2472116229235839, 0.24721162290153786]}, "5": {"maxiter": 500, "fatol": 1e-05, "xatol": 1e-10, "duration": 0.1463921070098877, "fun": "0.24721162289800358", "nit": "371", "nfev": "659", "status": "0", "success": "True", "message": "Optimization terminated successfully.", "x": "[1.52067604 1.04734662 0.40393647 4.6494872  7.07981727 2.69111656]", "final_simplex": "(array([[1.52067604, 1.04734662, 0.40393647, 4.6494872 , 7.07981727,\n        2.69111656],\n       [1.52067604, 1.04734662, 0.40393647, 4.6494872 , 7.07981727,\n        2.69111656],\n       [1.52067604, 1.04734662, 0.40393647, 4.6494872 , 7.07981727,\n        2.69111656],\n       [1.52067604, 1.04734662, 0.40393647, 4.6494872 , 7.07981727,\n        2.69111656],\n       [1.52067604, 1.04734662, 0.40393647, 4.6494872 , 7.07981727,\n        2.69111656],\n       [1.52067604, 1.04734662, 0.40393647, 4.6494872 , 7.07981727,\n        2.69111656],\n       [1.52067604, 1.04734662, 0.40393647, 4.6494872 , 7.07981727,\n        2.69111656]]), array([0.24721162, 0.24721162, 0.24721162, 0.24721162, 0.24721162,\n       0.24721162, 0.24721162]))", "callback": [0.6589058526998897, 0.5843068478070685, 0.3344506044335237, 0.3344506044335237, 0.33421521479295235, 0.3288128847453655, 0.32631749062467075, 0.32450903333438197, 0.32245431043571093, 0.31595061008646186, 0.29516012795061064, 0.2583889835050891, 0.2516437597651987, 0.24777349483571565, 0.24762241279728459, 0.24725530336443446, 0.24724898051923327, 0.2472194628407015, 0.24721404494993593, 0.24721194025166737, 0.24721172016149762, 0.2472116411014963, 0.24721162451897605, 0.24721162388474183, 0.24721162306095845, 0.2472116229235839, 0.24721162290153786, 0.24721162289869103, 0.24721162289810117, 0.24721162289804088, 0.2472116228980208, 0.24721162289800824, 0.2472116228980047, 0.24721162289800402, 0.24721162289800358, 0.24721162289800358, 0.24721162289800358]}, "6": {"maxiter": 500, "fatol": 1e-10, "xatol": 1e-05, "duration": 0.09717917442321777, "fun": "0.24721162290114274", "nit": "274", "nfev": "439", "status": "0", "success": "True", "message": "Optimization terminated successfully.", "x": "[1.52067717 1.04734237 0.40393757 4.649488   7.07981753 2.69111547]", "final_simplex": "(array([[1.52067717, 1.04734237, 0.40393757, 4.649488  , 7.07981753,\n        2.69111547],\n       [1.52067484, 1.04734686, 0.40393989, 4.64948777, 7.07981415,\n        2.69111889],\n       [1.52067902, 1.04734547, 0.40393586, 4.6494835 , 7.07981894,\n        2.6911164 ],\n       [1.5206799 , 1.04734919, 0.4039409 , 4.64948784, 7.07981286,\n        2.69111432],\n       [1.52067591, 1.04734756, 0.40393148, 4.64949091, 7.07981379,\n        2.69111412],\n       [1.52067984, 1.04734342, 0.40393695, 4.64948791, 7.07981889,\n        2.69112106],\n       [1.52067096, 1.04735062, 0.40392975, 4.64948886, 7.07982171,\n        2.69111604]]), array([0.24721162, 0.24721162, 0.24721162, 0.24721162, 0.24721162,\n       0.24721162, 0.24721162]))", "callback": [0.6589058526998897, 0.5843068478070685, 0.3344506044335237, 0.3344506044335237, 0.33421521479295235, 0.3288128847453655, 0.32631749062467075, 0.32450903333438197, 0.32245431043571093, 0.31595061008646186, 0.29516012795061064, 0.2583889835050891, 0.2516437597651987, 0.24777349483571565, 0.24762241279728459, 0.24725530336443446, 0.24724898051923327, 0.2472194628407015, 0.24721404494993593, 0.24721194025166737, 0.24721172016149762, 0.2472116411014963, 0.24721162451897605, 0.24721162388474183, 0.24721162306095845, 0.2472116229235839, 0.24721162290153786]}, "7": {"maxiter": 500, "fatol": 1e-10, "xatol": 1e-10, "duration": 0.14500188827514648, "fun": "0.24721162289800358", "nit": "371", "nfev": "659", "status": "0", "success": "True", "message": "Optimization terminated successfully.", "x": "[1.52067604 1.04734662 0.40393647 4.6494872  7.07981727 2.69111656]", "final_simplex": "(array([[1.52067604, 1.04734662, 0.40393647, 4.6494872 , 7.07981727,\n        2.69111656],\n       [1.52067604, 1.04734662, 0.40393647, 4.6494872 , 7.07981727,\n        2.69111656],\n       [1.52067604, 1.04734662, 0.40393647, 4.6494872 , 7.07981727,\n        2.69111656],\n       [1.52067604, 1.04734662, 0.40393647, 4.6494872 , 7.07981727,\n        2.69111656],\n       [1.52067604, 1.04734662, 0.40393647, 4.6494872 , 7.07981727,\n        2.69111656],\n       [1.52067604, 1.04734662, 0.40393647, 4.6494872 , 7.07981727,\n        2.69111656],\n       [1.52067604, 1.04734662, 0.40393647, 4.6494872 , 7.07981727,\n        2.69111656]]), array([0.24721162, 0.24721162, 0.24721162, 0.24721162, 0.24721162,\n       0.24721162, 0.24721162]))", "callback": [0.6589058526998897, 0.5843068478070685, 0.3344506044335237, 0.3344506044335237, 0.33421521479295235, 0.3288128847453655, 0.32631749062467075, 0.32450903333438197, 0.32245431043571093, 0.31595061008646186, 0.29516012795061064, 0.2583889835050891, 0.2516437597651987, 0.24777349483571565, 0.24762241279728459, 0.24725530336443446, 0.24724898051923327, 0.2472194628407015, 0.24721404494993593, 0.24721194025166737, 0.24721172016149762, 0.2472116411014963, 0.24721162451897605, 0.24721162388474183, 0.24721162306095845, 0.2472116229235839, 0.24721162290153786, 0.24721162289869103, 0.24721162289810117, 0.24721162289804088, 0.2472116228980208, 0.24721162289800824, 0.2472116228980047, 0.24721162289800402, 0.24721162289800358, 0.24721162289800358, 0.24721162289800358]}, "8": {"maxiter": 1000, "fatol": 1e-05, "xatol": 1e-05, "duration": 0.11342072486877441, "fun": "0.24721162290114274", "nit": "274", "nfev": "439", "status": "0", "success": "True", "message": "Optimization terminated successfully.", "x": "[1.52067717 1.04734237 0.40393757 4.649488   7.07981753 2.69111547]", "final_simplex": "(array([[1.52067717, 1.04734237, 0.40393757, 4.649488  , 7.07981753,\n        2.69111547],\n       [1.52067484, 1.04734686, 0.40393989, 4.64948777, 7.07981415,\n        2.69111889],\n       [1.52067902, 1.04734547, 0.40393586, 4.6494835 , 7.07981894,\n        2.6911164 ],\n       [1.5206799 , 1.04734919, 0.4039409 , 4.64948784, 7.07981286,\n        2.69111432],\n       [1.52067591, 1.04734756, 0.40393148, 4.64949091, 7.07981379,\n        2.69111412],\n       [1.52067984, 1.04734342, 0.40393695, 4.64948791, 7.07981889,\n        2.69112106],\n       [1.52067096, 1.04735062, 0.40392975, 4.64948886, 7.07982171,\n        2.69111604]]), array([0.24721162, 0.24721162, 0.24721162, 0.24721162, 0.24721162,\n       0.24721162, 0.24721162]))", "callback": [0.6589058526998897, 0.5843068478070685, 0.3344506044335237, 0.3344506044335237, 0.33421521479295235, 0.3288128847453655, 0.32631749062467075, 0.32450903333438197, 0.32245431043571093, 0.31595061008646186, 0.29516012795061064, 0.2583889835050891, 0.2516437597651987, 0.24777349483571565, 0.24762241279728459, 0.24725530336443446, 0.24724898051923327, 0.2472194628407015, 0.24721404494993593, 0.24721194025166737, 0.24721172016149762, 0.2472116411014963, 0.24721162451897605, 0.24721162388474183, 0.24721162306095845, 0.2472116229235839, 0.24721162290153786]}, "9": {"maxiter": 1000, "fatol": 1e-05, "xatol": 1e-10, "duration": 0.14978504180908203, "fun": "0.24721162289800358", "nit": "371", "nfev": "659", "status": "0", "success": "True", "message": "Optimization terminated successfully.", "x": "[1.52067604 1.04734662 0.40393647 4.6494872  7.07981727 2.69111656]", "final_simplex": "(array([[1.52067604, 1.04734662, 0.40393647, 4.6494872 , 7.07981727,\n        2.69111656],\n       [1.52067604, 1.04734662, 0.40393647, 4.6494872 , 7.07981727,\n        2.69111656],\n       [1.52067604, 1.04734662, 0.40393647, 4.6494872 , 7.07981727,\n        2.69111656],\n       [1.52067604, 1.04734662, 0.40393647, 4.6494872 , 7.07981727,\n        2.69111656],\n       [1.52067604, 1.04734662, 0.40393647, 4.6494872 , 7.07981727,\n        2.69111656],\n       [1.52067604, 1.04734662, 0.40393647, 4.6494872 , 7.07981727,\n        2.69111656],\n       [1.52067604, 1.04734662, 0.40393647, 4.6494872 , 7.07981727,\n        2.69111656]]), array([0.24721162, 0.24721162, 0.24721162, 0.24721162, 0.24721162,\n       0.24721162, 0.24721162]))", "callback": [0.6589058526998897, 0.5843068478070685, 0.3344506044335237, 0.3344506044335237, 0.33421521479295235, 0.3288128847453655, 0.32631749062467075, 0.32450903333438197, 0.32245431043571093, 0.31595061008646186, 0.29516012795061064, 0.2583889835050891, 0.2516437597651987, 0.24777349483571565, 0.24762241279728459, 0.24725530336443446, 0.24724898051923327, 0.2472194628407015, 0.24721404494993593, 0.24721194025166737, 0.24721172016149762, 0.2472116411014963, 0.24721162451897605, 0.24721162388474183, 0.24721162306095845, 0.2472116229235839, 0.24721162290153786, 0.24721162289869103, 0.24721162289810117, 0.24721162289804088, 0.2472116228980208, 0.24721162289800824, 0.2472116228980047, 0.24721162289800402, 0.24721162289800358, 0.24721162289800358, 0.24721162289800358]}, "10": {"maxiter": 1000, "fatol": 1e-10, "xatol": 1e-05, "duration": 0.09858083724975586, "fun": "0.24721162290114274", "nit": "274", "nfev": "439", "status": "0", "success": "True", "message": "Optimization terminated successfully.", "x": "[1.52067717 1.04734237 0.40393757 4.649488   7.07981753 2.69111547]", "final_simplex": "(array([[1.52067717, 1.04734237, 0.40393757, 4.649488  , 7.07981753,\n        2.69111547],\n       [1.52067484, 1.04734686, 0.40393989, 4.64948777, 7.07981415,\n        2.69111889],\n       [1.52067902, 1.04734547, 0.40393586, 4.6494835 , 7.07981894,\n        2.6911164 ],\n       [1.5206799 , 1.04734919, 0.4039409 , 4.64948784, 7.07981286,\n        2.69111432],\n       [1.52067591, 1.04734756, 0.40393148, 4.64949091, 7.07981379,\n        2.69111412],\n       [1.52067984, 1.04734342, 0.40393695, 4.64948791, 7.07981889,\n        2.69112106],\n       [1.52067096, 1.04735062, 0.40392975, 4.64948886, 7.07982171,\n        2.69111604]]), array([0.24721162, 0.24721162, 0.24721162, 0.24721162, 0.24721162,\n       0.24721162, 0.24721162]))", "callback": [0.6589058526998897, 0.5843068478070685, 0.3344506044335237, 0.3344506044335237, 0.33421521479295235, 0.3288128847453655, 0.32631749062467075, 0.32450903333438197, 0.32245431043571093, 0.31595061008646186, 0.29516012795061064, 0.2583889835050891, 0.2516437597651987, 0.24777349483571565, 0.24762241279728459, 0.24725530336443446, 0.24724898051923327, 0.2472194628407015, 0.24721404494993593, 0.24721194025166737, 0.24721172016149762, 0.2472116411014963, 0.24721162451897605, 0.24721162388474183, 0.24721162306095845, 0.2472116229235839, 0.24721162290153786]}, "11": {"maxiter": 1000, "fatol": 1e-10, "xatol": 1e-10, "duration": 0.15356707572937012, "fun": "0.24721162289800358", "nit": "371", "nfev": "659", "status": "0", "success": "True", "message": "Optimization terminated successfully.", "x": "[1.52067604 1.04734662 0.40393647 4.6494872  7.07981727 2.69111656]", "final_simplex": "(array([[1.52067604, 1.04734662, 0.40393647, 4.6494872 , 7.07981727,\n        2.69111656],\n       [1.52067604, 1.04734662, 0.40393647, 4.6494872 , 7.07981727,\n        2.69111656],\n       [1.52067604, 1.04734662, 0.40393647, 4.6494872 , 7.07981727,\n        2.69111656],\n       [1.52067604, 1.04734662, 0.40393647, 4.6494872 , 7.07981727,\n        2.69111656],\n       [1.52067604, 1.04734662, 0.40393647, 4.6494872 , 7.07981727,\n        2.69111656],\n       [1.52067604, 1.04734662, 0.40393647, 4.6494872 , 7.07981727,\n        2.69111656],\n       [1.52067604, 1.04734662, 0.40393647, 4.6494872 , 7.07981727,\n        2.69111656]]), array([0.24721162, 0.24721162, 0.24721162, 0.24721162, 0.24721162,\n       0.24721162, 0.24721162]))", "callback": [0.6589058526998897, 0.5843068478070685, 0.3344506044335237, 0.3344506044335237, 0.33421521479295235, 0.3288128847453655, 0.32631749062467075, 0.32450903333438197, 0.32245431043571093, 0.31595061008646186, 0.29516012795061064, 0.2583889835050891, 0.2516437597651987, 0.24777349483571565, 0.24762241279728459, 0.24725530336443446, 0.24724898051923327, 0.2472194628407015, 0.24721404494993593, 0.24721194025166737, 0.24721172016149762, 0.2472116411014963, 0.24721162451897605, 0.24721162388474183, 0.24721162306095845, 0.2472116229235839, 0.24721162290153786, 0.24721162289869103, 0.24721162289810117, 0.24721162289804088, 0.2472116228980208, 0.24721162289800824, 0.2472116228980047, 0.24721162289800402, 0.24721162289800358, 0.24721162289800358, 0.24721162289800358]}}, "bfgs": {"type": "gradient", "0": {"maxiter": 100, "gtol": 1e-05, "xrtol": 1e-05, "eps": 1e-05, "duration": 0.07794475555419922, "fun": "0.24721162323996027", "jac": "[ 3.93141075e-06  4.52335946e-06 -1.40525369e-06  5.68958214e-06\n  1.89246396e-06  1.31777145e-05]", "hess_inv": "[[ 4.09120558  0.94115028  1.75507323 -0.88975698 -3.09693659 -0.10596284]\n [ 0.94115028  4.55960458  1.42750242 -1.119857   -2.1524091  -0.6120196 ]\n [ 1.75507323  1.42750242  5.67751093 -1.04145607 -3.46375031  0.23439216]\n [-0.88975698 -1.119857   -1.04145607  3.90988602 -0.29624506 -0.7739544 ]\n [-3.09693659 -2.1524091  -3.46375031 -0.29624506  8.81163408  0.38350457]\n [-0.10596284 -0.6120196   0.23439216 -0.7739544   0.38350457  1.64278749]]", "nfev": "154", "njev": "22", "status": "0", "success": "True", "message": "Optimization terminated successfully.", "x": "[1.52068764 1.04735477 0.40391933 4.64949917 7.07983032 2.69116124]", "nit": "18", "callback": [0.24809131833316744]}, "1": {"maxiter": 100, "gtol": 1e-05, "xrtol": 1e-05, "eps": 1e-10, "duration": 0.041194915771484375, "fun": "0.2472116234809768", "jac": "[ 6.66133760e-06  7.77156053e-06 -1.11022293e-06  6.66133760e-06\n  4.44089173e-06  1.22124523e-05]", "hess_inv": "[[ 4.35186203  0.98657261  1.85348447 -0.92959696 -3.3429965  -0.20655221]\n [ 0.98657261  4.58349412  1.44625304 -1.1221709  -2.11519469 -0.62782384]\n [ 1.85348447  1.44625304  5.70394116 -1.05118501 -3.44077884  0.1852778 ]\n [-0.92959696 -1.1221709  -1.05118501  3.91094331 -0.28298897 -0.74636033]\n [-3.3429965  -2.11519469 -3.44077884 -0.28298897  8.36955381  0.50917912]\n [-0.20655221 -0.62782384  0.1852778  -0.74636033  0.50917912  1.64319536]]", "nfev": "154", "njev": "22", "status": "0", "success": "True", "message": "Optimization terminated successfully.", "x": "[1.52069862 1.04736336 0.403923   4.64950211 7.07983959 2.69117103]", "nit": "18", "callback": [0.24809142591929312]}, "2": {"maxiter": 100, "gtol": 1e-05, "xrtol": 1e-10, "eps": 1e-05, "duration": 0.04355883598327637, "fun": "0.24721162294681243", "jac": "[-2.28781438e-06  9.76341230e-07  2.81785706e-07  4.68192152e-07\n -5.66569014e-07  5.82777160e-06]", "hess_inv": "[[ 4.31196568  1.16183384  1.52235422 -0.64179627 -2.90665155  0.88175259]\n [ 1.16183384  4.67405285  1.30702935 -0.9847911  -2.07102541 -0.25745433]\n [ 1.52235422  1.30702935  5.80432511 -1.18365762 -3.54935008 -0.13821729]\n [-0.64179627 -0.9847911  -1.18365762  4.06852336 -0.19816745 -0.33698756]\n [-2.90665155 -2.07102541 -3.54935008 -0.19816745  8.86407155  0.58610697]\n [ 0.88175259 -0.25745433 -0.13821729 -0.33698756  0.58610697  2.28984342]]", "nfev": "161", "njev": "23", "status": "0", "success": "True", "message": "Optimization terminated successfully.", "x": "[1.52066511 1.04734381 0.40393086 4.64948615 7.07982275 2.69112938]", "nit": "19", "callback": [0.24809131833316744]}, "3": {"maxiter": 100, "gtol": 1e-05, "xrtol": 1e-10, "eps": 1e-10, "duration": 0.03897809982299805, "fun": "0.2472116232630266", "jac": "[-5.55111466e-06 -1.11022293e-06  4.44089173e-06  4.44089173e-06\n  3.33066880e-06  9.99200639e-06]", "hess_inv": "[[ 6.59054539  3.14052802  1.5325295  -0.52612841 -3.40143389  1.24991273]\n [ 3.14052802  5.8060272   1.32265546 -0.72534363 -3.2515541   0.19218267]\n [ 1.5325295   1.32265546  5.70959482 -1.11090979 -3.19701847  0.10315209]\n [-0.52612841 -0.72534363 -1.11090979  3.98357115 -0.28255451 -0.47796555]\n [-3.40143389 -3.2515541  -3.19701847 -0.28255451  6.99834442 -0.26765483]\n [ 1.24991273  0.19218267  0.10315209 -0.47796555 -0.26765483  2.19312152]]", "nfev": "161", "njev": "23", "status": "0", "success": "True", "message": "Optimization terminated successfully.", "x": "[1.52063536 1.04731571 0.40392919 4.64949058 7.07985804 2.69113891]", "nit": "19", "callback": [0.24809142591929312]}, "4": {"maxiter": 100, "gtol": 1e-10, "xrtol": 1e-05, "eps": 1e-05, "duration": 0.038168907165527344, "fun": "0.24721162323996027", "jac": "[ 3.93141075e-06  4.52335946e-06 -1.40525369e-06  5.68958214e-06\n  1.89246396e-06  1.31777145e-05]", "hess_inv": "[[ 4.09120558  0.94115028  1.75507323 -0.88975698 -3.09693659 -0.10596284]\n [ 0.94115028  4.55960458  1.42750242 -1.119857   -2.1524091  -0.6120196 ]\n [ 1.75507323  1.42750242  5.67751093 -1.04145607 -3.46375031  0.23439216]\n [-0.88975698 -1.119857   -1.04145607  3.90988602 -0.29624506 -0.7739544 ]\n [-3.09693659 -2.1524091  -3.46375031 -0.29624506  8.81163408  0.38350457]\n [-0.10596284 -0.6120196   0.23439216 -0.7739544   0.38350457  1.64278749]]", "nfev": "154", "njev": "22", "status": "0", "success": "True", "message": "Optimization terminated successfully.", "x": "[1.52068764 1.04735477 0.40391933 4.64949917 7.07983032 2.69116124]", "nit": "18", "callback": [0.24809131833316744]}, "5": {"maxiter": 100, "gtol": 1e-10, "xrtol": 1e-05, "eps": 1e-10, "duration": 0.03801393508911133, "fun": "0.2472116234809768", "jac": "[ 6.66133760e-06  7.77156053e-06 -1.11022293e-06  6.66133760e-06\n  4.44089173e-06  1.22124523e-05]", "hess_inv": "[[ 4.35186203  0.98657261  1.85348447 -0.92959696 -3.3429965  -0.20655221]\n [ 0.98657261  4.58349412  1.44625304 -1.1221709  -2.11519469 -0.62782384]\n [ 1.85348447  1.44625304  5.70394116 -1.05118501 -3.44077884  0.1852778 ]\n [-0.92959696 -1.1221709  -1.05118501  3.91094331 -0.28298897 -0.74636033]\n [-3.3429965  -2.11519469 -3.44077884 -0.28298897  8.36955381  0.50917912]\n [-0.20655221 -0.62782384  0.1852778  -0.74636033  0.50917912  1.64319536]]", "nfev": "154", "njev": "22", "status": "0", "success": "True", "message": "Optimization terminated successfully.", "x": "[1.52069862 1.04736336 0.403923   4.64950211 7.07983959 2.69117103]", "nit": "18", "callback": [0.24809142591929312]}, "6": {"maxiter": 100, "gtol": 1e-10, "xrtol": 1e-10, "eps": 1e-05, "duration": 0.04848790168762207, "fun": "0.24721162291649634", "jac": "[ 2.22044605e-11  0.00000000e+00 -1.11022302e-11  3.33066907e-11\n -1.11022302e-11  2.22044605e-11]", "hess_inv": "[[ 4.32882822  1.13240118  1.52072381 -0.63640941 -2.97873949  0.65609541]\n [ 1.13240118  4.69782096  1.30516501 -0.97526475 -2.04296901 -0.07542428]\n [ 1.52072381  1.30516501  5.80873679 -1.19276988 -3.5361059  -0.13443616]\n [-0.63640941 -0.97526475 -1.19276988  4.08416425 -0.20490854 -0.30182925]\n [-2.97873949 -2.04296901 -3.5361059  -0.20490854  8.91539259  0.856647  ]\n [ 0.65609541 -0.07542428 -0.13443616 -0.30182925  0.856647    3.69876435]]", "nfev": "196", "njev": "28", "status": "0", "success": "True", "message": "Optimization terminated successfully.", "x": "[1.52066848 1.04734117 0.4039307  4.64948581 7.07981898 2.69110975]", "nit": "24", "callback": [0.24809131833316744, 0.24721162292033616]}, "7": {"maxiter": 100, "gtol": 1e-10, "xrtol": 1e-10, "eps": 1e-10, "duration": 0.06189107894897461, "fun": "0.24721162290970156", "jac": "[0.00000000e+00 0.00000000e+00 0.00000000e+00 1.11022293e-06\n 1.11022293e-06 1.11022293e-06]", "hess_inv": "[[ 7.27764527  4.78979164  3.06876306 -1.87745889 -6.56858601 -0.05999125]\n [ 4.78979164  8.49496661  3.47508487 -2.16565355 -7.19130981 -1.12570938]\n [ 3.06876306  3.47508487  7.10245968 -2.15862011 -5.70635331 -0.42619423]\n [-1.87745889 -2.16565355 -2.15862011  3.511381    1.1577115  -0.77726661]\n [-6.56858601 -7.19130981 -5.70635331  1.1577115  11.93604949  1.97383764]\n [-0.05999125 -1.12570938 -0.42619423 -0.77726661  1.97383764  2.45617272]]", "nfev": "266", "njev": "38", "status": "0", "success": "True", "message": "Optimization terminated successfully.", "x": "[1.52067317 1.04734635 0.40392864 4.64948766 7.07981548 2.69111213]", "nit": "23", "callback": [0.24809142591929312, 0.24721162306502242]}, "8": {"maxiter": 500, "gtol": 1e-05, "xrtol": 1e-05, "eps": 1e-05, "duration": 0.03584003448486328, "fun": "0.24721162323996027", "jac": "[ 3.93141075e-06  4.52335946e-06 -1.40525369e-06  5.68958214e-06\n  1.89246396e-06  1.31777145e-05]", "hess_inv": "[[ 4.09120558  0.94115028  1.75507323 -0.88975698 -3.09693659 -0.10596284]\n [ 0.94115028  4.55960458  1.42750242 -1.119857   -2.1524091  -0.6120196 ]\n [ 1.75507323  1.42750242  5.67751093 -1.04145607 -3.46375031  0.23439216]\n [-0.88975698 -1.119857   -1.04145607  3.90988602 -0.29624506 -0.7739544 ]\n [-3.09693659 -2.1524091  -3.46375031 -0.29624506  8.81163408  0.38350457]\n [-0.10596284 -0.6120196   0.23439216 -0.7739544   0.38350457  1.64278749]]", "nfev": "154", "njev": "22", "status": "0", "success": "True", "message": "Optimization terminated successfully.", "x": "[1.52068764 1.04735477 0.40391933 4.64949917 7.07983032 2.69116124]", "nit": "18", "callback": [0.24809131833316744]}, "9": {"maxiter": 500, "gtol": 1e-05, "xrtol": 1e-05, "eps": 1e-10, "duration": 0.03628373146057129, "fun": "0.2472116234809768", "jac": "[ 6.66133760e-06  7.77156053e-06 -1.11022293e-06  6.66133760e-06\n  4.44089173e-06  1.22124523e-05]", "hess_inv": "[[ 4.35186203  0.98657261  1.85348447 -0.92959696 -3.3429965  -0.20655221]\n [ 0.98657261  4.58349412  1.44625304 -1.1221709  -2.11519469 -0.62782384]\n [ 1.85348447  1.44625304  5.70394116 -1.05118501 -3.44077884  0.1852778 ]\n [-0.92959696 -1.1221709  -1.05118501  3.91094331 -0.28298897 -0.74636033]\n [-3.3429965  -2.11519469 -3.44077884 -0.28298897  8.36955381  0.50917912]\n [-0.20655221 -0.62782384  0.1852778  -0.74636033  0.50917912  1.64319536]]", "nfev": "154", "njev": "22", "status": "0", "success": "True", "message": "Optimization terminated successfully.", "x": "[1.52069862 1.04736336 0.403923   4.64950211 7.07983959 2.69117103]", "nit": "18", "callback": [0.24809142591929312]}, "10": {"maxiter": 500, "gtol": 1e-05, "xrtol": 1e-10, "eps": 1e-05, "duration": 0.0365450382232666, "fun": "0.24721162294681243", "jac": "[-2.28781438e-06  9.76341230e-07  2.81785706e-07  4.68192152e-07\n -5.66569014e-07  5.82777160e-06]", "hess_inv": "[[ 4.31196568  1.16183384  1.52235422 -0.64179627 -2.90665155  0.88175259]\n [ 1.16183384  4.67405285  1.30702935 -0.9847911  -2.07102541 -0.25745433]\n [ 1.52235422  1.30702935  5.80432511 -1.18365762 -3.54935008 -0.13821729]\n [-0.64179627 -0.9847911  -1.18365762  4.06852336 -0.19816745 -0.33698756]\n [-2.90665155 -2.07102541 -3.54935008 -0.19816745  8.86407155  0.58610697]\n [ 0.88175259 -0.25745433 -0.13821729 -0.33698756  0.58610697  2.28984342]]", "nfev": "161", "njev": "23", "status": "0", "success": "True", "message": "Optimization terminated successfully.", "x": "[1.52066511 1.04734381 0.40393086 4.64948615 7.07982275 2.69112938]", "nit": "19", "callback": [0.24809131833316744]}, "11": {"maxiter": 500, "gtol": 1e-05, "xrtol": 1e-10, "eps": 1e-10, "duration": 0.036856889724731445, "fun": "0.2472116232630266", "jac": "[-5.55111466e-06 -1.11022293e-06  4.44089173e-06  4.44089173e-06\n  3.33066880e-06  9.99200639e-06]", "hess_inv": "[[ 6.59054539  3.14052802  1.5325295  -0.52612841 -3.40143389  1.24991273]\n [ 3.14052802  5.8060272   1.32265546 -0.72534363 -3.2515541   0.19218267]\n [ 1.5325295   1.32265546  5.70959482 -1.11090979 -3.19701847  0.10315209]\n [-0.52612841 -0.72534363 -1.11090979  3.98357115 -0.28255451 -0.47796555]\n [-3.40143389 -3.2515541  -3.19701847 -0.28255451  6.99834442 -0.26765483]\n [ 1.24991273  0.19218267  0.10315209 -0.47796555 -0.26765483  2.19312152]]", "nfev": "161", "njev": "23", "status": "0", "success": "True", "message": "Optimization terminated successfully.", "x": "[1.52063536 1.04731571 0.40392919 4.64949058 7.07985804 2.69113891]", "nit": "19", "callback": [0.24809142591929312]}, "12": {"maxiter": 500, "gtol": 1e-10, "xrtol": 1e-05, "eps": 1e-05, "duration": 0.03557300567626953, "fun": "0.24721162323996027", "jac": "[ 3.93141075e-06  4.52335946e-06 -1.40525369e-06  5.68958214e-06\n  1.89246396e-06  1.31777145e-05]", "hess_inv": "[[ 4.09120558  0.94115028  1.75507323 -0.88975698 -3.09693659 -0.10596284]\n [ 0.94115028  4.55960458  1.42750242 -1.119857   -2.1524091  -0.6120196 ]\n [ 1.75507323  1.42750242  5.67751093 -1.04145607 -3.46375031  0.23439216]\n [-0.88975698 -1.119857   -1.04145607  3.90988602 -0.29624506 -0.7739544 ]\n [-3.09693659 -2.1524091  -3.46375031 -0.29624506  8.81163408  0.38350457]\n [-0.10596284 -0.6120196   0.23439216 -0.7739544   0.38350457  1.64278749]]", "nfev": "154", "njev": "22", "status": "0", "success": "True", "message": "Optimization terminated successfully.", "x": "[1.52068764 1.04735477 0.40391933 4.64949917 7.07983032 2.69116124]", "nit": "18", "callback": [0.24809131833316744]}, "13": {"maxiter": 500, "gtol": 1e-10, "xrtol": 1e-05, "eps": 1e-10, "duration": 0.03647780418395996, "fun": "0.2472116234809768", "jac": "[ 6.66133760e-06  7.77156053e-06 -1.11022293e-06  6.66133760e-06\n  4.44089173e-06  1.22124523e-05]", "hess_inv": "[[ 4.35186203  0.98657261  1.85348447 -0.92959696 -3.3429965  -0.20655221]\n [ 0.98657261  4.58349412  1.44625304 -1.1221709  -2.11519469 -0.62782384]\n [ 1.85348447  1.44625304  5.70394116 -1.05118501 -3.44077884  0.1852778 ]\n [-0.92959696 -1.1221709  -1.05118501  3.91094331 -0.28298897 -0.74636033]\n [-3.3429965  -2.11519469 -3.44077884 -0.28298897  8.36955381  0.50917912]\n [-0.20655221 -0.62782384  0.1852778  -0.74636033  0.50917912  1.64319536]]", "nfev": "154", "njev": "22", "status": "0", "success": "True", "message": "Optimization terminated successfully.", "x": "[1.52069862 1.04736336 0.403923   4.64950211 7.07983959 2.69117103]", "nit": "18", "callback": [0.24809142591929312]}, "14": {"maxiter": 500, "gtol": 1e-10, "xrtol": 1e-10, "eps": 1e-05, "duration": 0.04656505584716797, "fun": "0.24721162291649634", "jac": "[ 2.22044605e-11  0.00000000e+00 -1.11022302e-11  3.33066907e-11\n -1.11022302e-11  2.22044605e-11]", "hess_inv": "[[ 4.32882822  1.13240118  1.52072381 -0.63640941 -2.97873949  0.65609541]\n [ 1.13240118  4.69782096  1.30516501 -0.97526475 -2.04296901 -0.07542428]\n [ 1.52072381  1.30516501  5.80873679 -1.19276988 -3.5361059  -0.13443616]\n [-0.63640941 -0.97526475 -1.19276988  4.08416425 -0.20490854 -0.30182925]\n [-2.97873949 -2.04296901 -3.5361059  -0.20490854  8.91539259  0.856647  ]\n [ 0.65609541 -0.07542428 -0.13443616 -0.30182925  0.856647    3.69876435]]", "nfev": "196", "njev": "28", "status": "0", "success": "True", "message": "Optimization terminated successfully.", "x": "[1.52066848 1.04734117 0.4039307  4.64948581 7.07981898 2.69110975]", "nit": "24", "callback": [0.24809131833316744, 0.24721162292033616]}, "15": {"maxiter": 500, "gtol": 1e-10, "xrtol": 1e-10, "eps": 1e-10, "duration": 0.06255698204040527, "fun": "0.24721162290970156", "jac": "[0.00000000e+00 0.00000000e+00 0.00000000e+00 1.11022293e-06\n 1.11022293e-06 1.11022293e-06]", "hess_inv": "[[ 7.27764527  4.78979164  3.06876306 -1.87745889 -6.56858601 -0.05999125]\n [ 4.78979164  8.49496661  3.47508487 -2.16565355 -7.19130981 -1.12570938]\n [ 3.06876306  3.47508487  7.10245968 -2.15862011 -5.70635331 -0.42619423]\n [-1.87745889 -2.16565355 -2.15862011  3.511381    1.1577115  -0.77726661]\n [-6.56858601 -7.19130981 -5.70635331  1.1577115  11.93604949  1.97383764]\n [-0.05999125 -1.12570938 -0.42619423 -0.77726661  1.97383764  2.45617272]]", "nfev": "266", "njev": "38", "status": "0", "success": "True", "message": "Optimization terminated successfully.", "x": "[1.52067317 1.04734635 0.40392864 4.64948766 7.07981548 2.69111213]", "nit": "23", "callback": [0.24809142591929312, 0.24721162306502242]}, "16": {"maxiter": 1000, "gtol": 1e-05, "xrtol": 1e-05, "eps": 1e-05, "duration": 0.03578972816467285, "fun": "0.24721162323996027", "jac": "[ 3.93141075e-06  4.52335946e-06 -1.40525369e-06  5.68958214e-06\n  1.89246396e-06  1.31777145e-05]", "hess_inv": "[[ 4.09120558  0.94115028  1.75507323 -0.88975698 -3.09693659 -0.10596284]\n [ 0.94115028  4.55960458  1.42750242 -1.119857   -2.1524091  -0.6120196 ]\n [ 1.75507323  1.42750242  5.67751093 -1.04145607 -3.46375031  0.23439216]\n [-0.88975698 -1.119857   -1.04145607  3.90988602 -0.29624506 -0.7739544 ]\n [-3.09693659 -2.1524091  -3.46375031 -0.29624506  8.81163408  0.38350457]\n [-0.10596284 -0.6120196   0.23439216 -0.7739544   0.38350457  1.64278749]]", "nfev": "154", "njev": "22", "status": "0", "success": "True", "message": "Optimization terminated successfully.", "x": "[1.52068764 1.04735477 0.40391933 4.64949917 7.07983032 2.69116124]", "nit": "18", "callback": [0.24809131833316744]}, "17": {"maxiter": 1000, "gtol": 1e-05, "xrtol": 1e-05, "eps": 1e-10, "duration": 0.036875009536743164, "fun": "0.2472116234809768", "jac": "[ 6.66133760e-06  7.77156053e-06 -1.11022293e-06  6.66133760e-06\n  4.44089173e-06  1.22124523e-05]", "hess_inv": "[[ 4.35186203  0.98657261  1.85348447 -0.92959696 -3.3429965  -0.20655221]\n [ 0.98657261  4.58349412  1.44625304 -1.1221709  -2.11519469 -0.62782384]\n [ 1.85348447  1.44625304  5.70394116 -1.05118501 -3.44077884  0.1852778 ]\n [-0.92959696 -1.1221709  -1.05118501  3.91094331 -0.28298897 -0.74636033]\n [-3.3429965  -2.11519469 -3.44077884 -0.28298897  8.36955381  0.50917912]\n [-0.20655221 -0.62782384  0.1852778  -0.74636033  0.50917912  1.64319536]]", "nfev": "154", "njev": "22", "status": "0", "success": "True", "message": "Optimization terminated successfully.", "x": "[1.52069862 1.04736336 0.403923   4.64950211 7.07983959 2.69117103]", "nit": "18", "callback": [0.24809142591929312]}, "18": {"maxiter": 1000, "gtol": 1e-05, "xrtol": 1e-10, "eps": 1e-05, "duration": 0.03736710548400879, "fun": "0.24721162294681243", "jac": "[-2.28781438e-06  9.76341230e-07  2.81785706e-07  4.68192152e-07\n -5.66569014e-07  5.82777160e-06]", "hess_inv": "[[ 4.31196568  1.16183384  1.52235422 -0.64179627 -2.90665155  0.88175259]\n [ 1.16183384  4.67405285  1.30702935 -0.9847911  -2.07102541 -0.25745433]\n [ 1.52235422  1.30702935  5.80432511 -1.18365762 -3.54935008 -0.13821729]\n [-0.64179627 -0.9847911  -1.18365762  4.06852336 -0.19816745 -0.33698756]\n [-2.90665155 -2.07102541 -3.54935008 -0.19816745  8.86407155  0.58610697]\n [ 0.88175259 -0.25745433 -0.13821729 -0.33698756  0.58610697  2.28984342]]", "nfev": "161", "njev": "23", "status": "0", "success": "True", "message": "Optimization terminated successfully.", "x": "[1.52066511 1.04734381 0.40393086 4.64948615 7.07982275 2.69112938]", "nit": "19", "callback": [0.24809131833316744]}, "19": {"maxiter": 1000, "gtol": 1e-05, "xrtol": 1e-10, "eps": 1e-10, "duration": 0.03815412521362305, "fun": "0.2472116232630266", "jac": "[-5.55111466e-06 -1.11022293e-06  4.44089173e-06  4.44089173e-06\n  3.33066880e-06  9.99200639e-06]", "hess_inv": "[[ 6.59054539  3.14052802  1.5325295  -0.52612841 -3.40143389  1.24991273]\n [ 3.14052802  5.8060272   1.32265546 -0.72534363 -3.2515541   0.19218267]\n [ 1.5325295   1.32265546  5.70959482 -1.11090979 -3.19701847  0.10315209]\n [-0.52612841 -0.72534363 -1.11090979  3.98357115 -0.28255451 -0.47796555]\n [-3.40143389 -3.2515541  -3.19701847 -0.28255451  6.99834442 -0.26765483]\n [ 1.24991273  0.19218267  0.10315209 -0.47796555 -0.26765483  2.19312152]]", "nfev": "161", "njev": "23", "status": "0", "success": "True", "message": "Optimization terminated successfully.", "x": "[1.52063536 1.04731571 0.40392919 4.64949058 7.07985804 2.69113891]", "nit": "19", "callback": [0.24