{"date": "2024/09/24/, 05:43:14", "conf_id": 289, "data_type": "var_s_rank\n", "num_data_points": 3, "s_rank": 0, "unitary": "[[-0.24866696+0.58742286j,-0.44704345-0.43151574j,-0.35669027-0.20570733j,-0.10517633+0.1626036j],[0.10596805-0.19687975j,-0.30269685-0.15056416j,0.18246286+0.30440582j,-0.83484447-0.11310748j],[0.26054512-0.52548482j,0.0285017-0.50723956j,-0.43110112+0.17165838j,0.15243271+0.39915801j],[0.42978035+0.11991271j,-0.17224126-0.46030424j,0.6827807-0.15164662j,0.26483638+0.0061855j]]", "databatch_0": {"databatch": "[[[0.01512563-0.10544146j,0.2290822-0.12070339j,0.00227283+0.00213159j,-0.08534513+0.03119403j],[-0.26662176+0.04947705j,-0.28792033+0.31466254j,0.03241522+0.18094619j,0.09393442-0.05099221j],[0.20619269-0.044683j,0.49786367-0.19829717j,0.03681954-0.12125521j,-0.15558118+0.02378545j],[-0.16086989-0.10986321j,-0.41230836-0.02530589j,-0.09975571+0.09681044j,0.1051501+0.03431438j]],[[0.07602923-0.30584918j,-0.14961473+0.27408663j,-0.02964322+0.00969732j,-0.17628422+0.01663829j],[-0.01681257-0.02367319j,0.00438331+0.08743792j,-0.02746568-0.00985604j,-0.11148117+0.057882j],[0.36900807+0.02658503j,-0.30612328-0.12359223j,-0.09873136-0.13418597j,0.00909206-0.24099274j],[0.03629875+0.36885598j,0.07519932-0.35200255j,0.12937179-0.16138525j,0.31425981-0.0738634j]],[[0.08759422-0.06534103j,-0.0603983+0.0916187j,-0.09092809+0.24947676j,0.11330601-0.31725659j],[-0.05024623-0.0547295j,0.06613997+0.03451972j,0.17501715+0.04426073j,-0.22240648-0.05471254j],[-0.15344225+0.08026951j,0.11747978-0.12820563j,0.20483719-0.36754427j,-0.25684936+0.46798499j],[0.01546112+0.09864469j,-0.04829139-0.08786941j,-0.16284701-0.17984032j,0.20808227+0.22682092j]]]", "initial param values": "[3.14593709,0.96971597,2.38589241,4.70200264,4.85893943,0.49101855]", "nelder_mead": {"type": "gradient-free", "0": {"maxiter": 100, "fatol": 1e-05, "xatol": 1e-05, "duration": 0.0352938175201416, "fun": "0.6118984208258418", "nit": "100", "nfev": "157", "status": "2", "success": "False", "message": "Maximum number of iterations has been exceeded.", "x": "[1.20829672 0.8344493  2.66541982 5.27171226 5.74996611 0.65010435]", "final_simplex": "(array([[1.20829672, 0.8344493 , 2.66541982, 5.27171226, 5.74996611,\n        0.65010435],\n       [1.17718299, 0.93562046, 2.57650652, 5.34240654, 5.88864208,\n        0.63501766],\n       [1.16502794, 0.91000353, 2.66311134, 5.32245206, 5.98278458,\n        0.61043813],\n       [1.21243705, 0.87718916, 2.71176558, 5.37537662, 5.94179003,\n        0.61588426],\n       [1.16581863, 0.9430982 , 2.64742655, 5.35299611, 5.87054762,\n        0.61554271],\n       [1.27129962, 0.95673531, 2.60215492, 5.3222895 , 5.95277553,\n        0.59527516],\n       [1.18274189, 0.97664039, 2.58723498, 5.33320778, 5.94767183,\n        0.59220666]]), array([0.61189842, 0.61445622, 0.61576819, 0.61597427, 0.61639561,\n       0.61739486, 0.61755427]))", "callback": [0.7168989343560952, 0.6502400416155976, 0.625109450495136, 0.625109450495136, 0.6231644946279498, 0.6207237107096482, 0.6207237107096482, 0.6201783319581926, 0.6186415222827557]}, "1": {"maxiter": 100, "fatol": 1e-05, "xatol": 1e-10, "duration": 0.03761887550354004, "fun": "0.6118984208258418", "nit": "100", "nfev": "157", "status": "2", "success": "False", "message": "Maximum number of iterations has been exceeded.", "x": "[1.20829672 0.8344493  2.66541982 5.27171226 5.74996611 0.65010435]", "final_simplex": "(array([[1.20829672, 0.8344493 , 2.66541982, 5.27171226, 5.74996611,\n        0.65010435],\n       [1.17718299, 0.93562046, 2.57650652, 5.34240654, 5.88864208,\n        0.63501766],\n       [1.16502794, 0.91000353, 2.66311134, 5.32245206, 5.98278458,\n        0.61043813],\n       [1.21243705, 0.87718916, 2.71176558, 5.37537662, 5.94179003,\n        0.61588426],\n       [1.16581863, 0.9430982 , 2.64742655, 5.35299611, 5.87054762,\n        0.61554271],\n       [1.27129962, 0.95673531, 2.60215492, 5.3222895 , 5.95277553,\n        0.59527516],\n       [1.18274189, 0.97664039, 2.58723498, 5.33320778, 5.94767183,\n        0.59220666]]), array([0.61189842, 0.61445622, 0.61576819, 0.61597427, 0.61639561,\n       0.61739486, 0.61755427]))", "callback": [0.7168989343560952, 0.6502400416155976, 0.625109450495136, 0.625109450495136, 0.6231644946279498, 0.6207237107096482, 0.6207237107096482, 0.6201783319581926, 0.6186415222827557]}, "2": {"maxiter": 100, "fatol": 1e-10, "xatol": 1e-05, "duration": 0.035001277923583984, "fun": "0.6118984208258418", "nit": "100", "nfev": "157", "status": "2", "success": "False", "message": "Maximum number of iterations has been exceeded.", "x": "[1.20829672 0.8344493  2.66541982 5.27171226 5.74996611 0.65010435]", "final_simplex": "(array([[1.20829672, 0.8344493 , 2.66541982, 5.27171226, 5.74996611,\n        0.65010435],\n       [1.17718299, 0.93562046, 2.57650652, 5.34240654, 5.88864208,\n        0.63501766],\n       [1.16502794, 0.91000353, 2.66311134, 5.32245206, 5.98278458,\n        0.61043813],\n       [1.21243705, 0.87718916, 2.71176558, 5.37537662, 5.94179003,\n        0.61588426],\n       [1.16581863, 0.9430982 , 2.64742655, 5.35299611, 5.87054762,\n        0.61554271],\n       [1.27129962, 0.95673531, 2.60215492, 5.3222895 , 5.95277553,\n        0.59527516],\n       [1.18274189, 0.97664039, 2.58723498, 5.33320778, 5.94767183,\n        0.59220666]]), array([0.61189842, 0.61445622, 0.61576819, 0.61597427, 0.61639561,\n       0.61739486, 0.61755427]))", "callback": [0.7168989343560952, 0.6502400416155976, 0.625109450495136, 0.625109450495136, 0.6231644946279498, 0.6207237107096482, 0.6207237107096482, 0.6201783319581926, 0.6186415222827557]}, "3": {"maxiter": 100, "fatol": 1e-10, "xatol": 1e-10, "duration": 0.035105228424072266, "fun": "0.6118984208258418", "nit": "100", "nfev": "157", "status": "2", "success": "False", "message": "Maximum number of iterations has been exceeded.", "x": "[1.20829672 0.8344493  2.66541982 5.27171226 5.74996611 0.65010435]", "final_simplex": "(array([[1.20829672, 0.8344493 , 2.66541982, 5.27171226, 5.74996611,\n        0.65010435],\n       [1.17718299, 0.93562046, 2.57650652, 5.34240654, 5.88864208,\n        0.63501766],\n       [1.16502794, 0.91000353, 2.66311134, 5.32245206, 5.98278458,\n        0.61043813],\n       [1.21243705, 0.87718916, 2.71176558, 5.37537662, 5.94179003,\n        0.61588426],\n       [1.16581863, 0.9430982 , 2.64742655, 5.35299611, 5.87054762,\n        0.61554271],\n       [1.27129962, 0.95673531, 2.60215492, 5.3222895 , 5.95277553,\n        0.59527516],\n       [1.18274189, 0.97664039, 2.58723498, 5.33320778, 5.94767183,\n        0.59220666]]), array([0.61189842, 0.61445622, 0.61576819, 0.61597427, 0.61639561,\n       0.61739486, 0.61755427]))", "callback": [0.7168989343560952, 0.6502400416155976, 0.625109450495136, 0.625109450495136, 0.6231644946279498, 0.6207237107096482, 0.6207237107096482, 0.6201783319581926, 0.6186415222827557]}, "4": {"maxiter": 500, "fatol": 1e-05, "xatol": 1e-05, "duration": 0.17253804206848145, "fun": "0.2699511273529086", "nit": "500", "nfev": "770", "status": "2", "success": "False", "message": "Maximum number of iterations has been exceeded.", "x": "[ 0.91891735  0.35772866  5.47690441  1.63673172  2.58152413 -0.37338471]", "final_simplex": "(array([[ 0.91891735,  0.35772866,  5.47690441,  1.63673172,  2.58152413,\n        -0.37338471],\n       [ 0.91268838,  0.36794171,  5.46464117,  1.59987686,  2.59909619,\n        -0.37647733],\n       [ 0.92447927,  0.36183578,  5.45878348,  1.61904366,  2.58306187,\n        -0.38091581],\n       [ 0.9312831 ,  0.35240594,  5.47560185,  1.63772957,  2.58709099,\n        -0.37918019],\n       [ 0.91880882,  0.36367033,  5.45591312,  1.61610803,  2.59848097,\n        -0.36856142],\n       [ 0.91936259,  0.36245795,  5.46128793,  1.62740325,  2.59176652,\n        -0.38531147],\n       [ 0.91242697,  0.38011097,  5.45826536,  1.60363356,  2.59237099,\n        -0.37013764]]), array([0.26995113, 0.26999527, 0.27003275, 0.27008672, 0.27009682,\n       0.27010352, 0.27012951]))", "callback": [0.7168989343560952, 0.6502400416155976, 0.625109450495136, 0.625109450495136, 0.6231644946279498, 0.6207237107096482, 0.6207237107096482, 0.6201783319581926, 0.6186415222827557, 0.6118984208258418, 0.5628766893655299, 0.5039157689936984, 0.4990314471227211, 0.4965784020686762, 0.4922202773741434, 0.48733108441266293, 0.4820400848812394, 0.45000948616614944, 0.4178987556573551, 0.39061847238757863, 0.33239650941927257, 0.3211215915821848, 0.30700203449374, 0.2976478492702177, 0.2947218703783969, 0.29420137031918026, 0.2941211365957185, 0.29411187478928724, 0.2941065165285136, 0.29410518772713445, 0.2941033639939471, 0.29409994382156, 0.29408873047710327, 0.29403982081745295, 0.2938514269851312, 0.29358259849627755, 0.2933638795103727, 0.292875868927441, 0.2912439750002166, 0.2852819297901603, 0.27843949259750544, 0.2712571851105041, 0.27076853945606205, 0.27034462080002475, 0.2703430668068244, 0.2702865581890852, 0.2702490211009877, 0.27019984459415614, 0.2701314610429728]}, "5": {"maxiter": 500, "fatol": 1e-05, "xatol": 1e-10, "duration": 0.1723477840423584, "fun": "0.2699511273529086", "nit": "500", "nfev": "770", "status": "2", "success": "False", "message": "Maximum number of iterations has been exceeded.", "x": "[ 0.91891735  0.35772866  5.47690441  1.63673172  2.58152413 -0.37338471]", "final_simplex": "(array([[ 0.91891735,  0.35772866,  5.47690441,  1.63673172,  2.58152413,\n        -0.37338471],\n       [ 0.91268838,  0.36794171,  5.46464117,  1.59987686,  2.59909619,\n        -0.37647733],\n       [ 0.92447927,  0.36183578,  5.45878348,  1.61904366,  2.58306187,\n        -0.38091581],\n       [ 0.9312831 ,  0.35240594,  5.47560185,  1.63772957,  2.58709099,\n        -0.37918019],\n       [ 0.91880882,  0.36367033,  5.45591312,  1.61610803,  2.59848097,\n        -0.36856142],\n       [ 0.91936259,  0.36245795,  5.46128793,  1.62740325,  2.59176652,\n        -0.38531147],\n       [ 0.91242697,  0.38011097,  5.45826536,  1.60363356,  2.59237099,\n        -0.37013764]]), array([0.26995113, 0.26999527, 0.27003275, 0.27008672, 0.27009682,\n       0.27010352, 0.27012951]))", "callback": [0.7168989343560952, 0.6502400416155976, 0.625109450495136, 0.625109450495136, 0.6231644946279498, 0.6207237107096482, 0.6207237107096482, 0.6201783319581926, 0.6186415222827557, 0.6118984208258418, 0.5628766893655299, 0.5039157689936984, 0.4990314471227211, 0.4965784020686762, 0.4922202773741434, 0.48733108441266293, 0.4820400848812394, 0.45000948616614944, 0.4178987556573551, 0.39061847238757863, 0.33239650941927257, 0.3211215915821848, 0.30700203449374, 0.2976478492702177, 0.2947218703783969, 0.29420137031918026, 0.2941211365957185, 0.29411187478928724, 0.2941065165285136, 0.29410518772713445, 0.2941033639939471, 0.29409994382156, 0.29408873047710327, 0.29403982081745295, 0.2938514269851312, 0.29358259849627755, 0.2933638795103727, 0.292875868927441, 0.2912439750002166, 0.2852819297901603, 0.27843949259750544, 0.2712571851105041, 0.27076853945606205, 0.27034462080002475, 0.2703430668068244, 0.2702865581890852, 0.2702490211009877, 0.27019984459415614, 0.2701314610429728]}, "6": {"maxiter": 500, "fatol": 1e-10, "xatol": 1e-05, "duration": 0.18361973762512207, "fun": "0.2699511273529086", "nit": "500", "nfev": "770", "status": "2", "success": "False", "message": "Maximum number of iterations has been exceeded.", "x": "[ 0.91891735  0.35772866  5.47690441  1.63673172  2.58152413 -0.37338471]", "final_simplex": "(array([[ 0.91891735,  0.35772866,  5.47690441,  1.63673172,  2.58152413,\n        -0.37338471],\n       [ 0.91268838,  0.36794171,  5.46464117,  1.59987686,  2.59909619,\n        -0.37647733],\n       [ 0.92447927,  0.36183578,  5.45878348,  1.61904366,  2.58306187,\n        -0.38091581],\n       [ 0.9312831 ,  0.35240594,  5.47560185,  1.63772957,  2.58709099,\n        -0.37918019],\n       [ 0.91880882,  0.36367033,  5.45591312,  1.61610803,  2.59848097,\n        -0.36856142],\n       [ 0.91936259,  0.36245795,  5.46128793,  1.62740325,  2.59176652,\n        -0.38531147],\n       [ 0.91242697,  0.38011097,  5.45826536,  1.60363356,  2.59237099,\n        -0.37013764]]), array([0.26995113, 0.26999527, 0.27003275, 0.27008672, 0.27009682,\n       0.27010352, 0.27012951]))", "callback": [0.7168989343560952, 0.6502400416155976, 0.625109450495136, 0.625109450495136, 0.6231644946279498, 0.6207237107096482, 0.6207237107096482, 0.6201783319581926, 0.6186415222827557, 0.6118984208258418, 0.5628766893655299, 0.5039157689936984, 0.4990314471227211, 0.4965784020686762, 0.4922202773741434, 0.48733108441266293, 0.4820400848812394, 0.45000948616614944, 0.4178987556573551, 0.39061847238757863, 0.33239650941927257, 0.3211215915821848, 0.30700203449374, 0.2976478492702177, 0.2947218703783969, 0.29420137031918026, 0.2941211365957185, 0.29411187478928724, 0.2941065165285136, 0.29410518772713445, 0.2941033639939471, 0.29409994382156, 0.29408873047710327, 0.29403982081745295, 0.2938514269851312, 0.29358259849627755, 0.2933638795103727, 0.292875868927441, 0.2912439750002166, 0.2852819297901603, 0.27843949259750544, 0.2712571851105041, 0.27076853945606205, 0.27034462080002475, 0.2703430668068244, 0.2702865581890852, 0.2702490211009877, 0.27019984459415614, 0.2701314610429728]}, "7": {"maxiter": 500, "fatol": 1e-10, "xatol": 1e-10, "duration": 0.18556594848632812, "fun": "0.2699511273529086", "nit": "500", "nfev": "770", "status": "2", "success": "False", "message": "Maximum number of iterations has been exceeded.", "x": "[ 0.91891735  0.35772866  5.47690441  1.63673172  2.58152413 -0.37338471]", "final_simplex": "(array([[ 0.91891735,  0.35772866,  5.47690441,  1.63673172,  2.58152413,\n        -0.37338471],\n       [ 0.91268838,  0.36794171,  5.46464117,  1.59987686,  2.59909619,\n        -0.37647733],\n       [ 0.92447927,  0.36183578,  5.45878348,  1.61904366,  2.58306187,\n        -0.38091581],\n       [ 0.9312831 ,  0.35240594,  5.47560185,  1.63772957,  2.58709099,\n        -0.37918019],\n       [ 0.91880882,  0.36367033,  5.45591312,  1.61610803,  2.59848097,\n        -0.36856142],\n       [ 0.91936259,  0.36245795,  5.46128793,  1.62740325,  2.59176652,\n        -0.38531147],\n       [ 0.91242697,  0.38011097,  5.45826536,  1.60363356,  2.59237099,\n        -0.37013764]]), array([0.26995113, 0.26999527, 0.27003275, 0.27008672, 0.27009682,\n       0.27010352, 0.27012951]))", "callback": [0.7168989343560952, 0.6502400416155976, 0.625109450495136, 0.625109450495136, 0.6231644946279498, 0.6207237107096482, 0.6207237107096482, 0.6201783319581926, 0.6186415222827557, 0.6118984208258418, 0.5628766893655299, 0.5039157689936984, 0.4990314471227211, 0.4965784020686762, 0.4922202773741434, 0.48733108441266293, 0.4820400848812394, 0.45000948616614944, 0.4178987556573551, 0.39061847238757863, 0.33239650941927257, 0.3211215915821848, 0.30700203449374, 0.2976478492702177, 0.2947218703783969, 0.29420137031918026, 0.2941211365957185, 0.29411187478928724, 0.2941065165285136, 0.29410518772713445, 0.2941033639939471, 0.29409994382156, 0.29408873047710327, 0.29403982081745295, 0.2938514269851312, 0.29358259849627755, 0.2933638795103727, 0.292875868927441, 0.2912439750002166, 0.2852819297901603, 0.27843949259750544, 0.2712571851105041, 0.27076853945606205, 0.27034462080002475, 0.2703430668068244, 0.2702865581890852, 0.2702490211009877, 0.27019984459415614, 0.2701314610429728]}, "8": {"maxiter": 1000, "fatol": 1e-05, "xatol": 1e-05, "duration": 0.24879121780395508, "fun": "0.2667921860226907", "nit": "698", "nfev": "1087", "status": "0", "success": "True", "message": "Optimization terminated successfully.", "x": "[ 0.75784923  0.11117232  5.71020307  1.4497922   2.52423038 -0.31237153]", "final_simplex": "(array([[ 0.75784923,  0.11117232,  5.71020307,  1.4497922 ,  2.52423038,\n        -0.31237153],\n       [ 0.75785282,  0.11117305,  5.71020421,  1.44979239,  2.52422599,\n        -0.31236775],\n       [ 0.75784949,  0.11116543,  5.71021106,  1.44978866,  2.52423048,\n        -0.31236544],\n       [ 0.75785384,  0.11117321,  5.71020556,  1.44978938,  2.52423428,\n        -0.31236774],\n       [ 0.75785777,  0.111173  ,  5.71020364,  1.44979468,  2.52423312,\n        -0.31236897],\n       [ 0.75785398,  0.11117422,  5.71019737,  1.44979656,  2.52423351,\n        -0.31236818],\n       [ 0.75785146,  0.11117005,  5.71020721,  1.44979749,  2.52422717,\n        -0.31236698]]), array([0.26679219, 0.26679219, 0.26679219, 0.26679219, 0.26679219,\n       0.26679219, 0.26679219]))", "callback": [0.7168989343560952, 0.6502400416155976, 0.625109450495136, 0.625109450495136, 0.6231644946279498, 0.6207237107096482, 0.6207237107096482, 0.6201783319581926, 0.6186415222827557, 0.6118984208258418, 0.5628766893655299, 0.5039157689936984, 0.4990314471227211, 0.4965784020686762, 0.4922202773741434, 0.48733108441266293, 0.4820400848812394, 0.45000948616614944, 0.4178987556573551, 0.39061847238757863, 0.33239650941927257, 0.3211215915821848, 0.30700203449374, 0.2976478492702177, 0.2947218703783969, 0.29420137031918026, 0.2941211365957185, 0.29411187478928724, 0.2941065165285136, 0.29410518772713445, 0.2941033639939471, 0.29409994382156, 0.29408873047710327, 0.29403982081745295, 0.2938514269851312, 0.29358259849627755, 0.2933638795103727, 0.292875868927441, 0.2912439750002166, 0.2852819297901603, 0.27843949259750544, 0.2712571851105041, 0.27076853945606205, 0.27034462080002475, 0.2703430668068244, 0.2702865581890852, 0.2702490211009877, 0.27019984459415614, 0.2701314610429728, 0.2699511273529086, 0.2692372433959962, 0.26850893955897526, 0.26762644223932774, 0.2671863986278348, 0.26699977829278654, 0.2668578258944171, 0.2668274563513936, 0.2667995165356212, 0.266794495354291, 0.26679249754808676, 0.266792287381695, 0.2667922152014942, 0.2667922062315219, 0.26679219324637493, 0.2667921882696964, 0.2667921863540025, 0.2667921861418153, 0.26679218605438904, 0.2667921860285407]}, "9": {"maxiter": 1000, "fatol": 1e-05, "xatol": 1e-10, "duration": 0.32985925674438477, "fun": "0.26679218601719834", "nit": "829", "nfev": "1365", "status": "0", "success": "True", "message": "Optimization terminated successfully.", "x": "[ 0.75784975  0.11117022  5.71020338  1.44978483  2.52422971 -0.312369  ]", "final_simplex": "(array([[ 0.75784975,  0.11117022,  5.71020338,  1.44978483,  2.52422971,\n        -0.312369  ],\n       [ 0.75784975,  0.11117022,  5.71020338,  1.44978483,  2.52422971,\n        -0.312369  ],\n       [ 0.75784975,  0.11117022,  5.71020338,  1.44978483,  2.52422971,\n        -0.312369  ],\n       [ 0.75784975,  0.11117022,  5.71020338,  1.44978483,  2.52422971,\n        -0.312369  ],\n       [ 0.75784975,  0.11117022,  5.71020338,  1.44978483,  2.52422971,\n        -0.312369  ],\n       [ 0.75784975,  0.11117022,  5.71020338,  1.44978483,  2.52422971,\n        -0.312369  ],\n       [ 0.75784975,  0.11117022,  5.71020338,  1.44978483,  2.52422971,\n        -0.312369  ]]), array([0.26679219, 0.26679219, 0.26679219, 0.26679219, 0.26679219,\n       0.26679219, 0.26679219]))", "callback": [0.7168989343560952, 0.6502400416155976, 0.625109450495136, 0.625109450495136, 0.6231644946279498, 0.6207237107096482, 0.6207237107096482, 0.6201783319581926, 0.6186415222827557, 0.6118984208258418, 0.5628766893655299, 0.5039157689936984, 0.4990314471227211, 0.4965784020686762, 0.4922202773741434, 0.48733108441266293, 0.4820400848812394, 0.45000948616614944, 0.4178987556573551, 0.39061847238757863, 0.33239650941927257, 0.3211215915821848, 0.30700203449374, 0.2976478492702177, 0.2947218703783969, 0.29420137031918026, 0.2941211365957185, 0.29411187478928724, 0.2941065165285136, 0.29410518772713445, 0.2941033639939471, 0.29409994382156, 0.29408873047710327, 0.29403982081745295, 0.2938514269851312, 0.29358259849627755, 0.2933638795103727, 0.292875868927441, 0.2912439750002166, 0.2852819297901603, 0.27843949259750544, 0.2712571851105041, 0.27076853945606205, 0.27034462080002475, 0.2703430668068244, 0.2702865581890852, 0.2702490211009877, 0.27019984459415614, 0.2701314610429728, 0.2699511273529086, 0.2692372433959962, 0.26850893955897526, 0.26762644223932774, 0.2671863986278348, 0.26699977829278654, 0.2668578258944171, 0.2668274563513936, 0.2667995165356212, 0.266794495354291, 0.26679249754808676, 0.266792287381695, 0.2667922152014942, 0.2667922062315219, 0.26679219324637493, 0.2667921882696964, 0.2667921863540025, 0.2667921861418153, 0.26679218605438904, 0.2667921860285407, 0.26679218602027255, 0.2667921860183512, 0.26679218601749366, 0.2667921860173008, 0.26679218601723553, 0.2667921860172139, 0.26679218601720367, 0.26679218601719945, 0.26679218601719945, 0.266792186017199, 0.26679218601719856, 0.26679218601719834, 0.26679218601719834]}, "10": {"maxiter": 1000, "fatol": 1e-10, "xatol": 1e-05, "duration": 0.25008296966552734, "fun": "0.2667921860226907", "nit": "698", "nfev": "1087", "status": "0", "success": "True", "message": "Optimization terminated successfully.", "x": "[ 0.75784923  0.11117232  5.71020307  1.4497922   2.52423038 -0.31237153]", "final_simplex": "(array([[ 0.75784923,  0.11117232,  5.71020307,  1.4497922 ,  2.52423038,\n        -0.31237153],\n       [ 0.75785282,  0.11117305,  5.71020421,  1.44979239,  2.52422599,\n        -0.31236775],\n       [ 0.75784949,  0.11116543,  5.71021106,  1.44978866,  2.52423048,\n        -0.31236544],\n       [ 0.75785384,  0.11117321,  5.71020556,  1.44978938,  2.52423428,\n        -0.31236774],\n       [ 0.75785777,  0.111173  ,  5.71020364,  1.44979468,  2.52423312,\n        -0.31236897],\n       [ 0.75785398,  0.11117422,  5.71019737,  1.44979656,  2.52423351,\n        -0.31236818],\n       [ 0.75785146,  0.11117005,  5.71020721,  1.44979749,  2.52422717,\n        -0.31236698]]), array([0.26679219, 0.26679219, 0.26679219, 0.26679219, 0.26679219,\n       0.26679219, 0.26679219]))", "callback": [0.7168989343560952, 0.6502400416155976, 0.625109450495136, 0.625109450495136, 0.6231644946279498, 0.6207237107096482, 0.6207237107096482, 0.6201783319581926, 0.6186415222827557, 0.6118984208258418, 0.5628766893655299, 0.5039157689936984, 0.4990314471227211, 0.4965784020686762, 0.4922202773741434, 0.48733108441266293, 0.4820400848812394, 0.45000948616614944, 0.4178987556573551, 0.39061847238757863, 0.33239650941927257, 0.3211215915821848, 0.30700203449374, 0.2976478492702177, 0.2947218703783969, 0.29420137031918026, 0.2941211365957185, 0.29411187478928724, 0.2941065165285136, 0.29410518772713445, 0.2941033639939471, 0.29409994382156, 0.29408873047710327, 0.29403982081745295, 0.2938514269851312, 0.29358259849627755, 0.2933638795103727, 0.292875868927441, 0.2912439750002166, 0.2852819297901603, 0.27843949259750544, 0.2712571851105041, 0.27076853945606205, 0.27034462080002475, 0.2703430668068244, 0.2702865581890852, 0.2702490211009877, 0.27019984459415614, 0.2701314610429728, 0.2699511273529086, 0.2692372433959962, 0.26850893955897526, 0.26762644223932774, 0.2671863986278348, 0.26699977829278654, 0.2668578258944171, 0.2668274563513936, 0.2667995165356212, 0.266794495354291, 0.26679249754808676, 0.266792287381695, 0.2667922152014942, 0.2667922062315219, 0.26679219324637493, 0.2667921882696964, 0.2667921863540025, 0.2667921861418153, 0.26679218605438904, 0.2667921860285407]}, "11": {"maxiter": 1000, "fatol": 1e-10, "xatol": 1e-10, "duration": 0.3133969306945801, "fun": "0.26679218601719834", "nit": "829", "nfev": "1365", "status": "0", "success": "True", "message": "Optimization terminated successfully.", "x": "[ 0.75784975  0.11117022  5.71020338  1.44978483  2.52422971 -0.312369  ]", "final_simplex": "(array([[ 0.75784975,  0.11117022,  5.71020338,  1.44978483,  2.52422971,\n        -0.312369  ],\n       [ 0.75784975,  0.11117022,  5.71020338,  1.44978483,  2.52422971,\n        -0.312369  ],\n       [ 0.75784975,  0.11117022,  5.71020338,  1.44978483,  2.52422971,\n        -0.312369  ],\n       [ 0.75784975,  0.11117022,  5.71020338,  1.44978483,  2.52422971,\n        -0.312369  ],\n       [ 0.75784975,  0.11117022,  5.71020338,  1.44978483,  2.52422971,\n        -0.312369  ],\n       [ 0.75784975,  0.11117022,  5.71020338,  1.44978483,  2.52422971,\n        -0.312369  ],\n       [ 0.75784975,  0.11117022,  5.71020338,  1.44978483,  2.52422971,\n        -0.312369  ]]), array([0.26679219, 0.26679219, 0.26679219, 0.26679219, 0.26679219,\n       0.26679219, 0.26679219]))", "callback": [0.7168989343560952, 0.6502400416155976, 0.625109450495136, 0.625109450495136, 0.6231644946279498, 0.6207237107096482, 0.6207237107096482, 0.6201783319581926, 0.6186415222827557, 0.6118984208258418, 0.5628766893655299, 0.5039157689936984, 0.4990314471227211, 0.4965784020686762, 0.4922202773741434, 0.48733108441266293, 0.4820400848812394, 0.45000948616614944, 0.4178987556573551, 0.39061847238757863, 0.33239650941927257, 0.3211215915821848, 0.30700203449374, 0.2976478492702177, 0.2947218703783969, 0.29420137031918026, 0.2941211365957185, 0.29411187478928724, 0.2941065165285136, 0.29410518772713445, 0.2941033639939471, 0.29409994382156, 0.29408873047710327, 0.29403982081745295, 0.2938514269851312, 0.29358259849627755, 0.2933638795103727, 0.292875868927441, 0.2912439750002166, 0.2852819297901603, 0.27843949259750544, 0.2712571851105041, 0.27076853945606205, 0.27034462080002475, 0.2703430668068244, 0.2702865581890852, 0.2702490211009877, 0.27019984459415614, 0.2701314610429728, 0.2699511273529086, 0.2692372433959962, 0.26850893955897526, 0.26762644223932774, 0.2671863986278348, 0.26699977829278654, 0.2668578258944171, 0.2668274563513936, 0.2667995165356212, 0.266794495354291, 0.26679249754808676, 0.266792287381695, 0.2667922152014942, 0.2667922062315219, 0.26679219324637493, 0.2667921882696964, 0.2667921863540025, 0.2667921861418153, 0.26679218605438904, 0.2667921860285407, 0.26679218602027255, 0.2667921860183512, 0.26679218601749366, 0.2667921860173008, 0.26679218601723553, 0.2667921860172139, 0.26679218601720367, 0.26679218601719945, 0.26679218601719945, 0.266792186017199, 0.26679218601719856, 0.26679218601719834, 0.26679218601719834]}}, "bfgs": {"type": "gradient", "0": {"maxiter": 100, "gtol": 1e-05, "xrtol": 1e-05, "eps": 1e-05, "duration": 0.0654149055480957, "fun": "0.26679218717977626", "jac": "[ 9.73675585e-06 -6.79273304e-06  6.37324638e-06  4.18793888e-06\n  2.42398324e-06 -5.16523491e-06]", "hess_inv": "[[  6.66057115   3.27699871  -5.86859739  -7.13121596  -0.48005705\n   -2.65458721]\n [  3.27699871  13.67406816 -10.84908267  -3.4082897    3.83448462\n   -1.46980553]\n [ -5.86859739 -10.84908267  14.97262989   6.72644666  -1.40823039\n    3.21854141]\n [ -7.13121596  -3.4082897    6.72644666  16.32895429   4.02707039\n    4.27394661]\n [ -0.48005705   3.83448462  -1.40823039   4.02707039   7.05628544\n    0.72557669]\n [ -2.65458721  -1.46980553   3.21854141   4.27394661   0.72557669\n    4.49571203]]", "nfev": "280", "njev": "40", "status": "0", "success": "True", "message": "Optimization terminated successfully.", "x": "[0.75782855 0.11098725 5.71038065 4.83345584 5.66580158 2.82923157]", "nit": "32", "callback": [0.3354128564344324, 0.2790493004289658, 0.2667939263375335]}, "1": {"maxiter": 100, "gtol": 1e-05, "xrtol": 1e-05, "eps": 1e-10, "duration": 0.0648798942565918, "fun": "0.2667921875262781", "jac": "[ 8.88178346e-06 -8.88178469e-06  5.55111466e-06  2.22044587e-06\n  1.11022293e-06 -6.66133760e-06]", "hess_inv": "[[  6.66325868   3.27120983  -5.87319356  -7.13101073  -0.48546987\n   -2.65267584]\n [  3.27120983  13.6780442  -10.85893558  -3.39697701   3.83313616\n   -1.45865484]\n [ -5.87319356 -10.85893558  14.98314309   6.72428362  -1.40766107\n    3.20972906]\n [ -7.13101073  -3.39697701   6.72428362  16.3279305    4.03929729\n    4.26648508]\n [ -0.48546987   3.83313616  -1.40766107   4.03929729   7.06097847\n    0.73140732]\n [ -2.65267584  -1.45865484   3.20972906   4.26648508   0.73140732\n    4.48432527]]", "nfev": "280", "njev": "40", "status": "0", "success": "True", "message": "Optimization terminated successfully.", "x": "[0.75780954 0.11096002 5.71041853 4.8334928  5.66581004 2.82924878]", "nit": "32", "callback": [0.3354080209610587, 0.2790262574589977, 0.26679392073295316]}, "2": {"maxiter": 100, "gtol": 1e-05, "xrtol": 1e-10, "eps": 1e-05, "duration": 0.06474924087524414, "fun": "0.26679218717977626", "jac": "[ 9.73675585e-06 -6.79273304e-06  6.37324638e-06  4.18793888e-06\n  2.42398324e-06 -5.16523491e-06]", "hess_inv": "[[  6.66057115   3.27699871  -5.86859739  -7.13121596  -0.48005705\n   -2.65458721]\n [  3.27699871  13.67406816 -10.84908267  -3.4082897    3.83448462\n   -1.46980553]\n [ -5.86859739 -10.84908267  14.97262989   6.72644666  -1.40823039\n    3.21854141]\n [ -7.13121596  -3.4082897    6.72644666  16.32895429   4.02707039\n    4.27394661]\n [ -0.48005705   3.83448462  -1.40823039   4.02707039   7.05628544\n    0.72557669]\n [ -2.65458721  -1.46980553   3.21854141   4.27394661   0.72557669\n    4.49571203]]", "nfev": "280", "njev": "40", "status": "0", "success": "True", "message": "Optimization terminated successfully.", "x": "[0.75782855 0.11098725 5.71038065 4.83345584 5.66580158 2.82923157]", "nit": "32", "callback": [0.3354128564344324, 0.2790493004289658, 0.2667939263375335]}, "3": {"maxiter": 100, "gtol": 1e-05, "xrtol": 1e-10, "eps": 1e-10, "duration": 0.06523013114929199, "fun": "0.2667921875262781", "jac": "[ 8.88178346e-06 -8.88178469e-06  5.55111466e-06  2.22044587e-06\n  1.11022293e-06 -6.66133760e-06]", "hess_inv": "[[  6.66325868   3.27120983  -5.87319356  -7.13101073  -0.48546987\n   -2.65267584]\n [  3.27120983  13.6780442  -10.85893558  -3.39697701   3.83313616\n   -1.45865484]\n [ -5.87319356 -10.85893558  14.98314309   6.72428362  -1.40766107\n    3.20972906]\n [ -7.13101073  -3.39697701   6.72428362  16.3279305    4.03929729\n    4.26648508]\n [ -0.48546987   3.83313616  -1.40766107   4.03929729   7.06097847\n    0.73140732]\n [ -2.65267584  -1.45865484   3.20972906   4.26648508   0.73140732\n    4.48432527]]", "nfev": "280", "njev": "40", "status": "0", "success": "True", "message": "Optimization terminated successfully.", "x": "[0.75780954 0.11096002 5.71041853 4.8334928  5.66581004 2.82924878]", "nit": "32", "callback": [0.3354080209610587, 0.2790262574589977, 0.26679392073295316]}, "4": {"maxiter": 100, "gtol": 1e-10, "xrtol": 1e-05, "eps": 1e-05, "duration": 0.06773090362548828, "fun": "0.26679218605118127", "jac": "[ 2.94864133e-07 -3.68860498e-07 -9.04609720e-08 -4.95070651e-07\n  1.08946185e-07  1.68076664e-07]", "hess_inv": "[[  6.60298686   4.17349797  -6.82425113  -7.24718947  -0.57289909\n   -2.66944668]\n [  4.17349797  17.24688877 -15.50102328  -5.11522789   3.55083529\n   -2.54810216]\n [ -6.82425113 -15.50102328  20.58141355   8.8429317   -1.21987747\n    4.24972161]\n [ -7.24718947  -5.11522789   8.8429317   16.74268559   4.27361966\n    4.58647953]\n [ -0.57289909   3.55083529  -1.21987747   4.27361966   6.94291279\n    0.707404  ]\n [ -2.66944668  -2.54810216   4.24972161   4.58647953   0.707404\n    4.47629246]]", "nfev": "294", "njev": "42", "status": "0", "success": "True", "message": "Optimization terminated successfully.", "x": "[0.75785405 0.11116222 5.71019851 4.83337852 5.66580798 2.82921537]", "nit": "34", "callback": [0.3354128564344324, 0.2790493004289658, 0.2667939263375335]}, "5": {"maxiter": 100, "gtol": 1e-10, "xrtol": 1e-05, "eps": 1e-10, "duration": 0.06952381134033203, "fun": "0.2667921860552881", "jac": "[1.11022293e-06 2.22044617e-06 0.00000000e+00 4.44089173e-06\n 4.44089173e-06 4.44089173e-06]", "hess_inv": "[[  6.83910268   6.83250146  -9.03660256  -7.8023606    0.09086431\n   -2.60208138]\n [  6.83250146  23.24014837 -22.75067959 -10.42009145   2.85579702\n   -4.96504322]\n [ -9.03660256 -22.75067959  28.22050305  13.28331788  -1.45973625\n    5.94684585]\n [ -7.8023606  -10.42009145  13.28331788  18.19206897   3.11473751\n    4.51937284]\n [  0.09086431   2.85579702  -1.45973625   3.11473751   6.05152417\n   -0.21097764]\n [ -2.60208138  -4.96504322   5.94684585   4.51937284  -0.21097764\n    4.06246755]]", "nfev": "301", "njev": "43", "status": "0", "success": "True", "message": "Optimization terminated successfully.", "x": "[0.75784246 0.11118158 5.71020556 4.8334157  5.66583964 2.82923261]", "nit": "34", "callback": [0.3354080209610587, 0.2790262574589977, 0.26679392073295316]}, "6": {"maxiter": 100, "gtol": 1e-10, "xrtol": 1e-10, "eps": 1e-05, "duration": 0.1061098575592041, "fun": "0.2667921860411697", "jac": "[-4.48530102e-08  6.40931752e-08  1.68420833e-08 -4.33431069e-08\n -1.94178007e-08  8.90509888e-08]", "hess_inv": "[[  6.36602775   3.89675619  -5.79959281  -7.13404356  -0.24662323\n   -2.1231633 ]\n [  3.89675619  17.27363671 -15.485028    -4.40671894   3.70289789\n   -2.57702261]\n [ -5.79959281 -15.485028    19.5523751    6.89241723  -1.97383647\n    3.66437546]\n [ -7.13404356  -4.40671894   6.89241723  17.23632883   3.83678344\n    3.62040672]\n [ -0.24662323   3.70289789  -1.97383647   3.83678344   6.62049685\n    0.29752034]\n [ -2.1231633   -2.57702261   3.66437546   3.62040672   0.29752034\n    4.10293468]]", "nfev": "466", "njev": "65", "status": "2", "success": "False", "message": "Desired error not necessarily achieved due to precision loss.", "x": "[0.75784993 0.11116445 5.71019895 4.83338678 5.66581032 2.82921664]", "nit": "35", "callback": [0.3354128564344324, 0.2790493004289658, 0.2667939263375335]}, "7": {"maxiter": 100, "gtol": 1e-10, "xrtol": 1e-10, "eps": 1e-10, "duration": 0.09794998168945312, "fun": "0.266792186027086", "jac": "[ 0.00000000e+00 -1.11022309e-06 -1.11022293e-06 -1.11022293e-06\n  2.22044587e-06  0.00000000e+00]", "hess_inv": "[[ 1.43093871 -0.77443975 -0.07609501 -0.40411685  0.16254237  0.16693664]\n [-0.77443975  4.1679265  -3.47656311 -4.42062188 -1.71937278 -2.11837259]\n [-0.07609501 -3.47656311  7.00410377  7.71387482  4.12090637  3.16831007]\n [-0.40411685 -4.42062188  7.71387482 11.92158307  5.26287493  4.25764764]\n [ 0.16254237 -1.71937278  4.12090637  5.26287493  4.47543688  0.96195799]\n [ 0.16693664 -2.11837259  3.16831007  4.25764764  0.96195799  3.67307465]]", "nfev": "427", "njev": "61", "status": "0", "success": "True", "message": "Optimization terminated successfully.", "x": "[0.75785589 0.1111767  5.71019217 4.83339811 5.66582939 2.82922182]", "nit": "40", "callback": [0.3354080209610587, 0.2790262574589977, 0.26679392073295316, 0.266792186027086]}, "8": {"maxiter": 500, "gtol": 1e-05, "xrtol": 1e-05, "eps": 1e-05, "duration": 0.06397891044616699, "fun": "0.26679218717977626", "jac": "[ 9.73675585e-06 -6.79273304e-06  6.37324638e-06  4.18793888e-06\n  2.42398324e-06 -5.16523491e-06]", "hess_inv": "[[  6.66057115   3.27699871  -5.86859739  -7.13121596  -0.48005705\n   -2.65458721]\n [  3.27699871  13.67406816 -10.84908267  -3.4082897    3.83448462\n   -1.46980553]\n [ -5.86859739 -10.84908267  14.97262989   6.72644666  -1.40823039\n    3.21854141]\n [ -7.13121596  -3.4082897    6.72644666  16.32895429   4.02707039\n    4.27394661]\n [ -0.48005705   3.83448462  -1.40823039   4.02707039   7.05628544\n    0.72557669]\n [ -2.65458721  -1.46980553   3.21854141   4.27394661   0.72557669\n    4.49571203]]", "nfev": "280", "njev": "40", "status": "0", "success": "True", "message": "Optimization terminated successfully.", "x": "[0.75782855 0.11098725 5.71038065 4.83345584 5.66580158 2.82923157]", "nit": "32", "callback": [0.3354128564344324, 0.2790493004289658, 0.2667939263375335]}, "9": {"maxiter": 500, "gtol": 1e-05, "xrtol": 1e-05, "eps": 1e-10, "duration": 0.06299281120300293, "fun": "0.2667921875262781", "jac": "[ 8.88178346e-06 -8.88178469e-06  5.55111466e-06  2.22044587e-06\n  1.11022293e-06 -6.66133760e-06]", "hess_inv": "[[  6.66325868   3.27120983  -5.87319356  -7.13101073  -0.48546987\n   -2.65267584]\n [  3.27120983  13.6780442  -10.85893558  -3.39697701   3.83313616\n   -1.45865484]\n [ -5.87319356 -10.85893558  14.98314309   6.72428362  -1.40766107\n    3.20972906]\n [ -7.13101073  -3.39697701   6.72428362  16.3279305    4.03929729\n    4.26648508]\n [ -0.48546987   3.83313616  -1.40766107   4.03929729   7.06097847\n    0.73140732]\n [ -2.65267584  -1.45865484   3.20972906   4.26648508   0.73140732\n    4.48432527]]", "nfev": "280", "njev": "40", "status": "0", "success": "True", "message": "Optimization terminated successfully.", "x": "[0.75780954 0.11096002 5.71041853 4.8334928  5.66581004 2.82924878]", "nit": "32", "callback": [0.3354080209610587, 0.2790262574589977, 0.26679392073295316]}, "10": {"maxiter": 500, "gtol": 1e-05, "xrtol": 1e-10, "eps": 1e-05, "duration": 0.06357216835021973, "fun": "0.26679218717977626", "jac": "[ 9.73675585e-06 -6.79273304e-06  6.37324638e-06  4.18793888e-06\n  2.42398324e-06 -5.16523491e-06]", "hess_inv": "[[  6.66057115   3.27699871  -5.86859739  -7.13121596  -0.48005705\n   -2.65458721]\n [  3.27699871  13.67406816 -10.84908267  -3.4082897    3.83448462\n   -1.46980553]\n [ -5.86859739 -10.84908267  14.97262989   6.72644666  -1.40823039\n    3.21854141]\n [ -7.13121596  -3.4082897    6.72644666  16.32895429   4.02707039\n    4.27394661]\n [ -0.48005705   3.83448462  -1.40823039   4.02707039   7.05628544\n    0.72557669]\n [ -2.65458721  -1.46980553   3.21854141   4.27394661   0.72557669\n    4.49571203]]", "nfev": "280", "njev": "40", "status": "0", "success": "True", "message": "Optimization terminated successfully.", "x": "[0.75782855 0.11098725 5.71038065 4.83345584 5.66580158 2.82923157]", "nit": "32", "callback": [0.3354128564344324, 0.2790493004289658, 0.2667939263375335]}, "11": {"maxiter": 500, "gtol": 1e-05, "xrtol": 1e-10, "eps": 1e-10, "duration": 0.06426811218261719, "fun": "0.2667921875262781", "jac": "[ 8.88178346e-06 -8.88178469e-06  5.55111466e-06  2.22044587e-06\n  1.11022293e-06 -6.66133760e-06]", "hess_inv": "[[  6.66325868   3.27120983  -5.87319356  -7.13101073  -0.48546987\n   -2.65267584]\n [  3.27120983  13.6780442  -10.85893558  -3.39697701   3.83313616\n   -1.45865484]\n [ -5.87319356 -10.85893558  14.98314309   6.72428362  -1.40766107\n    3.20972906]\n [ -7.13101073  -3.39697701   6.72428362  16.3279305    4.03929729\n    4.26648508]\n [ -0.48546987   3.83313616  -1.40766107   4.03929729   7.06097847\n    0.73140732]\n [ -2.65267584  -1.45865484   3.20972906   4.26648508   0.73140732\n    4.48432527]]", "nfev": "280", "njev": "40", "status": "0", "success": "True", "message": "Optimization terminated successfully.", "x": "[0.75780954 0.11096002 5.71041853 4.8334928  5.66581004 2.82924878]", "nit": "32", "callback": [0.3354080209610587, 0.2790262574589977, 0.26679392073295316]}, "12": {"maxiter": 500, "gtol": 1e-10, "xrtol": 1e-05, "eps": 1e-05, "duration": 0.06630825996398926, "fun": "0.26679218605118127", "jac": "[ 2.94864133e-07 -3.68860498e-07 -9.04609720e-08 -4.95070651e-07\n  1.08946185e-07  1.68076664e-07]", "hess_inv": "[[  6.60298686   4.17349797  -6.82425113  -7.24718947  -0.57289909\n   -2.66944668]\n [  4.17349797  17.24688877 -15.50102328  -5.11522789   3.55083529\n   -2.54810216]\n [ -6.82425113 -15.50102328  20.58141355   8.8429317   -1.21987747\n    4.24972161]\n [ -7.24718947  -5.11522789   8.8429317   16.74268559   4.27361966\n    4.58647953]\n [ -0.57289909   3.55083529  -1.21987747   4.27361966   6.94291279\n    0.707404  ]\n [ -2.66944668  -2.54810216   4.24972161   4.58647953   0.707404\n    4.47629246]]", "nfev": "294", "njev": "42", "status": "0", "success": "True", "message": "Optimization terminated successfully.", "x": "[0.75785405 0.11116222 5.71019851 4.83337852 5.66580798 2.82921537]", "nit": "34", "callback": [0.3354128564344324, 0.2790493004289658, 0.2667939263375335]}, "13": {"maxiter": 500, "gtol": 1e-10, "xrtol": 1e-05, "eps": 1e-10, "duration": 0.06888389587402344, "fun": "0.2667921860552881", "jac": "[1.11022293e-06 2.22044617e-06 0.00000000e+00 4.44089173e-06\n 4.44089173e-06 4.44089173e-06]", "hess_inv": "[[  6.83910268   6.83250146  -9.03660256  -7.8023606    0.09086431\n   -2.60208138]\n [  6.83250146  23.24014837 -22.75