particle_swarm hyperparameter info
===============================
maxiter = 100: median=0.3396452976866427,    min=0.00012071690900516963,  max=0.8585696903778697,  std=0.17598341043826224
maxiter = 500: median=0.3386889096020461,    min=0.00012071690900494758,  max=0.8530893754710911,  std=0.17687106401312194
maxiter = 1000: median=0.339704658318266,    min=0.00012071690900472554,  max=0.8783485487202783,  std=0.1779214870716019
===============================
ftol = 1e-05: median=0.3386822212565802,    min=0.00012071690971993121,  max=0.8783485487202783,  std=0.17683635417699634
ftol = 1e-10: median=0.3401692278323609,    min=0.00012071690900472554,  max=0.8729509774550722,  std=0.1770047424529922
===============================
n_particles = 10: median=0.35656725338441153,    min=0.00012071698954774224,  max=0.8783485487202783,  std=0.19512487085871721
n_particles = 30: median=0.33573912253633686,    min=0.00012071690900516963,  max=0.8168596213607991,  std=0.16995856665191755
n_particles = 60: median=0.32808669269620483,    min=0.00012071690900472554,  max=0.8039016776284191,  std=0.15929057622265685
===============================
c1_c2 = (0.5,0.5): median=0.37497261204475574,    min=0.000120716911605534,  max=0.8783485487202783,  std=0.19765436413690707
c1_c2 = (0.5,2): median=0.3016584506815369,    min=0.00012071690900472554,  max=0.6435165160141517,  std=0.12999872446242608
c1_c2 = (2,0.5): median=0.35521997795902566,    min=0.00021602433711276348,  max=0.8493955321256266,  std=0.17633162589921894
===============================
w = 0.5: median=0.3994545653607119,    min=0.00012071690900472554,  max=0.8783485487202783,  std=0.19129570228070364
w = 0.9: median=0.29976154802592514,    min=0.000120716911605534,  max=0.686669290399021,  std=0.12938866149852124
===============================
