bfgs hyperparameter info
===============================
maxiter = 100: mean=0.2850408713386738,    min=1.4164874055921928e-06,  max=0.7743596867872282,  std=0.16141861740452476
maxiter = 500: mean=0.2850408713386738,    min=1.4164874055921928e-06,  max=0.7743596867872282,  std=0.16141861740452476
maxiter = 1000: mean=0.2850408713386738,    min=1.4164874055921928e-06,  max=0.7743596867872282,  std=0.16141861740452476
===============================
gtol = 1e-05: mean=0.28504087142043594,    min=1.4164978601183265e-06,  max=0.7743596867872282,  std=0.16141861741831445
gtol = 1e-10: mean=0.2850408712569116,    min=1.4164874055921928e-06,  max=0.7743596865706747,  std=0.16141861739073504
===============================
xrtol = 1e-05: mean=0.28510369879533104,    min=1.4164874055921928e-06,  max=0.7743596867872282,  std=0.1615155089786749
xrtol = 1e-10: mean=0.28497804388201653,    min=1.4164874055921928e-06,  max=0.7743596867872282,  std=0.16132164316779588
===============================
eps = 1e-05: mean=0.2851036984339682,    min=1.4164874055921928e-06,  max=0.7743596867872282,  std=0.16151550922980934
eps = 1e-10: mean=0.28497804424337925,    min=1.4165092604434548e-06,  max=0.7743596867481857,  std=0.16132164291664108
===============================
