bfgs hyperparameter info
===============================
maxiter = 100: median=0.28930676579847475,    min=1.4164874055921928e-06,  max=0.7743596867872282,  std=0.16141861740452476
maxiter = 500: median=0.28930676579847475,    min=1.4164874055921928e-06,  max=0.7743596867872282,  std=0.16141861740452476
maxiter = 1000: median=0.28930676579847475,    min=1.4164874055921928e-06,  max=0.7743596867872282,  std=0.16141861740452476
===============================
gtol = 1e-05: median=0.28930676586112675,    min=1.4164978601183265e-06,  max=0.7743596867872282,  std=0.16141861741831445
gtol = 1e-10: median=0.28930676577914066,    min=1.4164874055921928e-06,  max=0.7743596865706747,  std=0.16141861739073504
===============================
xrtol = 1e-05: median=0.28930676579847475,    min=1.4164874055921928e-06,  max=0.7743596867872282,  std=0.16151550897867487
xrtol = 1e-10: median=0.28930676579745873,    min=1.4164874055921928e-06,  max=0.7743596867872282,  std=0.16132164316779588
===============================
eps = 1e-05: median=0.289306765798319,    min=1.4164874055921928e-06,  max=0.7743596867872282,  std=0.16151550922980937
eps = 1e-10: median=0.28930676584296444,    min=1.4165092604434548e-06,  max=0.7743596867481857,  std=0.16132164291664108
===============================
