conf_id=0
---
run_0
TV=14206.891
FD=21.389287
IGSD=[15.113,33.579,29.721,22.591,16.05,16.334]
SC_pos=0.277981698513031
SC_neg=0.722018301486969
SC_avg=-0.0008246460882103495
SC_std=0.005879403414422081
SC_avg_abs=0.003963924482011349
SC_std_abs=0.004419810898808874
---
combined
