{"date": "2024/10/27/, 01:16:31", "conf_id": 100, "data_type": "orthogonal\n", "num_data_points": 2, "s_rank": 0, "unitary": "[[-0.45070455-0.02711853j,0.78437395-0.06613086j,0.06358678+0.19963393j,-0.07343613+0.35668523j],[-0.01890143-0.03813363j,0.32408202+0.25557629j,0.05872864-0.68979805j,0.55466693-0.20227297j],[-0.11215405+0.64023111j,-0.13344055+0.29565494j,-0.49012687-0.19046288j,-0.04241254+0.44046348j],[0.55771659+0.24656916j,0.31851997-0.05798805j,0.28761525-0.34294258j,-0.56718418+0.03616933j]]", "databatch_0": {"databatch": "[[[-0.0823763+0.04345176j,-0.00422161-0.08898776j,0.01526461+0.06871786j,-0.0338251-0.00258671j],[-0.10665989-0.27842349j,0.28445977+0.02055755j,-0.22424808+0.02228182j,0.02113645-0.10652558j],[-0.33429391-0.07253016j,0.19844996-0.26016294j,-0.11949596+0.22927463j,-0.08898425-0.08721662j],[0.36314455+0.18808398j,-0.31025477+0.23827633j,0.20949337-0.22728247j,0.07545948+0.12843687j]],[[-0.24426318-0.08762688j,0.17500323-0.17604774j,-0.1125621+0.16062644j,-0.05830067-0.07440358j],[0.05674031+0.26446961j,-0.25212014-0.05814028j,0.20412696+0.01133306j,-0.03381842+0.09253888j],[-0.41228874+0.13325518j,0.05182666-0.4112122j,0.01499636+0.32714661j,-0.15295331-0.03890914j],[-0.21829976+0.07702029j,0.02184179-0.22035211j,0.01265309+0.17450656j,-0.08224022-0.01860901j]]]", "initial param values": "[3.72299766,3.90701198,1.78368661,0.28461202,1.15767073,0.21376244]", "nelder_mead": {"type": "gradient-free", "0": {"maxiter": 100, "fatol": 1e-05, "xatol": 1e-05, "duration": 0.13625240325927734, "fun": "0.1271302095033917", "nit": "100", "nfev": "166", "status": "2", "success": "False", "message": "Maximum number of iterations has been exceeded.", "x": "[0.55133982 7.25936983 0.63673369 0.10812242 3.17380966 0.29672016]", "final_simplex": "(array([[0.55133982, 7.25936983, 0.63673369, 0.10812242, 3.17380966,\n        0.29672016],\n       [0.50340724, 7.26028337, 0.62405293, 0.11877656, 3.1477589 ,\n        0.29141674],\n       [0.52803177, 7.188805  , 0.73676607, 0.09422285, 3.12251269,\n        0.30482956],\n       [0.55396195, 7.42219889, 0.51010749, 0.11956783, 3.27469782,\n        0.2882364 ],\n       [0.48891228, 7.26292876, 0.69910957, 0.08120897, 3.19393872,\n        0.3137889 ],\n       [0.53210333, 7.51613955, 0.43029124, 0.12381025, 3.30176968,\n        0.28317574],\n       [0.55929701, 7.32587818, 0.61080446, 0.12427763, 3.13389206,\n        0.28369707]]), array([0.12713021, 0.1271652 , 0.12718128, 0.12721267, 0.1274762 ,\n       0.12772973, 0.1278159 ]))", "callback": [0.6678288826376343, 0.4506703799278956, 0.409379746347312, 0.34463050195888867, 0.26897692872946544, 0.16830788213869452, 0.1541552125746961, 0.14891673924592363, 0.1410037845866603, 0.12747619761916817]}, "1": {"maxiter": 100, "fatol": 1e-05, "xatol": 1e-10, "duration": 0.12659955024719238, "fun": "0.1271302095033917", "nit": "100", "nfev": "166", "status": "2", "success": "False", "message": "Maximum number of iterations has been exceeded.", "x": "[0.55133982 7.25936983 0.63673369 0.10812242 3.17380966 0.29672016]", "final_simplex": "(array([[0.55133982, 7.25936983, 0.63673369, 0.10812242, 3.17380966,\n        0.29672016],\n       [0.50340724, 7.26028337, 0.62405293, 0.11877656, 3.1477589 ,\n        0.29141674],\n       [0.52803177, 7.188805  , 0.73676607, 0.09422285, 3.12251269,\n        0.30482956],\n       [0.55396195, 7.42219889, 0.51010749, 0.11956783, 3.27469782,\n        0.2882364 ],\n       [0.48891228, 7.26292876, 0.69910957, 0.08120897, 3.19393872,\n        0.3137889 ],\n       [0.53210333, 7.51613955, 0.43029124, 0.12381025, 3.30176968,\n        0.28317574],\n       [0.55929701, 7.32587818, 0.61080446, 0.12427763, 3.13389206,\n        0.28369707]]), array([0.12713021, 0.1271652 , 0.12718128, 0.12721267, 0.1274762 ,\n       0.12772973, 0.1278159 ]))", "callback": [0.6678288826376343, 0.4506703799278956, 0.409379746347312, 0.34463050195888867, 0.26897692872946544, 0.16830788213869452, 0.1541552125746961, 0.14891673924592363, 0.1410037845866603, 0.12747619761916817]}, "2": {"maxiter": 100, "fatol": 1e-10, "xatol": 1e-05, "duration": 0.12616705894470215, "fun": "0.1271302095033917", "nit": "100", "nfev": "166", "status": "2", "success": "False", "message": "Maximum number of iterations has been exceeded.", "x": "[0.55133982 7.25936983 0.63673369 0.10812242 3.17380966 0.29672016]", "final_simplex": "(array([[0.55133982, 7.25936983, 0.63673369, 0.10812242, 3.17380966,\n        0.29672016],\n       [0.50340724, 7.26028337, 0.62405293, 0.11877656, 3.1477589 ,\n        0.29141674],\n       [0.52803177, 7.188805  , 0.73676607, 0.09422285, 3.12251269,\n        0.30482956],\n       [0.55396195, 7.42219889, 0.51010749, 0.11956783, 3.27469782,\n        0.2882364 ],\n       [0.48891228, 7.26292876, 0.69910957, 0.08120897, 3.19393872,\n        0.3137889 ],\n       [0.53210333, 7.51613955, 0.43029124, 0.12381025, 3.30176968,\n        0.28317574],\n       [0.55929701, 7.32587818, 0.61080446, 0.12427763, 3.13389206,\n        0.28369707]]), array([0.12713021, 0.1271652 , 0.12718128, 0.12721267, 0.1274762 ,\n       0.12772973, 0.1278159 ]))", "callback": [0.6678288826376343, 0.4506703799278956, 0.409379746347312, 0.34463050195888867, 0.26897692872946544, 0.16830788213869452, 0.1541552125746961, 0.14891673924592363, 0.1410037845866603, 0.12747619761916817]}, "3": {"maxiter": 100, "fatol": 1e-10, "xatol": 1e-10, "duration": 0.16324591636657715, "fun": "0.1271302095033917", "nit": "100", "nfev": "166", "status": "2", "success": "False", "message": "Maximum number of iterations has been exceeded.", "x": "[0.55133982 7.25936983 0.63673369 0.10812242 3.17380966 0.29672016]", "final_simplex": "(array([[0.55133982, 7.25936983, 0.63673369, 0.10812242, 3.17380966,\n        0.29672016],\n       [0.50340724, 7.26028337, 0.62405293, 0.11877656, 3.1477589 ,\n        0.29141674],\n       [0.52803177, 7.188805  , 0.73676607, 0.09422285, 3.12251269,\n        0.30482956],\n       [0.55396195, 7.42219889, 0.51010749, 0.11956783, 3.27469782,\n        0.2882364 ],\n       [0.48891228, 7.26292876, 0.69910957, 0.08120897, 3.19393872,\n        0.3137889 ],\n       [0.53210333, 7.51613955, 0.43029124, 0.12381025, 3.30176968,\n        0.28317574],\n       [0.55929701, 7.32587818, 0.61080446, 0.12427763, 3.13389206,\n        0.28369707]]), array([0.12713021, 0.1271652 , 0.12718128, 0.12721267, 0.1274762 ,\n       0.12772973, 0.1278159 ]))", "callback": [0.6678288826376343, 0.4506703799278956, 0.409379746347312, 0.34463050195888867, 0.26897692872946544, 0.16830788213869452, 0.1541552125746961, 0.14891673924592363, 0.1410037845866603, 0.12747619761916817]}, "4": {"maxiter": 500, "fatol": 1e-05, "xatol": 1e-05, "duration": 0.6830952167510986, "fun": "0.10573621265944211", "nit": "500", "nfev": "776", "status": "2", "success": "False", "message": "Maximum number of iterations has been exceeded.", "x": "[ 0.74841902  6.36547752  1.33693972  0.6183803   4.01966987 -1.0849672 ]", "final_simplex": "(array([[ 0.74841902,  6.36547752,  1.33693972,  0.6183803 ,  4.01966987,\n        -1.0849672 ],\n       [ 0.74772825,  6.36631085,  1.33686543,  0.61770963,  4.02037877,\n        -1.08484742],\n       [ 0.74754815,  6.36746183,  1.33551451,  0.61773003,  4.02002404,\n        -1.0841566 ],\n       [ 0.74831063,  6.36627066,  1.33707731,  0.61816311,  4.01928041,\n        -1.0845266 ],\n       [ 0.74788131,  6.36721393,  1.33655939,  0.61710618,  4.01980763,\n        -1.08332122],\n       [ 0.74731193,  6.36689239,  1.33666049,  0.61766412,  4.01923983,\n        -1.08368673],\n       [ 0.74848769,  6.36618397,  1.33671858,  0.61875699,  4.02062835,\n        -1.08548096]]), array([0.10573621, 0.10573624, 0.10573626, 0.10573626, 0.10573626,\n       0.10573629, 0.10573629]))", "callback": [0.6678288826376343, 0.4506703799278956, 0.409379746347312, 0.34463050195888867, 0.26897692872946544, 0.16830788213869452, 0.1541552125746961, 0.14891673924592363, 0.1410037845866603, 0.12747619761916817, 0.12683993092048151, 0.12649239954756752, 0.12629750376413584, 0.12618095887588132, 0.12558562158189135, 0.12467620070280983, 0.12290295430761744, 0.12186201659105633, 0.12182983163179906, 0.12180269842456881, 0.12179612206071178, 0.12179493623468529, 0.12179452410433433, 0.12179378400987062, 0.12179218699702343, 0.12178619455095285, 0.12177604699606692, 0.1217575787809998, 0.12171769557712686, 0.12166573312514206, 0.12160959496491008, 0.12150735370525911, 0.12126894883558248, 0.1211863613352655, 0.12069053119639706, 0.11907531029510043, 0.1094115804966973, 0.1068396070965072, 0.10612323018455283, 0.10612323018455283, 0.10599793893698917, 0.10581639074511817, 0.10578480111968713, 0.1057608561051564, 0.10574432652361676, 0.10574182830671053, 0.10573790968840835, 0.1057371697866708, 0.10573660222300008, 0.10573626011944703]}, "5": {"maxiter": 500, "fatol": 1e-05, "xatol": 1e-10, "duration": 0.6644620895385742, "fun": "0.10573621265944211", "nit": "500", "nfev": "776", "status": "2", "success": "False", "message": "Maximum number of iterations has been exceeded.", "x": "[ 0.74841902  6.36547752  1.33693972  0.6183803   4.01966987 -1.0849672 ]", "final_simplex": "(array([[ 0.74841902,  6.36547752,  1.33693972,  0.6183803 ,  4.01966987,\n        -1.0849672 ],\n       [ 0.74772825,  6.36631085,  1.33686543,  0.61770963,  4.02037877,\n        -1.08484742],\n       [ 0.74754815,  6.36746183,  1.33551451,  0.61773003,  4.02002404,\n        -1.0841566 ],\n       [ 0.74831063,  6.36627066,  1.33707731,  0.61816311,  4.01928041,\n        -1.0845266 ],\n       [ 0.74788131,  6.36721393,  1.33655939,  0.61710618,  4.01980763,\n        -1.08332122],\n       [ 0.74731193,  6.36689239,  1.33666049,  0.61766412,  4.01923983,\n        -1.08368673],\n       [ 0.74848769,  6.36618397,  1.33671858,  0.61875699,  4.02062835,\n        -1.08548096]]), array([0.10573621, 0.10573624, 0.10573626, 0.10573626, 0.10573626,\n       0.10573629, 0.10573629]))", "callback": [0.6678288826376343, 0.4506703799278956, 0.409379746347312, 0.34463050195888867, 0.26897692872946544, 0.16830788213869452, 0.1541552125746961, 0.14891673924592363, 0.1410037845866603, 0.12747619761916817, 0.12683993092048151, 0.12649239954756752, 0.12629750376413584, 0.12618095887588132, 0.12558562158189135, 0.12467620070280983, 0.12290295430761744, 0.12186201659105633, 0.12182983163179906, 0.12180269842456881, 0.12179612206071178, 0.12179493623468529, 0.12179452410433433, 0.12179378400987062, 0.12179218699702343, 0.12178619455095285, 0.12177604699606692, 0.1217575787809998, 0.12171769557712686, 0.12166573312514206, 0.12160959496491008, 0.12150735370525911, 0.12126894883558248, 0.1211863613352655, 0.12069053119639706, 0.11907531029510043, 0.1094115804966973, 0.1068396070965072, 0.10612323018455283, 0.10612323018455283, 0.10599793893698917, 0.10581639074511817, 0.10578480111968713, 0.1057608561051564, 0.10574432652361676, 0.10574182830671053, 0.10573790968840835, 0.1057371697866708, 0.10573660222300008, 0.10573626011944703]}, "6": {"maxiter": 500, "fatol": 1e-10, "xatol": 1e-05, "duration": 0.6560781002044678, "fun": "0.10573621265944211", "nit": "500", "nfev": "776", "status": "2", "success": "False", "message": "Maximum number of iterations has been exceeded.", "x": "[ 0.74841902  6.36547752  1.33693972  0.6183803   4.01966987 -1.0849672 ]", "final_simplex": "(array([[ 0.74841902,  6.36547752,  1.33693972,  0.6183803 ,  4.01966987,\n        -1.0849672 ],\n       [ 0.74772825,  6.36631085,  1.33686543,  0.61770963,  4.02037877,\n        -1.08484742],\n       [ 0.74754815,  6.36746183,  1.33551451,  0.61773003,  4.02002404,\n        -1.0841566 ],\n       [ 0.74831063,  6.36627066,  1.33707731,  0.61816311,  4.01928041,\n        -1.0845266 ],\n       [ 0.74788131,  6.36721393,  1.33655939,  0.61710618,  4.01980763,\n        -1.08332122],\n       [ 0.74731193,  6.36689239,  1.33666049,  0.61766412,  4.01923983,\n        -1.08368673],\n       [ 0.74848769,  6.36618397,  1.33671858,  0.61875699,  4.02062835,\n        -1.08548096]]), array([0.10573621, 0.10573624, 0.10573626, 0.10573626, 0.10573626,\n       0.10573629, 0.10573629]))", "callback": [0.6678288826376343, 0.4506703799278956, 0.409379746347312, 0.34463050195888867, 0.26897692872946544, 0.16830788213869452, 0.1541552125746961, 0.14891673924592363, 0.1410037845866603, 0.12747619761916817, 0.12683993092048151, 0.12649239954756752, 0.12629750376413584, 0.12618095887588132, 0.12558562158189135, 0.12467620070280983, 0.12290295430761744, 0.12186201659105633, 0.12182983163179906, 0.12180269842456881, 0.12179612206071178, 0.12179493623468529, 0.12179452410433433, 0.12179378400987062, 0.12179218699702343, 0.12178619455095285, 0.12177604699606692, 0.1217575787809998, 0.12171769557712686, 0.12166573312514206, 0.12160959496491008, 0.12150735370525911, 0.12126894883558248, 0.1211863613352655, 0.12069053119639706, 0.11907531029510043, 0.1094115804966973, 0.1068396070965072, 0.10612323018455283, 0.10612323018455283, 0.10599793893698917, 0.10581639074511817, 0.10578480111968713, 0.1057608561051564, 0.10574432652361676, 0.10574182830671053, 0.10573790968840835, 0.1057371697866708, 0.10573660222300008, 0.10573626011944703]}, "7": {"maxiter": 500, "fatol": 1e-10, "xatol": 1e-10, "duration": 0.7339339256286621, "fun": "0.10573621265944211", "nit": "500", "nfev": "776", "status": "2", "success": "False", "message": "Maximum number of iterations has been exceeded.", "x": "[ 0.74841902  6.36547752  1.33693972  0.6183803   4.01966987 -1.0849672 ]", "final_simplex": "(array([[ 0.74841902,  6.36547752,  1.33693972,  0.6183803 ,  4.01966987,\n        -1.0849672 ],\n       [ 0.74772825,  6.36631085,  1.33686543,  0.61770963,  4.02037877,\n        -1.08484742],\n       [ 0.74754815,  6.36746183,  1.33551451,  0.61773003,  4.02002404,\n        -1.0841566 ],\n       [ 0.74831063,  6.36627066,  1.33707731,  0.61816311,  4.01928041,\n        -1.0845266 ],\n       [ 0.74788131,  6.36721393,  1.33655939,  0.61710618,  4.01980763,\n        -1.08332122],\n       [ 0.74731193,  6.36689239,  1.33666049,  0.61766412,  4.01923983,\n        -1.08368673],\n       [ 0.74848769,  6.36618397,  1.33671858,  0.61875699,  4.02062835,\n        -1.08548096]]), array([0.10573621, 0.10573624, 0.10573626, 0.10573626, 0.10573626,\n       0.10573629, 0.10573629]))", "callback": [0.6678288826376343, 0.4506703799278956, 0.409379746347312, 0.34463050195888867, 0.26897692872946544, 0.16830788213869452, 0.1541552125746961, 0.14891673924592363, 0.1410037845866603, 0.12747619761916817, 0.12683993092048151, 0.12649239954756752, 0.12629750376413584, 0.12618095887588132, 0.12558562158189135, 0.12467620070280983, 0.12290295430761744, 0.12186201659105633, 0.12182983163179906, 0.12180269842456881, 0.12179612206071178, 0.12179493623468529, 0.12179452410433433, 0.12179378400987062, 0.12179218699702343, 0.12178619455095285, 0.12177604699606692, 0.1217575787809998, 0.12171769557712686, 0.12166573312514206, 0.12160959496491008, 0.12150735370525911, 0.12126894883558248, 0.1211863613352655, 0.12069053119639706, 0.11907531029510043, 0.1094115804966973, 0.1068396070965072, 0.10612323018455283, 0.10612323018455283, 0.10599793893698917, 0.10581639074511817, 0.10578480111968713, 0.1057608561051564, 0.10574432652361676, 0.10574182830671053, 0.10573790968840835, 0.1057371697866708, 0.10573660222300008, 0.10573626011944703]}, "8": {"maxiter": 1000, "fatol": 1e-05, "xatol": 1e-05, "duration": 0.7229838371276855, "fun": "0.10573616259480978", "nit": "594", "nfev": "934", "status": "0", "success": "True", "message": "Optimization terminated successfully.", "x": "[ 0.7479803   6.36636994  1.33671283  0.61793599  4.01960789 -1.08399689]", "final_simplex": "(array([[ 0.7479803 ,  6.36636994,  1.33671283,  0.61793599,  4.01960789,\n        -1.08399689],\n       [ 0.74798176,  6.36637551,  1.33670779,  0.61793001,  4.01960173,\n        -1.08398989],\n       [ 0.74798655,  6.3663725 ,  1.33671134,  0.61793322,  4.01960849,\n        -1.08399698],\n       [ 0.7479843 ,  6.36637288,  1.33670616,  0.61793696,  4.01960814,\n        -1.08399562],\n       [ 0.74798975,  6.36636169,  1.33671599,  0.61793647,  4.01960578,\n        -1.08399989],\n       [ 0.74798761,  6.3663708 ,  1.3367059 ,  0.6179407 ,  4.01960231,\n        -1.08399972],\n       [ 0.74798317,  6.36637287,  1.33671197,  0.61793494,  4.01960015,\n        -1.08398819]]), array([0.10573616, 0.10573616, 0.10573616, 0.10573616, 0.10573616,\n       0.10573616, 0.10573616]))", "callback": [0.6678288826376343, 0.4506703799278956, 0.409379746347312, 0.34463050195888867, 0.26897692872946544, 0.16830788213869452, 0.1541552125746961, 0.14891673924592363, 0.1410037845866603, 0.12747619761916817, 0.12683993092048151, 0.12649239954756752, 0.12629750376413584, 0.12618095887588132, 0.12558562158189135, 0.12467620070280983, 0.12290295430761744, 0.12186201659105633, 0.12182983163179906, 0.12180269842456881, 0.12179612206071178, 0.12179493623468529, 0.12179452410433433, 0.12179378400987062, 0.12179218699702343, 0.12178619455095285, 0.12177604699606692, 0.1217575787809998, 0.12171769557712686, 0.12166573312514206, 0.12160959496491008, 0.12150735370525911, 0.12126894883558248, 0.1211863613352655, 0.12069053119639706, 0.11907531029510043, 0.1094115804966973, 0.1068396070965072, 0.10612323018455283, 0.10612323018455283, 0.10599793893698917, 0.10581639074511817, 0.10578480111968713, 0.1057608561051564, 0.10574432652361676, 0.10574182830671053, 0.10573790968840835, 0.1057371697866708, 0.10573660222300008, 0.10573626011944703, 0.10573619874938311, 0.1057361753795949, 0.10573616804787611, 0.10573616563893395, 0.10573616436832356, 0.1057361635065559, 0.105736162926929, 0.10573616261022112, 0.10573616261022112, 0.10573616259480978]}, "9": {"maxiter": 1000, "fatol": 1e-05, "xatol": 1e-10, "duration": 0.9359114170074463, "fun": "0.10573616258743779", "nit": "685", "nfev": "1146", "status": "0", "success": "True", "message": "Optimization terminated successfully.", "x": "[ 0.74798012  6.36637591  1.33670647  0.61793099  4.01961268 -1.08399963]", "final_simplex": "(array([[ 0.74798012,  6.36637591,  1.33670647,  0.61793099,  4.01961268,\n        -1.08399963],\n       [ 0.74798012,  6.36637591,  1.33670647,  0.61793099,  4.01961268,\n        -1.08399963],\n       [ 0.74798012,  6.36637591,  1.33670647,  0.61793099,  4.01961268,\n        -1.08399963],\n       [ 0.74798012,  6.36637591,  1.33670647,  0.61793099,  4.01961268,\n        -1.08399963],\n       [ 0.74798012,  6.36637591,  1.33670647,  0.61793099,  4.01961268,\n        -1.08399963],\n       [ 0.74798012,  6.36637591,  1.33670647,  0.61793099,  4.01961268,\n        -1.08399963],\n       [ 0.74798012,  6.36637591,  1.33670647,  0.61793099,  4.01961268,\n        -1.08399963]]), array([0.10573616, 0.10573616, 0.10573616, 0.10573616, 0.10573616,\n       0.10573616, 0.10573616]))", "callback": [0.6678288826376343, 0.4506703799278956, 0.409379746347312, 0.34463050195888867, 0.26897692872946544, 0.16830788213869452, 0.1541552125746961, 0.14891673924592363, 0.1410037845866603, 0.12747619761916817, 0.12683993092048151, 0.12649239954756752, 0.12629750376413584, 0.12618095887588132, 0.12558562158189135, 0.12467620070280983, 0.12290295430761744, 0.12186201659105633, 0.12182983163179906, 0.12180269842456881, 0.12179612206071178, 0.12179493623468529, 0.12179452410433433, 0.12179378400987062, 0.12179218699702343, 0.12178619455095285, 0.12177604699606692, 0.1217575787809998, 0.12171769557712686, 0.12166573312514206, 0.12160959496491008, 0.12150735370525911, 0.12126894883558248, 0.1211863613352655, 0.12069053119639706, 0.11907531029510043, 0.1094115804966973, 0.1068396070965072, 0.10612323018455283, 0.10612323018455283, 0.10599793893698917, 0.10581639074511817, 0.10578480111968713, 0.1057608561051564, 0.10574432652361676, 0.10574182830671053, 0.10573790968840835, 0.1057371697866708, 0.10573660222300008, 0.10573626011944703, 0.10573619874938311, 0.1057361753795949, 0.10573616804787611, 0.10573616563893395, 0.10573616436832356, 0.1057361635065559, 0.105736162926929, 0.10573616261022112, 0.10573616261022112, 0.10573616259480978, 0.10573616258953633, 0.1057361625876947, 0.10573616258747331, 0.10573616258745011, 0.10573616258744134, 0.1057361625874389, 0.10573616258743779, 0.10573616258743779, 0.10573616258743779]}, "10": {"maxiter": 1000, "fatol": 1e-10, "xatol": 1e-05, "duration": 0.9517741203308105, "fun": "0.10573616259480978", "nit": "594", "nfev": "934", "status": "0", "success": "True", "message": "Optimization terminated successfully.", "x": "[ 0.7479803   6.36636994  1.33671283  0.61793599  4.01960789 -1.08399689]", "final_simplex": "(array([[ 0.7479803 ,  6.36636994,  1.33671283,  0.61793599,  4.01960789,\n        -1.08399689],\n       [ 0.74798176,  6.36637551,  1.33670779,  0.61793001,  4.01960173,\n        -1.08398989],\n       [ 0.74798655,  6.3663725 ,  1.33671134,  0.61793322,  4.01960849,\n        -1.08399698],\n       [ 0.7479843 ,  6.36637288,  1.33670616,  0.61793696,  4.01960814,\n        -1.08399562],\n       [ 0.74798975,  6.36636169,  1.33671599,  0.61793647,  4.01960578,\n        -1.08399989],\n       [ 0.74798761,  6.3663708 ,  1.3367059 ,  0.6179407 ,  4.01960231,\n        -1.08399972],\n       [ 0.74798317,  6.36637287,  1.33671197,  0.61793494,  4.01960015,\n        -1.08398819]]), array([0.10573616, 0.10573616, 0.10573616, 0.10573616, 0.10573616,\n       0.10573616, 0.10573616]))", "callback": [0.6678288826376343, 0.4506703799278956, 0.409379746347312, 0.34463050195888867, 0.26897692872946544, 0.16830788213869452, 0.1541552125746961, 0.14891673924592363, 0.1410037845866603, 0.12747619761916817, 0.12683993092048151, 0.12649239954756752, 0.12629750376413584, 0.12618095887588132, 0.12558562158189135, 0.12467620070280983, 0.12290295430761744, 0.12186201659105633, 0.12182983163179906, 0.12180269842456881, 0.12179612206071178, 0.12179493623468529, 0.12179452410433433, 0.12179378400987062, 0.12179218699702343, 0.12178619455095285, 0.12177604699606692, 0.1217575787809998, 0.12171769557712686, 0.12166573312514206, 0.12160959496491008, 0.12150735370525911, 0.12126894883558248, 0.1211863613352655, 0.12069053119639706, 0.11907531029510043, 0.1094115804966973, 0.1068396070965072, 0.10612323018455283, 0.10612323018455283, 0.10599793893698917, 0.10581639074511817, 0.10578480111968713, 0.1057608561051564, 0.10574432652361676, 0.10574182830671053, 0.10573790968840835, 0.1057371697866708, 0.10573660222300008, 0.10573626011944703, 0.10573619874938311, 0.1057361753795949, 0.10573616804787611, 0.10573616563893395, 0.10573616436832356, 0.1057361635065559, 0.105736162926929, 0.10573616261022112, 0.10573616261022112, 0.10573616259480978]}, "11": {"maxiter": 1000, "fatol": 1e-10, "xatol": 1e-10, "duration": 0.9470522403717041, "fun": "0.10573616258743779", "nit": "685", "nfev": "1146", "status": "0", "success": "True", "message": "Optimization terminated successfully.", "x": "[ 0.74798012  6.36637591  1.33670647  0.61793099  4.01961268 -1.08399963]", "final_simplex": "(array([[ 0.74798012,  6.36637591,  1.33670647,  0.61793099,  4.01961268,\n        -1.08399963],\n       [ 0.74798012,  6.36637591,  1.33670647,  0.61793099,  4.01961268,\n        -1.08399963],\n       [ 0.74798012,  6.36637591,  1.33670647,  0.61793099,  4.01961268,\n        -1.08399963],\n       [ 0.74798012,  6.36637591,  1.33670647,  0.61793099,  4.01961268,\n        -1.08399963],\n       [ 0.74798012,  6.36637591,  1.33670647,  0.61793099,  4.01961268,\n        -1.08399963],\n       [ 0.74798012,  6.36637591,  1.33670647,  0.61793099,  4.01961268,\n        -1.08399963],\n       [ 0.74798012,  6.36637591,  1.33670647,  0.61793099,  4.01961268,\n        -1.08399963]]), array([0.10573616, 0.10573616, 0.10573616, 0.10573616, 0.10573616,\n       0.10573616, 0.10573616]))", "callback": [0.6678288826376343, 0.4506703799278956, 0.409379746347312, 0.34463050195888867, 0.26897692872946544, 0.16830788213869452, 0.1541552125746961, 0.14891673924592363, 0.1410037845866603, 0.12747619761916817, 0.12683993092048151, 0.12649239954756752, 0.12629750376413584, 0.12618095887588132, 0.12558562158189135, 0.12467620070280983, 0.12290295430761744, 0.12186201659105633, 0.12182983163179906, 0.12180269842456881, 0.12179612206071178, 0.12179493623468529, 0.12179452410433433, 0.12179378400987062, 0.12179218699702343, 0.12178619455095285, 0.12177604699606692, 0.1217575787809998, 0.12171769557712686, 0.12166573312514206, 0.12160959496491008, 0.12150735370525911, 0.12126894883558248, 0.1211863613352655, 0.12069053119639706, 0.11907531029510043, 0.1094115804966973, 0.1068396070965072, 0.10612323018455283, 0.10612323018455283, 0.10599793893698917, 0.10581639074511817, 0.10578480111968713, 0.1057608561051564, 0.10574432652361676, 0.10574182830671053, 0.10573790968840835, 0.1057371697866708, 0.10573660222300008, 0.10573626011944703, 0.10573619874938311, 0.1057361753795949, 0.10573616804787611, 0.10573616563893395, 0.10573616436832356, 0.1057361635065559, 0.105736162926929, 0.10573616261022112, 0.10573616261022112, 0.10573616259480978, 0.10573616258953633, 0.1057361625876947, 0.10573616258747331, 0.10573616258745011, 0.10573616258744134, 0.1057361625874389, 0.10573616258743779, 0.10573616258743779, 0.10573616258743779]}}, "bfgs": {"type": "gradient", "0": {"maxiter": 100, "gtol": 1e-05, "xrtol": 1e-05, "eps": 1e-05, "duration": 0.1709585189819336, "fun": "0.10573616262792462", "jac": "[-2.43394194e-07  1.01174624e-07 -2.46791476e-07 -3.28581606e-07\n -5.79536419e-08 -4.76174655e-08]", "hess_inv": "[[  6.34664492  -7.06472593   3.74879798  -4.22251345  -1.30773618\n   -5.59456518]\n [ -7.06472593  17.98251447 -11.29493268   6.32315245   2.5845698\n    8.98261954]\n [  3.74879798 -11.29493268  10.13693055  -2.76394883  -1.87400597\n   -4.2783695 ]\n [ -4.22251345   6.32315245  -2.76394883   7.75217726  -0.08515693\n    6.98381939]\n [ -1.30773618   2.5845698   -1.87400597  -0.08515693   7.58229946\n   -5.39703002]\n [ -5.59456518   8.98261954  -4.2783695    6.98381939  -5.39703002\n   16.11372667]]", "nfev": "217", "njev": "31", "status": "0", "success": "True", "message": "Optimization terminated successfully.", "x": "[ 0.74798866  6.36635495  1.33671116 -0.61795035  0.87801634  2.05757229]", "nit": "27", "callback": [0.6110601053388992, 0.5650608319666925, 0.3630464723502722, 0.31607066528347194, 0.2651695383718866, 0.2112059654593863, 0.17797717530379864, 0.14389018748725613, 0.13341438746088885, 0.1284366805512901, 0.12569083000887848, 0.1215791399850985, 0.11504209760798056, 0.11205106550955213, 0.109911350757802, 0.10893576097187885, 0.10793484450751056, 0.10730674654049976, 0.10678157983491476, 0.10648063721070367, 0.10610374166985748, 0.10584560877983828, 0.10574400096771097, 0.10573744970134547, 0.10573617151849679, 0.10573616324382829, 0.10573616262792462]}, "1": {"maxiter": 100, "gtol": 1e-05, "xrtol": 1e-05, "eps": 1e-10, "duration": 0.17309212684631348, "fun": "0.10573616275627395", "jac": "[ 6.66133760e-06  3.33066880e-06 -1.11022293e-06 -3.33066880e-06\n  0.00000000e+00 -3.33066880e-06]", "hess_inv": "[[ 7.71751759 -7.18963348  3.62528653 -4.84496203 -1.14635058 -6.68106719]\n [-7.18963348 14.98401362 -9.39281998  5.33520235  2.3180892   7.62770725]\n [ 3.62528653 -9.39281998  8.96527107 -2.04684185 -1.74499688 -3.24268349]\n [-4.84496203  5.33520235 -2.04684185  7.67814279 -0.26063252  6.99476588]\n [-1.14635058  2.3180892  -1.74499688 -0.26063252  7.58299702 -5.67164996]\n [-6.68106719  7.62770725 -3.24268349  6.99476588 -5.67164996 16.33749757]]", "nfev": "217", "njev": "31", "status": "0", "success": "True", "message": "Optimization terminated successfully.", "x": "[ 0.74802089  6.36635585  1.33671304 -0.61795752  0.87802106  2.05755322]", "nit": "27", "callback": [0.6110588775584753, 0.5650566940695132, 0.3630279679249442, 0.3160602229741587, 0.265169970699456, 0.21121410475137392, 0.17797756920288244, 0.14388729667024314, 0.13341385907079917, 0.12843357210547346, 0.12568804139672585, 0.12157394738659266, 0.11503460795190279, 0.11204507222335536, 0.10990910445527513, 0.10893301343144002, 0.10793494870421805, 0.1073055386642745, 0.10678113696528924, 0.10648033222022568, 0.10610319229224396, 0.10584564604271507, 0.10574416126520114, 0.10573741343196019, 0.10573617105417732, 0.10573616362567417, 0.10573616275627395]}, "2": {"maxiter": 100, "gtol": 1e-05, "xrtol": 1e-10, "eps": 1e-05, "duration": 0.16937804222106934, "fun": "0.10573616262792462", "jac": "[-2.43394194e-07  1.01174624e-07 -2.46791476e-07 -3.28581606e-07\n -5.79536419e-08 -4.76174655e-08]", "hess_inv": "[[  6.34664492  -7.06472593   3.74879798  -4.22251345  -1.30773618\n   -5.59456518]\n [ -7.06472593  17.98251447 -11.29493268   6.32315245   2.5845698\n    8.98261954]\n [  3.74879798 -11.29493268  10.13693055  -2.76394883  -1.87400597\n   -4.2783695 ]\n [ -4.22251345   6.32315245  -2.76394883   7.75217726  -0.08515693\n    6.98381939]\n [ -1.30773618   2.5845698   -1.87400597  -0.08515693   7.58229946\n   -5.39703002]\n [ -5.59456518   8.98261954  -4.2783695    6.98381939  -5.39703002\n   16.11372667]]", "nfev": "217", "njev": "31", "status": "0", "success": "True", "message": "Optimization terminated successfully.", "x": "[ 0.74798866  6.36635495  1.33671116 -0.61795035  0.87801634  2.05757229]", "nit": "27", "callback": [0.6110601053388992, 0.5650608319666925, 0.3630464723502722, 0.31607066528347194, 0.2651695383718866, 0.2112059654593863, 0.17797717530379864, 0.14389018748725613, 0.13341438746088885, 0.1284366805512901, 0.12569083000887848, 0.1215791399850985, 0.11504209760798056, 0.11205106550955213, 0.109911350757802, 0.10893576097187885, 0.10793484450751056, 0.10730674654049976, 0.10678157983491476, 0.10648063721070367, 0.10610374166985748, 0.10584560877983828, 0.10574400096771097, 0.10573744970134547, 0.10573617151849679, 0.10573616324382829, 0.10573616262792462]}, "3": {"maxiter": 100, "gtol": 1e-05, "xrtol": 1e-10, "eps": 1e-10, "duration": 0.24037551879882812, "fun": "0.10573616275627395", "jac": "[ 6.66133760e-06  3.33066880e-06 -1.11022293e-06 -3.33066880e-06\n  0.00000000e+00 -3.33066880e-06]", "hess_inv": "[[ 7.71751759 -7.18963348  3.62528653 -4.84496203 -1.14635058 -6.68106719]\n [-7.18963348 14.98401362 -9.39281998  5.33520235  2.3180892   7.62770725]\n [ 3.62528653 -9.39281998  8.96527107 -2.04684185 -1.74499688 -3.24268349]\n [-4.84496203  5.33520235 -2.04684185  7.67814279 -0.26063252  6.99476588]\n [-1.14635058  2.3180892  -1.74499688 -0.26063252  7.58299702 -5.67164996]\n [-6.68106719  7.62770725 -3.24268349  6.99476588 -5.67164996 16.33749757]]", "nfev": "217", "njev": "31", "status": "0", "success": "True", "message": "Optimization terminated successfully.", "x": "[ 0.74802089  6.36635585  1.33671304 -0.61795752  0.87802106  2.05755322]", "nit": "27", "callback": [0.6110588775584753, 0.5650566940695132, 0.3630279679249442, 0.3160602229741587, 0.265169970699456, 0.21121410475137392, 0.17797756920288244, 0.14388729667024314, 0.13341385907079917, 0.12843357210547346, 0.12568804139672585, 0.12157394738659266, 0.11503460795190279, 0.11204507222335536, 0.10990910445527513, 0.10893301343144002, 0.10793494870421805, 0.1073055386642745, 0.10678113696528924, 0.10648033222022568, 0.10610319229224396, 0.10584564604271507, 0.10574416126520114, 0.10573741343196019, 0.10573617105417732, 0.10573616362567417, 0.10573616275627395]}, "4": {"maxiter": 100, "gtol": 1e-10, "xrtol": 1e-05, "eps": 1e-05, "duration": 0.3526804447174072, "fun": "0.10573616262633567", "jac": "[ 1.06248343e-08  1.30007116e-08 -1.32449607e-08  7.20534743e-09\n  1.35447209e-09 -8.20454815e-09]", "hess_inv": "[[  6.47220003  -7.30696903   3.9669454   -4.20701358  -1.36089512\n   -5.64992081]\n [ -7.30696903  18.19527424 -11.47757892   6.3951168    2.60702896\n    9.10840973]\n [  3.9669454  -11.47757892  10.29303427  -2.83233595  -1.89141525\n   -4.39231497]\n [ -4.20701358   6.3951168   -2.83233595   7.71333413  -0.05967071\n    6.96938872]\n [ -1.36089512   2.60702896  -1.89141525  -0.05967071   7.57960515\n   -5.36761908]\n [ -5.64992081   9.10840973  -4.39231497   6.96938872  -5.36761908\n   16.13671618]]", "nfev": "224", "njev": "32", "status": "0", "success": "True", "message": "Optimization terminated successfully.", "x": "[ 0.74799022  6.36635119  1.33671458 -0.61794985  0.87801545  2.05757165]", "nit": "28", "callback": [0.6110601053388992, 0.5650608319666925, 0.3630464723502722, 0.31607066528347194, 0.2651695383718866, 0.2112059654593863, 0.17797717530379864, 0.14389018748725613, 0.13341438746088885, 0.1284366805512901, 0.12569083000887848, 0.1215791399850985, 0.11504209760798056, 0.11205106550955213, 0.109911350757802, 0.10893576097187885, 0.10793484450751056, 0.10730674654049976, 0.10678157983491476, 0.10648063721070367, 0.10610374166985748, 0.10584560877983828, 0.10574400096771097, 0.10573744970134547, 0.10573617151849679, 0.10573616324382829, 0.10573616262792462, 0.10573616262633567]}, "5": {"maxiter": 100, "gtol": 1e-10, "xrtol": 1e-05, "eps": 1e-10, "duration": 0.4461514949798584, "fun": "0.10573616262524443", "jac": "[3.33066880e-06 0.00000000e+00 2.22044587e-06 4.44089173e-06\n 0.00000000e+00 3.33066880e-06]", "hess_inv": "[[ 11.31598666 -11.76385125   6.23788126  -8.45534904  -2.54030974\n   -9.66331097]\n [-11.76385125  18.65399118 -10.7959239    9.70795924   1.98598905\n   13.24170693]\n [  6.23788126 -10.7959239    9.18658737  -4.37488153  -0.84419276\n   -7.00551192]\n [ -8.45534904   9.70795924  -4.37488153  11.52789355   1.00358173\n   10.25318254]\n [ -2.54030974   1.98598905  -0.84419276   1.00358173   6.08320842\n   -2.70199742]\n [ -9.66331097  13.24170693  -7.00551192  10.25318254  -2.70199742\n   17.28629801]]", "nfev": "287", "njev": "41", "status": "0", "success": "True", "message": "Optimization terminated successfully.", "x": "[ 0.74798407  6.36637094  1.33671658 -0.61791899  0.87800571  2.05761227]", "nit": "29", "callback": [0.6110588775584753, 0.5650566940695132, 0.3630279679249442, 0.3160602229741587, 0.265169970699456, 0.21121410475137392, 0.17797756920288244, 0.14388729667024314, 0.13341385907079917, 0.12843357210547346, 0.12568804139672585, 0.12157394738659266, 0.11503460795190279, 0.11204507222335536, 0.10990910445527513, 0.10893301343144002, 0.10793494870421805, 0.1073055386642745, 0.10678113696528924, 0.10648033222022568, 0.10610319229224396, 0.10584564604271507, 0.10574416126520114, 0.10573741343196019, 0.10573617105417732, 0.10573616362567417, 0.10573616275627395, 0.10573616262524455, 0.10573616262524443]}, "6": {"maxiter": 100, "gtol": 1e-10, "xrtol": 1e-10, "eps": 1e-05, "duration": 0.6365451812744141, "fun": "0.10573616262633567", "jac": "[ 1.06248343e-08  1.30007116e-08 -1.32449607e-08  7.20534743e-09\n  1.35447209e-09 -8.20454815e-09]", "hess_inv": "[[  6.53766158  -7.59078688   4.19638724  -4.2779993   -1.45781949\n   -5.67736496]\n [ -7.59078688  19.1827764  -12.30600216   6.52634361   2.91293308\n    9.22561804]\n [  4.19638724 -12.30600216  10.98335511  -2.96029695  -2.15287815\n   -4.48728813]\n [ -4.2779993    6.52634361  -2.96029695   7.66206687  -0.03761508\n    6.99785601]\n [ -1.45781949   2.91293308  -2.15287815  -0.03761508   7.66933399\n   -5.32782164]\n [ -5.67736496   9.22561804  -4.48728813   6.99785601  -5.32782164\n   16.14820886]]", "nfev": "404", "njev": "56", "status": "2", "success": "False", "message": "Desired error not necessarily achieved due to precision loss.", "x": "[ 0.74799022  6.36635119  1.33671458 -0.61794985  0.87801545  2.05757165]", "nit": "28", "callback": [0.6110601053388992, 0.5650608319666925, 0.3630464723502722, 0.31607066528347194, 0.2651695383718866, 0.2112059654593863, 0.17797717530379864, 0.14389018748725613, 0.13341438746088885, 0.1284366805512901, 0.12569083000887848, 0.1215791399850985, 0.11504209760798056, 0.11205106550955213, 0.109911350757802, 0.10893576097187885, 0.10793484450751056, 0.10730674654049976, 0.10678157983491476, 0.10648063721070367, 0.10610374166985748, 0.10584560877983828, 0.10574400096771097, 0.10573744970134547, 0.10573617151849679, 0.10573616324382829, 0.10573616262792462, 0.10573616262633567]}, "7": {"maxiter": 100, "gtol": 1e-10, "xrtol": 1e-10, "eps": 1e-10, "duration": 0.4558560848236084, "fun": "0.10573616262524377", "jac": "[1.11022293e-06 0.00000000e+00 0.00000000e+00 1.11022293e-06\n 0.00000000e+00 1.11022293e-06]", "hess_inv": "[[ 7.18668379 -6.46248039  4.66255076 -0.87166736 -3.57087397 -1.45191332]\n [-6.46248039 11.85501689 -8.71912954  0.11429272  3.20419554  2.8942369 ]\n [ 4.66255076 -8.71912954  8.9984865  -0.39794142 -2.03451754 -2.3931991 ]\n [-0.87166736  0.11429272 -0.39794142  0.4447605   0.80384409 -0.9436154 ]\n [-3.57087397  3.20419554 -2.03451754  0.80384409  7.3650933  -3.50943648]\n [-1.45191332  2.8942369  -2.3931991  -0.9436154  -3.50943648  6.26002145]]", "nfev": "301", "njev": "43", "status": "0", "success": "True", "message": "Optimization terminated successfully.", "x": "[ 0.74798407  6.36637094  1.33671658 -0.61791899  0.87800571  2.05761227]", "nit": "30", "callback": [0.6110588775584753, 0.5650566940695132, 0.3630279679249442, 0.3160602229741587, 0.265169970699456, 0.21121410475137392, 0.17797756920288244, 0.14388729667024314, 0.13341385907079917, 0.12843357210547346, 0.12568804139672585, 0.12157394738659266, 0.11503460795190279, 0.11204507222335536, 0.10990910445527513, 0.10893301343144002, 0.10793494870421805, 0.1073055386642745, 0.10678113696528924, 0.10648033222022568, 0.10610319229224396, 0.10584564604271507, 0.10574416126520114, 0.10573741343196019, 0.10573617105417732, 0.10573616362567417, 0.10573616275627395, 0.10573616262524455, 0.10573616262524443, 0.10573616262524377]}, "8": {"maxiter": 500, "gtol": 1e-05, "xrtol": 1e-05, "eps": 1e-05, "duration": 0.26317715644836426, "fun": "0.10573616262792462", "jac": "[-2.43394194e-07  1.01174624e-07 -2.46791476e-07 -3.28581606e-07\n -5.79536419e-08 -4.76174655e-08]", "hess_inv": "[[  6.34664492  -7.06472593   3.74879798  -4.22251345  -1.30773618\n   -5.59456518]\n [ -7.06472593  17.98251447 -11.29493268   6.32315245   2.5845698\n    8.98261954]\n [  3.74879798 -11.29493268  10.13693055  -2.76394883  -1.87400597\n   -4.2783695 ]\n [ -4.22251345   6.32315245  -2.76394883   7.75217726  -0.08515693\n    6.98381939]\n [ -1.30773618   2.5845698   -1.87400597  -0.08515693   7.58229946\n   -5.39703002]\n [ -5.59456518   8.98261954  -4.2783695    6.98381939  -5.39703002\n   16.11372667]]", "nfev": "217", "njev": "31", "status": "0", "success": "True", "message": "Optimization terminated successfully.", "x": "[ 0.74798866  6.36635495  1.33671116 -0.61795035  0.87801634  2.05757229]", "nit": "27", "callback": [0.6110601053388992, 0.5650608319666925, 0.3630464723502722, 0.31607066528347194, 0.2651695383718866, 0.2112059654593863, 0.17797717530379864, 0.14389018748725613, 0.13341438746088885, 0.1284366805512901, 0.12569083000887848, 0.1215791399850985, 0.11504209760798056, 0.11205106550955213, 0.109911350757802, 0.10893576097187885, 0.10793484450751056, 0.10730674654049976, 0.10678157983491476, 0.10648063721070367, 0.10610374166985748, 0.10584560877983828, 0.10574400096771097, 0.10573744970134547, 0.10573617151849679, 0.10573616324382829, 0.10573616262792462]}, "9": {"maxiter": 500, "gtol": 1e-05, "xrtol": 1e-05, "eps": 1e-10, "duration": 0.1682417392730713, "fun": "0.10573616275627395", "jac": "[ 6.66133760e-06  3.33066880e-06 -1.11022293e-06 -3.33066880e-06\n  0.00000000e+00 -3.33066880e-06]", "hess_inv": "[[ 7.71751759 -7.18963348  3.62528653 -4.84496203 -1.14635058 -6.68106719]\n [-7.18963348 14.98401362 -9.39281998  5.33520235  2.3180892   7.62770725]\n [ 3.62528653 -9.39281998  8.96527107 -2.04684185 -1.74499688 -3.24268349]\n [-4.84496203  5.33520235 -2.04684185  7.67814279 -0.26063252  6.99476588]\n [-1.14635058  2.3180892  -1.74499688 -0.26063252  7.58299702 -5.67164996]\n [-6.68106719  7.62770725 -3.24268349  6.99476588 -5.67164996 16.33749757]]", "nfev": "217", "njev": "31", "status": "0", "success": "True", "message": "Optimization termin