{"date": "2024/10/26/, 11:06:13", "conf_id": 63, "data_type": "random\n", "num_data_points": 4, "s_rank": 0, "unitary": "[[-0.53618537-0.34368723j,-0.12107031-0.46226139j,-0.07699282-0.46603512j,0.36022595-0.11472301j],[0.26026499-0.63450712j,-0.56616638+0.37832564j,-0.14988651+0.08458591j,0.10363514-0.16008501j],[-0.32580188-0.11070003j,-0.36476308-0.23593218j,0.02559343+0.41761608j,-0.25598305+0.6725303j],[0.07406738-0.0126433j,0.28513701+0.19483972j,-0.74939717-0.10299659j,0.29798249+0.46269921j]]", "databatch_0": {"databatch": "[[[-0.09285846+0.05749572j,0.10680975-0.07935786j,-0.46162775-0.17026263j,-0.0912946-0.41554024j],[-0.01442219-0.05677017j,0.02335235+0.06743331j,0.16157078-0.20862524j,0.22725964+0.02036051j],[0.04282089+0.00624384j,-0.05262655-0.00317182j,0.09657025+0.16934919j,-0.07827976+0.1492926j],[-0.04288818+0.08530167j,0.04328431-0.10796971j,-0.421789+0.08426049j,-0.25805088-0.26783778j]],[[0.11323112+0.05392199j,-0.00269359+0.17389576j,-0.021919-0.14516863j,-0.00095579-0.02051217j],[-0.15978981-0.05979432j,-0.01675409-0.2359978j,0.04674084+0.19417578j,0.00370226+0.02768809j],[-0.20210866+0.22890667j,-0.40524243-0.12285441j,0.3544952+0.04598865j,0.0486546+0.01151051j],[0.30506741+0.01792507j,0.15334588+0.39505863j,-0.18257465-0.3076392j,-0.02096328-0.04543226j]],[[0.29911361-0.0473401j,0.14124422-0.29519042j,0.0772148-0.0825331j,-0.15713529-0.48347289j],[-0.01873971+0.0042531j,-0.00770363+0.01928304j,-0.00454238+0.00554977j,0.0119788+0.02995152j],[-0.09361579-0.12865122j,-0.1718721+0.00443577j,-0.05706721-0.01641164j,-0.18868461+0.18903852j],[-0.09657705+0.26153897j,0.17352657+0.24627517j,0.03154129+0.09915514j,0.45901608+0.09135409j]],[[0.00174996-0.00700362j,0.00960092-0.00607667j,-0.00868976-0.00755342j,-0.00581322-0.01002961j],[-0.09103137+0.08042652j,-0.1910526-0.00727134j,0.04848+0.1875741j,-0.01501093+0.19448509j],[0.06952819-0.02243353j,0.10356491+0.04997117j,0.01840242-0.11505998j,0.05506326-0.10359504j],[-0.03780594-0.30774333j,0.29121984-0.39160415j,-0.46479845-0.16885729j,-0.38765103-0.31246641j]]]", "initial param values": "[3.72299766,3.90701198,1.78368661,0.28461202,1.15767073,0.21376244]", "nelder_mead": {"type": "gradient-free", "0": {"maxiter": 100, "fatol": 1e-05, "xatol": 1e-05, "duration": 0.25321292877197266, "fun": "0.4075561855872779", "nit": "100", "nfev": "152", "status": "2", "success": "False", "message": "Maximum number of iterations has been exceeded.", "x": "[4.8861886  3.09856329 0.91001538 0.40161442 0.12190672 0.29373671]", "final_simplex": "(array([[4.8861886 , 3.09856329, 0.91001538, 0.40161442, 0.12190672,\n        0.29373671],\n       [4.92504166, 3.12585111, 0.91410156, 0.3863919 , 0.11471175,\n        0.29781607],\n       [4.90497697, 3.05547521, 0.93892438, 0.38779423, 0.12206326,\n        0.27860089],\n       [4.8678294 , 3.05627903, 0.90248686, 0.37703218, 0.16846515,\n        0.29318933],\n       [4.85137182, 3.10748546, 0.94147414, 0.3746048 , 0.14778943,\n        0.28996497],\n       [4.88446064, 3.12051624, 0.92814583, 0.4001907 , 0.04461861,\n        0.27751662],\n       [4.92174481, 3.1146775 , 0.9626354 , 0.3705651 , 0.10241045,\n        0.28631946]]), array([0.40755619, 0.40822166, 0.40895028, 0.40905008, 0.40940095,\n       0.40950108, 0.40962221]))", "callback": [0.5416322288053215, 0.5327132501327749, 0.5032781508966295, 0.46188561013696816, 0.42240927702608566, 0.42240927702608566, 0.41635636002220155, 0.41115891640766145, 0.41090729420316685, 0.4098203643557319]}, "1": {"maxiter": 100, "fatol": 1e-05, "xatol": 1e-10, "duration": 0.23328518867492676, "fun": "0.4075561855872779", "nit": "100", "nfev": "152", "status": "2", "success": "False", "message": "Maximum number of iterations has been exceeded.", "x": "[4.8861886  3.09856329 0.91001538 0.40161442 0.12190672 0.29373671]", "final_simplex": "(array([[4.8861886 , 3.09856329, 0.91001538, 0.40161442, 0.12190672,\n        0.29373671],\n       [4.92504166, 3.12585111, 0.91410156, 0.3863919 , 0.11471175,\n        0.29781607],\n       [4.90497697, 3.05547521, 0.93892438, 0.38779423, 0.12206326,\n        0.27860089],\n       [4.8678294 , 3.05627903, 0.90248686, 0.37703218, 0.16846515,\n        0.29318933],\n       [4.85137182, 3.10748546, 0.94147414, 0.3746048 , 0.14778943,\n        0.28996497],\n       [4.88446064, 3.12051624, 0.92814583, 0.4001907 , 0.04461861,\n        0.27751662],\n       [4.92174481, 3.1146775 , 0.9626354 , 0.3705651 , 0.10241045,\n        0.28631946]]), array([0.40755619, 0.40822166, 0.40895028, 0.40905008, 0.40940095,\n       0.40950108, 0.40962221]))", "callback": [0.5416322288053215, 0.5327132501327749, 0.5032781508966295, 0.46188561013696816, 0.42240927702608566, 0.42240927702608566, 0.41635636002220155, 0.41115891640766145, 0.41090729420316685, 0.4098203643557319]}, "2": {"maxiter": 100, "fatol": 1e-10, "xatol": 1e-05, "duration": 0.24959540367126465, "fun": "0.4075561855872779", "nit": "100", "nfev": "152", "status": "2", "success": "False", "message": "Maximum number of iterations has been exceeded.", "x": "[4.8861886  3.09856329 0.91001538 0.40161442 0.12190672 0.29373671]", "final_simplex": "(array([[4.8861886 , 3.09856329, 0.91001538, 0.40161442, 0.12190672,\n        0.29373671],\n       [4.92504166, 3.12585111, 0.91410156, 0.3863919 , 0.11471175,\n        0.29781607],\n       [4.90497697, 3.05547521, 0.93892438, 0.38779423, 0.12206326,\n        0.27860089],\n       [4.8678294 , 3.05627903, 0.90248686, 0.37703218, 0.16846515,\n        0.29318933],\n       [4.85137182, 3.10748546, 0.94147414, 0.3746048 , 0.14778943,\n        0.28996497],\n       [4.88446064, 3.12051624, 0.92814583, 0.4001907 , 0.04461861,\n        0.27751662],\n       [4.92174481, 3.1146775 , 0.9626354 , 0.3705651 , 0.10241045,\n        0.28631946]]), array([0.40755619, 0.40822166, 0.40895028, 0.40905008, 0.40940095,\n       0.40950108, 0.40962221]))", "callback": [0.5416322288053215, 0.5327132501327749, 0.5032781508966295, 0.46188561013696816, 0.42240927702608566, 0.42240927702608566, 0.41635636002220155, 0.41115891640766145, 0.41090729420316685, 0.4098203643557319]}, "3": {"maxiter": 100, "fatol": 1e-10, "xatol": 1e-10, "duration": 0.24978256225585938, "fun": "0.4075561855872779", "nit": "100", "nfev": "152", "status": "2", "success": "False", "message": "Maximum number of iterations has been exceeded.", "x": "[4.8861886  3.09856329 0.91001538 0.40161442 0.12190672 0.29373671]", "final_simplex": "(array([[4.8861886 , 3.09856329, 0.91001538, 0.40161442, 0.12190672,\n        0.29373671],\n       [4.92504166, 3.12585111, 0.91410156, 0.3863919 , 0.11471175,\n        0.29781607],\n       [4.90497697, 3.05547521, 0.93892438, 0.38779423, 0.12206326,\n        0.27860089],\n       [4.8678294 , 3.05627903, 0.90248686, 0.37703218, 0.16846515,\n        0.29318933],\n       [4.85137182, 3.10748546, 0.94147414, 0.3746048 , 0.14778943,\n        0.28996497],\n       [4.88446064, 3.12051624, 0.92814583, 0.4001907 , 0.04461861,\n        0.27751662],\n       [4.92174481, 3.1146775 , 0.9626354 , 0.3705651 , 0.10241045,\n        0.28631946]]), array([0.40755619, 0.40822166, 0.40895028, 0.40905008, 0.40940095,\n       0.40950108, 0.40962221]))", "callback": [0.5416322288053215, 0.5327132501327749, 0.5032781508966295, 0.46188561013696816, 0.42240927702608566, 0.42240927702608566, 0.41635636002220155, 0.41115891640766145, 0.41090729420316685, 0.4098203643557319]}, "4": {"maxiter": 500, "fatol": 1e-05, "xatol": 1e-05, "duration": 1.027862548828125, "fun": "0.37486518266309266", "nit": "407", "nfev": "638", "status": "0", "success": "True", "message": "Optimization terminated successfully.", "x": "[ 5.1374505   3.1556072   0.42015803  1.09877999 -0.11497642  0.72580748]", "final_simplex": "(array([[ 5.1374505 ,  3.1556072 ,  0.42015803,  1.09877999, -0.11497642,\n         0.72580748],\n       [ 5.13745192,  3.15560388,  0.42015445,  1.09878486, -0.11497243,\n         0.7258044 ],\n       [ 5.13744641,  3.15560032,  0.42015779,  1.09878278, -0.11497511,\n         0.72580987],\n       [ 5.13744928,  3.15560616,  0.42015198,  1.09878471, -0.11497445,\n         0.72581032],\n       [ 5.13744832,  3.15560567,  0.42015226,  1.09878416, -0.11497373,\n         0.72580433],\n       [ 5.13745588,  3.15560425,  0.42016287,  1.09878489, -0.11498274,\n         0.72580815],\n       [ 5.1374418 ,  3.15560121,  0.420158  ,  1.09878229, -0.11497074,\n         0.72580403]]), array([0.37486518, 0.37486518, 0.37486518, 0.37486518, 0.37486518,\n       0.37486518, 0.37486518]))", "callback": [0.5416322288053215, 0.5327132501327749, 0.5032781508966295, 0.46188561013696816, 0.42240927702608566, 0.42240927702608566, 0.41635636002220155, 0.41115891640766145, 0.41090729420316685, 0.4098203643557319, 0.4075561855872779, 0.39967370466911334, 0.3902847919716649, 0.38290560406991436, 0.3822123020746715, 0.3817245926106406, 0.38149841348499214, 0.3812717056173277, 0.3811723292524174, 0.3803276336062411, 0.37971621671105127, 0.3795691165137376, 0.3792985446499956, 0.37906510054806475, 0.3785403429172156, 0.3780791093191782, 0.3770671770961356, 0.37596304249884005, 0.3750447045345059, 0.3748913454757543, 0.3748693679800328, 0.3748663648453543, 0.37486556701423945, 0.3748652698702618, 0.37486520297014736, 0.3748651973712278, 0.37486518660758994, 0.3748651832159984, 0.37486518282022163, 0.37486518269207014, 0.3748651826666213]}, "5": {"maxiter": 500, "fatol": 1e-05, "xatol": 1e-10, "duration": 1.2412819862365723, "fun": "0.3748651826602011", "nit": "500", "nfev": "787", "status": "2", "success": "False", "message": "Maximum number of iterations has been exceeded.", "x": "[ 5.13745172  3.15560997  0.42015719  1.09878545 -0.11497863  0.72580619]", "final_simplex": "(array([[ 5.13745172,  3.15560997,  0.42015719,  1.09878545, -0.11497863,\n         0.72580619],\n       [ 5.13745172,  3.15560985,  0.42015725,  1.09878545, -0.11497873,\n         0.72580628],\n       [ 5.13745173,  3.15560986,  0.42015725,  1.09878551, -0.11497869,\n         0.72580616],\n       [ 5.13745166,  3.15560991,  0.42015731,  1.09878531, -0.11497879,\n         0.72580624],\n       [ 5.13745182,  3.1556099 ,  0.4201573 ,  1.09878532, -0.11497883,\n         0.72580623],\n       [ 5.13745175,  3.15560999,  0.42015736,  1.09878544, -0.11497866,\n         0.7258061 ],\n       [ 5.13745152,  3.15560975,  0.42015735,  1.09878532, -0.11497846,\n         0.72580611]]), array([0.37486518, 0.37486518, 0.37486518, 0.37486518, 0.37486518,\n       0.37486518, 0.37486518]))", "callback": [0.5416322288053215, 0.5327132501327749, 0.5032781508966295, 0.46188561013696816, 0.42240927702608566, 0.42240927702608566, 0.41635636002220155, 0.41115891640766145, 0.41090729420316685, 0.4098203643557319, 0.4075561855872779, 0.39967370466911334, 0.3902847919716649, 0.38290560406991436, 0.3822123020746715, 0.3817245926106406, 0.38149841348499214, 0.3812717056173277, 0.3811723292524174, 0.3803276336062411, 0.37971621671105127, 0.3795691165137376, 0.3792985446499956, 0.37906510054806475, 0.3785403429172156, 0.3780791093191782, 0.3770671770961356, 0.37596304249884005, 0.3750447045345059, 0.3748913454757543, 0.3748693679800328, 0.3748663648453543, 0.37486556701423945, 0.3748652698702618, 0.37486520297014736, 0.3748651973712278, 0.37486518660758994, 0.3748651832159984, 0.37486518282022163, 0.37486518269207014, 0.3748651826666213, 0.3748651826620988, 0.37486518266109814, 0.37486518266072844, 0.37486518266050795, 0.3748651826603855, 0.3748651826602778, 0.37486518266023805, 0.37486518266022273, 0.37486518266020585]}, "6": {"maxiter": 500, "fatol": 1e-10, "xatol": 1e-05, "duration": 0.5041029453277588, "fun": "0.37486518266309266", "nit": "407", "nfev": "638", "status": "0", "success": "True", "message": "Optimization terminated successfully.", "x": "[ 5.1374505   3.1556072   0.42015803  1.09877999 -0.11497642  0.72580748]", "final_simplex": "(array([[ 5.1374505 ,  3.1556072 ,  0.42015803,  1.09877999, -0.11497642,\n         0.72580748],\n       [ 5.13745192,  3.15560388,  0.42015445,  1.09878486, -0.11497243,\n         0.7258044 ],\n       [ 5.13744641,  3.15560032,  0.42015779,  1.09878278, -0.11497511,\n         0.72580987],\n       [ 5.13744928,  3.15560616,  0.42015198,  1.09878471, -0.11497445,\n         0.72581032],\n       [ 5.13744832,  3.15560567,  0.42015226,  1.09878416, -0.11497373,\n         0.72580433],\n       [ 5.13745588,  3.15560425,  0.42016287,  1.09878489, -0.11498274,\n         0.72580815],\n       [ 5.1374418 ,  3.15560121,  0.420158  ,  1.09878229, -0.11497074,\n         0.72580403]]), array([0.37486518, 0.37486518, 0.37486518, 0.37486518, 0.37486518,\n       0.37486518, 0.37486518]))", "callback": [0.5416322288053215, 0.5327132501327749, 0.5032781508966295, 0.46188561013696816, 0.42240927702608566, 0.42240927702608566, 0.41635636002220155, 0.41115891640766145, 0.41090729420316685, 0.4098203643557319, 0.4075561855872779, 0.39967370466911334, 0.3902847919716649, 0.38290560406991436, 0.3822123020746715, 0.3817245926106406, 0.38149841348499214, 0.3812717056173277, 0.3811723292524174, 0.3803276336062411, 0.37971621671105127, 0.3795691165137376, 0.3792985446499956, 0.37906510054806475, 0.3785403429172156, 0.3780791093191782, 0.3770671770961356, 0.37596304249884005, 0.3750447045345059, 0.3748913454757543, 0.3748693679800328, 0.3748663648453543, 0.37486556701423945, 0.3748652698702618, 0.37486520297014736, 0.3748651973712278, 0.37486518660758994, 0.3748651832159984, 0.37486518282022163, 0.37486518269207014, 0.3748651826666213]}, "7": {"maxiter": 500, "fatol": 1e-10, "xatol": 1e-10, "duration": 0.7414216995239258, "fun": "0.3748651826602011", "nit": "500", "nfev": "787", "status": "2", "success": "False", "message": "Maximum number of iterations has been exceeded.", "x": "[ 5.13745172  3.15560997  0.42015719  1.09878545 -0.11497863  0.72580619]", "final_simplex": "(array([[ 5.13745172,  3.15560997,  0.42015719,  1.09878545, -0.11497863,\n         0.72580619],\n       [ 5.13745172,  3.15560985,  0.42015725,  1.09878545, -0.11497873,\n         0.72580628],\n       [ 5.13745173,  3.15560986,  0.42015725,  1.09878551, -0.11497869,\n         0.72580616],\n       [ 5.13745166,  3.15560991,  0.42015731,  1.09878531, -0.11497879,\n         0.72580624],\n       [ 5.13745182,  3.1556099 ,  0.4201573 ,  1.09878532, -0.11497883,\n         0.72580623],\n       [ 5.13745175,  3.15560999,  0.42015736,  1.09878544, -0.11497866,\n         0.7258061 ],\n       [ 5.13745152,  3.15560975,  0.42015735,  1.09878532, -0.11497846,\n         0.72580611]]), array([0.37486518, 0.37486518, 0.37486518, 0.37486518, 0.37486518,\n       0.37486518, 0.37486518]))", "callback": [0.5416322288053215, 0.5327132501327749, 0.5032781508966295, 0.46188561013696816, 0.42240927702608566, 0.42240927702608566, 0.41635636002220155, 0.41115891640766145, 0.41090729420316685, 0.4098203643557319, 0.4075561855872779, 0.39967370466911334, 0.3902847919716649, 0.38290560406991436, 0.3822123020746715, 0.3817245926106406, 0.38149841348499214, 0.3812717056173277, 0.3811723292524174, 0.3803276336062411, 0.37971621671105127, 0.3795691165137376, 0.3792985446499956, 0.37906510054806475, 0.3785403429172156, 0.3780791093191782, 0.3770671770961356, 0.37596304249884005, 0.3750447045345059, 0.3748913454757543, 0.3748693679800328, 0.3748663648453543, 0.37486556701423945, 0.3748652698702618, 0.37486520297014736, 0.3748651973712278, 0.37486518660758994, 0.3748651832159984, 0.37486518282022163, 0.37486518269207014, 0.3748651826666213, 0.3748651826620988, 0.37486518266109814, 0.37486518266072844, 0.37486518266050795, 0.3748651826603855, 0.3748651826602778, 0.37486518266023805, 0.37486518266022273, 0.37486518266020585]}, "8": {"maxiter": 1000, "fatol": 1e-05, "xatol": 1e-05, "duration": 0.5483942031860352, "fun": "0.37486518266309266", "nit": "407", "nfev": "638", "status": "0", "success": "True", "message": "Optimization terminated successfully.", "x": "[ 5.1374505   3.1556072   0.42015803  1.09877999 -0.11497642  0.72580748]", "final_simplex": "(array([[ 5.1374505 ,  3.1556072 ,  0.42015803,  1.09877999, -0.11497642,\n         0.72580748],\n       [ 5.13745192,  3.15560388,  0.42015445,  1.09878486, -0.11497243,\n         0.7258044 ],\n       [ 5.13744641,  3.15560032,  0.42015779,  1.09878278, -0.11497511,\n         0.72580987],\n       [ 5.13744928,  3.15560616,  0.42015198,  1.09878471, -0.11497445,\n         0.72581032],\n       [ 5.13744832,  3.15560567,  0.42015226,  1.09878416, -0.11497373,\n         0.72580433],\n       [ 5.13745588,  3.15560425,  0.42016287,  1.09878489, -0.11498274,\n         0.72580815],\n       [ 5.1374418 ,  3.15560121,  0.420158  ,  1.09878229, -0.11497074,\n         0.72580403]]), array([0.37486518, 0.37486518, 0.37486518, 0.37486518, 0.37486518,\n       0.37486518, 0.37486518]))", "callback": [0.5416322288053215, 0.5327132501327749, 0.5032781508966295, 0.46188561013696816, 0.42240927702608566, 0.42240927702608566, 0.41635636002220155, 0.41115891640766145, 0.41090729420316685, 0.4098203643557319, 0.4075561855872779, 0.39967370466911334, 0.3902847919716649, 0.38290560406991436, 0.3822123020746715, 0.3817245926106406, 0.38149841348499214, 0.3812717056173277, 0.3811723292524174, 0.3803276336062411, 0.37971621671105127, 0.3795691165137376, 0.3792985446499956, 0.37906510054806475, 0.3785403429172156, 0.3780791093191782, 0.3770671770961356, 0.37596304249884005, 0.3750447045345059, 0.3748913454757543, 0.3748693679800328, 0.3748663648453543, 0.37486556701423945, 0.3748652698702618, 0.37486520297014736, 0.3748651973712278, 0.37486518660758994, 0.3748651832159984, 0.37486518282022163, 0.37486518269207014, 0.3748651826666213]}, "9": {"maxiter": 1000, "fatol": 1e-05, "xatol": 1e-10, "duration": 0.8815336227416992, "fun": "0.37486518266019986", "nit": "557", "nfev": "936", "status": "0", "success": "True", "message": "Optimization terminated successfully.", "x": "[ 5.13745169  3.15560991  0.42015711  1.09878551 -0.11497856  0.72580627]", "final_simplex": "(array([[ 5.13745169,  3.15560991,  0.42015711,  1.09878551, -0.11497856,\n         0.72580627],\n       [ 5.13745169,  3.15560991,  0.42015711,  1.09878551, -0.11497856,\n         0.72580627],\n       [ 5.13745169,  3.15560991,  0.42015711,  1.09878551, -0.11497856,\n         0.72580627],\n       [ 5.13745169,  3.15560991,  0.42015711,  1.09878551, -0.11497856,\n         0.72580627],\n       [ 5.13745169,  3.15560991,  0.42015711,  1.09878551, -0.11497856,\n         0.72580627],\n       [ 5.13745169,  3.15560991,  0.42015711,  1.09878551, -0.11497856,\n         0.72580627],\n       [ 5.13745169,  3.15560991,  0.42015711,  1.09878551, -0.11497856,\n         0.72580627]]), array([0.37486518, 0.37486518, 0.37486518, 0.37486518, 0.37486518,\n       0.37486518, 0.37486518]))", "callback": [0.5416322288053215, 0.5327132501327749, 0.5032781508966295, 0.46188561013696816, 0.42240927702608566, 0.42240927702608566, 0.41635636002220155, 0.41115891640766145, 0.41090729420316685, 0.4098203643557319, 0.4075561855872779, 0.39967370466911334, 0.3902847919716649, 0.38290560406991436, 0.3822123020746715, 0.3817245926106406, 0.38149841348499214, 0.3812717056173277, 0.3811723292524174, 0.3803276336062411, 0.37971621671105127, 0.3795691165137376, 0.3792985446499956, 0.37906510054806475, 0.3785403429172156, 0.3780791093191782, 0.3770671770961356, 0.37596304249884005, 0.3750447045345059, 0.3748913454757543, 0.3748693679800328, 0.3748663648453543, 0.37486556701423945, 0.3748652698702618, 0.37486520297014736, 0.3748651973712278, 0.37486518660758994, 0.3748651832159984, 0.37486518282022163, 0.37486518269207014, 0.3748651826666213, 0.3748651826620988, 0.37486518266109814, 0.37486518266072844, 0.37486518266050795, 0.3748651826603855, 0.3748651826602778, 0.37486518266023805, 0.37486518266022273, 0.37486518266020585, 0.3748651826602011, 0.3748651826602005, 0.3748651826602002, 0.37486518266019986, 0.37486518266019986, 0.37486518266019986]}, "10": {"maxiter": 1000, "fatol": 1e-10, "xatol": 1e-05, "duration": 0.4992337226867676, "fun": "0.37486518266309266", "nit": "407", "nfev": "638", "status": "0", "success": "True", "message": "Optimization terminated successfully.", "x": "[ 5.1374505   3.1556072   0.42015803  1.09877999 -0.11497642  0.72580748]", "final_simplex": "(array([[ 5.1374505 ,  3.1556072 ,  0.42015803,  1.09877999, -0.11497642,\n         0.72580748],\n       [ 5.13745192,  3.15560388,  0.42015445,  1.09878486, -0.11497243,\n         0.7258044 ],\n       [ 5.13744641,  3.15560032,  0.42015779,  1.09878278, -0.11497511,\n         0.72580987],\n       [ 5.13744928,  3.15560616,  0.42015198,  1.09878471, -0.11497445,\n         0.72581032],\n       [ 5.13744832,  3.15560567,  0.42015226,  1.09878416, -0.11497373,\n         0.72580433],\n       [ 5.13745588,  3.15560425,  0.42016287,  1.09878489, -0.11498274,\n         0.72580815],\n       [ 5.1374418 ,  3.15560121,  0.420158  ,  1.09878229, -0.11497074,\n         0.72580403]]), array([0.37486518, 0.37486518, 0.37486518, 0.37486518, 0.37486518,\n       0.37486518, 0.37486518]))", "callback": [0.5416322288053215, 0.5327132501327749, 0.5032781508966295, 0.46188561013696816, 0.42240927702608566, 0.42240927702608566, 0.41635636002220155, 0.41115891640766145, 0.41090729420316685, 0.4098203643557319, 0.4075561855872779, 0.39967370466911334, 0.3902847919716649, 0.38290560406991436, 0.3822123020746715, 0.3817245926106406, 0.38149841348499214, 0.3812717056173277, 0.3811723292524174, 0.3803276336062411, 0.37971621671105127, 0.3795691165137376, 0.3792985446499956, 0.37906510054806475, 0.3785403429172156, 0.3780791093191782, 0.3770671770961356, 0.37596304249884005, 0.3750447045345059, 0.3748913454757543, 0.3748693679800328, 0.3748663648453543, 0.37486556701423945, 0.3748652698702618, 0.37486520297014736, 0.3748651973712278, 0.37486518660758994, 0.3748651832159984, 0.37486518282022163, 0.37486518269207014, 0.3748651826666213]}, "11": {"maxiter": 1000, "fatol": 1e-10, "xatol": 1e-10, "duration": 1.0042269229888916, "fun": "0.37486518266019986", "nit": "557", "nfev": "936", "status": "0", "success": "True", "message": "Optimization terminated successfully.", "x": "[ 5.13745169  3.15560991  0.42015711  1.09878551 -0.11497856  0.72580627]", "final_simplex": "(array([[ 5.13745169,  3.15560991,  0.42015711,  1.09878551, -0.11497856,\n         0.72580627],\n       [ 5.13745169,  3.15560991,  0.42015711,  1.09878551, -0.11497856,\n         0.72580627],\n       [ 5.13745169,  3.15560991,  0.42015711,  1.09878551, -0.11497856,\n         0.72580627],\n       [ 5.13745169,  3.15560991,  0.42015711,  1.09878551, -0.11497856,\n         0.72580627],\n       [ 5.13745169,  3.15560991,  0.42015711,  1.09878551, -0.11497856,\n         0.72580627],\n       [ 5.13745169,  3.15560991,  0.42015711,  1.09878551, -0.11497856,\n         0.72580627],\n       [ 5.13745169,  3.15560991,  0.42015711,  1.09878551, -0.11497856,\n         0.72580627]]), array([0.37486518, 0.37486518, 0.37486518, 0.37486518, 0.37486518,\n       0.37486518, 0.37486518]))", "callback": [0.5416322288053215, 0.5327132501327749, 0.5032781508966295, 0.46188561013696816, 0.42240927702608566, 0.42240927702608566, 0.41635636002220155, 0.41115891640766145, 0.41090729420316685, 0.4098203643557319, 0.4075561855872779, 0.39967370466911334, 0.3902847919716649, 0.38290560406991436, 0.3822123020746715, 0.3817245926106406, 0.38149841348499214, 0.3812717056173277, 0.3811723292524174, 0.3803276336062411, 0.37971621671105127, 0.3795691165137376, 0.3792985446499956, 0.37906510054806475, 0.3785403429172156, 0.3780791093191782, 0.3770671770961356, 0.37596304249884005, 0.3750447045345059, 0.3748913454757543, 0.3748693679800328, 0.3748663648453543, 0.37486556701423945, 0.3748652698702618, 0.37486520297014736, 0.3748651973712278, 0.37486518660758994, 0.3748651832159984, 0.37486518282022163, 0.37486518269207014, 0.3748651826666213, 0.3748651826620988, 0.37486518266109814, 0.37486518266072844, 0.37486518266050795, 0.3748651826603855, 0.3748651826602778, 0.37486518266023805, 0.37486518266022273, 0.37486518266020585, 0.3748651826602011, 0.3748651826602005, 0.3748651826602002, 0.37486518266019986, 0.37486518266019986, 0.37486518266019986]}}, "bfgs": {"type": "gradient", "0": {"maxiter": 100, "gtol": 1e-05, "xrtol": 1e-05, "eps": 1e-05, "duration": 0.23181986808776855, "fun": "0.37486518267163293", "jac": "[-3.94795308e-08  1.22557520e-07 -4.22606394e-07 -2.74891221e-08\n -1.11666232e-07 -4.26803037e-07]", "hess_inv": "[[ 9.00663759  5.32428154 -0.29676024  1.23111007 -6.40382434  0.26831492]\n [ 5.32428154 14.18665975 -1.10980916  1.17637779 -8.60637387 -1.15355251]\n [-0.29676024 -1.10980916  9.30953857 -5.54434003 -2.520167   -0.91104784]\n [ 1.23111007  1.17637779 -5.54434003  8.60893514  1.43368873  0.17798164]\n [-6.40382434 -8.60637387 -2.520167    1.43368873 15.87586992 -2.56571909]\n [ 0.26831492 -1.15355251 -0.91104784  0.17798164 -2.56571909  6.10134918]]", "nfev": "231", "njev": "33", "status": "0", "success": "True", "message": "Optimization terminated successfully.", "x": "[ 5.13744498  3.15560745  0.42015379  1.09878177 -0.11497632  0.72580072]", "nit": "32", "callback": [0.5263013890508762, 0.5088335307322047, 0.5038877559585092, 0.4950437596209595, 0.4836713778601732, 0.4809364008486374, 0.47622428228314695, 0.46850070721189385, 0.45844468712485986, 0.4479721138164947, 0.44128329426818635, 0.43728601802536393, 0.43337452069977467, 0.43153930046363054, 0.4284564095415434, 0.4231535068352348, 0.41487329662047734, 0.40708766580291667, 0.3986842336021038, 0.3863272526649215, 0.3806046583850602, 0.37922210240884, 0.3777575384562867, 0.3764668839940416, 0.37514776084102175, 0.37487769365877177, 0.3748690663519517, 0.37486708768416677, 0.37486573672511336, 0.374865203562737, 0.37486518320880147, 0.37486518267163293]}, "1": {"maxiter": 100, "gtol": 1e-05, "xrtol": 1e-05, "eps": 1e-10, "duration": 0.2584846019744873, "fun": "0.3748651827263392", "jac": "[2.22044587e-06 2.22044587e-06 1.11022293e-06 1.11022293e-06\n 0.00000000e+00 0.00000000e+00]", "hess_inv": "[[ 8.95692074  5.40640362 -0.40558701  1.25340329 -6.45614172  0.26842026]\n [ 5.40640362 14.25894959 -1.25696706  1.33710797 -8.58452552 -1.07128084]\n [-0.40558701 -1.25696706  9.56025827 -5.7239057  -2.49252462 -1.02946802]\n [ 1.25340329  1.33710797 -5.7239057   8.67348467  1.33337996  0.21490012]\n [-6.45614172 -8.58452552 -2.49252462  1.33337996 15.8107243  -2.61646134]\n [ 0.26842026 -1.07128084 -1.02946802  0.21490012 -2.61646134  6.122342  ]]", "nfev": "231", "njev": "33", "status": "0", "success": "True", "message": "Optimization terminated successfully.", "x": "[ 5.13748039  3.15564382  0.4201423   1.09879635 -0.11500444  0.72580839]", "nit": "32", "callback": [0.5263014464352868, 0.5088333203810878, 0.5038874572940468, 0.4950432820624677, 0.4836704333689925, 0.4809357366672605, 0.476223665998738, 0.46849990358946725, 0.4584448757337576, 0.44797251830306273, 0.4412832192542888, 0.4372886576243654, 0.43337541022278847, 0.43154056626223714, 0.42845815219897077, 0.4231566527164674, 0.414879047949259, 0.4070843141297309, 0.39867662743518095, 0.38631504921786664, 0.3806040255333464, 0.3792237867279662, 0.37775728394955144, 0.3764652182173922, 0.375142709078952, 0.3748776050247662, 0.37486896205996667, 0.3748670395370962, 0.3748657353318695, 0.3748652021642782, 0.37486518306152283, 0.3748651827263392]}, "2": {"maxiter": 100, "gtol": 1e-05, "xrtol": 1e-10, "eps": 1e-05, "duration": 0.1814126968383789, "fun": "0.37486518267163293", "jac": "[-3.94795308e-08  1.22557520e-07 -4.22606394e-07 -2.74891221e-08\n -1.11666232e-07 -4.26803037e-07]", "hess_inv": "[[ 9.00663759  5.32428154 -0.29676024  1.23111007 -6.40382434  0.26831492]\n [ 5.32428154 14.18665975 -1.10980916  1.17637779 -8.60637387 -1.15355251]\n [-0.29676024 -1.10980916  9.30953857 -5.54434003 -2.520167   -0.91104784]\n [ 1.23111007  1.17637779 -5.54434003  8.60893514  1.43368873  0.17798164]\n [-6.40382434 -8.60637387 -2.520167    1.43368873 15.87586992 -2.56571909]\n [ 0.26831492 -1.15355251 -0.91104784  0.17798164 -2.56571909  6.10134918]]", "nfev": "231", "njev": "33", "status": "0", "success": "True", "message": "Optimization terminated successfully.", "x": "[ 5.13744498  3.15560745  0.42015379  1.09878177 -0.11497632  0.72580072]", "nit": "32", "callback": [0.5263013890508762, 0.5088335307322047, 0.5038877559585092, 0.4950437596209595, 0.4836713778601732, 0.4809364008486374, 0.47622428228314695, 0.46850070721189385, 0.45844468712485986, 0.4479721138164947, 0.44128329426818635, 0.43728601802536393, 0.43337452069977467, 0.43153930046363054, 0.4284564095415434, 0.4231535068352348, 0.41487329662047734, 0.40708766580291667, 0.3986842336021038, 0.3863272526649215, 0.3806046583850602, 0.37922210240884, 0.3777575384562867, 0.3764668839940416, 0.37514776084102175, 0.37487769365877177, 0.3748690663519517, 0.37486708768416677, 0.37486573672511336, 0.374865203562737, 0.37486518320880147, 0.37486518267163293]}, "3": {"maxiter": 100, "gtol": 1e-05, "xrtol": 1e-10, "eps": 1e-10, "duration": 0.21310973167419434, "fun": "0.3748651827263392", "jac": "[2.22044587e-06 2.22044587e-06 1.11022293e-06 1.11022293e-06\n 0.00000000e+00 0.00000000e+00]", "hess_inv": "[[ 8.95692074  5.40640362 -0.40558701  1.25340329 -6.45614172  0.26842026]\n [ 5.40640362 14.25894959 -1.25696706  1.33710797 -8.58452552 -1.07128084]\n [-0.40558701 -1.25696706  9.56025827 -5.7239057  -2.49252462 -1.02946802]\n [ 1.25340329  1.33710797 -5.7239057   8.67348467  1.33337996  0.21490012]\n [-6.45614172 -8.58452552 -2.49252462  1.33337996 15.8107243  -2.61646134]\n [ 0.26842026 -1.07128084 -1.02946802  0.21490012 -2.61646134  6.122342  ]]", "nfev": "231", "njev": "33", "status": "0", "success": "True", "message": "Optimization terminated successfully.", "x": "[ 5.13748039  3.15564382  0.4201423   1.09879635 -0.11500444  0.72580839]", "nit": "32", "callback": [0.5263014464352868, 0.5088333203810878, 0.5038874572940468, 0.4950432820624677, 0.4836704333689925, 0.4809357366672605, 0.476223665998738, 0.46849990358946725, 0.4584448757337576, 0.44797251830306273, 0.4412832192542888, 0.4372886576243654, 0.43337541022278847, 0.43154056626223714, 0.42845815219897077, 0.4231566527164674, 0.414879047949259, 0.4070843141297309, 0.39867662743518095, 0.38631504921786664, 0.3806040255333464, 0.3792237867279662, 0.37775728394955144, 0.3764652182173922, 0.375142709078952, 0.3748776050247662, 0.37486896205996667, 0.3748670395370962, 0.3748657353318695, 0.3748652021642782, 0.37486518306152283, 0.3748651827263392]}, "4": {"maxiter": 100, "gtol": 1e-10, "xrtol": 1e-05, "eps": 1e-05, "duration": 0.20346570014953613, "fun": "0.3748651826692595", "jac": "[1.35447209e-09 1.87627691e-08 2.99760217e-09 1.43995926e-08\n 7.54951657e-09 7.47180096e-09]", "hess_inv": "[[ 8.97517561  5.34933674 -0.24622941  1.18120736 -6.44546091  0.21219348]\n [ 5.34933674 14.46559156 -1.2671055   1.24433565 -8.69849338 -1.3826989 ]\n [-0.24622941 -1.2671055   9.27422504 -5.47524268 -2.40423115 -0.71366506]\n [ 1.18120736  1.24433565 -5.47524268  8.53244704  1.35582064  0.06311327]\n [-6.44546091 -8.69849338 -2.40423115  1.35582064 15.8732783  -2.52521018]\n [ 0.21219348 -1.3826989  -0.71366506  0.06311327 -2.52521018  6.25213339]]", "nfev": "238", "njev": "34", "status": "0", "success": "True", "message": "Optimization terminated successfully.", "x": "[ 5.13744398  3.15560383  0.42015713  1.09877976 -0.11497579  0.72580299]", "nit": "33", "callback": [0.5263013890508762, 0.5088335307322047, 0.5038877559585092, 0.4950437596209595, 0.4836713778601732, 0.4809364008486374, 0.47622428228314695, 0.46850070721189385, 0.45844468712485986, 0.4479721138164947, 0.44128329426818635, 0.43728601802536393, 0.43337452069977467, 0.43153930046363054, 0.4284564095415434, 0.4231535068352348, 0.41487329662047734, 0.40708766580291667, 0.3986842336021038, 0.3863272526649215, 0.3806046583850602, 0.37922210240884, 0.3777575384562867, 0.3764668839940416, 0.37514776084102175, 0.37487769365877177, 0.3748690663519517, 0.37486708768416677, 0.37486573672511336, 0.374865203562737, 0.37486518320880147, 0.37486518267163293, 0.3748651826692595]}, "5": {"maxiter": 100, "gtol": 1e-10, "xrtol": 1e-05, "eps": 1e-10, "duration": 0.23605799674987793, "fun": "0.3748651826945639", "jac": "[ 0.00000000e+00 -2.22044587e-06 -4.44089173e-06 -1.11022293e-06\n  0.00000000e+00  0.00000000e+00]", "hess_inv": "[[  8.45508282   6.62111303   0.54357571   0.41649167  -7.08179661\n   -2.45323739]\n [  6.62111303  18.79422321   0.24725424   0.58872867 -11.65737508\n   -5.44880341]\n [  0.54357571   0.24725424   9.69839838  -5.55179179  -3.64204302\n   -1.45826146]\n [  0.41649167   0.58872867  -5.55179179   8.30725044   1.9923012\n   -0.25477283]\n [ -7.08179661 -11.65737508  -3.64204302   1.9923012   17.84562544\n    0.7191428 ]\n [ -2.45323739  -5.44880341  -1.45826146  -0.25477283   0.7191428\n    7.44615568]]", "nfev": "245", "njev": "35", "status": "0", "success": "True", "message": "Optimization terminated successfully.", "x": "[ 5.13746612  3.15562013  0.42013967  1.09879417 -0.1149865   0.72581642]", "nit": "33", "callback": [0.5263014464352868, 0.5088333203810878, 0.5038874572940468, 0.4950432820624677, 0.4836704333689925, 0.4809357366672605, 0.476223665998738, 0.46849990358946725, 0.4584448757337576, 0.44797251830306273, 0.4412832192542888, 0.4372886576243654, 0.43337541022278847, 0.43154056626223714, 0.42845815219897077, 0.4231566527164674, 0.414879047949259, 0.4070843141297309, 0.39867662743518095, 0.38631504921786664, 0.3806040255333464, 0.3792237867279662, 0.37775728394955144, 0.3764652182173922, 0.375142709078952, 0.3748776050247662, 0.37486896205996667, 0.3748670395370962, 0.3748657353318695, 0.3748652021642782, 0.37486518306152283, 0.3748651827263392, 0.3748651826945639]}, "6": {"maxiter": 100, "gtol": 1e-10, "xrtol": 1e-10, "eps": 1e-05, "duration": 0.28713226318359375, "fun": "0.3748651826692595", "jac": "[1.35447209e-09 1.87627691e-08 2.99760217e-09 1.43995926e-08\n 7.54951657e-09 7.47180096e-09]", "hess_inv": "[[ 9.02699949  5.50774945 -0.35497646  1.27705426 -6.47850429  0.16340558]\n [ 5.50774945 14.9335482  -1.56362085  1.53286354 -8.80272518 -1.49354601]\n [-0.35497646 -1.56362085  9.42322505 -5.66654528 -2.32777513 -0.69575155]\n [ 1.27705426  1.53286354 -5.66654528  8.70849512  1.29382498 -0.01664306]\n [-6.47850429 -8.80272518 -2.32777513  1.29382498 15.89370731 -2.48651113]\n [ 0.16340558 -1.49354601 -0.69575155 -0.01664306 -2.48651113  6.20798138]]", "nfev": "369", "njev": "51", "status": "2", "success": "False", "message": "Desired error not necessarily achieved due to precision loss.", "x": "[ 5.13744398  3.15560383  0.42015713  1.09877976 -0.11497579  0.72580299]", "nit": "33", "callback": [0.5263013890508762, 0.5088335307322047, 0.5038877559585092, 0.4950437596209595, 0.4836713778601732, 0.4809364008486374, 0.47622428228314695, 0.46850070721189385, 0.45844468712485986, 0.4479721138164947, 0.44128329426818635, 0.43728601802536393, 0.43337452069977467, 0.43153930046363054, 0.4284564095415434, 0.4231535068352348, 0.41487329662047734, 0.40708766580291667, 0.3986842336021038, 0.3863272526649215, 0.3806046583850602, 0.37922210240884, 0.3777575384562867, 0.3764668839940416, 0.37514776084102175, 0.37487769365877177, 0.3748690663519517, 0.37486708768416677, 0.37486573672511336, 0.374865203562737, 0.37486518320880147, 0.37486518267163293, 0.3748651826692595]}, "7": {"maxiter": 100, "gtol": 1e-10, "xrtol": 1e-10, "eps": 1e-10, "duration": 0.3749833106994629, "fun": "0.3748651826640297", "jac": "[3.33066880e-06 3.33066880e-06 2.22044587e-06 1.11022293e-06\n 0.00000000e+00 1.11022293e-06]", "hess_inv": "[[ 0.20623764 -0.09229891 -0.05858573  0.15755585 -0.07949164 -0.12309854]\n [-0.09229891  0.46319802  0.05868966 -0.06795082  0.13655449 -0.12444115]\n [-0.05858573  0.05868966  0.28583244 -0.26666639 -0.11385327  0.42192247]\n [ 0.15755585 -0.06795082 -0.26666639  0.3416506   0.05627892 -0.43963413]\n [-0.07949164  0.13655449 -0.11385327  0.05627892  0.22163743 -0.15582562]\n [-0.12309854 -0.12444115  0.42192247 -0.43963413 -0.15582562  0.96373134]]", "nfev": "371", "njev": "53", "status": "0", "success": "True", "message": "Optimization terminated successfully.", "x": "[ 5.13745625  3.15561953  0.42015875  1.0987855  -0.11498531  0.72580555]", "nit": "44", "callback": [0.5263014464352868, 0.5088333203810878, 0.5038874572940468, 0.4950432820624677, 0.4836704333689925, 0.4809357366672605, 0.476223665998738, 0.46849990358946725, 0.4584448757337576, 0.44797251830306273, 0.4412832192542888, 0.4372886576243654, 0.43337541022278847, 0.43154056626223714, 0.42845815219897077, 0.4231566527164674, 0.414879047949259, 0.4070843141297309, 0.39867662743518095, 0.38631504921786664, 0.3806040255333464, 0.3792237867279662, 0.37775728394955144, 0.3764652182173922, 0.375142709078952, 0.3748776050247662, 0.37486896205996667, 0.3748670395370962, 0.3748657353318695, 0.3748652021642782, 0.37486518306152283, 0.3748651827263392, 0.3748651826945639, 0.37486518267324553, 0.37486518267027436, 0.37486518266918545, 0.3748651826686831, 0.3748651826684697, 0.3748651826682631, 0.3748651826679741, 0.3748651826652478, 0.37486518266403923, 0.3748651826640299, 0.3748651826640297]}, "8": {"maxiter": 500, "gtol": 1e-05, "xrtol": 1e-05, "eps": 1e-05, "duration": 0.19686031341552734, "fun": "0.37486518267163293", "jac": "[-3.94795308e-08  1.22557520e-07 -4.22606394e-07 -2.74891221e-08\n -1.11666232e-07 -4.26803037e-07]", "hess_inv": "[[ 9.00663759  5.32428154 -0.29676024  1.23111007 -6.40382434  0.26831492]\n [ 5.32428154 14.18665975 -1.10980916  1.17637779 -8.60637387 -1.15355251]\n [-0.29676024 -1.10980916  9.30953857 -5.54434003 -2.520167   -0.91104784]\n [ 1.23111007  1.17637779 -5.54434003  8.60893514  1.43368873  0.17798164]\n [-6.40382434 -8.60637387 -2.520167    1.43368873 15.87586992 -2.56571909]\n [ 0.26831492 -1.15355251 -0.91104784  0.17798164 -2.56571909  6.10134918]]", "nfev": "231", "njev": "33", "status": "0", "success": "True", "message": "Optimization terminated successfully.", "x": "[ 5.13744498  3.15560745  0.42015379  1.09878177 -0.11497632  0.72580072]", "nit": "32", "callback": [0.5263013890508762, 0.5088335307322047, 0.5038877559585092, 0.4950437596209595, 0.4836713778601732, 0.4809364008486374, 0.47622428228314695, 0.46850070721189385, 0.45844468712485986, 0.4479721138164947, 0.44128329426818635, 0.43728601802536393, 0.43337452069977467, 0.43153930046363054, 0.4284564095415434, 0.4231535068352348, 0.41487329662047734, 0.40708766580291667, 0.3986842336021038, 0.3863272526649215, 0.3806046583850602, 0.37922210240884, 0.3777575384562867, 0.3764668839940416, 0.37514776084102175, 0.37487769365877177, 0.3748690663519517, 0.37486708768416677, 0.37486573672511336, 0.374865203562737, 0.37486518320880147, 0.37486518267163293]}, "9": {"maxiter": 500, "gtol": 1e-05, "xrtol": 1e-05, "eps": 1e-10, "duration": 0.179276704788208, "fun": "0.3748651827263392", "jac": "[2.22044587e-06 2.22044587e-06 1.11022293e-06 1.11022293e-06\n 0.00000000e+00 0.00000000e+00]", "hess_inv": "[[ 8.95692074  5.40640362 -0.40558701  1.25340329 -6.45614172  0.26842026]\n [ 5.40640362 14.25894959 -1.25696706  1.33710797 -8.58452552 -1.07128084]\n [-0.40558701 -1.25696706  9.56025827 -5.7239057  -2.49252462 -1.02946802]\n [ 1.25340329  1.33710797 -5.7239057   8.67348467  1.33337996  0.21490012]\n [-6.45614172 -8.58452552 -2.49252462  1.33337996 15.8107243  -2.61646134]\n [ 0.26842026 -1.07128084 -1.02946802  0.21490012 -2.61646134  6.122342  ]]", "nfev": "231", "njev": "33", "status": "0", "success": "True", "message": "Optimization terminated successfully.", "x": "[ 5.13748039  3.15564382  0.4201423   1.09879635 -0.11500444  0.72580839]", "nit": "32", "callback": [0.5263014464352868, 0.5088333203810878, 0.5038874572940468, 0.4950432820624677, 0.4836704333689925, 0.4809357366672605, 0.476223665998738, 0.46849990358946725, 0.4584448757337576, 0.44797251830306273, 0.4412832192542888, 0.4372886576243654, 0.43337541022278847, 0.4315405662622371