{"date": "2024/10/27/, 10:52:44", "conf_id": 125, "data_type": "orthogonal\n", "num_data_points": 3, "s_rank": 0, "unitary": "[[-0.45070455-0.02711853j,0.78437395-0.06613086j,0.06358678+0.19963393j,-0.07343613+0.35668523j],[-0.01890143-0.03813363j,0.32408202+0.25557629j,0.05872864-0.68979805j,0.55466693-0.20227297j],[-0.11215405+0.64023111j,-0.13344055+0.29565494j,-0.49012687-0.19046288j,-0.04241254+0.44046348j],[0.55771659+0.24656916j,0.31851997-0.05798805j,0.28761525-0.34294258j,-0.56718418+0.03616933j]]", "databatch_0": {"databatch": "[[[0.05399848+0.14079461j,0.18034165+0.43910729j,-0.00379977-0.20405292j,0.24332834-0.22469835j],[-0.02902195+0.00914029j,0.02762076+0.14328361j,0.17889511+0.05079459j,0.09874571-0.11759193j],[-0.00125736-0.16443897j,-0.04676985-0.2152869j,0.01052424+0.46846678j,-0.02080701+0.02652988j],[0.00806126+0.04642103j,-0.25484217+0.073023j,-0.24755708-0.01902025j,0.14793472+0.26053326j]],[[-0.03516444-0.13875481j,-0.16618608-0.38981545j,-0.04021302+0.24549323j,-0.18961344+0.2089393j],[-0.03357467+0.00361762j,-0.06199771+0.01256957j,0.07946994-0.00596568j,0.01327058+0.02314715j],[-0.02964057-0.1250407j,-0.14311344-0.36421463j,-0.04332572+0.20974632j,-0.18529423+0.18983822j],[-0.1481847+0.02203762j,-0.42240442+0.11369017j,0.24552957+0.05223781j,0.1789544+0.22696823j]],[[0.03319713+0.02604593j,0.05077499+0.14355779j,-0.05251427+0.02423757j,0.1154155-0.06350321j],[-0.02900571-0.0492015j,0.07568072+0.04132903j,0.22452496+0.17289083j,0.0363527-0.15990803j],[0.03125993-0.13697737j,0.07457414+0.02630411j,0.05300962+0.54143178j,0.15705541-0.15209167j],[0.09382478+0.07658282j,-0.18668049+0.0876938j,-0.53674799-0.08332335j,0.16109554+0.29747404j]]]", "initial param values": "[3.72299766,3.90701198,1.78368661,0.28461202,1.15767073,0.21376244]", "nelder_mead": {"type": "gradient-free", "0": {"maxiter": 100, "fatol": 1e-05, "xatol": 1e-05, "duration": 0.2276749610900879, "fun": "0.5181966651104501", "nit": "100", "nfev": "149", "status": "2", "success": "False", "message": "Maximum number of iterations has been exceeded.", "x": "[ 4.25359452 -0.95339285  2.27886397  1.28746797 -2.11939087 -0.29342683]", "final_simplex": "(array([[ 4.25359452, -0.95339285,  2.27886397,  1.28746797, -2.11939087,\n        -0.29342683],\n       [ 4.42623315, -1.19334838,  2.23959911,  1.30522253, -2.20706745,\n        -0.29084254],\n       [ 4.25075317, -1.20790783,  2.34017229,  1.26175012, -2.08253541,\n        -0.33784047],\n       [ 4.35899698, -1.21769205,  2.25637565,  1.3064791 , -2.21681494,\n        -0.28840919],\n       [ 4.33354377, -0.772196  ,  2.18837195,  1.21571104, -1.96710944,\n        -0.24684931],\n       [ 4.26934172, -0.82029245,  2.24281044,  1.23052348, -1.93279969,\n        -0.27265098],\n       [ 4.30538473, -1.17136821,  2.27030015,  1.34783281, -2.29677891,\n        -0.25348456]]), array([0.51819667, 0.5201146 , 0.52073976, 0.5239752 , 0.52608362,\n       0.52669672, 0.52793766]))", "callback": [0.7250422226047468, 0.7201541406103944, 0.7132252189754555, 0.6637017631335034, 0.6155216335879612, 0.5973701473049153, 0.5648081425348097, 0.5556917458487309, 0.5349851052530463, 0.5279376603023598]}, "1": {"maxiter": 100, "fatol": 1e-05, "xatol": 1e-10, "duration": 0.1776571273803711, "fun": "0.5181966651104501", "nit": "100", "nfev": "149", "status": "2", "success": "False", "message": "Maximum number of iterations has been exceeded.", "x": "[ 4.25359452 -0.95339285  2.27886397  1.28746797 -2.11939087 -0.29342683]", "final_simplex": "(array([[ 4.25359452, -0.95339285,  2.27886397,  1.28746797, -2.11939087,\n        -0.29342683],\n       [ 4.42623315, -1.19334838,  2.23959911,  1.30522253, -2.20706745,\n        -0.29084254],\n       [ 4.25075317, -1.20790783,  2.34017229,  1.26175012, -2.08253541,\n        -0.33784047],\n       [ 4.35899698, -1.21769205,  2.25637565,  1.3064791 , -2.21681494,\n        -0.28840919],\n       [ 4.33354377, -0.772196  ,  2.18837195,  1.21571104, -1.96710944,\n        -0.24684931],\n       [ 4.26934172, -0.82029245,  2.24281044,  1.23052348, -1.93279969,\n        -0.27265098],\n       [ 4.30538473, -1.17136821,  2.27030015,  1.34783281, -2.29677891,\n        -0.25348456]]), array([0.51819667, 0.5201146 , 0.52073976, 0.5239752 , 0.52608362,\n       0.52669672, 0.52793766]))", "callback": [0.7250422226047468, 0.7201541406103944, 0.7132252189754555, 0.6637017631335034, 0.6155216335879612, 0.5973701473049153, 0.5648081425348097, 0.5556917458487309, 0.5349851052530463, 0.5279376603023598]}, "2": {"maxiter": 100, "fatol": 1e-10, "xatol": 1e-05, "duration": 0.11821556091308594, "fun": "0.5181966651104501", "nit": "100", "nfev": "149", "status": "2", "success": "False", "message": "Maximum number of iterations has been exceeded.", "x": "[ 4.25359452 -0.95339285  2.27886397  1.28746797 -2.11939087 -0.29342683]", "final_simplex": "(array([[ 4.25359452, -0.95339285,  2.27886397,  1.28746797, -2.11939087,\n        -0.29342683],\n       [ 4.42623315, -1.19334838,  2.23959911,  1.30522253, -2.20706745,\n        -0.29084254],\n       [ 4.25075317, -1.20790783,  2.34017229,  1.26175012, -2.08253541,\n        -0.33784047],\n       [ 4.35899698, -1.21769205,  2.25637565,  1.3064791 , -2.21681494,\n        -0.28840919],\n       [ 4.33354377, -0.772196  ,  2.18837195,  1.21571104, -1.96710944,\n        -0.24684931],\n       [ 4.26934172, -0.82029245,  2.24281044,  1.23052348, -1.93279969,\n        -0.27265098],\n       [ 4.30538473, -1.17136821,  2.27030015,  1.34783281, -2.29677891,\n        -0.25348456]]), array([0.51819667, 0.5201146 , 0.52073976, 0.5239752 , 0.52608362,\n       0.52669672, 0.52793766]))", "callback": [0.7250422226047468, 0.7201541406103944, 0.7132252189754555, 0.6637017631335034, 0.6155216335879612, 0.5973701473049153, 0.5648081425348097, 0.5556917458487309, 0.5349851052530463, 0.5279376603023598]}, "3": {"maxiter": 100, "fatol": 1e-10, "xatol": 1e-10, "duration": 0.11745643615722656, "fun": "0.5181966651104501", "nit": "100", "nfev": "149", "status": "2", "success": "False", "message": "Maximum number of iterations has been exceeded.", "x": "[ 4.25359452 -0.95339285  2.27886397  1.28746797 -2.11939087 -0.29342683]", "final_simplex": "(array([[ 4.25359452, -0.95339285,  2.27886397,  1.28746797, -2.11939087,\n        -0.29342683],\n       [ 4.42623315, -1.19334838,  2.23959911,  1.30522253, -2.20706745,\n        -0.29084254],\n       [ 4.25075317, -1.20790783,  2.34017229,  1.26175012, -2.08253541,\n        -0.33784047],\n       [ 4.35899698, -1.21769205,  2.25637565,  1.3064791 , -2.21681494,\n        -0.28840919],\n       [ 4.33354377, -0.772196  ,  2.18837195,  1.21571104, -1.96710944,\n        -0.24684931],\n       [ 4.26934172, -0.82029245,  2.24281044,  1.23052348, -1.93279969,\n        -0.27265098],\n       [ 4.30538473, -1.17136821,  2.27030015,  1.34783281, -2.29677891,\n        -0.25348456]]), array([0.51819667, 0.5201146 , 0.52073976, 0.5239752 , 0.52608362,\n       0.52669672, 0.52793766]))", "callback": [0.7250422226047468, 0.7201541406103944, 0.7132252189754555, 0.6637017631335034, 0.6155216335879612, 0.5973701473049153, 0.5648081425348097, 0.5556917458487309, 0.5349851052530463, 0.5279376603023598]}, "4": {"maxiter": 500, "fatol": 1e-05, "xatol": 1e-05, "duration": 0.5711531639099121, "fun": "0.20480841859685672", "nit": "476", "nfev": "731", "status": "0", "success": "True", "message": "Optimization terminated successfully.", "x": "[ 5.09850766 -1.8401019   3.69789062  1.65260747 -2.23563404 -1.6529008 ]", "final_simplex": "(array([[ 5.09850766, -1.8401019 ,  3.69789062,  1.65260747, -2.23563404,\n        -1.6529008 ],\n       [ 5.09850454, -1.84009903,  3.69788079,  1.65260957, -2.23563713,\n        -1.65289577],\n       [ 5.09850603, -1.84010173,  3.69788652,  1.65261018, -2.23563933,\n        -1.6528994 ],\n       [ 5.09850233, -1.84010407,  3.69788726,  1.65261423, -2.23563232,\n        -1.65289978],\n       [ 5.09850512, -1.84010236,  3.69788813,  1.65260661, -2.23563493,\n        -1.65289478],\n       [ 5.09850377, -1.84009518,  3.69788745,  1.65260589, -2.23563759,\n        -1.65289889],\n       [ 5.09851176, -1.8400956 ,  3.69788477,  1.65261134, -2.23563184,\n        -1.65289666]]), array([0.20480842, 0.20480842, 0.20480842, 0.20480842, 0.20480842,\n       0.20480842, 0.20480842]))", "callback": [0.7250422226047468, 0.7201541406103944, 0.7132252189754555, 0.6637017631335034, 0.6155216335879612, 0.5973701473049153, 0.5648081425348097, 0.5556917458487309, 0.5349851052530463, 0.5279376603023598, 0.5169093671878808, 0.47898866196996714, 0.3662267729830714, 0.30690412272233125, 0.26255031902444814, 0.24787215448921185, 0.2415643244005573, 0.23861868526647623, 0.23658319628183477, 0.2328710377592561, 0.22977533384690385, 0.2224854404839488, 0.21346362378945483, 0.20875557640574327, 0.20761218089752298, 0.2066199404308876, 0.2063410493465977, 0.2063118996774035, 0.2062571024853086, 0.2061861783779585, 0.20597734914473909, 0.20580420114819065, 0.20530965391871747, 0.20491232100335355, 0.20485998700931585, 0.20482207193236812, 0.20480997505438392, 0.2048088864950487, 0.20480867994504592, 0.20480853936174714, 0.2048084694973058, 0.2048084535659206, 0.20480842840721392, 0.20480842278648848, 0.20480841923554427, 0.20480841868964472, 0.2048084186244269, 0.20480841859879584]}, "5": {"maxiter": 500, "fatol": 1e-05, "xatol": 1e-10, "duration": 0.6670961380004883, "fun": "0.20480841859153298", "nit": "500", "nfev": "769", "status": "2", "success": "False", "message": "Maximum number of iterations has been exceeded.", "x": "[ 5.0985044  -1.84009851  3.69788617  1.65260787 -2.23563106 -1.65289827]", "final_simplex": "(array([[ 5.0985044 , -1.84009851,  3.69788617,  1.65260787, -2.23563106,\n        -1.65289827],\n       [ 5.09850621, -1.84009736,  3.69788559,  1.65260858, -2.23563136,\n        -1.65289933],\n       [ 5.09850446, -1.84009829,  3.69788493,  1.65260936, -2.23563071,\n        -1.65289838],\n       [ 5.09850432, -1.84009924,  3.69788641,  1.65260868, -2.23563278,\n        -1.65289908],\n       [ 5.09850582, -1.84009778,  3.69788552,  1.65260927, -2.23563123,\n        -1.65289806],\n       [ 5.09850447, -1.84009712,  3.69788571,  1.65260834, -2.23563161,\n        -1.6528993 ],\n       [ 5.09850597, -1.8400999 ,  3.6978879 ,  1.65260915, -2.23563144,\n        -1.65290007]]), array([0.20480842, 0.20480842, 0.20480842, 0.20480842, 0.20480842,\n       0.20480842, 0.20480842]))", "callback": [0.7250422226047468, 0.7201541406103944, 0.7132252189754555, 0.6637017631335034, 0.6155216335879612, 0.5973701473049153, 0.5648081425348097, 0.5556917458487309, 0.5349851052530463, 0.5279376603023598, 0.5169093671878808, 0.47898866196996714, 0.3662267729830714, 0.30690412272233125, 0.26255031902444814, 0.24787215448921185, 0.2415643244005573, 0.23861868526647623, 0.23658319628183477, 0.2328710377592561, 0.22977533384690385, 0.2224854404839488, 0.21346362378945483, 0.20875557640574327, 0.20761218089752298, 0.2066199404308876, 0.2063410493465977, 0.2063118996774035, 0.2062571024853086, 0.2061861783779585, 0.20597734914473909, 0.20580420114819065, 0.20530965391871747, 0.20491232100335355, 0.20485998700931585, 0.20482207193236812, 0.20480997505438392, 0.2048088864950487, 0.20480867994504592, 0.20480853936174714, 0.2048084694973058, 0.2048084535659206, 0.20480842840721392, 0.20480842278648848, 0.20480841923554427, 0.20480841868964472, 0.2048084186244269, 0.20480841859879584, 0.2048084185917567, 0.2048084185917567]}, "6": {"maxiter": 500, "fatol": 1e-10, "xatol": 1e-05, "duration": 0.6777381896972656, "fun": "0.20480841859685672", "nit": "476", "nfev": "731", "status": "0", "success": "True", "message": "Optimization terminated successfully.", "x": "[ 5.09850766 -1.8401019   3.69789062  1.65260747 -2.23563404 -1.6529008 ]", "final_simplex": "(array([[ 5.09850766, -1.8401019 ,  3.69789062,  1.65260747, -2.23563404,\n        -1.6529008 ],\n       [ 5.09850454, -1.84009903,  3.69788079,  1.65260957, -2.23563713,\n        -1.65289577],\n       [ 5.09850603, -1.84010173,  3.69788652,  1.65261018, -2.23563933,\n        -1.6528994 ],\n       [ 5.09850233, -1.84010407,  3.69788726,  1.65261423, -2.23563232,\n        -1.65289978],\n       [ 5.09850512, -1.84010236,  3.69788813,  1.65260661, -2.23563493,\n        -1.65289478],\n       [ 5.09850377, -1.84009518,  3.69788745,  1.65260589, -2.23563759,\n        -1.65289889],\n       [ 5.09851176, -1.8400956 ,  3.69788477,  1.65261134, -2.23563184,\n        -1.65289666]]), array([0.20480842, 0.20480842, 0.20480842, 0.20480842, 0.20480842,\n       0.20480842, 0.20480842]))", "callback": [0.7250422226047468, 0.7201541406103944, 0.7132252189754555, 0.6637017631335034, 0.6155216335879612, 0.5973701473049153, 0.5648081425348097, 0.5556917458487309, 0.5349851052530463, 0.5279376603023598, 0.5169093671878808, 0.47898866196996714, 0.3662267729830714, 0.30690412272233125, 0.26255031902444814, 0.24787215448921185, 0.2415643244005573, 0.23861868526647623, 0.23658319628183477, 0.2328710377592561, 0.22977533384690385, 0.2224854404839488, 0.21346362378945483, 0.20875557640574327, 0.20761218089752298, 0.2066199404308876, 0.2063410493465977, 0.2063118996774035, 0.2062571024853086, 0.2061861783779585, 0.20597734914473909, 0.20580420114819065, 0.20530965391871747, 0.20491232100335355, 0.20485998700931585, 0.20482207193236812, 0.20480997505438392, 0.2048088864950487, 0.20480867994504592, 0.20480853936174714, 0.2048084694973058, 0.2048084535659206, 0.20480842840721392, 0.20480842278648848, 0.20480841923554427, 0.20480841868964472, 0.2048084186244269, 0.20480841859879584]}, "7": {"maxiter": 500, "fatol": 1e-10, "xatol": 1e-10, "duration": 0.6610980033874512, "fun": "0.20480841859153298", "nit": "500", "nfev": "769", "status": "2", "success": "False", "message": "Maximum number of iterations has been exceeded.", "x": "[ 5.0985044  -1.84009851  3.69788617  1.65260787 -2.23563106 -1.65289827]", "final_simplex": "(array([[ 5.0985044 , -1.84009851,  3.69788617,  1.65260787, -2.23563106,\n        -1.65289827],\n       [ 5.09850621, -1.84009736,  3.69788559,  1.65260858, -2.23563136,\n        -1.65289933],\n       [ 5.09850446, -1.84009829,  3.69788493,  1.65260936, -2.23563071,\n        -1.65289838],\n       [ 5.09850432, -1.84009924,  3.69788641,  1.65260868, -2.23563278,\n        -1.65289908],\n       [ 5.09850582, -1.84009778,  3.69788552,  1.65260927, -2.23563123,\n        -1.65289806],\n       [ 5.09850447, -1.84009712,  3.69788571,  1.65260834, -2.23563161,\n        -1.6528993 ],\n       [ 5.09850597, -1.8400999 ,  3.6978879 ,  1.65260915, -2.23563144,\n        -1.65290007]]), array([0.20480842, 0.20480842, 0.20480842, 0.20480842, 0.20480842,\n       0.20480842, 0.20480842]))", "callback": [0.7250422226047468, 0.7201541406103944, 0.7132252189754555, 0.6637017631335034, 0.6155216335879612, 0.5973701473049153, 0.5648081425348097, 0.5556917458487309, 0.5349851052530463, 0.5279376603023598, 0.5169093671878808, 0.47898866196996714, 0.3662267729830714, 0.30690412272233125, 0.26255031902444814, 0.24787215448921185, 0.2415643244005573, 0.23861868526647623, 0.23658319628183477, 0.2328710377592561, 0.22977533384690385, 0.2224854404839488, 0.21346362378945483, 0.20875557640574327, 0.20761218089752298, 0.2066199404308876, 0.2063410493465977, 0.2063118996774035, 0.2062571024853086, 0.2061861783779585, 0.20597734914473909, 0.20580420114819065, 0.20530965391871747, 0.20491232100335355, 0.20485998700931585, 0.20482207193236812, 0.20480997505438392, 0.2048088864950487, 0.20480867994504592, 0.20480853936174714, 0.2048084694973058, 0.2048084535659206, 0.20480842840721392, 0.20480842278648848, 0.20480841923554427, 0.20480841868964472, 0.2048084186244269, 0.20480841859879584, 0.2048084185917567, 0.2048084185917567]}, "8": {"maxiter": 1000, "fatol": 1e-05, "xatol": 1e-05, "duration": 0.5751667022705078, "fun": "0.20480841859685672", "nit": "476", "nfev": "731", "status": "0", "success": "True", "message": "Optimization terminated successfully.", "x": "[ 5.09850766 -1.8401019   3.69789062  1.65260747 -2.23563404 -1.6529008 ]", "final_simplex": "(array([[ 5.09850766, -1.8401019 ,  3.69789062,  1.65260747, -2.23563404,\n        -1.6529008 ],\n       [ 5.09850454, -1.84009903,  3.69788079,  1.65260957, -2.23563713,\n        -1.65289577],\n       [ 5.09850603, -1.84010173,  3.69788652,  1.65261018, -2.23563933,\n        -1.6528994 ],\n       [ 5.09850233, -1.84010407,  3.69788726,  1.65261423, -2.23563232,\n        -1.65289978],\n       [ 5.09850512, -1.84010236,  3.69788813,  1.65260661, -2.23563493,\n        -1.65289478],\n       [ 5.09850377, -1.84009518,  3.69788745,  1.65260589, -2.23563759,\n        -1.65289889],\n       [ 5.09851176, -1.8400956 ,  3.69788477,  1.65261134, -2.23563184,\n        -1.65289666]]), array([0.20480842, 0.20480842, 0.20480842, 0.20480842, 0.20480842,\n       0.20480842, 0.20480842]))", "callback": [0.7250422226047468, 0.7201541406103944, 0.7132252189754555, 0.6637017631335034, 0.6155216335879612, 0.5973701473049153, 0.5648081425348097, 0.5556917458487309, 0.5349851052530463, 0.5279376603023598, 0.5169093671878808, 0.47898866196996714, 0.3662267729830714, 0.30690412272233125, 0.26255031902444814, 0.24787215448921185, 0.2415643244005573, 0.23861868526647623, 0.23658319628183477, 0.2328710377592561, 0.22977533384690385, 0.2224854404839488, 0.21346362378945483, 0.20875557640574327, 0.20761218089752298, 0.2066199404308876, 0.2063410493465977, 0.2063118996774035, 0.2062571024853086, 0.2061861783779585, 0.20597734914473909, 0.20580420114819065, 0.20530965391871747, 0.20491232100335355, 0.20485998700931585, 0.20482207193236812, 0.20480997505438392, 0.2048088864950487, 0.20480867994504592, 0.20480853936174714, 0.2048084694973058, 0.2048084535659206, 0.20480842840721392, 0.20480842278648848, 0.20480841923554427, 0.20480841868964472, 0.2048084186244269, 0.20480841859879584]}, "9": {"maxiter": 1000, "fatol": 1e-05, "xatol": 1e-10, "duration": 0.9921607971191406, "fun": "0.2048084185908018", "nit": "621", "nfev": "1015", "status": "0", "success": "True", "message": "Optimization terminated successfully.", "x": "[ 5.09850551 -1.84009851  3.69788463  1.65260764 -2.23563161 -1.65289895]", "final_simplex": "(array([[ 5.09850551, -1.84009851,  3.69788463,  1.65260764, -2.23563161,\n        -1.65289895],\n       [ 5.09850551, -1.84009851,  3.69788463,  1.65260764, -2.23563161,\n        -1.65289895],\n       [ 5.09850551, -1.84009851,  3.69788463,  1.65260764, -2.23563161,\n        -1.65289895],\n       [ 5.09850551, -1.84009851,  3.69788463,  1.65260764, -2.23563161,\n        -1.65289895],\n       [ 5.09850551, -1.84009851,  3.69788463,  1.65260764, -2.23563161,\n        -1.65289895],\n       [ 5.09850551, -1.84009851,  3.69788463,  1.65260764, -2.23563161,\n        -1.65289895],\n       [ 5.09850551, -1.84009851,  3.69788463,  1.65260764, -2.23563161,\n        -1.65289895]]), array([0.20480842, 0.20480842, 0.20480842, 0.20480842, 0.20480842,\n       0.20480842, 0.20480842]))", "callback": [0.7250422226047468, 0.7201541406103944, 0.7132252189754555, 0.6637017631335034, 0.6155216335879612, 0.5973701473049153, 0.5648081425348097, 0.5556917458487309, 0.5349851052530463, 0.5279376603023598, 0.5169093671878808, 0.47898866196996714, 0.3662267729830714, 0.30690412272233125, 0.26255031902444814, 0.24787215448921185, 0.2415643244005573, 0.23861868526647623, 0.23658319628183477, 0.2328710377592561, 0.22977533384690385, 0.2224854404839488, 0.21346362378945483, 0.20875557640574327, 0.20761218089752298, 0.2066199404308876, 0.2063410493465977, 0.2063118996774035, 0.2062571024853086, 0.2061861783779585, 0.20597734914473909, 0.20580420114819065, 0.20530965391871747, 0.20491232100335355, 0.20485998700931585, 0.20482207193236812, 0.20480997505438392, 0.2048088864950487, 0.20480867994504592, 0.20480853936174714, 0.2048084694973058, 0.2048084535659206, 0.20480842840721392, 0.20480842278648848, 0.20480841923554427, 0.20480841868964472, 0.2048084186244269, 0.20480841859879584, 0.2048084185917567, 0.2048084185917567, 0.20480841859151544, 0.20480841859100185, 0.20480841859089916, 0.20480841859083965, 0.20480841859083965, 0.20480841859082, 0.20480841859081167, 0.20480841859080579, 0.20480841859080368, 0.20480841859080234, 0.204808418590802, 0.2048084185908019, 0.2048084185908018]}, "10": {"maxiter": 1000, "fatol": 1e-10, "xatol": 1e-05, "duration": 0.6163966655731201, "fun": "0.20480841859685672", "nit": "476", "nfev": "731", "status": "0", "success": "True", "message": "Optimization terminated successfully.", "x": "[ 5.09850766 -1.8401019   3.69789062  1.65260747 -2.23563404 -1.6529008 ]", "final_simplex": "(array([[ 5.09850766, -1.8401019 ,  3.69789062,  1.65260747, -2.23563404,\n        -1.6529008 ],\n       [ 5.09850454, -1.84009903,  3.69788079,  1.65260957, -2.23563713,\n        -1.65289577],\n       [ 5.09850603, -1.84010173,  3.69788652,  1.65261018, -2.23563933,\n        -1.6528994 ],\n       [ 5.09850233, -1.84010407,  3.69788726,  1.65261423, -2.23563232,\n        -1.65289978],\n       [ 5.09850512, -1.84010236,  3.69788813,  1.65260661, -2.23563493,\n        -1.65289478],\n       [ 5.09850377, -1.84009518,  3.69788745,  1.65260589, -2.23563759,\n        -1.65289889],\n       [ 5.09851176, -1.8400956 ,  3.69788477,  1.65261134, -2.23563184,\n        -1.65289666]]), array([0.20480842, 0.20480842, 0.20480842, 0.20480842, 0.20480842,\n       0.20480842, 0.20480842]))", "callback": [0.7250422226047468, 0.7201541406103944, 0.7132252189754555, 0.6637017631335034, 0.6155216335879612, 0.5973701473049153, 0.5648081425348097, 0.5556917458487309, 0.5349851052530463, 0.5279376603023598, 0.5169093671878808, 0.47898866196996714, 0.3662267729830714, 0.30690412272233125, 0.26255031902444814, 0.24787215448921185, 0.2415643244005573, 0.23861868526647623, 0.23658319628183477, 0.2328710377592561, 0.22977533384690385, 0.2224854404839488, 0.21346362378945483, 0.20875557640574327, 0.20761218089752298, 0.2066199404308876, 0.2063410493465977, 0.2063118996774035, 0.2062571024853086, 0.2061861783779585, 0.20597734914473909, 0.20580420114819065, 0.20530965391871747, 0.20491232100335355, 0.20485998700931585, 0.20482207193236812, 0.20480997505438392, 0.2048088864950487, 0.20480867994504592, 0.20480853936174714, 0.2048084694973058, 0.2048084535659206, 0.20480842840721392, 0.20480842278648848, 0.20480841923554427, 0.20480841868964472, 0.2048084186244269, 0.20480841859879584]}, "11": {"maxiter": 1000, "fatol": 1e-10, "xatol": 1e-10, "duration": 0.9613039493560791, "fun": "0.2048084185908018", "nit": "621", "nfev": "1015", "status": "0", "success": "True", "message": "Optimization terminated successfully.", "x": "[ 5.09850551 -1.84009851  3.69788463  1.65260764 -2.23563161 -1.65289895]", "final_simplex": "(array([[ 5.09850551, -1.84009851,  3.69788463,  1.65260764, -2.23563161,\n        -1.65289895],\n       [ 5.09850551, -1.84009851,  3.69788463,  1.65260764, -2.23563161,\n        -1.65289895],\n       [ 5.09850551, -1.84009851,  3.69788463,  1.65260764, -2.23563161,\n        -1.65289895],\n       [ 5.09850551, -1.84009851,  3.69788463,  1.65260764, -2.23563161,\n        -1.65289895],\n       [ 5.09850551, -1.84009851,  3.69788463,  1.65260764, -2.23563161,\n        -1.65289895],\n       [ 5.09850551, -1.84009851,  3.69788463,  1.65260764, -2.23563161,\n        -1.65289895],\n       [ 5.09850551, -1.84009851,  3.69788463,  1.65260764, -2.23563161,\n        -1.65289895]]), array([0.20480842, 0.20480842, 0.20480842, 0.20480842, 0.20480842,\n       0.20480842, 0.20480842]))", "callback": [0.7250422226047468, 0.7201541406103944, 0.7132252189754555, 0.6637017631335034, 0.6155216335879612, 0.5973701473049153, 0.5648081425348097, 0.5556917458487309, 0.5349851052530463, 0.5279376603023598, 0.5169093671878808, 0.47898866196996714, 0.3662267729830714, 0.30690412272233125, 0.26255031902444814, 0.24787215448921185, 0.2415643244005573, 0.23861868526647623, 0.23658319628183477, 0.2328710377592561, 0.22977533384690385, 0.2224854404839488, 0.21346362378945483, 0.20875557640574327, 0.20761218089752298, 0.2066199404308876, 0.2063410493465977, 0.2063118996774035, 0.2062571024853086, 0.2061861783779585, 0.20597734914473909, 0.20580420114819065, 0.20530965391871747, 0.20491232100335355, 0.20485998700931585, 0.20482207193236812, 0.20480997505438392, 0.2048088864950487, 0.20480867994504592, 0.20480853936174714, 0.2048084694973058, 0.2048084535659206, 0.20480842840721392, 0.20480842278648848, 0.20480841923554427, 0.20480841868964472, 0.2048084186244269, 0.20480841859879584, 0.2048084185917567, 0.2048084185917567, 0.20480841859151544, 0.20480841859100185, 0.20480841859089916, 0.20480841859083965, 0.20480841859083965, 0.20480841859082, 0.20480841859081167, 0.20480841859080579, 0.20480841859080368, 0.20480841859080234, 0.204808418590802, 0.2048084185908019, 0.2048084185908018]}}, "bfgs": {"type": "gradient", "0": {"maxiter": 100, "gtol": 1e-05, "xrtol": 1e-05, "eps": 1e-05, "duration": 0.22379183769226074, "fun": "0.4467045764492745", "jac": "[ 2.27615704e-06 -1.16776588e-06 -1.74971149e-06  1.92904581e-06\n  2.06826778e-06  3.25437455e-06]", "hess_inv": "[[  4.47770007   4.09535203   2.12093032   2.03618557  -0.76459124\n    2.83055821]\n [  4.09535203  41.21919513  27.52452545  10.10734493  -5.00943926\n   18.11753315]\n [  2.12093032  27.52452545  23.28821253   6.22110984  -3.78485887\n   10.38101548]\n [  2.03618557  10.10734493   6.22110984   8.40262473  -0.82280484\n    5.37969674]\n [ -0.76459124  -5.00943926  -3.78485887  -0.82280484  26.90499993\n  -25.23337528]\n [  2.83055821  18.11753315  10.38101548   5.37969674 -25.23337528\n   34.12961917]]", "nfev": "287", "njev": "41", "status": "0", "success": "True", "message": "Optimization terminated successfully.", "x": "[ 3.78296106  1.78129764  3.50464354  0.39664611  2.22457351 -3.6211965 ]", "nit": "39", "callback": [0.7286323227430198, 0.7221351675644303, 0.7143173069972413, 0.7089736729139843, 0.6993455087890446, 0.6852142617807413, 0.6740268667693716, 0.6640232827761379, 0.648512788836562, 0.6273313904254829, 0.6065815665697067, 0.5768769872331216, 0.5448050557615953, 0.5164194073246877, 0.48797961437955495, 0.4723224604351203, 0.4685141874907016, 0.4672528679718504, 0.466378245305044, 0.4647557944070929, 0.4618655635965436, 0.45739594354196866, 0.454579189572477, 0.45422018443304735, 0.45403912488988163, 0.45384532946226175, 0.45363664850432306, 0.45325667122429236, 0.45254018535653995, 0.45127303727661594, 0.45009306385815895, 0.4489700864053995, 0.4476746731046628, 0.44701300936750965, 0.4467323372356752, 0.44670518437907014, 0.4467046992703957, 0.4467045784817746, 0.4467045764492745]}, "1": {"maxiter": 100, "gtol": 1e-05, "xrtol": 1e-05, "eps": 1e-10, "duration": 0.27056384086608887, "fun": "0.4467045763100739", "jac": "[ 1.11022293e-06 -1.11022293e-06 -2.22044587e-06  2.22044587e-06\n  3.33066880e-06  3.33066880e-06]", "hess_inv": "[[  4.49846619   4.26418333   2.23055219   2.11489214  -0.73784999\n    2.86839805]\n [  4.26418333  42.39886335  28.28723762  10.72354975  -4.62596849\n   18.27710778]\n [  2.23055219  28.28723762  23.7793934    6.62866915  -3.48242613\n   10.44309358]\n [  2.11489214  10.72354975   6.62866915   8.71354677  -0.72218078\n    5.53944946]\n [ -0.73784999  -4.62596849  -3.48242613  -0.72218078  25.89625196\n  -24.231603  ]\n [  2.86839805  18.27710778  10.44309358   5.53944946 -24.231603\n   33.34938276]]", "nfev": "287", "njev": "41", "status": "0", "success": "True", "message": "Optimization terminated successfully.", "x": "[ 3.78297221  1.78135699  3.50468538  0.39665926  2.22460016 -3.62119755]", "nit": "39", "callback": [0.7286322941320449, 0.7221352281713529, 0.7143173233275302, 0.7089734769916143, 0.6993450715343765, 0.6852131653480392, 0.6740253176303675, 0.6640213192041564, 0.6485105959777719, 0.6273269594939326, 0.6065738347416849, 0.5768664426656089, 0.5447967731333441, 0.51640728186394, 0.48801546930659834, 0.4723189307563328, 0.4685147098206358, 0.467253953723618, 0.4663787041098346, 0.46475505639070613, 0.46186265508545965, 0.45739106694551435, 0.4545777647001673, 0.45421834358653257, 0.4540369801421954, 0.45384303452295305, 0.45363447263322054, 0.4532542584426206, 0.45253777506132675, 0.45127079132299375, 0.45009024013415966, 0.4489696801369053, 0.4476770682530786, 0.44701278536359, 0.44673241971408817, 0.4467051936381027, 0.44670471198980655, 0.4467045779887949, 0.4467045763100739]}, "2": {"maxiter": 100, "gtol": 1e-05, "xrtol": 1e-10, "eps": 1e-05, "duration": 0.2704181671142578, "fun": "0.4467045764492745", "jac": "[ 2.27615704e-06 -1.16776588e-06 -1.74971149e-06  1.92904581e-06\n  2.06826778e-06  3.25437455e-06]", "hess_inv": "[[  4.47770007   4.09535203   2.12093032   2.03618557  -0.76459124\n    2.83055821]\n [  4.09535203  41.21919513  27.52452545  10.10734493  -5.00943926\n   18.11753315]\n [  2.12093032  27.52452545  23.28821253   6.22110984  -3.78485887\n   10.38101548]\n [  2.03618557  10.10734493   6.22110984   8.40262473  -0.82280484\n    5.37969674]\n [ -0.76459124  -5.00943926  -3.78485887  -0.82280484  26.90499993\n  -25.23337528]\n [  2.83055821  18.11753315  10.38101548   5.37969674 -25.23337528\n   34.12961917]]", "nfev": "287", "njev": "41", "status": "0", "success": "True", "message": "Optimization terminated successfully.", "x": "[ 3.78296106  1.78129764  3.50464354  0.39664611  2.22457351 -3.6211965 ]", "nit": "39", "callback": [0.7286323227430198, 0.7221351675644303, 0.7143173069972413, 0.7089736729139843, 0.6993455087890446, 0.6852142617807413, 0.6740268667693716, 0.6640232827761379, 0.648512788836562, 0.6273313904254829, 0.6065815665697067, 0.5768769872331216, 0.5448050557615953, 0.5164194073246877, 0.48797961437955495, 0.4723224604351203, 0.4685141874907016, 0.4672528679718504, 0.466378245305044, 0.4647557944070929, 0.4618655635965436, 0.45739594354196866, 0.454579189572477, 0.45422018443304735, 0.45403912488988163, 0.45384532946226175, 0.45363664850432306, 0.45325667122429236, 0.45254018535653995, 0.45127303727661594, 0.45009306385815895, 0.4489700864053995, 0.4476746731046628, 0.44701300936750965, 0.4467323372356752, 0.44670518437907014, 0.4467046992703957, 0.4467045784817746, 0.4467045764492745]}, "3": {"maxiter": 100, "gtol": 1e-05, "xrtol": 1e-10, "eps": 1e-10, "duration": 0.25403642654418945, "fun": "0.4467045763100739", "jac": "[ 1.11022293e-06 -1.11022293e-06 -2.22044587e-06  2.22044587e-06\n  3.33066880e-06  3.33066880e-06]", "hess_inv": "[[  4.49846619   4.26418333   2.23055219   2.11489214  -0.73784999\n    2.86839805]\n [  4.26418333  42.39886335  28.28723762  10.72354975  -4.62596849\n   18.27710778]\n [  2.23055219  28.28723762  23.7793934    6.62866915  -3.48242613\n   10.44309358]\n [  2.11489214  10.72354975   6.62866915   8.71354677  -0.72218078\n    5.53944946]\n [ -0.73784999  -4.62596849  -3.48242613  -0.72218078  25.89625196\n  -24.231603  ]\n [  2.86839805  18.27710778  10.44309358   5.53944946 -24.231603\n   33.34938276]]", "nfev": "287", "njev": "41", "status": "0", "success": "True", "message": "Optimization terminated successfully.", "x": "[ 3.78297221  1.78135699  3.50468538  0.39665926  2.22460016 -3.62119755]", "nit": "39", "callback": [0.7286322941320449, 0.7221352281713529, 0.7143173233275302, 0.7089734769916143, 0.6993450715343765, 0.6852131653480392, 0.6740253176303675, 0.6640213192041564, 0.6485105959777719, 0.6273269594939326, 0.6065738347416849, 0.5768664426656089, 0.5447967731333441, 0.51640728186394, 0.48801546930659834, 0.4723189307563328, 0.4685147098206358, 0.467253953723618, 0.4663787041098346, 0.46475505639070613, 0.46186265508545965, 0.45739106694551435, 0.4545777647001673, 0.45421834358653257, 0.4540369801421954, 0.45384303452295305, 0.45363447263322054, 0.4532542584426206, 0.45253777506132675, 0.45127079132299375, 0.45009024013415966, 0.4489696801369053, 0.4476770682530786, 0.44701278536359, 0.44673241971408817, 0.4467051936381027, 0.44670471198980655, 0.4467045779887949, 0.4467045763100739]}, "4": {"maxiter": 100, "gtol": 1e-10, "xrtol": 1e-05, "eps": 1e-05, "duration": 0.2420337200164795, "fun": "0.44670457635432703", "jac": "[-3.28548300e-07  5.15920640e-08 -8.47544257e-08  2.82829316e-07\n  1.02473585e-08  4.58744154e-08]", "hess_inv": "[[  4.33712966   4.43726869   2.5897725    1.86551499  -0.35464335\n    2.17521495]\n [  4.43726869  41.14166588  27.17994179  10.40210762  -4.80329185\n   18.27763935]\n [  2.5897725   27.17994179  22.56427219   6.66332496  -3.88237345\n   11.05361423]\n [  1.86551499  10.40210762   6.66332496   8.21462081  -0.51713337\n    4.81289555]\n [ -0.35464335  -4.80329185  -3.88237345  -0.51713337  27.62940932\n  -25.61013125]\n [  2.17521495  18.27763935  11.05361423   4.81289555 -25.61013125\n   33.80086644]]", "nfev": "294", "njev": "42", "status": "0", "success": "True", "message": "Optimization terminated successfully.", "x": "[ 3.78295096  1.78131353  3.50466807  0.39663523  2.22458911 -3.62122708]", "nit": "40", "callback": [0.7286323227430198, 0.7221351675644303, 0.7143173069972413, 0.7089736729139843, 0.6993455087890446, 0.6852142617807413, 0.6740268667693716, 0.6640232827761379, 0.648512788836562, 0.6273313904254829, 0.6065815665697067, 0.5768769872331216, 0.5448050557615953, 0.5164194073246877, 0.48797961437955495, 0.4723224604351203, 0.4685141874907016, 0.4672528679718504, 0.466378245305044, 0.4647557944070929, 0.4618655635965436, 0.45739594354196866, 0.454579189572477, 0.45422018443304735, 0.45403912488988163, 0.45384532946226175, 0.45363664850432306, 0.45325667122429236, 0.45254018535653995, 0.45127303727661594, 0.45009306385815895, 0.4489700864053995, 0.4476746731046628, 0.44701300936750965, 0.4467323372356752, 0.44670518437907014, 0.4467046992703957, 0.4467045784817746, 0.4467045764492745, 0.44670457635432703]}, "5": {"maxiter": 100, "gtol": 1e-10, "xrtol": 1e-05, "eps": 1e-10, "duration": 0.23619318008422852, "fun": "0.4467045762265912", "jac": "[ 0.00000000e+00  0.00000000e+00 -1.11022293e-06 -1.11022293e-06\n -2.22044587e-06 -3.33066880e-06]", "hess_inv": "[[  4.55563732   4.6330558    2.63595168   2.01041593  -0.75521585\n    2.72528749]\n [  4.6330558   41.40529369  27.01331263  11.04449243  -3.98848586\n   18.18578943]\n [  2.63595168  27.01331263  22.16951687   7.03506426  -2.74138853\n   10.38761258]\n [  2.01041593  11.04449243   7.03506426   8.61098562  -0.91151904\n    5.55556349]\n [ -0.75521585  -3.98848586  -2.74138853  -0.91151904  25.7349988\n  -24.3729935 ]\n [  2.72528749  18.18578943  10.38761258   5.55556349 -24.3729935\n   33.50240516]]", "nfev": "294", "njev": "42", "status": "0", "success": "True", "message": "Optimization terminated successfully.", "x": "[ 3.78296712  1.78138598  3.50472058  0.39665032  2.22458797 -3.62120007]", "nit": "40", "callback": [0.7286322941320449, 0.7221352281713529, 0.7143173233275302, 0.7089734769916143, 0.6993450715343765, 0.6852131653480392, 0.6740253176303675, 0.6640213192041564, 0.6485105959777719, 0.6273269594939326, 0.6065738347416849, 0.5768664426656089, 0.5447967731333441, 0.51640728186394, 0.48801546930659834, 0.4723189307563328, 0.4685147098206358, 0.467253953723618, 0.4663787041098346, 0.46475505639070613, 0.46186265508545965, 0.45739106694551435, 0.4545777647001673, 0.45421834358653257, 0.4540369801421954, 0.45384303452295305, 0.45363447263322054, 0.4532542584426206, 0.45253777506132675, 0.45127079132299375, 0.45009024013415966, 0.4489696801369053, 0.4476770682530786, 0.44701278536359, 0.44673241971408817, 0.4467051936381027, 0.44670471198980655, 0.4467045779887949, 0.4467045763100739, 0.4467045762265912]}, "6": {"maxiter": 100, "gtol": 1e-10, "xrtol": 1e-10, "eps": 1e-05, "duration": 0.7788770198822021, "fun": "0.44670457635432703", "jac": "[-3.28548300e-07  5.15920640e-08 -8.47544257e-08  2.82829316e-07\n  1.02473585e-08  4.58744154e-08]", "hess_inv": "[[  4.23849875   4.64259      2.77403172   1.92232539  -0.32459893\n    2.13374559]\n [  4.64259     40.73982099  26.76825393  10.36685974  -4.92810054\n   18.49488402]\n [  2.77403172  26.76825393  22.25094704   6.46594163  -3.87005877\n   10.98717906]\n [  1.92232539  10.36685974   6.46594163   8.45135805  -0.73654452\n    5.26172714]\n [ -0.32459893  -4.92810054  -3.87005877  -0.73654452  27.77184522\n  -25.91622611]\n [  2.13374559  18.49488402  10.98717906   5.26172714 -25.91622611\n   34.45358271]]", "nfev": "516", "njev": "72", "status": "2", "success": "False", "message": "Desired error not necessarily achieved due to precision loss.", "x": "[ 3.78295096  1.78131353  3.50466807  0.39663523  2.22458911 -3.62122708]", "nit": "40", "callback": [0.7286323227430198, 0.7221351675644303, 0.7143173069972413, 0.7089736729139843, 0.6993455087890446, 0.6852142617807413, 0.6740268667693716, 0.6640232827761379, 0.648512788836562, 0.6273313904254829, 0.6065815665697067, 0.5768769872331216, 0.5448050557615953, 0.5164194073246877, 0.48797961437955495, 0.4723224604351203, 0.4685141874907016, 0.4672528679718504, 0.466378245305044, 0.4647557944070929, 0.4618655635965436, 0.45739594354196866, 0.454579189572477, 0.45422018443304735, 0.45403912488988163, 0.45384532946226175, 0.45363664850432306, 0.45325667122429236, 0.45254018535653995, 0.45127303727661594, 0.45009306385815895, 0.4489700864053995, 0.4476746731046628, 0.44701300936750965, 0.4467323372356752, 0.44670518437907014, 0.4467046992703957, 0.4467045784817746, 0.4467045764492745, 0.44670457635432703]}, "7": {"maxiter": 100, "gtol": 1e-10, "xrtol": 1e-10, "eps": 1e-10, "duration": 0.30586957931518555, "fun": "0.4467045762107956", "jac": "[ 0.00000000e+00  0.00000000e+00 -1.11022293e-06  0.00000000e+00\n -1.11022293e-06 -1.11022293e-06]", "hess_inv": "[[ 2.74738446 -0.56984516 -0.41290929 -1.55253741 -2.25111723  1.29826121]\n [-0.56984516  1.12996371 -0.42831586  1.83158031 -1.2154989   1.85255057]\n [-0.41290929 -0.42831586  2.06348388  1.20685687  1.54839657 -2.23644994]\n [-1.55253741  1.83158031  1.20685687  4.87054697 -0.88294694  1.46907787]\n [-2.25111723 -1.2154989   1.54839657 -0.88294694  8.83354808 -8.76803345]\n [ 1.29826121  1.85255057 -2.23644994  1.46907787 -8.76803345 11.40158465]]", "nfev": "385", "njev": "55", "status": "2", "success": "False", "message": "Desired error not necessarily achieved due to precision loss.", "x": "[ 3.78296793  1.78140359  3.50473041  0.39666327  2.22456991 -3.62117803]", "nit": "45", "callback": [0.7286322941320449, 0.7221352281713529, 0.7143173233275302, 0.7089734769916143, 0.6993450715343765, 0.6852131653480392, 0.6740253176303675, 0.6640213192041564, 0.6485105959777719, 0.6273269594939326, 0.6065738347416849, 0.5768664426656089, 0.5447967731333441, 0.51640728186394, 0.48801546930659834, 0.4723189307563328, 0.4685147098206358, 0.467253953723618, 0.4663787041098346, 0.46475505639070613, 0.46186265508545965, 0.45739106694551435, 0.4545777647001673, 0.45421834358653257, 0.4540369801421954, 0.45384303452295305, 0.45363447263322054, 0.4532542584426206, 0.45253777506132675, 0.45127079132299375, 0.45009024013415966, 0.4489696801369053, 0.4476770682530786, 0.44701278536359, 0.44673241971408817, 0.4467051936381027, 0.44670471198980655, 0.4467045779887949, 0.4467045763100739, 0.4467045762265912, 0.44670457621959414, 0.4467045762137648, 0.4467045762111215, 0.4467045762107956, 0.4467045762107956]}, "8": {"maxiter": 500, "gtol": 1e-05, "xrtol": 1e-05, "eps": 1e-05, "duration": 0.29478907585144043, "fun": "0.4467045764492745", "jac": "[ 2.27615704e-06 -1.16776588e-06 -1.74971149e-06  1.92904581e-06\n  2.06826778e-06  3.25437455e-06]", "hess_inv": "[[  4.47770007   4.09535203   2.12093032   2.03618557  -0.76459124\n    2.83055821]\n [  4.09535203  41.21919513  27.52452545  10.10734493  -5.00943926\n   18.11753315]\n [  2.12093032  27.52452545  23.28821253   6.22110984  -3.78485887\n   10.38101548]\n [  2.03618557  10.10734493   6.22110984   8.40262473  -0.82280484\n    5.37969674]\n [ -0.76459124  -5.00943926  -3.78485887  -0.82280484  26.90499993\n  -25.23337528]\n [  2.83055821  18.11753315  10.38101548   5.37969674 -25.23337528\n   34.1296191