{"date": "2024/10/27/, 08:12:34", "conf_id": 118, "data_type": "orthogonal\n", "num_data_points": 2, "s_rank": 0, "unitary": "[[-0.53618537-0.34368723j,-0.12107031-0.46226139j,-0.07699282-0.46603512j,0.36022595-0.11472301j],[0.26026499-0.63450712j,-0.56616638+0.37832564j,-0.14988651+0.08458591j,0.10363514-0.16008501j],[-0.32580188-0.11070003j,-0.36476308-0.23593218j,0.02559343+0.41761608j,-0.25598305+0.6725303j],[0.07406738-0.0126433j,0.28513701+0.19483972j,-0.74939717-0.10299659j,0.29798249+0.46269921j]]", "databatch_0": {"databatch": "[[[-0.01659617+0.09520321j,-0.0333034+0.06740717j,0.25166887+0.08341467j,0.01210156-0.05044265j],[0.12270711+0.5792981j,-0.04293973+0.30145043j,-0.24443457-0.03991377j,-0.15822463+0.10730037j],[0.25274437+0.09927919j,0.106066-0.22305915j,0.0142561+0.03462892j,0.20657656-0.22716934j],[0.1412395-0.04890564j,-0.22780604-0.15048648j,-0.04145631-0.04327656j,0.17711101+0.09223394j]],[[-0.0073928+0.116056j,-0.04662392+0.05956955j,0.3318391+0.1056788j,0.02663772-0.01620805j],[0.16632134+0.37576402j,-0.1412314+0.18933807j,-0.20370981-0.03082616j,-0.1483238-0.00301614j],[0.18642935+0.22716014j,0.03841379-0.31957517j,-0.00497095-0.05411774j,0.23501403-0.32126583j],[0.17543075+0.02816876j,-0.32562898-0.17000082j,-0.03947016-0.09618648j,0.18835828+0.07233359j]]]", "initial param values": "[3.72299766,3.90701198,1.78368661,0.28461202,1.15767073,0.21376244]", "nelder_mead": {"type": "gradient-free", "0": {"maxiter": 100, "fatol": 1e-05, "xatol": 1e-05, "duration": 0.35063719749450684, "fun": "0.7225444278397662", "nit": "100", "nfev": "159", "status": "2", "success": "False", "message": "Maximum number of iterations has been exceeded.", "x": "[4.10620628 0.07085819 1.0998418  0.11061052 2.42469867 0.50728717]", "final_simplex": "(array([[ 4.10620628,  0.07085819,  1.0998418 ,  0.11061052,  2.42469867,\n         0.50728717],\n       [ 4.23952477, -0.23934786,  0.70628536,  0.13280155,  2.46022993,\n         0.53397219],\n       [ 4.0109751 , -0.15943615,  0.9403321 ,  0.12871029,  2.51255307,\n         0.5186774 ],\n       [ 4.06608653, -0.41921419,  0.77113019,  0.15704051,  2.53492697,\n         0.51552479],\n       [ 3.69757088, -0.76373103,  0.83253827,  0.14284532,  2.81871383,\n         0.52650129],\n       [ 3.79536144, -0.58458617,  0.90226297,  0.19553297,  2.55616987,\n         0.46541318],\n       [ 3.88173641, -0.24706346,  0.60416788,  0.17036417,  2.57250474,\n         0.52335242]]), array([0.72254443, 0.72258038, 0.72488751, 0.7290081 , 0.73850719,\n       0.75759111, 0.76009714]))", "callback": [0.9622245927308822, 0.9373239570819412, 0.9291742104644258, 0.8955406148150632, 0.8683848559703689, 0.8652207479710923, 0.8312871017516029, 0.793639402146821, 0.788789027833209, 0.7630692487812746]}, "1": {"maxiter": 100, "fatol": 1e-05, "xatol": 1e-10, "duration": 0.2508218288421631, "fun": "0.7225444278397662", "nit": "100", "nfev": "159", "status": "2", "success": "False", "message": "Maximum number of iterations has been exceeded.", "x": "[4.10620628 0.07085819 1.0998418  0.11061052 2.42469867 0.50728717]", "final_simplex": "(array([[ 4.10620628,  0.07085819,  1.0998418 ,  0.11061052,  2.42469867,\n         0.50728717],\n       [ 4.23952477, -0.23934786,  0.70628536,  0.13280155,  2.46022993,\n         0.53397219],\n       [ 4.0109751 , -0.15943615,  0.9403321 ,  0.12871029,  2.51255307,\n         0.5186774 ],\n       [ 4.06608653, -0.41921419,  0.77113019,  0.15704051,  2.53492697,\n         0.51552479],\n       [ 3.69757088, -0.76373103,  0.83253827,  0.14284532,  2.81871383,\n         0.52650129],\n       [ 3.79536144, -0.58458617,  0.90226297,  0.19553297,  2.55616987,\n         0.46541318],\n       [ 3.88173641, -0.24706346,  0.60416788,  0.17036417,  2.57250474,\n         0.52335242]]), array([0.72254443, 0.72258038, 0.72488751, 0.7290081 , 0.73850719,\n       0.75759111, 0.76009714]))", "callback": [0.9622245927308822, 0.9373239570819412, 0.9291742104644258, 0.8955406148150632, 0.8683848559703689, 0.8652207479710923, 0.8312871017516029, 0.793639402146821, 0.788789027833209, 0.7630692487812746]}, "2": {"maxiter": 100, "fatol": 1e-10, "xatol": 1e-05, "duration": 0.23429584503173828, "fun": "0.7225444278397662", "nit": "100", "nfev": "159", "status": "2", "success": "False", "message": "Maximum number of iterations has been exceeded.", "x": "[4.10620628 0.07085819 1.0998418  0.11061052 2.42469867 0.50728717]", "final_simplex": "(array([[ 4.10620628,  0.07085819,  1.0998418 ,  0.11061052,  2.42469867,\n         0.50728717],\n       [ 4.23952477, -0.23934786,  0.70628536,  0.13280155,  2.46022993,\n         0.53397219],\n       [ 4.0109751 , -0.15943615,  0.9403321 ,  0.12871029,  2.51255307,\n         0.5186774 ],\n       [ 4.06608653, -0.41921419,  0.77113019,  0.15704051,  2.53492697,\n         0.51552479],\n       [ 3.69757088, -0.76373103,  0.83253827,  0.14284532,  2.81871383,\n         0.52650129],\n       [ 3.79536144, -0.58458617,  0.90226297,  0.19553297,  2.55616987,\n         0.46541318],\n       [ 3.88173641, -0.24706346,  0.60416788,  0.17036417,  2.57250474,\n         0.52335242]]), array([0.72254443, 0.72258038, 0.72488751, 0.7290081 , 0.73850719,\n       0.75759111, 0.76009714]))", "callback": [0.9622245927308822, 0.9373239570819412, 0.9291742104644258, 0.8955406148150632, 0.8683848559703689, 0.8652207479710923, 0.8312871017516029, 0.793639402146821, 0.788789027833209, 0.7630692487812746]}, "3": {"maxiter": 100, "fatol": 1e-10, "xatol": 1e-10, "duration": 0.25070858001708984, "fun": "0.7225444278397662", "nit": "100", "nfev": "159", "status": "2", "success": "False", "message": "Maximum number of iterations has been exceeded.", "x": "[4.10620628 0.07085819 1.0998418  0.11061052 2.42469867 0.50728717]", "final_simplex": "(array([[ 4.10620628,  0.07085819,  1.0998418 ,  0.11061052,  2.42469867,\n         0.50728717],\n       [ 4.23952477, -0.23934786,  0.70628536,  0.13280155,  2.46022993,\n         0.53397219],\n       [ 4.0109751 , -0.15943615,  0.9403321 ,  0.12871029,  2.51255307,\n         0.5186774 ],\n       [ 4.06608653, -0.41921419,  0.77113019,  0.15704051,  2.53492697,\n         0.51552479],\n       [ 3.69757088, -0.76373103,  0.83253827,  0.14284532,  2.81871383,\n         0.52650129],\n       [ 3.79536144, -0.58458617,  0.90226297,  0.19553297,  2.55616987,\n         0.46541318],\n       [ 3.88173641, -0.24706346,  0.60416788,  0.17036417,  2.57250474,\n         0.52335242]]), array([0.72254443, 0.72258038, 0.72488751, 0.7290081 , 0.73850719,\n       0.75759111, 0.76009714]))", "callback": [0.9622245927308822, 0.9373239570819412, 0.9291742104644258, 0.8955406148150632, 0.8683848559703689, 0.8652207479710923, 0.8312871017516029, 0.793639402146821, 0.788789027833209, 0.7630692487812746]}, "4": {"maxiter": 500, "fatol": 1e-05, "xatol": 1e-05, "duration": 0.7986152172088623, "fun": "0.37292074718524715", "nit": "500", "nfev": "769", "status": "2", "success": "False", "message": "Maximum number of iterations has been exceeded.", "x": "[ 4.25877551 -0.15820787  1.02984029 -1.58268078  1.65134499  2.03556237]", "final_simplex": "(array([[ 4.25877551, -0.15820787,  1.02984029, -1.58268078,  1.65134499,\n         2.03556237],\n       [ 4.26832705, -0.17042639,  0.99578272, -1.5630388 ,  1.6684669 ,\n         2.00632428],\n       [ 4.26733627, -0.17160224,  1.02684312, -1.58522491,  1.66340182,\n         2.0220397 ],\n       [ 4.2803814 , -0.15841066,  1.0213586 , -1.58790262,  1.68029279,\n         2.02298808],\n       [ 4.25333232, -0.15612609,  1.04296161, -1.57739182,  1.64488423,\n         2.0277499 ],\n       [ 4.2723955 , -0.15519196,  1.0217204 , -1.58195647,  1.65752812,\n         2.02010377],\n       [ 4.25008631, -0.16562514,  1.01504047, -1.58251449,  1.67825634,\n         2.02323537]]), array([0.37292075, 0.37298991, 0.37302221, 0.37305837, 0.37306954,\n       0.37315486, 0.37315547]))", "callback": [0.9622245927308822, 0.9373239570819412, 0.9291742104644258, 0.8955406148150632, 0.8683848559703689, 0.8652207479710923, 0.8312871017516029, 0.793639402146821, 0.788789027833209, 0.7630692487812746, 0.6712634448031949, 0.6196966426875332, 0.5981984629658161, 0.5969319375374373, 0.5961265587953082, 0.5959926548161901, 0.5959740685797935, 0.5959595267053386, 0.5959090418294599, 0.5957936369504657, 0.5955994212856853, 0.5952122662745458, 0.593757580879912, 0.5881882426724062, 0.5672395487348891, 0.5503413859614302, 0.5415018288789568, 0.48962158230925057, 0.45678505522454904, 0.4223006683749747, 0.4108160529941536, 0.4071640356615973, 0.40084915884696937, 0.3898757806215708, 0.37997873805690785, 0.3747951612910395, 0.3747951612910395, 0.37433500556044896, 0.37426585537658397, 0.37424894935007647, 0.3742460854001387, 0.3742442732982433, 0.3742404314450948, 0.37423186269510644, 0.37419960898052684, 0.3741142839249457, 0.37394762642600876, 0.37368905175425793, 0.37343400465783294, 0.3731554659660785]}, "5": {"maxiter": 500, "fatol": 1e-05, "xatol": 1e-10, "duration": 0.6155600547790527, "fun": "0.37292074718524715", "nit": "500", "nfev": "769", "status": "2", "success": "False", "message": "Maximum number of iterations has been exceeded.", "x": "[ 4.25877551 -0.15820787  1.02984029 -1.58268078  1.65134499  2.03556237]", "final_simplex": "(array([[ 4.25877551, -0.15820787,  1.02984029, -1.58268078,  1.65134499,\n         2.03556237],\n       [ 4.26832705, -0.17042639,  0.99578272, -1.5630388 ,  1.6684669 ,\n         2.00632428],\n       [ 4.26733627, -0.17160224,  1.02684312, -1.58522491,  1.66340182,\n         2.0220397 ],\n       [ 4.2803814 , -0.15841066,  1.0213586 , -1.58790262,  1.68029279,\n         2.02298808],\n       [ 4.25333232, -0.15612609,  1.04296161, -1.57739182,  1.64488423,\n         2.0277499 ],\n       [ 4.2723955 , -0.15519196,  1.0217204 , -1.58195647,  1.65752812,\n         2.02010377],\n       [ 4.25008631, -0.16562514,  1.01504047, -1.58251449,  1.67825634,\n         2.02323537]]), array([0.37292075, 0.37298991, 0.37302221, 0.37305837, 0.37306954,\n       0.37315486, 0.37315547]))", "callback": [0.9622245927308822, 0.9373239570819412, 0.9291742104644258, 0.8955406148150632, 0.8683848559703689, 0.8652207479710923, 0.8312871017516029, 0.793639402146821, 0.788789027833209, 0.7630692487812746, 0.6712634448031949, 0.6196966426875332, 0.5981984629658161, 0.5969319375374373, 0.5961265587953082, 0.5959926548161901, 0.5959740685797935, 0.5959595267053386, 0.5959090418294599, 0.5957936369504657, 0.5955994212856853, 0.5952122662745458, 0.593757580879912, 0.5881882426724062, 0.5672395487348891, 0.5503413859614302, 0.5415018288789568, 0.48962158230925057, 0.45678505522454904, 0.4223006683749747, 0.4108160529941536, 0.4071640356615973, 0.40084915884696937, 0.3898757806215708, 0.37997873805690785, 0.3747951612910395, 0.3747951612910395, 0.37433500556044896, 0.37426585537658397, 0.37424894935007647, 0.3742460854001387, 0.3742442732982433, 0.3742404314450948, 0.37423186269510644, 0.37419960898052684, 0.3741142839249457, 0.37394762642600876, 0.37368905175425793, 0.37343400465783294, 0.3731554659660785]}, "6": {"maxiter": 500, "fatol": 1e-10, "xatol": 1e-05, "duration": 0.8367304801940918, "fun": "0.37292074718524715", "nit": "500", "nfev": "769", "status": "2", "success": "False", "message": "Maximum number of iterations has been exceeded.", "x": "[ 4.25877551 -0.15820787  1.02984029 -1.58268078  1.65134499  2.03556237]", "final_simplex": "(array([[ 4.25877551, -0.15820787,  1.02984029, -1.58268078,  1.65134499,\n         2.03556237],\n       [ 4.26832705, -0.17042639,  0.99578272, -1.5630388 ,  1.6684669 ,\n         2.00632428],\n       [ 4.26733627, -0.17160224,  1.02684312, -1.58522491,  1.66340182,\n         2.0220397 ],\n       [ 4.2803814 , -0.15841066,  1.0213586 , -1.58790262,  1.68029279,\n         2.02298808],\n       [ 4.25333232, -0.15612609,  1.04296161, -1.57739182,  1.64488423,\n         2.0277499 ],\n       [ 4.2723955 , -0.15519196,  1.0217204 , -1.58195647,  1.65752812,\n         2.02010377],\n       [ 4.25008631, -0.16562514,  1.01504047, -1.58251449,  1.67825634,\n         2.02323537]]), array([0.37292075, 0.37298991, 0.37302221, 0.37305837, 0.37306954,\n       0.37315486, 0.37315547]))", "callback": [0.9622245927308822, 0.9373239570819412, 0.9291742104644258, 0.8955406148150632, 0.8683848559703689, 0.8652207479710923, 0.8312871017516029, 0.793639402146821, 0.788789027833209, 0.7630692487812746, 0.6712634448031949, 0.6196966426875332, 0.5981984629658161, 0.5969319375374373, 0.5961265587953082, 0.5959926548161901, 0.5959740685797935, 0.5959595267053386, 0.5959090418294599, 0.5957936369504657, 0.5955994212856853, 0.5952122662745458, 0.593757580879912, 0.5881882426724062, 0.5672395487348891, 0.5503413859614302, 0.5415018288789568, 0.48962158230925057, 0.45678505522454904, 0.4223006683749747, 0.4108160529941536, 0.4071640356615973, 0.40084915884696937, 0.3898757806215708, 0.37997873805690785, 0.3747951612910395, 0.3747951612910395, 0.37433500556044896, 0.37426585537658397, 0.37424894935007647, 0.3742460854001387, 0.3742442732982433, 0.3742404314450948, 0.37423186269510644, 0.37419960898052684, 0.3741142839249457, 0.37394762642600876, 0.37368905175425793, 0.37343400465783294, 0.3731554659660785]}, "7": {"maxiter": 500, "fatol": 1e-10, "xatol": 1e-10, "duration": 0.8043191432952881, "fun": "0.37292074718524715", "nit": "500", "nfev": "769", "status": "2", "success": "False", "message": "Maximum number of iterations has been exceeded.", "x": "[ 4.25877551 -0.15820787  1.02984029 -1.58268078  1.65134499  2.03556237]", "final_simplex": "(array([[ 4.25877551, -0.15820787,  1.02984029, -1.58268078,  1.65134499,\n         2.03556237],\n       [ 4.26832705, -0.17042639,  0.99578272, -1.5630388 ,  1.6684669 ,\n         2.00632428],\n       [ 4.26733627, -0.17160224,  1.02684312, -1.58522491,  1.66340182,\n         2.0220397 ],\n       [ 4.2803814 , -0.15841066,  1.0213586 , -1.58790262,  1.68029279,\n         2.02298808],\n       [ 4.25333232, -0.15612609,  1.04296161, -1.57739182,  1.64488423,\n         2.0277499 ],\n       [ 4.2723955 , -0.15519196,  1.0217204 , -1.58195647,  1.65752812,\n         2.02010377],\n       [ 4.25008631, -0.16562514,  1.01504047, -1.58251449,  1.67825634,\n         2.02323537]]), array([0.37292075, 0.37298991, 0.37302221, 0.37305837, 0.37306954,\n       0.37315486, 0.37315547]))", "callback": [0.9622245927308822, 0.9373239570819412, 0.9291742104644258, 0.8955406148150632, 0.8683848559703689, 0.8652207479710923, 0.8312871017516029, 0.793639402146821, 0.788789027833209, 0.7630692487812746, 0.6712634448031949, 0.6196966426875332, 0.5981984629658161, 0.5969319375374373, 0.5961265587953082, 0.5959926548161901, 0.5959740685797935, 0.5959595267053386, 0.5959090418294599, 0.5957936369504657, 0.5955994212856853, 0.5952122662745458, 0.593757580879912, 0.5881882426724062, 0.5672395487348891, 0.5503413859614302, 0.5415018288789568, 0.48962158230925057, 0.45678505522454904, 0.4223006683749747, 0.4108160529941536, 0.4071640356615973, 0.40084915884696937, 0.3898757806215708, 0.37997873805690785, 0.3747951612910395, 0.3747951612910395, 0.37433500556044896, 0.37426585537658397, 0.37424894935007647, 0.3742460854001387, 0.3742442732982433, 0.3742404314450948, 0.37423186269510644, 0.37419960898052684, 0.3741142839249457, 0.37394762642600876, 0.37368905175425793, 0.37343400465783294, 0.3731554659660785]}, "8": {"maxiter": 1000, "fatol": 1e-05, "xatol": 1e-05, "duration": 1.062060832977295, "fun": "0.36790988711084505", "nit": "674", "nfev": "1052", "status": "0", "success": "True", "message": "Optimization terminated successfully.", "x": "[ 4.345694   -0.2431872   1.09808761 -1.44385272  1.67357037  2.17506457]", "final_simplex": "(array([[ 4.345694  , -0.2431872 ,  1.09808761, -1.44385272,  1.67357037,\n         2.17506457],\n       [ 4.34569167, -0.24318675,  1.09808847, -1.44386127,  1.67356713,\n         2.17506791],\n       [ 4.34569405, -0.24319088,  1.09808775, -1.44385755,  1.67357058,\n         2.17506524],\n       [ 4.34569367, -0.24318883,  1.09808714, -1.44385533,  1.67357124,\n         2.17506906],\n       [ 4.34569079, -0.24318247,  1.09808884, -1.44385644,  1.67357277,\n         2.17506076],\n       [ 4.34568683, -0.24318766,  1.09807985, -1.44385759,  1.67356972,\n         2.17506186],\n       [ 4.3456854 , -0.24318765,  1.09809   , -1.44385313,  1.67357143,\n         2.17506693]]), array([0.36790989, 0.36790989, 0.36790989, 0.36790989, 0.36790989,\n       0.36790989, 0.36790989]))", "callback": [0.9622245927308822, 0.9373239570819412, 0.9291742104644258, 0.8955406148150632, 0.8683848559703689, 0.8652207479710923, 0.8312871017516029, 0.793639402146821, 0.788789027833209, 0.7630692487812746, 0.6712634448031949, 0.6196966426875332, 0.5981984629658161, 0.5969319375374373, 0.5961265587953082, 0.5959926548161901, 0.5959740685797935, 0.5959595267053386, 0.5959090418294599, 0.5957936369504657, 0.5955994212856853, 0.5952122662745458, 0.593757580879912, 0.5881882426724062, 0.5672395487348891, 0.5503413859614302, 0.5415018288789568, 0.48962158230925057, 0.45678505522454904, 0.4223006683749747, 0.4108160529941536, 0.4071640356615973, 0.40084915884696937, 0.3898757806215708, 0.37997873805690785, 0.3747951612910395, 0.3747951612910395, 0.37433500556044896, 0.37426585537658397, 0.37424894935007647, 0.3742460854001387, 0.3742442732982433, 0.3742404314450948, 0.37423186269510644, 0.37419960898052684, 0.3741142839249457, 0.37394762642600876, 0.37368905175425793, 0.37343400465783294, 0.3731554659660785, 0.37253685713150353, 0.3716252216309688, 0.3702649019124602, 0.3686946623796862, 0.36796801645504906, 0.36793385941555634, 0.36792116475115944, 0.3679153032929864, 0.3679116282961039, 0.36791032564177295, 0.36791003705058245, 0.36790991082688795, 0.36790989219103243, 0.36790988815402625, 0.367909887375372, 0.3679098871948958, 0.3679098871266484, 0.367909887111035]}, "9": {"maxiter": 1000, "fatol": 1e-05, "xatol": 1e-10, "duration": 1.1376428604125977, "fun": "0.3679098871050608", "nit": "784", "nfev": "1283", "status": "0", "success": "True", "message": "Optimization terminated successfully.", "x": "[ 4.34569028 -0.24318694  1.09808869 -1.44385605  1.67356574  2.17506529]", "final_simplex": "(array([[ 4.34569028, -0.24318694,  1.09808869, -1.44385605,  1.67356574,\n         2.17506529],\n       [ 4.34569028, -0.24318694,  1.09808869, -1.44385605,  1.67356574,\n         2.17506529],\n       [ 4.34569028, -0.24318694,  1.09808869, -1.44385605,  1.67356574,\n         2.17506529],\n       [ 4.34569028, -0.24318694,  1.09808869, -1.44385605,  1.67356574,\n         2.17506529],\n       [ 4.34569028, -0.24318694,  1.09808869, -1.44385605,  1.67356574,\n         2.17506529],\n       [ 4.34569028, -0.24318694,  1.09808869, -1.44385605,  1.67356574,\n         2.17506529],\n       [ 4.34569028, -0.24318694,  1.09808869, -1.44385605,  1.67356574,\n         2.17506529]]), array([0.36790989, 0.36790989, 0.36790989, 0.36790989, 0.36790989,\n       0.36790989, 0.36790989]))", "callback": [0.9622245927308822, 0.9373239570819412, 0.9291742104644258, 0.8955406148150632, 0.8683848559703689, 0.8652207479710923, 0.8312871017516029, 0.793639402146821, 0.788789027833209, 0.7630692487812746, 0.6712634448031949, 0.6196966426875332, 0.5981984629658161, 0.5969319375374373, 0.5961265587953082, 0.5959926548161901, 0.5959740685797935, 0.5959595267053386, 0.5959090418294599, 0.5957936369504657, 0.5955994212856853, 0.5952122662745458, 0.593757580879912, 0.5881882426724062, 0.5672395487348891, 0.5503413859614302, 0.5415018288789568, 0.48962158230925057, 0.45678505522454904, 0.4223006683749747, 0.4108160529941536, 0.4071640356615973, 0.40084915884696937, 0.3898757806215708, 0.37997873805690785, 0.3747951612910395, 0.3747951612910395, 0.37433500556044896, 0.37426585537658397, 0.37424894935007647, 0.3742460854001387, 0.3742442732982433, 0.3742404314450948, 0.37423186269510644, 0.37419960898052684, 0.3741142839249457, 0.37394762642600876, 0.37368905175425793, 0.37343400465783294, 0.3731554659660785, 0.37253685713150353, 0.3716252216309688, 0.3702649019124602, 0.3686946623796862, 0.36796801645504906, 0.36793385941555634, 0.36792116475115944, 0.3679153032929864, 0.3679116282961039, 0.36791032564177295, 0.36791003705058245, 0.36790991082688795, 0.36790989219103243, 0.36790988815402625, 0.367909887375372, 0.3679098871948958, 0.3679098871266484, 0.367909887111035, 0.3679098871069645, 0.3679098871056138, 0.3679098871052443, 0.36790988710510564, 0.3679098871050752, 0.36790988710506456, 0.367909887105062, 0.36790988710506123, 0.367909887105061, 0.3679098871050609, 0.3679098871050609]}, "10": {"maxiter": 1000, "fatol": 1e-10, "xatol": 1e-05, "duration": 1.448019027709961, "fun": "0.36790988711084505", "nit": "674", "nfev": "1052", "status": "0", "success": "True", "message": "Optimization terminated successfully.", "x": "[ 4.345694   -0.2431872   1.09808761 -1.44385272  1.67357037  2.17506457]", "final_simplex": "(array([[ 4.345694  , -0.2431872 ,  1.09808761, -1.44385272,  1.67357037,\n         2.17506457],\n       [ 4.34569167, -0.24318675,  1.09808847, -1.44386127,  1.67356713,\n         2.17506791],\n       [ 4.34569405, -0.24319088,  1.09808775, -1.44385755,  1.67357058,\n         2.17506524],\n       [ 4.34569367, -0.24318883,  1.09808714, -1.44385533,  1.67357124,\n         2.17506906],\n       [ 4.34569079, -0.24318247,  1.09808884, -1.44385644,  1.67357277,\n         2.17506076],\n       [ 4.34568683, -0.24318766,  1.09807985, -1.44385759,  1.67356972,\n         2.17506186],\n       [ 4.3456854 , -0.24318765,  1.09809   , -1.44385313,  1.67357143,\n         2.17506693]]), array([0.36790989, 0.36790989, 0.36790989, 0.36790989, 0.36790989,\n       0.36790989, 0.36790989]))", "callback": [0.9622245927308822, 0.9373239570819412, 0.9291742104644258, 0.8955406148150632, 0.8683848559703689, 0.8652207479710923, 0.8312871017516029, 0.793639402146821, 0.788789027833209, 0.7630692487812746, 0.6712634448031949, 0.6196966426875332, 0.5981984629658161, 0.5969319375374373, 0.5961265587953082, 0.5959926548161901, 0.5959740685797935, 0.5959595267053386, 0.5959090418294599, 0.5957936369504657, 0.5955994212856853, 0.5952122662745458, 0.593757580879912, 0.5881882426724062, 0.5672395487348891, 0.5503413859614302, 0.5415018288789568, 0.48962158230925057, 0.45678505522454904, 0.4223006683749747, 0.4108160529941536, 0.4071640356615973, 0.40084915884696937, 0.3898757806215708, 0.37997873805690785, 0.3747951612910395, 0.3747951612910395, 0.37433500556044896, 0.37426585537658397, 0.37424894935007647, 0.3742460854001387, 0.3742442732982433, 0.3742404314450948, 0.37423186269510644, 0.37419960898052684, 0.3741142839249457, 0.37394762642600876, 0.37368905175425793, 0.37343400465783294, 0.3731554659660785, 0.37253685713150353, 0.3716252216309688, 0.3702649019124602, 0.3686946623796862, 0.36796801645504906, 0.36793385941555634, 0.36792116475115944, 0.3679153032929864, 0.3679116282961039, 0.36791032564177295, 0.36791003705058245, 0.36790991082688795, 0.36790989219103243, 0.36790988815402625, 0.367909887375372, 0.3679098871948958, 0.3679098871266484, 0.367909887111035]}, "11": {"maxiter": 1000, "fatol": 1e-10, "xatol": 1e-10, "duration": 1.2546133995056152, "fun": "0.3679098871050608", "nit": "784", "nfev": "1283", "status": "0", "success": "True", "message": "Optimization terminated successfully.", "x": "[ 4.34569028 -0.24318694  1.09808869 -1.44385605  1.67356574  2.17506529]", "final_simplex": "(array([[ 4.34569028, -0.24318694,  1.09808869, -1.44385605,  1.67356574,\n         2.17506529],\n       [ 4.34569028, -0.24318694,  1.09808869, -1.44385605,  1.67356574,\n         2.17506529],\n       [ 4.34569028, -0.24318694,  1.09808869, -1.44385605,  1.67356574,\n         2.17506529],\n       [ 4.34569028, -0.24318694,  1.09808869, -1.44385605,  1.67356574,\n         2.17506529],\n       [ 4.34569028, -0.24318694,  1.09808869, -1.44385605,  1.67356574,\n         2.17506529],\n       [ 4.34569028, -0.24318694,  1.09808869, -1.44385605,  1.67356574,\n         2.17506529],\n       [ 4.34569028, -0.24318694,  1.09808869, -1.44385605,  1.67356574,\n         2.17506529]]), array([0.36790989, 0.36790989, 0.36790989, 0.36790989, 0.36790989,\n       0.36790989, 0.36790989]))", "callback": [0.9622245927308822, 0.9373239570819412, 0.9291742104644258, 0.8955406148150632, 0.8683848559703689, 0.8652207479710923, 0.8312871017516029, 0.793639402146821, 0.788789027833209, 0.7630692487812746, 0.6712634448031949, 0.6196966426875332, 0.5981984629658161, 0.5969319375374373, 0.5961265587953082, 0.5959926548161901, 0.5959740685797935, 0.5959595267053386, 0.5959090418294599, 0.5957936369504657, 0.5955994212856853, 0.5952122662745458, 0.593757580879912, 0.5881882426724062, 0.5672395487348891, 0.5503413859614302, 0.5415018288789568, 0.48962158230925057, 0.45678505522454904, 0.4223006683749747, 0.4108160529941536, 0.4071640356615973, 0.40084915884696937, 0.3898757806215708, 0.37997873805690785, 0.3747951612910395, 0.3747951612910395, 0.37433500556044896, 0.37426585537658397, 0.37424894935007647, 0.3742460854001387, 0.3742442732982433, 0.3742404314450948, 0.37423186269510644, 0.37419960898052684, 0.3741142839249457, 0.37394762642600876, 0.37368905175425793, 0.37343400465783294, 0.3731554659660785, 0.37253685713150353, 0.3716252216309688, 0.3702649019124602, 0.3686946623796862, 0.36796801645504906, 0.36793385941555634, 0.36792116475115944, 0.3679153032929864, 0.3679116282961039, 0.36791032564177295, 0.36791003705058245, 0.36790991082688795, 0.36790989219103243, 0.36790988815402625, 0.367909887375372, 0.3679098871948958, 0.3679098871266484, 0.367909887111035, 0.3679098871069645, 0.3679098871056138, 0.3679098871052443, 0.36790988710510564, 0.3679098871050752, 0.36790988710506456, 0.367909887105062, 0.36790988710506123, 0.367909887105061, 0.3679098871050609, 0.3679098871050609]}}, "bfgs": {"type": "gradient", "0": {"maxiter": 100, "gtol": 1e-05, "xrtol": 1e-05, "eps": 1e-05, "duration": 0.42574214935302734, "fun": "0.36790988713294515", "jac": "[ 5.90416604e-08  9.70845626e-07 -5.74307268e-07 -8.67095284e-07\n  9.24593735e-08  1.15797372e-06]", "hess_inv": "[[ 3.89579046  0.40279197 -0.01118949 -0.80996182 -0.29228532 -0.34787296]\n [ 0.40279197  3.98921586  1.21933834 -0.44074546 -0.34385551 -0.77890302]\n [-0.01118949  1.21933834  4.54164842  0.77005056 -0.72608607  1.84390756]\n [-0.80996182 -0.44074546  0.77005056  3.90474757  0.02030136  0.23067955]\n [-0.29228532 -0.34385551 -0.72608607  0.02030136  3.31325118 -0.71876443]\n [-0.34787296 -0.77890302  1.84390756  0.23067955 -0.71876443  4.8732797 ]]", "nfev": "266", "njev": "38", "status": "0", "success": "True", "message": "Optimization terminated successfully.", "x": "[ 1.9374923   2.89840267  4.23966995 -1.443865    1.67356326  2.17506123]", "nit": "31", "callback": [0.8691503477472668, 0.8464600831531974, 0.8199481182464943, 0.7766410476836864, 0.7451376966374658, 0.7297585368790394, 0.7080498362643693, 0.6996900957415431, 0.6968788929712085, 0.6925737500520679, 0.6858554680255979, 0.6745475731875279, 0.6461115288839553, 0.6390075183784518, 0.6263363158896518, 0.6031311477246175, 0.5640139997308201, 0.527231624053861, 0.5109123928064844, 0.4875109813992141, 0.46614406909202566, 0.4385787851675359, 0.40289401468456576, 0.3824022013165096, 0.37004639132258554, 0.3680663915582998, 0.3679230514694207, 0.3679111101207371, 0.36791012646639654, 0.3679098880095112, 0.36790988713294515]}, "1": {"maxiter": 100, "gtol": 1e-05, "xrtol": 1e-05, "eps": 1e-10, "duration": 0.4165475368499756, "fun": "0.3679098871254931", "jac": "[ 2.22044587e-06  1.11022293e-06 -2.22044587e-06  0.00000000e+00\n  0.00000000e+00 -1.11022293e-06]", "hess_inv": "[[ 3.90744362  0.38223637 -0.02636004 -0.8021943  -0.29251915 -0.33924086]\n [ 0.38223637  3.99339647  1.2253976  -0.42884908 -0.33670368 -0.78249901]\n [-0.02636004  1.2253976   4.54752827  0.77210148 -0.72394992  1.84557479]\n [-0.8021943  -0.42884908  0.77210148  3.89190485  0.01367958  0.2290081 ]\n [-0.29251915 -0.33670368 -0.72394992  0.01367958  3.3173205  -0.7169698 ]\n [-0.33924086 -0.78249901  1.84557479  0.2290081  -0.7169698   4.84849503]]", "nfev": "266", "njev": "38", "status": "0", "success": "True", "message": "Optimization terminated successfully.", "x": "[ 1.93750044  2.8984116   4.23967377 -1.44386312  1.67356628  2.1750562 ]", "nit": "31", "callback": [0.8691511950415944, 0.8464614167619835, 0.8199496789684335, 0.7766426903578023, 0.7451389786566522, 0.7297595159530572, 0.7080499973525322, 0.6996899379119124, 0.6968790876569053, 0.6925740572971709, 0.6858555754632918, 0.6745478759539948, 0.6461131445263539, 0.6390108194867464, 0.6263419657403742, 0.6031397573311292, 0.5640235893898309, 0.5272228052978691, 0.5109069173027149, 0.4874963959061397, 0.4661118478944848, 0.4385496417724195, 0.40290152674727076, 0.3824015695343732, 0.3700314837226254, 0.3680665940949681, 0.3679229953694957, 0.367911143615001, 0.3679101301630937, 0.36790988774990585, 0.3679098871254931]}, "2": {"maxiter": 100, "gtol": 1e-05, "xrtol": 1e-10, "eps": 1e-05, "duration": 0.31983280181884766, "fun": "0.36790988713294515", "jac": "[ 5.90416604e-08  9.70845626e-07 -5.74307268e-07 -8.67095284e-07\n  9.24593735e-08  1.15797372e-06]", "hess_inv": "[[ 3.89579046  0.40279197 -0.01118949 -0.80996182 -0.29228532 -0.34787296]\n [ 0.40279197  3.98921586  1.21933834 -0.44074546 -0.34385551 -0.77890302]\n [-0.01118949  1.21933834  4.54164842  0.77005056 -0.72608607  1.84390756]\n [-0.80996182 -0.44074546  0.77005056  3.90474757  0.02030136  0.23067955]\n [-0.29228532 -0.34385551 -0.72608607  0.02030136  3.31325118 -0.71876443]\n [-0.34787296 -0.77890302  1.84390756  0.23067955 -0.71876443  4.8732797 ]]", "nfev": "266", "njev": "38", "status": "0", "success": "True", "message": "Optimization terminated successfully.", "x": "[ 1.9374923   2.89840267  4.23966995 -1.443865    1.67356326  2.17506123]", "nit": "31", "callback": [0.8691503477472668, 0.8464600831531974, 0.8199481182464943, 0.7766410476836864, 0.7451376966374658, 0.7297585368790394, 0.7080498362643693, 0.6996900957415431, 0.6968788929712085, 0.6925737500520679, 0.6858554680255979, 0.6745475731875279, 0.6461115288839553, 0.6390075183784518, 0.6263363158896518, 0.6031311477246175, 0.5640139997308201, 0.527231624053861, 0.5109123928064844, 0.4875109813992141, 0.46614406909202566, 0.4385787851675359, 0.40289401468456576, 0.3824022013165096, 0.37004639132258554, 0.3680663915582998, 0.3679230514694207, 0.3679111101207371, 0.36791012646639654, 0.3679098880095112, 0.36790988713294515]}, "3": {"maxiter": 100, "gtol": 1e-05, "xrtol": 1e-10, "eps": 1e-10, "duration": 0.2062532901763916, "fun": "0.3679098871254931", "jac": "[ 2.22044587e-06  1.11022293e-06 -2.22044587e-06  0.00000000e+00\n  0.00000000e+00 -1.11022293e-06]", "hess_inv": "[[ 3.90744362  0.38223637 -0.02636004 -0.8021943  -0.29251915 -0.33924086]\n [ 0.38223637  3.99339647  1.2253976  -0.42884908 -0.33670368 -0.78249901]\n [-0.02636004  1.2253976   4.54752827  0.77210148 -0.72394992  1.84557479]\n [-0.8021943  -0.42884908  0.77210148  3.89190485  0.01367958  0.2290081 ]\n [-0.29251915 -0.33670368 -0.72394992  0.01367958  3.3173205  -0.7169698 ]\n [-0.33924086 -0.78249901  1.84557479  0.2290081  -0.7169698   4.84849503]]", "nfev": "266", "njev": "38", "status": "0", "success": "True", "message": "Optimization terminated successfully.", "x": "[ 1.93750044  2.8984116   4.23967377 -1.44386312  1.67356628  2.1750562 ]", "nit": "31", "callback": [0.8691511950415944, 0.8464614167619835, 0.8199496789684335, 0.7766426903578023, 0.7451389786566522, 0.7297595159530572, 0.7080499973525322, 0.6996899379119124, 0.6968790876569053, 0.6925740572971709, 0.6858555754632918, 0.6745478759539948, 0.6461131445263539, 0.6390108194867464, 0.6263419657403742, 0.6031397573311292, 0.5640235893898309, 0.5272228052978691, 0.5109069173027149, 0.4874963959061397, 0.4661118478944848, 0.4385496417724195, 0.40290152674727076, 0.3824015695343732, 0.3700314837226254, 0.3680665940949681, 0.3679229953694957, 0.367911143615001, 0.3679101301630937, 0.36790988774990585, 0.3679098871254931]}, "4": {"maxiter": 100, "gtol": 1e-10, "xrtol": 1e-05, "eps": 1e-05, "duration": 0.22919321060180664, "fun": "0.3679098871316133", "jac": "[-1.58095759e-08  4.82724971e-08 -3.87467836e-08  1.12132525e-09\n  2.67230682e-08 -3.13082893e-09]", "hess_inv": "[[ 3.89283568e+00  3.82382380e-01 -2.44759295e-02 -7.80046764e-01\n  -2.85749342e-01 -3.65293821e-01]\n [ 3.82382380e-01  3.92872213e+00  1.21931697e+00 -3.48514659e-01\n  -3.32805692e-01 -8.59459893e-01]\n [-2.44759295e-02  1.21931697e+00  4.58650575e+00  7.74143855e-01\n  -7.35567451e-01  1.81091751e+00]\n [-7.80046764e-01 -3.48514659e-01  7.74143855e-01  3.76449694e+00\n   2.59578454e-03  3.50515464e-01]\n [-2.85749342e-01 -3.32805692e-01 -7.35567451e-01  2.59578454e-03\n   3.31323852e+00 -6.97079998e-01]\n [-3.65293821e-01 -8.59459893e-01  1.81091751e+00  3.50515464e-01\n  -6.97079998e-01  4.79022608e+00]]", "nfev": "273", "njev": "39", "status": "0", "success": "True", "message": "Optimization terminated successfully.", "x": "[ 1.93749146  2.89840026  4.23967004 -1.44386131  1.67356368  2.17505795]", "nit": "32", "callback": [0.8691503477472668, 0.8464600831531974, 0.8199481182464943, 0.7766410476836864, 0.7451376966374658, 0.7297585368790394, 0.7080498362643693, 0.6996900957415431, 0.6968788929712085, 0.6925737500520679, 0.6858554680255979, 0.6745475731875279, 0.6461115288839553, 0.6390075183784518, 0.6263363158896518, 0.6031311477246175, 0.5640139997308201, 0.527231624053861, 0.5109123928064844, 0.4875109813992141, 0.46614406909202566, 0.4385787851675359, 0.40289401468456576, 0.3824022013165096, 0.37004639132258554, 0.3680663915582998, 0.3679230514694207, 0.3679111101207371, 0.36791012646639654, 0.3679098880095112, 0.36790988713294515, 0.3679098871316133]}, "5": {"maxiter": 100, "gtol": 1e-10, "xrtol": 1e-05, "eps": 1e-10, "duration": 0.33321261405944824, "fun": "0.367909887117955", "jac": "[0.00000000e+00 3.33066880e-06 2.22044587e-06 0.00000000e+00\n 0.00000000e+00 2.22044587e-06]", "hess_inv": "[[ 3.76719342  0.11707378 -0.14540068 -0.36148976 -0.19125595 -0.40341429]\n [ 0.11707378  3.83969881  1.45130258 -0.20852203 -0.34206526 -0.53554091]\n [-0.14540068  1.45130258  5.03151553  0.35108246 -0.89332044  2.26887256]\n [-0.36148976 -0.20852203  0.35108246  3.58763757  0.04247469 -0.21864828]\n [-0.19125595 -0.34206526 -0.89332044  0.04247469  3.35563473 -0.87914476]\n [-0.40341429 -0.53554091  2.26887256 -0.21864828 -0.87914476  5.20930379]]", "nfev": "273", "njev": "39", "status": "0", "success": "True", "message": "Optimization terminated successfully.", "x": "[ 1.93749118  2.8984097   4.23968617 -1.44386155  1.67356413  2.17506851]", "nit": "32", "callback": [0.8691511950415944, 0.8464614167619835, 0.8199496789684335, 0.7766426903578023, 0.7451389786566522, 0.7297595159530572, 0.7080499973525322, 0.6996899379119124, 0.6968790876569053, 0.6925740572971709, 0.6858555754632918, 0.6745478759539948, 0.6461131445263539, 0.6390108194867464, 0.6263419657403742, 0.6031397573311292, 0.5640235893898309, 0.5272228052978691, 0.5109069173027149, 0.4874963959061397, 0.4661118478944848, 0.4385496417724195, 0.40290152674727076, 0.3824015695343732, 0.3700314837226254, 0.3680665940949681, 0.3679229953694957, 0.367911143615001, 0.3679101301630937, 0.36790988774990585, 0.3679098871254931, 0.367909887117955]}, "6": {"maxiter": 100, "gtol": 1e-10, "xrtol": 1e-10, "eps": 1e-05, "duration": 0.2205672264099121, "fun": "0.3679098871314309", "jac": "[-6.66133815e-11 -4.44089210e-11 -1.11022302e-11 -5.55111512e-11\n  1.11022302e-11 -4.44089210e-11]", "hess_inv": "[[ 3.88550495e+00  3.63678372e-01 -3.39854518e-03 -7.78668415e-01\n  -2.94737501e-01 -3.72783031e-01]\n [ 3.63678372e-01  4.06433995e+00  1.05823144e+00 -3.59931764e-01\n  -2.28592396e-01 -9.52149041e-01]\n [-3.39854518e-03  1.05823144e+00  4.76915933e+00  7.99056853e-01\n  -8.53425303e-01  1.91048303e+00]\n [-7.78668415e-01 -3.59931764e-01  7.99056853e-01  3.75032466e+00\n  -1.31296391e-02  3.68823825e-01]\n [-2.94737501e-01 -2.28592396e-01 -8.53425303e-01 -1.31296391e-02\n   3.38710056e+00 -7.52202051e-01]\n [-3.72783031e-01 -9.52149041e-01  1.91048303e+00  3.68823825e-01\n  -7.52202051e-01  4.80424298e+00]]", "nfev": "287", "njev": "41", "status": "0", "success": "True", "message": "Optimization terminated successfully.", "x": "[ 1.93749151  2.89840011  4.23967021 -1.44386128  1.67356356  2.17505809]", "nit": "34", "callback": [0.8691503477472668, 0.8464600831531974, 0.8199481182464943, 0.7766410476836864, 0.7451376966374658, 0.7297585368790394, 0.7080498362643693, 0.6996900957415431, 0.6968788929712085, 0.6925737500520679, 0.6858554680255979, 0.6745475731875279, 0.6461115288839553, 0.6390075183784518, 0.6263363158896518, 0.6031311477246175, 0.5640139997308201, 0.527231624053861, 0.5109123928064844, 0.4875109813992141, 0.46614406909202566, 0.4385787851675359, 0.40289401468456576, 0.3824022013165096, 0.37004639132258554, 0.3680663915582998, 0.3679230514694207, 0.3679111101207371, 0.36791012646639654, 0.3679098880095112, 0.36790988713294515, 0.3679098871316133, 0.3679098871314396, 0.3679098871314309]}, "7": {"maxiter": 100, "gtol": 1e-10, "xrtol": 1e-10, "eps": 1e-10, "duration": 0.5062518119812012, "fun": "0.36790988711267814", "jac": "[-1.11022293e-06  1.11022293e-06  2.22044587e-06 -1.11022293e-06\n -2.22044587e-06 -1.11022293e-06]", "hess_inv": "[[ 0.05271535  0.02141916  0.0185877  -0.03807214 -0.0022508  -0.05827715]\n [ 0.02141916  0.02973327  0.01829789 -0.04475185  0.02607277 -0.03779112]\n [ 0.0185877   0.01829789  0.05272862 -0.04639479  0.0657073  -0.03446106]\n [-0.03807214 -0.04475185 -0.04639479  0.07761133 -0.06115607  0.06390998]\n [-0.0022508   0.02607277  0.0657073  -0.06115607  0.10827924 -0.02212424]\n [-0.05827715 -0.03779112 -0.03446106  0.06390998 -0.02212424  0.07698283]]", "nfev": "434", "njev": "62", "status": "0", "success": "True", "message": "Optimization terminated successfully.", "x": "[ 1.93749171  2.89840801  4.23968191 -1.44386097  1.67356324  2.17506564]", "nit": "45", "callback": [0.8691511950415944, 0.8464614167619835, 0.8199496789684335, 0.7766426903578023, 0.7451389786566522, 0.7297595159530572, 0.7080499973525322, 0.6996899379119124, 0.6968790876569053, 0.6925740572971709, 0.6858555754632918, 0.6745478759539948, 0.6461131445263539, 0.6390108194867464, 0.6263419657403742, 0.6031397573311292, 0.5640235893898309, 0.5272228052978691, 0.5109069173027149, 0.4874963959061397, 0.4661118478944848, 0.4385496417724195, 0.40290152674727076, 0.3824015695343732, 0.3700314837226254, 0.3680665940949681, 0.3679229953694957, 0.367911143615001, 0.3679101301630937, 0.36790988774990585, 0.3679098871254931, 0.367909887117955, 0.36790988711618755, 0.36790988711480865, 0.36790988711476535, 0.36790988711474004, 0.36790988711471606, 0.36790988711467765, 0.36790988711371886, 0.36790988711361305, 0.3679098871135347, 0.36790988711268136, 0.3679098871126787, 0.36790988711267836, 0.36790988711267814]}, "8": {"maxiter": 500, "gtol": 1e-05, "xrtol": 1e-05, "eps": 1e-05, "duration": 0.4130687713623047, "fun": "0.36790988713294515", "jac": "[ 5.90416604e-08  9.70845626e-07 -5.74307268e-07 -8.67095284e-07\n  9.24593735e-08  1.15797372e-06]", "hess_inv": "[[ 3.89579046  0.40279197 -0.01118949 -0.80996182 -0.29228532 -0.34787296]\n [ 0.40279197  3.98921586  1.21933834 -0.44074546 -0.34385551 -0.77890302]\n [-0.01118949  1.21933834  4.54164842  0.77005056 -0.72608607  1.84390756]\n [-0.80996182 -0.44074546  0.77005056  3.90474757  0.02030136  0.23067955]\n [-0.29228532 -0.34385551 -0.72608607  0.02030136  3.31325118 -0.71876443]\n [-0.34787296 -0.77890302  1.84390756  0.23067955 -0.71876443  4.8732797 ]]", "nfev": "266", "njev": "38", "status": "0", "success": "True", "message": "Optimization terminated successfully.", "x": "[ 1.9374923   2.89840267  4.23966995 -1.443865    1.67356326  2.17506123]", "nit": "31", "callback": [0.8691503477472668, 0.846460