{"date": "2024/10/30/, 00:58:35", "conf_id": 286, "data_type": "var_s_rank\n", "num_data_points": 3, "s_rank": 0, "unitary": "[[-0.56303964-0.00798273j,-0.21670212-0.15784972j,-0.06047197-0.73952673j,-0.01438004+0.24552571j],[-0.06976756+0.23474685j,-0.01275565-0.5435098j,-0.02703657-0.08917885j,-0.08210486-0.79311774j],[-0.38559961+0.10714929j,0.5933431-0.2687392j,-0.24060861+0.29149289j,-0.45147719+0.26241743j],[-0.50180421+0.45931857j,-0.11617175+0.44134496j,0.49642745+0.22684508j,-0.08544628-0.15407063j]]", "databatch_0": {"databatch": "[[[-0.14054396+0.09287311j,0.07985593-0.30310917j,0.10304236-0.03993037j,-0.15884436+0.13938471j],[0.12372372+0.00645553j,0.00088033-0.00278021j,-0.011341-0.16699543j,0.26795427-0.03517094j],[0.1886854+0.10255047j,-0.10682692+0.43043579j,0.17019347+0.03201829j,0.29602612+0.30885391j],[-0.07583105+0.04426645j,0.20873603+0.18381642j,0.25529861+0.14397613j,-0.09673102+0.25285635j]],[[-0.0118958+0.27804216j,0.17855904+0.16661305j,-0.13294635-0.09929212j,-0.09722391-0.20314993j],[0.44796706-0.01372416j,0.18032403-0.14959133j,-0.01807108+0.13828619j,-0.15538699+0.32238089j],[-0.41873531-0.01198415j,-0.08376018+0.28453961j,-0.09975473-0.18671402j,0.09791514-0.11257832j],[-0.146565-0.02580576j,-0.00892508+0.00801805j,-0.10021758-0.02415458j,-0.06261288-0.1183048j]],[[-0.16281697-0.04195283j,0.03316108+0.24388225j,0.29472802-0.03201027j,-0.20305881+0.22538235j],[-0.00129229-0.18574031j,-0.25104192+0.10445125j,0.1176162+0.30566331j,-0.29815792-0.15303305j],[0.06952473-0.03264039j,-0.08268316-0.07618779j,-0.09441989+0.09708279j,0.00584965-0.13845594j],[0.08056128+0.17326888j,0.19030842-0.20499845j,-0.24065391-0.23580032j,0.34440325+0.01583368j]]]", "initial param values": "[3.72299766,3.90701198,1.78368661,0.28461202,1.15767073,0.21376244]", "nelder_mead": {"type": "gradient-free", "0": {"maxiter": 100, "fatol": 1e-05, "xatol": 1e-05, "duration": 0.1297142505645752, "fun": "0.43261199984178955", "nit": "100", "nfev": "161", "status": "2", "success": "False", "message": "Maximum number of iterations has been exceeded.", "x": "[4.71980383 3.60866492 2.68329835 1.7592491  1.33145861 0.3075197 ]", "final_simplex": "(array([[4.71980383, 3.60866492, 2.68329835, 1.7592491 , 1.33145861,\n        0.3075197 ],\n       [4.74599971, 3.52441908, 2.55455936, 1.8081399 , 1.35968947,\n        0.30632908],\n       [4.46950159, 3.62729188, 2.5588501 , 1.69556741, 1.42533796,\n        0.3018681 ],\n       [4.66602305, 3.72297288, 2.4598955 , 1.67425378, 1.41724822,\n        0.29515626],\n       [4.69457327, 3.78938953, 2.52013063, 1.57654099, 1.33628755,\n        0.3051008 ],\n       [4.66121799, 3.72111505, 2.71045005, 1.78608341, 1.39304942,\n        0.32540509],\n       [4.63858975, 3.54652138, 2.54625068, 1.92516335, 1.37962752,\n        0.32751364]]), array([0.432612  , 0.43346597, 0.43477944, 0.43643027, 0.43672385,\n       0.43804979, 0.43850061]))", "callback": [0.5937108375777027, 0.5621895616043187, 0.5478754380446307, 0.5391426010766429, 0.5292504226184656, 0.5246813845066134, 0.522177903458555, 0.5002893051873882, 0.44402031134319786, 0.43643026793697326]}, "1": {"maxiter": 100, "fatol": 1e-05, "xatol": 1e-10, "duration": 0.12580466270446777, "fun": "0.43261199984178955", "nit": "100", "nfev": "161", "status": "2", "success": "False", "message": "Maximum number of iterations has been exceeded.", "x": "[4.71980383 3.60866492 2.68329835 1.7592491  1.33145861 0.3075197 ]", "final_simplex": "(array([[4.71980383, 3.60866492, 2.68329835, 1.7592491 , 1.33145861,\n        0.3075197 ],\n       [4.74599971, 3.52441908, 2.55455936, 1.8081399 , 1.35968947,\n        0.30632908],\n       [4.46950159, 3.62729188, 2.5588501 , 1.69556741, 1.42533796,\n        0.3018681 ],\n       [4.66602305, 3.72297288, 2.4598955 , 1.67425378, 1.41724822,\n        0.29515626],\n       [4.69457327, 3.78938953, 2.52013063, 1.57654099, 1.33628755,\n        0.3051008 ],\n       [4.66121799, 3.72111505, 2.71045005, 1.78608341, 1.39304942,\n        0.32540509],\n       [4.63858975, 3.54652138, 2.54625068, 1.92516335, 1.37962752,\n        0.32751364]]), array([0.432612  , 0.43346597, 0.43477944, 0.43643027, 0.43672385,\n       0.43804979, 0.43850061]))", "callback": [0.5937108375777027, 0.5621895616043187, 0.5478754380446307, 0.5391426010766429, 0.5292504226184656, 0.5246813845066134, 0.522177903458555, 0.5002893051873882, 0.44402031134319786, 0.43643026793697326]}, "2": {"maxiter": 100, "fatol": 1e-10, "xatol": 1e-05, "duration": 0.1277003288269043, "fun": "0.43261199984178955", "nit": "100", "nfev": "161", "status": "2", "success": "False", "message": "Maximum number of iterations has been exceeded.", "x": "[4.71980383 3.60866492 2.68329835 1.7592491  1.33145861 0.3075197 ]", "final_simplex": "(array([[4.71980383, 3.60866492, 2.68329835, 1.7592491 , 1.33145861,\n        0.3075197 ],\n       [4.74599971, 3.52441908, 2.55455936, 1.8081399 , 1.35968947,\n        0.30632908],\n       [4.46950159, 3.62729188, 2.5588501 , 1.69556741, 1.42533796,\n        0.3018681 ],\n       [4.66602305, 3.72297288, 2.4598955 , 1.67425378, 1.41724822,\n        0.29515626],\n       [4.69457327, 3.78938953, 2.52013063, 1.57654099, 1.33628755,\n        0.3051008 ],\n       [4.66121799, 3.72111505, 2.71045005, 1.78608341, 1.39304942,\n        0.32540509],\n       [4.63858975, 3.54652138, 2.54625068, 1.92516335, 1.37962752,\n        0.32751364]]), array([0.432612  , 0.43346597, 0.43477944, 0.43643027, 0.43672385,\n       0.43804979, 0.43850061]))", "callback": [0.5937108375777027, 0.5621895616043187, 0.5478754380446307, 0.5391426010766429, 0.5292504226184656, 0.5246813845066134, 0.522177903458555, 0.5002893051873882, 0.44402031134319786, 0.43643026793697326]}, "3": {"maxiter": 100, "fatol": 1e-10, "xatol": 1e-10, "duration": 0.13100051879882812, "fun": "0.43261199984178955", "nit": "100", "nfev": "161", "status": "2", "success": "False", "message": "Maximum number of iterations has been exceeded.", "x": "[4.71980383 3.60866492 2.68329835 1.7592491  1.33145861 0.3075197 ]", "final_simplex": "(array([[4.71980383, 3.60866492, 2.68329835, 1.7592491 , 1.33145861,\n        0.3075197 ],\n       [4.74599971, 3.52441908, 2.55455936, 1.8081399 , 1.35968947,\n        0.30632908],\n       [4.46950159, 3.62729188, 2.5588501 , 1.69556741, 1.42533796,\n        0.3018681 ],\n       [4.66602305, 3.72297288, 2.4598955 , 1.67425378, 1.41724822,\n        0.29515626],\n       [4.69457327, 3.78938953, 2.52013063, 1.57654099, 1.33628755,\n        0.3051008 ],\n       [4.66121799, 3.72111505, 2.71045005, 1.78608341, 1.39304942,\n        0.32540509],\n       [4.63858975, 3.54652138, 2.54625068, 1.92516335, 1.37962752,\n        0.32751364]]), array([0.432612  , 0.43346597, 0.43477944, 0.43643027, 0.43672385,\n       0.43804979, 0.43850061]))", "callback": [0.5937108375777027, 0.5621895616043187, 0.5478754380446307, 0.5391426010766429, 0.5292504226184656, 0.5246813845066134, 0.522177903458555, 0.5002893051873882, 0.44402031134319786, 0.43643026793697326]}, "4": {"maxiter": 500, "fatol": 1e-05, "xatol": 1e-05, "duration": 0.5459861755371094, "fun": "0.4231593104796546", "nit": "442", "nfev": "704", "status": "0", "success": "True", "message": "Optimization terminated successfully.", "x": "[ 4.9222637   3.52032782  2.7829325   1.83036874  1.23668004 -0.07882609]", "final_simplex": "(array([[ 4.9222637 ,  3.52032782,  2.7829325 ,  1.83036874,  1.23668004,\n        -0.07882609],\n       [ 4.92226447,  3.52032604,  2.7829303 ,  1.83036453,  1.23667854,\n        -0.07882149],\n       [ 4.92225687,  3.52032268,  2.78293218,  1.83036377,  1.23667926,\n        -0.0788212 ],\n       [ 4.92226465,  3.52032602,  2.7829337 ,  1.83036847,  1.23667293,\n        -0.07882588],\n       [ 4.92226178,  3.52032718,  2.78292859,  1.83036714,  1.23667528,\n        -0.07882239],\n       [ 4.92226608,  3.52031894,  2.78293747,  1.83037336,  1.23667697,\n        -0.07882074],\n       [ 4.9222573 ,  3.52033113,  2.7829282 ,  1.83036106,  1.23667821,\n        -0.07881789]]), array([0.42315931, 0.42315931, 0.42315931, 0.42315931, 0.42315931,\n       0.42315931, 0.42315931]))", "callback": [0.5937108375777027, 0.5621895616043187, 0.5478754380446307, 0.5391426010766429, 0.5292504226184656, 0.5246813845066134, 0.522177903458555, 0.5002893051873882, 0.44402031134319786, 0.43643026793697326, 0.43261199984178955, 0.4310532867302467, 0.43053798846918656, 0.43043392614322784, 0.4303215249510046, 0.4300014897215, 0.42947447187845256, 0.4293703504636117, 0.42908476236658144, 0.4289509624507608, 0.4286647056479397, 0.42802601336537194, 0.4262828066763896, 0.4238518802584331, 0.42343297923675405, 0.4232672600992652, 0.423180668327788, 0.4231703171255211, 0.42316248907150433, 0.4231600840706139, 0.42315962365616233, 0.4231594160356026, 0.42315936302877943, 0.4231593473774008, 0.42315933428089303, 0.4231593191638654, 0.42315931473116153, 0.42315931266146334, 0.42315931151854613, 0.4231593108660835, 0.4231593106673954, 0.42315931056447675, 0.42315931053197664, 0.42315931049203914, 0.4231593104796546]}, "5": {"maxiter": 500, "fatol": 1e-05, "xatol": 1e-10, "duration": 0.717435359954834, "fun": "0.42315931046829924", "nit": "500", "nfev": "799", "status": "2", "success": "False", "message": "Maximum number of iterations has been exceeded.", "x": "[ 4.92227326  3.5203226   2.78293929  1.8303664   1.23667648 -0.07883519]", "final_simplex": "(array([[ 4.92227326,  3.5203226 ,  2.78293929,  1.8303664 ,  1.23667648,\n        -0.07883519],\n       [ 4.92227271,  3.52032265,  2.78293918,  1.83036618,  1.23667632,\n        -0.07883497],\n       [ 4.92227281,  3.52032265,  2.78293895,  1.83036597,  1.23667655,\n        -0.07883475],\n       [ 4.9222727 ,  3.52032285,  2.78293897,  1.83036579,  1.23667632,\n        -0.0788347 ],\n       [ 4.92227305,  3.52032275,  2.78293906,  1.83036612,  1.2366762 ,\n        -0.07883504],\n       [ 4.92227277,  3.52032274,  2.78293905,  1.83036591,  1.23667614,\n        -0.07883464],\n       [ 4.92227306,  3.5203226 ,  2.7829394 ,  1.83036575,  1.23667607,\n        -0.07883504]]), array([0.42315931, 0.42315931, 0.42315931, 0.42315931, 0.42315931,\n       0.42315931, 0.42315931]))", "callback": [0.5937108375777027, 0.5621895616043187, 0.5478754380446307, 0.5391426010766429, 0.5292504226184656, 0.5246813845066134, 0.522177903458555, 0.5002893051873882, 0.44402031134319786, 0.43643026793697326, 0.43261199984178955, 0.4310532867302467, 0.43053798846918656, 0.43043392614322784, 0.4303215249510046, 0.4300014897215, 0.42947447187845256, 0.4293703504636117, 0.42908476236658144, 0.4289509624507608, 0.4286647056479397, 0.42802601336537194, 0.4262828066763896, 0.4238518802584331, 0.42343297923675405, 0.4232672600992652, 0.423180668327788, 0.4231703171255211, 0.42316248907150433, 0.4231600840706139, 0.42315962365616233, 0.4231594160356026, 0.42315936302877943, 0.4231593473774008, 0.42315933428089303, 0.4231593191638654, 0.42315931473116153, 0.42315931266146334, 0.42315931151854613, 0.4231593108660835, 0.4231593106673954, 0.42315931056447675, 0.42315931053197664, 0.42315931049203914, 0.4231593104796546, 0.4231593104726199, 0.42315931047001365, 0.42315931046903665, 0.4231593104684316, 0.42315931046832267]}, "6": {"maxiter": 500, "fatol": 1e-10, "xatol": 1e-05, "duration": 1.0687255859375, "fun": "0.4231593104796546", "nit": "442", "nfev": "704", "status": "0", "success": "True", "message": "Optimization terminated successfully.", "x": "[ 4.9222637   3.52032782  2.7829325   1.83036874  1.23668004 -0.07882609]", "final_simplex": "(array([[ 4.9222637 ,  3.52032782,  2.7829325 ,  1.83036874,  1.23668004,\n        -0.07882609],\n       [ 4.92226447,  3.52032604,  2.7829303 ,  1.83036453,  1.23667854,\n        -0.07882149],\n       [ 4.92225687,  3.52032268,  2.78293218,  1.83036377,  1.23667926,\n        -0.0788212 ],\n       [ 4.92226465,  3.52032602,  2.7829337 ,  1.83036847,  1.23667293,\n        -0.07882588],\n       [ 4.92226178,  3.52032718,  2.78292859,  1.83036714,  1.23667528,\n        -0.07882239],\n       [ 4.92226608,  3.52031894,  2.78293747,  1.83037336,  1.23667697,\n        -0.07882074],\n       [ 4.9222573 ,  3.52033113,  2.7829282 ,  1.83036106,  1.23667821,\n        -0.07881789]]), array([0.42315931, 0.42315931, 0.42315931, 0.42315931, 0.42315931,\n       0.42315931, 0.42315931]))", "callback": [0.5937108375777027, 0.5621895616043187, 0.5478754380446307, 0.5391426010766429, 0.5292504226184656, 0.5246813845066134, 0.522177903458555, 0.5002893051873882, 0.44402031134319786, 0.43643026793697326, 0.43261199984178955, 0.4310532867302467, 0.43053798846918656, 0.43043392614322784, 0.4303215249510046, 0.4300014897215, 0.42947447187845256, 0.4293703504636117, 0.42908476236658144, 0.4289509624507608, 0.4286647056479397, 0.42802601336537194, 0.4262828066763896, 0.4238518802584331, 0.42343297923675405, 0.4232672600992652, 0.423180668327788, 0.4231703171255211, 0.42316248907150433, 0.4231600840706139, 0.42315962365616233, 0.4231594160356026, 0.42315936302877943, 0.4231593473774008, 0.42315933428089303, 0.4231593191638654, 0.42315931473116153, 0.42315931266146334, 0.42315931151854613, 0.4231593108660835, 0.4231593106673954, 0.42315931056447675, 0.42315931053197664, 0.42315931049203914, 0.4231593104796546]}, "7": {"maxiter": 500, "fatol": 1e-10, "xatol": 1e-10, "duration": 1.232482671737671, "fun": "0.42315931046829924", "nit": "500", "nfev": "799", "status": "2", "success": "False", "message": "Maximum number of iterations has been exceeded.", "x": "[ 4.92227326  3.5203226   2.78293929  1.8303664   1.23667648 -0.07883519]", "final_simplex": "(array([[ 4.92227326,  3.5203226 ,  2.78293929,  1.8303664 ,  1.23667648,\n        -0.07883519],\n       [ 4.92227271,  3.52032265,  2.78293918,  1.83036618,  1.23667632,\n        -0.07883497],\n       [ 4.92227281,  3.52032265,  2.78293895,  1.83036597,  1.23667655,\n        -0.07883475],\n       [ 4.9222727 ,  3.52032285,  2.78293897,  1.83036579,  1.23667632,\n        -0.0788347 ],\n       [ 4.92227305,  3.52032275,  2.78293906,  1.83036612,  1.2366762 ,\n        -0.07883504],\n       [ 4.92227277,  3.52032274,  2.78293905,  1.83036591,  1.23667614,\n        -0.07883464],\n       [ 4.92227306,  3.5203226 ,  2.7829394 ,  1.83036575,  1.23667607,\n        -0.07883504]]), array([0.42315931, 0.42315931, 0.42315931, 0.42315931, 0.42315931,\n       0.42315931, 0.42315931]))", "callback": [0.5937108375777027, 0.5621895616043187, 0.5478754380446307, 0.5391426010766429, 0.5292504226184656, 0.5246813845066134, 0.522177903458555, 0.5002893051873882, 0.44402031134319786, 0.43643026793697326, 0.43261199984178955, 0.4310532867302467, 0.43053798846918656, 0.43043392614322784, 0.4303215249510046, 0.4300014897215, 0.42947447187845256, 0.4293703504636117, 0.42908476236658144, 0.4289509624507608, 0.4286647056479397, 0.42802601336537194, 0.4262828066763896, 0.4238518802584331, 0.42343297923675405, 0.4232672600992652, 0.423180668327788, 0.4231703171255211, 0.42316248907150433, 0.4231600840706139, 0.42315962365616233, 0.4231594160356026, 0.42315936302877943, 0.4231593473774008, 0.42315933428089303, 0.4231593191638654, 0.42315931473116153, 0.42315931266146334, 0.42315931151854613, 0.4231593108660835, 0.4231593106673954, 0.42315931056447675, 0.42315931053197664, 0.42315931049203914, 0.4231593104796546, 0.4231593104726199, 0.42315931047001365, 0.42315931046903665, 0.4231593104684316, 0.42315931046832267]}, "8": {"maxiter": 1000, "fatol": 1e-05, "xatol": 1e-05, "duration": 0.5908207893371582, "fun": "0.4231593104796546", "nit": "442", "nfev": "704", "status": "0", "success": "True", "message": "Optimization terminated successfully.", "x": "[ 4.9222637   3.52032782  2.7829325   1.83036874  1.23668004 -0.07882609]", "final_simplex": "(array([[ 4.9222637 ,  3.52032782,  2.7829325 ,  1.83036874,  1.23668004,\n        -0.07882609],\n       [ 4.92226447,  3.52032604,  2.7829303 ,  1.83036453,  1.23667854,\n        -0.07882149],\n       [ 4.92225687,  3.52032268,  2.78293218,  1.83036377,  1.23667926,\n        -0.0788212 ],\n       [ 4.92226465,  3.52032602,  2.7829337 ,  1.83036847,  1.23667293,\n        -0.07882588],\n       [ 4.92226178,  3.52032718,  2.78292859,  1.83036714,  1.23667528,\n        -0.07882239],\n       [ 4.92226608,  3.52031894,  2.78293747,  1.83037336,  1.23667697,\n        -0.07882074],\n       [ 4.9222573 ,  3.52033113,  2.7829282 ,  1.83036106,  1.23667821,\n        -0.07881789]]), array([0.42315931, 0.42315931, 0.42315931, 0.42315931, 0.42315931,\n       0.42315931, 0.42315931]))", "callback": [0.5937108375777027, 0.5621895616043187, 0.5478754380446307, 0.5391426010766429, 0.5292504226184656, 0.5246813845066134, 0.522177903458555, 0.5002893051873882, 0.44402031134319786, 0.43643026793697326, 0.43261199984178955, 0.4310532867302467, 0.43053798846918656, 0.43043392614322784, 0.4303215249510046, 0.4300014897215, 0.42947447187845256, 0.4293703504636117, 0.42908476236658144, 0.4289509624507608, 0.4286647056479397, 0.42802601336537194, 0.4262828066763896, 0.4238518802584331, 0.42343297923675405, 0.4232672600992652, 0.423180668327788, 0.4231703171255211, 0.42316248907150433, 0.4231600840706139, 0.42315962365616233, 0.4231594160356026, 0.42315936302877943, 0.4231593473774008, 0.42315933428089303, 0.4231593191638654, 0.42315931473116153, 0.42315931266146334, 0.42315931151854613, 0.4231593108660835, 0.4231593106673954, 0.42315931056447675, 0.42315931053197664, 0.42315931049203914, 0.4231593104796546]}, "9": {"maxiter": 1000, "fatol": 1e-05, "xatol": 1e-10, "duration": 0.8430838584899902, "fun": "0.4231593104682697", "nit": "581", "nfev": "990", "status": "0", "success": "True", "message": "Optimization terminated successfully.", "x": "[ 4.92227299  3.52032286  2.78293934  1.83036614  1.23667652 -0.07883477]", "final_simplex": "(array([[ 4.92227299,  3.52032286,  2.78293934,  1.83036614,  1.23667652,\n        -0.07883477],\n       [ 4.92227299,  3.52032286,  2.78293934,  1.83036614,  1.23667652,\n        -0.07883477],\n       [ 4.92227299,  3.52032286,  2.78293934,  1.83036614,  1.23667652,\n        -0.07883477],\n       [ 4.92227299,  3.52032286,  2.78293934,  1.83036614,  1.23667652,\n        -0.07883477],\n       [ 4.92227299,  3.52032286,  2.78293934,  1.83036614,  1.23667652,\n        -0.07883477],\n       [ 4.92227299,  3.52032286,  2.78293934,  1.83036614,  1.23667652,\n        -0.07883477],\n       [ 4.92227299,  3.52032286,  2.78293934,  1.83036614,  1.23667652,\n        -0.07883477]]), array([0.42315931, 0.42315931, 0.42315931, 0.42315931, 0.42315931,\n       0.42315931, 0.42315931]))", "callback": [0.5937108375777027, 0.5621895616043187, 0.5478754380446307, 0.5391426010766429, 0.5292504226184656, 0.5246813845066134, 0.522177903458555, 0.5002893051873882, 0.44402031134319786, 0.43643026793697326, 0.43261199984178955, 0.4310532867302467, 0.43053798846918656, 0.43043392614322784, 0.4303215249510046, 0.4300014897215, 0.42947447187845256, 0.4293703504636117, 0.42908476236658144, 0.4289509624507608, 0.4286647056479397, 0.42802601336537194, 0.4262828066763896, 0.4238518802584331, 0.42343297923675405, 0.4232672600992652, 0.423180668327788, 0.4231703171255211, 0.42316248907150433, 0.4231600840706139, 0.42315962365616233, 0.4231594160356026, 0.42315936302877943, 0.4231593473774008, 0.42315933428089303, 0.4231593191638654, 0.42315931473116153, 0.42315931266146334, 0.42315931151854613, 0.4231593108660835, 0.4231593106673954, 0.42315931056447675, 0.42315931053197664, 0.42315931049203914, 0.4231593104796546, 0.4231593104726199, 0.42315931047001365, 0.42315931046903665, 0.4231593104684316, 0.42315931046832267, 0.42315931046829836, 0.42315931046828203, 0.4231593104682738, 0.4231593104682706, 0.4231593104682698, 0.4231593104682698, 0.4231593104682697, 0.4231593104682697, 0.4231593104682697]}, "10": {"maxiter": 1000, "fatol": 1e-10, "xatol": 1e-05, "duration": 0.6381182670593262, "fun": "0.4231593104796546", "nit": "442", "nfev": "704", "status": "0", "success": "True", "message": "Optimization terminated successfully.", "x": "[ 4.9222637   3.52032782  2.7829325   1.83036874  1.23668004 -0.07882609]", "final_simplex": "(array([[ 4.9222637 ,  3.52032782,  2.7829325 ,  1.83036874,  1.23668004,\n        -0.07882609],\n       [ 4.92226447,  3.52032604,  2.7829303 ,  1.83036453,  1.23667854,\n        -0.07882149],\n       [ 4.92225687,  3.52032268,  2.78293218,  1.83036377,  1.23667926,\n        -0.0788212 ],\n       [ 4.92226465,  3.52032602,  2.7829337 ,  1.83036847,  1.23667293,\n        -0.07882588],\n       [ 4.92226178,  3.52032718,  2.78292859,  1.83036714,  1.23667528,\n        -0.07882239],\n       [ 4.92226608,  3.52031894,  2.78293747,  1.83037336,  1.23667697,\n        -0.07882074],\n       [ 4.9222573 ,  3.52033113,  2.7829282 ,  1.83036106,  1.23667821,\n        -0.07881789]]), array([0.42315931, 0.42315931, 0.42315931, 0.42315931, 0.42315931,\n       0.42315931, 0.42315931]))", "callback": [0.5937108375777027, 0.5621895616043187, 0.5478754380446307, 0.5391426010766429, 0.5292504226184656, 0.5246813845066134, 0.522177903458555, 0.5002893051873882, 0.44402031134319786, 0.43643026793697326, 0.43261199984178955, 0.4310532867302467, 0.43053798846918656, 0.43043392614322784, 0.4303215249510046, 0.4300014897215, 0.42947447187845256, 0.4293703504636117, 0.42908476236658144, 0.4289509624507608, 0.4286647056479397, 0.42802601336537194, 0.4262828066763896, 0.4238518802584331, 0.42343297923675405, 0.4232672600992652, 0.423180668327788, 0.4231703171255211, 0.42316248907150433, 0.4231600840706139, 0.42315962365616233, 0.4231594160356026, 0.42315936302877943, 0.4231593473774008, 0.42315933428089303, 0.4231593191638654, 0.42315931473116153, 0.42315931266146334, 0.42315931151854613, 0.4231593108660835, 0.4231593106673954, 0.42315931056447675, 0.42315931053197664, 0.42315931049203914, 0.4231593104796546]}, "11": {"maxiter": 1000, "fatol": 1e-10, "xatol": 1e-10, "duration": 0.9106783866882324, "fun": "0.4231593104682697", "nit": "581", "nfev": "990", "status": "0", "success": "True", "message": "Optimization terminated successfully.", "x": "[ 4.92227299  3.52032286  2.78293934  1.83036614  1.23667652 -0.07883477]", "final_simplex": "(array([[ 4.92227299,  3.52032286,  2.78293934,  1.83036614,  1.23667652,\n        -0.07883477],\n       [ 4.92227299,  3.52032286,  2.78293934,  1.83036614,  1.23667652,\n        -0.07883477],\n       [ 4.92227299,  3.52032286,  2.78293934,  1.83036614,  1.23667652,\n        -0.07883477],\n       [ 4.92227299,  3.52032286,  2.78293934,  1.83036614,  1.23667652,\n        -0.07883477],\n       [ 4.92227299,  3.52032286,  2.78293934,  1.83036614,  1.23667652,\n        -0.07883477],\n       [ 4.92227299,  3.52032286,  2.78293934,  1.83036614,  1.23667652,\n        -0.07883477],\n       [ 4.92227299,  3.52032286,  2.78293934,  1.83036614,  1.23667652,\n        -0.07883477]]), array([0.42315931, 0.42315931, 0.42315931, 0.42315931, 0.42315931,\n       0.42315931, 0.42315931]))", "callback": [0.5937108375777027, 0.5621895616043187, 0.5478754380446307, 0.5391426010766429, 0.5292504226184656, 0.5246813845066134, 0.522177903458555, 0.5002893051873882, 0.44402031134319786, 0.43643026793697326, 0.43261199984178955, 0.4310532867302467, 0.43053798846918656, 0.43043392614322784, 0.4303215249510046, 0.4300014897215, 0.42947447187845256, 0.4293703504636117, 0.42908476236658144, 0.4289509624507608, 0.4286647056479397, 0.42802601336537194, 0.4262828066763896, 0.4238518802584331, 0.42343297923675405, 0.4232672600992652, 0.423180668327788, 0.4231703171255211, 0.42316248907150433, 0.4231600840706139, 0.42315962365616233, 0.4231594160356026, 0.42315936302877943, 0.4231593473774008, 0.42315933428089303, 0.4231593191638654, 0.42315931473116153, 0.42315931266146334, 0.42315931151854613, 0.4231593108660835, 0.4231593106673954, 0.42315931056447675, 0.42315931053197664, 0.42315931049203914, 0.4231593104796546, 0.4231593104726199, 0.42315931047001365, 0.42315931046903665, 0.4231593104684316, 0.42315931046832267, 0.42315931046829836, 0.42315931046828203, 0.4231593104682738, 0.4231593104682706, 0.4231593104682698, 0.4231593104682698, 0.4231593104682697, 0.4231593104682697, 0.4231593104682697]}}, "bfgs": {"type": "gradient", "0": {"maxiter": 100, "gtol": 1e-05, "xrtol": 1e-05, "eps": 1e-05, "duration": 0.12181591987609863, "fun": "0.4231593107248347", "jac": "[ 4.72857309e-06  1.85796933e-06 -2.08955075e-06 -1.16751053e-06\n -6.45280496e-06  7.51622098e-06]", "hess_inv": "[[ 9.59134189 -1.44677503  3.90245783  2.46161364 -3.17990748 -6.80914016]\n [-1.44677503  5.73865353 -1.87385165 -2.08949611  1.9659044   0.86628351]\n [ 3.90245783 -1.87385165  6.26546819  1.79196944 -3.44297283 -3.62890918]\n [ 2.46161364 -2.08949611  1.79196944  5.3826025  -1.57112202 -1.90260564]\n [-3.17990748  1.9659044  -3.44297283 -1.57112202  5.74513613  4.60888634]\n [-6.80914016  0.86628351 -3.62890918 -1.90260564  4.60888634  8.22871818]]", "nfev": "154", "njev": "22", "status": "0", "success": "True", "message": "Optimization terminated successfully.", "x": "[ 4.92226887  3.52033588  2.78291446  1.83034133  1.23665772 -0.07879839]", "nit": "21", "callback": [0.5700772938550493, 0.5191363028513549, 0.4998772178625398, 0.48848218796222265, 0.46994766791982623, 0.4523970107508878, 0.4427827371176568, 0.4309820914184245, 0.42676845256175333, 0.4249021281000349, 0.4237750487723444, 0.42340728127285054, 0.42330768971169197, 0.4231830116313189, 0.4231668059672111, 0.423163399397099, 0.4231605238463745, 0.4231594989566544, 0.4231593197947604, 0.42315931116961536, 0.4231593107248347]}, "1": {"maxiter": 100, "gtol": 1e-05, "xrtol": 1e-05, "eps": 1e-10, "duration": 0.1208338737487793, "fun": "0.42315931089755665", "jac": "[ 0.00000000e+00  1.11022293e-06 -5.55111466e-06 -4.44089173e-06\n -5.55111466e-06  4.44089235e-06]", "hess_inv": "[[10.02782404 -1.7541118   4.46511951  3.11013405 -3.72769951 -7.25494594]\n [-1.7541118   5.86470421 -2.13672183 -2.39251851  2.08477752  1.03914912]\n [ 4.46511951 -2.13672183  6.8015199   2.40728472 -3.78137291 -3.99781786]\n [ 3.11013405 -2.39251851  2.40728472  6.08436128 -1.93878675 -2.32744442]\n [-3.72769951  2.08477752 -3.78137291 -1.93878675  5.69877595  4.7676702 ]\n [-7.25494594  1.03914912 -3.99781786 -2.32744442  4.7676702   8.4585627 ]]", "nfev": "154", "njev": "22", "status": "0", "success": "True", "message": "Optimization terminated successfully.", "x": "[ 4.92223474  3.52035758  2.78288461  1.8303129   1.23667968 -0.07877252]", "nit": "21", "callback": [0.5700766971551241, 0.5191361140745185, 0.49987674197449083, 0.488481416335412, 0.4699468097808679, 0.45239745694075795, 0.442781758281511, 0.43097937263613273, 0.42676708630975313, 0.42490198356085473, 0.4237743400541355, 0.42340720788771946, 0.42330757230996274, 0.4231829578788674, 0.42316679960441306, 0.423163395215559, 0.42316051952125966, 0.4231594979764699, 0.4231593195543697, 0.4231593111316737, 0.42315931089755665]}, "2": {"maxiter": 100, "gtol": 1e-05, "xrtol": 1e-10, "eps": 1e-05, "duration": 0.13745594024658203, "fun": "0.4231593107248347", "jac": "[ 4.72857309e-06  1.85796933e-06 -2.08955075e-06 -1.16751053e-06\n -6.45280496e-06  7.51622098e-06]", "hess_inv": "[[ 9.59134189 -1.44677503  3.90245783  2.46161364 -3.17990748 -6.80914016]\n [-1.44677503  5.73865353 -1.87385165 -2.08949611  1.9659044   0.86628351]\n [ 3.90245783 -1.87385165  6.26546819  1.79196944 -3.44297283 -3.62890918]\n [ 2.46161364 -2.08949611  1.79196944  5.3826025  -1.57112202 -1.90260564]\n [-3.17990748  1.9659044  -3.44297283 -1.57112202  5.74513613  4.60888634]\n [-6.80914016  0.86628351 -3.62890918 -1.90260564  4.60888634  8.22871818]]", "nfev": "154", "njev": "22", "status": "0", "success": "True", "message": "Optimization terminated successfully.", "x": "[ 4.92226887  3.52033588  2.78291446  1.83034133  1.23665772 -0.07879839]", "nit": "21", "callback": [0.5700772938550493, 0.5191363028513549, 0.4998772178625398, 0.48848218796222265, 0.46994766791982623, 0.4523970107508878, 0.4427827371176568, 0.4309820914184245, 0.42676845256175333, 0.4249021281000349, 0.4237750487723444, 0.42340728127285054, 0.42330768971169197, 0.4231830116313189, 0.4231668059672111, 0.423163399397099, 0.4231605238463745, 0.4231594989566544, 0.4231593197947604, 0.42315931116961536, 0.4231593107248347]}, "3": {"maxiter": 100, "gtol": 1e-05, "xrtol": 1e-10, "eps": 1e-10, "duration": 0.1364154815673828, "fun": "0.42315931089755665", "jac": "[ 0.00000000e+00  1.11022293e-06 -5.55111466e-06 -4.44089173e-06\n -5.55111466e-06  4.44089235e-06]", "hess_inv": "[[10.02782404 -1.7541118   4.46511951  3.11013405 -3.72769951 -7.25494594]\n [-1.7541118   5.86470421 -2.13672183 -2.39251851  2.08477752  1.03914912]\n [ 4.46511951 -2.13672183  6.8015199   2.40728472 -3.78137291 -3.99781786]\n [ 3.11013405 -2.39251851  2.40728472  6.08436128 -1.93878675 -2.32744442]\n [-3.72769951  2.08477752 -3.78137291 -1.93878675  5.69877595  4.7676702 ]\n [-7.25494594  1.03914912 -3.99781786 -2.32744442  4.7676702   8.4585627 ]]", "nfev": "154", "njev": "22", "status": "0", "success": "True", "message": "Optimization terminated successfully.", "x": "[ 4.92223474  3.52035758  2.78288461  1.8303129   1.23667968 -0.07877252]", "nit": "21", "callback": [0.5700766971551241, 0.5191361140745185, 0.49987674197449083, 0.488481416335412, 0.4699468097808679, 0.45239745694075795, 0.442781758281511, 0.43097937263613273, 0.42676708630975313, 0.42490198356085473, 0.4237743400541355, 0.42340720788771946, 0.42330757230996274, 0.4231829578788674, 0.42316679960441306, 0.423163395215559, 0.42316051952125966, 0.4231594979764699, 0.4231593195543697, 0.4231593111316737, 0.42315931089755665]}, "4": {"maxiter": 100, "gtol": 1e-10, "xrtol": 1e-05, "eps": 1e-05, "duration": 0.1205902099609375, "fun": "0.4231593107248347", "jac": "[ 4.72857309e-06  1.85796933e-06 -2.08955075e-06 -1.16751053e-06\n -6.45280496e-06  7.51622098e-06]", "hess_inv": "[[ 9.59134189 -1.44677503  3.90245783  2.46161364 -3.17990748 -6.80914016]\n [-1.44677503  5.73865353 -1.87385165 -2.08949611  1.9659044   0.86628351]\n [ 3.90245783 -1.87385165  6.26546819  1.79196944 -3.44297283 -3.62890918]\n [ 2.46161364 -2.08949611  1.79196944  5.3826025  -1.57112202 -1.90260564]\n [-3.17990748  1.9659044  -3.44297283 -1.57112202  5.74513613  4.60888634]\n [-6.80914016  0.86628351 -3.62890918 -1.90260564  4.60888634  8.22871818]]", "nfev": "154", "njev": "22", "status": "0", "success": "True", "message": "Optimization terminated successfully.", "x": "[ 4.92226887  3.52033588  2.78291446  1.83034133  1.23665772 -0.07879839]", "nit": "21", "callback": [0.5700772938550493, 0.5191363028513549, 0.4998772178625398, 0.48848218796222265, 0.46994766791982623, 0.4523970107508878, 0.4427827371176568, 0.4309820914184245, 0.42676845256175333, 0.4249021281000349, 0.4237750487723444, 0.42340728127285054, 0.42330768971169197, 0.4231830116313189, 0.4231668059672111, 0.423163399397099, 0.4231605238463745, 0.4231594989566544, 0.4231593197947604, 0.42315931116961536, 0.4231593107248347]}, "5": {"maxiter": 100, "gtol": 1e-10, "xrtol": 1e-05, "eps": 1e-10, "duration": 0.1574866771697998, "fun": "0.4231593106428172", "jac": "[ 2.22044587e-06  2.22044587e-06 -2.22044587e-06 -2.22044587e-06\n -4.44089173e-06  4.44089235e-06]", "hess_inv": "[[ 7.44628046 -0.63880543  2.08747846  1.06625448 -2.49103702 -5.28616297]\n [-0.63880543  5.38592594 -1.11203476 -1.50019323  1.57392832  0.15455973]\n [ 2.08747846 -1.11203476  4.61375749  0.5171759  -2.66168204 -2.15652494]\n [ 1.06625448 -1.50019323  0.5171759   4.49439042 -0.88863455 -0.87186719]\n [-2.49103702  1.57392832 -2.66168204 -0.88863455  5.28522738  3.56484947]\n [-5.28616297  0.15455973 -2.15652494 -0.87186719  3.56484947  7.33415283]]", "nfev": "161", "njev": "23", "status": "0", "success": "True", "message": "Optimization terminated successfully.", "x": "[ 4.92226142  3.52034682  2.78290855  1.83033634  1.23667272 -0.07880132]", "nit": "22", "callback": [0.5700766971551241, 0.5191361140745185, 0.49987674197449083, 0.488481416335412, 0.4699468097808679, 0.45239745694075795, 0.442781758281511, 0.43097937263613273, 0.42676708630975313, 0.42490198356085473, 0.4237743400541355, 0.42340720788771946, 0.42330757230996274, 0.4231829578788674, 0.42316679960441306, 0.423163395215559, 0.42316051952125966, 0.4231594979764699, 0.4231593195543697, 0.4231593111316737, 0.42315931089755665, 0.4231593106428172]}, "6": {"maxiter": 100, "gtol": 1e-10, "xrtol": 1e-10, "eps": 1e-05, "duration": 0.34790515899658203, "fun": "0.4231593104815503", "jac": "[-6.25055563e-09 -1.77635684e-10 -1.47659662e-09  2.04281037e-09\n  1.11022302e-08 -1.16351373e-08]", "hess_inv": "[[ 9.61749067 -1.49874384  3.94760891  2.36396878 -3.21664651 -6.72469795]\n [-1.49874384  6.25259129 -2.54727177 -2.45908842  1.761252    1.7190608 ]\n [ 3.94760891 -2.54727177  7.12903084  2.23780895 -3.121456   -4.72447027]\n [ 2.36396878 -2.45908842  2.23780895  5.72290541 -1.09215683 -2.72820883]\n [-3.21664651  1.761252   -3.121456   -1.09215683  5.9818021   3.84540794]\n [-6.72469795  1.7190608  -4.72447027 -2.72820883  3.84540794 10.04163329]]", "nfev": "411", "njev": "57", "status": "2", "success": "False", "message": "Desired error not necessarily achieved due to precision loss.", "x": "[ 4.9222672   3.52032036  2.78293514  1.83036081  1.2366718  -0.07883584]", "nit": "25", "callback": [0.5700772938550493, 0.5191363028513549, 0.4998772178625398, 0.48848218796222265, 0.46994766791982623, 0.4523970107508878, 0.4427827371176568, 0.4309820914184245, 0.42676845256175333, 0.4249021281000349, 0.4237750487723444, 0.42340728127285054, 0.42330768971169197, 0.4231830116313189, 0.4231668059672111, 0.423163399397099, 0.4231605238463745, 0.4231594989566544, 0.4231593197947604, 0.42315931116961536, 0.4231593107248347, 0.42315931053855804, 0.4231593104854432, 0.42315931048157496, 0.4231593104815503]}, "7": {"maxiter": 100, "gtol": 1e-10, "xrtol": 1e-10, "eps": 1e-10, "duration": 0.5692708492279053, "fun": "0.42315931047235045", "jac": "[-1.11022293e-06  0.00000000e+00  0.00000000e+00 -1.11022293e-06\n  0.00000000e+00 -1.11022309e-06]", "hess_inv": "[[ 0.01753736  0.0413618   0.00240395 -0.01986653  0.02789018 -0.04574515]\n [ 0.0413618   0.11572576  0.00951695 -0.05100106  0.06323019 -0.12955111]\n [ 0.00240395  0.00951695  0.0069533  -0.00922058  0.00900519 -0.01356389]\n [-0.01986653 -0.05100106 -0.00922058  0.02940254 -0.03755915  0.05923125]\n [ 0.02789018  0.06323019  0.00900519 -0.03755915  0.05615053 -0.07224473]\n [-0.04574515 -0.12955111 -0.01356389  0.05923125 -0.07224473  0.15798487]]", "nfev": "378", "njev": "54", "status": "0", "success": "True", "message": "Optimization terminated successfully.", "x": "[ 4.92227507  3.52031882  2.7829419   1.83036526  1.23667307 -0.07884025]", "nit": "41", "callback": [0.5700766971551241, 0.5191361140745185, 0.49987674197449083, 0.488481416335412, 0.4699468097808679, 0.45239745694075795, 0.442781758281511, 0.43097937263613273, 0.42676708630975313, 0.42490198356085473, 0.4237743400541355, 0.42340720788771946, 0.42330757230996274, 0.4231829578788674, 0.42316679960441306, 0.423163395215559, 0.42316051952125966, 0.4231594979764699, 0.4231593195543697, 0.4231593111316737, 0.42315931089755665, 0.4231593106428172, 0.42315931048583133, 0.4231593104832686, 0.4231593104804011, 0.42315931047908717, 0.4231593104782627, 0.4231593104776259, 0.4231593104770899, 0.4231593104770647, 0.4231593104770497, 0.4231593104769684, 0.4231593104768976, 0.4231593104768375, 0.4231593104766014, 0.42315931047618327, 0.4231593104754521, 0.4231593104739958, 0.42315931047235056, 0.42315931047235045, 0.42315931047235045]}, "8": {"maxiter": 500, "gtol": 1e-05, "xrtol": 1e-05, "eps": 1e-05, "duration": 0.2443535327911377, "fun": "0.4231593107248347", "jac": "[ 4.72857309e-06  1.85796933e-06 -2.08955075e-06 -1.16751053e-06\n -6.45280496e-06  7.51622098e-06]", "hess_inv": "[[ 9.59134189 -1.44677503  3.90245783  2.46161364 -3.17990748 -6.80914016]\n [-1.44677503  5.73865353 -1.87385165 -2.08949611  1.9659044   0.86628351]\n [ 3.90245783 -1.87385165  6.26546819  1.79196944 -3.44297283 -3.62890918]\n [ 2.46161364 -2.08949611  1.79196944  5.3826025  -1.57112202 -1.90260564]\n [-3.17990748  1.9659044  -3.44297283 -1.57112202  5.74513613  4.60888634]\n [-6.80914016  0.86628351 -3.62890918 -1.90260564  4.60888634  8.22871818]]", "nfev": "154", "njev": "22", "status": "0", "success": "True", "message": "Optimization terminated successfully.", "x": "[ 4.92226887  3.52033588  2.78291446  1.83034133  1.23665772 -0.07879839]", "nit": "21", "callback": [0.5700772938550493, 0.5191363028513549, 0.4998772178625398, 0.48848218796222265, 0.46994766791982623, 0.4523970107508878, 0.4427827371176568, 0.4309820914184245, 0.42676845256175333, 0.4249021281000349, 0.4237750487723444, 0.42340728127285054, 0.42330768971169197, 0.4231830116313189, 0.4231668059672111, 0.423163399397099, 0.4231605238463745, 0.4231594989566544, 0.4231593197947604, 0.42315931116961536, 0.4231593107248347]}, "9": {"maxiter": 500, "gtol": 1e-05, "xrtol": 1e-05, "eps": 1e-10, "duration": 0.23360633850097656, "fun": "0.42315931089755665", "jac": "[ 0.00000000e+00  1.11022293e-06 -5.55111466e-06 -4.44089173e-06\n -5.55111466e-06  4.44089235e-06]", "hess_inv": "[[10.02782404 -1.7541118   4.46511951  3.11013405 -3.72769951 -7.25494594]\n [-1.7541118   5.86470421 -2.13672183 -2.39251851  2.08477752  1.03914912]\n [ 4.46511951 -2.13672183  6.8015199   2.40728472 -3.78137291 -3.99781786]\n [ 3.11013405 -2.39251851  2.40728472  6.08436128 -1.93878675 -2.32744442]\n [-3.72769951  2.08477752 -3.78137291 -1.93878675  5.69877595  4.7676702 ]\n [-7.25494594  1.03914912 -3.99781786 -2.32744442  4.7676702   8.4585627 ]]", "nfev": "154", "njev": "22", "status": "0", "success": "True", "message": "Optimization terminated successfully.", "x": "[ 4.92223474  3.52035758  2.78288461  1.8303129   1.23667968 -0.07877252]", "nit": "21", "callback": [0.5700766971551241, 0.5191361140745185, 0.49987674197449083, 0.488481416335412, 0.4699468097808679, 0.45239745694075795, 0.442781758281511, 0.43097937263613273, 0.42676708630975313, 0.42490198356085473, 0.4237743400541355, 0.42340720788771946, 0.42330757230996274, 0.4231829578788674, 0.42316679960441306, 0.423163395215559, 0.42316051952125966, 0.4231594979764699, 0.4231593195543697, 0.4231593111316737, 0.42315931089755665]}, "10": {"maxiter": 500, "gtol": 1e-05, "xrtol": 1e-10, "eps": 1e-05, "duration": 0.24793744087219238, "fun": "0.4231593107248347", "jac": "[ 4.72857309e-06  1.85796933e-06 -2.08955075e-06 -1.16751053e-06\n -6.45280496e-06  7.51622098e-06]", "hess_inv": "[[ 9.59134189 -1.44677503  3.90245783  2.46161364 -3.17990748 -6.80914016]\n [-1.44677503  5.73865353 -1.87385165 -2.08949611  1.9659044   0.86628351]\n [ 3.90245783 -1.87385165  6.26546819  1.79196944 -3.44297283 -3.62890918]\n [ 2.46161364 -2.08949611  1.79196944  5.3826025  -1.57112202 -1.90260564]\n [-3.17990748  1.9659044  -3.44297283 -1.57112202  5.74513613  4.60888634]\n [-6.80914016  0.86628351 -3.62890918 -1.90260564  4.60888634  8.22871818]]", "nfev": "154", "njev": "22", "status": "0", "success": "True", "message": "Optimization terminated successfully.", "x": "[ 4.92226887  3.52033588  2.78291446  1.83034133  1.23665772 -0.07879839]", "nit": "21", "callback": [0.5700772938550493, 0.5191363028513549, 0.4998772178625398, 0.48848218796222265, 0.46994766791982623, 0.4523970107508878, 0.4427827371176568, 0.4309820914184245, 0.42676845256175333, 0.4249021281000349, 0.4237750487723444, 0.42340728127285054, 0.42330768971169197, 0.4231830116313189, 0.4231668059672111, 0.423163399397099, 0.4231605238463745, 0.4231594989566544, 0.4231593197947604, 0.42315931116961536, 0.4231593107248347]}, "11": {"maxiter": 500, "gtol": 1e-05, "xrtol": 1e-10, "eps": 1e-10, "duration": 0.2473430633544922, "fun": "0.42315931089755665", "jac": "[ 0.00000000e+00  1.11022293e-06 -5.55111466e-06 -4.44089173e-06\n -5.55111466e-06  4.44089235e-06]", "hess_inv": "[[10.02782404 -1.7541118   4.46511951  3.11013405 -3.