{"date": "2024/10/29/, 20:20:06", "conf_id": 274, "data_type": "var_s_rank\n", "num_data_points": 2, "s_rank": 0, "unitary": "[[-0.24866696+0.58742286j,-0.44704345-0.43151574j,-0.35669027-0.20570733j,-0.10517633+0.1626036j],[0.10596805-0.19687975j,-0.30269685-0.15056416j,0.18246286+0.30440582j,-0.83484447-0.11310748j],[0.26054512-0.52548482j,0.0285017-0.50723956j,-0.43110112+0.17165838j,0.15243271+0.39915801j],[0.42978035+0.11991271j,-0.17224126-0.46030424j,0.6827807-0.15164662j,0.26483638+0.0061855j]]", "databatch_0": {"databatch": "[[[0.18059341+0.19754867j,0.1023087-0.11126206j,-0.15033219-0.24311326j,0.18313923+0.06846412j],[-0.07469935-0.14791222j,-0.18798746-0.06847798j,0.1751045-0.02903566j,0.12825028+0.0673622j],[0.19289337-0.00179743j,-0.12492812-0.243649j,-0.11513358-0.28121778j,0.35940164+0.08268911j],[0.03955455+0.2963988j,0.26463756+0.17973911j,-0.29975244-0.08296251j,-0.14485446-0.12491525j]],[[-0.07126501-0.15224508j,-0.01664199+0.34741155j,0.3449928+0.15180987j,0.09218212-0.10916087j],[0.09806993+0.05135615j,0.1232662-0.44144362j,0.17373312-0.12888121j,0.08167757-0.20195807j],[0.07815476+0.22184416j,-0.08762565-0.11865046j,0.05018015-0.17753746j,-0.00290203-0.00555743j],[0.27217826+0.24104963j,-0.15453963+0.27025224j,-0.00553301-0.02232765j,0.13266815+0.11543948j]]]", "initial param values": "[3.72299766,3.90701198,1.78368661,0.28461202,1.15767073,0.21376244]", "nelder_mead": {"type": "gradient-free", "0": {"maxiter": 100, "fatol": 1e-05, "xatol": 1e-05, "duration": 0.1237800121307373, "fun": "0.5897018511492449", "nit": "100", "nfev": "156", "status": "2", "success": "False", "message": "Maximum number of iterations has been exceeded.", "x": "[5.01649914 2.1265786  1.86393041 0.59208276 2.40646549 0.05183592]", "final_simplex": "(array([[5.01649914, 2.1265786 , 1.86393041, 0.59208276, 2.40646549,\n        0.05183592],\n       [5.15454125, 2.2841209 , 1.84862944, 0.4827178 , 2.37040857,\n        0.05658591],\n       [4.96387803, 1.88391984, 1.94130923, 0.56916764, 2.52631135,\n        0.05202812],\n       [5.14623157, 2.10294606, 1.93845737, 0.47211349, 2.40360877,\n        0.04819011],\n       [5.06993725, 2.13732774, 1.92304585, 0.45162121, 2.34949998,\n        0.0715038 ],\n       [4.89446395, 2.16675797, 1.9480906 , 0.47837386, 2.30215171,\n        0.07675916],\n       [5.15413218, 2.13151924, 1.8569012 , 0.46521975, 2.28305904,\n        0.06724363]]), array([0.58970185, 0.59838606, 0.60270504, 0.60352222, 0.60542185,\n       0.60560208, 0.60616935]))", "callback": [0.7792155083210244, 0.7098462327647986, 0.6789333571538878, 0.6641249696831275, 0.6482761372312178, 0.6312013923956407, 0.6312013923956407, 0.6269067581331254, 0.621178348042319, 0.6054218520273639]}, "1": {"maxiter": 100, "fatol": 1e-05, "xatol": 1e-10, "duration": 0.12150049209594727, "fun": "0.5897018511492449", "nit": "100", "nfev": "156", "status": "2", "success": "False", "message": "Maximum number of iterations has been exceeded.", "x": "[5.01649914 2.1265786  1.86393041 0.59208276 2.40646549 0.05183592]", "final_simplex": "(array([[5.01649914, 2.1265786 , 1.86393041, 0.59208276, 2.40646549,\n        0.05183592],\n       [5.15454125, 2.2841209 , 1.84862944, 0.4827178 , 2.37040857,\n        0.05658591],\n       [4.96387803, 1.88391984, 1.94130923, 0.56916764, 2.52631135,\n        0.05202812],\n       [5.14623157, 2.10294606, 1.93845737, 0.47211349, 2.40360877,\n        0.04819011],\n       [5.06993725, 2.13732774, 1.92304585, 0.45162121, 2.34949998,\n        0.0715038 ],\n       [4.89446395, 2.16675797, 1.9480906 , 0.47837386, 2.30215171,\n        0.07675916],\n       [5.15413218, 2.13151924, 1.8569012 , 0.46521975, 2.28305904,\n        0.06724363]]), array([0.58970185, 0.59838606, 0.60270504, 0.60352222, 0.60542185,\n       0.60560208, 0.60616935]))", "callback": [0.7792155083210244, 0.7098462327647986, 0.6789333571538878, 0.6641249696831275, 0.6482761372312178, 0.6312013923956407, 0.6312013923956407, 0.6269067581331254, 0.621178348042319, 0.6054218520273639]}, "2": {"maxiter": 100, "fatol": 1e-10, "xatol": 1e-05, "duration": 0.12151050567626953, "fun": "0.5897018511492449", "nit": "100", "nfev": "156", "status": "2", "success": "False", "message": "Maximum number of iterations has been exceeded.", "x": "[5.01649914 2.1265786  1.86393041 0.59208276 2.40646549 0.05183592]", "final_simplex": "(array([[5.01649914, 2.1265786 , 1.86393041, 0.59208276, 2.40646549,\n        0.05183592],\n       [5.15454125, 2.2841209 , 1.84862944, 0.4827178 , 2.37040857,\n        0.05658591],\n       [4.96387803, 1.88391984, 1.94130923, 0.56916764, 2.52631135,\n        0.05202812],\n       [5.14623157, 2.10294606, 1.93845737, 0.47211349, 2.40360877,\n        0.04819011],\n       [5.06993725, 2.13732774, 1.92304585, 0.45162121, 2.34949998,\n        0.0715038 ],\n       [4.89446395, 2.16675797, 1.9480906 , 0.47837386, 2.30215171,\n        0.07675916],\n       [5.15413218, 2.13151924, 1.8569012 , 0.46521975, 2.28305904,\n        0.06724363]]), array([0.58970185, 0.59838606, 0.60270504, 0.60352222, 0.60542185,\n       0.60560208, 0.60616935]))", "callback": [0.7792155083210244, 0.7098462327647986, 0.6789333571538878, 0.6641249696831275, 0.6482761372312178, 0.6312013923956407, 0.6312013923956407, 0.6269067581331254, 0.621178348042319, 0.6054218520273639]}, "3": {"maxiter": 100, "fatol": 1e-10, "xatol": 1e-10, "duration": 0.12183141708374023, "fun": "0.5897018511492449", "nit": "100", "nfev": "156", "status": "2", "success": "False", "message": "Maximum number of iterations has been exceeded.", "x": "[5.01649914 2.1265786  1.86393041 0.59208276 2.40646549 0.05183592]", "final_simplex": "(array([[5.01649914, 2.1265786 , 1.86393041, 0.59208276, 2.40646549,\n        0.05183592],\n       [5.15454125, 2.2841209 , 1.84862944, 0.4827178 , 2.37040857,\n        0.05658591],\n       [4.96387803, 1.88391984, 1.94130923, 0.56916764, 2.52631135,\n        0.05202812],\n       [5.14623157, 2.10294606, 1.93845737, 0.47211349, 2.40360877,\n        0.04819011],\n       [5.06993725, 2.13732774, 1.92304585, 0.45162121, 2.34949998,\n        0.0715038 ],\n       [4.89446395, 2.16675797, 1.9480906 , 0.47837386, 2.30215171,\n        0.07675916],\n       [5.15413218, 2.13151924, 1.8569012 , 0.46521975, 2.28305904,\n        0.06724363]]), array([0.58970185, 0.59838606, 0.60270504, 0.60352222, 0.60542185,\n       0.60560208, 0.60616935]))", "callback": [0.7792155083210244, 0.7098462327647986, 0.6789333571538878, 0.6641249696831275, 0.6482761372312178, 0.6312013923956407, 0.6312013923956407, 0.6269067581331254, 0.621178348042319, 0.6054218520273639]}, "4": {"maxiter": 500, "fatol": 1e-05, "xatol": 1e-05, "duration": 0.5095384120941162, "fun": "0.4464792595115066", "nit": "411", "nfev": "648", "status": "0", "success": "True", "message": "Optimization terminated successfully.", "x": "[ 5.38192722  3.32098794  1.4077462   1.60409062  2.91203411 -0.92012101]", "final_simplex": "(array([[ 5.38192722,  3.32098794,  1.4077462 ,  1.60409062,  2.91203411,\n        -0.92012101],\n       [ 5.38193131,  3.32098316,  1.40775187,  1.60408829,  2.91203947,\n        -0.9201194 ],\n       [ 5.381933  ,  3.32099623,  1.40774533,  1.60409534,  2.91203788,\n        -0.92012047],\n       [ 5.38193308,  3.32098424,  1.40774978,  1.60408606,  2.91204322,\n        -0.92012599],\n       [ 5.38193024,  3.32098096,  1.40774886,  1.60409109,  2.91203248,\n        -0.92012162],\n       [ 5.38192678,  3.32098838,  1.40774283,  1.60408635,  2.91203412,\n        -0.92011607],\n       [ 5.38193396,  3.32098391,  1.40775483,  1.60408338,  2.91203874,\n        -0.92012185]]), array([0.44647926, 0.44647926, 0.44647926, 0.44647926, 0.44647926,\n       0.44647926, 0.44647926]))", "callback": [0.7792155083210244, 0.7098462327647986, 0.6789333571538878, 0.6641249696831275, 0.6482761372312178, 0.6312013923956407, 0.6312013923956407, 0.6269067581331254, 0.621178348042319, 0.6054218520273639, 0.5897018511492449, 0.5247204170662547, 0.48898525533235027, 0.48731228445007424, 0.4835898054013569, 0.4784099769569774, 0.47667082604105204, 0.4765831952066062, 0.47614957727981244, 0.47586851484316184, 0.4748898287844332, 0.47300348404376225, 0.4696738188929168, 0.4671013921453441, 0.45987062664423495, 0.45414759106570113, 0.44955640083508763, 0.446852857505306, 0.4467219215289807, 0.4465509060724129, 0.4464860559250645, 0.44648190287588585, 0.446479927463582, 0.4464794227553931, 0.44647930062374686, 0.4464792668888353, 0.44647926202782684, 0.44647926003779637, 0.44647925971282443, 0.44647925956601275, 0.44647925952057343, 0.4464792595115066]}, "5": {"maxiter": 500, "fatol": 1e-05, "xatol": 1e-10, "duration": 0.6637592315673828, "fun": "0.44647925950944056", "nit": "500", "nfev": "789", "status": "2", "success": "False", "message": "Maximum number of iterations has been exceeded.", "x": "[ 5.38193045  3.32098958  1.4077468   1.604091    2.91203777 -0.92012249]", "final_simplex": "(array([[ 5.38193045,  3.32098958,  1.4077468 ,  1.604091  ,  2.91203777,\n        -0.92012249],\n       [ 5.38193047,  3.32098962,  1.40774681,  1.60409096,  2.91203779,\n        -0.92012246],\n       [ 5.38193046,  3.32098951,  1.4077469 ,  1.60409096,  2.91203787,\n        -0.92012247],\n       [ 5.38193037,  3.32098956,  1.40774679,  1.60409094,  2.91203777,\n        -0.92012245],\n       [ 5.38193038,  3.32098961,  1.4077468 ,  1.60409101,  2.91203777,\n        -0.92012239],\n       [ 5.38193042,  3.32098956,  1.40774671,  1.60409099,  2.91203777,\n        -0.92012239],\n       [ 5.38193038,  3.32098973,  1.40774667,  1.60409101,  2.9120378 ,\n        -0.92012245]]), array([0.44647926, 0.44647926, 0.44647926, 0.44647926, 0.44647926,\n       0.44647926, 0.44647926]))", "callback": [0.7792155083210244, 0.7098462327647986, 0.6789333571538878, 0.6641249696831275, 0.6482761372312178, 0.6312013923956407, 0.6312013923956407, 0.6269067581331254, 0.621178348042319, 0.6054218520273639, 0.5897018511492449, 0.5247204170662547, 0.48898525533235027, 0.48731228445007424, 0.4835898054013569, 0.4784099769569774, 0.47667082604105204, 0.4765831952066062, 0.47614957727981244, 0.47586851484316184, 0.4748898287844332, 0.47300348404376225, 0.4696738188929168, 0.4671013921453441, 0.45987062664423495, 0.45414759106570113, 0.44955640083508763, 0.446852857505306, 0.4467219215289807, 0.4465509060724129, 0.4464860559250645, 0.44648190287588585, 0.446479927463582, 0.4464794227553931, 0.44647930062374686, 0.4464792668888353, 0.44647926202782684, 0.44647926003779637, 0.44647925971282443, 0.44647925956601275, 0.44647925952057343, 0.4464792595115066, 0.4464792595098077, 0.4464792595095316, 0.4464792595095015, 0.4464792595094764, 0.44647925950946554, 0.4464792595094561, 0.44647925950944645, 0.44647925950944156]}, "6": {"maxiter": 500, "fatol": 1e-10, "xatol": 1e-05, "duration": 0.9384860992431641, "fun": "0.4464792595115066", "nit": "411", "nfev": "648", "status": "0", "success": "True", "message": "Optimization terminated successfully.", "x": "[ 5.38192722  3.32098794  1.4077462   1.60409062  2.91203411 -0.92012101]", "final_simplex": "(array([[ 5.38192722,  3.32098794,  1.4077462 ,  1.60409062,  2.91203411,\n        -0.92012101],\n       [ 5.38193131,  3.32098316,  1.40775187,  1.60408829,  2.91203947,\n        -0.9201194 ],\n       [ 5.381933  ,  3.32099623,  1.40774533,  1.60409534,  2.91203788,\n        -0.92012047],\n       [ 5.38193308,  3.32098424,  1.40774978,  1.60408606,  2.91204322,\n        -0.92012599],\n       [ 5.38193024,  3.32098096,  1.40774886,  1.60409109,  2.91203248,\n        -0.92012162],\n       [ 5.38192678,  3.32098838,  1.40774283,  1.60408635,  2.91203412,\n        -0.92011607],\n       [ 5.38193396,  3.32098391,  1.40775483,  1.60408338,  2.91203874,\n        -0.92012185]]), array([0.44647926, 0.44647926, 0.44647926, 0.44647926, 0.44647926,\n       0.44647926, 0.44647926]))", "callback": [0.7792155083210244, 0.7098462327647986, 0.6789333571538878, 0.6641249696831275, 0.6482761372312178, 0.6312013923956407, 0.6312013923956407, 0.6269067581331254, 0.621178348042319, 0.6054218520273639, 0.5897018511492449, 0.5247204170662547, 0.48898525533235027, 0.48731228445007424, 0.4835898054013569, 0.4784099769569774, 0.47667082604105204, 0.4765831952066062, 0.47614957727981244, 0.47586851484316184, 0.4748898287844332, 0.47300348404376225, 0.4696738188929168, 0.4671013921453441, 0.45987062664423495, 0.45414759106570113, 0.44955640083508763, 0.446852857505306, 0.4467219215289807, 0.4465509060724129, 0.4464860559250645, 0.44648190287588585, 0.446479927463582, 0.4464794227553931, 0.44647930062374686, 0.4464792668888353, 0.44647926202782684, 0.44647926003779637, 0.44647925971282443, 0.44647925956601275, 0.44647925952057343, 0.4464792595115066]}, "7": {"maxiter": 500, "fatol": 1e-10, "xatol": 1e-10, "duration": 0.6893157958984375, "fun": "0.44647925950944056", "nit": "500", "nfev": "789", "status": "2", "success": "False", "message": "Maximum number of iterations has been exceeded.", "x": "[ 5.38193045  3.32098958  1.4077468   1.604091    2.91203777 -0.92012249]", "final_simplex": "(array([[ 5.38193045,  3.32098958,  1.4077468 ,  1.604091  ,  2.91203777,\n        -0.92012249],\n       [ 5.38193047,  3.32098962,  1.40774681,  1.60409096,  2.91203779,\n        -0.92012246],\n       [ 5.38193046,  3.32098951,  1.4077469 ,  1.60409096,  2.91203787,\n        -0.92012247],\n       [ 5.38193037,  3.32098956,  1.40774679,  1.60409094,  2.91203777,\n        -0.92012245],\n       [ 5.38193038,  3.32098961,  1.4077468 ,  1.60409101,  2.91203777,\n        -0.92012239],\n       [ 5.38193042,  3.32098956,  1.40774671,  1.60409099,  2.91203777,\n        -0.92012239],\n       [ 5.38193038,  3.32098973,  1.40774667,  1.60409101,  2.9120378 ,\n        -0.92012245]]), array([0.44647926, 0.44647926, 0.44647926, 0.44647926, 0.44647926,\n       0.44647926, 0.44647926]))", "callback": [0.7792155083210244, 0.7098462327647986, 0.6789333571538878, 0.6641249696831275, 0.6482761372312178, 0.6312013923956407, 0.6312013923956407, 0.6269067581331254, 0.621178348042319, 0.6054218520273639, 0.5897018511492449, 0.5247204170662547, 0.48898525533235027, 0.48731228445007424, 0.4835898054013569, 0.4784099769569774, 0.47667082604105204, 0.4765831952066062, 0.47614957727981244, 0.47586851484316184, 0.4748898287844332, 0.47300348404376225, 0.4696738188929168, 0.4671013921453441, 0.45987062664423495, 0.45414759106570113, 0.44955640083508763, 0.446852857505306, 0.4467219215289807, 0.4465509060724129, 0.4464860559250645, 0.44648190287588585, 0.446479927463582, 0.4464794227553931, 0.44647930062374686, 0.4464792668888353, 0.44647926202782684, 0.44647926003779637, 0.44647925971282443, 0.44647925956601275, 0.44647925952057343, 0.4464792595115066, 0.4464792595098077, 0.4464792595095316, 0.4464792595095015, 0.4464792595094764, 0.44647925950946554, 0.4464792595094561, 0.44647925950944645, 0.44647925950944156]}, "8": {"maxiter": 1000, "fatol": 1e-05, "xatol": 1e-05, "duration": 0.4963223934173584, "fun": "0.4464792595115066", "nit": "411", "nfev": "648", "status": "0", "success": "True", "message": "Optimization terminated successfully.", "x": "[ 5.38192722  3.32098794  1.4077462   1.60409062  2.91203411 -0.92012101]", "final_simplex": "(array([[ 5.38192722,  3.32098794,  1.4077462 ,  1.60409062,  2.91203411,\n        -0.92012101],\n       [ 5.38193131,  3.32098316,  1.40775187,  1.60408829,  2.91203947,\n        -0.9201194 ],\n       [ 5.381933  ,  3.32099623,  1.40774533,  1.60409534,  2.91203788,\n        -0.92012047],\n       [ 5.38193308,  3.32098424,  1.40774978,  1.60408606,  2.91204322,\n        -0.92012599],\n       [ 5.38193024,  3.32098096,  1.40774886,  1.60409109,  2.91203248,\n        -0.92012162],\n       [ 5.38192678,  3.32098838,  1.40774283,  1.60408635,  2.91203412,\n        -0.92011607],\n       [ 5.38193396,  3.32098391,  1.40775483,  1.60408338,  2.91203874,\n        -0.92012185]]), array([0.44647926, 0.44647926, 0.44647926, 0.44647926, 0.44647926,\n       0.44647926, 0.44647926]))", "callback": [0.7792155083210244, 0.7098462327647986, 0.6789333571538878, 0.6641249696831275, 0.6482761372312178, 0.6312013923956407, 0.6312013923956407, 0.6269067581331254, 0.621178348042319, 0.6054218520273639, 0.5897018511492449, 0.5247204170662547, 0.48898525533235027, 0.48731228445007424, 0.4835898054013569, 0.4784099769569774, 0.47667082604105204, 0.4765831952066062, 0.47614957727981244, 0.47586851484316184, 0.4748898287844332, 0.47300348404376225, 0.4696738188929168, 0.4671013921453441, 0.45987062664423495, 0.45414759106570113, 0.44955640083508763, 0.446852857505306, 0.4467219215289807, 0.4465509060724129, 0.4464860559250645, 0.44648190287588585, 0.446479927463582, 0.4464794227553931, 0.44647930062374686, 0.4464792668888353, 0.44647926202782684, 0.44647926003779637, 0.44647925971282443, 0.44647925956601275, 0.44647925952057343, 0.4464792595115066]}, "9": {"maxiter": 1000, "fatol": 1e-05, "xatol": 1e-10, "duration": 0.762887716293335, "fun": "0.4464792595094398", "nit": "540", "nfev": "910", "status": "0", "success": "True", "message": "Optimization terminated successfully.", "x": "[ 5.38193052  3.32098961  1.40774678  1.60409098  2.91203781 -0.92012253]", "final_simplex": "(array([[ 5.38193052,  3.32098961,  1.40774678,  1.60409098,  2.91203781,\n        -0.92012253],\n       [ 5.38193052,  3.32098961,  1.40774678,  1.60409098,  2.91203781,\n        -0.92012253],\n       [ 5.38193052,  3.32098961,  1.40774678,  1.60409098,  2.91203781,\n        -0.92012253],\n       [ 5.38193052,  3.32098961,  1.40774678,  1.60409098,  2.91203781,\n        -0.92012253],\n       [ 5.38193052,  3.32098961,  1.40774678,  1.60409098,  2.91203781,\n        -0.92012253],\n       [ 5.38193052,  3.32098961,  1.40774678,  1.60409098,  2.91203781,\n        -0.92012253],\n       [ 5.38193052,  3.32098961,  1.40774678,  1.60409098,  2.91203781,\n        -0.92012253]]), array([0.44647926, 0.44647926, 0.44647926, 0.44647926, 0.44647926,\n       0.44647926, 0.44647926]))", "callback": [0.7792155083210244, 0.7098462327647986, 0.6789333571538878, 0.6641249696831275, 0.6482761372312178, 0.6312013923956407, 0.6312013923956407, 0.6269067581331254, 0.621178348042319, 0.6054218520273639, 0.5897018511492449, 0.5247204170662547, 0.48898525533235027, 0.48731228445007424, 0.4835898054013569, 0.4784099769569774, 0.47667082604105204, 0.4765831952066062, 0.47614957727981244, 0.47586851484316184, 0.4748898287844332, 0.47300348404376225, 0.4696738188929168, 0.4671013921453441, 0.45987062664423495, 0.45414759106570113, 0.44955640083508763, 0.446852857505306, 0.4467219215289807, 0.4465509060724129, 0.4464860559250645, 0.44648190287588585, 0.446479927463582, 0.4464794227553931, 0.44647930062374686, 0.4464792668888353, 0.44647926202782684, 0.44647926003779637, 0.44647925971282443, 0.44647925956601275, 0.44647925952057343, 0.4464792595115066, 0.4464792595098077, 0.4464792595095316, 0.4464792595095015, 0.4464792595094764, 0.44647925950946554, 0.4464792595094561, 0.44647925950944645, 0.44647925950944156, 0.44647925950944056, 0.4464792595094399, 0.4464792595094399, 0.4464792595094398]}, "10": {"maxiter": 1000, "fatol": 1e-10, "xatol": 1e-05, "duration": 0.5083184242248535, "fun": "0.4464792595115066", "nit": "411", "nfev": "648", "status": "0", "success": "True", "message": "Optimization terminated successfully.", "x": "[ 5.38192722  3.32098794  1.4077462   1.60409062  2.91203411 -0.92012101]", "final_simplex": "(array([[ 5.38192722,  3.32098794,  1.4077462 ,  1.60409062,  2.91203411,\n        -0.92012101],\n       [ 5.38193131,  3.32098316,  1.40775187,  1.60408829,  2.91203947,\n        -0.9201194 ],\n       [ 5.381933  ,  3.32099623,  1.40774533,  1.60409534,  2.91203788,\n        -0.92012047],\n       [ 5.38193308,  3.32098424,  1.40774978,  1.60408606,  2.91204322,\n        -0.92012599],\n       [ 5.38193024,  3.32098096,  1.40774886,  1.60409109,  2.91203248,\n        -0.92012162],\n       [ 5.38192678,  3.32098838,  1.40774283,  1.60408635,  2.91203412,\n        -0.92011607],\n       [ 5.38193396,  3.32098391,  1.40775483,  1.60408338,  2.91203874,\n        -0.92012185]]), array([0.44647926, 0.44647926, 0.44647926, 0.44647926, 0.44647926,\n       0.44647926, 0.44647926]))", "callback": [0.7792155083210244, 0.7098462327647986, 0.6789333571538878, 0.6641249696831275, 0.6482761372312178, 0.6312013923956407, 0.6312013923956407, 0.6269067581331254, 0.621178348042319, 0.6054218520273639, 0.5897018511492449, 0.5247204170662547, 0.48898525533235027, 0.48731228445007424, 0.4835898054013569, 0.4784099769569774, 0.47667082604105204, 0.4765831952066062, 0.47614957727981244, 0.47586851484316184, 0.4748898287844332, 0.47300348404376225, 0.4696738188929168, 0.4671013921453441, 0.45987062664423495, 0.45414759106570113, 0.44955640083508763, 0.446852857505306, 0.4467219215289807, 0.4465509060724129, 0.4464860559250645, 0.44648190287588585, 0.446479927463582, 0.4464794227553931, 0.44647930062374686, 0.4464792668888353, 0.44647926202782684, 0.44647926003779637, 0.44647925971282443, 0.44647925956601275, 0.44647925952057343, 0.4464792595115066]}, "11": {"maxiter": 1000, "fatol": 1e-10, "xatol": 1e-10, "duration": 0.7129292488098145, "fun": "0.4464792595094398", "nit": "540", "nfev": "910", "status": "0", "success": "True", "message": "Optimization terminated successfully.", "x": "[ 5.38193052  3.32098961  1.40774678  1.60409098  2.91203781 -0.92012253]", "final_simplex": "(array([[ 5.38193052,  3.32098961,  1.40774678,  1.60409098,  2.91203781,\n        -0.92012253],\n       [ 5.38193052,  3.32098961,  1.40774678,  1.60409098,  2.91203781,\n        -0.92012253],\n       [ 5.38193052,  3.32098961,  1.40774678,  1.60409098,  2.91203781,\n        -0.92012253],\n       [ 5.38193052,  3.32098961,  1.40774678,  1.60409098,  2.91203781,\n        -0.92012253],\n       [ 5.38193052,  3.32098961,  1.40774678,  1.60409098,  2.91203781,\n        -0.92012253],\n       [ 5.38193052,  3.32098961,  1.40774678,  1.60409098,  2.91203781,\n        -0.92012253],\n       [ 5.38193052,  3.32098961,  1.40774678,  1.60409098,  2.91203781,\n        -0.92012253]]), array([0.44647926, 0.44647926, 0.44647926, 0.44647926, 0.44647926,\n       0.44647926, 0.44647926]))", "callback": [0.7792155083210244, 0.7098462327647986, 0.6789333571538878, 0.6641249696831275, 0.6482761372312178, 0.6312013923956407, 0.6312013923956407, 0.6269067581331254, 0.621178348042319, 0.6054218520273639, 0.5897018511492449, 0.5247204170662547, 0.48898525533235027, 0.48731228445007424, 0.4835898054013569, 0.4784099769569774, 0.47667082604105204, 0.4765831952066062, 0.47614957727981244, 0.47586851484316184, 0.4748898287844332, 0.47300348404376225, 0.4696738188929168, 0.4671013921453441, 0.45987062664423495, 0.45414759106570113, 0.44955640083508763, 0.446852857505306, 0.4467219215289807, 0.4465509060724129, 0.4464860559250645, 0.44648190287588585, 0.446479927463582, 0.4464794227553931, 0.44647930062374686, 0.4464792668888353, 0.44647926202782684, 0.44647926003779637, 0.44647925971282443, 0.44647925956601275, 0.44647925952057343, 0.4464792595115066, 0.4464792595098077, 0.4464792595095316, 0.4464792595095015, 0.4464792595094764, 0.44647925950946554, 0.4464792595094561, 0.44647925950944645, 0.44647925950944156, 0.44647925950944056, 0.4464792595094399, 0.4464792595094399, 0.4464792595094398]}}, "bfgs": {"type": "gradient", "0": {"maxiter": 100, "gtol": 1e-05, "xrtol": 1e-05, "eps": 1e-05, "duration": 0.14479660987854004, "fun": "0.44647925953445466", "jac": "[-3.04567482e-07  2.07867057e-06  1.04118936e-06  9.75264314e-07\n -9.30722166e-07  1.46171963e-07]", "hess_inv": "[[ 5.84858506  0.44207241  0.11429721  0.49364801  1.85685442 -3.26873312]\n [ 0.44207241  7.69463318 -4.57186099  1.53642731  0.27169434 -1.79426907]\n [ 0.11429721 -4.57186099  6.36149095 -1.71195575  0.73422707  0.44600943]\n [ 0.49364801  1.53642731 -1.71195575  5.17672294  0.64819534  0.55900677]\n [ 1.85685442  0.27169434  0.73422707  0.64819534  4.9262236  -0.74538087]\n [-3.26873312 -1.79426907  0.44600943  0.55900677 -0.74538087  7.38854876]]", "nfev": "182", "njev": "26", "status": "0", "success": "True", "message": "Optimization terminated successfully.", "x": "[ 5.38192112  3.32099923  1.40773796  1.60409187  2.91202643 -0.92012225]", "nit": "24", "callback": [0.712509108355118, 0.6869551222950278, 0.6369191784416801, 0.5836878180489355, 0.5645467384332505, 0.5303086888893315, 0.4879522342381506, 0.47061704323056797, 0.46209543766006766, 0.45088921794766845, 0.4478065908153004, 0.4470973083568224, 0.4466606408746012, 0.44650808296863387, 0.44648517040969926, 0.4464825916075046, 0.4464812882491176, 0.446480563828796, 0.44648017510426774, 0.4464797933754103, 0.4464794429005713, 0.4464792857452471, 0.4464792606778877, 0.44647925953445466]}, "1": {"maxiter": 100, "gtol": 1e-05, "xrtol": 1e-05, "eps": 1e-10, "duration": 0.1547718048095703, "fun": "0.4464792595478433", "jac": "[-1.11022293e-06  1.11022293e-06  2.22044587e-06  2.22044587e-06\n -2.22044587e-06 -1.11022293e-06]", "hess_inv": "[[ 5.81838354  0.43020297  0.12161311  0.48896969  1.81005504 -3.32554091]\n [ 0.43020297  7.76144704 -4.59866629  1.50826851  0.2824655  -1.72117123]\n [ 0.12161311 -4.59866629  6.35014292 -1.62428531  0.75875455  0.4143767 ]\n [ 0.48896969  1.50826851 -1.62428531  5.03288729  0.54725444  0.46824004]\n [ 1.81005504  0.2824655   0.75875455  0.54725444  4.84598027 -0.77217208]\n [-3.32554091 -1.72117123  0.4143767   0.46824004 -0.77217208  7.508586  ]]", "nfev": "182", "njev": "26", "status": "0", "success": "True", "message": "Optimization terminated successfully.", "x": "[ 5.38193671  3.32100246  1.40774772  1.60410304  2.91203781 -0.92013444]", "nit": "24", "callback": [0.7125091179075098, 0.6869556162879085, 0.6369213105296815, 0.5836890625421878, 0.5645488174740644, 0.5303088013736965, 0.4879422274826333, 0.4706153032331928, 0.46209467284660755, 0.45088740584548825, 0.4478059221263744, 0.44709732717886863, 0.44666033699895635, 0.44650806756842587, 0.44648518286920447, 0.4464825972267559, 0.4464812962860001, 0.446480561872306, 0.4464801754641443, 0.4464797910491429, 0.44647944151616636, 0.4464792854543411, 0.44647926090821066, 0.4464792595478433]}, "2": {"maxiter": 100, "gtol": 1e-05, "xrtol": 1e-10, "eps": 1e-05, "duration": 0.14090371131896973, "fun": "0.44647925953445466", "jac": "[-3.04567482e-07  2.07867057e-06  1.04118936e-06  9.75264314e-07\n -9.30722166e-07  1.46171963e-07]", "hess_inv": "[[ 5.84858506  0.44207241  0.11429721  0.49364801  1.85685442 -3.26873312]\n [ 0.44207241  7.69463318 -4.57186099  1.53642731  0.27169434 -1.79426907]\n [ 0.11429721 -4.57186099  6.36149095 -1.71195575  0.73422707  0.44600943]\n [ 0.49364801  1.53642731 -1.71195575  5.17672294  0.64819534  0.55900677]\n [ 1.85685442  0.27169434  0.73422707  0.64819534  4.9262236  -0.74538087]\n [-3.26873312 -1.79426907  0.44600943  0.55900677 -0.74538087  7.38854876]]", "nfev": "182", "njev": "26", "status": "0", "success": "True", "message": "Optimization terminated successfully.", "x": "[ 5.38192112  3.32099923  1.40773796  1.60409187  2.91202643 -0.92012225]", "nit": "24", "callback": [0.712509108355118, 0.6869551222950278, 0.6369191784416801, 0.5836878180489355, 0.5645467384332505, 0.5303086888893315, 0.4879522342381506, 0.47061704323056797, 0.46209543766006766, 0.45088921794766845, 0.4478065908153004, 0.4470973083568224, 0.4466606408746012, 0.44650808296863387, 0.44648517040969926, 0.4464825916075046, 0.4464812882491176, 0.446480563828796, 0.44648017510426774, 0.4464797933754103, 0.4464794429005713, 0.4464792857452471, 0.4464792606778877, 0.44647925953445466]}, "3": {"maxiter": 100, "gtol": 1e-05, "xrtol": 1e-10, "eps": 1e-10, "duration": 0.14087295532226562, "fun": "0.4464792595478433", "jac": "[-1.11022293e-06  1.11022293e-06  2.22044587e-06  2.22044587e-06\n -2.22044587e-06 -1.11022293e-06]", "hess_inv": "[[ 5.81838354  0.43020297  0.12161311  0.48896969  1.81005504 -3.32554091]\n [ 0.43020297  7.76144704 -4.59866629  1.50826851  0.2824655  -1.72117123]\n [ 0.12161311 -4.59866629  6.35014292 -1.62428531  0.75875455  0.4143767 ]\n [ 0.48896969  1.50826851 -1.62428531  5.03288729  0.54725444  0.46824004]\n [ 1.81005504  0.2824655   0.75875455  0.54725444  4.84598027 -0.77217208]\n [-3.32554091 -1.72117123  0.4143767   0.46824004 -0.77217208  7.508586  ]]", "nfev": "182", "njev": "26", "status": "0", "success": "True", "message": "Optimization terminated successfully.", "x": "[ 5.38193671  3.32100246  1.40774772  1.60410304  2.91203781 -0.92013444]", "nit": "24", "callback": [0.7125091179075098, 0.6869556162879085, 0.6369213105296815, 0.5836890625421878, 0.5645488174740644, 0.5303088013736965, 0.4879422274826333, 0.4706153032331928, 0.46209467284660755, 0.45088740584548825, 0.4478059221263744, 0.44709732717886863, 0.44666033699895635, 0.44650806756842587, 0.44648518286920447, 0.4464825972267559, 0.4464812962860001, 0.446480561872306, 0.4464801754641443, 0.4464797910491429, 0.44647944151616636, 0.4464792854543411, 0.44647926090821066, 0.4464792595478433]}, "4": {"maxiter": 100, "gtol": 1e-10, "xrtol": 1e-05, "eps": 1e-05, "duration": 0.17520976066589355, "fun": "0.4464792595247019", "jac": "[-2.83106871e-09  3.65596442e-08  8.09907696e-08  2.06545891e-07\n  2.92765812e-08  1.29563027e-08]", "hess_inv": "[[ 5.87575379  0.29507574  0.1716261   0.4563992   1.89149854 -3.29982188]\n [ 0.29507574  8.46805443 -4.88195075  1.77944412  0.08164585 -1.6739359 ]\n [ 0.1716261  -4.88195075  6.48246057 -1.79072263  0.80734036  0.38060271]\n [ 0.4563992   1.77944412 -1.79072263  5.1492393   0.60563284  0.69228498]\n [ 1.89149854  0.08164585  0.80734036  0.60563284  4.97008986 -0.79071917]\n [-3.29982188 -1.6739359   0.38060271  0.69228498 -0.79071917  7.319501  ]]", "nfev": "189", "njev": "27", "status": "0", "success": "True", "message": "Optimization terminated successfully.", "x": "[ 5.38192391  3.32098539  1.40774386  1.60408561  2.91203014 -0.92012265]", "nit": "25", "callback": [0.712509108355118, 0.6869551222950278, 0.6369191784416801, 0.5836878180489355, 0.5645467384332505, 0.5303086888893315, 0.4879522342381506, 0.47061704323056797, 0.46209543766006766, 0.45088921794766845, 0.4478065908153004, 0.4470973083568224, 0.4466606408746012, 0.44650808296863387, 0.44648517040969926, 0.4464825916075046, 0.4464812882491176, 0.446480563828796, 0.44648017510426774, 0.4464797933754103, 0.4464794429005713, 0.4464792857452471, 0.4464792606778877, 0.44647925953445466, 0.4464792595247019]}, "5": {"maxiter": 100, "gtol": 1e-10, "xrtol": 1e-05, "eps": 1e-10, "duration": 0.17004823684692383, "fun": "0.4464792595281395", "jac": "[1.11022293e-06 0.00000000e+00 0.00000000e+00 1.11022293e-06\n 2.22044587e-06 0.00000000e+00]", "hess_inv": "[[ 5.87680842  0.22037868  0.18490511  0.43502184  1.86753786 -3.43301765]\n [ 0.22037868  8.03421512 -4.55842685  1.77751763 -0.04475388 -1.71381484]\n [ 0.18490511 -4.55842685  6.26982716 -1.72474286  0.88823578  0.50864377]\n [ 0.43502184  1.77751763 -1.72474286  5.07084397  0.51314374  0.62694184]\n [ 1.86753786 -0.04475388  0.88823578  0.51314374  4.8721954  -0.9730319 ]\n [-3.43301765 -1.71381484  0.50864377  0.62694184 -0.9730319   7.40811595]]", "nfev": "189", "njev": "27", "status": "0", "success": "True", "message": "Optimization terminated successfully.", "x": "[ 5.38194195  3.32099795  1.40774543  1.60409596  2.91204656 -0.9201328 ]", "nit": "25", "callback": [0.7125091179075098, 0.6869556162879085, 0.6369213105296815, 0.5836890625421878, 0.5645488174740644, 0.5303088013736965, 0.4879422274826333, 0.4706153032331928, 0.46209467284660755, 0.45088740584548825, 0.4478059221263744, 0.44709732717886863, 0.44666033699895635, 0.44650806756842587, 0.44648518286920447, 0.4464825972267559, 0.4464812962860001, 0.446480561872306, 0.4464801754641443, 0.4464797910491429, 0.44647944151616636, 0.4464792854543411, 0.44647926090821066, 0.4464792595478433, 0.4464792595281395]}, "6": {"maxiter": 100, "gtol": 1e-10, "xrtol": 1e-10, "eps": 1e-05, "duration": 0.301074743270874, "fun": "0.4464792595247019", "jac": "[-2.83106871e-09  3.65596442e-08  8.09907696e-08  2.06545891e-07\n  2.92765812e-08  1.29563027e-08]", "hess_inv": "[[ 5.84795438  0.35992323  0.13384462  0.407608    1.83958645 -3.31424334]\n [ 0.35992323  8.50763267 -4.84838712  2.18408909  0.24191221 -1.59201388]\n [ 0.13384462 -4.84838712  6.44671559 -1.94019046  0.72558768  0.34719785]\n [ 0.407608    2.18408909 -1.94019046  5.50679728  0.57421386  0.74054873]\n [ 1.83958645  0.24191221  0.72558768  0.57421386  4.88119013 -0.80773982]\n [-3.31424334 -1.59201388  0.34719785  0.74054873 -0.80773982  7.32423393]]", "nfev": "334", "njev": "46", "status": "2", "success": "False", "message": "Desired error not necessarily achieved due to precision loss.", "x": "[ 5.38192391  3.32098539  1.40774386  1.60408561  2.91203014 -0.92012265]", "nit": "25", "callback": [0.712509108355118, 0.6869551222950278, 0.6369191784416801, 0.5836878180489355, 0.5645467384332505, 0.5303086888893315, 0.4879522342381506, 0.47061704323056797, 0.46209543766006766, 0.45088921794766845, 0.4478065908153004, 0.4470973083568224, 0.4466606408746012, 0.44650808296863387, 0.44648517040969926, 0.4464825916075046, 0.4464812882491176, 0.446480563828796, 0.44648017510426774, 0.4464797933754103, 0.4464794429005713, 0.4464792857452471, 0.4464792606778877, 0.44647925953445466, 0.4464792595247019]}, "7": {"maxiter": 100, "gtol": 1e-10, "xrtol": 1e-10, "eps": 1e-10, "duration": 0.19392728805541992, "fun": "0.4464792595151509", "jac": "[0.00000000e+00 1.11022293e-06 1.11022293e-06 1.11022293e-06\n 2.22044587e-06 1.11022293e-06]", "hess_inv": "[[  5.97778678   1.18156318  -1.93967396   1.89357672  -1.89321239\n   -7.79762136]\n [  1.18156318   9.64194077 -10.34583185   5.74774915  -5.74737484\n  -10.526597  ]\n [ -1.93967396 -10.34583185  22.15107995 -14.44970312  14.44866936\n   23.33657314]\n [  1.89357672   5.74774915 -14.44970312  13.12390478 -13.12273994\n  -18.98475246]\n [ -1.89321239  -5.74737484  14.44866936 -13.12273994  13.12210137\n   18.98316069]\n [ -7.79762136 -10.526597    23.33657314 -18.98475246  18.98316069\n   42.50959452]]", "nfev": "252", "njev": "36", "status": "2", "success": "False", "message": "Desired error not necessarily achieved due to precision loss.", "x": "[ 5.38193233  3.32099859  1.40774379  1.6040933   2.91204068 -0.92012611]", "nit": "28", "callback": [0.7125091179075098, 0.6869556162879085, 0.6369213105296815, 0.5836890625421878, 0.5645488174740644, 0.5303088013736965, 0.4879422274826333, 0.4706153032331928, 0.46209467284660755, 0.45088740584548825, 0.4478059221263744, 0.44709732717886863, 0.44666033699895635, 0.44650806756842587, 0.44648518286920447, 0.4464825972267559, 0.4464812962860001, 0.446480561872306, 0.4464801754641443, 0.4464797910491429, 0.44647944151616636, 0.4464792854543411, 0.44647926090821066, 0.4464792595478433, 0.4464792595281395, 0.44647925951586975, 0.4464792595151509, 0.4464792595151509]}, "8": {"maxiter": 500, "gtol": 1e-05, "xrtol": 1e-05, "eps": 1e-05, "duration": 0.2023470401763916, "fun": "0.44647925953445466", "jac": "[-3.04567482e-07  2.07867057e-06  1.04118936e-06  9.75264314e-07\n -9.30722166e-07  1.46171963e-07]", "hess_inv": "[[ 5.84858506  0.44207241  0.11429721  0.49364801  1.85685442 -3.26873312]\n [ 0.44207241  7.69463318 -4.57186099  1.53642731  0.27169434 -1.79426907]\n [ 0.11429721 -4.57186099  6.36149095 -1.71195575  0.73422707  0.44600943]\n [ 0.49364801  1.53642731 -1.71195575  5.17672294  0.64819534  0.55900677]\n [ 1.85685442  0.27169434  0.73422707  0.64819534  4.9262236  -0.74538087]\n [-3.26873312 -1.79426907  0.44600943  0.55900677 -0.74538087  7.38854876]]", "nfev": "182", "njev": "26", "status": "0", "success": "True", "message": "Optimization terminated successfully.", "x": "[ 5.38192112  3.32099923  1.40773796  1.60409187  2.91202643 -0.92012225]", "nit": "24", "callback": [0.712509108355118, 0.6869551222950278, 0.6369191784416801, 0.5836878180489355, 0.5645467384332505, 0.5303086888893315, 0.4879522342381506, 0.47061704323056797, 0.46209543766006766, 0.45088921794766845, 0.4478065908153004, 0.4470973083568224, 0.4466606408746012, 0.44650808296863387, 0.44648517040969926, 0.4464825916075046, 0.4464812882491176, 0.446480563828796, 0.44648017510426774, 0.4464797933754103, 0.4464794429005713, 0.4464792857452471, 0.4464792606778877, 0.44647925953445466]}, "9": {"maxiter": 500, "gtol": 1e-05, "xrtol": 1e-05, "eps": 1e-10, "duration": 0.14064788818359375, "fun": "0.4464792595478433", "jac": "[-1.11022293e-06  1.11022293e-06  2.22044587e-06  2.22044587e-06\n -2.22044587e-06 -1.11022293e-06]", "hess_inv": "[[ 5.81838354  0.43020297  0.12161311  0.48896969  1.81005504 -3.32554091]\n [ 0.43020297  7.76144704 -4.59866629  1.50826851  0.2824655  -1.72117123]\n [ 0.12161311 -4.59866629  6.35014292 -1.62428531  0.75875455  0.4143767 ]\n [ 0.48896969  1.50826851 -1.62428531  5.03288729  0.54725444  0.46824004]\n [ 1.81005504  0.2824655   0.75875455  0.54725444  4.84598027 -0.77217208]\n [-3.32554091 -1.72117123  0.4143767   0.46824004 -0.77217208  7.508586  ]]", "nfev": "182", "njev": "26", "status": "0", "success": "True", "message": "Optimization terminated successfully.", "x": "[ 5.38193671  3.32100246  1.40774772  1.60410304  2.91203781 -0.92013444]", "nit": "24", "callback": [0.7125091179075098, 0.6869556162879085, 0.6369213105296815, 0.5836890625421878, 0.5645488174740644, 0.5303088013736965, 0.4879422274826333, 0.4706153032331928, 0.46209467284660755, 0.45088740584548825, 0.4478059221263744, 0.44709732717886863, 0.44666033699895635, 0.44650806756842587, 0.44648518286920447, 0.4464825972267559, 0.4464812962860001, 0.446480561872306, 0.4464801754641443, 0.4464797910491429, 0.44647944151616636, 0.4464792854543411, 0.44647926090821066, 0.4464792595478433]}, "10": {"maxiter": 500, "gtol": 1e-05, "xrtol": 1e-10, "eps": 1e-05, "duration": 0.23720335960388184, "fun": "0.44647925953445466", "jac": "[-3.04567482e-07  2.07867057e-06  1.04118936e-06  9.75264314e-07\n -9.30722166e-07  1.46171963e-07]", "hess_inv": "[[ 5.84858506  0.44207241  0.11429721  0.49364801  1.85685442 -3.26873312]\n [ 0.44207241  7.69463318 -4.57186099  1.53642731  0.27169434 -1.79426907]\n [ 0.11429721 -4.57186099  6.36149095 -1.71195575  0.73422707  0.44600943]\n [ 0.49364801  1.53642731 -1.71195575  5.17672294  0.64819534  0.55900677]\n [ 1.85685442  0.27169434  0.73422707  0.64819534  4.9262236  -0.74538087]\n [-3.26873312 -1.79426907  0.44600943  0.55900677 -0.74538087  7.38854876]]", "nfev": "182", "njev": "26", "status": "0", "success": "True", "message": "Optimization terminated successfully.", "x": "[ 5.38192112  3.32099923  1.40773796  1.60409187  2.91202643 -0.92012225]", "nit": "24", "callback": [0.712509108355118, 0.6869551222950278, 0.6369191784416801, 0.5836878180489355, 0.5645467384332505, 0.5303086888893315, 0.4879522342381506, 0.47061704323056797, 0.46209543766006766, 0.45088921794766845, 0.4478065908153004, 0.4470973083568224, 0.4466606408746012, 0.44650808296863387, 0.44648517040969926, 0.4464825916075046, 0.4464812882491176, 0.446480563828796, 0.44648017510426774, 0.4464797933754103, 0.4464794429005713, 0.4464792857452471, 0.4464792606778877, 0.44647925953445466]}, "11": {"maxiter": 500, "gtol": 1e-05, "xrtol": 1e-10, "eps": 1e-10, "duration": 0.30414319038391113, "fun": "0.4464792595478433", "jac": "[-1.11022293e-06  1.11022293e-06  2.22044587e-06  2.22044587e-06\n -2.22044587e-06 -1.11022293e-06]", "hess_inv": "[[ 5.81838354  0.43020297  0.12161311  0.48896969  1.81005504 -3.32554091]\n [ 0.43020297  7.76144704 -4.59866629  1.50826851  0.2824655  -1.72117123]\n [ 0.12161311 -4.59866629  6.35014292 -1.62428531  0.75875455  0.4143767 ]\n [ 0.48896969  1.50826851 -1.62428531  5.03288729  0.54725444  0.46824004]\n [ 1.81005504  0.2824655   0.75875455  0.54725444  4.84598027 -0.77217208]\n [-3.32554091 -1.72117123  0.4143767   0.46824004 -0.77217208  7.508586  ]]", "nfev": "182", "njev": "26", "status": "0", "success": "True", "message": "Optimization 