{"date": "2024/10/28/, 18:01:35", "conf_id": 206, "data_type": "non_lin_ind\n", "num_data_points": 3, "s_rank": 0, "unitary": "[[-0.56303964-0.00798273j,-0.21670212-0.15784972j,-0.06047197-0.73952673j,-0.01438004+0.24552571j],[-0.06976756+0.23474685j,-0.01275565-0.5435098j,-0.02703657-0.08917885j,-0.08210486-0.79311774j],[-0.38559961+0.10714929j,0.5933431-0.2687392j,-0.24060861+0.29149289j,-0.45147719+0.26241743j],[-0.50180421+0.45931857j,-0.11617175+0.44134496j,0.49642745+0.22684508j,-0.08544628-0.15407063j]]", "databatch_0": {"databatch": "[[[-0.02600574-0.13398836j,0.01633201-0.2422797j,0.14871741-0.04111907j,-0.01852817-0.20729173j],[-0.09510208+0.10927521j,-0.10914491+0.13696933j,-0.1185085-0.08660814j,0.07255933+0.17411084j],[0.1073078+0.00974619j,0.14452145-0.02029248j,0.00408072+0.10772354j,0.11546406-0.17264442j],[-0.340907-0.25598678j,-0.29683923-0.39694003j,0.25607267-0.36396332j,-0.17062625+0.06523543j]],[[0.17409894+0.00368398j,0.14169759+0.1777383j,0.05991733+0.02759973j,-0.06593376+0.056908j],[-0.09518592+0.19447263j,-0.26597935+0.11231549j,-0.10761066-0.03968124j,-0.1305767-0.10499526j],[0.24413688+0.02234879j,0.21743154+0.24361329j,0.01556855+0.10879596j,-0.07073568+0.15890846j],[-0.25634887+0.1924845j,-0.48574201-0.0104702j,0.00089816-0.20320469j,-0.11978788-0.36204693j]],[[0.28274137-0.19799432j,0.00830542-0.23350429j,0.39577362+0.04120147j,0.11616815+0.32262154j],[-0.09146176+0.22021078j,0.04284184+0.07822607j,-0.13626925+0.080317j,-0.04037924-0.10162822j],[0.29232151-0.05245467j,0.0501651-0.12944389j,0.22769543+0.09424617j,-0.03023763+0.15758076j],[-0.02886514-0.0343032j,0.03399611-0.16887297j,0.25193293+0.10568385j,0.17479062+0.34312198j]]]", "initial param values": "[3.72299766,3.90701198,1.78368661,0.28461202,1.15767073,0.21376244]", "nelder_mead": {"type": "gradient-free", "0": {"maxiter": 100, "fatol": 1e-05, "xatol": 1e-05, "duration": 0.12419867515563965, "fun": "0.34115741655538334", "nit": "100", "nfev": "157", "status": "2", "success": "False", "message": "Maximum number of iterations has been exceeded.", "x": "[5.07476667 1.43698711 2.23111985 1.89819898 1.00852748 0.94472998]", "final_simplex": "(array([[5.07476667, 1.43698711, 2.23111985, 1.89819898, 1.00852748,\n        0.94472998],\n       [4.97189538, 1.50526059, 2.28018236, 1.89389841, 1.05139158,\n        0.96161667],\n       [5.21787817, 1.60846958, 2.11698216, 1.80854744, 0.97862526,\n        0.89982056],\n       [5.30115582, 1.29260358, 2.15538352, 1.74063761, 1.0613927 ,\n        0.86141874],\n       [5.00314881, 1.69258569, 2.16123412, 1.73502473, 1.05482545,\n        0.89040724],\n       [5.42579272, 1.0674663 , 1.99588523, 1.58930044, 1.08324236,\n        0.74535781],\n       [5.17221864, 0.78729924, 2.09957259, 1.80820952, 1.12197808,\n        0.8543325 ]]), array([0.34115742, 0.34210951, 0.34213285, 0.34331401, 0.34625859,\n       0.34698902, 0.35066826]))", "callback": [0.880695327268316, 0.7775753675994856, 0.661132270819546, 0.5413665284960971, 0.5413665284960971, 0.5401532573845826, 0.5357965110865868, 0.5125158089018023, 0.406987557076289, 0.34115741655538334]}, "1": {"maxiter": 100, "fatol": 1e-05, "xatol": 1e-10, "duration": 0.12190651893615723, "fun": "0.34115741655538334", "nit": "100", "nfev": "157", "status": "2", "success": "False", "message": "Maximum number of iterations has been exceeded.", "x": "[5.07476667 1.43698711 2.23111985 1.89819898 1.00852748 0.94472998]", "final_simplex": "(array([[5.07476667, 1.43698711, 2.23111985, 1.89819898, 1.00852748,\n        0.94472998],\n       [4.97189538, 1.50526059, 2.28018236, 1.89389841, 1.05139158,\n        0.96161667],\n       [5.21787817, 1.60846958, 2.11698216, 1.80854744, 0.97862526,\n        0.89982056],\n       [5.30115582, 1.29260358, 2.15538352, 1.74063761, 1.0613927 ,\n        0.86141874],\n       [5.00314881, 1.69258569, 2.16123412, 1.73502473, 1.05482545,\n        0.89040724],\n       [5.42579272, 1.0674663 , 1.99588523, 1.58930044, 1.08324236,\n        0.74535781],\n       [5.17221864, 0.78729924, 2.09957259, 1.80820952, 1.12197808,\n        0.8543325 ]]), array([0.34115742, 0.34210951, 0.34213285, 0.34331401, 0.34625859,\n       0.34698902, 0.35066826]))", "callback": [0.880695327268316, 0.7775753675994856, 0.661132270819546, 0.5413665284960971, 0.5413665284960971, 0.5401532573845826, 0.5357965110865868, 0.5125158089018023, 0.406987557076289, 0.34115741655538334]}, "2": {"maxiter": 100, "fatol": 1e-10, "xatol": 1e-05, "duration": 0.12095904350280762, "fun": "0.34115741655538334", "nit": "100", "nfev": "157", "status": "2", "success": "False", "message": "Maximum number of iterations has been exceeded.", "x": "[5.07476667 1.43698711 2.23111985 1.89819898 1.00852748 0.94472998]", "final_simplex": "(array([[5.07476667, 1.43698711, 2.23111985, 1.89819898, 1.00852748,\n        0.94472998],\n       [4.97189538, 1.50526059, 2.28018236, 1.89389841, 1.05139158,\n        0.96161667],\n       [5.21787817, 1.60846958, 2.11698216, 1.80854744, 0.97862526,\n        0.89982056],\n       [5.30115582, 1.29260358, 2.15538352, 1.74063761, 1.0613927 ,\n        0.86141874],\n       [5.00314881, 1.69258569, 2.16123412, 1.73502473, 1.05482545,\n        0.89040724],\n       [5.42579272, 1.0674663 , 1.99588523, 1.58930044, 1.08324236,\n        0.74535781],\n       [5.17221864, 0.78729924, 2.09957259, 1.80820952, 1.12197808,\n        0.8543325 ]]), array([0.34115742, 0.34210951, 0.34213285, 0.34331401, 0.34625859,\n       0.34698902, 0.35066826]))", "callback": [0.880695327268316, 0.7775753675994856, 0.661132270819546, 0.5413665284960971, 0.5413665284960971, 0.5401532573845826, 0.5357965110865868, 0.5125158089018023, 0.406987557076289, 0.34115741655538334]}, "3": {"maxiter": 100, "fatol": 1e-10, "xatol": 1e-10, "duration": 0.12172222137451172, "fun": "0.34115741655538334", "nit": "100", "nfev": "157", "status": "2", "success": "False", "message": "Maximum number of iterations has been exceeded.", "x": "[5.07476667 1.43698711 2.23111985 1.89819898 1.00852748 0.94472998]", "final_simplex": "(array([[5.07476667, 1.43698711, 2.23111985, 1.89819898, 1.00852748,\n        0.94472998],\n       [4.97189538, 1.50526059, 2.28018236, 1.89389841, 1.05139158,\n        0.96161667],\n       [5.21787817, 1.60846958, 2.11698216, 1.80854744, 0.97862526,\n        0.89982056],\n       [5.30115582, 1.29260358, 2.15538352, 1.74063761, 1.0613927 ,\n        0.86141874],\n       [5.00314881, 1.69258569, 2.16123412, 1.73502473, 1.05482545,\n        0.89040724],\n       [5.42579272, 1.0674663 , 1.99588523, 1.58930044, 1.08324236,\n        0.74535781],\n       [5.17221864, 0.78729924, 2.09957259, 1.80820952, 1.12197808,\n        0.8543325 ]]), array([0.34115742, 0.34210951, 0.34213285, 0.34331401, 0.34625859,\n       0.34698902, 0.35066826]))", "callback": [0.880695327268316, 0.7775753675994856, 0.661132270819546, 0.5413665284960971, 0.5413665284960971, 0.5401532573845826, 0.5357965110865868, 0.5125158089018023, 0.406987557076289, 0.34115741655538334]}, "4": {"maxiter": 500, "fatol": 1e-05, "xatol": 1e-05, "duration": 0.6294312477111816, "fun": "0.28886170964260305", "nit": "468", "nfev": "735", "status": "0", "success": "True", "message": "Optimization terminated successfully.", "x": "[4.83608967 1.46003156 1.97542175 2.15477472 1.72320383 1.2265295 ]", "final_simplex": "(array([[4.83608967, 1.46003156, 1.97542175, 2.15477472, 1.72320383,\n        1.2265295 ],\n       [4.83609165, 1.46003258, 1.97542308, 2.1547767 , 1.72320088,\n        1.22652707],\n       [4.83608816, 1.46002714, 1.97542428, 2.15477865, 1.72321338,\n        1.22653432],\n       [4.83609485, 1.46002218, 1.97542009, 2.15477064, 1.7232089 ,\n        1.22652813],\n       [4.83609406, 1.46003043, 1.97542244, 2.15477401, 1.72321011,\n        1.22652941],\n       [4.8360923 , 1.4600269 , 1.97541929, 2.15476979, 1.72320478,\n        1.2265214 ],\n       [4.83609105, 1.46002696, 1.97542583, 2.15476894, 1.7232091 ,\n        1.22652539]]), array([0.28886171, 0.28886171, 0.28886171, 0.28886171, 0.28886171,\n       0.28886171, 0.28886171]))", "callback": [0.880695327268316, 0.7775753675994856, 0.661132270819546, 0.5413665284960971, 0.5413665284960971, 0.5401532573845826, 0.5357965110865868, 0.5125158089018023, 0.406987557076289, 0.34115741655538334, 0.3397751867235813, 0.3343974639298124, 0.3330149382624903, 0.3316272496966687, 0.32557415749701946, 0.3190354924144855, 0.3148442818846767, 0.30808788773098705, 0.3036143779135253, 0.29485064776133374, 0.2906954699305424, 0.2895077056071199, 0.2891698246467267, 0.28905351869886065, 0.2890174841168084, 0.28901557809801626, 0.2890149638297169, 0.2890136336554989, 0.2890124085314604, 0.289011506821493, 0.2890077730727155, 0.28899986490264495, 0.2889792703628794, 0.28893818485282274, 0.2888874399328034, 0.28887753768871527, 0.28886578396643114, 0.28886473323840756, 0.2888625131994811, 0.28886207194672175, 0.2888618721793814, 0.28886174493087324, 0.28886171597587007, 0.28886171096930624, 0.288861709827803, 0.28886170966541336, 0.28886170964824875]}, "5": {"maxiter": 500, "fatol": 1e-05, "xatol": 1e-10, "duration": 0.6688516139984131, "fun": "0.28886170963911917", "nit": "500", "nfev": "788", "status": "2", "success": "False", "message": "Maximum number of iterations has been exceeded.", "x": "[4.8360895  1.46002808 1.9754228  2.15477566 1.72320773 1.22652742]", "final_simplex": "(array([[4.8360895 , 1.46002808, 1.9754228 , 2.15477566, 1.72320773,\n        1.22652742],\n       [4.83608978, 1.46002871, 1.97542293, 2.15477627, 1.72320784,\n        1.22652769],\n       [4.83609012, 1.46002734, 1.97542275, 2.15477519, 1.72320768,\n        1.22652728],\n       [4.8360887 , 1.4600288 , 1.97542353, 2.15477646, 1.72320872,\n        1.22652827],\n       [4.83609004, 1.46002776, 1.97542257, 2.15477543, 1.7232081 ,\n        1.22652773],\n       [4.83608899, 1.46002806, 1.97542295, 2.15477661, 1.72320769,\n        1.22652809],\n       [4.83608926, 1.4600272 , 1.9754231 , 2.15477612, 1.72320939,\n        1.22652806]]), array([0.28886171, 0.28886171, 0.28886171, 0.28886171, 0.28886171,\n       0.28886171, 0.28886171]))", "callback": [0.880695327268316, 0.7775753675994856, 0.661132270819546, 0.5413665284960971, 0.5413665284960971, 0.5401532573845826, 0.5357965110865868, 0.5125158089018023, 0.406987557076289, 0.34115741655538334, 0.3397751867235813, 0.3343974639298124, 0.3330149382624903, 0.3316272496966687, 0.32557415749701946, 0.3190354924144855, 0.3148442818846767, 0.30808788773098705, 0.3036143779135253, 0.29485064776133374, 0.2906954699305424, 0.2895077056071199, 0.2891698246467267, 0.28905351869886065, 0.2890174841168084, 0.28901557809801626, 0.2890149638297169, 0.2890136336554989, 0.2890124085314604, 0.289011506821493, 0.2890077730727155, 0.28899986490264495, 0.2889792703628794, 0.28893818485282274, 0.2888874399328034, 0.28887753768871527, 0.28886578396643114, 0.28886473323840756, 0.2888625131994811, 0.28886207194672175, 0.2888618721793814, 0.28886174493087324, 0.28886171597587007, 0.28886171096930624, 0.288861709827803, 0.28886170966541336, 0.28886170964824875, 0.28886170964071134, 0.288861709639642, 0.2888617096392956]}, "6": {"maxiter": 500, "fatol": 1e-10, "xatol": 1e-05, "duration": 0.6241359710693359, "fun": "0.28886170964260305", "nit": "468", "nfev": "735", "status": "0", "success": "True", "message": "Optimization terminated successfully.", "x": "[4.83608967 1.46003156 1.97542175 2.15477472 1.72320383 1.2265295 ]", "final_simplex": "(array([[4.83608967, 1.46003156, 1.97542175, 2.15477472, 1.72320383,\n        1.2265295 ],\n       [4.83609165, 1.46003258, 1.97542308, 2.1547767 , 1.72320088,\n        1.22652707],\n       [4.83608816, 1.46002714, 1.97542428, 2.15477865, 1.72321338,\n        1.22653432],\n       [4.83609485, 1.46002218, 1.97542009, 2.15477064, 1.7232089 ,\n        1.22652813],\n       [4.83609406, 1.46003043, 1.97542244, 2.15477401, 1.72321011,\n        1.22652941],\n       [4.8360923 , 1.4600269 , 1.97541929, 2.15476979, 1.72320478,\n        1.2265214 ],\n       [4.83609105, 1.46002696, 1.97542583, 2.15476894, 1.7232091 ,\n        1.22652539]]), array([0.28886171, 0.28886171, 0.28886171, 0.28886171, 0.28886171,\n       0.28886171, 0.28886171]))", "callback": [0.880695327268316, 0.7775753675994856, 0.661132270819546, 0.5413665284960971, 0.5413665284960971, 0.5401532573845826, 0.5357965110865868, 0.5125158089018023, 0.406987557076289, 0.34115741655538334, 0.3397751867235813, 0.3343974639298124, 0.3330149382624903, 0.3316272496966687, 0.32557415749701946, 0.3190354924144855, 0.3148442818846767, 0.30808788773098705, 0.3036143779135253, 0.29485064776133374, 0.2906954699305424, 0.2895077056071199, 0.2891698246467267, 0.28905351869886065, 0.2890174841168084, 0.28901557809801626, 0.2890149638297169, 0.2890136336554989, 0.2890124085314604, 0.289011506821493, 0.2890077730727155, 0.28899986490264495, 0.2889792703628794, 0.28893818485282274, 0.2888874399328034, 0.28887753768871527, 0.28886578396643114, 0.28886473323840756, 0.2888625131994811, 0.28886207194672175, 0.2888618721793814, 0.28886174493087324, 0.28886171597587007, 0.28886171096930624, 0.288861709827803, 0.28886170966541336, 0.28886170964824875]}, "7": {"maxiter": 500, "fatol": 1e-10, "xatol": 1e-10, "duration": 0.6658668518066406, "fun": "0.28886170963911917", "nit": "500", "nfev": "788", "status": "2", "success": "False", "message": "Maximum number of iterations has been exceeded.", "x": "[4.8360895  1.46002808 1.9754228  2.15477566 1.72320773 1.22652742]", "final_simplex": "(array([[4.8360895 , 1.46002808, 1.9754228 , 2.15477566, 1.72320773,\n        1.22652742],\n       [4.83608978, 1.46002871, 1.97542293, 2.15477627, 1.72320784,\n        1.22652769],\n       [4.83609012, 1.46002734, 1.97542275, 2.15477519, 1.72320768,\n        1.22652728],\n       [4.8360887 , 1.4600288 , 1.97542353, 2.15477646, 1.72320872,\n        1.22652827],\n       [4.83609004, 1.46002776, 1.97542257, 2.15477543, 1.7232081 ,\n        1.22652773],\n       [4.83608899, 1.46002806, 1.97542295, 2.15477661, 1.72320769,\n        1.22652809],\n       [4.83608926, 1.4600272 , 1.9754231 , 2.15477612, 1.72320939,\n        1.22652806]]), array([0.28886171, 0.28886171, 0.28886171, 0.28886171, 0.28886171,\n       0.28886171, 0.28886171]))", "callback": [0.880695327268316, 0.7775753675994856, 0.661132270819546, 0.5413665284960971, 0.5413665284960971, 0.5401532573845826, 0.5357965110865868, 0.5125158089018023, 0.406987557076289, 0.34115741655538334, 0.3397751867235813, 0.3343974639298124, 0.3330149382624903, 0.3316272496966687, 0.32557415749701946, 0.3190354924144855, 0.3148442818846767, 0.30808788773098705, 0.3036143779135253, 0.29485064776133374, 0.2906954699305424, 0.2895077056071199, 0.2891698246467267, 0.28905351869886065, 0.2890174841168084, 0.28901557809801626, 0.2890149638297169, 0.2890136336554989, 0.2890124085314604, 0.289011506821493, 0.2890077730727155, 0.28899986490264495, 0.2889792703628794, 0.28893818485282274, 0.2888874399328034, 0.28887753768871527, 0.28886578396643114, 0.28886473323840756, 0.2888625131994811, 0.28886207194672175, 0.2888618721793814, 0.28886174493087324, 0.28886171597587007, 0.28886171096930624, 0.288861709827803, 0.28886170966541336, 0.28886170964824875, 0.28886170964071134, 0.288861709639642, 0.2888617096392956]}, "8": {"maxiter": 1000, "fatol": 1e-05, "xatol": 1e-05, "duration": 0.5627985000610352, "fun": "0.28886170964260305", "nit": "468", "nfev": "735", "status": "0", "success": "True", "message": "Optimization terminated successfully.", "x": "[4.83608967 1.46003156 1.97542175 2.15477472 1.72320383 1.2265295 ]", "final_simplex": "(array([[4.83608967, 1.46003156, 1.97542175, 2.15477472, 1.72320383,\n        1.2265295 ],\n       [4.83609165, 1.46003258, 1.97542308, 2.1547767 , 1.72320088,\n        1.22652707],\n       [4.83608816, 1.46002714, 1.97542428, 2.15477865, 1.72321338,\n        1.22653432],\n       [4.83609485, 1.46002218, 1.97542009, 2.15477064, 1.7232089 ,\n        1.22652813],\n       [4.83609406, 1.46003043, 1.97542244, 2.15477401, 1.72321011,\n        1.22652941],\n       [4.8360923 , 1.4600269 , 1.97541929, 2.15476979, 1.72320478,\n        1.2265214 ],\n       [4.83609105, 1.46002696, 1.97542583, 2.15476894, 1.7232091 ,\n        1.22652539]]), array([0.28886171, 0.28886171, 0.28886171, 0.28886171, 0.28886171,\n       0.28886171, 0.28886171]))", "callback": [0.880695327268316, 0.7775753675994856, 0.661132270819546, 0.5413665284960971, 0.5413665284960971, 0.5401532573845826, 0.5357965110865868, 0.5125158089018023, 0.406987557076289, 0.34115741655538334, 0.3397751867235813, 0.3343974639298124, 0.3330149382624903, 0.3316272496966687, 0.32557415749701946, 0.3190354924144855, 0.3148442818846767, 0.30808788773098705, 0.3036143779135253, 0.29485064776133374, 0.2906954699305424, 0.2895077056071199, 0.2891698246467267, 0.28905351869886065, 0.2890174841168084, 0.28901557809801626, 0.2890149638297169, 0.2890136336554989, 0.2890124085314604, 0.289011506821493, 0.2890077730727155, 0.28899986490264495, 0.2889792703628794, 0.28893818485282274, 0.2888874399328034, 0.28887753768871527, 0.28886578396643114, 0.28886473323840756, 0.2888625131994811, 0.28886207194672175, 0.2888618721793814, 0.28886174493087324, 0.28886171597587007, 0.28886171096930624, 0.288861709827803, 0.28886170966541336, 0.28886170964824875]}, "9": {"maxiter": 1000, "fatol": 1e-05, "xatol": 1e-10, "duration": 0.7352504730224609, "fun": "0.28886170963906377", "nit": "573", "nfev": "962", "status": "0", "success": "True", "message": "Optimization terminated successfully.", "x": "[4.8360895  1.46002824 1.97542336 2.15477622 1.72320791 1.22652772]", "final_simplex": "(array([[4.8360895 , 1.46002824, 1.97542336, 2.15477622, 1.72320791,\n        1.22652772],\n       [4.8360895 , 1.46002824, 1.97542336, 2.15477622, 1.72320791,\n        1.22652772],\n       [4.8360895 , 1.46002824, 1.97542336, 2.15477622, 1.72320791,\n        1.22652772],\n       [4.8360895 , 1.46002824, 1.97542336, 2.15477622, 1.72320791,\n        1.22652772],\n       [4.8360895 , 1.46002824, 1.97542336, 2.15477622, 1.72320791,\n        1.22652772],\n       [4.8360895 , 1.46002824, 1.97542336, 2.15477622, 1.72320791,\n        1.22652772],\n       [4.8360895 , 1.46002824, 1.97542336, 2.15477622, 1.72320791,\n        1.22652772]]), array([0.28886171, 0.28886171, 0.28886171, 0.28886171, 0.28886171,\n       0.28886171, 0.28886171]))", "callback": [0.880695327268316, 0.7775753675994856, 0.661132270819546, 0.5413665284960971, 0.5413665284960971, 0.5401532573845826, 0.5357965110865868, 0.5125158089018023, 0.406987557076289, 0.34115741655538334, 0.3397751867235813, 0.3343974639298124, 0.3330149382624903, 0.3316272496966687, 0.32557415749701946, 0.3190354924144855, 0.3148442818846767, 0.30808788773098705, 0.3036143779135253, 0.29485064776133374, 0.2906954699305424, 0.2895077056071199, 0.2891698246467267, 0.28905351869886065, 0.2890174841168084, 0.28901557809801626, 0.2890149638297169, 0.2890136336554989, 0.2890124085314604, 0.289011506821493, 0.2890077730727155, 0.28899986490264495, 0.2889792703628794, 0.28893818485282274, 0.2888874399328034, 0.28887753768871527, 0.28886578396643114, 0.28886473323840756, 0.2888625131994811, 0.28886207194672175, 0.2888618721793814, 0.28886174493087324, 0.28886171597587007, 0.28886171096930624, 0.288861709827803, 0.28886170966541336, 0.28886170964824875, 0.28886170964071134, 0.288861709639642, 0.2888617096392956, 0.2888617096391023, 0.28886170963907853, 0.28886170963906965, 0.2888617096390652, 0.2888617096390642, 0.28886170963906377, 0.28886170963906377, 0.28886170963906377]}, "10": {"maxiter": 1000, "fatol": 1e-10, "xatol": 1e-05, "duration": 0.5735993385314941, "fun": "0.28886170964260305", "nit": "468", "nfev": "735", "status": "0", "success": "True", "message": "Optimization terminated successfully.", "x": "[4.83608967 1.46003156 1.97542175 2.15477472 1.72320383 1.2265295 ]", "final_simplex": "(array([[4.83608967, 1.46003156, 1.97542175, 2.15477472, 1.72320383,\n        1.2265295 ],\n       [4.83609165, 1.46003258, 1.97542308, 2.1547767 , 1.72320088,\n        1.22652707],\n       [4.83608816, 1.46002714, 1.97542428, 2.15477865, 1.72321338,\n        1.22653432],\n       [4.83609485, 1.46002218, 1.97542009, 2.15477064, 1.7232089 ,\n        1.22652813],\n       [4.83609406, 1.46003043, 1.97542244, 2.15477401, 1.72321011,\n        1.22652941],\n       [4.8360923 , 1.4600269 , 1.97541929, 2.15476979, 1.72320478,\n        1.2265214 ],\n       [4.83609105, 1.46002696, 1.97542583, 2.15476894, 1.7232091 ,\n        1.22652539]]), array([0.28886171, 0.28886171, 0.28886171, 0.28886171, 0.28886171,\n       0.28886171, 0.28886171]))", "callback": [0.880695327268316, 0.7775753675994856, 0.661132270819546, 0.5413665284960971, 0.5413665284960971, 0.5401532573845826, 0.5357965110865868, 0.5125158089018023, 0.406987557076289, 0.34115741655538334, 0.3397751867235813, 0.3343974639298124, 0.3330149382624903, 0.3316272496966687, 0.32557415749701946, 0.3190354924144855, 0.3148442818846767, 0.30808788773098705, 0.3036143779135253, 0.29485064776133374, 0.2906954699305424, 0.2895077056071199, 0.2891698246467267, 0.28905351869886065, 0.2890174841168084, 0.28901557809801626, 0.2890149638297169, 0.2890136336554989, 0.2890124085314604, 0.289011506821493, 0.2890077730727155, 0.28899986490264495, 0.2889792703628794, 0.28893818485282274, 0.2888874399328034, 0.28887753768871527, 0.28886578396643114, 0.28886473323840756, 0.2888625131994811, 0.28886207194672175, 0.2888618721793814, 0.28886174493087324, 0.28886171597587007, 0.28886171096930624, 0.288861709827803, 0.28886170966541336, 0.28886170964824875]}, "11": {"maxiter": 1000, "fatol": 1e-10, "xatol": 1e-10, "duration": 0.8417060375213623, "fun": "0.28886170963906377", "nit": "573", "nfev": "962", "status": "0", "success": "True", "message": "Optimization terminated successfully.", "x": "[4.8360895  1.46002824 1.97542336 2.15477622 1.72320791 1.22652772]", "final_simplex": "(array([[4.8360895 , 1.46002824, 1.97542336, 2.15477622, 1.72320791,\n        1.22652772],\n       [4.8360895 , 1.46002824, 1.97542336, 2.15477622, 1.72320791,\n        1.22652772],\n       [4.8360895 , 1.46002824, 1.97542336, 2.15477622, 1.72320791,\n        1.22652772],\n       [4.8360895 , 1.46002824, 1.97542336, 2.15477622, 1.72320791,\n        1.22652772],\n       [4.8360895 , 1.46002824, 1.97542336, 2.15477622, 1.72320791,\n        1.22652772],\n       [4.8360895 , 1.46002824, 1.97542336, 2.15477622, 1.72320791,\n        1.22652772],\n       [4.8360895 , 1.46002824, 1.97542336, 2.15477622, 1.72320791,\n        1.22652772]]), array([0.28886171, 0.28886171, 0.28886171, 0.28886171, 0.28886171,\n       0.28886171, 0.28886171]))", "callback": [0.880695327268316, 0.7775753675994856, 0.661132270819546, 0.5413665284960971, 0.5413665284960971, 0.5401532573845826, 0.5357965110865868, 0.5125158089018023, 0.406987557076289, 0.34115741655538334, 0.3397751867235813, 0.3343974639298124, 0.3330149382624903, 0.3316272496966687, 0.32557415749701946, 0.3190354924144855, 0.3148442818846767, 0.30808788773098705, 0.3036143779135253, 0.29485064776133374, 0.2906954699305424, 0.2895077056071199, 0.2891698246467267, 0.28905351869886065, 0.2890174841168084, 0.28901557809801626, 0.2890149638297169, 0.2890136336554989, 0.2890124085314604, 0.289011506821493, 0.2890077730727155, 0.28899986490264495, 0.2889792703628794, 0.28893818485282274, 0.2888874399328034, 0.28887753768871527, 0.28886578396643114, 0.28886473323840756, 0.2888625131994811, 0.28886207194672175, 0.2888618721793814, 0.28886174493087324, 0.28886171597587007, 0.28886171096930624, 0.288861709827803, 0.28886170966541336, 0.28886170964824875, 0.28886170964071134, 0.288861709639642, 0.2888617096392956, 0.2888617096391023, 0.28886170963907853, 0.28886170963906965, 0.2888617096390652, 0.2888617096390642, 0.28886170963906377, 0.28886170963906377, 0.28886170963906377]}}, "bfgs": {"type": "gradient", "0": {"maxiter": 100, "gtol": 1e-05, "xrtol": 1e-05, "eps": 1e-05, "duration": 0.3188028335571289, "fun": "0.2888617097103029", "jac": "[-6.71429579e-07  1.51314516e-06  3.54982710e-07  4.16711110e-07\n -9.13136233e-07 -1.47137857e-06]", "hess_inv": "[[ 6.30489617 -2.99189936 -3.23773682 -3.65426272 -2.01619142 -2.67844481]\n [-2.99189936 11.12675775  3.86310188  4.48768661 -1.46804751  2.85463077]\n [-3.23773682  3.86310188  6.45358878  3.73787065  0.90099665  2.18384634]\n [-3.65426272  4.48768661  3.73787065  6.7057766   1.41850221  3.19663151]\n [-2.01619142 -1.46804751  0.90099665  1.41850221  7.6110308   3.34066328]\n [-2.67844481  2.85463077  2.18384634  3.19663151  3.34066328  6.50553631]]", "nfev": "210", "njev": "30", "status": "0", "success": "True", "message": "Optimization terminated successfully.", "x": "[4.83609521 1.46002845 1.97541351 2.15476436 1.7231788  1.2265013 ]", "nit": "26", "callback": [0.6624116857148599, 0.6471018071726582, 0.6180281704530162, 0.5637223890893428, 0.48835427646433605, 0.4451403061583471, 0.4116543336725751, 0.3981316039515994, 0.37415540364334676, 0.3474653417591077, 0.32882620004663343, 0.30388584962457565, 0.29780883202982134, 0.2949999008117854, 0.29156316514416647, 0.29026509595689687, 0.2899071504284566, 0.28957488780730545, 0.2893327738401966, 0.2891854071101222, 0.2890473001573458, 0.2889227818659864, 0.28886931312230424, 0.2888620245927913, 0.2888617149136111, 0.2888617097103029]}, "1": {"maxiter": 100, "gtol": 1e-05, "xrtol": 1e-05, "eps": 1e-10, "duration": 0.16264867782592773, "fun": "0.28886170986695436", "jac": "[4.44089173e-06 7.77156053e-06 0.00000000e+00 5.55111466e-06\n 1.11022293e-06 3.33066880e-06]", "hess_inv": "[[ 6.2834499  -2.93520521 -3.18962409 -3.58347647 -1.99187704 -2.6284942 ]\n [-2.93520521 10.95591541  3.68541953  4.2064051  -1.57131016  2.66146089]\n [-3.18962409  3.68541953  6.36014729  3.59741944  0.83911592  2.05293663]\n [-3.58347647  4.2064051   3.59741944  6.48650815  1.32169835  2.98917213]\n [-1.99187704 -1.57131016  0.83911592  1.32169835  7.5741424   3.25759638]\n [-2.6284942   2.66146089  2.05293663  2.98917213  3.25759638  6.33440695]]", "nfev": "210", "njev": "30", "status": "0", "success": "True", "message": "Optimization terminated successfully.", "x": "[4.83607832 1.46009725 1.97544189 2.15481071 1.72319641 1.22654769]", "nit": "26", "callback": [0.6624092038536629, 0.6470979908551999, 0.6180229642397133, 0.5637163762447535, 0.48834979937229395, 0.4451372419582955, 0.4116552667561473, 0.3981361194431893, 0.37416323402440477, 0.34746246361401656, 0.328831249890121, 0.30389297149751826, 0.29780822950287666, 0.295001877613597, 0.2915641268686331, 0.2902663583092898, 0.2899079529802795, 0.2895759024018635, 0.2893331133352893, 0.28918571607278387, 0.28904743623427864, 0.2889229375114074, 0.2888693480868084, 0.28886202972404407, 0.28886171451473375, 0.28886170986695436]}, "2": {"maxiter": 100, "gtol": 1e-05, "xrtol": 1e-10, "eps": 1e-05, "duration": 0.22720003128051758, "fun": "0.2888617097103029", "jac": "[-6.71429579e-07  1.51314516e-06  3.54982710e-07  4.16711110e-07\n -9.13136233e-07 -1.47137857e-06]", "hess_inv": "[[ 6.30489617 -2.99189936 -3.23773682 -3.65426272 -2.01619142 -2.67844481]\n [-2.99189936 11.12675775  3.86310188  4.48768661 -1.46804751  2.85463077]\n [-3.23773682  3.86310188  6.45358878  3.73787065  0.90099665  2.18384634]\n [-3.65426272  4.48768661  3.73787065  6.7057766   1.41850221  3.19663151]\n [-2.01619142 -1.46804751  0.90099665  1.41850221  7.6110308   3.34066328]\n [-2.67844481  2.85463077  2.18384634  3.19663151  3.34066328  6.50553631]]", "nfev": "210", "njev": "30", "status": "0", "success": "True", "message": "Optimization terminated successfully.", "x": "[4.83609521 1.46002845 1.97541351 2.15476436 1.7231788  1.2265013 ]", "nit": "26", "callback": [0.6624116857148599, 0.6471018071726582, 0.6180281704530162, 0.5637223890893428, 0.48835427646433605, 0.4451403061583471, 0.4116543336725751, 0.3981316039515994, 0.37415540364334676, 0.3474653417591077, 0.32882620004663343, 0.30388584962457565, 0.29780883202982134, 0.2949999008117854, 0.29156316514416647, 0.29026509595689687, 0.2899071504284566, 0.28957488780730545, 0.2893327738401966, 0.2891854071101222, 0.2890473001573458, 0.2889227818659864, 0.28886931312230424, 0.2888620245927913, 0.2888617149136111, 0.2888617097103029]}, "3": {"maxiter": 100, "gtol": 1e-05, "xrtol": 1e-10, "eps": 1e-10, "duration": 0.16158747673034668, "fun": "0.28886170986695436", "jac": "[4.44089173e-06 7.77156053e-06 0.00000000e+00 5.55111466e-06\n 1.11022293e-06 3.33066880e-06]", "hess_inv": "[[ 6.2834499  -2.93520521 -3.18962409 -3.58347647 -1.99187704 -2.6284942 ]\n [-2.93520521 10.95591541  3.68541953  4.2064051  -1.57131016  2.66146089]\n [-3.18962409  3.68541953  6.36014729  3.59741944  0.83911592  2.05293663]\n [-3.58347647  4.2064051   3.59741944  6.48650815  1.32169835  2.98917213]\n [-1.99187704 -1.57131016  0.83911592  1.32169835  7.5741424   3.25759638]\n [-2.6284942   2.66146089  2.05293663  2.98917213  3.25759638  6.33440695]]", "nfev": "210", "njev": "30", "status": "0", "success": "True", "message": "Optimization terminated successfully.", "x": "[4.83607832 1.46009725 1.97544189 2.15481071 1.72319641 1.22654769]", "nit": "26", "callback": [0.6624092038536629, 0.6470979908551999, 0.6180229642397133, 0.5637163762447535, 0.48834979937229395, 0.4451372419582955, 0.4116552667561473, 0.3981361194431893, 0.37416323402440477, 0.34746246361401656, 0.328831249890121, 0.30389297149751826, 0.29780822950287666, 0.295001877613597, 0.2915641268686331, 0.2902663583092898, 0.2899079529802795, 0.2895759024018635, 0.2893331133352893, 0.28918571607278387, 0.28904743623427864, 0.2889229375114074, 0.2888693480868084, 0.28886202972404407, 0.28886171451473375, 0.28886170986695436]}, "4": {"maxiter": 100, "gtol": 1e-10, "xrtol": 1e-05, "eps": 1e-05, "duration": 0.16751790046691895, "fun": "0.2888617096914535", "jac": "[ 7.52287122e-08  9.19042620e-08  1.18061116e-07 -1.37334588e-07\n -1.49802393e-07 -3.02535774e-08]", "hess_inv": "[[ 6.37278087 -3.21708249 -3.33223769 -3.74567205 -1.8813629  -2.63040805]\n [-3.21708249 11.72924696  4.18676639  4.86324557 -1.73617754  2.81454303]\n [-3.33223769  4.18676639  6.58442251  3.86001646  0.70066926  2.10856256]\n [-3.74567205  4.86324557  3.86001646  6.79264011  1.14726418  3.07223401]\n [-1.8813629  -1.73617754  0.70066926  1.14726418  7.65675818  3.28822027]\n [-2.63040805  2.81454303  2.10856256  3.07223401  3.28822027  6.44108747]]", "nfev": "217", "njev": "31", "status": "0", "success": "True", "message": "Optimization terminated successfully.", "x": "[4.83610151 1.46000759 1.97540473 2.15475585 1.72319127 1.22650573]", "nit": "27", "callback": [0.6624116857148599, 0.6471018071726582, 0.6180281704530162, 0.5637223890893428, 0.48835427646433605, 0.4451403061583471, 0.4116543336725751, 0.3981316039515994, 0.37415540364334676, 0.3474653417591077, 0.32882620004663343, 0.30388584962457565, 0.29780883202982134, 0.2949999008117854, 0.29156316514416647, 0.29026509595689687, 0.2899071504284566, 0.28957488780730545, 0.2893327738401966, 0.2891854071101222, 0.2890473001573458, 0.2889227818659864, 0.28886931312230424, 0.2888620245927913, 0.2888617149136111, 0.2888617097103029, 0.2888617096914535]}, "5": {"maxiter": 100, "gtol": 1e-10, "xrtol": 1e-05, "eps": 1e-10, "duration": 0.2565593719482422, "fun": "0.2888617096550905", "jac": "[ 0.00000000e+00  0.00000000e+00 -3.33066880e-06 -1.11022293e-06\n -1.11022293e-06  1.11022293e-06]", "hess_inv": "[[ 5.27474661 -2.07767229 -2.14514183 -2.13171773 -1.26544101 -1.60184349]\n [-2.07767229 13.53148799  3.80418331  4.44288776 -4.36789376  1.08298431]\n [-2.14514183  3.80418331  5.53815467  2.49640978 -0.36736178  0.99039176]\n [-2.13171773  4.44288776  2.49640978  5.00713791 -0.49008278  1.40678869]\n [-1.26544101 -4.36789376 -0.36736178 -0.49008278  7.55653598  2.02579879]\n [-1.60184349  1.08298431  0.99039176  1.40678869  2.02579879  4.45518797]]", "nfev": "238", "njev": "34", "status": "0", "success": "True", "message": "Optimization terminated successfully.", "x": "[4.83609439 1.46002479 1.97541153 2.15476548 1.72320499 1.22652474]", "nit": "28", "callback": [0.6624092038536629, 0.6470979908551999, 0.6180229642397133, 0.5637163762447535, 0.48834979937229395, 0.4451372419582955, 0.4116552667561473, 0.3981361194431893, 0.37416323402440477, 0.34746246361401656, 0.328831249890121, 0.30389297149751826, 0.29780822950287666, 0.295001877613597, 0.2915641268686331, 0.2902663583092898, 0.2899079529802795, 0.2895759024018635, 0.2893331133352893, 0.28918571607278387, 0.28904743623427864, 0.2889229375114074, 0.2888693480868084, 0.28886202972404407, 0.28886171451473375, 0.28886170986695436, 0.28886170967645075, 0.2888617096550905]}, "6": {"maxiter": 100, "gtol": 1e-10, "xrtol": 1e-10, "eps": 1e-05, "duration": 0.192518949508667, "fun": "0.2888617096890016", "jac": "[-1.11022302e-11  0.00000000e+00  4.44089210e-11  7.77156117e-11\n -1.11022302e-11  0.00000000e+00]", "hess_inv": "[[ 7.29438713 -3.60235272 -3.57193282 -4.06005953 -3.00338134 -3.25249637]\n [-3.60235272 12.3391168   4.76387317  4.76176478 -1.64548712  3.08064874]\n [-3.57193282  4.76387317  6.64505189  3.92534162  0.84793713  2.171044  ]\n [-4.06005953  4.76176478  3.92534162  6.8075995   1.67350387  3.36198008]\n [-3.00338134 -1.64548712  0.84793713  1.67350387  9.05880709  3.99761241]\n [-3.25249637  3.08064874  2.171044    3.36198008  3.99761241  6.77736429]]", "nfev": "245", "njev": "35", "status": "0", "success": "True", "message": "Optimization terminated successfully.", "x": "[4.8361006  1.46000661 1.9754045  2.15475655 1.72319328 1.2265067 ]", "nit": "31", "callback": [0.6624116857148599, 0.6471018071726582, 0.6180281704530162, 0.5637223890893428, 0.48835427646433605, 0.4451403061583471, 0.4116543336725751, 0.3981316039515994, 0.37415540364334676, 0.3474653417591077, 0.32882620004663343, 0.30388584962457565, 0.29780883202982134, 0.2949999008117854, 0.29156316514416647, 0.29026509595689687, 0.2899071504284566, 0.28957488780730545, 0.2893327738401966, 0.2891854071101222, 0.2890473001573458, 0.2889227818659864, 0.28886931312230424, 0.2888620245927913, 0.2888617149136111, 0.2888617097103029, 0.2888617096914535, 0.28886170968934344, 0.28886170968902547, 0.28886170968900593, 0.2888617096890016]}, "7": {"maxiter": 100, "gtol": 1e-10, "xrtol": 1e-10, "eps": 1e-10, "duration": 0.3030855655670166, "fun": "0.2888617096450691", "jac": "[-3.33066880e-06  0.00000000e+00  0.00000000e+00  1.11022293e-06\n  0.00000000e+00  1.11022293e-06]", "hess_inv": "[[ 2.08747146 -1.38824461  1.19548137  0.18101328  0.67222936 -0.37574557]\n [-1.38824461  4.59660952 -0.93530696  0.30646571 -3.11070577 -0.50520785]\n [ 1.19548137 -0.93530696  2.59606377 -0.52588842 -0.11552762 -0.37775694]\n [ 0.18101328  0.30646571 -0.52588842  1.97150619 -1.23454581 -0.75139643]\n [ 0.67222936 -3.11070577 -0.11552762 -1.23454581  5.48705002 -0.20415368]\n [-0.37574557 -0.50520785 -0.37775694 -0.75139643 -0.20415368  1.10726983]]", "nfev": "308", "njev": "44", "status": "2", "success": "False", "message": "Desired error not necessarily achieved due to precision loss.", "x": "[4.83608847 1.46002281 1.9754213  2.1547699  1.72321074 1.22652536]", "nit": "30", "callback": [0.6624092038536629, 0.6470979908551999, 0.6180229642397133, 0.5637163762447535, 0.48834979937229395, 0.4451372419582955, 0.4116552667561473, 0.3981361194431893, 0.37416323402440477, 0.34746246361401656, 0.328831249890121, 0.30389297149751826, 0.29780822950287666, 0.295001877613597, 0.2915641268686331, 0.2902663583092898, 0.2899079529802795, 0.2895759024018635, 0.2893331133352893, 0.28918571607278387, 0.28904743623427864, 0.2889229375114074, 0.2888693480868084, 0.28886202972404407, 0.28886171451473375, 0.28886170986695436, 0.28886170967645075, 0.2888617096550905, 0.2888617096450691, 0.2888617096450691]}, "8": {"maxiter": 500, "gtol": 1e-05, "xrtol": 1e-05, "eps": 1e-05, "duration": 0.1655559539794922, "fun": "0.2888617097103029", "jac": "[-6.71429579e-07  1.51314516e-06  3.54982710e-07  4.16711110e-07\n -9.13136233e-07 -1.47137857e-06]", "hess_inv": "[[ 6.30489617 -2.99189936 -3.23773682 -3.65426272 -2.01619142 -2.67844481]\n [-2.99189936 11.12675775  3.86310188  4.48768661 -1.46804751  2.85463077]\n [-3.23773682  3.86310188  6.45358878  3.73787065  0.90099665  2.18384634]\n [-3.65426272  4.48768661  3.73787065  6.7057766   1.41850221  3.19663151]\n [-2.01619142 -1.46804751  0.90099665  1.41850221  7.6110308   3.34066328]\n [-2.67844481  2.85463077  2.18384634  3.19663151  3.34066328  6.50553631]]", "nfev": "210", "njev": "30", "status": "0", "success": "True", "message": "Optimization terminated successfully.", "x": "[4.83609521 1.46002845 1.97541351 2.15476436 1.7231788  1.2265013 ]", "nit": "26", "callback": [0.6624116857148599, 0.6471018071726582, 0.6180281704530162, 0.5637223890893428, 0.48835427646433605, 0.4451403061583471, 0.4116543336725751, 0.3981316039515994, 0.37415540364334676, 0.3474653417591077, 0.32882620004663343, 0.30388584962457565, 0.29780883202982134, 0.2949999008117854, 0.29156316514416647, 0.29026509595689687, 0.2899071504284566, 0.28957488780730545, 0.2893327738401966, 0.2891854071101222, 0.2890473001573458, 0.2889227818659864, 0.28886931312230424, 0.2888620245927913, 0.2888617149136111, 0.2888617097103029]}, "9": {"maxiter": 500, "gtol": 1e-05, "xrtol": 1e-05, "eps": 1e-10, "duration": 0.16389012336730957, "fun": "0.28886170986695436", "jac": "[4.44089173e-06 7.77156053e-06 0.00000000e+00 5.55111466e-06\n 1.11022293e-06 3.33066880e-06]", "hess_inv": "[[ 6.2834499  -2.93520521 -3.18962409 -3.58347647 -1.99187704 -2.6284942 ]\n [-2.93520521 10.95591541  3.68541953  4.2064051  -1.57131016  2.66146089]\n [-3.18962409  3.68541953  6.36014729  3.59741944  0.83911592  2.05293663]\n [-3.58347647  4.2064051   3.59741944  6.48650815  1.32169835  2.98917213]\n [-1.99187704 -1.57131016  0.83911592  1.32169835  7.5741424   3.25759638]\n [-2.6284942   2.66146089  2.05293663  2.98917213  3.25759638  6.33440695]]", "nfev": "210", "njev": "30", "status": "0", "success": "True", "message": "Optimization terminated successfully.", "x": "[4.83607832 1.46009725 1.97544189 2.15481071 1.72319641 1.22654769]", "nit": "26", "callback": [0.6624092038536629, 0.6470979908551999, 0.6180229642397133, 0.5637163762447535, 0.48834979937229395, 0.4451372419582955, 0.4116552667561473, 0.3981361194431893, 0.37416323402440477, 0.34746246361401656, 0.328831249890121, 0.30389297149751826, 0.29780822950287666, 0.295001877613597, 0.2915641268686331, 0.2902663583092898, 0.2899079529802795, 0.2895759024018635, 0.2893331133352893, 0.28918571607278387, 0.28904743623427864, 0.2889229375114074, 0.2888693480868084, 0.28886202972404407, 0.28886171451473375, 0.28886170986695436]}, "10": {"maxiter": 500, "gtol": 1e-05, "xrtol": 1e-10, "eps": 1e-05, "duration": 0.16402244567871094, "fun": "0.2888617097103029", "jac": "[-6.71429579e-07  1.51314516e-06  3.54982710e-07  4.16711110e-07\n -9.13136233e-07 -1.47137857e-06]", "hess_inv": "[[ 6.30489617 -2.99189936 -3.23773682 -3.65426272 -2.01619142 -2.67844481]\n [-2.99189936 11.12675775  3.86310188  4.48768661 -1.46804751  2.85463077]\n [-3.23773682  3.86310188  6.45358878  3.73787065  0.90099665  2.18384634]\n [-3.65426272  4.48768661  3.73787065  6.7057766   1.41850221  3.19663151]\n [-2.01619142 -1.46804751  0.90099665  1.41850221  7.6110308   3.34066328]\n [-2.67844481  2.85463077  2.18384634  3.19663151  3.34066328  6.50553631]]", "nfev": "210", "njev": "30", "status": "0", "success": "True", "message": "Optimization terminated successfully.", "x": "[4.83609521 1.46002845 1.97541351 2.15476436 1.7231788  1.2265013 ]", "nit": "26", "callback": [0.6624116857148599, 0.6471018071726582, 0.6180281704530162, 0.5637223890893428, 0.48835427646433605, 0.4451403061583471, 0.4116543336725751, 0.3981316039515994, 0.37415540364334676, 0.3474653417591077, 0.32882620004663343, 0.30388584962457565, 0.29780883202982134, 0.2949999008117854, 0.29156316514416647, 0.29026509595689687, 0.2899071504284566, 0.28