{"date": "2024/10/27/, 02:04:08", "conf_id": 102, "data_type": "orthogonal\n", "num_data_points": 2, "s_rank": 0, "unitary": "[[0.18663085-0.53122324j,-0.11886349-0.70040876j,0.28555095-0.02789305j,-0.12262021-0.2844587j],[-0.16702216+0.27758472j,0.27526351-0.29738586j,-0.01109314+0.22495461j,-0.77239203+0.28900673j],[0.61935415+0.12301792j,-0.31269928-0.03315917j,-0.61902762-0.19039079j,-0.27120731-0.0968989j],[0.42341754+0.0023929j,-0.05847358+0.47832119j,0.64900495-0.16218422j,-0.37182676-0.05229966j]]", "databatch_0": {"databatch": "[[[0.29776703+0.07469447j,-0.12203546+0.29687216j,0.05995832+0.25622019j,-0.15553885+0.39311477j],[0.25706918-0.07590959j,0.03990978+0.27739574j,0.15874606+0.16609444j,0.05740486+0.3646366j],[-0.17865623+0.0612838j,-0.03656077-0.19406437j,-0.11682322-0.11208364j,-0.05153925-0.25494669j],[0.02940499-0.09507272j,0.09395201+0.04471304j,0.08398824-0.01491j,0.12451656+0.05724723j]],[[-0.06764824+0.10190061j,-0.09526943-0.0853092j,-0.10420201-0.01155178j,-0.12696041-0.11068984j],[0.01968307-0.1047397j,0.10541541+0.03610663j,0.08753865-0.0261126j,0.13946373+0.04571234j],[-0.16141554-0.0542185j,0.08035767-0.1588674j,-0.022042-0.14428177j,0.10305823-0.21063322j],[-0.36079073+0.16182123j,-0.11321429-0.39762686j,-0.26492341-0.21141033j,-0.15604694-0.52170252j]]]", "initial param values": "[3.72299766,3.90701198,1.78368661,0.28461202,1.15767073,0.21376244]", "nelder_mead": {"type": "gradient-free", "0": {"maxiter": 100, "fatol": 1e-05, "xatol": 1e-05, "duration": 0.23035502433776855, "fun": "0.37479314412905507", "nit": "100", "nfev": "152", "status": "2", "success": "False", "message": "Maximum number of iterations has been exceeded.", "x": "[ 5.99914763  3.64857884  3.65222788 -0.31895223  2.76321663  0.21889584]", "final_simplex": "(array([[ 5.99914763,  3.64857884,  3.65222788, -0.31895223,  2.76321663,\n         0.21889584],\n       [ 5.96823749,  3.76122202,  3.48824059, -0.30791321,  2.772717  ,\n         0.22752914],\n       [ 5.99066677,  3.82072852,  3.455047  , -0.30081075,  2.71838133,\n         0.22630146],\n       [ 6.00292727,  3.64023516,  3.56272837, -0.30728373,  2.78404133,\n         0.21844264],\n       [ 5.98170961,  3.66268784,  3.59561579, -0.30820772,  2.80602602,\n         0.2126285 ],\n       [ 5.94552296,  3.57120031,  3.58782209, -0.29557181,  2.79084463,\n         0.21043952],\n       [ 5.95795983,  3.72444344,  3.57520691, -0.3012953 ,  2.77169212,\n         0.21437812]]), array([0.37479314, 0.37520251, 0.37563514, 0.37571169, 0.3763945 ,\n       0.37642674, 0.37660039]))", "callback": [0.745854464955251, 0.7290402497067274, 0.7124800953877708, 0.6936180574117969, 0.5171387322448933, 0.4477322521371374, 0.3829669415859833, 0.37905630653364464, 0.37762151412811995, 0.37642673873873767]}, "1": {"maxiter": 100, "fatol": 1e-05, "xatol": 1e-10, "duration": 0.16672730445861816, "fun": "0.37479314412905507", "nit": "100", "nfev": "152", "status": "2", "success": "False", "message": "Maximum number of iterations has been exceeded.", "x": "[ 5.99914763  3.64857884  3.65222788 -0.31895223  2.76321663  0.21889584]", "final_simplex": "(array([[ 5.99914763,  3.64857884,  3.65222788, -0.31895223,  2.76321663,\n         0.21889584],\n       [ 5.96823749,  3.76122202,  3.48824059, -0.30791321,  2.772717  ,\n         0.22752914],\n       [ 5.99066677,  3.82072852,  3.455047  , -0.30081075,  2.71838133,\n         0.22630146],\n       [ 6.00292727,  3.64023516,  3.56272837, -0.30728373,  2.78404133,\n         0.21844264],\n       [ 5.98170961,  3.66268784,  3.59561579, -0.30820772,  2.80602602,\n         0.2126285 ],\n       [ 5.94552296,  3.57120031,  3.58782209, -0.29557181,  2.79084463,\n         0.21043952],\n       [ 5.95795983,  3.72444344,  3.57520691, -0.3012953 ,  2.77169212,\n         0.21437812]]), array([0.37479314, 0.37520251, 0.37563514, 0.37571169, 0.3763945 ,\n       0.37642674, 0.37660039]))", "callback": [0.745854464955251, 0.7290402497067274, 0.7124800953877708, 0.6936180574117969, 0.5171387322448933, 0.4477322521371374, 0.3829669415859833, 0.37905630653364464, 0.37762151412811995, 0.37642673873873767]}, "2": {"maxiter": 100, "fatol": 1e-10, "xatol": 1e-05, "duration": 0.11722469329833984, "fun": "0.37479314412905507", "nit": "100", "nfev": "152", "status": "2", "success": "False", "message": "Maximum number of iterations has been exceeded.", "x": "[ 5.99914763  3.64857884  3.65222788 -0.31895223  2.76321663  0.21889584]", "final_simplex": "(array([[ 5.99914763,  3.64857884,  3.65222788, -0.31895223,  2.76321663,\n         0.21889584],\n       [ 5.96823749,  3.76122202,  3.48824059, -0.30791321,  2.772717  ,\n         0.22752914],\n       [ 5.99066677,  3.82072852,  3.455047  , -0.30081075,  2.71838133,\n         0.22630146],\n       [ 6.00292727,  3.64023516,  3.56272837, -0.30728373,  2.78404133,\n         0.21844264],\n       [ 5.98170961,  3.66268784,  3.59561579, -0.30820772,  2.80602602,\n         0.2126285 ],\n       [ 5.94552296,  3.57120031,  3.58782209, -0.29557181,  2.79084463,\n         0.21043952],\n       [ 5.95795983,  3.72444344,  3.57520691, -0.3012953 ,  2.77169212,\n         0.21437812]]), array([0.37479314, 0.37520251, 0.37563514, 0.37571169, 0.3763945 ,\n       0.37642674, 0.37660039]))", "callback": [0.745854464955251, 0.7290402497067274, 0.7124800953877708, 0.6936180574117969, 0.5171387322448933, 0.4477322521371374, 0.3829669415859833, 0.37905630653364464, 0.37762151412811995, 0.37642673873873767]}, "3": {"maxiter": 100, "fatol": 1e-10, "xatol": 1e-10, "duration": 0.11774015426635742, "fun": "0.37479314412905507", "nit": "100", "nfev": "152", "status": "2", "success": "False", "message": "Maximum number of iterations has been exceeded.", "x": "[ 5.99914763  3.64857884  3.65222788 -0.31895223  2.76321663  0.21889584]", "final_simplex": "(array([[ 5.99914763,  3.64857884,  3.65222788, -0.31895223,  2.76321663,\n         0.21889584],\n       [ 5.96823749,  3.76122202,  3.48824059, -0.30791321,  2.772717  ,\n         0.22752914],\n       [ 5.99066677,  3.82072852,  3.455047  , -0.30081075,  2.71838133,\n         0.22630146],\n       [ 6.00292727,  3.64023516,  3.56272837, -0.30728373,  2.78404133,\n         0.21844264],\n       [ 5.98170961,  3.66268784,  3.59561579, -0.30820772,  2.80602602,\n         0.2126285 ],\n       [ 5.94552296,  3.57120031,  3.58782209, -0.29557181,  2.79084463,\n         0.21043952],\n       [ 5.95795983,  3.72444344,  3.57520691, -0.3012953 ,  2.77169212,\n         0.21437812]]), array([0.37479314, 0.37520251, 0.37563514, 0.37571169, 0.3763945 ,\n       0.37642674, 0.37660039]))", "callback": [0.745854464955251, 0.7290402497067274, 0.7124800953877708, 0.6936180574117969, 0.5171387322448933, 0.4477322521371374, 0.3829669415859833, 0.37905630653364464, 0.37762151412811995, 0.37642673873873767]}, "4": {"maxiter": 500, "fatol": 1e-05, "xatol": 1e-05, "duration": 0.6436288356781006, "fun": "0.031064946645461333", "nit": "500", "nfev": "766", "status": "2", "success": "False", "message": "Maximum number of iterations has been exceeded.", "x": "[ 6.77698352  6.10548055  1.82872429 -1.75238222  1.32331054  1.78906893]", "final_simplex": "(array([[ 6.77698352,  6.10548055,  1.82872429, -1.75238222,  1.32331054,\n         1.78906893],\n       [ 6.77689658,  6.10535778,  1.82884732, -1.752418  ,  1.3232784 ,\n         1.78902783],\n       [ 6.77697287,  6.1053516 ,  1.82866736, -1.75238691,  1.32337037,\n         1.78905645],\n       [ 6.77690338,  6.10537472,  1.82884555, -1.75241953,  1.32316004,\n         1.78907153],\n       [ 6.77693108,  6.10561004,  1.82858016, -1.75251178,  1.32323699,\n         1.78905883],\n       [ 6.77704183,  6.10532775,  1.82877455, -1.75244493,  1.32322586,\n         1.78905243],\n       [ 6.77692378,  6.10552148,  1.82878534, -1.75239087,  1.32319565,\n         1.78889897]]), array([0.03106495, 0.03106495, 0.03106495, 0.03106495, 0.03106495,\n       0.03106495, 0.03106495]))", "callback": [0.745854464955251, 0.7290402497067274, 0.7124800953877708, 0.6936180574117969, 0.5171387322448933, 0.4477322521371374, 0.3829669415859833, 0.37905630653364464, 0.37762151412811995, 0.37642673873873767, 0.3742599818469442, 0.3614129582975124, 0.33004951180385356, 0.23092193659407512, 0.19961668602631122, 0.14884229722923703, 0.09688697275934988, 0.07380905452989406, 0.04008042255986377, 0.03331996067728793, 0.031856776244300944, 0.031649874614203544, 0.031604762368914074, 0.031588829385891026, 0.03157693584943355, 0.03157378865431393, 0.03157125588236742, 0.03157125588236742, 0.0315710485617513, 0.03157095339411564, 0.031570809301873615, 0.031570438531645206, 0.03156879986018479, 0.03156611404787235, 0.031561389920623184, 0.031555561676045896, 0.03155489790349009, 0.03154517585410366, 0.03153708652880516, 0.031516477352005134, 0.031476101993267336, 0.03129607064217366, 0.03121114637748601, 0.031083410280768442, 0.03107081480845597, 0.031065518935054826, 0.031065079649832406, 0.03106499447235067, 0.03106497200092473, 0.03106494991797415]}, "5": {"maxiter": 500, "fatol": 1e-05, "xatol": 1e-10, "duration": 0.690161943435669, "fun": "0.031064946645461333", "nit": "500", "nfev": "766", "status": "2", "success": "False", "message": "Maximum number of iterations has been exceeded.", "x": "[ 6.77698352  6.10548055  1.82872429 -1.75238222  1.32331054  1.78906893]", "final_simplex": "(array([[ 6.77698352,  6.10548055,  1.82872429, -1.75238222,  1.32331054,\n         1.78906893],\n       [ 6.77689658,  6.10535778,  1.82884732, -1.752418  ,  1.3232784 ,\n         1.78902783],\n       [ 6.77697287,  6.1053516 ,  1.82866736, -1.75238691,  1.32337037,\n         1.78905645],\n       [ 6.77690338,  6.10537472,  1.82884555, -1.75241953,  1.32316004,\n         1.78907153],\n       [ 6.77693108,  6.10561004,  1.82858016, -1.75251178,  1.32323699,\n         1.78905883],\n       [ 6.77704183,  6.10532775,  1.82877455, -1.75244493,  1.32322586,\n         1.78905243],\n       [ 6.77692378,  6.10552148,  1.82878534, -1.75239087,  1.32319565,\n         1.78889897]]), array([0.03106495, 0.03106495, 0.03106495, 0.03106495, 0.03106495,\n       0.03106495, 0.03106495]))", "callback": [0.745854464955251, 0.7290402497067274, 0.7124800953877708, 0.6936180574117969, 0.5171387322448933, 0.4477322521371374, 0.3829669415859833, 0.37905630653364464, 0.37762151412811995, 0.37642673873873767, 0.3742599818469442, 0.3614129582975124, 0.33004951180385356, 0.23092193659407512, 0.19961668602631122, 0.14884229722923703, 0.09688697275934988, 0.07380905452989406, 0.04008042255986377, 0.03331996067728793, 0.031856776244300944, 0.031649874614203544, 0.031604762368914074, 0.031588829385891026, 0.03157693584943355, 0.03157378865431393, 0.03157125588236742, 0.03157125588236742, 0.0315710485617513, 0.03157095339411564, 0.031570809301873615, 0.031570438531645206, 0.03156879986018479, 0.03156611404787235, 0.031561389920623184, 0.031555561676045896, 0.03155489790349009, 0.03154517585410366, 0.03153708652880516, 0.031516477352005134, 0.031476101993267336, 0.03129607064217366, 0.03121114637748601, 0.031083410280768442, 0.03107081480845597, 0.031065518935054826, 0.031065079649832406, 0.03106499447235067, 0.03106497200092473, 0.03106494991797415]}, "6": {"maxiter": 500, "fatol": 1e-10, "xatol": 1e-05, "duration": 0.8175384998321533, "fun": "0.031064946645461333", "nit": "500", "nfev": "766", "status": "2", "success": "False", "message": "Maximum number of iterations has been exceeded.", "x": "[ 6.77698352  6.10548055  1.82872429 -1.75238222  1.32331054  1.78906893]", "final_simplex": "(array([[ 6.77698352,  6.10548055,  1.82872429, -1.75238222,  1.32331054,\n         1.78906893],\n       [ 6.77689658,  6.10535778,  1.82884732, -1.752418  ,  1.3232784 ,\n         1.78902783],\n       [ 6.77697287,  6.1053516 ,  1.82866736, -1.75238691,  1.32337037,\n         1.78905645],\n       [ 6.77690338,  6.10537472,  1.82884555, -1.75241953,  1.32316004,\n         1.78907153],\n       [ 6.77693108,  6.10561004,  1.82858016, -1.75251178,  1.32323699,\n         1.78905883],\n       [ 6.77704183,  6.10532775,  1.82877455, -1.75244493,  1.32322586,\n         1.78905243],\n       [ 6.77692378,  6.10552148,  1.82878534, -1.75239087,  1.32319565,\n         1.78889897]]), array([0.03106495, 0.03106495, 0.03106495, 0.03106495, 0.03106495,\n       0.03106495, 0.03106495]))", "callback": [0.745854464955251, 0.7290402497067274, 0.7124800953877708, 0.6936180574117969, 0.5171387322448933, 0.4477322521371374, 0.3829669415859833, 0.37905630653364464, 0.37762151412811995, 0.37642673873873767, 0.3742599818469442, 0.3614129582975124, 0.33004951180385356, 0.23092193659407512, 0.19961668602631122, 0.14884229722923703, 0.09688697275934988, 0.07380905452989406, 0.04008042255986377, 0.03331996067728793, 0.031856776244300944, 0.031649874614203544, 0.031604762368914074, 0.031588829385891026, 0.03157693584943355, 0.03157378865431393, 0.03157125588236742, 0.03157125588236742, 0.0315710485617513, 0.03157095339411564, 0.031570809301873615, 0.031570438531645206, 0.03156879986018479, 0.03156611404787235, 0.031561389920623184, 0.031555561676045896, 0.03155489790349009, 0.03154517585410366, 0.03153708652880516, 0.031516477352005134, 0.031476101993267336, 0.03129607064217366, 0.03121114637748601, 0.031083410280768442, 0.03107081480845597, 0.031065518935054826, 0.031065079649832406, 0.03106499447235067, 0.03106497200092473, 0.03106494991797415]}, "7": {"maxiter": 500, "fatol": 1e-10, "xatol": 1e-10, "duration": 0.6457152366638184, "fun": "0.031064946645461333", "nit": "500", "nfev": "766", "status": "2", "success": "False", "message": "Maximum number of iterations has been exceeded.", "x": "[ 6.77698352  6.10548055  1.82872429 -1.75238222  1.32331054  1.78906893]", "final_simplex": "(array([[ 6.77698352,  6.10548055,  1.82872429, -1.75238222,  1.32331054,\n         1.78906893],\n       [ 6.77689658,  6.10535778,  1.82884732, -1.752418  ,  1.3232784 ,\n         1.78902783],\n       [ 6.77697287,  6.1053516 ,  1.82866736, -1.75238691,  1.32337037,\n         1.78905645],\n       [ 6.77690338,  6.10537472,  1.82884555, -1.75241953,  1.32316004,\n         1.78907153],\n       [ 6.77693108,  6.10561004,  1.82858016, -1.75251178,  1.32323699,\n         1.78905883],\n       [ 6.77704183,  6.10532775,  1.82877455, -1.75244493,  1.32322586,\n         1.78905243],\n       [ 6.77692378,  6.10552148,  1.82878534, -1.75239087,  1.32319565,\n         1.78889897]]), array([0.03106495, 0.03106495, 0.03106495, 0.03106495, 0.03106495,\n       0.03106495, 0.03106495]))", "callback": [0.745854464955251, 0.7290402497067274, 0.7124800953877708, 0.6936180574117969, 0.5171387322448933, 0.4477322521371374, 0.3829669415859833, 0.37905630653364464, 0.37762151412811995, 0.37642673873873767, 0.3742599818469442, 0.3614129582975124, 0.33004951180385356, 0.23092193659407512, 0.19961668602631122, 0.14884229722923703, 0.09688697275934988, 0.07380905452989406, 0.04008042255986377, 0.03331996067728793, 0.031856776244300944, 0.031649874614203544, 0.031604762368914074, 0.031588829385891026, 0.03157693584943355, 0.03157378865431393, 0.03157125588236742, 0.03157125588236742, 0.0315710485617513, 0.03157095339411564, 0.031570809301873615, 0.031570438531645206, 0.03156879986018479, 0.03156611404787235, 0.031561389920623184, 0.031555561676045896, 0.03155489790349009, 0.03154517585410366, 0.03153708652880516, 0.031516477352005134, 0.031476101993267336, 0.03129607064217366, 0.03121114637748601, 0.031083410280768442, 0.03107081480845597, 0.031065518935054826, 0.031065079649832406, 0.03106499447235067, 0.03106497200092473, 0.03106494991797415]}, "8": {"maxiter": 1000, "fatol": 1e-05, "xatol": 1e-05, "duration": 0.8112986087799072, "fun": "0.031064943887681995", "nit": "574", "nfev": "883", "status": "0", "success": "True", "message": "Optimization terminated successfully.", "x": "[ 6.77693232  6.10550832  1.82863203 -1.75231196  1.32324473  1.78908547]", "final_simplex": "(array([[ 6.77693232,  6.10550832,  1.82863203, -1.75231196,  1.32324473,\n         1.78908547],\n       [ 6.77693341,  6.10551025,  1.82863205, -1.75230594,  1.3232486 ,\n         1.78908443],\n       [ 6.77693232,  6.10550866,  1.82863819, -1.75231283,  1.32324535,\n         1.78908379],\n       [ 6.77693738,  6.10551333,  1.82863368, -1.75231446,  1.32324301,\n         1.78908567],\n       [ 6.77693392,  6.10551624,  1.82862584, -1.75231389,  1.32324402,\n         1.78907904],\n       [ 6.77693551,  6.10551248,  1.82863069, -1.75231503,  1.32324853,\n         1.78908327],\n       [ 6.77693592,  6.10549932,  1.8286376 , -1.75231047,  1.32324964,\n         1.78908733]]), array([0.03106494, 0.03106494, 0.03106494, 0.03106494, 0.03106494,\n       0.03106494, 0.03106494]))", "callback": [0.745854464955251, 0.7290402497067274, 0.7124800953877708, 0.6936180574117969, 0.5171387322448933, 0.4477322521371374, 0.3829669415859833, 0.37905630653364464, 0.37762151412811995, 0.37642673873873767, 0.3742599818469442, 0.3614129582975124, 0.33004951180385356, 0.23092193659407512, 0.19961668602631122, 0.14884229722923703, 0.09688697275934988, 0.07380905452989406, 0.04008042255986377, 0.03331996067728793, 0.031856776244300944, 0.031649874614203544, 0.031604762368914074, 0.031588829385891026, 0.03157693584943355, 0.03157378865431393, 0.03157125588236742, 0.03157125588236742, 0.0315710485617513, 0.03157095339411564, 0.031570809301873615, 0.031570438531645206, 0.03156879986018479, 0.03156611404787235, 0.031561389920623184, 0.031555561676045896, 0.03155489790349009, 0.03154517585410366, 0.03153708652880516, 0.031516477352005134, 0.031476101993267336, 0.03129607064217366, 0.03121114637748601, 0.031083410280768442, 0.03107081480845597, 0.031065518935054826, 0.031065079649832406, 0.03106499447235067, 0.03106497200092473, 0.03106494991797415, 0.031064946645461333, 0.031064945506713793, 0.03106494467096954, 0.03106494442157315, 0.03106494407912297, 0.031064943899357877, 0.031064943899357877, 0.031064943887681995]}, "9": {"maxiter": 1000, "fatol": 1e-05, "xatol": 1e-10, "duration": 0.9305679798126221, "fun": "0.031064943883388207", "nit": "685", "nfev": "1120", "status": "0", "success": "True", "message": "Optimization terminated successfully.", "x": "[ 6.77693357  6.10551513  1.8286288  -1.75231067  1.32324499  1.78908357]", "final_simplex": "(array([[ 6.77693357,  6.10551513,  1.8286288 , -1.75231067,  1.32324499,\n         1.78908357],\n       [ 6.77693357,  6.10551513,  1.8286288 , -1.75231067,  1.32324499,\n         1.78908357],\n       [ 6.77693357,  6.10551513,  1.8286288 , -1.75231067,  1.32324499,\n         1.78908357],\n       [ 6.77693357,  6.10551513,  1.8286288 , -1.75231067,  1.32324499,\n         1.78908357],\n       [ 6.77693357,  6.10551513,  1.8286288 , -1.75231067,  1.32324499,\n         1.78908357],\n       [ 6.77693357,  6.10551513,  1.8286288 , -1.75231067,  1.32324499,\n         1.78908357],\n       [ 6.77693357,  6.10551513,  1.8286288 , -1.75231067,  1.32324499,\n         1.78908357]]), array([0.03106494, 0.03106494, 0.03106494, 0.03106494, 0.03106494,\n       0.03106494, 0.03106494]))", "callback": [0.745854464955251, 0.7290402497067274, 0.7124800953877708, 0.6936180574117969, 0.5171387322448933, 0.4477322521371374, 0.3829669415859833, 0.37905630653364464, 0.37762151412811995, 0.37642673873873767, 0.3742599818469442, 0.3614129582975124, 0.33004951180385356, 0.23092193659407512, 0.19961668602631122, 0.14884229722923703, 0.09688697275934988, 0.07380905452989406, 0.04008042255986377, 0.03331996067728793, 0.031856776244300944, 0.031649874614203544, 0.031604762368914074, 0.031588829385891026, 0.03157693584943355, 0.03157378865431393, 0.03157125588236742, 0.03157125588236742, 0.0315710485617513, 0.03157095339411564, 0.031570809301873615, 0.031570438531645206, 0.03156879986018479, 0.03156611404787235, 0.031561389920623184, 0.031555561676045896, 0.03155489790349009, 0.03154517585410366, 0.03153708652880516, 0.031516477352005134, 0.031476101993267336, 0.03129607064217366, 0.03121114637748601, 0.031083410280768442, 0.03107081480845597, 0.031065518935054826, 0.031065079649832406, 0.03106499447235067, 0.03106497200092473, 0.03106494991797415, 0.031064946645461333, 0.031064945506713793, 0.03106494467096954, 0.03106494442157315, 0.03106494407912297, 0.031064943899357877, 0.031064943899357877, 0.031064943887681995, 0.03106494388423986, 0.031064943883601925, 0.03106494388345471, 0.031064943883412854, 0.03106494388339598, 0.031064943883388763, 0.031064943883388763, 0.03106494388338832, 0.03106494388338832, 0.03106494388338832, 0.031064943883388207]}, "10": {"maxiter": 1000, "fatol": 1e-10, "xatol": 1e-05, "duration": 0.8158993721008301, "fun": "0.031064943887681995", "nit": "574", "nfev": "883", "status": "0", "success": "True", "message": "Optimization terminated successfully.", "x": "[ 6.77693232  6.10550832  1.82863203 -1.75231196  1.32324473  1.78908547]", "final_simplex": "(array([[ 6.77693232,  6.10550832,  1.82863203, -1.75231196,  1.32324473,\n         1.78908547],\n       [ 6.77693341,  6.10551025,  1.82863205, -1.75230594,  1.3232486 ,\n         1.78908443],\n       [ 6.77693232,  6.10550866,  1.82863819, -1.75231283,  1.32324535,\n         1.78908379],\n       [ 6.77693738,  6.10551333,  1.82863368, -1.75231446,  1.32324301,\n         1.78908567],\n       [ 6.77693392,  6.10551624,  1.82862584, -1.75231389,  1.32324402,\n         1.78907904],\n       [ 6.77693551,  6.10551248,  1.82863069, -1.75231503,  1.32324853,\n         1.78908327],\n       [ 6.77693592,  6.10549932,  1.8286376 , -1.75231047,  1.32324964,\n         1.78908733]]), array([0.03106494, 0.03106494, 0.03106494, 0.03106494, 0.03106494,\n       0.03106494, 0.03106494]))", "callback": [0.745854464955251, 0.7290402497067274, 0.7124800953877708, 0.6936180574117969, 0.5171387322448933, 0.4477322521371374, 0.3829669415859833, 0.37905630653364464, 0.37762151412811995, 0.37642673873873767, 0.3742599818469442, 0.3614129582975124, 0.33004951180385356, 0.23092193659407512, 0.19961668602631122, 0.14884229722923703, 0.09688697275934988, 0.07380905452989406, 0.04008042255986377, 0.03331996067728793, 0.031856776244300944, 0.031649874614203544, 0.031604762368914074, 0.031588829385891026, 0.03157693584943355, 0.03157378865431393, 0.03157125588236742, 0.03157125588236742, 0.0315710485617513, 0.03157095339411564, 0.031570809301873615, 0.031570438531645206, 0.03156879986018479, 0.03156611404787235, 0.031561389920623184, 0.031555561676045896, 0.03155489790349009, 0.03154517585410366, 0.03153708652880516, 0.031516477352005134, 0.031476101993267336, 0.03129607064217366, 0.03121114637748601, 0.031083410280768442, 0.03107081480845597, 0.031065518935054826, 0.031065079649832406, 0.03106499447235067, 0.03106497200092473, 0.03106494991797415, 0.031064946645461333, 0.031064945506713793, 0.03106494467096954, 0.03106494442157315, 0.03106494407912297, 0.031064943899357877, 0.031064943899357877, 0.031064943887681995]}, "11": {"maxiter": 1000, "fatol": 1e-10, "xatol": 1e-10, "duration": 0.9236311912536621, "fun": "0.031064943883388207", "nit": "685", "nfev": "1120", "status": "0", "success": "True", "message": "Optimization terminated successfully.", "x": "[ 6.77693357  6.10551513  1.8286288  -1.75231067  1.32324499  1.78908357]", "final_simplex": "(array([[ 6.77693357,  6.10551513,  1.8286288 , -1.75231067,  1.32324499,\n         1.78908357],\n       [ 6.77693357,  6.10551513,  1.8286288 , -1.75231067,  1.32324499,\n         1.78908357],\n       [ 6.77693357,  6.10551513,  1.8286288 , -1.75231067,  1.32324499,\n         1.78908357],\n       [ 6.77693357,  6.10551513,  1.8286288 , -1.75231067,  1.32324499,\n         1.78908357],\n       [ 6.77693357,  6.10551513,  1.8286288 , -1.75231067,  1.32324499,\n         1.78908357],\n       [ 6.77693357,  6.10551513,  1.8286288 , -1.75231067,  1.32324499,\n         1.78908357],\n       [ 6.77693357,  6.10551513,  1.8286288 , -1.75231067,  1.32324499,\n         1.78908357]]), array([0.03106494, 0.03106494, 0.03106494, 0.03106494, 0.03106494,\n       0.03106494, 0.03106494]))", "callback": [0.745854464955251, 0.7290402497067274, 0.7124800953877708, 0.6936180574117969, 0.5171387322448933, 0.4477322521371374, 0.3829669415859833, 0.37905630653364464, 0.37762151412811995, 0.37642673873873767, 0.3742599818469442, 0.3614129582975124, 0.33004951180385356, 0.23092193659407512, 0.19961668602631122, 0.14884229722923703, 0.09688697275934988, 0.07380905452989406, 0.04008042255986377, 0.03331996067728793, 0.031856776244300944, 0.031649874614203544, 0.031604762368914074, 0.031588829385891026, 0.03157693584943355, 0.03157378865431393, 0.03157125588236742, 0.03157125588236742, 0.0315710485617513, 0.03157095339411564, 0.031570809301873615, 0.031570438531645206, 0.03156879986018479, 0.03156611404787235, 0.031561389920623184, 0.031555561676045896, 0.03155489790349009, 0.03154517585410366, 0.03153708652880516, 0.031516477352005134, 0.031476101993267336, 0.03129607064217366, 0.03121114637748601, 0.031083410280768442, 0.03107081480845597, 0.031065518935054826, 0.031065079649832406, 0.03106499447235067, 0.03106497200092473, 0.03106494991797415, 0.031064946645461333, 0.031064945506713793, 0.03106494467096954, 0.03106494442157315, 0.03106494407912297, 0.031064943899357877, 0.031064943899357877, 0.031064943887681995, 0.03106494388423986, 0.031064943883601925, 0.03106494388345471, 0.031064943883412854, 0.03106494388339598, 0.031064943883388763, 0.031064943883388763, 0.03106494388338832, 0.03106494388338832, 0.03106494388338832, 0.031064943883388207]}}, "bfgs": {"type": "gradient", "0": {"maxiter": 100, "gtol": 1e-05, "xrtol": 1e-05, "eps": 1e-05, "duration": 0.2110888957977295, "fun": "0.031064944028826424", "jac": "[ 6.35203001e-07 -2.20112817e-07 -1.68401959e-06 -2.68132183e-06\n  7.65698616e-07 -4.07538447e-06]", "hess_inv": "[[ 2.64466239 -0.01526929 -0.12959469 -0.54903197  0.17772843  1.0003835 ]\n [-0.01526929 11.39502482 -8.39710319 -0.59135232 -2.89607457 -1.68124144]\n [-0.12959469 -8.39710319 10.44704764 -0.35318042  1.71434527  1.18184924]\n [-0.54903197 -0.59135232 -0.35318042  3.29294106  0.62327101 -0.53800773]\n [ 0.17772843 -2.89607457  1.71434527  0.62327101  3.33056205  0.45024628]\n [ 1.0003835  -1.68124144  1.18184924 -0.53800773  0.45024628  3.19080531]]", "nfev": "189", "njev": "27", "status": "0", "success": "True", "message": "Optimization terminated successfully.", "x": "[ 6.77692454  6.10555203  1.82859017 -1.75232185  1.323233    1.7890563 ]", "nit": "24", "callback": [0.7454614224914421, 0.7153498897252348, 0.7073408967861099, 0.6670199599029841, 0.644202674401869, 0.4380127291079766, 0.2099364267301742, 0.1756184272745458, 0.13046241386033908, 0.07259441439781389, 0.05192634429978915, 0.04296347414493107, 0.040331843979790394, 0.03749094726990654, 0.0342886411870581, 0.03279334143144785, 0.03197145440612004, 0.031403082222663414, 0.03111359410169756, 0.031067213101143132, 0.031065055647601314, 0.031064966355472845, 0.03106494548174288, 0.031064944028826424]}, "1": {"maxiter": 100, "gtol": 1e-05, "xrtol": 1e-05, "eps": 1e-10, "duration": 0.14510893821716309, "fun": "0.031064944013795115", "jac": "[ 0.00000000e+00  1.11022293e-06  1.11022293e-06 -6.66133760e-06\n  1.11022293e-06 -2.22044587e-06]", "hess_inv": "[[ 2.59133374 -0.05313752 -0.07942165 -0.61345542  0.17384101  0.97120463]\n [-0.05313752 11.48747985 -8.41154366 -0.61749193 -2.99068699 -1.77925296]\n [-0.07942165 -8.41154366 10.424434   -0.31630727  1.74709012  1.23406646]\n [-0.61345542 -0.61749193 -0.31630727  3.26133995  0.6603689  -0.54530774]\n [ 0.17384101 -2.99068699  1.74709012  0.6603689   3.41990829  0.52879508]\n [ 0.97120463 -1.77925296  1.23406646 -0.54530774  0.52879508  3.24732837]]", "nfev": "189", "njev": "27", "status": "0", "success": "True", "message": "Optimization terminated successfully.", "x": "[ 6.77693162  6.10553227  1.82861824 -1.75233419  1.32323895  1.78906611]", "nit": "24", "callback": [0.7454614960430341, 0.7153500465963993, 0.7073412874954419, 0.6670209509413572, 0.6442036063591223, 0.4380017321352565, 0.20995394780890964, 0.17563990184322487, 0.1304769139451758, 0.07262696732929519, 0.051932451405261704, 0.04296166011456504, 0.040331074449682536, 0.03748829612311011, 0.034288386010893124, 0.03279428129614148, 0.03197208880702851, 0.03140303295121161, 0.0311136518898546, 0.031067237713124807, 0.031065058061675144, 0.031064966418345552, 0.031064945330666616, 0.031064944013795115]}, "2": {"maxiter": 100, "gtol": 1e-05, "xrtol": 1e-10, "eps": 1e-05, "duration": 0.14510679244995117, "fun": "0.031064944028826424", "jac": "[ 6.35203001e-07 -2.20112817e-07 -1.68401959e-06 -2.68132183e-06\n  7.65698616e-07 -4.07538447e-06]", "hess_inv": "[[ 2.64466239 -0.01526929 -0.12959469 -0.54903197  0.17772843  1.0003835 ]\n [-0.01526929 11.39502482 -8.39710319 -0.59135232 -2.89607457 -1.68124144]\n [-0.12959469 -8.39710319 10.44704764 -0.35318042  1.71434527  1.18184924]\n [-0.54903197 -0.59135232 -0.35318042  3.29294106  0.62327101 -0.53800773]\n [ 0.17772843 -2.89607457  1.71434527  0.62327101  3.33056205  0.45024628]\n [ 1.0003835  -1.68124144  1.18184924 -0.53800773  0.45024628  3.19080531]]", "nfev": "189", "njev": "27", "status": "0", "success": "True", "message": "Optimization terminated successfully.", "x": "[ 6.77692454  6.10555203  1.82859017 -1.75232185  1.323233    1.7890563 ]", "nit": "24", "callback": [0.7454614224914421, 0.7153498897252348, 0.7073408967861099, 0.6670199599029841, 0.644202674401869, 0.4380127291079766, 0.2099364267301742, 0.1756184272745458, 0.13046241386033908, 0.07259441439781389, 0.05192634429978915, 0.04296347414493107, 0.040331843979790394, 0.03749094726990654, 0.0342886411870581, 0.03279334143144785, 0.03197145440612004, 0.031403082222663414, 0.03111359410169756, 0.031067213101143132, 0.031065055647601314, 0.031064966355472845, 0.03106494548174288, 0.031064944028826424]}, "3": {"maxiter": 100, "gtol": 1e-05, "xrtol": 1e-10, "eps": 1e-10, "duration": 0.15213346481323242, "fun": "0.031064944013795115", "jac": "[ 0.00000000e+00  1.11022293e-06  1.11022293e-06 -6.66133760e-06\n  1.11022293e-06 -2.22044587e-06]", "hess_inv": "[[ 2.59133374 -0.05313752 -0.07942165 -0.61345542  0.17384101  0.97120463]\n [-0.05313752 11.48747985 -8.41154366 -0.61749193 -2.99068699 -1.77925296]\n [-0.07942165 -8.41154366 10.424434   -0.31630727  1.74709012  1.23406646]\n [-0.61345542 -0.61749193 -0.31630727  3.26133995  0.6603689  -0.54530774]\n [ 0.17384101 -2.99068699  1.74709012  0.6603689   3.41990829  0.52879508]\n [ 0.97120463 -1.77925296  1.23406646 -0.54530774  0.52879508  3.24732837]]", "nfev": "189", "njev": "27", "status": "0", "success": "True", "message": "Optimization terminated successfully.", "x": "[ 6.77693162  6.10553227  1.82861824 -1.75233419  1.32323895  1.78906611]", "nit": "24", "callback": [0.7454614960430341, 0.7153500465963993, 0.7073412874954419, 0.6670209509413572, 0.6442036063591223, 0.4380017321352565, 0.20995394780890964, 0.17563990184322487, 0.1304769139451758, 0.07262696732929519, 0.051932451405261704, 0.04296166011456504, 0.040331074449682536, 0.03748829612311011, 0.034288386010893124, 0.03279428129614148, 0.03197208880702851, 0.03140303295121161, 0.0311136518898546, 0.031067237713124807, 0.031065058061675144, 0.031064966418345552, 0.031064945330666616, 0.031064944013795115]}, "4": {"maxiter": 100, "gtol": 1e-10, "xrtol": 1e-05, "eps": 1e-05, "duration": 0.14914464950561523, "fun": "0.031064944028826424", "jac": "[ 6.35203001e-07 -2.20112817e-07 -1.68401959e-06 -2.68132183e-06\n  7.65698616e-07 -4.07538447e-06]", "hess_inv": "[[ 2.64466239 -0.01526929 -0.12959469 -0.54903197  0.17772843  1.0003835 ]\n [-0.01526929 11.39502482 -8.39710319 -0.59135232 -2.89607457 -1.68124144]\n [-0.12959469 -8.39710319 10.44704764 -0.35318042  1.71434527  1.18184924]\n [-0.54903197 -0.59135232 -0.35318042  3.29294106  0.62327101 -0.53800773]\n [ 0.17772843 -2.89607457  1.71434527  0.62327101  3.33056205  0.45024628]\n [ 1.0003835  -1.68124144  1.18184924 -0.53800773  0.45024628  3.19080531]]", "nfev": "189", "njev": "27", "status": "0", "success": "True", "message": "Optimization terminated successfully.", "x": "[ 6.77692454  6.10555203  1.82859017 -1.75232185  1.323233    1.7890563 ]", "nit": "24", "callback": [0.7454614224914421, 0.7153498897252348, 0.7073408967861099, 0.6670199599029841, 0.644202674401869, 0.4380127291079766, 0.2099364267301742, 0.1756184272745458, 0.13046241386033908, 0.07259441439781389, 0.05192634429978915, 0.04296347414493107, 0.040331843979790394, 0.03749094726990654, 0.0342886411870581, 0.03279334143144785, 0.03197145440612004, 0.031403082222663414, 0.03111359410169756, 0.031067213101143132, 0.031065055647601314, 0.031064966355472845, 0.03106494548174288, 0.031064944028826424]}, "5": {"maxiter": 100, "gtol": 1e-10, "xrtol": 1e-05, "eps": 1e-10, "duration": 0.16286563873291016, "fun": "0.031064944013795115", "jac": "[ 0.00000000e+00  1.11022293e-06  1.11022293e-06 -6.66133760e-06\n  1.11022293e-06 -2.22044587e-06]", "hess_inv": "[[ 2.59133374 -0.05313752 -0.07942165 -0.61345542  0.17384101  0.97120463]\n [-0.05313752 11.48747985 -8.41154366 -0.61749193 -2.99068699 -1.77925296]\n [-0.07942165 -8.41154366 10.424434   -0.31630727  1.74709012  1.23406646]\n [-0.61345542 -0.61749193 -0.31630727  3.26133995  0.6603689  -0.54530774]\n [ 0.17384101 -2.99068699  1.74709012  0.6603689   3.41990829  0.52879508]\n [ 0.97120463 -1.77925296  1.23406646 -0.54530774  0.52879508  3.24732837]]", "nfev": "189", "njev": "27", "status": "0", "success": "True", "message": "Optimization terminated successfully.", "x": "[ 6.77693162  6.10553227  1.82861824 -1.75233419  1.32323895  1.78906611]", "nit": "24", "callback": [0.7454614960430341, 0.7153500465963993, 0.7073412874954419, 0.6670209509413572, 0.6442036063591223, 0.4380017321352565, 0.20995394780890964, 0.17563990184322487, 0.1304769139451758, 0.07262696732929519, 0.051932451405261704, 0.04296166011456504, 0.040331074449682536, 0.03748829612311011, 0.034288386010893124, 0.03279428129614148, 0.03197208880702851, 0.03140303295121161, 0.0311136518898546, 0.031067237713124807, 0.031065058061675144, 0.031064966418345552, 0.031064945330666616, 0.031064944013795115]}, "6": {"maxiter": 100, "gtol": 1e-10, "xrtol": 1e-10, "eps": 1e-05, "duration": 0.33202171325683594, "fun": "0.031064943910244947", "jac": "[-9.89208715e-09  4.85167462e-09  1.75415238e-09  7.14983628e-09\n  2.50910404e-09  1.01807451e-08]", "hess_inv": "[[  2.81601216  -0.75626995   0.54009589  -0.6576327    0.31691148\n    1.26277366]\n [ -0.75626995  14.29168825 -11.19673995  -0.64007135  -3.21969041\n   -2.95621205]\n [  0.54009589 -11.19673995  13.15514784  -0.2736114    2.05236292\n    2.4492941 ]\n [ -0.6576327   -0.64007135  -0.2736114    3.45359075   0.66833049\n   -0.38124693]\n [  0.31691148  -3.21969041   2.05236292   0.66833049   3.30843376\n    0.59545691]\n [  1.26277366  -2.95621205   2.4492941   -0.38124693   0.59545691\n    3.85230112]]", "nfev": "425", "njev": "59", "status": "2", "success": "False", "message": "Desired error not necessarily achieved due to precision loss.", "x": "[ 6.77692647  6.10552438  1.82861833 -1.75231441  1.32323759  1.78907411]", "nit": "27", "callback": [0.7454614224914421, 0.7153498897252348, 0.7073408967861099, 0.6670199599029841, 0.644202674401869, 0.4380127291079766, 0.2099364267301742, 0.1756184272745458, 0.13046241386033908, 0.07259441439781389, 0.05192634429978915, 0.04296347414493107, 0.040331843979790394, 0.03749094726990654, 0.0342886411870581, 0.03279334143144785, 0.03197145440612004, 0.031403082222663414, 0.03111359410169756, 0.031067213101143132, 0.031065055647601314, 0.031064966355472845, 0.03106494548174288, 0.031064944028826424, 0.031064943920042998, 0.031064943910711795, 0.031064943910244947]}, "7": {"maxiter": 100, "gtol": 1e-10, "xrtol": 1e-10, "eps": 1e-10, "duration": 0.4107997417449951, "fun": "0.03106494388443426", "jac": "[ 1.11022293e-06  2.22044587e-06  3.33066880e-06  1.11022293e-06\n  1.11022293e-06 -1.11022293e-06]", "hess_inv": "[[ 0.65045189 -0.45014531  0.51855365 -0.46641227  0.70641443  0.35227055]\n [-0.45014531  0.51169861 -0.54770023  0.31153599 -0.24089588 -0.15103958]\n [ 0.51855365 -0.54770023  0.98049646 -0.12931818 -0.03615415  0.04672606]\n [-0.46641227  0.31153599 -0.12931818  0.60900823 -0.60035223 -0.38927312]\n [ 0.70641443 -0.24089588 -0.03615415 -0.60035223  1.62660036  0.61163368]\n [ 0.35227055 -0.15103958  0.04672606 -0.38927312  0.61163368  0.31198642]]", "nfev": "364", "njev": "52", "status": "0", "success": "True", "message": "Optimization terminated successfully.", "x": "[ 6.7769323   6.10551203  1.82862977 -1.75231047  1.32324581  1.78908322]", "nit": "36", "callback": [0.7454614960430341, 0.7153500465963993, 0.7073412874954419, 0.6670209509413572, 0.6442036063591223, 0.4380017321352565, 0.20995394780890964, 0.17563990184322487, 0.1304769139451758, 0.07262696732929519, 0.051932451405261704, 0.04296166011456504, 0.040331074449682536, 0.03748829612311011, 0.034288386010893124, 0.03279428129614148, 0.03197208880702851, 0.03140303295121161, 0.0311136518898546, 0.031067237713124807, 0.031065058061675144, 0.031064966418345552, 0.031064945330666616, 0.031064944013795115, 0.03106494391165482, 0.031064943904564157, 0.031064943898343356, 0.031064943892763486, 0.031064943889984042, 0.031064943889911545, 0.03106494388983283, 0.031064943888282515, 0.031064943885217633, 0.031064943884434593, 0.03106494388443448, 0.03106494388443426]}, "8": {"maxiter": 500, "gtol": 1e-05, "xrtol": 1e-05, "eps": 1e-05, "duration": 0.14498114585876465, "fun": "0.031064944028826424", "jac": "[ 6.35203001e-07 -2.20112817e-07 -1.68401959e-06 -2.68132183e-06\n  7.65698616e-07 -4.07538447e-06]", "hess_inv": "[[ 2.64466239 -0.01526929 -0.12959469 -0.54903197  0.17772843  1.0003835 ]\n [-0.01526929 11.39502482 -8.39710319 -0.59135232 -2.89607457 -1.68124144]\n [-0.12959469 -8.39710319 10.44704764 -0.35318042  1.71434527  1.18184924]\n [-0.54903197 -0.59135232 -0.35318042  3.29294106  0.62327101 -0.53800773]\n [ 0.17772843 -2.89607457  1.71434527  0.62327101  3.33056205  0.45024628]\n [ 1.0003835  -1.68124144  1.18184924 -0.53800773  0.45024628  3.19080531]]", "nfev": "189", "njev": "27", "status": "0", "success": "True", "message": "Optimization terminated successfully.", "x": "[ 6.77692454  6.10555203  1.82859017 -1.75232185  1.323233    1.7890563 ]", "nit": "24", "callback": [0.7454614224914421, 0.7153498897252348, 0.7073408967861099, 0.6670199599029841, 0.644202674401869, 0.4380127291079766, 0.2099364267301742, 0.1756184272745458, 0.13046241386033908, 0.07259441439781389, 0.05192634429978915, 0.04296347414493107, 0.040331843979790394, 0.03749094726990654, 0.0342886411870581, 0.03279334143144785, 0.03197145440612004, 0.031403082222663414, 0.03111359410169756, 0.031067213101143132, 0.031065055647601314, 0.031064966355472845, 0.03106494548174288, 0.031064944028826424]}, "9": {"maxiter": 500, "gtol": 1e-05, "xrtol": 1e-05, "eps": 1e-10, "duration": 0.14586472511291504, "fun": "0.031064944013795115", "jac": "[ 0.00000000e+00  1.11022293e-06  1.11022293e-06 -6.66133760e-06\n  1.11022293e-06 -2.22044587e-06]", "hess_inv": "[[ 2.59133374 -0.05313752 -0.07942165 -0.61345542  0.17384101  0.97120463]\n [-0.05313752 11.48747985 -8.41154366 -0.61749193 -2.99068699 -1.77925296]\n [-0.07942165 -8.41154366 10.424434   -0.31630727  1.74709012  1.23406646]\n [-0.61345542 -0.61749193 -0.31630727  3.26133995  0.6603689  -0.54530774]\n [ 0.17384101 -2.99068699  1.74709012  0.6603689   3.41990829  0.52879508]\n [ 0.97120463 -1.77925296  1.23406646 -0.54530774  0.52879508  3.24732837]]", "nfev": "189", "njev": "27", "status": "0", "success": "True", "message": "Optimization terminated successfully.", "x": "[ 6.77693162  6.10553227  1.82861824 -1.75233419  1.32323895  1.78906611]", "nit": "24", "callback": [0.7454614960430341, 0.7153500465963993, 0.7073412874954419, 0.6670209509413572, 0.6442036063591223, 0.4380017321352565, 0.20995394780890964, 0.17563990184322487, 0.1304769139451758, 0.07