{"date": "2024/10/25/, 17:46:50", "conf_id": 18, "data_type": "random\n", "num_data_points": 1, "s_rank": 0, "unitary": "[[-0.53618537-0.34368723j,-0.12107031-0.46226139j,-0.07699282-0.46603512j,0.36022595-0.11472301j],[0.26026499-0.63450712j,-0.56616638+0.37832564j,-0.14988651+0.08458591j,0.10363514-0.16008501j],[-0.32580188-0.11070003j,-0.36476308-0.23593218j,0.02559343+0.41761608j,-0.25598305+0.6725303j],[0.07406738-0.0126433j,0.28513701+0.19483972j,-0.74939717-0.10299659j,0.29798249+0.46269921j]]", "databatch_0": {"databatch": "[[[-0.07795419+0.29819206j,-0.27920523+0.30634329j,0.24090422-0.25277829j,-0.19851574-0.05390677j],[0.14148921-0.00563487j,0.19780328+0.26749474j,0.00702299-0.10053885j,0.16637329+0.20192603j],[-0.01382119+0.08774322j,-0.05077223+0.14263597j,-0.08386457+0.04476311j,-0.09673325-0.0103696j],[0.17755784-0.10153512j,-0.18264166-0.02059411j,0.08262112-0.26555682j,0.00847636+0.39656431j]]]", "initial param values": "[3.72299766,3.90701198,1.78368661,0.28461202,1.15767073,0.21376244]", "nelder_mead": {"type": "gradient-free", "0": {"maxiter": 100, "fatol": 1e-05, "xatol": 1e-05, "duration": 0.1365053653717041, "fun": "0.3321205361550259", "nit": "100", "nfev": "159", "status": "2", "success": "False", "message": "Maximum number of iterations has been exceeded.", "x": "[ 4.45921329 -0.09841119  0.75832166  0.33011586  3.51384373  0.34983665]", "final_simplex": "(array([[ 4.45921329, -0.09841119,  0.75832166,  0.33011586,  3.51384373,\n         0.34983665],\n       [ 4.52422404, -0.16699973,  0.71165815,  0.33021946,  3.56127177,\n         0.35917701],\n       [ 4.56613702, -0.08847787,  0.72022612,  0.32781228,  3.52472482,\n         0.35654329],\n       [ 4.49974497, -0.08592316,  0.73549264,  0.33441324,  3.4970986 ,\n         0.35429753],\n       [ 4.47578331, -0.10539632,  0.73250062,  0.33920026,  3.48860006,\n         0.35383093],\n       [ 4.51256791, -0.10516324,  0.7084051 ,  0.32973569,  3.56136118,\n         0.3584695 ],\n       [ 4.46319946, -0.19330075,  0.71242146,  0.34106515,  3.54714334,\n         0.36038762]]), array([0.33212054, 0.33246798, 0.33258378, 0.3326323 , 0.33291498,\n       0.33319543, 0.33351182]))", "callback": [0.9487204908450665, 0.8665194528505031, 0.6841720756964372, 0.6565836560866597, 0.6319985615135704, 0.5966089710242619, 0.45885047248623667, 0.3789452973688334, 0.33436837390836793, 0.33402818044103033]}, "1": {"maxiter": 100, "fatol": 1e-05, "xatol": 1e-10, "duration": 0.12459492683410645, "fun": "0.3321205361550259", "nit": "100", "nfev": "159", "status": "2", "success": "False", "message": "Maximum number of iterations has been exceeded.", "x": "[ 4.45921329 -0.09841119  0.75832166  0.33011586  3.51384373  0.34983665]", "final_simplex": "(array([[ 4.45921329, -0.09841119,  0.75832166,  0.33011586,  3.51384373,\n         0.34983665],\n       [ 4.52422404, -0.16699973,  0.71165815,  0.33021946,  3.56127177,\n         0.35917701],\n       [ 4.56613702, -0.08847787,  0.72022612,  0.32781228,  3.52472482,\n         0.35654329],\n       [ 4.49974497, -0.08592316,  0.73549264,  0.33441324,  3.4970986 ,\n         0.35429753],\n       [ 4.47578331, -0.10539632,  0.73250062,  0.33920026,  3.48860006,\n         0.35383093],\n       [ 4.51256791, -0.10516324,  0.7084051 ,  0.32973569,  3.56136118,\n         0.3584695 ],\n       [ 4.46319946, -0.19330075,  0.71242146,  0.34106515,  3.54714334,\n         0.36038762]]), array([0.33212054, 0.33246798, 0.33258378, 0.3326323 , 0.33291498,\n       0.33319543, 0.33351182]))", "callback": [0.9487204908450665, 0.8665194528505031, 0.6841720756964372, 0.6565836560866597, 0.6319985615135704, 0.5966089710242619, 0.45885047248623667, 0.3789452973688334, 0.33436837390836793, 0.33402818044103033]}, "2": {"maxiter": 100, "fatol": 1e-10, "xatol": 1e-05, "duration": 0.1615126132965088, "fun": "0.3321205361550259", "nit": "100", "nfev": "159", "status": "2", "success": "False", "message": "Maximum number of iterations has been exceeded.", "x": "[ 4.45921329 -0.09841119  0.75832166  0.33011586  3.51384373  0.34983665]", "final_simplex": "(array([[ 4.45921329, -0.09841119,  0.75832166,  0.33011586,  3.51384373,\n         0.34983665],\n       [ 4.52422404, -0.16699973,  0.71165815,  0.33021946,  3.56127177,\n         0.35917701],\n       [ 4.56613702, -0.08847787,  0.72022612,  0.32781228,  3.52472482,\n         0.35654329],\n       [ 4.49974497, -0.08592316,  0.73549264,  0.33441324,  3.4970986 ,\n         0.35429753],\n       [ 4.47578331, -0.10539632,  0.73250062,  0.33920026,  3.48860006,\n         0.35383093],\n       [ 4.51256791, -0.10516324,  0.7084051 ,  0.32973569,  3.56136118,\n         0.3584695 ],\n       [ 4.46319946, -0.19330075,  0.71242146,  0.34106515,  3.54714334,\n         0.36038762]]), array([0.33212054, 0.33246798, 0.33258378, 0.3326323 , 0.33291498,\n       0.33319543, 0.33351182]))", "callback": [0.9487204908450665, 0.8665194528505031, 0.6841720756964372, 0.6565836560866597, 0.6319985615135704, 0.5966089710242619, 0.45885047248623667, 0.3789452973688334, 0.33436837390836793, 0.33402818044103033]}, "3": {"maxiter": 100, "fatol": 1e-10, "xatol": 1e-10, "duration": 0.15076184272766113, "fun": "0.3321205361550259", "nit": "100", "nfev": "159", "status": "2", "success": "False", "message": "Maximum number of iterations has been exceeded.", "x": "[ 4.45921329 -0.09841119  0.75832166  0.33011586  3.51384373  0.34983665]", "final_simplex": "(array([[ 4.45921329, -0.09841119,  0.75832166,  0.33011586,  3.51384373,\n         0.34983665],\n       [ 4.52422404, -0.16699973,  0.71165815,  0.33021946,  3.56127177,\n         0.35917701],\n       [ 4.56613702, -0.08847787,  0.72022612,  0.32781228,  3.52472482,\n         0.35654329],\n       [ 4.49974497, -0.08592316,  0.73549264,  0.33441324,  3.4970986 ,\n         0.35429753],\n       [ 4.47578331, -0.10539632,  0.73250062,  0.33920026,  3.48860006,\n         0.35383093],\n       [ 4.51256791, -0.10516324,  0.7084051 ,  0.32973569,  3.56136118,\n         0.3584695 ],\n       [ 4.46319946, -0.19330075,  0.71242146,  0.34106515,  3.54714334,\n         0.36038762]]), array([0.33212054, 0.33246798, 0.33258378, 0.3326323 , 0.33291498,\n       0.33319543, 0.33351182]))", "callback": [0.9487204908450665, 0.8665194528505031, 0.6841720756964372, 0.6565836560866597, 0.6319985615135704, 0.5966089710242619, 0.45885047248623667, 0.3789452973688334, 0.33436837390836793, 0.33402818044103033]}, "4": {"maxiter": 500, "fatol": 1e-05, "xatol": 1e-05, "duration": 0.6730835437774658, "fun": "0.26184656820399266", "nit": "500", "nfev": "781", "status": "2", "success": "False", "message": "Maximum number of iterations has been exceeded.", "x": "[ 4.87508214e+00 -4.87286656e-03  1.06533944e+00  5.60488869e-01\n  4.87968191e+00 -1.28812520e+00]", "final_simplex": "(array([[ 4.87508214e+00, -4.87286656e-03,  1.06533944e+00,\n         5.60488869e-01,  4.87968191e+00, -1.28812520e+00],\n       [ 4.87050886e+00, -1.69140205e-03,  1.06520270e+00,\n         5.60745254e-01,  4.88541316e+00, -1.29086952e+00],\n       [ 4.86688518e+00, -5.30384175e-03,  1.06241112e+00,\n         5.54723135e-01,  4.87760758e+00, -1.28442247e+00],\n       [ 4.87085102e+00, -4.60229370e-03,  1.06230963e+00,\n         5.58196335e-01,  4.88148665e+00, -1.28857386e+00],\n       [ 4.87335638e+00, -3.22374224e-03,  1.06735501e+00,\n         5.57441808e-01,  4.88835493e+00, -1.29701052e+00],\n       [ 4.86845600e+00, -3.22862090e-03,  1.06210122e+00,\n         5.61237444e-01,  4.87605313e+00, -1.28808180e+00],\n       [ 4.86795935e+00, -7.15687160e-03,  1.06634645e+00,\n         5.58545940e-01,  4.87852641e+00, -1.28553568e+00]]), array([0.26184657, 0.26184749, 0.26184801, 0.26184996, 0.26185161,\n       0.26185477, 0.26185478]))", "callback": [0.9487204908450665, 0.8665194528505031, 0.6841720756964372, 0.6565836560866597, 0.6319985615135704, 0.5966089710242619, 0.45885047248623667, 0.3789452973688334, 0.33436837390836793, 0.33402818044103033, 0.3317712317970314, 0.3279420417944283, 0.32399023063843513, 0.3238913171205241, 0.3236566618161866, 0.32333636470004734, 0.3222817904065942, 0.319428104509358, 0.3152170220279069, 0.3135330191202844, 0.3128555901224409, 0.3126703947949204, 0.312641048217159, 0.31262939783297894, 0.3126229825273714, 0.31262085944769835, 0.31261945059838114, 0.312616693581668, 0.3126078652317327, 0.31255995154064287, 0.3125098544106343, 0.31245044990749926, 0.31236010980977336, 0.31186140241499005, 0.31073710487104345, 0.3072870243989907, 0.2927217687697037, 0.2800031912198433, 0.2704927557557436, 0.2678664995517974, 0.2659732300830687, 0.26387194276524917, 0.2630990200133194, 0.26270681094357007, 0.26266722979289014, 0.2622711545609935, 0.2620332709544665, 0.26192143982028504, 0.26187253212461215, 0.26185500088250646]}, "5": {"maxiter": 500, "fatol": 1e-05, "xatol": 1e-10, "duration": 0.7337124347686768, "fun": "0.26184656820399266", "nit": "500", "nfev": "781", "status": "2", "success": "False", "message": "Maximum number of iterations has been exceeded.", "x": "[ 4.87508214e+00 -4.87286656e-03  1.06533944e+00  5.60488869e-01\n  4.87968191e+00 -1.28812520e+00]", "final_simplex": "(array([[ 4.87508214e+00, -4.87286656e-03,  1.06533944e+00,\n         5.60488869e-01,  4.87968191e+00, -1.28812520e+00],\n       [ 4.87050886e+00, -1.69140205e-03,  1.06520270e+00,\n         5.60745254e-01,  4.88541316e+00, -1.29086952e+00],\n       [ 4.86688518e+00, -5.30384175e-03,  1.06241112e+00,\n         5.54723135e-01,  4.87760758e+00, -1.28442247e+00],\n       [ 4.87085102e+00, -4.60229370e-03,  1.06230963e+00,\n         5.58196335e-01,  4.88148665e+00, -1.28857386e+00],\n       [ 4.87335638e+00, -3.22374224e-03,  1.06735501e+00,\n         5.57441808e-01,  4.88835493e+00, -1.29701052e+00],\n       [ 4.86845600e+00, -3.22862090e-03,  1.06210122e+00,\n         5.61237444e-01,  4.87605313e+00, -1.28808180e+00],\n       [ 4.86795935e+00, -7.15687160e-03,  1.06634645e+00,\n         5.58545940e-01,  4.87852641e+00, -1.28553568e+00]]), array([0.26184657, 0.26184749, 0.26184801, 0.26184996, 0.26185161,\n       0.26185477, 0.26185478]))", "callback": [0.9487204908450665, 0.8665194528505031, 0.6841720756964372, 0.6565836560866597, 0.6319985615135704, 0.5966089710242619, 0.45885047248623667, 0.3789452973688334, 0.33436837390836793, 0.33402818044103033, 0.3317712317970314, 0.3279420417944283, 0.32399023063843513, 0.3238913171205241, 0.3236566618161866, 0.32333636470004734, 0.3222817904065942, 0.319428104509358, 0.3152170220279069, 0.3135330191202844, 0.3128555901224409, 0.3126703947949204, 0.312641048217159, 0.31262939783297894, 0.3126229825273714, 0.31262085944769835, 0.31261945059838114, 0.312616693581668, 0.3126078652317327, 0.31255995154064287, 0.3125098544106343, 0.31245044990749926, 0.31236010980977336, 0.31186140241499005, 0.31073710487104345, 0.3072870243989907, 0.2927217687697037, 0.2800031912198433, 0.2704927557557436, 0.2678664995517974, 0.2659732300830687, 0.26387194276524917, 0.2630990200133194, 0.26270681094357007, 0.26266722979289014, 0.2622711545609935, 0.2620332709544665, 0.26192143982028504, 0.26187253212461215, 0.26185500088250646]}, "6": {"maxiter": 500, "fatol": 1e-10, "xatol": 1e-05, "duration": 0.6097273826599121, "fun": "0.26184656820399266", "nit": "500", "nfev": "781", "status": "2", "success": "False", "message": "Maximum number of iterations has been exceeded.", "x": "[ 4.87508214e+00 -4.87286656e-03  1.06533944e+00  5.60488869e-01\n  4.87968191e+00 -1.28812520e+00]", "final_simplex": "(array([[ 4.87508214e+00, -4.87286656e-03,  1.06533944e+00,\n         5.60488869e-01,  4.87968191e+00, -1.28812520e+00],\n       [ 4.87050886e+00, -1.69140205e-03,  1.06520270e+00,\n         5.60745254e-01,  4.88541316e+00, -1.29086952e+00],\n       [ 4.86688518e+00, -5.30384175e-03,  1.06241112e+00,\n         5.54723135e-01,  4.87760758e+00, -1.28442247e+00],\n       [ 4.87085102e+00, -4.60229370e-03,  1.06230963e+00,\n         5.58196335e-01,  4.88148665e+00, -1.28857386e+00],\n       [ 4.87335638e+00, -3.22374224e-03,  1.06735501e+00,\n         5.57441808e-01,  4.88835493e+00, -1.29701052e+00],\n       [ 4.86845600e+00, -3.22862090e-03,  1.06210122e+00,\n         5.61237444e-01,  4.87605313e+00, -1.28808180e+00],\n       [ 4.86795935e+00, -7.15687160e-03,  1.06634645e+00,\n         5.58545940e-01,  4.87852641e+00, -1.28553568e+00]]), array([0.26184657, 0.26184749, 0.26184801, 0.26184996, 0.26185161,\n       0.26185477, 0.26185478]))", "callback": [0.9487204908450665, 0.8665194528505031, 0.6841720756964372, 0.6565836560866597, 0.6319985615135704, 0.5966089710242619, 0.45885047248623667, 0.3789452973688334, 0.33436837390836793, 0.33402818044103033, 0.3317712317970314, 0.3279420417944283, 0.32399023063843513, 0.3238913171205241, 0.3236566618161866, 0.32333636470004734, 0.3222817904065942, 0.319428104509358, 0.3152170220279069, 0.3135330191202844, 0.3128555901224409, 0.3126703947949204, 0.312641048217159, 0.31262939783297894, 0.3126229825273714, 0.31262085944769835, 0.31261945059838114, 0.312616693581668, 0.3126078652317327, 0.31255995154064287, 0.3125098544106343, 0.31245044990749926, 0.31236010980977336, 0.31186140241499005, 0.31073710487104345, 0.3072870243989907, 0.2927217687697037, 0.2800031912198433, 0.2704927557557436, 0.2678664995517974, 0.2659732300830687, 0.26387194276524917, 0.2630990200133194, 0.26270681094357007, 0.26266722979289014, 0.2622711545609935, 0.2620332709544665, 0.26192143982028504, 0.26187253212461215, 0.26185500088250646]}, "7": {"maxiter": 500, "fatol": 1e-10, "xatol": 1e-10, "duration": 0.6115353107452393, "fun": "0.26184656820399266", "nit": "500", "nfev": "781", "status": "2", "success": "False", "message": "Maximum number of iterations has been exceeded.", "x": "[ 4.87508214e+00 -4.87286656e-03  1.06533944e+00  5.60488869e-01\n  4.87968191e+00 -1.28812520e+00]", "final_simplex": "(array([[ 4.87508214e+00, -4.87286656e-03,  1.06533944e+00,\n         5.60488869e-01,  4.87968191e+00, -1.28812520e+00],\n       [ 4.87050886e+00, -1.69140205e-03,  1.06520270e+00,\n         5.60745254e-01,  4.88541316e+00, -1.29086952e+00],\n       [ 4.86688518e+00, -5.30384175e-03,  1.06241112e+00,\n         5.54723135e-01,  4.87760758e+00, -1.28442247e+00],\n       [ 4.87085102e+00, -4.60229370e-03,  1.06230963e+00,\n         5.58196335e-01,  4.88148665e+00, -1.28857386e+00],\n       [ 4.87335638e+00, -3.22374224e-03,  1.06735501e+00,\n         5.57441808e-01,  4.88835493e+00, -1.29701052e+00],\n       [ 4.86845600e+00, -3.22862090e-03,  1.06210122e+00,\n         5.61237444e-01,  4.87605313e+00, -1.28808180e+00],\n       [ 4.86795935e+00, -7.15687160e-03,  1.06634645e+00,\n         5.58545940e-01,  4.87852641e+00, -1.28553568e+00]]), array([0.26184657, 0.26184749, 0.26184801, 0.26184996, 0.26185161,\n       0.26185477, 0.26185478]))", "callback": [0.9487204908450665, 0.8665194528505031, 0.6841720756964372, 0.6565836560866597, 0.6319985615135704, 0.5966089710242619, 0.45885047248623667, 0.3789452973688334, 0.33436837390836793, 0.33402818044103033, 0.3317712317970314, 0.3279420417944283, 0.32399023063843513, 0.3238913171205241, 0.3236566618161866, 0.32333636470004734, 0.3222817904065942, 0.319428104509358, 0.3152170220279069, 0.3135330191202844, 0.3128555901224409, 0.3126703947949204, 0.312641048217159, 0.31262939783297894, 0.3126229825273714, 0.31262085944769835, 0.31261945059838114, 0.312616693581668, 0.3126078652317327, 0.31255995154064287, 0.3125098544106343, 0.31245044990749926, 0.31236010980977336, 0.31186140241499005, 0.31073710487104345, 0.3072870243989907, 0.2927217687697037, 0.2800031912198433, 0.2704927557557436, 0.2678664995517974, 0.2659732300830687, 0.26387194276524917, 0.2630990200133194, 0.26270681094357007, 0.26266722979289014, 0.2622711545609935, 0.2620332709544665, 0.26192143982028504, 0.26187253212461215, 0.26185500088250646]}, "8": {"maxiter": 1000, "fatol": 1e-05, "xatol": 1e-05, "duration": 0.9511208534240723, "fun": "0.26178425394006943", "nit": "625", "nfev": "992", "status": "0", "success": "True", "message": "Optimization terminated successfully.", "x": "[ 4.88329603  0.01154843  1.0777711   0.55726457  4.85371556 -1.27359503]", "final_simplex": "(array([[ 4.88329603,  0.01154843,  1.0777711 ,  0.55726457,  4.85371556,\n        -1.27359503],\n       [ 4.88329766,  0.01155211,  1.07777205,  0.55726588,  4.85371702,\n        -1.27359694],\n       [ 4.88329242,  0.01155269,  1.0777741 ,  0.55726346,  4.85371721,\n        -1.273596  ],\n       [ 4.88329186,  0.01155042,  1.0777716 ,  0.55726033,  4.85371856,\n        -1.27359992],\n       [ 4.88328639,  0.01155066,  1.07776978,  0.5572634 ,  4.85372191,\n        -1.27359464],\n       [ 4.88329008,  0.01155045,  1.07777006,  0.55726379,  4.85371316,\n        -1.2735959 ],\n       [ 4.88329313,  0.0115487 ,  1.07777216,  0.55726111,  4.85371185,\n        -1.27358911]]), array([0.26178425, 0.26178425, 0.26178425, 0.26178425, 0.26178425,\n       0.26178425, 0.26178425]))", "callback": [0.9487204908450665, 0.8665194528505031, 0.6841720756964372, 0.6565836560866597, 0.6319985615135704, 0.5966089710242619, 0.45885047248623667, 0.3789452973688334, 0.33436837390836793, 0.33402818044103033, 0.3317712317970314, 0.3279420417944283, 0.32399023063843513, 0.3238913171205241, 0.3236566618161866, 0.32333636470004734, 0.3222817904065942, 0.319428104509358, 0.3152170220279069, 0.3135330191202844, 0.3128555901224409, 0.3126703947949204, 0.312641048217159, 0.31262939783297894, 0.3126229825273714, 0.31262085944769835, 0.31261945059838114, 0.312616693581668, 0.3126078652317327, 0.31255995154064287, 0.3125098544106343, 0.31245044990749926, 0.31236010980977336, 0.31186140241499005, 0.31073710487104345, 0.3072870243989907, 0.2927217687697037, 0.2800031912198433, 0.2704927557557436, 0.2678664995517974, 0.2659732300830687, 0.26387194276524917, 0.2630990200133194, 0.26270681094357007, 0.26266722979289014, 0.2622711545609935, 0.2620332709544665, 0.26192143982028504, 0.26187253212461215, 0.26185500088250646, 0.26184392246948207, 0.2618233226348399, 0.26179816703491576, 0.2617893031854699, 0.2617874159374898, 0.26178456654078575, 0.26178433183684524, 0.26178427721199937, 0.26178425584988274, 0.26178425443635134, 0.2617842540571266, 0.2617842539625127, 0.2617842539411749]}, "9": {"maxiter": 1000, "fatol": 1e-05, "xatol": 1e-10, "duration": 1.0454726219177246, "fun": "0.2617842539323513", "nit": "774", "nfev": "1286", "status": "0", "success": "True", "message": "Optimization terminated successfully.", "x": "[ 4.88329159  0.01154676  1.07777091  0.55726583  4.85372634 -1.27360252]", "final_simplex": "(array([[ 4.88329159,  0.01154676,  1.07777091,  0.55726583,  4.85372634,\n        -1.27360252],\n       [ 4.88329159,  0.01154676,  1.07777091,  0.55726583,  4.85372634,\n        -1.27360252],\n       [ 4.88329159,  0.01154676,  1.07777091,  0.55726583,  4.85372634,\n        -1.27360252],\n       [ 4.88329159,  0.01154676,  1.07777091,  0.55726583,  4.85372634,\n        -1.27360252],\n       [ 4.88329159,  0.01154676,  1.07777091,  0.55726583,  4.85372634,\n        -1.27360252],\n       [ 4.88329159,  0.01154676,  1.07777091,  0.55726583,  4.85372634,\n        -1.27360252],\n       [ 4.88329159,  0.01154676,  1.07777091,  0.55726583,  4.85372634,\n        -1.27360252]]), array([0.26178425, 0.26178425, 0.26178425, 0.26178425, 0.26178425,\n       0.26178425, 0.26178425]))", "callback": [0.9487204908450665, 0.8665194528505031, 0.6841720756964372, 0.6565836560866597, 0.6319985615135704, 0.5966089710242619, 0.45885047248623667, 0.3789452973688334, 0.33436837390836793, 0.33402818044103033, 0.3317712317970314, 0.3279420417944283, 0.32399023063843513, 0.3238913171205241, 0.3236566618161866, 0.32333636470004734, 0.3222817904065942, 0.319428104509358, 0.3152170220279069, 0.3135330191202844, 0.3128555901224409, 0.3126703947949204, 0.312641048217159, 0.31262939783297894, 0.3126229825273714, 0.31262085944769835, 0.31261945059838114, 0.312616693581668, 0.3126078652317327, 0.31255995154064287, 0.3125098544106343, 0.31245044990749926, 0.31236010980977336, 0.31186140241499005, 0.31073710487104345, 0.3072870243989907, 0.2927217687697037, 0.2800031912198433, 0.2704927557557436, 0.2678664995517974, 0.2659732300830687, 0.26387194276524917, 0.2630990200133194, 0.26270681094357007, 0.26266722979289014, 0.2622711545609935, 0.2620332709544665, 0.26192143982028504, 0.26187253212461215, 0.26185500088250646, 0.26184392246948207, 0.2618233226348399, 0.26179816703491576, 0.2617893031854699, 0.2617874159374898, 0.26178456654078575, 0.26178433183684524, 0.26178427721199937, 0.26178425584988274, 0.26178425443635134, 0.2617842540571266, 0.2617842539625127, 0.2617842539411749, 0.26178425393554516, 0.26178425393335536, 0.26178425393335536, 0.261784253933083, 0.26178425393285243, 0.26178425393259397, 0.26178425393244775, 0.2617842539323926, 0.2617842539323616, 0.2617842539323548, 0.26178425393235194, 0.2617842539323514, 0.2617842539323513, 0.2617842539323513, 0.2617842539323513]}, "10": {"maxiter": 1000, "fatol": 1e-10, "xatol": 1e-05, "duration": 1.3934361934661865, "fun": "0.26178425394006943", "nit": "625", "nfev": "992", "status": "0", "success": "True", "message": "Optimization terminated successfully.", "x": "[ 4.88329603  0.01154843  1.0777711   0.55726457  4.85371556 -1.27359503]", "final_simplex": "(array([[ 4.88329603,  0.01154843,  1.0777711 ,  0.55726457,  4.85371556,\n        -1.27359503],\n       [ 4.88329766,  0.01155211,  1.07777205,  0.55726588,  4.85371702,\n        -1.27359694],\n       [ 4.88329242,  0.01155269,  1.0777741 ,  0.55726346,  4.85371721,\n        -1.273596  ],\n       [ 4.88329186,  0.01155042,  1.0777716 ,  0.55726033,  4.85371856,\n        -1.27359992],\n       [ 4.88328639,  0.01155066,  1.07776978,  0.5572634 ,  4.85372191,\n        -1.27359464],\n       [ 4.88329008,  0.01155045,  1.07777006,  0.55726379,  4.85371316,\n        -1.2735959 ],\n       [ 4.88329313,  0.0115487 ,  1.07777216,  0.55726111,  4.85371185,\n        -1.27358911]]), array([0.26178425, 0.26178425, 0.26178425, 0.26178425, 0.26178425,\n       0.26178425, 0.26178425]))", "callback": [0.9487204908450665, 0.8665194528505031, 0.6841720756964372, 0.6565836560866597, 0.6319985615135704, 0.5966089710242619, 0.45885047248623667, 0.3789452973688334, 0.33436837390836793, 0.33402818044103033, 0.3317712317970314, 0.3279420417944283, 0.32399023063843513, 0.3238913171205241, 0.3236566618161866, 0.32333636470004734, 0.3222817904065942, 0.319428104509358, 0.3152170220279069, 0.3135330191202844, 0.3128555901224409, 0.3126703947949204, 0.312641048217159, 0.31262939783297894, 0.3126229825273714, 0.31262085944769835, 0.31261945059838114, 0.312616693581668, 0.3126078652317327, 0.31255995154064287, 0.3125098544106343, 0.31245044990749926, 0.31236010980977336, 0.31186140241499005, 0.31073710487104345, 0.3072870243989907, 0.2927217687697037, 0.2800031912198433, 0.2704927557557436, 0.2678664995517974, 0.2659732300830687, 0.26387194276524917, 0.2630990200133194, 0.26270681094357007, 0.26266722979289014, 0.2622711545609935, 0.2620332709544665, 0.26192143982028504, 0.26187253212461215, 0.26185500088250646, 0.26184392246948207, 0.2618233226348399, 0.26179816703491576, 0.2617893031854699, 0.2617874159374898, 0.26178456654078575, 0.26178433183684524, 0.26178427721199937, 0.26178425584988274, 0.26178425443635134, 0.2617842540571266, 0.2617842539625127, 0.2617842539411749]}, "11": {"maxiter": 1000, "fatol": 1e-10, "xatol": 1e-10, "duration": 1.574861764907837, "fun": "0.2617842539323513", "nit": "774", "nfev": "1286", "status": "0", "success": "True", "message": "Optimization terminated successfully.", "x": "[ 4.88329159  0.01154676  1.07777091  0.55726583  4.85372634 -1.27360252]", "final_simplex": "(array([[ 4.88329159,  0.01154676,  1.07777091,  0.55726583,  4.85372634,\n        -1.27360252],\n       [ 4.88329159,  0.01154676,  1.07777091,  0.55726583,  4.85372634,\n        -1.27360252],\n       [ 4.88329159,  0.01154676,  1.07777091,  0.55726583,  4.85372634,\n        -1.27360252],\n       [ 4.88329159,  0.01154676,  1.07777091,  0.55726583,  4.85372634,\n        -1.27360252],\n       [ 4.88329159,  0.01154676,  1.07777091,  0.55726583,  4.85372634,\n        -1.27360252],\n       [ 4.88329159,  0.01154676,  1.07777091,  0.55726583,  4.85372634,\n        -1.27360252],\n       [ 4.88329159,  0.01154676,  1.07777091,  0.55726583,  4.85372634,\n        -1.27360252]]), array([0.26178425, 0.26178425, 0.26178425, 0.26178425, 0.26178425,\n       0.26178425, 0.26178425]))", "callback": [0.9487204908450665, 0.8665194528505031, 0.6841720756964372, 0.6565836560866597, 0.6319985615135704, 0.5966089710242619, 0.45885047248623667, 0.3789452973688334, 0.33436837390836793, 0.33402818044103033, 0.3317712317970314, 0.3279420417944283, 0.32399023063843513, 0.3238913171205241, 0.3236566618161866, 0.32333636470004734, 0.3222817904065942, 0.319428104509358, 0.3152170220279069, 0.3135330191202844, 0.3128555901224409, 0.3126703947949204, 0.312641048217159, 0.31262939783297894, 0.3126229825273714, 0.31262085944769835, 0.31261945059838114, 0.312616693581668, 0.3126078652317327, 0.31255995154064287, 0.3125098544106343, 0.31245044990749926, 0.31236010980977336, 0.31186140241499005, 0.31073710487104345, 0.3072870243989907, 0.2927217687697037, 0.2800031912198433, 0.2704927557557436, 0.2678664995517974, 0.2659732300830687, 0.26387194276524917, 0.2630990200133194, 0.26270681094357007, 0.26266722979289014, 0.2622711545609935, 0.2620332709544665, 0.26192143982028504, 0.26187253212461215, 0.26185500088250646, 0.26184392246948207, 0.2618233226348399, 0.26179816703491576, 0.2617893031854699, 0.2617874159374898, 0.26178456654078575, 0.26178433183684524, 0.26178427721199937, 0.26178425584988274, 0.26178425443635134, 0.2617842540571266, 0.2617842539625127, 0.2617842539411749, 0.26178425393554516, 0.26178425393335536, 0.26178425393335536, 0.261784253933083, 0.26178425393285243, 0.26178425393259397, 0.26178425393244775, 0.2617842539323926, 0.2617842539323616, 0.2617842539323548, 0.26178425393235194, 0.2617842539323514, 0.2617842539323513, 0.2617842539323513, 0.2617842539323513]}}, "bfgs": {"type": "gradient", "0": {"maxiter": 100, "gtol": 1e-05, "xrtol": 1e-05, "eps": 1e-05, "duration": 0.3098628520965576, "fun": "0.2617842539625955", "jac": "[ 4.70035122e-07  5.97999428e-07  1.09278142e-06 -2.33382202e-06\n  2.11675122e-07  6.64313049e-07]", "hess_inv": "[[ 7.07913306e+00  1.72286252e+00  2.94108197e+00  4.99171635e-01\n   1.07196690e-01 -2.32401815e+00]\n [ 1.72286252e+00  3.96948053e+00  1.12875577e+00 -1.12925666e-02\n  -4.15159297e-01 -1.82475589e+00]\n [ 2.94108197e+00  1.12875577e+00  5.42561683e+00  4.40706217e-01\n  -2.95608475e+00 -1.27468134e-01]\n [ 4.99171635e-01 -1.12925666e-02  4.40706217e-01  3.20790045e+00\n  -1.38826930e+00  1.17766711e+00]\n [ 1.07196690e-01 -4.15159297e-01 -2.95608475e+00 -1.38826930e+00\n   1.68634110e+01 -1.38159276e+01]\n [-2.32401815e+00 -1.82475589e+00 -1.27468134e-01  1.17766711e+00\n  -1.38159276e+01  1.61528372e+01]]", "nfev": "392", "njev": "56", "status": "0", "success": "True", "message": "Optimization terminated successfully.", "x": "[ 4.88328466  6.29472901  1.07776776  0.55725396 -1.42946346 -1.273599  ]", "nit": "37", "callback": [0.8581917178353302, 0.8273051562751508, 0.8110323269779011, 0.7832026704003964, 0.7399707912927549, 0.6973402075024973, 0.669133508387117, 0.6175031801130653, 0.5363476900094869, 0.5048578519313005, 0.4624228126577783, 0.42167875991183945, 0.39733893533818376, 0.3833226662618402, 0.38273220194142277, 0.38198442462485493, 0.380732739394962, 0.3789305603817229, 0.37812259595789355, 0.3779902996986303, 0.37796978791029257, 0.37796915285289046, 0.3779679943116193, 0.3779581539383574, 0.3500753770533316, 0.3500735327064006, 0.3311345067833589, 0.29931482256016817, 0.27146124736443755, 0.2689118349239683, 0.26589379888333764, 0.26326824774884594, 0.2624395339526753, 0.26179292303142043, 0.26178451662305857, 0.261784256604801, 0.2617842539625955]}, "1": {"maxiter": 100, "gtol": 1e-05, "xrtol": 1e-05, "eps": 1e-10, "duration": 0.34575438499450684, "fun": "0.2617842540000681", "jac": "[ 0.00000000e+00  3.33066880e-06  4.44089173e-06  2.22044587e-06\n  4.44089173e-06 -1.11022293e-06]", "hess_inv": "[[  7.11828387   1.66382447   3.0046077    0.51252265   0.20371873\n   -2.39831573]\n [  1.66382447   3.96535907   1.11928989  -0.02765014  -0.41470349\n   -1.83300878]\n [  3.0046077    1.11928989   5.46176932   0.4775783   -2.92327837\n   -0.18469365]\n [  0.51252265  -0.02765014   0.4775783    3.18780874  -1.40584624\n    1.20178311]\n [  0.20371873  -0.41470349  -2.92327837  -1.40584624  16.95152965\n  -13.91623731]\n [ -2.39831573  -1.83300878  -0.18469365   1.20178311 -13.91623731\n   16.27991626]]", "nfev": "392", "njev": "56", "status": "0", "success": "True", "message": "Optimization terminated successfully.", "x": "[ 4.88330242  6.29474113  1.07777579  0.55726591 -1.42942078 -1.27363872]", "nit": "37", "callback": [0.8581895544406803, 0.8273038726245068, 0.8110307601733919, 0.7832007571969127, 0.7399685669233282, 0.6973365450455311, 0.6691273147209467, 0.6174940047866007, 0.5363385436273072, 0.5048382396252935, 0.4624059696231506, 0.42166252347224775, 0.3973331361299839, 0.3833225985648261, 0.38273214903299946, 0.3819846199369962, 0.3807332748247526, 0.3789311079678167, 0.3781224588272193, 0.3779902339189174, 0.3779696802923891, 0.37796903698552053, 0.37796786767690427, 0.3779579721294126, 0.35074437008862214, 0.3507424492903436, 0.3310390184366905, 0.2981986717412527, 0.27159124183377137, 0.26865802664609006, 0.2657727918325542, 0.2631548865403275, 0.26238387358393656, 0.26179106189384616, 0.2617844084415638, 0.2617842552711336, 0.2617842540000681]}, "2": {"maxiter": 100, "gtol": 1e-05, "xrtol": 1e-10, "eps": 1e-05, "duration": 0.3526334762573242, "fun": "0.2617842539625955", "jac": "[ 4.70035122e-07  5.97999428e-07  1.09278142e-06 -2.33382202e-06\n  2.11675122e-07  6.64313049e-07]", "hess_inv": "[[ 7.07913306e+00  1.72286252e+00  2.94108197e+00  4.99171635e-01\n   1.07196690e-01 -2.32401815e+00]\n [ 1.72286252e+00  3.96948053e+00  1.12875577e+00 -1.12925666e-02\n  -4.15159297e-01 -1.82475589e+00]\n [ 2.94108197e+00  1.12875577e+00  5.42561683e+00  4.40706217e-01\n  -2.95608475e+00 -1.27468134e-01]\n [ 4.99171635e-01 -1.12925666e-02  4.40706217e-01  3.20790045e+00\n  -1.38826930e+00  1.17766711e+00]\n [ 1.07196690e-01 -4.15159297e-01 -2.95608475e+00 -1.38826930e+00\n   1.68634110e+01 -1.38159276e+01]\n [-2.32401815e+00 -1.82475589e+00 -1.27468134e-01  1.17766711e+00\n  -1.38159276e+01  1.61528372e+01]]", "nfev": "392", "njev": "56", "status": "0", "success": "True", "message": "Optimization terminated successfully.", "x": "[ 4.88328466  6.29472901  1.07776776  0.55725396 -1.42946346 -1.273599  ]", "nit": "37", "callback": [0.8581917178353302, 0.8273051562751508, 0.8110323269779011, 0.7832026704003964, 0.7399707912927549, 0.6973402075024973, 0.669133508387117, 0.6175031801130653, 0.5363476900094869, 0.5048578519313005, 0.4624228126577783, 0.42167875991183945, 0.39733893533818376, 0.3833226662618402, 0.38273220194142277, 0.38198442462485493, 0.380732739394962, 0.3789305603817229, 0.37812259595789355, 0.3779902996986303, 0.37796978791029257, 0.37796915285289046, 0.3779679943116193, 0.3779581539383574, 0.3500753770533316, 0.3500735327064006, 0.3311345067833589, 0.29931482256016817, 0.27146124736443755, 0.2689118349239683, 0.26589379888333764, 0.26326824774884594, 0.2624395339526753, 0.26179292303142043, 0.26178451662305857, 0.261784256604801, 0.2617842539625955]}, "3": {"maxiter": 100, "gtol": 1e-05, "xrtol": 1e-10, "eps": 1e-10, "duration": 0.4190506935119629, "fun": "0.2617842540000681", "jac": "[ 0.00000000e+00  3.33066880e-06  4.44089173e-06  2.22044587e-06\n  4.44089173e-06 -1.11022293e-06]", "hess_inv": "[[  7.11828387   1.66382447   3.0046077    0.51252265   0.20371873\n   -2.39831573]\n [  1.66382447   3.96535907   1.11928989  -0.02765014  -0.41470349\n   -1.83300878]\n [  3.0046077    1.11928989   5.46176932   0.4775783   -2.92327837\n   -0.18469365]\n [  0.51252265  -0.02765014   0.4775783    3.18780874  -1.40584624\n    1.20178311]\n [  0.20371873  -0.41470349  -2.92327837  -1.40584624  16.95152965\n  -13.91623731]\n [ -2.39831573  -1.83300878  -0.18469365   1.20178311 -13.91623731\n   16.27991626]]", "nfev": "392", "njev": "56", "status": "0", "success": "True", "message": "Optimization terminated successfully.", "x": "[ 4.88330242  6.29474113  1.07777579  0.55726591 -1.42942078 -1.27363872]", "nit": "37", "callback": [0.8581895544406803, 0.8273038726245068, 0.8110307601733919, 0.7832007571969127, 0.7399685669233282, 0.6973365450455311, 0.6691273147209467, 0.6174940047866007, 0.5363385436273072, 0.5048382396252935, 0.4624059696231506, 0.42166252347224775, 0.3973331361299839, 0.3833225985648261, 0.38273214903299946, 0.3819846199369962, 0.3807332748247526, 0.3789311079678167, 0.3781224588272193, 0.3779902339189174, 0.3779696802923891, 0.37796903698552053, 0.37796786767690427, 0.3779579721294126, 0.35074437008862214, 0.3507424492903436, 0.3310390184366905, 0.2981986717412527, 0.27159124183377137, 0.26865802664609006, 0.2657727918325542, 0.2631548865403275, 0.26238387358393656, 0.26179106189384616, 0.2617844084415638, 0.2617842552711336, 0.2617842540000681]}, "4": {"maxiter": 100, "gtol": 1e-10, "xrtol": 1e-05, "eps": 1e-05, "duration": 0.30823826789855957, "fun": "0.26178425395322436", "jac": "[ 2.20379270e-08  7.27640170e-08 -1.66422431e-08  7.98139332e-08\n  4.52304860e-08  6.76236844e-08]", "hess_inv": "[[  6.98131414   1.66023217   2.81597976   0.62350438   0.22123474\n   -2.37732156]\n [  1.66023217   3.93411011   1.04844774   0.04383996  -0.3735081\n   -1.83641895]\n [  2.81597976   1.04844774   5.26563084   0.60079912  -2.80885337\n   -0.1966317 ]\n [  0.62350438   0.04383996   0.60079912   3.17650364  -1.37092989\n    1.12917416]\n [  0.22123474  -0.3735081   -2.80885337  -1.37092989  16.93843987\n  -13.90275586]\n [ -2.37732156  -1.83641895  -0.1966317    1.12917416 -13.90275586\n   16.23049609]]", "nfev": "399", "njev": "57", "status": "0", "success": "True", "message": "Optimization terminated successfully.", "x": "[ 4.88328029  6.29472613  1.07776218  0.55725994 -1.42945782 -1.27360177]", "nit": "38", "callback": [0.8581917178353302, 0.8273051562751508, 0.8110323269779011, 0.7832026704003964, 0.7399707912927549, 0.6973402075024973, 0.669133508387117, 0.6175031801130653, 0.5363476900094869, 0.5048578519313005, 0.4624228126577783, 0.42167875991183945, 0.39733893533818376, 0.3833226662618402, 0.38273220194142277, 0.38198442462485493, 0.380732739394962, 0.3789305603817229, 0.37812259595789355, 0.3779902996986303, 0.37796978791029257, 0.37796915285289046, 0.3779679943116193, 0.3779581539383574, 0.3500753770533316, 0.3500735327064006, 0.3311345067833589, 0.29931482256016817, 0.27146124736443755, 0.2689118349239683, 0.26589379888333764, 0.26326824774884594, 0.2624395339526753, 0.26179292303142043, 0.26178451662305857, 0.261784256604801, 0.2617842539625955, 0.26178425395322436]}, "5": {"maxiter": 100, "gtol": 1e-10, "xrtol": 1e-05, "eps": 1e-10, "duration": 0.44183826446533203, "fun": "0.2617842539604537", "jac": "[2.22044587e-06 2.22044587e-06 2.22044587e-06 1.11022293e-06\n 2.22044587e-06 3.33066880e-06]", "hess_inv": "[[  9.31151869   3.30466126   4.4527791    0.624059     3.9778084\n   -7.10295362]\n [  3.30466126   5.18804432   2.18945301   0.05449704   2.09608386\n   -5.0318562 ]\n [  4.4527791    2.18945301   6.52359985   0.52793749  -0.03842653\n   -3.69029833]\n [  0.624059     0.05449704   0.52793749   3.19589367  -1.47034033\n    1.22506844]\n [  3.9778084    2.09608386  -0.03842653  -1.47034033  14.3133562\n  -12.60835654]\n [ -7.10295362  -5.0318562   -3.69029833   1.22506844 -12.60835654\n   16.68933402]]", "nfev": "497", "njev": "71", "status": "0", "success": "True", "message": "Optimization terminated successfully.", "x": "[ 4.88328873  6.29472937  1.07777001  0.55726379 -1.4294766  -1.27357604]", "nit": "39", "callback": [0.8581895544406803, 0.8273038726245068, 0.8110307601733919, 0.7832007571969127, 0.7399685669233282, 0.6973365450455311, 0.6691273147209467, 0.6174940047866007, 0.5363385436273072, 0.5048382396252935, 0.4624059696231506, 0.42166252347224775, 0.3973331361299839, 0.3833225985648261, 0.38273214903299946, 0.3819846199369962, 0.3807332748247526, 0.3789311079678167, 0.3781224588272193, 0.3779902339189174, 0.3779696802923891, 0.37796903698552053, 0.37796786767690427, 0.3779579721294126, 0.35074437008862214, 0.3507424492903436, 0.3310390184366905, 0.2981986717412527, 0.27159124183377137, 0.26865802664609006, 0.2657727918325542, 0.2631548865403275, 0.26238387358393656, 0.26179106189384616, 0.2617844084415638, 0.2617842552711336, 0.2617842540000681, 0.2617842539604537, 0.2617842539604537]}, "6": {"maxiter": 100, "gtol": 1e-10, "xrtol": 1e-10, "eps": 1e-05, "duration": 0.5367317199707031, "fun": "0.26178425395322436", "jac": "[ 2.20379270e-08  7.27640170e-08 -1.66422431e-08  7.98139332e-08\n  4.52304860e-08  6.76236844e-08]", "hess_inv": "[[  7.0378121    1.71230389   2.85233489   0.62504143   0.13148013\n   -2.28940772]\n [  1.71230389   3.97821502   1.09135928   0.02455348  -0.45183994\n   -1.76903427]\n [  2.85233489   1.09135928   5.2662721    0.65187494  -2.87723165\n   -0.10705802]\n [  0.62504143   0.02455348   0.65187494   3.06628532  -1.34998581\n    1.05891333]\n [  0.13148013  -0.45183994  -2.87723165  -1.34998581  17.076067\n  -14.02700936]\n [ -2.28940772  -1.76903427  -0.10705802   1.05891333 -14.02700936\n   16.3194225 ]]", "nfev": "621", "njev": "87", "status": "2", "success": "False", "message": "Desired error not necessarily achieved due to precision loss.", "x": "[ 4.88328029  6.29472613  1.07776218  0.55725994 -1.42945782 -1.27360177]", "nit": "38", "callback": [0.8581917178353302, 0.8273051562751508, 0.8110323269779011, 0.7832026704003964, 0.7399707912927549, 0.6973402075024973, 0.669133508387117, 0.6175031801130653, 0.5363476900094869, 0.5048578519313005, 0.4624228126577783, 0.42167875991183945, 0.39733893533818376, 0.3833226662618402, 0.38273220194142277, 0.38198442462485493, 0.380732739394962, 0.3789305603817229, 0.37812259595789355, 0.3779902996986303, 0.37796978791029257, 0.37796915285289046, 0.3779679943116193, 0.3779581539383574, 0.3500753770533316, 0.3500735327064006, 0.3311345067833589, 0.29931482256016817, 0.27146124736443755, 0.2689118349239683, 0.26589379888333764, 0.26326824774884594, 0.2624395339526753, 0.26179292303142043, 0.26178451662305857, 0.261784256604801, 0.2617842539625955, 0.26178425395322436]}, "7": {"maxiter": 100, "gtol": 1e-10, "xrtol": 1e-10, "eps": 1e-10, "duration": 0.40142107009887695, "fun": "0.2617842539604537", "jac": "[2.22044587e-06 2.22044587e-06 2.22044587e-06 1.11022293e-06\n 2.22044587e-06 3.33066880e-06]", "hess_inv": "[[  9.31151869   3.30466126   4.4527791    0.624059     3.9778084\n   -7.10295362]\n [  3.30466126   5.18804432   2.18945301   0.05449704   2.09608386\n   -5.0318562 ]\n [  4.4527791    2.18945301   6.52359985   0.52793749  -0.03842653\n   -3.69029833]\n [  0.624059     0.05449704   0.52793749   3.19589367  -1.47034033\n    1.22506844]\n [  3.9778084    2.09608386  -0.03842653  -1.47034033  14.3133562\n  -12.60835654]\n [ -7.10295362  -5.0318562   -3.69029833   1.22506844 -12.60835654\n   16.68933402]]", "nfev": "497", "njev": "71", "status": "0", "success": "True", "message": "Optimization terminated successfully.", "x": "[ 4.88328873  6.29472937  1.07777001  0.55726379 -1.4294766  -1.27357604]", "nit": "39", "callback": [0.8581895544406803, 0.8273038726245068, 0.8110307601733919, 0.7832007571969127, 0.7399685669233282, 0.6973365450455311, 0.6691273147209467, 0.6174940047866007, 0.5363385436273072, 0.5048382396252935, 0.4624059696231506, 0.42166252347224775, 0.3973331361299839, 0.3833225985648261, 0.38273214903299946, 0.3819846199369962, 0.3807332748247526, 0.3789311079678167, 0.3781224588272193, 0.3779902339189174,