{"date": "2024/10/27/, 05:08:47", "conf_id": 110, "data_type": "orthogonal\n", "num_data_points": 2, "s_rank": 0, "unitary": "[[-0.45070455-0.02711853j,0.78437395-0.06613086j,0.06358678+0.19963393j,-0.07343613+0.35668523j],[-0.01890143-0.03813363j,0.32408202+0.25557629j,0.05872864-0.68979805j,0.55466693-0.20227297j],[-0.11215405+0.64023111j,-0.13344055+0.29565494j,-0.49012687-0.19046288j,-0.04241254+0.44046348j],[0.55771659+0.24656916j,0.31851997-0.05798805j,0.28761525-0.34294258j,-0.56718418+0.03616933j]]", "databatch_0": {"databatch": "[[[-0.11499521-0.33932984j,-0.05201578+0.05241612j,-0.0102792+0.21007771j,-0.06924896+0.1284759j],[0.18391443-0.14631356j,-0.298685-0.12349639j,0.20099876+0.46167409j,-0.14679139+0.06266982j],[0.14893572-0.07288229j,0.05443175+0.02384631j,0.03615765+0.30777495j,0.22850621-0.05294229j],[-0.0098649-0.00063376j,0.24729769+0.11480798j,-0.06070416-0.17127801j,0.23659425-0.12812063j]],[[0.15446816+0.12968989j,0.0785763+0.09258614j,0.0058218+0.05503069j,0.27314003-0.01557675j],[0.23815208+0.36300368j,-0.11720968-0.28583445j,-0.04755917+0.20263114j,-0.082578-0.11311842j],[-0.14219522+0.01783783j,-0.09245542+0.12031158j,0.32588181-0.07843373j,0.04091049+0.08634292j],[0.18626888-0.0867495j,0.04436008-0.18842735j,-0.45772629+0.21388845j,-0.13382121-0.04353725j]]]", "initial param values": "[3.72299766,3.90701198,1.78368661,0.28461202,1.15767073,0.21376244]", "nelder_mead": {"type": "gradient-free", "0": {"maxiter": 100, "fatol": 1e-05, "xatol": 1e-05, "duration": 0.2310161590576172, "fun": "0.4205588622739854", "nit": "100", "nfev": "150", "status": "2", "success": "False", "message": "Maximum number of iterations has been exceeded.", "x": "[ 4.72458741  4.28999813  3.11421085 -1.82872476  0.41559944  1.33752104]", "final_simplex": "(array([[ 4.72458741,  4.28999813,  3.11421085, -1.82872476,  0.41559944,\n         1.33752104],\n       [ 4.76561344,  4.02618865,  3.03437127, -2.05365664,  0.491897  ,\n         1.4685995 ],\n       [ 4.67998762,  3.84143533,  3.24255489, -1.95641493,  0.47417175,\n         1.39214199],\n       [ 4.53688577,  4.05836587,  3.08826984, -1.9760825 ,  0.65430031,\n         1.39433551],\n       [ 4.73834964,  4.14099921,  2.81077584, -1.61719833,  0.64761267,\n         1.21374328],\n       [ 4.66113756,  4.10871347,  2.8770376 , -1.68106379,  0.81848105,\n         1.23010132],\n       [ 4.44225   ,  4.03962674,  2.94351731, -1.76855417,  0.48214583,\n         1.31188825]]), array([0.42055886, 0.42929546, 0.43331403, 0.43937045, 0.44104514,\n       0.44672497, 0.44794333]))", "callback": [0.8060707116329425, 0.7709593161830229, 0.7191723091137717, 0.6847642797958509, 0.6666611574474621, 0.6584043854949053, 0.6177896675190025, 0.5367629830309391, 0.49760562748068904, 0.43331402922587225]}, "1": {"maxiter": 100, "fatol": 1e-05, "xatol": 1e-10, "duration": 0.22769522666931152, "fun": "0.4205588622739854", "nit": "100", "nfev": "150", "status": "2", "success": "False", "message": "Maximum number of iterations has been exceeded.", "x": "[ 4.72458741  4.28999813  3.11421085 -1.82872476  0.41559944  1.33752104]", "final_simplex": "(array([[ 4.72458741,  4.28999813,  3.11421085, -1.82872476,  0.41559944,\n         1.33752104],\n       [ 4.76561344,  4.02618865,  3.03437127, -2.05365664,  0.491897  ,\n         1.4685995 ],\n       [ 4.67998762,  3.84143533,  3.24255489, -1.95641493,  0.47417175,\n         1.39214199],\n       [ 4.53688577,  4.05836587,  3.08826984, -1.9760825 ,  0.65430031,\n         1.39433551],\n       [ 4.73834964,  4.14099921,  2.81077584, -1.61719833,  0.64761267,\n         1.21374328],\n       [ 4.66113756,  4.10871347,  2.8770376 , -1.68106379,  0.81848105,\n         1.23010132],\n       [ 4.44225   ,  4.03962674,  2.94351731, -1.76855417,  0.48214583,\n         1.31188825]]), array([0.42055886, 0.42929546, 0.43331403, 0.43937045, 0.44104514,\n       0.44672497, 0.44794333]))", "callback": [0.8060707116329425, 0.7709593161830229, 0.7191723091137717, 0.6847642797958509, 0.6666611574474621, 0.6584043854949053, 0.6177896675190025, 0.5367629830309391, 0.49760562748068904, 0.43331402922587225]}, "2": {"maxiter": 100, "fatol": 1e-10, "xatol": 1e-05, "duration": 0.22761273384094238, "fun": "0.4205588622739854", "nit": "100", "nfev": "150", "status": "2", "success": "False", "message": "Maximum number of iterations has been exceeded.", "x": "[ 4.72458741  4.28999813  3.11421085 -1.82872476  0.41559944  1.33752104]", "final_simplex": "(array([[ 4.72458741,  4.28999813,  3.11421085, -1.82872476,  0.41559944,\n         1.33752104],\n       [ 4.76561344,  4.02618865,  3.03437127, -2.05365664,  0.491897  ,\n         1.4685995 ],\n       [ 4.67998762,  3.84143533,  3.24255489, -1.95641493,  0.47417175,\n         1.39214199],\n       [ 4.53688577,  4.05836587,  3.08826984, -1.9760825 ,  0.65430031,\n         1.39433551],\n       [ 4.73834964,  4.14099921,  2.81077584, -1.61719833,  0.64761267,\n         1.21374328],\n       [ 4.66113756,  4.10871347,  2.8770376 , -1.68106379,  0.81848105,\n         1.23010132],\n       [ 4.44225   ,  4.03962674,  2.94351731, -1.76855417,  0.48214583,\n         1.31188825]]), array([0.42055886, 0.42929546, 0.43331403, 0.43937045, 0.44104514,\n       0.44672497, 0.44794333]))", "callback": [0.8060707116329425, 0.7709593161830229, 0.7191723091137717, 0.6847642797958509, 0.6666611574474621, 0.6584043854949053, 0.6177896675190025, 0.5367629830309391, 0.49760562748068904, 0.43331402922587225]}, "3": {"maxiter": 100, "fatol": 1e-10, "xatol": 1e-10, "duration": 0.243896484375, "fun": "0.4205588622739854", "nit": "100", "nfev": "150", "status": "2", "success": "False", "message": "Maximum number of iterations has been exceeded.", "x": "[ 4.72458741  4.28999813  3.11421085 -1.82872476  0.41559944  1.33752104]", "final_simplex": "(array([[ 4.72458741,  4.28999813,  3.11421085, -1.82872476,  0.41559944,\n         1.33752104],\n       [ 4.76561344,  4.02618865,  3.03437127, -2.05365664,  0.491897  ,\n         1.4685995 ],\n       [ 4.67998762,  3.84143533,  3.24255489, -1.95641493,  0.47417175,\n         1.39214199],\n       [ 4.53688577,  4.05836587,  3.08826984, -1.9760825 ,  0.65430031,\n         1.39433551],\n       [ 4.73834964,  4.14099921,  2.81077584, -1.61719833,  0.64761267,\n         1.21374328],\n       [ 4.66113756,  4.10871347,  2.8770376 , -1.68106379,  0.81848105,\n         1.23010132],\n       [ 4.44225   ,  4.03962674,  2.94351731, -1.76855417,  0.48214583,\n         1.31188825]]), array([0.42055886, 0.42929546, 0.43331403, 0.43937045, 0.44104514,\n       0.44672497, 0.44794333]))", "callback": [0.8060707116329425, 0.7709593161830229, 0.7191723091137717, 0.6847642797958509, 0.6666611574474621, 0.6584043854949053, 0.6177896675190025, 0.5367629830309391, 0.49760562748068904, 0.43331402922587225]}, "4": {"maxiter": 500, "fatol": 1e-05, "xatol": 1e-05, "duration": 0.5997006893157959, "fun": "0.3815636589129575", "nit": "433", "nfev": "681", "status": "0", "success": "True", "message": "Optimization terminated successfully.", "x": "[ 4.91666649  4.31214391  3.22480276 -1.69554345  0.6487514   1.96155844]", "final_simplex": "(array([[ 4.91666649,  4.31214391,  3.22480276, -1.69554345,  0.6487514 ,\n         1.96155844],\n       [ 4.91665982,  4.31214097,  3.22480323, -1.69554077,  0.64875515,\n         1.96156058],\n       [ 4.91666029,  4.3121428 ,  3.22480584, -1.69554311,  0.64875477,\n         1.96155388],\n       [ 4.91666914,  4.31213768,  3.22480658, -1.69554339,  0.64875272,\n         1.96155841],\n       [ 4.91666757,  4.3121477 ,  3.22479974, -1.695536  ,  0.64875295,\n         1.96156548],\n       [ 4.91666082,  4.31214719,  3.22480457, -1.69554175,  0.64875066,\n         1.96156044],\n       [ 4.91666149,  4.3121414 ,  3.22480573, -1.69554053,  0.64874965,\n         1.96154969]]), array([0.38156366, 0.38156366, 0.38156366, 0.38156366, 0.38156366,\n       0.38156366, 0.38156366]))", "callback": [0.8060707116329425, 0.7709593161830229, 0.7191723091137717, 0.6847642797958509, 0.6666611574474621, 0.6584043854949053, 0.6177896675190025, 0.5367629830309391, 0.49760562748068904, 0.43331402922587225, 0.4205588622739854, 0.4167934834747218, 0.41513976543689235, 0.41492754779978347, 0.41487279574126723, 0.4148085236653354, 0.4145279961969013, 0.41268845199517246, 0.40934387054320165, 0.4036159013902527, 0.3982918859976673, 0.3922115440447912, 0.3871688828043416, 0.3855151264882828, 0.38448004846247885, 0.3829628348333691, 0.38212733047487735, 0.381629763451773, 0.38159159571477175, 0.3815755891653594, 0.3815676050992841, 0.3815647618110537, 0.38156413109001375, 0.3815640722980148, 0.381563921538686, 0.3815638282824064, 0.3815637607290565, 0.3815636886711229, 0.3815636655757292, 0.38156366052031343, 0.3815636593322931, 0.38156365897279765, 0.38156365891722555, 0.3815636589152397]}, "5": {"maxiter": 500, "fatol": 1e-05, "xatol": 1e-10, "duration": 0.6263601779937744, "fun": "0.38156365890784083", "nit": "500", "nfev": "792", "status": "2", "success": "False", "message": "Maximum number of iterations has been exceeded.", "x": "[ 4.91666522  4.31214426  3.22480185 -1.69553947  0.64875613  1.96155882]", "final_simplex": "(array([[ 4.91666522,  4.31214426,  3.22480185, -1.69553947,  0.64875613,\n         1.96155882],\n       [ 4.91666519,  4.31214416,  3.22480191, -1.69553958,  0.64875604,\n         1.96155888],\n       [ 4.91666519,  4.31214412,  3.22480191, -1.69553962,  0.64875613,\n         1.96155871],\n       [ 4.91666509,  4.31214423,  3.22480178, -1.69553939,  0.64875618,\n         1.96155901],\n       [ 4.9166652 ,  4.31214412,  3.22480178, -1.69553951,  0.6487561 ,\n         1.96155889],\n       [ 4.91666503,  4.31214433,  3.22480185, -1.69553947,  0.6487561 ,\n         1.96155871],\n       [ 4.91666509,  4.31214414,  3.2248018 , -1.69553939,  0.64875604,\n         1.96155869]]), array([0.38156366, 0.38156366, 0.38156366, 0.38156366, 0.38156366,\n       0.38156366, 0.38156366]))", "callback": [0.8060707116329425, 0.7709593161830229, 0.7191723091137717, 0.6847642797958509, 0.6666611574474621, 0.6584043854949053, 0.6177896675190025, 0.5367629830309391, 0.49760562748068904, 0.43331402922587225, 0.4205588622739854, 0.4167934834747218, 0.41513976543689235, 0.41492754779978347, 0.41487279574126723, 0.4148085236653354, 0.4145279961969013, 0.41268845199517246, 0.40934387054320165, 0.4036159013902527, 0.3982918859976673, 0.3922115440447912, 0.3871688828043416, 0.3855151264882828, 0.38448004846247885, 0.3829628348333691, 0.38212733047487735, 0.381629763451773, 0.38159159571477175, 0.3815755891653594, 0.3815676050992841, 0.3815647618110537, 0.38156413109001375, 0.3815640722980148, 0.381563921538686, 0.3815638282824064, 0.3815637607290565, 0.3815636886711229, 0.3815636655757292, 0.38156366052031343, 0.3815636593322931, 0.38156365897279765, 0.38156365891722555, 0.3815636589152397, 0.3815636589096689, 0.38156365890820276, 0.38156365890798927, 0.381563658907907, 0.3815636589078665, 0.38156365890784794]}, "6": {"maxiter": 500, "fatol": 1e-10, "xatol": 1e-05, "duration": 0.5917308330535889, "fun": "0.3815636589129575", "nit": "433", "nfev": "681", "status": "0", "success": "True", "message": "Optimization terminated successfully.", "x": "[ 4.91666649  4.31214391  3.22480276 -1.69554345  0.6487514   1.96155844]", "final_simplex": "(array([[ 4.91666649,  4.31214391,  3.22480276, -1.69554345,  0.6487514 ,\n         1.96155844],\n       [ 4.91665982,  4.31214097,  3.22480323, -1.69554077,  0.64875515,\n         1.96156058],\n       [ 4.91666029,  4.3121428 ,  3.22480584, -1.69554311,  0.64875477,\n         1.96155388],\n       [ 4.91666914,  4.31213768,  3.22480658, -1.69554339,  0.64875272,\n         1.96155841],\n       [ 4.91666757,  4.3121477 ,  3.22479974, -1.695536  ,  0.64875295,\n         1.96156548],\n       [ 4.91666082,  4.31214719,  3.22480457, -1.69554175,  0.64875066,\n         1.96156044],\n       [ 4.91666149,  4.3121414 ,  3.22480573, -1.69554053,  0.64874965,\n         1.96154969]]), array([0.38156366, 0.38156366, 0.38156366, 0.38156366, 0.38156366,\n       0.38156366, 0.38156366]))", "callback": [0.8060707116329425, 0.7709593161830229, 0.7191723091137717, 0.6847642797958509, 0.6666611574474621, 0.6584043854949053, 0.6177896675190025, 0.5367629830309391, 0.49760562748068904, 0.43331402922587225, 0.4205588622739854, 0.4167934834747218, 0.41513976543689235, 0.41492754779978347, 0.41487279574126723, 0.4148085236653354, 0.4145279961969013, 0.41268845199517246, 0.40934387054320165, 0.4036159013902527, 0.3982918859976673, 0.3922115440447912, 0.3871688828043416, 0.3855151264882828, 0.38448004846247885, 0.3829628348333691, 0.38212733047487735, 0.381629763451773, 0.38159159571477175, 0.3815755891653594, 0.3815676050992841, 0.3815647618110537, 0.38156413109001375, 0.3815640722980148, 0.381563921538686, 0.3815638282824064, 0.3815637607290565, 0.3815636886711229, 0.3815636655757292, 0.38156366052031343, 0.3815636593322931, 0.38156365897279765, 0.38156365891722555, 0.3815636589152397]}, "7": {"maxiter": 500, "fatol": 1e-10, "xatol": 1e-10, "duration": 0.6708700656890869, "fun": "0.38156365890784083", "nit": "500", "nfev": "792", "status": "2", "success": "False", "message": "Maximum number of iterations has been exceeded.", "x": "[ 4.91666522  4.31214426  3.22480185 -1.69553947  0.64875613  1.96155882]", "final_simplex": "(array([[ 4.91666522,  4.31214426,  3.22480185, -1.69553947,  0.64875613,\n         1.96155882],\n       [ 4.91666519,  4.31214416,  3.22480191, -1.69553958,  0.64875604,\n         1.96155888],\n       [ 4.91666519,  4.31214412,  3.22480191, -1.69553962,  0.64875613,\n         1.96155871],\n       [ 4.91666509,  4.31214423,  3.22480178, -1.69553939,  0.64875618,\n         1.96155901],\n       [ 4.9166652 ,  4.31214412,  3.22480178, -1.69553951,  0.6487561 ,\n         1.96155889],\n       [ 4.91666503,  4.31214433,  3.22480185, -1.69553947,  0.6487561 ,\n         1.96155871],\n       [ 4.91666509,  4.31214414,  3.2248018 , -1.69553939,  0.64875604,\n         1.96155869]]), array([0.38156366, 0.38156366, 0.38156366, 0.38156366, 0.38156366,\n       0.38156366, 0.38156366]))", "callback": [0.8060707116329425, 0.7709593161830229, 0.7191723091137717, 0.6847642797958509, 0.6666611574474621, 0.6584043854949053, 0.6177896675190025, 0.5367629830309391, 0.49760562748068904, 0.43331402922587225, 0.4205588622739854, 0.4167934834747218, 0.41513976543689235, 0.41492754779978347, 0.41487279574126723, 0.4148085236653354, 0.4145279961969013, 0.41268845199517246, 0.40934387054320165, 0.4036159013902527, 0.3982918859976673, 0.3922115440447912, 0.3871688828043416, 0.3855151264882828, 0.38448004846247885, 0.3829628348333691, 0.38212733047487735, 0.381629763451773, 0.38159159571477175, 0.3815755891653594, 0.3815676050992841, 0.3815647618110537, 0.38156413109001375, 0.3815640722980148, 0.381563921538686, 0.3815638282824064, 0.3815637607290565, 0.3815636886711229, 0.3815636655757292, 0.38156366052031343, 0.3815636593322931, 0.38156365897279765, 0.38156365891722555, 0.3815636589152397, 0.3815636589096689, 0.38156365890820276, 0.38156365890798927, 0.381563658907907, 0.3815636589078665, 0.38156365890784794]}, "8": {"maxiter": 1000, "fatol": 1e-05, "xatol": 1e-05, "duration": 0.5384221076965332, "fun": "0.3815636589129575", "nit": "433", "nfev": "681", "status": "0", "success": "True", "message": "Optimization terminated successfully.", "x": "[ 4.91666649  4.31214391  3.22480276 -1.69554345  0.6487514   1.96155844]", "final_simplex": "(array([[ 4.91666649,  4.31214391,  3.22480276, -1.69554345,  0.6487514 ,\n         1.96155844],\n       [ 4.91665982,  4.31214097,  3.22480323, -1.69554077,  0.64875515,\n         1.96156058],\n       [ 4.91666029,  4.3121428 ,  3.22480584, -1.69554311,  0.64875477,\n         1.96155388],\n       [ 4.91666914,  4.31213768,  3.22480658, -1.69554339,  0.64875272,\n         1.96155841],\n       [ 4.91666757,  4.3121477 ,  3.22479974, -1.695536  ,  0.64875295,\n         1.96156548],\n       [ 4.91666082,  4.31214719,  3.22480457, -1.69554175,  0.64875066,\n         1.96156044],\n       [ 4.91666149,  4.3121414 ,  3.22480573, -1.69554053,  0.64874965,\n         1.96154969]]), array([0.38156366, 0.38156366, 0.38156366, 0.38156366, 0.38156366,\n       0.38156366, 0.38156366]))", "callback": [0.8060707116329425, 0.7709593161830229, 0.7191723091137717, 0.6847642797958509, 0.6666611574474621, 0.6584043854949053, 0.6177896675190025, 0.5367629830309391, 0.49760562748068904, 0.43331402922587225, 0.4205588622739854, 0.4167934834747218, 0.41513976543689235, 0.41492754779978347, 0.41487279574126723, 0.4148085236653354, 0.4145279961969013, 0.41268845199517246, 0.40934387054320165, 0.4036159013902527, 0.3982918859976673, 0.3922115440447912, 0.3871688828043416, 0.3855151264882828, 0.38448004846247885, 0.3829628348333691, 0.38212733047487735, 0.381629763451773, 0.38159159571477175, 0.3815755891653594, 0.3815676050992841, 0.3815647618110537, 0.38156413109001375, 0.3815640722980148, 0.381563921538686, 0.3815638282824064, 0.3815637607290565, 0.3815636886711229, 0.3815636655757292, 0.38156366052031343, 0.3815636593322931, 0.38156365897279765, 0.38156365891722555, 0.3815636589152397]}, "9": {"maxiter": 1000, "fatol": 1e-05, "xatol": 1e-10, "duration": 0.8089730739593506, "fun": "0.38156365890783484", "nit": "574", "nfev": "953", "status": "0", "success": "True", "message": "Optimization terminated successfully.", "x": "[ 4.91666515  4.31214419  3.22480201 -1.69553952  0.64875621  1.9615589 ]", "final_simplex": "(array([[ 4.91666515,  4.31214419,  3.22480201, -1.69553952,  0.64875621,\n         1.9615589 ],\n       [ 4.91666515,  4.31214419,  3.22480201, -1.69553952,  0.64875621,\n         1.9615589 ],\n       [ 4.91666515,  4.31214419,  3.22480201, -1.69553952,  0.64875621,\n         1.9615589 ],\n       [ 4.91666515,  4.31214419,  3.22480201, -1.69553952,  0.64875621,\n         1.9615589 ],\n       [ 4.91666515,  4.31214419,  3.22480201, -1.69553952,  0.64875621,\n         1.9615589 ],\n       [ 4.91666515,  4.31214419,  3.22480201, -1.69553952,  0.64875621,\n         1.9615589 ],\n       [ 4.91666515,  4.31214419,  3.22480201, -1.69553952,  0.64875621,\n         1.9615589 ]]), array([0.38156366, 0.38156366, 0.38156366, 0.38156366, 0.38156366,\n       0.38156366, 0.38156366]))", "callback": [0.8060707116329425, 0.7709593161830229, 0.7191723091137717, 0.6847642797958509, 0.6666611574474621, 0.6584043854949053, 0.6177896675190025, 0.5367629830309391, 0.49760562748068904, 0.43331402922587225, 0.4205588622739854, 0.4167934834747218, 0.41513976543689235, 0.41492754779978347, 0.41487279574126723, 0.4148085236653354, 0.4145279961969013, 0.41268845199517246, 0.40934387054320165, 0.4036159013902527, 0.3982918859976673, 0.3922115440447912, 0.3871688828043416, 0.3855151264882828, 0.38448004846247885, 0.3829628348333691, 0.38212733047487735, 0.381629763451773, 0.38159159571477175, 0.3815755891653594, 0.3815676050992841, 0.3815647618110537, 0.38156413109001375, 0.3815640722980148, 0.381563921538686, 0.3815638282824064, 0.3815637607290565, 0.3815636886711229, 0.3815636655757292, 0.38156366052031343, 0.3815636593322931, 0.38156365897279765, 0.38156365891722555, 0.3815636589152397, 0.3815636589096689, 0.38156365890820276, 0.38156365890798927, 0.381563658907907, 0.3815636589078665, 0.38156365890784794, 0.38156365890784083, 0.38156365890783794, 0.38156365890783683, 0.3815636589078355, 0.38156365890783506, 0.38156365890783484, 0.38156365890783484, 0.38156365890783484]}, "10": {"maxiter": 1000, "fatol": 1e-10, "xatol": 1e-05, "duration": 0.6510815620422363, "fun": "0.3815636589129575", "nit": "433", "nfev": "681", "status": "0", "success": "True", "message": "Optimization terminated successfully.", "x": "[ 4.91666649  4.31214391  3.22480276 -1.69554345  0.6487514   1.96155844]", "final_simplex": "(array([[ 4.91666649,  4.31214391,  3.22480276, -1.69554345,  0.6487514 ,\n         1.96155844],\n       [ 4.91665982,  4.31214097,  3.22480323, -1.69554077,  0.64875515,\n         1.96156058],\n       [ 4.91666029,  4.3121428 ,  3.22480584, -1.69554311,  0.64875477,\n         1.96155388],\n       [ 4.91666914,  4.31213768,  3.22480658, -1.69554339,  0.64875272,\n         1.96155841],\n       [ 4.91666757,  4.3121477 ,  3.22479974, -1.695536  ,  0.64875295,\n         1.96156548],\n       [ 4.91666082,  4.31214719,  3.22480457, -1.69554175,  0.64875066,\n         1.96156044],\n       [ 4.91666149,  4.3121414 ,  3.22480573, -1.69554053,  0.64874965,\n         1.96154969]]), array([0.38156366, 0.38156366, 0.38156366, 0.38156366, 0.38156366,\n       0.38156366, 0.38156366]))", "callback": [0.8060707116329425, 0.7709593161830229, 0.7191723091137717, 0.6847642797958509, 0.6666611574474621, 0.6584043854949053, 0.6177896675190025, 0.5367629830309391, 0.49760562748068904, 0.43331402922587225, 0.4205588622739854, 0.4167934834747218, 0.41513976543689235, 0.41492754779978347, 0.41487279574126723, 0.4148085236653354, 0.4145279961969013, 0.41268845199517246, 0.40934387054320165, 0.4036159013902527, 0.3982918859976673, 0.3922115440447912, 0.3871688828043416, 0.3855151264882828, 0.38448004846247885, 0.3829628348333691, 0.38212733047487735, 0.381629763451773, 0.38159159571477175, 0.3815755891653594, 0.3815676050992841, 0.3815647618110537, 0.38156413109001375, 0.3815640722980148, 0.381563921538686, 0.3815638282824064, 0.3815637607290565, 0.3815636886711229, 0.3815636655757292, 0.38156366052031343, 0.3815636593322931, 0.38156365897279765, 0.38156365891722555, 0.3815636589152397]}, "11": {"maxiter": 1000, "fatol": 1e-10, "xatol": 1e-10, "duration": 0.779613733291626, "fun": "0.38156365890783484", "nit": "574", "nfev": "953", "status": "0", "success": "True", "message": "Optimization terminated successfully.", "x": "[ 4.91666515  4.31214419  3.22480201 -1.69553952  0.64875621  1.9615589 ]", "final_simplex": "(array([[ 4.91666515,  4.31214419,  3.22480201, -1.69553952,  0.64875621,\n         1.9615589 ],\n       [ 4.91666515,  4.31214419,  3.22480201, -1.69553952,  0.64875621,\n         1.9615589 ],\n       [ 4.91666515,  4.31214419,  3.22480201, -1.69553952,  0.64875621,\n         1.9615589 ],\n       [ 4.91666515,  4.31214419,  3.22480201, -1.69553952,  0.64875621,\n         1.9615589 ],\n       [ 4.91666515,  4.31214419,  3.22480201, -1.69553952,  0.64875621,\n         1.9615589 ],\n       [ 4.91666515,  4.31214419,  3.22480201, -1.69553952,  0.64875621,\n         1.9615589 ],\n       [ 4.91666515,  4.31214419,  3.22480201, -1.69553952,  0.64875621,\n         1.9615589 ]]), array([0.38156366, 0.38156366, 0.38156366, 0.38156366, 0.38156366,\n       0.38156366, 0.38156366]))", "callback": [0.8060707116329425, 0.7709593161830229, 0.7191723091137717, 0.6847642797958509, 0.6666611574474621, 0.6584043854949053, 0.6177896675190025, 0.5367629830309391, 0.49760562748068904, 0.43331402922587225, 0.4205588622739854, 0.4167934834747218, 0.41513976543689235, 0.41492754779978347, 0.41487279574126723, 0.4148085236653354, 0.4145279961969013, 0.41268845199517246, 0.40934387054320165, 0.4036159013902527, 0.3982918859976673, 0.3922115440447912, 0.3871688828043416, 0.3855151264882828, 0.38448004846247885, 0.3829628348333691, 0.38212733047487735, 0.381629763451773, 0.38159159571477175, 0.3815755891653594, 0.3815676050992841, 0.3815647618110537, 0.38156413109001375, 0.3815640722980148, 0.381563921538686, 0.3815638282824064, 0.3815637607290565, 0.3815636886711229, 0.3815636655757292, 0.38156366052031343, 0.3815636593322931, 0.38156365897279765, 0.38156365891722555, 0.3815636589152397, 0.3815636589096689, 0.38156365890820276, 0.38156365890798927, 0.381563658907907, 0.3815636589078665, 0.38156365890784794, 0.38156365890784083, 0.38156365890783794, 0.38156365890783683, 0.3815636589078355, 0.38156365890783506, 0.38156365890783484, 0.38156365890783484, 0.38156365890783484]}}, "bfgs": {"type": "gradient", "0": {"maxiter": 100, "gtol": 1e-05, "xrtol": 1e-05, "eps": 1e-05, "duration": 0.14693713188171387, "fun": "0.3815636592715017", "jac": "[-8.72975026e-06 -1.58900670e-06 -4.85503859e-06 -7.21163129e-06\n  5.08864062e-06  1.59541269e-06]", "hess_inv": "[[ 3.01830007e+00 -3.34966628e-01 -3.20266650e-02 -7.28129833e-01\n   1.23382914e-01  7.71323704e-01]\n [-3.34966628e-01  4.42076507e+00 -6.59341767e-01  9.52905423e-01\n   5.91531318e-01  1.02272897e+00]\n [-3.20266650e-02 -6.59341767e-01  3.60665575e+00 -1.19722744e+00\n   2.58741426e-04  3.47643910e-01]\n [-7.28129833e-01  9.52905423e-01 -1.19722744e+00  3.61441269e+00\n   4.83379091e-01  4.12324522e-01]\n [ 1.23382914e-01  5.91531318e-01  2.58741426e-04  4.83379091e-01\n   3.40780155e+00  1.02248109e+00]\n [ 7.71323704e-01  1.02272897e+00  3.47643910e-01  4.12324522e-01\n   1.02248109e+00  5.34038475e+00]]", "nfev": "168", "njev": "24", "status": "0", "success": "True", "message": "Optimization terminated successfully.", "x": "[ 4.91663163  4.3121314   3.224788   -1.69556422  0.64876958  1.96154865]", "nit": "21", "callback": [0.6725998519082048, 0.6140617890332253, 0.6011004723719656, 0.5766517369183288, 0.5315086071158631, 0.47971681983524117, 0.4626517244633589, 0.43238101141541063, 0.39254692273176206, 0.3856319115291612, 0.38277671866514673, 0.381654710967984, 0.3815842698655042, 0.38156731030433977, 0.3815661358853393, 0.3815644867567768, 0.3815638193765205, 0.3815637073672562, 0.38156367515357736, 0.38156366289028165, 0.3815636592715017]}, "1": {"maxiter": 100, "gtol": 1e-05, "xrtol": 1e-05, "eps": 1e-10, "duration": 0.1463634967803955, "fun": "0.38156365928602454", "jac": "[-8.88178346e-06 -2.22044587e-06 -4.44089173e-06 -9.99200639e-06\n  4.44089173e-06  2.22044587e-06]", "hess_inv": "[[ 2.92286049 -0.35807013 -0.0554591  -0.77892805  0.07607654  0.67348536]\n [-0.35807013  4.67513521 -0.58389972  1.07174203  0.59439993  1.09731798]\n [-0.0554591  -0.58389972  3.62326369 -1.15700221  0.00974485  0.35551946]\n [-0.77892805  1.07174203 -1.15700221  3.62415568  0.46727034  0.42013913]\n [ 0.07607654  0.59439993  0.00974485  0.46727034  3.35377238  0.97162083]\n [ 0.67348536  1.09731798  0.35551946  0.42013913  0.97162083  5.27578901]]", "nfev": "168", "njev": "24", "status": "0", "success": "True", "message": "Optimization terminated successfully.", "x": "[ 4.91663077  4.31213081  3.22479121 -1.69556582  0.64877109  1.96155217]", "nit": "21", "callback": [0.6725998382417109, 0.6140619831161098, 0.6011003846244426, 0.5766509818337776, 0.5315080171588401, 0.47971860559052704, 0.4626535876979182, 0.4323829412776129, 0.39254823472863576, 0.38563267927343836, 0.3827772199101803, 0.3816549087183375, 0.38158433159472505, 0.3815673387950115, 0.3815661546611271, 0.3815645001983321, 0.38156382725894433, 0.38156370742513146, 0.3815636751863378, 0.3815636625334585, 0.38156365928602454]}, "2": {"maxiter": 100, "gtol": 1e-05, "xrtol": 1e-10, "eps": 1e-05, "duration": 0.1301896572113037, "fun": "0.3815636592715017", "jac": "[-8.72975026e-06 -1.58900670e-06 -4.85503859e-06 -7.21163129e-06\n  5.08864062e-06  1.59541269e-06]", "hess_inv": "[[ 3.01830007e+00 -3.34966628e-01 -3.20266650e-02 -7.28129833e-01\n   1.23382914e-01  7.71323704e-01]\n [-3.34966628e-01  4.42076507e+00 -6.59341767e-01  9.52905423e-01\n   5.91531318e-01  1.02272897e+00]\n [-3.20266650e-02 -6.59341767e-01  3.60665575e+00 -1.19722744e+00\n   2.58741426e-04  3.47643910e-01]\n [-7.28129833e-01  9.52905423e-01 -1.19722744e+00  3.61441269e+00\n   4.83379091e-01  4.12324522e-01]\n [ 1.23382914e-01  5.91531318e-01  2.58741426e-04  4.83379091e-01\n   3.40780155e+00  1.02248109e+00]\n [ 7.71323704e-01  1.02272897e+00  3.47643910e-01  4.12324522e-01\n   1.02248109e+00  5.34038475e+00]]", "nfev": "168", "njev": "24", "status": "0", "success": "True", "message": "Optimization terminated successfully.", "x": "[ 4.91663163  4.3121314   3.224788   -1.69556422  0.64876958  1.96154865]", "nit": "21", "callback": [0.6725998519082048, 0.6140617890332253, 0.6011004723719656, 0.5766517369183288, 0.5315086071158631, 0.47971681983524117, 0.4626517244633589, 0.43238101141541063, 0.39254692273176206, 0.3856319115291612, 0.38277671866514673, 0.381654710967984, 0.3815842698655042, 0.38156731030433977, 0.3815661358853393, 0.3815644867567768, 0.3815638193765205, 0.3815637073672562, 0.38156367515357736, 0.38156366289028165, 0.3815636592715017]}, "3": {"maxiter": 100, "gtol": 1e-05, "xrtol": 1e-10, "eps": 1e-10, "duration": 0.13019609451293945, "fun": "0.38156365928602454", "jac": "[-8.88178346e-06 -2.22044587e-06 -4.44089173e-06 -9.99200639e-06\n  4.44089173e-06  2.22044587e-06]", "hess_inv": "[[ 2.92286049 -0.35807013 -0.0554591  -0.77892805  0.07607654  0.67348536]\n [-0.35807013  4.67513521 -0.58389972  1.07174203  0.59439993  1.09731798]\n [-0.0554591  -0.58389972  3.62326369 -1.15700221  0.00974485  0.35551946]\n [-0.77892805  1.07174203 -1.15700221  3.62415568  0.46727034  0.42013913]\n [ 0.07607654  0.59439993  0.00974485  0.46727034  3.35377238  0.97162083]\n [ 0.67348536  1.09731798  0.35551946  0.42013913  0.97162083  5.27578901]]", "nfev": "168", "njev": "24", "status": "0", "success": "True", "message": "Optimization terminated successfully.", "x": "[ 4.91663077  4.31213081  3.22479121 -1.69556582  0.64877109  1.96155217]", "nit": "21", "callback": [0.6725998382417109, 0.6140619831161098, 0.6011003846244426, 0.5766509818337776, 0.5315080171588401, 0.47971860559052704, 0.4626535876979182, 0.4323829412776129, 0.39254823472863576, 0.38563267927343836, 0.3827772199101803, 0.3816549087183375, 0.38158433159472505, 0.3815673387950115, 0.3815661546611271, 0.3815645001983321, 0.38156382725894433, 0.38156370742513146, 0.3815636751863378, 0.3815636625334585, 0.38156365928602454]}, "4": {"maxiter": 100, "gtol": 1e-10, "xrtol": 1e-05, "eps": 1e-05, "duration": 0.21653056144714355, "fun": "0.3815636589485788", "jac": "[-4.10727008e-07 -9.90074689e-07 -1.13564713e-06 -9.35751476e-07\n  1.11145537e-06  4.88442620e-07]", "hess_inv": "[[ 3.51261734 -0.30303013  0.12542485 -0.43303474 -0.19089778  0.771313  ]\n [-0.30303013  4.22931885 -0.75780765  0.84986421  0.7388923   1.09315936]\n [ 0.12542485 -0.75780765  3.59581691 -1.17178476 -0.00571751  0.38718129]\n [-0.43303474  0.84986421 -1.17178476  3.71352665  0.40156019  0.45676087]\n [-0.19089778  0.7388923  -0.00571751  0.40156019  3.46234369  0.96146308]\n [ 0.771313    1.09315936  0.38718129  0.45676087  0.96146308  5.31475017]]", "nfev": "175", "njev": "25", "status": "0", "success": "True", "message": "Optimization terminated successfully.", "x": "[ 4.91665904  4.31213242  3.22479631 -1.69554833  0.6487528   1.96154892]", "nit": "22", "callback": [0.6725998519082048, 0.6140617890332253, 0.6011004723719656, 0.5766517369183288, 0.5315086071158631, 0.47971681983524117, 0.4626517244633589, 0.43238101141541063, 0.39254692273176206, 0.3856319115291612, 0.38277671866514673, 0.381654710967984, 0.3815842698655042, 0.38156731030433977, 0.3815661358853393, 0.3815644867567768, 0.3815638193765205, 0.3815637073672562, 0.38156367515357736, 0.38156366289028165, 0.3815636592715017, 0.3815636589485788]}, "5": {"maxiter": 100, "gtol": 1e-10, "xrtol": 1e-05, "eps": 1e-10, "duration": 0.16410064697265625, "fun": "0.3815636589386584", "jac": "[-1.11022293e-06  0.00000000e+00 -2.22044587e-06  3.33066880e-06\n  0.00000000e+00  1.11022293e-06]", "hess_inv": "[[ 3.40789112 -0.22945089 -0.02216134 -0.23452508 -0.18009789  0.65225519]\n [-0.22945089  4.2229273  -0.6425178   0.71642229  0.70433957  1.18329207]\n [-0.02216134 -0.6425178   3.61619513 -1.18893047  0.01682756  0.3667667 ]\n [-0.23452508  0.71642229 -1.18893047  3.72177971  0.36249859  0.49043214]\n [-0.18009789  0.70433957  0.01682756  0.36249859  3.42401676  0.94932936]\n [ 0.65225519  1.18329207  0.3667667   0.49043214  0.94932936  5.25946347]]", "nfev": "175", "njev": "25", "status": "0", "success": "True", "message": "Optimization terminated successfully.", "x": "[ 4.91665744  4.3121367   3.22479287 -1.6955371   0.64875744  1.96155123]", "nit": "22", "callback": [0.6725998382417109, 0.6140619831161098, 0.6011003846244426, 0.5766509818337776, 0.5315080171588401, 0.47971860559052704, 0.4626535876979182, 0.4323829412776129, 0.39254823472863576, 0.38563267927343836, 0.3827772199101803, 0.3816549087183375, 0.38158433159472505, 0.3815673387950115, 0.3815661546611271, 0.3815645001983321, 0.38156382725894433, 0.38156370742513146, 0.3815636751863378, 0.3815636625334585, 0.38156365928602454, 0.3815636589386584]}, "6": {"maxiter": 100, "gtol": 1e-10, "xrtol": 1e-10, "eps": 1e-05, "duration": 0.2344369888305664, "fun": "0.38156365893538746", "jac": "[ 7.58504370e-08 -9.21041021e-08 -7.67164110e-08 -1.08357767e-08\n  7.07878201e-08  4.26880753e-08]", "hess_inv": "[[ 3.37088481 -0.1880197   0.17493476 -0.43496922 -0.24345675  0.69922282]\n [-0.1880197   4.32825723 -0.64049698  0.9813253   0.54528561  1.02827665]\n [ 0.17493476 -0.64049698  3.70593242 -1.06498571 -0.1786467   0.31300951]\n [-0.43496922  0.9813253  -1.06498571  3.80120636  0.24161357  0.37271503]\n [-0.24345675  0.54528561 -0.1786467   0.24161357  3.73003276  1.08394143]\n [ 0.69922282  1.02827665  0.31300951  0.37271503  1.08394143  5.35542142]]", "nfev": "305", "njev": "42", "status": "2", "success": "False", "message": "Desired error not necessarily achieved due to precision loss.", "x": "[ 4.91666024  4.31213542  3.22479881 -1.69554569  0.64874884  1.96154734]", "nit": "23", "callback": [0.6725998519082048, 0.6140617890332253, 0.6011004723719656, 0.5766517369183288, 0.5315086071158631, 0.47971681983524117, 0.4626517244633589, 0.43238101141541063, 0.39254692273176206, 0.3856319115291612, 0.38277671866514673, 0.381654710967984, 0.3815842698655042, 0.38156731030433977, 0.3815661358853393, 0.3815644867567768, 0.3815638193765205, 0.3815637073672562, 0.38156367515357736, 0.38156366289028165, 0.3815636592715017, 0.3815636589485788, 0.38156365893538746]}, "7": {"maxiter": 100, "gtol": 1e-10, "xrtol": 1e-10, "eps": 1e-10, "duration": 0.21719980239868164, "fun": "0.38156365891139243", "jac": "[-3.33066880e-06 -1.11022293e-06  1.11022293e-06 -1.11022293e-06\n -4.44089173e-06  1.11022293e-06]", "hess_inv": "[[ 1.58718455e+01  9.15771261e+01  1.65975858e+01  3.22533371e+01\n  -1.48023641e+00  1.09419648e+02]\n [ 9.15771261e+01  6.64542061e+02  1.22680700e+02  2.35964788e+02\n  -9.44164979e-01  7.84682152e+02]\n [ 1.65975858e+01  1.22680700e+02  2.46537496e+01  4.40508111e+01\n  -4.31276840e-01  1.46230102e+02]\n [ 3.22533371e+01  2.35964788e+02  4.40508111e+01  8.58493159e+01\n  -1.17561590e+00  2.80065099e+02]\n [-1.48023641e+00 -9.44164979e-01 -4.31276840e-01 -1.17561590e+00\n   1.85108883e+00 -6.47224777e-01]\n [ 1.09419648e+02  7.84682152e+02  1.46230102e+02  2.80065099e+02\n  -6.47224777e-01  9.34868360e+02]]", "nfev": "273", "njev": "39", "status": "0", "success": "True", "message": "Optimization terminated successfully.", "x": "[ 4.91666444  4.31214745  3.2248023  -1.69554069  0.64875497  1.96156268]", "nit": "26", "callback": [0.6725998382417109, 0.6140619831161098, 0.6011003846244426, 0.5766509818337776, 0.5315080171588401, 0.47971860559052704, 0.4626535876979182, 0.4323829412776129, 0.39254823472863576, 0.38563267927343836, 0.3827772199101803, 0.3816549087183375, 0.38158433159472505, 0.3815673387950115, 0.3815661546611271, 0.3815645001983321, 0.38156382725894433, 0.38156370742513146, 0.3815636751863378, 0.3815636625334585, 0.38156365928602454, 0.3815636589386584, 0.3815636589365786, 0.3815636589216004, 0.38156365891139243, 0.38156365891139243]}, "8": {"maxiter": 500, "gtol": 1e-05, "xrtol": 1e-05, "eps": 1e-05, "duration": 0.12900638580322266, "fun": "0.3815636592715017", "jac": "[-8.72975026e-06 -1.58900670e-06 -4.85503859e-06 -7.21163129e-06\n  5.08864062e-06  1.59541269e-06]", "hess_inv": "[[ 3.01830007e+00 -3.34966628e-01 -3.20266650e-02 -7.28129833e-01\n   1.23382914e-01  7.71323704e-01]\n [-3.34966628e-01  4.42076507e+00 -6.59341767e-01  9.52905423e-01\n   5.91531318e-01  1.02272897e+00]\n [-3.20266650e-02 -6.59341767e-01  3.60665575e+00 -1.19722744e+00\n   2.58741426e-04  3.47643910e-01]\n [-7.28129833e-01  9.52905423e-01 -1.19722744e+00  3.61441269e+00\n   4.83379091e-01  4.12324522e-01]\n [ 1.23382914e-01  5.91531318e-01  2.58741426e-04  4.83379091e-01\n   3.40780155e+00  1.02248109e+00]\n [ 7.71323704e-01  1.02272897e+00  3.47643910e-01  4.12324522e-01\n   1.02248109e+00  5.34038475e+00]]", "nfev": "168", "njev": "24", "status": "0", "success": "True", "message": "Optimization terminated successfully.", "x": "[ 4.91663163  4.3121314   3.224788   -1.69556422  0.64876958  1.96154865]", "nit": "21", "callback": [0.6725998519082048, 0.6140617890332253, 0.6011004723719656, 0.5766517369183288, 0.5315086071158631, 0.47971681983524117, 0.4626517244633589, 0.43238101141541063, 0.39254692273176206, 0.3856319115291612, 0.38277671866514673, 0.381654710967984, 0.3815842698655042, 0.38156731030433977, 0.3815661358853393, 0.3815644867567768, 0.3815638193765205, 0.3815637073672562, 0.38156367515357736, 0.38156366289028165, 0.3815636592715017]}, "9": {"maxiter": 500, "gtol": 1e-05, "xrtol": 1e-05, "eps": 1e-10, "duration": 0.21187305450439453, "fun": "0.38156365928602454", "jac": "[-8.88178346e-06 -2.22044587e-06 -4.44089173e-06 -9.99200639e-06\n  4.44089173e-06  2.22044587e-06]", "hess_inv": "[[ 2.92286049 -0.35807013 -0.0554591  -0.77892805  0.07607654  0.67348536]\n [-0.35807013  4.67513521 -0.58389972  1.07174203  0.59439993  1.09731798]\n [-0.0554591  -0.58389972  3.62326369 -1.15700221  0.00974485  0.35551946]\n [-0.77892805  1.07174203 -1.15700221  3.62415568  0.46727034  0.42013913]\n [ 0.07607654  0.59439993  0.00974485  0.46727034  3.35377238  0.97162083]\n [ 0.67348536  1.09731798  0.35551946  0.42013913  0.97162083  5.27578901]]", "nfev": "168", "njev": "24", "status": "0", "success": "True", "message": "Optimization terminated successfully.", "x": "[ 4.91663077  4.31213081  3.22479121 -1.69556582  0.64877109  1.96155217]", "nit": "21", "callback": [0.6725998382417109, 0.6140619831161098, 0.6011003846244426, 0.5766509818337776, 0.5315080171588401, 0.47971860559052704, 0.4626535876979182, 0.4323829412776129, 0.39254823472863576, 0.38563267927343836, 0.3827772199101803, 0.3816549087183375, 0.38158433159472505, 0.3815673387950115, 0.3815661546611271, 0.3815645001983321, 0.38156382725894433, 0.38156370742513146, 0.3815636751863378, 0.3815636625334585, 0.38156365928602454]}, "10": {"maxiter": 500, "gtol": 1e-05, "xrtol": 1e-10, "eps": 1e-05, "duration": 0.2581353187561035, "fun": "0.3815636592715017", "jac": "[-8.72975026e-06 -1.58900670e-06 -4.85503859e-06 -7.21163129e-06\n  5.08864062e-06  1.59541269e-06]", "hess_inv": "[[ 3.01830007e+00 -3.34966628e-01 -3.20266650e-02 -7.28129833e-01\n   1.23382914e-01  7.71323704e-01]\n [-3.34966628e-01  4.42076507e+00 -6.59341767e-01  9.52905423e-01\n   5.91531318e-01  1.02272897e+00]\n [-3.20266650e-02 -6.59341767e-01  3.60665575e+00 -1.19722744e+00\n   2.58741426e-04  3.47643910e-01]\n [-7.28129833e-01  9.52905423e-01 -1.19722744e+00  3.61441269e+00\n   4.83379091e-01  4.12324522e-01]\n [ 1.23382914e-01  5.91531318e-01  2.58741426e-04  4.83379091e-01\n   3.40780155e+00  1.02248109e+00]\n [ 7.71323704e-01  1.02272897e+00  3.47643910e-01  4.12324522e-01\n   1.02248109e+00  5.34038475e+00]]", "nfev": "168", "njev": "24", "status": "0", "success": "True", "message": "Optimization terminated successfully.", "x": "[ 4.91663163  4.3121314   3.224788   -1.69556422  0.64876958  1.96154865]", "nit": "21", "callback": [0.6725998519082048, 0.6140617890332253, 0.6011004723719656, 0.5766517369183288, 0.5315086071158631, 0.47971681983524117, 0.4626517244633589, 0.43238101141541063, 0.39254692273176206, 0.3856319115291612, 0.38277671866514673, 0.381654710967984, 0.3815842698655042, 0.38156731030433977, 0.3815661358853393, 0.3815644867567768, 0.3815638193765205, 0.3815637073672562, 0.38156367515357736, 0.38156366289028165, 0.3815636592715017]}, "11": {"maxiter": 500, "gtol": 1e-05, "xrtol": 1e-10, "eps": 1e-10, "duration": 0.25859546661376953, "fun": "0.38156365928602454", "jac": "[-8