{"date": "2024/10/28/, 08:50:13", "conf_id": 182, "data_type": "non_lin_ind\n", "num_data_points": 2, "s_rank": 0, "unitary": "[[0.18663085-0.53122324j,-0.11886349-0.70040876j,0.28555095-0.02789305j,-0.12262021-0.2844587j],[-0.16702216+0.27758472j,0.27526351-0.29738586j,-0.01109314+0.22495461j,-0.77239203+0.28900673j],[0.61935415+0.12301792j,-0.31269928-0.03315917j,-0.61902762-0.19039079j,-0.27120731-0.0968989j],[0.42341754+0.0023929j,-0.05847358+0.47832119j,0.64900495-0.16218422j,-0.37182676-0.05229966j]]", "databatch_0": {"databatch": "[[[-0.16375647-0.05295405j,0.06700172+0.08254411j,0.06515301-0.13295075j,0.12151158+0.01389751j],[0.22783902+0.00388989j,-0.11670902-0.07869724j,-0.03122604+0.19352807j,-0.15926439+0.02927905j],[0.22291191-0.28425939j,-0.21113739+0.07221934j,0.21473637+0.22463539j,-0.11537558+0.22931913j],[0.102021-0.39782674j,-0.18673981+0.1717335j,0.32624982+0.13561068j,-0.01521504+0.29145971j]],[[-0.08249201-0.10664789j,0.09432259-0.01026057j,0.03877648-0.03782037j,-0.04467774-0.21375515j],[0.14562813+0.10324987j,-0.11550714+0.04938691j,-0.03452127+0.06286262j,0.13905759+0.25349771j],[0.2698408-0.08528034j,-0.04809318+0.19325047j,0.04642656+0.10378042j,0.45346259+0.06678099j],[0.24186967-0.21217593j,0.03832218+0.22314554j,0.09578755+0.08679018j,0.50254184-0.13787616j]]]", "initial param values": "[3.72299766,3.90701198,1.78368661,0.28461202,1.15767073,0.21376244]", "nelder_mead": {"type": "gradient-free", "0": {"maxiter": 100, "fatol": 1e-05, "xatol": 1e-05, "duration": 0.25513744354248047, "fun": "0.02800344881125194", "nit": "100", "nfev": "158", "status": "2", "success": "False", "message": "Maximum number of iterations has been exceeded.", "x": "[ 5.44127399  3.2938113   4.42359079 -0.36554677  2.02369138  0.14903394]", "final_simplex": "(array([[ 5.44127399,  3.2938113 ,  4.42359079, -0.36554677,  2.02369138,\n         0.14903394],\n       [ 5.46880861,  3.35772912,  4.40368902, -0.35198194,  1.96229241,\n         0.15326021],\n       [ 5.43486905,  3.27615987,  4.45918948, -0.36500928,  2.01393594,\n         0.1543715 ],\n       [ 5.45129888,  3.33078681,  4.48789534, -0.37153477,  2.00593507,\n         0.15303477],\n       [ 5.43310051,  3.24275403,  4.46881264, -0.36415511,  2.02336224,\n         0.1508928 ],\n       [ 5.46401468,  3.31721565,  4.41439113, -0.35047112,  1.95658171,\n         0.15217631],\n       [ 5.43220695,  3.41084863,  4.38443548, -0.34732003,  1.94200641,\n         0.15139039]]), array([0.02800345, 0.02816525, 0.02825557, 0.02857605, 0.02863252,\n       0.02878669, 0.02902001]))", "callback": [0.7844275692530491, 0.6198477778942768, 0.5334581267860279, 0.19578492411151882, 0.16458872029097682, 0.13574067182465221, 0.08161342791225479, 0.032879142782813675, 0.03175353918810586, 0.028632517500779775]}, "1": {"maxiter": 100, "fatol": 1e-05, "xatol": 1e-10, "duration": 0.17001104354858398, "fun": "0.02800344881125194", "nit": "100", "nfev": "158", "status": "2", "success": "False", "message": "Maximum number of iterations has been exceeded.", "x": "[ 5.44127399  3.2938113   4.42359079 -0.36554677  2.02369138  0.14903394]", "final_simplex": "(array([[ 5.44127399,  3.2938113 ,  4.42359079, -0.36554677,  2.02369138,\n         0.14903394],\n       [ 5.46880861,  3.35772912,  4.40368902, -0.35198194,  1.96229241,\n         0.15326021],\n       [ 5.43486905,  3.27615987,  4.45918948, -0.36500928,  2.01393594,\n         0.1543715 ],\n       [ 5.45129888,  3.33078681,  4.48789534, -0.37153477,  2.00593507,\n         0.15303477],\n       [ 5.43310051,  3.24275403,  4.46881264, -0.36415511,  2.02336224,\n         0.1508928 ],\n       [ 5.46401468,  3.31721565,  4.41439113, -0.35047112,  1.95658171,\n         0.15217631],\n       [ 5.43220695,  3.41084863,  4.38443548, -0.34732003,  1.94200641,\n         0.15139039]]), array([0.02800345, 0.02816525, 0.02825557, 0.02857605, 0.02863252,\n       0.02878669, 0.02902001]))", "callback": [0.7844275692530491, 0.6198477778942768, 0.5334581267860279, 0.19578492411151882, 0.16458872029097682, 0.13574067182465221, 0.08161342791225479, 0.032879142782813675, 0.03175353918810586, 0.028632517500779775]}, "2": {"maxiter": 100, "fatol": 1e-10, "xatol": 1e-05, "duration": 0.12068557739257812, "fun": "0.02800344881125194", "nit": "100", "nfev": "158", "status": "2", "success": "False", "message": "Maximum number of iterations has been exceeded.", "x": "[ 5.44127399  3.2938113   4.42359079 -0.36554677  2.02369138  0.14903394]", "final_simplex": "(array([[ 5.44127399,  3.2938113 ,  4.42359079, -0.36554677,  2.02369138,\n         0.14903394],\n       [ 5.46880861,  3.35772912,  4.40368902, -0.35198194,  1.96229241,\n         0.15326021],\n       [ 5.43486905,  3.27615987,  4.45918948, -0.36500928,  2.01393594,\n         0.1543715 ],\n       [ 5.45129888,  3.33078681,  4.48789534, -0.37153477,  2.00593507,\n         0.15303477],\n       [ 5.43310051,  3.24275403,  4.46881264, -0.36415511,  2.02336224,\n         0.1508928 ],\n       [ 5.46401468,  3.31721565,  4.41439113, -0.35047112,  1.95658171,\n         0.15217631],\n       [ 5.43220695,  3.41084863,  4.38443548, -0.34732003,  1.94200641,\n         0.15139039]]), array([0.02800345, 0.02816525, 0.02825557, 0.02857605, 0.02863252,\n       0.02878669, 0.02902001]))", "callback": [0.7844275692530491, 0.6198477778942768, 0.5334581267860279, 0.19578492411151882, 0.16458872029097682, 0.13574067182465221, 0.08161342791225479, 0.032879142782813675, 0.03175353918810586, 0.028632517500779775]}, "3": {"maxiter": 100, "fatol": 1e-10, "xatol": 1e-10, "duration": 0.12111687660217285, "fun": "0.02800344881125194", "nit": "100", "nfev": "158", "status": "2", "success": "False", "message": "Maximum number of iterations has been exceeded.", "x": "[ 5.44127399  3.2938113   4.42359079 -0.36554677  2.02369138  0.14903394]", "final_simplex": "(array([[ 5.44127399,  3.2938113 ,  4.42359079, -0.36554677,  2.02369138,\n         0.14903394],\n       [ 5.46880861,  3.35772912,  4.40368902, -0.35198194,  1.96229241,\n         0.15326021],\n       [ 5.43486905,  3.27615987,  4.45918948, -0.36500928,  2.01393594,\n         0.1543715 ],\n       [ 5.45129888,  3.33078681,  4.48789534, -0.37153477,  2.00593507,\n         0.15303477],\n       [ 5.43310051,  3.24275403,  4.46881264, -0.36415511,  2.02336224,\n         0.1508928 ],\n       [ 5.46401468,  3.31721565,  4.41439113, -0.35047112,  1.95658171,\n         0.15217631],\n       [ 5.43220695,  3.41084863,  4.38443548, -0.34732003,  1.94200641,\n         0.15139039]]), array([0.02800345, 0.02816525, 0.02825557, 0.02857605, 0.02863252,\n       0.02878669, 0.02902001]))", "callback": [0.7844275692530491, 0.6198477778942768, 0.5334581267860279, 0.19578492411151882, 0.16458872029097682, 0.13574067182465221, 0.08161342791225479, 0.032879142782813675, 0.03175353918810586, 0.028632517500779775]}, "4": {"maxiter": 500, "fatol": 1e-05, "xatol": 1e-05, "duration": 0.3626129627227783, "fun": "0.021659204609098204", "nit": "283", "nfev": "466", "status": "0", "success": "True", "message": "Optimization terminated successfully.", "x": "[ 5.62861657  3.24654711  4.43643037 -0.13635867  1.94673212  0.28854475]", "final_simplex": "(array([[ 5.62861657,  3.24654711,  4.43643037, -0.13635867,  1.94673212,\n         0.28854475],\n       [ 5.6286145 ,  3.24654739,  4.43642927, -0.13635866,  1.94673344,\n         0.2885448 ],\n       [ 5.62861355,  3.24655339,  4.43642536, -0.13636207,  1.94673295,\n         0.28854211],\n       [ 5.62861644,  3.24655418,  4.43642611, -0.13635698,  1.94673065,\n         0.28854517],\n       [ 5.62861267,  3.2465514 ,  4.4364309 , -0.13636016,  1.9467303 ,\n         0.28854386],\n       [ 5.62861624,  3.24655493,  4.43642611, -0.13635622,  1.94672728,\n         0.28854568],\n       [ 5.62861313,  3.24654612,  4.43643731, -0.13636458,  1.94673825,\n         0.28854231]]), array([0.0216592, 0.0216592, 0.0216592, 0.0216592, 0.0216592, 0.0216592,\n       0.0216592]))", "callback": [0.7844275692530491, 0.6198477778942768, 0.5334581267860279, 0.19578492411151882, 0.16458872029097682, 0.13574067182465221, 0.08161342791225479, 0.032879142782813675, 0.03175353918810586, 0.028632517500779775, 0.02800344881125194, 0.027753651221197995, 0.027623736951214006, 0.027384887009241132, 0.026941697266469555, 0.02556840438800756, 0.022173779493353862, 0.021912551908301436, 0.021712984021921344, 0.021669046221673982, 0.02166092129607744, 0.02165969152882996, 0.021659417925908198, 0.021659244699109736, 0.02165921113557223, 0.021659205353241617, 0.021659204711383273, 0.02165920461789117, 0.021659204609923544]}, "5": {"maxiter": 500, "fatol": 1e-05, "xatol": 1e-10, "duration": 0.6318967342376709, "fun": "0.021659204607829996", "nit": "371", "nfev": "671", "status": "0", "success": "True", "message": "Optimization terminated successfully.", "x": "[ 5.62861476  3.24654949  4.43643087 -0.1363602   1.94673315  0.28854392]", "final_simplex": "(array([[ 5.62861476,  3.24654949,  4.43643087, -0.1363602 ,  1.94673315,\n         0.28854392],\n       [ 5.62861476,  3.24654949,  4.43643087, -0.1363602 ,  1.94673315,\n         0.28854392],\n       [ 5.62861476,  3.24654949,  4.43643087, -0.1363602 ,  1.94673315,\n         0.28854392],\n       [ 5.62861476,  3.24654949,  4.43643087, -0.1363602 ,  1.94673315,\n         0.28854392],\n       [ 5.62861476,  3.24654949,  4.43643087, -0.1363602 ,  1.94673315,\n         0.28854392],\n       [ 5.62861476,  3.24654949,  4.43643087, -0.1363602 ,  1.94673315,\n         0.28854392],\n       [ 5.62861476,  3.24654949,  4.43643087, -0.1363602 ,  1.94673315,\n         0.28854392]]), array([0.0216592, 0.0216592, 0.0216592, 0.0216592, 0.0216592, 0.0216592,\n       0.0216592]))", "callback": [0.7844275692530491, 0.6198477778942768, 0.5334581267860279, 0.19578492411151882, 0.16458872029097682, 0.13574067182465221, 0.08161342791225479, 0.032879142782813675, 0.03175353918810586, 0.028632517500779775, 0.02800344881125194, 0.027753651221197995, 0.027623736951214006, 0.027384887009241132, 0.026941697266469555, 0.02556840438800756, 0.022173779493353862, 0.021912551908301436, 0.021712984021921344, 0.021669046221673982, 0.02166092129607744, 0.02165969152882996, 0.021659417925908198, 0.021659244699109736, 0.02165921113557223, 0.021659205353241617, 0.021659204711383273, 0.02165920461789117, 0.021659204609923544, 0.02165920460813764, 0.02165920460785631, 0.021659204607838323, 0.02165920460783144, 0.02165920460783044, 0.021659204607829996, 0.021659204607829996, 0.021659204607829996, 0.021659204607829996]}, "6": {"maxiter": 500, "fatol": 1e-10, "xatol": 1e-05, "duration": 0.430448055267334, "fun": "0.021659204609098204", "nit": "283", "nfev": "466", "status": "0", "success": "True", "message": "Optimization terminated successfully.", "x": "[ 5.62861657  3.24654711  4.43643037 -0.13635867  1.94673212  0.28854475]", "final_simplex": "(array([[ 5.62861657,  3.24654711,  4.43643037, -0.13635867,  1.94673212,\n         0.28854475],\n       [ 5.6286145 ,  3.24654739,  4.43642927, -0.13635866,  1.94673344,\n         0.2885448 ],\n       [ 5.62861355,  3.24655339,  4.43642536, -0.13636207,  1.94673295,\n         0.28854211],\n       [ 5.62861644,  3.24655418,  4.43642611, -0.13635698,  1.94673065,\n         0.28854517],\n       [ 5.62861267,  3.2465514 ,  4.4364309 , -0.13636016,  1.9467303 ,\n         0.28854386],\n       [ 5.62861624,  3.24655493,  4.43642611, -0.13635622,  1.94672728,\n         0.28854568],\n       [ 5.62861313,  3.24654612,  4.43643731, -0.13636458,  1.94673825,\n         0.28854231]]), array([0.0216592, 0.0216592, 0.0216592, 0.0216592, 0.0216592, 0.0216592,\n       0.0216592]))", "callback": [0.7844275692530491, 0.6198477778942768, 0.5334581267860279, 0.19578492411151882, 0.16458872029097682, 0.13574067182465221, 0.08161342791225479, 0.032879142782813675, 0.03175353918810586, 0.028632517500779775, 0.02800344881125194, 0.027753651221197995, 0.027623736951214006, 0.027384887009241132, 0.026941697266469555, 0.02556840438800756, 0.022173779493353862, 0.021912551908301436, 0.021712984021921344, 0.021669046221673982, 0.02166092129607744, 0.02165969152882996, 0.021659417925908198, 0.021659244699109736, 0.02165921113557223, 0.021659205353241617, 0.021659204711383273, 0.02165920461789117, 0.021659204609923544]}, "7": {"maxiter": 500, "fatol": 1e-10, "xatol": 1e-10, "duration": 0.5715391635894775, "fun": "0.021659204607829996", "nit": "371", "nfev": "671", "status": "0", "success": "True", "message": "Optimization terminated successfully.", "x": "[ 5.62861476  3.24654949  4.43643087 -0.1363602   1.94673315  0.28854392]", "final_simplex": "(array([[ 5.62861476,  3.24654949,  4.43643087, -0.1363602 ,  1.94673315,\n         0.28854392],\n       [ 5.62861476,  3.24654949,  4.43643087, -0.1363602 ,  1.94673315,\n         0.28854392],\n       [ 5.62861476,  3.24654949,  4.43643087, -0.1363602 ,  1.94673315,\n         0.28854392],\n       [ 5.62861476,  3.24654949,  4.43643087, -0.1363602 ,  1.94673315,\n         0.28854392],\n       [ 5.62861476,  3.24654949,  4.43643087, -0.1363602 ,  1.94673315,\n         0.28854392],\n       [ 5.62861476,  3.24654949,  4.43643087, -0.1363602 ,  1.94673315,\n         0.28854392],\n       [ 5.62861476,  3.24654949,  4.43643087, -0.1363602 ,  1.94673315,\n         0.28854392]]), array([0.0216592, 0.0216592, 0.0216592, 0.0216592, 0.0216592, 0.0216592,\n       0.0216592]))", "callback": [0.7844275692530491, 0.6198477778942768, 0.5334581267860279, 0.19578492411151882, 0.16458872029097682, 0.13574067182465221, 0.08161342791225479, 0.032879142782813675, 0.03175353918810586, 0.028632517500779775, 0.02800344881125194, 0.027753651221197995, 0.027623736951214006, 0.027384887009241132, 0.026941697266469555, 0.02556840438800756, 0.022173779493353862, 0.021912551908301436, 0.021712984021921344, 0.021669046221673982, 0.02166092129607744, 0.02165969152882996, 0.021659417925908198, 0.021659244699109736, 0.02165921113557223, 0.021659205353241617, 0.021659204711383273, 0.02165920461789117, 0.021659204609923544, 0.02165920460813764, 0.02165920460785631, 0.021659204607838323, 0.02165920460783144, 0.02165920460783044, 0.021659204607829996, 0.021659204607829996, 0.021659204607829996, 0.021659204607829996]}, "8": {"maxiter": 1000, "fatol": 1e-05, "xatol": 1e-05, "duration": 0.40462470054626465, "fun": "0.021659204609098204", "nit": "283", "nfev": "466", "status": "0", "success": "True", "message": "Optimization terminated successfully.", "x": "[ 5.62861657  3.24654711  4.43643037 -0.13635867  1.94673212  0.28854475]", "final_simplex": "(array([[ 5.62861657,  3.24654711,  4.43643037, -0.13635867,  1.94673212,\n         0.28854475],\n       [ 5.6286145 ,  3.24654739,  4.43642927, -0.13635866,  1.94673344,\n         0.2885448 ],\n       [ 5.62861355,  3.24655339,  4.43642536, -0.13636207,  1.94673295,\n         0.28854211],\n       [ 5.62861644,  3.24655418,  4.43642611, -0.13635698,  1.94673065,\n         0.28854517],\n       [ 5.62861267,  3.2465514 ,  4.4364309 , -0.13636016,  1.9467303 ,\n         0.28854386],\n       [ 5.62861624,  3.24655493,  4.43642611, -0.13635622,  1.94672728,\n         0.28854568],\n       [ 5.62861313,  3.24654612,  4.43643731, -0.13636458,  1.94673825,\n         0.28854231]]), array([0.0216592, 0.0216592, 0.0216592, 0.0216592, 0.0216592, 0.0216592,\n       0.0216592]))", "callback": [0.7844275692530491, 0.6198477778942768, 0.5334581267860279, 0.19578492411151882, 0.16458872029097682, 0.13574067182465221, 0.08161342791225479, 0.032879142782813675, 0.03175353918810586, 0.028632517500779775, 0.02800344881125194, 0.027753651221197995, 0.027623736951214006, 0.027384887009241132, 0.026941697266469555, 0.02556840438800756, 0.022173779493353862, 0.021912551908301436, 0.021712984021921344, 0.021669046221673982, 0.02166092129607744, 0.02165969152882996, 0.021659417925908198, 0.021659244699109736, 0.02165921113557223, 0.021659205353241617, 0.021659204711383273, 0.02165920461789117, 0.021659204609923544]}, "9": {"maxiter": 1000, "fatol": 1e-05, "xatol": 1e-10, "duration": 0.6498839855194092, "fun": "0.021659204607829996", "nit": "371", "nfev": "671", "status": "0", "success": "True", "message": "Optimization terminated successfully.", "x": "[ 5.62861476  3.24654949  4.43643087 -0.1363602   1.94673315  0.28854392]", "final_simplex": "(array([[ 5.62861476,  3.24654949,  4.43643087, -0.1363602 ,  1.94673315,\n         0.28854392],\n       [ 5.62861476,  3.24654949,  4.43643087, -0.1363602 ,  1.94673315,\n         0.28854392],\n       [ 5.62861476,  3.24654949,  4.43643087, -0.1363602 ,  1.94673315,\n         0.28854392],\n       [ 5.62861476,  3.24654949,  4.43643087, -0.1363602 ,  1.94673315,\n         0.28854392],\n       [ 5.62861476,  3.24654949,  4.43643087, -0.1363602 ,  1.94673315,\n         0.28854392],\n       [ 5.62861476,  3.24654949,  4.43643087, -0.1363602 ,  1.94673315,\n         0.28854392],\n       [ 5.62861476,  3.24654949,  4.43643087, -0.1363602 ,  1.94673315,\n         0.28854392]]), array([0.0216592, 0.0216592, 0.0216592, 0.0216592, 0.0216592, 0.0216592,\n       0.0216592]))", "callback": [0.7844275692530491, 0.6198477778942768, 0.5334581267860279, 0.19578492411151882, 0.16458872029097682, 0.13574067182465221, 0.08161342791225479, 0.032879142782813675, 0.03175353918810586, 0.028632517500779775, 0.02800344881125194, 0.027753651221197995, 0.027623736951214006, 0.027384887009241132, 0.026941697266469555, 0.02556840438800756, 0.022173779493353862, 0.021912551908301436, 0.021712984021921344, 0.021669046221673982, 0.02166092129607744, 0.02165969152882996, 0.021659417925908198, 0.021659244699109736, 0.02165921113557223, 0.021659205353241617, 0.021659204711383273, 0.02165920461789117, 0.021659204609923544, 0.02165920460813764, 0.02165920460785631, 0.021659204607838323, 0.02165920460783144, 0.02165920460783044, 0.021659204607829996, 0.021659204607829996, 0.021659204607829996, 0.021659204607829996]}, "10": {"maxiter": 1000, "fatol": 1e-10, "xatol": 1e-05, "duration": 0.47347426414489746, "fun": "0.021659204609098204", "nit": "283", "nfev": "466", "status": "0", "success": "True", "message": "Optimization terminated successfully.", "x": "[ 5.62861657  3.24654711  4.43643037 -0.13635867  1.94673212  0.28854475]", "final_simplex": "(array([[ 5.62861657,  3.24654711,  4.43643037, -0.13635867,  1.94673212,\n         0.28854475],\n       [ 5.6286145 ,  3.24654739,  4.43642927, -0.13635866,  1.94673344,\n         0.2885448 ],\n       [ 5.62861355,  3.24655339,  4.43642536, -0.13636207,  1.94673295,\n         0.28854211],\n       [ 5.62861644,  3.24655418,  4.43642611, -0.13635698,  1.94673065,\n         0.28854517],\n       [ 5.62861267,  3.2465514 ,  4.4364309 , -0.13636016,  1.9467303 ,\n         0.28854386],\n       [ 5.62861624,  3.24655493,  4.43642611, -0.13635622,  1.94672728,\n         0.28854568],\n       [ 5.62861313,  3.24654612,  4.43643731, -0.13636458,  1.94673825,\n         0.28854231]]), array([0.0216592, 0.0216592, 0.0216592, 0.0216592, 0.0216592, 0.0216592,\n       0.0216592]))", "callback": [0.7844275692530491, 0.6198477778942768, 0.5334581267860279, 0.19578492411151882, 0.16458872029097682, 0.13574067182465221, 0.08161342791225479, 0.032879142782813675, 0.03175353918810586, 0.028632517500779775, 0.02800344881125194, 0.027753651221197995, 0.027623736951214006, 0.027384887009241132, 0.026941697266469555, 0.02556840438800756, 0.022173779493353862, 0.021912551908301436, 0.021712984021921344, 0.021669046221673982, 0.02166092129607744, 0.02165969152882996, 0.021659417925908198, 0.021659244699109736, 0.02165921113557223, 0.021659205353241617, 0.021659204711383273, 0.02165920461789117, 0.021659204609923544]}, "11": {"maxiter": 1000, "fatol": 1e-10, "xatol": 1e-10, "duration": 0.5800502300262451, "fun": "0.021659204607829996", "nit": "371", "nfev": "671", "status": "0", "success": "True", "message": "Optimization terminated successfully.", "x": "[ 5.62861476  3.24654949  4.43643087 -0.1363602   1.94673315  0.28854392]", "final_simplex": "(array([[ 5.62861476,  3.24654949,  4.43643087, -0.1363602 ,  1.94673315,\n         0.28854392],\n       [ 5.62861476,  3.24654949,  4.43643087, -0.1363602 ,  1.94673315,\n         0.28854392],\n       [ 5.62861476,  3.24654949,  4.43643087, -0.1363602 ,  1.94673315,\n         0.28854392],\n       [ 5.62861476,  3.24654949,  4.43643087, -0.1363602 ,  1.94673315,\n         0.28854392],\n       [ 5.62861476,  3.24654949,  4.43643087, -0.1363602 ,  1.94673315,\n         0.28854392],\n       [ 5.62861476,  3.24654949,  4.43643087, -0.1363602 ,  1.94673315,\n         0.28854392],\n       [ 5.62861476,  3.24654949,  4.43643087, -0.1363602 ,  1.94673315,\n         0.28854392]]), array([0.0216592, 0.0216592, 0.0216592, 0.0216592, 0.0216592, 0.0216592,\n       0.0216592]))", "callback": [0.7844275692530491, 0.6198477778942768, 0.5334581267860279, 0.19578492411151882, 0.16458872029097682, 0.13574067182465221, 0.08161342791225479, 0.032879142782813675, 0.03175353918810586, 0.028632517500779775, 0.02800344881125194, 0.027753651221197995, 0.027623736951214006, 0.027384887009241132, 0.026941697266469555, 0.02556840438800756, 0.022173779493353862, 0.021912551908301436, 0.021712984021921344, 0.021669046221673982, 0.02166092129607744, 0.02165969152882996, 0.021659417925908198, 0.021659244699109736, 0.02165921113557223, 0.021659205353241617, 0.021659204711383273, 0.02165920461789117, 0.021659204609923544, 0.02165920460813764, 0.02165920460785631, 0.021659204607838323, 0.02165920460783144, 0.02165920460783044, 0.021659204607829996, 0.021659204607829996, 0.021659204607829996, 0.021659204607829996]}}, "bfgs": {"type": "gradient", "0": {"maxiter": 100, "gtol": 1e-05, "xrtol": 1e-05, "eps": 1e-05, "duration": 0.12607192993164062, "fun": "0.021659204653028175", "jac": "[ 6.65822952e-07  5.98410210e-08 -7.27418126e-08 -2.70550249e-07\n  1.22857280e-07  7.40629780e-08]", "hess_inv": "[[ 4.35943632 -0.39801741 -0.9627217   3.33846166  0.31096271 -0.13753622]\n [-0.39801741 11.87733548 -8.63641566 -0.6114898  -3.86051832 -1.24067337]\n [-0.9627217  -8.63641566 10.5841654  -1.08533274  3.29072134  0.82490167]\n [ 3.33846166 -0.6114898  -1.08533274  4.91002067  0.32699827 -0.06542039]\n [ 0.31096271 -3.86051832  3.29072134  0.32699827  2.67795873  0.35885803]\n [-0.13753622 -1.24067337  0.82490167 -0.06542039  0.35885803  0.93188749]]", "nfev": "161", "njev": "23", "status": "0", "success": "True", "message": "Optimization terminated successfully.", "x": "[ 5.62620834  3.26137848  4.4557946  -0.14503828  2.16186301  0.06686201]", "nit": "20", "callback": [0.5776358874069724, 0.5051302067556458, 0.3734448822911849, 0.2345721329360413, 0.17413688883847223, 0.1199163261532894, 0.07812475358950532, 0.045519952522279805, 0.033194116589911005, 0.029669153355154076, 0.028076287833294522, 0.02673789425976869, 0.024572032333570526, 0.022433837575841276, 0.021958284903337177, 0.021665976993573643, 0.021660010389858764, 0.021659244654764764, 0.021659204995753356, 0.021659204653028175]}, "1": {"maxiter": 100, "gtol": 1e-05, "xrtol": 1e-05, "eps": 1e-10, "duration": 0.12641525268554688, "fun": "0.021659204625486983", "jac": "[-1.11022293e-06 -1.11022293e-06 -4.44089173e-06 -3.33066880e-06\n  0.00000000e+00 -1.11022309e-06]", "hess_inv": "[[ 4.31899912 -0.26873753 -1.07944288  3.30780477  0.2476165  -0.15552522]\n [-0.26873753 11.48977144 -8.33334833 -0.45357513 -3.60142424 -1.13712913]\n [-1.07944288 -8.33334833 10.36008804 -1.22584402  3.06725184  0.73145448]\n [ 3.30780477 -0.45357513 -1.22584402  4.87122203  0.24293004 -0.09478664]\n [ 0.2476165  -3.60142424  3.06725184  0.24293004  2.54312453  0.31048501]\n [-0.15552522 -1.13712913  0.73145448 -0.09478664  0.31048501  0.91519355]]", "nfev": "161", "njev": "23", "status": "0", "success": "True", "message": "Optimization terminated successfully.", "x": "[ 5.62622604  3.26137096  4.45578827 -0.14501929  2.16185987  0.06687456]", "nit": "20", "callback": [0.5776356070988705, 0.5051303623110522, 0.3734471697380013, 0.23457311773188072, 0.17413717833089404, 0.11991513833089962, 0.07812396781238162, 0.04551953196552061, 0.03319512121084167, 0.02967120658650302, 0.02807803647445417, 0.02673963746663921, 0.02457400132662957, 0.022435064216383527, 0.02195894676630039, 0.021665962625261326, 0.021660007080952504, 0.021659246501808838, 0.021659205030477247, 0.021659204625486983]}, "2": {"maxiter": 100, "gtol": 1e-05, "xrtol": 1e-10, "eps": 1e-05, "duration": 0.12613892555236816, "fun": "0.021659204653028175", "jac": "[ 6.65822952e-07  5.98410210e-08 -7.27418126e-08 -2.70550249e-07\n  1.22857280e-07  7.40629780e-08]", "hess_inv": "[[ 4.35943632 -0.39801741 -0.9627217   3.33846166  0.31096271 -0.13753622]\n [-0.39801741 11.87733548 -8.63641566 -0.6114898  -3.86051832 -1.24067337]\n [-0.9627217  -8.63641566 10.5841654  -1.08533274  3.29072134  0.82490167]\n [ 3.33846166 -0.6114898  -1.08533274  4.91002067  0.32699827 -0.06542039]\n [ 0.31096271 -3.86051832  3.29072134  0.32699827  2.67795873  0.35885803]\n [-0.13753622 -1.24067337  0.82490167 -0.06542039  0.35885803  0.93188749]]", "nfev": "161", "njev": "23", "status": "0", "success": "True", "message": "Optimization terminated successfully.", "x": "[ 5.62620834  3.26137848  4.4557946  -0.14503828  2.16186301  0.06686201]", "nit": "20", "callback": [0.5776358874069724, 0.5051302067556458, 0.3734448822911849, 0.2345721329360413, 0.17413688883847223, 0.1199163261532894, 0.07812475358950532, 0.045519952522279805, 0.033194116589911005, 0.029669153355154076, 0.028076287833294522, 0.02673789425976869, 0.024572032333570526, 0.022433837575841276, 0.021958284903337177, 0.021665976993573643, 0.021660010389858764, 0.021659244654764764, 0.021659204995753356, 0.021659204653028175]}, "3": {"maxiter": 100, "gtol": 1e-05, "xrtol": 1e-10, "eps": 1e-10, "duration": 0.1842193603515625, "fun": "0.021659204625486983", "jac": "[-1.11022293e-06 -1.11022293e-06 -4.44089173e-06 -3.33066880e-06\n  0.00000000e+00 -1.11022309e-06]", "hess_inv": "[[ 4.31899912 -0.26873753 -1.07944288  3.30780477  0.2476165  -0.15552522]\n [-0.26873753 11.48977144 -8.33334833 -0.45357513 -3.60142424 -1.13712913]\n [-1.07944288 -8.33334833 10.36008804 -1.22584402  3.06725184  0.73145448]\n [ 3.30780477 -0.45357513 -1.22584402  4.87122203  0.24293004 -0.09478664]\n [ 0.2476165  -3.60142424  3.06725184  0.24293004  2.54312453  0.31048501]\n [-0.15552522 -1.13712913  0.73145448 -0.09478664  0.31048501  0.91519355]]", "nfev": "161", "njev": "23", "status": "0", "success": "True", "message": "Optimization terminated successfully.", "x": "[ 5.62622604  3.26137096  4.45578827 -0.14501929  2.16185987  0.06687456]", "nit": "20", "callback": [0.5776356070988705, 0.5051303623110522, 0.3734471697380013, 0.23457311773188072, 0.17413717833089404, 0.11991513833089962, 0.07812396781238162, 0.04551953196552061, 0.03319512121084167, 0.02967120658650302, 0.02807803647445417, 0.02673963746663921, 0.02457400132662957, 0.022435064216383527, 0.02195894676630039, 0.021665962625261326, 0.021660007080952504, 0.021659246501808838, 0.021659205030477247, 0.021659204625486983]}, "4": {"maxiter": 100, "gtol": 1e-10, "xrtol": 1e-05, "eps": 1e-05, "duration": 0.12743091583251953, "fun": "0.021659204653028175", "jac": "[ 6.65822952e-07  5.98410210e-08 -7.27418126e-08 -2.70550249e-07\n  1.22857280e-07  7.40629780e-08]", "hess_inv": "[[ 4.35943632 -0.39801741 -0.9627217   3.33846166  0.31096271 -0.13753622]\n [-0.39801741 11.87733548 -8.63641566 -0.6114898  -3.86051832 -1.24067337]\n [-0.9627217  -8.63641566 10.5841654  -1.08533274  3.29072134  0.82490167]\n [ 3.33846166 -0.6114898  -1.08533274  4.91002067  0.32699827 -0.06542039]\n [ 0.31096271 -3.86051832  3.29072134  0.32699827  2.67795873  0.35885803]\n [-0.13753622 -1.24067337  0.82490167 -0.06542039  0.35885803  0.93188749]]", "nfev": "161", "njev": "23", "status": "0", "success": "True", "message": "Optimization terminated successfully.", "x": "[ 5.62620834  3.26137848  4.4557946  -0.14503828  2.16186301  0.06686201]", "nit": "20", "callback": [0.5776358874069724, 0.5051302067556458, 0.3734448822911849, 0.2345721329360413, 0.17413688883847223, 0.1199163261532894, 0.07812475358950532, 0.045519952522279805, 0.033194116589911005, 0.029669153355154076, 0.028076287833294522, 0.02673789425976869, 0.024572032333570526, 0.022433837575841276, 0.021958284903337177, 0.021665976993573643, 0.021660010389858764, 0.021659244654764764, 0.021659204995753356, 0.021659204653028175]}, "5": {"maxiter": 100, "gtol": 1e-10, "xrtol": 1e-05, "eps": 1e-10, "duration": 0.19130969047546387, "fun": "0.021659204625486983", "jac": "[-1.11022293e-06 -1.11022293e-06 -4.44089173e-06 -3.33066880e-06\n  0.00000000e+00 -1.11022309e-06]", "hess_inv": "[[ 4.31899912 -0.26873753 -1.07944288  3.30780477  0.2476165  -0.15552522]\n [-0.26873753 11.48977144 -8.33334833 -0.45357513 -3.60142424 -1.13712913]\n [-1.07944288 -8.33334833 10.36008804 -1.22584402  3.06725184  0.73145448]\n [ 3.30780477 -0.45357513 -1.22584402  4.87122203  0.24293004 -0.09478664]\n [ 0.2476165  -3.60142424  3.06725184  0.24293004  2.54312453  0.31048501]\n [-0.15552522 -1.13712913  0.73145448 -0.09478664  0.31048501  0.91519355]]", "nfev": "161", "njev": "23", "status": "0", "success": "True", "message": "Optimization terminated successfully.", "x": "[ 5.62622604  3.26137096  4.45578827 -0.14501929  2.16185987  0.06687456]", "nit": "20", "callback": [0.5776356070988705, 0.5051303623110522, 0.3734471697380013, 0.23457311773188072, 0.17413717833089404, 0.11991513833089962, 0.07812396781238162, 0.04551953196552061, 0.03319512121084167, 0.02967120658650302, 0.02807803647445417, 0.02673963746663921, 0.02457400132662957, 0.022435064216383527, 0.02195894676630039, 0.021665962625261326, 0.021660007080952504, 0.021659246501808838, 0.021659205030477247, 0.021659204625486983]}, "6": {"maxiter": 100, "gtol": 1e-10, "xrtol": 1e-10, "eps": 1e-05, "duration": 0.28543639183044434, "fun": "0.021659204653028175", "jac": "[ 6.65822952e-07  5.98410210e-08 -7.27418126e-08 -2.70550249e-07\n  1.22857280e-07  7.40629780e-08]", "hess_inv": "[[ 4.30438364 -0.53940733 -0.79184992  3.31739946  0.30893048 -0.15150182]\n [-0.53940733 11.84893956 -8.57655011 -0.67844542 -3.86050158 -1.23185749]\n [-0.79184992 -8.57655011 10.48289111 -1.00539761  3.29110075  0.81765803]\n [ 3.31739946 -0.67844542 -1.00539761  4.90245688  0.32601957 -0.07248038]\n [ 0.30893048 -3.86050158  3.29110075  0.32601957  2.67796561  0.35904146]\n [-0.15150182 -1.23185749  0.81765803 -0.07248038  0.35904146  0.93430952]]", "nfev": "362", "njev": "50", "status": "2", "success": "False", "message": "Desired error not necessarily achieved due to precision loss.", "x": "[ 5.62620834  3.26137848  4.4557946  -0.14503828  2.16186301  0.06686201]", "nit": "20", "callback": [0.5776358874069724, 0.5051302067556458, 0.3734448822911849, 0.2345721329360413, 0.17413688883847223, 0.1199163261532894, 0.07812475358950532, 0.045519952522279805, 0.033194116589911005, 0.029669153355154076, 0.028076287833294522, 0.02673789425976869, 0.024572032333570526, 0.022433837575841276, 0.021958284903337177, 0.021665976993573643, 0.021660010389858764, 0.021659244654764764, 0.021659204995753356, 0.021659204653028175]}, "7": {"maxiter": 100, "gtol": 1e-10, "xrtol": 1e-10, "eps": 1e-10, "duration": 0.3358268737792969, "fun": "0.021659204609743243", "jac": "[1.11022293e-06 0.00000000e+00 0.00000000e+00 0.00000000e+00\n 3.33066880e-06 2.22044617e-06]", "hess_inv": "[[ 1.02467987  0.16127403  0.04097095 -1.17779276 -0.83615403  1.01143296]\n [ 0.16127403  0.41454264 -0.1948641  -0.60660513 -0.48481599  0.53010613]\n [ 0.04097095 -0.1948641   0.29156856  0.1152044   0.1755867  -0.16478263]\n [-1.17779276 -0.60660513  0.1152044   1.91036671  1.35906568 -1.57167587]\n [-0.83615403 -0.48481599  0.1755867   1.35906568  1.16778255 -1.24438679]\n [ 1.01143296  0.53010613 -0.16478263 -1.57167587 -1.24438679  1.39331493]]", "nfev": "343", "njev": "49", "status": "0", "success": "True", "message": "Optimization terminated successfully.", "x": "[ 5.62622414  3.26136967  4.45579711 -0.14501989  2.16185974  0.06687394]", "nit": "29", "callback": [0.5776356070988705, 0.5051303623110522, 0.3734471697380013, 0.23457311773188072, 0.17413717833089404, 0.11991513833089962, 0.07812396781238162, 0.04551953196552061, 0.03319512121084167, 0.02967120658650302, 0.02807803647445417, 0.02673963746663921, 0.02457400132662957, 0.022435064216383527, 0.02195894676630039, 0.021665962625261326, 0.021660007080952504, 0.021659246501808838, 0.021659205030477247, 0.021659204625486983, 0.021659204622755057, 0.021659204622704542, 0.021659204617071715, 0.02165920461515758, 0.021659204613107663, 0.021659204609829286, 0.021659204609743465, 0.021659204609743243, 0.021659204609743243]}, "8": {"maxiter": 500, "gtol": 1e-05, "xrtol": 1e-05, "eps": 1e-05, "duration": 0.12706494331359863, "fun": "0.021659204653028175", "jac": "[ 6.65822952e-07  5.98410210e-08 -7.27418126e-08 -2.70550249e-07\n  1.22857280e-07  7.40629780e-08]", "hess_inv": "[[ 4.35943632 -0.39801741 -0.9627217   3.33846166  0.31096271 -0.13753622]\n [-0.39801741 11.87733548 -8.63641566 -0.6114898  -3.86051832 -1.24067337]\n [-0.9627217  -8.63641566 10.5841654  -1.08533274  3.29072134  0.82490167]\n [ 3.33846166 -0.6114898  -1.08533274  4.91002067  0.32699827 -0.06542039]\n [ 0.31096271 -3.86051832  3.29072134  0.32699827  2.67795873  0.35885803]\n [-0.13753622 -1.24067337  0.82490167 -0.06542039  0.35885803  0.93188749]]", "nfev": "161", "njev": "23", "status": "0", "success": "True", "message": "Optimization terminated successfully.", "x": "[ 5.62620834  3.26137848  4.4557946  -0.14503828  2.16186301  0.06686201]", "nit": "20", "callback": [0.5776358874069724, 0.5051302067556458, 0.3734448822911849, 0.2345721329360413, 0.17413688883847223, 0.1199163261532894, 0.07812475358950532, 0.045519952522279805, 0.033194116589911005, 0.029669153355154076, 0.028076287833294522, 0.02673789425976869, 0.024572032333570526, 0.022433837575841276, 0.021958284903337177, 0.021665976993573643, 0.021660010389858764, 0.021659244654764764, 0.021659204995753356, 0.021659204653028175]}, "9": {"maxiter": 500, "gtol": 1e-05, "xrtol": 1e-05, "eps": 1e-10, "duration": 0.12773942947387695, "fun": "0.021659204625486983", "jac": "[-1.11022293e-06 -1.11022293e-06 -4.44089173e-06 -3.33066880e-06\n  0.00000000e+00 -1.11022309e-06]", "hess_inv": "[[ 4.31899912 -0.26873753 -1.07944288  3.30780477  0.2476165  -0.15552522]\n [-0.26873753 11.48977144 -8.33334833 -0.45357513 -3.60142424 -1.13712913]\n [-1.07944288 -8.33334833 10.36008804 -1.22584402  3.06725184  0.73145448]\n [ 3.30780477 -0.45357513 -1.22584402  4.87122203  0.24293004 -0.09478664]\n [ 0.2476165  -3.60142424  3.06725184  0.24293004  2.54312453  0.31048501]\n [-0.15552522 -1.13712913  0.73145448 -0.09478664  0.31048501  0.91519355]]", "nfev": "161", "njev": "23", "status": "0", "success": "True", "message": "Optimization terminated successfully.", "x": "[ 5.62622604  3.26137096  4.45578827 -0.14501929  2.16185987  0.06687456]", "nit": "20", "callback": [0.5776356070988705, 0.5051303623110522, 0.3734471697380013, 0.23457311773188072, 0.17413717833089404, 0.11991513833089962, 0.07812396781238162, 0.04551953196552061, 0.03319512121084167, 0.02967120658650302, 0.02807803647445417, 0.02673963746663921, 0.02457400132662957, 0.022435064216383527, 0.02195894676630039, 0.021665962625261326, 0.021660007080952504, 0.021659246501808838, 0.021659205030477247, 0.021659204625486983]}, "10": {"maxiter": 500, "gtol": 1e-05, "xrtol": 1e-10, "eps": 1e-05, "duration": 0.14349722862243652, "fun": "0.021659204653028175", "jac": "[ 6.65822952e-07  5.98410210e-08 -7.27418126e-08 -2.70550249e-07\n  1.22857280e-07  7.40629780e-08]", "hess_inv": "[[ 4.35943632 -0.39801741 -0.9627217   3.33846166  0.31096271 -0.13753622]\n [-0.39801741 11.87733548 -8.63641566 -0.6114898  -3.86051832 -1.24067337]\n [-0.9627217  -8.63641566 10.5841654  -1.08533274  3.29072134  0.82490167]\n [ 3.33846166 -0.6114898  -1.08533274  4.91002067  0.32699827 -0.06542039]\n [ 0.31096271 -3.86051832  3.29072134  0.32699827  2.67795873  0.35885803]\n [-0.13753622 -1.24067337  0.82490167 -0.06542039  0.35885803  0.93188749]]", "nfev": "161", "njev": "23", "status": "0", "success": "True", "message": "Optimization terminated successfully.", "x": "[ 5.62620834  3.26137848  4.4557946  -0.14503828  2.16186301  0.06686201]", "nit": "20", "callback": [0.5776358874069724, 0.5051302067556458, 0.3734448822911849, 0.2345721329360413, 0.17413688883847223, 0.1199163261532894, 0.07812475358950532, 0.045519952522279805, 0.033194116589911005, 0.029669153355154076, 0.028076287833294522, 0.02673789425976869, 0.024572032333570526, 0.022433837575841276, 0.021958284903337177, 0.021665976993573643, 0.021660010389858764, 0.021659244654764764, 0.021659204995753356, 0.021659204653028175]}, "11": {"maxiter": 500, "gtol": 1e-05, "xrtol": 1e-10, "eps": 1e-10, "duration": 0.2604670524597168, "fun": "0.021659204625486983", "jac": "[-1.11022293e-06 -1.11022293e-06 -4.44089173e-06 -3.33066880e-06\n  0.00000000e+00 -1.11022309e-06]", "hess_inv": "[[ 4.31899912 -0.26873753 -1.07944288  3.30780477  0.2476165  -0.15552522]\n [-0.26873753 11.48977144 -8.33334833 -0.45357513 -3.60142424 -1.13712913]\n [-1.07944288 -8.33334833 10.36008804 -1.22584402  3.06725184  0.73145448]\n [ 3.30780477 -0.45357513 -1.22584402  4.87122203  0.24293004 -0.09478664]\n [ 0.2476165  -3.60142424  3.06725184  0.24293004  2.54312453  0.31048501]\n [-0.15552522 -1.13712913  0.73145448 -0.09478664  0.31048501  0.91519355]]", "nfev": "161", "njev": "23", "status": "0", "success": "True", "message": "Optimization terminated successfully.", "x": "[ 5.62622604  3.26137096  4.45578827 -0.14501929  2.16185987  0.06687456]", "nit": "20", "callback": [0.5776356070988705, 0.5051303623110522, 0.3734471697380013, 0.23457311773188072, 0.17413717833089404, 0.11991513833089962, 0.07812396781238162, 0.04551953196552061, 0.03319512121084167, 0.02967120658650302, 0.02807803647445417, 0.02673963746663921, 0.02457400132662957, 0.022435064216383527, 0.02195894676630039, 0.021665962625261326, 0.021660007080952504, 0.021659246501808838, 0.021659205030477247, 0.021659204625486983]}, "12": {"maxiter": 500, "gtol": 1e-10, "xrtol": 1e-05, "eps": 1e-05, "duration": 0.2584991455078125, "fun": "0.021659204653028175", "jac": "[ 6.65822952e-07  5.98410210e-08 -7.27418126e-08 -2.70550249e-07\n  1.22857280e-07  7.40629780e-08]", "hess_inv": "[[ 4.35943632 -0.39801741 -0.9627217   3.33846166  0.31096271 -0.13753622]\n [-0.39801741 11.87733548 -8.63641566 -0.6114898  -3.86051832 -1.24067337]\n [-0.9627217  -8.63641566 10.5841654  -1.08533274  3.29072134  0.82490167]\n [ 3.33846166 -0.6114898  -1.08533274  4.91002067  0.32699827 -0.06542039]\n [ 0.31096271 -3.86051832  3.29072134  0.32699827  2.67795873  0.35885803]\n [-0.13753622 -1.24067337  0.82490167 -0.06542039  0.35885803  0.93188749]]", "nfev": "161", "njev": "23", "status": "0", "success": "True", "message": "Optimization terminated successfully.", "x": "[ 5.62620834  3.26137848  4.4557946  -0.14503828  2.16186301  0.06686201]", "nit": "20", "callback": [0.5776358874069724, 0.5051302067556458, 0.3734448822911849, 0.2345721329360413, 0.17413688883847223, 0.1199163261532894, 0.07812475358950532, 0.045519952522279805, 0.033194116589911005, 0.029669153355154076, 0.028076287833294522, 0.02673789425976869, 0.024572032333570526, 0.022433837575841276, 0.021958284903337177, 0.021665976993573643, 0.021660010389858764, 0.021659244654764764, 0.021659204995753356, 0.021659204653028175]}, "13": {"maxiter": 500, "gtol": 1e-10, "xrtol": 1e-05, "eps": 1e-10, "duration": 0.2596750259399414, "fun": "0.021659204625486983", "jac": "[-1.11022293e-06 -1.11022293e-06 -4.44089173e-06 -3.33066880e-06\n  0.00000000e+00 -1.11022309e-06]", "hess_inv": "[[ 4.31899912 -0.26873753 -1.07944288  3.30780477  0.2476165  -0.15552522]\n [-0.26873753 11.48977144 -8.33334833 -0.45357513 -3.60142424 -1.13712913]\n [-1.07944288 -8.33334833 10.36008804 -1.2258