{"date": "2024/10/26/, 01:50:41", "conf_id": 39, "data_type": "random\n", "num_data_points": 2, "s_rank": 0, "unitary": "[[-0.24866696+0.58742286j,-0.44704345-0.43151574j,-0.35669027-0.20570733j,-0.10517633+0.1626036j],[0.10596805-0.19687975j,-0.30269685-0.15056416j,0.18246286+0.30440582j,-0.83484447-0.11310748j],[0.26054512-0.52548482j,0.0285017-0.50723956j,-0.43110112+0.17165838j,0.15243271+0.39915801j],[0.42978035+0.11991271j,-0.17224126-0.46030424j,0.6827807-0.15164662j,0.26483638+0.0061855j]]", "databatch_0": {"databatch": "[[[0.2899831+0.09661422j,-0.09012481-0.09409548j,0.11340146+0.15212825j,0.09672928-0.34383353j],[0.00829794-0.12135414j,0.3339525-0.06584563j,0.33165659-0.13895769j,0.25902902+0.03472306j],[-0.12374551+0.11325095j,0.10047156+0.19538283j,-0.12170282-0.03747861j,0.04648265-0.08858834j],[-0.00086499+0.12874709j,0.03097833+0.11905253j,-0.28579563-0.26169346j,0.0786504+0.32720753j]],[[0.04863785+0.12629008j,-0.01092007+0.14590644j,0.28195926-0.19060785j,-0.13925513-0.18000978j],[0.18858471+0.10598429j,0.4217282-0.11926141j,0.11960021+0.21158929j,-0.12085393-0.08953473j],[0.3498209-0.00487951j,-0.14855322-0.03162362j,0.05698042-0.04587108j,0.27806977+0.16053985j],[-0.0631952-0.22324966j,0.02639835+0.34773753j,0.14295883+0.07003408j,-0.02764561+0.12886509j]]]", "initial param values": "[3.72299766,3.90701198,1.78368661,0.28461202,1.15767073,0.21376244]", "nelder_mead": {"type": "gradient-free", "0": {"maxiter": 100, "fatol": 1e-05, "xatol": 1e-05, "duration": 0.12138772010803223, "fun": "0.6634856416858921", "nit": "100", "nfev": "154", "status": "2", "success": "False", "message": "Maximum number of iterations has been exceeded.", "x": "[ 5.09710255  2.6219099   1.82037891  0.53064366  3.01383454 -0.12774916]", "final_simplex": "(array([[ 5.09710255,  2.6219099 ,  1.82037891,  0.53064366,  3.01383454,\n        -0.12774916],\n       [ 4.99220181,  2.64294153,  1.86462724,  0.54552742,  3.10291531,\n        -0.13975062],\n       [ 5.06020217,  2.58522787,  1.87235651,  0.53809289,  3.07615064,\n        -0.13612556],\n       [ 5.06675484,  2.68466963,  1.83224246,  0.52046362,  2.9925231 ,\n        -0.11485503],\n       [ 5.07127487,  2.65372477,  1.84932662,  0.53376992,  3.11359823,\n        -0.13831712],\n       [ 5.02433893,  2.59402973,  1.92820898,  0.5465227 ,  3.1034412 ,\n        -0.13479334],\n       [ 5.0456255 ,  2.68037334,  1.89212263,  0.53174173,  3.07881934,\n        -0.12719173]]), array([0.66348564, 0.66394626, 0.66478779, 0.66498867, 0.66501744,\n       0.66503741, 0.6652772 ]))", "callback": [0.8818078641996371, 0.8415712160758326, 0.7531382197239981, 0.7472443185948061, 0.7311980658551179, 0.71908703207316, 0.6759855861245943, 0.6685670249720883, 0.6662220346058416, 0.6652771997568425]}, "1": {"maxiter": 100, "fatol": 1e-05, "xatol": 1e-10, "duration": 0.11861920356750488, "fun": "0.6634856416858921", "nit": "100", "nfev": "154", "status": "2", "success": "False", "message": "Maximum number of iterations has been exceeded.", "x": "[ 5.09710255  2.6219099   1.82037891  0.53064366  3.01383454 -0.12774916]", "final_simplex": "(array([[ 5.09710255,  2.6219099 ,  1.82037891,  0.53064366,  3.01383454,\n        -0.12774916],\n       [ 4.99220181,  2.64294153,  1.86462724,  0.54552742,  3.10291531,\n        -0.13975062],\n       [ 5.06020217,  2.58522787,  1.87235651,  0.53809289,  3.07615064,\n        -0.13612556],\n       [ 5.06675484,  2.68466963,  1.83224246,  0.52046362,  2.9925231 ,\n        -0.11485503],\n       [ 5.07127487,  2.65372477,  1.84932662,  0.53376992,  3.11359823,\n        -0.13831712],\n       [ 5.02433893,  2.59402973,  1.92820898,  0.5465227 ,  3.1034412 ,\n        -0.13479334],\n       [ 5.0456255 ,  2.68037334,  1.89212263,  0.53174173,  3.07881934,\n        -0.12719173]]), array([0.66348564, 0.66394626, 0.66478779, 0.66498867, 0.66501744,\n       0.66503741, 0.6652772 ]))", "callback": [0.8818078641996371, 0.8415712160758326, 0.7531382197239981, 0.7472443185948061, 0.7311980658551179, 0.71908703207316, 0.6759855861245943, 0.6685670249720883, 0.6662220346058416, 0.6652771997568425]}, "2": {"maxiter": 100, "fatol": 1e-10, "xatol": 1e-05, "duration": 0.11842203140258789, "fun": "0.6634856416858921", "nit": "100", "nfev": "154", "status": "2", "success": "False", "message": "Maximum number of iterations has been exceeded.", "x": "[ 5.09710255  2.6219099   1.82037891  0.53064366  3.01383454 -0.12774916]", "final_simplex": "(array([[ 5.09710255,  2.6219099 ,  1.82037891,  0.53064366,  3.01383454,\n        -0.12774916],\n       [ 4.99220181,  2.64294153,  1.86462724,  0.54552742,  3.10291531,\n        -0.13975062],\n       [ 5.06020217,  2.58522787,  1.87235651,  0.53809289,  3.07615064,\n        -0.13612556],\n       [ 5.06675484,  2.68466963,  1.83224246,  0.52046362,  2.9925231 ,\n        -0.11485503],\n       [ 5.07127487,  2.65372477,  1.84932662,  0.53376992,  3.11359823,\n        -0.13831712],\n       [ 5.02433893,  2.59402973,  1.92820898,  0.5465227 ,  3.1034412 ,\n        -0.13479334],\n       [ 5.0456255 ,  2.68037334,  1.89212263,  0.53174173,  3.07881934,\n        -0.12719173]]), array([0.66348564, 0.66394626, 0.66478779, 0.66498867, 0.66501744,\n       0.66503741, 0.6652772 ]))", "callback": [0.8818078641996371, 0.8415712160758326, 0.7531382197239981, 0.7472443185948061, 0.7311980658551179, 0.71908703207316, 0.6759855861245943, 0.6685670249720883, 0.6662220346058416, 0.6652771997568425]}, "3": {"maxiter": 100, "fatol": 1e-10, "xatol": 1e-10, "duration": 0.18273353576660156, "fun": "0.6634856416858921", "nit": "100", "nfev": "154", "status": "2", "success": "False", "message": "Maximum number of iterations has been exceeded.", "x": "[ 5.09710255  2.6219099   1.82037891  0.53064366  3.01383454 -0.12774916]", "final_simplex": "(array([[ 5.09710255,  2.6219099 ,  1.82037891,  0.53064366,  3.01383454,\n        -0.12774916],\n       [ 4.99220181,  2.64294153,  1.86462724,  0.54552742,  3.10291531,\n        -0.13975062],\n       [ 5.06020217,  2.58522787,  1.87235651,  0.53809289,  3.07615064,\n        -0.13612556],\n       [ 5.06675484,  2.68466963,  1.83224246,  0.52046362,  2.9925231 ,\n        -0.11485503],\n       [ 5.07127487,  2.65372477,  1.84932662,  0.53376992,  3.11359823,\n        -0.13831712],\n       [ 5.02433893,  2.59402973,  1.92820898,  0.5465227 ,  3.1034412 ,\n        -0.13479334],\n       [ 5.0456255 ,  2.68037334,  1.89212263,  0.53174173,  3.07881934,\n        -0.12719173]]), array([0.66348564, 0.66394626, 0.66478779, 0.66498867, 0.66501744,\n       0.66503741, 0.6652772 ]))", "callback": [0.8818078641996371, 0.8415712160758326, 0.7531382197239981, 0.7472443185948061, 0.7311980658551179, 0.71908703207316, 0.6759855861245943, 0.6685670249720883, 0.6662220346058416, 0.6652771997568425]}, "4": {"maxiter": 500, "fatol": 1e-05, "xatol": 1e-05, "duration": 0.6791021823883057, "fun": "0.48572140707912714", "nit": "500", "nfev": "783", "status": "2", "success": "False", "message": "Maximum number of iterations has been exceeded.", "x": "[ 5.06324677  3.1326979   1.54096952  1.78452153  2.85560321 -0.69914773]", "final_simplex": "(array([[ 5.06324677,  3.1326979 ,  1.54096952,  1.78452153,  2.85560321,\n        -0.69914773],\n       [ 5.06325862,  3.13269808,  1.54096558,  1.78450864,  2.85560654,\n        -0.69914865],\n       [ 5.06324964,  3.13269315,  1.5409687 ,  1.78451177,  2.85560027,\n        -0.69915796],\n       [ 5.06325724,  3.13269539,  1.54097791,  1.78451961,  2.85560347,\n        -0.69915338],\n       [ 5.06325398,  3.1326891 ,  1.54096517,  1.78451728,  2.8555966 ,\n        -0.69915665],\n       [ 5.0632461 ,  3.13269463,  1.54096443,  1.78452285,  2.85561324,\n        -0.69915409],\n       [ 5.06324332,  3.13268233,  1.54097155,  1.78451514,  2.85560917,\n        -0.69914585]]), array([0.48572141, 0.48572141, 0.48572141, 0.48572141, 0.48572141,\n       0.48572141, 0.48572141]))", "callback": [0.8818078641996371, 0.8415712160758326, 0.7531382197239981, 0.7472443185948061, 0.7311980658551179, 0.71908703207316, 0.6759855861245943, 0.6685670249720883, 0.6662220346058416, 0.6652771997568425, 0.6634856416858921, 0.6605539403918337, 0.6543679641756935, 0.645278174365371, 0.6005806430529098, 0.5803899544710776, 0.5114536908826179, 0.49466474667001503, 0.49014968889712807, 0.48704923884278417, 0.48641854168852405, 0.4863483466709816, 0.48634102537954005, 0.48633759733084736, 0.48633649509626475, 0.48633584157516485, 0.4863352318823667, 0.48633362378053135, 0.4863272016836969, 0.4863041079257514, 0.48625604755605156, 0.4862303773281694, 0.48608571503641496, 0.48595782003915455, 0.48578093162645986, 0.485737451220422, 0.4857255878475011, 0.48572344725003425, 0.48572167341757166, 0.48572158753216077, 0.48572145089350116, 0.4857214199025086, 0.48572141403479974, 0.4857214096332976, 0.4857214091775617, 0.485721408720849, 0.4857214078335965, 0.48572140743375714, 0.48572140726722124, 0.48572140710727374]}, "5": {"maxiter": 500, "fatol": 1e-05, "xatol": 1e-10, "duration": 0.6157643795013428, "fun": "0.48572140707912714", "nit": "500", "nfev": "783", "status": "2", "success": "False", "message": "Maximum number of iterations has been exceeded.", "x": "[ 5.06324677  3.1326979   1.54096952  1.78452153  2.85560321 -0.69914773]", "final_simplex": "(array([[ 5.06324677,  3.1326979 ,  1.54096952,  1.78452153,  2.85560321,\n        -0.69914773],\n       [ 5.06325862,  3.13269808,  1.54096558,  1.78450864,  2.85560654,\n        -0.69914865],\n       [ 5.06324964,  3.13269315,  1.5409687 ,  1.78451177,  2.85560027,\n        -0.69915796],\n       [ 5.06325724,  3.13269539,  1.54097791,  1.78451961,  2.85560347,\n        -0.69915338],\n       [ 5.06325398,  3.1326891 ,  1.54096517,  1.78451728,  2.8555966 ,\n        -0.69915665],\n       [ 5.0632461 ,  3.13269463,  1.54096443,  1.78452285,  2.85561324,\n        -0.69915409],\n       [ 5.06324332,  3.13268233,  1.54097155,  1.78451514,  2.85560917,\n        -0.69914585]]), array([0.48572141, 0.48572141, 0.48572141, 0.48572141, 0.48572141,\n       0.48572141, 0.48572141]))", "callback": [0.8818078641996371, 0.8415712160758326, 0.7531382197239981, 0.7472443185948061, 0.7311980658551179, 0.71908703207316, 0.6759855861245943, 0.6685670249720883, 0.6662220346058416, 0.6652771997568425, 0.6634856416858921, 0.6605539403918337, 0.6543679641756935, 0.645278174365371, 0.6005806430529098, 0.5803899544710776, 0.5114536908826179, 0.49466474667001503, 0.49014968889712807, 0.48704923884278417, 0.48641854168852405, 0.4863483466709816, 0.48634102537954005, 0.48633759733084736, 0.48633649509626475, 0.48633584157516485, 0.4863352318823667, 0.48633362378053135, 0.4863272016836969, 0.4863041079257514, 0.48625604755605156, 0.4862303773281694, 0.48608571503641496, 0.48595782003915455, 0.48578093162645986, 0.485737451220422, 0.4857255878475011, 0.48572344725003425, 0.48572167341757166, 0.48572158753216077, 0.48572145089350116, 0.4857214199025086, 0.48572141403479974, 0.4857214096332976, 0.4857214091775617, 0.485721408720849, 0.4857214078335965, 0.48572140743375714, 0.48572140726722124, 0.48572140710727374]}, "6": {"maxiter": 500, "fatol": 1e-10, "xatol": 1e-05, "duration": 0.6849808692932129, "fun": "0.48572140707912714", "nit": "500", "nfev": "783", "status": "2", "success": "False", "message": "Maximum number of iterations has been exceeded.", "x": "[ 5.06324677  3.1326979   1.54096952  1.78452153  2.85560321 -0.69914773]", "final_simplex": "(array([[ 5.06324677,  3.1326979 ,  1.54096952,  1.78452153,  2.85560321,\n        -0.69914773],\n       [ 5.06325862,  3.13269808,  1.54096558,  1.78450864,  2.85560654,\n        -0.69914865],\n       [ 5.06324964,  3.13269315,  1.5409687 ,  1.78451177,  2.85560027,\n        -0.69915796],\n       [ 5.06325724,  3.13269539,  1.54097791,  1.78451961,  2.85560347,\n        -0.69915338],\n       [ 5.06325398,  3.1326891 ,  1.54096517,  1.78451728,  2.8555966 ,\n        -0.69915665],\n       [ 5.0632461 ,  3.13269463,  1.54096443,  1.78452285,  2.85561324,\n        -0.69915409],\n       [ 5.06324332,  3.13268233,  1.54097155,  1.78451514,  2.85560917,\n        -0.69914585]]), array([0.48572141, 0.48572141, 0.48572141, 0.48572141, 0.48572141,\n       0.48572141, 0.48572141]))", "callback": [0.8818078641996371, 0.8415712160758326, 0.7531382197239981, 0.7472443185948061, 0.7311980658551179, 0.71908703207316, 0.6759855861245943, 0.6685670249720883, 0.6662220346058416, 0.6652771997568425, 0.6634856416858921, 0.6605539403918337, 0.6543679641756935, 0.645278174365371, 0.6005806430529098, 0.5803899544710776, 0.5114536908826179, 0.49466474667001503, 0.49014968889712807, 0.48704923884278417, 0.48641854168852405, 0.4863483466709816, 0.48634102537954005, 0.48633759733084736, 0.48633649509626475, 0.48633584157516485, 0.4863352318823667, 0.48633362378053135, 0.4863272016836969, 0.4863041079257514, 0.48625604755605156, 0.4862303773281694, 0.48608571503641496, 0.48595782003915455, 0.48578093162645986, 0.485737451220422, 0.4857255878475011, 0.48572344725003425, 0.48572167341757166, 0.48572158753216077, 0.48572145089350116, 0.4857214199025086, 0.48572141403479974, 0.4857214096332976, 0.4857214091775617, 0.485721408720849, 0.4857214078335965, 0.48572140743375714, 0.48572140726722124, 0.48572140710727374]}, "7": {"maxiter": 500, "fatol": 1e-10, "xatol": 1e-10, "duration": 0.733278751373291, "fun": "0.48572140707912714", "nit": "500", "nfev": "783", "status": "2", "success": "False", "message": "Maximum number of iterations has been exceeded.", "x": "[ 5.06324677  3.1326979   1.54096952  1.78452153  2.85560321 -0.69914773]", "final_simplex": "(array([[ 5.06324677,  3.1326979 ,  1.54096952,  1.78452153,  2.85560321,\n        -0.69914773],\n       [ 5.06325862,  3.13269808,  1.54096558,  1.78450864,  2.85560654,\n        -0.69914865],\n       [ 5.06324964,  3.13269315,  1.5409687 ,  1.78451177,  2.85560027,\n        -0.69915796],\n       [ 5.06325724,  3.13269539,  1.54097791,  1.78451961,  2.85560347,\n        -0.69915338],\n       [ 5.06325398,  3.1326891 ,  1.54096517,  1.78451728,  2.8555966 ,\n        -0.69915665],\n       [ 5.0632461 ,  3.13269463,  1.54096443,  1.78452285,  2.85561324,\n        -0.69915409],\n       [ 5.06324332,  3.13268233,  1.54097155,  1.78451514,  2.85560917,\n        -0.69914585]]), array([0.48572141, 0.48572141, 0.48572141, 0.48572141, 0.48572141,\n       0.48572141, 0.48572141]))", "callback": [0.8818078641996371, 0.8415712160758326, 0.7531382197239981, 0.7472443185948061, 0.7311980658551179, 0.71908703207316, 0.6759855861245943, 0.6685670249720883, 0.6662220346058416, 0.6652771997568425, 0.6634856416858921, 0.6605539403918337, 0.6543679641756935, 0.645278174365371, 0.6005806430529098, 0.5803899544710776, 0.5114536908826179, 0.49466474667001503, 0.49014968889712807, 0.48704923884278417, 0.48641854168852405, 0.4863483466709816, 0.48634102537954005, 0.48633759733084736, 0.48633649509626475, 0.48633584157516485, 0.4863352318823667, 0.48633362378053135, 0.4863272016836969, 0.4863041079257514, 0.48625604755605156, 0.4862303773281694, 0.48608571503641496, 0.48595782003915455, 0.48578093162645986, 0.485737451220422, 0.4857255878475011, 0.48572344725003425, 0.48572167341757166, 0.48572158753216077, 0.48572145089350116, 0.4857214199025086, 0.48572141403479974, 0.4857214096332976, 0.4857214091775617, 0.485721408720849, 0.4857214078335965, 0.48572140743375714, 0.48572140726722124, 0.48572140710727374]}, "8": {"maxiter": 1000, "fatol": 1e-05, "xatol": 1e-05, "duration": 0.685474157333374, "fun": "0.48572140706983047", "nit": "507", "nfev": "796", "status": "0", "success": "True", "message": "Optimization terminated successfully.", "x": "[ 5.06325551  3.13269734  1.5409671   1.7845133   2.85560466 -0.69915117]", "final_simplex": "(array([[ 5.06325551,  3.13269734,  1.5409671 ,  1.7845133 ,  2.85560466,\n        -0.69915117],\n       [ 5.06325677,  3.13270136,  1.54096739,  1.78451755,  2.85560103,\n        -0.69915656],\n       [ 5.0632516 ,  3.13269512,  1.54096842,  1.78451439,  2.85560191,\n        -0.69915528],\n       [ 5.06325496,  3.132696  ,  1.54097269,  1.78451781,  2.85560326,\n        -0.69915337],\n       [ 5.06325394,  3.13269349,  1.54096707,  1.78451696,  2.85559992,\n        -0.69915517],\n       [ 5.0632503 ,  3.13269571,  1.54096658,  1.78451956,  2.85560734,\n        -0.6991541 ],\n       [ 5.06324677,  3.1326979 ,  1.54096952,  1.78452153,  2.85560321,\n        -0.69914773]]), array([0.48572141, 0.48572141, 0.48572141, 0.48572141, 0.48572141,\n       0.48572141, 0.48572141]))", "callback": [0.8818078641996371, 0.8415712160758326, 0.7531382197239981, 0.7472443185948061, 0.7311980658551179, 0.71908703207316, 0.6759855861245943, 0.6685670249720883, 0.6662220346058416, 0.6652771997568425, 0.6634856416858921, 0.6605539403918337, 0.6543679641756935, 0.645278174365371, 0.6005806430529098, 0.5803899544710776, 0.5114536908826179, 0.49466474667001503, 0.49014968889712807, 0.48704923884278417, 0.48641854168852405, 0.4863483466709816, 0.48634102537954005, 0.48633759733084736, 0.48633649509626475, 0.48633584157516485, 0.4863352318823667, 0.48633362378053135, 0.4863272016836969, 0.4863041079257514, 0.48625604755605156, 0.4862303773281694, 0.48608571503641496, 0.48595782003915455, 0.48578093162645986, 0.485737451220422, 0.4857255878475011, 0.48572344725003425, 0.48572167341757166, 0.48572158753216077, 0.48572145089350116, 0.4857214199025086, 0.48572141403479974, 0.4857214096332976, 0.4857214091775617, 0.485721408720849, 0.4857214078335965, 0.48572140743375714, 0.48572140726722124, 0.48572140710727374, 0.4857214070750775]}, "9": {"maxiter": 1000, "fatol": 1e-05, "xatol": 1e-10, "duration": 1.2240478992462158, "fun": "0.48572140706819145", "nit": "609", "nfev": "1015", "status": "0", "success": "True", "message": "Optimization terminated successfully.", "x": "[ 5.06325567  3.13269696  1.54096777  1.78451524  2.85560259 -0.69915421]", "final_simplex": "(array([[ 5.06325567,  3.13269696,  1.54096777,  1.78451524,  2.85560259,\n        -0.69915421],\n       [ 5.06325567,  3.13269696,  1.54096777,  1.78451524,  2.85560259,\n        -0.69915421],\n       [ 5.06325567,  3.13269696,  1.54096777,  1.78451524,  2.85560259,\n        -0.69915421],\n       [ 5.06325567,  3.13269696,  1.54096777,  1.78451524,  2.85560259,\n        -0.69915421],\n       [ 5.06325567,  3.13269696,  1.54096777,  1.78451524,  2.85560259,\n        -0.69915421],\n       [ 5.06325567,  3.13269696,  1.54096777,  1.78451524,  2.85560259,\n        -0.69915421],\n       [ 5.06325567,  3.13269696,  1.54096777,  1.78451524,  2.85560259,\n        -0.69915421]]), array([0.48572141, 0.48572141, 0.48572141, 0.48572141, 0.48572141,\n       0.48572141, 0.48572141]))", "callback": [0.8818078641996371, 0.8415712160758326, 0.7531382197239981, 0.7472443185948061, 0.7311980658551179, 0.71908703207316, 0.6759855861245943, 0.6685670249720883, 0.6662220346058416, 0.6652771997568425, 0.6634856416858921, 0.6605539403918337, 0.6543679641756935, 0.645278174365371, 0.6005806430529098, 0.5803899544710776, 0.5114536908826179, 0.49466474667001503, 0.49014968889712807, 0.48704923884278417, 0.48641854168852405, 0.4863483466709816, 0.48634102537954005, 0.48633759733084736, 0.48633649509626475, 0.48633584157516485, 0.4863352318823667, 0.48633362378053135, 0.4863272016836969, 0.4863041079257514, 0.48625604755605156, 0.4862303773281694, 0.48608571503641496, 0.48595782003915455, 0.48578093162645986, 0.485737451220422, 0.4857255878475011, 0.48572344725003425, 0.48572167341757166, 0.48572158753216077, 0.48572145089350116, 0.4857214199025086, 0.48572141403479974, 0.4857214096332976, 0.4857214091775617, 0.485721408720849, 0.4857214078335965, 0.48572140743375714, 0.48572140726722124, 0.48572140710727374, 0.4857214070750775, 0.4857214070690635, 0.48572140706841294, 0.48572140706824785, 0.485721407068212, 0.4857214070681949, 0.48572140706819256, 0.4857214070681919, 0.48572140706819167, 0.48572140706819145, 0.48572140706819145]}, "10": {"maxiter": 1000, "fatol": 1e-10, "xatol": 1e-05, "duration": 1.219501256942749, "fun": "0.48572140706983047", "nit": "507", "nfev": "796", "status": "0", "success": "True", "message": "Optimization terminated successfully.", "x": "[ 5.06325551  3.13269734  1.5409671   1.7845133   2.85560466 -0.69915117]", "final_simplex": "(array([[ 5.06325551,  3.13269734,  1.5409671 ,  1.7845133 ,  2.85560466,\n        -0.69915117],\n       [ 5.06325677,  3.13270136,  1.54096739,  1.78451755,  2.85560103,\n        -0.69915656],\n       [ 5.0632516 ,  3.13269512,  1.54096842,  1.78451439,  2.85560191,\n        -0.69915528],\n       [ 5.06325496,  3.132696  ,  1.54097269,  1.78451781,  2.85560326,\n        -0.69915337],\n       [ 5.06325394,  3.13269349,  1.54096707,  1.78451696,  2.85559992,\n        -0.69915517],\n       [ 5.0632503 ,  3.13269571,  1.54096658,  1.78451956,  2.85560734,\n        -0.6991541 ],\n       [ 5.06324677,  3.1326979 ,  1.54096952,  1.78452153,  2.85560321,\n        -0.69914773]]), array([0.48572141, 0.48572141, 0.48572141, 0.48572141, 0.48572141,\n       0.48572141, 0.48572141]))", "callback": [0.8818078641996371, 0.8415712160758326, 0.7531382197239981, 0.7472443185948061, 0.7311980658551179, 0.71908703207316, 0.6759855861245943, 0.6685670249720883, 0.6662220346058416, 0.6652771997568425, 0.6634856416858921, 0.6605539403918337, 0.6543679641756935, 0.645278174365371, 0.6005806430529098, 0.5803899544710776, 0.5114536908826179, 0.49466474667001503, 0.49014968889712807, 0.48704923884278417, 0.48641854168852405, 0.4863483466709816, 0.48634102537954005, 0.48633759733084736, 0.48633649509626475, 0.48633584157516485, 0.4863352318823667, 0.48633362378053135, 0.4863272016836969, 0.4863041079257514, 0.48625604755605156, 0.4862303773281694, 0.48608571503641496, 0.48595782003915455, 0.48578093162645986, 0.485737451220422, 0.4857255878475011, 0.48572344725003425, 0.48572167341757166, 0.48572158753216077, 0.48572145089350116, 0.4857214199025086, 0.48572141403479974, 0.4857214096332976, 0.4857214091775617, 0.485721408720849, 0.4857214078335965, 0.48572140743375714, 0.48572140726722124, 0.48572140710727374, 0.4857214070750775]}, "11": {"maxiter": 1000, "fatol": 1e-10, "xatol": 1e-10, "duration": 1.556933879852295, "fun": "0.48572140706819145", "nit": "609", "nfev": "1015", "status": "0", "success": "True", "message": "Optimization terminated successfully.", "x": "[ 5.06325567  3.13269696  1.54096777  1.78451524  2.85560259 -0.69915421]", "final_simplex": "(array([[ 5.06325567,  3.13269696,  1.54096777,  1.78451524,  2.85560259,\n        -0.69915421],\n       [ 5.06325567,  3.13269696,  1.54096777,  1.78451524,  2.85560259,\n        -0.69915421],\n       [ 5.06325567,  3.13269696,  1.54096777,  1.78451524,  2.85560259,\n        -0.69915421],\n       [ 5.06325567,  3.13269696,  1.54096777,  1.78451524,  2.85560259,\n        -0.69915421],\n       [ 5.06325567,  3.13269696,  1.54096777,  1.78451524,  2.85560259,\n        -0.69915421],\n       [ 5.06325567,  3.13269696,  1.54096777,  1.78451524,  2.85560259,\n        -0.69915421],\n       [ 5.06325567,  3.13269696,  1.54096777,  1.78451524,  2.85560259,\n        -0.69915421]]), array([0.48572141, 0.48572141, 0.48572141, 0.48572141, 0.48572141,\n       0.48572141, 0.48572141]))", "callback": [0.8818078641996371, 0.8415712160758326, 0.7531382197239981, 0.7472443185948061, 0.7311980658551179, 0.71908703207316, 0.6759855861245943, 0.6685670249720883, 0.6662220346058416, 0.6652771997568425, 0.6634856416858921, 0.6605539403918337, 0.6543679641756935, 0.645278174365371, 0.6005806430529098, 0.5803899544710776, 0.5114536908826179, 0.49466474667001503, 0.49014968889712807, 0.48704923884278417, 0.48641854168852405, 0.4863483466709816, 0.48634102537954005, 0.48633759733084736, 0.48633649509626475, 0.48633584157516485, 0.4863352318823667, 0.48633362378053135, 0.4863272016836969, 0.4863041079257514, 0.48625604755605156, 0.4862303773281694, 0.48608571503641496, 0.48595782003915455, 0.48578093162645986, 0.485737451220422, 0.4857255878475011, 0.48572344725003425, 0.48572167341757166, 0.48572158753216077, 0.48572145089350116, 0.4857214199025086, 0.48572141403479974, 0.4857214096332976, 0.4857214091775617, 0.485721408720849, 0.4857214078335965, 0.48572140743375714, 0.48572140726722124, 0.48572140710727374, 0.4857214070750775, 0.4857214070690635, 0.48572140706841294, 0.48572140706824785, 0.485721407068212, 0.4857214070681949, 0.48572140706819256, 0.4857214070681919, 0.48572140706819167, 0.48572140706819145, 0.48572140706819145]}}, "bfgs": {"type": "gradient", "0": {"maxiter": 100, "gtol": 1e-05, "xrtol": 1e-05, "eps": 1e-05, "duration": 0.30770373344421387, "fun": "0.48572140709738265", "jac": "[-9.79827330e-07  3.10517168e-06  2.66101585e-06 -1.03242970e-06\n  1.88415950e-07 -3.04178904e-07]", "hess_inv": "[[ 4.71549523  0.66022484 -0.77930244 -1.32003257 -1.1348383  -2.13503155]\n [ 0.66022484  4.58188786 -2.44648073  0.1706371  -1.28618636 -1.53722686]\n [-0.77930244 -2.44648073  5.00259545  0.28466563  1.26021799  2.1578589 ]\n [-1.32003257  0.1706371   0.28466563  4.15945424  0.17555012  0.23835846]\n [-1.1348383  -1.28618636  1.26021799  0.17555012  5.46239635  2.3536374 ]\n [-2.13503155 -1.53722686  2.1578589   0.23835846  2.3536374   7.27978135]]", "nfev": "189", "njev": "27", "status": "0", "success": "True", "message": "Optimization terminated successfully.", "x": "[ 5.06325126  3.13270463  1.54096877  1.78450811  2.85559594 -0.69916197]", "nit": "25", "callback": [0.8681047920718981, 0.8290817082653122, 0.8022924995741103, 0.7710045873771498, 0.7118709031923088, 0.6045818997477, 0.5625319411632199, 0.5223743824982022, 0.5164584122484868, 0.5066064897516223, 0.49410282163725505, 0.4900243996407826, 0.48718222854467275, 0.4863201624667033, 0.4860040077368718, 0.4857756931876246, 0.48573788170665777, 0.4857278099726522, 0.48572312721482613, 0.48572162921815387, 0.48572145368752795, 0.48572142878937186, 0.4857214134818286, 0.48572140776393646, 0.48572140709738265]}, "1": {"maxiter": 100, "gtol": 1e-05, "xrtol": 1e-05, "eps": 1e-10, "duration": 0.14725804328918457, "fun": "0.48572140715825074", "jac": "[ 0.00000000e+00  3.33066880e-06  5.55111466e-06 -3.33066880e-06\n -3.33066880e-06  1.11022293e-06]", "hess_inv": "[[ 4.74520393  0.60403443 -0.74248812 -1.37292522 -1.25780911 -2.20857842]\n [ 0.60403443  4.55261464 -2.45792689  0.04067503 -1.20506681 -1.35548019]\n [-0.74248812 -2.45792689  4.88178332  0.24215566  1.09378207  1.8962702 ]\n [-1.37292522  0.04067503  0.24215566  3.84390124  0.12239974  0.38296718]\n [-1.25780911 -1.20506681  1.09378207  0.12239974  5.72410198  2.53115203]\n [-2.20857842 -1.35548019  1.8962702   0.38296718  2.53115203  7.11562372]]", "nfev": "189", "njev": "27", "status": "0", "success": "True", "message": "Optimization terminated successfully.", "x": "[ 5.06325602  3.13270156  1.54098731  1.78450669  2.8555929  -0.69914346]", "nit": "25", "callback": [0.868104908900481, 0.8290820394018119, 0.8022916888622192, 0.7710040792770104, 0.711870910403495, 0.6045816525022871, 0.5625304987858809, 0.5223743331248851, 0.5164585444527481, 0.5066066678289813, 0.4941030363862401, 0.490024458399583, 0.48718254131501704, 0.48632011087088367, 0.4860040111849564, 0.4857757157460071, 0.4857378985361176, 0.4857278203144908, 0.48572313653985055, 0.4857216287349648, 0.4857214538187904, 0.4857214287288891, 0.4857214139040499, 0.485721408011375, 0.48572140715825074]}, "2": {"maxiter": 100, "gtol": 1e-05, "xrtol": 1e-10, "eps": 1e-05, "duration": 0.1977248191833496, "fun": "0.48572140709738265", "jac": "[-9.79827330e-07  3.10517168e-06  2.66101585e-06 -1.03242970e-06\n  1.88415950e-07 -3.04178904e-07]", "hess_inv": "[[ 4.71549523  0.66022484 -0.77930244 -1.32003257 -1.1348383  -2.13503155]\n [ 0.66022484  4.58188786 -2.44648073  0.1706371  -1.28618636 -1.53722686]\n [-0.77930244 -2.44648073  5.00259545  0.28466563  1.26021799  2.1578589 ]\n [-1.32003257  0.1706371   0.28466563  4.15945424  0.17555012  0.23835846]\n [-1.1348383  -1.28618636  1.26021799  0.17555012  5.46239635  2.3536374 ]\n [-2.13503155 -1.53722686  2.1578589   0.23835846  2.3536374   7.27978135]]", "nfev": "189", "njev": "27", "status": "0", "success": "True", "message": "Optimization terminated successfully.", "x": "[ 5.06325126  3.13270463  1.54096877  1.78450811  2.85559594 -0.69916197]", "nit": "25", "callback": [0.8681047920718981, 0.8290817082653122, 0.8022924995741103, 0.7710045873771498, 0.7118709031923088, 0.6045818997477, 0.5625319411632199, 0.5223743824982022, 0.5164584122484868, 0.5066064897516223, 0.49410282163725505, 0.4900243996407826, 0.48718222854467275, 0.4863201624667033, 0.4860040077368718, 0.4857756931876246, 0.48573788170665777, 0.4857278099726522, 0.48572312721482613, 0.48572162921815387, 0.48572145368752795, 0.48572142878937186, 0.4857214134818286, 0.48572140776393646, 0.48572140709738265]}, "3": {"maxiter": 100, "gtol": 1e-05, "xrtol": 1e-10, "eps": 1e-10, "duration": 0.2199409008026123, "fun": "0.48572140715825074", "jac": "[ 0.00000000e+00  3.33066880e-06  5.55111466e-06 -3.33066880e-06\n -3.33066880e-06  1.11022293e-06]", "hess_inv": "[[ 4.74520393  0.60403443 -0.74248812 -1.37292522 -1.25780911 -2.20857842]\n [ 0.60403443  4.55261464 -2.45792689  0.04067503 -1.20506681 -1.35548019]\n [-0.74248812 -2.45792689  4.88178332  0.24215566  1.09378207  1.8962702 ]\n [-1.37292522  0.04067503  0.24215566  3.84390124  0.12239974  0.38296718]\n [-1.25780911 -1.20506681  1.09378207  0.12239974  5.72410198  2.53115203]\n [-2.20857842 -1.35548019  1.8962702   0.38296718  2.53115203  7.11562372]]", "nfev": "189", "njev": "27", "status": "0", "success": "True", "message": "Optimization terminated successfully.", "x": "[ 5.06325602  3.13270156  1.54098731  1.78450669  2.8555929  -0.69914346]", "nit": "25", "callback": [0.868104908900481, 0.8290820394018119, 0.8022916888622192, 0.7710040792770104, 0.711870910403495, 0.6045816525022871, 0.5625304987858809, 0.5223743331248851, 0.5164585444527481, 0.5066066678289813, 0.4941030363862401, 0.490024458399583, 0.48718254131501704, 0.48632011087088367, 0.4860040111849564, 0.4857757157460071, 0.4857378985361176, 0.4857278203144908, 0.48572313653985055, 0.4857216287349648, 0.4857214538187904, 0.4857214287288891, 0.4857214139040499, 0.485721408011375, 0.48572140715825074]}, "4": {"maxiter": 100, "gtol": 1e-10, "xrtol": 1e-05, "eps": 1e-05, "duration": 0.15059757232666016, "fun": "0.48572140708512446", "jac": "[-2.08943973e-08  2.34812170e-07  2.92887936e-07  7.77600206e-08\n -4.49418280e-08 -1.44273482e-07]", "hess_inv": "[[ 4.77962055e+00  5.00401272e-01 -9.08706578e-01 -1.28023313e+00\n  -1.14880544e+00 -2.15918529e+00]\n [ 5.00401272e-01  4.82566710e+00 -2.25742485e+00 -2.15045344e-03\n  -1.16034356e+00 -1.31897042e+00]\n [-9.08706578e-01 -2.25742485e+00  5.14847961e+00  1.40801245e-01\n   1.36701192e+00  2.34308722e+00]\n [-1.28023313e+00 -2.15045344e-03  1.40801245e-01  4.14911471e+00\n   2.10225885e-01  2.98625640e-01]\n [-1.14880544e+00 -1.16034356e+00  1.36701192e+00  2.10225885e-01\n   5.41182308e+00  2.26580678e+00]\n [-2.15918529e+00 -1.31897042e+00  2.34308722e+00  2.98625640e-01\n   2.26580678e+00  7.12724606e+00]]", "nfev": "196", "njev": "28", "status": "0", "success": "True", "message": "Optimization terminated successfully.", "x": "[ 5.06325505  3.13269596  1.54096179  1.78451082  2.85559466 -0.69916418]", "nit": "26", "callback": [0.8681047920718981, 0.8290817082653122, 0.8022924995741103, 0.7710045873771498, 0.7118709031923088, 0.6045818997477, 0.5625319411632199, 0.5223743824982022, 0.5164584122484868, 0.5066064897516223, 0.49410282163725505, 0.4900243996407826, 0.48718222854467275, 0.4863201624667033, 0.4860040077368718, 0.4857756931876246, 0.48573788170665777, 0.4857278099726522, 0.48572312721482613, 0.48572162921815387, 0.48572145368752795, 0.48572142878937186, 0.4857214134818286, 0.48572140776393646, 0.48572140709738265, 0.48572140708512446]}, "5": {"maxiter": 100, "gtol": 1e-10, "xrtol": 1e-05, "eps": 1e-10, "duration": 0.230851411819458, "fun": "0.48572140707804556", "jac": "[ 3.33066880e-06 -1.11022293e-06 -1.11022293e-06  2.22044587e-06\n -1.11022293e-06  1.11022293e-06]", "hess_inv": "[[ 4.59210406  0.63866156 -0.98747697 -1.19515881 -0.85211945 -2.12163979]\n [ 0.63866156  4.76570623 -1.95325238 -0.29282203 -1.45534126 -1.07444537]\n [-0.98747697 -1.95325238  5.40336853 -0.06981411  1.4206036   2.64688101]\n [-1.19515881 -0.29282203 -0.06981411  4.02685829 -0.13820833 -0.11717593]\n [-0.85211945 -1.45534126  1.4206036  -0.13820833  4.7628315   2.08502023]\n [-2.12163979 -1.07444537  2.64688101 -0.11717593  2.08502023  7.47553425]]", "nfev": "196", "njev": "28", "status": "0", "success": "True", "message": "Optimization terminated successfully.", "x": "[ 5.06325491  3.1326919   1.54096539  1.78452113  2.85560295 -0.69915632]", "nit": "26", "callback": [0.868104908900481, 0.8290820394018119, 0.8022916888622192, 0.7710040792770104, 0.711870910403495, 0.6045816525022871, 0.5625304987858809, 0.5223743331248851, 0.5164585444527481, 0.5066066678289813, 0.4941030363862401, 0.490024458399583, 0.48718254131501704, 0.48632011087088367, 0.4860040111849564, 0.4857757157460071, 0.4857378985361176, 0.4857278203144908, 0.48572313653985055, 0.4857216287349648, 0.4857214538187904, 0.4857214287288891, 0.4857214139040499, 0.485721408011375, 0.48572140715825074, 0.48572140707804556]}, "6": {"maxiter": 100, "gtol": 1e-10, "xrtol": 1e-10, "eps": 1e-05, "duration": 0.6440145969390869, "fun": "0.48572140708512446", "jac": "[-2.08943973e-08  2.34812170e-07  2.92887936e-07  7.77600206e-08\n -4.49418280e-08 -1.44273482e-07]", "hess_inv": "[[ 4.75804957  0.49160365 -0.91908579 -1.32145695 -1.1102626  -2.09328052]\n [ 0.49160365  4.97918688 -2.12629698  0.05057466 -1.22905493 -1.43603228]\n [-0.91908579 -2.12629698  5.2601098   0.18087835  1.31281345  2.25078181]\n [-1.32145695  0.05057466  0.18087835  4.10111128  0.24651399  0.36086462]\n [-1.1102626  -1.22905493  1.31281345  0.24651399  5.38832883  2.22540354]\n [-2.09328052 -1.43603228  2.25078181  0.36086462  2.22540354  7.05776771]]", "nfev": "424", "njev": "59", "status": "2", "success": "False", "message": "Desired error not necessarily achieved due to precision loss.", "x": "[ 5.06325505  3.13269596  1.54096179  1.78451082  2.85559466 -0.69916418]", "nit": "26", "callback": [0.8681047920718981, 0.8290817082653122, 0.8022924995741103, 0.7710045873771498, 0.7118709031923088, 0.6045818997477, 0.5625319411632199, 0.5223743824982022, 0.5164584122484868, 0.5066064897516223, 0.49410282163725505, 0.4900243996407826, 0.48718222854467275, 0.4863201624667033, 0.4860040077368718, 0.4857756931876246, 0.48573788170665777, 0.4857278099726522, 0.48572312721482613, 0.48572162921815387, 0.48572145368752795, 0.48572142878937186, 0.4857214134818286, 0.48572140776393646, 0.48572140709738265, 0.48572140708512446]}, "7": {"maxiter": 100, "gtol": 1e-10, "xrtol": 1e-10, "eps": 1e-10, "duration": 0.48067498207092285, "fun": "0.48572140707368494", "jac": "[-1.11022293e-06 -1.11022293e-06 -1.11022293e-06  1.11022293e-06\n  1.11022293e-06 -1.11022293e-06]", "hess_inv": "[[ 1.12029247 -1.16780432  0.73656678 -0.67016075  1.32804964  0.36284   ]\n [-1.16780432  2.9142396  -1.21243022  0.58278671 -1.5287389  -1.14623499]\n [ 0.73656678 -1.21243022  1.77578532 -0.54676849  0.46127641 -1.73364165]\n [-0.67016075  0.58278671 -0.54676849  1.10912489 -1.28609802 -0.58118191]\n [ 1.32804964 -1.5287389   0.46127641 -1.28609802  2.74957129  1.85474886]\n [ 0.36284    -1.14623499 -1.73364165 -0.58118191  1.85474886  5.29121999]]", "nfev": "315", "njev": "45", "status": "0", "success": "True", "message": "Optimization terminated successfully.", "x": "[ 5.06325379  3.13269564  1.54096595  1.78451904  2.8556036  -0.69915919]", "nit": "31", "callback": [0.868104908900481, 0.8290820394018119, 0.8022916888622192, 0.7710040792770104, 0.711870910403495, 0.6045816525022871, 0.5625304987858809, 0.5223743331248851, 0.5164585444527481, 0.5066066678289813, 0.4941030363862401, 0.490024458399583, 0.48718254131501704, 0.48632011087088367, 0.4860040111849564, 0.4857757157460071, 0.4857378985361176, 0.4857278203144908, 0.48572313653985055, 0.4857216287349648, 0.4857214538187904, 0.4857214287288891, 0.4857214139040499, 0.485721408011375, 0.48572140715825074, 0.48572140707804556, 0.48572140707781053, 0.4857214070776503, 0.485721407074315, 0.48572140707368494, 0.48572140707368494]}, "8": {"maxiter": 500, "gtol": 1e-05, "xrtol": 1e-05, "eps": 1e-05, "duration": 0.28926849365234375, "fun": "0.48572140709738265", "jac": "[-9.79827330e-07  3.10517168e-06  2.66101585e-06 -1.03242970e-06\n  1.88415950e-07 -3.04178904e-07]", "hess_inv": "[[ 4.71549523  0.66022484 -0.77930244 -1.32003257 -1.1348383  -2.13503155]\n [ 0.66022484  4.58188786 -2.44648073  0.1706371  -1.28618636 -1.53722686]\n [-0.77930244 -2.44648073  5.00259545  0.28466563  1.26021799  2.1578589 ]\n [-1.32003257  0.1706371   0.28466563  4.15945424  0.17555012  0.23835846]\n [-1.1348383  -1.28618636  1.26021799  0.17555012  5.46239635  2.3536374 ]\n [-2.13503155 -1.53722686  2.1578589   0.23835846  2.3536374   7.27978135]]", "nfev": "189", "njev": "27", "status": "0", "success": "True", "message": "Optimization terminated successfully.", "x": "[ 5.06325126  3.13270463  1.54096877  1.78450811  2.85559594 -0.69916197]", "nit": "25", "callback": [0.8681047920718981, 0.8290817082653122, 0.8022924995741103, 0.7710045873771498, 0.7118709031923088, 0.6045818997477, 0.5625319411632199, 0.5223743824982022, 0.5164584122484868, 0.5066064897516223, 0.49410282163725505, 0.4900243996407826, 0.48718222854467275, 0.4863201624667033, 0.4860040077368718, 0.4857756931876246, 0.48573788170665777, 0.4857278099726522, 0.48572312721482613, 0.48572162921815387, 0.48572145368752795, 0.48572142878937186, 0.4857214134818286, 0.48572140776393646, 0.48572140709738265]}, "9": {"maxiter": 500, "gtol": 1e-05, "xrtol": 1e-05, "eps": 1e-10, "duration": 0.26320719718933105, "fun": "0.48572140715825074", "jac": "[ 0.00000000e+00  3.33066880e-06  5.55111466e-06 -3.33066880e-06\n -3.33066880e-06  1.11022293e-06]", "hess_inv": "[[ 4.74520393  0.60403443 -0.74248812 -1.37292522 -1.25780911 -2.20857842]\n [ 0.60403443  4.55261464 -2.45792689  0.04067503 -1.20506681 -1.35548019]\n [-0.74248812 -2.45792689  4.88178332  0.24215566  1.09378207  1.8962702 ]\n [-1.37292522  0.04067503  0.24215566  3.84390124  0.12239974  0.38296718]\n [-1.25780911 -1.20506681  1.09378207  0.12239974  5.72410198  2.53115203]\n [-2.20857842 -1.35548019  1.8962702   0.38296718  2.53115203  7.11562372]]", "nfev": "189", "njev": "27", "status": "0", "success": "True", "message": "Optimization terminated successfully.", "x": "[ 5.06325602  3.13270156  1.54098731  1.78450669  2.8555929  -0.69914346]", "nit": "25", "callback": [0.868104908900481, 0.8290820394018119, 0.8022916888622192, 0.7710040792770104, 0.711870910403495, 0.6045816525022871, 0.5625304987858809, 0.5223743331248851, 0.5164585444527481, 0.5066066678289813, 0.4941030363862401, 0.490024458399583, 0.48718254131501704, 0.48632011087088367, 0.4860040111849564, 0.4857757157460071, 0.4857378985361176, 0.4857278203144908, 0.48572313653985055, 0.4857216287349648, 0.4857214538187904, 0.4857214287288891, 0.4857214139040499, 0.485721408011375, 0.48572140715825074]}, "10": {"maxiter": 500, "gtol": 1e-05, "xrtol": 1e-10, "eps": 1e-05, "duration": 0.14545869827270508, "fun": "0.48572140709738265", "jac": "[-9.79827330e-07  3.10517168e-06  2.66101585e-06 -1.03242970e-06\n  1.88415950e-07 -3.04178904e-07]", "hess_inv": "[[ 4.71549523  0.66022484 -0.77930244 -1.32003257 -1.1348383  -2.13503155]\n [ 0.66022484  4.58188786 -2.44648073  0.1706371  -1.28618636 -1.53722686]\n [-0.77930244 -2.44648073  5.00259545  0.28466563  1.26021799  2.1578589 ]\n [-1.32003257  0.1706371   0.28466563  4.15945424  0.17555012  0.23835846]\n [-1.1348383  -1.28618636  1.26021799  0.17555012  5.46239635  2.3536374 ]\n [-2.13503155 -1.53722686  2.1578589   0.23835846  2.3536374   7.27978135]]", "n