{"date": "2024/10/28/, 17:38:25", "conf_id": 205, "data_type": "non_lin_ind\n", "num_data_points": 3, "s_rank": 0, "unitary": "[[-0.45070455-0.02711853j,0.78437395-0.06613086j,0.06358678+0.19963393j,-0.07343613+0.35668523j],[-0.01890143-0.03813363j,0.32408202+0.25557629j,0.05872864-0.68979805j,0.55466693-0.20227297j],[-0.11215405+0.64023111j,-0.13344055+0.29565494j,-0.49012687-0.19046288j,-0.04241254+0.44046348j],[0.55771659+0.24656916j,0.31851997-0.05798805j,0.28761525-0.34294258j,-0.56718418+0.03616933j]]", "databatch_0": {"databatch": "[[[0.11823379+0.03315522j,0.02346778+0.09703871j,-0.16026918+0.02153401j,-0.17110539-0.01003362j],[0.02831099+0.54076894j,0.14043984-0.06633494j,-0.38097359+0.02037874j,-0.33372182-0.18825155j],[0.13617505-0.08074474j,-0.11323547+0.23069872j,-0.12499888-0.14275279j,-0.12579378-0.1086787j],[-0.10102567+0.05813885j,-0.16027356-0.03837521j,0.13444442-0.20072291j,0.16534739-0.1688438j]],[[-0.09789277-0.04118415j,-0.0693369-0.08474348j,-0.01714221+0.05597568j,-0.05141264-0.05050481j],[-0.35977107+0.28957848j,-0.4507481+0.07768658j,0.16873099+0.17564919j,-0.2775803+0.08516638j],[0.02086937-0.31842133j,0.16540039-0.27334064j,-0.17080019+0.00835507j,0.08310296-0.19108594j],[0.18108214-0.11146272j,0.21604072-0.01354744j,-0.0702476-0.09189751j,0.13905579-0.0251609j]],[[-0.00586451-0.02762193j,-0.26278247-0.10268051j,-0.0783137-0.1396901j,0.03120168-0.06034504j],[-0.19601302-0.14079563j,-0.19016069+0.10225007j,-0.20038264-0.0152109j,0.13773426-0.11587633j],[0.114483+0.00197172j,-0.28034783-0.48707519j,0.08943575-0.32256959j,0.05350097-0.01541256j],[0.05586578+0.03978546j,0.34529416-0.26241853j,0.2563032+0.01238948j,0.03122888+0.08937187j]]]", "initial param values": "[3.72299766,3.90701198,1.78368661,0.28461202,1.15767073,0.21376244]", "nelder_mead": {"type": "gradient-free", "0": {"maxiter": 100, "fatol": 1e-05, "xatol": 1e-05, "duration": 0.12197303771972656, "fun": "0.12807581869506912", "nit": "100", "nfev": "155", "status": "2", "success": "False", "message": "Maximum number of iterations has been exceeded.", "x": "[ 4.19880898  3.99500199  2.80282397 -1.93556486  0.3482879   0.83033342]", "final_simplex": "(array([[ 4.19880898,  3.99500199,  2.80282397, -1.93556486,  0.3482879 ,\n         0.83033342],\n       [ 4.02637224,  4.19035221,  2.87905083, -2.00118195,  0.3829806 ,\n         0.83816723],\n       [ 4.18486771,  4.00995997,  3.05036628, -1.56039099,  0.33383692,\n         0.65590201],\n       [ 4.16913522,  3.69661518,  3.04023535, -1.3386267 ,  0.42720496,\n         0.64288569],\n       [ 4.56312399,  3.54744113,  2.96262914, -1.38534643,  0.40126958,\n         0.65061497],\n       [ 4.153612  ,  4.1462029 ,  2.77825866, -1.16443832,  0.6278371 ,\n         0.58129482],\n       [ 4.62270174,  4.02962464,  3.06024021, -1.04200212,  0.42137465,\n         0.48482557]]), array([0.12807582, 0.13424602, 0.14638163, 0.16765113, 0.17300051,\n       0.21982529, 0.24442075]))", "callback": [0.7575159828058611, 0.7165760070973763, 0.6742703618207102, 0.47483791625849214, 0.47483791625849214, 0.47137369465456425, 0.46176330067608373, 0.4367558947430423, 0.3823662494933239, 0.2198252894428242]}, "1": {"maxiter": 100, "fatol": 1e-05, "xatol": 1e-10, "duration": 0.11909842491149902, "fun": "0.12807581869506912", "nit": "100", "nfev": "155", "status": "2", "success": "False", "message": "Maximum number of iterations has been exceeded.", "x": "[ 4.19880898  3.99500199  2.80282397 -1.93556486  0.3482879   0.83033342]", "final_simplex": "(array([[ 4.19880898,  3.99500199,  2.80282397, -1.93556486,  0.3482879 ,\n         0.83033342],\n       [ 4.02637224,  4.19035221,  2.87905083, -2.00118195,  0.3829806 ,\n         0.83816723],\n       [ 4.18486771,  4.00995997,  3.05036628, -1.56039099,  0.33383692,\n         0.65590201],\n       [ 4.16913522,  3.69661518,  3.04023535, -1.3386267 ,  0.42720496,\n         0.64288569],\n       [ 4.56312399,  3.54744113,  2.96262914, -1.38534643,  0.40126958,\n         0.65061497],\n       [ 4.153612  ,  4.1462029 ,  2.77825866, -1.16443832,  0.6278371 ,\n         0.58129482],\n       [ 4.62270174,  4.02962464,  3.06024021, -1.04200212,  0.42137465,\n         0.48482557]]), array([0.12807582, 0.13424602, 0.14638163, 0.16765113, 0.17300051,\n       0.21982529, 0.24442075]))", "callback": [0.7575159828058611, 0.7165760070973763, 0.6742703618207102, 0.47483791625849214, 0.47483791625849214, 0.47137369465456425, 0.46176330067608373, 0.4367558947430423, 0.3823662494933239, 0.2198252894428242]}, "2": {"maxiter": 100, "fatol": 1e-10, "xatol": 1e-05, "duration": 0.1196451187133789, "fun": "0.12807581869506912", "nit": "100", "nfev": "155", "status": "2", "success": "False", "message": "Maximum number of iterations has been exceeded.", "x": "[ 4.19880898  3.99500199  2.80282397 -1.93556486  0.3482879   0.83033342]", "final_simplex": "(array([[ 4.19880898,  3.99500199,  2.80282397, -1.93556486,  0.3482879 ,\n         0.83033342],\n       [ 4.02637224,  4.19035221,  2.87905083, -2.00118195,  0.3829806 ,\n         0.83816723],\n       [ 4.18486771,  4.00995997,  3.05036628, -1.56039099,  0.33383692,\n         0.65590201],\n       [ 4.16913522,  3.69661518,  3.04023535, -1.3386267 ,  0.42720496,\n         0.64288569],\n       [ 4.56312399,  3.54744113,  2.96262914, -1.38534643,  0.40126958,\n         0.65061497],\n       [ 4.153612  ,  4.1462029 ,  2.77825866, -1.16443832,  0.6278371 ,\n         0.58129482],\n       [ 4.62270174,  4.02962464,  3.06024021, -1.04200212,  0.42137465,\n         0.48482557]]), array([0.12807582, 0.13424602, 0.14638163, 0.16765113, 0.17300051,\n       0.21982529, 0.24442075]))", "callback": [0.7575159828058611, 0.7165760070973763, 0.6742703618207102, 0.47483791625849214, 0.47483791625849214, 0.47137369465456425, 0.46176330067608373, 0.4367558947430423, 0.3823662494933239, 0.2198252894428242]}, "3": {"maxiter": 100, "fatol": 1e-10, "xatol": 1e-10, "duration": 0.13932561874389648, "fun": "0.12807581869506912", "nit": "100", "nfev": "155", "status": "2", "success": "False", "message": "Maximum number of iterations has been exceeded.", "x": "[ 4.19880898  3.99500199  2.80282397 -1.93556486  0.3482879   0.83033342]", "final_simplex": "(array([[ 4.19880898,  3.99500199,  2.80282397, -1.93556486,  0.3482879 ,\n         0.83033342],\n       [ 4.02637224,  4.19035221,  2.87905083, -2.00118195,  0.3829806 ,\n         0.83816723],\n       [ 4.18486771,  4.00995997,  3.05036628, -1.56039099,  0.33383692,\n         0.65590201],\n       [ 4.16913522,  3.69661518,  3.04023535, -1.3386267 ,  0.42720496,\n         0.64288569],\n       [ 4.56312399,  3.54744113,  2.96262914, -1.38534643,  0.40126958,\n         0.65061497],\n       [ 4.153612  ,  4.1462029 ,  2.77825866, -1.16443832,  0.6278371 ,\n         0.58129482],\n       [ 4.62270174,  4.02962464,  3.06024021, -1.04200212,  0.42137465,\n         0.48482557]]), array([0.12807582, 0.13424602, 0.14638163, 0.16765113, 0.17300051,\n       0.21982529, 0.24442075]))", "callback": [0.7575159828058611, 0.7165760070973763, 0.6742703618207102, 0.47483791625849214, 0.47483791625849214, 0.47137369465456425, 0.46176330067608373, 0.4367558947430423, 0.3823662494933239, 0.2198252894428242]}, "4": {"maxiter": 500, "fatol": 1e-05, "xatol": 1e-05, "duration": 0.7253913879394531, "fun": "0.0814081988854013", "nit": "500", "nfev": "784", "status": "2", "success": "False", "message": "Maximum number of iterations has been exceeded.", "x": "[ 4.24156714  4.42948663  3.61512758 -1.76812289  0.10915211  1.54078135]", "final_simplex": "(array([[ 4.24156714,  4.42948663,  3.61512758, -1.76812289,  0.10915211,\n         1.54078135],\n       [ 4.24156626,  4.42948384,  3.6151278 , -1.76812052,  0.10915362,\n         1.54078318],\n       [ 4.24157075,  4.42948274,  3.61512901, -1.76812108,  0.10915143,\n         1.54078343],\n       [ 4.24156961,  4.42948576,  3.61513006, -1.76812109,  0.10915201,\n         1.5407878 ],\n       [ 4.24156735,  4.42948941,  3.61513094, -1.76812648,  0.10915547,\n         1.54078713],\n       [ 4.24156865,  4.42948038,  3.61511822, -1.76811825,  0.10915526,\n         1.54077626],\n       [ 4.2415715 ,  4.42949187,  3.61513876, -1.76812064,  0.10915047,\n         1.54079079]]), array([0.0814082, 0.0814082, 0.0814082, 0.0814082, 0.0814082, 0.0814082,\n       0.0814082]))", "callback": [0.7575159828058611, 0.7165760070973763, 0.6742703618207102, 0.47483791625849214, 0.47483791625849214, 0.47137369465456425, 0.46176330067608373, 0.4367558947430423, 0.3823662494933239, 0.2198252894428242, 0.12807581869506912, 0.12285046975483571, 0.1214235056473868, 0.12063037268798682, 0.12045581501443703, 0.12029816433367524, 0.11993540111724921, 0.11891488053772081, 0.11660654224399869, 0.10751241763382291, 0.10189823238550899, 0.09493394619541029, 0.08862069212606472, 0.08476798453387868, 0.08257445766950766, 0.0820850261192857, 0.08199217232495559, 0.0819580883511537, 0.08193495166475062, 0.08191393891645393, 0.0818921068861419, 0.0818799511496201, 0.08183547299726746, 0.08170898407899185, 0.08154192967020102, 0.08149368377488175, 0.08146579579649782, 0.08142882577530797, 0.08141359768164758, 0.08140931098881421, 0.08140872459517778, 0.08140841375060381, 0.08140824116708067, 0.081408206248624, 0.08140820141291805, 0.08140819943036526, 0.08140819910647856, 0.08140819893971674, 0.08140819891416928, 0.08140819889026174]}, "5": {"maxiter": 500, "fatol": 1e-05, "xatol": 1e-10, "duration": 0.6926975250244141, "fun": "0.0814081988854013", "nit": "500", "nfev": "784", "status": "2", "success": "False", "message": "Maximum number of iterations has been exceeded.", "x": "[ 4.24156714  4.42948663  3.61512758 -1.76812289  0.10915211  1.54078135]", "final_simplex": "(array([[ 4.24156714,  4.42948663,  3.61512758, -1.76812289,  0.10915211,\n         1.54078135],\n       [ 4.24156626,  4.42948384,  3.6151278 , -1.76812052,  0.10915362,\n         1.54078318],\n       [ 4.24157075,  4.42948274,  3.61512901, -1.76812108,  0.10915143,\n         1.54078343],\n       [ 4.24156961,  4.42948576,  3.61513006, -1.76812109,  0.10915201,\n         1.5407878 ],\n       [ 4.24156735,  4.42948941,  3.61513094, -1.76812648,  0.10915547,\n         1.54078713],\n       [ 4.24156865,  4.42948038,  3.61511822, -1.76811825,  0.10915526,\n         1.54077626],\n       [ 4.2415715 ,  4.42949187,  3.61513876, -1.76812064,  0.10915047,\n         1.54079079]]), array([0.0814082, 0.0814082, 0.0814082, 0.0814082, 0.0814082, 0.0814082,\n       0.0814082]))", "callback": [0.7575159828058611, 0.7165760070973763, 0.6742703618207102, 0.47483791625849214, 0.47483791625849214, 0.47137369465456425, 0.46176330067608373, 0.4367558947430423, 0.3823662494933239, 0.2198252894428242, 0.12807581869506912, 0.12285046975483571, 0.1214235056473868, 0.12063037268798682, 0.12045581501443703, 0.12029816433367524, 0.11993540111724921, 0.11891488053772081, 0.11660654224399869, 0.10751241763382291, 0.10189823238550899, 0.09493394619541029, 0.08862069212606472, 0.08476798453387868, 0.08257445766950766, 0.0820850261192857, 0.08199217232495559, 0.0819580883511537, 0.08193495166475062, 0.08191393891645393, 0.0818921068861419, 0.0818799511496201, 0.08183547299726746, 0.08170898407899185, 0.08154192967020102, 0.08149368377488175, 0.08146579579649782, 0.08142882577530797, 0.08141359768164758, 0.08140931098881421, 0.08140872459517778, 0.08140841375060381, 0.08140824116708067, 0.081408206248624, 0.08140820141291805, 0.08140819943036526, 0.08140819910647856, 0.08140819893971674, 0.08140819891416928, 0.08140819889026174]}, "6": {"maxiter": 500, "fatol": 1e-10, "xatol": 1e-05, "duration": 0.8423624038696289, "fun": "0.0814081988854013", "nit": "500", "nfev": "784", "status": "2", "success": "False", "message": "Maximum number of iterations has been exceeded.", "x": "[ 4.24156714  4.42948663  3.61512758 -1.76812289  0.10915211  1.54078135]", "final_simplex": "(array([[ 4.24156714,  4.42948663,  3.61512758, -1.76812289,  0.10915211,\n         1.54078135],\n       [ 4.24156626,  4.42948384,  3.6151278 , -1.76812052,  0.10915362,\n         1.54078318],\n       [ 4.24157075,  4.42948274,  3.61512901, -1.76812108,  0.10915143,\n         1.54078343],\n       [ 4.24156961,  4.42948576,  3.61513006, -1.76812109,  0.10915201,\n         1.5407878 ],\n       [ 4.24156735,  4.42948941,  3.61513094, -1.76812648,  0.10915547,\n         1.54078713],\n       [ 4.24156865,  4.42948038,  3.61511822, -1.76811825,  0.10915526,\n         1.54077626],\n       [ 4.2415715 ,  4.42949187,  3.61513876, -1.76812064,  0.10915047,\n         1.54079079]]), array([0.0814082, 0.0814082, 0.0814082, 0.0814082, 0.0814082, 0.0814082,\n       0.0814082]))", "callback": [0.7575159828058611, 0.7165760070973763, 0.6742703618207102, 0.47483791625849214, 0.47483791625849214, 0.47137369465456425, 0.46176330067608373, 0.4367558947430423, 0.3823662494933239, 0.2198252894428242, 0.12807581869506912, 0.12285046975483571, 0.1214235056473868, 0.12063037268798682, 0.12045581501443703, 0.12029816433367524, 0.11993540111724921, 0.11891488053772081, 0.11660654224399869, 0.10751241763382291, 0.10189823238550899, 0.09493394619541029, 0.08862069212606472, 0.08476798453387868, 0.08257445766950766, 0.0820850261192857, 0.08199217232495559, 0.0819580883511537, 0.08193495166475062, 0.08191393891645393, 0.0818921068861419, 0.0818799511496201, 0.08183547299726746, 0.08170898407899185, 0.08154192967020102, 0.08149368377488175, 0.08146579579649782, 0.08142882577530797, 0.08141359768164758, 0.08140931098881421, 0.08140872459517778, 0.08140841375060381, 0.08140824116708067, 0.081408206248624, 0.08140820141291805, 0.08140819943036526, 0.08140819910647856, 0.08140819893971674, 0.08140819891416928, 0.08140819889026174]}, "7": {"maxiter": 500, "fatol": 1e-10, "xatol": 1e-10, "duration": 1.1938157081604004, "fun": "0.0814081988854013", "nit": "500", "nfev": "784", "status": "2", "success": "False", "message": "Maximum number of iterations has been exceeded.", "x": "[ 4.24156714  4.42948663  3.61512758 -1.76812289  0.10915211  1.54078135]", "final_simplex": "(array([[ 4.24156714,  4.42948663,  3.61512758, -1.76812289,  0.10915211,\n         1.54078135],\n       [ 4.24156626,  4.42948384,  3.6151278 , -1.76812052,  0.10915362,\n         1.54078318],\n       [ 4.24157075,  4.42948274,  3.61512901, -1.76812108,  0.10915143,\n         1.54078343],\n       [ 4.24156961,  4.42948576,  3.61513006, -1.76812109,  0.10915201,\n         1.5407878 ],\n       [ 4.24156735,  4.42948941,  3.61513094, -1.76812648,  0.10915547,\n         1.54078713],\n       [ 4.24156865,  4.42948038,  3.61511822, -1.76811825,  0.10915526,\n         1.54077626],\n       [ 4.2415715 ,  4.42949187,  3.61513876, -1.76812064,  0.10915047,\n         1.54079079]]), array([0.0814082, 0.0814082, 0.0814082, 0.0814082, 0.0814082, 0.0814082,\n       0.0814082]))", "callback": [0.7575159828058611, 0.7165760070973763, 0.6742703618207102, 0.47483791625849214, 0.47483791625849214, 0.47137369465456425, 0.46176330067608373, 0.4367558947430423, 0.3823662494933239, 0.2198252894428242, 0.12807581869506912, 0.12285046975483571, 0.1214235056473868, 0.12063037268798682, 0.12045581501443703, 0.12029816433367524, 0.11993540111724921, 0.11891488053772081, 0.11660654224399869, 0.10751241763382291, 0.10189823238550899, 0.09493394619541029, 0.08862069212606472, 0.08476798453387868, 0.08257445766950766, 0.0820850261192857, 0.08199217232495559, 0.0819580883511537, 0.08193495166475062, 0.08191393891645393, 0.0818921068861419, 0.0818799511496201, 0.08183547299726746, 0.08170898407899185, 0.08154192967020102, 0.08149368377488175, 0.08146579579649782, 0.08142882577530797, 0.08141359768164758, 0.08140931098881421, 0.08140872459517778, 0.08140841375060381, 0.08140824116708067, 0.081408206248624, 0.08140820141291805, 0.08140819943036526, 0.08140819910647856, 0.08140819893971674, 0.08140819891416928, 0.08140819889026174]}, "8": {"maxiter": 1000, "fatol": 1e-05, "xatol": 1e-05, "duration": 1.2444288730621338, "fun": "0.08140819888491724", "nit": "502", "nfev": "788", "status": "0", "success": "True", "message": "Optimization terminated successfully.", "x": "[ 4.24156857  4.42948325  3.61512398 -1.76812023  0.10915401  1.54078062]", "final_simplex": "(array([[ 4.24156857,  4.42948325,  3.61512398, -1.76812023,  0.10915401,\n         1.54078062],\n       [ 4.2415699 ,  4.42948833,  3.61513301, -1.76812118,  0.10915189,\n         1.54078699],\n       [ 4.24156714,  4.42948663,  3.61512758, -1.76812289,  0.10915211,\n         1.54078135],\n       [ 4.24156626,  4.42948384,  3.6151278 , -1.76812052,  0.10915362,\n         1.54078318],\n       [ 4.24157075,  4.42948274,  3.61512901, -1.76812108,  0.10915143,\n         1.54078343],\n       [ 4.24156961,  4.42948576,  3.61513006, -1.76812109,  0.10915201,\n         1.5407878 ],\n       [ 4.24156735,  4.42948941,  3.61513094, -1.76812648,  0.10915547,\n         1.54078713]]), array([0.0814082, 0.0814082, 0.0814082, 0.0814082, 0.0814082, 0.0814082,\n       0.0814082]))", "callback": [0.7575159828058611, 0.7165760070973763, 0.6742703618207102, 0.47483791625849214, 0.47483791625849214, 0.47137369465456425, 0.46176330067608373, 0.4367558947430423, 0.3823662494933239, 0.2198252894428242, 0.12807581869506912, 0.12285046975483571, 0.1214235056473868, 0.12063037268798682, 0.12045581501443703, 0.12029816433367524, 0.11993540111724921, 0.11891488053772081, 0.11660654224399869, 0.10751241763382291, 0.10189823238550899, 0.09493394619541029, 0.08862069212606472, 0.08476798453387868, 0.08257445766950766, 0.0820850261192857, 0.08199217232495559, 0.0819580883511537, 0.08193495166475062, 0.08191393891645393, 0.0818921068861419, 0.0818799511496201, 0.08183547299726746, 0.08170898407899185, 0.08154192967020102, 0.08149368377488175, 0.08146579579649782, 0.08142882577530797, 0.08141359768164758, 0.08140931098881421, 0.08140872459517778, 0.08140841375060381, 0.08140824116708067, 0.081408206248624, 0.08140820141291805, 0.08140819943036526, 0.08140819910647856, 0.08140819893971674, 0.08140819891416928, 0.08140819889026174, 0.08140819888491724]}, "9": {"maxiter": 1000, "fatol": 1e-05, "xatol": 1e-10, "duration": 1.1980938911437988, "fun": "0.08140819888342277", "nit": "593", "nfev": "996", "status": "0", "success": "True", "message": "Optimization terminated successfully.", "x": "[ 4.24156891  4.42948646  3.61512794 -1.76812094  0.10915438  1.54078282]", "final_simplex": "(array([[ 4.24156891,  4.42948646,  3.61512794, -1.76812094,  0.10915438,\n         1.54078282],\n       [ 4.24156891,  4.42948646,  3.61512794, -1.76812094,  0.10915438,\n         1.54078282],\n       [ 4.24156891,  4.42948646,  3.61512794, -1.76812094,  0.10915438,\n         1.54078282],\n       [ 4.24156891,  4.42948646,  3.61512794, -1.76812094,  0.10915438,\n         1.54078282],\n       [ 4.24156891,  4.42948646,  3.61512794, -1.76812094,  0.10915438,\n         1.54078282],\n       [ 4.24156891,  4.42948646,  3.61512794, -1.76812094,  0.10915438,\n         1.54078282],\n       [ 4.24156891,  4.42948646,  3.61512794, -1.76812094,  0.10915438,\n         1.54078282]]), array([0.0814082, 0.0814082, 0.0814082, 0.0814082, 0.0814082, 0.0814082,\n       0.0814082]))", "callback": [0.7575159828058611, 0.7165760070973763, 0.6742703618207102, 0.47483791625849214, 0.47483791625849214, 0.47137369465456425, 0.46176330067608373, 0.4367558947430423, 0.3823662494933239, 0.2198252894428242, 0.12807581869506912, 0.12285046975483571, 0.1214235056473868, 0.12063037268798682, 0.12045581501443703, 0.12029816433367524, 0.11993540111724921, 0.11891488053772081, 0.11660654224399869, 0.10751241763382291, 0.10189823238550899, 0.09493394619541029, 0.08862069212606472, 0.08476798453387868, 0.08257445766950766, 0.0820850261192857, 0.08199217232495559, 0.0819580883511537, 0.08193495166475062, 0.08191393891645393, 0.0818921068861419, 0.0818799511496201, 0.08183547299726746, 0.08170898407899185, 0.08154192967020102, 0.08149368377488175, 0.08146579579649782, 0.08142882577530797, 0.08141359768164758, 0.08140931098881421, 0.08140872459517778, 0.08140841375060381, 0.08140824116708067, 0.081408206248624, 0.08140820141291805, 0.08140819943036526, 0.08140819910647856, 0.08140819893971674, 0.08140819891416928, 0.08140819889026174, 0.08140819888491724, 0.08140819888369288, 0.08140819888352846, 0.08140819888343998, 0.08140819888342643, 0.08140819888342354, 0.08140819888342277, 0.08140819888342277, 0.08140819888342277, 0.08140819888342277]}, "10": {"maxiter": 1000, "fatol": 1e-10, "xatol": 1e-05, "duration": 0.6940402984619141, "fun": "0.08140819888491724", "nit": "502", "nfev": "788", "status": "0", "success": "True", "message": "Optimization terminated successfully.", "x": "[ 4.24156857  4.42948325  3.61512398 -1.76812023  0.10915401  1.54078062]", "final_simplex": "(array([[ 4.24156857,  4.42948325,  3.61512398, -1.76812023,  0.10915401,\n         1.54078062],\n       [ 4.2415699 ,  4.42948833,  3.61513301, -1.76812118,  0.10915189,\n         1.54078699],\n       [ 4.24156714,  4.42948663,  3.61512758, -1.76812289,  0.10915211,\n         1.54078135],\n       [ 4.24156626,  4.42948384,  3.6151278 , -1.76812052,  0.10915362,\n         1.54078318],\n       [ 4.24157075,  4.42948274,  3.61512901, -1.76812108,  0.10915143,\n         1.54078343],\n       [ 4.24156961,  4.42948576,  3.61513006, -1.76812109,  0.10915201,\n         1.5407878 ],\n       [ 4.24156735,  4.42948941,  3.61513094, -1.76812648,  0.10915547,\n         1.54078713]]), array([0.0814082, 0.0814082, 0.0814082, 0.0814082, 0.0814082, 0.0814082,\n       0.0814082]))", "callback": [0.7575159828058611, 0.7165760070973763, 0.6742703618207102, 0.47483791625849214, 0.47483791625849214, 0.47137369465456425, 0.46176330067608373, 0.4367558947430423, 0.3823662494933239, 0.2198252894428242, 0.12807581869506912, 0.12285046975483571, 0.1214235056473868, 0.12063037268798682, 0.12045581501443703, 0.12029816433367524, 0.11993540111724921, 0.11891488053772081, 0.11660654224399869, 0.10751241763382291, 0.10189823238550899, 0.09493394619541029, 0.08862069212606472, 0.08476798453387868, 0.08257445766950766, 0.0820850261192857, 0.08199217232495559, 0.0819580883511537, 0.08193495166475062, 0.08191393891645393, 0.0818921068861419, 0.0818799511496201, 0.08183547299726746, 0.08170898407899185, 0.08154192967020102, 0.08149368377488175, 0.08146579579649782, 0.08142882577530797, 0.08141359768164758, 0.08140931098881421, 0.08140872459517778, 0.08140841375060381, 0.08140824116708067, 0.081408206248624, 0.08140820141291805, 0.08140819943036526, 0.08140819910647856, 0.08140819893971674, 0.08140819891416928, 0.08140819889026174, 0.08140819888491724]}, "11": {"maxiter": 1000, "fatol": 1e-10, "xatol": 1e-10, "duration": 0.8803524971008301, "fun": "0.08140819888342277", "nit": "593", "nfev": "996", "status": "0", "success": "True", "message": "Optimization terminated successfully.", "x": "[ 4.24156891  4.42948646  3.61512794 -1.76812094  0.10915438  1.54078282]", "final_simplex": "(array([[ 4.24156891,  4.42948646,  3.61512794, -1.76812094,  0.10915438,\n         1.54078282],\n       [ 4.24156891,  4.42948646,  3.61512794, -1.76812094,  0.10915438,\n         1.54078282],\n       [ 4.24156891,  4.42948646,  3.61512794, -1.76812094,  0.10915438,\n         1.54078282],\n       [ 4.24156891,  4.42948646,  3.61512794, -1.76812094,  0.10915438,\n         1.54078282],\n       [ 4.24156891,  4.42948646,  3.61512794, -1.76812094,  0.10915438,\n         1.54078282],\n       [ 4.24156891,  4.42948646,  3.61512794, -1.76812094,  0.10915438,\n         1.54078282],\n       [ 4.24156891,  4.42948646,  3.61512794, -1.76812094,  0.10915438,\n         1.54078282]]), array([0.0814082, 0.0814082, 0.0814082, 0.0814082, 0.0814082, 0.0814082,\n       0.0814082]))", "callback": [0.7575159828058611, 0.7165760070973763, 0.6742703618207102, 0.47483791625849214, 0.47483791625849214, 0.47137369465456425, 0.46176330067608373, 0.4367558947430423, 0.3823662494933239, 0.2198252894428242, 0.12807581869506912, 0.12285046975483571, 0.1214235056473868, 0.12063037268798682, 0.12045581501443703, 0.12029816433367524, 0.11993540111724921, 0.11891488053772081, 0.11660654224399869, 0.10751241763382291, 0.10189823238550899, 0.09493394619541029, 0.08862069212606472, 0.08476798453387868, 0.08257445766950766, 0.0820850261192857, 0.08199217232495559, 0.0819580883511537, 0.08193495166475062, 0.08191393891645393, 0.0818921068861419, 0.0818799511496201, 0.08183547299726746, 0.08170898407899185, 0.08154192967020102, 0.08149368377488175, 0.08146579579649782, 0.08142882577530797, 0.08141359768164758, 0.08140931098881421, 0.08140872459517778, 0.08140841375060381, 0.08140824116708067, 0.081408206248624, 0.08140820141291805, 0.08140819943036526, 0.08140819910647856, 0.08140819893971674, 0.08140819891416928, 0.08140819889026174, 0.08140819888491724, 0.08140819888369288, 0.08140819888352846, 0.08140819888343998, 0.08140819888342643, 0.08140819888342354, 0.08140819888342277, 0.08140819888342277, 0.08140819888342277, 0.08140819888342277]}}, "bfgs": {"type": "gradient", "0": {"maxiter": 100, "gtol": 1e-05, "xrtol": 1e-05, "eps": 1e-05, "duration": 0.14643263816833496, "fun": "0.08140819902447793", "jac": "[ 1.05907505e-06  1.92076355e-06 -6.63324951e-07  4.06152889e-07\n -2.83589818e-06 -1.84440241e-06]", "hess_inv": "[[ 3.38220826e+00  5.68194990e-01  1.31485494e+00  5.27012544e-01\n  -1.85646826e-03  2.24338690e+00]\n [ 5.68194990e-01  6.19342146e+00  5.75370582e+00 -2.29197821e+00\n  -1.12071327e+00  4.06312871e+00]\n [ 1.31485494e+00  5.75370582e+00  1.15778230e+01 -2.14513713e+00\n  -4.60350346e+00  6.15439300e+00]\n [ 5.27012544e-01 -2.29197821e+00 -2.14513713e+00  3.49379820e+00\n   5.48475220e-01 -1.42712609e+00]\n [-1.85646826e-03 -1.12071327e+00 -4.60350346e+00  5.48475220e-01\n   4.65278570e+00 -1.66042434e+00]\n [ 2.24338690e+00  4.06312871e+00  6.15439300e+00 -1.42712609e+00\n  -1.66042434e+00  6.92588195e+00]]", "nfev": "189", "njev": "27", "status": "0", "success": "True", "message": "Optimization terminated successfully.", "x": "[ 4.24155056  4.42946274  3.61509704 -1.76811817  0.10914702  1.54074428]", "nit": "21", "callback": [0.473480450929618, 0.4462090681612997, 0.2622619822160188, 0.1884589335764426, 0.16052196870516156, 0.14358761238330364, 0.11980726994162871, 0.10981245484828994, 0.10469996861033459, 0.0966915519104905, 0.08791544564472586, 0.08470541273668986, 0.0825051381253058, 0.08161873638259742, 0.08147216724354645, 0.08142824976379248, 0.08141129958563187, 0.08140861422178247, 0.08140822960610272, 0.08140820053798636, 0.08140819902447793]}, "1": {"maxiter": 100, "gtol": 1e-05, "xrtol": 1e-05, "eps": 1e-10, "duration": 0.14551377296447754, "fun": "0.08140819892066997", "jac": "[ 2.22044587e-06  2.22044587e-06  2.22044587e-06  0.00000000e+00\n -1.11022309e-06 -1.11022293e-06]", "hess_inv": "[[ 3.39114980e+00  5.31327636e-01  1.28543240e+00  5.24328892e-01\n  -3.28407364e-03  2.21655243e+00]\n [ 5.31327636e-01  6.11512206e+00  5.66860843e+00 -2.33727109e+00\n  -1.08492946e+00  3.99827852e+00]\n [ 1.28543240e+00  5.66860843e+00  1.15701142e+01 -2.27170136e+00\n  -4.66259294e+00  6.08337047e+00]\n [ 5.24328892e-01 -2.33727109e+00 -2.27170136e+00  3.55354740e+00\n   6.38368775e-01 -1.47184706e+00]\n [-3.28407364e-03 -1.08492946e+00 -4.66259294e+00  6.38368775e-01\n   4.73374157e+00 -1.65323263e+00]\n [ 2.21655243e+00  3.99827852e+00  6.08337047e+00 -1.47184706e+00\n  -1.65323263e+00  6.84861106e+00]]", "nfev": "189", "njev": "27", "status": "0", "success": "True", "message": "Optimization terminated successfully.", "x": "[ 4.24156909  4.4294962   3.61514315 -1.7681259   0.10914142  1.5407809 ]", "nit": "21", "callback": [0.4734812067922902, 0.44620885826241885, 0.26225973477520714, 0.1884512495133398, 0.16052075220425766, 0.14358563212930708, 0.11980552801097366, 0.10981128823791808, 0.1046980631430886, 0.09668852563659236, 0.08791238415956137, 0.08470364812741871, 0.0825035925578077, 0.0816183272251294, 0.0814720131726685, 0.08142814136779464, 0.08141128973678968, 0.08140860213056855, 0.08140822944654102, 0.08140820025485462, 0.08140819892066997]}, "2": {"maxiter": 100, "gtol": 1e-05, "xrtol": 1e-10, "eps": 1e-05, "duration": 0.14502668380737305, "fun": "0.08140819902447793", "jac": "[ 1.05907505e-06  1.92076355e-06 -6.63324951e-07  4.06152889e-07\n -2.83589818e-06 -1.84440241e-06]", "hess_inv": "[[ 3.38220826e+00  5.68194990e-01  1.31485494e+00  5.27012544e-01\n  -1.85646826e-03  2.24338690e+00]\n [ 5.68194990e-01  6.19342146e+00  5.75370582e+00 -2.29197821e+00\n  -1.12071327e+00  4.06312871e+00]\n [ 1.31485494e+00  5.75370582e+00  1.15778230e+01 -2.14513713e+00\n  -4.60350346e+00  6.15439300e+00]\n [ 5.27012544e-01 -2.29197821e+00 -2.14513713e+00  3.49379820e+00\n   5.48475220e-01 -1.42712609e+00]\n [-1.85646826e-03 -1.12071327e+00 -4.60350346e+00  5.48475220e-01\n   4.65278570e+00 -1.66042434e+00]\n [ 2.24338690e+00  4.06312871e+00  6.15439300e+00 -1.42712609e+00\n  -1.66042434e+00  6.92588195e+00]]", "nfev": "189", "njev": "27", "status": "0", "success": "True", "message": "Optimization terminated successfully.", "x": "[ 4.24155056  4.42946274  3.61509704 -1.76811817  0.10914702  1.54074428]", "nit": "21", "callback": [0.473480450929618, 0.4462090681612997, 0.2622619822160188, 0.1884589335764426, 0.16052196870516156, 0.14358761238330364, 0.11980726994162871, 0.10981245484828994, 0.10469996861033459, 0.0966915519104905, 0.08791544564472586, 0.08470541273668986, 0.0825051381253058, 0.08161873638259742, 0.08147216724354645, 0.08142824976379248, 0.08141129958563187, 0.08140861422178247, 0.08140822960610272, 0.08140820053798636, 0.08140819902447793]}, "3": {"maxiter": 100, "gtol": 1e-05, "xrtol": 1e-10, "eps": 1e-10, "duration": 0.27880096435546875, "fun": "0.08140819892066997", "jac": "[ 2.22044587e-06  2.22044587e-06  2.22044587e-06  0.00000000e+00\n -1.11022309e-06 -1.11022293e-06]", "hess_inv": "[[ 3.39114980e+00  5.31327636e-01  1.28543240e+00  5.24328892e-01\n  -3.28407364e-03  2.21655243e+00]\n [ 5.31327636e-01  6.11512206e+00  5.66860843e+00 -2.33727109e+00\n  -1.08492946e+00  3.99827852e+00]\n [ 1.28543240e+00  5.66860843e+00  1.15701142e+01 -2.27170136e+00\n  -4.66259294e+00  6.08337047e+00]\n [ 5.24328892e-01 -2.33727109e+00 -2.27170136e+00  3.55354740e+00\n   6.38368775e-01 -1.47184706e+00]\n [-3.28407364e-03 -1.08492946e+00 -4.66259294e+00  6.38368775e-01\n   4.73374157e+00 -1.65323263e+00]\n [ 2.21655243e+00  3.99827852e+00  6.08337047e+00 -1.47184706e+00\n  -1.65323263e+00  6.84861106e+00]]", "nfev": "189", "njev": "27", "status": "0", "success": "True", "message": "Optimization terminated successfully.", "x": "[ 4.24156909  4.4294962   3.61514315 -1.7681259   0.10914142  1.5407809 ]", "nit": "21", "callback": [0.4734812067922902, 0.44620885826241885, 0.26225973477520714, 0.1884512495133398, 0.16052075220425766, 0.14358563212930708, 0.11980552801097366, 0.10981128823791808, 0.1046980631430886, 0.09668852563659236, 0.08791238415956137, 0.08470364812741871, 0.0825035925578077, 0.0816183272251294, 0.0814720131726685, 0.08142814136779464, 0.08141128973678968, 0.08140860213056855, 0.08140822944654102, 0.08140820025485462, 0.08140819892066997]}, "4": {"maxiter": 100, "gtol": 1e-10, "xrtol": 1e-05, "eps": 1e-05, "duration": 0.311342716217041, "fun": "0.08140819899700402", "jac": "[ 6.01518835e-08 -4.35207426e-08 -5.30020472e-08  5.04485342e-08\n -2.52686760e-07 -9.94759830e-09]", "hess_inv": "[[ 3.38008642  0.58313321  1.35236143  0.52503033 -0.04053241  2.25102565]\n [ 0.58313321  6.15706273  5.58260935 -2.27317138 -1.02969578  3.93106209]\n [ 1.35236143  5.58260935 11.04042313 -2.1035445  -4.16473587  5.9136051 ]\n [ 0.52503033 -2.27317138 -2.1035445   3.4922885   0.49956339 -1.42550991]\n [-0.04053241 -1.02969578 -4.16473587  0.49956339  4.42534844 -1.31494902]\n [ 2.25102565  3.93106209  5.9136051  -1.42550991 -1.31494902  6.98745428]]", "nfev": "196", "njev": "28", "status": "0", "success": "True", "message": "Optimization terminated successfully.", "x": "[ 4.24155058  4.42945926  3.61509215 -1.76811839  0.1091562   1.540748  ]", "nit": "22", "callback": [0.473480450929618, 0.4462090681612997, 0.2622619822160188, 0.1884589335764426, 0.16052196870516156, 0.14358761238330364, 0.11980726994162871, 0.10981245484828994, 0.10469996861033459, 0.0966915519104905, 0.08791544564472586, 0.08470541273668986, 0.0825051381253058, 0.08161873638259742, 0.08147216724354645, 0.08142824976379248, 0.08141129958563187, 0.08140861422178247, 0.08140822960610272, 0.08140820053798636, 0.08140819902447793, 0.08140819899700402]}, "5": {"maxiter": 100, "gtol": 1e-10, "xrtol": 1e-05, "eps": 1e-10, "duration": 0.29584193229675293, "fun": "0.08140819890922557", "jac": "[-2.22044587e-06  1.11022293e-06 -2.22044587e-06 -2.22044587e-06\n -3.33066926e-06 -2.22044587e-06]", "hess_inv": "[[ 3.42548368  0.49180336  0.97665214  0.56999514  0.12936417  1.92852986]\n [ 0.49180336  5.73390748  4.525925   -2.13997339 -0.6039482   3.12182769]\n [ 0.97665214  4.525925    9.08730783 -1.80514281 -3.63077297  4.43248772]\n [ 0.56999514 -2.13997339 -1.80514281  3.46797348  0.44373892 -1.14756762]\n [ 0.12936417 -0.6039482  -3.63077297  0.44373892  4.30518846 -0.9720647 ]\n [ 1.92852986  3.12182769  4.43248772 -1.14756762 -0.9720647   5.84493972]]", "nfev": "196", "njev": "28", "status": "0", "success": "True", "message": "Optimization terminated successfully.", "x": "[ 4.24156051  4.42947512  3.61511165 -1.76811919  0.10915424  1.54076525]", "nit": "22", "callback": [0.4734812067922902, 0.44620885826241885, 0.26225973477520714, 0.1884512495133398, 0.16052075220425766, 0.14358563212930708, 0.11980552801097366, 0.10981128823791808, 0.1046980631430886, 0.09668852563659236, 0.08791238415956137, 0.08470364812741871, 0.0825035925578077, 0.0816183272251294, 0.0814720131726685, 0.08142814136779464, 0.08141128973678968, 0.08140860213056855, 0.08140822944654102, 0.08140820025485462, 0.08140819892066997, 0.08140819890922557]}, "6": {"maxiter": 100, "gtol": 1e-10, "xrtol": 1e-10, "eps": 1e-05, "duration": 0.6664116382598877, "fun": "0.08140819899502982", "jac": "[ 3.68594044e-09 -6.99440506e-09 -1.31006317e-09  9.86988269e-09\n -6.41708908e-09  8.09352585e-09]", "hess_inv": "[[ 3.40797397  0.53662847  1.38986679  0.57851926 -0.17518268  2.23114996]\n [ 0.53662847  6.13236074  5.49118831 -2.33368099 -0.86000097  3.95093381]\n [ 1.38986679  5.49118831 11.05056121 -2.03351328 -4.27034912  5.91735229]\n [ 0.57851926 -2.33368099 -2.03351328  3.58371806  0.28500424 -1.44925417]\n [-0.17518268 -0.86000097 -4.27034912  0.28500424  4.78866699 -1.32295027]\n [ 2.23114996  3.95093381  5.91735229 -1.44925417 -1.32295027  6.96345703]]", "nfev": "432", "njev": "60", "status": "2", "success": "False", "message": "Desired error not necessarily achieved due to precision loss.", "x": "[ 4.24155045  4.42945969  3.61509199 -1.76811871  0.1091571   1.54074819]", "nit": "23", "callback": [0.473480450929618, 0.4462090681612997, 0.2622619822160188, 0.1884589335764426, 0.16052196870516156, 0.14358761238330364, 0.11980726994162871, 0.10981245484828994, 0.10469996861033459, 0.0966915519104905, 0.08791544564472586, 0.08470541273668986, 0.0825051381253058, 0.08161873638259742, 0.08147216724354645, 0.08142824976379248, 0.08141129958563187, 0.08140861422178247, 0.08140822960610272, 0.08140820053798636, 0.08140819902447793, 0.08140819899700402, 0.08140819899502982]}, "7": {"maxiter": 100, "gtol": 1e-10, "xrtol": 1e-10, "eps": 1e-10, "duration": 0.47283124923706055, "fun": "0.0814081988858516", "jac": "[-1.11022293e-06  0.00000000e+00  0.00000000e+00 -1.11022293e-06\n  0.00000000e+00  2.22044587e-06]", "hess_inv": "[[ 1.32382432  0.77504862  0.29904861  0.23703362 -0.63893569  0.01404828]\n [ 0.77504862  1.73878503  1.58690593 -0.91984873 -0.56708786  0.50808932]\n [ 0.29904861  1.58690593  3.20033917 -0.54717236 -0.99964276  0.90415478]\n [ 0.23703362 -0.91984873 -0.54717236  1.44899145 -0.19094805 -0.30676676]\n [-0.63893569 -0.56708786 -0.99964276 -0.19094805  1.62243542 -0.92135737]\n [ 0.01404828  0.50808932  0.90415478 -0.30676676 -0.92135737  2.05847205]]", "nfev": "301", "njev": "43", "status": "0", "success": "True", "message": "Optimization terminated successfully.", "x": "[ 4.24156536  4.42948311  3.61512438 -1.76812089  0.10915458  1.54077814]", "nit": "27", "callback": [0.4734812067922902, 0.44620885826241885, 0.26225973477520714, 0.1884512495133398, 0.16052075220425766, 0.14358563212930708, 0.11980552801097366, 0.10981128823791808, 0.1046980631430886, 0.09668852563659236, 0.08791238415956137, 0.08470364812741871, 0.0825035925578077, 0.0816183272251294, 0.0814720131726685, 0.08142814136779464, 0.08141128973678968, 0.08140860213056855, 0.08140822944654102, 0.08140820025485462, 0.08140819892066997, 0.08140819890922557, 0.08140819890487638, 0.0814081988984593, 0.08140819889112316, 0.0814081988858516, 0.0814081988858516]}, "8": {"maxiter": 500, "gtol": 1e-05, "xrtol": 1e-05, "eps": 1e-05, "duration": 0.3070952892303467, "fun": "0.08140819902447793", "jac": "[ 1.05907505e-06  1.92076355e-06 -6.63324951e-07  4.06152889e-07\n -2.83589818e-06 -1.84440241e-06]", "hess_inv": "[[ 3.38220826e+00  5.68194990e-01  1.31485494e+00  5.27012544e-01\n  -1.85646826e-03  2.24338690e+00]\n [ 5.68194990e-01  6.19342146e+00  5.75370582e+00 -2.29197821e+00\n  -1.12071327e+00  4.06312871e+00]\n [ 1.31485494e+00  5.75370582e+00  1.15778230e+01 -2.14513713e+00\n  -4.60350346e+00  6.15439300e+00]\n [ 5.27012544e-01 -2.29197821e+00 -2.14513713e+00  3.49379820e+00\n   5.48475220e-01 -1.42712609e+00]\n [-1.85646826e-03 -1.12071327e+00 -4.60350346e+00  5.48475220e-01\n   4.65278570e+00 -1.66042434e+00]\n [ 2.24338690e+00  4.06312871e+00  6.15439300e+00 -1.42712609e+00\n  -1.66042434e+00  6.92588195e+00]]", "nfev": "189", "njev": "27", "status": "0", "success": "True", "message": "Optimization terminated successfully.", "x": "[ 4.24155056  4.42946274  3.61509704 -1.76811817  0.10914702  1.54074428]", "nit": "21", "callback": [0.473480450929618, 0.4462090681612997, 0.2622619822160188, 0.1884589335764426, 0.16052196870516156, 0.14358761238330364, 0.11980726994162871, 0.10981245484828994, 0.10469996861033459, 0.0966915519104905, 0.08791544564472586, 0.08470541273668986, 0.0825051381253058, 0.08161873638259742, 0.08147216724354645, 0.08142824976379248, 0.08141129958563187, 0.08140861422178247, 0.08140822960610272, 0.08140820053798636, 0.08140819902447793]}, "9": {"maxiter": 500, "gtol": 1e-05, "xrtol": 1e-05, "eps": 1e-10, "duration": 0.2905752658843994, "fun": "0.08140819892066997", "jac": "[ 2.22044587e-06  2.22044587e-06  2.22044587e-06  0.00000000e+00\n -1.11022309e-06 -1.11022293e-06]", "hess_inv": "[[ 3.39114980e+00  5.31327636e-01  1.28543240e+00  5.24328892e-01\n  -3.28407364e-03  2.21655243e+00]\n [ 5.31327636e-01  6.11512206e+00  5.66860843e+00 -2.33727109e+00\n  -1.08492946e+00  3.99827852e+00]\n [ 1.28543240e+00  5.66860843e+00  1.15701142e+01 -2.27170136e+00\n  -4.66259294e+00  6.08337047e+00]\n [ 5.24328892e-01 -2.33727109e+00 -2.27170136e+00  3.55354740e+00\n   6.38368775e-01 -1.47184706e+00]\n [-3.28407364e-03 -1.08492946e+00 -4.66259294e+00  6.38368775e-01\n   4.73374157e+00 -1.65323263e+00]\n [ 2.21655243e+00  3.99827852e+00  6.08337047e+00 -1.47184706e+00\n  -1.65323263e+00  6.84861106e+00]]", "nfev": "189", "njev": "27", "status": "0", "success": "True", "message": "Optimization terminated successfully.", "x": "[ 4.24156909  4.4294962   3.61514315 -1.7681259   0.10914142  1.5407809 ]", "nit": "21", "callback": [0.4734812067922902, 0.44620885826241885, 0.26225973477520714, 0.1884512495133398, 0.16052075220425766, 0.14358563212930708, 0.11980552801097366, 0.10981128823791808, 0.1046980631430886, 0.09668852563659236, 0.08791238415956137, 0.08470364812741871, 0.0825035925578077, 0.0816183272251294, 0.0814720131726685, 0.08142814136779464, 0.08141128973678968, 0.08140860213056855, 0.08140822944654102, 0.08140820025485462, 0.08140819892066997]}, "10": {"maxiter": 500, "gtol": 1e-05, "xrtol": 1e-10, "eps": 1e-0