{"date": "2024/10/27/, 16:39:02", "conf_id": 140, "data_type": "orthogonal\n", "num_data_points": 4, "s_rank": 0, "unitary": "[[-0.45070455-0.02711853j,0.78437395-0.06613086j,0.06358678+0.19963393j,-0.07343613+0.35668523j],[-0.01890143-0.03813363j,0.32408202+0.25557629j,0.05872864-0.68979805j,0.55466693-0.20227297j],[-0.11215405+0.64023111j,-0.13344055+0.29565494j,-0.49012687-0.19046288j,-0.04241254+0.44046348j],[0.55771659+0.24656916j,0.31851997-0.05798805j,0.28761525-0.34294258j,-0.56718418+0.03616933j]]", "databatch_0": {"databatch": "[[[-0.0276453+0.32671835j,-0.17856364+0.12116107j,0.19568338+0.06091341j,0.06651326+0.03448612j],[-0.04330005+0.09569947j,-0.06688143+0.01748354j,0.05257271+0.03932774j,0.01639525+0.0175291j],[-0.45903732+0.32376111j,-0.35570031-0.10071882j,0.13572854+0.32381135j,0.02805653+0.12525071j],[-0.11534276-0.29267559j,0.10193628-0.18020099j,-0.19417988+0.03094701j,-0.07187017-0.00133005j]],[[-0.1413064-0.46028642j,0.1769164-0.26289276j,-0.29997956+0.02420043j,-0.10951313-0.01055105j],[-0.01069759+0.37816396j,-0.19785942+0.15113456j,0.22936727+0.05750417j,0.07885461+0.03542189j],[-0.1951567+0.26868531j,-0.21825028+0.01144688j,0.13768353+0.15532999j,0.03957764+0.06474166j],[0.12692382+0.17804717j,-0.03850834+0.13865441j,0.12577845-0.05346687j,0.04869916-0.01116639j]],[[-0.1097038-0.07321006j,-0.0079842-0.086431j,-0.05947079+0.05708839j,-0.0250683+0.01672709j],[-0.23844753-0.53890157j,0.17689936-0.34513638j,-0.36105591+0.07289272j,-0.13462017+0.00305129j],[-0.06938839+0.31341431j,-0.18904544+0.09430015j,0.18193656+0.08459763j,0.06004527+0.04212718j],[0.19353142+0.1669654j,-0.00525633+0.16813471j,0.12799322-0.09561404j,0.05220234-0.02619249j]],[[-0.06434477+0.41492985j,-0.23888155+0.13891984j,0.2445756+0.09520318j,0.08190742+0.04996581j],[-0.03941148+0.17338049j,-0.1050046+0.05164201j,0.10050885+0.04742547j,0.03312701+0.02352118j],[-0.05916652-0.02614359j,-0.01112987-0.04109009j,-0.02393193+0.03258775j,-0.01070517+0.01019139j],[0.09384975+0.55868494j,-0.24689972+0.27936795j,0.35363932+0.01802807j,0.12611335+0.0291939j]]]", "initial param values": "[3.72299766,3.90701198,1.78368661,0.28461202,1.15767073,0.21376244]", "nelder_mead": {"type": "gradient-free", "0": {"maxiter": 100, "fatol": 1e-05, "xatol": 1e-05, "duration": 0.25073766708374023, "fun": "0.3221695867673895", "nit": "100", "nfev": "153", "status": "2", "success": "False", "message": "Maximum number of iterations has been exceeded.", "x": "[ 3.44417639  6.06180641  5.47909297 -1.6220155   0.81688994  1.02994486]", "final_simplex": "(array([[ 3.44417639,  6.06180641,  5.47909297, -1.6220155 ,  0.81688994,\n         1.02994486],\n       [ 3.76865369,  5.71997392,  4.99460197, -1.4745711 ,  1.04036203,\n         0.96211955],\n       [ 3.78027813,  4.883736  ,  4.39056861, -1.15789903,  1.11135382,\n         0.83828414],\n       [ 4.00251571,  4.66639361,  4.25892126, -1.04524044,  1.11291011,\n         0.76300001],\n       [ 3.87042045,  5.5023371 ,  5.25052352, -1.68905054,  1.10675138,\n         1.05018666],\n       [ 4.28613079,  5.40838183,  5.19376546, -1.56308489,  0.94165597,\n         0.97829643],\n       [ 4.0062988 ,  5.70441764,  5.41876298, -1.74483926,  1.07319919,\n         1.07655704]]), array([0.32216959, 0.33256131, 0.37679289, 0.39832127, 0.4001733 ,\n       0.40593228, 0.4107498 ]))", "callback": [0.613985408484301, 0.5879129900780856, 0.5817836755653958, 0.5758994093901187, 0.5649086963338803, 0.5574767503614355, 0.5508579220931307, 0.5368925703273303, 0.50145032192517, 0.37679288567729174]}, "1": {"maxiter": 100, "fatol": 1e-05, "xatol": 1e-10, "duration": 0.23109054565429688, "fun": "0.3221695867673895", "nit": "100", "nfev": "153", "status": "2", "success": "False", "message": "Maximum number of iterations has been exceeded.", "x": "[ 3.44417639  6.06180641  5.47909297 -1.6220155   0.81688994  1.02994486]", "final_simplex": "(array([[ 3.44417639,  6.06180641,  5.47909297, -1.6220155 ,  0.81688994,\n         1.02994486],\n       [ 3.76865369,  5.71997392,  4.99460197, -1.4745711 ,  1.04036203,\n         0.96211955],\n       [ 3.78027813,  4.883736  ,  4.39056861, -1.15789903,  1.11135382,\n         0.83828414],\n       [ 4.00251571,  4.66639361,  4.25892126, -1.04524044,  1.11291011,\n         0.76300001],\n       [ 3.87042045,  5.5023371 ,  5.25052352, -1.68905054,  1.10675138,\n         1.05018666],\n       [ 4.28613079,  5.40838183,  5.19376546, -1.56308489,  0.94165597,\n         0.97829643],\n       [ 4.0062988 ,  5.70441764,  5.41876298, -1.74483926,  1.07319919,\n         1.07655704]]), array([0.32216959, 0.33256131, 0.37679289, 0.39832127, 0.4001733 ,\n       0.40593228, 0.4107498 ]))", "callback": [0.613985408484301, 0.5879129900780856, 0.5817836755653958, 0.5758994093901187, 0.5649086963338803, 0.5574767503614355, 0.5508579220931307, 0.5368925703273303, 0.50145032192517, 0.37679288567729174]}, "2": {"maxiter": 100, "fatol": 1e-10, "xatol": 1e-05, "duration": 0.2455286979675293, "fun": "0.3221695867673895", "nit": "100", "nfev": "153", "status": "2", "success": "False", "message": "Maximum number of iterations has been exceeded.", "x": "[ 3.44417639  6.06180641  5.47909297 -1.6220155   0.81688994  1.02994486]", "final_simplex": "(array([[ 3.44417639,  6.06180641,  5.47909297, -1.6220155 ,  0.81688994,\n         1.02994486],\n       [ 3.76865369,  5.71997392,  4.99460197, -1.4745711 ,  1.04036203,\n         0.96211955],\n       [ 3.78027813,  4.883736  ,  4.39056861, -1.15789903,  1.11135382,\n         0.83828414],\n       [ 4.00251571,  4.66639361,  4.25892126, -1.04524044,  1.11291011,\n         0.76300001],\n       [ 3.87042045,  5.5023371 ,  5.25052352, -1.68905054,  1.10675138,\n         1.05018666],\n       [ 4.28613079,  5.40838183,  5.19376546, -1.56308489,  0.94165597,\n         0.97829643],\n       [ 4.0062988 ,  5.70441764,  5.41876298, -1.74483926,  1.07319919,\n         1.07655704]]), array([0.32216959, 0.33256131, 0.37679289, 0.39832127, 0.4001733 ,\n       0.40593228, 0.4107498 ]))", "callback": [0.613985408484301, 0.5879129900780856, 0.5817836755653958, 0.5758994093901187, 0.5649086963338803, 0.5574767503614355, 0.5508579220931307, 0.5368925703273303, 0.50145032192517, 0.37679288567729174]}, "3": {"maxiter": 100, "fatol": 1e-10, "xatol": 1e-10, "duration": 0.24728608131408691, "fun": "0.3221695867673895", "nit": "100", "nfev": "153", "status": "2", "success": "False", "message": "Maximum number of iterations has been exceeded.", "x": "[ 3.44417639  6.06180641  5.47909297 -1.6220155   0.81688994  1.02994486]", "final_simplex": "(array([[ 3.44417639,  6.06180641,  5.47909297, -1.6220155 ,  0.81688994,\n         1.02994486],\n       [ 3.76865369,  5.71997392,  4.99460197, -1.4745711 ,  1.04036203,\n         0.96211955],\n       [ 3.78027813,  4.883736  ,  4.39056861, -1.15789903,  1.11135382,\n         0.83828414],\n       [ 4.00251571,  4.66639361,  4.25892126, -1.04524044,  1.11291011,\n         0.76300001],\n       [ 3.87042045,  5.5023371 ,  5.25052352, -1.68905054,  1.10675138,\n         1.05018666],\n       [ 4.28613079,  5.40838183,  5.19376546, -1.56308489,  0.94165597,\n         0.97829643],\n       [ 4.0062988 ,  5.70441764,  5.41876298, -1.74483926,  1.07319919,\n         1.07655704]]), array([0.32216959, 0.33256131, 0.37679289, 0.39832127, 0.4001733 ,\n       0.40593228, 0.4107498 ]))", "callback": [0.613985408484301, 0.5879129900780856, 0.5817836755653958, 0.5758994093901187, 0.5649086963338803, 0.5574767503614355, 0.5508579220931307, 0.5368925703273303, 0.50145032192517, 0.37679288567729174]}, "4": {"maxiter": 500, "fatol": 1e-05, "xatol": 1e-05, "duration": 1.1860301494598389, "fun": "0.15726202294855507", "nit": "500", "nfev": "770", "status": "2", "success": "False", "message": "Maximum number of iterations has been exceeded.", "x": "[ 2.66058128  7.75554056  6.48459529 -1.6481951   0.04861795  1.4290325 ]", "final_simplex": "(array([[ 2.66058128,  7.75554056,  6.48459529, -1.6481951 ,  0.04861795,\n         1.4290325 ],\n       [ 2.66013746,  7.75569933,  6.48358889, -1.6482734 ,  0.04915989,\n         1.42899079],\n       [ 2.66045049,  7.75648724,  6.48423775, -1.64845497,  0.04835741,\n         1.42752388],\n       [ 2.66061455,  7.75606024,  6.48577941, -1.64808702,  0.0500579 ,\n         1.42665519],\n       [ 2.66200024,  7.75583299,  6.48281077, -1.64822661,  0.0474243 ,\n         1.42732396],\n       [ 2.66012913,  7.75913061,  6.48766617, -1.64762254,  0.05033469,\n         1.42787173],\n       [ 2.6594617 ,  7.75546857,  6.48421932, -1.64686943,  0.04851185,\n         1.42815542]]), array([0.15726202, 0.1572623 , 0.15726237, 0.15726237, 0.15726263,\n       0.15726268, 0.15726286]))", "callback": [0.613985408484301, 0.5879129900780856, 0.5817836755653958, 0.5758994093901187, 0.5649086963338803, 0.5574767503614355, 0.5508579220931307, 0.5368925703273303, 0.50145032192517, 0.37679288567729174, 0.3221695867673895, 0.19665888333173487, 0.188914679212973, 0.1793289943706089, 0.17710480680920526, 0.17610227503440545, 0.17588876716500101, 0.17580427335466142, 0.17572625355094385, 0.17530632661824808, 0.17402692636307626, 0.16904738886306858, 0.16475293886461206, 0.16166656548215452, 0.16071514650925334, 0.15981873992388929, 0.1597284913096947, 0.1597023221880226, 0.15969513810540126, 0.15969310731410613, 0.15969166504208798, 0.1596896818728486, 0.1596865339774478, 0.159681449956934, 0.15967282113717207, 0.15966277771678716, 0.15964240662236096, 0.15958345055779033, 0.15934568373130953, 0.15896102179954874, 0.15791921552967236, 0.15752865654326664, 0.15740461705298348, 0.15734219338483124, 0.15731093987382594, 0.1572915251556899, 0.15728069876307227, 0.15726921979384856, 0.15726524288785493, 0.15726262742340302]}, "5": {"maxiter": 500, "fatol": 1e-05, "xatol": 1e-10, "duration": 1.246703863143921, "fun": "0.15726202294855507", "nit": "500", "nfev": "770", "status": "2", "success": "False", "message": "Maximum number of iterations has been exceeded.", "x": "[ 2.66058128  7.75554056  6.48459529 -1.6481951   0.04861795  1.4290325 ]", "final_simplex": "(array([[ 2.66058128,  7.75554056,  6.48459529, -1.6481951 ,  0.04861795,\n         1.4290325 ],\n       [ 2.66013746,  7.75569933,  6.48358889, -1.6482734 ,  0.04915989,\n         1.42899079],\n       [ 2.66045049,  7.75648724,  6.48423775, -1.64845497,  0.04835741,\n         1.42752388],\n       [ 2.66061455,  7.75606024,  6.48577941, -1.64808702,  0.0500579 ,\n         1.42665519],\n       [ 2.66200024,  7.75583299,  6.48281077, -1.64822661,  0.0474243 ,\n         1.42732396],\n       [ 2.66012913,  7.75913061,  6.48766617, -1.64762254,  0.05033469,\n         1.42787173],\n       [ 2.6594617 ,  7.75546857,  6.48421932, -1.64686943,  0.04851185,\n         1.42815542]]), array([0.15726202, 0.1572623 , 0.15726237, 0.15726237, 0.15726263,\n       0.15726268, 0.15726286]))", "callback": [0.613985408484301, 0.5879129900780856, 0.5817836755653958, 0.5758994093901187, 0.5649086963338803, 0.5574767503614355, 0.5508579220931307, 0.5368925703273303, 0.50145032192517, 0.37679288567729174, 0.3221695867673895, 0.19665888333173487, 0.188914679212973, 0.1793289943706089, 0.17710480680920526, 0.17610227503440545, 0.17588876716500101, 0.17580427335466142, 0.17572625355094385, 0.17530632661824808, 0.17402692636307626, 0.16904738886306858, 0.16475293886461206, 0.16166656548215452, 0.16071514650925334, 0.15981873992388929, 0.1597284913096947, 0.1597023221880226, 0.15969513810540126, 0.15969310731410613, 0.15969166504208798, 0.1596896818728486, 0.1596865339774478, 0.159681449956934, 0.15967282113717207, 0.15966277771678716, 0.15964240662236096, 0.15958345055779033, 0.15934568373130953, 0.15896102179954874, 0.15791921552967236, 0.15752865654326664, 0.15740461705298348, 0.15734219338483124, 0.15731093987382594, 0.1572915251556899, 0.15728069876307227, 0.15726921979384856, 0.15726524288785493, 0.15726262742340302]}, "6": {"maxiter": 500, "fatol": 1e-10, "xatol": 1e-05, "duration": 1.1966962814331055, "fun": "0.15726202294855507", "nit": "500", "nfev": "770", "status": "2", "success": "False", "message": "Maximum number of iterations has been exceeded.", "x": "[ 2.66058128  7.75554056  6.48459529 -1.6481951   0.04861795  1.4290325 ]", "final_simplex": "(array([[ 2.66058128,  7.75554056,  6.48459529, -1.6481951 ,  0.04861795,\n         1.4290325 ],\n       [ 2.66013746,  7.75569933,  6.48358889, -1.6482734 ,  0.04915989,\n         1.42899079],\n       [ 2.66045049,  7.75648724,  6.48423775, -1.64845497,  0.04835741,\n         1.42752388],\n       [ 2.66061455,  7.75606024,  6.48577941, -1.64808702,  0.0500579 ,\n         1.42665519],\n       [ 2.66200024,  7.75583299,  6.48281077, -1.64822661,  0.0474243 ,\n         1.42732396],\n       [ 2.66012913,  7.75913061,  6.48766617, -1.64762254,  0.05033469,\n         1.42787173],\n       [ 2.6594617 ,  7.75546857,  6.48421932, -1.64686943,  0.04851185,\n         1.42815542]]), array([0.15726202, 0.1572623 , 0.15726237, 0.15726237, 0.15726263,\n       0.15726268, 0.15726286]))", "callback": [0.613985408484301, 0.5879129900780856, 0.5817836755653958, 0.5758994093901187, 0.5649086963338803, 0.5574767503614355, 0.5508579220931307, 0.5368925703273303, 0.50145032192517, 0.37679288567729174, 0.3221695867673895, 0.19665888333173487, 0.188914679212973, 0.1793289943706089, 0.17710480680920526, 0.17610227503440545, 0.17588876716500101, 0.17580427335466142, 0.17572625355094385, 0.17530632661824808, 0.17402692636307626, 0.16904738886306858, 0.16475293886461206, 0.16166656548215452, 0.16071514650925334, 0.15981873992388929, 0.1597284913096947, 0.1597023221880226, 0.15969513810540126, 0.15969310731410613, 0.15969166504208798, 0.1596896818728486, 0.1596865339774478, 0.159681449956934, 0.15967282113717207, 0.15966277771678716, 0.15964240662236096, 0.15958345055779033, 0.15934568373130953, 0.15896102179954874, 0.15791921552967236, 0.15752865654326664, 0.15740461705298348, 0.15734219338483124, 0.15731093987382594, 0.1572915251556899, 0.15728069876307227, 0.15726921979384856, 0.15726524288785493, 0.15726262742340302]}, "7": {"maxiter": 500, "fatol": 1e-10, "xatol": 1e-10, "duration": 1.174320936203003, "fun": "0.15726202294855507", "nit": "500", "nfev": "770", "status": "2", "success": "False", "message": "Maximum number of iterations has been exceeded.", "x": "[ 2.66058128  7.75554056  6.48459529 -1.6481951   0.04861795  1.4290325 ]", "final_simplex": "(array([[ 2.66058128,  7.75554056,  6.48459529, -1.6481951 ,  0.04861795,\n         1.4290325 ],\n       [ 2.66013746,  7.75569933,  6.48358889, -1.6482734 ,  0.04915989,\n         1.42899079],\n       [ 2.66045049,  7.75648724,  6.48423775, -1.64845497,  0.04835741,\n         1.42752388],\n       [ 2.66061455,  7.75606024,  6.48577941, -1.64808702,  0.0500579 ,\n         1.42665519],\n       [ 2.66200024,  7.75583299,  6.48281077, -1.64822661,  0.0474243 ,\n         1.42732396],\n       [ 2.66012913,  7.75913061,  6.48766617, -1.64762254,  0.05033469,\n         1.42787173],\n       [ 2.6594617 ,  7.75546857,  6.48421932, -1.64686943,  0.04851185,\n         1.42815542]]), array([0.15726202, 0.1572623 , 0.15726237, 0.15726237, 0.15726263,\n       0.15726268, 0.15726286]))", "callback": [0.613985408484301, 0.5879129900780856, 0.5817836755653958, 0.5758994093901187, 0.5649086963338803, 0.5574767503614355, 0.5508579220931307, 0.5368925703273303, 0.50145032192517, 0.37679288567729174, 0.3221695867673895, 0.19665888333173487, 0.188914679212973, 0.1793289943706089, 0.17710480680920526, 0.17610227503440545, 0.17588876716500101, 0.17580427335466142, 0.17572625355094385, 0.17530632661824808, 0.17402692636307626, 0.16904738886306858, 0.16475293886461206, 0.16166656548215452, 0.16071514650925334, 0.15981873992388929, 0.1597284913096947, 0.1597023221880226, 0.15969513810540126, 0.15969310731410613, 0.15969166504208798, 0.1596896818728486, 0.1596865339774478, 0.159681449956934, 0.15967282113717207, 0.15966277771678716, 0.15964240662236096, 0.15958345055779033, 0.15934568373130953, 0.15896102179954874, 0.15791921552967236, 0.15752865654326664, 0.15740461705298348, 0.15734219338483124, 0.15731093987382594, 0.1572915251556899, 0.15728069876307227, 0.15726921979384856, 0.15726524288785493, 0.15726262742340302]}, "8": {"maxiter": 1000, "fatol": 1e-05, "xatol": 1e-05, "duration": 1.5162134170532227, "fun": "0.15726184218735506", "nit": "626", "nfev": "974", "status": "0", "success": "True", "message": "Optimization terminated successfully.", "x": "[ 2.66147975  7.75608725  6.4847772  -1.64835446  0.04858992  1.42830353]", "final_simplex": "(array([[ 2.66147975,  7.75608725,  6.4847772 , -1.64835446,  0.04858992,\n         1.42830353],\n       [ 2.66147755,  7.7560907 ,  6.4847832 , -1.6483535 ,  0.04859105,\n         1.42830274],\n       [ 2.66147948,  7.75608368,  6.48477306, -1.64835162,  0.04858793,\n         1.42830958],\n       [ 2.66147872,  7.75608478,  6.48477462, -1.64835393,  0.04858582,\n         1.4283048 ],\n       [ 2.66147822,  7.75608812,  6.4847802 , -1.64835145,  0.04858888,\n         1.42830038],\n       [ 2.66147682,  7.75608578,  6.48477503, -1.64835444,  0.04858975,\n         1.42830555],\n       [ 2.66147772,  7.75609506,  6.48478394, -1.64835476,  0.04859076,\n         1.42830302]]), array([0.15726184, 0.15726184, 0.15726184, 0.15726184, 0.15726184,\n       0.15726184, 0.15726184]))", "callback": [0.613985408484301, 0.5879129900780856, 0.5817836755653958, 0.5758994093901187, 0.5649086963338803, 0.5574767503614355, 0.5508579220931307, 0.5368925703273303, 0.50145032192517, 0.37679288567729174, 0.3221695867673895, 0.19665888333173487, 0.188914679212973, 0.1793289943706089, 0.17710480680920526, 0.17610227503440545, 0.17588876716500101, 0.17580427335466142, 0.17572625355094385, 0.17530632661824808, 0.17402692636307626, 0.16904738886306858, 0.16475293886461206, 0.16166656548215452, 0.16071514650925334, 0.15981873992388929, 0.1597284913096947, 0.1597023221880226, 0.15969513810540126, 0.15969310731410613, 0.15969166504208798, 0.1596896818728486, 0.1596865339774478, 0.159681449956934, 0.15967282113717207, 0.15966277771678716, 0.15964240662236096, 0.15958345055779033, 0.15934568373130953, 0.15896102179954874, 0.15791921552967236, 0.15752865654326664, 0.15740461705298348, 0.15734219338483124, 0.15731093987382594, 0.1572915251556899, 0.15728069876307227, 0.15726921979384856, 0.15726524288785493, 0.15726262742340302, 0.15726202294855507, 0.15726192858189858, 0.15726186593805336, 0.1572618491752451, 0.1572618458466548, 0.15726184386032793, 0.15726184303842472, 0.1572618425430834, 0.1572618423125567, 0.1572618422640244, 0.1572618422116414, 0.1572618421897931, 0.15726184218868933]}, "9": {"maxiter": 1000, "fatol": 1e-05, "xatol": 1e-10, "duration": 1.1794962882995605, "fun": "0.1572618421855193", "nit": "750", "nfev": "1230", "status": "0", "success": "True", "message": "Optimization terminated successfully.", "x": "[ 2.66148067  7.75608945  6.48478016 -1.64835199  0.04858933  1.42830425]", "final_simplex": "(array([[ 2.66148067,  7.75608945,  6.48478016, -1.64835199,  0.04858933,\n         1.42830425],\n       [ 2.66148067,  7.75608945,  6.48478016, -1.64835199,  0.04858933,\n         1.42830425],\n       [ 2.66148067,  7.75608945,  6.48478016, -1.64835199,  0.04858933,\n         1.42830425],\n       [ 2.66148067,  7.75608945,  6.48478016, -1.64835199,  0.04858933,\n         1.42830425],\n       [ 2.66148067,  7.75608945,  6.48478016, -1.64835199,  0.04858933,\n         1.42830425],\n       [ 2.66148067,  7.75608945,  6.48478016, -1.64835199,  0.04858933,\n         1.42830425],\n       [ 2.66148067,  7.75608945,  6.48478016, -1.64835199,  0.04858933,\n         1.42830425]]), array([0.15726184, 0.15726184, 0.15726184, 0.15726184, 0.15726184,\n       0.15726184, 0.15726184]))", "callback": [0.613985408484301, 0.5879129900780856, 0.5817836755653958, 0.5758994093901187, 0.5649086963338803, 0.5574767503614355, 0.5508579220931307, 0.5368925703273303, 0.50145032192517, 0.37679288567729174, 0.3221695867673895, 0.19665888333173487, 0.188914679212973, 0.1793289943706089, 0.17710480680920526, 0.17610227503440545, 0.17588876716500101, 0.17580427335466142, 0.17572625355094385, 0.17530632661824808, 0.17402692636307626, 0.16904738886306858, 0.16475293886461206, 0.16166656548215452, 0.16071514650925334, 0.15981873992388929, 0.1597284913096947, 0.1597023221880226, 0.15969513810540126, 0.15969310731410613, 0.15969166504208798, 0.1596896818728486, 0.1596865339774478, 0.159681449956934, 0.15967282113717207, 0.15966277771678716, 0.15964240662236096, 0.15958345055779033, 0.15934568373130953, 0.15896102179954874, 0.15791921552967236, 0.15752865654326664, 0.15740461705298348, 0.15734219338483124, 0.15731093987382594, 0.1572915251556899, 0.15728069876307227, 0.15726921979384856, 0.15726524288785493, 0.15726262742340302, 0.15726202294855507, 0.15726192858189858, 0.15726186593805336, 0.1572618491752451, 0.1572618458466548, 0.15726184386032793, 0.15726184303842472, 0.1572618425430834, 0.1572618423125567, 0.1572618422640244, 0.1572618422116414, 0.1572618421897931, 0.15726184218868933, 0.15726184218640438, 0.15726184218592154, 0.15726184218564532, 0.1572618421855556, 0.15726184218553352, 0.15726184218552552, 0.1572618421855223, 0.1572618421855213, 0.15726184218552064, 0.15726184218551964, 0.1572618421855193, 0.1572618421855193]}, "10": {"maxiter": 1000, "fatol": 1e-10, "xatol": 1e-05, "duration": 0.8601279258728027, "fun": "0.15726184218735506", "nit": "626", "nfev": "974", "status": "0", "success": "True", "message": "Optimization terminated successfully.", "x": "[ 2.66147975  7.75608725  6.4847772  -1.64835446  0.04858992  1.42830353]", "final_simplex": "(array([[ 2.66147975,  7.75608725,  6.4847772 , -1.64835446,  0.04858992,\n         1.42830353],\n       [ 2.66147755,  7.7560907 ,  6.4847832 , -1.6483535 ,  0.04859105,\n         1.42830274],\n       [ 2.66147948,  7.75608368,  6.48477306, -1.64835162,  0.04858793,\n         1.42830958],\n       [ 2.66147872,  7.75608478,  6.48477462, -1.64835393,  0.04858582,\n         1.4283048 ],\n       [ 2.66147822,  7.75608812,  6.4847802 , -1.64835145,  0.04858888,\n         1.42830038],\n       [ 2.66147682,  7.75608578,  6.48477503, -1.64835444,  0.04858975,\n         1.42830555],\n       [ 2.66147772,  7.75609506,  6.48478394, -1.64835476,  0.04859076,\n         1.42830302]]), array([0.15726184, 0.15726184, 0.15726184, 0.15726184, 0.15726184,\n       0.15726184, 0.15726184]))", "callback": [0.613985408484301, 0.5879129900780856, 0.5817836755653958, 0.5758994093901187, 0.5649086963338803, 0.5574767503614355, 0.5508579220931307, 0.5368925703273303, 0.50145032192517, 0.37679288567729174, 0.3221695867673895, 0.19665888333173487, 0.188914679212973, 0.1793289943706089, 0.17710480680920526, 0.17610227503440545, 0.17588876716500101, 0.17580427335466142, 0.17572625355094385, 0.17530632661824808, 0.17402692636307626, 0.16904738886306858, 0.16475293886461206, 0.16166656548215452, 0.16071514650925334, 0.15981873992388929, 0.1597284913096947, 0.1597023221880226, 0.15969513810540126, 0.15969310731410613, 0.15969166504208798, 0.1596896818728486, 0.1596865339774478, 0.159681449956934, 0.15967282113717207, 0.15966277771678716, 0.15964240662236096, 0.15958345055779033, 0.15934568373130953, 0.15896102179954874, 0.15791921552967236, 0.15752865654326664, 0.15740461705298348, 0.15734219338483124, 0.15731093987382594, 0.1572915251556899, 0.15728069876307227, 0.15726921979384856, 0.15726524288785493, 0.15726262742340302, 0.15726202294855507, 0.15726192858189858, 0.15726186593805336, 0.1572618491752451, 0.1572618458466548, 0.15726184386032793, 0.15726184303842472, 0.1572618425430834, 0.1572618423125567, 0.1572618422640244, 0.1572618422116414, 0.1572618421897931, 0.15726184218868933]}, "11": {"maxiter": 1000, "fatol": 1e-10, "xatol": 1e-10, "duration": 1.403170108795166, "fun": "0.1572618421855193", "nit": "750", "nfev": "1230", "status": "0", "success": "True", "message": "Optimization terminated successfully.", "x": "[ 2.66148067  7.75608945  6.48478016 -1.64835199  0.04858933  1.42830425]", "final_simplex": "(array([[ 2.66148067,  7.75608945,  6.48478016, -1.64835199,  0.04858933,\n         1.42830425],\n       [ 2.66148067,  7.75608945,  6.48478016, -1.64835199,  0.04858933,\n         1.42830425],\n       [ 2.66148067,  7.75608945,  6.48478016, -1.64835199,  0.04858933,\n         1.42830425],\n       [ 2.66148067,  7.75608945,  6.48478016, -1.64835199,  0.04858933,\n         1.42830425],\n       [ 2.66148067,  7.75608945,  6.48478016, -1.64835199,  0.04858933,\n         1.42830425],\n       [ 2.66148067,  7.75608945,  6.48478016, -1.64835199,  0.04858933,\n         1.42830425],\n       [ 2.66148067,  7.75608945,  6.48478016, -1.64835199,  0.04858933,\n         1.42830425]]), array([0.15726184, 0.15726184, 0.15726184, 0.15726184, 0.15726184,\n       0.15726184, 0.15726184]))", "callback": [0.613985408484301, 0.5879129900780856, 0.5817836755653958, 0.5758994093901187, 0.5649086963338803, 0.5574767503614355, 0.5508579220931307, 0.5368925703273303, 0.50145032192517, 0.37679288567729174, 0.3221695867673895, 0.19665888333173487, 0.188914679212973, 0.1793289943706089, 0.17710480680920526, 0.17610227503440545, 0.17588876716500101, 0.17580427335466142, 0.17572625355094385, 0.17530632661824808, 0.17402692636307626, 0.16904738886306858, 0.16475293886461206, 0.16166656548215452, 0.16071514650925334, 0.15981873992388929, 0.1597284913096947, 0.1597023221880226, 0.15969513810540126, 0.15969310731410613, 0.15969166504208798, 0.1596896818728486, 0.1596865339774478, 0.159681449956934, 0.15967282113717207, 0.15966277771678716, 0.15964240662236096, 0.15958345055779033, 0.15934568373130953, 0.15896102179954874, 0.15791921552967236, 0.15752865654326664, 0.15740461705298348, 0.15734219338483124, 0.15731093987382594, 0.1572915251556899, 0.15728069876307227, 0.15726921979384856, 0.15726524288785493, 0.15726262742340302, 0.15726202294855507, 0.15726192858189858, 0.15726186593805336, 0.1572618491752451, 0.1572618458466548, 0.15726184386032793, 0.15726184303842472, 0.1572618425430834, 0.1572618423125567, 0.1572618422640244, 0.1572618422116414, 0.1572618421897931, 0.15726184218868933, 0.15726184218640438, 0.15726184218592154, 0.15726184218564532, 0.1572618421855556, 0.15726184218553352, 0.15726184218552552, 0.1572618421855223, 0.1572618421855213, 0.15726184218552064, 0.15726184218551964, 0.1572618421855193, 0.1572618421855193]}}, "bfgs": {"type": "gradient", "0": {"maxiter": 100, "gtol": 1e-05, "xrtol": 1e-05, "eps": 1e-05, "duration": 0.3514378070831299, "fun": "0.15726184232903884", "jac": "[ 1.72549752e-06 -5.84199356e-08  1.12831966e-07  3.19722027e-07\n -3.53306273e-07  9.07496300e-07]", "hess_inv": "[[ 3.67307037 -0.0978586   0.74690033 -0.18240532  1.27742452 -0.06889482]\n [-0.0978586  18.26562845 18.89098352  0.0458676   3.02432829 -3.6944354 ]\n [ 0.74690033 18.89098352 23.3393208   0.37656313  4.75510857 -5.08314554]\n [-0.18240532  0.0458676   0.37656313  2.76297298 -0.05538548 -0.46467485]\n [ 1.27742452  3.02432829  4.75510857 -0.05538548  4.89589676 -1.53282677]\n [-0.06889482 -3.6944354  -5.08314554 -0.46467485 -1.53282677  4.64470384]]", "nfev": "217", "njev": "31", "status": "0", "success": "True", "message": "Optimization terminated successfully.", "x": "[ 3.62170379  4.6144286   3.34310858 -1.64835649  0.04856927  1.42832129]", "nit": "26", "callback": [0.6061834695694523, 0.5406228340446357, 0.5262369681172924, 0.4021939990623593, 0.3832245752054393, 0.34829911875655406, 0.28851411879666755, 0.21155307231651654, 0.18572388747246937, 0.17496195415537363, 0.17186288655783577, 0.17064086659999667, 0.16927415015333125, 0.16829519768779588, 0.16733991877469423, 0.1657567753064213, 0.16334344727152028, 0.16085098587475755, 0.15896602098881507, 0.15762187753955048, 0.1573348989936384, 0.1572632898370263, 0.15726208641259354, 0.15726186310447487, 0.15726184304154311, 0.15726184232903884]}, "1": {"maxiter": 100, "gtol": 1e-05, "xrtol": 1e-05, "eps": 1e-10, "duration": 0.3284127712249756, "fun": "0.1572618429677709", "jac": "[ 9.99200639e-06 -1.11022293e-06 -6.66133760e-06 -1.11022293e-06\n  1.11022301e-06 -4.44089173e-06]", "hess_inv": "[[ 3.23121951  0.30857018  1.11202877 -0.11221925  1.00774566  0.10134909]\n [ 0.30857018 17.39548018 17.94540978 -0.10562974  3.22998934 -3.7873941 ]\n [ 1.11202877 17.94540978 22.28902418  0.20496492  4.94963417 -5.16005733]\n [-0.11221925 -0.10562974  0.20496492  2.74115012 -0.06081641 -0.42442414]\n [ 1.00774566  3.22998934  4.94963417 -0.06081641  4.93242338 -1.65041569]\n [ 0.10134909 -3.7873941  -5.16005733 -0.42442414 -1.65041569  4.84466342]]", "nfev": "210", "njev": "30", "status": "0", "success": "True", "message": "Optimization terminated successfully.", "x": "[ 3.62175063  4.61436475  3.34304314 -1.64836157  0.04857871  1.42832598]", "nit": "25", "callback": [0.6061835773567453, 0.5406229691171908, 0.5262371375160153, 0.40222216670041255, 0.38325322966336306, 0.3483281030689592, 0.2885426389287491, 0.21156931313340077, 0.18572582845973162, 0.174962339482015, 0.17186121403963817, 0.17063908309116327, 0.16927352791598915, 0.16829280739129548, 0.16733876493974031, 0.1657575972761749, 0.163346546686451, 0.16085401019286194, 0.15897184686053734, 0.15762190802808917, 0.15733526319968605, 0.15726333758684707, 0.15726208756542082, 0.1572618624515023, 0.1572618429677709]}, "2": {"maxiter": 100, "gtol": 1e-05, "xrtol": 1e-10, "eps": 1e-05, "duration": 0.35118556022644043, "fun": "0.15726184232903884", "jac": "[ 1.72549752e-06 -5.84199356e-08  1.12831966e-07  3.19722027e-07\n -3.53306273e-07  9.07496300e-07]", "hess_inv": "[[ 3.67307037 -0.0978586   0.74690033 -0.18240532  1.27742452 -0.06889482]\n [-0.0978586  18.26562845 18.89098352  0.0458676   3.02432829 -3.6944354 ]\n [ 0.74690033 18.89098352 23.3393208   0.37656313  4.75510857 -5.08314554]\n [-0.18240532  0.0458676   0.37656313  2.76297298 -0.05538548 -0.46467485]\n [ 1.27742452  3.02432829  4.75510857 -0.05538548  4.89589676 -1.53282677]\n [-0.06889482 -3.6944354  -5.08314554 -0.46467485 -1.53282677  4.64470384]]", "nfev": "217", "njev": "31", "status": "0", "success": "True", "message": "Optimization terminated successfully.", "x": "[ 3.62170379  4.6144286   3.34310858 -1.64835649  0.04856927  1.42832129]", "nit": "26", "callback": [0.6061834695694523, 0.5406228340446357, 0.5262369681172924, 0.4021939990623593, 0.3832245752054393, 0.34829911875655406, 0.28851411879666755, 0.21155307231651654, 0.18572388747246937, 0.17496195415537363, 0.17186288655783577, 0.17064086659999667, 0.16927415015333125, 0.16829519768779588, 0.16733991877469423, 0.1657567753064213, 0.16334344727152028, 0.16085098587475755, 0.15896602098881507, 0.15762187753955048, 0.1573348989936384, 0.1572632898370263, 0.15726208641259354, 0.15726186310447487, 0.15726184304154311, 0.15726184232903884]}, "3": {"maxiter": 100, "gtol": 1e-05, "xrtol": 1e-10, "eps": 1e-10, "duration": 0.34618091583251953, "fun": "0.1572618429677709", "jac": "[ 9.99200639e-06 -1.11022293e-06 -6.66133760e-06 -1.11022293e-06\n  1.11022301e-06 -4.44089173e-06]", "hess_inv": "[[ 3.23121951  0.30857018  1.11202877 -0.11221925  1.00774566  0.10134909]\n [ 0.30857018 17.39548018 17.94540978 -0.10562974  3.22998934 -3.7873941 ]\n [ 1.11202877 17.94540978 22.28902418  0.20496492  4.94963417 -5.16005733]\n [-0.11221925 -0.10562974  0.20496492  2.74115012 -0.06081641 -0.42442414]\n [ 1.00774566  3.22998934  4.94963417 -0.06081641  4.93242338 -1.65041569]\n [ 0.10134909 -3.7873941  -5.16005733 -0.42442414 -1.65041569  4.84466342]]", "nfev": "210", "njev": "30", "status": "0", "success": "True", "message": "Optimization terminated successfully.", "x": "[ 3.62175063  4.61436475  3.34304314 -1.64836157  0.04857871  1.42832598]", "nit": "25", "callback": [0.6061835773567453, 0.5406229691171908, 0.5262371375160153, 0.40222216670041255, 0.38325322966336306, 0.3483281030689592, 0.2885426389287491, 0.21156931313340077, 0.18572582845973162, 0.174962339482015, 0.17186121403963817, 0.17063908309116327, 0.16927352791598915, 0.16829280739129548, 0.16733876493974031, 0.1657575972761749, 0.163346546686451, 0.16085401019286194, 0.15897184686053734, 0.15762190802808917, 0.15733526319968605, 0.15726333758684707, 0.15726208756542082, 0.1572618624515023, 0.1572618429677709]}, "4": {"maxiter": 100, "gtol": 1e-10, "xrtol": 1e-05, "eps": 1e-05, "duration": 0.35540080070495605, "fun": "0.157261842321897", "jac": "[ 3.07642800e-08 -7.11652959e-09  3.36508599e-08  3.47055717e-08\n -3.81805698e-08  8.55648885e-08]", "hess_inv": "[[ 4.07464255 -0.36740092  0.48673866 -0.18076708  1.2663602   0.16806692]\n [-0.36740092 18.41067025 19.02800038  0.02916348  3.0670893  -3.91131551]\n [ 0.48673866 19.02800038 23.4684486   0.35914554  4.79931332 -5.29727603]\n [-0.18076708  0.02916348  0.35914554  2.75619308 -0.04006327 -0.48885786]\n [ 1.2663602   3.0670893   4.79931332 -0.04006327  4.86140418 -1.48240732]\n [ 0.16806692 -3.91131551 -5.29727603 -0.48885786 -1.48240732  4.6913316 ]]", "nfev": "224", "njev": "32", "status": "0", "success": "True", "message": "Optimization terminated successfully.", "x": "[ 3.62169703  4.61443279  3.34311259 -1.64835667  0.04856979  1.42831674]", "nit": "27", "callback": [0.6061834695694523, 0.5406228340446357, 0.5262369681172924, 0.4021939990623593, 0.3832245752054393, 0.34829911875655406, 0.28851411879666755, 0.21155307231651654, 0.18572388747246937, 0.17496195415537363, 0.17186288655783577, 0.17064086659999667, 0.16927415015333125, 0.16829519768779588, 0.16733991877469423, 0.1657567753064213, 0.16334344727152028, 0.16085098587475755, 0.15896602098881507, 0.15762187753955048, 0.1573348989936384, 0.1572632898370263, 0.15726208641259354, 0.15726186310447487, 0.15726184304154311, 0.15726184232903884, 0.157261842321897]}, "5": {"maxiter": 100, "gtol": 1e-10, "xrtol": 1e-05, "eps": 1e-10, "duration": 0.3685595989227295, "fun": "0.1572618422014994", "jac": "[ 1.11022293e-06  0.00000000e+00 -2.22044587e-06  0.00000000e+00\n  0.00000000e+00  2.22044587e-06]", "hess_inv": "[[ 3.89976293 -0.96189744 -0.21447181 -0.27106429  1.0690012   0.2829316 ]\n [-0.96189744 15.44134671 15.33164715  0.36652066  1.97864159 -3.35670327]\n [-0.21447181 15.33164715 18.88592411  0.72055598  3.49207062 -4.60570034]\n [-0.27106429  0.36652066  0.72055598  2.77084849 -0.02022058 -0.51295354]\n [ 1.0690012   1.97864159  3.49207062 -0.02022058  4.55847493 -1.31463537]\n [ 0.2829316  -3.35670327 -4.60570034 -0.51295354 -1.31463537  4.59294901]]", "nfev": "224", "njev": "32", "status": "0", "success": "True", "message": "Optimization terminated successfully.", "x": "[ 3.62170894  4.61447694  3.34316458 -1.64835283  0.04858257  1.42831003]", "nit": "27", "callback": [0.6061835773567453, 0.5406229691171908, 0.5262371375160153, 0.40222216670041255, 0.38325322966336306, 0.3483281030689592, 0.2885426389287491, 0.21156931313340077, 0.18572582845973162, 0.174962339482015, 0.17186121403963817, 0.17063908309116327, 0.16927352791598915, 0.16829280739129548, 0.16733876493974031, 0.1657575972761749, 0.163346546686451, 0.16085401019286194, 0.15897184686053734, 0.15762190802808917, 0.15733526319968605, 0.15726333758684707, 0.15726208756542082, 0.1572618624515023, 0.1572618429677709, 0.15726184221936879, 0.1572618422014994]}, "6": {"maxiter": 100, "gtol": 1e-10, "xrtol": 1e-10, "eps": 1e-05, "duration": 0.6571261882781982, "fun": "0.157261842321897", "jac": "[ 3.07642800e-08 -7.11652959e-09  3.36508599e-08  3.47055717e-08\n -3.81805698e-08  8.55648885e-08]", "hess_inv": "[[ 4.07282093e+00 -3.16932296e-01  5.35104526e-01 -1.54800256e-01\n   1.21039680e+00  2.66510796e-01]\n [-3.16932296e-01  1.83488105e+01  1.89687187e+01  1.43745122e-02\n   3.09791619e+00 -3.93912528e+00]\n [ 5.35104526e-01  1.89687187e+01  2.34116375e+01  3.44973121e-01\n   4.82885502e+00 -5.32392569e+00]\n [-1.54800256e-01  1.43745122e-02  3.44973121e-01  2.75756788e+00\n  -4.35777931e-02 -4.68746772e-01]\n [ 1.21039680e+00  3.09791619e+00  4.82885502e+00 -4.35777931e-02\n   4.87016824e+00 -1.52786376e+00]\n [ 2.66510796e-01 -3.93912528e+00 -5.32392569e+00 -4.68746772e-01\n  -1.52786376e+00  4.82465744e+00]]", "nfev": "418", "njev": "58", "status": "2", "success": "False", "message": "Desired error not necessarily achieved due to precision loss.", "x": "[ 3.62169703  4.61443279  3.34311259 -1.64835667  0.04856979  1.42831674]", "nit": "27", "callback": [0.6061834695694523, 0.5406228340446357, 0.5262369681172924, 0.4021939990623593, 0.3832245752054393, 0.34829911875655406, 0.28851411879666755, 0.21155307231651654, 0.18572388747246937, 0.17496195415537363, 0.17186288655783577, 0.17064086659999667, 0.16927415015333125, 0.16829519768779588, 0.16733991877469423, 0.1657567753064213, 0.16334344727152028, 0.16085098587475755, 0.15896602098881507, 0.15762187753955048, 0.1573348989936384, 0.1572632898370263, 0.15726208641259354, 0.15726186310447487, 0.15726184304154311, 0.15726184232903884, 0.157261842321897]}, "7": {"maxiter": 100, "gtol": 1e-10, "xrtol": 1e-10, "eps": 1e-10, "duration": 0.5191249847412109, "fun": "0.1572618421910994", "jac": "[2.22044587e-06 0.00000000e+00 0.00000000e+00 1.11022293e-06\n 1.11022301e-06 1.11022293e-06]", "hess_inv": "[[ 9.42789776 -4.55259815 -5.0396142   8.34501193 -3.48731627  1.28515719]\n [-4.55259815  5.026353    5.07129669 -5.86335742  3.86387418 -2.38244381]\n [-5.0396142   5.07129669  7.49290749 -6.97267808  4.1114367  -2.80367483]\n [ 8.34501193 -5.86335742 -6.97267808 14.38227406 -4.70940877  2.80256703]\n [-3.48731627  3.86387418  4.1114367  -4.70940877  3.85386607 -2.11859102]\n [ 1.28515719 -2.38244381 -2.80367483  2.80256703 -2.11859102  2.01876379]]", "nfev": "329", "njev": "47", "status": "0", "success": "True", "message": "Optimization terminated successfully.", "x": "[ 3.62170323  4.61448871  3.34317761 -1.64835295  0.04858452  1.42830302]", "nit": "31", "callback": [0.6061835773567453, 0.5406229691171908, 0.5262371375160153, 0.40222216670041255, 0.38325322966336306, 0.3483281030689592, 0.2885426389287491, 0.21156931313340077, 0.18572582845973162, 0.174962339482015, 0.17186121403963817, 0.17063908309116327, 0.16927352791598915, 0.16829280739129548, 0.16733876493974031, 0.1657575972761749, 0.163346546686451, 0.16085401019286194, 0.15897184686053734, 0.15762190802808917, 0.15733526319968605, 0.15726333758684707, 0.15726208756542082, 0.1572618624515023, 0.1572618429677709, 0.15726184221936879, 0.1572618422014994, 0.1572618421954982, 0.15726184219124661, 0.1572618421910994, 0.1572618421910994]}, "8": {"maxiter": 500, "gtol": 1e-05, "xrtol": 1e-05, "eps": 1e-05, "duration": 0.1707601547241211, "fun": "0.15726184232903884", "jac": "[ 1.72549752e-06 -5.84199356e-08  1.12831966e-07  3.19722027e-07\n -3.53306273e-07  9.07496300e-07]", "hess_inv": "[[ 3.67307037 -0.0978586   0.74690033 -0.18240532  1.27742452 -0.06889482]\n [-0.0978586  18.26562845 18.89098352  0.0458676   3.02432829 -3.6944354 ]\n [ 0.74690033 18.89098352 23.3393208   0.37656313  4.75510857 -5.08314554]\n [-0.18240532  0.0458676   0.37656313  2.76297298 -0.05538548 -0.46467485]\n [ 1.27742452  3.02432829  4.75510857 -0.05538548  4.89589676 -1.53282677]\n [-0.06889482 -3.6944354  -5.08314554 -0.46467485 -1.53282677  4.64470384]]", "nfev": "217", "njev": "31", "status": "0", "success": "True", "message": "Optimization terminated successfully.", "x": "[ 3.62170379  4.6144286   3.34310858 -1.64835649  0.04856927  1.42832129]", "nit": "26", "callback": [0.6061834695694523, 0.5406228340446357, 0.5262369681172924, 0.4021939990623593, 0.3832245752054393, 0.34829911875655406, 0.28851411879666755, 0.21155307231651654, 0.18572388747246937, 0.17496195415537363, 0.17186288655783577, 0.17064086659999667, 0.16927415015333125, 0.16829519768779588, 0.16733991877469423, 0.1657567753064213, 0.16334344727152028, 0.16085098587475755, 0.15896602098881507, 0.15762187753955048, 0.1573348989936384, 0.1572632898370263, 0.15726208641259354, 0.15726186310447487, 0.15726184304154311, 0.15726184232903884]}, "9