{"date": "2024/10/28/, 19:59:11", "conf_id": 211, "data_type": "non_lin_ind\n", "num_data_points": 3, "s_rank": 0, "unitary": "[[-0.56303964-0.00798273j,-0.21670212-0.15784972j,-0.06047197-0.73952673j,-0.01438004+0.24552571j],[-0.06976756+0.23474685j,-0.01275565-0.5435098j,-0.02703657-0.08917885j,-0.08210486-0.79311774j],[-0.38559961+0.10714929j,0.5933431-0.2687392j,-0.24060861+0.29149289j,-0.45147719+0.26241743j],[-0.50180421+0.45931857j,-0.11617175+0.44134496j,0.49642745+0.22684508j,-0.08544628-0.15407063j]]", "databatch_0": {"databatch": "[[[-0.02265577+0.05856171j,0.06261296-0.09921357j,0.29095796-0.10370178j,-0.10205369-0.07765945j],[-0.26784425-0.33838975j,-0.00818421-0.00103409j,-0.17552333-0.1066299j,-0.03958548+0.18954902j],[-0.11004972+0.01356438j,0.02128463-0.22920461j,0.06979522-0.51187139j,-0.06378299-0.14446223j],[0.15149417+0.12730803j,0.08262964+0.00999134j,0.18521684-0.24077321j,0.33004464-0.00712393j]],[[-0.04876929+0.14435789j,0.03258359-0.18511795j,-0.04594106+0.05332957j,0.03402396-0.29170561j],[0.09178682-0.24224944j,0.01905506+0.06204469j,-0.02433655-0.03876618j,0.12823221+0.27568458j],[0.06374318+0.12488593j,-0.0865488+0.10028653j,0.00791631+0.03642468j,-0.18928303-0.48934141j],[0.00162124+0.12013881j,-0.49780672+0.15275933j,0.11675469+0.03749387j,0.10292062-0.28154827j]],[[0.031294+0.09846428j,-0.01000807-0.18556895j,-0.02202831+0.033455j,-0.22564491+0.16508039j],[0.12585008-0.0135282j,0.25891786+0.06826465j,-0.18657637-0.22153668j,-0.01556796-0.26981399j],[-0.07883452-0.17288322j,-0.16609118-0.29157245j,-0.00710835+0.16843431j,-0.12113646+0.28420145j],[0.18819905-0.439104j,-0.09793924-0.16194229j,-0.07788774+0.2715099j,0.10770564+0.20992491j]]]", "initial param values": "[3.72299766,3.90701198,1.78368661,0.28461202,1.15767073,0.21376244]", "nelder_mead": {"type": "gradient-free", "0": {"maxiter": 100, "fatol": 1e-05, "xatol": 1e-05, "duration": 0.12275981903076172, "fun": "0.4255196042206403", "nit": "100", "nfev": "154", "status": "2", "success": "False", "message": "Maximum number of iterations has been exceeded.", "x": "[ 4.9216842   1.52660017 -0.19064195  0.14287024  3.02556127  0.26605517]", "final_simplex": "(array([[ 4.9216842 ,  1.52660017, -0.19064195,  0.14287024,  3.02556127,\n         0.26605517],\n       [ 4.94526321,  1.58113641, -0.24228637,  0.15249505,  2.96891848,\n         0.26782537],\n       [ 4.95571669,  1.54764897, -0.24007953,  0.14237464,  3.0457974 ,\n         0.2628687 ],\n       [ 4.94885228,  1.49101213, -0.23160949,  0.14123197,  3.05358029,\n         0.26765039],\n       [ 4.98194839,  1.49956462, -0.1927867 ,  0.13715833,  3.09760646,\n         0.25765061],\n       [ 4.99371789,  1.49893259, -0.18294288,  0.13244984,  3.09410862,\n         0.26197431],\n       [ 4.85753977,  1.60262125, -0.20801117,  0.14733294,  2.95749192,\n         0.27282928]]), array([0.4255196 , 0.42554938, 0.42558141, 0.42561886, 0.42585076,\n       0.42593287, 0.42601251]))", "callback": [0.7099331156722237, 0.6717228966861337, 0.5856635177460017, 0.5258322477598005, 0.4777465313555581, 0.4710563898273691, 0.45766020721736633, 0.4328950319136977, 0.42625158775268035, 0.4258507570493849]}, "1": {"maxiter": 100, "fatol": 1e-05, "xatol": 1e-10, "duration": 0.11869955062866211, "fun": "0.4255196042206403", "nit": "100", "nfev": "154", "status": "2", "success": "False", "message": "Maximum number of iterations has been exceeded.", "x": "[ 4.9216842   1.52660017 -0.19064195  0.14287024  3.02556127  0.26605517]", "final_simplex": "(array([[ 4.9216842 ,  1.52660017, -0.19064195,  0.14287024,  3.02556127,\n         0.26605517],\n       [ 4.94526321,  1.58113641, -0.24228637,  0.15249505,  2.96891848,\n         0.26782537],\n       [ 4.95571669,  1.54764897, -0.24007953,  0.14237464,  3.0457974 ,\n         0.2628687 ],\n       [ 4.94885228,  1.49101213, -0.23160949,  0.14123197,  3.05358029,\n         0.26765039],\n       [ 4.98194839,  1.49956462, -0.1927867 ,  0.13715833,  3.09760646,\n         0.25765061],\n       [ 4.99371789,  1.49893259, -0.18294288,  0.13244984,  3.09410862,\n         0.26197431],\n       [ 4.85753977,  1.60262125, -0.20801117,  0.14733294,  2.95749192,\n         0.27282928]]), array([0.4255196 , 0.42554938, 0.42558141, 0.42561886, 0.42585076,\n       0.42593287, 0.42601251]))", "callback": [0.7099331156722237, 0.6717228966861337, 0.5856635177460017, 0.5258322477598005, 0.4777465313555581, 0.4710563898273691, 0.45766020721736633, 0.4328950319136977, 0.42625158775268035, 0.4258507570493849]}, "2": {"maxiter": 100, "fatol": 1e-10, "xatol": 1e-05, "duration": 0.11980080604553223, "fun": "0.4255196042206403", "nit": "100", "nfev": "154", "status": "2", "success": "False", "message": "Maximum number of iterations has been exceeded.", "x": "[ 4.9216842   1.52660017 -0.19064195  0.14287024  3.02556127  0.26605517]", "final_simplex": "(array([[ 4.9216842 ,  1.52660017, -0.19064195,  0.14287024,  3.02556127,\n         0.26605517],\n       [ 4.94526321,  1.58113641, -0.24228637,  0.15249505,  2.96891848,\n         0.26782537],\n       [ 4.95571669,  1.54764897, -0.24007953,  0.14237464,  3.0457974 ,\n         0.2628687 ],\n       [ 4.94885228,  1.49101213, -0.23160949,  0.14123197,  3.05358029,\n         0.26765039],\n       [ 4.98194839,  1.49956462, -0.1927867 ,  0.13715833,  3.09760646,\n         0.25765061],\n       [ 4.99371789,  1.49893259, -0.18294288,  0.13244984,  3.09410862,\n         0.26197431],\n       [ 4.85753977,  1.60262125, -0.20801117,  0.14733294,  2.95749192,\n         0.27282928]]), array([0.4255196 , 0.42554938, 0.42558141, 0.42561886, 0.42585076,\n       0.42593287, 0.42601251]))", "callback": [0.7099331156722237, 0.6717228966861337, 0.5856635177460017, 0.5258322477598005, 0.4777465313555581, 0.4710563898273691, 0.45766020721736633, 0.4328950319136977, 0.42625158775268035, 0.4258507570493849]}, "3": {"maxiter": 100, "fatol": 1e-10, "xatol": 1e-10, "duration": 0.12670230865478516, "fun": "0.4255196042206403", "nit": "100", "nfev": "154", "status": "2", "success": "False", "message": "Maximum number of iterations has been exceeded.", "x": "[ 4.9216842   1.52660017 -0.19064195  0.14287024  3.02556127  0.26605517]", "final_simplex": "(array([[ 4.9216842 ,  1.52660017, -0.19064195,  0.14287024,  3.02556127,\n         0.26605517],\n       [ 4.94526321,  1.58113641, -0.24228637,  0.15249505,  2.96891848,\n         0.26782537],\n       [ 4.95571669,  1.54764897, -0.24007953,  0.14237464,  3.0457974 ,\n         0.2628687 ],\n       [ 4.94885228,  1.49101213, -0.23160949,  0.14123197,  3.05358029,\n         0.26765039],\n       [ 4.98194839,  1.49956462, -0.1927867 ,  0.13715833,  3.09760646,\n         0.25765061],\n       [ 4.99371789,  1.49893259, -0.18294288,  0.13244984,  3.09410862,\n         0.26197431],\n       [ 4.85753977,  1.60262125, -0.20801117,  0.14733294,  2.95749192,\n         0.27282928]]), array([0.4255196 , 0.42554938, 0.42558141, 0.42561886, 0.42585076,\n       0.42593287, 0.42601251]))", "callback": [0.7099331156722237, 0.6717228966861337, 0.5856635177460017, 0.5258322477598005, 0.4777465313555581, 0.4710563898273691, 0.45766020721736633, 0.4328950319136977, 0.42625158775268035, 0.4258507570493849]}, "4": {"maxiter": 500, "fatol": 1e-05, "xatol": 1e-05, "duration": 0.7020957469940186, "fun": "0.42274481145550513", "nit": "500", "nfev": "763", "status": "2", "success": "False", "message": "Maximum number of iterations has been exceeded.", "x": "[ 4.78708862  1.63255572 -0.41066227 -0.15817519  2.10047236  1.04580311]", "final_simplex": "(array([[ 4.78708862,  1.63255572, -0.41066227, -0.15817519,  2.10047236,\n         1.04580311],\n       [ 4.78796644,  1.62411403, -0.40709432, -0.15692284,  2.10214423,\n         1.04912157],\n       [ 4.79275847,  1.63255653, -0.41051109, -0.15559476,  2.05896258,\n         1.08571468],\n       [ 4.78919001,  1.62916007, -0.40674706, -0.14934155,  2.08673263,\n         1.06401654],\n       [ 4.79398989,  1.62521878, -0.39956208, -0.14153173,  2.11167399,\n         1.04113196],\n       [ 4.78433886,  1.63114479, -0.40890685, -0.14967922,  2.07080555,\n         1.07311569],\n       [ 4.79225715,  1.6241272 , -0.39786186, -0.14577588,  2.09040099,\n         1.06337615]]), array([0.42274481, 0.42274626, 0.42274649, 0.42274712, 0.42274836,\n       0.42275185, 0.42275328]))", "callback": [0.7099331156722237, 0.6717228966861337, 0.5856635177460017, 0.5258322477598005, 0.4777465313555581, 0.4710563898273691, 0.45766020721736633, 0.4328950319136977, 0.42625158775268035, 0.4258507570493849, 0.4254399496335266, 0.4253579635080975, 0.42529882056622237, 0.4248083102959258, 0.42376881717392345, 0.42327342435833104, 0.4231391169032306, 0.42302835077183243, 0.4230073828456765, 0.42300534218727937, 0.4230033165685311, 0.4230028452108304, 0.42300268781192163, 0.4230025937605941, 0.42300254738856147, 0.4230025345015783, 0.4230025266089156, 0.42300252494377466, 0.42300251999203253, 0.4230025091568944, 0.4230024635228248, 0.4230024113285258, 0.42300236845849226, 0.4230022742114262, 0.42300176117417865, 0.4229999272711724, 0.42299617179351445, 0.42299052954819605, 0.42297900576557523, 0.4229716897053645, 0.42296078214120714, 0.4229443006317636, 0.42290916964235514, 0.42283308926267127, 0.4228003108853403, 0.42279428615953674, 0.42278696982176345, 0.42277921583690936, 0.4227662463402463, 0.42275184564535395]}, "5": {"maxiter": 500, "fatol": 1e-05, "xatol": 1e-10, "duration": 0.6528992652893066, "fun": "0.42274481145550513", "nit": "500", "nfev": "763", "status": "2", "success": "False", "message": "Maximum number of iterations has been exceeded.", "x": "[ 4.78708862  1.63255572 -0.41066227 -0.15817519  2.10047236  1.04580311]", "final_simplex": "(array([[ 4.78708862,  1.63255572, -0.41066227, -0.15817519,  2.10047236,\n         1.04580311],\n       [ 4.78796644,  1.62411403, -0.40709432, -0.15692284,  2.10214423,\n         1.04912157],\n       [ 4.79275847,  1.63255653, -0.41051109, -0.15559476,  2.05896258,\n         1.08571468],\n       [ 4.78919001,  1.62916007, -0.40674706, -0.14934155,  2.08673263,\n         1.06401654],\n       [ 4.79398989,  1.62521878, -0.39956208, -0.14153173,  2.11167399,\n         1.04113196],\n       [ 4.78433886,  1.63114479, -0.40890685, -0.14967922,  2.07080555,\n         1.07311569],\n       [ 4.79225715,  1.6241272 , -0.39786186, -0.14577588,  2.09040099,\n         1.06337615]]), array([0.42274481, 0.42274626, 0.42274649, 0.42274712, 0.42274836,\n       0.42275185, 0.42275328]))", "callback": [0.7099331156722237, 0.6717228966861337, 0.5856635177460017, 0.5258322477598005, 0.4777465313555581, 0.4710563898273691, 0.45766020721736633, 0.4328950319136977, 0.42625158775268035, 0.4258507570493849, 0.4254399496335266, 0.4253579635080975, 0.42529882056622237, 0.4248083102959258, 0.42376881717392345, 0.42327342435833104, 0.4231391169032306, 0.42302835077183243, 0.4230073828456765, 0.42300534218727937, 0.4230033165685311, 0.4230028452108304, 0.42300268781192163, 0.4230025937605941, 0.42300254738856147, 0.4230025345015783, 0.4230025266089156, 0.42300252494377466, 0.42300251999203253, 0.4230025091568944, 0.4230024635228248, 0.4230024113285258, 0.42300236845849226, 0.4230022742114262, 0.42300176117417865, 0.4229999272711724, 0.42299617179351445, 0.42299052954819605, 0.42297900576557523, 0.4229716897053645, 0.42296078214120714, 0.4229443006317636, 0.42290916964235514, 0.42283308926267127, 0.4228003108853403, 0.42279428615953674, 0.42278696982176345, 0.42277921583690936, 0.4227662463402463, 0.42275184564535395]}, "6": {"maxiter": 500, "fatol": 1e-10, "xatol": 1e-05, "duration": 0.7264804840087891, "fun": "0.42274481145550513", "nit": "500", "nfev": "763", "status": "2", "success": "False", "message": "Maximum number of iterations has been exceeded.", "x": "[ 4.78708862  1.63255572 -0.41066227 -0.15817519  2.10047236  1.04580311]", "final_simplex": "(array([[ 4.78708862,  1.63255572, -0.41066227, -0.15817519,  2.10047236,\n         1.04580311],\n       [ 4.78796644,  1.62411403, -0.40709432, -0.15692284,  2.10214423,\n         1.04912157],\n       [ 4.79275847,  1.63255653, -0.41051109, -0.15559476,  2.05896258,\n         1.08571468],\n       [ 4.78919001,  1.62916007, -0.40674706, -0.14934155,  2.08673263,\n         1.06401654],\n       [ 4.79398989,  1.62521878, -0.39956208, -0.14153173,  2.11167399,\n         1.04113196],\n       [ 4.78433886,  1.63114479, -0.40890685, -0.14967922,  2.07080555,\n         1.07311569],\n       [ 4.79225715,  1.6241272 , -0.39786186, -0.14577588,  2.09040099,\n         1.06337615]]), array([0.42274481, 0.42274626, 0.42274649, 0.42274712, 0.42274836,\n       0.42275185, 0.42275328]))", "callback": [0.7099331156722237, 0.6717228966861337, 0.5856635177460017, 0.5258322477598005, 0.4777465313555581, 0.4710563898273691, 0.45766020721736633, 0.4328950319136977, 0.42625158775268035, 0.4258507570493849, 0.4254399496335266, 0.4253579635080975, 0.42529882056622237, 0.4248083102959258, 0.42376881717392345, 0.42327342435833104, 0.4231391169032306, 0.42302835077183243, 0.4230073828456765, 0.42300534218727937, 0.4230033165685311, 0.4230028452108304, 0.42300268781192163, 0.4230025937605941, 0.42300254738856147, 0.4230025345015783, 0.4230025266089156, 0.42300252494377466, 0.42300251999203253, 0.4230025091568944, 0.4230024635228248, 0.4230024113285258, 0.42300236845849226, 0.4230022742114262, 0.42300176117417865, 0.4229999272711724, 0.42299617179351445, 0.42299052954819605, 0.42297900576557523, 0.4229716897053645, 0.42296078214120714, 0.4229443006317636, 0.42290916964235514, 0.42283308926267127, 0.4228003108853403, 0.42279428615953674, 0.42278696982176345, 0.42277921583690936, 0.4227662463402463, 0.42275184564535395]}, "7": {"maxiter": 500, "fatol": 1e-10, "xatol": 1e-10, "duration": 0.6199259757995605, "fun": "0.42274481145550513", "nit": "500", "nfev": "763", "status": "2", "success": "False", "message": "Maximum number of iterations has been exceeded.", "x": "[ 4.78708862  1.63255572 -0.41066227 -0.15817519  2.10047236  1.04580311]", "final_simplex": "(array([[ 4.78708862,  1.63255572, -0.41066227, -0.15817519,  2.10047236,\n         1.04580311],\n       [ 4.78796644,  1.62411403, -0.40709432, -0.15692284,  2.10214423,\n         1.04912157],\n       [ 4.79275847,  1.63255653, -0.41051109, -0.15559476,  2.05896258,\n         1.08571468],\n       [ 4.78919001,  1.62916007, -0.40674706, -0.14934155,  2.08673263,\n         1.06401654],\n       [ 4.79398989,  1.62521878, -0.39956208, -0.14153173,  2.11167399,\n         1.04113196],\n       [ 4.78433886,  1.63114479, -0.40890685, -0.14967922,  2.07080555,\n         1.07311569],\n       [ 4.79225715,  1.6241272 , -0.39786186, -0.14577588,  2.09040099,\n         1.06337615]]), array([0.42274481, 0.42274626, 0.42274649, 0.42274712, 0.42274836,\n       0.42275185, 0.42275328]))", "callback": [0.7099331156722237, 0.6717228966861337, 0.5856635177460017, 0.5258322477598005, 0.4777465313555581, 0.4710563898273691, 0.45766020721736633, 0.4328950319136977, 0.42625158775268035, 0.4258507570493849, 0.4254399496335266, 0.4253579635080975, 0.42529882056622237, 0.4248083102959258, 0.42376881717392345, 0.42327342435833104, 0.4231391169032306, 0.42302835077183243, 0.4230073828456765, 0.42300534218727937, 0.4230033165685311, 0.4230028452108304, 0.42300268781192163, 0.4230025937605941, 0.42300254738856147, 0.4230025345015783, 0.4230025266089156, 0.42300252494377466, 0.42300251999203253, 0.4230025091568944, 0.4230024635228248, 0.4230024113285258, 0.42300236845849226, 0.4230022742114262, 0.42300176117417865, 0.4229999272711724, 0.42299617179351445, 0.42299052954819605, 0.42297900576557523, 0.4229716897053645, 0.42296078214120714, 0.4229443006317636, 0.42290916964235514, 0.42283308926267127, 0.4228003108853403, 0.42279428615953674, 0.42278696982176345, 0.42277921583690936, 0.4227662463402463, 0.42275184564535395]}, "8": {"maxiter": 1000, "fatol": 1e-05, "xatol": 1e-05, "duration": 1.0475544929504395, "fun": "0.4227383656920254", "nit": "653", "nfev": "1020", "status": "0", "success": "True", "message": "Optimization terminated successfully.", "x": "[ 4.78615953  1.6307905  -0.420462   -0.16469197  2.0914664   1.05130795]", "final_simplex": "(array([[ 4.78615953,  1.6307905 , -0.420462  , -0.16469197,  2.0914664 ,\n         1.05130795],\n       [ 4.78615889,  1.63079184, -0.42046336, -0.1646931 ,  2.09146047,\n         1.05131256],\n       [ 4.78615883,  1.63079121, -0.42046444, -0.1646949 ,  2.09146505,\n         1.05130855],\n       [ 4.78616025,  1.63078999, -0.42046176, -0.16469165,  2.09146884,\n         1.05130766],\n       [ 4.78615759,  1.63079123, -0.42046381, -0.16469428,  2.09146493,\n         1.05130811],\n       [ 4.78615857,  1.63079294, -0.42046331, -0.16469288,  2.09146292,\n         1.0513095 ],\n       [ 4.78615956,  1.63078953, -0.42046293, -0.1646924 ,  2.09147156,\n         1.05130448]]), array([0.42273837, 0.42273837, 0.42273837, 0.42273837, 0.42273837,\n       0.42273837, 0.42273837]))", "callback": [0.7099331156722237, 0.6717228966861337, 0.5856635177460017, 0.5258322477598005, 0.4777465313555581, 0.4710563898273691, 0.45766020721736633, 0.4328950319136977, 0.42625158775268035, 0.4258507570493849, 0.4254399496335266, 0.4253579635080975, 0.42529882056622237, 0.4248083102959258, 0.42376881717392345, 0.42327342435833104, 0.4231391169032306, 0.42302835077183243, 0.4230073828456765, 0.42300534218727937, 0.4230033165685311, 0.4230028452108304, 0.42300268781192163, 0.4230025937605941, 0.42300254738856147, 0.4230025345015783, 0.4230025266089156, 0.42300252494377466, 0.42300251999203253, 0.4230025091568944, 0.4230024635228248, 0.4230024113285258, 0.42300236845849226, 0.4230022742114262, 0.42300176117417865, 0.4229999272711724, 0.42299617179351445, 0.42299052954819605, 0.42297900576557523, 0.4229716897053645, 0.42296078214120714, 0.4229443006317636, 0.42290916964235514, 0.42283308926267127, 0.4228003108853403, 0.42279428615953674, 0.42278696982176345, 0.42277921583690936, 0.4227662463402463, 0.42275184564535395, 0.4227408912701881, 0.4227408912701881, 0.4227394764644501, 0.42273878124415465, 0.42273850345199493, 0.4227384498425847, 0.4227384142322498, 0.4227383878220873, 0.42273837349677146, 0.4227383674103986, 0.42273836582498037, 0.4227383657579791, 0.42273836569956913, 0.4227383656930953, 0.4227383656927869, 0.42273836569220125]}, "9": {"maxiter": 1000, "fatol": 1e-05, "xatol": 1e-10, "duration": 1.12984299659729, "fun": "0.42273836569198486", "nit": "728", "nfev": "1220", "status": "0", "success": "True", "message": "Optimization terminated successfully.", "x": "[ 4.78616009  1.63078952 -0.42046114 -0.16469138  2.09146848  1.05130719]", "final_simplex": "(array([[ 4.78616009,  1.63078952, -0.42046114, -0.16469138,  2.09146848,\n         1.05130719],\n       [ 4.78616009,  1.63078952, -0.42046114, -0.16469138,  2.09146848,\n         1.05130719],\n       [ 4.78616009,  1.63078952, -0.42046114, -0.16469138,  2.09146848,\n         1.05130719],\n       [ 4.78616009,  1.63078952, -0.42046114, -0.16469138,  2.09146848,\n         1.05130719],\n       [ 4.78616009,  1.63078952, -0.42046114, -0.16469138,  2.09146848,\n         1.05130719],\n       [ 4.78616009,  1.63078952, -0.42046114, -0.16469138,  2.09146848,\n         1.05130719],\n       [ 4.78616009,  1.63078952, -0.42046114, -0.16469138,  2.09146848,\n         1.05130719]]), array([0.42273837, 0.42273837, 0.42273837, 0.42273837, 0.42273837,\n       0.42273837, 0.42273837]))", "callback": [0.7099331156722237, 0.6717228966861337, 0.5856635177460017, 0.5258322477598005, 0.4777465313555581, 0.4710563898273691, 0.45766020721736633, 0.4328950319136977, 0.42625158775268035, 0.4258507570493849, 0.4254399496335266, 0.4253579635080975, 0.42529882056622237, 0.4248083102959258, 0.42376881717392345, 0.42327342435833104, 0.4231391169032306, 0.42302835077183243, 0.4230073828456765, 0.42300534218727937, 0.4230033165685311, 0.4230028452108304, 0.42300268781192163, 0.4230025937605941, 0.42300254738856147, 0.4230025345015783, 0.4230025266089156, 0.42300252494377466, 0.42300251999203253, 0.4230025091568944, 0.4230024635228248, 0.4230024113285258, 0.42300236845849226, 0.4230022742114262, 0.42300176117417865, 0.4229999272711724, 0.42299617179351445, 0.42299052954819605, 0.42297900576557523, 0.4229716897053645, 0.42296078214120714, 0.4229443006317636, 0.42290916964235514, 0.42283308926267127, 0.4228003108853403, 0.42279428615953674, 0.42278696982176345, 0.42277921583690936, 0.4227662463402463, 0.42275184564535395, 0.4227408912701881, 0.4227408912701881, 0.4227394764644501, 0.42273878124415465, 0.42273850345199493, 0.4227384498425847, 0.4227384142322498, 0.4227383878220873, 0.42273837349677146, 0.4227383674103986, 0.42273836582498037, 0.4227383657579791, 0.42273836569956913, 0.4227383656930953, 0.4227383656927869, 0.42273836569220125, 0.4227383656920244, 0.42273836569199397, 0.42273836569198664, 0.4227383656919854, 0.42273836569198486, 0.42273836569198486, 0.42273836569198486]}, "10": {"maxiter": 1000, "fatol": 1e-10, "xatol": 1e-05, "duration": 0.8488500118255615, "fun": "0.4227383656920254", "nit": "653", "nfev": "1020", "status": "0", "success": "True", "message": "Optimization terminated successfully.", "x": "[ 4.78615953  1.6307905  -0.420462   -0.16469197  2.0914664   1.05130795]", "final_simplex": "(array([[ 4.78615953,  1.6307905 , -0.420462  , -0.16469197,  2.0914664 ,\n         1.05130795],\n       [ 4.78615889,  1.63079184, -0.42046336, -0.1646931 ,  2.09146047,\n         1.05131256],\n       [ 4.78615883,  1.63079121, -0.42046444, -0.1646949 ,  2.09146505,\n         1.05130855],\n       [ 4.78616025,  1.63078999, -0.42046176, -0.16469165,  2.09146884,\n         1.05130766],\n       [ 4.78615759,  1.63079123, -0.42046381, -0.16469428,  2.09146493,\n         1.05130811],\n       [ 4.78615857,  1.63079294, -0.42046331, -0.16469288,  2.09146292,\n         1.0513095 ],\n       [ 4.78615956,  1.63078953, -0.42046293, -0.1646924 ,  2.09147156,\n         1.05130448]]), array([0.42273837, 0.42273837, 0.42273837, 0.42273837, 0.42273837,\n       0.42273837, 0.42273837]))", "callback": [0.7099331156722237, 0.6717228966861337, 0.5856635177460017, 0.5258322477598005, 0.4777465313555581, 0.4710563898273691, 0.45766020721736633, 0.4328950319136977, 0.42625158775268035, 0.4258507570493849, 0.4254399496335266, 0.4253579635080975, 0.42529882056622237, 0.4248083102959258, 0.42376881717392345, 0.42327342435833104, 0.4231391169032306, 0.42302835077183243, 0.4230073828456765, 0.42300534218727937, 0.4230033165685311, 0.4230028452108304, 0.42300268781192163, 0.4230025937605941, 0.42300254738856147, 0.4230025345015783, 0.4230025266089156, 0.42300252494377466, 0.42300251999203253, 0.4230025091568944, 0.4230024635228248, 0.4230024113285258, 0.42300236845849226, 0.4230022742114262, 0.42300176117417865, 0.4229999272711724, 0.42299617179351445, 0.42299052954819605, 0.42297900576557523, 0.4229716897053645, 0.42296078214120714, 0.4229443006317636, 0.42290916964235514, 0.42283308926267127, 0.4228003108853403, 0.42279428615953674, 0.42278696982176345, 0.42277921583690936, 0.4227662463402463, 0.42275184564535395, 0.4227408912701881, 0.4227408912701881, 0.4227394764644501, 0.42273878124415465, 0.42273850345199493, 0.4227384498425847, 0.4227384142322498, 0.4227383878220873, 0.42273837349677146, 0.4227383674103986, 0.42273836582498037, 0.4227383657579791, 0.42273836569956913, 0.4227383656930953, 0.4227383656927869, 0.42273836569220125]}, "11": {"maxiter": 1000, "fatol": 1e-10, "xatol": 1e-10, "duration": 1.1857867240905762, "fun": "0.42273836569198486", "nit": "728", "nfev": "1220", "status": "0", "success": "True", "message": "Optimization terminated successfully.", "x": "[ 4.78616009  1.63078952 -0.42046114 -0.16469138  2.09146848  1.05130719]", "final_simplex": "(array([[ 4.78616009,  1.63078952, -0.42046114, -0.16469138,  2.09146848,\n         1.05130719],\n       [ 4.78616009,  1.63078952, -0.42046114, -0.16469138,  2.09146848,\n         1.05130719],\n       [ 4.78616009,  1.63078952, -0.42046114, -0.16469138,  2.09146848,\n         1.05130719],\n       [ 4.78616009,  1.63078952, -0.42046114, -0.16469138,  2.09146848,\n         1.05130719],\n       [ 4.78616009,  1.63078952, -0.42046114, -0.16469138,  2.09146848,\n         1.05130719],\n       [ 4.78616009,  1.63078952, -0.42046114, -0.16469138,  2.09146848,\n         1.05130719],\n       [ 4.78616009,  1.63078952, -0.42046114, -0.16469138,  2.09146848,\n         1.05130719]]), array([0.42273837, 0.42273837, 0.42273837, 0.42273837, 0.42273837,\n       0.42273837, 0.42273837]))", "callback": [0.7099331156722237, 0.6717228966861337, 0.5856635177460017, 0.5258322477598005, 0.4777465313555581, 0.4710563898273691, 0.45766020721736633, 0.4328950319136977, 0.42625158775268035, 0.4258507570493849, 0.4254399496335266, 0.4253579635080975, 0.42529882056622237, 0.4248083102959258, 0.42376881717392345, 0.42327342435833104, 0.4231391169032306, 0.42302835077183243, 0.4230073828456765, 0.42300534218727937, 0.4230033165685311, 0.4230028452108304, 0.42300268781192163, 0.4230025937605941, 0.42300254738856147, 0.4230025345015783, 0.4230025266089156, 0.42300252494377466, 0.42300251999203253, 0.4230025091568944, 0.4230024635228248, 0.4230024113285258, 0.42300236845849226, 0.4230022742114262, 0.42300176117417865, 0.4229999272711724, 0.42299617179351445, 0.42299052954819605, 0.42297900576557523, 0.4229716897053645, 0.42296078214120714, 0.4229443006317636, 0.42290916964235514, 0.42283308926267127, 0.4228003108853403, 0.42279428615953674, 0.42278696982176345, 0.42277921583690936, 0.4227662463402463, 0.42275184564535395, 0.4227408912701881, 0.4227408912701881, 0.4227394764644501, 0.42273878124415465, 0.42273850345199493, 0.4227384498425847, 0.4227384142322498, 0.4227383878220873, 0.42273837349677146, 0.4227383674103986, 0.42273836582498037, 0.4227383657579791, 0.42273836569956913, 0.4227383656930953, 0.4227383656927869, 0.42273836569220125, 0.4227383656920244, 0.42273836569199397, 0.42273836569198664, 0.4227383656919854, 0.42273836569198486, 0.42273836569198486, 0.42273836569198486]}}, "bfgs": {"type": "gradient", "0": {"maxiter": 100, "gtol": 1e-05, "xrtol": 1e-05, "eps": 1e-05, "duration": 0.29051804542541504, "fun": "0.42273836589098124", "jac": "[ 9.33897404e-07 -8.10718159e-07 -9.72200098e-07  3.04115622e-06\n -5.74273962e-07  8.62976357e-07]", "hess_inv": "[[  11.66081141   -8.88207823   13.37918378   14.2348005    13.85330804\n    -1.37234927]\n [  -8.88207823   19.53865058  -12.94492931  -10.88445709  -32.95110952\n    14.50959568]\n [  13.37918378  -12.94492931   28.26891888   28.18146282   32.45240899\n   -14.53417508]\n [  14.2348005   -10.88445709   28.18146282   33.0359934    26.38127771\n    -9.73542181]\n [  13.85330804  -32.95110952   32.45240899   26.38127771  174.28817061\n  -140.09937119]\n [  -1.37234927   14.50959568  -14.53417508   -9.73542181 -140.09937119\n   129.38567742]]", "nfev": "371", "njev": "53", "status": "0", "success": "True", "message": "Optimization terminated successfully.", "x": "[ 4.78614724  1.63082195 -0.42050064 -0.1647132   2.09120201  1.05153596]", "nit": "46", "callback": [0.6413680119006815, 0.6061545237764794, 0.5563475279804051, 0.545505772312854, 0.5432794882609453, 0.5392966459050965, 0.5342137498749628, 0.5336496575842888, 0.5331047300655634, 0.5327918232765725, 0.5325779139135105, 0.5321736999851785, 0.526494979114382, 0.5256581327973482, 0.5240372106253304, 0.5211661921626902, 0.5176409356496543, 0.511022333961991, 0.49968822977801286, 0.48324288902349954, 0.4630655017477868, 0.4443411748024655, 0.4360140917079065, 0.4319140970118781, 0.42934049085821535, 0.42865070494500135, 0.4274049026721356, 0.42530546536365754, 0.42303325424323923, 0.42286363368172164, 0.4228173587230687, 0.42279867338391597, 0.42278602596464565, 0.42278337296662816, 0.422783071201864, 0.42278255336467163, 0.4227816196807792, 0.42277991051846975, 0.42277680782961813, 0.4227714005104084, 0.4227631115090865, 0.42275477059102906, 0.42274626547124117, 0.4227385315680281, 0.42273837306933315, 0.42273836589098124]}, "1": {"maxiter": 100, "gtol": 1e-05, "xrtol": 1e-05, "eps": 1e-10, "duration": 0.2967700958251953, "fun": "0.42273836821720223", "jac": "[-8.88178346e-06 -8.88178346e-06  8.88178346e-06  0.00000000e+00\n -4.44089173e-06  0.00000000e+00]", "hess_inv": "[[  11.84365269   -8.94009363   12.8966377    14.1139865    12.42773588\n    -0.23740916]\n [  -8.94009363   19.13001808  -12.19837483  -10.5934816   -32.13418768\n    13.85703619]\n [  12.8966377   -12.19837483   25.65777101   25.73700378   32.15946401\n   -14.75373447]\n [  14.1139865   -10.5934816    25.73700378   31.4478412    26.47351973\n   -10.13481873]\n [  12.42773588  -32.13418768   32.15946401   26.47351973  171.19264707\n  -137.20541177]\n [  -0.23740916   13.85703619  -14.75373447  -10.13481873 -137.20541177\n   125.76092109]]", "nfev": "371", "njev": "53", "status": "0", "success": "True", "message": "Optimization terminated successfully.", "x": "[ 4.7861892   1.63076857 -0.42037742 -0.16460012  2.09073244  1.05207066]", "nit": "45", "callback": [0.6413705500684928, 0.606157025749567, 0.5563481316555952, 0.5455058734033245, 0.543279816029351, 0.5392973916405213, 0.5342133428291089, 0.5336492174674605, 0.5331051490580678, 0.5327919932825169, 0.5325778943857069, 0.5321727856267404, 0.5264607379019617, 0.5256228292159777, 0.523998995446775, 0.5211226709887864, 0.517609381913918, 0.5110096683248369, 0.4997218928143493, 0.4832897114983271, 0.46335077977204164, 0.4439459811291928, 0.4347622423190013, 0.43075417346296907, 0.42935420864991414, 0.4285481411502391, 0.42709126797106345, 0.4246787572005327, 0.4228870053529984, 0.422829266522194, 0.42280980719272776, 0.4227912655109787, 0.4227881683783622, 0.42278756958311525, 0.42278706098291907, 0.4227862411805017, 0.4227848455327097, 0.422782369641425, 0.42277795713156996, 0.42277043660563274, 0.42275965439272534, 0.42274980993342604, 0.42273976869341656, 0.4227383987187545, 0.42273836821720223]}, "2": {"maxiter": 100, "gtol": 1e-05, "xrtol": 1e-10, "eps": 1e-05, "duration": 0.2884519100189209, "fun": "0.42273836589098124", "jac": "[ 9.33897404e-07 -8.10718159e-07 -9.72200098e-07  3.04115622e-06\n -5.74273962e-07  8.62976357e-07]", "hess_inv": "[[  11.66081141   -8.88207823   13.37918378   14.2348005    13.85330804\n    -1.37234927]\n [  -8.88207823   19.53865058  -12.94492931  -10.88445709  -32.95110952\n    14.50959568]\n [  13.37918378  -12.94492931   28.26891888   28.18146282   32.45240899\n   -14.53417508]\n [  14.2348005   -10.88445709   28.18146282   33.0359934    26.38127771\n    -9.73542181]\n [  13.85330804  -32.95110952   32.45240899   26.38127771  174.28817061\n  -140.09937119]\n [  -1.37234927   14.50959568  -14.53417508   -9.73542181 -140.09937119\n   129.38567742]]", "nfev": "371", "njev": "53", "status": "0", "success": "True", "message": "Optimization terminated successfully.", "x": "[ 4.78614724  1.63082195 -0.42050064 -0.1647132   2.09120201  1.05153596]", "nit": "46", "callback": [0.6413680119006815, 0.6061545237764794, 0.5563475279804051, 0.545505772312854, 0.5432794882609453, 0.5392966459050965, 0.5342137498749628, 0.5336496575842888, 0.5331047300655634, 0.5327918232765725, 0.5325779139135105, 0.5321736999851785, 0.526494979114382, 0.5256581327973482, 0.5240372106253304, 0.5211661921626902, 0.5176409356496543, 0.511022333961991, 0.49968822977801286, 0.48324288902349954, 0.4630655017477868, 0.4443411748024655, 0.4360140917079065, 0.4319140970118781, 0.42934049085821535, 0.42865070494500135, 0.4274049026721356, 0.42530546536365754, 0.42303325424323923, 0.42286363368172164, 0.4228173587230687, 0.42279867338391597, 0.42278602596464565, 0.42278337296662816, 0.422783071201864, 0.42278255336467163, 0.4227816196807792, 0.42277991051846975, 0.42277680782961813, 0.4227714005104084, 0.4227631115090865, 0.42275477059102906, 0.42274626547124117, 0.4227385315680281, 0.42273837306933315, 0.42273836589098124]}, "3": {"maxiter": 100, "gtol": 1e-05, "xrtol": 1e-10, "eps": 1e-10, "duration": 0.28816843032836914, "fun": "0.42273836821720223", "jac": "[-8.88178346e-06 -8.88178346e-06  8.88178346e-06  0.00000000e+00\n -4.44089173e-06  0.00000000e+00]", "hess_inv": "[[  11.84365269   -8.94009363   12.8966377    14.1139865    12.42773588\n    -0.23740916]\n [  -8.94009363   19.13001808  -12.19837483  -10.5934816   -32.13418768\n    13.85703619]\n [  12.8966377   -12.19837483   25.65777101   25.73700378   32.15946401\n   -14.75373447]\n [  14.1139865   -10.5934816    25.73700378   31.4478412    26.47351973\n   -10.13481873]\n [  12.42773588  -32.13418768   32.15946401   26.47351973  171.19264707\n  -137.20541177]\n [  -0.23740916   13.85703619  -14.75373447  -10.13481873 -137.20541177\n   125.76092109]]", "nfev": "371", "njev": "53", "status": "0", "success": "True", "message": "Optimization terminated successfully.", "x": "[ 4.7861892   1.63076857 -0.42037742 -0.16460012  2.09073244  1.05207066]", "nit": "45", "callback": [0.6413705500684928, 0.606157025749567, 0.5563481316555952, 0.5455058734033245, 0.543279816029351, 0.5392973916405213, 0.5342133428291089, 0.5336492174674605, 0.5331051490580678, 0.5327919932825169, 0.5325778943857069, 0.5321727856267404, 0.5264607379019617, 0.5256228292159777, 0.523998995446775, 0.5211226709887864, 0.517609381913918, 0.5110096683248369, 0.4997218928143493, 0.4832897114983271, 0.46335077977204164, 0.4439459811291928, 0.4347622423190013, 0.43075417346296907, 0.42935420864991414, 0.4285481411502391, 0.42709126797106345, 0.4246787572005327, 0.4228870053529984, 0.422829266522194, 0.42280980719272776, 0.4227912655109787, 0.4227881683783622, 0.42278756958311525, 0.42278706098291907, 0.4227862411805017, 0.4227848455327097, 0.422782369641425, 0.42277795713156996, 0.42277043660563274, 0.42275965439272534, 0.42274980993342604, 0.42273976869341656, 0.4227383987187545, 0.42273836821720223]}, "4": {"maxiter": 100, "gtol": 1e-10, "xrtol": 1e-05, "eps": 1e-05, "duration": 0.3803391456604004, "fun": "0.42273836588238456", "jac": "[-2.63122857e-08  2.39586129e-08  1.20936594e-07 -6.57696120e-08\n -7.19424520e-09 -4.35207426e-09]", "hess_inv": "[[  11.93933489   -9.07043968   13.19247215   14.40486156    9.28218691\n     3.41600805]\n [  -9.07043968   19.5851863   -13.05290754  -11.0709379   -31.58770899\n    13.05392532]\n [  13.19247215  -13.05290754   27.29214949   27.45758481   27.96966558\n   -10.14348667]\n [  14.40486156  -11.0709379    27.45758481   32.6933016    19.64486977\n    -2.91775832]\n [   9.28218691  -31.58770899   27.96966558   19.64486977  197.12798165\n  -165.96533536]\n [   3.41600805   13.05392532  -10.14348667   -2.91775832 -165.96533536\n   158.38437354]]", "nfev": "385", "njev": "55", "status": "0", "success": "True", "message": "Optimization terminated successfully.", "x": "[ 4.78610014  1.63083787 -0.4205557  -0.16479456  2.09139161  1.05131037]", "nit": "48", "callback": [0.6413680119006815, 0.6061545237764794, 0.5563475279804051, 0.545505772312854, 0.5432794882609453, 0.5392966459050965, 0.5342137498749628, 0.5336496575842888, 0.5331047300655634, 0.5327918232765725, 0.5325779139135105, 0.5321736999851785, 0.526494979114382, 0.5256581327973482, 0.5240372106253304, 0.5211661921626902, 0.5176409356496543, 0.511022333961991, 0.49968822977801286, 0.48324288902349954, 0.4630655017477868, 0.4443411748024655, 0.4360140917079065, 0.4319140970118781, 0.42934049085821535, 0.42865070494500135, 0.4274049026721356, 0.42530546536365754, 0.42303325424323923, 0.42286363368172164, 0.4228173587230687, 0.42279867338391597, 0.42278602596464565, 0.42278337296662816, 0.422783071201864, 0.42278255336467163, 0.4227816196807792, 0.42277991051846975, 0.42277680782961813, 0.4227714005104084, 0.4227631115090865, 0.42275477059102906, 0.42274626547124117, 0.4227385315680281, 0.42273837306933315, 0.42273836589098124, 0.4227383658865129, 0.42273836588238456]}, "5": {"maxiter": 100, "gtol": 1e-10, "xrtol": 1e-05, "eps": 1e-10, "duration": 0.41271471977233887, "fun": "0.4227383657361865", "jac": "[3.33066880e-06 3.33066880e-06 1.11022293e-06 0.00000000e+00\n 0.00000000e+00 0.00000000e+00]", "hess_inv": "[[ 1.03016648e+01 -5.72200682e+00  9.62339037e+00  1.11239016e+01\n   2.38447025e+00  6.53107761e+00]\n [-5.72200682e+00  1.19851906e+01 -4.69579055e+00 -3.78901072e+00\n  -1.08142637e+01 -3.47240306e-02]\n [ 9.62339037e+00 -4.69579055e+00  1.73493349e+01  1.81491714e+01\n   1.07679054e+01 -1.30803918e+00]\n [ 1.11239016e+01 -3.78901072e+00  1.81491714e+01  2.44946116e+01\n   7.24110470e+00  1.89155495e+00]\n [ 2.38447025e+00 -1.08142637e+01  1.07679054e+01  7.24110470e+00\n   1.71454421e+02 -1.59127604e+02]\n [ 6.53107761e+00 -3.47240306e-02 -1.30803918e+00  1.89155495e+00\n  -1.59127604e+02  1.61553013e+02]]", "nfev": "476", "njev": "68", "status": "0", "success": "True", "message": "Optimization terminated successfully.", "x": "[ 4.78615396  1.63082018 -0.42047482 -0.16470351  2.09147371  1.05127385]", "nit": "48", "callback": [0.6413705500684928, 0.606157025749567, 0.5563481316555952, 0.5455058734033245, 0.543279816029351, 0.5392973916405213, 0.5342133428291089, 0.5336492174674605, 0.5331051490580678, 0.5327919932825169, 0.5325778943857069, 0.5321727856267404, 0.5264607379019617, 0.5256228292159777, 0.523998995446775, 0.5211226709887864, 0.517609381913918, 0.5110096683248369, 0.4997218928143493, 0.4832897114983271, 0.46335077977204164, 0.4439459811291928, 0.4347622423190013, 0.43075417346296907, 0.42935420864991414, 0.4285481411502391, 0.42709126797106345, 0.4246787572005327, 0.4228870053529984, 0.422829266522194, 0.42280980719272776, 0.4227912655109787, 0.4227881683783622, 0.42278756958311525, 0.42278706098291907, 0.4227862411805017, 0.4227848455327097, 0.422782369641425, 0.42277795713156996, 0.42277043660563274, 0.42275965439272534, 0.42274980993342604, 0.42273976869341656, 0.4227383987187545, 0.42273836821720223, 0.42273836602146575, 0.4227383657361866, 0.4227383657361865]}, "6": {"maxiter": 100, "gtol": 1e-10, "xrtol": 1e-10, "eps": 1e-05, "duration": 0.5046672821044922, "fun": "0.42273836588238456", "jac": "[-2.63122857e-08  2.39586129e-08  1.20936594e-07 -6.57696120e-08\n -7.19424520e-09 -4.35207426e-09]", "hess_inv": "[[  11.96032697   -9.05597209   13.46037535   14.55460733    9.36797286\n     3.35940817]\n [  -9.05597209   19.59417606  -12.92794533  -11.00588378  -31.59312192\n    13.06973622]\n [  13.46037535  -12.92794533   27.08184708   27.04846582   25.13950679\n    -7.53181441]\n [  14.55460733  -11.00588378   27.04846582   32.27822453   17.74761732\n    -1.19010633]\n [   9.36797286  -31.59312192   25.13950679   17.74761732  193.23384348\n  -162.59102999]\n [   3.35940817   13.06973622   -7.53181441   -1.19010633 -162.59102999\n   155.47425281]]", "nfev": "614", "njev": "86", "status": "2", "success": "False", "message": "Desired error not necessarily achieved due to precision loss.", "x": "[ 4.78610014  1.63083787 -0.4205557  -0.16479456  2.09139161  1.05131037]", "nit": "48", "callback": [0.6413680119006815, 0.6061545237764794, 0.5563475279804051, 0.545505772312854, 0.5432794882609453, 0.5392966459050965, 0.5342137498749628, 0.5336496575842888, 0.5331047300655634, 0.5327918232765725, 0.5325779139135105, 0.5321736999851785, 0.526494979114382, 0.5256581327973482, 0.5240372106253304, 0.5211661921626902, 0.5176409356496543, 0.511022333961991, 0.49968822977801286, 0.48324288902349954, 0.4630655017477868, 0.4443411748024655, 0.4360140917079065, 0.4319140970118781, 0.42934049085821535, 0.42865070494500135, 0.4274049026721356, 0.42530546536365754, 0.42303325424323923, 0.42286363368172164, 0.4228173587230687, 0.42279867338391597, 0.42278602596464565, 0.42278337296662816, 0.422783071201864, 0.42278255336467163, 0.4227816196807792, 0.42277991051846975, 0.42277680782961813, 0.4227714005104084, 0.4227631115090865, 0.42275477059102906, 0.42274626547124117, 0.4227385315680281, 0.42273837306933315, 0.42273836589098124, 0.4227383658865129, 0.42273836588238456]}, "7": {"maxiter": 100, "gtol":