{"date": "2024/10/30/, 02:53:34", "conf_id": 291, "data_type": "var_s_rank\n", "num_data_points": 3, "s_rank": 0, "unitary": "[[-0.56303964-0.00798273j,-0.21670212-0.15784972j,-0.06047197-0.73952673j,-0.01438004+0.24552571j],[-0.06976756+0.23474685j,-0.01275565-0.5435098j,-0.02703657-0.08917885j,-0.08210486-0.79311774j],[-0.38559961+0.10714929j,0.5933431-0.2687392j,-0.24060861+0.29149289j,-0.45147719+0.26241743j],[-0.50180421+0.45931857j,-0.11617175+0.44134496j,0.49642745+0.22684508j,-0.08544628-0.15407063j]]", "databatch_0": {"databatch": "[[[0.06257006+1.98637008e-01j,-0.27742946-1.56533737e-01j,0.01229036+2.93685824e-01j,-0.00139988-3.37649142e-01j],[-0.12618833+7.78690547e-02j,0.02444376-5.21506636e-02j,-0.01824001-1.45140845e-01j,-0.01766042-2.61071989e-01j],[-0.28894254-1.42762683e-01j,0.09281125-3.99206719e-02j,0.34745506+5.94430514e-02j,0.08919335-6.38801653e-02j],[-0.03969782+1.84792197e-01j,-0.20192587-1.51104499e-01j,0.3003935+1.54441241e-01j,0.16450261+2.20731588e-01j]],[[-0.34046559+3.57847356e-02j,0.08477843-6.17735789e-02j,-0.14781135-5.51938943e-02j,0.35396374-1.33808059e-01j],[-0.18322098+1.73159348e-01j,-0.03866879-5.50459892e-02j,0.2064438-2.05278420e-01j,0.19415548+3.69839837e-02j],[-0.05562387-9.05548671e-02j,-0.23071702-5.37376900e-02j,-0.12940042-1.37673893e-01j,-0.00476707-2.92786206e-02j],[0.15359166+1.46084298e-01j,-0.1175268-5.89605143e-02j,-0.33083372-3.83781359e-02j,0.37049165+3.12104643e-01j]],[[0.03756586-1.86451007e-01j,0.06709421-8.41046573e-02j,0.33345873-7.92129043e-02j,-0.40045784+2.99444836e-03j],[0.09421154-1.64423172e-04j,0.04622044-2.73383011e-02j,-0.35376896+3.02585876e-01j,0.1108752-2.53133846e-03j],[-0.1726399-4.17935958e-02j,-0.12880676-6.88805416e-02j,0.05273829+1.32461414e-01j,0.19688794+2.35563096e-01j],[-0.04933611+2.14943411e-01j,-0.06123952+1.69267431e-01j,0.17293127-2.75507566e-01j,0.18118637-2.15617811e-01j]]]", "initial param values": "[3.72299766,3.90701198,1.78368661,0.28461202,1.15767073,0.21376244]", "nelder_mead": {"type": "gradient-free", "0": {"maxiter": 100, "fatol": 1e-05, "xatol": 1e-05, "duration": 0.26229238510131836, "fun": "0.5925174590327533", "nit": "100", "nfev": "159", "status": "2", "success": "False", "message": "Maximum number of iterations has been exceeded.", "x": "[ 6.63044366  3.53284792  3.33823355  0.56995786 -1.26490149  0.28393359]", "final_simplex": "(array([[ 6.63044366,  3.53284792,  3.33823355,  0.56995786, -1.26490149,\n         0.28393359],\n       [ 6.62492242,  3.54874775,  3.29467175,  0.56870382, -1.25196206,\n         0.28282568],\n       [ 6.64540023,  3.54295315,  3.32397503,  0.58176865, -1.30576441,\n         0.28702888],\n       [ 6.6095647 ,  3.59491734,  3.27884678,  0.57998038, -1.2788471 ,\n         0.28706733],\n       [ 6.6313312 ,  3.62715773,  3.2993877 ,  0.58485367, -1.31026083,\n         0.28744946],\n       [ 6.74986987,  3.5957918 ,  3.28266745,  0.58933684, -1.30624361,\n         0.28710142],\n       [ 6.61424633,  3.63503025,  3.22995404,  0.57665556, -1.21027556,\n         0.28072024]]), array([0.59251746, 0.59303876, 0.593639  , 0.5947739 , 0.5949927 ,\n       0.59521694, 0.59557004]))", "callback": [0.9281886900301527, 0.8933966972710934, 0.8758691910602633, 0.84204423050259, 0.6815645805529191, 0.6042326802137188, 0.5995585965622492, 0.5976322767457822, 0.5966629832740924, 0.5955700441611125]}, "1": {"maxiter": 100, "fatol": 1e-05, "xatol": 1e-10, "duration": 0.1473712921142578, "fun": "0.5925174590327533", "nit": "100", "nfev": "159", "status": "2", "success": "False", "message": "Maximum number of iterations has been exceeded.", "x": "[ 6.63044366  3.53284792  3.33823355  0.56995786 -1.26490149  0.28393359]", "final_simplex": "(array([[ 6.63044366,  3.53284792,  3.33823355,  0.56995786, -1.26490149,\n         0.28393359],\n       [ 6.62492242,  3.54874775,  3.29467175,  0.56870382, -1.25196206,\n         0.28282568],\n       [ 6.64540023,  3.54295315,  3.32397503,  0.58176865, -1.30576441,\n         0.28702888],\n       [ 6.6095647 ,  3.59491734,  3.27884678,  0.57998038, -1.2788471 ,\n         0.28706733],\n       [ 6.6313312 ,  3.62715773,  3.2993877 ,  0.58485367, -1.31026083,\n         0.28744946],\n       [ 6.74986987,  3.5957918 ,  3.28266745,  0.58933684, -1.30624361,\n         0.28710142],\n       [ 6.61424633,  3.63503025,  3.22995404,  0.57665556, -1.21027556,\n         0.28072024]]), array([0.59251746, 0.59303876, 0.593639  , 0.5947739 , 0.5949927 ,\n       0.59521694, 0.59557004]))", "callback": [0.9281886900301527, 0.8933966972710934, 0.8758691910602633, 0.84204423050259, 0.6815645805529191, 0.6042326802137188, 0.5995585965622492, 0.5976322767457822, 0.5966629832740924, 0.5955700441611125]}, "2": {"maxiter": 100, "fatol": 1e-10, "xatol": 1e-05, "duration": 0.12390923500061035, "fun": "0.5925174590327533", "nit": "100", "nfev": "159", "status": "2", "success": "False", "message": "Maximum number of iterations has been exceeded.", "x": "[ 6.63044366  3.53284792  3.33823355  0.56995786 -1.26490149  0.28393359]", "final_simplex": "(array([[ 6.63044366,  3.53284792,  3.33823355,  0.56995786, -1.26490149,\n         0.28393359],\n       [ 6.62492242,  3.54874775,  3.29467175,  0.56870382, -1.25196206,\n         0.28282568],\n       [ 6.64540023,  3.54295315,  3.32397503,  0.58176865, -1.30576441,\n         0.28702888],\n       [ 6.6095647 ,  3.59491734,  3.27884678,  0.57998038, -1.2788471 ,\n         0.28706733],\n       [ 6.6313312 ,  3.62715773,  3.2993877 ,  0.58485367, -1.31026083,\n         0.28744946],\n       [ 6.74986987,  3.5957918 ,  3.28266745,  0.58933684, -1.30624361,\n         0.28710142],\n       [ 6.61424633,  3.63503025,  3.22995404,  0.57665556, -1.21027556,\n         0.28072024]]), array([0.59251746, 0.59303876, 0.593639  , 0.5947739 , 0.5949927 ,\n       0.59521694, 0.59557004]))", "callback": [0.9281886900301527, 0.8933966972710934, 0.8758691910602633, 0.84204423050259, 0.6815645805529191, 0.6042326802137188, 0.5995585965622492, 0.5976322767457822, 0.5966629832740924, 0.5955700441611125]}, "3": {"maxiter": 100, "fatol": 1e-10, "xatol": 1e-10, "duration": 0.12349724769592285, "fun": "0.5925174590327533", "nit": "100", "nfev": "159", "status": "2", "success": "False", "message": "Maximum number of iterations has been exceeded.", "x": "[ 6.63044366  3.53284792  3.33823355  0.56995786 -1.26490149  0.28393359]", "final_simplex": "(array([[ 6.63044366,  3.53284792,  3.33823355,  0.56995786, -1.26490149,\n         0.28393359],\n       [ 6.62492242,  3.54874775,  3.29467175,  0.56870382, -1.25196206,\n         0.28282568],\n       [ 6.64540023,  3.54295315,  3.32397503,  0.58176865, -1.30576441,\n         0.28702888],\n       [ 6.6095647 ,  3.59491734,  3.27884678,  0.57998038, -1.2788471 ,\n         0.28706733],\n       [ 6.6313312 ,  3.62715773,  3.2993877 ,  0.58485367, -1.31026083,\n         0.28744946],\n       [ 6.74986987,  3.5957918 ,  3.28266745,  0.58933684, -1.30624361,\n         0.28710142],\n       [ 6.61424633,  3.63503025,  3.22995404,  0.57665556, -1.21027556,\n         0.28072024]]), array([0.59251746, 0.59303876, 0.593639  , 0.5947739 , 0.5949927 ,\n       0.59521694, 0.59557004]))", "callback": [0.9281886900301527, 0.8933966972710934, 0.8758691910602633, 0.84204423050259, 0.6815645805529191, 0.6042326802137188, 0.5995585965622492, 0.5976322767457822, 0.5966629832740924, 0.5955700441611125]}, "4": {"maxiter": 500, "fatol": 1e-05, "xatol": 1e-05, "duration": 0.8546609878540039, "fun": "0.4104170594071408", "nit": "500", "nfev": "764", "status": "2", "success": "False", "message": "Maximum number of iterations has been exceeded.", "x": "[ 5.75366091  3.60842912  3.55047748 -1.55789904 -2.93451882  1.66475424]", "final_simplex": "(array([[ 5.75366091,  3.60842912,  3.55047748, -1.55789904, -2.93451882,\n         1.66475424],\n       [ 5.7531481 ,  3.51385226,  3.7012326 , -1.47686479, -2.90568352,\n         1.69724154],\n       [ 5.65672872,  3.49907214,  3.76171997, -1.49858028, -2.96203575,\n         1.75912627],\n       [ 5.71021229,  3.67099865,  3.56320051, -1.54445905, -2.94329893,\n         1.63910864],\n       [ 5.74848931,  3.80085093,  3.40419645, -1.44307508, -2.95286091,\n         1.75848523],\n       [ 5.75007075,  3.77189975,  3.4461921 , -1.53730797, -2.98789122,\n         1.73626336],\n       [ 5.67085817,  3.52921399,  3.76359243, -1.47901265, -2.92970176,\n         1.72130813]]), array([0.41041706, 0.41129348, 0.41366418, 0.414945  , 0.41531474,\n       0.41552895, 0.41622421]))", "callback": [0.9281886900301527, 0.8933966972710934, 0.8758691910602633, 0.84204423050259, 0.6815645805529191, 0.6042326802137188, 0.5995585965622492, 0.5976322767457822, 0.5966629832740924, 0.5955700441611125, 0.5925174590327533, 0.584658010154331, 0.5815394398963478, 0.5743695641514885, 0.5728662422439574, 0.5682570350769298, 0.5610129039972429, 0.5317947994063827, 0.5236400120225366, 0.5205302518407326, 0.5200632336871245, 0.5199924416129484, 0.5199773221443571, 0.5199729442331973, 0.519971853579801, 0.5199653584929786, 0.5199470485158133, 0.5198856432658279, 0.5198499512491679, 0.5197338951635508, 0.5191658398504246, 0.5170196314307125, 0.510335143284018, 0.4583512643474351, 0.44979446926961497, 0.44677123134068475, 0.44560564470423125, 0.4401919935431958, 0.43657937225705745, 0.4350289264312718, 0.4344819855965306, 0.4341824895463535, 0.43407183428369844, 0.4340058032136931, 0.4337169518609968, 0.4329914078956002, 0.430471563582028, 0.4277117728801597, 0.4231610405359224, 0.41531474366669563]}, "5": {"maxiter": 500, "fatol": 1e-05, "xatol": 1e-10, "duration": 0.6539309024810791, "fun": "0.4104170594071408", "nit": "500", "nfev": "764", "status": "2", "success": "False", "message": "Maximum number of iterations has been exceeded.", "x": "[ 5.75366091  3.60842912  3.55047748 -1.55789904 -2.93451882  1.66475424]", "final_simplex": "(array([[ 5.75366091,  3.60842912,  3.55047748, -1.55789904, -2.93451882,\n         1.66475424],\n       [ 5.7531481 ,  3.51385226,  3.7012326 , -1.47686479, -2.90568352,\n         1.69724154],\n       [ 5.65672872,  3.49907214,  3.76171997, -1.49858028, -2.96203575,\n         1.75912627],\n       [ 5.71021229,  3.67099865,  3.56320051, -1.54445905, -2.94329893,\n         1.63910864],\n       [ 5.74848931,  3.80085093,  3.40419645, -1.44307508, -2.95286091,\n         1.75848523],\n       [ 5.75007075,  3.77189975,  3.4461921 , -1.53730797, -2.98789122,\n         1.73626336],\n       [ 5.67085817,  3.52921399,  3.76359243, -1.47901265, -2.92970176,\n         1.72130813]]), array([0.41041706, 0.41129348, 0.41366418, 0.414945  , 0.41531474,\n       0.41552895, 0.41622421]))", "callback": [0.9281886900301527, 0.8933966972710934, 0.8758691910602633, 0.84204423050259, 0.6815645805529191, 0.6042326802137188, 0.5995585965622492, 0.5976322767457822, 0.5966629832740924, 0.5955700441611125, 0.5925174590327533, 0.584658010154331, 0.5815394398963478, 0.5743695641514885, 0.5728662422439574, 0.5682570350769298, 0.5610129039972429, 0.5317947994063827, 0.5236400120225366, 0.5205302518407326, 0.5200632336871245, 0.5199924416129484, 0.5199773221443571, 0.5199729442331973, 0.519971853579801, 0.5199653584929786, 0.5199470485158133, 0.5198856432658279, 0.5198499512491679, 0.5197338951635508, 0.5191658398504246, 0.5170196314307125, 0.510335143284018, 0.4583512643474351, 0.44979446926961497, 0.44677123134068475, 0.44560564470423125, 0.4401919935431958, 0.43657937225705745, 0.4350289264312718, 0.4344819855965306, 0.4341824895463535, 0.43407183428369844, 0.4340058032136931, 0.4337169518609968, 0.4329914078956002, 0.430471563582028, 0.4277117728801597, 0.4231610405359224, 0.41531474366669563]}, "6": {"maxiter": 500, "fatol": 1e-10, "xatol": 1e-05, "duration": 0.6646449565887451, "fun": "0.4104170594071408", "nit": "500", "nfev": "764", "status": "2", "success": "False", "message": "Maximum number of iterations has been exceeded.", "x": "[ 5.75366091  3.60842912  3.55047748 -1.55789904 -2.93451882  1.66475424]", "final_simplex": "(array([[ 5.75366091,  3.60842912,  3.55047748, -1.55789904, -2.93451882,\n         1.66475424],\n       [ 5.7531481 ,  3.51385226,  3.7012326 , -1.47686479, -2.90568352,\n         1.69724154],\n       [ 5.65672872,  3.49907214,  3.76171997, -1.49858028, -2.96203575,\n         1.75912627],\n       [ 5.71021229,  3.67099865,  3.56320051, -1.54445905, -2.94329893,\n         1.63910864],\n       [ 5.74848931,  3.80085093,  3.40419645, -1.44307508, -2.95286091,\n         1.75848523],\n       [ 5.75007075,  3.77189975,  3.4461921 , -1.53730797, -2.98789122,\n         1.73626336],\n       [ 5.67085817,  3.52921399,  3.76359243, -1.47901265, -2.92970176,\n         1.72130813]]), array([0.41041706, 0.41129348, 0.41366418, 0.414945  , 0.41531474,\n       0.41552895, 0.41622421]))", "callback": [0.9281886900301527, 0.8933966972710934, 0.8758691910602633, 0.84204423050259, 0.6815645805529191, 0.6042326802137188, 0.5995585965622492, 0.5976322767457822, 0.5966629832740924, 0.5955700441611125, 0.5925174590327533, 0.584658010154331, 0.5815394398963478, 0.5743695641514885, 0.5728662422439574, 0.5682570350769298, 0.5610129039972429, 0.5317947994063827, 0.5236400120225366, 0.5205302518407326, 0.5200632336871245, 0.5199924416129484, 0.5199773221443571, 0.5199729442331973, 0.519971853579801, 0.5199653584929786, 0.5199470485158133, 0.5198856432658279, 0.5198499512491679, 0.5197338951635508, 0.5191658398504246, 0.5170196314307125, 0.510335143284018, 0.4583512643474351, 0.44979446926961497, 0.44677123134068475, 0.44560564470423125, 0.4401919935431958, 0.43657937225705745, 0.4350289264312718, 0.4344819855965306, 0.4341824895463535, 0.43407183428369844, 0.4340058032136931, 0.4337169518609968, 0.4329914078956002, 0.430471563582028, 0.4277117728801597, 0.4231610405359224, 0.41531474366669563]}, "7": {"maxiter": 500, "fatol": 1e-10, "xatol": 1e-10, "duration": 0.6755337715148926, "fun": "0.4104170594071408", "nit": "500", "nfev": "764", "status": "2", "success": "False", "message": "Maximum number of iterations has been exceeded.", "x": "[ 5.75366091  3.60842912  3.55047748 -1.55789904 -2.93451882  1.66475424]", "final_simplex": "(array([[ 5.75366091,  3.60842912,  3.55047748, -1.55789904, -2.93451882,\n         1.66475424],\n       [ 5.7531481 ,  3.51385226,  3.7012326 , -1.47686479, -2.90568352,\n         1.69724154],\n       [ 5.65672872,  3.49907214,  3.76171997, -1.49858028, -2.96203575,\n         1.75912627],\n       [ 5.71021229,  3.67099865,  3.56320051, -1.54445905, -2.94329893,\n         1.63910864],\n       [ 5.74848931,  3.80085093,  3.40419645, -1.44307508, -2.95286091,\n         1.75848523],\n       [ 5.75007075,  3.77189975,  3.4461921 , -1.53730797, -2.98789122,\n         1.73626336],\n       [ 5.67085817,  3.52921399,  3.76359243, -1.47901265, -2.92970176,\n         1.72130813]]), array([0.41041706, 0.41129348, 0.41366418, 0.414945  , 0.41531474,\n       0.41552895, 0.41622421]))", "callback": [0.9281886900301527, 0.8933966972710934, 0.8758691910602633, 0.84204423050259, 0.6815645805529191, 0.6042326802137188, 0.5995585965622492, 0.5976322767457822, 0.5966629832740924, 0.5955700441611125, 0.5925174590327533, 0.584658010154331, 0.5815394398963478, 0.5743695641514885, 0.5728662422439574, 0.5682570350769298, 0.5610129039972429, 0.5317947994063827, 0.5236400120225366, 0.5205302518407326, 0.5200632336871245, 0.5199924416129484, 0.5199773221443571, 0.5199729442331973, 0.519971853579801, 0.5199653584929786, 0.5199470485158133, 0.5198856432658279, 0.5198499512491679, 0.5197338951635508, 0.5191658398504246, 0.5170196314307125, 0.510335143284018, 0.4583512643474351, 0.44979446926961497, 0.44677123134068475, 0.44560564470423125, 0.4401919935431958, 0.43657937225705745, 0.4350289264312718, 0.4344819855965306, 0.4341824895463535, 0.43407183428369844, 0.4340058032136931, 0.4337169518609968, 0.4329914078956002, 0.430471563582028, 0.4277117728801597, 0.4231610405359224, 0.41531474366669563]}, "8": {"maxiter": 1000, "fatol": 1e-05, "xatol": 1e-05, "duration": 1.3940441608428955, "fun": "0.39507636714010885", "nit": "761", "nfev": "1171", "status": "0", "success": "True", "message": "Optimization terminated successfully.", "x": "[ 5.57831048  3.29265796  3.52358622 -1.65131105 -3.02841706  1.91169273]", "final_simplex": "(array([[ 5.57831048,  3.29265796,  3.52358622, -1.65131105, -3.02841706,\n         1.91169273],\n       [ 5.57830442,  3.29265006,  3.52358786, -1.65131931, -3.02841573,\n         1.91169306],\n       [ 5.57831234,  3.29265185,  3.52359318, -1.65130877, -3.02841292,\n         1.9116932 ],\n       [ 5.57831453,  3.29265308,  3.52358664, -1.65131328, -3.02842077,\n         1.91169135],\n       [ 5.57831529,  3.29265275,  3.52359457, -1.65131098, -3.02841191,\n         1.91168693],\n       [ 5.57831071,  3.29266015,  3.52357684, -1.65131079, -3.02841243,\n         1.91169076],\n       [ 5.57831557,  3.29265491,  3.52359303, -1.65130599, -3.02841594,\n         1.91168735]]), array([0.39507637, 0.39507637, 0.39507637, 0.39507637, 0.39507637,\n       0.39507637, 0.39507637]))", "callback": [0.9281886900301527, 0.8933966972710934, 0.8758691910602633, 0.84204423050259, 0.6815645805529191, 0.6042326802137188, 0.5995585965622492, 0.5976322767457822, 0.5966629832740924, 0.5955700441611125, 0.5925174590327533, 0.584658010154331, 0.5815394398963478, 0.5743695641514885, 0.5728662422439574, 0.5682570350769298, 0.5610129039972429, 0.5317947994063827, 0.5236400120225366, 0.5205302518407326, 0.5200632336871245, 0.5199924416129484, 0.5199773221443571, 0.5199729442331973, 0.519971853579801, 0.5199653584929786, 0.5199470485158133, 0.5198856432658279, 0.5198499512491679, 0.5197338951635508, 0.5191658398504246, 0.5170196314307125, 0.510335143284018, 0.4583512643474351, 0.44979446926961497, 0.44677123134068475, 0.44560564470423125, 0.4401919935431958, 0.43657937225705745, 0.4350289264312718, 0.4344819855965306, 0.4341824895463535, 0.43407183428369844, 0.4340058032136931, 0.4337169518609968, 0.4329914078956002, 0.430471563582028, 0.4277117728801597, 0.4231610405359224, 0.41531474366669563, 0.4097820182948414, 0.40540605011240005, 0.4008515568811274, 0.3988449154793371, 0.3962114181313624, 0.3953339000811763, 0.3953162392014081, 0.39527298538399835, 0.39524633201084103, 0.3952278118592595, 0.39521952073525235, 0.39518164043456816, 0.3950987665913419, 0.395078866421803, 0.395078866421803, 0.3950776518526573, 0.39507671198898286, 0.3950764419875269, 0.39507639880089174, 0.39507637582485966, 0.39507637144673613, 0.39507636894466946, 0.3950763675241893, 0.395076367291723, 0.3950763671935408, 0.39507636714822947, 0.39507636714010885]}, "9": {"maxiter": 1000, "fatol": 1e-05, "xatol": 1e-10, "duration": 2.277137041091919, "fun": "0.39507636713319316", "nit": "912", "nfev": "1469", "status": "0", "success": "True", "message": "Optimization terminated successfully.", "x": "[ 5.57831281  3.29265549  3.5235846  -1.65131537 -3.02841357  1.91169403]", "final_simplex": "(array([[ 5.57831281,  3.29265549,  3.5235846 , -1.65131537, -3.02841357,\n         1.91169403],\n       [ 5.57831281,  3.29265549,  3.5235846 , -1.65131537, -3.02841357,\n         1.91169403],\n       [ 5.57831281,  3.29265549,  3.5235846 , -1.65131537, -3.02841357,\n         1.91169403],\n       [ 5.57831281,  3.29265549,  3.5235846 , -1.65131537, -3.02841357,\n         1.91169403],\n       [ 5.57831281,  3.29265549,  3.5235846 , -1.65131537, -3.02841357,\n         1.91169403],\n       [ 5.57831281,  3.29265549,  3.5235846 , -1.65131537, -3.02841357,\n         1.91169403],\n       [ 5.57831281,  3.29265549,  3.5235846 , -1.65131537, -3.02841357,\n         1.91169403]]), array([0.39507637, 0.39507637, 0.39507637, 0.39507637, 0.39507637,\n       0.39507637, 0.39507637]))", "callback": [0.9281886900301527, 0.8933966972710934, 0.8758691910602633, 0.84204423050259, 0.6815645805529191, 0.6042326802137188, 0.5995585965622492, 0.5976322767457822, 0.5966629832740924, 0.5955700441611125, 0.5925174590327533, 0.584658010154331, 0.5815394398963478, 0.5743695641514885, 0.5728662422439574, 0.5682570350769298, 0.5610129039972429, 0.5317947994063827, 0.5236400120225366, 0.5205302518407326, 0.5200632336871245, 0.5199924416129484, 0.5199773221443571, 0.5199729442331973, 0.519971853579801, 0.5199653584929786, 0.5199470485158133, 0.5198856432658279, 0.5198499512491679, 0.5197338951635508, 0.5191658398504246, 0.5170196314307125, 0.510335143284018, 0.4583512643474351, 0.44979446926961497, 0.44677123134068475, 0.44560564470423125, 0.4401919935431958, 0.43657937225705745, 0.4350289264312718, 0.4344819855965306, 0.4341824895463535, 0.43407183428369844, 0.4340058032136931, 0.4337169518609968, 0.4329914078956002, 0.430471563582028, 0.4277117728801597, 0.4231610405359224, 0.41531474366669563, 0.4097820182948414, 0.40540605011240005, 0.4008515568811274, 0.3988449154793371, 0.3962114181313624, 0.3953339000811763, 0.3953162392014081, 0.39527298538399835, 0.39524633201084103, 0.3952278118592595, 0.39521952073525235, 0.39518164043456816, 0.3950987665913419, 0.395078866421803, 0.395078866421803, 0.3950776518526573, 0.39507671198898286, 0.3950764419875269, 0.39507639880089174, 0.39507637582485966, 0.39507637144673613, 0.39507636894466946, 0.3950763675241893, 0.395076367291723, 0.3950763671935408, 0.39507636714822947, 0.39507636713746486, 0.39507636713482397, 0.39507636713399696, 0.3950763671336349, 0.3950763671333958, 0.39507636713330674, 0.395076367133229, 0.3950763671332116, 0.3950763671332004, 0.3950763671331958, 0.39507636713319394, 0.3950763671331936, 0.3950763671331933, 0.39507636713319316, 0.39507636713319316, 0.39507636713319316]}, "10": {"maxiter": 1000, "fatol": 1e-10, "xatol": 1e-05, "duration": 1.5085599422454834, "fun": "0.39507636714010885", "nit": "761", "nfev": "1171", "status": "0", "success": "True", "message": "Optimization terminated successfully.", "x": "[ 5.57831048  3.29265796  3.52358622 -1.65131105 -3.02841706  1.91169273]", "final_simplex": "(array([[ 5.57831048,  3.29265796,  3.52358622, -1.65131105, -3.02841706,\n         1.91169273],\n       [ 5.57830442,  3.29265006,  3.52358786, -1.65131931, -3.02841573,\n         1.91169306],\n       [ 5.57831234,  3.29265185,  3.52359318, -1.65130877, -3.02841292,\n         1.9116932 ],\n       [ 5.57831453,  3.29265308,  3.52358664, -1.65131328, -3.02842077,\n         1.91169135],\n       [ 5.57831529,  3.29265275,  3.52359457, -1.65131098, -3.02841191,\n         1.91168693],\n       [ 5.57831071,  3.29266015,  3.52357684, -1.65131079, -3.02841243,\n         1.91169076],\n       [ 5.57831557,  3.29265491,  3.52359303, -1.65130599, -3.02841594,\n         1.91168735]]), array([0.39507637, 0.39507637, 0.39507637, 0.39507637, 0.39507637,\n       0.39507637, 0.39507637]))", "callback": [0.9281886900301527, 0.8933966972710934, 0.8758691910602633, 0.84204423050259, 0.6815645805529191, 0.6042326802137188, 0.5995585965622492, 0.5976322767457822, 0.5966629832740924, 0.5955700441611125, 0.5925174590327533, 0.584658010154331, 0.5815394398963478, 0.5743695641514885, 0.5728662422439574, 0.5682570350769298, 0.5610129039972429, 0.5317947994063827, 0.5236400120225366, 0.5205302518407326, 0.5200632336871245, 0.5199924416129484, 0.5199773221443571, 0.5199729442331973, 0.519971853579801, 0.5199653584929786, 0.5199470485158133, 0.5198856432658279, 0.5198499512491679, 0.5197338951635508, 0.5191658398504246, 0.5170196314307125, 0.510335143284018, 0.4583512643474351, 0.44979446926961497, 0.44677123134068475, 0.44560564470423125, 0.4401919935431958, 0.43657937225705745, 0.4350289264312718, 0.4344819855965306, 0.4341824895463535, 0.43407183428369844, 0.4340058032136931, 0.4337169518609968, 0.4329914078956002, 0.430471563582028, 0.4277117728801597, 0.4231610405359224, 0.41531474366669563, 0.4097820182948414, 0.40540605011240005, 0.4008515568811274, 0.3988449154793371, 0.3962114181313624, 0.3953339000811763, 0.3953162392014081, 0.39527298538399835, 0.39524633201084103, 0.3952278118592595, 0.39521952073525235, 0.39518164043456816, 0.3950987665913419, 0.395078866421803, 0.395078866421803, 0.3950776518526573, 0.39507671198898286, 0.3950764419875269, 0.39507639880089174, 0.39507637582485966, 0.39507637144673613, 0.39507636894466946, 0.3950763675241893, 0.395076367291723, 0.3950763671935408, 0.39507636714822947, 0.39507636714010885]}, "11": {"maxiter": 1000, "fatol": 1e-10, "xatol": 1e-10, "duration": 1.3263061046600342, "fun": "0.39507636713319316", "nit": "912", "nfev": "1469", "status": "0", "success": "True", "message": "Optimization terminated successfully.", "x": "[ 5.57831281  3.29265549  3.5235846  -1.65131537 -3.02841357  1.91169403]", "final_simplex": "(array([[ 5.57831281,  3.29265549,  3.5235846 , -1.65131537, -3.02841357,\n         1.91169403],\n       [ 5.57831281,  3.29265549,  3.5235846 , -1.65131537, -3.02841357,\n         1.91169403],\n       [ 5.57831281,  3.29265549,  3.5235846 , -1.65131537, -3.02841357,\n         1.91169403],\n       [ 5.57831281,  3.29265549,  3.5235846 , -1.65131537, -3.02841357,\n         1.91169403],\n       [ 5.57831281,  3.29265549,  3.5235846 , -1.65131537, -3.02841357,\n         1.91169403],\n       [ 5.57831281,  3.29265549,  3.5235846 , -1.65131537, -3.02841357,\n         1.91169403],\n       [ 5.57831281,  3.29265549,  3.5235846 , -1.65131537, -3.02841357,\n         1.91169403]]), array([0.39507637, 0.39507637, 0.39507637, 0.39507637, 0.39507637,\n       0.39507637, 0.39507637]))", "callback": [0.9281886900301527, 0.8933966972710934, 0.8758691910602633, 0.84204423050259, 0.6815645805529191, 0.6042326802137188, 0.5995585965622492, 0.5976322767457822, 0.5966629832740924, 0.5955700441611125, 0.5925174590327533, 0.584658010154331, 0.5815394398963478, 0.5743695641514885, 0.5728662422439574, 0.5682570350769298, 0.5610129039972429, 0.5317947994063827, 0.5236400120225366, 0.5205302518407326, 0.5200632336871245, 0.5199924416129484, 0.5199773221443571, 0.5199729442331973, 0.519971853579801, 0.5199653584929786, 0.5199470485158133, 0.5198856432658279, 0.5198499512491679, 0.5197338951635508, 0.5191658398504246, 0.5170196314307125, 0.510335143284018, 0.4583512643474351, 0.44979446926961497, 0.44677123134068475, 0.44560564470423125, 0.4401919935431958, 0.43657937225705745, 0.4350289264312718, 0.4344819855965306, 0.4341824895463535, 0.43407183428369844, 0.4340058032136931, 0.4337169518609968, 0.4329914078956002, 0.430471563582028, 0.4277117728801597, 0.4231610405359224, 0.41531474366669563, 0.4097820182948414, 0.40540605011240005, 0.4008515568811274, 0.3988449154793371, 0.3962114181313624, 0.3953339000811763, 0.3953162392014081, 0.39527298538399835, 0.39524633201084103, 0.3952278118592595, 0.39521952073525235, 0.39518164043456816, 0.3950987665913419, 0.395078866421803, 0.395078866421803, 0.3950776518526573, 0.39507671198898286, 0.3950764419875269, 0.39507639880089174, 0.39507637582485966, 0.39507637144673613, 0.39507636894466946, 0.3950763675241893, 0.395076367291723, 0.3950763671935408, 0.39507636714822947, 0.39507636713746486, 0.39507636713482397, 0.39507636713399696, 0.3950763671336349, 0.3950763671333958, 0.39507636713330674, 0.395076367133229, 0.3950763671332116, 0.3950763671332004, 0.3950763671331958, 0.39507636713319394, 0.3950763671331936, 0.3950763671331933, 0.39507636713319316, 0.39507636713319316, 0.39507636713319316]}}, "bfgs": {"type": "gradient", "0": {"maxiter": 100, "gtol": 1e-05, "xrtol": 1e-05, "eps": 1e-05, "duration": 0.1972370147705078, "fun": "0.39507636732410256", "jac": "[ 3.00599545e-06 -2.24308350e-06 -1.50768287e-07  2.45730103e-06\n -4.58252325e-06 -5.87834226e-06]", "hess_inv": "[[ 5.22224583  0.53736417  0.2581216  -2.25698559  0.31159969  0.07543761]\n [ 0.53736417  8.24557412 -5.54055165 -0.75249487 -0.24805138 -0.94765301]\n [ 0.2581216  -5.54055165  9.10133246 -0.97220337  1.46630403 -1.45253725]\n [-2.25698559 -0.75249487 -0.97220337  5.56626734 -0.20174381  1.08050807]\n [ 0.31159969 -0.24805138  1.46630403 -0.20174381  3.85254233 -0.8886832 ]\n [ 0.07543761 -0.94765301 -1.45253725  1.08050807 -0.8886832   4.40875255]]", "nfev": "252", "njev": "36", "status": "0", "success": "True", "message": "Optimization terminated successfully.", "x": "[ 5.57831778  3.29263941  3.52359764  1.65131629  0.11315644 -1.22992558]", "nit": "27", "callback": [0.926988070054823, 0.9142091167127069, 0.9069807519453472, 0.8984913389095485, 0.8877921062686382, 0.8774614548020879, 0.8678010827750208, 0.6821315915801351, 0.6720293565310456, 0.5812343221281628, 0.5018706324298807, 0.47906754371011073, 0.4438142486190425, 0.4198928591806217, 0.4176660610422517, 0.4155138015876253, 0.4125661666848973, 0.4081376369873648, 0.4041314743806276, 0.400422870711866, 0.39672673442751716, 0.39590399189894787, 0.3951490502243936, 0.39507943386316524, 0.39507646070421454, 0.39507636956999936, 0.39507636732410256]}, "1": {"maxiter": 100, "gtol": 1e-05, "xrtol": 1e-05, "eps": 1e-10, "duration": 0.22642755508422852, "fun": "0.3950763673132188", "jac": "[ 4.44089173e-06 -2.22044587e-06  2.22044587e-06  4.44089173e-06\n -4.44089235e-06 -4.44089173e-06]", "hess_inv": "[[ 5.20599614  0.53441958  0.25717155 -2.26711201  0.32079622  0.09810406]\n [ 0.53441958  8.34774505 -5.64712416 -0.72014206 -0.18632268 -0.9012219 ]\n [ 0.25717155 -5.64712416  9.21271375 -1.01932272  1.41193505 -1.48482284]\n [-2.26711201 -0.72014206 -1.01932272  5.59191623 -0.18203927  1.1030677 ]\n [ 0.32079622 -0.18632268  1.41193505 -0.18203927  3.85486845 -0.89316   ]\n [ 0.09810406 -0.9012219  -1.48482284  1.1030677  -0.89316     4.37244333]]", "nfev": "252", "njev": "36", "status": "0", "success": "True", "message": "Optimization terminated successfully.", "x": "[ 5.57832575  3.29263505  3.52360931  1.65131688  0.11316258 -1.2299245 ]", "nit": "27", "callback": [0.9269881178648598, 0.9142093540611405, 0.9069815942442724, 0.8984930698994893, 0.887793774986721, 0.8774626975792281, 0.8678053345446661, 0.6822356073316793, 0.672125108323929, 0.5812533092077137, 0.5019316781326528, 0.47909839669544885, 0.4438192662788275, 0.4198642637215054, 0.41764825989350485, 0.41550693181338816, 0.41254064082528685, 0.4080902434455169, 0.4040936287508725, 0.40038022232457104, 0.39672771923872696, 0.39590027900439806, 0.3951486213731522, 0.39507951771720096, 0.3950764681620559, 0.395076368958185, 0.3950763673132188]}, "2": {"maxiter": 100, "gtol": 1e-05, "xrtol": 1e-10, "eps": 1e-05, "duration": 0.19671964645385742, "fun": "0.39507636732410256", "jac": "[ 3.00599545e-06 -2.24308350e-06 -1.50768287e-07  2.45730103e-06\n -4.58252325e-06 -5.87834226e-06]", "hess_inv": "[[ 5.22224583  0.53736417  0.2581216  -2.25698559  0.31159969  0.07543761]\n [ 0.53736417  8.24557412 -5.54055165 -0.75249487 -0.24805138 -0.94765301]\n [ 0.2581216  -5.54055165  9.10133246 -0.97220337  1.46630403 -1.45253725]\n [-2.25698559 -0.75249487 -0.97220337  5.56626734 -0.20174381  1.08050807]\n [ 0.31159969 -0.24805138  1.46630403 -0.20174381  3.85254233 -0.8886832 ]\n [ 0.07543761 -0.94765301 -1.45253725  1.08050807 -0.8886832   4.40875255]]", "nfev": "252", "njev": "36", "status": "0", "success": "True", "message": "Optimization terminated successfully.", "x": "[ 5.57831778  3.29263941  3.52359764  1.65131629  0.11315644 -1.22992558]", "nit": "27", "callback": [0.926988070054823, 0.9142091167127069, 0.9069807519453472, 0.8984913389095485, 0.8877921062686382, 0.8774614548020879, 0.8678010827750208, 0.6821315915801351, 0.6720293565310456, 0.5812343221281628, 0.5018706324298807, 0.47906754371011073, 0.4438142486190425, 0.4198928591806217, 0.4176660610422517, 0.4155138015876253, 0.4125661666848973, 0.4081376369873648, 0.4041314743806276, 0.400422870711866, 0.39672673442751716, 0.39590399189894787, 0.3951490502243936, 0.39507943386316524, 0.39507646070421454, 0.39507636956999936, 0.39507636732410256]}, "3": {"maxiter": 100, "gtol": 1e-05, "xrtol": 1e-10, "eps": 1e-10, "duration": 0.19901013374328613, "fun": "0.3950763673132188", "jac": "[ 4.44089173e-06 -2.22044587e-06  2.22044587e-06  4.44089173e-06\n -4.44089235e-06 -4.44089173e-06]", "hess_inv": "[[ 5.20599614  0.53441958  0.25717155 -2.26711201  0.32079622  0.09810406]\n [ 0.53441958  8.34774505 -5.64712416 -0.72014206 -0.18632268 -0.9012219 ]\n [ 0.25717155 -5.64712416  9.21271375 -1.01932272  1.41193505 -1.48482284]\n [-2.26711201 -0.72014206 -1.01932272  5.59191623 -0.18203927  1.1030677 ]\n [ 0.32079622 -0.18632268  1.41193505 -0.18203927  3.85486845 -0.89316   ]\n [ 0.09810406 -0.9012219  -1.48482284  1.1030677  -0.89316     4.37244333]]", "nfev": "252", "njev": "36", "status": "0", "success": "True", "message": "Optimization terminated successfully.", "x": "[ 5.57832575  3.29263505  3.52360931  1.65131688  0.11316258 -1.2299245 ]", "nit": "27", "callback": [0.9269881178648598, 0.9142093540611405, 0.9069815942442724, 0.8984930698994893, 0.887793774986721, 0.8774626975792281, 0.8678053345446661, 0.6822356073316793, 0.672125108323929, 0.5812533092077137, 0.5019316781326528, 0.47909839669544885, 0.4438192662788275, 0.4198642637215054, 0.41764825989350485, 0.41550693181338816, 0.41254064082528685, 0.4080902434455169, 0.4040936287508725, 0.40038022232457104, 0.39672771923872696, 0.39590027900439806, 0.3951486213731522, 0.39507951771720096, 0.3950764681620559, 0.395076368958185, 0.3950763673132188]}, "4": {"maxiter": 100, "gtol": 1e-10, "xrtol": 1e-05, "eps": 1e-05, "duration": 0.2012617588043213, "fun": "0.3950763671470571", "jac": "[ 3.62043728e-08  1.40198964e-07  1.75459647e-07  1.63580260e-07\n  7.85704835e-08 -4.28990177e-08]", "hess_inv": "[[ 5.31293935  0.42680214  0.40111728 -2.25315742  0.14781188 -0.14479119]\n [ 0.42680214  8.2220728  -5.70470081 -0.57490872  0.01551234 -0.65072605]\n [ 0.40111728 -5.70470081  9.32613869 -0.97788102  1.20395468 -1.80159872]\n [-2.25315742 -0.57490872 -0.97788102  5.35657803 -0.28222701  1.03845188]\n [ 0.14781188  0.01551234  1.20395468 -0.28222701  4.1225425  -0.50244651]\n [-0.14479119 -0.65072605 -1.80159872  1.03845188 -0.50244651  4.93841436]]", "nfev": "259", "njev": "37", "status": "0", "success": "True", "message": "Optimization terminated successfully.", "x": "[ 5.57830819  3.29265337  3.52358237  1.65131328  0.11317285 -1.22990271]", "nit": "28", "callback": [0.926988070054823, 0.9142091167127069, 0.9069807519453472, 0.8984913389095485, 0.8877921062686382, 0.8774614548020879, 0.8678010827750208, 0.6821315915801351, 0.6720293565310456, 0.5812343221281628, 0.5018706324298807, 0.47906754371011073, 0.4438142486190425, 0.4198928591806217, 0.4176660610422517, 0.4155138015876253, 0.4125661666848973, 0.4081376369873648, 0.4041314743806276, 0.400422870711866, 0.39672673442751716, 0.39590399189894787, 0.3951490502243936, 0.39507943386316524, 0.39507646070421454, 0.39507636956999936, 0.39507636732410256, 0.3950763671470571]}, "5": {"maxiter": 100, "gtol": 1e-10, "xrtol": 1e-05, "eps": 1e-10, "duration": 0.33338046073913574, "fun": "0.3950763671687634", "jac": "[-1.11022293e-06  0.00000000e+00 -3.33066880e-06 -2.22044587e-06\n  3.33066926e-06  0.00000000e+00]", "hess_inv": "[[ 5.47355385  0.19571175  0.80122384 -2.257912   -0.02040534 -0.31253485]\n [ 0.19571175  7.90027413 -5.79594027 -0.11397489  0.53371314 -0.07282674]\n [ 0.80122384 -5.79594027  9.98631591 -1.38128967  0.54061824 -2.50993848]\n [-2.257912   -0.11397489 -1.38128967  5.15663314 -0.39690138  0.87139452]\n [-0.02040534  0.53371314  0.54061824 -0.39690138  4.19525992 -0.47094488]\n [-0.31253485 -0.07282674 -2.50993848  0.87139452 -0.47094488  4.89402509]]", "nfev": "259", "njev": "37", "status": "0", "success": "True", "message": "Optimization terminated successfully.", "x": "[ 5.57830865  3.29266715  3.52356809  1.65130893  0.11318096 -1.22990193]", "nit": "28", "callback": [0.9269881178648598, 0.9142093540611405, 0.9069815942442724, 0.8984930698994893, 0.887793774986721, 0.8774626975792281, 0.8678053345446661, 0.6822356073316793, 0.672125108323929, 0.5812533092077137, 0.5019316781326528, 0.47909839669544885, 0.4438192662788275, 0.4198642637215054, 0.41764825989350485, 0.41550693181338816, 0.41254064082528685, 0.4080902434455169, 0.4040936287508725, 0.40038022232457104, 0.39672771923872696, 0.39590027900439806, 0.3951486213731522, 0.39507951771720096, 0.3950764681620559, 0.395076368958185, 0.3950763673132188, 0.3950763671687634]}, "6": {"maxiter": 100, "gtol": 1e-10, "xrtol": 1e-10, "eps": 1e-05, "duration": 0.6845426559448242, "fun": "0.3950763671470571", "jac": "[ 3.62043728e-08  1.40198964e-07  1.75459647e-07  1.63580260e-07\n  7.85704835e-08 -4.28990177e-08]", "hess_inv": "[[ 5.3097973   0.43352401  0.4279308  -2.23716266  0.16965253 -0.15696408]\n [ 0.43352401  8.20916171 -5.74030822 -0.5975138  -0.01995228 -0.6381341 ]\n [ 0.4279308  -5.74030822  9.41946921 -0.94241441  1.18430241 -1.89688069]\n [-2.23716266 -0.5975138  -0.94241441  5.36694827 -0.30440807  0.99410681]\n [ 0.16965253 -0.01995228  1.18430241 -0.30440807  4.05701866 -0.52090929]\n [-0.15696408 -0.6381341  -1.89688069  0.99410681 -0.52090929  5.01438211]]", "nfev": "488", "njev": "68", "status": "2", "success": "False", "message": "Desired error not necessarily achieved due to precision loss.", "x": "[ 5.57830819  3.29265337  3.52358237  1.65131328  0.11317285 -1.22990271]", "nit": "28", "callback": [0.926988070054823, 0.9142091167127069, 0.9069807519453472, 0.8984913389095485, 0.8877921062686382, 0.8774614548020879, 0.8678010827750208, 0.6821315915801351, 0.6720293565310456, 0.5812343221281628, 0.5018706324298807, 0.47906754371011073, 0.4438142486190425, 0.4198928591806217, 0.4176660610422517, 0.4155138015876253, 0.4125661666848973, 0.4081376369873648, 0.4041314743806276, 0.400422870711866, 0.39672673442751716, 0.39590399189894787, 0.3951490502243936, 0.39507943386316524, 0.39507646070421454, 0.39507636956999936, 0.39507636732410256, 0.3950763671470571]}, "7": {"maxiter": 100, "gtol": 1e-10, "xrtol": 1e-10, "eps": 1e-10, "duration": 0.3926727771759033, "fun": "0.3950763671424632", "jac": "[ 0.00000000e+00  1.11022293e-06  1.11022293e-06 -1.11022293e-06\n -1.11022309e-06 -1.11022293e-06]", "hess_inv": "[[ 0.40667384 -0.22122387  0.15916293  0.21538022  0.10585909 -0.09256426]\n [-0.22122387  0.29208228 -0.300567   -0.03360682 -0.05251177 -0.15450447]\n [ 0.15916293 -0.300567    0.47757632 -0.17957183 -0.00499769  0.31218684]\n [ 0.21538022 -0.03360682 -0.17957183  0.36380524  0.09201866 -0.25160336]\n [ 0.10585909 -0.05251177 -0.00499769  0.09201866  0.04545621 -0.05901186]\n [-0.09256426 -0.15450447  0.31218684 -0.25160336 -0.05901186  0.3289162 ]]", "nfev": "462", "njev": "66", "status": "0", "success": "True", "message": "Optimization terminated successfully.", "x": "[ 5.57831128  3.2926527   3.52358876  1.65131437  0.11317238 -1.22990238]", "nit": "38", "callback": [0.9269881178648598, 0.9142093540611405, 0.9069815942442724, 0.8984930698994893, 0.887793774986721, 0.8774626975792281, 0.8678053345446661, 0.6822356073316793, 0.672125108323929, 0.5812533092077137, 0.5019316781326528, 0.47909839669544885, 0.4438192662788275, 0.4198642637215054, 0.41764825989350485, 0.41550693181338816, 0.41254064082528685, 0.4080902434455169, 0.4040936287508725, 0.40038022232457104, 0.39672771923872696, 0.39590027900439806, 0.3951486213731522, 0.39507951771720096, 0.3950764681620559, 0.395076368958185, 0.3950763673132188, 0.3950763671687634, 0.395076367144355, 0.3950763671443397, 0.39507636714433336, 0.3950763671443315, 0.39507636714424366, 0.3950763671441355, 0.3950763671433285, 0.3950763671425114, 0.3950763671424632, 0.3950763671424632]}, "8": {"maxiter": 500, "gtol": 1e-05, "xrtol": 1e-05, "eps": 1e-05, "duration": 0.19611072540283203, "fun": "0.39507636732410256", "jac": "[ 3.00599545e-06 -2.24308350e-06 -1.50768287e-07  2.45730103e-06\n -4.58252325e-06 -5.87834226e-06]", "hess_inv": "[[ 5.22224583  0.53736417  0.2581216  -2.25698559  0.31159969  0.07543761]\n [ 0.53736417  8.24557412 -5.54055165 -0.75249487 -0.24805138 -0.94765301]\n [ 0.2581216  -5.54055165  9.10133246 -0.97220337  1.46630403 -1.45253725]\n [-2.25698559 -0.75249487 -0.97220337  5.56626734 -0.20174381