{"date": "2024/10/30/, 09:47:29", "conf_id": 309, "data_type": "var_s_rank\n", "num_data_points": 4, "s_rank": 0, "unitary": "[[-0.24866696+0.58742286j,-0.44704345-0.43151574j,-0.35669027-0.20570733j,-0.10517633+0.1626036j],[0.10596805-0.19687975j,-0.30269685-0.15056416j,0.18246286+0.30440582j,-0.83484447-0.11310748j],[0.26054512-0.52548482j,0.0285017-0.50723956j,-0.43110112+0.17165838j,0.15243271+0.39915801j],[0.42978035+0.11991271j,-0.17224126-0.46030424j,0.6827807-0.15164662j,0.26483638+0.0061855j]]", "databatch_0": {"databatch": "[[[-0.125455-9.75975731e-02j,-0.15932117-1.29862683e-01j,0.01958127-5.10295432e-02j,-0.16987757-1.44317493e-01j],[-0.25159068+1.87957812e-02j,-0.04999587+1.70956465e-01j,0.0301015+1.10321664e-01j,0.13419446+7.67606057e-01j],[-0.13223705-7.20095339e-02j,-0.12304422-2.21234970e-02j,0.03938295-1.53207717e-02j,-0.24370245-3.13316780e-02j],[0.10126917-8.69343041e-03j,0.07122632+4.51046833e-02j,-0.07010624+3.20328787e-02j,-0.0797122+1.84229467e-01j]],[[0.09204625-4.84558353e-02j,0.66033039+9.99481103e-02j,0.21945259-5.02069109e-02j,-0.11657255+3.37610291e-02j],[-0.01967961-2.36419619e-02j,-0.01172445-1.97146156e-01j,-0.0280261-6.03855749e-02j,0.01693848+3.16402690e-02j],[0.08206746+4.19992297e-02j,0.26435504+5.29575094e-01j,0.14831913+1.33448285e-01j,-0.08392632-6.72704801e-02j],[0.02127256-7.17231094e-04j,0.11270196+7.72830066e-02j,0.04489318+1.03199091e-02j,-0.02447939-4.17590105e-03j]],[[-0.08739678+1.09356647e-01j,-0.06567042-1.45674380e-02j,-0.10835562+1.76529511e-01j,-0.13449761-7.94236606e-02j],[0.08555409+9.16541575e-02j,0.05646716+1.74573807e-01j,-0.13567796+1.68071314e-01j,-0.23944002-4.36249832e-01j],[0.36208188+5.44081367e-02j,-0.02020384-6.72496939e-02j,0.31702024-1.85333263e-01j,0.0357534-1.06901005e-01j],[-0.06911252-6.63365226e-02j,0.40693393-3.80204811e-02j,0.11541646-9.74640347e-02j,0.28112416+1.64573455e-02j]],[[0.14709816-5.61666773e-02j,-0.11265686+2.10107518e-01j,-0.33358049-4.29112569e-02j,-0.49923772+2.58880385e-02j],[-0.07688939-3.27429645e-02j,0.12045311-3.87555399e-02j,0.11162295+1.39303745e-01j,0.20025686+1.74059073e-01j],[0.04117311-1.15222033e-01j,0.0671103+1.72678542e-01j,-0.19389705+1.75246783e-01j,-0.23699067+3.07808727e-01j],[0.01244081-9.40961253e-02j,0.07904779+1.20017361e-01j,-0.11847987+1.64517083e-01j,-0.12955026+2.72076790e-01j]]]", "initial param values": "[3.72299766,3.90701198,1.78368661,0.28461202,1.15767073,0.21376244]", "nelder_mead": {"type": "gradient-free", "0": {"maxiter": 100, "fatol": 1e-05, "xatol": 1e-05, "duration": 0.12013816833496094, "fun": "0.559046786511343", "nit": "100", "nfev": "149", "status": "2", "success": "False", "message": "Maximum number of iterations has been exceeded.", "x": "[4.08579172 2.67111256 1.16276081 0.94680767 3.34772762 0.14086116]", "final_simplex": "(array([[ 4.08579172e+00,  2.67111256e+00,  1.16276081e+00,\n         9.46807670e-01,  3.34772762e+00,  1.40861155e-01],\n       [ 4.39681645e+00,  2.79099613e+00,  1.02865940e+00,\n         8.58067230e-01,  3.22797754e+00,  9.99001719e-02],\n       [ 4.59597698e+00,  3.17619689e+00,  1.11400534e+00,\n         9.23426750e-01,  3.08016743e+00,  2.15349394e-01],\n       [ 4.26319355e+00,  2.93940925e+00,  1.06596971e+00,\n         6.81637686e-01,  3.27282261e+00,  1.48192615e-02],\n       [ 4.36321783e+00,  2.93089446e+00,  1.11244980e+00,\n         6.67516018e-01,  3.21241213e+00, -3.41789710e-03],\n       [ 3.92744865e+00,  2.40159426e+00,  9.85147448e-01,\n         6.57286122e-01,  4.25856394e+00, -2.01498227e-01],\n       [ 4.41727415e+00,  3.06652543e+00,  1.38651868e+00,\n         4.91560152e-01,  3.18024075e+00, -1.41458296e-02]]), array([0.55904679, 0.5683913 , 0.57953754, 0.59103891, 0.59154179,\n       0.59293859, 0.61943918]))", "callback": [0.8190368168433244, 0.7524949123445479, 0.7083986802383497, 0.698122247819128, 0.694152187370502, 0.6926593606663829, 0.6876368735309049, 0.6837488882032405, 0.666514074215338, 0.6194391844846883]}, "1": {"maxiter": 100, "fatol": 1e-05, "xatol": 1e-10, "duration": 0.11699128150939941, "fun": "0.559046786511343", "nit": "100", "nfev": "149", "status": "2", "success": "False", "message": "Maximum number of iterations has been exceeded.", "x": "[4.08579172 2.67111256 1.16276081 0.94680767 3.34772762 0.14086116]", "final_simplex": "(array([[ 4.08579172e+00,  2.67111256e+00,  1.16276081e+00,\n         9.46807670e-01,  3.34772762e+00,  1.40861155e-01],\n       [ 4.39681645e+00,  2.79099613e+00,  1.02865940e+00,\n         8.58067230e-01,  3.22797754e+00,  9.99001719e-02],\n       [ 4.59597698e+00,  3.17619689e+00,  1.11400534e+00,\n         9.23426750e-01,  3.08016743e+00,  2.15349394e-01],\n       [ 4.26319355e+00,  2.93940925e+00,  1.06596971e+00,\n         6.81637686e-01,  3.27282261e+00,  1.48192615e-02],\n       [ 4.36321783e+00,  2.93089446e+00,  1.11244980e+00,\n         6.67516018e-01,  3.21241213e+00, -3.41789710e-03],\n       [ 3.92744865e+00,  2.40159426e+00,  9.85147448e-01,\n         6.57286122e-01,  4.25856394e+00, -2.01498227e-01],\n       [ 4.41727415e+00,  3.06652543e+00,  1.38651868e+00,\n         4.91560152e-01,  3.18024075e+00, -1.41458296e-02]]), array([0.55904679, 0.5683913 , 0.57953754, 0.59103891, 0.59154179,\n       0.59293859, 0.61943918]))", "callback": [0.8190368168433244, 0.7524949123445479, 0.7083986802383497, 0.698122247819128, 0.694152187370502, 0.6926593606663829, 0.6876368735309049, 0.6837488882032405, 0.666514074215338, 0.6194391844846883]}, "2": {"maxiter": 100, "fatol": 1e-10, "xatol": 1e-05, "duration": 0.11797165870666504, "fun": "0.559046786511343", "nit": "100", "nfev": "149", "status": "2", "success": "False", "message": "Maximum number of iterations has been exceeded.", "x": "[4.08579172 2.67111256 1.16276081 0.94680767 3.34772762 0.14086116]", "final_simplex": "(array([[ 4.08579172e+00,  2.67111256e+00,  1.16276081e+00,\n         9.46807670e-01,  3.34772762e+00,  1.40861155e-01],\n       [ 4.39681645e+00,  2.79099613e+00,  1.02865940e+00,\n         8.58067230e-01,  3.22797754e+00,  9.99001719e-02],\n       [ 4.59597698e+00,  3.17619689e+00,  1.11400534e+00,\n         9.23426750e-01,  3.08016743e+00,  2.15349394e-01],\n       [ 4.26319355e+00,  2.93940925e+00,  1.06596971e+00,\n         6.81637686e-01,  3.27282261e+00,  1.48192615e-02],\n       [ 4.36321783e+00,  2.93089446e+00,  1.11244980e+00,\n         6.67516018e-01,  3.21241213e+00, -3.41789710e-03],\n       [ 3.92744865e+00,  2.40159426e+00,  9.85147448e-01,\n         6.57286122e-01,  4.25856394e+00, -2.01498227e-01],\n       [ 4.41727415e+00,  3.06652543e+00,  1.38651868e+00,\n         4.91560152e-01,  3.18024075e+00, -1.41458296e-02]]), array([0.55904679, 0.5683913 , 0.57953754, 0.59103891, 0.59154179,\n       0.59293859, 0.61943918]))", "callback": [0.8190368168433244, 0.7524949123445479, 0.7083986802383497, 0.698122247819128, 0.694152187370502, 0.6926593606663829, 0.6876368735309049, 0.6837488882032405, 0.666514074215338, 0.6194391844846883]}, "3": {"maxiter": 100, "fatol": 1e-10, "xatol": 1e-10, "duration": 0.22318577766418457, "fun": "0.559046786511343", "nit": "100", "nfev": "149", "status": "2", "success": "False", "message": "Maximum number of iterations has been exceeded.", "x": "[4.08579172 2.67111256 1.16276081 0.94680767 3.34772762 0.14086116]", "final_simplex": "(array([[ 4.08579172e+00,  2.67111256e+00,  1.16276081e+00,\n         9.46807670e-01,  3.34772762e+00,  1.40861155e-01],\n       [ 4.39681645e+00,  2.79099613e+00,  1.02865940e+00,\n         8.58067230e-01,  3.22797754e+00,  9.99001719e-02],\n       [ 4.59597698e+00,  3.17619689e+00,  1.11400534e+00,\n         9.23426750e-01,  3.08016743e+00,  2.15349394e-01],\n       [ 4.26319355e+00,  2.93940925e+00,  1.06596971e+00,\n         6.81637686e-01,  3.27282261e+00,  1.48192615e-02],\n       [ 4.36321783e+00,  2.93089446e+00,  1.11244980e+00,\n         6.67516018e-01,  3.21241213e+00, -3.41789710e-03],\n       [ 3.92744865e+00,  2.40159426e+00,  9.85147448e-01,\n         6.57286122e-01,  4.25856394e+00, -2.01498227e-01],\n       [ 4.41727415e+00,  3.06652543e+00,  1.38651868e+00,\n         4.91560152e-01,  3.18024075e+00, -1.41458296e-02]]), array([0.55904679, 0.5683913 , 0.57953754, 0.59103891, 0.59154179,\n       0.59293859, 0.61943918]))", "callback": [0.8190368168433244, 0.7524949123445479, 0.7083986802383497, 0.698122247819128, 0.694152187370502, 0.6926593606663829, 0.6876368735309049, 0.6837488882032405, 0.666514074215338, 0.6194391844846883]}, "4": {"maxiter": 500, "fatol": 1e-05, "xatol": 1e-05, "duration": 1.2142271995544434, "fun": "0.33823202935138574", "nit": "500", "nfev": "762", "status": "2", "success": "False", "message": "Maximum number of iterations has been exceeded.", "x": "[ 5.1389017   3.22558331  0.92306309  1.89213295  3.38819686 -1.23415526]", "final_simplex": "(array([[ 5.1389017 ,  3.22558331,  0.92306309,  1.89213295,  3.38819686,\n        -1.23415526],\n       [ 5.13890615,  3.22558673,  0.92304852,  1.89213371,  3.38819382,\n        -1.23415781],\n       [ 5.13891096,  3.22557849,  0.92305947,  1.89213003,  3.38819131,\n        -1.23415843],\n       [ 5.13890573,  3.22557655,  0.92305759,  1.89213478,  3.38819357,\n        -1.23414883],\n       [ 5.13889391,  3.22558157,  0.92304583,  1.89213049,  3.38819008,\n        -1.2341637 ],\n       [ 5.13891573,  3.22558604,  0.92305343,  1.89213725,  3.38817937,\n        -1.23416076],\n       [ 5.13891524,  3.22559941,  0.92306825,  1.89212323,  3.38817287,\n        -1.2341648 ]]), array([0.33823203, 0.33823203, 0.33823203, 0.33823203, 0.33823203,\n       0.33823203, 0.33823203]))", "callback": [0.8190368168433244, 0.7524949123445479, 0.7083986802383497, 0.698122247819128, 0.694152187370502, 0.6926593606663829, 0.6876368735309049, 0.6837488882032405, 0.666514074215338, 0.6194391844846883, 0.5222144716227216, 0.512074187871985, 0.49204222058036806, 0.4751551203513381, 0.46733330418870145, 0.46360231367057614, 0.46208470361102905, 0.4610408780879097, 0.4608037886650007, 0.4603772836538672, 0.45977056454447485, 0.45775387272599144, 0.4558230209196218, 0.45262263138071757, 0.4385597929560986, 0.4155203774807691, 0.40119115596018873, 0.3904364196163992, 0.38381488247716244, 0.38323701408141453, 0.3803526949948496, 0.3771041319835504, 0.3647345723796833, 0.34708842695045994, 0.34206762089213316, 0.34206762089213316, 0.3400480934632216, 0.3386485435854987, 0.3383886784307044, 0.3382794305014303, 0.3382352349284222, 0.3382352349284222, 0.3382325227459104, 0.33823209368270546, 0.33823206452311494, 0.33823203742123487, 0.33823203208964236, 0.33823203004369107, 0.3382320295161467, 0.3382320293636629]}, "5": {"maxiter": 500, "fatol": 1e-05, "xatol": 1e-10, "duration": 1.19993257522583, "fun": "0.33823202935138574", "nit": "500", "nfev": "762", "status": "2", "success": "False", "message": "Maximum number of iterations has been exceeded.", "x": "[ 5.1389017   3.22558331  0.92306309  1.89213295  3.38819686 -1.23415526]", "final_simplex": "(array([[ 5.1389017 ,  3.22558331,  0.92306309,  1.89213295,  3.38819686,\n        -1.23415526],\n       [ 5.13890615,  3.22558673,  0.92304852,  1.89213371,  3.38819382,\n        -1.23415781],\n       [ 5.13891096,  3.22557849,  0.92305947,  1.89213003,  3.38819131,\n        -1.23415843],\n       [ 5.13890573,  3.22557655,  0.92305759,  1.89213478,  3.38819357,\n        -1.23414883],\n       [ 5.13889391,  3.22558157,  0.92304583,  1.89213049,  3.38819008,\n        -1.2341637 ],\n       [ 5.13891573,  3.22558604,  0.92305343,  1.89213725,  3.38817937,\n        -1.23416076],\n       [ 5.13891524,  3.22559941,  0.92306825,  1.89212323,  3.38817287,\n        -1.2341648 ]]), array([0.33823203, 0.33823203, 0.33823203, 0.33823203, 0.33823203,\n       0.33823203, 0.33823203]))", "callback": [0.8190368168433244, 0.7524949123445479, 0.7083986802383497, 0.698122247819128, 0.694152187370502, 0.6926593606663829, 0.6876368735309049, 0.6837488882032405, 0.666514074215338, 0.6194391844846883, 0.5222144716227216, 0.512074187871985, 0.49204222058036806, 0.4751551203513381, 0.46733330418870145, 0.46360231367057614, 0.46208470361102905, 0.4610408780879097, 0.4608037886650007, 0.4603772836538672, 0.45977056454447485, 0.45775387272599144, 0.4558230209196218, 0.45262263138071757, 0.4385597929560986, 0.4155203774807691, 0.40119115596018873, 0.3904364196163992, 0.38381488247716244, 0.38323701408141453, 0.3803526949948496, 0.3771041319835504, 0.3647345723796833, 0.34708842695045994, 0.34206762089213316, 0.34206762089213316, 0.3400480934632216, 0.3386485435854987, 0.3383886784307044, 0.3382794305014303, 0.3382352349284222, 0.3382352349284222, 0.3382325227459104, 0.33823209368270546, 0.33823206452311494, 0.33823203742123487, 0.33823203208964236, 0.33823203004369107, 0.3382320295161467, 0.3382320293636629]}, "6": {"maxiter": 500, "fatol": 1e-10, "xatol": 1e-05, "duration": 0.6576492786407471, "fun": "0.33823202935138574", "nit": "500", "nfev": "762", "status": "2", "success": "False", "message": "Maximum number of iterations has been exceeded.", "x": "[ 5.1389017   3.22558331  0.92306309  1.89213295  3.38819686 -1.23415526]", "final_simplex": "(array([[ 5.1389017 ,  3.22558331,  0.92306309,  1.89213295,  3.38819686,\n        -1.23415526],\n       [ 5.13890615,  3.22558673,  0.92304852,  1.89213371,  3.38819382,\n        -1.23415781],\n       [ 5.13891096,  3.22557849,  0.92305947,  1.89213003,  3.38819131,\n        -1.23415843],\n       [ 5.13890573,  3.22557655,  0.92305759,  1.89213478,  3.38819357,\n        -1.23414883],\n       [ 5.13889391,  3.22558157,  0.92304583,  1.89213049,  3.38819008,\n        -1.2341637 ],\n       [ 5.13891573,  3.22558604,  0.92305343,  1.89213725,  3.38817937,\n        -1.23416076],\n       [ 5.13891524,  3.22559941,  0.92306825,  1.89212323,  3.38817287,\n        -1.2341648 ]]), array([0.33823203, 0.33823203, 0.33823203, 0.33823203, 0.33823203,\n       0.33823203, 0.33823203]))", "callback": [0.8190368168433244, 0.7524949123445479, 0.7083986802383497, 0.698122247819128, 0.694152187370502, 0.6926593606663829, 0.6876368735309049, 0.6837488882032405, 0.666514074215338, 0.6194391844846883, 0.5222144716227216, 0.512074187871985, 0.49204222058036806, 0.4751551203513381, 0.46733330418870145, 0.46360231367057614, 0.46208470361102905, 0.4610408780879097, 0.4608037886650007, 0.4603772836538672, 0.45977056454447485, 0.45775387272599144, 0.4558230209196218, 0.45262263138071757, 0.4385597929560986, 0.4155203774807691, 0.40119115596018873, 0.3904364196163992, 0.38381488247716244, 0.38323701408141453, 0.3803526949948496, 0.3771041319835504, 0.3647345723796833, 0.34708842695045994, 0.34206762089213316, 0.34206762089213316, 0.3400480934632216, 0.3386485435854987, 0.3383886784307044, 0.3382794305014303, 0.3382352349284222, 0.3382352349284222, 0.3382325227459104, 0.33823209368270546, 0.33823206452311494, 0.33823203742123487, 0.33823203208964236, 0.33823203004369107, 0.3382320295161467, 0.3382320293636629]}, "7": {"maxiter": 500, "fatol": 1e-10, "xatol": 1e-10, "duration": 0.6569972038269043, "fun": "0.33823202935138574", "nit": "500", "nfev": "762", "status": "2", "success": "False", "message": "Maximum number of iterations has been exceeded.", "x": "[ 5.1389017   3.22558331  0.92306309  1.89213295  3.38819686 -1.23415526]", "final_simplex": "(array([[ 5.1389017 ,  3.22558331,  0.92306309,  1.89213295,  3.38819686,\n        -1.23415526],\n       [ 5.13890615,  3.22558673,  0.92304852,  1.89213371,  3.38819382,\n        -1.23415781],\n       [ 5.13891096,  3.22557849,  0.92305947,  1.89213003,  3.38819131,\n        -1.23415843],\n       [ 5.13890573,  3.22557655,  0.92305759,  1.89213478,  3.38819357,\n        -1.23414883],\n       [ 5.13889391,  3.22558157,  0.92304583,  1.89213049,  3.38819008,\n        -1.2341637 ],\n       [ 5.13891573,  3.22558604,  0.92305343,  1.89213725,  3.38817937,\n        -1.23416076],\n       [ 5.13891524,  3.22559941,  0.92306825,  1.89212323,  3.38817287,\n        -1.2341648 ]]), array([0.33823203, 0.33823203, 0.33823203, 0.33823203, 0.33823203,\n       0.33823203, 0.33823203]))", "callback": [0.8190368168433244, 0.7524949123445479, 0.7083986802383497, 0.698122247819128, 0.694152187370502, 0.6926593606663829, 0.6876368735309049, 0.6837488882032405, 0.666514074215338, 0.6194391844846883, 0.5222144716227216, 0.512074187871985, 0.49204222058036806, 0.4751551203513381, 0.46733330418870145, 0.46360231367057614, 0.46208470361102905, 0.4610408780879097, 0.4608037886650007, 0.4603772836538672, 0.45977056454447485, 0.45775387272599144, 0.4558230209196218, 0.45262263138071757, 0.4385597929560986, 0.4155203774807691, 0.40119115596018873, 0.3904364196163992, 0.38381488247716244, 0.38323701408141453, 0.3803526949948496, 0.3771041319835504, 0.3647345723796833, 0.34708842695045994, 0.34206762089213316, 0.34206762089213316, 0.3400480934632216, 0.3386485435854987, 0.3383886784307044, 0.3382794305014303, 0.3382352349284222, 0.3382352349284222, 0.3382325227459104, 0.33823209368270546, 0.33823206452311494, 0.33823203742123487, 0.33823203208964236, 0.33823203004369107, 0.3382320295161467, 0.3382320293636629]}, "8": {"maxiter": 1000, "fatol": 1e-05, "xatol": 1e-05, "duration": 1.1847100257873535, "fun": "0.33823202934274177", "nit": "506", "nfev": "772", "status": "0", "success": "True", "message": "Optimization terminated successfully.", "x": "[ 5.13890725  3.22558219  0.92305801  1.89213012  3.38819168 -1.23415895]", "final_simplex": "(array([[ 5.13890725,  3.22558219,  0.92305801,  1.89213012,  3.38819168,\n        -1.23415895],\n       [ 5.13889982,  3.22558138,  0.92305779,  1.89212894,  3.38819733,\n        -1.23415559],\n       [ 5.13889937,  3.22558209,  0.92305197,  1.89213073,  3.38819175,\n        -1.23415983],\n       [ 5.13890376,  3.22559103,  0.92305651,  1.89212675,  3.38819074,\n        -1.23416719],\n       [ 5.13891047,  3.22559076,  0.92306145,  1.89212822,  3.38818185,\n        -1.23416113],\n       [ 5.1389017 ,  3.22558331,  0.92306309,  1.89213295,  3.38819686,\n        -1.23415526],\n       [ 5.13890615,  3.22558673,  0.92304852,  1.89213371,  3.38819382,\n        -1.23415781]]), array([0.33823203, 0.33823203, 0.33823203, 0.33823203, 0.33823203,\n       0.33823203, 0.33823203]))", "callback": [0.8190368168433244, 0.7524949123445479, 0.7083986802383497, 0.698122247819128, 0.694152187370502, 0.6926593606663829, 0.6876368735309049, 0.6837488882032405, 0.666514074215338, 0.6194391844846883, 0.5222144716227216, 0.512074187871985, 0.49204222058036806, 0.4751551203513381, 0.46733330418870145, 0.46360231367057614, 0.46208470361102905, 0.4610408780879097, 0.4608037886650007, 0.4603772836538672, 0.45977056454447485, 0.45775387272599144, 0.4558230209196218, 0.45262263138071757, 0.4385597929560986, 0.4155203774807691, 0.40119115596018873, 0.3904364196163992, 0.38381488247716244, 0.38323701408141453, 0.3803526949948496, 0.3771041319835504, 0.3647345723796833, 0.34708842695045994, 0.34206762089213316, 0.34206762089213316, 0.3400480934632216, 0.3386485435854987, 0.3383886784307044, 0.3382794305014303, 0.3382352349284222, 0.3382352349284222, 0.3382325227459104, 0.33823209368270546, 0.33823206452311494, 0.33823203742123487, 0.33823203208964236, 0.33823203004369107, 0.3382320295161467, 0.3382320293636629, 0.33823202934841845]}, "9": {"maxiter": 1000, "fatol": 1e-05, "xatol": 1e-10, "duration": 1.5588579177856445, "fun": "0.33823202933995655", "nit": "603", "nfev": "994", "status": "0", "success": "True", "message": "Optimization terminated successfully.", "x": "[ 5.13890327  3.225584    0.9230578   1.8921292   3.38819065 -1.23415888]", "final_simplex": "(array([[ 5.13890327,  3.225584  ,  0.9230578 ,  1.8921292 ,  3.38819065,\n        -1.23415888],\n       [ 5.13890327,  3.225584  ,  0.9230578 ,  1.8921292 ,  3.38819065,\n        -1.23415888],\n       [ 5.13890327,  3.225584  ,  0.9230578 ,  1.89212919,  3.38819065,\n        -1.23415888],\n       [ 5.13890327,  3.225584  ,  0.9230578 ,  1.8921292 ,  3.38819065,\n        -1.23415888],\n       [ 5.13890327,  3.225584  ,  0.9230578 ,  1.8921292 ,  3.38819065,\n        -1.23415888],\n       [ 5.13890327,  3.225584  ,  0.9230578 ,  1.8921292 ,  3.38819065,\n        -1.23415888],\n       [ 5.13890327,  3.225584  ,  0.9230578 ,  1.89212919,  3.38819065,\n        -1.23415888]]), array([0.33823203, 0.33823203, 0.33823203, 0.33823203, 0.33823203,\n       0.33823203, 0.33823203]))", "callback": [0.8190368168433244, 0.7524949123445479, 0.7083986802383497, 0.698122247819128, 0.694152187370502, 0.6926593606663829, 0.6876368735309049, 0.6837488882032405, 0.666514074215338, 0.6194391844846883, 0.5222144716227216, 0.512074187871985, 0.49204222058036806, 0.4751551203513381, 0.46733330418870145, 0.46360231367057614, 0.46208470361102905, 0.4610408780879097, 0.4608037886650007, 0.4603772836538672, 0.45977056454447485, 0.45775387272599144, 0.4558230209196218, 0.45262263138071757, 0.4385597929560986, 0.4155203774807691, 0.40119115596018873, 0.3904364196163992, 0.38381488247716244, 0.38323701408141453, 0.3803526949948496, 0.3771041319835504, 0.3647345723796833, 0.34708842695045994, 0.34206762089213316, 0.34206762089213316, 0.3400480934632216, 0.3386485435854987, 0.3383886784307044, 0.3382794305014303, 0.3382352349284222, 0.3382352349284222, 0.3382325227459104, 0.33823209368270546, 0.33823206452311494, 0.33823203742123487, 0.33823203208964236, 0.33823203004369107, 0.3382320295161467, 0.3382320293636629, 0.33823202934841845, 0.33823202934081764, 0.3382320293402046, 0.3382320293400125, 0.3382320293399659, 0.33823202933995966, 0.33823202933995733, 0.33823202933995733, 0.33823202933995666, 0.33823202933995655, 0.33823202933995655]}, "10": {"maxiter": 1000, "fatol": 1e-10, "xatol": 1e-05, "duration": 1.2279536724090576, "fun": "0.33823202934274177", "nit": "506", "nfev": "772", "status": "0", "success": "True", "message": "Optimization terminated successfully.", "x": "[ 5.13890725  3.22558219  0.92305801  1.89213012  3.38819168 -1.23415895]", "final_simplex": "(array([[ 5.13890725,  3.22558219,  0.92305801,  1.89213012,  3.38819168,\n        -1.23415895],\n       [ 5.13889982,  3.22558138,  0.92305779,  1.89212894,  3.38819733,\n        -1.23415559],\n       [ 5.13889937,  3.22558209,  0.92305197,  1.89213073,  3.38819175,\n        -1.23415983],\n       [ 5.13890376,  3.22559103,  0.92305651,  1.89212675,  3.38819074,\n        -1.23416719],\n       [ 5.13891047,  3.22559076,  0.92306145,  1.89212822,  3.38818185,\n        -1.23416113],\n       [ 5.1389017 ,  3.22558331,  0.92306309,  1.89213295,  3.38819686,\n        -1.23415526],\n       [ 5.13890615,  3.22558673,  0.92304852,  1.89213371,  3.38819382,\n        -1.23415781]]), array([0.33823203, 0.33823203, 0.33823203, 0.33823203, 0.33823203,\n       0.33823203, 0.33823203]))", "callback": [0.8190368168433244, 0.7524949123445479, 0.7083986802383497, 0.698122247819128, 0.694152187370502, 0.6926593606663829, 0.6876368735309049, 0.6837488882032405, 0.666514074215338, 0.6194391844846883, 0.5222144716227216, 0.512074187871985, 0.49204222058036806, 0.4751551203513381, 0.46733330418870145, 0.46360231367057614, 0.46208470361102905, 0.4610408780879097, 0.4608037886650007, 0.4603772836538672, 0.45977056454447485, 0.45775387272599144, 0.4558230209196218, 0.45262263138071757, 0.4385597929560986, 0.4155203774807691, 0.40119115596018873, 0.3904364196163992, 0.38381488247716244, 0.38323701408141453, 0.3803526949948496, 0.3771041319835504, 0.3647345723796833, 0.34708842695045994, 0.34206762089213316, 0.34206762089213316, 0.3400480934632216, 0.3386485435854987, 0.3383886784307044, 0.3382794305014303, 0.3382352349284222, 0.3382352349284222, 0.3382325227459104, 0.33823209368270546, 0.33823206452311494, 0.33823203742123487, 0.33823203208964236, 0.33823203004369107, 0.3382320295161467, 0.3382320293636629, 0.33823202934841845]}, "11": {"maxiter": 1000, "fatol": 1e-10, "xatol": 1e-10, "duration": 1.5752191543579102, "fun": "0.33823202933995655", "nit": "603", "nfev": "994", "status": "0", "success": "True", "message": "Optimization terminated successfully.", "x": "[ 5.13890327  3.225584    0.9230578   1.8921292   3.38819065 -1.23415888]", "final_simplex": "(array([[ 5.13890327,  3.225584  ,  0.9230578 ,  1.8921292 ,  3.38819065,\n        -1.23415888],\n       [ 5.13890327,  3.225584  ,  0.9230578 ,  1.8921292 ,  3.38819065,\n        -1.23415888],\n       [ 5.13890327,  3.225584  ,  0.9230578 ,  1.89212919,  3.38819065,\n        -1.23415888],\n       [ 5.13890327,  3.225584  ,  0.9230578 ,  1.8921292 ,  3.38819065,\n        -1.23415888],\n       [ 5.13890327,  3.225584  ,  0.9230578 ,  1.8921292 ,  3.38819065,\n        -1.23415888],\n       [ 5.13890327,  3.225584  ,  0.9230578 ,  1.8921292 ,  3.38819065,\n        -1.23415888],\n       [ 5.13890327,  3.225584  ,  0.9230578 ,  1.89212919,  3.38819065,\n        -1.23415888]]), array([0.33823203, 0.33823203, 0.33823203, 0.33823203, 0.33823203,\n       0.33823203, 0.33823203]))", "callback": [0.8190368168433244, 0.7524949123445479, 0.7083986802383497, 0.698122247819128, 0.694152187370502, 0.6926593606663829, 0.6876368735309049, 0.6837488882032405, 0.666514074215338, 0.6194391844846883, 0.5222144716227216, 0.512074187871985, 0.49204222058036806, 0.4751551203513381, 0.46733330418870145, 0.46360231367057614, 0.46208470361102905, 0.4610408780879097, 0.4608037886650007, 0.4603772836538672, 0.45977056454447485, 0.45775387272599144, 0.4558230209196218, 0.45262263138071757, 0.4385597929560986, 0.4155203774807691, 0.40119115596018873, 0.3904364196163992, 0.38381488247716244, 0.38323701408141453, 0.3803526949948496, 0.3771041319835504, 0.3647345723796833, 0.34708842695045994, 0.34206762089213316, 0.34206762089213316, 0.3400480934632216, 0.3386485435854987, 0.3383886784307044, 0.3382794305014303, 0.3382352349284222, 0.3382352349284222, 0.3382325227459104, 0.33823209368270546, 0.33823206452311494, 0.33823203742123487, 0.33823203208964236, 0.33823203004369107, 0.3382320295161467, 0.3382320293636629, 0.33823202934841845, 0.33823202934081764, 0.3382320293402046, 0.3382320293400125, 0.3382320293399659, 0.33823202933995966, 0.33823202933995733, 0.33823202933995733, 0.33823202933995666, 0.33823202933995655, 0.33823202933995655]}}, "bfgs": {"type": "gradient", "0": {"maxiter": 100, "gtol": 1e-05, "xrtol": 1e-05, "eps": 1e-05, "duration": 0.3727881908416748, "fun": "0.33823202938477337", "jac": "[-1.11064491e-06  3.55193652e-06 -5.01021447e-07 -3.54749563e-07\n -2.19424479e-07  8.24784685e-07]", "hess_inv": "[[ 6.29334429  1.31696184  1.59650153 -0.51818203 -3.47912753 -2.31642498]\n [ 1.31696184  5.69689527 -1.10192019  1.26824754 -1.99070676 -2.92565602]\n [ 1.59650153 -1.10192019  6.59799544  1.05314159 -2.67491495  1.3803819 ]\n [-0.51818203  1.26824754  1.05314159  3.54281706 -0.93645215 -0.13699641]\n [-3.47912753 -1.99070676 -2.67491495 -0.93645215  7.68853014  2.60764996]\n [-2.31642498 -2.92565602  1.3803819  -0.13699641  2.60764996  7.79615872]]", "nfev": "224", "njev": "32", "status": "0", "success": "True", "message": "Optimization terminated successfully.", "x": "[ 5.13889631  3.22559725  0.92304093 -1.89213443  0.2465958   1.90742213]", "nit": "27", "callback": [0.736691163289036, 0.703762817021592, 0.7008195649390572, 0.6772322232293237, 0.6371271249495053, 0.6228491333725452, 0.5953910890501358, 0.5431649525420605, 0.46163787690273184, 0.4252566355812635, 0.40779517747381167, 0.3822062104363484, 0.36155645949218274, 0.3493738875502683, 0.3444469492285285, 0.34141646656932145, 0.33906214141684765, 0.3386213082858578, 0.3383985688791238, 0.3383222514187054, 0.3382948905259723, 0.3382744147532397, 0.33824955874901996, 0.3382354696005252, 0.3382322547550862, 0.33823203385678813, 0.33823202938477337]}, "1": {"maxiter": 100, "gtol": 1e-05, "xrtol": 1e-05, "eps": 1e-10, "duration": 0.34671711921691895, "fun": "0.33823202938581876", "jac": "[0.00000000e+00 4.44089173e-06 0.00000000e+00 1.11022293e-06\n 0.00000000e+00 0.00000000e+00]", "hess_inv": "[[ 6.29920323  1.31587253  1.58971184 -0.53170183 -3.51447907 -2.30846407]\n [ 1.31587253  5.69515577 -1.09700649  1.26806396 -1.98385792 -2.93143292]\n [ 1.58971184 -1.09700649  6.59287902  1.06056938 -2.67976739  1.39364726]\n [-0.53170183  1.26806396  1.06056938  3.55160342 -0.90039584 -0.14859604]\n [-3.51447907 -1.98385792 -2.67976739 -0.90039584  7.75419178  2.62765828]\n [-2.30846407 -2.93143292  1.39364726 -0.14859604  2.62765828  7.76670952]]", "nfev": "224", "njev": "32", "status": "0", "success": "True", "message": "Optimization terminated successfully.", "x": "[ 5.13890158  3.22560547  0.9230504  -1.89212163  0.24659705  1.90742525]", "nit": "27", "callback": [0.7366914327152241, 0.7037629952764681, 0.7008198627546138, 0.6772354516820484, 0.6371307368270569, 0.622854292597639, 0.595401356429812, 0.5431851372718938, 0.46166588278782084, 0.42526970427290656, 0.4078014593381315, 0.3821962334379354, 0.3615737283631998, 0.34937791027449205, 0.3444507932737182, 0.34141784310935686, 0.33906336320764485, 0.3386218798903514, 0.33839879175262266, 0.3383222778127253, 0.33829490821568464, 0.33827440945369425, 0.3382495526127792, 0.3382354594147188, 0.33823225430490644, 0.33823203427681847, 0.33823202938581876]}, "2": {"maxiter": 100, "gtol": 1e-05, "xrtol": 1e-10, "eps": 1e-05, "duration": 0.3767848014831543, "fun": "0.33823202938477337", "jac": "[-1.11064491e-06  3.55193652e-06 -5.01021447e-07 -3.54749563e-07\n -2.19424479e-07  8.24784685e-07]", "hess_inv": "[[ 6.29334429  1.31696184  1.59650153 -0.51818203 -3.47912753 -2.31642498]\n [ 1.31696184  5.69689527 -1.10192019  1.26824754 -1.99070676 -2.92565602]\n [ 1.59650153 -1.10192019  6.59799544  1.05314159 -2.67491495  1.3803819 ]\n [-0.51818203  1.26824754  1.05314159  3.54281706 -0.93645215 -0.13699641]\n [-3.47912753 -1.99070676 -2.67491495 -0.93645215  7.68853014  2.60764996]\n [-2.31642498 -2.92565602  1.3803819  -0.13699641  2.60764996  7.79615872]]", "nfev": "224", "njev": "32", "status": "0", "success": "True", "message": "Optimization terminated successfully.", "x": "[ 5.13889631  3.22559725  0.92304093 -1.89213443  0.2465958   1.90742213]", "nit": "27", "callback": [0.736691163289036, 0.703762817021592, 0.7008195649390572, 0.6772322232293237, 0.6371271249495053, 0.6228491333725452, 0.5953910890501358, 0.5431649525420605, 0.46163787690273184, 0.4252566355812635, 0.40779517747381167, 0.3822062104363484, 0.36155645949218274, 0.3493738875502683, 0.3444469492285285, 0.34141646656932145, 0.33906214141684765, 0.3386213082858578, 0.3383985688791238, 0.3383222514187054, 0.3382948905259723, 0.3382744147532397, 0.33824955874901996, 0.3382354696005252, 0.3382322547550862, 0.33823203385678813, 0.33823202938477337]}, "3": {"maxiter": 100, "gtol": 1e-05, "xrtol": 1e-10, "eps": 1e-10, "duration": 0.35851097106933594, "fun": "0.33823202938581876", "jac": "[0.00000000e+00 4.44089173e-06 0.00000000e+00 1.11022293e-06\n 0.00000000e+00 0.00000000e+00]", "hess_inv": "[[ 6.29920323  1.31587253  1.58971184 -0.53170183 -3.51447907 -2.30846407]\n [ 1.31587253  5.69515577 -1.09700649  1.26806396 -1.98385792 -2.93143292]\n [ 1.58971184 -1.09700649  6.59287902  1.06056938 -2.67976739  1.39364726]\n [-0.53170183  1.26806396  1.06056938  3.55160342 -0.90039584 -0.14859604]\n [-3.51447907 -1.98385792 -2.67976739 -0.90039584  7.75419178  2.62765828]\n [-2.30846407 -2.93143292  1.39364726 -0.14859604  2.62765828  7.76670952]]", "nfev": "224", "njev": "32", "status": "0", "success": "True", "message": "Optimization terminated successfully.", "x": "[ 5.13890158  3.22560547  0.9230504  -1.89212163  0.24659705  1.90742525]", "nit": "27", "callback": [0.7366914327152241, 0.7037629952764681, 0.7008198627546138, 0.6772354516820484, 0.6371307368270569, 0.622854292597639, 0.595401356429812, 0.5431851372718938, 0.46166588278782084, 0.42526970427290656, 0.4078014593381315, 0.3821962334379354, 0.3615737283631998, 0.34937791027449205, 0.3444507932737182, 0.34141784310935686, 0.33906336320764485, 0.3386218798903514, 0.33839879175262266, 0.3383222778127253, 0.33829490821568464, 0.33827440945369425, 0.3382495526127792, 0.3382354594147188, 0.33823225430490644, 0.33823203427681847, 0.33823202938581876]}, "4": {"maxiter": 100, "gtol": 1e-10, "xrtol": 1e-05, "eps": 1e-05, "duration": 0.3125271797180176, "fun": "0.3382320293634056", "jac": "[ 3.38484796e-07 -2.55873100e-07  3.81983334e-07 -3.02957659e-07\n  1.82520665e-07 -5.08226794e-07]", "hess_inv": "[[ 6.11038446  1.42485597  1.50447235 -0.45639272 -3.29314449 -2.28542637]\n [ 1.42485597  6.18201859 -1.25931787  1.30798004 -2.29774041 -3.06865766]\n [ 1.50447235 -1.25931787  6.63335124  1.05484057 -2.50523895  1.44408285]\n [-0.45639272  1.30798004  1.05484057  3.53252257 -1.02665703 -0.16477752]\n [-3.29314449 -2.29774041 -2.50523895 -1.02665703  7.57045283  2.62099486]\n [-2.28542637 -3.06865766  1.44408285 -0.16477752  2.62099486  7.81925365]]", "nfev": "231", "njev": "33", "status": "0", "success": "True", "message": "Optimization terminated successfully.", "x": "[ 5.13889979  3.22557873  0.92304903 -1.89213789  0.24659819  1.90742529]", "nit": "28", "callback": [0.736691163289036, 0.703762817021592, 0.7008195649390572, 0.6772322232293237, 0.6371271249495053, 0.6228491333725452, 0.5953910890501358, 0.5431649525420605, 0.46163787690273184, 0.4252566355812635, 0.40779517747381167, 0.3822062104363484, 0.36155645949218274, 0.3493738875502683, 0.3444469492285285, 0.34141646656932145, 0.33906214141684765, 0.3386213082858578, 0.3383985688791238, 0.3383222514187054, 0.3382948905259723, 0.3382744147532397, 0.33824955874901996, 0.3382354696005252, 0.3382322547550862, 0.33823203385678813, 0.33823202938477337, 0.3382320293634056]}, "5": {"maxiter": 100, "gtol": 1e-10, "xrtol": 1e-05, "eps": 1e-10, "duration": 0.18201494216918945, "fun": "0.3382320293526828", "jac": "[0.00000000e+00 0.00000000e+00 2.22044587e-06 0.00000000e+00\n 2.22044587e-06 0.00000000e+00]", "hess_inv": "[[ 6.35993488  1.70382016  1.53526155 -0.38203228 -3.633341   -2.49751803]\n [ 1.70382016  6.3879444  -1.18040169  1.34630142 -2.62028556 -3.31382809]\n [ 1.53526155 -1.18040169  6.60253399  1.0563937  -2.59139414  1.44092048]\n [-0.38203228  1.34630142  1.0563937   3.48884049 -1.13292096 -0.20874327]\n [-3.633341   -2.62028556 -2.59139414 -1.13292096  7.97837109  2.94088281]\n [-2.49751803 -3.31382809  1.44092048 -0.20874327  2.94088281  7.97375952]]", "nfev": "231", "njev": "33", "status": "0", "success": "True", "message": "Optimization terminated successfully.", "x": "[ 5.13889444  3.22557561  0.92305447 -1.89213148  0.24660994  1.9074402 ]", "nit": "28", "callback": [0.7366914327152241, 0.7037629952764681, 0.7008198627546138, 0.6772354516820484, 0.6371307368270569, 0.622854292597639, 0.595401356429812, 0.5431851372718938, 0.46166588278782084, 0.42526970427290656, 0.4078014593381315, 0.3821962334379354, 0.3615737283631998, 0.34937791027449205, 0.3444507932737182, 0.34141784310935686, 0.33906336320764485, 0.3386218798903514, 0.33839879175262266, 0.3383222778127253, 0.33829490821568464, 0.33827440945369425, 0.3382495526127792, 0.3382354594147188, 0.33823225430490644, 0.33823203427681847, 0.33823202938581876, 0.3382320293526828]}, "6": {"maxiter": 100, "gtol": 1e-10, "xrtol": 1e-10, "eps": 1e-05, "duration": 0.2673778533935547, "fun": "0.3382320293609361", "jac": "[0.00000000e+00 1.11022302e-11 3.33066907e-11 1.11022302e-11\n 1.11022302e-11 1.11022302e-11]", "hess_inv": "[[ 5.52752295e+00  1.66825089e+00  1.19227414e+00  2.95185420e-03\n  -3.02985449e+00 -1.72184110e+00]\n [ 1.66825089e+00  6.05812636e+00 -1.06639627e+00  1.16980739e+00\n  -2.30791502e+00 -3.35635050e+00]\n [ 1.19227414e+00 -1.06639627e+00  6.48537902e+00  1.50075822e+00\n  -2.43224494e+00  1.84438805e+00]\n [ 2.95185420e-03  1.16980739e+00  1.50075822e+00  3.92471914e+00\n  -1.30697924e+00 -2.88082046e-01]\n [-3.02985449e+00 -2.30791502e+00 -2.43224494e+00 -1.30697924e+00\n   7.41855193e+00  2.30785945e+00]\n [-1.72184110e+00 -3.35635050e+00  1.84438805e+00 -2.88082046e-01\n   2.30785945e+00  7.47909141e+00]]", "nfev": "259", "njev": "37", "status": "0", "success": "True", "message": "Optimization terminated successfully.", "x": "[ 5.1388976   3.22557923  0.92304772 -1.89213686  0.24659894  1.90742757]", "nit": "32", "callback": [0.736691163289036, 0.703762817021592, 0.7008195649390572, 0.6772322232293237, 0.6371271249495053, 0.6228491333725452, 0.5953910890501358, 0.5431649525420605, 0.46163787690273184, 0.4252566355812635, 0.40779517747381167, 0.3822062104363484, 0.36155645949218274, 0.3493738875502683, 0.3444469492285285, 0.34141646656932145, 0.33906214141684765, 0.3386213082858578, 0.3383985688791238, 0.3383222514187054, 0.3382948905259723, 0.3382744147532397, 0.33824955874901996, 0.3382354696005252, 0.3382322547550862, 0.33823203385678813, 0.33823202938477337, 0.3382320293634056, 0.3382320293611738, 0.33823202936096586, 0.33823202936094243, 0.3382320293609361]}, "7": {"maxiter": 100, "gtol": 1e-10, "xrtol": 1e-10, "eps": 1e-10, "duration": 0.357607364654541, "fun": "0.3382320293403708", "jac": "[-1.11022293e-06 -1.11022293e-06 -1.11022293e-06 -1.11022293e-06\n -1.11022293e-06 -1.11022293e-06]", "hess_inv": "[[ 0.42687529 -0.17098023 -0.31657057 -0.34829652 -0.19432824  0.24510677]\n [-0.17098023  0.18135655  0.05724428  0.08842606  0.15404141 -0.06568965]\n [-0.31657057  0.05724428  0.28675003  0.28875863  0.09470802 -0.19659807]\n [-0.34829652  0.08842606  0.28875863  0.31671043  0.12169653 -0.21957755]\n [-0.19432824  0.15404141  0.09470802  0.12169653  0.23159977 -0.08984395]\n [ 0.24510677 -0.06568965 -0.19659807 -0.21957755 -0.08984395  0.17686746]]", "nfev": "462", "njev": "66", "status": "0", "success": "True", "message": "Optimization terminated successfully.", "x": "[ 5.13890336  3.2255847   0.92305636 -1.89212954  0.24659676  1.90743231]", "nit": "42", "callback": [0.7366914327152241, 0.7037629952764681, 0.7008198627546138, 0.6772354516820484, 0.6371307368270569, 0.622854292597639, 0.595401356429812, 0.5431851372718938, 0.46166588278782084, 0.42526970427290656, 0.4078014593381315, 0.3821962334379354, 0.3615737283631998, 0.34937791027449205, 0.3444507932737182, 0.34141784310935686, 0.33906336320764485, 0.3386218798903514, 0.33839879175262266, 0.3383222778127253, 0.33829490821568464, 0.33827440945369425, 0.3382495526127792, 0.3382354594147188, 0.33823225430490644, 0.33823203427681847, 0.33823202938581876, 0.3382320293526828, 0.3382320293508534, 0.3382320293499158, 0.33823202934352725, 0.33823202934295027, 0.33823202934279206, 0.33823202934080154, 0.3382320293407608, 0.33823202934072405, 0.33823202934071106, 0.33823202934070373, 0.33823202934065555, 0.33823202934039165, 0.3382320293403708, 0.3382320293403708]}, "8": {"maxiter": 500, "gtol": 1e-05, "xrtol": 1e-05, "eps": 1e-05, "duration": 0.1745896339416504, "fun": "0.33823202938477337", "jac": "[-1.11064491e-06  3.55193652e-06 -5.01021447e-07 -3.54749563e-07\n -2.19424479e-07  8.24784685e-07]", "hess_inv": "[[ 6.29334429  1.31696184  1.59650153 -0.51818203 -3.47912753 -2.31642498]\n [ 1.31696184  5.69689527 -1.10192019  1.26824754 -1.99070676 -2.92565602]\n [ 1.59650153 -1.10192019  6.59799544  1.05314159 -2.67491495  1.3803819 ]\n [-0.51818203  1.26824754  1.05314159  3.54281706 -0.93645215 -0.13699641]\n [-3.47912753 -1.99070676 -2.67491495 -0.93645215  7.68853014  2.60764996]\n [-2.31642498 -2.92565602  1.3803819  -0.13699641  2.60764996  7.79615872]]", "nfev": "224", "njev": "32", "status": "0", "success": "True", "message": "Optimization terminated successfully.", "x": "[ 5.13889631  3.22559725  0.92304093 -1.89213443  0.2465958   1.90742213]", "nit": "27", "callback": [0.736691163289036, 0.703762817021592, 0.7008195649390572, 0.6772322232293237, 0.6371271249495053, 0.6228491333725452, 0.5953910890501358, 0.5431649525420605, 0.46163787690273184, 0.4252566355812635, 0.40779517747381167, 0.3822062104363484, 0.36155645949218274, 0.3493738875502683, 0.3444469492285285, 0.34141646656932145, 0.33906214141684765, 0.3386213082858578, 0.3383985688791238, 0.3383222514187054, 0.3382948905259723, 