{"date": "2024/10/28/, 11:54:44", "conf_id": 190, "data_type": "non_lin_ind\n", "num_data_points": 2, "s_rank": 0, "unitary": "[[-0.45070455-0.02711853j,0.78437395-0.06613086j,0.06358678+0.19963393j,-0.07343613+0.35668523j],[-0.01890143-0.03813363j,0.32408202+0.25557629j,0.05872864-0.68979805j,0.55466693-0.20227297j],[-0.11215405+0.64023111j,-0.13344055+0.29565494j,-0.49012687-0.19046288j,-0.04241254+0.44046348j],[0.55771659+0.24656916j,0.31851997-0.05798805j,0.28761525-0.34294258j,-0.56718418+0.03616933j]]", "databatch_0": {"databatch": "[[[-0.00844838+0.11062565j,-0.09956197-0.06273741j,-0.15787511+0.00571735j,-0.00999706-0.04697525j],[0.06799556-0.04639192j,0.03266157-0.18132485j,0.14928109-0.20927844j,-0.26873235+0.35646913j],[-0.15356759+0.15212536j,-0.01408071+0.05042718j,-0.18557234+0.05253686j,0.10556664-0.42529456j],[-0.05694838+0.00583767j,-0.25473147+0.09315314j,-0.28456543+0.07020069j,0.44246054-0.05730957j]],[[0.02578116-0.02508663j,-0.20534918-0.13686784j,-0.01839011-0.03456414j,-0.08838738-0.09989562j],[-0.13099396-0.3327536j,0.15951424+0.63523362j,0.13452168-0.08281629j,-0.50682207-0.11954086j],[-0.04393787-0.03636451j,0.04773599+0.11096399j,-0.15943258-0.11836964j,-0.27573106+0.25288054j],[0.02471725-0.02313185j,-0.46860445+0.03091954j,-0.01021902-0.17660784j,-0.40267732-0.14915679j]]]", "initial param values": "[3.72299766,3.90701198,1.78368661,0.28461202,1.15767073,0.21376244]", "nelder_mead": {"type": "gradient-free", "0": {"maxiter": 100, "fatol": 1e-05, "xatol": 1e-05, "duration": 0.12209463119506836, "fun": "0.15035358089957818", "nit": "100", "nfev": "150", "status": "2", "success": "False", "message": "Maximum number of iterations has been exceeded.", "x": "[ 4.69992541  5.28035173  3.52160866  0.08049605  2.3600348  -0.09768282]", "final_simplex": "(array([[ 4.69992541,  5.28035173,  3.52160866,  0.08049605,  2.3600348 ,\n        -0.09768282],\n       [ 4.60499205,  5.22939648,  3.68521834,  0.08291095,  2.31556703,\n        -0.09603202],\n       [ 4.72368804,  5.26400173,  3.68041219,  0.08078397,  2.30474531,\n        -0.09940193],\n       [ 4.65491944,  5.10406846,  3.56318512,  0.12285175,  2.22828642,\n        -0.08450215],\n       [ 4.61700609,  5.38524531,  3.57033338,  0.1016739 ,  2.15137613,\n        -0.08303154],\n       [ 4.55407553,  5.26281072,  3.64844642,  0.05317914,  2.35719329,\n        -0.09763437],\n       [ 4.53900777,  5.22191467,  3.47798793,  0.05673733,  2.35099974,\n        -0.07866725]]), array([0.15035358, 0.15115913, 0.15137973, 0.15446612, 0.15626386,\n       0.15633703, 0.15795563]))", "callback": [0.6658916789063433, 0.650596608215749, 0.5838081387415108, 0.33463198241895575, 0.24031192423354897, 0.2350297114922193, 0.21356804963867226, 0.1931385996733077, 0.18192678986700261, 0.16382897668646268]}, "1": {"maxiter": 100, "fatol": 1e-05, "xatol": 1e-10, "duration": 0.11778473854064941, "fun": "0.15035358089957818", "nit": "100", "nfev": "150", "status": "2", "success": "False", "message": "Maximum number of iterations has been exceeded.", "x": "[ 4.69992541  5.28035173  3.52160866  0.08049605  2.3600348  -0.09768282]", "final_simplex": "(array([[ 4.69992541,  5.28035173,  3.52160866,  0.08049605,  2.3600348 ,\n        -0.09768282],\n       [ 4.60499205,  5.22939648,  3.68521834,  0.08291095,  2.31556703,\n        -0.09603202],\n       [ 4.72368804,  5.26400173,  3.68041219,  0.08078397,  2.30474531,\n        -0.09940193],\n       [ 4.65491944,  5.10406846,  3.56318512,  0.12285175,  2.22828642,\n        -0.08450215],\n       [ 4.61700609,  5.38524531,  3.57033338,  0.1016739 ,  2.15137613,\n        -0.08303154],\n       [ 4.55407553,  5.26281072,  3.64844642,  0.05317914,  2.35719329,\n        -0.09763437],\n       [ 4.53900777,  5.22191467,  3.47798793,  0.05673733,  2.35099974,\n        -0.07866725]]), array([0.15035358, 0.15115913, 0.15137973, 0.15446612, 0.15626386,\n       0.15633703, 0.15795563]))", "callback": [0.6658916789063433, 0.650596608215749, 0.5838081387415108, 0.33463198241895575, 0.24031192423354897, 0.2350297114922193, 0.21356804963867226, 0.1931385996733077, 0.18192678986700261, 0.16382897668646268]}, "2": {"maxiter": 100, "fatol": 1e-10, "xatol": 1e-05, "duration": 0.14188575744628906, "fun": "0.15035358089957818", "nit": "100", "nfev": "150", "status": "2", "success": "False", "message": "Maximum number of iterations has been exceeded.", "x": "[ 4.69992541  5.28035173  3.52160866  0.08049605  2.3600348  -0.09768282]", "final_simplex": "(array([[ 4.69992541,  5.28035173,  3.52160866,  0.08049605,  2.3600348 ,\n        -0.09768282],\n       [ 4.60499205,  5.22939648,  3.68521834,  0.08291095,  2.31556703,\n        -0.09603202],\n       [ 4.72368804,  5.26400173,  3.68041219,  0.08078397,  2.30474531,\n        -0.09940193],\n       [ 4.65491944,  5.10406846,  3.56318512,  0.12285175,  2.22828642,\n        -0.08450215],\n       [ 4.61700609,  5.38524531,  3.57033338,  0.1016739 ,  2.15137613,\n        -0.08303154],\n       [ 4.55407553,  5.26281072,  3.64844642,  0.05317914,  2.35719329,\n        -0.09763437],\n       [ 4.53900777,  5.22191467,  3.47798793,  0.05673733,  2.35099974,\n        -0.07866725]]), array([0.15035358, 0.15115913, 0.15137973, 0.15446612, 0.15626386,\n       0.15633703, 0.15795563]))", "callback": [0.6658916789063433, 0.650596608215749, 0.5838081387415108, 0.33463198241895575, 0.24031192423354897, 0.2350297114922193, 0.21356804963867226, 0.1931385996733077, 0.18192678986700261, 0.16382897668646268]}, "3": {"maxiter": 100, "fatol": 1e-10, "xatol": 1e-10, "duration": 0.14808130264282227, "fun": "0.15035358089957818", "nit": "100", "nfev": "150", "status": "2", "success": "False", "message": "Maximum number of iterations has been exceeded.", "x": "[ 4.69992541  5.28035173  3.52160866  0.08049605  2.3600348  -0.09768282]", "final_simplex": "(array([[ 4.69992541,  5.28035173,  3.52160866,  0.08049605,  2.3600348 ,\n        -0.09768282],\n       [ 4.60499205,  5.22939648,  3.68521834,  0.08291095,  2.31556703,\n        -0.09603202],\n       [ 4.72368804,  5.26400173,  3.68041219,  0.08078397,  2.30474531,\n        -0.09940193],\n       [ 4.65491944,  5.10406846,  3.56318512,  0.12285175,  2.22828642,\n        -0.08450215],\n       [ 4.61700609,  5.38524531,  3.57033338,  0.1016739 ,  2.15137613,\n        -0.08303154],\n       [ 4.55407553,  5.26281072,  3.64844642,  0.05317914,  2.35719329,\n        -0.09763437],\n       [ 4.53900777,  5.22191467,  3.47798793,  0.05673733,  2.35099974,\n        -0.07866725]]), array([0.15035358, 0.15115913, 0.15137973, 0.15446612, 0.15626386,\n       0.15633703, 0.15795563]))", "callback": [0.6658916789063433, 0.650596608215749, 0.5838081387415108, 0.33463198241895575, 0.24031192423354897, 0.2350297114922193, 0.21356804963867226, 0.1931385996733077, 0.18192678986700261, 0.16382897668646268]}, "4": {"maxiter": 500, "fatol": 1e-05, "xatol": 1e-05, "duration": 0.7267968654632568, "fun": "-0.33575150657681463", "nit": "500", "nfev": "764", "status": "2", "success": "False", "message": "Maximum number of iterations has been exceeded.", "x": "[ 5.08718933  4.13692626  2.63640731  1.89658176  4.46476358 -1.67286657]", "final_simplex": "(array([[ 5.08718933,  4.13692626,  2.63640731,  1.89658176,  4.46476358,\n        -1.67286657],\n       [ 5.08815075,  4.13802276,  2.63405247,  1.89418443,  4.46358668,\n        -1.68037956],\n       [ 5.08837572,  4.13135342,  2.6352771 ,  1.89715882,  4.46860614,\n        -1.67375442],\n       [ 5.08987939,  4.13420557,  2.63284504,  1.89555645,  4.46466694,\n        -1.67494968],\n       [ 5.08272503,  4.13265567,  2.6357032 ,  1.8974814 ,  4.4669021 ,\n        -1.67369546],\n       [ 5.0909655 ,  4.13415368,  2.63431146,  1.90119014,  4.46417311,\n        -1.67126639],\n       [ 5.08532271,  4.13370866,  2.64205584,  1.89605282,  4.46214209,\n        -1.67281671]]), array([-0.33575151, -0.33575084, -0.33574925, -0.33574666, -0.33574405,\n       -0.33574336, -0.33574281]))", "callback": [0.6658916789063433, 0.650596608215749, 0.5838081387415108, 0.33463198241895575, 0.24031192423354897, 0.2350297114922193, 0.21356804963867226, 0.1931385996733077, 0.18192678986700261, 0.16382897668646268, 0.148095566486808, 0.14431698109757773, 0.1339187214598625, 0.06791722411864254, -0.0824437889839511, -0.15801172647384676, -0.1722206511875155, -0.18457404948682243, -0.18820044713614892, -0.23502979482378672, -0.24907356929518198, -0.25307851885699084, -0.2647095763438747, -0.26678190504270205, -0.26733281824985, -0.2674595263841639, -0.2674799835942423, -0.26749183475310123, -0.2675085680234157, -0.2675358915208914, -0.26761895132630364, -0.26769920401624114, -0.26774807703974357, -0.26780412745102966, -0.26804054608409844, -0.2682784437283945, -0.2689552356150402, -0.27175454751307404, -0.28362614980053347, -0.3014477139187681, -0.30869273102696515, -0.3170473362159141, -0.3205473590264245, -0.32552207537326305, -0.3290350841418277, -0.33308446145824444, -0.3350218356370185, -0.3354802544941704, -0.3356748829743976, -0.33574665767326306]}, "5": {"maxiter": 500, "fatol": 1e-05, "xatol": 1e-10, "duration": 0.6595339775085449, "fun": "-0.33575150657681463", "nit": "500", "nfev": "764", "status": "2", "success": "False", "message": "Maximum number of iterations has been exceeded.", "x": "[ 5.08718933  4.13692626  2.63640731  1.89658176  4.46476358 -1.67286657]", "final_simplex": "(array([[ 5.08718933,  4.13692626,  2.63640731,  1.89658176,  4.46476358,\n        -1.67286657],\n       [ 5.08815075,  4.13802276,  2.63405247,  1.89418443,  4.46358668,\n        -1.68037956],\n       [ 5.08837572,  4.13135342,  2.6352771 ,  1.89715882,  4.46860614,\n        -1.67375442],\n       [ 5.08987939,  4.13420557,  2.63284504,  1.89555645,  4.46466694,\n        -1.67494968],\n       [ 5.08272503,  4.13265567,  2.6357032 ,  1.8974814 ,  4.4669021 ,\n        -1.67369546],\n       [ 5.0909655 ,  4.13415368,  2.63431146,  1.90119014,  4.46417311,\n        -1.67126639],\n       [ 5.08532271,  4.13370866,  2.64205584,  1.89605282,  4.46214209,\n        -1.67281671]]), array([-0.33575151, -0.33575084, -0.33574925, -0.33574666, -0.33574405,\n       -0.33574336, -0.33574281]))", "callback": [0.6658916789063433, 0.650596608215749, 0.5838081387415108, 0.33463198241895575, 0.24031192423354897, 0.2350297114922193, 0.21356804963867226, 0.1931385996733077, 0.18192678986700261, 0.16382897668646268, 0.148095566486808, 0.14431698109757773, 0.1339187214598625, 0.06791722411864254, -0.0824437889839511, -0.15801172647384676, -0.1722206511875155, -0.18457404948682243, -0.18820044713614892, -0.23502979482378672, -0.24907356929518198, -0.25307851885699084, -0.2647095763438747, -0.26678190504270205, -0.26733281824985, -0.2674595263841639, -0.2674799835942423, -0.26749183475310123, -0.2675085680234157, -0.2675358915208914, -0.26761895132630364, -0.26769920401624114, -0.26774807703974357, -0.26780412745102966, -0.26804054608409844, -0.2682784437283945, -0.2689552356150402, -0.27175454751307404, -0.28362614980053347, -0.3014477139187681, -0.30869273102696515, -0.3170473362159141, -0.3205473590264245, -0.32552207537326305, -0.3290350841418277, -0.33308446145824444, -0.3350218356370185, -0.3354802544941704, -0.3356748829743976, -0.33574665767326306]}, "6": {"maxiter": 500, "fatol": 1e-10, "xatol": 1e-05, "duration": 0.6593472957611084, "fun": "-0.33575150657681463", "nit": "500", "nfev": "764", "status": "2", "success": "False", "message": "Maximum number of iterations has been exceeded.", "x": "[ 5.08718933  4.13692626  2.63640731  1.89658176  4.46476358 -1.67286657]", "final_simplex": "(array([[ 5.08718933,  4.13692626,  2.63640731,  1.89658176,  4.46476358,\n        -1.67286657],\n       [ 5.08815075,  4.13802276,  2.63405247,  1.89418443,  4.46358668,\n        -1.68037956],\n       [ 5.08837572,  4.13135342,  2.6352771 ,  1.89715882,  4.46860614,\n        -1.67375442],\n       [ 5.08987939,  4.13420557,  2.63284504,  1.89555645,  4.46466694,\n        -1.67494968],\n       [ 5.08272503,  4.13265567,  2.6357032 ,  1.8974814 ,  4.4669021 ,\n        -1.67369546],\n       [ 5.0909655 ,  4.13415368,  2.63431146,  1.90119014,  4.46417311,\n        -1.67126639],\n       [ 5.08532271,  4.13370866,  2.64205584,  1.89605282,  4.46214209,\n        -1.67281671]]), array([-0.33575151, -0.33575084, -0.33574925, -0.33574666, -0.33574405,\n       -0.33574336, -0.33574281]))", "callback": [0.6658916789063433, 0.650596608215749, 0.5838081387415108, 0.33463198241895575, 0.24031192423354897, 0.2350297114922193, 0.21356804963867226, 0.1931385996733077, 0.18192678986700261, 0.16382897668646268, 0.148095566486808, 0.14431698109757773, 0.1339187214598625, 0.06791722411864254, -0.0824437889839511, -0.15801172647384676, -0.1722206511875155, -0.18457404948682243, -0.18820044713614892, -0.23502979482378672, -0.24907356929518198, -0.25307851885699084, -0.2647095763438747, -0.26678190504270205, -0.26733281824985, -0.2674595263841639, -0.2674799835942423, -0.26749183475310123, -0.2675085680234157, -0.2675358915208914, -0.26761895132630364, -0.26769920401624114, -0.26774807703974357, -0.26780412745102966, -0.26804054608409844, -0.2682784437283945, -0.2689552356150402, -0.27175454751307404, -0.28362614980053347, -0.3014477139187681, -0.30869273102696515, -0.3170473362159141, -0.3205473590264245, -0.32552207537326305, -0.3290350841418277, -0.33308446145824444, -0.3350218356370185, -0.3354802544941704, -0.3356748829743976, -0.33574665767326306]}, "7": {"maxiter": 500, "fatol": 1e-10, "xatol": 1e-10, "duration": 0.9336259365081787, "fun": "-0.33575150657681463", "nit": "500", "nfev": "764", "status": "2", "success": "False", "message": "Maximum number of iterations has been exceeded.", "x": "[ 5.08718933  4.13692626  2.63640731  1.89658176  4.46476358 -1.67286657]", "final_simplex": "(array([[ 5.08718933,  4.13692626,  2.63640731,  1.89658176,  4.46476358,\n        -1.67286657],\n       [ 5.08815075,  4.13802276,  2.63405247,  1.89418443,  4.46358668,\n        -1.68037956],\n       [ 5.08837572,  4.13135342,  2.6352771 ,  1.89715882,  4.46860614,\n        -1.67375442],\n       [ 5.08987939,  4.13420557,  2.63284504,  1.89555645,  4.46466694,\n        -1.67494968],\n       [ 5.08272503,  4.13265567,  2.6357032 ,  1.8974814 ,  4.4669021 ,\n        -1.67369546],\n       [ 5.0909655 ,  4.13415368,  2.63431146,  1.90119014,  4.46417311,\n        -1.67126639],\n       [ 5.08532271,  4.13370866,  2.64205584,  1.89605282,  4.46214209,\n        -1.67281671]]), array([-0.33575151, -0.33575084, -0.33574925, -0.33574666, -0.33574405,\n       -0.33574336, -0.33574281]))", "callback": [0.6658916789063433, 0.650596608215749, 0.5838081387415108, 0.33463198241895575, 0.24031192423354897, 0.2350297114922193, 0.21356804963867226, 0.1931385996733077, 0.18192678986700261, 0.16382897668646268, 0.148095566486808, 0.14431698109757773, 0.1339187214598625, 0.06791722411864254, -0.0824437889839511, -0.15801172647384676, -0.1722206511875155, -0.18457404948682243, -0.18820044713614892, -0.23502979482378672, -0.24907356929518198, -0.25307851885699084, -0.2647095763438747, -0.26678190504270205, -0.26733281824985, -0.2674595263841639, -0.2674799835942423, -0.26749183475310123, -0.2675085680234157, -0.2675358915208914, -0.26761895132630364, -0.26769920401624114, -0.26774807703974357, -0.26780412745102966, -0.26804054608409844, -0.2682784437283945, -0.2689552356150402, -0.27175454751307404, -0.28362614980053347, -0.3014477139187681, -0.30869273102696515, -0.3170473362159141, -0.3205473590264245, -0.32552207537326305, -0.3290350841418277, -0.33308446145824444, -0.3350218356370185, -0.3354802544941704, -0.3356748829743976, -0.33574665767326306]}, "8": {"maxiter": 1000, "fatol": 1e-05, "xatol": 1e-05, "duration": 1.5349533557891846, "fun": "-0.3357617786835001", "nit": "629", "nfev": "973", "status": "0", "success": "True", "message": "Optimization terminated successfully.", "x": "[ 5.09089355  4.1343989   2.6285281   1.90240929  4.46955491 -1.67869351]", "final_simplex": "(array([[ 5.09089355,  4.1343989 ,  2.6285281 ,  1.90240929,  4.46955491,\n        -1.67869351],\n       [ 5.09089292,  4.13440452,  2.62853014,  1.90240638,  4.46955332,\n        -1.67869015],\n       [ 5.09089271,  4.13440481,  2.6285242 ,  1.90240484,  4.46955126,\n        -1.67869696],\n       [ 5.09089296,  4.13440589,  2.62852907,  1.90240499,  4.4695507 ,\n        -1.67869851],\n       [ 5.09089165,  4.13440652,  2.62852215,  1.90240802,  4.46955592,\n        -1.67869848],\n       [ 5.09089797,  4.13440412,  2.62852199,  1.90241485,  4.46955629,\n        -1.67869423],\n       [ 5.09089098,  4.13439838,  2.62853315,  1.90241012,  4.46954693,\n        -1.67869401]]), array([-0.33576178, -0.33576178, -0.33576178, -0.33576178, -0.33576178,\n       -0.33576178, -0.33576178]))", "callback": [0.6658916789063433, 0.650596608215749, 0.5838081387415108, 0.33463198241895575, 0.24031192423354897, 0.2350297114922193, 0.21356804963867226, 0.1931385996733077, 0.18192678986700261, 0.16382897668646268, 0.148095566486808, 0.14431698109757773, 0.1339187214598625, 0.06791722411864254, -0.0824437889839511, -0.15801172647384676, -0.1722206511875155, -0.18457404948682243, -0.18820044713614892, -0.23502979482378672, -0.24907356929518198, -0.25307851885699084, -0.2647095763438747, -0.26678190504270205, -0.26733281824985, -0.2674595263841639, -0.2674799835942423, -0.26749183475310123, -0.2675085680234157, -0.2675358915208914, -0.26761895132630364, -0.26769920401624114, -0.26774807703974357, -0.26780412745102966, -0.26804054608409844, -0.2682784437283945, -0.2689552356150402, -0.27175454751307404, -0.28362614980053347, -0.3014477139187681, -0.30869273102696515, -0.3170473362159141, -0.3205473590264245, -0.32552207537326305, -0.3290350841418277, -0.33308446145824444, -0.3350218356370185, -0.3354802544941704, -0.3356748829743976, -0.33574665767326306, -0.33575311232224303, -0.33575827046154627, -0.33576038142411546, -0.33576083879785856, -0.3357613190197073, -0.3357616648570245, -0.3357617273263549, -0.3357617709732472, -0.3357617709732472, -0.3357617767335215, -0.33576177849347455, -0.3357617785860183, -0.3357617786663627]}, "9": {"maxiter": 1000, "fatol": 1e-05, "xatol": 1e-10, "duration": 1.192352294921875, "fun": "-0.3357617786895368", "nit": "736", "nfev": "1210", "status": "0", "success": "True", "message": "Optimization terminated successfully.", "x": "[ 5.09089069  4.13440391  2.62852841  1.90240631  4.46955158 -1.67869383]", "final_simplex": "(array([[ 5.09089069,  4.13440391,  2.62852841,  1.90240631,  4.46955158,\n        -1.67869383],\n       [ 5.09089069,  4.13440391,  2.62852841,  1.90240631,  4.46955158,\n        -1.67869383],\n       [ 5.09089069,  4.13440391,  2.62852841,  1.90240631,  4.46955158,\n        -1.67869383],\n       [ 5.09089069,  4.13440391,  2.62852841,  1.90240631,  4.46955158,\n        -1.67869383],\n       [ 5.09089069,  4.13440391,  2.62852841,  1.90240631,  4.46955158,\n        -1.67869383],\n       [ 5.09089069,  4.13440391,  2.62852841,  1.90240631,  4.46955158,\n        -1.67869383],\n       [ 5.09089069,  4.13440391,  2.62852841,  1.90240631,  4.46955158,\n        -1.67869383]]), array([-0.33576178, -0.33576178, -0.33576178, -0.33576178, -0.33576178,\n       -0.33576178, -0.33576178]))", "callback": [0.6658916789063433, 0.650596608215749, 0.5838081387415108, 0.33463198241895575, 0.24031192423354897, 0.2350297114922193, 0.21356804963867226, 0.1931385996733077, 0.18192678986700261, 0.16382897668646268, 0.148095566486808, 0.14431698109757773, 0.1339187214598625, 0.06791722411864254, -0.0824437889839511, -0.15801172647384676, -0.1722206511875155, -0.18457404948682243, -0.18820044713614892, -0.23502979482378672, -0.24907356929518198, -0.25307851885699084, -0.2647095763438747, -0.26678190504270205, -0.26733281824985, -0.2674595263841639, -0.2674799835942423, -0.26749183475310123, -0.2675085680234157, -0.2675358915208914, -0.26761895132630364, -0.26769920401624114, -0.26774807703974357, -0.26780412745102966, -0.26804054608409844, -0.2682784437283945, -0.2689552356150402, -0.27175454751307404, -0.28362614980053347, -0.3014477139187681, -0.30869273102696515, -0.3170473362159141, -0.3205473590264245, -0.32552207537326305, -0.3290350841418277, -0.33308446145824444, -0.3350218356370185, -0.3354802544941704, -0.3356748829743976, -0.33574665767326306, -0.33575311232224303, -0.33575827046154627, -0.33576038142411546, -0.33576083879785856, -0.3357613190197073, -0.3357616648570245, -0.3357617273263549, -0.3357617709732472, -0.3357617709732472, -0.3357617767335215, -0.33576177849347455, -0.3357617785860183, -0.3357617786663627, -0.3357617786868232, -0.33576177868866464, -0.33576177868935453, -0.33576177868948287, -0.3357617786895277, -0.3357617786895346, -0.33576177868953594, -0.3357617786895364, -0.3357617786895368, -0.3357617786895368, -0.3357617786895368]}, "10": {"maxiter": 1000, "fatol": 1e-10, "xatol": 1e-05, "duration": 0.8757619857788086, "fun": "-0.3357617786835001", "nit": "629", "nfev": "973", "status": "0", "success": "True", "message": "Optimization terminated successfully.", "x": "[ 5.09089355  4.1343989   2.6285281   1.90240929  4.46955491 -1.67869351]", "final_simplex": "(array([[ 5.09089355,  4.1343989 ,  2.6285281 ,  1.90240929,  4.46955491,\n        -1.67869351],\n       [ 5.09089292,  4.13440452,  2.62853014,  1.90240638,  4.46955332,\n        -1.67869015],\n       [ 5.09089271,  4.13440481,  2.6285242 ,  1.90240484,  4.46955126,\n        -1.67869696],\n       [ 5.09089296,  4.13440589,  2.62852907,  1.90240499,  4.4695507 ,\n        -1.67869851],\n       [ 5.09089165,  4.13440652,  2.62852215,  1.90240802,  4.46955592,\n        -1.67869848],\n       [ 5.09089797,  4.13440412,  2.62852199,  1.90241485,  4.46955629,\n        -1.67869423],\n       [ 5.09089098,  4.13439838,  2.62853315,  1.90241012,  4.46954693,\n        -1.67869401]]), array([-0.33576178, -0.33576178, -0.33576178, -0.33576178, -0.33576178,\n       -0.33576178, -0.33576178]))", "callback": [0.6658916789063433, 0.650596608215749, 0.5838081387415108, 0.33463198241895575, 0.24031192423354897, 0.2350297114922193, 0.21356804963867226, 0.1931385996733077, 0.18192678986700261, 0.16382897668646268, 0.148095566486808, 0.14431698109757773, 0.1339187214598625, 0.06791722411864254, -0.0824437889839511, -0.15801172647384676, -0.1722206511875155, -0.18457404948682243, -0.18820044713614892, -0.23502979482378672, -0.24907356929518198, -0.25307851885699084, -0.2647095763438747, -0.26678190504270205, -0.26733281824985, -0.2674595263841639, -0.2674799835942423, -0.26749183475310123, -0.2675085680234157, -0.2675358915208914, -0.26761895132630364, -0.26769920401624114, -0.26774807703974357, -0.26780412745102966, -0.26804054608409844, -0.2682784437283945, -0.2689552356150402, -0.27175454751307404, -0.28362614980053347, -0.3014477139187681, -0.30869273102696515, -0.3170473362159141, -0.3205473590264245, -0.32552207537326305, -0.3290350841418277, -0.33308446145824444, -0.3350218356370185, -0.3354802544941704, -0.3356748829743976, -0.33574665767326306, -0.33575311232224303, -0.33575827046154627, -0.33576038142411546, -0.33576083879785856, -0.3357613190197073, -0.3357616648570245, -0.3357617273263549, -0.3357617709732472, -0.3357617709732472, -0.3357617767335215, -0.33576177849347455, -0.3357617785860183, -0.3357617786663627]}, "11": {"maxiter": 1000, "fatol": 1e-10, "xatol": 1e-10, "duration": 1.0739221572875977, "fun": "-0.3357617786895368", "nit": "736", "nfev": "1210", "status": "0", "success": "True", "message": "Optimization terminated successfully.", "x": "[ 5.09089069  4.13440391  2.62852841  1.90240631  4.46955158 -1.67869383]", "final_simplex": "(array([[ 5.09089069,  4.13440391,  2.62852841,  1.90240631,  4.46955158,\n        -1.67869383],\n       [ 5.09089069,  4.13440391,  2.62852841,  1.90240631,  4.46955158,\n        -1.67869383],\n       [ 5.09089069,  4.13440391,  2.62852841,  1.90240631,  4.46955158,\n        -1.67869383],\n       [ 5.09089069,  4.13440391,  2.62852841,  1.90240631,  4.46955158,\n        -1.67869383],\n       [ 5.09089069,  4.13440391,  2.62852841,  1.90240631,  4.46955158,\n        -1.67869383],\n       [ 5.09089069,  4.13440391,  2.62852841,  1.90240631,  4.46955158,\n        -1.67869383],\n       [ 5.09089069,  4.13440391,  2.62852841,  1.90240631,  4.46955158,\n        -1.67869383]]), array([-0.33576178, -0.33576178, -0.33576178, -0.33576178, -0.33576178,\n       -0.33576178, -0.33576178]))", "callback": [0.6658916789063433, 0.650596608215749, 0.5838081387415108, 0.33463198241895575, 0.24031192423354897, 0.2350297114922193, 0.21356804963867226, 0.1931385996733077, 0.18192678986700261, 0.16382897668646268, 0.148095566486808, 0.14431698109757773, 0.1339187214598625, 0.06791722411864254, -0.0824437889839511, -0.15801172647384676, -0.1722206511875155, -0.18457404948682243, -0.18820044713614892, -0.23502979482378672, -0.24907356929518198, -0.25307851885699084, -0.2647095763438747, -0.26678190504270205, -0.26733281824985, -0.2674595263841639, -0.2674799835942423, -0.26749183475310123, -0.2675085680234157, -0.2675358915208914, -0.26761895132630364, -0.26769920401624114, -0.26774807703974357, -0.26780412745102966, -0.26804054608409844, -0.2682784437283945, -0.2689552356150402, -0.27175454751307404, -0.28362614980053347, -0.3014477139187681, -0.30869273102696515, -0.3170473362159141, -0.3205473590264245, -0.32552207537326305, -0.3290350841418277, -0.33308446145824444, -0.3350218356370185, -0.3354802544941704, -0.3356748829743976, -0.33574665767326306, -0.33575311232224303, -0.33575827046154627, -0.33576038142411546, -0.33576083879785856, -0.3357613190197073, -0.3357616648570245, -0.3357617273263549, -0.3357617709732472, -0.3357617709732472, -0.3357617767335215, -0.33576177849347455, -0.3357617785860183, -0.3357617786663627, -0.3357617786868232, -0.33576177868866464, -0.33576177868935453, -0.33576177868948287, -0.3357617786895277, -0.3357617786895346, -0.33576177868953594, -0.3357617786895364, -0.3357617786895368, -0.3357617786895368, -0.3357617786895368]}}, "bfgs": {"type": "gradient", "0": {"maxiter": 100, "gtol": 1e-05, "xrtol": 1e-05, "eps": 1e-05, "duration": 0.11745572090148926, "fun": "-0.33576177861115775", "jac": "[-2.22977192e-07 -1.52844404e-06  3.80362408e-08 -3.28892469e-07\n  7.45448148e-07  4.20508073e-07]", "hess_inv": "[[ 2.53499456 -0.54876639 -1.70693783 -1.85869546  1.44848441 -0.68600223]\n [-0.54876639  2.27542034  0.22367577  1.11982045 -0.99961    -0.00575481]\n [-1.70693783  0.22367577  4.86337424  2.54734587 -3.0438582   1.31691254]\n [-1.85869546  1.11982045  2.54734587  3.6014839  -2.05642903  0.5768637 ]\n [ 1.44848441 -0.99961    -3.0438582  -2.05642903  3.9967999  -0.22569305]\n [-0.68600223 -0.00575481  1.31691254  0.5768637  -0.22569305  2.46406892]]", "nfev": "147", "njev": "21", "status": "0", "success": "True", "message": "Optimization terminated successfully.", "x": "[ 5.09089477  4.13439199  2.62851103 -1.90242424  1.32796865  1.46288963]", "nit": "18", "callback": [0.38686685733320825, 0.24219409784485801, -0.010044371561445109, -0.18052358853079564, -0.2564362438001455, -0.3179120946479477, -0.33090563252992067, -0.333561503086955, -0.3343726304316579, -0.3348188778936412, -0.33519142632785437, -0.33552260367983555, -0.3356895453608939, -0.3357452501713123, -0.33575965480873715, -0.33576170380825965, -0.33576177773965643, -0.33576177861115775]}, "1": {"maxiter": 100, "gtol": 1e-05, "xrtol": 1e-05, "eps": 1e-10, "duration": 0.11470460891723633, "fun": "-0.33576177856196376", "jac": "[-2.22044587e-06 -8.88178346e-06 -4.44089173e-06  8.88178346e-06\n  6.66133760e-06 -4.44089173e-06]", "hess_inv": "[[ 2.49296556 -0.54074089 -1.73708857 -1.83641031  1.47434108 -0.68383579]\n [-0.54074089  2.27795674  0.24949605  1.1154194  -1.01654277  0.01604108]\n [-1.73708857  0.24949605  4.9172876   2.55410446 -3.06806333  1.41918106]\n [-1.83641031  1.1154194   2.55410446  3.58712325 -2.0640096   0.57192186]\n [ 1.47434108 -1.01654277 -3.06806333 -2.0640096   4.00478763 -0.28693833]\n [-0.68383579  0.01604108  1.41918106  0.57192186 -0.28693833  2.57774021]]", "nfev": "147", "njev": "21", "status": "0", "success": "True", "message": "Optimization terminated successfully.", "x": "[ 5.09088623  4.13439263  2.62851633 -1.902404    1.32796887  1.46288586]", "nit": "18", "callback": [0.3868703965332664, 0.24219695919506257, -0.010038331688167812, -0.1805154727106537, -0.25643245820799265, -0.31791224988294675, -0.33090728554594806, -0.33356165372764957, -0.3343728061222506, -0.3348191328132699, -0.335191742266312, -0.33552277861276814, -0.3356895786700773, -0.3357452775017311, -0.3357596486395684, -0.33576169943011025, -0.3357617774474386, -0.33576177856196376]}, "2": {"maxiter": 100, "gtol": 1e-05, "xrtol": 1e-10, "eps": 1e-05, "duration": 0.1483621597290039, "fun": "-0.33576177861115775", "jac": "[-2.22977192e-07 -1.52844404e-06  3.80362408e-08 -3.28892469e-07\n  7.45448148e-07  4.20508073e-07]", "hess_inv": "[[ 2.53499456 -0.54876639 -1.70693783 -1.85869546  1.44848441 -0.68600223]\n [-0.54876639  2.27542034  0.22367577  1.11982045 -0.99961    -0.00575481]\n [-1.70693783  0.22367577  4.86337424  2.54734587 -3.0438582   1.31691254]\n [-1.85869546  1.11982045  2.54734587  3.6014839  -2.05642903  0.5768637 ]\n [ 1.44848441 -0.99961    -3.0438582  -2.05642903  3.9967999  -0.22569305]\n [-0.68600223 -0.00575481  1.31691254  0.5768637  -0.22569305  2.46406892]]", "nfev": "147", "njev": "21", "status": "0", "success": "True", "message": "Optimization terminated successfully.", "x": "[ 5.09089477  4.13439199  2.62851103 -1.90242424  1.32796865  1.46288963]", "nit": "18", "callback": [0.38686685733320825, 0.24219409784485801, -0.010044371561445109, -0.18052358853079564, -0.2564362438001455, -0.3179120946479477, -0.33090563252992067, -0.333561503086955, -0.3343726304316579, -0.3348188778936412, -0.33519142632785437, -0.33552260367983555, -0.3356895453608939, -0.3357452501713123, -0.33575965480873715, -0.33576170380825965, -0.33576177773965643, -0.33576177861115775]}, "3": {"maxiter": 100, "gtol": 1e-05, "xrtol": 1e-10, "eps": 1e-10, "duration": 0.11624574661254883, "fun": "-0.33576177856196376", "jac": "[-2.22044587e-06 -8.88178346e-06 -4.44089173e-06  8.88178346e-06\n  6.66133760e-06 -4.44089173e-06]", "hess_inv": "[[ 2.49296556 -0.54074089 -1.73708857 -1.83641031  1.47434108 -0.68383579]\n [-0.54074089  2.27795674  0.24949605  1.1154194  -1.01654277  0.01604108]\n [-1.73708857  0.24949605  4.9172876   2.55410446 -3.06806333  1.41918106]\n [-1.83641031  1.1154194   2.55410446  3.58712325 -2.0640096   0.57192186]\n [ 1.47434108 -1.01654277 -3.06806333 -2.0640096   4.00478763 -0.28693833]\n [-0.68383579  0.01604108  1.41918106  0.57192186 -0.28693833  2.57774021]]", "nfev": "147", "njev": "21", "status": "0", "success": "True", "message": "Optimization terminated successfully.", "x": "[ 5.09088623  4.13439263  2.62851633 -1.902404    1.32796887  1.46288586]", "nit": "18", "callback": [0.3868703965332664, 0.24219695919506257, -0.010038331688167812, -0.1805154727106537, -0.25643245820799265, -0.31791224988294675, -0.33090728554594806, -0.33356165372764957, -0.3343728061222506, -0.3348191328132699, -0.335191742266312, -0.33552277861276814, -0.3356895786700773, -0.3357452775017311, -0.3357596486395684, -0.33576169943011025, -0.3357617774474386, -0.33576177856196376]}, "4": {"maxiter": 100, "gtol": 1e-10, "xrtol": 1e-05, "eps": 1e-05, "duration": 0.11564230918884277, "fun": "-0.33576177861115775", "jac": "[-2.22977192e-07 -1.52844404e-06  3.80362408e-08 -3.28892469e-07\n  7.45448148e-07  4.20508073e-07]", "hess_inv": "[[ 2.53499456 -0.54876639 -1.70693783 -1.85869546  1.44848441 -0.68600223]\n [-0.54876639  2.27542034  0.22367577  1.11982045 -0.99961    -0.00575481]\n [-1.70693783  0.22367577  4.86337424  2.54734587 -3.0438582   1.31691254]\n [-1.85869546  1.11982045  2.54734587  3.6014839  -2.05642903  0.5768637 ]\n [ 1.44848441 -0.99961    -3.0438582  -2.05642903  3.9967999  -0.22569305]\n [-0.68600223 -0.00575481  1.31691254  0.5768637  -0.22569305  2.46406892]]", "nfev": "147", "njev": "21", "status": "0", "success": "True", "message": "Optimization terminated successfully.", "x": "[ 5.09089477  4.13439199  2.62851103 -1.90242424  1.32796865  1.46288963]", "nit": "18", "callback": [0.38686685733320825, 0.24219409784485801, -0.010044371561445109, -0.18052358853079564, -0.2564362438001455, -0.3179120946479477, -0.33090563252992067, -0.333561503086955, -0.3343726304316579, -0.3348188778936412, -0.33519142632785437, -0.33552260367983555, -0.3356895453608939, -0.3357452501713123, -0.33575965480873715, -0.33576170380825965, -0.33576177773965643, -0.33576177861115775]}, "5": {"maxiter": 100, "gtol": 1e-10, "xrtol": 1e-05, "eps": 1e-10, "duration": 0.1557779312133789, "fun": "-0.3357617786275444", "jac": "[ 0.00000000e+00  8.88178346e-06  8.88178346e-06  2.22044587e-06\n  0.00000000e+00 -2.22044587e-06]", "hess_inv": "[[ 2.4863576  -0.54377709 -1.68015155 -1.84966822  1.44846212 -0.61230821]\n [-0.54377709  2.6267614   0.16037567  1.27191949 -1.31275024 -0.41919701]\n [-1.68015155  0.16037567  4.46464319  2.61481707 -2.75148536  0.95696284]\n [-1.84966822  1.27191949  2.61481707  3.63601176 -2.24793543  0.49809919]\n [ 1.44846212 -1.31275024 -2.75148536 -2.24793543  4.13426523  0.37322655]\n [-0.61230821 -0.41919701  0.95696284  0.49809919  0.37322655  2.42919516]]", "nfev": "154", "njev": "22", "status": "0", "success": "True", "message": "Optimization terminated successfully.", "x": "[ 5.09088352  4.13441105  2.62853321 -1.9024003   1.32794229  1.4628889 ]", "nit": "19", "callback": [0.3868703965332664, 0.24219695919506257, -0.010038331688167812, -0.1805154727106537, -0.25643245820799265, -0.31791224988294675, -0.33090728554594806, -0.33356165372764957, -0.3343728061222506, -0.3348191328132699, -0.335191742266312, -0.33552277861276814, -0.3356895786700773, -0.3357452775017311, -0.3357596486395684, -0.33576169943011025, -0.3357617774474386, -0.33576177856196376, -0.3357617786275444]}, "6": {"maxiter": 100, "gtol": 1e-10, "xrtol": 1e-10, "eps": 1e-05, "duration": 0.13394522666931152, "fun": "-0.33576177863033996", "jac": "[-2.22044605e-11  6.66133815e-11  4.44089210e-11  8.88178420e-11\n  8.88178420e-11  6.66133815e-11]", "hess_inv": "[[ 2.59965484 -0.61767435 -1.91956666 -2.02316967  1.64996044 -0.68900526]\n [-0.61767435  2.44045539  0.38076709  1.30208944 -1.23639952 -0.05700888]\n [-1.91956666  0.38076709  5.5136027   3.00932228 -3.59645331  1.41919462]\n [-2.02316967  1.30208944  3.00932228  3.9671623  -2.50326597  0.61723683]\n [ 1.64996044 -1.23639952 -3.59645331 -2.50326597  4.54302777 -0.27014878]\n [-0.68900526 -0.05700888  1.41919462  0.61723683 -0.27014878  2.46957494]]", "nfev": "175", "njev": "25", "status": "0", "success": "True", "message": "Optimization terminated successfully.", "x": "[ 5.09089283  4.13439708  2.62851406 -1.90241983  1.32796308  1.46288869]", "nit": "22", "callback": [0.38686685733320825, 0.24219409784485801, -0.010044371561445109, -0.18052358853079564, -0.2564362438001455, -0.3179120946479477, -0.33090563252992067, -0.333561503086955, -0.3343726304316579, -0.3348188778936412, -0.33519142632785437, -0.33552260367983555, -0.3356895453608939, -0.3357452501713123, -0.33575965480873715, -0.33576170380825965, -0.33576177773965643, -0.33576177861115775, -0.33576177862814394, -0.33576177863021117, -0.3357617786303353, -0.33576177863033996]}, "7": {"maxiter": 100, "gtol": 1e-10, "xrtol": 1e-10, "eps": 1e-10, "duration": 0.24069619178771973, "fun": "-0.3357617786580531", "jac": "[ 0.00000000e+00  2.22044587e-06 -2.22044587e-06  4.44089173e-06\n -6.66133760e-06  2.22044587e-06]", "hess_inv": "[[ 1.06784201e+00  9.13751621e-02 -4.11520673e-02 -9.40177785e-01\n   6.38688690e-01  1.26028140e-01]\n [ 9.13751621e-02  1.52683562e+00 -1.22277014e+00 -8.06468688e-05\n   5.13630989e-01  2.98078387e-01]\n [-4.11520673e-02 -1.22277014e+00  1.30708379e+00 -4.57416075e-02\n  -7.07908403e-01 -4.96685468e-01]\n [-9.40177785e-01 -8.06468688e-05 -4.57416075e-02  9.67724907e-01\n  -6.76444471e-01 -1.90041615e-01]\n [ 6.38688690e-01  5.13630989e-01 -7.07908403e-01 -6.76444471e-01\n   1.08331705e+00  5.26362243e-01]\n [ 1.26028140e-01  2.98078387e-01 -4.96685468e-01 -1.90041615e-01\n   5.26362243e-01  4.28701038e-01]]", "nfev": "280", "njev": "40", "status": "0", "success": "True", "message": "Optimization terminated successfully.", "x": "[ 5.0908874   4.13440325  2.6285265  -1.90240994  1.32795187  1.46289301]", "nit": "25", "callback": [0.3868703965332664, 0.24219695919506257, -0.010038331688167812, -0.1805154727106537, -0.25643245820799265, -0.31791224988294675, -0.33090728554594806, -0.33356165372764957, -0.3343728061222506, -0.3348191328132699, -0.335191742266312, -0.33552277861276814, -0.3356895786700773, -0.3357452775017311, -0.3357596486395684, -0.33576169943011025, -0.3357617774474386, -0.33576177856196376, -0.3357617786275444, -0.3357617786338345, -0.33576177864339884, -0.33576177865762324, -0.3357617786579097, -0.3357617786580531, -0.3357617786580531]}, "8": {"maxiter": 500, "gtol": 1e-05, "xrtol": 1e-05, "eps": 1e-05, "duration": 0.11230254173278809, "fun": "-0.33576177861115775", "jac": "[-2.22977192e-07 -1.52844404e-06  3.80362408e-08 -3.28892469e-07\n  7.45448148e-07  4.20508073e-07]", "hess_inv": "[[ 2.53499456 -0.54876639 -1.70693783 -1.85869546  1.44848441 -0.68600223]\n [-0.54876639  2.27542034  0.22367577  1.11982045 -0.99961    -0.00575481]\n [-1.70693783  0.22367577  4.86337424  2.54734587 -3.0438582   1.31691254]\n [-1.85869546  1.11982045  2.54734587  3.6014839  -2.05642903  0.5768637 ]\n [ 1.44848441 -0.99961    -3.0438582  -2.05642903  3.9967999  -0.22569305]\n [-0.68600223 -0.00575481  1.31691254  0.5768637  -0.22569305  2.46406892]]", "nfev": "147", "njev": "21", "status": "0", "success": "True", "message": "Optimization terminated successfully.", "x": "[ 5.09089477  4.13439199  2.62851103 -1.90242424  1.32796865  1.46288963]", "nit": "18", "callback": [0.38686685733320825, 0.24219409784485801, -0.010044371561445109, -0.18052358853079564, -0.2564362438001455, -0.3179120946479477, -0.33090563252992067, -0.333561503086955, -0.3343726304316579, -0.3348188778936412, -0.33519142632785437, -0.33552260367983555, -0.3356895453608939, -0.3357452501713123, -0.33575965480873715, -0.33576170380825965, -0.33576177773965643, -0.33576177861115775]}, "9": {"maxiter": 500, "gtol": 1e-05, "xrtol": 1e-05, "eps": 1e-10, "duration": 0.1123952865600586, "fun": "-0.33576177856196376", "jac": "[-2.22044587e-06 -8.88178346e-06 -4.44089173e-06  8.88178346e-06\n  6.66133760e-06 -4.44089173e-06]", "hess_inv": "[[ 2.49296556 -0.54074089 -1.73708857 -1.83641031  1.47434108 -0.68383579]\n [-0.54074089  2.27795674  0.24949605  1.1154194  -1.01654277  0.01604108]\n [-1.73708857  0.24949605  4.9172876   2.55410446 -3.06806333  1.41918106]\n [-1.83641031  1.1154194   2.55410446  3.58712325 -2.0640096   0.57192186]\n [ 1.47434108 -1.01654277 -3.06806333 -2.0640096   4.00478763 -0.28693833]\n [-0.68383579  0.01604108  1.41918106  0.57192186 -0.28693833  2.57774021]]", "nfev": "147", "njev": "21", "status": "0", "success": "True", "message": "Optimization terminated successfully.", "x": "[ 5.09088623  4.13439263  2.62851633 -1.902404    1.32796887  1.46288586]", "nit": "18", "callback": [0.3868703965332664, 0.24219695919506257, -0.010038331688167812, -0.1805154727106537, -0.25643245820799265, -0.31791224988294675, -0.33090728554594806, -0.33356165372764957, -0.3343728061222506, -0.3348191328132699, -0.335191742266312, -0.33552277861276814, -0.3356895786700773, -0.3357452775017311, -0.3357596486395684, -0.33576169943011025, -0.3357617774474386, -0.33576177856196376]}, "10": {"maxiter": 500, "gtol": 1e-05, "xrtol": 1e-10, "eps": 1e-05, "duration": 0.13270044326782227, "fun": "-0.33576177861115775", "jac": "[-2.22977192e-07 -1.52844404e-06  3.80362408e-08 -3.28892469e-07\n  7.45448148e-07  4.20508073e-07]", "hess_inv": "[[ 2.53499456 -0.54876639 -1