{"date": "2024/10/26/, 22:36:11", "conf_id": 93, "data_type": "orthogonal\n", "num_data_points": 1, "s_rank": 0, "unitary": "[[-0.53618537-0.34368723j,-0.12107031-0.46226139j,-0.07699282-0.46603512j,0.36022595-0.11472301j],[0.26026499-0.63450712j,-0.56616638+0.37832564j,-0.14988651+0.08458591j,0.10363514-0.16008501j],[-0.32580188-0.11070003j,-0.36476308-0.23593218j,0.02559343+0.41761608j,-0.25598305+0.6725303j],[0.07406738-0.0126433j,0.28513701+0.19483972j,-0.74939717-0.10299659j,0.29798249+0.46269921j]]", "databatch_0": {"databatch": "[[[-0.13400507+0.14439781j,0.12275621+0.04747984j,-0.2390222+0.33522702j,0.26073115+0.03425499j],[-0.33855077+0.22380132j,0.06565941-0.03005838j,0.05406162-0.26514803j,-0.00715138-0.08207097j],[-0.23393405-0.07280914j,-0.02083106-0.32860541j,0.05876773+0.18148861j,-0.08681347+0.18627219j],[0.19157854+0.2321295j,0.00849053-0.09890745j,0.19418145-0.07147768j,-0.11198856-0.22892961j]]]", "initial param values": "[3.72299766,3.90701198,1.78368661,0.28461202,1.15767073,0.21376244]", "nelder_mead": {"type": "gradient-free", "0": {"maxiter": 100, "fatol": 1e-05, "xatol": 1e-05, "duration": 0.35535502433776855, "fun": "0.5394204351184047", "nit": "100", "nfev": "156", "status": "2", "success": "False", "message": "Maximum number of iterations has been exceeded.", "x": "[4.25543045 4.84664868 0.47978802 0.10119298 3.06360212 0.28371185]", "final_simplex": "(array([[4.25543045, 4.84664868, 0.47978802, 0.10119298, 3.06360212,\n        0.28371185],\n       [4.31441927, 4.78051999, 0.43742682, 0.10913705, 3.08776018,\n        0.27130766],\n       [4.26072681, 4.83894503, 0.48061572, 0.1079378 , 3.12193721,\n        0.27400116],\n       [4.25331614, 4.78862315, 0.49315259, 0.11638962, 3.0658783 ,\n        0.27024775],\n       [4.28939332, 4.83786454, 0.53879568, 0.10370781, 3.10258477,\n        0.27000264],\n       [4.2730572 , 4.85839993, 0.55809159, 0.09597961, 3.1205485 ,\n        0.27190818],\n       [4.29043887, 4.85735954, 0.46976136, 0.1156293 , 3.07319999,\n        0.26555415]]), array([0.53942044, 0.53973869, 0.53987388, 0.54006354, 0.54020703,\n       0.54024218, 0.54042963]))", "callback": [0.8519111859288304, 0.7364784561075695, 0.7133549623794456, 0.6785226371931563, 0.6710941024548546, 0.6567329991125, 0.58686407061015, 0.5470698893822074, 0.5413821045246976, 0.5404296270222204]}, "1": {"maxiter": 100, "fatol": 1e-05, "xatol": 1e-10, "duration": 0.12031245231628418, "fun": "0.5394204351184047", "nit": "100", "nfev": "156", "status": "2", "success": "False", "message": "Maximum number of iterations has been exceeded.", "x": "[4.25543045 4.84664868 0.47978802 0.10119298 3.06360212 0.28371185]", "final_simplex": "(array([[4.25543045, 4.84664868, 0.47978802, 0.10119298, 3.06360212,\n        0.28371185],\n       [4.31441927, 4.78051999, 0.43742682, 0.10913705, 3.08776018,\n        0.27130766],\n       [4.26072681, 4.83894503, 0.48061572, 0.1079378 , 3.12193721,\n        0.27400116],\n       [4.25331614, 4.78862315, 0.49315259, 0.11638962, 3.0658783 ,\n        0.27024775],\n       [4.28939332, 4.83786454, 0.53879568, 0.10370781, 3.10258477,\n        0.27000264],\n       [4.2730572 , 4.85839993, 0.55809159, 0.09597961, 3.1205485 ,\n        0.27190818],\n       [4.29043887, 4.85735954, 0.46976136, 0.1156293 , 3.07319999,\n        0.26555415]]), array([0.53942044, 0.53973869, 0.53987388, 0.54006354, 0.54020703,\n       0.54024218, 0.54042963]))", "callback": [0.8519111859288304, 0.7364784561075695, 0.7133549623794456, 0.6785226371931563, 0.6710941024548546, 0.6567329991125, 0.58686407061015, 0.5470698893822074, 0.5413821045246976, 0.5404296270222204]}, "2": {"maxiter": 100, "fatol": 1e-10, "xatol": 1e-05, "duration": 0.11999225616455078, "fun": "0.5394204351184047", "nit": "100", "nfev": "156", "status": "2", "success": "False", "message": "Maximum number of iterations has been exceeded.", "x": "[4.25543045 4.84664868 0.47978802 0.10119298 3.06360212 0.28371185]", "final_simplex": "(array([[4.25543045, 4.84664868, 0.47978802, 0.10119298, 3.06360212,\n        0.28371185],\n       [4.31441927, 4.78051999, 0.43742682, 0.10913705, 3.08776018,\n        0.27130766],\n       [4.26072681, 4.83894503, 0.48061572, 0.1079378 , 3.12193721,\n        0.27400116],\n       [4.25331614, 4.78862315, 0.49315259, 0.11638962, 3.0658783 ,\n        0.27024775],\n       [4.28939332, 4.83786454, 0.53879568, 0.10370781, 3.10258477,\n        0.27000264],\n       [4.2730572 , 4.85839993, 0.55809159, 0.09597961, 3.1205485 ,\n        0.27190818],\n       [4.29043887, 4.85735954, 0.46976136, 0.1156293 , 3.07319999,\n        0.26555415]]), array([0.53942044, 0.53973869, 0.53987388, 0.54006354, 0.54020703,\n       0.54024218, 0.54042963]))", "callback": [0.8519111859288304, 0.7364784561075695, 0.7133549623794456, 0.6785226371931563, 0.6710941024548546, 0.6567329991125, 0.58686407061015, 0.5470698893822074, 0.5413821045246976, 0.5404296270222204]}, "3": {"maxiter": 100, "fatol": 1e-10, "xatol": 1e-10, "duration": 0.13683557510375977, "fun": "0.5394204351184047", "nit": "100", "nfev": "156", "status": "2", "success": "False", "message": "Maximum number of iterations has been exceeded.", "x": "[4.25543045 4.84664868 0.47978802 0.10119298 3.06360212 0.28371185]", "final_simplex": "(array([[4.25543045, 4.84664868, 0.47978802, 0.10119298, 3.06360212,\n        0.28371185],\n       [4.31441927, 4.78051999, 0.43742682, 0.10913705, 3.08776018,\n        0.27130766],\n       [4.26072681, 4.83894503, 0.48061572, 0.1079378 , 3.12193721,\n        0.27400116],\n       [4.25331614, 4.78862315, 0.49315259, 0.11638962, 3.0658783 ,\n        0.27024775],\n       [4.28939332, 4.83786454, 0.53879568, 0.10370781, 3.10258477,\n        0.27000264],\n       [4.2730572 , 4.85839993, 0.55809159, 0.09597961, 3.1205485 ,\n        0.27190818],\n       [4.29043887, 4.85735954, 0.46976136, 0.1156293 , 3.07319999,\n        0.26555415]]), array([0.53942044, 0.53973869, 0.53987388, 0.54006354, 0.54020703,\n       0.54024218, 0.54042963]))", "callback": [0.8519111859288304, 0.7364784561075695, 0.7133549623794456, 0.6785226371931563, 0.6710941024548546, 0.6567329991125, 0.58686407061015, 0.5470698893822074, 0.5413821045246976, 0.5404296270222204]}, "4": {"maxiter": 500, "fatol": 1e-05, "xatol": 1e-05, "duration": 0.617750883102417, "fun": "0.4507871689608117", "nit": "449", "nfev": "714", "status": "0", "success": "True", "message": "Optimization terminated successfully.", "x": "[ 3.83717469  5.88187691  0.68318208 -1.77562876  1.95151505  1.89352559]", "final_simplex": "(array([[ 3.83717469,  5.88187691,  0.68318208, -1.77562876,  1.95151505,\n         1.89352559],\n       [ 3.83717304,  5.88188336,  0.68318458, -1.7756344 ,  1.9515168 ,\n         1.89352475],\n       [ 3.83716972,  5.88187899,  0.68318159, -1.77563638,  1.95152269,\n         1.89352497],\n       [ 3.83717088,  5.88188212,  0.68318171, -1.77563721,  1.95151761,\n         1.89352731],\n       [ 3.83717189,  5.88187307,  0.68317797, -1.77563563,  1.95151851,\n         1.89352502],\n       [ 3.83717328,  5.8818849 ,  0.68318871, -1.77563086,  1.95151526,\n         1.89352785],\n       [ 3.8371741 ,  5.88187631,  0.68318074, -1.77563584,  1.95152081,\n         1.89352621]]), array([0.45078717, 0.45078717, 0.45078717, 0.45078717, 0.45078717,\n       0.45078717, 0.45078717]))", "callback": [0.8519111859288304, 0.7364784561075695, 0.7133549623794456, 0.6785226371931563, 0.6710941024548546, 0.6567329991125, 0.58686407061015, 0.5470698893822074, 0.5413821045246976, 0.5404296270222204, 0.5394204351184047, 0.5366631446627721, 0.5304889644852645, 0.5141000019325154, 0.5069380001933415, 0.5021839934342173, 0.5001324222329466, 0.47072095423363236, 0.452314548574563, 0.452314548574563, 0.4515294282564353, 0.451223954462035, 0.4511210067937682, 0.45110586051638546, 0.45110586051638546, 0.45110444065978217, 0.45109952324437086, 0.4510864111878058, 0.45103909276710863, 0.4509533226713969, 0.450884380795725, 0.450813947714389, 0.4507965579292328, 0.45079082408781723, 0.45078936039532913, 0.4507882441316239, 0.45078761331518435, 0.45078734934658327, 0.45078723034432056, 0.45078718341211155, 0.4507871700745465, 0.45078716956381293, 0.4507871690366173, 0.45078716898221804, 0.45078716896332016]}, "5": {"maxiter": 500, "fatol": 1e-05, "xatol": 1e-10, "duration": 0.6674284934997559, "fun": "0.4507871689591827", "nit": "500", "nfev": "797", "status": "2", "success": "False", "message": "Maximum number of iterations has been exceeded.", "x": "[ 3.83717172  5.88187854  0.6831838  -1.77563191  1.95151715  1.89352436]", "final_simplex": "(array([[ 3.83717172,  5.88187854,  0.6831838 , -1.77563191,  1.95151715,\n         1.89352436],\n       [ 3.83717176,  5.88187848,  0.68318384, -1.77563167,  1.95151703,\n         1.89352446],\n       [ 3.83717177,  5.88187825,  0.68318349, -1.77563186,  1.9515172 ,\n         1.89352438],\n       [ 3.8371718 ,  5.88187824,  0.68318358, -1.77563167,  1.95151718,\n         1.89352434],\n       [ 3.83717171,  5.88187804,  0.68318362, -1.77563171,  1.95151714,\n         1.89352438],\n       [ 3.83717179,  5.88187822,  0.68318364, -1.77563178,  1.95151735,\n         1.8935245 ],\n       [ 3.8371715 ,  5.88187837,  0.68318352, -1.77563204,  1.95151723,\n         1.89352446]]), array([0.45078717, 0.45078717, 0.45078717, 0.45078717, 0.45078717,\n       0.45078717, 0.45078717]))", "callback": [0.8519111859288304, 0.7364784561075695, 0.7133549623794456, 0.6785226371931563, 0.6710941024548546, 0.6567329991125, 0.58686407061015, 0.5470698893822074, 0.5413821045246976, 0.5404296270222204, 0.5394204351184047, 0.5366631446627721, 0.5304889644852645, 0.5141000019325154, 0.5069380001933415, 0.5021839934342173, 0.5001324222329466, 0.47072095423363236, 0.452314548574563, 0.452314548574563, 0.4515294282564353, 0.451223954462035, 0.4511210067937682, 0.45110586051638546, 0.45110586051638546, 0.45110444065978217, 0.45109952324437086, 0.4510864111878058, 0.45103909276710863, 0.4509533226713969, 0.450884380795725, 0.450813947714389, 0.4507965579292328, 0.45079082408781723, 0.45078936039532913, 0.4507882441316239, 0.45078761331518435, 0.45078734934658327, 0.45078723034432056, 0.45078718341211155, 0.4507871700745465, 0.45078716956381293, 0.4507871690366173, 0.45078716898221804, 0.45078716896332016, 0.45078716896027704, 0.45078716895956417, 0.4507871689592764, 0.4507871689592149, 0.4507871689591827]}, "6": {"maxiter": 500, "fatol": 1e-10, "xatol": 1e-05, "duration": 0.6484603881835938, "fun": "0.4507871689608117", "nit": "449", "nfev": "714", "status": "0", "success": "True", "message": "Optimization terminated successfully.", "x": "[ 3.83717469  5.88187691  0.68318208 -1.77562876  1.95151505  1.89352559]", "final_simplex": "(array([[ 3.83717469,  5.88187691,  0.68318208, -1.77562876,  1.95151505,\n         1.89352559],\n       [ 3.83717304,  5.88188336,  0.68318458, -1.7756344 ,  1.9515168 ,\n         1.89352475],\n       [ 3.83716972,  5.88187899,  0.68318159, -1.77563638,  1.95152269,\n         1.89352497],\n       [ 3.83717088,  5.88188212,  0.68318171, -1.77563721,  1.95151761,\n         1.89352731],\n       [ 3.83717189,  5.88187307,  0.68317797, -1.77563563,  1.95151851,\n         1.89352502],\n       [ 3.83717328,  5.8818849 ,  0.68318871, -1.77563086,  1.95151526,\n         1.89352785],\n       [ 3.8371741 ,  5.88187631,  0.68318074, -1.77563584,  1.95152081,\n         1.89352621]]), array([0.45078717, 0.45078717, 0.45078717, 0.45078717, 0.45078717,\n       0.45078717, 0.45078717]))", "callback": [0.8519111859288304, 0.7364784561075695, 0.7133549623794456, 0.6785226371931563, 0.6710941024548546, 0.6567329991125, 0.58686407061015, 0.5470698893822074, 0.5413821045246976, 0.5404296270222204, 0.5394204351184047, 0.5366631446627721, 0.5304889644852645, 0.5141000019325154, 0.5069380001933415, 0.5021839934342173, 0.5001324222329466, 0.47072095423363236, 0.452314548574563, 0.452314548574563, 0.4515294282564353, 0.451223954462035, 0.4511210067937682, 0.45110586051638546, 0.45110586051638546, 0.45110444065978217, 0.45109952324437086, 0.4510864111878058, 0.45103909276710863, 0.4509533226713969, 0.450884380795725, 0.450813947714389, 0.4507965579292328, 0.45079082408781723, 0.45078936039532913, 0.4507882441316239, 0.45078761331518435, 0.45078734934658327, 0.45078723034432056, 0.45078718341211155, 0.4507871700745465, 0.45078716956381293, 0.4507871690366173, 0.45078716898221804, 0.45078716896332016]}, "7": {"maxiter": 500, "fatol": 1e-10, "xatol": 1e-10, "duration": 0.7479147911071777, "fun": "0.4507871689591827", "nit": "500", "nfev": "797", "status": "2", "success": "False", "message": "Maximum number of iterations has been exceeded.", "x": "[ 3.83717172  5.88187854  0.6831838  -1.77563191  1.95151715  1.89352436]", "final_simplex": "(array([[ 3.83717172,  5.88187854,  0.6831838 , -1.77563191,  1.95151715,\n         1.89352436],\n       [ 3.83717176,  5.88187848,  0.68318384, -1.77563167,  1.95151703,\n         1.89352446],\n       [ 3.83717177,  5.88187825,  0.68318349, -1.77563186,  1.9515172 ,\n         1.89352438],\n       [ 3.8371718 ,  5.88187824,  0.68318358, -1.77563167,  1.95151718,\n         1.89352434],\n       [ 3.83717171,  5.88187804,  0.68318362, -1.77563171,  1.95151714,\n         1.89352438],\n       [ 3.83717179,  5.88187822,  0.68318364, -1.77563178,  1.95151735,\n         1.8935245 ],\n       [ 3.8371715 ,  5.88187837,  0.68318352, -1.77563204,  1.95151723,\n         1.89352446]]), array([0.45078717, 0.45078717, 0.45078717, 0.45078717, 0.45078717,\n       0.45078717, 0.45078717]))", "callback": [0.8519111859288304, 0.7364784561075695, 0.7133549623794456, 0.6785226371931563, 0.6710941024548546, 0.6567329991125, 0.58686407061015, 0.5470698893822074, 0.5413821045246976, 0.5404296270222204, 0.5394204351184047, 0.5366631446627721, 0.5304889644852645, 0.5141000019325154, 0.5069380001933415, 0.5021839934342173, 0.5001324222329466, 0.47072095423363236, 0.452314548574563, 0.452314548574563, 0.4515294282564353, 0.451223954462035, 0.4511210067937682, 0.45110586051638546, 0.45110586051638546, 0.45110444065978217, 0.45109952324437086, 0.4510864111878058, 0.45103909276710863, 0.4509533226713969, 0.450884380795725, 0.450813947714389, 0.4507965579292328, 0.45079082408781723, 0.45078936039532913, 0.4507882441316239, 0.45078761331518435, 0.45078734934658327, 0.45078723034432056, 0.45078718341211155, 0.4507871700745465, 0.45078716956381293, 0.4507871690366173, 0.45078716898221804, 0.45078716896332016, 0.45078716896027704, 0.45078716895956417, 0.4507871689592764, 0.4507871689592149, 0.4507871689591827]}, "8": {"maxiter": 1000, "fatol": 1e-05, "xatol": 1e-05, "duration": 0.5454556941986084, "fun": "0.4507871689608117", "nit": "449", "nfev": "714", "status": "0", "success": "True", "message": "Optimization terminated successfully.", "x": "[ 3.83717469  5.88187691  0.68318208 -1.77562876  1.95151505  1.89352559]", "final_simplex": "(array([[ 3.83717469,  5.88187691,  0.68318208, -1.77562876,  1.95151505,\n         1.89352559],\n       [ 3.83717304,  5.88188336,  0.68318458, -1.7756344 ,  1.9515168 ,\n         1.89352475],\n       [ 3.83716972,  5.88187899,  0.68318159, -1.77563638,  1.95152269,\n         1.89352497],\n       [ 3.83717088,  5.88188212,  0.68318171, -1.77563721,  1.95151761,\n         1.89352731],\n       [ 3.83717189,  5.88187307,  0.68317797, -1.77563563,  1.95151851,\n         1.89352502],\n       [ 3.83717328,  5.8818849 ,  0.68318871, -1.77563086,  1.95151526,\n         1.89352785],\n       [ 3.8371741 ,  5.88187631,  0.68318074, -1.77563584,  1.95152081,\n         1.89352621]]), array([0.45078717, 0.45078717, 0.45078717, 0.45078717, 0.45078717,\n       0.45078717, 0.45078717]))", "callback": [0.8519111859288304, 0.7364784561075695, 0.7133549623794456, 0.6785226371931563, 0.6710941024548546, 0.6567329991125, 0.58686407061015, 0.5470698893822074, 0.5413821045246976, 0.5404296270222204, 0.5394204351184047, 0.5366631446627721, 0.5304889644852645, 0.5141000019325154, 0.5069380001933415, 0.5021839934342173, 0.5001324222329466, 0.47072095423363236, 0.452314548574563, 0.452314548574563, 0.4515294282564353, 0.451223954462035, 0.4511210067937682, 0.45110586051638546, 0.45110586051638546, 0.45110444065978217, 0.45109952324437086, 0.4510864111878058, 0.45103909276710863, 0.4509533226713969, 0.450884380795725, 0.450813947714389, 0.4507965579292328, 0.45079082408781723, 0.45078936039532913, 0.4507882441316239, 0.45078761331518435, 0.45078734934658327, 0.45078723034432056, 0.45078718341211155, 0.4507871700745465, 0.45078716956381293, 0.4507871690366173, 0.45078716898221804, 0.45078716896332016]}, "9": {"maxiter": 1000, "fatol": 1e-05, "xatol": 1e-10, "duration": 0.7344157695770264, "fun": "0.4507871689591797", "nit": "575", "nfev": "969", "status": "0", "success": "True", "message": "Optimization terminated successfully.", "x": "[ 3.83717177  5.88187857  0.68318387 -1.77563201  1.95151711  1.8935243 ]", "final_simplex": "(array([[ 3.83717177,  5.88187857,  0.68318387, -1.77563201,  1.95151711,\n         1.8935243 ],\n       [ 3.83717177,  5.88187857,  0.68318387, -1.77563201,  1.95151711,\n         1.8935243 ],\n       [ 3.83717177,  5.88187857,  0.68318387, -1.77563201,  1.95151711,\n         1.8935243 ],\n       [ 3.83717177,  5.88187857,  0.68318387, -1.77563201,  1.95151711,\n         1.8935243 ],\n       [ 3.83717177,  5.88187857,  0.68318387, -1.77563201,  1.95151711,\n         1.8935243 ],\n       [ 3.83717177,  5.88187857,  0.68318387, -1.77563201,  1.95151711,\n         1.8935243 ],\n       [ 3.83717177,  5.88187857,  0.68318387, -1.77563201,  1.95151711,\n         1.8935243 ]]), array([0.45078717, 0.45078717, 0.45078717, 0.45078717, 0.45078717,\n       0.45078717, 0.45078717]))", "callback": [0.8519111859288304, 0.7364784561075695, 0.7133549623794456, 0.6785226371931563, 0.6710941024548546, 0.6567329991125, 0.58686407061015, 0.5470698893822074, 0.5413821045246976, 0.5404296270222204, 0.5394204351184047, 0.5366631446627721, 0.5304889644852645, 0.5141000019325154, 0.5069380001933415, 0.5021839934342173, 0.5001324222329466, 0.47072095423363236, 0.452314548574563, 0.452314548574563, 0.4515294282564353, 0.451223954462035, 0.4511210067937682, 0.45110586051638546, 0.45110586051638546, 0.45110444065978217, 0.45109952324437086, 0.4510864111878058, 0.45103909276710863, 0.4509533226713969, 0.450884380795725, 0.450813947714389, 0.4507965579292328, 0.45079082408781723, 0.45078936039532913, 0.4507882441316239, 0.45078761331518435, 0.45078734934658327, 0.45078723034432056, 0.45078718341211155, 0.4507871700745465, 0.45078716956381293, 0.4507871690366173, 0.45078716898221804, 0.45078716896332016, 0.45078716896027704, 0.45078716895956417, 0.4507871689592764, 0.4507871689592149, 0.4507871689591827, 0.4507871689591827, 0.4507871689591805, 0.4507871689591805, 0.45078716895918003, 0.4507871689591799, 0.4507871689591798, 0.4507871689591797, 0.4507871689591797]}, "10": {"maxiter": 1000, "fatol": 1e-10, "xatol": 1e-05, "duration": 1.1202657222747803, "fun": "0.4507871689608117", "nit": "449", "nfev": "714", "status": "0", "success": "True", "message": "Optimization terminated successfully.", "x": "[ 3.83717469  5.88187691  0.68318208 -1.77562876  1.95151505  1.89352559]", "final_simplex": "(array([[ 3.83717469,  5.88187691,  0.68318208, -1.77562876,  1.95151505,\n         1.89352559],\n       [ 3.83717304,  5.88188336,  0.68318458, -1.7756344 ,  1.9515168 ,\n         1.89352475],\n       [ 3.83716972,  5.88187899,  0.68318159, -1.77563638,  1.95152269,\n         1.89352497],\n       [ 3.83717088,  5.88188212,  0.68318171, -1.77563721,  1.95151761,\n         1.89352731],\n       [ 3.83717189,  5.88187307,  0.68317797, -1.77563563,  1.95151851,\n         1.89352502],\n       [ 3.83717328,  5.8818849 ,  0.68318871, -1.77563086,  1.95151526,\n         1.89352785],\n       [ 3.8371741 ,  5.88187631,  0.68318074, -1.77563584,  1.95152081,\n         1.89352621]]), array([0.45078717, 0.45078717, 0.45078717, 0.45078717, 0.45078717,\n       0.45078717, 0.45078717]))", "callback": [0.8519111859288304, 0.7364784561075695, 0.7133549623794456, 0.6785226371931563, 0.6710941024548546, 0.6567329991125, 0.58686407061015, 0.5470698893822074, 0.5413821045246976, 0.5404296270222204, 0.5394204351184047, 0.5366631446627721, 0.5304889644852645, 0.5141000019325154, 0.5069380001933415, 0.5021839934342173, 0.5001324222329466, 0.47072095423363236, 0.452314548574563, 0.452314548574563, 0.4515294282564353, 0.451223954462035, 0.4511210067937682, 0.45110586051638546, 0.45110586051638546, 0.45110444065978217, 0.45109952324437086, 0.4510864111878058, 0.45103909276710863, 0.4509533226713969, 0.450884380795725, 0.450813947714389, 0.4507965579292328, 0.45079082408781723, 0.45078936039532913, 0.4507882441316239, 0.45078761331518435, 0.45078734934658327, 0.45078723034432056, 0.45078718341211155, 0.4507871700745465, 0.45078716956381293, 0.4507871690366173, 0.45078716898221804, 0.45078716896332016]}, "11": {"maxiter": 1000, "fatol": 1e-10, "xatol": 1e-10, "duration": 1.49607515335083, "fun": "0.4507871689591797", "nit": "575", "nfev": "969", "status": "0", "success": "True", "message": "Optimization terminated successfully.", "x": "[ 3.83717177  5.88187857  0.68318387 -1.77563201  1.95151711  1.8935243 ]", "final_simplex": "(array([[ 3.83717177,  5.88187857,  0.68318387, -1.77563201,  1.95151711,\n         1.8935243 ],\n       [ 3.83717177,  5.88187857,  0.68318387, -1.77563201,  1.95151711,\n         1.8935243 ],\n       [ 3.83717177,  5.88187857,  0.68318387, -1.77563201,  1.95151711,\n         1.8935243 ],\n       [ 3.83717177,  5.88187857,  0.68318387, -1.77563201,  1.95151711,\n         1.8935243 ],\n       [ 3.83717177,  5.88187857,  0.68318387, -1.77563201,  1.95151711,\n         1.8935243 ],\n       [ 3.83717177,  5.88187857,  0.68318387, -1.77563201,  1.95151711,\n         1.8935243 ],\n       [ 3.83717177,  5.88187857,  0.68318387, -1.77563201,  1.95151711,\n         1.8935243 ]]), array([0.45078717, 0.45078717, 0.45078717, 0.45078717, 0.45078717,\n       0.45078717, 0.45078717]))", "callback": [0.8519111859288304, 0.7364784561075695, 0.7133549623794456, 0.6785226371931563, 0.6710941024548546, 0.6567329991125, 0.58686407061015, 0.5470698893822074, 0.5413821045246976, 0.5404296270222204, 0.5394204351184047, 0.5366631446627721, 0.5304889644852645, 0.5141000019325154, 0.5069380001933415, 0.5021839934342173, 0.5001324222329466, 0.47072095423363236, 0.452314548574563, 0.452314548574563, 0.4515294282564353, 0.451223954462035, 0.4511210067937682, 0.45110586051638546, 0.45110586051638546, 0.45110444065978217, 0.45109952324437086, 0.4510864111878058, 0.45103909276710863, 0.4509533226713969, 0.450884380795725, 0.450813947714389, 0.4507965579292328, 0.45079082408781723, 0.45078936039532913, 0.4507882441316239, 0.45078761331518435, 0.45078734934658327, 0.45078723034432056, 0.45078718341211155, 0.4507871700745465, 0.45078716956381293, 0.4507871690366173, 0.45078716898221804, 0.45078716896332016, 0.45078716896027704, 0.45078716895956417, 0.4507871689592764, 0.4507871689592149, 0.4507871689591827, 0.4507871689591827, 0.4507871689591805, 0.4507871689591805, 0.45078716895918003, 0.4507871689591799, 0.4507871689591798, 0.4507871689591797, 0.4507871689591797]}}, "bfgs": {"type": "gradient", "0": {"maxiter": 100, "gtol": 1e-05, "xrtol": 1e-05, "eps": 1e-05, "duration": 0.3100166320800781, "fun": "0.4507871691410664", "jac": "[ 3.12496695e-06 -3.70404818e-06  3.05605541e-06 -5.71213077e-06\n -2.63070676e-06 -1.83808524e-07]", "hess_inv": "[[  8.38320456  -6.51270372   1.12048302  12.12985615  -3.78212293\n   -0.49721226]\n [ -6.51270372  19.26878059   6.2108342  -15.97605973   2.00333093\n    0.33674999]\n [  1.12048302   6.2108342    9.62043204   2.96957597  -2.71817714\n   -0.07611291]\n [ 12.12985615 -15.97605973   2.96957597  29.65606171  -7.89159647\n   -0.27531968]\n [ -3.78212293   2.00333093  -2.71817714  -7.89159647   6.36561245\n    0.17892322]\n [ -0.49721226   0.33674999  -0.07611291  -0.27531968   0.17892322\n    3.71048969]]", "nfev": "203", "njev": "29", "status": "0", "success": "True", "message": "Optimization terminated successfully.", "x": "[ 3.8371534   5.88188865  0.68316516 -1.77570507  1.95152102  1.89351381]", "nit": "27", "callback": [0.7135375668579866, 0.6349618238512219, 0.5727833883267225, 0.5403179812990571, 0.4937586856286793, 0.4852927854614477, 0.4831181814742226, 0.48075240130535934, 0.47660370924017914, 0.4704229650028594, 0.46755761158220477, 0.46412224672139546, 0.46049511119625697, 0.45731295255083204, 0.4534711092894167, 0.45209131801514224, 0.4513962026224513, 0.45101263879274545, 0.4509300872673372, 0.4509012002638231, 0.4508765044540963, 0.4508460998580428, 0.4508060102492337, 0.45079054510421424, 0.4507873739476447, 0.4507871759299882, 0.4507871691410664]}, "1": {"maxiter": 100, "gtol": 1e-05, "xrtol": 1e-05, "eps": 1e-10, "duration": 0.3303215503692627, "fun": "0.4507871690068186", "jac": "[ 3.33066880e-06  3.33066880e-06 -2.22044587e-06  2.22044587e-06\n -2.22044587e-06 -1.11022293e-06]", "hess_inv": "[[ 12.8412597  -11.65907208   0.73316133  23.73554027  -7.07954031\n   -0.55425663]\n [-11.65907208  24.51909623   5.25788757 -29.36216828   5.82726072\n    0.25649129]\n [  0.73316133   5.25788757   6.80273388   2.00049154  -2.38915246\n   -0.36227073]\n [ 23.73554027 -29.36216828   2.00049154  59.84776726 -16.53229735\n   -0.35650447]\n [ -7.07954031   5.82726072  -2.38915246 -16.53229735   8.82795315\n    0.209775  ]\n [ -0.55425663   0.25649129  -0.36227073  -0.35650447   0.209775\n    3.68486623]]", "nfev": "217", "njev": "31", "status": "0", "success": "True", "message": "Optimization terminated successfully.", "x": "[ 3.83717642  5.88187962  0.68317334 -1.7756325   1.95150342  1.89351552]", "nit": "28", "callback": [0.7135375599221889, 0.6349613795407909, 0.5727825408290231, 0.5403174222776675, 0.4937590770839566, 0.4852930991865896, 0.48311821482224326, 0.4807525206299348, 0.47660418441457075, 0.47042364677152426, 0.46755859047730985, 0.4641225291776926, 0.4604959751767612, 0.4573141504735567, 0.45347274639063795, 0.4520915892621018, 0.45139680938142224, 0.451012705380493, 0.45093013266514037, 0.4509010691242642, 0.4508762735681884, 0.4508459221599308, 0.45080669064098233, 0.4507904778536176, 0.4507873833970861, 0.4507871764235858, 0.4507871696212443, 0.4507871690068186]}, "2": {"maxiter": 100, "gtol": 1e-05, "xrtol": 1e-10, "eps": 1e-05, "duration": 0.31840038299560547, "fun": "0.4507871691410664", "jac": "[ 3.12496695e-06 -3.70404818e-06  3.05605541e-06 -5.71213077e-06\n -2.63070676e-06 -1.83808524e-07]", "hess_inv": "[[  8.38320456  -6.51270372   1.12048302  12.12985615  -3.78212293\n   -0.49721226]\n [ -6.51270372  19.26878059   6.2108342  -15.97605973   2.00333093\n    0.33674999]\n [  1.12048302   6.2108342    9.62043204   2.96957597  -2.71817714\n   -0.07611291]\n [ 12.12985615 -15.97605973   2.96957597  29.65606171  -7.89159647\n   -0.27531968]\n [ -3.78212293   2.00333093  -2.71817714  -7.89159647   6.36561245\n    0.17892322]\n [ -0.49721226   0.33674999  -0.07611291  -0.27531968   0.17892322\n    3.71048969]]", "nfev": "203", "njev": "29", "status": "0", "success": "True", "message": "Optimization terminated successfully.", "x": "[ 3.8371534   5.88188865  0.68316516 -1.77570507  1.95152102  1.89351381]", "nit": "27", "callback": [0.7135375668579866, 0.6349618238512219, 0.5727833883267225, 0.5403179812990571, 0.4937586856286793, 0.4852927854614477, 0.4831181814742226, 0.48075240130535934, 0.47660370924017914, 0.4704229650028594, 0.46755761158220477, 0.46412224672139546, 0.46049511119625697, 0.45731295255083204, 0.4534711092894167, 0.45209131801514224, 0.4513962026224513, 0.45101263879274545, 0.4509300872673372, 0.4509012002638231, 0.4508765044540963, 0.4508460998580428, 0.4508060102492337, 0.45079054510421424, 0.4507873739476447, 0.4507871759299882, 0.4507871691410664]}, "3": {"maxiter": 100, "gtol": 1e-05, "xrtol": 1e-10, "eps": 1e-10, "duration": 0.3329784870147705, "fun": "0.4507871690068186", "jac": "[ 3.33066880e-06  3.33066880e-06 -2.22044587e-06  2.22044587e-06\n -2.22044587e-06 -1.11022293e-06]", "hess_inv": "[[ 12.8412597  -11.65907208   0.73316133  23.73554027  -7.07954031\n   -0.55425663]\n [-11.65907208  24.51909623   5.25788757 -29.36216828   5.82726072\n    0.25649129]\n [  0.73316133   5.25788757   6.80273388   2.00049154  -2.38915246\n   -0.36227073]\n [ 23.73554027 -29.36216828   2.00049154  59.84776726 -16.53229735\n   -0.35650447]\n [ -7.07954031   5.82726072  -2.38915246 -16.53229735   8.82795315\n    0.209775  ]\n [ -0.55425663   0.25649129  -0.36227073  -0.35650447   0.209775\n    3.68486623]]", "nfev": "217", "njev": "31", "status": "0", "success": "True", "message": "Optimization terminated successfully.", "x": "[ 3.83717642  5.88187962  0.68317334 -1.7756325   1.95150342  1.89351552]", "nit": "28", "callback": [0.7135375599221889, 0.6349613795407909, 0.5727825408290231, 0.5403174222776675, 0.4937590770839566, 0.4852930991865896, 0.48311821482224326, 0.4807525206299348, 0.47660418441457075, 0.47042364677152426, 0.46755859047730985, 0.4641225291776926, 0.4604959751767612, 0.4573141504735567, 0.45347274639063795, 0.4520915892621018, 0.45139680938142224, 0.451012705380493, 0.45093013266514037, 0.4509010691242642, 0.4508762735681884, 0.4508459221599308, 0.45080669064098233, 0.4507904778536176, 0.4507873833970861, 0.4507871764235858, 0.4507871696212443, 0.4507871690068186]}, "4": {"maxiter": 100, "gtol": 1e-10, "xrtol": 1e-05, "eps": 1e-05, "duration": 0.3313281536102295, "fun": "0.45078716899927285", "jac": "[ 5.11757303e-07 -1.73139281e-07  1.37823086e-07 -5.07893727e-07\n -7.14750481e-07 -4.00013356e-07]", "hess_inv": "[[  8.34358422  -6.54603287   1.18900764  12.51616169  -3.69826986\n   -0.44757895]\n [ -6.54603287  19.44235478   6.16188443 -16.73867434   1.9505802\n    0.27089456]\n [  1.18900764   6.16188443   9.55827352   2.87646152  -2.79801966\n   -0.10506218]\n [ 12.51616169 -16.73867434   2.87646152  31.75640138  -8.04410337\n   -0.1787702 ]\n [ -3.69826986   1.9505802   -2.79801966  -8.04410337   6.26353818\n    0.13968266]\n [ -0.44757895   0.27089456  -0.10506218  -0.1787702    0.13968266\n    3.70574723]]", "nfev": "210", "njev": "30", "status": "0", "success": "True", "message": "Optimization terminated successfully.", "x": "[ 3.83716113  5.88187186  0.68316411 -1.77565477  1.95151891  1.89351656]", "nit": "28", "callback": [0.7135375668579866, 0.6349618238512219, 0.5727833883267225, 0.5403179812990571, 0.4937586856286793, 0.4852927854614477, 0.4831181814742226, 0.48075240130535934, 0.47660370924017914, 0.4704229650028594, 0.46755761158220477, 0.46412224672139546, 0.46049511119625697, 0.45731295255083204, 0.4534711092894167, 0.45209131801514224, 0.4513962026224513, 0.45101263879274545, 0.4509300872673372, 0.4509012002638231, 0.4508765044540963, 0.4508460998580428, 0.4508060102492337, 0.45079054510421424, 0.4507873739476447, 0.4507871759299882, 0.4507871691410664, 0.45078716899927285]}, "5": {"maxiter": 100, "gtol": 1e-10, "xrtol": 1e-05, "eps": 1e-10, "duration": 0.35123443603515625, "fun": "0.45078716899091864", "jac": "[ 0.00000000e+00  0.00000000e+00  0.00000000e+00  0.00000000e+00\n -3.33066880e-06 -1.11022293e-06]", "hess_inv": "[[  5.90917951  -5.42741881  -0.90436611   6.91108128  -1.8169327\n   -0.51238141]\n [ -5.42741881  18.9816764    6.72285491 -14.33852466   1.09163081\n    0.19931257]\n [ -0.90436611   6.72285491   6.41669077  -1.96276758  -1.14547156\n   -0.35023044]\n [  6.91108128 -14.33852466  -1.96276758  19.17156648  -3.75228188\n   -0.22436535]\n [ -1.8169327    1.09163081  -1.14547156  -3.75228188   4.83310565\n    0.17942561]\n [ -0.51238141   0.19931257  -0.35023044  -0.22436535   0.17942561\n    3.69052237]]", "nfev": "224", "njev": "32", "status": "0", "success": "True", "message": "Optimization terminated successfully.", "x": "[ 3.83715286  5.88188389  0.68316963 -1.77566327  1.95152256  1.89352078]", "nit": "29", "callback": [0.7135375599221889, 0.6349613795407909, 0.5727825408290231, 0.5403174222776675, 0.4937590770839566, 0.4852930991865896, 0.48311821482224326, 0.4807525206299348, 0.47660418441457075, 0.47042364677152426, 0.46755859047730985, 0.4641225291776926, 0.4604959751767612, 0.4573141504735567, 0.45347274639063795, 0.4520915892621018, 0.45139680938142224, 0.451012705380493, 0.45093013266514037, 0.4509010691242642, 0.4508762735681884, 0.4508459221599308, 0.45080669064098233, 0.4507904778536176, 0.4507873833970861, 0.4507871764235858, 0.4507871696212443, 0.4507871690068186, 0.45078716899091864]}, "6": {"maxiter": 100, "gtol": 1e-10, "xrtol": 1e-10, "eps": 1e-05, "duration": 0.7415010929107666, "fun": "0.4507871689950198", "jac": "[ 2.23820962e-08  6.01296790e-08 -2.73225886e-08  1.52655666e-08\n -1.18360877e-07 -7.58837437e-08]", "hess_inv": "[[  8.41850092  -6.09761568   1.45778245  11.99076548  -4.03166149\n   -0.63352098]\n [ -6.09761568  19.749468     6.56126617 -16.65210417   1.22277289\n   -0.10300865]\n [  1.45778245   6.56126617   9.8939046    2.55999818  -3.34365959\n   -0.4054965 ]\n [ 11.99076548 -16.65210417   2.55999818  30.6177434   -7.3985631\n    0.06717589]\n [ -4.03166149   1.22277289  -3.34365959  -7.3985631    7.0688301\n    0.57680511]\n [ -0.63352098  -0.10300865  -0.4054965    0.06717589   0.57680511\n    3.9308415 ]]", "nfev": "481", "njev": "67", "status": "2", "success": "False", "message": "Desired error not necessarily achieved due to precision loss.", "x": "[ 3.83715901  5.88187035  0.68316251 -1.77565332  1.95152225  1.89351857]", "nit": "29", "callback": [0.7135375668579866, 0.6349618238512219, 0.5727833883267225, 0.5403179812990571, 0.4937586856286793, 0.4852927854614477, 0.4831181814742226, 0.48075240130535934, 0.47660370924017914, 0.4704229650028594, 0.46755761158220477, 0.46412224672139546, 0.46049511119625697, 0.45731295255083204, 0.4534711092894167, 0.45209131801514224, 0.4513962026224513, 0.45101263879274545, 0.4509300872673372, 0.4509012002638231, 0.4508765044540963, 0.4508460998580428, 0.4508060102492337, 0.45079054510421424, 0.4507873739476447, 0.4507871759299882, 0.4507871691410664, 0.45078716899927285, 0.4507871689950198]}, "7": {"maxiter": 100, "gtol": 1e-10, "xrtol": 1e-10, "eps": 1e-10, "duration": 0.4440310001373291, "fun": "0.45078716899091864", "jac": "[-1.11022293e-06  1.11022293e-06 -1.11022293e-06 -1.11022293e-06\n -2.22044587e-06  0.00000000e+00]", "hess_inv": "[[  8.4083893   -6.48735758   0.21136465  11.11189442  -6.34173102\n   -1.80531247]\n [ -6.48735758  19.28357216   6.42530684 -15.89239627   2.40420194\n    0.56899059]\n [  0.21136465   6.42530684   6.70582259  -0.35832385  -2.44399834\n   -0.71487458]\n [ 11.11189442 -15.89239627  -0.35832385  25.88124063 -10.42235632\n   -2.12199517]\n [ -6.34173102   2.40420194  -2.44399834 -10.42235632  10.53414001\n    1.78635692]\n [ -1.80531247   0.56899059  -0.71487458  -2.12199517   1.78635692\n    4.1431809 ]]", "nfev": "287", "njev": "41", "status": "0", "success": "True", "message": "Optimization terminated successfully.", "x": "[ 3.83715286  5.88188389  0.68316963 -1.77566327  1.95152256  1.89352078]", "nit": "30", "callback": [0.7135375599221889, 0.6349613795407909, 0.5727825408290231, 0.5403174222776675, 0.4937590770839566, 0.4852930991865896, 0.48311821482224326, 0.4807525206299348, 0.47660418441457075, 0.47042364677152426, 0.46755859047730985, 0.4641225291776926, 0.4604959751767612, 0.4573141504735567, 0.45347274639063795, 0.4520915892621018, 0.45139680938142224, 0.451012705380493, 0.45093013266514037, 0.4509010691242642, 0.4508762735681884, 0.4508459221599308, 0.45080669064098233, 0.4507904778536176, 0.4507873833970861, 0.4507871764235858, 0.4507871696212443, 0.4507871690068186, 0.45078716899091864, 0.45078716899091864]}, "8": {"maxiter": 500, "gtol": 1e-05, "xrtol": 1e-05, "eps": 1e-05, "duration": 0.23696088790893555, "fun": "0.4507871691410664", "jac": "[ 3.12496695e-06 -3.70404818e-06  3.05605541e-06 -5.71213077e-06\n -2.63070676e-06 -1.83808524e-07]", "hess_inv": "[[  8.38320456  -6.51270372   1.12048302  12.12985615  -3.78212293\n   -0.49721226]\n [ -6.51270372  19.26878059   6.2108342  -15.97605973   2.00333093\n    0.33674999]\n [  1.12048302   6.2108342    9.62043204   2.96957597  -2.71817714\n   -0.07611291]\n [ 12.12985615 -15.97605973   2.96957597  29.65606171  -7.89159647\n   -0.27531968]\n [ -3.78212293   2.00333093  -2.71817714  -7.89159647   6.36561245\n    0.17892322]\n [ -0.49721226   0.33674999  -0.07611291  -0.27531968   0.17892322\n    3.71048969]]", "nfev": "203", "njev": "29", "status": "0", "success": "True", "message": "Optimization terminated successfully.", "x": "[ 3.8371534   5.88188865  0.68316516 -1.77570507  1.95152102  1.89351381]", "nit": "27", "callback": [0.7135375668579866, 0.6349618238512219, 0.5727833883267225, 0.5403179812990571, 0.4937586856286793, 0.4852927854614477, 0.4831181814742226, 0.48075240130535934, 0.47660370924017914, 0.4704229650028594, 0.46755761158220477, 0.46412224672139546, 0.46049511119625697, 0.45731295255083204, 0.4534711092894167, 0.45209131801514224, 0.4513962026224513, 0.45101263879274545, 0.4509300872673372, 0.4509012002638231, 0.4508765044540963, 0.4508460998580428, 0.4508060102492337, 0.45079054510421424, 0.4507873739476447, 0.4507871759299882, 0.4507871691410664]}, "9": {"maxiter": 500, "gtol": 1e-05, "xrtol": 1e-05, "eps": 1e-10, "duration": 0.16562175750732422, "fun": "0.4507871690068186", "jac": "[ 3.33066880e-06  3.33066880e-06 -2.22044587e-06  2.22044587e-06\n -2.22044587e-06 -1.11022293e-06]", "hess_inv": "[[ 12.8412597  -11.65907208   0.73316133  23.73554027  -7.07954031\n   -0.55425663]\n [-11.65907208  24.51909623   5.25788757 -29.36216828   5.82726072\n    0.25649129]\n [  0.73316133   5.25788757   6.80273388   2.00049154  -2.38915246\n   -0.36227073]\n [ 23.73554027 -29.36216828   2.00049154  59.84776726 -16.53229735\n   -0.35650447]\n [ -7.07954031   5.82726072  -2.38915246 -16.53229735   8.82795315\n    0.209775  ]\n [ -0.55425663   0.25649129  -0.36227073  -0.35650447   0.209775\n    3.68486623]]", "nfev": "217", "njev": "31", "status": "0", "success": "True", "message": "Optimization terminated successfully.", "x": "[ 3.83717642  5.88187962  0.68317334 -1.7756325   1.95150342  1.89351552]", "nit": "28", "callback": [0.7135375599221889, 0.6349613795407909, 0.5727825408290231, 0.5403174222776675, 0.4937590770839566, 0.4852930991865896, 0.48311821482224326, 0.4807525206299348, 0.47660418441457075, 0.47042364677152426, 0.46755859047730985, 0.4641225291776926, 0.4604959751767612, 0.4573141504735567, 0.45347274639063795, 0.4520915892621018, 0.45139680938142224, 0.451012705380493, 0.45093013266514037, 0.4509010691242642, 0.4508762735681884, 0.4508459221599308, 0.45080669064098233, 0.4507904778536176, 0.4507873833970861, 0.4507871764235858, 0.4507871696212443, 0.4507871690068186]}, "10": {"maxiter": 500, "gtol": 1e-05, "xrtol": 1e-10, "eps": 1e-05, "duration": 0.15555024147033691, "fun": "0.4507871691410664", "jac": "[ 3.12496695e-06 -3.70404818e-06  3.05605541e-06 -5.71213077e-06\n -2.63070676e-06 -1.83808524e-07]", "hess_inv": "[[  8.38320456  -6.51270372   1.12048302  12.12985615  -3.78212293\n   -0.49721226]\n [ -6.51270372  19.26878059   6.2108342  -15.97605973   2.00333093\n    0.33674999]\n [  1.12048302   6.2108342    9.62043204   2.96957597  -2.71817714\n   -0.07611291]\n [ 12.12985615 -15.97605973   2.96957597  29.65606171  -7.89159647\n   -0.27531968]\n [ -3.78212293   2.00333093  -2.71817714  -7.89159647   6.36561245\n    0.17892322]\n [ -0.49721226   0.33674999  -0.07611291  -0.27531968   0.17892322\n    3.71048969]]", "nfev": "203", "njev": "29", "status": "0", "success": "True", "message": "Optimization terminated successfully.", "x": "[ 3.8371534   5.88188865  0.68316516 -1.77570507  1.95152102  1.89351381]", "nit": "27", "callback": [0.7135375668579866, 0.6349618238512219, 0.5727833883267225, 0.5403179812990571, 0.4937586856286793, 0.4852927854614477, 0.48311818