{"date": "2024/10/27/, 07:03:03", "conf_id": 115, "data_type": "orthogonal\n", "num_data_points": 2, "s_rank": 0, "unitary": "[[-0.45070455-0.02711853j,0.78437395-0.06613086j,0.06358678+0.19963393j,-0.07343613+0.35668523j],[-0.01890143-0.03813363j,0.32408202+0.25557629j,0.05872864-0.68979805j,0.55466693-0.20227297j],[-0.11215405+0.64023111j,-0.13344055+0.29565494j,-0.49012687-0.19046288j,-0.04241254+0.44046348j],[0.55771659+0.24656916j,0.31851997-0.05798805j,0.28761525-0.34294258j,-0.56718418+0.03616933j]]", "databatch_0": {"databatch": "[[[0.34713321+0.08648606j,-0.12497737+0.09737015j,-0.12058939-0.15688973j,-0.08594232-0.3052228j],[-0.09961972+0.01955002j,-0.26386363+0.27115282j,-0.26519679-0.09297864j,0.00447165-0.19896368j],[-0.1047442-0.18358318j,-0.10945143-0.07544929j,0.1765288+0.20559512j,0.18609736+0.07320767j],[0.24190501+0.29525752j,0.10964484+0.22655988j,0.08977164-0.17437075j,0.08628944+0.06673845j]],[[0.26135265-0.01862663j,-0.13999908+0.0329527j,-0.02658853-0.03381979j,0.00070273-0.22613501j],[-0.11838359-0.04626184j,-0.31155759+0.24177684j,-0.27859191+0.03618088j,0.0420919-0.10806008j],[0.10613849-0.22794855j,-0.15702854+0.14665745j,0.19133988+0.31215926j,0.3368497-0.03529628j],[0.25325651+0.22141191j,0.11077045+0.20793229j,0.12382205-0.01967423j,0.15607644+0.16345242j]]]", "initial param values": "[3.72299766,3.90701198,1.78368661,0.28461202,1.15767073,0.21376244]", "nelder_mead": {"type": "gradient-free", "0": {"maxiter": 100, "fatol": 1e-05, "xatol": 1e-05, "duration": 0.14553403854370117, "fun": "0.5957596973977562", "nit": "100", "nfev": "166", "status": "2", "success": "False", "message": "Maximum number of iterations has been exceeded.", "x": "[5.3896178  4.94278368 2.31729709 0.06734611 2.42237345 0.36170196]", "final_simplex": "(array([[5.3896178 , 4.94278368, 2.31729709, 0.06734611, 2.42237345,\n        0.36170196],\n       [5.39405774, 4.93964321, 2.31858072, 0.06736142, 2.41836186,\n        0.36092957],\n       [5.38997775, 4.93371267, 2.32816905, 0.0672621 , 2.42240806,\n        0.36226139],\n       [5.38755079, 4.93041503, 2.32093689, 0.06847194, 2.4213974 ,\n        0.36170232],\n       [5.39681339, 4.93865295, 2.31828321, 0.06712862, 2.42483099,\n        0.36205358],\n       [5.39368851, 4.94017387, 2.32206651, 0.06838774, 2.42223811,\n        0.36203252],\n       [5.38505981, 4.93361264, 2.32393971, 0.06860405, 2.41615981,\n        0.36204614]]), array([0.5957597 , 0.59576311, 0.59576504, 0.59577256, 0.59577591,\n       0.59577867, 0.59577902]))", "callback": [0.8220950858727549, 0.7617445849717235, 0.7318775375360944, 0.6432049272960958, 0.6122176653132926, 0.5979117899171005, 0.5962056719199538, 0.5958513170067317, 0.5957977799588187, 0.5957786704391068]}, "1": {"maxiter": 100, "fatol": 1e-05, "xatol": 1e-10, "duration": 0.12792468070983887, "fun": "0.5957596973977562", "nit": "100", "nfev": "166", "status": "2", "success": "False", "message": "Maximum number of iterations has been exceeded.", "x": "[5.3896178  4.94278368 2.31729709 0.06734611 2.42237345 0.36170196]", "final_simplex": "(array([[5.3896178 , 4.94278368, 2.31729709, 0.06734611, 2.42237345,\n        0.36170196],\n       [5.39405774, 4.93964321, 2.31858072, 0.06736142, 2.41836186,\n        0.36092957],\n       [5.38997775, 4.93371267, 2.32816905, 0.0672621 , 2.42240806,\n        0.36226139],\n       [5.38755079, 4.93041503, 2.32093689, 0.06847194, 2.4213974 ,\n        0.36170232],\n       [5.39681339, 4.93865295, 2.31828321, 0.06712862, 2.42483099,\n        0.36205358],\n       [5.39368851, 4.94017387, 2.32206651, 0.06838774, 2.42223811,\n        0.36203252],\n       [5.38505981, 4.93361264, 2.32393971, 0.06860405, 2.41615981,\n        0.36204614]]), array([0.5957597 , 0.59576311, 0.59576504, 0.59577256, 0.59577591,\n       0.59577867, 0.59577902]))", "callback": [0.8220950858727549, 0.7617445849717235, 0.7318775375360944, 0.6432049272960958, 0.6122176653132926, 0.5979117899171005, 0.5962056719199538, 0.5958513170067317, 0.5957977799588187, 0.5957786704391068]}, "2": {"maxiter": 100, "fatol": 1e-10, "xatol": 1e-05, "duration": 0.12836408615112305, "fun": "0.5957596973977562", "nit": "100", "nfev": "166", "status": "2", "success": "False", "message": "Maximum number of iterations has been exceeded.", "x": "[5.3896178  4.94278368 2.31729709 0.06734611 2.42237345 0.36170196]", "final_simplex": "(array([[5.3896178 , 4.94278368, 2.31729709, 0.06734611, 2.42237345,\n        0.36170196],\n       [5.39405774, 4.93964321, 2.31858072, 0.06736142, 2.41836186,\n        0.36092957],\n       [5.38997775, 4.93371267, 2.32816905, 0.0672621 , 2.42240806,\n        0.36226139],\n       [5.38755079, 4.93041503, 2.32093689, 0.06847194, 2.4213974 ,\n        0.36170232],\n       [5.39681339, 4.93865295, 2.31828321, 0.06712862, 2.42483099,\n        0.36205358],\n       [5.39368851, 4.94017387, 2.32206651, 0.06838774, 2.42223811,\n        0.36203252],\n       [5.38505981, 4.93361264, 2.32393971, 0.06860405, 2.41615981,\n        0.36204614]]), array([0.5957597 , 0.59576311, 0.59576504, 0.59577256, 0.59577591,\n       0.59577867, 0.59577902]))", "callback": [0.8220950858727549, 0.7617445849717235, 0.7318775375360944, 0.6432049272960958, 0.6122176653132926, 0.5979117899171005, 0.5962056719199538, 0.5958513170067317, 0.5957977799588187, 0.5957786704391068]}, "3": {"maxiter": 100, "fatol": 1e-10, "xatol": 1e-10, "duration": 0.18082785606384277, "fun": "0.5957596973977562", "nit": "100", "nfev": "166", "status": "2", "success": "False", "message": "Maximum number of iterations has been exceeded.", "x": "[5.3896178  4.94278368 2.31729709 0.06734611 2.42237345 0.36170196]", "final_simplex": "(array([[5.3896178 , 4.94278368, 2.31729709, 0.06734611, 2.42237345,\n        0.36170196],\n       [5.39405774, 4.93964321, 2.31858072, 0.06736142, 2.41836186,\n        0.36092957],\n       [5.38997775, 4.93371267, 2.32816905, 0.0672621 , 2.42240806,\n        0.36226139],\n       [5.38755079, 4.93041503, 2.32093689, 0.06847194, 2.4213974 ,\n        0.36170232],\n       [5.39681339, 4.93865295, 2.31828321, 0.06712862, 2.42483099,\n        0.36205358],\n       [5.39368851, 4.94017387, 2.32206651, 0.06838774, 2.42223811,\n        0.36203252],\n       [5.38505981, 4.93361264, 2.32393971, 0.06860405, 2.41615981,\n        0.36204614]]), array([0.5957597 , 0.59576311, 0.59576504, 0.59577256, 0.59577591,\n       0.59577867, 0.59577902]))", "callback": [0.8220950858727549, 0.7617445849717235, 0.7318775375360944, 0.6432049272960958, 0.6122176653132926, 0.5979117899171005, 0.5962056719199538, 0.5958513170067317, 0.5957977799588187, 0.5957786704391068]}, "4": {"maxiter": 500, "fatol": 1e-05, "xatol": 1e-05, "duration": 0.6074209213256836, "fun": "0.3501238014800724", "nit": "500", "nfev": "765", "status": "2", "success": "False", "message": "Maximum number of iterations has been exceeded.", "x": "[ 4.98324864  4.46201234  3.03982722 -1.47961046  0.86753985  1.91265419]", "final_simplex": "(array([[ 4.98324864,  4.46201234,  3.03982722, -1.47961046,  0.86753985,\n         1.91265419],\n       [ 4.96646508,  4.44715367,  3.0868031 , -1.58646048,  0.84619487,\n         1.91631961],\n       [ 4.94510502,  4.44860995,  3.14205471, -1.55415621,  0.84018355,\n         1.925558  ],\n       [ 4.93656388,  4.44923951,  3.10514646, -1.55813811,  0.80362925,\n         1.94563733],\n       [ 4.97873827,  4.43721429,  3.00348754, -1.51678417,  0.82102745,\n         1.86187416],\n       [ 4.92567825,  4.48237449,  3.08654132, -1.54436026,  0.85119108,\n         1.87021793],\n       [ 5.02095824,  4.49513542,  3.08417155, -1.53064707,  0.82333085,\n         1.93966791]]), array([0.3501238 , 0.3509954 , 0.35101963, 0.35130675, 0.3513534 ,\n       0.35143008, 0.35161495]))", "callback": [0.8220950858727549, 0.7617445849717235, 0.7318775375360944, 0.6432049272960958, 0.6122176653132926, 0.5979117899171005, 0.5962056719199538, 0.5958513170067317, 0.5957977799588187, 0.5957786704391068, 0.595741380367585, 0.5956767593032797, 0.5955231165589783, 0.5951724801754834, 0.5951044663697593, 0.5950934194096585, 0.5950866611420665, 0.5950842312741662, 0.5950783025230911, 0.5950668737942609, 0.5950146782443738, 0.5944800251281986, 0.5877919379445895, 0.5855047629346287, 0.5784863298969067, 0.5525841595007234, 0.5280391646931625, 0.5167157005065456, 0.4342827480863807, 0.4236998501095277, 0.4172398571028042, 0.4159738791879428, 0.41069035343285876, 0.4029250974453593, 0.40102382315506524, 0.4000634505800671, 0.3956622648425424, 0.38388161331873705, 0.3719707092287723, 0.37138020970706564, 0.37034732642620016, 0.36966897355941497, 0.36966897355941497, 0.3694678107681779, 0.3689540349807854, 0.36708551350956964, 0.3618575678233049, 0.35761754688302483, 0.35394995201111557, 0.3516434754401405]}, "5": {"maxiter": 500, "fatol": 1e-05, "xatol": 1e-10, "duration": 0.6048319339752197, "fun": "0.3501238014800724", "nit": "500", "nfev": "765", "status": "2", "success": "False", "message": "Maximum number of iterations has been exceeded.", "x": "[ 4.98324864  4.46201234  3.03982722 -1.47961046  0.86753985  1.91265419]", "final_simplex": "(array([[ 4.98324864,  4.46201234,  3.03982722, -1.47961046,  0.86753985,\n         1.91265419],\n       [ 4.96646508,  4.44715367,  3.0868031 , -1.58646048,  0.84619487,\n         1.91631961],\n       [ 4.94510502,  4.44860995,  3.14205471, -1.55415621,  0.84018355,\n         1.925558  ],\n       [ 4.93656388,  4.44923951,  3.10514646, -1.55813811,  0.80362925,\n         1.94563733],\n       [ 4.97873827,  4.43721429,  3.00348754, -1.51678417,  0.82102745,\n         1.86187416],\n       [ 4.92567825,  4.48237449,  3.08654132, -1.54436026,  0.85119108,\n         1.87021793],\n       [ 5.02095824,  4.49513542,  3.08417155, -1.53064707,  0.82333085,\n         1.93966791]]), array([0.3501238 , 0.3509954 , 0.35101963, 0.35130675, 0.3513534 ,\n       0.35143008, 0.35161495]))", "callback": [0.8220950858727549, 0.7617445849717235, 0.7318775375360944, 0.6432049272960958, 0.6122176653132926, 0.5979117899171005, 0.5962056719199538, 0.5958513170067317, 0.5957977799588187, 0.5957786704391068, 0.595741380367585, 0.5956767593032797, 0.5955231165589783, 0.5951724801754834, 0.5951044663697593, 0.5950934194096585, 0.5950866611420665, 0.5950842312741662, 0.5950783025230911, 0.5950668737942609, 0.5950146782443738, 0.5944800251281986, 0.5877919379445895, 0.5855047629346287, 0.5784863298969067, 0.5525841595007234, 0.5280391646931625, 0.5167157005065456, 0.4342827480863807, 0.4236998501095277, 0.4172398571028042, 0.4159738791879428, 0.41069035343285876, 0.4029250974453593, 0.40102382315506524, 0.4000634505800671, 0.3956622648425424, 0.38388161331873705, 0.3719707092287723, 0.37138020970706564, 0.37034732642620016, 0.36966897355941497, 0.36966897355941497, 0.3694678107681779, 0.3689540349807854, 0.36708551350956964, 0.3618575678233049, 0.35761754688302483, 0.35394995201111557, 0.3516434754401405]}, "6": {"maxiter": 500, "fatol": 1e-10, "xatol": 1e-05, "duration": 0.6935405731201172, "fun": "0.3501238014800724", "nit": "500", "nfev": "765", "status": "2", "success": "False", "message": "Maximum number of iterations has been exceeded.", "x": "[ 4.98324864  4.46201234  3.03982722 -1.47961046  0.86753985  1.91265419]", "final_simplex": "(array([[ 4.98324864,  4.46201234,  3.03982722, -1.47961046,  0.86753985,\n         1.91265419],\n       [ 4.96646508,  4.44715367,  3.0868031 , -1.58646048,  0.84619487,\n         1.91631961],\n       [ 4.94510502,  4.44860995,  3.14205471, -1.55415621,  0.84018355,\n         1.925558  ],\n       [ 4.93656388,  4.44923951,  3.10514646, -1.55813811,  0.80362925,\n         1.94563733],\n       [ 4.97873827,  4.43721429,  3.00348754, -1.51678417,  0.82102745,\n         1.86187416],\n       [ 4.92567825,  4.48237449,  3.08654132, -1.54436026,  0.85119108,\n         1.87021793],\n       [ 5.02095824,  4.49513542,  3.08417155, -1.53064707,  0.82333085,\n         1.93966791]]), array([0.3501238 , 0.3509954 , 0.35101963, 0.35130675, 0.3513534 ,\n       0.35143008, 0.35161495]))", "callback": [0.8220950858727549, 0.7617445849717235, 0.7318775375360944, 0.6432049272960958, 0.6122176653132926, 0.5979117899171005, 0.5962056719199538, 0.5958513170067317, 0.5957977799588187, 0.5957786704391068, 0.595741380367585, 0.5956767593032797, 0.5955231165589783, 0.5951724801754834, 0.5951044663697593, 0.5950934194096585, 0.5950866611420665, 0.5950842312741662, 0.5950783025230911, 0.5950668737942609, 0.5950146782443738, 0.5944800251281986, 0.5877919379445895, 0.5855047629346287, 0.5784863298969067, 0.5525841595007234, 0.5280391646931625, 0.5167157005065456, 0.4342827480863807, 0.4236998501095277, 0.4172398571028042, 0.4159738791879428, 0.41069035343285876, 0.4029250974453593, 0.40102382315506524, 0.4000634505800671, 0.3956622648425424, 0.38388161331873705, 0.3719707092287723, 0.37138020970706564, 0.37034732642620016, 0.36966897355941497, 0.36966897355941497, 0.3694678107681779, 0.3689540349807854, 0.36708551350956964, 0.3618575678233049, 0.35761754688302483, 0.35394995201111557, 0.3516434754401405]}, "7": {"maxiter": 500, "fatol": 1e-10, "xatol": 1e-10, "duration": 0.5893723964691162, "fun": "0.3501238014800724", "nit": "500", "nfev": "765", "status": "2", "success": "False", "message": "Maximum number of iterations has been exceeded.", "x": "[ 4.98324864  4.46201234  3.03982722 -1.47961046  0.86753985  1.91265419]", "final_simplex": "(array([[ 4.98324864,  4.46201234,  3.03982722, -1.47961046,  0.86753985,\n         1.91265419],\n       [ 4.96646508,  4.44715367,  3.0868031 , -1.58646048,  0.84619487,\n         1.91631961],\n       [ 4.94510502,  4.44860995,  3.14205471, -1.55415621,  0.84018355,\n         1.925558  ],\n       [ 4.93656388,  4.44923951,  3.10514646, -1.55813811,  0.80362925,\n         1.94563733],\n       [ 4.97873827,  4.43721429,  3.00348754, -1.51678417,  0.82102745,\n         1.86187416],\n       [ 4.92567825,  4.48237449,  3.08654132, -1.54436026,  0.85119108,\n         1.87021793],\n       [ 5.02095824,  4.49513542,  3.08417155, -1.53064707,  0.82333085,\n         1.93966791]]), array([0.3501238 , 0.3509954 , 0.35101963, 0.35130675, 0.3513534 ,\n       0.35143008, 0.35161495]))", "callback": [0.8220950858727549, 0.7617445849717235, 0.7318775375360944, 0.6432049272960958, 0.6122176653132926, 0.5979117899171005, 0.5962056719199538, 0.5958513170067317, 0.5957977799588187, 0.5957786704391068, 0.595741380367585, 0.5956767593032797, 0.5955231165589783, 0.5951724801754834, 0.5951044663697593, 0.5950934194096585, 0.5950866611420665, 0.5950842312741662, 0.5950783025230911, 0.5950668737942609, 0.5950146782443738, 0.5944800251281986, 0.5877919379445895, 0.5855047629346287, 0.5784863298969067, 0.5525841595007234, 0.5280391646931625, 0.5167157005065456, 0.4342827480863807, 0.4236998501095277, 0.4172398571028042, 0.4159738791879428, 0.41069035343285876, 0.4029250974453593, 0.40102382315506524, 0.4000634505800671, 0.3956622648425424, 0.38388161331873705, 0.3719707092287723, 0.37138020970706564, 0.37034732642620016, 0.36966897355941497, 0.36966897355941497, 0.3694678107681779, 0.3689540349807854, 0.36708551350956964, 0.3618575678233049, 0.35761754688302483, 0.35394995201111557, 0.3516434754401405]}, "8": {"maxiter": 1000, "fatol": 1e-05, "xatol": 1e-05, "duration": 0.9289567470550537, "fun": "0.3497007087554578", "nit": "655", "nfev": "1017", "status": "0", "success": "True", "message": "Optimization terminated successfully.", "x": "[ 4.97633239  4.41628035  3.08290672 -1.50794568  0.8815455   1.91970394]", "final_simplex": "(array([[ 4.97633239,  4.41628035,  3.08290672, -1.50794568,  0.8815455 ,\n         1.91970394],\n       [ 4.97633116,  4.41627267,  3.082902  , -1.50794005,  0.88154105,\n         1.91969893],\n       [ 4.97633265,  4.41628035,  3.08290188, -1.50793715,  0.88154835,\n         1.91970024],\n       [ 4.97632823,  4.41627988,  3.08290727, -1.50793584,  0.88154384,\n         1.91970573],\n       [ 4.97632674,  4.41628139,  3.08289901, -1.50794506,  0.88154468,\n         1.91970199],\n       [ 4.97632953,  4.41628737,  3.08289764, -1.50794236,  0.88154242,\n         1.91970146],\n       [ 4.97632922,  4.41627753,  3.08291164, -1.50794624,  0.88154365,\n         1.91969908]]), array([0.34970071, 0.34970071, 0.34970071, 0.34970071, 0.34970071,\n       0.34970071, 0.34970071]))", "callback": [0.8220950858727549, 0.7617445849717235, 0.7318775375360944, 0.6432049272960958, 0.6122176653132926, 0.5979117899171005, 0.5962056719199538, 0.5958513170067317, 0.5957977799588187, 0.5957786704391068, 0.595741380367585, 0.5956767593032797, 0.5955231165589783, 0.5951724801754834, 0.5951044663697593, 0.5950934194096585, 0.5950866611420665, 0.5950842312741662, 0.5950783025230911, 0.5950668737942609, 0.5950146782443738, 0.5944800251281986, 0.5877919379445895, 0.5855047629346287, 0.5784863298969067, 0.5525841595007234, 0.5280391646931625, 0.5167157005065456, 0.4342827480863807, 0.4236998501095277, 0.4172398571028042, 0.4159738791879428, 0.41069035343285876, 0.4029250974453593, 0.40102382315506524, 0.4000634505800671, 0.3956622648425424, 0.38388161331873705, 0.3719707092287723, 0.37138020970706564, 0.37034732642620016, 0.36966897355941497, 0.36966897355941497, 0.3694678107681779, 0.3689540349807854, 0.36708551350956964, 0.3618575678233049, 0.35761754688302483, 0.35394995201111557, 0.3516434754401405, 0.3501238014800724, 0.34984110143159663, 0.3497620141335457, 0.3497179279221989, 0.3497037754096114, 0.3497016934147513, 0.34970119695766344, 0.3497008545232976, 0.3497008545232976, 0.3497007539937902, 0.34970072454609924, 0.34970071430073557, 0.3497007100456928, 0.3497007089326716, 0.3497007088103192, 0.34970070875656933]}, "9": {"maxiter": 1000, "fatol": 1e-05, "xatol": 1e-10, "duration": 1.3073475360870361, "fun": "0.3497007087436379", "nit": "827", "nfev": "1349", "status": "0", "success": "True", "message": "Optimization terminated successfully.", "x": "[ 4.97633421  4.41627749  3.08290322 -1.50794012  0.88154223  1.91970738]", "final_simplex": "(array([[ 4.97633421,  4.41627749,  3.08290322, -1.50794012,  0.88154223,\n         1.91970738],\n       [ 4.97633421,  4.41627749,  3.08290322, -1.50794012,  0.88154223,\n         1.91970738],\n       [ 4.97633421,  4.41627749,  3.08290322, -1.50794012,  0.88154223,\n         1.91970738],\n       [ 4.97633421,  4.41627749,  3.08290322, -1.50794012,  0.88154223,\n         1.91970738],\n       [ 4.97633421,  4.41627749,  3.08290322, -1.50794012,  0.88154223,\n         1.91970738],\n       [ 4.97633421,  4.41627749,  3.08290322, -1.50794012,  0.88154223,\n         1.91970738],\n       [ 4.97633421,  4.41627749,  3.08290322, -1.50794012,  0.88154223,\n         1.91970738]]), array([0.34970071, 0.34970071, 0.34970071, 0.34970071, 0.34970071,\n       0.34970071, 0.34970071]))", "callback": [0.8220950858727549, 0.7617445849717235, 0.7318775375360944, 0.6432049272960958, 0.6122176653132926, 0.5979117899171005, 0.5962056719199538, 0.5958513170067317, 0.5957977799588187, 0.5957786704391068, 0.595741380367585, 0.5956767593032797, 0.5955231165589783, 0.5951724801754834, 0.5951044663697593, 0.5950934194096585, 0.5950866611420665, 0.5950842312741662, 0.5950783025230911, 0.5950668737942609, 0.5950146782443738, 0.5944800251281986, 0.5877919379445895, 0.5855047629346287, 0.5784863298969067, 0.5525841595007234, 0.5280391646931625, 0.5167157005065456, 0.4342827480863807, 0.4236998501095277, 0.4172398571028042, 0.4159738791879428, 0.41069035343285876, 0.4029250974453593, 0.40102382315506524, 0.4000634505800671, 0.3956622648425424, 0.38388161331873705, 0.3719707092287723, 0.37138020970706564, 0.37034732642620016, 0.36966897355941497, 0.36966897355941497, 0.3694678107681779, 0.3689540349807854, 0.36708551350956964, 0.3618575678233049, 0.35761754688302483, 0.35394995201111557, 0.3516434754401405, 0.3501238014800724, 0.34984110143159663, 0.3497620141335457, 0.3497179279221989, 0.3497037754096114, 0.3497016934147513, 0.34970119695766344, 0.3497008545232976, 0.3497008545232976, 0.3497007539937902, 0.34970072454609924, 0.34970071430073557, 0.3497007100456928, 0.3497007089326716, 0.3497007088103192, 0.34970070875656933, 0.3497007087497205, 0.34970070874648906, 0.3497007087453401, 0.3497007087446773, 0.3497007087444751, 0.34970070874422765, 0.34970070874413417, 0.3497007087438524, 0.34970070874376036, 0.3497007087436821, 0.349700708743651, 0.3497007087436409, 0.3497007087436397, 0.34970070874363823, 0.3497007087436381, 0.349700708743638, 0.3497007087436379]}, "10": {"maxiter": 1000, "fatol": 1e-10, "xatol": 1e-05, "duration": 0.7866721153259277, "fun": "0.3497007087554578", "nit": "655", "nfev": "1017", "status": "0", "success": "True", "message": "Optimization terminated successfully.", "x": "[ 4.97633239  4.41628035  3.08290672 -1.50794568  0.8815455   1.91970394]", "final_simplex": "(array([[ 4.97633239,  4.41628035,  3.08290672, -1.50794568,  0.8815455 ,\n         1.91970394],\n       [ 4.97633116,  4.41627267,  3.082902  , -1.50794005,  0.88154105,\n         1.91969893],\n       [ 4.97633265,  4.41628035,  3.08290188, -1.50793715,  0.88154835,\n         1.91970024],\n       [ 4.97632823,  4.41627988,  3.08290727, -1.50793584,  0.88154384,\n         1.91970573],\n       [ 4.97632674,  4.41628139,  3.08289901, -1.50794506,  0.88154468,\n         1.91970199],\n       [ 4.97632953,  4.41628737,  3.08289764, -1.50794236,  0.88154242,\n         1.91970146],\n       [ 4.97632922,  4.41627753,  3.08291164, -1.50794624,  0.88154365,\n         1.91969908]]), array([0.34970071, 0.34970071, 0.34970071, 0.34970071, 0.34970071,\n       0.34970071, 0.34970071]))", "callback": [0.8220950858727549, 0.7617445849717235, 0.7318775375360944, 0.6432049272960958, 0.6122176653132926, 0.5979117899171005, 0.5962056719199538, 0.5958513170067317, 0.5957977799588187, 0.5957786704391068, 0.595741380367585, 0.5956767593032797, 0.5955231165589783, 0.5951724801754834, 0.5951044663697593, 0.5950934194096585, 0.5950866611420665, 0.5950842312741662, 0.5950783025230911, 0.5950668737942609, 0.5950146782443738, 0.5944800251281986, 0.5877919379445895, 0.5855047629346287, 0.5784863298969067, 0.5525841595007234, 0.5280391646931625, 0.5167157005065456, 0.4342827480863807, 0.4236998501095277, 0.4172398571028042, 0.4159738791879428, 0.41069035343285876, 0.4029250974453593, 0.40102382315506524, 0.4000634505800671, 0.3956622648425424, 0.38388161331873705, 0.3719707092287723, 0.37138020970706564, 0.37034732642620016, 0.36966897355941497, 0.36966897355941497, 0.3694678107681779, 0.3689540349807854, 0.36708551350956964, 0.3618575678233049, 0.35761754688302483, 0.35394995201111557, 0.3516434754401405, 0.3501238014800724, 0.34984110143159663, 0.3497620141335457, 0.3497179279221989, 0.3497037754096114, 0.3497016934147513, 0.34970119695766344, 0.3497008545232976, 0.3497008545232976, 0.3497007539937902, 0.34970072454609924, 0.34970071430073557, 0.3497007100456928, 0.3497007089326716, 0.3497007088103192, 0.34970070875656933]}, "11": {"maxiter": 1000, "fatol": 1e-10, "xatol": 1e-10, "duration": 1.1707274913787842, "fun": "0.3497007087436379", "nit": "827", "nfev": "1349", "status": "0", "success": "True", "message": "Optimization terminated successfully.", "x": "[ 4.97633421  4.41627749  3.08290322 -1.50794012  0.88154223  1.91970738]", "final_simplex": "(array([[ 4.97633421,  4.41627749,  3.08290322, -1.50794012,  0.88154223,\n         1.91970738],\n       [ 4.97633421,  4.41627749,  3.08290322, -1.50794012,  0.88154223,\n         1.91970738],\n       [ 4.97633421,  4.41627749,  3.08290322, -1.50794012,  0.88154223,\n         1.91970738],\n       [ 4.97633421,  4.41627749,  3.08290322, -1.50794012,  0.88154223,\n         1.91970738],\n       [ 4.97633421,  4.41627749,  3.08290322, -1.50794012,  0.88154223,\n         1.91970738],\n       [ 4.97633421,  4.41627749,  3.08290322, -1.50794012,  0.88154223,\n         1.91970738],\n       [ 4.97633421,  4.41627749,  3.08290322, -1.50794012,  0.88154223,\n         1.91970738]]), array([0.34970071, 0.34970071, 0.34970071, 0.34970071, 0.34970071,\n       0.34970071, 0.34970071]))", "callback": [0.8220950858727549, 0.7617445849717235, 0.7318775375360944, 0.6432049272960958, 0.6122176653132926, 0.5979117899171005, 0.5962056719199538, 0.5958513170067317, 0.5957977799588187, 0.5957786704391068, 0.595741380367585, 0.5956767593032797, 0.5955231165589783, 0.5951724801754834, 0.5951044663697593, 0.5950934194096585, 0.5950866611420665, 0.5950842312741662, 0.5950783025230911, 0.5950668737942609, 0.5950146782443738, 0.5944800251281986, 0.5877919379445895, 0.5855047629346287, 0.5784863298969067, 0.5525841595007234, 0.5280391646931625, 0.5167157005065456, 0.4342827480863807, 0.4236998501095277, 0.4172398571028042, 0.4159738791879428, 0.41069035343285876, 0.4029250974453593, 0.40102382315506524, 0.4000634505800671, 0.3956622648425424, 0.38388161331873705, 0.3719707092287723, 0.37138020970706564, 0.37034732642620016, 0.36966897355941497, 0.36966897355941497, 0.3694678107681779, 0.3689540349807854, 0.36708551350956964, 0.3618575678233049, 0.35761754688302483, 0.35394995201111557, 0.3516434754401405, 0.3501238014800724, 0.34984110143159663, 0.3497620141335457, 0.3497179279221989, 0.3497037754096114, 0.3497016934147513, 0.34970119695766344, 0.3497008545232976, 0.3497008545232976, 0.3497007539937902, 0.34970072454609924, 0.34970071430073557, 0.3497007100456928, 0.3497007089326716, 0.3497007088103192, 0.34970070875656933, 0.3497007087497205, 0.34970070874648906, 0.3497007087453401, 0.3497007087446773, 0.3497007087444751, 0.34970070874422765, 0.34970070874413417, 0.3497007087438524, 0.34970070874376036, 0.3497007087436821, 0.349700708743651, 0.3497007087436409, 0.3497007087436397, 0.34970070874363823, 0.3497007087436381, 0.349700708743638, 0.3497007087436379]}}, "bfgs": {"type": "gradient", "0": {"maxiter": 100, "gtol": 1e-05, "xrtol": 1e-05, "eps": 1e-05, "duration": 0.11987423896789551, "fun": "0.3497007089028217", "jac": "[-3.54681839e-06  3.15771853e-06 -1.97772909e-06  1.27811095e-06\n  8.05266964e-07 -4.22775148e-06]", "hess_inv": "[[ 3.42654273  0.34923816 -0.51165576  1.21642716  0.42042626 -0.13216888]\n [ 0.34923816  3.2321353  -0.78909183  0.41157179 -0.53424179  0.7363167 ]\n [-0.51165576 -0.78909183  3.61473607 -0.97734138  0.59090587  0.24277421]\n [ 1.21642716  0.41157179 -0.97734138  3.79208438 -0.10011596  0.02121941]\n [ 0.42042626 -0.53424179  0.59090587 -0.10011596  3.25785712 -0.26419286]\n [-0.13216888  0.7363167   0.24277421  0.02121941 -0.26419286  3.26527036]]", "nfev": "154", "njev": "22", "status": "0", "success": "True", "message": "Optimization terminated successfully.", "x": "[ 4.97631483  4.41628394  3.08288469 -1.50794139  0.8815357   1.91968302]", "nit": "18", "callback": [0.7063841889144458, 0.6155869967927476, 0.5445639440869254, 0.5095980761718204, 0.4726886684544045, 0.42159238327067083, 0.3754736115026954, 0.36221684325630266, 0.3536413037525947, 0.3497779132366565, 0.3497118928936449, 0.3497071423493423, 0.34970374058132125, 0.3497012075611359, 0.34970076529285743, 0.34970071612380904, 0.3497007102733679, 0.3497007089028217]}, "1": {"maxiter": 100, "gtol": 1e-05, "xrtol": 1e-05, "eps": 1e-10, "duration": 0.12023782730102539, "fun": "0.3497007089038081", "jac": "[-5.55111466e-06  2.22044587e-06 -1.11022293e-06  0.00000000e+00\n -3.33066880e-06 -5.55111466e-06]", "hess_inv": "[[ 3.40660005  0.51487136 -0.29497428  1.1636602   0.4968487  -0.1182716 ]\n [ 0.51487136  3.18880933 -0.75384319  0.51774093 -0.44128257  0.81546282]\n [-0.29497428 -0.75384319  3.77177509 -0.75241144  0.77047385  0.36997169]\n [ 1.1636602   0.51774093 -0.75241144  3.6368193  -0.02868107  0.03881359]\n [ 0.4968487  -0.44128257  0.77047385 -0.02868107  3.37865528 -0.20989935]\n [-0.1182716   0.81546282  0.36997169  0.03881359 -0.20989935  3.29478406]]", "nfev": "154", "njev": "22", "status": "0", "success": "True", "message": "Optimization terminated successfully.", "x": "[ 4.97631361  4.41628746  3.08288935 -1.50794506  0.88152708  1.91968698]", "nit": "18", "callback": [0.7063865826947364, 0.6155852081944557, 0.544558665480284, 0.5096023867988949, 0.4727043841623536, 0.42183345532903915, 0.37522718787279974, 0.36216253520226527, 0.35353085229413383, 0.3497769135131208, 0.34971239837919055, 0.34970726861973533, 0.34970396588075525, 0.34970123024199395, 0.3497007641871299, 0.3497007151510676, 0.3497007100005005, 0.3497007089038081]}, "2": {"maxiter": 100, "gtol": 1e-05, "xrtol": 1e-10, "eps": 1e-05, "duration": 0.11894369125366211, "fun": "0.3497007089028217", "jac": "[-3.54681839e-06  3.15771853e-06 -1.97772909e-06  1.27811095e-06\n  8.05266964e-07 -4.22775148e-06]", "hess_inv": "[[ 3.42654273  0.34923816 -0.51165576  1.21642716  0.42042626 -0.13216888]\n [ 0.34923816  3.2321353  -0.78909183  0.41157179 -0.53424179  0.7363167 ]\n [-0.51165576 -0.78909183  3.61473607 -0.97734138  0.59090587  0.24277421]\n [ 1.21642716  0.41157179 -0.97734138  3.79208438 -0.10011596  0.02121941]\n [ 0.42042626 -0.53424179  0.59090587 -0.10011596  3.25785712 -0.26419286]\n [-0.13216888  0.7363167   0.24277421  0.02121941 -0.26419286  3.26527036]]", "nfev": "154", "njev": "22", "status": "0", "success": "True", "message": "Optimization terminated successfully.", "x": "[ 4.97631483  4.41628394  3.08288469 -1.50794139  0.8815357   1.91968302]", "nit": "18", "callback": [0.7063841889144458, 0.6155869967927476, 0.5445639440869254, 0.5095980761718204, 0.4726886684544045, 0.42159238327067083, 0.3754736115026954, 0.36221684325630266, 0.3536413037525947, 0.3497779132366565, 0.3497118928936449, 0.3497071423493423, 0.34970374058132125, 0.3497012075611359, 0.34970076529285743, 0.34970071612380904, 0.3497007102733679, 0.3497007089028217]}, "3": {"maxiter": 100, "gtol": 1e-05, "xrtol": 1e-10, "eps": 1e-10, "duration": 0.11878538131713867, "fun": "0.3497007089038081", "jac": "[-5.55111466e-06  2.22044587e-06 -1.11022293e-06  0.00000000e+00\n -3.33066880e-06 -5.55111466e-06]", "hess_inv": "[[ 3.40660005  0.51487136 -0.29497428  1.1636602   0.4968487  -0.1182716 ]\n [ 0.51487136  3.18880933 -0.75384319  0.51774093 -0.44128257  0.81546282]\n [-0.29497428 -0.75384319  3.77177509 -0.75241144  0.77047385  0.36997169]\n [ 1.1636602   0.51774093 -0.75241144  3.6368193  -0.02868107  0.03881359]\n [ 0.4968487  -0.44128257  0.77047385 -0.02868107  3.37865528 -0.20989935]\n [-0.1182716   0.81546282  0.36997169  0.03881359 -0.20989935  3.29478406]]", "nfev": "154", "njev": "22", "status": "0", "success": "True", "message": "Optimization terminated successfully.", "x": "[ 4.97631361  4.41628746  3.08288935 -1.50794506  0.88152708  1.91968698]", "nit": "18", "callback": [0.7063865826947364, 0.6155852081944557, 0.544558665480284, 0.5096023867988949, 0.4727043841623536, 0.42183345532903915, 0.37522718787279974, 0.36216253520226527, 0.35353085229413383, 0.3497769135131208, 0.34971239837919055, 0.34970726861973533, 0.34970396588075525, 0.34970123024199395, 0.3497007641871299, 0.3497007151510676, 0.3497007100005005, 0.3497007089038081]}, "4": {"maxiter": 100, "gtol": 1e-10, "xrtol": 1e-05, "eps": 1e-05, "duration": 0.1832737922668457, "fun": "0.3497007089028217", "jac": "[-3.54681839e-06  3.15771853e-06 -1.97772909e-06  1.27811095e-06\n  8.05266964e-07 -4.22775148e-06]", "hess_inv": "[[ 3.42654273  0.34923816 -0.51165576  1.21642716  0.42042626 -0.13216888]\n [ 0.34923816  3.2321353  -0.78909183  0.41157179 -0.53424179  0.7363167 ]\n [-0.51165576 -0.78909183  3.61473607 -0.97734138  0.59090587  0.24277421]\n [ 1.21642716  0.41157179 -0.97734138  3.79208438 -0.10011596  0.02121941]\n [ 0.42042626 -0.53424179  0.59090587 -0.10011596  3.25785712 -0.26419286]\n [-0.13216888  0.7363167   0.24277421  0.02121941 -0.26419286  3.26527036]]", "nfev": "154", "njev": "22", "status": "0", "success": "True", "message": "Optimization terminated successfully.", "x": "[ 4.97631483  4.41628394  3.08288469 -1.50794139  0.8815357   1.91968302]", "nit": "18", "callback": [0.7063841889144458, 0.6155869967927476, 0.5445639440869254, 0.5095980761718204, 0.4726886684544045, 0.42159238327067083, 0.3754736115026954, 0.36221684325630266, 0.3536413037525947, 0.3497779132366565, 0.3497118928936449, 0.3497071423493423, 0.34970374058132125, 0.3497012075611359, 0.34970076529285743, 0.34970071612380904, 0.3497007102733679, 0.3497007089028217]}, "5": {"maxiter": 100, "gtol": 1e-10, "xrtol": 1e-05, "eps": 1e-10, "duration": 0.11856389045715332, "fun": "0.3497007089038081", "jac": "[-5.55111466e-06  2.22044587e-06 -1.11022293e-06  0.00000000e+00\n -3.33066880e-06 -5.55111466e-06]", "hess_inv": "[[ 3.40660005  0.51487136 -0.29497428  1.1636602   0.4968487  -0.1182716 ]\n [ 0.51487136  3.18880933 -0.75384319  0.51774093 -0.44128257  0.81546282]\n [-0.29497428 -0.75384319  3.77177509 -0.75241144  0.77047385  0.36997169]\n [ 1.1636602   0.51774093 -0.75241144  3.6368193  -0.02868107  0.03881359]\n [ 0.4968487  -0.44128257  0.77047385 -0.02868107  3.37865528 -0.20989935]\n [-0.1182716   0.81546282  0.36997169  0.03881359 -0.20989935  3.29478406]]", "nfev": "154", "njev": "22", "status": "0", "success": "True", "message": "Optimization terminated successfully.", "x": "[ 4.97631361  4.41628746  3.08288935 -1.50794506  0.88152708  1.91968698]", "nit": "18", "callback": [0.7063865826947364, 0.6155852081944557, 0.544558665480284, 0.5096023867988949, 0.4727043841623536, 0.42183345532903915, 0.37522718787279974, 0.36216253520226527, 0.35353085229413383, 0.3497769135131208, 0.34971239837919055, 0.34970726861973533, 0.34970396588075525, 0.34970123024199395, 0.3497007641871299, 0.3497007151510676, 0.3497007100005005, 0.3497007089038081]}, "6": {"maxiter": 100, "gtol": 1e-10, "xrtol": 1e-10, "eps": 1e-05, "duration": 0.22349071502685547, "fun": "0.34970070877229054", "jac": "[ 1.82076576e-09 -1.99840144e-09 -1.83186799e-09  2.22044605e-11\n -1.59872116e-09  2.30926389e-09]", "hess_inv": "[[ 3.62360717  0.14137019 -0.28314631  1.12747508  0.43231246  0.16587281]\n [ 0.14137019  3.44144611 -1.15156582  0.54803396 -0.59287277  0.39420071]\n [-0.28314631 -1.15156582  4.04143697 -1.17671745  0.68055981  0.61642106]\n [ 1.12747508  0.54803396 -1.17671745  3.88081726 -0.14743935 -0.13195595]\n [ 0.43231246 -0.59287277  0.68055981 -0.14743935  3.29299701 -0.23234008]\n [ 0.16587281  0.39420071  0.61642106 -0.13195595 -0.23234008  3.72045259]]", "nfev": "290", "njev": "40", "status": "2", "success": "False", "message": "Desired error not necessarily achieved due to precision loss.", "x": "[ 4.97632594  4.41627248  3.08289916 -1.50794693  0.88153697  1.91970018]", "nit": "21", "callback": [0.7063841889144458, 0.6155869967927476, 0.5445639440869254, 0.5095980761718204, 0.4726886684544045, 0.42159238327067083, 0.3754736115026954, 0.36221684325630266, 0.3536413037525947, 0.3497779132366565, 0.3497118928936449, 0.3497071423493423, 0.34970374058132125, 0.3497012075611359, 0.34970076529285743, 0.34970071612380904, 0.3497007102733679, 0.3497007089028217, 0.34970070878317105, 0.34970070877271564, 0.34970070877229054]}, "7": {"maxiter": 100, "gtol": 1e-10, "xrtol": 1e-10, "eps": 1e-10, "duration": 0.23068475723266602, "fun": "0.34970070874810466", "jac": "[ 0.00000000e+00 -1.11022293e-06 -1.11022293e-06 -1.11022293e-06\n -1.11022293e-06 -1.11022293e-06]", "hess_inv": "[[ 11.1596337    7.76308065 -29.61991785  12.32359384   3.43199759\n    0.88165927]\n [  7.76308065   5.73184989 -21.68151705   9.14415683   2.40191956\n    0.53489957]\n [-29.61991785 -21.68151705  83.59740759 -35.34956129  -9.38176703\n   -2.43467236]\n [ 12.32359384   9.14415683 -35.34956129  15.09401056   3.88461021\n    0.98076688]\n [  3.43199759   2.40191956  -9.38176703   3.88461021   1.20497582\n    0.34555044]\n [  0.88165927   0.53489957  -2.43467236   0.98076688   0.34555044\n    0.19195726]]", "nfev": "301", "njev": "43", "status": "0", "success": "True", "message": "Optimization terminated successfully.", "x": "[ 4.97633159  4.41627337  3.08290273 -1.50794315  0.88154345  1.91970593]", "nit": "27", "callback": [0.7063865826947364, 0.6155852081944557, 0.544558665480284, 0.5096023867988949, 0.4727043841623536, 0.42183345532903915, 0.37522718787279974, 0.36216253520226527, 0.35353085229413383, 0.3497769135131208, 0.34971239837919055, 0.34970726861973533, 0.34970396588075525, 0.34970123024199395, 0.3497007641871299, 0.3497007151510676, 0.3497007100005005, 0.3497007089038081, 0.34970070875577974, 0.34970070875186376, 0.3497007087505992, 0.34970070874957404, 0.34970070874878456, 0.3497007087481704, 0.3497007087481049, 0.34970070874810466, 0.34970070874810466]}, "8": {"maxiter": 500, "gtol": 1e-05, "xrtol": 1e-05, "eps": 1e-05, "duration": 0.1794888973236084, "fun": "0.3497007089028217", "jac": "[-3.54681839e-06  3.15771853e-06 -1.97772909e-06  1.27811095e-06\n  8.05266964e-07 -4.22775148e-06]", "hess_inv": "[[ 3.42654273  0.34923816 -0.51165576  1.21642716  0.42042626 -0.13216888]\n [ 0.34923816  3.2321353  -0.78909183  0.41157179 -0.53424179  0.7363167 ]\n [-0.51165576 -0.78909183  3.61473607 -0.97734138  0.59090587  0.24277421]\n [ 1.21642716  0.41157179 -0.97734138  3.79208438 -0.10011596  0.02121941]\n [ 0.42042626 -0.53424179  0.59090587 -0.10011596  3.25785712 -0.26419286]\n [-0.13216888  0.7363167   0.24277421  0.02121941 -0.26419286  3.26527036]]", "nfev": "154", "njev": "22", "status": "0", "success": "True", "message": "Optimization terminated successfully.", "x": "[ 4.97631483  4.41628394  3.08288469 -1.50794139  0.8815357   1.91968302]", "nit": "18", "callback": [0.7063841889144458, 0.6155869967927476, 0.5445639440869254, 0.5095980761718204, 0.4726886684544045, 0.42159238327067083, 0.3754736115026954, 0.36221684325630266, 0.3536413037525947, 0.3497779132366565, 0.3497118928936449, 0.3497071423493423, 0.34970374058132125, 0.3497012075611359, 0.34970076529285743, 0.34970071612380904, 0.3497007102733679, 0.3497007089028217]}, "9": {"maxiter": 500, "gtol": 1e-05, "xrtol": 1e-05, "eps": 1e-10, "duration": 0.11920595169067383, "fun": "0.3497007089038081", "jac": "[-5.55111466e-06  2.22044587e-06 -1.11022293e-06  0.00000000e+00\n -3.33066880e-06 -5.55111466e-06]", "hess_inv": "[[ 3.40660005  0.51487136 -0.29497428  1.1636602   0.4968487  -0.1182716 ]\n [ 0.51487136  3.18880933 -0.75384319  0.51774093 -0.44128257  0.81546282]\n [-0.29497428 -0.75384319  3.77177509 -0.75241144  0.77047385  0.36997169]\n [ 1.1636602   0.51774093 -0.75241144  3.6368193  -0.02868107  0.03881359]\n [ 0.4968487  -0.44128257  0.77047385 -0.02868107  3.37865528 -0.20989935]\n [-0.1182716   0.81546282  0.36997169  0.03881359 -0.20989935  3.29478406]]", "nfev": "154", "njev": "22", "status": "0", "success": "True", "message": "Optimization terminated successfully.", "x": "[ 4.97631361  4.41628746  3.08288935 -1.50794506  0.88152708  1.91968698]", "nit": "18", "callback": [0.7063865826947364, 0.6155852081944557, 0.544558665480284, 0.5096023867988949, 0.4727043841623536, 0.42183345532903915, 0.37522718787279974, 0.36216253520226527, 0.35353085229413383, 0.3497769135131208, 0.34971239837919055, 0.34970726861973533, 0.34970396588075525, 0.34970123024199395, 0.3497007641871299, 0.3497007151510676, 0.3497007100005005, 0.3497007089038081]}, "10": {"maxiter": 500, "gtol": 1e-05, "xrtol": 1e-10, "eps": 1e-05, "duration": 0.11922645568847656, "fun": "0.3497007089028217", "jac": "[-3.54681839e-06  3.15771853e-06 -1.97772909e-06  1.27811095e-06\n  8.05266964e-07 -4.22775148e-06]", "hess_inv": "[[ 3.42654273  0.34923816 -0.51165576  1.21642716  0.42042626 -0.13216888]\n [ 0.34923816  3.2321353  -0.78909183  0.41157179 -0.53424179  0.7363167 ]\n [-0.51165576 -0.78909183  3.61473607 -0.97734138  0.59090587  0.24277421]\n [ 1.21642716  0.41157179 -0.97734138  3.79208438 -0.10011596  0.02121941]\n [ 0.42042626 -0.53424179  0.59090587 -0.10011596  3.25785712 -0.26419286]\n [-0.13216888  0.7363167   0.24277421  0.02121941 -0.26419286  3.26527036]]", "nfev": "154", "njev": "22", "status": "0", "success": "True", "message": "Optimization terminated successfully.", "x": "[ 4.97631483  4.41628394  3.08288469