{"date": "2024/10/26/, 04:56:21", "conf_id": 47, "data_type": "random\n", "num_data_points": 3, "s_rank": 0, "unitary": "[[0.18663085-0.53122324j,-0.11886349-0.70040876j,0.28555095-0.02789305j,-0.12262021-0.2844587j],[-0.16702216+0.27758472j,0.27526351-0.29738586j,-0.01109314+0.22495461j,-0.77239203+0.28900673j],[0.61935415+0.12301792j,-0.31269928-0.03315917j,-0.61902762-0.19039079j,-0.27120731-0.0968989j],[0.42341754+0.0023929j,-0.05847358+0.47832119j,0.64900495-0.16218422j,-0.37182676-0.05229966j]]", "databatch_0": {"databatch": "[[[-0.00722435+0.01073647j,-0.22516252+0.07962622j,-0.03747959+0.22259358j,0.04093531+0.28090716j],[0.10236629-0.03896801j,-0.11673603-0.11427215j,0.12465414+0.03200451j,0.40915005-0.23227035j],[-0.07591374-0.03710579j,-0.03528059+0.44859505j,0.19371028+0.04820878j,-0.04571162-0.06834922j],[0.02369728-0.09718351j,-0.13036775-0.13050546j,-0.03044869-0.14395267j,-0.11122944-0.44762917j]],[[-0.04025729-0.03618218j,0.25722206+0.03240144j,0.38528458-0.0960251j,0.31610183-0.26229635j],[0.00456309-0.05562391j,0.02633071-0.11031473j,-0.03988319-0.05853023j,-0.12143439-0.02835811j],[-0.09993239-0.021924j,-0.08302704-0.23199151j,-0.09848246-0.19773206j,-0.20200853-0.05481712j],[0.0425819+0.06176479j,-0.26805762+0.14858397j,-0.28201544+0.27155231j,-0.09486771+0.37590518j]],[[0.1228115+0.08921461j,-0.0510161+0.08059335j,-0.03507917+0.00505932j,0.04104418-0.09025136j],[0.10249737-0.0219738j,0.01824771+0.06380416j,-0.01344505+0.02008925j,-0.02716857-0.06316186j],[0.12555498+0.06858551j,-0.03843001+0.08135622j,-0.03214539+0.00922474j,0.02748706-0.08884882j],[-0.4732003-0.50455251j,0.29726274-0.31706934j,0.16132657+0.00751342j,-0.26109209+0.36891221j]]]", "initial param values": "[3.72299766,3.90701198,1.78368661,0.28461202,1.15767073,0.21376244]", "nelder_mead": {"type": "gradient-free", "0": {"maxiter": 100, "fatol": 1e-05, "xatol": 1e-05, "duration": 0.1285700798034668, "fun": "0.3299892971423791", "nit": "100", "nfev": "160", "status": "2", "success": "False", "message": "Maximum number of iterations has been exceeded.", "x": "[2.6492038  4.1379401  1.9470074  0.05189895 2.50881352 0.35245356]", "final_simplex": "(array([[2.6492038 , 4.1379401 , 1.9470074 , 0.05189895, 2.50881352,\n        0.35245356],\n       [2.68872311, 4.15306222, 1.91024251, 0.04394508, 2.55095579,\n        0.35571531],\n       [2.6900197 , 4.22452297, 1.99222993, 0.05285811, 2.51264933,\n        0.35262981],\n       [2.68259989, 4.02377424, 1.81741969, 0.05131735, 2.50026799,\n        0.35145131],\n       [2.65919512, 4.08273481, 1.83734738, 0.04334111, 2.54619544,\n        0.35744883],\n       [2.72622212, 3.95177984, 1.74155606, 0.0401229 , 2.54239058,\n        0.35492501],\n       [2.67262251, 4.03331109, 1.76879537, 0.03773585, 2.53512136,\n        0.35739614]]), array([0.3299893 , 0.33025994, 0.33034134, 0.33057758, 0.330643  ,\n       0.33082524, 0.33129409]))", "callback": [0.600986912368495, 0.5147102519965492, 0.4931831492540485, 0.4106057878578868, 0.340299201079711, 0.33544764117619075, 0.33441137369506524, 0.3340798079194759, 0.33374154804841305, 0.33203809372565907]}, "1": {"maxiter": 100, "fatol": 1e-05, "xatol": 1e-10, "duration": 0.12570905685424805, "fun": "0.3299892971423791", "nit": "100", "nfev": "160", "status": "2", "success": "False", "message": "Maximum number of iterations has been exceeded.", "x": "[2.6492038  4.1379401  1.9470074  0.05189895 2.50881352 0.35245356]", "final_simplex": "(array([[2.6492038 , 4.1379401 , 1.9470074 , 0.05189895, 2.50881352,\n        0.35245356],\n       [2.68872311, 4.15306222, 1.91024251, 0.04394508, 2.55095579,\n        0.35571531],\n       [2.6900197 , 4.22452297, 1.99222993, 0.05285811, 2.51264933,\n        0.35262981],\n       [2.68259989, 4.02377424, 1.81741969, 0.05131735, 2.50026799,\n        0.35145131],\n       [2.65919512, 4.08273481, 1.83734738, 0.04334111, 2.54619544,\n        0.35744883],\n       [2.72622212, 3.95177984, 1.74155606, 0.0401229 , 2.54239058,\n        0.35492501],\n       [2.67262251, 4.03331109, 1.76879537, 0.03773585, 2.53512136,\n        0.35739614]]), array([0.3299893 , 0.33025994, 0.33034134, 0.33057758, 0.330643  ,\n       0.33082524, 0.33129409]))", "callback": [0.600986912368495, 0.5147102519965492, 0.4931831492540485, 0.4106057878578868, 0.340299201079711, 0.33544764117619075, 0.33441137369506524, 0.3340798079194759, 0.33374154804841305, 0.33203809372565907]}, "2": {"maxiter": 100, "fatol": 1e-10, "xatol": 1e-05, "duration": 0.1594390869140625, "fun": "0.3299892971423791", "nit": "100", "nfev": "160", "status": "2", "success": "False", "message": "Maximum number of iterations has been exceeded.", "x": "[2.6492038  4.1379401  1.9470074  0.05189895 2.50881352 0.35245356]", "final_simplex": "(array([[2.6492038 , 4.1379401 , 1.9470074 , 0.05189895, 2.50881352,\n        0.35245356],\n       [2.68872311, 4.15306222, 1.91024251, 0.04394508, 2.55095579,\n        0.35571531],\n       [2.6900197 , 4.22452297, 1.99222993, 0.05285811, 2.51264933,\n        0.35262981],\n       [2.68259989, 4.02377424, 1.81741969, 0.05131735, 2.50026799,\n        0.35145131],\n       [2.65919512, 4.08273481, 1.83734738, 0.04334111, 2.54619544,\n        0.35744883],\n       [2.72622212, 3.95177984, 1.74155606, 0.0401229 , 2.54239058,\n        0.35492501],\n       [2.67262251, 4.03331109, 1.76879537, 0.03773585, 2.53512136,\n        0.35739614]]), array([0.3299893 , 0.33025994, 0.33034134, 0.33057758, 0.330643  ,\n       0.33082524, 0.33129409]))", "callback": [0.600986912368495, 0.5147102519965492, 0.4931831492540485, 0.4106057878578868, 0.340299201079711, 0.33544764117619075, 0.33441137369506524, 0.3340798079194759, 0.33374154804841305, 0.33203809372565907]}, "3": {"maxiter": 100, "fatol": 1e-10, "xatol": 1e-10, "duration": 0.15610313415527344, "fun": "0.3299892971423791", "nit": "100", "nfev": "160", "status": "2", "success": "False", "message": "Maximum number of iterations has been exceeded.", "x": "[2.6492038  4.1379401  1.9470074  0.05189895 2.50881352 0.35245356]", "final_simplex": "(array([[2.6492038 , 4.1379401 , 1.9470074 , 0.05189895, 2.50881352,\n        0.35245356],\n       [2.68872311, 4.15306222, 1.91024251, 0.04394508, 2.55095579,\n        0.35571531],\n       [2.6900197 , 4.22452297, 1.99222993, 0.05285811, 2.51264933,\n        0.35262981],\n       [2.68259989, 4.02377424, 1.81741969, 0.05131735, 2.50026799,\n        0.35145131],\n       [2.65919512, 4.08273481, 1.83734738, 0.04334111, 2.54619544,\n        0.35744883],\n       [2.72622212, 3.95177984, 1.74155606, 0.0401229 , 2.54239058,\n        0.35492501],\n       [2.67262251, 4.03331109, 1.76879537, 0.03773585, 2.53512136,\n        0.35739614]]), array([0.3299893 , 0.33025994, 0.33034134, 0.33057758, 0.330643  ,\n       0.33082524, 0.33129409]))", "callback": [0.600986912368495, 0.5147102519965492, 0.4931831492540485, 0.4106057878578868, 0.340299201079711, 0.33544764117619075, 0.33441137369506524, 0.3340798079194759, 0.33374154804841305, 0.33203809372565907]}, "4": {"maxiter": 500, "fatol": 1e-05, "xatol": 1e-05, "duration": 0.7177474498748779, "fun": "0.2786931362979047", "nit": "500", "nfev": "768", "status": "2", "success": "False", "message": "Maximum number of iterations has been exceeded.", "x": "[2.33704972 5.81867756 3.3016037  0.94137532 0.43368119 2.36509934]", "final_simplex": "(array([[2.33704972, 5.81867756, 3.3016037 , 0.94137532, 0.43368119,\n        2.36509934],\n       [2.34121206, 5.82588727, 3.30349101, 0.93318451, 0.44717948,\n        2.34895628],\n       [2.33723838, 5.81034066, 3.31229412, 0.94173489, 0.44858463,\n        2.34553175],\n       [2.31989461, 5.81897905, 3.32152112, 0.9425956 , 0.45145023,\n        2.34862623],\n       [2.34353857, 5.83838887, 3.32406987, 0.94073807, 0.44143168,\n        2.35459535],\n       [2.34842291, 5.83630898, 3.32762788, 0.93541409, 0.46538184,\n        2.33433431],\n       [2.33096936, 5.81195082, 3.30134871, 0.93200327, 0.43125492,\n        2.35112631]]), array([0.27869314, 0.27871656, 0.27874367, 0.27874644, 0.27875014,\n       0.27877661, 0.27882134]))", "callback": [0.600986912368495, 0.5147102519965492, 0.4931831492540485, 0.4106057878578868, 0.340299201079711, 0.33544764117619075, 0.33441137369506524, 0.3340798079194759, 0.33374154804841305, 0.33203809372565907, 0.3295590715822113, 0.3293442052370038, 0.3293442052370038, 0.3293442052370038, 0.3293412491697687, 0.3293336871438989, 0.3293310112627915, 0.32931784041101275, 0.32929514673785043, 0.32918160491147874, 0.32883983933347427, 0.328305210270861, 0.32756620316038143, 0.32660840559293947, 0.3259410458994858, 0.3253390885834664, 0.3249760266809453, 0.3249449464138995, 0.32493713610547637, 0.3249333623781322, 0.32492406750419667, 0.32490054816833813, 0.32482575688669924, 0.3247795000035264, 0.3245129028723782, 0.32389728642568594, 0.3229484691517719, 0.3208272496139398, 0.31652046030824443, 0.3068604484301515, 0.30219600390621393, 0.29772499252507034, 0.29046795753530674, 0.2820981233612606, 0.2799231722149682, 0.2793088762314261, 0.279132784340386, 0.27904837291281737, 0.27898734601344355, 0.2788361109029657]}, "5": {"maxiter": 500, "fatol": 1e-05, "xatol": 1e-10, "duration": 0.5931940078735352, "fun": "0.2786931362979047", "nit": "500", "nfev": "768", "status": "2", "success": "False", "message": "Maximum number of iterations has been exceeded.", "x": "[2.33704972 5.81867756 3.3016037  0.94137532 0.43368119 2.36509934]", "final_simplex": "(array([[2.33704972, 5.81867756, 3.3016037 , 0.94137532, 0.43368119,\n        2.36509934],\n       [2.34121206, 5.82588727, 3.30349101, 0.93318451, 0.44717948,\n        2.34895628],\n       [2.33723838, 5.81034066, 3.31229412, 0.94173489, 0.44858463,\n        2.34553175],\n       [2.31989461, 5.81897905, 3.32152112, 0.9425956 , 0.45145023,\n        2.34862623],\n       [2.34353857, 5.83838887, 3.32406987, 0.94073807, 0.44143168,\n        2.35459535],\n       [2.34842291, 5.83630898, 3.32762788, 0.93541409, 0.46538184,\n        2.33433431],\n       [2.33096936, 5.81195082, 3.30134871, 0.93200327, 0.43125492,\n        2.35112631]]), array([0.27869314, 0.27871656, 0.27874367, 0.27874644, 0.27875014,\n       0.27877661, 0.27882134]))", "callback": [0.600986912368495, 0.5147102519965492, 0.4931831492540485, 0.4106057878578868, 0.340299201079711, 0.33544764117619075, 0.33441137369506524, 0.3340798079194759, 0.33374154804841305, 0.33203809372565907, 0.3295590715822113, 0.3293442052370038, 0.3293442052370038, 0.3293442052370038, 0.3293412491697687, 0.3293336871438989, 0.3293310112627915, 0.32931784041101275, 0.32929514673785043, 0.32918160491147874, 0.32883983933347427, 0.328305210270861, 0.32756620316038143, 0.32660840559293947, 0.3259410458994858, 0.3253390885834664, 0.3249760266809453, 0.3249449464138995, 0.32493713610547637, 0.3249333623781322, 0.32492406750419667, 0.32490054816833813, 0.32482575688669924, 0.3247795000035264, 0.3245129028723782, 0.32389728642568594, 0.3229484691517719, 0.3208272496139398, 0.31652046030824443, 0.3068604484301515, 0.30219600390621393, 0.29772499252507034, 0.29046795753530674, 0.2820981233612606, 0.2799231722149682, 0.2793088762314261, 0.279132784340386, 0.27904837291281737, 0.27898734601344355, 0.2788361109029657]}, "6": {"maxiter": 500, "fatol": 1e-10, "xatol": 1e-05, "duration": 0.6087963581085205, "fun": "0.2786931362979047", "nit": "500", "nfev": "768", "status": "2", "success": "False", "message": "Maximum number of iterations has been exceeded.", "x": "[2.33704972 5.81867756 3.3016037  0.94137532 0.43368119 2.36509934]", "final_simplex": "(array([[2.33704972, 5.81867756, 3.3016037 , 0.94137532, 0.43368119,\n        2.36509934],\n       [2.34121206, 5.82588727, 3.30349101, 0.93318451, 0.44717948,\n        2.34895628],\n       [2.33723838, 5.81034066, 3.31229412, 0.94173489, 0.44858463,\n        2.34553175],\n       [2.31989461, 5.81897905, 3.32152112, 0.9425956 , 0.45145023,\n        2.34862623],\n       [2.34353857, 5.83838887, 3.32406987, 0.94073807, 0.44143168,\n        2.35459535],\n       [2.34842291, 5.83630898, 3.32762788, 0.93541409, 0.46538184,\n        2.33433431],\n       [2.33096936, 5.81195082, 3.30134871, 0.93200327, 0.43125492,\n        2.35112631]]), array([0.27869314, 0.27871656, 0.27874367, 0.27874644, 0.27875014,\n       0.27877661, 0.27882134]))", "callback": [0.600986912368495, 0.5147102519965492, 0.4931831492540485, 0.4106057878578868, 0.340299201079711, 0.33544764117619075, 0.33441137369506524, 0.3340798079194759, 0.33374154804841305, 0.33203809372565907, 0.3295590715822113, 0.3293442052370038, 0.3293442052370038, 0.3293442052370038, 0.3293412491697687, 0.3293336871438989, 0.3293310112627915, 0.32931784041101275, 0.32929514673785043, 0.32918160491147874, 0.32883983933347427, 0.328305210270861, 0.32756620316038143, 0.32660840559293947, 0.3259410458994858, 0.3253390885834664, 0.3249760266809453, 0.3249449464138995, 0.32493713610547637, 0.3249333623781322, 0.32492406750419667, 0.32490054816833813, 0.32482575688669924, 0.3247795000035264, 0.3245129028723782, 0.32389728642568594, 0.3229484691517719, 0.3208272496139398, 0.31652046030824443, 0.3068604484301515, 0.30219600390621393, 0.29772499252507034, 0.29046795753530674, 0.2820981233612606, 0.2799231722149682, 0.2793088762314261, 0.279132784340386, 0.27904837291281737, 0.27898734601344355, 0.2788361109029657]}, "7": {"maxiter": 500, "fatol": 1e-10, "xatol": 1e-10, "duration": 0.595536470413208, "fun": "0.2786931362979047", "nit": "500", "nfev": "768", "status": "2", "success": "False", "message": "Maximum number of iterations has been exceeded.", "x": "[2.33704972 5.81867756 3.3016037  0.94137532 0.43368119 2.36509934]", "final_simplex": "(array([[2.33704972, 5.81867756, 3.3016037 , 0.94137532, 0.43368119,\n        2.36509934],\n       [2.34121206, 5.82588727, 3.30349101, 0.93318451, 0.44717948,\n        2.34895628],\n       [2.33723838, 5.81034066, 3.31229412, 0.94173489, 0.44858463,\n        2.34553175],\n       [2.31989461, 5.81897905, 3.32152112, 0.9425956 , 0.45145023,\n        2.34862623],\n       [2.34353857, 5.83838887, 3.32406987, 0.94073807, 0.44143168,\n        2.35459535],\n       [2.34842291, 5.83630898, 3.32762788, 0.93541409, 0.46538184,\n        2.33433431],\n       [2.33096936, 5.81195082, 3.30134871, 0.93200327, 0.43125492,\n        2.35112631]]), array([0.27869314, 0.27871656, 0.27874367, 0.27874644, 0.27875014,\n       0.27877661, 0.27882134]))", "callback": [0.600986912368495, 0.5147102519965492, 0.4931831492540485, 0.4106057878578868, 0.340299201079711, 0.33544764117619075, 0.33441137369506524, 0.3340798079194759, 0.33374154804841305, 0.33203809372565907, 0.3295590715822113, 0.3293442052370038, 0.3293442052370038, 0.3293442052370038, 0.3293412491697687, 0.3293336871438989, 0.3293310112627915, 0.32931784041101275, 0.32929514673785043, 0.32918160491147874, 0.32883983933347427, 0.328305210270861, 0.32756620316038143, 0.32660840559293947, 0.3259410458994858, 0.3253390885834664, 0.3249760266809453, 0.3249449464138995, 0.32493713610547637, 0.3249333623781322, 0.32492406750419667, 0.32490054816833813, 0.32482575688669924, 0.3247795000035264, 0.3245129028723782, 0.32389728642568594, 0.3229484691517719, 0.3208272496139398, 0.31652046030824443, 0.3068604484301515, 0.30219600390621393, 0.29772499252507034, 0.29046795753530674, 0.2820981233612606, 0.2799231722149682, 0.2793088762314261, 0.279132784340386, 0.27904837291281737, 0.27898734601344355, 0.2788361109029657]}, "8": {"maxiter": 1000, "fatol": 1e-05, "xatol": 1e-05, "duration": 0.9555978775024414, "fun": "0.27647535260408296", "nit": "738", "nfev": "1142", "status": "0", "success": "True", "message": "Optimization terminated successfully.", "x": "[2.14071448 5.97785259 3.33588809 1.16430728 0.40446611 2.35585254]", "final_simplex": "(array([[2.14071448, 5.97785259, 3.33588809, 1.16430728, 0.40446611,\n        2.35585254],\n       [2.14070848, 5.97785566, 3.33588672, 1.16431626, 0.40446387,\n        2.3558524 ],\n       [2.14070954, 5.97785566, 3.33588458, 1.16431416, 0.40446193,\n        2.3558537 ],\n       [2.14070804, 5.97785663, 3.33588867, 1.1643135 , 0.40446445,\n        2.35584977],\n       [2.14070741, 5.97785508, 3.33588959, 1.16431189, 0.40446425,\n        2.35585546],\n       [2.14071592, 5.97785304, 3.33588837, 1.16431021, 0.40446135,\n        2.35585598],\n       [2.14071604, 5.97785988, 3.33589299, 1.16431053, 0.40447054,\n        2.35584862]]), array([0.27647535, 0.27647535, 0.27647535, 0.27647535, 0.27647535,\n       0.27647535, 0.27647535]))", "callback": [0.600986912368495, 0.5147102519965492, 0.4931831492540485, 0.4106057878578868, 0.340299201079711, 0.33544764117619075, 0.33441137369506524, 0.3340798079194759, 0.33374154804841305, 0.33203809372565907, 0.3295590715822113, 0.3293442052370038, 0.3293442052370038, 0.3293442052370038, 0.3293412491697687, 0.3293336871438989, 0.3293310112627915, 0.32931784041101275, 0.32929514673785043, 0.32918160491147874, 0.32883983933347427, 0.328305210270861, 0.32756620316038143, 0.32660840559293947, 0.3259410458994858, 0.3253390885834664, 0.3249760266809453, 0.3249449464138995, 0.32493713610547637, 0.3249333623781322, 0.32492406750419667, 0.32490054816833813, 0.32482575688669924, 0.3247795000035264, 0.3245129028723782, 0.32389728642568594, 0.3229484691517719, 0.3208272496139398, 0.31652046030824443, 0.3068604484301515, 0.30219600390621393, 0.29772499252507034, 0.29046795753530674, 0.2820981233612606, 0.2799231722149682, 0.2793088762314261, 0.279132784340386, 0.27904837291281737, 0.27898734601344355, 0.2788361109029657, 0.2786703571843523, 0.2786098049248782, 0.2785698643090607, 0.27854376795379154, 0.2785262511432087, 0.2784830661075991, 0.2783420097642614, 0.2781755033830765, 0.27771262440314304, 0.2774470819811382, 0.2771714052249542, 0.2768518763110147, 0.2765886425320967, 0.2765175882976286, 0.2764809760805934, 0.2764782203431354, 0.2764757376439205, 0.27647546826372127, 0.2764753692822738, 0.27647535476797, 0.27647535314453886, 0.27647535269122614, 0.27647535261656564, 0.276475352607111]}, "9": {"maxiter": 1000, "fatol": 1e-05, "xatol": 1e-10, "duration": 1.182121753692627, "fun": "0.2764753526017042", "nit": "842", "nfev": "1371", "status": "0", "success": "True", "message": "Optimization terminated successfully.", "x": "[2.14071298 5.97785636 3.33588701 1.16431199 0.40446646 2.35585403]", "final_simplex": "(array([[2.14071298, 5.97785636, 3.33588701, 1.16431199, 0.40446646,\n        2.35585403],\n       [2.14071298, 5.97785636, 3.33588701, 1.16431199, 0.40446646,\n        2.35585403],\n       [2.14071298, 5.97785636, 3.33588701, 1.16431199, 0.40446646,\n        2.35585403],\n       [2.14071298, 5.97785636, 3.33588701, 1.16431199, 0.40446646,\n        2.35585403],\n       [2.14071298, 5.97785636, 3.33588701, 1.16431199, 0.40446646,\n        2.35585403],\n       [2.14071298, 5.97785636, 3.33588701, 1.16431199, 0.40446646,\n        2.35585403],\n       [2.14071298, 5.97785636, 3.33588701, 1.16431199, 0.40446646,\n        2.35585403]]), array([0.27647535, 0.27647535, 0.27647535, 0.27647535, 0.27647535,\n       0.27647535, 0.27647535]))", "callback": [0.600986912368495, 0.5147102519965492, 0.4931831492540485, 0.4106057878578868, 0.340299201079711, 0.33544764117619075, 0.33441137369506524, 0.3340798079194759, 0.33374154804841305, 0.33203809372565907, 0.3295590715822113, 0.3293442052370038, 0.3293442052370038, 0.3293442052370038, 0.3293412491697687, 0.3293336871438989, 0.3293310112627915, 0.32931784041101275, 0.32929514673785043, 0.32918160491147874, 0.32883983933347427, 0.328305210270861, 0.32756620316038143, 0.32660840559293947, 0.3259410458994858, 0.3253390885834664, 0.3249760266809453, 0.3249449464138995, 0.32493713610547637, 0.3249333623781322, 0.32492406750419667, 0.32490054816833813, 0.32482575688669924, 0.3247795000035264, 0.3245129028723782, 0.32389728642568594, 0.3229484691517719, 0.3208272496139398, 0.31652046030824443, 0.3068604484301515, 0.30219600390621393, 0.29772499252507034, 0.29046795753530674, 0.2820981233612606, 0.2799231722149682, 0.2793088762314261, 0.279132784340386, 0.27904837291281737, 0.27898734601344355, 0.2788361109029657, 0.2786703571843523, 0.2786098049248782, 0.2785698643090607, 0.27854376795379154, 0.2785262511432087, 0.2784830661075991, 0.2783420097642614, 0.2781755033830765, 0.27771262440314304, 0.2774470819811382, 0.2771714052249542, 0.2768518763110147, 0.2765886425320967, 0.2765175882976286, 0.2764809760805934, 0.2764782203431354, 0.2764757376439205, 0.27647546826372127, 0.2764753692822738, 0.27647535476797, 0.27647535314453886, 0.27647535269122614, 0.27647535261656564, 0.276475352607111, 0.2764753526031186, 0.2764753526019169, 0.2764753526018512, 0.2764753526017275, 0.27647535260171097, 0.2764753526017051, 0.27647535260170464, 0.2764753526017043, 0.2764753526017042, 0.2764753526017042, 0.2764753526017042]}, "10": {"maxiter": 1000, "fatol": 1e-10, "xatol": 1e-05, "duration": 1.1003284454345703, "fun": "0.27647535260408296", "nit": "738", "nfev": "1142", "status": "0", "success": "True", "message": "Optimization terminated successfully.", "x": "[2.14071448 5.97785259 3.33588809 1.16430728 0.40446611 2.35585254]", "final_simplex": "(array([[2.14071448, 5.97785259, 3.33588809, 1.16430728, 0.40446611,\n        2.35585254],\n       [2.14070848, 5.97785566, 3.33588672, 1.16431626, 0.40446387,\n        2.3558524 ],\n       [2.14070954, 5.97785566, 3.33588458, 1.16431416, 0.40446193,\n        2.3558537 ],\n       [2.14070804, 5.97785663, 3.33588867, 1.1643135 , 0.40446445,\n        2.35584977],\n       [2.14070741, 5.97785508, 3.33588959, 1.16431189, 0.40446425,\n        2.35585546],\n       [2.14071592, 5.97785304, 3.33588837, 1.16431021, 0.40446135,\n        2.35585598],\n       [2.14071604, 5.97785988, 3.33589299, 1.16431053, 0.40447054,\n        2.35584862]]), array([0.27647535, 0.27647535, 0.27647535, 0.27647535, 0.27647535,\n       0.27647535, 0.27647535]))", "callback": [0.600986912368495, 0.5147102519965492, 0.4931831492540485, 0.4106057878578868, 0.340299201079711, 0.33544764117619075, 0.33441137369506524, 0.3340798079194759, 0.33374154804841305, 0.33203809372565907, 0.3295590715822113, 0.3293442052370038, 0.3293442052370038, 0.3293442052370038, 0.3293412491697687, 0.3293336871438989, 0.3293310112627915, 0.32931784041101275, 0.32929514673785043, 0.32918160491147874, 0.32883983933347427, 0.328305210270861, 0.32756620316038143, 0.32660840559293947, 0.3259410458994858, 0.3253390885834664, 0.3249760266809453, 0.3249449464138995, 0.32493713610547637, 0.3249333623781322, 0.32492406750419667, 0.32490054816833813, 0.32482575688669924, 0.3247795000035264, 0.3245129028723782, 0.32389728642568594, 0.3229484691517719, 0.3208272496139398, 0.31652046030824443, 0.3068604484301515, 0.30219600390621393, 0.29772499252507034, 0.29046795753530674, 0.2820981233612606, 0.2799231722149682, 0.2793088762314261, 0.279132784340386, 0.27904837291281737, 0.27898734601344355, 0.2788361109029657, 0.2786703571843523, 0.2786098049248782, 0.2785698643090607, 0.27854376795379154, 0.2785262511432087, 0.2784830661075991, 0.2783420097642614, 0.2781755033830765, 0.27771262440314304, 0.2774470819811382, 0.2771714052249542, 0.2768518763110147, 0.2765886425320967, 0.2765175882976286, 0.2764809760805934, 0.2764782203431354, 0.2764757376439205, 0.27647546826372127, 0.2764753692822738, 0.27647535476797, 0.27647535314453886, 0.27647535269122614, 0.27647535261656564, 0.276475352607111]}, "11": {"maxiter": 1000, "fatol": 1e-10, "xatol": 1e-10, "duration": 1.2123386859893799, "fun": "0.2764753526017042", "nit": "842", "nfev": "1371", "status": "0", "success": "True", "message": "Optimization terminated successfully.", "x": "[2.14071298 5.97785636 3.33588701 1.16431199 0.40446646 2.35585403]", "final_simplex": "(array([[2.14071298, 5.97785636, 3.33588701, 1.16431199, 0.40446646,\n        2.35585403],\n       [2.14071298, 5.97785636, 3.33588701, 1.16431199, 0.40446646,\n        2.35585403],\n       [2.14071298, 5.97785636, 3.33588701, 1.16431199, 0.40446646,\n        2.35585403],\n       [2.14071298, 5.97785636, 3.33588701, 1.16431199, 0.40446646,\n        2.35585403],\n       [2.14071298, 5.97785636, 3.33588701, 1.16431199, 0.40446646,\n        2.35585403],\n       [2.14071298, 5.97785636, 3.33588701, 1.16431199, 0.40446646,\n        2.35585403],\n       [2.14071298, 5.97785636, 3.33588701, 1.16431199, 0.40446646,\n        2.35585403]]), array([0.27647535, 0.27647535, 0.27647535, 0.27647535, 0.27647535,\n       0.27647535, 0.27647535]))", "callback": [0.600986912368495, 0.5147102519965492, 0.4931831492540485, 0.4106057878578868, 0.340299201079711, 0.33544764117619075, 0.33441137369506524, 0.3340798079194759, 0.33374154804841305, 0.33203809372565907, 0.3295590715822113, 0.3293442052370038, 0.3293442052370038, 0.3293442052370038, 0.3293412491697687, 0.3293336871438989, 0.3293310112627915, 0.32931784041101275, 0.32929514673785043, 0.32918160491147874, 0.32883983933347427, 0.328305210270861, 0.32756620316038143, 0.32660840559293947, 0.3259410458994858, 0.3253390885834664, 0.3249760266809453, 0.3249449464138995, 0.32493713610547637, 0.3249333623781322, 0.32492406750419667, 0.32490054816833813, 0.32482575688669924, 0.3247795000035264, 0.3245129028723782, 0.32389728642568594, 0.3229484691517719, 0.3208272496139398, 0.31652046030824443, 0.3068604484301515, 0.30219600390621393, 0.29772499252507034, 0.29046795753530674, 0.2820981233612606, 0.2799231722149682, 0.2793088762314261, 0.279132784340386, 0.27904837291281737, 0.27898734601344355, 0.2788361109029657, 0.2786703571843523, 0.2786098049248782, 0.2785698643090607, 0.27854376795379154, 0.2785262511432087, 0.2784830661075991, 0.2783420097642614, 0.2781755033830765, 0.27771262440314304, 0.2774470819811382, 0.2771714052249542, 0.2768518763110147, 0.2765886425320967, 0.2765175882976286, 0.2764809760805934, 0.2764782203431354, 0.2764757376439205, 0.27647546826372127, 0.2764753692822738, 0.27647535476797, 0.27647535314453886, 0.27647535269122614, 0.27647535261656564, 0.276475352607111, 0.2764753526031186, 0.2764753526019169, 0.2764753526018512, 0.2764753526017275, 0.27647535260171097, 0.2764753526017051, 0.27647535260170464, 0.2764753526017043, 0.2764753526017042, 0.2764753526017042, 0.2764753526017042]}}, "bfgs": {"type": "gradient", "0": {"maxiter": 100, "gtol": 1e-05, "xrtol": 1e-05, "eps": 1e-05, "duration": 0.4368703365325928, "fun": "0.2764753527826729", "jac": "[-3.71583875e-06  8.23979773e-06 -1.91558991e-06 -6.52945475e-06\n  1.03494990e-06  6.58189059e-06]", "hess_inv": "[[13.70315114 -4.44799203 -0.25196454 -9.85570648  4.10338211 -0.63840779]\n [-4.44799203  8.83597598  3.60363147  6.98330697  0.51295525 -1.05869011]\n [-0.25196454  3.60363147  5.0939144   1.13912608  1.3384231  -1.74813089]\n [-9.85570648  6.98330697  1.13912608 12.10048133 -2.70855338  0.63142627]\n [ 4.10338211  0.51295525  1.3384231  -2.70855338  6.5743577  -2.70811698]\n [-0.63840779 -1.05869011 -1.74813089  0.63142627 -2.70811698  4.32777582]]", "nfev": "266", "njev": "38", "status": "0", "success": "True", "message": "Optimization terminated successfully.", "x": "[2.14069051 5.9778679  3.33587681 1.16430924 0.40445128 2.35587733]", "nit": "37", "callback": [0.5179028695319332, 0.364588627201772, 0.3376203948481469, 0.32266623528974625, 0.3193176672254959, 0.3174983593222013, 0.31582067746855, 0.31539110234972867, 0.31504607069459356, 0.3144610991471537, 0.31343463683125605, 0.31167699995908416, 0.3091710271686279, 0.3075313606379061, 0.3061335669494095, 0.3054963535144579, 0.30531627467477074, 0.30509701298136604, 0.304929537899441, 0.30464835434095716, 0.3041417758121008, 0.3032083340951317, 0.30162342686214216, 0.30023602216282763, 0.2983793371345559, 0.29523371232128237, 0.2899761834666298, 0.2844963942161348, 0.28124936559295277, 0.27764554196672553, 0.27712952396858836, 0.2765533892121491, 0.276487418500433, 0.27647667413080346, 0.27647559288073287, 0.27647535919284516, 0.2764753527826729]}, "1": {"maxiter": 100, "gtol": 1e-05, "xrtol": 1e-05, "eps": 1e-10, "duration": 0.4205055236816406, "fun": "0.2764753528420454", "jac": "[ 0.00000000e+00  5.55111466e-06 -8.88178346e-06 -1.11022293e-06\n  4.44089173e-06  4.44089173e-06]", "hess_inv": "[[ 15.47349379  -5.1276242   -0.57715847 -10.82038394   4.91171675\n   -1.26547438]\n [ -5.1276242    9.72125998   4.10808815   7.33417721   0.0929962\n   -0.70352215]\n [ -0.57715847   4.10808815   5.0208662    1.36057827   1.42812274\n   -1.56217881]\n [-10.82038394   7.33417721   1.36057827  12.5381151   -3.30310936\n    0.97831215]\n [  4.91171675   0.0929962    1.42812274  -3.30310936   6.71764826\n   -3.06374223]\n [ -1.26547438  -0.70352215  -1.56217881   0.97831215  -3.06374223\n    4.62401237]]", "nfev": "266", "njev": "38", "status": "0", "success": "True", "message": "Optimization terminated successfully.", "x": "[2.14073875 5.97785522 3.33585506 1.16429956 0.40448054 2.35587166]", "nit": "37", "callback": [0.517902538417065, 0.3645879878935091, 0.3376201311612329, 0.3226665761839328, 0.31931777887690116, 0.3174984313881346, 0.31582056979742823, 0.31539092114025424, 0.3150458584128838, 0.31446110041235864, 0.3134351686685434, 0.311678592205916, 0.30917323956255316, 0.3075324642625761, 0.30613552053453175, 0.30549544820620056, 0.3053156806535241, 0.3050957725642306, 0.3049285503507829, 0.30464786316135906, 0.30414147695256355, 0.3032085927862055, 0.3016257327181254, 0.30023690769427824, 0.2983883421919987, 0.2952553457622632, 0.29001783382717994, 0.284636942770475, 0.2810083453405484, 0.27776191325870847, 0.27693215015098893, 0.27659355167240884, 0.27648596017540517, 0.2764766749569868, 0.2764755719592933, 0.2764753583552487, 0.2764753528420454]}, "2": {"maxiter": 100, "gtol": 1e-05, "xrtol": 1e-10, "eps": 1e-05, "duration": 0.4385209083557129, "fun": "0.2764753527826729", "jac": "[-3.71583875e-06  8.23979773e-06 -1.91558991e-06 -6.52945475e-06\n  1.03494990e-06  6.58189059e-06]", "hess_inv": "[[13.70315114 -4.44799203 -0.25196454 -9.85570648  4.10338211 -0.63840779]\n [-4.44799203  8.83597598  3.60363147  6.98330697  0.51295525 -1.05869011]\n [-0.25196454  3.60363147  5.0939144   1.13912608  1.3384231  -1.74813089]\n [-9.85570648  6.98330697  1.13912608 12.10048133 -2.70855338  0.63142627]\n [ 4.10338211  0.51295525  1.3384231  -2.70855338  6.5743577  -2.70811698]\n [-0.63840779 -1.05869011 -1.74813089  0.63142627 -2.70811698  4.32777582]]", "nfev": "266", "njev": "38", "status": "0", "success": "True", "message": "Optimization terminated successfully.", "x": "[2.14069051 5.9778679  3.33587681 1.16430924 0.40445128 2.35587733]", "nit": "37", "callback": [0.5179028695319332, 0.364588627201772, 0.3376203948481469, 0.32266623528974625, 0.3193176672254959, 0.3174983593222013, 0.31582067746855, 0.31539110234972867, 0.31504607069459356, 0.3144610991471537, 0.31343463683125605, 0.31167699995908416, 0.3091710271686279, 0.3075313606379061, 0.3061335669494095, 0.3054963535144579, 0.30531627467477074, 0.30509701298136604, 0.304929537899441, 0.30464835434095716, 0.3041417758121008, 0.3032083340951317, 0.30162342686214216, 0.30023602216282763, 0.2983793371345559, 0.29523371232128237, 0.2899761834666298, 0.2844963942161348, 0.28124936559295277, 0.27764554196672553, 0.27712952396858836, 0.2765533892121491, 0.276487418500433, 0.27647667413080346, 0.27647559288073287, 0.27647535919284516, 0.2764753527826729]}, "3": {"maxiter": 100, "gtol": 1e-05, "xrtol": 1e-10, "eps": 1e-10, "duration": 0.4207572937011719, "fun": "0.2764753528420454", "jac": "[ 0.00000000e+00  5.55111466e-06 -8.88178346e-06 -1.11022293e-06\n  4.44089173e-06  4.44089173e-06]", "hess_inv": "[[ 15.47349379  -5.1276242   -0.57715847 -10.82038394   4.91171675\n   -1.26547438]\n [ -5.1276242    9.72125998   4.10808815   7.33417721   0.0929962\n   -0.70352215]\n [ -0.57715847   4.10808815   5.0208662    1.36057827   1.42812274\n   -1.56217881]\n [-10.82038394   7.33417721   1.36057827  12.5381151   -3.30310936\n    0.97831215]\n [  4.91171675   0.0929962    1.42812274  -3.30310936   6.71764826\n   -3.06374223]\n [ -1.26547438  -0.70352215  -1.56217881   0.97831215  -3.06374223\n    4.62401237]]", "nfev": "266", "njev": "38", "status": "0", "success": "True", "message": "Optimization terminated successfully.", "x": "[2.14073875 5.97785522 3.33585506 1.16429956 0.40448054 2.35587166]", "nit": "37", "callback": [0.517902538417065, 0.3645879878935091, 0.3376201311612329, 0.3226665761839328, 0.31931777887690116, 0.3174984313881346, 0.31582056979742823, 0.31539092114025424, 0.3150458584128838, 0.31446110041235864, 0.3134351686685434, 0.311678592205916, 0.30917323956255316, 0.3075324642625761, 0.30613552053453175, 0.30549544820620056, 0.3053156806535241, 0.3050957725642306, 0.3049285503507829, 0.30464786316135906, 0.30414147695256355, 0.3032085927862055, 0.3016257327181254, 0.30023690769427824, 0.2983883421919987, 0.2952553457622632, 0.29001783382717994, 0.284636942770475, 0.2810083453405484, 0.27776191325870847, 0.27693215015098893, 0.27659355167240884, 0.27648596017540517, 0.2764766749569868, 0.2764755719592933, 0.2764753583552487, 0.2764753528420454]}, "4": {"maxiter": 100, "gtol": 1e-10, "xrtol": 1e-05, "eps": 1e-05, "duration": 0.44285058975219727, "fun": "0.2764753526487548", "jac": "[-2.52220467e-07  2.44548826e-07 -7.82263143e-08 -1.13342669e-07\n -1.44972923e-07 -7.26640970e-08]", "hess_inv": "[[13.53107528 -4.33970788 -0.09810947 -9.48701056  4.11879042 -0.96863264]\n [-4.33970788  8.82904428  3.44235803  6.62108092  0.4692676  -0.6150752 ]\n [-0.09810947  3.44235803  5.02422395  0.94658804  1.36044031 -1.70118787]\n [-9.48701056  6.62108092  0.94658804 11.58750457 -2.66925684  0.83733225]\n [ 4.11879042  0.4692676   1.36044031 -2.66925684  6.59185448 -2.80950012]\n [-0.96863264 -0.6150752  -1.70118787  0.83733225 -2.80950012  4.60251617]]", "nfev": "273", "njev": "39", "status": "0", "success": "True", "message": "Optimization terminated successfully.", "x": "[2.14071652 5.97783241 3.33587367 1.16429415 0.40445957 2.35585362]", "nit": "38", "callback": [0.5179028695319332, 0.364588627201772, 0.3376203948481469, 0.32266623528974625, 0.3193176672254959, 0.3174983593222013, 0.31582067746855, 0.31539110234972867, 0.31504607069459356, 0.3144610991471537, 0.31343463683125605, 0.31167699995908416, 0.3091710271686279, 0.3075313606379061, 0.3061335669494095, 0.3054963535144579, 0.30531627467477074, 0.30509701298136604, 0.304929537899441, 0.30464835434095716, 0.3041417758121008, 0.3032083340951317, 0.30162342686214216, 0.30023602216282763, 0.2983793371345559, 0.29523371232128237, 0.2899761834666298, 0.2844963942161348, 0.28124936559295277, 0.27764554196672553, 0.27712952396858836, 0.2765533892121491, 0.276487418500433, 0.27647667413080346, 0.27647559288073287, 0.27647535919284516, 0.2764753527826729, 0.2764753526487548]}, "5": {"maxiter": 100, "gtol": 1e-10, "xrtol": 1e-05, "eps": 1e-10, "duration": 0.39307427406311035, "fun": "0.27647535261611156", "jac": "[ 2.22044587e-06  2.22044587e-06  0.00000000e+00  0.00000000e+00\n -1.11022293e-06 -1.11022293e-06]", "hess_inv": "[[ 15.48912468  -5.07862615  -0.73462094 -10.75268612   4.94508321\n   -1.18263212]\n [ -5.07862615   9.72275576   4.05727542   7.25230313   0.15065017\n   -0.61971364]\n [ -0.73462094   4.05727542   5.31809129   1.53473917   1.22864514\n   -1.88470804]\n [-10.75268612   7.25230313   1.53473917  12.26269256  -3.24935745\n    0.99704187]\n [  4.94508321   0.15065017   1.22864514  -3.24935745   6.77438766\n   -2.94118115]\n [ -1.18263212  -0.61971364  -1.88470804   0.99704187  -2.94118115\n    4.8596961 ]]", "nfev": "273", "njev": "39", "status": "0", "success": "True", "message": "Optimization terminated successfully.", "x": "[2.14073177 5.97784741 3.33588439 1.16429655 0.40446999 2.35585095]", "nit": "38", "callback": [0.517902538417065, 0.3645879878935091, 0.3376201311612329, 0.3226665761839328, 0.31931777887690116, 0.3174984313881346, 0.31582056979742823, 0.31539092114025424, 0.3150458584128838, 0.31446110041235864, 0.3134351686685434, 0.311678592205916, 0.30917323956255316, 0.3075324642625761, 0.30613552053453175, 0.30549544820620056, 0.3053156806535241, 0.3050957725642306, 0.3049285503507829, 0.30464786316135906, 0.30414147695256355, 0.3032085927862055, 0.3016257327181254, 0.30023690769427824, 0.2983883421919987, 0.2952553457622632, 0.29001783382717994, 0.284636942770475, 0.2810083453405484, 0.27776191325870847, 0.27693215015098893, 0.27659355167240884, 0.27648596017540517, 0.2764766749569868, 0.2764755719592933, 0.2764753583552487, 0.2764753528420454, 0.27647535261611156]}, "6": {"maxiter": 100, "gtol": 1e-10, "xrtol": 1e-10, "eps": 1e-05, "duration": 0.30478382110595703, "fun": "0.2764753526487548", "jac": "[-2.52220467e-07  2.44548826e-07 -7.82263143e-08 -1.13342669e-07\n -1.44972923e-07 -7.26640970e-08]", "hess_inv": "[[13.97342473 -4.74863511 -0.14027465 -9.78561894  4.27403876 -1.16290695]\n [-4.74863511  9.12162881  3.47644445  6.91565301  0.31942598 -0.52725436]\n [-0.14027465  3.47644445  5.02796299  0.9761125   1.3452798  -1.68792481]\n [-9.78561894  6.91565301  0.9761125  11.78506395 -2.77268642  0.9883749 ]\n [ 4.27403876  0.31942598  1.3452798  -2.77268642  6.64587298 -2.88447486]\n [-1.16290695 -0.52725436 -1.68792481  0.9883749  -2.88447486  4.58926623]]", "nfev": "396", "njev": "55", "status": "2", "success": "False", "message": "Desired error not necessarily achieved due to precision loss.", "x": "[2.14071652 5.97783241 3.33587367 1.16429415 0.40445957 2.35585362]", "nit": "38", "callback": [0.5179028695319332, 0.364588627201772, 0.3376203948481469, 0.32266623528974625, 0.3193176672254959, 0.3174983593222013, 0.31582067746855, 0.31539110234972867, 0.31504607069459356, 0.3144610991471537, 0.31343463683125605, 0.31167699995908416, 0.3091710271686279, 0.3075313606379061, 0.3061335669494095, 0.3054963535144579, 0.30531627467477074, 0.30509701298136604, 0.304929537899441, 0.30464835434095716, 0.3041417758121008, 0.3032083340951317, 0.30162342686214216, 0.30023602216282763, 0.2983793371345559, 0.29523371232128237, 0.2899761834666298, 0.2844963942161348, 0.28124936559295277, 0.27764554196672553, 0.27712952396858836, 0.2765533892121491, 0.276487418500433, 0.27647667413080346, 0.27647559288073287, 0.27647535919284516, 0.2764753527826729, 0.2764753526487548]}, "7": {"maxiter": 100, "gtol": 1e-10, "xrtol": 1e-10, "eps": 1e-10, "duration": 0.3012502193450928, "fun": "0.2764753526115383", "jac": "[0. 0. 0. 0. 0. 0.]", "hess_inv": "[[ 3.08725531e+01 -5.27186392e+00  1.24924180e-02 -1.58568861e+01\n   6.83371258e+00 -1.05167493e+00]\n [-5.27186392e+00  2.49279975e+00 -2.49252794e-01  2.71222700e+00\n  -1.27067815e+00 -7.02230316e-02]\n [ 1.24924180e-02 -2.49252794e-01  2.51873311e+00 -1.74953533e+00\n   6.94952433e-01 -1.63127258e+00]\n [-1.58568861e+01  2.71222700e+00 -1.74953533e+00  1.00857136e+01\n  -4.26618044e+00  6.97948792e-01]\n [ 6.83371258e+00 -1.27067815e+00  6.94952433e-01 -4.26618044e+00\n   6.45966069e+00 -2.52363615e+00]\n [-1.05167493e+00 -7.02230316e-02 -1.63127258e+00  6.97948792e-01\n  -2.52363615e+00  4.35772210e+00]]", "nfev": "301", "njev": "43", "status": "0", "success": "True", "message": "Optimization terminated successfully.", "x": "[2.14071975 5.97784367 3.33588317 1.16430095 0.40446604 2.35585255]", "nit": "41", "callback": [0.517902538417065, 0.3645879878935091, 0.3376201311612329, 0.3226665761839328, 0.31931777887690116, 0.3174984313881346, 0.31582056979742823, 0.31539092114025424, 0.3150458584128838, 0.31446110041235864, 0.3134351686685434, 0.311678592205916, 0.30917323956255316, 0.3075324642625761, 0.30613552053453175, 0.30549544820620056, 0.3053156806535241, 0.3050957725642306, 0.3049285503507829, 0.30464786316135906, 0.30414147695256355, 0.3032085927862055, 0.3016257327181254, 0.30023690769427824, 0.2983883421919987, 0.2952553457622632, 0.29001783382717994, 0.284636942770475, 0.2810083453405484, 0.27776191325870847, 0.27693215015098893, 0.27659355167240884, 0.27648596017540517, 0.2764766749569868, 0.2764755719592933, 0.27647535835524