{"date": "2024/10/29/, 07:30:47", "conf_id": 241, "data_type": "var_s_rank\n", "num_data_points": 1, "s_rank": 0, "unitary": "[[-0.56303964-0.00798273j,-0.21670212-0.15784972j,-0.06047197-0.73952673j,-0.01438004+0.24552571j],[-0.06976756+0.23474685j,-0.01275565-0.5435098j,-0.02703657-0.08917885j,-0.08210486-0.79311774j],[-0.38559961+0.10714929j,0.5933431-0.2687392j,-0.24060861+0.29149289j,-0.45147719+0.26241743j],[-0.50180421+0.45931857j,-0.11617175+0.44134496j,0.49642745+0.22684508j,-0.08544628-0.15407063j]]", "databatch_0": {"databatch": "[[[-0.37901534+0.17169349j,-0.1990775+0.03292365j,-0.03188675-0.2774588j,0.06950672-0.15669471j],[-0.32989716+0.43782063j,-0.20942591+0.16375219j,-0.21203604-0.30071976j,-0.01854619-0.22508027j],[0.17147824-0.14066387j,0.09796381-0.04440177j,0.05467542+0.13846471j,-0.01418275+0.09026477j],[-0.049944+0.11672608j,-0.03802852+0.04842185j,-0.0643354-0.05588522j,-0.01663442-0.04958963j]]]", "initial param values": "[3.72299766,3.90701198,1.78368661,0.28461202,1.15767073,0.21376244]", "nelder_mead": {"type": "gradient-free", "0": {"maxiter": 100, "fatol": 1e-05, "xatol": 1e-05, "duration": 0.1230313777923584, "fun": "0.007421427616678189", "nit": "100", "nfev": "155", "status": "2", "success": "False", "message": "Maximum number of iterations has been exceeded.", "x": "[ 7.16691064  8.42713378  2.11362473  0.10387979  0.41678095 -0.11111064]", "final_simplex": "(array([[ 7.16691064,  8.42713378,  2.11362473,  0.10387979,  0.41678095,\n        -0.11111064],\n       [ 7.16007363,  8.47420147,  2.1126577 ,  0.10505496,  0.40487118,\n        -0.11233423],\n       [ 7.17215546,  8.51921329,  2.05202311,  0.11254946,  0.41615703,\n        -0.12384789],\n       [ 7.13148431,  8.45680791,  2.110702  ,  0.10407526,  0.40942256,\n        -0.10995519],\n       [ 7.19705315,  8.52552226,  2.00517014,  0.11800926,  0.4341344 ,\n        -0.13136437],\n       [ 7.14408109,  8.46382314,  2.05290507,  0.11387676,  0.42178753,\n        -0.11991436],\n       [ 7.15403724,  8.4215672 ,  2.09325544,  0.10567848,  0.41947474,\n        -0.11168175]]), array([0.00742143, 0.00745539, 0.00745744, 0.0074812 , 0.00752953,\n       0.00764936, 0.00771983]))", "callback": [0.7901985324948468, 0.6080316758605105, 0.14171486290433166, 0.14171486290433166, 0.13122328452119525, 0.11603787914126062, 0.09489023598477542, 0.032220950880978094, 0.00867994214465706, 0.008413575950639185]}, "1": {"maxiter": 100, "fatol": 1e-05, "xatol": 1e-10, "duration": 0.1193242073059082, "fun": "0.007421427616678189", "nit": "100", "nfev": "155", "status": "2", "success": "False", "message": "Maximum number of iterations has been exceeded.", "x": "[ 7.16691064  8.42713378  2.11362473  0.10387979  0.41678095 -0.11111064]", "final_simplex": "(array([[ 7.16691064,  8.42713378,  2.11362473,  0.10387979,  0.41678095,\n        -0.11111064],\n       [ 7.16007363,  8.47420147,  2.1126577 ,  0.10505496,  0.40487118,\n        -0.11233423],\n       [ 7.17215546,  8.51921329,  2.05202311,  0.11254946,  0.41615703,\n        -0.12384789],\n       [ 7.13148431,  8.45680791,  2.110702  ,  0.10407526,  0.40942256,\n        -0.10995519],\n       [ 7.19705315,  8.52552226,  2.00517014,  0.11800926,  0.4341344 ,\n        -0.13136437],\n       [ 7.14408109,  8.46382314,  2.05290507,  0.11387676,  0.42178753,\n        -0.11991436],\n       [ 7.15403724,  8.4215672 ,  2.09325544,  0.10567848,  0.41947474,\n        -0.11168175]]), array([0.00742143, 0.00745539, 0.00745744, 0.0074812 , 0.00752953,\n       0.00764936, 0.00771983]))", "callback": [0.7901985324948468, 0.6080316758605105, 0.14171486290433166, 0.14171486290433166, 0.13122328452119525, 0.11603787914126062, 0.09489023598477542, 0.032220950880978094, 0.00867994214465706, 0.008413575950639185]}, "2": {"maxiter": 100, "fatol": 1e-10, "xatol": 1e-05, "duration": 0.12192058563232422, "fun": "0.007421427616678189", "nit": "100", "nfev": "155", "status": "2", "success": "False", "message": "Maximum number of iterations has been exceeded.", "x": "[ 7.16691064  8.42713378  2.11362473  0.10387979  0.41678095 -0.11111064]", "final_simplex": "(array([[ 7.16691064,  8.42713378,  2.11362473,  0.10387979,  0.41678095,\n        -0.11111064],\n       [ 7.16007363,  8.47420147,  2.1126577 ,  0.10505496,  0.40487118,\n        -0.11233423],\n       [ 7.17215546,  8.51921329,  2.05202311,  0.11254946,  0.41615703,\n        -0.12384789],\n       [ 7.13148431,  8.45680791,  2.110702  ,  0.10407526,  0.40942256,\n        -0.10995519],\n       [ 7.19705315,  8.52552226,  2.00517014,  0.11800926,  0.4341344 ,\n        -0.13136437],\n       [ 7.14408109,  8.46382314,  2.05290507,  0.11387676,  0.42178753,\n        -0.11991436],\n       [ 7.15403724,  8.4215672 ,  2.09325544,  0.10567848,  0.41947474,\n        -0.11168175]]), array([0.00742143, 0.00745539, 0.00745744, 0.0074812 , 0.00752953,\n       0.00764936, 0.00771983]))", "callback": [0.7901985324948468, 0.6080316758605105, 0.14171486290433166, 0.14171486290433166, 0.13122328452119525, 0.11603787914126062, 0.09489023598477542, 0.032220950880978094, 0.00867994214465706, 0.008413575950639185]}, "3": {"maxiter": 100, "fatol": 1e-10, "xatol": 1e-10, "duration": 0.11929678916931152, "fun": "0.007421427616678189", "nit": "100", "nfev": "155", "status": "2", "success": "False", "message": "Maximum number of iterations has been exceeded.", "x": "[ 7.16691064  8.42713378  2.11362473  0.10387979  0.41678095 -0.11111064]", "final_simplex": "(array([[ 7.16691064,  8.42713378,  2.11362473,  0.10387979,  0.41678095,\n        -0.11111064],\n       [ 7.16007363,  8.47420147,  2.1126577 ,  0.10505496,  0.40487118,\n        -0.11233423],\n       [ 7.17215546,  8.51921329,  2.05202311,  0.11254946,  0.41615703,\n        -0.12384789],\n       [ 7.13148431,  8.45680791,  2.110702  ,  0.10407526,  0.40942256,\n        -0.10995519],\n       [ 7.19705315,  8.52552226,  2.00517014,  0.11800926,  0.4341344 ,\n        -0.13136437],\n       [ 7.14408109,  8.46382314,  2.05290507,  0.11387676,  0.42178753,\n        -0.11991436],\n       [ 7.15403724,  8.4215672 ,  2.09325544,  0.10567848,  0.41947474,\n        -0.11168175]]), array([0.00742143, 0.00745539, 0.00745744, 0.0074812 , 0.00752953,\n       0.00764936, 0.00771983]))", "callback": [0.7901985324948468, 0.6080316758605105, 0.14171486290433166, 0.14171486290433166, 0.13122328452119525, 0.11603787914126062, 0.09489023598477542, 0.032220950880978094, 0.00867994214465706, 0.008413575950639185]}, "4": {"maxiter": 500, "fatol": 1e-05, "xatol": 1e-05, "duration": 0.47595667839050293, "fun": "0.0008857107129600639", "nit": "359", "nfev": "565", "status": "0", "success": "True", "message": "Optimization terminated successfully.", "x": "[ 7.30483458  8.48863189  2.09803756  0.0268346   0.60886887 -0.11575276]", "final_simplex": "(array([[ 7.30483458,  8.48863189,  2.09803756,  0.0268346 ,  0.60886887,\n        -0.11575276],\n       [ 7.30483371,  8.4886301 ,  2.0980414 ,  0.02683545,  0.60887474,\n        -0.115754  ],\n       [ 7.304833  ,  8.48863842,  2.09802793,  0.02684003,  0.60887695,\n        -0.11575738],\n       [ 7.30484029,  8.48863148,  2.09802904,  0.02682586,  0.60887114,\n        -0.11574968],\n       [ 7.30483465,  8.48863651,  2.0980435 ,  0.02683217,  0.60887323,\n        -0.11575284],\n       [ 7.30483449,  8.48863312,  2.09802844,  0.02682527,  0.60886128,\n        -0.11574756],\n       [ 7.30482755,  8.48863393,  2.09803202,  0.02682886,  0.6088655 ,\n        -0.11574997]]), array([0.00088571, 0.00088571, 0.00088571, 0.00088571, 0.00088571,\n       0.00088571, 0.00088571]))", "callback": [0.7901985324948468, 0.6080316758605105, 0.14171486290433166, 0.14171486290433166, 0.13122328452119525, 0.11603787914126062, 0.09489023598477542, 0.032220950880978094, 0.00867994214465706, 0.008413575950639185, 0.007256714009563625, 0.006775356869680116, 0.006195396745129145, 0.0047678701551410185, 0.0026951741873173507, 0.0011426162645292726, 0.0009856415754214698, 0.0009350579554650018, 0.0009286144769252713, 0.0009262171417205867, 0.0009256935690198365, 0.000925388324112042, 0.000924846411149316, 0.0009210746993011387, 0.0009136388968631337, 0.0009040770460799763, 0.0008953365762907062, 0.0008905835423449471, 0.0008863200220943224, 0.0008861082240749774, 0.0008857763041119071, 0.000885725007101934, 0.000885714386233083, 0.0008857113080058543, 0.000885710838561593, 0.0008857107257007613]}, "5": {"maxiter": 500, "fatol": 1e-05, "xatol": 1e-10, "duration": 0.665921688079834, "fun": "0.0008857107070152637", "nit": "458", "nfev": "785", "status": "0", "success": "True", "message": "Optimization terminated successfully.", "x": "[ 7.30483553  8.48863643  2.09803491  0.02683562  0.60887586 -0.11575497]", "final_simplex": "(array([[ 7.30483553,  8.48863643,  2.09803491,  0.02683562,  0.60887586,\n        -0.11575497],\n       [ 7.30483553,  8.48863643,  2.09803491,  0.02683562,  0.60887586,\n        -0.11575497],\n       [ 7.30483553,  8.48863643,  2.09803491,  0.02683562,  0.60887586,\n        -0.11575497],\n       [ 7.30483553,  8.48863643,  2.09803491,  0.02683562,  0.60887586,\n        -0.11575497],\n       [ 7.30483553,  8.48863643,  2.09803491,  0.02683562,  0.60887586,\n        -0.11575497],\n       [ 7.30483553,  8.48863643,  2.09803491,  0.02683562,  0.60887586,\n        -0.11575497],\n       [ 7.30483553,  8.48863643,  2.09803491,  0.02683562,  0.60887586,\n        -0.11575497]]), array([0.00088571, 0.00088571, 0.00088571, 0.00088571, 0.00088571,\n       0.00088571, 0.00088571]))", "callback": [0.7901985324948468, 0.6080316758605105, 0.14171486290433166, 0.14171486290433166, 0.13122328452119525, 0.11603787914126062, 0.09489023598477542, 0.032220950880978094, 0.00867994214465706, 0.008413575950639185, 0.007256714009563625, 0.006775356869680116, 0.006195396745129145, 0.0047678701551410185, 0.0026951741873173507, 0.0011426162645292726, 0.0009856415754214698, 0.0009350579554650018, 0.0009286144769252713, 0.0009262171417205867, 0.0009256935690198365, 0.000925388324112042, 0.000924846411149316, 0.0009210746993011387, 0.0009136388968631337, 0.0009040770460799763, 0.0008953365762907062, 0.0008905835423449471, 0.0008863200220943224, 0.0008861082240749774, 0.0008857763041119071, 0.000885725007101934, 0.000885714386233083, 0.0008857113080058543, 0.000885710838561593, 0.0008857107257007613, 0.000885710710556431, 0.0008857107081201576, 0.0008857107072897108, 0.0008857107070661119, 0.00088571070702681, 0.0008857107070179282, 0.0008857107070159298, 0.0008857107070153747, 0.0008857107070153747, 0.0008857107070152637]}, "6": {"maxiter": 500, "fatol": 1e-10, "xatol": 1e-05, "duration": 0.430875301361084, "fun": "0.0008857107129600639", "nit": "359", "nfev": "565", "status": "0", "success": "True", "message": "Optimization terminated successfully.", "x": "[ 7.30483458  8.48863189  2.09803756  0.0268346   0.60886887 -0.11575276]", "final_simplex": "(array([[ 7.30483458,  8.48863189,  2.09803756,  0.0268346 ,  0.60886887,\n        -0.11575276],\n       [ 7.30483371,  8.4886301 ,  2.0980414 ,  0.02683545,  0.60887474,\n        -0.115754  ],\n       [ 7.304833  ,  8.48863842,  2.09802793,  0.02684003,  0.60887695,\n        -0.11575738],\n       [ 7.30484029,  8.48863148,  2.09802904,  0.02682586,  0.60887114,\n        -0.11574968],\n       [ 7.30483465,  8.48863651,  2.0980435 ,  0.02683217,  0.60887323,\n        -0.11575284],\n       [ 7.30483449,  8.48863312,  2.09802844,  0.02682527,  0.60886128,\n        -0.11574756],\n       [ 7.30482755,  8.48863393,  2.09803202,  0.02682886,  0.6088655 ,\n        -0.11574997]]), array([0.00088571, 0.00088571, 0.00088571, 0.00088571, 0.00088571,\n       0.00088571, 0.00088571]))", "callback": [0.7901985324948468, 0.6080316758605105, 0.14171486290433166, 0.14171486290433166, 0.13122328452119525, 0.11603787914126062, 0.09489023598477542, 0.032220950880978094, 0.00867994214465706, 0.008413575950639185, 0.007256714009563625, 0.006775356869680116, 0.006195396745129145, 0.0047678701551410185, 0.0026951741873173507, 0.0011426162645292726, 0.0009856415754214698, 0.0009350579554650018, 0.0009286144769252713, 0.0009262171417205867, 0.0009256935690198365, 0.000925388324112042, 0.000924846411149316, 0.0009210746993011387, 0.0009136388968631337, 0.0009040770460799763, 0.0008953365762907062, 0.0008905835423449471, 0.0008863200220943224, 0.0008861082240749774, 0.0008857763041119071, 0.000885725007101934, 0.000885714386233083, 0.0008857113080058543, 0.000885710838561593, 0.0008857107257007613]}, "7": {"maxiter": 500, "fatol": 1e-10, "xatol": 1e-10, "duration": 0.6666350364685059, "fun": "0.0008857107070152637", "nit": "458", "nfev": "785", "status": "0", "success": "True", "message": "Optimization terminated successfully.", "x": "[ 7.30483553  8.48863643  2.09803491  0.02683562  0.60887586 -0.11575497]", "final_simplex": "(array([[ 7.30483553,  8.48863643,  2.09803491,  0.02683562,  0.60887586,\n        -0.11575497],\n       [ 7.30483553,  8.48863643,  2.09803491,  0.02683562,  0.60887586,\n        -0.11575497],\n       [ 7.30483553,  8.48863643,  2.09803491,  0.02683562,  0.60887586,\n        -0.11575497],\n       [ 7.30483553,  8.48863643,  2.09803491,  0.02683562,  0.60887586,\n        -0.11575497],\n       [ 7.30483553,  8.48863643,  2.09803491,  0.02683562,  0.60887586,\n        -0.11575497],\n       [ 7.30483553,  8.48863643,  2.09803491,  0.02683562,  0.60887586,\n        -0.11575497],\n       [ 7.30483553,  8.48863643,  2.09803491,  0.02683562,  0.60887586,\n        -0.11575497]]), array([0.00088571, 0.00088571, 0.00088571, 0.00088571, 0.00088571,\n       0.00088571, 0.00088571]))", "callback": [0.7901985324948468, 0.6080316758605105, 0.14171486290433166, 0.14171486290433166, 0.13122328452119525, 0.11603787914126062, 0.09489023598477542, 0.032220950880978094, 0.00867994214465706, 0.008413575950639185, 0.007256714009563625, 0.006775356869680116, 0.006195396745129145, 0.0047678701551410185, 0.0026951741873173507, 0.0011426162645292726, 0.0009856415754214698, 0.0009350579554650018, 0.0009286144769252713, 0.0009262171417205867, 0.0009256935690198365, 0.000925388324112042, 0.000924846411149316, 0.0009210746993011387, 0.0009136388968631337, 0.0009040770460799763, 0.0008953365762907062, 0.0008905835423449471, 0.0008863200220943224, 0.0008861082240749774, 0.0008857763041119071, 0.000885725007101934, 0.000885714386233083, 0.0008857113080058543, 0.000885710838561593, 0.0008857107257007613, 0.000885710710556431, 0.0008857107081201576, 0.0008857107072897108, 0.0008857107070661119, 0.00088571070702681, 0.0008857107070179282, 0.0008857107070159298, 0.0008857107070153747, 0.0008857107070153747, 0.0008857107070152637]}, "8": {"maxiter": 1000, "fatol": 1e-05, "xatol": 1e-05, "duration": 0.44563984870910645, "fun": "0.0008857107129600639", "nit": "359", "nfev": "565", "status": "0", "success": "True", "message": "Optimization terminated successfully.", "x": "[ 7.30483458  8.48863189  2.09803756  0.0268346   0.60886887 -0.11575276]", "final_simplex": "(array([[ 7.30483458,  8.48863189,  2.09803756,  0.0268346 ,  0.60886887,\n        -0.11575276],\n       [ 7.30483371,  8.4886301 ,  2.0980414 ,  0.02683545,  0.60887474,\n        -0.115754  ],\n       [ 7.304833  ,  8.48863842,  2.09802793,  0.02684003,  0.60887695,\n        -0.11575738],\n       [ 7.30484029,  8.48863148,  2.09802904,  0.02682586,  0.60887114,\n        -0.11574968],\n       [ 7.30483465,  8.48863651,  2.0980435 ,  0.02683217,  0.60887323,\n        -0.11575284],\n       [ 7.30483449,  8.48863312,  2.09802844,  0.02682527,  0.60886128,\n        -0.11574756],\n       [ 7.30482755,  8.48863393,  2.09803202,  0.02682886,  0.6088655 ,\n        -0.11574997]]), array([0.00088571, 0.00088571, 0.00088571, 0.00088571, 0.00088571,\n       0.00088571, 0.00088571]))", "callback": [0.7901985324948468, 0.6080316758605105, 0.14171486290433166, 0.14171486290433166, 0.13122328452119525, 0.11603787914126062, 0.09489023598477542, 0.032220950880978094, 0.00867994214465706, 0.008413575950639185, 0.007256714009563625, 0.006775356869680116, 0.006195396745129145, 0.0047678701551410185, 0.0026951741873173507, 0.0011426162645292726, 0.0009856415754214698, 0.0009350579554650018, 0.0009286144769252713, 0.0009262171417205867, 0.0009256935690198365, 0.000925388324112042, 0.000924846411149316, 0.0009210746993011387, 0.0009136388968631337, 0.0009040770460799763, 0.0008953365762907062, 0.0008905835423449471, 0.0008863200220943224, 0.0008861082240749774, 0.0008857763041119071, 0.000885725007101934, 0.000885714386233083, 0.0008857113080058543, 0.000885710838561593, 0.0008857107257007613]}, "9": {"maxiter": 1000, "fatol": 1e-05, "xatol": 1e-10, "duration": 0.6670060157775879, "fun": "0.0008857107070152637", "nit": "458", "nfev": "785", "status": "0", "success": "True", "message": "Optimization terminated successfully.", "x": "[ 7.30483553  8.48863643  2.09803491  0.02683562  0.60887586 -0.11575497]", "final_simplex": "(array([[ 7.30483553,  8.48863643,  2.09803491,  0.02683562,  0.60887586,\n        -0.11575497],\n       [ 7.30483553,  8.48863643,  2.09803491,  0.02683562,  0.60887586,\n        -0.11575497],\n       [ 7.30483553,  8.48863643,  2.09803491,  0.02683562,  0.60887586,\n        -0.11575497],\n       [ 7.30483553,  8.48863643,  2.09803491,  0.02683562,  0.60887586,\n        -0.11575497],\n       [ 7.30483553,  8.48863643,  2.09803491,  0.02683562,  0.60887586,\n        -0.11575497],\n       [ 7.30483553,  8.48863643,  2.09803491,  0.02683562,  0.60887586,\n        -0.11575497],\n       [ 7.30483553,  8.48863643,  2.09803491,  0.02683562,  0.60887586,\n        -0.11575497]]), array([0.00088571, 0.00088571, 0.00088571, 0.00088571, 0.00088571,\n       0.00088571, 0.00088571]))", "callback": [0.7901985324948468, 0.6080316758605105, 0.14171486290433166, 0.14171486290433166, 0.13122328452119525, 0.11603787914126062, 0.09489023598477542, 0.032220950880978094, 0.00867994214465706, 0.008413575950639185, 0.007256714009563625, 0.006775356869680116, 0.006195396745129145, 0.0047678701551410185, 0.0026951741873173507, 0.0011426162645292726, 0.0009856415754214698, 0.0009350579554650018, 0.0009286144769252713, 0.0009262171417205867, 0.0009256935690198365, 0.000925388324112042, 0.000924846411149316, 0.0009210746993011387, 0.0009136388968631337, 0.0009040770460799763, 0.0008953365762907062, 0.0008905835423449471, 0.0008863200220943224, 0.0008861082240749774, 0.0008857763041119071, 0.000885725007101934, 0.000885714386233083, 0.0008857113080058543, 0.000885710838561593, 0.0008857107257007613, 0.000885710710556431, 0.0008857107081201576, 0.0008857107072897108, 0.0008857107070661119, 0.00088571070702681, 0.0008857107070179282, 0.0008857107070159298, 0.0008857107070153747, 0.0008857107070153747, 0.0008857107070152637]}, "10": {"maxiter": 1000, "fatol": 1e-10, "xatol": 1e-05, "duration": 0.5150611400604248, "fun": "0.0008857107129600639", "nit": "359", "nfev": "565", "status": "0", "success": "True", "message": "Optimization terminated successfully.", "x": "[ 7.30483458  8.48863189  2.09803756  0.0268346   0.60886887 -0.11575276]", "final_simplex": "(array([[ 7.30483458,  8.48863189,  2.09803756,  0.0268346 ,  0.60886887,\n        -0.11575276],\n       [ 7.30483371,  8.4886301 ,  2.0980414 ,  0.02683545,  0.60887474,\n        -0.115754  ],\n       [ 7.304833  ,  8.48863842,  2.09802793,  0.02684003,  0.60887695,\n        -0.11575738],\n       [ 7.30484029,  8.48863148,  2.09802904,  0.02682586,  0.60887114,\n        -0.11574968],\n       [ 7.30483465,  8.48863651,  2.0980435 ,  0.02683217,  0.60887323,\n        -0.11575284],\n       [ 7.30483449,  8.48863312,  2.09802844,  0.02682527,  0.60886128,\n        -0.11574756],\n       [ 7.30482755,  8.48863393,  2.09803202,  0.02682886,  0.6088655 ,\n        -0.11574997]]), array([0.00088571, 0.00088571, 0.00088571, 0.00088571, 0.00088571,\n       0.00088571, 0.00088571]))", "callback": [0.7901985324948468, 0.6080316758605105, 0.14171486290433166, 0.14171486290433166, 0.13122328452119525, 0.11603787914126062, 0.09489023598477542, 0.032220950880978094, 0.00867994214465706, 0.008413575950639185, 0.007256714009563625, 0.006775356869680116, 0.006195396745129145, 0.0047678701551410185, 0.0026951741873173507, 0.0011426162645292726, 0.0009856415754214698, 0.0009350579554650018, 0.0009286144769252713, 0.0009262171417205867, 0.0009256935690198365, 0.000925388324112042, 0.000924846411149316, 0.0009210746993011387, 0.0009136388968631337, 0.0009040770460799763, 0.0008953365762907062, 0.0008905835423449471, 0.0008863200220943224, 0.0008861082240749774, 0.0008857763041119071, 0.000885725007101934, 0.000885714386233083, 0.0008857113080058543, 0.000885710838561593, 0.0008857107257007613]}, "11": {"maxiter": 1000, "fatol": 1e-10, "xatol": 1e-10, "duration": 0.6761853694915771, "fun": "0.0008857107070152637", "nit": "458", "nfev": "785", "status": "0", "success": "True", "message": "Optimization terminated successfully.", "x": "[ 7.30483553  8.48863643  2.09803491  0.02683562  0.60887586 -0.11575497]", "final_simplex": "(array([[ 7.30483553,  8.48863643,  2.09803491,  0.02683562,  0.60887586,\n        -0.11575497],\n       [ 7.30483553,  8.48863643,  2.09803491,  0.02683562,  0.60887586,\n        -0.11575497],\n       [ 7.30483553,  8.48863643,  2.09803491,  0.02683562,  0.60887586,\n        -0.11575497],\n       [ 7.30483553,  8.48863643,  2.09803491,  0.02683562,  0.60887586,\n        -0.11575497],\n       [ 7.30483553,  8.48863643,  2.09803491,  0.02683562,  0.60887586,\n        -0.11575497],\n       [ 7.30483553,  8.48863643,  2.09803491,  0.02683562,  0.60887586,\n        -0.11575497],\n       [ 7.30483553,  8.48863643,  2.09803491,  0.02683562,  0.60887586,\n        -0.11575497]]), array([0.00088571, 0.00088571, 0.00088571, 0.00088571, 0.00088571,\n       0.00088571, 0.00088571]))", "callback": [0.7901985324948468, 0.6080316758605105, 0.14171486290433166, 0.14171486290433166, 0.13122328452119525, 0.11603787914126062, 0.09489023598477542, 0.032220950880978094, 0.00867994214465706, 0.008413575950639185, 0.007256714009563625, 0.006775356869680116, 0.006195396745129145, 0.0047678701551410185, 0.0026951741873173507, 0.0011426162645292726, 0.0009856415754214698, 0.0009350579554650018, 0.0009286144769252713, 0.0009262171417205867, 0.0009256935690198365, 0.000925388324112042, 0.000924846411149316, 0.0009210746993011387, 0.0009136388968631337, 0.0009040770460799763, 0.0008953365762907062, 0.0008905835423449471, 0.0008863200220943224, 0.0008861082240749774, 0.0008857763041119071, 0.000885725007101934, 0.000885714386233083, 0.0008857113080058543, 0.000885710838561593, 0.0008857107257007613, 0.000885710710556431, 0.0008857107081201576, 0.0008857107072897108, 0.0008857107070661119, 0.00088571070702681, 0.0008857107070179282, 0.0008857107070159298, 0.0008857107070153747, 0.0008857107070153747, 0.0008857107070152637]}}, "bfgs": {"type": "gradient", "0": {"maxiter": 100, "gtol": 1e-05, "xrtol": 1e-05, "eps": 1e-05, "duration": 0.1336958408355713, "fun": "0.000885710769500947", "jac": "[-2.16604512e-08 -9.04010200e-07  1.01189057e-06  7.74935671e-07\n  5.14310816e-07  4.83357798e-07]", "hess_inv": "[[ 3.63735963  0.31450746 -0.01395889  1.16748687 -1.22438127 -0.94444569]\n [ 0.31450746  4.48183402 -0.56625587  2.86874922  0.87829453  0.21538341]\n [-0.01395889 -0.56625587  5.17907328  0.86694641  0.20848098  0.56128659]\n [ 1.16748687  2.86874922  0.86694641  4.67489082  0.5522392  -0.07639478]\n [-1.22438127  0.87829453  0.20848098  0.5522392   1.55240876  0.49584254]\n [-0.94444569  0.21538341  0.56128659 -0.07639478  0.49584254  1.49577481]]", "nfev": "168", "njev": "24", "status": "0", "success": "True", "message": "Optimization terminated successfully.", "x": "[ 5.26125572  5.34708744  5.23709475  0.02547513  0.530642   -0.03813119]", "nit": "21", "callback": [0.7246041067519736, 0.666581787922975, 0.5479681750730266, 0.4917625667873353, 0.40437083286870923, 0.24934881984964874, 0.15007482490985313, 0.09633429234547997, 0.056050829342758623, 0.010838385456985122, 0.0029040171643927026, 0.0018040990979587557, 0.0014711551534838385, 0.0011375135893259003, 0.0009460934719074388, 0.0009063849108870148, 0.0008923027034654085, 0.0008869320082666166, 0.0008857786308594795, 0.0008857118096921024, 0.000885710769500947]}, "1": {"maxiter": 100, "gtol": 1e-05, "xrtol": 1e-05, "eps": 1e-10, "duration": 0.21220946311950684, "fun": "0.0008857109129074558", "jac": "[5.55111466e-06 1.11022293e-06 4.44089173e-06 4.44089204e-06\n 7.77156053e-06 7.77156107e-06]", "hess_inv": "[[ 3.61570631  0.3176025  -0.02169557  1.17589309 -1.21619625 -0.94123717]\n [ 0.3176025   4.51492069 -0.53262112  2.87936271  0.88331955  0.22057827]\n [-0.02169557 -0.53262112  5.19092817  0.89382938  0.2199586   0.56884171]\n [ 1.17589309  2.87936271  0.89382938  4.68677578  0.55313843 -0.07405732]\n [-1.21619625  0.88331955  0.2199586   0.55313843  1.55109943  0.49643109]\n [-0.94123717  0.22057827  0.56884171 -0.07405732  0.49643109  1.49716895]]", "nfev": "168", "njev": "24", "status": "0", "success": "True", "message": "Optimization terminated successfully.", "x": "[ 5.26127258  5.34713378  5.23711978  0.02553444  0.53063869 -0.03810529]", "nit": "21", "callback": [0.7246044510083818, 0.6665826543355926, 0.5479735042662834, 0.49177031162730866, 0.4043835618855176, 0.24936878388711847, 0.15006215858361038, 0.09634128459510127, 0.05604252474807614, 0.010836499219745388, 0.0029035846091174378, 0.0018042123781760733, 0.001471056210796129, 0.001137496020048867, 0.0009461307361331439, 0.0009063312999897377, 0.0008923273943164389, 0.0008869253032743885, 0.0008857830551922685, 0.0008857130391297652, 0.0008857109129074558]}, "2": {"maxiter": 100, "gtol": 1e-05, "xrtol": 1e-10, "eps": 1e-05, "duration": 0.12894082069396973, "fun": "0.000885710769500947", "jac": "[-2.16604512e-08 -9.04010200e-07  1.01189057e-06  7.74935671e-07\n  5.14310816e-07  4.83357798e-07]", "hess_inv": "[[ 3.63735963  0.31450746 -0.01395889  1.16748687 -1.22438127 -0.94444569]\n [ 0.31450746  4.48183402 -0.56625587  2.86874922  0.87829453  0.21538341]\n [-0.01395889 -0.56625587  5.17907328  0.86694641  0.20848098  0.56128659]\n [ 1.16748687  2.86874922  0.86694641  4.67489082  0.5522392  -0.07639478]\n [-1.22438127  0.87829453  0.20848098  0.5522392   1.55240876  0.49584254]\n [-0.94444569  0.21538341  0.56128659 -0.07639478  0.49584254  1.49577481]]", "nfev": "168", "njev": "24", "status": "0", "success": "True", "message": "Optimization terminated successfully.", "x": "[ 5.26125572  5.34708744  5.23709475  0.02547513  0.530642   -0.03813119]", "nit": "21", "callback": [0.7246041067519736, 0.666581787922975, 0.5479681750730266, 0.4917625667873353, 0.40437083286870923, 0.24934881984964874, 0.15007482490985313, 0.09633429234547997, 0.056050829342758623, 0.010838385456985122, 0.0029040171643927026, 0.0018040990979587557, 0.0014711551534838385, 0.0011375135893259003, 0.0009460934719074388, 0.0009063849108870148, 0.0008923027034654085, 0.0008869320082666166, 0.0008857786308594795, 0.0008857118096921024, 0.000885710769500947]}, "3": {"maxiter": 100, "gtol": 1e-05, "xrtol": 1e-10, "eps": 1e-10, "duration": 0.13035821914672852, "fun": "0.0008857109129074558", "jac": "[5.55111466e-06 1.11022293e-06 4.44089173e-06 4.44089204e-06\n 7.77156053e-06 7.77156107e-06]", "hess_inv": "[[ 3.61570631  0.3176025  -0.02169557  1.17589309 -1.21619625 -0.94123717]\n [ 0.3176025   4.51492069 -0.53262112  2.87936271  0.88331955  0.22057827]\n [-0.02169557 -0.53262112  5.19092817  0.89382938  0.2199586   0.56884171]\n [ 1.17589309  2.87936271  0.89382938  4.68677578  0.55313843 -0.07405732]\n [-1.21619625  0.88331955  0.2199586   0.55313843  1.55109943  0.49643109]\n [-0.94123717  0.22057827  0.56884171 -0.07405732  0.49643109  1.49716895]]", "nfev": "168", "njev": "24", "status": "0", "success": "True", "message": "Optimization terminated successfully.", "x": "[ 5.26127258  5.34713378  5.23711978  0.02553444  0.53063869 -0.03810529]", "nit": "21", "callback": [0.7246044510083818, 0.6665826543355926, 0.5479735042662834, 0.49177031162730866, 0.4043835618855176, 0.24936878388711847, 0.15006215858361038, 0.09634128459510127, 0.05604252474807614, 0.010836499219745388, 0.0029035846091174378, 0.0018042123781760733, 0.001471056210796129, 0.001137496020048867, 0.0009461307361331439, 0.0009063312999897377, 0.0008923273943164389, 0.0008869253032743885, 0.0008857830551922685, 0.0008857130391297652, 0.0008857109129074558]}, "4": {"maxiter": 100, "gtol": 1e-10, "xrtol": 1e-05, "eps": 1e-05, "duration": 0.33306455612182617, "fun": "0.000885710769500947", "jac": "[-2.16604512e-08 -9.04010200e-07  1.01189057e-06  7.74935671e-07\n  5.14310816e-07  4.83357798e-07]", "hess_inv": "[[ 3.62045032  0.28614488 -0.01834494  1.16785193 -1.22079532 -0.94233679]\n [ 0.28614488  4.44085748 -0.62368924  2.85410853  0.87860816  0.20996339]\n [-0.01834494 -0.62368924  5.55805327  0.98282273  0.25268754  0.62982654]\n [ 1.16785193  2.85410853  0.98282273  4.71014935  0.56534353 -0.05573006]\n [-1.22079532  0.87860816  0.25268754  0.56534353  1.55657531  0.50313631]\n [-0.94233679  0.20996339  0.62982654 -0.05573006  0.50313631  1.50767391]]", "nfev": "418", "njev": "58", "status": "2", "success": "False", "message": "Desired error not necessarily achieved due to precision loss.", "x": "[ 5.26125572  5.34708744  5.23709475  0.02547513  0.530642   -0.03813119]", "nit": "21", "callback": [0.7246041067519736, 0.666581787922975, 0.5479681750730266, 0.4917625667873353, 0.40437083286870923, 0.24934881984964874, 0.15007482490985313, 0.09633429234547997, 0.056050829342758623, 0.010838385456985122, 0.0029040171643927026, 0.0018040990979587557, 0.0014711551534838385, 0.0011375135893259003, 0.0009460934719074388, 0.0009063849108870148, 0.0008923027034654085, 0.0008869320082666166, 0.0008857786308594795, 0.0008857118096921024, 0.000885710769500947]}, "5": {"maxiter": 100, "gtol": 1e-10, "xrtol": 1e-05, "eps": 1e-10, "duration": 0.2695140838623047, "fun": "0.0008857107322990387", "jac": "[1.11022293e-06 0.00000000e+00 0.00000000e+00 6.66133806e-06\n 2.22044587e-06 3.33066903e-06]", "hess_inv": "[[ 3.74217942  0.65257742  0.55396321  1.63236885 -1.05983012 -0.77626844]\n [ 0.65257742  5.36842017  1.09310811  4.00081234  1.26104556  0.64069139]\n [ 0.55396321  1.09310811  7.50822274  3.23401762  1.04085827  1.37013869]\n [ 1.63236885  4.00081234  3.23401762  6.10686104  1.0228939   0.47766622]\n [-1.05983012  1.26104556  1.04085827  1.0228939   1.70506986  0.68221727]\n [-0.77626844  0.64069139  1.37013869  0.47766622  0.68221727  1.70395733]]", "nfev": "182", "njev": "26", "status": "0", "success": "True", "message": "Optimization terminated successfully.", "x": "[ 5.26126614  5.34711592  5.23709289  0.02550911  0.53062986 -0.03811409]", "nit": "22", "callback": [0.7246044510083818, 0.6665826543355926, 0.5479735042662834, 0.49177031162730866, 0.4043835618855176, 0.24936878388711847, 0.15006215858361038, 0.09634128459510127, 0.05604252474807614, 0.010836499219745388, 0.0029035846091174378, 0.0018042123781760733, 0.001471056210796129, 0.001137496020048867, 0.0009461307361331439, 0.0009063312999897377, 0.0008923273943164389, 0.0008869253032743885, 0.0008857830551922685, 0.0008857130391297652, 0.0008857109129074558, 0.0008857107322990387]}, "6": {"maxiter": 100, "gtol": 1e-10, "xrtol": 1e-10, "eps": 1e-05, "duration": 0.31865549087524414, "fun": "0.000885710769500947", "jac": "[-2.16604512e-08 -9.04010200e-07  1.01189057e-06  7.74935671e-07\n  5.14310816e-07  4.83357798e-07]", "hess_inv": "[[ 3.62045032  0.28614488 -0.01834494  1.16785193 -1.22079532 -0.94233679]\n [ 0.28614488  4.44085748 -0.62368924  2.85410853  0.87860816  0.20996339]\n [-0.01834494 -0.62368924  5.55805327  0.98282273  0.25268754  0.62982654]\n [ 1.16785193  2.85410853  0.98282273  4.71014935  0.56534353 -0.05573006]\n [-1.22079532  0.87860816  0.25268754  0.56534353  1.55657531  0.50313631]\n [-0.94233679  0.20996339  0.62982654 -0.05573006  0.50313631  1.50767391]]", "nfev": "418", "njev": "58", "status": "2", "success": "False", "message": "Desired error not necessarily achieved due to precision loss.", "x": "[ 5.26125572  5.34708744  5.23709475  0.02547513  0.530642   -0.03813119]", "nit": "21", "callback": [0.7246041067519736, 0.666581787922975, 0.5479681750730266, 0.4917625667873353, 0.40437083286870923, 0.24934881984964874, 0.15007482490985313, 0.09633429234547997, 0.056050829342758623, 0.010838385456985122, 0.0029040171643927026, 0.0018040990979587557, 0.0014711551534838385, 0.0011375135893259003, 0.0009460934719074388, 0.0009063849108870148, 0.0008923027034654085, 0.0008869320082666166, 0.0008857786308594795, 0.0008857118096921024, 0.000885710769500947]}, "7": {"maxiter": 100, "gtol": 1e-10, "xrtol": 1e-10, "eps": 1e-10, "duration": 0.3244967460632324, "fun": "0.0008857107155630928", "jac": "[-2.22044587e-06  0.00000000e+00 -2.22044587e-06  1.11022301e-06\n  0.00000000e+00  2.22044602e-06]", "hess_inv": "[[  2.28774588   0.97158685   1.49191486   6.86972166  -1.8620322\n   -2.09282219]\n [  0.97158685   0.74062633   0.59201671   2.26251792  -0.63772483\n   -1.05776877]\n [  1.49191486   0.59201671   2.8521627   10.19276957  -2.93260357\n   -2.02553151]\n [  6.86972166   2.26251792  10.19276957  39.22007416 -11.02336505\n   -8.03031258]\n [ -1.8620322   -0.63772483  -2.93260357 -11.02336505   3.31538929\n    2.14257542]\n [ -2.09282219  -1.05776877  -2.02553151  -8.03031258   2.14257542\n    2.31944097]]", "nfev": "399", "njev": "57", "status": "0", "success": "True", "message": "Optimization terminated successfully.", "x": "[ 5.26125852  5.34710872  5.23708804  0.02549188  0.5306311  -0.03811468]", "nit": "29", "callback": [0.7246044510083818, 0.6665826543355926, 0.5479735042662834, 0.49177031162730866, 0.4043835618855176, 0.24936878388711847, 0.15006215858361038, 0.09634128459510127, 0.05604252474807614, 0.010836499219745388, 0.0029035846091174378, 0.0018042123781760733, 0.001471056210796129, 0.001137496020048867, 0.0009461307361331439, 0.0009063312999897377, 0.0008923273943164389, 0.0008869253032743885, 0.0008857830551922685, 0.0008857130391297652, 0.0008857109129074558, 0.0008857107322990387, 0.0008857107219935045, 0.0008857107166087008, 0.0008857107163413591, 0.0008857107162614231, 0.0008857107160540334, 0.0008857107155630928, 0.0008857107155630928]}, "8": {"maxiter": 500, "gtol": 1e-05, "xrtol": 1e-05, "eps": 1e-05, "duration": 0.1321275234222412, "fun": "0.000885710769500947", "jac": "[-2.16604512e-08 -9.04010200e-07  1.01189057e-06  7.74935671e-07\n  5.14310816e-07  4.83357798e-07]", "hess_inv": "[[ 3.63735963  0.31450746 -0.01395889  1.16748687 -1.22438127 -0.94444569]\n [ 0.31450746  4.48183402 -0.56625587  2.86874922  0.87829453  0.21538341]\n [-0.01395889 -0.56625587  5.17907328  0.86694641  0.20848098  0.56128659]\n [ 1.16748687  2.86874922  0.86694641  4.67489082  0.5522392  -0.07639478]\n [-1.22438127  0.87829453  0.20848098  0.5522392   1.55240876  0.49584254]\n [-0.94444569  0.21538341  0.56128659 -0.07639478  0.49584254  1.49577481]]", "nfev": "168", "njev": "24", "status": "0", "success": "True", "message": "Optimization terminated successfully.", "x": "[ 5.26125572  5.34708744  5.23709475  0.02547513  0.530642   -0.03813119]", "nit": "21", "callback": [0.7246041067519736, 0.666581787922975, 0.5479681750730266, 0.4917625667873353, 0.40437083286870923, 0.24934881984964874, 0.15007482490985313, 0.09633429234547997, 0.056050829342758623, 0.010838385456985122, 0.0029040171643927026, 0.0018040990979587557, 0.0014711551534838385, 0.0011375135893259003, 0.0009460934719074388, 0.0009063849108870148, 0.0008923027034654085, 0.0008869320082666166, 0.0008857786308594795, 0.0008857118096921024, 0.000885710769500947]}, "9": {"maxiter": 500, "gtol": 1e-05, "xrtol": 1e-05, "eps": 1e-10, "duration": 0.1302938461303711, "fun": "0.0008857109129074558", "jac": "[5.55111466e-06 1.11022293e-06 4.44089173e-06 4.44089204e-06\n 7.77156053e-06 7.77156107e-06]", "hess_inv": "[[ 3.61570631  0.3176025  -0.02169557  1.17589309 -1.21619625 -0.94123717]\n [ 0.3176025   4.51492069 -0.53262112  2.87936271  0.88331955  0.22057827]\n [-0.02169557 -0.53262112  5.19092817  0.89382938  0.2199586   0.56884171]\n [ 1.17589309  2.87936271  0.89382938  4.68677578  0.55313843 -0.07405732]\n [-1.21619625  0.88331955  0.2199586   0.55313843  1.55109943  0.49643109]\n [-0.94123717  0.22057827  0.56884171 -0.07405732  0.49643109  1.49716895]]", "nfev": "168", "njev": "24", "status": "0", "success": "True", "message": "Optimization terminated successfully.", "x": "[ 5.26127258  5.34713378  5.23711978  0.02553444  0.53063869 -0.03810529]", "nit": "21", "callback": [0.7246044510083818, 0.6665826543355926, 0.5479735042662834, 0.49177031162730866, 0.4043835618855176, 0.24936878388711847, 0.15006215858361038, 0.09634128459510127, 0.05604252474807614, 0.010836499219745388, 0.0029035846091174378, 0.0018042123781760733, 0.001471056210796129, 0.001137496020048867, 0.0009461307361331439, 0.0009063312999897377, 0.0008923273943164389, 0.0008869253032743885, 0.0008857830551922685, 0.0008857130391297652, 0.0008857109129074558]}, "10": {"maxiter": 500, "gtol": 1e-05, "xrtol": 1e-10, "eps": 1e-05, "duration": 0.1458442211151123, "fun": "0.000885710769500947", "jac": "[-2.16604512e-08 -9.04010200e-07  1.01189057e-06  7.74935671e-07\n  5.14310816e-07  4.83357798e-07]", "hess_inv": "[[ 3.63735963  0.31450746 -0.01395889  1.16748687 -1.22438127 -0.94444569]\n [ 0.31450746  4.48183402 -0.56625587  2.86874922  0.87829453  0.21538341]\n [-0.01395889 -0.56625587  5.17907328  0.86694641  0.20848098  0.56128659]\n [ 1.16748687  2.86874922  0.86694641  4.67489082  0.5522392  -0.07639478]\n [-1.22438127  0.87829453  0.20848098  0.5522392   1.55240876  0.49584254]\n [-0.94444569  0.21538341  0.56128659 -0.07639478  0.49584254  1.49577481]]", "nfev": "168", "njev": "24", "status": "0", "success": "True", "message": "Optimization terminated successfully.", "x": "[ 5.26125572  5.34708744  5.23709475  0.02547513  0.530642   -0.03813119]", "nit": "21", "callback": [0.7246041067519736, 0.666581787922975, 0.5479681750730266, 0.4917625667873353, 0.40437083286870923, 0.24934881984964874, 0.15007482490985313, 0.09633429234547997, 0.056050829342758623, 0.010838385456985122, 0.0029040171643927026, 0.0018040990979587557, 0.0014711551534838385, 0.0011375135893259003, 0.0009460934719074388, 0.0009063849108870148, 0.0008923027034654085, 0.0008869320082666166, 0.0008857786308594795, 0.0008857118096921024, 0.000885710769500947]}, "11": {"maxiter": 500, "gtol": 1e-05, "xrtol": 1e-10, "eps": 1e-10, "duration": 0.13012981414794922, "fun": "0.0008857109129074558", "jac": "[5.55111466e-06 1.11022293e-06 4.44089173e-06 4.44089204e-06\n 7.77156053e-06 7.77156107e-06]", "hess_inv": "[[ 3.61570631  0.3176025  -0.02169557  1.17589309 -1.21619625 -0.94123717]\n [ 0.3176025   4.51492069 -0.53262112  2.87936271  0.88331955  0.22057827]\n [-0.02169557 -0.53262112  5.19092817  0.89382938  0.2199586   0.56884171]\n [ 1.17589309  2.87936271  0.89382938  4.68677578  0.55313843 -0.07405732]\n [-1.21619625  0.88331955  0.2199586   0.55313843  1.55109943  0.49643109]\n [-0.94123717  0.22057827  0.56884171 -0.07405732  0.49643109  1.49716895]]", "nfev": "168", "njev": "24", "status": "0", "success": "True", "message": "Optimization terminated successfully.", "x": "[ 5.26127258  5.34713378  5.23711978  0.02553444  0.53063869 -0.03810529]", "nit": "21", "callback": [0.7246044510083818, 0.6665826543355926, 0.5479735042662834, 0.49177031162730866, 0.4043835618855176, 0.24936878388711847, 0.15006215858361038, 0.09634128459510127, 0.05604252474807614, 0.010836499219745388, 0.0029035846091174378, 0.0018042123781760733, 0.001471056210796129, 0.001137496020048867, 0.0009461307361331439, 0.0009063312999897377, 0.0008923273943164389, 0.0008869253032743885, 0.0008857830551922685, 0.0008857130391297652, 0.0008857109129074558]}, "12": {"maxiter": 500, "gtol": 1e-10, "xrtol": 1e-05, "eps": 1e-05, "duration": 0.38470840