{"date": "2024/10/30/, 05:09:54", "conf_id": 297, "data_type": "var_s_rank\n", "num_data_points": 3, "s_rank": 0, "unitary": "[[0.18663085-0.53122324j,-0.11886349-0.70040876j,0.28555095-0.02789305j,-0.12262021-0.2844587j],[-0.16702216+0.27758472j,0.27526351-0.29738586j,-0.01109314+0.22495461j,-0.77239203+0.28900673j],[0.61935415+0.12301792j,-0.31269928-0.03315917j,-0.61902762-0.19039079j,-0.27120731-0.0968989j],[0.42341754+0.0023929j,-0.05847358+0.47832119j,0.64900495-0.16218422j,-0.37182676-0.05229966j]]", "databatch_0": {"databatch": "[[[0.38632819-2.56064749e-02j,-0.12603195-2.36516452e-01j,-0.18457589+1.63727054e-02j,0.09956068-4.03072944e-01j],[-0.04528152+1.77983773e-01j,0.00289285-3.83284744e-02j,0.26037863+1.31165296e-01j,-0.10022245-1.49279028e-01j],[-0.14708146-2.20614927e-01j,-0.18284233+2.91137350e-01j,-0.15910262-1.86527327e-01j,-0.10490084+1.78759277e-01j],[-0.04339432-5.71630657e-02j,0.05624663+2.96698917e-01j,0.07463895-1.45862098e-01j,0.0616135+2.16609581e-02j]],[[0.0350466-3.29140847e-01j,0.20085748-2.36476548e-04j,0.09986974-1.04223760e-01j,-0.18159346+5.72262555e-02j],[-0.08326692-2.88964935e-01j,0.15485073+2.24989537e-03j,0.2056925+1.28555602e-01j,0.28280147-2.42770483e-01j],[0.04399815-2.89887099e-01j,-0.27194584+2.01913925e-02j,-0.32138814-1.92074380e-01j,-0.07651134-5.72252536e-02j],[0.15219067-2.22170430e-01j,-0.18426425+1.06491629e-01j,0.08232761+9.67058592e-02j,-0.15324393-1.17325878e-01j]],[[-0.18736438+1.22079417e-01j,-0.15492528-1.26565643e-01j,0.12299476+1.16119600e-01j,0.2752+2.26855835e-02j],[0.10784662+1.49178956e-01j,0.01104245-5.72577051e-02j,0.07363271-3.38949810e-01j,-0.02937092+1.92383667e-01j],[0.15804051-5.69135380e-02j,-0.47486584+7.31669363e-02j,0.05339768+7.70630973e-02j,0.10790666-1.61760401e-01j],[0.31120017-1.01783415e-01j,0.24520131+1.74083504e-01j,0.12390019+8.51023852e-02j,0.27866588+7.80455929e-02j]]]", "initial param values": "[3.72299766,3.90701198,1.78368661,0.28461202,1.15767073,0.21376244]", "nelder_mead": {"type": "gradient-free", "0": {"maxiter": 100, "fatol": 1e-05, "xatol": 1e-05, "duration": 0.24720501899719238, "fun": "0.6952463531273005", "nit": "100", "nfev": "156", "status": "2", "success": "False", "message": "Maximum number of iterations has been exceeded.", "x": "[-0.51830279  7.77340517  1.16369542  0.21357045  2.28902369  0.07478399]", "final_simplex": "(array([[-0.51830279,  7.77340517,  1.16369542,  0.21357045,  2.28902369,\n         0.07478399],\n       [-0.50033154,  7.68580489,  1.07167952,  0.21483441,  2.35002402,\n         0.0651536 ],\n       [-0.39910907,  7.7088908 ,  1.11864214,  0.21474766,  2.32003263,\n         0.07281549],\n       [-0.47854207,  7.69038418,  1.12663559,  0.22178913,  2.25413732,\n         0.0743853 ],\n       [-0.47336907,  7.72224434,  0.98390073,  0.21532419,  2.38803848,\n         0.05083617],\n       [-0.64162248,  7.89555339,  0.98322399,  0.21841419,  2.36663941,\n         0.04510867],\n       [-0.57855065,  7.68414066,  1.06963983,  0.23187172,  2.21865084,\n         0.06361263]]), array([0.69524635, 0.6959943 , 0.69697432, 0.69743191, 0.69866495,\n       0.69907168, 0.70095021]))", "callback": [0.927971049407087, 0.9034213346419229, 0.8777591191333635, 0.785123168595309, 0.7772009226060005, 0.7524029228881021, 0.7101525186956309, 0.7084149765026626, 0.7054737059972389, 0.7023549756485521]}, "1": {"maxiter": 100, "fatol": 1e-05, "xatol": 1e-10, "duration": 0.22848796844482422, "fun": "0.6952463531273005", "nit": "100", "nfev": "156", "status": "2", "success": "False", "message": "Maximum number of iterations has been exceeded.", "x": "[-0.51830279  7.77340517  1.16369542  0.21357045  2.28902369  0.07478399]", "final_simplex": "(array([[-0.51830279,  7.77340517,  1.16369542,  0.21357045,  2.28902369,\n         0.07478399],\n       [-0.50033154,  7.68580489,  1.07167952,  0.21483441,  2.35002402,\n         0.0651536 ],\n       [-0.39910907,  7.7088908 ,  1.11864214,  0.21474766,  2.32003263,\n         0.07281549],\n       [-0.47854207,  7.69038418,  1.12663559,  0.22178913,  2.25413732,\n         0.0743853 ],\n       [-0.47336907,  7.72224434,  0.98390073,  0.21532419,  2.38803848,\n         0.05083617],\n       [-0.64162248,  7.89555339,  0.98322399,  0.21841419,  2.36663941,\n         0.04510867],\n       [-0.57855065,  7.68414066,  1.06963983,  0.23187172,  2.21865084,\n         0.06361263]]), array([0.69524635, 0.6959943 , 0.69697432, 0.69743191, 0.69866495,\n       0.69907168, 0.70095021]))", "callback": [0.927971049407087, 0.9034213346419229, 0.8777591191333635, 0.785123168595309, 0.7772009226060005, 0.7524029228881021, 0.7101525186956309, 0.7084149765026626, 0.7054737059972389, 0.7023549756485521]}, "2": {"maxiter": 100, "fatol": 1e-10, "xatol": 1e-05, "duration": 0.1208500862121582, "fun": "0.6952463531273005", "nit": "100", "nfev": "156", "status": "2", "success": "False", "message": "Maximum number of iterations has been exceeded.", "x": "[-0.51830279  7.77340517  1.16369542  0.21357045  2.28902369  0.07478399]", "final_simplex": "(array([[-0.51830279,  7.77340517,  1.16369542,  0.21357045,  2.28902369,\n         0.07478399],\n       [-0.50033154,  7.68580489,  1.07167952,  0.21483441,  2.35002402,\n         0.0651536 ],\n       [-0.39910907,  7.7088908 ,  1.11864214,  0.21474766,  2.32003263,\n         0.07281549],\n       [-0.47854207,  7.69038418,  1.12663559,  0.22178913,  2.25413732,\n         0.0743853 ],\n       [-0.47336907,  7.72224434,  0.98390073,  0.21532419,  2.38803848,\n         0.05083617],\n       [-0.64162248,  7.89555339,  0.98322399,  0.21841419,  2.36663941,\n         0.04510867],\n       [-0.57855065,  7.68414066,  1.06963983,  0.23187172,  2.21865084,\n         0.06361263]]), array([0.69524635, 0.6959943 , 0.69697432, 0.69743191, 0.69866495,\n       0.69907168, 0.70095021]))", "callback": [0.927971049407087, 0.9034213346419229, 0.8777591191333635, 0.785123168595309, 0.7772009226060005, 0.7524029228881021, 0.7101525186956309, 0.7084149765026626, 0.7054737059972389, 0.7023549756485521]}, "3": {"maxiter": 100, "fatol": 1e-10, "xatol": 1e-10, "duration": 0.12016034126281738, "fun": "0.6952463531273005", "nit": "100", "nfev": "156", "status": "2", "success": "False", "message": "Maximum number of iterations has been exceeded.", "x": "[-0.51830279  7.77340517  1.16369542  0.21357045  2.28902369  0.07478399]", "final_simplex": "(array([[-0.51830279,  7.77340517,  1.16369542,  0.21357045,  2.28902369,\n         0.07478399],\n       [-0.50033154,  7.68580489,  1.07167952,  0.21483441,  2.35002402,\n         0.0651536 ],\n       [-0.39910907,  7.7088908 ,  1.11864214,  0.21474766,  2.32003263,\n         0.07281549],\n       [-0.47854207,  7.69038418,  1.12663559,  0.22178913,  2.25413732,\n         0.0743853 ],\n       [-0.47336907,  7.72224434,  0.98390073,  0.21532419,  2.38803848,\n         0.05083617],\n       [-0.64162248,  7.89555339,  0.98322399,  0.21841419,  2.36663941,\n         0.04510867],\n       [-0.57855065,  7.68414066,  1.06963983,  0.23187172,  2.21865084,\n         0.06361263]]), array([0.69524635, 0.6959943 , 0.69697432, 0.69743191, 0.69866495,\n       0.69907168, 0.70095021]))", "callback": [0.927971049407087, 0.9034213346419229, 0.8777591191333635, 0.785123168595309, 0.7772009226060005, 0.7524029228881021, 0.7101525186956309, 0.7084149765026626, 0.7054737059972389, 0.7023549756485521]}, "4": {"maxiter": 500, "fatol": 1e-05, "xatol": 1e-05, "duration": 0.5860123634338379, "fun": "0.3133072809117392", "nit": "500", "nfev": "747", "status": "2", "success": "False", "message": "Maximum number of iterations has been exceeded.", "x": "[-1.57129101  9.7948644   0.07740299 -2.01424397  3.06774939 -1.31114004]", "final_simplex": "(array([[-1.57129101,  9.7948644 ,  0.07740299, -2.01424397,  3.06774939,\n        -1.31114004],\n       [-1.66623063, 10.15618315, -0.28857791, -2.11500863,  3.07464394,\n        -1.4010784 ],\n       [-1.63454896, 10.12439353, -0.27005651, -1.96170408,  3.15517283,\n        -1.32358305],\n       [-1.55827229, 10.26660235, -0.34952088, -1.99747864,  3.14239545,\n        -1.40312856],\n       [-1.42794647,  9.9069284 , -0.16438773, -1.80950643,  3.25191362,\n        -1.45399076],\n       [-1.29564554,  9.87760535, -0.23696614, -1.80398206,  3.25820734,\n        -1.47755459],\n       [-1.49823281, 10.1406561 , -0.40978363, -1.9430696 ,  3.06257832,\n        -1.48307305]]), array([0.31330728, 0.32407498, 0.33107395, 0.33343828, 0.3400557 ,\n       0.34110571, 0.3420982 ]))", "callback": [0.927971049407087, 0.9034213346419229, 0.8777591191333635, 0.785123168595309, 0.7772009226060005, 0.7524029228881021, 0.7101525186956309, 0.7084149765026626, 0.7054737059972389, 0.7023549756485521, 0.6949001682223006, 0.6925594227172681, 0.6857687402355772, 0.6805258996324861, 0.6789856569565695, 0.678851730685414, 0.6787223453635973, 0.6785887029526882, 0.6782614953769464, 0.6777109978490212, 0.6751375515117404, 0.6605220532578966, 0.5878968006446386, 0.5847859515293108, 0.565353478887251, 0.5471138216415523, 0.533980300606985, 0.518492193193246, 0.5099095477683815, 0.5035983509390844, 0.5000044829927353, 0.4997273725350939, 0.499697712920243, 0.49948212597540487, 0.49931751938169133, 0.4991402315450727, 0.4990834222620003, 0.4990834222620003, 0.49906658433655693, 0.4990428034383939, 0.4989588266187879, 0.4988072291425698, 0.4986578984477572, 0.49821676556716465, 0.4975740299015645, 0.49626205646192745, 0.49360569453852043, 0.4811232760321772, 0.45185222938173564, 0.34005569878381225]}, "5": {"maxiter": 500, "fatol": 1e-05, "xatol": 1e-10, "duration": 0.5826821327209473, "fun": "0.3133072809117392", "nit": "500", "nfev": "747", "status": "2", "success": "False", "message": "Maximum number of iterations has been exceeded.", "x": "[-1.57129101  9.7948644   0.07740299 -2.01424397  3.06774939 -1.31114004]", "final_simplex": "(array([[-1.57129101,  9.7948644 ,  0.07740299, -2.01424397,  3.06774939,\n        -1.31114004],\n       [-1.66623063, 10.15618315, -0.28857791, -2.11500863,  3.07464394,\n        -1.4010784 ],\n       [-1.63454896, 10.12439353, -0.27005651, -1.96170408,  3.15517283,\n        -1.32358305],\n       [-1.55827229, 10.26660235, -0.34952088, -1.99747864,  3.14239545,\n        -1.40312856],\n       [-1.42794647,  9.9069284 , -0.16438773, -1.80950643,  3.25191362,\n        -1.45399076],\n       [-1.29564554,  9.87760535, -0.23696614, -1.80398206,  3.25820734,\n        -1.47755459],\n       [-1.49823281, 10.1406561 , -0.40978363, -1.9430696 ,  3.06257832,\n        -1.48307305]]), array([0.31330728, 0.32407498, 0.33107395, 0.33343828, 0.3400557 ,\n       0.34110571, 0.3420982 ]))", "callback": [0.927971049407087, 0.9034213346419229, 0.8777591191333635, 0.785123168595309, 0.7772009226060005, 0.7524029228881021, 0.7101525186956309, 0.7084149765026626, 0.7054737059972389, 0.7023549756485521, 0.6949001682223006, 0.6925594227172681, 0.6857687402355772, 0.6805258996324861, 0.6789856569565695, 0.678851730685414, 0.6787223453635973, 0.6785887029526882, 0.6782614953769464, 0.6777109978490212, 0.6751375515117404, 0.6605220532578966, 0.5878968006446386, 0.5847859515293108, 0.565353478887251, 0.5471138216415523, 0.533980300606985, 0.518492193193246, 0.5099095477683815, 0.5035983509390844, 0.5000044829927353, 0.4997273725350939, 0.499697712920243, 0.49948212597540487, 0.49931751938169133, 0.4991402315450727, 0.4990834222620003, 0.4990834222620003, 0.49906658433655693, 0.4990428034383939, 0.4989588266187879, 0.4988072291425698, 0.4986578984477572, 0.49821676556716465, 0.4975740299015645, 0.49626205646192745, 0.49360569453852043, 0.4811232760321772, 0.45185222938173564, 0.34005569878381225]}, "6": {"maxiter": 500, "fatol": 1e-10, "xatol": 1e-05, "duration": 0.5751039981842041, "fun": "0.3133072809117392", "nit": "500", "nfev": "747", "status": "2", "success": "False", "message": "Maximum number of iterations has been exceeded.", "x": "[-1.57129101  9.7948644   0.07740299 -2.01424397  3.06774939 -1.31114004]", "final_simplex": "(array([[-1.57129101,  9.7948644 ,  0.07740299, -2.01424397,  3.06774939,\n        -1.31114004],\n       [-1.66623063, 10.15618315, -0.28857791, -2.11500863,  3.07464394,\n        -1.4010784 ],\n       [-1.63454896, 10.12439353, -0.27005651, -1.96170408,  3.15517283,\n        -1.32358305],\n       [-1.55827229, 10.26660235, -0.34952088, -1.99747864,  3.14239545,\n        -1.40312856],\n       [-1.42794647,  9.9069284 , -0.16438773, -1.80950643,  3.25191362,\n        -1.45399076],\n       [-1.29564554,  9.87760535, -0.23696614, -1.80398206,  3.25820734,\n        -1.47755459],\n       [-1.49823281, 10.1406561 , -0.40978363, -1.9430696 ,  3.06257832,\n        -1.48307305]]), array([0.31330728, 0.32407498, 0.33107395, 0.33343828, 0.3400557 ,\n       0.34110571, 0.3420982 ]))", "callback": [0.927971049407087, 0.9034213346419229, 0.8777591191333635, 0.785123168595309, 0.7772009226060005, 0.7524029228881021, 0.7101525186956309, 0.7084149765026626, 0.7054737059972389, 0.7023549756485521, 0.6949001682223006, 0.6925594227172681, 0.6857687402355772, 0.6805258996324861, 0.6789856569565695, 0.678851730685414, 0.6787223453635973, 0.6785887029526882, 0.6782614953769464, 0.6777109978490212, 0.6751375515117404, 0.6605220532578966, 0.5878968006446386, 0.5847859515293108, 0.565353478887251, 0.5471138216415523, 0.533980300606985, 0.518492193193246, 0.5099095477683815, 0.5035983509390844, 0.5000044829927353, 0.4997273725350939, 0.499697712920243, 0.49948212597540487, 0.49931751938169133, 0.4991402315450727, 0.4990834222620003, 0.4990834222620003, 0.49906658433655693, 0.4990428034383939, 0.4989588266187879, 0.4988072291425698, 0.4986578984477572, 0.49821676556716465, 0.4975740299015645, 0.49626205646192745, 0.49360569453852043, 0.4811232760321772, 0.45185222938173564, 0.34005569878381225]}, "7": {"maxiter": 500, "fatol": 1e-10, "xatol": 1e-10, "duration": 0.6232459545135498, "fun": "0.3133072809117392", "nit": "500", "nfev": "747", "status": "2", "success": "False", "message": "Maximum number of iterations has been exceeded.", "x": "[-1.57129101  9.7948644   0.07740299 -2.01424397  3.06774939 -1.31114004]", "final_simplex": "(array([[-1.57129101,  9.7948644 ,  0.07740299, -2.01424397,  3.06774939,\n        -1.31114004],\n       [-1.66623063, 10.15618315, -0.28857791, -2.11500863,  3.07464394,\n        -1.4010784 ],\n       [-1.63454896, 10.12439353, -0.27005651, -1.96170408,  3.15517283,\n        -1.32358305],\n       [-1.55827229, 10.26660235, -0.34952088, -1.99747864,  3.14239545,\n        -1.40312856],\n       [-1.42794647,  9.9069284 , -0.16438773, -1.80950643,  3.25191362,\n        -1.45399076],\n       [-1.29564554,  9.87760535, -0.23696614, -1.80398206,  3.25820734,\n        -1.47755459],\n       [-1.49823281, 10.1406561 , -0.40978363, -1.9430696 ,  3.06257832,\n        -1.48307305]]), array([0.31330728, 0.32407498, 0.33107395, 0.33343828, 0.3400557 ,\n       0.34110571, 0.3420982 ]))", "callback": [0.927971049407087, 0.9034213346419229, 0.8777591191333635, 0.785123168595309, 0.7772009226060005, 0.7524029228881021, 0.7101525186956309, 0.7084149765026626, 0.7054737059972389, 0.7023549756485521, 0.6949001682223006, 0.6925594227172681, 0.6857687402355772, 0.6805258996324861, 0.6789856569565695, 0.678851730685414, 0.6787223453635973, 0.6785887029526882, 0.6782614953769464, 0.6777109978490212, 0.6751375515117404, 0.6605220532578966, 0.5878968006446386, 0.5847859515293108, 0.565353478887251, 0.5471138216415523, 0.533980300606985, 0.518492193193246, 0.5099095477683815, 0.5035983509390844, 0.5000044829927353, 0.4997273725350939, 0.499697712920243, 0.49948212597540487, 0.49931751938169133, 0.4991402315450727, 0.4990834222620003, 0.4990834222620003, 0.49906658433655693, 0.4990428034383939, 0.4989588266187879, 0.4988072291425698, 0.4986578984477572, 0.49821676556716465, 0.4975740299015645, 0.49626205646192745, 0.49360569453852043, 0.4811232760321772, 0.45185222938173564, 0.34005569878381225]}, "8": {"maxiter": 1000, "fatol": 1e-05, "xatol": 1e-05, "duration": 1.0667235851287842, "fun": "0.24171581465813174", "nit": "752", "nfev": "1146", "status": "0", "success": "True", "message": "Optimization terminated successfully.", "x": "[-1.15642947 10.03661913  0.06451074 -2.28531086  3.45160141 -0.78257829]", "final_simplex": "(array([[-1.15642947, 10.03661913,  0.06451074, -2.28531086,  3.45160141,\n        -0.78257829],\n       [-1.15642823, 10.03661533,  0.06451091, -2.28530487,  3.45159722,\n        -0.78258519],\n       [-1.15642648, 10.03661438,  0.06451452, -2.28530634,  3.45160543,\n        -0.78257726],\n       [-1.15642578, 10.03661107,  0.06451329, -2.28530888,  3.45160195,\n        -0.7825719 ],\n       [-1.15642641, 10.03661455,  0.06450778, -2.28530759,  3.45160974,\n        -0.78257873],\n       [-1.15643347, 10.03661157,  0.06451359, -2.28531252,  3.451597  ,\n        -0.78258594],\n       [-1.15642698, 10.03661048,  0.06451492, -2.2853042 ,  3.45160561,\n        -0.78257029]]), array([0.24171581, 0.24171581, 0.24171581, 0.24171581, 0.24171581,\n       0.24171581, 0.24171581]))", "callback": [0.927971049407087, 0.9034213346419229, 0.8777591191333635, 0.785123168595309, 0.7772009226060005, 0.7524029228881021, 0.7101525186956309, 0.7084149765026626, 0.7054737059972389, 0.7023549756485521, 0.6949001682223006, 0.6925594227172681, 0.6857687402355772, 0.6805258996324861, 0.6789856569565695, 0.678851730685414, 0.6787223453635973, 0.6785887029526882, 0.6782614953769464, 0.6777109978490212, 0.6751375515117404, 0.6605220532578966, 0.5878968006446386, 0.5847859515293108, 0.565353478887251, 0.5471138216415523, 0.533980300606985, 0.518492193193246, 0.5099095477683815, 0.5035983509390844, 0.5000044829927353, 0.4997273725350939, 0.499697712920243, 0.49948212597540487, 0.49931751938169133, 0.4991402315450727, 0.4990834222620003, 0.4990834222620003, 0.49906658433655693, 0.4990428034383939, 0.4989588266187879, 0.4988072291425698, 0.4986578984477572, 0.49821676556716465, 0.4975740299015645, 0.49626205646192745, 0.49360569453852043, 0.4811232760321772, 0.45185222938173564, 0.34005569878381225, 0.3114983557013504, 0.30151005350786464, 0.2842258058433015, 0.27929186268006656, 0.2759407424681162, 0.26704983960926565, 0.2576729735789208, 0.2507970189805563, 0.24399055835896322, 0.24270521394586642, 0.24199732662941142, 0.24174479171849372, 0.24172477926865754, 0.2417180011245046, 0.24171665646251073, 0.24171589868694987, 0.24171589868694987, 0.24171585196830525, 0.2417158225333842, 0.24171581601586267, 0.24171581507937434, 0.2417158147963937, 0.24171581473260206, 0.24171581469241465, 0.24171581467212067, 0.24171581465813174]}, "9": {"maxiter": 1000, "fatol": 1e-05, "xatol": 1e-10, "duration": 1.376201868057251, "fun": "0.24171581464938985", "nit": "879", "nfev": "1407", "status": "0", "success": "True", "message": "Optimization terminated successfully.", "x": "[-1.15642438 10.03661615  0.0645081  -2.28530931  3.45159929 -0.78258129]", "final_simplex": "(array([[-1.15642438, 10.03661615,  0.0645081 , -2.28530931,  3.45159929,\n        -0.78258129],\n       [-1.15642438, 10.03661615,  0.0645081 , -2.28530931,  3.45159929,\n        -0.78258129],\n       [-1.15642438, 10.03661615,  0.0645081 , -2.28530931,  3.45159929,\n        -0.78258129],\n       [-1.15642438, 10.03661615,  0.0645081 , -2.28530931,  3.45159929,\n        -0.78258129],\n       [-1.15642438, 10.03661615,  0.0645081 , -2.28530931,  3.45159929,\n        -0.78258129],\n       [-1.15642438, 10.03661615,  0.0645081 , -2.28530931,  3.45159929,\n        -0.78258129],\n       [-1.15642438, 10.03661615,  0.0645081 , -2.28530931,  3.45159929,\n        -0.78258129]]), array([0.24171581, 0.24171581, 0.24171581, 0.24171581, 0.24171581,\n       0.24171581, 0.24171581]))", "callback": [0.927971049407087, 0.9034213346419229, 0.8777591191333635, 0.785123168595309, 0.7772009226060005, 0.7524029228881021, 0.7101525186956309, 0.7084149765026626, 0.7054737059972389, 0.7023549756485521, 0.6949001682223006, 0.6925594227172681, 0.6857687402355772, 0.6805258996324861, 0.6789856569565695, 0.678851730685414, 0.6787223453635973, 0.6785887029526882, 0.6782614953769464, 0.6777109978490212, 0.6751375515117404, 0.6605220532578966, 0.5878968006446386, 0.5847859515293108, 0.565353478887251, 0.5471138216415523, 0.533980300606985, 0.518492193193246, 0.5099095477683815, 0.5035983509390844, 0.5000044829927353, 0.4997273725350939, 0.499697712920243, 0.49948212597540487, 0.49931751938169133, 0.4991402315450727, 0.4990834222620003, 0.4990834222620003, 0.49906658433655693, 0.4990428034383939, 0.4989588266187879, 0.4988072291425698, 0.4986578984477572, 0.49821676556716465, 0.4975740299015645, 0.49626205646192745, 0.49360569453852043, 0.4811232760321772, 0.45185222938173564, 0.34005569878381225, 0.3114983557013504, 0.30151005350786464, 0.2842258058433015, 0.27929186268006656, 0.2759407424681162, 0.26704983960926565, 0.2576729735789208, 0.2507970189805563, 0.24399055835896322, 0.24270521394586642, 0.24199732662941142, 0.24174479171849372, 0.24172477926865754, 0.2417180011245046, 0.24171665646251073, 0.24171589868694987, 0.24171589868694987, 0.24171585196830525, 0.2417158225333842, 0.24171581601586267, 0.24171581507937434, 0.2417158147963937, 0.24171581473260206, 0.24171581469241465, 0.24171581467212067, 0.24171581465813174, 0.24171581465214909, 0.2417158146507612, 0.24171581464990466, 0.24171581464974778, 0.24171581464946035, 0.24171581464942415, 0.24171581464939873, 0.24171581464939285, 0.24171581464939074, 0.2417158146493904, 0.24171581464938985, 0.24171581464938985]}, "10": {"maxiter": 1000, "fatol": 1e-10, "xatol": 1e-05, "duration": 1.003504753112793, "fun": "0.24171581465813174", "nit": "752", "nfev": "1146", "status": "0", "success": "True", "message": "Optimization terminated successfully.", "x": "[-1.15642947 10.03661913  0.06451074 -2.28531086  3.45160141 -0.78257829]", "final_simplex": "(array([[-1.15642947, 10.03661913,  0.06451074, -2.28531086,  3.45160141,\n        -0.78257829],\n       [-1.15642823, 10.03661533,  0.06451091, -2.28530487,  3.45159722,\n        -0.78258519],\n       [-1.15642648, 10.03661438,  0.06451452, -2.28530634,  3.45160543,\n        -0.78257726],\n       [-1.15642578, 10.03661107,  0.06451329, -2.28530888,  3.45160195,\n        -0.7825719 ],\n       [-1.15642641, 10.03661455,  0.06450778, -2.28530759,  3.45160974,\n        -0.78257873],\n       [-1.15643347, 10.03661157,  0.06451359, -2.28531252,  3.451597  ,\n        -0.78258594],\n       [-1.15642698, 10.03661048,  0.06451492, -2.2853042 ,  3.45160561,\n        -0.78257029]]), array([0.24171581, 0.24171581, 0.24171581, 0.24171581, 0.24171581,\n       0.24171581, 0.24171581]))", "callback": [0.927971049407087, 0.9034213346419229, 0.8777591191333635, 0.785123168595309, 0.7772009226060005, 0.7524029228881021, 0.7101525186956309, 0.7084149765026626, 0.7054737059972389, 0.7023549756485521, 0.6949001682223006, 0.6925594227172681, 0.6857687402355772, 0.6805258996324861, 0.6789856569565695, 0.678851730685414, 0.6787223453635973, 0.6785887029526882, 0.6782614953769464, 0.6777109978490212, 0.6751375515117404, 0.6605220532578966, 0.5878968006446386, 0.5847859515293108, 0.565353478887251, 0.5471138216415523, 0.533980300606985, 0.518492193193246, 0.5099095477683815, 0.5035983509390844, 0.5000044829927353, 0.4997273725350939, 0.499697712920243, 0.49948212597540487, 0.49931751938169133, 0.4991402315450727, 0.4990834222620003, 0.4990834222620003, 0.49906658433655693, 0.4990428034383939, 0.4989588266187879, 0.4988072291425698, 0.4986578984477572, 0.49821676556716465, 0.4975740299015645, 0.49626205646192745, 0.49360569453852043, 0.4811232760321772, 0.45185222938173564, 0.34005569878381225, 0.3114983557013504, 0.30151005350786464, 0.2842258058433015, 0.27929186268006656, 0.2759407424681162, 0.26704983960926565, 0.2576729735789208, 0.2507970189805563, 0.24399055835896322, 0.24270521394586642, 0.24199732662941142, 0.24174479171849372, 0.24172477926865754, 0.2417180011245046, 0.24171665646251073, 0.24171589868694987, 0.24171589868694987, 0.24171585196830525, 0.2417158225333842, 0.24171581601586267, 0.24171581507937434, 0.2417158147963937, 0.24171581473260206, 0.24171581469241465, 0.24171581467212067, 0.24171581465813174]}, "11": {"maxiter": 1000, "fatol": 1e-10, "xatol": 1e-10, "duration": 1.1812012195587158, "fun": "0.24171581464938985", "nit": "879", "nfev": "1407", "status": "0", "success": "True", "message": "Optimization terminated successfully.", "x": "[-1.15642438 10.03661615  0.0645081  -2.28530931  3.45159929 -0.78258129]", "final_simplex": "(array([[-1.15642438, 10.03661615,  0.0645081 , -2.28530931,  3.45159929,\n        -0.78258129],\n       [-1.15642438, 10.03661615,  0.0645081 , -2.28530931,  3.45159929,\n        -0.78258129],\n       [-1.15642438, 10.03661615,  0.0645081 , -2.28530931,  3.45159929,\n        -0.78258129],\n       [-1.15642438, 10.03661615,  0.0645081 , -2.28530931,  3.45159929,\n        -0.78258129],\n       [-1.15642438, 10.03661615,  0.0645081 , -2.28530931,  3.45159929,\n        -0.78258129],\n       [-1.15642438, 10.03661615,  0.0645081 , -2.28530931,  3.45159929,\n        -0.78258129],\n       [-1.15642438, 10.03661615,  0.0645081 , -2.28530931,  3.45159929,\n        -0.78258129]]), array([0.24171581, 0.24171581, 0.24171581, 0.24171581, 0.24171581,\n       0.24171581, 0.24171581]))", "callback": [0.927971049407087, 0.9034213346419229, 0.8777591191333635, 0.785123168595309, 0.7772009226060005, 0.7524029228881021, 0.7101525186956309, 0.7084149765026626, 0.7054737059972389, 0.7023549756485521, 0.6949001682223006, 0.6925594227172681, 0.6857687402355772, 0.6805258996324861, 0.6789856569565695, 0.678851730685414, 0.6787223453635973, 0.6785887029526882, 0.6782614953769464, 0.6777109978490212, 0.6751375515117404, 0.6605220532578966, 0.5878968006446386, 0.5847859515293108, 0.565353478887251, 0.5471138216415523, 0.533980300606985, 0.518492193193246, 0.5099095477683815, 0.5035983509390844, 0.5000044829927353, 0.4997273725350939, 0.499697712920243, 0.49948212597540487, 0.49931751938169133, 0.4991402315450727, 0.4990834222620003, 0.4990834222620003, 0.49906658433655693, 0.4990428034383939, 0.4989588266187879, 0.4988072291425698, 0.4986578984477572, 0.49821676556716465, 0.4975740299015645, 0.49626205646192745, 0.49360569453852043, 0.4811232760321772, 0.45185222938173564, 0.34005569878381225, 0.3114983557013504, 0.30151005350786464, 0.2842258058433015, 0.27929186268006656, 0.2759407424681162, 0.26704983960926565, 0.2576729735789208, 0.2507970189805563, 0.24399055835896322, 0.24270521394586642, 0.24199732662941142, 0.24174479171849372, 0.24172477926865754, 0.2417180011245046, 0.24171665646251073, 0.24171589868694987, 0.24171589868694987, 0.24171585196830525, 0.2417158225333842, 0.24171581601586267, 0.24171581507937434, 0.2417158147963937, 0.24171581473260206, 0.24171581469241465, 0.24171581467212067, 0.24171581465813174, 0.24171581465214909, 0.2417158146507612, 0.24171581464990466, 0.24171581464974778, 0.24171581464946035, 0.24171581464942415, 0.24171581464939873, 0.24171581464939285, 0.24171581464939074, 0.2417158146493904, 0.24171581464938985, 0.24171581464938985]}}, "bfgs": {"type": "gradient", "0": {"maxiter": 100, "gtol": 1e-05, "xrtol": 1e-05, "eps": 1e-05, "duration": 0.16760730743408203, "fun": "0.24171581498361283", "jac": "[ 7.77118370e-06  6.54416521e-06 -3.03217451e-06  2.76134671e-07\n -9.08864095e-06  8.96276386e-06]", "hess_inv": "[[ 3.49255564  0.06681919 -0.18290226 -0.71451074  0.29039227  0.77646222]\n [ 0.06681919  4.03475207 -1.86013289  0.99950269 -0.38958711 -0.53695564]\n [-0.18290226 -1.86013289  3.92463691 -0.16829225  0.67346009  1.13806141]\n [-0.71451074  0.99950269 -0.16829225  3.06598673 -0.01224871 -0.2344803 ]\n [ 0.29039227 -0.38958711  0.67346009 -0.01224871  5.00908206  3.33297862]\n [ 0.77646222 -0.53695564  1.13806141 -0.2344803   3.33297862  5.53659975]]", "nfev": "217", "njev": "31", "status": "0", "success": "True", "message": "Optimization terminated successfully.", "x": "[5.12678103 3.75345442 0.0644855  2.28530683 0.30997726 2.35901132]", "nit": "23", "callback": [0.9013045833232977, 0.8997137845251075, 0.8593123600674335, 0.8436084031025999, 0.8365866250195569, 0.8231445681551915, 0.7732947787332329, 0.6887643037474709, 0.6376643029375266, 0.594149716411785, 0.5167124366388425, 0.4002078250694505, 0.3095590919032455, 0.27061124516577906, 0.2641028045376167, 0.25356018272701464, 0.24497530931113864, 0.244037422329479, 0.24255001402868215, 0.24173061422510678, 0.24171674854203307, 0.2417158389354741, 0.24171581498361283]}, "1": {"maxiter": 100, "gtol": 1e-05, "xrtol": 1e-05, "eps": 1e-10, "duration": 0.2054135799407959, "fun": "0.24171581491873384", "jac": "[ 4.44089173e-06  2.22044587e-06 -3.33066926e-06  0.00000000e+00\n -8.88178346e-06  8.88178346e-06]", "hess_inv": "[[ 3.46195006  0.05630432 -0.16521616 -0.70409627  0.30218303  0.78595607]\n [ 0.05630432  4.02342226 -1.84890265  1.00033211 -0.3768276  -0.52189324]\n [-0.16521616 -1.84890265  3.92341732 -0.16231875  0.66216273  1.12374597]\n [-0.70409627  1.00033211 -0.16231875  3.06088119 -0.01320605 -0.24526869]\n [ 0.30218303 -0.3768276   0.66216273 -0.01320605  4.9890313   3.32662305]\n [ 0.78595607 -0.52189324  1.12374597 -0.24526869  3.32662305  5.5223388 ]]", "nfev": "217", "njev": "31", "status": "0", "success": "True", "message": "Optimization terminated successfully.", "x": "[5.12678532 3.75344753 0.06450111 2.28531077 0.31000468 2.3590403 ]", "nit": "23", "callback": [0.9013051282128175, 0.8997144724579957, 0.8593259089490735, 0.8436228866033567, 0.8365967383646573, 0.8231472852945144, 0.7731333939585381, 0.6884456477454826, 0.6376778697486989, 0.5942739654654641, 0.5167936225927148, 0.40016997971660306, 0.3099665517731175, 0.27079871527151, 0.2640942473956338, 0.25331399493859486, 0.24496245750188628, 0.24402751786779042, 0.24254593717706585, 0.24173008711987987, 0.24171665683747312, 0.2417158355682295, 0.24171581491873384]}, "2": {"maxiter": 100, "gtol": 1e-05, "xrtol": 1e-10, "eps": 1e-05, "duration": 0.16930413246154785, "fun": "0.24171581498361283", "jac": "[ 7.77118370e-06  6.54416521e-06 -3.03217451e-06  2.76134671e-07\n -9.08864095e-06  8.96276386e-06]", "hess_inv": "[[ 3.49255564  0.06681919 -0.18290226 -0.71451074  0.29039227  0.77646222]\n [ 0.06681919  4.03475207 -1.86013289  0.99950269 -0.38958711 -0.53695564]\n [-0.18290226 -1.86013289  3.92463691 -0.16829225  0.67346009  1.13806141]\n [-0.71451074  0.99950269 -0.16829225  3.06598673 -0.01224871 -0.2344803 ]\n [ 0.29039227 -0.38958711  0.67346009 -0.01224871  5.00908206  3.33297862]\n [ 0.77646222 -0.53695564  1.13806141 -0.2344803   3.33297862  5.53659975]]", "nfev": "217", "njev": "31", "status": "0", "success": "True", "message": "Optimization terminated successfully.", "x": "[5.12678103 3.75345442 0.0644855  2.28530683 0.30997726 2.35901132]", "nit": "23", "callback": [0.9013045833232977, 0.8997137845251075, 0.8593123600674335, 0.8436084031025999, 0.8365866250195569, 0.8231445681551915, 0.7732947787332329, 0.6887643037474709, 0.6376643029375266, 0.594149716411785, 0.5167124366388425, 0.4002078250694505, 0.3095590919032455, 0.27061124516577906, 0.2641028045376167, 0.25356018272701464, 0.24497530931113864, 0.244037422329479, 0.24255001402868215, 0.24173061422510678, 0.24171674854203307, 0.2417158389354741, 0.24171581498361283]}, "3": {"maxiter": 100, "gtol": 1e-05, "xrtol": 1e-10, "eps": 1e-10, "duration": 0.1684093475341797, "fun": "0.24171581491873384", "jac": "[ 4.44089173e-06  2.22044587e-06 -3.33066926e-06  0.00000000e+00\n -8.88178346e-06  8.88178346e-06]", "hess_inv": "[[ 3.46195006  0.05630432 -0.16521616 -0.70409627  0.30218303  0.78595607]\n [ 0.05630432  4.02342226 -1.84890265  1.00033211 -0.3768276  -0.52189324]\n [-0.16521616 -1.84890265  3.92341732 -0.16231875  0.66216273  1.12374597]\n [-0.70409627  1.00033211 -0.16231875  3.06088119 -0.01320605 -0.24526869]\n [ 0.30218303 -0.3768276   0.66216273 -0.01320605  4.9890313   3.32662305]\n [ 0.78595607 -0.52189324  1.12374597 -0.24526869  3.32662305  5.5223388 ]]", "nfev": "217", "njev": "31", "status": "0", "success": "True", "message": "Optimization terminated successfully.", "x": "[5.12678532 3.75344753 0.06450111 2.28531077 0.31000468 2.3590403 ]", "nit": "23", "callback": [0.9013051282128175, 0.8997144724579957, 0.8593259089490735, 0.8436228866033567, 0.8365967383646573, 0.8231472852945144, 0.7731333939585381, 0.6884456477454826, 0.6376778697486989, 0.5942739654654641, 0.5167936225927148, 0.40016997971660306, 0.3099665517731175, 0.27079871527151, 0.2640942473956338, 0.25331399493859486, 0.24496245750188628, 0.24402751786779042, 0.24254593717706585, 0.24173008711987987, 0.24171665683747312, 0.2417158355682295, 0.24171581491873384]}, "4": {"maxiter": 100, "gtol": 1e-10, "xrtol": 1e-05, "eps": 1e-05, "duration": 0.2277686595916748, "fun": "0.24171581469881698", "jac": "[-6.29718500e-08 -3.44435591e-07  1.44879664e-06  3.14981374e-07\n  6.06747985e-07 -7.18991533e-07]", "hess_inv": "[[ 3.22999984 -0.09787216 -0.07607463 -0.6609558   0.43428807  0.67930677]\n [-0.09787216  4.16027177 -1.96143908  1.17308339 -0.3056503  -0.46870378]\n [-0.07607463 -1.96143908  4.004978   -0.29305248  0.61956377  1.08256122]\n [-0.6609558   1.17308339 -0.29305248  3.140703   -0.04546851 -0.13562618]\n [ 0.43428807 -0.3056503   0.61956377 -0.04546851  4.93039357  3.38265514]\n [ 0.67930677 -0.46870378  1.08256122 -0.13562618  3.38265514  5.57359118]]", "nfev": "224", "njev": "32", "status": "0", "success": "True", "message": "Optimization terminated successfully.", "x": "[5.12675438 3.75342311 0.06450708 2.28530333 0.30999227 2.35899322]", "nit": "24", "callback": [0.9013045833232977, 0.8997137845251075, 0.8593123600674335, 0.8436084031025999, 0.8365866250195569, 0.8231445681551915, 0.7732947787332329, 0.6887643037474709, 0.6376643029375266, 0.594149716411785, 0.5167124366388425, 0.4002078250694505, 0.3095590919032455, 0.27061124516577906, 0.2641028045376167, 0.25356018272701464, 0.24497530931113864, 0.244037422329479, 0.24255001402868215, 0.24173061422510678, 0.24171674854203307, 0.2417158389354741, 0.24171581498361283, 0.24171581469881698]}, "5": {"maxiter": 100, "gtol": 1e-10, "xrtol": 1e-05, "eps": 1e-10, "duration": 0.17336177825927734, "fun": "0.24171581468207315", "jac": "[ 2.22044587e-06  2.22044587e-06  4.44089235e-06 -1.11022293e-06\n  2.22044587e-06  2.22044587e-06]", "hess_inv": "[[ 3.29786253 -0.02462015 -0.0840231  -0.66417461  0.42595097  0.67255675]\n [-0.02462015  4.09205674 -1.90984924  1.08818584 -0.3459982  -0.46899574]\n [-0.0840231  -1.90984924  3.97720148 -0.24549307  0.62902791  1.07860894]\n [-0.66417461  1.08818584 -0.24549307  3.09397567 -0.06228999 -0.14933884]\n [ 0.42595097 -0.3459982   0.62902791 -0.06228999  4.9040838   3.38186994]\n [ 0.67255675 -0.46899574  1.07860894 -0.14933884  3.38186994  5.55307288]]", "nfev": "224", "njev": "32", "status": "0", "success": "True", "message": "Optimization terminated successfully.", "x": "[5.12676826 3.75343328 0.06451498 2.28531126 0.31001918 2.35902266]", "nit": "24", "callback": [0.9013051282128175, 0.8997144724579957, 0.8593259089490735, 0.8436228866033567, 0.8365967383646573, 0.8231472852945144, 0.7731333939585381, 0.6884456477454826, 0.6376778697486989, 0.5942739654654641, 0.5167936225927148, 0.40016997971660306, 0.3099665517731175, 0.27079871527151, 0.2640942473956338, 0.25331399493859486, 0.24496245750188628, 0.24402751786779042, 0.24254593717706585, 0.24173008711987987, 0.24171665683747312, 0.2417158355682295, 0.24171581491873384, 0.24171581468207315]}, "6": {"maxiter": 100, "gtol": 1e-10, "xrtol": 1e-10, "eps": 1e-05, "duration": 0.3202669620513916, "fun": "0.24171581469802506", "jac": "[-3.44946294e-08 -1.78990156e-07  7.23032745e-07  1.66910930e-07\n  3.06532577e-07 -3.61521924e-07]", "hess_inv": "[[ 3.26746267 -0.1317047   0.03839569 -0.65277176  0.44286895  0.70734994]\n [-0.1317047   3.98996102 -1.69041142  1.1415142  -0.23813335 -0.49740445]\n [ 0.03839569 -1.69041142  3.65684296 -0.22301732  0.5054877   1.17451731]\n [-0.65277176  1.1415142  -0.22301732  3.15064377 -0.03408916 -0.12640702]\n [ 0.44286895 -0.23813335  0.5054877  -0.03408916  4.90417379  3.3904838 ]\n [ 0.70734994 -0.49740445  1.17451731 -0.12640702  3.3904838   5.59562942]]", "nfev": "340", "njev": "47", "status": "2", "success": "False", "message": "Desired error not necessarily achieved due to precision loss.", "x": "[5.12675464 3.75342472 0.06450445 2.28530316 0.30999162 2.35899331]", "nit": "26", "callback": [0.9013045833232977, 0.8997137845251075, 0.8593123600674335, 0.8436084031025999, 0.8365866250195569, 0.8231445681551915, 0.7732947787332329, 0.6887643037474709, 0.6376643029375266, 0.594149716411785, 0.5167124366388425, 0.4002078250694505, 0.3095590919032455, 0.27061124516577906, 0.2641028045376167, 0.25356018272701464, 0.24497530931113864, 0.244037422329479, 0.24255001402868215, 0.24173061422510678, 0.24171674854203307, 0.2417158389354741, 0.24171581498361283, 0.24171581469881698, 0.2417158146980728, 0.24171581469802506]}, "7": {"maxiter": 100, "gtol": 1e-10, "xrtol": 1e-10, "eps": 1e-10, "duration": 0.21240758895874023, "fun": "0.24171581465298964", "jac": "[0. 0. 0. 0. 0. 0.]", "hess_inv": "[[ 3.07112142e+00  1.49147490e-01 -4.38956026e-04 -6.10573205e-02\n   1.34917516e-01 -9.02459799e-01]\n [ 1.49147490e-01  4.06317858e+00 -1.53105409e+00  1.08204821e+00\n   5.68421034e-02 -1.46466963e-01]\n [-4.38956026e-04 -1.53105409e+00  2.70524423e+00  4.37836831e-02\n  -3.36133805e-01 -7.83551630e-02]\n [-6.10573205e-02  1.08204821e+00  4.37836831e-02  3.00050626e+00\n   7.59282904e-01  6.25578892e-01]\n [ 1.34917516e-01  5.68421034e-02 -3.36133805e-01  7.59282904e-01\n   3.81977680e+00  7.44084075e-01]\n [-9.02459799e-01 -1.46466963e-01 -7.83551630e-02  6.25578892e-01\n   7.44084075e-01  2.12102567e+00]]", "nfev": "273", "njev": "39", "status": "0", "success": "True", "message": "Optimization terminated successfully.", "x": "[5.12676167 3.75343201 0.06450898 2.28531002 0.31001093 2.35901728]", "nit": "27", "callback": [0.9013051282128175, 0.8997144724579957, 0.8593259089490735, 0.8436228866033567, 0.8365967383646573, 0.8231472852945144, 0.7731333939585381, 0.6884456477454826, 0.6376778697486989, 0.5942739654654641, 0.5167936225927148, 0.40016997971660306, 0.3099665517731175, 0.27079871527151, 0.2640942473956338, 0.25331399493859486, 0.24496245750188628, 0.24402751786779042, 0.24254593717706585, 0.24173008711987987, 0.24171665683747312, 0.2417158355682295, 0.24171581491873384, 0.24171581468207315, 0.2417158146652406, 0.24171581465447767, 0.24171581465298964]}, "8": {"maxiter": 500, "gtol": 1e-05, "xrtol": 1e-05, "eps": 1e-05, "duration": 0.17883586883544922, "fun": "0.24171581498361283", "jac": "[ 7.77118370e-06  6.54416521e-06 -3.03217451e-06  2.76134671e-07\n -9.08864095e-06  8.96276386e-06]", "hess_inv": "[[ 3.49255564  0.06681919 -0.18290226 -0.71451074  0.29039227  0.77646222]\n [ 0.06681919  4.03475207 -1.86013289  0.99950269 -0.38958711 -0.53695564]\n [-0.18290226 -1.86013289  3.92463691 -0.16829225  0.67346009  1.13806141]\n [-0.71451074  0.99950269 -0.16829225  3.06598673 -0.01224871 -0.2344803 ]\n [ 0.29039227 -0.38958711  0.67346009 -0.01224871  5.00908206  3.33297862]\n [ 0.77646222 -0.53695564  1.13806141 -0.2344803   3.33297862  5.53659975]]", "nfev": "217", "njev": "31", "status": "0", "success": "True", "message": "Optimization terminated successfully.", "x": "[5.12678103 3.75345442 0.0644855  2.28530683 0.30997726 2.35901132]", "nit": "23", "callback": [0.9013045833232977, 0.8997137845251075, 0.8593123600674335, 0.8436084031025999, 0.8365866250195569, 0.8231445681551915, 0.7732947787332329, 0.6887643037474709, 0.6376643029375266, 0.594149716411785, 0.5167124366388425, 0.4002078250694505, 0.3095590919032455, 0.27061124516577906, 0.2641028045376167, 0.25356018272701464, 0.24497530931113864, 0.244037422329479, 0.24255001402868215, 0.24173061422510678, 0.24171674854203307, 0.2417158389354741, 0.24171581498361283