{"date": "2024/10/29/, 19:56:57", "conf_id": 273, "data_type": "var_s_rank\n", "num_data_points": 2, "s_rank": 0, "unitary": "[[-0.53618537-0.34368723j,-0.12107031-0.46226139j,-0.07699282-0.46603512j,0.36022595-0.11472301j],[0.26026499-0.63450712j,-0.56616638+0.37832564j,-0.14988651+0.08458591j,0.10363514-0.16008501j],[-0.32580188-0.11070003j,-0.36476308-0.23593218j,0.02559343+0.41761608j,-0.25598305+0.6725303j],[0.07406738-0.0126433j,0.28513701+0.19483972j,-0.74939717-0.10299659j,0.29798249+0.46269921j]]", "databatch_0": {"databatch": "[[[0.11803005-0.30031923j,0.32612187+0.17252391j,0.03514127-0.20780273j,-0.0142377-0.063767j],[0.1191006-0.26974138j,-0.23064765+0.0785305j,0.02635036-0.08642253j,-0.00525676+0.00217744j],[0.22883687-0.08634217j,-0.03176495+0.08446225j,0.0466201+0.12062619j,0.24586187-0.21412892j],[-0.03179012-0.01950501j,0.02567336-0.17992073j,-0.34405732-0.03586853j,0.39931807-0.22812072j]],[[0.04793633-0.28391225j,-0.12130834+0.04705573j,-0.1346314-0.22409945j,-0.15597529-0.05315324j],[0.08170239-0.0797182j,0.00740285+0.11746824j,-0.42698974-0.03384886j,0.03432847-0.14126713j],[0.28796302-0.08603618j,-0.08453685-0.09146404j,0.13440121-0.18342823j,-0.02744073-0.18167187j],[0.40510571+0.16116035j,0.05306911-0.17040575j,0.23652972+0.10517905j,0.11489006-0.28236645j]]]", "initial param values": "[3.72299766,3.90701198,1.78368661,0.28461202,1.15767073,0.21376244]", "nelder_mead": {"type": "gradient-free", "0": {"maxiter": 100, "fatol": 1e-05, "xatol": 1e-05, "duration": 0.12836718559265137, "fun": "0.5780696876334686", "nit": "100", "nfev": "160", "status": "2", "success": "False", "message": "Maximum number of iterations has been exceeded.", "x": "[ 7.41161568  9.09521052 -2.27950523 -0.09851108  3.7381102   0.06621144]", "final_simplex": "(array([[ 7.41161568,  9.09521052, -2.27950523, -0.09851108,  3.7381102 ,\n         0.06621144],\n       [ 7.4446285 ,  8.96823279, -2.31093386, -0.11012539,  3.66411345,\n         0.07702906],\n       [ 7.59956832,  9.05583575, -2.46774801, -0.13572071,  3.75315408,\n         0.07738915],\n       [ 7.58488415,  8.91272523, -2.20414175, -0.12878975,  3.55342138,\n         0.08462161],\n       [ 7.51573523,  9.18353355, -2.18435566, -0.12324474,  3.55635855,\n         0.0775639 ],\n       [ 7.46978623,  9.15690949, -2.42861491, -0.13176936,  3.75076938,\n         0.07662533],\n       [ 7.37241248,  9.14517327, -2.25456902, -0.11262331,  3.66220811,\n         0.07565067]]), array([0.57806969, 0.57938581, 0.5798771 , 0.58127056, 0.58275156,\n       0.5827653 , 0.58354133]))", "callback": [0.9541292395301135, 0.893867935472644, 0.7309911267515905, 0.7032930020447905, 0.6636387567864097, 0.6215368553051398, 0.6131684106049884, 0.6104699865040211, 0.6026428780853457, 0.5827515590165124]}, "1": {"maxiter": 100, "fatol": 1e-05, "xatol": 1e-10, "duration": 0.14153504371643066, "fun": "0.5780696876334686", "nit": "100", "nfev": "160", "status": "2", "success": "False", "message": "Maximum number of iterations has been exceeded.", "x": "[ 7.41161568  9.09521052 -2.27950523 -0.09851108  3.7381102   0.06621144]", "final_simplex": "(array([[ 7.41161568,  9.09521052, -2.27950523, -0.09851108,  3.7381102 ,\n         0.06621144],\n       [ 7.4446285 ,  8.96823279, -2.31093386, -0.11012539,  3.66411345,\n         0.07702906],\n       [ 7.59956832,  9.05583575, -2.46774801, -0.13572071,  3.75315408,\n         0.07738915],\n       [ 7.58488415,  8.91272523, -2.20414175, -0.12878975,  3.55342138,\n         0.08462161],\n       [ 7.51573523,  9.18353355, -2.18435566, -0.12324474,  3.55635855,\n         0.0775639 ],\n       [ 7.46978623,  9.15690949, -2.42861491, -0.13176936,  3.75076938,\n         0.07662533],\n       [ 7.37241248,  9.14517327, -2.25456902, -0.11262331,  3.66220811,\n         0.07565067]]), array([0.57806969, 0.57938581, 0.5798771 , 0.58127056, 0.58275156,\n       0.5827653 , 0.58354133]))", "callback": [0.9541292395301135, 0.893867935472644, 0.7309911267515905, 0.7032930020447905, 0.6636387567864097, 0.6215368553051398, 0.6131684106049884, 0.6104699865040211, 0.6026428780853457, 0.5827515590165124]}, "2": {"maxiter": 100, "fatol": 1e-10, "xatol": 1e-05, "duration": 0.12568116188049316, "fun": "0.5780696876334686", "nit": "100", "nfev": "160", "status": "2", "success": "False", "message": "Maximum number of iterations has been exceeded.", "x": "[ 7.41161568  9.09521052 -2.27950523 -0.09851108  3.7381102   0.06621144]", "final_simplex": "(array([[ 7.41161568,  9.09521052, -2.27950523, -0.09851108,  3.7381102 ,\n         0.06621144],\n       [ 7.4446285 ,  8.96823279, -2.31093386, -0.11012539,  3.66411345,\n         0.07702906],\n       [ 7.59956832,  9.05583575, -2.46774801, -0.13572071,  3.75315408,\n         0.07738915],\n       [ 7.58488415,  8.91272523, -2.20414175, -0.12878975,  3.55342138,\n         0.08462161],\n       [ 7.51573523,  9.18353355, -2.18435566, -0.12324474,  3.55635855,\n         0.0775639 ],\n       [ 7.46978623,  9.15690949, -2.42861491, -0.13176936,  3.75076938,\n         0.07662533],\n       [ 7.37241248,  9.14517327, -2.25456902, -0.11262331,  3.66220811,\n         0.07565067]]), array([0.57806969, 0.57938581, 0.5798771 , 0.58127056, 0.58275156,\n       0.5827653 , 0.58354133]))", "callback": [0.9541292395301135, 0.893867935472644, 0.7309911267515905, 0.7032930020447905, 0.6636387567864097, 0.6215368553051398, 0.6131684106049884, 0.6104699865040211, 0.6026428780853457, 0.5827515590165124]}, "3": {"maxiter": 100, "fatol": 1e-10, "xatol": 1e-10, "duration": 0.12493705749511719, "fun": "0.5780696876334686", "nit": "100", "nfev": "160", "status": "2", "success": "False", "message": "Maximum number of iterations has been exceeded.", "x": "[ 7.41161568  9.09521052 -2.27950523 -0.09851108  3.7381102   0.06621144]", "final_simplex": "(array([[ 7.41161568,  9.09521052, -2.27950523, -0.09851108,  3.7381102 ,\n         0.06621144],\n       [ 7.4446285 ,  8.96823279, -2.31093386, -0.11012539,  3.66411345,\n         0.07702906],\n       [ 7.59956832,  9.05583575, -2.46774801, -0.13572071,  3.75315408,\n         0.07738915],\n       [ 7.58488415,  8.91272523, -2.20414175, -0.12878975,  3.55342138,\n         0.08462161],\n       [ 7.51573523,  9.18353355, -2.18435566, -0.12324474,  3.55635855,\n         0.0775639 ],\n       [ 7.46978623,  9.15690949, -2.42861491, -0.13176936,  3.75076938,\n         0.07662533],\n       [ 7.37241248,  9.14517327, -2.25456902, -0.11262331,  3.66220811,\n         0.07565067]]), array([0.57806969, 0.57938581, 0.5798771 , 0.58127056, 0.58275156,\n       0.5827653 , 0.58354133]))", "callback": [0.9541292395301135, 0.893867935472644, 0.7309911267515905, 0.7032930020447905, 0.6636387567864097, 0.6215368553051398, 0.6131684106049884, 0.6104699865040211, 0.6026428780853457, 0.5827515590165124]}, "4": {"maxiter": 500, "fatol": 1e-05, "xatol": 1e-05, "duration": 0.6933081150054932, "fun": "0.29069264913148063", "nit": "500", "nfev": "774", "status": "2", "success": "False", "message": "Maximum number of iterations has been exceeded.", "x": "[ 8.2406185   9.48950603 -1.57243192  1.36612887  4.63418265 -0.389377  ]", "final_simplex": "(array([[ 8.2406185 ,  9.48950603, -1.57243192,  1.36612887,  4.63418265,\n        -0.389377  ],\n       [ 8.24067396,  9.4899549 , -1.57170155,  1.36660979,  4.63391204,\n        -0.38920723],\n       [ 8.24024737,  9.49001132, -1.57185079,  1.36641057,  4.6335978 ,\n        -0.3893874 ],\n       [ 8.24018174,  9.48976235, -1.57198448,  1.36597743,  4.6339147 ,\n        -0.38958024],\n       [ 8.24028999,  9.48974617, -1.5718389 ,  1.36648087,  4.63333771,\n        -0.38898372],\n       [ 8.24063764,  9.48973206, -1.57204092,  1.36619627,  4.63349973,\n        -0.3891955 ],\n       [ 8.240167  ,  9.48992858, -1.57179164,  1.3658355 ,  4.63351898,\n        -0.38905927]]), array([0.29069265, 0.29069266, 0.29069267, 0.29069267, 0.2906927 ,\n       0.29069272, 0.29069272]))", "callback": [0.9541292395301135, 0.893867935472644, 0.7309911267515905, 0.7032930020447905, 0.6636387567864097, 0.6215368553051398, 0.6131684106049884, 0.6104699865040211, 0.6026428780853457, 0.5827515590165124, 0.5780696876334686, 0.5697202746551443, 0.5440125430024971, 0.5190444611409225, 0.49480730569553755, 0.4838376357502905, 0.47649656600631507, 0.4566120089083243, 0.36299701121963945, 0.30533489949714787, 0.29531434974356396, 0.2926493314787746, 0.29239875520483416, 0.29222115746193333, 0.2922019872395769, 0.29219257663349263, 0.29218717030659924, 0.29218582814554306, 0.2921856307661157, 0.292185160188821, 0.2921835755916883, 0.29217782858051033, 0.29216084149197696, 0.29213730948367655, 0.2920761916493737, 0.29197553495119233, 0.2918010418255885, 0.29154449696577234, 0.29119923084252086, 0.2909317921605974, 0.2908430253170844, 0.29072718587121704, 0.2907136442012318, 0.2906990189942217, 0.290698020450451, 0.2906954668984566, 0.2906945158103067, 0.29069350035019215, 0.2906930757598095, 0.29069275990650234]}, "5": {"maxiter": 500, "fatol": 1e-05, "xatol": 1e-10, "duration": 0.6627280712127686, "fun": "0.29069264913148063", "nit": "500", "nfev": "774", "status": "2", "success": "False", "message": "Maximum number of iterations has been exceeded.", "x": "[ 8.2406185   9.48950603 -1.57243192  1.36612887  4.63418265 -0.389377  ]", "final_simplex": "(array([[ 8.2406185 ,  9.48950603, -1.57243192,  1.36612887,  4.63418265,\n        -0.389377  ],\n       [ 8.24067396,  9.4899549 , -1.57170155,  1.36660979,  4.63391204,\n        -0.38920723],\n       [ 8.24024737,  9.49001132, -1.57185079,  1.36641057,  4.6335978 ,\n        -0.3893874 ],\n       [ 8.24018174,  9.48976235, -1.57198448,  1.36597743,  4.6339147 ,\n        -0.38958024],\n       [ 8.24028999,  9.48974617, -1.5718389 ,  1.36648087,  4.63333771,\n        -0.38898372],\n       [ 8.24063764,  9.48973206, -1.57204092,  1.36619627,  4.63349973,\n        -0.3891955 ],\n       [ 8.240167  ,  9.48992858, -1.57179164,  1.3658355 ,  4.63351898,\n        -0.38905927]]), array([0.29069265, 0.29069266, 0.29069267, 0.29069267, 0.2906927 ,\n       0.29069272, 0.29069272]))", "callback": [0.9541292395301135, 0.893867935472644, 0.7309911267515905, 0.7032930020447905, 0.6636387567864097, 0.6215368553051398, 0.6131684106049884, 0.6104699865040211, 0.6026428780853457, 0.5827515590165124, 0.5780696876334686, 0.5697202746551443, 0.5440125430024971, 0.5190444611409225, 0.49480730569553755, 0.4838376357502905, 0.47649656600631507, 0.4566120089083243, 0.36299701121963945, 0.30533489949714787, 0.29531434974356396, 0.2926493314787746, 0.29239875520483416, 0.29222115746193333, 0.2922019872395769, 0.29219257663349263, 0.29218717030659924, 0.29218582814554306, 0.2921856307661157, 0.292185160188821, 0.2921835755916883, 0.29217782858051033, 0.29216084149197696, 0.29213730948367655, 0.2920761916493737, 0.29197553495119233, 0.2918010418255885, 0.29154449696577234, 0.29119923084252086, 0.2909317921605974, 0.2908430253170844, 0.29072718587121704, 0.2907136442012318, 0.2906990189942217, 0.290698020450451, 0.2906954668984566, 0.2906945158103067, 0.29069350035019215, 0.2906930757598095, 0.29069275990650234]}, "6": {"maxiter": 500, "fatol": 1e-10, "xatol": 1e-05, "duration": 0.7437665462493896, "fun": "0.29069264913148063", "nit": "500", "nfev": "774", "status": "2", "success": "False", "message": "Maximum number of iterations has been exceeded.", "x": "[ 8.2406185   9.48950603 -1.57243192  1.36612887  4.63418265 -0.389377  ]", "final_simplex": "(array([[ 8.2406185 ,  9.48950603, -1.57243192,  1.36612887,  4.63418265,\n        -0.389377  ],\n       [ 8.24067396,  9.4899549 , -1.57170155,  1.36660979,  4.63391204,\n        -0.38920723],\n       [ 8.24024737,  9.49001132, -1.57185079,  1.36641057,  4.6335978 ,\n        -0.3893874 ],\n       [ 8.24018174,  9.48976235, -1.57198448,  1.36597743,  4.6339147 ,\n        -0.38958024],\n       [ 8.24028999,  9.48974617, -1.5718389 ,  1.36648087,  4.63333771,\n        -0.38898372],\n       [ 8.24063764,  9.48973206, -1.57204092,  1.36619627,  4.63349973,\n        -0.3891955 ],\n       [ 8.240167  ,  9.48992858, -1.57179164,  1.3658355 ,  4.63351898,\n        -0.38905927]]), array([0.29069265, 0.29069266, 0.29069267, 0.29069267, 0.2906927 ,\n       0.29069272, 0.29069272]))", "callback": [0.9541292395301135, 0.893867935472644, 0.7309911267515905, 0.7032930020447905, 0.6636387567864097, 0.6215368553051398, 0.6131684106049884, 0.6104699865040211, 0.6026428780853457, 0.5827515590165124, 0.5780696876334686, 0.5697202746551443, 0.5440125430024971, 0.5190444611409225, 0.49480730569553755, 0.4838376357502905, 0.47649656600631507, 0.4566120089083243, 0.36299701121963945, 0.30533489949714787, 0.29531434974356396, 0.2926493314787746, 0.29239875520483416, 0.29222115746193333, 0.2922019872395769, 0.29219257663349263, 0.29218717030659924, 0.29218582814554306, 0.2921856307661157, 0.292185160188821, 0.2921835755916883, 0.29217782858051033, 0.29216084149197696, 0.29213730948367655, 0.2920761916493737, 0.29197553495119233, 0.2918010418255885, 0.29154449696577234, 0.29119923084252086, 0.2909317921605974, 0.2908430253170844, 0.29072718587121704, 0.2907136442012318, 0.2906990189942217, 0.290698020450451, 0.2906954668984566, 0.2906945158103067, 0.29069350035019215, 0.2906930757598095, 0.29069275990650234]}, "7": {"maxiter": 500, "fatol": 1e-10, "xatol": 1e-10, "duration": 0.6684949398040771, "fun": "0.29069264913148063", "nit": "500", "nfev": "774", "status": "2", "success": "False", "message": "Maximum number of iterations has been exceeded.", "x": "[ 8.2406185   9.48950603 -1.57243192  1.36612887  4.63418265 -0.389377  ]", "final_simplex": "(array([[ 8.2406185 ,  9.48950603, -1.57243192,  1.36612887,  4.63418265,\n        -0.389377  ],\n       [ 8.24067396,  9.4899549 , -1.57170155,  1.36660979,  4.63391204,\n        -0.38920723],\n       [ 8.24024737,  9.49001132, -1.57185079,  1.36641057,  4.6335978 ,\n        -0.3893874 ],\n       [ 8.24018174,  9.48976235, -1.57198448,  1.36597743,  4.6339147 ,\n        -0.38958024],\n       [ 8.24028999,  9.48974617, -1.5718389 ,  1.36648087,  4.63333771,\n        -0.38898372],\n       [ 8.24063764,  9.48973206, -1.57204092,  1.36619627,  4.63349973,\n        -0.3891955 ],\n       [ 8.240167  ,  9.48992858, -1.57179164,  1.3658355 ,  4.63351898,\n        -0.38905927]]), array([0.29069265, 0.29069266, 0.29069267, 0.29069267, 0.2906927 ,\n       0.29069272, 0.29069272]))", "callback": [0.9541292395301135, 0.893867935472644, 0.7309911267515905, 0.7032930020447905, 0.6636387567864097, 0.6215368553051398, 0.6131684106049884, 0.6104699865040211, 0.6026428780853457, 0.5827515590165124, 0.5780696876334686, 0.5697202746551443, 0.5440125430024971, 0.5190444611409225, 0.49480730569553755, 0.4838376357502905, 0.47649656600631507, 0.4566120089083243, 0.36299701121963945, 0.30533489949714787, 0.29531434974356396, 0.2926493314787746, 0.29239875520483416, 0.29222115746193333, 0.2922019872395769, 0.29219257663349263, 0.29218717030659924, 0.29218582814554306, 0.2921856307661157, 0.292185160188821, 0.2921835755916883, 0.29217782858051033, 0.29216084149197696, 0.29213730948367655, 0.2920761916493737, 0.29197553495119233, 0.2918010418255885, 0.29154449696577234, 0.29119923084252086, 0.2909317921605974, 0.2908430253170844, 0.29072718587121704, 0.2907136442012318, 0.2906990189942217, 0.290698020450451, 0.2906954668984566, 0.2906945158103067, 0.29069350035019215, 0.2906930757598095, 0.29069275990650234]}, "8": {"maxiter": 1000, "fatol": 1e-05, "xatol": 1e-05, "duration": 0.7702689170837402, "fun": "0.2906926044436424", "nit": "582", "nfev": "906", "status": "0", "success": "True", "message": "Optimization terminated successfully.", "x": "[ 8.24027743  9.48963893 -1.57214164  1.36632928  4.63430655 -0.38923564]", "final_simplex": "(array([[ 8.24027743,  9.48963893, -1.57214164,  1.36632928,  4.63430655,\n        -0.38923564],\n       [ 8.2402833 ,  9.4896384 , -1.57214326,  1.36632917,  4.63431011,\n        -0.38923629],\n       [ 8.24028197,  9.48964136, -1.57213532,  1.36632315,  4.63430061,\n        -0.38923835],\n       [ 8.24027667,  9.48964629, -1.5721348 ,  1.36632488,  4.63430441,\n        -0.38923113],\n       [ 8.24027837,  9.48964377, -1.57213855,  1.36633306,  4.6342989 ,\n        -0.38922699],\n       [ 8.24027849,  9.48964563, -1.57214082,  1.36632556,  4.63430087,\n        -0.38923273],\n       [ 8.24027762,  9.48964334, -1.57213915,  1.36633282,  4.63430622,\n        -0.38923514]]), array([0.2906926, 0.2906926, 0.2906926, 0.2906926, 0.2906926, 0.2906926,\n       0.2906926]))", "callback": [0.9541292395301135, 0.893867935472644, 0.7309911267515905, 0.7032930020447905, 0.6636387567864097, 0.6215368553051398, 0.6131684106049884, 0.6104699865040211, 0.6026428780853457, 0.5827515590165124, 0.5780696876334686, 0.5697202746551443, 0.5440125430024971, 0.5190444611409225, 0.49480730569553755, 0.4838376357502905, 0.47649656600631507, 0.4566120089083243, 0.36299701121963945, 0.30533489949714787, 0.29531434974356396, 0.2926493314787746, 0.29239875520483416, 0.29222115746193333, 0.2922019872395769, 0.29219257663349263, 0.29218717030659924, 0.29218582814554306, 0.2921856307661157, 0.292185160188821, 0.2921835755916883, 0.29217782858051033, 0.29216084149197696, 0.29213730948367655, 0.2920761916493737, 0.29197553495119233, 0.2918010418255885, 0.29154449696577234, 0.29119923084252086, 0.2909317921605974, 0.2908430253170844, 0.29072718587121704, 0.2907136442012318, 0.2906990189942217, 0.290698020450451, 0.2906954668984566, 0.2906945158103067, 0.29069350035019215, 0.2906930757598095, 0.29069275990650234, 0.29069262671434737, 0.2906926144274955, 0.2906926077087829, 0.29069260631627725, 0.29069260523649665, 0.29069260475413494, 0.290692604589046, 0.2906926044716118, 0.2906926044436424]}, "9": {"maxiter": 1000, "fatol": 1e-05, "xatol": 1e-10, "duration": 0.9966111183166504, "fun": "0.29069260443541767", "nit": "683", "nfev": "1128", "status": "0", "success": "True", "message": "Optimization terminated successfully.", "x": "[ 8.2402812   9.48963835 -1.57213781  1.36632748  4.63430246 -0.38923313]", "final_simplex": "(array([[ 8.2402812 ,  9.48963835, -1.57213781,  1.36632748,  4.63430246,\n        -0.38923313],\n       [ 8.2402812 ,  9.48963835, -1.57213781,  1.36632748,  4.63430246,\n        -0.38923313],\n       [ 8.2402812 ,  9.48963835, -1.57213781,  1.36632748,  4.63430246,\n        -0.38923313],\n       [ 8.2402812 ,  9.48963835, -1.57213781,  1.36632748,  4.63430246,\n        -0.38923313],\n       [ 8.2402812 ,  9.48963835, -1.57213781,  1.36632748,  4.63430246,\n        -0.38923313],\n       [ 8.2402812 ,  9.48963835, -1.57213781,  1.36632748,  4.63430246,\n        -0.38923313],\n       [ 8.2402812 ,  9.48963835, -1.57213781,  1.36632748,  4.63430246,\n        -0.38923313]]), array([0.2906926, 0.2906926, 0.2906926, 0.2906926, 0.2906926, 0.2906926,\n       0.2906926]))", "callback": [0.9541292395301135, 0.893867935472644, 0.7309911267515905, 0.7032930020447905, 0.6636387567864097, 0.6215368553051398, 0.6131684106049884, 0.6104699865040211, 0.6026428780853457, 0.5827515590165124, 0.5780696876334686, 0.5697202746551443, 0.5440125430024971, 0.5190444611409225, 0.49480730569553755, 0.4838376357502905, 0.47649656600631507, 0.4566120089083243, 0.36299701121963945, 0.30533489949714787, 0.29531434974356396, 0.2926493314787746, 0.29239875520483416, 0.29222115746193333, 0.2922019872395769, 0.29219257663349263, 0.29218717030659924, 0.29218582814554306, 0.2921856307661157, 0.292185160188821, 0.2921835755916883, 0.29217782858051033, 0.29216084149197696, 0.29213730948367655, 0.2920761916493737, 0.29197553495119233, 0.2918010418255885, 0.29154449696577234, 0.29119923084252086, 0.2909317921605974, 0.2908430253170844, 0.29072718587121704, 0.2907136442012318, 0.2906990189942217, 0.290698020450451, 0.2906954668984566, 0.2906945158103067, 0.29069350035019215, 0.2906930757598095, 0.29069275990650234, 0.29069262671434737, 0.2906926144274955, 0.2906926077087829, 0.29069260631627725, 0.29069260523649665, 0.29069260475413494, 0.290692604589046, 0.2906926044716118, 0.2906926044436424, 0.2906926044363909, 0.29069260443559986, 0.290692604435431, 0.29069260443542644, 0.29069260443541944, 0.29069260443541833, 0.290692604435418, 0.29069260443541767, 0.29069260443541767, 0.29069260443541767]}, "10": {"maxiter": 1000, "fatol": 1e-10, "xatol": 1e-05, "duration": 0.7943661212921143, "fun": "0.2906926044436424", "nit": "582", "nfev": "906", "status": "0", "success": "True", "message": "Optimization terminated successfully.", "x": "[ 8.24027743  9.48963893 -1.57214164  1.36632928  4.63430655 -0.38923564]", "final_simplex": "(array([[ 8.24027743,  9.48963893, -1.57214164,  1.36632928,  4.63430655,\n        -0.38923564],\n       [ 8.2402833 ,  9.4896384 , -1.57214326,  1.36632917,  4.63431011,\n        -0.38923629],\n       [ 8.24028197,  9.48964136, -1.57213532,  1.36632315,  4.63430061,\n        -0.38923835],\n       [ 8.24027667,  9.48964629, -1.5721348 ,  1.36632488,  4.63430441,\n        -0.38923113],\n       [ 8.24027837,  9.48964377, -1.57213855,  1.36633306,  4.6342989 ,\n        -0.38922699],\n       [ 8.24027849,  9.48964563, -1.57214082,  1.36632556,  4.63430087,\n        -0.38923273],\n       [ 8.24027762,  9.48964334, -1.57213915,  1.36633282,  4.63430622,\n        -0.38923514]]), array([0.2906926, 0.2906926, 0.2906926, 0.2906926, 0.2906926, 0.2906926,\n       0.2906926]))", "callback": [0.9541292395301135, 0.893867935472644, 0.7309911267515905, 0.7032930020447905, 0.6636387567864097, 0.6215368553051398, 0.6131684106049884, 0.6104699865040211, 0.6026428780853457, 0.5827515590165124, 0.5780696876334686, 0.5697202746551443, 0.5440125430024971, 0.5190444611409225, 0.49480730569553755, 0.4838376357502905, 0.47649656600631507, 0.4566120089083243, 0.36299701121963945, 0.30533489949714787, 0.29531434974356396, 0.2926493314787746, 0.29239875520483416, 0.29222115746193333, 0.2922019872395769, 0.29219257663349263, 0.29218717030659924, 0.29218582814554306, 0.2921856307661157, 0.292185160188821, 0.2921835755916883, 0.29217782858051033, 0.29216084149197696, 0.29213730948367655, 0.2920761916493737, 0.29197553495119233, 0.2918010418255885, 0.29154449696577234, 0.29119923084252086, 0.2909317921605974, 0.2908430253170844, 0.29072718587121704, 0.2907136442012318, 0.2906990189942217, 0.290698020450451, 0.2906954668984566, 0.2906945158103067, 0.29069350035019215, 0.2906930757598095, 0.29069275990650234, 0.29069262671434737, 0.2906926144274955, 0.2906926077087829, 0.29069260631627725, 0.29069260523649665, 0.29069260475413494, 0.290692604589046, 0.2906926044716118, 0.2906926044436424]}, "11": {"maxiter": 1000, "fatol": 1e-10, "xatol": 1e-10, "duration": 1.0213181972503662, "fun": "0.29069260443541767", "nit": "683", "nfev": "1128", "status": "0", "success": "True", "message": "Optimization terminated successfully.", "x": "[ 8.2402812   9.48963835 -1.57213781  1.36632748  4.63430246 -0.38923313]", "final_simplex": "(array([[ 8.2402812 ,  9.48963835, -1.57213781,  1.36632748,  4.63430246,\n        -0.38923313],\n       [ 8.2402812 ,  9.48963835, -1.57213781,  1.36632748,  4.63430246,\n        -0.38923313],\n       [ 8.2402812 ,  9.48963835, -1.57213781,  1.36632748,  4.63430246,\n        -0.38923313],\n       [ 8.2402812 ,  9.48963835, -1.57213781,  1.36632748,  4.63430246,\n        -0.38923313],\n       [ 8.2402812 ,  9.48963835, -1.57213781,  1.36632748,  4.63430246,\n        -0.38923313],\n       [ 8.2402812 ,  9.48963835, -1.57213781,  1.36632748,  4.63430246,\n        -0.38923313],\n       [ 8.2402812 ,  9.48963835, -1.57213781,  1.36632748,  4.63430246,\n        -0.38923313]]), array([0.2906926, 0.2906926, 0.2906926, 0.2906926, 0.2906926, 0.2906926,\n       0.2906926]))", "callback": [0.9541292395301135, 0.893867935472644, 0.7309911267515905, 0.7032930020447905, 0.6636387567864097, 0.6215368553051398, 0.6131684106049884, 0.6104699865040211, 0.6026428780853457, 0.5827515590165124, 0.5780696876334686, 0.5697202746551443, 0.5440125430024971, 0.5190444611409225, 0.49480730569553755, 0.4838376357502905, 0.47649656600631507, 0.4566120089083243, 0.36299701121963945, 0.30533489949714787, 0.29531434974356396, 0.2926493314787746, 0.29239875520483416, 0.29222115746193333, 0.2922019872395769, 0.29219257663349263, 0.29218717030659924, 0.29218582814554306, 0.2921856307661157, 0.292185160188821, 0.2921835755916883, 0.29217782858051033, 0.29216084149197696, 0.29213730948367655, 0.2920761916493737, 0.29197553495119233, 0.2918010418255885, 0.29154449696577234, 0.29119923084252086, 0.2909317921605974, 0.2908430253170844, 0.29072718587121704, 0.2907136442012318, 0.2906990189942217, 0.290698020450451, 0.2906954668984566, 0.2906945158103067, 0.29069350035019215, 0.2906930757598095, 0.29069275990650234, 0.29069262671434737, 0.2906926144274955, 0.2906926077087829, 0.29069260631627725, 0.29069260523649665, 0.29069260475413494, 0.290692604589046, 0.2906926044716118, 0.2906926044436424, 0.2906926044363909, 0.29069260443559986, 0.290692604435431, 0.29069260443542644, 0.29069260443541944, 0.29069260443541833, 0.290692604435418, 0.29069260443541767, 0.29069260443541767, 0.29069260443541767]}}, "bfgs": {"type": "gradient", "0": {"maxiter": 100, "gtol": 1e-05, "xrtol": 1e-05, "eps": 1e-05, "duration": 0.1744546890258789, "fun": "0.29069260460460455", "jac": "[-7.92883537e-06  1.05035980e-06 -8.99136321e-07  7.97295563e-07\n -2.64566147e-06  1.84880999e-06]", "hess_inv": "[[ 2.70976472e+00 -6.39381935e-04  1.48866429e-01 -1.14508348e-03\n  -7.00638751e-01 -6.29657625e-01]\n [-6.39381935e-04  7.21231349e+00  4.69712946e+00 -1.56942359e+00\n  -2.74079456e+00  3.01326483e+00]\n [ 1.48866429e-01  4.69712946e+00  7.18228956e+00 -1.77570215e+00\n  -2.78125619e+00  1.97618280e+00]\n [-1.14508348e-03 -1.56942359e+00 -1.77570215e+00  3.19381949e+00\n   9.63884069e-01 -7.84035012e-01]\n [-7.00638751e-01 -2.74079456e+00 -2.78125619e+00  9.63884069e-01\n   5.71962468e+00 -1.34665536e+00]\n [-6.29657625e-01  3.01326483e+00  1.97618280e+00 -7.84035012e-01\n  -1.34665536e+00  4.41040186e+00]]", "nfev": "182", "njev": "26", "status": "0", "success": "True", "message": "Optimization terminated successfully.", "x": "[ 4.3260603   6.34804505  1.56944831 -1.36632952  1.49270025  2.75236927]", "nit": "17", "callback": [0.43763595390908516, 0.43091734347814636, 0.38153476346857473, 0.3650949057199, 0.33264125479686546, 0.3141905395535254, 0.3043735759192241, 0.2967631002097386, 0.2925177769995757, 0.29177015236200843, 0.29085133886069303, 0.29071233980221733, 0.290693382489166, 0.290692740480464, 0.29069264200208167, 0.2906926156828099, 0.29069260460460455]}, "1": {"maxiter": 100, "gtol": 1e-05, "xrtol": 1e-05, "eps": 1e-10, "duration": 0.18651604652404785, "fun": "0.29069260467571034", "jac": "[-4.44089173e-06  0.00000000e+00 -1.11022293e-06  0.00000000e+00\n -6.66133760e-06  5.55111466e-06]", "hess_inv": "[[ 2.67945057e+00 -5.03013751e-02  1.21756110e-01 -3.97517983e-03\n  -7.38835136e-01 -6.43756281e-01]\n [-5.03013751e-02  7.33868174e+00  4.80158459e+00 -1.56810572e+00\n  -2.76089802e+00  3.09077424e+00]\n [ 1.21756110e-01  4.80158459e+00  7.23526793e+00 -1.78368928e+00\n  -2.80590956e+00  2.07328273e+00]\n [-3.97517983e-03 -1.56810572e+00 -1.78368928e+00  3.19686934e+00\n   1.00291903e+00 -7.88656026e-01]\n [-7.38835136e-01 -2.76089802e+00 -2.80590956e+00  1.00291903e+00\n   5.93898766e+00 -1.42501328e+00]\n [-6.43756281e-01  3.09077424e+00  2.07328273e+00 -7.88656026e-01\n  -1.42501328e+00  4.42607263e+00]]", "nfev": "182", "njev": "26", "status": "0", "success": "True", "message": "Optimization terminated successfully.", "x": "[ 4.32606907  6.34805594  1.56945941 -1.36633201  1.49267351  2.7523827 ]", "nit": "17", "callback": [0.43763216001371175, 0.43092106144384634, 0.38156861452619373, 0.36509534267113064, 0.3326213631286522, 0.31422421751850527, 0.30437232413499116, 0.29680765564614386, 0.29251489091556626, 0.2917705821504535, 0.2908517244558172, 0.29071180202947144, 0.2906933996358332, 0.29069273908075666, 0.2906926435263667, 0.29069261617066144, 0.29069260467571034]}, "2": {"maxiter": 100, "gtol": 1e-05, "xrtol": 1e-10, "eps": 1e-05, "duration": 0.14290857315063477, "fun": "0.29069260460460455", "jac": "[-7.92883537e-06  1.05035980e-06 -8.99136321e-07  7.97295563e-07\n -2.64566147e-06  1.84880999e-06]", "hess_inv": "[[ 2.70976472e+00 -6.39381935e-04  1.48866429e-01 -1.14508348e-03\n  -7.00638751e-01 -6.29657625e-01]\n [-6.39381935e-04  7.21231349e+00  4.69712946e+00 -1.56942359e+00\n  -2.74079456e+00  3.01326483e+00]\n [ 1.48866429e-01  4.69712946e+00  7.18228956e+00 -1.77570215e+00\n  -2.78125619e+00  1.97618280e+00]\n [-1.14508348e-03 -1.56942359e+00 -1.77570215e+00  3.19381949e+00\n   9.63884069e-01 -7.84035012e-01]\n [-7.00638751e-01 -2.74079456e+00 -2.78125619e+00  9.63884069e-01\n   5.71962468e+00 -1.34665536e+00]\n [-6.29657625e-01  3.01326483e+00  1.97618280e+00 -7.84035012e-01\n  -1.34665536e+00  4.41040186e+00]]", "nfev": "182", "njev": "26", "status": "0", "success": "True", "message": "Optimization terminated successfully.", "x": "[ 4.3260603   6.34804505  1.56944831 -1.36632952  1.49270025  2.75236927]", "nit": "17", "callback": [0.43763595390908516, 0.43091734347814636, 0.38153476346857473, 0.3650949057199, 0.33264125479686546, 0.3141905395535254, 0.3043735759192241, 0.2967631002097386, 0.2925177769995757, 0.29177015236200843, 0.29085133886069303, 0.29071233980221733, 0.290693382489166, 0.290692740480464, 0.29069264200208167, 0.2906926156828099, 0.29069260460460455]}, "3": {"maxiter": 100, "gtol": 1e-05, "xrtol": 1e-10, "eps": 1e-10, "duration": 0.1413588523864746, "fun": "0.29069260467571034", "jac": "[-4.44089173e-06  0.00000000e+00 -1.11022293e-06  0.00000000e+00\n -6.66133760e-06  5.55111466e-06]", "hess_inv": "[[ 2.67945057e+00 -5.03013751e-02  1.21756110e-01 -3.97517983e-03\n  -7.38835136e-01 -6.43756281e-01]\n [-5.03013751e-02  7.33868174e+00  4.80158459e+00 -1.56810572e+00\n  -2.76089802e+00  3.09077424e+00]\n [ 1.21756110e-01  4.80158459e+00  7.23526793e+00 -1.78368928e+00\n  -2.80590956e+00  2.07328273e+00]\n [-3.97517983e-03 -1.56810572e+00 -1.78368928e+00  3.19686934e+00\n   1.00291903e+00 -7.88656026e-01]\n [-7.38835136e-01 -2.76089802e+00 -2.80590956e+00  1.00291903e+00\n   5.93898766e+00 -1.42501328e+00]\n [-6.43756281e-01  3.09077424e+00  2.07328273e+00 -7.88656026e-01\n  -1.42501328e+00  4.42607263e+00]]", "nfev": "182", "njev": "26", "status": "0", "success": "True", "message": "Optimization terminated successfully.", "x": "[ 4.32606907  6.34805594  1.56945941 -1.36633201  1.49267351  2.7523827 ]", "nit": "17", "callback": [0.43763216001371175, 0.43092106144384634, 0.38156861452619373, 0.36509534267113064, 0.3326213631286522, 0.31422421751850527, 0.30437232413499116, 0.29680765564614386, 0.29251489091556626, 0.2917705821504535, 0.2908517244558172, 0.29071180202947144, 0.2906933996358332, 0.29069273908075666, 0.2906926435263667, 0.29069261617066144, 0.29069260467571034]}, "4": {"maxiter": 100, "gtol": 1e-10, "xrtol": 1e-05, "eps": 1e-05, "duration": 0.14642000198364258, "fun": "0.29069260447773815", "jac": "[-9.14834875e-07 -3.63431507e-07  1.91424654e-07 -9.59565760e-08\n -6.10300699e-07  1.35991218e-07]", "hess_inv": "[[ 2.94895329 -0.23040964  0.06913069 -0.02389922 -0.71740592 -0.8470996 ]\n [-0.23040964  7.40152712  4.77320208 -1.56878213 -2.80465498  3.21267865]\n [ 0.06913069  4.77320208  7.20886151 -1.7684693  -2.77699514  2.04851185]\n [-0.02389922 -1.56878213 -1.7684693   3.18169783  0.9116331  -0.76972366]\n [-0.71740592 -2.80465498 -2.77699514  0.9116331   5.51785031 -1.35543682]\n [-0.8470996   3.21267865  2.04851185 -0.76972366 -1.35543682  4.60523053]]", "nfev": "189", "njev": "27", "status": "0", "success": "True", "message": "Optimization terminated successfully.", "x": "[ 4.32608367  6.34802763  1.5694406  -1.36632836  1.49271139  2.75234954]", "nit": "18", "callback": [0.43763595390908516, 0.43091734347814636, 0.38153476346857473, 0.3650949057199, 0.33264125479686546, 0.3141905395535254, 0.3043735759192241, 0.2967631002097386, 0.2925177769995757, 0.29177015236200843, 0.29085133886069303, 0.29071233980221733, 0.290693382489166, 0.290692740480464, 0.29069264200208167, 0.2906926156828099, 0.29069260460460455, 0.29069260447773815]}, "5": {"maxiter": 100, "gtol": 1e-10, "xrtol": 1e-05, "eps": 1e-10, "duration": 0.15989255905151367, "fun": "0.2906926045029866", "jac": "[-2.22044587e-06 -2.22044587e-06 -1.11022293e-06 -3.33066880e-06\n -2.22044587e-06 -3.33066880e-06]", "hess_inv": "[[ 2.82127861 -0.33993321 -0.0432813   0.02982065 -0.55045978 -0.93657157]\n [-0.33993321  7.84888599  5.05194398 -1.57569686 -2.89211003  3.57034545]\n [-0.0432813   5.05194398  7.33487766 -1.7575046  -2.75477219  2.28774194]\n [ 0.02982065 -1.57569686 -1.7575046   3.15849323  0.85621052 -0.76893702]\n [-0.55045978 -2.89211003 -2.75477219  0.85621052  5.39854236 -1.44462446]\n [-0.93657157  3.57034545  2.28774194 -0.76893702 -1.44462446  4.85811336]]", "nfev": "189", "njev": "27", "status": "0", "success": "True", "message": "Optimization terminated successfully.", "x": "[ 4.32608308  6.34802095  1.56943631 -1.36632385  1.49271199  2.75234449]", "nit": "18", "callback": [0.43763216001371175, 0.43092106144384634, 0.38156861452619373, 0.36509534267113064, 0.3326213631286522, 0.31422421751850527, 0.30437232413499116, 0.29680765564614386, 0.29251489091556626, 0.2917705821504535, 0.2908517244558172, 0.29071180202947144, 0.2906933996358332, 0.29069273908075666, 0.2906926435263667, 0.29069261617066144, 0.29069260467571034, 0.2906926045029866]}, "6": {"maxiter": 100, "gtol": 1e-10, "xrtol": 1e-10, "eps": 1e-05, "duration": 0.42380404472351074, "fun": "0.2906926044731485", "jac": "[ 7.21644966e-10 -4.75175455e-09  7.49400542e-09  5.55111512e-11\n  3.31956684e-09  6.77236045e-10]", "hess_inv": "[[ 3.15433356e+00 -3.15805603e-01 -6.47660989e-03  3.47268864e-02\n  -4.51017814e-01 -9.87594522e-01]\n [-3.15805603e-01  7.39681182e+00  4.90364463e+00 -1.60094497e+00\n  -2.88966651e+00  3.26186283e+00]\n [-6.47660989e-03  4.90364463e+00  6.87977400e+00 -1.76269031e+00\n  -3.03604945e+00  2.11738524e+00]\n [ 3.47268864e-02 -1.60094497e+00 -1.76269031e+00  3.21234070e+00\n   1.02541837e+00 -8.07932126e-01]\n [-4.51017814e-01 -2.88966651e+00 -3.03604945e+00  1.02541837e+00\n   5.80398739e+00 -1.53129452e+00]\n [-9.87594522e-01  3.26186283e+00  2.11738524e+00 -8.07932126e-01\n  -1.53129452e+00  4.69961752e+00]]", "nfev": "312", "njev": "43", "status": "2", "success": "False", "message": "Desired error not necessarily achieved due to precision loss.", "x": "[ 4.32608631  6.34802671  1.56943878 -1.36632753  1.49271436  2.75234776]", "nit": "20", "callback": [0.43763595390908516, 0.43091734347814636, 0.38153476346857473, 0.3650949057199, 0.33264125479686546, 0.3141905395535254, 0.3043735759192241, 0.2967631002097386, 0.2925177769995757, 0.29177015236200843, 0.29085133886069303, 0.29071233980221733, 0.290693382489166, 0.290692740480464, 0.29069264200208167, 0.2906926156828099, 0.29069260460460455, 0.29069260447773815, 0.29069260447358225, 0.2906926044731485]}, "7": {"maxiter": 100, "gtol": 1e-10, "xrtol": 1e-10, "eps": 1e-10, "duration": 0.22260475158691406, "fun": "0.2906926044438266", "jac": "[-1.11022293e-06  0.00000000e+00  1.11022293e-06  1.11022293e-06\n  0.00000000e+00  3.33066880e-06]", "hess_inv": "[[  2.58861226   1.26750507   0.81639656  -0.61541794  -1.99435675\n    0.53129227]\n [  1.26750507  21.14376053  16.99975666  -9.55617453 -11.21617955\n   11.84073942]\n [  0.81639656  16.99975666  17.45743783  -8.59927178 -10.90169531\n   10.30683489]\n [ -0.61541794  -9.55617453  -8.59927178   7.02658062   5.53341816\n   -6.16222556]\n [ -1.99435675 -11.21617955 -10.90169531   5.53341816   9.55545374\n   -6.22505375]\n [  0.53129227  11.84073942  10.30683489  -6.16222556  -6.22505375\n    9.4897434 ]]", "nfev": "287", "njev": "41", "status": "0", "success": "True", "message": "Optimization terminated successfully.", "x": "[ 4.32608545  6.34804884  1.56945513 -1.36632607  1.49270533  2.75236597]", "nit": "21", "callback": [0.43763216001371175, 0.43092106144384634, 0.38156861452619373, 0.36509534267113064, 0.3326213631286522, 0.31422421751850527, 0.30437232413499116, 0.29680765564614386, 0.29251489091556626, 0.2917705821504535, 0.2908517244558172, 0.29071180202947144, 0.2906933996358332, 0.29069273908075666, 0.2906926435263667, 0.29069261617066144, 0.29069260467571034, 0.2906926045029866, 0.29069260445378664, 0.2906926044438266, 0.2906926044438266]}, "8": {"maxiter": 500, "gtol": 1e-05, "xrtol": 1e-05, "eps": 1e-05, "duration": 0.18967890739440918, "fun": "0.29069260460460455", "jac": "[-7.92883537e-06  1.05035980e-06 -8.99136321e-07  7.97295563e-07\n -2.64566147e-06  1.84880999e-06]", "hess_inv": "[[ 2.70976472e+00 -6.39381935e-04  1.48866429e-01 -1.14508348e-03\n  -7.00638751e-01 -6.29657625e-01]\n [-6.39381935e-04  7.21231349e+00  4.69712946e+00 -1.56942359e+00\n  -2.74079456e+00  3.01326483e+00]\n [ 1.48866429e-01  4.69712946e+00  7.18228956e+00 -1.77570215e+00\n  -2.78125619e+00  1.97618280e+00]\n [-1.14508348e-03 -1.56942359e+00 -1.77570215e+00  3.19381949e+00\n   9.63884069e-01 -7.84035012e-01]\n [-7.00638751e-01 -2.74079456e+00 -2.78125619e+00  9.63884069e-01\n   5.71962468e+00 -1.34665536e+00]\n [-6.29657625e-01  3.01326483e+00  1.97618280e+00 -7.84035012e-01\n  -1.34665536e+00  4.41040186e+00]]", "nfev": "182", "njev": "26", "status": "0", "success": "True", "message": "Optimization terminated successfully.", "x": "[ 4.3260603   6.34804505  1.56944831 -1.36632952  1.49270025  2.75236927]", "nit": "17", "callback": [0.43763595390908516, 0.43091734347814636, 0.38153476346857473, 0.3650949057199, 0.33264125479686546, 0.3141905395535254, 0.3043735759192241, 0.2967631002097386, 0.2925177769995757, 0.29177015236200843, 0.29085133886069303, 0.29071233980221733, 0.290693382489166, 0.290692740480464, 0.29069264200208167, 0.2906926156828099, 0.29069260460460455]}, "9": {"maxiter": 500, "gtol": 1e-05, "xrtol": 1e-05, "eps": 1e-10, "duration": 0.14214253425598145, "fun": "0.29069260467571034", "jac": "[-4.44089173e-06  0.00000000e+00 -1.11022293e-06  0.00000000e+00\n -6.66133760e-06  5.55111466e-06]", "hess_inv": "[[ 2.67945057e+00 -5.03013751e-02  1.21756110e-01 -3.97517983e-03\n  -7.38835136e-01 -6.43756281e-01]\n [-5.03013751e-02  7.33868174e+00  4.80158459e+00 -1.56810572e+00\n  -2.76089802e+00  3.09077424e+00]\n [ 1.21756110e-01  4.80158459e+00  7.23526793e+00 -1.78368928e+00\n  -2.80590956e+00  2.07328273e+00]\n [-3.97517983e-03 -1.56810572e+00 -1.78368928e+00  3.19686934e+00\n   1.00291903e+00 -7.88656026e-01]\n [-7.38835136e-01 -2.76089802e+00 -2.80590956e+00  1.00291903e+00\n   5.93898766e+00 -1.42501328e+00]\n [-6.43756281e-01  3.09077424e+00  2.07328273e+00 -7.88656026e-01\n  -1.42501328e+00  4.42607263e+00]]", "nfev": "182", "njev": "26", "status": "0", "success": "True", "message": "Optimization terminated successfully.", "x": "[ 4.32606907  6.34805594  1.56945941 -1.36633201  1.49267351  2.7523827 ]", "nit": "17", "callback": [0.43763216001371175, 0.43092106144384634, 0.38156861452619373, 0.36509534267113064, 0.3326213631286522, 0.31422421751850527, 0.30437232413499116, 0.29680765564614386, 0.29251489091556626, 0.2917705821504535, 0.2908517244558172, 0.29071180202947144, 0.2906933996358332, 0.29069273908075666, 0.2906926435263667, 0.29069261617066144, 0.29069260467571034]}, "10": {"maxiter": 500, "gtol": 1e-05, "xrtol": 1e-10, "eps": 1e-05, "duration": 0.20695853233337402, "fun": "0.29069260460460455", "jac": "[-7.92883537e-06  1.05035980e-06 -8.99136321e-07  7.97295563e-07\n -2.64566147e-06  1.84880999e-06]", "hess_inv": "[[ 2.70976472e+00 -6.39381935e-04  1.48866429e-01 -1.14508348e-03\n  -7.00638751e-01 -6.29657625e-01]\n [-6.39381935e-04  7.21231349e+00  4.69712946e+00 -1.56942359e+00\n  -2.74079456e+00  3.01326483e+00]\n [ 1.48866429e-01  4.69712946e+00  7.18228956e+00 -1.77570215e+00\n  -2.78125619e+00  1.97618280e+00]\n [-1.14508348e-03 -1.56942359e+00 -1.775