{"date": "2024/10/30/, 12:51:37", "conf_id": 317, "data_type": "var_s_rank\n", "num_data_points": 4, "s_rank": 0, "unitary": "[[0.18663085-0.53122324j,-0.11886349-0.70040876j,0.28555095-0.02789305j,-0.12262021-0.2844587j],[-0.16702216+0.27758472j,0.27526351-0.29738586j,-0.01109314+0.22495461j,-0.77239203+0.28900673j],[0.61935415+0.12301792j,-0.31269928-0.03315917j,-0.61902762-0.19039079j,-0.27120731-0.0968989j],[0.42341754+0.0023929j,-0.05847358+0.47832119j,0.64900495-0.16218422j,-0.37182676-0.05229966j]]", "databatch_0": {"databatch": "[[[0.10550983+7.09882349e-02j,0.24411164-4.61082186e-01j,0.0247013-5.89509355e-02j,0.06922034+3.70578715e-02j],[0.22920447-2.88291179e-01j,0.08698825+1.10117249e-01j,-0.06009304+6.67621001e-02j,0.3436463-1.91881564e-01j],[-0.092552+9.59784115e-02j,-0.04122197-3.90569618e-02j,0.1967556+1.92678177e-01j,0.17565534+1.00834553e-01j],[-0.17803827+2.66626739e-01j,0.02745416-3.45176300e-03j,-0.08233321+7.34118999e-02j,0.24295408-2.65446269e-01j]],[[-0.04782063+1.54342586e-02j,-0.02402859+1.99289405e-01j,-0.1067985+2.81781794e-04j,-0.32368928+8.23467952e-02j],[0.07128557+7.63569731e-02j,-0.34267853-3.27979568e-01j,-0.22215693-1.02673853e-01j,0.09483345-2.39231388e-01j],[0.2812914+2.52812719e-01j,-0.12389417-3.41644720e-01j,-0.1017874+2.60983484e-02j,0.00564526-1.29418899e-01j],[-0.01056836+1.07156270e-01j,0.04014926+2.02860363e-01j,-0.11242514+3.24386000e-02j,0.29577939-1.17129187e-01j]],[[0.02655999-1.41079183e-01j,0.02642715+1.87621605e-03j,0.00585205+3.21433955e-01j,-0.46653138+1.41560515e-01j],[-0.13674713+1.23630482e-01j,-0.41146051+1.98362669e-01j,0.19995276+1.93189465e-01j,-0.00264043+1.33274010e-01j],[-0.04666503+1.79373944e-01j,0.04032732+9.31908269e-02j,-0.07524151+2.01966086e-01j,-0.07084651-2.66487985e-01j],[0.02449536+5.85671305e-02j,-0.0585547+8.35456772e-02j,0.18338498+1.70154799e-01j,-0.0893059-2.18616930e-01j]],[[0.13431088+5.28090615e-02j,0.13477967-3.62106245e-01j,-0.20907689-1.57852719e-01j,0.1670527+1.09722694e-02j],[-0.2102195+5.51065338e-02j,0.06988277+1.16922982e-01j,-0.12294563+3.83734864e-02j,-0.24297985-3.82730259e-01j],[-0.16218667-2.06679750e-01j,0.12122325-2.75594145e-01j,0.11674104+1.03597204e-01j,0.1660152+1.52846713e-01j],[0.01170969-1.48277774e-01j,0.06429233-1.64709437e-01j,0.21786425-2.33769467e-01j,-0.10782471-2.07982622e-01j]]]", "initial param values": "[3.72299766,3.90701198,1.78368661,0.28461202,1.15767073,0.21376244]", "nelder_mead": {"type": "gradient-free", "0": {"maxiter": 100, "fatol": 1e-05, "xatol": 1e-05, "duration": 0.13129806518554688, "fun": "0.7221497530629497", "nit": "100", "nfev": "154", "status": "2", "success": "False", "message": "Maximum number of iterations has been exceeded.", "x": "[ 5.89884837  6.0711781   2.64733699 -0.13429156  2.07369274  0.54355352]", "final_simplex": "(array([[ 5.89884837,  6.0711781 ,  2.64733699, -0.13429156,  2.07369274,\n         0.54355352],\n       [ 5.86135836,  6.19034307,  2.58177355, -0.05846765,  1.95478071,\n         0.53222764],\n       [ 5.83785493,  6.17356035,  2.66392032, -0.10874607,  1.98346346,\n         0.53721382],\n       [ 5.77477672,  6.01114778,  2.59808778, -0.08943543,  1.95991513,\n         0.51681185],\n       [ 6.00254254,  6.17863338,  2.58053532, -0.07405159,  2.17997561,\n         0.57241925],\n       [ 5.85687973,  6.05553799,  2.70569288, -0.14816385,  1.94203859,\n         0.51397213],\n       [ 5.75946914,  6.10984267,  2.71988909, -0.14341775,  1.93331968,\n         0.51267961]]), array([0.72214975, 0.7224525 , 0.72247654, 0.72292768, 0.72337722,\n       0.72342194, 0.72354483]))", "callback": [0.9197921664237007, 0.9065429900842293, 0.8524145083345368, 0.8362130887746304, 0.832106354508015, 0.8126168458795626, 0.8001225393836104, 0.788928986076071, 0.7476031711667291, 0.7238744959822749]}, "1": {"maxiter": 100, "fatol": 1e-05, "xatol": 1e-10, "duration": 0.1226050853729248, "fun": "0.7221497530629497", "nit": "100", "nfev": "154", "status": "2", "success": "False", "message": "Maximum number of iterations has been exceeded.", "x": "[ 5.89884837  6.0711781   2.64733699 -0.13429156  2.07369274  0.54355352]", "final_simplex": "(array([[ 5.89884837,  6.0711781 ,  2.64733699, -0.13429156,  2.07369274,\n         0.54355352],\n       [ 5.86135836,  6.19034307,  2.58177355, -0.05846765,  1.95478071,\n         0.53222764],\n       [ 5.83785493,  6.17356035,  2.66392032, -0.10874607,  1.98346346,\n         0.53721382],\n       [ 5.77477672,  6.01114778,  2.59808778, -0.08943543,  1.95991513,\n         0.51681185],\n       [ 6.00254254,  6.17863338,  2.58053532, -0.07405159,  2.17997561,\n         0.57241925],\n       [ 5.85687973,  6.05553799,  2.70569288, -0.14816385,  1.94203859,\n         0.51397213],\n       [ 5.75946914,  6.10984267,  2.71988909, -0.14341775,  1.93331968,\n         0.51267961]]), array([0.72214975, 0.7224525 , 0.72247654, 0.72292768, 0.72337722,\n       0.72342194, 0.72354483]))", "callback": [0.9197921664237007, 0.9065429900842293, 0.8524145083345368, 0.8362130887746304, 0.832106354508015, 0.8126168458795626, 0.8001225393836104, 0.788928986076071, 0.7476031711667291, 0.7238744959822749]}, "2": {"maxiter": 100, "fatol": 1e-10, "xatol": 1e-05, "duration": 0.12221097946166992, "fun": "0.7221497530629497", "nit": "100", "nfev": "154", "status": "2", "success": "False", "message": "Maximum number of iterations has been exceeded.", "x": "[ 5.89884837  6.0711781   2.64733699 -0.13429156  2.07369274  0.54355352]", "final_simplex": "(array([[ 5.89884837,  6.0711781 ,  2.64733699, -0.13429156,  2.07369274,\n         0.54355352],\n       [ 5.86135836,  6.19034307,  2.58177355, -0.05846765,  1.95478071,\n         0.53222764],\n       [ 5.83785493,  6.17356035,  2.66392032, -0.10874607,  1.98346346,\n         0.53721382],\n       [ 5.77477672,  6.01114778,  2.59808778, -0.08943543,  1.95991513,\n         0.51681185],\n       [ 6.00254254,  6.17863338,  2.58053532, -0.07405159,  2.17997561,\n         0.57241925],\n       [ 5.85687973,  6.05553799,  2.70569288, -0.14816385,  1.94203859,\n         0.51397213],\n       [ 5.75946914,  6.10984267,  2.71988909, -0.14341775,  1.93331968,\n         0.51267961]]), array([0.72214975, 0.7224525 , 0.72247654, 0.72292768, 0.72337722,\n       0.72342194, 0.72354483]))", "callback": [0.9197921664237007, 0.9065429900842293, 0.8524145083345368, 0.8362130887746304, 0.832106354508015, 0.8126168458795626, 0.8001225393836104, 0.788928986076071, 0.7476031711667291, 0.7238744959822749]}, "3": {"maxiter": 100, "fatol": 1e-10, "xatol": 1e-10, "duration": 0.13507866859436035, "fun": "0.7221497530629497", "nit": "100", "nfev": "154", "status": "2", "success": "False", "message": "Maximum number of iterations has been exceeded.", "x": "[ 5.89884837  6.0711781   2.64733699 -0.13429156  2.07369274  0.54355352]", "final_simplex": "(array([[ 5.89884837,  6.0711781 ,  2.64733699, -0.13429156,  2.07369274,\n         0.54355352],\n       [ 5.86135836,  6.19034307,  2.58177355, -0.05846765,  1.95478071,\n         0.53222764],\n       [ 5.83785493,  6.17356035,  2.66392032, -0.10874607,  1.98346346,\n         0.53721382],\n       [ 5.77477672,  6.01114778,  2.59808778, -0.08943543,  1.95991513,\n         0.51681185],\n       [ 6.00254254,  6.17863338,  2.58053532, -0.07405159,  2.17997561,\n         0.57241925],\n       [ 5.85687973,  6.05553799,  2.70569288, -0.14816385,  1.94203859,\n         0.51397213],\n       [ 5.75946914,  6.10984267,  2.71988909, -0.14341775,  1.93331968,\n         0.51267961]]), array([0.72214975, 0.7224525 , 0.72247654, 0.72292768, 0.72337722,\n       0.72342194, 0.72354483]))", "callback": [0.9197921664237007, 0.9065429900842293, 0.8524145083345368, 0.8362130887746304, 0.832106354508015, 0.8126168458795626, 0.8001225393836104, 0.788928986076071, 0.7476031711667291, 0.7238744959822749]}, "4": {"maxiter": 500, "fatol": 1e-05, "xatol": 1e-05, "duration": 0.7052536010742188, "fun": "0.3147923158783509", "nit": "500", "nfev": "766", "status": "2", "success": "False", "message": "Maximum number of iterations has been exceeded.", "x": "[ 7.65723615  6.73384694  3.35967365 -2.24291606  4.06090259 -0.64487915]", "final_simplex": "(array([[ 7.65723615,  6.73384694,  3.35967365, -2.24291606,  4.06090259,\n        -0.64487915],\n       [ 7.61273407,  6.79244686,  3.402554  , -2.23908597,  4.06005421,\n        -0.65379211],\n       [ 7.58171063,  6.79748938,  3.36241479, -2.23173965,  3.93568464,\n        -0.79845485],\n       [ 7.6054977 ,  6.79931426,  3.26721316, -2.18287967,  3.97815038,\n        -0.76600046],\n       [ 7.63114236,  6.74850488,  3.39967917, -2.27395564,  4.10491073,\n        -0.64417416],\n       [ 7.69108749,  6.74075126,  3.35507399, -2.26797322,  3.92853053,\n        -0.79390467],\n       [ 7.67900698,  6.80449562,  3.31396597, -2.23331914,  4.00074363,\n        -0.7658053 ]]), array([0.31479232, 0.31518869, 0.31663777, 0.31716529, 0.31723845,\n       0.31778344, 0.31877919]))", "callback": [0.9197921664237007, 0.9065429900842293, 0.8524145083345368, 0.8362130887746304, 0.832106354508015, 0.8126168458795626, 0.8001225393836104, 0.788928986076071, 0.7476031711667291, 0.7238744959822749, 0.7221497530629497, 0.72148853278613, 0.7214401851575991, 0.7213991002797615, 0.7213932715743355, 0.7213917418089454, 0.7213892920133957, 0.7213826719754868, 0.7213545325314563, 0.7212828701268165, 0.720927329941127, 0.7179426992266116, 0.6786619418788139, 0.6699691263079537, 0.6503834408919905, 0.5692319049203545, 0.4580378315044771, 0.45630791651437974, 0.4547733153016451, 0.4526187282802612, 0.4455535772555429, 0.4427836691965139, 0.4418256286302825, 0.43977528584331327, 0.42907742207229427, 0.4005610763687132, 0.3920564409141889, 0.3836290278844938, 0.38330650545123435, 0.3828468333931091, 0.38264750214295795, 0.38243898834211354, 0.3822967458285792, 0.3816008106413079, 0.37915316952397604, 0.3732730298569217, 0.3627070082270394, 0.3393750125843422, 0.32441079404101936, 0.31926026849531897]}, "5": {"maxiter": 500, "fatol": 1e-05, "xatol": 1e-10, "duration": 0.7024810314178467, "fun": "0.3147923158783509", "nit": "500", "nfev": "766", "status": "2", "success": "False", "message": "Maximum number of iterations has been exceeded.", "x": "[ 7.65723615  6.73384694  3.35967365 -2.24291606  4.06090259 -0.64487915]", "final_simplex": "(array([[ 7.65723615,  6.73384694,  3.35967365, -2.24291606,  4.06090259,\n        -0.64487915],\n       [ 7.61273407,  6.79244686,  3.402554  , -2.23908597,  4.06005421,\n        -0.65379211],\n       [ 7.58171063,  6.79748938,  3.36241479, -2.23173965,  3.93568464,\n        -0.79845485],\n       [ 7.6054977 ,  6.79931426,  3.26721316, -2.18287967,  3.97815038,\n        -0.76600046],\n       [ 7.63114236,  6.74850488,  3.39967917, -2.27395564,  4.10491073,\n        -0.64417416],\n       [ 7.69108749,  6.74075126,  3.35507399, -2.26797322,  3.92853053,\n        -0.79390467],\n       [ 7.67900698,  6.80449562,  3.31396597, -2.23331914,  4.00074363,\n        -0.7658053 ]]), array([0.31479232, 0.31518869, 0.31663777, 0.31716529, 0.31723845,\n       0.31778344, 0.31877919]))", "callback": [0.9197921664237007, 0.9065429900842293, 0.8524145083345368, 0.8362130887746304, 0.832106354508015, 0.8126168458795626, 0.8001225393836104, 0.788928986076071, 0.7476031711667291, 0.7238744959822749, 0.7221497530629497, 0.72148853278613, 0.7214401851575991, 0.7213991002797615, 0.7213932715743355, 0.7213917418089454, 0.7213892920133957, 0.7213826719754868, 0.7213545325314563, 0.7212828701268165, 0.720927329941127, 0.7179426992266116, 0.6786619418788139, 0.6699691263079537, 0.6503834408919905, 0.5692319049203545, 0.4580378315044771, 0.45630791651437974, 0.4547733153016451, 0.4526187282802612, 0.4455535772555429, 0.4427836691965139, 0.4418256286302825, 0.43977528584331327, 0.42907742207229427, 0.4005610763687132, 0.3920564409141889, 0.3836290278844938, 0.38330650545123435, 0.3828468333931091, 0.38264750214295795, 0.38243898834211354, 0.3822967458285792, 0.3816008106413079, 0.37915316952397604, 0.3732730298569217, 0.3627070082270394, 0.3393750125843422, 0.32441079404101936, 0.31926026849531897]}, "6": {"maxiter": 500, "fatol": 1e-10, "xatol": 1e-05, "duration": 0.6750824451446533, "fun": "0.3147923158783509", "nit": "500", "nfev": "766", "status": "2", "success": "False", "message": "Maximum number of iterations has been exceeded.", "x": "[ 7.65723615  6.73384694  3.35967365 -2.24291606  4.06090259 -0.64487915]", "final_simplex": "(array([[ 7.65723615,  6.73384694,  3.35967365, -2.24291606,  4.06090259,\n        -0.64487915],\n       [ 7.61273407,  6.79244686,  3.402554  , -2.23908597,  4.06005421,\n        -0.65379211],\n       [ 7.58171063,  6.79748938,  3.36241479, -2.23173965,  3.93568464,\n        -0.79845485],\n       [ 7.6054977 ,  6.79931426,  3.26721316, -2.18287967,  3.97815038,\n        -0.76600046],\n       [ 7.63114236,  6.74850488,  3.39967917, -2.27395564,  4.10491073,\n        -0.64417416],\n       [ 7.69108749,  6.74075126,  3.35507399, -2.26797322,  3.92853053,\n        -0.79390467],\n       [ 7.67900698,  6.80449562,  3.31396597, -2.23331914,  4.00074363,\n        -0.7658053 ]]), array([0.31479232, 0.31518869, 0.31663777, 0.31716529, 0.31723845,\n       0.31778344, 0.31877919]))", "callback": [0.9197921664237007, 0.9065429900842293, 0.8524145083345368, 0.8362130887746304, 0.832106354508015, 0.8126168458795626, 0.8001225393836104, 0.788928986076071, 0.7476031711667291, 0.7238744959822749, 0.7221497530629497, 0.72148853278613, 0.7214401851575991, 0.7213991002797615, 0.7213932715743355, 0.7213917418089454, 0.7213892920133957, 0.7213826719754868, 0.7213545325314563, 0.7212828701268165, 0.720927329941127, 0.7179426992266116, 0.6786619418788139, 0.6699691263079537, 0.6503834408919905, 0.5692319049203545, 0.4580378315044771, 0.45630791651437974, 0.4547733153016451, 0.4526187282802612, 0.4455535772555429, 0.4427836691965139, 0.4418256286302825, 0.43977528584331327, 0.42907742207229427, 0.4005610763687132, 0.3920564409141889, 0.3836290278844938, 0.38330650545123435, 0.3828468333931091, 0.38264750214295795, 0.38243898834211354, 0.3822967458285792, 0.3816008106413079, 0.37915316952397604, 0.3732730298569217, 0.3627070082270394, 0.3393750125843422, 0.32441079404101936, 0.31926026849531897]}, "7": {"maxiter": 500, "fatol": 1e-10, "xatol": 1e-10, "duration": 0.611793041229248, "fun": "0.3147923158783509", "nit": "500", "nfev": "766", "status": "2", "success": "False", "message": "Maximum number of iterations has been exceeded.", "x": "[ 7.65723615  6.73384694  3.35967365 -2.24291606  4.06090259 -0.64487915]", "final_simplex": "(array([[ 7.65723615,  6.73384694,  3.35967365, -2.24291606,  4.06090259,\n        -0.64487915],\n       [ 7.61273407,  6.79244686,  3.402554  , -2.23908597,  4.06005421,\n        -0.65379211],\n       [ 7.58171063,  6.79748938,  3.36241479, -2.23173965,  3.93568464,\n        -0.79845485],\n       [ 7.6054977 ,  6.79931426,  3.26721316, -2.18287967,  3.97815038,\n        -0.76600046],\n       [ 7.63114236,  6.74850488,  3.39967917, -2.27395564,  4.10491073,\n        -0.64417416],\n       [ 7.69108749,  6.74075126,  3.35507399, -2.26797322,  3.92853053,\n        -0.79390467],\n       [ 7.67900698,  6.80449562,  3.31396597, -2.23331914,  4.00074363,\n        -0.7658053 ]]), array([0.31479232, 0.31518869, 0.31663777, 0.31716529, 0.31723845,\n       0.31778344, 0.31877919]))", "callback": [0.9197921664237007, 0.9065429900842293, 0.8524145083345368, 0.8362130887746304, 0.832106354508015, 0.8126168458795626, 0.8001225393836104, 0.788928986076071, 0.7476031711667291, 0.7238744959822749, 0.7221497530629497, 0.72148853278613, 0.7214401851575991, 0.7213991002797615, 0.7213932715743355, 0.7213917418089454, 0.7213892920133957, 0.7213826719754868, 0.7213545325314563, 0.7212828701268165, 0.720927329941127, 0.7179426992266116, 0.6786619418788139, 0.6699691263079537, 0.6503834408919905, 0.5692319049203545, 0.4580378315044771, 0.45630791651437974, 0.4547733153016451, 0.4526187282802612, 0.4455535772555429, 0.4427836691965139, 0.4418256286302825, 0.43977528584331327, 0.42907742207229427, 0.4005610763687132, 0.3920564409141889, 0.3836290278844938, 0.38330650545123435, 0.3828468333931091, 0.38264750214295795, 0.38243898834211354, 0.3822967458285792, 0.3816008106413079, 0.37915316952397604, 0.3732730298569217, 0.3627070082270394, 0.3393750125843422, 0.32441079404101936, 0.31926026849531897]}, "8": {"maxiter": 1000, "fatol": 1e-05, "xatol": 1e-05, "duration": 1.1801822185516357, "fun": "0.28491951929591997", "nit": "933", "nfev": "1442", "status": "0", "success": "True", "message": "Optimization terminated successfully.", "x": "[ 7.59322498  6.94210867  3.25379721 -2.48511944  3.82620866 -0.57717894]", "final_simplex": "(array([[ 7.59322498,  6.94210867,  3.25379721, -2.48511944,  3.82620866,\n        -0.57717894],\n       [ 7.59322851,  6.94211241,  3.25379053, -2.48511555,  3.8262056 ,\n        -0.57718665],\n       [ 7.59323128,  6.9421119 ,  3.25378988, -2.48512144,  3.8262087 ,\n        -0.57717734],\n       [ 7.59322407,  6.94210748,  3.25379779, -2.48512138,  3.82620416,\n        -0.57718103],\n       [ 7.59323302,  6.94210594,  3.25379569, -2.48511383,  3.82621306,\n        -0.57717718],\n       [ 7.59323302,  6.9421122 ,  3.25379906, -2.48512393,  3.82620675,\n        -0.57717658],\n       [ 7.59323136,  6.94210125,  3.25379962, -2.48512247,  3.82621178,\n        -0.57717763]]), array([0.28491952, 0.28491952, 0.28491952, 0.28491952, 0.28491952,\n       0.28491952, 0.28491952]))", "callback": [0.9197921664237007, 0.9065429900842293, 0.8524145083345368, 0.8362130887746304, 0.832106354508015, 0.8126168458795626, 0.8001225393836104, 0.788928986076071, 0.7476031711667291, 0.7238744959822749, 0.7221497530629497, 0.72148853278613, 0.7214401851575991, 0.7213991002797615, 0.7213932715743355, 0.7213917418089454, 0.7213892920133957, 0.7213826719754868, 0.7213545325314563, 0.7212828701268165, 0.720927329941127, 0.7179426992266116, 0.6786619418788139, 0.6699691263079537, 0.6503834408919905, 0.5692319049203545, 0.4580378315044771, 0.45630791651437974, 0.4547733153016451, 0.4526187282802612, 0.4455535772555429, 0.4427836691965139, 0.4418256286302825, 0.43977528584331327, 0.42907742207229427, 0.4005610763687132, 0.3920564409141889, 0.3836290278844938, 0.38330650545123435, 0.3828468333931091, 0.38264750214295795, 0.38243898834211354, 0.3822967458285792, 0.3816008106413079, 0.37915316952397604, 0.3732730298569217, 0.3627070082270394, 0.3393750125843422, 0.32441079404101936, 0.31926026849531897, 0.31402861289460504, 0.31255320334122927, 0.31162954123753894, 0.3114432223674486, 0.31141300352631673, 0.31140158325957024, 0.3113957441775448, 0.31139526071049883, 0.3113942076020233, 0.3113931015590816, 0.311390941499061, 0.3113859370286052, 0.3113736048795541, 0.31132496131560095, 0.3112285619965922, 0.3111171080583591, 0.31097458667928846, 0.31089939179270043, 0.310827740358256, 0.31073301613379645, 0.3103955880131929, 0.3092614714831672, 0.30764952099006915, 0.3036273716461517, 0.2959688701316362, 0.29146139693922035, 0.28938215885792884, 0.28672252166555756, 0.28502977775929095, 0.28502977775929095, 0.2850037858435901, 0.2849434007881352, 0.28492244137463574, 0.2849219341256075, 0.284920280186578, 0.2849195995145196, 0.28491959600995975, 0.28491954016587173, 0.28491952561109146, 0.28491952081912286, 0.28491951968630413, 0.28491951936160453, 0.2849195193305998, 0.28491951929663717]}, "9": {"maxiter": 1000, "fatol": 1e-05, "xatol": 1e-10, "duration": 1.3374683856964111, "fun": "0.2849195192913956", "nit": "1000", "nfev": "1556", "status": "2", "success": "False", "message": "Maximum number of iterations has been exceeded.", "x": "[ 7.59322825  6.94211072  3.25379338 -2.48511937  3.82620711 -0.57718171]", "final_simplex": "(array([[ 7.59322825,  6.94211072,  3.25379338, -2.48511937,  3.82620711,\n        -0.57718171],\n       [ 7.59322835,  6.94211067,  3.25379337, -2.48511931,  3.82620714,\n        -0.57718173],\n       [ 7.59322823,  6.94211073,  3.25379334, -2.4851193 ,  3.82620715,\n        -0.57718163],\n       [ 7.59322828,  6.94211072,  3.25379342, -2.48511933,  3.82620704,\n        -0.57718173],\n       [ 7.59322832,  6.94211066,  3.25379342, -2.48511923,  3.82620713,\n        -0.57718173],\n       [ 7.5932283 ,  6.94211081,  3.25379341, -2.48511939,  3.82620708,\n        -0.57718172],\n       [ 7.59322843,  6.94211069,  3.25379348, -2.48511938,  3.8262073 ,\n        -0.57718143]]), array([0.28491952, 0.28491952, 0.28491952, 0.28491952, 0.28491952,\n       0.28491952, 0.28491952]))", "callback": [0.9197921664237007, 0.9065429900842293, 0.8524145083345368, 0.8362130887746304, 0.832106354508015, 0.8126168458795626, 0.8001225393836104, 0.788928986076071, 0.7476031711667291, 0.7238744959822749, 0.7221497530629497, 0.72148853278613, 0.7214401851575991, 0.7213991002797615, 0.7213932715743355, 0.7213917418089454, 0.7213892920133957, 0.7213826719754868, 0.7213545325314563, 0.7212828701268165, 0.720927329941127, 0.7179426992266116, 0.6786619418788139, 0.6699691263079537, 0.6503834408919905, 0.5692319049203545, 0.4580378315044771, 0.45630791651437974, 0.4547733153016451, 0.4526187282802612, 0.4455535772555429, 0.4427836691965139, 0.4418256286302825, 0.43977528584331327, 0.42907742207229427, 0.4005610763687132, 0.3920564409141889, 0.3836290278844938, 0.38330650545123435, 0.3828468333931091, 0.38264750214295795, 0.38243898834211354, 0.3822967458285792, 0.3816008106413079, 0.37915316952397604, 0.3732730298569217, 0.3627070082270394, 0.3393750125843422, 0.32441079404101936, 0.31926026849531897, 0.31402861289460504, 0.31255320334122927, 0.31162954123753894, 0.3114432223674486, 0.31141300352631673, 0.31140158325957024, 0.3113957441775448, 0.31139526071049883, 0.3113942076020233, 0.3113931015590816, 0.311390941499061, 0.3113859370286052, 0.3113736048795541, 0.31132496131560095, 0.3112285619965922, 0.3111171080583591, 0.31097458667928846, 0.31089939179270043, 0.310827740358256, 0.31073301613379645, 0.3103955880131929, 0.3092614714831672, 0.30764952099006915, 0.3036273716461517, 0.2959688701316362, 0.29146139693922035, 0.28938215885792884, 0.28672252166555756, 0.28502977775929095, 0.28502977775929095, 0.2850037858435901, 0.2849434007881352, 0.28492244137463574, 0.2849219341256075, 0.284920280186578, 0.2849195995145196, 0.28491959600995975, 0.28491954016587173, 0.28491952561109146, 0.28491952081912286, 0.28491951968630413, 0.28491951936160453, 0.2849195193305998, 0.28491951929663717, 0.28491951929235193, 0.2849195192915168, 0.28491951929143644, 0.284919519291426, 0.284919519291415, 0.2849195192914018]}, "10": {"maxiter": 1000, "fatol": 1e-10, "xatol": 1e-05, "duration": 1.4162569046020508, "fun": "0.28491951929591997", "nit": "933", "nfev": "1442", "status": "0", "success": "True", "message": "Optimization terminated successfully.", "x": "[ 7.59322498  6.94210867  3.25379721 -2.48511944  3.82620866 -0.57717894]", "final_simplex": "(array([[ 7.59322498,  6.94210867,  3.25379721, -2.48511944,  3.82620866,\n        -0.57717894],\n       [ 7.59322851,  6.94211241,  3.25379053, -2.48511555,  3.8262056 ,\n        -0.57718665],\n       [ 7.59323128,  6.9421119 ,  3.25378988, -2.48512144,  3.8262087 ,\n        -0.57717734],\n       [ 7.59322407,  6.94210748,  3.25379779, -2.48512138,  3.82620416,\n        -0.57718103],\n       [ 7.59323302,  6.94210594,  3.25379569, -2.48511383,  3.82621306,\n        -0.57717718],\n       [ 7.59323302,  6.9421122 ,  3.25379906, -2.48512393,  3.82620675,\n        -0.57717658],\n       [ 7.59323136,  6.94210125,  3.25379962, -2.48512247,  3.82621178,\n        -0.57717763]]), array([0.28491952, 0.28491952, 0.28491952, 0.28491952, 0.28491952,\n       0.28491952, 0.28491952]))", "callback": [0.9197921664237007, 0.9065429900842293, 0.8524145083345368, 0.8362130887746304, 0.832106354508015, 0.8126168458795626, 0.8001225393836104, 0.788928986076071, 0.7476031711667291, 0.7238744959822749, 0.7221497530629497, 0.72148853278613, 0.7214401851575991, 0.7213991002797615, 0.7213932715743355, 0.7213917418089454, 0.7213892920133957, 0.7213826719754868, 0.7213545325314563, 0.7212828701268165, 0.720927329941127, 0.7179426992266116, 0.6786619418788139, 0.6699691263079537, 0.6503834408919905, 0.5692319049203545, 0.4580378315044771, 0.45630791651437974, 0.4547733153016451, 0.4526187282802612, 0.4455535772555429, 0.4427836691965139, 0.4418256286302825, 0.43977528584331327, 0.42907742207229427, 0.4005610763687132, 0.3920564409141889, 0.3836290278844938, 0.38330650545123435, 0.3828468333931091, 0.38264750214295795, 0.38243898834211354, 0.3822967458285792, 0.3816008106413079, 0.37915316952397604, 0.3732730298569217, 0.3627070082270394, 0.3393750125843422, 0.32441079404101936, 0.31926026849531897, 0.31402861289460504, 0.31255320334122927, 0.31162954123753894, 0.3114432223674486, 0.31141300352631673, 0.31140158325957024, 0.3113957441775448, 0.31139526071049883, 0.3113942076020233, 0.3113931015590816, 0.311390941499061, 0.3113859370286052, 0.3113736048795541, 0.31132496131560095, 0.3112285619965922, 0.3111171080583591, 0.31097458667928846, 0.31089939179270043, 0.310827740358256, 0.31073301613379645, 0.3103955880131929, 0.3092614714831672, 0.30764952099006915, 0.3036273716461517, 0.2959688701316362, 0.29146139693922035, 0.28938215885792884, 0.28672252166555756, 0.28502977775929095, 0.28502977775929095, 0.2850037858435901, 0.2849434007881352, 0.28492244137463574, 0.2849219341256075, 0.284920280186578, 0.2849195995145196, 0.28491959600995975, 0.28491954016587173, 0.28491952561109146, 0.28491952081912286, 0.28491951968630413, 0.28491951936160453, 0.2849195193305998, 0.28491951929663717]}, "11": {"maxiter": 1000, "fatol": 1e-10, "xatol": 1e-10, "duration": 1.5023081302642822, "fun": "0.2849195192913956", "nit": "1000", "nfev": "1556", "status": "2", "success": "False", "message": "Maximum number of iterations has been exceeded.", "x": "[ 7.59322825  6.94211072  3.25379338 -2.48511937  3.82620711 -0.57718171]", "final_simplex": "(array([[ 7.59322825,  6.94211072,  3.25379338, -2.48511937,  3.82620711,\n        -0.57718171],\n       [ 7.59322835,  6.94211067,  3.25379337, -2.48511931,  3.82620714,\n        -0.57718173],\n       [ 7.59322823,  6.94211073,  3.25379334, -2.4851193 ,  3.82620715,\n        -0.57718163],\n       [ 7.59322828,  6.94211072,  3.25379342, -2.48511933,  3.82620704,\n        -0.57718173],\n       [ 7.59322832,  6.94211066,  3.25379342, -2.48511923,  3.82620713,\n        -0.57718173],\n       [ 7.5932283 ,  6.94211081,  3.25379341, -2.48511939,  3.82620708,\n        -0.57718172],\n       [ 7.59322843,  6.94211069,  3.25379348, -2.48511938,  3.8262073 ,\n        -0.57718143]]), array([0.28491952, 0.28491952, 0.28491952, 0.28491952, 0.28491952,\n       0.28491952, 0.28491952]))", "callback": [0.9197921664237007, 0.9065429900842293, 0.8524145083345368, 0.8362130887746304, 0.832106354508015, 0.8126168458795626, 0.8001225393836104, 0.788928986076071, 0.7476031711667291, 0.7238744959822749, 0.7221497530629497, 0.72148853278613, 0.7214401851575991, 0.7213991002797615, 0.7213932715743355, 0.7213917418089454, 0.7213892920133957, 0.7213826719754868, 0.7213545325314563, 0.7212828701268165, 0.720927329941127, 0.7179426992266116, 0.6786619418788139, 0.6699691263079537, 0.6503834408919905, 0.5692319049203545, 0.4580378315044771, 0.45630791651437974, 0.4547733153016451, 0.4526187282802612, 0.4455535772555429, 0.4427836691965139, 0.4418256286302825, 0.43977528584331327, 0.42907742207229427, 0.4005610763687132, 0.3920564409141889, 0.3836290278844938, 0.38330650545123435, 0.3828468333931091, 0.38264750214295795, 0.38243898834211354, 0.3822967458285792, 0.3816008106413079, 0.37915316952397604, 0.3732730298569217, 0.3627070082270394, 0.3393750125843422, 0.32441079404101936, 0.31926026849531897, 0.31402861289460504, 0.31255320334122927, 0.31162954123753894, 0.3114432223674486, 0.31141300352631673, 0.31140158325957024, 0.3113957441775448, 0.31139526071049883, 0.3113942076020233, 0.3113931015590816, 0.311390941499061, 0.3113859370286052, 0.3113736048795541, 0.31132496131560095, 0.3112285619965922, 0.3111171080583591, 0.31097458667928846, 0.31089939179270043, 0.310827740358256, 0.31073301613379645, 0.3103955880131929, 0.3092614714831672, 0.30764952099006915, 0.3036273716461517, 0.2959688701316362, 0.29146139693922035, 0.28938215885792884, 0.28672252166555756, 0.28502977775929095, 0.28502977775929095, 0.2850037858435901, 0.2849434007881352, 0.28492244137463574, 0.2849219341256075, 0.284920280186578, 0.2849195995145196, 0.28491959600995975, 0.28491954016587173, 0.28491952561109146, 0.28491952081912286, 0.28491951968630413, 0.28491951936160453, 0.2849195193305998, 0.28491951929663717, 0.28491951929235193, 0.2849195192915168, 0.28491951929143644, 0.284919519291426, 0.284919519291415, 0.2849195192914018]}}, "bfgs": {"type": "gradient", "0": {"maxiter": 100, "gtol": 1e-05, "xrtol": 1e-05, "eps": 1e-05, "duration": 0.22942471504211426, "fun": "0.2849195195737515", "jac": "[-8.55772120e-06  1.25494060e-06 -4.61403138e-06  6.01966255e-06\n  3.91703336e-06  2.34813280e-06]", "hess_inv": "[[ 2.86438504 -0.15130292  0.15566907  0.04586933  1.07746087  1.22313241]\n [-0.15130292  3.19192894 -0.74957692 -0.02552642 -0.93937114 -0.58085699]\n [ 0.15566907 -0.74957692  3.52967427 -0.59094837  1.62391686  1.88191051]\n [ 0.04586933 -0.02552642 -0.59094837  3.16625453 -0.35751226 -0.3948046 ]\n [ 1.07746087 -0.93937114  1.62391686 -0.35751226  7.77505882  6.26409172]\n [ 1.22313241 -0.58085699  1.88191051 -0.3948046   6.26409172  8.07750954]]", "nfev": "238", "njev": "34", "status": "0", "success": "True", "message": "Optimization terminated successfully.", "x": "[ 1.31001175  6.94211361  3.2537701  -2.48509867 -2.45697446 -0.57718453]", "nit": "27", "callback": [0.9026231691795635, 0.8791769680164067, 0.8744548282022828, 0.8656784560877456, 0.7249717672817612, 0.7222393406412358, 0.6960584762629012, 0.6475569559252523, 0.57219656712105, 0.5079726912440921, 0.4381273970323136, 0.34960760570273375, 0.3288765351722649, 0.3215361808437558, 0.31050186049983985, 0.30544365897780923, 0.3028896233847096, 0.29807025524600717, 0.29016160146316616, 0.2867034578544201, 0.28540791560858625, 0.2851291740042009, 0.2849747665154687, 0.28493574026238855, 0.28491985985609536, 0.2849195354982542, 0.2849195195737515]}, "1": {"maxiter": 100, "gtol": 1e-05, "xrtol": 1e-05, "eps": 1e-10, "duration": 0.19376134872436523, "fun": "0.2849195193036893", "jac": "[-2.22044587e-06  2.22044587e-06 -1.11022293e-06  1.11022293e-06\n  2.22044587e-06  0.00000000e+00]", "hess_inv": "[[ 2.84376069e+00 -8.30180047e-02  2.39407108e-01 -4.60179546e-02\n   1.04732156e+00  1.19004387e+00]\n [-8.30180047e-02  3.13533508e+00 -7.50642452e-01 -6.37222661e-03\n  -9.86544966e-01 -6.29634608e-01]\n [ 2.39407108e-01 -7.50642452e-01  3.54501358e+00 -6.71907700e-01\n   1.47358279e+00  1.73323451e+00]\n [-4.60179546e-02 -6.37222661e-03 -6.71907700e-01  3.38698990e+00\n  -1.14039833e-01 -1.57365711e-01]\n [ 1.04732156e+00 -9.86544966e-01  1.47358279e+00 -1.14039833e-01\n   7.76158723e+00  6.23799327e+00]\n [ 1.19004387e+00 -6.29634608e-01  1.73323451e+00 -1.57365711e-01\n   6.23799327e+00  8.03671347e+00]]", "nfev": "245", "njev": "35", "status": "0", "success": "True", "message": "Optimization terminated successfully.", "x": "[ 1.31003534  6.9421124   3.25379104 -2.48512154 -2.45697762 -0.57718357]", "nit": "28", "callback": [0.9026232921932802, 0.8791771938044275, 0.874454784304556, 0.8656779141704983, 0.7250017076567583, 0.7222696371088786, 0.6960913284128891, 0.6475945436895968, 0.5722455225815721, 0.5080264436550737, 0.43814897547740106, 0.34964520154246814, 0.3288470970795615, 0.32138456263158866, 0.31028047234832834, 0.305434282677155, 0.3028221416863892, 0.29791989419184295, 0.2899926952100834, 0.28658329385253545, 0.2854088073646409, 0.2851113822093517, 0.284977870252205, 0.28493544853845343, 0.2849201242394934, 0.28491954759673077, 0.2849195197850005, 0.2849195193036893]}, "2": {"maxiter": 100, "gtol": 1e-05, "xrtol": 1e-10, "eps": 1e-05, "duration": 0.22445273399353027, "fun": "0.2849195195737515", "jac": "[-8.55772120e-06  1.25494060e-06 -4.61403138e-06  6.01966255e-06\n  3.91703336e-06  2.34813280e-06]", "hess_inv": "[[ 2.86438504 -0.15130292  0.15566907  0.04586933  1.07746087  1.22313241]\n [-0.15130292  3.19192894 -0.74957692 -0.02552642 -0.93937114 -0.58085699]\n [ 0.15566907 -0.74957692  3.52967427 -0.59094837  1.62391686  1.88191051]\n [ 0.04586933 -0.02552642 -0.59094837  3.16625453 -0.35751226 -0.3948046 ]\n [ 1.07746087 -0.93937114  1.62391686 -0.35751226  7.77505882  6.26409172]\n [ 1.22313241 -0.58085699  1.88191051 -0.3948046   6.26409172  8.07750954]]", "nfev": "238", "njev": "34", "status": "0", "success": "True", "message": "Optimization terminated successfully.", "x": "[ 1.31001175  6.94211361  3.2537701  -2.48509867 -2.45697446 -0.57718453]", "nit": "27", "callback": [0.9026231691795635, 0.8791769680164067, 0.8744548282022828, 0.8656784560877456, 0.7249717672817612, 0.7222393406412358, 0.6960584762629012, 0.6475569559252523, 0.57219656712105, 0.5079726912440921, 0.4381273970323136, 0.34960760570273375, 0.3288765351722649, 0.3215361808437558, 0.31050186049983985, 0.30544365897780923, 0.3028896233847096, 0.29807025524600717, 0.29016160146316616, 0.2867034578544201, 0.28540791560858625, 0.2851291740042009, 0.2849747665154687, 0.28493574026238855, 0.28491985985609536, 0.2849195354982542, 0.2849195195737515]}, "3": {"maxiter": 100, "gtol": 1e-05, "xrtol": 1e-10, "eps": 1e-10, "duration": 0.2220165729522705, "fun": "0.2849195193036893", "jac": "[-2.22044587e-06  2.22044587e-06 -1.11022293e-06  1.11022293e-06\n  2.22044587e-06  0.00000000e+00]", "hess_inv": "[[ 2.84376069e+00 -8.30180047e-02  2.39407108e-01 -4.60179546e-02\n   1.04732156e+00  1.19004387e+00]\n [-8.30180047e-02  3.13533508e+00 -7.50642452e-01 -6.37222661e-03\n  -9.86544966e-01 -6.29634608e-01]\n [ 2.39407108e-01 -7.50642452e-01  3.54501358e+00 -6.71907700e-01\n   1.47358279e+00  1.73323451e+00]\n [-4.60179546e-02 -6.37222661e-03 -6.71907700e-01  3.38698990e+00\n  -1.14039833e-01 -1.57365711e-01]\n [ 1.04732156e+00 -9.86544966e-01  1.47358279e+00 -1.14039833e-01\n   7.76158723e+00  6.23799327e+00]\n [ 1.19004387e+00 -6.29634608e-01  1.73323451e+00 -1.57365711e-01\n   6.23799327e+00  8.03671347e+00]]", "nfev": "245", "njev": "35", "status": "0", "success": "True", "message": "Optimization terminated successfully.", "x": "[ 1.31003534  6.9421124   3.25379104 -2.48512154 -2.45697762 -0.57718357]", "nit": "28", "callback": [0.9026232921932802, 0.8791771938044275, 0.874454784304556, 0.8656779141704983, 0.7250017076567583, 0.7222696371088786, 0.6960913284128891, 0.6475945436895968, 0.5722455225815721, 0.5080264436550737, 0.43814897547740106, 0.34964520154246814, 0.3288470970795615, 0.32138456263158866, 0.31028047234832834, 0.305434282677155, 0.3028221416863892, 0.29791989419184295, 0.2899926952100834, 0.28658329385253545, 0.2854088073646409, 0.2851113822093517, 0.284977870252205, 0.28493544853845343, 0.2849201242394934, 0.28491954759673077, 0.2849195197850005, 0.2849195193036893]}, "4": {"maxiter": 100, "gtol": 1e-10, "xrtol": 1e-05, "eps": 1e-05, "duration": 0.1934347152709961, "fun": "0.28491951935518867", "jac": "[-1.34637856e-06  3.97826216e-07 -1.81454851e-07 -7.32414129e-08\n  5.26434452e-07  3.30868666e-07]", "hess_inv": "[[ 2.83168330e+00 -9.03894795e-02  2.39855111e-01 -1.25669708e-01\n   1.04268443e+00  1.20196163e+00]\n [-9.03894795e-02  3.15480400e+00 -7.59600439e-01  5.21854589e-03\n  -9.87124123e-01 -6.25050299e-01]\n [ 2.39855111e-01 -7.59600439e-01  3.59520803e+00 -7.04635405e-01\n   1.49706028e+00  1.77560489e+00]\n [-1.25669708e-01  5.21854589e-03 -7.04635405e-01  3.35886259e+00\n  -1.14240980e-01 -1.89500695e-01]\n [ 1.04268443e+00 -9.87124123e-01  1.49706028e+00 -1.14240980e-01\n   7.90395880e+00  6.36485457e+00]\n [ 1.20196163e+00 -6.25050299e-01  1.77560489e+00 -1.89500695e-01\n   6.36485457e+00  8.15541768e+00]]", "nfev": "245", "njev": "35", "status": "0", "success": "True", "message": "Optimization terminated successfully.", "x": "[ 1.31003105  6.94211068  3.2537839  -2.48512233 -2.4570026  -0.5772082 ]", "nit": "28", "callback": [0.9026231691795635, 0.8791769680164067, 0.8744548282022828, 0.8656784560877456, 0.7249717672817612, 0.7222393406412358, 0.6960584762629012, 0.6475569559252523, 0.57219656712105, 0.5079726912440921, 0.4381273970323136, 0.34960760570273375, 0.3288765351722649, 0.3215361808437558, 0.31050186049983985, 0.30544365897780923, 0.3028896233847096, 0.29807025524600717, 0.29016160146316616, 0.2867034578544201, 0.28540791560858625, 0.2851291740042009, 0.2849747665154687, 0.28493574026238855, 0.28491985985609536, 0.2849195354982542, 0.2849195195737515, 0.28491951935518867]}, "5": {"maxiter": 100, "gtol": 1e-10, "xrtol": 1e-05, "eps": 1e-10, "duration": 0.19335412979125977, "fun": "0.2849195193036893", "jac": "[-2.22044587e-06  2.22044587e-06 -1.11022293e-06  1.11022293e-06\n  2.22044587e-06  0.00000000e+00]", "hess_inv": "[[ 2.84376069e+00 -8.30180047e-02  2.39407108e-01 -4.60179546e-02\n   1.04732156e+00  1.19004387e+00]\n [-8.30180047e-02  3.13533508e+00 -7.50642452e-01 -6.37222661e-03\n  -9.86544966e-01 -6.29634608e-01]\n [ 2.39407108e-01 -7.50642452e-01  3.54501358e+00 -6.71907700e-01\n   1.47358279e+00  1.73323451e+00]\n [-4.60179546e-02 -6.37222661e-03 -6.71907700e-01  3.38698990e+00\n  -1.14039833e-01 -1.57365711e-01]\n [ 1.04732156e+00 -9.86544966e-01  1.47358279e+00 -1.14039833e-01\n   7.76158723e+00  6.23799327e+00]\n [ 1.19004387e+00 -6.29634608e-01  1.73323451e+00 -1.57365711e-01\n   6.23799327e+00  8.03671347e+00]]", "nfev": "245", "njev": "35", "status": "0", "success": "True", "message": "Optimization terminated successfully.", "x": "[ 1.31003534  6.9421124   3.25379104 -2.48512154 -2.45697762 -0.57718357]", "nit": "28", "callback": [0.9026232921932802, 0.8791771938044275, 0.874454784304556, 0.8656779141704983, 0.7250017076567583, 0.7222696371088786, 0.6960913284128891, 0.6475945436895968, 0.5722455225815721, 0.5080264436550737, 0.43814897547740106, 0.34964520154246814, 0.3288470970795615, 0.32138456263158866, 0.31028047234832834, 0.305434282677155, 0.3028221416863892, 0.29791989419184295, 0.2899926952100834, 0.28658329385253545, 0.2854088073646409, 0.2851113822093517, 0.284977870252205, 0.28493544853845343, 0.2849201242394934, 0.28491954759673077, 0.2849195197850005, 0.2849195193036893]}, "6": {"maxiter": 100, "gtol": 1e-10, "xrtol": 1e-10, "eps": 1e-05, "duration": 0.4526643753051758, "fun": "0.28491951935518867", "jac": "[-1.34637856e-06  3.97826216e-07 -1.81454851e-07 -7.32414129e-08\n  5.26434452e-07  3.30868666e-07]", "hess_inv": "[[ 2.99648541 -0.12888439  0.26913828 -0.18322567  0.80530196  0.98909482]\n [-0.12888439  3.1626996  -0.77366295  0.03044298 -0.93143567 -0.57620215]\n [ 0.26913828 -0.77366295  3.55282232 -0.63724136  1.45646211  1.73202349]\n [-0.18322567  0.03044298 -0.63724136  3.25235822 -0.03391652 -0.10576716]\n [ 0.80530196 -0.93143567  1.45646211 -0.03391652  8.24583414  6.67166124]\n [ 0.98909482 -0.57620215  1.73202349 -0.10576716  6.67166124  8.42967068]]", "nfev": "530", "njev": "74", "status": "2", "success": "False", "message": "Desired error not necessarily achieved due to precision loss.", "x": "[ 1.31003105  6.94211068  3.2537839  -2.48512233 -2.4570026  -0.5772082 ]", "nit": "28", "callback": [0.9026231691795635, 0.8791769680164067, 0.8744548282022828, 0.8656784560877456, 0.7249717672817612, 0.7222393406412358, 0.6960584762629012, 0.6475569559252523, 0.57219656712105, 0.5079726912440921, 0.4381273970323136, 0.34960760570273375, 0.3288765351722649, 0.3215361808437558, 0.31050186049983985, 0.30544365897780923, 0.3028896233847096, 0.29807025524600717, 0.29016160146316616, 0.2867034578544201, 0.28540791560858625, 0.2851291740042009, 0.2849747665154687, 0.28493574026238855, 0.28491985985609536, 0.2849195354982542, 0.2849195195737515, 0.28491951935518867]}, "7": {"maxiter": 100, 