{"date": "2024/10/26/, 15:22:21", "conf_id": 74, "data_type": "random\n", "num_data_points": 4, "s_rank": 0, "unitary": "[[-0.24866696+0.58742286j,-0.44704345-0.43151574j,-0.35669027-0.20570733j,-0.10517633+0.1626036j],[0.10596805-0.19687975j,-0.30269685-0.15056416j,0.18246286+0.30440582j,-0.83484447-0.11310748j],[0.26054512-0.52548482j,0.0285017-0.50723956j,-0.43110112+0.17165838j,0.15243271+0.39915801j],[0.42978035+0.11991271j,-0.17224126-0.46030424j,0.6827807-0.15164662j,0.26483638+0.0061855j]]", "databatch_0": {"databatch": "[[[-0.07898063-0.20150423j,0.15622154-0.27195398j,0.04316196+0.11434458j,0.245628-0.05789051j],[-0.02409415-0.0667268j,0.29395372-0.1585382j,-0.02348954-0.01820186j,-0.20412266+0.30101557j],[-0.00524609+0.2436792j,-0.14662491+0.03025013j,-0.20964206-0.17800788j,0.03397201+0.18295037j],[-0.17038907-0.05487373j,0.28437708+0.0821989j,-0.15590341-0.30113482j,0.14206287-0.28198097j]],[[0.20198997-0.04662325j,0.08832738+0.20765237j,0.3321676-0.16760395j,0.33517581+0.07989578j],[-0.16531113+0.29953301j,0.29774714+0.03971982j,0.13896972-0.17865687j,-0.13342905-0.08711497j],[-0.0278331+0.19659736j,-0.06179908-0.16564438j,-0.20784318+0.00684781j,-0.15705535+0.12512342j],[-0.00613526-0.21775683j,-0.14908591+0.17819374j,-0.08398531+0.18261639j,0.23334645-0.12046598j]],[[0.32127699+0.26336186j,0.03470376+0.23140595j,-0.05671237-0.20777103j,-0.05832377+0.07194122j],[-0.16134406-0.27066373j,0.11300532-0.38295852j,0.16580765+0.09393576j,0.17779703-0.19819411j],[0.1832342+0.09735714j,0.20222241+0.20136451j,-0.16304663-0.31853349j,0.024432+0.03176315j],[-0.17839153-0.021887j,0.18074459+0.05845343j,-0.1452274+0.01206398j,0.07549529+0.04802967j]],[[0.05586505-0.26071993j,-0.05579944+0.02035397j,0.26758788+0.03262554j,-0.11479508-0.09657924j],[-0.30692961+0.03768242j,-0.14534398-0.38100883j,-0.12597428+0.27845996j,-0.00380965-0.02571555j],[-0.1006901-0.27087421j,-0.20168066+0.05783569j,-0.07468884-0.00754551j,0.36119246-0.10929695j],[-0.26408642-0.10882055j,-0.06413712+0.04010825j,0.17166844-0.21829135j,-0.16184084+0.08948514j]]]", "initial param values": "[3.72299766,3.90701198,1.78368661,0.28461202,1.15767073,0.21376244]", "nelder_mead": {"type": "gradient-free", "0": {"maxiter": 100, "fatol": 1e-05, "xatol": 1e-05, "duration": 0.13297510147094727, "fun": "0.5648362727782179", "nit": "100", "nfev": "149", "status": "2", "success": "False", "message": "Maximum number of iterations has been exceeded.", "x": "[4.70266837 3.14998543 2.13966612 1.37104161 3.02867051 0.05668401]", "final_simplex": "(array([[4.70266837, 3.14998543, 2.13966612, 1.37104161, 3.02867051,\n        0.05668401],\n       [5.02101549, 2.77603447, 2.05873319, 1.54525366, 3.30206429,\n        0.02012263],\n       [4.95209297, 2.86907581, 2.38745061, 1.07550206, 2.77663425,\n        0.08300756],\n       [5.0390777 , 2.87289266, 2.32987203, 1.06019643, 2.68455214,\n        0.08015369],\n       [4.79305617, 3.1048636 , 2.41176788, 1.54743942, 3.29636635,\n        0.03225492],\n       [5.14467968, 3.2353572 , 2.3068519 , 1.10216141, 2.7662473 ,\n        0.07403585],\n       [5.24798968, 2.9444298 , 2.59231647, 1.12705593, 2.89575439,\n        0.05403007]]), array([0.56483627, 0.56695043, 0.57311363, 0.57403438, 0.58236019,\n       0.59250228, 0.59904355]))", "callback": [0.8123754376161377, 0.7510450406423314, 0.7378719546566943, 0.6826993442756608, 0.681965154460948, 0.668361307136677, 0.6620129817324232, 0.654424092663483, 0.6428689307498061, 0.6096297257688288]}, "1": {"maxiter": 100, "fatol": 1e-05, "xatol": 1e-10, "duration": 0.11719751358032227, "fun": "0.5648362727782179", "nit": "100", "nfev": "149", "status": "2", "success": "False", "message": "Maximum number of iterations has been exceeded.", "x": "[4.70266837 3.14998543 2.13966612 1.37104161 3.02867051 0.05668401]", "final_simplex": "(array([[4.70266837, 3.14998543, 2.13966612, 1.37104161, 3.02867051,\n        0.05668401],\n       [5.02101549, 2.77603447, 2.05873319, 1.54525366, 3.30206429,\n        0.02012263],\n       [4.95209297, 2.86907581, 2.38745061, 1.07550206, 2.77663425,\n        0.08300756],\n       [5.0390777 , 2.87289266, 2.32987203, 1.06019643, 2.68455214,\n        0.08015369],\n       [4.79305617, 3.1048636 , 2.41176788, 1.54743942, 3.29636635,\n        0.03225492],\n       [5.14467968, 3.2353572 , 2.3068519 , 1.10216141, 2.7662473 ,\n        0.07403585],\n       [5.24798968, 2.9444298 , 2.59231647, 1.12705593, 2.89575439,\n        0.05403007]]), array([0.56483627, 0.56695043, 0.57311363, 0.57403438, 0.58236019,\n       0.59250228, 0.59904355]))", "callback": [0.8123754376161377, 0.7510450406423314, 0.7378719546566943, 0.6826993442756608, 0.681965154460948, 0.668361307136677, 0.6620129817324232, 0.654424092663483, 0.6428689307498061, 0.6096297257688288]}, "2": {"maxiter": 100, "fatol": 1e-10, "xatol": 1e-05, "duration": 0.11762380599975586, "fun": "0.5648362727782179", "nit": "100", "nfev": "149", "status": "2", "success": "False", "message": "Maximum number of iterations has been exceeded.", "x": "[4.70266837 3.14998543 2.13966612 1.37104161 3.02867051 0.05668401]", "final_simplex": "(array([[4.70266837, 3.14998543, 2.13966612, 1.37104161, 3.02867051,\n        0.05668401],\n       [5.02101549, 2.77603447, 2.05873319, 1.54525366, 3.30206429,\n        0.02012263],\n       [4.95209297, 2.86907581, 2.38745061, 1.07550206, 2.77663425,\n        0.08300756],\n       [5.0390777 , 2.87289266, 2.32987203, 1.06019643, 2.68455214,\n        0.08015369],\n       [4.79305617, 3.1048636 , 2.41176788, 1.54743942, 3.29636635,\n        0.03225492],\n       [5.14467968, 3.2353572 , 2.3068519 , 1.10216141, 2.7662473 ,\n        0.07403585],\n       [5.24798968, 2.9444298 , 2.59231647, 1.12705593, 2.89575439,\n        0.05403007]]), array([0.56483627, 0.56695043, 0.57311363, 0.57403438, 0.58236019,\n       0.59250228, 0.59904355]))", "callback": [0.8123754376161377, 0.7510450406423314, 0.7378719546566943, 0.6826993442756608, 0.681965154460948, 0.668361307136677, 0.6620129817324232, 0.654424092663483, 0.6428689307498061, 0.6096297257688288]}, "3": {"maxiter": 100, "fatol": 1e-10, "xatol": 1e-10, "duration": 0.11739420890808105, "fun": "0.5648362727782179", "nit": "100", "nfev": "149", "status": "2", "success": "False", "message": "Maximum number of iterations has been exceeded.", "x": "[4.70266837 3.14998543 2.13966612 1.37104161 3.02867051 0.05668401]", "final_simplex": "(array([[4.70266837, 3.14998543, 2.13966612, 1.37104161, 3.02867051,\n        0.05668401],\n       [5.02101549, 2.77603447, 2.05873319, 1.54525366, 3.30206429,\n        0.02012263],\n       [4.95209297, 2.86907581, 2.38745061, 1.07550206, 2.77663425,\n        0.08300756],\n       [5.0390777 , 2.87289266, 2.32987203, 1.06019643, 2.68455214,\n        0.08015369],\n       [4.79305617, 3.1048636 , 2.41176788, 1.54743942, 3.29636635,\n        0.03225492],\n       [5.14467968, 3.2353572 , 2.3068519 , 1.10216141, 2.7662473 ,\n        0.07403585],\n       [5.24798968, 2.9444298 , 2.59231647, 1.12705593, 2.89575439,\n        0.05403007]]), array([0.56483627, 0.56695043, 0.57311363, 0.57403438, 0.58236019,\n       0.59250228, 0.59904355]))", "callback": [0.8123754376161377, 0.7510450406423314, 0.7378719546566943, 0.6826993442756608, 0.681965154460948, 0.668361307136677, 0.6620129817324232, 0.654424092663483, 0.6428689307498061, 0.6096297257688288]}, "4": {"maxiter": 500, "fatol": 1e-05, "xatol": 1e-05, "duration": 0.7780787944793701, "fun": "0.46355299745382916", "nit": "500", "nfev": "767", "status": "2", "success": "False", "message": "Maximum number of iterations has been exceeded.", "x": "[ 5.22517289  2.99988693  1.56751235  1.55986299  2.98768524 -0.99593577]", "final_simplex": "(array([[ 5.22517289,  2.99988693,  1.56751235,  1.55986299,  2.98768524,\n        -0.99593577],\n       [ 5.22519117,  2.99989079,  1.56751942,  1.55986012,  2.98770285,\n        -0.99592603],\n       [ 5.22519007,  2.99989684,  1.56752943,  1.55986561,  2.98769925,\n        -0.99594651],\n       [ 5.22518355,  2.99987968,  1.56754836,  1.5598497 ,  2.9876867 ,\n        -0.99592702],\n       [ 5.22517086,  2.99990539,  1.56754473,  1.55985029,  2.98771007,\n        -0.99592118],\n       [ 5.22515121,  2.99985475,  1.56755311,  1.55984422,  2.98770707,\n        -0.99592476],\n       [ 5.22518187,  2.9999008 ,  1.56752381,  1.55983865,  2.98773853,\n        -0.9959446 ]]), array([0.463553, 0.463553, 0.463553, 0.463553, 0.463553, 0.463553,\n       0.463553]))", "callback": [0.8123754376161377, 0.7510450406423314, 0.7378719546566943, 0.6826993442756608, 0.681965154460948, 0.668361307136677, 0.6620129817324232, 0.654424092663483, 0.6428689307498061, 0.6096297257688288, 0.5630496538447871, 0.5563914588804326, 0.5549562645089088, 0.5540170255353388, 0.552736536923694, 0.5498687068153396, 0.5489391239029435, 0.548420628842675, 0.5482388385102073, 0.5477503319896511, 0.546591841666214, 0.5386721494742445, 0.5254625437422185, 0.5108540119256678, 0.5009729033603215, 0.4953188527437187, 0.4928307568548915, 0.4816855380365659, 0.47731272759407695, 0.46987612057440953, 0.4668873406706151, 0.4647709590717175, 0.46385197967104896, 0.46373943399738204, 0.4636528684697131, 0.46360876648990146, 0.4635966413950764, 0.4635858539582196, 0.4635710534891676, 0.4635596359081442, 0.463558096384874, 0.4635559811004103, 0.46355466356366637, 0.4635538930394888, 0.4635533233678927, 0.4635531102855991, 0.4635530127177032, 0.4635530011984216, 0.4635529982699027, 0.46355299745382916]}, "5": {"maxiter": 500, "fatol": 1e-05, "xatol": 1e-10, "duration": 0.9850714206695557, "fun": "0.46355299745382916", "nit": "500", "nfev": "767", "status": "2", "success": "False", "message": "Maximum number of iterations has been exceeded.", "x": "[ 5.22517289  2.99988693  1.56751235  1.55986299  2.98768524 -0.99593577]", "final_simplex": "(array([[ 5.22517289,  2.99988693,  1.56751235,  1.55986299,  2.98768524,\n        -0.99593577],\n       [ 5.22519117,  2.99989079,  1.56751942,  1.55986012,  2.98770285,\n        -0.99592603],\n       [ 5.22519007,  2.99989684,  1.56752943,  1.55986561,  2.98769925,\n        -0.99594651],\n       [ 5.22518355,  2.99987968,  1.56754836,  1.5598497 ,  2.9876867 ,\n        -0.99592702],\n       [ 5.22517086,  2.99990539,  1.56754473,  1.55985029,  2.98771007,\n        -0.99592118],\n       [ 5.22515121,  2.99985475,  1.56755311,  1.55984422,  2.98770707,\n        -0.99592476],\n       [ 5.22518187,  2.9999008 ,  1.56752381,  1.55983865,  2.98773853,\n        -0.9959446 ]]), array([0.463553, 0.463553, 0.463553, 0.463553, 0.463553, 0.463553,\n       0.463553]))", "callback": [0.8123754376161377, 0.7510450406423314, 0.7378719546566943, 0.6826993442756608, 0.681965154460948, 0.668361307136677, 0.6620129817324232, 0.654424092663483, 0.6428689307498061, 0.6096297257688288, 0.5630496538447871, 0.5563914588804326, 0.5549562645089088, 0.5540170255353388, 0.552736536923694, 0.5498687068153396, 0.5489391239029435, 0.548420628842675, 0.5482388385102073, 0.5477503319896511, 0.546591841666214, 0.5386721494742445, 0.5254625437422185, 0.5108540119256678, 0.5009729033603215, 0.4953188527437187, 0.4928307568548915, 0.4816855380365659, 0.47731272759407695, 0.46987612057440953, 0.4668873406706151, 0.4647709590717175, 0.46385197967104896, 0.46373943399738204, 0.4636528684697131, 0.46360876648990146, 0.4635966413950764, 0.4635858539582196, 0.4635710534891676, 0.4635596359081442, 0.463558096384874, 0.4635559811004103, 0.46355466356366637, 0.4635538930394888, 0.4635533233678927, 0.4635531102855991, 0.4635530127177032, 0.4635530011984216, 0.4635529982699027, 0.46355299745382916]}, "6": {"maxiter": 500, "fatol": 1e-10, "xatol": 1e-05, "duration": 1.1761248111724854, "fun": "0.46355299745382916", "nit": "500", "nfev": "767", "status": "2", "success": "False", "message": "Maximum number of iterations has been exceeded.", "x": "[ 5.22517289  2.99988693  1.56751235  1.55986299  2.98768524 -0.99593577]", "final_simplex": "(array([[ 5.22517289,  2.99988693,  1.56751235,  1.55986299,  2.98768524,\n        -0.99593577],\n       [ 5.22519117,  2.99989079,  1.56751942,  1.55986012,  2.98770285,\n        -0.99592603],\n       [ 5.22519007,  2.99989684,  1.56752943,  1.55986561,  2.98769925,\n        -0.99594651],\n       [ 5.22518355,  2.99987968,  1.56754836,  1.5598497 ,  2.9876867 ,\n        -0.99592702],\n       [ 5.22517086,  2.99990539,  1.56754473,  1.55985029,  2.98771007,\n        -0.99592118],\n       [ 5.22515121,  2.99985475,  1.56755311,  1.55984422,  2.98770707,\n        -0.99592476],\n       [ 5.22518187,  2.9999008 ,  1.56752381,  1.55983865,  2.98773853,\n        -0.9959446 ]]), array([0.463553, 0.463553, 0.463553, 0.463553, 0.463553, 0.463553,\n       0.463553]))", "callback": [0.8123754376161377, 0.7510450406423314, 0.7378719546566943, 0.6826993442756608, 0.681965154460948, 0.668361307136677, 0.6620129817324232, 0.654424092663483, 0.6428689307498061, 0.6096297257688288, 0.5630496538447871, 0.5563914588804326, 0.5549562645089088, 0.5540170255353388, 0.552736536923694, 0.5498687068153396, 0.5489391239029435, 0.548420628842675, 0.5482388385102073, 0.5477503319896511, 0.546591841666214, 0.5386721494742445, 0.5254625437422185, 0.5108540119256678, 0.5009729033603215, 0.4953188527437187, 0.4928307568548915, 0.4816855380365659, 0.47731272759407695, 0.46987612057440953, 0.4668873406706151, 0.4647709590717175, 0.46385197967104896, 0.46373943399738204, 0.4636528684697131, 0.46360876648990146, 0.4635966413950764, 0.4635858539582196, 0.4635710534891676, 0.4635596359081442, 0.463558096384874, 0.4635559811004103, 0.46355466356366637, 0.4635538930394888, 0.4635533233678927, 0.4635531102855991, 0.4635530127177032, 0.4635530011984216, 0.4635529982699027, 0.46355299745382916]}, "7": {"maxiter": 500, "fatol": 1e-10, "xatol": 1e-10, "duration": 0.6615426540374756, "fun": "0.46355299745382916", "nit": "500", "nfev": "767", "status": "2", "success": "False", "message": "Maximum number of iterations has been exceeded.", "x": "[ 5.22517289  2.99988693  1.56751235  1.55986299  2.98768524 -0.99593577]", "final_simplex": "(array([[ 5.22517289,  2.99988693,  1.56751235,  1.55986299,  2.98768524,\n        -0.99593577],\n       [ 5.22519117,  2.99989079,  1.56751942,  1.55986012,  2.98770285,\n        -0.99592603],\n       [ 5.22519007,  2.99989684,  1.56752943,  1.55986561,  2.98769925,\n        -0.99594651],\n       [ 5.22518355,  2.99987968,  1.56754836,  1.5598497 ,  2.9876867 ,\n        -0.99592702],\n       [ 5.22517086,  2.99990539,  1.56754473,  1.55985029,  2.98771007,\n        -0.99592118],\n       [ 5.22515121,  2.99985475,  1.56755311,  1.55984422,  2.98770707,\n        -0.99592476],\n       [ 5.22518187,  2.9999008 ,  1.56752381,  1.55983865,  2.98773853,\n        -0.9959446 ]]), array([0.463553, 0.463553, 0.463553, 0.463553, 0.463553, 0.463553,\n       0.463553]))", "callback": [0.8123754376161377, 0.7510450406423314, 0.7378719546566943, 0.6826993442756608, 0.681965154460948, 0.668361307136677, 0.6620129817324232, 0.654424092663483, 0.6428689307498061, 0.6096297257688288, 0.5630496538447871, 0.5563914588804326, 0.5549562645089088, 0.5540170255353388, 0.552736536923694, 0.5498687068153396, 0.5489391239029435, 0.548420628842675, 0.5482388385102073, 0.5477503319896511, 0.546591841666214, 0.5386721494742445, 0.5254625437422185, 0.5108540119256678, 0.5009729033603215, 0.4953188527437187, 0.4928307568548915, 0.4816855380365659, 0.47731272759407695, 0.46987612057440953, 0.4668873406706151, 0.4647709590717175, 0.46385197967104896, 0.46373943399738204, 0.4636528684697131, 0.46360876648990146, 0.4635966413950764, 0.4635858539582196, 0.4635710534891676, 0.4635596359081442, 0.463558096384874, 0.4635559811004103, 0.46355466356366637, 0.4635538930394888, 0.4635533233678927, 0.4635531102855991, 0.4635530127177032, 0.4635530011984216, 0.4635529982699027, 0.46355299745382916]}, "8": {"maxiter": 1000, "fatol": 1e-05, "xatol": 1e-05, "duration": 0.7696893215179443, "fun": "0.4635529973910386", "nit": "520", "nfev": "801", "status": "0", "success": "True", "message": "Optimization terminated successfully.", "x": "[ 5.22518014  2.99989466  1.56752199  1.55985197  2.98769978 -0.99594267]", "final_simplex": "(array([[ 5.22518014,  2.99989466,  1.56752199,  1.55985197,  2.98769978,\n        -0.99594267],\n       [ 5.22517385,  2.99989071,  1.56751638,  1.55985723,  2.98770042,\n        -0.99594065],\n       [ 5.22517117,  2.99989386,  1.56751918,  1.55985474,  2.98770971,\n        -0.995939  ],\n       [ 5.22517791,  2.99989594,  1.56751535,  1.55985772,  2.98770846,\n        -0.99593921],\n       [ 5.2251788 ,  2.99990129,  1.56751742,  1.55985945,  2.98770428,\n        -0.99594054],\n       [ 5.22517295,  2.99988851,  1.56752178,  1.55985835,  2.98769666,\n        -0.99593573],\n       [ 5.22517623,  2.9998923 ,  1.56751816,  1.55985805,  2.98770807,\n        -0.99594377]]), array([0.463553, 0.463553, 0.463553, 0.463553, 0.463553, 0.463553,\n       0.463553]))", "callback": [0.8123754376161377, 0.7510450406423314, 0.7378719546566943, 0.6826993442756608, 0.681965154460948, 0.668361307136677, 0.6620129817324232, 0.654424092663483, 0.6428689307498061, 0.6096297257688288, 0.5630496538447871, 0.5563914588804326, 0.5549562645089088, 0.5540170255353388, 0.552736536923694, 0.5498687068153396, 0.5489391239029435, 0.548420628842675, 0.5482388385102073, 0.5477503319896511, 0.546591841666214, 0.5386721494742445, 0.5254625437422185, 0.5108540119256678, 0.5009729033603215, 0.4953188527437187, 0.4928307568548915, 0.4816855380365659, 0.47731272759407695, 0.46987612057440953, 0.4668873406706151, 0.4647709590717175, 0.46385197967104896, 0.46373943399738204, 0.4636528684697131, 0.46360876648990146, 0.4635966413950764, 0.4635858539582196, 0.4635710534891676, 0.4635596359081442, 0.463558096384874, 0.4635559811004103, 0.46355466356366637, 0.4635538930394888, 0.4635533233678927, 0.4635531102855991, 0.4635530127177032, 0.4635530011984216, 0.4635529982699027, 0.46355299745382916, 0.4635529974336954, 0.4635529974064152]}, "9": {"maxiter": 1000, "fatol": 1e-05, "xatol": 1e-10, "duration": 1.5759718418121338, "fun": "0.4635529973848689", "nit": "620", "nfev": "1026", "status": "0", "success": "True", "message": "Optimization terminated successfully.", "x": "[ 5.2251785   2.99989749  1.56751695  1.55984841  2.98769973 -0.9959407 ]", "final_simplex": "(array([[ 5.2251785 ,  2.99989749,  1.56751695,  1.55984841,  2.98769973,\n        -0.9959407 ],\n       [ 5.2251785 ,  2.99989749,  1.56751695,  1.55984841,  2.98769973,\n        -0.9959407 ],\n       [ 5.2251785 ,  2.99989749,  1.56751695,  1.55984841,  2.98769973,\n        -0.9959407 ],\n       [ 5.2251785 ,  2.99989749,  1.56751695,  1.55984841,  2.98769973,\n        -0.9959407 ],\n       [ 5.2251785 ,  2.99989749,  1.56751695,  1.55984841,  2.98769973,\n        -0.9959407 ],\n       [ 5.2251785 ,  2.99989749,  1.56751695,  1.55984841,  2.98769973,\n        -0.9959407 ],\n       [ 5.2251785 ,  2.99989749,  1.56751695,  1.55984841,  2.98769973,\n        -0.9959407 ]]), array([0.463553, 0.463553, 0.463553, 0.463553, 0.463553, 0.463553,\n       0.463553]))", "callback": [0.8123754376161377, 0.7510450406423314, 0.7378719546566943, 0.6826993442756608, 0.681965154460948, 0.668361307136677, 0.6620129817324232, 0.654424092663483, 0.6428689307498061, 0.6096297257688288, 0.5630496538447871, 0.5563914588804326, 0.5549562645089088, 0.5540170255353388, 0.552736536923694, 0.5498687068153396, 0.5489391239029435, 0.548420628842675, 0.5482388385102073, 0.5477503319896511, 0.546591841666214, 0.5386721494742445, 0.5254625437422185, 0.5108540119256678, 0.5009729033603215, 0.4953188527437187, 0.4928307568548915, 0.4816855380365659, 0.47731272759407695, 0.46987612057440953, 0.4668873406706151, 0.4647709590717175, 0.46385197967104896, 0.46373943399738204, 0.4636528684697131, 0.46360876648990146, 0.4635966413950764, 0.4635858539582196, 0.4635710534891676, 0.4635596359081442, 0.463558096384874, 0.4635559811004103, 0.46355466356366637, 0.4635538930394888, 0.4635533233678927, 0.4635531102855991, 0.4635530127177032, 0.4635530011984216, 0.4635529982699027, 0.46355299745382916, 0.4635529974336954, 0.4635529974064152, 0.4635529973910386, 0.46355299738651, 0.4635529973852248, 0.46355299738497624, 0.46355299738488975, 0.463552997384872, 0.46355299738486955, 0.4635529973848691, 0.4635529973848689, 0.4635529973848689]}, "10": {"maxiter": 1000, "fatol": 1e-10, "xatol": 1e-05, "duration": 0.8813009262084961, "fun": "0.4635529973910386", "nit": "520", "nfev": "801", "status": "0", "success": "True", "message": "Optimization terminated successfully.", "x": "[ 5.22518014  2.99989466  1.56752199  1.55985197  2.98769978 -0.99594267]", "final_simplex": "(array([[ 5.22518014,  2.99989466,  1.56752199,  1.55985197,  2.98769978,\n        -0.99594267],\n       [ 5.22517385,  2.99989071,  1.56751638,  1.55985723,  2.98770042,\n        -0.99594065],\n       [ 5.22517117,  2.99989386,  1.56751918,  1.55985474,  2.98770971,\n        -0.995939  ],\n       [ 5.22517791,  2.99989594,  1.56751535,  1.55985772,  2.98770846,\n        -0.99593921],\n       [ 5.2251788 ,  2.99990129,  1.56751742,  1.55985945,  2.98770428,\n        -0.99594054],\n       [ 5.22517295,  2.99988851,  1.56752178,  1.55985835,  2.98769666,\n        -0.99593573],\n       [ 5.22517623,  2.9998923 ,  1.56751816,  1.55985805,  2.98770807,\n        -0.99594377]]), array([0.463553, 0.463553, 0.463553, 0.463553, 0.463553, 0.463553,\n       0.463553]))", "callback": [0.8123754376161377, 0.7510450406423314, 0.7378719546566943, 0.6826993442756608, 0.681965154460948, 0.668361307136677, 0.6620129817324232, 0.654424092663483, 0.6428689307498061, 0.6096297257688288, 0.5630496538447871, 0.5563914588804326, 0.5549562645089088, 0.5540170255353388, 0.552736536923694, 0.5498687068153396, 0.5489391239029435, 0.548420628842675, 0.5482388385102073, 0.5477503319896511, 0.546591841666214, 0.5386721494742445, 0.5254625437422185, 0.5108540119256678, 0.5009729033603215, 0.4953188527437187, 0.4928307568548915, 0.4816855380365659, 0.47731272759407695, 0.46987612057440953, 0.4668873406706151, 0.4647709590717175, 0.46385197967104896, 0.46373943399738204, 0.4636528684697131, 0.46360876648990146, 0.4635966413950764, 0.4635858539582196, 0.4635710534891676, 0.4635596359081442, 0.463558096384874, 0.4635559811004103, 0.46355466356366637, 0.4635538930394888, 0.4635533233678927, 0.4635531102855991, 0.4635530127177032, 0.4635530011984216, 0.4635529982699027, 0.46355299745382916, 0.4635529974336954, 0.4635529974064152]}, "11": {"maxiter": 1000, "fatol": 1e-10, "xatol": 1e-10, "duration": 0.8475649356842041, "fun": "0.4635529973848689", "nit": "620", "nfev": "1026", "status": "0", "success": "True", "message": "Optimization terminated successfully.", "x": "[ 5.2251785   2.99989749  1.56751695  1.55984841  2.98769973 -0.9959407 ]", "final_simplex": "(array([[ 5.2251785 ,  2.99989749,  1.56751695,  1.55984841,  2.98769973,\n        -0.9959407 ],\n       [ 5.2251785 ,  2.99989749,  1.56751695,  1.55984841,  2.98769973,\n        -0.9959407 ],\n       [ 5.2251785 ,  2.99989749,  1.56751695,  1.55984841,  2.98769973,\n        -0.9959407 ],\n       [ 5.2251785 ,  2.99989749,  1.56751695,  1.55984841,  2.98769973,\n        -0.9959407 ],\n       [ 5.2251785 ,  2.99989749,  1.56751695,  1.55984841,  2.98769973,\n        -0.9959407 ],\n       [ 5.2251785 ,  2.99989749,  1.56751695,  1.55984841,  2.98769973,\n        -0.9959407 ],\n       [ 5.2251785 ,  2.99989749,  1.56751695,  1.55984841,  2.98769973,\n        -0.9959407 ]]), array([0.463553, 0.463553, 0.463553, 0.463553, 0.463553, 0.463553,\n       0.463553]))", "callback": [0.8123754376161377, 0.7510450406423314, 0.7378719546566943, 0.6826993442756608, 0.681965154460948, 0.668361307136677, 0.6620129817324232, 0.654424092663483, 0.6428689307498061, 0.6096297257688288, 0.5630496538447871, 0.5563914588804326, 0.5549562645089088, 0.5540170255353388, 0.552736536923694, 0.5498687068153396, 0.5489391239029435, 0.548420628842675, 0.5482388385102073, 0.5477503319896511, 0.546591841666214, 0.5386721494742445, 0.5254625437422185, 0.5108540119256678, 0.5009729033603215, 0.4953188527437187, 0.4928307568548915, 0.4816855380365659, 0.47731272759407695, 0.46987612057440953, 0.4668873406706151, 0.4647709590717175, 0.46385197967104896, 0.46373943399738204, 0.4636528684697131, 0.46360876648990146, 0.4635966413950764, 0.4635858539582196, 0.4635710534891676, 0.4635596359081442, 0.463558096384874, 0.4635559811004103, 0.46355466356366637, 0.4635538930394888, 0.4635533233678927, 0.4635531102855991, 0.4635530127177032, 0.4635530011984216, 0.4635529982699027, 0.46355299745382916, 0.4635529974336954, 0.4635529974064152, 0.4635529973910386, 0.46355299738651, 0.4635529973852248, 0.46355299738497624, 0.46355299738488975, 0.463552997384872, 0.46355299738486955, 0.4635529973848691, 0.4635529973848689, 0.4635529973848689]}}, "bfgs": {"type": "gradient", "0": {"maxiter": 100, "gtol": 1e-05, "xrtol": 1e-05, "eps": 1e-05, "duration": 0.12752151489257812, "fun": "0.4635529976047621", "jac": "[-1.25448540e-06 -7.06738001e-06 -2.34879893e-06 -1.53699276e-07\n  1.25064403e-06  3.84885457e-06]", "hess_inv": "[[ 5.56021389e+00  8.28703470e-01 -1.31148116e+00  5.69918716e-03\n  -4.75780063e-01 -1.81395376e+00]\n [ 8.28703470e-01  4.69559241e+00 -3.08396616e+00  9.11749967e-02\n   3.46903978e-02 -9.39726918e-01]\n [-1.31148116e+00 -3.08396616e+00  7.15558804e+00 -1.11361695e+00\n   4.63626718e-01  2.67345886e+00]\n [ 5.69918716e-03  9.11749967e-02 -1.11361695e+00  4.18543906e+00\n   1.07442466e-01 -3.65189866e-01]\n [-4.75780063e-01  3.46903978e-02  4.63626718e-01  1.07442466e-01\n   4.27847906e+00  3.18744641e-02]\n [-1.81395376e+00 -9.39726918e-01  2.67345886e+00 -3.65189866e-01\n   3.18744641e-02  4.99276785e+00]]", "nfev": "161", "njev": "23", "status": "0", "success": "True", "message": "Optimization terminated successfully.", "x": "[ 5.22515176  2.99985201  1.56753589  1.55984506  2.9877009  -0.99591571]", "nit": "19", "callback": [0.6980859587520112, 0.6838167742268169, 0.6020926467577791, 0.5436762048610349, 0.5172002411179978, 0.49245016304143163, 0.4682205998231369, 0.4660256710659074, 0.4641457046429014, 0.4637159056337714, 0.4635978905949144, 0.4635757456729048, 0.46356015584645915, 0.4635539420097612, 0.46355313923708164, 0.4635530596270161, 0.46355302234322726, 0.46355300093921825, 0.4635529976047621]}, "1": {"maxiter": 100, "gtol": 1e-05, "xrtol": 1e-05, "eps": 1e-10, "duration": 0.1276087760925293, "fun": "0.4635529976289252", "jac": "[-2.22044587e-06 -6.66133760e-06 -4.44089173e-06  0.00000000e+00\n  1.11022293e-06  3.33066880e-06]", "hess_inv": "[[ 5.46496637  0.95495532 -1.37508425 -0.02940182 -0.30951222 -1.70449526]\n [ 0.95495532  4.76318334 -3.15812729  0.12696155  0.14106438 -0.98134934]\n [-1.37508425 -3.15812729  7.22983028 -1.11421398  0.34470771  2.66863674]\n [-0.02940182  0.12696155 -1.11421398  4.16580172  0.14619195 -0.33909654]\n [-0.30951222  0.14106438  0.34470771  0.14619195  4.36022008 -0.06306837]\n [-1.70449526 -0.98134934  2.66863674 -0.33909654 -0.06306837  4.8790559 ]]", "nfev": "161", "njev": "23", "status": "0", "success": "True", "message": "Optimization terminated successfully.", "x": "[ 5.22514216  2.99985554  1.56754322  1.55984612  2.98770314 -0.99590274]", "nit": "19", "callback": [0.6980863489424214, 0.683816445050292, 0.6020731148939926, 0.5436758794075651, 0.5172053112542903, 0.4924402921982267, 0.4682305644127319, 0.4660308595481032, 0.46414999720675687, 0.4637166527007023, 0.4635979661416998, 0.46357580812420207, 0.46356016734203465, 0.46355394556794316, 0.46355314076771226, 0.46355306029999055, 0.4635530224358414, 0.4635530006077314, 0.4635529976289252]}, "2": {"maxiter": 100, "gtol": 1e-05, "xrtol": 1e-10, "eps": 1e-05, "duration": 0.1700587272644043, "fun": "0.4635529976047621", "jac": "[-1.25448540e-06 -7.06738001e-06 -2.34879893e-06 -1.53699276e-07\n  1.25064403e-06  3.84885457e-06]", "hess_inv": "[[ 5.56021389e+00  8.28703470e-01 -1.31148116e+00  5.69918716e-03\n  -4.75780063e-01 -1.81395376e+00]\n [ 8.28703470e-01  4.69559241e+00 -3.08396616e+00  9.11749967e-02\n   3.46903978e-02 -9.39726918e-01]\n [-1.31148116e+00 -3.08396616e+00  7.15558804e+00 -1.11361695e+00\n   4.63626718e-01  2.67345886e+00]\n [ 5.69918716e-03  9.11749967e-02 -1.11361695e+00  4.18543906e+00\n   1.07442466e-01 -3.65189866e-01]\n [-4.75780063e-01  3.46903978e-02  4.63626718e-01  1.07442466e-01\n   4.27847906e+00  3.18744641e-02]\n [-1.81395376e+00 -9.39726918e-01  2.67345886e+00 -3.65189866e-01\n   3.18744641e-02  4.99276785e+00]]", "nfev": "161", "njev": "23", "status": "0", "success": "True", "message": "Optimization terminated successfully.", "x": "[ 5.22515176  2.99985201  1.56753589  1.55984506  2.9877009  -0.99591571]", "nit": "19", "callback": [0.6980859587520112, 0.6838167742268169, 0.6020926467577791, 0.5436762048610349, 0.5172002411179978, 0.49245016304143163, 0.4682205998231369, 0.4660256710659074, 0.4641457046429014, 0.4637159056337714, 0.4635978905949144, 0.4635757456729048, 0.46356015584645915, 0.4635539420097612, 0.46355313923708164, 0.4635530596270161, 0.46355302234322726, 0.46355300093921825, 0.4635529976047621]}, "3": {"maxiter": 100, "gtol": 1e-05, "xrtol": 1e-10, "eps": 1e-10, "duration": 0.12578964233398438, "fun": "0.4635529976289252", "jac": "[-2.22044587e-06 -6.66133760e-06 -4.44089173e-06  0.00000000e+00\n  1.11022293e-06  3.33066880e-06]", "hess_inv": "[[ 5.46496637  0.95495532 -1.37508425 -0.02940182 -0.30951222 -1.70449526]\n [ 0.95495532  4.76318334 -3.15812729  0.12696155  0.14106438 -0.98134934]\n [-1.37508425 -3.15812729  7.22983028 -1.11421398  0.34470771  2.66863674]\n [-0.02940182  0.12696155 -1.11421398  4.16580172  0.14619195 -0.33909654]\n [-0.30951222  0.14106438  0.34470771  0.14619195  4.36022008 -0.06306837]\n [-1.70449526 -0.98134934  2.66863674 -0.33909654 -0.06306837  4.8790559 ]]", "nfev": "161", "njev": "23", "status": "0", "success": "True", "message": "Optimization terminated successfully.", "x": "[ 5.22514216  2.99985554  1.56754322  1.55984612  2.98770314 -0.99590274]", "nit": "19", "callback": [0.6980863489424214, 0.683816445050292, 0.6020731148939926, 0.5436758794075651, 0.5172053112542903, 0.4924402921982267, 0.4682305644127319, 0.4660308595481032, 0.46414999720675687, 0.4637166527007023, 0.4635979661416998, 0.46357580812420207, 0.46356016734203465, 0.46355394556794316, 0.46355314076771226, 0.46355306029999055, 0.4635530224358414, 0.4635530006077314, 0.4635529976289252]}, "4": {"maxiter": 100, "gtol": 1e-10, "xrtol": 1e-05, "eps": 1e-05, "duration": 0.17792725563049316, "fun": "0.46355299740644473", "jac": "[-1.68864922e-08 -8.35098657e-07  1.05071507e-07  1.08812959e-07\n -4.38427072e-07 -5.89528426e-08]", "hess_inv": "[[ 5.96077323  1.42560218 -1.64232574  0.0113773  -0.65304911 -2.31965493]\n [ 1.42560218  5.25496744 -3.34317097  0.12017652 -0.43461356 -1.68828168]\n [-1.64232574 -3.34317097  7.26324767 -1.13285526  0.75534485  3.0875887 ]\n [ 0.0113773   0.12017652 -1.13285526  4.18424146  0.11769448 -0.37267092]\n [-0.65304911 -0.43461356  0.75534485  0.11769448  4.22944162  0.25879564]\n [-2.31965493 -1.68828168  3.0875887  -0.37267092  0.25879564  5.63113285]]", "nfev": "168", "njev": "24", "status": "0", "success": "True", "message": "Optimization terminated successfully.", "x": "[ 5.22517521  2.99989015  1.56751425  1.5598452   2.98769251 -0.99594536]", "nit": "20", "callback": [0.6980859587520112, 0.6838167742268169, 0.6020926467577791, 0.5436762048610349, 0.5172002411179978, 0.49245016304143163, 0.4682205998231369, 0.4660256710659074, 0.4641457046429014, 0.4637159056337714, 0.4635978905949144, 0.4635757456729048, 0.46356015584645915, 0.4635539420097612, 0.46355313923708164, 0.4635530596270161, 0.46355302234322726, 0.46355300093921825, 0.4635529976047621, 0.46355299740644473]}, "5": {"maxiter": 100, "gtol": 1e-10, "xrtol": 1e-05, "eps": 1e-10, "duration": 0.13538265228271484, "fun": "0.46355299743565936", "jac": "[-2.22044587e-06  0.00000000e+00  2.22044587e-06 -2.22044587e-06\n -2.22044587e-06  2.22044587e-06]", "hess_inv": "[[ 5.85241207  1.36367792 -1.38621968 -0.0823633  -0.59004388 -2.12416269]\n [ 1.36367792  5.15553892 -3.16186248  0.0786431  -0.27060033 -1.48246506]\n [-1.38621968 -3.16186248  7.22849652 -1.11425062  0.37665912  2.69275371]\n [-0.0823633   0.0786431  -1.11425062  4.171572    0.2070552  -0.2703677 ]\n [-0.59004388 -0.27060033  0.37665912  0.2070552   4.21827412  0.06665582]\n [-2.12416269 -1.48246506  2.69275371 -0.2703677   0.06665582  5.24574608]]", "nfev": "168", "njev": "24", "status": "0", "success": "True", "message": "Optimization terminated successfully.", "x": "[ 5.22516581  2.9998841   1.5675418   1.55984218  2.98769679 -0.99592292]", "nit": "20", "callback": [0.6980863489424214, 0.683816445050292, 0.6020731148939926, 0.5436758794075651, 0.5172053112542903, 0.4924402921982267, 0.4682305644127319, 0.4660308595481032, 0.46414999720675687, 0.4637166527007023, 0.4635979661416998, 0.46357580812420207, 0.46356016734203465, 0.46355394556794316, 0.46355314076771226, 0.46355306029999055, 0.4635530224358414, 0.4635530006077314, 0.4635529976289252, 0.46355299743565936]}, "6": {"maxiter": 100, "gtol": 1e-10, "xrtol": 1e-10, "eps": 1e-05, "duration": 0.15006279945373535, "fun": "0.4635529974002204", "jac": "[ 0.00000000e+00  4.44089210e-11  3.33066907e-11  3.33066907e-11\n  2.22044605e-11 -1.11022302e-11]", "hess_inv": "[[ 5.96514076e+00  1.56484252e+00 -1.74076012e+00  1.82607900e-03\n  -5.71441565e-01 -2.32563597e+00]\n [ 1.56484252e+00  5.97575739e+00 -3.83016862e+00  7.74881372e-02\n  -1.56710130e-01 -1.84675716e+00]\n [-1.74076012e+00 -3.83016862e+00  7.59153265e+00 -1.10413616e+00\n   5.72706291e-01  3.19910525e+00]\n [ 1.82607900e-03  7.74881372e-02 -1.10413616e+00  4.18687859e+00\n   1.02458589e-01 -3.62318191e-01]\n [-5.71441565e-01 -1.56710130e-01  5.72706291e-01  1.02458589e-01\n   4.30280558e+00  1.68126832e-01]\n [-2.32563597e+00 -1.84675716e+00  3.19910525e+00 -3.62318191e-01\n   1.68126832e-01  5.64016513e+00]]", "nfev": "189", "njev": "27", "status": "0", "success": "True", "message": "Optimization terminated successfully.", "x": "[ 5.22517645  2.99989545  1.56751075  1.55984495  2.98769418 -0.99594689]", "nit": "23", "callback": [0.6980859587520112, 0.6838167742268169, 0.6020926467577791, 0.5436762048610349, 0.5172002411179978, 0.49245016304143163, 0.4682205998231369, 0.4660256710659074, 0.4641457046429014, 0.4637159056337714, 0.4635978905949144, 0.4635757456729048, 0.46356015584645915, 0.4635539420097612, 0.46355313923708164, 0.4635530596270161, 0.46355302234322726, 0.46355300093921825, 0.4635529976047621, 0.46355299740644473, 0.4635529974005549, 0.46355299740022826, 0.4635529974002204]}, "7": {"maxiter": 100, "gtol": 1e-10, "xrtol": 1e-10, "eps": 1e-10, "duration": 0.283266544342041, "fun": "0.4635529973866571", "jac": "[0.00000000e+00 2.22044587e-06 1.11022293e-06 0.00000000e+00\n 0.00000000e+00 0.00000000e+00]", "hess_inv": "[[ 4.20136967 -0.44607964 -0.51123756 -2.25431642  0.11666207 -3.72315109]\n [-0.44607964  4.7308669  -3.69306638  2.59451898 -3.32909544 -0.0588578 ]\n [-0.51123756 -3.69306638  3.87928604 -2.87241649  2.9983863   1.19020291]\n [-2.25431642  2.59451898 -2.87241649  6.31100869 -2.70522018  3.16229255]\n [ 0.11666207 -3.32909544  2.9983863  -2.70522018  3.56117839 -0.03842636]\n [-3.72315109 -0.0588578   1.19020291  3.16229255 -0.03842636  5.48454824]]", "nfev": "294", "njev": "42", "status": "2", "success": "False", "message": "Desired error not necessarily achieved due to precision loss.", "x": "[ 5.2251815   2.99990078  1.56751646  1.55984708  2.98770009 -0.99594141]", "nit": "27", "callback": [0.6980863489424214, 0.683816445050292, 0.6020731148939926, 0.5436758794075651, 0.5172053112542903, 0.4924402921982267, 0.4682305644127319, 0.4660308595481032, 0.46414999720675687, 0.4637166527007023, 0.4635979661416998, 0.46357580812420207, 0.46356016734203465, 0.46355394556794316, 0.46355314076771226, 0.46355306029999055, 0.4635530224358414, 0.4635530006077314, 0.4635529976289252, 0.46355299743565936, 0.46355299740579015, 0.46355299739868316, 0.46355299739766975, 0.4635529973927941, 0.46355299738791744, 0.4635529973866571, 0.4635529973866571]}, "8": {"maxiter": 500, "gtol": 1e-05, "xrtol": 1e-05, "eps": 1e-05, "duration": 0.13119101524353027, "fun": "0.4635529976047621", "jac": "[-1.25448540e-06 -7.06738001e-06 -2.34879893e-06 -1.53699276e-07\n  1.25064403e-06  3.84885457e-06]", "hess_inv": "[[ 5.56021389e+00  8.28703470e-01 -1.31148116e+00  5.69918716e-03\n  -4.75780063e-01 -1.81395376e+00]\n [ 8.28703470e-01  4.69559241e+00 -3.08396616e+00  9.11749967e-02\n   3.46903978e-02 -9.39726918e-01]\n [-1.31148116e+00 -3.08396616e+00  7.15558804e+00 -1.11361695e+00\n   4.63626718e-01  2.67345886e+00]\n [ 5.69918716e-03  9.11749967e-02 -1.11361695e+00  4.18543906e+00\n   1.07442466e-01 -3.65189866e-01]\n [-4.75780063e-01  3.46903978e-02  4.63626718e-01  1.07442466e-01\n   4.27847906e+00  3.18744641e-02]\n [-1.81395376e+00 -9.39726918e-01  2.67345886e+00 -3.65189866e-01\n   3.18744641e-02  4.99276785e+00]]", "nfev": "161", "njev": "23", "status": "0", "success": "True", "message": "Optimization terminated successfully.", "x": "[ 5.22515176  2.99985201  1.56753589  1.55984506  2.9877009  -0.99591571]", "nit": "19", "callback": [0.6980859587520112, 0.6838167742268169, 0.6020926467577791, 0.5436762048610349, 0.5172002411179978, 0.49245016304143163, 0.4682205998231369, 0.4660256710659074, 0.4641457046429014, 0.4637159056337714, 0.4635978905949144, 0.4635757456729048, 0.46356015584645915, 0.4635539420097612, 0.46355313923708164, 0.4635530596270161, 0.46355302234322726, 0.46355300093921825, 0.4635529976047621]}, "9": {"maxiter": 500, "gtol": 1e-05, "xrtol": 1e-05, "eps": 1e-10, "duration": 0.15847992897033691, "fun": "0.4635529976289252", "jac": "[-2.22044587e-06 -6.66133760e-06 -4.44089173e-06  0.00000000e+00\n  1.11022293e-06  3.33066880e-06]", "hess_inv": "[[ 5.46496637  0.95495532 -1.37508425 -0.02940182 -0.30951222 -1.70449526]\n [ 0.95495532  4.76318334 -3.15812729  0.12696155  0.14106438 -0.98134934]\n [-1.37508425 -3.15812729  7.22983028 -1.11421398  0.34470771  2.66863674]\n [-0.02940182  0.12696155 -1.11421398  4.16580172  0.14619195 -0.33909654]\n [-0.30951222  0.14106438  0.34470771  0.14619195  4.36022008 -0.06306837]\n [-1.70449526 -0.98134934  2.66863674 -0.33909654 -0.06306837  4.8790559 ]]", "nfev": "161", "njev": "23", "status": "0", "success": "True", "message": "Optimization terminated successfully.", "x": "[ 5.22514216  2.99985554  1.56754322  1.55984612  2.98770314 -0.99590274]", "nit": "19", "callback": [0.6980863489424214, 0.683816445050292, 0.6020731148939926, 0.5436758794075651, 0.5172053112542903, 0.4924402921982267, 0.4682305644127319, 0.4660308595481032, 0.46414999720675687, 0.4637166527007023, 0.4635979661416998, 0.46357580812420207, 0.46356016734203465, 0.46355394556794316, 0.46355314076771226, 0.46355306029999055, 0.4635530224358414, 0.4635530006077314, 0.4635529976289252]}, "10": {"maxiter": 500, "gtol": 1e-05, "xrtol": 1e-10, "eps": 1e-05, "duration": 0.15333938598632812, "fun": "0.4635529976047621", "jac": "[-1.25448540e-06 -7.06738001e-06 -2.34879893e-06 -1.53699276e-07\n  1.25064403e-06  3.84885457e-06]", "hess_inv": "[[ 5.56021389e+00  8.28703470e-01 -1.31148116e+00  5.69918716e-03\n  -4.75780063e-01 -1.81395376e+00]\n [ 8.28703470e-01  4.69559241e+00 -3.08396616e+00  9.11749967e-02\n   3.46903978e-02 -9.39726918e-01]\n [-1.31148116e+00 -3.08396616e+00  7.15558804e+00 -1.11361695e+00\n   4.63626718e-01  2.67345886e+00]\n [ 5.69918716e-03  9.11749967e-02 -1.11361695e+00  4.18543906e+00\n   1.07442466e-01 -3.65189866e-01]\n [-4.75780063e-01  3.46903978e-02  4.63626718e-01  1.07442466e-01\n   4.27847906e+00  3.18744641e-02]\n [-1.81395376e+00 -9.39726918e-01  2.67345886e+00 -3.65189866e-01\n   3.18744641e-02  4.99276785e+00]]", "nfev": "161", "njev": "23", "status": 