{"date": "2024/10/25/, 22:02:32", "conf_id": 29, "data_type": "random\n", "num_data_points": 2, "s_rank": 0, "unitary": "[[-0.24866696+0.58742286j,-0.44704345-0.43151574j,-0.35669027-0.20570733j,-0.10517633+0.1626036j],[0.10596805-0.19687975j,-0.30269685-0.15056416j,0.18246286+0.30440582j,-0.83484447-0.11310748j],[0.26054512-0.52548482j,0.0285017-0.50723956j,-0.43110112+0.17165838j,0.15243271+0.39915801j],[0.42978035+0.11991271j,-0.17224126-0.46030424j,0.6827807-0.15164662j,0.26483638+0.0061855j]]", "databatch_0": {"databatch": "[[[0.06621507-0.17891075j,0.01002237-0.02748951j,0.04498151-0.00305015j,-0.01166769-0.0968063j],[-0.2486384+0.67273031j,-0.01033233+0.1390138j,-0.1499171-0.02749768j,0.06387079+0.40707889j],[0.17861093+0.18060205j,-0.00914861+0.07266497j,0.03328978+0.06841132j,0.07501052+0.0783763j],[-0.02078083+0.16423466j,-0.05826693-0.17434476j,-0.18683896+0.14523209j,0.01853125-0.13923474j]],[[-0.07384579-0.03203949j,-0.24369597+0.0961282j,0.30072282+0.2981178j,0.04047496+0.09338703j],[-0.07108637+0.09320717j,-0.05219237+0.27686544j,0.38808347-0.09640143j,-0.04054691-0.0512136j],[0.03481192-0.01037106j,-0.08688432-0.06527719j,-0.0632813+0.22358243j,-0.16161798+0.13110296j],[-0.0533935+0.01801996j,-0.02305813+0.27301546j,0.46598273-0.13455987j,0.21048993+0.09852648j]]]", "initial param values": "[3.72299766,3.90701198,1.78368661,0.28461202,1.15767073,0.21376244]", "nelder_mead": {"type": "gradient-free", "0": {"maxiter": 100, "fatol": 1e-05, "xatol": 1e-05, "duration": 0.11835885047912598, "fun": "0.43329265978009535", "nit": "100", "nfev": "150", "status": "2", "success": "False", "message": "Maximum number of iterations has been exceeded.", "x": "[ 6.4928879  -1.72631718  0.52542091  0.73825668  4.66584414  0.06166539]", "final_simplex": "(array([[ 6.4928879 , -1.72631718,  0.52542091,  0.73825668,  4.66584414,\n         0.06166539],\n       [ 6.42185622, -1.62212725,  0.4918219 ,  0.77459804,  4.74064103,\n         0.06085193],\n       [ 6.80798151, -1.41159856,  0.49116478,  0.73621598,  4.68280195,\n         0.06446345],\n       [ 6.94536767, -1.46758444,  0.5811714 ,  0.69755397,  4.51342586,\n         0.07625241],\n       [ 6.65312548, -1.37083841,  0.68187139,  0.68381599,  4.38763514,\n         0.08353146],\n       [ 6.73185943, -1.21391011,  0.5795875 ,  0.72218539,  4.58046797,\n         0.06626343],\n       [ 6.74448707, -1.23532579,  0.67779787,  0.64430249,  4.16635731,\n         0.0944564 ]]), array([0.43329266, 0.43813563, 0.43961001, 0.44025119, 0.44158072,\n       0.44423674, 0.45190489]))", "callback": [0.910375135519076, 0.8341446611309197, 0.8159490322100797, 0.777834639341911, 0.7318514697859078, 0.688484760684145, 0.6586290549382262, 0.6355616211451247, 0.5255291612442334, 0.4442367393271134]}, "1": {"maxiter": 100, "fatol": 1e-05, "xatol": 1e-10, "duration": 0.11584615707397461, "fun": "0.43329265978009535", "nit": "100", "nfev": "150", "status": "2", "success": "False", "message": "Maximum number of iterations has been exceeded.", "x": "[ 6.4928879  -1.72631718  0.52542091  0.73825668  4.66584414  0.06166539]", "final_simplex": "(array([[ 6.4928879 , -1.72631718,  0.52542091,  0.73825668,  4.66584414,\n         0.06166539],\n       [ 6.42185622, -1.62212725,  0.4918219 ,  0.77459804,  4.74064103,\n         0.06085193],\n       [ 6.80798151, -1.41159856,  0.49116478,  0.73621598,  4.68280195,\n         0.06446345],\n       [ 6.94536767, -1.46758444,  0.5811714 ,  0.69755397,  4.51342586,\n         0.07625241],\n       [ 6.65312548, -1.37083841,  0.68187139,  0.68381599,  4.38763514,\n         0.08353146],\n       [ 6.73185943, -1.21391011,  0.5795875 ,  0.72218539,  4.58046797,\n         0.06626343],\n       [ 6.74448707, -1.23532579,  0.67779787,  0.64430249,  4.16635731,\n         0.0944564 ]]), array([0.43329266, 0.43813563, 0.43961001, 0.44025119, 0.44158072,\n       0.44423674, 0.45190489]))", "callback": [0.910375135519076, 0.8341446611309197, 0.8159490322100797, 0.777834639341911, 0.7318514697859078, 0.688484760684145, 0.6586290549382262, 0.6355616211451247, 0.5255291612442334, 0.4442367393271134]}, "2": {"maxiter": 100, "fatol": 1e-10, "xatol": 1e-05, "duration": 0.11642646789550781, "fun": "0.43329265978009535", "nit": "100", "nfev": "150", "status": "2", "success": "False", "message": "Maximum number of iterations has been exceeded.", "x": "[ 6.4928879  -1.72631718  0.52542091  0.73825668  4.66584414  0.06166539]", "final_simplex": "(array([[ 6.4928879 , -1.72631718,  0.52542091,  0.73825668,  4.66584414,\n         0.06166539],\n       [ 6.42185622, -1.62212725,  0.4918219 ,  0.77459804,  4.74064103,\n         0.06085193],\n       [ 6.80798151, -1.41159856,  0.49116478,  0.73621598,  4.68280195,\n         0.06446345],\n       [ 6.94536767, -1.46758444,  0.5811714 ,  0.69755397,  4.51342586,\n         0.07625241],\n       [ 6.65312548, -1.37083841,  0.68187139,  0.68381599,  4.38763514,\n         0.08353146],\n       [ 6.73185943, -1.21391011,  0.5795875 ,  0.72218539,  4.58046797,\n         0.06626343],\n       [ 6.74448707, -1.23532579,  0.67779787,  0.64430249,  4.16635731,\n         0.0944564 ]]), array([0.43329266, 0.43813563, 0.43961001, 0.44025119, 0.44158072,\n       0.44423674, 0.45190489]))", "callback": [0.910375135519076, 0.8341446611309197, 0.8159490322100797, 0.777834639341911, 0.7318514697859078, 0.688484760684145, 0.6586290549382262, 0.6355616211451247, 0.5255291612442334, 0.4442367393271134]}, "3": {"maxiter": 100, "fatol": 1e-10, "xatol": 1e-10, "duration": 0.1728377342224121, "fun": "0.43329265978009535", "nit": "100", "nfev": "150", "status": "2", "success": "False", "message": "Maximum number of iterations has been exceeded.", "x": "[ 6.4928879  -1.72631718  0.52542091  0.73825668  4.66584414  0.06166539]", "final_simplex": "(array([[ 6.4928879 , -1.72631718,  0.52542091,  0.73825668,  4.66584414,\n         0.06166539],\n       [ 6.42185622, -1.62212725,  0.4918219 ,  0.77459804,  4.74064103,\n         0.06085193],\n       [ 6.80798151, -1.41159856,  0.49116478,  0.73621598,  4.68280195,\n         0.06446345],\n       [ 6.94536767, -1.46758444,  0.5811714 ,  0.69755397,  4.51342586,\n         0.07625241],\n       [ 6.65312548, -1.37083841,  0.68187139,  0.68381599,  4.38763514,\n         0.08353146],\n       [ 6.73185943, -1.21391011,  0.5795875 ,  0.72218539,  4.58046797,\n         0.06626343],\n       [ 6.74448707, -1.23532579,  0.67779787,  0.64430249,  4.16635731,\n         0.0944564 ]]), array([0.43329266, 0.43813563, 0.43961001, 0.44025119, 0.44158072,\n       0.44423674, 0.45190489]))", "callback": [0.910375135519076, 0.8341446611309197, 0.8159490322100797, 0.777834639341911, 0.7318514697859078, 0.688484760684145, 0.6586290549382262, 0.6355616211451247, 0.5255291612442334, 0.4442367393271134]}, "4": {"maxiter": 500, "fatol": 1e-05, "xatol": 1e-05, "duration": 0.7854981422424316, "fun": "0.3585084364358032", "nit": "500", "nfev": "773", "status": "2", "success": "False", "message": "Maximum number of iterations has been exceeded.", "x": "[ 6.98484579 -0.45484803 -0.87326701  0.82762165  3.97529211  0.12495976]", "final_simplex": "(array([[ 6.98484579, -0.45484803, -0.87326701,  0.82762165,  3.97529211,\n         0.12495976],\n       [ 6.98423513, -0.45823192, -0.87205205,  0.83075575,  3.97556417,\n         0.12515324],\n       [ 6.99171414, -0.45496262, -0.87547044,  0.82922205,  3.97276867,\n         0.12778487],\n       [ 6.98766389, -0.45643504, -0.87530265,  0.82946722,  3.9733949 ,\n         0.12736832],\n       [ 6.9900113 , -0.45412926, -0.87568559,  0.82882566,  3.97661251,\n         0.12788681],\n       [ 6.99348545, -0.45492422, -0.87236026,  0.82960056,  3.97532885,\n         0.12902508],\n       [ 6.99085875, -0.46148078, -0.87183997,  0.82946168,  3.97115263,\n         0.12902995]]), array([0.35850844, 0.35851465, 0.35855602, 0.35856562, 0.35856774,\n       0.35858807, 0.35860446]))", "callback": [0.910375135519076, 0.8341446611309197, 0.8159490322100797, 0.777834639341911, 0.7318514697859078, 0.688484760684145, 0.6586290549382262, 0.6355616211451247, 0.5255291612442334, 0.4442367393271134, 0.4297920215985901, 0.42642858500811265, 0.42478235704507505, 0.42465358875498593, 0.42439162515684015, 0.4236477234329393, 0.42191740205709916, 0.4160152218054425, 0.38368640002827636, 0.3708252913552581, 0.36613191898086994, 0.3656031040212262, 0.36514102616456523, 0.3650011511286022, 0.36490973162293106, 0.36488131938669033, 0.36483972224823935, 0.3646851802327653, 0.36403857145646423, 0.3627711398294511, 0.36242812485607745, 0.36079746617446706, 0.3592531542265893, 0.35876158501050015, 0.3587552372965571, 0.3587120997327846, 0.3587094032304857, 0.3587081055831749, 0.3587075429029011, 0.35870721168026887, 0.3587071132142312, 0.3587068809783013, 0.3587067526913197, 0.3587066676473589, 0.3587065474741884, 0.3587061817904993, 0.35870535026987327, 0.35870054618072333, 0.3586822958618303, 0.35862072569679926]}, "5": {"maxiter": 500, "fatol": 1e-05, "xatol": 1e-10, "duration": 0.6530349254608154, "fun": "0.3585084364358032", "nit": "500", "nfev": "773", "status": "2", "success": "False", "message": "Maximum number of iterations has been exceeded.", "x": "[ 6.98484579 -0.45484803 -0.87326701  0.82762165  3.97529211  0.12495976]", "final_simplex": "(array([[ 6.98484579, -0.45484803, -0.87326701,  0.82762165,  3.97529211,\n         0.12495976],\n       [ 6.98423513, -0.45823192, -0.87205205,  0.83075575,  3.97556417,\n         0.12515324],\n       [ 6.99171414, -0.45496262, -0.87547044,  0.82922205,  3.97276867,\n         0.12778487],\n       [ 6.98766389, -0.45643504, -0.87530265,  0.82946722,  3.9733949 ,\n         0.12736832],\n       [ 6.9900113 , -0.45412926, -0.87568559,  0.82882566,  3.97661251,\n         0.12788681],\n       [ 6.99348545, -0.45492422, -0.87236026,  0.82960056,  3.97532885,\n         0.12902508],\n       [ 6.99085875, -0.46148078, -0.87183997,  0.82946168,  3.97115263,\n         0.12902995]]), array([0.35850844, 0.35851465, 0.35855602, 0.35856562, 0.35856774,\n       0.35858807, 0.35860446]))", "callback": [0.910375135519076, 0.8341446611309197, 0.8159490322100797, 0.777834639341911, 0.7318514697859078, 0.688484760684145, 0.6586290549382262, 0.6355616211451247, 0.5255291612442334, 0.4442367393271134, 0.4297920215985901, 0.42642858500811265, 0.42478235704507505, 0.42465358875498593, 0.42439162515684015, 0.4236477234329393, 0.42191740205709916, 0.4160152218054425, 0.38368640002827636, 0.3708252913552581, 0.36613191898086994, 0.3656031040212262, 0.36514102616456523, 0.3650011511286022, 0.36490973162293106, 0.36488131938669033, 0.36483972224823935, 0.3646851802327653, 0.36403857145646423, 0.3627711398294511, 0.36242812485607745, 0.36079746617446706, 0.3592531542265893, 0.35876158501050015, 0.3587552372965571, 0.3587120997327846, 0.3587094032304857, 0.3587081055831749, 0.3587075429029011, 0.35870721168026887, 0.3587071132142312, 0.3587068809783013, 0.3587067526913197, 0.3587066676473589, 0.3587065474741884, 0.3587061817904993, 0.35870535026987327, 0.35870054618072333, 0.3586822958618303, 0.35862072569679926]}, "6": {"maxiter": 500, "fatol": 1e-10, "xatol": 1e-05, "duration": 0.6583166122436523, "fun": "0.3585084364358032", "nit": "500", "nfev": "773", "status": "2", "success": "False", "message": "Maximum number of iterations has been exceeded.", "x": "[ 6.98484579 -0.45484803 -0.87326701  0.82762165  3.97529211  0.12495976]", "final_simplex": "(array([[ 6.98484579, -0.45484803, -0.87326701,  0.82762165,  3.97529211,\n         0.12495976],\n       [ 6.98423513, -0.45823192, -0.87205205,  0.83075575,  3.97556417,\n         0.12515324],\n       [ 6.99171414, -0.45496262, -0.87547044,  0.82922205,  3.97276867,\n         0.12778487],\n       [ 6.98766389, -0.45643504, -0.87530265,  0.82946722,  3.9733949 ,\n         0.12736832],\n       [ 6.9900113 , -0.45412926, -0.87568559,  0.82882566,  3.97661251,\n         0.12788681],\n       [ 6.99348545, -0.45492422, -0.87236026,  0.82960056,  3.97532885,\n         0.12902508],\n       [ 6.99085875, -0.46148078, -0.87183997,  0.82946168,  3.97115263,\n         0.12902995]]), array([0.35850844, 0.35851465, 0.35855602, 0.35856562, 0.35856774,\n       0.35858807, 0.35860446]))", "callback": [0.910375135519076, 0.8341446611309197, 0.8159490322100797, 0.777834639341911, 0.7318514697859078, 0.688484760684145, 0.6586290549382262, 0.6355616211451247, 0.5255291612442334, 0.4442367393271134, 0.4297920215985901, 0.42642858500811265, 0.42478235704507505, 0.42465358875498593, 0.42439162515684015, 0.4236477234329393, 0.42191740205709916, 0.4160152218054425, 0.38368640002827636, 0.3708252913552581, 0.36613191898086994, 0.3656031040212262, 0.36514102616456523, 0.3650011511286022, 0.36490973162293106, 0.36488131938669033, 0.36483972224823935, 0.3646851802327653, 0.36403857145646423, 0.3627711398294511, 0.36242812485607745, 0.36079746617446706, 0.3592531542265893, 0.35876158501050015, 0.3587552372965571, 0.3587120997327846, 0.3587094032304857, 0.3587081055831749, 0.3587075429029011, 0.35870721168026887, 0.3587071132142312, 0.3587068809783013, 0.3587067526913197, 0.3587066676473589, 0.3587065474741884, 0.3587061817904993, 0.35870535026987327, 0.35870054618072333, 0.3586822958618303, 0.35862072569679926]}, "7": {"maxiter": 500, "fatol": 1e-10, "xatol": 1e-10, "duration": 0.6526598930358887, "fun": "0.3585084364358032", "nit": "500", "nfev": "773", "status": "2", "success": "False", "message": "Maximum number of iterations has been exceeded.", "x": "[ 6.98484579 -0.45484803 -0.87326701  0.82762165  3.97529211  0.12495976]", "final_simplex": "(array([[ 6.98484579, -0.45484803, -0.87326701,  0.82762165,  3.97529211,\n         0.12495976],\n       [ 6.98423513, -0.45823192, -0.87205205,  0.83075575,  3.97556417,\n         0.12515324],\n       [ 6.99171414, -0.45496262, -0.87547044,  0.82922205,  3.97276867,\n         0.12778487],\n       [ 6.98766389, -0.45643504, -0.87530265,  0.82946722,  3.9733949 ,\n         0.12736832],\n       [ 6.9900113 , -0.45412926, -0.87568559,  0.82882566,  3.97661251,\n         0.12788681],\n       [ 6.99348545, -0.45492422, -0.87236026,  0.82960056,  3.97532885,\n         0.12902508],\n       [ 6.99085875, -0.46148078, -0.87183997,  0.82946168,  3.97115263,\n         0.12902995]]), array([0.35850844, 0.35851465, 0.35855602, 0.35856562, 0.35856774,\n       0.35858807, 0.35860446]))", "callback": [0.910375135519076, 0.8341446611309197, 0.8159490322100797, 0.777834639341911, 0.7318514697859078, 0.688484760684145, 0.6586290549382262, 0.6355616211451247, 0.5255291612442334, 0.4442367393271134, 0.4297920215985901, 0.42642858500811265, 0.42478235704507505, 0.42465358875498593, 0.42439162515684015, 0.4236477234329393, 0.42191740205709916, 0.4160152218054425, 0.38368640002827636, 0.3708252913552581, 0.36613191898086994, 0.3656031040212262, 0.36514102616456523, 0.3650011511286022, 0.36490973162293106, 0.36488131938669033, 0.36483972224823935, 0.3646851802327653, 0.36403857145646423, 0.3627711398294511, 0.36242812485607745, 0.36079746617446706, 0.3592531542265893, 0.35876158501050015, 0.3587552372965571, 0.3587120997327846, 0.3587094032304857, 0.3587081055831749, 0.3587075429029011, 0.35870721168026887, 0.3587071132142312, 0.3587068809783013, 0.3587067526913197, 0.3587066676473589, 0.3587065474741884, 0.3587061817904993, 0.35870535026987327, 0.35870054618072333, 0.3586822958618303, 0.35862072569679926]}, "8": {"maxiter": 1000, "fatol": 1e-05, "xatol": 1e-05, "duration": 1.0843374729156494, "fun": "0.2663499693338569", "nit": "921", "nfev": "1418", "status": "0", "success": "True", "message": "Optimization terminated successfully.", "x": "[ 7.16604193 -1.01453506  0.96046633  1.92227734  4.78425673 -1.32762288]", "final_simplex": "(array([[ 7.16604193, -1.01453506,  0.96046633,  1.92227734,  4.78425673,\n        -1.32762288],\n       [ 7.16604465, -1.01452626,  0.96046197,  1.92227058,  4.78425938,\n        -1.32762726],\n       [ 7.1660445 , -1.01452651,  0.96045806,  1.92226967,  4.78425858,\n        -1.32762334],\n       [ 7.16604228, -1.01452863,  0.96046038,  1.92227123,  4.78425794,\n        -1.32761975],\n       [ 7.16604793, -1.0145334 ,  0.96046281,  1.92227209,  4.78425888,\n        -1.32761893],\n       [ 7.16604153, -1.01453978,  0.96046339,  1.92227288,  4.78425835,\n        -1.32761767],\n       [ 7.16604333, -1.01453767,  0.96046643,  1.92227408,  4.78425086,\n        -1.32762427]]), array([0.26634997, 0.26634997, 0.26634997, 0.26634997, 0.26634997,\n       0.26634997, 0.26634997]))", "callback": [0.910375135519076, 0.8341446611309197, 0.8159490322100797, 0.777834639341911, 0.7318514697859078, 0.688484760684145, 0.6586290549382262, 0.6355616211451247, 0.5255291612442334, 0.4442367393271134, 0.4297920215985901, 0.42642858500811265, 0.42478235704507505, 0.42465358875498593, 0.42439162515684015, 0.4236477234329393, 0.42191740205709916, 0.4160152218054425, 0.38368640002827636, 0.3708252913552581, 0.36613191898086994, 0.3656031040212262, 0.36514102616456523, 0.3650011511286022, 0.36490973162293106, 0.36488131938669033, 0.36483972224823935, 0.3646851802327653, 0.36403857145646423, 0.3627711398294511, 0.36242812485607745, 0.36079746617446706, 0.3592531542265893, 0.35876158501050015, 0.3587552372965571, 0.3587120997327846, 0.3587094032304857, 0.3587081055831749, 0.3587075429029011, 0.35870721168026887, 0.3587071132142312, 0.3587068809783013, 0.3587067526913197, 0.3587066676473589, 0.3587065474741884, 0.3587061817904993, 0.35870535026987327, 0.35870054618072333, 0.3586822958618303, 0.35862072569679926, 0.35844698982897794, 0.35807739437904285, 0.35792413587062644, 0.357428729586582, 0.35688695560197137, 0.3556821434819283, 0.3547909334606737, 0.3540956593550073, 0.35206961266008097, 0.3427841513542851, 0.29698520454768507, 0.2835293359605694, 0.27866874676440856, 0.2764792547439596, 0.2734414502374627, 0.2723199196566255, 0.2715493437432728, 0.2711461807542238, 0.2708551683586984, 0.2705327172438059, 0.2704610670257037, 0.2704142416039802, 0.2702688963624048, 0.27018535051059367, 0.27010086693159485, 0.26988387911429745, 0.26905932660166576, 0.26777231295004456, 0.26652890347541347, 0.26646573705023, 0.26637279067662356, 0.2663594604448538, 0.2663513378657525, 0.26635030341226407, 0.26635004670267826, 0.2663499783264597, 0.26634997324201604, 0.2663499699864337, 0.26634996950748147, 0.266349969396356, 0.26634996935682476, 0.2663499693421678, 0.2663499693338569]}, "9": {"maxiter": 1000, "fatol": 1e-05, "xatol": 1e-10, "duration": 1.3054358959197998, "fun": "0.26634996933069266", "nit": "1000", "nfev": "1545", "status": "2", "success": "False", "message": "Maximum number of iterations has been exceeded.", "x": "[ 7.1660425  -1.01453193  0.9604667   1.92227553  4.7842591  -1.3276274 ]", "final_simplex": "(array([[ 7.1660425 , -1.01453193,  0.9604667 ,  1.92227553,  4.7842591 ,\n        -1.3276274 ],\n       [ 7.16604256, -1.01453199,  0.96046713,  1.92227566,  4.78425926,\n        -1.32762768],\n       [ 7.16604223, -1.01453199,  0.96046695,  1.92227566,  4.78425912,\n        -1.32762746],\n       [ 7.16604238, -1.01453227,  0.96046679,  1.9222757 ,  4.78425906,\n        -1.32762725],\n       [ 7.16604251, -1.01453223,  0.96046708,  1.92227589,  4.78425889,\n        -1.32762762],\n       [ 7.16604225, -1.0145321 ,  0.9604667 ,  1.92227567,  4.78425905,\n        -1.32762755],\n       [ 7.16604234, -1.01453191,  0.96046662,  1.92227569,  4.78425911,\n        -1.32762744]]), array([0.26634997, 0.26634997, 0.26634997, 0.26634997, 0.26634997,\n       0.26634997, 0.26634997]))", "callback": [0.910375135519076, 0.8341446611309197, 0.8159490322100797, 0.777834639341911, 0.7318514697859078, 0.688484760684145, 0.6586290549382262, 0.6355616211451247, 0.5255291612442334, 0.4442367393271134, 0.4297920215985901, 0.42642858500811265, 0.42478235704507505, 0.42465358875498593, 0.42439162515684015, 0.4236477234329393, 0.42191740205709916, 0.4160152218054425, 0.38368640002827636, 0.3708252913552581, 0.36613191898086994, 0.3656031040212262, 0.36514102616456523, 0.3650011511286022, 0.36490973162293106, 0.36488131938669033, 0.36483972224823935, 0.3646851802327653, 0.36403857145646423, 0.3627711398294511, 0.36242812485607745, 0.36079746617446706, 0.3592531542265893, 0.35876158501050015, 0.3587552372965571, 0.3587120997327846, 0.3587094032304857, 0.3587081055831749, 0.3587075429029011, 0.35870721168026887, 0.3587071132142312, 0.3587068809783013, 0.3587067526913197, 0.3587066676473589, 0.3587065474741884, 0.3587061817904993, 0.35870535026987327, 0.35870054618072333, 0.3586822958618303, 0.35862072569679926, 0.35844698982897794, 0.35807739437904285, 0.35792413587062644, 0.357428729586582, 0.35688695560197137, 0.3556821434819283, 0.3547909334606737, 0.3540956593550073, 0.35206961266008097, 0.3427841513542851, 0.29698520454768507, 0.2835293359605694, 0.27866874676440856, 0.2764792547439596, 0.2734414502374627, 0.2723199196566255, 0.2715493437432728, 0.2711461807542238, 0.2708551683586984, 0.2705327172438059, 0.2704610670257037, 0.2704142416039802, 0.2702688963624048, 0.27018535051059367, 0.27010086693159485, 0.26988387911429745, 0.26905932660166576, 0.26777231295004456, 0.26652890347541347, 0.26646573705023, 0.26637279067662356, 0.2663594604448538, 0.2663513378657525, 0.26635030341226407, 0.26635004670267826, 0.2663499783264597, 0.26634997324201604, 0.2663499699864337, 0.26634996950748147, 0.266349969396356, 0.26634996935682476, 0.2663499693421678, 0.2663499693338569, 0.26634996933145305, 0.26634996933097344, 0.26634996933079713, 0.2663499693307827, 0.2663499693307647, 0.26634996933075017, 0.26634996933071664]}, "10": {"maxiter": 1000, "fatol": 1e-10, "xatol": 1e-05, "duration": 1.088484764099121, "fun": "0.2663499693338569", "nit": "921", "nfev": "1418", "status": "0", "success": "True", "message": "Optimization terminated successfully.", "x": "[ 7.16604193 -1.01453506  0.96046633  1.92227734  4.78425673 -1.32762288]", "final_simplex": "(array([[ 7.16604193, -1.01453506,  0.96046633,  1.92227734,  4.78425673,\n        -1.32762288],\n       [ 7.16604465, -1.01452626,  0.96046197,  1.92227058,  4.78425938,\n        -1.32762726],\n       [ 7.1660445 , -1.01452651,  0.96045806,  1.92226967,  4.78425858,\n        -1.32762334],\n       [ 7.16604228, -1.01452863,  0.96046038,  1.92227123,  4.78425794,\n        -1.32761975],\n       [ 7.16604793, -1.0145334 ,  0.96046281,  1.92227209,  4.78425888,\n        -1.32761893],\n       [ 7.16604153, -1.01453978,  0.96046339,  1.92227288,  4.78425835,\n        -1.32761767],\n       [ 7.16604333, -1.01453767,  0.96046643,  1.92227408,  4.78425086,\n        -1.32762427]]), array([0.26634997, 0.26634997, 0.26634997, 0.26634997, 0.26634997,\n       0.26634997, 0.26634997]))", "callback": [0.910375135519076, 0.8341446611309197, 0.8159490322100797, 0.777834639341911, 0.7318514697859078, 0.688484760684145, 0.6586290549382262, 0.6355616211451247, 0.5255291612442334, 0.4442367393271134, 0.4297920215985901, 0.42642858500811265, 0.42478235704507505, 0.42465358875498593, 0.42439162515684015, 0.4236477234329393, 0.42191740205709916, 0.4160152218054425, 0.38368640002827636, 0.3708252913552581, 0.36613191898086994, 0.3656031040212262, 0.36514102616456523, 0.3650011511286022, 0.36490973162293106, 0.36488131938669033, 0.36483972224823935, 0.3646851802327653, 0.36403857145646423, 0.3627711398294511, 0.36242812485607745, 0.36079746617446706, 0.3592531542265893, 0.35876158501050015, 0.3587552372965571, 0.3587120997327846, 0.3587094032304857, 0.3587081055831749, 0.3587075429029011, 0.35870721168026887, 0.3587071132142312, 0.3587068809783013, 0.3587067526913197, 0.3587066676473589, 0.3587065474741884, 0.3587061817904993, 0.35870535026987327, 0.35870054618072333, 0.3586822958618303, 0.35862072569679926, 0.35844698982897794, 0.35807739437904285, 0.35792413587062644, 0.357428729586582, 0.35688695560197137, 0.3556821434819283, 0.3547909334606737, 0.3540956593550073, 0.35206961266008097, 0.3427841513542851, 0.29698520454768507, 0.2835293359605694, 0.27866874676440856, 0.2764792547439596, 0.2734414502374627, 0.2723199196566255, 0.2715493437432728, 0.2711461807542238, 0.2708551683586984, 0.2705327172438059, 0.2704610670257037, 0.2704142416039802, 0.2702688963624048, 0.27018535051059367, 0.27010086693159485, 0.26988387911429745, 0.26905932660166576, 0.26777231295004456, 0.26652890347541347, 0.26646573705023, 0.26637279067662356, 0.2663594604448538, 0.2663513378657525, 0.26635030341226407, 0.26635004670267826, 0.2663499783264597, 0.26634997324201604, 0.2663499699864337, 0.26634996950748147, 0.266349969396356, 0.26634996935682476, 0.2663499693421678, 0.2663499693338569]}, "11": {"maxiter": 1000, "fatol": 1e-10, "xatol": 1e-10, "duration": 1.3064560890197754, "fun": "0.26634996933069266", "nit": "1000", "nfev": "1545", "status": "2", "success": "False", "message": "Maximum number of iterations has been exceeded.", "x": "[ 7.1660425  -1.01453193  0.9604667   1.92227553  4.7842591  -1.3276274 ]", "final_simplex": "(array([[ 7.1660425 , -1.01453193,  0.9604667 ,  1.92227553,  4.7842591 ,\n        -1.3276274 ],\n       [ 7.16604256, -1.01453199,  0.96046713,  1.92227566,  4.78425926,\n        -1.32762768],\n       [ 7.16604223, -1.01453199,  0.96046695,  1.92227566,  4.78425912,\n        -1.32762746],\n       [ 7.16604238, -1.01453227,  0.96046679,  1.9222757 ,  4.78425906,\n        -1.32762725],\n       [ 7.16604251, -1.01453223,  0.96046708,  1.92227589,  4.78425889,\n        -1.32762762],\n       [ 7.16604225, -1.0145321 ,  0.9604667 ,  1.92227567,  4.78425905,\n        -1.32762755],\n       [ 7.16604234, -1.01453191,  0.96046662,  1.92227569,  4.78425911,\n        -1.32762744]]), array([0.26634997, 0.26634997, 0.26634997, 0.26634997, 0.26634997,\n       0.26634997, 0.26634997]))", "callback": [0.910375135519076, 0.8341446611309197, 0.8159490322100797, 0.777834639341911, 0.7318514697859078, 0.688484760684145, 0.6586290549382262, 0.6355616211451247, 0.5255291612442334, 0.4442367393271134, 0.4297920215985901, 0.42642858500811265, 0.42478235704507505, 0.42465358875498593, 0.42439162515684015, 0.4236477234329393, 0.42191740205709916, 0.4160152218054425, 0.38368640002827636, 0.3708252913552581, 0.36613191898086994, 0.3656031040212262, 0.36514102616456523, 0.3650011511286022, 0.36490973162293106, 0.36488131938669033, 0.36483972224823935, 0.3646851802327653, 0.36403857145646423, 0.3627711398294511, 0.36242812485607745, 0.36079746617446706, 0.3592531542265893, 0.35876158501050015, 0.3587552372965571, 0.3587120997327846, 0.3587094032304857, 0.3587081055831749, 0.3587075429029011, 0.35870721168026887, 0.3587071132142312, 0.3587068809783013, 0.3587067526913197, 0.3587066676473589, 0.3587065474741884, 0.3587061817904993, 0.35870535026987327, 0.35870054618072333, 0.3586822958618303, 0.35862072569679926, 0.35844698982897794, 0.35807739437904285, 0.35792413587062644, 0.357428729586582, 0.35688695560197137, 0.3556821434819283, 0.3547909334606737, 0.3540956593550073, 0.35206961266008097, 0.3427841513542851, 0.29698520454768507, 0.2835293359605694, 0.27866874676440856, 0.2764792547439596, 0.2734414502374627, 0.2723199196566255, 0.2715493437432728, 0.2711461807542238, 0.2708551683586984, 0.2705327172438059, 0.2704610670257037, 0.2704142416039802, 0.2702688963624048, 0.27018535051059367, 0.27010086693159485, 0.26988387911429745, 0.26905932660166576, 0.26777231295004456, 0.26652890347541347, 0.26646573705023, 0.26637279067662356, 0.2663594604448538, 0.2663513378657525, 0.26635030341226407, 0.26635004670267826, 0.2663499783264597, 0.26634997324201604, 0.2663499699864337, 0.26634996950748147, 0.266349969396356, 0.26634996935682476, 0.2663499693421678, 0.2663499693338569, 0.26634996933145305, 0.26634996933097344, 0.26634996933079713, 0.2663499693307827, 0.2663499693307647, 0.26634996933075017, 0.26634996933071664]}}, "bfgs": {"type": "gradient", "0": {"maxiter": 100, "gtol": 1e-05, "xrtol": 1e-05, "eps": 1e-05, "duration": 0.1520853042602539, "fun": "0.26634996946537526", "jac": "[-9.18209953e-07  8.95750141e-07 -4.45732340e-07 -4.95551378e-06\n -3.38462591e-07 -5.82023318e-07]", "hess_inv": "[[ 3.58763381  0.74516442 -1.54257372  0.24520392  0.03032254  0.20068842]\n [ 0.74516442  8.03194663 -4.36484151  2.93094592 -0.22439761 -2.78692141]\n [-1.54257372 -4.36484151  7.98174537 -3.28850944  0.38562323 -0.59482878]\n [ 0.24520392  2.93094592 -3.28850944  5.93902843 -0.33330787 -0.18790452]\n [ 0.03032254 -0.22439761  0.38562323 -0.33330787  3.96558715  0.90677092]\n [ 0.20068842 -2.78692141 -0.59482878 -0.18790452  0.90677092  5.83367022]]", "nfev": "175", "njev": "25", "status": "0", "success": "True", "message": "Optimization terminated successfully.", "x": "[ 5.40031678  2.12704825  4.10207395 -1.92231011  1.64265457  1.8139515 ]", "nit": "19", "callback": [0.40148448833283823, 0.36960831870887756, 0.30859694760274015, 0.27221906624623415, 0.26826428187186724, 0.2676782022632743, 0.26683265475090123, 0.26655642705032767, 0.2664907187239244, 0.2663964921597154, 0.2663595587513521, 0.26635360534747954, 0.26635118284173964, 0.26635066543235086, 0.2663503314635973, 0.26635012820355397, 0.2663499991463488, 0.2663499719679481, 0.26634996946537526]}, "1": {"maxiter": 100, "gtol": 1e-05, "xrtol": 1e-05, "eps": 1e-10, "duration": 0.13559556007385254, "fun": "0.2663499694676995", "jac": "[ 0.00000000e+00  4.44089173e-06  2.22044587e-06 -9.99200639e-06\n  0.00000000e+00  0.00000000e+00]", "hess_inv": "[[ 3.54070599  0.82110196 -1.54741451  0.32334223 -0.04986251  0.15446144]\n [ 0.82110196  8.36884007 -4.3456263   2.89358634 -0.06979123 -2.85258152]\n [-1.54741451 -4.3456263   7.89215776 -3.20434821  0.27146297 -0.70305162]\n [ 0.32334223  2.89358634 -3.20434821  5.80065903 -0.08474412 -0.01290655]\n [-0.04986251 -0.06979123  0.27146297 -0.08474412  3.75147911  0.77747946]\n [ 0.15446144 -2.85258152 -0.70305162 -0.01290655  0.77747946  5.84147788]]", "nfev": "175", "njev": "25", "status": "0", "success": "True", "message": "Optimization terminated successfully.", "x": "[ 5.40032544  2.12707682  4.10207211 -1.92230106  1.64266295  1.81394683]", "nit": "19", "callback": [0.4014766769392051, 0.36959950338284975, 0.30858874463576313, 0.2722182936563685, 0.26826453684843377, 0.2676783195507597, 0.26683255917066095, 0.26655647451613795, 0.266490662619724, 0.2663964133497647, 0.26635960180493234, 0.26635360865618873, 0.26635119052067635, 0.26635067078025776, 0.26635033491931215, 0.26635013060725876, 0.26634999824566763, 0.2663499719930823, 0.2663499694676995]}, "2": {"maxiter": 100, "gtol": 1e-05, "xrtol": 1e-10, "eps": 1e-05, "duration": 0.1348705291748047, "fun": "0.26634996946537526", "jac": "[-9.18209953e-07  8.95750141e-07 -4.45732340e-07 -4.95551378e-06\n -3.38462591e-07 -5.82023318e-07]", "hess_inv": "[[ 3.58763381  0.74516442 -1.54257372  0.24520392  0.03032254  0.20068842]\n [ 0.74516442  8.03194663 -4.36484151  2.93094592 -0.22439761 -2.78692141]\n [-1.54257372 -4.36484151  7.98174537 -3.28850944  0.38562323 -0.59482878]\n [ 0.24520392  2.93094592 -3.28850944  5.93902843 -0.33330787 -0.18790452]\n [ 0.03032254 -0.22439761  0.38562323 -0.33330787  3.96558715  0.90677092]\n [ 0.20068842 -2.78692141 -0.59482878 -0.18790452  0.90677092  5.83367022]]", "nfev": "175", "njev": "25", "status": "0", "success": "True", "message": "Optimization terminated successfully.", "x": "[ 5.40031678  2.12704825  4.10207395 -1.92231011  1.64265457  1.8139515 ]", "nit": "19", "callback": [0.40148448833283823, 0.36960831870887756, 0.30859694760274015, 0.27221906624623415, 0.26826428187186724, 0.2676782022632743, 0.26683265475090123, 0.26655642705032767, 0.2664907187239244, 0.2663964921597154, 0.2663595587513521, 0.26635360534747954, 0.26635118284173964, 0.26635066543235086, 0.2663503314635973, 0.26635012820355397, 0.2663499991463488, 0.2663499719679481, 0.26634996946537526]}, "3": {"maxiter": 100, "gtol": 1e-05, "xrtol": 1e-10, "eps": 1e-10, "duration": 0.13482379913330078, "fun": "0.2663499694676995", "jac": "[ 0.00000000e+00  4.44089173e-06  2.22044587e-06 -9.99200639e-06\n  0.00000000e+00  0.00000000e+00]", "hess_inv": "[[ 3.54070599  0.82110196 -1.54741451  0.32334223 -0.04986251  0.15446144]\n [ 0.82110196  8.36884007 -4.3456263   2.89358634 -0.06979123 -2.85258152]\n [-1.54741451 -4.3456263   7.89215776 -3.20434821  0.27146297 -0.70305162]\n [ 0.32334223  2.89358634 -3.20434821  5.80065903 -0.08474412 -0.01290655]\n [-0.04986251 -0.06979123  0.27146297 -0.08474412  3.75147911  0.77747946]\n [ 0.15446144 -2.85258152 -0.70305162 -0.01290655  0.77747946  5.84147788]]", "nfev": "175", "njev": "25", "status": "0", "success": "True", "message": "Optimization terminated successfully.", "x": "[ 5.40032544  2.12707682  4.10207211 -1.92230106  1.64266295  1.81394683]", "nit": "19", "callback": [0.4014766769392051, 0.36959950338284975, 0.30858874463576313, 0.2722182936563685, 0.26826453684843377, 0.2676783195507597, 0.26683255917066095, 0.26655647451613795, 0.266490662619724, 0.2663964133497647, 0.26635960180493234, 0.26635360865618873, 0.26635119052067635, 0.26635067078025776, 0.26635033491931215, 0.26635013060725876, 0.26634999824566763, 0.2663499719930823, 0.2663499694676995]}, "4": {"maxiter": 100, "gtol": 1e-10, "xrtol": 1e-05, "eps": 1e-05, "duration": 0.1729278564453125, "fun": "0.26634996935566446", "jac": "[-4.50173232e-07  5.33573186e-08  8.21787083e-08  8.58946247e-07\n -7.54785123e-07 -3.04789527e-07]", "hess_inv": "[[ 3.61007122  0.8283811  -1.58346051  0.37977873  0.0646707   0.25249639]\n [ 0.8283811   8.16834115 -4.61544991  3.55510085 -0.19426746 -2.6475538 ]\n [-1.58346051 -4.61544991  7.99938851 -3.4618956   0.26714806 -0.71956215]\n [ 0.37977873  3.55510085 -3.4618956   6.65540762 -0.05668815  0.16114389]\n [ 0.0646707  -0.19426746  0.26714806 -0.05668815  3.96324736  0.9562773 ]\n [ 0.25249639 -2.6475538  -0.71956215  0.16114389  0.9562773   5.93712171]]", "nfev": "182", "njev": "26", "status": "0", "success": "True", "message": "Optimization terminated successfully.", "x": "[ 5.4003207   2.12705564  4.10206271 -1.92228143  1.64265654  1.81395836]", "nit": "20", "callback": [0.40148448833283823, 0.36960831870887756, 0.30859694760274015, 0.27221906624623415, 0.26826428187186724, 0.2676782022632743, 0.26683265475090123, 0.26655642705032767, 0.2664907187239244, 0.2663964921597154, 0.2663595587513521, 0.26635360534747954, 0.26635118284173964, 0.26635066543235086, 0.2663503314635973, 0.26635012820355397, 0.2663499991463488, 0.2663499719679481, 0.26634996946537526, 0.26634996935566446]}, "5": {"maxiter": 100, "gtol": 1e-10, "xrtol": 1e-05, "eps": 1e-10, "duration": 0.15717148780822754, "fun": "0.2663499694406928", "jac": "[ 0.00000000e+00  2.22044587e-06  2.22044587e-06  4.44089173e-06\n -1.11022293e-06  1.11022293e-06]", "hess_inv": "[[ 3.58413869  0.94421792 -1.70590319  0.63574271  0.0117221   0.27145565]\n [ 0.94421792  8.65004881 -4.97672865  4.06766951  0.05348302 -2.46452266]\n [-1.70590319 -4.97672865  7.98263217 -3.57020572 -0.09088188 -0.9785974 ]\n [ 0.63574271  4.06766951 -3.57020572  6.8193578   0.57658454  0.58841191]\n [ 0.0117221   0.05348302 -0.09088188  0.57658454  3.79998155  0.98606962]\n [ 0.27145565 -2.46452266 -0.9785974   0.58841191  0.98606962  6.10965576]]", "nfev": "182", "njev": "26", "status": "0", "success": "True", "message": "Optimization terminated successfully.", "x": "[ 5.40033139  2.1270901   4.10204081 -1.92224306  1.64266868  1.81396583]", "nit": "20", "callback": [0.4014766769392051, 0.36959950338284975, 0.30858874463576313, 0.2722182936563685, 0.26826453684843377, 0.2676783195507597, 0.26683255917066095, 0.26655647451613795, 0.266490662619724, 0.2663964133497647, 0.26635960180493234, 0.26635360865618873, 0.26635119052067635, 0.26635067078025776, 0.26635033491931215, 0.26635013060725876, 0.26634999824566763, 0.2663499719930823, 0.2663499694676995, 0.2663499694406928]}, "6": {"maxiter": 100, "gtol": 1e-10, "xrtol": 1e-10, "eps": 1e-05, "duration": 0.29034972190856934, "fun": "0.2663499693507445", "jac": "[-9.30366895e-09  5.20694599e-08  3.47721851e-08 -2.08388862e-08\n  3.79252185e-08  8.23896507e-08]", "hess_inv": "[[ 3.72400983  0.80979732 -1.69060827  0.60078403  0.16455274  0.37234733]\n [ 0.80979732  7.91368025 -4.35416341  2.9133759  -0.01487488 -2.51093588]\n [-1.69060827 -4.35416341  7.86947509 -3.09661609 -0.01179226 -0.97980837]\n [ 0.60078403  2.9133759  -3.09661609  5.66322662  0.60275173  0.77012991]\n [ 0.16455274 -0.01487488 -0.01179226  0.60275173  3.91442585  0.96279755]\n [ 0.37234733 -2.51093588 -0.97980837  0.77012991  0.96279755  6.00143964]]", "nfev": "341", "njev": "47", "status": "2", "success": "False", "message": "Desired error not necessarily achieved due to precision loss.", "x": "[ 5.40032216  2.12705265  4.10206394 -1.92228523  1.64265956  1.81396099]", "nit": "21", "callback": [0.40148448833283823, 0.36960831870887756, 0.30859694760274015, 0.27221906624623415, 0.26826428187186724, 0.2676782022632743, 0.26683265475090123, 0.26655642705032767, 0.2664907187239244, 0.2663964921597154, 0.2663595587513521, 0.26635360534747954, 0.26635118284173964, 0.26635066543235086, 0.2663503314635973, 0.26635012820355397, 0.2663499991463488, 0.2663499719679481, 0.26634996946537526, 0.26634996935566446, 0.2663499693507445]}, "7": {"maxiter": 100, "gtol": 1e-10, "xrtol": 1e-10, "eps": 1e-10, "duration": 0.2814145088195801, "fun": "0.2663499693512492", "jac": "[1.11022293e-06 3.33066880e-06 1.11022293e-06 1.11022293e-06\n 0.00000000e+00 0.00000000e+00]", "hess_inv": "[[  5.7135161    7.27121738 -12.56850591  17.09740466   5.10823177\n    9.74796046]\n [  7.27121738  23.20223986 -36.71636185  50.05975538  14.10145825\n   28.25858697]\n [-12.56850591 -36.71636185  63.32458571 -87.12269204 -26.01932836\n  -49.60072408]\n [ 17.09740466  50.05975538 -87.12269204 131.29964453  40.14701458\n   75.05569907]\n [  5.10823177  14.10145825 -26.01932836  40.14701458  14.67038382\n   24.87837829]\n [  9.74796046  28.25858697 -49.60072408  75.05569907  24.87837829\n   46.56272174]]", "nfev": "364", "njev": "52", "status": "0", "success": "True", "message": "Optimization terminated successfully.", "x": "[ 5.40032863  2.12707692  4.10205571 -1.92227109  1.64266516  1.81395341]", "nit": "23", "callback": [0.4014766769392051, 0.36959950338284975, 0.30858874463576313, 0.2722182936563685, 0.26826453684843377, 0.2676783195507597, 0.26683255917066095, 0.26655647451613795, 0.266490662619724, 0.2663964133497647, 0.26635960180493234, 0.26635360865618873, 0.26635119052067635, 0.26635067078025776, 0.26635033491931215, 0.26635013060725876, 0.26634999824566763, 0.2663499719930823, 0.2663499694676995, 0.2663499694406928, 0.2663499693847513, 0.2663499693512492, 0.2663499693512492]}, "8": {"maxiter": 500, "gtol": 1e-05, "xrtol": 1e-05, "eps": 1e-05, "duration": 0.13513875007629395, "fun": "0.26634996946537526", "jac": "[-9.18209953e-07  8.95750141e-07 -4.45732340e-07 -4.95551378e-06\n -3.38462591e-07 -5.82023318e-07]", "hess_inv": "[[ 3.58763381  0.74516442 -1.54257372  0.24520392  0.03032254  0.20068842]\n [ 0.74516442  8.03194663 -4.36484151  2.93094592 -0.22439761 -2.78692141]\n [-1.54257372 -4.36484151  7.98174537 -3.28850944  0.38562323 -0.59482878]\n [ 0.24520392  2.93094592 -3.28850944  5.93902843 -0.33330787 -0.18790452]\n [ 0.03032254 -0.22439761  0.38562323 -0.33330787  3.96558715  0.90677092]\n [ 0.20068842 -2.78692141 -0.59482878 -0.18790452  0.90677092  5.83367022]]", "nfev": "175", "njev": "25", "status": "0", "success": "True", "message": "Optimization terminated successfully.", "x": "[ 5.40031678  2.12704825  4.10207395 -1.92231011  1.64265457  1.8139515 ]", "nit": "19", "callback": [0.40148448833283823, 0.36960831870887756, 0.30859694760274015, 0.27221906624623415, 0.26826428187186724, 0.2676782022632743, 0.26683265475090123, 0.26655642705032767, 0.2664907187239244, 0.2663964921597154, 0.2663595587513521, 0.26635360534747954, 0.26635118284173964, 0.26635066543235086, 0.2663503314635973, 0.26635012820355397, 0.2663499991463488, 0.26634997196794