{"date": "2024/10/29/, 05:36:36", "conf_id": 236, "data_type": "non_lin_ind\n", "num_data_points": 4, "s_rank": 0, "unitary": "[[-0.56303964-0.00798273j,-0.21670212-0.15784972j,-0.06047197-0.73952673j,-0.01438004+0.24552571j],[-0.06976756+0.23474685j,-0.01275565-0.5435098j,-0.02703657-0.08917885j,-0.08210486-0.79311774j],[-0.38559961+0.10714929j,0.5933431-0.2687392j,-0.24060861+0.29149289j,-0.45147719+0.26241743j],[-0.50180421+0.45931857j,-0.11617175+0.44134496j,0.49642745+0.22684508j,-0.08544628-0.15407063j]]", "databatch_0": {"databatch": "[[[0.04166384-0.04426795j,-0.10199713+0.2761506j,-0.21488748-0.18774503j,-0.22561177-0.1835943j],[-0.05135477-0.06986003j,0.126463-0.16752625j,-0.09185465+0.01608726j,-0.14914807+0.41094669j],[-0.14709856-0.28917975j,-0.16200904+0.18626817j,-0.03108345+0.16024826j,-0.03699564+0.14022706j],[0.29776812+0.17504001j,0.23330497+0.17991734j,0.26781929+0.00730777j,-0.01462114-0.01520294j]],[[0.00090175+0.0249466j,-0.02784012+0.17753673j,0.24558617-0.1367375j,-0.08678322-0.2286336j],[0.32926779-0.06465567j,-0.18536446+0.02079937j,-0.17777089-0.30136039j,0.24662378+0.06676029j],[0.06193408+0.21374761j,0.02099488-0.01226101j,0.24159927-0.15120184j,-0.15307389+0.01324433j],[-0.14455894+0.13814817j,-0.12407068+0.09590496j,0.40270686+0.26883843j,0.17713345-0.08846588j]],[[-0.52845798-0.06312485j,0.21534869-0.2398862j,-0.0978587-0.20773568j,-0.2112955-0.24427384j],[-0.16293014+0.01492024j,0.16395844-0.22444977j,-0.17084311-0.09923351j,-0.25342632-0.06881585j],[-0.2143641+0.06459541j,-0.05825597-0.04862375j,-0.03686369+0.03174982j,0.20480488+0.14055582j],[-0.06643854-0.20973881j,0.1631638+0.00478272j,0.02724773-0.08822897j,-0.10102127-0.17327606j]],[[-0.30140439+0.10826076j,-0.01804693+0.10379715j,0.26787327-0.17655952j,0.24531252-0.03625997j],[0.12064694+0.14646381j,0.21001386+0.23461114j,-0.25463238+0.05312799j,-0.05310368-0.14511874j],[-0.04130257+0.30217279j,0.08543392-0.32925327j,0.1195537-0.16186571j,0.08807252-0.0717663j],[0.00338961-0.102195j,0.25546171-0.10497697j,0.02378044-0.19920543j,-0.32261083-0.04509897j]]]", "initial param values": "[3.72299766,3.90701198,1.78368661,0.28461202,1.15767073,0.21376244]", "nelder_mead": {"type": "gradient-free", "0": {"maxiter": 100, "fatol": 1e-05, "xatol": 1e-05, "duration": 0.1206519603729248, "fun": "0.5890631281085877", "nit": "100", "nfev": "150", "status": "2", "success": "False", "message": "Maximum number of iterations has been exceeded.", "x": "[ 5.24734346  5.16407713  0.88415912  0.47661229 -0.59522554  0.23515384]", "final_simplex": "(array([[ 5.24734346,  5.16407713,  0.88415912,  0.47661229, -0.59522554,\n         0.23515384],\n       [ 5.27543565,  5.2959467 ,  0.79018389,  0.48792102, -0.67737075,\n         0.23977804],\n       [ 5.28621158,  5.18902757,  0.86467551,  0.48169314, -0.57025166,\n         0.23560306],\n       [ 5.2438557 ,  5.1804795 ,  0.85231503,  0.4768759 , -0.56873703,\n         0.23829444],\n       [ 5.25201689,  5.25033395,  0.8027471 ,  0.48885457, -0.64235211,\n         0.23860471],\n       [ 5.24862524,  5.33271028,  0.82159044,  0.49901112, -0.67335275,\n         0.23545676],\n       [ 5.28796053,  5.18587478,  0.88961144,  0.49919616, -0.63052164,\n         0.23435055]]), array([0.58906313, 0.5893031 , 0.58972413, 0.58979412, 0.58985885,\n       0.59016224, 0.59017549]))", "callback": [0.7054206016224088, 0.6708461056803976, 0.6571693289068056, 0.6100714276558112, 0.6040158988195498, 0.5994834655460151, 0.5956759254292563, 0.5921867287233022, 0.5908429507302013, 0.5897241339026864]}, "1": {"maxiter": 100, "fatol": 1e-05, "xatol": 1e-10, "duration": 0.12066841125488281, "fun": "0.5890631281085877", "nit": "100", "nfev": "150", "status": "2", "success": "False", "message": "Maximum number of iterations has been exceeded.", "x": "[ 5.24734346  5.16407713  0.88415912  0.47661229 -0.59522554  0.23515384]", "final_simplex": "(array([[ 5.24734346,  5.16407713,  0.88415912,  0.47661229, -0.59522554,\n         0.23515384],\n       [ 5.27543565,  5.2959467 ,  0.79018389,  0.48792102, -0.67737075,\n         0.23977804],\n       [ 5.28621158,  5.18902757,  0.86467551,  0.48169314, -0.57025166,\n         0.23560306],\n       [ 5.2438557 ,  5.1804795 ,  0.85231503,  0.4768759 , -0.56873703,\n         0.23829444],\n       [ 5.25201689,  5.25033395,  0.8027471 ,  0.48885457, -0.64235211,\n         0.23860471],\n       [ 5.24862524,  5.33271028,  0.82159044,  0.49901112, -0.67335275,\n         0.23545676],\n       [ 5.28796053,  5.18587478,  0.88961144,  0.49919616, -0.63052164,\n         0.23435055]]), array([0.58906313, 0.5893031 , 0.58972413, 0.58979412, 0.58985885,\n       0.59016224, 0.59017549]))", "callback": [0.7054206016224088, 0.6708461056803976, 0.6571693289068056, 0.6100714276558112, 0.6040158988195498, 0.5994834655460151, 0.5956759254292563, 0.5921867287233022, 0.5908429507302013, 0.5897241339026864]}, "2": {"maxiter": 100, "fatol": 1e-10, "xatol": 1e-05, "duration": 0.11724662780761719, "fun": "0.5890631281085877", "nit": "100", "nfev": "150", "status": "2", "success": "False", "message": "Maximum number of iterations has been exceeded.", "x": "[ 5.24734346  5.16407713  0.88415912  0.47661229 -0.59522554  0.23515384]", "final_simplex": "(array([[ 5.24734346,  5.16407713,  0.88415912,  0.47661229, -0.59522554,\n         0.23515384],\n       [ 5.27543565,  5.2959467 ,  0.79018389,  0.48792102, -0.67737075,\n         0.23977804],\n       [ 5.28621158,  5.18902757,  0.86467551,  0.48169314, -0.57025166,\n         0.23560306],\n       [ 5.2438557 ,  5.1804795 ,  0.85231503,  0.4768759 , -0.56873703,\n         0.23829444],\n       [ 5.25201689,  5.25033395,  0.8027471 ,  0.48885457, -0.64235211,\n         0.23860471],\n       [ 5.24862524,  5.33271028,  0.82159044,  0.49901112, -0.67335275,\n         0.23545676],\n       [ 5.28796053,  5.18587478,  0.88961144,  0.49919616, -0.63052164,\n         0.23435055]]), array([0.58906313, 0.5893031 , 0.58972413, 0.58979412, 0.58985885,\n       0.59016224, 0.59017549]))", "callback": [0.7054206016224088, 0.6708461056803976, 0.6571693289068056, 0.6100714276558112, 0.6040158988195498, 0.5994834655460151, 0.5956759254292563, 0.5921867287233022, 0.5908429507302013, 0.5897241339026864]}, "3": {"maxiter": 100, "fatol": 1e-10, "xatol": 1e-10, "duration": 0.1350560188293457, "fun": "0.5890631281085877", "nit": "100", "nfev": "150", "status": "2", "success": "False", "message": "Maximum number of iterations has been exceeded.", "x": "[ 5.24734346  5.16407713  0.88415912  0.47661229 -0.59522554  0.23515384]", "final_simplex": "(array([[ 5.24734346,  5.16407713,  0.88415912,  0.47661229, -0.59522554,\n         0.23515384],\n       [ 5.27543565,  5.2959467 ,  0.79018389,  0.48792102, -0.67737075,\n         0.23977804],\n       [ 5.28621158,  5.18902757,  0.86467551,  0.48169314, -0.57025166,\n         0.23560306],\n       [ 5.2438557 ,  5.1804795 ,  0.85231503,  0.4768759 , -0.56873703,\n         0.23829444],\n       [ 5.25201689,  5.25033395,  0.8027471 ,  0.48885457, -0.64235211,\n         0.23860471],\n       [ 5.24862524,  5.33271028,  0.82159044,  0.49901112, -0.67335275,\n         0.23545676],\n       [ 5.28796053,  5.18587478,  0.88961144,  0.49919616, -0.63052164,\n         0.23435055]]), array([0.58906313, 0.5893031 , 0.58972413, 0.58979412, 0.58985885,\n       0.59016224, 0.59017549]))", "callback": [0.7054206016224088, 0.6708461056803976, 0.6571693289068056, 0.6100714276558112, 0.6040158988195498, 0.5994834655460151, 0.5956759254292563, 0.5921867287233022, 0.5908429507302013, 0.5897241339026864]}, "4": {"maxiter": 500, "fatol": 1e-05, "xatol": 1e-05, "duration": 0.6534073352813721, "fun": "0.5180812781603078", "nit": "500", "nfev": "758", "status": "2", "success": "False", "message": "Maximum number of iterations has been exceeded.", "x": "[ 4.56192109  6.24522038  0.49303882 -0.66185842 -0.09348705 -1.1227082 ]", "final_simplex": "(array([[ 4.56192109,  6.24522038,  0.49303882, -0.66185842, -0.09348705,\n        -1.1227082 ],\n       [ 4.56233848,  6.24503672,  0.49293584, -0.66111935, -0.09411056,\n        -1.12172953],\n       [ 4.56209072,  6.24511875,  0.49350072, -0.66184055, -0.09383453,\n        -1.12211309],\n       [ 4.56218236,  6.24470734,  0.49289292, -0.66201071, -0.09375453,\n        -1.12239012],\n       [ 4.56179462,  6.24481199,  0.49251761, -0.66163432, -0.09437078,\n        -1.12169383],\n       [ 4.56231403,  6.24558032,  0.49308334, -0.66189248, -0.0943608 ,\n        -1.12255123],\n       [ 4.56211535,  6.24477567,  0.49259291, -0.66139826, -0.09354753,\n        -1.12285302]]), array([0.51808128, 0.51808128, 0.51808129, 0.51808129, 0.5180813 ,\n       0.51808132, 0.51808132]))", "callback": [0.7054206016224088, 0.6708461056803976, 0.6571693289068056, 0.6100714276558112, 0.6040158988195498, 0.5994834655460151, 0.5956759254292563, 0.5921867287233022, 0.5908429507302013, 0.5897241339026864, 0.5890631281085877, 0.5842169757131102, 0.5701865426639467, 0.5599056572602474, 0.5467549784025016, 0.54413545260524, 0.5421209202304451, 0.5417987663053946, 0.5417515849519737, 0.5417327901981226, 0.5417275151419451, 0.5417233156431542, 0.5417227598089482, 0.5417204176431057, 0.5417189374603677, 0.5417158713127757, 0.541707712172402, 0.541684208524215, 0.5416300815139463, 0.5415396979441477, 0.5411999186324588, 0.5406851462611221, 0.5395177281056639, 0.5369673163465148, 0.5332903121464703, 0.5296935487695672, 0.523598775963988, 0.5194370281348515, 0.5185541357873712, 0.5181999209384576, 0.5181491759139423, 0.5181351422649021, 0.5181288974950162, 0.5181126521694716, 0.5180990784505191, 0.5180920521789529, 0.5180833324350651, 0.51808201216088, 0.5180816120333999, 0.5180813395674699]}, "5": {"maxiter": 500, "fatol": 1e-05, "xatol": 1e-10, "duration": 0.7425415515899658, "fun": "0.5180812781603078", "nit": "500", "nfev": "758", "status": "2", "success": "False", "message": "Maximum number of iterations has been exceeded.", "x": "[ 4.56192109  6.24522038  0.49303882 -0.66185842 -0.09348705 -1.1227082 ]", "final_simplex": "(array([[ 4.56192109,  6.24522038,  0.49303882, -0.66185842, -0.09348705,\n        -1.1227082 ],\n       [ 4.56233848,  6.24503672,  0.49293584, -0.66111935, -0.09411056,\n        -1.12172953],\n       [ 4.56209072,  6.24511875,  0.49350072, -0.66184055, -0.09383453,\n        -1.12211309],\n       [ 4.56218236,  6.24470734,  0.49289292, -0.66201071, -0.09375453,\n        -1.12239012],\n       [ 4.56179462,  6.24481199,  0.49251761, -0.66163432, -0.09437078,\n        -1.12169383],\n       [ 4.56231403,  6.24558032,  0.49308334, -0.66189248, -0.0943608 ,\n        -1.12255123],\n       [ 4.56211535,  6.24477567,  0.49259291, -0.66139826, -0.09354753,\n        -1.12285302]]), array([0.51808128, 0.51808128, 0.51808129, 0.51808129, 0.5180813 ,\n       0.51808132, 0.51808132]))", "callback": [0.7054206016224088, 0.6708461056803976, 0.6571693289068056, 0.6100714276558112, 0.6040158988195498, 0.5994834655460151, 0.5956759254292563, 0.5921867287233022, 0.5908429507302013, 0.5897241339026864, 0.5890631281085877, 0.5842169757131102, 0.5701865426639467, 0.5599056572602474, 0.5467549784025016, 0.54413545260524, 0.5421209202304451, 0.5417987663053946, 0.5417515849519737, 0.5417327901981226, 0.5417275151419451, 0.5417233156431542, 0.5417227598089482, 0.5417204176431057, 0.5417189374603677, 0.5417158713127757, 0.541707712172402, 0.541684208524215, 0.5416300815139463, 0.5415396979441477, 0.5411999186324588, 0.5406851462611221, 0.5395177281056639, 0.5369673163465148, 0.5332903121464703, 0.5296935487695672, 0.523598775963988, 0.5194370281348515, 0.5185541357873712, 0.5181999209384576, 0.5181491759139423, 0.5181351422649021, 0.5181288974950162, 0.5181126521694716, 0.5180990784505191, 0.5180920521789529, 0.5180833324350651, 0.51808201216088, 0.5180816120333999, 0.5180813395674699]}, "6": {"maxiter": 500, "fatol": 1e-10, "xatol": 1e-05, "duration": 0.5866832733154297, "fun": "0.5180812781603078", "nit": "500", "nfev": "758", "status": "2", "success": "False", "message": "Maximum number of iterations has been exceeded.", "x": "[ 4.56192109  6.24522038  0.49303882 -0.66185842 -0.09348705 -1.1227082 ]", "final_simplex": "(array([[ 4.56192109,  6.24522038,  0.49303882, -0.66185842, -0.09348705,\n        -1.1227082 ],\n       [ 4.56233848,  6.24503672,  0.49293584, -0.66111935, -0.09411056,\n        -1.12172953],\n       [ 4.56209072,  6.24511875,  0.49350072, -0.66184055, -0.09383453,\n        -1.12211309],\n       [ 4.56218236,  6.24470734,  0.49289292, -0.66201071, -0.09375453,\n        -1.12239012],\n       [ 4.56179462,  6.24481199,  0.49251761, -0.66163432, -0.09437078,\n        -1.12169383],\n       [ 4.56231403,  6.24558032,  0.49308334, -0.66189248, -0.0943608 ,\n        -1.12255123],\n       [ 4.56211535,  6.24477567,  0.49259291, -0.66139826, -0.09354753,\n        -1.12285302]]), array([0.51808128, 0.51808128, 0.51808129, 0.51808129, 0.5180813 ,\n       0.51808132, 0.51808132]))", "callback": [0.7054206016224088, 0.6708461056803976, 0.6571693289068056, 0.6100714276558112, 0.6040158988195498, 0.5994834655460151, 0.5956759254292563, 0.5921867287233022, 0.5908429507302013, 0.5897241339026864, 0.5890631281085877, 0.5842169757131102, 0.5701865426639467, 0.5599056572602474, 0.5467549784025016, 0.54413545260524, 0.5421209202304451, 0.5417987663053946, 0.5417515849519737, 0.5417327901981226, 0.5417275151419451, 0.5417233156431542, 0.5417227598089482, 0.5417204176431057, 0.5417189374603677, 0.5417158713127757, 0.541707712172402, 0.541684208524215, 0.5416300815139463, 0.5415396979441477, 0.5411999186324588, 0.5406851462611221, 0.5395177281056639, 0.5369673163465148, 0.5332903121464703, 0.5296935487695672, 0.523598775963988, 0.5194370281348515, 0.5185541357873712, 0.5181999209384576, 0.5181491759139423, 0.5181351422649021, 0.5181288974950162, 0.5181126521694716, 0.5180990784505191, 0.5180920521789529, 0.5180833324350651, 0.51808201216088, 0.5180816120333999, 0.5180813395674699]}, "7": {"maxiter": 500, "fatol": 1e-10, "xatol": 1e-10, "duration": 0.5940802097320557, "fun": "0.5180812781603078", "nit": "500", "nfev": "758", "status": "2", "success": "False", "message": "Maximum number of iterations has been exceeded.", "x": "[ 4.56192109  6.24522038  0.49303882 -0.66185842 -0.09348705 -1.1227082 ]", "final_simplex": "(array([[ 4.56192109,  6.24522038,  0.49303882, -0.66185842, -0.09348705,\n        -1.1227082 ],\n       [ 4.56233848,  6.24503672,  0.49293584, -0.66111935, -0.09411056,\n        -1.12172953],\n       [ 4.56209072,  6.24511875,  0.49350072, -0.66184055, -0.09383453,\n        -1.12211309],\n       [ 4.56218236,  6.24470734,  0.49289292, -0.66201071, -0.09375453,\n        -1.12239012],\n       [ 4.56179462,  6.24481199,  0.49251761, -0.66163432, -0.09437078,\n        -1.12169383],\n       [ 4.56231403,  6.24558032,  0.49308334, -0.66189248, -0.0943608 ,\n        -1.12255123],\n       [ 4.56211535,  6.24477567,  0.49259291, -0.66139826, -0.09354753,\n        -1.12285302]]), array([0.51808128, 0.51808128, 0.51808129, 0.51808129, 0.5180813 ,\n       0.51808132, 0.51808132]))", "callback": [0.7054206016224088, 0.6708461056803976, 0.6571693289068056, 0.6100714276558112, 0.6040158988195498, 0.5994834655460151, 0.5956759254292563, 0.5921867287233022, 0.5908429507302013, 0.5897241339026864, 0.5890631281085877, 0.5842169757131102, 0.5701865426639467, 0.5599056572602474, 0.5467549784025016, 0.54413545260524, 0.5421209202304451, 0.5417987663053946, 0.5417515849519737, 0.5417327901981226, 0.5417275151419451, 0.5417233156431542, 0.5417227598089482, 0.5417204176431057, 0.5417189374603677, 0.5417158713127757, 0.541707712172402, 0.541684208524215, 0.5416300815139463, 0.5415396979441477, 0.5411999186324588, 0.5406851462611221, 0.5395177281056639, 0.5369673163465148, 0.5332903121464703, 0.5296935487695672, 0.523598775963988, 0.5194370281348515, 0.5185541357873712, 0.5181999209384576, 0.5181491759139423, 0.5181351422649021, 0.5181288974950162, 0.5181126521694716, 0.5180990784505191, 0.5180920521789529, 0.5180833324350651, 0.51808201216088, 0.5180816120333999, 0.5180813395674699]}, "8": {"maxiter": 1000, "fatol": 1e-05, "xatol": 1e-05, "duration": 0.8295855522155762, "fun": "0.5180812564701076", "nit": "571", "nfev": "881", "status": "0", "success": "True", "message": "Optimization terminated successfully.", "x": "[ 4.56230436  6.24497213  0.49300813 -0.66153524 -0.0938987  -1.12211006]", "final_simplex": "(array([[ 4.56230436,  6.24497213,  0.49300813, -0.66153524, -0.0938987 ,\n        -1.12211006],\n       [ 4.56230116,  6.24497076,  0.49300524, -0.66153499, -0.09390397,\n        -1.12210548],\n       [ 4.56230121,  6.24497364,  0.49300781, -0.66153674, -0.09389622,\n        -1.12211688],\n       [ 4.56229874,  6.24497143,  0.49301072, -0.66154025, -0.09389857,\n        -1.12211393],\n       [ 4.56230046,  6.24497124,  0.49300796, -0.66153392, -0.09390332,\n        -1.12211102],\n       [ 4.5623013 ,  6.24497537,  0.49300573, -0.66153926, -0.09390767,\n        -1.12210905],\n       [ 4.56229886,  6.24497616,  0.49301252, -0.6615372 , -0.09389874,\n        -1.12211171]]), array([0.51808126, 0.51808126, 0.51808126, 0.51808126, 0.51808126,\n       0.51808126, 0.51808126]))", "callback": [0.7054206016224088, 0.6708461056803976, 0.6571693289068056, 0.6100714276558112, 0.6040158988195498, 0.5994834655460151, 0.5956759254292563, 0.5921867287233022, 0.5908429507302013, 0.5897241339026864, 0.5890631281085877, 0.5842169757131102, 0.5701865426639467, 0.5599056572602474, 0.5467549784025016, 0.54413545260524, 0.5421209202304451, 0.5417987663053946, 0.5417515849519737, 0.5417327901981226, 0.5417275151419451, 0.5417233156431542, 0.5417227598089482, 0.5417204176431057, 0.5417189374603677, 0.5417158713127757, 0.541707712172402, 0.541684208524215, 0.5416300815139463, 0.5415396979441477, 0.5411999186324588, 0.5406851462611221, 0.5395177281056639, 0.5369673163465148, 0.5332903121464703, 0.5296935487695672, 0.523598775963988, 0.5194370281348515, 0.5185541357873712, 0.5181999209384576, 0.5181491759139423, 0.5181351422649021, 0.5181288974950162, 0.5181126521694716, 0.5180990784505191, 0.5180920521789529, 0.5180833324350651, 0.51808201216088, 0.5180816120333999, 0.5180813395674699, 0.5180812737011068, 0.518081259385516, 0.5180812573449536, 0.5180812568220254, 0.5180812565734199, 0.5180812565190303, 0.5180812564756374, 0.5180812564701076]}, "9": {"maxiter": 1000, "fatol": 1e-05, "xatol": 1e-10, "duration": 1.0237293243408203, "fun": "0.5180812564685792", "nit": "654", "nfev": "1075", "status": "0", "success": "True", "message": "Optimization terminated successfully.", "x": "[ 4.56230138  6.244972    0.49300779 -0.66153706 -0.09390148 -1.12211032]", "final_simplex": "(array([[ 4.56230138,  6.244972  ,  0.49300779, -0.66153706, -0.09390148,\n        -1.12211032],\n       [ 4.56230138,  6.244972  ,  0.49300779, -0.66153706, -0.09390148,\n        -1.12211032],\n       [ 4.56230138,  6.244972  ,  0.49300779, -0.66153706, -0.09390148,\n        -1.12211032],\n       [ 4.56230138,  6.244972  ,  0.49300779, -0.66153706, -0.09390148,\n        -1.12211032],\n       [ 4.56230138,  6.244972  ,  0.49300779, -0.66153706, -0.09390148,\n        -1.12211032],\n       [ 4.56230138,  6.244972  ,  0.49300779, -0.66153706, -0.09390148,\n        -1.12211032],\n       [ 4.56230138,  6.244972  ,  0.49300779, -0.66153706, -0.09390148,\n        -1.12211032]]), array([0.51808126, 0.51808126, 0.51808126, 0.51808126, 0.51808126,\n       0.51808126, 0.51808126]))", "callback": [0.7054206016224088, 0.6708461056803976, 0.6571693289068056, 0.6100714276558112, 0.6040158988195498, 0.5994834655460151, 0.5956759254292563, 0.5921867287233022, 0.5908429507302013, 0.5897241339026864, 0.5890631281085877, 0.5842169757131102, 0.5701865426639467, 0.5599056572602474, 0.5467549784025016, 0.54413545260524, 0.5421209202304451, 0.5417987663053946, 0.5417515849519737, 0.5417327901981226, 0.5417275151419451, 0.5417233156431542, 0.5417227598089482, 0.5417204176431057, 0.5417189374603677, 0.5417158713127757, 0.541707712172402, 0.541684208524215, 0.5416300815139463, 0.5415396979441477, 0.5411999186324588, 0.5406851462611221, 0.5395177281056639, 0.5369673163465148, 0.5332903121464703, 0.5296935487695672, 0.523598775963988, 0.5194370281348515, 0.5185541357873712, 0.5181999209384576, 0.5181491759139423, 0.5181351422649021, 0.5181288974950162, 0.5181126521694716, 0.5180990784505191, 0.5180920521789529, 0.5180833324350651, 0.51808201216088, 0.5180816120333999, 0.5180813395674699, 0.5180812737011068, 0.518081259385516, 0.5180812573449536, 0.5180812568220254, 0.5180812565734199, 0.5180812565190303, 0.5180812564756374, 0.5180812564697246, 0.5180812564686873, 0.5180812564685954, 0.5180812564685839, 0.51808125646858, 0.5180812564685794, 0.5180812564685793, 0.5180812564685792, 0.5180812564685792]}, "10": {"maxiter": 1000, "fatol": 1e-10, "xatol": 1e-05, "duration": 0.7745118141174316, "fun": "0.5180812564701076", "nit": "571", "nfev": "881", "status": "0", "success": "True", "message": "Optimization terminated successfully.", "x": "[ 4.56230436  6.24497213  0.49300813 -0.66153524 -0.0938987  -1.12211006]", "final_simplex": "(array([[ 4.56230436,  6.24497213,  0.49300813, -0.66153524, -0.0938987 ,\n        -1.12211006],\n       [ 4.56230116,  6.24497076,  0.49300524, -0.66153499, -0.09390397,\n        -1.12210548],\n       [ 4.56230121,  6.24497364,  0.49300781, -0.66153674, -0.09389622,\n        -1.12211688],\n       [ 4.56229874,  6.24497143,  0.49301072, -0.66154025, -0.09389857,\n        -1.12211393],\n       [ 4.56230046,  6.24497124,  0.49300796, -0.66153392, -0.09390332,\n        -1.12211102],\n       [ 4.5623013 ,  6.24497537,  0.49300573, -0.66153926, -0.09390767,\n        -1.12210905],\n       [ 4.56229886,  6.24497616,  0.49301252, -0.6615372 , -0.09389874,\n        -1.12211171]]), array([0.51808126, 0.51808126, 0.51808126, 0.51808126, 0.51808126,\n       0.51808126, 0.51808126]))", "callback": [0.7054206016224088, 0.6708461056803976, 0.6571693289068056, 0.6100714276558112, 0.6040158988195498, 0.5994834655460151, 0.5956759254292563, 0.5921867287233022, 0.5908429507302013, 0.5897241339026864, 0.5890631281085877, 0.5842169757131102, 0.5701865426639467, 0.5599056572602474, 0.5467549784025016, 0.54413545260524, 0.5421209202304451, 0.5417987663053946, 0.5417515849519737, 0.5417327901981226, 0.5417275151419451, 0.5417233156431542, 0.5417227598089482, 0.5417204176431057, 0.5417189374603677, 0.5417158713127757, 0.541707712172402, 0.541684208524215, 0.5416300815139463, 0.5415396979441477, 0.5411999186324588, 0.5406851462611221, 0.5395177281056639, 0.5369673163465148, 0.5332903121464703, 0.5296935487695672, 0.523598775963988, 0.5194370281348515, 0.5185541357873712, 0.5181999209384576, 0.5181491759139423, 0.5181351422649021, 0.5181288974950162, 0.5181126521694716, 0.5180990784505191, 0.5180920521789529, 0.5180833324350651, 0.51808201216088, 0.5180816120333999, 0.5180813395674699, 0.5180812737011068, 0.518081259385516, 0.5180812573449536, 0.5180812568220254, 0.5180812565734199, 0.5180812565190303, 0.5180812564756374, 0.5180812564701076]}, "11": {"maxiter": 1000, "fatol": 1e-10, "xatol": 1e-10, "duration": 0.9401516914367676, "fun": "0.5180812564685792", "nit": "654", "nfev": "1075", "status": "0", "success": "True", "message": "Optimization terminated successfully.", "x": "[ 4.56230138  6.244972    0.49300779 -0.66153706 -0.09390148 -1.12211032]", "final_simplex": "(array([[ 4.56230138,  6.244972  ,  0.49300779, -0.66153706, -0.09390148,\n        -1.12211032],\n       [ 4.56230138,  6.244972  ,  0.49300779, -0.66153706, -0.09390148,\n        -1.12211032],\n       [ 4.56230138,  6.244972  ,  0.49300779, -0.66153706, -0.09390148,\n        -1.12211032],\n       [ 4.56230138,  6.244972  ,  0.49300779, -0.66153706, -0.09390148,\n        -1.12211032],\n       [ 4.56230138,  6.244972  ,  0.49300779, -0.66153706, -0.09390148,\n        -1.12211032],\n       [ 4.56230138,  6.244972  ,  0.49300779, -0.66153706, -0.09390148,\n        -1.12211032],\n       [ 4.56230138,  6.244972  ,  0.49300779, -0.66153706, -0.09390148,\n        -1.12211032]]), array([0.51808126, 0.51808126, 0.51808126, 0.51808126, 0.51808126,\n       0.51808126, 0.51808126]))", "callback": [0.7054206016224088, 0.6708461056803976, 0.6571693289068056, 0.6100714276558112, 0.6040158988195498, 0.5994834655460151, 0.5956759254292563, 0.5921867287233022, 0.5908429507302013, 0.5897241339026864, 0.5890631281085877, 0.5842169757131102, 0.5701865426639467, 0.5599056572602474, 0.5467549784025016, 0.54413545260524, 0.5421209202304451, 0.5417987663053946, 0.5417515849519737, 0.5417327901981226, 0.5417275151419451, 0.5417233156431542, 0.5417227598089482, 0.5417204176431057, 0.5417189374603677, 0.5417158713127757, 0.541707712172402, 0.541684208524215, 0.5416300815139463, 0.5415396979441477, 0.5411999186324588, 0.5406851462611221, 0.5395177281056639, 0.5369673163465148, 0.5332903121464703, 0.5296935487695672, 0.523598775963988, 0.5194370281348515, 0.5185541357873712, 0.5181999209384576, 0.5181491759139423, 0.5181351422649021, 0.5181288974950162, 0.5181126521694716, 0.5180990784505191, 0.5180920521789529, 0.5180833324350651, 0.51808201216088, 0.5180816120333999, 0.5180813395674699, 0.5180812737011068, 0.518081259385516, 0.5180812573449536, 0.5180812568220254, 0.5180812565734199, 0.5180812565190303, 0.5180812564756374, 0.5180812564697246, 0.5180812564686873, 0.5180812564685954, 0.5180812564685839, 0.51808125646858, 0.5180812564685794, 0.5180812564685793, 0.5180812564685792, 0.5180812564685792]}}, "bfgs": {"type": "gradient", "0": {"maxiter": 100, "gtol": 1e-05, "xrtol": 1e-05, "eps": 1e-05, "duration": 0.14258646965026855, "fun": "0.4521880982010953", "jac": "[ 1.13538068e-06 -3.30440120e-06 -1.44606549e-07  4.94415620e-07\n  3.25929284e-06  6.60393962e-07]", "hess_inv": "[[ 6.20134677e+00 -4.21029365e-01 -1.54107914e+00 -2.10673375e+00\n  -6.10463703e-01 -9.09868120e-01]\n [-4.21029365e-01  4.50793616e+00 -2.13721280e+00 -2.86999624e-01\n  -1.94699933e-03  7.46389322e-01]\n [-1.54107914e+00 -2.13721280e+00  7.71228210e+00  3.24414166e+00\n  -2.01357727e+00 -3.17719511e+00]\n [-2.10673375e+00 -2.86999624e-01  3.24414166e+00  6.29704055e+00\n  -1.12576586e+00 -1.42317384e+00]\n [-6.10463703e-01 -1.94699933e-03 -2.01357727e+00 -1.12576586e+00\n   7.18986411e+00  4.97166853e+00]\n [-9.09868120e-01  7.46389322e-01 -3.17719511e+00 -1.42317384e+00\n   4.97166853e+00  7.75434806e+00]]", "nfev": "175", "njev": "25", "status": "0", "success": "True", "message": "Optimization terminated successfully.", "x": "[ 5.16266785  3.3688511   3.1127728   2.19060191  0.27731409 -1.06828313]", "nit": "24", "callback": [0.7091975589070892, 0.6880457253835326, 0.6585058029010713, 0.6436015406251053, 0.6260416643777327, 0.5950068689558647, 0.545690460539294, 0.5105445388327874, 0.49914252100192935, 0.4867213507596777, 0.46885240910893977, 0.46077764035879987, 0.45745091869074783, 0.45467639411861405, 0.4530997594444819, 0.4524140262643106, 0.4522720060466653, 0.45220980093400276, 0.4521975857797357, 0.45219300936299933, 0.4521896064676414, 0.4521882889479809, 0.45218810518907004, 0.4521880982010953]}, "1": {"maxiter": 100, "gtol": 1e-05, "xrtol": 1e-05, "eps": 1e-10, "duration": 0.14092612266540527, "fun": "0.4521880982229848", "jac": "[-1.11022293e-06 -3.33066880e-06  0.00000000e+00 -1.11022293e-06\n  3.33066880e-06  0.00000000e+00]", "hess_inv": "[[ 6.18766211 -0.4170358  -1.54992697 -2.0881984  -0.62358991 -0.88404888]\n [-0.4170358   4.51212398 -2.14394589 -0.27980781  0.00990386  0.77481522]\n [-1.54992697 -2.14394589  7.72008088  3.24054769 -2.04193704 -3.20899351]\n [-2.0881984  -0.27980781  3.24054769  6.28571653 -1.10049605 -1.41196205]\n [-0.62358991  0.00990386 -2.04193704 -1.10049605  7.18946628  5.04942248]\n [-0.88404888  0.77481522 -3.20899351 -1.41196205  5.04942248  7.87097585]]", "nfev": "175", "njev": "25", "status": "0", "success": "True", "message": "Optimization terminated successfully.", "x": "[ 5.16265832  3.36884885  3.11278139  2.19060641  0.27731965 -1.06828108]", "nit": "24", "callback": [0.7091975968432603, 0.6880457453885032, 0.6585066338454975, 0.6436021576849233, 0.6260413019932947, 0.5950056811154512, 0.5456892645440945, 0.5105396993439654, 0.4991383622324639, 0.48671503428311047, 0.4688472238387643, 0.4607788641946198, 0.457450608118281, 0.4546770834895737, 0.4530996735747407, 0.4524140930807894, 0.45227197186078016, 0.45220981282611183, 0.45219757354059875, 0.45219301131835576, 0.4521896048960907, 0.4521882943443506, 0.4521881061946911, 0.4521880982229848]}, "2": {"maxiter": 100, "gtol": 1e-05, "xrtol": 1e-10, "eps": 1e-05, "duration": 0.22048568725585938, "fun": "0.4521880982010953", "jac": "[ 1.13538068e-06 -3.30440120e-06 -1.44606549e-07  4.94415620e-07\n  3.25929284e-06  6.60393962e-07]", "hess_inv": "[[ 6.20134677e+00 -4.21029365e-01 -1.54107914e+00 -2.10673375e+00\n  -6.10463703e-01 -9.09868120e-01]\n [-4.21029365e-01  4.50793616e+00 -2.13721280e+00 -2.86999624e-01\n  -1.94699933e-03  7.46389322e-01]\n [-1.54107914e+00 -2.13721280e+00  7.71228210e+00  3.24414166e+00\n  -2.01357727e+00 -3.17719511e+00]\n [-2.10673375e+00 -2.86999624e-01  3.24414166e+00  6.29704055e+00\n  -1.12576586e+00 -1.42317384e+00]\n [-6.10463703e-01 -1.94699933e-03 -2.01357727e+00 -1.12576586e+00\n   7.18986411e+00  4.97166853e+00]\n [-9.09868120e-01  7.46389322e-01 -3.17719511e+00 -1.42317384e+00\n   4.97166853e+00  7.75434806e+00]]", "nfev": "175", "njev": "25", "status": "0", "success": "True", "message": "Optimization terminated successfully.", "x": "[ 5.16266785  3.3688511   3.1127728   2.19060191  0.27731409 -1.06828313]", "nit": "24", "callback": [0.7091975589070892, 0.6880457253835326, 0.6585058029010713, 0.6436015406251053, 0.6260416643777327, 0.5950068689558647, 0.545690460539294, 0.5105445388327874, 0.49914252100192935, 0.4867213507596777, 0.46885240910893977, 0.46077764035879987, 0.45745091869074783, 0.45467639411861405, 0.4530997594444819, 0.4524140262643106, 0.4522720060466653, 0.45220980093400276, 0.4521975857797357, 0.45219300936299933, 0.4521896064676414, 0.4521882889479809, 0.45218810518907004, 0.4521880982010953]}, "3": {"maxiter": 100, "gtol": 1e-05, "xrtol": 1e-10, "eps": 1e-10, "duration": 0.13848042488098145, "fun": "0.4521880982229848", "jac": "[-1.11022293e-06 -3.33066880e-06  0.00000000e+00 -1.11022293e-06\n  3.33066880e-06  0.00000000e+00]", "hess_inv": "[[ 6.18766211 -0.4170358  -1.54992697 -2.0881984  -0.62358991 -0.88404888]\n [-0.4170358   4.51212398 -2.14394589 -0.27980781  0.00990386  0.77481522]\n [-1.54992697 -2.14394589  7.72008088  3.24054769 -2.04193704 -3.20899351]\n [-2.0881984  -0.27980781  3.24054769  6.28571653 -1.10049605 -1.41196205]\n [-0.62358991  0.00990386 -2.04193704 -1.10049605  7.18946628  5.04942248]\n [-0.88404888  0.77481522 -3.20899351 -1.41196205  5.04942248  7.87097585]]", "nfev": "175", "njev": "25", "status": "0", "success": "True", "message": "Optimization terminated successfully.", "x": "[ 5.16265832  3.36884885  3.11278139  2.19060641  0.27731965 -1.06828108]", "nit": "24", "callback": [0.7091975968432603, 0.6880457453885032, 0.6585066338454975, 0.6436021576849233, 0.6260413019932947, 0.5950056811154512, 0.5456892645440945, 0.5105396993439654, 0.4991383622324639, 0.48671503428311047, 0.4688472238387643, 0.4607788641946198, 0.457450608118281, 0.4546770834895737, 0.4530996735747407, 0.4524140930807894, 0.45227197186078016, 0.45220981282611183, 0.45219757354059875, 0.45219301131835576, 0.4521896048960907, 0.4521882943443506, 0.4521881061946911, 0.4521880982229848]}, "4": {"maxiter": 100, "gtol": 1e-10, "xrtol": 1e-05, "eps": 1e-05, "duration": 0.1430821418762207, "fun": "0.4521880981541503", "jac": "[-5.81867887e-08 -1.63058456e-07 -1.55875313e-08 -3.08864045e-08\n  3.15691917e-07 -2.40996112e-07]", "hess_inv": "[[ 6.20740132 -0.45695121 -1.55952939 -2.0955736  -0.53471419 -0.80440602]\n [-0.45695121  4.65198089 -2.08476222 -0.29518819 -0.28152909  0.44092512]\n [-1.55952939 -2.08476222  7.72144898  3.25802344 -2.10423333 -3.2342608 ]\n [-2.0955736  -0.29518819  3.25802344  6.26887314 -1.12879971 -1.49777222]\n [-0.53471419 -0.28152909 -2.10423333 -1.12879971  7.72000435  5.50376508]\n [-0.80440602  0.44092512 -3.2342608  -1.49777222  5.50376508  8.106754  ]]", "nfev": "182", "njev": "26", "status": "0", "success": "True", "message": "Optimization terminated successfully.", "x": "[ 5.16266238  3.36886746  3.11277619  2.19060536  0.27728522 -1.06830378]", "nit": "25", "callback": [0.7091975589070892, 0.6880457253835326, 0.6585058029010713, 0.6436015406251053, 0.6260416643777327, 0.5950068689558647, 0.545690460539294, 0.5105445388327874, 0.49914252100192935, 0.4867213507596777, 0.46885240910893977, 0.46077764035879987, 0.45745091869074783, 0.45467639411861405, 0.4530997594444819, 0.4524140262643106, 0.4522720060466653, 0.45220980093400276, 0.4521975857797357, 0.45219300936299933, 0.4521896064676414, 0.4521882889479809, 0.45218810518907004, 0.4521880982010953, 0.4521880981541503]}, "5": {"maxiter": 100, "gtol": 1e-10, "xrtol": 1e-05, "eps": 1e-10, "duration": 0.1590101718902588, "fun": "0.45218809814466954", "jac": "[-2.22044587e-06 -1.11022293e-06  0.00000000e+00  1.11022293e-06\n  0.00000000e+00  0.00000000e+00]", "hess_inv": "[[ 6.17276185 -0.40559983 -1.53365981 -2.1153009  -0.67087329 -0.98245479]\n [-0.40559983  4.63538117 -2.10390702 -0.2744679  -0.26106127  0.4784161 ]\n [-1.53365981 -2.10390702  7.72321572  3.26398589 -2.11254375 -3.2495142 ]\n [-2.1153009  -0.2744679   3.26398589  6.23822956 -1.15052136 -1.54740258]\n [-0.67087329 -0.26106127 -2.11254375 -1.15052136  7.7544299   5.60265169]\n [-0.98245479  0.4784161  -3.2495142  -1.54740258  5.60265169  8.26874596]]", "nfev": "182", "njev": "26", "status": "0", "success": "True", "message": "Optimization terminated successfully.", "x": "[ 5.16266371  3.3688644   3.11278334  2.19061391  0.27729093 -1.06830096]", "nit": "25", "callback": [0.7091975968432603, 0.6880457453885032, 0.6585066338454975, 0.6436021576849233, 0.6260413019932947, 0.5950056811154512, 0.5456892645440945, 0.5105396993439654, 0.4991383622324639, 0.48671503428311047, 0.4688472238387643, 0.4607788641946198, 0.457450608118281, 0.4546770834895737, 0.4530996735747407, 0.4524140930807894, 0.45227197186078016, 0.45220981282611183, 0.45219757354059875, 0.45219301131835576, 0.4521896048960907, 0.4521882943443506, 0.4521881061946911, 0.4521880982229848, 0.45218809814466954]}, "6": {"maxiter": 100, "gtol": 1e-10, "xrtol": 1e-10, "eps": 1e-05, "duration": 0.3405187129974365, "fun": "0.452188098154061", "jac": "[-1.66533454e-08 -4.69069228e-08 -6.59472477e-09 -8.11573031e-09\n  8.98725538e-08 -6.99329483e-08]", "hess_inv": "[[ 6.17369529 -0.47482948 -1.499164   -2.08948189 -0.51799249 -0.84236604]\n [-0.47482948  4.76063798 -1.97237289 -0.28583244 -0.42025895  0.51080738]\n [-1.499164   -1.97237289  7.60199948  3.25735111 -2.25698563 -3.18938165]\n [-2.08948189 -0.28583244  3.25735111  6.26707961 -1.13807131 -1.48186909]\n [-0.51799249 -0.42025895 -2.25698563 -1.13807131  7.88696923  5.3742446 ]\n [-0.84236604  0.51080738 -3.18938165 -1.48186909  5.3742446   7.98978855]]", "nfev": "437", "njev": "61", "status": "2", "success": "False", "message": "Desired error not necessarily achieved due to precision loss.", "x": "[ 5.16266248  3.36886815  3.112776    2.19060542  0.27728424 -1.06830367]", "nit": "30", "callback": [0.7091975589070892, 0.6880457253835326, 0.6585058029010713, 0.6436015406251053, 0.6260416643777327, 0.5950068689558647, 0.545690460539294, 0.5105445388327874, 0.49914252100192935, 0.4867213507596777, 0.46885240910893977, 0.46077764035879987, 0.45745091869074783, 0.45467639411861405, 0.4530997594444819, 0.4524140262643106, 0.4522720060466653, 0.45220980093400276, 0.4521975857797357, 0.45219300936299933, 0.4521896064676414, 0.4521882889479809, 0.45218810518907004, 0.4521880982010953, 0.4521880981541503, 0.45218809815412286, 0.4521880981540949, 0.452188098154072, 0.45218809815406147, 0.452188098154061]}, "7": {"maxiter": 100, "gtol": 1e-10, "xrtol": 1e-10, "eps": 1e-10, "duration": 0.27857017517089844, "fun": "0.45218809814332594", "jac": "[0. 0. 0. 0. 0. 0.]", "hess_inv": "[[ 0.70758737 -0.73201417 -0.95454237 -0.55177943  0.78874366 -0.15519917]\n [-0.73201417  0.78443538  1.02309225  0.56397918 -0.83556354  0.16681574]\n [-0.95454237  1.02309225  1.65647423  0.53152852 -1.20775629  0.4217959 ]\n [-0.55177943  0.56397918  0.53152852  0.5754738  -0.55047355 -0.02338374]\n [ 0.78874366 -0.83556354 -1.20775629 -0.55047355  0.95802799 -0.23854071]\n [-0.15519917  0.16681574  0.4217959  -0.02338374 -0.23854071  0.17821195]]", "nfev": "273", "njev": "39", "status": "0", "success": "True", "message": "Optimization terminated successfully.", "x": "[ 5.16266644  3.36886792  3.1127836   2.19061234  0.27728706 -1.06830185]", "nit": "33", "callback": [0.7091975968432603, 0.6880457453885032, 0.6585066338454975, 0.6436021576849233, 0.6260413019932947, 0.5950056811154512, 0.5456892645440945, 0.5105396993439654, 0.4991383622324639, 0.48671503428311047, 0.4688472238387643, 0.4607788641946198, 0.457450608118281, 0.4546770834895737, 0.4530996735747407, 0.4524140930807894, 0.45227197186078016, 0.45220981282611183, 0.45219757354059875, 0.45219301131835576, 0.4521896048960907, 0.4521882943443506, 0.4521881061946911, 0.4521880982229848, 0.45218809814466954, 0.45218809814465877, 0.45218809814465377, 0.452188098144648, 0.45218809814464, 0.45218809814457483, 0.45218809814446637, 0.45218809814361993, 0.45218809814332594]}, "8": {"maxiter": 500, "gtol": 1e-05, "xrtol": 1e-05, "eps": 1e-05, "duration": 0.28225159645080566, "fun": "0.4521880982010953", "jac": "[ 1.13538068e-06 -3.30440120e-06 -1.44606549e-07  4.94415620e-07\n  3.25929284e-06  6.60393962e-07]", "hess_inv": "[[ 6.20134677e+00 -4.21029365e-01 -1.54107914e+00 -2.10673375e+00\n  -6.10463703e-01 -9.09868120e-01]\n [-4.21029365e-01  4.50793616e+00 -2.13721280e+00 -2.86999624e-01\n  -1.94699933e-03  7.46389322e-01]\n [-1.54107914e+00 -2.13721280e+00  7.71228210e+00  3.24414166e+00\n  -2.01357727e+00 -3.17719511e+00]\n [-2.10673375e+00 -2.86999624e-01  3.24414166e+00  6.29704055e+00\n  -1.12576586e+00 -1.42317384e+00]\n [-6.10463703e-01 -1.94699933e-03 -2.01357727e+00 -1.12576586e+00\n   7.18986411e+00  4.97166853e+00]\n [-9.09868120e-01  7.46389322e-01 -3.17719511e+00 -1.42317384e+00\n   4.97166853e+00  7.75434806e+00]]", "nfev": "175", "njev": "25", "status": "0", "success": "True", "message": "Optimization terminated successfully.", "x": "[ 5.16266785  3.3688511   3.1127728   2.19060191  0.27731409 -1.06828313]", "nit": "24", "callback": [0.7091975589070892, 0.6880457253835326, 0.6585058029010713, 0.6436015406251053, 0.6260416643777327, 0.5950068689558647, 0.545690460539294, 0.5105445388327874, 0.49914252100192935, 0.4867213507596777, 0.46885240910893977, 0.46077764035879987, 0.45745091869074783, 0.45467639411861405, 0.4530997594444819, 0.4524140262643106, 0.4522720060466653, 0.45220980093400276, 0.4521975857797357, 0.45219300936299933, 0.4521896064676414, 0.4521882889479809, 0.45218810518907004, 0.4521880982010953]}, "9": {"maxiter": 500, "gtol": 1e-05, "xrtol": 1e-05, "eps": 1e-10, "duration": 0.2826728820800781, "fun": "0.4521880982229848", "jac": "[-1.11022293e-06 -3.33066880e-06  0.00000000e+00 -1.11022293e-06\n  3.33066880e-06  0.00000000e+00]", "hess_inv": "[[ 6.18766211 -0.4170358  -1.54992697 -2.0881984  -0.62358991 -0.88404888]\n [-0.4170358   4.51212398 -2.14394589 -0.27980781  0.00990386  0.77481522]\n [-1.54992697 -2.14394589  7.72008088  3.24054769 -2.04193704 -3.20899351]\n [-2.0881984  -0.27980781  3.24054769  6.28571653 -1.10049605 -1.41196205]\n [-0.62358991  0.00990386 -2.04193704 -1.10049605  7.18946628  5.04942248]\n [-0.88404888  0.77481522 -3.20899351 -1.41196205  5.04942248  7.87097585]]", "nfev": "175", "njev": "25", "status": "0", "success": "True", "message": "Optimization terminated successfully.", "x": "[ 5.16265832  3.368