{"date": "2024/10/28/, 20:22:44", "conf_id": 212, "data_type": "non_lin_ind\n", "num_data_points": 3, "s_rank": 0, "unitary": "[[0.18663085-0.53122324j,-0.11886349-0.70040876j,0.28555095-0.02789305j,-0.12262021-0.2844587j],[-0.16702216+0.27758472j,0.27526351-0.29738586j,-0.01109314+0.22495461j,-0.77239203+0.28900673j],[0.61935415+0.12301792j,-0.31269928-0.03315917j,-0.61902762-0.19039079j,-0.27120731-0.0968989j],[0.42341754+0.0023929j,-0.05847358+0.47832119j,0.64900495-0.16218422j,-0.37182676-0.05229966j]]", "databatch_0": {"databatch": "[[[0.19975602+0.15825081j,0.17750034-0.10649314j,-0.11203491+0.04638589j,0.09293593-0.16139408j],[-0.16408022+0.27923132j,-0.23155541+0.09331238j,0.03733321-0.14206434j,-0.16328807-0.05312251j],[0.08760899+0.42787912j,-0.1449384+0.18156541j,-0.087076-0.14290366j,-0.19340623+0.00555423j],[0.13067292+0.13601632j,-0.20676499-0.28089237j,0.01983179+0.05322431j,-0.21423495-0.32866312j]],[[-0.26861585+0.06200727j,-0.11391677-0.28948559j,0.00106803-0.07229207j,-0.36146426-0.0975961j],[0.02740843-0.10634402j,0.04291461+0.07473291j,0.09547037-0.02093544j,-0.00741052-0.0826812j],[-0.21054795+0.00410487j,0.35759984-0.00492642j,-0.02760532-0.20036278j,0.11682892+0.19206138j],[-0.15578929+0.41136104j,-0.06442781-0.27042232j,-0.15593721-0.07735626j,0.05815528+0.27881746j]],[[-0.55465117+0.02262498j,-0.1562404+0.1106427j,-0.08890308+0.12059239j,0.1199032+0.02319068j],[-0.17779299-0.20368907j,0.05809338+0.13607595j,-0.16359241-0.15504538j,-0.00411892+0.06780841j],[0.07357682-0.07965117j,-0.05420671-0.10046339j,-0.08479297+0.17030084j,-0.2340319+0.0592895j],[-0.0728067-0.04570473j,-0.34948153+0.27828981j,0.26833683+0.05640324j,-0.20003972+0.16120543j]]]", "initial param values": "[3.72299766,3.90701198,1.78368661,0.28461202,1.15767073,0.21376244]", "nelder_mead": {"type": "gradient-free", "0": {"maxiter": 100, "fatol": 1e-05, "xatol": 1e-05, "duration": 0.26167774200439453, "fun": "0.6200072227477726", "nit": "100", "nfev": "160", "status": "2", "success": "False", "message": "Maximum number of iterations has been exceeded.", "x": "[4.46595541 1.10674616 1.9535083  0.1284631  1.65890552 0.32221151]", "final_simplex": "(array([[4.46595541, 1.10674616, 1.9535083 , 0.1284631 , 1.65890552,\n        0.32221151],\n       [4.47850678, 1.0943807 , 1.9767512 , 0.14269494, 1.63754094,\n        0.31654727],\n       [4.39698336, 1.09367539, 1.97983942, 0.14988733, 1.61378403,\n        0.31979075],\n       [4.46825642, 1.02980727, 1.92544682, 0.15513768, 1.64389347,\n        0.31772571],\n       [4.52299089, 1.06658929, 1.92019585, 0.17824971, 1.60778496,\n        0.29792733],\n       [4.47861019, 1.16982018, 1.90865249, 0.17318709, 1.6279454 ,\n        0.29568248],\n       [4.43862046, 1.05285508, 1.89701647, 0.17008231, 1.63711962,\n        0.30673654]]), array([0.62000722, 0.62020214, 0.62147026, 0.62215966, 0.62301722,\n       0.62341694, 0.62342093]))", "callback": [0.9207904524483695, 0.7497215336171579, 0.6587294844022444, 0.6457303623467585, 0.6294346240229933, 0.6273411844335235, 0.6266482262740065, 0.6258145552964947, 0.6254736993856189, 0.6238625942856351]}, "1": {"maxiter": 100, "fatol": 1e-05, "xatol": 1e-10, "duration": 0.26200294494628906, "fun": "0.6200072227477726", "nit": "100", "nfev": "160", "status": "2", "success": "False", "message": "Maximum number of iterations has been exceeded.", "x": "[4.46595541 1.10674616 1.9535083  0.1284631  1.65890552 0.32221151]", "final_simplex": "(array([[4.46595541, 1.10674616, 1.9535083 , 0.1284631 , 1.65890552,\n        0.32221151],\n       [4.47850678, 1.0943807 , 1.9767512 , 0.14269494, 1.63754094,\n        0.31654727],\n       [4.39698336, 1.09367539, 1.97983942, 0.14988733, 1.61378403,\n        0.31979075],\n       [4.46825642, 1.02980727, 1.92544682, 0.15513768, 1.64389347,\n        0.31772571],\n       [4.52299089, 1.06658929, 1.92019585, 0.17824971, 1.60778496,\n        0.29792733],\n       [4.47861019, 1.16982018, 1.90865249, 0.17318709, 1.6279454 ,\n        0.29568248],\n       [4.43862046, 1.05285508, 1.89701647, 0.17008231, 1.63711962,\n        0.30673654]]), array([0.62000722, 0.62020214, 0.62147026, 0.62215966, 0.62301722,\n       0.62341694, 0.62342093]))", "callback": [0.9207904524483695, 0.7497215336171579, 0.6587294844022444, 0.6457303623467585, 0.6294346240229933, 0.6273411844335235, 0.6266482262740065, 0.6258145552964947, 0.6254736993856189, 0.6238625942856351]}, "2": {"maxiter": 100, "fatol": 1e-10, "xatol": 1e-05, "duration": 0.23588275909423828, "fun": "0.6200072227477726", "nit": "100", "nfev": "160", "status": "2", "success": "False", "message": "Maximum number of iterations has been exceeded.", "x": "[4.46595541 1.10674616 1.9535083  0.1284631  1.65890552 0.32221151]", "final_simplex": "(array([[4.46595541, 1.10674616, 1.9535083 , 0.1284631 , 1.65890552,\n        0.32221151],\n       [4.47850678, 1.0943807 , 1.9767512 , 0.14269494, 1.63754094,\n        0.31654727],\n       [4.39698336, 1.09367539, 1.97983942, 0.14988733, 1.61378403,\n        0.31979075],\n       [4.46825642, 1.02980727, 1.92544682, 0.15513768, 1.64389347,\n        0.31772571],\n       [4.52299089, 1.06658929, 1.92019585, 0.17824971, 1.60778496,\n        0.29792733],\n       [4.47861019, 1.16982018, 1.90865249, 0.17318709, 1.6279454 ,\n        0.29568248],\n       [4.43862046, 1.05285508, 1.89701647, 0.17008231, 1.63711962,\n        0.30673654]]), array([0.62000722, 0.62020214, 0.62147026, 0.62215966, 0.62301722,\n       0.62341694, 0.62342093]))", "callback": [0.9207904524483695, 0.7497215336171579, 0.6587294844022444, 0.6457303623467585, 0.6294346240229933, 0.6273411844335235, 0.6266482262740065, 0.6258145552964947, 0.6254736993856189, 0.6238625942856351]}, "3": {"maxiter": 100, "fatol": 1e-10, "xatol": 1e-10, "duration": 0.12327980995178223, "fun": "0.6200072227477726", "nit": "100", "nfev": "160", "status": "2", "success": "False", "message": "Maximum number of iterations has been exceeded.", "x": "[4.46595541 1.10674616 1.9535083  0.1284631  1.65890552 0.32221151]", "final_simplex": "(array([[4.46595541, 1.10674616, 1.9535083 , 0.1284631 , 1.65890552,\n        0.32221151],\n       [4.47850678, 1.0943807 , 1.9767512 , 0.14269494, 1.63754094,\n        0.31654727],\n       [4.39698336, 1.09367539, 1.97983942, 0.14988733, 1.61378403,\n        0.31979075],\n       [4.46825642, 1.02980727, 1.92544682, 0.15513768, 1.64389347,\n        0.31772571],\n       [4.52299089, 1.06658929, 1.92019585, 0.17824971, 1.60778496,\n        0.29792733],\n       [4.47861019, 1.16982018, 1.90865249, 0.17318709, 1.6279454 ,\n        0.29568248],\n       [4.43862046, 1.05285508, 1.89701647, 0.17008231, 1.63711962,\n        0.30673654]]), array([0.62000722, 0.62020214, 0.62147026, 0.62215966, 0.62301722,\n       0.62341694, 0.62342093]))", "callback": [0.9207904524483695, 0.7497215336171579, 0.6587294844022444, 0.6457303623467585, 0.6294346240229933, 0.6273411844335235, 0.6266482262740065, 0.6258145552964947, 0.6254736993856189, 0.6238625942856351]}, "4": {"maxiter": 500, "fatol": 1e-05, "xatol": 1e-05, "duration": 0.5908172130584717, "fun": "0.28592768153459647", "nit": "500", "nfev": "766", "status": "2", "success": "False", "message": "Maximum number of iterations has been exceeded.", "x": "[ 5.41005441  3.41137405  0.37962603 -2.70011904 -0.81729194  1.11548082]", "final_simplex": "(array([[ 5.41005441,  3.41137405,  0.37962603, -2.70011904, -0.81729194,\n         1.11548082],\n       [ 5.43393963,  3.3674879 ,  0.3986594 , -2.67026636, -0.79787772,\n         1.12325844],\n       [ 5.41997557,  3.37456131,  0.39747191, -2.69316149, -0.75551126,\n         1.15910952],\n       [ 5.41572725,  3.36658504,  0.4034195 , -2.69250089, -0.80117836,\n         1.1169197 ],\n       [ 5.43741143,  3.35296834,  0.4063147 , -2.68359298, -0.75603751,\n         1.16446422],\n       [ 5.43120617,  3.35439782,  0.422331  , -2.67459858, -0.7490005 ,\n         1.17046343],\n       [ 5.43792348,  3.37360153,  0.40364005, -2.68024152, -0.76594496,\n         1.14142417]]), array([0.28592768, 0.28593268, 0.28593871, 0.28594195, 0.28601409,\n       0.28601504, 0.28602358]))", "callback": [0.9207904524483695, 0.7497215336171579, 0.6587294844022444, 0.6457303623467585, 0.6294346240229933, 0.6273411844335235, 0.6266482262740065, 0.6258145552964947, 0.6254736993856189, 0.6238625942856351, 0.6188994303420523, 0.6158075019030493, 0.6150857156286424, 0.614270700191047, 0.6131460870641461, 0.6085538833767101, 0.6024707361644279, 0.5932149165994098, 0.5913884569928183, 0.5874350355998141, 0.5852508237192773, 0.5828551356129044, 0.5806319703215568, 0.5691624371196442, 0.4428895167275817, 0.40164969682688845, 0.38765256902816136, 0.38417901326579174, 0.38099770782309295, 0.37491380507154015, 0.33742440820133035, 0.3120313430387952, 0.30323266527027704, 0.2977502305594918, 0.295201805097547, 0.294066690773211, 0.2936556578847055, 0.29294384764670733, 0.2921261295888661, 0.29186805181718223, 0.29163250810219277, 0.2915168382352894, 0.2914756305098979, 0.29141346774611054, 0.29123300421105636, 0.2903795658053937, 0.2880671860930478, 0.28667907640356416, 0.28615024357700136, 0.28601408751043567]}, "5": {"maxiter": 500, "fatol": 1e-05, "xatol": 1e-10, "duration": 0.7652554512023926, "fun": "0.28592768153459647", "nit": "500", "nfev": "766", "status": "2", "success": "False", "message": "Maximum number of iterations has been exceeded.", "x": "[ 5.41005441  3.41137405  0.37962603 -2.70011904 -0.81729194  1.11548082]", "final_simplex": "(array([[ 5.41005441,  3.41137405,  0.37962603, -2.70011904, -0.81729194,\n         1.11548082],\n       [ 5.43393963,  3.3674879 ,  0.3986594 , -2.67026636, -0.79787772,\n         1.12325844],\n       [ 5.41997557,  3.37456131,  0.39747191, -2.69316149, -0.75551126,\n         1.15910952],\n       [ 5.41572725,  3.36658504,  0.4034195 , -2.69250089, -0.80117836,\n         1.1169197 ],\n       [ 5.43741143,  3.35296834,  0.4063147 , -2.68359298, -0.75603751,\n         1.16446422],\n       [ 5.43120617,  3.35439782,  0.422331  , -2.67459858, -0.7490005 ,\n         1.17046343],\n       [ 5.43792348,  3.37360153,  0.40364005, -2.68024152, -0.76594496,\n         1.14142417]]), array([0.28592768, 0.28593268, 0.28593871, 0.28594195, 0.28601409,\n       0.28601504, 0.28602358]))", "callback": [0.9207904524483695, 0.7497215336171579, 0.6587294844022444, 0.6457303623467585, 0.6294346240229933, 0.6273411844335235, 0.6266482262740065, 0.6258145552964947, 0.6254736993856189, 0.6238625942856351, 0.6188994303420523, 0.6158075019030493, 0.6150857156286424, 0.614270700191047, 0.6131460870641461, 0.6085538833767101, 0.6024707361644279, 0.5932149165994098, 0.5913884569928183, 0.5874350355998141, 0.5852508237192773, 0.5828551356129044, 0.5806319703215568, 0.5691624371196442, 0.4428895167275817, 0.40164969682688845, 0.38765256902816136, 0.38417901326579174, 0.38099770782309295, 0.37491380507154015, 0.33742440820133035, 0.3120313430387952, 0.30323266527027704, 0.2977502305594918, 0.295201805097547, 0.294066690773211, 0.2936556578847055, 0.29294384764670733, 0.2921261295888661, 0.29186805181718223, 0.29163250810219277, 0.2915168382352894, 0.2914756305098979, 0.29141346774611054, 0.29123300421105636, 0.2903795658053937, 0.2880671860930478, 0.28667907640356416, 0.28615024357700136, 0.28601408751043567]}, "6": {"maxiter": 500, "fatol": 1e-10, "xatol": 1e-05, "duration": 0.650425910949707, "fun": "0.28592768153459647", "nit": "500", "nfev": "766", "status": "2", "success": "False", "message": "Maximum number of iterations has been exceeded.", "x": "[ 5.41005441  3.41137405  0.37962603 -2.70011904 -0.81729194  1.11548082]", "final_simplex": "(array([[ 5.41005441,  3.41137405,  0.37962603, -2.70011904, -0.81729194,\n         1.11548082],\n       [ 5.43393963,  3.3674879 ,  0.3986594 , -2.67026636, -0.79787772,\n         1.12325844],\n       [ 5.41997557,  3.37456131,  0.39747191, -2.69316149, -0.75551126,\n         1.15910952],\n       [ 5.41572725,  3.36658504,  0.4034195 , -2.69250089, -0.80117836,\n         1.1169197 ],\n       [ 5.43741143,  3.35296834,  0.4063147 , -2.68359298, -0.75603751,\n         1.16446422],\n       [ 5.43120617,  3.35439782,  0.422331  , -2.67459858, -0.7490005 ,\n         1.17046343],\n       [ 5.43792348,  3.37360153,  0.40364005, -2.68024152, -0.76594496,\n         1.14142417]]), array([0.28592768, 0.28593268, 0.28593871, 0.28594195, 0.28601409,\n       0.28601504, 0.28602358]))", "callback": [0.9207904524483695, 0.7497215336171579, 0.6587294844022444, 0.6457303623467585, 0.6294346240229933, 0.6273411844335235, 0.6266482262740065, 0.6258145552964947, 0.6254736993856189, 0.6238625942856351, 0.6188994303420523, 0.6158075019030493, 0.6150857156286424, 0.614270700191047, 0.6131460870641461, 0.6085538833767101, 0.6024707361644279, 0.5932149165994098, 0.5913884569928183, 0.5874350355998141, 0.5852508237192773, 0.5828551356129044, 0.5806319703215568, 0.5691624371196442, 0.4428895167275817, 0.40164969682688845, 0.38765256902816136, 0.38417901326579174, 0.38099770782309295, 0.37491380507154015, 0.33742440820133035, 0.3120313430387952, 0.30323266527027704, 0.2977502305594918, 0.295201805097547, 0.294066690773211, 0.2936556578847055, 0.29294384764670733, 0.2921261295888661, 0.29186805181718223, 0.29163250810219277, 0.2915168382352894, 0.2914756305098979, 0.29141346774611054, 0.29123300421105636, 0.2903795658053937, 0.2880671860930478, 0.28667907640356416, 0.28615024357700136, 0.28601408751043567]}, "7": {"maxiter": 500, "fatol": 1e-10, "xatol": 1e-10, "duration": 0.6703414916992188, "fun": "0.28592768153459647", "nit": "500", "nfev": "766", "status": "2", "success": "False", "message": "Maximum number of iterations has been exceeded.", "x": "[ 5.41005441  3.41137405  0.37962603 -2.70011904 -0.81729194  1.11548082]", "final_simplex": "(array([[ 5.41005441,  3.41137405,  0.37962603, -2.70011904, -0.81729194,\n         1.11548082],\n       [ 5.43393963,  3.3674879 ,  0.3986594 , -2.67026636, -0.79787772,\n         1.12325844],\n       [ 5.41997557,  3.37456131,  0.39747191, -2.69316149, -0.75551126,\n         1.15910952],\n       [ 5.41572725,  3.36658504,  0.4034195 , -2.69250089, -0.80117836,\n         1.1169197 ],\n       [ 5.43741143,  3.35296834,  0.4063147 , -2.68359298, -0.75603751,\n         1.16446422],\n       [ 5.43120617,  3.35439782,  0.422331  , -2.67459858, -0.7490005 ,\n         1.17046343],\n       [ 5.43792348,  3.37360153,  0.40364005, -2.68024152, -0.76594496,\n         1.14142417]]), array([0.28592768, 0.28593268, 0.28593871, 0.28594195, 0.28601409,\n       0.28601504, 0.28602358]))", "callback": [0.9207904524483695, 0.7497215336171579, 0.6587294844022444, 0.6457303623467585, 0.6294346240229933, 0.6273411844335235, 0.6266482262740065, 0.6258145552964947, 0.6254736993856189, 0.6238625942856351, 0.6188994303420523, 0.6158075019030493, 0.6150857156286424, 0.614270700191047, 0.6131460870641461, 0.6085538833767101, 0.6024707361644279, 0.5932149165994098, 0.5913884569928183, 0.5874350355998141, 0.5852508237192773, 0.5828551356129044, 0.5806319703215568, 0.5691624371196442, 0.4428895167275817, 0.40164969682688845, 0.38765256902816136, 0.38417901326579174, 0.38099770782309295, 0.37491380507154015, 0.33742440820133035, 0.3120313430387952, 0.30323266527027704, 0.2977502305594918, 0.295201805097547, 0.294066690773211, 0.2936556578847055, 0.29294384764670733, 0.2921261295888661, 0.29186805181718223, 0.29163250810219277, 0.2915168382352894, 0.2914756305098979, 0.29141346774611054, 0.29123300421105636, 0.2903795658053937, 0.2880671860930478, 0.28667907640356416, 0.28615024357700136, 0.28601408751043567]}, "8": {"maxiter": 1000, "fatol": 1e-05, "xatol": 1e-05, "duration": 0.8964424133300781, "fun": "0.28582589017776217", "nit": "639", "nfev": "997", "status": "0", "success": "True", "message": "Optimization terminated successfully.", "x": "[ 5.40992263  3.38156999  0.37808952 -2.68364408 -0.79677938  1.12913502]", "final_simplex": "(array([[ 5.40992263,  3.38156999,  0.37808952, -2.68364408, -0.79677938,\n         1.12913502],\n       [ 5.40992275,  3.38157813,  0.37808473, -2.68364869, -0.79678368,\n         1.12912996],\n       [ 5.4099265 ,  3.38156897,  0.37808614, -2.6836404 , -0.79676977,\n         1.1291406 ],\n       [ 5.40992089,  3.3815658 ,  0.37809148, -2.68363955, -0.79677015,\n         1.12913649],\n       [ 5.40992753,  3.38157331,  0.37808776, -2.68364081, -0.79677699,\n         1.12913273],\n       [ 5.40992562,  3.38157399,  0.37808399, -2.68363906, -0.79678188,\n         1.12912967],\n       [ 5.40992197,  3.38157075,  0.37808364, -2.68364562, -0.79677729,\n         1.12913083]]), array([0.28582589, 0.28582589, 0.28582589, 0.28582589, 0.28582589,\n       0.28582589, 0.28582589]))", "callback": [0.9207904524483695, 0.7497215336171579, 0.6587294844022444, 0.6457303623467585, 0.6294346240229933, 0.6273411844335235, 0.6266482262740065, 0.6258145552964947, 0.6254736993856189, 0.6238625942856351, 0.6188994303420523, 0.6158075019030493, 0.6150857156286424, 0.614270700191047, 0.6131460870641461, 0.6085538833767101, 0.6024707361644279, 0.5932149165994098, 0.5913884569928183, 0.5874350355998141, 0.5852508237192773, 0.5828551356129044, 0.5806319703215568, 0.5691624371196442, 0.4428895167275817, 0.40164969682688845, 0.38765256902816136, 0.38417901326579174, 0.38099770782309295, 0.37491380507154015, 0.33742440820133035, 0.3120313430387952, 0.30323266527027704, 0.2977502305594918, 0.295201805097547, 0.294066690773211, 0.2936556578847055, 0.29294384764670733, 0.2921261295888661, 0.29186805181718223, 0.29163250810219277, 0.2915168382352894, 0.2914756305098979, 0.29141346774611054, 0.29123300421105636, 0.2903795658053937, 0.2880671860930478, 0.28667907640356416, 0.28615024357700136, 0.28601408751043567, 0.28588198106859364, 0.2858549033137888, 0.2858311597082247, 0.2858275355141823, 0.2858263340671727, 0.28582597517616826, 0.2858259242362292, 0.28582589880994735, 0.2858258932064698, 0.285825891107772, 0.2858258906110581, 0.2858258902957256, 0.2858258902476525, 0.28582589018406335]}, "9": {"maxiter": 1000, "fatol": 1e-05, "xatol": 1e-10, "duration": 1.1829040050506592, "fun": "0.28582589016935944", "nit": "778", "nfev": "1278", "status": "0", "success": "True", "message": "Optimization terminated successfully.", "x": "[ 5.40992001  3.38157422  0.37808934 -2.68364479 -0.79676874  1.12914278]", "final_simplex": "(array([[ 5.40992001,  3.38157422,  0.37808934, -2.68364479, -0.79676874,\n         1.12914278],\n       [ 5.40992001,  3.38157422,  0.37808934, -2.68364479, -0.79676874,\n         1.12914278],\n       [ 5.40992001,  3.38157422,  0.37808934, -2.68364479, -0.79676874,\n         1.12914278],\n       [ 5.40992001,  3.38157422,  0.37808934, -2.68364479, -0.79676874,\n         1.12914278],\n       [ 5.40992001,  3.38157422,  0.37808934, -2.68364479, -0.79676874,\n         1.12914278],\n       [ 5.40992001,  3.38157422,  0.37808934, -2.68364479, -0.79676874,\n         1.12914278],\n       [ 5.40992001,  3.38157422,  0.37808934, -2.68364479, -0.79676874,\n         1.12914278]]), array([0.28582589, 0.28582589, 0.28582589, 0.28582589, 0.28582589,\n       0.28582589, 0.28582589]))", "callback": [0.9207904524483695, 0.7497215336171579, 0.6587294844022444, 0.6457303623467585, 0.6294346240229933, 0.6273411844335235, 0.6266482262740065, 0.6258145552964947, 0.6254736993856189, 0.6238625942856351, 0.6188994303420523, 0.6158075019030493, 0.6150857156286424, 0.614270700191047, 0.6131460870641461, 0.6085538833767101, 0.6024707361644279, 0.5932149165994098, 0.5913884569928183, 0.5874350355998141, 0.5852508237192773, 0.5828551356129044, 0.5806319703215568, 0.5691624371196442, 0.4428895167275817, 0.40164969682688845, 0.38765256902816136, 0.38417901326579174, 0.38099770782309295, 0.37491380507154015, 0.33742440820133035, 0.3120313430387952, 0.30323266527027704, 0.2977502305594918, 0.295201805097547, 0.294066690773211, 0.2936556578847055, 0.29294384764670733, 0.2921261295888661, 0.29186805181718223, 0.29163250810219277, 0.2915168382352894, 0.2914756305098979, 0.29141346774611054, 0.29123300421105636, 0.2903795658053937, 0.2880671860930478, 0.28667907640356416, 0.28615024357700136, 0.28601408751043567, 0.28588198106859364, 0.2858549033137888, 0.2858311597082247, 0.2858275355141823, 0.2858263340671727, 0.28582597517616826, 0.2858259242362292, 0.28582589880994735, 0.2858258932064698, 0.285825891107772, 0.2858258906110581, 0.2858258902957256, 0.2858258902476525, 0.28582589018406335, 0.28582589017422444, 0.28582589017180793, 0.28582589017075255, 0.2858258901701287, 0.2858258901697739, 0.28582589016961835, 0.2858258901695381, 0.2858258901694102, 0.28582589016938265, 0.2858258901693631, 0.285825890169361, 0.2858258901693599, 0.28582589016935955, 0.28582589016935944]}, "10": {"maxiter": 1000, "fatol": 1e-10, "xatol": 1e-05, "duration": 0.9040212631225586, "fun": "0.28582589017776217", "nit": "639", "nfev": "997", "status": "0", "success": "True", "message": "Optimization terminated successfully.", "x": "[ 5.40992263  3.38156999  0.37808952 -2.68364408 -0.79677938  1.12913502]", "final_simplex": "(array([[ 5.40992263,  3.38156999,  0.37808952, -2.68364408, -0.79677938,\n         1.12913502],\n       [ 5.40992275,  3.38157813,  0.37808473, -2.68364869, -0.79678368,\n         1.12912996],\n       [ 5.4099265 ,  3.38156897,  0.37808614, -2.6836404 , -0.79676977,\n         1.1291406 ],\n       [ 5.40992089,  3.3815658 ,  0.37809148, -2.68363955, -0.79677015,\n         1.12913649],\n       [ 5.40992753,  3.38157331,  0.37808776, -2.68364081, -0.79677699,\n         1.12913273],\n       [ 5.40992562,  3.38157399,  0.37808399, -2.68363906, -0.79678188,\n         1.12912967],\n       [ 5.40992197,  3.38157075,  0.37808364, -2.68364562, -0.79677729,\n         1.12913083]]), array([0.28582589, 0.28582589, 0.28582589, 0.28582589, 0.28582589,\n       0.28582589, 0.28582589]))", "callback": [0.9207904524483695, 0.7497215336171579, 0.6587294844022444, 0.6457303623467585, 0.6294346240229933, 0.6273411844335235, 0.6266482262740065, 0.6258145552964947, 0.6254736993856189, 0.6238625942856351, 0.6188994303420523, 0.6158075019030493, 0.6150857156286424, 0.614270700191047, 0.6131460870641461, 0.6085538833767101, 0.6024707361644279, 0.5932149165994098, 0.5913884569928183, 0.5874350355998141, 0.5852508237192773, 0.5828551356129044, 0.5806319703215568, 0.5691624371196442, 0.4428895167275817, 0.40164969682688845, 0.38765256902816136, 0.38417901326579174, 0.38099770782309295, 0.37491380507154015, 0.33742440820133035, 0.3120313430387952, 0.30323266527027704, 0.2977502305594918, 0.295201805097547, 0.294066690773211, 0.2936556578847055, 0.29294384764670733, 0.2921261295888661, 0.29186805181718223, 0.29163250810219277, 0.2915168382352894, 0.2914756305098979, 0.29141346774611054, 0.29123300421105636, 0.2903795658053937, 0.2880671860930478, 0.28667907640356416, 0.28615024357700136, 0.28601408751043567, 0.28588198106859364, 0.2858549033137888, 0.2858311597082247, 0.2858275355141823, 0.2858263340671727, 0.28582597517616826, 0.2858259242362292, 0.28582589880994735, 0.2858258932064698, 0.285825891107772, 0.2858258906110581, 0.2858258902957256, 0.2858258902476525, 0.28582589018406335]}, "11": {"maxiter": 1000, "fatol": 1e-10, "xatol": 1e-10, "duration": 1.1476490497589111, "fun": "0.28582589016935944", "nit": "778", "nfev": "1278", "status": "0", "success": "True", "message": "Optimization terminated successfully.", "x": "[ 5.40992001  3.38157422  0.37808934 -2.68364479 -0.79676874  1.12914278]", "final_simplex": "(array([[ 5.40992001,  3.38157422,  0.37808934, -2.68364479, -0.79676874,\n         1.12914278],\n       [ 5.40992001,  3.38157422,  0.37808934, -2.68364479, -0.79676874,\n         1.12914278],\n       [ 5.40992001,  3.38157422,  0.37808934, -2.68364479, -0.79676874,\n         1.12914278],\n       [ 5.40992001,  3.38157422,  0.37808934, -2.68364479, -0.79676874,\n         1.12914278],\n       [ 5.40992001,  3.38157422,  0.37808934, -2.68364479, -0.79676874,\n         1.12914278],\n       [ 5.40992001,  3.38157422,  0.37808934, -2.68364479, -0.79676874,\n         1.12914278],\n       [ 5.40992001,  3.38157422,  0.37808934, -2.68364479, -0.79676874,\n         1.12914278]]), array([0.28582589, 0.28582589, 0.28582589, 0.28582589, 0.28582589,\n       0.28582589, 0.28582589]))", "callback": [0.9207904524483695, 0.7497215336171579, 0.6587294844022444, 0.6457303623467585, 0.6294346240229933, 0.6273411844335235, 0.6266482262740065, 0.6258145552964947, 0.6254736993856189, 0.6238625942856351, 0.6188994303420523, 0.6158075019030493, 0.6150857156286424, 0.614270700191047, 0.6131460870641461, 0.6085538833767101, 0.6024707361644279, 0.5932149165994098, 0.5913884569928183, 0.5874350355998141, 0.5852508237192773, 0.5828551356129044, 0.5806319703215568, 0.5691624371196442, 0.4428895167275817, 0.40164969682688845, 0.38765256902816136, 0.38417901326579174, 0.38099770782309295, 0.37491380507154015, 0.33742440820133035, 0.3120313430387952, 0.30323266527027704, 0.2977502305594918, 0.295201805097547, 0.294066690773211, 0.2936556578847055, 0.29294384764670733, 0.2921261295888661, 0.29186805181718223, 0.29163250810219277, 0.2915168382352894, 0.2914756305098979, 0.29141346774611054, 0.29123300421105636, 0.2903795658053937, 0.2880671860930478, 0.28667907640356416, 0.28615024357700136, 0.28601408751043567, 0.28588198106859364, 0.2858549033137888, 0.2858311597082247, 0.2858275355141823, 0.2858263340671727, 0.28582597517616826, 0.2858259242362292, 0.28582589880994735, 0.2858258932064698, 0.285825891107772, 0.2858258906110581, 0.2858258902957256, 0.2858258902476525, 0.28582589018406335, 0.28582589017422444, 0.28582589017180793, 0.28582589017075255, 0.2858258901701287, 0.2858258901697739, 0.28582589016961835, 0.2858258901695381, 0.2858258901694102, 0.28582589016938265, 0.2858258901693631, 0.285825890169361, 0.2858258901693599, 0.28582589016935955, 0.28582589016935944]}}, "bfgs": {"type": "gradient", "0": {"maxiter": 100, "gtol": 1e-05, "xrtol": 1e-05, "eps": 1e-05, "duration": 0.23983120918273926, "fun": "0.2858258903432377", "jac": "[ 2.31238362e-06  1.23946409e-06  1.14717125e-06 -3.29003491e-07\n -5.77649040e-07  5.96434013e-07]", "hess_inv": "[[  4.53519287  -3.14066797   1.67244401   2.61797365   2.81281188\n    1.53202596]\n [ -3.14066797  12.33412712  -7.22519885  -5.80633434 -10.44460396\n   -8.40876424]\n [  1.67244401  -7.22519885   8.08779155   3.47601404   7.63068285\n    6.22715305]\n [  2.61797365  -5.80633434   3.47601404   6.33931721   5.43516691\n    4.17408155]\n [  2.81281188 -10.44460396   7.63068285   5.43516691  25.51254752\n   21.68923229]\n [  1.53202596  -8.40876424   6.22715305   4.17408155  21.68923229\n   21.57371889]]", "nfev": "301", "njev": "43", "status": "0", "success": "True", "message": "Optimization terminated successfully.", "x": "[ 5.40990936  3.38161702  0.37805696 -2.68367147 -0.7968613   1.12906145]", "nit": "32", "callback": [0.8350922606700709, 0.823978195895793, 0.7143272810872001, 0.710117592306891, 0.7020965946838624, 0.6870963659095964, 0.6641660050547402, 0.6544505973300816, 0.6013477704338801, 0.575401899654991, 0.5585582630256489, 0.5309053769358494, 0.4867251854411506, 0.46161338803904073, 0.4342970622255099, 0.39320845904286494, 0.358116201326505, 0.34399682292302947, 0.33221574593742387, 0.3142428937471311, 0.3027837319256218, 0.29735077952038347, 0.29300976371546616, 0.2910686412275191, 0.28934936818555146, 0.2874524495252099, 0.2861424006613055, 0.2858569456993051, 0.2858281693137248, 0.2858259820728364, 0.2858258933228669, 0.2858258903432377]}, "1": {"maxiter": 100, "gtol": 1e-05, "xrtol": 1e-05, "eps": 1e-10, "duration": 0.2343153953552246, "fun": "0.2858258906234177", "jac": "[ 0.00000000e+00  1.11022293e-06 -3.33066880e-06  5.55111466e-06\n  4.44089173e-06  0.00000000e+00]", "hess_inv": "[[ 4.50166683 -2.69757888  1.60877499  2.25643123  2.08680445  0.94373937]\n [-2.69757888 12.32670079 -6.99006715 -5.15913281 -9.20055014 -7.10434722]\n [ 1.60877499 -6.99006715  8.03659453  3.07053718  7.3558634   5.84701333]\n [ 2.25643123 -5.15913281  3.07053718  5.20757     3.64616914  2.53514944]\n [ 2.08680445 -9.20055014  7.3558634   3.64616914 21.61347435 18.49248891]\n [ 0.94373937 -7.10434722  5.84701333  2.53514944 18.49248891 19.15786062]]", "nfev": "301", "njev": "43", "status": "0", "success": "True", "message": "Optimization terminated successfully.", "x": "[ 5.40994356  3.38152541  0.37811476 -2.68359376 -0.79663703  1.12925235]", "nit": "32", "callback": [0.8350928186792497, 0.8239777472128121, 0.7143271392095643, 0.7101175464811522, 0.7020970221180853, 0.6870972172855403, 0.6641674695589341, 0.6544507706702103, 0.601342191239346, 0.575415424704983, 0.5585734408905958, 0.5309250124488143, 0.48675406888824, 0.4616391042171988, 0.4343219150964728, 0.39318080543752465, 0.357363193184135, 0.34426245765518126, 0.33207997819318835, 0.31410201379955327, 0.30306771204654537, 0.29747047990505016, 0.2930528847967614, 0.29128855510578866, 0.2895190826155213, 0.2878897216616173, 0.2864357115646805, 0.28590194541515024, 0.28583098431164455, 0.2858261605451502, 0.2858258965137196, 0.2858258906234177]}, "2": {"maxiter": 100, "gtol": 1e-05, "xrtol": 1e-10, "eps": 1e-05, "duration": 0.2325737476348877, "fun": "0.2858258903432377", "jac": "[ 2.31238362e-06  1.23946409e-06  1.14717125e-06 -3.29003491e-07\n -5.77649040e-07  5.96434013e-07]", "hess_inv": "[[  4.53519287  -3.14066797   1.67244401   2.61797365   2.81281188\n    1.53202596]\n [ -3.14066797  12.33412712  -7.22519885  -5.80633434 -10.44460396\n   -8.40876424]\n [  1.67244401  -7.22519885   8.08779155   3.47601404   7.63068285\n    6.22715305]\n [  2.61797365  -5.80633434   3.47601404   6.33931721   5.43516691\n    4.17408155]\n [  2.81281188 -10.44460396   7.63068285   5.43516691  25.51254752\n   21.68923229]\n [  1.53202596  -8.40876424   6.22715305   4.17408155  21.68923229\n   21.57371889]]", "nfev": "301", "njev": "43", "status": "0", "success": "True", "message": "Optimization terminated successfully.", "x": "[ 5.40990936  3.38161702  0.37805696 -2.68367147 -0.7968613   1.12906145]", "nit": "32", "callback": [0.8350922606700709, 0.823978195895793, 0.7143272810872001, 0.710117592306891, 0.7020965946838624, 0.6870963659095964, 0.6641660050547402, 0.6544505973300816, 0.6013477704338801, 0.575401899654991, 0.5585582630256489, 0.5309053769358494, 0.4867251854411506, 0.46161338803904073, 0.4342970622255099, 0.39320845904286494, 0.358116201326505, 0.34399682292302947, 0.33221574593742387, 0.3142428937471311, 0.3027837319256218, 0.29735077952038347, 0.29300976371546616, 0.2910686412275191, 0.28934936818555146, 0.2874524495252099, 0.2861424006613055, 0.2858569456993051, 0.2858281693137248, 0.2858259820728364, 0.2858258933228669, 0.2858258903432377]}, "3": {"maxiter": 100, "gtol": 1e-05, "xrtol": 1e-10, "eps": 1e-10, "duration": 0.23309588432312012, "fun": "0.2858258906234177", "jac": "[ 0.00000000e+00  1.11022293e-06 -3.33066880e-06  5.55111466e-06\n  4.44089173e-06  0.00000000e+00]", "hess_inv": "[[ 4.50166683 -2.69757888  1.60877499  2.25643123  2.08680445  0.94373937]\n [-2.69757888 12.32670079 -6.99006715 -5.15913281 -9.20055014 -7.10434722]\n [ 1.60877499 -6.99006715  8.03659453  3.07053718  7.3558634   5.84701333]\n [ 2.25643123 -5.15913281  3.07053718  5.20757     3.64616914  2.53514944]\n [ 2.08680445 -9.20055014  7.3558634   3.64616914 21.61347435 18.49248891]\n [ 0.94373937 -7.10434722  5.84701333  2.53514944 18.49248891 19.15786062]]", "nfev": "301", "njev": "43", "status": "0", "success": "True", "message": "Optimization terminated successfully.", "x": "[ 5.40994356  3.38152541  0.37811476 -2.68359376 -0.79663703  1.12925235]", "nit": "32", "callback": [0.8350928186792497, 0.8239777472128121, 0.7143271392095643, 0.7101175464811522, 0.7020970221180853, 0.6870972172855403, 0.6641674695589341, 0.6544507706702103, 0.601342191239346, 0.575415424704983, 0.5585734408905958, 0.5309250124488143, 0.48675406888824, 0.4616391042171988, 0.4343219150964728, 0.39318080543752465, 0.357363193184135, 0.34426245765518126, 0.33207997819318835, 0.31410201379955327, 0.30306771204654537, 0.29747047990505016, 0.2930528847967614, 0.29128855510578866, 0.2895190826155213, 0.2878897216616173, 0.2864357115646805, 0.28590194541515024, 0.28583098431164455, 0.2858261605451502, 0.2858258965137196, 0.2858258906234177]}, "4": {"maxiter": 100, "gtol": 1e-10, "xrtol": 1e-05, "eps": 1e-05, "duration": 0.2446281909942627, "fun": "0.2858258903428412", "jac": "[ 1.81996640e-06  9.81714710e-07  8.98092711e-07 -2.63178368e-07\n -4.72588635e-07  4.94049246e-07]", "hess_inv": "[[  4.64651738  -3.14837877   1.67910101   2.69447153   3.07815174\n    1.7553785 ]\n [ -3.14837877  12.31100471  -7.24023078  -5.77658683 -10.3289788\n   -8.3137221 ]\n [  1.67910101  -7.24023078   8.07921494   3.50217454   7.72908715\n    6.30857753]\n [  2.69447153  -5.77658683   3.50217454   6.33996436   5.41897749\n    4.16384134]\n [  3.07815174 -10.3289788    7.72908715   5.41897749  25.38590754\n   21.59558396]\n [  1.7553785   -8.3137221    6.30857753   4.16384134  21.59558396\n   21.50557107]]", "nfev": "315", "njev": "45", "status": "0", "success": "True", "message": "Optimization terminated successfully.", "x": "[ 5.4099079   3.3816165   0.37805649 -2.68367155 -0.79686122  1.12906146]", "nit": "33", "callback": [0.8350922606700709, 0.823978195895793, 0.7143272810872001, 0.710117592306891, 0.7020965946838624, 0.6870963659095964, 0.6641660050547402, 0.6544505973300816, 0.6013477704338801, 0.575401899654991, 0.5585582630256489, 0.5309053769358494, 0.4867251854411506, 0.46161338803904073, 0.4342970622255099, 0.39320845904286494, 0.358116201326505, 0.34399682292302947, 0.33221574593742387, 0.3142428937471311, 0.3027837319256218, 0.29735077952038347, 0.29300976371546616, 0.2910686412275191, 0.28934936818555146, 0.2874524495252099, 0.2861424006613055, 0.2858569456993051, 0.2858281693137248, 0.2858259820728364, 0.2858258933228669, 0.2858258903432377, 0.2858258903428412]}, "5": {"maxiter": 100, "gtol": 1e-10, "xrtol": 1e-05, "eps": 1e-10, "duration": 0.2628138065338135, "fun": "0.2858258901955457", "jac": "[0.00000000e+00 1.11022293e-06 0.00000000e+00 3.33066880e-06\n 0.00000000e+00 0.00000000e+00]", "hess_inv": "[[  4.51603708  -3.18276152   1.74322387   2.87137868   2.91028172\n    1.50528583]\n [ -3.18276152  13.48793696  -7.43265411  -6.61244648 -10.86574185\n   -8.20625846]\n [  1.74322387  -7.43265411   8.18310498   3.66194284   7.91836323\n    6.17813427]\n [  2.87137868  -6.61244648   3.66194284   6.88101807   6.16067725\n    4.38498383]\n [  2.91028172 -10.86574185   7.91836323   6.16067725  22.60615982\n   18.57776502]\n [  1.50528583  -8.20625846   6.17813427   4.38498383  18.57776502\n   18.59461813]]", "nfev": "336", "njev": "48", "status": "0", "success": "True", "message": "Optimization terminated successfully.", "x": "[ 5.40992386  3.38156953  0.37809441 -2.68363585 -0.79673871  1.12916835]", "nit": "34", "callback": [0.8350928186792497, 0.8239777472128121, 0.7143271392095643, 0.7101175464811522, 0.7020970221180853, 0.6870972172855403, 0.6641674695589341, 0.6544507706702103, 0.601342191239346, 0.575415424704983, 0.5585734408905958, 0.5309250124488143, 0.48675406888824, 0.4616391042171988, 0.4343219150964728, 0.39318080543752465, 0.357363193184135, 0.34426245765518126, 0.33207997819318835, 0.31410201379955327, 0.30306771204654537, 0.29747047990505016, 0.2930528847967614, 0.29128855510578866, 0.2895190826155213, 0.2878897216616173, 0.2864357115646805, 0.28590194541515024, 0.28583098431164455, 0.2858261605451502, 0.2858258965137196, 0.2858258906234177, 0.28582589019593885, 0.2858258901955457]}, "6": {"maxiter": 100, "gtol": 1e-10, "xrtol": 1e-10, "eps": 1e-05, "duration": 0.41167330741882324, "fun": "0.2858258903428412", "jac": "[ 1.81996640e-06  9.81714710e-07  8.98092711e-07 -2.63178368e-07\n -4.72588635e-07  4.94049246e-07]", "hess_inv": "[[  4.40408789  -3.03472903   1.50281423   2.57529445   3.01557273\n    1.81975193]\n [ -3.03472903  12.42465403  -7.23852877  -5.80960357 -10.36238978\n   -8.29122492]\n [  1.50281423  -7.23852877   7.99027154   3.45861232   7.71400701\n    6.32984652]\n [  2.57529445  -5.80960357   3.45861232   6.32870809   5.42162613\n    4.16743832]\n [  3.01557273 -10.36238978   7.71400701   5.42162613  25.39334054\n   21.59240041]\n [  1.81975193  -8.29122492   6.32984652   4.16743832  21.59240041\n   21.50509967]]", "nfev": "451", "njev": "63", "status": "2", "success": "False", "message": "Desired error not necessarily achieved due to precision loss.", "x": "[ 5.4099079   3.3816165   0.37805649 -2.68367155 -0.79686122  1.12906146]", "nit": "33", "callback": [0.8350922606700709, 0.823978195895793, 0.7143272810872001, 0.710117592306891, 0.7020965946838624, 0.6870963659095964, 0.6641660050547402, 0.6544505973300816, 0.6013477704338801, 0.575401899654991, 0.5585582630256489, 0.5309053769358494, 0.4867251854411506, 0.46161338803904073, 0.4342970622255099, 0.39320845904286494, 0.358116201326505, 0.34399682292302947, 0.33221574593742387, 0.3142428937471311, 0.3027837319256218, 0.29735077952038347, 0.29300976371546616, 0.2910686412275191, 0.28934936818555146, 0.2874524495252099, 0.2861424006613055, 0.2858569456993051, 0.2858281693137248, 0.2858259820728364, 0.2858258933228669, 0.2858258903432377, 0.2858258903428412]}, "7": {"maxiter": 100, "gtol": 1e-10, "xrtol": 1e-10, "eps": 1e-10, "duration": 0.9261205196380615, "fun": "0.28582589019284044", "jac": "[0.00000000e+00 0.00000000e+00 2.22044587e-06 0.00000000e+00\n 2.22044587e-06 2.22044587e-06]", "hess_inv": "[[ 1.87317068e-02 -2.35973365e-02 -1.76302065e-01 -2.52791800e-01\n   1.33338504e-01  5.48480417e-03]\n [-2.35973365e-02  4.92519220e-02  3.14846785e-01  4.66762864e-01\n  -2.58352030e-01  1.14099011e-03]\n [-1.76302065e-01  3.14846785e-01  2.19237709e+00  3.19480983e+00\n  -1.74034009e+00 -7.23007030e-03]\n [-2.52791800e-01  4.66762864e-01  3.19480983e+00  4.68348055e+00\n  -2.55076962e+00 -8.35330118e-03]\n [ 1.33338504e-01 -2.58352030e-01 -1.74034009e+00 -2.55076962e+00\n   1.40559108e+00 -5.11592561e-03]\n [ 5.48480417e-03  1.14099011e-03 -7.23007030e-03 -8.35330118e-03\n  -5.11592561e-03  1.21831125e-02]]", "nfev": "816", "njev": "115", "status": "2", "success": "False", "message": "Desired error not necessarily achieved due to precision loss.", "x": "[ 5.40992424  3.38156856  0.37809488 -2.68363912 -0.79673733  1.12917096]", "nit": "46", "callback": [0.8350928186792497, 0.8239777472128121, 0.7143271392095643, 0.7101175464811522, 0.7020970221180853, 0.6870972172855403, 0.6641674695589341, 0.6544507706702103, 0.601342191239346, 0.575415424704983, 0.5585734408905958, 0.5309250124488143, 0.48675406888824, 0.4616391042171988, 0.4343219150964728, 0.39318080543752465, 0.357363193184135, 0.34426245765518126, 0.33207997819318835, 0.31410201379955327, 0.30306771204654537, 0.29747047990505016, 0.2930528847967614, 0.29128855510578866, 0.2895190826155213, 0.2878897216616173, 0.2864357115646805, 0.28590194541515024, 0.28583098431164455, 0.2858261605451502, 0.2858258965137196, 0.2858258906234177, 0.28582589019593885, 0.2858258901955457, 0.28582589019538496, 0.2858258901953096, 0.2858258901952291, 0.2858258901947971, 0.28582589019407934, 0.2858258901930909, 0.2858258901930668, 0.28582589019304194, 0.28582589019302096, 0.28582589019297944, 0.28582589019285576, 0.28582589019284044]}, "8": {"maxiter": 500, "gtol": 1e-05, "xrtol": 1e-05, "eps": 1e-05, "duration": 0.47782230377197266, "fun": "0.2858258903432377", "jac": "[ 2.31238362e-06  1.23946409e-06  1.14717125e-06 -3.29003491e-07\n -5.77649040e-07  5.96434013e-07]", "hess_inv": "[[  4.53519287  -3.14066797   1.67244401   2.61797365   2.81281188\n    1.53202596]\n [ -3.14066797  12.33412712  -7.22519885  -5.80633434 -10.44460396\n   -8.40876424]\n [  1.67244401  -7.22519885   8.08779155   3.47601404   7.63068285\n    6.22715305]\n [  2.61797365  -5.80633434   3.47601404   6.33931721   5.43516691\n    4.17408155]\n [  2.81281188 