{"date": "2024/10/30/, 11:43:20", "conf_id": 314, "data_type": "var_s_rank\n", "num_data_points": 4, "s_rank": 0, "unitary": "[[-0.24866696+0.58742286j,-0.44704345-0.43151574j,-0.35669027-0.20570733j,-0.10517633+0.1626036j],[0.10596805-0.19687975j,-0.30269685-0.15056416j,0.18246286+0.30440582j,-0.83484447-0.11310748j],[0.26054512-0.52548482j,0.0285017-0.50723956j,-0.43110112+0.17165838j,0.15243271+0.39915801j],[0.42978035+0.11991271j,-0.17224126-0.46030424j,0.6827807-0.15164662j,0.26483638+0.0061855j]]", "databatch_0": {"databatch": "[[[0.00517031-4.53724105e-02j,-0.05556823-3.95104129e-03j,-0.00171715-4.97587678e-02j,-0.00727705+6.77635264e-02j],[-0.03784759-2.64668897e-02j,-0.06669588+7.12511282e-03j,-0.03835236-4.70864807e-02j,0.02822342+5.19669816e-02j],[0.15478005-2.80822685e-01j,-0.3416444+1.59545217e-01j,-0.0138233-4.46275727e-01j,0.31653008+5.76566141e-01j],[-0.1055281+1.43388263e-01j,-0.08460576+1.19583893e-02j,-0.10157972+1.35244938e-01j,-0.1235132-1.18494041e-01j]],[[-0.04746263-2.02055644e-01j,0.17763643-3.22332244e-02j,-0.22748481+3.45317467e-01j,0.01780989-5.55168571e-02j],[0.3489453+8.13766624e-02j,-0.13286883-1.20251612e-01j,0.1538073-1.85355811e-01j,-0.25572974+1.76860683e-01j],[-0.04172269+2.39637844e-01j,-0.22967278-2.17528713e-01j,0.32876345+1.18358963e-01j,0.12906474+1.41472129e-01j],[0.09782577-1.81428902e-01j,-0.06551896+4.59636274e-03j,0.22805606+6.89144219e-02j,-0.09269278-6.77588821e-02j]],[[-0.18526569+1.93597217e-02j,-0.02568111-4.24775539e-04j,-0.02969627-3.40685781e-01j,0.07754115-1.92629955e-01j],[0.19820304-1.51083727e-01j,-0.2249323+4.13865886e-02j,-0.10979-7.11279981e-03j,-0.10458475+4.49526511e-02j],[0.0753451-4.55393225e-01j,0.21785846+2.43149597e-01j,0.05822923+2.45949886e-01j,0.095466+2.77678874e-01j],[-0.30013493+2.99034788e-01j,-0.02752231+2.25523197e-02j,0.04738509+9.16589819e-02j,-0.00851448-6.21285716e-02j]],[[0.00472495+9.88805978e-02j,0.25114434+3.00672960e-02j,0.02892587+2.92500970e-02j,-0.02361122-2.92326625e-02j],[0.21874837+2.38149959e-01j,0.05559677-1.16151823e-01j,-0.14274535+2.39674976e-01j,0.15162903+3.90203420e-01j],[0.12942467+8.65825956e-02j,0.00814833+7.30422174e-02j,-0.47009714-4.52922742e-02j,-0.26803236+3.71346849e-01j],[-0.05727702+1.99678104e-01j,-0.16797113+9.15767891e-02j,0.0518075-4.14284683e-02j,0.04227542+2.29786638e-02j]]]", "initial param values": "[3.72299766,3.90701198,1.78368661,0.28461202,1.15767073,0.21376244]", "nelder_mead": {"type": "gradient-free", "0": {"maxiter": 100, "fatol": 1e-05, "xatol": 1e-05, "duration": 0.27704501152038574, "fun": "0.5168691587718255", "nit": "100", "nfev": "158", "status": "2", "success": "False", "message": "Maximum number of iterations has been exceeded.", "x": "[4.50205093 3.21244483 2.61653887 0.83063895 2.89038031 0.1394392 ]", "final_simplex": "(array([[4.50205093, 3.21244483, 2.61653887, 0.83063895, 2.89038031,\n        0.1394392 ],\n       [4.5104784 , 3.30243904, 2.65788563, 0.86233909, 2.95429215,\n        0.13373544],\n       [4.49418804, 3.21135789, 2.62950677, 0.82212664, 2.86859093,\n        0.13527121],\n       [4.48435067, 3.19734089, 2.61116304, 0.84395263, 3.04319712,\n        0.13487129],\n       [4.54261515, 3.31019137, 2.66671814, 0.8415991 , 2.93291818,\n        0.13473946],\n       [4.44353934, 3.21899289, 2.55416185, 0.81185343, 2.9436931 ,\n        0.14294511],\n       [4.61744369, 3.23817373, 2.50075039, 0.82739833, 3.05069471,\n        0.13724536]]), array([0.51686916, 0.51761754, 0.51843202, 0.52019405, 0.52033603,\n       0.52058459, 0.52100806]))", "callback": [0.7421622315447414, 0.709944660448616, 0.7017584785903114, 0.6770945672063908, 0.6138228650715576, 0.5815322633210565, 0.5323955395748818, 0.5323955395748818, 0.5273168675135194, 0.5217114529914721]}, "1": {"maxiter": 100, "fatol": 1e-05, "xatol": 1e-10, "duration": 0.26166677474975586, "fun": "0.5168691587718255", "nit": "100", "nfev": "158", "status": "2", "success": "False", "message": "Maximum number of iterations has been exceeded.", "x": "[4.50205093 3.21244483 2.61653887 0.83063895 2.89038031 0.1394392 ]", "final_simplex": "(array([[4.50205093, 3.21244483, 2.61653887, 0.83063895, 2.89038031,\n        0.1394392 ],\n       [4.5104784 , 3.30243904, 2.65788563, 0.86233909, 2.95429215,\n        0.13373544],\n       [4.49418804, 3.21135789, 2.62950677, 0.82212664, 2.86859093,\n        0.13527121],\n       [4.48435067, 3.19734089, 2.61116304, 0.84395263, 3.04319712,\n        0.13487129],\n       [4.54261515, 3.31019137, 2.66671814, 0.8415991 , 2.93291818,\n        0.13473946],\n       [4.44353934, 3.21899289, 2.55416185, 0.81185343, 2.9436931 ,\n        0.14294511],\n       [4.61744369, 3.23817373, 2.50075039, 0.82739833, 3.05069471,\n        0.13724536]]), array([0.51686916, 0.51761754, 0.51843202, 0.52019405, 0.52033603,\n       0.52058459, 0.52100806]))", "callback": [0.7421622315447414, 0.709944660448616, 0.7017584785903114, 0.6770945672063908, 0.6138228650715576, 0.5815322633210565, 0.5323955395748818, 0.5323955395748818, 0.5273168675135194, 0.5217114529914721]}, "2": {"maxiter": 100, "fatol": 1e-10, "xatol": 1e-05, "duration": 0.24329733848571777, "fun": "0.5168691587718255", "nit": "100", "nfev": "158", "status": "2", "success": "False", "message": "Maximum number of iterations has been exceeded.", "x": "[4.50205093 3.21244483 2.61653887 0.83063895 2.89038031 0.1394392 ]", "final_simplex": "(array([[4.50205093, 3.21244483, 2.61653887, 0.83063895, 2.89038031,\n        0.1394392 ],\n       [4.5104784 , 3.30243904, 2.65788563, 0.86233909, 2.95429215,\n        0.13373544],\n       [4.49418804, 3.21135789, 2.62950677, 0.82212664, 2.86859093,\n        0.13527121],\n       [4.48435067, 3.19734089, 2.61116304, 0.84395263, 3.04319712,\n        0.13487129],\n       [4.54261515, 3.31019137, 2.66671814, 0.8415991 , 2.93291818,\n        0.13473946],\n       [4.44353934, 3.21899289, 2.55416185, 0.81185343, 2.9436931 ,\n        0.14294511],\n       [4.61744369, 3.23817373, 2.50075039, 0.82739833, 3.05069471,\n        0.13724536]]), array([0.51686916, 0.51761754, 0.51843202, 0.52019405, 0.52033603,\n       0.52058459, 0.52100806]))", "callback": [0.7421622315447414, 0.709944660448616, 0.7017584785903114, 0.6770945672063908, 0.6138228650715576, 0.5815322633210565, 0.5323955395748818, 0.5323955395748818, 0.5273168675135194, 0.5217114529914721]}, "3": {"maxiter": 100, "fatol": 1e-10, "xatol": 1e-10, "duration": 0.2556271553039551, "fun": "0.5168691587718255", "nit": "100", "nfev": "158", "status": "2", "success": "False", "message": "Maximum number of iterations has been exceeded.", "x": "[4.50205093 3.21244483 2.61653887 0.83063895 2.89038031 0.1394392 ]", "final_simplex": "(array([[4.50205093, 3.21244483, 2.61653887, 0.83063895, 2.89038031,\n        0.1394392 ],\n       [4.5104784 , 3.30243904, 2.65788563, 0.86233909, 2.95429215,\n        0.13373544],\n       [4.49418804, 3.21135789, 2.62950677, 0.82212664, 2.86859093,\n        0.13527121],\n       [4.48435067, 3.19734089, 2.61116304, 0.84395263, 3.04319712,\n        0.13487129],\n       [4.54261515, 3.31019137, 2.66671814, 0.8415991 , 2.93291818,\n        0.13473946],\n       [4.44353934, 3.21899289, 2.55416185, 0.81185343, 2.9436931 ,\n        0.14294511],\n       [4.61744369, 3.23817373, 2.50075039, 0.82739833, 3.05069471,\n        0.13724536]]), array([0.51686916, 0.51761754, 0.51843202, 0.52019405, 0.52033603,\n       0.52058459, 0.52100806]))", "callback": [0.7421622315447414, 0.709944660448616, 0.7017584785903114, 0.6770945672063908, 0.6138228650715576, 0.5815322633210565, 0.5323955395748818, 0.5323955395748818, 0.5273168675135194, 0.5217114529914721]}, "4": {"maxiter": 500, "fatol": 1e-05, "xatol": 1e-05, "duration": 1.197265863418579, "fun": "0.36124291720994406", "nit": "471", "nfev": "749", "status": "0", "success": "True", "message": "Optimization terminated successfully.", "x": "[ 4.94258529  3.43914413  1.51988828  1.88438349  2.39286582 -0.88422487]", "final_simplex": "(array([[ 4.94258529,  3.43914413,  1.51988828,  1.88438349,  2.39286582,\n        -0.88422487],\n       [ 4.94258355,  3.43913987,  1.51989048,  1.88438175,  2.39287263,\n        -0.88421696],\n       [ 4.94258284,  3.43914036,  1.5198921 ,  1.88438071,  2.39286807,\n        -0.88422003],\n       [ 4.94258421,  3.4391407 ,  1.5198888 ,  1.88438413,  2.39286697,\n        -0.88421698],\n       [ 4.94258126,  3.43914098,  1.51988314,  1.88438256,  2.3928687 ,\n        -0.88422576],\n       [ 4.94258193,  3.4391433 ,  1.51988682,  1.88438391,  2.39287122,\n        -0.88421528],\n       [ 4.94258423,  3.43914071,  1.51989348,  1.88438638,  2.39287091,\n        -0.88421543]]), array([0.36124292, 0.36124292, 0.36124292, 0.36124292, 0.36124292,\n       0.36124292, 0.36124292]))", "callback": [0.7421622315447414, 0.709944660448616, 0.7017584785903114, 0.6770945672063908, 0.6138228650715576, 0.5815322633210565, 0.5323955395748818, 0.5323955395748818, 0.5273168675135194, 0.5217114529914721, 0.5168691587718255, 0.5035993917718613, 0.48140724945244595, 0.4507084463166271, 0.432337681254758, 0.41731406291393025, 0.40671922035201, 0.40477827880548567, 0.40402667242747703, 0.40379180137011916, 0.40367746634106993, 0.402705318816302, 0.39927464857276507, 0.3935465012171028, 0.3852136461597121, 0.3715214697528829, 0.36959137505788786, 0.366559120735069, 0.3655389050491201, 0.3646411823932697, 0.36381529281430947, 0.36215023975199356, 0.36153190368378485, 0.3613283190267824, 0.36126268613580326, 0.36124628502273726, 0.3612437351663741, 0.36124312315552376, 0.3612429773999122, 0.3612429370945007, 0.3612429239773709, 0.3612429203872697, 0.3612429181373682, 0.36124291742650483, 0.3612429173164865, 0.3612429172451026, 0.36124291722197543, 0.36124291720994406]}, "5": {"maxiter": 500, "fatol": 1e-05, "xatol": 1e-10, "duration": 1.2489545345306396, "fun": "0.3612429172046472", "nit": "500", "nfev": "795", "status": "2", "success": "False", "message": "Maximum number of iterations has been exceeded.", "x": "[ 4.94258767  3.43914593  1.51988227  1.88438015  2.39286687 -0.8842254 ]", "final_simplex": "(array([[ 4.94258767,  3.43914593,  1.51988227,  1.88438015,  2.39286687,\n        -0.8842254 ],\n       [ 4.94258772,  3.43914564,  1.51988157,  1.88438084,  2.39286721,\n        -0.88422475],\n       [ 4.94258723,  3.43914493,  1.51988264,  1.8843802 ,  2.39286738,\n        -0.88422454],\n       [ 4.94258713,  3.43914501,  1.51988233,  1.884381  ,  2.39286728,\n        -0.88422522],\n       [ 4.94258841,  3.43914519,  1.51988309,  1.88438048,  2.39286694,\n        -0.88422552],\n       [ 4.94258711,  3.43914559,  1.51988288,  1.88438133,  2.39286762,\n        -0.88422358],\n       [ 4.94258756,  3.43914618,  1.51988154,  1.88438067,  2.39286588,\n        -0.88422492]]), array([0.36124292, 0.36124292, 0.36124292, 0.36124292, 0.36124292,\n       0.36124292, 0.36124292]))", "callback": [0.7421622315447414, 0.709944660448616, 0.7017584785903114, 0.6770945672063908, 0.6138228650715576, 0.5815322633210565, 0.5323955395748818, 0.5323955395748818, 0.5273168675135194, 0.5217114529914721, 0.5168691587718255, 0.5035993917718613, 0.48140724945244595, 0.4507084463166271, 0.432337681254758, 0.41731406291393025, 0.40671922035201, 0.40477827880548567, 0.40402667242747703, 0.40379180137011916, 0.40367746634106993, 0.402705318816302, 0.39927464857276507, 0.3935465012171028, 0.3852136461597121, 0.3715214697528829, 0.36959137505788786, 0.366559120735069, 0.3655389050491201, 0.3646411823932697, 0.36381529281430947, 0.36215023975199356, 0.36153190368378485, 0.3613283190267824, 0.36126268613580326, 0.36124628502273726, 0.3612437351663741, 0.36124312315552376, 0.3612429773999122, 0.3612429370945007, 0.3612429239773709, 0.3612429203872697, 0.3612429181373682, 0.36124291742650483, 0.3612429173164865, 0.3612429172451026, 0.36124291722197543, 0.36124291720994406, 0.3612429172051662, 0.3612429172049523]}, "6": {"maxiter": 500, "fatol": 1e-10, "xatol": 1e-05, "duration": 1.1793336868286133, "fun": "0.36124291720994406", "nit": "471", "nfev": "749", "status": "0", "success": "True", "message": "Optimization terminated successfully.", "x": "[ 4.94258529  3.43914413  1.51988828  1.88438349  2.39286582 -0.88422487]", "final_simplex": "(array([[ 4.94258529,  3.43914413,  1.51988828,  1.88438349,  2.39286582,\n        -0.88422487],\n       [ 4.94258355,  3.43913987,  1.51989048,  1.88438175,  2.39287263,\n        -0.88421696],\n       [ 4.94258284,  3.43914036,  1.5198921 ,  1.88438071,  2.39286807,\n        -0.88422003],\n       [ 4.94258421,  3.4391407 ,  1.5198888 ,  1.88438413,  2.39286697,\n        -0.88421698],\n       [ 4.94258126,  3.43914098,  1.51988314,  1.88438256,  2.3928687 ,\n        -0.88422576],\n       [ 4.94258193,  3.4391433 ,  1.51988682,  1.88438391,  2.39287122,\n        -0.88421528],\n       [ 4.94258423,  3.43914071,  1.51989348,  1.88438638,  2.39287091,\n        -0.88421543]]), array([0.36124292, 0.36124292, 0.36124292, 0.36124292, 0.36124292,\n       0.36124292, 0.36124292]))", "callback": [0.7421622315447414, 0.709944660448616, 0.7017584785903114, 0.6770945672063908, 0.6138228650715576, 0.5815322633210565, 0.5323955395748818, 0.5323955395748818, 0.5273168675135194, 0.5217114529914721, 0.5168691587718255, 0.5035993917718613, 0.48140724945244595, 0.4507084463166271, 0.432337681254758, 0.41731406291393025, 0.40671922035201, 0.40477827880548567, 0.40402667242747703, 0.40379180137011916, 0.40367746634106993, 0.402705318816302, 0.39927464857276507, 0.3935465012171028, 0.3852136461597121, 0.3715214697528829, 0.36959137505788786, 0.366559120735069, 0.3655389050491201, 0.3646411823932697, 0.36381529281430947, 0.36215023975199356, 0.36153190368378485, 0.3613283190267824, 0.36126268613580326, 0.36124628502273726, 0.3612437351663741, 0.36124312315552376, 0.3612429773999122, 0.3612429370945007, 0.3612429239773709, 0.3612429203872697, 0.3612429181373682, 0.36124291742650483, 0.3612429173164865, 0.3612429172451026, 0.36124291722197543, 0.36124291720994406]}, "7": {"maxiter": 500, "fatol": 1e-10, "xatol": 1e-10, "duration": 1.2295897006988525, "fun": "0.3612429172046472", "nit": "500", "nfev": "795", "status": "2", "success": "False", "message": "Maximum number of iterations has been exceeded.", "x": "[ 4.94258767  3.43914593  1.51988227  1.88438015  2.39286687 -0.8842254 ]", "final_simplex": "(array([[ 4.94258767,  3.43914593,  1.51988227,  1.88438015,  2.39286687,\n        -0.8842254 ],\n       [ 4.94258772,  3.43914564,  1.51988157,  1.88438084,  2.39286721,\n        -0.88422475],\n       [ 4.94258723,  3.43914493,  1.51988264,  1.8843802 ,  2.39286738,\n        -0.88422454],\n       [ 4.94258713,  3.43914501,  1.51988233,  1.884381  ,  2.39286728,\n        -0.88422522],\n       [ 4.94258841,  3.43914519,  1.51988309,  1.88438048,  2.39286694,\n        -0.88422552],\n       [ 4.94258711,  3.43914559,  1.51988288,  1.88438133,  2.39286762,\n        -0.88422358],\n       [ 4.94258756,  3.43914618,  1.51988154,  1.88438067,  2.39286588,\n        -0.88422492]]), array([0.36124292, 0.36124292, 0.36124292, 0.36124292, 0.36124292,\n       0.36124292, 0.36124292]))", "callback": [0.7421622315447414, 0.709944660448616, 0.7017584785903114, 0.6770945672063908, 0.6138228650715576, 0.5815322633210565, 0.5323955395748818, 0.5323955395748818, 0.5273168675135194, 0.5217114529914721, 0.5168691587718255, 0.5035993917718613, 0.48140724945244595, 0.4507084463166271, 0.432337681254758, 0.41731406291393025, 0.40671922035201, 0.40477827880548567, 0.40402667242747703, 0.40379180137011916, 0.40367746634106993, 0.402705318816302, 0.39927464857276507, 0.3935465012171028, 0.3852136461597121, 0.3715214697528829, 0.36959137505788786, 0.366559120735069, 0.3655389050491201, 0.3646411823932697, 0.36381529281430947, 0.36215023975199356, 0.36153190368378485, 0.3613283190267824, 0.36126268613580326, 0.36124628502273726, 0.3612437351663741, 0.36124312315552376, 0.3612429773999122, 0.3612429370945007, 0.3612429239773709, 0.3612429203872697, 0.3612429181373682, 0.36124291742650483, 0.3612429173164865, 0.3612429172451026, 0.36124291722197543, 0.36124291720994406, 0.3612429172051662, 0.3612429172049523]}, "8": {"maxiter": 1000, "fatol": 1e-05, "xatol": 1e-05, "duration": 0.8652284145355225, "fun": "0.36124291720994406", "nit": "471", "nfev": "749", "status": "0", "success": "True", "message": "Optimization terminated successfully.", "x": "[ 4.94258529  3.43914413  1.51988828  1.88438349  2.39286582 -0.88422487]", "final_simplex": "(array([[ 4.94258529,  3.43914413,  1.51988828,  1.88438349,  2.39286582,\n        -0.88422487],\n       [ 4.94258355,  3.43913987,  1.51989048,  1.88438175,  2.39287263,\n        -0.88421696],\n       [ 4.94258284,  3.43914036,  1.5198921 ,  1.88438071,  2.39286807,\n        -0.88422003],\n       [ 4.94258421,  3.4391407 ,  1.5198888 ,  1.88438413,  2.39286697,\n        -0.88421698],\n       [ 4.94258126,  3.43914098,  1.51988314,  1.88438256,  2.3928687 ,\n        -0.88422576],\n       [ 4.94258193,  3.4391433 ,  1.51988682,  1.88438391,  2.39287122,\n        -0.88421528],\n       [ 4.94258423,  3.43914071,  1.51989348,  1.88438638,  2.39287091,\n        -0.88421543]]), array([0.36124292, 0.36124292, 0.36124292, 0.36124292, 0.36124292,\n       0.36124292, 0.36124292]))", "callback": [0.7421622315447414, 0.709944660448616, 0.7017584785903114, 0.6770945672063908, 0.6138228650715576, 0.5815322633210565, 0.5323955395748818, 0.5323955395748818, 0.5273168675135194, 0.5217114529914721, 0.5168691587718255, 0.5035993917718613, 0.48140724945244595, 0.4507084463166271, 0.432337681254758, 0.41731406291393025, 0.40671922035201, 0.40477827880548567, 0.40402667242747703, 0.40379180137011916, 0.40367746634106993, 0.402705318816302, 0.39927464857276507, 0.3935465012171028, 0.3852136461597121, 0.3715214697528829, 0.36959137505788786, 0.366559120735069, 0.3655389050491201, 0.3646411823932697, 0.36381529281430947, 0.36215023975199356, 0.36153190368378485, 0.3613283190267824, 0.36126268613580326, 0.36124628502273726, 0.3612437351663741, 0.36124312315552376, 0.3612429773999122, 0.3612429370945007, 0.3612429239773709, 0.3612429203872697, 0.3612429181373682, 0.36124291742650483, 0.3612429173164865, 0.3612429172451026, 0.36124291722197543, 0.36124291720994406]}, "9": {"maxiter": 1000, "fatol": 1e-05, "xatol": 1e-10, "duration": 1.0731134414672852, "fun": "0.3612429172045688", "nit": "580", "nfev": "987", "status": "0", "success": "True", "message": "Optimization terminated successfully.", "x": "[ 4.94258783  3.43914547  1.51988237  1.88438064  2.39286707 -0.88422497]", "final_simplex": "(array([[ 4.94258783,  3.43914547,  1.51988237,  1.88438064,  2.39286707,\n        -0.88422497],\n       [ 4.94258783,  3.43914547,  1.51988237,  1.88438064,  2.39286707,\n        -0.88422497],\n       [ 4.94258783,  3.43914547,  1.51988237,  1.88438064,  2.39286707,\n        -0.88422497],\n       [ 4.94258783,  3.43914547,  1.51988237,  1.88438064,  2.39286707,\n        -0.88422497],\n       [ 4.94258783,  3.43914547,  1.51988237,  1.88438064,  2.39286707,\n        -0.88422497],\n       [ 4.94258783,  3.43914547,  1.51988237,  1.88438064,  2.39286707,\n        -0.88422497],\n       [ 4.94258783,  3.43914547,  1.51988237,  1.88438064,  2.39286707,\n        -0.88422497]]), array([0.36124292, 0.36124292, 0.36124292, 0.36124292, 0.36124292,\n       0.36124292, 0.36124292]))", "callback": [0.7421622315447414, 0.709944660448616, 0.7017584785903114, 0.6770945672063908, 0.6138228650715576, 0.5815322633210565, 0.5323955395748818, 0.5323955395748818, 0.5273168675135194, 0.5217114529914721, 0.5168691587718255, 0.5035993917718613, 0.48140724945244595, 0.4507084463166271, 0.432337681254758, 0.41731406291393025, 0.40671922035201, 0.40477827880548567, 0.40402667242747703, 0.40379180137011916, 0.40367746634106993, 0.402705318816302, 0.39927464857276507, 0.3935465012171028, 0.3852136461597121, 0.3715214697528829, 0.36959137505788786, 0.366559120735069, 0.3655389050491201, 0.3646411823932697, 0.36381529281430947, 0.36215023975199356, 0.36153190368378485, 0.3613283190267824, 0.36126268613580326, 0.36124628502273726, 0.3612437351663741, 0.36124312315552376, 0.3612429773999122, 0.3612429370945007, 0.3612429239773709, 0.3612429203872697, 0.3612429181373682, 0.36124291742650483, 0.3612429173164865, 0.3612429172451026, 0.36124291722197543, 0.36124291720994406, 0.3612429172051662, 0.3612429172049523, 0.3612429172046422, 0.3612429172045817, 0.36124291720457247, 0.3612429172045696, 0.36124291720456947, 0.361242917204569, 0.3612429172045688, 0.3612429172045688]}, "10": {"maxiter": 1000, "fatol": 1e-10, "xatol": 1e-05, "duration": 1.0152044296264648, "fun": "0.36124291720994406", "nit": "471", "nfev": "749", "status": "0", "success": "True", "message": "Optimization terminated successfully.", "x": "[ 4.94258529  3.43914413  1.51988828  1.88438349  2.39286582 -0.88422487]", "final_simplex": "(array([[ 4.94258529,  3.43914413,  1.51988828,  1.88438349,  2.39286582,\n        -0.88422487],\n       [ 4.94258355,  3.43913987,  1.51989048,  1.88438175,  2.39287263,\n        -0.88421696],\n       [ 4.94258284,  3.43914036,  1.5198921 ,  1.88438071,  2.39286807,\n        -0.88422003],\n       [ 4.94258421,  3.4391407 ,  1.5198888 ,  1.88438413,  2.39286697,\n        -0.88421698],\n       [ 4.94258126,  3.43914098,  1.51988314,  1.88438256,  2.3928687 ,\n        -0.88422576],\n       [ 4.94258193,  3.4391433 ,  1.51988682,  1.88438391,  2.39287122,\n        -0.88421528],\n       [ 4.94258423,  3.43914071,  1.51989348,  1.88438638,  2.39287091,\n        -0.88421543]]), array([0.36124292, 0.36124292, 0.36124292, 0.36124292, 0.36124292,\n       0.36124292, 0.36124292]))", "callback": [0.7421622315447414, 0.709944660448616, 0.7017584785903114, 0.6770945672063908, 0.6138228650715576, 0.5815322633210565, 0.5323955395748818, 0.5323955395748818, 0.5273168675135194, 0.5217114529914721, 0.5168691587718255, 0.5035993917718613, 0.48140724945244595, 0.4507084463166271, 0.432337681254758, 0.41731406291393025, 0.40671922035201, 0.40477827880548567, 0.40402667242747703, 0.40379180137011916, 0.40367746634106993, 0.402705318816302, 0.39927464857276507, 0.3935465012171028, 0.3852136461597121, 0.3715214697528829, 0.36959137505788786, 0.366559120735069, 0.3655389050491201, 0.3646411823932697, 0.36381529281430947, 0.36215023975199356, 0.36153190368378485, 0.3613283190267824, 0.36126268613580326, 0.36124628502273726, 0.3612437351663741, 0.36124312315552376, 0.3612429773999122, 0.3612429370945007, 0.3612429239773709, 0.3612429203872697, 0.3612429181373682, 0.36124291742650483, 0.3612429173164865, 0.3612429172451026, 0.36124291722197543, 0.36124291720994406]}, "11": {"maxiter": 1000, "fatol": 1e-10, "xatol": 1e-10, "duration": 0.9041614532470703, "fun": "0.3612429172045688", "nit": "580", "nfev": "987", "status": "0", "success": "True", "message": "Optimization terminated successfully.", "x": "[ 4.94258783  3.43914547  1.51988237  1.88438064  2.39286707 -0.88422497]", "final_simplex": "(array([[ 4.94258783,  3.43914547,  1.51988237,  1.88438064,  2.39286707,\n        -0.88422497],\n       [ 4.94258783,  3.43914547,  1.51988237,  1.88438064,  2.39286707,\n        -0.88422497],\n       [ 4.94258783,  3.43914547,  1.51988237,  1.88438064,  2.39286707,\n        -0.88422497],\n       [ 4.94258783,  3.43914547,  1.51988237,  1.88438064,  2.39286707,\n        -0.88422497],\n       [ 4.94258783,  3.43914547,  1.51988237,  1.88438064,  2.39286707,\n        -0.88422497],\n       [ 4.94258783,  3.43914547,  1.51988237,  1.88438064,  2.39286707,\n        -0.88422497],\n       [ 4.94258783,  3.43914547,  1.51988237,  1.88438064,  2.39286707,\n        -0.88422497]]), array([0.36124292, 0.36124292, 0.36124292, 0.36124292, 0.36124292,\n       0.36124292, 0.36124292]))", "callback": [0.7421622315447414, 0.709944660448616, 0.7017584785903114, 0.6770945672063908, 0.6138228650715576, 0.5815322633210565, 0.5323955395748818, 0.5323955395748818, 0.5273168675135194, 0.5217114529914721, 0.5168691587718255, 0.5035993917718613, 0.48140724945244595, 0.4507084463166271, 0.432337681254758, 0.41731406291393025, 0.40671922035201, 0.40477827880548567, 0.40402667242747703, 0.40379180137011916, 0.40367746634106993, 0.402705318816302, 0.39927464857276507, 0.3935465012171028, 0.3852136461597121, 0.3715214697528829, 0.36959137505788786, 0.366559120735069, 0.3655389050491201, 0.3646411823932697, 0.36381529281430947, 0.36215023975199356, 0.36153190368378485, 0.3613283190267824, 0.36126268613580326, 0.36124628502273726, 0.3612437351663741, 0.36124312315552376, 0.3612429773999122, 0.3612429370945007, 0.3612429239773709, 0.3612429203872697, 0.3612429181373682, 0.36124291742650483, 0.3612429173164865, 0.3612429172451026, 0.36124291722197543, 0.36124291720994406, 0.3612429172051662, 0.3612429172049523, 0.3612429172046422, 0.3612429172045817, 0.36124291720457247, 0.3612429172045696, 0.36124291720456947, 0.361242917204569, 0.3612429172045688, 0.3612429172045688]}}, "bfgs": {"type": "gradient", "0": {"maxiter": 100, "gtol": 1e-05, "xrtol": 1e-05, "eps": 1e-05, "duration": 0.22641587257385254, "fun": "0.36124291725929547", "jac": "[-2.22231122e-06 -9.98323646e-07  1.70989889e-06  9.27646848e-07\n  3.37929684e-07 -1.28336231e-06]", "hess_inv": "[[ 3.16563508 -0.19215512  0.50171699  0.48724497 -0.03369047  0.0570728 ]\n [-0.19215512  4.01485131 -2.16850297  0.40786738 -1.5127456  -2.17767684]\n [ 0.50171699 -2.16850297  8.33766763  0.07024928  1.19112635  5.69415952]\n [ 0.48724497  0.40786738  0.07024928  3.32097667 -0.25022372  0.15199793]\n [-0.03369047 -1.5127456   1.19112635 -0.25022372  4.63856984  2.94572725]\n [ 0.0570728  -2.17767684  5.69415952  0.15199793  2.94572725  9.09164221]]", "nfev": "182", "njev": "26", "status": "0", "success": "True", "message": "Optimization terminated successfully.", "x": "[ 4.94257462  3.43913906  1.51987973  1.88437673  2.39286015 -0.88424097]", "nit": "21", "callback": [0.5666737844844862, 0.5502944252171642, 0.42078985928152024, 0.40893608048779306, 0.390827304584612, 0.3821092358404695, 0.3790156706575806, 0.37353643147970694, 0.3659658833811896, 0.36354546355565953, 0.36228199376248116, 0.36135592603429756, 0.36126553275687856, 0.3612461666198796, 0.3612435382999146, 0.36124302896708804, 0.36124294161226156, 0.3612429277318967, 0.36124292048493056, 0.3612429176927685, 0.36124291725929547]}, "1": {"maxiter": 100, "gtol": 1e-05, "xrtol": 1e-05, "eps": 1e-10, "duration": 0.13824725151062012, "fun": "0.36124291771684724", "jac": "[-8.88178346e-06 -2.22044587e-06  6.66133760e-06  9.99200639e-06\n -4.44089173e-06 -4.44089173e-06]", "hess_inv": "[[ 3.50903903  0.04907035  0.47028393  0.70693604 -0.34980499  0.08972718]\n [ 0.04907035  4.13784707 -2.25123839  0.4541128  -1.6261115  -2.15274281]\n [ 0.47028393 -2.25123839  7.94467695 -0.53027791  1.71027152  5.77582678]\n [ 0.70693604  0.4541128  -0.53027791  2.75194622  0.14942217  0.19085426]\n [-0.34980499 -1.6261115   1.71027152  0.14942217  4.36310296  2.88859223]\n [ 0.08972718 -2.15274281  5.77582678  0.19085426  2.88859223  9.12229172]]", "nfev": "175", "njev": "25", "status": "0", "success": "True", "message": "Optimization terminated successfully.", "x": "[ 4.94256388  3.43913873  1.51992779  1.88441582  2.39284497 -0.88422651]", "nit": "20", "callback": [0.5666729813481026, 0.5502938034605823, 0.42078916234771246, 0.40894094432393446, 0.39083703597393993, 0.3821103753585815, 0.3790180662001723, 0.37354008971310393, 0.36596841833244387, 0.36354532507149495, 0.36228306239330266, 0.36135563965386264, 0.3612655199842849, 0.3612461760363591, 0.3612435425912981, 0.3612430304415093, 0.36124294211957664, 0.3612429283984495, 0.3612429202709333, 0.36124291771684724]}, "2": {"maxiter": 100, "gtol": 1e-05, "xrtol": 1e-10, "eps": 1e-05, "duration": 0.21224570274353027, "fun": "0.36124291725929547", "jac": "[-2.22231122e-06 -9.98323646e-07  1.70989889e-06  9.27646848e-07\n  3.37929684e-07 -1.28336231e-06]", "hess_inv": "[[ 3.16563508 -0.19215512  0.50171699  0.48724497 -0.03369047  0.0570728 ]\n [-0.19215512  4.01485131 -2.16850297  0.40786738 -1.5127456  -2.17767684]\n [ 0.50171699 -2.16850297  8.33766763  0.07024928  1.19112635  5.69415952]\n [ 0.48724497  0.40786738  0.07024928  3.32097667 -0.25022372  0.15199793]\n [-0.03369047 -1.5127456   1.19112635 -0.25022372  4.63856984  2.94572725]\n [ 0.0570728  -2.17767684  5.69415952  0.15199793  2.94572725  9.09164221]]", "nfev": "182", "njev": "26", "status": "0", "success": "True", "message": "Optimization terminated successfully.", "x": "[ 4.94257462  3.43913906  1.51987973  1.88437673  2.39286015 -0.88424097]", "nit": "21", "callback": [0.5666737844844862, 0.5502944252171642, 0.42078985928152024, 0.40893608048779306, 0.390827304584612, 0.3821092358404695, 0.3790156706575806, 0.37353643147970694, 0.3659658833811896, 0.36354546355565953, 0.36228199376248116, 0.36135592603429756, 0.36126553275687856, 0.3612461666198796, 0.3612435382999146, 0.36124302896708804, 0.36124294161226156, 0.3612429277318967, 0.36124292048493056, 0.3612429176927685, 0.36124291725929547]}, "3": {"maxiter": 100, "gtol": 1e-05, "xrtol": 1e-10, "eps": 1e-10, "duration": 0.13726449012756348, "fun": "0.36124291771684724", "jac": "[-8.88178346e-06 -2.22044587e-06  6.66133760e-06  9.99200639e-06\n -4.44089173e-06 -4.44089173e-06]", "hess_inv": "[[ 3.50903903  0.04907035  0.47028393  0.70693604 -0.34980499  0.08972718]\n [ 0.04907035  4.13784707 -2.25123839  0.4541128  -1.6261115  -2.15274281]\n [ 0.47028393 -2.25123839  7.94467695 -0.53027791  1.71027152  5.77582678]\n [ 0.70693604  0.4541128  -0.53027791  2.75194622  0.14942217  0.19085426]\n [-0.34980499 -1.6261115   1.71027152  0.14942217  4.36310296  2.88859223]\n [ 0.08972718 -2.15274281  5.77582678  0.19085426  2.88859223  9.12229172]]", "nfev": "175", "njev": "25", "status": "0", "success": "True", "message": "Optimization terminated successfully.", "x": "[ 4.94256388  3.43913873  1.51992779  1.88441582  2.39284497 -0.88422651]", "nit": "20", "callback": [0.5666729813481026, 0.5502938034605823, 0.42078916234771246, 0.40894094432393446, 0.39083703597393993, 0.3821103753585815, 0.3790180662001723, 0.37354008971310393, 0.36596841833244387, 0.36354532507149495, 0.36228306239330266, 0.36135563965386264, 0.3612655199842849, 0.3612461760363591, 0.3612435425912981, 0.3612430304415093, 0.36124294211957664, 0.3612429283984495, 0.3612429202709333, 0.36124291771684724]}, "4": {"maxiter": 100, "gtol": 1e-10, "xrtol": 1e-05, "eps": 1e-05, "duration": 0.14223837852478027, "fun": "0.36124291725929547", "jac": "[-2.22231122e-06 -9.98323646e-07  1.70989889e-06  9.27646848e-07\n  3.37929684e-07 -1.28336231e-06]", "hess_inv": "[[ 3.16563508 -0.19215512  0.50171699  0.48724497 -0.03369047  0.0570728 ]\n [-0.19215512  4.01485131 -2.16850297  0.40786738 -1.5127456  -2.17767684]\n [ 0.50171699 -2.16850297  8.33766763  0.07024928  1.19112635  5.69415952]\n [ 0.48724497  0.40786738  0.07024928  3.32097667 -0.25022372  0.15199793]\n [-0.03369047 -1.5127456   1.19112635 -0.25022372  4.63856984  2.94572725]\n [ 0.0570728  -2.17767684  5.69415952  0.15199793  2.94572725  9.09164221]]", "nfev": "182", "njev": "26", "status": "0", "success": "True", "message": "Optimization terminated successfully.", "x": "[ 4.94257462  3.43913906  1.51987973  1.88437673  2.39286015 -0.88424097]", "nit": "21", "callback": [0.5666737844844862, 0.5502944252171642, 0.42078985928152024, 0.40893608048779306, 0.390827304584612, 0.3821092358404695, 0.3790156706575806, 0.37353643147970694, 0.3659658833811896, 0.36354546355565953, 0.36228199376248116, 0.36135592603429756, 0.36126553275687856, 0.3612461666198796, 0.3612435382999146, 0.36124302896708804, 0.36124294161226156, 0.3612429277318967, 0.36124292048493056, 0.3612429176927685, 0.36124291725929547]}, "5": {"maxiter": 100, "gtol": 1e-10, "xrtol": 1e-05, "eps": 1e-10, "duration": 0.14240765571594238, "fun": "0.3612429172366092", "jac": "[-1.11022293e-06 -2.22044587e-06  2.22044587e-06  3.33066880e-06\n  1.11022293e-06 -1.11022293e-06]", "hess_inv": "[[ 3.08937295 -0.18543776  0.3827735   0.32729699  0.12554276  0.06854975]\n [-0.18543776  4.05197088 -2.1885279   0.43336445 -1.56328619 -2.2105284 ]\n [ 0.3827735  -2.1885279   8.20223301 -0.13648756  1.30825622  5.65785867]\n [ 0.32729699  0.43336445 -0.13648756  3.21954746 -0.27992682 -0.02302466]\n [ 0.12554276 -1.56328619  1.30825622 -0.27992682  4.73525222  3.11890396]\n [ 0.06854975 -2.2105284   5.65785867 -0.02302466  3.11890396  9.16797393]]", "nfev": "182", "njev": "26", "status": "0", "success": "True", "message": "Optimization terminated successfully.", "x": "[ 4.94258595  3.43913957  1.51990399  1.88438709  2.39287157 -0.8842137 ]", "nit": "21", "callback": [0.5666729813481026, 0.5502938034605823, 0.42078916234771246, 0.40894094432393446, 0.39083703597393993, 0.3821103753585815, 0.3790180662001723, 0.37354008971310393, 0.36596841833244387, 0.36354532507149495, 0.36228306239330266, 0.36135563965386264, 0.3612655199842849, 0.3612461760363591, 0.3612435425912981, 0.3612430304415093, 0.36124294211957664, 0.3612429283984495, 0.3612429202709333, 0.36124291771684724, 0.3612429172366092]}, "6": {"maxiter": 100, "gtol": 1e-10, "xrtol": 1e-10, "eps": 1e-05, "duration": 0.31066226959228516, "fun": "0.361242917235424", "jac": "[-5.18474153e-09  2.36477504e-09  1.27675648e-09 -2.04836148e-08\n  1.28341782e-08  3.86357613e-09]", "hess_inv": "[[ 3.54542147  0.1169107  -0.15566716  0.43010326 -0.14281498 -0.15075708]\n [ 0.1169107   4.26432843 -2.71825893  0.35150646 -1.59210495 -2.35428313]\n [-0.15566716 -2.71825893  9.38203369  0.08395506  1.45963811  6.02570975]\n [ 0.43010326  0.35150646  0.08395506  3.29535589 -0.1990504   0.12124555]\n [-0.14281498 -1.59210495  1.45963811 -0.1990504   4.63502776  3.06108254]\n [-0.15075708 -2.35428313  6.02570975  0.12124555  3.06108254  9.22727697]]", "nfev": "305", "njev": "42", "status": "2", "success": "False", "message": "Desired error not necessarily achieved due to precision loss.", "x": "[ 4.94258238  3.43914543  1.5198678   1.88437473  2.39285856 -0.88424291]", "nit": "23", "callback": [0.5666737844844862, 0.5502944252171642, 0.42078985928152024, 0.40893608048779306, 0.390827304584612, 0.3821092358404695, 0.3790156706575806, 0.37353643147970694, 0.3659658833811896, 0.36354546355565953, 0.36228199376248116, 0.36135592603429756, 0.36126553275687856, 0.3612461666198796, 0.3612435382999146, 0.36124302896708804, 0.36124294161226156, 0.3612429277318967, 0.36124292048493056, 0.3612429176927685, 0.36124291725929547, 0.3612429172361794, 0.361242917235424]}, "7": {"maxiter": 100, "gtol": 1e-10, "xrtol": 1e-10, "eps": 1e-10, "duration": 0.3153367042541504, "fun": "0.3612429172251467", "jac": "[ 3.33066880e-06  3.33066880e-06  2.22044587e-06 -1.11022293e-06\n  0.00000000e+00  1.11022293e-06]", "hess_inv": "[[ 2.62353096 -0.6829864   0.59471315  0.84563355  0.1009657  -0.11487335]\n [-0.6829864   4.0558862  -5.42167013 -0.47919333 -1.45596586 -3.99042345]\n [ 0.59471315 -5.42167013 18.88485848  4.31486336  2.6983629  11.4272524 ]\n [ 0.84563355 -0.47919333  4.31486336  4.67844364  0.3087954   2.63756124]\n [ 0.1009657  -1.45596586  2.6983629   0.3087954   4.33308013  3.59523013]\n [-0.11487335 -3.99042345 11.4272524   2.63756124  3.59523013 11.99415554]]", "nfev": "404", "njev": "56", "status": "2", "success": "False", "message": "Desired error not necessarily achieved due to precision loss.", "x": "[ 4.94258969  3.43915394  1.51987975  1.88437292  2.39286574 -0.88422544]", "nit": "22", "callback": [0.5666729813481026, 0.5502938034605823, 0.42078916234771246, 0.40894094432393446, 0.39083703597393993, 0.3821103753585815, 0.3790180662001723, 0.37354008971310393, 0.36596841833244387, 0.36354532507149495, 0.36228306239330266, 0.36135563965386264, 0.3612655199842849, 0.3612461760363591, 0.3612435425912981, 0.3612430304415093, 0.36124294211957664, 0.3612429283984495, 0.3612429202709333, 0.36124291771684724, 0.3612429172366092, 0.3612429172251467]}, "8": {"maxiter": 500, "gtol": 1e-05, "xrtol": 1e-05, "eps": 1e-05, "duration": 0.14267969131469727, "fun": "0.36124291725929547", "jac": "[-2.22231122e-06 -9.98323646e-07  1.70989889e-06  9.27646848e-07\n  3.37929684e-07 -1.28336231e-06]", "hess_inv": "[[ 3.16563508 -0.19215512  0.50171699  0.48724497 -0.03369047  0.0570728 ]\n [-0.19215512  4.01485131 -2.16850297  0.40786738 -1.5127456  -2.17767684]\n [ 0.50171699 -2.16850297  8.33766763  0.07024928  1.19112635  5.69415952]\n [ 0.48724497  0.40786738  0.07024928  3.32097667 -0.25022372  0.15199793]\n [-0.03369047 -1.5127456   1.19112635 -0.25022372  4.63856984  2.94572725]\n [ 0.0570728  -2.17767684  5.69415952  0.15199793  2.94572725  9.09164221]]", "nfev": "182", "njev": "26", "status": "0", "success": "True", "message": "Optimization terminated successfully.", "x": "[ 4.94257462  3.43913906  1.51987973  1.88437673  2.39286015 -0.88424097]", "nit": "21", "callback": [0.5666737844844862, 0.5502944252171642, 0.42078985928152024, 0.40893608048779306, 0.390827304584612, 0.3821092358404695, 0.3790156706575806, 0.37353643147970694, 0.3659658833811896, 0.36354546355565953, 0.36228199376248116, 0.36135592603429756, 0.36126553275687856, 0.3612461666198796, 0.3612435382999146, 0.36124302896708804, 0.36124294161226156, 0.3612429277318967, 0.36124292048493056, 0.3612429176927685, 0.36124291725929547]}, "9": {"maxiter": 500, "gtol": 1e-05, "xrtol": 1e-05, "eps": 1e-10, "duration": 0.1374349594116211, "fun": "0.36124291771684724", "jac": "[-8.88178346e-06 -2.22044587e-06  6.66133760e-06  9.99200639e-06\n -4.44089173e-06 -4.44089173e-06]", "hess_inv": "[[ 3.50903903  0.04907035  0.47028393  0.70693604 -0.34980499  0.08972718]\n [ 0.04907035  4.13784707 -2.25123839  0.4541128  -1.6261115  -2.15274281]\n [ 0.47028393 -2.25123839  7.94467695 -0.53027791  1.71027152  5.77582678]\n [ 0.70693604  0.4541128  -0.53027791  2.75194622  0.14942217  0.19085426]\n [-0.34980499 -1.6261115   1.71027152  0.14942217  4.36310296  2.88859223]\n [ 0.08972718 -2.15274281  5.77582678  0.19085426  2.88859223  9.12229172]]", "nfev": "175", "njev": "25", "status": "0", "success": "True", "message": "Optimization terminated successfully.", "x": "[ 4.94256388  3.43913873  1.51992779  1.88441582  2.39284497 -0.88422651]", "nit": "20", "callback": [0.5666729813481026, 0.5502938034605823, 0.42078916234771246, 0.40894094432393446, 0.39083703597393993, 0.3821103753585815, 0.3790180662001723, 0.37354008971310393, 0.36596841833244387, 0.36354532507149495, 0.36228306239330266, 0.36135563965386264, 0.3612655199842849, 0.3612461760363591, 0.3612435425912981, 0.3612430304415093, 0.36124294211957664, 0.3612429283984495, 0.3612429202709333, 0.36124291771684724]}, "10": {"maxiter": 500, "gtol": 1e-05, "xrtol": 1e-10, "eps": 1e-05, "duration": 0.1728954315185547, "fun": "0.36124291725929547", "jac": "[-2.22231122e-06 -9.98323646e-07  1.70989889e-06  9.27646848e-07\n  3.37929684e-07 -1.28336231e-06]", "hess_inv": "[[ 3.16563508 -0.19215512  0.50171699  0.48724497 -0.03369047  0.0570728 ]\n [-0.19215512  4.01485131 -2.16850297  0.40786738 -1.5127456  -2.17767684]\n [ 0.50171699 -2.16850297  8.33766763  0.07024928  1.19112635  5.69415952]\n [ 0.48724497  0.40786738  0.07024928  3.32097667 -0.25022372  0.15199793]\n [-0.03369047 -1.5127456   1.19112635 -0.25022372  4.63856984  2.94572725]\n [ 0.0570728  -2.17767684  5.69415952  0.15199793  2.94572725  9.09164221]]", "nfev": "182", "njev": "26", "status": "0", "success": "True", "message": "Optimization terminated successfully.", "x": "[ 4.94257462  3.43913906  1.51987973  1.88437673  2.39286015 -0.88424097]", "nit": "21", "callback": [0.5666737844844862, 0.5502944252171642, 0.42078985928152024, 0.40893608048779306, 0.390827304584612, 0.3821092358404695, 0.3790156706575806, 0.37353643147970694, 0.3659658833811896, 0.36354546355565953, 0.36228199376248116, 0.36135592603429756, 0.36126553275687856, 0.3612461666198796, 0.3612435382999146, 0.36124302896708804, 0.36124294161226156, 0.3612429277318967, 0.36124292048493