{"date": "2024/10/27/, 00:07:11", "conf_id": 97, "data_type": "orthogonal\n", "num_data_points": 1, "s_rank": 0, "unitary": "[[0.18663085-0.53122324j,-0.11886349-0.70040876j,0.28555095-0.02789305j,-0.12262021-0.2844587j],[-0.16702216+0.27758472j,0.27526351-0.29738586j,-0.01109314+0.22495461j,-0.77239203+0.28900673j],[0.61935415+0.12301792j,-0.31269928-0.03315917j,-0.61902762-0.19039079j,-0.27120731-0.0968989j],[0.42341754+0.0023929j,-0.05847358+0.47832119j,0.64900495-0.16218422j,-0.37182676-0.05229966j]]", "databatch_0": {"databatch": "[[[0.21723522-0.00975192j,-0.11555255+0.04031002j,-0.17777309-0.19793371j,-0.24156844+0.18996209j],[-0.25775178+0.07061093j,-0.02338415+0.06363498j,-0.14535296+0.1760895j,0.0176949-0.44839376j],[0.02193932-0.10600951j,-0.06359032-0.01387832j,-0.52522772-0.1284561j,-0.17858982-0.13552209j],[0.12227326+0.10314678j,-0.02564581-0.00359118j,-0.09303092+0.01361905j,-0.1577726-0.15625922j]]]", "initial param values": "[3.72299766,3.90701198,1.78368661,0.28461202,1.15767073,0.21376244]", "nelder_mead": {"type": "gradient-free", "0": {"maxiter": 100, "fatol": 1e-05, "xatol": 1e-05, "duration": 0.11864018440246582, "fun": "0.33930846301641504", "nit": "100", "nfev": "150", "status": "2", "success": "False", "message": "Maximum number of iterations has been exceeded.", "x": "[1.64666096 1.64101176 1.12272429 0.55920995 1.13190853 0.21956198]", "final_simplex": "(array([[1.64666096, 1.64101176, 1.12272429, 0.55920995, 1.13190853,\n        0.21956198],\n       [1.62324981, 1.6598826 , 1.00002413, 0.55264113, 1.17629629,\n        0.22819974],\n       [1.60668268, 1.56011007, 1.02970983, 0.54817298, 1.2064615 ,\n        0.22982612],\n       [1.6577619 , 1.65238655, 1.16149866, 0.52377372, 1.22512258,\n        0.22932677],\n       [1.55211237, 1.62953022, 1.03093212, 0.5422534 , 1.23440905,\n        0.23041413],\n       [1.51902171, 1.48519424, 1.04487166, 0.56654294, 1.15964954,\n        0.22584152],\n       [1.65188789, 1.55306781, 1.05031396, 0.52967275, 1.27468172,\n        0.23654729]]), array([0.33930846, 0.34064999, 0.34270325, 0.34369267, 0.34482653,\n       0.34655055, 0.34658793]))", "callback": [0.8080038701541072, 0.611375203241183, 0.554835577964682, 0.5363877737255394, 0.4814591504913186, 0.37126308521917084, 0.3584063427640062, 0.35355495024152817, 0.34963634507791597, 0.3465879329156142]}, "1": {"maxiter": 100, "fatol": 1e-05, "xatol": 1e-10, "duration": 0.11563563346862793, "fun": "0.33930846301641504", "nit": "100", "nfev": "150", "status": "2", "success": "False", "message": "Maximum number of iterations has been exceeded.", "x": "[1.64666096 1.64101176 1.12272429 0.55920995 1.13190853 0.21956198]", "final_simplex": "(array([[1.64666096, 1.64101176, 1.12272429, 0.55920995, 1.13190853,\n        0.21956198],\n       [1.62324981, 1.6598826 , 1.00002413, 0.55264113, 1.17629629,\n        0.22819974],\n       [1.60668268, 1.56011007, 1.02970983, 0.54817298, 1.2064615 ,\n        0.22982612],\n       [1.6577619 , 1.65238655, 1.16149866, 0.52377372, 1.22512258,\n        0.22932677],\n       [1.55211237, 1.62953022, 1.03093212, 0.5422534 , 1.23440905,\n        0.23041413],\n       [1.51902171, 1.48519424, 1.04487166, 0.56654294, 1.15964954,\n        0.22584152],\n       [1.65188789, 1.55306781, 1.05031396, 0.52967275, 1.27468172,\n        0.23654729]]), array([0.33930846, 0.34064999, 0.34270325, 0.34369267, 0.34482653,\n       0.34655055, 0.34658793]))", "callback": [0.8080038701541072, 0.611375203241183, 0.554835577964682, 0.5363877737255394, 0.4814591504913186, 0.37126308521917084, 0.3584063427640062, 0.35355495024152817, 0.34963634507791597, 0.3465879329156142]}, "2": {"maxiter": 100, "fatol": 1e-10, "xatol": 1e-05, "duration": 0.11475729942321777, "fun": "0.33930846301641504", "nit": "100", "nfev": "150", "status": "2", "success": "False", "message": "Maximum number of iterations has been exceeded.", "x": "[1.64666096 1.64101176 1.12272429 0.55920995 1.13190853 0.21956198]", "final_simplex": "(array([[1.64666096, 1.64101176, 1.12272429, 0.55920995, 1.13190853,\n        0.21956198],\n       [1.62324981, 1.6598826 , 1.00002413, 0.55264113, 1.17629629,\n        0.22819974],\n       [1.60668268, 1.56011007, 1.02970983, 0.54817298, 1.2064615 ,\n        0.22982612],\n       [1.6577619 , 1.65238655, 1.16149866, 0.52377372, 1.22512258,\n        0.22932677],\n       [1.55211237, 1.62953022, 1.03093212, 0.5422534 , 1.23440905,\n        0.23041413],\n       [1.51902171, 1.48519424, 1.04487166, 0.56654294, 1.15964954,\n        0.22584152],\n       [1.65188789, 1.55306781, 1.05031396, 0.52967275, 1.27468172,\n        0.23654729]]), array([0.33930846, 0.34064999, 0.34270325, 0.34369267, 0.34482653,\n       0.34655055, 0.34658793]))", "callback": [0.8080038701541072, 0.611375203241183, 0.554835577964682, 0.5363877737255394, 0.4814591504913186, 0.37126308521917084, 0.3584063427640062, 0.35355495024152817, 0.34963634507791597, 0.3465879329156142]}, "3": {"maxiter": 100, "fatol": 1e-10, "xatol": 1e-10, "duration": 0.11569023132324219, "fun": "0.33930846301641504", "nit": "100", "nfev": "150", "status": "2", "success": "False", "message": "Maximum number of iterations has been exceeded.", "x": "[1.64666096 1.64101176 1.12272429 0.55920995 1.13190853 0.21956198]", "final_simplex": "(array([[1.64666096, 1.64101176, 1.12272429, 0.55920995, 1.13190853,\n        0.21956198],\n       [1.62324981, 1.6598826 , 1.00002413, 0.55264113, 1.17629629,\n        0.22819974],\n       [1.60668268, 1.56011007, 1.02970983, 0.54817298, 1.2064615 ,\n        0.22982612],\n       [1.6577619 , 1.65238655, 1.16149866, 0.52377372, 1.22512258,\n        0.22932677],\n       [1.55211237, 1.62953022, 1.03093212, 0.5422534 , 1.23440905,\n        0.23041413],\n       [1.51902171, 1.48519424, 1.04487166, 0.56654294, 1.15964954,\n        0.22584152],\n       [1.65188789, 1.55306781, 1.05031396, 0.52967275, 1.27468172,\n        0.23654729]]), array([0.33930846, 0.34064999, 0.34270325, 0.34369267, 0.34482653,\n       0.34655055, 0.34658793]))", "callback": [0.8080038701541072, 0.611375203241183, 0.554835577964682, 0.5363877737255394, 0.4814591504913186, 0.37126308521917084, 0.3584063427640062, 0.35355495024152817, 0.34963634507791597, 0.3465879329156142]}, "4": {"maxiter": 500, "fatol": 1e-05, "xatol": 1e-05, "duration": 0.7912659645080566, "fun": "0.09454978128625158", "nit": "500", "nfev": "757", "status": "2", "success": "False", "message": "Maximum number of iterations has been exceeded.", "x": "[1.16423221 0.86866696 2.74978489 1.883831   0.274734   2.10471433]", "final_simplex": "(array([[1.16423221, 0.86866696, 2.74978489, 1.883831  , 0.274734  ,\n        2.10471433],\n       [1.17812701, 0.8520073 , 2.76184167, 1.87653439, 0.28184572,\n        2.12155319],\n       [1.17353727, 0.85688022, 2.75139506, 1.88526488, 0.26094662,\n        2.08986479],\n       [1.1583584 , 0.86758313, 2.74424158, 1.86593956, 0.25970792,\n        2.09883268],\n       [1.18713914, 0.87282018, 2.73472499, 1.87812628, 0.27508568,\n        2.0967367 ],\n       [1.17632161, 0.84988035, 2.74249037, 1.8699313 , 0.2772226 ,\n        2.09499655],\n       [1.17244603, 0.86079061, 2.73301966, 1.88037212, 0.26968089,\n        2.10550066]]), array([0.09454978, 0.09457181, 0.09457204, 0.09458048, 0.09458556,\n       0.09458879, 0.09460665]))", "callback": [0.8080038701541072, 0.611375203241183, 0.554835577964682, 0.5363877737255394, 0.4814591504913186, 0.37126308521917084, 0.3584063427640062, 0.35355495024152817, 0.34963634507791597, 0.3465879329156142, 0.33930846301641504, 0.33712370044620255, 0.3367670911306977, 0.3364513091729876, 0.33584145475948224, 0.33256003184827143, 0.33149654403659545, 0.33141057608449354, 0.33129997818180523, 0.33127745404511777, 0.3312584579155926, 0.3312579239345219, 0.3312557877522464, 0.33125291365821474, 0.331243624765325, 0.33122299386659104, 0.3311791892578554, 0.33097499172181355, 0.3308277086651361, 0.33055347919975153, 0.33017999265933506, 0.32828924395299963, 0.3201514958179881, 0.30908329003633483, 0.2969479532406806, 0.24463245980149573, 0.17475812346100328, 0.14883434576523158, 0.1440985143792839, 0.13630496740855969, 0.11876172524375916, 0.10130410751076124, 0.10130410751076124, 0.10069610490470748, 0.10012351579135514, 0.09968822258579368, 0.0977412616048915, 0.09547401283523427, 0.09490271140671946, 0.09457203924261126]}, "5": {"maxiter": 500, "fatol": 1e-05, "xatol": 1e-10, "duration": 0.6265473365783691, "fun": "0.09454978128625158", "nit": "500", "nfev": "757", "status": "2", "success": "False", "message": "Maximum number of iterations has been exceeded.", "x": "[1.16423221 0.86866696 2.74978489 1.883831   0.274734   2.10471433]", "final_simplex": "(array([[1.16423221, 0.86866696, 2.74978489, 1.883831  , 0.274734  ,\n        2.10471433],\n       [1.17812701, 0.8520073 , 2.76184167, 1.87653439, 0.28184572,\n        2.12155319],\n       [1.17353727, 0.85688022, 2.75139506, 1.88526488, 0.26094662,\n        2.08986479],\n       [1.1583584 , 0.86758313, 2.74424158, 1.86593956, 0.25970792,\n        2.09883268],\n       [1.18713914, 0.87282018, 2.73472499, 1.87812628, 0.27508568,\n        2.0967367 ],\n       [1.17632161, 0.84988035, 2.74249037, 1.8699313 , 0.2772226 ,\n        2.09499655],\n       [1.17244603, 0.86079061, 2.73301966, 1.88037212, 0.26968089,\n        2.10550066]]), array([0.09454978, 0.09457181, 0.09457204, 0.09458048, 0.09458556,\n       0.09458879, 0.09460665]))", "callback": [0.8080038701541072, 0.611375203241183, 0.554835577964682, 0.5363877737255394, 0.4814591504913186, 0.37126308521917084, 0.3584063427640062, 0.35355495024152817, 0.34963634507791597, 0.3465879329156142, 0.33930846301641504, 0.33712370044620255, 0.3367670911306977, 0.3364513091729876, 0.33584145475948224, 0.33256003184827143, 0.33149654403659545, 0.33141057608449354, 0.33129997818180523, 0.33127745404511777, 0.3312584579155926, 0.3312579239345219, 0.3312557877522464, 0.33125291365821474, 0.331243624765325, 0.33122299386659104, 0.3311791892578554, 0.33097499172181355, 0.3308277086651361, 0.33055347919975153, 0.33017999265933506, 0.32828924395299963, 0.3201514958179881, 0.30908329003633483, 0.2969479532406806, 0.24463245980149573, 0.17475812346100328, 0.14883434576523158, 0.1440985143792839, 0.13630496740855969, 0.11876172524375916, 0.10130410751076124, 0.10130410751076124, 0.10069610490470748, 0.10012351579135514, 0.09968822258579368, 0.0977412616048915, 0.09547401283523427, 0.09490271140671946, 0.09457203924261126]}, "6": {"maxiter": 500, "fatol": 1e-10, "xatol": 1e-05, "duration": 0.6059837341308594, "fun": "0.09454978128625158", "nit": "500", "nfev": "757", "status": "2", "success": "False", "message": "Maximum number of iterations has been exceeded.", "x": "[1.16423221 0.86866696 2.74978489 1.883831   0.274734   2.10471433]", "final_simplex": "(array([[1.16423221, 0.86866696, 2.74978489, 1.883831  , 0.274734  ,\n        2.10471433],\n       [1.17812701, 0.8520073 , 2.76184167, 1.87653439, 0.28184572,\n        2.12155319],\n       [1.17353727, 0.85688022, 2.75139506, 1.88526488, 0.26094662,\n        2.08986479],\n       [1.1583584 , 0.86758313, 2.74424158, 1.86593956, 0.25970792,\n        2.09883268],\n       [1.18713914, 0.87282018, 2.73472499, 1.87812628, 0.27508568,\n        2.0967367 ],\n       [1.17632161, 0.84988035, 2.74249037, 1.8699313 , 0.2772226 ,\n        2.09499655],\n       [1.17244603, 0.86079061, 2.73301966, 1.88037212, 0.26968089,\n        2.10550066]]), array([0.09454978, 0.09457181, 0.09457204, 0.09458048, 0.09458556,\n       0.09458879, 0.09460665]))", "callback": [0.8080038701541072, 0.611375203241183, 0.554835577964682, 0.5363877737255394, 0.4814591504913186, 0.37126308521917084, 0.3584063427640062, 0.35355495024152817, 0.34963634507791597, 0.3465879329156142, 0.33930846301641504, 0.33712370044620255, 0.3367670911306977, 0.3364513091729876, 0.33584145475948224, 0.33256003184827143, 0.33149654403659545, 0.33141057608449354, 0.33129997818180523, 0.33127745404511777, 0.3312584579155926, 0.3312579239345219, 0.3312557877522464, 0.33125291365821474, 0.331243624765325, 0.33122299386659104, 0.3311791892578554, 0.33097499172181355, 0.3308277086651361, 0.33055347919975153, 0.33017999265933506, 0.32828924395299963, 0.3201514958179881, 0.30908329003633483, 0.2969479532406806, 0.24463245980149573, 0.17475812346100328, 0.14883434576523158, 0.1440985143792839, 0.13630496740855969, 0.11876172524375916, 0.10130410751076124, 0.10130410751076124, 0.10069610490470748, 0.10012351579135514, 0.09968822258579368, 0.0977412616048915, 0.09547401283523427, 0.09490271140671946, 0.09457203924261126]}, "7": {"maxiter": 500, "fatol": 1e-10, "xatol": 1e-10, "duration": 0.7891080379486084, "fun": "0.09454978128625158", "nit": "500", "nfev": "757", "status": "2", "success": "False", "message": "Maximum number of iterations has been exceeded.", "x": "[1.16423221 0.86866696 2.74978489 1.883831   0.274734   2.10471433]", "final_simplex": "(array([[1.16423221, 0.86866696, 2.74978489, 1.883831  , 0.274734  ,\n        2.10471433],\n       [1.17812701, 0.8520073 , 2.76184167, 1.87653439, 0.28184572,\n        2.12155319],\n       [1.17353727, 0.85688022, 2.75139506, 1.88526488, 0.26094662,\n        2.08986479],\n       [1.1583584 , 0.86758313, 2.74424158, 1.86593956, 0.25970792,\n        2.09883268],\n       [1.18713914, 0.87282018, 2.73472499, 1.87812628, 0.27508568,\n        2.0967367 ],\n       [1.17632161, 0.84988035, 2.74249037, 1.8699313 , 0.2772226 ,\n        2.09499655],\n       [1.17244603, 0.86079061, 2.73301966, 1.88037212, 0.26968089,\n        2.10550066]]), array([0.09454978, 0.09457181, 0.09457204, 0.09458048, 0.09458556,\n       0.09458879, 0.09460665]))", "callback": [0.8080038701541072, 0.611375203241183, 0.554835577964682, 0.5363877737255394, 0.4814591504913186, 0.37126308521917084, 0.3584063427640062, 0.35355495024152817, 0.34963634507791597, 0.3465879329156142, 0.33930846301641504, 0.33712370044620255, 0.3367670911306977, 0.3364513091729876, 0.33584145475948224, 0.33256003184827143, 0.33149654403659545, 0.33141057608449354, 0.33129997818180523, 0.33127745404511777, 0.3312584579155926, 0.3312579239345219, 0.3312557877522464, 0.33125291365821474, 0.331243624765325, 0.33122299386659104, 0.3311791892578554, 0.33097499172181355, 0.3308277086651361, 0.33055347919975153, 0.33017999265933506, 0.32828924395299963, 0.3201514958179881, 0.30908329003633483, 0.2969479532406806, 0.24463245980149573, 0.17475812346100328, 0.14883434576523158, 0.1440985143792839, 0.13630496740855969, 0.11876172524375916, 0.10130410751076124, 0.10130410751076124, 0.10069610490470748, 0.10012351579135514, 0.09968822258579368, 0.0977412616048915, 0.09547401283523427, 0.09490271140671946, 0.09457203924261126]}, "8": {"maxiter": 1000, "fatol": 1e-05, "xatol": 1e-05, "duration": 0.8118369579315186, "fun": "0.09450432697888234", "nit": "622", "nfev": "963", "status": "0", "success": "True", "message": "Optimization terminated successfully.", "x": "[1.17352214 0.86398097 2.74840214 1.8759346  0.27111144 2.1003615 ]", "final_simplex": "(array([[1.17352214, 0.86398097, 2.74840214, 1.8759346 , 0.27111144,\n        2.1003615 ],\n       [1.17352014, 0.86398111, 2.74840141, 1.87593389, 0.27110849,\n        2.10036272],\n       [1.17351908, 0.86397938, 2.7484082 , 1.8759388 , 0.27111098,\n        2.10036224],\n       [1.17351926, 0.86397626, 2.74840725, 1.87593717, 0.27111131,\n        2.1003653 ],\n       [1.17352173, 0.86398094, 2.74840461, 1.87593451, 0.27110966,\n        2.10036332],\n       [1.17351782, 0.86397835, 2.74840245, 1.87593523, 0.2711054 ,\n        2.10035858],\n       [1.17352348, 0.86397761, 2.74840919, 1.87593936, 0.27111014,\n        2.10036762]]), array([0.09450433, 0.09450433, 0.09450433, 0.09450433, 0.09450433,\n       0.09450433, 0.09450433]))", "callback": [0.8080038701541072, 0.611375203241183, 0.554835577964682, 0.5363877737255394, 0.4814591504913186, 0.37126308521917084, 0.3584063427640062, 0.35355495024152817, 0.34963634507791597, 0.3465879329156142, 0.33930846301641504, 0.33712370044620255, 0.3367670911306977, 0.3364513091729876, 0.33584145475948224, 0.33256003184827143, 0.33149654403659545, 0.33141057608449354, 0.33129997818180523, 0.33127745404511777, 0.3312584579155926, 0.3312579239345219, 0.3312557877522464, 0.33125291365821474, 0.331243624765325, 0.33122299386659104, 0.3311791892578554, 0.33097499172181355, 0.3308277086651361, 0.33055347919975153, 0.33017999265933506, 0.32828924395299963, 0.3201514958179881, 0.30908329003633483, 0.2969479532406806, 0.24463245980149573, 0.17475812346100328, 0.14883434576523158, 0.1440985143792839, 0.13630496740855969, 0.11876172524375916, 0.10130410751076124, 0.10130410751076124, 0.10069610490470748, 0.10012351579135514, 0.09968822258579368, 0.0977412616048915, 0.09547401283523427, 0.09490271140671946, 0.09457203924261126, 0.09452311492886956, 0.09450783934698115, 0.09450467080130664, 0.09450450467801497, 0.09450439895508222, 0.09450435144885105, 0.09450433668929925, 0.09450432977699741, 0.09450432770488648, 0.09450432721880087, 0.09450432702668277, 0.09450432699342759, 0.09450432697888234]}, "9": {"maxiter": 1000, "fatol": 1e-05, "xatol": 1e-10, "duration": 1.016017198562622, "fun": "0.09450432697627531", "nit": "756", "nfev": "1222", "status": "0", "success": "True", "message": "Optimization terminated successfully.", "x": "[1.17352124 0.86397947 2.7484017  1.87593695 0.27111253 2.10036032]", "final_simplex": "(array([[1.17352124, 0.86397947, 2.7484017 , 1.87593695, 0.27111253,\n        2.10036032],\n       [1.17352124, 0.86397947, 2.7484017 , 1.87593695, 0.27111253,\n        2.10036032],\n       [1.17352124, 0.86397947, 2.7484017 , 1.87593695, 0.27111253,\n        2.10036032],\n       [1.17352124, 0.86397947, 2.7484017 , 1.87593695, 0.27111253,\n        2.10036032],\n       [1.17352124, 0.86397947, 2.7484017 , 1.87593695, 0.27111253,\n        2.10036032],\n       [1.17352124, 0.86397947, 2.7484017 , 1.87593695, 0.27111253,\n        2.10036032],\n       [1.17352124, 0.86397947, 2.7484017 , 1.87593695, 0.27111253,\n        2.10036032]]), array([0.09450433, 0.09450433, 0.09450433, 0.09450433, 0.09450433,\n       0.09450433, 0.09450433]))", "callback": [0.8080038701541072, 0.611375203241183, 0.554835577964682, 0.5363877737255394, 0.4814591504913186, 0.37126308521917084, 0.3584063427640062, 0.35355495024152817, 0.34963634507791597, 0.3465879329156142, 0.33930846301641504, 0.33712370044620255, 0.3367670911306977, 0.3364513091729876, 0.33584145475948224, 0.33256003184827143, 0.33149654403659545, 0.33141057608449354, 0.33129997818180523, 0.33127745404511777, 0.3312584579155926, 0.3312579239345219, 0.3312557877522464, 0.33125291365821474, 0.331243624765325, 0.33122299386659104, 0.3311791892578554, 0.33097499172181355, 0.3308277086651361, 0.33055347919975153, 0.33017999265933506, 0.32828924395299963, 0.3201514958179881, 0.30908329003633483, 0.2969479532406806, 0.24463245980149573, 0.17475812346100328, 0.14883434576523158, 0.1440985143792839, 0.13630496740855969, 0.11876172524375916, 0.10130410751076124, 0.10130410751076124, 0.10069610490470748, 0.10012351579135514, 0.09968822258579368, 0.0977412616048915, 0.09547401283523427, 0.09490271140671946, 0.09457203924261126, 0.09452311492886956, 0.09450783934698115, 0.09450467080130664, 0.09450450467801497, 0.09450439895508222, 0.09450435144885105, 0.09450433668929925, 0.09450432977699741, 0.09450432770488648, 0.09450432721880087, 0.09450432702668277, 0.09450432699342759, 0.09450432697888234, 0.09450432697799138, 0.09450432697679378, 0.09450432697641009, 0.09450432697629452, 0.0945043269762923, 0.09450432697628441, 0.09450432697628242, 0.09450432697627753, 0.09450432697627675, 0.09450432697627598, 0.09450432697627531, 0.09450432697627531, 0.09450432697627531]}, "10": {"maxiter": 1000, "fatol": 1e-10, "xatol": 1e-05, "duration": 0.7379457950592041, "fun": "0.09450432697888234", "nit": "622", "nfev": "963", "status": "0", "success": "True", "message": "Optimization terminated successfully.", "x": "[1.17352214 0.86398097 2.74840214 1.8759346  0.27111144 2.1003615 ]", "final_simplex": "(array([[1.17352214, 0.86398097, 2.74840214, 1.8759346 , 0.27111144,\n        2.1003615 ],\n       [1.17352014, 0.86398111, 2.74840141, 1.87593389, 0.27110849,\n        2.10036272],\n       [1.17351908, 0.86397938, 2.7484082 , 1.8759388 , 0.27111098,\n        2.10036224],\n       [1.17351926, 0.86397626, 2.74840725, 1.87593717, 0.27111131,\n        2.1003653 ],\n       [1.17352173, 0.86398094, 2.74840461, 1.87593451, 0.27110966,\n        2.10036332],\n       [1.17351782, 0.86397835, 2.74840245, 1.87593523, 0.2711054 ,\n        2.10035858],\n       [1.17352348, 0.86397761, 2.74840919, 1.87593936, 0.27111014,\n        2.10036762]]), array([0.09450433, 0.09450433, 0.09450433, 0.09450433, 0.09450433,\n       0.09450433, 0.09450433]))", "callback": [0.8080038701541072, 0.611375203241183, 0.554835577964682, 0.5363877737255394, 0.4814591504913186, 0.37126308521917084, 0.3584063427640062, 0.35355495024152817, 0.34963634507791597, 0.3465879329156142, 0.33930846301641504, 0.33712370044620255, 0.3367670911306977, 0.3364513091729876, 0.33584145475948224, 0.33256003184827143, 0.33149654403659545, 0.33141057608449354, 0.33129997818180523, 0.33127745404511777, 0.3312584579155926, 0.3312579239345219, 0.3312557877522464, 0.33125291365821474, 0.331243624765325, 0.33122299386659104, 0.3311791892578554, 0.33097499172181355, 0.3308277086651361, 0.33055347919975153, 0.33017999265933506, 0.32828924395299963, 0.3201514958179881, 0.30908329003633483, 0.2969479532406806, 0.24463245980149573, 0.17475812346100328, 0.14883434576523158, 0.1440985143792839, 0.13630496740855969, 0.11876172524375916, 0.10130410751076124, 0.10130410751076124, 0.10069610490470748, 0.10012351579135514, 0.09968822258579368, 0.0977412616048915, 0.09547401283523427, 0.09490271140671946, 0.09457203924261126, 0.09452311492886956, 0.09450783934698115, 0.09450467080130664, 0.09450450467801497, 0.09450439895508222, 0.09450435144885105, 0.09450433668929925, 0.09450432977699741, 0.09450432770488648, 0.09450432721880087, 0.09450432702668277, 0.09450432699342759, 0.09450432697888234]}, "11": {"maxiter": 1000, "fatol": 1e-10, "xatol": 1e-10, "duration": 0.9559001922607422, "fun": "0.09450432697627531", "nit": "756", "nfev": "1222", "status": "0", "success": "True", "message": "Optimization terminated successfully.", "x": "[1.17352124 0.86397947 2.7484017  1.87593695 0.27111253 2.10036032]", "final_simplex": "(array([[1.17352124, 0.86397947, 2.7484017 , 1.87593695, 0.27111253,\n        2.10036032],\n       [1.17352124, 0.86397947, 2.7484017 , 1.87593695, 0.27111253,\n        2.10036032],\n       [1.17352124, 0.86397947, 2.7484017 , 1.87593695, 0.27111253,\n        2.10036032],\n       [1.17352124, 0.86397947, 2.7484017 , 1.87593695, 0.27111253,\n        2.10036032],\n       [1.17352124, 0.86397947, 2.7484017 , 1.87593695, 0.27111253,\n        2.10036032],\n       [1.17352124, 0.86397947, 2.7484017 , 1.87593695, 0.27111253,\n        2.10036032],\n       [1.17352124, 0.86397947, 2.7484017 , 1.87593695, 0.27111253,\n        2.10036032]]), array([0.09450433, 0.09450433, 0.09450433, 0.09450433, 0.09450433,\n       0.09450433, 0.09450433]))", "callback": [0.8080038701541072, 0.611375203241183, 0.554835577964682, 0.5363877737255394, 0.4814591504913186, 0.37126308521917084, 0.3584063427640062, 0.35355495024152817, 0.34963634507791597, 0.3465879329156142, 0.33930846301641504, 0.33712370044620255, 0.3367670911306977, 0.3364513091729876, 0.33584145475948224, 0.33256003184827143, 0.33149654403659545, 0.33141057608449354, 0.33129997818180523, 0.33127745404511777, 0.3312584579155926, 0.3312579239345219, 0.3312557877522464, 0.33125291365821474, 0.331243624765325, 0.33122299386659104, 0.3311791892578554, 0.33097499172181355, 0.3308277086651361, 0.33055347919975153, 0.33017999265933506, 0.32828924395299963, 0.3201514958179881, 0.30908329003633483, 0.2969479532406806, 0.24463245980149573, 0.17475812346100328, 0.14883434576523158, 0.1440985143792839, 0.13630496740855969, 0.11876172524375916, 0.10130410751076124, 0.10130410751076124, 0.10069610490470748, 0.10012351579135514, 0.09968822258579368, 0.0977412616048915, 0.09547401283523427, 0.09490271140671946, 0.09457203924261126, 0.09452311492886956, 0.09450783934698115, 0.09450467080130664, 0.09450450467801497, 0.09450439895508222, 0.09450435144885105, 0.09450433668929925, 0.09450432977699741, 0.09450432770488648, 0.09450432721880087, 0.09450432702668277, 0.09450432699342759, 0.09450432697888234, 0.09450432697799138, 0.09450432697679378, 0.09450432697641009, 0.09450432697629452, 0.0945043269762923, 0.09450432697628441, 0.09450432697628242, 0.09450432697627753, 0.09450432697627675, 0.09450432697627598, 0.09450432697627531, 0.09450432697627531, 0.09450432697627531]}}, "bfgs": {"type": "gradient", "0": {"maxiter": 100, "gtol": 1e-05, "xrtol": 1e-05, "eps": 1e-05, "duration": 0.22572684288024902, "fun": "0.09450432724345581", "jac": "[ 1.18628440e-06 -5.53113111e-06  2.81896728e-06  5.60229640e-06\n -5.33211253e-06 -6.73392453e-06]", "hess_inv": "[[ 3.13777749 -0.03129348 -0.58744852 -0.48637375 -0.20940313 -0.8075659 ]\n [-0.03129348  4.35700269 -3.74184046 -2.31443653 -1.37181697 -2.15024035]\n [-0.58744852 -3.74184046  7.37132135  4.2358604   1.82026616  3.40193621]\n [-0.48637375 -2.31443653  4.2358604   4.67746278  0.78240874  1.72253632]\n [-0.20940313 -1.37181697  1.82026616  0.78240874  3.0635936   1.53565148]\n [-0.8075659  -2.15024035  3.40193621  1.72253632  1.53565148  3.9852298 ]]", "nfev": "273", "njev": "39", "status": "0", "success": "True", "message": "Optimization terminated successfully.", "x": "[5.10966982 4.00556034 5.88999074 1.87594313 0.27108911 2.10033213]", "nit": "35", "callback": [0.617693761841907, 0.5764197490460479, 0.5561233453009709, 0.5382558701230992, 0.5176829646812147, 0.4973981043751423, 0.46497742380778007, 0.43353586436135627, 0.40430192203048654, 0.38116024539827575, 0.37070840442508624, 0.36471305840491586, 0.3605862198008869, 0.3594207494651518, 0.35753818436467055, 0.35423625263882386, 0.3479559834384456, 0.3362584868277344, 0.3282529981079726, 0.31679439530750075, 0.2956712308549787, 0.2567442706838302, 0.19177062958723545, 0.12081237779983489, 0.11046306966103159, 0.10612354872044982, 0.10074384766584499, 0.09812112894110236, 0.09546710163259564, 0.09493755350531141, 0.09468294903854813, 0.09454594006735706, 0.09450563559274994, 0.09450435179021865, 0.09450432724345581]}, "1": {"maxiter": 100, "gtol": 1e-05, "xrtol": 1e-05, "eps": 1e-10, "duration": 0.20878863334655762, "fun": "0.09450432728006997", "jac": "[-1.11022293e-06 -5.55111466e-06  3.33066880e-06  3.33066880e-06\n -8.88178346e-06 -5.55111466e-06]", "hess_inv": "[[ 3.14479655 -0.02018565 -0.59952118 -0.47943976 -0.20794001 -0.79805805]\n [-0.02018565  4.35198798 -3.72028151 -2.31685685 -1.37109079 -2.13443182]\n [-0.59952118 -3.72028151  7.34674319  4.23898294  1.82024675  3.40654071]\n [-0.47943976 -2.31685685  4.23898294  4.67975097  0.77923518  1.7197234 ]\n [-0.20794001 -1.37109079  1.82024675  0.77923518  3.04919503  1.52133879]\n [-0.79805805 -2.13443182  3.40654071  1.7197234   1.52133879  4.00044827]]", "nfev": "273", "njev": "39", "status": "0", "success": "True", "message": "Optimization terminated successfully.", "x": "[5.10966579 4.00556698 5.88998622 1.87593474 0.27107985 2.10032989]", "nit": "35", "callback": [0.6176920929892638, 0.5764196426893472, 0.5561228391075678, 0.5382548039221275, 0.5176822939996716, 0.497397178600559, 0.46497565091851034, 0.4335308536997676, 0.40429844511722135, 0.3811560653592809, 0.3707059280184337, 0.36471012990933194, 0.36058519515639553, 0.3594194070948463, 0.3575363941462373, 0.35423396241966, 0.3479526580592043, 0.33625671045893557, 0.3282557149676474, 0.31679891628560986, 0.2956824625781421, 0.2567716552894138, 0.19182441243872805, 0.1208146664394425, 0.11044975832529413, 0.1061566782617378, 0.10078384160065412, 0.09813101185183515, 0.09550803122399043, 0.09494310212067547, 0.09468482401820477, 0.09455006356193563, 0.09450553003875595, 0.09450435160729587, 0.09450432728006997]}, "2": {"maxiter": 100, "gtol": 1e-05, "xrtol": 1e-10, "eps": 1e-05, "duration": 0.27305006980895996, "fun": "0.09450432724345581", "jac": "[ 1.18628440e-06 -5.53113111e-06  2.81896728e-06  5.60229640e-06\n -5.33211253e-06 -6.73392453e-06]", "hess_inv": "[[ 3.13777749 -0.03129348 -0.58744852 -0.48637375 -0.20940313 -0.8075659 ]\n [-0.03129348  4.35700269 -3.74184046 -2.31443653 -1.37181697 -2.15024035]\n [-0.58744852 -3.74184046  7.37132135  4.2358604   1.82026616  3.40193621]\n [-0.48637375 -2.31443653  4.2358604   4.67746278  0.78240874  1.72253632]\n [-0.20940313 -1.37181697  1.82026616  0.78240874  3.0635936   1.53565148]\n [-0.8075659  -2.15024035  3.40193621  1.72253632  1.53565148  3.9852298 ]]", "nfev": "273", "njev": "39", "status": "0", "success": "True", "message": "Optimization terminated successfully.", "x": "[5.10966982 4.00556034 5.88999074 1.87594313 0.27108911 2.10033213]", "nit": "35", "callback": [0.617693761841907, 0.5764197490460479, 0.5561233453009709, 0.5382558701230992, 0.5176829646812147, 0.4973981043751423, 0.46497742380778007, 0.43353586436135627, 0.40430192203048654, 0.38116024539827575, 0.37070840442508624, 0.36471305840491586, 0.3605862198008869, 0.3594207494651518, 0.35753818436467055, 0.35423625263882386, 0.3479559834384456, 0.3362584868277344, 0.3282529981079726, 0.31679439530750075, 0.2956712308549787, 0.2567442706838302, 0.19177062958723545, 0.12081237779983489, 0.11046306966103159, 0.10612354872044982, 0.10074384766584499, 0.09812112894110236, 0.09546710163259564, 0.09493755350531141, 0.09468294903854813, 0.09454594006735706, 0.09450563559274994, 0.09450435179021865, 0.09450432724345581]}, "3": {"maxiter": 100, "gtol": 1e-05, "xrtol": 1e-10, "eps": 1e-10, "duration": 0.2652301788330078, "fun": "0.09450432728006997", "jac": "[-1.11022293e-06 -5.55111466e-06  3.33066880e-06  3.33066880e-06\n -8.88178346e-06 -5.55111466e-06]", "hess_inv": "[[ 3.14479655 -0.02018565 -0.59952118 -0.47943976 -0.20794001 -0.79805805]\n [-0.02018565  4.35198798 -3.72028151 -2.31685685 -1.37109079 -2.13443182]\n [-0.59952118 -3.72028151  7.34674319  4.23898294  1.82024675  3.40654071]\n [-0.47943976 -2.31685685  4.23898294  4.67975097  0.77923518  1.7197234 ]\n [-0.20794001 -1.37109079  1.82024675  0.77923518  3.04919503  1.52133879]\n [-0.79805805 -2.13443182  3.40654071  1.7197234   1.52133879  4.00044827]]", "nfev": "273", "njev": "39", "status": "0", "success": "True", "message": "Optimization terminated successfully.", "x": "[5.10966579 4.00556698 5.88998622 1.87593474 0.27107985 2.10032989]", "nit": "35", "callback": [0.6176920929892638, 0.5764196426893472, 0.5561228391075678, 0.5382548039221275, 0.5176822939996716, 0.497397178600559, 0.46497565091851034, 0.4335308536997676, 0.40429844511722135, 0.3811560653592809, 0.3707059280184337, 0.36471012990933194, 0.36058519515639553, 0.3594194070948463, 0.3575363941462373, 0.35423396241966, 0.3479526580592043, 0.33625671045893557, 0.3282557149676474, 0.31679891628560986, 0.2956824625781421, 0.2567716552894138, 0.19182441243872805, 0.1208146664394425, 0.11044975832529413, 0.1061566782617378, 0.10078384160065412, 0.09813101185183515, 0.09550803122399043, 0.09494310212067547, 0.09468482401820477, 0.09455006356193563, 0.09450553003875595, 0.09450435160729587, 0.09450432728006997]}, "4": {"maxiter": 100, "gtol": 1e-10, "xrtol": 1e-05, "eps": 1e-05, "duration": 0.21419811248779297, "fun": "0.09450432709181678", "jac": "[ 3.02768921e-07  1.82287518e-07  2.64077649e-07 -2.41591191e-06\n  4.57911487e-07  4.37661019e-07]", "hess_inv": "[[ 3.12361774e+00 -3.58820610e-03 -6.52673044e-01 -5.34772379e-01\n  -1.81771170e-01 -8.20259606e-01]\n [-3.58820610e-03  4.41010315e+00 -3.64445113e+00 -2.32606874e+00\n  -1.44139566e+00 -2.04642506e+00]\n [-6.52673044e-01 -3.64445113e+00  7.07939178e+00  4.04287475e+00\n   1.95191851e+00  3.32121551e+00]\n [-5.34772379e-01 -2.32606874e+00  4.04287475e+00  4.61739398e+00\n   8.92227805e-01  1.60089087e+00]\n [-1.81771170e-01 -1.44139566e+00  1.95191851e+00  8.92227805e-01\n   3.01191408e+00  1.54900485e+00]\n [-8.20259606e-01 -2.04642506e+00  3.32121551e+00  1.60089087e+00\n   1.54900485e+00  4.03197773e+00]]", "nfev": "280", "njev": "40", "status": "0", "success": "True", "message": "Optimization terminated successfully.", "x": "[5.10966444 4.00558658 5.88996153 1.87590917 0.27109734 2.10033887]", "nit": "36", "callback": [0.617693761841907, 0.5764197490460479, 0.5561233453009709, 0.5382558701230992, 0.5176829646812147, 0.4973981043751423, 0.46497742380778007, 0.43353586436135627, 0.40430192203048654, 0.38116024539827575, 0.37070840442508624, 0.36471305840491586, 0.3605862198008869, 0.3594207494651518, 0.35753818436467055, 0.35423625263882386, 0.3479559834384456, 0.3362584868277344, 0.3282529981079726, 0.31679439530750075, 0.2956712308549787, 0.2567442706838302, 0.19177062958723545, 0.12081237779983489, 0.11046306966103159, 0.10612354872044982, 0.10074384766584499, 0.09812112894110236, 0.09546710163259564, 0.09493755350531141, 0.09468294903854813, 0.09454594006735706, 0.09450563559274994, 0.09450435179021865, 0.09450432724345581, 0.09450432709181678]}, "5": {"maxiter": 100, "gtol": 1e-10, "xrtol": 1e-05, "eps": 1e-10, "duration": 0.28137683868408203, "fun": "0.09450432708909295", "jac": "[ 2.22044587e-06  0.00000000e+00  1.11022293e-06 -3.33066880e-06\n -1.11022293e-06 -1.11022293e-06]", "hess_inv": "[[ 3.14907993  0.01379415 -0.62845267 -0.51799118 -0.18455342 -0.78053902]\n [ 0.01379415  4.41370937 -3.66514236 -2.33464093 -1.40091966 -2.03878683]\n [-0.62845267 -3.66514236  7.15230496  4.10487684  1.95722861  3.34755803]\n [-0.51799118 -2.33464093  4.10487684  4.62752678  0.86720742  1.62210223]\n [-0.18455342 -1.40091966  1.95722861  0.86720742  2.95374219  1.57209075]\n [-0.78053902 -2.03878683  3.34755803  1.62210223  1.57209075  4.0630667 ]]", "nfev": "280", "njev": "40", "status": "0", "success": "True", "message": "Optimization terminated successfully.", "x": "[5.10966721 4.00558772 5.88996364 1.87590882 0.27109742 2.10033767]", "nit": "36", "callback": [0.6176920929892638, 0.5764196426893472, 0.5561228391075678, 0.5382548039221275, 0.5176822939996716, 0.497397178600559, 0.46497565091851034, 0.4335308536997676, 0.40429844511722135, 0.3811560653592809, 0.3707059280184337, 0.36471012990933194, 0.36058519515639553, 0.3594194070948463, 0.3575363941462373, 0.35423396241966, 0.3479526580592043, 0.33625671045893557, 0.3282557149676474, 0.31679891628560986, 0.2956824625781421, 0.2567716552894138, 0.19182441243872805, 0.1208146664394425, 0.11044975832529413, 0.1061566782617378, 0.10078384160065412, 0.09813101185183515, 0.09550803122399043, 0.09494310212067547, 0.09468482401820477, 0.09455006356193563, 0.09450553003875595, 0.09450435160729587, 0.09450432728006997, 0.09450432708909295]}, "6": {"maxiter": 100, "gtol": 1e-10, "xrtol": 1e-10, "eps": 1e-05, "duration": 0.41124534606933594, "fun": "0.09450432705635714", "jac": "[-2.55351296e-10 -3.33066907e-11  1.66533454e-10  3.77475828e-10\n -2.10942375e-10 -2.44249065e-10]", "hess_inv": "[[ 3.19623883 -0.10565488 -0.53215865 -0.35454118 -0.14299375 -0.76174002]\n [-0.10565488  4.26740133 -3.40134113 -1.97003952 -1.47371493 -2.03463958]\n [-0.53215865 -3.40134113  6.72428486  3.57645529  2.06005755  3.38555806]\n [-0.35454118 -1.97003952  3.57645529  4.08729231  1.15549862  1.83752934]\n [-0.14299375 -1.47371493  2.06005755  1.15549862  3.17357589  1.76784074]\n [-0.76174002 -2.03463958  3.38555806  1.83752934  1.76784074  4.31369896]]", "nfev": "515", "njev": "72", "status": "2", "success": "False", "message": "Desired error not necessarily achieved due to precision loss.", "x": "[5.10966311 4.00558347 5.8899669  1.87591747 0.27109767 2.10034037]", "nit": "39", "callback": [0.617693761841907, 0.5764197490460479, 0.5561233453009709, 0.5382558701230992, 0.5176829646812147, 0.4973981043751423, 0.46497742380778007, 0.43353586436135627, 0.40430192203048654, 0.38116024539827575, 0.37070840442508624, 0.36471305840491586, 0.3605862198008869, 0.3594207494651518, 0.35753818436467055, 0.35423625263882386, 0.3479559834384456, 0.3362584868277344, 0.3282529981079726, 0.31679439530750075, 0.2956712308549787, 0.2567442706838302, 0.19177062958723545, 0.12081237779983489, 0.11046306966103159, 0.10612354872044982, 0.10074384766584499, 0.09812112894110236, 0.09546710163259564, 0.09493755350531141, 0.09468294903854813, 0.09454594006735706, 0.09450563559274994, 0.09450435179021865, 0.09450432724345581, 0.09450432709181678, 0.0945043270597552, 0.09450432705679235, 0.09450432705635714]}, "7": {"maxiter": 100, "gtol": 1e-10, "xrtol": 1e-10, "eps": 1e-10, "duration": 0.5865669250488281, "fun": "0.0945043269953445", "jac": "[ 1.11022293e-06  2.22044587e-06  0.00000000e+00  2.22044587e-06\n  0.00000000e+00 -2.22044587e-06]", "hess_inv": "[[  2.07079569   1.85137547  -2.84475115  -2.90940893  -1.28528385\n   -1.64475811]\n [  1.85137547  10.67011074 -12.09015048 -10.4169517   -6.63237628\n   -8.58162803]\n [ -2.84475115 -12.09015048  18.24795196  14.44760709   8.97581648\n   12.14373586]\n [ -2.90940893 -10.4169517   14.44760709  13.6550352    7.72532479\n   10.47284187]\n [ -1.28528385  -6.63237628   8.97581648   7.72532479   7.25773662\n    6.77438705]\n [ -1.64475811  -8.58162803  12.14373586  10.47284187   6.77438705\n   10.14177313]]", "nfev": "656", "njev": "92", "status": "2", "success": "False", "message": "Desired error not necessarily achieved due to precision loss.", "x": "[5.10965722 4.00557208 5.88998975 1.87593894 0.27111403 2.100357  ]", "nit": "38", "callback": [0.6176920929892638, 0.5764196426893472, 0.5561228391075678, 0.5382548039221275, 0.5176822939996716, 0.497397178600559, 0.46497565091851034, 0.4335308536997676, 0.40429844511722135, 0.3811560653592809, 0.3707059280184337, 0.36471012990933194, 0.36058519515639553, 0.3594194070948463, 0.3575363941462373, 0.35423396241966, 0.3479526580592043, 0.33625671045893557, 0.3282557149676474, 0.31679891628560986, 0.2956824625781421, 0.2567716552894138, 0.19182441243872805, 0.1208146664394425, 0.11044975832529413, 0.1061566782617378, 0.10078384160065412, 0.09813101185183515, 0.09550803122399043, 0.09494310212067547, 0.09468482401820477, 0.09455006356193563, 0.09450553003875595, 0.09450435160729587, 0.09450432728006997, 0.09450432708909295, 0.09450432702866896, 0.0945043269953445]}, "8": {"maxiter": 500, "gtol": 1e-05, "xrtol": 1e-05, "eps": 1e-05, "duration": 0.21400070190429688, "fun": "0.09450432724345581", "jac": "[ 1.18628440e-06 -5.53113111e-06  2.81896728e-06  5.60229640e-06\n -5.33211253e-06 -6.73392453e-06]", "hess_inv": "[[ 3.13777749 -0.03129348 -0.58744852 -0.48637375 -0.20940313 -0.8075659 ]\n [-0.03129348  4.35700269 -3.74184046 -2.31443653 -1.37181697 -2.15024035]\n [-0.58744852 -3.74184046  7.37132135  4.2358604   1.82026616  3.40193621]\n [-0.48637375 -2.31443653  4.2358604   4.67746278  0.78240874  1.72253632]\n [-0.20940313 -1.37181697  1.82026616  0.78240874  3.0635936   1.53565148]\n [-0.8075659  -2.15024035  3.40193621  1.72253632  1.53565148  3.9852298 ]]", "nfev": "273", "njev": "39", "status": "0", "success": "True", "message": "Optimization terminated successfully.", "x": "[5.10966982 4.00556034 5.88999074 1.87594313 0.27108911 2.10033213]", "nit": "35", "callback": [0.617693761841907, 0.5764197490460479, 0.5561233453009709, 0.5382558701230992, 0.5176829646812147, 0.4973981043751423, 0.46497742380778007, 0.43353586436135627, 0.40430192203048654, 0.38116024539827575, 0.37070840442508624, 0.36471305840491586, 0.3605862198008869, 0.3594207494651518, 0.35753818436467055, 0.35423625263882386, 0.3479559834384456, 0.3362584868277344, 0.3282529981079726, 0.31679439530750075, 0.2956712308549787, 0.2567442706838302, 0.19177062958723545, 0.12081237779983489, 0.11046306966103159, 0.10612354872044982, 0.10074384766584499, 0.09812112894110236, 0.09546710163259564, 0.