{"date": "2024/07/18/, 20:27:19", "conf_id": 56, "data_type": "random\n", "num_data_points": 3, "s_rank": 0, "unitary": "[[-0.56303964-0.00798273j,-0.21670212-0.15784972j,-0.06047197-0.73952673j,-0.01438004+0.24552571j],[-0.06976756+0.23474685j,-0.01275565-0.5435098j,-0.02703657-0.08917885j,-0.08210486-0.79311774j],[-0.38559961+0.10714929j,0.5933431-0.2687392j,-0.24060861+0.29149289j,-0.45147719+0.26241743j],[-0.50180421+0.45931857j,-0.11617175+0.44134496j,0.49642745+0.22684508j,-0.08544628-0.15407063j]]", "databatch_0": {"databatch": "[[[0.11369058+0.25303945j,0.32387037+0.13817778j,0.32620158+0.15903747j,0.03593063-0.19217634j],[0.01738814+0.03004915j,-0.04672795+0.07819389j,0.19718638+0.01821959j,-0.04848311-0.23168985j],[0.03715301-0.23488812j,-0.05785904+0.47822116j,0.09567196+0.06274649j,-0.27198277+0.01264497j],[-0.08438283-0.05424736j,0.03557842+0.03304573j,-0.03996855-0.19103748j,0.08698171+0.30081311j]],[[-0.00431055+0.07654682j,0.19952902-0.20119052j,-0.04737856+0.0981479j,-0.24637243+0.00884481j],[-0.30411347+0.38015814j,-0.05446148+0.03725856j,-0.03822619-0.06468294j,0.32211934-0.13561751j],[0.07925929+0.16138271j,-0.08318426-0.1841606j,-0.08772436-0.21507383j,0.15081465+0.08548075j],[0.22439142+0.02954559j,0.35162744-0.06200679j,0.08485207-0.34134059j,0.10104082+0.04712186j]],[[0.32443605+0.15958476j,0.26707926-0.02165032j,0.12599485+0.24466292j,-0.10828376+0.0204266j],[0.20783488-0.0754041j,-0.10496804+0.37021695j,0.1612417-0.02663121j,-0.33729649+0.04603787j],[-0.04788486+0.17952522j,0.12596399-0.11713279j,0.42042657-0.22819464j,0.05538703-0.20941487j],[0.07003092-0.03555553j,0.05121349+0.08115862j,0.03787125-0.06822597j,-0.06683144-0.06514362j]]]", "initial param values": "[3.92043878,1.17900782,4.71246854,5.25087604,0.31942885,2.06830745]", "nelder_mead": {"type": "gradient-free", "0": {"maxiter": 100, "fatol": 1e-05, "xatol": 1e-05, "duration": 0.026829957962036133, "fun": "0.5169853154373456", "nit": "100", "nfev": "157", "status": "2", "success": "False", "message": "Maximum number of iterations has been exceeded.", "x": "[ 7.31976287 -0.22029968  6.72706068  8.48926617  0.31205055  4.99493384]", "final_simplex": "(array([[ 7.31976287, -0.22029968,  6.72706068,  8.48926617,  0.31205055,\n         4.99493384],\n       [ 7.34679364, -0.22612911,  6.74690179,  8.48427957,  0.31031899,\n         5.00200841],\n       [ 7.31885086, -0.22339345,  6.75230098,  8.4708783 ,  0.31152399,\n         4.99379672],\n       [ 7.31000354, -0.22680947,  6.74488569,  8.45159362,  0.31280623,\n         5.00714904],\n       [ 7.33008563, -0.22794596,  6.73165532,  8.48134363,  0.31452579,\n         5.01156183],\n       [ 7.31214468, -0.22536034,  6.75271221,  8.49344414,  0.31197021,\n         5.00885865],\n       [ 7.33618108, -0.21300543,  6.69705435,  8.46560994,  0.31441777,\n         4.98615785]]), array([0.51698532, 0.5169863 , 0.51699331, 0.51701908, 0.51707638,\n       0.51707642, 0.51709462]))"}, "1": {"maxiter": 100, "fatol": 1e-05, "xatol": 1e-10, "duration": 0.026664018630981445, "fun": "0.5169853154373456", "nit": "100", "nfev": "157", "status": "2", "success": "False", "message": "Maximum number of iterations has been exceeded.", "x": "[ 7.31976287 -0.22029968  6.72706068  8.48926617  0.31205055  4.99493384]", "final_simplex": "(array([[ 7.31976287, -0.22029968,  6.72706068,  8.48926617,  0.31205055,\n         4.99493384],\n       [ 7.34679364, -0.22612911,  6.74690179,  8.48427957,  0.31031899,\n         5.00200841],\n       [ 7.31885086, -0.22339345,  6.75230098,  8.4708783 ,  0.31152399,\n         4.99379672],\n       [ 7.31000354, -0.22680947,  6.74488569,  8.45159362,  0.31280623,\n         5.00714904],\n       [ 7.33008563, -0.22794596,  6.73165532,  8.48134363,  0.31452579,\n         5.01156183],\n       [ 7.31214468, -0.22536034,  6.75271221,  8.49344414,  0.31197021,\n         5.00885865],\n       [ 7.33618108, -0.21300543,  6.69705435,  8.46560994,  0.31441777,\n         4.98615785]]), array([0.51698532, 0.5169863 , 0.51699331, 0.51701908, 0.51707638,\n       0.51707642, 0.51709462]))"}, "2": {"maxiter": 100, "fatol": 1e-10, "xatol": 1e-05, "duration": 0.026610136032104492, "fun": "0.5169853154373456", "nit": "100", "nfev": "157", "status": "2", "success": "False", "message": "Maximum number of iterations has been exceeded.", "x": "[ 7.31976287 -0.22029968  6.72706068  8.48926617  0.31205055  4.99493384]", "final_simplex": "(array([[ 7.31976287, -0.22029968,  6.72706068,  8.48926617,  0.31205055,\n         4.99493384],\n       [ 7.34679364, -0.22612911,  6.74690179,  8.48427957,  0.31031899,\n         5.00200841],\n       [ 7.31885086, -0.22339345,  6.75230098,  8.4708783 ,  0.31152399,\n         4.99379672],\n       [ 7.31000354, -0.22680947,  6.74488569,  8.45159362,  0.31280623,\n         5.00714904],\n       [ 7.33008563, -0.22794596,  6.73165532,  8.48134363,  0.31452579,\n         5.01156183],\n       [ 7.31214468, -0.22536034,  6.75271221,  8.49344414,  0.31197021,\n         5.00885865],\n       [ 7.33618108, -0.21300543,  6.69705435,  8.46560994,  0.31441777,\n         4.98615785]]), array([0.51698532, 0.5169863 , 0.51699331, 0.51701908, 0.51707638,\n       0.51707642, 0.51709462]))"}, "3": {"maxiter": 100, "fatol": 1e-10, "xatol": 1e-10, "duration": 0.02660202980041504, "fun": "0.5169853154373456", "nit": "100", "nfev": "157", "status": "2", "success": "False", "message": "Maximum number of iterations has been exceeded.", "x": "[ 7.31976287 -0.22029968  6.72706068  8.48926617  0.31205055  4.99493384]", "final_simplex": "(array([[ 7.31976287, -0.22029968,  6.72706068,  8.48926617,  0.31205055,\n         4.99493384],\n       [ 7.34679364, -0.22612911,  6.74690179,  8.48427957,  0.31031899,\n         5.00200841],\n       [ 7.31885086, -0.22339345,  6.75230098,  8.4708783 ,  0.31152399,\n         4.99379672],\n       [ 7.31000354, -0.22680947,  6.74488569,  8.45159362,  0.31280623,\n         5.00714904],\n       [ 7.33008563, -0.22794596,  6.73165532,  8.48134363,  0.31452579,\n         5.01156183],\n       [ 7.31214468, -0.22536034,  6.75271221,  8.49344414,  0.31197021,\n         5.00885865],\n       [ 7.33618108, -0.21300543,  6.69705435,  8.46560994,  0.31441777,\n         4.98615785]]), array([0.51698532, 0.5169863 , 0.51699331, 0.51701908, 0.51707638,\n       0.51707642, 0.51709462]))"}, "4": {"maxiter": 500, "fatol": 1e-05, "xatol": 1e-05, "duration": 0.11970090866088867, "fun": "0.508052078144412", "nit": "462", "nfev": "707", "status": "0", "success": "True", "message": "Optimization terminated successfully.", "x": "[ 7.24895691 -0.19470474  6.73002699  8.42939442 -0.02576745  4.81840847]", "final_simplex": "(array([[ 7.24895691, -0.19470474,  6.73002699,  8.42939442, -0.02576745,\n         4.81840847],\n       [ 7.24895212, -0.19470181,  6.73001838,  8.42939315, -0.02575993,\n         4.8184124 ],\n       [ 7.24895154, -0.19470044,  6.73002192,  8.42939005, -0.02576486,\n         4.81840747],\n       [ 7.24895669, -0.19471169,  6.73002855,  8.42938723, -0.02576324,\n         4.81841128],\n       [ 7.24895708, -0.19469536,  6.73001911,  8.42938542, -0.02575851,\n         4.81840649],\n       [ 7.24895647, -0.19470493,  6.73002138,  8.4293872 , -0.02576393,\n         4.81840777],\n       [ 7.24895991, -0.19470367,  6.73002297,  8.42939256, -0.02576069,\n         4.81840142]]), array([0.50805208, 0.50805208, 0.50805208, 0.50805208, 0.50805208,\n       0.50805208, 0.50805208]))"}, "5": {"maxiter": 500, "fatol": 1e-05, "xatol": 1e-10, "duration": 0.13019275665283203, "fun": "0.5080520781193363", "nit": "500", "nfev": "765", "status": "2", "success": "False", "message": "Maximum number of iterations has been exceeded.", "x": "[ 7.24895685 -0.19470054  6.73003     8.429393   -0.0257512   4.81841919]", "final_simplex": "(array([[ 7.24895685, -0.19470054,  6.73003   ,  8.429393  , -0.0257512 ,\n         4.81841919],\n       [ 7.24895559, -0.19470274,  6.73002921,  8.42939282, -0.02575248,\n         4.81842053],\n       [ 7.24895641, -0.19470167,  6.73003152,  8.42939155, -0.02575402,\n         4.81841864],\n       [ 7.24895553, -0.19470063,  6.7300291 ,  8.42939235, -0.02575321,\n         4.8184198 ],\n       [ 7.24895493, -0.19470064,  6.73002917,  8.42939326, -0.0257523 ,\n         4.81841858],\n       [ 7.2489566 , -0.19470189,  6.73002889,  8.4293908 , -0.02575311,\n         4.81841815],\n       [ 7.24895592, -0.19470099,  6.73002924,  8.4293903 , -0.02574947,\n         4.81842135]]), array([0.50805208, 0.50805208, 0.50805208, 0.50805208, 0.50805208,\n       0.50805208, 0.50805208]))"}, "6": {"maxiter": 500, "fatol": 1e-10, "xatol": 1e-05, "duration": 0.11938118934631348, "fun": "0.508052078144412", "nit": "462", "nfev": "707", "status": "0", "success": "True", "message": "Optimization terminated successfully.", "x": "[ 7.24895691 -0.19470474  6.73002699  8.42939442 -0.02576745  4.81840847]", "final_simplex": "(array([[ 7.24895691, -0.19470474,  6.73002699,  8.42939442, -0.02576745,\n         4.81840847],\n       [ 7.24895212, -0.19470181,  6.73001838,  8.42939315, -0.02575993,\n         4.8184124 ],\n       [ 7.24895154, -0.19470044,  6.73002192,  8.42939005, -0.02576486,\n         4.81840747],\n       [ 7.24895669, -0.19471169,  6.73002855,  8.42938723, -0.02576324,\n         4.81841128],\n       [ 7.24895708, -0.19469536,  6.73001911,  8.42938542, -0.02575851,\n         4.81840649],\n       [ 7.24895647, -0.19470493,  6.73002138,  8.4293872 , -0.02576393,\n         4.81840777],\n       [ 7.24895991, -0.19470367,  6.73002297,  8.42939256, -0.02576069,\n         4.81840142]]), array([0.50805208, 0.50805208, 0.50805208, 0.50805208, 0.50805208,\n       0.50805208, 0.50805208]))"}, "7": {"maxiter": 500, "fatol": 1e-10, "xatol": 1e-10, "duration": 0.12919282913208008, "fun": "0.5080520781193363", "nit": "500", "nfev": "765", "status": "2", "success": "False", "message": "Maximum number of iterations has been exceeded.", "x": "[ 7.24895685 -0.19470054  6.73003     8.429393   -0.0257512   4.81841919]", "final_simplex": "(array([[ 7.24895685, -0.19470054,  6.73003   ,  8.429393  , -0.0257512 ,\n         4.81841919],\n       [ 7.24895559, -0.19470274,  6.73002921,  8.42939282, -0.02575248,\n         4.81842053],\n       [ 7.24895641, -0.19470167,  6.73003152,  8.42939155, -0.02575402,\n         4.81841864],\n       [ 7.24895553, -0.19470063,  6.7300291 ,  8.42939235, -0.02575321,\n         4.8184198 ],\n       [ 7.24895493, -0.19470064,  6.73002917,  8.42939326, -0.0257523 ,\n         4.81841858],\n       [ 7.2489566 , -0.19470189,  6.73002889,  8.4293908 , -0.02575311,\n         4.81841815],\n       [ 7.24895592, -0.19470099,  6.73002924,  8.4293903 , -0.02574947,\n         4.81842135]]), array([0.50805208, 0.50805208, 0.50805208, 0.50805208, 0.50805208,\n       0.50805208, 0.50805208]))"}, "8": {"maxiter": 1000, "fatol": 1e-05, "xatol": 1e-05, "duration": 0.12090206146240234, "fun": "0.508052078144412", "nit": "462", "nfev": "707", "status": "0", "success": "True", "message": "Optimization terminated successfully.", "x": "[ 7.24895691 -0.19470474  6.73002699  8.42939442 -0.02576745  4.81840847]", "final_simplex": "(array([[ 7.24895691, -0.19470474,  6.73002699,  8.42939442, -0.02576745,\n         4.81840847],\n       [ 7.24895212, -0.19470181,  6.73001838,  8.42939315, -0.02575993,\n         4.8184124 ],\n       [ 7.24895154, -0.19470044,  6.73002192,  8.42939005, -0.02576486,\n         4.81840747],\n       [ 7.24895669, -0.19471169,  6.73002855,  8.42938723, -0.02576324,\n         4.81841128],\n       [ 7.24895708, -0.19469536,  6.73001911,  8.42938542, -0.02575851,\n         4.81840649],\n       [ 7.24895647, -0.19470493,  6.73002138,  8.4293872 , -0.02576393,\n         4.81840777],\n       [ 7.24895991, -0.19470367,  6.73002297,  8.42939256, -0.02576069,\n         4.81840142]]), array([0.50805208, 0.50805208, 0.50805208, 0.50805208, 0.50805208,\n       0.50805208, 0.50805208]))"}, "9": {"maxiter": 1000, "fatol": 1e-05, "xatol": 1e-10, "duration": 0.16753315925598145, "fun": "0.5080520781189368", "nit": "608", "nfev": "994", "status": "0", "success": "True", "message": "Optimization terminated successfully.", "x": "[ 7.24895658 -0.19470259  6.73003105  8.42939242 -0.02575165  4.81841962]", "final_simplex": "(array([[ 7.24895658, -0.19470259,  6.73003105,  8.42939242, -0.02575165,\n         4.81841962],\n       [ 7.24895658, -0.19470259,  6.73003105,  8.42939242, -0.02575165,\n         4.81841962],\n       [ 7.24895658, -0.19470259,  6.73003105,  8.42939242, -0.02575165,\n         4.81841962],\n       [ 7.24895658, -0.19470259,  6.73003105,  8.42939242, -0.02575165,\n         4.81841962],\n       [ 7.24895658, -0.19470259,  6.73003105,  8.42939242, -0.02575165,\n         4.81841962],\n       [ 7.24895658, -0.19470259,  6.73003105,  8.42939242, -0.02575165,\n         4.81841962],\n       [ 7.24895658, -0.19470259,  6.73003105,  8.42939242, -0.02575165,\n         4.81841962]]), array([0.50805208, 0.50805208, 0.50805208, 0.50805208, 0.50805208,\n       0.50805208, 0.50805208]))"}, "10": {"maxiter": 1000, "fatol": 1e-10, "xatol": 1e-05, "duration": 0.11947202682495117, "fun": "0.508052078144412", "nit": "462", "nfev": "707", "status": "0", "success": "True", "message": "Optimization terminated successfully.", "x": "[ 7.24895691 -0.19470474  6.73002699  8.42939442 -0.02576745  4.81840847]", "final_simplex": "(array([[ 7.24895691, -0.19470474,  6.73002699,  8.42939442, -0.02576745,\n         4.81840847],\n       [ 7.24895212, -0.19470181,  6.73001838,  8.42939315, -0.02575993,\n         4.8184124 ],\n       [ 7.24895154, -0.19470044,  6.73002192,  8.42939005, -0.02576486,\n         4.81840747],\n       [ 7.24895669, -0.19471169,  6.73002855,  8.42938723, -0.02576324,\n         4.81841128],\n       [ 7.24895708, -0.19469536,  6.73001911,  8.42938542, -0.02575851,\n         4.81840649],\n       [ 7.24895647, -0.19470493,  6.73002138,  8.4293872 , -0.02576393,\n         4.81840777],\n       [ 7.24895991, -0.19470367,  6.73002297,  8.42939256, -0.02576069,\n         4.81840142]]), array([0.50805208, 0.50805208, 0.50805208, 0.50805208, 0.50805208,\n       0.50805208, 0.50805208]))"}, "11": {"maxiter": 1000, "fatol": 1e-10, "xatol": 1e-10, "duration": 0.16754984855651855, "fun": "0.5080520781189368", "nit": "608", "nfev": "994", "status": "0", "success": "True", "message": "Optimization terminated successfully.", "x": "[ 7.24895658 -0.19470259  6.73003105  8.42939242 -0.02575165  4.81841962]", "final_simplex": "(array([[ 7.24895658, -0.19470259,  6.73003105,  8.42939242, -0.02575165,\n         4.81841962],\n       [ 7.24895658, -0.19470259,  6.73003105,  8.42939242, -0.02575165,\n         4.81841962],\n       [ 7.24895658, -0.19470259,  6.73003105,  8.42939242, -0.02575165,\n         4.81841962],\n       [ 7.24895658, -0.19470259,  6.73003105,  8.42939242, -0.02575165,\n         4.81841962],\n       [ 7.24895658, -0.19470259,  6.73003105,  8.42939242, -0.02575165,\n         4.81841962],\n       [ 7.24895658, -0.19470259,  6.73003105,  8.42939242, -0.02575165,\n         4.81841962],\n       [ 7.24895658, -0.19470259,  6.73003105,  8.42939242, -0.02575165,\n         4.81841962]]), array([0.50805208, 0.50805208, 0.50805208, 0.50805208, 0.50805208,\n       0.50805208, 0.50805208]))"}}, "bfgs": {"type": "gradient", "0": {"maxiter": 100, "gtol": 1e-05, "xrtol": 1e-05, "eps": 1e-05, "duration": 0.048432111740112305, "fun": "0.5908074934949634", "jac": "[ 5.30175903e-07 -4.61120031e-07  4.96285235e-06  6.53188614e-07\n -1.85347293e-06 -6.46973586e-06]", "hess_inv": "[[  6.06313193   1.06154765  -0.78033513  -2.10216586  -0.16452972\n   -1.10565989]\n [  1.06154765   8.44007827  -1.85638496  -2.83010787  -1.70535085\n   -2.36344252]\n [ -0.78033513  -1.85638496   7.54170307   2.36483193  -4.6446711\n    7.94793005]\n [ -2.10216586  -2.83010787   2.36483193   7.86371718  -1.6897962\n    4.37479948]\n [ -0.16452972  -1.70535085  -4.6446711   -1.6897962   29.0306664\n  -26.84114324]\n [ -1.10565989  -2.36344252   7.94793005   4.37479948 -26.84114324\n   32.76286828]]", "nfev": "280", "njev": "40", "status": "0", "success": "True", "message": "Optimization terminated successfully.", "x": "[4.77403194 0.50719724 6.93550904 6.73598711 2.69500766 1.92887875]", "nit": "31"}, "1": {"maxiter": 100, "gtol": 1e-05, "xrtol": 1e-05, "eps": 1e-10, "duration": 0.04941582679748535, "fun": "0.5908074932806222", "jac": "[ 0.00000000e+00  2.22044587e-06  2.22044587e-06  2.22044587e-06\n -2.22044587e-06 -4.44089173e-06]", "hess_inv": "[[  6.03601311   1.0259934   -0.78322147  -2.02981337  -0.18640916\n   -1.05291106]\n [  1.0259934    8.54685667  -1.93467798  -2.71438742  -1.87336377\n   -2.14405234]\n [ -0.78322147  -1.93467798   7.51090258   2.38171225  -4.62240024\n    7.96740664]\n [ -2.02981337  -2.71438742   2.38171225   7.63528682  -1.75112388\n    4.34649386]\n [ -0.18640916  -1.87336377  -4.62240024  -1.75112388  29.77394771\n  -27.76202706]\n [ -1.05291106  -2.14405234   7.96740664   4.34649386 -27.76202706\n   33.8500314 ]]", "nfev": "280", "njev": "40", "status": "0", "success": "True", "message": "Optimization terminated successfully.", "x": "[4.77402775 0.50721493 6.93550665 6.73600345 2.69495064 1.92893997]", "nit": "31"}, "2": {"maxiter": 100, "gtol": 1e-05, "xrtol": 1e-10, "eps": 1e-05, "duration": 0.048954010009765625, "fun": "0.5908074934949634", "jac": "[ 5.30175903e-07 -4.61120031e-07  4.96285235e-06  6.53188614e-07\n -1.85347293e-06 -6.46973586e-06]", "hess_inv": "[[  6.06313193   1.06154765  -0.78033513  -2.10216586  -0.16452972\n   -1.10565989]\n [  1.06154765   8.44007827  -1.85638496  -2.83010787  -1.70535085\n   -2.36344252]\n [ -0.78033513  -1.85638496   7.54170307   2.36483193  -4.6446711\n    7.94793005]\n [ -2.10216586  -2.83010787   2.36483193   7.86371718  -1.6897962\n    4.37479948]\n [ -0.16452972  -1.70535085  -4.6446711   -1.6897962   29.0306664\n  -26.84114324]\n [ -1.10565989  -2.36344252   7.94793005   4.37479948 -26.84114324\n   32.76286828]]", "nfev": "280", "njev": "40", "status": "0", "success": "True", "message": "Optimization terminated successfully.", "x": "[4.77403194 0.50719724 6.93550904 6.73598711 2.69500766 1.92887875]", "nit": "31"}, "3": {"maxiter": 100, "gtol": 1e-05, "xrtol": 1e-10, "eps": 1e-10, "duration": 0.049056053161621094, "fun": "0.5908074932806222", "jac": "[ 0.00000000e+00  2.22044587e-06  2.22044587e-06  2.22044587e-06\n -2.22044587e-06 -4.44089173e-06]", "hess_inv": "[[  6.03601311   1.0259934   -0.78322147  -2.02981337  -0.18640916\n   -1.05291106]\n [  1.0259934    8.54685667  -1.93467798  -2.71438742  -1.87336377\n   -2.14405234]\n [ -0.78322147  -1.93467798   7.51090258   2.38171225  -4.62240024\n    7.96740664]\n [ -2.02981337  -2.71438742   2.38171225   7.63528682  -1.75112388\n    4.34649386]\n [ -0.18640916  -1.87336377  -4.62240024  -1.75112388  29.77394771\n  -27.76202706]\n [ -1.05291106  -2.14405234   7.96740664   4.34649386 -27.76202706\n   33.8500314 ]]", "nfev": "280", "njev": "40", "status": "0", "success": "True", "message": "Optimization terminated successfully.", "x": "[4.77402775 0.50721493 6.93550665 6.73600345 2.69495064 1.92893997]", "nit": "31"}, "4": {"maxiter": 100, "gtol": 1e-10, "xrtol": 1e-05, "eps": 1e-05, "duration": 0.05157780647277832, "fun": "0.5908074930943619", "jac": "[ 1.62092562e-09  3.75033338e-08  5.39568390e-09 -2.02504680e-08\n  6.39488462e-09  6.17284002e-09]", "hess_inv": "[[  6.05045787   0.96262764  -0.77035815  -2.04607305   0.09682594\n   -1.38201602]\n [  0.96262764   7.9821365   -1.78366976  -2.51795211  -1.46696607\n   -2.45668774]\n [ -0.77035815  -1.78366976   7.53393076   2.32273565  -4.82082977\n    8.13159098]\n [ -2.04607305  -2.51795211   2.32273565   7.66571661  -2.12592565\n    4.77243264]\n [  0.09682594  -1.46696607  -4.82082977  -2.12592565  33.97245263\n  -32.97738545]\n [ -1.38201602  -2.45668774   8.13159098   4.77243264 -32.97738545\n   40.29469824]]", "nfev": "294", "njev": "42", "status": "0", "success": "True", "message": "Optimization terminated successfully.", "x": "[4.77402558 0.50719229 6.93551339 6.73599743 2.69488186 1.92903445]", "nit": "33"}, "5": {"maxiter": 100, "gtol": 1e-10, "xrtol": 1e-05, "eps": 1e-10, "duration": 0.050379037857055664, "fun": "0.590807493098225", "jac": "[0. 0. 0. 0. 0. 0.]", "hess_inv": "[[  6.03222642   0.97574418  -0.76974346  -2.02036104  -0.19359648\n   -1.01307889]\n [  0.97574418   7.93386535  -1.78078548  -2.56294622  -1.70341058\n   -2.00766267]\n [ -0.76974346  -1.78078548   7.47450735   2.33600452  -4.71988596\n    8.00753731]\n [ -2.02036104  -2.56294622   2.33600452   7.6242633   -1.60494008\n    4.05750998]\n [ -0.19359648  -1.70341058  -4.71988596  -1.60494008  31.06854079\n  -29.6201189 ]\n [ -1.01307889  -2.00766267   8.00753731   4.05750998 -29.6201189\n   36.28922215]]", "nfev": "287", "njev": "41", "status": "0", "success": "True", "message": "Optimization terminated successfully.", "x": "[4.77402685 0.50719426 6.93551391 6.73600148 2.69490592 1.92901303]", "nit": "32"}, "6": {"maxiter": 100, "gtol": 1e-10, "xrtol": 1e-10, "eps": 1e-05, "duration": 0.06686902046203613, "fun": "0.5908074930943099", "jac": "[ 0.00000000e+00  7.99360578e-10 -2.88657986e-10 -4.44089210e-10\n  2.88657986e-10  6.66133815e-10]", "hess_inv": "[[  6.07641715   1.07406959  -0.7885233   -2.123467     0.07439375\n   -1.40289331]\n [  1.07406959   8.44960976  -1.86140559  -2.84592937  -1.49820042\n   -2.62088052]\n [ -0.7885233   -1.86140559   7.54660482   2.37676881  -4.80649179\n    8.14773489]\n [ -2.123467    -2.84592937   2.37676881   7.8947644   -2.08435468\n    4.86365871]\n [  0.07439375  -1.49820042  -4.80649179  -2.08435468  33.60456468\n  -32.51544371]\n [ -1.40289331  -2.62088052   8.14773489   4.86365871 -32.51544371\n   39.80266189]]", "nfev": "383", "njev": "53", "status": "2", "success": "False", "message": "Desired error not necessarily achieved due to precision loss.", "x": "[4.7740255  0.50719196 6.93551345 6.73599767 2.69488188 1.92903457]", "nit": "34"}, "7": {"maxiter": 100, "gtol": 1e-10, "xrtol": 1e-10, "eps": 1e-10, "duration": 0.04970717430114746, "fun": "0.590807493098225", "jac": "[0. 0. 0. 0. 0. 0.]", "hess_inv": "[[  6.03222642   0.97574418  -0.76974346  -2.02036104  -0.19359648\n   -1.01307889]\n [  0.97574418   7.93386535  -1.78078548  -2.56294622  -1.70341058\n   -2.00766267]\n [ -0.76974346  -1.78078548   7.47450735   2.33600452  -4.71988596\n    8.00753731]\n [ -2.02036104  -2.56294622   2.33600452   7.6242633   -1.60494008\n    4.05750998]\n [ -0.19359648  -1.70341058  -4.71988596  -1.60494008  31.06854079\n  -29.6201189 ]\n [ -1.01307889  -2.00766267   8.00753731   4.05750998 -29.6201189\n   36.28922215]]", "nfev": "287", "njev": "41", "status": "0", "success": "True", "message": "Optimization terminated successfully.", "x": "[4.77402685 0.50719426 6.93551391 6.73600148 2.69490592 1.92901303]", "nit": "32"}, "8": {"maxiter": 500, "gtol": 1e-05, "xrtol": 1e-05, "eps": 1e-05, "duration": 0.04837393760681152, "fun": "0.5908074934949634", "jac": "[ 5.30175903e-07 -4.61120031e-07  4.96285235e-06  6.53188614e-07\n -1.85347293e-06 -6.46973586e-06]", "hess_inv": "[[  6.06313193   1.06154765  -0.78033513  -2.10216586  -0.16452972\n   -1.10565989]\n [  1.06154765   8.44007827  -1.85638496  -2.83010787  -1.70535085\n   -2.36344252]\n [ -0.78033513  -1.85638496   7.54170307   2.36483193  -4.6446711\n    7.94793005]\n [ -2.10216586  -2.83010787   2.36483193   7.86371718  -1.6897962\n    4.37479948]\n [ -0.16452972  -1.70535085  -4.6446711   -1.6897962   29.0306664\n  -26.84114324]\n [ -1.10565989  -2.36344252   7.94793005   4.37479948 -26.84114324\n   32.76286828]]", "nfev": "280", "njev": "40", "status": "0", "success": "True", "message": "Optimization terminated successfully.", "x": "[4.77403194 0.50719724 6.93550904 6.73598711 2.69500766 1.92887875]", "nit": "31"}, "9": {"maxiter": 500, "gtol": 1e-05, "xrtol": 1e-05, "eps": 1e-10, "duration": 0.04796099662780762, "fun": "0.5908074932806222", "jac": "[ 0.00000000e+00  2.22044587e-06  2.22044587e-06  2.22044587e-06\n -2.22044587e-06 -4.44089173e-06]", "hess_inv": "[[  6.03601311   1.0259934   -0.78322147  -2.02981337  -0.18640916\n   -1.05291106]\n [  1.0259934    8.54685667  -1.93467798  -2.71438742  -1.87336377\n   -2.14405234]\n [ -0.78322147  -1.93467798   7.51090258   2.38171225  -4.62240024\n    7.96740664]\n [ -2.02981337  -2.71438742   2.38171225   7.63528682  -1.75112388\n    4.34649386]\n [ -0.18640916  -1.87336377  -4.62240024  -1.75112388  29.77394771\n  -27.76202706]\n [ -1.05291106  -2.14405234   7.96740664   4.34649386 -27.76202706\n   33.8500314 ]]", "nfev": "280", "njev": "40", "status": "0", "success": "True", "message": "Optimization terminated successfully.", "x": "[4.77402775 0.50721493 6.93550665 6.73600345 2.69495064 1.92893997]", "nit": "31"}, "10": {"maxiter": 500, "gtol": 1e-05, "xrtol": 1e-10, "eps": 1e-05, "duration": 0.047844886779785156, "fun": "0.5908074934949634", "jac": "[ 5.30175903e-07 -4.61120031e-07  4.96285235e-06  6.53188614e-07\n -1.85347293e-06 -6.46973586e-06]", "hess_inv": "[[  6.06313193   1.06154765  -0.78033513  -2.10216586  -0.16452972\n   -1.10565989]\n [  1.06154765   8.44007827  -1.85638496  -2.83010787  -1.70535085\n   -2.36344252]\n [ -0.78033513  -1.85638496   7.54170307   2.36483193  -4.6446711\n    7.94793005]\n [ -2.10216586  -2.83010787   2.36483193   7.86371718  -1.6897962\n    4.37479948]\n [ -0.16452972  -1.70535085  -4.6446711   -1.6897962   29.0306664\n  -26.84114324]\n [ -1.10565989  -2.36344252   7.94793005   4.37479948 -26.84114324\n   32.76286828]]", "nfev": "280", "njev": "40", "status": "0", "success": "True", "message": "Optimization terminated successfully.", "x": "[4.77403194 0.50719724 6.93550904 6.73598711 2.69500766 1.92887875]", "nit": "31"}, "11": {"maxiter": 500, "gtol": 1e-05, "xrtol": 1e-10, "eps": 1e-10, "duration": 0.04781508445739746, "fun": "0.5908074932806222", "jac": "[ 0.00000000e+00  2.22044587e-06  2.22044587e-06  2.22044587e-06\n -2.22044587e-06 -4.44089173e-06]", "hess_inv": "[[  6.03601311   1.0259934   -0.78322147  -2.02981337  -0.18640916\n   -1.05291106]\n [  1.0259934    8.54685667  -1.93467798  -2.71438742  -1.87336377\n   -2.14405234]\n [ -0.78322147  -1.93467798   7.51090258   2.38171225  -4.62240024\n    7.96740664]\n [ -2.02981337  -2.71438742   2.38171225   7.63528682  -1.75112388\n    4.34649386]\n [ -0.18640916  -1.87336377  -4.62240024  -1.75112388  29.77394771\n  -27.76202706]\n [ -1.05291106  -2.14405234   7.96740664   4.34649386 -27.76202706\n   33.8500314 ]]", "nfev": "280", "njev": "40", "status": "0", "success": "True", "message": "Optimization terminated successfully.", "x": "[4.77402775 0.50721493 6.93550665 6.73600345 2.69495064 1.92893997]", "nit": "31"}, "12": {"maxiter": 500, "gtol": 1e-10, "xrtol": 1e-05, "eps": 1e-05, "duration": 0.05018901824951172, "fun": "0.5908074930943619", "jac": "[ 1.62092562e-09  3.75033338e-08  5.39568390e-09 -2.02504680e-08\n  6.39488462e-09  6.17284002e-09]", "hess_inv": "[[  6.05045787   0.96262764  -0.77035815  -2.04607305   0.09682594\n   -1.38201602]\n [  0.96262764   7.9821365   -1.78366976  -2.51795211  -1.46696607\n   -2.45668774]\n [ -0.77035815  -1.78366976   7.53393076   2.32273565  -4.82082977\n    8.13159098]\n [ -2.04607305  -2.51795211   2.32273565   7.66571661  -2.12592565\n    4.77243264]\n [  0.09682594  -1.46696607  -4.82082977  -2.12592565  33.97245263\n  -32.97738545]\n [ -1.38201602  -2.45668774   8.13159098   4.77243264 -32.97738545\n   40.29469824]]", "nfev": "294", "njev": "42", "status": "0", "success": "True", "message": "Optimization terminated successfully.", "x": "[4.77402558 0.50719229 6.93551339 6.73599743 2.69488186 1.92903445]", "nit": "33"}, "13": {"maxiter": 500, "gtol": 1e-10, "xrtol": 1e-05, "eps": 1e-10, "duration": 0.04888272285461426, "fun": "0.590807493098225", "jac": "[0. 0. 0. 0. 0. 0.]", "hess_inv": "[[  6.03222642   0.97574418  -0.76974346  -2.02036104  -0.19359648\n   -1.01307889]\n [  0.97574418   7.93386535  -1.78078548  -2.56294622  -1.70341058\n   -2.00766267]\n [ -0.76974346  -1.78078548   7.47450735   2.33600452  -4.71988596\n    8.00753731]\n [ -2.02036104  -2.56294622   2.33600452   7.6242633   -1.60494008\n    4.05750998]\n [ -0.19359648  -1.70341058  -4.71988596  -1.60494008  31.06854079\n  -29.6201189 ]\n [ -1.01307889  -2.00766267   8.00753731   4.05750998 -29.6201189\n   36.28922215]]", "nfev": "287", "njev": "41", "status": "0", "success": "True", "message": "Optimization terminated successfully.", "x": "[4.77402685 0.50719426 6.93551391 6.73600148 2.69490592 1.92901303]", "nit": "32"}, "14": {"maxiter": 500, "gtol": 1e-10, "xrtol": 1e-10, "eps": 1e-05, "duration": 0.06512999534606934, "fun": "0.5908074930943099", "jac": "[ 0.00000000e+00  7.99360578e-10 -2.88657986e-10 -4.44089210e-10\n  2.88657986e-10  6.66133815e-10]", "hess_inv": "[[  6.07641715   1.07406959  -0.7885233   -2.123467     0.07439375\n   -1.40289331]\n [  1.07406959   8.44960976  -1.86140559  -2.84592937  -1.49820042\n   -2.62088052]\n [ -0.7885233   -1.86140559   7.54660482   2.37676881  -4.80649179\n    8.14773489]\n [ -2.123467    -2.84592937   2.37676881   7.8947644   -2.08435468\n    4.86365871]\n [  0.07439375  -1.49820042  -4.80649179  -2.08435468  33.60456468\n  -32.51544371]\n [ -1.40289331  -2.62088052   8.14773489   4.86365871 -32.51544371\n   39.80266189]]", "nfev": "383", "njev": "53", "status": "2", "success": "False", "message": "Desired error not necessarily achieved due to precision loss.", "x": "[4.7740255  0.50719196 6.93551345 6.73599767 2.69488188 1.92903457]", "nit": "34"}, "15": {"maxiter": 500, "gtol": 1e-10, "xrtol": 1e-10, "eps": 1e-10, "duration": 0.04886198043823242, "fun": "0.590807493098225", "jac": "[0. 0. 0. 0. 0. 0.]", "hess_inv": "[[  6.03222642   0.97574418  -0.76974346  -2.02036104  -0.19359648\n   -1.01307889]\n [  0.97574418   7.93386535  -1.78078548  -2.56294622  -1.70341058\n   -2.00766267]\n [ -0.76974346  -1.78078548   7.47450735   2.33600452  -4.71988596\n    8.00753731]\n [ -2.02036104  -2.56294622   2.33600452   7.6242633   -1.60494008\n    4.05750998]\n [ -0.19359648  -1.70341058  -4.71988596  -1.60494008  31.06854079\n  -29.6201189 ]\n [ -1.01307889  -2.00766267   8.00753731   4.05750998 -29.6201189\n   36.28922215]]", "nfev": "287", "njev": "41", "status": "0", "success": "True", "message": "Optimization terminated successfully.", "x": "[4.77402685 0.50719426 6.93551391 6.73600148 2.69490592 1.92901303]", "nit": "32"}, "16": {"maxiter": 1000, "gtol": 1e-05, "xrtol": 1e-05, "eps": 1e-05, "duration": 0.0476839542388916, "fun": "0.5908074934949634", "jac": "[ 5.30175903e-07 -4.61120031e-07  4.96285235e-06  6.53188614e-07\n -1.85347293e-06 -6.46973586e-06]", "hess_inv": "[[  6.06313193   1.06154765  -0.78033513  -2.10216586  -0.16452972\n   -1.10565989]\n [  1.06154765   8.44007827  -1.85638496  -2.83010787  -1.70535085\n   -2.36344252]\n [ -0.78033513  -1.85638496   7.54170307   2.36483193  -4.6446711\n    7.94793005]\n [ -2.10216586  -2.83010787   2.36483193   7.86371718  -1.6897962\n    4.37479948]\n [ -0.16452972  -1.70535085  -4.6446711   -1.6897962   29.0306664\n  -26.84114324]\n [ -1.10565989  -2.36344252   7.94793005   4.37479948 -26.84114324\n   32.76286828]]", "nfev": "280", "njev": "40", "status": "0", "success": "True", "message": "Optimization terminated successfully.", "x": "[4.77403194 0.50719724 6.93550904 6.73598711 2.69500766 1.92887875]", "nit": "31"}, "17": {"maxiter": 1000, "gtol": 1e-05, "xrtol": 1e-05, "eps": 1e-10, "duration": 0.04770994186401367, "fun": "0.5908074932806222", "jac": "[ 0.00000000e+00  2.22044587e-06  2.22044587e-06  2.22044587e-06\n -2.22044587e-06 -4.44089173e-06]", "hess_inv": "[[  6.03601311   1.0259934   -0.78322147  -2.02981337  -0.18640916\n   -1.05291106]\n [  1.0259934    8.54685667  -1.93467798  -2.71438742  -1.87336377\n   -2.14405234]\n [ -0.78322147  -1.93467798   7.51090258   2.38171225  -4.62240024\n    7.96740664]\n [ -2.02981337  -2.71438742   2.38171225   7.63528682  -1.75112388\n    4.34649386]\n [ -0.18640916  -1.87336377  -4.62240024  -1.75112388  29.77394771\n  -27.76202706]\n [ -1.05291106  -2.14405234   7.96740664   4.34649386 -27.76202706\n   33.8500314 ]]", "nfev": "280", "njev": "40", "status": "0", "success": "True", "message": "Optimization terminated successfully.", "x": "[4.77402775 0.50721493 6.93550665 6.73600345 2.69495064 1.92893997]", "nit": "31"}, "18": {"maxiter": 1000, "gtol": 1e-05, "xrtol": 1e-10, "eps": 1e-05, "duration": 0.0476529598236084, "fun": "0.5908074934949634", "jac": "[ 5.30175903e-07 -4.61120031e-07  4.96285235e-06  6.53188614e-07\n -1.85347293e-06 -6.46973586e-06]", "hess_inv": "[[  6.06313193   1.06154765  -0.78033513  -2.10216586  -0.16452972\n   -1.10565989]\n [  1.06154765   8.44007827  -1.85638496  -2.83010787  -1.70535085\n   -2.36344252]\n [ -0.78033513  -1.85638496   7.54170307   2.36483193  -4.6446711\n    7.94793005]\n [ -2.10216586  -2.83010787   2.36483193   7.86371718  -1.6897962\n    4.37479948]\n [ -0.16452972  -1.70535085  -4.6446711   -1.6897962   29.0306664\n  -26.84114324]\n [ -1.10565989  -2.36344252   7.94793005   4.37479948 -26.84114324\n   32.76286828]]", "nfev": "280", "njev": "40", "status": "0", "success": "True", "message": "Optimization terminated successfully.", "x": "[4.77403194 0.50719724 6.93550904 6.73598711 2.69500766 1.92887875]", "nit": "31"}, "19": {"maxiter": 1000, "gtol": 1e-05, "xrtol": 1e-10, "eps": 1e-10, "duration": 0.047679901123046875, "fun": "0.5908074932806222", "jac": "[ 0.00000000e+00  2.22044587e-06  2.22044587e-06  2.22044587e-06\n -2.22044587e-06 -4.44089173e-06]", "hess_inv": "[[  6.03601311   1.0259934   -0.78322147  -2.02981337  -0.18640916\n   -1.05291106]\n [  1.0259934    8.54685667  -1.93467798  -2.71438742  -1.87336377\n   -2.14405234]\n [ -0.78322147  -1.93467798   7.51090258   2.38171225  -4.62240024\n    7.96740664]\n [ -2.02981337  -2.71438742   2.38171225   7.63528682  -1.75112388\n    4.34649386]\n [ -0.18640916  -1.87336377  -4.62240024  -1.75112388  29.77394771\n  -27.76202706]\n [ -1.05291106  -2.14405234   7.96740664   4.34649386 -27.76202706\n   33.8500314 ]]", "nfev": "280", "njev": "40", "status": "0", "success": "True", "message": "Optimization terminated successfully.", "x": "[4.77402775 0.50721493 6.93550665 6.73600345 2.69495064 1.92893997]", "nit": "31"}, "20": {"maxiter": 1000, "gtol": 1e-10, "xrtol": 1e-05, "eps": 1e-05, "duration": 0.050071001052856445, "fun": "0.5908074930943619", "jac": "[ 1.62092562e-09  3.75033338e-08  5.39568390e-09 -2.02504680e-08\n  6.39488462e-09  6.17284002e-09]", "hess_inv": "[[  6.05045787   0.96262764  -0.77035815  -2.04607305   0.09682594\n   -1.38201602]\n [  0.96262764   7.9821365   -1.78366976  -2.51795211  -1.46696607\n   -2.45668774]\n [ -0.77035815  -1.78366976   7.53393076   2.32273565  -4.82082977\n    8.13159098]\n [ -2.04607305  -2.51795211   2.32273565   7.66571661  -2.12592565\n    4.77243264]\n [  0.09682594  -1.46696607  -4.82082977  -2.12592565  33.97245263\n  -32.97738545]\n [ -1.38201602  -2.45668774   8.13159098   4.77243264 -32.97738545\n   40.29469824]]", "nfev": "294", "njev": "42", "status": "0", "success": "True", "message": "Optimization terminated successfully.", "x": "[4.77402558 0.50719229 6.93551339 6.73599743 2.69488186 1.92903445]", "nit": "33"}, "21": {"maxiter": 1000, "gtol": 1e-10, "xrtol": 1e-05, "eps": 1e-10, "duration": 0.05125594139099121, "fun": "0.590807493098225", "jac": "[0. 0. 0. 0. 0. 0.]", "hess_inv": "[[  6.03222642   0.97574418  -0.76974346  -2.02036104  -0.19359648\n   -1.01307889]\n [  0.97574418   7.93386535  -1.78078548  -2.56294622  -1.70341058\n   -2.00766267]\n [ -0.76974346  -1.78078548   7.47450735   2.33600452  -4.71988596\n    8.00753731]\n [ -2.02036104  -2.56294622   2.33600452   7.6242633   -1.60494008\n    4.05750998]\n [ -0.19359648  -1.70341058  -4.71988596  -1.60494008  31.06854079\n  -29.6201189 ]\n [ -1.01307889  -2.00766267   8.00753731   4.05750998 -29.6201189\n   36.28922215]]", "nfev": "287", "njev": "41", "status": "0", "success": "True", "message": "Optimization terminated successfully.", "x": "[4.77402685 0.50719426 6.93551391 6.73600148 2.69490592 1.92901303]", "nit": "32"}, "22": {"maxiter": 1000, "gtol": 1e-10, "xrtol": 1e-10, "eps": 1e-05, "duration": 0.06765890121459961, "fun": "0.5908074930943099", "jac": "[ 0.00000000e+00  7.99360578e-10 -2.88657986e-10 -4.44089210e-10\n  2.88657986e-10  6.66133815e-10]", "hess_inv": "[[  6.07641715   1.07406959  -0.7885233   -2.123467     0.07439375\n   -1.40289331]\n [  1.07406959   8.44960976  -1.86140559  -2.84592937  -1.49820042\n   -2.62088052]\n [ -0.7885233   -1.86140559   7.54660482   2.37676881  -4.80649179\n    8.14773489]\n [ -2.123467    -2.84592937   2.37676881   7.8947644   -2.08435468\n    4.86365871]\n [  0.07439375  -1.49820042  -4.80649179  -2.08435468  33.60456468\n  -32.51544371]\n [ -1.40289331  -2.62088052   8.14773489   4.86365871 -32.51544371\n   39.80266189]]", "nfev": "383", "njev": "53", "status": "2", "success": "False", "message": "Desired error not necessarily achieved due to precision loss.", "x": "[4.7740255  0.50719196 6.93551345 6.73599767 2.69488188 1.92903457]", "nit": "34"}, "23": {"maxiter": 1000, "gtol": 1e-10, "xrtol": 1e-10, "eps": 1e-10, "duration": 0.050538063049316406, "fun": "0.590807493098225", "jac": "[0. 0. 0. 0. 0. 0.]", "hess_inv": "[[  6.03222642   0.97574418  -0.76974346  -2.02036104  -0.19359648\n   -1.01307889]\n [  0.97574418   7.93386535  -1.78078548  -2.56294622  -1.70341058\n   -2.00766267]\n [ -0.76974346  -1.78078548   7.47450735   2.33600452  -4.71988596\n    8.00753731]\n [ -2.02036104  -2.56294622   2.33600452   7.6242633   -1.60494008\n    4.05750998]\n [ -0.19359648  -1.70341058  -4.71988596  -1.60494008  31.06854079\n  -29.6201189 ]\n [ -1.01307889  -2.00766267   8.00753731   4.05750998 -29.6201189\n   36.28922215]]", "nfev": "287", "njev": "41", "status": "0", "success": "True", "message": "Optimization terminated successfully.", "x": "[4.77402685 0.50719426 6.93551391 6.73600148 2.69490592 1.92901303]", "nit": "32"}}, "cobyla": {"0": {"maxiter": 100, "tol": 1e-05, "catol": 1e-05, "duration": 0.017128944396972656, "x": "[4.77481055 0.50521454 6.95875328 6.75041779 2.5609826  2.0736844 ]", "status": "2", "success": "False", "message": "Maximum number of function evaluations has been exceeded.", "nfev": "100", "fun": "0.5911074404777985", "maxcv": "0.0"}, "1": {"maxiter": 100, "tol": 1e-05, "catol": 1e-10, "duration": 0.016896963119506836, "x": "[4.77481055 0.50521454 6.95875328 6.75041779 2.5609826  2.0736844 ]", "status": "2", "success": "False", "message": "Maximum number of function evaluations has been exceeded.", "nfev": "100", "fun": "0.5911074404777985", "maxcv": "0.0"}, "2": {"maxiter": 100, "tol": 1e-10, "catol": 1e-05, "duration": 0.016902923583984375, "x": "[4.77481055 0.50521454 6.95875328 6.75041779 2.5609826  2.0736844 ]", "status": "2", "success": "False", "message": "Maximum number of function evaluations has been exceeded.", "nfev": "100", "fun": "0.5911074404777985", "maxcv": "0.0"}, "3": {"maxiter": 100, "tol": 1e-10, "catol": 1e-10, "duration": 0.016981840133666992, "x": "[4.77481055 0.50521454 6.95875328 6.75041779 2.5609826  2.0736844 ]", "status": "2", "success": "False", "message": "Maximum number of function evaluations has been exceeded.", "nfev": "100", "fun": "0.5911074404777985", "maxcv": "0.0"}, "4": {"maxiter": 500, "tol": 1e-05, "catol": 1e-05, "duration": 0.08195209503173828, "x": "[4.77401495 0.50718231 6.93556537 6.73602189 2.69470573 1.9292331 ]", "status": "1", "success": "True", "message": "Optimization terminated successfully.", "nfev": "483", "fun": "0.5908074935646577", "maxcv": "0.0"}, "5": {"maxiter": 500, "tol": 1e-05, "catol": 1e-10, "duration": 0.08166813850402832, "x": "[4.77401495 0.50718231 6.93556537 6.73602189 2.69470573 1.9292331 ]", "status": "1", "success": "