{"date": "2024/07/19/, 17:34:07", "conf_id": 261, "data_type": "var_s_rank\n", "num_data_points": 2, "s_rank": 0, "unitary": "[[-0.56303964-0.00798273j,-0.21670212-0.15784972j,-0.06047197-0.73952673j,-0.01438004+0.24552571j],[-0.06976756+0.23474685j,-0.01275565-0.5435098j,-0.02703657-0.08917885j,-0.08210486-0.79311774j],[-0.38559961+0.10714929j,0.5933431-0.2687392j,-0.24060861+0.29149289j,-0.45147719+0.26241743j],[-0.50180421+0.45931857j,-0.11617175+0.44134496j,0.49642745+0.22684508j,-0.08544628-0.15407063j]]", "databatch_0": {"databatch": "[[[-0.05749209+0.06426024j,-0.00442983-0.23797196j,0.37333448+0.22115136j,0.15694079-0.18293975j],[-0.10157148-0.06097016j,0.31997121-0.06748449j,-0.20192554+0.56093195j,0.28741982+0.16449064j],[-0.00145336+0.04719686j,-0.08572006-0.09819046j,0.23442745-0.03886518j,0.00131604-0.13199069j],[0.01570322-0.00128449j,-0.02934839+0.0320966j,-0.02165992-0.07627336j,-0.04381273+0.00450348j]],[[0.10132491+0.00579525j,0.00355177-0.06586311j,0.05546066-0.14487018j,-0.11243245+0.00748067j],[0.191474+0.1202068j,0.07771669-0.12469306j,0.26391302-0.22306032j,-0.22741507-0.10624104j],[0.22295855-0.2242505j,-0.14621202-0.14442543j,-0.22310959-0.4287608j,-0.21496721+0.27758921j],[0.10372466-0.16787494j,-0.10932119-0.06705496j,-0.19634173-0.22895865j,-0.0913105+0.19915821j]]]", "initial param values": "[1.14544533,3.37851154,2.89864564,6.08333837,2.23845655,4.73137623]", "nelder_mead": {"type": "gradient-free", "0": {"maxiter": 100, "fatol": 1e-05, "xatol": 1e-05, "duration": 0.027041196823120117, "fun": "0.25055793551864225", "nit": "100", "nfev": "159", "status": "2", "success": "False", "message": "Maximum number of iterations has been exceeded.", "x": "[1.32295749 4.33254125 3.1676256  6.44599391 2.24973081 1.60242006]", "final_simplex": "(array([[1.32295749, 4.33254125, 3.1676256 , 6.44599391, 2.24973081,\n        1.60242006],\n       [1.31675488, 4.35893137, 3.16260192, 6.46276012, 2.3107334 ,\n        1.49855601],\n       [1.32274467, 4.34642673, 3.16607438, 6.45828012, 2.26430484,\n        1.561202  ],\n       [1.32095849, 4.33712383, 3.18723983, 6.41551883, 2.2285502 ,\n        1.60441456],\n       [1.31345766, 4.35796034, 3.17954973, 6.45331352, 2.23271345,\n        1.59989748],\n       [1.32099441, 4.34605728, 3.18094389, 6.4278064 , 2.23576083,\n        1.57869041],\n       [1.31616086, 4.32079026, 3.19579619, 6.45900927, 2.1935217 ,\n        1.66122131]]), array([0.25055794, 0.25059036, 0.25066313, 0.25074895, 0.25082942,\n       0.25084606, 0.25086729]))"}, "1": {"maxiter": 100, "fatol": 1e-05, "xatol": 1e-10, "duration": 0.02695298194885254, "fun": "0.25055793551864225", "nit": "100", "nfev": "159", "status": "2", "success": "False", "message": "Maximum number of iterations has been exceeded.", "x": "[1.32295749 4.33254125 3.1676256  6.44599391 2.24973081 1.60242006]", "final_simplex": "(array([[1.32295749, 4.33254125, 3.1676256 , 6.44599391, 2.24973081,\n        1.60242006],\n       [1.31675488, 4.35893137, 3.16260192, 6.46276012, 2.3107334 ,\n        1.49855601],\n       [1.32274467, 4.34642673, 3.16607438, 6.45828012, 2.26430484,\n        1.561202  ],\n       [1.32095849, 4.33712383, 3.18723983, 6.41551883, 2.2285502 ,\n        1.60441456],\n       [1.31345766, 4.35796034, 3.17954973, 6.45331352, 2.23271345,\n        1.59989748],\n       [1.32099441, 4.34605728, 3.18094389, 6.4278064 , 2.23576083,\n        1.57869041],\n       [1.31616086, 4.32079026, 3.19579619, 6.45900927, 2.1935217 ,\n        1.66122131]]), array([0.25055794, 0.25059036, 0.25066313, 0.25074895, 0.25082942,\n       0.25084606, 0.25086729]))"}, "2": {"maxiter": 100, "fatol": 1e-10, "xatol": 1e-05, "duration": 0.02779698371887207, "fun": "0.25055793551864225", "nit": "100", "nfev": "159", "status": "2", "success": "False", "message": "Maximum number of iterations has been exceeded.", "x": "[1.32295749 4.33254125 3.1676256  6.44599391 2.24973081 1.60242006]", "final_simplex": "(array([[1.32295749, 4.33254125, 3.1676256 , 6.44599391, 2.24973081,\n        1.60242006],\n       [1.31675488, 4.35893137, 3.16260192, 6.46276012, 2.3107334 ,\n        1.49855601],\n       [1.32274467, 4.34642673, 3.16607438, 6.45828012, 2.26430484,\n        1.561202  ],\n       [1.32095849, 4.33712383, 3.18723983, 6.41551883, 2.2285502 ,\n        1.60441456],\n       [1.31345766, 4.35796034, 3.17954973, 6.45331352, 2.23271345,\n        1.59989748],\n       [1.32099441, 4.34605728, 3.18094389, 6.4278064 , 2.23576083,\n        1.57869041],\n       [1.31616086, 4.32079026, 3.19579619, 6.45900927, 2.1935217 ,\n        1.66122131]]), array([0.25055794, 0.25059036, 0.25066313, 0.25074895, 0.25082942,\n       0.25084606, 0.25086729]))"}, "3": {"maxiter": 100, "fatol": 1e-10, "xatol": 1e-10, "duration": 0.027109861373901367, "fun": "0.25055793551864225", "nit": "100", "nfev": "159", "status": "2", "success": "False", "message": "Maximum number of iterations has been exceeded.", "x": "[1.32295749 4.33254125 3.1676256  6.44599391 2.24973081 1.60242006]", "final_simplex": "(array([[1.32295749, 4.33254125, 3.1676256 , 6.44599391, 2.24973081,\n        1.60242006],\n       [1.31675488, 4.35893137, 3.16260192, 6.46276012, 2.3107334 ,\n        1.49855601],\n       [1.32274467, 4.34642673, 3.16607438, 6.45828012, 2.26430484,\n        1.561202  ],\n       [1.32095849, 4.33712383, 3.18723983, 6.41551883, 2.2285502 ,\n        1.60441456],\n       [1.31345766, 4.35796034, 3.17954973, 6.45331352, 2.23271345,\n        1.59989748],\n       [1.32099441, 4.34605728, 3.18094389, 6.4278064 , 2.23576083,\n        1.57869041],\n       [1.31616086, 4.32079026, 3.19579619, 6.45900927, 2.1935217 ,\n        1.66122131]]), array([0.25055794, 0.25059036, 0.25066313, 0.25074895, 0.25082942,\n       0.25084606, 0.25086729]))"}, "4": {"maxiter": 500, "fatol": 1e-05, "xatol": 1e-05, "duration": 0.11535906791687012, "fun": "0.24548837503123977", "nit": "428", "nfev": "678", "status": "0", "success": "True", "message": "Optimization terminated successfully.", "x": "[ 1.43201134  4.26959281  3.00021932  6.5723297   3.81078438 -0.00954695]", "final_simplex": "(array([[ 1.43201134,  4.26959281,  3.00021932,  6.5723297 ,  3.81078438,\n        -0.00954695],\n       [ 1.43200971,  4.26959421,  3.00021662,  6.57233107,  3.81078274,\n        -0.00954745],\n       [ 1.43200991,  4.26959274,  3.0002207 ,  6.5723304 ,  3.81077684,\n        -0.00953906],\n       [ 1.43200863,  4.26959298,  3.00021953,  6.57232906,  3.81077805,\n        -0.00953957],\n       [ 1.43200806,  4.26959175,  3.00022056,  6.57232888,  3.81077638,\n        -0.00953936],\n       [ 1.43201214,  4.26959219,  3.00022075,  6.5723307 ,  3.81079167,\n        -0.00955307],\n       [ 1.43200935,  4.26959574,  3.00021925,  6.57232994,  3.81078127,\n        -0.0095457 ]]), array([0.24548838, 0.24548838, 0.24548838, 0.24548838, 0.24548838,\n       0.24548838, 0.24548838]))"}, "5": {"maxiter": 500, "fatol": 1e-05, "xatol": 1e-10, "duration": 0.14528322219848633, "fun": "0.24548837503116505", "nit": "500", "nfev": "857", "status": "2", "success": "False", "message": "Maximum number of iterations has been exceeded.", "x": "[ 1.43201027  4.26959287  3.00021887  6.57233005  3.81078179 -0.00954486]", "final_simplex": "(array([[ 1.43201027,  4.26959287,  3.00021887,  6.57233005,  3.81078179,\n        -0.00954486],\n       [ 1.43201027,  4.26959287,  3.00021887,  6.57233005,  3.81078179,\n        -0.00954485],\n       [ 1.43201027,  4.26959287,  3.00021887,  6.57233005,  3.81078179,\n        -0.00954486],\n       [ 1.43201027,  4.26959287,  3.00021887,  6.57233005,  3.81078179,\n        -0.00954486],\n       [ 1.43201027,  4.26959287,  3.00021887,  6.57233005,  3.81078179,\n        -0.00954486],\n       [ 1.43201027,  4.26959287,  3.00021887,  6.57233005,  3.81078179,\n        -0.00954485],\n       [ 1.43201027,  4.26959287,  3.00021887,  6.57233005,  3.81078179,\n        -0.00954486]]), array([0.24548838, 0.24548838, 0.24548838, 0.24548838, 0.24548838,\n       0.24548838, 0.24548838]))"}, "6": {"maxiter": 500, "fatol": 1e-10, "xatol": 1e-05, "duration": 0.11742520332336426, "fun": "0.24548837503123977", "nit": "428", "nfev": "678", "status": "0", "success": "True", "message": "Optimization terminated successfully.", "x": "[ 1.43201134  4.26959281  3.00021932  6.5723297   3.81078438 -0.00954695]", "final_simplex": "(array([[ 1.43201134,  4.26959281,  3.00021932,  6.5723297 ,  3.81078438,\n        -0.00954695],\n       [ 1.43200971,  4.26959421,  3.00021662,  6.57233107,  3.81078274,\n        -0.00954745],\n       [ 1.43200991,  4.26959274,  3.0002207 ,  6.5723304 ,  3.81077684,\n        -0.00953906],\n       [ 1.43200863,  4.26959298,  3.00021953,  6.57232906,  3.81077805,\n        -0.00953957],\n       [ 1.43200806,  4.26959175,  3.00022056,  6.57232888,  3.81077638,\n        -0.00953936],\n       [ 1.43201214,  4.26959219,  3.00022075,  6.5723307 ,  3.81079167,\n        -0.00955307],\n       [ 1.43200935,  4.26959574,  3.00021925,  6.57232994,  3.81078127,\n        -0.0095457 ]]), array([0.24548838, 0.24548838, 0.24548838, 0.24548838, 0.24548838,\n       0.24548838, 0.24548838]))"}, "7": {"maxiter": 500, "fatol": 1e-10, "xatol": 1e-10, "duration": 0.14642882347106934, "fun": "0.24548837503116505", "nit": "500", "nfev": "857", "status": "2", "success": "False", "message": "Maximum number of iterations has been exceeded.", "x": "[ 1.43201027  4.26959287  3.00021887  6.57233005  3.81078179 -0.00954486]", "final_simplex": "(array([[ 1.43201027,  4.26959287,  3.00021887,  6.57233005,  3.81078179,\n        -0.00954486],\n       [ 1.43201027,  4.26959287,  3.00021887,  6.57233005,  3.81078179,\n        -0.00954485],\n       [ 1.43201027,  4.26959287,  3.00021887,  6.57233005,  3.81078179,\n        -0.00954486],\n       [ 1.43201027,  4.26959287,  3.00021887,  6.57233005,  3.81078179,\n        -0.00954486],\n       [ 1.43201027,  4.26959287,  3.00021887,  6.57233005,  3.81078179,\n        -0.00954486],\n       [ 1.43201027,  4.26959287,  3.00021887,  6.57233005,  3.81078179,\n        -0.00954485],\n       [ 1.43201027,  4.26959287,  3.00021887,  6.57233005,  3.81078179,\n        -0.00954486]]), array([0.24548838, 0.24548838, 0.24548838, 0.24548838, 0.24548838,\n       0.24548838, 0.24548838]))"}, "8": {"maxiter": 1000, "fatol": 1e-05, "xatol": 1e-05, "duration": 0.11655783653259277, "fun": "0.24548837503123977", "nit": "428", "nfev": "678", "status": "0", "success": "True", "message": "Optimization terminated successfully.", "x": "[ 1.43201134  4.26959281  3.00021932  6.5723297   3.81078438 -0.00954695]", "final_simplex": "(array([[ 1.43201134,  4.26959281,  3.00021932,  6.5723297 ,  3.81078438,\n        -0.00954695],\n       [ 1.43200971,  4.26959421,  3.00021662,  6.57233107,  3.81078274,\n        -0.00954745],\n       [ 1.43200991,  4.26959274,  3.0002207 ,  6.5723304 ,  3.81077684,\n        -0.00953906],\n       [ 1.43200863,  4.26959298,  3.00021953,  6.57232906,  3.81077805,\n        -0.00953957],\n       [ 1.43200806,  4.26959175,  3.00022056,  6.57232888,  3.81077638,\n        -0.00953936],\n       [ 1.43201214,  4.26959219,  3.00022075,  6.5723307 ,  3.81079167,\n        -0.00955307],\n       [ 1.43200935,  4.26959574,  3.00021925,  6.57232994,  3.81078127,\n        -0.0095457 ]]), array([0.24548838, 0.24548838, 0.24548838, 0.24548838, 0.24548838,\n       0.24548838, 0.24548838]))"}, "9": {"maxiter": 1000, "fatol": 1e-05, "xatol": 1e-10, "duration": 0.15068292617797852, "fun": "0.24548837503116505", "nit": "508", "nfev": "881", "status": "0", "success": "True", "message": "Optimization terminated successfully.", "x": "[ 1.43201027  4.26959287  3.00021887  6.57233005  3.81078179 -0.00954486]", "final_simplex": "(array([[ 1.43201027,  4.26959287,  3.00021887,  6.57233005,  3.81078179,\n        -0.00954486],\n       [ 1.43201027,  4.26959287,  3.00021887,  6.57233005,  3.81078179,\n        -0.00954486],\n       [ 1.43201027,  4.26959287,  3.00021887,  6.57233005,  3.81078179,\n        -0.00954486],\n       [ 1.43201027,  4.26959287,  3.00021887,  6.57233005,  3.81078179,\n        -0.00954486],\n       [ 1.43201027,  4.26959287,  3.00021887,  6.57233005,  3.81078179,\n        -0.00954486],\n       [ 1.43201027,  4.26959287,  3.00021887,  6.57233005,  3.81078179,\n        -0.00954486],\n       [ 1.43201027,  4.26959287,  3.00021887,  6.57233005,  3.81078179,\n        -0.00954486]]), array([0.24548838, 0.24548838, 0.24548838, 0.24548838, 0.24548838,\n       0.24548838, 0.24548838]))"}, "10": {"maxiter": 1000, "fatol": 1e-10, "xatol": 1e-05, "duration": 0.11622810363769531, "fun": "0.24548837503123977", "nit": "428", "nfev": "678", "status": "0", "success": "True", "message": "Optimization terminated successfully.", "x": "[ 1.43201134  4.26959281  3.00021932  6.5723297   3.81078438 -0.00954695]", "final_simplex": "(array([[ 1.43201134,  4.26959281,  3.00021932,  6.5723297 ,  3.81078438,\n        -0.00954695],\n       [ 1.43200971,  4.26959421,  3.00021662,  6.57233107,  3.81078274,\n        -0.00954745],\n       [ 1.43200991,  4.26959274,  3.0002207 ,  6.5723304 ,  3.81077684,\n        -0.00953906],\n       [ 1.43200863,  4.26959298,  3.00021953,  6.57232906,  3.81077805,\n        -0.00953957],\n       [ 1.43200806,  4.26959175,  3.00022056,  6.57232888,  3.81077638,\n        -0.00953936],\n       [ 1.43201214,  4.26959219,  3.00022075,  6.5723307 ,  3.81079167,\n        -0.00955307],\n       [ 1.43200935,  4.26959574,  3.00021925,  6.57232994,  3.81078127,\n        -0.0095457 ]]), array([0.24548838, 0.24548838, 0.24548838, 0.24548838, 0.24548838,\n       0.24548838, 0.24548838]))"}, "11": {"maxiter": 1000, "fatol": 1e-10, "xatol": 1e-10, "duration": 0.15067195892333984, "fun": "0.24548837503116505", "nit": "508", "nfev": "881", "status": "0", "success": "True", "message": "Optimization terminated successfully.", "x": "[ 1.43201027  4.26959287  3.00021887  6.57233005  3.81078179 -0.00954486]", "final_simplex": "(array([[ 1.43201027,  4.26959287,  3.00021887,  6.57233005,  3.81078179,\n        -0.00954486],\n       [ 1.43201027,  4.26959287,  3.00021887,  6.57233005,  3.81078179,\n        -0.00954486],\n       [ 1.43201027,  4.26959287,  3.00021887,  6.57233005,  3.81078179,\n        -0.00954486],\n       [ 1.43201027,  4.26959287,  3.00021887,  6.57233005,  3.81078179,\n        -0.00954486],\n       [ 1.43201027,  4.26959287,  3.00021887,  6.57233005,  3.81078179,\n        -0.00954486],\n       [ 1.43201027,  4.26959287,  3.00021887,  6.57233005,  3.81078179,\n        -0.00954486],\n       [ 1.43201027,  4.26959287,  3.00021887,  6.57233005,  3.81078179,\n        -0.00954486]]), array([0.24548838, 0.24548838, 0.24548838, 0.24548838, 0.24548838,\n       0.24548838, 0.24548838]))"}}, "bfgs": {"type": "gradient", "0": {"maxiter": 100, "gtol": 1e-05, "xrtol": 1e-05, "eps": 1e-05, "duration": 0.04349184036254883, "fun": "0.24548837512665544", "jac": "[ 1.85604865e-06  2.30589992e-06  9.57323110e-07 -2.66481281e-06\n -5.40401057e-07 -3.64042130e-07]", "hess_inv": "[[  14.22833243    0.47498099   -5.41418046   -0.94515832   45.41150106\n   -46.57869006]\n [   0.47498099    5.73250835   -1.65081417    1.04224508    3.83452085\n    -8.22120438]\n [  -5.41418046   -1.65081417   12.3501838     5.02597582  -24.13917547\n    30.16733971]\n [  -0.94515832    1.04224508    5.02597582    7.7684131   -11.09133733\n    13.47842919]\n [  45.41150106    3.83452085  -24.13917547  -11.09133733  203.32844482\n  -213.49232047]\n [ -46.57869006   -8.22120438   30.16733971   13.47842919 -213.49232047\n   232.40062466]]", "nfev": "252", "njev": "36", "status": "0", "success": "True", "message": "Optimization terminated successfully.", "x": "[1.43201435 4.26960008 3.00018522 5.99400371 0.66922284 3.13198393]", "nit": "31"}, "1": {"maxiter": 100, "gtol": 1e-05, "xrtol": 1e-05, "eps": 1e-10, "duration": 0.04344606399536133, "fun": "0.2454883752148067", "jac": "[ 4.44089173e-06  3.33066880e-06  3.33066880e-06 -2.22044587e-06\n  2.22044587e-06  2.22044587e-06]", "hess_inv": "[[  14.4243238     0.60476854   -5.60618998   -1.01077452   46.63762968\n   -48.00852558]\n [   0.60476854    5.54299355   -1.62957827    1.04061377    4.101348\n    -8.35644032]\n [  -5.60618998   -1.62957827   12.27524427    4.91639946  -24.68141826\n    30.62413704]\n [  -1.01077452    1.04061377    4.91639946    7.63819233  -11.09736232\n    13.40430959]\n [  46.63762968    4.101348    -24.68141826  -11.09736232  209.04272747\n  -219.68720008]\n [ -48.00852558   -8.35644032   30.62413704   13.40430959 -219.68720008\n   238.91767434]]", "nfev": "252", "njev": "36", "status": "0", "success": "True", "message": "Optimization terminated successfully.", "x": "[1.43196979 4.26958495 3.00026925 5.99406176 0.66895339 3.13231394]", "nit": "31"}, "2": {"maxiter": 100, "gtol": 1e-05, "xrtol": 1e-10, "eps": 1e-05, "duration": 0.043274879455566406, "fun": "0.24548837512665544", "jac": "[ 1.85604865e-06  2.30589992e-06  9.57323110e-07 -2.66481281e-06\n -5.40401057e-07 -3.64042130e-07]", "hess_inv": "[[  14.22833243    0.47498099   -5.41418046   -0.94515832   45.41150106\n   -46.57869006]\n [   0.47498099    5.73250835   -1.65081417    1.04224508    3.83452085\n    -8.22120438]\n [  -5.41418046   -1.65081417   12.3501838     5.02597582  -24.13917547\n    30.16733971]\n [  -0.94515832    1.04224508    5.02597582    7.7684131   -11.09133733\n    13.47842919]\n [  45.41150106    3.83452085  -24.13917547  -11.09133733  203.32844482\n  -213.49232047]\n [ -46.57869006   -8.22120438   30.16733971   13.47842919 -213.49232047\n   232.40062466]]", "nfev": "252", "njev": "36", "status": "0", "success": "True", "message": "Optimization terminated successfully.", "x": "[1.43201435 4.26960008 3.00018522 5.99400371 0.66922284 3.13198393]", "nit": "31"}, "3": {"maxiter": 100, "gtol": 1e-05, "xrtol": 1e-10, "eps": 1e-10, "duration": 0.04310297966003418, "fun": "0.2454883752148067", "jac": "[ 4.44089173e-06  3.33066880e-06  3.33066880e-06 -2.22044587e-06\n  2.22044587e-06  2.22044587e-06]", "hess_inv": "[[  14.4243238     0.60476854   -5.60618998   -1.01077452   46.63762968\n   -48.00852558]\n [   0.60476854    5.54299355   -1.62957827    1.04061377    4.101348\n    -8.35644032]\n [  -5.60618998   -1.62957827   12.27524427    4.91639946  -24.68141826\n    30.62413704]\n [  -1.01077452    1.04061377    4.91639946    7.63819233  -11.09736232\n    13.40430959]\n [  46.63762968    4.101348    -24.68141826  -11.09736232  209.04272747\n  -219.68720008]\n [ -48.00852558   -8.35644032   30.62413704   13.40430959 -219.68720008\n   238.91767434]]", "nfev": "252", "njev": "36", "status": "0", "success": "True", "message": "Optimization terminated successfully.", "x": "[1.43196979 4.26958495 3.00026925 5.99406176 0.66895339 3.13231394]", "nit": "31"}, "4": {"maxiter": 100, "gtol": 1e-10, "xrtol": 1e-05, "eps": 1e-05, "duration": 0.045603036880493164, "fun": "0.24548837507748056", "jac": "[ 3.49054119e-08 -3.26738636e-08 -2.34368080e-08 -2.08721929e-08\n -3.50164342e-08 -1.85851334e-08]", "hess_inv": "[[  14.61656231    0.86509601   -6.16446197   -1.7707192    46.46642692\n   -48.34546319]\n [   0.86509601    5.82386347   -2.02567138    0.6819209     5.06090745\n    -9.72200288]\n [  -6.16446197   -2.02567138   13.10691712    5.80420483  -26.70098469\n    33.40775333]\n [  -1.7707192     0.6819209     5.80420483    8.55519511  -13.92256884\n    16.98730586]\n [  46.46642692    5.06090745  -26.70098469  -13.92256884  205.6468398\n  -218.19444832]\n [ -48.34546319   -9.72200288   33.40775333   16.98730586 -218.19444832\n   240.05255264]]", "nfev": "266", "njev": "38", "status": "0", "success": "True", "message": "Optimization terminated successfully.", "x": "[1.43199392 4.269588   3.00020198 5.99402132 0.66914509 3.13207884]", "nit": "33"}, "5": {"maxiter": 100, "gtol": 1e-10, "xrtol": 1e-05, "eps": 1e-10, "duration": 0.05832076072692871, "fun": "0.2454883752148067", "jac": "[6.66133760e-06 3.33066880e-06 4.44089173e-06 0.00000000e+00\n 0.00000000e+00 3.33066880e-06]", "hess_inv": "[[  16.81085501    0.87054253   -5.37463279   -1.03979947   54.4108415\n   -55.45706495]\n [   0.87054253    5.55648342   -1.49470665    1.09090051    4.80693657\n    -8.9322951 ]\n [  -5.37463279   -1.49470665   11.55897619    4.55114453  -22.84320302\n    28.18370748]\n [  -1.03979947    1.09090051    4.55114453    7.46072544  -10.66006419\n    12.6521486 ]\n [  54.4108415     4.80693657  -22.84320302  -10.66006419  232.77033874\n  -241.42741184]\n [ -55.45706495   -8.9322951    28.18370748   12.6521486  -241.42741184\n   258.17102953]]", "nfev": "343", "njev": "49", "status": "0", "success": "True", "message": "Optimization terminated successfully.", "x": "[1.43196979 4.26958495 3.00026925 5.99406176 0.66895339 3.13231394]", "nit": "32"}, "6": {"maxiter": 100, "gtol": 1e-10, "xrtol": 1e-10, "eps": 1e-05, "duration": 0.05023813247680664, "fun": "0.2454883750761463", "jac": "[-4.44089210e-11 -3.99680289e-10 -1.22124533e-10  2.77555756e-10\n  0.00000000e+00 -3.33066907e-11]", "hess_inv": "[[  14.52810037    0.61752543   -6.11883141   -1.64267725   45.87043442\n   -47.56480551]\n [   0.61752543    6.03463883   -1.37915705    1.15229968    4.86304279\n    -9.2850374 ]\n [  -6.11883141   -1.37915705   13.98542363    6.4042279   -24.75274262\n    31.60440729]\n [  -1.64267725    1.15229968    6.4042279     8.98271056  -12.08680613\n    15.24800562]\n [  45.87043442    4.86304279  -24.75274262  -12.08680613  205.05362606\n  -216.28044941]\n [ -47.56480551   -9.2850374    31.60440729   15.24800562 -216.28044941\n   236.78180509]]", "nfev": "294", "njev": "42", "status": "0", "success": "True", "message": "Optimization terminated successfully.", "x": "[1.43199399 4.26958816 3.00020233 5.99402162 0.66914606 3.13207801]", "nit": "36"}, "7": {"maxiter": 100, "gtol": 1e-10, "xrtol": 1e-10, "eps": 1e-10, "duration": 0.05835914611816406, "fun": "0.2454883752148067", "jac": "[6.66133760e-06 3.33066880e-06 4.44089173e-06 0.00000000e+00\n 0.00000000e+00 3.33066880e-06]", "hess_inv": "[[  16.81085501    0.87054253   -5.37463279   -1.03979947   54.4108415\n   -55.45706495]\n [   0.87054253    5.55648342   -1.49470665    1.09090051    4.80693657\n    -8.9322951 ]\n [  -5.37463279   -1.49470665   11.55897619    4.55114453  -22.84320302\n    28.18370748]\n [  -1.03979947    1.09090051    4.55114453    7.46072544  -10.66006419\n    12.6521486 ]\n [  54.4108415     4.80693657  -22.84320302  -10.66006419  232.77033874\n  -241.42741184]\n [ -55.45706495   -8.9322951    28.18370748   12.6521486  -241.42741184\n   258.17102953]]", "nfev": "343", "njev": "49", "status": "0", "success": "True", "message": "Optimization terminated successfully.", "x": "[1.43196979 4.26958495 3.00026925 5.99406176 0.66895339 3.13231394]", "nit": "32"}, "8": {"maxiter": 500, "gtol": 1e-05, "xrtol": 1e-05, "eps": 1e-05, "duration": 0.04304003715515137, "fun": "0.24548837512665544", "jac": "[ 1.85604865e-06  2.30589992e-06  9.57323110e-07 -2.66481281e-06\n -5.40401057e-07 -3.64042130e-07]", "hess_inv": "[[  14.22833243    0.47498099   -5.41418046   -0.94515832   45.41150106\n   -46.57869006]\n [   0.47498099    5.73250835   -1.65081417    1.04224508    3.83452085\n    -8.22120438]\n [  -5.41418046   -1.65081417   12.3501838     5.02597582  -24.13917547\n    30.16733971]\n [  -0.94515832    1.04224508    5.02597582    7.7684131   -11.09133733\n    13.47842919]\n [  45.41150106    3.83452085  -24.13917547  -11.09133733  203.32844482\n  -213.49232047]\n [ -46.57869006   -8.22120438   30.16733971   13.47842919 -213.49232047\n   232.40062466]]", "nfev": "252", "njev": "36", "status": "0", "success": "True", "message": "Optimization terminated successfully.", "x": "[1.43201435 4.26960008 3.00018522 5.99400371 0.66922284 3.13198393]", "nit": "31"}, "9": {"maxiter": 500, "gtol": 1e-05, "xrtol": 1e-05, "eps": 1e-10, "duration": 0.04315519332885742, "fun": "0.2454883752148067", "jac": "[ 4.44089173e-06  3.33066880e-06  3.33066880e-06 -2.22044587e-06\n  2.22044587e-06  2.22044587e-06]", "hess_inv": "[[  14.4243238     0.60476854   -5.60618998   -1.01077452   46.63762968\n   -48.00852558]\n [   0.60476854    5.54299355   -1.62957827    1.04061377    4.101348\n    -8.35644032]\n [  -5.60618998   -1.62957827   12.27524427    4.91639946  -24.68141826\n    30.62413704]\n [  -1.01077452    1.04061377    4.91639946    7.63819233  -11.09736232\n    13.40430959]\n [  46.63762968    4.101348    -24.68141826  -11.09736232  209.04272747\n  -219.68720008]\n [ -48.00852558   -8.35644032   30.62413704   13.40430959 -219.68720008\n   238.91767434]]", "nfev": "252", "njev": "36", "status": "0", "success": "True", "message": "Optimization terminated successfully.", "x": "[1.43196979 4.26958495 3.00026925 5.99406176 0.66895339 3.13231394]", "nit": "31"}, "10": {"maxiter": 500, "gtol": 1e-05, "xrtol": 1e-10, "eps": 1e-05, "duration": 0.043540000915527344, "fun": "0.24548837512665544", "jac": "[ 1.85604865e-06  2.30589992e-06  9.57323110e-07 -2.66481281e-06\n -5.40401057e-07 -3.64042130e-07]", "hess_inv": "[[  14.22833243    0.47498099   -5.41418046   -0.94515832   45.41150106\n   -46.57869006]\n [   0.47498099    5.73250835   -1.65081417    1.04224508    3.83452085\n    -8.22120438]\n [  -5.41418046   -1.65081417   12.3501838     5.02597582  -24.13917547\n    30.16733971]\n [  -0.94515832    1.04224508    5.02597582    7.7684131   -11.09133733\n    13.47842919]\n [  45.41150106    3.83452085  -24.13917547  -11.09133733  203.32844482\n  -213.49232047]\n [ -46.57869006   -8.22120438   30.16733971   13.47842919 -213.49232047\n   232.40062466]]", "nfev": "252", "njev": "36", "status": "0", "success": "True", "message": "Optimization terminated successfully.", "x": "[1.43201435 4.26960008 3.00018522 5.99400371 0.66922284 3.13198393]", "nit": "31"}, "11": {"maxiter": 500, "gtol": 1e-05, "xrtol": 1e-10, "eps": 1e-10, "duration": 0.04317498207092285, "fun": "0.2454883752148067", "jac": "[ 4.44089173e-06  3.33066880e-06  3.33066880e-06 -2.22044587e-06\n  2.22044587e-06  2.22044587e-06]", "hess_inv": "[[  14.4243238     0.60476854   -5.60618998   -1.01077452   46.63762968\n   -48.00852558]\n [   0.60476854    5.54299355   -1.62957827    1.04061377    4.101348\n    -8.35644032]\n [  -5.60618998   -1.62957827   12.27524427    4.91639946  -24.68141826\n    30.62413704]\n [  -1.01077452    1.04061377    4.91639946    7.63819233  -11.09736232\n    13.40430959]\n [  46.63762968    4.101348    -24.68141826  -11.09736232  209.04272747\n  -219.68720008]\n [ -48.00852558   -8.35644032   30.62413704   13.40430959 -219.68720008\n   238.91767434]]", "nfev": "252", "njev": "36", "status": "0", "success": "True", "message": "Optimization terminated successfully.", "x": "[1.43196979 4.26958495 3.00026925 5.99406176 0.66895339 3.13231394]", "nit": "31"}, "12": {"maxiter": 500, "gtol": 1e-10, "xrtol": 1e-05, "eps": 1e-05, "duration": 0.04562520980834961, "fun": "0.24548837507748056", "jac": "[ 3.49054119e-08 -3.26738636e-08 -2.34368080e-08 -2.08721929e-08\n -3.50164342e-08 -1.85851334e-08]", "hess_inv": "[[  14.61656231    0.86509601   -6.16446197   -1.7707192    46.46642692\n   -48.34546319]\n [   0.86509601    5.82386347   -2.02567138    0.6819209     5.06090745\n    -9.72200288]\n [  -6.16446197   -2.02567138   13.10691712    5.80420483  -26.70098469\n    33.40775333]\n [  -1.7707192     0.6819209     5.80420483    8.55519511  -13.92256884\n    16.98730586]\n [  46.46642692    5.06090745  -26.70098469  -13.92256884  205.6468398\n  -218.19444832]\n [ -48.34546319   -9.72200288   33.40775333   16.98730586 -218.19444832\n   240.05255264]]", "nfev": "266", "njev": "38", "status": "0", "success": "True", "message": "Optimization terminated successfully.", "x": "[1.43199392 4.269588   3.00020198 5.99402132 0.66914509 3.13207884]", "nit": "33"}, "13": {"maxiter": 500, "gtol": 1e-10, "xrtol": 1e-05, "eps": 1e-10, "duration": 0.058389902114868164, "fun": "0.2454883752148067", "jac": "[6.66133760e-06 3.33066880e-06 4.44089173e-06 0.00000000e+00\n 0.00000000e+00 3.33066880e-06]", "hess_inv": "[[  16.81085501    0.87054253   -5.37463279   -1.03979947   54.4108415\n   -55.45706495]\n [   0.87054253    5.55648342   -1.49470665    1.09090051    4.80693657\n    -8.9322951 ]\n [  -5.37463279   -1.49470665   11.55897619    4.55114453  -22.84320302\n    28.18370748]\n [  -1.03979947    1.09090051    4.55114453    7.46072544  -10.66006419\n    12.6521486 ]\n [  54.4108415     4.80693657  -22.84320302  -10.66006419  232.77033874\n  -241.42741184]\n [ -55.45706495   -8.9322951    28.18370748   12.6521486  -241.42741184\n   258.17102953]]", "nfev": "343", "njev": "49", "status": "0", "success": "True", "message": "Optimization terminated successfully.", "x": "[1.43196979 4.26958495 3.00026925 5.99406176 0.66895339 3.13231394]", "nit": "32"}, "14": {"maxiter": 500, "gtol": 1e-10, "xrtol": 1e-10, "eps": 1e-05, "duration": 0.05044293403625488, "fun": "0.2454883750761463", "jac": "[-4.44089210e-11 -3.99680289e-10 -1.22124533e-10  2.77555756e-10\n  0.00000000e+00 -3.33066907e-11]", "hess_inv": "[[  14.52810037    0.61752543   -6.11883141   -1.64267725   45.87043442\n   -47.56480551]\n [   0.61752543    6.03463883   -1.37915705    1.15229968    4.86304279\n    -9.2850374 ]\n [  -6.11883141   -1.37915705   13.98542363    6.4042279   -24.75274262\n    31.60440729]\n [  -1.64267725    1.15229968    6.4042279     8.98271056  -12.08680613\n    15.24800562]\n [  45.87043442    4.86304279  -24.75274262  -12.08680613  205.05362606\n  -216.28044941]\n [ -47.56480551   -9.2850374    31.60440729   15.24800562 -216.28044941\n   236.78180509]]", "nfev": "294", "njev": "42", "status": "0", "success": "True", "message": "Optimization terminated successfully.", "x": "[1.43199399 4.26958816 3.00020233 5.99402162 0.66914606 3.13207801]", "nit": "36"}, "15": {"maxiter": 500, "gtol": 1e-10, "xrtol": 1e-10, "eps": 1e-10, "duration": 0.05850696563720703, "fun": "0.2454883752148067", "jac": "[6.66133760e-06 3.33066880e-06 4.44089173e-06 0.00000000e+00\n 0.00000000e+00 3.33066880e-06]", "hess_inv": "[[  16.81085501    0.87054253   -5.37463279   -1.03979947   54.4108415\n   -55.45706495]\n [   0.87054253    5.55648342   -1.49470665    1.09090051    4.80693657\n    -8.9322951 ]\n [  -5.37463279   -1.49470665   11.55897619    4.55114453  -22.84320302\n    28.18370748]\n [  -1.03979947    1.09090051    4.55114453    7.46072544  -10.66006419\n    12.6521486 ]\n [  54.4108415     4.80693657  -22.84320302  -10.66006419  232.77033874\n  -241.42741184]\n [ -55.45706495   -8.9322951    28.18370748   12.6521486  -241.42741184\n   258.17102953]]", "nfev": "343", "njev": "49", "status": "0", "success": "True", "message": "Optimization terminated successfully.", "x": "[1.43196979 4.26958495 3.00026925 5.99406176 0.66895339 3.13231394]", "nit": "32"}, "16": {"maxiter": 1000, "gtol": 1e-05, "xrtol": 1e-05, "eps": 1e-05, "duration": 0.043296098709106445, "fun": "0.24548837512665544", "jac": "[ 1.85604865e-06  2.30589992e-06  9.57323110e-07 -2.66481281e-06\n -5.40401057e-07 -3.64042130e-07]", "hess_inv": "[[  14.22833243    0.47498099   -5.41418046   -0.94515832   45.41150106\n   -46.57869006]\n [   0.47498099    5.73250835   -1.65081417    1.04224508    3.83452085\n    -8.22120438]\n [  -5.41418046   -1.65081417   12.3501838     5.02597582  -24.13917547\n    30.16733971]\n [  -0.94515832    1.04224508    5.02597582    7.7684131   -11.09133733\n    13.47842919]\n [  45.41150106    3.83452085  -24.13917547  -11.09133733  203.32844482\n  -213.49232047]\n [ -46.57869006   -8.22120438   30.16733971   13.47842919 -213.49232047\n   232.40062466]]", "nfev": "252", "njev": "36", "status": "0", "success": "True", "message": "Optimization terminated successfully.", "x": "[1.43201435 4.26960008 3.00018522 5.99400371 0.66922284 3.13198393]", "nit": "31"}, "17": {"maxiter": 1000, "gtol": 1e-05, "xrtol": 1e-05, "eps": 1e-10, "duration": 0.04315781593322754, "fun": "0.2454883752148067", "jac": "[ 4.44089173e-06  3.33066880e-06  3.33066880e-06 -2.22044587e-06\n  2.22044587e-06  2.22044587e-06]", "hess_inv": "[[  14.4243238     0.60476854   -5.60618998   -1.01077452   46.63762968\n   -48.00852558]\n [   0.60476854    5.54299355   -1.62957827    1.04061377    4.101348\n    -8.35644032]\n [  -5.60618998   -1.62957827   12.27524427    4.91639946  -24.68141826\n    30.62413704]\n [  -1.01077452    1.04061377    4.91639946    7.63819233  -11.09736232\n    13.40430959]\n [  46.63762968    4.101348    -24.68141826  -11.09736232  209.04272747\n  -219.68720008]\n [ -48.00852558   -8.35644032   30.62413704   13.40430959 -219.68720008\n   238.91767434]]", "nfev": "252", "njev": "36", "status": "0", "success": "True", "message": "Optimization terminated successfully.", "x": "[1.43196979 4.26958495 3.00026925 5.99406176 0.66895339 3.13231394]", "nit": "31"}, "18": {"maxiter": 1000, "gtol": 1e-05, "xrtol": 1e-10, "eps": 1e-05, "duration": 0.043189048767089844, "fun": "0.24548837512665544", "jac": "[ 1.85604865e-06  2.30589992e-06  9.57323110e-07 -2.66481281e-06\n -5.40401057e-07 -3.64042130e-07]", "hess_inv": "[[  14.22833243    0.47498099   -5.41418046   -0.94515832   45.41150106\n   -46.57869006]\n [   0.47498099    5.73250835   -1.65081417    1.04224508    3.83452085\n    -8.22120438]\n [  -5.41418046   -1.65081417   12.3501838     5.02597582  -24.13917547\n    30.16733971]\n [  -0.94515832    1.04224508    5.02597582    7.7684131   -11.09133733\n    13.47842919]\n [  45.41150106    3.83452085  -24.13917547  -11.09133733  203.32844482\n  -213.49232047]\n [ -46.57869006   -8.22120438   30.16733971   13.47842919 -213.49232047\n   232.40062466]]", "nfev": "252", "njev": "36", "status": "0", "success": "True", "message": "Optimization terminated successfully.", "x": "[1.43201435 4.26960008 3.00018522 5.99400371 0.66922284 3.13198393]", "nit": "31"}, "19": {"maxiter": 1000, "gtol": 1e-05, "xrtol": 1e-10, "eps": 1e-10, "duration": 0.0430598258972168, "fun": "0.2454883752148067", "jac": "[ 4.44089173e-06  3.33066880e-06  3.33066880e-06 -2.22044587e-06\n  2.22044587e-06  2.22044587e-06]", "hess_inv": "[[  14.4243238     0.60476854   -5.60618998   -1.01077452   46.63762968\n   -48.00852558]\n [   0.60476854    5.54299355   -1.62957827    1.04061377    4.101348\n    -8.35644032]\n [  -5.60618998   -1.62957827   12.27524427    4.91639946  -24.68141826\n    30.62413704]\n [  -1.01077452    1.04061377    4.91639946    7.63819233  -11.09736232\n    13.40430959]\n [  46.63762968    4.101348    -24.68141826  -11.09736232  209.04272747\n  -219.68720008]\n [ -48.00852558   -8.35644032   30.62413704   13.40430959 -219.68720008\n   238.91767434]]", "nfev": "252", "njev": "36", "status": "0", "success": "True", "message": "Optimization terminated successfully.", "x": "[1.43196979 4.26958495 3.00026925 5.99406176 0.66895339 3.13231394]", "nit": "31"}, "20": {"maxiter": 1000, "gtol": 1e-10, "xrtol": 1e-05, "eps": 1e-05, "duration": 0.045526981353759766, "fun": "0.24548837507748056", "jac": "[ 3.49054119e-08 -3.26738636e-08 -2.34368080e-08 -2.08721929e-08\n -3.50164342e-08 -1.85851334e-08]", "hess_inv": "[[  14.61656231    0.86509601   -6.16446197   -1.7707192    46.46642692\n   -48.34546319]\n [   0.86509601    5.82386347   -2.02567138    0.6819209     5.06090745\n    -9.72200288]\n [  -6.16446197   -2.02567138   13.10691712    5.80420483  -26.70098469\n    33.40775333]\n [  -1.7707192     0.6819209     5.80420483    8.55519511  -13.92256884\n    16.98730586]\n [  46.46642692    5.06090745  -26.70098469  -13.92256884  205.6468398\n  -218.19444832]\n [ -48.34546319   -9.72200288   33.40775333   16.98730586 -218.19444832\n   240.05255264]]", "nfev": "266", "njev": "38", "status": "0", "success": "True", "message": "Optimization terminated successfully.", "x": "[1.43199392 4.269588   3.00020198 5.99402132 0.66914509 3.13207884]", "nit": "33"}, "21": {"maxiter": 1000, "gtol": 1e-10, "xrtol": 1e-05, "eps": 1e-10, "duration": 0.0583949089050293, "fun": "0.2454883752148067", "jac": "[6.66133760e-06 3.33066880e-06 4.44089173e-06 0.00000000e+00\n 0.00000000e+00 3.33066880e-06]", "hess_inv": "[[  16.81085501    0.87054253   -5.37463279   -1.03979947   54.4108415\n   -55.45706495]\n [   0.87054253    5.55648342   -1.49470665    1.09090051    4.80693657\n    -8.9322951 ]\n [  -5.37463279   -1.49470665   11.55897619    4.55114453  -22.84320302\n    28.18370748]\n [  -1.03979947    1.09090051    4.55114453    7.46072544  -10.66006419\n    12.6521486 ]\n [  54.4108415     4.80693657  -22.84320302  -10.66006419  232.77033874\n  -241.42741184]\n [ -55.45706495   -8.9322951    28.18370748   12.6521486  -241.42741184\n   258.17102953]]", "nfev": "343", "njev": "49", "status": "0", "success": "True", "message": "Optimization terminated successfully.", "x": "[1.43196979 4.26958495 3.00026925 5.99406176 0.66895339 3.13231394]", "nit": "32"}, "22": {"maxiter": 1000, "gtol": 1e-10, "xrtol": 1e-10, "eps": 1e-05, "duration": 0.05030488967895508, "fun": "0.2454883750761463", "jac": "[-4.44089210e-11 -3.99680289e-10 -1.22124533e-10  2.77555756e-10\n  0.00000000e+00 -3.33066907e-11]", "hess_inv": "[[  14.52810037    0.61752543   -6.11883141   -1.64267725   45.87043442\n   -47.56480551]\n [   0.61752543    6.03463883   -1.37915705    1.15229968    4.86304279\n    -9.2850374 ]\n [  -6.11883141   -1.37915705   13.98542363    6.4042279   -24.75274262\n    31.60440729]\n [  -1.64267725    1.15229968    6.4042279     8.98271056  -12.08680613\n    15.24800562]\n [  45.87043442    4.86304279  -24.75274262  -12.08680613  205.05362606\n  -216.28044941]\n [ -47.56480551   -9.2850374    31.60440729   15.24800562 -216.28044941\n   236.78180509]]", "nfev": "294", "njev": "42", "status": "0", "success": "True", "message": "Optimization terminated successfully.", "x": "[1.43199399 4.26958816 3.00020233 5.99402162 0.66914606 3.13207801]", "nit": "36"}, "23": {"maxiter": 1000, "gtol": 1e-10, "xrtol": 1e-10, "eps": 1e-10, "duration": 0.058238983154296875, "fun": "0.2454883752148067", "jac": "[6.66133760e-06 3.33066880e-06 4.44089173e-06 0.00000000e+00\n 0.00000000e+00 3.33066880e-06]", "hess_inv": "[[  16.81085501    0.87054253   -5.37463279   -1.03979947   54.4108415\n   -55.45706495]\n [   0.87054253    5.55648342   -1.49470665    1.09090051    4.80693657\n    -8.9322951 ]\n [  -5.37463279   -1.49470665   11.55897619    4.55114453  -22.84320302\n    28.18370748]\n [  -1.03979947    1.09090051    4.55114453    7.46072544  -10.66006419\n    12.6521486 ]\n [  54.4108415     4.80693657  -22.84320302  -10.66006419  232.77033874\n  -241.42741184]\n [ -55.45706495   -8.9322951    28.18370748   12.6521486  -241.42741184\n   258.17102953]]", "nfev": "343", "njev": "49", "status": "0", "success": "True", "message": "Optimization terminated successfully.", "x": "[1.43196979 4.26958495 3.00026925 5.99406176 0.66895339 3.13231394]", "nit": "32"}}, "cobyla": {"0": {"maxiter": 100, "tol": 1e-05, "catol": 1e-05, "duration": 0.016384124755859375, "x": "[1.45424465 4.26029613 3.07298025 6.03712425 0.70624553 3.11667257]", "status": "2", "success": "False", "message": "Maximum number of function evaluations has been exceeded.", "nfev": "100", "fun": "0.24587268265515405", "maxcv": "0.0"}, "1": {"maxiter": 100, "tol": 1e-05, "catol": 1e-10, "duration": 0.016312122344970703, "x": "[1.45424465 4.26029613 3.07298025 6.03712425 0.70624553 3.11667257]", "status": "2", "success": "False", "message": "Maximum number of function evaluations has been exceeded.", "nfev": "100", "fun": "0.24587268265515405", "maxcv": "0.0"}, "2": {"maxiter": 100, "tol": 1e-10, "catol": 1e-05, "duration": 0.016376018524169922, "x": "[1.45424465 4.26029613 3.07298025 6.03712425 0.70624553 3.11667257]", "status": "2", "success": "False", "message": "Maximum number of function evaluations has been exceeded.", "nfev": "100", "fun": "0.24587268265515405", "maxcv": "0.0"}, "3": {"maxiter": 100, "tol": 1e-10, "catol": 1e-10, "duration": 0.01636195182800293, "x": "[1.45424465 4.26029613 3.07298025 6