{"date": "2024/07/19/, 08:25:55", "conf_id": 165, "data_type": "non_lin_ind\n", "num_data_points": 1, "s_rank": 0, "unitary": "[[-0.45070455-0.02711853j,0.78437395-0.06613086j,0.06358678+0.19963393j,-0.07343613+0.35668523j],[-0.01890143-0.03813363j,0.32408202+0.25557629j,0.05872864-0.68979805j,0.55466693-0.20227297j],[-0.11215405+0.64023111j,-0.13344055+0.29565494j,-0.49012687-0.19046288j,-0.04241254+0.44046348j],[0.55771659+0.24656916j,0.31851997-0.05798805j,0.28761525-0.34294258j,-0.56718418+0.03616933j]]", "databatch_0": {"databatch": "[[[-0.14151656-0.08220858j,0.0948225+0.13254307j,-0.33836779+0.22363742j,0.23258896-0.167382j],[-0.07979213+0.09710074j,-0.00215952+0.02571702j,-0.01444414+0.22897578j,0.10182614-0.16193559j],[-0.15902878-0.18670282j,0.24956161+0.03585185j,-0.30060837+0.19322255j,0.02274577-0.10531919j],[-0.24766855+0.03376758j,0.19555202-0.13331796j,-0.03849587+0.42577325j,-0.0429865-0.16796509j]]]", "initial param values": "[4.1798087,0.43870423,1.07058396,2.89696735,0.73046865,2.54296557]", "nelder_mead": {"type": "gradient-free", "0": {"maxiter": 100, "fatol": 1e-05, "xatol": 1e-05, "duration": 0.028109073638916016, "fun": "0.18831589669518245", "nit": "100", "nfev": "169", "status": "2", "success": "False", "message": "Maximum number of iterations has been exceeded.", "x": "[7.17098619 0.30149119 0.51620365 3.28567858 0.89851732 1.88151488]", "final_simplex": "(array([[7.17098619, 0.30149119, 0.51620365, 3.28567858, 0.89851732,\n        1.88151488],\n       [7.1689995 , 0.30009373, 0.52620294, 3.30331786, 0.89794483,\n        1.8841906 ],\n       [7.19285885, 0.2967649 , 0.5083924 , 3.31987965, 0.89783928,\n        1.87875323],\n       [7.18667151, 0.29698256, 0.53333099, 3.31886191, 0.90036394,\n        1.86181557],\n       [7.18021577, 0.29830143, 0.49367862, 3.3197179 , 0.9021123 ,\n        1.88051871],\n       [7.17685111, 0.29974199, 0.50690329, 3.2754477 , 0.89838795,\n        1.88220335],\n       [7.16468084, 0.29775911, 0.52873909, 3.3115564 , 0.89835999,\n        1.85639908]]), array([0.1883159 , 0.18838829, 0.18840744, 0.18842906, 0.18847234,\n       0.18854997, 0.18855169]))"}, "1": {"maxiter": 100, "fatol": 1e-05, "xatol": 1e-10, "duration": 0.02795886993408203, "fun": "0.18831589669518245", "nit": "100", "nfev": "169", "status": "2", "success": "False", "message": "Maximum number of iterations has been exceeded.", "x": "[7.17098619 0.30149119 0.51620365 3.28567858 0.89851732 1.88151488]", "final_simplex": "(array([[7.17098619, 0.30149119, 0.51620365, 3.28567858, 0.89851732,\n        1.88151488],\n       [7.1689995 , 0.30009373, 0.52620294, 3.30331786, 0.89794483,\n        1.8841906 ],\n       [7.19285885, 0.2967649 , 0.5083924 , 3.31987965, 0.89783928,\n        1.87875323],\n       [7.18667151, 0.29698256, 0.53333099, 3.31886191, 0.90036394,\n        1.86181557],\n       [7.18021577, 0.29830143, 0.49367862, 3.3197179 , 0.9021123 ,\n        1.88051871],\n       [7.17685111, 0.29974199, 0.50690329, 3.2754477 , 0.89838795,\n        1.88220335],\n       [7.16468084, 0.29775911, 0.52873909, 3.3115564 , 0.89835999,\n        1.85639908]]), array([0.1883159 , 0.18838829, 0.18840744, 0.18842906, 0.18847234,\n       0.18854997, 0.18855169]))"}, "2": {"maxiter": 100, "fatol": 1e-10, "xatol": 1e-05, "duration": 0.027942895889282227, "fun": "0.18831589669518245", "nit": "100", "nfev": "169", "status": "2", "success": "False", "message": "Maximum number of iterations has been exceeded.", "x": "[7.17098619 0.30149119 0.51620365 3.28567858 0.89851732 1.88151488]", "final_simplex": "(array([[7.17098619, 0.30149119, 0.51620365, 3.28567858, 0.89851732,\n        1.88151488],\n       [7.1689995 , 0.30009373, 0.52620294, 3.30331786, 0.89794483,\n        1.8841906 ],\n       [7.19285885, 0.2967649 , 0.5083924 , 3.31987965, 0.89783928,\n        1.87875323],\n       [7.18667151, 0.29698256, 0.53333099, 3.31886191, 0.90036394,\n        1.86181557],\n       [7.18021577, 0.29830143, 0.49367862, 3.3197179 , 0.9021123 ,\n        1.88051871],\n       [7.17685111, 0.29974199, 0.50690329, 3.2754477 , 0.89838795,\n        1.88220335],\n       [7.16468084, 0.29775911, 0.52873909, 3.3115564 , 0.89835999,\n        1.85639908]]), array([0.1883159 , 0.18838829, 0.18840744, 0.18842906, 0.18847234,\n       0.18854997, 0.18855169]))"}, "3": {"maxiter": 100, "fatol": 1e-10, "xatol": 1e-10, "duration": 0.028285980224609375, "fun": "0.18831589669518245", "nit": "100", "nfev": "169", "status": "2", "success": "False", "message": "Maximum number of iterations has been exceeded.", "x": "[7.17098619 0.30149119 0.51620365 3.28567858 0.89851732 1.88151488]", "final_simplex": "(array([[7.17098619, 0.30149119, 0.51620365, 3.28567858, 0.89851732,\n        1.88151488],\n       [7.1689995 , 0.30009373, 0.52620294, 3.30331786, 0.89794483,\n        1.8841906 ],\n       [7.19285885, 0.2967649 , 0.5083924 , 3.31987965, 0.89783928,\n        1.87875323],\n       [7.18667151, 0.29698256, 0.53333099, 3.31886191, 0.90036394,\n        1.86181557],\n       [7.18021577, 0.29830143, 0.49367862, 3.3197179 , 0.9021123 ,\n        1.88051871],\n       [7.17685111, 0.29974199, 0.50690329, 3.2754477 , 0.89838795,\n        1.88220335],\n       [7.16468084, 0.29775911, 0.52873909, 3.3115564 , 0.89835999,\n        1.85639908]]), array([0.1883159 , 0.18838829, 0.18840744, 0.18842906, 0.18847234,\n       0.18854997, 0.18855169]))"}, "4": {"maxiter": 500, "fatol": 1e-05, "xatol": 1e-05, "duration": 0.1293501853942871, "fun": "0.12145147061873307", "nit": "500", "nfev": "783", "status": "2", "success": "False", "message": "Maximum number of iterations has been exceeded.", "x": "[ 7.35517734  1.43908167 -0.06116602  2.59965311  3.94533292  4.98987893]", "final_simplex": "(array([[ 7.35517734,  1.43908167, -0.06116602,  2.59965311,  3.94533292,\n         4.98987893],\n       [ 7.37101993,  1.55816589, -0.03116608,  2.57041922,  4.05888543,\n         5.11293079],\n       [ 7.41987741,  1.54178409, -0.0884339 ,  2.58130698,  3.93473235,\n         5.00385557],\n       [ 7.41149924,  1.5706105 , -0.08907807,  2.58856038,  3.94783312,\n         5.01744385],\n       [ 7.32416173,  1.39906716,  0.01836559,  2.67672572,  3.81397942,\n         4.81106961],\n       [ 7.38248905,  1.45690773,  0.01734911,  2.60360621,  3.95769706,\n         4.95625748],\n       [ 7.34917946,  1.5474864 , -0.07179652,  2.63622273,  4.01983682,\n         5.08143129]]), array([0.12145147, 0.12247953, 0.1226712 , 0.12268809, 0.12273032,\n       0.12285171, 0.1229203 ]))"}, "5": {"maxiter": 500, "fatol": 1e-05, "xatol": 1e-10, "duration": 0.12937712669372559, "fun": "0.12145147061873307", "nit": "500", "nfev": "783", "status": "2", "success": "False", "message": "Maximum number of iterations has been exceeded.", "x": "[ 7.35517734  1.43908167 -0.06116602  2.59965311  3.94533292  4.98987893]", "final_simplex": "(array([[ 7.35517734,  1.43908167, -0.06116602,  2.59965311,  3.94533292,\n         4.98987893],\n       [ 7.37101993,  1.55816589, -0.03116608,  2.57041922,  4.05888543,\n         5.11293079],\n       [ 7.41987741,  1.54178409, -0.0884339 ,  2.58130698,  3.93473235,\n         5.00385557],\n       [ 7.41149924,  1.5706105 , -0.08907807,  2.58856038,  3.94783312,\n         5.01744385],\n       [ 7.32416173,  1.39906716,  0.01836559,  2.67672572,  3.81397942,\n         4.81106961],\n       [ 7.38248905,  1.45690773,  0.01734911,  2.60360621,  3.95769706,\n         4.95625748],\n       [ 7.34917946,  1.5474864 , -0.07179652,  2.63622273,  4.01983682,\n         5.08143129]]), array([0.12145147, 0.12247953, 0.1226712 , 0.12268809, 0.12273032,\n       0.12285171, 0.1229203 ]))"}, "6": {"maxiter": 500, "fatol": 1e-10, "xatol": 1e-05, "duration": 0.12931084632873535, "fun": "0.12145147061873307", "nit": "500", "nfev": "783", "status": "2", "success": "False", "message": "Maximum number of iterations has been exceeded.", "x": "[ 7.35517734  1.43908167 -0.06116602  2.59965311  3.94533292  4.98987893]", "final_simplex": "(array([[ 7.35517734,  1.43908167, -0.06116602,  2.59965311,  3.94533292,\n         4.98987893],\n       [ 7.37101993,  1.55816589, -0.03116608,  2.57041922,  4.05888543,\n         5.11293079],\n       [ 7.41987741,  1.54178409, -0.0884339 ,  2.58130698,  3.93473235,\n         5.00385557],\n       [ 7.41149924,  1.5706105 , -0.08907807,  2.58856038,  3.94783312,\n         5.01744385],\n       [ 7.32416173,  1.39906716,  0.01836559,  2.67672572,  3.81397942,\n         4.81106961],\n       [ 7.38248905,  1.45690773,  0.01734911,  2.60360621,  3.95769706,\n         4.95625748],\n       [ 7.34917946,  1.5474864 , -0.07179652,  2.63622273,  4.01983682,\n         5.08143129]]), array([0.12145147, 0.12247953, 0.1226712 , 0.12268809, 0.12273032,\n       0.12285171, 0.1229203 ]))"}, "7": {"maxiter": 500, "fatol": 1e-10, "xatol": 1e-10, "duration": 0.12942981719970703, "fun": "0.12145147061873307", "nit": "500", "nfev": "783", "status": "2", "success": "False", "message": "Maximum number of iterations has been exceeded.", "x": "[ 7.35517734  1.43908167 -0.06116602  2.59965311  3.94533292  4.98987893]", "final_simplex": "(array([[ 7.35517734,  1.43908167, -0.06116602,  2.59965311,  3.94533292,\n         4.98987893],\n       [ 7.37101993,  1.55816589, -0.03116608,  2.57041922,  4.05888543,\n         5.11293079],\n       [ 7.41987741,  1.54178409, -0.0884339 ,  2.58130698,  3.93473235,\n         5.00385557],\n       [ 7.41149924,  1.5706105 , -0.08907807,  2.58856038,  3.94783312,\n         5.01744385],\n       [ 7.32416173,  1.39906716,  0.01836559,  2.67672572,  3.81397942,\n         4.81106961],\n       [ 7.38248905,  1.45690773,  0.01734911,  2.60360621,  3.95769706,\n         4.95625748],\n       [ 7.34917946,  1.5474864 , -0.07179652,  2.63622273,  4.01983682,\n         5.08143129]]), array([0.12145147, 0.12247953, 0.1226712 , 0.12268809, 0.12273032,\n       0.12285171, 0.1229203 ]))"}, "8": {"maxiter": 1000, "fatol": 1e-05, "xatol": 1e-05, "duration": 0.20217108726501465, "fun": "0.11859239922811349", "nit": "769", "nfev": "1215", "status": "0", "success": "True", "message": "Optimization terminated successfully.", "x": "[ 7.3437752   1.72307315 -0.11513756  2.35196069  4.14507036  5.1681473 ]", "final_simplex": "(array([[ 7.3437752 ,  1.72307315, -0.11513756,  2.35196069,  4.14507036,\n         5.1681473 ],\n       [ 7.34377266,  1.7230744 , -0.11514038,  2.3519591 ,  4.14507569,\n         5.16814703],\n       [ 7.34377461,  1.72308109, -0.11514272,  2.35195229,  4.14507796,\n         5.16815426],\n       [ 7.34377164,  1.72307467, -0.11513937,  2.35196089,  4.14507627,\n         5.16815179],\n       [ 7.3437759 ,  1.72308079, -0.11514107,  2.35196038,  4.14507036,\n         5.16814741],\n       [ 7.34377461,  1.72306946, -0.11514401,  2.35196499,  4.14506439,\n         5.16814391],\n       [ 7.34377733,  1.72307267, -0.11514123,  2.35196706,  4.14506757,\n         5.16814356]]), array([0.1185924, 0.1185924, 0.1185924, 0.1185924, 0.1185924, 0.1185924,\n       0.1185924]))"}, "9": {"maxiter": 1000, "fatol": 1e-05, "xatol": 1e-10, "duration": 0.24489498138427734, "fun": "0.11859239922461606", "nit": "892", "nfev": "1473", "status": "0", "success": "True", "message": "Optimization terminated successfully.", "x": "[ 7.34377517  1.72307464 -0.11513915  2.35195704  4.14507182  5.16814587]", "final_simplex": "(array([[ 7.34377517,  1.72307464, -0.11513915,  2.35195704,  4.14507182,\n         5.16814587],\n       [ 7.34377517,  1.72307464, -0.11513915,  2.35195704,  4.14507182,\n         5.16814587],\n       [ 7.34377517,  1.72307464, -0.11513915,  2.35195704,  4.14507182,\n         5.16814587],\n       [ 7.34377517,  1.72307464, -0.11513915,  2.35195704,  4.14507182,\n         5.16814587],\n       [ 7.34377517,  1.72307464, -0.11513915,  2.35195704,  4.14507182,\n         5.16814587],\n       [ 7.34377517,  1.72307464, -0.11513915,  2.35195704,  4.14507182,\n         5.16814587],\n       [ 7.34377517,  1.72307464, -0.11513915,  2.35195704,  4.14507182,\n         5.16814587]]), array([0.1185924, 0.1185924, 0.1185924, 0.1185924, 0.1185924, 0.1185924,\n       0.1185924]))"}, "10": {"maxiter": 1000, "fatol": 1e-10, "xatol": 1e-05, "duration": 0.20248794555664062, "fun": "0.11859239922811349", "nit": "769", "nfev": "1215", "status": "0", "success": "True", "message": "Optimization terminated successfully.", "x": "[ 7.3437752   1.72307315 -0.11513756  2.35196069  4.14507036  5.1681473 ]", "final_simplex": "(array([[ 7.3437752 ,  1.72307315, -0.11513756,  2.35196069,  4.14507036,\n         5.1681473 ],\n       [ 7.34377266,  1.7230744 , -0.11514038,  2.3519591 ,  4.14507569,\n         5.16814703],\n       [ 7.34377461,  1.72308109, -0.11514272,  2.35195229,  4.14507796,\n         5.16815426],\n       [ 7.34377164,  1.72307467, -0.11513937,  2.35196089,  4.14507627,\n         5.16815179],\n       [ 7.3437759 ,  1.72308079, -0.11514107,  2.35196038,  4.14507036,\n         5.16814741],\n       [ 7.34377461,  1.72306946, -0.11514401,  2.35196499,  4.14506439,\n         5.16814391],\n       [ 7.34377733,  1.72307267, -0.11514123,  2.35196706,  4.14506757,\n         5.16814356]]), array([0.1185924, 0.1185924, 0.1185924, 0.1185924, 0.1185924, 0.1185924,\n       0.1185924]))"}, "11": {"maxiter": 1000, "fatol": 1e-10, "xatol": 1e-10, "duration": 0.24501991271972656, "fun": "0.11859239922461606", "nit": "892", "nfev": "1473", "status": "0", "success": "True", "message": "Optimization terminated successfully.", "x": "[ 7.34377517  1.72307464 -0.11513915  2.35195704  4.14507182  5.16814587]", "final_simplex": "(array([[ 7.34377517,  1.72307464, -0.11513915,  2.35195704,  4.14507182,\n         5.16814587],\n       [ 7.34377517,  1.72307464, -0.11513915,  2.35195704,  4.14507182,\n         5.16814587],\n       [ 7.34377517,  1.72307464, -0.11513915,  2.35195704,  4.14507182,\n         5.16814587],\n       [ 7.34377517,  1.72307464, -0.11513915,  2.35195704,  4.14507182,\n         5.16814587],\n       [ 7.34377517,  1.72307464, -0.11513915,  2.35195704,  4.14507182,\n         5.16814587],\n       [ 7.34377517,  1.72307464, -0.11513915,  2.35195704,  4.14507182,\n         5.16814587],\n       [ 7.34377517,  1.72307464, -0.11513915,  2.35195704,  4.14507182,\n         5.16814587]]), array([0.1185924, 0.1185924, 0.1185924, 0.1185924, 0.1185924, 0.1185924,\n       0.1185924]))"}}, "bfgs": {"type": "gradient", "0": {"maxiter": 100, "gtol": 1e-05, "xrtol": 1e-05, "eps": 1e-05, "duration": 0.026495933532714844, "fun": "0.11859240230719437", "jac": "[ 3.55497853e-06 -3.34732242e-07  1.62583280e-06 -4.68798333e-06\n -9.06759112e-06 -1.47374335e-06]", "hess_inv": "[[ 2.87210779 -2.06128126  0.82065937 -2.0832622   0.26437932 -0.27900337]\n [-2.06128126 21.15506743 -6.13717007 12.47473169 10.68084198  9.99293808]\n [ 0.82065937 -6.13717007  4.82042492 -2.42218924 -1.63497268 -3.1923655 ]\n [-2.0832622  12.47473169 -2.42218924 14.53876935  8.95327603  8.04572941]\n [ 0.26437932 10.68084198 -1.63497268  8.95327603 11.67147242  8.80552279]\n [-0.27900337  9.99293808 -3.1923655   8.04572941  8.80552279  9.71181096]]", "nfev": "154", "njev": "22", "status": "0", "success": "True", "message": "Optimization terminated successfully.", "x": "[ 5.22261433 -1.4188306   3.0265145   3.93094556  1.00318552  2.02630245]", "nit": "19"}, "1": {"maxiter": 100, "gtol": 1e-05, "xrtol": 1e-05, "eps": 1e-10, "duration": 0.02628803253173828, "fun": "0.11859240052263331", "jac": "[ 3.33066880e-06  5.55111466e-06  3.33066880e-06 -4.44089173e-06\n -7.77156053e-06 -4.44089173e-06]", "hess_inv": "[[ 2.86903237 -2.05942341  0.81444349 -2.08833017  0.25543476 -0.27974858]\n [-2.05942341 21.16591037 -6.12295906 12.52001088 10.724005   10.01190888]\n [ 0.81444349 -6.12295906  4.8142197  -2.42102151 -1.63740043 -3.1910523 ]\n [-2.08833017 12.52001088 -2.42102151 14.59918157  9.00374484  8.07802977]\n [ 0.25543476 10.724005   -1.63740043  9.00374484 11.70834649  8.83008724]\n [-0.27974858 10.01190888 -3.1910523   8.07802977  8.83008724  9.72584549]]", "nfev": "154", "njev": "22", "status": "0", "success": "True", "message": "Optimization terminated successfully.", "x": "[ 5.22261169 -1.41868967  3.02648475  3.93104452  1.0032925   2.02639707]", "nit": "19"}, "2": {"maxiter": 100, "gtol": 1e-05, "xrtol": 1e-10, "eps": 1e-05, "duration": 0.026317834854125977, "fun": "0.11859240230719437", "jac": "[ 3.55497853e-06 -3.34732242e-07  1.62583280e-06 -4.68798333e-06\n -9.06759112e-06 -1.47374335e-06]", "hess_inv": "[[ 2.87210779 -2.06128126  0.82065937 -2.0832622   0.26437932 -0.27900337]\n [-2.06128126 21.15506743 -6.13717007 12.47473169 10.68084198  9.99293808]\n [ 0.82065937 -6.13717007  4.82042492 -2.42218924 -1.63497268 -3.1923655 ]\n [-2.0832622  12.47473169 -2.42218924 14.53876935  8.95327603  8.04572941]\n [ 0.26437932 10.68084198 -1.63497268  8.95327603 11.67147242  8.80552279]\n [-0.27900337  9.99293808 -3.1923655   8.04572941  8.80552279  9.71181096]]", "nfev": "154", "njev": "22", "status": "0", "success": "True", "message": "Optimization terminated successfully.", "x": "[ 5.22261433 -1.4188306   3.0265145   3.93094556  1.00318552  2.02630245]", "nit": "19"}, "3": {"maxiter": 100, "gtol": 1e-05, "xrtol": 1e-10, "eps": 1e-10, "duration": 0.026111841201782227, "fun": "0.11859240052263331", "jac": "[ 3.33066880e-06  5.55111466e-06  3.33066880e-06 -4.44089173e-06\n -7.77156053e-06 -4.44089173e-06]", "hess_inv": "[[ 2.86903237 -2.05942341  0.81444349 -2.08833017  0.25543476 -0.27974858]\n [-2.05942341 21.16591037 -6.12295906 12.52001088 10.724005   10.01190888]\n [ 0.81444349 -6.12295906  4.8142197  -2.42102151 -1.63740043 -3.1910523 ]\n [-2.08833017 12.52001088 -2.42102151 14.59918157  9.00374484  8.07802977]\n [ 0.25543476 10.724005   -1.63740043  9.00374484 11.70834649  8.83008724]\n [-0.27974858 10.01190888 -3.1910523   8.07802977  8.83008724  9.72584549]]", "nfev": "154", "njev": "22", "status": "0", "success": "True", "message": "Optimization terminated successfully.", "x": "[ 5.22261169 -1.41868967  3.02648475  3.93104452  1.0032925   2.02639707]", "nit": "19"}, "4": {"maxiter": 100, "gtol": 1e-10, "xrtol": 1e-05, "eps": 1e-05, "duration": 0.028431177139282227, "fun": "0.11859239944312905", "jac": "[ 1.89470661e-07  1.09523501e-07 -1.74282810e-07  3.59046126e-07\n -5.88085136e-08 -5.66702241e-07]", "hess_inv": "[[ 2.88590497e+00 -2.27923815e+00  8.58445677e-01 -2.28778403e+00\n   1.69868539e-02 -4.91558259e-01]\n [-2.27923815e+00  2.40677480e+01 -6.64417974e+00  1.52376705e+01\n   1.38027292e+01  1.26148793e+01]\n [ 8.58445677e-01 -6.64417974e+00  4.83439914e+00 -3.00119820e+00\n  -2.27578215e+00 -3.63467035e+00]\n [-2.28778403e+00  1.52376705e+01 -3.00119820e+00  1.70278457e+01\n   1.17992492e+01  1.05673471e+01]\n [ 1.69868539e-02  1.38027292e+01 -2.27578215e+00  1.17992492e+01\n   1.48165221e+01  1.15457131e+01]\n [-4.91558259e-01  1.26148793e+01 -3.63467035e+00  1.05673471e+01\n   1.15457131e+01  1.19625204e+01]]", "nfev": "168", "njev": "24", "status": "0", "success": "True", "message": "Optimization terminated successfully.", "x": "[ 5.22259062 -1.41858846  3.0264613   3.93116606  1.00340046  2.02648619]", "nit": "21"}, "5": {"maxiter": 100, "gtol": 1e-10, "xrtol": 1e-05, "eps": 1e-10, "duration": 0.042359113693237305, "fun": "0.11859239925319609", "jac": "[-2.22044587e-06  1.11022293e-06  2.22044587e-06  0.00000000e+00\n  0.00000000e+00  0.00000000e+00]", "hess_inv": "[[ 2.89974235 -2.99614276  1.01527858 -2.67486312 -0.39138194 -0.79670077]\n [-2.99614276 28.47142085 -9.32308463 18.15180977 15.30016479 14.71649564]\n [ 1.01527858 -9.32308463  5.55626497 -4.93644035 -4.17951676 -5.27366003]\n [-2.67486312 18.15180977 -4.93644035 17.48964458 11.21314675 10.46273993]\n [-0.39138194 15.30016479 -4.17951676 11.21314675 12.93446271 10.54803066]\n [-0.79670077 14.71649564 -5.27366003 10.46273993 10.54803066 11.50836314]]", "nfev": "252", "njev": "36", "status": "0", "success": "True", "message": "Optimization terminated successfully.", "x": "[ 5.22259737 -1.41850469  3.02644872  3.93124975  1.00350159  2.0265751 ]", "nit": "22"}, "6": {"maxiter": 100, "gtol": 1e-10, "xrtol": 1e-10, "eps": 1e-05, "duration": 0.05368995666503906, "fun": "0.11859239943313604", "jac": "[ 2.34035014e-08  1.21791466e-08 -3.63931107e-08  3.45057316e-08\n -1.63313807e-08 -2.26374475e-08]", "hess_inv": "[[ 2.90067299 -2.21753342  0.84756243 -2.27123009  0.21050121 -0.26811138]\n [-2.21753342 22.88426885 -6.24378683 14.39726326 12.64361169 11.33467968]\n [ 0.84756243 -6.24378683  4.69820716 -2.73323695 -1.82472204 -3.12622056]\n [-2.27123009 14.39726326 -2.73323695 16.47215217 10.77149778  9.41844813]\n [ 0.21050121 12.64361169 -1.82472204 10.77149778 14.63002402 11.42329462]\n [-0.26811138 11.33467968 -3.12622056  9.41844813 11.42329462 11.9210768 ]]", "nfev": "320", "njev": "44", "status": "2", "success": "False", "message": "Desired error not necessarily achieved due to precision loss.", "x": "[ 5.22259107 -1.41858915  3.02646152  3.9311649   1.00340228  2.02648861]", "nit": "22"}, "7": {"maxiter": 100, "gtol": 1e-10, "xrtol": 1e-10, "eps": 1e-10, "duration": 0.04239916801452637, "fun": "0.11859239925319609", "jac": "[-2.22044587e-06  1.11022293e-06  2.22044587e-06  0.00000000e+00\n  0.00000000e+00  0.00000000e+00]", "hess_inv": "[[ 2.89974235 -2.99614276  1.01527858 -2.67486312 -0.39138194 -0.79670077]\n [-2.99614276 28.47142085 -9.32308463 18.15180977 15.30016479 14.71649564]\n [ 1.01527858 -9.32308463  5.55626497 -4.93644035 -4.17951676 -5.27366003]\n [-2.67486312 18.15180977 -4.93644035 17.48964458 11.21314675 10.46273993]\n [-0.39138194 15.30016479 -4.17951676 11.21314675 12.93446271 10.54803066]\n [-0.79670077 14.71649564 -5.27366003 10.46273993 10.54803066 11.50836314]]", "nfev": "252", "njev": "36", "status": "0", "success": "True", "message": "Optimization terminated successfully.", "x": "[ 5.22259737 -1.41850469  3.02644872  3.93124975  1.00350159  2.0265751 ]", "nit": "22"}, "8": {"maxiter": 500, "gtol": 1e-05, "xrtol": 1e-05, "eps": 1e-05, "duration": 0.026140213012695312, "fun": "0.11859240230719437", "jac": "[ 3.55497853e-06 -3.34732242e-07  1.62583280e-06 -4.68798333e-06\n -9.06759112e-06 -1.47374335e-06]", "hess_inv": "[[ 2.87210779 -2.06128126  0.82065937 -2.0832622   0.26437932 -0.27900337]\n [-2.06128126 21.15506743 -6.13717007 12.47473169 10.68084198  9.99293808]\n [ 0.82065937 -6.13717007  4.82042492 -2.42218924 -1.63497268 -3.1923655 ]\n [-2.0832622  12.47473169 -2.42218924 14.53876935  8.95327603  8.04572941]\n [ 0.26437932 10.68084198 -1.63497268  8.95327603 11.67147242  8.80552279]\n [-0.27900337  9.99293808 -3.1923655   8.04572941  8.80552279  9.71181096]]", "nfev": "154", "njev": "22", "status": "0", "success": "True", "message": "Optimization terminated successfully.", "x": "[ 5.22261433 -1.4188306   3.0265145   3.93094556  1.00318552  2.02630245]", "nit": "19"}, "9": {"maxiter": 500, "gtol": 1e-05, "xrtol": 1e-05, "eps": 1e-10, "duration": 0.026103973388671875, "fun": "0.11859240052263331", "jac": "[ 3.33066880e-06  5.55111466e-06  3.33066880e-06 -4.44089173e-06\n -7.77156053e-06 -4.44089173e-06]", "hess_inv": "[[ 2.86903237 -2.05942341  0.81444349 -2.08833017  0.25543476 -0.27974858]\n [-2.05942341 21.16591037 -6.12295906 12.52001088 10.724005   10.01190888]\n [ 0.81444349 -6.12295906  4.8142197  -2.42102151 -1.63740043 -3.1910523 ]\n [-2.08833017 12.52001088 -2.42102151 14.59918157  9.00374484  8.07802977]\n [ 0.25543476 10.724005   -1.63740043  9.00374484 11.70834649  8.83008724]\n [-0.27974858 10.01190888 -3.1910523   8.07802977  8.83008724  9.72584549]]", "nfev": "154", "njev": "22", "status": "0", "success": "True", "message": "Optimization terminated successfully.", "x": "[ 5.22261169 -1.41868967  3.02648475  3.93104452  1.0032925   2.02639707]", "nit": "19"}, "10": {"maxiter": 500, "gtol": 1e-05, "xrtol": 1e-10, "eps": 1e-05, "duration": 0.026168107986450195, "fun": "0.11859240230719437", "jac": "[ 3.55497853e-06 -3.34732242e-07  1.62583280e-06 -4.68798333e-06\n -9.06759112e-06 -1.47374335e-06]", "hess_inv": "[[ 2.87210779 -2.06128126  0.82065937 -2.0832622   0.26437932 -0.27900337]\n [-2.06128126 21.15506743 -6.13717007 12.47473169 10.68084198  9.99293808]\n [ 0.82065937 -6.13717007  4.82042492 -2.42218924 -1.63497268 -3.1923655 ]\n [-2.0832622  12.47473169 -2.42218924 14.53876935  8.95327603  8.04572941]\n [ 0.26437932 10.68084198 -1.63497268  8.95327603 11.67147242  8.80552279]\n [-0.27900337  9.99293808 -3.1923655   8.04572941  8.80552279  9.71181096]]", "nfev": "154", "njev": "22", "status": "0", "success": "True", "message": "Optimization terminated successfully.", "x": "[ 5.22261433 -1.4188306   3.0265145   3.93094556  1.00318552  2.02630245]", "nit": "19"}, "11": {"maxiter": 500, "gtol": 1e-05, "xrtol": 1e-10, "eps": 1e-10, "duration": 0.026131868362426758, "fun": "0.11859240052263331", "jac": "[ 3.33066880e-06  5.55111466e-06  3.33066880e-06 -4.44089173e-06\n -7.77156053e-06 -4.44089173e-06]", "hess_inv": "[[ 2.86903237 -2.05942341  0.81444349 -2.08833017  0.25543476 -0.27974858]\n [-2.05942341 21.16591037 -6.12295906 12.52001088 10.724005   10.01190888]\n [ 0.81444349 -6.12295906  4.8142197  -2.42102151 -1.63740043 -3.1910523 ]\n [-2.08833017 12.52001088 -2.42102151 14.59918157  9.00374484  8.07802977]\n [ 0.25543476 10.724005   -1.63740043  9.00374484 11.70834649  8.83008724]\n [-0.27974858 10.01190888 -3.1910523   8.07802977  8.83008724  9.72584549]]", "nfev": "154", "njev": "22", "status": "0", "success": "True", "message": "Optimization terminated successfully.", "x": "[ 5.22261169 -1.41868967  3.02648475  3.93104452  1.0032925   2.02639707]", "nit": "19"}, "12": {"maxiter": 500, "gtol": 1e-10, "xrtol": 1e-05, "eps": 1e-05, "duration": 0.028461217880249023, "fun": "0.11859239944312905", "jac": "[ 1.89470661e-07  1.09523501e-07 -1.74282810e-07  3.59046126e-07\n -5.88085136e-08 -5.66702241e-07]", "hess_inv": "[[ 2.88590497e+00 -2.27923815e+00  8.58445677e-01 -2.28778403e+00\n   1.69868539e-02 -4.91558259e-01]\n [-2.27923815e+00  2.40677480e+01 -6.64417974e+00  1.52376705e+01\n   1.38027292e+01  1.26148793e+01]\n [ 8.58445677e-01 -6.64417974e+00  4.83439914e+00 -3.00119820e+00\n  -2.27578215e+00 -3.63467035e+00]\n [-2.28778403e+00  1.52376705e+01 -3.00119820e+00  1.70278457e+01\n   1.17992492e+01  1.05673471e+01]\n [ 1.69868539e-02  1.38027292e+01 -2.27578215e+00  1.17992492e+01\n   1.48165221e+01  1.15457131e+01]\n [-4.91558259e-01  1.26148793e+01 -3.63467035e+00  1.05673471e+01\n   1.15457131e+01  1.19625204e+01]]", "nfev": "168", "njev": "24", "status": "0", "success": "True", "message": "Optimization terminated successfully.", "x": "[ 5.22259062 -1.41858846  3.0264613   3.93116606  1.00340046  2.02648619]", "nit": "21"}, "13": {"maxiter": 500, "gtol": 1e-10, "xrtol": 1e-05, "eps": 1e-10, "duration": 0.04247307777404785, "fun": "0.11859239925319609", "jac": "[-2.22044587e-06  1.11022293e-06  2.22044587e-06  0.00000000e+00\n  0.00000000e+00  0.00000000e+00]", "hess_inv": "[[ 2.89974235 -2.99614276  1.01527858 -2.67486312 -0.39138194 -0.79670077]\n [-2.99614276 28.47142085 -9.32308463 18.15180977 15.30016479 14.71649564]\n [ 1.01527858 -9.32308463  5.55626497 -4.93644035 -4.17951676 -5.27366003]\n [-2.67486312 18.15180977 -4.93644035 17.48964458 11.21314675 10.46273993]\n [-0.39138194 15.30016479 -4.17951676 11.21314675 12.93446271 10.54803066]\n [-0.79670077 14.71649564 -5.27366003 10.46273993 10.54803066 11.50836314]]", "nfev": "252", "njev": "36", "status": "0", "success": "True", "message": "Optimization terminated successfully.", "x": "[ 5.22259737 -1.41850469  3.02644872  3.93124975  1.00350159  2.0265751 ]", "nit": "22"}, "14": {"maxiter": 500, "gtol": 1e-10, "xrtol": 1e-10, "eps": 1e-05, "duration": 0.05377483367919922, "fun": "0.11859239943313604", "jac": "[ 2.34035014e-08  1.21791466e-08 -3.63931107e-08  3.45057316e-08\n -1.63313807e-08 -2.26374475e-08]", "hess_inv": "[[ 2.90067299 -2.21753342  0.84756243 -2.27123009  0.21050121 -0.26811138]\n [-2.21753342 22.88426885 -6.24378683 14.39726326 12.64361169 11.33467968]\n [ 0.84756243 -6.24378683  4.69820716 -2.73323695 -1.82472204 -3.12622056]\n [-2.27123009 14.39726326 -2.73323695 16.47215217 10.77149778  9.41844813]\n [ 0.21050121 12.64361169 -1.82472204 10.77149778 14.63002402 11.42329462]\n [-0.26811138 11.33467968 -3.12622056  9.41844813 11.42329462 11.9210768 ]]", "nfev": "320", "njev": "44", "status": "2", "success": "False", "message": "Desired error not necessarily achieved due to precision loss.", "x": "[ 5.22259107 -1.41858915  3.02646152  3.9311649   1.00340228  2.02648861]", "nit": "22"}, "15": {"maxiter": 500, "gtol": 1e-10, "xrtol": 1e-10, "eps": 1e-10, "duration": 0.044474124908447266, "fun": "0.11859239925319609", "jac": "[-2.22044587e-06  1.11022293e-06  2.22044587e-06  0.00000000e+00\n  0.00000000e+00  0.00000000e+00]", "hess_inv": "[[ 2.89974235 -2.99614276  1.01527858 -2.67486312 -0.39138194 -0.79670077]\n [-2.99614276 28.47142085 -9.32308463 18.15180977 15.30016479 14.71649564]\n [ 1.01527858 -9.32308463  5.55626497 -4.93644035 -4.17951676 -5.27366003]\n [-2.67486312 18.15180977 -4.93644035 17.48964458 11.21314675 10.46273993]\n [-0.39138194 15.30016479 -4.17951676 11.21314675 12.93446271 10.54803066]\n [-0.79670077 14.71649564 -5.27366003 10.46273993 10.54803066 11.50836314]]", "nfev": "252", "njev": "36", "status": "0", "success": "True", "message": "Optimization terminated successfully.", "x": "[ 5.22259737 -1.41850469  3.02644872  3.93124975  1.00350159  2.0265751 ]", "nit": "22"}, "16": {"maxiter": 1000, "gtol": 1e-05, "xrtol": 1e-05, "eps": 1e-05, "duration": 0.027746200561523438, "fun": "0.11859240230719437", "jac": "[ 3.55497853e-06 -3.34732242e-07  1.62583280e-06 -4.68798333e-06\n -9.06759112e-06 -1.47374335e-06]", "hess_inv": "[[ 2.87210779 -2.06128126  0.82065937 -2.0832622   0.26437932 -0.27900337]\n [-2.06128126 21.15506743 -6.13717007 12.47473169 10.68084198  9.99293808]\n [ 0.82065937 -6.13717007  4.82042492 -2.42218924 -1.63497268 -3.1923655 ]\n [-2.0832622  12.47473169 -2.42218924 14.53876935  8.95327603  8.04572941]\n [ 0.26437932 10.68084198 -1.63497268  8.95327603 11.67147242  8.80552279]\n [-0.27900337  9.99293808 -3.1923655   8.04572941  8.80552279  9.71181096]]", "nfev": "154", "njev": "22", "status": "0", "success": "True", "message": "Optimization terminated successfully.", "x": "[ 5.22261433 -1.4188306   3.0265145   3.93094556  1.00318552  2.02630245]", "nit": "19"}, "17": {"maxiter": 1000, "gtol": 1e-05, "xrtol": 1e-05, "eps": 1e-10, "duration": 0.027425050735473633, "fun": "0.11859240052263331", "jac": "[ 3.33066880e-06  5.55111466e-06  3.33066880e-06 -4.44089173e-06\n -7.77156053e-06 -4.44089173e-06]", "hess_inv": "[[ 2.86903237 -2.05942341  0.81444349 -2.08833017  0.25543476 -0.27974858]\n [-2.05942341 21.16591037 -6.12295906 12.52001088 10.724005   10.01190888]\n [ 0.81444349 -6.12295906  4.8142197  -2.42102151 -1.63740043 -3.1910523 ]\n [-2.08833017 12.52001088 -2.42102151 14.59918157  9.00374484  8.07802977]\n [ 0.25543476 10.724005   -1.63740043  9.00374484 11.70834649  8.83008724]\n [-0.27974858 10.01190888 -3.1910523   8.07802977  8.83008724  9.72584549]]", "nfev": "154", "njev": "22", "status": "0", "success": "True", "message": "Optimization terminated successfully.", "x": "[ 5.22261169 -1.41868967  3.02648475  3.93104452  1.0032925   2.02639707]", "nit": "19"}, "18": {"maxiter": 1000, "gtol": 1e-05, "xrtol": 1e-10, "eps": 1e-05, "duration": 0.027371883392333984, "fun": "0.11859240230719437", "jac": "[ 3.55497853e-06 -3.34732242e-07  1.62583280e-06 -4.68798333e-06\n -9.06759112e-06 -1.47374335e-06]", "hess_inv": "[[ 2.87210779 -2.06128126  0.82065937 -2.0832622   0.26437932 -0.27900337]\n [-2.06128126 21.15506743 -6.13717007 12.47473169 10.68084198  9.99293808]\n [ 0.82065937 -6.13717007  4.82042492 -2.42218924 -1.63497268 -3.1923655 ]\n [-2.0832622  12.47473169 -2.42218924 14.53876935  8.95327603  8.04572941]\n [ 0.26437932 10.68084198 -1.63497268  8.95327603 11.67147242  8.80552279]\n [-0.27900337  9.99293808 -3.1923655   8.04572941  8.80552279  9.71181096]]", "nfev": "154", "njev": "22", "status": "0", "success": "True", "message": "Optimization terminated successfully.", "x": "[ 5.22261433 -1.4188306   3.0265145   3.93094556  1.00318552  2.02630245]", "nit": "19"}, "19": {"maxiter": 1000, "gtol": 1e-05, "xrtol": 1e-10, "eps": 1e-10, "duration": 0.027326107025146484, "fun": "0.11859240052263331", "jac": "[ 3.33066880e-06  5.55111466e-06  3.33066880e-06 -4.44089173e-06\n -7.77156053e-06 -4.44089173e-06]", "hess_inv": "[[ 2.86903237 -2.05942341  0.81444349 -2.08833017  0.25543476 -0.27974858]\n [-2.05942341 21.16591037 -6.12295906 12.52001088 10.724005   10.01190888]\n [ 0.81444349 -6.12295906  4.8142197  -2.42102151 -1.63740043 -3.1910523 ]\n [-2.08833017 12.52001088 -2.42102151 14.59918157  9.00374484  8.07802977]\n [ 0.25543476 10.724005   -1.63740043  9.00374484 11.70834649  8.83008724]\n [-0.27974858 10.01190888 -3.1910523   8.07802977  8.83008724  9.72584549]]", "nfev": "154", "njev": "22", "status": "0", "success": "True", "message": "Optimization terminated successfully.", "x": "[ 5.22261169 -1.41868967  3.02648475  3.93104452  1.0032925   2.02639707]", "nit": "19"}, "20": {"maxiter": 1000, "gtol": 1e-10, "xrtol": 1e-05, "eps": 1e-05, "duration": 0.02978515625, "fun": "0.11859239944312905", "jac": "[ 1.89470661e-07  1.09523501e-07 -1.74282810e-07  3.59046126e-07\n -5.88085136e-08 -5.66702241e-07]", "hess_inv": "[[ 2.88590497e+00 -2.27923815e+00  8.58445677e-01 -2.28778403e+00\n   1.69868539e-02 -4.91558259e-01]\n [-2.27923815e+00  2.40677480e+01 -6.64417974e+00  1.52376705e+01\n   1.38027292e+01  1.26148793e+01]\n [ 8.58445677e-01 -6.64417974e+00  4.83439914e+00 -3.00119820e+00\n  -2.27578215e+00 -3.63467035e+00]\n [-2.28778403e+00  1.52376705e+01 -3.00119820e+00  1.70278457e+01\n   1.17992492e+01  1.05673471e+01]\n [ 1.69868539e-02  1.38027292e+01 -2.27578215e+00  1.17992492e+01\n   1.48165221e+01  1.15457131e+01]\n [-4.91558259e-01  1.26148793e+01 -3.63467035e+00  1.05673471e+01\n   1.15457131e+01  1.19625204e+01]]", "nfev": "168", "njev": "24", "status": "0", "success": "True", "message": "Optimization terminated successfully.", "x": "[ 5.22259062 -1.41858846  3.0264613   3.93116606  1.00340046  2.02648619]", "nit": "21"}, "21": {"maxiter": 1000, "gtol": 1e-10, "xrtol": 1e-05, "eps": 1e-10, "duration": 0.043987274169921875, "fun": "0.11859239925319609", "jac": "[-2.22044587e-06  1.11022293e-06  2.22044587e-06  0.00000000e+00\n  0.00000000e+00  0.00000000e+00]", "hess_inv": "[[ 2.89974235 -2.99614276  1.01527858 -2.67486312 -0.39138194 -0.79670077]\n [-2.99614276 28.47142085 -9.32308463 18.15180977 15.30016479 14.71649564]\n [ 1.01527858 -9.32308463  5.55626497 -4.93644035 -4.17951676 -5.27366003]\n [-2.67486312 18.15180977 -4.93644035 17.48964458 11.21314675 10.46273993]\n [-0.39138194 15.30016479 -4.17951676 11.21314675 12.93446271 10.54803066]\n [-0.79670077 14.71649564 -5.27366003 10.46273993 10.54803066 11.50836314]]", "nfev": "252", "njev": "36", "status": "0", "success": "True", "message": "Optimization terminated successfully.", "x": "[ 5.22259737 -1.41850469  3.02644872  3.93124975  1.00350159  2.0265751 ]", "nit": "22"}, "22": {"maxiter": 1000, "gtol": 1e-10, "xrtol": 1e-10, "eps": 1e-05, "duration": 0.055815935134887695, "fun": "0.11859239943313604", "jac": "[ 2.34035014e-08  1.21791466e-08 -3.63931107e-08  3.45057316e-08\n -1.63313807e-08 -2.26374475e-08]", "hess_inv": "[[ 2.90067299 -2.21753342  0.84756243 -2.27123009  0.21050121 -0.26811138]\n [-2.21753342 22.88426885 -6.24378683 14.39726326 12.64361169 11.33467968]\n [ 0.84756243 -6.24378683  4.69820716 -2.73323695 -1.82472204 -3.12622056]\n [-2.27123009 14.39726326 -2.73323695 16.47215217 10.77149778  9.41844813]\n [ 0.21050121 12.64361169 -1.82472204 10.77149778 14.63002402 11.42329462]\n [-0.26811138 11.33467968 -3.12622056  9.41844813 11.42329462 11.9210768 ]]", "nfev": "320", "njev": "44", "status": "2", "success": "False", "message": "Desired error not necessarily achieved due to precision loss.", "x": "[ 5.22259107 -1.41858915  3.02646152  3.9311649   1.00340228  2.02648861]", "nit": "22"}, "23": {"maxiter": 1000, "gtol": 1e-10, "xrtol": 1e-10, "eps": 1e-10, "duration": 0.04359126091003418, "fun": "0.11859239925319609", "jac": "[-2.22044587e-06  1.11022293e-06  2.22044587e-06  0.00000000e+00\n  0.00000000e+00  0.00000000e+00]", "hess_inv": "[[ 2.89974235 -2.99614276  1.01527858 -2.67486312 -0.39138194 -0.79670077]\n [-2.99614276 28.47142085 -9.32308463 18.15180977 15.30016479 14.71649564]\n [ 1.01527858 -9.32308463  5.55626497 -4.93644035 -4.17951676 -5.27366003]\n [-2.67486312 18.15180977 -4.93644035 17.48964458 11.21314675 10.46273993]\n [-0.39138194 15.30016479 -4.17951676 11.21314675 12.93446271 10.54803066]\n [-0.79670077 14.71649564 -5.27366003 10.46273993 10.54803066 11.50836314]]", "nfev": "252", "njev": "36", "status": "0", "success": "True", "message": "Optimization terminated successfully.", "x": "[ 5.22259737 -1.41850469  3.02644872  3.93124975  1.00350159  2.0265751 ]", "nit": "22"}}, "cobyla": {"0": {"maxiter": 100, "tol": 1e-05, "catol": 1e-05, "duration": 0.016824007034301758, "x": "[ 5.1781375  -1.06890207  2.94475385  4.18315573  1.17861119  2.17706794]", "status": "2", "success": "False", "message": "Maximum number of function evaluations has been exceeded.", "nfev": "100", "fun": "0.12114379462977909", "maxcv": "0.0"}, "1": {"maxiter": 100, "tol": 1e-05, "catol": 1e-10, "duration": 0.01664900779724121, "x": "[ 5.1781375  -1.06890207  2.94475385  4.18315573  1.17861119  2.17706794]", "status": "2", "success": "False", "message": "Maximum number of function evaluations has been exceeded.", "nfev": "100", "fun": "0.12114379462977909", "maxcv": "0.0"}, "2": {"maxiter": 100, "tol": 1e-10, "catol": 1e-05, "duration": 0.01668715476989746, "x": "[ 5.1781375  -1.06890207  2.94475385  4.18315573  1.17861119  2.17706794]", "status": "2", "success": "False", "message": "Maximum number of function evaluations has been exceeded.", "nfev": "100", "fun": "0.12114379462977909", "maxcv": "0.0"}, "3": {"maxiter": 100, "tol": 1e-10, "catol": 1e-10, "duration": 0.016642093658447266, "x": "[ 5.1781375  -1.06890207  2.94475385  4.18315573  1.17861119  2.17706794]", "status": "2", "success": "False", "message": "Maximum number of function evaluations has been exceeded.", "nfev": "100", "fun": "0.12114379462977909", "maxcv": "0.0"}, "4": {"maxiter": 500, "tol": 1e-05, "catol": 1e-05, "duration": 0.08296799659729004, "x": "[ 5.22225309 -1.41430234  3.02543319  3.93472076  1.00640442  2.02927827]", "status": "2", "success": "False", "message": "Maximum number of function evaluations has been exceeded.", "nfev": "500", "fun": "0.11859281992129311", "maxcv": "0.0"}, "5": {"maxiter": 500, "tol": 1e-05, "catol": 1e-10, "duration": 0.08287310600280762, "x": "[ 5.22225309 -1.41430234  3.02543319  3.93472076  1.00640442  2.02927827]", "status": "2", "success": "False", "message": "Maximum number of function evaluations has been exceeded.", "nfev": "500", "fun": "0.11859281992129311", "maxcv": "0.0"}, "6": {"maxiter": 500, "tol": 1e-10, "catol": 1e-05, "duration": 0.08152294158935547, "x": "[ 5.22225309 -1.41430234  3.02543319  3.93472076  1.00640442  2.02927827]", "status": "2", "success": "False", "message": "Maximum number of function evaluations has been exceeded.", "nfev": "500", "fun": "0.11859281992129311", "maxcv": "0.0"}, "7": {"maxiter": 500, "tol": 1e-10, "catol": 1e-10, "duration": 0.08126425743103027, "x": "[ 5.22225309 -1.41430234  3.02543319  3.93472076  1.00640442  2.02927827]", "status": "2", "success": "False", "message": "Maximum number of function evaluations has been exceeded.", "nfev": "500", "fun": "0.11859281992129311", "maxcv": "0.0"}, "8": {"maxiter": 1000, "tol": 1e-05, "catol": 1e-05, "duration": 0.1306781768798828, "x": "[ 5.22258292 -1.4183105   3.02640557  3.93139856  1.00363224  2.02669506]", "status": "1", "success": "