{"date": "2024/07/18/, 19:58:33", "conf_id": 48, "data_type": "random\n", "num_data_points": 3, "s_rank": 0, "unitary": "[[-0.53618537-0.34368723j,-0.12107031-0.46226139j,-0.07699282-0.46603512j,0.36022595-0.11472301j],[0.26026499-0.63450712j,-0.56616638+0.37832564j,-0.14988651+0.08458591j,0.10363514-0.16008501j],[-0.32580188-0.11070003j,-0.36476308-0.23593218j,0.02559343+0.41761608j,-0.25598305+0.6725303j],[0.07406738-0.0126433j,0.28513701+0.19483972j,-0.74939717-0.10299659j,0.29798249+0.46269921j]]", "databatch_0": {"databatch": "[[[0.01801136+0.34567743j,-0.24736352-0.14937433j,0.09104045-0.1759697j,0.07941427-0.13819675j],[0.01104961-0.28559415j,0.23585156+0.13487722j,-0.087723+0.16379844j,-0.06810052+0.14048975j],[0.17236405-0.01842384j,-0.1358281+0.04241744j,-0.03540114-0.07348749j,-0.01043729-0.09271637j],[0.22006114+0.40108237j,-0.35178201-0.12166696j,0.05507345-0.238364j,0.08225531-0.19364492j]],[[-0.18104255-0.41650703j,-0.01147223-0.04414004j,0.22489295+0.0552577j,-0.19551434+0.17810688j],[0.08954488+0.45329209j,-0.09064895-0.01497522j,-0.03640839+0.16824782j,-0.3457754-0.11946632j],[0.09077424+0.03884409j,0.01365233+0.05306823j,-0.00189573-0.10895993j,0.17001802+0.13108572j],[-0.18458441-0.05725257j,-0.05688556-0.07221205j,0.11114975+0.15896719j,-0.35616883-0.04111384j]],[[0.04090087-0.01351231j,-0.031289-0.27140791j,0.05166314-0.04332229j,0.01698001+0.39127481j],[-0.1113799+0.35351009j,-0.11140226+0.04470326j,-0.24419599-0.34084019j,0.012589+0.02232437j],[0.08460947+0.17072776j,0.02288056+0.10511744j,-0.21241914-0.0121535j,-0.04666151-0.0716788j],[-0.08594096-0.24361206j,-0.15303482+0.17002288j,0.1557838+0.09888566j,0.29447226-0.31151745j]]]", "initial param values": "[3.33635453,1.03263198,2.97354952,2.89783604,2.33169238,4.0695359]", "nelder_mead": {"type": "gradient-free", "0": {"maxiter": 100, "fatol": 1e-05, "xatol": 1e-05, "duration": 0.02698802947998047, "fun": "0.387227265191869", "nit": "100", "nfev": "159", "status": "2", "success": "False", "message": "Maximum number of iterations has been exceeded.", "x": "[ 4.18131054  0.17404467 -0.02348443  4.77335913  2.49739307  2.46174534]", "final_simplex": "(array([[ 4.18131054,  0.17404467, -0.02348443,  4.77335913,  2.49739307,\n         2.46174534],\n       [ 4.48284305,  0.46607245,  0.32730579,  4.59891841,  2.48120876,\n         2.39590345],\n       [ 4.3882365 ,  0.44969715,  0.12848246,  4.76596427,  2.55699732,\n         2.32816298],\n       [ 4.370435  ,  0.32680321,  0.0691575 ,  4.70605821,  2.39473925,\n         2.49567354],\n       [ 4.26123025,  0.54399055,  0.25427677,  4.63448381,  2.56776084,\n         2.50881652],\n       [ 4.33931315,  0.47280064,  0.07123513,  4.74389273,  2.52258329,\n         2.50385479],\n       [ 4.4567321 ,  0.61056713,  0.20539912,  4.73405665,  2.60185666,\n         2.26254973]]), array([0.38722727, 0.39261786, 0.39384023, 0.39510401, 0.40252286,\n       0.4030316 , 0.40839495]))"}, "1": {"maxiter": 100, "fatol": 1e-05, "xatol": 1e-10, "duration": 0.027013778686523438, "fun": "0.387227265191869", "nit": "100", "nfev": "159", "status": "2", "success": "False", "message": "Maximum number of iterations has been exceeded.", "x": "[ 4.18131054  0.17404467 -0.02348443  4.77335913  2.49739307  2.46174534]", "final_simplex": "(array([[ 4.18131054,  0.17404467, -0.02348443,  4.77335913,  2.49739307,\n         2.46174534],\n       [ 4.48284305,  0.46607245,  0.32730579,  4.59891841,  2.48120876,\n         2.39590345],\n       [ 4.3882365 ,  0.44969715,  0.12848246,  4.76596427,  2.55699732,\n         2.32816298],\n       [ 4.370435  ,  0.32680321,  0.0691575 ,  4.70605821,  2.39473925,\n         2.49567354],\n       [ 4.26123025,  0.54399055,  0.25427677,  4.63448381,  2.56776084,\n         2.50881652],\n       [ 4.33931315,  0.47280064,  0.07123513,  4.74389273,  2.52258329,\n         2.50385479],\n       [ 4.4567321 ,  0.61056713,  0.20539912,  4.73405665,  2.60185666,\n         2.26254973]]), array([0.38722727, 0.39261786, 0.39384023, 0.39510401, 0.40252286,\n       0.4030316 , 0.40839495]))"}, "2": {"maxiter": 100, "fatol": 1e-10, "xatol": 1e-05, "duration": 0.02693796157836914, "fun": "0.387227265191869", "nit": "100", "nfev": "159", "status": "2", "success": "False", "message": "Maximum number of iterations has been exceeded.", "x": "[ 4.18131054  0.17404467 -0.02348443  4.77335913  2.49739307  2.46174534]", "final_simplex": "(array([[ 4.18131054,  0.17404467, -0.02348443,  4.77335913,  2.49739307,\n         2.46174534],\n       [ 4.48284305,  0.46607245,  0.32730579,  4.59891841,  2.48120876,\n         2.39590345],\n       [ 4.3882365 ,  0.44969715,  0.12848246,  4.76596427,  2.55699732,\n         2.32816298],\n       [ 4.370435  ,  0.32680321,  0.0691575 ,  4.70605821,  2.39473925,\n         2.49567354],\n       [ 4.26123025,  0.54399055,  0.25427677,  4.63448381,  2.56776084,\n         2.50881652],\n       [ 4.33931315,  0.47280064,  0.07123513,  4.74389273,  2.52258329,\n         2.50385479],\n       [ 4.4567321 ,  0.61056713,  0.20539912,  4.73405665,  2.60185666,\n         2.26254973]]), array([0.38722727, 0.39261786, 0.39384023, 0.39510401, 0.40252286,\n       0.4030316 , 0.40839495]))"}, "3": {"maxiter": 100, "fatol": 1e-10, "xatol": 1e-10, "duration": 0.026868820190429688, "fun": "0.387227265191869", "nit": "100", "nfev": "159", "status": "2", "success": "False", "message": "Maximum number of iterations has been exceeded.", "x": "[ 4.18131054  0.17404467 -0.02348443  4.77335913  2.49739307  2.46174534]", "final_simplex": "(array([[ 4.18131054,  0.17404467, -0.02348443,  4.77335913,  2.49739307,\n         2.46174534],\n       [ 4.48284305,  0.46607245,  0.32730579,  4.59891841,  2.48120876,\n         2.39590345],\n       [ 4.3882365 ,  0.44969715,  0.12848246,  4.76596427,  2.55699732,\n         2.32816298],\n       [ 4.370435  ,  0.32680321,  0.0691575 ,  4.70605821,  2.39473925,\n         2.49567354],\n       [ 4.26123025,  0.54399055,  0.25427677,  4.63448381,  2.56776084,\n         2.50881652],\n       [ 4.33931315,  0.47280064,  0.07123513,  4.74389273,  2.52258329,\n         2.50385479],\n       [ 4.4567321 ,  0.61056713,  0.20539912,  4.73405665,  2.60185666,\n         2.26254973]]), array([0.38722727, 0.39261786, 0.39384023, 0.39510401, 0.40252286,\n       0.4030316 , 0.40839495]))"}, "4": {"maxiter": 500, "fatol": 1e-05, "xatol": 1e-05, "duration": 0.09570503234863281, "fun": "0.328748006693492", "nit": "352", "nfev": "562", "status": "0", "success": "True", "message": "Optimization terminated successfully.", "x": "[ 4.31141869 -0.17317879  0.36673508  5.13833614  2.18596007  2.59027672]", "final_simplex": "(array([[ 4.31141869, -0.17317879,  0.36673508,  5.13833614,  2.18596007,\n         2.59027672],\n       [ 4.31142051, -0.17318049,  0.36673594,  5.13833627,  2.18595643,\n         2.59028113],\n       [ 4.3114188 , -0.1731818 ,  0.36673439,  5.13833995,  2.18595962,\n         2.59027896],\n       [ 4.31141526, -0.17318032,  0.36673527,  5.13834037,  2.18595738,\n         2.59027314],\n       [ 4.31142285, -0.17318153,  0.36673406,  5.13833876,  2.18595591,\n         2.59028061],\n       [ 4.31142078, -0.17317645,  0.36674192,  5.13833748,  2.18595896,\n         2.59027074],\n       [ 4.31142064, -0.17317759,  0.36673704,  5.13833954,  2.18595451,\n         2.59027891]]), array([0.32874801, 0.32874801, 0.32874801, 0.32874801, 0.32874801,\n       0.32874801, 0.32874801]))"}, "5": {"maxiter": 500, "fatol": 1e-05, "xatol": 1e-10, "duration": 0.14086413383483887, "fun": "0.3287480066864005", "nit": "479", "nfev": "824", "status": "0", "success": "True", "message": "Optimization terminated successfully.", "x": "[ 4.31141804 -0.17318518  0.36673713  5.13833715  2.18595396  2.59027659]", "final_simplex": "(array([[ 4.31141804, -0.17318518,  0.36673713,  5.13833715,  2.18595396,\n         2.59027659],\n       [ 4.31141804, -0.17318518,  0.36673713,  5.13833715,  2.18595396,\n         2.59027659],\n       [ 4.31141804, -0.17318518,  0.36673713,  5.13833715,  2.18595396,\n         2.59027659],\n       [ 4.31141804, -0.17318518,  0.36673713,  5.13833715,  2.18595396,\n         2.59027659],\n       [ 4.31141804, -0.17318518,  0.36673713,  5.13833715,  2.18595396,\n         2.59027659],\n       [ 4.31141804, -0.17318518,  0.36673713,  5.13833715,  2.18595396,\n         2.59027659],\n       [ 4.31141804, -0.17318518,  0.36673713,  5.13833715,  2.18595396,\n         2.59027659]]), array([0.32874801, 0.32874801, 0.32874801, 0.32874801, 0.32874801,\n       0.32874801, 0.32874801]))"}, "6": {"maxiter": 500, "fatol": 1e-10, "xatol": 1e-05, "duration": 0.0979757308959961, "fun": "0.328748006693492", "nit": "352", "nfev": "562", "status": "0", "success": "True", "message": "Optimization terminated successfully.", "x": "[ 4.31141869 -0.17317879  0.36673508  5.13833614  2.18596007  2.59027672]", "final_simplex": "(array([[ 4.31141869, -0.17317879,  0.36673508,  5.13833614,  2.18596007,\n         2.59027672],\n       [ 4.31142051, -0.17318049,  0.36673594,  5.13833627,  2.18595643,\n         2.59028113],\n       [ 4.3114188 , -0.1731818 ,  0.36673439,  5.13833995,  2.18595962,\n         2.59027896],\n       [ 4.31141526, -0.17318032,  0.36673527,  5.13834037,  2.18595738,\n         2.59027314],\n       [ 4.31142285, -0.17318153,  0.36673406,  5.13833876,  2.18595591,\n         2.59028061],\n       [ 4.31142078, -0.17317645,  0.36674192,  5.13833748,  2.18595896,\n         2.59027074],\n       [ 4.31142064, -0.17317759,  0.36673704,  5.13833954,  2.18595451,\n         2.59027891]]), array([0.32874801, 0.32874801, 0.32874801, 0.32874801, 0.32874801,\n       0.32874801, 0.32874801]))"}, "7": {"maxiter": 500, "fatol": 1e-10, "xatol": 1e-10, "duration": 0.13820695877075195, "fun": "0.3287480066864005", "nit": "479", "nfev": "824", "status": "0", "success": "True", "message": "Optimization terminated successfully.", "x": "[ 4.31141804 -0.17318518  0.36673713  5.13833715  2.18595396  2.59027659]", "final_simplex": "(array([[ 4.31141804, -0.17318518,  0.36673713,  5.13833715,  2.18595396,\n         2.59027659],\n       [ 4.31141804, -0.17318518,  0.36673713,  5.13833715,  2.18595396,\n         2.59027659],\n       [ 4.31141804, -0.17318518,  0.36673713,  5.13833715,  2.18595396,\n         2.59027659],\n       [ 4.31141804, -0.17318518,  0.36673713,  5.13833715,  2.18595396,\n         2.59027659],\n       [ 4.31141804, -0.17318518,  0.36673713,  5.13833715,  2.18595396,\n         2.59027659],\n       [ 4.31141804, -0.17318518,  0.36673713,  5.13833715,  2.18595396,\n         2.59027659],\n       [ 4.31141804, -0.17318518,  0.36673713,  5.13833715,  2.18595396,\n         2.59027659]]), array([0.32874801, 0.32874801, 0.32874801, 0.32874801, 0.32874801,\n       0.32874801, 0.32874801]))"}, "8": {"maxiter": 1000, "fatol": 1e-05, "xatol": 1e-05, "duration": 0.09655284881591797, "fun": "0.328748006693492", "nit": "352", "nfev": "562", "status": "0", "success": "True", "message": "Optimization terminated successfully.", "x": "[ 4.31141869 -0.17317879  0.36673508  5.13833614  2.18596007  2.59027672]", "final_simplex": "(array([[ 4.31141869, -0.17317879,  0.36673508,  5.13833614,  2.18596007,\n         2.59027672],\n       [ 4.31142051, -0.17318049,  0.36673594,  5.13833627,  2.18595643,\n         2.59028113],\n       [ 4.3114188 , -0.1731818 ,  0.36673439,  5.13833995,  2.18595962,\n         2.59027896],\n       [ 4.31141526, -0.17318032,  0.36673527,  5.13834037,  2.18595738,\n         2.59027314],\n       [ 4.31142285, -0.17318153,  0.36673406,  5.13833876,  2.18595591,\n         2.59028061],\n       [ 4.31142078, -0.17317645,  0.36674192,  5.13833748,  2.18595896,\n         2.59027074],\n       [ 4.31142064, -0.17317759,  0.36673704,  5.13833954,  2.18595451,\n         2.59027891]]), array([0.32874801, 0.32874801, 0.32874801, 0.32874801, 0.32874801,\n       0.32874801, 0.32874801]))"}, "9": {"maxiter": 1000, "fatol": 1e-05, "xatol": 1e-10, "duration": 0.13649201393127441, "fun": "0.3287480066864005", "nit": "479", "nfev": "824", "status": "0", "success": "True", "message": "Optimization terminated successfully.", "x": "[ 4.31141804 -0.17318518  0.36673713  5.13833715  2.18595396  2.59027659]", "final_simplex": "(array([[ 4.31141804, -0.17318518,  0.36673713,  5.13833715,  2.18595396,\n         2.59027659],\n       [ 4.31141804, -0.17318518,  0.36673713,  5.13833715,  2.18595396,\n         2.59027659],\n       [ 4.31141804, -0.17318518,  0.36673713,  5.13833715,  2.18595396,\n         2.59027659],\n       [ 4.31141804, -0.17318518,  0.36673713,  5.13833715,  2.18595396,\n         2.59027659],\n       [ 4.31141804, -0.17318518,  0.36673713,  5.13833715,  2.18595396,\n         2.59027659],\n       [ 4.31141804, -0.17318518,  0.36673713,  5.13833715,  2.18595396,\n         2.59027659],\n       [ 4.31141804, -0.17318518,  0.36673713,  5.13833715,  2.18595396,\n         2.59027659]]), array([0.32874801, 0.32874801, 0.32874801, 0.32874801, 0.32874801,\n       0.32874801, 0.32874801]))"}, "10": {"maxiter": 1000, "fatol": 1e-10, "xatol": 1e-05, "duration": 0.09236288070678711, "fun": "0.328748006693492", "nit": "352", "nfev": "562", "status": "0", "success": "True", "message": "Optimization terminated successfully.", "x": "[ 4.31141869 -0.17317879  0.36673508  5.13833614  2.18596007  2.59027672]", "final_simplex": "(array([[ 4.31141869, -0.17317879,  0.36673508,  5.13833614,  2.18596007,\n         2.59027672],\n       [ 4.31142051, -0.17318049,  0.36673594,  5.13833627,  2.18595643,\n         2.59028113],\n       [ 4.3114188 , -0.1731818 ,  0.36673439,  5.13833995,  2.18595962,\n         2.59027896],\n       [ 4.31141526, -0.17318032,  0.36673527,  5.13834037,  2.18595738,\n         2.59027314],\n       [ 4.31142285, -0.17318153,  0.36673406,  5.13833876,  2.18595591,\n         2.59028061],\n       [ 4.31142078, -0.17317645,  0.36674192,  5.13833748,  2.18595896,\n         2.59027074],\n       [ 4.31142064, -0.17317759,  0.36673704,  5.13833954,  2.18595451,\n         2.59027891]]), array([0.32874801, 0.32874801, 0.32874801, 0.32874801, 0.32874801,\n       0.32874801, 0.32874801]))"}, "11": {"maxiter": 1000, "fatol": 1e-10, "xatol": 1e-10, "duration": 0.13730120658874512, "fun": "0.3287480066864005", "nit": "479", "nfev": "824", "status": "0", "success": "True", "message": "Optimization terminated successfully.", "x": "[ 4.31141804 -0.17318518  0.36673713  5.13833715  2.18595396  2.59027659]", "final_simplex": "(array([[ 4.31141804, -0.17318518,  0.36673713,  5.13833715,  2.18595396,\n         2.59027659],\n       [ 4.31141804, -0.17318518,  0.36673713,  5.13833715,  2.18595396,\n         2.59027659],\n       [ 4.31141804, -0.17318518,  0.36673713,  5.13833715,  2.18595396,\n         2.59027659],\n       [ 4.31141804, -0.17318518,  0.36673713,  5.13833715,  2.18595396,\n         2.59027659],\n       [ 4.31141804, -0.17318518,  0.36673713,  5.13833715,  2.18595396,\n         2.59027659],\n       [ 4.31141804, -0.17318518,  0.36673713,  5.13833715,  2.18595396,\n         2.59027659],\n       [ 4.31141804, -0.17318518,  0.36673713,  5.13833715,  2.18595396,\n         2.59027659]]), array([0.32874801, 0.32874801, 0.32874801, 0.32874801, 0.32874801,\n       0.32874801, 0.32874801]))"}}, "bfgs": {"type": "gradient", "0": {"maxiter": 100, "gtol": 1e-05, "xrtol": 1e-05, "eps": 1e-05, "duration": 0.048380136489868164, "fun": "0.32874800671221094", "jac": "[ 2.80049317e-06  7.35744798e-08  9.11604126e-08 -3.12083692e-07\n  9.77928849e-07 -6.31450448e-07]", "hess_inv": "[[ 3.87521519  0.00959077  0.19461922  0.28759923  0.66223422 -0.43751888]\n [ 0.00959077  5.36470041  2.05913828  1.23554326  1.84949212 -1.7993315 ]\n [ 0.19461922  2.05913828  5.91342066  1.09205654 -1.12367686 -2.15383278]\n [ 0.28759923  1.23554326  1.09205654  3.51156861  0.52343187 -1.01982556]\n [ 0.66223422  1.84949212 -1.12367686  0.52343187  5.81692037 -2.83445363]\n [-0.43751888 -1.7993315  -2.15383278 -1.01982556 -2.83445363  6.63151012]]", "nfev": "280", "njev": "40", "status": "0", "success": "True", "message": "Optimization terminated successfully.", "x": "[ 4.31142123 -0.17319604  0.36672885  1.14483998  5.32754624  5.73186565]", "nit": "36"}, "1": {"maxiter": 100, "gtol": 1e-05, "xrtol": 1e-05, "eps": 1e-10, "duration": 0.04939699172973633, "fun": "0.32874800669834536", "jac": "[ 0.00000000e+00 -2.22044587e-06  1.11022293e-06 -2.22044587e-06\n  1.11022293e-06  1.11022293e-06]", "hess_inv": "[[ 3.27643225 -0.10639701  0.32442611  0.3649817   0.04093505 -0.09025996]\n [-0.10639701  5.55496078  2.06852909  1.334713    1.77720971 -1.84740517]\n [ 0.32442611  2.06852909  6.14934553  1.2764414  -1.14717487 -2.3624123 ]\n [ 0.3649817   1.334713    1.2764414   3.65643012  0.55083025 -1.39311969]\n [ 0.04093505  1.77720971 -1.14717487  0.55083025  5.4979826  -2.69052498]\n [-0.09025996 -1.84740517 -2.3624123  -1.39311969 -2.69052498  7.09783525]]", "nfev": "287", "njev": "41", "status": "0", "success": "True", "message": "Optimization terminated successfully.", "x": "[ 4.31141719 -0.17318671  0.36673579  1.14484136  5.32755232  5.73186893]", "nit": "38"}, "2": {"maxiter": 100, "gtol": 1e-05, "xrtol": 1e-10, "eps": 1e-05, "duration": 0.048124074935913086, "fun": "0.32874800671221094", "jac": "[ 2.80049317e-06  7.35744798e-08  9.11604126e-08 -3.12083692e-07\n  9.77928849e-07 -6.31450448e-07]", "hess_inv": "[[ 3.87521519  0.00959077  0.19461922  0.28759923  0.66223422 -0.43751888]\n [ 0.00959077  5.36470041  2.05913828  1.23554326  1.84949212 -1.7993315 ]\n [ 0.19461922  2.05913828  5.91342066  1.09205654 -1.12367686 -2.15383278]\n [ 0.28759923  1.23554326  1.09205654  3.51156861  0.52343187 -1.01982556]\n [ 0.66223422  1.84949212 -1.12367686  0.52343187  5.81692037 -2.83445363]\n [-0.43751888 -1.7993315  -2.15383278 -1.01982556 -2.83445363  6.63151012]]", "nfev": "280", "njev": "40", "status": "0", "success": "True", "message": "Optimization terminated successfully.", "x": "[ 4.31142123 -0.17319604  0.36672885  1.14483998  5.32754624  5.73186565]", "nit": "36"}, "3": {"maxiter": 100, "gtol": 1e-05, "xrtol": 1e-10, "eps": 1e-10, "duration": 0.049463748931884766, "fun": "0.32874800669834536", "jac": "[ 0.00000000e+00 -2.22044587e-06  1.11022293e-06 -2.22044587e-06\n  1.11022293e-06  1.11022293e-06]", "hess_inv": "[[ 3.27643225 -0.10639701  0.32442611  0.3649817   0.04093505 -0.09025996]\n [-0.10639701  5.55496078  2.06852909  1.334713    1.77720971 -1.84740517]\n [ 0.32442611  2.06852909  6.14934553  1.2764414  -1.14717487 -2.3624123 ]\n [ 0.3649817   1.334713    1.2764414   3.65643012  0.55083025 -1.39311969]\n [ 0.04093505  1.77720971 -1.14717487  0.55083025  5.4979826  -2.69052498]\n [-0.09025996 -1.84740517 -2.3624123  -1.39311969 -2.69052498  7.09783525]]", "nfev": "287", "njev": "41", "status": "0", "success": "True", "message": "Optimization terminated successfully.", "x": "[ 4.31141719 -0.17318671  0.36673579  1.14484136  5.32755232  5.73186893]", "nit": "38"}, "4": {"maxiter": 100, "gtol": 1e-10, "xrtol": 1e-05, "eps": 1e-05, "duration": 0.05047321319580078, "fun": "0.32874800671022875", "jac": "[ 2.00832684e-06  2.25375274e-08  1.06015197e-07 -2.08444373e-07\n  6.83875179e-07 -4.53392879e-07]", "hess_inv": "[[ 3.56537639  0.13613642  0.10549249  0.37307017  0.63044025 -0.60947668]\n [ 0.13613642  5.49405817  2.04518259  1.29821955  2.04472485 -2.06369324]\n [ 0.10549249  2.04518259  5.90178985  1.08949933 -1.183515   -2.1102295 ]\n [ 0.37307017  1.29821955  1.08949933  3.5405907   0.63043676 -1.1527414 ]\n [ 0.63044025  2.04472485 -1.183515    0.63043676  5.99711841 -3.18891993]\n [-0.60947668 -2.06369324 -2.1102295  -1.1527414  -3.18891993  7.15445505]]", "nfev": "294", "njev": "42", "status": "0", "success": "True", "message": "Optimization terminated successfully.", "x": "[ 4.31141871 -0.17319694  0.36672866  1.14483964  5.32754405  5.7318678 ]", "nit": "37"}, "5": {"maxiter": 100, "gtol": 1e-10, "xrtol": 1e-05, "eps": 1e-10, "duration": 0.04939699172973633, "fun": "0.32874800669834536", "jac": "[ 0.00000000e+00 -2.22044587e-06  1.11022293e-06 -2.22044587e-06\n  1.11022293e-06  1.11022293e-06]", "hess_inv": "[[ 3.27643225 -0.10639701  0.32442611  0.3649817   0.04093505 -0.09025996]\n [-0.10639701  5.55496078  2.06852909  1.334713    1.77720971 -1.84740517]\n [ 0.32442611  2.06852909  6.14934553  1.2764414  -1.14717487 -2.3624123 ]\n [ 0.3649817   1.334713    1.2764414   3.65643012  0.55083025 -1.39311969]\n [ 0.04093505  1.77720971 -1.14717487  0.55083025  5.4979826  -2.69052498]\n [-0.09025996 -1.84740517 -2.3624123  -1.39311969 -2.69052498  7.09783525]]", "nfev": "287", "njev": "41", "status": "0", "success": "True", "message": "Optimization terminated successfully.", "x": "[ 4.31141719 -0.17318671  0.36673579  1.14484136  5.32755232  5.73186893]", "nit": "38"}, "6": {"maxiter": 100, "gtol": 1e-10, "xrtol": 1e-10, "eps": 1e-05, "duration": 0.0936131477355957, "fun": "0.32874800671022875", "jac": "[ 2.00832684e-06  2.25375274e-08  1.06015197e-07 -2.08444373e-07\n  6.83875179e-07 -4.53392879e-07]", "hess_inv": "[[ 3.14411502 -0.09313097  0.25400846  0.35715708  0.09816704 -0.24329855]\n [-0.09313097  5.38431311  2.09197176  1.28175649  1.7862382  -1.86541292]\n [ 0.25400846  2.09197176  5.92651314  1.11277851 -1.06651012 -2.23704197]\n [ 0.35715708  1.28175649  1.11277851  3.5440397   0.59413608 -1.13838556]\n [ 0.09816704  1.7862382  -1.06651012  0.59413608  5.38933044 -2.72833887]\n [-0.24329855 -1.86541292 -2.23704197 -1.13838556 -2.72833887  6.83622527]]", "nfev": "550", "njev": "77", "status": "2", "success": "False", "message": "Desired error not necessarily achieved due to precision loss.", "x": "[ 4.31141871 -0.17319694  0.36672866  1.14483964  5.32754405  5.7318678 ]", "nit": "37"}, "7": {"maxiter": 100, "gtol": 1e-10, "xrtol": 1e-10, "eps": 1e-10, "duration": 0.13635683059692383, "fun": "0.3287480066890076", "jac": "[-1.11022293e-06  0.00000000e+00  0.00000000e+00  0.00000000e+00\n  0.00000000e+00  0.00000000e+00]", "hess_inv": "[[ 0.00737254 -0.01522206  0.02619767  0.00576227 -0.02256338  0.00975552]\n [-0.01522206  0.08123525 -0.16063172 -0.0571632   0.10637501 -0.02287839]\n [ 0.02619767 -0.16063172  0.32501102  0.11867873 -0.21101634  0.0391597 ]\n [ 0.00576227 -0.0571632   0.11867873  0.04823656 -0.0738685   0.00881728]\n [-0.02256338  0.10637501 -0.21101634 -0.0738685   0.14556151 -0.03301653]\n [ 0.00975552 -0.02287839  0.0391597   0.00881728 -0.03301653  0.01503267]]", "nfev": "786", "njev": "111", "status": "2", "success": "False", "message": "Desired error not necessarily achieved due to precision loss.", "x": "[ 4.31141948 -0.17318359  0.36673974  1.1448463   5.32754808  5.7318661 ]", "nit": "57"}, "8": {"maxiter": 500, "gtol": 1e-05, "xrtol": 1e-05, "eps": 1e-05, "duration": 0.05055999755859375, "fun": "0.32874800671221094", "jac": "[ 2.80049317e-06  7.35744798e-08  9.11604126e-08 -3.12083692e-07\n  9.77928849e-07 -6.31450448e-07]", "hess_inv": "[[ 3.87521519  0.00959077  0.19461922  0.28759923  0.66223422 -0.43751888]\n [ 0.00959077  5.36470041  2.05913828  1.23554326  1.84949212 -1.7993315 ]\n [ 0.19461922  2.05913828  5.91342066  1.09205654 -1.12367686 -2.15383278]\n [ 0.28759923  1.23554326  1.09205654  3.51156861  0.52343187 -1.01982556]\n [ 0.66223422  1.84949212 -1.12367686  0.52343187  5.81692037 -2.83445363]\n [-0.43751888 -1.7993315  -2.15383278 -1.01982556 -2.83445363  6.63151012]]", "nfev": "280", "njev": "40", "status": "0", "success": "True", "message": "Optimization terminated successfully.", "x": "[ 4.31142123 -0.17319604  0.36672885  1.14483998  5.32754624  5.73186565]", "nit": "36"}, "9": {"maxiter": 500, "gtol": 1e-05, "xrtol": 1e-05, "eps": 1e-10, "duration": 0.05165696144104004, "fun": "0.32874800669834536", "jac": "[ 0.00000000e+00 -2.22044587e-06  1.11022293e-06 -2.22044587e-06\n  1.11022293e-06  1.11022293e-06]", "hess_inv": "[[ 3.27643225 -0.10639701  0.32442611  0.3649817   0.04093505 -0.09025996]\n [-0.10639701  5.55496078  2.06852909  1.334713    1.77720971 -1.84740517]\n [ 0.32442611  2.06852909  6.14934553  1.2764414  -1.14717487 -2.3624123 ]\n [ 0.3649817   1.334713    1.2764414   3.65643012  0.55083025 -1.39311969]\n [ 0.04093505  1.77720971 -1.14717487  0.55083025  5.4979826  -2.69052498]\n [-0.09025996 -1.84740517 -2.3624123  -1.39311969 -2.69052498  7.09783525]]", "nfev": "287", "njev": "41", "status": "0", "success": "True", "message": "Optimization terminated successfully.", "x": "[ 4.31141719 -0.17318671  0.36673579  1.14484136  5.32755232  5.73186893]", "nit": "38"}, "10": {"maxiter": 500, "gtol": 1e-05, "xrtol": 1e-10, "eps": 1e-05, "duration": 0.05029582977294922, "fun": "0.32874800671221094", "jac": "[ 2.80049317e-06  7.35744798e-08  9.11604126e-08 -3.12083692e-07\n  9.77928849e-07 -6.31450448e-07]", "hess_inv": "[[ 3.87521519  0.00959077  0.19461922  0.28759923  0.66223422 -0.43751888]\n [ 0.00959077  5.36470041  2.05913828  1.23554326  1.84949212 -1.7993315 ]\n [ 0.19461922  2.05913828  5.91342066  1.09205654 -1.12367686 -2.15383278]\n [ 0.28759923  1.23554326  1.09205654  3.51156861  0.52343187 -1.01982556]\n [ 0.66223422  1.84949212 -1.12367686  0.52343187  5.81692037 -2.83445363]\n [-0.43751888 -1.7993315  -2.15383278 -1.01982556 -2.83445363  6.63151012]]", "nfev": "280", "njev": "40", "status": "0", "success": "True", "message": "Optimization terminated successfully.", "x": "[ 4.31142123 -0.17319604  0.36672885  1.14483998  5.32754624  5.73186565]", "nit": "36"}, "11": {"maxiter": 500, "gtol": 1e-05, "xrtol": 1e-10, "eps": 1e-10, "duration": 0.051651954650878906, "fun": "0.32874800669834536", "jac": "[ 0.00000000e+00 -2.22044587e-06  1.11022293e-06 -2.22044587e-06\n  1.11022293e-06  1.11022293e-06]", "hess_inv": "[[ 3.27643225 -0.10639701  0.32442611  0.3649817   0.04093505 -0.09025996]\n [-0.10639701  5.55496078  2.06852909  1.334713    1.77720971 -1.84740517]\n [ 0.32442611  2.06852909  6.14934553  1.2764414  -1.14717487 -2.3624123 ]\n [ 0.3649817   1.334713    1.2764414   3.65643012  0.55083025 -1.39311969]\n [ 0.04093505  1.77720971 -1.14717487  0.55083025  5.4979826  -2.69052498]\n [-0.09025996 -1.84740517 -2.3624123  -1.39311969 -2.69052498  7.09783525]]", "nfev": "287", "njev": "41", "status": "0", "success": "True", "message": "Optimization terminated successfully.", "x": "[ 4.31141719 -0.17318671  0.36673579  1.14484136  5.32755232  5.73186893]", "nit": "38"}, "12": {"maxiter": 500, "gtol": 1e-10, "xrtol": 1e-05, "eps": 1e-05, "duration": 0.0532529354095459, "fun": "0.32874800671022875", "jac": "[ 2.00832684e-06  2.25375274e-08  1.06015197e-07 -2.08444373e-07\n  6.83875179e-07 -4.53392879e-07]", "hess_inv": "[[ 3.56537639  0.13613642  0.10549249  0.37307017  0.63044025 -0.60947668]\n [ 0.13613642  5.49405817  2.04518259  1.29821955  2.04472485 -2.06369324]\n [ 0.10549249  2.04518259  5.90178985  1.08949933 -1.183515   -2.1102295 ]\n [ 0.37307017  1.29821955  1.08949933  3.5405907   0.63043676 -1.1527414 ]\n [ 0.63044025  2.04472485 -1.183515    0.63043676  5.99711841 -3.18891993]\n [-0.60947668 -2.06369324 -2.1102295  -1.1527414  -3.18891993  7.15445505]]", "nfev": "294", "njev": "42", "status": "0", "success": "True", "message": "Optimization terminated successfully.", "x": "[ 4.31141871 -0.17319694  0.36672866  1.14483964  5.32754405  5.7318678 ]", "nit": "37"}, "13": {"maxiter": 500, "gtol": 1e-10, "xrtol": 1e-05, "eps": 1e-10, "duration": 0.05162215232849121, "fun": "0.32874800669834536", "jac": "[ 0.00000000e+00 -2.22044587e-06  1.11022293e-06 -2.22044587e-06\n  1.11022293e-06  1.11022293e-06]", "hess_inv": "[[ 3.27643225 -0.10639701  0.32442611  0.3649817   0.04093505 -0.09025996]\n [-0.10639701  5.55496078  2.06852909  1.334713    1.77720971 -1.84740517]\n [ 0.32442611  2.06852909  6.14934553  1.2764414  -1.14717487 -2.3624123 ]\n [ 0.3649817   1.334713    1.2764414   3.65643012  0.55083025 -1.39311969]\n [ 0.04093505  1.77720971 -1.14717487  0.55083025  5.4979826  -2.69052498]\n [-0.09025996 -1.84740517 -2.3624123  -1.39311969 -2.69052498  7.09783525]]", "nfev": "287", "njev": "41", "status": "0", "success": "True", "message": "Optimization terminated successfully.", "x": "[ 4.31141719 -0.17318671  0.36673579  1.14484136  5.32755232  5.73186893]", "nit": "38"}, "14": {"maxiter": 500, "gtol": 1e-10, "xrtol": 1e-10, "eps": 1e-05, "duration": 0.0976560115814209, "fun": "0.32874800671022875", "jac": "[ 2.00832684e-06  2.25375274e-08  1.06015197e-07 -2.08444373e-07\n  6.83875179e-07 -4.53392879e-07]", "hess_inv": "[[ 3.14411502 -0.09313097  0.25400846  0.35715708  0.09816704 -0.24329855]\n [-0.09313097  5.38431311  2.09197176  1.28175649  1.7862382  -1.86541292]\n [ 0.25400846  2.09197176  5.92651314  1.11277851 -1.06651012 -2.23704197]\n [ 0.35715708  1.28175649  1.11277851  3.5440397   0.59413608 -1.13838556]\n [ 0.09816704  1.7862382  -1.06651012  0.59413608  5.38933044 -2.72833887]\n [-0.24329855 -1.86541292 -2.23704197 -1.13838556 -2.72833887  6.83622527]]", "nfev": "550", "njev": "77", "status": "2", "success": "False", "message": "Desired error not necessarily achieved due to precision loss.", "x": "[ 4.31141871 -0.17319694  0.36672866  1.14483964  5.32754405  5.7318678 ]", "nit": "37"}, "15": {"maxiter": 500, "gtol": 1e-10, "xrtol": 1e-10, "eps": 1e-10, "duration": 0.13963794708251953, "fun": "0.3287480066890076", "jac": "[-1.11022293e-06  0.00000000e+00  0.00000000e+00  0.00000000e+00\n  0.00000000e+00  0.00000000e+00]", "hess_inv": "[[ 0.00737254 -0.01522206  0.02619767  0.00576227 -0.02256338  0.00975552]\n [-0.01522206  0.08123525 -0.16063172 -0.0571632   0.10637501 -0.02287839]\n [ 0.02619767 -0.16063172  0.32501102  0.11867873 -0.21101634  0.0391597 ]\n [ 0.00576227 -0.0571632   0.11867873  0.04823656 -0.0738685   0.00881728]\n [-0.02256338  0.10637501 -0.21101634 -0.0738685   0.14556151 -0.03301653]\n [ 0.00975552 -0.02287839  0.0391597   0.00881728 -0.03301653  0.01503267]]", "nfev": "786", "njev": "111", "status": "2", "success": "False", "message": "Desired error not necessarily achieved due to precision loss.", "x": "[ 4.31141948 -0.17318359  0.36673974  1.1448463   5.32754808  5.7318661 ]", "nit": "57"}, "16": {"maxiter": 1000, "gtol": 1e-05, "xrtol": 1e-05, "eps": 1e-05, "duration": 0.05009794235229492, "fun": "0.32874800671221094", "jac": "[ 2.80049317e-06  7.35744798e-08  9.11604126e-08 -3.12083692e-07\n  9.77928849e-07 -6.31450448e-07]", "hess_inv": "[[ 3.87521519  0.00959077  0.19461922  0.28759923  0.66223422 -0.43751888]\n [ 0.00959077  5.36470041  2.05913828  1.23554326  1.84949212 -1.7993315 ]\n [ 0.19461922  2.05913828  5.91342066  1.09205654 -1.12367686 -2.15383278]\n [ 0.28759923  1.23554326  1.09205654  3.51156861  0.52343187 -1.01982556]\n [ 0.66223422  1.84949212 -1.12367686  0.52343187  5.81692037 -2.83445363]\n [-0.43751888 -1.7993315  -2.15383278 -1.01982556 -2.83445363  6.63151012]]", "nfev": "280", "njev": "40", "status": "0", "success": "True", "message": "Optimization terminated successfully.", "x": "[ 4.31142123 -0.17319604  0.36672885  1.14483998  5.32754624  5.73186565]", "nit": "36"}, "17": {"maxiter": 1000, "gtol": 1e-05, "xrtol": 1e-05, "eps": 1e-10, "duration": 0.05150628089904785, "fun": "0.32874800669834536", "jac": "[ 0.00000000e+00 -2.22044587e-06  1.11022293e-06 -2.22044587e-06\n  1.11022293e-06  1.11022293e-06]", "hess_inv": "[[ 3.27643225 -0.10639701  0.32442611  0.3649817   0.04093505 -0.09025996]\n [-0.10639701  5.55496078  2.06852909  1.334713    1.77720971 -1.84740517]\n [ 0.32442611  2.06852909  6.14934553  1.2764414  -1.14717487 -2.3624123 ]\n [ 0.3649817   1.334713    1.2764414   3.65643012  0.55083025 -1.39311969]\n [ 0.04093505  1.77720971 -1.14717487  0.55083025  5.4979826  -2.69052498]\n [-0.09025996 -1.84740517 -2.3624123  -1.39311969 -2.69052498  7.09783525]]", "nfev": "287", "njev": "41", "status": "0", "success": "True", "message": "Optimization terminated successfully.", "x": "[ 4.31141719 -0.17318671  0.36673579  1.14484136  5.32755232  5.73186893]", "nit": "38"}, "18": {"maxiter": 1000, "gtol": 1e-05, "xrtol": 1e-10, "eps": 1e-05, "duration": 0.05005502700805664, "fun": "0.32874800671221094", "jac": "[ 2.80049317e-06  7.35744798e-08  9.11604126e-08 -3.12083692e-07\n  9.77928849e-07 -6.31450448e-07]", "hess_inv": "[[ 3.87521519  0.00959077  0.19461922  0.28759923  0.66223422 -0.43751888]\n [ 0.00959077  5.36470041  2.05913828  1.23554326  1.84949212 -1.7993315 ]\n [ 0.19461922  2.05913828  5.91342066  1.09205654 -1.12367686 -2.15383278]\n [ 0.28759923  1.23554326  1.09205654  3.51156861  0.52343187 -1.01982556]\n [ 0.66223422  1.84949212 -1.12367686  0.52343187  5.81692037 -2.83445363]\n [-0.43751888 -1.7993315  -2.15383278 -1.01982556 -2.83445363  6.63151012]]", "nfev": "280", "njev": "40", "status": "0", "success": "True", "message": "Optimization terminated successfully.", "x": "[ 4.31142123 -0.17319604  0.36672885  1.14483998  5.32754624  5.73186565]", "nit": "36"}, "19": {"maxiter": 1000, "gtol": 1e-05, "xrtol": 1e-10, "eps": 1e-10, "duration": 0.05137825012207031, "fun": "0.32874800669834536", "jac": "[ 0.00000000e+00 -2.22044587e-06  1.11022293e-06 -2.22044587e-06\n  1.11022293e-06  1.11022293e-06]", "hess_inv": "[[ 3.27643225 -0.10639701  0.32442611  0.3649817   0.04093505 -0.09025996]\n [-0.10639701  5.55496078  2.06852909  1.334713    1.77720971 -1.84740517]\n [ 0.32442611  2.06852909  6.14934553  1.2764414  -1.14717487 -2.3624123 ]\n [ 0.3649817   1.334713    1.2764414   3.65643012  0.55083025 -1.39311969]\n [ 0.04093505  1.77720971 -1.14717487  0.55083025  5.4979826  -2.69052498]\n [-0.09025996 -1.84740517 -2.3624123  -1.39311969 -2.69052498  7.09783525]]", "nfev": "287", "njev": "41", "status": "0", "success": "True", "message": "Optimization terminated successfully.", "x": "[ 4.31141719 -0.17318671  0.36673579  1.14484136  5.32755232  5.73186893]", "nit": "38"}, "20": {"maxiter": 1000, "gtol": 1e-10, "xrtol": 1e-05, "eps": 1e-05, "duration": 0.05258917808532715, "fun": "0.32874800671022875", "jac": "[ 2.00832684e-06  2.25375274e-08  1.06015197e-07 -2.08444373e-07\n  6.83875179e-07 -4.53392879e-07]", "hess_inv": "[[ 3.56537639  0.13613642  0.10549249  0.37307017  0.63044025 -0.60947668]\n [ 0.13613642  5.49405817  2.04518259  1.29821955  2.04472485 -2.06369324]\n [ 0.10549249  2.04518259  5.90178985  1.08949933 -1.183515   -2.1102295 ]\n [ 0.37307017  1.29821955  1.08949933  3.5405907   0.63043676 -1.1527414 ]\n [ 0.63044025  2.04472485 -1.183515    0.63043676  5.99711841 -3.18891993]\n [-0.60947668 -2.06369324 -2.1102295  -1.1527414  -3.18891993  7.15445505]]", "nfev": "294", "njev": "42", "status": "0", "success": "True", "message": "Optimization terminated successfully.", "x": "[ 4.31141871 -0.17319694  0.36672866  1.14483964  5.32754405  5.7318678 ]", "nit": "37"}, "21": {"maxiter": 1000, "gtol": 1e-10, "xrtol": 1e-05, "eps": 1e-10, "duration": 0.051406145095825195, "fun": "0.32874800669834536", "jac": "[ 0.00000000e+00 -2.22044587e-06  1.11022293e-06 -2.22044587e-06\n  1.11022293e-06  1.11022293e-06]", "hess_inv": "[[ 3.27643225 -0.10639701  0.32442611  0.3649817   0.04093505 -0.09025996]\n [-0.10639701  5.55496078  2.06852909  1.334713    1.77720971 -1.84740517]\n [ 0.32442611  2.06852909  6.14934553  1.2764414  -1.14717487 -2.3624123 ]\n [ 0.3649817   1.334713    1.2764414   3.65643012  0.55083025 -1.39311969]\n [ 0.04093505  1.77720971 -1.14717487  0.55083025  5.4979826  -2.69052498]\n [-0.09025996 -1.84740517 -2.3624123  -1.39311969 -2.69052498  7.09783525]]", "nfev": "287", "njev": "41", "status": "0", "success": "True", "message": "Optimization terminated successfully.", "x": "[ 4.31141719 -0.17318671  0.36673579  1.14484136  5.32755232  5.73186893]", "nit": "38"}, "22": {"maxiter": 1000, "gtol": 1e-10, "xrtol": 1e-10, "eps": 1e-05, "duration": 0.09756994247436523, "fun": "0.32874800671022875", "jac": "[ 2.00832684e-06  2.25375274e-08  1.06015197e-07 -2.08444373e-07\n  6.83875179e-07 -4.53392879e-07]", "hess_inv": "[[ 3.14411502 -0.09313097  0.25400846  0.35715708  0.09816704 -0.24329855]\n [-0.09313097  5.38431311  2.09197176  1.28175649  1.7862382  -1.86541292]\n [ 0.25400846  2.09197176  5.92651314  1.11277851 -1.06651012 -2.23704197]\n [ 0.35715708  1.28175649  1.11277851  3.5440397   0.59413608 -1.13838556]\n [ 0.09816704  1.7862382  -1.06651012  0.59413608  5.38933044 -2.72833887]\n [-0.24329855 -1.86541292 -2.23704197 -1.13838556 -2.72833887  6.83622527]]", "nfev": "550", "njev": "77", "status": "2", "success": "False", "message": "Desired error not necessarily achieved due to precision loss.", "x": "[ 4.31141871 -0.17319694  0.36672866  1.14483964  5.32754405  5.7318678 ]", "nit": "37"}, "23": {"maxiter": 1000, "gtol": 1e-10, "xrtol": 1e-10, "eps": 1e-10, "duration": 0.13949203491210938, "fun": "0.3287480066890076", "jac": "[-1.11022293e-06  0.00000000e+00  0.00000000e+00  0.00000000e+00\n  0.00000000e+00  0.00000000e+00]", "hess_inv": "[[ 0.00737254 -0.01522206  0.02619767  0.00576227 -0.02256338  0.00975552]\n [-0.01522206  0.08123525 -0.16063172 -0.0571632   0.10637501 -0.02287839]\n [ 0.02619767 -0.16063172  0.32501102  0.11867873 -0.21101634  0.0391597 ]\n [ 0.00576227 -0.0571632   0.11867873  0.04823656 -0.0738685   0.00881728]\n [-0.02256338  0.10637501 -0.21101634 -0.0738685   0.14556151 -0.03301653]\n [ 0.00975552 -0.02287839  0.0391597   0.00881728 -0.03301653  0.01503267]]", "nfev": "786", "njev": "111", "status": "2", "success": "False", "message": "Desired error not necessarily achieved due to precision loss.", "x": "[ 4.31141948 -0.17318359  0.36673974  1.1448463   5.32754808  5.7318661 ]", "nit": "57"}}, "cobyla": {"0": {"maxiter": 100, "tol": 1e-05, "catol": 1e-05, "duration": 0.01714015007019043, "x": "[ 4.31189506 -0.1468532   0.42289349  1.15674161  5.33488651  5.69480276]", "status": "2", "success": "False", "message": "Maximum number of function evaluations has been exceeded.", "nfev": "100", "fun": "0.32904639296306193", "maxcv": "0.0"}, "1": {"maxiter": 100, "tol": 1e-05, "catol": 1e-10, "duration": 0.017040252685546875, "x": "[ 4.31189506 -0.1468532   0.42289349  1.15674161  5.33488651  5.69480276]", "status": "2", "success": "False", "message": "Maximum number of function evaluations has been exceeded.", "nfev": "100", "fun": "0.32904639296306193", "maxcv": "0.0"}, "2": {"maxiter": 100, "tol": 1e-10, "catol": 1e-05, "duration": 0.017138957977294922, "x": "[ 4.31189506 -0.1468532   0.42289349  1.15674161  5.33488651  5.69480276]", "status": "2", "success": "False", "message": "Maximum number of function evaluations has been exceeded.", "nfev": "100", "fun": "0.32904639296306193", "maxcv": "0.0"}, "3": {"maxiter": 100, "tol": 1e-10, "catol": 1e-10, "duration": 0.01709890365600586, "x": "[ 4.31189506 -0.1468532   0.42289349  1.15674161  5.33488651  5.69480276]", "status": "2", "success": "False", "message": "Maximum number of function evaluations has been exceeded.", "nfev": "100", "fun": "0.32904639296306193", "maxcv": "0.0"}, "4": {"maxiter": 500, "tol": 1e-05, "catol": 1e-05, "duration": 0.03792715072631836, "x": "[ 4.31142662 -0.1731759   0.36674317  1.14485345  5.32755185  5.73186728]", "status": "1", "success": "True", "message": "Optimization terminated successfully.", "nfev": "221", "fun": "0.3287480067093993", "maxcv": "0.0"}, "5": {"maxiter": 500, "tol": 1e-05, "catol": 1e-10, "duration": 0.03805279731750488, "x": "[ 4.31142662 -0.1731759   0.36674317  1.14485345  5.32755185  5.73186728]", "status": "1", "success": "True", "message": "Optimization terminated successfully.", "nfev": "221", "fun": "0.3287480067093993", "maxcv": "0.0"}, "6": {"maxiter": 500, "tol": 1e-10, "catol": 1e-05, "duration": 0.05645608901977539, "x": "[ 4.311418   -0.17318519  0.3667371   1.14484813  5.32754661  5.73186925]", "status": "1", "success": "True", "message": "Optimization terminated successfully.", "nfev": "331", "fun": "0.32874800668640125", "maxcv": "0.0"}, "7": {"maxiter": 500, "tol": 1e-10, "catol": 1e-10, "duration": 0.056266069412231445, "x": "[ 4.311418   -0.1731