{"date": "2024/07/19/, 14:28:33", "conf_id": 210, "data_type": "non_lin_ind\n", "num_data_points": 3, "s_rank": 0, "unitary": "[[-0.45070455-0.02711853j,0.78437395-0.06613086j,0.06358678+0.19963393j,-0.07343613+0.35668523j],[-0.01890143-0.03813363j,0.32408202+0.25557629j,0.05872864-0.68979805j,0.55466693-0.20227297j],[-0.11215405+0.64023111j,-0.13344055+0.29565494j,-0.49012687-0.19046288j,-0.04241254+0.44046348j],[0.55771659+0.24656916j,0.31851997-0.05798805j,0.28761525-0.34294258j,-0.56718418+0.03616933j]]", "databatch_0": {"databatch": "[[[-0.12994283+3.59093991e-01j,-0.12409683-3.29875629e-01j,0.10428271+1.50744829e-01j,0.11459406-9.06847614e-02j],[-0.26839677+1.98365595e-01j,0.19643356-1.78418271e-01j,0.04160787+1.34538369e-01j,0.15995907+3.75670925e-02j],[-0.06371351+4.32452043e-02j,-0.05972571-2.55717295e-02j,-0.00379972+1.23052000e-01j,0.14925084-1.71948403e-01j],[0.42974324-9.08847960e-02j,-0.14498263+4.06562945e-02j,0.05546322-2.41082868e-01j,-0.2327645-1.95503214e-01j]],[[-0.08679581-1.43314660e-01j,0.26169247-1.13721525e-02j,0.46520378+1.16212378e-02j,0.05389247-2.91452794e-01j],[0.27371063+9.80051057e-02j,-0.04790692+8.17715280e-02j,-0.01799739+6.05024136e-02j,0.00935404+1.08712680e-01j],[-0.32398824-1.75586545e-01j,0.04938167+4.75943087e-02j,-0.03131137+2.16069032e-01j,0.16860489-1.01520976e-01j],[0.00306065-2.76837930e-01j,0.02336199+1.61865515e-01j,-0.08627236+2.91087349e-01j,0.25606363+3.84774869e-02j]],[[-0.27084896+2.40677900e-01j,-0.19734456-1.06680394e-01j,-0.30757588-1.58075397e-01j,0.27726137-2.40157221e-01j],[-0.19774959-1.32774474e-01j,0.03895669-1.39128715e-01j,-0.00298256-3.18213236e-01j,0.19665524+1.12108954e-01j],[0.09331639+2.40221194e-01j,-0.04080688+1.51420812e-01j,0.30649727+3.42499153e-01j,-0.04989533-8.23265750e-02j],[0.11466048-2.11262469e-02j,0.0526224-1.83940689e-04j,-0.02012532-3.53952139e-02j,-0.06766168-3.33429373e-03j]]]", "initial param values": "[3.82245734,3.39275542,2.09551136,4.05197989,2.76024631,4.34062954]", "nelder_mead": {"type": "gradient-free", "0": {"maxiter": 100, "fatol": 1e-05, "xatol": 1e-05, "duration": 0.026551008224487305, "fun": "0.4181346287473563", "nit": "100", "nfev": "153", "status": "2", "success": "False", "message": "Maximum number of iterations has been exceeded.", "x": "[4.39238372 4.17439616 3.32258473 1.2699199  3.74869316 5.40865769]", "final_simplex": "(array([[4.39238372, 4.17439616, 3.32258473, 1.2699199 , 3.74869316,\n        5.40865769],\n       [4.38741809, 4.26179823, 3.34144935, 1.07821284, 3.91977767,\n        5.62127564],\n       [4.27530134, 4.20883683, 3.46338854, 1.12203165, 4.00721539,\n        5.51492948],\n       [4.39952645, 4.15057248, 3.30662029, 1.31561091, 3.67616055,\n        5.50433021],\n       [4.40144877, 4.34978238, 3.33649782, 1.00555507, 3.76199069,\n        5.35299075],\n       [4.5194238 , 4.26825412, 3.19109579, 0.98078819, 3.83197358,\n        5.74563656],\n       [4.28152347, 4.31361979, 3.16752972, 1.10480704, 3.89566292,\n        5.59936555]]), array([0.41813463, 0.41975849, 0.42272515, 0.42427684, 0.43256195,\n       0.43627568, 0.4382894 ]))"}, "1": {"maxiter": 100, "fatol": 1e-05, "xatol": 1e-10, "duration": 0.027252912521362305, "fun": "0.4181346287473563", "nit": "100", "nfev": "153", "status": "2", "success": "False", "message": "Maximum number of iterations has been exceeded.", "x": "[4.39238372 4.17439616 3.32258473 1.2699199  3.74869316 5.40865769]", "final_simplex": "(array([[4.39238372, 4.17439616, 3.32258473, 1.2699199 , 3.74869316,\n        5.40865769],\n       [4.38741809, 4.26179823, 3.34144935, 1.07821284, 3.91977767,\n        5.62127564],\n       [4.27530134, 4.20883683, 3.46338854, 1.12203165, 4.00721539,\n        5.51492948],\n       [4.39952645, 4.15057248, 3.30662029, 1.31561091, 3.67616055,\n        5.50433021],\n       [4.40144877, 4.34978238, 3.33649782, 1.00555507, 3.76199069,\n        5.35299075],\n       [4.5194238 , 4.26825412, 3.19109579, 0.98078819, 3.83197358,\n        5.74563656],\n       [4.28152347, 4.31361979, 3.16752972, 1.10480704, 3.89566292,\n        5.59936555]]), array([0.41813463, 0.41975849, 0.42272515, 0.42427684, 0.43256195,\n       0.43627568, 0.4382894 ]))"}, "2": {"maxiter": 100, "fatol": 1e-10, "xatol": 1e-05, "duration": 0.026646852493286133, "fun": "0.4181346287473563", "nit": "100", "nfev": "153", "status": "2", "success": "False", "message": "Maximum number of iterations has been exceeded.", "x": "[4.39238372 4.17439616 3.32258473 1.2699199  3.74869316 5.40865769]", "final_simplex": "(array([[4.39238372, 4.17439616, 3.32258473, 1.2699199 , 3.74869316,\n        5.40865769],\n       [4.38741809, 4.26179823, 3.34144935, 1.07821284, 3.91977767,\n        5.62127564],\n       [4.27530134, 4.20883683, 3.46338854, 1.12203165, 4.00721539,\n        5.51492948],\n       [4.39952645, 4.15057248, 3.30662029, 1.31561091, 3.67616055,\n        5.50433021],\n       [4.40144877, 4.34978238, 3.33649782, 1.00555507, 3.76199069,\n        5.35299075],\n       [4.5194238 , 4.26825412, 3.19109579, 0.98078819, 3.83197358,\n        5.74563656],\n       [4.28152347, 4.31361979, 3.16752972, 1.10480704, 3.89566292,\n        5.59936555]]), array([0.41813463, 0.41975849, 0.42272515, 0.42427684, 0.43256195,\n       0.43627568, 0.4382894 ]))"}, "3": {"maxiter": 100, "fatol": 1e-10, "xatol": 1e-10, "duration": 0.026240110397338867, "fun": "0.4181346287473563", "nit": "100", "nfev": "153", "status": "2", "success": "False", "message": "Maximum number of iterations has been exceeded.", "x": "[4.39238372 4.17439616 3.32258473 1.2699199  3.74869316 5.40865769]", "final_simplex": "(array([[4.39238372, 4.17439616, 3.32258473, 1.2699199 , 3.74869316,\n        5.40865769],\n       [4.38741809, 4.26179823, 3.34144935, 1.07821284, 3.91977767,\n        5.62127564],\n       [4.27530134, 4.20883683, 3.46338854, 1.12203165, 4.00721539,\n        5.51492948],\n       [4.39952645, 4.15057248, 3.30662029, 1.31561091, 3.67616055,\n        5.50433021],\n       [4.40144877, 4.34978238, 3.33649782, 1.00555507, 3.76199069,\n        5.35299075],\n       [4.5194238 , 4.26825412, 3.19109579, 0.98078819, 3.83197358,\n        5.74563656],\n       [4.28152347, 4.31361979, 3.16752972, 1.10480704, 3.89566292,\n        5.59936555]]), array([0.41813463, 0.41975849, 0.42272515, 0.42427684, 0.43256195,\n       0.43627568, 0.4382894 ]))"}, "4": {"maxiter": 500, "fatol": 1e-05, "xatol": 1e-05, "duration": 0.11166906356811523, "fun": "0.33328913318054054", "nit": "408", "nfev": "643", "status": "0", "success": "True", "message": "Optimization terminated successfully.", "x": "[4.93054251 4.42514463 3.844005   1.41907867 4.37513126 5.32182513]", "final_simplex": "(array([[4.93054251, 4.42514463, 3.844005  , 1.41907867, 4.37513126,\n        5.32182513],\n       [4.93054291, 4.4251418 , 3.84401269, 1.41907718, 4.37513446,\n        5.32182787],\n       [4.93054049, 4.42514155, 3.84400243, 1.4190826 , 4.37512978,\n        5.32183204],\n       [4.93053602, 4.42513898, 3.84400745, 1.41908221, 4.37513576,\n        5.32182315],\n       [4.93053781, 4.42514342, 3.8440125 , 1.41907632, 4.37513087,\n        5.32182578],\n       [4.93054149, 4.42513867, 3.84400579, 1.41907432, 4.37513049,\n        5.3218261 ],\n       [4.93054904, 4.42513615, 3.84401144, 1.41908129, 4.37513287,\n        5.32182365]]), array([0.33328913, 0.33328913, 0.33328913, 0.33328913, 0.33328913,\n       0.33328913, 0.33328913]))"}, "5": {"maxiter": 500, "fatol": 1e-05, "xatol": 1e-10, "duration": 0.14920592308044434, "fun": "0.3332891331761232", "nit": "500", "nfev": "851", "status": "2", "success": "False", "message": "Maximum number of iterations has been exceeded.", "x": "[4.93054059 4.42514082 3.84400852 1.41908068 4.37513174 5.32182514]", "final_simplex": "(array([[4.93054059, 4.42514082, 3.84400852, 1.41908068, 4.37513174,\n        5.32182514],\n       [4.93054059, 4.42514082, 3.84400852, 1.41908068, 4.37513174,\n        5.32182514],\n       [4.93054059, 4.42514082, 3.84400852, 1.41908068, 4.37513174,\n        5.32182514],\n       [4.93054059, 4.42514082, 3.84400852, 1.41908068, 4.37513174,\n        5.32182514],\n       [4.93054059, 4.42514082, 3.84400852, 1.41908068, 4.37513174,\n        5.32182514],\n       [4.93054059, 4.42514082, 3.84400852, 1.41908068, 4.37513174,\n        5.32182514],\n       [4.93054059, 4.42514082, 3.84400852, 1.41908068, 4.37513174,\n        5.32182514]]), array([0.33328913, 0.33328913, 0.33328913, 0.33328913, 0.33328913,\n       0.33328913, 0.33328913]))"}, "6": {"maxiter": 500, "fatol": 1e-10, "xatol": 1e-05, "duration": 0.11204195022583008, "fun": "0.33328913318054054", "nit": "408", "nfev": "643", "status": "0", "success": "True", "message": "Optimization terminated successfully.", "x": "[4.93054251 4.42514463 3.844005   1.41907867 4.37513126 5.32182513]", "final_simplex": "(array([[4.93054251, 4.42514463, 3.844005  , 1.41907867, 4.37513126,\n        5.32182513],\n       [4.93054291, 4.4251418 , 3.84401269, 1.41907718, 4.37513446,\n        5.32182787],\n       [4.93054049, 4.42514155, 3.84400243, 1.4190826 , 4.37512978,\n        5.32183204],\n       [4.93053602, 4.42513898, 3.84400745, 1.41908221, 4.37513576,\n        5.32182315],\n       [4.93053781, 4.42514342, 3.8440125 , 1.41907632, 4.37513087,\n        5.32182578],\n       [4.93054149, 4.42513867, 3.84400579, 1.41907432, 4.37513049,\n        5.3218261 ],\n       [4.93054904, 4.42513615, 3.84401144, 1.41908129, 4.37513287,\n        5.32182365]]), array([0.33328913, 0.33328913, 0.33328913, 0.33328913, 0.33328913,\n       0.33328913, 0.33328913]))"}, "7": {"maxiter": 500, "fatol": 1e-10, "xatol": 1e-10, "duration": 0.15195107460021973, "fun": "0.3332891331761232", "nit": "500", "nfev": "851", "status": "2", "success": "False", "message": "Maximum number of iterations has been exceeded.", "x": "[4.93054059 4.42514082 3.84400852 1.41908068 4.37513174 5.32182514]", "final_simplex": "(array([[4.93054059, 4.42514082, 3.84400852, 1.41908068, 4.37513174,\n        5.32182514],\n       [4.93054059, 4.42514082, 3.84400852, 1.41908068, 4.37513174,\n        5.32182514],\n       [4.93054059, 4.42514082, 3.84400852, 1.41908068, 4.37513174,\n        5.32182514],\n       [4.93054059, 4.42514082, 3.84400852, 1.41908068, 4.37513174,\n        5.32182514],\n       [4.93054059, 4.42514082, 3.84400852, 1.41908068, 4.37513174,\n        5.32182514],\n       [4.93054059, 4.42514082, 3.84400852, 1.41908068, 4.37513174,\n        5.32182514],\n       [4.93054059, 4.42514082, 3.84400852, 1.41908068, 4.37513174,\n        5.32182514]]), array([0.33328913, 0.33328913, 0.33328913, 0.33328913, 0.33328913,\n       0.33328913, 0.33328913]))"}, "8": {"maxiter": 1000, "fatol": 1e-05, "xatol": 1e-05, "duration": 0.1135869026184082, "fun": "0.33328913318054054", "nit": "408", "nfev": "643", "status": "0", "success": "True", "message": "Optimization terminated successfully.", "x": "[4.93054251 4.42514463 3.844005   1.41907867 4.37513126 5.32182513]", "final_simplex": "(array([[4.93054251, 4.42514463, 3.844005  , 1.41907867, 4.37513126,\n        5.32182513],\n       [4.93054291, 4.4251418 , 3.84401269, 1.41907718, 4.37513446,\n        5.32182787],\n       [4.93054049, 4.42514155, 3.84400243, 1.4190826 , 4.37512978,\n        5.32183204],\n       [4.93053602, 4.42513898, 3.84400745, 1.41908221, 4.37513576,\n        5.32182315],\n       [4.93053781, 4.42514342, 3.8440125 , 1.41907632, 4.37513087,\n        5.32182578],\n       [4.93054149, 4.42513867, 3.84400579, 1.41907432, 4.37513049,\n        5.3218261 ],\n       [4.93054904, 4.42513615, 3.84401144, 1.41908129, 4.37513287,\n        5.32182365]]), array([0.33328913, 0.33328913, 0.33328913, 0.33328913, 0.33328913,\n       0.33328913, 0.33328913]))"}, "9": {"maxiter": 1000, "fatol": 1e-05, "xatol": 1e-10, "duration": 0.14931678771972656, "fun": "0.3332891331761232", "nit": "502", "nfev": "867", "status": "0", "success": "True", "message": "Optimization terminated successfully.", "x": "[4.93054059 4.42514082 3.84400852 1.41908068 4.37513174 5.32182514]", "final_simplex": "(array([[4.93054059, 4.42514082, 3.84400852, 1.41908068, 4.37513174,\n        5.32182514],\n       [4.93054059, 4.42514082, 3.84400852, 1.41908068, 4.37513174,\n        5.32182514],\n       [4.93054059, 4.42514082, 3.84400852, 1.41908068, 4.37513174,\n        5.32182514],\n       [4.93054059, 4.42514082, 3.84400852, 1.41908068, 4.37513174,\n        5.32182514],\n       [4.93054059, 4.42514082, 3.84400852, 1.41908068, 4.37513174,\n        5.32182514],\n       [4.93054059, 4.42514082, 3.84400852, 1.41908068, 4.37513174,\n        5.32182514],\n       [4.93054059, 4.42514082, 3.84400852, 1.41908068, 4.37513174,\n        5.32182514]]), array([0.33328913, 0.33328913, 0.33328913, 0.33328913, 0.33328913,\n       0.33328913, 0.33328913]))"}, "10": {"maxiter": 1000, "fatol": 1e-10, "xatol": 1e-05, "duration": 0.10803079605102539, "fun": "0.33328913318054054", "nit": "408", "nfev": "643", "status": "0", "success": "True", "message": "Optimization terminated successfully.", "x": "[4.93054251 4.42514463 3.844005   1.41907867 4.37513126 5.32182513]", "final_simplex": "(array([[4.93054251, 4.42514463, 3.844005  , 1.41907867, 4.37513126,\n        5.32182513],\n       [4.93054291, 4.4251418 , 3.84401269, 1.41907718, 4.37513446,\n        5.32182787],\n       [4.93054049, 4.42514155, 3.84400243, 1.4190826 , 4.37512978,\n        5.32183204],\n       [4.93053602, 4.42513898, 3.84400745, 1.41908221, 4.37513576,\n        5.32182315],\n       [4.93053781, 4.42514342, 3.8440125 , 1.41907632, 4.37513087,\n        5.32182578],\n       [4.93054149, 4.42513867, 3.84400579, 1.41907432, 4.37513049,\n        5.3218261 ],\n       [4.93054904, 4.42513615, 3.84401144, 1.41908129, 4.37513287,\n        5.32182365]]), array([0.33328913, 0.33328913, 0.33328913, 0.33328913, 0.33328913,\n       0.33328913, 0.33328913]))"}, "11": {"maxiter": 1000, "fatol": 1e-10, "xatol": 1e-10, "duration": 0.14750885963439941, "fun": "0.3332891331761232", "nit": "502", "nfev": "867", "status": "0", "success": "True", "message": "Optimization terminated successfully.", "x": "[4.93054059 4.42514082 3.84400852 1.41908068 4.37513174 5.32182514]", "final_simplex": "(array([[4.93054059, 4.42514082, 3.84400852, 1.41908068, 4.37513174,\n        5.32182514],\n       [4.93054059, 4.42514082, 3.84400852, 1.41908068, 4.37513174,\n        5.32182514],\n       [4.93054059, 4.42514082, 3.84400852, 1.41908068, 4.37513174,\n        5.32182514],\n       [4.93054059, 4.42514082, 3.84400852, 1.41908068, 4.37513174,\n        5.32182514],\n       [4.93054059, 4.42514082, 3.84400852, 1.41908068, 4.37513174,\n        5.32182514],\n       [4.93054059, 4.42514082, 3.84400852, 1.41908068, 4.37513174,\n        5.32182514],\n       [4.93054059, 4.42514082, 3.84400852, 1.41908068, 4.37513174,\n        5.32182514]]), array([0.33328913, 0.33328913, 0.33328913, 0.33328913, 0.33328913,\n       0.33328913, 0.33328913]))"}}, "bfgs": {"type": "gradient", "0": {"maxiter": 100, "gtol": 1e-05, "xrtol": 1e-05, "eps": 1e-05, "duration": 0.05512404441833496, "fun": "0.33328913324002407", "jac": "[ 1.02309272e-06 -2.25942598e-06  7.88447085e-07 -2.02616812e-06\n  1.68931535e-07  1.77472481e-06]", "hess_inv": "[[ 3.61383319 -0.25422297  0.31010091 -0.55532882  0.16196197  0.90649484]\n [-0.25422297  4.52389946 -1.57853353  0.39363385 -0.19914543  1.02222191]\n [ 0.31010091 -1.57853353  6.39503259  1.40435798  3.47267583 -2.85563062]\n [-0.55532882  0.39363385  1.40435798  4.8251342   1.58019199 -1.54305387]\n [ 0.16196197 -0.19914543  3.47267583  1.58019199  6.19434463 -2.46259425]\n [ 0.90649484  1.02222191 -2.85563062 -1.54305387 -2.46259425  5.95906696]]", "nfev": "315", "njev": "45", "status": "0", "success": "True", "message": "Optimization terminated successfully.", "x": "[ 4.93053946  4.42512737 -2.43918471  4.86408788  1.23352535  8.46342169]", "nit": "40"}, "1": {"maxiter": 100, "gtol": 1e-05, "xrtol": 1e-05, "eps": 1e-10, "duration": 0.05487179756164551, "fun": "0.33328913330098864", "jac": "[ 5.55111466e-06 -3.33066880e-06 -1.11022293e-06 -1.11022293e-06\n  3.33066880e-06 -1.11022293e-06]", "hess_inv": "[[ 4.47484106 -0.09621144 -0.49336513 -0.55874104  0.28747832  1.11885084]\n [-0.09621144  4.19212239 -1.42543192  0.01325419 -0.25256717  1.38375269]\n [-0.49336513 -1.42543192  6.97321107  1.57373549  3.43697442 -3.00542037]\n [-0.55874104  0.01325419  1.57373549  4.3783932   1.35998015 -0.95666571]\n [ 0.28747832 -0.25256717  3.43697442  1.35998015  6.04509723 -2.09347313]\n [ 1.11885084  1.38375269 -3.00542037 -0.95666571 -2.09347313  5.48158023]]", "nfev": "315", "njev": "45", "status": "0", "success": "True", "message": "Optimization terminated successfully.", "x": "[ 4.93056501  4.42513988 -2.43916822  4.86410507  1.23356142  8.46341735]", "nit": "39"}, "2": {"maxiter": 100, "gtol": 1e-05, "xrtol": 1e-10, "eps": 1e-05, "duration": 0.05509305000305176, "fun": "0.33328913324002407", "jac": "[ 1.02309272e-06 -2.25942598e-06  7.88447085e-07 -2.02616812e-06\n  1.68931535e-07  1.77472481e-06]", "hess_inv": "[[ 3.61383319 -0.25422297  0.31010091 -0.55532882  0.16196197  0.90649484]\n [-0.25422297  4.52389946 -1.57853353  0.39363385 -0.19914543  1.02222191]\n [ 0.31010091 -1.57853353  6.39503259  1.40435798  3.47267583 -2.85563062]\n [-0.55532882  0.39363385  1.40435798  4.8251342   1.58019199 -1.54305387]\n [ 0.16196197 -0.19914543  3.47267583  1.58019199  6.19434463 -2.46259425]\n [ 0.90649484  1.02222191 -2.85563062 -1.54305387 -2.46259425  5.95906696]]", "nfev": "315", "njev": "45", "status": "0", "success": "True", "message": "Optimization terminated successfully.", "x": "[ 4.93053946  4.42512737 -2.43918471  4.86408788  1.23352535  8.46342169]", "nit": "40"}, "3": {"maxiter": 100, "gtol": 1e-05, "xrtol": 1e-10, "eps": 1e-10, "duration": 0.05483388900756836, "fun": "0.33328913330098864", "jac": "[ 5.55111466e-06 -3.33066880e-06 -1.11022293e-06 -1.11022293e-06\n  3.33066880e-06 -1.11022293e-06]", "hess_inv": "[[ 4.47484106 -0.09621144 -0.49336513 -0.55874104  0.28747832  1.11885084]\n [-0.09621144  4.19212239 -1.42543192  0.01325419 -0.25256717  1.38375269]\n [-0.49336513 -1.42543192  6.97321107  1.57373549  3.43697442 -3.00542037]\n [-0.55874104  0.01325419  1.57373549  4.3783932   1.35998015 -0.95666571]\n [ 0.28747832 -0.25256717  3.43697442  1.35998015  6.04509723 -2.09347313]\n [ 1.11885084  1.38375269 -3.00542037 -0.95666571 -2.09347313  5.48158023]]", "nfev": "315", "njev": "45", "status": "0", "success": "True", "message": "Optimization terminated successfully.", "x": "[ 4.93056501  4.42513988 -2.43916822  4.86410507  1.23356142  8.46341735]", "nit": "39"}, "4": {"maxiter": 100, "gtol": 1e-10, "xrtol": 1e-05, "eps": 1e-05, "duration": 0.05462813377380371, "fun": "0.33328913324002407", "jac": "[ 1.02309272e-06 -2.25942598e-06  7.88447085e-07 -2.02616812e-06\n  1.68931535e-07  1.77472481e-06]", "hess_inv": "[[ 3.61383319 -0.25422297  0.31010091 -0.55532882  0.16196197  0.90649484]\n [-0.25422297  4.52389946 -1.57853353  0.39363385 -0.19914543  1.02222191]\n [ 0.31010091 -1.57853353  6.39503259  1.40435798  3.47267583 -2.85563062]\n [-0.55532882  0.39363385  1.40435798  4.8251342   1.58019199 -1.54305387]\n [ 0.16196197 -0.19914543  3.47267583  1.58019199  6.19434463 -2.46259425]\n [ 0.90649484  1.02222191 -2.85563062 -1.54305387 -2.46259425  5.95906696]]", "nfev": "315", "njev": "45", "status": "0", "success": "True", "message": "Optimization terminated successfully.", "x": "[ 4.93053946  4.42512737 -2.43918471  4.86408788  1.23352535  8.46342169]", "nit": "40"}, "5": {"maxiter": 100, "gtol": 1e-10, "xrtol": 1e-05, "eps": 1e-10, "duration": 0.05583810806274414, "fun": "0.33328913320295017", "jac": "[0.00000000e+00 1.11022293e-06 0.00000000e+00 1.11022293e-06\n 1.11022293e-06 0.00000000e+00]", "hess_inv": "[[ 4.00069531  0.05058985 -0.48314865 -0.5128765   0.11993678  1.50144846]\n [ 0.05058985  4.21996066 -1.5081837   0.01567901 -0.30559859  1.12405352]\n [-0.48314865 -1.5081837   7.05941983  1.55469335  3.5545048  -2.86028286]\n [-0.5128765   0.01567901  1.55469335  4.3777279   1.35239011 -1.02571412]\n [ 0.11993678 -0.30559859  3.5545048   1.35239011  6.13605197 -1.75611137]\n [ 1.50144846  1.12405352 -2.86028286 -1.02571412 -1.75611137  5.44505349]]", "nfev": "322", "njev": "46", "status": "0", "success": "True", "message": "Optimization terminated successfully.", "x": "[ 4.93054313  4.42515426 -2.43917601  4.86410891  1.2335428   8.46342034]", "nit": "40"}, "6": {"maxiter": 100, "gtol": 1e-10, "xrtol": 1e-10, "eps": 1e-05, "duration": 0.09609198570251465, "fun": "0.3332891332053035", "jac": "[ 2.44360088e-07  3.48276963e-07 -1.05071507e-07  2.37521114e-07\n -1.37456713e-07 -5.13078469e-07]", "hess_inv": "[[ 3.57028337e+00 -6.45123857e-02  2.74024006e-01 -3.47142056e-01\n   2.13580385e-01  7.06506905e-01]\n [-6.45123857e-02  4.23425181e+00 -1.63934691e+00 -9.25717662e-04\n  -3.00221145e-01  1.44690279e+00]\n [ 2.74024006e-01 -1.63934691e+00  6.41174896e+00  1.34501201e+00\n   3.45966981e+00 -2.77453797e+00]\n [-3.47142056e-01 -9.25717662e-04  1.34501201e+00  4.30552331e+00\n   1.44842954e+00 -9.76127038e-01]\n [ 2.13580385e-01 -3.00221145e-01  3.45966981e+00  1.44842954e+00\n   6.16101039e+00 -2.31991985e+00]\n [ 7.06506905e-01  1.44690279e+00 -2.77453797e+00 -9.76127038e-01\n  -2.31991985e+00  5.30991139e+00]]", "nfev": "556", "njev": "78", "status": "2", "success": "False", "message": "Desired error not necessarily achieved due to precision loss.", "x": "[ 4.93053424  4.42513637 -2.43918633  4.86409819  1.23352792  8.46341361]", "nit": "42"}, "7": {"maxiter": 100, "gtol": 1e-10, "xrtol": 1e-10, "eps": 1e-10, "duration": 0.10555577278137207, "fun": "0.33328913318329756", "jac": "[2.22044587e-06 3.33066880e-06 0.00000000e+00 2.22044587e-06\n 0.00000000e+00 0.00000000e+00]", "hess_inv": "[[  1.0597936   -2.29319757   4.11738607   3.27126231   2.42525727\n   -1.08654187]\n [ -2.29319757  10.29332372 -19.2733528  -15.10094244  -8.52232484\n    3.82137026]\n [  4.11738607 -19.2733528   37.11228262  28.56966014  15.87246894\n   -5.75200561]\n [  3.27126231 -15.10094244  28.56966014  22.44643042  12.3183338\n   -5.23055172]\n [  2.42525727  -8.52232484  15.87246894  12.3183338    8.03223936\n   -3.64178187]\n [ -1.08654187   3.82137026  -5.75200561  -5.23055172  -3.64178187\n    4.38652053]]", "nfev": "609", "njev": "87", "status": "0", "success": "True", "message": "Optimization terminated successfully.", "x": "[ 4.93053946  4.42514651 -2.43917711  4.86410839  1.23354139  8.46341521]", "nit": "48"}, "8": {"maxiter": 500, "gtol": 1e-05, "xrtol": 1e-05, "eps": 1e-05, "duration": 0.054997920989990234, "fun": "0.33328913324002407", "jac": "[ 1.02309272e-06 -2.25942598e-06  7.88447085e-07 -2.02616812e-06\n  1.68931535e-07  1.77472481e-06]", "hess_inv": "[[ 3.61383319 -0.25422297  0.31010091 -0.55532882  0.16196197  0.90649484]\n [-0.25422297  4.52389946 -1.57853353  0.39363385 -0.19914543  1.02222191]\n [ 0.31010091 -1.57853353  6.39503259  1.40435798  3.47267583 -2.85563062]\n [-0.55532882  0.39363385  1.40435798  4.8251342   1.58019199 -1.54305387]\n [ 0.16196197 -0.19914543  3.47267583  1.58019199  6.19434463 -2.46259425]\n [ 0.90649484  1.02222191 -2.85563062 -1.54305387 -2.46259425  5.95906696]]", "nfev": "315", "njev": "45", "status": "0", "success": "True", "message": "Optimization terminated successfully.", "x": "[ 4.93053946  4.42512737 -2.43918471  4.86408788  1.23352535  8.46342169]", "nit": "40"}, "9": {"maxiter": 500, "gtol": 1e-05, "xrtol": 1e-05, "eps": 1e-10, "duration": 0.055036067962646484, "fun": "0.33328913330098864", "jac": "[ 5.55111466e-06 -3.33066880e-06 -1.11022293e-06 -1.11022293e-06\n  3.33066880e-06 -1.11022293e-06]", "hess_inv": "[[ 4.47484106 -0.09621144 -0.49336513 -0.55874104  0.28747832  1.11885084]\n [-0.09621144  4.19212239 -1.42543192  0.01325419 -0.25256717  1.38375269]\n [-0.49336513 -1.42543192  6.97321107  1.57373549  3.43697442 -3.00542037]\n [-0.55874104  0.01325419  1.57373549  4.3783932   1.35998015 -0.95666571]\n [ 0.28747832 -0.25256717  3.43697442  1.35998015  6.04509723 -2.09347313]\n [ 1.11885084  1.38375269 -3.00542037 -0.95666571 -2.09347313  5.48158023]]", "nfev": "315", "njev": "45", "status": "0", "success": "True", "message": "Optimization terminated successfully.", "x": "[ 4.93056501  4.42513988 -2.43916822  4.86410507  1.23356142  8.46341735]", "nit": "39"}, "10": {"maxiter": 500, "gtol": 1e-05, "xrtol": 1e-10, "eps": 1e-05, "duration": 0.05508017539978027, "fun": "0.33328913324002407", "jac": "[ 1.02309272e-06 -2.25942598e-06  7.88447085e-07 -2.02616812e-06\n  1.68931535e-07  1.77472481e-06]", "hess_inv": "[[ 3.61383319 -0.25422297  0.31010091 -0.55532882  0.16196197  0.90649484]\n [-0.25422297  4.52389946 -1.57853353  0.39363385 -0.19914543  1.02222191]\n [ 0.31010091 -1.57853353  6.39503259  1.40435798  3.47267583 -2.85563062]\n [-0.55532882  0.39363385  1.40435798  4.8251342   1.58019199 -1.54305387]\n [ 0.16196197 -0.19914543  3.47267583  1.58019199  6.19434463 -2.46259425]\n [ 0.90649484  1.02222191 -2.85563062 -1.54305387 -2.46259425  5.95906696]]", "nfev": "315", "njev": "45", "status": "0", "success": "True", "message": "Optimization terminated successfully.", "x": "[ 4.93053946  4.42512737 -2.43918471  4.86408788  1.23352535  8.46342169]", "nit": "40"}, "11": {"maxiter": 500, "gtol": 1e-05, "xrtol": 1e-10, "eps": 1e-10, "duration": 0.055339813232421875, "fun": "0.33328913330098864", "jac": "[ 5.55111466e-06 -3.33066880e-06 -1.11022293e-06 -1.11022293e-06\n  3.33066880e-06 -1.11022293e-06]", "hess_inv": "[[ 4.47484106 -0.09621144 -0.49336513 -0.55874104  0.28747832  1.11885084]\n [-0.09621144  4.19212239 -1.42543192  0.01325419 -0.25256717  1.38375269]\n [-0.49336513 -1.42543192  6.97321107  1.57373549  3.43697442 -3.00542037]\n [-0.55874104  0.01325419  1.57373549  4.3783932   1.35998015 -0.95666571]\n [ 0.28747832 -0.25256717  3.43697442  1.35998015  6.04509723 -2.09347313]\n [ 1.11885084  1.38375269 -3.00542037 -0.95666571 -2.09347313  5.48158023]]", "nfev": "315", "njev": "45", "status": "0", "success": "True", "message": "Optimization terminated successfully.", "x": "[ 4.93056501  4.42513988 -2.43916822  4.86410507  1.23356142  8.46341735]", "nit": "39"}, "12": {"maxiter": 500, "gtol": 1e-10, "xrtol": 1e-05, "eps": 1e-05, "duration": 0.05543804168701172, "fun": "0.33328913324002407", "jac": "[ 1.02309272e-06 -2.25942598e-06  7.88447085e-07 -2.02616812e-06\n  1.68931535e-07  1.77472481e-06]", "hess_inv": "[[ 3.61383319 -0.25422297  0.31010091 -0.55532882  0.16196197  0.90649484]\n [-0.25422297  4.52389946 -1.57853353  0.39363385 -0.19914543  1.02222191]\n [ 0.31010091 -1.57853353  6.39503259  1.40435798  3.47267583 -2.85563062]\n [-0.55532882  0.39363385  1.40435798  4.8251342   1.58019199 -1.54305387]\n [ 0.16196197 -0.19914543  3.47267583  1.58019199  6.19434463 -2.46259425]\n [ 0.90649484  1.02222191 -2.85563062 -1.54305387 -2.46259425  5.95906696]]", "nfev": "315", "njev": "45", "status": "0", "success": "True", "message": "Optimization terminated successfully.", "x": "[ 4.93053946  4.42512737 -2.43918471  4.86408788  1.23352535  8.46342169]", "nit": "40"}, "13": {"maxiter": 500, "gtol": 1e-10, "xrtol": 1e-05, "eps": 1e-10, "duration": 0.056511878967285156, "fun": "0.33328913320295017", "jac": "[0.00000000e+00 1.11022293e-06 0.00000000e+00 1.11022293e-06\n 1.11022293e-06 0.00000000e+00]", "hess_inv": "[[ 4.00069531  0.05058985 -0.48314865 -0.5128765   0.11993678  1.50144846]\n [ 0.05058985  4.21996066 -1.5081837   0.01567901 -0.30559859  1.12405352]\n [-0.48314865 -1.5081837   7.05941983  1.55469335  3.5545048  -2.86028286]\n [-0.5128765   0.01567901  1.55469335  4.3777279   1.35239011 -1.02571412]\n [ 0.11993678 -0.30559859  3.5545048   1.35239011  6.13605197 -1.75611137]\n [ 1.50144846  1.12405352 -2.86028286 -1.02571412 -1.75611137  5.44505349]]", "nfev": "322", "njev": "46", "status": "0", "success": "True", "message": "Optimization terminated successfully.", "x": "[ 4.93054313  4.42515426 -2.43917601  4.86410891  1.2335428   8.46342034]", "nit": "40"}, "14": {"maxiter": 500, "gtol": 1e-10, "xrtol": 1e-10, "eps": 1e-05, "duration": 0.09738707542419434, "fun": "0.3332891332053035", "jac": "[ 2.44360088e-07  3.48276963e-07 -1.05071507e-07  2.37521114e-07\n -1.37456713e-07 -5.13078469e-07]", "hess_inv": "[[ 3.57028337e+00 -6.45123857e-02  2.74024006e-01 -3.47142056e-01\n   2.13580385e-01  7.06506905e-01]\n [-6.45123857e-02  4.23425181e+00 -1.63934691e+00 -9.25717662e-04\n  -3.00221145e-01  1.44690279e+00]\n [ 2.74024006e-01 -1.63934691e+00  6.41174896e+00  1.34501201e+00\n   3.45966981e+00 -2.77453797e+00]\n [-3.47142056e-01 -9.25717662e-04  1.34501201e+00  4.30552331e+00\n   1.44842954e+00 -9.76127038e-01]\n [ 2.13580385e-01 -3.00221145e-01  3.45966981e+00  1.44842954e+00\n   6.16101039e+00 -2.31991985e+00]\n [ 7.06506905e-01  1.44690279e+00 -2.77453797e+00 -9.76127038e-01\n  -2.31991985e+00  5.30991139e+00]]", "nfev": "556", "njev": "78", "status": "2", "success": "False", "message": "Desired error not necessarily achieved due to precision loss.", "x": "[ 4.93053424  4.42513637 -2.43918633  4.86409819  1.23352792  8.46341361]", "nit": "42"}, "15": {"maxiter": 500, "gtol": 1e-10, "xrtol": 1e-10, "eps": 1e-10, "duration": 0.10599708557128906, "fun": "0.33328913318329756", "jac": "[2.22044587e-06 3.33066880e-06 0.00000000e+00 2.22044587e-06\n 0.00000000e+00 0.00000000e+00]", "hess_inv": "[[  1.0597936   -2.29319757   4.11738607   3.27126231   2.42525727\n   -1.08654187]\n [ -2.29319757  10.29332372 -19.2733528  -15.10094244  -8.52232484\n    3.82137026]\n [  4.11738607 -19.2733528   37.11228262  28.56966014  15.87246894\n   -5.75200561]\n [  3.27126231 -15.10094244  28.56966014  22.44643042  12.3183338\n   -5.23055172]\n [  2.42525727  -8.52232484  15.87246894  12.3183338    8.03223936\n   -3.64178187]\n [ -1.08654187   3.82137026  -5.75200561  -5.23055172  -3.64178187\n    4.38652053]]", "nfev": "609", "njev": "87", "status": "0", "success": "True", "message": "Optimization terminated successfully.", "x": "[ 4.93053946  4.42514651 -2.43917711  4.86410839  1.23354139  8.46341521]", "nit": "48"}, "16": {"maxiter": 1000, "gtol": 1e-05, "xrtol": 1e-05, "eps": 1e-05, "duration": 0.05511808395385742, "fun": "0.33328913324002407", "jac": "[ 1.02309272e-06 -2.25942598e-06  7.88447085e-07 -2.02616812e-06\n  1.68931535e-07  1.77472481e-06]", "hess_inv": "[[ 3.61383319 -0.25422297  0.31010091 -0.55532882  0.16196197  0.90649484]\n [-0.25422297  4.52389946 -1.57853353  0.39363385 -0.19914543  1.02222191]\n [ 0.31010091 -1.57853353  6.39503259  1.40435798  3.47267583 -2.85563062]\n [-0.55532882  0.39363385  1.40435798  4.8251342   1.58019199 -1.54305387]\n [ 0.16196197 -0.19914543  3.47267583  1.58019199  6.19434463 -2.46259425]\n [ 0.90649484  1.02222191 -2.85563062 -1.54305387 -2.46259425  5.95906696]]", "nfev": "315", "njev": "45", "status": "0", "success": "True", "message": "Optimization terminated successfully.", "x": "[ 4.93053946  4.42512737 -2.43918471  4.86408788  1.23352535  8.46342169]", "nit": "40"}, "17": {"maxiter": 1000, "gtol": 1e-05, "xrtol": 1e-05, "eps": 1e-10, "duration": 0.05528879165649414, "fun": "0.33328913330098864", "jac": "[ 5.55111466e-06 -3.33066880e-06 -1.11022293e-06 -1.11022293e-06\n  3.33066880e-06 -1.11022293e-06]", "hess_inv": "[[ 4.47484106 -0.09621144 -0.49336513 -0.55874104  0.28747832  1.11885084]\n [-0.09621144  4.19212239 -1.42543192  0.01325419 -0.25256717  1.38375269]\n [-0.49336513 -1.42543192  6.97321107  1.57373549  3.43697442 -3.00542037]\n [-0.55874104  0.01325419  1.57373549  4.3783932   1.35998015 -0.95666571]\n [ 0.28747832 -0.25256717  3.43697442  1.35998015  6.04509723 -2.09347313]\n [ 1.11885084  1.38375269 -3.00542037 -0.95666571 -2.09347313  5.48158023]]", "nfev": "315", "njev": "45", "status": "0", "success": "True", "message": "Optimization terminated successfully.", "x": "[ 4.93056501  4.42513988 -2.43916822  4.86410507  1.23356142  8.46341735]", "nit": "39"}, "18": {"maxiter": 1000, "gtol": 1e-05, "xrtol": 1e-10, "eps": 1e-05, "duration": 0.055663108825683594, "fun": "0.33328913324002407", "jac": "[ 1.02309272e-06 -2.25942598e-06  7.88447085e-07 -2.02616812e-06\n  1.68931535e-07  1.77472481e-06]", "hess_inv": "[[ 3.61383319 -0.25422297  0.31010091 -0.55532882  0.16196197  0.90649484]\n [-0.25422297  4.52389946 -1.57853353  0.39363385 -0.19914543  1.02222191]\n [ 0.31010091 -1.57853353  6.39503259  1.40435798  3.47267583 -2.85563062]\n [-0.55532882  0.39363385  1.40435798  4.8251342   1.58019199 -1.54305387]\n [ 0.16196197 -0.19914543  3.47267583  1.58019199  6.19434463 -2.46259425]\n [ 0.90649484  1.02222191 -2.85563062 -1.54305387 -2.46259425  5.95906696]]", "nfev": "315", "njev": "45", "status": "0", "success": "True", "message": "Optimization terminated successfully.", "x": "[ 4.93053946  4.42512737 -2.43918471  4.86408788  1.23352535  8.46342169]", "nit": "40"}, "19": {"maxiter": 1000, "gtol": 1e-05, "xrtol": 1e-10, "eps": 1e-10, "duration": 0.055365800857543945, "fun": "0.33328913330098864", "jac": "[ 5.55111466e-06 -3.33066880e-06 -1.11022293e-06 -1.11022293e-06\n  3.33066880e-06 -1.11022293e-06]", "hess_inv": "[[ 4.47484106 -0.09621144 -0.49336513 -0.55874104  0.28747832  1.11885084]\n [-0.09621144  4.19212239 -1.42543192  0.01325419 -0.25256717  1.38375269]\n [-0.49336513 -1.42543192  6.97321107  1.57373549  3.43697442 -3.00542037]\n [-0.55874104  0.01325419  1.57373549  4.3783932   1.35998015 -0.95666571]\n [ 0.28747832 -0.25256717  3.43697442  1.35998015  6.04509723 -2.09347313]\n [ 1.11885084  1.38375269 -3.00542037 -0.95666571 -2.09347313  5.48158023]]", "nfev": "315", "njev": "45", "status": "0", "success": "True", "message": "Optimization terminated successfully.", "x": "[ 4.93056501  4.42513988 -2.43916822  4.86410507  1.23356142  8.46341735]", "nit": "39"}, "20": {"maxiter": 1000, "gtol": 1e-10, "xrtol": 1e-05, "eps": 1e-05, "duration": 0.055606842041015625, "fun": "0.33328913324002407", "jac": "[ 1.02309272e-06 -2.25942598e-06  7.88447085e-07 -2.02616812e-06\n  1.68931535e-07  1.77472481e-06]", "hess_inv": "[[ 3.61383319 -0.25422297  0.31010091 -0.55532882  0.16196197  0.90649484]\n [-0.25422297  4.52389946 -1.57853353  0.39363385 -0.19914543  1.02222191]\n [ 0.31010091 -1.57853353  6.39503259  1.40435798  3.47267583 -2.85563062]\n [-0.55532882  0.39363385  1.40435798  4.8251342   1.58019199 -1.54305387]\n [ 0.16196197 -0.19914543  3.47267583  1.58019199  6.19434463 -2.46259425]\n [ 0.90649484  1.02222191 -2.85563062 -1.54305387 -2.46259425  5.95906696]]", "nfev": "315", "njev": "45", "status": "0", "success": "True", "message": "Optimization terminated successfully.", "x": "[ 4.93053946  4.42512737 -2.43918471  4.86408788  1.23352535  8.46342169]", "nit": "40"}, "21": {"maxiter": 1000, "gtol": 1e-10, "xrtol": 1e-05, "eps": 1e-10, "duration": 0.05659794807434082, "fun": "0.33328913320295017", "jac": "[0.00000000e+00 1.11022293e-06 0.00000000e+00 1.11022293e-06\n 1.11022293e-06 0.00000000e+00]", "hess_inv": "[[ 4.00069531  0.05058985 -0.48314865 -0.5128765   0.11993678  1.50144846]\n [ 0.05058985  4.21996066 -1.5081837   0.01567901 -0.30559859  1.12405352]\n [-0.48314865 -1.5081837   7.05941983  1.55469335  3.5545048  -2.86028286]\n [-0.5128765   0.01567901  1.55469335  4.3777279   1.35239011 -1.02571412]\n [ 0.11993678 -0.30559859  3.5545048   1.35239011  6.13605197 -1.75611137]\n [ 1.50144846  1.12405352 -2.86028286 -1.02571412 -1.75611137  5.44505349]]", "nfev": "322", "njev": "46", "status": "0", "success": "True", "message": "Optimization terminated successfully.", "x": "[ 4.93054313  4.42515426 -2.43917601  4.86410891  1.2335428   8.46342034]", "nit": "40"}, "22": {"maxiter": 1000, "gtol": 1e-10, "xrtol": 1e-10, "eps": 1e-05, "duration": 0.09668993949890137, "fun": "0.3332891332053035", "jac": "[ 2.44360088e-07  3.48276963e-07 -1.05071507e-07  2.37521114e-07\n -1.37456713e-07 -5.13078469e-07]", "hess_inv": "[[ 3.57028337e+00 -6.45123857e-02  2.74024006e-01 -3.47142056e-01\n   2.13580385e-01  7.06506905e-01]\n [-6.45123857e-02  4.23425181e+00 -1.63934691e+00 -9.25717662e-04\n  -3.00221145e-01  1.44690279e+00]\n [ 2.74024006e-01 -1.63934691e+00  6.41174896e+00  1.34501201e+00\n   3.45966981e+00 -2.77453797e+00]\n [-3.47142056e-01 -9.25717662e-04  1.34501201e+00  4.30552331e+00\n   1.44842954e+00 -9.76127038e-01]\n [ 2.13580385e-01 -3.00221145e-01  3.45966981e+00  1.44842954e+00\n   6.16101039e+00 -2.31991985e+00]\n [ 7.06506905e-01  1.44690279e+00 -2.77453797e+00 -9.76127038e-01\n  -2.31991985e+00  5.30991139e+00]]", "nfev": "556", "njev": "78", "status": "2", "success": "False", "message": "Desired error not necessarily achieved due to precision loss.", "x": "[ 4.93053424  4.42513637 -2.43918633  4.86409819  1.23352792  8.46341361]", "nit": "42"}, "23": {"maxiter": 1000, "gtol": 1e-10, "xrtol": 1e-10, "eps": 1e-10, "duration": 0.10579037666320801, "fun": "0.33328913318329756", "jac": "[2.22044587e-06 3.33066880e-06 0.00000000e+00 2.22044587e-06\n 0.00000000e+00 0.00000000e+00]", "hess_inv": "[[  1.0597936   -2.29319757   4.11738607   3.27126231   2.42525727\n   -1.08654187]\n [ -2.29319757  10.29332372 -19.2733528  -15.10094244  -8.52232484\n    3.82137026]\n [  4.11738607 -19.2733528   37.11228262  28.56966014  15.87246894\n   -5.75200561]\n [  3.27126231 -15.10094244  28.56966014  22.44643042  12.3183338\n   -5.23055172]\n [  2.42525727  -8.52232484  15.87246894  12.3183338    8.03223936\n   -3.64178187]\n [ -1.08654187   3.82137026  -5.75200561  -5.23055172  -3.64178187\n    4.38652053]]", "nfev": "609", "njev": "87", "status": "0", "success": "True", "message": "Optimization terminated successfully.", "x": "[ 4.93053946  4.42514651 -2.43917711  4.86410839  1.23354139  8.46341521]", "nit": "48"}}, "cobyla": {"0": {"maxiter": 100, "tol": 1e-05, "catol": 1e-05, "duration": 0.01679205894470215, "x": "[4.92700215 4.43241716 3.83778279 1.42107799 4.36861503 5.32860089]", "status": "2", "success": "False", "message": "Maximum number of function evaluations has been exceeded.", "nfev": "100", "fun": "0.3333013248499731", "maxcv": "0.0"}, "1": {"maxiter": 100, "tol": 1e-05, "catol": 1e-10, "duration": 0.0166780948638916, "x": "[4.92700215 4.43241716 3.83778279 1.42107799 4.36861503 5.32860089]", "status": "2", "success": "False", "message": "Maximum number of function evaluations has been exceeded.", "nfev": "100", "fun": "0.3333013248499731", "maxcv": "0.0"}, "2": {"maxiter": 100, "tol": 1e-10, "catol": 1e-05, "duration": 0.01691603660583496, "x": "[4.92700215 4.43241716 3.83778279 1.42107799 4.36861503 5.32860089]", "status": "2", "success": "False", "message": "Maximum number of function evaluations has been exceeded.", "nfev": "100", "fun": "0.3333013248499731", "maxcv": "0.0"}, "3": {"maxiter": 100, "tol": 1e-10, "catol": 1e-10, "duration": 0.016448974609375, "x": "[4.92700215 4.43241716 3.83778279 1.42107799 4.36861503 5.32860089]", "status": "2", "success": "False", "message": "Maximum number of function evaluations has been exceeded.", "nfev": "100", "fun": "0.3333013248499731", "maxcv": "0.0"}, "4": {"maxiter": 500, "tol": 1e-05, "catol": 1e-05, "duration": 0.031011104583740234, "x": "[4.93053811 4.42514178 3.84401474 1.41907981 4.37514131 5.32182347]", "status": "1", "success": "True", "message": "Optimization terminated successfully.", "nfev": "189", "fun": "0.3332891331864264", "maxcv": "0.0"}, "5": {"maxiter": 500, "tol": 1e-05, "catol": 1e-10, "duration": 0.030966997146606445, "x": "[4.93053811 4.42514178 3.84401474 1.41907981 4.37514131 5.32182347]", "status": "1", "success": "True", "message": "Optimization terminated successfully.", "nfev": "189", "fun": "0.3332891331864264", "maxcv": "0.0"}, "6": {"maxiter": 500, "tol": 1e-10, "catol": 1e-05, "duration": 0.048297882080078125, "x": "[4.93054055 4.42514079 3.84400845 1.41908073 4.37513164 5.32182518]", "status": "1", "success": "True", "message": "Optimization terminated successfully.", "nfev": "290",