{"date": "2024/07/19/, 13:48:51", "conf_id": 199, "data_type": "non_lin_ind\n", "num_data_points": 2, "s_rank": 0, "unitary": "[[-0.24866696+0.58742286j,-0.44704345-0.43151574j,-0.35669027-0.20570733j,-0.10517633+0.1626036j],[0.10596805-0.19687975j,-0.30269685-0.15056416j,0.18246286+0.30440582j,-0.83484447-0.11310748j],[0.26054512-0.52548482j,0.0285017-0.50723956j,-0.43110112+0.17165838j,0.15243271+0.39915801j],[0.42978035+0.11991271j,-0.17224126-0.46030424j,0.6827807-0.15164662j,0.26483638+0.0061855j]]", "databatch_0": {"databatch": "[[[-0.20265721-0.25979776j,-0.11925945-0.02274557j,-0.13506666-0.09324489j,-0.06999861+0.42350312j],[0.21381367-0.069101j,-0.00892963+0.2936281j,0.06648933-0.33734279j,0.25177116-0.06756014j],[0.07211601-0.07310117j,0.29469175-0.09934404j,-0.2013007+0.01975712j,0.27437415+0.07570683j],[-0.1577052-0.00422485j,0.09575643+0.03122207j,0.24916855-0.01110337j,0.01215372-0.1263699j]],[[0.12230893-0.30163238j,-0.12008914-0.27090577j,0.26415564+0.1312297j,0.08047235+0.09086419j],[0.09654764+0.06836699j,-0.30049221+0.15053971j,-0.40832513+0.09674088j,0.05483687-0.06084305j],[-0.07190045-0.22033297j,-0.0846368-0.26697087j,-0.01210647+0.13036678j,0.00562788+0.2009247j],[-0.35920005+0.03309589j,0.08413589-0.05247141j,-0.03134697+0.13133723j,-0.00220207+0.21651437j]]]", "initial param values": "[1.62736772,5.57206588,4.99956168,0.76426441,0.40788844,4.65924923]", "nelder_mead": {"type": "gradient-free", "0": {"maxiter": 100, "fatol": 1e-05, "xatol": 1e-05, "duration": 0.027207136154174805, "fun": "0.6837096787416039", "nit": "100", "nfev": "160", "status": "2", "success": "False", "message": "Maximum number of iterations has been exceeded.", "x": "[0.16264625 5.72192893 4.98375783 0.03820587 0.92310679 0.80755273]", "final_simplex": "(array([[0.16264625, 5.72192893, 4.98375783, 0.03820587, 0.92310679,\n        0.80755273],\n       [0.07204328, 5.64231695, 4.85729697, 0.02358415, 0.95687492,\n        0.87547639],\n       [0.11340223, 5.98477045, 4.86755506, 0.04896251, 0.92753063,\n        0.96960991],\n       [0.17353255, 5.66518798, 4.83674401, 0.07016082, 0.93139188,\n        0.96638096],\n       [0.10625908, 5.49067591, 4.99099999, 0.02478557, 0.95593339,\n        0.69554867],\n       [0.01040607, 5.90297999, 4.64799795, 0.03255184, 0.97958445,\n        0.78465119],\n       [0.1239984 , 5.75302573, 4.90653013, 0.08062686, 0.93681991,\n        0.78585808]]), array([0.68370968, 0.68562242, 0.68568874, 0.68691915, 0.68988891,\n       0.69003053, 0.69127252]))"}, "1": {"maxiter": 100, "fatol": 1e-05, "xatol": 1e-10, "duration": 0.027098894119262695, "fun": "0.6837096787416039", "nit": "100", "nfev": "160", "status": "2", "success": "False", "message": "Maximum number of iterations has been exceeded.", "x": "[0.16264625 5.72192893 4.98375783 0.03820587 0.92310679 0.80755273]", "final_simplex": "(array([[0.16264625, 5.72192893, 4.98375783, 0.03820587, 0.92310679,\n        0.80755273],\n       [0.07204328, 5.64231695, 4.85729697, 0.02358415, 0.95687492,\n        0.87547639],\n       [0.11340223, 5.98477045, 4.86755506, 0.04896251, 0.92753063,\n        0.96960991],\n       [0.17353255, 5.66518798, 4.83674401, 0.07016082, 0.93139188,\n        0.96638096],\n       [0.10625908, 5.49067591, 4.99099999, 0.02478557, 0.95593339,\n        0.69554867],\n       [0.01040607, 5.90297999, 4.64799795, 0.03255184, 0.97958445,\n        0.78465119],\n       [0.1239984 , 5.75302573, 4.90653013, 0.08062686, 0.93681991,\n        0.78585808]]), array([0.68370968, 0.68562242, 0.68568874, 0.68691915, 0.68988891,\n       0.69003053, 0.69127252]))"}, "2": {"maxiter": 100, "fatol": 1e-10, "xatol": 1e-05, "duration": 0.027026891708374023, "fun": "0.6837096787416039", "nit": "100", "nfev": "160", "status": "2", "success": "False", "message": "Maximum number of iterations has been exceeded.", "x": "[0.16264625 5.72192893 4.98375783 0.03820587 0.92310679 0.80755273]", "final_simplex": "(array([[0.16264625, 5.72192893, 4.98375783, 0.03820587, 0.92310679,\n        0.80755273],\n       [0.07204328, 5.64231695, 4.85729697, 0.02358415, 0.95687492,\n        0.87547639],\n       [0.11340223, 5.98477045, 4.86755506, 0.04896251, 0.92753063,\n        0.96960991],\n       [0.17353255, 5.66518798, 4.83674401, 0.07016082, 0.93139188,\n        0.96638096],\n       [0.10625908, 5.49067591, 4.99099999, 0.02478557, 0.95593339,\n        0.69554867],\n       [0.01040607, 5.90297999, 4.64799795, 0.03255184, 0.97958445,\n        0.78465119],\n       [0.1239984 , 5.75302573, 4.90653013, 0.08062686, 0.93681991,\n        0.78585808]]), array([0.68370968, 0.68562242, 0.68568874, 0.68691915, 0.68988891,\n       0.69003053, 0.69127252]))"}, "3": {"maxiter": 100, "fatol": 1e-10, "xatol": 1e-10, "duration": 0.02734827995300293, "fun": "0.6837096787416039", "nit": "100", "nfev": "160", "status": "2", "success": "False", "message": "Maximum number of iterations has been exceeded.", "x": "[0.16264625 5.72192893 4.98375783 0.03820587 0.92310679 0.80755273]", "final_simplex": "(array([[0.16264625, 5.72192893, 4.98375783, 0.03820587, 0.92310679,\n        0.80755273],\n       [0.07204328, 5.64231695, 4.85729697, 0.02358415, 0.95687492,\n        0.87547639],\n       [0.11340223, 5.98477045, 4.86755506, 0.04896251, 0.92753063,\n        0.96960991],\n       [0.17353255, 5.66518798, 4.83674401, 0.07016082, 0.93139188,\n        0.96638096],\n       [0.10625908, 5.49067591, 4.99099999, 0.02478557, 0.95593339,\n        0.69554867],\n       [0.01040607, 5.90297999, 4.64799795, 0.03255184, 0.97958445,\n        0.78465119],\n       [0.1239984 , 5.75302573, 4.90653013, 0.08062686, 0.93681991,\n        0.78585808]]), array([0.68370968, 0.68562242, 0.68568874, 0.68691915, 0.68988891,\n       0.69003053, 0.69127252]))"}, "4": {"maxiter": 500, "fatol": 1e-05, "xatol": 1e-05, "duration": 0.1310288906097412, "fun": "0.40768860737527857", "nit": "500", "nfev": "777", "status": "2", "success": "False", "message": "Maximum number of iterations has been exceeded.", "x": "[-0.91529301  3.0454053   7.71273166 -1.57997409  0.22840011  1.97393367]", "final_simplex": "(array([[-0.91529301,  3.0454053 ,  7.71273166, -1.57997409,  0.22840011,\n         1.97393367],\n       [-0.91528107,  3.04541164,  7.71271588, -1.57997504,  0.22839792,\n         1.97392804],\n       [-0.91527876,  3.04540414,  7.71273562, -1.57995689,  0.22839259,\n         1.97393205],\n       [-0.91528939,  3.0453882 ,  7.71273506, -1.57995428,  0.22841389,\n         1.97392247],\n       [-0.91529309,  3.04538215,  7.71273312, -1.57996811,  0.22841503,\n         1.9739424 ],\n       [-0.91528339,  3.04537859,  7.71274521, -1.57996488,  0.22839752,\n         1.97392911],\n       [-0.91529541,  3.04541827,  7.71270478, -1.57998076,  0.22839441,\n         1.9739267 ]]), array([0.40768861, 0.40768861, 0.40768861, 0.40768861, 0.40768861,\n       0.40768861, 0.40768861]))"}, "5": {"maxiter": 500, "fatol": 1e-05, "xatol": 1e-10, "duration": 0.13184690475463867, "fun": "0.40768860737527857", "nit": "500", "nfev": "777", "status": "2", "success": "False", "message": "Maximum number of iterations has been exceeded.", "x": "[-0.91529301  3.0454053   7.71273166 -1.57997409  0.22840011  1.97393367]", "final_simplex": "(array([[-0.91529301,  3.0454053 ,  7.71273166, -1.57997409,  0.22840011,\n         1.97393367],\n       [-0.91528107,  3.04541164,  7.71271588, -1.57997504,  0.22839792,\n         1.97392804],\n       [-0.91527876,  3.04540414,  7.71273562, -1.57995689,  0.22839259,\n         1.97393205],\n       [-0.91528939,  3.0453882 ,  7.71273506, -1.57995428,  0.22841389,\n         1.97392247],\n       [-0.91529309,  3.04538215,  7.71273312, -1.57996811,  0.22841503,\n         1.9739424 ],\n       [-0.91528339,  3.04537859,  7.71274521, -1.57996488,  0.22839752,\n         1.97392911],\n       [-0.91529541,  3.04541827,  7.71270478, -1.57998076,  0.22839441,\n         1.9739267 ]]), array([0.40768861, 0.40768861, 0.40768861, 0.40768861, 0.40768861,\n       0.40768861, 0.40768861]))"}, "6": {"maxiter": 500, "fatol": 1e-10, "xatol": 1e-05, "duration": 0.13182616233825684, "fun": "0.40768860737527857", "nit": "500", "nfev": "777", "status": "2", "success": "False", "message": "Maximum number of iterations has been exceeded.", "x": "[-0.91529301  3.0454053   7.71273166 -1.57997409  0.22840011  1.97393367]", "final_simplex": "(array([[-0.91529301,  3.0454053 ,  7.71273166, -1.57997409,  0.22840011,\n         1.97393367],\n       [-0.91528107,  3.04541164,  7.71271588, -1.57997504,  0.22839792,\n         1.97392804],\n       [-0.91527876,  3.04540414,  7.71273562, -1.57995689,  0.22839259,\n         1.97393205],\n       [-0.91528939,  3.0453882 ,  7.71273506, -1.57995428,  0.22841389,\n         1.97392247],\n       [-0.91529309,  3.04538215,  7.71273312, -1.57996811,  0.22841503,\n         1.9739424 ],\n       [-0.91528339,  3.04537859,  7.71274521, -1.57996488,  0.22839752,\n         1.97392911],\n       [-0.91529541,  3.04541827,  7.71270478, -1.57998076,  0.22839441,\n         1.9739267 ]]), array([0.40768861, 0.40768861, 0.40768861, 0.40768861, 0.40768861,\n       0.40768861, 0.40768861]))"}, "7": {"maxiter": 500, "fatol": 1e-10, "xatol": 1e-10, "duration": 0.13309216499328613, "fun": "0.40768860737527857", "nit": "500", "nfev": "777", "status": "2", "success": "False", "message": "Maximum number of iterations has been exceeded.", "x": "[-0.91529301  3.0454053   7.71273166 -1.57997409  0.22840011  1.97393367]", "final_simplex": "(array([[-0.91529301,  3.0454053 ,  7.71273166, -1.57997409,  0.22840011,\n         1.97393367],\n       [-0.91528107,  3.04541164,  7.71271588, -1.57997504,  0.22839792,\n         1.97392804],\n       [-0.91527876,  3.04540414,  7.71273562, -1.57995689,  0.22839259,\n         1.97393205],\n       [-0.91528939,  3.0453882 ,  7.71273506, -1.57995428,  0.22841389,\n         1.97392247],\n       [-0.91529309,  3.04538215,  7.71273312, -1.57996811,  0.22841503,\n         1.9739424 ],\n       [-0.91528339,  3.04537859,  7.71274521, -1.57996488,  0.22839752,\n         1.97392911],\n       [-0.91529541,  3.04541827,  7.71270478, -1.57998076,  0.22839441,\n         1.9739267 ]]), array([0.40768861, 0.40768861, 0.40768861, 0.40768861, 0.40768861,\n       0.40768861, 0.40768861]))"}, "8": {"maxiter": 1000, "fatol": 1e-05, "xatol": 1e-05, "duration": 0.1361980438232422, "fun": "0.40768860734816315", "nit": "512", "nfev": "798", "status": "0", "success": "True", "message": "Optimization terminated successfully.", "x": "[-0.91529327  3.0453981   7.7127314  -1.57996309  0.22840639  1.97393334]", "final_simplex": "(array([[-0.91529327,  3.0453981 ,  7.7127314 , -1.57996309,  0.22840639,\n         1.97393334],\n       [-0.91528886,  3.04539927,  7.71272521, -1.57996144,  0.22840673,\n         1.97393113],\n       [-0.91528989,  3.04540555,  7.71272336, -1.57996626,  0.22840532,\n         1.973932  ],\n       [-0.91528854,  3.04539765,  7.7127294 , -1.57996178,  0.22840747,\n         1.97392726],\n       [-0.91529033,  3.04540354,  7.71272308, -1.57996836,  0.22840229,\n         1.97393054],\n       [-0.91529031,  3.04539413,  7.71272894, -1.57996759,  0.22840849,\n         1.97393609],\n       [-0.91528404,  3.04540508,  7.71272916, -1.5799635 ,  0.22839806,\n         1.97393165]]), array([0.40768861, 0.40768861, 0.40768861, 0.40768861, 0.40768861,\n       0.40768861, 0.40768861]))"}, "9": {"maxiter": 1000, "fatol": 1e-05, "xatol": 1e-10, "duration": 0.17454314231872559, "fun": "0.40768860734559176", "nit": "612", "nfev": "1020", "status": "0", "success": "True", "message": "Optimization terminated successfully.", "x": "[-0.91528992  3.045401    7.71272741 -1.57996256  0.22840446  1.97393147]", "final_simplex": "(array([[-0.91528992,  3.045401  ,  7.71272741, -1.57996256,  0.22840446,\n         1.97393147],\n       [-0.91528992,  3.045401  ,  7.71272741, -1.57996256,  0.22840446,\n         1.97393147],\n       [-0.91528992,  3.045401  ,  7.71272741, -1.57996256,  0.22840446,\n         1.97393147],\n       [-0.91528992,  3.045401  ,  7.71272741, -1.57996256,  0.22840446,\n         1.97393147],\n       [-0.91528992,  3.045401  ,  7.71272741, -1.57996256,  0.22840446,\n         1.97393147],\n       [-0.91528992,  3.045401  ,  7.71272741, -1.57996256,  0.22840446,\n         1.97393147],\n       [-0.91528992,  3.045401  ,  7.71272741, -1.57996256,  0.22840446,\n         1.97393147]]), array([0.40768861, 0.40768861, 0.40768861, 0.40768861, 0.40768861,\n       0.40768861, 0.40768861]))"}, "10": {"maxiter": 1000, "fatol": 1e-10, "xatol": 1e-05, "duration": 0.13466119766235352, "fun": "0.40768860734816315", "nit": "512", "nfev": "798", "status": "0", "success": "True", "message": "Optimization terminated successfully.", "x": "[-0.91529327  3.0453981   7.7127314  -1.57996309  0.22840639  1.97393334]", "final_simplex": "(array([[-0.91529327,  3.0453981 ,  7.7127314 , -1.57996309,  0.22840639,\n         1.97393334],\n       [-0.91528886,  3.04539927,  7.71272521, -1.57996144,  0.22840673,\n         1.97393113],\n       [-0.91528989,  3.04540555,  7.71272336, -1.57996626,  0.22840532,\n         1.973932  ],\n       [-0.91528854,  3.04539765,  7.7127294 , -1.57996178,  0.22840747,\n         1.97392726],\n       [-0.91529033,  3.04540354,  7.71272308, -1.57996836,  0.22840229,\n         1.97393054],\n       [-0.91529031,  3.04539413,  7.71272894, -1.57996759,  0.22840849,\n         1.97393609],\n       [-0.91528404,  3.04540508,  7.71272916, -1.5799635 ,  0.22839806,\n         1.97393165]]), array([0.40768861, 0.40768861, 0.40768861, 0.40768861, 0.40768861,\n       0.40768861, 0.40768861]))"}, "11": {"maxiter": 1000, "fatol": 1e-10, "xatol": 1e-10, "duration": 0.1725471019744873, "fun": "0.40768860734559176", "nit": "612", "nfev": "1020", "status": "0", "success": "True", "message": "Optimization terminated successfully.", "x": "[-0.91528992  3.045401    7.71272741 -1.57996256  0.22840446  1.97393147]", "final_simplex": "(array([[-0.91528992,  3.045401  ,  7.71272741, -1.57996256,  0.22840446,\n         1.97393147],\n       [-0.91528992,  3.045401  ,  7.71272741, -1.57996256,  0.22840446,\n         1.97393147],\n       [-0.91528992,  3.045401  ,  7.71272741, -1.57996256,  0.22840446,\n         1.97393147],\n       [-0.91528992,  3.045401  ,  7.71272741, -1.57996256,  0.22840446,\n         1.97393147],\n       [-0.91528992,  3.045401  ,  7.71272741, -1.57996256,  0.22840446,\n         1.97393147],\n       [-0.91528992,  3.045401  ,  7.71272741, -1.57996256,  0.22840446,\n         1.97393147],\n       [-0.91528992,  3.045401  ,  7.71272741, -1.57996256,  0.22840446,\n         1.97393147]]), array([0.40768861, 0.40768861, 0.40768861, 0.40768861, 0.40768861,\n       0.40768861, 0.40768861]))"}}, "bfgs": {"type": "gradient", "0": {"maxiter": 100, "gtol": 1e-05, "xrtol": 1e-05, "eps": 1e-05, "duration": 0.034654855728149414, "fun": "0.40768860737031687", "jac": "[-1.04789510e-06  2.48856491e-07 -5.42976775e-07  7.56383844e-07\n -4.31110703e-07  2.54708477e-06]", "hess_inv": "[[ 5.11999933 -1.40761476  0.30073009 -0.33636865  0.58282159  2.52029515]\n [-1.40761476  7.14209609 -3.8477308  -0.92905453 -0.46163133 -2.29237087]\n [ 0.30073009 -3.8477308   6.31779733  1.05974627  0.58998016  1.45792858]\n [-0.33636865 -0.92905453  1.05974627  4.54386555  0.1103925   0.28987126]\n [ 0.58282159 -0.46163133  0.58998016  0.1103925   3.67657268  0.58099641]\n [ 2.52029515 -2.29237087  1.45792858  0.28987126  0.58099641  4.60347101]]", "nfev": "196", "njev": "28", "status": "0", "success": "True", "message": "Optimization terminated successfully.", "x": "[ 0.9152806   6.18699624  4.57112627 -1.57996471  0.22839639  1.97392991]", "nit": "21"}, "1": {"maxiter": 100, "gtol": 1e-05, "xrtol": 1e-05, "eps": 1e-10, "duration": 0.03464984893798828, "fun": "0.4076886074718471", "jac": "[-3.33066880e-06 -2.22044587e-06 -3.33066880e-06 -5.55111466e-06\n -4.44089173e-06  0.00000000e+00]", "hess_inv": "[[ 5.05644989 -1.33106023  0.1409226  -0.50740413  0.53448461  2.39852055]\n [-1.33106023  7.02205223 -3.63475389 -0.74271087 -0.40958909 -2.1574271 ]\n [ 0.1409226  -3.63475389  6.02661773  0.89898094  0.54326531  1.26796162]\n [-0.50740413 -0.74271087  0.89898094  4.5974514   0.10870481  0.17506172]\n [ 0.53448461 -0.40958909  0.54326531  0.10870481  3.68761308  0.53360644]\n [ 2.39852055 -2.1574271   1.26796162  0.17506172  0.53360644  4.46881187]]", "nfev": "196", "njev": "28", "status": "0", "success": "True", "message": "Optimization terminated successfully.", "x": "[ 0.91527667  6.18700283  4.57111054 -1.57998203  0.22839105  1.97392326]", "nit": "21"}, "2": {"maxiter": 100, "gtol": 1e-05, "xrtol": 1e-10, "eps": 1e-05, "duration": 0.03441810607910156, "fun": "0.40768860737031687", "jac": "[-1.04789510e-06  2.48856491e-07 -5.42976775e-07  7.56383844e-07\n -4.31110703e-07  2.54708477e-06]", "hess_inv": "[[ 5.11999933 -1.40761476  0.30073009 -0.33636865  0.58282159  2.52029515]\n [-1.40761476  7.14209609 -3.8477308  -0.92905453 -0.46163133 -2.29237087]\n [ 0.30073009 -3.8477308   6.31779733  1.05974627  0.58998016  1.45792858]\n [-0.33636865 -0.92905453  1.05974627  4.54386555  0.1103925   0.28987126]\n [ 0.58282159 -0.46163133  0.58998016  0.1103925   3.67657268  0.58099641]\n [ 2.52029515 -2.29237087  1.45792858  0.28987126  0.58099641  4.60347101]]", "nfev": "196", "njev": "28", "status": "0", "success": "True", "message": "Optimization terminated successfully.", "x": "[ 0.9152806   6.18699624  4.57112627 -1.57996471  0.22839639  1.97392991]", "nit": "21"}, "3": {"maxiter": 100, "gtol": 1e-05, "xrtol": 1e-10, "eps": 1e-10, "duration": 0.03437018394470215, "fun": "0.4076886074718471", "jac": "[-3.33066880e-06 -2.22044587e-06 -3.33066880e-06 -5.55111466e-06\n -4.44089173e-06  0.00000000e+00]", "hess_inv": "[[ 5.05644989 -1.33106023  0.1409226  -0.50740413  0.53448461  2.39852055]\n [-1.33106023  7.02205223 -3.63475389 -0.74271087 -0.40958909 -2.1574271 ]\n [ 0.1409226  -3.63475389  6.02661773  0.89898094  0.54326531  1.26796162]\n [-0.50740413 -0.74271087  0.89898094  4.5974514   0.10870481  0.17506172]\n [ 0.53448461 -0.40958909  0.54326531  0.10870481  3.68761308  0.53360644]\n [ 2.39852055 -2.1574271   1.26796162  0.17506172  0.53360644  4.46881187]]", "nfev": "196", "njev": "28", "status": "0", "success": "True", "message": "Optimization terminated successfully.", "x": "[ 0.91527667  6.18700283  4.57111054 -1.57998203  0.22839105  1.97392326]", "nit": "21"}, "4": {"maxiter": 100, "gtol": 1e-10, "xrtol": 1e-05, "eps": 1e-05, "duration": 0.03557300567626953, "fun": "0.4076886073702307", "jac": "[-3.97237798e-08  5.69433389e-08  1.17317267e-07 -2.08533191e-07\n -6.85784762e-08  1.36901601e-07]", "hess_inv": "[[ 5.04514141 -1.32391263  0.20984873 -0.45378996  0.59224523  2.31677338]\n [-1.32391263  7.05829771 -3.74117677 -0.83460133 -0.46134399 -2.14213775]\n [ 0.20984873 -3.74117677  6.20994996  0.89862393  0.60687612  1.17186851]\n [-0.45378996 -0.83460133  0.89862393  4.49827658  0.08445285  0.26156167]\n [ 0.59224523 -0.46134399  0.60687612  0.08445285  3.68735085  0.52113757]\n [ 2.31677338 -2.14213775  1.17186851  0.26156167  0.52113757  4.66084569]]", "nfev": "203", "njev": "29", "status": "0", "success": "True", "message": "Optimization terminated successfully.", "x": "[ 0.91528103  6.18699695  4.57112739 -1.57996852  0.22839765  1.97392167]", "nit": "22"}, "5": {"maxiter": 100, "gtol": 1e-10, "xrtol": 1e-05, "eps": 1e-10, "duration": 0.03441214561462402, "fun": "0.4076886074718471", "jac": "[-3.33066880e-06 -2.22044587e-06 -3.33066880e-06 -5.55111466e-06\n -4.44089173e-06  0.00000000e+00]", "hess_inv": "[[ 5.05644989 -1.33106023  0.1409226  -0.50740413  0.53448461  2.39852055]\n [-1.33106023  7.02205223 -3.63475389 -0.74271087 -0.40958909 -2.1574271 ]\n [ 0.1409226  -3.63475389  6.02661773  0.89898094  0.54326531  1.26796162]\n [-0.50740413 -0.74271087  0.89898094  4.5974514   0.10870481  0.17506172]\n [ 0.53448461 -0.40958909  0.54326531  0.10870481  3.68761308  0.53360644]\n [ 2.39852055 -2.1574271   1.26796162  0.17506172  0.53360644  4.46881187]]", "nfev": "196", "njev": "28", "status": "0", "success": "True", "message": "Optimization terminated successfully.", "x": "[ 0.91527667  6.18700283  4.57111054 -1.57998203  0.22839105  1.97392326]", "nit": "21"}, "6": {"maxiter": 100, "gtol": 1e-10, "xrtol": 1e-10, "eps": 1e-05, "duration": 0.06983804702758789, "fun": "0.4076886073701289", "jac": "[-1.03805853e-08  2.76334511e-08  5.50670620e-08 -7.27418126e-08\n -2.75668377e-08  5.22359933e-08]", "hess_inv": "[[ 5.05710513 -1.3360797   0.25293971 -0.44856652  0.57876403  2.3893874 ]\n [-1.3360797   7.06854719 -3.78496085 -0.81126714 -0.44731316 -2.20238038]\n [ 0.25293971 -3.78496085  6.36485294  0.92558084  0.55976224  1.43052367]\n [-0.44856652 -0.81126714  0.92558084  3.86487629  0.03258925  0.1855517 ]\n [ 0.57876403 -0.44731316  0.55976224  0.03258925  3.69553603  0.44991299]\n [ 2.3893874  -2.20238038  1.43052367  0.1855517   0.44991299  4.99143318]]", "nfev": "411", "njev": "57", "status": "2", "success": "False", "message": "Desired error not necessarily achieved due to precision loss.", "x": "[ 0.91528096  6.186997    4.57112714 -1.57996806  0.22839777  1.97392133]", "nit": "23"}, "7": {"maxiter": 100, "gtol": 1e-10, "xrtol": 1e-10, "eps": 1e-10, "duration": 0.06907868385314941, "fun": "0.40768860734743373", "jac": "[ 1.11022293e-06  0.00000000e+00  0.00000000e+00 -1.11022293e-06\n -2.22044587e-06 -1.11022293e-06]", "hess_inv": "[[ 2.05620313e-02 -5.15154476e-02 -9.79320053e-02  3.42045540e-02\n   1.58118243e-02 -1.49454707e-02]\n [-5.15154476e-02  5.30372635e-01  5.50680513e-01 -4.40278786e-01\n  -1.58242749e-01  2.73888980e-01]\n [-9.79320053e-02  5.50680513e-01  1.50528807e+00 -1.93325966e-02\n  -4.05353935e-01 -3.10607846e-01]\n [ 3.42045540e-02 -4.40278786e-01 -1.93325966e-02  6.65354266e-01\n   3.16729587e-04 -6.17455316e-01]\n [ 1.58118243e-02 -1.58242749e-01 -4.05353935e-01  3.16729587e-04\n   1.43918538e-01  8.49075609e-02]\n [-1.49454707e-02  2.73888980e-01 -3.10607846e-01 -6.17455316e-01\n   8.49075609e-02  6.68820262e-01]]", "nfev": "406", "njev": "58", "status": "0", "success": "True", "message": "Optimization terminated successfully.", "x": "[ 0.91528921  6.18699196  4.57113358 -1.5799641   0.22840249  1.97393036]", "nit": "32"}, "8": {"maxiter": 500, "gtol": 1e-05, "xrtol": 1e-05, "eps": 1e-05, "duration": 0.03357696533203125, "fun": "0.40768860737031687", "jac": "[-1.04789510e-06  2.48856491e-07 -5.42976775e-07  7.56383844e-07\n -4.31110703e-07  2.54708477e-06]", "hess_inv": "[[ 5.11999933 -1.40761476  0.30073009 -0.33636865  0.58282159  2.52029515]\n [-1.40761476  7.14209609 -3.8477308  -0.92905453 -0.46163133 -2.29237087]\n [ 0.30073009 -3.8477308   6.31779733  1.05974627  0.58998016  1.45792858]\n [-0.33636865 -0.92905453  1.05974627  4.54386555  0.1103925   0.28987126]\n [ 0.58282159 -0.46163133  0.58998016  0.1103925   3.67657268  0.58099641]\n [ 2.52029515 -2.29237087  1.45792858  0.28987126  0.58099641  4.60347101]]", "nfev": "196", "njev": "28", "status": "0", "success": "True", "message": "Optimization terminated successfully.", "x": "[ 0.9152806   6.18699624  4.57112627 -1.57996471  0.22839639  1.97392991]", "nit": "21"}, "9": {"maxiter": 500, "gtol": 1e-05, "xrtol": 1e-05, "eps": 1e-10, "duration": 0.03399491310119629, "fun": "0.4076886074718471", "jac": "[-3.33066880e-06 -2.22044587e-06 -3.33066880e-06 -5.55111466e-06\n -4.44089173e-06  0.00000000e+00]", "hess_inv": "[[ 5.05644989 -1.33106023  0.1409226  -0.50740413  0.53448461  2.39852055]\n [-1.33106023  7.02205223 -3.63475389 -0.74271087 -0.40958909 -2.1574271 ]\n [ 0.1409226  -3.63475389  6.02661773  0.89898094  0.54326531  1.26796162]\n [-0.50740413 -0.74271087  0.89898094  4.5974514   0.10870481  0.17506172]\n [ 0.53448461 -0.40958909  0.54326531  0.10870481  3.68761308  0.53360644]\n [ 2.39852055 -2.1574271   1.26796162  0.17506172  0.53360644  4.46881187]]", "nfev": "196", "njev": "28", "status": "0", "success": "True", "message": "Optimization terminated successfully.", "x": "[ 0.91527667  6.18700283  4.57111054 -1.57998203  0.22839105  1.97392326]", "nit": "21"}, "10": {"maxiter": 500, "gtol": 1e-05, "xrtol": 1e-10, "eps": 1e-05, "duration": 0.03435492515563965, "fun": "0.40768860737031687", "jac": "[-1.04789510e-06  2.48856491e-07 -5.42976775e-07  7.56383844e-07\n -4.31110703e-07  2.54708477e-06]", "hess_inv": "[[ 5.11999933 -1.40761476  0.30073009 -0.33636865  0.58282159  2.52029515]\n [-1.40761476  7.14209609 -3.8477308  -0.92905453 -0.46163133 -2.29237087]\n [ 0.30073009 -3.8477308   6.31779733  1.05974627  0.58998016  1.45792858]\n [-0.33636865 -0.92905453  1.05974627  4.54386555  0.1103925   0.28987126]\n [ 0.58282159 -0.46163133  0.58998016  0.1103925   3.67657268  0.58099641]\n [ 2.52029515 -2.29237087  1.45792858  0.28987126  0.58099641  4.60347101]]", "nfev": "196", "njev": "28", "status": "0", "success": "True", "message": "Optimization terminated successfully.", "x": "[ 0.9152806   6.18699624  4.57112627 -1.57996471  0.22839639  1.97392991]", "nit": "21"}, "11": {"maxiter": 500, "gtol": 1e-05, "xrtol": 1e-10, "eps": 1e-10, "duration": 0.0343480110168457, "fun": "0.4076886074718471", "jac": "[-3.33066880e-06 -2.22044587e-06 -3.33066880e-06 -5.55111466e-06\n -4.44089173e-06  0.00000000e+00]", "hess_inv": "[[ 5.05644989 -1.33106023  0.1409226  -0.50740413  0.53448461  2.39852055]\n [-1.33106023  7.02205223 -3.63475389 -0.74271087 -0.40958909 -2.1574271 ]\n [ 0.1409226  -3.63475389  6.02661773  0.89898094  0.54326531  1.26796162]\n [-0.50740413 -0.74271087  0.89898094  4.5974514   0.10870481  0.17506172]\n [ 0.53448461 -0.40958909  0.54326531  0.10870481  3.68761308  0.53360644]\n [ 2.39852055 -2.1574271   1.26796162  0.17506172  0.53360644  4.46881187]]", "nfev": "196", "njev": "28", "status": "0", "success": "True", "message": "Optimization terminated successfully.", "x": "[ 0.91527667  6.18700283  4.57111054 -1.57998203  0.22839105  1.97392326]", "nit": "21"}, "12": {"maxiter": 500, "gtol": 1e-10, "xrtol": 1e-05, "eps": 1e-05, "duration": 0.0353999137878418, "fun": "0.4076886073702307", "jac": "[-3.97237798e-08  5.69433389e-08  1.17317267e-07 -2.08533191e-07\n -6.85784762e-08  1.36901601e-07]", "hess_inv": "[[ 5.04514141 -1.32391263  0.20984873 -0.45378996  0.59224523  2.31677338]\n [-1.32391263  7.05829771 -3.74117677 -0.83460133 -0.46134399 -2.14213775]\n [ 0.20984873 -3.74117677  6.20994996  0.89862393  0.60687612  1.17186851]\n [-0.45378996 -0.83460133  0.89862393  4.49827658  0.08445285  0.26156167]\n [ 0.59224523 -0.46134399  0.60687612  0.08445285  3.68735085  0.52113757]\n [ 2.31677338 -2.14213775  1.17186851  0.26156167  0.52113757  4.66084569]]", "nfev": "203", "njev": "29", "status": "0", "success": "True", "message": "Optimization terminated successfully.", "x": "[ 0.91528103  6.18699695  4.57112739 -1.57996852  0.22839765  1.97392167]", "nit": "22"}, "13": {"maxiter": 500, "gtol": 1e-10, "xrtol": 1e-05, "eps": 1e-10, "duration": 0.03434395790100098, "fun": "0.4076886074718471", "jac": "[-3.33066880e-06 -2.22044587e-06 -3.33066880e-06 -5.55111466e-06\n -4.44089173e-06  0.00000000e+00]", "hess_inv": "[[ 5.05644989 -1.33106023  0.1409226  -0.50740413  0.53448461  2.39852055]\n [-1.33106023  7.02205223 -3.63475389 -0.74271087 -0.40958909 -2.1574271 ]\n [ 0.1409226  -3.63475389  6.02661773  0.89898094  0.54326531  1.26796162]\n [-0.50740413 -0.74271087  0.89898094  4.5974514   0.10870481  0.17506172]\n [ 0.53448461 -0.40958909  0.54326531  0.10870481  3.68761308  0.53360644]\n [ 2.39852055 -2.1574271   1.26796162  0.17506172  0.53360644  4.46881187]]", "nfev": "196", "njev": "28", "status": "0", "success": "True", "message": "Optimization terminated successfully.", "x": "[ 0.91527667  6.18700283  4.57111054 -1.57998203  0.22839105  1.97392326]", "nit": "21"}, "14": {"maxiter": 500, "gtol": 1e-10, "xrtol": 1e-10, "eps": 1e-05, "duration": 0.07103109359741211, "fun": "0.4076886073701289", "jac": "[-1.03805853e-08  2.76334511e-08  5.50670620e-08 -7.27418126e-08\n -2.75668377e-08  5.22359933e-08]", "hess_inv": "[[ 5.05710513 -1.3360797   0.25293971 -0.44856652  0.57876403  2.3893874 ]\n [-1.3360797   7.06854719 -3.78496085 -0.81126714 -0.44731316 -2.20238038]\n [ 0.25293971 -3.78496085  6.36485294  0.92558084  0.55976224  1.43052367]\n [-0.44856652 -0.81126714  0.92558084  3.86487629  0.03258925  0.1855517 ]\n [ 0.57876403 -0.44731316  0.55976224  0.03258925  3.69553603  0.44991299]\n [ 2.3893874  -2.20238038  1.43052367  0.1855517   0.44991299  4.99143318]]", "nfev": "411", "njev": "57", "status": "2", "success": "False", "message": "Desired error not necessarily achieved due to precision loss.", "x": "[ 0.91528096  6.186997    4.57112714 -1.57996806  0.22839777  1.97392133]", "nit": "23"}, "15": {"maxiter": 500, "gtol": 1e-10, "xrtol": 1e-10, "eps": 1e-10, "duration": 0.0692911148071289, "fun": "0.40768860734743373", "jac": "[ 1.11022293e-06  0.00000000e+00  0.00000000e+00 -1.11022293e-06\n -2.22044587e-06 -1.11022293e-06]", "hess_inv": "[[ 2.05620313e-02 -5.15154476e-02 -9.79320053e-02  3.42045540e-02\n   1.58118243e-02 -1.49454707e-02]\n [-5.15154476e-02  5.30372635e-01  5.50680513e-01 -4.40278786e-01\n  -1.58242749e-01  2.73888980e-01]\n [-9.79320053e-02  5.50680513e-01  1.50528807e+00 -1.93325966e-02\n  -4.05353935e-01 -3.10607846e-01]\n [ 3.42045540e-02 -4.40278786e-01 -1.93325966e-02  6.65354266e-01\n   3.16729587e-04 -6.17455316e-01]\n [ 1.58118243e-02 -1.58242749e-01 -4.05353935e-01  3.16729587e-04\n   1.43918538e-01  8.49075609e-02]\n [-1.49454707e-02  2.73888980e-01 -3.10607846e-01 -6.17455316e-01\n   8.49075609e-02  6.68820262e-01]]", "nfev": "406", "njev": "58", "status": "0", "success": "True", "message": "Optimization terminated successfully.", "x": "[ 0.91528921  6.18699196  4.57113358 -1.5799641   0.22840249  1.97393036]", "nit": "32"}, "16": {"maxiter": 1000, "gtol": 1e-05, "xrtol": 1e-05, "eps": 1e-05, "duration": 0.0337982177734375, "fun": "0.40768860737031687", "jac": "[-1.04789510e-06  2.48856491e-07 -5.42976775e-07  7.56383844e-07\n -4.31110703e-07  2.54708477e-06]", "hess_inv": "[[ 5.11999933 -1.40761476  0.30073009 -0.33636865  0.58282159  2.52029515]\n [-1.40761476  7.14209609 -3.8477308  -0.92905453 -0.46163133 -2.29237087]\n [ 0.30073009 -3.8477308   6.31779733  1.05974627  0.58998016  1.45792858]\n [-0.33636865 -0.92905453  1.05974627  4.54386555  0.1103925   0.28987126]\n [ 0.58282159 -0.46163133  0.58998016  0.1103925   3.67657268  0.58099641]\n [ 2.52029515 -2.29237087  1.45792858  0.28987126  0.58099641  4.60347101]]", "nfev": "196", "njev": "28", "status": "0", "success": "True", "message": "Optimization terminated successfully.", "x": "[ 0.9152806   6.18699624  4.57112627 -1.57996471  0.22839639  1.97392991]", "nit": "21"}, "17": {"maxiter": 1000, "gtol": 1e-05, "xrtol": 1e-05, "eps": 1e-10, "duration": 0.03375887870788574, "fun": "0.4076886074718471", "jac": "[-3.33066880e-06 -2.22044587e-06 -3.33066880e-06 -5.55111466e-06\n -4.44089173e-06  0.00000000e+00]", "hess_inv": "[[ 5.05644989 -1.33106023  0.1409226  -0.50740413  0.53448461  2.39852055]\n [-1.33106023  7.02205223 -3.63475389 -0.74271087 -0.40958909 -2.1574271 ]\n [ 0.1409226  -3.63475389  6.02661773  0.89898094  0.54326531  1.26796162]\n [-0.50740413 -0.74271087  0.89898094  4.5974514   0.10870481  0.17506172]\n [ 0.53448461 -0.40958909  0.54326531  0.10870481  3.68761308  0.53360644]\n [ 2.39852055 -2.1574271   1.26796162  0.17506172  0.53360644  4.46881187]]", "nfev": "196", "njev": "28", "status": "0", "success": "True", "message": "Optimization terminated successfully.", "x": "[ 0.91527667  6.18700283  4.57111054 -1.57998203  0.22839105  1.97392326]", "nit": "21"}, "18": {"maxiter": 1000, "gtol": 1e-05, "xrtol": 1e-10, "eps": 1e-05, "duration": 0.03371787071228027, "fun": "0.40768860737031687", "jac": "[-1.04789510e-06  2.48856491e-07 -5.42976775e-07  7.56383844e-07\n -4.31110703e-07  2.54708477e-06]", "hess_inv": "[[ 5.11999933 -1.40761476  0.30073009 -0.33636865  0.58282159  2.52029515]\n [-1.40761476  7.14209609 -3.8477308  -0.92905453 -0.46163133 -2.29237087]\n [ 0.30073009 -3.8477308   6.31779733  1.05974627  0.58998016  1.45792858]\n [-0.33636865 -0.92905453  1.05974627  4.54386555  0.1103925   0.28987126]\n [ 0.58282159 -0.46163133  0.58998016  0.1103925   3.67657268  0.58099641]\n [ 2.52029515 -2.29237087  1.45792858  0.28987126  0.58099641  4.60347101]]", "nfev": "196", "njev": "28", "status": "0", "success": "True", "message": "Optimization terminated successfully.", "x": "[ 0.9152806   6.18699624  4.57112627 -1.57996471  0.22839639  1.97392991]", "nit": "21"}, "19": {"maxiter": 1000, "gtol": 1e-05, "xrtol": 1e-10, "eps": 1e-10, "duration": 0.03371381759643555, "fun": "0.4076886074718471", "jac": "[-3.33066880e-06 -2.22044587e-06 -3.33066880e-06 -5.55111466e-06\n -4.44089173e-06  0.00000000e+00]", "hess_inv": "[[ 5.05644989 -1.33106023  0.1409226  -0.50740413  0.53448461  2.39852055]\n [-1.33106023  7.02205223 -3.63475389 -0.74271087 -0.40958909 -2.1574271 ]\n [ 0.1409226  -3.63475389  6.02661773  0.89898094  0.54326531  1.26796162]\n [-0.50740413 -0.74271087  0.89898094  4.5974514   0.10870481  0.17506172]\n [ 0.53448461 -0.40958909  0.54326531  0.10870481  3.68761308  0.53360644]\n [ 2.39852055 -2.1574271   1.26796162  0.17506172  0.53360644  4.46881187]]", "nfev": "196", "njev": "28", "status": "0", "success": "True", "message": "Optimization terminated successfully.", "x": "[ 0.91527667  6.18700283  4.57111054 -1.57998203  0.22839105  1.97392326]", "nit": "21"}, "20": {"maxiter": 1000, "gtol": 1e-10, "xrtol": 1e-05, "eps": 1e-05, "duration": 0.035188913345336914, "fun": "0.4076886073702307", "jac": "[-3.97237798e-08  5.69433389e-08  1.17317267e-07 -2.08533191e-07\n -6.85784762e-08  1.36901601e-07]", "hess_inv": "[[ 5.04514141 -1.32391263  0.20984873 -0.45378996  0.59224523  2.31677338]\n [-1.32391263  7.05829771 -3.74117677 -0.83460133 -0.46134399 -2.14213775]\n [ 0.20984873 -3.74117677  6.20994996  0.89862393  0.60687612  1.17186851]\n [-0.45378996 -0.83460133  0.89862393  4.49827658  0.08445285  0.26156167]\n [ 0.59224523 -0.46134399  0.60687612  0.08445285  3.68735085  0.52113757]\n [ 2.31677338 -2.14213775  1.17186851  0.26156167  0.52113757  4.66084569]]", "nfev": "203", "njev": "29", "status": "0", "success": "True", "message": "Optimization terminated successfully.", "x": "[ 0.91528103  6.18699695  4.57112739 -1.57996852  0.22839765  1.97392167]", "nit": "22"}, "21": {"maxiter": 1000, "gtol": 1e-10, "xrtol": 1e-05, "eps": 1e-10, "duration": 0.033635854721069336, "fun": "0.4076886074718471", "jac": "[-3.33066880e-06 -2.22044587e-06 -3.33066880e-06 -5.55111466e-06\n -4.44089173e-06  0.00000000e+00]", "hess_inv": "[[ 5.05644989 -1.33106023  0.1409226  -0.50740413  0.53448461  2.39852055]\n [-1.33106023  7.02205223 -3.63475389 -0.74271087 -0.40958909 -2.1574271 ]\n [ 0.1409226  -3.63475389  6.02661773  0.89898094  0.54326531  1.26796162]\n [-0.50740413 -0.74271087  0.89898094  4.5974514   0.10870481  0.17506172]\n [ 0.53448461 -0.40958909  0.54326531  0.10870481  3.68761308  0.53360644]\n [ 2.39852055 -2.1574271   1.26796162  0.17506172  0.53360644  4.46881187]]", "nfev": "196", "njev": "28", "status": "0", "success": "True", "message": "Optimization terminated successfully.", "x": "[ 0.91527667  6.18700283  4.57111054 -1.57998203  0.22839105  1.97392326]", "nit": "21"}, "22": {"maxiter": 1000, "gtol": 1e-10, "xrtol": 1e-10, "eps": 1e-05, "duration": 0.07006597518920898, "fun": "0.4076886073701289", "jac": "[-1.03805853e-08  2.76334511e-08  5.50670620e-08 -7.27418126e-08\n -2.75668377e-08  5.22359933e-08]", "hess_inv": "[[ 5.05710513 -1.3360797   0.25293971 -0.44856652  0.57876403  2.3893874 ]\n [-1.3360797   7.06854719 -3.78496085 -0.81126714 -0.44731316 -2.20238038]\n [ 0.25293971 -3.78496085  6.36485294  0.92558084  0.55976224  1.43052367]\n [-0.44856652 -0.81126714  0.92558084  3.86487629  0.03258925  0.1855517 ]\n [ 0.57876403 -0.44731316  0.55976224  0.03258925  3.69553603  0.44991299]\n [ 2.3893874  -2.20238038  1.43052367  0.1855517   0.44991299  4.99143318]]", "nfev": "411", "njev": "57", "status": "2", "success": "False", "message": "Desired error not necessarily achieved due to precision loss.", "x": "[ 0.91528096  6.186997    4.57112714 -1.57996806  0.22839777  1.97392133]", "nit": "23"}, "23": {"maxiter": 1000, "gtol": 1e-10, "xrtol": 1e-10, "eps": 1e-10, "duration": 0.06991004943847656, "fun": "0.40768860734743373", "jac": "[ 1.11022293e-06  0.00000000e+00  0.00000000e+00 -1.11022293e-06\n -2.22044587e-06 -1.11022293e-06]", "hess_inv": "[[ 2.05620313e-02 -5.15154476e-02 -9.79320053e-02  3.42045540e-02\n   1.58118243e-02 -1.49454707e-02]\n [-5.15154476e-02  5.30372635e-01  5.50680513e-01 -4.40278786e-01\n  -1.58242749e-01  2.73888980e-01]\n [-9.79320053e-02  5.50680513e-01  1.50528807e+00 -1.93325966e-02\n  -4.05353935e-01 -3.10607846e-01]\n [ 3.42045540e-02 -4.40278786e-01 -1.93325966e-02  6.65354266e-01\n   3.16729587e-04 -6.17455316e-01]\n [ 1.58118243e-02 -1.58242749e-01 -4.05353935e-01  3.16729587e-04\n   1.43918538e-01  8.49075609e-02]\n [-1.49454707e-02  2.73888980e-01 -3.10607846e-01 -6.17455316e-01\n   8.49075609e-02  6.68820262e-01]]", "nfev": "406", "njev": "58", "status": "0", "success": "True", "message": "Optimization terminated successfully.", "x": "[ 0.91528921  6.18699196  4.57113358 -1.5799641   0.22840249  1.97393036]", "nit": "32"}}, "cobyla": {"0": {"maxiter": 100, "tol": 1e-05, "catol": 1e-05, "duration": 0.01708507537841797, "x": "[ 0.91550544  6.18585283  4.57239397 -1.58012227  0.22807613  1.97427439]", "status": "2", "success": "False", "message": "Maximum number of function evaluations has been exceeded.", "nfev": "100", "fun": "0.4076887984504459", "maxcv": "0.0"}, "1": {"maxiter": 100, "tol": 1e-05, "catol": 1e-10, "duration": 0.016772031784057617, "x": "[ 0.91550544  6.18585283  4.57239397 -1.58012227  0.22807613  1.97427439]", "status": "2", "success": "False", "message": "Maximum number of function evaluations has been exceeded.", "nfev": "100", "fun": "0.4076887984504459", "maxcv": "0.0"}, "2": {"maxiter": 100, "tol": 1e-10, "catol": 1e-05, "duration": 0.01661205291748047, "x": "[ 0.91550544  6.18585283  4.57239397 -1.58012227  0.22807613  1.97427439]", "status": "2", "success": "False", "message": "Maximum number of function evaluations has been exceeded.", "nfev": "100", "fun": "0.4076887984504459", "maxcv": "0.0"}, "3": {"maxiter": 100, "tol": 1e-10, "catol": 1e-10, "duration": 0.0163419246673584, "x": "[ 0.91550544  6.18585283  4.57239397 -1.58012227  0.22807613  1.97427439]", "status": "2", "success": "False", "message": "Maximum number of function evaluations has been exceeded.", "nfev": "100", "fun": "0.4076887984504459", "maxcv": "0.0"}, "4": {"maxiter": 500, "tol": 1e-05, "catol": 1e-05, "duration": 0.02671194076538086, "x": "[ 0.9152897   6.18699424  4.57113172 -1.57996147  0.22840837  1.97393418]", "status": "1", "success": "True", "message": "Optimization terminated successfully.", "nfev": "163", "fun": "0.4076886073506847", "maxcv": "0.0"}, "5": {"maxiter": 500, "tol": 1e-05, "catol": 1e-10, "duration": 0.026723146438598633, "x": "[ 0.9152897   6.18699424  4.57113172 -1.57996147  0.22840837  1.97393418]", "status": "1", "success": "True", "message": "Optimization terminated successfully.", "nfev": "163", "fun": "0.4076886073506847", "maxcv": "0.0"}, "6": {"maxiter": 500, "tol": 1e-10, "catol": 1e-05, "duration": 0.04221701622009277, "x": "[ 0.91528988  6.18699373  4.57113476 -1.57996256  0.22840446  1.97393144]", "status": "1", "success": "True", "message": "Optimization terminated successfully.", "nfev": "258", "fun": "0.4076886073455924", "maxcv": "0.0"}, "7": {"maxiter": 500, "tol": 1e-10, "catol": 1e-10, "duration": 0.04320573806762695, "x": "[ 0.91528988  6.18699373  4.57113476 -1.57996256  0.22840446  1.97393144]", "status": "1", "success": "True", "message": "Optimization termin