{"date": "2024/07/19/, 01:55:24", "conf_id": 147, "data_type": "orthogonal\n", "num_data_points": 4, "s_rank": 0, "unitary": "[[0.18663085-0.53122324j,-0.11886349-0.70040876j,0.28555095-0.02789305j,-0.12262021-0.2844587j],[-0.16702216+0.27758472j,0.27526351-0.29738586j,-0.01109314+0.22495461j,-0.77239203+0.28900673j],[0.61935415+0.12301792j,-0.31269928-0.03315917j,-0.61902762-0.19039079j,-0.27120731-0.0968989j],[0.42341754+0.0023929j,-0.05847358+0.47832119j,0.64900495-0.16218422j,-0.37182676-0.05229966j]]", "databatch_0": {"databatch": "[[[0.16555952-0.09912196j,0.0467497+0.00863587j,-0.57426243+0.16861256j,0.21152168+0.12068375j],[0.12836201+0.10124108j,-0.0033769-0.08094057j,-0.32293977-0.10407847j,0.23996846+0.19969827j],[-0.00296499-0.05525195j,0.00367135+0.01768706j,-0.01239258+0.1001559j,-0.00388628-0.05280305j],[-0.24163154+0.08102373j,0.12995023-0.04772434j,0.31900162-0.06390112j,-0.21700688+0.20901339j]],[[-0.0880263-0.11785356j,0.07133523+0.04725291j,0.03382951+0.1934776j,-0.12283638-0.0300934j],[0.17676608+0.20346601j,-0.16765406-0.06768453j,-0.00881162-0.36023804j,0.21333811-0.03234231j],[0.11052379+0.01459123j,-0.02438111-0.17412409j,-0.28493133+0.36357479j,0.49575213+0.06724697j],[0.12866443-0.10088618j,-0.01510245+0.09755449j,-0.29540065-0.01179489j,-0.01376138-0.06042777j]],[[0.08257215-0.12673108j,0.12427759+0.02656821j,-0.55079383+0.19520263j,0.09421317+0.20435162j],[0.0785767+0.11774637j,0.01412912-0.1189209j,-0.24443517-0.04434913j,0.25995797+0.22639361j],[-0.00491686-0.05594953j,0.01040014+0.02404436j,-0.02181044+0.08459804j,-0.0207073-0.04086205j],[-0.28648867+0.07229499j,0.19921542-0.0856156j,0.24964879+0.04155539j,-0.18268419+0.32956468j]],[[-0.08242629-0.11468117j,0.05144883+0.0408685j,0.06682629+0.20614982j,-0.10187323-0.06639866j],[0.15409275+0.19497632j,-0.11983477-0.059565j,-0.06698725-0.36781198j,0.17040771+0.04870692j],[0.15756374-0.03756347j,-0.0355604-0.12329557j,-0.37847793+0.36380514j,0.46854871+0.01452232j],[0.13340724-0.08161953j,-0.01890273+0.06739417j,-0.30301615+0.01193542j,0.04551535-0.04111053j]]]", "initial param values": "[4.63297878,2.16375433,3.90421882,0.70219054,0.86733538,3.66150548]", "nelder_mead": {"type": "gradient-free", "0": {"maxiter": 100, "fatol": 1e-05, "xatol": 1e-05, "duration": 0.026305198669433594, "fun": "0.523955722859386", "nit": "100", "nfev": "156", "status": "2", "success": "False", "message": "Maximum number of iterations has been exceeded.", "x": "[5.19204306 4.05748208 4.63655727 1.24321266 0.44508847 1.01699392]", "final_simplex": "(array([[5.19204306, 4.05748208, 4.63655727, 1.24321266, 0.44508847,\n        1.01699392],\n       [5.36946478, 3.88967593, 4.65376023, 1.17854102, 0.5434188 ,\n        0.86015612],\n       [5.41840796, 3.66307821, 4.83794595, 1.08935824, 0.59160473,\n        0.97018135],\n       [5.49162116, 3.41835181, 4.92462029, 1.03113605, 0.63259517,\n        1.11665519],\n       [5.22928633, 4.14389436, 4.54906853, 1.24694242, 0.45138667,\n        0.90249165],\n       [5.43382705, 4.05114122, 4.67851684, 1.20901792, 0.47676713,\n        0.87261559],\n       [5.3993022 , 3.70813865, 4.9198624 , 1.12040267, 0.54190562,\n        0.89887782]]), array([0.52395572, 0.52476827, 0.52649551, 0.52854443, 0.52945209,\n       0.5296001 , 0.53065691]))"}, "1": {"maxiter": 100, "fatol": 1e-05, "xatol": 1e-10, "duration": 0.02621603012084961, "fun": "0.523955722859386", "nit": "100", "nfev": "156", "status": "2", "success": "False", "message": "Maximum number of iterations has been exceeded.", "x": "[5.19204306 4.05748208 4.63655727 1.24321266 0.44508847 1.01699392]", "final_simplex": "(array([[5.19204306, 4.05748208, 4.63655727, 1.24321266, 0.44508847,\n        1.01699392],\n       [5.36946478, 3.88967593, 4.65376023, 1.17854102, 0.5434188 ,\n        0.86015612],\n       [5.41840796, 3.66307821, 4.83794595, 1.08935824, 0.59160473,\n        0.97018135],\n       [5.49162116, 3.41835181, 4.92462029, 1.03113605, 0.63259517,\n        1.11665519],\n       [5.22928633, 4.14389436, 4.54906853, 1.24694242, 0.45138667,\n        0.90249165],\n       [5.43382705, 4.05114122, 4.67851684, 1.20901792, 0.47676713,\n        0.87261559],\n       [5.3993022 , 3.70813865, 4.9198624 , 1.12040267, 0.54190562,\n        0.89887782]]), array([0.52395572, 0.52476827, 0.52649551, 0.52854443, 0.52945209,\n       0.5296001 , 0.53065691]))"}, "2": {"maxiter": 100, "fatol": 1e-10, "xatol": 1e-05, "duration": 0.026217937469482422, "fun": "0.523955722859386", "nit": "100", "nfev": "156", "status": "2", "success": "False", "message": "Maximum number of iterations has been exceeded.", "x": "[5.19204306 4.05748208 4.63655727 1.24321266 0.44508847 1.01699392]", "final_simplex": "(array([[5.19204306, 4.05748208, 4.63655727, 1.24321266, 0.44508847,\n        1.01699392],\n       [5.36946478, 3.88967593, 4.65376023, 1.17854102, 0.5434188 ,\n        0.86015612],\n       [5.41840796, 3.66307821, 4.83794595, 1.08935824, 0.59160473,\n        0.97018135],\n       [5.49162116, 3.41835181, 4.92462029, 1.03113605, 0.63259517,\n        1.11665519],\n       [5.22928633, 4.14389436, 4.54906853, 1.24694242, 0.45138667,\n        0.90249165],\n       [5.43382705, 4.05114122, 4.67851684, 1.20901792, 0.47676713,\n        0.87261559],\n       [5.3993022 , 3.70813865, 4.9198624 , 1.12040267, 0.54190562,\n        0.89887782]]), array([0.52395572, 0.52476827, 0.52649551, 0.52854443, 0.52945209,\n       0.5296001 , 0.53065691]))"}, "3": {"maxiter": 100, "fatol": 1e-10, "xatol": 1e-10, "duration": 0.025814056396484375, "fun": "0.523955722859386", "nit": "100", "nfev": "156", "status": "2", "success": "False", "message": "Maximum number of iterations has been exceeded.", "x": "[5.19204306 4.05748208 4.63655727 1.24321266 0.44508847 1.01699392]", "final_simplex": "(array([[5.19204306, 4.05748208, 4.63655727, 1.24321266, 0.44508847,\n        1.01699392],\n       [5.36946478, 3.88967593, 4.65376023, 1.17854102, 0.5434188 ,\n        0.86015612],\n       [5.41840796, 3.66307821, 4.83794595, 1.08935824, 0.59160473,\n        0.97018135],\n       [5.49162116, 3.41835181, 4.92462029, 1.03113605, 0.63259517,\n        1.11665519],\n       [5.22928633, 4.14389436, 4.54906853, 1.24694242, 0.45138667,\n        0.90249165],\n       [5.43382705, 4.05114122, 4.67851684, 1.20901792, 0.47676713,\n        0.87261559],\n       [5.3993022 , 3.70813865, 4.9198624 , 1.12040267, 0.54190562,\n        0.89887782]]), array([0.52395572, 0.52476827, 0.52649551, 0.52854443, 0.52945209,\n       0.5296001 , 0.53065691]))"}, "4": {"maxiter": 500, "fatol": 1e-05, "xatol": 1e-05, "duration": 0.1275181770324707, "fun": "0.24893061838347297", "nit": "500", "nfev": "767", "status": "2", "success": "False", "message": "Maximum number of iterations has been exceeded.", "x": "[ 5.34612581  3.68972015  6.93116187  3.71648545 -1.60225683  0.08236045]", "final_simplex": "(array([[ 5.34612581,  3.68972015,  6.93116187,  3.71648545, -1.60225683,\n         0.08236045],\n       [ 5.34330327,  3.68160442,  6.93429506,  3.72124707, -1.61002744,\n         0.07247906],\n       [ 5.34565024,  3.66975732,  6.94668112,  3.72112291, -1.61236355,\n         0.07200041],\n       [ 5.34252681,  3.67227206,  6.95070704,  3.70925401, -1.61423897,\n         0.07436415],\n       [ 5.35780933,  3.65837089,  6.96158361,  3.70486014, -1.59968751,\n         0.0863426 ],\n       [ 5.34531813,  3.67610314,  6.9461489 ,  3.71387706, -1.61658633,\n         0.0703619 ],\n       [ 5.33942583,  3.67286963,  6.9482702 ,  3.70706291, -1.61448866,\n         0.07759544]]), array([0.24893062, 0.24899484, 0.2490202 , 0.24908892, 0.24910275,\n       0.24910427, 0.24910691]))"}, "5": {"maxiter": 500, "fatol": 1e-05, "xatol": 1e-10, "duration": 0.1341259479522705, "fun": "0.24893061838347297", "nit": "500", "nfev": "767", "status": "2", "success": "False", "message": "Maximum number of iterations has been exceeded.", "x": "[ 5.34612581  3.68972015  6.93116187  3.71648545 -1.60225683  0.08236045]", "final_simplex": "(array([[ 5.34612581,  3.68972015,  6.93116187,  3.71648545, -1.60225683,\n         0.08236045],\n       [ 5.34330327,  3.68160442,  6.93429506,  3.72124707, -1.61002744,\n         0.07247906],\n       [ 5.34565024,  3.66975732,  6.94668112,  3.72112291, -1.61236355,\n         0.07200041],\n       [ 5.34252681,  3.67227206,  6.95070704,  3.70925401, -1.61423897,\n         0.07436415],\n       [ 5.35780933,  3.65837089,  6.96158361,  3.70486014, -1.59968751,\n         0.0863426 ],\n       [ 5.34531813,  3.67610314,  6.9461489 ,  3.71387706, -1.61658633,\n         0.0703619 ],\n       [ 5.33942583,  3.67286963,  6.9482702 ,  3.70706291, -1.61448866,\n         0.07759544]]), array([0.24893062, 0.24899484, 0.2490202 , 0.24908892, 0.24910275,\n       0.24910427, 0.24910691]))"}, "6": {"maxiter": 500, "fatol": 1e-10, "xatol": 1e-05, "duration": 0.1335768699645996, "fun": "0.24893061838347297", "nit": "500", "nfev": "767", "status": "2", "success": "False", "message": "Maximum number of iterations has been exceeded.", "x": "[ 5.34612581  3.68972015  6.93116187  3.71648545 -1.60225683  0.08236045]", "final_simplex": "(array([[ 5.34612581,  3.68972015,  6.93116187,  3.71648545, -1.60225683,\n         0.08236045],\n       [ 5.34330327,  3.68160442,  6.93429506,  3.72124707, -1.61002744,\n         0.07247906],\n       [ 5.34565024,  3.66975732,  6.94668112,  3.72112291, -1.61236355,\n         0.07200041],\n       [ 5.34252681,  3.67227206,  6.95070704,  3.70925401, -1.61423897,\n         0.07436415],\n       [ 5.35780933,  3.65837089,  6.96158361,  3.70486014, -1.59968751,\n         0.0863426 ],\n       [ 5.34531813,  3.67610314,  6.9461489 ,  3.71387706, -1.61658633,\n         0.0703619 ],\n       [ 5.33942583,  3.67286963,  6.9482702 ,  3.70706291, -1.61448866,\n         0.07759544]]), array([0.24893062, 0.24899484, 0.2490202 , 0.24908892, 0.24910275,\n       0.24910427, 0.24910691]))"}, "7": {"maxiter": 500, "fatol": 1e-10, "xatol": 1e-10, "duration": 0.13415908813476562, "fun": "0.24893061838347297", "nit": "500", "nfev": "767", "status": "2", "success": "False", "message": "Maximum number of iterations has been exceeded.", "x": "[ 5.34612581  3.68972015  6.93116187  3.71648545 -1.60225683  0.08236045]", "final_simplex": "(array([[ 5.34612581,  3.68972015,  6.93116187,  3.71648545, -1.60225683,\n         0.08236045],\n       [ 5.34330327,  3.68160442,  6.93429506,  3.72124707, -1.61002744,\n         0.07247906],\n       [ 5.34565024,  3.66975732,  6.94668112,  3.72112291, -1.61236355,\n         0.07200041],\n       [ 5.34252681,  3.67227206,  6.95070704,  3.70925401, -1.61423897,\n         0.07436415],\n       [ 5.35780933,  3.65837089,  6.96158361,  3.70486014, -1.59968751,\n         0.0863426 ],\n       [ 5.34531813,  3.67610314,  6.9461489 ,  3.71387706, -1.61658633,\n         0.0703619 ],\n       [ 5.33942583,  3.67286963,  6.9482702 ,  3.70706291, -1.61448866,\n         0.07759544]]), array([0.24893062, 0.24899484, 0.2490202 , 0.24908892, 0.24910275,\n       0.24910427, 0.24910691]))"}, "8": {"maxiter": 1000, "fatol": 1e-05, "xatol": 1e-05, "duration": 0.21406269073486328, "fun": "0.24618894091716625", "nit": "805", "nfev": "1228", "status": "0", "success": "True", "message": "Optimization terminated successfully.", "x": "[ 5.37331     3.60769558  7.09454821  3.80161063 -1.33218376  0.286071  ]", "final_simplex": "(array([[ 5.37331   ,  3.60769558,  7.09454821,  3.80161063, -1.33218376,\n         0.286071  ],\n       [ 5.37331087,  3.60769396,  7.09454715,  3.80161037, -1.33218506,\n         0.28607046],\n       [ 5.37330853,  3.60769256,  7.09454942,  3.80161107, -1.33218577,\n         0.28607262],\n       [ 5.37330992,  3.60769288,  7.0945506 ,  3.80161554, -1.33218089,\n         0.28607568],\n       [ 5.37330856,  3.60769956,  7.09454477,  3.80161207, -1.33217882,\n         0.28607499],\n       [ 5.37330515,  3.60769845,  7.09454032,  3.80161271, -1.33219175,\n         0.286067  ],\n       [ 5.37330766,  3.6077052 ,  7.09454135,  3.80161046, -1.33218851,\n         0.28607115]]), array([0.24618894, 0.24618894, 0.24618894, 0.24618894, 0.24618894,\n       0.24618894, 0.24618894]))"}, "9": {"maxiter": 1000, "fatol": 1e-05, "xatol": 1e-10, "duration": 0.25472593307495117, "fun": "0.2461889409150062", "nit": "945", "nfev": "1502", "status": "0", "success": "True", "message": "Optimization terminated successfully.", "x": "[ 5.37330902  3.60769832  7.09454419  3.80160934 -1.3321869   0.28607162]", "final_simplex": "(array([[ 5.37330902,  3.60769832,  7.09454419,  3.80160934, -1.3321869 ,\n         0.28607162],\n       [ 5.37330902,  3.60769832,  7.09454419,  3.80160934, -1.3321869 ,\n         0.28607162],\n       [ 5.37330902,  3.60769832,  7.09454419,  3.80160934, -1.3321869 ,\n         0.28607162],\n       [ 5.37330902,  3.60769832,  7.09454419,  3.80160934, -1.3321869 ,\n         0.28607162],\n       [ 5.37330902,  3.60769832,  7.09454419,  3.80160934, -1.3321869 ,\n         0.28607162],\n       [ 5.37330902,  3.60769832,  7.09454419,  3.80160934, -1.3321869 ,\n         0.28607162],\n       [ 5.37330902,  3.60769832,  7.09454419,  3.80160934, -1.3321869 ,\n         0.28607162]]), array([0.24618894, 0.24618894, 0.24618894, 0.24618894, 0.24618894,\n       0.24618894, 0.24618894]))"}, "10": {"maxiter": 1000, "fatol": 1e-10, "xatol": 1e-05, "duration": 0.21249699592590332, "fun": "0.24618894091716625", "nit": "805", "nfev": "1228", "status": "0", "success": "True", "message": "Optimization terminated successfully.", "x": "[ 5.37331     3.60769558  7.09454821  3.80161063 -1.33218376  0.286071  ]", "final_simplex": "(array([[ 5.37331   ,  3.60769558,  7.09454821,  3.80161063, -1.33218376,\n         0.286071  ],\n       [ 5.37331087,  3.60769396,  7.09454715,  3.80161037, -1.33218506,\n         0.28607046],\n       [ 5.37330853,  3.60769256,  7.09454942,  3.80161107, -1.33218577,\n         0.28607262],\n       [ 5.37330992,  3.60769288,  7.0945506 ,  3.80161554, -1.33218089,\n         0.28607568],\n       [ 5.37330856,  3.60769956,  7.09454477,  3.80161207, -1.33217882,\n         0.28607499],\n       [ 5.37330515,  3.60769845,  7.09454032,  3.80161271, -1.33219175,\n         0.286067  ],\n       [ 5.37330766,  3.6077052 ,  7.09454135,  3.80161046, -1.33218851,\n         0.28607115]]), array([0.24618894, 0.24618894, 0.24618894, 0.24618894, 0.24618894,\n       0.24618894, 0.24618894]))"}, "11": {"maxiter": 1000, "fatol": 1e-10, "xatol": 1e-10, "duration": 0.25771403312683105, "fun": "0.2461889409150062", "nit": "945", "nfev": "1502", "status": "0", "success": "True", "message": "Optimization terminated successfully.", "x": "[ 5.37330902  3.60769832  7.09454419  3.80160934 -1.3321869   0.28607162]", "final_simplex": "(array([[ 5.37330902,  3.60769832,  7.09454419,  3.80160934, -1.3321869 ,\n         0.28607162],\n       [ 5.37330902,  3.60769832,  7.09454419,  3.80160934, -1.3321869 ,\n         0.28607162],\n       [ 5.37330902,  3.60769832,  7.09454419,  3.80160934, -1.3321869 ,\n         0.28607162],\n       [ 5.37330902,  3.60769832,  7.09454419,  3.80160934, -1.3321869 ,\n         0.28607162],\n       [ 5.37330902,  3.60769832,  7.09454419,  3.80160934, -1.3321869 ,\n         0.28607162],\n       [ 5.37330902,  3.60769832,  7.09454419,  3.80160934, -1.3321869 ,\n         0.28607162],\n       [ 5.37330902,  3.60769832,  7.09454419,  3.80160934, -1.3321869 ,\n         0.28607162]]), array([0.24618894, 0.24618894, 0.24618894, 0.24618894, 0.24618894,\n       0.24618894, 0.24618894]))"}}, "bfgs": {"type": "gradient", "0": {"maxiter": 100, "gtol": 1e-05, "xrtol": 1e-05, "eps": 1e-05, "duration": 0.04925990104675293, "fun": "0.24618894101509015", "jac": "[-6.55808741e-07 -1.10720322e-06 -6.26054764e-07  7.61402053e-07\n -4.86299889e-07  7.68451969e-07]", "hess_inv": "[[ 3.71988504 -0.84536955  1.23427422  0.12691465  3.26499011  1.45850441]\n [-0.84536955  5.91318879 -5.48794228  1.80240071 -3.29914756 -2.02638668]\n [ 1.23427422 -5.48794228  9.18241602 -2.52297181  5.7717242   4.02902831]\n [ 0.12691465  1.80240071 -2.52297181  3.92176419 -1.97340464 -1.54908148]\n [ 3.26499011 -3.29914756  5.7717242  -1.97340464 14.49193195  9.98475674]\n [ 1.45850441 -2.02638668  4.02902831 -1.54908148  9.98475674  9.92237234]]", "nfev": "273", "njev": "39", "status": "0", "success": "True", "message": "Optimization terminated successfully.", "x": "[5.37329054 3.60770047 7.09452519 2.48157841 1.8093595  3.42763183]", "nit": "29"}, "1": {"maxiter": 100, "gtol": 1e-05, "xrtol": 1e-05, "eps": 1e-10, "duration": 0.047779083251953125, "fun": "0.24618894101245448", "jac": "[ 1.11022293e-06 -4.44089173e-06  0.00000000e+00  4.44089173e-06\n -2.22044587e-06  6.66133760e-06]", "hess_inv": "[[ 3.72761098 -0.82590188  1.23586309  0.14211128  3.16708025  1.391999  ]\n [-0.82590188  5.71501618 -5.4034985   1.84350528 -3.20955984 -1.99862877]\n [ 1.23586309 -5.4034985   9.15152212 -2.52722149  5.68045488  3.95286018]\n [ 0.14211128  1.84350528 -2.52722149  3.90020064 -1.93440438 -1.44879627]\n [ 3.16708025 -3.20955984  5.68045488 -1.93440438 14.33081033  9.93504711]\n [ 1.391999   -1.99862877  3.95286018 -1.44879627  9.93504711 10.07333745]]", "nfev": "266", "njev": "38", "status": "0", "success": "True", "message": "Optimization terminated successfully.", "x": "[5.37331277 3.60768119 7.0945523  2.48158644 1.80942199 3.42768724]", "nit": "28"}, "2": {"maxiter": 100, "gtol": 1e-05, "xrtol": 1e-10, "eps": 1e-05, "duration": 0.04886817932128906, "fun": "0.24618894101509015", "jac": "[-6.55808741e-07 -1.10720322e-06 -6.26054764e-07  7.61402053e-07\n -4.86299889e-07  7.68451969e-07]", "hess_inv": "[[ 3.71988504 -0.84536955  1.23427422  0.12691465  3.26499011  1.45850441]\n [-0.84536955  5.91318879 -5.48794228  1.80240071 -3.29914756 -2.02638668]\n [ 1.23427422 -5.48794228  9.18241602 -2.52297181  5.7717242   4.02902831]\n [ 0.12691465  1.80240071 -2.52297181  3.92176419 -1.97340464 -1.54908148]\n [ 3.26499011 -3.29914756  5.7717242  -1.97340464 14.49193195  9.98475674]\n [ 1.45850441 -2.02638668  4.02902831 -1.54908148  9.98475674  9.92237234]]", "nfev": "273", "njev": "39", "status": "0", "success": "True", "message": "Optimization terminated successfully.", "x": "[5.37329054 3.60770047 7.09452519 2.48157841 1.8093595  3.42763183]", "nit": "29"}, "3": {"maxiter": 100, "gtol": 1e-05, "xrtol": 1e-10, "eps": 1e-10, "duration": 0.04734396934509277, "fun": "0.24618894101245448", "jac": "[ 1.11022293e-06 -4.44089173e-06  0.00000000e+00  4.44089173e-06\n -2.22044587e-06  6.66133760e-06]", "hess_inv": "[[ 3.72761098 -0.82590188  1.23586309  0.14211128  3.16708025  1.391999  ]\n [-0.82590188  5.71501618 -5.4034985   1.84350528 -3.20955984 -1.99862877]\n [ 1.23586309 -5.4034985   9.15152212 -2.52722149  5.68045488  3.95286018]\n [ 0.14211128  1.84350528 -2.52722149  3.90020064 -1.93440438 -1.44879627]\n [ 3.16708025 -3.20955984  5.68045488 -1.93440438 14.33081033  9.93504711]\n [ 1.391999   -1.99862877  3.95286018 -1.44879627  9.93504711 10.07333745]]", "nfev": "266", "njev": "38", "status": "0", "success": "True", "message": "Optimization terminated successfully.", "x": "[5.37331277 3.60768119 7.0945523  2.48158644 1.80942199 3.42768724]", "nit": "28"}, "4": {"maxiter": 100, "gtol": 1e-10, "xrtol": 1e-05, "eps": 1e-05, "duration": 0.04840397834777832, "fun": "0.24618894101509015", "jac": "[-6.55808741e-07 -1.10720322e-06 -6.26054764e-07  7.61402053e-07\n -4.86299889e-07  7.68451969e-07]", "hess_inv": "[[ 3.71988504 -0.84536955  1.23427422  0.12691465  3.26499011  1.45850441]\n [-0.84536955  5.91318879 -5.48794228  1.80240071 -3.29914756 -2.02638668]\n [ 1.23427422 -5.48794228  9.18241602 -2.52297181  5.7717242   4.02902831]\n [ 0.12691465  1.80240071 -2.52297181  3.92176419 -1.97340464 -1.54908148]\n [ 3.26499011 -3.29914756  5.7717242  -1.97340464 14.49193195  9.98475674]\n [ 1.45850441 -2.02638668  4.02902831 -1.54908148  9.98475674  9.92237234]]", "nfev": "273", "njev": "39", "status": "0", "success": "True", "message": "Optimization terminated successfully.", "x": "[5.37329054 3.60770047 7.09452519 2.48157841 1.8093595  3.42763183]", "nit": "29"}, "5": {"maxiter": 100, "gtol": 1e-10, "xrtol": 1e-05, "eps": 1e-10, "duration": 0.04835987091064453, "fun": "0.2461889409527448", "jac": "[-1.11022293e-06 -1.11022293e-06 -2.22044587e-06 -1.11022293e-06\n  0.00000000e+00 -1.11022293e-06]", "hess_inv": "[[ 3.73067894 -0.92553887  1.26254189  0.15252561  3.17848167  1.32407655]\n [-0.92553887  6.18624575 -5.71278001  1.78228212 -3.61291503 -2.23972584]\n [ 1.26254189 -5.71278001  9.27123633 -2.49248246  5.78626664  3.85534985]\n [ 0.15252561  1.78228212 -2.49248246  3.90779906 -1.89238781 -1.43418993]\n [ 3.17848167 -3.61291503  5.78626664 -1.89238781 14.37278558  9.65335262]\n [ 1.32407655 -2.23972584  3.85534985 -1.43418993  9.65335262  9.41125954]]", "nfev": "273", "njev": "39", "status": "0", "success": "True", "message": "Optimization terminated successfully.", "x": "[5.37330207 3.60770867 7.09452376 2.48158218 1.80937843 3.42764094]", "nit": "29"}, "6": {"maxiter": 100, "gtol": 1e-10, "xrtol": 1e-10, "eps": 1e-05, "duration": 0.051965951919555664, "fun": "0.24618894099859934", "jac": "[ 2.22044605e-11  2.22044605e-11  0.00000000e+00 -6.66133815e-11\n  4.44089210e-11  0.00000000e+00]", "hess_inv": "[[ 3.92060859e+00 -8.18014597e-01  1.42555518e+00  6.01251389e-04\n   3.45539681e+00  1.43145775e+00]\n [-8.18014597e-01  5.92492034e+00 -5.47675860e+00  1.76668362e+00\n  -3.25096401e+00 -2.04448697e+00]\n [ 1.42555518e+00 -5.47675860e+00  9.37073413e+00 -2.63427778e+00\n   5.94712950e+00  4.00077790e+00]\n [ 6.01251389e-04  1.76668362e+00 -2.63427778e+00  4.01124567e+00\n  -2.10315730e+00 -1.53322603e+00]\n [ 3.45539681e+00 -3.25096401e+00  5.94712950e+00 -2.10315730e+00\n   1.46767280e+01  9.96682794e+00]\n [ 1.43145775e+00 -2.04448697e+00  4.00077790e+00 -1.53322603e+00\n   9.96682794e+00  9.91234891e+00]]", "nfev": "294", "njev": "42", "status": "0", "success": "True", "message": "Optimization terminated successfully.", "x": "[5.37329367 3.60770179 7.09452771 2.48157579 1.809363   3.42763142]", "nit": "32"}, "7": {"maxiter": 100, "gtol": 1e-10, "xrtol": 1e-10, "eps": 1e-10, "duration": 0.06775307655334473, "fun": "0.24618894091809618", "jac": "[2.22044587e-06 2.22044587e-06 1.11022293e-06 0.00000000e+00\n 0.00000000e+00 1.11022293e-06]", "hess_inv": "[[  3.16990333   2.9592228   -4.33534999   5.34875898   9.22448155\n    5.9270746 ]\n [  2.9592228    9.22572934  -9.85762289  11.02682284  18.65463316\n   10.37944823]\n [ -4.33534999  -9.85762289  11.47689091 -12.44471596 -22.10939771\n  -12.84195295]\n [  5.34875898  11.02682284 -12.44471596  20.29232014  29.55456862\n   17.50858357]\n [  9.22448155  18.65463316 -22.10939771  29.55456862  48.89355609\n   29.06904358]\n [  5.9270746   10.37944823 -12.84195295  17.50858357  29.06904358\n   18.82440256]]", "nfev": "385", "njev": "55", "status": "0", "success": "True", "message": "Optimization terminated successfully.", "x": "[5.37330958 3.60769561 7.09454855 2.4815776  1.8094053  3.42766213]", "nit": "34"}, "8": {"maxiter": 500, "gtol": 1e-05, "xrtol": 1e-05, "eps": 1e-05, "duration": 0.048111915588378906, "fun": "0.24618894101509015", "jac": "[-6.55808741e-07 -1.10720322e-06 -6.26054764e-07  7.61402053e-07\n -4.86299889e-07  7.68451969e-07]", "hess_inv": "[[ 3.71988504 -0.84536955  1.23427422  0.12691465  3.26499011  1.45850441]\n [-0.84536955  5.91318879 -5.48794228  1.80240071 -3.29914756 -2.02638668]\n [ 1.23427422 -5.48794228  9.18241602 -2.52297181  5.7717242   4.02902831]\n [ 0.12691465  1.80240071 -2.52297181  3.92176419 -1.97340464 -1.54908148]\n [ 3.26499011 -3.29914756  5.7717242  -1.97340464 14.49193195  9.98475674]\n [ 1.45850441 -2.02638668  4.02902831 -1.54908148  9.98475674  9.92237234]]", "nfev": "273", "njev": "39", "status": "0", "success": "True", "message": "Optimization terminated successfully.", "x": "[5.37329054 3.60770047 7.09452519 2.48157841 1.8093595  3.42763183]", "nit": "29"}, "9": {"maxiter": 500, "gtol": 1e-05, "xrtol": 1e-05, "eps": 1e-10, "duration": 0.0468747615814209, "fun": "0.24618894101245448", "jac": "[ 1.11022293e-06 -4.44089173e-06  0.00000000e+00  4.44089173e-06\n -2.22044587e-06  6.66133760e-06]", "hess_inv": "[[ 3.72761098 -0.82590188  1.23586309  0.14211128  3.16708025  1.391999  ]\n [-0.82590188  5.71501618 -5.4034985   1.84350528 -3.20955984 -1.99862877]\n [ 1.23586309 -5.4034985   9.15152212 -2.52722149  5.68045488  3.95286018]\n [ 0.14211128  1.84350528 -2.52722149  3.90020064 -1.93440438 -1.44879627]\n [ 3.16708025 -3.20955984  5.68045488 -1.93440438 14.33081033  9.93504711]\n [ 1.391999   -1.99862877  3.95286018 -1.44879627  9.93504711 10.07333745]]", "nfev": "266", "njev": "38", "status": "0", "success": "True", "message": "Optimization terminated successfully.", "x": "[5.37331277 3.60768119 7.0945523  2.48158644 1.80942199 3.42768724]", "nit": "28"}, "10": {"maxiter": 500, "gtol": 1e-05, "xrtol": 1e-10, "eps": 1e-05, "duration": 0.04793286323547363, "fun": "0.24618894101509015", "jac": "[-6.55808741e-07 -1.10720322e-06 -6.26054764e-07  7.61402053e-07\n -4.86299889e-07  7.68451969e-07]", "hess_inv": "[[ 3.71988504 -0.84536955  1.23427422  0.12691465  3.26499011  1.45850441]\n [-0.84536955  5.91318879 -5.48794228  1.80240071 -3.29914756 -2.02638668]\n [ 1.23427422 -5.48794228  9.18241602 -2.52297181  5.7717242   4.02902831]\n [ 0.12691465  1.80240071 -2.52297181  3.92176419 -1.97340464 -1.54908148]\n [ 3.26499011 -3.29914756  5.7717242  -1.97340464 14.49193195  9.98475674]\n [ 1.45850441 -2.02638668  4.02902831 -1.54908148  9.98475674  9.92237234]]", "nfev": "273", "njev": "39", "status": "0", "success": "True", "message": "Optimization terminated successfully.", "x": "[5.37329054 3.60770047 7.09452519 2.48157841 1.8093595  3.42763183]", "nit": "29"}, "11": {"maxiter": 500, "gtol": 1e-05, "xrtol": 1e-10, "eps": 1e-10, "duration": 0.046675920486450195, "fun": "0.24618894101245448", "jac": "[ 1.11022293e-06 -4.44089173e-06  0.00000000e+00  4.44089173e-06\n -2.22044587e-06  6.66133760e-06]", "hess_inv": "[[ 3.72761098 -0.82590188  1.23586309  0.14211128  3.16708025  1.391999  ]\n [-0.82590188  5.71501618 -5.4034985   1.84350528 -3.20955984 -1.99862877]\n [ 1.23586309 -5.4034985   9.15152212 -2.52722149  5.68045488  3.95286018]\n [ 0.14211128  1.84350528 -2.52722149  3.90020064 -1.93440438 -1.44879627]\n [ 3.16708025 -3.20955984  5.68045488 -1.93440438 14.33081033  9.93504711]\n [ 1.391999   -1.99862877  3.95286018 -1.44879627  9.93504711 10.07333745]]", "nfev": "266", "njev": "38", "status": "0", "success": "True", "message": "Optimization terminated successfully.", "x": "[5.37331277 3.60768119 7.0945523  2.48158644 1.80942199 3.42768724]", "nit": "28"}, "12": {"maxiter": 500, "gtol": 1e-10, "xrtol": 1e-05, "eps": 1e-05, "duration": 0.04785418510437012, "fun": "0.24618894101509015", "jac": "[-6.55808741e-07 -1.10720322e-06 -6.26054764e-07  7.61402053e-07\n -4.86299889e-07  7.68451969e-07]", "hess_inv": "[[ 3.71988504 -0.84536955  1.23427422  0.12691465  3.26499011  1.45850441]\n [-0.84536955  5.91318879 -5.48794228  1.80240071 -3.29914756 -2.02638668]\n [ 1.23427422 -5.48794228  9.18241602 -2.52297181  5.7717242   4.02902831]\n [ 0.12691465  1.80240071 -2.52297181  3.92176419 -1.97340464 -1.54908148]\n [ 3.26499011 -3.29914756  5.7717242  -1.97340464 14.49193195  9.98475674]\n [ 1.45850441 -2.02638668  4.02902831 -1.54908148  9.98475674  9.92237234]]", "nfev": "273", "njev": "39", "status": "0", "success": "True", "message": "Optimization terminated successfully.", "x": "[5.37329054 3.60770047 7.09452519 2.48157841 1.8093595  3.42763183]", "nit": "29"}, "13": {"maxiter": 500, "gtol": 1e-10, "xrtol": 1e-05, "eps": 1e-10, "duration": 0.04776191711425781, "fun": "0.2461889409527448", "jac": "[-1.11022293e-06 -1.11022293e-06 -2.22044587e-06 -1.11022293e-06\n  0.00000000e+00 -1.11022293e-06]", "hess_inv": "[[ 3.73067894 -0.92553887  1.26254189  0.15252561  3.17848167  1.32407655]\n [-0.92553887  6.18624575 -5.71278001  1.78228212 -3.61291503 -2.23972584]\n [ 1.26254189 -5.71278001  9.27123633 -2.49248246  5.78626664  3.85534985]\n [ 0.15252561  1.78228212 -2.49248246  3.90779906 -1.89238781 -1.43418993]\n [ 3.17848167 -3.61291503  5.78626664 -1.89238781 14.37278558  9.65335262]\n [ 1.32407655 -2.23972584  3.85534985 -1.43418993  9.65335262  9.41125954]]", "nfev": "273", "njev": "39", "status": "0", "success": "True", "message": "Optimization terminated successfully.", "x": "[5.37330207 3.60770867 7.09452376 2.48158218 1.80937843 3.42764094]", "nit": "29"}, "14": {"maxiter": 500, "gtol": 1e-10, "xrtol": 1e-10, "eps": 1e-05, "duration": 0.05141806602478027, "fun": "0.24618894099859934", "jac": "[ 2.22044605e-11  2.22044605e-11  0.00000000e+00 -6.66133815e-11\n  4.44089210e-11  0.00000000e+00]", "hess_inv": "[[ 3.92060859e+00 -8.18014597e-01  1.42555518e+00  6.01251389e-04\n   3.45539681e+00  1.43145775e+00]\n [-8.18014597e-01  5.92492034e+00 -5.47675860e+00  1.76668362e+00\n  -3.25096401e+00 -2.04448697e+00]\n [ 1.42555518e+00 -5.47675860e+00  9.37073413e+00 -2.63427778e+00\n   5.94712950e+00  4.00077790e+00]\n [ 6.01251389e-04  1.76668362e+00 -2.63427778e+00  4.01124567e+00\n  -2.10315730e+00 -1.53322603e+00]\n [ 3.45539681e+00 -3.25096401e+00  5.94712950e+00 -2.10315730e+00\n   1.46767280e+01  9.96682794e+00]\n [ 1.43145775e+00 -2.04448697e+00  4.00077790e+00 -1.53322603e+00\n   9.96682794e+00  9.91234891e+00]]", "nfev": "294", "njev": "42", "status": "0", "success": "True", "message": "Optimization terminated successfully.", "x": "[5.37329367 3.60770179 7.09452771 2.48157579 1.809363   3.42763142]", "nit": "32"}, "15": {"maxiter": 500, "gtol": 1e-10, "xrtol": 1e-10, "eps": 1e-10, "duration": 0.06686806678771973, "fun": "0.24618894091809618", "jac": "[2.22044587e-06 2.22044587e-06 1.11022293e-06 0.00000000e+00\n 0.00000000e+00 1.11022293e-06]", "hess_inv": "[[  3.16990333   2.9592228   -4.33534999   5.34875898   9.22448155\n    5.9270746 ]\n [  2.9592228    9.22572934  -9.85762289  11.02682284  18.65463316\n   10.37944823]\n [ -4.33534999  -9.85762289  11.47689091 -12.44471596 -22.10939771\n  -12.84195295]\n [  5.34875898  11.02682284 -12.44471596  20.29232014  29.55456862\n   17.50858357]\n [  9.22448155  18.65463316 -22.10939771  29.55456862  48.89355609\n   29.06904358]\n [  5.9270746   10.37944823 -12.84195295  17.50858357  29.06904358\n   18.82440256]]", "nfev": "385", "njev": "55", "status": "0", "success": "True", "message": "Optimization terminated successfully.", "x": "[5.37330958 3.60769561 7.09454855 2.4815776  1.8094053  3.42766213]", "nit": "34"}, "16": {"maxiter": 1000, "gtol": 1e-05, "xrtol": 1e-05, "eps": 1e-05, "duration": 0.04766201972961426, "fun": "0.24618894101509015", "jac": "[-6.55808741e-07 -1.10720322e-06 -6.26054764e-07  7.61402053e-07\n -4.86299889e-07  7.68451969e-07]", "hess_inv": "[[ 3.71988504 -0.84536955  1.23427422  0.12691465  3.26499011  1.45850441]\n [-0.84536955  5.91318879 -5.48794228  1.80240071 -3.29914756 -2.02638668]\n [ 1.23427422 -5.48794228  9.18241602 -2.52297181  5.7717242   4.02902831]\n [ 0.12691465  1.80240071 -2.52297181  3.92176419 -1.97340464 -1.54908148]\n [ 3.26499011 -3.29914756  5.7717242  -1.97340464 14.49193195  9.98475674]\n [ 1.45850441 -2.02638668  4.02902831 -1.54908148  9.98475674  9.92237234]]", "nfev": "273", "njev": "39", "status": "0", "success": "True", "message": "Optimization terminated successfully.", "x": "[5.37329054 3.60770047 7.09452519 2.48157841 1.8093595  3.42763183]", "nit": "29"}, "17": {"maxiter": 1000, "gtol": 1e-05, "xrtol": 1e-05, "eps": 1e-10, "duration": 0.046424150466918945, "fun": "0.24618894101245448", "jac": "[ 1.11022293e-06 -4.44089173e-06  0.00000000e+00  4.44089173e-06\n -2.22044587e-06  6.66133760e-06]", "hess_inv": "[[ 3.72761098 -0.82590188  1.23586309  0.14211128  3.16708025  1.391999  ]\n [-0.82590188  5.71501618 -5.4034985   1.84350528 -3.20955984 -1.99862877]\n [ 1.23586309 -5.4034985   9.15152212 -2.52722149  5.68045488  3.95286018]\n [ 0.14211128  1.84350528 -2.52722149  3.90020064 -1.93440438 -1.44879627]\n [ 3.16708025 -3.20955984  5.68045488 -1.93440438 14.33081033  9.93504711]\n [ 1.391999   -1.99862877  3.95286018 -1.44879627  9.93504711 10.07333745]]", "nfev": "266", "njev": "38", "status": "0", "success": "True", "message": "Optimization terminated successfully.", "x": "[5.37331277 3.60768119 7.0945523  2.48158644 1.80942199 3.42768724]", "nit": "28"}, "18": {"maxiter": 1000, "gtol": 1e-05, "xrtol": 1e-10, "eps": 1e-05, "duration": 0.04796600341796875, "fun": "0.24618894101509015", "jac": "[-6.55808741e-07 -1.10720322e-06 -6.26054764e-07  7.61402053e-07\n -4.86299889e-07  7.68451969e-07]", "hess_inv": "[[ 3.71988504 -0.84536955  1.23427422  0.12691465  3.26499011  1.45850441]\n [-0.84536955  5.91318879 -5.48794228  1.80240071 -3.29914756 -2.02638668]\n [ 1.23427422 -5.48794228  9.18241602 -2.52297181  5.7717242   4.02902831]\n [ 0.12691465  1.80240071 -2.52297181  3.92176419 -1.97340464 -1.54908148]\n [ 3.26499011 -3.29914756  5.7717242  -1.97340464 14.49193195  9.98475674]\n [ 1.45850441 -2.02638668  4.02902831 -1.54908148  9.98475674  9.92237234]]", "nfev": "273", "njev": "39", "status": "0", "success": "True", "message": "Optimization terminated successfully.", "x": "[5.37329054 3.60770047 7.09452519 2.48157841 1.8093595  3.42763183]", "nit": "29"}, "19": {"maxiter": 1000, "gtol": 1e-05, "xrtol": 1e-10, "eps": 1e-10, "duration": 0.04648876190185547, "fun": "0.24618894101245448", "jac": "[ 1.11022293e-06 -4.44089173e-06  0.00000000e+00  4.44089173e-06\n -2.22044587e-06  6.66133760e-06]", "hess_inv": "[[ 3.72761098 -0.82590188  1.23586309  0.14211128  3.16708025  1.391999  ]\n [-0.82590188  5.71501618 -5.4034985   1.84350528 -3.20955984 -1.99862877]\n [ 1.23586309 -5.4034985   9.15152212 -2.52722149  5.68045488  3.95286018]\n [ 0.14211128  1.84350528 -2.52722149  3.90020064 -1.93440438 -1.44879627]\n [ 3.16708025 -3.20955984  5.68045488 -1.93440438 14.33081033  9.93504711]\n [ 1.391999   -1.99862877  3.95286018 -1.44879627  9.93504711 10.07333745]]", "nfev": "266", "njev": "38", "status": "0", "success": "True", "message": "Optimization terminated successfully.", "x": "[5.37331277 3.60768119 7.0945523  2.48158644 1.80942199 3.42768724]", "nit": "28"}, "20": {"maxiter": 1000, "gtol": 1e-10, "xrtol": 1e-05, "eps": 1e-05, "duration": 0.04758501052856445, "fun": "0.24618894101509015", "jac": "[-6.55808741e-07 -1.10720322e-06 -6.26054764e-07  7.61402053e-07\n -4.86299889e-07  7.68451969e-07]", "hess_inv": "[[ 3.71988504 -0.84536955  1.23427422  0.12691465  3.26499011  1.45850441]\n [-0.84536955  5.91318879 -5.48794228  1.80240071 -3.29914756 -2.02638668]\n [ 1.23427422 -5.48794228  9.18241602 -2.52297181  5.7717242   4.02902831]\n [ 0.12691465  1.80240071 -2.52297181  3.92176419 -1.97340464 -1.54908148]\n [ 3.26499011 -3.29914756  5.7717242  -1.97340464 14.49193195  9.98475674]\n [ 1.45850441 -2.02638668  4.02902831 -1.54908148  9.98475674  9.92237234]]", "nfev": "273", "njev": "39", "status": "0", "success": "True", "message": "Optimization terminated successfully.", "x": "[5.37329054 3.60770047 7.09452519 2.48157841 1.8093595  3.42763183]", "nit": "29"}, "21": {"maxiter": 1000, "gtol": 1e-10, "xrtol": 1e-05, "eps": 1e-10, "duration": 0.047495126724243164, "fun": "0.2461889409527448", "jac": "[-1.11022293e-06 -1.11022293e-06 -2.22044587e-06 -1.11022293e-06\n  0.00000000e+00 -1.11022293e-06]", "hess_inv": "[[ 3.73067894 -0.92553887  1.26254189  0.15252561  3.17848167  1.32407655]\n [-0.92553887  6.18624575 -5.71278001  1.78228212 -3.61291503 -2.23972584]\n [ 1.26254189 -5.71278001  9.27123633 -2.49248246  5.78626664  3.85534985]\n [ 0.15252561  1.78228212 -2.49248246  3.90779906 -1.89238781 -1.43418993]\n [ 3.17848167 -3.61291503  5.78626664 -1.89238781 14.37278558  9.65335262]\n [ 1.32407655 -2.23972584  3.85534985 -1.43418993  9.65335262  9.41125954]]", "nfev": "273", "njev": "39", "status": "0", "success": "True", "message": "Optimization terminated successfully.", "x": "[5.37330207 3.60770867 7.09452376 2.48158218 1.80937843 3.42764094]", "nit": "29"}, "22": {"maxiter": 1000, "gtol": 1e-10, "xrtol": 1e-10, "eps": 1e-05, "duration": 0.05257081985473633, "fun": "0.24618894099859934", "jac": "[ 2.22044605e-11  2.22044605e-11  0.00000000e+00 -6.66133815e-11\n  4.44089210e-11  0.00000000e+00]", "hess_inv": "[[ 3.92060859e+00 -8.18014597e-01  1.42555518e+00  6.01251389e-04\n   3.45539681e+00  1.43145775e+00]\n [-8.18014597e-01  5.92492034e+00 -5.47675860e+00  1.76668362e+00\n  -3.25096401e+00 -2.04448697e+00]\n [ 1.42555518e+00 -5.47675860e+00  9.37073413e+00 -2.63427778e+00\n   5.94712950e+00  4.00077790e+00]\n [ 6.01251389e-04  1.76668362e+00 -2.63427778e+00  4.01124567e+00\n  -2.10315730e+00 -1.53322603e+00]\n [ 3.45539681e+00 -3.25096401e+00  5.94712950e+00 -2.10315730e+00\n   1.46767280e+01  9.96682794e+00]\n [ 1.43145775e+00 -2.04448697e+00  4.00077790e+00 -1.53322603e+00\n   9.96682794e+00  9.91234891e+00]]", "nfev": "294", "njev": "42", "status": "0", "success": "True", "message": "Optimization terminated successfully.", "x": "[5.37329367 3.60770179 7.09452771 2.48157579 1.809363   3.42763142]", "nit": "32"}, "23": {"maxiter": 1000, "gtol": 1e-10, "xrtol": 1e-10, "eps": 1e-10, "duration": 0.06886982917785645, "fun": "0.24618894091809618", "jac": "[2.22044587e-06 2.22044587e-06 1.11022293e-06 0.00000000e+00\n 0.00000000e+00 1.11022293e-06]", "hess_inv": "[[  3.16990333   2.9592228   -4.33534999   5.34875898   9.22448155\n    5.9270746 ]\n [  2.9592228    9.22572934  -9.85762289  11.02682284  18.65463316\n   10.37944823]\n [ -4.33534999  -9.85762289  11.47689091 -12.44471596 -22.10939771\n  -12.84195295]\n [  5.34875898  11.02682284 -12.44471596  20.29232014  29.55456862\n   17.50858357]\n [  9.22448155  18.65463316 -22.10939771  29.55456862  48.89355609\n   29.06904358]\n [  5.9270746   10.37944823 -12.84195295  17.50858357  29.06904358\n   18.82440256]]", "nfev": "385", "njev": "55", "status": "0", "success": "True", "message": "Optimization terminated successfully.", "x": "[5.37330958 3.60769561 7.09454855 2.4815776  1.8094053  3.42766213]", "nit": "34"}}, "cobyla": {"0": {"maxiter": 100, "tol": 1e-05, "catol": 1e-05, "duration": 0.01719975471496582, "x": "[5.39589262 3.5951351  7.13163072 2.47096061 1.91521274 3.49114759]", "status": "2", "success": "False", "message": "Maximum number of function evaluations has been exceeded.", "nfev": "100", "fun": "0.24663362475409434", "maxcv": "0.0"}, "1": {"maxiter": 100, "tol": 1e-05, "catol": 1e-10, "duration": 0.01711416244506836, "x": "[5.39589262 3.5951351  7.13163072 2.47096061 1.91521274 3.49114759]", "status": "2", "success": "False", "message": "Maximum number of function evaluations has been exceeded.", "nfev": "100", "fun": "0.24663362475409434", "maxcv": "0.0"}, "2": {"maxiter": 100, "tol": 1e-10, "catol": 1e-05, "duration": 0.01720595359802246, "x": "[5.39589262 3.5951351  7.13163072 2.47096061 1.91521274 3.49114759]", "status": "2", "success": "False", "message": "Maximum number of function evaluations has been exceeded.", "nfev": "100", "fun": "0.24663362475409434", "maxcv": "0.0"}, "3": {"maxiter": 100, "tol": 1e-10, "catol": 1e-10, "duration": 0.017206192016601562, "x": "[5.39589262 3.5951351  7.13163072 2.47096061 1.91521274 3.49114759]", "status": "2", "success": "False", "message": "Maximum number of function evaluations has been exceeded.", "nfev": "100", "fun": "0.24663362475409434", "maxcv": "0.0"}, "4": {"maxiter": 500, "tol": 1e-05, "catol": 1e-05, "duration": 0.059478044509887695, "x": "[5.37332687 3.60768739 7.09456705 2.48157552 1.80943684 3.42768763]", "status": "1", "success": "True", "message": "Optimization terminated successfully.", "nfev": "346", "fun": "0.246188940982896", "maxcv": "0.0"}, "5": {"maxiter": 500, "tol": 1e-05, "catol": 1e-10, "duration": 0.059374094009399414, "x": "[5.37332687 3.60768739 7.09456705 2.48157552 1.80943684 3.42768763]", "status": "1", "