{"date": "2024/07/18/, 21:13:47", "conf_id": 68, "data_type": "random\n", "num_data_points": 4, "s_rank": 0, "unitary": "[[-0.53618537-0.34368723j,-0.12107031-0.46226139j,-0.07699282-0.46603512j,0.36022595-0.11472301j],[0.26026499-0.63450712j,-0.56616638+0.37832564j,-0.14988651+0.08458591j,0.10363514-0.16008501j],[-0.32580188-0.11070003j,-0.36476308-0.23593218j,0.02559343+0.41761608j,-0.25598305+0.6725303j],[0.07406738-0.0126433j,0.28513701+0.19483972j,-0.74939717-0.10299659j,0.29798249+0.46269921j]]", "databatch_0": {"databatch": "[[[-0.60417526-7.56529971e-02j,0.17525576-5.02358371e-01j,0.0402672-2.24291513e-01j,-0.17876387+2.47440362e-02j],[-0.05438306-1.02840513e-01j,0.10784515+2.56851442e-02j,0.05717745+3.49004547e-03j,-0.04676207-3.73279888e-02j],[0.08135008+3.14575789e-01j,-0.3018777+3.46350030e-02j,-0.12186829+3.89630347e-02j,0.04421454+7.00993260e-02j],[-0.03607277-5.01256089e-02j,0.05182252-5.57147426e-03j,0.02448702-5.76863814e-03j,-0.0210101-1.54553137e-02j]],[[0.09643092+5.66054416e-02j,0.12975092+1.37481153e-01j,0.0498218+2.89023450e-02j,0.09394275+5.39906568e-04j],[-0.11158535+1.96025368e-01j,-0.29852238+2.16696890e-01j,-0.13886365+4.82742505e-02j,-0.04707353+8.61088030e-03j],[0.08773155-7.61788018e-02j,0.01569895-1.45769729e-01j,-0.26337898+8.56039400e-03j,-0.46945746-4.20664168e-01j],[-0.21615515-7.97764845e-02j,-0.20965523-2.59306184e-01j,0.02337131-1.76100016e-01j,0.17594446+1.34729784e-02j]],[[-0.22019018+7.35326445e-02j,0.15986393-1.49420534e-01j,0.26433201+3.69553748e-02j,-0.15682711+1.74547493e-01j],[0.14961609+3.53604955e-02j,-0.0215463+3.29994545e-02j,-0.16960813-3.43858555e-01j,0.34664452-1.18476987e-01j],[0.14496264+6.12124861e-02j,-0.27403601+1.11937862e-02j,-0.06080825+9.96201871e-02j,-0.04016497+7.82061642e-02j],[0.0202244+1.38855828e-01j,0.03448304-2.73793714e-01j,-0.2966278-2.98245915e-01j,0.14739644-2.22922255e-01j]],[[-0.10797788-1.59082005e-01j,0.01675609-2.06250123e-01j,-0.25583342-2.99911650e-03j,0.24523084-5.72089794e-01j],[0.06191613+8.25711528e-02j,0.07386336-2.18172695e-02j,0.10968776-9.36372224e-02j,0.09130152+1.74393820e-01j],[0.07159612+1.04295025e-01j,-0.04158184-1.30589094e-01j,0.03683012-9.35847820e-02j,-0.01470031-3.41698088e-02j],[0.04519719-1.09369931e-01j,-0.15625422-1.88363219e-01j,-0.25103805-6.48863675e-02j,0.07654222-4.44885735e-01j]]]", "initial param values": "[6.07189581,3.52154177,3.96754682,0.3812218,2.2224276,1.64695965]", "nelder_mead": {"type": "gradient-free", "0": {"maxiter": 100, "fatol": 1e-05, "xatol": 1e-05, "duration": 0.0267031192779541, "fun": "0.48203542829892054", "nit": "100", "nfev": "155", "status": "2", "success": "False", "message": "Maximum number of iterations has been exceeded.", "x": "[ 3.02648026  3.89515469  6.03474318  0.73433372  4.39723451 -1.46544518]", "final_simplex": "(array([[ 3.02648026,  3.89515469,  6.03474318,  0.73433372,  4.39723451,\n        -1.46544518],\n       [ 3.08787164,  3.88653529,  6.22170406,  0.74274591,  4.31798425,\n        -1.54148996],\n       [ 3.1745438 ,  3.86956005,  6.06501058,  0.71959341,  4.21797727,\n        -1.30698273],\n       [ 3.20384206,  3.88965247,  5.97872143,  0.71729472,  4.27150036,\n        -1.30522113],\n       [ 3.37051344,  3.98515516,  6.25390161,  0.72293621,  4.04090241,\n        -1.31272704],\n       [ 3.07342383,  3.78135193,  6.20424389,  0.74126535,  4.36344626,\n        -1.48883343],\n       [ 3.11741318,  3.93591583,  6.2270267 ,  0.72153118,  4.1872184 ,\n        -1.24945174]]), array([0.48203543, 0.48228412, 0.48320069, 0.48445847, 0.48472651,\n       0.48484504, 0.48526174]))"}, "1": {"maxiter": 100, "fatol": 1e-05, "xatol": 1e-10, "duration": 0.0262908935546875, "fun": "0.48203542829892054", "nit": "100", "nfev": "155", "status": "2", "success": "False", "message": "Maximum number of iterations has been exceeded.", "x": "[ 3.02648026  3.89515469  6.03474318  0.73433372  4.39723451 -1.46544518]", "final_simplex": "(array([[ 3.02648026,  3.89515469,  6.03474318,  0.73433372,  4.39723451,\n        -1.46544518],\n       [ 3.08787164,  3.88653529,  6.22170406,  0.74274591,  4.31798425,\n        -1.54148996],\n       [ 3.1745438 ,  3.86956005,  6.06501058,  0.71959341,  4.21797727,\n        -1.30698273],\n       [ 3.20384206,  3.88965247,  5.97872143,  0.71729472,  4.27150036,\n        -1.30522113],\n       [ 3.37051344,  3.98515516,  6.25390161,  0.72293621,  4.04090241,\n        -1.31272704],\n       [ 3.07342383,  3.78135193,  6.20424389,  0.74126535,  4.36344626,\n        -1.48883343],\n       [ 3.11741318,  3.93591583,  6.2270267 ,  0.72153118,  4.1872184 ,\n        -1.24945174]]), array([0.48203543, 0.48228412, 0.48320069, 0.48445847, 0.48472651,\n       0.48484504, 0.48526174]))"}, "2": {"maxiter": 100, "fatol": 1e-10, "xatol": 1e-05, "duration": 0.026324033737182617, "fun": "0.48203542829892054", "nit": "100", "nfev": "155", "status": "2", "success": "False", "message": "Maximum number of iterations has been exceeded.", "x": "[ 3.02648026  3.89515469  6.03474318  0.73433372  4.39723451 -1.46544518]", "final_simplex": "(array([[ 3.02648026,  3.89515469,  6.03474318,  0.73433372,  4.39723451,\n        -1.46544518],\n       [ 3.08787164,  3.88653529,  6.22170406,  0.74274591,  4.31798425,\n        -1.54148996],\n       [ 3.1745438 ,  3.86956005,  6.06501058,  0.71959341,  4.21797727,\n        -1.30698273],\n       [ 3.20384206,  3.88965247,  5.97872143,  0.71729472,  4.27150036,\n        -1.30522113],\n       [ 3.37051344,  3.98515516,  6.25390161,  0.72293621,  4.04090241,\n        -1.31272704],\n       [ 3.07342383,  3.78135193,  6.20424389,  0.74126535,  4.36344626,\n        -1.48883343],\n       [ 3.11741318,  3.93591583,  6.2270267 ,  0.72153118,  4.1872184 ,\n        -1.24945174]]), array([0.48203543, 0.48228412, 0.48320069, 0.48445847, 0.48472651,\n       0.48484504, 0.48526174]))"}, "3": {"maxiter": 100, "fatol": 1e-10, "xatol": 1e-10, "duration": 0.02628493309020996, "fun": "0.48203542829892054", "nit": "100", "nfev": "155", "status": "2", "success": "False", "message": "Maximum number of iterations has been exceeded.", "x": "[ 3.02648026  3.89515469  6.03474318  0.73433372  4.39723451 -1.46544518]", "final_simplex": "(array([[ 3.02648026,  3.89515469,  6.03474318,  0.73433372,  4.39723451,\n        -1.46544518],\n       [ 3.08787164,  3.88653529,  6.22170406,  0.74274591,  4.31798425,\n        -1.54148996],\n       [ 3.1745438 ,  3.86956005,  6.06501058,  0.71959341,  4.21797727,\n        -1.30698273],\n       [ 3.20384206,  3.88965247,  5.97872143,  0.71729472,  4.27150036,\n        -1.30522113],\n       [ 3.37051344,  3.98515516,  6.25390161,  0.72293621,  4.04090241,\n        -1.31272704],\n       [ 3.07342383,  3.78135193,  6.20424389,  0.74126535,  4.36344626,\n        -1.48883343],\n       [ 3.11741318,  3.93591583,  6.2270267 ,  0.72153118,  4.1872184 ,\n        -1.24945174]]), array([0.48203543, 0.48228412, 0.48320069, 0.48445847, 0.48472651,\n       0.48484504, 0.48526174]))"}, "4": {"maxiter": 500, "fatol": 1e-05, "xatol": 1e-05, "duration": 0.12902402877807617, "fun": "0.3835423470533713", "nit": "500", "nfev": "762", "status": "2", "success": "False", "message": "Maximum number of iterations has been exceeded.", "x": "[ 2.31598628  2.50397294  4.4463291   1.32627668  4.3320491  -1.01309823]", "final_simplex": "(array([[ 2.31598628,  2.50397294,  4.4463291 ,  1.32627668,  4.3320491 ,\n        -1.01309823],\n       [ 2.29662368,  2.50311914,  4.44064688,  1.34331432,  4.33269833,\n        -1.00551551],\n       [ 2.30809045,  2.49707648,  4.41581817,  1.34902588,  4.35615008,\n        -0.99621678],\n       [ 2.31996484,  2.47598197,  4.42006995,  1.35506567,  4.32437073,\n        -0.99205126],\n       [ 2.31355816,  2.53098998,  4.46823834,  1.35057505,  4.3166976 ,\n        -1.01834217],\n       [ 2.30321421,  2.50757059,  4.4558443 ,  1.32862969,  4.30691721,\n        -0.97715191],\n       [ 2.2985087 ,  2.51679583,  4.47278912,  1.3418178 ,  4.32914978,\n        -0.9895096 ]]), array([0.38354235, 0.3835751 , 0.38361043, 0.38362619, 0.38363529,\n       0.38364993, 0.38367186]))"}, "5": {"maxiter": 500, "fatol": 1e-05, "xatol": 1e-10, "duration": 0.12936973571777344, "fun": "0.3835423470533713", "nit": "500", "nfev": "762", "status": "2", "success": "False", "message": "Maximum number of iterations has been exceeded.", "x": "[ 2.31598628  2.50397294  4.4463291   1.32627668  4.3320491  -1.01309823]", "final_simplex": "(array([[ 2.31598628,  2.50397294,  4.4463291 ,  1.32627668,  4.3320491 ,\n        -1.01309823],\n       [ 2.29662368,  2.50311914,  4.44064688,  1.34331432,  4.33269833,\n        -1.00551551],\n       [ 2.30809045,  2.49707648,  4.41581817,  1.34902588,  4.35615008,\n        -0.99621678],\n       [ 2.31996484,  2.47598197,  4.42006995,  1.35506567,  4.32437073,\n        -0.99205126],\n       [ 2.31355816,  2.53098998,  4.46823834,  1.35057505,  4.3166976 ,\n        -1.01834217],\n       [ 2.30321421,  2.50757059,  4.4558443 ,  1.32862969,  4.30691721,\n        -0.97715191],\n       [ 2.2985087 ,  2.51679583,  4.47278912,  1.3418178 ,  4.32914978,\n        -0.9895096 ]]), array([0.38354235, 0.3835751 , 0.38361043, 0.38362619, 0.38363529,\n       0.38364993, 0.38367186]))"}, "6": {"maxiter": 500, "fatol": 1e-10, "xatol": 1e-05, "duration": 0.1286470890045166, "fun": "0.3835423470533713", "nit": "500", "nfev": "762", "status": "2", "success": "False", "message": "Maximum number of iterations has been exceeded.", "x": "[ 2.31598628  2.50397294  4.4463291   1.32627668  4.3320491  -1.01309823]", "final_simplex": "(array([[ 2.31598628,  2.50397294,  4.4463291 ,  1.32627668,  4.3320491 ,\n        -1.01309823],\n       [ 2.29662368,  2.50311914,  4.44064688,  1.34331432,  4.33269833,\n        -1.00551551],\n       [ 2.30809045,  2.49707648,  4.41581817,  1.34902588,  4.35615008,\n        -0.99621678],\n       [ 2.31996484,  2.47598197,  4.42006995,  1.35506567,  4.32437073,\n        -0.99205126],\n       [ 2.31355816,  2.53098998,  4.46823834,  1.35057505,  4.3166976 ,\n        -1.01834217],\n       [ 2.30321421,  2.50757059,  4.4558443 ,  1.32862969,  4.30691721,\n        -0.97715191],\n       [ 2.2985087 ,  2.51679583,  4.47278912,  1.3418178 ,  4.32914978,\n        -0.9895096 ]]), array([0.38354235, 0.3835751 , 0.38361043, 0.38362619, 0.38363529,\n       0.38364993, 0.38367186]))"}, "7": {"maxiter": 500, "fatol": 1e-10, "xatol": 1e-10, "duration": 0.1263868808746338, "fun": "0.3835423470533713", "nit": "500", "nfev": "762", "status": "2", "success": "False", "message": "Maximum number of iterations has been exceeded.", "x": "[ 2.31598628  2.50397294  4.4463291   1.32627668  4.3320491  -1.01309823]", "final_simplex": "(array([[ 2.31598628,  2.50397294,  4.4463291 ,  1.32627668,  4.3320491 ,\n        -1.01309823],\n       [ 2.29662368,  2.50311914,  4.44064688,  1.34331432,  4.33269833,\n        -1.00551551],\n       [ 2.30809045,  2.49707648,  4.41581817,  1.34902588,  4.35615008,\n        -0.99621678],\n       [ 2.31996484,  2.47598197,  4.42006995,  1.35506567,  4.32437073,\n        -0.99205126],\n       [ 2.31355816,  2.53098998,  4.46823834,  1.35057505,  4.3166976 ,\n        -1.01834217],\n       [ 2.30321421,  2.50757059,  4.4558443 ,  1.32862969,  4.30691721,\n        -0.97715191],\n       [ 2.2985087 ,  2.51679583,  4.47278912,  1.3418178 ,  4.32914978,\n        -0.9895096 ]]), array([0.38354235, 0.3835751 , 0.38361043, 0.38362619, 0.38363529,\n       0.38364993, 0.38367186]))"}, "8": {"maxiter": 1000, "fatol": 1e-05, "xatol": 1e-05, "duration": 0.16131997108459473, "fun": "0.38351181912793664", "nit": "630", "nfev": "975", "status": "0", "success": "True", "message": "Optimization terminated successfully.", "x": "[ 2.31349695  2.49793445  4.42940669  1.33514165  4.3316755  -0.99895063]", "final_simplex": "(array([[ 2.31349695,  2.49793445,  4.42940669,  1.33514165,  4.3316755 ,\n        -0.99895063],\n       [ 2.31349443,  2.49793884,  4.42941181,  1.33514213,  4.33167465,\n        -0.99894535],\n       [ 2.31349233,  2.4979374 ,  4.42940497,  1.3351421 ,  4.33168063,\n        -0.99895163],\n       [ 2.31349336,  2.49794369,  4.42940967,  1.33514343,  4.33166952,\n        -0.99895522],\n       [ 2.31349132,  2.49792819,  4.42940286,  1.33514083,  4.33167181,\n        -0.99895237],\n       [ 2.3134923 ,  2.49793459,  4.42939882,  1.33514874,  4.33167682,\n        -0.99894942],\n       [ 2.31349492,  2.49793444,  4.42940178,  1.33514035,  4.33167351,\n        -0.99894532]]), array([0.38351182, 0.38351182, 0.38351182, 0.38351182, 0.38351182,\n       0.38351182, 0.38351182]))"}, "9": {"maxiter": 1000, "fatol": 1e-05, "xatol": 1e-10, "duration": 0.19828295707702637, "fun": "0.3835118191244742", "nit": "732", "nfev": "1199", "status": "0", "success": "True", "message": "Optimization terminated successfully.", "x": "[ 2.31349657  2.49794105  4.42941305  1.33514414  4.33167397 -0.99895465]", "final_simplex": "(array([[ 2.31349657,  2.49794105,  4.42941305,  1.33514414,  4.33167397,\n        -0.99895465],\n       [ 2.31349657,  2.49794105,  4.42941305,  1.33514414,  4.33167397,\n        -0.99895465],\n       [ 2.31349657,  2.49794105,  4.42941305,  1.33514414,  4.33167397,\n        -0.99895465],\n       [ 2.31349657,  2.49794105,  4.42941305,  1.33514414,  4.33167397,\n        -0.99895465],\n       [ 2.31349657,  2.49794105,  4.42941305,  1.33514414,  4.33167397,\n        -0.99895465],\n       [ 2.31349657,  2.49794105,  4.42941305,  1.33514414,  4.33167397,\n        -0.99895465],\n       [ 2.31349657,  2.49794105,  4.42941305,  1.33514414,  4.33167397,\n        -0.99895465]]), array([0.38351182, 0.38351182, 0.38351182, 0.38351182, 0.38351182,\n       0.38351182, 0.38351182]))"}, "10": {"maxiter": 1000, "fatol": 1e-10, "xatol": 1e-05, "duration": 0.16457700729370117, "fun": "0.38351181912793664", "nit": "630", "nfev": "975", "status": "0", "success": "True", "message": "Optimization terminated successfully.", "x": "[ 2.31349695  2.49793445  4.42940669  1.33514165  4.3316755  -0.99895063]", "final_simplex": "(array([[ 2.31349695,  2.49793445,  4.42940669,  1.33514165,  4.3316755 ,\n        -0.99895063],\n       [ 2.31349443,  2.49793884,  4.42941181,  1.33514213,  4.33167465,\n        -0.99894535],\n       [ 2.31349233,  2.4979374 ,  4.42940497,  1.3351421 ,  4.33168063,\n        -0.99895163],\n       [ 2.31349336,  2.49794369,  4.42940967,  1.33514343,  4.33166952,\n        -0.99895522],\n       [ 2.31349132,  2.49792819,  4.42940286,  1.33514083,  4.33167181,\n        -0.99895237],\n       [ 2.3134923 ,  2.49793459,  4.42939882,  1.33514874,  4.33167682,\n        -0.99894942],\n       [ 2.31349492,  2.49793444,  4.42940178,  1.33514035,  4.33167351,\n        -0.99894532]]), array([0.38351182, 0.38351182, 0.38351182, 0.38351182, 0.38351182,\n       0.38351182, 0.38351182]))"}, "11": {"maxiter": 1000, "fatol": 1e-10, "xatol": 1e-10, "duration": 0.2018728256225586, "fun": "0.3835118191244742", "nit": "732", "nfev": "1199", "status": "0", "success": "True", "message": "Optimization terminated successfully.", "x": "[ 2.31349657  2.49794105  4.42941305  1.33514414  4.33167397 -0.99895465]", "final_simplex": "(array([[ 2.31349657,  2.49794105,  4.42941305,  1.33514414,  4.33167397,\n        -0.99895465],\n       [ 2.31349657,  2.49794105,  4.42941305,  1.33514414,  4.33167397,\n        -0.99895465],\n       [ 2.31349657,  2.49794105,  4.42941305,  1.33514414,  4.33167397,\n        -0.99895465],\n       [ 2.31349657,  2.49794105,  4.42941305,  1.33514414,  4.33167397,\n        -0.99895465],\n       [ 2.31349657,  2.49794105,  4.42941305,  1.33514414,  4.33167397,\n        -0.99895465],\n       [ 2.31349657,  2.49794105,  4.42941305,  1.33514414,  4.33167397,\n        -0.99895465],\n       [ 2.31349657,  2.49794105,  4.42941305,  1.33514414,  4.33167397,\n        -0.99895465]]), array([0.38351182, 0.38351182, 0.38351182, 0.38351182, 0.38351182,\n       0.38351182, 0.38351182]))"}}, "bfgs": {"type": "gradient", "0": {"maxiter": 100, "gtol": 1e-05, "xrtol": 1e-05, "eps": 1e-05, "duration": 0.05113506317138672, "fun": "0.3835118194982987", "jac": "[ 8.24851298e-06  6.77613521e-06 -7.71839259e-06 -4.27686775e-06\n -5.39571721e-06  2.32539543e-06]", "hess_inv": "[[ 3.71967887 -1.06822215 -0.80427419  0.44570131 -0.14263646  1.62406771]\n [-1.06822215 13.41168026 10.82040701  1.76854784  0.80958799 -3.83649301]\n [-0.80427419 10.82040701 13.53716679  0.23653528 -0.6992443  -3.4981675 ]\n [ 0.44570131  1.76854784  0.23653528  4.63302782  0.16822158  0.1892381 ]\n [-0.14263646  0.80958799 -0.6992443   0.16822158  4.67274061 -1.49669141]\n [ 1.62406771 -3.83649301 -3.4981675   0.1892381  -1.49669141  7.67999447]]", "nfev": "294", "njev": "42", "status": "0", "success": "True", "message": "Optimization terminated successfully.", "x": "[ 3.96971556  5.63949795  7.57094646  1.33513209  4.33165578 -0.9989219 ]", "nit": "34"}, "1": {"maxiter": 100, "gtol": 1e-05, "xrtol": 1e-05, "eps": 1e-10, "duration": 0.05224013328552246, "fun": "0.38351181947751345", "jac": "[-3.33066880e-06  0.00000000e+00  4.44089173e-06  9.99200639e-06\n -5.55111466e-06  0.00000000e+00]", "hess_inv": "[[ 3.74444002 -0.49621508 -0.46555998  0.52268464 -0.0923831   1.430593  ]\n [-0.49621508 12.73187708  9.68218308  1.22586192  1.10115648 -3.54046101]\n [-0.46555998  9.68218308 12.63790935 -0.37331373 -0.50421574 -3.00785986]\n [ 0.52268464  1.22586192 -0.37331373  4.09786517  0.56384462  0.04145311]\n [-0.0923831   1.10115648 -0.50421574  0.56384462  4.71080829 -1.39470034]\n [ 1.430593   -3.54046101 -3.00785986  0.04145311 -1.39470034  7.36705159]]", "nfev": "301", "njev": "43", "status": "0", "success": "True", "message": "Optimization terminated successfully.", "x": "[ 3.96967588  5.63957677  7.57104889  1.33518765  4.33165198 -0.99895943]", "nit": "35"}, "2": {"maxiter": 100, "gtol": 1e-05, "xrtol": 1e-10, "eps": 1e-05, "duration": 0.05113673210144043, "fun": "0.3835118194982987", "jac": "[ 8.24851298e-06  6.77613521e-06 -7.71839259e-06 -4.27686775e-06\n -5.39571721e-06  2.32539543e-06]", "hess_inv": "[[ 3.71967887 -1.06822215 -0.80427419  0.44570131 -0.14263646  1.62406771]\n [-1.06822215 13.41168026 10.82040701  1.76854784  0.80958799 -3.83649301]\n [-0.80427419 10.82040701 13.53716679  0.23653528 -0.6992443  -3.4981675 ]\n [ 0.44570131  1.76854784  0.23653528  4.63302782  0.16822158  0.1892381 ]\n [-0.14263646  0.80958799 -0.6992443   0.16822158  4.67274061 -1.49669141]\n [ 1.62406771 -3.83649301 -3.4981675   0.1892381  -1.49669141  7.67999447]]", "nfev": "294", "njev": "42", "status": "0", "success": "True", "message": "Optimization terminated successfully.", "x": "[ 3.96971556  5.63949795  7.57094646  1.33513209  4.33165578 -0.9989219 ]", "nit": "34"}, "3": {"maxiter": 100, "gtol": 1e-05, "xrtol": 1e-10, "eps": 1e-10, "duration": 0.05205702781677246, "fun": "0.38351181947751345", "jac": "[-3.33066880e-06  0.00000000e+00  4.44089173e-06  9.99200639e-06\n -5.55111466e-06  0.00000000e+00]", "hess_inv": "[[ 3.74444002 -0.49621508 -0.46555998  0.52268464 -0.0923831   1.430593  ]\n [-0.49621508 12.73187708  9.68218308  1.22586192  1.10115648 -3.54046101]\n [-0.46555998  9.68218308 12.63790935 -0.37331373 -0.50421574 -3.00785986]\n [ 0.52268464  1.22586192 -0.37331373  4.09786517  0.56384462  0.04145311]\n [-0.0923831   1.10115648 -0.50421574  0.56384462  4.71080829 -1.39470034]\n [ 1.430593   -3.54046101 -3.00785986  0.04145311 -1.39470034  7.36705159]]", "nfev": "301", "njev": "43", "status": "0", "success": "True", "message": "Optimization terminated successfully.", "x": "[ 3.96967588  5.63957677  7.57104889  1.33518765  4.33165198 -0.99895943]", "nit": "35"}, "4": {"maxiter": 100, "gtol": 1e-10, "xrtol": 1e-05, "eps": 1e-05, "duration": 0.05190134048461914, "fun": "0.38351181916898025", "jac": "[-4.90507635e-07 -3.74322795e-07  2.80475643e-07  5.14577270e-07\n  1.15577548e-06 -4.70301575e-07]", "hess_inv": "[[ 3.88453253 -0.53268786 -0.56507987  0.52750526 -0.15082239  1.59074435]\n [-0.53268786 12.4763782   9.7042338   1.56172175  0.40229628 -2.97626968]\n [-0.56507987  9.7042338  12.54433072  0.02077287 -0.98055724 -2.86109052]\n [ 0.52750526  1.56172175  0.02077287  4.59013604  0.09690481  0.34379425]\n [-0.15082239  0.40229628 -0.98055724  0.09690481  4.61896708 -1.3572061 ]\n [ 1.59074435 -2.97626968 -2.86109052  0.34379425 -1.3572061   7.33609782]]", "nfev": "301", "njev": "43", "status": "0", "success": "True", "message": "Optimization terminated successfully.", "x": "[ 3.96968051  5.63950847  7.57098363  1.33513667  4.33167522 -0.99895985]", "nit": "35"}, "5": {"maxiter": 100, "gtol": 1e-10, "xrtol": 1e-05, "eps": 1e-10, "duration": 0.05313277244567871, "fun": "0.38351181916458477", "jac": "[-2.22044587e-06  0.00000000e+00 -2.22044587e-06  0.00000000e+00\n  1.11022293e-06  1.11022293e-06]", "hess_inv": "[[ 3.64824156 -0.54883329 -0.5866553   0.59492577 -0.01895969  1.33047628]\n [-0.54883329 13.62256765 10.73755019  1.72519886  0.65898964 -3.60851797]\n [-0.5866553  10.73755019 13.85364444  0.27853179 -1.00014989 -3.15010591]\n [ 0.59492577  1.72519886  0.27853179  4.27356998  0.26749713  0.10998766]\n [-0.01895969  0.65898964 -1.00014989  0.26749713  4.90778281 -1.31131185]\n [ 1.33047628 -3.60851797 -3.15010591  0.10998766 -1.31131185  7.26304926]]", "nfev": "308", "njev": "44", "status": "0", "success": "True", "message": "Optimization terminated successfully.", "x": "[ 3.96968458  5.63951368  7.57097707  1.33514718  4.33168093 -0.99894938]", "nit": "36"}, "6": {"maxiter": 100, "gtol": 1e-10, "xrtol": 1e-10, "eps": 1e-05, "duration": 0.09974288940429688, "fun": "0.38351181916634736", "jac": "[ 1.15463195e-09 -2.44249065e-10  4.44089210e-10  4.99600361e-10\n  1.09912079e-09  8.10462808e-10]", "hess_inv": "[[ 3.74844046 -0.51079939 -0.5837405   0.52628663 -0.0312675   1.36409727]\n [-0.51079939 12.5032448   9.72597669  1.53978985  0.31418858 -2.92955237]\n [-0.5837405   9.72597669 12.69388992 -0.02073132 -1.15895589 -2.77068412]\n [ 0.52628663  1.53978985 -0.02073132  4.52758573 -0.04062434  0.38018255]\n [-0.0312675   0.31418858 -1.15895589 -0.04062434  4.26611881 -1.12777967]\n [ 1.36409727 -2.92955237 -2.77068412  0.38018255 -1.12777967  7.0005334 ]]", "nfev": "585", "njev": "82", "status": "2", "success": "False", "message": "Desired error not necessarily achieved due to precision loss.", "x": "[ 3.9696827   5.6395077   7.57098351  1.33513542  4.33167024 -0.99895516]", "nit": "37"}, "7": {"maxiter": 100, "gtol": 1e-10, "xrtol": 1e-10, "eps": 1e-10, "duration": 0.0636441707611084, "fun": "0.38351181912748955", "jac": "[ 0.00000000e+00  0.00000000e+00 -1.11022293e-06  0.00000000e+00\n -1.11022293e-06 -1.11022293e-06]", "hess_inv": "[[ 3.17538988  4.89816548  5.23927127  2.34582022  0.11242329 -1.7823262 ]\n [ 4.89816548 25.8723641  25.77653766  6.90607775 -1.30504331 -1.73354114]\n [ 5.23927127 25.77653766 31.90279393  6.81548514 -2.96907651 -1.75531673]\n [ 2.34582022  6.90607775  6.81548514  5.79804251 -0.82650092 -0.21362235]\n [ 0.11242329 -1.30504331 -2.96907651 -0.82650092  4.86469473 -0.66260828]\n [-1.7823262  -1.73354114 -1.75531673 -0.21362235 -0.66260828  1.97918192]]", "nfev": "371", "njev": "53", "status": "0", "success": "True", "message": "Optimization terminated successfully.", "x": "[ 3.96969153  5.63953479  7.57100569  1.33514697  4.33167633 -0.99895683]", "nit": "39"}, "8": {"maxiter": 500, "gtol": 1e-05, "xrtol": 1e-05, "eps": 1e-05, "duration": 0.05063295364379883, "fun": "0.3835118194982987", "jac": "[ 8.24851298e-06  6.77613521e-06 -7.71839259e-06 -4.27686775e-06\n -5.39571721e-06  2.32539543e-06]", "hess_inv": "[[ 3.71967887 -1.06822215 -0.80427419  0.44570131 -0.14263646  1.62406771]\n [-1.06822215 13.41168026 10.82040701  1.76854784  0.80958799 -3.83649301]\n [-0.80427419 10.82040701 13.53716679  0.23653528 -0.6992443  -3.4981675 ]\n [ 0.44570131  1.76854784  0.23653528  4.63302782  0.16822158  0.1892381 ]\n [-0.14263646  0.80958799 -0.6992443   0.16822158  4.67274061 -1.49669141]\n [ 1.62406771 -3.83649301 -3.4981675   0.1892381  -1.49669141  7.67999447]]", "nfev": "294", "njev": "42", "status": "0", "success": "True", "message": "Optimization terminated successfully.", "x": "[ 3.96971556  5.63949795  7.57094646  1.33513209  4.33165578 -0.9989219 ]", "nit": "34"}, "9": {"maxiter": 500, "gtol": 1e-05, "xrtol": 1e-05, "eps": 1e-10, "duration": 0.05175280570983887, "fun": "0.38351181947751345", "jac": "[-3.33066880e-06  0.00000000e+00  4.44089173e-06  9.99200639e-06\n -5.55111466e-06  0.00000000e+00]", "hess_inv": "[[ 3.74444002 -0.49621508 -0.46555998  0.52268464 -0.0923831   1.430593  ]\n [-0.49621508 12.73187708  9.68218308  1.22586192  1.10115648 -3.54046101]\n [-0.46555998  9.68218308 12.63790935 -0.37331373 -0.50421574 -3.00785986]\n [ 0.52268464  1.22586192 -0.37331373  4.09786517  0.56384462  0.04145311]\n [-0.0923831   1.10115648 -0.50421574  0.56384462  4.71080829 -1.39470034]\n [ 1.430593   -3.54046101 -3.00785986  0.04145311 -1.39470034  7.36705159]]", "nfev": "301", "njev": "43", "status": "0", "success": "True", "message": "Optimization terminated successfully.", "x": "[ 3.96967588  5.63957677  7.57104889  1.33518765  4.33165198 -0.99895943]", "nit": "35"}, "10": {"maxiter": 500, "gtol": 1e-05, "xrtol": 1e-10, "eps": 1e-05, "duration": 0.05047297477722168, "fun": "0.3835118194982987", "jac": "[ 8.24851298e-06  6.77613521e-06 -7.71839259e-06 -4.27686775e-06\n -5.39571721e-06  2.32539543e-06]", "hess_inv": "[[ 3.71967887 -1.06822215 -0.80427419  0.44570131 -0.14263646  1.62406771]\n [-1.06822215 13.41168026 10.82040701  1.76854784  0.80958799 -3.83649301]\n [-0.80427419 10.82040701 13.53716679  0.23653528 -0.6992443  -3.4981675 ]\n [ 0.44570131  1.76854784  0.23653528  4.63302782  0.16822158  0.1892381 ]\n [-0.14263646  0.80958799 -0.6992443   0.16822158  4.67274061 -1.49669141]\n [ 1.62406771 -3.83649301 -3.4981675   0.1892381  -1.49669141  7.67999447]]", "nfev": "294", "njev": "42", "status": "0", "success": "True", "message": "Optimization terminated successfully.", "x": "[ 3.96971556  5.63949795  7.57094646  1.33513209  4.33165578 -0.9989219 ]", "nit": "34"}, "11": {"maxiter": 500, "gtol": 1e-05, "xrtol": 1e-10, "eps": 1e-10, "duration": 0.05107307434082031, "fun": "0.38351181947751345", "jac": "[-3.33066880e-06  0.00000000e+00  4.44089173e-06  9.99200639e-06\n -5.55111466e-06  0.00000000e+00]", "hess_inv": "[[ 3.74444002 -0.49621508 -0.46555998  0.52268464 -0.0923831   1.430593  ]\n [-0.49621508 12.73187708  9.68218308  1.22586192  1.10115648 -3.54046101]\n [-0.46555998  9.68218308 12.63790935 -0.37331373 -0.50421574 -3.00785986]\n [ 0.52268464  1.22586192 -0.37331373  4.09786517  0.56384462  0.04145311]\n [-0.0923831   1.10115648 -0.50421574  0.56384462  4.71080829 -1.39470034]\n [ 1.430593   -3.54046101 -3.00785986  0.04145311 -1.39470034  7.36705159]]", "nfev": "301", "njev": "43", "status": "0", "success": "True", "message": "Optimization terminated successfully.", "x": "[ 3.96967588  5.63957677  7.57104889  1.33518765  4.33165198 -0.99895943]", "nit": "35"}, "12": {"maxiter": 500, "gtol": 1e-10, "xrtol": 1e-05, "eps": 1e-05, "duration": 0.05098319053649902, "fun": "0.38351181916898025", "jac": "[-4.90507635e-07 -3.74322795e-07  2.80475643e-07  5.14577270e-07\n  1.15577548e-06 -4.70301575e-07]", "hess_inv": "[[ 3.88453253 -0.53268786 -0.56507987  0.52750526 -0.15082239  1.59074435]\n [-0.53268786 12.4763782   9.7042338   1.56172175  0.40229628 -2.97626968]\n [-0.56507987  9.7042338  12.54433072  0.02077287 -0.98055724 -2.86109052]\n [ 0.52750526  1.56172175  0.02077287  4.59013604  0.09690481  0.34379425]\n [-0.15082239  0.40229628 -0.98055724  0.09690481  4.61896708 -1.3572061 ]\n [ 1.59074435 -2.97626968 -2.86109052  0.34379425 -1.3572061   7.33609782]]", "nfev": "301", "njev": "43", "status": "0", "success": "True", "message": "Optimization terminated successfully.", "x": "[ 3.96968051  5.63950847  7.57098363  1.33513667  4.33167522 -0.99895985]", "nit": "35"}, "13": {"maxiter": 500, "gtol": 1e-10, "xrtol": 1e-05, "eps": 1e-10, "duration": 0.05234384536743164, "fun": "0.38351181916458477", "jac": "[-2.22044587e-06  0.00000000e+00 -2.22044587e-06  0.00000000e+00\n  1.11022293e-06  1.11022293e-06]", "hess_inv": "[[ 3.64824156 -0.54883329 -0.5866553   0.59492577 -0.01895969  1.33047628]\n [-0.54883329 13.62256765 10.73755019  1.72519886  0.65898964 -3.60851797]\n [-0.5866553  10.73755019 13.85364444  0.27853179 -1.00014989 -3.15010591]\n [ 0.59492577  1.72519886  0.27853179  4.27356998  0.26749713  0.10998766]\n [-0.01895969  0.65898964 -1.00014989  0.26749713  4.90778281 -1.31131185]\n [ 1.33047628 -3.60851797 -3.15010591  0.10998766 -1.31131185  7.26304926]]", "nfev": "308", "njev": "44", "status": "0", "success": "True", "message": "Optimization terminated successfully.", "x": "[ 3.96968458  5.63951368  7.57097707  1.33514718  4.33168093 -0.99894938]", "nit": "36"}, "14": {"maxiter": 500, "gtol": 1e-10, "xrtol": 1e-10, "eps": 1e-05, "duration": 0.09835290908813477, "fun": "0.38351181916634736", "jac": "[ 1.15463195e-09 -2.44249065e-10  4.44089210e-10  4.99600361e-10\n  1.09912079e-09  8.10462808e-10]", "hess_inv": "[[ 3.74844046 -0.51079939 -0.5837405   0.52628663 -0.0312675   1.36409727]\n [-0.51079939 12.5032448   9.72597669  1.53978985  0.31418858 -2.92955237]\n [-0.5837405   9.72597669 12.69388992 -0.02073132 -1.15895589 -2.77068412]\n [ 0.52628663  1.53978985 -0.02073132  4.52758573 -0.04062434  0.38018255]\n [-0.0312675   0.31418858 -1.15895589 -0.04062434  4.26611881 -1.12777967]\n [ 1.36409727 -2.92955237 -2.77068412  0.38018255 -1.12777967  7.0005334 ]]", "nfev": "585", "njev": "82", "status": "2", "success": "False", "message": "Desired error not necessarily achieved due to precision loss.", "x": "[ 3.9696827   5.6395077   7.57098351  1.33513542  4.33167024 -0.99895516]", "nit": "37"}, "15": {"maxiter": 500, "gtol": 1e-10, "xrtol": 1e-10, "eps": 1e-10, "duration": 0.06265377998352051, "fun": "0.38351181912748955", "jac": "[ 0.00000000e+00  0.00000000e+00 -1.11022293e-06  0.00000000e+00\n -1.11022293e-06 -1.11022293e-06]", "hess_inv": "[[ 3.17538988  4.89816548  5.23927127  2.34582022  0.11242329 -1.7823262 ]\n [ 4.89816548 25.8723641  25.77653766  6.90607775 -1.30504331 -1.73354114]\n [ 5.23927127 25.77653766 31.90279393  6.81548514 -2.96907651 -1.75531673]\n [ 2.34582022  6.90607775  6.81548514  5.79804251 -0.82650092 -0.21362235]\n [ 0.11242329 -1.30504331 -2.96907651 -0.82650092  4.86469473 -0.66260828]\n [-1.7823262  -1.73354114 -1.75531673 -0.21362235 -0.66260828  1.97918192]]", "nfev": "371", "njev": "53", "status": "0", "success": "True", "message": "Optimization terminated successfully.", "x": "[ 3.96969153  5.63953479  7.57100569  1.33514697  4.33167633 -0.99895683]", "nit": "39"}, "16": {"maxiter": 1000, "gtol": 1e-05, "xrtol": 1e-05, "eps": 1e-05, "duration": 0.049768924713134766, "fun": "0.3835118194982987", "jac": "[ 8.24851298e-06  6.77613521e-06 -7.71839259e-06 -4.27686775e-06\n -5.39571721e-06  2.32539543e-06]", "hess_inv": "[[ 3.71967887 -1.06822215 -0.80427419  0.44570131 -0.14263646  1.62406771]\n [-1.06822215 13.41168026 10.82040701  1.76854784  0.80958799 -3.83649301]\n [-0.80427419 10.82040701 13.53716679  0.23653528 -0.6992443  -3.4981675 ]\n [ 0.44570131  1.76854784  0.23653528  4.63302782  0.16822158  0.1892381 ]\n [-0.14263646  0.80958799 -0.6992443   0.16822158  4.67274061 -1.49669141]\n [ 1.62406771 -3.83649301 -3.4981675   0.1892381  -1.49669141  7.67999447]]", "nfev": "294", "njev": "42", "status": "0", "success": "True", "message": "Optimization terminated successfully.", "x": "[ 3.96971556  5.63949795  7.57094646  1.33513209  4.33165578 -0.9989219 ]", "nit": "34"}, "17": {"maxiter": 1000, "gtol": 1e-05, "xrtol": 1e-05, "eps": 1e-10, "duration": 0.05078697204589844, "fun": "0.38351181947751345", "jac": "[-3.33066880e-06  0.00000000e+00  4.44089173e-06  9.99200639e-06\n -5.55111466e-06  0.00000000e+00]", "hess_inv": "[[ 3.74444002 -0.49621508 -0.46555998  0.52268464 -0.0923831   1.430593  ]\n [-0.49621508 12.73187708  9.68218308  1.22586192  1.10115648 -3.54046101]\n [-0.46555998  9.68218308 12.63790935 -0.37331373 -0.50421574 -3.00785986]\n [ 0.52268464  1.22586192 -0.37331373  4.09786517  0.56384462  0.04145311]\n [-0.0923831   1.10115648 -0.50421574  0.56384462  4.71080829 -1.39470034]\n [ 1.430593   -3.54046101 -3.00785986  0.04145311 -1.39470034  7.36705159]]", "nfev": "301", "njev": "43", "status": "0", "success": "True", "message": "Optimization terminated successfully.", "x": "[ 3.96967588  5.63957677  7.57104889  1.33518765  4.33165198 -0.99895943]", "nit": "35"}, "18": {"maxiter": 1000, "gtol": 1e-05, "xrtol": 1e-10, "eps": 1e-05, "duration": 0.049382925033569336, "fun": "0.3835118194982987", "jac": "[ 8.24851298e-06  6.77613521e-06 -7.71839259e-06 -4.27686775e-06\n -5.39571721e-06  2.32539543e-06]", "hess_inv": "[[ 3.71967887 -1.06822215 -0.80427419  0.44570131 -0.14263646  1.62406771]\n [-1.06822215 13.41168026 10.82040701  1.76854784  0.80958799 -3.83649301]\n [-0.80427419 10.82040701 13.53716679  0.23653528 -0.6992443  -3.4981675 ]\n [ 0.44570131  1.76854784  0.23653528  4.63302782  0.16822158  0.1892381 ]\n [-0.14263646  0.80958799 -0.6992443   0.16822158  4.67274061 -1.49669141]\n [ 1.62406771 -3.83649301 -3.4981675   0.1892381  -1.49669141  7.67999447]]", "nfev": "294", "njev": "42", "status": "0", "success": "True", "message": "Optimization terminated successfully.", "x": "[ 3.96971556  5.63949795  7.57094646  1.33513209  4.33165578 -0.9989219 ]", "nit": "34"}, "19": {"maxiter": 1000, "gtol": 1e-05, "xrtol": 1e-10, "eps": 1e-10, "duration": 0.053028106689453125, "fun": "0.38351181947751345", "jac": "[-3.33066880e-06  0.00000000e+00  4.44089173e-06  9.99200639e-06\n -5.55111466e-06  0.00000000e+00]", "hess_inv": "[[ 3.74444002 -0.49621508 -0.46555998  0.52268464 -0.0923831   1.430593  ]\n [-0.49621508 12.73187708  9.68218308  1.22586192  1.10115648 -3.54046101]\n [-0.46555998  9.68218308 12.63790935 -0.37331373 -0.50421574 -3.00785986]\n [ 0.52268464  1.22586192 -0.37331373  4.09786517  0.56384462  0.04145311]\n [-0.0923831   1.10115648 -0.50421574  0.56384462  4.71080829 -1.39470034]\n [ 1.430593   -3.54046101 -3.00785986  0.04145311 -1.39470034  7.36705159]]", "nfev": "301", "njev": "43", "status": "0", "success": "True", "message": "Optimization terminated successfully.", "x": "[ 3.96967588  5.63957677  7.57104889  1.33518765  4.33165198 -0.99895943]", "nit": "35"}, "20": {"maxiter": 1000, "gtol": 1e-10, "xrtol": 1e-05, "eps": 1e-05, "duration": 0.05317211151123047, "fun": "0.38351181916898025", "jac": "[-4.90507635e-07 -3.74322795e-07  2.80475643e-07  5.14577270e-07\n  1.15577548e-06 -4.70301575e-07]", "hess_inv": "[[ 3.88453253 -0.53268786 -0.56507987  0.52750526 -0.15082239  1.59074435]\n [-0.53268786 12.4763782   9.7042338   1.56172175  0.40229628 -2.97626968]\n [-0.56507987  9.7042338  12.54433072  0.02077287 -0.98055724 -2.86109052]\n [ 0.52750526  1.56172175  0.02077287  4.59013604  0.09690481  0.34379425]\n [-0.15082239  0.40229628 -0.98055724  0.09690481  4.61896708 -1.3572061 ]\n [ 1.59074435 -2.97626968 -2.86109052  0.34379425 -1.3572061   7.33609782]]", "nfev": "301", "njev": "43", "status": "0", "success": "True", "message": "Optimization terminated successfully.", "x": "[ 3.96968051  5.63950847  7.57098363  1.33513667  4.33167522 -0.99895985]", "nit": "35"}, "21": {"maxiter": 1000, "gtol": 1e-10, "xrtol": 1e-05, "eps": 1e-10, "duration": 0.05524730682373047, "fun": "0.38351181916458477", "jac": "[-2.22044587e-06  0.00000000e+00 -2.22044587e-06  0.00000000e+00\n  1.11022293e-06  1.11022293e-06]", "hess_inv": "[[ 3.64824156 -0.54883329 -0.5866553   0.59492577 -0.01895969  1.33047628]\n [-0.54883329 13.62256765 10.73755019  1.72519886  0.65898964 -3.60851797]\n [-0.5866553  10.73755019 13.85364444  0.27853179 -1.00014989 -3.15010591]\n [ 0.59492577  1.72519886  0.27853179  4.27356998  0.26749713  0.10998766]\n [-0.01895969  0.65898964 -1.00014989  0.26749713  4.90778281 -1.31131185]\n [ 1.33047628 -3.60851797 -3.15010591  0.10998766 -1.31131185  7.26304926]]", "nfev": "308", "njev": "44", "status": "0", "success": "True", "message": "Optimization terminated successfully.", "x": "[ 3.96968458  5.63951368  7.57097707  1.33514718  4.33168093 -0.99894938]", "nit": "36"}, "22": {"maxiter": 1000, "gtol": 1e-10, "xrtol": 1e-10, "eps": 1e-05, "duration": 0.10343194007873535, "fun": "0.38351181916634736", "jac": "[ 1.15463195e-09 -2.44249065e-10  4.44089210e-10  4.99600361e-10\n  1.09912079e-09  8.10462808e-10]", "hess_inv": "[[ 3.74844046 -0.51079939 -0.5837405   0.52628663 -0.0312675   1.36409727]\n [-0.51079939 12.5032448   9.72597669  1.53978985  0.31418858 -2.92955237]\n [-0.5837405   9.72597669 12.69388992 -0.02073132 -1.15895589 -2.77068412]\n [ 0.52628663  1.53978985 -0.02073132  4.52758573 -0.04062434  0.38018255]\n [-0.0312675   0.31418858 -1.15895589 -0.04062434  4.26611881 -1.12777967]\n [ 1.36409727 -2.92955237 -2.77068412  0.38018255 -1.12777967  7.0005334 ]]", "nfev": "585", "njev": "82", "status": "2", "success": "False", "message": "Desired error not necessarily achieved due to precision loss.", "x": "[ 3.9696827   5.6395077   7.57098351  1.33513542  4.33167024 -0.99895516]", "nit": "37"}, "23": {"maxiter": 1000, "gtol": 1e-10, "xrtol": 1e-10, "eps": 1e-10, "duration": 0.06825017929077148, "fun": "0.38351181912748955", "jac": "[ 0.00000000e+00  0.00000000e+00 -1.11022293e-06  0.00000000e+00\n -1.11022293e-06 -1.11022293e-06]", "hess_inv": "[[ 3.17538988  4.89816548  5.23927127  2.34582022  0.11242329 -1.7823262 ]\n [ 4.89816548 25.8723641  25.77653766  6.90607775 -1.30504331 -1.73354114]\n [ 5.23927127 25.77653766 31.90279393  6.81548514 -2.96907651 -1.75531673]\n [ 2.34582022  6.90607775  6.81548514  5.79804251 -0.82650092 -0.21362235]\n [ 0.11242329 -1.30504331 -2.96907651 -0.82650092  4.86469473 -0.66260828]\n [-1.7823262  -1.73354114 -1.75531673 -0.21362235 -0.66260828  1.97918192]]", "nfev": "371", "njev": "53", "status": "0", "success": "True", "message": "Optimization terminated successfully.", "x": "[ 3.96969153  5.63953479  7.57100569  1.33514697  4.33167633 -0.99895683]", "nit": "39"}}, "cobyla": {"0": {"maxiter": 100, "tol": 1e-05, "catol": 1e-05, "duration": 0.016642093658447266, "x": "[ 3.97185791  5.61169286  7.54241493 -1.32852384  1.20353827  2.15211316]", "status": "2", "success": "False", "message": "Maximum number of function evaluations has been exceeded.", "nfev": "100", "fun": "0.38357181217638314", "maxcv": "0.0"}, "1": {"maxiter": 100, "tol": 1e-05, "catol": 1e-10, "duration": 0.0162351131439209, "x": "[ 3.97185791  5.61169286  7.54241493 -1.32852384  1.20353827  2.15211316]", "status": "2", "success": "False", "message": "Maximum number of function evaluations has been exceeded.", "nfev": "100", "fun": "0.38357181217638314", "maxcv": "0.0"}, "2": {"maxiter": 100, "tol": 1e-10, "catol": 1e-05, "duration": 0.016563892364501953, "x": "[ 3.97185791  5.61169286  7.54241493 -1.32852384  1.20353827  2.15211316]", "status": "2", "success": "False", "message": "Maximum number of function evaluations has been exceeded.", "nfev": "100", "fun": "0.38357181217638314", "maxcv": "0.0"}, "3": {"maxiter": 100, "tol": 1e-10, "catol": 1e-10, "duration": 0.016546010971069336, "x": "[ 3.97185791  5.61169286  7.54241493 -1.32852384  1.20353827  2.15211316]", "status": "2", "success": "False", "message": "Maximum number of function evaluations has been exceeded.", "nfev": "100", "fun": "0.38357181217638314", "maxcv": "0.0"}, "4": {"maxiter": 500, "tol": 1e-05, "catol": 1e-05, "duration": 0.044245004653930664, "x": "[ 3.9696944   5.63952266  7.57099905 -1.33514521  1.19007489  2.14263253]", "status": "1", "success": "True", "message": "Optimization terminated successfully.", "nfev": "268", "fun": "0.3835118191495702", "maxcv": "0.0"}, "5": {"maxiter": 500, "tol": 1e-05, "catol": 1e-10, "duration": 0.04552602767944336, "x": "[ 3.9696944   5.63952266  7.