{"date": "2024/07/18/, 17:33:13", "conf_id": 8, "data_type": "random\n", "num_data_points": 1, "s_rank": 0, "unitary": "[[-0.53618537-0.34368723j,-0.12107031-0.46226139j,-0.07699282-0.46603512j,0.36022595-0.11472301j],[0.26026499-0.63450712j,-0.56616638+0.37832564j,-0.14988651+0.08458591j,0.10363514-0.16008501j],[-0.32580188-0.11070003j,-0.36476308-0.23593218j,0.02559343+0.41761608j,-0.25598305+0.6725303j],[0.07406738-0.0126433j,0.28513701+0.19483972j,-0.74939717-0.10299659j,0.29798249+0.46269921j]]", "databatch_0": {"databatch": "[[[-0.03335366-0.4206076j,-0.14578505+0.1102597j,-0.04526031-0.06399665j,0.11253847-0.05903697j],[-0.07877214-0.25360224j,0.08069982+0.10493472j,0.17918656+0.09493231j,0.34184977-0.05029665j],[0.03521155+0.19143098j,0.25839762-0.07069391j,0.32102598+0.13861888j,0.30137045-0.02806905j],[0.05621573+0.23373644j,0.18221012-0.0117858j,0.15040641+0.19782256j,0.1509454+0.13604346j]]]", "initial param values": "[4.38920581,2.9089406,2.21652437,3.62277197,3.33899642,4.70291913]", "nelder_mead": {"type": "gradient-free", "0": {"maxiter": 100, "fatol": 1e-05, "xatol": 1e-05, "duration": 0.026527881622314453, "fun": "0.22737208668551334", "nit": "100", "nfev": "152", "status": "2", "success": "False", "message": "Maximum number of iterations has been exceeded.", "x": "[ 4.36180405 -0.19426877  1.57830943  1.69365898  4.64688809  5.5166506 ]", "final_simplex": "(array([[ 4.36180405, -0.19426877,  1.57830943,  1.69365898,  4.64688809,\n         5.5166506 ],\n       [ 4.2554037 , -0.28493677,  1.51305045,  1.62696328,  4.76894549,\n         5.62894377],\n       [ 4.32320965, -0.16423537,  1.67159297,  1.90784542,  4.67239329,\n         5.71230675],\n       [ 4.33334428, -0.21351089,  1.66031383,  1.62346832,  4.68088078,\n         5.4554154 ],\n       [ 4.47245069, -0.01389173,  1.62995876,  1.855291  ,  4.71378448,\n         5.81781387],\n       [ 4.44111756,  0.04833434,  1.68485877,  1.93884919,  4.6333698 ,\n         5.62992857],\n       [ 4.37975961, -0.04722175,  1.63083309,  1.83886226,  4.78481849,\n         5.6270593 ]]), array([0.22737209, 0.23199141, 0.23625317, 0.23719216, 0.23869062,\n       0.23886672, 0.24611123]))"}, "1": {"maxiter": 100, "fatol": 1e-05, "xatol": 1e-10, "duration": 0.026636838912963867, "fun": "0.22737208668551334", "nit": "100", "nfev": "152", "status": "2", "success": "False", "message": "Maximum number of iterations has been exceeded.", "x": "[ 4.36180405 -0.19426877  1.57830943  1.69365898  4.64688809  5.5166506 ]", "final_simplex": "(array([[ 4.36180405, -0.19426877,  1.57830943,  1.69365898,  4.64688809,\n         5.5166506 ],\n       [ 4.2554037 , -0.28493677,  1.51305045,  1.62696328,  4.76894549,\n         5.62894377],\n       [ 4.32320965, -0.16423537,  1.67159297,  1.90784542,  4.67239329,\n         5.71230675],\n       [ 4.33334428, -0.21351089,  1.66031383,  1.62346832,  4.68088078,\n         5.4554154 ],\n       [ 4.47245069, -0.01389173,  1.62995876,  1.855291  ,  4.71378448,\n         5.81781387],\n       [ 4.44111756,  0.04833434,  1.68485877,  1.93884919,  4.6333698 ,\n         5.62992857],\n       [ 4.37975961, -0.04722175,  1.63083309,  1.83886226,  4.78481849,\n         5.6270593 ]]), array([0.22737209, 0.23199141, 0.23625317, 0.23719216, 0.23869062,\n       0.23886672, 0.24611123]))"}, "2": {"maxiter": 100, "fatol": 1e-10, "xatol": 1e-05, "duration": 0.025674104690551758, "fun": "0.22737208668551334", "nit": "100", "nfev": "152", "status": "2", "success": "False", "message": "Maximum number of iterations has been exceeded.", "x": "[ 4.36180405 -0.19426877  1.57830943  1.69365898  4.64688809  5.5166506 ]", "final_simplex": "(array([[ 4.36180405, -0.19426877,  1.57830943,  1.69365898,  4.64688809,\n         5.5166506 ],\n       [ 4.2554037 , -0.28493677,  1.51305045,  1.62696328,  4.76894549,\n         5.62894377],\n       [ 4.32320965, -0.16423537,  1.67159297,  1.90784542,  4.67239329,\n         5.71230675],\n       [ 4.33334428, -0.21351089,  1.66031383,  1.62346832,  4.68088078,\n         5.4554154 ],\n       [ 4.47245069, -0.01389173,  1.62995876,  1.855291  ,  4.71378448,\n         5.81781387],\n       [ 4.44111756,  0.04833434,  1.68485877,  1.93884919,  4.6333698 ,\n         5.62992857],\n       [ 4.37975961, -0.04722175,  1.63083309,  1.83886226,  4.78481849,\n         5.6270593 ]]), array([0.22737209, 0.23199141, 0.23625317, 0.23719216, 0.23869062,\n       0.23886672, 0.24611123]))"}, "3": {"maxiter": 100, "fatol": 1e-10, "xatol": 1e-10, "duration": 0.025475025177001953, "fun": "0.22737208668551334", "nit": "100", "nfev": "152", "status": "2", "success": "False", "message": "Maximum number of iterations has been exceeded.", "x": "[ 4.36180405 -0.19426877  1.57830943  1.69365898  4.64688809  5.5166506 ]", "final_simplex": "(array([[ 4.36180405, -0.19426877,  1.57830943,  1.69365898,  4.64688809,\n         5.5166506 ],\n       [ 4.2554037 , -0.28493677,  1.51305045,  1.62696328,  4.76894549,\n         5.62894377],\n       [ 4.32320965, -0.16423537,  1.67159297,  1.90784542,  4.67239329,\n         5.71230675],\n       [ 4.33334428, -0.21351089,  1.66031383,  1.62346832,  4.68088078,\n         5.4554154 ],\n       [ 4.47245069, -0.01389173,  1.62995876,  1.855291  ,  4.71378448,\n         5.81781387],\n       [ 4.44111756,  0.04833434,  1.68485877,  1.93884919,  4.6333698 ,\n         5.62992857],\n       [ 4.37975961, -0.04722175,  1.63083309,  1.83886226,  4.78481849,\n         5.6270593 ]]), array([0.22737209, 0.23199141, 0.23625317, 0.23719216, 0.23869062,\n       0.23886672, 0.24611123]))"}, "4": {"maxiter": 500, "fatol": 1e-05, "xatol": 1e-05, "duration": 0.08260607719421387, "fun": "0.19861680725209419", "nit": "312", "nfev": "494", "status": "0", "success": "True", "message": "Optimization terminated successfully.", "x": "[ 4.62749897 -0.95085046  1.26373928  1.05875551  4.8891797   5.66653699]", "final_simplex": "(array([[ 4.62749897, -0.95085046,  1.26373928,  1.05875551,  4.8891797 ,\n         5.66653699],\n       [ 4.62750394, -0.95085465,  1.26373529,  1.05875094,  4.88918604,\n         5.66653749],\n       [ 4.62750695, -0.95085853,  1.26373563,  1.05875115,  4.88918948,\n         5.66653266],\n       [ 4.62749971, -0.95085401,  1.263731  ,  1.05875604,  4.8891816 ,\n         5.66653866],\n       [ 4.62750011, -0.95085187,  1.26374104,  1.05875472,  4.88917584,\n         5.66654214],\n       [ 4.62750084, -0.95084445,  1.26374059,  1.05876254,  4.88918351,\n         5.66653583],\n       [ 4.62749706, -0.9508582 ,  1.26373526,  1.05875319,  4.88918335,\n         5.66653447]]), array([0.19861681, 0.19861681, 0.19861681, 0.19861681, 0.19861681,\n       0.19861681, 0.19861681]))"}, "5": {"maxiter": 500, "fatol": 1e-05, "xatol": 1e-10, "duration": 0.12758779525756836, "fun": "0.19861680724855757", "nit": "450", "nfev": "768", "status": "0", "success": "True", "message": "Optimization terminated successfully.", "x": "[ 4.62750254 -0.95085392  1.26373435  1.05875329  4.88918451  5.66653453]", "final_simplex": "(array([[ 4.62750254, -0.95085392,  1.26373435,  1.05875329,  4.88918451,\n         5.66653453],\n       [ 4.62750254, -0.95085392,  1.26373435,  1.05875329,  4.88918451,\n         5.66653453],\n       [ 4.62750254, -0.95085392,  1.26373435,  1.05875329,  4.88918451,\n         5.66653453],\n       [ 4.62750254, -0.95085392,  1.26373435,  1.05875329,  4.88918451,\n         5.66653453],\n       [ 4.62750254, -0.95085392,  1.26373435,  1.05875329,  4.88918451,\n         5.66653453],\n       [ 4.62750254, -0.95085392,  1.26373435,  1.05875329,  4.88918451,\n         5.66653453],\n       [ 4.62750254, -0.95085392,  1.26373435,  1.05875329,  4.88918451,\n         5.66653453]]), array([0.19861681, 0.19861681, 0.19861681, 0.19861681, 0.19861681,\n       0.19861681, 0.19861681]))"}, "6": {"maxiter": 500, "fatol": 1e-10, "xatol": 1e-05, "duration": 0.08224606513977051, "fun": "0.19861680725209419", "nit": "312", "nfev": "494", "status": "0", "success": "True", "message": "Optimization terminated successfully.", "x": "[ 4.62749897 -0.95085046  1.26373928  1.05875551  4.8891797   5.66653699]", "final_simplex": "(array([[ 4.62749897, -0.95085046,  1.26373928,  1.05875551,  4.8891797 ,\n         5.66653699],\n       [ 4.62750394, -0.95085465,  1.26373529,  1.05875094,  4.88918604,\n         5.66653749],\n       [ 4.62750695, -0.95085853,  1.26373563,  1.05875115,  4.88918948,\n         5.66653266],\n       [ 4.62749971, -0.95085401,  1.263731  ,  1.05875604,  4.8891816 ,\n         5.66653866],\n       [ 4.62750011, -0.95085187,  1.26374104,  1.05875472,  4.88917584,\n         5.66654214],\n       [ 4.62750084, -0.95084445,  1.26374059,  1.05876254,  4.88918351,\n         5.66653583],\n       [ 4.62749706, -0.9508582 ,  1.26373526,  1.05875319,  4.88918335,\n         5.66653447]]), array([0.19861681, 0.19861681, 0.19861681, 0.19861681, 0.19861681,\n       0.19861681, 0.19861681]))"}, "7": {"maxiter": 500, "fatol": 1e-10, "xatol": 1e-10, "duration": 0.13118386268615723, "fun": "0.19861680724855757", "nit": "450", "nfev": "768", "status": "0", "success": "True", "message": "Optimization terminated successfully.", "x": "[ 4.62750254 -0.95085392  1.26373435  1.05875329  4.88918451  5.66653453]", "final_simplex": "(array([[ 4.62750254, -0.95085392,  1.26373435,  1.05875329,  4.88918451,\n         5.66653453],\n       [ 4.62750254, -0.95085392,  1.26373435,  1.05875329,  4.88918451,\n         5.66653453],\n       [ 4.62750254, -0.95085392,  1.26373435,  1.05875329,  4.88918451,\n         5.66653453],\n       [ 4.62750254, -0.95085392,  1.26373435,  1.05875329,  4.88918451,\n         5.66653453],\n       [ 4.62750254, -0.95085392,  1.26373435,  1.05875329,  4.88918451,\n         5.66653453],\n       [ 4.62750254, -0.95085392,  1.26373435,  1.05875329,  4.88918451,\n         5.66653453],\n       [ 4.62750254, -0.95085392,  1.26373435,  1.05875329,  4.88918451,\n         5.66653453]]), array([0.19861681, 0.19861681, 0.19861681, 0.19861681, 0.19861681,\n       0.19861681, 0.19861681]))"}, "8": {"maxiter": 1000, "fatol": 1e-05, "xatol": 1e-05, "duration": 0.08441019058227539, "fun": "0.19861680725209419", "nit": "312", "nfev": "494", "status": "0", "success": "True", "message": "Optimization terminated successfully.", "x": "[ 4.62749897 -0.95085046  1.26373928  1.05875551  4.8891797   5.66653699]", "final_simplex": "(array([[ 4.62749897, -0.95085046,  1.26373928,  1.05875551,  4.8891797 ,\n         5.66653699],\n       [ 4.62750394, -0.95085465,  1.26373529,  1.05875094,  4.88918604,\n         5.66653749],\n       [ 4.62750695, -0.95085853,  1.26373563,  1.05875115,  4.88918948,\n         5.66653266],\n       [ 4.62749971, -0.95085401,  1.263731  ,  1.05875604,  4.8891816 ,\n         5.66653866],\n       [ 4.62750011, -0.95085187,  1.26374104,  1.05875472,  4.88917584,\n         5.66654214],\n       [ 4.62750084, -0.95084445,  1.26374059,  1.05876254,  4.88918351,\n         5.66653583],\n       [ 4.62749706, -0.9508582 ,  1.26373526,  1.05875319,  4.88918335,\n         5.66653447]]), array([0.19861681, 0.19861681, 0.19861681, 0.19861681, 0.19861681,\n       0.19861681, 0.19861681]))"}, "9": {"maxiter": 1000, "fatol": 1e-05, "xatol": 1e-10, "duration": 0.12984299659729004, "fun": "0.19861680724855757", "nit": "450", "nfev": "768", "status": "0", "success": "True", "message": "Optimization terminated successfully.", "x": "[ 4.62750254 -0.95085392  1.26373435  1.05875329  4.88918451  5.66653453]", "final_simplex": "(array([[ 4.62750254, -0.95085392,  1.26373435,  1.05875329,  4.88918451,\n         5.66653453],\n       [ 4.62750254, -0.95085392,  1.26373435,  1.05875329,  4.88918451,\n         5.66653453],\n       [ 4.62750254, -0.95085392,  1.26373435,  1.05875329,  4.88918451,\n         5.66653453],\n       [ 4.62750254, -0.95085392,  1.26373435,  1.05875329,  4.88918451,\n         5.66653453],\n       [ 4.62750254, -0.95085392,  1.26373435,  1.05875329,  4.88918451,\n         5.66653453],\n       [ 4.62750254, -0.95085392,  1.26373435,  1.05875329,  4.88918451,\n         5.66653453],\n       [ 4.62750254, -0.95085392,  1.26373435,  1.05875329,  4.88918451,\n         5.66653453]]), array([0.19861681, 0.19861681, 0.19861681, 0.19861681, 0.19861681,\n       0.19861681, 0.19861681]))"}, "10": {"maxiter": 1000, "fatol": 1e-10, "xatol": 1e-05, "duration": 0.08241415023803711, "fun": "0.19861680725209419", "nit": "312", "nfev": "494", "status": "0", "success": "True", "message": "Optimization terminated successfully.", "x": "[ 4.62749897 -0.95085046  1.26373928  1.05875551  4.8891797   5.66653699]", "final_simplex": "(array([[ 4.62749897, -0.95085046,  1.26373928,  1.05875551,  4.8891797 ,\n         5.66653699],\n       [ 4.62750394, -0.95085465,  1.26373529,  1.05875094,  4.88918604,\n         5.66653749],\n       [ 4.62750695, -0.95085853,  1.26373563,  1.05875115,  4.88918948,\n         5.66653266],\n       [ 4.62749971, -0.95085401,  1.263731  ,  1.05875604,  4.8891816 ,\n         5.66653866],\n       [ 4.62750011, -0.95085187,  1.26374104,  1.05875472,  4.88917584,\n         5.66654214],\n       [ 4.62750084, -0.95084445,  1.26374059,  1.05876254,  4.88918351,\n         5.66653583],\n       [ 4.62749706, -0.9508582 ,  1.26373526,  1.05875319,  4.88918335,\n         5.66653447]]), array([0.19861681, 0.19861681, 0.19861681, 0.19861681, 0.19861681,\n       0.19861681, 0.19861681]))"}, "11": {"maxiter": 1000, "fatol": 1e-10, "xatol": 1e-10, "duration": 0.12775707244873047, "fun": "0.19861680724855757", "nit": "450", "nfev": "768", "status": "0", "success": "True", "message": "Optimization terminated successfully.", "x": "[ 4.62750254 -0.95085392  1.26373435  1.05875329  4.88918451  5.66653453]", "final_simplex": "(array([[ 4.62750254, -0.95085392,  1.26373435,  1.05875329,  4.88918451,\n         5.66653453],\n       [ 4.62750254, -0.95085392,  1.26373435,  1.05875329,  4.88918451,\n         5.66653453],\n       [ 4.62750254, -0.95085392,  1.26373435,  1.05875329,  4.88918451,\n         5.66653453],\n       [ 4.62750254, -0.95085392,  1.26373435,  1.05875329,  4.88918451,\n         5.66653453],\n       [ 4.62750254, -0.95085392,  1.26373435,  1.05875329,  4.88918451,\n         5.66653453],\n       [ 4.62750254, -0.95085392,  1.26373435,  1.05875329,  4.88918451,\n         5.66653453],\n       [ 4.62750254, -0.95085392,  1.26373435,  1.05875329,  4.88918451,\n         5.66653453]]), array([0.19861681, 0.19861681, 0.19861681, 0.19861681, 0.19861681,\n       0.19861681, 0.19861681]))"}}, "bfgs": {"type": "gradient", "0": {"maxiter": 100, "gtol": 1e-05, "xrtol": 1e-05, "eps": 1e-05, "duration": 0.03352999687194824, "fun": "0.198616807328591", "jac": "[-1.03694831e-08  6.94644342e-07 -1.27852173e-06 -4.09627887e-07\n -1.07184261e-06 -5.31019673e-08]", "hess_inv": "[[ 4.66533477 -4.91613963 -2.1217619  -4.84306843  4.59443277 -1.29173109]\n [-4.91613963 14.1478037   5.28972245 11.61798486 -9.76028159  3.29757695]\n [-2.1217619   5.28972245  4.75969547  4.58815104 -5.2266778   1.95644787]\n [-4.84306843 11.61798486  4.58815104 12.24723762 -7.97045226  2.41289638]\n [ 4.59443277 -9.76028159 -5.2266778  -7.97045226 12.24095539 -5.11186411]\n [-1.29173109  3.29757695  1.95644787  2.41289638 -5.11186411  4.5919871 ]]", "nfev": "196", "njev": "28", "status": "0", "success": "True", "message": "Optimization terminated successfully.", "x": "[ 4.6275094  -0.95089131  1.26371287  1.05871705  4.88920391  5.66652164]", "nit": "24"}, "1": {"maxiter": 100, "gtol": 1e-05, "xrtol": 1e-05, "eps": 1e-10, "duration": 0.03343796730041504, "fun": "0.19861680728774356", "jac": "[ 1.11022293e-06 -3.33066880e-06 -1.11022293e-06 -2.22044587e-06\n -3.33066880e-06 -3.33066880e-06]", "hess_inv": "[[ 4.79340143 -5.19269245 -2.28927709 -5.19501924  4.80802135 -1.3433883 ]\n [-5.19269245 13.48499072  5.04813037 11.41397168 -9.3652418   2.95980211]\n [-2.28927709  5.04813037  4.71108114  4.5934343  -5.11576431  1.83561671]\n [-5.19501924 11.41397168  4.5934343  12.47387666 -7.91748349  2.22180127]\n [ 4.80802135 -9.3652418  -5.11576431 -7.91748349 12.02016157 -4.93654077]\n [-1.3433883   2.95980211  1.83561671  2.22180127 -4.93654077  4.50779141]]", "nfev": "196", "njev": "28", "status": "0", "success": "True", "message": "Optimization terminated successfully.", "x": "[ 4.62751063 -0.95088047  1.26372542  1.0587312   4.88919311  5.66652639]", "nit": "24"}, "2": {"maxiter": 100, "gtol": 1e-05, "xrtol": 1e-10, "eps": 1e-05, "duration": 0.033415794372558594, "fun": "0.198616807328591", "jac": "[-1.03694831e-08  6.94644342e-07 -1.27852173e-06 -4.09627887e-07\n -1.07184261e-06 -5.31019673e-08]", "hess_inv": "[[ 4.66533477 -4.91613963 -2.1217619  -4.84306843  4.59443277 -1.29173109]\n [-4.91613963 14.1478037   5.28972245 11.61798486 -9.76028159  3.29757695]\n [-2.1217619   5.28972245  4.75969547  4.58815104 -5.2266778   1.95644787]\n [-4.84306843 11.61798486  4.58815104 12.24723762 -7.97045226  2.41289638]\n [ 4.59443277 -9.76028159 -5.2266778  -7.97045226 12.24095539 -5.11186411]\n [-1.29173109  3.29757695  1.95644787  2.41289638 -5.11186411  4.5919871 ]]", "nfev": "196", "njev": "28", "status": "0", "success": "True", "message": "Optimization terminated successfully.", "x": "[ 4.6275094  -0.95089131  1.26371287  1.05871705  4.88920391  5.66652164]", "nit": "24"}, "3": {"maxiter": 100, "gtol": 1e-05, "xrtol": 1e-10, "eps": 1e-10, "duration": 0.03348183631896973, "fun": "0.19861680728774356", "jac": "[ 1.11022293e-06 -3.33066880e-06 -1.11022293e-06 -2.22044587e-06\n -3.33066880e-06 -3.33066880e-06]", "hess_inv": "[[ 4.79340143 -5.19269245 -2.28927709 -5.19501924  4.80802135 -1.3433883 ]\n [-5.19269245 13.48499072  5.04813037 11.41397168 -9.3652418   2.95980211]\n [-2.28927709  5.04813037  4.71108114  4.5934343  -5.11576431  1.83561671]\n [-5.19501924 11.41397168  4.5934343  12.47387666 -7.91748349  2.22180127]\n [ 4.80802135 -9.3652418  -5.11576431 -7.91748349 12.02016157 -4.93654077]\n [-1.3433883   2.95980211  1.83561671  2.22180127 -4.93654077  4.50779141]]", "nfev": "196", "njev": "28", "status": "0", "success": "True", "message": "Optimization terminated successfully.", "x": "[ 4.62751063 -0.95088047  1.26372542  1.0587312   4.88919311  5.66652639]", "nit": "24"}, "4": {"maxiter": 100, "gtol": 1e-10, "xrtol": 1e-05, "eps": 1e-05, "duration": 0.034699201583862305, "fun": "0.198616807328591", "jac": "[-1.03694831e-08  6.94644342e-07 -1.27852173e-06 -4.09627887e-07\n -1.07184261e-06 -5.31019673e-08]", "hess_inv": "[[ 4.66533477 -4.91613963 -2.1217619  -4.84306843  4.59443277 -1.29173109]\n [-4.91613963 14.1478037   5.28972245 11.61798486 -9.76028159  3.29757695]\n [-2.1217619   5.28972245  4.75969547  4.58815104 -5.2266778   1.95644787]\n [-4.84306843 11.61798486  4.58815104 12.24723762 -7.97045226  2.41289638]\n [ 4.59443277 -9.76028159 -5.2266778  -7.97045226 12.24095539 -5.11186411]\n [-1.29173109  3.29757695  1.95644787  2.41289638 -5.11186411  4.5919871 ]]", "nfev": "196", "njev": "28", "status": "0", "success": "True", "message": "Optimization terminated successfully.", "x": "[ 4.6275094  -0.95089131  1.26371287  1.05871705  4.88920391  5.66652164]", "nit": "24"}, "5": {"maxiter": 100, "gtol": 1e-10, "xrtol": 1e-05, "eps": 1e-10, "duration": 0.03734874725341797, "fun": "0.19861680726525088", "jac": "[ 0.00000000e+00 -5.55111466e-06  0.00000000e+00  1.11022293e-06\n -4.44089173e-06 -3.33066880e-06]", "hess_inv": "[[  5.58745233  -6.78997759  -3.75497605  -7.62504627   5.66096032\n   -1.60054013]\n [ -6.78997759  16.58194885   8.26676388  16.5340659  -10.97108316\n    3.37233817]\n [ -3.75497605   8.26676388   6.78722967   8.5388749   -6.94604779\n    2.55415364]\n [ -7.62504627  16.5340659    8.5388749   19.44706091 -10.74730594\n    3.21803315]\n [  5.66096032 -10.97108316  -6.94604779 -10.74730594  12.8323095\n   -5.11360156]\n [ -1.60054013   3.37233817   2.55415364   3.21803315  -5.11360156\n    4.49656292]]", "nfev": "210", "njev": "30", "status": "0", "success": "True", "message": "Optimization terminated successfully.", "x": "[ 4.62750137 -0.95085926  1.26373651  1.05875438  4.88918072  5.66653172]", "nit": "25"}, "6": {"maxiter": 100, "gtol": 1e-10, "xrtol": 1e-10, "eps": 1e-05, "duration": 0.08802413940429688, "fun": "0.198616807328591", "jac": "[-1.03694831e-08  6.94644342e-07 -1.27852173e-06 -4.09627887e-07\n -1.07184261e-06 -5.31019673e-08]", "hess_inv": "[[  4.58387771  -4.99632568  -2.05862037  -4.75735626   4.64915647\n   -1.36687532]\n [ -4.99632568  14.7103299    5.26896226  11.79907116 -10.34544446\n    3.61195002]\n [ -2.05862037   5.26896226   4.72146918   4.50921004  -5.18649434\n    1.9644978 ]\n [ -4.75735626  11.79907116   4.50921004  12.17162904  -8.12438\n    2.55051576]\n [  4.64915647 -10.34544446  -5.18649434  -8.12438     12.84080493\n   -5.44825606]\n [ -1.36687532   3.61195002   1.9644978    2.55051576  -5.44825606\n    4.75777298]]", "nfev": "502", "njev": "70", "status": "2", "success": "False", "message": "Desired error not necessarily achieved due to precision loss.", "x": "[ 4.6275094  -0.95089131  1.26371287  1.05871705  4.88920391  5.66652164]", "nit": "24"}, "7": {"maxiter": 100, "gtol": 1e-10, "xrtol": 1e-10, "eps": 1e-10, "duration": 0.04799604415893555, "fun": "0.1986168072547757", "jac": "[-1.11022293e-06 -3.33066880e-06 -1.11022293e-06  0.00000000e+00\n -2.22044587e-06 -1.11022293e-06]", "hess_inv": "[[ 1.74047356  0.77687141 -0.2684588  -0.95113588 -0.02468672 -0.32175002]\n [ 0.77687141  3.59358054 -1.84973678  1.8411438   1.95104063 -3.80396662]\n [-0.2684588  -1.84973678  2.67516442 -0.55313395 -2.05664764  1.97272003]\n [-0.95113588  1.8411438  -0.55313395  2.96941497 -0.3544358  -1.2706649 ]\n [-0.02468672  1.95104063 -2.05664764 -0.3544358   4.66089581 -4.42352206]\n [-0.32175002 -3.80396662  1.97272003 -1.2706649  -4.42352206  6.67287689]]", "nfev": "273", "njev": "39", "status": "2", "success": "False", "message": "Desired error not necessarily achieved due to precision loss.", "x": "[ 4.62750029 -0.95085028  1.26373644  1.05875988  4.88918263  5.66653074]", "nit": "28"}, "8": {"maxiter": 500, "gtol": 1e-05, "xrtol": 1e-05, "eps": 1e-05, "duration": 0.03452587127685547, "fun": "0.198616807328591", "jac": "[-1.03694831e-08  6.94644342e-07 -1.27852173e-06 -4.09627887e-07\n -1.07184261e-06 -5.31019673e-08]", "hess_inv": "[[ 4.66533477 -4.91613963 -2.1217619  -4.84306843  4.59443277 -1.29173109]\n [-4.91613963 14.1478037   5.28972245 11.61798486 -9.76028159  3.29757695]\n [-2.1217619   5.28972245  4.75969547  4.58815104 -5.2266778   1.95644787]\n [-4.84306843 11.61798486  4.58815104 12.24723762 -7.97045226  2.41289638]\n [ 4.59443277 -9.76028159 -5.2266778  -7.97045226 12.24095539 -5.11186411]\n [-1.29173109  3.29757695  1.95644787  2.41289638 -5.11186411  4.5919871 ]]", "nfev": "196", "njev": "28", "status": "0", "success": "True", "message": "Optimization terminated successfully.", "x": "[ 4.6275094  -0.95089131  1.26371287  1.05871705  4.88920391  5.66652164]", "nit": "24"}, "9": {"maxiter": 500, "gtol": 1e-05, "xrtol": 1e-05, "eps": 1e-10, "duration": 0.03449296951293945, "fun": "0.19861680728774356", "jac": "[ 1.11022293e-06 -3.33066880e-06 -1.11022293e-06 -2.22044587e-06\n -3.33066880e-06 -3.33066880e-06]", "hess_inv": "[[ 4.79340143 -5.19269245 -2.28927709 -5.19501924  4.80802135 -1.3433883 ]\n [-5.19269245 13.48499072  5.04813037 11.41397168 -9.3652418   2.95980211]\n [-2.28927709  5.04813037  4.71108114  4.5934343  -5.11576431  1.83561671]\n [-5.19501924 11.41397168  4.5934343  12.47387666 -7.91748349  2.22180127]\n [ 4.80802135 -9.3652418  -5.11576431 -7.91748349 12.02016157 -4.93654077]\n [-1.3433883   2.95980211  1.83561671  2.22180127 -4.93654077  4.50779141]]", "nfev": "196", "njev": "28", "status": "0", "success": "True", "message": "Optimization terminated successfully.", "x": "[ 4.62751063 -0.95088047  1.26372542  1.0587312   4.88919311  5.66652639]", "nit": "24"}, "10": {"maxiter": 500, "gtol": 1e-05, "xrtol": 1e-10, "eps": 1e-05, "duration": 0.0343327522277832, "fun": "0.198616807328591", "jac": "[-1.03694831e-08  6.94644342e-07 -1.27852173e-06 -4.09627887e-07\n -1.07184261e-06 -5.31019673e-08]", "hess_inv": "[[ 4.66533477 -4.91613963 -2.1217619  -4.84306843  4.59443277 -1.29173109]\n [-4.91613963 14.1478037   5.28972245 11.61798486 -9.76028159  3.29757695]\n [-2.1217619   5.28972245  4.75969547  4.58815104 -5.2266778   1.95644787]\n [-4.84306843 11.61798486  4.58815104 12.24723762 -7.97045226  2.41289638]\n [ 4.59443277 -9.76028159 -5.2266778  -7.97045226 12.24095539 -5.11186411]\n [-1.29173109  3.29757695  1.95644787  2.41289638 -5.11186411  4.5919871 ]]", "nfev": "196", "njev": "28", "status": "0", "success": "True", "message": "Optimization terminated successfully.", "x": "[ 4.6275094  -0.95089131  1.26371287  1.05871705  4.88920391  5.66652164]", "nit": "24"}, "11": {"maxiter": 500, "gtol": 1e-05, "xrtol": 1e-10, "eps": 1e-10, "duration": 0.034323930740356445, "fun": "0.19861680728774356", "jac": "[ 1.11022293e-06 -3.33066880e-06 -1.11022293e-06 -2.22044587e-06\n -3.33066880e-06 -3.33066880e-06]", "hess_inv": "[[ 4.79340143 -5.19269245 -2.28927709 -5.19501924  4.80802135 -1.3433883 ]\n [-5.19269245 13.48499072  5.04813037 11.41397168 -9.3652418   2.95980211]\n [-2.28927709  5.04813037  4.71108114  4.5934343  -5.11576431  1.83561671]\n [-5.19501924 11.41397168  4.5934343  12.47387666 -7.91748349  2.22180127]\n [ 4.80802135 -9.3652418  -5.11576431 -7.91748349 12.02016157 -4.93654077]\n [-1.3433883   2.95980211  1.83561671  2.22180127 -4.93654077  4.50779141]]", "nfev": "196", "njev": "28", "status": "0", "success": "True", "message": "Optimization terminated successfully.", "x": "[ 4.62751063 -0.95088047  1.26372542  1.0587312   4.88919311  5.66652639]", "nit": "24"}, "12": {"maxiter": 500, "gtol": 1e-10, "xrtol": 1e-05, "eps": 1e-05, "duration": 0.03459787368774414, "fun": "0.198616807328591", "jac": "[-1.03694831e-08  6.94644342e-07 -1.27852173e-06 -4.09627887e-07\n -1.07184261e-06 -5.31019673e-08]", "hess_inv": "[[ 4.66533477 -4.91613963 -2.1217619  -4.84306843  4.59443277 -1.29173109]\n [-4.91613963 14.1478037   5.28972245 11.61798486 -9.76028159  3.29757695]\n [-2.1217619   5.28972245  4.75969547  4.58815104 -5.2266778   1.95644787]\n [-4.84306843 11.61798486  4.58815104 12.24723762 -7.97045226  2.41289638]\n [ 4.59443277 -9.76028159 -5.2266778  -7.97045226 12.24095539 -5.11186411]\n [-1.29173109  3.29757695  1.95644787  2.41289638 -5.11186411  4.5919871 ]]", "nfev": "196", "njev": "28", "status": "0", "success": "True", "message": "Optimization terminated successfully.", "x": "[ 4.6275094  -0.95089131  1.26371287  1.05871705  4.88920391  5.66652164]", "nit": "24"}, "13": {"maxiter": 500, "gtol": 1e-10, "xrtol": 1e-05, "eps": 1e-10, "duration": 0.036924123764038086, "fun": "0.19861680726525088", "jac": "[ 0.00000000e+00 -5.55111466e-06  0.00000000e+00  1.11022293e-06\n -4.44089173e-06 -3.33066880e-06]", "hess_inv": "[[  5.58745233  -6.78997759  -3.75497605  -7.62504627   5.66096032\n   -1.60054013]\n [ -6.78997759  16.58194885   8.26676388  16.5340659  -10.97108316\n    3.37233817]\n [ -3.75497605   8.26676388   6.78722967   8.5388749   -6.94604779\n    2.55415364]\n [ -7.62504627  16.5340659    8.5388749   19.44706091 -10.74730594\n    3.21803315]\n [  5.66096032 -10.97108316  -6.94604779 -10.74730594  12.8323095\n   -5.11360156]\n [ -1.60054013   3.37233817   2.55415364   3.21803315  -5.11360156\n    4.49656292]]", "nfev": "210", "njev": "30", "status": "0", "success": "True", "message": "Optimization terminated successfully.", "x": "[ 4.62750137 -0.95085926  1.26373651  1.05875438  4.88918072  5.66653172]", "nit": "25"}, "14": {"maxiter": 500, "gtol": 1e-10, "xrtol": 1e-10, "eps": 1e-05, "duration": 0.087554931640625, "fun": "0.198616807328591", "jac": "[-1.03694831e-08  6.94644342e-07 -1.27852173e-06 -4.09627887e-07\n -1.07184261e-06 -5.31019673e-08]", "hess_inv": "[[  4.58387771  -4.99632568  -2.05862037  -4.75735626   4.64915647\n   -1.36687532]\n [ -4.99632568  14.7103299    5.26896226  11.79907116 -10.34544446\n    3.61195002]\n [ -2.05862037   5.26896226   4.72146918   4.50921004  -5.18649434\n    1.9644978 ]\n [ -4.75735626  11.79907116   4.50921004  12.17162904  -8.12438\n    2.55051576]\n [  4.64915647 -10.34544446  -5.18649434  -8.12438     12.84080493\n   -5.44825606]\n [ -1.36687532   3.61195002   1.9644978    2.55051576  -5.44825606\n    4.75777298]]", "nfev": "502", "njev": "70", "status": "2", "success": "False", "message": "Desired error not necessarily achieved due to precision loss.", "x": "[ 4.6275094  -0.95089131  1.26371287  1.05871705  4.88920391  5.66652164]", "nit": "24"}, "15": {"maxiter": 500, "gtol": 1e-10, "xrtol": 1e-10, "eps": 1e-10, "duration": 0.0481259822845459, "fun": "0.1986168072547757", "jac": "[-1.11022293e-06 -3.33066880e-06 -1.11022293e-06  0.00000000e+00\n -2.22044587e-06 -1.11022293e-06]", "hess_inv": "[[ 1.74047356  0.77687141 -0.2684588  -0.95113588 -0.02468672 -0.32175002]\n [ 0.77687141  3.59358054 -1.84973678  1.8411438   1.95104063 -3.80396662]\n [-0.2684588  -1.84973678  2.67516442 -0.55313395 -2.05664764  1.97272003]\n [-0.95113588  1.8411438  -0.55313395  2.96941497 -0.3544358  -1.2706649 ]\n [-0.02468672  1.95104063 -2.05664764 -0.3544358   4.66089581 -4.42352206]\n [-0.32175002 -3.80396662  1.97272003 -1.2706649  -4.42352206  6.67287689]]", "nfev": "273", "njev": "39", "status": "2", "success": "False", "message": "Desired error not necessarily achieved due to precision loss.", "x": "[ 4.62750029 -0.95085028  1.26373644  1.05875988  4.88918263  5.66653074]", "nit": "28"}, "16": {"maxiter": 1000, "gtol": 1e-05, "xrtol": 1e-05, "eps": 1e-05, "duration": 0.03468203544616699, "fun": "0.198616807328591", "jac": "[-1.03694831e-08  6.94644342e-07 -1.27852173e-06 -4.09627887e-07\n -1.07184261e-06 -5.31019673e-08]", "hess_inv": "[[ 4.66533477 -4.91613963 -2.1217619  -4.84306843  4.59443277 -1.29173109]\n [-4.91613963 14.1478037   5.28972245 11.61798486 -9.76028159  3.29757695]\n [-2.1217619   5.28972245  4.75969547  4.58815104 -5.2266778   1.95644787]\n [-4.84306843 11.61798486  4.58815104 12.24723762 -7.97045226  2.41289638]\n [ 4.59443277 -9.76028159 -5.2266778  -7.97045226 12.24095539 -5.11186411]\n [-1.29173109  3.29757695  1.95644787  2.41289638 -5.11186411  4.5919871 ]]", "nfev": "196", "njev": "28", "status": "0", "success": "True", "message": "Optimization terminated successfully.", "x": "[ 4.6275094  -0.95089131  1.26371287  1.05871705  4.88920391  5.66652164]", "nit": "24"}, "17": {"maxiter": 1000, "gtol": 1e-05, "xrtol": 1e-05, "eps": 1e-10, "duration": 0.03473019599914551, "fun": "0.19861680728774356", "jac": "[ 1.11022293e-06 -3.33066880e-06 -1.11022293e-06 -2.22044587e-06\n -3.33066880e-06 -3.33066880e-06]", "hess_inv": "[[ 4.79340143 -5.19269245 -2.28927709 -5.19501924  4.80802135 -1.3433883 ]\n [-5.19269245 13.48499072  5.04813037 11.41397168 -9.3652418   2.95980211]\n [-2.28927709  5.04813037  4.71108114  4.5934343  -5.11576431  1.83561671]\n [-5.19501924 11.41397168  4.5934343  12.47387666 -7.91748349  2.22180127]\n [ 4.80802135 -9.3652418  -5.11576431 -7.91748349 12.02016157 -4.93654077]\n [-1.3433883   2.95980211  1.83561671  2.22180127 -4.93654077  4.50779141]]", "nfev": "196", "njev": "28", "status": "0", "success": "True", "message": "Optimization terminated successfully.", "x": "[ 4.62751063 -0.95088047  1.26372542  1.0587312   4.88919311  5.66652639]", "nit": "24"}, "18": {"maxiter": 1000, "gtol": 1e-05, "xrtol": 1e-10, "eps": 1e-05, "duration": 0.03475689888000488, "fun": "0.198616807328591", "jac": "[-1.03694831e-08  6.94644342e-07 -1.27852173e-06 -4.09627887e-07\n -1.07184261e-06 -5.31019673e-08]", "hess_inv": "[[ 4.66533477 -4.91613963 -2.1217619  -4.84306843  4.59443277 -1.29173109]\n [-4.91613963 14.1478037   5.28972245 11.61798486 -9.76028159  3.29757695]\n [-2.1217619   5.28972245  4.75969547  4.58815104 -5.2266778   1.95644787]\n [-4.84306843 11.61798486  4.58815104 12.24723762 -7.97045226  2.41289638]\n [ 4.59443277 -9.76028159 -5.2266778  -7.97045226 12.24095539 -5.11186411]\n [-1.29173109  3.29757695  1.95644787  2.41289638 -5.11186411  4.5919871 ]]", "nfev": "196", "njev": "28", "status": "0", "success": "True", "message": "Optimization terminated successfully.", "x": "[ 4.6275094  -0.95089131  1.26371287  1.05871705  4.88920391  5.66652164]", "nit": "24"}, "19": {"maxiter": 1000, "gtol": 1e-05, "xrtol": 1e-10, "eps": 1e-10, "duration": 0.03487801551818848, "fun": "0.19861680728774356", "jac": "[ 1.11022293e-06 -3.33066880e-06 -1.11022293e-06 -2.22044587e-06\n -3.33066880e-06 -3.33066880e-06]", "hess_inv": "[[ 4.79340143 -5.19269245 -2.28927709 -5.19501924  4.80802135 -1.3433883 ]\n [-5.19269245 13.48499072  5.04813037 11.41397168 -9.3652418   2.95980211]\n [-2.28927709  5.04813037  4.71108114  4.5934343  -5.11576431  1.83561671]\n [-5.19501924 11.41397168  4.5934343  12.47387666 -7.91748349  2.22180127]\n [ 4.80802135 -9.3652418  -5.11576431 -7.91748349 12.02016157 -4.93654077]\n [-1.3433883   2.95980211  1.83561671  2.22180127 -4.93654077  4.50779141]]", "nfev": "196", "njev": "28", "status": "0", "success": "True", "message": "Optimization terminated successfully.", "x": "[ 4.62751063 -0.95088047  1.26372542  1.0587312   4.88919311  5.66652639]", "nit": "24"}, "20": {"maxiter": 1000, "gtol": 1e-10, "xrtol": 1e-05, "eps": 1e-05, "duration": 0.03487801551818848, "fun": "0.198616807328591", "jac": "[-1.03694831e-08  6.94644342e-07 -1.27852173e-06 -4.09627887e-07\n -1.07184261e-06 -5.31019673e-08]", "hess_inv": "[[ 4.66533477 -4.91613963 -2.1217619  -4.84306843  4.59443277 -1.29173109]\n [-4.91613963 14.1478037   5.28972245 11.61798486 -9.76028159  3.29757695]\n [-2.1217619   5.28972245  4.75969547  4.58815104 -5.2266778   1.95644787]\n [-4.84306843 11.61798486  4.58815104 12.24723762 -7.97045226  2.41289638]\n [ 4.59443277 -9.76028159 -5.2266778  -7.97045226 12.24095539 -5.11186411]\n [-1.29173109  3.29757695  1.95644787  2.41289638 -5.11186411  4.5919871 ]]", "nfev": "196", "njev": "28", "status": "0", "success": "True", "message": "Optimization terminated successfully.", "x": "[ 4.6275094  -0.95089131  1.26371287  1.05871705  4.88920391  5.66652164]", "nit": "24"}, "21": {"maxiter": 1000, "gtol": 1e-10, "xrtol": 1e-05, "eps": 1e-10, "duration": 0.03731989860534668, "fun": "0.19861680726525088", "jac": "[ 0.00000000e+00 -5.55111466e-06  0.00000000e+00  1.11022293e-06\n -4.44089173e-06 -3.33066880e-06]", "hess_inv": "[[  5.58745233  -6.78997759  -3.75497605  -7.62504627   5.66096032\n   -1.60054013]\n [ -6.78997759  16.58194885   8.26676388  16.5340659  -10.97108316\n    3.37233817]\n [ -3.75497605   8.26676388   6.78722967   8.5388749   -6.94604779\n    2.55415364]\n [ -7.62504627  16.5340659    8.5388749   19.44706091 -10.74730594\n    3.21803315]\n [  5.66096032 -10.97108316  -6.94604779 -10.74730594  12.8323095\n   -5.11360156]\n [ -1.60054013   3.37233817   2.55415364   3.21803315  -5.11360156\n    4.49656292]]", "nfev": "210", "njev": "30", "status": "0", "success": "True", "message": "Optimization terminated successfully.", "x": "[ 4.62750137 -0.95085926  1.26373651  1.05875438  4.88918072  5.66653172]", "nit": "25"}, "22": {"maxiter": 1000, "gtol": 1e-10, "xrtol": 1e-10, "eps": 1e-05, "duration": 0.08861017227172852, "fun": "0.198616807328591", "jac": "[-1.03694831e-08  6.94644342e-07 -1.27852173e-06 -4.09627887e-07\n -1.07184261e-06 -5.31019673e-08]", "hess_inv": "[[  4.58387771  -4.99632568  -2.05862037  -4.75735626   4.64915647\n   -1.36687532]\n [ -4.99632568  14.7103299    5.26896226  11.79907116 -10.34544446\n    3.61195002]\n [ -2.05862037   5.26896226   4.72146918   4.50921004  -5.18649434\n    1.9644978 ]\n [ -4.75735626  11.79907116   4.50921004  12.17162904  -8.12438\n    2.55051576]\n [  4.64915647 -10.34544446  -5.18649434  -8.12438     12.84080493\n   -5.44825606]\n [ -1.36687532   3.61195002   1.9644978    2.55051576  -5.44825606\n    4.75777298]]", "nfev": "502", "njev": "70", "status": "2", "success": "False", "message": "Desired error not necessarily achieved due to precision loss.", "x": "[ 4.6275094  -0.95089131  1.26371287  1.05871705  4.88920391  5.66652164]", "nit": "24"}, "23": {"maxiter": 1000, "gtol": 1e-10, "xrtol": 1e-10, "eps": 1e-10, "duration": 0.0485990047454834, "fun": "0.1986168072547757", "jac": "[-1.11022293e-06 -3.33066880e-06 -1.11022293e-06  0.00000000e+00\n -2.22044587e-06 -1.11022293e-06]", "hess_inv": "[[ 1.74047356  0.77687141 -0.2684588  -0.95113588 -0.02468672 -0.32175002]\n [ 0.77687141  3.59358054 -1.84973678  1.8411438   1.95104063 -3.80396662]\n [-0.2684588  -1.84973678  2.67516442 -0.55313395 -2.05664764  1.97272003]\n [-0.95113588  1.8411438  -0.55313395  2.96941497 -0.3544358  -1.2706649 ]\n [-0.02468672  1.95104063 -2.05664764 -0.3544358   4.66089581 -4.42352206]\n [-0.32175002 -3.80396662  1.97272003 -1.2706649  -4.42352206  6.67287689]]", "nfev": "273", "njev": "39", "status": "2", "success": "False", "message": "Desired error not necessarily achieved due to precision loss.", "x": "[ 4.62750029 -0.95085028  1.26373644  1.05875988  4.88918263  5.66653074]", "nit": "28"}}, "cobyla": {"0": {"maxiter": 100, "tol": 1e-05, "catol": 1e-05, "duration": 0.017086029052734375, "x": "[4.51208041 0.19247474 1.89700649 1.97607438 4.12172221 5.59103748]", "status": "2", "success": "False", "message": "Maximum number of function evaluations has been exceeded.", "nfev": "100", "fun": "0.23074552265285742", "maxcv": "0.0"}, "1": {"maxiter": 100, "tol": 1e-05, "catol": 1e-10, "duration": 0.016998291015625, "x": "[4.51208041 0.19247474 1.89700649 1.97607438 4.12172221 5.59103748]", "status": "2", "success": "False", "message": "Maximum number of function evaluations has been exceeded.", "nfev": "100", "fun": "0.23074552265285742", "maxcv": "0.0"}, "2": {"maxiter": 100, "tol": 1e-10, "catol": 1e-05, "duration": 0.016997814178466797, "x": "[4.51208041 0.19247474 1.89700649 1.97607438 4.12172221 5.59103748]", "status": "2", "success": "False", "message": "Maximum number of function evaluations has been exceeded.", "nfev": "100", "fun": "0.23074552265285742", "maxcv": "0.0"}, "3": {"maxiter": 100, "tol": 1e-10, "catol": 1e-10, "duration": 0.016994953155517578, "x": "[4.51208041 0.19247474 1.89700649 1.97607438 4.12172221 5.59103748]", "status": "2", "success": "False", "message": "Maximum number of function evaluations has been exceeded.", "nfev": "100", "fun": "0.23074552265285742", "maxcv": "0.0"}, "4": {"maxiter": 500, "tol": 1e-05, "catol": 1e-05, "duration": 0.08487701416015625, "x": "[ 4.62593021 -0.94688213  1.26573294  1.06226818  4.88600072  5.66767835]", "status": "2", "success": "False", "message": "Maximum number of function evaluations has been exceeded.", "nfev": "500", "fun": "0.19861733856776986", "maxcv": "0.0"}, "5": {"maxiter": 500, "tol": 1e-05, "catol": 1e-10, "duration": 0.0852668285369873, "x": "[ 4.62593021 -0.94688213  1.26573294  1.06226818  4.88600072  5.66767835]", "status": "2", "success": "False", "message": "Maximum number of function evaluations has been exceeded.", "nfev": "500", "fun": "0.19861733856776986", "maxcv": "0.0"}, "6": {"maxiter": 500, "tol": 1e-10, "catol": 1e-05, "duration": 0.0851747989654541, "x": "[ 4.62593021 -0.94688213  1.26573294  1.06226818  4.88600072  5.66767835]", "status": "2", "success": "False", "message": "Maximum number of function evaluations has been exceeded.", "nfev": "500", "fun": "0.19861733856776986", "maxcv": "0.0"}, "7": {"maxiter": 500, "tol": 1e-10, "catol": 1e-10, "duration": 0.0853886604309082, "x": "[ 4.62593021 -0.94688213  1.26573294  1.06226818  4.88600072  5.66767835]", "status": "2", "success": "False", "message": "Maximum number of function evaluations has been exceeded.", "nfev": "500", "fun": "0.19861733856776986", "maxcv": "0.0"}, "8": {"maxiter": 1000, "tol": 1e-05, "catol": 1e-05, "duration": 0.13202834129333496, "x": "[ 4.62745887 -0.95073237  1.26378508  1.0588489   4.88908332  5.66657731]", "status": "1", "success": "True"