{"date": "2024/07/18/, 22:24:36", "conf_id": 88, "data_type": "orthogonal\n", "num_data_points": 1, "s_rank": 0, "unitary": "[[-0.53618537-0.34368723j,-0.12107031-0.46226139j,-0.07699282-0.46603512j,0.36022595-0.11472301j],[0.26026499-0.63450712j,-0.56616638+0.37832564j,-0.14988651+0.08458591j,0.10363514-0.16008501j],[-0.32580188-0.11070003j,-0.36476308-0.23593218j,0.02559343+0.41761608j,-0.25598305+0.6725303j],[0.07406738-0.0126433j,0.28513701+0.19483972j,-0.74939717-0.10299659j,0.29798249+0.46269921j]]", "databatch_0": {"databatch": "[[[-0.10963622+0.14974181j,-0.31474671-0.29689595j,0.19233538-0.06157123j,0.23026442+0.24071802j],[-0.07635646-0.10430511j,-0.01760548-0.05931319j,0.05503827+0.0725173j,0.20870407-0.05868831j],[0.08584231-0.12777163j,0.24014809-0.10067502j,-0.09392487+0.13507999j,-0.11805038+0.31468847j],[0.04062941+0.05964978j,-0.17640597+0.29960219j,-0.02803527-0.13774985j,0.13579523-0.39362579j]]]", "initial param values": "[0.62729461,1.01943811,1.16339625,0.20308591,3.78396624,3.08088223]", "nelder_mead": {"type": "gradient-free", "0": {"maxiter": 100, "fatol": 1e-05, "xatol": 1e-05, "duration": 0.02642989158630371, "fun": "0.20302960536214543", "nit": "100", "nfev": "159", "status": "2", "success": "False", "message": "Maximum number of iterations has been exceeded.", "x": "[ 2.88485738  0.94594737  2.19693494 -0.04558132  0.66752855  3.74897341]", "final_simplex": "(array([[ 2.88485738,  0.94594737,  2.19693494, -0.04558132,  0.66752855,\n         3.74897341],\n       [ 2.5646438 ,  1.09085488,  2.43967139, -0.02472578,  0.75859198,\n         3.39145483],\n       [ 2.31990023,  1.28495   ,  2.81878009, -0.02570945,  0.7743911 ,\n         3.04096137],\n       [ 2.69325466,  1.07110654,  2.44701235, -0.0388405 ,  0.66867077,\n         3.45694253],\n       [ 2.55689724,  1.1509057 ,  2.60375947, -0.03672178,  0.70149929,\n         3.3130963 ],\n       [ 2.50897629,  1.14453495,  2.51356515, -0.02550433,  0.69354122,\n         3.29978878],\n       [ 2.28070337,  1.31332137,  2.90212069, -0.02794014,  0.6915812 ,\n         3.04738497]]), array([0.20302961, 0.20405822, 0.20444924, 0.20515884, 0.20561956,\n       0.20609885, 0.20616705]))"}, "1": {"maxiter": 100, "fatol": 1e-05, "xatol": 1e-10, "duration": 0.026353836059570312, "fun": "0.20302960536214543", "nit": "100", "nfev": "159", "status": "2", "success": "False", "message": "Maximum number of iterations has been exceeded.", "x": "[ 2.88485738  0.94594737  2.19693494 -0.04558132  0.66752855  3.74897341]", "final_simplex": "(array([[ 2.88485738,  0.94594737,  2.19693494, -0.04558132,  0.66752855,\n         3.74897341],\n       [ 2.5646438 ,  1.09085488,  2.43967139, -0.02472578,  0.75859198,\n         3.39145483],\n       [ 2.31990023,  1.28495   ,  2.81878009, -0.02570945,  0.7743911 ,\n         3.04096137],\n       [ 2.69325466,  1.07110654,  2.44701235, -0.0388405 ,  0.66867077,\n         3.45694253],\n       [ 2.55689724,  1.1509057 ,  2.60375947, -0.03672178,  0.70149929,\n         3.3130963 ],\n       [ 2.50897629,  1.14453495,  2.51356515, -0.02550433,  0.69354122,\n         3.29978878],\n       [ 2.28070337,  1.31332137,  2.90212069, -0.02794014,  0.6915812 ,\n         3.04738497]]), array([0.20302961, 0.20405822, 0.20444924, 0.20515884, 0.20561956,\n       0.20609885, 0.20616705]))"}, "2": {"maxiter": 100, "fatol": 1e-10, "xatol": 1e-05, "duration": 0.026386260986328125, "fun": "0.20302960536214543", "nit": "100", "nfev": "159", "status": "2", "success": "False", "message": "Maximum number of iterations has been exceeded.", "x": "[ 2.88485738  0.94594737  2.19693494 -0.04558132  0.66752855  3.74897341]", "final_simplex": "(array([[ 2.88485738,  0.94594737,  2.19693494, -0.04558132,  0.66752855,\n         3.74897341],\n       [ 2.5646438 ,  1.09085488,  2.43967139, -0.02472578,  0.75859198,\n         3.39145483],\n       [ 2.31990023,  1.28495   ,  2.81878009, -0.02570945,  0.7743911 ,\n         3.04096137],\n       [ 2.69325466,  1.07110654,  2.44701235, -0.0388405 ,  0.66867077,\n         3.45694253],\n       [ 2.55689724,  1.1509057 ,  2.60375947, -0.03672178,  0.70149929,\n         3.3130963 ],\n       [ 2.50897629,  1.14453495,  2.51356515, -0.02550433,  0.69354122,\n         3.29978878],\n       [ 2.28070337,  1.31332137,  2.90212069, -0.02794014,  0.6915812 ,\n         3.04738497]]), array([0.20302961, 0.20405822, 0.20444924, 0.20515884, 0.20561956,\n       0.20609885, 0.20616705]))"}, "3": {"maxiter": 100, "fatol": 1e-10, "xatol": 1e-10, "duration": 0.026381731033325195, "fun": "0.20302960536214543", "nit": "100", "nfev": "159", "status": "2", "success": "False", "message": "Maximum number of iterations has been exceeded.", "x": "[ 2.88485738  0.94594737  2.19693494 -0.04558132  0.66752855  3.74897341]", "final_simplex": "(array([[ 2.88485738,  0.94594737,  2.19693494, -0.04558132,  0.66752855,\n         3.74897341],\n       [ 2.5646438 ,  1.09085488,  2.43967139, -0.02472578,  0.75859198,\n         3.39145483],\n       [ 2.31990023,  1.28495   ,  2.81878009, -0.02570945,  0.7743911 ,\n         3.04096137],\n       [ 2.69325466,  1.07110654,  2.44701235, -0.0388405 ,  0.66867077,\n         3.45694253],\n       [ 2.55689724,  1.1509057 ,  2.60375947, -0.03672178,  0.70149929,\n         3.3130963 ],\n       [ 2.50897629,  1.14453495,  2.51356515, -0.02550433,  0.69354122,\n         3.29978878],\n       [ 2.28070337,  1.31332137,  2.90212069, -0.02794014,  0.6915812 ,\n         3.04738497]]), array([0.20302961, 0.20405822, 0.20444924, 0.20515884, 0.20561956,\n       0.20609885, 0.20616705]))"}, "4": {"maxiter": 500, "fatol": 1e-05, "xatol": 1e-05, "duration": 0.12787079811096191, "fun": "0.1402552844303987", "nit": "500", "nfev": "769", "status": "2", "success": "False", "message": "Maximum number of iterations has been exceeded.", "x": "[ 2.31597362  1.78482095  2.81936001 -0.44349143 -1.21229138  5.27336637]", "final_simplex": "(array([[ 2.31597362,  1.78482095,  2.81936001, -0.44349143, -1.21229138,\n         5.27336637],\n       [ 2.34620704,  1.80917544,  2.83808525, -0.41949944, -1.26730603,\n         5.31727216],\n       [ 2.30884244,  1.79666196,  2.82580889, -0.41889458, -1.2940565 ,\n         5.3806025 ],\n       [ 2.29619585,  1.78230437,  2.84114988, -0.43322595, -1.21277976,\n         5.25592663],\n       [ 2.31239212,  1.89150217,  2.87326842, -0.4469065 , -1.14658545,\n         5.20551532],\n       [ 2.28375958,  1.75859003,  2.8529376 , -0.43979593, -1.29597688,\n         5.30748162],\n       [ 2.35517532,  1.76029252,  2.83304377, -0.4274278 , -1.35685024,\n         5.44644177]]), array([0.14025528, 0.14061059, 0.14070579, 0.14082299, 0.14085864,\n       0.14106438, 0.14106543]))"}, "5": {"maxiter": 500, "fatol": 1e-05, "xatol": 1e-10, "duration": 0.12778592109680176, "fun": "0.1402552844303987", "nit": "500", "nfev": "769", "status": "2", "success": "False", "message": "Maximum number of iterations has been exceeded.", "x": "[ 2.31597362  1.78482095  2.81936001 -0.44349143 -1.21229138  5.27336637]", "final_simplex": "(array([[ 2.31597362,  1.78482095,  2.81936001, -0.44349143, -1.21229138,\n         5.27336637],\n       [ 2.34620704,  1.80917544,  2.83808525, -0.41949944, -1.26730603,\n         5.31727216],\n       [ 2.30884244,  1.79666196,  2.82580889, -0.41889458, -1.2940565 ,\n         5.3806025 ],\n       [ 2.29619585,  1.78230437,  2.84114988, -0.43322595, -1.21277976,\n         5.25592663],\n       [ 2.31239212,  1.89150217,  2.87326842, -0.4469065 , -1.14658545,\n         5.20551532],\n       [ 2.28375958,  1.75859003,  2.8529376 , -0.43979593, -1.29597688,\n         5.30748162],\n       [ 2.35517532,  1.76029252,  2.83304377, -0.4274278 , -1.35685024,\n         5.44644177]]), array([0.14025528, 0.14061059, 0.14070579, 0.14082299, 0.14085864,\n       0.14106438, 0.14106543]))"}, "6": {"maxiter": 500, "fatol": 1e-10, "xatol": 1e-05, "duration": 0.12769794464111328, "fun": "0.1402552844303987", "nit": "500", "nfev": "769", "status": "2", "success": "False", "message": "Maximum number of iterations has been exceeded.", "x": "[ 2.31597362  1.78482095  2.81936001 -0.44349143 -1.21229138  5.27336637]", "final_simplex": "(array([[ 2.31597362,  1.78482095,  2.81936001, -0.44349143, -1.21229138,\n         5.27336637],\n       [ 2.34620704,  1.80917544,  2.83808525, -0.41949944, -1.26730603,\n         5.31727216],\n       [ 2.30884244,  1.79666196,  2.82580889, -0.41889458, -1.2940565 ,\n         5.3806025 ],\n       [ 2.29619585,  1.78230437,  2.84114988, -0.43322595, -1.21277976,\n         5.25592663],\n       [ 2.31239212,  1.89150217,  2.87326842, -0.4469065 , -1.14658545,\n         5.20551532],\n       [ 2.28375958,  1.75859003,  2.8529376 , -0.43979593, -1.29597688,\n         5.30748162],\n       [ 2.35517532,  1.76029252,  2.83304377, -0.4274278 , -1.35685024,\n         5.44644177]]), array([0.14025528, 0.14061059, 0.14070579, 0.14082299, 0.14085864,\n       0.14106438, 0.14106543]))"}, "7": {"maxiter": 500, "fatol": 1e-10, "xatol": 1e-10, "duration": 0.12778115272521973, "fun": "0.1402552844303987", "nit": "500", "nfev": "769", "status": "2", "success": "False", "message": "Maximum number of iterations has been exceeded.", "x": "[ 2.31597362  1.78482095  2.81936001 -0.44349143 -1.21229138  5.27336637]", "final_simplex": "(array([[ 2.31597362,  1.78482095,  2.81936001, -0.44349143, -1.21229138,\n         5.27336637],\n       [ 2.34620704,  1.80917544,  2.83808525, -0.41949944, -1.26730603,\n         5.31727216],\n       [ 2.30884244,  1.79666196,  2.82580889, -0.41889458, -1.2940565 ,\n         5.3806025 ],\n       [ 2.29619585,  1.78230437,  2.84114988, -0.43322595, -1.21277976,\n         5.25592663],\n       [ 2.31239212,  1.89150217,  2.87326842, -0.4469065 , -1.14658545,\n         5.20551532],\n       [ 2.28375958,  1.75859003,  2.8529376 , -0.43979593, -1.29597688,\n         5.30748162],\n       [ 2.35517532,  1.76029252,  2.83304377, -0.4274278 , -1.35685024,\n         5.44644177]]), array([0.14025528, 0.14061059, 0.14070579, 0.14082299, 0.14085864,\n       0.14106438, 0.14106543]))"}, "8": {"maxiter": 1000, "fatol": 1e-05, "xatol": 1e-05, "duration": 0.18552923202514648, "fun": "0.1386347768049766", "nit": "716", "nfev": "1116", "status": "0", "success": "True", "message": "Optimization terminated successfully.", "x": "[ 2.26878279  1.76222901  2.69233489 -0.57287711 -1.24435501  5.30450652]", "final_simplex": "(array([[ 2.26878279,  1.76222901,  2.69233489, -0.57287711, -1.24435501,\n         5.30450652],\n       [ 2.2687824 ,  1.76223464,  2.69233558, -0.57288071, -1.2443457 ,\n         5.30449943],\n       [ 2.26878629,  1.76223582,  2.69233526, -0.57287634, -1.24434601,\n         5.30450427],\n       [ 2.26878218,  1.76223159,  2.69233285, -0.57287903, -1.24435612,\n         5.30450918],\n       [ 2.2687813 ,  1.76223448,  2.69233334, -0.57288008, -1.24434684,\n         5.30449862],\n       [ 2.26878549,  1.7622317 ,  2.69233431, -0.57288096, -1.24434885,\n         5.30450257],\n       [ 2.26878035,  1.76223042,  2.69233095, -0.57288319, -1.24435143,\n         5.30450523]]), array([0.13863478, 0.13863478, 0.13863478, 0.13863478, 0.13863478,\n       0.13863478, 0.13863478]))"}, "9": {"maxiter": 1000, "fatol": 1e-05, "xatol": 1e-10, "duration": 0.22221589088439941, "fun": "0.13863477680331748", "nit": "817", "nfev": "1352", "status": "0", "success": "True", "message": "Optimization terminated successfully.", "x": "[ 2.26878525  1.76223108  2.692334   -0.57287642 -1.24435069  5.30450639]", "final_simplex": "(array([[ 2.26878525,  1.76223108,  2.692334  , -0.57287642, -1.24435069,\n         5.30450639],\n       [ 2.26878525,  1.76223108,  2.692334  , -0.57287642, -1.24435069,\n         5.30450639],\n       [ 2.26878525,  1.76223108,  2.692334  , -0.57287642, -1.24435069,\n         5.30450639],\n       [ 2.26878525,  1.76223108,  2.692334  , -0.57287642, -1.24435069,\n         5.30450639],\n       [ 2.26878525,  1.76223108,  2.692334  , -0.57287642, -1.24435069,\n         5.30450639],\n       [ 2.26878525,  1.76223108,  2.692334  , -0.57287642, -1.24435069,\n         5.30450639],\n       [ 2.26878525,  1.76223108,  2.692334  , -0.57287642, -1.24435069,\n         5.30450639]]), array([0.13863478, 0.13863478, 0.13863478, 0.13863478, 0.13863478,\n       0.13863478, 0.13863478]))"}, "10": {"maxiter": 1000, "fatol": 1e-10, "xatol": 1e-05, "duration": 0.18167495727539062, "fun": "0.1386347768049766", "nit": "716", "nfev": "1116", "status": "0", "success": "True", "message": "Optimization terminated successfully.", "x": "[ 2.26878279  1.76222901  2.69233489 -0.57287711 -1.24435501  5.30450652]", "final_simplex": "(array([[ 2.26878279,  1.76222901,  2.69233489, -0.57287711, -1.24435501,\n         5.30450652],\n       [ 2.2687824 ,  1.76223464,  2.69233558, -0.57288071, -1.2443457 ,\n         5.30449943],\n       [ 2.26878629,  1.76223582,  2.69233526, -0.57287634, -1.24434601,\n         5.30450427],\n       [ 2.26878218,  1.76223159,  2.69233285, -0.57287903, -1.24435612,\n         5.30450918],\n       [ 2.2687813 ,  1.76223448,  2.69233334, -0.57288008, -1.24434684,\n         5.30449862],\n       [ 2.26878549,  1.7622317 ,  2.69233431, -0.57288096, -1.24434885,\n         5.30450257],\n       [ 2.26878035,  1.76223042,  2.69233095, -0.57288319, -1.24435143,\n         5.30450523]]), array([0.13863478, 0.13863478, 0.13863478, 0.13863478, 0.13863478,\n       0.13863478, 0.13863478]))"}, "11": {"maxiter": 1000, "fatol": 1e-10, "xatol": 1e-10, "duration": 0.21991300582885742, "fun": "0.13863477680331748", "nit": "817", "nfev": "1352", "status": "0", "success": "True", "message": "Optimization terminated successfully.", "x": "[ 2.26878525  1.76223108  2.692334   -0.57287642 -1.24435069  5.30450639]", "final_simplex": "(array([[ 2.26878525,  1.76223108,  2.692334  , -0.57287642, -1.24435069,\n         5.30450639],\n       [ 2.26878525,  1.76223108,  2.692334  , -0.57287642, -1.24435069,\n         5.30450639],\n       [ 2.26878525,  1.76223108,  2.692334  , -0.57287642, -1.24435069,\n         5.30450639],\n       [ 2.26878525,  1.76223108,  2.692334  , -0.57287642, -1.24435069,\n         5.30450639],\n       [ 2.26878525,  1.76223108,  2.692334  , -0.57287642, -1.24435069,\n         5.30450639],\n       [ 2.26878525,  1.76223108,  2.692334  , -0.57287642, -1.24435069,\n         5.30450639],\n       [ 2.26878525,  1.76223108,  2.692334  , -0.57287642, -1.24435069,\n         5.30450639]]), array([0.13863478, 0.13863478, 0.13863478, 0.13863478, 0.13863478,\n       0.13863478, 0.13863478]))"}}, "bfgs": {"type": "gradient", "0": {"maxiter": 100, "gtol": 1e-05, "xrtol": 1e-05, "eps": 1e-05, "duration": 0.04701709747314453, "fun": "0.13863477684049386", "jac": "[ 4.77143880e-06  3.29132277e-06  3.82477383e-06 -2.01118011e-06\n -7.26252392e-07  8.05644440e-07]", "hess_inv": "[[  5.35668993  -2.04593392  -0.07418426   3.93936838  -2.48189901\n    5.46065458]\n [ -2.04593392   9.43457284   4.53544546  -1.80955087  10.57928945\n  -10.99395137]\n [ -0.07418426   4.53544546   8.13252126   3.79425985   2.29641686\n   -4.16800045]\n [  3.93936838  -1.80955087   3.79425985   9.20832909  -5.03345629\n    6.13519599]\n [ -2.48189901  10.57928945   2.29641686  -5.03345629  22.8061573\n  -21.66159255]\n [  5.46065458 -10.99395137  -4.16800045   6.13519599 -21.66159255\n   25.2647476 ]]", "nfev": "280", "njev": "40", "status": "0", "success": "True", "message": "Optimization terminated successfully.", "x": "[ 2.26878422  1.76223816  2.6923413  -0.57288668  5.03882909 -0.97868159]", "nit": "32"}, "1": {"maxiter": 100, "gtol": 1e-05, "xrtol": 1e-05, "eps": 1e-10, "duration": 0.04718899726867676, "fun": "0.1386347772248273", "jac": "[-2.22044587e-06 -2.22044587e-06 -1.11022293e-06 -8.88178346e-06\n  0.00000000e+00 -1.11022293e-06]", "hess_inv": "[[  5.29327815  -1.96910388  -0.04282268   3.92998066  -2.4416052\n    5.39711413]\n [ -1.96910388   9.51538157   4.65018798  -1.67315026  10.61619942\n  -10.98477909]\n [ -0.04282268   4.65018798   8.31928905   3.94256259   2.31559205\n   -4.20709852]\n [  3.92998066  -1.67315026   3.94256259   9.30496553  -4.97622275\n    6.05419906]\n [ -2.4416052   10.61619942   2.31559205  -4.97622275  22.84150697\n  -21.64328591]\n [  5.39711413 -10.98477909  -4.20709852   6.05419906 -21.64328591\n   25.2041805 ]]", "nfev": "280", "njev": "40", "status": "0", "success": "True", "message": "Optimization terminated successfully.", "x": "[ 2.26873615  1.76223842  2.69230238 -0.57296018  5.03886425 -0.97873478]", "nit": "32"}, "2": {"maxiter": 100, "gtol": 1e-05, "xrtol": 1e-10, "eps": 1e-05, "duration": 0.047193050384521484, "fun": "0.13863477684049386", "jac": "[ 4.77143880e-06  3.29132277e-06  3.82477383e-06 -2.01118011e-06\n -7.26252392e-07  8.05644440e-07]", "hess_inv": "[[  5.35668993  -2.04593392  -0.07418426   3.93936838  -2.48189901\n    5.46065458]\n [ -2.04593392   9.43457284   4.53544546  -1.80955087  10.57928945\n  -10.99395137]\n [ -0.07418426   4.53544546   8.13252126   3.79425985   2.29641686\n   -4.16800045]\n [  3.93936838  -1.80955087   3.79425985   9.20832909  -5.03345629\n    6.13519599]\n [ -2.48189901  10.57928945   2.29641686  -5.03345629  22.8061573\n  -21.66159255]\n [  5.46065458 -10.99395137  -4.16800045   6.13519599 -21.66159255\n   25.2647476 ]]", "nfev": "280", "njev": "40", "status": "0", "success": "True", "message": "Optimization terminated successfully.", "x": "[ 2.26878422  1.76223816  2.6923413  -0.57288668  5.03882909 -0.97868159]", "nit": "32"}, "3": {"maxiter": 100, "gtol": 1e-05, "xrtol": 1e-10, "eps": 1e-10, "duration": 0.04737114906311035, "fun": "0.1386347772248273", "jac": "[-2.22044587e-06 -2.22044587e-06 -1.11022293e-06 -8.88178346e-06\n  0.00000000e+00 -1.11022293e-06]", "hess_inv": "[[  5.29327815  -1.96910388  -0.04282268   3.92998066  -2.4416052\n    5.39711413]\n [ -1.96910388   9.51538157   4.65018798  -1.67315026  10.61619942\n  -10.98477909]\n [ -0.04282268   4.65018798   8.31928905   3.94256259   2.31559205\n   -4.20709852]\n [  3.92998066  -1.67315026   3.94256259   9.30496553  -4.97622275\n    6.05419906]\n [ -2.4416052   10.61619942   2.31559205  -4.97622275  22.84150697\n  -21.64328591]\n [  5.39711413 -10.98477909  -4.20709852   6.05419906 -21.64328591\n   25.2041805 ]]", "nfev": "280", "njev": "40", "status": "0", "success": "True", "message": "Optimization terminated successfully.", "x": "[ 2.26873615  1.76223842  2.69230238 -0.57296018  5.03886425 -0.97873478]", "nit": "32"}, "4": {"maxiter": 100, "gtol": 1e-10, "xrtol": 1e-05, "eps": 1e-05, "duration": 0.04981279373168945, "fun": "0.13863477683232805", "jac": "[ 4.07064382e-06  2.67118550e-06  2.89551716e-06 -1.66537895e-06\n -5.86386495e-07  4.82258677e-07]", "hess_inv": "[[  5.33378239  -2.03927403  -0.09113549   3.92909392  -2.46902454\n    5.44518941]\n [ -2.03927403   9.50162619   4.58672153  -1.78429165  10.61456867\n  -11.02027043]\n [ -0.09113549   4.58672153   8.15111454   3.80161955   2.33215925\n   -4.20014642]\n [  3.92909392  -1.78429165   3.80161955   9.21091099  -5.01508418\n    6.11831138]\n [ -2.46902454  10.61456867   2.33215925  -5.01508418  22.82099352\n  -21.67033069]\n [  5.44518941 -11.02027043  -4.20014642   6.11831138 -21.67033069\n   25.26807096]]", "nfev": "294", "njev": "42", "status": "0", "success": "True", "message": "Optimization terminated successfully.", "x": "[ 2.26878042  1.76223221  2.69233375 -0.57289066  5.03882724 -0.978681  ]", "nit": "33"}, "5": {"maxiter": 100, "gtol": 1e-10, "xrtol": 1e-05, "eps": 1e-10, "duration": 0.08922815322875977, "fun": "0.13863477682917158", "jac": "[0.00000000e+00 1.11022293e-06 1.11022293e-06 3.33066880e-06\n 1.11022293e-06 0.00000000e+00]", "hess_inv": "[[ 6.18304288 -0.801044    2.18369585  6.36253086 -1.58130574  4.77107316]\n [-0.801044    7.32342683  5.37940606  0.73197699  4.44909836 -4.79446507]\n [ 2.18369585  5.37940606 13.07159801  9.93475812 -0.59783973 -1.00289364]\n [ 6.36253086  0.73197699  9.93475812 16.07588248 -4.76723102  6.32513489]\n [-1.58130574  4.44909836 -0.59783973 -4.76723102 10.63172738 -9.55474651]\n [ 4.77107316 -4.79446507 -1.00289364  6.32513489 -9.55474651 13.31144745]]", "nfev": "530", "njev": "74", "status": "2", "success": "False", "message": "Desired error not necessarily achieved due to precision loss.", "x": "[ 2.26877319  1.76224086  2.69233456 -0.57289069  5.03885633 -0.97871053]", "nit": "34"}, "6": {"maxiter": 100, "gtol": 1e-10, "xrtol": 1e-10, "eps": 1e-05, "duration": 0.08461213111877441, "fun": "0.13863477683232805", "jac": "[ 4.07064382e-06  2.67118550e-06  2.89551716e-06 -1.66537895e-06\n -5.86386495e-07  4.82258677e-07]", "hess_inv": "[[  5.71005519  -1.24802661   0.28601729   3.86602415  -1.3058205\n    4.51552738]\n [ -1.24802661  11.05672297   5.5789911   -1.67104689  12.53385599\n  -12.50647714]\n [  0.28601729   5.5789911    8.16448253   3.28823215   4.46254322\n   -5.99020397]\n [  3.86602415  -1.67104689   3.28823215   8.6657612   -4.01946108\n    5.21469048]\n [ -1.3058205   12.53385599   4.46254322  -4.01946108  23.86613227\n  -22.27447668]\n [  4.51552738 -12.50647714  -5.99020397   5.21469048 -22.27447668\n   25.54522688]]", "nfev": "501", "njev": "70", "status": "2", "success": "False", "message": "Desired error not necessarily achieved due to precision loss.", "x": "[ 2.26878042  1.76223221  2.69233375 -0.57289066  5.03882724 -0.978681  ]", "nit": "33"}, "7": {"maxiter": 100, "gtol": 1e-10, "xrtol": 1e-10, "eps": 1e-10, "duration": 0.08990597724914551, "fun": "0.13863477682917158", "jac": "[0.00000000e+00 1.11022293e-06 1.11022293e-06 3.33066880e-06\n 1.11022293e-06 0.00000000e+00]", "hess_inv": "[[ 6.18304288 -0.801044    2.18369585  6.36253086 -1.58130574  4.77107316]\n [-0.801044    7.32342683  5.37940606  0.73197699  4.44909836 -4.79446507]\n [ 2.18369585  5.37940606 13.07159801  9.93475812 -0.59783973 -1.00289364]\n [ 6.36253086  0.73197699  9.93475812 16.07588248 -4.76723102  6.32513489]\n [-1.58130574  4.44909836 -0.59783973 -4.76723102 10.63172738 -9.55474651]\n [ 4.77107316 -4.79446507 -1.00289364  6.32513489 -9.55474651 13.31144745]]", "nfev": "530", "njev": "74", "status": "2", "success": "False", "message": "Desired error not necessarily achieved due to precision loss.", "x": "[ 2.26877319  1.76224086  2.69233456 -0.57289069  5.03885633 -0.97871053]", "nit": "34"}, "8": {"maxiter": 500, "gtol": 1e-05, "xrtol": 1e-05, "eps": 1e-05, "duration": 0.04766416549682617, "fun": "0.13863477684049386", "jac": "[ 4.77143880e-06  3.29132277e-06  3.82477383e-06 -2.01118011e-06\n -7.26252392e-07  8.05644440e-07]", "hess_inv": "[[  5.35668993  -2.04593392  -0.07418426   3.93936838  -2.48189901\n    5.46065458]\n [ -2.04593392   9.43457284   4.53544546  -1.80955087  10.57928945\n  -10.99395137]\n [ -0.07418426   4.53544546   8.13252126   3.79425985   2.29641686\n   -4.16800045]\n [  3.93936838  -1.80955087   3.79425985   9.20832909  -5.03345629\n    6.13519599]\n [ -2.48189901  10.57928945   2.29641686  -5.03345629  22.8061573\n  -21.66159255]\n [  5.46065458 -10.99395137  -4.16800045   6.13519599 -21.66159255\n   25.2647476 ]]", "nfev": "280", "njev": "40", "status": "0", "success": "True", "message": "Optimization terminated successfully.", "x": "[ 2.26878422  1.76223816  2.6923413  -0.57288668  5.03882909 -0.97868159]", "nit": "32"}, "9": {"maxiter": 500, "gtol": 1e-05, "xrtol": 1e-05, "eps": 1e-10, "duration": 0.04757571220397949, "fun": "0.1386347772248273", "jac": "[-2.22044587e-06 -2.22044587e-06 -1.11022293e-06 -8.88178346e-06\n  0.00000000e+00 -1.11022293e-06]", "hess_inv": "[[  5.29327815  -1.96910388  -0.04282268   3.92998066  -2.4416052\n    5.39711413]\n [ -1.96910388   9.51538157   4.65018798  -1.67315026  10.61619942\n  -10.98477909]\n [ -0.04282268   4.65018798   8.31928905   3.94256259   2.31559205\n   -4.20709852]\n [  3.92998066  -1.67315026   3.94256259   9.30496553  -4.97622275\n    6.05419906]\n [ -2.4416052   10.61619942   2.31559205  -4.97622275  22.84150697\n  -21.64328591]\n [  5.39711413 -10.98477909  -4.20709852   6.05419906 -21.64328591\n   25.2041805 ]]", "nfev": "280", "njev": "40", "status": "0", "success": "True", "message": "Optimization terminated successfully.", "x": "[ 2.26873615  1.76223842  2.69230238 -0.57296018  5.03886425 -0.97873478]", "nit": "32"}, "10": {"maxiter": 500, "gtol": 1e-05, "xrtol": 1e-10, "eps": 1e-05, "duration": 0.04757881164550781, "fun": "0.13863477684049386", "jac": "[ 4.77143880e-06  3.29132277e-06  3.82477383e-06 -2.01118011e-06\n -7.26252392e-07  8.05644440e-07]", "hess_inv": "[[  5.35668993  -2.04593392  -0.07418426   3.93936838  -2.48189901\n    5.46065458]\n [ -2.04593392   9.43457284   4.53544546  -1.80955087  10.57928945\n  -10.99395137]\n [ -0.07418426   4.53544546   8.13252126   3.79425985   2.29641686\n   -4.16800045]\n [  3.93936838  -1.80955087   3.79425985   9.20832909  -5.03345629\n    6.13519599]\n [ -2.48189901  10.57928945   2.29641686  -5.03345629  22.8061573\n  -21.66159255]\n [  5.46065458 -10.99395137  -4.16800045   6.13519599 -21.66159255\n   25.2647476 ]]", "nfev": "280", "njev": "40", "status": "0", "success": "True", "message": "Optimization terminated successfully.", "x": "[ 2.26878422  1.76223816  2.6923413  -0.57288668  5.03882909 -0.97868159]", "nit": "32"}, "11": {"maxiter": 500, "gtol": 1e-05, "xrtol": 1e-10, "eps": 1e-10, "duration": 0.04757285118103027, "fun": "0.1386347772248273", "jac": "[-2.22044587e-06 -2.22044587e-06 -1.11022293e-06 -8.88178346e-06\n  0.00000000e+00 -1.11022293e-06]", "hess_inv": "[[  5.29327815  -1.96910388  -0.04282268   3.92998066  -2.4416052\n    5.39711413]\n [ -1.96910388   9.51538157   4.65018798  -1.67315026  10.61619942\n  -10.98477909]\n [ -0.04282268   4.65018798   8.31928905   3.94256259   2.31559205\n   -4.20709852]\n [  3.92998066  -1.67315026   3.94256259   9.30496553  -4.97622275\n    6.05419906]\n [ -2.4416052   10.61619942   2.31559205  -4.97622275  22.84150697\n  -21.64328591]\n [  5.39711413 -10.98477909  -4.20709852   6.05419906 -21.64328591\n   25.2041805 ]]", "nfev": "280", "njev": "40", "status": "0", "success": "True", "message": "Optimization terminated successfully.", "x": "[ 2.26873615  1.76223842  2.69230238 -0.57296018  5.03886425 -0.97873478]", "nit": "32"}, "12": {"maxiter": 500, "gtol": 1e-10, "xrtol": 1e-05, "eps": 1e-05, "duration": 0.04992055892944336, "fun": "0.13863477683232805", "jac": "[ 4.07064382e-06  2.67118550e-06  2.89551716e-06 -1.66537895e-06\n -5.86386495e-07  4.82258677e-07]", "hess_inv": "[[  5.33378239  -2.03927403  -0.09113549   3.92909392  -2.46902454\n    5.44518941]\n [ -2.03927403   9.50162619   4.58672153  -1.78429165  10.61456867\n  -11.02027043]\n [ -0.09113549   4.58672153   8.15111454   3.80161955   2.33215925\n   -4.20014642]\n [  3.92909392  -1.78429165   3.80161955   9.21091099  -5.01508418\n    6.11831138]\n [ -2.46902454  10.61456867   2.33215925  -5.01508418  22.82099352\n  -21.67033069]\n [  5.44518941 -11.02027043  -4.20014642   6.11831138 -21.67033069\n   25.26807096]]", "nfev": "294", "njev": "42", "status": "0", "success": "True", "message": "Optimization terminated successfully.", "x": "[ 2.26878042  1.76223221  2.69233375 -0.57289066  5.03882724 -0.978681  ]", "nit": "33"}, "13": {"maxiter": 500, "gtol": 1e-10, "xrtol": 1e-05, "eps": 1e-10, "duration": 0.08943796157836914, "fun": "0.13863477682917158", "jac": "[0.00000000e+00 1.11022293e-06 1.11022293e-06 3.33066880e-06\n 1.11022293e-06 0.00000000e+00]", "hess_inv": "[[ 6.18304288 -0.801044    2.18369585  6.36253086 -1.58130574  4.77107316]\n [-0.801044    7.32342683  5.37940606  0.73197699  4.44909836 -4.79446507]\n [ 2.18369585  5.37940606 13.07159801  9.93475812 -0.59783973 -1.00289364]\n [ 6.36253086  0.73197699  9.93475812 16.07588248 -4.76723102  6.32513489]\n [-1.58130574  4.44909836 -0.59783973 -4.76723102 10.63172738 -9.55474651]\n [ 4.77107316 -4.79446507 -1.00289364  6.32513489 -9.55474651 13.31144745]]", "nfev": "530", "njev": "74", "status": "2", "success": "False", "message": "Desired error not necessarily achieved due to precision loss.", "x": "[ 2.26877319  1.76224086  2.69233456 -0.57289069  5.03885633 -0.97871053]", "nit": "34"}, "14": {"maxiter": 500, "gtol": 1e-10, "xrtol": 1e-10, "eps": 1e-05, "duration": 0.08425426483154297, "fun": "0.13863477683232805", "jac": "[ 4.07064382e-06  2.67118550e-06  2.89551716e-06 -1.66537895e-06\n -5.86386495e-07  4.82258677e-07]", "hess_inv": "[[  5.71005519  -1.24802661   0.28601729   3.86602415  -1.3058205\n    4.51552738]\n [ -1.24802661  11.05672297   5.5789911   -1.67104689  12.53385599\n  -12.50647714]\n [  0.28601729   5.5789911    8.16448253   3.28823215   4.46254322\n   -5.99020397]\n [  3.86602415  -1.67104689   3.28823215   8.6657612   -4.01946108\n    5.21469048]\n [ -1.3058205   12.53385599   4.46254322  -4.01946108  23.86613227\n  -22.27447668]\n [  4.51552738 -12.50647714  -5.99020397   5.21469048 -22.27447668\n   25.54522688]]", "nfev": "501", "njev": "70", "status": "2", "success": "False", "message": "Desired error not necessarily achieved due to precision loss.", "x": "[ 2.26878042  1.76223221  2.69233375 -0.57289066  5.03882724 -0.978681  ]", "nit": "33"}, "15": {"maxiter": 500, "gtol": 1e-10, "xrtol": 1e-10, "eps": 1e-10, "duration": 0.08942270278930664, "fun": "0.13863477682917158", "jac": "[0.00000000e+00 1.11022293e-06 1.11022293e-06 3.33066880e-06\n 1.11022293e-06 0.00000000e+00]", "hess_inv": "[[ 6.18304288 -0.801044    2.18369585  6.36253086 -1.58130574  4.77107316]\n [-0.801044    7.32342683  5.37940606  0.73197699  4.44909836 -4.79446507]\n [ 2.18369585  5.37940606 13.07159801  9.93475812 -0.59783973 -1.00289364]\n [ 6.36253086  0.73197699  9.93475812 16.07588248 -4.76723102  6.32513489]\n [-1.58130574  4.44909836 -0.59783973 -4.76723102 10.63172738 -9.55474651]\n [ 4.77107316 -4.79446507 -1.00289364  6.32513489 -9.55474651 13.31144745]]", "nfev": "530", "njev": "74", "status": "2", "success": "False", "message": "Desired error not necessarily achieved due to precision loss.", "x": "[ 2.26877319  1.76224086  2.69233456 -0.57289069  5.03885633 -0.97871053]", "nit": "34"}, "16": {"maxiter": 1000, "gtol": 1e-05, "xrtol": 1e-05, "eps": 1e-05, "duration": 0.04742288589477539, "fun": "0.13863477684049386", "jac": "[ 4.77143880e-06  3.29132277e-06  3.82477383e-06 -2.01118011e-06\n -7.26252392e-07  8.05644440e-07]", "hess_inv": "[[  5.35668993  -2.04593392  -0.07418426   3.93936838  -2.48189901\n    5.46065458]\n [ -2.04593392   9.43457284   4.53544546  -1.80955087  10.57928945\n  -10.99395137]\n [ -0.07418426   4.53544546   8.13252126   3.79425985   2.29641686\n   -4.16800045]\n [  3.93936838  -1.80955087   3.79425985   9.20832909  -5.03345629\n    6.13519599]\n [ -2.48189901  10.57928945   2.29641686  -5.03345629  22.8061573\n  -21.66159255]\n [  5.46065458 -10.99395137  -4.16800045   6.13519599 -21.66159255\n   25.2647476 ]]", "nfev": "280", "njev": "40", "status": "0", "success": "True", "message": "Optimization terminated successfully.", "x": "[ 2.26878422  1.76223816  2.6923413  -0.57288668  5.03882909 -0.97868159]", "nit": "32"}, "17": {"maxiter": 1000, "gtol": 1e-05, "xrtol": 1e-05, "eps": 1e-10, "duration": 0.04750680923461914, "fun": "0.1386347772248273", "jac": "[-2.22044587e-06 -2.22044587e-06 -1.11022293e-06 -8.88178346e-06\n  0.00000000e+00 -1.11022293e-06]", "hess_inv": "[[  5.29327815  -1.96910388  -0.04282268   3.92998066  -2.4416052\n    5.39711413]\n [ -1.96910388   9.51538157   4.65018798  -1.67315026  10.61619942\n  -10.98477909]\n [ -0.04282268   4.65018798   8.31928905   3.94256259   2.31559205\n   -4.20709852]\n [  3.92998066  -1.67315026   3.94256259   9.30496553  -4.97622275\n    6.05419906]\n [ -2.4416052   10.61619942   2.31559205  -4.97622275  22.84150697\n  -21.64328591]\n [  5.39711413 -10.98477909  -4.20709852   6.05419906 -21.64328591\n   25.2041805 ]]", "nfev": "280", "njev": "40", "status": "0", "success": "True", "message": "Optimization terminated successfully.", "x": "[ 2.26873615  1.76223842  2.69230238 -0.57296018  5.03886425 -0.97873478]", "nit": "32"}, "18": {"maxiter": 1000, "gtol": 1e-05, "xrtol": 1e-10, "eps": 1e-05, "duration": 0.047470808029174805, "fun": "0.13863477684049386", "jac": "[ 4.77143880e-06  3.29132277e-06  3.82477383e-06 -2.01118011e-06\n -7.26252392e-07  8.05644440e-07]", "hess_inv": "[[  5.35668993  -2.04593392  -0.07418426   3.93936838  -2.48189901\n    5.46065458]\n [ -2.04593392   9.43457284   4.53544546  -1.80955087  10.57928945\n  -10.99395137]\n [ -0.07418426   4.53544546   8.13252126   3.79425985   2.29641686\n   -4.16800045]\n [  3.93936838  -1.80955087   3.79425985   9.20832909  -5.03345629\n    6.13519599]\n [ -2.48189901  10.57928945   2.29641686  -5.03345629  22.8061573\n  -21.66159255]\n [  5.46065458 -10.99395137  -4.16800045   6.13519599 -21.66159255\n   25.2647476 ]]", "nfev": "280", "njev": "40", "status": "0", "success": "True", "message": "Optimization terminated successfully.", "x": "[ 2.26878422  1.76223816  2.6923413  -0.57288668  5.03882909 -0.97868159]", "nit": "32"}, "19": {"maxiter": 1000, "gtol": 1e-05, "xrtol": 1e-10, "eps": 1e-10, "duration": 0.047515153884887695, "fun": "0.1386347772248273", "jac": "[-2.22044587e-06 -2.22044587e-06 -1.11022293e-06 -8.88178346e-06\n  0.00000000e+00 -1.11022293e-06]", "hess_inv": "[[  5.29327815  -1.96910388  -0.04282268   3.92998066  -2.4416052\n    5.39711413]\n [ -1.96910388   9.51538157   4.65018798  -1.67315026  10.61619942\n  -10.98477909]\n [ -0.04282268   4.65018798   8.31928905   3.94256259   2.31559205\n   -4.20709852]\n [  3.92998066  -1.67315026   3.94256259   9.30496553  -4.97622275\n    6.05419906]\n [ -2.4416052   10.61619942   2.31559205  -4.97622275  22.84150697\n  -21.64328591]\n [  5.39711413 -10.98477909  -4.20709852   6.05419906 -21.64328591\n   25.2041805 ]]", "nfev": "280", "njev": "40", "status": "0", "success": "True", "message": "Optimization terminated successfully.", "x": "[ 2.26873615  1.76223842  2.69230238 -0.57296018  5.03886425 -0.97873478]", "nit": "32"}, "20": {"maxiter": 1000, "gtol": 1e-10, "xrtol": 1e-05, "eps": 1e-05, "duration": 0.05002307891845703, "fun": "0.13863477683232805", "jac": "[ 4.07064382e-06  2.67118550e-06  2.89551716e-06 -1.66537895e-06\n -5.86386495e-07  4.82258677e-07]", "hess_inv": "[[  5.33378239  -2.03927403  -0.09113549   3.92909392  -2.46902454\n    5.44518941]\n [ -2.03927403   9.50162619   4.58672153  -1.78429165  10.61456867\n  -11.02027043]\n [ -0.09113549   4.58672153   8.15111454   3.80161955   2.33215925\n   -4.20014642]\n [  3.92909392  -1.78429165   3.80161955   9.21091099  -5.01508418\n    6.11831138]\n [ -2.46902454  10.61456867   2.33215925  -5.01508418  22.82099352\n  -21.67033069]\n [  5.44518941 -11.02027043  -4.20014642   6.11831138 -21.67033069\n   25.26807096]]", "nfev": "294", "njev": "42", "status": "0", "success": "True", "message": "Optimization terminated successfully.", "x": "[ 2.26878042  1.76223221  2.69233375 -0.57289066  5.03882724 -0.978681  ]", "nit": "33"}, "21": {"maxiter": 1000, "gtol": 1e-10, "xrtol": 1e-05, "eps": 1e-10, "duration": 0.0894620418548584, "fun": "0.13863477682917158", "jac": "[0.00000000e+00 1.11022293e-06 1.11022293e-06 3.33066880e-06\n 1.11022293e-06 0.00000000e+00]", "hess_inv": "[[ 6.18304288 -0.801044    2.18369585  6.36253086 -1.58130574  4.77107316]\n [-0.801044    7.32342683  5.37940606  0.73197699  4.44909836 -4.79446507]\n [ 2.18369585  5.37940606 13.07159801  9.93475812 -0.59783973 -1.00289364]\n [ 6.36253086  0.73197699  9.93475812 16.07588248 -4.76723102  6.32513489]\n [-1.58130574  4.44909836 -0.59783973 -4.76723102 10.63172738 -9.55474651]\n [ 4.77107316 -4.79446507 -1.00289364  6.32513489 -9.55474651 13.31144745]]", "nfev": "530", "njev": "74", "status": "2", "success": "False", "message": "Desired error not necessarily achieved due to precision loss.", "x": "[ 2.26877319  1.76224086  2.69233456 -0.57289069  5.03885633 -0.97871053]", "nit": "34"}, "22": {"maxiter": 1000, "gtol": 1e-10, "xrtol": 1e-10, "eps": 1e-05, "duration": 0.08455610275268555, "fun": "0.13863477683232805", "jac": "[ 4.07064382e-06  2.67118550e-06  2.89551716e-06 -1.66537895e-06\n -5.86386495e-07  4.82258677e-07]", "hess_inv": "[[  5.71005519  -1.24802661   0.28601729   3.86602415  -1.3058205\n    4.51552738]\n [ -1.24802661  11.05672297   5.5789911   -1.67104689  12.53385599\n  -12.50647714]\n [  0.28601729   5.5789911    8.16448253   3.28823215   4.46254322\n   -5.99020397]\n [  3.86602415  -1.67104689   3.28823215   8.6657612   -4.01946108\n    5.21469048]\n [ -1.3058205   12.53385599   4.46254322  -4.01946108  23.86613227\n  -22.27447668]\n [  4.51552738 -12.50647714  -5.99020397   5.21469048 -22.27447668\n   25.54522688]]", "nfev": "501", "njev": "70", "status": "2", "success": "False", "message": "Desired error not necessarily achieved due to precision loss.", "x": "[ 2.26878042  1.76223221  2.69233375 -0.57289066  5.03882724 -0.978681  ]", "nit": "33"}, "23": {"maxiter": 1000, "gtol": 1e-10, "xrtol": 1e-10, "eps": 1e-10, "duration": 0.09134221076965332, "fun": "0.13863477682917158", "jac": "[0.00000000e+00 1.11022293e-06 1.11022293e-06 3.33066880e-06\n 1.11022293e-06 0.00000000e+00]", "hess_inv": "[[ 6.18304288 -0.801044    2.18369585  6.36253086 -1.58130574  4.77107316]\n [-0.801044    7.32342683  5.37940606  0.73197699  4.44909836 -4.79446507]\n [ 2.18369585  5.37940606 13.07159801  9.93475812 -0.59783973 -1.00289364]\n [ 6.36253086  0.73197699  9.93475812 16.07588248 -4.76723102  6.32513489]\n [-1.58130574  4.44909836 -0.59783973 -4.76723102 10.63172738 -9.55474651]\n [ 4.77107316 -4.79446507 -1.00289364  6.32513489 -9.55474651 13.31144745]]", "nfev": "530", "njev": "74", "status": "2", "success": "False", "message": "Desired error not necessarily achieved due to precision loss.", "x": "[ 2.26877319  1.76224086  2.69233456 -0.57289069  5.03885633 -0.97871053]", "nit": "34"}}, "cobyla": {"0": {"maxiter": 100, "tol": 1e-05, "catol": 1e-05, "duration": 0.017060279846191406, "x": "[ 3.76758085 -0.96894807  0.10561429  0.08618083  3.14906786  1.01815653]", "status": "2", "success": "False", "message": "Maximum number of function evaluations has been exceeded.", "nfev": "100", "fun": "0.16208755938934416", "maxcv": "0.0"}, "1": {"maxiter": 100, "tol": 1e-05, "catol": 1e-10, "duration": 0.017095088958740234, "x": "[ 3.76758085 -0.96894807  0.10561429  0.08618083  3.14906786  1.01815653]", "status": "2", "success": "False", "message": "Maximum number of function evaluations has been exceeded.", "nfev": "100", "fun": "0.16208755938934416", "maxcv": "0.0"}, "2": {"maxiter": 100, "tol": 1e-10, "catol": 1e-05, "duration": 0.017097949981689453, "x": "[ 3.76758085 -0.96894807  0.10561429  0.08618083  3.14906786  1.01815653]", "status": "2", "success": "False", "message": "Maximum number of function evaluations has been exceeded.", "nfev": "100", "fun": "0.16208755938934416", "maxcv": "0.0"}, "3": {"maxiter": 100, "tol": 1e-10, "catol": 1e-10, "duration": 0.017094850540161133, "x": "[ 3.76758085 -0.96894807  0.10561429  0.08618083  3.14906786  1.01815653]", "status": "2", "success": "False", "message": "Maximum number of function evaluations has been exceeded.", "nfev": "100", "fun": "0.16208755938934416", "maxcv": "0.0"}, "4": {"maxiter": 500, "tol": 1e-05, "catol": 1e-05, "duration": 0.08548307418823242, "x": "[ 3.86899399 -1.11185572 -0.07109668  0.25696216  2.71841877  1.39110197]", "status": "2", "success": "False", "message": "Maximum number of function evaluations has been exceeded.", "nfev": "500", "fun": "0.1546180318674073", "maxcv": "0.0"}, "5": {"maxiter": 500, "tol": 1e-05, "catol": 1e-10, "duration": 0.08501935005187988, "x": "[ 3.86899399 -1.11185572 -0.07109668  0.25696216  2.71841877  1.39110197]", "status": "2", "success": "False", "message": "Maximum number of function evaluations has been exceeded.", "nfev": "500", "fun": "0.1546180318674073", "maxcv": "0.0"}, "6": {"maxiter": 500, "tol": 1e-10, "catol": 1e-05, "duration": 0.0848300457000732