{"date": "2024/07/19/, 20:49:14", "conf_id": 315, "data_type": "var_s_rank\n", "num_data_points": 4, "s_rank": 0, "unitary": "[[-0.45070455-0.02711853j,0.78437395-0.06613086j,0.06358678+0.19963393j,-0.07343613+0.35668523j],[-0.01890143-0.03813363j,0.32408202+0.25557629j,0.05872864-0.68979805j,0.55466693-0.20227297j],[-0.11215405+0.64023111j,-0.13344055+0.29565494j,-0.49012687-0.19046288j,-0.04241254+0.44046348j],[0.55771659+0.24656916j,0.31851997-0.05798805j,0.28761525-0.34294258j,-0.56718418+0.03616933j]]", "databatch_0": {"databatch": "[[[0.11319843-0.21848549j,-0.49494567+0.02422031j,-0.03733879+0.01418954j,-0.20523317+0.0173647j],[-0.16537129-0.20636734j,0.1216057+0.01488659j,0.21491781-0.15678645j,0.19712126+0.02482512j],[0.30021365+0.04118217j,-0.06832451+0.09666495j,-0.14907708-0.2182926j,0.34884332-0.09618896j],[-0.04288022-0.23041797j,0.17655232+0.15284025j,-0.19191411+0.01881443j,0.02509671-0.02742579j]],[[-0.07741042-0.18959429j,0.22764-0.06064393j,0.12123826-0.04473802j,-0.24369392+0.29329575j],[-0.00763938+0.08572862j,-0.25280867+0.20254531j,0.21033727-0.03736451j,-0.02314488-0.07365486j],[0.1653562-0.11376195j,0.04141883-0.3554786j,-0.08770612+0.23541766j,-0.10077061-0.15017002j],[-0.0671441-0.24800755j,-0.18848034-0.07941176j,-0.28457866-0.30099496j,-0.12184168-0.13435532j]],[[-0.04269814+0.03220888j,0.2130219+0.01278979j,0.22452059-0.07600036j,0.05918563-0.04744012j],[-0.37962234-0.11974063j,-0.28938024+0.00390708j,-0.12863408-0.00383793j,0.0279978+0.26812655j],[-0.18785594-0.23178365j,0.40368129+0.11776552j,-0.03790403-0.11660725j,0.28406209+0.05507029j],[0.0256153-0.22454528j,0.27567585-0.00928773j,0.1796173+0.03576746j,-0.18117346+0.00947232j]],[[0.28406152-0.14169237j,-0.03405838-0.14706887j,-0.30732536-0.0168994j,0.03284284-0.09717996j],[-0.22159211+0.17097261j,-0.14896248+0.16090375j,-0.15610178-0.06049537j,-0.16874949-0.23052687j],[-0.05514999+0.13935286j,-0.36811432-0.09664483j,-0.0778111-0.00718612j,-0.00595053+0.27659319j],[-0.27342597-0.18799859j,0.11920286+0.0918853j,-0.28481113-0.16097498j,0.02397457+0.21167883j]]]", "initial param values": "[5.90686918,2.85235347,1.17610547,5.97224129,6.04289161,3.45825817]", "nelder_mead": {"type": "gradient-free", "0": {"maxiter": 100, "fatol": 1e-05, "xatol": 1e-05, "duration": 0.026316165924072266, "fun": "0.42606481010420205", "nit": "100", "nfev": "154", "status": "2", "success": "False", "message": "Maximum number of iterations has been exceeded.", "x": "[7.52158564 1.0536452  0.88335855 4.67890378 7.17116839 1.99080645]", "final_simplex": "(array([[7.52158564, 1.0536452 , 0.88335855, 4.67890378, 7.17116839,\n        1.99080645],\n       [7.44009779, 0.98425205, 0.90243966, 4.60530258, 7.18594535,\n        2.00600874],\n       [7.61477888, 0.9730316 , 0.89030506, 4.58056592, 7.1050157 ,\n        1.9773113 ],\n       [7.46701372, 1.01073149, 0.92522769, 4.70214774, 7.02796855,\n        2.02176635],\n       [7.48051527, 0.96308466, 0.90860017, 4.61921906, 7.19356382,\n        2.16014211],\n       [7.55077525, 1.13733965, 0.88877947, 4.66306735, 7.13460253,\n        2.1098714 ],\n       [7.45390979, 0.88804133, 1.00645776, 4.68577805, 7.11377955,\n        2.01598443]]), array([0.42606481, 0.42637554, 0.42835636, 0.42846097, 0.43060389,\n       0.43530581, 0.4356109 ]))"}, "1": {"maxiter": 100, "fatol": 1e-05, "xatol": 1e-10, "duration": 0.026182889938354492, "fun": "0.42606481010420205", "nit": "100", "nfev": "154", "status": "2", "success": "False", "message": "Maximum number of iterations has been exceeded.", "x": "[7.52158564 1.0536452  0.88335855 4.67890378 7.17116839 1.99080645]", "final_simplex": "(array([[7.52158564, 1.0536452 , 0.88335855, 4.67890378, 7.17116839,\n        1.99080645],\n       [7.44009779, 0.98425205, 0.90243966, 4.60530258, 7.18594535,\n        2.00600874],\n       [7.61477888, 0.9730316 , 0.89030506, 4.58056592, 7.1050157 ,\n        1.9773113 ],\n       [7.46701372, 1.01073149, 0.92522769, 4.70214774, 7.02796855,\n        2.02176635],\n       [7.48051527, 0.96308466, 0.90860017, 4.61921906, 7.19356382,\n        2.16014211],\n       [7.55077525, 1.13733965, 0.88877947, 4.66306735, 7.13460253,\n        2.1098714 ],\n       [7.45390979, 0.88804133, 1.00645776, 4.68577805, 7.11377955,\n        2.01598443]]), array([0.42606481, 0.42637554, 0.42835636, 0.42846097, 0.43060389,\n       0.43530581, 0.4356109 ]))"}, "2": {"maxiter": 100, "fatol": 1e-10, "xatol": 1e-05, "duration": 0.026236772537231445, "fun": "0.42606481010420205", "nit": "100", "nfev": "154", "status": "2", "success": "False", "message": "Maximum number of iterations has been exceeded.", "x": "[7.52158564 1.0536452  0.88335855 4.67890378 7.17116839 1.99080645]", "final_simplex": "(array([[7.52158564, 1.0536452 , 0.88335855, 4.67890378, 7.17116839,\n        1.99080645],\n       [7.44009779, 0.98425205, 0.90243966, 4.60530258, 7.18594535,\n        2.00600874],\n       [7.61477888, 0.9730316 , 0.89030506, 4.58056592, 7.1050157 ,\n        1.9773113 ],\n       [7.46701372, 1.01073149, 0.92522769, 4.70214774, 7.02796855,\n        2.02176635],\n       [7.48051527, 0.96308466, 0.90860017, 4.61921906, 7.19356382,\n        2.16014211],\n       [7.55077525, 1.13733965, 0.88877947, 4.66306735, 7.13460253,\n        2.1098714 ],\n       [7.45390979, 0.88804133, 1.00645776, 4.68577805, 7.11377955,\n        2.01598443]]), array([0.42606481, 0.42637554, 0.42835636, 0.42846097, 0.43060389,\n       0.43530581, 0.4356109 ]))"}, "3": {"maxiter": 100, "fatol": 1e-10, "xatol": 1e-10, "duration": 0.026106834411621094, "fun": "0.42606481010420205", "nit": "100", "nfev": "154", "status": "2", "success": "False", "message": "Maximum number of iterations has been exceeded.", "x": "[7.52158564 1.0536452  0.88335855 4.67890378 7.17116839 1.99080645]", "final_simplex": "(array([[7.52158564, 1.0536452 , 0.88335855, 4.67890378, 7.17116839,\n        1.99080645],\n       [7.44009779, 0.98425205, 0.90243966, 4.60530258, 7.18594535,\n        2.00600874],\n       [7.61477888, 0.9730316 , 0.89030506, 4.58056592, 7.1050157 ,\n        1.9773113 ],\n       [7.46701372, 1.01073149, 0.92522769, 4.70214774, 7.02796855,\n        2.02176635],\n       [7.48051527, 0.96308466, 0.90860017, 4.61921906, 7.19356382,\n        2.16014211],\n       [7.55077525, 1.13733965, 0.88877947, 4.66306735, 7.13460253,\n        2.1098714 ],\n       [7.45390979, 0.88804133, 1.00645776, 4.68577805, 7.11377955,\n        2.01598443]]), array([0.42606481, 0.42637554, 0.42835636, 0.42846097, 0.43060389,\n       0.43530581, 0.4356109 ]))"}, "4": {"maxiter": 500, "fatol": 1e-05, "xatol": 1e-05, "duration": 0.0791318416595459, "fun": "0.3830353568994713", "nit": "286", "nfev": "460", "status": "0", "success": "True", "message": "Optimization terminated successfully.", "x": "[7.43765674 1.02803718 0.36436791 4.65733786 7.12566728 1.96325265]", "final_simplex": "(array([[7.43765674, 1.02803718, 0.36436791, 4.65733786, 7.12566728,\n        1.96325265],\n       [7.43765585, 1.02803273, 0.36437352, 4.65733074, 7.12566939,\n        1.96325222],\n       [7.43766188, 1.02804251, 0.36437054, 4.65733628, 7.1256666 ,\n        1.96326036],\n       [7.43765439, 1.02804172, 0.36437001, 4.65733435, 7.12566394,\n        1.96325237],\n       [7.43765801, 1.02803997, 0.36436298, 4.65732973, 7.12566612,\n        1.96325985],\n       [7.43765548, 1.02804594, 0.36437411, 4.65733778, 7.12567241,\n        1.9632517 ],\n       [7.43766562, 1.02803642, 0.36436912, 4.65733201, 7.12566617,\n        1.96325336]]), array([0.38303536, 0.38303536, 0.38303536, 0.38303536, 0.38303536,\n       0.38303536, 0.38303536]))"}, "5": {"maxiter": 500, "fatol": 1e-05, "xatol": 1e-10, "duration": 0.11901187896728516, "fun": "0.3830353568900372", "nit": "399", "nfev": "697", "status": "0", "success": "True", "message": "Optimization terminated successfully.", "x": "[7.43765457 1.02803732 0.36437307 4.65733707 7.12566905 1.96325819]", "final_simplex": "(array([[7.43765457, 1.02803732, 0.36437307, 4.65733707, 7.12566905,\n        1.96325819],\n       [7.43765457, 1.02803732, 0.36437307, 4.65733707, 7.12566905,\n        1.96325819],\n       [7.43765457, 1.02803732, 0.36437307, 4.65733707, 7.12566905,\n        1.96325819],\n       [7.43765457, 1.02803732, 0.36437307, 4.65733707, 7.12566905,\n        1.96325819],\n       [7.43765457, 1.02803732, 0.36437307, 4.65733707, 7.12566905,\n        1.96325819],\n       [7.43765457, 1.02803732, 0.36437307, 4.65733707, 7.12566905,\n        1.96325819],\n       [7.43765457, 1.02803732, 0.36437307, 4.65733707, 7.12566905,\n        1.96325819]]), array([0.38303536, 0.38303536, 0.38303536, 0.38303536, 0.38303536,\n       0.38303536, 0.38303536]))"}, "6": {"maxiter": 500, "fatol": 1e-10, "xatol": 1e-05, "duration": 0.07896184921264648, "fun": "0.3830353568994713", "nit": "286", "nfev": "460", "status": "0", "success": "True", "message": "Optimization terminated successfully.", "x": "[7.43765674 1.02803718 0.36436791 4.65733786 7.12566728 1.96325265]", "final_simplex": "(array([[7.43765674, 1.02803718, 0.36436791, 4.65733786, 7.12566728,\n        1.96325265],\n       [7.43765585, 1.02803273, 0.36437352, 4.65733074, 7.12566939,\n        1.96325222],\n       [7.43766188, 1.02804251, 0.36437054, 4.65733628, 7.1256666 ,\n        1.96326036],\n       [7.43765439, 1.02804172, 0.36437001, 4.65733435, 7.12566394,\n        1.96325237],\n       [7.43765801, 1.02803997, 0.36436298, 4.65732973, 7.12566612,\n        1.96325985],\n       [7.43765548, 1.02804594, 0.36437411, 4.65733778, 7.12567241,\n        1.9632517 ],\n       [7.43766562, 1.02803642, 0.36436912, 4.65733201, 7.12566617,\n        1.96325336]]), array([0.38303536, 0.38303536, 0.38303536, 0.38303536, 0.38303536,\n       0.38303536, 0.38303536]))"}, "7": {"maxiter": 500, "fatol": 1e-10, "xatol": 1e-10, "duration": 0.11795806884765625, "fun": "0.3830353568900372", "nit": "399", "nfev": "697", "status": "0", "success": "True", "message": "Optimization terminated successfully.", "x": "[7.43765457 1.02803732 0.36437307 4.65733707 7.12566905 1.96325819]", "final_simplex": "(array([[7.43765457, 1.02803732, 0.36437307, 4.65733707, 7.12566905,\n        1.96325819],\n       [7.43765457, 1.02803732, 0.36437307, 4.65733707, 7.12566905,\n        1.96325819],\n       [7.43765457, 1.02803732, 0.36437307, 4.65733707, 7.12566905,\n        1.96325819],\n       [7.43765457, 1.02803732, 0.36437307, 4.65733707, 7.12566905,\n        1.96325819],\n       [7.43765457, 1.02803732, 0.36437307, 4.65733707, 7.12566905,\n        1.96325819],\n       [7.43765457, 1.02803732, 0.36437307, 4.65733707, 7.12566905,\n        1.96325819],\n       [7.43765457, 1.02803732, 0.36437307, 4.65733707, 7.12566905,\n        1.96325819]]), array([0.38303536, 0.38303536, 0.38303536, 0.38303536, 0.38303536,\n       0.38303536, 0.38303536]))"}, "8": {"maxiter": 1000, "fatol": 1e-05, "xatol": 1e-05, "duration": 0.07801294326782227, "fun": "0.3830353568994713", "nit": "286", "nfev": "460", "status": "0", "success": "True", "message": "Optimization terminated successfully.", "x": "[7.43765674 1.02803718 0.36436791 4.65733786 7.12566728 1.96325265]", "final_simplex": "(array([[7.43765674, 1.02803718, 0.36436791, 4.65733786, 7.12566728,\n        1.96325265],\n       [7.43765585, 1.02803273, 0.36437352, 4.65733074, 7.12566939,\n        1.96325222],\n       [7.43766188, 1.02804251, 0.36437054, 4.65733628, 7.1256666 ,\n        1.96326036],\n       [7.43765439, 1.02804172, 0.36437001, 4.65733435, 7.12566394,\n        1.96325237],\n       [7.43765801, 1.02803997, 0.36436298, 4.65732973, 7.12566612,\n        1.96325985],\n       [7.43765548, 1.02804594, 0.36437411, 4.65733778, 7.12567241,\n        1.9632517 ],\n       [7.43766562, 1.02803642, 0.36436912, 4.65733201, 7.12566617,\n        1.96325336]]), array([0.38303536, 0.38303536, 0.38303536, 0.38303536, 0.38303536,\n       0.38303536, 0.38303536]))"}, "9": {"maxiter": 1000, "fatol": 1e-05, "xatol": 1e-10, "duration": 0.11771798133850098, "fun": "0.3830353568900372", "nit": "399", "nfev": "697", "status": "0", "success": "True", "message": "Optimization terminated successfully.", "x": "[7.43765457 1.02803732 0.36437307 4.65733707 7.12566905 1.96325819]", "final_simplex": "(array([[7.43765457, 1.02803732, 0.36437307, 4.65733707, 7.12566905,\n        1.96325819],\n       [7.43765457, 1.02803732, 0.36437307, 4.65733707, 7.12566905,\n        1.96325819],\n       [7.43765457, 1.02803732, 0.36437307, 4.65733707, 7.12566905,\n        1.96325819],\n       [7.43765457, 1.02803732, 0.36437307, 4.65733707, 7.12566905,\n        1.96325819],\n       [7.43765457, 1.02803732, 0.36437307, 4.65733707, 7.12566905,\n        1.96325819],\n       [7.43765457, 1.02803732, 0.36437307, 4.65733707, 7.12566905,\n        1.96325819],\n       [7.43765457, 1.02803732, 0.36437307, 4.65733707, 7.12566905,\n        1.96325819]]), array([0.38303536, 0.38303536, 0.38303536, 0.38303536, 0.38303536,\n       0.38303536, 0.38303536]))"}, "10": {"maxiter": 1000, "fatol": 1e-10, "xatol": 1e-05, "duration": 0.07789802551269531, "fun": "0.3830353568994713", "nit": "286", "nfev": "460", "status": "0", "success": "True", "message": "Optimization terminated successfully.", "x": "[7.43765674 1.02803718 0.36436791 4.65733786 7.12566728 1.96325265]", "final_simplex": "(array([[7.43765674, 1.02803718, 0.36436791, 4.65733786, 7.12566728,\n        1.96325265],\n       [7.43765585, 1.02803273, 0.36437352, 4.65733074, 7.12566939,\n        1.96325222],\n       [7.43766188, 1.02804251, 0.36437054, 4.65733628, 7.1256666 ,\n        1.96326036],\n       [7.43765439, 1.02804172, 0.36437001, 4.65733435, 7.12566394,\n        1.96325237],\n       [7.43765801, 1.02803997, 0.36436298, 4.65732973, 7.12566612,\n        1.96325985],\n       [7.43765548, 1.02804594, 0.36437411, 4.65733778, 7.12567241,\n        1.9632517 ],\n       [7.43766562, 1.02803642, 0.36436912, 4.65733201, 7.12566617,\n        1.96325336]]), array([0.38303536, 0.38303536, 0.38303536, 0.38303536, 0.38303536,\n       0.38303536, 0.38303536]))"}, "11": {"maxiter": 1000, "fatol": 1e-10, "xatol": 1e-10, "duration": 0.11777400970458984, "fun": "0.3830353568900372", "nit": "399", "nfev": "697", "status": "0", "success": "True", "message": "Optimization terminated successfully.", "x": "[7.43765457 1.02803732 0.36437307 4.65733707 7.12566905 1.96325819]", "final_simplex": "(array([[7.43765457, 1.02803732, 0.36437307, 4.65733707, 7.12566905,\n        1.96325819],\n       [7.43765457, 1.02803732, 0.36437307, 4.65733707, 7.12566905,\n        1.96325819],\n       [7.43765457, 1.02803732, 0.36437307, 4.65733707, 7.12566905,\n        1.96325819],\n       [7.43765457, 1.02803732, 0.36437307, 4.65733707, 7.12566905,\n        1.96325819],\n       [7.43765457, 1.02803732, 0.36437307, 4.65733707, 7.12566905,\n        1.96325819],\n       [7.43765457, 1.02803732, 0.36437307, 4.65733707, 7.12566905,\n        1.96325819],\n       [7.43765457, 1.02803732, 0.36437307, 4.65733707, 7.12566905,\n        1.96325819]]), array([0.38303536, 0.38303536, 0.38303536, 0.38303536, 0.38303536,\n       0.38303536, 0.38303536]))"}}, "bfgs": {"type": "gradient", "0": {"maxiter": 100, "gtol": 1e-05, "xrtol": 1e-05, "eps": 1e-05, "duration": 0.04235386848449707, "fun": "0.3830353577390304", "jac": "[ 2.09472439e-06  8.93352059e-07  4.05244727e-06  2.00910955e-05\n  6.50188792e-06 -8.84528006e-06]", "hess_inv": "[[ 3.95448013 -0.10138895 -0.08455655 -0.5020606  -0.43401906 -0.34305075]\n [-0.10138895  4.07912045 -1.43063812  0.38025623  0.49420544  0.48256736]\n [-0.08455655 -1.43063812  3.76880738 -0.16881855 -0.5867031   0.11045791]\n [-0.5020606   0.38025623 -0.16881855  1.66941795 -0.37881676  0.84596167]\n [-0.43401906  0.49420544 -0.5867031  -0.37881676  3.57464749  0.71414119]\n [-0.34305075  0.48256736  0.11045791  0.84596167  0.71414119  3.29210285]]", "nfev": "245", "njev": "35", "status": "0", "success": "True", "message": "Optimization terminated successfully.", "x": "[7.43764435 1.02804211 0.36439113 4.6574044  7.12568307 1.96322494]", "nit": "23"}, "1": {"maxiter": 100, "gtol": 1e-05, "xrtol": 1e-05, "eps": 1e-10, "duration": 0.04217886924743652, "fun": "0.3830353585682609", "jac": "[ 2.22044587e-06  2.22044587e-06  7.77156053e-06  2.66453504e-05\n  7.77156053e-06 -9.99200639e-06]", "hess_inv": "[[ 3.9916177  -0.05390287 -0.07995309 -0.4514809  -0.41367273 -0.38016035]\n [-0.05390287  4.07060447 -1.40568656  0.35996501  0.48164111  0.45678141]\n [-0.07995309 -1.40568656  3.75927358 -0.13235055 -0.58408897  0.12417781]\n [-0.4514809   0.35996501 -0.13235055  1.61346373 -0.37508213  0.82119728]\n [-0.41367273  0.48164111 -0.58408897 -0.37508213  3.59206942  0.69800044]\n [-0.38016035  0.45678141  0.12417781  0.82119728  0.69800044  3.27287732]]", "nfev": "245", "njev": "35", "status": "0", "success": "True", "message": "Optimization terminated successfully.", "x": "[7.4376428  1.02804904 0.36440754 4.6574359  7.12569453 1.96322814]", "nit": "23"}, "2": {"maxiter": 100, "gtol": 1e-05, "xrtol": 1e-10, "eps": 1e-05, "duration": 0.04334115982055664, "fun": "0.383035357026002", "jac": "[ 1.00142117e-06 -1.41044953e-06  2.31257236e-06  7.53846985e-06\n -2.04803952e-06 -1.86300975e-06]", "hess_inv": "[[ 3.97013109 -0.13110809 -0.14178873 -0.70307252 -0.47684278 -0.27927575]\n [-0.13110809  4.11819977 -1.24015813  0.93775168  0.53246263  0.31850667]\n [-0.14178873 -1.24015813  3.59247413 -0.26247675 -0.22712531  0.07975997]\n [-0.70307252  0.93775168 -0.26247675  2.47014635  0.60740243  0.46208445]\n [-0.47684278  0.53246263 -0.22712531  0.60740243  3.58497624  0.43304362]\n [-0.27927575  0.31850667  0.07975997  0.46208445  0.43304362  3.44562215]]", "nfev": "252", "njev": "36", "status": "0", "success": "True", "message": "Optimization terminated successfully.", "x": "[7.43765148 1.02802424 0.36438543 4.65735661 7.12565283 1.96324329]", "nit": "24"}, "3": {"maxiter": 100, "gtol": 1e-05, "xrtol": 1e-10, "eps": 1e-10, "duration": 0.0446319580078125, "fun": "0.3830353569911351", "jac": "[-3.33066880e-06 -3.33066880e-06  2.22044587e-06 -1.11022293e-06\n -2.22044587e-06 -1.11022293e-06]", "hess_inv": "[[ 3.98546723 -0.11386103 -0.02576115 -0.52404984 -0.51868812 -0.35193258]\n [-0.11386103  4.12525767 -1.15407806  1.19486683  0.51306689  0.40941396]\n [-0.02576115 -1.15407806  3.37817709 -0.02580664 -0.10819393  0.01372798]\n [-0.52404984  1.19486683 -0.02580664  3.70194366  0.88956185  0.38376808]\n [-0.51868812  0.51306689 -0.10819393  0.88956185  3.53863694  0.64791432]\n [-0.35193258  0.40941396  0.01372798  0.38376808  0.64791432  3.30601733]]", "nfev": "259", "njev": "37", "status": "0", "success": "True", "message": "Optimization terminated successfully.", "x": "[7.43764888 1.02801737 0.36438557 4.65733289 7.12565065 1.96324568]", "nit": "25"}, "4": {"maxiter": 100, "gtol": 1e-10, "xrtol": 1e-05, "eps": 1e-05, "duration": 0.04224586486816406, "fun": "0.3830353577390304", "jac": "[ 2.09472439e-06  8.93352059e-07  4.05244727e-06  2.00910955e-05\n  6.50188792e-06 -8.84528006e-06]", "hess_inv": "[[ 3.95448013 -0.10138895 -0.08455655 -0.5020606  -0.43401906 -0.34305075]\n [-0.10138895  4.07912045 -1.43063812  0.38025623  0.49420544  0.48256736]\n [-0.08455655 -1.43063812  3.76880738 -0.16881855 -0.5867031   0.11045791]\n [-0.5020606   0.38025623 -0.16881855  1.66941795 -0.37881676  0.84596167]\n [-0.43401906  0.49420544 -0.5867031  -0.37881676  3.57464749  0.71414119]\n [-0.34305075  0.48256736  0.11045791  0.84596167  0.71414119  3.29210285]]", "nfev": "245", "njev": "35", "status": "0", "success": "True", "message": "Optimization terminated successfully.", "x": "[7.43764435 1.02804211 0.36439113 4.6574044  7.12568307 1.96322494]", "nit": "23"}, "5": {"maxiter": 100, "gtol": 1e-10, "xrtol": 1e-05, "eps": 1e-10, "duration": 0.04307413101196289, "fun": "0.3830353585682609", "jac": "[ 2.22044587e-06  2.22044587e-06  7.77156053e-06  2.66453504e-05\n  7.77156053e-06 -9.99200639e-06]", "hess_inv": "[[ 3.9916177  -0.05390287 -0.07995309 -0.4514809  -0.41367273 -0.38016035]\n [-0.05390287  4.07060447 -1.40568656  0.35996501  0.48164111  0.45678141]\n [-0.07995309 -1.40568656  3.75927358 -0.13235055 -0.58408897  0.12417781]\n [-0.4514809   0.35996501 -0.13235055  1.61346373 -0.37508213  0.82119728]\n [-0.41367273  0.48164111 -0.58408897 -0.37508213  3.59206942  0.69800044]\n [-0.38016035  0.45678141  0.12417781  0.82119728  0.69800044  3.27287732]]", "nfev": "245", "njev": "35", "status": "0", "success": "True", "message": "Optimization terminated successfully.", "x": "[7.4376428  1.02804904 0.36440754 4.6574359  7.12569453 1.96322814]", "nit": "23"}, "6": {"maxiter": 100, "gtol": 1e-10, "xrtol": 1e-10, "eps": 1e-05, "duration": 0.05000782012939453, "fun": "0.3830353569138636", "jac": "[-1.11022302e-11  0.00000000e+00  0.00000000e+00  0.00000000e+00\n  2.22044605e-11  2.22044605e-11]", "hess_inv": "[[ 3.97087486 -0.13099209 -0.1456017  -0.71383127 -0.47456794 -0.27751556]\n [-0.13099209  4.18634383 -1.40447622  0.66679854  0.62698016  0.41265234]\n [-0.1456017  -1.40447622  3.98782083  0.40062589 -0.46862105 -0.13862962]\n [-0.71383127  0.66679854  0.40062589  3.60054294  0.19912413  0.09870979]\n [-0.47456794  0.62698016 -0.46862105  0.19912413  3.71318366  0.5764723 ]\n [-0.27751556  0.41265234 -0.13862962  0.09870979  0.5764723   3.56111426]]", "nfev": "287", "njev": "41", "status": "0", "success": "True", "message": "Optimization terminated successfully.", "x": "[7.43765147 1.02803082 0.36436976 4.6573304  7.1256629  1.96325165]", "nit": "29"}, "7": {"maxiter": 100, "gtol": 1e-10, "xrtol": 1e-10, "eps": 1e-10, "duration": 0.12146711349487305, "fun": "0.38303535689267254", "jac": "[ 0.00000000e+00 -2.22044587e-06 -2.22044587e-06  1.11022293e-06\n -1.11022293e-06 -2.22044587e-06]", "hess_inv": "[[ 7.85241842e-01  1.96821821e+00 -7.13918400e-02  8.00283134e-01\n   7.14160491e-01 -2.22016215e+00]\n [ 1.96821821e+00  5.25619663e+00 -3.04011142e-01  2.00712988e+00\n   1.97542860e+00 -5.82713364e+00]\n [-7.13918400e-02 -3.04011142e-01  1.83913095e-01 -7.24380702e-04\n  -1.89637262e-01  2.55587916e-01]\n [ 8.00283134e-01  2.00712988e+00 -7.24380702e-04  1.10610147e+00\n   6.69314589e-01 -2.30579327e+00]\n [ 7.14160491e-01  1.97542860e+00 -1.89637262e-01  6.69314589e-01\n   8.03382168e-01 -2.13417744e+00]\n [-2.22016215e+00 -5.82713364e+00  2.55587916e-01 -2.30579327e+00\n  -2.13417744e+00  6.54861884e+00]]", "nfev": "704", "njev": "99", "status": "2", "success": "False", "message": "Desired error not necessarily achieved due to precision loss.", "x": "[7.43765381 1.02803673 0.36437018 4.65733598 7.12566669 1.963257  ]", "nit": "39"}, "8": {"maxiter": 500, "gtol": 1e-05, "xrtol": 1e-05, "eps": 1e-05, "duration": 0.04261374473571777, "fun": "0.3830353577390304", "jac": "[ 2.09472439e-06  8.93352059e-07  4.05244727e-06  2.00910955e-05\n  6.50188792e-06 -8.84528006e-06]", "hess_inv": "[[ 3.95448013 -0.10138895 -0.08455655 -0.5020606  -0.43401906 -0.34305075]\n [-0.10138895  4.07912045 -1.43063812  0.38025623  0.49420544  0.48256736]\n [-0.08455655 -1.43063812  3.76880738 -0.16881855 -0.5867031   0.11045791]\n [-0.5020606   0.38025623 -0.16881855  1.66941795 -0.37881676  0.84596167]\n [-0.43401906  0.49420544 -0.5867031  -0.37881676  3.57464749  0.71414119]\n [-0.34305075  0.48256736  0.11045791  0.84596167  0.71414119  3.29210285]]", "nfev": "245", "njev": "35", "status": "0", "success": "True", "message": "Optimization terminated successfully.", "x": "[7.43764435 1.02804211 0.36439113 4.6574044  7.12568307 1.96322494]", "nit": "23"}, "9": {"maxiter": 500, "gtol": 1e-05, "xrtol": 1e-05, "eps": 1e-10, "duration": 0.04265284538269043, "fun": "0.3830353585682609", "jac": "[ 2.22044587e-06  2.22044587e-06  7.77156053e-06  2.66453504e-05\n  7.77156053e-06 -9.99200639e-06]", "hess_inv": "[[ 3.9916177  -0.05390287 -0.07995309 -0.4514809  -0.41367273 -0.38016035]\n [-0.05390287  4.07060447 -1.40568656  0.35996501  0.48164111  0.45678141]\n [-0.07995309 -1.40568656  3.75927358 -0.13235055 -0.58408897  0.12417781]\n [-0.4514809   0.35996501 -0.13235055  1.61346373 -0.37508213  0.82119728]\n [-0.41367273  0.48164111 -0.58408897 -0.37508213  3.59206942  0.69800044]\n [-0.38016035  0.45678141  0.12417781  0.82119728  0.69800044  3.27287732]]", "nfev": "245", "njev": "35", "status": "0", "success": "True", "message": "Optimization terminated successfully.", "x": "[7.4376428  1.02804904 0.36440754 4.6574359  7.12569453 1.96322814]", "nit": "23"}, "10": {"maxiter": 500, "gtol": 1e-05, "xrtol": 1e-10, "eps": 1e-05, "duration": 0.04394078254699707, "fun": "0.383035357026002", "jac": "[ 1.00142117e-06 -1.41044953e-06  2.31257236e-06  7.53846985e-06\n -2.04803952e-06 -1.86300975e-06]", "hess_inv": "[[ 3.97013109 -0.13110809 -0.14178873 -0.70307252 -0.47684278 -0.27927575]\n [-0.13110809  4.11819977 -1.24015813  0.93775168  0.53246263  0.31850667]\n [-0.14178873 -1.24015813  3.59247413 -0.26247675 -0.22712531  0.07975997]\n [-0.70307252  0.93775168 -0.26247675  2.47014635  0.60740243  0.46208445]\n [-0.47684278  0.53246263 -0.22712531  0.60740243  3.58497624  0.43304362]\n [-0.27927575  0.31850667  0.07975997  0.46208445  0.43304362  3.44562215]]", "nfev": "252", "njev": "36", "status": "0", "success": "True", "message": "Optimization terminated successfully.", "x": "[7.43765148 1.02802424 0.36438543 4.65735661 7.12565283 1.96324329]", "nit": "24"}, "11": {"maxiter": 500, "gtol": 1e-05, "xrtol": 1e-10, "eps": 1e-10, "duration": 0.04513883590698242, "fun": "0.3830353569911351", "jac": "[-3.33066880e-06 -3.33066880e-06  2.22044587e-06 -1.11022293e-06\n -2.22044587e-06 -1.11022293e-06]", "hess_inv": "[[ 3.98546723 -0.11386103 -0.02576115 -0.52404984 -0.51868812 -0.35193258]\n [-0.11386103  4.12525767 -1.15407806  1.19486683  0.51306689  0.40941396]\n [-0.02576115 -1.15407806  3.37817709 -0.02580664 -0.10819393  0.01372798]\n [-0.52404984  1.19486683 -0.02580664  3.70194366  0.88956185  0.38376808]\n [-0.51868812  0.51306689 -0.10819393  0.88956185  3.53863694  0.64791432]\n [-0.35193258  0.40941396  0.01372798  0.38376808  0.64791432  3.30601733]]", "nfev": "259", "njev": "37", "status": "0", "success": "True", "message": "Optimization terminated successfully.", "x": "[7.43764888 1.02801737 0.36438557 4.65733289 7.12565065 1.96324568]", "nit": "25"}, "12": {"maxiter": 500, "gtol": 1e-10, "xrtol": 1e-05, "eps": 1e-05, "duration": 0.042643070220947266, "fun": "0.3830353577390304", "jac": "[ 2.09472439e-06  8.93352059e-07  4.05244727e-06  2.00910955e-05\n  6.50188792e-06 -8.84528006e-06]", "hess_inv": "[[ 3.95448013 -0.10138895 -0.08455655 -0.5020606  -0.43401906 -0.34305075]\n [-0.10138895  4.07912045 -1.43063812  0.38025623  0.49420544  0.48256736]\n [-0.08455655 -1.43063812  3.76880738 -0.16881855 -0.5867031   0.11045791]\n [-0.5020606   0.38025623 -0.16881855  1.66941795 -0.37881676  0.84596167]\n [-0.43401906  0.49420544 -0.5867031  -0.37881676  3.57464749  0.71414119]\n [-0.34305075  0.48256736  0.11045791  0.84596167  0.71414119  3.29210285]]", "nfev": "245", "njev": "35", "status": "0", "success": "True", "message": "Optimization terminated successfully.", "x": "[7.43764435 1.02804211 0.36439113 4.6574044  7.12568307 1.96322494]", "nit": "23"}, "13": {"maxiter": 500, "gtol": 1e-10, "xrtol": 1e-05, "eps": 1e-10, "duration": 0.042452096939086914, "fun": "0.3830353585682609", "jac": "[ 2.22044587e-06  2.22044587e-06  7.77156053e-06  2.66453504e-05\n  7.77156053e-06 -9.99200639e-06]", "hess_inv": "[[ 3.9916177  -0.05390287 -0.07995309 -0.4514809  -0.41367273 -0.38016035]\n [-0.05390287  4.07060447 -1.40568656  0.35996501  0.48164111  0.45678141]\n [-0.07995309 -1.40568656  3.75927358 -0.13235055 -0.58408897  0.12417781]\n [-0.4514809   0.35996501 -0.13235055  1.61346373 -0.37508213  0.82119728]\n [-0.41367273  0.48164111 -0.58408897 -0.37508213  3.59206942  0.69800044]\n [-0.38016035  0.45678141  0.12417781  0.82119728  0.69800044  3.27287732]]", "nfev": "245", "njev": "35", "status": "0", "success": "True", "message": "Optimization terminated successfully.", "x": "[7.4376428  1.02804904 0.36440754 4.6574359  7.12569453 1.96322814]", "nit": "23"}, "14": {"maxiter": 500, "gtol": 1e-10, "xrtol": 1e-10, "eps": 1e-05, "duration": 0.04969501495361328, "fun": "0.3830353569138636", "jac": "[-1.11022302e-11  0.00000000e+00  0.00000000e+00  0.00000000e+00\n  2.22044605e-11  2.22044605e-11]", "hess_inv": "[[ 3.97087486 -0.13099209 -0.1456017  -0.71383127 -0.47456794 -0.27751556]\n [-0.13099209  4.18634383 -1.40447622  0.66679854  0.62698016  0.41265234]\n [-0.1456017  -1.40447622  3.98782083  0.40062589 -0.46862105 -0.13862962]\n [-0.71383127  0.66679854  0.40062589  3.60054294  0.19912413  0.09870979]\n [-0.47456794  0.62698016 -0.46862105  0.19912413  3.71318366  0.5764723 ]\n [-0.27751556  0.41265234 -0.13862962  0.09870979  0.5764723   3.56111426]]", "nfev": "287", "njev": "41", "status": "0", "success": "True", "message": "Optimization terminated successfully.", "x": "[7.43765147 1.02803082 0.36436976 4.6573304  7.1256629  1.96325165]", "nit": "29"}, "15": {"maxiter": 500, "gtol": 1e-10, "xrtol": 1e-10, "eps": 1e-10, "duration": 0.12261605262756348, "fun": "0.38303535689267254", "jac": "[ 0.00000000e+00 -2.22044587e-06 -2.22044587e-06  1.11022293e-06\n -1.11022293e-06 -2.22044587e-06]", "hess_inv": "[[ 7.85241842e-01  1.96821821e+00 -7.13918400e-02  8.00283134e-01\n   7.14160491e-01 -2.22016215e+00]\n [ 1.96821821e+00  5.25619663e+00 -3.04011142e-01  2.00712988e+00\n   1.97542860e+00 -5.82713364e+00]\n [-7.13918400e-02 -3.04011142e-01  1.83913095e-01 -7.24380702e-04\n  -1.89637262e-01  2.55587916e-01]\n [ 8.00283134e-01  2.00712988e+00 -7.24380702e-04  1.10610147e+00\n   6.69314589e-01 -2.30579327e+00]\n [ 7.14160491e-01  1.97542860e+00 -1.89637262e-01  6.69314589e-01\n   8.03382168e-01 -2.13417744e+00]\n [-2.22016215e+00 -5.82713364e+00  2.55587916e-01 -2.30579327e+00\n  -2.13417744e+00  6.54861884e+00]]", "nfev": "704", "njev": "99", "status": "2", "success": "False", "message": "Desired error not necessarily achieved due to precision loss.", "x": "[7.43765381 1.02803673 0.36437018 4.65733598 7.12566669 1.963257  ]", "nit": "39"}, "16": {"maxiter": 1000, "gtol": 1e-05, "xrtol": 1e-05, "eps": 1e-05, "duration": 0.04269814491271973, "fun": "0.3830353577390304", "jac": "[ 2.09472439e-06  8.93352059e-07  4.05244727e-06  2.00910955e-05\n  6.50188792e-06 -8.84528006e-06]", "hess_inv": "[[ 3.95448013 -0.10138895 -0.08455655 -0.5020606  -0.43401906 -0.34305075]\n [-0.10138895  4.07912045 -1.43063812  0.38025623  0.49420544  0.48256736]\n [-0.08455655 -1.43063812  3.76880738 -0.16881855 -0.5867031   0.11045791]\n [-0.5020606   0.38025623 -0.16881855  1.66941795 -0.37881676  0.84596167]\n [-0.43401906  0.49420544 -0.5867031  -0.37881676  3.57464749  0.71414119]\n [-0.34305075  0.48256736  0.11045791  0.84596167  0.71414119  3.29210285]]", "nfev": "245", "njev": "35", "status": "0", "success": "True", "message": "Optimization terminated successfully.", "x": "[7.43764435 1.02804211 0.36439113 4.6574044  7.12568307 1.96322494]", "nit": "23"}, "17": {"maxiter": 1000, "gtol": 1e-05, "xrtol": 1e-05, "eps": 1e-10, "duration": 0.04251861572265625, "fun": "0.3830353585682609", "jac": "[ 2.22044587e-06  2.22044587e-06  7.77156053e-06  2.66453504e-05\n  7.77156053e-06 -9.99200639e-06]", "hess_inv": "[[ 3.9916177  -0.05390287 -0.07995309 -0.4514809  -0.41367273 -0.38016035]\n [-0.05390287  4.07060447 -1.40568656  0.35996501  0.48164111  0.45678141]\n [-0.07995309 -1.40568656  3.75927358 -0.13235055 -0.58408897  0.12417781]\n [-0.4514809   0.35996501 -0.13235055  1.61346373 -0.37508213  0.82119728]\n [-0.41367273  0.48164111 -0.58408897 -0.37508213  3.59206942  0.69800044]\n [-0.38016035  0.45678141  0.12417781  0.82119728  0.69800044  3.27287732]]", "nfev": "245", "njev": "35", "status": "0", "success": "True", "message": "Optimization terminated successfully.", "x": "[7.4376428  1.02804904 0.36440754 4.6574359  7.12569453 1.96322814]", "nit": "23"}, "18": {"maxiter": 1000, "gtol": 1e-05, "xrtol": 1e-10, "eps": 1e-05, "duration": 0.04333806037902832, "fun": "0.383035357026002", "jac": "[ 1.00142117e-06 -1.41044953e-06  2.31257236e-06  7.53846985e-06\n -2.04803952e-06 -1.86300975e-06]", "hess_inv": "[[ 3.97013109 -0.13110809 -0.14178873 -0.70307252 -0.47684278 -0.27927575]\n [-0.13110809  4.11819977 -1.24015813  0.93775168  0.53246263  0.31850667]\n [-0.14178873 -1.24015813  3.59247413 -0.26247675 -0.22712531  0.07975997]\n [-0.70307252  0.93775168 -0.26247675  2.47014635  0.60740243  0.46208445]\n [-0.47684278  0.53246263 -0.22712531  0.60740243  3.58497624  0.43304362]\n [-0.27927575  0.31850667  0.07975997  0.46208445  0.43304362  3.44562215]]", "nfev": "252", "njev": "36", "status": "0", "success": "True", "message": "Optimization terminated successfully.", "x": "[7.43765148 1.02802424 0.36438543 4.65735661 7.12565283 1.96324329]", "nit": "24"}, "19": {"maxiter": 1000, "gtol": 1e-05, "xrtol": 1e-10, "eps": 1e-10, "duration": 0.04445481300354004, "fun": "0.3830353569911351", "jac": "[-3.33066880e-06 -3.33066880e-06  2.22044587e-06 -1.11022293e-06\n -2.22044587e-06 -1.11022293e-06]", "hess_inv": "[[ 3.98546723 -0.11386103 -0.02576115 -0.52404984 -0.51868812 -0.35193258]\n [-0.11386103  4.12525767 -1.15407806  1.19486683  0.51306689  0.40941396]\n [-0.02576115 -1.15407806  3.37817709 -0.02580664 -0.10819393  0.01372798]\n [-0.52404984  1.19486683 -0.02580664  3.70194366  0.88956185  0.38376808]\n [-0.51868812  0.51306689 -0.10819393  0.88956185  3.53863694  0.64791432]\n [-0.35193258  0.40941396  0.01372798  0.38376808  0.64791432  3.30601733]]", "nfev": "259", "njev": "37", "status": "0", "success": "True", "message": "Optimization terminated successfully.", "x": "[7.43764888 1.02801737 0.36438557 4.65733289 7.12565065 1.96324568]", "nit": "25"}, "20": {"maxiter": 1000, "gtol": 1e-10, "xrtol": 1e-05, "eps": 1e-05, "duration": 0.0420229434967041, "fun": "0.3830353577390304", "jac": "[ 2.09472439e-06  8.93352059e-07  4.05244727e-06  2.00910955e-05\n  6.50188792e-06 -8.84528006e-06]", "hess_inv": "[[ 3.95448013 -0.10138895 -0.08455655 -0.5020606  -0.43401906 -0.34305075]\n [-0.10138895  4.07912045 -1.43063812  0.38025623  0.49420544  0.48256736]\n [-0.08455655 -1.43063812  3.76880738 -0.16881855 -0.5867031   0.11045791]\n [-0.5020606   0.38025623 -0.16881855  1.66941795 -0.37881676  0.84596167]\n [-0.43401906  0.49420544 -0.5867031  -0.37881676  3.57464749  0.71414119]\n [-0.34305075  0.48256736  0.11045791  0.84596167  0.71414119  3.29210285]]", "nfev": "245", "njev": "35", "status": "0", "success": "True", "message": "Optimization terminated successfully.", "x": "[7.43764435 1.02804211 0.36439113 4.6574044  7.12568307 1.96322494]", "nit": "23"}, "21": {"maxiter": 1000, "gtol": 1e-10, "xrtol": 1e-05, "eps": 1e-10, "duration": 0.042000770568847656, "fun": "0.3830353585682609", "jac": "[ 2.22044587e-06  2.22044587e-06  7.77156053e-06  2.66453504e-05\n  7.77156053e-06 -9.99200639e-06]", "hess_inv": "[[ 3.9916177  -0.05390287 -0.07995309 -0.4514809  -0.41367273 -0.38016035]\n [-0.05390287  4.07060447 -1.40568656  0.35996501  0.48164111  0.45678141]\n [-0.07995309 -1.40568656  3.75927358 -0.13235055 -0.58408897  0.12417781]\n [-0.4514809   0.35996501 -0.13235055  1.61346373 -0.37508213  0.82119728]\n [-0.41367273  0.48164111 -0.58408897 -0.37508213  3.59206942  0.69800044]\n [-0.38016035  0.45678141  0.12417781  0.82119728  0.69800044  3.27287732]]", "nfev": "245", "njev": "35", "status": "0", "success": "True", "message": "Optimization terminated successfully.", "x": "[7.4376428  1.02804904 0.36440754 4.6574359  7.12569453 1.96322814]", "nit": "23"}, "22": {"maxiter": 1000, "gtol": 1e-10, "xrtol": 1e-10, "eps": 1e-05, "duration": 0.04973793029785156, "fun": "0.3830353569138636", "jac": "[-1.11022302e-11  0.00000000e+00  0.00000000e+00  0.00000000e+00\n  2.22044605e-11  2.22044605e-11]", "hess_inv": "[[ 3.97087486 -0.13099209 -0.1456017  -0.71383127 -0.47456794 -0.27751556]\n [-0.13099209  4.18634383 -1.40447622  0.66679854  0.62698016  0.41265234]\n [-0.1456017  -1.40447622  3.98782083  0.40062589 -0.46862105 -0.13862962]\n [-0.71383127  0.66679854  0.40062589  3.60054294  0.19912413  0.09870979]\n [-0.47456794  0.62698016 -0.46862105  0.19912413  3.71318366  0.5764723 ]\n [-0.27751556  0.41265234 -0.13862962  0.09870979  0.5764723   3.56111426]]", "nfev": "287", "njev": "41", "status": "0", "success": "True", "message": "Optimization terminated successfully.", "x": "[7.43765147 1.02803082 0.36436976 4.6573304  7.1256629  1.96325165]", "nit": "29"}, "23": {"maxiter": 1000, "gtol": 1e-10, "xrtol": 1e-10, "eps": 1e-10, "duration": 0.12310385704040527, "fun": "0.38303535689267254", "jac": "[ 0.00000000e+00 -2.22044587e-06 -2.22044587e-06  1.11022293e-06\n -1.11022293e-06 -2.22044587e-06]", "hess_inv": "[[ 7.85241842e-01  1.96821821e+00 -7.13918400e-02  8.00283134e-01\n   7.14160491e-01 -2.22016215e+00]\n [ 1.96821821e+00  5.25619663e+00 -3.04011142e-01  2.00712988e+00\n   1.97542860e+00 -5.82713364e+00]\n [-7.13918400e-02 -3.04011142e-01  1.83913095e-01 -7.24380702e-04\n  -1.89637262e-01  2.55587916e-01]\n [ 8.00283134e-01  2.00712988e+00 -7.24380702e-04  1.10610147e+00\n   6.69314589e-01 -2.30579327e+00]\n [ 7.14160491e-01  1.97542860e+00 -1.89637262e-01  6.69314589e-01\n   8.03382168e-01 -2.13417744e+00]\n [-2.22016215e+00 -5.82713364e+00  2.55587916e-01 -2.30579327e+00\n  -2.13417744e+00  6.54861884e+00]]", "nfev": "704", "njev": "99", "status": "2", "success": "False", "message": "Desired error not necessarily achieved due to precision loss.", "x": "[7.43765381 1.02803673 0.36437018 4.65733598 7.12566669 1.963257  ]", "nit": "39"}}, "cobyla": {"0": {"maxiter": 100, "tol": 1e-05, "catol": 1e-05, "duration": 0.016743898391723633, "x": "[7.43767317 1.02806638 0.36437477 7.90903425 3.98420977 5.10481716]", "status": "2", "success": "False", "message": "Maximum number of function evaluations has been exceeded.", "nfev": "100", "fun": "0.38303535990964976", "maxcv": "0.0"}, "1": {"maxiter": 100, "tol": 1e-05, "catol": 1e-10, "duration": 0.016667842864990234, "x": "[7.43767317 1.02806638 0.36437477 7.90903425 3.98420977 5.10481716]", "status": "2", "success": "False", "message": "Maximum number of function evaluations has been exceeded.", "nfev": "100", "fun": "0.38303535990964976", "maxcv": "0.0"}, "2": {"maxiter": 100, "tol": 1e-10, "catol": 1e-05, "duration": 0.016726016998291016, "x": "[7.43767317 1.02806638 0.36437477 7.90903425 3.98420977 5.10481716]", "status": "2", "success": "False", "message": "Maximum number of function evaluations has been exceeded.", "nfev": "100", "fun": "0.38303535990964976", "maxcv": "0.0"}, "3": {"maxiter": 100, "tol": 1e-10, "catol": 1e-10, "duration": 0.016623258590698242, "x": "[7.43767317 1.02806638 0.36437477 7.90903425 3.98420977 5.10481716]", "status": "2", "success": "False", "message": "Maximum number of function evaluations has been exceeded.", "nfev": "100", "fun": "0.38303535990964976", "maxcv": "0.0"}, "4": {"maxiter": 500, "tol": 1e-05, "catol": 1e-05, "duration": 0.021830320358276367, "x": "[7.43765694 1.02804559 0.36437484 7.90902875 3.98408579 5.10485108]", "status": "1", "success": "True", "message": "Optimization terminated successfully.", "nfev": "131", "fun": "0.3830353569149991", "maxcv": "0.0"}, "5": {"maxiter": 500, "tol": 1e-05, "catol": 1e-10, "duration": 0.021877050399780273, "x": "[7.43765694 1.02804559 0.36437484 7.90902875 3.98408579 5.10485108]", "status": "1", "success": "True", "message": "Optimization terminated successfully.", "nfev": "131", "fun": "0.3830353569149991", "maxcv": "0.0"}, "6": {"maxiter": 500, "tol": 1e-10, "catol": 1e-05, "duration": 0.039288997650146484, "x": "[7.43765451 1.02803732 0.3643731  7.90903351 3.9840764  5.10485082]", "status": "1", "success": "True", "message": "Optimization terminated successfully.", "nfev": "235", "fun": "0.3830353568900373", "maxcv": "0.0"}, "7": {"maxiter": 500, "tol": 1e-10, "catol": 1e-10, "duration": 0.039012