{"date": "2024/07/19/, 16:10:28", "conf_id": 238, "data_type": "non_lin_ind\n", "num_data_points": 4, "s_rank": 0, "unitary": "[[-0.53618537-0.34368723j,-0.12107031-0.46226139j,-0.07699282-0.46603512j,0.36022595-0.11472301j],[0.26026499-0.63450712j,-0.56616638+0.37832564j,-0.14988651+0.08458591j,0.10363514-0.16008501j],[-0.32580188-0.11070003j,-0.36476308-0.23593218j,0.02559343+0.41761608j,-0.25598305+0.6725303j],[0.07406738-0.0126433j,0.28513701+0.19483972j,-0.74939717-0.10299659j,0.29798249+0.46269921j]]", "databatch_0": {"databatch": "[[[0.01561021-0.00748083j,0.02014999-0.05753635j,0.02345801+0.15903882j,-0.38632632-0.1865771j],[0.37070185+0.19172261j,-0.16583788+0.07537039j,-0.15489541+0.24786421j,0.07726092+0.02022336j],[-0.18601233+0.00078226j,-0.14874862-0.0611614j,0.13057202+0.31576299j,0.16269189+0.05580663j],[0.04730085+0.09270898j,0.2744631-0.01659193j,0.24148827-0.13659688j,-0.12986533+0.31595743j]],[[0.11609938+0.40748618j,0.43618669-0.21192192j,0.04547496+0.17636628j,-0.15749743+0.05307935j],[-0.12008057-0.05599562j,0.09063853+0.09002553j,0.12016888+0.20111112j,0.40272925-0.15280783j],[-0.09211296+0.12469201j,0.22860022+0.08707283j,-0.02390781+0.10555196j,-0.04897839-0.08453481j],[0.06920909+0.18413439j,0.09491349-0.04957731j,0.1284321+0.24686856j,-0.02928239-0.12891687j]],[[-0.53551532-0.10658859j,-0.28443576+0.11383824j,-0.03344088+0.06070108j,-0.26894562+0.19387247j],[-0.02659221-0.27724868j,0.10214302-0.18789414j,-0.10914051-0.1104306j,0.11408772-0.10489199j],[-0.0861549-0.18919912j,-0.17516124-0.06952765j,-0.0204751+0.04837914j,-0.19498581-0.0494276j],[-0.38582501+0.03502167j,-0.08911315+0.00911891j,0.00754251-0.0300179j,-0.16628943+0.11473072j]],[[-0.22571153+0.21274768j,0.18902543+0.21104722j,0.10985125-0.06090714j,0.01119245+0.22095228j],[-0.05824488-0.18718865j,0.10242736-0.1492333j,-0.1192973+0.23992297j,0.08689102+0.08438396j],[-0.08683279-0.22199942j,-0.32167657+0.18506368j,-0.30636693-0.0668211j,-0.09515496+0.14841665j],[-0.0518154-0.05494638j,0.26837938+0.08842388j,-0.30324121-0.20399573j,-0.23900759+0.0306487j]]]", "initial param values": "[1.70695624,0.04534619,4.39620765,6.14917022,4.08108616,0.36612713]", "nelder_mead": {"type": "gradient-free", "0": {"maxiter": 100, "fatol": 1e-05, "xatol": 1e-05, "duration": 0.02683401107788086, "fun": "0.5815907698513169", "nit": "100", "nfev": "158", "status": "2", "success": "False", "message": "Maximum number of iterations has been exceeded.", "x": "[ 2.44412186 -0.02110804  5.32114962  7.96589805  3.9596093   0.85232951]", "final_simplex": "(array([[ 2.44412186, -0.02110804,  5.32114962,  7.96589805,  3.9596093 ,\n         0.85232951],\n       [ 2.41854607, -0.01631547,  5.18806964,  8.00940857,  3.90036646,\n         0.81241009],\n       [ 2.36544501, -0.01570146,  5.27489597,  8.04717639,  3.99543262,\n         0.80613896],\n       [ 2.37088359, -0.01464318,  5.24997637,  7.95489595,  3.97480006,\n         0.79492206],\n       [ 2.53681242, -0.02453419,  5.24142936,  8.0701122 ,  3.90766335,\n         0.87485893],\n       [ 2.39929804, -0.01771134,  5.19740193,  7.9701138 ,  4.07131296,\n         0.82360388],\n       [ 2.54266623, -0.02664487,  5.26027788,  8.04492119,  3.96610705,\n         0.89025388]]), array([0.58159077, 0.58195048, 0.5825022 , 0.58266385, 0.58271849,\n       0.582721  , 0.58291685]))"}, "1": {"maxiter": 100, "fatol": 1e-05, "xatol": 1e-10, "duration": 0.027057170867919922, "fun": "0.5815907698513169", "nit": "100", "nfev": "158", "status": "2", "success": "False", "message": "Maximum number of iterations has been exceeded.", "x": "[ 2.44412186 -0.02110804  5.32114962  7.96589805  3.9596093   0.85232951]", "final_simplex": "(array([[ 2.44412186, -0.02110804,  5.32114962,  7.96589805,  3.9596093 ,\n         0.85232951],\n       [ 2.41854607, -0.01631547,  5.18806964,  8.00940857,  3.90036646,\n         0.81241009],\n       [ 2.36544501, -0.01570146,  5.27489597,  8.04717639,  3.99543262,\n         0.80613896],\n       [ 2.37088359, -0.01464318,  5.24997637,  7.95489595,  3.97480006,\n         0.79492206],\n       [ 2.53681242, -0.02453419,  5.24142936,  8.0701122 ,  3.90766335,\n         0.87485893],\n       [ 2.39929804, -0.01771134,  5.19740193,  7.9701138 ,  4.07131296,\n         0.82360388],\n       [ 2.54266623, -0.02664487,  5.26027788,  8.04492119,  3.96610705,\n         0.89025388]]), array([0.58159077, 0.58195048, 0.5825022 , 0.58266385, 0.58271849,\n       0.582721  , 0.58291685]))"}, "2": {"maxiter": 100, "fatol": 1e-10, "xatol": 1e-05, "duration": 0.026742935180664062, "fun": "0.5815907698513169", "nit": "100", "nfev": "158", "status": "2", "success": "False", "message": "Maximum number of iterations has been exceeded.", "x": "[ 2.44412186 -0.02110804  5.32114962  7.96589805  3.9596093   0.85232951]", "final_simplex": "(array([[ 2.44412186, -0.02110804,  5.32114962,  7.96589805,  3.9596093 ,\n         0.85232951],\n       [ 2.41854607, -0.01631547,  5.18806964,  8.00940857,  3.90036646,\n         0.81241009],\n       [ 2.36544501, -0.01570146,  5.27489597,  8.04717639,  3.99543262,\n         0.80613896],\n       [ 2.37088359, -0.01464318,  5.24997637,  7.95489595,  3.97480006,\n         0.79492206],\n       [ 2.53681242, -0.02453419,  5.24142936,  8.0701122 ,  3.90766335,\n         0.87485893],\n       [ 2.39929804, -0.01771134,  5.19740193,  7.9701138 ,  4.07131296,\n         0.82360388],\n       [ 2.54266623, -0.02664487,  5.26027788,  8.04492119,  3.96610705,\n         0.89025388]]), array([0.58159077, 0.58195048, 0.5825022 , 0.58266385, 0.58271849,\n       0.582721  , 0.58291685]))"}, "3": {"maxiter": 100, "fatol": 1e-10, "xatol": 1e-10, "duration": 0.026725053787231445, "fun": "0.5815907698513169", "nit": "100", "nfev": "158", "status": "2", "success": "False", "message": "Maximum number of iterations has been exceeded.", "x": "[ 2.44412186 -0.02110804  5.32114962  7.96589805  3.9596093   0.85232951]", "final_simplex": "(array([[ 2.44412186, -0.02110804,  5.32114962,  7.96589805,  3.9596093 ,\n         0.85232951],\n       [ 2.41854607, -0.01631547,  5.18806964,  8.00940857,  3.90036646,\n         0.81241009],\n       [ 2.36544501, -0.01570146,  5.27489597,  8.04717639,  3.99543262,\n         0.80613896],\n       [ 2.37088359, -0.01464318,  5.24997637,  7.95489595,  3.97480006,\n         0.79492206],\n       [ 2.53681242, -0.02453419,  5.24142936,  8.0701122 ,  3.90766335,\n         0.87485893],\n       [ 2.39929804, -0.01771134,  5.19740193,  7.9701138 ,  4.07131296,\n         0.82360388],\n       [ 2.54266623, -0.02664487,  5.26027788,  8.04492119,  3.96610705,\n         0.89025388]]), array([0.58159077, 0.58195048, 0.5825022 , 0.58266385, 0.58271849,\n       0.582721  , 0.58291685]))"}, "4": {"maxiter": 500, "fatol": 1e-05, "xatol": 1e-05, "duration": 0.1302800178527832, "fun": "0.5343002571870934", "nit": "500", "nfev": "773", "status": "2", "success": "False", "message": "Maximum number of iterations has been exceeded.", "x": "[ 2.08784048e+00 -5.54102266e-03  4.78746622e+00  7.80153495e+00\n  4.32220935e+00  1.54436014e+00]", "final_simplex": "(array([[ 2.08784048e+00, -5.54102266e-03,  4.78746622e+00,\n         7.80153495e+00,  4.32220935e+00,  1.54436014e+00],\n       [ 2.08790179e+00, -5.91509946e-03,  4.78719911e+00,\n         7.80182197e+00,  4.32218057e+00,  1.54439073e+00],\n       [ 2.08725459e+00, -6.11629282e-03,  4.78687900e+00,\n         7.80104957e+00,  4.32285219e+00,  1.54415412e+00],\n       [ 2.08776079e+00, -6.28891746e-03,  4.78766171e+00,\n         7.80103915e+00,  4.32215025e+00,  1.54444244e+00],\n       [ 2.08805638e+00, -6.45792738e-03,  4.78623362e+00,\n         7.80172351e+00,  4.32266252e+00,  1.54418425e+00],\n       [ 2.08722627e+00, -6.51591094e-03,  4.78665993e+00,\n         7.80097147e+00,  4.32232668e+00,  1.54451978e+00],\n       [ 2.08768738e+00, -5.67537220e-03,  4.78773402e+00,\n         7.80190556e+00,  4.32181721e+00,  1.54399301e+00]]), array([0.53430026, 0.53430029, 0.53430029, 0.5343003 , 0.53430031,\n       0.53430031, 0.53430032]))"}, "5": {"maxiter": 500, "fatol": 1e-05, "xatol": 1e-10, "duration": 0.13012003898620605, "fun": "0.5343002571870934", "nit": "500", "nfev": "773", "status": "2", "success": "False", "message": "Maximum number of iterations has been exceeded.", "x": "[ 2.08784048e+00 -5.54102266e-03  4.78746622e+00  7.80153495e+00\n  4.32220935e+00  1.54436014e+00]", "final_simplex": "(array([[ 2.08784048e+00, -5.54102266e-03,  4.78746622e+00,\n         7.80153495e+00,  4.32220935e+00,  1.54436014e+00],\n       [ 2.08790179e+00, -5.91509946e-03,  4.78719911e+00,\n         7.80182197e+00,  4.32218057e+00,  1.54439073e+00],\n       [ 2.08725459e+00, -6.11629282e-03,  4.78687900e+00,\n         7.80104957e+00,  4.32285219e+00,  1.54415412e+00],\n       [ 2.08776079e+00, -6.28891746e-03,  4.78766171e+00,\n         7.80103915e+00,  4.32215025e+00,  1.54444244e+00],\n       [ 2.08805638e+00, -6.45792738e-03,  4.78623362e+00,\n         7.80172351e+00,  4.32266252e+00,  1.54418425e+00],\n       [ 2.08722627e+00, -6.51591094e-03,  4.78665993e+00,\n         7.80097147e+00,  4.32232668e+00,  1.54451978e+00],\n       [ 2.08768738e+00, -5.67537220e-03,  4.78773402e+00,\n         7.80190556e+00,  4.32181721e+00,  1.54399301e+00]]), array([0.53430026, 0.53430029, 0.53430029, 0.5343003 , 0.53430031,\n       0.53430031, 0.53430032]))"}, "6": {"maxiter": 500, "fatol": 1e-10, "xatol": 1e-05, "duration": 0.12993502616882324, "fun": "0.5343002571870934", "nit": "500", "nfev": "773", "status": "2", "success": "False", "message": "Maximum number of iterations has been exceeded.", "x": "[ 2.08784048e+00 -5.54102266e-03  4.78746622e+00  7.80153495e+00\n  4.32220935e+00  1.54436014e+00]", "final_simplex": "(array([[ 2.08784048e+00, -5.54102266e-03,  4.78746622e+00,\n         7.80153495e+00,  4.32220935e+00,  1.54436014e+00],\n       [ 2.08790179e+00, -5.91509946e-03,  4.78719911e+00,\n         7.80182197e+00,  4.32218057e+00,  1.54439073e+00],\n       [ 2.08725459e+00, -6.11629282e-03,  4.78687900e+00,\n         7.80104957e+00,  4.32285219e+00,  1.54415412e+00],\n       [ 2.08776079e+00, -6.28891746e-03,  4.78766171e+00,\n         7.80103915e+00,  4.32215025e+00,  1.54444244e+00],\n       [ 2.08805638e+00, -6.45792738e-03,  4.78623362e+00,\n         7.80172351e+00,  4.32266252e+00,  1.54418425e+00],\n       [ 2.08722627e+00, -6.51591094e-03,  4.78665993e+00,\n         7.80097147e+00,  4.32232668e+00,  1.54451978e+00],\n       [ 2.08768738e+00, -5.67537220e-03,  4.78773402e+00,\n         7.80190556e+00,  4.32181721e+00,  1.54399301e+00]]), array([0.53430026, 0.53430029, 0.53430029, 0.5343003 , 0.53430031,\n       0.53430031, 0.53430032]))"}, "7": {"maxiter": 500, "fatol": 1e-10, "xatol": 1e-10, "duration": 0.13004803657531738, "fun": "0.5343002571870934", "nit": "500", "nfev": "773", "status": "2", "success": "False", "message": "Maximum number of iterations has been exceeded.", "x": "[ 2.08784048e+00 -5.54102266e-03  4.78746622e+00  7.80153495e+00\n  4.32220935e+00  1.54436014e+00]", "final_simplex": "(array([[ 2.08784048e+00, -5.54102266e-03,  4.78746622e+00,\n         7.80153495e+00,  4.32220935e+00,  1.54436014e+00],\n       [ 2.08790179e+00, -5.91509946e-03,  4.78719911e+00,\n         7.80182197e+00,  4.32218057e+00,  1.54439073e+00],\n       [ 2.08725459e+00, -6.11629282e-03,  4.78687900e+00,\n         7.80104957e+00,  4.32285219e+00,  1.54415412e+00],\n       [ 2.08776079e+00, -6.28891746e-03,  4.78766171e+00,\n         7.80103915e+00,  4.32215025e+00,  1.54444244e+00],\n       [ 2.08805638e+00, -6.45792738e-03,  4.78623362e+00,\n         7.80172351e+00,  4.32266252e+00,  1.54418425e+00],\n       [ 2.08722627e+00, -6.51591094e-03,  4.78665993e+00,\n         7.80097147e+00,  4.32232668e+00,  1.54451978e+00],\n       [ 2.08768738e+00, -5.67537220e-03,  4.78773402e+00,\n         7.80190556e+00,  4.32181721e+00,  1.54399301e+00]]), array([0.53430026, 0.53430029, 0.53430029, 0.5343003 , 0.53430031,\n       0.53430031, 0.53430032]))"}, "8": {"maxiter": 1000, "fatol": 1e-05, "xatol": 1e-05, "duration": 0.16127514839172363, "fun": "0.5343002264672894", "nit": "617", "nfev": "955", "status": "0", "success": "True", "message": "Optimization terminated successfully.", "x": "[ 2.08774037e+00 -5.33897133e-03  4.78740555e+00  7.80106317e+00\n  4.32191947e+00  1.54433610e+00]", "final_simplex": "(array([[ 2.08774037e+00, -5.33897133e-03,  4.78740555e+00,\n         7.80106317e+00,  4.32191947e+00,  1.54433610e+00],\n       [ 2.08773603e+00, -5.33996153e-03,  4.78739966e+00,\n         7.80106109e+00,  4.32192393e+00,  1.54433375e+00],\n       [ 2.08773779e+00, -5.34000053e-03,  4.78740418e+00,\n         7.80106075e+00,  4.32191708e+00,  1.54433187e+00],\n       [ 2.08773804e+00, -5.32962364e-03,  4.78741251e+00,\n         7.80106311e+00,  4.32191098e+00,  1.54433492e+00],\n       [ 2.08774331e+00, -5.34015122e-03,  4.78739996e+00,\n         7.80106299e+00,  4.32192370e+00,  1.54433169e+00],\n       [ 2.08773939e+00, -5.33718797e-03,  4.78739929e+00,\n         7.80106513e+00,  4.32192078e+00,  1.54433456e+00],\n       [ 2.08773919e+00, -5.33774237e-03,  4.78739730e+00,\n         7.80105745e+00,  4.32192420e+00,  1.54433724e+00]]), array([0.53430023, 0.53430023, 0.53430023, 0.53430023, 0.53430023,\n       0.53430023, 0.53430023]))"}, "9": {"maxiter": 1000, "fatol": 1e-05, "xatol": 1e-10, "duration": 0.19945979118347168, "fun": "0.5343002264648383", "nit": "717", "nfev": "1173", "status": "0", "success": "True", "message": "Optimization terminated successfully.", "x": "[ 2.08773639e+00 -5.33813573e-03  4.78741008e+00  7.80106089e+00\n  4.32192007e+00  1.54433409e+00]", "final_simplex": "(array([[ 2.08773639e+00, -5.33813573e-03,  4.78741008e+00,\n         7.80106089e+00,  4.32192007e+00,  1.54433409e+00],\n       [ 2.08773639e+00, -5.33813576e-03,  4.78741008e+00,\n         7.80106089e+00,  4.32192007e+00,  1.54433409e+00],\n       [ 2.08773639e+00, -5.33813576e-03,  4.78741008e+00,\n         7.80106089e+00,  4.32192007e+00,  1.54433409e+00],\n       [ 2.08773639e+00, -5.33813577e-03,  4.78741008e+00,\n         7.80106089e+00,  4.32192007e+00,  1.54433409e+00],\n       [ 2.08773639e+00, -5.33813578e-03,  4.78741008e+00,\n         7.80106089e+00,  4.32192007e+00,  1.54433409e+00],\n       [ 2.08773639e+00, -5.33813579e-03,  4.78741008e+00,\n         7.80106089e+00,  4.32192007e+00,  1.54433409e+00],\n       [ 2.08773639e+00, -5.33813575e-03,  4.78741008e+00,\n         7.80106089e+00,  4.32192007e+00,  1.54433409e+00]]), array([0.53430023, 0.53430023, 0.53430023, 0.53430023, 0.53430023,\n       0.53430023, 0.53430023]))"}, "10": {"maxiter": 1000, "fatol": 1e-10, "xatol": 1e-05, "duration": 0.16138386726379395, "fun": "0.5343002264672894", "nit": "617", "nfev": "955", "status": "0", "success": "True", "message": "Optimization terminated successfully.", "x": "[ 2.08774037e+00 -5.33897133e-03  4.78740555e+00  7.80106317e+00\n  4.32191947e+00  1.54433610e+00]", "final_simplex": "(array([[ 2.08774037e+00, -5.33897133e-03,  4.78740555e+00,\n         7.80106317e+00,  4.32191947e+00,  1.54433610e+00],\n       [ 2.08773603e+00, -5.33996153e-03,  4.78739966e+00,\n         7.80106109e+00,  4.32192393e+00,  1.54433375e+00],\n       [ 2.08773779e+00, -5.34000053e-03,  4.78740418e+00,\n         7.80106075e+00,  4.32191708e+00,  1.54433187e+00],\n       [ 2.08773804e+00, -5.32962364e-03,  4.78741251e+00,\n         7.80106311e+00,  4.32191098e+00,  1.54433492e+00],\n       [ 2.08774331e+00, -5.34015122e-03,  4.78739996e+00,\n         7.80106299e+00,  4.32192370e+00,  1.54433169e+00],\n       [ 2.08773939e+00, -5.33718797e-03,  4.78739929e+00,\n         7.80106513e+00,  4.32192078e+00,  1.54433456e+00],\n       [ 2.08773919e+00, -5.33774237e-03,  4.78739730e+00,\n         7.80105745e+00,  4.32192420e+00,  1.54433724e+00]]), array([0.53430023, 0.53430023, 0.53430023, 0.53430023, 0.53430023,\n       0.53430023, 0.53430023]))"}, "11": {"maxiter": 1000, "fatol": 1e-10, "xatol": 1e-10, "duration": 0.19736576080322266, "fun": "0.5343002264648383", "nit": "717", "nfev": "1173", "status": "0", "success": "True", "message": "Optimization terminated successfully.", "x": "[ 2.08773639e+00 -5.33813573e-03  4.78741008e+00  7.80106089e+00\n  4.32192007e+00  1.54433409e+00]", "final_simplex": "(array([[ 2.08773639e+00, -5.33813573e-03,  4.78741008e+00,\n         7.80106089e+00,  4.32192007e+00,  1.54433409e+00],\n       [ 2.08773639e+00, -5.33813576e-03,  4.78741008e+00,\n         7.80106089e+00,  4.32192007e+00,  1.54433409e+00],\n       [ 2.08773639e+00, -5.33813576e-03,  4.78741008e+00,\n         7.80106089e+00,  4.32192007e+00,  1.54433409e+00],\n       [ 2.08773639e+00, -5.33813577e-03,  4.78741008e+00,\n         7.80106089e+00,  4.32192007e+00,  1.54433409e+00],\n       [ 2.08773639e+00, -5.33813578e-03,  4.78741008e+00,\n         7.80106089e+00,  4.32192007e+00,  1.54433409e+00],\n       [ 2.08773639e+00, -5.33813579e-03,  4.78741008e+00,\n         7.80106089e+00,  4.32192007e+00,  1.54433409e+00],\n       [ 2.08773639e+00, -5.33813575e-03,  4.78741008e+00,\n         7.80106089e+00,  4.32192007e+00,  1.54433409e+00]]), array([0.53430023, 0.53430023, 0.53430023, 0.53430023, 0.53430023,\n       0.53430023, 0.53430023]))"}}, "bfgs": {"type": "gradient", "0": {"maxiter": 100, "gtol": 1e-05, "xrtol": 1e-05, "eps": 1e-05, "duration": 0.03386282920837402, "fun": "0.5343002269239527", "jac": "[-3.01498826e-06 -6.09419182e-06 -2.95852232e-06 -2.47553089e-06\n -5.44497780e-06 -6.75004497e-07]", "hess_inv": "[[ 6.33096645  0.15391591 -0.1645552   3.68709717 -0.06745797  1.12146897]\n [ 0.15391591 10.85715482  5.90226514 -0.90659941 -6.15596671 -0.09848178]\n [-0.1645552   5.90226514 14.43951484  0.61933878 -7.89663139 -2.04986126]\n [ 3.68709717 -0.90659941  0.61933878  6.89461748 -0.151802    0.23214154]\n [-0.06745797 -6.15596671 -7.89663139 -0.151802   11.51691559  1.80995557]\n [ 1.12146897 -0.09848178 -2.04986126  0.23214154  1.80995557  5.65689967]]", "nfev": "196", "njev": "28", "status": "0", "success": "True", "message": "Optimization terminated successfully.", "x": "[ 2.08769628e+00 -5.41169410e-03  4.78736824e+00  7.80103119e+00\n  4.32192519e+00  1.54431329e+00]", "nit": "24"}, "1": {"maxiter": 100, "gtol": 1e-05, "xrtol": 1e-05, "eps": 1e-10, "duration": 0.033989906311035156, "fun": "0.534300226846512", "jac": "[-2.22044587e-06 -4.44089212e-06 -4.44089173e-06 -3.33066880e-06\n -6.66133760e-06  0.00000000e+00]", "hess_inv": "[[ 6.32930598  0.16356087 -0.16857592  3.70708252 -0.08982561  1.11838785]\n [ 0.16356087 10.85342198  5.89797784 -0.94201782 -6.11937829 -0.09913523]\n [-0.16857592  5.89797784 14.43828799  0.63143243 -7.91018652 -2.0496594 ]\n [ 3.70708252 -0.94201782  0.63143243  6.95283161 -0.14070502  0.24636089]\n [-0.08982561 -6.11937829 -7.91018652 -0.14070502 11.45179481  1.79377744]\n [ 1.11838785 -0.09913523 -2.0496594   0.24636089  1.79377744  5.65445726]]", "nfev": "196", "njev": "28", "status": "0", "success": "True", "message": "Optimization terminated successfully.", "x": "[ 2.08769940e+00 -5.39420219e-03  4.78736885e+00  7.80103165e+00\n  4.32191771e+00  1.54431965e+00]", "nit": "24"}, "2": {"maxiter": 100, "gtol": 1e-05, "xrtol": 1e-10, "eps": 1e-05, "duration": 0.03389692306518555, "fun": "0.5343002269239527", "jac": "[-3.01498826e-06 -6.09419182e-06 -2.95852232e-06 -2.47553089e-06\n -5.44497780e-06 -6.75004497e-07]", "hess_inv": "[[ 6.33096645  0.15391591 -0.1645552   3.68709717 -0.06745797  1.12146897]\n [ 0.15391591 10.85715482  5.90226514 -0.90659941 -6.15596671 -0.09848178]\n [-0.1645552   5.90226514 14.43951484  0.61933878 -7.89663139 -2.04986126]\n [ 3.68709717 -0.90659941  0.61933878  6.89461748 -0.151802    0.23214154]\n [-0.06745797 -6.15596671 -7.89663139 -0.151802   11.51691559  1.80995557]\n [ 1.12146897 -0.09848178 -2.04986126  0.23214154  1.80995557  5.65689967]]", "nfev": "196", "njev": "28", "status": "0", "success": "True", "message": "Optimization terminated successfully.", "x": "[ 2.08769628e+00 -5.41169410e-03  4.78736824e+00  7.80103119e+00\n  4.32192519e+00  1.54431329e+00]", "nit": "24"}, "3": {"maxiter": 100, "gtol": 1e-05, "xrtol": 1e-10, "eps": 1e-10, "duration": 0.03377676010131836, "fun": "0.534300226846512", "jac": "[-2.22044587e-06 -4.44089212e-06 -4.44089173e-06 -3.33066880e-06\n -6.66133760e-06  0.00000000e+00]", "hess_inv": "[[ 6.32930598  0.16356087 -0.16857592  3.70708252 -0.08982561  1.11838785]\n [ 0.16356087 10.85342198  5.89797784 -0.94201782 -6.11937829 -0.09913523]\n [-0.16857592  5.89797784 14.43828799  0.63143243 -7.91018652 -2.0496594 ]\n [ 3.70708252 -0.94201782  0.63143243  6.95283161 -0.14070502  0.24636089]\n [-0.08982561 -6.11937829 -7.91018652 -0.14070502 11.45179481  1.79377744]\n [ 1.11838785 -0.09913523 -2.0496594   0.24636089  1.79377744  5.65445726]]", "nfev": "196", "njev": "28", "status": "0", "success": "True", "message": "Optimization terminated successfully.", "x": "[ 2.08769940e+00 -5.39420219e-03  4.78736885e+00  7.80103165e+00\n  4.32191771e+00  1.54431965e+00]", "nit": "24"}, "4": {"maxiter": 100, "gtol": 1e-10, "xrtol": 1e-05, "eps": 1e-05, "duration": 0.035019874572753906, "fun": "0.534300226488464", "jac": "[ 9.84612392e-07 -8.79096795e-07  1.37868605e-06  9.26814181e-08\n  1.47821755e-06 -3.35576011e-07]", "hess_inv": "[[ 6.58653185e+00  5.73705146e-01  2.93301097e-03  3.72183658e+00\n   2.80081806e-03  1.18757548e+00]\n [ 5.73705146e-01  1.15464878e+01  6.17101292e+00 -8.57297268e-01\n  -6.03840695e+00  8.75728344e-03]\n [ 2.93301097e-03  6.17101292e+00  1.43550377e+01  4.05340719e-01\n  -7.78488960e+00 -2.04762864e+00]\n [ 3.72183658e+00 -8.57297268e-01  4.05340719e-01  6.61074382e+00\n  -6.21730168e-02  1.91040959e-01]\n [ 2.80081806e-03 -6.03840695e+00 -7.78488960e+00 -6.21730168e-02\n   1.15140109e+01  1.84202710e+00]\n [ 1.18757548e+00  8.75728344e-03 -2.04762864e+00  1.91040959e-01\n   1.84202710e+00  5.66530664e+00]]", "nfev": "203", "njev": "29", "status": "0", "success": "True", "message": "Optimization terminated successfully.", "x": "[ 2.08772967e+00 -5.35633614e-03  4.78740556e+00  7.80105454e+00\n  4.32192915e+00  1.54432520e+00]", "nit": "25"}, "5": {"maxiter": 100, "gtol": 1e-10, "xrtol": 1e-05, "eps": 1e-10, "duration": 0.03498125076293945, "fun": "0.5343002264958577", "jac": "[-1.11022293e-06 -1.11022303e-06  1.11022293e-06  1.11022293e-06\n  2.22044587e-06 -1.11022293e-06]", "hess_inv": "[[ 6.54222568  0.48889245 -0.02443518  3.72441983  0.0177924   1.14380245]\n [ 0.48889245 11.31700612  6.20414973 -0.80966514 -5.95383608 -0.04996888]\n [-0.02443518  6.20414973 14.3154934   0.37168268 -7.84017054 -2.05895631]\n [ 3.72441983 -0.80966514  0.37168268  6.61978902 -0.13543883  0.21578167]\n [ 0.0177924  -5.95383608 -7.84017054 -0.13543883 11.50615263  1.80628163]\n [ 1.14380245 -0.04996888 -2.05895631  0.21578167  1.80628163  5.65430373]]", "nfev": "203", "njev": "29", "status": "0", "success": "True", "message": "Optimization terminated successfully.", "x": "[ 2.08772852e+00 -5.35766431e-03  4.78740893e+00  7.80105912e+00\n  4.32193268e+00  1.54432557e+00]", "nit": "25"}, "6": {"maxiter": 100, "gtol": 1e-10, "xrtol": 1e-10, "eps": 1e-05, "duration": 0.08666396141052246, "fun": "0.5343002264845426", "jac": "[ 3.49831275e-08 -8.24895707e-09 -3.90687482e-08  3.78586051e-09\n -2.25708341e-08 -2.71338507e-08]", "hess_inv": "[[ 6.96808404e+00  2.10252470e-01 -1.03284493e+00  3.81036920e+00\n  -9.14589205e-05  9.81252430e-01]\n [ 2.10252470e-01  1.26730274e+01  7.59928029e+00 -6.50270964e-01\n  -6.41478210e+00  4.13155930e-01]\n [-1.03284493e+00  7.59928029e+00  1.49182947e+01 -3.36798103e-01\n  -8.97924715e+00 -1.77517885e+00]\n [ 3.81036920e+00 -6.50270964e-01 -3.36798103e-01  6.43352614e+00\n  -4.15450482e-01  9.22280409e-02]\n [-9.14589205e-05 -6.41478210e+00 -8.97924715e+00 -4.15450482e-01\n   1.12863932e+01  1.59071639e+00]\n [ 9.81252430e-01  4.13155930e-01 -1.77517885e+00  9.22280409e-02\n   1.59071639e+00  5.76326679e+00]]", "nfev": "508", "njev": "71", "status": "2", "success": "False", "message": "Desired error not necessarily achieved due to precision loss.", "x": "[ 2.08772429e+00 -5.34531971e-03  4.78740571e+00  7.80105041e+00\n  4.32191943e+00  1.54432674e+00]", "nit": "27"}, "7": {"maxiter": 100, "gtol": 1e-10, "xrtol": 1e-10, "eps": 1e-10, "duration": 0.05143594741821289, "fun": "0.5343002264683722", "jac": "[ 1.11022293e-06 -1.11022303e-06  1.11022293e-06 -1.11022293e-06\n  0.00000000e+00 -1.11022293e-06]", "hess_inv": "[[  5.90365825   2.52099329   1.16638416   3.38538731  -0.05277639\n    1.92754423]\n [  2.52099329  28.19610994  14.52579357  -1.87101609 -14.48195393\n    4.9748226 ]\n [  1.16638416  14.52579357  18.27846141  -0.1929726  -12.46769672\n    0.37989895]\n [  3.38538731  -1.87101609  -0.1929726    6.56048248   0.43898085\n   -0.05757041]\n [ -0.05277639 -14.48195393 -12.46769672   0.43898085  14.29916996\n   -0.92645197]\n [  1.92754423   4.9748226    0.37989895  -0.05757041  -0.92645197\n    7.11395228]]", "nfev": "301", "njev": "43", "status": "0", "success": "True", "message": "Optimization terminated successfully.", "x": "[ 2.08773669e+00 -5.33395942e-03  4.78741912e+00  7.80105860e+00\n  4.32191417e+00  1.54433155e+00]", "nit": "27"}, "8": {"maxiter": 500, "gtol": 1e-05, "xrtol": 1e-05, "eps": 1e-05, "duration": 0.03368806838989258, "fun": "0.5343002269239527", "jac": "[-3.01498826e-06 -6.09419182e-06 -2.95852232e-06 -2.47553089e-06\n -5.44497780e-06 -6.75004497e-07]", "hess_inv": "[[ 6.33096645  0.15391591 -0.1645552   3.68709717 -0.06745797  1.12146897]\n [ 0.15391591 10.85715482  5.90226514 -0.90659941 -6.15596671 -0.09848178]\n [-0.1645552   5.90226514 14.43951484  0.61933878 -7.89663139 -2.04986126]\n [ 3.68709717 -0.90659941  0.61933878  6.89461748 -0.151802    0.23214154]\n [-0.06745797 -6.15596671 -7.89663139 -0.151802   11.51691559  1.80995557]\n [ 1.12146897 -0.09848178 -2.04986126  0.23214154  1.80995557  5.65689967]]", "nfev": "196", "njev": "28", "status": "0", "success": "True", "message": "Optimization terminated successfully.", "x": "[ 2.08769628e+00 -5.41169410e-03  4.78736824e+00  7.80103119e+00\n  4.32192519e+00  1.54431329e+00]", "nit": "24"}, "9": {"maxiter": 500, "gtol": 1e-05, "xrtol": 1e-05, "eps": 1e-10, "duration": 0.033634185791015625, "fun": "0.534300226846512", "jac": "[-2.22044587e-06 -4.44089212e-06 -4.44089173e-06 -3.33066880e-06\n -6.66133760e-06  0.00000000e+00]", "hess_inv": "[[ 6.32930598  0.16356087 -0.16857592  3.70708252 -0.08982561  1.11838785]\n [ 0.16356087 10.85342198  5.89797784 -0.94201782 -6.11937829 -0.09913523]\n [-0.16857592  5.89797784 14.43828799  0.63143243 -7.91018652 -2.0496594 ]\n [ 3.70708252 -0.94201782  0.63143243  6.95283161 -0.14070502  0.24636089]\n [-0.08982561 -6.11937829 -7.91018652 -0.14070502 11.45179481  1.79377744]\n [ 1.11838785 -0.09913523 -2.0496594   0.24636089  1.79377744  5.65445726]]", "nfev": "196", "njev": "28", "status": "0", "success": "True", "message": "Optimization terminated successfully.", "x": "[ 2.08769940e+00 -5.39420219e-03  4.78736885e+00  7.80103165e+00\n  4.32191771e+00  1.54431965e+00]", "nit": "24"}, "10": {"maxiter": 500, "gtol": 1e-05, "xrtol": 1e-10, "eps": 1e-05, "duration": 0.033596038818359375, "fun": "0.5343002269239527", "jac": "[-3.01498826e-06 -6.09419182e-06 -2.95852232e-06 -2.47553089e-06\n -5.44497780e-06 -6.75004497e-07]", "hess_inv": "[[ 6.33096645  0.15391591 -0.1645552   3.68709717 -0.06745797  1.12146897]\n [ 0.15391591 10.85715482  5.90226514 -0.90659941 -6.15596671 -0.09848178]\n [-0.1645552   5.90226514 14.43951484  0.61933878 -7.89663139 -2.04986126]\n [ 3.68709717 -0.90659941  0.61933878  6.89461748 -0.151802    0.23214154]\n [-0.06745797 -6.15596671 -7.89663139 -0.151802   11.51691559  1.80995557]\n [ 1.12146897 -0.09848178 -2.04986126  0.23214154  1.80995557  5.65689967]]", "nfev": "196", "njev": "28", "status": "0", "success": "True", "message": "Optimization terminated successfully.", "x": "[ 2.08769628e+00 -5.41169410e-03  4.78736824e+00  7.80103119e+00\n  4.32192519e+00  1.54431329e+00]", "nit": "24"}, "11": {"maxiter": 500, "gtol": 1e-05, "xrtol": 1e-10, "eps": 1e-10, "duration": 0.033591270446777344, "fun": "0.534300226846512", "jac": "[-2.22044587e-06 -4.44089212e-06 -4.44089173e-06 -3.33066880e-06\n -6.66133760e-06  0.00000000e+00]", "hess_inv": "[[ 6.32930598  0.16356087 -0.16857592  3.70708252 -0.08982561  1.11838785]\n [ 0.16356087 10.85342198  5.89797784 -0.94201782 -6.11937829 -0.09913523]\n [-0.16857592  5.89797784 14.43828799  0.63143243 -7.91018652 -2.0496594 ]\n [ 3.70708252 -0.94201782  0.63143243  6.95283161 -0.14070502  0.24636089]\n [-0.08982561 -6.11937829 -7.91018652 -0.14070502 11.45179481  1.79377744]\n [ 1.11838785 -0.09913523 -2.0496594   0.24636089  1.79377744  5.65445726]]", "nfev": "196", "njev": "28", "status": "0", "success": "True", "message": "Optimization terminated successfully.", "x": "[ 2.08769940e+00 -5.39420219e-03  4.78736885e+00  7.80103165e+00\n  4.32191771e+00  1.54431965e+00]", "nit": "24"}, "12": {"maxiter": 500, "gtol": 1e-10, "xrtol": 1e-05, "eps": 1e-05, "duration": 0.03473520278930664, "fun": "0.534300226488464", "jac": "[ 9.84612392e-07 -8.79096795e-07  1.37868605e-06  9.26814181e-08\n  1.47821755e-06 -3.35576011e-07]", "hess_inv": "[[ 6.58653185e+00  5.73705146e-01  2.93301097e-03  3.72183658e+00\n   2.80081806e-03  1.18757548e+00]\n [ 5.73705146e-01  1.15464878e+01  6.17101292e+00 -8.57297268e-01\n  -6.03840695e+00  8.75728344e-03]\n [ 2.93301097e-03  6.17101292e+00  1.43550377e+01  4.05340719e-01\n  -7.78488960e+00 -2.04762864e+00]\n [ 3.72183658e+00 -8.57297268e-01  4.05340719e-01  6.61074382e+00\n  -6.21730168e-02  1.91040959e-01]\n [ 2.80081806e-03 -6.03840695e+00 -7.78488960e+00 -6.21730168e-02\n   1.15140109e+01  1.84202710e+00]\n [ 1.18757548e+00  8.75728344e-03 -2.04762864e+00  1.91040959e-01\n   1.84202710e+00  5.66530664e+00]]", "nfev": "203", "njev": "29", "status": "0", "success": "True", "message": "Optimization terminated successfully.", "x": "[ 2.08772967e+00 -5.35633614e-03  4.78740556e+00  7.80105454e+00\n  4.32192915e+00  1.54432520e+00]", "nit": "25"}, "13": {"maxiter": 500, "gtol": 1e-10, "xrtol": 1e-05, "eps": 1e-10, "duration": 0.03528094291687012, "fun": "0.5343002264958577", "jac": "[-1.11022293e-06 -1.11022303e-06  1.11022293e-06  1.11022293e-06\n  2.22044587e-06 -1.11022293e-06]", "hess_inv": "[[ 6.54222568  0.48889245 -0.02443518  3.72441983  0.0177924   1.14380245]\n [ 0.48889245 11.31700612  6.20414973 -0.80966514 -5.95383608 -0.04996888]\n [-0.02443518  6.20414973 14.3154934   0.37168268 -7.84017054 -2.05895631]\n [ 3.72441983 -0.80966514  0.37168268  6.61978902 -0.13543883  0.21578167]\n [ 0.0177924  -5.95383608 -7.84017054 -0.13543883 11.50615263  1.80628163]\n [ 1.14380245 -0.04996888 -2.05895631  0.21578167  1.80628163  5.65430373]]", "nfev": "203", "njev": "29", "status": "0", "success": "True", "message": "Optimization terminated successfully.", "x": "[ 2.08772852e+00 -5.35766431e-03  4.78740893e+00  7.80105912e+00\n  4.32193268e+00  1.54432557e+00]", "nit": "25"}, "14": {"maxiter": 500, "gtol": 1e-10, "xrtol": 1e-10, "eps": 1e-05, "duration": 0.08778715133666992, "fun": "0.5343002264845426", "jac": "[ 3.49831275e-08 -8.24895707e-09 -3.90687482e-08  3.78586051e-09\n -2.25708341e-08 -2.71338507e-08]", "hess_inv": "[[ 6.96808404e+00  2.10252470e-01 -1.03284493e+00  3.81036920e+00\n  -9.14589205e-05  9.81252430e-01]\n [ 2.10252470e-01  1.26730274e+01  7.59928029e+00 -6.50270964e-01\n  -6.41478210e+00  4.13155930e-01]\n [-1.03284493e+00  7.59928029e+00  1.49182947e+01 -3.36798103e-01\n  -8.97924715e+00 -1.77517885e+00]\n [ 3.81036920e+00 -6.50270964e-01 -3.36798103e-01  6.43352614e+00\n  -4.15450482e-01  9.22280409e-02]\n [-9.14589205e-05 -6.41478210e+00 -8.97924715e+00 -4.15450482e-01\n   1.12863932e+01  1.59071639e+00]\n [ 9.81252430e-01  4.13155930e-01 -1.77517885e+00  9.22280409e-02\n   1.59071639e+00  5.76326679e+00]]", "nfev": "508", "njev": "71", "status": "2", "success": "False", "message": "Desired error not necessarily achieved due to precision loss.", "x": "[ 2.08772429e+00 -5.34531971e-03  4.78740571e+00  7.80105041e+00\n  4.32191943e+00  1.54432674e+00]", "nit": "27"}, "15": {"maxiter": 500, "gtol": 1e-10, "xrtol": 1e-10, "eps": 1e-10, "duration": 0.05235719680786133, "fun": "0.5343002264683722", "jac": "[ 1.11022293e-06 -1.11022303e-06  1.11022293e-06 -1.11022293e-06\n  0.00000000e+00 -1.11022293e-06]", "hess_inv": "[[  5.90365825   2.52099329   1.16638416   3.38538731  -0.05277639\n    1.92754423]\n [  2.52099329  28.19610994  14.52579357  -1.87101609 -14.48195393\n    4.9748226 ]\n [  1.16638416  14.52579357  18.27846141  -0.1929726  -12.46769672\n    0.37989895]\n [  3.38538731  -1.87101609  -0.1929726    6.56048248   0.43898085\n   -0.05757041]\n [ -0.05277639 -14.48195393 -12.46769672   0.43898085  14.29916996\n   -0.92645197]\n [  1.92754423   4.9748226    0.37989895  -0.05757041  -0.92645197\n    7.11395228]]", "nfev": "301", "njev": "43", "status": "0", "success": "True", "message": "Optimization terminated successfully.", "x": "[ 2.08773669e+00 -5.33395942e-03  4.78741912e+00  7.80105860e+00\n  4.32191417e+00  1.54433155e+00]", "nit": "27"}, "16": {"maxiter": 1000, "gtol": 1e-05, "xrtol": 1e-05, "eps": 1e-05, "duration": 0.03423190116882324, "fun": "0.5343002269239527", "jac": "[-3.01498826e-06 -6.09419182e-06 -2.95852232e-06 -2.47553089e-06\n -5.44497780e-06 -6.75004497e-07]", "hess_inv": "[[ 6.33096645  0.15391591 -0.1645552   3.68709717 -0.06745797  1.12146897]\n [ 0.15391591 10.85715482  5.90226514 -0.90659941 -6.15596671 -0.09848178]\n [-0.1645552   5.90226514 14.43951484  0.61933878 -7.89663139 -2.04986126]\n [ 3.68709717 -0.90659941  0.61933878  6.89461748 -0.151802    0.23214154]\n [-0.06745797 -6.15596671 -7.89663139 -0.151802   11.51691559  1.80995557]\n [ 1.12146897 -0.09848178 -2.04986126  0.23214154  1.80995557  5.65689967]]", "nfev": "196", "njev": "28", "status": "0", "success": "True", "message": "Optimization terminated successfully.", "x": "[ 2.08769628e+00 -5.41169410e-03  4.78736824e+00  7.80103119e+00\n  4.32192519e+00  1.54431329e+00]", "nit": "24"}, "17": {"maxiter": 1000, "gtol": 1e-05, "xrtol": 1e-05, "eps": 1e-10, "duration": 0.034134626388549805, "fun": "0.534300226846512", "jac": "[-2.22044587e-06 -4.44089212e-06 -4.44089173e-06 -3.33066880e-06\n -6.66133760e-06  0.00000000e+00]", "hess_inv": "[[ 6.32930598  0.16356087 -0.16857592  3.70708252 -0.08982561  1.11838785]\n [ 0.16356087 10.85342198  5.89797784 -0.94201782 -6.11937829 -0.09913523]\n [-0.16857592  5.89797784 14.43828799  0.63143243 -7.91018652 -2.0496594 ]\n [ 3.70708252 -0.94201782  0.63143243  6.95283161 -0.14070502  0.24636089]\n [-0.08982561 -6.11937829 -7.91018652 -0.14070502 11.45179481  1.79377744]\n [ 1.11838785 -0.09913523 -2.0496594   0.24636089  1.79377744  5.65445726]]", "nfev": "196", "njev": "28", "status": "0", "success": "True", "message": "Optimization terminated successfully.", "x": "[ 2.08769940e+00 -5.39420219e-03  4.78736885e+00  7.80103165e+00\n  4.32191771e+00  1.54431965e+00]", "nit": "24"}, "18": {"maxiter": 1000, "gtol": 1e-05, "xrtol": 1e-10, "eps": 1e-05, "duration": 0.034010887145996094, "fun": "0.5343002269239527", "jac": "[-3.01498826e-06 -6.09419182e-06 -2.95852232e-06 -2.47553089e-06\n -5.44497780e-06 -6.75004497e-07]", "hess_inv": "[[ 6.33096645  0.15391591 -0.1645552   3.68709717 -0.06745797  1.12146897]\n [ 0.15391591 10.85715482  5.90226514 -0.90659941 -6.15596671 -0.09848178]\n [-0.1645552   5.90226514 14.43951484  0.61933878 -7.89663139 -2.04986126]\n [ 3.68709717 -0.90659941  0.61933878  6.89461748 -0.151802    0.23214154]\n [-0.06745797 -6.15596671 -7.89663139 -0.151802   11.51691559  1.80995557]\n [ 1.12146897 -0.09848178 -2.04986126  0.23214154  1.80995557  5.65689967]]", "nfev": "196", "njev": "28", "status": "0", "success": "True", "message": "Optimization terminated successfully.", "x": "[ 2.08769628e+00 -5.41169410e-03  4.78736824e+00  7.80103119e+00\n  4.32192519e+00  1.54431329e+00]", "nit": "24"}, "19": {"maxiter": 1000, "gtol": 1e-05, "xrtol": 1e-10, "eps": 1e-10, "duration": 0.034156084060668945, "fun": "0.534300226846512", "jac": "[-2.22044587e-06 -4.44089212e-06 -4.44089173e-06 -3.33066880e-06\n -6.66133760e-06  0.00000000e+00]", "hess_inv": "[[ 6.32930598  0.16356087 -0.16857592  3.70708252 -0.08982561  1.11838785]\n [ 0.16356087 10.85342198  5.89797784 -0.94201782 -6.11937829 -0.09913523]\n [-0.16857592  5.89797784 14.43828799  0.63143243 -7.91018652 -2.0496594 ]\n [ 3.70708252 -0.94201782  0.63143243  6.95283161 -0.14070502  0.24636089]\n [-0.08982561 -6.11937829 -7.91018652 -0.14070502 11.45179481  1.79377744]\n [ 1.11838785 -0.09913523 -2.0496594   0.24636089  1.79377744  5.65445726]]", "nfev": "196", "njev": "28", "status": "0", "success": "True", "message": "Optimization terminated successfully.", "x": "[ 2.08769940e+00 -5.39420219e-03  4.78736885e+00  7.80103165e+00\n  4.32191771e+00  1.54431965e+00]", "nit": "24"}, "20": {"maxiter": 1000, "gtol": 1e-10, "xrtol": 1e-05, "eps": 1e-05, "duration": 0.03529071807861328, "fun": "0.534300226488464", "jac": "[ 9.84612392e-07 -8.79096795e-07  1.37868605e-06  9.26814181e-08\n  1.47821755e-06 -3.35576011e-07]", "hess_inv": "[[ 6.58653185e+00  5.73705146e-01  2.93301097e-03  3.72183658e+00\n   2.80081806e-03  1.18757548e+00]\n [ 5.73705146e-01  1.15464878e+01  6.17101292e+00 -8.57297268e-01\n  -6.03840695e+00  8.75728344e-03]\n [ 2.93301097e-03  6.17101292e+00  1.43550377e+01  4.05340719e-01\n  -7.78488960e+00 -2.04762864e+00]\n [ 3.72183658e+00 -8.57297268e-01  4.05340719e-01  6.61074382e+00\n  -6.21730168e-02  1.91040959e-01]\n [ 2.80081806e-03 -6.03840695e+00 -7.78488960e+00 -6.21730168e-02\n   1.15140109e+01  1.84202710e+00]\n [ 1.18757548e+00  8.75728344e-03 -2.04762864e+00  1.91040959e-01\n   1.84202710e+00  5.66530664e+00]]", "nfev": "203", "njev": "29", "status": "0", "success": "True", "message": "Optimization terminated successfully.", "x": "[ 2.08772967e+00 -5.35633614e-03  4.78740556e+00  7.80105454e+00\n  4.32192915e+00  1.54432520e+00]", "nit": "25"}, "21": {"maxiter": 1000, "gtol": 1e-10, "xrtol": 1e-05, "eps": 1e-10, "duration": 0.03531694412231445, "fun": "0.5343002264958577", "jac": "[-1.11022293e-06 -1.11022303e-06  1.11022293e-06  1.11022293e-06\n  2.22044587e-06 -1.11022293e-06]", "hess_inv": "[[ 6.54222568  0.48889245 -0.02443518  3.72441983  0.0177924   1.14380245]\n [ 0.48889245 11.31700612  6.20414973 -0.80966514 -5.95383608 -0.04996888]\n [-0.02443518  6.20414973 14.3154934   0.37168268 -7.84017054 -2.05895631]\n [ 3.72441983 -0.80966514  0.37168268  6.61978902 -0.13543883  0.21578167]\n [ 0.0177924  -5.95383608 -7.84017054 -0.13543883 11.50615263  1.80628163]\n [ 1.14380245 -0.04996888 -2.05895631  0.21578167  1.80628163  5.65430373]]", "nfev": "203", "njev": "29", "status": "0", "success": "True", "message": "Optimization terminated successfully.", "x": "[ 2.08772852e+00 -5.35766431e-03  4.78740893e+00  7.80105912e+00\n  4.32193268e+00  1.54432557e+00]", "nit": "25"}, "22": {"maxiter": 1000, "gtol": 1e-10, "xrtol": 1e-10, "eps": 1e-05, "duration": 0.08712601661682129, "fun": "0.5343002264845426", "jac": "[ 3.49831275e-08 -8.24895707e-09 -3.90687482e-08  3.78586051e-09\n -2.25708341e-08 -2.71338507e-08]", "hess_inv": "[[ 6.96808404e+00  2.10252470e-01 -1.03284493e+00  3.81036920e+00\n  -9.14589205e-05  9.81252430e-01]\n [ 2.10252470e-01  1.26730274e+01  7.59928029e+00 -6.50270964e-01\n  -6.41478210e+00  4.13155930e-01]\n [-1.03284493e+00  7.59928029e+00  1.49182947e+01 -3.36798103e-01\n  -8.97924715e+00 -1.77517885e+00]\n [ 3.81036920e+00 -6.50270964e-01 -3.36798103e-01  6.43352614e+00\n  -4.15450482e-01  9.22280409e-02]\n [-9.14589205e-05 -6.41478210e+00 -8.97924715e+00 -4.15450482e-01\n   1.12863932e+01  1.59071639e+00]\n [ 9.81252430e-01  4.13155930e-01 -1.77517885e+00  9.22280409e-02\n   1.59071639e+00  5.76326679e+00]]", "nfev": "508", "nj