{"date": "2024/07/19/, 00:40:23", "conf_id": 126, "data_type": "orthogonal\n", "num_data_points": 3, "s_rank": 0, "unitary": "[[-0.56303964-0.00798273j,-0.21670212-0.15784972j,-0.06047197-0.73952673j,-0.01438004+0.24552571j],[-0.06976756+0.23474685j,-0.01275565-0.5435098j,-0.02703657-0.08917885j,-0.08210486-0.79311774j],[-0.38559961+0.10714929j,0.5933431-0.2687392j,-0.24060861+0.29149289j,-0.45147719+0.26241743j],[-0.50180421+0.45931857j,-0.11617175+0.44134496j,0.49642745+0.22684508j,-0.08544628-0.15407063j]]", "databatch_0": {"databatch": "[[[-0.33072902+0.08810485j,0.33114599-0.08203201j,-0.20586701+0.565127j,0.03932722-0.14853799j],[-0.10413747+0.00660002j,0.01628484+0.05967761j,-0.05729743+0.04294246j,-0.00113799-0.06843966j],[-0.05572265+0.05265596j,-0.03607633+0.01888198j,0.05841827+0.01105384j,-0.03182785-0.06126599j],[-0.04020591+0.17224685j,0.16910641-0.28482907j,0.16651545+0.41391654j,-0.02023133-0.01646559j]],[[-0.10018513-0.09791899j,-0.0958158-0.16905025j,0.10339764+0.16433637j,0.14134711-0.08282262j],[0.33667702-0.14128028j,-0.08926966+0.05486047j,-0.03795692-0.39701552j,0.00956035+0.23938706j],[0.00542203+0.23527769j,0.39431219+0.00654533j,-0.16520617+0.26311337j,-0.16169177+0.07811969j],[0.22268308+0.04849254j,0.21596807+0.02239431j,-0.14720451-0.06150103j,-0.08428177+0.2145079j]],[[-0.3503987+0.06617981j,0.27182026-0.07205181j,-0.17872438+0.53249226j,0.0547151-0.17619331j],[-0.16161694+0.02707913j,-0.0248673+0.09821022j,-0.03344906+0.0313821j,-0.01623425-0.12540765j],[-0.11799694+0.08150247j,-0.07040745+0.06935492j,0.07495441-0.00216784j,-0.05542455-0.12101813j],[0.02279787+0.1237582j,0.18856401-0.31966575j,0.13734609+0.40108793j,0.0118503+0.04354399j]]]", "initial param values": "[0.89431287,3.08811416,2.61640816,3.10915298,4.34045513,1.03186705]", "nelder_mead": {"type": "gradient-free", "0": {"maxiter": 100, "fatol": 1e-05, "xatol": 1e-05, "duration": 0.02505016326904297, "fun": "0.42926657661077505", "nit": "100", "nfev": "148", "status": "2", "success": "False", "message": "Maximum number of iterations has been exceeded.", "x": "[0.34724539 6.0950664  1.14294792 3.9288923  3.04835981 1.01437425]", "final_simplex": "(array([[0.34724539, 6.0950664 , 1.14294792, 3.9288923 , 3.04835981,\n        1.01437425],\n       [0.47243506, 5.73929254, 1.49659604, 3.77056019, 2.91395179,\n        0.95649416],\n       [0.42903618, 5.95292329, 1.11243831, 3.87880768, 2.79864969,\n        1.06073975],\n       [0.37152807, 5.85524515, 1.42852774, 3.78788132, 2.96585181,\n        0.99589225],\n       [0.42168016, 5.9977572 , 1.66718119, 3.85649807, 2.87434435,\n        0.75001648],\n       [0.38932698, 6.12180949, 0.95189657, 3.80121134, 2.79323623,\n        1.19039208],\n       [0.42679396, 5.84954756, 1.72990689, 3.95187417, 2.85482209,\n        0.70564018]]), array([0.42926658, 0.43401709, 0.43482394, 0.43802101, 0.4399605 ,\n       0.44012556, 0.44290415]))"}, "1": {"maxiter": 100, "fatol": 1e-05, "xatol": 1e-10, "duration": 0.024875879287719727, "fun": "0.42926657661077505", "nit": "100", "nfev": "148", "status": "2", "success": "False", "message": "Maximum number of iterations has been exceeded.", "x": "[0.34724539 6.0950664  1.14294792 3.9288923  3.04835981 1.01437425]", "final_simplex": "(array([[0.34724539, 6.0950664 , 1.14294792, 3.9288923 , 3.04835981,\n        1.01437425],\n       [0.47243506, 5.73929254, 1.49659604, 3.77056019, 2.91395179,\n        0.95649416],\n       [0.42903618, 5.95292329, 1.11243831, 3.87880768, 2.79864969,\n        1.06073975],\n       [0.37152807, 5.85524515, 1.42852774, 3.78788132, 2.96585181,\n        0.99589225],\n       [0.42168016, 5.9977572 , 1.66718119, 3.85649807, 2.87434435,\n        0.75001648],\n       [0.38932698, 6.12180949, 0.95189657, 3.80121134, 2.79323623,\n        1.19039208],\n       [0.42679396, 5.84954756, 1.72990689, 3.95187417, 2.85482209,\n        0.70564018]]), array([0.42926658, 0.43401709, 0.43482394, 0.43802101, 0.4399605 ,\n       0.44012556, 0.44290415]))"}, "2": {"maxiter": 100, "fatol": 1e-10, "xatol": 1e-05, "duration": 0.02485489845275879, "fun": "0.42926657661077505", "nit": "100", "nfev": "148", "status": "2", "success": "False", "message": "Maximum number of iterations has been exceeded.", "x": "[0.34724539 6.0950664  1.14294792 3.9288923  3.04835981 1.01437425]", "final_simplex": "(array([[0.34724539, 6.0950664 , 1.14294792, 3.9288923 , 3.04835981,\n        1.01437425],\n       [0.47243506, 5.73929254, 1.49659604, 3.77056019, 2.91395179,\n        0.95649416],\n       [0.42903618, 5.95292329, 1.11243831, 3.87880768, 2.79864969,\n        1.06073975],\n       [0.37152807, 5.85524515, 1.42852774, 3.78788132, 2.96585181,\n        0.99589225],\n       [0.42168016, 5.9977572 , 1.66718119, 3.85649807, 2.87434435,\n        0.75001648],\n       [0.38932698, 6.12180949, 0.95189657, 3.80121134, 2.79323623,\n        1.19039208],\n       [0.42679396, 5.84954756, 1.72990689, 3.95187417, 2.85482209,\n        0.70564018]]), array([0.42926658, 0.43401709, 0.43482394, 0.43802101, 0.4399605 ,\n       0.44012556, 0.44290415]))"}, "3": {"maxiter": 100, "fatol": 1e-10, "xatol": 1e-10, "duration": 0.02484273910522461, "fun": "0.42926657661077505", "nit": "100", "nfev": "148", "status": "2", "success": "False", "message": "Maximum number of iterations has been exceeded.", "x": "[0.34724539 6.0950664  1.14294792 3.9288923  3.04835981 1.01437425]", "final_simplex": "(array([[0.34724539, 6.0950664 , 1.14294792, 3.9288923 , 3.04835981,\n        1.01437425],\n       [0.47243506, 5.73929254, 1.49659604, 3.77056019, 2.91395179,\n        0.95649416],\n       [0.42903618, 5.95292329, 1.11243831, 3.87880768, 2.79864969,\n        1.06073975],\n       [0.37152807, 5.85524515, 1.42852774, 3.78788132, 2.96585181,\n        0.99589225],\n       [0.42168016, 5.9977572 , 1.66718119, 3.85649807, 2.87434435,\n        0.75001648],\n       [0.38932698, 6.12180949, 0.95189657, 3.80121134, 2.79323623,\n        1.19039208],\n       [0.42679396, 5.84954756, 1.72990689, 3.95187417, 2.85482209,\n        0.70564018]]), array([0.42926658, 0.43401709, 0.43482394, 0.43802101, 0.4399605 ,\n       0.44012556, 0.44290415]))"}, "4": {"maxiter": 500, "fatol": 1e-05, "xatol": 1e-05, "duration": 0.09945511817932129, "fun": "0.3468521754396211", "nit": "380", "nfev": "592", "status": "0", "success": "True", "message": "Optimization terminated successfully.", "x": "[0.96500596 6.32398642 0.59995851 4.26823772 3.06080489 1.67342659]", "final_simplex": "(array([[0.96500596, 6.32398642, 0.59995851, 4.26823772, 3.06080489,\n        1.67342659],\n       [0.96500377, 6.32399393, 0.59994931, 4.26823434, 3.06080782,\n        1.67342933],\n       [0.96500665, 6.32399318, 0.59995368, 4.26823817, 3.06081226,\n        1.67343547],\n       [0.96500671, 6.32398495, 0.59995699, 4.26822937, 3.06081091,\n        1.673428  ],\n       [0.96500923, 6.32398709, 0.59994876, 4.26823114, 3.06080836,\n        1.67343537],\n       [0.96501196, 6.32399137, 0.59996035, 4.26823329, 3.06080169,\n        1.67342415],\n       [0.9650125 , 6.32399294, 0.59994981, 4.26823696, 3.06081024,\n        1.67342897]]), array([0.34685218, 0.34685218, 0.34685218, 0.34685218, 0.34685218,\n       0.34685218, 0.34685218]))"}, "5": {"maxiter": 500, "fatol": 1e-05, "xatol": 1e-10, "duration": 0.13417601585388184, "fun": "0.3468521754359132", "nit": "476", "nfev": "805", "status": "0", "success": "True", "message": "Optimization terminated successfully.", "x": "[0.96500394 6.32398905 0.59995777 4.26823627 3.06080919 1.67342959]", "final_simplex": "(array([[0.96500394, 6.32398905, 0.59995777, 4.26823627, 3.06080919,\n        1.67342959],\n       [0.96500394, 6.32398905, 0.59995777, 4.26823627, 3.06080919,\n        1.67342959],\n       [0.96500394, 6.32398905, 0.59995777, 4.26823627, 3.06080919,\n        1.67342959],\n       [0.96500394, 6.32398905, 0.59995777, 4.26823627, 3.06080919,\n        1.67342959],\n       [0.96500394, 6.32398905, 0.59995777, 4.26823627, 3.06080919,\n        1.67342959],\n       [0.96500394, 6.32398905, 0.59995777, 4.26823627, 3.06080919,\n        1.67342959],\n       [0.96500394, 6.32398905, 0.59995777, 4.26823627, 3.06080919,\n        1.67342959]]), array([0.34685218, 0.34685218, 0.34685218, 0.34685218, 0.34685218,\n       0.34685218, 0.34685218]))"}, "6": {"maxiter": 500, "fatol": 1e-10, "xatol": 1e-05, "duration": 0.09885072708129883, "fun": "0.3468521754396211", "nit": "380", "nfev": "592", "status": "0", "success": "True", "message": "Optimization terminated successfully.", "x": "[0.96500596 6.32398642 0.59995851 4.26823772 3.06080489 1.67342659]", "final_simplex": "(array([[0.96500596, 6.32398642, 0.59995851, 4.26823772, 3.06080489,\n        1.67342659],\n       [0.96500377, 6.32399393, 0.59994931, 4.26823434, 3.06080782,\n        1.67342933],\n       [0.96500665, 6.32399318, 0.59995368, 4.26823817, 3.06081226,\n        1.67343547],\n       [0.96500671, 6.32398495, 0.59995699, 4.26822937, 3.06081091,\n        1.673428  ],\n       [0.96500923, 6.32398709, 0.59994876, 4.26823114, 3.06080836,\n        1.67343537],\n       [0.96501196, 6.32399137, 0.59996035, 4.26823329, 3.06080169,\n        1.67342415],\n       [0.9650125 , 6.32399294, 0.59994981, 4.26823696, 3.06081024,\n        1.67342897]]), array([0.34685218, 0.34685218, 0.34685218, 0.34685218, 0.34685218,\n       0.34685218, 0.34685218]))"}, "7": {"maxiter": 500, "fatol": 1e-10, "xatol": 1e-10, "duration": 0.13372397422790527, "fun": "0.3468521754359132", "nit": "476", "nfev": "805", "status": "0", "success": "True", "message": "Optimization terminated successfully.", "x": "[0.96500394 6.32398905 0.59995777 4.26823627 3.06080919 1.67342959]", "final_simplex": "(array([[0.96500394, 6.32398905, 0.59995777, 4.26823627, 3.06080919,\n        1.67342959],\n       [0.96500394, 6.32398905, 0.59995777, 4.26823627, 3.06080919,\n        1.67342959],\n       [0.96500394, 6.32398905, 0.59995777, 4.26823627, 3.06080919,\n        1.67342959],\n       [0.96500394, 6.32398905, 0.59995777, 4.26823627, 3.06080919,\n        1.67342959],\n       [0.96500394, 6.32398905, 0.59995777, 4.26823627, 3.06080919,\n        1.67342959],\n       [0.96500394, 6.32398905, 0.59995777, 4.26823627, 3.06080919,\n        1.67342959],\n       [0.96500394, 6.32398905, 0.59995777, 4.26823627, 3.06080919,\n        1.67342959]]), array([0.34685218, 0.34685218, 0.34685218, 0.34685218, 0.34685218,\n       0.34685218, 0.34685218]))"}, "8": {"maxiter": 1000, "fatol": 1e-05, "xatol": 1e-05, "duration": 0.09880304336547852, "fun": "0.3468521754396211", "nit": "380", "nfev": "592", "status": "0", "success": "True", "message": "Optimization terminated successfully.", "x": "[0.96500596 6.32398642 0.59995851 4.26823772 3.06080489 1.67342659]", "final_simplex": "(array([[0.96500596, 6.32398642, 0.59995851, 4.26823772, 3.06080489,\n        1.67342659],\n       [0.96500377, 6.32399393, 0.59994931, 4.26823434, 3.06080782,\n        1.67342933],\n       [0.96500665, 6.32399318, 0.59995368, 4.26823817, 3.06081226,\n        1.67343547],\n       [0.96500671, 6.32398495, 0.59995699, 4.26822937, 3.06081091,\n        1.673428  ],\n       [0.96500923, 6.32398709, 0.59994876, 4.26823114, 3.06080836,\n        1.67343537],\n       [0.96501196, 6.32399137, 0.59996035, 4.26823329, 3.06080169,\n        1.67342415],\n       [0.9650125 , 6.32399294, 0.59994981, 4.26823696, 3.06081024,\n        1.67342897]]), array([0.34685218, 0.34685218, 0.34685218, 0.34685218, 0.34685218,\n       0.34685218, 0.34685218]))"}, "9": {"maxiter": 1000, "fatol": 1e-05, "xatol": 1e-10, "duration": 0.1345667839050293, "fun": "0.3468521754359132", "nit": "476", "nfev": "805", "status": "0", "success": "True", "message": "Optimization terminated successfully.", "x": "[0.96500394 6.32398905 0.59995777 4.26823627 3.06080919 1.67342959]", "final_simplex": "(array([[0.96500394, 6.32398905, 0.59995777, 4.26823627, 3.06080919,\n        1.67342959],\n       [0.96500394, 6.32398905, 0.59995777, 4.26823627, 3.06080919,\n        1.67342959],\n       [0.96500394, 6.32398905, 0.59995777, 4.26823627, 3.06080919,\n        1.67342959],\n       [0.96500394, 6.32398905, 0.59995777, 4.26823627, 3.06080919,\n        1.67342959],\n       [0.96500394, 6.32398905, 0.59995777, 4.26823627, 3.06080919,\n        1.67342959],\n       [0.96500394, 6.32398905, 0.59995777, 4.26823627, 3.06080919,\n        1.67342959],\n       [0.96500394, 6.32398905, 0.59995777, 4.26823627, 3.06080919,\n        1.67342959]]), array([0.34685218, 0.34685218, 0.34685218, 0.34685218, 0.34685218,\n       0.34685218, 0.34685218]))"}, "10": {"maxiter": 1000, "fatol": 1e-10, "xatol": 1e-05, "duration": 0.09964585304260254, "fun": "0.3468521754396211", "nit": "380", "nfev": "592", "status": "0", "success": "True", "message": "Optimization terminated successfully.", "x": "[0.96500596 6.32398642 0.59995851 4.26823772 3.06080489 1.67342659]", "final_simplex": "(array([[0.96500596, 6.32398642, 0.59995851, 4.26823772, 3.06080489,\n        1.67342659],\n       [0.96500377, 6.32399393, 0.59994931, 4.26823434, 3.06080782,\n        1.67342933],\n       [0.96500665, 6.32399318, 0.59995368, 4.26823817, 3.06081226,\n        1.67343547],\n       [0.96500671, 6.32398495, 0.59995699, 4.26822937, 3.06081091,\n        1.673428  ],\n       [0.96500923, 6.32398709, 0.59994876, 4.26823114, 3.06080836,\n        1.67343537],\n       [0.96501196, 6.32399137, 0.59996035, 4.26823329, 3.06080169,\n        1.67342415],\n       [0.9650125 , 6.32399294, 0.59994981, 4.26823696, 3.06081024,\n        1.67342897]]), array([0.34685218, 0.34685218, 0.34685218, 0.34685218, 0.34685218,\n       0.34685218, 0.34685218]))"}, "11": {"maxiter": 1000, "fatol": 1e-10, "xatol": 1e-10, "duration": 0.1347360610961914, "fun": "0.3468521754359132", "nit": "476", "nfev": "805", "status": "0", "success": "True", "message": "Optimization terminated successfully.", "x": "[0.96500394 6.32398905 0.59995777 4.26823627 3.06080919 1.67342959]", "final_simplex": "(array([[0.96500394, 6.32398905, 0.59995777, 4.26823627, 3.06080919,\n        1.67342959],\n       [0.96500394, 6.32398905, 0.59995777, 4.26823627, 3.06080919,\n        1.67342959],\n       [0.96500394, 6.32398905, 0.59995777, 4.26823627, 3.06080919,\n        1.67342959],\n       [0.96500394, 6.32398905, 0.59995777, 4.26823627, 3.06080919,\n        1.67342959],\n       [0.96500394, 6.32398905, 0.59995777, 4.26823627, 3.06080919,\n        1.67342959],\n       [0.96500394, 6.32398905, 0.59995777, 4.26823627, 3.06080919,\n        1.67342959],\n       [0.96500394, 6.32398905, 0.59995777, 4.26823627, 3.06080919,\n        1.67342959]]), array([0.34685218, 0.34685218, 0.34685218, 0.34685218, 0.34685218,\n       0.34685218, 0.34685218]))"}}, "bfgs": {"type": "gradient", "0": {"maxiter": 100, "gtol": 1e-05, "xrtol": 1e-05, "eps": 1e-05, "duration": 0.03746914863586426, "fun": "0.3394812438239151", "jac": "[ 1.30579991e-06  4.53925786e-07 -9.52482537e-07  2.03230766e-06\n -1.49409374e-06  7.82129916e-07]", "hess_inv": "[[ 5.00549596e+00  7.52390033e-01  1.50363145e+00 -2.20098306e+00\n  -1.64722415e+00 -9.14632755e-01]\n [ 7.52390033e-01  2.46498279e+01  1.85238374e+01 -4.62555760e+00\n   4.17055322e+00  3.66608590e+00]\n [ 1.50363145e+00  1.85238374e+01  1.95527366e+01 -3.38761721e+00\n   1.10416463e+00  2.19814136e-02]\n [-2.20098306e+00 -4.62555760e+00 -3.38761721e+00  5.47130370e+00\n  -2.92084445e-01  3.60077307e-01]\n [-1.64722415e+00  4.17055322e+00  1.10416463e+00 -2.92084445e-01\n   5.25198813e+00  1.97459404e+00]\n [-9.14632755e-01  3.66608590e+00  2.19814136e-02  3.60077307e-01\n   1.97459404e+00  5.06364772e+00]]", "nfev": "217", "njev": "31", "status": "0", "success": "True", "message": "Optimization terminated successfully.", "x": "[2.63169712 6.00594929 3.91453158 1.61926027 4.28154311 0.96173322]", "nit": "23"}, "1": {"maxiter": 100, "gtol": 1e-05, "xrtol": 1e-05, "eps": 1e-10, "duration": 0.037345170974731445, "fun": "0.33948124363983945", "jac": "[ 2.22044587e-06  1.11022293e-06 -1.11022293e-06  2.22044587e-06\n -2.22044587e-06  0.00000000e+00]", "hess_inv": "[[ 5.04658477  0.50712395  1.29333469 -2.29525774 -1.70534839 -0.87173078]\n [ 0.50712395 25.48969384 18.9789187  -4.50959348  4.59566716  4.04106175]\n [ 1.29333469 18.9789187  19.56616067 -3.24703319  1.44854248  0.37934909]\n [-2.29525774 -4.50959348 -3.24703319  5.51137454 -0.33091706  0.30680033]\n [-1.70534839  4.59566716  1.44854248 -0.33091706  5.42378101  2.09572769]\n [-0.87173078  4.04106175  0.37934909  0.30680033  2.09572769  5.09131231]]", "nfev": "217", "njev": "31", "status": "0", "success": "True", "message": "Optimization terminated successfully.", "x": "[2.63170678 6.00603699 3.91460779 1.61924531 4.28155367 0.96174048]", "nit": "23"}, "2": {"maxiter": 100, "gtol": 1e-05, "xrtol": 1e-10, "eps": 1e-05, "duration": 0.03740501403808594, "fun": "0.3394812438239151", "jac": "[ 1.30579991e-06  4.53925786e-07 -9.52482537e-07  2.03230766e-06\n -1.49409374e-06  7.82129916e-07]", "hess_inv": "[[ 5.00549596e+00  7.52390033e-01  1.50363145e+00 -2.20098306e+00\n  -1.64722415e+00 -9.14632755e-01]\n [ 7.52390033e-01  2.46498279e+01  1.85238374e+01 -4.62555760e+00\n   4.17055322e+00  3.66608590e+00]\n [ 1.50363145e+00  1.85238374e+01  1.95527366e+01 -3.38761721e+00\n   1.10416463e+00  2.19814136e-02]\n [-2.20098306e+00 -4.62555760e+00 -3.38761721e+00  5.47130370e+00\n  -2.92084445e-01  3.60077307e-01]\n [-1.64722415e+00  4.17055322e+00  1.10416463e+00 -2.92084445e-01\n   5.25198813e+00  1.97459404e+00]\n [-9.14632755e-01  3.66608590e+00  2.19814136e-02  3.60077307e-01\n   1.97459404e+00  5.06364772e+00]]", "nfev": "217", "njev": "31", "status": "0", "success": "True", "message": "Optimization terminated successfully.", "x": "[2.63169712 6.00594929 3.91453158 1.61926027 4.28154311 0.96173322]", "nit": "23"}, "3": {"maxiter": 100, "gtol": 1e-05, "xrtol": 1e-10, "eps": 1e-10, "duration": 0.037674903869628906, "fun": "0.33948124363983945", "jac": "[ 2.22044587e-06  1.11022293e-06 -1.11022293e-06  2.22044587e-06\n -2.22044587e-06  0.00000000e+00]", "hess_inv": "[[ 5.04658477  0.50712395  1.29333469 -2.29525774 -1.70534839 -0.87173078]\n [ 0.50712395 25.48969384 18.9789187  -4.50959348  4.59566716  4.04106175]\n [ 1.29333469 18.9789187  19.56616067 -3.24703319  1.44854248  0.37934909]\n [-2.29525774 -4.50959348 -3.24703319  5.51137454 -0.33091706  0.30680033]\n [-1.70534839  4.59566716  1.44854248 -0.33091706  5.42378101  2.09572769]\n [-0.87173078  4.04106175  0.37934909  0.30680033  2.09572769  5.09131231]]", "nfev": "217", "njev": "31", "status": "0", "success": "True", "message": "Optimization terminated successfully.", "x": "[2.63170678 6.00603699 3.91460779 1.61924531 4.28155367 0.96174048]", "nit": "23"}, "4": {"maxiter": 100, "gtol": 1e-10, "xrtol": 1e-05, "eps": 1e-05, "duration": 0.038516998291015625, "fun": "0.3394812437479663", "jac": "[ 2.43327580e-07 -1.70197190e-08 -1.43685064e-07  6.27720098e-08\n -4.26769731e-08 -1.09945386e-07]", "hess_inv": "[[ 4.99469608  0.82321941  1.47378761 -2.13728192 -1.61555282 -0.81627113]\n [ 0.82321941 24.18549902 18.73110361 -5.05574749  3.96295306  3.00818886]\n [ 1.47378761 18.73110361 20.15448003 -3.94773163  1.19828965 -0.46557741]\n [-2.13728192 -5.05574749 -3.94773163  5.88758903 -0.48599949  0.59691013]\n [-1.61555282  3.96295306  1.19828965 -0.48599949  5.15917373  1.67881072]\n [-0.81627113  3.00818886 -0.46557741  0.59691013  1.67881072  5.01057903]]", "nfev": "224", "njev": "32", "status": "0", "success": "True", "message": "Optimization terminated successfully.", "x": "[2.6316942  6.00596892 3.91455053 1.61924844 4.28155194 0.96172985]", "nit": "24"}, "5": {"maxiter": 100, "gtol": 1e-10, "xrtol": 1e-05, "eps": 1e-10, "duration": 0.03848099708557129, "fun": "0.3394812436038376", "jac": "[ 0.00000000e+00  1.11022293e-06  0.00000000e+00  2.22044587e-06\n  0.00000000e+00 -2.22044587e-06]", "hess_inv": "[[ 4.98316847e+00  9.70143065e-01  1.42835320e+00 -2.09250019e+00\n  -1.50649220e+00 -5.07685912e-01]\n [ 9.70143065e-01  2.43211172e+01  1.84437540e+01 -4.54343746e+00\n   3.76717255e+00  3.42879934e+00]\n [ 1.42835320e+00  1.84437540e+01  1.93705003e+01 -3.38402936e+00\n   1.15216250e+00  2.10252024e-02]\n [-2.09250019e+00 -4.54343746e+00 -3.38402936e+00  5.80905773e+00\n  -5.59039908e-01  4.80636606e-01]\n [-1.50649220e+00  3.76717255e+00  1.15216250e+00 -5.59039908e-01\n   4.97591298e+00  1.53071561e+00]\n [-5.07685912e-01  3.42879934e+00  2.10252024e-02  4.80636606e-01\n   1.53071561e+00  4.89340009e+00]]", "nfev": "224", "njev": "32", "status": "0", "success": "True", "message": "Optimization terminated successfully.", "x": "[2.63169753 6.00604677 3.91461572 1.6192371  4.28156641 0.96174016]", "nit": "24"}, "6": {"maxiter": 100, "gtol": 1e-10, "xrtol": 1e-10, "eps": 1e-05, "duration": 0.0584261417388916, "fun": "0.3394812437337512", "jac": "[ 7.70494779e-09  4.21884749e-09 -4.70734562e-09 -3.41948692e-09\n  5.99520433e-09 -2.66453526e-09]", "hess_inv": "[[ 4.48182442e+00  2.06971883e-02  1.19714462e+00 -1.47464713e+00\n  -1.97880935e+00 -9.53949098e-01]\n [ 2.06971883e-02  2.78761400e+01  2.17619242e+01 -5.77534875e+00\n   4.98615929e+00  3.92347778e+00]\n [ 1.19714462e+00  2.17619242e+01  2.24131245e+01 -4.78697863e+00\n   2.11567574e+00  2.58401294e-01]\n [-1.47464713e+00 -5.77534875e+00 -4.78697863e+00  5.59224010e+00\n  -5.80624526e-01  3.63510059e-01]\n [-1.97880935e+00  4.98615929e+00  2.11567574e+00 -5.80624526e-01\n   5.42605844e+00  1.91689264e+00]\n [-9.53949098e-01  3.92347778e+00  2.58401294e-01  3.63510059e-01\n   1.91689264e+00  5.29761954e+00]]", "nfev": "341", "njev": "47", "status": "2", "success": "False", "message": "Desired error not necessarily achieved due to precision loss.", "x": "[2.63169321 6.00597358 3.91455427 1.61924764 4.28155332 0.96173083]", "nit": "26"}, "7": {"maxiter": 100, "gtol": 1e-10, "xrtol": 1e-10, "eps": 1e-10, "duration": 0.04651188850402832, "fun": "0.33948124360366194", "jac": "[0. 0. 0. 0. 0. 0.]", "hess_inv": "[[ 0.79905625 -0.52456783 -1.44002465  0.76007188 -0.31098665  0.6813781 ]\n [-0.52456783  2.16989751  2.14673453 -0.58580972 -2.11199018 -1.07152379]\n [-1.44002465  2.14673453  4.48712259 -1.45864004 -1.47415794 -0.54038009]\n [ 0.76007188 -0.58580972 -1.45864004  0.94828174 -0.38957264  0.64602788]\n [-0.31098665 -2.11199018 -1.47415794 -0.38957264  3.55067984  0.01800694]\n [ 0.6813781  -1.07152379 -0.54038009  0.64602788  0.01800694  1.89592059]]", "nfev": "273", "njev": "39", "status": "0", "success": "True", "message": "Optimization terminated successfully.", "x": "[2.63169728 6.00604656 3.91461521 1.61923635 4.28156697 0.96174053]", "nit": "28"}, "8": {"maxiter": 500, "gtol": 1e-05, "xrtol": 1e-05, "eps": 1e-05, "duration": 0.03691887855529785, "fun": "0.3394812438239151", "jac": "[ 1.30579991e-06  4.53925786e-07 -9.52482537e-07  2.03230766e-06\n -1.49409374e-06  7.82129916e-07]", "hess_inv": "[[ 5.00549596e+00  7.52390033e-01  1.50363145e+00 -2.20098306e+00\n  -1.64722415e+00 -9.14632755e-01]\n [ 7.52390033e-01  2.46498279e+01  1.85238374e+01 -4.62555760e+00\n   4.17055322e+00  3.66608590e+00]\n [ 1.50363145e+00  1.85238374e+01  1.95527366e+01 -3.38761721e+00\n   1.10416463e+00  2.19814136e-02]\n [-2.20098306e+00 -4.62555760e+00 -3.38761721e+00  5.47130370e+00\n  -2.92084445e-01  3.60077307e-01]\n [-1.64722415e+00  4.17055322e+00  1.10416463e+00 -2.92084445e-01\n   5.25198813e+00  1.97459404e+00]\n [-9.14632755e-01  3.66608590e+00  2.19814136e-02  3.60077307e-01\n   1.97459404e+00  5.06364772e+00]]", "nfev": "217", "njev": "31", "status": "0", "success": "True", "message": "Optimization terminated successfully.", "x": "[2.63169712 6.00594929 3.91453158 1.61926027 4.28154311 0.96173322]", "nit": "23"}, "9": {"maxiter": 500, "gtol": 1e-05, "xrtol": 1e-05, "eps": 1e-10, "duration": 0.0369570255279541, "fun": "0.33948124363983945", "jac": "[ 2.22044587e-06  1.11022293e-06 -1.11022293e-06  2.22044587e-06\n -2.22044587e-06  0.00000000e+00]", "hess_inv": "[[ 5.04658477  0.50712395  1.29333469 -2.29525774 -1.70534839 -0.87173078]\n [ 0.50712395 25.48969384 18.9789187  -4.50959348  4.59566716  4.04106175]\n [ 1.29333469 18.9789187  19.56616067 -3.24703319  1.44854248  0.37934909]\n [-2.29525774 -4.50959348 -3.24703319  5.51137454 -0.33091706  0.30680033]\n [-1.70534839  4.59566716  1.44854248 -0.33091706  5.42378101  2.09572769]\n [-0.87173078  4.04106175  0.37934909  0.30680033  2.09572769  5.09131231]]", "nfev": "217", "njev": "31", "status": "0", "success": "True", "message": "Optimization terminated successfully.", "x": "[2.63170678 6.00603699 3.91460779 1.61924531 4.28155367 0.96174048]", "nit": "23"}, "10": {"maxiter": 500, "gtol": 1e-05, "xrtol": 1e-10, "eps": 1e-05, "duration": 0.03698301315307617, "fun": "0.3394812438239151", "jac": "[ 1.30579991e-06  4.53925786e-07 -9.52482537e-07  2.03230766e-06\n -1.49409374e-06  7.82129916e-07]", "hess_inv": "[[ 5.00549596e+00  7.52390033e-01  1.50363145e+00 -2.20098306e+00\n  -1.64722415e+00 -9.14632755e-01]\n [ 7.52390033e-01  2.46498279e+01  1.85238374e+01 -4.62555760e+00\n   4.17055322e+00  3.66608590e+00]\n [ 1.50363145e+00  1.85238374e+01  1.95527366e+01 -3.38761721e+00\n   1.10416463e+00  2.19814136e-02]\n [-2.20098306e+00 -4.62555760e+00 -3.38761721e+00  5.47130370e+00\n  -2.92084445e-01  3.60077307e-01]\n [-1.64722415e+00  4.17055322e+00  1.10416463e+00 -2.92084445e-01\n   5.25198813e+00  1.97459404e+00]\n [-9.14632755e-01  3.66608590e+00  2.19814136e-02  3.60077307e-01\n   1.97459404e+00  5.06364772e+00]]", "nfev": "217", "njev": "31", "status": "0", "success": "True", "message": "Optimization terminated successfully.", "x": "[2.63169712 6.00594929 3.91453158 1.61926027 4.28154311 0.96173322]", "nit": "23"}, "11": {"maxiter": 500, "gtol": 1e-05, "xrtol": 1e-10, "eps": 1e-10, "duration": 0.03707408905029297, "fun": "0.33948124363983945", "jac": "[ 2.22044587e-06  1.11022293e-06 -1.11022293e-06  2.22044587e-06\n -2.22044587e-06  0.00000000e+00]", "hess_inv": "[[ 5.04658477  0.50712395  1.29333469 -2.29525774 -1.70534839 -0.87173078]\n [ 0.50712395 25.48969384 18.9789187  -4.50959348  4.59566716  4.04106175]\n [ 1.29333469 18.9789187  19.56616067 -3.24703319  1.44854248  0.37934909]\n [-2.29525774 -4.50959348 -3.24703319  5.51137454 -0.33091706  0.30680033]\n [-1.70534839  4.59566716  1.44854248 -0.33091706  5.42378101  2.09572769]\n [-0.87173078  4.04106175  0.37934909  0.30680033  2.09572769  5.09131231]]", "nfev": "217", "njev": "31", "status": "0", "success": "True", "message": "Optimization terminated successfully.", "x": "[2.63170678 6.00603699 3.91460779 1.61924531 4.28155367 0.96174048]", "nit": "23"}, "12": {"maxiter": 500, "gtol": 1e-10, "xrtol": 1e-05, "eps": 1e-05, "duration": 0.038185834884643555, "fun": "0.3394812437479663", "jac": "[ 2.43327580e-07 -1.70197190e-08 -1.43685064e-07  6.27720098e-08\n -4.26769731e-08 -1.09945386e-07]", "hess_inv": "[[ 4.99469608  0.82321941  1.47378761 -2.13728192 -1.61555282 -0.81627113]\n [ 0.82321941 24.18549902 18.73110361 -5.05574749  3.96295306  3.00818886]\n [ 1.47378761 18.73110361 20.15448003 -3.94773163  1.19828965 -0.46557741]\n [-2.13728192 -5.05574749 -3.94773163  5.88758903 -0.48599949  0.59691013]\n [-1.61555282  3.96295306  1.19828965 -0.48599949  5.15917373  1.67881072]\n [-0.81627113  3.00818886 -0.46557741  0.59691013  1.67881072  5.01057903]]", "nfev": "224", "njev": "32", "status": "0", "success": "True", "message": "Optimization terminated successfully.", "x": "[2.6316942  6.00596892 3.91455053 1.61924844 4.28155194 0.96172985]", "nit": "24"}, "13": {"maxiter": 500, "gtol": 1e-10, "xrtol": 1e-05, "eps": 1e-10, "duration": 0.03811812400817871, "fun": "0.3394812436038376", "jac": "[ 0.00000000e+00  1.11022293e-06  0.00000000e+00  2.22044587e-06\n  0.00000000e+00 -2.22044587e-06]", "hess_inv": "[[ 4.98316847e+00  9.70143065e-01  1.42835320e+00 -2.09250019e+00\n  -1.50649220e+00 -5.07685912e-01]\n [ 9.70143065e-01  2.43211172e+01  1.84437540e+01 -4.54343746e+00\n   3.76717255e+00  3.42879934e+00]\n [ 1.42835320e+00  1.84437540e+01  1.93705003e+01 -3.38402936e+00\n   1.15216250e+00  2.10252024e-02]\n [-2.09250019e+00 -4.54343746e+00 -3.38402936e+00  5.80905773e+00\n  -5.59039908e-01  4.80636606e-01]\n [-1.50649220e+00  3.76717255e+00  1.15216250e+00 -5.59039908e-01\n   4.97591298e+00  1.53071561e+00]\n [-5.07685912e-01  3.42879934e+00  2.10252024e-02  4.80636606e-01\n   1.53071561e+00  4.89340009e+00]]", "nfev": "224", "njev": "32", "status": "0", "success": "True", "message": "Optimization terminated successfully.", "x": "[2.63169753 6.00604677 3.91461572 1.6192371  4.28156641 0.96174016]", "nit": "24"}, "14": {"maxiter": 500, "gtol": 1e-10, "xrtol": 1e-10, "eps": 1e-05, "duration": 0.05802202224731445, "fun": "0.3394812437337512", "jac": "[ 7.70494779e-09  4.21884749e-09 -4.70734562e-09 -3.41948692e-09\n  5.99520433e-09 -2.66453526e-09]", "hess_inv": "[[ 4.48182442e+00  2.06971883e-02  1.19714462e+00 -1.47464713e+00\n  -1.97880935e+00 -9.53949098e-01]\n [ 2.06971883e-02  2.78761400e+01  2.17619242e+01 -5.77534875e+00\n   4.98615929e+00  3.92347778e+00]\n [ 1.19714462e+00  2.17619242e+01  2.24131245e+01 -4.78697863e+00\n   2.11567574e+00  2.58401294e-01]\n [-1.47464713e+00 -5.77534875e+00 -4.78697863e+00  5.59224010e+00\n  -5.80624526e-01  3.63510059e-01]\n [-1.97880935e+00  4.98615929e+00  2.11567574e+00 -5.80624526e-01\n   5.42605844e+00  1.91689264e+00]\n [-9.53949098e-01  3.92347778e+00  2.58401294e-01  3.63510059e-01\n   1.91689264e+00  5.29761954e+00]]", "nfev": "341", "njev": "47", "status": "2", "success": "False", "message": "Desired error not necessarily achieved due to precision loss.", "x": "[2.63169321 6.00597358 3.91455427 1.61924764 4.28155332 0.96173083]", "nit": "26"}, "15": {"maxiter": 500, "gtol": 1e-10, "xrtol": 1e-10, "eps": 1e-10, "duration": 0.046460866928100586, "fun": "0.33948124360366194", "jac": "[0. 0. 0. 0. 0. 0.]", "hess_inv": "[[ 0.79905625 -0.52456783 -1.44002465  0.76007188 -0.31098665  0.6813781 ]\n [-0.52456783  2.16989751  2.14673453 -0.58580972 -2.11199018 -1.07152379]\n [-1.44002465  2.14673453  4.48712259 -1.45864004 -1.47415794 -0.54038009]\n [ 0.76007188 -0.58580972 -1.45864004  0.94828174 -0.38957264  0.64602788]\n [-0.31098665 -2.11199018 -1.47415794 -0.38957264  3.55067984  0.01800694]\n [ 0.6813781  -1.07152379 -0.54038009  0.64602788  0.01800694  1.89592059]]", "nfev": "273", "njev": "39", "status": "0", "success": "True", "message": "Optimization terminated successfully.", "x": "[2.63169728 6.00604656 3.91461521 1.61923635 4.28156697 0.96174053]", "nit": "28"}, "16": {"maxiter": 1000, "gtol": 1e-05, "xrtol": 1e-05, "eps": 1e-05, "duration": 0.03692317008972168, "fun": "0.3394812438239151", "jac": "[ 1.30579991e-06  4.53925786e-07 -9.52482537e-07  2.03230766e-06\n -1.49409374e-06  7.82129916e-07]", "hess_inv": "[[ 5.00549596e+00  7.52390033e-01  1.50363145e+00 -2.20098306e+00\n  -1.64722415e+00 -9.14632755e-01]\n [ 7.52390033e-01  2.46498279e+01  1.85238374e+01 -4.62555760e+00\n   4.17055322e+00  3.66608590e+00]\n [ 1.50363145e+00  1.85238374e+01  1.95527366e+01 -3.38761721e+00\n   1.10416463e+00  2.19814136e-02]\n [-2.20098306e+00 -4.62555760e+00 -3.38761721e+00  5.47130370e+00\n  -2.92084445e-01  3.60077307e-01]\n [-1.64722415e+00  4.17055322e+00  1.10416463e+00 -2.92084445e-01\n   5.25198813e+00  1.97459404e+00]\n [-9.14632755e-01  3.66608590e+00  2.19814136e-02  3.60077307e-01\n   1.97459404e+00  5.06364772e+00]]", "nfev": "217", "njev": "31", "status": "0", "success": "True", "message": "Optimization terminated successfully.", "x": "[2.63169712 6.00594929 3.91453158 1.61926027 4.28154311 0.96173322]", "nit": "23"}, "17": {"maxiter": 1000, "gtol": 1e-05, "xrtol": 1e-05, "eps": 1e-10, "duration": 0.03694272041320801, "fun": "0.33948124363983945", "jac": "[ 2.22044587e-06  1.11022293e-06 -1.11022293e-06  2.22044587e-06\n -2.22044587e-06  0.00000000e+00]", "hess_inv": "[[ 5.04658477  0.50712395  1.29333469 -2.29525774 -1.70534839 -0.87173078]\n [ 0.50712395 25.48969384 18.9789187  -4.50959348  4.59566716  4.04106175]\n [ 1.29333469 18.9789187  19.56616067 -3.24703319  1.44854248  0.37934909]\n [-2.29525774 -4.50959348 -3.24703319  5.51137454 -0.33091706  0.30680033]\n [-1.70534839  4.59566716  1.44854248 -0.33091706  5.42378101  2.09572769]\n [-0.87173078  4.04106175  0.37934909  0.30680033  2.09572769  5.09131231]]", "nfev": "217", "njev": "31", "status": "0", "success": "True", "message": "Optimization terminated successfully.", "x": "[2.63170678 6.00603699 3.91460779 1.61924531 4.28155367 0.96174048]", "nit": "23"}, "18": {"maxiter": 1000, "gtol": 1e-05, "xrtol": 1e-10, "eps": 1e-05, "duration": 0.03702282905578613, "fun": "0.3394812438239151", "jac": "[ 1.30579991e-06  4.53925786e-07 -9.52482537e-07  2.03230766e-06\n -1.49409374e-06  7.82129916e-07]", "hess_inv": "[[ 5.00549596e+00  7.52390033e-01  1.50363145e+00 -2.20098306e+00\n  -1.64722415e+00 -9.14632755e-01]\n [ 7.52390033e-01  2.46498279e+01  1.85238374e+01 -4.62555760e+00\n   4.17055322e+00  3.66608590e+00]\n [ 1.50363145e+00  1.85238374e+01  1.95527366e+01 -3.38761721e+00\n   1.10416463e+00  2.19814136e-02]\n [-2.20098306e+00 -4.62555760e+00 -3.38761721e+00  5.47130370e+00\n  -2.92084445e-01  3.60077307e-01]\n [-1.64722415e+00  4.17055322e+00  1.10416463e+00 -2.92084445e-01\n   5.25198813e+00  1.97459404e+00]\n [-9.14632755e-01  3.66608590e+00  2.19814136e-02  3.60077307e-01\n   1.97459404e+00  5.06364772e+00]]", "nfev": "217", "njev": "31", "status": "0", "success": "True", "message": "Optimization terminated successfully.", "x": "[2.63169712 6.00594929 3.91453158 1.61926027 4.28154311 0.96173322]", "nit": "23"}, "19": {"maxiter": 1000, "gtol": 1e-05, "xrtol": 1e-10, "eps": 1e-10, "duration": 0.03674030303955078, "fun": "0.33948124363983945", "jac": "[ 2.22044587e-06  1.11022293e-06 -1.11022293e-06  2.22044587e-06\n -2.22044587e-06  0.00000000e+00]", "hess_inv": "[[ 5.04658477  0.50712395  1.29333469 -2.29525774 -1.70534839 -0.87173078]\n [ 0.50712395 25.48969384 18.9789187  -4.50959348  4.59566716  4.04106175]\n [ 1.29333469 18.9789187  19.56616067 -3.24703319  1.44854248  0.37934909]\n [-2.29525774 -4.50959348 -3.24703319  5.51137454 -0.33091706  0.30680033]\n [-1.70534839  4.59566716  1.44854248 -0.33091706  5.42378101  2.09572769]\n [-0.87173078  4.04106175  0.37934909  0.30680033  2.09572769  5.09131231]]", "nfev": "217", "njev": "31", "status": "0", "success": "True", "message": "Optimization terminated successfully.", "x": "[2.63170678 6.00603699 3.91460779 1.61924531 4.28155367 0.96174048]", "nit": "23"}, "20": {"maxiter": 1000, "gtol": 1e-10, "xrtol": 1e-05, "eps": 1e-05, "duration": 0.03801298141479492, "fun": "0.3394812437479663", "jac": "[ 2.43327580e-07 -1.70197190e-08 -1.43685064e-07  6.27720098e-08\n -4.26769731e-08 -1.09945386e-07]", "hess_inv": "[[ 4.99469608  0.82321941  1.47378761 -2.13728192 -1.61555282 -0.81627113]\n [ 0.82321941 24.18549902 18.73110361 -5.05574749  3.96295306  3.00818886]\n [ 1.47378761 18.73110361 20.15448003 -3.94773163  1.19828965 -0.46557741]\n [-2.13728192 -5.05574749 -3.94773163  5.88758903 -0.48599949  0.59691013]\n [-1.61555282  3.96295306  1.19828965 -0.48599949  5.15917373  1.67881072]\n [-0.81627113  3.00818886 -0.46557741  0.59691013  1.67881072  5.01057903]]", "nfev": "224", "njev": "32", "status": "0", "success": "True", "message": "Optimization terminated successfully.", "x": "[2.6316942  6.00596892 3.91455053 1.61924844 4.28155194 0.96172985]", "nit": "24"}, "21": {"maxiter": 1000, "gtol": 1e-10, "xrtol": 1e-05, "eps": 1e-10, "duration": 0.037995100021362305, "fun": "0.3394812436038376", "jac": "[ 0.00000000e+00  1.11022293e-06  0.00000000e+00  2.22044587e-06\n  0.00000000e+00 -2.22044587e-06]", "hess_inv": "[[ 4.98316847e+00  9.70143065e-01  1.42835320e+00 -2.09250019e+00\n  -1.50649220e+00 -5.07685912e-01]\n [ 9.70143065e-01  2.43211172e+01  1.84437540e+01 -4.54343746e+00\n   3.76717255e+00  3.42879934e+00]\n [ 1.42835320e+00  1.84437540e+01  1.93705003e+01 -3.38402936e+00\n   1.15216250e+00  2.10252024e-02]\n [-2.09250019e+00 -4.54343746e+00 -3.38402936e+00  5.80905773e+00\n  -5.59039908e-01  4.80636606e-01]\n [-1.50649220e+00  3.76717255e+00  1.15216250e+00 -5.59039908e-01\n   4.97591298e+00  1.53071561e+00]\n [-5.07685912e-01  3.42879934e+00  2.10252024e-02  4.80636606e-01\n   1.53071561e+00  4.89340009e+00]]", "nfev": "224", "njev": "32", "status": "0", "success": "True", "message": "Optimization terminated successfully.", "x": "[2.63169753 6.00604677 3.91461572 1.6192371  4.28156641 0.96174016]", "nit": "24"}, "22": {"maxiter": 1000, "gtol": 1e-10, "xrtol": 1e-10, "eps": 1e-05, "duration": 0.05791163444519043, "fun": "0.3394812437337512", "jac": "[ 7.70494779e-09  4.21884749e-09 -4.70734562e-09 -3.41948692e-09\n  5.99520433e-09 -2.66453526e-09]", "hess_inv": "[[ 4.48182442e+00  2.06971883e-02  1.19714462e+00 -1.47464713e+00\n  -1.97880935e+00 -9.53949098e-01]\n [ 2.06971883e-02  2.78761400e+01  2.17619242e+01 -5.77534875e+00\n   4.98615929e+00  3.92347778e+00]\n [ 1.19714462e+00  2.17619242e+01  2.24131245e+01 -4.78697863e+00\n   2.11567574e+00  2.58401294e-01]\n [-1.47464713e+00 -5.77534875e+00 -4.78697863e+00  5.59224010e+00\n  -5.80624526e-01  3.63510059e-01]\n [-1.97880935e+00  4.98615929e+00  2.11567574e+00 -5.80624526e-01\n   5.42605844e+00  1.91689264e+00]\n [-9.53949098e-01  3.92347778e+00  2.58401294e-01  3.63510059e-01\n   1.91689264e+00  5.29761954e+00]]", "nfev": "341", "njev": "47", "status": "2", "success": "False", "message": "Desired error not necessarily achieved due to precision loss.", "x": "[2.63169321 6.00597358 3.91455427 1.61924764 4.28155332 0.96173083]", "nit": "26"}, "23": {"maxiter": 1000, "gtol": 1e-10, "xrtol": 1e-10, "eps": 1e-10, "duration": 0.046605825424194336, "fun": "0.33948124360366194", "jac": "[0. 0. 0. 0. 0. 0.]", "hess_inv": "[[ 0.79905625 -0.52456783 -1.44002465  0.76007188 -0.31098665  0.6813781 ]\n [-0.52456783  2.16989751  2.14673453 -0.58580972 -2.11199018 -1.07152379]\n [-1.44002465  2.14673453  4.48712259 -1.45864004 -1.47415794 -0.54038009]\n [ 0.76007188 -0.58580972 -1.45864004  0.94828174 -0.38957264  0.64602788]\n [-0.31098665 -2.11199018 -1.47415794 -0.38957264  3.55067984  0.01800694]\n [ 0.6813781  -1.07152379 -0.54038009  0.64602788  0.01800694  1.89592059]]", "nfev": "273", "njev": "39", "status": "0", "success": "True", "message": "Optimization terminated successfully.", "x": "[2.63169728 6.00604656 3.91461521 1.61923635 4.28156697 0.96174053]", "nit": "28"}}, "cobyla": {"0": {"maxiter": 100, "tol": 1e-05, "catol": 1e-05, "duration": 0.016407012939453125, "x": "[2.63476983 5.71358565 3.67512067 1.66545437 4.21925103 0.91662501]", "status": "2", "success": "False", "message": "Maximum number of function evaluations has been exceeded.", "nfev": "100", "fun": "0.3410266448000123", "maxcv": "0.0"}, "1": {"maxiter": 100, "tol": 1e-05, "catol": 1e-10, "duration": 0.01637721061706543, "x": "[2.63476983 5.71358565 3.67512067 1.66545437 4.21925103 0.91662501]", "status": "2", "success": "False", "message": "Maximum number of function evaluations has been exceeded.", "nfev": "100", "fun": "0.3410266448000123", "maxcv": "0.0"}, "2": {"maxiter": 100, "tol": 1e-10, "catol": 1e-05, "duration": 0.016309022903442383, "x": "[2.63476983 5.71358565 3.67512067 1.66545437 4.21925103 0.91662501]", "status": "2", "success": "False", "message": "Maximum number of function evaluations has been exceeded.", "nfev": "100", "fun": "0.3410266448000123", "maxcv": "0.0"}, "3": {"maxiter": 100, "tol": 1e-10, "catol": 1e-10, "duration": 0.016283273696899414, "x": "[2.63476983 5.71358565 3.67512067 1.66545437 4.21925103 0.91662501]", "status": "2", "success": "False", "message": "Maximum number of function evaluations has been exceeded.", "nfev": "100", "fun": "0.3410266448000123", "maxcv": "0.0"}, "4": {"maxiter": 500, "tol": 1e-05, "catol": 1e-05, "duration": 0.08141279220581055, "x": "[2.63168468 6.00565622 3.91424648 1.61932393 4.28153244 0.96171771