{"date": "2024/07/19/, 18:54:09", "conf_id": 283, "data_type": "var_s_rank\n", "num_data_points": 3, "s_rank": 0, "unitary": "[[-0.53618537-0.34368723j,-0.12107031-0.46226139j,-0.07699282-0.46603512j,0.36022595-0.11472301j],[0.26026499-0.63450712j,-0.56616638+0.37832564j,-0.14988651+0.08458591j,0.10363514-0.16008501j],[-0.32580188-0.11070003j,-0.36476308-0.23593218j,0.02559343+0.41761608j,-0.25598305+0.6725303j],[0.07406738-0.0126433j,0.28513701+0.19483972j,-0.74939717-0.10299659j,0.29798249+0.46269921j]]", "databatch_0": {"databatch": "[[[-0.05846684+0.12556223j,0.12987867+0.03408661j,0.03478228+0.23622828j,-0.05671158-0.2119804j],[0.01289292-0.251969j,-0.24259251+0.03122224j,-0.22019671-0.37508448j,0.24064908+0.31915391j],[-0.05224032+0.14924897j,0.15139913+0.02405552j,0.06619466+0.26443997j,-0.08836895-0.23441631j],[-0.12970789-0.10036108j,-0.07333551+0.14106962j,-0.28189726-0.02162232j,0.25963147-0.01004434j]],[[-0.12441008-0.19868305j,0.13749586+0.15960834j,-0.12770376-0.02244662j,0.13720732-0.05966359j],[-0.08809272+0.03178349j,0.07394177-0.04019564j,-0.01955836+0.04796557j,-0.01169888-0.05861651j],[-0.45425747-0.14638957j,0.42341568+0.06836845j,-0.22834919+0.13244963j,0.1355096-0.27281047j],[-0.32431505-0.00084836j,0.28822048-0.04328018j,-0.12043282+0.13294618j,0.0313177-0.2046112j]],[[-0.19704713+0.03616752j,0.50162965-0.0383676j,0.37072445+0.16691981j,-0.06586443+0.23190786j],[-0.02372547+0.16835234j,0.1036396-0.41417721j,0.23381963-0.25372307j,0.16905669+0.11522582j],[0.0863683+0.02628001j,-0.20876173-0.08840261j,-0.11389035-0.14351061j,0.07433907-0.07921918j],[-0.01061683-0.01947505j,0.02137888+0.05143512j,-0.00473927+0.04476406j,-0.02666938+0.00109034j]]]", "initial param values": "[1.3118763,1.31716132,2.76141455,5.95620726,0.06046428,2.89582775]", "nelder_mead": {"type": "gradient-free", "0": {"maxiter": 100, "fatol": 1e-05, "xatol": 1e-05, "duration": 0.025825023651123047, "fun": "0.38195532343225624", "nit": "100", "nfev": "151", "status": "2", "success": "False", "message": "Maximum number of iterations has been exceeded.", "x": "[ 1.56429616  2.2479774   3.86123444  4.18992012 -0.05204681  6.67463496]", "final_simplex": "(array([[ 1.56429616,  2.2479774 ,  3.86123444,  4.18992012, -0.05204681,\n         6.67463496],\n       [ 1.5479584 ,  2.26007436,  3.7872032 ,  4.14623011, -0.0502497 ,\n         6.62294311],\n       [ 1.59586336,  2.22667454,  3.90408686,  4.16584888, -0.05279613,\n         6.67568032],\n       [ 1.58849332,  2.22677537,  3.87987828,  4.18653038, -0.05071329,\n         6.62826819],\n       [ 1.59473699,  2.21632563,  3.81756802,  4.1430579 , -0.05033246,\n         6.66671412],\n       [ 1.6025039 ,  2.26733999,  3.82794236,  4.14421153, -0.05322808,\n         6.65050343],\n       [ 1.56491604,  2.30385194,  3.83688339,  4.09434224, -0.05440839,\n         6.72223228]]), array([0.38195532, 0.38206241, 0.38225386, 0.38242265, 0.38251979,\n       0.38301756, 0.38303256]))"}, "1": {"maxiter": 100, "fatol": 1e-05, "xatol": 1e-10, "duration": 0.025761127471923828, "fun": "0.38195532343225624", "nit": "100", "nfev": "151", "status": "2", "success": "False", "message": "Maximum number of iterations has been exceeded.", "x": "[ 1.56429616  2.2479774   3.86123444  4.18992012 -0.05204681  6.67463496]", "final_simplex": "(array([[ 1.56429616,  2.2479774 ,  3.86123444,  4.18992012, -0.05204681,\n         6.67463496],\n       [ 1.5479584 ,  2.26007436,  3.7872032 ,  4.14623011, -0.0502497 ,\n         6.62294311],\n       [ 1.59586336,  2.22667454,  3.90408686,  4.16584888, -0.05279613,\n         6.67568032],\n       [ 1.58849332,  2.22677537,  3.87987828,  4.18653038, -0.05071329,\n         6.62826819],\n       [ 1.59473699,  2.21632563,  3.81756802,  4.1430579 , -0.05033246,\n         6.66671412],\n       [ 1.6025039 ,  2.26733999,  3.82794236,  4.14421153, -0.05322808,\n         6.65050343],\n       [ 1.56491604,  2.30385194,  3.83688339,  4.09434224, -0.05440839,\n         6.72223228]]), array([0.38195532, 0.38206241, 0.38225386, 0.38242265, 0.38251979,\n       0.38301756, 0.38303256]))"}, "2": {"maxiter": 100, "fatol": 1e-10, "xatol": 1e-05, "duration": 0.02571392059326172, "fun": "0.38195532343225624", "nit": "100", "nfev": "151", "status": "2", "success": "False", "message": "Maximum number of iterations has been exceeded.", "x": "[ 1.56429616  2.2479774   3.86123444  4.18992012 -0.05204681  6.67463496]", "final_simplex": "(array([[ 1.56429616,  2.2479774 ,  3.86123444,  4.18992012, -0.05204681,\n         6.67463496],\n       [ 1.5479584 ,  2.26007436,  3.7872032 ,  4.14623011, -0.0502497 ,\n         6.62294311],\n       [ 1.59586336,  2.22667454,  3.90408686,  4.16584888, -0.05279613,\n         6.67568032],\n       [ 1.58849332,  2.22677537,  3.87987828,  4.18653038, -0.05071329,\n         6.62826819],\n       [ 1.59473699,  2.21632563,  3.81756802,  4.1430579 , -0.05033246,\n         6.66671412],\n       [ 1.6025039 ,  2.26733999,  3.82794236,  4.14421153, -0.05322808,\n         6.65050343],\n       [ 1.56491604,  2.30385194,  3.83688339,  4.09434224, -0.05440839,\n         6.72223228]]), array([0.38195532, 0.38206241, 0.38225386, 0.38242265, 0.38251979,\n       0.38301756, 0.38303256]))"}, "3": {"maxiter": 100, "fatol": 1e-10, "xatol": 1e-10, "duration": 0.025713205337524414, "fun": "0.38195532343225624", "nit": "100", "nfev": "151", "status": "2", "success": "False", "message": "Maximum number of iterations has been exceeded.", "x": "[ 1.56429616  2.2479774   3.86123444  4.18992012 -0.05204681  6.67463496]", "final_simplex": "(array([[ 1.56429616,  2.2479774 ,  3.86123444,  4.18992012, -0.05204681,\n         6.67463496],\n       [ 1.5479584 ,  2.26007436,  3.7872032 ,  4.14623011, -0.0502497 ,\n         6.62294311],\n       [ 1.59586336,  2.22667454,  3.90408686,  4.16584888, -0.05279613,\n         6.67568032],\n       [ 1.58849332,  2.22677537,  3.87987828,  4.18653038, -0.05071329,\n         6.62826819],\n       [ 1.59473699,  2.21632563,  3.81756802,  4.1430579 , -0.05033246,\n         6.66671412],\n       [ 1.6025039 ,  2.26733999,  3.82794236,  4.14421153, -0.05322808,\n         6.65050343],\n       [ 1.56491604,  2.30385194,  3.83688339,  4.09434224, -0.05440839,\n         6.72223228]]), array([0.38195532, 0.38206241, 0.38225386, 0.38242265, 0.38251979,\n       0.38301756, 0.38303256]))"}, "4": {"maxiter": 500, "fatol": 1e-05, "xatol": 1e-05, "duration": 0.13006210327148438, "fun": "0.24461140766471134", "nit": "500", "nfev": "763", "status": "2", "success": "False", "message": "Maximum number of iterations has been exceeded.", "x": "[1.53536026 2.83219687 4.69264567 5.6639654  1.50723656 8.45554723]", "final_simplex": "(array([[1.53536026, 2.83219687, 4.69264567, 5.6639654 , 1.50723656,\n        8.45554723],\n       [1.53537679, 2.83221487, 4.69266784, 5.6639792 , 1.50716165,\n        8.45558721],\n       [1.5353472 , 2.83216394, 4.69260928, 5.66385514, 1.50720975,\n        8.45548363],\n       [1.5353227 , 2.83221696, 4.69268989, 5.66390615, 1.5071391 ,\n        8.45560197],\n       [1.53533606, 2.8321759 , 4.69268022, 5.6639768 , 1.50712375,\n        8.45562577],\n       [1.53535508, 2.83220993, 4.69270827, 5.66405523, 1.50723872,\n        8.45552031],\n       [1.53532745, 2.83224388, 4.69258883, 5.66389939, 1.50719393,\n        8.45556914]]), array([0.24461141, 0.24461141, 0.24461141, 0.24461141, 0.24461141,\n       0.24461141, 0.24461141]))"}, "5": {"maxiter": 500, "fatol": 1e-05, "xatol": 1e-10, "duration": 0.12985706329345703, "fun": "0.24461140766471134", "nit": "500", "nfev": "763", "status": "2", "success": "False", "message": "Maximum number of iterations has been exceeded.", "x": "[1.53536026 2.83219687 4.69264567 5.6639654  1.50723656 8.45554723]", "final_simplex": "(array([[1.53536026, 2.83219687, 4.69264567, 5.6639654 , 1.50723656,\n        8.45554723],\n       [1.53537679, 2.83221487, 4.69266784, 5.6639792 , 1.50716165,\n        8.45558721],\n       [1.5353472 , 2.83216394, 4.69260928, 5.66385514, 1.50720975,\n        8.45548363],\n       [1.5353227 , 2.83221696, 4.69268989, 5.66390615, 1.5071391 ,\n        8.45560197],\n       [1.53533606, 2.8321759 , 4.69268022, 5.6639768 , 1.50712375,\n        8.45562577],\n       [1.53535508, 2.83220993, 4.69270827, 5.66405523, 1.50723872,\n        8.45552031],\n       [1.53532745, 2.83224388, 4.69258883, 5.66389939, 1.50719393,\n        8.45556914]]), array([0.24461141, 0.24461141, 0.24461141, 0.24461141, 0.24461141,\n       0.24461141, 0.24461141]))"}, "6": {"maxiter": 500, "fatol": 1e-10, "xatol": 1e-05, "duration": 0.1298229694366455, "fun": "0.24461140766471134", "nit": "500", "nfev": "763", "status": "2", "success": "False", "message": "Maximum number of iterations has been exceeded.", "x": "[1.53536026 2.83219687 4.69264567 5.6639654  1.50723656 8.45554723]", "final_simplex": "(array([[1.53536026, 2.83219687, 4.69264567, 5.6639654 , 1.50723656,\n        8.45554723],\n       [1.53537679, 2.83221487, 4.69266784, 5.6639792 , 1.50716165,\n        8.45558721],\n       [1.5353472 , 2.83216394, 4.69260928, 5.66385514, 1.50720975,\n        8.45548363],\n       [1.5353227 , 2.83221696, 4.69268989, 5.66390615, 1.5071391 ,\n        8.45560197],\n       [1.53533606, 2.8321759 , 4.69268022, 5.6639768 , 1.50712375,\n        8.45562577],\n       [1.53535508, 2.83220993, 4.69270827, 5.66405523, 1.50723872,\n        8.45552031],\n       [1.53532745, 2.83224388, 4.69258883, 5.66389939, 1.50719393,\n        8.45556914]]), array([0.24461141, 0.24461141, 0.24461141, 0.24461141, 0.24461141,\n       0.24461141, 0.24461141]))"}, "7": {"maxiter": 500, "fatol": 1e-10, "xatol": 1e-10, "duration": 0.13013410568237305, "fun": "0.24461140766471134", "nit": "500", "nfev": "763", "status": "2", "success": "False", "message": "Maximum number of iterations has been exceeded.", "x": "[1.53536026 2.83219687 4.69264567 5.6639654  1.50723656 8.45554723]", "final_simplex": "(array([[1.53536026, 2.83219687, 4.69264567, 5.6639654 , 1.50723656,\n        8.45554723],\n       [1.53537679, 2.83221487, 4.69266784, 5.6639792 , 1.50716165,\n        8.45558721],\n       [1.5353472 , 2.83216394, 4.69260928, 5.66385514, 1.50720975,\n        8.45548363],\n       [1.5353227 , 2.83221696, 4.69268989, 5.66390615, 1.5071391 ,\n        8.45560197],\n       [1.53533606, 2.8321759 , 4.69268022, 5.6639768 , 1.50712375,\n        8.45562577],\n       [1.53535508, 2.83220993, 4.69270827, 5.66405523, 1.50723872,\n        8.45552031],\n       [1.53532745, 2.83224388, 4.69258883, 5.66389939, 1.50719393,\n        8.45556914]]), array([0.24461141, 0.24461141, 0.24461141, 0.24461141, 0.24461141,\n       0.24461141, 0.24461141]))"}, "8": {"maxiter": 1000, "fatol": 1e-05, "xatol": 1e-05, "duration": 0.13947796821594238, "fun": "0.24461140727210573", "nit": "532", "nfev": "821", "status": "0", "success": "True", "message": "Optimization terminated successfully.", "x": "[1.5353527  2.83220604 4.69265974 5.66392049 1.50719826 8.45552835]", "final_simplex": "(array([[1.5353527 , 2.83220604, 4.69265974, 5.66392049, 1.50719826,\n        8.45552835],\n       [1.53535272, 2.8322072 , 4.69265255, 5.66391217, 1.5072048 ,\n        8.45552104],\n       [1.5353531 , 2.83220824, 4.69265651, 5.66392019, 1.50720113,\n        8.45552477],\n       [1.53535054, 2.83220776, 4.69265536, 5.66391813, 1.50720205,\n        8.45552664],\n       [1.53535377, 2.83220636, 4.6926564 , 5.66392251, 1.50720457,\n        8.45552503],\n       [1.53535331, 2.83221146, 4.69265932, 5.6639185 , 1.5072037 ,\n        8.45552387],\n       [1.53535064, 2.83220715, 4.69265539, 5.66391605, 1.50720744,\n        8.45551835]]), array([0.24461141, 0.24461141, 0.24461141, 0.24461141, 0.24461141,\n       0.24461141, 0.24461141]))"}, "9": {"maxiter": 1000, "fatol": 1e-05, "xatol": 1e-10, "duration": 0.1757678985595703, "fun": "0.24461140727026898", "nit": "626", "nfev": "1032", "status": "0", "success": "True", "message": "Optimization terminated successfully.", "x": "[1.53535362 2.83220716 4.69265821 5.66391757 1.50720185 8.45552606]", "final_simplex": "(array([[1.53535362, 2.83220716, 4.69265821, 5.66391757, 1.50720185,\n        8.45552606],\n       [1.53535362, 2.83220716, 4.69265821, 5.66391757, 1.50720185,\n        8.45552606],\n       [1.53535362, 2.83220716, 4.69265821, 5.66391757, 1.50720185,\n        8.45552606],\n       [1.53535362, 2.83220716, 4.69265821, 5.66391757, 1.50720185,\n        8.45552606],\n       [1.53535362, 2.83220716, 4.69265821, 5.66391757, 1.50720185,\n        8.45552606],\n       [1.53535362, 2.83220716, 4.69265821, 5.66391757, 1.50720185,\n        8.45552606],\n       [1.53535362, 2.83220716, 4.69265821, 5.66391757, 1.50720185,\n        8.45552606]]), array([0.24461141, 0.24461141, 0.24461141, 0.24461141, 0.24461141,\n       0.24461141, 0.24461141]))"}, "10": {"maxiter": 1000, "fatol": 1e-10, "xatol": 1e-05, "duration": 0.13996601104736328, "fun": "0.24461140727210573", "nit": "532", "nfev": "821", "status": "0", "success": "True", "message": "Optimization terminated successfully.", "x": "[1.5353527  2.83220604 4.69265974 5.66392049 1.50719826 8.45552835]", "final_simplex": "(array([[1.5353527 , 2.83220604, 4.69265974, 5.66392049, 1.50719826,\n        8.45552835],\n       [1.53535272, 2.8322072 , 4.69265255, 5.66391217, 1.5072048 ,\n        8.45552104],\n       [1.5353531 , 2.83220824, 4.69265651, 5.66392019, 1.50720113,\n        8.45552477],\n       [1.53535054, 2.83220776, 4.69265536, 5.66391813, 1.50720205,\n        8.45552664],\n       [1.53535377, 2.83220636, 4.6926564 , 5.66392251, 1.50720457,\n        8.45552503],\n       [1.53535331, 2.83221146, 4.69265932, 5.6639185 , 1.5072037 ,\n        8.45552387],\n       [1.53535064, 2.83220715, 4.69265539, 5.66391605, 1.50720744,\n        8.45551835]]), array([0.24461141, 0.24461141, 0.24461141, 0.24461141, 0.24461141,\n       0.24461141, 0.24461141]))"}, "11": {"maxiter": 1000, "fatol": 1e-10, "xatol": 1e-10, "duration": 0.17567682266235352, "fun": "0.24461140727026898", "nit": "626", "nfev": "1032", "status": "0", "success": "True", "message": "Optimization terminated successfully.", "x": "[1.53535362 2.83220716 4.69265821 5.66391757 1.50720185 8.45552606]", "final_simplex": "(array([[1.53535362, 2.83220716, 4.69265821, 5.66391757, 1.50720185,\n        8.45552606],\n       [1.53535362, 2.83220716, 4.69265821, 5.66391757, 1.50720185,\n        8.45552606],\n       [1.53535362, 2.83220716, 4.69265821, 5.66391757, 1.50720185,\n        8.45552606],\n       [1.53535362, 2.83220716, 4.69265821, 5.66391757, 1.50720185,\n        8.45552606],\n       [1.53535362, 2.83220716, 4.69265821, 5.66391757, 1.50720185,\n        8.45552606],\n       [1.53535362, 2.83220716, 4.69265821, 5.66391757, 1.50720185,\n        8.45552606],\n       [1.53535362, 2.83220716, 4.69265821, 5.66391757, 1.50720185,\n        8.45552606]]), array([0.24461141, 0.24461141, 0.24461141, 0.24461141, 0.24461141,\n       0.24461141, 0.24461141]))"}}, "bfgs": {"type": "gradient", "0": {"maxiter": 100, "gtol": 1e-05, "xrtol": 1e-05, "eps": 1e-05, "duration": 0.04489493370056152, "fun": "0.24461140735077036", "jac": "[-1.18816068e-06 -1.72800663e-06  5.04263298e-07 -1.63834502e-06\n  2.53987942e-06  2.46824783e-06]", "hess_inv": "[[  3.3611521   -0.38345783   1.93773548   0.79103362  -1.15568196\n    2.09454516]\n [ -0.38345783   3.42328401   0.2890168    1.06761535   0.26444384\n   -0.53446738]\n [  1.93773548   0.2890168   10.57698915   5.10442203  -6.56683773\n    7.56429716]\n [  0.79103362   1.06761535   5.10442203  11.02560772  -1.62402543\n    4.55578978]\n [ -1.15568196   0.26444384  -6.56683773  -1.62402543  12.53346841\n  -10.7571953 ]\n [  2.09454516  -0.53446738   7.56429716   4.55578978 -10.7571953\n   13.76906704]]", "nfev": "259", "njev": "37", "status": "0", "success": "True", "message": "Optimization terminated successfully.", "x": "[1.53534237 2.83219282 4.69263511 5.66388646 1.50720966 2.17232837]", "nit": "27"}, "1": {"maxiter": 100, "gtol": 1e-05, "xrtol": 1e-05, "eps": 1e-10, "duration": 0.0447688102722168, "fun": "0.24461140744320364", "jac": "[ 2.22044587e-06 -1.11022293e-06  0.00000000e+00 -2.22044587e-06\n  2.22044587e-06  2.22044587e-06]", "hess_inv": "[[  3.42624138  -0.41526915   2.06787031   0.9008782   -1.18402785\n    2.16664974]\n [ -0.41526915   3.33605159   0.15169583   0.76633959   0.28551539\n   -0.71491534]\n [  2.06787031   0.15169583  10.94667001   5.45153324  -6.57491491\n    7.65556072]\n [  0.9008782    0.76633959   5.45153324  11.22881645  -1.61385347\n    4.46088584]\n [ -1.18402785   0.28551539  -6.57491491  -1.61385347  12.36816226\n  -10.58524628]\n [  2.16664974  -0.71491534   7.65556072   4.46088584 -10.58524628\n   13.47815648]]", "nfev": "259", "njev": "37", "status": "0", "success": "True", "message": "Optimization terminated successfully.", "x": "[1.53534979 2.83219609 4.69262483 5.66385871 1.50721442 2.17231494]", "nit": "27"}, "2": {"maxiter": 100, "gtol": 1e-05, "xrtol": 1e-10, "eps": 1e-05, "duration": 0.0447998046875, "fun": "0.24461140735077036", "jac": "[-1.18816068e-06 -1.72800663e-06  5.04263298e-07 -1.63834502e-06\n  2.53987942e-06  2.46824783e-06]", "hess_inv": "[[  3.3611521   -0.38345783   1.93773548   0.79103362  -1.15568196\n    2.09454516]\n [ -0.38345783   3.42328401   0.2890168    1.06761535   0.26444384\n   -0.53446738]\n [  1.93773548   0.2890168   10.57698915   5.10442203  -6.56683773\n    7.56429716]\n [  0.79103362   1.06761535   5.10442203  11.02560772  -1.62402543\n    4.55578978]\n [ -1.15568196   0.26444384  -6.56683773  -1.62402543  12.53346841\n  -10.7571953 ]\n [  2.09454516  -0.53446738   7.56429716   4.55578978 -10.7571953\n   13.76906704]]", "nfev": "259", "njev": "37", "status": "0", "success": "True", "message": "Optimization terminated successfully.", "x": "[1.53534237 2.83219282 4.69263511 5.66388646 1.50720966 2.17232837]", "nit": "27"}, "3": {"maxiter": 100, "gtol": 1e-05, "xrtol": 1e-10, "eps": 1e-10, "duration": 0.045027971267700195, "fun": "0.24461140744320364", "jac": "[ 2.22044587e-06 -1.11022293e-06  0.00000000e+00 -2.22044587e-06\n  2.22044587e-06  2.22044587e-06]", "hess_inv": "[[  3.42624138  -0.41526915   2.06787031   0.9008782   -1.18402785\n    2.16664974]\n [ -0.41526915   3.33605159   0.15169583   0.76633959   0.28551539\n   -0.71491534]\n [  2.06787031   0.15169583  10.94667001   5.45153324  -6.57491491\n    7.65556072]\n [  0.9008782    0.76633959   5.45153324  11.22881645  -1.61385347\n    4.46088584]\n [ -1.18402785   0.28551539  -6.57491491  -1.61385347  12.36816226\n  -10.58524628]\n [  2.16664974  -0.71491534   7.65556072   4.46088584 -10.58524628\n   13.47815648]]", "nfev": "259", "njev": "37", "status": "0", "success": "True", "message": "Optimization terminated successfully.", "x": "[1.53534979 2.83219609 4.69262483 5.66385871 1.50721442 2.17231494]", "nit": "27"}, "4": {"maxiter": 100, "gtol": 1e-10, "xrtol": 1e-05, "eps": 1e-05, "duration": 0.0466001033782959, "fun": "0.24461140731104936", "jac": "[-1.50590651e-07  1.19926291e-07 -2.24975594e-07  3.79918319e-08\n -1.96509475e-07  4.49196236e-08]", "hess_inv": "[[  3.3927006   -0.28126876   1.9636471    0.8487087   -1.20476989\n    2.0724442 ]\n [ -0.28126876   3.66443203   0.29601374   1.00822077   0.20158703\n   -0.59290998]\n [  1.9636471    0.29601374  10.5323997    4.94098419  -6.52483515\n    7.55739981]\n [  0.8487087    1.00822077   4.94098419  10.45639779  -1.45031721\n    4.55140468]\n [ -1.20476989   0.20158703  -6.52483515  -1.45031721  12.50697132\n  -10.73687241]\n [  2.0724442   -0.59290998   7.55739981   4.55140468 -10.73687241\n   13.78262665]]", "nfev": "266", "njev": "38", "status": "0", "success": "True", "message": "Optimization terminated successfully.", "x": "[1.53534426 2.83220127 4.69263865 5.6638963  1.50720423 2.17232671]", "nit": "28"}, "5": {"maxiter": 100, "gtol": 1e-10, "xrtol": 1e-05, "eps": 1e-10, "duration": 0.04654884338378906, "fun": "0.24461140738321718", "jac": "[ 1.11022293e-06  1.11022293e-06  1.11022293e-06 -2.22044587e-06\n -3.33066880e-06  0.00000000e+00]", "hess_inv": "[[  3.38063151  -0.44290355   2.1851475    1.2057245   -1.22340917\n    2.2572527 ]\n [ -0.44290355   3.45906897   0.04142268   0.52216969   0.29041992\n   -0.87071533]\n [  2.1851475    0.04142268  10.88037661   5.22411014  -6.51097402\n    7.69595453]\n [  1.2057245    0.52216969   5.22411014  10.5073354   -1.4389066\n    4.50185829]\n [ -1.22340917   0.29041992  -6.51097402  -1.4389066   12.34007927\n  -10.55038084]\n [  2.2572527   -0.87071533   7.69595453   4.50185829 -10.55038084\n   13.61580745]]", "nfev": "266", "njev": "38", "status": "0", "success": "True", "message": "Optimization terminated successfully.", "x": "[1.53534217 2.83220336 4.69262899 5.66387314 1.50721029 2.17231215]", "nit": "28"}, "6": {"maxiter": 100, "gtol": 1e-10, "xrtol": 1e-10, "eps": 1e-05, "duration": 0.07217907905578613, "fun": "0.24461140730817477", "jac": "[-5.55111512e-11 -1.11022302e-11  1.33226763e-10 -4.44089210e-11\n  4.44089210e-11  3.33066907e-11]", "hess_inv": "[[  3.44219865  -0.1313808    1.90790168   1.06178122  -0.9517557\n    1.79578362]\n [ -0.1313808    3.5606921    0.37625959   1.02195612   0.57367698\n   -0.8590535 ]\n [  1.90790168   0.37625959  10.9954818    4.90464588  -7.09524072\n    7.80157406]\n [  1.06178122   1.02195612   4.90464588  10.61104076  -0.70057483\n    3.85014195]\n [ -0.9517557    0.57367698  -7.09524072  -0.70057483  13.82771618\n  -11.75891666]\n [  1.79578362  -0.8590535    7.80157406   3.85014195 -11.75891666\n   14.46148162]]", "nfev": "417", "njev": "58", "status": "2", "success": "False", "message": "Desired error not necessarily achieved due to precision loss.", "x": "[1.53534492 2.83220102 4.69263946 5.66389673 1.50720572 2.1723257 ]", "nit": "31"}, "7": {"maxiter": 100, "gtol": 1e-10, "xrtol": 1e-10, "eps": 1e-10, "duration": 0.0682365894317627, "fun": "0.24461140731847086", "jac": "[-4.44089173e-06  0.00000000e+00 -1.11022293e-06 -1.11022293e-06\n  0.00000000e+00  0.00000000e+00]", "hess_inv": "[[ 1.24060934 -0.21193458 -0.99904728 -1.6154599   0.43327083 -1.17053579]\n [-0.21193458  3.83611419  0.1588433   3.12243582  1.8045211   0.36506983]\n [-0.99904728  0.1588433   3.54101341  2.21980849  0.79930404  1.8013281 ]\n [-1.6154599   3.12243582  2.21980849 14.72398772  2.38746499  8.10373671]\n [ 0.43327083  1.8045211   0.79930404  2.38746499  3.26766893 -0.8830729 ]\n [-1.17053579  0.36506983  1.8013281   8.10373671 -0.8830729   7.05722948]]", "nfev": "399", "njev": "57", "status": "0", "success": "True", "message": "Optimization terminated successfully.", "x": "[1.53534112 2.83220985 4.69263195 5.66390533 1.5072238  2.17231914]", "nit": "32"}, "8": {"maxiter": 500, "gtol": 1e-05, "xrtol": 1e-05, "eps": 1e-05, "duration": 0.04445219039916992, "fun": "0.24461140735077036", "jac": "[-1.18816068e-06 -1.72800663e-06  5.04263298e-07 -1.63834502e-06\n  2.53987942e-06  2.46824783e-06]", "hess_inv": "[[  3.3611521   -0.38345783   1.93773548   0.79103362  -1.15568196\n    2.09454516]\n [ -0.38345783   3.42328401   0.2890168    1.06761535   0.26444384\n   -0.53446738]\n [  1.93773548   0.2890168   10.57698915   5.10442203  -6.56683773\n    7.56429716]\n [  0.79103362   1.06761535   5.10442203  11.02560772  -1.62402543\n    4.55578978]\n [ -1.15568196   0.26444384  -6.56683773  -1.62402543  12.53346841\n  -10.7571953 ]\n [  2.09454516  -0.53446738   7.56429716   4.55578978 -10.7571953\n   13.76906704]]", "nfev": "259", "njev": "37", "status": "0", "success": "True", "message": "Optimization terminated successfully.", "x": "[1.53534237 2.83219282 4.69263511 5.66388646 1.50720966 2.17232837]", "nit": "27"}, "9": {"maxiter": 500, "gtol": 1e-05, "xrtol": 1e-05, "eps": 1e-10, "duration": 0.04436492919921875, "fun": "0.24461140744320364", "jac": "[ 2.22044587e-06 -1.11022293e-06  0.00000000e+00 -2.22044587e-06\n  2.22044587e-06  2.22044587e-06]", "hess_inv": "[[  3.42624138  -0.41526915   2.06787031   0.9008782   -1.18402785\n    2.16664974]\n [ -0.41526915   3.33605159   0.15169583   0.76633959   0.28551539\n   -0.71491534]\n [  2.06787031   0.15169583  10.94667001   5.45153324  -6.57491491\n    7.65556072]\n [  0.9008782    0.76633959   5.45153324  11.22881645  -1.61385347\n    4.46088584]\n [ -1.18402785   0.28551539  -6.57491491  -1.61385347  12.36816226\n  -10.58524628]\n [  2.16664974  -0.71491534   7.65556072   4.46088584 -10.58524628\n   13.47815648]]", "nfev": "259", "njev": "37", "status": "0", "success": "True", "message": "Optimization terminated successfully.", "x": "[1.53534979 2.83219609 4.69262483 5.66385871 1.50721442 2.17231494]", "nit": "27"}, "10": {"maxiter": 500, "gtol": 1e-05, "xrtol": 1e-10, "eps": 1e-05, "duration": 0.04441690444946289, "fun": "0.24461140735077036", "jac": "[-1.18816068e-06 -1.72800663e-06  5.04263298e-07 -1.63834502e-06\n  2.53987942e-06  2.46824783e-06]", "hess_inv": "[[  3.3611521   -0.38345783   1.93773548   0.79103362  -1.15568196\n    2.09454516]\n [ -0.38345783   3.42328401   0.2890168    1.06761535   0.26444384\n   -0.53446738]\n [  1.93773548   0.2890168   10.57698915   5.10442203  -6.56683773\n    7.56429716]\n [  0.79103362   1.06761535   5.10442203  11.02560772  -1.62402543\n    4.55578978]\n [ -1.15568196   0.26444384  -6.56683773  -1.62402543  12.53346841\n  -10.7571953 ]\n [  2.09454516  -0.53446738   7.56429716   4.55578978 -10.7571953\n   13.76906704]]", "nfev": "259", "njev": "37", "status": "0", "success": "True", "message": "Optimization terminated successfully.", "x": "[1.53534237 2.83219282 4.69263511 5.66388646 1.50720966 2.17232837]", "nit": "27"}, "11": {"maxiter": 500, "gtol": 1e-05, "xrtol": 1e-10, "eps": 1e-10, "duration": 0.04546403884887695, "fun": "0.24461140744320364", "jac": "[ 2.22044587e-06 -1.11022293e-06  0.00000000e+00 -2.22044587e-06\n  2.22044587e-06  2.22044587e-06]", "hess_inv": "[[  3.42624138  -0.41526915   2.06787031   0.9008782   -1.18402785\n    2.16664974]\n [ -0.41526915   3.33605159   0.15169583   0.76633959   0.28551539\n   -0.71491534]\n [  2.06787031   0.15169583  10.94667001   5.45153324  -6.57491491\n    7.65556072]\n [  0.9008782    0.76633959   5.45153324  11.22881645  -1.61385347\n    4.46088584]\n [ -1.18402785   0.28551539  -6.57491491  -1.61385347  12.36816226\n  -10.58524628]\n [  2.16664974  -0.71491534   7.65556072   4.46088584 -10.58524628\n   13.47815648]]", "nfev": "259", "njev": "37", "status": "0", "success": "True", "message": "Optimization terminated successfully.", "x": "[1.53534979 2.83219609 4.69262483 5.66385871 1.50721442 2.17231494]", "nit": "27"}, "12": {"maxiter": 500, "gtol": 1e-10, "xrtol": 1e-05, "eps": 1e-05, "duration": 0.04669904708862305, "fun": "0.24461140731104936", "jac": "[-1.50590651e-07  1.19926291e-07 -2.24975594e-07  3.79918319e-08\n -1.96509475e-07  4.49196236e-08]", "hess_inv": "[[  3.3927006   -0.28126876   1.9636471    0.8487087   -1.20476989\n    2.0724442 ]\n [ -0.28126876   3.66443203   0.29601374   1.00822077   0.20158703\n   -0.59290998]\n [  1.9636471    0.29601374  10.5323997    4.94098419  -6.52483515\n    7.55739981]\n [  0.8487087    1.00822077   4.94098419  10.45639779  -1.45031721\n    4.55140468]\n [ -1.20476989   0.20158703  -6.52483515  -1.45031721  12.50697132\n  -10.73687241]\n [  2.0724442   -0.59290998   7.55739981   4.55140468 -10.73687241\n   13.78262665]]", "nfev": "266", "njev": "38", "status": "0", "success": "True", "message": "Optimization terminated successfully.", "x": "[1.53534426 2.83220127 4.69263865 5.6638963  1.50720423 2.17232671]", "nit": "28"}, "13": {"maxiter": 500, "gtol": 1e-10, "xrtol": 1e-05, "eps": 1e-10, "duration": 0.0465240478515625, "fun": "0.24461140738321718", "jac": "[ 1.11022293e-06  1.11022293e-06  1.11022293e-06 -2.22044587e-06\n -3.33066880e-06  0.00000000e+00]", "hess_inv": "[[  3.38063151  -0.44290355   2.1851475    1.2057245   -1.22340917\n    2.2572527 ]\n [ -0.44290355   3.45906897   0.04142268   0.52216969   0.29041992\n   -0.87071533]\n [  2.1851475    0.04142268  10.88037661   5.22411014  -6.51097402\n    7.69595453]\n [  1.2057245    0.52216969   5.22411014  10.5073354   -1.4389066\n    4.50185829]\n [ -1.22340917   0.29041992  -6.51097402  -1.4389066   12.34007927\n  -10.55038084]\n [  2.2572527   -0.87071533   7.69595453   4.50185829 -10.55038084\n   13.61580745]]", "nfev": "266", "njev": "38", "status": "0", "success": "True", "message": "Optimization terminated successfully.", "x": "[1.53534217 2.83220336 4.69262899 5.66387314 1.50721029 2.17231215]", "nit": "28"}, "14": {"maxiter": 500, "gtol": 1e-10, "xrtol": 1e-10, "eps": 1e-05, "duration": 0.07254195213317871, "fun": "0.24461140730817477", "jac": "[-5.55111512e-11 -1.11022302e-11  1.33226763e-10 -4.44089210e-11\n  4.44089210e-11  3.33066907e-11]", "hess_inv": "[[  3.44219865  -0.1313808    1.90790168   1.06178122  -0.9517557\n    1.79578362]\n [ -0.1313808    3.5606921    0.37625959   1.02195612   0.57367698\n   -0.8590535 ]\n [  1.90790168   0.37625959  10.9954818    4.90464588  -7.09524072\n    7.80157406]\n [  1.06178122   1.02195612   4.90464588  10.61104076  -0.70057483\n    3.85014195]\n [ -0.9517557    0.57367698  -7.09524072  -0.70057483  13.82771618\n  -11.75891666]\n [  1.79578362  -0.8590535    7.80157406   3.85014195 -11.75891666\n   14.46148162]]", "nfev": "417", "njev": "58", "status": "2", "success": "False", "message": "Desired error not necessarily achieved due to precision loss.", "x": "[1.53534492 2.83220102 4.69263946 5.66389673 1.50720572 2.1723257 ]", "nit": "31"}, "15": {"maxiter": 500, "gtol": 1e-10, "xrtol": 1e-10, "eps": 1e-10, "duration": 0.06930994987487793, "fun": "0.24461140731847086", "jac": "[-4.44089173e-06  0.00000000e+00 -1.11022293e-06 -1.11022293e-06\n  0.00000000e+00  0.00000000e+00]", "hess_inv": "[[ 1.24060934 -0.21193458 -0.99904728 -1.6154599   0.43327083 -1.17053579]\n [-0.21193458  3.83611419  0.1588433   3.12243582  1.8045211   0.36506983]\n [-0.99904728  0.1588433   3.54101341  2.21980849  0.79930404  1.8013281 ]\n [-1.6154599   3.12243582  2.21980849 14.72398772  2.38746499  8.10373671]\n [ 0.43327083  1.8045211   0.79930404  2.38746499  3.26766893 -0.8830729 ]\n [-1.17053579  0.36506983  1.8013281   8.10373671 -0.8830729   7.05722948]]", "nfev": "399", "njev": "57", "status": "0", "success": "True", "message": "Optimization terminated successfully.", "x": "[1.53534112 2.83220985 4.69263195 5.66390533 1.5072238  2.17231914]", "nit": "32"}, "16": {"maxiter": 1000, "gtol": 1e-05, "xrtol": 1e-05, "eps": 1e-05, "duration": 0.04515194892883301, "fun": "0.24461140735077036", "jac": "[-1.18816068e-06 -1.72800663e-06  5.04263298e-07 -1.63834502e-06\n  2.53987942e-06  2.46824783e-06]", "hess_inv": "[[  3.3611521   -0.38345783   1.93773548   0.79103362  -1.15568196\n    2.09454516]\n [ -0.38345783   3.42328401   0.2890168    1.06761535   0.26444384\n   -0.53446738]\n [  1.93773548   0.2890168   10.57698915   5.10442203  -6.56683773\n    7.56429716]\n [  0.79103362   1.06761535   5.10442203  11.02560772  -1.62402543\n    4.55578978]\n [ -1.15568196   0.26444384  -6.56683773  -1.62402543  12.53346841\n  -10.7571953 ]\n [  2.09454516  -0.53446738   7.56429716   4.55578978 -10.7571953\n   13.76906704]]", "nfev": "259", "njev": "37", "status": "0", "success": "True", "message": "Optimization terminated successfully.", "x": "[1.53534237 2.83219282 4.69263511 5.66388646 1.50720966 2.17232837]", "nit": "27"}, "17": {"maxiter": 1000, "gtol": 1e-05, "xrtol": 1e-05, "eps": 1e-10, "duration": 0.045523881912231445, "fun": "0.24461140744320364", "jac": "[ 2.22044587e-06 -1.11022293e-06  0.00000000e+00 -2.22044587e-06\n  2.22044587e-06  2.22044587e-06]", "hess_inv": "[[  3.42624138  -0.41526915   2.06787031   0.9008782   -1.18402785\n    2.16664974]\n [ -0.41526915   3.33605159   0.15169583   0.76633959   0.28551539\n   -0.71491534]\n [  2.06787031   0.15169583  10.94667001   5.45153324  -6.57491491\n    7.65556072]\n [  0.9008782    0.76633959   5.45153324  11.22881645  -1.61385347\n    4.46088584]\n [ -1.18402785   0.28551539  -6.57491491  -1.61385347  12.36816226\n  -10.58524628]\n [  2.16664974  -0.71491534   7.65556072   4.46088584 -10.58524628\n   13.47815648]]", "nfev": "259", "njev": "37", "status": "0", "success": "True", "message": "Optimization terminated successfully.", "x": "[1.53534979 2.83219609 4.69262483 5.66385871 1.50721442 2.17231494]", "nit": "27"}, "18": {"maxiter": 1000, "gtol": 1e-05, "xrtol": 1e-10, "eps": 1e-05, "duration": 0.04489493370056152, "fun": "0.24461140735077036", "jac": "[-1.18816068e-06 -1.72800663e-06  5.04263298e-07 -1.63834502e-06\n  2.53987942e-06  2.46824783e-06]", "hess_inv": "[[  3.3611521   -0.38345783   1.93773548   0.79103362  -1.15568196\n    2.09454516]\n [ -0.38345783   3.42328401   0.2890168    1.06761535   0.26444384\n   -0.53446738]\n [  1.93773548   0.2890168   10.57698915   5.10442203  -6.56683773\n    7.56429716]\n [  0.79103362   1.06761535   5.10442203  11.02560772  -1.62402543\n    4.55578978]\n [ -1.15568196   0.26444384  -6.56683773  -1.62402543  12.53346841\n  -10.7571953 ]\n [  2.09454516  -0.53446738   7.56429716   4.55578978 -10.7571953\n   13.76906704]]", "nfev": "259", "njev": "37", "status": "0", "success": "True", "message": "Optimization terminated successfully.", "x": "[1.53534237 2.83219282 4.69263511 5.66388646 1.50720966 2.17232837]", "nit": "27"}, "19": {"maxiter": 1000, "gtol": 1e-05, "xrtol": 1e-10, "eps": 1e-10, "duration": 0.04488801956176758, "fun": "0.24461140744320364", "jac": "[ 2.22044587e-06 -1.11022293e-06  0.00000000e+00 -2.22044587e-06\n  2.22044587e-06  2.22044587e-06]", "hess_inv": "[[  3.42624138  -0.41526915   2.06787031   0.9008782   -1.18402785\n    2.16664974]\n [ -0.41526915   3.33605159   0.15169583   0.76633959   0.28551539\n   -0.71491534]\n [  2.06787031   0.15169583  10.94667001   5.45153324  -6.57491491\n    7.65556072]\n [  0.9008782    0.76633959   5.45153324  11.22881645  -1.61385347\n    4.46088584]\n [ -1.18402785   0.28551539  -6.57491491  -1.61385347  12.36816226\n  -10.58524628]\n [  2.16664974  -0.71491534   7.65556072   4.46088584 -10.58524628\n   13.47815648]]", "nfev": "259", "njev": "37", "status": "0", "success": "True", "message": "Optimization terminated successfully.", "x": "[1.53534979 2.83219609 4.69262483 5.66385871 1.50721442 2.17231494]", "nit": "27"}, "20": {"maxiter": 1000, "gtol": 1e-10, "xrtol": 1e-05, "eps": 1e-05, "duration": 0.046166181564331055, "fun": "0.24461140731104936", "jac": "[-1.50590651e-07  1.19926291e-07 -2.24975594e-07  3.79918319e-08\n -1.96509475e-07  4.49196236e-08]", "hess_inv": "[[  3.3927006   -0.28126876   1.9636471    0.8487087   -1.20476989\n    2.0724442 ]\n [ -0.28126876   3.66443203   0.29601374   1.00822077   0.20158703\n   -0.59290998]\n [  1.9636471    0.29601374  10.5323997    4.94098419  -6.52483515\n    7.55739981]\n [  0.8487087    1.00822077   4.94098419  10.45639779  -1.45031721\n    4.55140468]\n [ -1.20476989   0.20158703  -6.52483515  -1.45031721  12.50697132\n  -10.73687241]\n [  2.0724442   -0.59290998   7.55739981   4.55140468 -10.73687241\n   13.78262665]]", "nfev": "266", "njev": "38", "status": "0", "success": "True", "message": "Optimization terminated successfully.", "x": "[1.53534426 2.83220127 4.69263865 5.6638963  1.50720423 2.17232671]", "nit": "28"}, "21": {"maxiter": 1000, "gtol": 1e-10, "xrtol": 1e-05, "eps": 1e-10, "duration": 0.04609394073486328, "fun": "0.24461140738321718", "jac": "[ 1.11022293e-06  1.11022293e-06  1.11022293e-06 -2.22044587e-06\n -3.33066880e-06  0.00000000e+00]", "hess_inv": "[[  3.38063151  -0.44290355   2.1851475    1.2057245   -1.22340917\n    2.2572527 ]\n [ -0.44290355   3.45906897   0.04142268   0.52216969   0.29041992\n   -0.87071533]\n [  2.1851475    0.04142268  10.88037661   5.22411014  -6.51097402\n    7.69595453]\n [  1.2057245    0.52216969   5.22411014  10.5073354   -1.4389066\n    4.50185829]\n [ -1.22340917   0.29041992  -6.51097402  -1.4389066   12.34007927\n  -10.55038084]\n [  2.2572527   -0.87071533   7.69595453   4.50185829 -10.55038084\n   13.61580745]]", "nfev": "266", "njev": "38", "status": "0", "success": "True", "message": "Optimization terminated successfully.", "x": "[1.53534217 2.83220336 4.69262899 5.66387314 1.50721029 2.17231215]", "nit": "28"}, "22": {"maxiter": 1000, "gtol": 1e-10, "xrtol": 1e-10, "eps": 1e-05, "duration": 0.07229280471801758, "fun": "0.24461140730817477", "jac": "[-5.55111512e-11 -1.11022302e-11  1.33226763e-10 -4.44089210e-11\n  4.44089210e-11  3.33066907e-11]", "hess_inv": "[[  3.44219865  -0.1313808    1.90790168   1.06178122  -0.9517557\n    1.79578362]\n [ -0.1313808    3.5606921    0.37625959   1.02195612   0.57367698\n   -0.8590535 ]\n [  1.90790168   0.37625959  10.9954818    4.90464588  -7.09524072\n    7.80157406]\n [  1.06178122   1.02195612   4.90464588  10.61104076  -0.70057483\n    3.85014195]\n [ -0.9517557    0.57367698  -7.09524072  -0.70057483  13.82771618\n  -11.75891666]\n [  1.79578362  -0.8590535    7.80157406   3.85014195 -11.75891666\n   14.46148162]]", "nfev": "417", "njev": "58", "status": "2", "success": "False", "message": "Desired error not necessarily achieved due to precision loss.", "x": "[1.53534492 2.83220102 4.69263946 5.66389673 1.50720572 2.1723257 ]", "nit": "31"}, "23": {"maxiter": 1000, "gtol": 1e-10, "xrtol": 1e-10, "eps": 1e-10, "duration": 0.06902480125427246, "fun": "0.24461140731847086", "jac": "[-4.44089173e-06  0.00000000e+00 -1.11022293e-06 -1.11022293e-06\n  0.00000000e+00  0.00000000e+00]", "hess_inv": "[[ 1.24060934 -0.21193458 -0.99904728 -1.6154599   0.43327083 -1.17053579]\n [-0.21193458  3.83611419  0.1588433   3.12243582  1.8045211   0.36506983]\n [-0.99904728  0.1588433   3.54101341  2.21980849  0.79930404  1.8013281 ]\n [-1.6154599   3.12243582  2.21980849 14.72398772  2.38746499  8.10373671]\n [ 0.43327083  1.8045211   0.79930404  2.38746499  3.26766893 -0.8830729 ]\n [-1.17053579  0.36506983  1.8013281   8.10373671 -0.8830729   7.05722948]]", "nfev": "399", "njev": "57", "status": "0", "success": "True", "message": "Optimization terminated successfully.", "x": "[1.53534112 2.83220985 4.69263195 5.66390533 1.5072238  2.17231914]", "nit": "32"}}, "cobyla": {"0": {"maxiter": 100, "tol": 1e-05, "catol": 1e-05, "duration": 0.016633033752441406, "x": "[1.61388043 2.8577944  4.98481194 6.1082544  0.52485797 3.30740914]", "status": "2", "success": "False", "message": "Maximum number of function evaluations has been exceeded.", "nfev": "100", "fun": "0.26035307228131854", "maxcv": "0.0"}, "1": {"maxiter": 100, "tol": 1e-05, "catol": 1e-10, "duration": 0.016631126403808594, "x": "[1.61388043 2.8577944  4.98481194 6.1082544  0.52485797 3.30740914]", "status": "2", "success": "False", "message": "Maximum number of function evaluations has been exceeded.", "nfev": "100", "fun": "0.26035307228131854", "maxcv": "0.0"}, "2": {"maxiter": 100, "tol": 1e-10, "catol": 1e-05, "duration": 0.016622304916381836, "x": "[1.61388043 2.8577944  4.98481194 6.1082544  0.52485797 3.30740914]", "status": "2", "success": "False", "message": "Maximum number of function evaluations has been exceeded.", "nfev": "100", "fun": "0.26035307228131854", "maxcv": "0.0"}, "3": {"maxiter": 100, "tol": 1e-10, "catol": 1e-10, "duration": 0.016592025756835938, "x": "[1.61388043 2.8577944  4.98481194 6.1082544  0.52485797 3.30740914]", "status": "2", "success": "False", "message": "Maximum number of function evaluations has been exceeded.", "nfev": "100", "fun": "0.26035307228131854", "maxcv": "0.0"}, "4": {"maxiter": 500, "tol": 1e-05, "catol": 1e-05, "duration": 0.08288311958312988, "x": "[1.53534619 2.83219387 4.69303788 5.66416841 1.50692193 2.17277258]", "status": "2", "success": "False", "message": "Maximum number of function evaluations has been exceeded.", "nfev": "500", "fun": "0.24461141799585018", "maxcv": "0.0"}, "5": {"maxiter": 500, "tol": 1e-05, "catol": 1e-10, "duration": 0.08298182487487793, "x": "[1.53534619 2.83219387 4.69303788 5.66416841 1.50692193 2.1727725