{"date": "2024/07/18/, 21:56:10", "conf_id": 80, "data_type": "orthogonal\n", "num_data_points": 1, "s_rank": 0, "unitary": "[[-0.45070455-0.02711853j,0.78437395-0.06613086j,0.06358678+0.19963393j,-0.07343613+0.35668523j],[-0.01890143-0.03813363j,0.32408202+0.25557629j,0.05872864-0.68979805j,0.55466693-0.20227297j],[-0.11215405+0.64023111j,-0.13344055+0.29565494j,-0.49012687-0.19046288j,-0.04241254+0.44046348j],[0.55771659+0.24656916j,0.31851997-0.05798805j,0.28761525-0.34294258j,-0.56718418+0.03616933j]]", "databatch_0": {"databatch": "[[[0.09938922+0.09413674j,0.25683967+0.38813589j,-0.46515609-0.04522673j,0.1373878-0.1526892j],[0.00809567-0.08330278j,0.0908162-0.26967087j,0.15285492+0.24140836j,-0.12526018-0.00894787j],[0.0301194-0.09821954j,0.17521774-0.3021523j,0.12479572+0.32777553j,-0.14847927-0.04141012j],[-0.03815478+0.00549804j,-0.1305894-0.01110649j,0.0912682-0.09481433j,0.00971025+0.05701923j]]]", "initial param values": "[3.42041954,3.90438273,2.37697183,3.15780325,1.60789744,2.85272825]", "nelder_mead": {"type": "gradient-free", "0": {"maxiter": 100, "fatol": 1e-05, "xatol": 1e-05, "duration": 0.0264129638671875, "fun": "0.23434087611922982", "nit": "100", "nfev": "158", "status": "2", "success": "False", "message": "Maximum number of iterations has been exceeded.", "x": "[1.00438811 4.72645381 2.99671719 4.2964214  1.40547714 2.13834451]", "final_simplex": "(array([[1.00438811, 4.72645381, 2.99671719, 4.2964214 , 1.40547714,\n        2.13834451],\n       [0.94933791, 4.72581129, 2.99974008, 4.32673222, 1.42176754,\n        2.12831408],\n       [1.00054516, 4.74471739, 3.00858772, 4.28147243, 1.43565177,\n        2.15740335],\n       [0.98528273, 4.69577065, 2.98804847, 4.29931799, 1.44529054,\n        2.12766097],\n       [0.91893229, 4.7331344 , 3.00833825, 4.32438503, 1.42579875,\n        2.14928694],\n       [0.95523566, 4.73979889, 3.00305066, 4.32449675, 1.43599632,\n        2.14740255],\n       [0.98274635, 4.73225213, 3.01658214, 4.29168282, 1.41608311,\n        2.17206888]]), array([0.23434088, 0.23444291, 0.23450621, 0.23454614, 0.23457638,\n       0.23469244, 0.23472175]))"}, "1": {"maxiter": 100, "fatol": 1e-05, "xatol": 1e-10, "duration": 0.026273012161254883, "fun": "0.23434087611922982", "nit": "100", "nfev": "158", "status": "2", "success": "False", "message": "Maximum number of iterations has been exceeded.", "x": "[1.00438811 4.72645381 2.99671719 4.2964214  1.40547714 2.13834451]", "final_simplex": "(array([[1.00438811, 4.72645381, 2.99671719, 4.2964214 , 1.40547714,\n        2.13834451],\n       [0.94933791, 4.72581129, 2.99974008, 4.32673222, 1.42176754,\n        2.12831408],\n       [1.00054516, 4.74471739, 3.00858772, 4.28147243, 1.43565177,\n        2.15740335],\n       [0.98528273, 4.69577065, 2.98804847, 4.29931799, 1.44529054,\n        2.12766097],\n       [0.91893229, 4.7331344 , 3.00833825, 4.32438503, 1.42579875,\n        2.14928694],\n       [0.95523566, 4.73979889, 3.00305066, 4.32449675, 1.43599632,\n        2.14740255],\n       [0.98274635, 4.73225213, 3.01658214, 4.29168282, 1.41608311,\n        2.17206888]]), array([0.23434088, 0.23444291, 0.23450621, 0.23454614, 0.23457638,\n       0.23469244, 0.23472175]))"}, "2": {"maxiter": 100, "fatol": 1e-10, "xatol": 1e-05, "duration": 0.026178836822509766, "fun": "0.23434087611922982", "nit": "100", "nfev": "158", "status": "2", "success": "False", "message": "Maximum number of iterations has been exceeded.", "x": "[1.00438811 4.72645381 2.99671719 4.2964214  1.40547714 2.13834451]", "final_simplex": "(array([[1.00438811, 4.72645381, 2.99671719, 4.2964214 , 1.40547714,\n        2.13834451],\n       [0.94933791, 4.72581129, 2.99974008, 4.32673222, 1.42176754,\n        2.12831408],\n       [1.00054516, 4.74471739, 3.00858772, 4.28147243, 1.43565177,\n        2.15740335],\n       [0.98528273, 4.69577065, 2.98804847, 4.29931799, 1.44529054,\n        2.12766097],\n       [0.91893229, 4.7331344 , 3.00833825, 4.32438503, 1.42579875,\n        2.14928694],\n       [0.95523566, 4.73979889, 3.00305066, 4.32449675, 1.43599632,\n        2.14740255],\n       [0.98274635, 4.73225213, 3.01658214, 4.29168282, 1.41608311,\n        2.17206888]]), array([0.23434088, 0.23444291, 0.23450621, 0.23454614, 0.23457638,\n       0.23469244, 0.23472175]))"}, "3": {"maxiter": 100, "fatol": 1e-10, "xatol": 1e-10, "duration": 0.02620410919189453, "fun": "0.23434087611922982", "nit": "100", "nfev": "158", "status": "2", "success": "False", "message": "Maximum number of iterations has been exceeded.", "x": "[1.00438811 4.72645381 2.99671719 4.2964214  1.40547714 2.13834451]", "final_simplex": "(array([[1.00438811, 4.72645381, 2.99671719, 4.2964214 , 1.40547714,\n        2.13834451],\n       [0.94933791, 4.72581129, 2.99974008, 4.32673222, 1.42176754,\n        2.12831408],\n       [1.00054516, 4.74471739, 3.00858772, 4.28147243, 1.43565177,\n        2.15740335],\n       [0.98528273, 4.69577065, 2.98804847, 4.29931799, 1.44529054,\n        2.12766097],\n       [0.91893229, 4.7331344 , 3.00833825, 4.32438503, 1.42579875,\n        2.14928694],\n       [0.95523566, 4.73979889, 3.00305066, 4.32449675, 1.43599632,\n        2.14740255],\n       [0.98274635, 4.73225213, 3.01658214, 4.29168282, 1.41608311,\n        2.17206888]]), array([0.23434088, 0.23444291, 0.23450621, 0.23454614, 0.23457638,\n       0.23469244, 0.23472175]))"}, "4": {"maxiter": 500, "fatol": 1e-05, "xatol": 1e-05, "duration": 0.06697201728820801, "fun": "0.23164903113463786", "nit": "250", "nfev": "406", "status": "0", "success": "True", "message": "Optimization terminated successfully.", "x": "[1.0937832  4.76091763 2.94839329 4.21112854 1.20894314 1.89663422]", "final_simplex": "(array([[1.0937832 , 4.76091763, 2.94839329, 4.21112854, 1.20894314,\n        1.89663422],\n       [1.09378007, 4.76091777, 2.94839471, 4.21113066, 1.20894675,\n        1.89663871],\n       [1.09378285, 4.76091978, 2.94839351, 4.21112839, 1.20894601,\n        1.89663528],\n       [1.09378744, 4.76092161, 2.9483946 , 4.21112805, 1.20893558,\n        1.89663287],\n       [1.09378171, 4.76091986, 2.94839334, 4.21113361, 1.20894113,\n        1.89663217],\n       [1.09378464, 4.76092058, 2.94839571, 4.2111283 , 1.20894275,\n        1.89664048],\n       [1.09378217, 4.76091709, 2.94839382, 4.21113015, 1.2089519 ,\n        1.89664041]]), array([0.23164903, 0.23164903, 0.23164903, 0.23164903, 0.23164903,\n       0.23164903, 0.23164903]))"}, "5": {"maxiter": 500, "fatol": 1e-05, "xatol": 1e-10, "duration": 0.09929800033569336, "fun": "0.23164903113374236", "nit": "331", "nfev": "604", "status": "0", "success": "True", "message": "Optimization terminated successfully.", "x": "[1.09378419 4.76091947 2.94839367 4.21112918 1.20894253 1.89663448]", "final_simplex": "(array([[1.09378419, 4.76091947, 2.94839367, 4.21112918, 1.20894253,\n        1.89663448],\n       [1.09378419, 4.76091947, 2.94839367, 4.21112918, 1.20894253,\n        1.89663448],\n       [1.09378419, 4.76091947, 2.94839367, 4.21112918, 1.20894253,\n        1.89663448],\n       [1.09378419, 4.76091947, 2.94839367, 4.21112918, 1.20894253,\n        1.89663448],\n       [1.09378419, 4.76091947, 2.94839367, 4.21112918, 1.20894253,\n        1.89663448],\n       [1.09378419, 4.76091947, 2.94839367, 4.21112918, 1.20894253,\n        1.89663448],\n       [1.09378419, 4.76091947, 2.94839367, 4.21112918, 1.20894253,\n        1.89663448]]), array([0.23164903, 0.23164903, 0.23164903, 0.23164903, 0.23164903,\n       0.23164903, 0.23164903]))"}, "6": {"maxiter": 500, "fatol": 1e-10, "xatol": 1e-05, "duration": 0.06716609001159668, "fun": "0.23164903113463786", "nit": "250", "nfev": "406", "status": "0", "success": "True", "message": "Optimization terminated successfully.", "x": "[1.0937832  4.76091763 2.94839329 4.21112854 1.20894314 1.89663422]", "final_simplex": "(array([[1.0937832 , 4.76091763, 2.94839329, 4.21112854, 1.20894314,\n        1.89663422],\n       [1.09378007, 4.76091777, 2.94839471, 4.21113066, 1.20894675,\n        1.89663871],\n       [1.09378285, 4.76091978, 2.94839351, 4.21112839, 1.20894601,\n        1.89663528],\n       [1.09378744, 4.76092161, 2.9483946 , 4.21112805, 1.20893558,\n        1.89663287],\n       [1.09378171, 4.76091986, 2.94839334, 4.21113361, 1.20894113,\n        1.89663217],\n       [1.09378464, 4.76092058, 2.94839571, 4.2111283 , 1.20894275,\n        1.89664048],\n       [1.09378217, 4.76091709, 2.94839382, 4.21113015, 1.2089519 ,\n        1.89664041]]), array([0.23164903, 0.23164903, 0.23164903, 0.23164903, 0.23164903,\n       0.23164903, 0.23164903]))"}, "7": {"maxiter": 500, "fatol": 1e-10, "xatol": 1e-10, "duration": 0.09949016571044922, "fun": "0.23164903113374236", "nit": "331", "nfev": "604", "status": "0", "success": "True", "message": "Optimization terminated successfully.", "x": "[1.09378419 4.76091947 2.94839367 4.21112918 1.20894253 1.89663448]", "final_simplex": "(array([[1.09378419, 4.76091947, 2.94839367, 4.21112918, 1.20894253,\n        1.89663448],\n       [1.09378419, 4.76091947, 2.94839367, 4.21112918, 1.20894253,\n        1.89663448],\n       [1.09378419, 4.76091947, 2.94839367, 4.21112918, 1.20894253,\n        1.89663448],\n       [1.09378419, 4.76091947, 2.94839367, 4.21112918, 1.20894253,\n        1.89663448],\n       [1.09378419, 4.76091947, 2.94839367, 4.21112918, 1.20894253,\n        1.89663448],\n       [1.09378419, 4.76091947, 2.94839367, 4.21112918, 1.20894253,\n        1.89663448],\n       [1.09378419, 4.76091947, 2.94839367, 4.21112918, 1.20894253,\n        1.89663448]]), array([0.23164903, 0.23164903, 0.23164903, 0.23164903, 0.23164903,\n       0.23164903, 0.23164903]))"}, "8": {"maxiter": 1000, "fatol": 1e-05, "xatol": 1e-05, "duration": 0.06699085235595703, "fun": "0.23164903113463786", "nit": "250", "nfev": "406", "status": "0", "success": "True", "message": "Optimization terminated successfully.", "x": "[1.0937832  4.76091763 2.94839329 4.21112854 1.20894314 1.89663422]", "final_simplex": "(array([[1.0937832 , 4.76091763, 2.94839329, 4.21112854, 1.20894314,\n        1.89663422],\n       [1.09378007, 4.76091777, 2.94839471, 4.21113066, 1.20894675,\n        1.89663871],\n       [1.09378285, 4.76091978, 2.94839351, 4.21112839, 1.20894601,\n        1.89663528],\n       [1.09378744, 4.76092161, 2.9483946 , 4.21112805, 1.20893558,\n        1.89663287],\n       [1.09378171, 4.76091986, 2.94839334, 4.21113361, 1.20894113,\n        1.89663217],\n       [1.09378464, 4.76092058, 2.94839571, 4.2111283 , 1.20894275,\n        1.89664048],\n       [1.09378217, 4.76091709, 2.94839382, 4.21113015, 1.2089519 ,\n        1.89664041]]), array([0.23164903, 0.23164903, 0.23164903, 0.23164903, 0.23164903,\n       0.23164903, 0.23164903]))"}, "9": {"maxiter": 1000, "fatol": 1e-05, "xatol": 1e-10, "duration": 0.0998239517211914, "fun": "0.23164903113374236", "nit": "331", "nfev": "604", "status": "0", "success": "True", "message": "Optimization terminated successfully.", "x": "[1.09378419 4.76091947 2.94839367 4.21112918 1.20894253 1.89663448]", "final_simplex": "(array([[1.09378419, 4.76091947, 2.94839367, 4.21112918, 1.20894253,\n        1.89663448],\n       [1.09378419, 4.76091947, 2.94839367, 4.21112918, 1.20894253,\n        1.89663448],\n       [1.09378419, 4.76091947, 2.94839367, 4.21112918, 1.20894253,\n        1.89663448],\n       [1.09378419, 4.76091947, 2.94839367, 4.21112918, 1.20894253,\n        1.89663448],\n       [1.09378419, 4.76091947, 2.94839367, 4.21112918, 1.20894253,\n        1.89663448],\n       [1.09378419, 4.76091947, 2.94839367, 4.21112918, 1.20894253,\n        1.89663448],\n       [1.09378419, 4.76091947, 2.94839367, 4.21112918, 1.20894253,\n        1.89663448]]), array([0.23164903, 0.23164903, 0.23164903, 0.23164903, 0.23164903,\n       0.23164903, 0.23164903]))"}, "10": {"maxiter": 1000, "fatol": 1e-10, "xatol": 1e-05, "duration": 0.0676720142364502, "fun": "0.23164903113463786", "nit": "250", "nfev": "406", "status": "0", "success": "True", "message": "Optimization terminated successfully.", "x": "[1.0937832  4.76091763 2.94839329 4.21112854 1.20894314 1.89663422]", "final_simplex": "(array([[1.0937832 , 4.76091763, 2.94839329, 4.21112854, 1.20894314,\n        1.89663422],\n       [1.09378007, 4.76091777, 2.94839471, 4.21113066, 1.20894675,\n        1.89663871],\n       [1.09378285, 4.76091978, 2.94839351, 4.21112839, 1.20894601,\n        1.89663528],\n       [1.09378744, 4.76092161, 2.9483946 , 4.21112805, 1.20893558,\n        1.89663287],\n       [1.09378171, 4.76091986, 2.94839334, 4.21113361, 1.20894113,\n        1.89663217],\n       [1.09378464, 4.76092058, 2.94839571, 4.2111283 , 1.20894275,\n        1.89664048],\n       [1.09378217, 4.76091709, 2.94839382, 4.21113015, 1.2089519 ,\n        1.89664041]]), array([0.23164903, 0.23164903, 0.23164903, 0.23164903, 0.23164903,\n       0.23164903, 0.23164903]))"}, "11": {"maxiter": 1000, "fatol": 1e-10, "xatol": 1e-10, "duration": 0.09962010383605957, "fun": "0.23164903113374236", "nit": "331", "nfev": "604", "status": "0", "success": "True", "message": "Optimization terminated successfully.", "x": "[1.09378419 4.76091947 2.94839367 4.21112918 1.20894253 1.89663448]", "final_simplex": "(array([[1.09378419, 4.76091947, 2.94839367, 4.21112918, 1.20894253,\n        1.89663448],\n       [1.09378419, 4.76091947, 2.94839367, 4.21112918, 1.20894253,\n        1.89663448],\n       [1.09378419, 4.76091947, 2.94839367, 4.21112918, 1.20894253,\n        1.89663448],\n       [1.09378419, 4.76091947, 2.94839367, 4.21112918, 1.20894253,\n        1.89663448],\n       [1.09378419, 4.76091947, 2.94839367, 4.21112918, 1.20894253,\n        1.89663448],\n       [1.09378419, 4.76091947, 2.94839367, 4.21112918, 1.20894253,\n        1.89663448],\n       [1.09378419, 4.76091947, 2.94839367, 4.21112918, 1.20894253,\n        1.89663448]]), array([0.23164903, 0.23164903, 0.23164903, 0.23164903, 0.23164903,\n       0.23164903, 0.23164903]))"}}, "bfgs": {"type": "gradient", "0": {"maxiter": 100, "gtol": 1e-05, "xrtol": 1e-05, "eps": 1e-05, "duration": 0.027348995208740234, "fun": "0.23164903124384473", "jac": "[ 3.59655639e-06 -3.20728999e-06 -5.37112577e-06  1.68464132e-06\n -3.93750588e-06  6.84277079e-06]", "hess_inv": "[[ 5.86541032  1.3666804  -0.65163603 -3.38622682 -0.15514796  0.95796205]\n [ 1.3666804   4.94224422 -1.68591326 -1.74266801 -3.95957537 -1.24123263]\n [-0.65163603 -1.68591326  5.86368208  2.36994397  0.38868177  3.38167809]\n [-3.38622682 -1.74266801  2.36994397  5.27287542  0.80746757  1.05747103]\n [-0.15514796 -3.95957537  0.38868177  0.80746757  5.79889698  0.83498551]\n [ 0.95796205 -1.24123263  3.38167809  1.05747103  0.83498551  3.63162044]]", "nfev": "161", "njev": "23", "status": "0", "success": "True", "message": "Optimization terminated successfully.", "x": "[1.09163001 4.76264726 2.94652373 4.21046455 1.21152872 1.89948632]", "nit": "19"}, "1": {"maxiter": 100, "gtol": 1e-05, "xrtol": 1e-05, "eps": 1e-10, "duration": 0.02712225914001465, "fun": "0.23164903121021552", "jac": "[ 2.22044587e-06 -2.22044587e-06 -4.44089173e-06  0.00000000e+00\n -3.33066880e-06  2.22044587e-06]", "hess_inv": "[[ 5.8960239   1.377738   -0.65252642 -3.41165191 -0.16797268  0.9695683 ]\n [ 1.377738    4.93832988 -1.68459047 -1.73779991 -3.94896353 -1.23465143]\n [-0.65252642 -1.68459047  5.86906437  2.35960514  0.37556838  3.38291286]\n [-3.41165191 -1.73779991  2.35960514  5.27232831  0.79907984  1.03965126]\n [-0.16797268 -3.94896353  0.37556838  0.79907984  5.78296649  0.82084785]\n [ 0.9695683  -1.23465143  3.38291286  1.03965126  0.82084785  3.63580316]]", "nfev": "161", "njev": "23", "status": "0", "success": "True", "message": "Optimization terminated successfully.", "x": "[1.09163799 4.76264531 2.94653603 4.21046659 1.21152056 1.89948056]", "nit": "19"}, "2": {"maxiter": 100, "gtol": 1e-05, "xrtol": 1e-10, "eps": 1e-05, "duration": 0.02712702751159668, "fun": "0.23164903124384473", "jac": "[ 3.59655639e-06 -3.20728999e-06 -5.37112577e-06  1.68464132e-06\n -3.93750588e-06  6.84277079e-06]", "hess_inv": "[[ 5.86541032  1.3666804  -0.65163603 -3.38622682 -0.15514796  0.95796205]\n [ 1.3666804   4.94224422 -1.68591326 -1.74266801 -3.95957537 -1.24123263]\n [-0.65163603 -1.68591326  5.86368208  2.36994397  0.38868177  3.38167809]\n [-3.38622682 -1.74266801  2.36994397  5.27287542  0.80746757  1.05747103]\n [-0.15514796 -3.95957537  0.38868177  0.80746757  5.79889698  0.83498551]\n [ 0.95796205 -1.24123263  3.38167809  1.05747103  0.83498551  3.63162044]]", "nfev": "161", "njev": "23", "status": "0", "success": "True", "message": "Optimization terminated successfully.", "x": "[1.09163001 4.76264726 2.94652373 4.21046455 1.21152872 1.89948632]", "nit": "19"}, "3": {"maxiter": 100, "gtol": 1e-05, "xrtol": 1e-10, "eps": 1e-10, "duration": 0.02714705467224121, "fun": "0.23164903121021552", "jac": "[ 2.22044587e-06 -2.22044587e-06 -4.44089173e-06  0.00000000e+00\n -3.33066880e-06  2.22044587e-06]", "hess_inv": "[[ 5.8960239   1.377738   -0.65252642 -3.41165191 -0.16797268  0.9695683 ]\n [ 1.377738    4.93832988 -1.68459047 -1.73779991 -3.94896353 -1.23465143]\n [-0.65252642 -1.68459047  5.86906437  2.35960514  0.37556838  3.38291286]\n [-3.41165191 -1.73779991  2.35960514  5.27232831  0.79907984  1.03965126]\n [-0.16797268 -3.94896353  0.37556838  0.79907984  5.78296649  0.82084785]\n [ 0.9695683  -1.23465143  3.38291286  1.03965126  0.82084785  3.63580316]]", "nfev": "161", "njev": "23", "status": "0", "success": "True", "message": "Optimization terminated successfully.", "x": "[1.09163799 4.76264531 2.94653603 4.21046659 1.21152056 1.89948056]", "nit": "19"}, "4": {"maxiter": 100, "gtol": 1e-10, "xrtol": 1e-05, "eps": 1e-05, "duration": 0.028467178344726562, "fun": "0.23164903116682856", "jac": "[-2.78255197e-07 -1.42363898e-07 -5.55189228e-07 -2.05735429e-07\n -1.80300219e-08  1.17351684e-06]", "hess_inv": "[[ 5.50218513e+00  1.22549995e+00 -7.07758503e-01 -3.28627788e+00\n  -3.85491490e-03  7.43606018e-01]\n [ 1.22549995e+00  4.97955957e+00 -1.61501881e+00 -1.69758581e+00\n  -3.95062492e+00 -1.32179615e+00]\n [-7.07758503e-01 -1.61501881e+00  5.94824016e+00  2.39165575e+00\n   3.61923000e-01  3.35132671e+00]\n [-3.28627788e+00 -1.69758581e+00  2.39165575e+00  5.24579388e+00\n   7.62465182e-01  1.11664172e+00]\n [-3.85491490e-03 -3.95062492e+00  3.61923000e-01  7.62465182e-01\n   5.76284017e+00  9.22781443e-01]\n [ 7.43606018e-01 -1.32179615e+00  3.35132671e+00  1.11664172e+00\n   9.22781443e-01  3.50520125e+00]]", "nfev": "168", "njev": "24", "status": "0", "success": "True", "message": "Optimization terminated successfully.", "x": "[1.09161078 4.7626465  2.9465275  4.2104703  1.2115331  1.89947517]", "nit": "20"}, "5": {"maxiter": 100, "gtol": 1e-10, "xrtol": 1e-05, "eps": 1e-10, "duration": 0.02833414077758789, "fun": "0.23164903114335", "jac": "[-3.33066880e-06 -4.44089173e-06 -4.44089173e-06 -3.33066880e-06\n -3.33066880e-06 -1.11022293e-06]", "hess_inv": "[[ 5.58596635  1.11508644 -0.52804226 -3.20203416  0.07216301  0.95881806]\n [ 1.11508644  4.73953383 -1.49761892 -1.53139405 -3.75573568 -1.20505612]\n [-0.52804226 -1.49761892  6.09951686  2.37464758  0.24409457  3.52036419]\n [-3.20203416 -1.53139405  2.37464758  5.16570598  0.62433036  1.09401507]\n [ 0.07216301 -3.75573568  0.24409457  0.62433036  5.60136826  0.81252785]\n [ 0.95881806 -1.20505612  3.52036419  1.09401507  0.81252785  3.69863662]]", "nfev": "168", "njev": "24", "status": "0", "success": "True", "message": "Optimization terminated successfully.", "x": "[1.09162383 4.76263687 2.94655396 4.21048049 1.21153    1.89948588]", "nit": "20"}, "6": {"maxiter": 100, "gtol": 1e-10, "xrtol": 1e-10, "eps": 1e-05, "duration": 0.0710301399230957, "fun": "0.23164903116682856", "jac": "[-2.78255197e-07 -1.42363898e-07 -5.55189228e-07 -2.05735429e-07\n -1.80300219e-08  1.17351684e-06]", "hess_inv": "[[ 5.4306797   1.06711092 -0.6209226  -3.25092919  0.16139562  0.92475111]\n [ 1.06711092  4.96711436 -1.58101084 -1.6497093  -3.90864361 -1.40479342]\n [-0.6209226  -1.58101084  5.91687538  2.3629637   0.31287383  3.35792786]\n [-3.25092919 -1.6497093   2.3629637   5.2310544   0.7099077   1.07062808]\n [ 0.16139562 -3.90864361  0.31287383  0.7099077   5.69127181  0.96787958]\n [ 0.92475111 -1.40479342  3.35792786  1.07062808  0.96787958  3.7392597 ]]", "nfev": "425", "njev": "59", "status": "2", "success": "False", "message": "Desired error not necessarily achieved due to precision loss.", "x": "[1.09161078 4.7626465  2.9465275  4.2104703  1.2115331  1.89947517]", "nit": "20"}, "7": {"maxiter": 100, "gtol": 1e-10, "xrtol": 1e-10, "eps": 1e-10, "duration": 0.0781869888305664, "fun": "0.23164903113849622", "jac": "[0.00000000e+00 4.44089173e-06 2.22044587e-06 1.11022293e-06\n 0.00000000e+00 3.33066880e-06]", "hess_inv": "[[ 0.1337914   0.24566219 -0.09244013 -0.09105552 -0.26726271 -0.01143199]\n [ 0.24566219  9.87193236 -6.59616769  4.61648042 -4.84275105 -7.7273862 ]\n [-0.09244013 -6.59616769  4.46964604 -3.23295179  3.15552768  5.28424042]\n [-0.09105552  4.61648042 -3.23295179  2.54944871 -2.02664828 -3.94539676]\n [-0.26726271 -4.84275105  3.15552768 -2.02664828  2.550466    3.58052101]\n [-0.01143199 -7.7273862   5.28424042 -3.94539676  3.58052101  6.33505259]]", "nfev": "469", "njev": "67", "status": "0", "success": "True", "message": "Optimization terminated successfully.", "x": "[1.09162072 4.76263738 2.9465544  4.21048578 1.21153143 1.89948366]", "nit": "28"}, "8": {"maxiter": 500, "gtol": 1e-05, "xrtol": 1e-05, "eps": 1e-05, "duration": 0.027122974395751953, "fun": "0.23164903124384473", "jac": "[ 3.59655639e-06 -3.20728999e-06 -5.37112577e-06  1.68464132e-06\n -3.93750588e-06  6.84277079e-06]", "hess_inv": "[[ 5.86541032  1.3666804  -0.65163603 -3.38622682 -0.15514796  0.95796205]\n [ 1.3666804   4.94224422 -1.68591326 -1.74266801 -3.95957537 -1.24123263]\n [-0.65163603 -1.68591326  5.86368208  2.36994397  0.38868177  3.38167809]\n [-3.38622682 -1.74266801  2.36994397  5.27287542  0.80746757  1.05747103]\n [-0.15514796 -3.95957537  0.38868177  0.80746757  5.79889698  0.83498551]\n [ 0.95796205 -1.24123263  3.38167809  1.05747103  0.83498551  3.63162044]]", "nfev": "161", "njev": "23", "status": "0", "success": "True", "message": "Optimization terminated successfully.", "x": "[1.09163001 4.76264726 2.94652373 4.21046455 1.21152872 1.89948632]", "nit": "19"}, "9": {"maxiter": 500, "gtol": 1e-05, "xrtol": 1e-05, "eps": 1e-10, "duration": 0.027137041091918945, "fun": "0.23164903121021552", "jac": "[ 2.22044587e-06 -2.22044587e-06 -4.44089173e-06  0.00000000e+00\n -3.33066880e-06  2.22044587e-06]", "hess_inv": "[[ 5.8960239   1.377738   -0.65252642 -3.41165191 -0.16797268  0.9695683 ]\n [ 1.377738    4.93832988 -1.68459047 -1.73779991 -3.94896353 -1.23465143]\n [-0.65252642 -1.68459047  5.86906437  2.35960514  0.37556838  3.38291286]\n [-3.41165191 -1.73779991  2.35960514  5.27232831  0.79907984  1.03965126]\n [-0.16797268 -3.94896353  0.37556838  0.79907984  5.78296649  0.82084785]\n [ 0.9695683  -1.23465143  3.38291286  1.03965126  0.82084785  3.63580316]]", "nfev": "161", "njev": "23", "status": "0", "success": "True", "message": "Optimization terminated successfully.", "x": "[1.09163799 4.76264531 2.94653603 4.21046659 1.21152056 1.89948056]", "nit": "19"}, "10": {"maxiter": 500, "gtol": 1e-05, "xrtol": 1e-10, "eps": 1e-05, "duration": 0.027130842208862305, "fun": "0.23164903124384473", "jac": "[ 3.59655639e-06 -3.20728999e-06 -5.37112577e-06  1.68464132e-06\n -3.93750588e-06  6.84277079e-06]", "hess_inv": "[[ 5.86541032  1.3666804  -0.65163603 -3.38622682 -0.15514796  0.95796205]\n [ 1.3666804   4.94224422 -1.68591326 -1.74266801 -3.95957537 -1.24123263]\n [-0.65163603 -1.68591326  5.86368208  2.36994397  0.38868177  3.38167809]\n [-3.38622682 -1.74266801  2.36994397  5.27287542  0.80746757  1.05747103]\n [-0.15514796 -3.95957537  0.38868177  0.80746757  5.79889698  0.83498551]\n [ 0.95796205 -1.24123263  3.38167809  1.05747103  0.83498551  3.63162044]]", "nfev": "161", "njev": "23", "status": "0", "success": "True", "message": "Optimization terminated successfully.", "x": "[1.09163001 4.76264726 2.94652373 4.21046455 1.21152872 1.89948632]", "nit": "19"}, "11": {"maxiter": 500, "gtol": 1e-05, "xrtol": 1e-10, "eps": 1e-10, "duration": 0.02712082862854004, "fun": "0.23164903121021552", "jac": "[ 2.22044587e-06 -2.22044587e-06 -4.44089173e-06  0.00000000e+00\n -3.33066880e-06  2.22044587e-06]", "hess_inv": "[[ 5.8960239   1.377738   -0.65252642 -3.41165191 -0.16797268  0.9695683 ]\n [ 1.377738    4.93832988 -1.68459047 -1.73779991 -3.94896353 -1.23465143]\n [-0.65252642 -1.68459047  5.86906437  2.35960514  0.37556838  3.38291286]\n [-3.41165191 -1.73779991  2.35960514  5.27232831  0.79907984  1.03965126]\n [-0.16797268 -3.94896353  0.37556838  0.79907984  5.78296649  0.82084785]\n [ 0.9695683  -1.23465143  3.38291286  1.03965126  0.82084785  3.63580316]]", "nfev": "161", "njev": "23", "status": "0", "success": "True", "message": "Optimization terminated successfully.", "x": "[1.09163799 4.76264531 2.94653603 4.21046659 1.21152056 1.89948056]", "nit": "19"}, "12": {"maxiter": 500, "gtol": 1e-10, "xrtol": 1e-05, "eps": 1e-05, "duration": 0.0284271240234375, "fun": "0.23164903116682856", "jac": "[-2.78255197e-07 -1.42363898e-07 -5.55189228e-07 -2.05735429e-07\n -1.80300219e-08  1.17351684e-06]", "hess_inv": "[[ 5.50218513e+00  1.22549995e+00 -7.07758503e-01 -3.28627788e+00\n  -3.85491490e-03  7.43606018e-01]\n [ 1.22549995e+00  4.97955957e+00 -1.61501881e+00 -1.69758581e+00\n  -3.95062492e+00 -1.32179615e+00]\n [-7.07758503e-01 -1.61501881e+00  5.94824016e+00  2.39165575e+00\n   3.61923000e-01  3.35132671e+00]\n [-3.28627788e+00 -1.69758581e+00  2.39165575e+00  5.24579388e+00\n   7.62465182e-01  1.11664172e+00]\n [-3.85491490e-03 -3.95062492e+00  3.61923000e-01  7.62465182e-01\n   5.76284017e+00  9.22781443e-01]\n [ 7.43606018e-01 -1.32179615e+00  3.35132671e+00  1.11664172e+00\n   9.22781443e-01  3.50520125e+00]]", "nfev": "168", "njev": "24", "status": "0", "success": "True", "message": "Optimization terminated successfully.", "x": "[1.09161078 4.7626465  2.9465275  4.2104703  1.2115331  1.89947517]", "nit": "20"}, "13": {"maxiter": 500, "gtol": 1e-10, "xrtol": 1e-05, "eps": 1e-10, "duration": 0.028321027755737305, "fun": "0.23164903114335", "jac": "[-3.33066880e-06 -4.44089173e-06 -4.44089173e-06 -3.33066880e-06\n -3.33066880e-06 -1.11022293e-06]", "hess_inv": "[[ 5.58596635  1.11508644 -0.52804226 -3.20203416  0.07216301  0.95881806]\n [ 1.11508644  4.73953383 -1.49761892 -1.53139405 -3.75573568 -1.20505612]\n [-0.52804226 -1.49761892  6.09951686  2.37464758  0.24409457  3.52036419]\n [-3.20203416 -1.53139405  2.37464758  5.16570598  0.62433036  1.09401507]\n [ 0.07216301 -3.75573568  0.24409457  0.62433036  5.60136826  0.81252785]\n [ 0.95881806 -1.20505612  3.52036419  1.09401507  0.81252785  3.69863662]]", "nfev": "168", "njev": "24", "status": "0", "success": "True", "message": "Optimization terminated successfully.", "x": "[1.09162383 4.76263687 2.94655396 4.21048049 1.21153    1.89948588]", "nit": "20"}, "14": {"maxiter": 500, "gtol": 1e-10, "xrtol": 1e-10, "eps": 1e-05, "duration": 0.0708308219909668, "fun": "0.23164903116682856", "jac": "[-2.78255197e-07 -1.42363898e-07 -5.55189228e-07 -2.05735429e-07\n -1.80300219e-08  1.17351684e-06]", "hess_inv": "[[ 5.4306797   1.06711092 -0.6209226  -3.25092919  0.16139562  0.92475111]\n [ 1.06711092  4.96711436 -1.58101084 -1.6497093  -3.90864361 -1.40479342]\n [-0.6209226  -1.58101084  5.91687538  2.3629637   0.31287383  3.35792786]\n [-3.25092919 -1.6497093   2.3629637   5.2310544   0.7099077   1.07062808]\n [ 0.16139562 -3.90864361  0.31287383  0.7099077   5.69127181  0.96787958]\n [ 0.92475111 -1.40479342  3.35792786  1.07062808  0.96787958  3.7392597 ]]", "nfev": "425", "njev": "59", "status": "2", "success": "False", "message": "Desired error not necessarily achieved due to precision loss.", "x": "[1.09161078 4.7626465  2.9465275  4.2104703  1.2115331  1.89947517]", "nit": "20"}, "15": {"maxiter": 500, "gtol": 1e-10, "xrtol": 1e-10, "eps": 1e-10, "duration": 0.07811808586120605, "fun": "0.23164903113849622", "jac": "[0.00000000e+00 4.44089173e-06 2.22044587e-06 1.11022293e-06\n 0.00000000e+00 3.33066880e-06]", "hess_inv": "[[ 0.1337914   0.24566219 -0.09244013 -0.09105552 -0.26726271 -0.01143199]\n [ 0.24566219  9.87193236 -6.59616769  4.61648042 -4.84275105 -7.7273862 ]\n [-0.09244013 -6.59616769  4.46964604 -3.23295179  3.15552768  5.28424042]\n [-0.09105552  4.61648042 -3.23295179  2.54944871 -2.02664828 -3.94539676]\n [-0.26726271 -4.84275105  3.15552768 -2.02664828  2.550466    3.58052101]\n [-0.01143199 -7.7273862   5.28424042 -3.94539676  3.58052101  6.33505259]]", "nfev": "469", "njev": "67", "status": "0", "success": "True", "message": "Optimization terminated successfully.", "x": "[1.09162072 4.76263738 2.9465544  4.21048578 1.21153143 1.89948366]", "nit": "28"}, "16": {"maxiter": 1000, "gtol": 1e-05, "xrtol": 1e-05, "eps": 1e-05, "duration": 0.027116060256958008, "fun": "0.23164903124384473", "jac": "[ 3.59655639e-06 -3.20728999e-06 -5.37112577e-06  1.68464132e-06\n -3.93750588e-06  6.84277079e-06]", "hess_inv": "[[ 5.86541032  1.3666804  -0.65163603 -3.38622682 -0.15514796  0.95796205]\n [ 1.3666804   4.94224422 -1.68591326 -1.74266801 -3.95957537 -1.24123263]\n [-0.65163603 -1.68591326  5.86368208  2.36994397  0.38868177  3.38167809]\n [-3.38622682 -1.74266801  2.36994397  5.27287542  0.80746757  1.05747103]\n [-0.15514796 -3.95957537  0.38868177  0.80746757  5.79889698  0.83498551]\n [ 0.95796205 -1.24123263  3.38167809  1.05747103  0.83498551  3.63162044]]", "nfev": "161", "njev": "23", "status": "0", "success": "True", "message": "Optimization terminated successfully.", "x": "[1.09163001 4.76264726 2.94652373 4.21046455 1.21152872 1.89948632]", "nit": "19"}, "17": {"maxiter": 1000, "gtol": 1e-05, "xrtol": 1e-05, "eps": 1e-10, "duration": 0.02742314338684082, "fun": "0.23164903121021552", "jac": "[ 2.22044587e-06 -2.22044587e-06 -4.44089173e-06  0.00000000e+00\n -3.33066880e-06  2.22044587e-06]", "hess_inv": "[[ 5.8960239   1.377738   -0.65252642 -3.41165191 -0.16797268  0.9695683 ]\n [ 1.377738    4.93832988 -1.68459047 -1.73779991 -3.94896353 -1.23465143]\n [-0.65252642 -1.68459047  5.86906437  2.35960514  0.37556838  3.38291286]\n [-3.41165191 -1.73779991  2.35960514  5.27232831  0.79907984  1.03965126]\n [-0.16797268 -3.94896353  0.37556838  0.79907984  5.78296649  0.82084785]\n [ 0.9695683  -1.23465143  3.38291286  1.03965126  0.82084785  3.63580316]]", "nfev": "161", "njev": "23", "status": "0", "success": "True", "message": "Optimization terminated successfully.", "x": "[1.09163799 4.76264531 2.94653603 4.21046659 1.21152056 1.89948056]", "nit": "19"}, "18": {"maxiter": 1000, "gtol": 1e-05, "xrtol": 1e-10, "eps": 1e-05, "duration": 0.027308225631713867, "fun": "0.23164903124384473", "jac": "[ 3.59655639e-06 -3.20728999e-06 -5.37112577e-06  1.68464132e-06\n -3.93750588e-06  6.84277079e-06]", "hess_inv": "[[ 5.86541032  1.3666804  -0.65163603 -3.38622682 -0.15514796  0.95796205]\n [ 1.3666804   4.94224422 -1.68591326 -1.74266801 -3.95957537 -1.24123263]\n [-0.65163603 -1.68591326  5.86368208  2.36994397  0.38868177  3.38167809]\n [-3.38622682 -1.74266801  2.36994397  5.27287542  0.80746757  1.05747103]\n [-0.15514796 -3.95957537  0.38868177  0.80746757  5.79889698  0.83498551]\n [ 0.95796205 -1.24123263  3.38167809  1.05747103  0.83498551  3.63162044]]", "nfev": "161", "njev": "23", "status": "0", "success": "True", "message": "Optimization terminated successfully.", "x": "[1.09163001 4.76264726 2.94652373 4.21046455 1.21152872 1.89948632]", "nit": "19"}, "19": {"maxiter": 1000, "gtol": 1e-05, "xrtol": 1e-10, "eps": 1e-10, "duration": 0.027269840240478516, "fun": "0.23164903121021552", "jac": "[ 2.22044587e-06 -2.22044587e-06 -4.44089173e-06  0.00000000e+00\n -3.33066880e-06  2.22044587e-06]", "hess_inv": "[[ 5.8960239   1.377738   -0.65252642 -3.41165191 -0.16797268  0.9695683 ]\n [ 1.377738    4.93832988 -1.68459047 -1.73779991 -3.94896353 -1.23465143]\n [-0.65252642 -1.68459047  5.86906437  2.35960514  0.37556838  3.38291286]\n [-3.41165191 -1.73779991  2.35960514  5.27232831  0.79907984  1.03965126]\n [-0.16797268 -3.94896353  0.37556838  0.79907984  5.78296649  0.82084785]\n [ 0.9695683  -1.23465143  3.38291286  1.03965126  0.82084785  3.63580316]]", "nfev": "161", "njev": "23", "status": "0", "success": "True", "message": "Optimization terminated successfully.", "x": "[1.09163799 4.76264531 2.94653603 4.21046659 1.21152056 1.89948056]", "nit": "19"}, "20": {"maxiter": 1000, "gtol": 1e-10, "xrtol": 1e-05, "eps": 1e-05, "duration": 0.029158830642700195, "fun": "0.23164903116682856", "jac": "[-2.78255197e-07 -1.42363898e-07 -5.55189228e-07 -2.05735429e-07\n -1.80300219e-08  1.17351684e-06]", "hess_inv": "[[ 5.50218513e+00  1.22549995e+00 -7.07758503e-01 -3.28627788e+00\n  -3.85491490e-03  7.43606018e-01]\n [ 1.22549995e+00  4.97955957e+00 -1.61501881e+00 -1.69758581e+00\n  -3.95062492e+00 -1.32179615e+00]\n [-7.07758503e-01 -1.61501881e+00  5.94824016e+00  2.39165575e+00\n   3.61923000e-01  3.35132671e+00]\n [-3.28627788e+00 -1.69758581e+00  2.39165575e+00  5.24579388e+00\n   7.62465182e-01  1.11664172e+00]\n [-3.85491490e-03 -3.95062492e+00  3.61923000e-01  7.62465182e-01\n   5.76284017e+00  9.22781443e-01]\n [ 7.43606018e-01 -1.32179615e+00  3.35132671e+00  1.11664172e+00\n   9.22781443e-01  3.50520125e+00]]", "nfev": "168", "njev": "24", "status": "0", "success": "True", "message": "Optimization terminated successfully.", "x": "[1.09161078 4.7626465  2.9465275  4.2104703  1.2115331  1.89947517]", "nit": "20"}, "21": {"maxiter": 1000, "gtol": 1e-10, "xrtol": 1e-05, "eps": 1e-10, "duration": 0.030214786529541016, "fun": "0.23164903114335", "jac": "[-3.33066880e-06 -4.44089173e-06 -4.44089173e-06 -3.33066880e-06\n -3.33066880e-06 -1.11022293e-06]", "hess_inv": "[[ 5.58596635  1.11508644 -0.52804226 -3.20203416  0.07216301  0.95881806]\n [ 1.11508644  4.73953383 -1.49761892 -1.53139405 -3.75573568 -1.20505612]\n [-0.52804226 -1.49761892  6.09951686  2.37464758  0.24409457  3.52036419]\n [-3.20203416 -1.53139405  2.37464758  5.16570598  0.62433036  1.09401507]\n [ 0.07216301 -3.75573568  0.24409457  0.62433036  5.60136826  0.81252785]\n [ 0.95881806 -1.20505612  3.52036419  1.09401507  0.81252785  3.69863662]]", "nfev": "168", "njev": "24", "status": "0", "success": "True", "message": "Optimization terminated successfully.", "x": "[1.09162383 4.76263687 2.94655396 4.21048049 1.21153    1.89948588]", "nit": "20"}, "22": {"maxiter": 1000, "gtol": 1e-10, "xrtol": 1e-10, "eps": 1e-05, "duration": 0.0755300521850586, "fun": "0.23164903116682856", "jac": "[-2.78255197e-07 -1.42363898e-07 -5.55189228e-07 -2.05735429e-07\n -1.80300219e-08  1.17351684e-06]", "hess_inv": "[[ 5.4306797   1.06711092 -0.6209226  -3.25092919  0.16139562  0.92475111]\n [ 1.06711092  4.96711436 -1.58101084 -1.6497093  -3.90864361 -1.40479342]\n [-0.6209226  -1.58101084  5.91687538  2.3629637   0.31287383  3.35792786]\n [-3.25092919 -1.6497093   2.3629637   5.2310544   0.7099077   1.07062808]\n [ 0.16139562 -3.90864361  0.31287383  0.7099077   5.69127181  0.96787958]\n [ 0.92475111 -1.40479342  3.35792786  1.07062808  0.96787958  3.7392597 ]]", "nfev": "425", "njev": "59", "status": "2", "success": "False", "message": "Desired error not necessarily achieved due to precision loss.", "x": "[1.09161078 4.7626465  2.9465275  4.2104703  1.2115331  1.89947517]", "nit": "20"}, "23": {"maxiter": 1000, "gtol": 1e-10, "xrtol": 1e-10, "eps": 1e-10, "duration": 0.08335280418395996, "fun": "0.23164903113849622", "jac": "[0.00000000e+00 4.44089173e-06 2.22044587e-06 1.11022293e-06\n 0.00000000e+00 3.33066880e-06]", "hess_inv": "[[ 0.1337914   0.24566219 -0.09244013 -0.09105552 -0.26726271 -0.01143199]\n [ 0.24566219  9.87193236 -6.59616769  4.61648042 -4.84275105 -7.7273862 ]\n [-0.09244013 -6.59616769  4.46964604 -3.23295179  3.15552768  5.28424042]\n [-0.09105552  4.61648042 -3.23295179  2.54944871 -2.02664828 -3.94539676]\n [-0.26726271 -4.84275105  3.15552768 -2.02664828  2.550466    3.58052101]\n [-0.01143199 -7.7273862   5.28424042 -3.94539676  3.58052101  6.33505259]]", "nfev": "469", "njev": "67", "status": "0", "success": "True", "message": "Optimization terminated successfully.", "x": "[1.09162072 4.76263738 2.9465544  4.21048578 1.21153143 1.89948366]", "nit": "28"}}, "cobyla": {"0": {"maxiter": 100, "tol": 1e-05, "catol": 1e-05, "duration": 0.017055034637451172, "x": "[1.09425059 4.74692764 2.96472992 4.22357233 1.21725941 1.9016751 ]", "status": "2", "success": "False", "message": "Maximum number of function evaluations has been exceeded.", "nfev": "100", "fun": "0.23167770527261278", "maxcv": "0.0"}, "1": {"maxiter": 100, "tol": 1e-05, "catol": 1e-10, "duration": 0.01695990562438965, "x": "[1.09425059 4.74692764 2.96472992 4.22357233 1.21725941 1.9016751 ]", "status": "2", "success": "False", "message": "Maximum number of function evaluations has been exceeded.", "nfev": "100", "fun": "0.23167770527261278", "maxcv": "0.0"}, "2": {"maxiter": 100, "tol": 1e-10, "catol": 1e-05, "duration": 0.01712322235107422, "x": "[1.09425059 4.74692764 2.96472992 4.22357233 1.21725941 1.9016751 ]", "status": "2", "success": "False", "message": "Maximum number of function evaluations has been exceeded.", "nfev": "100", "fun": "0.23167770527261278", "maxcv": "0.0"}, "3": {"maxiter": 100, "tol": 1e-10, "catol": 1e-10, "duration": 0.0170590877532959, "x": "[1.09425059 4.74692764 2.96472992 4.22357233 1.21725941 1.9016751 ]", "status": "2", "success": "False", "message": "Maximum number of function evaluations has been exceeded.", "nfev": "100", "fun": "0.23167770527261278", "maxcv": "0.0"}, "4": {"maxiter": 500, "tol": 1e-05, "catol": 1e-05, "duration": 0.039193153381347656, "x": "[1.09911063 4.75670208 2.95291667 4.21276739 1.20259522 1.88965144]", "status": "1", "success": "True", "message": "Optimization terminated successfully.", "nfev": "230", "fun": "0.23164903117768554", "maxcv": "0.0"}, "5": {"maxiter": 500, "tol": 1e-05, "catol": 1e-10, "duration": 0.03935527801513672, "x": "[1.09911063 4.75670208 2.95291667 4.21276739 1.20259522 1.88965144]", "status": "1", "success": "True", "message": "Optimization terminated successfully.", "nfev": "230", "fun": "0.23164903117768554", "maxcv": "0.0"}, "6": {"maxiter": 500, "tol": 1e-10, "catol": 1e-05, "duration": 0.06513381004333496, "x": "[1.09913152 4.75671245 2.95291157 4.21275018 1.20257808 1.88963957]", "status": "1", "success": "True", "message": "Optimization terminated successfully.", "nfev": "382", "fun": "0.23164903113374402", "maxcv": "0.0"}, "7": {"maxiter": 500, "tol": 1e-10, "catol": 1e-10, "duration": 0.06505870819091797, "x": "[1.09913152 4.75671245 2.95291157 4.21275018 1.20257808 1.88963957]", "status": "1", "success": "True", "message": "Optimization terminated successfully.", "nfev": "382", "fun": "0.23164903113374402", "maxcv": "0.0"}, "8": {"maxiter": 1000, "tol": 1e-05, "catol": 1e-05, "duration": 0.03920102119445801, "x": "[1.09911063 4.75670208 2.95291667 4.21276739 1.20259522 1.88965144]", "status": "1", "success": "True", "message": "Optimization terminated successfully.", "nfev": "230", "fun": "0.23164903117768554", "maxcv": "0.0"}, "9": {"maxiter": 1000, "tol": 1e-05, "catol": 1e-10, "duration": 0.03933906555175781, "x": "[1.09911063 4.75670208 2.95291667 4.21276739 1.20259522 1.88965144]", "status": "1", "success": "True", "message": "Optimization terminated successfully.", "nfev": "230", "fun": "0.23164903117768554", "maxcv": "0.0"}, "10": {"maxiter": 1000, "tol": 1e-10, "catol": 1e-05, "duration": 0.06525516510009766, "x": "[1.09913152 4.75671245 2.95291157 4.21275018 1.20257808 1.88963957]", "status": "1", "success": "True", "message": "Optimization terminated successfully.", "nfev": "382", "fun": "0.23164903113374402", "maxc