{"date": "2024/07/19/, 16:42:42", "conf_id": 247, "data_type": "var_s_rank\n", "num_data_points": 1, "s_rank": 0, "unitary": "[[0.18663085-0.53122324j,-0.11886349-0.70040876j,0.28555095-0.02789305j,-0.12262021-0.2844587j],[-0.16702216+0.27758472j,0.27526351-0.29738586j,-0.01109314+0.22495461j,-0.77239203+0.28900673j],[0.61935415+0.12301792j,-0.31269928-0.03315917j,-0.61902762-0.19039079j,-0.27120731-0.0968989j],[0.42341754+0.0023929j,-0.05847358+0.47832119j,0.64900495-0.16218422j,-0.37182676-0.05229966j]]", "databatch_0": {"databatch": "[[[-0.00519034-0.13936682j,-0.25803265-0.02790695j,0.01498522+0.25915602j,0.43386883+0.093107j],[0.34525973+0.06803829j,0.01354651+0.04182846j,-0.06756624+0.10092022j,0.22810154-0.12244114j],[-0.09087646-0.39665058j,-0.13647587-0.06274669j,0.10433862+0.17766381j,0.07540307-0.04342218j],[-0.19985077+0.2316659j,-0.1481234+0.11450993j,0.0563349+0.01012952j,0.26206171+0.05063408j]]]", "initial param values": "[4.178691,0.96519949,1.03648609,1.40995205,2.26810135,0.09419717]", "nelder_mead": {"type": "gradient-free", "0": {"maxiter": 100, "fatol": 1e-05, "xatol": 1e-05, "duration": 0.02647686004638672, "fun": "0.3098158154542915", "nit": "100", "nfev": "157", "status": "2", "success": "False", "message": "Maximum number of iterations has been exceeded.", "x": "[4.3645816  0.21954721 1.66898452 0.76145654 0.26221352 0.09985552]", "final_simplex": "(array([[4.3645816 , 0.21954721, 1.66898452, 0.76145654, 0.26221352,\n        0.09985552],\n       [4.36822724, 0.32014155, 1.75154465, 0.6956981 , 0.24731109,\n        0.10383681],\n       [4.3761974 , 0.34377095, 1.72871717, 0.71503038, 0.21322195,\n        0.10621975],\n       [4.44078587, 0.30131195, 1.745611  , 0.64316924, 0.29112799,\n        0.10586984],\n       [4.44712459, 0.34003479, 1.7657717 , 0.66143881, 0.17606878,\n        0.10692761],\n       [4.34492389, 0.28412427, 1.72749342, 0.70694582, 0.16116893,\n        0.10397039],\n       [4.40704903, 0.33374866, 1.68896435, 0.6799994 , 0.24476592,\n        0.10492125]]), array([0.30981582, 0.31083973, 0.31162146, 0.31163981, 0.31167656,\n       0.31172341, 0.31188731]))"}, "1": {"maxiter": 100, "fatol": 1e-05, "xatol": 1e-10, "duration": 0.026411771774291992, "fun": "0.3098158154542915", "nit": "100", "nfev": "157", "status": "2", "success": "False", "message": "Maximum number of iterations has been exceeded.", "x": "[4.3645816  0.21954721 1.66898452 0.76145654 0.26221352 0.09985552]", "final_simplex": "(array([[4.3645816 , 0.21954721, 1.66898452, 0.76145654, 0.26221352,\n        0.09985552],\n       [4.36822724, 0.32014155, 1.75154465, 0.6956981 , 0.24731109,\n        0.10383681],\n       [4.3761974 , 0.34377095, 1.72871717, 0.71503038, 0.21322195,\n        0.10621975],\n       [4.44078587, 0.30131195, 1.745611  , 0.64316924, 0.29112799,\n        0.10586984],\n       [4.44712459, 0.34003479, 1.7657717 , 0.66143881, 0.17606878,\n        0.10692761],\n       [4.34492389, 0.28412427, 1.72749342, 0.70694582, 0.16116893,\n        0.10397039],\n       [4.40704903, 0.33374866, 1.68896435, 0.6799994 , 0.24476592,\n        0.10492125]]), array([0.30981582, 0.31083973, 0.31162146, 0.31163981, 0.31167656,\n       0.31172341, 0.31188731]))"}, "2": {"maxiter": 100, "fatol": 1e-10, "xatol": 1e-05, "duration": 0.026467084884643555, "fun": "0.3098158154542915", "nit": "100", "nfev": "157", "status": "2", "success": "False", "message": "Maximum number of iterations has been exceeded.", "x": "[4.3645816  0.21954721 1.66898452 0.76145654 0.26221352 0.09985552]", "final_simplex": "(array([[4.3645816 , 0.21954721, 1.66898452, 0.76145654, 0.26221352,\n        0.09985552],\n       [4.36822724, 0.32014155, 1.75154465, 0.6956981 , 0.24731109,\n        0.10383681],\n       [4.3761974 , 0.34377095, 1.72871717, 0.71503038, 0.21322195,\n        0.10621975],\n       [4.44078587, 0.30131195, 1.745611  , 0.64316924, 0.29112799,\n        0.10586984],\n       [4.44712459, 0.34003479, 1.7657717 , 0.66143881, 0.17606878,\n        0.10692761],\n       [4.34492389, 0.28412427, 1.72749342, 0.70694582, 0.16116893,\n        0.10397039],\n       [4.40704903, 0.33374866, 1.68896435, 0.6799994 , 0.24476592,\n        0.10492125]]), array([0.30981582, 0.31083973, 0.31162146, 0.31163981, 0.31167656,\n       0.31172341, 0.31188731]))"}, "3": {"maxiter": 100, "fatol": 1e-10, "xatol": 1e-10, "duration": 0.02639484405517578, "fun": "0.3098158154542915", "nit": "100", "nfev": "157", "status": "2", "success": "False", "message": "Maximum number of iterations has been exceeded.", "x": "[4.3645816  0.21954721 1.66898452 0.76145654 0.26221352 0.09985552]", "final_simplex": "(array([[4.3645816 , 0.21954721, 1.66898452, 0.76145654, 0.26221352,\n        0.09985552],\n       [4.36822724, 0.32014155, 1.75154465, 0.6956981 , 0.24731109,\n        0.10383681],\n       [4.3761974 , 0.34377095, 1.72871717, 0.71503038, 0.21322195,\n        0.10621975],\n       [4.44078587, 0.30131195, 1.745611  , 0.64316924, 0.29112799,\n        0.10586984],\n       [4.44712459, 0.34003479, 1.7657717 , 0.66143881, 0.17606878,\n        0.10692761],\n       [4.34492389, 0.28412427, 1.72749342, 0.70694582, 0.16116893,\n        0.10397039],\n       [4.40704903, 0.33374866, 1.68896435, 0.6799994 , 0.24476592,\n        0.10492125]]), array([0.30981582, 0.31083973, 0.31162146, 0.31163981, 0.31167656,\n       0.31172341, 0.31188731]))"}, "4": {"maxiter": 500, "fatol": 1e-05, "xatol": 1e-05, "duration": 0.13145685195922852, "fun": "0.15851870686218517", "nit": "500", "nfev": "784", "status": "2", "success": "False", "message": "Maximum number of iterations has been exceeded.", "x": "[ 5.80968622  1.63220855  1.76477196  1.58165403  1.67149538 -2.1786179 ]", "final_simplex": "(array([[ 5.80968622,  1.63220855,  1.76477196,  1.58165403,  1.67149538,\n        -2.1786179 ],\n       [ 5.80968146,  1.63222897,  1.76476561,  1.58168197,  1.67149583,\n        -2.1786205 ],\n       [ 5.80967872,  1.63220387,  1.76477711,  1.58166049,  1.67150277,\n        -2.17859471],\n       [ 5.8096577 ,  1.63212862,  1.76484917,  1.58163206,  1.6714811 ,\n        -2.17859322],\n       [ 5.80966341,  1.63222687,  1.76475661,  1.58164753,  1.67150087,\n        -2.17859623],\n       [ 5.80966797,  1.63216696,  1.76480399,  1.58164294,  1.67151423,\n        -2.17860247],\n       [ 5.80968475,  1.63219406,  1.76481342,  1.58164921,  1.67150708,\n        -2.17862235]]), array([0.15851871, 0.15851871, 0.15851871, 0.15851871, 0.15851871,\n       0.15851871, 0.15851871]))"}, "5": {"maxiter": 500, "fatol": 1e-05, "xatol": 1e-10, "duration": 0.13125395774841309, "fun": "0.15851870686218517", "nit": "500", "nfev": "784", "status": "2", "success": "False", "message": "Maximum number of iterations has been exceeded.", "x": "[ 5.80968622  1.63220855  1.76477196  1.58165403  1.67149538 -2.1786179 ]", "final_simplex": "(array([[ 5.80968622,  1.63220855,  1.76477196,  1.58165403,  1.67149538,\n        -2.1786179 ],\n       [ 5.80968146,  1.63222897,  1.76476561,  1.58168197,  1.67149583,\n        -2.1786205 ],\n       [ 5.80967872,  1.63220387,  1.76477711,  1.58166049,  1.67150277,\n        -2.17859471],\n       [ 5.8096577 ,  1.63212862,  1.76484917,  1.58163206,  1.6714811 ,\n        -2.17859322],\n       [ 5.80966341,  1.63222687,  1.76475661,  1.58164753,  1.67150087,\n        -2.17859623],\n       [ 5.80966797,  1.63216696,  1.76480399,  1.58164294,  1.67151423,\n        -2.17860247],\n       [ 5.80968475,  1.63219406,  1.76481342,  1.58164921,  1.67150708,\n        -2.17862235]]), array([0.15851871, 0.15851871, 0.15851871, 0.15851871, 0.15851871,\n       0.15851871, 0.15851871]))"}, "6": {"maxiter": 500, "fatol": 1e-10, "xatol": 1e-05, "duration": 0.1318492889404297, "fun": "0.15851870686218517", "nit": "500", "nfev": "784", "status": "2", "success": "False", "message": "Maximum number of iterations has been exceeded.", "x": "[ 5.80968622  1.63220855  1.76477196  1.58165403  1.67149538 -2.1786179 ]", "final_simplex": "(array([[ 5.80968622,  1.63220855,  1.76477196,  1.58165403,  1.67149538,\n        -2.1786179 ],\n       [ 5.80968146,  1.63222897,  1.76476561,  1.58168197,  1.67149583,\n        -2.1786205 ],\n       [ 5.80967872,  1.63220387,  1.76477711,  1.58166049,  1.67150277,\n        -2.17859471],\n       [ 5.8096577 ,  1.63212862,  1.76484917,  1.58163206,  1.6714811 ,\n        -2.17859322],\n       [ 5.80966341,  1.63222687,  1.76475661,  1.58164753,  1.67150087,\n        -2.17859623],\n       [ 5.80966797,  1.63216696,  1.76480399,  1.58164294,  1.67151423,\n        -2.17860247],\n       [ 5.80968475,  1.63219406,  1.76481342,  1.58164921,  1.67150708,\n        -2.17862235]]), array([0.15851871, 0.15851871, 0.15851871, 0.15851871, 0.15851871,\n       0.15851871, 0.15851871]))"}, "7": {"maxiter": 500, "fatol": 1e-10, "xatol": 1e-10, "duration": 0.1319129467010498, "fun": "0.15851870686218517", "nit": "500", "nfev": "784", "status": "2", "success": "False", "message": "Maximum number of iterations has been exceeded.", "x": "[ 5.80968622  1.63220855  1.76477196  1.58165403  1.67149538 -2.1786179 ]", "final_simplex": "(array([[ 5.80968622,  1.63220855,  1.76477196,  1.58165403,  1.67149538,\n        -2.1786179 ],\n       [ 5.80968146,  1.63222897,  1.76476561,  1.58168197,  1.67149583,\n        -2.1786205 ],\n       [ 5.80967872,  1.63220387,  1.76477711,  1.58166049,  1.67150277,\n        -2.17859471],\n       [ 5.8096577 ,  1.63212862,  1.76484917,  1.58163206,  1.6714811 ,\n        -2.17859322],\n       [ 5.80966341,  1.63222687,  1.76475661,  1.58164753,  1.67150087,\n        -2.17859623],\n       [ 5.80966797,  1.63216696,  1.76480399,  1.58164294,  1.67151423,\n        -2.17860247],\n       [ 5.80968475,  1.63219406,  1.76481342,  1.58164921,  1.67150708,\n        -2.17862235]]), array([0.15851871, 0.15851871, 0.15851871, 0.15851871, 0.15851871,\n       0.15851871, 0.15851871]))"}, "8": {"maxiter": 1000, "fatol": 1e-05, "xatol": 1e-05, "duration": 0.1388089656829834, "fun": "0.15851870680969693", "nit": "524", "nfev": "826", "status": "0", "success": "True", "message": "Optimization terminated successfully.", "x": "[ 5.80967488  1.63219907  1.7647893   1.58165519  1.67149458 -2.17861254]", "final_simplex": "(array([[ 5.80967488,  1.63219907,  1.7647893 ,  1.58165519,  1.67149458,\n        -2.17861254],\n       [ 5.80967357,  1.63220121,  1.76478719,  1.58165665,  1.67149186,\n        -2.17861182],\n       [ 5.8096756 ,  1.632208  ,  1.76478293,  1.58165846,  1.6714941 ,\n        -2.17861443],\n       [ 5.80967445,  1.63220273,  1.76478621,  1.58165479,  1.67149419,\n        -2.17860968],\n       [ 5.80967279,  1.63219746,  1.76479386,  1.58165506,  1.67149351,\n        -2.17861068],\n       [ 5.8096756 ,  1.63220285,  1.76478865,  1.58165561,  1.67149139,\n        -2.17861465],\n       [ 5.80967753,  1.63220792,  1.76478247,  1.581661  ,  1.67149377,\n        -2.17861423]]), array([0.15851871, 0.15851871, 0.15851871, 0.15851871, 0.15851871,\n       0.15851871, 0.15851871]))"}, "9": {"maxiter": 1000, "fatol": 1e-05, "xatol": 1e-10, "duration": 0.17229795455932617, "fun": "0.1585187068085966", "nit": "608", "nfev": "1024", "status": "0", "success": "True", "message": "Optimization terminated successfully.", "x": "[ 5.80967341  1.63220074  1.76478858  1.58165521  1.67149379 -2.17861112]", "final_simplex": "(array([[ 5.80967341,  1.63220074,  1.76478858,  1.58165521,  1.67149379,\n        -2.17861112],\n       [ 5.80967341,  1.63220074,  1.76478858,  1.58165521,  1.67149379,\n        -2.17861112],\n       [ 5.80967341,  1.63220074,  1.76478858,  1.58165521,  1.67149379,\n        -2.17861112],\n       [ 5.80967341,  1.63220074,  1.76478858,  1.58165521,  1.67149379,\n        -2.17861112],\n       [ 5.80967341,  1.63220074,  1.76478858,  1.58165521,  1.67149379,\n        -2.17861112],\n       [ 5.80967341,  1.63220074,  1.76478858,  1.58165521,  1.67149379,\n        -2.17861112],\n       [ 5.80967341,  1.63220074,  1.76478858,  1.58165521,  1.67149379,\n        -2.17861112]]), array([0.15851871, 0.15851871, 0.15851871, 0.15851871, 0.15851871,\n       0.15851871, 0.15851871]))"}, "10": {"maxiter": 1000, "fatol": 1e-10, "xatol": 1e-05, "duration": 0.1385941505432129, "fun": "0.15851870680969693", "nit": "524", "nfev": "826", "status": "0", "success": "True", "message": "Optimization terminated successfully.", "x": "[ 5.80967488  1.63219907  1.7647893   1.58165519  1.67149458 -2.17861254]", "final_simplex": "(array([[ 5.80967488,  1.63219907,  1.7647893 ,  1.58165519,  1.67149458,\n        -2.17861254],\n       [ 5.80967357,  1.63220121,  1.76478719,  1.58165665,  1.67149186,\n        -2.17861182],\n       [ 5.8096756 ,  1.632208  ,  1.76478293,  1.58165846,  1.6714941 ,\n        -2.17861443],\n       [ 5.80967445,  1.63220273,  1.76478621,  1.58165479,  1.67149419,\n        -2.17860968],\n       [ 5.80967279,  1.63219746,  1.76479386,  1.58165506,  1.67149351,\n        -2.17861068],\n       [ 5.8096756 ,  1.63220285,  1.76478865,  1.58165561,  1.67149139,\n        -2.17861465],\n       [ 5.80967753,  1.63220792,  1.76478247,  1.581661  ,  1.67149377,\n        -2.17861423]]), array([0.15851871, 0.15851871, 0.15851871, 0.15851871, 0.15851871,\n       0.15851871, 0.15851871]))"}, "11": {"maxiter": 1000, "fatol": 1e-10, "xatol": 1e-10, "duration": 0.17091989517211914, "fun": "0.1585187068085966", "nit": "608", "nfev": "1024", "status": "0", "success": "True", "message": "Optimization terminated successfully.", "x": "[ 5.80967341  1.63220074  1.76478858  1.58165521  1.67149379 -2.17861112]", "final_simplex": "(array([[ 5.80967341,  1.63220074,  1.76478858,  1.58165521,  1.67149379,\n        -2.17861112],\n       [ 5.80967341,  1.63220074,  1.76478858,  1.58165521,  1.67149379,\n        -2.17861112],\n       [ 5.80967341,  1.63220074,  1.76478858,  1.58165521,  1.67149379,\n        -2.17861112],\n       [ 5.80967341,  1.63220074,  1.76478858,  1.58165521,  1.67149379,\n        -2.17861112],\n       [ 5.80967341,  1.63220074,  1.76478858,  1.58165521,  1.67149379,\n        -2.17861112],\n       [ 5.80967341,  1.63220074,  1.76478858,  1.58165521,  1.67149379,\n        -2.17861112],\n       [ 5.80967341,  1.63220074,  1.76478858,  1.58165521,  1.67149379,\n        -2.17861112]]), array([0.15851871, 0.15851871, 0.15851871, 0.15851871, 0.15851871,\n       0.15851871, 0.15851871]))"}}, "bfgs": {"type": "gradient", "0": {"maxiter": 100, "gtol": 1e-05, "xrtol": 1e-05, "eps": 1e-05, "duration": 0.03257012367248535, "fun": "0.15851870683640312", "jac": "[5.02178299e-06 2.80163670e-06 1.91391347e-06 2.33700836e-06\n 1.60049751e-07 6.09606809e-06]", "hess_inv": "[[ 4.20942476e+00  3.91413596e+00 -2.61047075e+00  2.26533540e+00\n   1.60970906e-01 -3.26568375e+00]\n [ 3.91413596e+00  2.00408372e+01 -1.60461102e+01  5.91094560e+00\n   4.59905322e-02 -6.25596976e+00]\n [-2.61047075e+00 -1.60461102e+01  1.56882245e+01 -4.10100892e+00\n   5.67604642e-01  4.30025632e+00]\n [ 2.26533540e+00  5.91094560e+00 -4.10100892e+00  4.51594082e+00\n   2.87492909e-01 -2.82054043e+00]\n [ 1.60970906e-01  4.59905322e-02  5.67604642e-01  2.87492909e-01\n   3.64700766e+00  5.67490103e-03]\n [-3.26568375e+00 -6.25596976e+00  4.30025632e+00 -2.82054043e+00\n   5.67490103e-03  5.23223327e+00]]", "nfev": "189", "njev": "27", "status": "0", "success": "True", "message": "Optimization terminated successfully.", "x": "[ 5.80968075  1.63221456  1.76477672  1.58166174  1.67149124 -2.17860685]", "nit": "20"}, "1": {"maxiter": 100, "gtol": 1e-05, "xrtol": 1e-05, "eps": 1e-10, "duration": 0.033699989318847656, "fun": "0.1585187069163485", "jac": "[-2.22044587e-06  4.44089173e-06  3.33066880e-06  4.44089173e-06\n  1.11022293e-06 -1.11022293e-06]", "hess_inv": "[[  4.63515262   4.68391304  -3.37365371   2.47485155   0.26350341\n   -2.91557177]\n [  4.68391304  19.51878615 -15.77010465   6.15114953  -0.1779715\n   -6.59471896]\n [ -3.37365371 -15.77010465  15.57329253  -4.36716577   0.68108374\n    4.47898822]\n [  2.47485155   6.15114953  -4.36716577   4.64099355   0.29299949\n   -2.74107625]\n [  0.26350341  -0.1779715    0.68108374   0.29299949   3.55848025\n   -0.06768806]\n [ -2.91557177  -6.59471896   4.47898822  -2.74107625  -0.06768806\n    5.24329644]]", "nfev": "196", "njev": "28", "status": "0", "success": "True", "message": "Optimization terminated successfully.", "x": "[ 5.80968648  1.63226491  1.76475114  1.58168701  1.67150049 -2.1786279 ]", "nit": "21"}, "2": {"maxiter": 100, "gtol": 1e-05, "xrtol": 1e-10, "eps": 1e-05, "duration": 0.03254580497741699, "fun": "0.15851870683640312", "jac": "[5.02178299e-06 2.80163670e-06 1.91391347e-06 2.33700836e-06\n 1.60049751e-07 6.09606809e-06]", "hess_inv": "[[ 4.20942476e+00  3.91413596e+00 -2.61047075e+00  2.26533540e+00\n   1.60970906e-01 -3.26568375e+00]\n [ 3.91413596e+00  2.00408372e+01 -1.60461102e+01  5.91094560e+00\n   4.59905322e-02 -6.25596976e+00]\n [-2.61047075e+00 -1.60461102e+01  1.56882245e+01 -4.10100892e+00\n   5.67604642e-01  4.30025632e+00]\n [ 2.26533540e+00  5.91094560e+00 -4.10100892e+00  4.51594082e+00\n   2.87492909e-01 -2.82054043e+00]\n [ 1.60970906e-01  4.59905322e-02  5.67604642e-01  2.87492909e-01\n   3.64700766e+00  5.67490103e-03]\n [-3.26568375e+00 -6.25596976e+00  4.30025632e+00 -2.82054043e+00\n   5.67490103e-03  5.23223327e+00]]", "nfev": "189", "njev": "27", "status": "0", "success": "True", "message": "Optimization terminated successfully.", "x": "[ 5.80968075  1.63221456  1.76477672  1.58166174  1.67149124 -2.17860685]", "nit": "20"}, "3": {"maxiter": 100, "gtol": 1e-05, "xrtol": 1e-10, "eps": 1e-10, "duration": 0.03369426727294922, "fun": "0.1585187069163485", "jac": "[-2.22044587e-06  4.44089173e-06  3.33066880e-06  4.44089173e-06\n  1.11022293e-06 -1.11022293e-06]", "hess_inv": "[[  4.63515262   4.68391304  -3.37365371   2.47485155   0.26350341\n   -2.91557177]\n [  4.68391304  19.51878615 -15.77010465   6.15114953  -0.1779715\n   -6.59471896]\n [ -3.37365371 -15.77010465  15.57329253  -4.36716577   0.68108374\n    4.47898822]\n [  2.47485155   6.15114953  -4.36716577   4.64099355   0.29299949\n   -2.74107625]\n [  0.26350341  -0.1779715    0.68108374   0.29299949   3.55848025\n   -0.06768806]\n [ -2.91557177  -6.59471896   4.47898822  -2.74107625  -0.06768806\n    5.24329644]]", "nfev": "196", "njev": "28", "status": "0", "success": "True", "message": "Optimization terminated successfully.", "x": "[ 5.80968648  1.63226491  1.76475114  1.58168701  1.67150049 -2.1786279 ]", "nit": "21"}, "4": {"maxiter": 100, "gtol": 1e-10, "xrtol": 1e-05, "eps": 1e-05, "duration": 0.03287672996520996, "fun": "0.15851870683640312", "jac": "[5.02178299e-06 2.80163670e-06 1.91391347e-06 2.33700836e-06\n 1.60049751e-07 6.09606809e-06]", "hess_inv": "[[ 4.20942476e+00  3.91413596e+00 -2.61047075e+00  2.26533540e+00\n   1.60970906e-01 -3.26568375e+00]\n [ 3.91413596e+00  2.00408372e+01 -1.60461102e+01  5.91094560e+00\n   4.59905322e-02 -6.25596976e+00]\n [-2.61047075e+00 -1.60461102e+01  1.56882245e+01 -4.10100892e+00\n   5.67604642e-01  4.30025632e+00]\n [ 2.26533540e+00  5.91094560e+00 -4.10100892e+00  4.51594082e+00\n   2.87492909e-01 -2.82054043e+00]\n [ 1.60970906e-01  4.59905322e-02  5.67604642e-01  2.87492909e-01\n   3.64700766e+00  5.67490103e-03]\n [-3.26568375e+00 -6.25596976e+00  4.30025632e+00 -2.82054043e+00\n   5.67490103e-03  5.23223327e+00]]", "nfev": "189", "njev": "27", "status": "0", "success": "True", "message": "Optimization terminated successfully.", "x": "[ 5.80968075  1.63221456  1.76477672  1.58166174  1.67149124 -2.17860685]", "nit": "20"}, "5": {"maxiter": 100, "gtol": 1e-10, "xrtol": 1e-05, "eps": 1e-10, "duration": 0.03412604331970215, "fun": "0.1585187069163485", "jac": "[-2.22044587e-06  4.44089173e-06  3.33066880e-06  4.44089173e-06\n  1.11022293e-06 -1.11022293e-06]", "hess_inv": "[[  4.63515262   4.68391304  -3.37365371   2.47485155   0.26350341\n   -2.91557177]\n [  4.68391304  19.51878615 -15.77010465   6.15114953  -0.1779715\n   -6.59471896]\n [ -3.37365371 -15.77010465  15.57329253  -4.36716577   0.68108374\n    4.47898822]\n [  2.47485155   6.15114953  -4.36716577   4.64099355   0.29299949\n   -2.74107625]\n [  0.26350341  -0.1779715    0.68108374   0.29299949   3.55848025\n   -0.06768806]\n [ -2.91557177  -6.59471896   4.47898822  -2.74107625  -0.06768806\n    5.24329644]]", "nfev": "196", "njev": "28", "status": "0", "success": "True", "message": "Optimization terminated successfully.", "x": "[ 5.80968648  1.63226491  1.76475114  1.58168701  1.67150049 -2.1786279 ]", "nit": "21"}, "6": {"maxiter": 100, "gtol": 1e-10, "xrtol": 1e-10, "eps": 1e-05, "duration": 0.0735311508178711, "fun": "0.15851870682525437", "jac": "[3.18867155e-07 1.68345338e-06 1.05558895e-06 9.91573490e-07\n 4.23472368e-07 1.39922518e-06]", "hess_inv": "[[  5.42308282   6.74838751  -4.43682584   3.8457171    0.53981866\n   -3.61079847]\n [  6.74838751  24.75378238 -19.23644756   8.87339792   0.5545502\n   -6.67797383]\n [ -4.43682584 -19.23644756  17.76333444  -6.0788945    0.18336035\n    4.56732664]\n [  3.8457171    8.87339792  -6.0788945    6.2940347    0.63305604\n   -3.12872845]\n [  0.53981866   0.5545502    0.18336035   0.63305604   3.68075797\n   -0.04025323]\n [ -3.61079847  -6.67797383   4.56732664  -3.12872845  -0.04025323\n    5.23399112]]", "nfev": "432", "njev": "60", "status": "2", "success": "False", "message": "Desired error not necessarily achieved due to precision loss.", "x": "[ 5.80966344  1.63219123  1.76479062  1.58164534  1.67148823 -2.17860671]", "nit": "21"}, "7": {"maxiter": 100, "gtol": 1e-10, "xrtol": 1e-10, "eps": 1e-10, "duration": 0.05139470100402832, "fun": "0.15851870685781722", "jac": "[-3.33066880e-06  1.11022293e-06  2.22044587e-06  1.11022293e-06\n -1.11022293e-06 -4.44089173e-06]", "hess_inv": "[[  2.62877983   4.50578773  -1.9538851    2.32009102   0.60029506\n   -1.38011082]\n [  4.50578773  26.13564682 -17.06590969  10.84043494   4.15648647\n   -2.66002917]\n [ -1.9538851  -17.06590969  14.99842254  -5.1279567   -0.55119432\n    1.80678693]\n [  2.32009102  10.84043494  -5.1279567    8.10991247   3.3559421\n   -0.55899586]\n [  0.60029506   4.15648647  -0.55119432   3.3559421    5.67146313\n    0.25392793]\n [ -1.38011082  -2.66002917   1.80678693  -0.55899586   0.25392793\n    2.87063931]]", "nfev": "301", "njev": "43", "status": "0", "success": "True", "message": "Optimization terminated successfully.", "x": "[ 5.80966612  1.63217885  1.76480335  1.58164298  1.67148521 -2.17861719]", "nit": "24"}, "8": {"maxiter": 500, "gtol": 1e-05, "xrtol": 1e-05, "eps": 1e-05, "duration": 0.03245186805725098, "fun": "0.15851870683640312", "jac": "[5.02178299e-06 2.80163670e-06 1.91391347e-06 2.33700836e-06\n 1.60049751e-07 6.09606809e-06]", "hess_inv": "[[ 4.20942476e+00  3.91413596e+00 -2.61047075e+00  2.26533540e+00\n   1.60970906e-01 -3.26568375e+00]\n [ 3.91413596e+00  2.00408372e+01 -1.60461102e+01  5.91094560e+00\n   4.59905322e-02 -6.25596976e+00]\n [-2.61047075e+00 -1.60461102e+01  1.56882245e+01 -4.10100892e+00\n   5.67604642e-01  4.30025632e+00]\n [ 2.26533540e+00  5.91094560e+00 -4.10100892e+00  4.51594082e+00\n   2.87492909e-01 -2.82054043e+00]\n [ 1.60970906e-01  4.59905322e-02  5.67604642e-01  2.87492909e-01\n   3.64700766e+00  5.67490103e-03]\n [-3.26568375e+00 -6.25596976e+00  4.30025632e+00 -2.82054043e+00\n   5.67490103e-03  5.23223327e+00]]", "nfev": "189", "njev": "27", "status": "0", "success": "True", "message": "Optimization terminated successfully.", "x": "[ 5.80968075  1.63221456  1.76477672  1.58166174  1.67149124 -2.17860685]", "nit": "20"}, "9": {"maxiter": 500, "gtol": 1e-05, "xrtol": 1e-05, "eps": 1e-10, "duration": 0.033740997314453125, "fun": "0.1585187069163485", "jac": "[-2.22044587e-06  4.44089173e-06  3.33066880e-06  4.44089173e-06\n  1.11022293e-06 -1.11022293e-06]", "hess_inv": "[[  4.63515262   4.68391304  -3.37365371   2.47485155   0.26350341\n   -2.91557177]\n [  4.68391304  19.51878615 -15.77010465   6.15114953  -0.1779715\n   -6.59471896]\n [ -3.37365371 -15.77010465  15.57329253  -4.36716577   0.68108374\n    4.47898822]\n [  2.47485155   6.15114953  -4.36716577   4.64099355   0.29299949\n   -2.74107625]\n [  0.26350341  -0.1779715    0.68108374   0.29299949   3.55848025\n   -0.06768806]\n [ -2.91557177  -6.59471896   4.47898822  -2.74107625  -0.06768806\n    5.24329644]]", "nfev": "196", "njev": "28", "status": "0", "success": "True", "message": "Optimization terminated successfully.", "x": "[ 5.80968648  1.63226491  1.76475114  1.58168701  1.67150049 -2.1786279 ]", "nit": "21"}, "10": {"maxiter": 500, "gtol": 1e-05, "xrtol": 1e-10, "eps": 1e-05, "duration": 0.03249716758728027, "fun": "0.15851870683640312", "jac": "[5.02178299e-06 2.80163670e-06 1.91391347e-06 2.33700836e-06\n 1.60049751e-07 6.09606809e-06]", "hess_inv": "[[ 4.20942476e+00  3.91413596e+00 -2.61047075e+00  2.26533540e+00\n   1.60970906e-01 -3.26568375e+00]\n [ 3.91413596e+00  2.00408372e+01 -1.60461102e+01  5.91094560e+00\n   4.59905322e-02 -6.25596976e+00]\n [-2.61047075e+00 -1.60461102e+01  1.56882245e+01 -4.10100892e+00\n   5.67604642e-01  4.30025632e+00]\n [ 2.26533540e+00  5.91094560e+00 -4.10100892e+00  4.51594082e+00\n   2.87492909e-01 -2.82054043e+00]\n [ 1.60970906e-01  4.59905322e-02  5.67604642e-01  2.87492909e-01\n   3.64700766e+00  5.67490103e-03]\n [-3.26568375e+00 -6.25596976e+00  4.30025632e+00 -2.82054043e+00\n   5.67490103e-03  5.23223327e+00]]", "nfev": "189", "njev": "27", "status": "0", "success": "True", "message": "Optimization terminated successfully.", "x": "[ 5.80968075  1.63221456  1.76477672  1.58166174  1.67149124 -2.17860685]", "nit": "20"}, "11": {"maxiter": 500, "gtol": 1e-05, "xrtol": 1e-10, "eps": 1e-10, "duration": 0.03366208076477051, "fun": "0.1585187069163485", "jac": "[-2.22044587e-06  4.44089173e-06  3.33066880e-06  4.44089173e-06\n  1.11022293e-06 -1.11022293e-06]", "hess_inv": "[[  4.63515262   4.68391304  -3.37365371   2.47485155   0.26350341\n   -2.91557177]\n [  4.68391304  19.51878615 -15.77010465   6.15114953  -0.1779715\n   -6.59471896]\n [ -3.37365371 -15.77010465  15.57329253  -4.36716577   0.68108374\n    4.47898822]\n [  2.47485155   6.15114953  -4.36716577   4.64099355   0.29299949\n   -2.74107625]\n [  0.26350341  -0.1779715    0.68108374   0.29299949   3.55848025\n   -0.06768806]\n [ -2.91557177  -6.59471896   4.47898822  -2.74107625  -0.06768806\n    5.24329644]]", "nfev": "196", "njev": "28", "status": "0", "success": "True", "message": "Optimization terminated successfully.", "x": "[ 5.80968648  1.63226491  1.76475114  1.58168701  1.67150049 -2.1786279 ]", "nit": "21"}, "12": {"maxiter": 500, "gtol": 1e-10, "xrtol": 1e-05, "eps": 1e-05, "duration": 0.03247189521789551, "fun": "0.15851870683640312", "jac": "[5.02178299e-06 2.80163670e-06 1.91391347e-06 2.33700836e-06\n 1.60049751e-07 6.09606809e-06]", "hess_inv": "[[ 4.20942476e+00  3.91413596e+00 -2.61047075e+00  2.26533540e+00\n   1.60970906e-01 -3.26568375e+00]\n [ 3.91413596e+00  2.00408372e+01 -1.60461102e+01  5.91094560e+00\n   4.59905322e-02 -6.25596976e+00]\n [-2.61047075e+00 -1.60461102e+01  1.56882245e+01 -4.10100892e+00\n   5.67604642e-01  4.30025632e+00]\n [ 2.26533540e+00  5.91094560e+00 -4.10100892e+00  4.51594082e+00\n   2.87492909e-01 -2.82054043e+00]\n [ 1.60970906e-01  4.59905322e-02  5.67604642e-01  2.87492909e-01\n   3.64700766e+00  5.67490103e-03]\n [-3.26568375e+00 -6.25596976e+00  4.30025632e+00 -2.82054043e+00\n   5.67490103e-03  5.23223327e+00]]", "nfev": "189", "njev": "27", "status": "0", "success": "True", "message": "Optimization terminated successfully.", "x": "[ 5.80968075  1.63221456  1.76477672  1.58166174  1.67149124 -2.17860685]", "nit": "20"}, "13": {"maxiter": 500, "gtol": 1e-10, "xrtol": 1e-05, "eps": 1e-10, "duration": 0.03364205360412598, "fun": "0.1585187069163485", "jac": "[-2.22044587e-06  4.44089173e-06  3.33066880e-06  4.44089173e-06\n  1.11022293e-06 -1.11022293e-06]", "hess_inv": "[[  4.63515262   4.68391304  -3.37365371   2.47485155   0.26350341\n   -2.91557177]\n [  4.68391304  19.51878615 -15.77010465   6.15114953  -0.1779715\n   -6.59471896]\n [ -3.37365371 -15.77010465  15.57329253  -4.36716577   0.68108374\n    4.47898822]\n [  2.47485155   6.15114953  -4.36716577   4.64099355   0.29299949\n   -2.74107625]\n [  0.26350341  -0.1779715    0.68108374   0.29299949   3.55848025\n   -0.06768806]\n [ -2.91557177  -6.59471896   4.47898822  -2.74107625  -0.06768806\n    5.24329644]]", "nfev": "196", "njev": "28", "status": "0", "success": "True", "message": "Optimization terminated successfully.", "x": "[ 5.80968648  1.63226491  1.76475114  1.58168701  1.67150049 -2.1786279 ]", "nit": "21"}, "14": {"maxiter": 500, "gtol": 1e-10, "xrtol": 1e-10, "eps": 1e-05, "duration": 0.07360410690307617, "fun": "0.15851870682525437", "jac": "[3.18867155e-07 1.68345338e-06 1.05558895e-06 9.91573490e-07\n 4.23472368e-07 1.39922518e-06]", "hess_inv": "[[  5.42308282   6.74838751  -4.43682584   3.8457171    0.53981866\n   -3.61079847]\n [  6.74838751  24.75378238 -19.23644756   8.87339792   0.5545502\n   -6.67797383]\n [ -4.43682584 -19.23644756  17.76333444  -6.0788945    0.18336035\n    4.56732664]\n [  3.8457171    8.87339792  -6.0788945    6.2940347    0.63305604\n   -3.12872845]\n [  0.53981866   0.5545502    0.18336035   0.63305604   3.68075797\n   -0.04025323]\n [ -3.61079847  -6.67797383   4.56732664  -3.12872845  -0.04025323\n    5.23399112]]", "nfev": "432", "njev": "60", "status": "2", "success": "False", "message": "Desired error not necessarily achieved due to precision loss.", "x": "[ 5.80966344  1.63219123  1.76479062  1.58164534  1.67148823 -2.17860671]", "nit": "21"}, "15": {"maxiter": 500, "gtol": 1e-10, "xrtol": 1e-10, "eps": 1e-10, "duration": 0.05135488510131836, "fun": "0.15851870685781722", "jac": "[-3.33066880e-06  1.11022293e-06  2.22044587e-06  1.11022293e-06\n -1.11022293e-06 -4.44089173e-06]", "hess_inv": "[[  2.62877983   4.50578773  -1.9538851    2.32009102   0.60029506\n   -1.38011082]\n [  4.50578773  26.13564682 -17.06590969  10.84043494   4.15648647\n   -2.66002917]\n [ -1.9538851  -17.06590969  14.99842254  -5.1279567   -0.55119432\n    1.80678693]\n [  2.32009102  10.84043494  -5.1279567    8.10991247   3.3559421\n   -0.55899586]\n [  0.60029506   4.15648647  -0.55119432   3.3559421    5.67146313\n    0.25392793]\n [ -1.38011082  -2.66002917   1.80678693  -0.55899586   0.25392793\n    2.87063931]]", "nfev": "301", "njev": "43", "status": "0", "success": "True", "message": "Optimization terminated successfully.", "x": "[ 5.80966612  1.63217885  1.76480335  1.58164298  1.67148521 -2.17861719]", "nit": "24"}, "16": {"maxiter": 1000, "gtol": 1e-05, "xrtol": 1e-05, "eps": 1e-05, "duration": 0.0323948860168457, "fun": "0.15851870683640312", "jac": "[5.02178299e-06 2.80163670e-06 1.91391347e-06 2.33700836e-06\n 1.60049751e-07 6.09606809e-06]", "hess_inv": "[[ 4.20942476e+00  3.91413596e+00 -2.61047075e+00  2.26533540e+00\n   1.60970906e-01 -3.26568375e+00]\n [ 3.91413596e+00  2.00408372e+01 -1.60461102e+01  5.91094560e+00\n   4.59905322e-02 -6.25596976e+00]\n [-2.61047075e+00 -1.60461102e+01  1.56882245e+01 -4.10100892e+00\n   5.67604642e-01  4.30025632e+00]\n [ 2.26533540e+00  5.91094560e+00 -4.10100892e+00  4.51594082e+00\n   2.87492909e-01 -2.82054043e+00]\n [ 1.60970906e-01  4.59905322e-02  5.67604642e-01  2.87492909e-01\n   3.64700766e+00  5.67490103e-03]\n [-3.26568375e+00 -6.25596976e+00  4.30025632e+00 -2.82054043e+00\n   5.67490103e-03  5.23223327e+00]]", "nfev": "189", "njev": "27", "status": "0", "success": "True", "message": "Optimization terminated successfully.", "x": "[ 5.80968075  1.63221456  1.76477672  1.58166174  1.67149124 -2.17860685]", "nit": "20"}, "17": {"maxiter": 1000, "gtol": 1e-05, "xrtol": 1e-05, "eps": 1e-10, "duration": 0.033638715744018555, "fun": "0.1585187069163485", "jac": "[-2.22044587e-06  4.44089173e-06  3.33066880e-06  4.44089173e-06\n  1.11022293e-06 -1.11022293e-06]", "hess_inv": "[[  4.63515262   4.68391304  -3.37365371   2.47485155   0.26350341\n   -2.91557177]\n [  4.68391304  19.51878615 -15.77010465   6.15114953  -0.1779715\n   -6.59471896]\n [ -3.37365371 -15.77010465  15.57329253  -4.36716577   0.68108374\n    4.47898822]\n [  2.47485155   6.15114953  -4.36716577   4.64099355   0.29299949\n   -2.74107625]\n [  0.26350341  -0.1779715    0.68108374   0.29299949   3.55848025\n   -0.06768806]\n [ -2.91557177  -6.59471896   4.47898822  -2.74107625  -0.06768806\n    5.24329644]]", "nfev": "196", "njev": "28", "status": "0", "success": "True", "message": "Optimization terminated successfully.", "x": "[ 5.80968648  1.63226491  1.76475114  1.58168701  1.67150049 -2.1786279 ]", "nit": "21"}, "18": {"maxiter": 1000, "gtol": 1e-05, "xrtol": 1e-10, "eps": 1e-05, "duration": 0.03275895118713379, "fun": "0.15851870683640312", "jac": "[5.02178299e-06 2.80163670e-06 1.91391347e-06 2.33700836e-06\n 1.60049751e-07 6.09606809e-06]", "hess_inv": "[[ 4.20942476e+00  3.91413596e+00 -2.61047075e+00  2.26533540e+00\n   1.60970906e-01 -3.26568375e+00]\n [ 3.91413596e+00  2.00408372e+01 -1.60461102e+01  5.91094560e+00\n   4.59905322e-02 -6.25596976e+00]\n [-2.61047075e+00 -1.60461102e+01  1.56882245e+01 -4.10100892e+00\n   5.67604642e-01  4.30025632e+00]\n [ 2.26533540e+00  5.91094560e+00 -4.10100892e+00  4.51594082e+00\n   2.87492909e-01 -2.82054043e+00]\n [ 1.60970906e-01  4.59905322e-02  5.67604642e-01  2.87492909e-01\n   3.64700766e+00  5.67490103e-03]\n [-3.26568375e+00 -6.25596976e+00  4.30025632e+00 -2.82054043e+00\n   5.67490103e-03  5.23223327e+00]]", "nfev": "189", "njev": "27", "status": "0", "success": "True", "message": "Optimization terminated successfully.", "x": "[ 5.80968075  1.63221456  1.76477672  1.58166174  1.67149124 -2.17860685]", "nit": "20"}, "19": {"maxiter": 1000, "gtol": 1e-05, "xrtol": 1e-10, "eps": 1e-10, "duration": 0.03360891342163086, "fun": "0.1585187069163485", "jac": "[-2.22044587e-06  4.44089173e-06  3.33066880e-06  4.44089173e-06\n  1.11022293e-06 -1.11022293e-06]", "hess_inv": "[[  4.63515262   4.68391304  -3.37365371   2.47485155   0.26350341\n   -2.91557177]\n [  4.68391304  19.51878615 -15.77010465   6.15114953  -0.1779715\n   -6.59471896]\n [ -3.37365371 -15.77010465  15.57329253  -4.36716577   0.68108374\n    4.47898822]\n [  2.47485155   6.15114953  -4.36716577   4.64099355   0.29299949\n   -2.74107625]\n [  0.26350341  -0.1779715    0.68108374   0.29299949   3.55848025\n   -0.06768806]\n [ -2.91557177  -6.59471896   4.47898822  -2.74107625  -0.06768806\n    5.24329644]]", "nfev": "196", "njev": "28", "status": "0", "success": "True", "message": "Optimization terminated successfully.", "x": "[ 5.80968648  1.63226491  1.76475114  1.58168701  1.67150049 -2.1786279 ]", "nit": "21"}, "20": {"maxiter": 1000, "gtol": 1e-10, "xrtol": 1e-05, "eps": 1e-05, "duration": 0.03246808052062988, "fun": "0.15851870683640312", "jac": "[5.02178299e-06 2.80163670e-06 1.91391347e-06 2.33700836e-06\n 1.60049751e-07 6.09606809e-06]", "hess_inv": "[[ 4.20942476e+00  3.91413596e+00 -2.61047075e+00  2.26533540e+00\n   1.60970906e-01 -3.26568375e+00]\n [ 3.91413596e+00  2.00408372e+01 -1.60461102e+01  5.91094560e+00\n   4.59905322e-02 -6.25596976e+00]\n [-2.61047075e+00 -1.60461102e+01  1.56882245e+01 -4.10100892e+00\n   5.67604642e-01  4.30025632e+00]\n [ 2.26533540e+00  5.91094560e+00 -4.10100892e+00  4.51594082e+00\n   2.87492909e-01 -2.82054043e+00]\n [ 1.60970906e-01  4.59905322e-02  5.67604642e-01  2.87492909e-01\n   3.64700766e+00  5.67490103e-03]\n [-3.26568375e+00 -6.25596976e+00  4.30025632e+00 -2.82054043e+00\n   5.67490103e-03  5.23223327e+00]]", "nfev": "189", "njev": "27", "status": "0", "success": "True", "message": "Optimization terminated successfully.", "x": "[ 5.80968075  1.63221456  1.76477672  1.58166174  1.67149124 -2.17860685]", "nit": "20"}, "21": {"maxiter": 1000, "gtol": 1e-10, "xrtol": 1e-05, "eps": 1e-10, "duration": 0.03371596336364746, "fun": "0.1585187069163485", "jac": "[-2.22044587e-06  4.44089173e-06  3.33066880e-06  4.44089173e-06\n  1.11022293e-06 -1.11022293e-06]", "hess_inv": "[[  4.63515262   4.68391304  -3.37365371   2.47485155   0.26350341\n   -2.91557177]\n [  4.68391304  19.51878615 -15.77010465   6.15114953  -0.1779715\n   -6.59471896]\n [ -3.37365371 -15.77010465  15.57329253  -4.36716577   0.68108374\n    4.47898822]\n [  2.47485155   6.15114953  -4.36716577   4.64099355   0.29299949\n   -2.74107625]\n [  0.26350341  -0.1779715    0.68108374   0.29299949   3.55848025\n   -0.06768806]\n [ -2.91557177  -6.59471896   4.47898822  -2.74107625  -0.06768806\n    5.24329644]]", "nfev": "196", "njev": "28", "status": "0", "success": "True", "message": "Optimization terminated successfully.", "x": "[ 5.80968648  1.63226491  1.76475114  1.58168701  1.67150049 -2.1786279 ]", "nit": "21"}, "22": {"maxiter": 1000, "gtol": 1e-10, "xrtol": 1e-10, "eps": 1e-05, "duration": 0.07346582412719727, "fun": "0.15851870682525437", "jac": "[3.18867155e-07 1.68345338e-06 1.05558895e-06 9.91573490e-07\n 4.23472368e-07 1.39922518e-06]", "hess_inv": "[[  5.42308282   6.74838751  -4.43682584   3.8457171    0.53981866\n   -3.61079847]\n [  6.74838751  24.75378238 -19.23644756   8.87339792   0.5545502\n   -6.67797383]\n [ -4.43682584 -19.23644756  17.76333444  -6.0788945    0.18336035\n    4.56732664]\n [  3.8457171    8.87339792  -6.0788945    6.2940347    0.63305604\n   -3.12872845]\n [  0.53981866   0.5545502    0.18336035   0.63305604   3.68075797\n   -0.04025323]\n [ -3.61079847  -6.67797383   4.56732664  -3.12872845  -0.04025323\n    5.23399112]]", "nfev": "432", "njev": "60", "status": "2", "success": "False", "message": "Desired error not necessarily achieved due to precision loss.", "x": "[ 5.80966344  1.63219123  1.76479062  1.58164534  1.67148823 -2.17860671]", "nit": "21"}, "23": {"maxiter": 1000, "gtol": 1e-10, "xrtol": 1e-10, "eps": 1e-10, "duration": 0.051348209381103516, "fun": "0.15851870685781722", "jac": "[-3.33066880e-06  1.11022293e-06  2.22044587e-06  1.11022293e-06\n -1.11022293e-06 -4.44089173e-06]", "hess_inv": "[[  2.62877983   4.50578773  -1.9538851    2.32009102   0.60029506\n   -1.38011082]\n [  4.50578773  26.13564682 -17.06590969  10.84043494   4.15648647\n   -2.66002917]\n [ -1.9538851  -17.06590969  14.99842254  -5.1279567   -0.55119432\n    1.80678693]\n [  2.32009102  10.84043494  -5.1279567    8.10991247   3.3559421\n   -0.55899586]\n [  0.60029506   4.15648647  -0.55119432   3.3559421    5.67146313\n    0.25392793]\n [ -1.38011082  -2.66002917   1.80678693  -0.55899586   0.25392793\n    2.87063931]]", "nfev": "301", "njev": "43", "status": "0", "success": "True", "message": "Optimization terminated successfully.", "x": "[ 5.80966612  1.63217885  1.76480335  1.58164298  1.67148521 -2.17861719]", "nit": "24"}}, "cobyla": {"0": {"maxiter": 100, "tol": 1e-05, "catol": 1e-05, "duration": 0.01640605926513672, "x": "[ 5.53591835  1.14752943  2.07080148  1.30674205  1.60790371 -1.92901694]", "status": "2", "success": "False", "message": "Maximum number of function evaluations has been exceeded.", "nfev": "100", "fun": "0.16684533983048477", "maxcv": "0.0"}, "1": {"maxiter": 100, "tol": 1e-05, "catol": 1e-10, "duration": 0.016386032104492188, "x": "[ 5.53591835  1.14752943  2.07080148  1.30674205  1.60790371 -1.92901694]", "status": "2", "success": "False", "message": "Maximum number of function evaluations has been exceeded.", "nfev": "100", "fun": "0.16684533983048477", "maxcv": "0.0"}, "2": {"maxiter": 100, "tol": 1e-10, "catol": 1e-05, "duration": 0.016395092010498047, "x": "[ 5.53591835  1.14752943  2.07080148  1.30674205  1.60790371 -1.92901694]", "status": "2", "success": "False", "message": "Maximum number of function evaluations has been exceeded.", "nfev": "100", "fun": "0.16684533983048477", "maxcv": "0.0"}, "3": {"maxiter": 100, "tol": 1e-10, "catol": 1e-10, "duration": 0.016389846801757812, "x": "[ 5.53591835  1.14752943  2.07080148  1.30674205  1.60790371 -1.92901694]", "status": "2", "succ