{"date": "2024/07/19/, 13:23:40", "conf_id": 192, "data_type": "non_lin_ind\n", "num_data_points": 2, "s_rank": 0, "unitary": "[[0.18663085-0.53122324j,-0.11886349-0.70040876j,0.28555095-0.02789305j,-0.12262021-0.2844587j],[-0.16702216+0.27758472j,0.27526351-0.29738586j,-0.01109314+0.22495461j,-0.77239203+0.28900673j],[0.61935415+0.12301792j,-0.31269928-0.03315917j,-0.61902762-0.19039079j,-0.27120731-0.0968989j],[0.42341754+0.0023929j,-0.05847358+0.47832119j,0.64900495-0.16218422j,-0.37182676-0.05229966j]]", "databatch_0": {"databatch": "[[[-0.01187313-0.06973589j,0.23535992+0.05212721j,-0.04863838+0.16878189j,0.12507331-0.24359357j],[-0.01135469-0.1063977j,-0.17164189+0.37252028j,-0.20953173-0.42110882j,0.24441782-0.20355549j],[-0.10352196-0.15130575j,0.21466515-0.12841044j,-0.05412198+0.09806977j,-0.11312235+0.05915317j],[0.04780658+0.145753j,0.07425302-0.20224815j,0.17720243+0.25763741j,-0.18822371-0.02794759j]],[[0.21032599+0.05764759j,-0.14632489-0.00719666j,-0.21188785-0.06108233j,0.16748858+0.22755706j],[-0.01676189-0.27279789j,-0.0742803-0.011154j,-0.09268994+0.15252216j,-0.02970961-0.18093833j],[0.06759535-0.20710477j,0.14775852+0.16233907j,0.03033609+0.04039651j,0.5470099-0.26317157j],[0.0174693+0.23015572j,-0.08653932-0.01342029j,-0.0051305-0.03116804j,-0.19525669+0.29991524j]]]", "initial param values": "[1.94324524,1.61046545,3.20907653,1.57752177,3.75261178,5.20231008]", "nelder_mead": {"type": "gradient-free", "0": {"maxiter": 100, "fatol": 1e-05, "xatol": 1e-05, "duration": 0.0255129337310791, "fun": "0.23022637915752586", "nit": "100", "nfev": "151", "status": "2", "success": "False", "message": "Maximum number of iterations has been exceeded.", "x": "[1.43912454 0.45708526 3.81901298 3.86049588 3.88444378 6.05166185]", "final_simplex": "(array([[1.43912454, 0.45708526, 3.81901298, 3.86049588, 3.88444378,\n        6.05166185],\n       [1.61718174, 0.41654636, 3.79135719, 3.83262342, 3.81070517,\n        6.10477817],\n       [1.59931084, 0.4216161 , 3.70555259, 3.84434118, 3.96728416,\n        6.02081374],\n       [1.56129089, 0.49332483, 3.66738352, 3.75306812, 3.90397457,\n        6.17098205],\n       [1.5363675 , 0.49075649, 3.80041518, 3.71888651, 3.80002899,\n        6.17660231],\n       [1.47301375, 0.41322606, 3.81593372, 3.87655058, 3.9869665 ,\n        6.25110849],\n       [1.50942836, 0.52275532, 3.71645148, 3.7054882 , 3.97518531,\n        6.05385467]]), array([0.23022638, 0.23537358, 0.2395492 , 0.24062482, 0.24351166,\n       0.24374832, 0.2442766 ]))"}, "1": {"maxiter": 100, "fatol": 1e-05, "xatol": 1e-10, "duration": 0.025762081146240234, "fun": "0.23022637915752586", "nit": "100", "nfev": "151", "status": "2", "success": "False", "message": "Maximum number of iterations has been exceeded.", "x": "[1.43912454 0.45708526 3.81901298 3.86049588 3.88444378 6.05166185]", "final_simplex": "(array([[1.43912454, 0.45708526, 3.81901298, 3.86049588, 3.88444378,\n        6.05166185],\n       [1.61718174, 0.41654636, 3.79135719, 3.83262342, 3.81070517,\n        6.10477817],\n       [1.59931084, 0.4216161 , 3.70555259, 3.84434118, 3.96728416,\n        6.02081374],\n       [1.56129089, 0.49332483, 3.66738352, 3.75306812, 3.90397457,\n        6.17098205],\n       [1.5363675 , 0.49075649, 3.80041518, 3.71888651, 3.80002899,\n        6.17660231],\n       [1.47301375, 0.41322606, 3.81593372, 3.87655058, 3.9869665 ,\n        6.25110849],\n       [1.50942836, 0.52275532, 3.71645148, 3.7054882 , 3.97518531,\n        6.05385467]]), array([0.23022638, 0.23537358, 0.2395492 , 0.24062482, 0.24351166,\n       0.24374832, 0.2442766 ]))"}, "2": {"maxiter": 100, "fatol": 1e-10, "xatol": 1e-05, "duration": 0.026318073272705078, "fun": "0.23022637915752586", "nit": "100", "nfev": "151", "status": "2", "success": "False", "message": "Maximum number of iterations has been exceeded.", "x": "[1.43912454 0.45708526 3.81901298 3.86049588 3.88444378 6.05166185]", "final_simplex": "(array([[1.43912454, 0.45708526, 3.81901298, 3.86049588, 3.88444378,\n        6.05166185],\n       [1.61718174, 0.41654636, 3.79135719, 3.83262342, 3.81070517,\n        6.10477817],\n       [1.59931084, 0.4216161 , 3.70555259, 3.84434118, 3.96728416,\n        6.02081374],\n       [1.56129089, 0.49332483, 3.66738352, 3.75306812, 3.90397457,\n        6.17098205],\n       [1.5363675 , 0.49075649, 3.80041518, 3.71888651, 3.80002899,\n        6.17660231],\n       [1.47301375, 0.41322606, 3.81593372, 3.87655058, 3.9869665 ,\n        6.25110849],\n       [1.50942836, 0.52275532, 3.71645148, 3.7054882 , 3.97518531,\n        6.05385467]]), array([0.23022638, 0.23537358, 0.2395492 , 0.24062482, 0.24351166,\n       0.24374832, 0.2442766 ]))"}, "3": {"maxiter": 100, "fatol": 1e-10, "xatol": 1e-10, "duration": 0.025815963745117188, "fun": "0.23022637915752586", "nit": "100", "nfev": "151", "status": "2", "success": "False", "message": "Maximum number of iterations has been exceeded.", "x": "[1.43912454 0.45708526 3.81901298 3.86049588 3.88444378 6.05166185]", "final_simplex": "(array([[1.43912454, 0.45708526, 3.81901298, 3.86049588, 3.88444378,\n        6.05166185],\n       [1.61718174, 0.41654636, 3.79135719, 3.83262342, 3.81070517,\n        6.10477817],\n       [1.59931084, 0.4216161 , 3.70555259, 3.84434118, 3.96728416,\n        6.02081374],\n       [1.56129089, 0.49332483, 3.66738352, 3.75306812, 3.90397457,\n        6.17098205],\n       [1.5363675 , 0.49075649, 3.80041518, 3.71888651, 3.80002899,\n        6.17660231],\n       [1.47301375, 0.41322606, 3.81593372, 3.87655058, 3.9869665 ,\n        6.25110849],\n       [1.50942836, 0.52275532, 3.71645148, 3.7054882 , 3.97518531,\n        6.05385467]]), array([0.23022638, 0.23537358, 0.2395492 , 0.24062482, 0.24351166,\n       0.24374832, 0.2442766 ]))"}, "4": {"maxiter": 500, "fatol": 1e-05, "xatol": 1e-05, "duration": 0.09661698341369629, "fun": "0.18785935999146608", "nit": "365", "nfev": "576", "status": "0", "success": "True", "message": "Optimization terminated successfully.", "x": "[1.44532987 0.76845151 3.74473675 4.1066461  3.42320639 5.67432919]", "final_simplex": "(array([[1.44532987, 0.76845151, 3.74473675, 4.1066461 , 3.42320639,\n        5.67432919],\n       [1.44533242, 0.76844449, 3.74474205, 4.10664771, 3.42319684,\n        5.67432932],\n       [1.44532809, 0.76845608, 3.74474357, 4.10664477, 3.42320514,\n        5.67432789],\n       [1.4453277 , 0.76844957, 3.74474268, 4.10664069, 3.42320625,\n        5.67433507],\n       [1.44532274, 0.7684445 , 3.74473722, 4.10663769, 3.42320018,\n        5.67433118],\n       [1.44532535, 0.76845503, 3.74473218, 4.10664499, 3.42319911,\n        5.67432635],\n       [1.44532493, 0.76844607, 3.74474351, 4.10664822, 3.42320736,\n        5.67433651]]), array([0.18785936, 0.18785936, 0.18785936, 0.18785936, 0.18785936,\n       0.18785936, 0.18785936]))"}, "5": {"maxiter": 500, "fatol": 1e-05, "xatol": 1e-10, "duration": 0.14241266250610352, "fun": "0.18785935997015768", "nit": "500", "nfev": "834", "status": "2", "success": "False", "message": "Maximum number of iterations has been exceeded.", "x": "[1.44533249 0.768452   3.74473856 4.10663924 3.42320015 5.67432137]", "final_simplex": "(array([[1.44533249, 0.768452  , 3.74473856, 4.10663924, 3.42320015,\n        5.67432137],\n       [1.44533249, 0.768452  , 3.74473856, 4.10663924, 3.42320015,\n        5.67432137],\n       [1.44533249, 0.768452  , 3.74473856, 4.10663924, 3.42320015,\n        5.67432137],\n       [1.44533249, 0.768452  , 3.74473856, 4.10663924, 3.42320015,\n        5.67432137],\n       [1.44533249, 0.768452  , 3.74473856, 4.10663924, 3.42320015,\n        5.67432137],\n       [1.44533249, 0.768452  , 3.74473856, 4.10663924, 3.42320015,\n        5.67432137],\n       [1.44533249, 0.768452  , 3.74473856, 4.10663924, 3.42320015,\n        5.67432137]]), array([0.18785936, 0.18785936, 0.18785936, 0.18785936, 0.18785936,\n       0.18785936, 0.18785936]))"}, "6": {"maxiter": 500, "fatol": 1e-10, "xatol": 1e-05, "duration": 0.09847784042358398, "fun": "0.18785935999146608", "nit": "365", "nfev": "576", "status": "0", "success": "True", "message": "Optimization terminated successfully.", "x": "[1.44532987 0.76845151 3.74473675 4.1066461  3.42320639 5.67432919]", "final_simplex": "(array([[1.44532987, 0.76845151, 3.74473675, 4.1066461 , 3.42320639,\n        5.67432919],\n       [1.44533242, 0.76844449, 3.74474205, 4.10664771, 3.42319684,\n        5.67432932],\n       [1.44532809, 0.76845608, 3.74474357, 4.10664477, 3.42320514,\n        5.67432789],\n       [1.4453277 , 0.76844957, 3.74474268, 4.10664069, 3.42320625,\n        5.67433507],\n       [1.44532274, 0.7684445 , 3.74473722, 4.10663769, 3.42320018,\n        5.67433118],\n       [1.44532535, 0.76845503, 3.74473218, 4.10664499, 3.42319911,\n        5.67432635],\n       [1.44532493, 0.76844607, 3.74474351, 4.10664822, 3.42320736,\n        5.67433651]]), array([0.18785936, 0.18785936, 0.18785936, 0.18785936, 0.18785936,\n       0.18785936, 0.18785936]))"}, "7": {"maxiter": 500, "fatol": 1e-10, "xatol": 1e-10, "duration": 0.14276409149169922, "fun": "0.18785935997015768", "nit": "500", "nfev": "834", "status": "2", "success": "False", "message": "Maximum number of iterations has been exceeded.", "x": "[1.44533249 0.768452   3.74473856 4.10663924 3.42320015 5.67432137]", "final_simplex": "(array([[1.44533249, 0.768452  , 3.74473856, 4.10663924, 3.42320015,\n        5.67432137],\n       [1.44533249, 0.768452  , 3.74473856, 4.10663924, 3.42320015,\n        5.67432137],\n       [1.44533249, 0.768452  , 3.74473856, 4.10663924, 3.42320015,\n        5.67432137],\n       [1.44533249, 0.768452  , 3.74473856, 4.10663924, 3.42320015,\n        5.67432137],\n       [1.44533249, 0.768452  , 3.74473856, 4.10663924, 3.42320015,\n        5.67432137],\n       [1.44533249, 0.768452  , 3.74473856, 4.10663924, 3.42320015,\n        5.67432137],\n       [1.44533249, 0.768452  , 3.74473856, 4.10663924, 3.42320015,\n        5.67432137]]), array([0.18785936, 0.18785936, 0.18785936, 0.18785936, 0.18785936,\n       0.18785936, 0.18785936]))"}, "8": {"maxiter": 1000, "fatol": 1e-05, "xatol": 1e-05, "duration": 0.09695911407470703, "fun": "0.18785935999146608", "nit": "365", "nfev": "576", "status": "0", "success": "True", "message": "Optimization terminated successfully.", "x": "[1.44532987 0.76845151 3.74473675 4.1066461  3.42320639 5.67432919]", "final_simplex": "(array([[1.44532987, 0.76845151, 3.74473675, 4.1066461 , 3.42320639,\n        5.67432919],\n       [1.44533242, 0.76844449, 3.74474205, 4.10664771, 3.42319684,\n        5.67432932],\n       [1.44532809, 0.76845608, 3.74474357, 4.10664477, 3.42320514,\n        5.67432789],\n       [1.4453277 , 0.76844957, 3.74474268, 4.10664069, 3.42320625,\n        5.67433507],\n       [1.44532274, 0.7684445 , 3.74473722, 4.10663769, 3.42320018,\n        5.67433118],\n       [1.44532535, 0.76845503, 3.74473218, 4.10664499, 3.42319911,\n        5.67432635],\n       [1.44532493, 0.76844607, 3.74474351, 4.10664822, 3.42320736,\n        5.67433651]]), array([0.18785936, 0.18785936, 0.18785936, 0.18785936, 0.18785936,\n       0.18785936, 0.18785936]))"}, "9": {"maxiter": 1000, "fatol": 1e-05, "xatol": 1e-10, "duration": 0.14452099800109863, "fun": "0.18785935997015768", "nit": "507", "nfev": "857", "status": "0", "success": "True", "message": "Optimization terminated successfully.", "x": "[1.44533249 0.768452   3.74473856 4.10663924 3.42320015 5.67432137]", "final_simplex": "(array([[1.44533249, 0.768452  , 3.74473856, 4.10663924, 3.42320015,\n        5.67432137],\n       [1.44533249, 0.768452  , 3.74473856, 4.10663924, 3.42320015,\n        5.67432137],\n       [1.44533249, 0.768452  , 3.74473856, 4.10663924, 3.42320015,\n        5.67432137],\n       [1.44533249, 0.768452  , 3.74473856, 4.10663924, 3.42320015,\n        5.67432137],\n       [1.44533249, 0.768452  , 3.74473856, 4.10663924, 3.42320015,\n        5.67432137],\n       [1.44533249, 0.768452  , 3.74473856, 4.10663924, 3.42320015,\n        5.67432137],\n       [1.44533249, 0.768452  , 3.74473856, 4.10663924, 3.42320015,\n        5.67432137]]), array([0.18785936, 0.18785936, 0.18785936, 0.18785936, 0.18785936,\n       0.18785936, 0.18785936]))"}, "10": {"maxiter": 1000, "fatol": 1e-10, "xatol": 1e-05, "duration": 0.09765100479125977, "fun": "0.18785935999146608", "nit": "365", "nfev": "576", "status": "0", "success": "True", "message": "Optimization terminated successfully.", "x": "[1.44532987 0.76845151 3.74473675 4.1066461  3.42320639 5.67432919]", "final_simplex": "(array([[1.44532987, 0.76845151, 3.74473675, 4.1066461 , 3.42320639,\n        5.67432919],\n       [1.44533242, 0.76844449, 3.74474205, 4.10664771, 3.42319684,\n        5.67432932],\n       [1.44532809, 0.76845608, 3.74474357, 4.10664477, 3.42320514,\n        5.67432789],\n       [1.4453277 , 0.76844957, 3.74474268, 4.10664069, 3.42320625,\n        5.67433507],\n       [1.44532274, 0.7684445 , 3.74473722, 4.10663769, 3.42320018,\n        5.67433118],\n       [1.44532535, 0.76845503, 3.74473218, 4.10664499, 3.42319911,\n        5.67432635],\n       [1.44532493, 0.76844607, 3.74474351, 4.10664822, 3.42320736,\n        5.67433651]]), array([0.18785936, 0.18785936, 0.18785936, 0.18785936, 0.18785936,\n       0.18785936, 0.18785936]))"}, "11": {"maxiter": 1000, "fatol": 1e-10, "xatol": 1e-10, "duration": 0.14462494850158691, "fun": "0.18785935997015768", "nit": "507", "nfev": "857", "status": "0", "success": "True", "message": "Optimization terminated successfully.", "x": "[1.44533249 0.768452   3.74473856 4.10663924 3.42320015 5.67432137]", "final_simplex": "(array([[1.44533249, 0.768452  , 3.74473856, 4.10663924, 3.42320015,\n        5.67432137],\n       [1.44533249, 0.768452  , 3.74473856, 4.10663924, 3.42320015,\n        5.67432137],\n       [1.44533249, 0.768452  , 3.74473856, 4.10663924, 3.42320015,\n        5.67432137],\n       [1.44533249, 0.768452  , 3.74473856, 4.10663924, 3.42320015,\n        5.67432137],\n       [1.44533249, 0.768452  , 3.74473856, 4.10663924, 3.42320015,\n        5.67432137],\n       [1.44533249, 0.768452  , 3.74473856, 4.10663924, 3.42320015,\n        5.67432137],\n       [1.44533249, 0.768452  , 3.74473856, 4.10663924, 3.42320015,\n        5.67432137]]), array([0.18785936, 0.18785936, 0.18785936, 0.18785936, 0.18785936,\n       0.18785936, 0.18785936]))"}}, "bfgs": {"type": "gradient", "0": {"maxiter": 100, "gtol": 1e-05, "xrtol": 1e-05, "eps": 1e-05, "duration": 0.029880762100219727, "fun": "0.1878593600251084", "jac": "[ 3.65629749e-07 -1.30081501e-06 -1.27274857e-06 -1.69841918e-07\n -3.75477427e-08 -4.69158046e-07]", "hess_inv": "[[ 3.84511579  0.40992519  0.1998038  -0.14807306  1.07572044 -0.18599774]\n [ 0.40992519  3.66023068 -1.46398664 -0.86609801 -0.14097756 -1.84879398]\n [ 0.1998038  -1.46398664  3.60996054  1.41984581  0.33173424  1.02587474]\n [-0.14807306 -0.86609801  1.41984581  3.49376292  0.05990132  0.33428215]\n [ 1.07572044 -0.14097756  0.33173424  0.05990132  5.03900126  1.55595492]\n [-0.18599774 -1.84879398  1.02587474  0.33428215  1.55595492  4.28756674]]", "nfev": "168", "njev": "24", "status": "0", "success": "True", "message": "Optimization terminated successfully.", "x": "[1.4453261  0.76844991 3.74472462 4.10662907 3.42318844 5.67431119]", "nit": "22"}, "1": {"maxiter": 100, "gtol": 1e-05, "xrtol": 1e-05, "eps": 1e-10, "duration": 0.029151201248168945, "fun": "0.18785936000408343", "jac": "[-5.55111466e-06 -3.33066880e-06 -4.44089173e-06 -3.33066880e-06\n -1.11022293e-06 -1.11022293e-06]", "hess_inv": "[[ 3.80358034  0.37986629  0.21170282 -0.19129972  1.09891046 -0.15337333]\n [ 0.37986629  3.60307833 -1.43177296 -0.89913368 -0.15403903 -1.81282543]\n [ 0.21170282 -1.43177296  3.5498136   1.4200757   0.32597482  0.99137774]\n [-0.19129972 -0.89913368  1.4200757   3.4486869   0.07232094  0.36303714]\n [ 1.09891046 -0.15403903  0.32597482  0.07232094  5.1647614   1.62072842]\n [-0.15337333 -1.81282543  0.99137774  0.36303714  1.62072842  4.28813025]]", "nfev": "168", "njev": "24", "status": "0", "success": "True", "message": "Optimization terminated successfully.", "x": "[1.44532589 0.7684471  3.74473267 4.10663714 3.42318533 5.67431598]", "nit": "22"}, "2": {"maxiter": 100, "gtol": 1e-05, "xrtol": 1e-10, "eps": 1e-05, "duration": 0.02907705307006836, "fun": "0.1878593600251084", "jac": "[ 3.65629749e-07 -1.30081501e-06 -1.27274857e-06 -1.69841918e-07\n -3.75477427e-08 -4.69158046e-07]", "hess_inv": "[[ 3.84511579  0.40992519  0.1998038  -0.14807306  1.07572044 -0.18599774]\n [ 0.40992519  3.66023068 -1.46398664 -0.86609801 -0.14097756 -1.84879398]\n [ 0.1998038  -1.46398664  3.60996054  1.41984581  0.33173424  1.02587474]\n [-0.14807306 -0.86609801  1.41984581  3.49376292  0.05990132  0.33428215]\n [ 1.07572044 -0.14097756  0.33173424  0.05990132  5.03900126  1.55595492]\n [-0.18599774 -1.84879398  1.02587474  0.33428215  1.55595492  4.28756674]]", "nfev": "168", "njev": "24", "status": "0", "success": "True", "message": "Optimization terminated successfully.", "x": "[1.4453261  0.76844991 3.74472462 4.10662907 3.42318844 5.67431119]", "nit": "22"}, "3": {"maxiter": 100, "gtol": 1e-05, "xrtol": 1e-10, "eps": 1e-10, "duration": 0.028975963592529297, "fun": "0.18785936000408343", "jac": "[-5.55111466e-06 -3.33066880e-06 -4.44089173e-06 -3.33066880e-06\n -1.11022293e-06 -1.11022293e-06]", "hess_inv": "[[ 3.80358034  0.37986629  0.21170282 -0.19129972  1.09891046 -0.15337333]\n [ 0.37986629  3.60307833 -1.43177296 -0.89913368 -0.15403903 -1.81282543]\n [ 0.21170282 -1.43177296  3.5498136   1.4200757   0.32597482  0.99137774]\n [-0.19129972 -0.89913368  1.4200757   3.4486869   0.07232094  0.36303714]\n [ 1.09891046 -0.15403903  0.32597482  0.07232094  5.1647614   1.62072842]\n [-0.15337333 -1.81282543  0.99137774  0.36303714  1.62072842  4.28813025]]", "nfev": "168", "njev": "24", "status": "0", "success": "True", "message": "Optimization terminated successfully.", "x": "[1.44532589 0.7684471  3.74473267 4.10663714 3.42318533 5.67431598]", "nit": "22"}, "4": {"maxiter": 100, "gtol": 1e-10, "xrtol": 1e-05, "eps": 1e-05, "duration": 0.029575109481811523, "fun": "0.1878593600251084", "jac": "[ 3.65629749e-07 -1.30081501e-06 -1.27274857e-06 -1.69841918e-07\n -3.75477427e-08 -4.69158046e-07]", "hess_inv": "[[ 3.84511579  0.40992519  0.1998038  -0.14807306  1.07572044 -0.18599774]\n [ 0.40992519  3.66023068 -1.46398664 -0.86609801 -0.14097756 -1.84879398]\n [ 0.1998038  -1.46398664  3.60996054  1.41984581  0.33173424  1.02587474]\n [-0.14807306 -0.86609801  1.41984581  3.49376292  0.05990132  0.33428215]\n [ 1.07572044 -0.14097756  0.33173424  0.05990132  5.03900126  1.55595492]\n [-0.18599774 -1.84879398  1.02587474  0.33428215  1.55595492  4.28756674]]", "nfev": "168", "njev": "24", "status": "0", "success": "True", "message": "Optimization terminated successfully.", "x": "[1.4453261  0.76844991 3.74472462 4.10662907 3.42318844 5.67431119]", "nit": "22"}, "5": {"maxiter": 100, "gtol": 1e-10, "xrtol": 1e-05, "eps": 1e-10, "duration": 0.02926182746887207, "fun": "0.18785936000408343", "jac": "[-5.55111466e-06 -3.33066880e-06 -4.44089173e-06 -3.33066880e-06\n -1.11022293e-06 -1.11022293e-06]", "hess_inv": "[[ 3.80358034  0.37986629  0.21170282 -0.19129972  1.09891046 -0.15337333]\n [ 0.37986629  3.60307833 -1.43177296 -0.89913368 -0.15403903 -1.81282543]\n [ 0.21170282 -1.43177296  3.5498136   1.4200757   0.32597482  0.99137774]\n [-0.19129972 -0.89913368  1.4200757   3.4486869   0.07232094  0.36303714]\n [ 1.09891046 -0.15403903  0.32597482  0.07232094  5.1647614   1.62072842]\n [-0.15337333 -1.81282543  0.99137774  0.36303714  1.62072842  4.28813025]]", "nfev": "168", "njev": "24", "status": "0", "success": "True", "message": "Optimization terminated successfully.", "x": "[1.44532589 0.7684471  3.74473267 4.10663714 3.42318533 5.67431598]", "nit": "22"}, "6": {"maxiter": 100, "gtol": 1e-10, "xrtol": 1e-10, "eps": 1e-05, "duration": 0.06635713577270508, "fun": "0.18785936000455483", "jac": "[ 1.22124533e-10  7.10542736e-10  5.55111512e-10  2.22044605e-11\n  3.33066907e-10 -6.99440506e-10]", "hess_inv": "[[ 3.90485123  0.40178539  0.13849585 -0.25045423  1.00511386 -0.42619465]\n [ 0.40178539  3.70103361 -1.35174303 -0.90742667 -0.20382836 -1.99331473]\n [ 0.13849585 -1.35174303  3.79814431  1.52249871  0.39068717  1.16665595]\n [-0.25045423 -0.90742667  1.52249871  3.53212922  0.04248361  0.54350708]\n [ 1.00511386 -0.20382836  0.39068717  0.04248361  4.9805724   1.63819438]\n [-0.42619465 -1.99331473  1.16665595  0.54350708  1.63819438  5.02201393]]", "nfev": "388", "njev": "54", "status": "2", "success": "False", "message": "Desired error not necessarily achieved due to precision loss.", "x": "[1.44532518 0.76845189 3.74472855 4.10663087 3.42318934 5.67431273]", "nit": "25"}, "7": {"maxiter": 100, "gtol": 1e-10, "xrtol": 1e-10, "eps": 1e-10, "duration": 0.04971599578857422, "fun": "0.18785935997379055", "jac": "[-1.11022293e-06 -2.22044587e-06  0.00000000e+00  0.00000000e+00\n  0.00000000e+00  1.11022293e-06]", "hess_inv": "[[ 1.16616306 -0.18092078 -0.9149361  -0.57341155  0.5562495  -0.38229595]\n [-0.18092078  1.48960955  0.95889077  0.25736651 -0.60915624 -0.43437916]\n [-0.9149361   0.95889077  3.2535893   0.88821009 -2.13001883 -0.59012416]\n [-0.57341155  0.25736651  0.88821009  0.49632002 -0.48329809 -0.0343567 ]\n [ 0.5562495  -0.60915624 -2.13001883 -0.48329809  2.0236003   0.37864902]\n [-0.38229595 -0.43437916 -0.59012416 -0.0343567   0.37864902  0.71577485]]", "nfev": "287", "njev": "41", "status": "0", "success": "True", "message": "Optimization terminated successfully.", "x": "[1.44533315 0.76844757 3.74474221 4.10664147 3.42320223 5.6743252 ]", "nit": "30"}, "8": {"maxiter": 500, "gtol": 1e-05, "xrtol": 1e-05, "eps": 1e-05, "duration": 0.028972864151000977, "fun": "0.1878593600251084", "jac": "[ 3.65629749e-07 -1.30081501e-06 -1.27274857e-06 -1.69841918e-07\n -3.75477427e-08 -4.69158046e-07]", "hess_inv": "[[ 3.84511579  0.40992519  0.1998038  -0.14807306  1.07572044 -0.18599774]\n [ 0.40992519  3.66023068 -1.46398664 -0.86609801 -0.14097756 -1.84879398]\n [ 0.1998038  -1.46398664  3.60996054  1.41984581  0.33173424  1.02587474]\n [-0.14807306 -0.86609801  1.41984581  3.49376292  0.05990132  0.33428215]\n [ 1.07572044 -0.14097756  0.33173424  0.05990132  5.03900126  1.55595492]\n [-0.18599774 -1.84879398  1.02587474  0.33428215  1.55595492  4.28756674]]", "nfev": "168", "njev": "24", "status": "0", "success": "True", "message": "Optimization terminated successfully.", "x": "[1.4453261  0.76844991 3.74472462 4.10662907 3.42318844 5.67431119]", "nit": "22"}, "9": {"maxiter": 500, "gtol": 1e-05, "xrtol": 1e-05, "eps": 1e-10, "duration": 0.028998136520385742, "fun": "0.18785936000408343", "jac": "[-5.55111466e-06 -3.33066880e-06 -4.44089173e-06 -3.33066880e-06\n -1.11022293e-06 -1.11022293e-06]", "hess_inv": "[[ 3.80358034  0.37986629  0.21170282 -0.19129972  1.09891046 -0.15337333]\n [ 0.37986629  3.60307833 -1.43177296 -0.89913368 -0.15403903 -1.81282543]\n [ 0.21170282 -1.43177296  3.5498136   1.4200757   0.32597482  0.99137774]\n [-0.19129972 -0.89913368  1.4200757   3.4486869   0.07232094  0.36303714]\n [ 1.09891046 -0.15403903  0.32597482  0.07232094  5.1647614   1.62072842]\n [-0.15337333 -1.81282543  0.99137774  0.36303714  1.62072842  4.28813025]]", "nfev": "168", "njev": "24", "status": "0", "success": "True", "message": "Optimization terminated successfully.", "x": "[1.44532589 0.7684471  3.74473267 4.10663714 3.42318533 5.67431598]", "nit": "22"}, "10": {"maxiter": 500, "gtol": 1e-05, "xrtol": 1e-10, "eps": 1e-05, "duration": 0.029047012329101562, "fun": "0.1878593600251084", "jac": "[ 3.65629749e-07 -1.30081501e-06 -1.27274857e-06 -1.69841918e-07\n -3.75477427e-08 -4.69158046e-07]", "hess_inv": "[[ 3.84511579  0.40992519  0.1998038  -0.14807306  1.07572044 -0.18599774]\n [ 0.40992519  3.66023068 -1.46398664 -0.86609801 -0.14097756 -1.84879398]\n [ 0.1998038  -1.46398664  3.60996054  1.41984581  0.33173424  1.02587474]\n [-0.14807306 -0.86609801  1.41984581  3.49376292  0.05990132  0.33428215]\n [ 1.07572044 -0.14097756  0.33173424  0.05990132  5.03900126  1.55595492]\n [-0.18599774 -1.84879398  1.02587474  0.33428215  1.55595492  4.28756674]]", "nfev": "168", "njev": "24", "status": "0", "success": "True", "message": "Optimization terminated successfully.", "x": "[1.4453261  0.76844991 3.74472462 4.10662907 3.42318844 5.67431119]", "nit": "22"}, "11": {"maxiter": 500, "gtol": 1e-05, "xrtol": 1e-10, "eps": 1e-10, "duration": 0.02902817726135254, "fun": "0.18785936000408343", "jac": "[-5.55111466e-06 -3.33066880e-06 -4.44089173e-06 -3.33066880e-06\n -1.11022293e-06 -1.11022293e-06]", "hess_inv": "[[ 3.80358034  0.37986629  0.21170282 -0.19129972  1.09891046 -0.15337333]\n [ 0.37986629  3.60307833 -1.43177296 -0.89913368 -0.15403903 -1.81282543]\n [ 0.21170282 -1.43177296  3.5498136   1.4200757   0.32597482  0.99137774]\n [-0.19129972 -0.89913368  1.4200757   3.4486869   0.07232094  0.36303714]\n [ 1.09891046 -0.15403903  0.32597482  0.07232094  5.1647614   1.62072842]\n [-0.15337333 -1.81282543  0.99137774  0.36303714  1.62072842  4.28813025]]", "nfev": "168", "njev": "24", "status": "0", "success": "True", "message": "Optimization terminated successfully.", "x": "[1.44532589 0.7684471  3.74473267 4.10663714 3.42318533 5.67431598]", "nit": "22"}, "12": {"maxiter": 500, "gtol": 1e-10, "xrtol": 1e-05, "eps": 1e-05, "duration": 0.029065370559692383, "fun": "0.1878593600251084", "jac": "[ 3.65629749e-07 -1.30081501e-06 -1.27274857e-06 -1.69841918e-07\n -3.75477427e-08 -4.69158046e-07]", "hess_inv": "[[ 3.84511579  0.40992519  0.1998038  -0.14807306  1.07572044 -0.18599774]\n [ 0.40992519  3.66023068 -1.46398664 -0.86609801 -0.14097756 -1.84879398]\n [ 0.1998038  -1.46398664  3.60996054  1.41984581  0.33173424  1.02587474]\n [-0.14807306 -0.86609801  1.41984581  3.49376292  0.05990132  0.33428215]\n [ 1.07572044 -0.14097756  0.33173424  0.05990132  5.03900126  1.55595492]\n [-0.18599774 -1.84879398  1.02587474  0.33428215  1.55595492  4.28756674]]", "nfev": "168", "njev": "24", "status": "0", "success": "True", "message": "Optimization terminated successfully.", "x": "[1.4453261  0.76844991 3.74472462 4.10662907 3.42318844 5.67431119]", "nit": "22"}, "13": {"maxiter": 500, "gtol": 1e-10, "xrtol": 1e-05, "eps": 1e-10, "duration": 0.029072999954223633, "fun": "0.18785936000408343", "jac": "[-5.55111466e-06 -3.33066880e-06 -4.44089173e-06 -3.33066880e-06\n -1.11022293e-06 -1.11022293e-06]", "hess_inv": "[[ 3.80358034  0.37986629  0.21170282 -0.19129972  1.09891046 -0.15337333]\n [ 0.37986629  3.60307833 -1.43177296 -0.89913368 -0.15403903 -1.81282543]\n [ 0.21170282 -1.43177296  3.5498136   1.4200757   0.32597482  0.99137774]\n [-0.19129972 -0.89913368  1.4200757   3.4486869   0.07232094  0.36303714]\n [ 1.09891046 -0.15403903  0.32597482  0.07232094  5.1647614   1.62072842]\n [-0.15337333 -1.81282543  0.99137774  0.36303714  1.62072842  4.28813025]]", "nfev": "168", "njev": "24", "status": "0", "success": "True", "message": "Optimization terminated successfully.", "x": "[1.44532589 0.7684471  3.74473267 4.10663714 3.42318533 5.67431598]", "nit": "22"}, "14": {"maxiter": 500, "gtol": 1e-10, "xrtol": 1e-10, "eps": 1e-05, "duration": 0.06767487525939941, "fun": "0.18785936000455483", "jac": "[ 1.22124533e-10  7.10542736e-10  5.55111512e-10  2.22044605e-11\n  3.33066907e-10 -6.99440506e-10]", "hess_inv": "[[ 3.90485123  0.40178539  0.13849585 -0.25045423  1.00511386 -0.42619465]\n [ 0.40178539  3.70103361 -1.35174303 -0.90742667 -0.20382836 -1.99331473]\n [ 0.13849585 -1.35174303  3.79814431  1.52249871  0.39068717  1.16665595]\n [-0.25045423 -0.90742667  1.52249871  3.53212922  0.04248361  0.54350708]\n [ 1.00511386 -0.20382836  0.39068717  0.04248361  4.9805724   1.63819438]\n [-0.42619465 -1.99331473  1.16665595  0.54350708  1.63819438  5.02201393]]", "nfev": "388", "njev": "54", "status": "2", "success": "False", "message": "Desired error not necessarily achieved due to precision loss.", "x": "[1.44532518 0.76845189 3.74472855 4.10663087 3.42318934 5.67431273]", "nit": "25"}, "15": {"maxiter": 500, "gtol": 1e-10, "xrtol": 1e-10, "eps": 1e-10, "duration": 0.049629926681518555, "fun": "0.18785935997379055", "jac": "[-1.11022293e-06 -2.22044587e-06  0.00000000e+00  0.00000000e+00\n  0.00000000e+00  1.11022293e-06]", "hess_inv": "[[ 1.16616306 -0.18092078 -0.9149361  -0.57341155  0.5562495  -0.38229595]\n [-0.18092078  1.48960955  0.95889077  0.25736651 -0.60915624 -0.43437916]\n [-0.9149361   0.95889077  3.2535893   0.88821009 -2.13001883 -0.59012416]\n [-0.57341155  0.25736651  0.88821009  0.49632002 -0.48329809 -0.0343567 ]\n [ 0.5562495  -0.60915624 -2.13001883 -0.48329809  2.0236003   0.37864902]\n [-0.38229595 -0.43437916 -0.59012416 -0.0343567   0.37864902  0.71577485]]", "nfev": "287", "njev": "41", "status": "0", "success": "True", "message": "Optimization terminated successfully.", "x": "[1.44533315 0.76844757 3.74474221 4.10664147 3.42320223 5.6743252 ]", "nit": "30"}, "16": {"maxiter": 1000, "gtol": 1e-05, "xrtol": 1e-05, "eps": 1e-05, "duration": 0.02905583381652832, "fun": "0.1878593600251084", "jac": "[ 3.65629749e-07 -1.30081501e-06 -1.27274857e-06 -1.69841918e-07\n -3.75477427e-08 -4.69158046e-07]", "hess_inv": "[[ 3.84511579  0.40992519  0.1998038  -0.14807306  1.07572044 -0.18599774]\n [ 0.40992519  3.66023068 -1.46398664 -0.86609801 -0.14097756 -1.84879398]\n [ 0.1998038  -1.46398664  3.60996054  1.41984581  0.33173424  1.02587474]\n [-0.14807306 -0.86609801  1.41984581  3.49376292  0.05990132  0.33428215]\n [ 1.07572044 -0.14097756  0.33173424  0.05990132  5.03900126  1.55595492]\n [-0.18599774 -1.84879398  1.02587474  0.33428215  1.55595492  4.28756674]]", "nfev": "168", "njev": "24", "status": "0", "success": "True", "message": "Optimization terminated successfully.", "x": "[1.4453261  0.76844991 3.74472462 4.10662907 3.42318844 5.67431119]", "nit": "22"}, "17": {"maxiter": 1000, "gtol": 1e-05, "xrtol": 1e-05, "eps": 1e-10, "duration": 0.0290067195892334, "fun": "0.18785936000408343", "jac": "[-5.55111466e-06 -3.33066880e-06 -4.44089173e-06 -3.33066880e-06\n -1.11022293e-06 -1.11022293e-06]", "hess_inv": "[[ 3.80358034  0.37986629  0.21170282 -0.19129972  1.09891046 -0.15337333]\n [ 0.37986629  3.60307833 -1.43177296 -0.89913368 -0.15403903 -1.81282543]\n [ 0.21170282 -1.43177296  3.5498136   1.4200757   0.32597482  0.99137774]\n [-0.19129972 -0.89913368  1.4200757   3.4486869   0.07232094  0.36303714]\n [ 1.09891046 -0.15403903  0.32597482  0.07232094  5.1647614   1.62072842]\n [-0.15337333 -1.81282543  0.99137774  0.36303714  1.62072842  4.28813025]]", "nfev": "168", "njev": "24", "status": "0", "success": "True", "message": "Optimization terminated successfully.", "x": "[1.44532589 0.7684471  3.74473267 4.10663714 3.42318533 5.67431598]", "nit": "22"}, "18": {"maxiter": 1000, "gtol": 1e-05, "xrtol": 1e-10, "eps": 1e-05, "duration": 0.029483795166015625, "fun": "0.1878593600251084", "jac": "[ 3.65629749e-07 -1.30081501e-06 -1.27274857e-06 -1.69841918e-07\n -3.75477427e-08 -4.69158046e-07]", "hess_inv": "[[ 3.84511579  0.40992519  0.1998038  -0.14807306  1.07572044 -0.18599774]\n [ 0.40992519  3.66023068 -1.46398664 -0.86609801 -0.14097756 -1.84879398]\n [ 0.1998038  -1.46398664  3.60996054  1.41984581  0.33173424  1.02587474]\n [-0.14807306 -0.86609801  1.41984581  3.49376292  0.05990132  0.33428215]\n [ 1.07572044 -0.14097756  0.33173424  0.05990132  5.03900126  1.55595492]\n [-0.18599774 -1.84879398  1.02587474  0.33428215  1.55595492  4.28756674]]", "nfev": "168", "njev": "24", "status": "0", "success": "True", "message": "Optimization terminated successfully.", "x": "[1.4453261  0.76844991 3.74472462 4.10662907 3.42318844 5.67431119]", "nit": "22"}, "19": {"maxiter": 1000, "gtol": 1e-05, "xrtol": 1e-10, "eps": 1e-10, "duration": 0.02891397476196289, "fun": "0.18785936000408343", "jac": "[-5.55111466e-06 -3.33066880e-06 -4.44089173e-06 -3.33066880e-06\n -1.11022293e-06 -1.11022293e-06]", "hess_inv": "[[ 3.80358034  0.37986629  0.21170282 -0.19129972  1.09891046 -0.15337333]\n [ 0.37986629  3.60307833 -1.43177296 -0.89913368 -0.15403903 -1.81282543]\n [ 0.21170282 -1.43177296  3.5498136   1.4200757   0.32597482  0.99137774]\n [-0.19129972 -0.89913368  1.4200757   3.4486869   0.07232094  0.36303714]\n [ 1.09891046 -0.15403903  0.32597482  0.07232094  5.1647614   1.62072842]\n [-0.15337333 -1.81282543  0.99137774  0.36303714  1.62072842  4.28813025]]", "nfev": "168", "njev": "24", "status": "0", "success": "True", "message": "Optimization terminated successfully.", "x": "[1.44532589 0.7684471  3.74473267 4.10663714 3.42318533 5.67431598]", "nit": "22"}, "20": {"maxiter": 1000, "gtol": 1e-10, "xrtol": 1e-05, "eps": 1e-05, "duration": 0.02883005142211914, "fun": "0.1878593600251084", "jac": "[ 3.65629749e-07 -1.30081501e-06 -1.27274857e-06 -1.69841918e-07\n -3.75477427e-08 -4.69158046e-07]", "hess_inv": "[[ 3.84511579  0.40992519  0.1998038  -0.14807306  1.07572044 -0.18599774]\n [ 0.40992519  3.66023068 -1.46398664 -0.86609801 -0.14097756 -1.84879398]\n [ 0.1998038  -1.46398664  3.60996054  1.41984581  0.33173424  1.02587474]\n [-0.14807306 -0.86609801  1.41984581  3.49376292  0.05990132  0.33428215]\n [ 1.07572044 -0.14097756  0.33173424  0.05990132  5.03900126  1.55595492]\n [-0.18599774 -1.84879398  1.02587474  0.33428215  1.55595492  4.28756674]]", "nfev": "168", "njev": "24", "status": "0", "success": "True", "message": "Optimization terminated successfully.", "x": "[1.4453261  0.76844991 3.74472462 4.10662907 3.42318844 5.67431119]", "nit": "22"}, "21": {"maxiter": 1000, "gtol": 1e-10, "xrtol": 1e-05, "eps": 1e-10, "duration": 0.028915882110595703, "fun": "0.18785936000408343", "jac": "[-5.55111466e-06 -3.33066880e-06 -4.44089173e-06 -3.33066880e-06\n -1.11022293e-06 -1.11022293e-06]", "hess_inv": "[[ 3.80358034  0.37986629  0.21170282 -0.19129972  1.09891046 -0.15337333]\n [ 0.37986629  3.60307833 -1.43177296 -0.89913368 -0.15403903 -1.81282543]\n [ 0.21170282 -1.43177296  3.5498136   1.4200757   0.32597482  0.99137774]\n [-0.19129972 -0.89913368  1.4200757   3.4486869   0.07232094  0.36303714]\n [ 1.09891046 -0.15403903  0.32597482  0.07232094  5.1647614   1.62072842]\n [-0.15337333 -1.81282543  0.99137774  0.36303714  1.62072842  4.28813025]]", "nfev": "168", "njev": "24", "status": "0", "success": "True", "message": "Optimization terminated successfully.", "x": "[1.44532589 0.7684471  3.74473267 4.10663714 3.42318533 5.67431598]", "nit": "22"}, "22": {"maxiter": 1000, "gtol": 1e-10, "xrtol": 1e-10, "eps": 1e-05, "duration": 0.06596899032592773, "fun": "0.18785936000455483", "jac": "[ 1.22124533e-10  7.10542736e-10  5.55111512e-10  2.22044605e-11\n  3.33066907e-10 -6.99440506e-10]", "hess_inv": "[[ 3.90485123  0.40178539  0.13849585 -0.25045423  1.00511386 -0.42619465]\n [ 0.40178539  3.70103361 -1.35174303 -0.90742667 -0.20382836 -1.99331473]\n [ 0.13849585 -1.35174303  3.79814431  1.52249871  0.39068717  1.16665595]\n [-0.25045423 -0.90742667  1.52249871  3.53212922  0.04248361  0.54350708]\n [ 1.00511386 -0.20382836  0.39068717  0.04248361  4.9805724   1.63819438]\n [-0.42619465 -1.99331473  1.16665595  0.54350708  1.63819438  5.02201393]]", "nfev": "388", "njev": "54", "status": "2", "success": "False", "message": "Desired error not necessarily achieved due to precision loss.", "x": "[1.44532518 0.76845189 3.74472855 4.10663087 3.42318934 5.67431273]", "nit": "25"}, "23": {"maxiter": 1000, "gtol": 1e-10, "xrtol": 1e-10, "eps": 1e-10, "duration": 0.04912590980529785, "fun": "0.18785935997379055", "jac": "[-1.11022293e-06 -2.22044587e-06  0.00000000e+00  0.00000000e+00\n  0.00000000e+00  1.11022293e-06]", "hess_inv": "[[ 1.16616306 -0.18092078 -0.9149361  -0.57341155  0.5562495  -0.38229595]\n [-0.18092078  1.48960955  0.95889077  0.25736651 -0.60915624 -0.43437916]\n [-0.9149361   0.95889077  3.2535893   0.88821009 -2.13001883 -0.59012416]\n [-0.57341155  0.25736651  0.88821009  0.49632002 -0.48329809 -0.0343567 ]\n [ 0.5562495  -0.60915624 -2.13001883 -0.48329809  2.0236003   0.37864902]\n [-0.38229595 -0.43437916 -0.59012416 -0.0343567   0.37864902  0.71577485]]", "nfev": "287", "njev": "41", "status": "0", "success": "True", "message": "Optimization terminated successfully.", "x": "[1.44533315 0.76844757 3.74474221 4.10664147 3.42320223 5.6743252 ]", "nit": "30"}}, "cobyla": {"0": {"maxiter": 100, "tol": 1e-05, "catol": 1e-05, "duration": 0.016462087631225586, "x": "[1.44308526 0.76676746 3.74324293 4.10569635 3.42384987 5.6770869 ]", "status": "2", "success": "False", "message": "Maximum number of function evaluations has been exceeded.", "nfev": "100", "fun": "0.18786142404245265", "maxcv": "0.0"}, "1": {"maxiter": 100, "tol": 1e-05, "catol": 1e-10, "duration": 0.016396045684814453, "x": "[1.44308526 0.76676746 3.74324293 4.10569635 3.42384987 5.6770869 ]", "status": "2", "success": "False", "message": "Maximum number of function evaluations has been exceeded.", "nfev": "100", "fun": "0.18786142404245265", "maxcv": "0.0"}, "2": {"maxiter": 100, "tol": 1e-10, "catol": 1e-05, "duration": 0.016376256942749023, "x": "[1.44308526 0.76676746 3.74324293 4.10569635 3.42384987 5.6770869 ]", "status": "2", "success": "False", "message": "Maximum number of function evaluations has been exceeded.", "nfev": "100", "fun": "0.18786142404245265", "maxcv": "0.0"}, "3": {"maxiter": 100, "tol": 1e-10, "catol": 1e-10, "duration": 0.016414165496826172, "x": "[1.44308526 0.76676746 3.74324293 4.10569635 3.42384987 5.6770869 ]", "status": "2", "success": "False", "message": "Maximum number of function evaluations has been exceeded.", "nfev": "100", "fun": "0.18786142404245265", "maxcv": "0.0"}, "4": {"maxiter": 500, "tol": 1e-05, "catol": 1e-05, "duration": 0.027359724044799805, "x": "[1.44532906 0.76844885 3.74475312 4.10663648 3.42320418 5.67432764]", "status": "1", "success": "True", "message": "Optimization terminated successfully.", "nfev": "166", "fun": "0.18785936001376702", "maxcv": "0.0"}, "5": {"maxiter": 500, "tol": 1e-05, "catol": 1e-10, "duration": 0.02748703956604004, "x": "[1.44532906 0.76844885 3.74475312 4.10663648 3.42320418 5.67432764]", "status": "1", "success": "True", "message": "Optimization terminated successfully.", "nfev": "166", "fun": "0.18785936001376702", "maxcv": "0.0"}, "6": {"maxiter": 500, "tol": 1e-10, "catol": 1e-05, "duration": 0.04395580291748047, "x": "[1.44533245 0.76845196 3.74473856 4.1066392  3.42320017 5.67432141]", "status": "1", "success": "True", "message": "Optimization terminated successfully.", "nfev": "261", "fun": "0.187859359970159", "maxcv": "0.0"}, "7": {"maxiter": 500, "tol": 1e-10, "catol": 1e-10, "duration": 0.04321408271789551, "x": "[1.44533245 0.76845196 3.74473856 4.1066392  3.42320017 5.67432141]", "status": "1", "success": "True", "message": "Optimization terminated successfully.", "nfev": "261", "fun": "0.187859359970159", "maxcv": "0.0"}, "8": {"maxiter": 1000, "tol": 1e-05, "catol": 1e-05, "duration": 0.027389049530029297, "x": "[1.44532906 0.76844885 3.74475312 4.10663648 3.42320418 5.67432764]", "status": "1", "success": "True", "message": "Optimization terminated successfully.", "nfev": "166", "fun": "0.18785936001376702", "maxcv": "0.0"}, "9": {"maxiter": 1000, "tol": 1e-05, "catol": 1e-10, "duration": 0.027417659759521484, "x": "[1.44532906 0.76844885 3.74475312 4.10663648 3.42320418 5.67432764]", "status": "1", "success": "True", "message": "Optimization terminated successfully.", "nfev": "166", "fun": "0.18785936001376702", "maxcv": "0.0"}, "10": {"maxiter": 1000, "tol": 1e-10, "catol": 1e-05, "duration": 0.043041229248046875, "x": "[1.44533245 0.76845196 3.74473856 4.1066392  3.42320017 5.67432141]", "status": "1", "success": "True", "message": "Optimization terminated successfully.", "nfev": "261", "fun": "0.187859359970159", "maxcv": "0.0"}, "11": {"maxiter": 1000, "tol": 1e-1