{"date": "2024/07/18/, 22:10:08", "conf_id": 84, "data_type": "orthogonal\n", "num_data_points": 1, "s_rank": 0, "unitary": "[[-0.24866696+0.58742286j,-0.44704345-0.43151574j,-0.35669027-0.20570733j,-0.10517633+0.1626036j],[0.10596805-0.19687975j,-0.30269685-0.15056416j,0.18246286+0.30440582j,-0.83484447-0.11310748j],[0.26054512-0.52548482j,0.0285017-0.50723956j,-0.43110112+0.17165838j,0.15243271+0.39915801j],[0.42978035+0.11991271j,-0.17224126-0.46030424j,0.6827807-0.15164662j,0.26483638+0.0061855j]]", "databatch_0": {"databatch": "[[[-0.16636314+0.0887458j,0.16105096+0.04877423j,-0.18674616-0.23037933j,0.0410301+0.25229477j],[-0.13461779-0.18175503j,-0.02948994+0.19968722j,0.24044146-0.26217972j,-0.29212442+0.09314549j],[0.09678288+0.09303484j,-0.002519-0.11978261j,-0.11474572+0.17724763j,0.16173319-0.08344336j],[0.02401901+0.24168532j,0.13714442-0.16785071j,-0.36602979+0.10930116j,0.32059684+0.07498885j]]]", "initial param values": "[4.07250506,4.94296772,2.28124453,3.27200266,1.71674171,2.48122807]", "nelder_mead": {"type": "gradient-free", "0": {"maxiter": 100, "fatol": 1e-05, "xatol": 1e-05, "duration": 0.027616024017333984, "fun": "0.001416673279631131", "nit": "100", "nfev": "160", "status": "2", "success": "False", "message": "Maximum number of iterations has been exceeded.", "x": "[2.48531335 5.19725145 3.67100285 4.91714861 3.06721932 1.56820717]", "final_simplex": "(array([[2.48531335, 5.19725145, 3.67100285, 4.91714861, 3.06721932,\n        1.56820717],\n       [2.48417836, 5.18789954, 3.64879555, 4.91676963, 3.0635912 ,\n        1.57882847],\n       [2.49446547, 5.18507334, 3.6519005 , 4.88959099, 3.09390555,\n        1.58445814],\n       [2.47405206, 5.17899924, 3.65297616, 4.92339766, 3.04081927,\n        1.57317697],\n       [2.4578589 , 5.17783999, 3.657218  , 4.92023487, 3.07605459,\n        1.58456626],\n       [2.46801313, 5.1981072 , 3.66690382, 4.89938869, 3.08424991,\n        1.559038  ],\n       [2.46518916, 5.1782787 , 3.65791522, 4.91235608, 3.07259446,\n        1.5598986 ]]), array([0.00141667, 0.00143269, 0.00143356, 0.00144226, 0.00148991,\n       0.00150718, 0.00150981]))"}, "1": {"maxiter": 100, "fatol": 1e-05, "xatol": 1e-10, "duration": 0.02751469612121582, "fun": "0.001416673279631131", "nit": "100", "nfev": "160", "status": "2", "success": "False", "message": "Maximum number of iterations has been exceeded.", "x": "[2.48531335 5.19725145 3.67100285 4.91714861 3.06721932 1.56820717]", "final_simplex": "(array([[2.48531335, 5.19725145, 3.67100285, 4.91714861, 3.06721932,\n        1.56820717],\n       [2.48417836, 5.18789954, 3.64879555, 4.91676963, 3.0635912 ,\n        1.57882847],\n       [2.49446547, 5.18507334, 3.6519005 , 4.88959099, 3.09390555,\n        1.58445814],\n       [2.47405206, 5.17899924, 3.65297616, 4.92339766, 3.04081927,\n        1.57317697],\n       [2.4578589 , 5.17783999, 3.657218  , 4.92023487, 3.07605459,\n        1.58456626],\n       [2.46801313, 5.1981072 , 3.66690382, 4.89938869, 3.08424991,\n        1.559038  ],\n       [2.46518916, 5.1782787 , 3.65791522, 4.91235608, 3.07259446,\n        1.5598986 ]]), array([0.00141667, 0.00143269, 0.00143356, 0.00144226, 0.00148991,\n       0.00150718, 0.00150981]))"}, "2": {"maxiter": 100, "fatol": 1e-10, "xatol": 1e-05, "duration": 0.02744913101196289, "fun": "0.001416673279631131", "nit": "100", "nfev": "160", "status": "2", "success": "False", "message": "Maximum number of iterations has been exceeded.", "x": "[2.48531335 5.19725145 3.67100285 4.91714861 3.06721932 1.56820717]", "final_simplex": "(array([[2.48531335, 5.19725145, 3.67100285, 4.91714861, 3.06721932,\n        1.56820717],\n       [2.48417836, 5.18789954, 3.64879555, 4.91676963, 3.0635912 ,\n        1.57882847],\n       [2.49446547, 5.18507334, 3.6519005 , 4.88959099, 3.09390555,\n        1.58445814],\n       [2.47405206, 5.17899924, 3.65297616, 4.92339766, 3.04081927,\n        1.57317697],\n       [2.4578589 , 5.17783999, 3.657218  , 4.92023487, 3.07605459,\n        1.58456626],\n       [2.46801313, 5.1981072 , 3.66690382, 4.89938869, 3.08424991,\n        1.559038  ],\n       [2.46518916, 5.1782787 , 3.65791522, 4.91235608, 3.07259446,\n        1.5598986 ]]), array([0.00141667, 0.00143269, 0.00143356, 0.00144226, 0.00148991,\n       0.00150718, 0.00150981]))"}, "3": {"maxiter": 100, "fatol": 1e-10, "xatol": 1e-10, "duration": 0.027374982833862305, "fun": "0.001416673279631131", "nit": "100", "nfev": "160", "status": "2", "success": "False", "message": "Maximum number of iterations has been exceeded.", "x": "[2.48531335 5.19725145 3.67100285 4.91714861 3.06721932 1.56820717]", "final_simplex": "(array([[2.48531335, 5.19725145, 3.67100285, 4.91714861, 3.06721932,\n        1.56820717],\n       [2.48417836, 5.18789954, 3.64879555, 4.91676963, 3.0635912 ,\n        1.57882847],\n       [2.49446547, 5.18507334, 3.6519005 , 4.88959099, 3.09390555,\n        1.58445814],\n       [2.47405206, 5.17899924, 3.65297616, 4.92339766, 3.04081927,\n        1.57317697],\n       [2.4578589 , 5.17783999, 3.657218  , 4.92023487, 3.07605459,\n        1.58456626],\n       [2.46801313, 5.1981072 , 3.66690382, 4.89938869, 3.08424991,\n        1.559038  ],\n       [2.46518916, 5.1782787 , 3.65791522, 4.91235608, 3.07259446,\n        1.5598986 ]]), array([0.00141667, 0.00143269, 0.00143356, 0.00144226, 0.00148991,\n       0.00150718, 0.00150981]))"}, "4": {"maxiter": 500, "fatol": 1e-05, "xatol": 1e-05, "duration": 0.057289838790893555, "fun": "0.0013984308226200337", "nit": "200", "nfev": "337", "status": "0", "success": "True", "message": "Optimization terminated successfully.", "x": "[2.47925426 5.19109268 3.66130329 4.91237286 3.06922188 1.57459535]", "final_simplex": "(array([[2.47925426, 5.19109268, 3.66130329, 4.91237286, 3.06922188,\n        1.57459535],\n       [2.47924542, 5.19109126, 3.66130003, 4.91237651, 3.06922023,\n        1.57459461],\n       [2.47924806, 5.19109269, 3.66130255, 4.91237595, 3.06922191,\n        1.57459638],\n       [2.47924895, 5.19109314, 3.66130339, 4.91236904, 3.06923155,\n        1.57459528],\n       [2.47924652, 5.19109031, 3.66130099, 4.91237647, 3.06922375,\n        1.5745918 ],\n       [2.47924503, 5.19109551, 3.661307  , 4.9123805 , 3.0692145 ,\n        1.57459415],\n       [2.47924727, 5.19109388, 3.66130293, 4.91237804, 3.06922344,\n        1.57459126]]), array([0.00139843, 0.00139843, 0.00139843, 0.00139843, 0.00139843,\n       0.00139843, 0.00139843]))"}, "5": {"maxiter": 500, "fatol": 1e-05, "xatol": 1e-10, "duration": 0.0975332260131836, "fun": "0.001398430821142549", "nit": "311", "nfev": "584", "status": "0", "success": "True", "message": "Optimization terminated successfully.", "x": "[2.47925143 5.19109285 3.66130251 4.91237318 3.06922352 1.57459429]", "final_simplex": "(array([[2.47925143, 5.19109285, 3.66130251, 4.91237318, 3.06922352,\n        1.57459429],\n       [2.47925143, 5.19109285, 3.66130251, 4.91237318, 3.06922352,\n        1.57459429],\n       [2.47925143, 5.19109285, 3.66130251, 4.91237318, 3.06922352,\n        1.57459429],\n       [2.47925143, 5.19109285, 3.66130251, 4.91237318, 3.06922352,\n        1.57459429],\n       [2.47925143, 5.19109285, 3.66130251, 4.91237318, 3.06922352,\n        1.57459429],\n       [2.47925143, 5.19109285, 3.66130251, 4.91237318, 3.06922352,\n        1.57459429],\n       [2.47925143, 5.19109285, 3.66130251, 4.91237318, 3.06922352,\n        1.57459429]]), array([0.00139843, 0.00139843, 0.00139843, 0.00139843, 0.00139843,\n       0.00139843, 0.00139843]))"}, "6": {"maxiter": 500, "fatol": 1e-10, "xatol": 1e-05, "duration": 0.05592608451843262, "fun": "0.0013984308226200337", "nit": "200", "nfev": "337", "status": "0", "success": "True", "message": "Optimization terminated successfully.", "x": "[2.47925426 5.19109268 3.66130329 4.91237286 3.06922188 1.57459535]", "final_simplex": "(array([[2.47925426, 5.19109268, 3.66130329, 4.91237286, 3.06922188,\n        1.57459535],\n       [2.47924542, 5.19109126, 3.66130003, 4.91237651, 3.06922023,\n        1.57459461],\n       [2.47924806, 5.19109269, 3.66130255, 4.91237595, 3.06922191,\n        1.57459638],\n       [2.47924895, 5.19109314, 3.66130339, 4.91236904, 3.06923155,\n        1.57459528],\n       [2.47924652, 5.19109031, 3.66130099, 4.91237647, 3.06922375,\n        1.5745918 ],\n       [2.47924503, 5.19109551, 3.661307  , 4.9123805 , 3.0692145 ,\n        1.57459415],\n       [2.47924727, 5.19109388, 3.66130293, 4.91237804, 3.06922344,\n        1.57459126]]), array([0.00139843, 0.00139843, 0.00139843, 0.00139843, 0.00139843,\n       0.00139843, 0.00139843]))"}, "7": {"maxiter": 500, "fatol": 1e-10, "xatol": 1e-10, "duration": 0.09598588943481445, "fun": "0.001398430821142549", "nit": "311", "nfev": "584", "status": "0", "success": "True", "message": "Optimization terminated successfully.", "x": "[2.47925143 5.19109285 3.66130251 4.91237318 3.06922352 1.57459429]", "final_simplex": "(array([[2.47925143, 5.19109285, 3.66130251, 4.91237318, 3.06922352,\n        1.57459429],\n       [2.47925143, 5.19109285, 3.66130251, 4.91237318, 3.06922352,\n        1.57459429],\n       [2.47925143, 5.19109285, 3.66130251, 4.91237318, 3.06922352,\n        1.57459429],\n       [2.47925143, 5.19109285, 3.66130251, 4.91237318, 3.06922352,\n        1.57459429],\n       [2.47925143, 5.19109285, 3.66130251, 4.91237318, 3.06922352,\n        1.57459429],\n       [2.47925143, 5.19109285, 3.66130251, 4.91237318, 3.06922352,\n        1.57459429],\n       [2.47925143, 5.19109285, 3.66130251, 4.91237318, 3.06922352,\n        1.57459429]]), array([0.00139843, 0.00139843, 0.00139843, 0.00139843, 0.00139843,\n       0.00139843, 0.00139843]))"}, "8": {"maxiter": 1000, "fatol": 1e-05, "xatol": 1e-05, "duration": 0.05558300018310547, "fun": "0.0013984308226200337", "nit": "200", "nfev": "337", "status": "0", "success": "True", "message": "Optimization terminated successfully.", "x": "[2.47925426 5.19109268 3.66130329 4.91237286 3.06922188 1.57459535]", "final_simplex": "(array([[2.47925426, 5.19109268, 3.66130329, 4.91237286, 3.06922188,\n        1.57459535],\n       [2.47924542, 5.19109126, 3.66130003, 4.91237651, 3.06922023,\n        1.57459461],\n       [2.47924806, 5.19109269, 3.66130255, 4.91237595, 3.06922191,\n        1.57459638],\n       [2.47924895, 5.19109314, 3.66130339, 4.91236904, 3.06923155,\n        1.57459528],\n       [2.47924652, 5.19109031, 3.66130099, 4.91237647, 3.06922375,\n        1.5745918 ],\n       [2.47924503, 5.19109551, 3.661307  , 4.9123805 , 3.0692145 ,\n        1.57459415],\n       [2.47924727, 5.19109388, 3.66130293, 4.91237804, 3.06922344,\n        1.57459126]]), array([0.00139843, 0.00139843, 0.00139843, 0.00139843, 0.00139843,\n       0.00139843, 0.00139843]))"}, "9": {"maxiter": 1000, "fatol": 1e-05, "xatol": 1e-10, "duration": 0.09780192375183105, "fun": "0.001398430821142549", "nit": "311", "nfev": "584", "status": "0", "success": "True", "message": "Optimization terminated successfully.", "x": "[2.47925143 5.19109285 3.66130251 4.91237318 3.06922352 1.57459429]", "final_simplex": "(array([[2.47925143, 5.19109285, 3.66130251, 4.91237318, 3.06922352,\n        1.57459429],\n       [2.47925143, 5.19109285, 3.66130251, 4.91237318, 3.06922352,\n        1.57459429],\n       [2.47925143, 5.19109285, 3.66130251, 4.91237318, 3.06922352,\n        1.57459429],\n       [2.47925143, 5.19109285, 3.66130251, 4.91237318, 3.06922352,\n        1.57459429],\n       [2.47925143, 5.19109285, 3.66130251, 4.91237318, 3.06922352,\n        1.57459429],\n       [2.47925143, 5.19109285, 3.66130251, 4.91237318, 3.06922352,\n        1.57459429],\n       [2.47925143, 5.19109285, 3.66130251, 4.91237318, 3.06922352,\n        1.57459429]]), array([0.00139843, 0.00139843, 0.00139843, 0.00139843, 0.00139843,\n       0.00139843, 0.00139843]))"}, "10": {"maxiter": 1000, "fatol": 1e-10, "xatol": 1e-05, "duration": 0.057698726654052734, "fun": "0.0013984308226200337", "nit": "200", "nfev": "337", "status": "0", "success": "True", "message": "Optimization terminated successfully.", "x": "[2.47925426 5.19109268 3.66130329 4.91237286 3.06922188 1.57459535]", "final_simplex": "(array([[2.47925426, 5.19109268, 3.66130329, 4.91237286, 3.06922188,\n        1.57459535],\n       [2.47924542, 5.19109126, 3.66130003, 4.91237651, 3.06922023,\n        1.57459461],\n       [2.47924806, 5.19109269, 3.66130255, 4.91237595, 3.06922191,\n        1.57459638],\n       [2.47924895, 5.19109314, 3.66130339, 4.91236904, 3.06923155,\n        1.57459528],\n       [2.47924652, 5.19109031, 3.66130099, 4.91237647, 3.06922375,\n        1.5745918 ],\n       [2.47924503, 5.19109551, 3.661307  , 4.9123805 , 3.0692145 ,\n        1.57459415],\n       [2.47924727, 5.19109388, 3.66130293, 4.91237804, 3.06922344,\n        1.57459126]]), array([0.00139843, 0.00139843, 0.00139843, 0.00139843, 0.00139843,\n       0.00139843, 0.00139843]))"}, "11": {"maxiter": 1000, "fatol": 1e-10, "xatol": 1e-10, "duration": 0.09948015213012695, "fun": "0.001398430821142549", "nit": "311", "nfev": "584", "status": "0", "success": "True", "message": "Optimization terminated successfully.", "x": "[2.47925143 5.19109285 3.66130251 4.91237318 3.06922352 1.57459429]", "final_simplex": "(array([[2.47925143, 5.19109285, 3.66130251, 4.91237318, 3.06922352,\n        1.57459429],\n       [2.47925143, 5.19109285, 3.66130251, 4.91237318, 3.06922352,\n        1.57459429],\n       [2.47925143, 5.19109285, 3.66130251, 4.91237318, 3.06922352,\n        1.57459429],\n       [2.47925143, 5.19109285, 3.66130251, 4.91237318, 3.06922352,\n        1.57459429],\n       [2.47925143, 5.19109285, 3.66130251, 4.91237318, 3.06922352,\n        1.57459429],\n       [2.47925143, 5.19109285, 3.66130251, 4.91237318, 3.06922352,\n        1.57459429],\n       [2.47925143, 5.19109285, 3.66130251, 4.91237318, 3.06922352,\n        1.57459429]]), array([0.00139843, 0.00139843, 0.00139843, 0.00139843, 0.00139843,\n       0.00139843, 0.00139843]))"}}, "bfgs": {"type": "gradient", "0": {"maxiter": 100, "gtol": 1e-05, "xrtol": 1e-05, "eps": 1e-05, "duration": 0.025068044662475586, "fun": "0.0013984309032191167", "jac": "[-2.40008013e-06 -1.55395696e-06  5.35492761e-06  8.20465917e-07\n -1.88327132e-06  6.18329832e-06]", "hess_inv": "[[ 3.96553537  0.69009221  1.05991765 -1.1323169   1.89198761  0.06757537]\n [ 0.69009221  1.71142478  0.86544125 -1.24538743  3.10021515  1.08947322]\n [ 1.05991765  0.86544125  2.31042197 -0.80257596  3.67342707  0.67867896]\n [-1.1323169  -1.24538743 -0.80257596  3.90031485 -4.41715077 -1.71355614]\n [ 1.89198761  3.10021515  3.67342707 -4.41715077 14.20277135  3.96324909]\n [ 0.06757537  1.08947322  0.67867896 -1.71355614  3.96324909  3.64458918]]", "nfev": "147", "njev": "21", "status": "0", "success": "True", "message": "Optimization terminated successfully.", "x": "[2.88869202 4.69118803 3.23130913 4.74979236 3.4620467  1.69934701]", "nit": "17"}, "1": {"maxiter": 100, "gtol": 1e-05, "xrtol": 1e-05, "eps": 1e-10, "duration": 0.024883031845092773, "fun": "0.0013984308846490823", "jac": "[-2.22044587e-06 -4.44089173e-06  6.66133760e-06  2.22044587e-06\n -3.33066880e-06  1.11022293e-06]", "hess_inv": "[[ 3.96690366  0.67932794  1.06063932 -1.12816399  1.86163855  0.05669783]\n [ 0.67932794  1.71585533  0.87228499 -1.24692485  3.10863022  1.09174162]\n [ 1.06063932  0.87228499  2.30886707 -0.80202965  3.68350873  0.68394311]\n [-1.12816399 -1.24692485 -0.80202965  3.89358601 -4.41088581 -1.71188147]\n [ 1.86163855  3.10863022  3.68350873 -4.41088581 14.20967485  3.95690507]\n [ 0.05669783  1.09174162  0.68394311 -1.71188147  3.95690507  3.64097754]]", "nfev": "147", "njev": "21", "status": "0", "success": "True", "message": "Optimization terminated successfully.", "x": "[2.88868063 4.6912543  3.23137939 4.74980221 3.46204569 1.69934034]", "nit": "17"}, "2": {"maxiter": 100, "gtol": 1e-05, "xrtol": 1e-10, "eps": 1e-05, "duration": 0.02488398551940918, "fun": "0.0013984309032191167", "jac": "[-2.40008013e-06 -1.55395696e-06  5.35492761e-06  8.20465917e-07\n -1.88327132e-06  6.18329832e-06]", "hess_inv": "[[ 3.96553537  0.69009221  1.05991765 -1.1323169   1.89198761  0.06757537]\n [ 0.69009221  1.71142478  0.86544125 -1.24538743  3.10021515  1.08947322]\n [ 1.05991765  0.86544125  2.31042197 -0.80257596  3.67342707  0.67867896]\n [-1.1323169  -1.24538743 -0.80257596  3.90031485 -4.41715077 -1.71355614]\n [ 1.89198761  3.10021515  3.67342707 -4.41715077 14.20277135  3.96324909]\n [ 0.06757537  1.08947322  0.67867896 -1.71355614  3.96324909  3.64458918]]", "nfev": "147", "njev": "21", "status": "0", "success": "True", "message": "Optimization terminated successfully.", "x": "[2.88869202 4.69118803 3.23130913 4.74979236 3.4620467  1.69934701]", "nit": "17"}, "3": {"maxiter": 100, "gtol": 1e-05, "xrtol": 1e-10, "eps": 1e-10, "duration": 0.024859905242919922, "fun": "0.0013984308846490823", "jac": "[-2.22044587e-06 -4.44089173e-06  6.66133760e-06  2.22044587e-06\n -3.33066880e-06  1.11022293e-06]", "hess_inv": "[[ 3.96690366  0.67932794  1.06063932 -1.12816399  1.86163855  0.05669783]\n [ 0.67932794  1.71585533  0.87228499 -1.24692485  3.10863022  1.09174162]\n [ 1.06063932  0.87228499  2.30886707 -0.80202965  3.68350873  0.68394311]\n [-1.12816399 -1.24692485 -0.80202965  3.89358601 -4.41088581 -1.71188147]\n [ 1.86163855  3.10863022  3.68350873 -4.41088581 14.20967485  3.95690507]\n [ 0.05669783  1.09174162  0.68394311 -1.71188147  3.95690507  3.64097754]]", "nfev": "147", "njev": "21", "status": "0", "success": "True", "message": "Optimization terminated successfully.", "x": "[2.88868063 4.6912543  3.23137939 4.74980221 3.46204569 1.69934034]", "nit": "17"}, "4": {"maxiter": 100, "gtol": 1e-10, "xrtol": 1e-05, "eps": 1e-05, "duration": 0.026051759719848633, "fun": "0.0013984308677934543", "jac": "[-8.95994390e-07  2.31592523e-06  1.35966793e-06  1.67044156e-07\n -6.77569112e-07 -7.57172103e-08]", "hess_inv": "[[ 4.01327368  0.7329568   1.01069236 -1.19089591  1.91361229  0.04591482]\n [ 0.7329568   1.69177127  0.85053989 -1.22939495  3.05971363  0.99007041]\n [ 1.01069236  0.85053989  2.34641676 -0.77673611  3.68132243  0.74130377]\n [-1.19089591 -1.22939495 -0.77673611  3.89127836 -4.37299929 -1.59265415]\n [ 1.91361229  3.05971363  3.68132243 -4.37299929 14.1508177   3.8710406 ]\n [ 0.04591482  0.99007041  0.74130377 -1.59265415  3.8710406   3.54446945]]", "nfev": "154", "njev": "22", "status": "0", "success": "True", "message": "Optimization terminated successfully.", "x": "[2.88870168 4.69118851 3.2313033  4.74979017 3.46204263 1.69933137]", "nit": "18"}, "5": {"maxiter": 100, "gtol": 1e-10, "xrtol": 1e-05, "eps": 1e-10, "duration": 0.027225732803344727, "fun": "0.0013984308574319648", "jac": "[-5.55111466e-06 -4.44089173e-06  0.00000000e+00 -3.33066880e-06\n  0.00000000e+00  2.22044587e-06]", "hess_inv": "[[ 4.02498185  0.78277923  1.02273576 -1.27507637  2.03061256  0.12363017]\n [ 0.78277923  1.85772499  0.86797289 -1.46070826  3.44462129  1.20071565]\n [ 1.02273576  0.86797289  2.23939508 -0.77755309  3.52105004  0.65553738]\n [-1.27507637 -1.46070826 -0.77755309  4.21109231 -4.87786515 -1.86961273]\n [ 2.03061256  3.44462129  3.52105004 -4.87786515 14.67238911  4.1601009 ]\n [ 0.12363017  1.20071565  0.65553738 -1.86961273  4.1601009   3.71563675]]", "nfev": "161", "njev": "23", "status": "0", "success": "True", "message": "Optimization terminated successfully.", "x": "[2.88868687 4.69126159 3.23138102 4.74979075 3.462067   1.69934661]", "nit": "18"}, "6": {"maxiter": 100, "gtol": 1e-10, "xrtol": 1e-10, "eps": 1e-05, "duration": 0.06738686561584473, "fun": "0.0013984308677934543", "jac": "[-8.95994390e-07  2.31592523e-06  1.35966793e-06  1.67044156e-07\n -6.77569112e-07 -7.57172103e-08]", "hess_inv": "[[ 4.28981331  0.59087215  0.81831346 -1.28518242  1.87544662 -0.17343602]\n [ 0.59087215  1.67687916  0.93507125 -1.19875302  3.12341994  1.23163748]\n [ 0.81831346  0.93507125  2.47791756 -0.71404301  3.71505329  0.91488174]\n [-1.28518242 -1.19875302 -0.71404301  3.91981987 -4.35105534 -1.49176597]\n [ 1.87544662  3.12341994  3.71505329 -4.35105534 14.13396139  3.83666114]\n [-0.17343602  1.23163748  0.91488174 -1.49176597  3.83666114  3.52952282]]", "nfev": "404", "njev": "56", "status": "2", "success": "False", "message": "Desired error not necessarily achieved due to precision loss.", "x": "[2.88870168 4.69118851 3.2313033  4.74979017 3.46204263 1.69933137]", "nit": "18"}, "7": {"maxiter": 100, "gtol": 1e-10, "xrtol": 1e-10, "eps": 1e-10, "duration": 0.0399470329284668, "fun": "0.0013984308518268929", "jac": "[0.00000000e+00 2.22044587e-06 0.00000000e+00 2.22044587e-06\n 0.00000000e+00 0.00000000e+00]", "hess_inv": "[[ 6.07254334  3.36567231  3.65409979 -4.04777093 10.06176603  0.89416419]\n [ 3.36567231  3.49464481  2.59776044 -2.4452695   7.45047767  0.91930524]\n [ 3.65409979  2.59776044  3.4636786  -2.27995559  7.73790474  0.86660888]\n [-4.04777093 -2.4452695  -2.27995559  3.79913971 -6.32568897 -0.66755388]\n [10.06176603  7.45047767  7.73790474 -6.32568897 23.01671591  2.52143212]\n [ 0.89416419  0.91930524  0.86660888 -0.66755388  2.52143212  2.69890746]]", "nfev": "238", "njev": "34", "status": "0", "success": "True", "message": "Optimization terminated successfully.", "x": "[2.88869529 4.69126585 3.23138319 4.74978759 3.46207559 1.69934667]", "nit": "20"}, "8": {"maxiter": 500, "gtol": 1e-05, "xrtol": 1e-05, "eps": 1e-05, "duration": 0.024827003479003906, "fun": "0.0013984309032191167", "jac": "[-2.40008013e-06 -1.55395696e-06  5.35492761e-06  8.20465917e-07\n -1.88327132e-06  6.18329832e-06]", "hess_inv": "[[ 3.96553537  0.69009221  1.05991765 -1.1323169   1.89198761  0.06757537]\n [ 0.69009221  1.71142478  0.86544125 -1.24538743  3.10021515  1.08947322]\n [ 1.05991765  0.86544125  2.31042197 -0.80257596  3.67342707  0.67867896]\n [-1.1323169  -1.24538743 -0.80257596  3.90031485 -4.41715077 -1.71355614]\n [ 1.89198761  3.10021515  3.67342707 -4.41715077 14.20277135  3.96324909]\n [ 0.06757537  1.08947322  0.67867896 -1.71355614  3.96324909  3.64458918]]", "nfev": "147", "njev": "21", "status": "0", "success": "True", "message": "Optimization terminated successfully.", "x": "[2.88869202 4.69118803 3.23130913 4.74979236 3.4620467  1.69934701]", "nit": "17"}, "9": {"maxiter": 500, "gtol": 1e-05, "xrtol": 1e-05, "eps": 1e-10, "duration": 0.024724960327148438, "fun": "0.0013984308846490823", "jac": "[-2.22044587e-06 -4.44089173e-06  6.66133760e-06  2.22044587e-06\n -3.33066880e-06  1.11022293e-06]", "hess_inv": "[[ 3.96690366  0.67932794  1.06063932 -1.12816399  1.86163855  0.05669783]\n [ 0.67932794  1.71585533  0.87228499 -1.24692485  3.10863022  1.09174162]\n [ 1.06063932  0.87228499  2.30886707 -0.80202965  3.68350873  0.68394311]\n [-1.12816399 -1.24692485 -0.80202965  3.89358601 -4.41088581 -1.71188147]\n [ 1.86163855  3.10863022  3.68350873 -4.41088581 14.20967485  3.95690507]\n [ 0.05669783  1.09174162  0.68394311 -1.71188147  3.95690507  3.64097754]]", "nfev": "147", "njev": "21", "status": "0", "success": "True", "message": "Optimization terminated successfully.", "x": "[2.88868063 4.6912543  3.23137939 4.74980221 3.46204569 1.69934034]", "nit": "17"}, "10": {"maxiter": 500, "gtol": 1e-05, "xrtol": 1e-10, "eps": 1e-05, "duration": 0.024734020233154297, "fun": "0.0013984309032191167", "jac": "[-2.40008013e-06 -1.55395696e-06  5.35492761e-06  8.20465917e-07\n -1.88327132e-06  6.18329832e-06]", "hess_inv": "[[ 3.96553537  0.69009221  1.05991765 -1.1323169   1.89198761  0.06757537]\n [ 0.69009221  1.71142478  0.86544125 -1.24538743  3.10021515  1.08947322]\n [ 1.05991765  0.86544125  2.31042197 -0.80257596  3.67342707  0.67867896]\n [-1.1323169  -1.24538743 -0.80257596  3.90031485 -4.41715077 -1.71355614]\n [ 1.89198761  3.10021515  3.67342707 -4.41715077 14.20277135  3.96324909]\n [ 0.06757537  1.08947322  0.67867896 -1.71355614  3.96324909  3.64458918]]", "nfev": "147", "njev": "21", "status": "0", "success": "True", "message": "Optimization terminated successfully.", "x": "[2.88869202 4.69118803 3.23130913 4.74979236 3.4620467  1.69934701]", "nit": "17"}, "11": {"maxiter": 500, "gtol": 1e-05, "xrtol": 1e-10, "eps": 1e-10, "duration": 0.024790048599243164, "fun": "0.0013984308846490823", "jac": "[-2.22044587e-06 -4.44089173e-06  6.66133760e-06  2.22044587e-06\n -3.33066880e-06  1.11022293e-06]", "hess_inv": "[[ 3.96690366  0.67932794  1.06063932 -1.12816399  1.86163855  0.05669783]\n [ 0.67932794  1.71585533  0.87228499 -1.24692485  3.10863022  1.09174162]\n [ 1.06063932  0.87228499  2.30886707 -0.80202965  3.68350873  0.68394311]\n [-1.12816399 -1.24692485 -0.80202965  3.89358601 -4.41088581 -1.71188147]\n [ 1.86163855  3.10863022  3.68350873 -4.41088581 14.20967485  3.95690507]\n [ 0.05669783  1.09174162  0.68394311 -1.71188147  3.95690507  3.64097754]]", "nfev": "147", "njev": "21", "status": "0", "success": "True", "message": "Optimization terminated successfully.", "x": "[2.88868063 4.6912543  3.23137939 4.74980221 3.46204569 1.69934034]", "nit": "17"}, "12": {"maxiter": 500, "gtol": 1e-10, "xrtol": 1e-05, "eps": 1e-05, "duration": 0.02597784996032715, "fun": "0.0013984308677934543", "jac": "[-8.95994390e-07  2.31592523e-06  1.35966793e-06  1.67044156e-07\n -6.77569112e-07 -7.57172103e-08]", "hess_inv": "[[ 4.01327368  0.7329568   1.01069236 -1.19089591  1.91361229  0.04591482]\n [ 0.7329568   1.69177127  0.85053989 -1.22939495  3.05971363  0.99007041]\n [ 1.01069236  0.85053989  2.34641676 -0.77673611  3.68132243  0.74130377]\n [-1.19089591 -1.22939495 -0.77673611  3.89127836 -4.37299929 -1.59265415]\n [ 1.91361229  3.05971363  3.68132243 -4.37299929 14.1508177   3.8710406 ]\n [ 0.04591482  0.99007041  0.74130377 -1.59265415  3.8710406   3.54446945]]", "nfev": "154", "njev": "22", "status": "0", "success": "True", "message": "Optimization terminated successfully.", "x": "[2.88870168 4.69118851 3.2313033  4.74979017 3.46204263 1.69933137]", "nit": "18"}, "13": {"maxiter": 500, "gtol": 1e-10, "xrtol": 1e-05, "eps": 1e-10, "duration": 0.027133941650390625, "fun": "0.0013984308574319648", "jac": "[-5.55111466e-06 -4.44089173e-06  0.00000000e+00 -3.33066880e-06\n  0.00000000e+00  2.22044587e-06]", "hess_inv": "[[ 4.02498185  0.78277923  1.02273576 -1.27507637  2.03061256  0.12363017]\n [ 0.78277923  1.85772499  0.86797289 -1.46070826  3.44462129  1.20071565]\n [ 1.02273576  0.86797289  2.23939508 -0.77755309  3.52105004  0.65553738]\n [-1.27507637 -1.46070826 -0.77755309  4.21109231 -4.87786515 -1.86961273]\n [ 2.03061256  3.44462129  3.52105004 -4.87786515 14.67238911  4.1601009 ]\n [ 0.12363017  1.20071565  0.65553738 -1.86961273  4.1601009   3.71563675]]", "nfev": "161", "njev": "23", "status": "0", "success": "True", "message": "Optimization terminated successfully.", "x": "[2.88868687 4.69126159 3.23138102 4.74979075 3.462067   1.69934661]", "nit": "18"}, "14": {"maxiter": 500, "gtol": 1e-10, "xrtol": 1e-10, "eps": 1e-05, "duration": 0.06752943992614746, "fun": "0.0013984308677934543", "jac": "[-8.95994390e-07  2.31592523e-06  1.35966793e-06  1.67044156e-07\n -6.77569112e-07 -7.57172103e-08]", "hess_inv": "[[ 4.28981331  0.59087215  0.81831346 -1.28518242  1.87544662 -0.17343602]\n [ 0.59087215  1.67687916  0.93507125 -1.19875302  3.12341994  1.23163748]\n [ 0.81831346  0.93507125  2.47791756 -0.71404301  3.71505329  0.91488174]\n [-1.28518242 -1.19875302 -0.71404301  3.91981987 -4.35105534 -1.49176597]\n [ 1.87544662  3.12341994  3.71505329 -4.35105534 14.13396139  3.83666114]\n [-0.17343602  1.23163748  0.91488174 -1.49176597  3.83666114  3.52952282]]", "nfev": "404", "njev": "56", "status": "2", "success": "False", "message": "Desired error not necessarily achieved due to precision loss.", "x": "[2.88870168 4.69118851 3.2313033  4.74979017 3.46204263 1.69933137]", "nit": "18"}, "15": {"maxiter": 500, "gtol": 1e-10, "xrtol": 1e-10, "eps": 1e-10, "duration": 0.04001808166503906, "fun": "0.0013984308518268929", "jac": "[0.00000000e+00 2.22044587e-06 0.00000000e+00 2.22044587e-06\n 0.00000000e+00 0.00000000e+00]", "hess_inv": "[[ 6.07254334  3.36567231  3.65409979 -4.04777093 10.06176603  0.89416419]\n [ 3.36567231  3.49464481  2.59776044 -2.4452695   7.45047767  0.91930524]\n [ 3.65409979  2.59776044  3.4636786  -2.27995559  7.73790474  0.86660888]\n [-4.04777093 -2.4452695  -2.27995559  3.79913971 -6.32568897 -0.66755388]\n [10.06176603  7.45047767  7.73790474 -6.32568897 23.01671591  2.52143212]\n [ 0.89416419  0.91930524  0.86660888 -0.66755388  2.52143212  2.69890746]]", "nfev": "238", "njev": "34", "status": "0", "success": "True", "message": "Optimization terminated successfully.", "x": "[2.88869529 4.69126585 3.23138319 4.74978759 3.46207559 1.69934667]", "nit": "20"}, "16": {"maxiter": 1000, "gtol": 1e-05, "xrtol": 1e-05, "eps": 1e-05, "duration": 0.02476811408996582, "fun": "0.0013984309032191167", "jac": "[-2.40008013e-06 -1.55395696e-06  5.35492761e-06  8.20465917e-07\n -1.88327132e-06  6.18329832e-06]", "hess_inv": "[[ 3.96553537  0.69009221  1.05991765 -1.1323169   1.89198761  0.06757537]\n [ 0.69009221  1.71142478  0.86544125 -1.24538743  3.10021515  1.08947322]\n [ 1.05991765  0.86544125  2.31042197 -0.80257596  3.67342707  0.67867896]\n [-1.1323169  -1.24538743 -0.80257596  3.90031485 -4.41715077 -1.71355614]\n [ 1.89198761  3.10021515  3.67342707 -4.41715077 14.20277135  3.96324909]\n [ 0.06757537  1.08947322  0.67867896 -1.71355614  3.96324909  3.64458918]]", "nfev": "147", "njev": "21", "status": "0", "success": "True", "message": "Optimization terminated successfully.", "x": "[2.88869202 4.69118803 3.23130913 4.74979236 3.4620467  1.69934701]", "nit": "17"}, "17": {"maxiter": 1000, "gtol": 1e-05, "xrtol": 1e-05, "eps": 1e-10, "duration": 0.02486395835876465, "fun": "0.0013984308846490823", "jac": "[-2.22044587e-06 -4.44089173e-06  6.66133760e-06  2.22044587e-06\n -3.33066880e-06  1.11022293e-06]", "hess_inv": "[[ 3.96690366  0.67932794  1.06063932 -1.12816399  1.86163855  0.05669783]\n [ 0.67932794  1.71585533  0.87228499 -1.24692485  3.10863022  1.09174162]\n [ 1.06063932  0.87228499  2.30886707 -0.80202965  3.68350873  0.68394311]\n [-1.12816399 -1.24692485 -0.80202965  3.89358601 -4.41088581 -1.71188147]\n [ 1.86163855  3.10863022  3.68350873 -4.41088581 14.20967485  3.95690507]\n [ 0.05669783  1.09174162  0.68394311 -1.71188147  3.95690507  3.64097754]]", "nfev": "147", "njev": "21", "status": "0", "success": "True", "message": "Optimization terminated successfully.", "x": "[2.88868063 4.6912543  3.23137939 4.74980221 3.46204569 1.69934034]", "nit": "17"}, "18": {"maxiter": 1000, "gtol": 1e-05, "xrtol": 1e-10, "eps": 1e-05, "duration": 0.024791955947875977, "fun": "0.0013984309032191167", "jac": "[-2.40008013e-06 -1.55395696e-06  5.35492761e-06  8.20465917e-07\n -1.88327132e-06  6.18329832e-06]", "hess_inv": "[[ 3.96553537  0.69009221  1.05991765 -1.1323169   1.89198761  0.06757537]\n [ 0.69009221  1.71142478  0.86544125 -1.24538743  3.10021515  1.08947322]\n [ 1.05991765  0.86544125  2.31042197 -0.80257596  3.67342707  0.67867896]\n [-1.1323169  -1.24538743 -0.80257596  3.90031485 -4.41715077 -1.71355614]\n [ 1.89198761  3.10021515  3.67342707 -4.41715077 14.20277135  3.96324909]\n [ 0.06757537  1.08947322  0.67867896 -1.71355614  3.96324909  3.64458918]]", "nfev": "147", "njev": "21", "status": "0", "success": "True", "message": "Optimization terminated successfully.", "x": "[2.88869202 4.69118803 3.23130913 4.74979236 3.4620467  1.69934701]", "nit": "17"}, "19": {"maxiter": 1000, "gtol": 1e-05, "xrtol": 1e-10, "eps": 1e-10, "duration": 0.024765968322753906, "fun": "0.0013984308846490823", "jac": "[-2.22044587e-06 -4.44089173e-06  6.66133760e-06  2.22044587e-06\n -3.33066880e-06  1.11022293e-06]", "hess_inv": "[[ 3.96690366  0.67932794  1.06063932 -1.12816399  1.86163855  0.05669783]\n [ 0.67932794  1.71585533  0.87228499 -1.24692485  3.10863022  1.09174162]\n [ 1.06063932  0.87228499  2.30886707 -0.80202965  3.68350873  0.68394311]\n [-1.12816399 -1.24692485 -0.80202965  3.89358601 -4.41088581 -1.71188147]\n [ 1.86163855  3.10863022  3.68350873 -4.41088581 14.20967485  3.95690507]\n [ 0.05669783  1.09174162  0.68394311 -1.71188147  3.95690507  3.64097754]]", "nfev": "147", "njev": "21", "status": "0", "success": "True", "message": "Optimization terminated successfully.", "x": "[2.88868063 4.6912543  3.23137939 4.74980221 3.46204569 1.69934034]", "nit": "17"}, "20": {"maxiter": 1000, "gtol": 1e-10, "xrtol": 1e-05, "eps": 1e-05, "duration": 0.025939226150512695, "fun": "0.0013984308677934543", "jac": "[-8.95994390e-07  2.31592523e-06  1.35966793e-06  1.67044156e-07\n -6.77569112e-07 -7.57172103e-08]", "hess_inv": "[[ 4.01327368  0.7329568   1.01069236 -1.19089591  1.91361229  0.04591482]\n [ 0.7329568   1.69177127  0.85053989 -1.22939495  3.05971363  0.99007041]\n [ 1.01069236  0.85053989  2.34641676 -0.77673611  3.68132243  0.74130377]\n [-1.19089591 -1.22939495 -0.77673611  3.89127836 -4.37299929 -1.59265415]\n [ 1.91361229  3.05971363  3.68132243 -4.37299929 14.1508177   3.8710406 ]\n [ 0.04591482  0.99007041  0.74130377 -1.59265415  3.8710406   3.54446945]]", "nfev": "154", "njev": "22", "status": "0", "success": "True", "message": "Optimization terminated successfully.", "x": "[2.88870168 4.69118851 3.2313033  4.74979017 3.46204263 1.69933137]", "nit": "18"}, "21": {"maxiter": 1000, "gtol": 1e-10, "xrtol": 1e-05, "eps": 1e-10, "duration": 0.027077674865722656, "fun": "0.0013984308574319648", "jac": "[-5.55111466e-06 -4.44089173e-06  0.00000000e+00 -3.33066880e-06\n  0.00000000e+00  2.22044587e-06]", "hess_inv": "[[ 4.02498185  0.78277923  1.02273576 -1.27507637  2.03061256  0.12363017]\n [ 0.78277923  1.85772499  0.86797289 -1.46070826  3.44462129  1.20071565]\n [ 1.02273576  0.86797289  2.23939508 -0.77755309  3.52105004  0.65553738]\n [-1.27507637 -1.46070826 -0.77755309  4.21109231 -4.87786515 -1.86961273]\n [ 2.03061256  3.44462129  3.52105004 -4.87786515 14.67238911  4.1601009 ]\n [ 0.12363017  1.20071565  0.65553738 -1.86961273  4.1601009   3.71563675]]", "nfev": "161", "njev": "23", "status": "0", "success": "True", "message": "Optimization terminated successfully.", "x": "[2.88868687 4.69126159 3.23138102 4.74979075 3.462067   1.69934661]", "nit": "18"}, "22": {"maxiter": 1000, "gtol": 1e-10, "xrtol": 1e-10, "eps": 1e-05, "duration": 0.06748294830322266, "fun": "0.0013984308677934543", "jac": "[-8.95994390e-07  2.31592523e-06  1.35966793e-06  1.67044156e-07\n -6.77569112e-07 -7.57172103e-08]", "hess_inv": "[[ 4.28981331  0.59087215  0.81831346 -1.28518242  1.87544662 -0.17343602]\n [ 0.59087215  1.67687916  0.93507125 -1.19875302  3.12341994  1.23163748]\n [ 0.81831346  0.93507125  2.47791756 -0.71404301  3.71505329  0.91488174]\n [-1.28518242 -1.19875302 -0.71404301  3.91981987 -4.35105534 -1.49176597]\n [ 1.87544662  3.12341994  3.71505329 -4.35105534 14.13396139  3.83666114]\n [-0.17343602  1.23163748  0.91488174 -1.49176597  3.83666114  3.52952282]]", "nfev": "404", "njev": "56", "status": "2", "success": "False", "message": "Desired error not necessarily achieved due to precision loss.", "x": "[2.88870168 4.69118851 3.2313033  4.74979017 3.46204263 1.69933137]", "nit": "18"}, "23": {"maxiter": 1000, "gtol": 1e-10, "xrtol": 1e-10, "eps": 1e-10, "duration": 0.04011201858520508, "fun": "0.0013984308518268929", "jac": "[0.00000000e+00 2.22044587e-06 0.00000000e+00 2.22044587e-06\n 0.00000000e+00 0.00000000e+00]", "hess_inv": "[[ 6.07254334  3.36567231  3.65409979 -4.04777093 10.06176603  0.89416419]\n [ 3.36567231  3.49464481  2.59776044 -2.4452695   7.45047767  0.91930524]\n [ 3.65409979  2.59776044  3.4636786  -2.27995559  7.73790474  0.86660888]\n [-4.04777093 -2.4452695  -2.27995559  3.79913971 -6.32568897 -0.66755388]\n [10.06176603  7.45047767  7.73790474 -6.32568897 23.01671591  2.52143212]\n [ 0.89416419  0.91930524  0.86660888 -0.66755388  2.52143212  2.69890746]]", "nfev": "238", "njev": "34", "status": "0", "success": "True", "message": "Optimization terminated successfully.", "x": "[2.88869529 4.69126585 3.23138319 4.74978759 3.46207559 1.69934667]", "nit": "20"}}, "cobyla": {"0": {"maxiter": 100, "tol": 1e-05, "catol": 1e-05, "duration": 0.01622915267944336, "x": "[2.77053156 4.93687387 3.45603713 4.80022799 3.32590229 1.65206479]", "status": "2", "success": "False", "message": "Maximum number of function evaluations has been exceeded.", "nfev": "100", "fun": "0.00141188921946922", "maxcv": "0.0"}, "1": {"maxiter": 100, "tol": 1e-05, "catol": 1e-10, "duration": 0.016142845153808594, "x": "[2.77053156 4.93687387 3.45603713 4.80022799 3.32590229 1.65206479]", "status": "2", "success": "False", "message": "Maximum number of function evaluations has been exceeded.", "nfev": "100", "fun": "0.00141188921946922", "maxcv": "0.0"}, "2": {"maxiter": 100, "tol": 1e-10, "catol": 1e-05, "duration": 0.016164302825927734, "x": "[2.77053156 4.93687387 3.45603713 4.80022799 3.32590229 1.65206479]", "status": "2", "success": "False", "message": "Maximum number of function evaluations has been exceeded.", "nfev": "100", "fun": "0.00141188921946922", "maxcv": "0.0"}, "3": {"maxiter": 100, "tol": 1e-10, "catol": 1e-10, "duration": 0.016185998916625977, "x": "[2.77053156 4.93687387 3.45603713 4.80022799 3.32590229 1.65206479]", "status": "2", "success": "False", "message": "Maximum number of function evaluations has been exceeded.", "nfev": "100", "fun": "0.00141188921946922", "maxcv": "0.0"}, "4": {"maxiter": 500, "tol": 1e-05, "catol": 1e-05, "duration": 0.052210092544555664, "x": "[2.77510674 4.94676153 3.46647004 4.79345676 3.34219883 1.65531529]", "status": "1", "success": "True", "message": "Optimization terminated successfully.", "nfev": "324", "fun": "0.0013984309829151442", "maxcv": "0.0"}, "5": {"maxiter": 500, "tol": 1e-05, "catol": 1e-10, "duration": 0.052165985107421875, "x": "[2.77510674 4.94676153 3.46647004 4.79345676 3.34219883 1.65531529]", "status": "1", "success": "True", "message": "Optimization terminated successfully.", "nfev": "324", "fun": "0.0013984309829151442", "maxcv": "0.0"}, "6": {"maxiter": 500, "tol": 1e-10, "catol": 1e-05, "duration": 0.08039498329162598, "x": "[2.77512557 4.94679249 3.46650003 4.79344214 3.34225332 1.65532738]", "status": "2", "success": "False", "message": "Maximum number of function evaluations has been exceeded.", "nfev": "500", "fun": "0.0013984308211710816", "maxcv": "0.0"}, "7": {"maxiter": 500, "tol": 1e-10, "catol": 1e-10, "duration": 0.08082795143127441, "x": "[2.77512557 4.94679249 3.46650003 4.79344214 3.34225332 1.65532738]", "status": "2", "success": "False", "message": "Maximum number of function evaluations has been exceeded.", "nfev": "500", "fun": "0.0013984308211710816", "maxcv": "0.0"}, "8": {"maxiter": 1000, "tol": 1e-05, "catol": 1e-05, "duration": 0.0524289608001709, "x": "[2.77510674 4.94676153 3.46647004 4.79345676 3.34219883 1.65531529]", "status": "1", "success": "True", "message": "Optimization terminated successfully.", "nfev": "324", "fun": "0.0013984309829151442", "maxcv": "0.0"}, "9": {"maxiter": 1000, "tol": 1e-05, "catol": 1e-10, "duration": 0.052555084228515625, "x": "[2.77510674 4.94676153 3.46647004 4.79345676 3.34219883 1.65531529]", "status": "1", "success": "True", "message": "Optimization terminated successfully.", "nfev": "324", "fun": "0.0013984309829151442", "maxcv": "0.0"}, "10": {"maxiter": 1000, "tol": 1e-10, "catol": 1e-05, "duration": 0.09430599212646484, "x": "[2.77512561 4.94679272 3.46650041 4.79344198 3.34225384 1.6553275 ]", "status": "1", "success": "True", "message": "Optimization terminated successfully.", "nfev": "582", "fun": "0.0013984308211445473", "maxcv": "0.0"}, "11": {"maxiter": 1000, "tol": 1e-10, "catol": 1e-10, "duration": 0.09383988380432129, "x": "[2.77512561 4.94679272 3.46650041 4.79344198 3.34225384 1.6553275 ]", "status": "1", "success": "True", "message": "Optimization terminated successfully.", "nfev": "582", "fun": "0.0013984308211445473", "maxcv": "0.0"}}, "powell": {"ty