{"date": "2024/07/18/, 20:45:06", "conf_id": 61, "data_type": "random\n", "num_data_points": 4, "s_rank": 0, "unitary": "[[-0.56303964-0.00798273j,-0.21670212-0.15784972j,-0.06047197-0.73952673j,-0.01438004+0.24552571j],[-0.06976756+0.23474685j,-0.01275565-0.5435098j,-0.02703657-0.08917885j,-0.08210486-0.79311774j],[-0.38559961+0.10714929j,0.5933431-0.2687392j,-0.24060861+0.29149289j,-0.45147719+0.26241743j],[-0.50180421+0.45931857j,-0.11617175+0.44134496j,0.49642745+0.22684508j,-0.08544628-0.15407063j]]", "databatch_0": {"databatch": "[[[0.13990578+0.00517784j,-0.23541841+0.11291434j,-0.19839615-0.01445056j,-0.14642083-0.03527446j],[-0.19889393+0.05148931j,0.28358582-0.25765819j,0.28503129-0.06302098j,0.2206972-0.01190777j],[0.20444985+0.05821543j,-0.38799756+0.08140713j,-0.28735441-0.09303586j,-0.20317702-0.10495485j],[0.09610212-0.12005389j,-0.05439647+0.28158851j,-0.14255104+0.16559436j,-0.12691942+0.10611148j]],[[-0.00086666+0.04296802j,0.05442076+0.00895162j,0.07916324-0.03729847j,-0.04475156-0.0975754j],[-0.09243171-0.10292903j,-0.1476315+0.09860283j,-0.10411914+0.26174172j,0.31974584+0.13102226j],[-0.12261951+0.19094853j,0.22014377+0.19064305j,0.45926553+0.0508947j,0.06823048-0.56270742j],[-0.06347836-0.01489701j,-0.03052081+0.07791001j,0.03026401+0.12927193j,0.15895153-0.03548989j]],[[0.0347613+0.37285812j,0.08826647+0.01869817j,0.31427727-0.35635961j,-0.3224024-0.06141871j],[0.07642213-0.18453679j,-0.036982-0.03079336j,-0.23696219+0.08986423j,0.13679287+0.10923133j],[-0.13914501-0.0971832j,-0.03231967+0.02505301j,0.03120863+0.21307604j,0.11567186-0.09352327j],[0.28651198+0.00256779j,0.02110385-0.06572954j,-0.24678146-0.26695866j,-0.07184851+0.24061939j]],[[-0.00511353-0.27539446j,-0.05958477+0.01549392j,-0.13207479+0.11854981j,0.22506232+0.10007591j],[-0.14480491+0.39754828j,0.09396217+0.0107085j,0.25479268-0.09695659j,-0.2672981-0.26776855j],[-0.19457559-0.06330058j,-0.0035954+0.04559326j,0.05114527+0.12151419j,0.12492097-0.13369181j],[-0.21212046+0.31591365j,0.07973599+0.02960168j,0.24337151-0.02974371j,-0.17568238-0.29141482j]]]", "initial param values": "[0.63679425,0.09536707,0.76424747,4.19099886,2.30104955,1.01524451]", "nelder_mead": {"type": "gradient-free", "0": {"maxiter": 100, "fatol": 1e-05, "xatol": 1e-05, "duration": 0.027241230010986328, "fun": "0.36543949675928844", "nit": "100", "nfev": "160", "status": "2", "success": "False", "message": "Maximum number of iterations has been exceeded.", "x": "[1.05491866 0.10206929 0.01441992 3.27016199 2.62629737 0.80176765]", "final_simplex": "(array([[ 1.05491866e+00,  1.02069294e-01,  1.44199238e-02,\n         3.27016199e+00,  2.62629737e+00,  8.01767648e-01],\n       [ 1.05849470e+00,  1.01800080e-01, -9.62644295e-04,\n         3.28611261e+00,  2.60641230e+00,  8.03711601e-01],\n       [ 1.06141052e+00,  1.00992614e-01, -6.15199313e-03,\n         3.29370121e+00,  2.63120627e+00,  7.92616313e-01],\n       [ 1.05931701e+00,  1.01539899e-01, -3.25542392e-03,\n         3.29273190e+00,  2.61841875e+00,  7.91746729e-01],\n       [ 1.06544307e+00,  1.02079066e-01, -5.33419749e-03,\n         3.27842884e+00,  2.60612920e+00,  7.98194538e-01],\n       [ 1.06059903e+00,  1.01878963e-01,  4.01913575e-03,\n         3.25950630e+00,  2.62675038e+00,  7.89591953e-01],\n       [ 1.05664728e+00,  1.01140934e-01,  1.01198626e-02,\n         3.26893570e+00,  2.61633647e+00,  7.95319647e-01]]), array([0.3654395 , 0.36547176, 0.36547388, 0.36549454, 0.36550175,\n       0.3655314 , 0.36553296]))"}, "1": {"maxiter": 100, "fatol": 1e-05, "xatol": 1e-10, "duration": 0.027005910873413086, "fun": "0.36543949675928844", "nit": "100", "nfev": "160", "status": "2", "success": "False", "message": "Maximum number of iterations has been exceeded.", "x": "[1.05491866 0.10206929 0.01441992 3.27016199 2.62629737 0.80176765]", "final_simplex": "(array([[ 1.05491866e+00,  1.02069294e-01,  1.44199238e-02,\n         3.27016199e+00,  2.62629737e+00,  8.01767648e-01],\n       [ 1.05849470e+00,  1.01800080e-01, -9.62644295e-04,\n         3.28611261e+00,  2.60641230e+00,  8.03711601e-01],\n       [ 1.06141052e+00,  1.00992614e-01, -6.15199313e-03,\n         3.29370121e+00,  2.63120627e+00,  7.92616313e-01],\n       [ 1.05931701e+00,  1.01539899e-01, -3.25542392e-03,\n         3.29273190e+00,  2.61841875e+00,  7.91746729e-01],\n       [ 1.06544307e+00,  1.02079066e-01, -5.33419749e-03,\n         3.27842884e+00,  2.60612920e+00,  7.98194538e-01],\n       [ 1.06059903e+00,  1.01878963e-01,  4.01913575e-03,\n         3.25950630e+00,  2.62675038e+00,  7.89591953e-01],\n       [ 1.05664728e+00,  1.01140934e-01,  1.01198626e-02,\n         3.26893570e+00,  2.61633647e+00,  7.95319647e-01]]), array([0.3654395 , 0.36547176, 0.36547388, 0.36549454, 0.36550175,\n       0.3655314 , 0.36553296]))"}, "2": {"maxiter": 100, "fatol": 1e-10, "xatol": 1e-05, "duration": 0.026990175247192383, "fun": "0.36543949675928844", "nit": "100", "nfev": "160", "status": "2", "success": "False", "message": "Maximum number of iterations has been exceeded.", "x": "[1.05491866 0.10206929 0.01441992 3.27016199 2.62629737 0.80176765]", "final_simplex": "(array([[ 1.05491866e+00,  1.02069294e-01,  1.44199238e-02,\n         3.27016199e+00,  2.62629737e+00,  8.01767648e-01],\n       [ 1.05849470e+00,  1.01800080e-01, -9.62644295e-04,\n         3.28611261e+00,  2.60641230e+00,  8.03711601e-01],\n       [ 1.06141052e+00,  1.00992614e-01, -6.15199313e-03,\n         3.29370121e+00,  2.63120627e+00,  7.92616313e-01],\n       [ 1.05931701e+00,  1.01539899e-01, -3.25542392e-03,\n         3.29273190e+00,  2.61841875e+00,  7.91746729e-01],\n       [ 1.06544307e+00,  1.02079066e-01, -5.33419749e-03,\n         3.27842884e+00,  2.60612920e+00,  7.98194538e-01],\n       [ 1.06059903e+00,  1.01878963e-01,  4.01913575e-03,\n         3.25950630e+00,  2.62675038e+00,  7.89591953e-01],\n       [ 1.05664728e+00,  1.01140934e-01,  1.01198626e-02,\n         3.26893570e+00,  2.61633647e+00,  7.95319647e-01]]), array([0.3654395 , 0.36547176, 0.36547388, 0.36549454, 0.36550175,\n       0.3655314 , 0.36553296]))"}, "3": {"maxiter": 100, "fatol": 1e-10, "xatol": 1e-10, "duration": 0.026961088180541992, "fun": "0.36543949675928844", "nit": "100", "nfev": "160", "status": "2", "success": "False", "message": "Maximum number of iterations has been exceeded.", "x": "[1.05491866 0.10206929 0.01441992 3.27016199 2.62629737 0.80176765]", "final_simplex": "(array([[ 1.05491866e+00,  1.02069294e-01,  1.44199238e-02,\n         3.27016199e+00,  2.62629737e+00,  8.01767648e-01],\n       [ 1.05849470e+00,  1.01800080e-01, -9.62644295e-04,\n         3.28611261e+00,  2.60641230e+00,  8.03711601e-01],\n       [ 1.06141052e+00,  1.00992614e-01, -6.15199313e-03,\n         3.29370121e+00,  2.63120627e+00,  7.92616313e-01],\n       [ 1.05931701e+00,  1.01539899e-01, -3.25542392e-03,\n         3.29273190e+00,  2.61841875e+00,  7.91746729e-01],\n       [ 1.06544307e+00,  1.02079066e-01, -5.33419749e-03,\n         3.27842884e+00,  2.60612920e+00,  7.98194538e-01],\n       [ 1.06059903e+00,  1.01878963e-01,  4.01913575e-03,\n         3.25950630e+00,  2.62675038e+00,  7.89591953e-01],\n       [ 1.05664728e+00,  1.01140934e-01,  1.01198626e-02,\n         3.26893570e+00,  2.61633647e+00,  7.95319647e-01]]), array([0.3654395 , 0.36547176, 0.36547388, 0.36549454, 0.36550175,\n       0.3655314 , 0.36553296]))"}, "4": {"maxiter": 500, "fatol": 1e-05, "xatol": 1e-05, "duration": 0.13140487670898438, "fun": "0.34329125424245266", "nit": "500", "nfev": "781", "status": "2", "success": "False", "message": "Maximum number of iterations has been exceeded.", "x": "[1.17580304 0.35522075 0.00721532 3.58455361 3.70008394 1.87436156]", "final_simplex": "(array([[1.17580304, 0.35522075, 0.00721532, 3.58455361, 3.70008394,\n        1.87436156],\n       [1.17585598, 0.35518941, 0.00734191, 3.58463143, 3.69976572,\n        1.87403512],\n       [1.17582416, 0.35507148, 0.00731281, 3.58446097, 3.69993833,\n        1.87422488],\n       [1.17585058, 0.35526898, 0.0072116 , 3.58456798, 3.69957405,\n        1.87393501],\n       [1.17588338, 0.35505808, 0.00729844, 3.58468872, 3.69996649,\n        1.87428773],\n       [1.17574193, 0.35505117, 0.00731995, 3.58452473, 3.70019945,\n        1.87434864],\n       [1.17566405, 0.35505635, 0.00739686, 3.58450859, 3.69999371,\n        1.87434982]]), array([0.34329125, 0.34329125, 0.34329125, 0.34329125, 0.34329125,\n       0.34329126, 0.34329126]))"}, "5": {"maxiter": 500, "fatol": 1e-05, "xatol": 1e-10, "duration": 0.13124394416809082, "fun": "0.34329125424245266", "nit": "500", "nfev": "781", "status": "2", "success": "False", "message": "Maximum number of iterations has been exceeded.", "x": "[1.17580304 0.35522075 0.00721532 3.58455361 3.70008394 1.87436156]", "final_simplex": "(array([[1.17580304, 0.35522075, 0.00721532, 3.58455361, 3.70008394,\n        1.87436156],\n       [1.17585598, 0.35518941, 0.00734191, 3.58463143, 3.69976572,\n        1.87403512],\n       [1.17582416, 0.35507148, 0.00731281, 3.58446097, 3.69993833,\n        1.87422488],\n       [1.17585058, 0.35526898, 0.0072116 , 3.58456798, 3.69957405,\n        1.87393501],\n       [1.17588338, 0.35505808, 0.00729844, 3.58468872, 3.69996649,\n        1.87428773],\n       [1.17574193, 0.35505117, 0.00731995, 3.58452473, 3.70019945,\n        1.87434864],\n       [1.17566405, 0.35505635, 0.00739686, 3.58450859, 3.69999371,\n        1.87434982]]), array([0.34329125, 0.34329125, 0.34329125, 0.34329125, 0.34329125,\n       0.34329126, 0.34329126]))"}, "6": {"maxiter": 500, "fatol": 1e-10, "xatol": 1e-05, "duration": 0.13149809837341309, "fun": "0.34329125424245266", "nit": "500", "nfev": "781", "status": "2", "success": "False", "message": "Maximum number of iterations has been exceeded.", "x": "[1.17580304 0.35522075 0.00721532 3.58455361 3.70008394 1.87436156]", "final_simplex": "(array([[1.17580304, 0.35522075, 0.00721532, 3.58455361, 3.70008394,\n        1.87436156],\n       [1.17585598, 0.35518941, 0.00734191, 3.58463143, 3.69976572,\n        1.87403512],\n       [1.17582416, 0.35507148, 0.00731281, 3.58446097, 3.69993833,\n        1.87422488],\n       [1.17585058, 0.35526898, 0.0072116 , 3.58456798, 3.69957405,\n        1.87393501],\n       [1.17588338, 0.35505808, 0.00729844, 3.58468872, 3.69996649,\n        1.87428773],\n       [1.17574193, 0.35505117, 0.00731995, 3.58452473, 3.70019945,\n        1.87434864],\n       [1.17566405, 0.35505635, 0.00739686, 3.58450859, 3.69999371,\n        1.87434982]]), array([0.34329125, 0.34329125, 0.34329125, 0.34329125, 0.34329125,\n       0.34329126, 0.34329126]))"}, "7": {"maxiter": 500, "fatol": 1e-10, "xatol": 1e-10, "duration": 0.13522005081176758, "fun": "0.34329125424245266", "nit": "500", "nfev": "781", "status": "2", "success": "False", "message": "Maximum number of iterations has been exceeded.", "x": "[1.17580304 0.35522075 0.00721532 3.58455361 3.70008394 1.87436156]", "final_simplex": "(array([[1.17580304, 0.35522075, 0.00721532, 3.58455361, 3.70008394,\n        1.87436156],\n       [1.17585598, 0.35518941, 0.00734191, 3.58463143, 3.69976572,\n        1.87403512],\n       [1.17582416, 0.35507148, 0.00731281, 3.58446097, 3.69993833,\n        1.87422488],\n       [1.17585058, 0.35526898, 0.0072116 , 3.58456798, 3.69957405,\n        1.87393501],\n       [1.17588338, 0.35505808, 0.00729844, 3.58468872, 3.69996649,\n        1.87428773],\n       [1.17574193, 0.35505117, 0.00731995, 3.58452473, 3.70019945,\n        1.87434864],\n       [1.17566405, 0.35505635, 0.00739686, 3.58450859, 3.69999371,\n        1.87434982]]), array([0.34329125, 0.34329125, 0.34329125, 0.34329125, 0.34329125,\n       0.34329126, 0.34329126]))"}, "8": {"maxiter": 1000, "fatol": 1e-05, "xatol": 1e-05, "duration": 0.14914274215698242, "fun": "0.34329125250057735", "nit": "548", "nfev": "866", "status": "0", "success": "True", "message": "Optimization terminated successfully.", "x": "[1.17582107 0.35514078 0.007293   3.58456269 3.69991831 1.87424966]", "final_simplex": "(array([[1.17582107, 0.35514078, 0.007293  , 3.58456269, 3.69991831,\n        1.87424966],\n       [1.17582171, 0.35514582, 0.00729354, 3.58456128, 3.69991148,\n        1.87424127],\n       [1.17582024, 0.35514451, 0.00729148, 3.58456039, 3.69992137,\n        1.87424951],\n       [1.17581891, 0.35514282, 0.00729452, 3.58456231, 3.6999166 ,\n        1.87424569],\n       [1.17582381, 0.35514827, 0.00729263, 3.58456573, 3.69991243,\n        1.87424184],\n       [1.1758214 , 0.35514295, 0.00729187, 3.58456236, 3.69991328,\n        1.87424184],\n       [1.17582069, 0.35514116, 0.00729287, 3.58456154, 3.69992054,\n        1.87424681]]), array([0.34329125, 0.34329125, 0.34329125, 0.34329125, 0.34329125,\n       0.34329125, 0.34329125]))"}, "9": {"maxiter": 1000, "fatol": 1e-05, "xatol": 1e-10, "duration": 0.1906442642211914, "fun": "0.3432912524971873", "nit": "664", "nfev": "1111", "status": "0", "success": "True", "message": "Optimization terminated successfully.", "x": "[1.1758231  0.35514369 0.00729634 3.58456342 3.69992084 1.87425238]", "final_simplex": "(array([[1.1758231 , 0.35514369, 0.00729634, 3.58456342, 3.69992084,\n        1.87425238],\n       [1.1758231 , 0.35514369, 0.00729634, 3.58456342, 3.69992084,\n        1.87425238],\n       [1.1758231 , 0.35514369, 0.00729634, 3.58456342, 3.69992084,\n        1.87425238],\n       [1.1758231 , 0.35514369, 0.00729634, 3.58456342, 3.69992084,\n        1.87425238],\n       [1.1758231 , 0.35514369, 0.00729634, 3.58456342, 3.69992084,\n        1.87425238],\n       [1.1758231 , 0.35514369, 0.00729634, 3.58456342, 3.69992084,\n        1.87425238],\n       [1.1758231 , 0.35514369, 0.00729634, 3.58456342, 3.69992084,\n        1.87425238]]), array([0.34329125, 0.34329125, 0.34329125, 0.34329125, 0.34329125,\n       0.34329125, 0.34329125]))"}, "10": {"maxiter": 1000, "fatol": 1e-10, "xatol": 1e-05, "duration": 0.14746689796447754, "fun": "0.34329125250057735", "nit": "548", "nfev": "866", "status": "0", "success": "True", "message": "Optimization terminated successfully.", "x": "[1.17582107 0.35514078 0.007293   3.58456269 3.69991831 1.87424966]", "final_simplex": "(array([[1.17582107, 0.35514078, 0.007293  , 3.58456269, 3.69991831,\n        1.87424966],\n       [1.17582171, 0.35514582, 0.00729354, 3.58456128, 3.69991148,\n        1.87424127],\n       [1.17582024, 0.35514451, 0.00729148, 3.58456039, 3.69992137,\n        1.87424951],\n       [1.17581891, 0.35514282, 0.00729452, 3.58456231, 3.6999166 ,\n        1.87424569],\n       [1.17582381, 0.35514827, 0.00729263, 3.58456573, 3.69991243,\n        1.87424184],\n       [1.1758214 , 0.35514295, 0.00729187, 3.58456236, 3.69991328,\n        1.87424184],\n       [1.17582069, 0.35514116, 0.00729287, 3.58456154, 3.69992054,\n        1.87424681]]), array([0.34329125, 0.34329125, 0.34329125, 0.34329125, 0.34329125,\n       0.34329125, 0.34329125]))"}, "11": {"maxiter": 1000, "fatol": 1e-10, "xatol": 1e-10, "duration": 0.19013571739196777, "fun": "0.3432912524971873", "nit": "664", "nfev": "1111", "status": "0", "success": "True", "message": "Optimization terminated successfully.", "x": "[1.1758231  0.35514369 0.00729634 3.58456342 3.69992084 1.87425238]", "final_simplex": "(array([[1.1758231 , 0.35514369, 0.00729634, 3.58456342, 3.69992084,\n        1.87425238],\n       [1.1758231 , 0.35514369, 0.00729634, 3.58456342, 3.69992084,\n        1.87425238],\n       [1.1758231 , 0.35514369, 0.00729634, 3.58456342, 3.69992084,\n        1.87425238],\n       [1.1758231 , 0.35514369, 0.00729634, 3.58456342, 3.69992084,\n        1.87425238],\n       [1.1758231 , 0.35514369, 0.00729634, 3.58456342, 3.69992084,\n        1.87425238],\n       [1.1758231 , 0.35514369, 0.00729634, 3.58456342, 3.69992084,\n        1.87425238],\n       [1.1758231 , 0.35514369, 0.00729634, 3.58456342, 3.69992084,\n        1.87425238]]), array([0.34329125, 0.34329125, 0.34329125, 0.34329125, 0.34329125,\n       0.34329125, 0.34329125]))"}}, "bfgs": {"type": "gradient", "0": {"maxiter": 100, "gtol": 1e-05, "xrtol": 1e-05, "eps": 1e-05, "duration": 0.03389382362365723, "fun": "0.3432912525858067", "jac": "[ 2.85051982e-06  2.10054196e-06  1.14218635e-06 -1.38128398e-06\n  3.52973206e-07  3.87923027e-07]", "hess_inv": "[[ 6.88462654  0.47038842  0.5892897   3.72566492 -8.99125021 -7.47298164]\n [ 0.47038842  6.53555291 -2.18833895  0.20181543 -4.90280336 -3.99804257]\n [ 0.5892897  -2.18833895  4.87647339  1.57502732  1.76692414  1.59693104]\n [ 3.72566492  0.20181543  1.57502732  5.92857583 -4.15801197 -3.64083044]\n [-8.99125021 -4.90280336  1.76692414 -4.15801197 39.81563209 34.25530784]\n [-7.47298164 -3.99804257  1.59693104 -3.64083044 34.25530784 33.20157069]]", "nfev": "196", "njev": "28", "status": "0", "success": "True", "message": "Optimization terminated successfully.", "x": "[1.17583806 0.35516242 0.00728552 3.58455816 3.69984905 1.87418834]", "nit": "26"}, "1": {"maxiter": 100, "gtol": 1e-05, "xrtol": 1e-05, "eps": 1e-10, "duration": 0.03368782997131348, "fun": "0.34329125254873416", "jac": "[2.22044587e-06 2.22044587e-06 1.11022303e-06 2.22044587e-06\n 1.11022293e-06 0.00000000e+00]", "hess_inv": "[[ 6.80034198  0.47905672  0.49377452  3.67423759 -8.61643646 -7.12629506]\n [ 0.47905672  6.54034172 -2.22778153  0.20190265 -4.82072671 -3.90406053]\n [ 0.49377452 -2.22778153  4.90043206  1.48811137  1.8362165   1.64465567]\n [ 3.67423759  0.20190265  1.48811137  5.89602927 -3.92963458 -3.42177538]\n [-8.61643646 -4.82072671  1.8362165  -3.92963458 37.33677703 31.9388319 ]\n [-7.12629506 -3.90406053  1.64465567 -3.42177538 31.9388319  31.02853322]]", "nfev": "196", "njev": "28", "status": "0", "success": "True", "message": "Optimization terminated successfully.", "x": "[1.17584539 0.35515913 0.00730025 3.58457912 3.69989773 1.87423341]", "nit": "26"}, "2": {"maxiter": 100, "gtol": 1e-05, "xrtol": 1e-10, "eps": 1e-05, "duration": 0.03361916542053223, "fun": "0.3432912525858067", "jac": "[ 2.85051982e-06  2.10054196e-06  1.14218635e-06 -1.38128398e-06\n  3.52973206e-07  3.87923027e-07]", "hess_inv": "[[ 6.88462654  0.47038842  0.5892897   3.72566492 -8.99125021 -7.47298164]\n [ 0.47038842  6.53555291 -2.18833895  0.20181543 -4.90280336 -3.99804257]\n [ 0.5892897  -2.18833895  4.87647339  1.57502732  1.76692414  1.59693104]\n [ 3.72566492  0.20181543  1.57502732  5.92857583 -4.15801197 -3.64083044]\n [-8.99125021 -4.90280336  1.76692414 -4.15801197 39.81563209 34.25530784]\n [-7.47298164 -3.99804257  1.59693104 -3.64083044 34.25530784 33.20157069]]", "nfev": "196", "njev": "28", "status": "0", "success": "True", "message": "Optimization terminated successfully.", "x": "[1.17583806 0.35516242 0.00728552 3.58455816 3.69984905 1.87418834]", "nit": "26"}, "3": {"maxiter": 100, "gtol": 1e-05, "xrtol": 1e-10, "eps": 1e-10, "duration": 0.03364109992980957, "fun": "0.34329125254873416", "jac": "[2.22044587e-06 2.22044587e-06 1.11022303e-06 2.22044587e-06\n 1.11022293e-06 0.00000000e+00]", "hess_inv": "[[ 6.80034198  0.47905672  0.49377452  3.67423759 -8.61643646 -7.12629506]\n [ 0.47905672  6.54034172 -2.22778153  0.20190265 -4.82072671 -3.90406053]\n [ 0.49377452 -2.22778153  4.90043206  1.48811137  1.8362165   1.64465567]\n [ 3.67423759  0.20190265  1.48811137  5.89602927 -3.92963458 -3.42177538]\n [-8.61643646 -4.82072671  1.8362165  -3.92963458 37.33677703 31.9388319 ]\n [-7.12629506 -3.90406053  1.64465567 -3.42177538 31.9388319  31.02853322]]", "nfev": "196", "njev": "28", "status": "0", "success": "True", "message": "Optimization terminated successfully.", "x": "[1.17584539 0.35515913 0.00730025 3.58457912 3.69989773 1.87423341]", "nit": "26"}, "4": {"maxiter": 100, "gtol": 1e-10, "xrtol": 1e-05, "eps": 1e-05, "duration": 0.03482198715209961, "fun": "0.3432912525855685", "jac": "[ 1.08824061e-07  1.41919809e-07 -3.39284156e-08 -1.31006317e-08\n  1.32727163e-07 -5.04263298e-08]", "hess_inv": "[[ 7.46781094  0.96979736  0.70462435  3.82987644 -9.14266829 -7.44258029]\n [ 0.96979736  6.90228984 -2.04714709  0.29498334 -5.31320601 -4.22289896]\n [ 0.70462435 -2.04714709  4.86974281  1.59290292  1.93245041  1.77763428]\n [ 3.82987644  0.29498334  1.59290292  5.94694476 -4.16697807 -3.61922983]\n [-9.14266829 -5.31320601  1.93245041 -4.16697807 38.56147165 33.09145116]\n [-7.44258029 -4.22289896  1.77763428 -3.61922983 33.09145116 32.17008457]]", "nfev": "203", "njev": "29", "status": "0", "success": "True", "message": "Optimization terminated successfully.", "x": "[1.17582533 0.35515142 0.00728308 3.58455589 3.69985186 1.87418723]", "nit": "27"}, "5": {"maxiter": 100, "gtol": 1e-10, "xrtol": 1e-05, "eps": 1e-10, "duration": 0.03614187240600586, "fun": "0.34329125251284165", "jac": "[ 2.22044587e-06  0.00000000e+00  0.00000000e+00 -2.22044587e-06\n  0.00000000e+00 -1.11022293e-06]", "hess_inv": "[[ 7.78380012  1.03304601  1.00777783  4.449163   -8.79303038 -7.08817466]\n [ 1.03304601  6.8509375  -1.94204459  0.66316938 -4.89278744 -3.86615276]\n [ 1.00777783 -1.94204459  5.15922999  1.95715431  1.81485877  1.70710298]\n [ 4.449163    0.66316938  1.95715431  6.0902272  -4.53013372 -3.66829059]\n [-8.79303038 -4.89278744  1.81485877 -4.53013372 36.85734898 31.62558942]\n [-7.08817466 -3.86615276  1.70710298 -3.66829059 31.62558942 30.84634345]]", "nfev": "203", "njev": "29", "status": "0", "success": "True", "message": "Optimization terminated successfully.", "x": "[1.17582458 0.35514774 0.00729024 3.5845571  3.69989525 1.87422887]", "nit": "27"}, "6": {"maxiter": 100, "gtol": 1e-10, "xrtol": 1e-10, "eps": 1e-05, "duration": 0.0671999454498291, "fun": "0.3432912525855685", "jac": "[ 1.08824061e-07  1.41919809e-07 -3.39284156e-08 -1.31006317e-08\n  1.32727163e-07 -5.04263298e-08]", "hess_inv": "[[ 7.37474138  1.03126325  0.63221185  3.80180166 -8.73681254 -7.14556198]\n [ 1.03126325  7.07819367 -2.08252459  0.2959939  -4.99359597 -3.95373616]\n [ 0.63221185 -2.08252459  4.84537687  1.5777966   2.02238956  1.82990338]\n [ 3.80180166  0.2959939   1.5777966   5.93989546 -4.09213495 -3.56731254]\n [-8.73681254 -4.99359597  2.02238956 -4.09213495 38.38670639 33.05926515]\n [-7.14556198 -3.95373616  1.82990338 -3.56731254 33.05926515 32.2223188 ]]", "nfev": "383", "njev": "53", "status": "2", "success": "False", "message": "Desired error not necessarily achieved due to precision loss.", "x": "[1.17582533 0.35515142 0.00728308 3.58455589 3.69985186 1.87418723]", "nit": "27"}, "7": {"maxiter": 100, "gtol": 1e-10, "xrtol": 1e-10, "eps": 1e-10, "duration": 0.0782918930053711, "fun": "0.34329125251173953", "jac": "[ 2.22044587e-06 -1.11022293e-06  1.11022303e-06 -1.11022293e-06\n  0.00000000e+00  2.22044587e-06]", "hess_inv": "[[15.08716344  2.62615761  2.80834294  7.79153501 -7.06519338 -5.54326925]\n [ 2.62615761  6.85944546 -1.34077546  1.26258961 -2.02696254 -1.28955514]\n [ 2.80834294 -1.34077546  5.07245318  2.42411604 -1.40735783 -1.29776018]\n [ 7.79153501  1.26258961  2.42411604  7.09614499 -5.08561321 -4.28442749]\n [-7.06519338 -2.02696254 -1.40735783 -5.08561321  7.8526037   4.98210995]\n [-5.54326925 -1.28955514 -1.29776018 -4.28442749  4.98210995  6.35576456]]", "nfev": "448", "njev": "64", "status": "0", "success": "True", "message": "Optimization terminated successfully.", "x": "[1.17581923 0.35514545 0.00728992 3.58455458 3.69990385 1.8742367 ]", "nit": "29"}, "8": {"maxiter": 500, "gtol": 1e-05, "xrtol": 1e-05, "eps": 1e-05, "duration": 0.03466987609863281, "fun": "0.3432912525858067", "jac": "[ 2.85051982e-06  2.10054196e-06  1.14218635e-06 -1.38128398e-06\n  3.52973206e-07  3.87923027e-07]", "hess_inv": "[[ 6.88462654  0.47038842  0.5892897   3.72566492 -8.99125021 -7.47298164]\n [ 0.47038842  6.53555291 -2.18833895  0.20181543 -4.90280336 -3.99804257]\n [ 0.5892897  -2.18833895  4.87647339  1.57502732  1.76692414  1.59693104]\n [ 3.72566492  0.20181543  1.57502732  5.92857583 -4.15801197 -3.64083044]\n [-8.99125021 -4.90280336  1.76692414 -4.15801197 39.81563209 34.25530784]\n [-7.47298164 -3.99804257  1.59693104 -3.64083044 34.25530784 33.20157069]]", "nfev": "196", "njev": "28", "status": "0", "success": "True", "message": "Optimization terminated successfully.", "x": "[1.17583806 0.35516242 0.00728552 3.58455816 3.69984905 1.87418834]", "nit": "26"}, "9": {"maxiter": 500, "gtol": 1e-05, "xrtol": 1e-05, "eps": 1e-10, "duration": 0.03492617607116699, "fun": "0.34329125254873416", "jac": "[2.22044587e-06 2.22044587e-06 1.11022303e-06 2.22044587e-06\n 1.11022293e-06 0.00000000e+00]", "hess_inv": "[[ 6.80034198  0.47905672  0.49377452  3.67423759 -8.61643646 -7.12629506]\n [ 0.47905672  6.54034172 -2.22778153  0.20190265 -4.82072671 -3.90406053]\n [ 0.49377452 -2.22778153  4.90043206  1.48811137  1.8362165   1.64465567]\n [ 3.67423759  0.20190265  1.48811137  5.89602927 -3.92963458 -3.42177538]\n [-8.61643646 -4.82072671  1.8362165  -3.92963458 37.33677703 31.9388319 ]\n [-7.12629506 -3.90406053  1.64465567 -3.42177538 31.9388319  31.02853322]]", "nfev": "196", "njev": "28", "status": "0", "success": "True", "message": "Optimization terminated successfully.", "x": "[1.17584539 0.35515913 0.00730025 3.58457912 3.69989773 1.87423341]", "nit": "26"}, "10": {"maxiter": 500, "gtol": 1e-05, "xrtol": 1e-10, "eps": 1e-05, "duration": 0.03369903564453125, "fun": "0.3432912525858067", "jac": "[ 2.85051982e-06  2.10054196e-06  1.14218635e-06 -1.38128398e-06\n  3.52973206e-07  3.87923027e-07]", "hess_inv": "[[ 6.88462654  0.47038842  0.5892897   3.72566492 -8.99125021 -7.47298164]\n [ 0.47038842  6.53555291 -2.18833895  0.20181543 -4.90280336 -3.99804257]\n [ 0.5892897  -2.18833895  4.87647339  1.57502732  1.76692414  1.59693104]\n [ 3.72566492  0.20181543  1.57502732  5.92857583 -4.15801197 -3.64083044]\n [-8.99125021 -4.90280336  1.76692414 -4.15801197 39.81563209 34.25530784]\n [-7.47298164 -3.99804257  1.59693104 -3.64083044 34.25530784 33.20157069]]", "nfev": "196", "njev": "28", "status": "0", "success": "True", "message": "Optimization terminated successfully.", "x": "[1.17583806 0.35516242 0.00728552 3.58455816 3.69984905 1.87418834]", "nit": "26"}, "11": {"maxiter": 500, "gtol": 1e-05, "xrtol": 1e-10, "eps": 1e-10, "duration": 0.03378009796142578, "fun": "0.34329125254873416", "jac": "[2.22044587e-06 2.22044587e-06 1.11022303e-06 2.22044587e-06\n 1.11022293e-06 0.00000000e+00]", "hess_inv": "[[ 6.80034198  0.47905672  0.49377452  3.67423759 -8.61643646 -7.12629506]\n [ 0.47905672  6.54034172 -2.22778153  0.20190265 -4.82072671 -3.90406053]\n [ 0.49377452 -2.22778153  4.90043206  1.48811137  1.8362165   1.64465567]\n [ 3.67423759  0.20190265  1.48811137  5.89602927 -3.92963458 -3.42177538]\n [-8.61643646 -4.82072671  1.8362165  -3.92963458 37.33677703 31.9388319 ]\n [-7.12629506 -3.90406053  1.64465567 -3.42177538 31.9388319  31.02853322]]", "nfev": "196", "njev": "28", "status": "0", "success": "True", "message": "Optimization terminated successfully.", "x": "[1.17584539 0.35515913 0.00730025 3.58457912 3.69989773 1.87423341]", "nit": "26"}, "12": {"maxiter": 500, "gtol": 1e-10, "xrtol": 1e-05, "eps": 1e-05, "duration": 0.03490900993347168, "fun": "0.3432912525855685", "jac": "[ 1.08824061e-07  1.41919809e-07 -3.39284156e-08 -1.31006317e-08\n  1.32727163e-07 -5.04263298e-08]", "hess_inv": "[[ 7.46781094  0.96979736  0.70462435  3.82987644 -9.14266829 -7.44258029]\n [ 0.96979736  6.90228984 -2.04714709  0.29498334 -5.31320601 -4.22289896]\n [ 0.70462435 -2.04714709  4.86974281  1.59290292  1.93245041  1.77763428]\n [ 3.82987644  0.29498334  1.59290292  5.94694476 -4.16697807 -3.61922983]\n [-9.14266829 -5.31320601  1.93245041 -4.16697807 38.56147165 33.09145116]\n [-7.44258029 -4.22289896  1.77763428 -3.61922983 33.09145116 32.17008457]]", "nfev": "203", "njev": "29", "status": "0", "success": "True", "message": "Optimization terminated successfully.", "x": "[1.17582533 0.35515142 0.00728308 3.58455589 3.69985186 1.87418723]", "nit": "27"}, "13": {"maxiter": 500, "gtol": 1e-10, "xrtol": 1e-05, "eps": 1e-10, "duration": 0.03489995002746582, "fun": "0.34329125251284165", "jac": "[ 2.22044587e-06  0.00000000e+00  0.00000000e+00 -2.22044587e-06\n  0.00000000e+00 -1.11022293e-06]", "hess_inv": "[[ 7.78380012  1.03304601  1.00777783  4.449163   -8.79303038 -7.08817466]\n [ 1.03304601  6.8509375  -1.94204459  0.66316938 -4.89278744 -3.86615276]\n [ 1.00777783 -1.94204459  5.15922999  1.95715431  1.81485877  1.70710298]\n [ 4.449163    0.66316938  1.95715431  6.0902272  -4.53013372 -3.66829059]\n [-8.79303038 -4.89278744  1.81485877 -4.53013372 36.85734898 31.62558942]\n [-7.08817466 -3.86615276  1.70710298 -3.66829059 31.62558942 30.84634345]]", "nfev": "203", "njev": "29", "status": "0", "success": "True", "message": "Optimization terminated successfully.", "x": "[1.17582458 0.35514774 0.00729024 3.5845571  3.69989525 1.87422887]", "nit": "27"}, "14": {"maxiter": 500, "gtol": 1e-10, "xrtol": 1e-10, "eps": 1e-05, "duration": 0.06568408012390137, "fun": "0.3432912525855685", "jac": "[ 1.08824061e-07  1.41919809e-07 -3.39284156e-08 -1.31006317e-08\n  1.32727163e-07 -5.04263298e-08]", "hess_inv": "[[ 7.37474138  1.03126325  0.63221185  3.80180166 -8.73681254 -7.14556198]\n [ 1.03126325  7.07819367 -2.08252459  0.2959939  -4.99359597 -3.95373616]\n [ 0.63221185 -2.08252459  4.84537687  1.5777966   2.02238956  1.82990338]\n [ 3.80180166  0.2959939   1.5777966   5.93989546 -4.09213495 -3.56731254]\n [-8.73681254 -4.99359597  2.02238956 -4.09213495 38.38670639 33.05926515]\n [-7.14556198 -3.95373616  1.82990338 -3.56731254 33.05926515 32.2223188 ]]", "nfev": "383", "njev": "53", "status": "2", "success": "False", "message": "Desired error not necessarily achieved due to precision loss.", "x": "[1.17582533 0.35515142 0.00728308 3.58455589 3.69985186 1.87418723]", "nit": "27"}, "15": {"maxiter": 500, "gtol": 1e-10, "xrtol": 1e-10, "eps": 1e-10, "duration": 0.07836627960205078, "fun": "0.34329125251173953", "jac": "[ 2.22044587e-06 -1.11022293e-06  1.11022303e-06 -1.11022293e-06\n  0.00000000e+00  2.22044587e-06]", "hess_inv": "[[15.08716344  2.62615761  2.80834294  7.79153501 -7.06519338 -5.54326925]\n [ 2.62615761  6.85944546 -1.34077546  1.26258961 -2.02696254 -1.28955514]\n [ 2.80834294 -1.34077546  5.07245318  2.42411604 -1.40735783 -1.29776018]\n [ 7.79153501  1.26258961  2.42411604  7.09614499 -5.08561321 -4.28442749]\n [-7.06519338 -2.02696254 -1.40735783 -5.08561321  7.8526037   4.98210995]\n [-5.54326925 -1.28955514 -1.29776018 -4.28442749  4.98210995  6.35576456]]", "nfev": "448", "njev": "64", "status": "0", "success": "True", "message": "Optimization terminated successfully.", "x": "[1.17581923 0.35514545 0.00728992 3.58455458 3.69990385 1.8742367 ]", "nit": "29"}, "16": {"maxiter": 1000, "gtol": 1e-05, "xrtol": 1e-05, "eps": 1e-05, "duration": 0.03452801704406738, "fun": "0.3432912525858067", "jac": "[ 2.85051982e-06  2.10054196e-06  1.14218635e-06 -1.38128398e-06\n  3.52973206e-07  3.87923027e-07]", "hess_inv": "[[ 6.88462654  0.47038842  0.5892897   3.72566492 -8.99125021 -7.47298164]\n [ 0.47038842  6.53555291 -2.18833895  0.20181543 -4.90280336 -3.99804257]\n [ 0.5892897  -2.18833895  4.87647339  1.57502732  1.76692414  1.59693104]\n [ 3.72566492  0.20181543  1.57502732  5.92857583 -4.15801197 -3.64083044]\n [-8.99125021 -4.90280336  1.76692414 -4.15801197 39.81563209 34.25530784]\n [-7.47298164 -3.99804257  1.59693104 -3.64083044 34.25530784 33.20157069]]", "nfev": "196", "njev": "28", "status": "0", "success": "True", "message": "Optimization terminated successfully.", "x": "[1.17583806 0.35516242 0.00728552 3.58455816 3.69984905 1.87418834]", "nit": "26"}, "17": {"maxiter": 1000, "gtol": 1e-05, "xrtol": 1e-05, "eps": 1e-10, "duration": 0.03461575508117676, "fun": "0.34329125254873416", "jac": "[2.22044587e-06 2.22044587e-06 1.11022303e-06 2.22044587e-06\n 1.11022293e-06 0.00000000e+00]", "hess_inv": "[[ 6.80034198  0.47905672  0.49377452  3.67423759 -8.61643646 -7.12629506]\n [ 0.47905672  6.54034172 -2.22778153  0.20190265 -4.82072671 -3.90406053]\n [ 0.49377452 -2.22778153  4.90043206  1.48811137  1.8362165   1.64465567]\n [ 3.67423759  0.20190265  1.48811137  5.89602927 -3.92963458 -3.42177538]\n [-8.61643646 -4.82072671  1.8362165  -3.92963458 37.33677703 31.9388319 ]\n [-7.12629506 -3.90406053  1.64465567 -3.42177538 31.9388319  31.02853322]]", "nfev": "196", "njev": "28", "status": "0", "success": "True", "message": "Optimization terminated successfully.", "x": "[1.17584539 0.35515913 0.00730025 3.58457912 3.69989773 1.87423341]", "nit": "26"}, "18": {"maxiter": 1000, "gtol": 1e-05, "xrtol": 1e-10, "eps": 1e-05, "duration": 0.03456997871398926, "fun": "0.3432912525858067", "jac": "[ 2.85051982e-06  2.10054196e-06  1.14218635e-06 -1.38128398e-06\n  3.52973206e-07  3.87923027e-07]", "hess_inv": "[[ 6.88462654  0.47038842  0.5892897   3.72566492 -8.99125021 -7.47298164]\n [ 0.47038842  6.53555291 -2.18833895  0.20181543 -4.90280336 -3.99804257]\n [ 0.5892897  -2.18833895  4.87647339  1.57502732  1.76692414  1.59693104]\n [ 3.72566492  0.20181543  1.57502732  5.92857583 -4.15801197 -3.64083044]\n [-8.99125021 -4.90280336  1.76692414 -4.15801197 39.81563209 34.25530784]\n [-7.47298164 -3.99804257  1.59693104 -3.64083044 34.25530784 33.20157069]]", "nfev": "196", "njev": "28", "status": "0", "success": "True", "message": "Optimization terminated successfully.", "x": "[1.17583806 0.35516242 0.00728552 3.58455816 3.69984905 1.87418834]", "nit": "26"}, "19": {"maxiter": 1000, "gtol": 1e-05, "xrtol": 1e-10, "eps": 1e-10, "duration": 0.034594058990478516, "fun": "0.34329125254873416", "jac": "[2.22044587e-06 2.22044587e-06 1.11022303e-06 2.22044587e-06\n 1.11022293e-06 0.00000000e+00]", "hess_inv": "[[ 6.80034198  0.47905672  0.49377452  3.67423759 -8.61643646 -7.12629506]\n [ 0.47905672  6.54034172 -2.22778153  0.20190265 -4.82072671 -3.90406053]\n [ 0.49377452 -2.22778153  4.90043206  1.48811137  1.8362165   1.64465567]\n [ 3.67423759  0.20190265  1.48811137  5.89602927 -3.92963458 -3.42177538]\n [-8.61643646 -4.82072671  1.8362165  -3.92963458 37.33677703 31.9388319 ]\n [-7.12629506 -3.90406053  1.64465567 -3.42177538 31.9388319  31.02853322]]", "nfev": "196", "njev": "28", "status": "0", "success": "True", "message": "Optimization terminated successfully.", "x": "[1.17584539 0.35515913 0.00730025 3.58457912 3.69989773 1.87423341]", "nit": "26"}, "20": {"maxiter": 1000, "gtol": 1e-10, "xrtol": 1e-05, "eps": 1e-05, "duration": 0.03600001335144043, "fun": "0.3432912525855685", "jac": "[ 1.08824061e-07  1.41919809e-07 -3.39284156e-08 -1.31006317e-08\n  1.32727163e-07 -5.04263298e-08]", "hess_inv": "[[ 7.46781094  0.96979736  0.70462435  3.82987644 -9.14266829 -7.44258029]\n [ 0.96979736  6.90228984 -2.04714709  0.29498334 -5.31320601 -4.22289896]\n [ 0.70462435 -2.04714709  4.86974281  1.59290292  1.93245041  1.77763428]\n [ 3.82987644  0.29498334  1.59290292  5.94694476 -4.16697807 -3.61922983]\n [-9.14266829 -5.31320601  1.93245041 -4.16697807 38.56147165 33.09145116]\n [-7.44258029 -4.22289896  1.77763428 -3.61922983 33.09145116 32.17008457]]", "nfev": "203", "njev": "29", "status": "0", "success": "True", "message": "Optimization terminated successfully.", "x": "[1.17582533 0.35515142 0.00728308 3.58455589 3.69985186 1.87418723]", "nit": "27"}, "21": {"maxiter": 1000, "gtol": 1e-10, "xrtol": 1e-05, "eps": 1e-10, "duration": 0.03562593460083008, "fun": "0.34329125251284165", "jac": "[ 2.22044587e-06  0.00000000e+00  0.00000000e+00 -2.22044587e-06\n  0.00000000e+00 -1.11022293e-06]", "hess_inv": "[[ 7.78380012  1.03304601  1.00777783  4.449163   -8.79303038 -7.08817466]\n [ 1.03304601  6.8509375  -1.94204459  0.66316938 -4.89278744 -3.86615276]\n [ 1.00777783 -1.94204459  5.15922999  1.95715431  1.81485877  1.70710298]\n [ 4.449163    0.66316938  1.95715431  6.0902272  -4.53013372 -3.66829059]\n [-8.79303038 -4.89278744  1.81485877 -4.53013372 36.85734898 31.62558942]\n [-7.08817466 -3.86615276  1.70710298 -3.66829059 31.62558942 30.84634345]]", "nfev": "203", "njev": "29", "status": "0", "success": "True", "message": "Optimization terminated successfully.", "x": "[1.17582458 0.35514774 0.00729024 3.5845571  3.69989525 1.87422887]", "nit": "27"}, "22": {"maxiter": 1000, "gtol": 1e-10, "xrtol": 1e-10, "eps": 1e-05, "duration": 0.06628298759460449, "fun": "0.3432912525855685", "jac": "[ 1.08824061e-07  1.41919809e-07 -3.39284156e-08 -1.31006317e-08\n  1.32727163e-07 -5.04263298e-08]", "hess_inv": "[[ 7.37474138  1.03126325  0.63221185  3.80180166 -8.73681254 -7.14556198]\n [ 1.03126325  7.07819367 -2.08252459  0.2959939  -4.99359597 -3.95373616]\n [ 0.63221185 -2.08252459  4.84537687  1.5777966   2.02238956  1.82990338]\n [ 3.80180166  0.2959939   1.5777966   5.93989546 -4.09213495 -3.56731254]\n [-8.73681254 -4.99359597  2.02238956 -4.09213495 38.38670639 33.05926515]\n [-7.14556198 -3.95373616  1.82990338 -3.56731254 33.05926515 32.2223188 ]]", "nfev": "383", "njev": "53", "status": "2", "success": "False", "message": "Desired error not necessarily achieved due to precision loss.", "x": "[1.17582533 0.35515142 0.00728308 3.58455589 3.69985186 1.87418723]", "nit": "27"}, "23": {"maxiter": 1000, "gtol": 1e-10, "xrtol": 1e-10, "eps": 1e-10, "duration": 0.07717704772949219, "fun": "0.34329125251173953", "jac": "[ 2.22044587e-06 -1.11022293e-06  1.11022303e-06 -1.11022293e-06\n  0.00000000e+00  2.22044587e-06]", "hess_inv": "[[15.08716344  2.62615761  2.80834294  7.79153501 -7.06519338 -5.54326925]\n [ 2.62615761  6.85944546 -1.34077546  1.26258961 -2.02696254 -1.28955514]\n [ 2.80834294 -1.34077546  5.07245318  2.42411604 -1.40735783 -1.29776018]\n [ 7.79153501  1.26258961  2.42411604  7.09614499 -5.08561321 -4.28442749]\n [-7.06519338 -2.02696254 -1.40735783 -5.08561321  7.8526037   4.98210995]\n [-5.54326925 -1.28955514 -1.29776018 -4.28442749  4.98210995  6.35576456]]", "nfev": "448", "njev": "64", "status": "0", "success": "True", "message": "Optimization terminated successfully.", "x": "[1.17581923 0.35514545 0.00728992 3.58455458 3.69990385 1.8742367 ]", "nit": "29"}}, "cobyla": {"0": {"maxiter": 100, "tol": 1e-05, "catol": 1e-05, "duration": 0.016722917556762695, "x": "[1.17843301 0.35717853 0.00717834 3.58584908 3.68802585 1.86372009]", "status": "2", "success": "False", "message": "Maximum number of function evaluations has been exceeded.", "nfev": "100", "fun": "0.3432931220931579", "maxcv": "0.0"}, "1": {"maxiter": 100, "tol": 1e-05, "catol": 1e-10, "duration": 0.0166018009185791, "x": "[1.17843301 0.35717853 0.00717834 3.58584908 3.68802585 1.86372009]", "status": "2", "success": "False", "message": "Maximum number of function evaluations has been exceeded.", "nfev": "100", "fun": "0.3432931220931579", "maxcv": "0.0"}, "2": {"maxiter": 100, "tol": 1e-10, "catol": 1e-05, "duration": 0.016575098037719727, "x": "[1.17843301 0.35717853 0.00717834 3.58584908 3.68802585 1.86372009]", "status": "2", "success": "False", "message": "Maximum number of function evaluations has been exceeded.", "nfev": "100", "fun": "0.3432931220931579", "maxcv": "0.0"}, "3": {"maxiter": 100, "tol": 1e-10, "catol": 1e-10, "duration": 0.016273975372314453, "x": "[1.17843301 0.35717853 0.00717834 3.58584908 3.68802585 1.86372009]", "status": "2", "success": "False", "message": "Maximum number of function evaluations has been exceeded.", "nfev": "100", "fun": "0.3432931220931579", "maxcv": "0.0"}, "4": {"maxiter": 500, "tol": 1e-05, "catol": 1e-05, "duration": 0.07316899299621582, "x": "[1.17585186 0.35515048 0.00729066 3.58457695 3.69979837 1.8741382 ]", "status": "1", "success": "True", "message": "Optimization terminated successfully.", "nfev": "441", "fun": "0.34329125270420824", "maxcv": "0.0"}, "5": {"maxiter": 500, "tol": 1e-05, "catol": 1e-10, "duration": 0.07386302947998047, "x": "[1.17585186 0.35515048 0.00729066 3.58457695 3.69979837 1.8741382 ]", "status": "1", "success": "True", "message": "Optimization terminated successfully.", "nfev": "441", "fun": "0.34329125270420824", "maxcv": "0.0"}, "6": {"ma