{"date": "2024/07/18/, 20:30:54", "conf_id": 57, "data_type": "random\n", "num_data_points": 3, "s_rank": 0, "unitary": "[[0.18663085-0.53122324j,-0.11886349-0.70040876j,0.28555095-0.02789305j,-0.12262021-0.2844587j],[-0.16702216+0.27758472j,0.27526351-0.29738586j,-0.01109314+0.22495461j,-0.77239203+0.28900673j],[0.61935415+0.12301792j,-0.31269928-0.03315917j,-0.61902762-0.19039079j,-0.27120731-0.0968989j],[0.42341754+0.0023929j,-0.05847358+0.47832119j,0.64900495-0.16218422j,-0.37182676-0.05229966j]]", "databatch_0": {"databatch": "[[[0.22505045+0.16729793j,0.28175818-0.07425906j,0.23773562-0.03557432j,0.01600941-0.2059894j],[-0.19825227+0.27278123j,0.07003967-0.07411099j,-0.16001497-0.01380834j,-0.01071212-0.23527837j],[0.21999465+0.45949477j,0.15922285+0.23490351j,-0.02614416+0.14486324j,-0.01769582-0.33474349j],[0.0252784-0.06106793j,0.02245324-0.07775086j,0.0545244+0.00655641j,-0.04916191-0.20040443j]],[[0.11242085+0.11468675j,0.05403056-0.02601725j,0.10016445+0.0043893j,-0.01851664-0.16670063j],[-0.01859667+0.12447694j,-0.0662866+0.09027379j,0.24668372-0.09115195j,-0.10173596+0.04115117j],[-0.29486074+0.17808804j,0.32324339-0.1191527j,0.16612373-0.39872579j,-0.06176946-0.28023081j],[0.14414234+0.17130302j,0.43344391+0.12015951j,0.12801913+0.04567484j,0.06410094+0.20385217j]],[[-0.14000617-0.06172237j,0.11172423-0.16171436j,0.06705038-0.19793884j,0.0922563+0.26677305j],[-0.28110956-0.34203039j,-0.19780076+0.23832235j,0.20733505-0.0244241j,-0.13224314-0.05287603j],[0.05030967-0.19369474j,0.17449445-0.09164378j,0.01354056+0.06939891j,0.02851766-0.36677835j],[-0.05032536+0.07192256j,-0.02846441+0.04713277j,-0.09692012+0.44758938j,0.09508704-0.10029116j]]]", "initial param values": "[4.13742897,3.77922995,4.09397857,4.68807359,2.58329874,0.18176766]", "nelder_mead": {"type": "gradient-free", "0": {"maxiter": 100, "fatol": 1e-05, "xatol": 1e-05, "duration": 0.02667713165283203, "fun": "0.28650070140960937", "nit": "100", "nfev": "153", "status": "2", "success": "False", "message": "Maximum number of iterations has been exceeded.", "x": "[4.88733986 3.76185481 6.67312025 3.56624446 4.26566028 0.1692683 ]", "final_simplex": "(array([[4.88733986, 3.76185481, 6.67312025, 3.56624446, 4.26566028,\n        0.1692683 ],\n       [5.00301637, 3.97940144, 6.64536607, 3.64725561, 4.334099  ,\n        0.16156718],\n       [4.93095087, 3.97270573, 6.61714437, 3.39688354, 4.30664661,\n        0.17570575],\n       [4.97453036, 3.80034381, 6.79112688, 3.55139539, 4.20433548,\n        0.16534531],\n       [4.93803717, 3.83505648, 6.66133659, 3.51482285, 4.08912808,\n        0.1676449 ],\n       [4.81181312, 3.97175884, 6.6231907 , 3.58727526, 4.20230233,\n        0.17358913],\n       [5.01692557, 3.83150753, 6.80240803, 3.42004554, 4.19142563,\n        0.15923004]]), array([0.2865007 , 0.2879811 , 0.29106563, 0.29208348, 0.29413562,\n       0.29564656, 0.29682136]))"}, "1": {"maxiter": 100, "fatol": 1e-05, "xatol": 1e-10, "duration": 0.02664017677307129, "fun": "0.28650070140960937", "nit": "100", "nfev": "153", "status": "2", "success": "False", "message": "Maximum number of iterations has been exceeded.", "x": "[4.88733986 3.76185481 6.67312025 3.56624446 4.26566028 0.1692683 ]", "final_simplex": "(array([[4.88733986, 3.76185481, 6.67312025, 3.56624446, 4.26566028,\n        0.1692683 ],\n       [5.00301637, 3.97940144, 6.64536607, 3.64725561, 4.334099  ,\n        0.16156718],\n       [4.93095087, 3.97270573, 6.61714437, 3.39688354, 4.30664661,\n        0.17570575],\n       [4.97453036, 3.80034381, 6.79112688, 3.55139539, 4.20433548,\n        0.16534531],\n       [4.93803717, 3.83505648, 6.66133659, 3.51482285, 4.08912808,\n        0.1676449 ],\n       [4.81181312, 3.97175884, 6.6231907 , 3.58727526, 4.20230233,\n        0.17358913],\n       [5.01692557, 3.83150753, 6.80240803, 3.42004554, 4.19142563,\n        0.15923004]]), array([0.2865007 , 0.2879811 , 0.29106563, 0.29208348, 0.29413562,\n       0.29564656, 0.29682136]))"}, "2": {"maxiter": 100, "fatol": 1e-10, "xatol": 1e-05, "duration": 0.0266878604888916, "fun": "0.28650070140960937", "nit": "100", "nfev": "153", "status": "2", "success": "False", "message": "Maximum number of iterations has been exceeded.", "x": "[4.88733986 3.76185481 6.67312025 3.56624446 4.26566028 0.1692683 ]", "final_simplex": "(array([[4.88733986, 3.76185481, 6.67312025, 3.56624446, 4.26566028,\n        0.1692683 ],\n       [5.00301637, 3.97940144, 6.64536607, 3.64725561, 4.334099  ,\n        0.16156718],\n       [4.93095087, 3.97270573, 6.61714437, 3.39688354, 4.30664661,\n        0.17570575],\n       [4.97453036, 3.80034381, 6.79112688, 3.55139539, 4.20433548,\n        0.16534531],\n       [4.93803717, 3.83505648, 6.66133659, 3.51482285, 4.08912808,\n        0.1676449 ],\n       [4.81181312, 3.97175884, 6.6231907 , 3.58727526, 4.20230233,\n        0.17358913],\n       [5.01692557, 3.83150753, 6.80240803, 3.42004554, 4.19142563,\n        0.15923004]]), array([0.2865007 , 0.2879811 , 0.29106563, 0.29208348, 0.29413562,\n       0.29564656, 0.29682136]))"}, "3": {"maxiter": 100, "fatol": 1e-10, "xatol": 1e-10, "duration": 0.026582956314086914, "fun": "0.28650070140960937", "nit": "100", "nfev": "153", "status": "2", "success": "False", "message": "Maximum number of iterations has been exceeded.", "x": "[4.88733986 3.76185481 6.67312025 3.56624446 4.26566028 0.1692683 ]", "final_simplex": "(array([[4.88733986, 3.76185481, 6.67312025, 3.56624446, 4.26566028,\n        0.1692683 ],\n       [5.00301637, 3.97940144, 6.64536607, 3.64725561, 4.334099  ,\n        0.16156718],\n       [4.93095087, 3.97270573, 6.61714437, 3.39688354, 4.30664661,\n        0.17570575],\n       [4.97453036, 3.80034381, 6.79112688, 3.55139539, 4.20433548,\n        0.16534531],\n       [4.93803717, 3.83505648, 6.66133659, 3.51482285, 4.08912808,\n        0.1676449 ],\n       [4.81181312, 3.97175884, 6.6231907 , 3.58727526, 4.20230233,\n        0.17358913],\n       [5.01692557, 3.83150753, 6.80240803, 3.42004554, 4.19142563,\n        0.15923004]]), array([0.2865007 , 0.2879811 , 0.29106563, 0.29208348, 0.29413562,\n       0.29564656, 0.29682136]))"}, "4": {"maxiter": 500, "fatol": 1e-05, "xatol": 1e-05, "duration": 0.12808990478515625, "fun": "0.26581570170559143", "nit": "475", "nfev": "747", "status": "0", "success": "True", "message": "Optimization terminated successfully.", "x": "[ 5.04547325  3.923614    6.33668346  3.60183094  3.91076497 -0.40365613]", "final_simplex": "(array([[ 5.04547325,  3.923614  ,  6.33668346,  3.60183094,  3.91076497,\n        -0.40365613],\n       [ 5.04547519,  3.92361074,  6.33668828,  3.60183032,  3.91077251,\n        -0.4036496 ],\n       [ 5.04547255,  3.92361343,  6.33668587,  3.60182968,  3.91076016,\n        -0.4036602 ],\n       [ 5.04547145,  3.92361355,  6.33668399,  3.60182811,  3.9107645 ,\n        -0.40365586],\n       [ 5.0454723 ,  3.92361203,  6.33668832,  3.60182947,  3.91076587,\n        -0.40365162],\n       [ 5.04547491,  3.92361433,  6.3366827 ,  3.60182861,  3.91076774,\n        -0.40365398],\n       [ 5.04547336,  3.92361018,  6.33668209,  3.60182823,  3.91077163,\n        -0.40365099]]), array([0.2658157, 0.2658157, 0.2658157, 0.2658157, 0.2658157, 0.2658157,\n       0.2658157]))"}, "5": {"maxiter": 500, "fatol": 1e-05, "xatol": 1e-10, "duration": 0.13463783264160156, "fun": "0.2658157017038839", "nit": "500", "nfev": "785", "status": "2", "success": "False", "message": "Maximum number of iterations has been exceeded.", "x": "[ 5.04547275  3.92361124  6.33668654  3.60183046  3.91076775 -0.40365409]", "final_simplex": "(array([[ 5.04547275,  3.92361124,  6.33668654,  3.60183046,  3.91076775,\n        -0.40365409],\n       [ 5.04547281,  3.9236109 ,  6.33668615,  3.60182985,  3.91076857,\n        -0.40365314],\n       [ 5.04547242,  3.92361103,  6.3366859 ,  3.60183027,  3.91076728,\n        -0.40365491],\n       [ 5.04547307,  3.92361128,  6.33668569,  3.60183018,  3.91076907,\n        -0.4036526 ],\n       [ 5.04547184,  3.92361082,  6.33668638,  3.6018298 ,  3.9107679 ,\n        -0.40365307],\n       [ 5.0454724 ,  3.92361119,  6.33668692,  3.60183044,  3.91076655,\n        -0.40365408],\n       [ 5.04547238,  3.92361011,  6.33668772,  3.60183047,  3.91076916,\n        -0.40365205]]), array([0.2658157, 0.2658157, 0.2658157, 0.2658157, 0.2658157, 0.2658157,\n       0.2658157]))"}, "6": {"maxiter": 500, "fatol": 1e-10, "xatol": 1e-05, "duration": 0.12880802154541016, "fun": "0.26581570170559143", "nit": "475", "nfev": "747", "status": "0", "success": "True", "message": "Optimization terminated successfully.", "x": "[ 5.04547325  3.923614    6.33668346  3.60183094  3.91076497 -0.40365613]", "final_simplex": "(array([[ 5.04547325,  3.923614  ,  6.33668346,  3.60183094,  3.91076497,\n        -0.40365613],\n       [ 5.04547519,  3.92361074,  6.33668828,  3.60183032,  3.91077251,\n        -0.4036496 ],\n       [ 5.04547255,  3.92361343,  6.33668587,  3.60182968,  3.91076016,\n        -0.4036602 ],\n       [ 5.04547145,  3.92361355,  6.33668399,  3.60182811,  3.9107645 ,\n        -0.40365586],\n       [ 5.0454723 ,  3.92361203,  6.33668832,  3.60182947,  3.91076587,\n        -0.40365162],\n       [ 5.04547491,  3.92361433,  6.3366827 ,  3.60182861,  3.91076774,\n        -0.40365398],\n       [ 5.04547336,  3.92361018,  6.33668209,  3.60182823,  3.91077163,\n        -0.40365099]]), array([0.2658157, 0.2658157, 0.2658157, 0.2658157, 0.2658157, 0.2658157,\n       0.2658157]))"}, "7": {"maxiter": 500, "fatol": 1e-10, "xatol": 1e-10, "duration": 0.13492822647094727, "fun": "0.2658157017038839", "nit": "500", "nfev": "785", "status": "2", "success": "False", "message": "Maximum number of iterations has been exceeded.", "x": "[ 5.04547275  3.92361124  6.33668654  3.60183046  3.91076775 -0.40365409]", "final_simplex": "(array([[ 5.04547275,  3.92361124,  6.33668654,  3.60183046,  3.91076775,\n        -0.40365409],\n       [ 5.04547281,  3.9236109 ,  6.33668615,  3.60182985,  3.91076857,\n        -0.40365314],\n       [ 5.04547242,  3.92361103,  6.3366859 ,  3.60183027,  3.91076728,\n        -0.40365491],\n       [ 5.04547307,  3.92361128,  6.33668569,  3.60183018,  3.91076907,\n        -0.4036526 ],\n       [ 5.04547184,  3.92361082,  6.33668638,  3.6018298 ,  3.9107679 ,\n        -0.40365307],\n       [ 5.0454724 ,  3.92361119,  6.33668692,  3.60183044,  3.91076655,\n        -0.40365408],\n       [ 5.04547238,  3.92361011,  6.33668772,  3.60183047,  3.91076916,\n        -0.40365205]]), array([0.2658157, 0.2658157, 0.2658157, 0.2658157, 0.2658157, 0.2658157,\n       0.2658157]))"}, "8": {"maxiter": 1000, "fatol": 1e-05, "xatol": 1e-05, "duration": 0.12416481971740723, "fun": "0.26581570170559143", "nit": "475", "nfev": "747", "status": "0", "success": "True", "message": "Optimization terminated successfully.", "x": "[ 5.04547325  3.923614    6.33668346  3.60183094  3.91076497 -0.40365613]", "final_simplex": "(array([[ 5.04547325,  3.923614  ,  6.33668346,  3.60183094,  3.91076497,\n        -0.40365613],\n       [ 5.04547519,  3.92361074,  6.33668828,  3.60183032,  3.91077251,\n        -0.4036496 ],\n       [ 5.04547255,  3.92361343,  6.33668587,  3.60182968,  3.91076016,\n        -0.4036602 ],\n       [ 5.04547145,  3.92361355,  6.33668399,  3.60182811,  3.9107645 ,\n        -0.40365586],\n       [ 5.0454723 ,  3.92361203,  6.33668832,  3.60182947,  3.91076587,\n        -0.40365162],\n       [ 5.04547491,  3.92361433,  6.3366827 ,  3.60182861,  3.91076774,\n        -0.40365398],\n       [ 5.04547336,  3.92361018,  6.33668209,  3.60182823,  3.91077163,\n        -0.40365099]]), array([0.2658157, 0.2658157, 0.2658157, 0.2658157, 0.2658157, 0.2658157,\n       0.2658157]))"}, "9": {"maxiter": 1000, "fatol": 1e-05, "xatol": 1e-10, "duration": 0.16680383682250977, "fun": "0.2658157017037569", "nit": "588", "nfev": "990", "status": "0", "success": "True", "message": "Optimization terminated successfully.", "x": "[ 5.04547218  3.9236111   6.33668623  3.60183064  3.91076822 -0.40365323]", "final_simplex": "(array([[ 5.04547218,  3.9236111 ,  6.33668623,  3.60183064,  3.91076822,\n        -0.40365323],\n       [ 5.04547218,  3.9236111 ,  6.33668623,  3.60183064,  3.91076822,\n        -0.40365323],\n       [ 5.04547218,  3.9236111 ,  6.33668623,  3.60183064,  3.91076822,\n        -0.40365323],\n       [ 5.04547218,  3.9236111 ,  6.33668623,  3.60183064,  3.91076822,\n        -0.40365323],\n       [ 5.04547218,  3.9236111 ,  6.33668623,  3.60183064,  3.91076822,\n        -0.40365323],\n       [ 5.04547218,  3.9236111 ,  6.33668623,  3.60183064,  3.91076822,\n        -0.40365323],\n       [ 5.04547218,  3.9236111 ,  6.33668623,  3.60183064,  3.91076822,\n        -0.40365323]]), array([0.2658157, 0.2658157, 0.2658157, 0.2658157, 0.2658157, 0.2658157,\n       0.2658157]))"}, "10": {"maxiter": 1000, "fatol": 1e-10, "xatol": 1e-05, "duration": 0.12605905532836914, "fun": "0.26581570170559143", "nit": "475", "nfev": "747", "status": "0", "success": "True", "message": "Optimization terminated successfully.", "x": "[ 5.04547325  3.923614    6.33668346  3.60183094  3.91076497 -0.40365613]", "final_simplex": "(array([[ 5.04547325,  3.923614  ,  6.33668346,  3.60183094,  3.91076497,\n        -0.40365613],\n       [ 5.04547519,  3.92361074,  6.33668828,  3.60183032,  3.91077251,\n        -0.4036496 ],\n       [ 5.04547255,  3.92361343,  6.33668587,  3.60182968,  3.91076016,\n        -0.4036602 ],\n       [ 5.04547145,  3.92361355,  6.33668399,  3.60182811,  3.9107645 ,\n        -0.40365586],\n       [ 5.0454723 ,  3.92361203,  6.33668832,  3.60182947,  3.91076587,\n        -0.40365162],\n       [ 5.04547491,  3.92361433,  6.3366827 ,  3.60182861,  3.91076774,\n        -0.40365398],\n       [ 5.04547336,  3.92361018,  6.33668209,  3.60182823,  3.91077163,\n        -0.40365099]]), array([0.2658157, 0.2658157, 0.2658157, 0.2658157, 0.2658157, 0.2658157,\n       0.2658157]))"}, "11": {"maxiter": 1000, "fatol": 1e-10, "xatol": 1e-10, "duration": 0.16647076606750488, "fun": "0.2658157017037569", "nit": "588", "nfev": "990", "status": "0", "success": "True", "message": "Optimization terminated successfully.", "x": "[ 5.04547218  3.9236111   6.33668623  3.60183064  3.91076822 -0.40365323]", "final_simplex": "(array([[ 5.04547218,  3.9236111 ,  6.33668623,  3.60183064,  3.91076822,\n        -0.40365323],\n       [ 5.04547218,  3.9236111 ,  6.33668623,  3.60183064,  3.91076822,\n        -0.40365323],\n       [ 5.04547218,  3.9236111 ,  6.33668623,  3.60183064,  3.91076822,\n        -0.40365323],\n       [ 5.04547218,  3.9236111 ,  6.33668623,  3.60183064,  3.91076822,\n        -0.40365323],\n       [ 5.04547218,  3.9236111 ,  6.33668623,  3.60183064,  3.91076822,\n        -0.40365323],\n       [ 5.04547218,  3.9236111 ,  6.33668623,  3.60183064,  3.91076822,\n        -0.40365323],\n       [ 5.04547218,  3.9236111 ,  6.33668623,  3.60183064,  3.91076822,\n        -0.40365323]]), array([0.2658157, 0.2658157, 0.2658157, 0.2658157, 0.2658157, 0.2658157,\n       0.2658157]))"}}, "bfgs": {"type": "gradient", "0": {"maxiter": 100, "gtol": 1e-05, "xrtol": 1e-05, "eps": 1e-05, "duration": 0.03513288497924805, "fun": "0.2658157018252668", "jac": "[ 5.19750909e-07  1.44824153e-06  1.51068047e-06 -2.16993090e-06\n  1.40095713e-06 -1.41515688e-06]", "hess_inv": "[[ 3.0069178   0.1128089   0.26546006 -0.97677314  0.42694946  0.06570561]\n [ 0.1128089   3.56317123 -1.54875087 -0.32680354 -1.82725755 -2.13639147]\n [ 0.26546006 -1.54875087  4.45442339 -0.46381448  1.48957039  2.60233129]\n [-0.97677314 -0.32680354 -0.46381448  3.44405843 -0.25245629 -0.26892267]\n [ 0.42694946 -1.82725755  1.48957039 -0.25245629 15.30265626 14.22419469]\n [ 0.06570561 -2.13639147  2.60233129 -0.26892267 14.22419469 16.21450188]]", "nfev": "203", "njev": "29", "status": "0", "success": "True", "message": "Optimization terminated successfully.", "x": "[ 5.0454708   3.92361857  6.33667778  3.60182029  3.91071694 -0.40371115]", "nit": "23"}, "1": {"maxiter": 100, "gtol": 1e-05, "xrtol": 1e-05, "eps": 1e-10, "duration": 0.034908294677734375, "fun": "0.26581570173920266", "jac": "[ 1.11022293e-06  1.11022293e-06  3.33066880e-06  1.11022293e-06\n  3.33066880e-06 -1.11022293e-06]", "hess_inv": "[[ 3.01281878  0.09595281  0.29923152 -0.92981168  0.47918707  0.13724934]\n [ 0.09595281  3.47730653 -1.51157284 -0.28442258 -1.52834952 -1.81605128]\n [ 0.29923152 -1.51157284  4.49672891 -0.41081642  1.29603298  2.43564112]\n [-0.92981168 -0.28442258 -0.41081642  3.34006067 -0.30826119 -0.30953869]\n [ 0.47918707 -1.52834952  1.29603298 -0.30826119 14.20107566 13.00903886]\n [ 0.13724934 -1.81605128  2.43564112 -0.30953869 13.00903886 14.90831691]]", "nfev": "203", "njev": "29", "status": "0", "success": "True", "message": "Optimization terminated successfully.", "x": "[ 5.04547529  3.92361657  6.33668204  3.60182531  3.91074776 -0.40368254]", "nit": "23"}, "2": {"maxiter": 100, "gtol": 1e-05, "xrtol": 1e-10, "eps": 1e-05, "duration": 0.03486990928649902, "fun": "0.2658157018252668", "jac": "[ 5.19750909e-07  1.44824153e-06  1.51068047e-06 -2.16993090e-06\n  1.40095713e-06 -1.41515688e-06]", "hess_inv": "[[ 3.0069178   0.1128089   0.26546006 -0.97677314  0.42694946  0.06570561]\n [ 0.1128089   3.56317123 -1.54875087 -0.32680354 -1.82725755 -2.13639147]\n [ 0.26546006 -1.54875087  4.45442339 -0.46381448  1.48957039  2.60233129]\n [-0.97677314 -0.32680354 -0.46381448  3.44405843 -0.25245629 -0.26892267]\n [ 0.42694946 -1.82725755  1.48957039 -0.25245629 15.30265626 14.22419469]\n [ 0.06570561 -2.13639147  2.60233129 -0.26892267 14.22419469 16.21450188]]", "nfev": "203", "njev": "29", "status": "0", "success": "True", "message": "Optimization terminated successfully.", "x": "[ 5.0454708   3.92361857  6.33667778  3.60182029  3.91071694 -0.40371115]", "nit": "23"}, "3": {"maxiter": 100, "gtol": 1e-05, "xrtol": 1e-10, "eps": 1e-10, "duration": 0.034883975982666016, "fun": "0.26581570173920266", "jac": "[ 1.11022293e-06  1.11022293e-06  3.33066880e-06  1.11022293e-06\n  3.33066880e-06 -1.11022293e-06]", "hess_inv": "[[ 3.01281878  0.09595281  0.29923152 -0.92981168  0.47918707  0.13724934]\n [ 0.09595281  3.47730653 -1.51157284 -0.28442258 -1.52834952 -1.81605128]\n [ 0.29923152 -1.51157284  4.49672891 -0.41081642  1.29603298  2.43564112]\n [-0.92981168 -0.28442258 -0.41081642  3.34006067 -0.30826119 -0.30953869]\n [ 0.47918707 -1.52834952  1.29603298 -0.30826119 14.20107566 13.00903886]\n [ 0.13724934 -1.81605128  2.43564112 -0.30953869 13.00903886 14.90831691]]", "nfev": "203", "njev": "29", "status": "0", "success": "True", "message": "Optimization terminated successfully.", "x": "[ 5.04547529  3.92361657  6.33668204  3.60182531  3.91074776 -0.40368254]", "nit": "23"}, "4": {"maxiter": 100, "gtol": 1e-10, "xrtol": 1e-05, "eps": 1e-05, "duration": 0.034883975982666016, "fun": "0.2658157018252668", "jac": "[ 5.19750909e-07  1.44824153e-06  1.51068047e-06 -2.16993090e-06\n  1.40095713e-06 -1.41515688e-06]", "hess_inv": "[[ 3.0069178   0.1128089   0.26546006 -0.97677314  0.42694946  0.06570561]\n [ 0.1128089   3.56317123 -1.54875087 -0.32680354 -1.82725755 -2.13639147]\n [ 0.26546006 -1.54875087  4.45442339 -0.46381448  1.48957039  2.60233129]\n [-0.97677314 -0.32680354 -0.46381448  3.44405843 -0.25245629 -0.26892267]\n [ 0.42694946 -1.82725755  1.48957039 -0.25245629 15.30265626 14.22419469]\n [ 0.06570561 -2.13639147  2.60233129 -0.26892267 14.22419469 16.21450188]]", "nfev": "203", "njev": "29", "status": "0", "success": "True", "message": "Optimization terminated successfully.", "x": "[ 5.0454708   3.92361857  6.33667778  3.60182029  3.91071694 -0.40371115]", "nit": "23"}, "5": {"maxiter": 100, "gtol": 1e-10, "xrtol": 1e-05, "eps": 1e-10, "duration": 0.0349271297454834, "fun": "0.26581570173920266", "jac": "[ 1.11022293e-06  1.11022293e-06  3.33066880e-06  1.11022293e-06\n  3.33066880e-06 -1.11022293e-06]", "hess_inv": "[[ 3.01281878  0.09595281  0.29923152 -0.92981168  0.47918707  0.13724934]\n [ 0.09595281  3.47730653 -1.51157284 -0.28442258 -1.52834952 -1.81605128]\n [ 0.29923152 -1.51157284  4.49672891 -0.41081642  1.29603298  2.43564112]\n [-0.92981168 -0.28442258 -0.41081642  3.34006067 -0.30826119 -0.30953869]\n [ 0.47918707 -1.52834952  1.29603298 -0.30826119 14.20107566 13.00903886]\n [ 0.13724934 -1.81605128  2.43564112 -0.30953869 13.00903886 14.90831691]]", "nfev": "203", "njev": "29", "status": "0", "success": "True", "message": "Optimization terminated successfully.", "x": "[ 5.04547529  3.92361657  6.33668204  3.60182531  3.91074776 -0.40368254]", "nit": "23"}, "6": {"maxiter": 100, "gtol": 1e-10, "xrtol": 1e-10, "eps": 1e-05, "duration": 0.03966999053955078, "fun": "0.2658157018113899", "jac": "[ 0.00000000e+00  4.44089210e-11 -4.44089210e-11 -2.22044605e-11\n  0.00000000e+00  0.00000000e+00]", "hess_inv": "[[ 2.94578513e+00 -6.20789513e-04  1.11570456e-02 -7.06693129e-01\n   3.94257800e-01  3.65819982e-02]\n [-6.20789513e-04  3.51979454e+00 -1.73342828e+00 -1.55300830e-01\n  -1.91904825e+00 -2.36174625e+00]\n [ 1.11570456e-02 -1.73342828e+00  4.73973280e+00 -2.51341577e-01\n   1.50529892e+00  3.03034430e+00]\n [-7.06693129e-01 -1.55300830e-01 -2.51341577e-01  2.99150730e+00\n  -1.14405319e-01 -2.30064654e-01]\n [ 3.94257800e-01 -1.91904825e+00  1.50529892e+00 -1.14405319e-01\n   1.53128415e+01  1.44311072e+01]\n [ 3.65819982e-02 -2.36174625e+00  3.03034430e+00 -2.30064654e-01\n   1.44311072e+01  1.69949541e+01]]", "nfev": "231", "njev": "33", "status": "0", "success": "True", "message": "Optimization terminated successfully.", "x": "[ 5.04546724  3.92361515  6.33667466  3.60182769  3.91071584 -0.40370903]", "nit": "27"}, "7": {"maxiter": 100, "gtol": 1e-10, "xrtol": 1e-10, "eps": 1e-10, "duration": 0.04778313636779785, "fun": "0.26581570173920266", "jac": "[ 1.11022293e-06  1.11022293e-06  3.33066880e-06 -1.11022293e-06\n  3.33066880e-06 -3.33066880e-06]", "hess_inv": "[[ 2.79169824  0.26777933 -0.30630962 -0.92144145 -0.9599791  -1.18269248]\n [ 0.26777933  3.66563111 -1.74019944 -0.5236943  -2.31766937 -2.52625538]\n [-0.30630962 -1.74019944  4.35732987  0.11776739  1.49903224  2.59200428]\n [-0.92144145 -0.5236943   0.11776739  3.50808729  1.12588226  0.99586922]\n [-0.9599791  -2.31766937  1.49903224  1.12588226 16.14134893 14.70721523]\n [-1.18269248 -2.52625538  2.59200428  0.99586922 14.70721523 16.39177779]]", "nfev": "280", "njev": "40", "status": "0", "success": "True", "message": "Optimization terminated successfully.", "x": "[ 5.04547529  3.92361657  6.33668204  3.60182531  3.91074776 -0.40368254]", "nit": "24"}, "8": {"maxiter": 500, "gtol": 1e-05, "xrtol": 1e-05, "eps": 1e-05, "duration": 0.03483009338378906, "fun": "0.2658157018252668", "jac": "[ 5.19750909e-07  1.44824153e-06  1.51068047e-06 -2.16993090e-06\n  1.40095713e-06 -1.41515688e-06]", "hess_inv": "[[ 3.0069178   0.1128089   0.26546006 -0.97677314  0.42694946  0.06570561]\n [ 0.1128089   3.56317123 -1.54875087 -0.32680354 -1.82725755 -2.13639147]\n [ 0.26546006 -1.54875087  4.45442339 -0.46381448  1.48957039  2.60233129]\n [-0.97677314 -0.32680354 -0.46381448  3.44405843 -0.25245629 -0.26892267]\n [ 0.42694946 -1.82725755  1.48957039 -0.25245629 15.30265626 14.22419469]\n [ 0.06570561 -2.13639147  2.60233129 -0.26892267 14.22419469 16.21450188]]", "nfev": "203", "njev": "29", "status": "0", "success": "True", "message": "Optimization terminated successfully.", "x": "[ 5.0454708   3.92361857  6.33667778  3.60182029  3.91071694 -0.40371115]", "nit": "23"}, "9": {"maxiter": 500, "gtol": 1e-05, "xrtol": 1e-05, "eps": 1e-10, "duration": 0.0347750186920166, "fun": "0.26581570173920266", "jac": "[ 1.11022293e-06  1.11022293e-06  3.33066880e-06  1.11022293e-06\n  3.33066880e-06 -1.11022293e-06]", "hess_inv": "[[ 3.01281878  0.09595281  0.29923152 -0.92981168  0.47918707  0.13724934]\n [ 0.09595281  3.47730653 -1.51157284 -0.28442258 -1.52834952 -1.81605128]\n [ 0.29923152 -1.51157284  4.49672891 -0.41081642  1.29603298  2.43564112]\n [-0.92981168 -0.28442258 -0.41081642  3.34006067 -0.30826119 -0.30953869]\n [ 0.47918707 -1.52834952  1.29603298 -0.30826119 14.20107566 13.00903886]\n [ 0.13724934 -1.81605128  2.43564112 -0.30953869 13.00903886 14.90831691]]", "nfev": "203", "njev": "29", "status": "0", "success": "True", "message": "Optimization terminated successfully.", "x": "[ 5.04547529  3.92361657  6.33668204  3.60182531  3.91074776 -0.40368254]", "nit": "23"}, "10": {"maxiter": 500, "gtol": 1e-05, "xrtol": 1e-10, "eps": 1e-05, "duration": 0.03566479682922363, "fun": "0.2658157018252668", "jac": "[ 5.19750909e-07  1.44824153e-06  1.51068047e-06 -2.16993090e-06\n  1.40095713e-06 -1.41515688e-06]", "hess_inv": "[[ 3.0069178   0.1128089   0.26546006 -0.97677314  0.42694946  0.06570561]\n [ 0.1128089   3.56317123 -1.54875087 -0.32680354 -1.82725755 -2.13639147]\n [ 0.26546006 -1.54875087  4.45442339 -0.46381448  1.48957039  2.60233129]\n [-0.97677314 -0.32680354 -0.46381448  3.44405843 -0.25245629 -0.26892267]\n [ 0.42694946 -1.82725755  1.48957039 -0.25245629 15.30265626 14.22419469]\n [ 0.06570561 -2.13639147  2.60233129 -0.26892267 14.22419469 16.21450188]]", "nfev": "203", "njev": "29", "status": "0", "success": "True", "message": "Optimization terminated successfully.", "x": "[ 5.0454708   3.92361857  6.33667778  3.60182029  3.91071694 -0.40371115]", "nit": "23"}, "11": {"maxiter": 500, "gtol": 1e-05, "xrtol": 1e-10, "eps": 1e-10, "duration": 0.03602099418640137, "fun": "0.26581570173920266", "jac": "[ 1.11022293e-06  1.11022293e-06  3.33066880e-06  1.11022293e-06\n  3.33066880e-06 -1.11022293e-06]", "hess_inv": "[[ 3.01281878  0.09595281  0.29923152 -0.92981168  0.47918707  0.13724934]\n [ 0.09595281  3.47730653 -1.51157284 -0.28442258 -1.52834952 -1.81605128]\n [ 0.29923152 -1.51157284  4.49672891 -0.41081642  1.29603298  2.43564112]\n [-0.92981168 -0.28442258 -0.41081642  3.34006067 -0.30826119 -0.30953869]\n [ 0.47918707 -1.52834952  1.29603298 -0.30826119 14.20107566 13.00903886]\n [ 0.13724934 -1.81605128  2.43564112 -0.30953869 13.00903886 14.90831691]]", "nfev": "203", "njev": "29", "status": "0", "success": "True", "message": "Optimization terminated successfully.", "x": "[ 5.04547529  3.92361657  6.33668204  3.60182531  3.91074776 -0.40368254]", "nit": "23"}, "12": {"maxiter": 500, "gtol": 1e-10, "xrtol": 1e-05, "eps": 1e-05, "duration": 0.03598308563232422, "fun": "0.2658157018252668", "jac": "[ 5.19750909e-07  1.44824153e-06  1.51068047e-06 -2.16993090e-06\n  1.40095713e-06 -1.41515688e-06]", "hess_inv": "[[ 3.0069178   0.1128089   0.26546006 -0.97677314  0.42694946  0.06570561]\n [ 0.1128089   3.56317123 -1.54875087 -0.32680354 -1.82725755 -2.13639147]\n [ 0.26546006 -1.54875087  4.45442339 -0.46381448  1.48957039  2.60233129]\n [-0.97677314 -0.32680354 -0.46381448  3.44405843 -0.25245629 -0.26892267]\n [ 0.42694946 -1.82725755  1.48957039 -0.25245629 15.30265626 14.22419469]\n [ 0.06570561 -2.13639147  2.60233129 -0.26892267 14.22419469 16.21450188]]", "nfev": "203", "njev": "29", "status": "0", "success": "True", "message": "Optimization terminated successfully.", "x": "[ 5.0454708   3.92361857  6.33667778  3.60182029  3.91071694 -0.40371115]", "nit": "23"}, "13": {"maxiter": 500, "gtol": 1e-10, "xrtol": 1e-05, "eps": 1e-10, "duration": 0.03576302528381348, "fun": "0.26581570173920266", "jac": "[ 1.11022293e-06  1.11022293e-06  3.33066880e-06  1.11022293e-06\n  3.33066880e-06 -1.11022293e-06]", "hess_inv": "[[ 3.01281878  0.09595281  0.29923152 -0.92981168  0.47918707  0.13724934]\n [ 0.09595281  3.47730653 -1.51157284 -0.28442258 -1.52834952 -1.81605128]\n [ 0.29923152 -1.51157284  4.49672891 -0.41081642  1.29603298  2.43564112]\n [-0.92981168 -0.28442258 -0.41081642  3.34006067 -0.30826119 -0.30953869]\n [ 0.47918707 -1.52834952  1.29603298 -0.30826119 14.20107566 13.00903886]\n [ 0.13724934 -1.81605128  2.43564112 -0.30953869 13.00903886 14.90831691]]", "nfev": "203", "njev": "29", "status": "0", "success": "True", "message": "Optimization terminated successfully.", "x": "[ 5.04547529  3.92361657  6.33668204  3.60182531  3.91074776 -0.40368254]", "nit": "23"}, "14": {"maxiter": 500, "gtol": 1e-10, "xrtol": 1e-10, "eps": 1e-05, "duration": 0.040554046630859375, "fun": "0.2658157018113899", "jac": "[ 0.00000000e+00  4.44089210e-11 -4.44089210e-11 -2.22044605e-11\n  0.00000000e+00  0.00000000e+00]", "hess_inv": "[[ 2.94578513e+00 -6.20789513e-04  1.11570456e-02 -7.06693129e-01\n   3.94257800e-01  3.65819982e-02]\n [-6.20789513e-04  3.51979454e+00 -1.73342828e+00 -1.55300830e-01\n  -1.91904825e+00 -2.36174625e+00]\n [ 1.11570456e-02 -1.73342828e+00  4.73973280e+00 -2.51341577e-01\n   1.50529892e+00  3.03034430e+00]\n [-7.06693129e-01 -1.55300830e-01 -2.51341577e-01  2.99150730e+00\n  -1.14405319e-01 -2.30064654e-01]\n [ 3.94257800e-01 -1.91904825e+00  1.50529892e+00 -1.14405319e-01\n   1.53128415e+01  1.44311072e+01]\n [ 3.65819982e-02 -2.36174625e+00  3.03034430e+00 -2.30064654e-01\n   1.44311072e+01  1.69949541e+01]]", "nfev": "231", "njev": "33", "status": "0", "success": "True", "message": "Optimization terminated successfully.", "x": "[ 5.04546724  3.92361515  6.33667466  3.60182769  3.91071584 -0.40370903]", "nit": "27"}, "15": {"maxiter": 500, "gtol": 1e-10, "xrtol": 1e-10, "eps": 1e-10, "duration": 0.04866623878479004, "fun": "0.26581570173920266", "jac": "[ 1.11022293e-06  1.11022293e-06  3.33066880e-06 -1.11022293e-06\n  3.33066880e-06 -3.33066880e-06]", "hess_inv": "[[ 2.79169824  0.26777933 -0.30630962 -0.92144145 -0.9599791  -1.18269248]\n [ 0.26777933  3.66563111 -1.74019944 -0.5236943  -2.31766937 -2.52625538]\n [-0.30630962 -1.74019944  4.35732987  0.11776739  1.49903224  2.59200428]\n [-0.92144145 -0.5236943   0.11776739  3.50808729  1.12588226  0.99586922]\n [-0.9599791  -2.31766937  1.49903224  1.12588226 16.14134893 14.70721523]\n [-1.18269248 -2.52625538  2.59200428  0.99586922 14.70721523 16.39177779]]", "nfev": "280", "njev": "40", "status": "0", "success": "True", "message": "Optimization terminated successfully.", "x": "[ 5.04547529  3.92361657  6.33668204  3.60182531  3.91074776 -0.40368254]", "nit": "24"}, "16": {"maxiter": 1000, "gtol": 1e-05, "xrtol": 1e-05, "eps": 1e-05, "duration": 0.035453081130981445, "fun": "0.2658157018252668", "jac": "[ 5.19750909e-07  1.44824153e-06  1.51068047e-06 -2.16993090e-06\n  1.40095713e-06 -1.41515688e-06]", "hess_inv": "[[ 3.0069178   0.1128089   0.26546006 -0.97677314  0.42694946  0.06570561]\n [ 0.1128089   3.56317123 -1.54875087 -0.32680354 -1.82725755 -2.13639147]\n [ 0.26546006 -1.54875087  4.45442339 -0.46381448  1.48957039  2.60233129]\n [-0.97677314 -0.32680354 -0.46381448  3.44405843 -0.25245629 -0.26892267]\n [ 0.42694946 -1.82725755  1.48957039 -0.25245629 15.30265626 14.22419469]\n [ 0.06570561 -2.13639147  2.60233129 -0.26892267 14.22419469 16.21450188]]", "nfev": "203", "njev": "29", "status": "0", "success": "True", "message": "Optimization terminated successfully.", "x": "[ 5.0454708   3.92361857  6.33667778  3.60182029  3.91071694 -0.40371115]", "nit": "23"}, "17": {"maxiter": 1000, "gtol": 1e-05, "xrtol": 1e-05, "eps": 1e-10, "duration": 0.03533482551574707, "fun": "0.26581570173920266", "jac": "[ 1.11022293e-06  1.11022293e-06  3.33066880e-06  1.11022293e-06\n  3.33066880e-06 -1.11022293e-06]", "hess_inv": "[[ 3.01281878  0.09595281  0.29923152 -0.92981168  0.47918707  0.13724934]\n [ 0.09595281  3.47730653 -1.51157284 -0.28442258 -1.52834952 -1.81605128]\n [ 0.29923152 -1.51157284  4.49672891 -0.41081642  1.29603298  2.43564112]\n [-0.92981168 -0.28442258 -0.41081642  3.34006067 -0.30826119 -0.30953869]\n [ 0.47918707 -1.52834952  1.29603298 -0.30826119 14.20107566 13.00903886]\n [ 0.13724934 -1.81605128  2.43564112 -0.30953869 13.00903886 14.90831691]]", "nfev": "203", "njev": "29", "status": "0", "success": "True", "message": "Optimization terminated successfully.", "x": "[ 5.04547529  3.92361657  6.33668204  3.60182531  3.91074776 -0.40368254]", "nit": "23"}, "18": {"maxiter": 1000, "gtol": 1e-05, "xrtol": 1e-10, "eps": 1e-05, "duration": 0.03526711463928223, "fun": "0.2658157018252668", "jac": "[ 5.19750909e-07  1.44824153e-06  1.51068047e-06 -2.16993090e-06\n  1.40095713e-06 -1.41515688e-06]", "hess_inv": "[[ 3.0069178   0.1128089   0.26546006 -0.97677314  0.42694946  0.06570561]\n [ 0.1128089   3.56317123 -1.54875087 -0.32680354 -1.82725755 -2.13639147]\n [ 0.26546006 -1.54875087  4.45442339 -0.46381448  1.48957039  2.60233129]\n [-0.97677314 -0.32680354 -0.46381448  3.44405843 -0.25245629 -0.26892267]\n [ 0.42694946 -1.82725755  1.48957039 -0.25245629 15.30265626 14.22419469]\n [ 0.06570561 -2.13639147  2.60233129 -0.26892267 14.22419469 16.21450188]]", "nfev": "203", "njev": "29", "status": "0", "success": "True", "message": "Optimization terminated successfully.", "x": "[ 5.0454708   3.92361857  6.33667778  3.60182029  3.91071694 -0.40371115]", "nit": "23"}, "19": {"maxiter": 1000, "gtol": 1e-05, "xrtol": 1e-10, "eps": 1e-10, "duration": 0.03550100326538086, "fun": "0.26581570173920266", "jac": "[ 1.11022293e-06  1.11022293e-06  3.33066880e-06  1.11022293e-06\n  3.33066880e-06 -1.11022293e-06]", "hess_inv": "[[ 3.01281878  0.09595281  0.29923152 -0.92981168  0.47918707  0.13724934]\n [ 0.09595281  3.47730653 -1.51157284 -0.28442258 -1.52834952 -1.81605128]\n [ 0.29923152 -1.51157284  4.49672891 -0.41081642  1.29603298  2.43564112]\n [-0.92981168 -0.28442258 -0.41081642  3.34006067 -0.30826119 -0.30953869]\n [ 0.47918707 -1.52834952  1.29603298 -0.30826119 14.20107566 13.00903886]\n [ 0.13724934 -1.81605128  2.43564112 -0.30953869 13.00903886 14.90831691]]", "nfev": "203", "njev": "29", "status": "0", "success": "True", "message": "Optimization terminated successfully.", "x": "[ 5.04547529  3.92361657  6.33668204  3.60182531  3.91074776 -0.40368254]", "nit": "23"}, "20": {"maxiter": 1000, "gtol": 1e-10, "xrtol": 1e-05, "eps": 1e-05, "duration": 0.035585880279541016, "fun": "0.2658157018252668", "jac": "[ 5.19750909e-07  1.44824153e-06  1.51068047e-06 -2.16993090e-06\n  1.40095713e-06 -1.41515688e-06]", "hess_inv": "[[ 3.0069178   0.1128089   0.26546006 -0.97677314  0.42694946  0.06570561]\n [ 0.1128089   3.56317123 -1.54875087 -0.32680354 -1.82725755 -2.13639147]\n [ 0.26546006 -1.54875087  4.45442339 -0.46381448  1.48957039  2.60233129]\n [-0.97677314 -0.32680354 -0.46381448  3.44405843 -0.25245629 -0.26892267]\n [ 0.42694946 -1.82725755  1.48957039 -0.25245629 15.30265626 14.22419469]\n [ 0.06570561 -2.13639147  2.60233129 -0.26892267 14.22419469 16.21450188]]", "nfev": "203", "njev": "29", "status": "0", "success": "True", "message": "Optimization terminated successfully.", "x": "[ 5.0454708   3.92361857  6.33667778  3.60182029  3.91071694 -0.40371115]", "nit": "23"}, "21": {"maxiter": 1000, "gtol": 1e-10, "xrtol": 1e-05, "eps": 1e-10, "duration": 0.0354616641998291, "fun": "0.26581570173920266", "jac": "[ 1.11022293e-06  1.11022293e-06  3.33066880e-06  1.11022293e-06\n  3.33066880e-06 -1.11022293e-06]", "hess_inv": "[[ 3.01281878  0.09595281  0.29923152 -0.92981168  0.47918707  0.13724934]\n [ 0.09595281  3.47730653 -1.51157284 -0.28442258 -1.52834952 -1.81605128]\n [ 0.29923152 -1.51157284  4.49672891 -0.41081642  1.29603298  2.43564112]\n [-0.92981168 -0.28442258 -0.41081642  3.34006067 -0.30826119 -0.30953869]\n [ 0.47918707 -1.52834952  1.29603298 -0.30826119 14.20107566 13.00903886]\n [ 0.13724934 -1.81605128  2.43564112 -0.30953869 13.00903886 14.90831691]]", "nfev": "203", "njev": "29", "status": "0", "success": "True", "message": "Optimization terminated successfully.", "x": "[ 5.04547529  3.92361657  6.33668204  3.60182531  3.91074776 -0.40368254]", "nit": "23"}, "22": {"maxiter": 1000, "gtol": 1e-10, "xrtol": 1e-10, "eps": 1e-05, "duration": 0.04039812088012695, "fun": "0.2658157018113899", "jac": "[ 0.00000000e+00  4.44089210e-11 -4.44089210e-11 -2.22044605e-11\n  0.00000000e+00  0.00000000e+00]", "hess_inv": "[[ 2.94578513e+00 -6.20789513e-04  1.11570456e-02 -7.06693129e-01\n   3.94257800e-01  3.65819982e-02]\n [-6.20789513e-04  3.51979454e+00 -1.73342828e+00 -1.55300830e-01\n  -1.91904825e+00 -2.36174625e+00]\n [ 1.11570456e-02 -1.73342828e+00  4.73973280e+00 -2.51341577e-01\n   1.50529892e+00  3.03034430e+00]\n [-7.06693129e-01 -1.55300830e-01 -2.51341577e-01  2.99150730e+00\n  -1.14405319e-01 -2.30064654e-01]\n [ 3.94257800e-01 -1.91904825e+00  1.50529892e+00 -1.14405319e-01\n   1.53128415e+01  1.44311072e+01]\n [ 3.65819982e-02 -2.36174625e+00  3.03034430e+00 -2.30064654e-01\n   1.44311072e+01  1.69949541e+01]]", "nfev": "231", "njev": "33", "status": "0", "success": "True", "message": "Optimization terminated successfully.", "x": "[ 5.04546724  3.92361515  6.33667466  3.60182769  3.91071584 -0.40370903]", "nit": "27"}, "23": {"maxiter": 1000, "gtol": 1e-10, "xrtol": 1e-10, "eps": 1e-10, "duration": 0.04888796806335449, "fun": "0.26581570173920266", "jac": "[ 1.11022293e-06  1.11022293e-06  3.33066880e-06 -1.11022293e-06\n  3.33066880e-06 -3.33066880e-06]", "hess_inv": "[[ 2.79169824  0.26777933 -0.30630962 -0.92144145 -0.9599791  -1.18269248]\n [ 0.26777933  3.66563111 -1.74019944 -0.5236943  -2.31766937 -2.52625538]\n [-0.30630962 -1.74019944  4.35732987  0.11776739  1.49903224  2.59200428]\n [-0.92144145 -0.5236943   0.11776739  3.50808729  1.12588226  0.99586922]\n [-0.9599791  -2.31766937  1.49903224  1.12588226 16.14134893 14.70721523]\n [-1.18269248 -2.52625538  2.59200428  0.99586922 14.70721523 16.39177779]]", "nfev": "280", "njev": "40", "status": "0", "success": "True", "message": "Optimization terminated successfully.", "x": "[ 5.04547529  3.92361657  6.33668204  3.60182531  3.91074776 -0.40368254]", "nit": "24"}}, "cobyla": {"0": {"maxiter": 100, "tol": 1e-05, "catol": 1e-05, "duration": 0.0168459415435791, "x": "[ 5.0387128   3.93357262  6.32325767  3.60462971  3.85757036 -0.45894824]", "status": "2", "success": "False", "message": "Maximum number of function evaluations has been exceeded.", "nfev": "100", "fun": "0.265922081944162", "maxcv": "0.0"}, "1": {"maxiter": 100, "tol": 1e-05, "catol": 1e-10, "duration": 0.016808271408081055, "x": "[ 5.0387128   3.93357262  6.32325767  3.60462971  3.85757036 -0.45894824]", "status": "2", "success": "False", "message": "Maximum number of function evaluations has been exceeded.", "nfev": "100", "fun": "0.265922081944162", "maxcv": "0.0"}, "2": {"maxiter": 100, "tol": 1e-10, "catol": 1e-05, "duration": 0.01677989959716797, "x": "[ 5.0387128   3.93357262  6.32325767  3.60462971  3.85757036 -0.45894824]", "status": "2", "success": "False", "message": "Maximum number of function evaluations has been exceeded.", "nfev": "100", "fun": "0.265922081944162", "maxcv": "0.0"}, "3": {"maxiter": 100, "tol": 1e-10, "catol": 1e-10, "duration": 0.016962051391601562, "x": "[ 5.0387128   3.93357262  6.32325767  3.60462971  3.85757036 -0.45894824]", "status": "2", "success": "False", "message": "Maximum number of function evaluations has been exceeded.", "nfev": "100", "fun": "0.265922081944162", "maxcv": "0.0"}, "4": {"maxiter": 500, "tol": 1e-05, "catol": 1e-05, "duration": 0.06989693641662598, "x": "[ 5.04546197  3.92362608  6.33666812  3.60183313  3.91069393 -0.40374544]", "status": "1", "success": "True", "message": "Optimization terminated successfully.", "nfev": "422", "fun": "0.2658157019761864", "maxcv": "0.0"}, "5": {"maxiter": 500, "tol": 1e-05, "catol": 1e-10, "duration": 0.06998205184936523, "x": "[ 5.04546197  3.92362608  6.33666812  3.60183313  3.91069393 -0.40374544]", "status": "1", "success": "True", "message": "Optimization terminated successfully.", "nfev": "422", "fun": "0.2658157019761864", "maxcv": "0.0"}, "6": {"maxiter": 500, "tol": 1e-10, "catol": 1e-05, "duration": 0.08279609680175781, "x": "[ 5.04547231  3.92361433  6.33668334  3.60183101  3.91075049 -0.40367165]", "status": "2", "success": "False", "message": "Maximum number of function evaluations has been exceeded.", "nfev": "500", "fun": "0.2658157017145486", "