{"date": "2024/07/18/, 22:46:10", "conf_id": 94, "data_type": "orthogonal\n", "num_data_points": 1, "s_rank": 0, "unitary": "[[-0.24866696+0.58742286j,-0.44704345-0.43151574j,-0.35669027-0.20570733j,-0.10517633+0.1626036j],[0.10596805-0.19687975j,-0.30269685-0.15056416j,0.18246286+0.30440582j,-0.83484447-0.11310748j],[0.26054512-0.52548482j,0.0285017-0.50723956j,-0.43110112+0.17165838j,0.15243271+0.39915801j],[0.42978035+0.11991271j,-0.17224126-0.46030424j,0.6827807-0.15164662j,0.26483638+0.0061855j]]", "databatch_0": {"databatch": "[[[-0.07086808-4.58341005e-02j,-0.09083205+1.45542706e-01j,0.35181281+4.49101189e-01j,0.20501583-2.14952320e-01j],[-0.16296766-1.20983580e-01j,0.23149195+1.16737719e-01j,-0.18603046-7.71601443e-02j,0.11343312-1.74293644e-01j],[-0.06186658+3.52105040e-02j,0.10892421-9.21225721e-02j,-0.18819285-6.03607691e-02j,-0.08463798-3.23753203e-04j],[-0.27362072+6.45396831e-02j,0.29204929-8.14791748e-02j,-0.10285024+1.54107287e-01j,-0.07334863-2.74246398e-01j]]]", "initial param values": "[3.21109251,3.99812412,2.04752668,2.63215109,4.40656751,5.79551429]", "nelder_mead": {"type": "gradient-free", "0": {"maxiter": 100, "fatol": 1e-05, "xatol": 1e-05, "duration": 0.02549910545349121, "fun": "0.18506292647482825", "nit": "100", "nfev": "153", "status": "2", "success": "False", "message": "Maximum number of iterations has been exceeded.", "x": "[1.46085435 4.65701311 2.07286067 2.08100595 5.75395906 5.61879955]", "final_simplex": "(array([[1.46085435, 4.65701311, 2.07286067, 2.08100595, 5.75395906,\n        5.61879955],\n       [1.4540555 , 4.60577264, 2.06110441, 2.12978882, 5.73905341,\n        5.59430599],\n       [1.55176706, 4.60517955, 2.03852503, 2.08969459, 5.78387408,\n        5.66055933],\n       [1.47186645, 4.62614521, 2.02751003, 2.11431716, 5.81415651,\n        5.65665801],\n       [1.54922783, 4.62364846, 2.01840661, 2.1165439 , 5.81146669,\n        5.74556681],\n       [1.51936447, 4.58388801, 2.04299164, 2.07724683, 5.77145191,\n        5.68301276],\n       [1.5871281 , 4.62065047, 2.02449064, 2.07832179, 5.84470935,\n        5.76911949]]), array([0.18506293, 0.18682491, 0.18726875, 0.18754253, 0.18758629,\n       0.18767233, 0.18841424]))"}, "1": {"maxiter": 100, "fatol": 1e-05, "xatol": 1e-10, "duration": 0.025539159774780273, "fun": "0.18506292647482825", "nit": "100", "nfev": "153", "status": "2", "success": "False", "message": "Maximum number of iterations has been exceeded.", "x": "[1.46085435 4.65701311 2.07286067 2.08100595 5.75395906 5.61879955]", "final_simplex": "(array([[1.46085435, 4.65701311, 2.07286067, 2.08100595, 5.75395906,\n        5.61879955],\n       [1.4540555 , 4.60577264, 2.06110441, 2.12978882, 5.73905341,\n        5.59430599],\n       [1.55176706, 4.60517955, 2.03852503, 2.08969459, 5.78387408,\n        5.66055933],\n       [1.47186645, 4.62614521, 2.02751003, 2.11431716, 5.81415651,\n        5.65665801],\n       [1.54922783, 4.62364846, 2.01840661, 2.1165439 , 5.81146669,\n        5.74556681],\n       [1.51936447, 4.58388801, 2.04299164, 2.07724683, 5.77145191,\n        5.68301276],\n       [1.5871281 , 4.62065047, 2.02449064, 2.07832179, 5.84470935,\n        5.76911949]]), array([0.18506293, 0.18682491, 0.18726875, 0.18754253, 0.18758629,\n       0.18767233, 0.18841424]))"}, "2": {"maxiter": 100, "fatol": 1e-10, "xatol": 1e-05, "duration": 0.025346040725708008, "fun": "0.18506292647482825", "nit": "100", "nfev": "153", "status": "2", "success": "False", "message": "Maximum number of iterations has been exceeded.", "x": "[1.46085435 4.65701311 2.07286067 2.08100595 5.75395906 5.61879955]", "final_simplex": "(array([[1.46085435, 4.65701311, 2.07286067, 2.08100595, 5.75395906,\n        5.61879955],\n       [1.4540555 , 4.60577264, 2.06110441, 2.12978882, 5.73905341,\n        5.59430599],\n       [1.55176706, 4.60517955, 2.03852503, 2.08969459, 5.78387408,\n        5.66055933],\n       [1.47186645, 4.62614521, 2.02751003, 2.11431716, 5.81415651,\n        5.65665801],\n       [1.54922783, 4.62364846, 2.01840661, 2.1165439 , 5.81146669,\n        5.74556681],\n       [1.51936447, 4.58388801, 2.04299164, 2.07724683, 5.77145191,\n        5.68301276],\n       [1.5871281 , 4.62065047, 2.02449064, 2.07832179, 5.84470935,\n        5.76911949]]), array([0.18506293, 0.18682491, 0.18726875, 0.18754253, 0.18758629,\n       0.18767233, 0.18841424]))"}, "3": {"maxiter": 100, "fatol": 1e-10, "xatol": 1e-10, "duration": 0.025270938873291016, "fun": "0.18506292647482825", "nit": "100", "nfev": "153", "status": "2", "success": "False", "message": "Maximum number of iterations has been exceeded.", "x": "[1.46085435 4.65701311 2.07286067 2.08100595 5.75395906 5.61879955]", "final_simplex": "(array([[1.46085435, 4.65701311, 2.07286067, 2.08100595, 5.75395906,\n        5.61879955],\n       [1.4540555 , 4.60577264, 2.06110441, 2.12978882, 5.73905341,\n        5.59430599],\n       [1.55176706, 4.60517955, 2.03852503, 2.08969459, 5.78387408,\n        5.66055933],\n       [1.47186645, 4.62614521, 2.02751003, 2.11431716, 5.81415651,\n        5.65665801],\n       [1.54922783, 4.62364846, 2.01840661, 2.1165439 , 5.81146669,\n        5.74556681],\n       [1.51936447, 4.58388801, 2.04299164, 2.07724683, 5.77145191,\n        5.68301276],\n       [1.5871281 , 4.62065047, 2.02449064, 2.07832179, 5.84470935,\n        5.76911949]]), array([0.18506293, 0.18682491, 0.18726875, 0.18754253, 0.18758629,\n       0.18767233, 0.18841424]))"}, "4": {"maxiter": 500, "fatol": 1e-05, "xatol": 1e-05, "duration": 0.08476901054382324, "fun": "0.17852601821617975", "nit": "324", "nfev": "512", "status": "0", "success": "True", "message": "Optimization terminated successfully.", "x": "[0.99648181 4.73765936 2.33599334 1.85843734 5.45502653 5.02087378]", "final_simplex": "(array([[0.99648181, 4.73765936, 2.33599334, 1.85843734, 5.45502653,\n        5.02087378],\n       [0.99648877, 4.73765995, 2.33598773, 1.85844417, 5.45503115,\n        5.02088305],\n       [0.99648275, 4.7376616 , 2.3359922 , 1.85844139, 5.45503113,\n        5.02087648],\n       [0.99647882, 4.73765978, 2.33599227, 1.85844017, 5.4550297 ,\n        5.02087135],\n       [0.99647843, 4.73765711, 2.33599719, 1.8584391 , 5.45503065,\n        5.0208729 ],\n       [0.99648946, 4.73765856, 2.33599157, 1.85844197, 5.45503428,\n        5.02087882],\n       [0.99648614, 4.73765568, 2.3359935 , 1.85844522, 5.45502916,\n        5.02087992]]), array([0.17852602, 0.17852602, 0.17852602, 0.17852602, 0.17852602,\n       0.17852602, 0.17852602]))"}, "5": {"maxiter": 500, "fatol": 1e-05, "xatol": 1e-10, "duration": 0.12047934532165527, "fun": "0.17852601821426672", "nit": "418", "nfev": "733", "status": "0", "success": "True", "message": "Optimization terminated successfully.", "x": "[0.99648204 4.7376596  2.33599359 1.85843967 5.45502847 5.02087404]", "final_simplex": "(array([[0.99648204, 4.7376596 , 2.33599359, 1.85843967, 5.45502847,\n        5.02087404],\n       [0.99648204, 4.7376596 , 2.33599359, 1.85843967, 5.45502847,\n        5.02087404],\n       [0.99648204, 4.7376596 , 2.33599359, 1.85843967, 5.45502847,\n        5.02087404],\n       [0.99648204, 4.7376596 , 2.33599359, 1.85843967, 5.45502847,\n        5.02087404],\n       [0.99648204, 4.7376596 , 2.33599359, 1.85843967, 5.45502847,\n        5.02087404],\n       [0.99648204, 4.7376596 , 2.33599359, 1.85843967, 5.45502847,\n        5.02087404],\n       [0.99648204, 4.7376596 , 2.33599359, 1.85843967, 5.45502847,\n        5.02087404]]), array([0.17852602, 0.17852602, 0.17852602, 0.17852602, 0.17852602,\n       0.17852602, 0.17852602]))"}, "6": {"maxiter": 500, "fatol": 1e-10, "xatol": 1e-05, "duration": 0.08471012115478516, "fun": "0.17852601821617975", "nit": "324", "nfev": "512", "status": "0", "success": "True", "message": "Optimization terminated successfully.", "x": "[0.99648181 4.73765936 2.33599334 1.85843734 5.45502653 5.02087378]", "final_simplex": "(array([[0.99648181, 4.73765936, 2.33599334, 1.85843734, 5.45502653,\n        5.02087378],\n       [0.99648877, 4.73765995, 2.33598773, 1.85844417, 5.45503115,\n        5.02088305],\n       [0.99648275, 4.7376616 , 2.3359922 , 1.85844139, 5.45503113,\n        5.02087648],\n       [0.99647882, 4.73765978, 2.33599227, 1.85844017, 5.4550297 ,\n        5.02087135],\n       [0.99647843, 4.73765711, 2.33599719, 1.8584391 , 5.45503065,\n        5.0208729 ],\n       [0.99648946, 4.73765856, 2.33599157, 1.85844197, 5.45503428,\n        5.02087882],\n       [0.99648614, 4.73765568, 2.3359935 , 1.85844522, 5.45502916,\n        5.02087992]]), array([0.17852602, 0.17852602, 0.17852602, 0.17852602, 0.17852602,\n       0.17852602, 0.17852602]))"}, "7": {"maxiter": 500, "fatol": 1e-10, "xatol": 1e-10, "duration": 0.1205909252166748, "fun": "0.17852601821426672", "nit": "418", "nfev": "733", "status": "0", "success": "True", "message": "Optimization terminated successfully.", "x": "[0.99648204 4.7376596  2.33599359 1.85843967 5.45502847 5.02087404]", "final_simplex": "(array([[0.99648204, 4.7376596 , 2.33599359, 1.85843967, 5.45502847,\n        5.02087404],\n       [0.99648204, 4.7376596 , 2.33599359, 1.85843967, 5.45502847,\n        5.02087404],\n       [0.99648204, 4.7376596 , 2.33599359, 1.85843967, 5.45502847,\n        5.02087404],\n       [0.99648204, 4.7376596 , 2.33599359, 1.85843967, 5.45502847,\n        5.02087404],\n       [0.99648204, 4.7376596 , 2.33599359, 1.85843967, 5.45502847,\n        5.02087404],\n       [0.99648204, 4.7376596 , 2.33599359, 1.85843967, 5.45502847,\n        5.02087404],\n       [0.99648204, 4.7376596 , 2.33599359, 1.85843967, 5.45502847,\n        5.02087404]]), array([0.17852602, 0.17852602, 0.17852602, 0.17852602, 0.17852602,\n       0.17852602, 0.17852602]))"}, "8": {"maxiter": 1000, "fatol": 1e-05, "xatol": 1e-05, "duration": 0.08479571342468262, "fun": "0.17852601821617975", "nit": "324", "nfev": "512", "status": "0", "success": "True", "message": "Optimization terminated successfully.", "x": "[0.99648181 4.73765936 2.33599334 1.85843734 5.45502653 5.02087378]", "final_simplex": "(array([[0.99648181, 4.73765936, 2.33599334, 1.85843734, 5.45502653,\n        5.02087378],\n       [0.99648877, 4.73765995, 2.33598773, 1.85844417, 5.45503115,\n        5.02088305],\n       [0.99648275, 4.7376616 , 2.3359922 , 1.85844139, 5.45503113,\n        5.02087648],\n       [0.99647882, 4.73765978, 2.33599227, 1.85844017, 5.4550297 ,\n        5.02087135],\n       [0.99647843, 4.73765711, 2.33599719, 1.8584391 , 5.45503065,\n        5.0208729 ],\n       [0.99648946, 4.73765856, 2.33599157, 1.85844197, 5.45503428,\n        5.02087882],\n       [0.99648614, 4.73765568, 2.3359935 , 1.85844522, 5.45502916,\n        5.02087992]]), array([0.17852602, 0.17852602, 0.17852602, 0.17852602, 0.17852602,\n       0.17852602, 0.17852602]))"}, "9": {"maxiter": 1000, "fatol": 1e-05, "xatol": 1e-10, "duration": 0.12055397033691406, "fun": "0.17852601821426672", "nit": "418", "nfev": "733", "status": "0", "success": "True", "message": "Optimization terminated successfully.", "x": "[0.99648204 4.7376596  2.33599359 1.85843967 5.45502847 5.02087404]", "final_simplex": "(array([[0.99648204, 4.7376596 , 2.33599359, 1.85843967, 5.45502847,\n        5.02087404],\n       [0.99648204, 4.7376596 , 2.33599359, 1.85843967, 5.45502847,\n        5.02087404],\n       [0.99648204, 4.7376596 , 2.33599359, 1.85843967, 5.45502847,\n        5.02087404],\n       [0.99648204, 4.7376596 , 2.33599359, 1.85843967, 5.45502847,\n        5.02087404],\n       [0.99648204, 4.7376596 , 2.33599359, 1.85843967, 5.45502847,\n        5.02087404],\n       [0.99648204, 4.7376596 , 2.33599359, 1.85843967, 5.45502847,\n        5.02087404],\n       [0.99648204, 4.7376596 , 2.33599359, 1.85843967, 5.45502847,\n        5.02087404]]), array([0.17852602, 0.17852602, 0.17852602, 0.17852602, 0.17852602,\n       0.17852602, 0.17852602]))"}, "10": {"maxiter": 1000, "fatol": 1e-10, "xatol": 1e-05, "duration": 0.08439397811889648, "fun": "0.17852601821617975", "nit": "324", "nfev": "512", "status": "0", "success": "True", "message": "Optimization terminated successfully.", "x": "[0.99648181 4.73765936 2.33599334 1.85843734 5.45502653 5.02087378]", "final_simplex": "(array([[0.99648181, 4.73765936, 2.33599334, 1.85843734, 5.45502653,\n        5.02087378],\n       [0.99648877, 4.73765995, 2.33598773, 1.85844417, 5.45503115,\n        5.02088305],\n       [0.99648275, 4.7376616 , 2.3359922 , 1.85844139, 5.45503113,\n        5.02087648],\n       [0.99647882, 4.73765978, 2.33599227, 1.85844017, 5.4550297 ,\n        5.02087135],\n       [0.99647843, 4.73765711, 2.33599719, 1.8584391 , 5.45503065,\n        5.0208729 ],\n       [0.99648946, 4.73765856, 2.33599157, 1.85844197, 5.45503428,\n        5.02087882],\n       [0.99648614, 4.73765568, 2.3359935 , 1.85844522, 5.45502916,\n        5.02087992]]), array([0.17852602, 0.17852602, 0.17852602, 0.17852602, 0.17852602,\n       0.17852602, 0.17852602]))"}, "11": {"maxiter": 1000, "fatol": 1e-10, "xatol": 1e-10, "duration": 0.12051510810852051, "fun": "0.17852601821426672", "nit": "418", "nfev": "733", "status": "0", "success": "True", "message": "Optimization terminated successfully.", "x": "[0.99648204 4.7376596  2.33599359 1.85843967 5.45502847 5.02087404]", "final_simplex": "(array([[0.99648204, 4.7376596 , 2.33599359, 1.85843967, 5.45502847,\n        5.02087404],\n       [0.99648204, 4.7376596 , 2.33599359, 1.85843967, 5.45502847,\n        5.02087404],\n       [0.99648204, 4.7376596 , 2.33599359, 1.85843967, 5.45502847,\n        5.02087404],\n       [0.99648204, 4.7376596 , 2.33599359, 1.85843967, 5.45502847,\n        5.02087404],\n       [0.99648204, 4.7376596 , 2.33599359, 1.85843967, 5.45502847,\n        5.02087404],\n       [0.99648204, 4.7376596 , 2.33599359, 1.85843967, 5.45502847,\n        5.02087404],\n       [0.99648204, 4.7376596 , 2.33599359, 1.85843967, 5.45502847,\n        5.02087404]]), array([0.17852602, 0.17852602, 0.17852602, 0.17852602, 0.17852602,\n       0.17852602, 0.17852602]))"}}, "bfgs": {"type": "gradient", "0": {"maxiter": 100, "gtol": 1e-05, "xrtol": 1e-05, "eps": 1e-05, "duration": 0.02942371368408203, "fun": "0.17852601845648508", "jac": "[ 7.46180895e-07  1.30938593e-06  2.17369456e-06  4.52695659e-06\n -3.98895361e-06  3.19111404e-07]", "hess_inv": "[[ 23.51982601   1.89962508 -14.38255017  11.48583088   8.68085684\n   24.23584717]\n [  1.89962508   3.5343218   -3.1568019    1.09636125   0.84135132\n    2.3031086 ]\n [-14.38255017  -3.1568019   13.80268651  -8.28578303  -6.05560989\n  -16.90791373]\n [ 11.48583088   1.09636125  -8.28578303   8.16388098   4.52304237\n   12.38857348]\n [  8.68085684   0.84135132  -6.05560989   4.52304237   5.86396449\n   10.10557847]\n [ 24.23584717   2.3031086  -16.90791373  12.38857348  10.10557847\n   28.60083079]]", "nfev": "168", "njev": "24", "status": "0", "success": "True", "message": "Optimization terminated successfully.", "x": "[0.99639539 4.737649   2.33605198 1.8583996  5.45498168 5.02077541]", "nit": "21"}, "1": {"maxiter": 100, "gtol": 1e-05, "xrtol": 1e-05, "eps": 1e-10, "duration": 0.02992725372314453, "fun": "0.1785260183258358", "jac": "[-4.44089173e-06 -2.22044587e-06  3.33066880e-06  7.77156053e-06\n -5.55111466e-06 -2.22044587e-06]", "hess_inv": "[[ 23.82166351   1.76903426 -14.46159995  11.5931916    8.81140701\n   24.49336818]\n [  1.76903426   3.47174966  -3.04408622   1.00993414   0.79469253\n    2.13611577]\n [-14.46159995  -3.04408622  13.76474391  -8.286825    -6.10439652\n  -16.95506264]\n [ 11.5931916    1.00993414  -8.286825     8.18985193   4.57224824\n   12.46161555]\n [  8.81140701   0.79469253  -6.10439652   4.57224824   5.95316727\n   10.26781056]\n [ 24.49336818   2.13611577 -16.95506264  12.46161555  10.26781056\n   28.85497278]]", "nfev": "168", "njev": "24", "status": "0", "success": "True", "message": "Optimization terminated successfully.", "x": "[0.99644584 4.73765432 2.33602626 1.85843221 5.45500289 5.02083255]", "nit": "21"}, "2": {"maxiter": 100, "gtol": 1e-05, "xrtol": 1e-10, "eps": 1e-05, "duration": 0.029873132705688477, "fun": "0.17852601845648508", "jac": "[ 7.46180895e-07  1.30938593e-06  2.17369456e-06  4.52695659e-06\n -3.98895361e-06  3.19111404e-07]", "hess_inv": "[[ 23.51982601   1.89962508 -14.38255017  11.48583088   8.68085684\n   24.23584717]\n [  1.89962508   3.5343218   -3.1568019    1.09636125   0.84135132\n    2.3031086 ]\n [-14.38255017  -3.1568019   13.80268651  -8.28578303  -6.05560989\n  -16.90791373]\n [ 11.48583088   1.09636125  -8.28578303   8.16388098   4.52304237\n   12.38857348]\n [  8.68085684   0.84135132  -6.05560989   4.52304237   5.86396449\n   10.10557847]\n [ 24.23584717   2.3031086  -16.90791373  12.38857348  10.10557847\n   28.60083079]]", "nfev": "168", "njev": "24", "status": "0", "success": "True", "message": "Optimization terminated successfully.", "x": "[0.99639539 4.737649   2.33605198 1.8583996  5.45498168 5.02077541]", "nit": "21"}, "3": {"maxiter": 100, "gtol": 1e-05, "xrtol": 1e-10, "eps": 1e-10, "duration": 0.029765844345092773, "fun": "0.1785260183258358", "jac": "[-4.44089173e-06 -2.22044587e-06  3.33066880e-06  7.77156053e-06\n -5.55111466e-06 -2.22044587e-06]", "hess_inv": "[[ 23.82166351   1.76903426 -14.46159995  11.5931916    8.81140701\n   24.49336818]\n [  1.76903426   3.47174966  -3.04408622   1.00993414   0.79469253\n    2.13611577]\n [-14.46159995  -3.04408622  13.76474391  -8.286825    -6.10439652\n  -16.95506264]\n [ 11.5931916    1.00993414  -8.286825     8.18985193   4.57224824\n   12.46161555]\n [  8.81140701   0.79469253  -6.10439652   4.57224824   5.95316727\n   10.26781056]\n [ 24.49336818   2.13611577 -16.95506264  12.46161555  10.26781056\n   28.85497278]]", "nfev": "168", "njev": "24", "status": "0", "success": "True", "message": "Optimization terminated successfully.", "x": "[0.99644584 4.73765432 2.33602626 1.85843221 5.45500289 5.02083255]", "nit": "21"}, "4": {"maxiter": 100, "gtol": 1e-10, "xrtol": 1e-05, "eps": 1e-05, "duration": 0.032201290130615234, "fun": "0.17852601845187854", "jac": "[ 4.86866103e-07  1.01469944e-06  1.76744175e-06  3.54748453e-06\n -3.05182546e-06  3.68760578e-07]", "hess_inv": "[[ 23.96157321   1.96028434 -14.41615686  12.05552285   8.41284018\n   24.51264662]\n [  1.96028434   3.53951485  -3.18251003   1.14957528   0.83049508\n    2.34566511]\n [-14.41615686  -3.18251003  13.66338637  -8.49734837  -5.86072227\n  -16.89839015]\n [ 12.05552285   1.14957528  -8.49734837   8.69908028   4.38433238\n   12.78180937]\n [  8.41284018   0.83049508  -5.86072227   4.38433238   5.81192607\n    9.9000205 ]\n [ 24.51264662   2.34566511 -16.89839015  12.78180937   9.9000205\n   28.76768094]]", "nfev": "182", "njev": "26", "status": "0", "success": "True", "message": "Optimization terminated successfully.", "x": "[0.99639113 4.73764857 2.33605333 1.85839533 5.454983   5.02077252]", "nit": "22"}, "5": {"maxiter": 100, "gtol": 1e-10, "xrtol": 1e-05, "eps": 1e-10, "duration": 0.031369924545288086, "fun": "0.17852601824320358", "jac": "[0.00000000e+00 3.33066880e-06 6.66133760e-06 3.33066880e-06\n 0.00000000e+00 1.11022293e-06]", "hess_inv": "[[ 15.85673802   0.70312269  -8.97955785   7.77907396   6.19570057\n   16.61728269]\n [  0.70312269   3.34528966  -2.33486555   0.45545351   0.54440195\n    1.18058356]\n [ -8.97955785  -2.33486555  10.02843702  -5.59521555  -4.45456343\n  -11.68274084]\n [  7.77907396   0.45545351  -5.59521555   6.48330699   3.04817213\n    8.42198285]\n [  6.19570057   0.54440195  -4.45456343   3.04817213   5.708981\n    8.28828561]\n [ 16.61728269   1.18058356 -11.68274084   8.42198285   8.28828561\n   21.66602809]]", "nfev": "182", "njev": "26", "status": "0", "success": "True", "message": "Optimization terminated successfully.", "x": "[0.99648067 4.73766063 2.33599979 1.85844439 5.45502452 5.02087705]", "nit": "22"}, "6": {"maxiter": 100, "gtol": 1e-10, "xrtol": 1e-10, "eps": 1e-05, "duration": 0.05286884307861328, "fun": "0.17852601845187854", "jac": "[ 4.86866103e-07  1.01469944e-06  1.76744175e-06  3.54748453e-06\n -3.05182546e-06  3.68760578e-07]", "hess_inv": "[[ 24.73992134   1.9529582  -14.69261338  12.73755124   8.50965745\n   25.38096323]\n [  1.9529582    3.53003283  -3.18312398   1.13223768   0.86697439\n    2.37515835]\n [-14.69261338  -3.18312398  13.76049626  -8.74327011  -5.88251973\n  -17.19411876]\n [ 12.73755124   1.13223768  -8.74327011   9.28422759   4.5119111\n   13.58573029]\n [  8.50965745   0.86697439  -5.88251973   4.5119111    5.67759056\n    9.86057139]\n [ 25.38096323   2.37515835 -17.19411876  13.58573029   9.86057139\n   29.5878211 ]]", "nfev": "313", "njev": "43", "status": "2", "success": "False", "message": "Desired error not necessarily achieved due to precision loss.", "x": "[0.99639113 4.73764857 2.33605333 1.85839533 5.454983   5.02077252]", "nit": "22"}, "7": {"maxiter": 100, "gtol": 1e-10, "xrtol": 1e-10, "eps": 1e-10, "duration": 0.057023048400878906, "fun": "0.1785260182260382", "jac": "[-1.11022293e-06  0.00000000e+00  0.00000000e+00  0.00000000e+00\n -1.11022293e-06  2.22044587e-06]", "hess_inv": "[[ 1.32156515 -0.11454443  0.66791467 -1.96941715 -0.67932439  0.02582829]\n [-0.11454443  0.28801586 -0.23670112 -0.25520791  0.20329872  0.04898517]\n [ 0.66791467 -0.23670112  0.50099408 -0.76341652 -0.43965593 -0.08510597]\n [-1.96941715 -0.25520791 -0.76341652  3.63766387  0.78300843 -0.05701032]\n [-0.67932439  0.20329872 -0.43965593  0.78300843  0.45348427  0.00847261]\n [ 0.02582829  0.04898517 -0.08510597 -0.05701032  0.00847261  0.11521886]]", "nfev": "336", "njev": "48", "status": "0", "success": "True", "message": "Optimization terminated successfully.", "x": "[0.99648961 4.73766074 2.3359877  1.85844312 5.4550274  5.02088714]", "nit": "30"}, "8": {"maxiter": 500, "gtol": 1e-05, "xrtol": 1e-05, "eps": 1e-05, "duration": 0.028486251831054688, "fun": "0.17852601845648508", "jac": "[ 7.46180895e-07  1.30938593e-06  2.17369456e-06  4.52695659e-06\n -3.98895361e-06  3.19111404e-07]", "hess_inv": "[[ 23.51982601   1.89962508 -14.38255017  11.48583088   8.68085684\n   24.23584717]\n [  1.89962508   3.5343218   -3.1568019    1.09636125   0.84135132\n    2.3031086 ]\n [-14.38255017  -3.1568019   13.80268651  -8.28578303  -6.05560989\n  -16.90791373]\n [ 11.48583088   1.09636125  -8.28578303   8.16388098   4.52304237\n   12.38857348]\n [  8.68085684   0.84135132  -6.05560989   4.52304237   5.86396449\n   10.10557847]\n [ 24.23584717   2.3031086  -16.90791373  12.38857348  10.10557847\n   28.60083079]]", "nfev": "168", "njev": "24", "status": "0", "success": "True", "message": "Optimization terminated successfully.", "x": "[0.99639539 4.737649   2.33605198 1.8583996  5.45498168 5.02077541]", "nit": "21"}, "9": {"maxiter": 500, "gtol": 1e-05, "xrtol": 1e-05, "eps": 1e-10, "duration": 0.028518199920654297, "fun": "0.1785260183258358", "jac": "[-4.44089173e-06 -2.22044587e-06  3.33066880e-06  7.77156053e-06\n -5.55111466e-06 -2.22044587e-06]", "hess_inv": "[[ 23.82166351   1.76903426 -14.46159995  11.5931916    8.81140701\n   24.49336818]\n [  1.76903426   3.47174966  -3.04408622   1.00993414   0.79469253\n    2.13611577]\n [-14.46159995  -3.04408622  13.76474391  -8.286825    -6.10439652\n  -16.95506264]\n [ 11.5931916    1.00993414  -8.286825     8.18985193   4.57224824\n   12.46161555]\n [  8.81140701   0.79469253  -6.10439652   4.57224824   5.95316727\n   10.26781056]\n [ 24.49336818   2.13611577 -16.95506264  12.46161555  10.26781056\n   28.85497278]]", "nfev": "168", "njev": "24", "status": "0", "success": "True", "message": "Optimization terminated successfully.", "x": "[0.99644584 4.73765432 2.33602626 1.85843221 5.45500289 5.02083255]", "nit": "21"}, "10": {"maxiter": 500, "gtol": 1e-05, "xrtol": 1e-10, "eps": 1e-05, "duration": 0.02854013442993164, "fun": "0.17852601845648508", "jac": "[ 7.46180895e-07  1.30938593e-06  2.17369456e-06  4.52695659e-06\n -3.98895361e-06  3.19111404e-07]", "hess_inv": "[[ 23.51982601   1.89962508 -14.38255017  11.48583088   8.68085684\n   24.23584717]\n [  1.89962508   3.5343218   -3.1568019    1.09636125   0.84135132\n    2.3031086 ]\n [-14.38255017  -3.1568019   13.80268651  -8.28578303  -6.05560989\n  -16.90791373]\n [ 11.48583088   1.09636125  -8.28578303   8.16388098   4.52304237\n   12.38857348]\n [  8.68085684   0.84135132  -6.05560989   4.52304237   5.86396449\n   10.10557847]\n [ 24.23584717   2.3031086  -16.90791373  12.38857348  10.10557847\n   28.60083079]]", "nfev": "168", "njev": "24", "status": "0", "success": "True", "message": "Optimization terminated successfully.", "x": "[0.99639539 4.737649   2.33605198 1.8583996  5.45498168 5.02077541]", "nit": "21"}, "11": {"maxiter": 500, "gtol": 1e-05, "xrtol": 1e-10, "eps": 1e-10, "duration": 0.0285031795501709, "fun": "0.1785260183258358", "jac": "[-4.44089173e-06 -2.22044587e-06  3.33066880e-06  7.77156053e-06\n -5.55111466e-06 -2.22044587e-06]", "hess_inv": "[[ 23.82166351   1.76903426 -14.46159995  11.5931916    8.81140701\n   24.49336818]\n [  1.76903426   3.47174966  -3.04408622   1.00993414   0.79469253\n    2.13611577]\n [-14.46159995  -3.04408622  13.76474391  -8.286825    -6.10439652\n  -16.95506264]\n [ 11.5931916    1.00993414  -8.286825     8.18985193   4.57224824\n   12.46161555]\n [  8.81140701   0.79469253  -6.10439652   4.57224824   5.95316727\n   10.26781056]\n [ 24.49336818   2.13611577 -16.95506264  12.46161555  10.26781056\n   28.85497278]]", "nfev": "168", "njev": "24", "status": "0", "success": "True", "message": "Optimization terminated successfully.", "x": "[0.99644584 4.73765432 2.33602626 1.85843221 5.45500289 5.02083255]", "nit": "21"}, "12": {"maxiter": 500, "gtol": 1e-10, "xrtol": 1e-05, "eps": 1e-05, "duration": 0.030887842178344727, "fun": "0.17852601845187854", "jac": "[ 4.86866103e-07  1.01469944e-06  1.76744175e-06  3.54748453e-06\n -3.05182546e-06  3.68760578e-07]", "hess_inv": "[[ 23.96157321   1.96028434 -14.41615686  12.05552285   8.41284018\n   24.51264662]\n [  1.96028434   3.53951485  -3.18251003   1.14957528   0.83049508\n    2.34566511]\n [-14.41615686  -3.18251003  13.66338637  -8.49734837  -5.86072227\n  -16.89839015]\n [ 12.05552285   1.14957528  -8.49734837   8.69908028   4.38433238\n   12.78180937]\n [  8.41284018   0.83049508  -5.86072227   4.38433238   5.81192607\n    9.9000205 ]\n [ 24.51264662   2.34566511 -16.89839015  12.78180937   9.9000205\n   28.76768094]]", "nfev": "182", "njev": "26", "status": "0", "success": "True", "message": "Optimization terminated successfully.", "x": "[0.99639113 4.73764857 2.33605333 1.85839533 5.454983   5.02077252]", "nit": "22"}, "13": {"maxiter": 500, "gtol": 1e-10, "xrtol": 1e-05, "eps": 1e-10, "duration": 0.03083491325378418, "fun": "0.17852601824320358", "jac": "[0.00000000e+00 3.33066880e-06 6.66133760e-06 3.33066880e-06\n 0.00000000e+00 1.11022293e-06]", "hess_inv": "[[ 15.85673802   0.70312269  -8.97955785   7.77907396   6.19570057\n   16.61728269]\n [  0.70312269   3.34528966  -2.33486555   0.45545351   0.54440195\n    1.18058356]\n [ -8.97955785  -2.33486555  10.02843702  -5.59521555  -4.45456343\n  -11.68274084]\n [  7.77907396   0.45545351  -5.59521555   6.48330699   3.04817213\n    8.42198285]\n [  6.19570057   0.54440195  -4.45456343   3.04817213   5.708981\n    8.28828561]\n [ 16.61728269   1.18058356 -11.68274084   8.42198285   8.28828561\n   21.66602809]]", "nfev": "182", "njev": "26", "status": "0", "success": "True", "message": "Optimization terminated successfully.", "x": "[0.99648067 4.73766063 2.33599979 1.85844439 5.45502452 5.02087705]", "nit": "22"}, "14": {"maxiter": 500, "gtol": 1e-10, "xrtol": 1e-10, "eps": 1e-05, "duration": 0.052910804748535156, "fun": "0.17852601845187854", "jac": "[ 4.86866103e-07  1.01469944e-06  1.76744175e-06  3.54748453e-06\n -3.05182546e-06  3.68760578e-07]", "hess_inv": "[[ 24.73992134   1.9529582  -14.69261338  12.73755124   8.50965745\n   25.38096323]\n [  1.9529582    3.53003283  -3.18312398   1.13223768   0.86697439\n    2.37515835]\n [-14.69261338  -3.18312398  13.76049626  -8.74327011  -5.88251973\n  -17.19411876]\n [ 12.73755124   1.13223768  -8.74327011   9.28422759   4.5119111\n   13.58573029]\n [  8.50965745   0.86697439  -5.88251973   4.5119111    5.67759056\n    9.86057139]\n [ 25.38096323   2.37515835 -17.19411876  13.58573029   9.86057139\n   29.5878211 ]]", "nfev": "313", "njev": "43", "status": "2", "success": "False", "message": "Desired error not necessarily achieved due to precision loss.", "x": "[0.99639113 4.73764857 2.33605333 1.85839533 5.454983   5.02077252]", "nit": "22"}, "15": {"maxiter": 500, "gtol": 1e-10, "xrtol": 1e-10, "eps": 1e-10, "duration": 0.05664515495300293, "fun": "0.1785260182260382", "jac": "[-1.11022293e-06  0.00000000e+00  0.00000000e+00  0.00000000e+00\n -1.11022293e-06  2.22044587e-06]", "hess_inv": "[[ 1.32156515 -0.11454443  0.66791467 -1.96941715 -0.67932439  0.02582829]\n [-0.11454443  0.28801586 -0.23670112 -0.25520791  0.20329872  0.04898517]\n [ 0.66791467 -0.23670112  0.50099408 -0.76341652 -0.43965593 -0.08510597]\n [-1.96941715 -0.25520791 -0.76341652  3.63766387  0.78300843 -0.05701032]\n [-0.67932439  0.20329872 -0.43965593  0.78300843  0.45348427  0.00847261]\n [ 0.02582829  0.04898517 -0.08510597 -0.05701032  0.00847261  0.11521886]]", "nfev": "336", "njev": "48", "status": "0", "success": "True", "message": "Optimization terminated successfully.", "x": "[0.99648961 4.73766074 2.3359877  1.85844312 5.4550274  5.02088714]", "nit": "30"}, "16": {"maxiter": 1000, "gtol": 1e-05, "xrtol": 1e-05, "eps": 1e-05, "duration": 0.028528213500976562, "fun": "0.17852601845648508", "jac": "[ 7.46180895e-07  1.30938593e-06  2.17369456e-06  4.52695659e-06\n -3.98895361e-06  3.19111404e-07]", "hess_inv": "[[ 23.51982601   1.89962508 -14.38255017  11.48583088   8.68085684\n   24.23584717]\n [  1.89962508   3.5343218   -3.1568019    1.09636125   0.84135132\n    2.3031086 ]\n [-14.38255017  -3.1568019   13.80268651  -8.28578303  -6.05560989\n  -16.90791373]\n [ 11.48583088   1.09636125  -8.28578303   8.16388098   4.52304237\n   12.38857348]\n [  8.68085684   0.84135132  -6.05560989   4.52304237   5.86396449\n   10.10557847]\n [ 24.23584717   2.3031086  -16.90791373  12.38857348  10.10557847\n   28.60083079]]", "nfev": "168", "njev": "24", "status": "0", "success": "True", "message": "Optimization terminated successfully.", "x": "[0.99639539 4.737649   2.33605198 1.8583996  5.45498168 5.02077541]", "nit": "21"}, "17": {"maxiter": 1000, "gtol": 1e-05, "xrtol": 1e-05, "eps": 1e-10, "duration": 0.028427839279174805, "fun": "0.1785260183258358", "jac": "[-4.44089173e-06 -2.22044587e-06  3.33066880e-06  7.77156053e-06\n -5.55111466e-06 -2.22044587e-06]", "hess_inv": "[[ 23.82166351   1.76903426 -14.46159995  11.5931916    8.81140701\n   24.49336818]\n [  1.76903426   3.47174966  -3.04408622   1.00993414   0.79469253\n    2.13611577]\n [-14.46159995  -3.04408622  13.76474391  -8.286825    -6.10439652\n  -16.95506264]\n [ 11.5931916    1.00993414  -8.286825     8.18985193   4.57224824\n   12.46161555]\n [  8.81140701   0.79469253  -6.10439652   4.57224824   5.95316727\n   10.26781056]\n [ 24.49336818   2.13611577 -16.95506264  12.46161555  10.26781056\n   28.85497278]]", "nfev": "168", "njev": "24", "status": "0", "success": "True", "message": "Optimization terminated successfully.", "x": "[0.99644584 4.73765432 2.33602626 1.85843221 5.45500289 5.02083255]", "nit": "21"}, "18": {"maxiter": 1000, "gtol": 1e-05, "xrtol": 1e-10, "eps": 1e-05, "duration": 0.0284881591796875, "fun": "0.17852601845648508", "jac": "[ 7.46180895e-07  1.30938593e-06  2.17369456e-06  4.52695659e-06\n -3.98895361e-06  3.19111404e-07]", "hess_inv": "[[ 23.51982601   1.89962508 -14.38255017  11.48583088   8.68085684\n   24.23584717]\n [  1.89962508   3.5343218   -3.1568019    1.09636125   0.84135132\n    2.3031086 ]\n [-14.38255017  -3.1568019   13.80268651  -8.28578303  -6.05560989\n  -16.90791373]\n [ 11.48583088   1.09636125  -8.28578303   8.16388098   4.52304237\n   12.38857348]\n [  8.68085684   0.84135132  -6.05560989   4.52304237   5.86396449\n   10.10557847]\n [ 24.23584717   2.3031086  -16.90791373  12.38857348  10.10557847\n   28.60083079]]", "nfev": "168", "njev": "24", "status": "0", "success": "True", "message": "Optimization terminated successfully.", "x": "[0.99639539 4.737649   2.33605198 1.8583996  5.45498168 5.02077541]", "nit": "21"}, "19": {"maxiter": 1000, "gtol": 1e-05, "xrtol": 1e-10, "eps": 1e-10, "duration": 0.028603792190551758, "fun": "0.1785260183258358", "jac": "[-4.44089173e-06 -2.22044587e-06  3.33066880e-06  7.77156053e-06\n -5.55111466e-06 -2.22044587e-06]", "hess_inv": "[[ 23.82166351   1.76903426 -14.46159995  11.5931916    8.81140701\n   24.49336818]\n [  1.76903426   3.47174966  -3.04408622   1.00993414   0.79469253\n    2.13611577]\n [-14.46159995  -3.04408622  13.76474391  -8.286825    -6.10439652\n  -16.95506264]\n [ 11.5931916    1.00993414  -8.286825     8.18985193   4.57224824\n   12.46161555]\n [  8.81140701   0.79469253  -6.10439652   4.57224824   5.95316727\n   10.26781056]\n [ 24.49336818   2.13611577 -16.95506264  12.46161555  10.26781056\n   28.85497278]]", "nfev": "168", "njev": "24", "status": "0", "success": "True", "message": "Optimization terminated successfully.", "x": "[0.99644584 4.73765432 2.33602626 1.85843221 5.45500289 5.02083255]", "nit": "21"}, "20": {"maxiter": 1000, "gtol": 1e-10, "xrtol": 1e-05, "eps": 1e-05, "duration": 0.030981779098510742, "fun": "0.17852601845187854", "jac": "[ 4.86866103e-07  1.01469944e-06  1.76744175e-06  3.54748453e-06\n -3.05182546e-06  3.68760578e-07]", "hess_inv": "[[ 23.96157321   1.96028434 -14.41615686  12.05552285   8.41284018\n   24.51264662]\n [  1.96028434   3.53951485  -3.18251003   1.14957528   0.83049508\n    2.34566511]\n [-14.41615686  -3.18251003  13.66338637  -8.49734837  -5.86072227\n  -16.89839015]\n [ 12.05552285   1.14957528  -8.49734837   8.69908028   4.38433238\n   12.78180937]\n [  8.41284018   0.83049508  -5.86072227   4.38433238   5.81192607\n    9.9000205 ]\n [ 24.51264662   2.34566511 -16.89839015  12.78180937   9.9000205\n   28.76768094]]", "nfev": "182", "njev": "26", "status": "0", "success": "True", "message": "Optimization terminated successfully.", "x": "[0.99639113 4.73764857 2.33605333 1.85839533 5.454983   5.02077252]", "nit": "22"}, "21": {"maxiter": 1000, "gtol": 1e-10, "xrtol": 1e-05, "eps": 1e-10, "duration": 0.03101205825805664, "fun": "0.17852601824320358", "jac": "[0.00000000e+00 3.33066880e-06 6.66133760e-06 3.33066880e-06\n 0.00000000e+00 1.11022293e-06]", "hess_inv": "[[ 15.85673802   0.70312269  -8.97955785   7.77907396   6.19570057\n   16.61728269]\n [  0.70312269   3.34528966  -2.33486555   0.45545351   0.54440195\n    1.18058356]\n [ -8.97955785  -2.33486555  10.02843702  -5.59521555  -4.45456343\n  -11.68274084]\n [  7.77907396   0.45545351  -5.59521555   6.48330699   3.04817213\n    8.42198285]\n [  6.19570057   0.54440195  -4.45456343   3.04817213   5.708981\n    8.28828561]\n [ 16.61728269   1.18058356 -11.68274084   8.42198285   8.28828561\n   21.66602809]]", "nfev": "182", "njev": "26", "status": "0", "success": "True", "message": "Optimization terminated successfully.", "x": "[0.99648067 4.73766063 2.33599979 1.85844439 5.45502452 5.02087705]", "nit": "22"}, "22": {"maxiter": 1000, "gtol": 1e-10, "xrtol": 1e-10, "eps": 1e-05, "duration": 0.05302238464355469, "fun": "0.17852601845187854", "jac": "[ 4.86866103e-07  1.01469944e-06  1.76744175e-06  3.54748453e-06\n -3.05182546e-06  3.68760578e-07]", "hess_inv": "[[ 24.73992134   1.9529582  -14.69261338  12.73755124   8.50965745\n   25.38096323]\n [  1.9529582    3.53003283  -3.18312398   1.13223768   0.86697439\n    2.37515835]\n [-14.69261338  -3.18312398  13.76049626  -8.74327011  -5.88251973\n  -17.19411876]\n [ 12.73755124   1.13223768  -8.74327011   9.28422759   4.5119111\n   13.58573029]\n [  8.50965745   0.86697439  -5.88251973   4.5119111    5.67759056\n    9.86057139]\n [ 25.38096323   2.37515835 -17.19411876  13.58573029   9.86057139\n   29.5878211 ]]", "nfev": "313", "njev": "43", "status": "2", "success": "False", "message": "Desired error not necessarily achieved due to precision loss.", "x": "[0.99639113 4.73764857 2.33605333 1.85839533 5.454983   5.02077252]", "nit": "22"}, "23": {"maxiter": 1000, "gtol": 1e-10, "xrtol": 1e-10, "eps": 1e-10, "duration": 0.0567479133605957, "fun": "0.1785260182260382", "jac": "[-1.11022293e-06  0.00000000e+00  0.00000000e+00  0.00000000e+00\n -1.11022293e-06  2.22044587e-06]", "hess_inv": "[[ 1.32156515 -0.11454443  0.66791467 -1.96941715 -0.67932439  0.02582829]\n [-0.11454443  0.28801586 -0.23670112 -0.25520791  0.20329872  0.04898517]\n [ 0.66791467 -0.23670112  0.50099408 -0.76341652 -0.43965593 -0.08510597]\n [-1.96941715 -0.25520791 -0.76341652  3.63766387  0.78300843 -0.05701032]\n [-0.67932439  0.20329872 -0.43965593  0.78300843  0.45348427  0.00847261]\n [ 0.02582829  0.04898517 -0.08510597 -0.05701032  0.00847261  0.11521886]]", "nfev": "336", "njev": "48", "status": "0", "success": "True", "message": "Optimization terminated successfully.", "x": "[0.99648961 4.73766074 2.3359877  1.85844312 5.4550274  5.02088714]", "nit": "30"}}, "cobyla": {"0": {"maxiter": 100, "tol": 1e-05, "catol": 1e-05, "duration": 0.016195058822631836, "x": "[1.6779726  4.62880628 1.9059427  4.16377999 2.73618143 2.75122027]", "status": "2", "success": "False", "message": "Maximum number of function evaluations has been exceeded.", "nfev": "100", "fun": "0.18959730068111458", "maxcv": "0.0"}, "1": {"maxiter": 100, "tol": 1e-05, "catol": 1e-10, "duration": 0.01618194580078125, "x": "[1.6779726  4.62880628 1.9059427  4.16377999 2.73618143 2.75122027]", "status": "2", "success": "False", "message": "Maximum number of function evaluations has been exceeded.", "nfev": "100", "fun": "0.18959730068111458", "maxcv": "0.0"}, "2": {"maxiter": 100, "tol": 1e-10, "catol": 1e-05, "duration": 0.01620793342590332, "x": "[1.6779726  4.62880628 1.9059427  4.16377999 2.73618143 2.75122027]", "status": "2", "success": "False", "message": "Maximum number of function evaluations has been exceeded.", "nfev": "100", "fun": "0.18959730068111458", "maxcv": "0.0"}, "3": {"maxiter": 100, "tol": 1e-10, "catol": 1e-10, "duration": 0.016156911849975586, "x": "[1.6779726  4.62880628 1.9059427  4.16377999 2.73618143 2.75122027]", "status": "2", "success": "False", "message": "Maximum number of function evaluations has been exceeded.", "nfev": "100", "fun": "0.18959730068111458", "maxcv": "0.0"}, "4": {"maxiter": 500, "tol": 1e-05, "catol": 1e-05, "duration": 0.08038902282714844, "x": "[1.02172871 4.74005619 2.31856793 4.41013239 2.32372336 1.90807348]", "status": "2", "success": "False", "message": "Maximum number of function evaluations has been exceeded.", "nfev": "500", "fun": "0.17854245102910893", "maxcv": "0.0"}, "5": {"maxiter": 500, "tol": 1e-05, "catol": 1e-10, "duration": 0.08062314987182617, "x": "[1.02172871 4.74005619 2.31856793 4.41013239 2.32372336 1.90807348]", "status": "2", "success": "False", "message": "Maximum number of function evaluations has been exceeded.", "nfev": "500", "fun": "0.17854245102910893", "maxcv": "0.0"}, "6": {"maxiter": 500, "tol": 1e-10, "catol": 1e-05, "duration": 0.08032107353210449, "x": "[1.02172871 4.74005619 2.31856793 4.41013239 2.32372336 1.90807348]", "status": "2", "success": "False", "message": "Maximum number of function evaluations has been exceeded.", "nfev": "500", "fun": "0.17854245102910893", "maxcv": "0.0"}, "7": {"maxiter": 500, "tol": 1e-10, "catol": 1e-10, "duration": 0.08057379722595215, "x": "[1.02172871 4.74005619 2.31856793 4.41013239 2.32372336 1.90807348]", "status": "2", "success": "False", "message": "Maximum number of function evaluations has been exceeded.", "nfev": "500", "fun": "0.17854245102910893", "maxcv": "0.0"}, "8": {"maxiter": 1000, "tol": 1e-05, "catol": 1e-05, "duration": 0.16112995147705078, "x": "[0.99685684 4.73770772 2.33