{"date": "2024/07/19/, 16:06:52", "conf_id": 237, "data_type": "non_lin_ind\n", "num_data_points": 4, "s_rank": 0, "unitary": "[[0.18663085-0.53122324j,-0.11886349-0.70040876j,0.28555095-0.02789305j,-0.12262021-0.2844587j],[-0.16702216+0.27758472j,0.27526351-0.29738586j,-0.01109314+0.22495461j,-0.77239203+0.28900673j],[0.61935415+0.12301792j,-0.31269928-0.03315917j,-0.61902762-0.19039079j,-0.27120731-0.0968989j],[0.42341754+0.0023929j,-0.05847358+0.47832119j,0.64900495-0.16218422j,-0.37182676-0.05229966j]]", "databatch_0": {"databatch": "[[[0.05549043-0.17813015j,-0.2875682-0.06041903j,0.11612917+0.06470235j,0.35600718+0.26497363j],[-0.12556161+0.11539024j,0.13390889+0.01134711j,-0.30283236+0.10606759j,-0.00627944+0.27016503j],[-0.01386999+0.39821681j,0.02007182+0.17697593j,-0.07131376-0.13831371j,0.2695505+0.16011231j],[-0.14037437+0.15751152j,0.1082917-0.06887416j,0.0260964-0.17252886j,0.16123444-0.10325319j]],[[-0.00618225+0.13557455j,-0.45535913-0.31197373j,0.08609389+0.25218467j,-0.0440322+0.15346425j],[0.10033986-0.25116701j,-0.053462-0.16473405j,0.10375669-0.15406269j,-0.07091647-0.13407263j],[0.17223668+0.10881038j,-0.06961757+0.14497883j,-0.00924274-0.29491619j,0.16402338+0.28371357j],[0.19512281-0.05412857j,0.01141491+0.11818911j,0.09822378-0.00549205j,0.24528195+0.18159517j]],[[-0.2378576-0.05760151j,-0.05179123+0.01772383j,0.02765776-0.30459172j,0.08818825+0.02682612j],[0.06506477+0.09502254j,0.16128357+0.11197832j,0.15140819-0.16548188j,0.27417907+0.02097349j],[-0.32308955+0.21487503j,0.15896679+0.22965097j,-0.05288158-0.18482839j,-0.31944915-0.21281561j],[0.14940992+0.14934791j,0.14185897+0.01527772j,-0.18976076-0.09877991j,0.28743031-0.2260571j]],[[-0.13113559-0.14322244j,-0.0383899-0.00929136j,0.02651438+0.01658642j,-0.11024035+0.24693815j],[-0.0536686-0.06824305j,0.13316355-0.11584957j,-0.10750365+0.08574365j,0.34925343-0.25126407j],[0.09534891-0.37741847j,0.15055719-0.0236168j,-0.00548679+0.16350102j,-0.02477558+0.19181714j],[-0.31852975+0.10046967j,-0.1853535+0.063239j,0.40870729-0.0271964j,0.16733668+0.24348411j]]]", "initial param values": "[2.08027068,4.07211803,3.40016715,6.19248897,5.66311956,4.94611866]", "nelder_mead": {"type": "gradient-free", "0": {"maxiter": 100, "fatol": 1e-05, "xatol": 1e-05, "duration": 0.02660083770751953, "fun": "0.5962851669096605", "nit": "100", "nfev": "155", "status": "2", "success": "False", "message": "Maximum number of iterations has been exceeded.", "x": "[2.79430355 2.605382   4.52758184 4.63806171 3.23676921 5.63520487]", "final_simplex": "(array([[2.79430355, 2.605382  , 4.52758184, 4.63806171, 3.23676921,\n        5.63520487],\n       [2.8079551 , 2.47933869, 4.58300823, 4.60436712, 3.30358713,\n        5.72564207],\n       [2.86996877, 2.38819326, 4.58414823, 4.49364938, 3.20338019,\n        5.77741023],\n       [2.77847705, 2.52051649, 4.6624228 , 4.59445764, 3.19527303,\n        5.67623194],\n       [2.82346797, 2.49133637, 4.52261251, 4.63495292, 3.1881452 ,\n        5.83898192],\n       [2.79023958, 2.43287884, 4.56679276, 4.67520064, 3.25285886,\n        5.80821197],\n       [2.79938703, 2.57565318, 4.61380592, 4.54308061, 3.24959075,\n        5.74343498]]), array([0.59628517, 0.60175183, 0.6023629 , 0.60251248, 0.60294958,\n       0.60383129, 0.60724227]))"}, "1": {"maxiter": 100, "fatol": 1e-05, "xatol": 1e-10, "duration": 0.026523828506469727, "fun": "0.5962851669096605", "nit": "100", "nfev": "155", "status": "2", "success": "False", "message": "Maximum number of iterations has been exceeded.", "x": "[2.79430355 2.605382   4.52758184 4.63806171 3.23676921 5.63520487]", "final_simplex": "(array([[2.79430355, 2.605382  , 4.52758184, 4.63806171, 3.23676921,\n        5.63520487],\n       [2.8079551 , 2.47933869, 4.58300823, 4.60436712, 3.30358713,\n        5.72564207],\n       [2.86996877, 2.38819326, 4.58414823, 4.49364938, 3.20338019,\n        5.77741023],\n       [2.77847705, 2.52051649, 4.6624228 , 4.59445764, 3.19527303,\n        5.67623194],\n       [2.82346797, 2.49133637, 4.52261251, 4.63495292, 3.1881452 ,\n        5.83898192],\n       [2.79023958, 2.43287884, 4.56679276, 4.67520064, 3.25285886,\n        5.80821197],\n       [2.79938703, 2.57565318, 4.61380592, 4.54308061, 3.24959075,\n        5.74343498]]), array([0.59628517, 0.60175183, 0.6023629 , 0.60251248, 0.60294958,\n       0.60383129, 0.60724227]))"}, "2": {"maxiter": 100, "fatol": 1e-10, "xatol": 1e-05, "duration": 0.02657008171081543, "fun": "0.5962851669096605", "nit": "100", "nfev": "155", "status": "2", "success": "False", "message": "Maximum number of iterations has been exceeded.", "x": "[2.79430355 2.605382   4.52758184 4.63806171 3.23676921 5.63520487]", "final_simplex": "(array([[2.79430355, 2.605382  , 4.52758184, 4.63806171, 3.23676921,\n        5.63520487],\n       [2.8079551 , 2.47933869, 4.58300823, 4.60436712, 3.30358713,\n        5.72564207],\n       [2.86996877, 2.38819326, 4.58414823, 4.49364938, 3.20338019,\n        5.77741023],\n       [2.77847705, 2.52051649, 4.6624228 , 4.59445764, 3.19527303,\n        5.67623194],\n       [2.82346797, 2.49133637, 4.52261251, 4.63495292, 3.1881452 ,\n        5.83898192],\n       [2.79023958, 2.43287884, 4.56679276, 4.67520064, 3.25285886,\n        5.80821197],\n       [2.79938703, 2.57565318, 4.61380592, 4.54308061, 3.24959075,\n        5.74343498]]), array([0.59628517, 0.60175183, 0.6023629 , 0.60251248, 0.60294958,\n       0.60383129, 0.60724227]))"}, "3": {"maxiter": 100, "fatol": 1e-10, "xatol": 1e-10, "duration": 0.026459932327270508, "fun": "0.5962851669096605", "nit": "100", "nfev": "155", "status": "2", "success": "False", "message": "Maximum number of iterations has been exceeded.", "x": "[2.79430355 2.605382   4.52758184 4.63806171 3.23676921 5.63520487]", "final_simplex": "(array([[2.79430355, 2.605382  , 4.52758184, 4.63806171, 3.23676921,\n        5.63520487],\n       [2.8079551 , 2.47933869, 4.58300823, 4.60436712, 3.30358713,\n        5.72564207],\n       [2.86996877, 2.38819326, 4.58414823, 4.49364938, 3.20338019,\n        5.77741023],\n       [2.77847705, 2.52051649, 4.6624228 , 4.59445764, 3.19527303,\n        5.67623194],\n       [2.82346797, 2.49133637, 4.52261251, 4.63495292, 3.1881452 ,\n        5.83898192],\n       [2.79023958, 2.43287884, 4.56679276, 4.67520064, 3.25285886,\n        5.80821197],\n       [2.79938703, 2.57565318, 4.61380592, 4.54308061, 3.24959075,\n        5.74343498]]), array([0.59628517, 0.60175183, 0.6023629 , 0.60251248, 0.60294958,\n       0.60383129, 0.60724227]))"}, "4": {"maxiter": 500, "fatol": 1e-05, "xatol": 1e-05, "duration": 0.1341109275817871, "fun": "0.31848183876913105", "nit": "500", "nfev": "781", "status": "2", "success": "False", "message": "Maximum number of iterations has been exceeded.", "x": "[1.41818845 0.80115286 3.16831319 3.86732255 3.4349081  5.58007097]", "final_simplex": "(array([[1.41818845, 0.80115286, 3.16831319, 3.86732255, 3.4349081 ,\n        5.58007097],\n       [1.41818588, 0.80115329, 3.16831204, 3.86732261, 3.43490987,\n        5.58007154],\n       [1.41818391, 0.8011534 , 3.16831394, 3.86732027, 3.43490977,\n        5.58007502],\n       [1.41818537, 0.80115369, 3.16831627, 3.86732225, 3.43490747,\n        5.58007208],\n       [1.41818132, 0.80115295, 3.16831669, 3.86732391, 3.43491816,\n        5.58008541],\n       [1.41818724, 0.80115347, 3.16831089, 3.86732344, 3.43490186,\n        5.58006883],\n       [1.41818532, 0.80114705, 3.16831376, 3.86732065, 3.43490839,\n        5.58007462]]), array([0.31848184, 0.31848184, 0.31848184, 0.31848184, 0.31848184,\n       0.31848184, 0.31848184]))"}, "5": {"maxiter": 500, "fatol": 1e-05, "xatol": 1e-10, "duration": 0.1342639923095703, "fun": "0.31848183876913105", "nit": "500", "nfev": "781", "status": "2", "success": "False", "message": "Maximum number of iterations has been exceeded.", "x": "[1.41818845 0.80115286 3.16831319 3.86732255 3.4349081  5.58007097]", "final_simplex": "(array([[1.41818845, 0.80115286, 3.16831319, 3.86732255, 3.4349081 ,\n        5.58007097],\n       [1.41818588, 0.80115329, 3.16831204, 3.86732261, 3.43490987,\n        5.58007154],\n       [1.41818391, 0.8011534 , 3.16831394, 3.86732027, 3.43490977,\n        5.58007502],\n       [1.41818537, 0.80115369, 3.16831627, 3.86732225, 3.43490747,\n        5.58007208],\n       [1.41818132, 0.80115295, 3.16831669, 3.86732391, 3.43491816,\n        5.58008541],\n       [1.41818724, 0.80115347, 3.16831089, 3.86732344, 3.43490186,\n        5.58006883],\n       [1.41818532, 0.80114705, 3.16831376, 3.86732065, 3.43490839,\n        5.58007462]]), array([0.31848184, 0.31848184, 0.31848184, 0.31848184, 0.31848184,\n       0.31848184, 0.31848184]))"}, "6": {"maxiter": 500, "fatol": 1e-10, "xatol": 1e-05, "duration": 0.13410210609436035, "fun": "0.31848183876913105", "nit": "500", "nfev": "781", "status": "2", "success": "False", "message": "Maximum number of iterations has been exceeded.", "x": "[1.41818845 0.80115286 3.16831319 3.86732255 3.4349081  5.58007097]", "final_simplex": "(array([[1.41818845, 0.80115286, 3.16831319, 3.86732255, 3.4349081 ,\n        5.58007097],\n       [1.41818588, 0.80115329, 3.16831204, 3.86732261, 3.43490987,\n        5.58007154],\n       [1.41818391, 0.8011534 , 3.16831394, 3.86732027, 3.43490977,\n        5.58007502],\n       [1.41818537, 0.80115369, 3.16831627, 3.86732225, 3.43490747,\n        5.58007208],\n       [1.41818132, 0.80115295, 3.16831669, 3.86732391, 3.43491816,\n        5.58008541],\n       [1.41818724, 0.80115347, 3.16831089, 3.86732344, 3.43490186,\n        5.58006883],\n       [1.41818532, 0.80114705, 3.16831376, 3.86732065, 3.43490839,\n        5.58007462]]), array([0.31848184, 0.31848184, 0.31848184, 0.31848184, 0.31848184,\n       0.31848184, 0.31848184]))"}, "7": {"maxiter": 500, "fatol": 1e-10, "xatol": 1e-10, "duration": 0.1337881088256836, "fun": "0.31848183876913105", "nit": "500", "nfev": "781", "status": "2", "success": "False", "message": "Maximum number of iterations has been exceeded.", "x": "[1.41818845 0.80115286 3.16831319 3.86732255 3.4349081  5.58007097]", "final_simplex": "(array([[1.41818845, 0.80115286, 3.16831319, 3.86732255, 3.4349081 ,\n        5.58007097],\n       [1.41818588, 0.80115329, 3.16831204, 3.86732261, 3.43490987,\n        5.58007154],\n       [1.41818391, 0.8011534 , 3.16831394, 3.86732027, 3.43490977,\n        5.58007502],\n       [1.41818537, 0.80115369, 3.16831627, 3.86732225, 3.43490747,\n        5.58007208],\n       [1.41818132, 0.80115295, 3.16831669, 3.86732391, 3.43491816,\n        5.58008541],\n       [1.41818724, 0.80115347, 3.16831089, 3.86732344, 3.43490186,\n        5.58006883],\n       [1.41818532, 0.80114705, 3.16831376, 3.86732065, 3.43490839,\n        5.58007462]]), array([0.31848184, 0.31848184, 0.31848184, 0.31848184, 0.31848184,\n       0.31848184, 0.31848184]))"}, "8": {"maxiter": 1000, "fatol": 1e-05, "xatol": 1e-05, "duration": 0.13373422622680664, "fun": "0.31848183876820435", "nit": "503", "nfev": "787", "status": "0", "success": "True", "message": "Optimization terminated successfully.", "x": "[1.41818358 0.80115285 3.16831516 3.86732296 3.43491326 5.58007902]", "final_simplex": "(array([[1.41818358, 0.80115285, 3.16831516, 3.86732296, 3.43491326,\n        5.58007902],\n       [1.41818845, 0.80115286, 3.16831319, 3.86732255, 3.4349081 ,\n        5.58007097],\n       [1.41818614, 0.8011531 , 3.16831261, 3.86732282, 3.43490611,\n        5.58007186],\n       [1.41818534, 0.80115016, 3.1683138 , 3.86732158, 3.4349088 ,\n        5.5800743 ],\n       [1.41818588, 0.80115329, 3.16831204, 3.86732261, 3.43490987,\n        5.58007154],\n       [1.41818391, 0.8011534 , 3.16831394, 3.86732027, 3.43490977,\n        5.58007502],\n       [1.41818537, 0.80115369, 3.16831627, 3.86732225, 3.43490747,\n        5.58007208]]), array([0.31848184, 0.31848184, 0.31848184, 0.31848184, 0.31848184,\n       0.31848184, 0.31848184]))"}, "9": {"maxiter": 1000, "fatol": 1e-05, "xatol": 1e-10, "duration": 0.17049217224121094, "fun": "0.3184818387657079", "nit": "611", "nfev": "1012", "status": "0", "success": "True", "message": "Optimization terminated successfully.", "x": "[1.41818713 0.80115352 3.16831227 3.86732379 3.43491282 5.58007814]", "final_simplex": "(array([[1.41818713, 0.80115352, 3.16831227, 3.86732379, 3.43491282,\n        5.58007814],\n       [1.41818713, 0.80115352, 3.16831227, 3.86732379, 3.43491282,\n        5.58007814],\n       [1.41818713, 0.80115352, 3.16831227, 3.86732379, 3.43491282,\n        5.58007814],\n       [1.41818713, 0.80115352, 3.16831227, 3.86732379, 3.43491282,\n        5.58007814],\n       [1.41818713, 0.80115352, 3.16831227, 3.86732379, 3.43491282,\n        5.58007814],\n       [1.41818713, 0.80115352, 3.16831227, 3.86732379, 3.43491282,\n        5.58007814],\n       [1.41818713, 0.80115352, 3.16831227, 3.86732379, 3.43491282,\n        5.58007814]]), array([0.31848184, 0.31848184, 0.31848184, 0.31848184, 0.31848184,\n       0.31848184, 0.31848184]))"}, "10": {"maxiter": 1000, "fatol": 1e-10, "xatol": 1e-05, "duration": 0.13306617736816406, "fun": "0.31848183876820435", "nit": "503", "nfev": "787", "status": "0", "success": "True", "message": "Optimization terminated successfully.", "x": "[1.41818358 0.80115285 3.16831516 3.86732296 3.43491326 5.58007902]", "final_simplex": "(array([[1.41818358, 0.80115285, 3.16831516, 3.86732296, 3.43491326,\n        5.58007902],\n       [1.41818845, 0.80115286, 3.16831319, 3.86732255, 3.4349081 ,\n        5.58007097],\n       [1.41818614, 0.8011531 , 3.16831261, 3.86732282, 3.43490611,\n        5.58007186],\n       [1.41818534, 0.80115016, 3.1683138 , 3.86732158, 3.4349088 ,\n        5.5800743 ],\n       [1.41818588, 0.80115329, 3.16831204, 3.86732261, 3.43490987,\n        5.58007154],\n       [1.41818391, 0.8011534 , 3.16831394, 3.86732027, 3.43490977,\n        5.58007502],\n       [1.41818537, 0.80115369, 3.16831627, 3.86732225, 3.43490747,\n        5.58007208]]), array([0.31848184, 0.31848184, 0.31848184, 0.31848184, 0.31848184,\n       0.31848184, 0.31848184]))"}, "11": {"maxiter": 1000, "fatol": 1e-10, "xatol": 1e-10, "duration": 0.1707921028137207, "fun": "0.3184818387657079", "nit": "611", "nfev": "1012", "status": "0", "success": "True", "message": "Optimization terminated successfully.", "x": "[1.41818713 0.80115352 3.16831227 3.86732379 3.43491282 5.58007814]", "final_simplex": "(array([[1.41818713, 0.80115352, 3.16831227, 3.86732379, 3.43491282,\n        5.58007814],\n       [1.41818713, 0.80115352, 3.16831227, 3.86732379, 3.43491282,\n        5.58007814],\n       [1.41818713, 0.80115352, 3.16831227, 3.86732379, 3.43491282,\n        5.58007814],\n       [1.41818713, 0.80115352, 3.16831227, 3.86732379, 3.43491282,\n        5.58007814],\n       [1.41818713, 0.80115352, 3.16831227, 3.86732379, 3.43491282,\n        5.58007814],\n       [1.41818713, 0.80115352, 3.16831227, 3.86732379, 3.43491282,\n        5.58007814],\n       [1.41818713, 0.80115352, 3.16831227, 3.86732379, 3.43491282,\n        5.58007814]]), array([0.31848184, 0.31848184, 0.31848184, 0.31848184, 0.31848184,\n       0.31848184, 0.31848184]))"}}, "bfgs": {"type": "gradient", "0": {"maxiter": 100, "gtol": 1e-05, "xrtol": 1e-05, "eps": 1e-05, "duration": 0.04386401176452637, "fun": "0.31848183894174764", "jac": "[-1.02406972e-06 -2.07410755e-06  2.72349920e-06  5.49880141e-06\n  2.46012100e-06 -3.61565222e-06]", "hess_inv": "[[ 3.90146551 -0.39600123  0.5797051  -0.78534539  1.3931716   1.6616144 ]\n [-0.39600123  3.5002191  -0.93045641  0.89681426 -0.04402817 -0.49017008]\n [ 0.5797051  -0.93045641  3.68261109 -1.08029456  1.10103714  1.5006515 ]\n [-0.78534539  0.89681426 -1.08029456  3.21369891 -0.2789039  -0.3074334 ]\n [ 1.3931716  -0.04402817  1.10103714 -0.2789039   8.29646488  7.22306385]\n [ 1.6616144  -0.49017008  1.5006515  -0.3074334   7.22306385  9.57751465]]", "nfev": "252", "njev": "36", "status": "0", "success": "True", "message": "Optimization terminated successfully.", "x": "[4.86497812 3.94273886 6.30990032 3.86733856 3.4348779  5.58002863]", "nit": "27"}, "1": {"maxiter": 100, "gtol": 1e-05, "xrtol": 1e-05, "eps": 1e-10, "duration": 0.044046878814697266, "fun": "0.31848183886409853", "jac": "[ 1.11022293e-06 -1.11022293e-06  3.33066880e-06  4.44089173e-06\n  1.11022293e-06 -5.55111466e-06]", "hess_inv": "[[ 4.00022554 -0.39421833  0.55521715 -0.92498753  1.38244629  1.69220283]\n [-0.39421833  3.50462432 -0.92174706  0.87759058  0.0460505  -0.4092982 ]\n [ 0.55521715 -0.92174706  3.63493406 -1.08540361  1.12899184  1.58240018]\n [-0.92498753  0.87759058 -1.08540361  3.35968282 -0.26672544 -0.29628436]\n [ 1.38244629  0.0460505   1.12899184 -0.26672544  8.49055174  7.39377076]\n [ 1.69220283 -0.4092982   1.58240018 -0.29628436  7.39377076  9.64009318]]", "nfev": "252", "njev": "36", "status": "0", "success": "True", "message": "Optimization terminated successfully.", "x": "[4.86499836 3.94274175 6.30991054 3.86733527 3.43489504 5.58004805]", "nit": "27"}, "2": {"maxiter": 100, "gtol": 1e-05, "xrtol": 1e-10, "eps": 1e-05, "duration": 0.04360485076904297, "fun": "0.31848183894174764", "jac": "[-1.02406972e-06 -2.07410755e-06  2.72349920e-06  5.49880141e-06\n  2.46012100e-06 -3.61565222e-06]", "hess_inv": "[[ 3.90146551 -0.39600123  0.5797051  -0.78534539  1.3931716   1.6616144 ]\n [-0.39600123  3.5002191  -0.93045641  0.89681426 -0.04402817 -0.49017008]\n [ 0.5797051  -0.93045641  3.68261109 -1.08029456  1.10103714  1.5006515 ]\n [-0.78534539  0.89681426 -1.08029456  3.21369891 -0.2789039  -0.3074334 ]\n [ 1.3931716  -0.04402817  1.10103714 -0.2789039   8.29646488  7.22306385]\n [ 1.6616144  -0.49017008  1.5006515  -0.3074334   7.22306385  9.57751465]]", "nfev": "252", "njev": "36", "status": "0", "success": "True", "message": "Optimization terminated successfully.", "x": "[4.86497812 3.94273886 6.30990032 3.86733856 3.4348779  5.58002863]", "nit": "27"}, "3": {"maxiter": 100, "gtol": 1e-05, "xrtol": 1e-10, "eps": 1e-10, "duration": 0.04369091987609863, "fun": "0.31848183886409853", "jac": "[ 1.11022293e-06 -1.11022293e-06  3.33066880e-06  4.44089173e-06\n  1.11022293e-06 -5.55111466e-06]", "hess_inv": "[[ 4.00022554 -0.39421833  0.55521715 -0.92498753  1.38244629  1.69220283]\n [-0.39421833  3.50462432 -0.92174706  0.87759058  0.0460505  -0.4092982 ]\n [ 0.55521715 -0.92174706  3.63493406 -1.08540361  1.12899184  1.58240018]\n [-0.92498753  0.87759058 -1.08540361  3.35968282 -0.26672544 -0.29628436]\n [ 1.38244629  0.0460505   1.12899184 -0.26672544  8.49055174  7.39377076]\n [ 1.69220283 -0.4092982   1.58240018 -0.29628436  7.39377076  9.64009318]]", "nfev": "252", "njev": "36", "status": "0", "success": "True", "message": "Optimization terminated successfully.", "x": "[4.86499836 3.94274175 6.30991054 3.86733527 3.43489504 5.58004805]", "nit": "27"}, "4": {"maxiter": 100, "gtol": 1e-10, "xrtol": 1e-05, "eps": 1e-05, "duration": 0.04487490653991699, "fun": "0.31848183884053805", "jac": "[-5.03708186e-08 -5.18307619e-07  3.97570865e-08  6.25255403e-07\n  1.11921583e-07 -3.67073039e-07]", "hess_inv": "[[ 3.95229414 -0.42754861  0.52015993 -0.86202319  1.35230358  1.69628561]\n [-0.42754861  3.43811816 -0.96684943  0.95742031 -0.14430625 -0.60642318]\n [ 0.52015993 -0.96684943  3.68649829 -0.97877968  1.03608479  1.37496257]\n [-0.86202319  0.95742031 -0.97877968  3.32729783 -0.19723221 -0.34464194]\n [ 1.35230358 -0.14430625  1.03608479 -0.19723221  8.13605768  7.04946557]\n [ 1.69628561 -0.60642318  1.37496257 -0.34464194  7.04946557  9.49129186]]", "nfev": "259", "njev": "37", "status": "0", "success": "True", "message": "Optimization terminated successfully.", "x": "[4.86498741 3.94274108 6.30989661 3.86732327 3.43488272 5.58004424]", "nit": "28"}, "5": {"maxiter": 100, "gtol": 1e-10, "xrtol": 1e-05, "eps": 1e-10, "duration": 0.04487109184265137, "fun": "0.3184818387758577", "jac": "[ 0.00000000e+00 -1.11022293e-06  1.11022293e-06  0.00000000e+00\n  0.00000000e+00  0.00000000e+00]", "hess_inv": "[[ 4.02961959 -0.42096259  0.51425995 -0.97265056  1.41369833  1.78643881]\n [-0.42096259  3.48583963 -0.92730357  0.93660902 -0.14187614 -0.65622953]\n [ 0.51425995 -0.92730357  3.64947611 -1.00344624  0.9270506   1.29101123]\n [-0.97265056  0.93660902 -1.00344624  3.43128757 -0.25950477 -0.39057681]\n [ 1.41369833 -0.14187614  0.9270506  -0.25950477  7.93382507  6.8977263 ]\n [ 1.78643881 -0.65622953  1.29101123 -0.39057681  6.8977263   9.33962254]]", "nfev": "259", "njev": "37", "status": "0", "success": "True", "message": "Optimization terminated successfully.", "x": "[4.86500437 3.94274153 6.30990738 3.86732362 3.43492086 5.58008696]", "nit": "28"}, "6": {"maxiter": 100, "gtol": 1e-10, "xrtol": 1e-10, "eps": 1e-05, "duration": 0.04845023155212402, "fun": "0.31848183883031855", "jac": "[ 1.11022302e-11 -1.11022302e-11 -2.22044605e-11 -1.11022302e-11\n  2.22044605e-11  0.00000000e+00]", "hess_inv": "[[ 4.01454248 -0.35389003  0.55816858 -0.97040324  1.48333349  1.88153575]\n [-0.35389003  3.48998039 -0.93723628  0.84448382 -0.03823906 -0.42044794]\n [ 0.55816858 -0.93723628  3.7242929  -1.02736246  1.10545725  1.48934857]\n [-0.97040324  0.84448382 -1.02736246  3.51496765 -0.39860997 -0.64464662]\n [ 1.48333349 -0.03823906  1.10545725 -0.39860997  8.34917469  7.40106423]\n [ 1.88153575 -0.42044794  1.48934857 -0.64464662  7.40106423 10.02275482]]", "nfev": "280", "njev": "40", "status": "0", "success": "True", "message": "Optimization terminated successfully.", "x": "[4.86498855 3.94274224 6.30989705 3.86732129 3.43488477 5.58004731]", "nit": "31"}, "7": {"maxiter": 100, "gtol": 1e-10, "xrtol": 1e-10, "eps": 1e-10, "duration": 0.06988406181335449, "fun": "0.3184818387720496", "jac": "[0.00000000e+00 0.00000000e+00 0.00000000e+00 0.00000000e+00\n 0.00000000e+00 1.11022293e-06]", "hess_inv": "[[ 1.94986482  0.292246   -1.33041447 -0.04183116 -0.85662556  0.36234976]\n [ 0.292246    0.673683   -0.93750561  0.54603091  0.19964885 -0.62625367]\n [-1.33041447 -0.93750561  3.43611021 -1.00002052 -0.1934372   0.19894823]\n [-0.04183116  0.54603091 -1.00002052  0.6737003   0.40283749 -0.63317049]\n [-0.85662556  0.19964885 -0.1934372   0.40283749  0.85030887 -0.4338917 ]\n [ 0.36234976 -0.62625367  0.19894823 -0.63317049 -0.4338917   1.06628637]]", "nfev": "406", "njev": "58", "status": "0", "success": "True", "message": "Optimization terminated successfully.", "x": "[4.86500309 3.94274589 6.30990803 3.86732417 3.43492046 5.58008651]", "nit": "35"}, "8": {"maxiter": 500, "gtol": 1e-05, "xrtol": 1e-05, "eps": 1e-05, "duration": 0.043598175048828125, "fun": "0.31848183894174764", "jac": "[-1.02406972e-06 -2.07410755e-06  2.72349920e-06  5.49880141e-06\n  2.46012100e-06 -3.61565222e-06]", "hess_inv": "[[ 3.90146551 -0.39600123  0.5797051  -0.78534539  1.3931716   1.6616144 ]\n [-0.39600123  3.5002191  -0.93045641  0.89681426 -0.04402817 -0.49017008]\n [ 0.5797051  -0.93045641  3.68261109 -1.08029456  1.10103714  1.5006515 ]\n [-0.78534539  0.89681426 -1.08029456  3.21369891 -0.2789039  -0.3074334 ]\n [ 1.3931716  -0.04402817  1.10103714 -0.2789039   8.29646488  7.22306385]\n [ 1.6616144  -0.49017008  1.5006515  -0.3074334   7.22306385  9.57751465]]", "nfev": "252", "njev": "36", "status": "0", "success": "True", "message": "Optimization terminated successfully.", "x": "[4.86497812 3.94273886 6.30990032 3.86733856 3.4348779  5.58002863]", "nit": "27"}, "9": {"maxiter": 500, "gtol": 1e-05, "xrtol": 1e-05, "eps": 1e-10, "duration": 0.04376506805419922, "fun": "0.31848183886409853", "jac": "[ 1.11022293e-06 -1.11022293e-06  3.33066880e-06  4.44089173e-06\n  1.11022293e-06 -5.55111466e-06]", "hess_inv": "[[ 4.00022554 -0.39421833  0.55521715 -0.92498753  1.38244629  1.69220283]\n [-0.39421833  3.50462432 -0.92174706  0.87759058  0.0460505  -0.4092982 ]\n [ 0.55521715 -0.92174706  3.63493406 -1.08540361  1.12899184  1.58240018]\n [-0.92498753  0.87759058 -1.08540361  3.35968282 -0.26672544 -0.29628436]\n [ 1.38244629  0.0460505   1.12899184 -0.26672544  8.49055174  7.39377076]\n [ 1.69220283 -0.4092982   1.58240018 -0.29628436  7.39377076  9.64009318]]", "nfev": "252", "njev": "36", "status": "0", "success": "True", "message": "Optimization terminated successfully.", "x": "[4.86499836 3.94274175 6.30991054 3.86733527 3.43489504 5.58004805]", "nit": "27"}, "10": {"maxiter": 500, "gtol": 1e-05, "xrtol": 1e-10, "eps": 1e-05, "duration": 0.04352283477783203, "fun": "0.31848183894174764", "jac": "[-1.02406972e-06 -2.07410755e-06  2.72349920e-06  5.49880141e-06\n  2.46012100e-06 -3.61565222e-06]", "hess_inv": "[[ 3.90146551 -0.39600123  0.5797051  -0.78534539  1.3931716   1.6616144 ]\n [-0.39600123  3.5002191  -0.93045641  0.89681426 -0.04402817 -0.49017008]\n [ 0.5797051  -0.93045641  3.68261109 -1.08029456  1.10103714  1.5006515 ]\n [-0.78534539  0.89681426 -1.08029456  3.21369891 -0.2789039  -0.3074334 ]\n [ 1.3931716  -0.04402817  1.10103714 -0.2789039   8.29646488  7.22306385]\n [ 1.6616144  -0.49017008  1.5006515  -0.3074334   7.22306385  9.57751465]]", "nfev": "252", "njev": "36", "status": "0", "success": "True", "message": "Optimization terminated successfully.", "x": "[4.86497812 3.94273886 6.30990032 3.86733856 3.4348779  5.58002863]", "nit": "27"}, "11": {"maxiter": 500, "gtol": 1e-05, "xrtol": 1e-10, "eps": 1e-10, "duration": 0.04355907440185547, "fun": "0.31848183886409853", "jac": "[ 1.11022293e-06 -1.11022293e-06  3.33066880e-06  4.44089173e-06\n  1.11022293e-06 -5.55111466e-06]", "hess_inv": "[[ 4.00022554 -0.39421833  0.55521715 -0.92498753  1.38244629  1.69220283]\n [-0.39421833  3.50462432 -0.92174706  0.87759058  0.0460505  -0.4092982 ]\n [ 0.55521715 -0.92174706  3.63493406 -1.08540361  1.12899184  1.58240018]\n [-0.92498753  0.87759058 -1.08540361  3.35968282 -0.26672544 -0.29628436]\n [ 1.38244629  0.0460505   1.12899184 -0.26672544  8.49055174  7.39377076]\n [ 1.69220283 -0.4092982   1.58240018 -0.29628436  7.39377076  9.64009318]]", "nfev": "252", "njev": "36", "status": "0", "success": "True", "message": "Optimization terminated successfully.", "x": "[4.86499836 3.94274175 6.30991054 3.86733527 3.43489504 5.58004805]", "nit": "27"}, "12": {"maxiter": 500, "gtol": 1e-10, "xrtol": 1e-05, "eps": 1e-05, "duration": 0.04481625556945801, "fun": "0.31848183884053805", "jac": "[-5.03708186e-08 -5.18307619e-07  3.97570865e-08  6.25255403e-07\n  1.11921583e-07 -3.67073039e-07]", "hess_inv": "[[ 3.95229414 -0.42754861  0.52015993 -0.86202319  1.35230358  1.69628561]\n [-0.42754861  3.43811816 -0.96684943  0.95742031 -0.14430625 -0.60642318]\n [ 0.52015993 -0.96684943  3.68649829 -0.97877968  1.03608479  1.37496257]\n [-0.86202319  0.95742031 -0.97877968  3.32729783 -0.19723221 -0.34464194]\n [ 1.35230358 -0.14430625  1.03608479 -0.19723221  8.13605768  7.04946557]\n [ 1.69628561 -0.60642318  1.37496257 -0.34464194  7.04946557  9.49129186]]", "nfev": "259", "njev": "37", "status": "0", "success": "True", "message": "Optimization terminated successfully.", "x": "[4.86498741 3.94274108 6.30989661 3.86732327 3.43488272 5.58004424]", "nit": "28"}, "13": {"maxiter": 500, "gtol": 1e-10, "xrtol": 1e-05, "eps": 1e-10, "duration": 0.044814109802246094, "fun": "0.3184818387758577", "jac": "[ 0.00000000e+00 -1.11022293e-06  1.11022293e-06  0.00000000e+00\n  0.00000000e+00  0.00000000e+00]", "hess_inv": "[[ 4.02961959 -0.42096259  0.51425995 -0.97265056  1.41369833  1.78643881]\n [-0.42096259  3.48583963 -0.92730357  0.93660902 -0.14187614 -0.65622953]\n [ 0.51425995 -0.92730357  3.64947611 -1.00344624  0.9270506   1.29101123]\n [-0.97265056  0.93660902 -1.00344624  3.43128757 -0.25950477 -0.39057681]\n [ 1.41369833 -0.14187614  0.9270506  -0.25950477  7.93382507  6.8977263 ]\n [ 1.78643881 -0.65622953  1.29101123 -0.39057681  6.8977263   9.33962254]]", "nfev": "259", "njev": "37", "status": "0", "success": "True", "message": "Optimization terminated successfully.", "x": "[4.86500437 3.94274153 6.30990738 3.86732362 3.43492086 5.58008696]", "nit": "28"}, "14": {"maxiter": 500, "gtol": 1e-10, "xrtol": 1e-10, "eps": 1e-05, "duration": 0.04852008819580078, "fun": "0.31848183883031855", "jac": "[ 1.11022302e-11 -1.11022302e-11 -2.22044605e-11 -1.11022302e-11\n  2.22044605e-11  0.00000000e+00]", "hess_inv": "[[ 4.01454248 -0.35389003  0.55816858 -0.97040324  1.48333349  1.88153575]\n [-0.35389003  3.48998039 -0.93723628  0.84448382 -0.03823906 -0.42044794]\n [ 0.55816858 -0.93723628  3.7242929  -1.02736246  1.10545725  1.48934857]\n [-0.97040324  0.84448382 -1.02736246  3.51496765 -0.39860997 -0.64464662]\n [ 1.48333349 -0.03823906  1.10545725 -0.39860997  8.34917469  7.40106423]\n [ 1.88153575 -0.42044794  1.48934857 -0.64464662  7.40106423 10.02275482]]", "nfev": "280", "njev": "40", "status": "0", "success": "True", "message": "Optimization terminated successfully.", "x": "[4.86498855 3.94274224 6.30989705 3.86732129 3.43488477 5.58004731]", "nit": "31"}, "15": {"maxiter": 500, "gtol": 1e-10, "xrtol": 1e-10, "eps": 1e-10, "duration": 0.069976806640625, "fun": "0.3184818387720496", "jac": "[0.00000000e+00 0.00000000e+00 0.00000000e+00 0.00000000e+00\n 0.00000000e+00 1.11022293e-06]", "hess_inv": "[[ 1.94986482  0.292246   -1.33041447 -0.04183116 -0.85662556  0.36234976]\n [ 0.292246    0.673683   -0.93750561  0.54603091  0.19964885 -0.62625367]\n [-1.33041447 -0.93750561  3.43611021 -1.00002052 -0.1934372   0.19894823]\n [-0.04183116  0.54603091 -1.00002052  0.6737003   0.40283749 -0.63317049]\n [-0.85662556  0.19964885 -0.1934372   0.40283749  0.85030887 -0.4338917 ]\n [ 0.36234976 -0.62625367  0.19894823 -0.63317049 -0.4338917   1.06628637]]", "nfev": "406", "njev": "58", "status": "0", "success": "True", "message": "Optimization terminated successfully.", "x": "[4.86500309 3.94274589 6.30990803 3.86732417 3.43492046 5.58008651]", "nit": "35"}, "16": {"maxiter": 1000, "gtol": 1e-05, "xrtol": 1e-05, "eps": 1e-05, "duration": 0.043531179428100586, "fun": "0.31848183894174764", "jac": "[-1.02406972e-06 -2.07410755e-06  2.72349920e-06  5.49880141e-06\n  2.46012100e-06 -3.61565222e-06]", "hess_inv": "[[ 3.90146551 -0.39600123  0.5797051  -0.78534539  1.3931716   1.6616144 ]\n [-0.39600123  3.5002191  -0.93045641  0.89681426 -0.04402817 -0.49017008]\n [ 0.5797051  -0.93045641  3.68261109 -1.08029456  1.10103714  1.5006515 ]\n [-0.78534539  0.89681426 -1.08029456  3.21369891 -0.2789039  -0.3074334 ]\n [ 1.3931716  -0.04402817  1.10103714 -0.2789039   8.29646488  7.22306385]\n [ 1.6616144  -0.49017008  1.5006515  -0.3074334   7.22306385  9.57751465]]", "nfev": "252", "njev": "36", "status": "0", "success": "True", "message": "Optimization terminated successfully.", "x": "[4.86497812 3.94273886 6.30990032 3.86733856 3.4348779  5.58002863]", "nit": "27"}, "17": {"maxiter": 1000, "gtol": 1e-05, "xrtol": 1e-05, "eps": 1e-10, "duration": 0.043519020080566406, "fun": "0.31848183886409853", "jac": "[ 1.11022293e-06 -1.11022293e-06  3.33066880e-06  4.44089173e-06\n  1.11022293e-06 -5.55111466e-06]", "hess_inv": "[[ 4.00022554 -0.39421833  0.55521715 -0.92498753  1.38244629  1.69220283]\n [-0.39421833  3.50462432 -0.92174706  0.87759058  0.0460505  -0.4092982 ]\n [ 0.55521715 -0.92174706  3.63493406 -1.08540361  1.12899184  1.58240018]\n [-0.92498753  0.87759058 -1.08540361  3.35968282 -0.26672544 -0.29628436]\n [ 1.38244629  0.0460505   1.12899184 -0.26672544  8.49055174  7.39377076]\n [ 1.69220283 -0.4092982   1.58240018 -0.29628436  7.39377076  9.64009318]]", "nfev": "252", "njev": "36", "status": "0", "success": "True", "message": "Optimization terminated successfully.", "x": "[4.86499836 3.94274175 6.30991054 3.86733527 3.43489504 5.58004805]", "nit": "27"}, "18": {"maxiter": 1000, "gtol": 1e-05, "xrtol": 1e-10, "eps": 1e-05, "duration": 0.04344010353088379, "fun": "0.31848183894174764", "jac": "[-1.02406972e-06 -2.07410755e-06  2.72349920e-06  5.49880141e-06\n  2.46012100e-06 -3.61565222e-06]", "hess_inv": "[[ 3.90146551 -0.39600123  0.5797051  -0.78534539  1.3931716   1.6616144 ]\n [-0.39600123  3.5002191  -0.93045641  0.89681426 -0.04402817 -0.49017008]\n [ 0.5797051  -0.93045641  3.68261109 -1.08029456  1.10103714  1.5006515 ]\n [-0.78534539  0.89681426 -1.08029456  3.21369891 -0.2789039  -0.3074334 ]\n [ 1.3931716  -0.04402817  1.10103714 -0.2789039   8.29646488  7.22306385]\n [ 1.6616144  -0.49017008  1.5006515  -0.3074334   7.22306385  9.57751465]]", "nfev": "252", "njev": "36", "status": "0", "success": "True", "message": "Optimization terminated successfully.", "x": "[4.86497812 3.94273886 6.30990032 3.86733856 3.4348779  5.58002863]", "nit": "27"}, "19": {"maxiter": 1000, "gtol": 1e-05, "xrtol": 1e-10, "eps": 1e-10, "duration": 0.04353594779968262, "fun": "0.31848183886409853", "jac": "[ 1.11022293e-06 -1.11022293e-06  3.33066880e-06  4.44089173e-06\n  1.11022293e-06 -5.55111466e-06]", "hess_inv": "[[ 4.00022554 -0.39421833  0.55521715 -0.92498753  1.38244629  1.69220283]\n [-0.39421833  3.50462432 -0.92174706  0.87759058  0.0460505  -0.4092982 ]\n [ 0.55521715 -0.92174706  3.63493406 -1.08540361  1.12899184  1.58240018]\n [-0.92498753  0.87759058 -1.08540361  3.35968282 -0.26672544 -0.29628436]\n [ 1.38244629  0.0460505   1.12899184 -0.26672544  8.49055174  7.39377076]\n [ 1.69220283 -0.4092982   1.58240018 -0.29628436  7.39377076  9.64009318]]", "nfev": "252", "njev": "36", "status": "0", "success": "True", "message": "Optimization terminated successfully.", "x": "[4.86499836 3.94274175 6.30991054 3.86733527 3.43489504 5.58004805]", "nit": "27"}, "20": {"maxiter": 1000, "gtol": 1e-10, "xrtol": 1e-05, "eps": 1e-05, "duration": 0.04514598846435547, "fun": "0.31848183884053805", "jac": "[-5.03708186e-08 -5.18307619e-07  3.97570865e-08  6.25255403e-07\n  1.11921583e-07 -3.67073039e-07]", "hess_inv": "[[ 3.95229414 -0.42754861  0.52015993 -0.86202319  1.35230358  1.69628561]\n [-0.42754861  3.43811816 -0.96684943  0.95742031 -0.14430625 -0.60642318]\n [ 0.52015993 -0.96684943  3.68649829 -0.97877968  1.03608479  1.37496257]\n [-0.86202319  0.95742031 -0.97877968  3.32729783 -0.19723221 -0.34464194]\n [ 1.35230358 -0.14430625  1.03608479 -0.19723221  8.13605768  7.04946557]\n [ 1.69628561 -0.60642318  1.37496257 -0.34464194  7.04946557  9.49129186]]", "nfev": "259", "njev": "37", "status": "0", "success": "True", "message": "Optimization terminated successfully.", "x": "[4.86498741 3.94274108 6.30989661 3.86732327 3.43488272 5.58004424]", "nit": "28"}, "21": {"maxiter": 1000, "gtol": 1e-10, "xrtol": 1e-05, "eps": 1e-10, "duration": 0.04501199722290039, "fun": "0.3184818387758577", "jac": "[ 0.00000000e+00 -1.11022293e-06  1.11022293e-06  0.00000000e+00\n  0.00000000e+00  0.00000000e+00]", "hess_inv": "[[ 4.02961959 -0.42096259  0.51425995 -0.97265056  1.41369833  1.78643881]\n [-0.42096259  3.48583963 -0.92730357  0.93660902 -0.14187614 -0.65622953]\n [ 0.51425995 -0.92730357  3.64947611 -1.00344624  0.9270506   1.29101123]\n [-0.97265056  0.93660902 -1.00344624  3.43128757 -0.25950477 -0.39057681]\n [ 1.41369833 -0.14187614  0.9270506  -0.25950477  7.93382507  6.8977263 ]\n [ 1.78643881 -0.65622953  1.29101123 -0.39057681  6.8977263   9.33962254]]", "nfev": "259", "njev": "37", "status": "0", "success": "True", "message": "Optimization terminated successfully.", "x": "[4.86500437 3.94274153 6.30990738 3.86732362 3.43492086 5.58008696]", "nit": "28"}, "22": {"maxiter": 1000, "gtol": 1e-10, "xrtol": 1e-10, "eps": 1e-05, "duration": 0.04858207702636719, "fun": "0.31848183883031855", "jac": "[ 1.11022302e-11 -1.11022302e-11 -2.22044605e-11 -1.11022302e-11\n  2.22044605e-11  0.00000000e+00]", "hess_inv": "[[ 4.01454248 -0.35389003  0.55816858 -0.97040324  1.48333349  1.88153575]\n [-0.35389003  3.48998039 -0.93723628  0.84448382 -0.03823906 -0.42044794]\n [ 0.55816858 -0.93723628  3.7242929  -1.02736246  1.10545725  1.48934857]\n [-0.97040324  0.84448382 -1.02736246  3.51496765 -0.39860997 -0.64464662]\n [ 1.48333349 -0.03823906  1.10545725 -0.39860997  8.34917469  7.40106423]\n [ 1.88153575 -0.42044794  1.48934857 -0.64464662  7.40106423 10.02275482]]", "nfev": "280", "njev": "40", "status": "0", "success": "True", "message": "Optimization terminated successfully.", "x": "[4.86498855 3.94274224 6.30989705 3.86732129 3.43488477 5.58004731]", "nit": "31"}, "23": {"maxiter": 1000, "gtol": 1e-10, "xrtol": 1e-10, "eps": 1e-10, "duration": 0.07045722007751465, "fun": "0.3184818387720496", "jac": "[0.00000000e+00 0.00000000e+00 0.00000000e+00 0.00000000e+00\n 0.00000000e+00 1.11022293e-06]", "hess_inv": "[[ 1.94986482  0.292246   -1.33041447 -0.04183116 -0.85662556  0.36234976]\n [ 0.292246    0.673683   -0.93750561  0.54603091  0.19964885 -0.62625367]\n [-1.33041447 -0.93750561  3.43611021 -1.00002052 -0.1934372   0.19894823]\n [-0.04183116  0.54603091 -1.00002052  0.6737003   0.40283749 -0.63317049]\n [-0.85662556  0.19964885 -0.1934372   0.40283749  0.85030887 -0.4338917 ]\n [ 0.36234976 -0.62625367  0.19894823 -0.63317049 -0.4338917   1.06628637]]", "nfev": "406", "njev": "58", "status": "0", "success": "True", "message": "Optimization terminated successfully.", "x": "[4.86500309 3.94274589 6.30990803 3.86732417 3.43492046 5.58008651]", "nit": "35"}}, "cobyla": {"0": {"maxiter": 100, "tol": 1e-05, "catol": 1e-05, "duration": 0.016664981842041016, "x": "[4.32404214 3.87318571 5.90693307 4.30632731 3.14831887 5.17209288]", "status": "2", "success": "False", "message": "Maximum number of function evaluations has been exceeded.", "nfev": "100", "fun": "0.37695754418386973", "maxcv": "0.0"}, "1": {"maxiter": 100, "tol": 1e-05, "catol": 1e-10, "duration": 0.017079830169677734, "x": "[4.32404214 3.87318571 5.90693307 4.30632731 3.14831887 5.17209288]", "status": "2", "success": "False", "message": "Maximum number of function evaluations has been exceeded.", "nfev": "100", "fun": "0.37695754418386973", "maxcv": "0.0"}, "2": {"maxiter": 100, "tol": 1e-10, "catol": 1e-05, "duration": 0.016805171966552734, "x": "[4.32404214 3.87318571 5.90693307 4.30632731 3.14831887 5.17209288]", "status": "2", "success": "False", "message": "Maximum number of function evaluations has been exceeded.", "nfev": "100", "fun": "0.37695754418386973", "maxcv": "0.0"}, "3": {"maxiter": 100, "tol": 1e-10, "catol": 1e-10, "duration": 0.01672816276550293, "x": "[4.32404214 3.87318571 5.90693307 4.30632731 3.14831887 5.17209288]", "status": "2", "success": "False", "message": "Maximum number of function evaluations has been exceeded.", "nfev": "100", "fun": "0.37695754418386973", "maxcv": "0.0"}, "4": {"maxiter": 500, "tol": 1e-05, "catol": 1e-05, "duration": 0.05364108085632324, "x": "[4.86500409 3.94274684 6.30990344 3.86732475 3.43489467 5.58006107]", "status": "1", "success": "True", "message": "Optimization terminated successfully.", "nfev": "319", "fun": "0.31848183879764136", "maxcv": "0.0"}, "5": {"maxiter": 500, "tol": 1e-05, "catol": 1e-10, "duration": 0.05345416069030762, "x": "[4.86500409 3.94274684 6.30990344 3.86732475 3.43489467 5.58006107]", "status": "1", "success": "True", "message": "Optimization terminated successfully.", "nfev": "319", "fun": "0.31848183879764136", "maxcv": "0.0"}, "6": {"maxiter": 500, "tol": 1e-10, "catol": 1e-05, "duration": 0.07509088516235352, "x": "[4.86499814 3.9427462  6.30990489 3.8673238  3.4349127  5.58007799]", "status": "1", "success": "True", "message": "Optimization terminated successfully.", "nfev": "449", "fun": "0.31848183876570957", "maxcv": "0.0"}, "7": {"maxiter": 500, "tol": 1e-10, "catol": 1e-10, "duration": 0.07481908798217773, "x": "[4.86499814 3.9427462  6.30990489 3.8673238  3.4349127  5.58007799]", "status": "1", "success": "True", "message": "Optimization terminated successfully.", "nfev": "449", "fun": "0.31848183876570957", "maxcv": "0.0"}, "8": {"maxiter": 1000, "tol": 1e-05, "catol": 1e-05, "duration": 0.05255413055419922, "x": "[4.86500409 3.94274684 6.30990344 3.86732475 3.43489467 5.58006107]", "status": "1", "success": "True", "message": "Optimization terminated successfully.", "nfev": "319", "fun": "0.3184818387976413