{"date": "2024/07/19/, 20:59:58", "conf_id": 318, "data_type": "var_s_rank\n", "num_data_points": 4, "s_rank": 0, "unitary": "[[-0.53618537-0.34368723j,-0.12107031-0.46226139j,-0.07699282-0.46603512j,0.36022595-0.11472301j],[0.26026499-0.63450712j,-0.56616638+0.37832564j,-0.14988651+0.08458591j,0.10363514-0.16008501j],[-0.32580188-0.11070003j,-0.36476308-0.23593218j,0.02559343+0.41761608j,-0.25598305+0.6725303j],[0.07406738-0.0126433j,0.28513701+0.19483972j,-0.74939717-0.10299659j,0.29798249+0.46269921j]]", "databatch_0": {"databatch": "[[[-0.14563879+0.37566369j,0.05170346+0.02629878j,0.18403974-0.13503229j,-0.0727822+0.09278733j],[0.13723794+0.02087476j,-0.23371197-0.13853315j,0.20224562-0.41006091j,0.15851365-0.21892565j],[-0.22078982+0.0420115j,0.26086988-0.06634472j,-0.0947138-0.02533015j,0.13017913-0.07818127j],[0.1090015-0.19428739j,0.15131822-0.01330702j,-0.00911503-0.05686828j,-0.34122042-0.21215199j]],[[-0.0501594+0.19075798j,-0.39179084+0.00604182j,-0.12925445+0.19127576j,-0.05648619+0.10521465j],[-0.17922829+0.23707872j,0.05887286-0.04541035j,-0.40290123-0.35159024j,-0.09043494-0.18038883j],[-0.05586242+0.07581783j,0.10451078-0.07335378j,-0.1687707-0.35159243j,-0.0814672+0.06424965j],[-0.01530401-0.01890184j,-0.13697837-0.13476393j,0.2054664-0.15173597j,-0.10726471-0.13108852j]],[[-0.33761865+0.0671909j,0.16704258-0.04415538j,0.14449891-0.11953929j,0.13810416+0.00309119j],[0.14990767+0.00367319j,0.50652265+0.16656577j,-0.26074924+0.0459243j,0.05195417+0.06889036j],[-0.13075534+0.28727123j,-0.00938542+0.072656j,-0.25663412+0.25996284j,0.20695136-0.09667123j],[0.00109347+0.10735897j,0.22911434-0.08602013j,-0.01540972-0.07599787j,-0.13900529+0.16029504j]],[[-0.43913169-0.18454143j,0.07672356+0.07103777j,0.36694419+0.00078972j,-0.05760697-0.15301778j],[0.0790626-0.02648809j,-0.03587668+0.09952813j,0.33707012+0.12502872j,0.14544286-0.11736749j],[0.11559784+0.10456707j,-0.15025519-0.1417929j,-0.32725829-0.18415796j,-0.01605256+0.14038444j],[0.15440827-0.20939854j,0.03237717-0.05283573j,0.14759316+0.21343912j,-0.09938426+0.20437024j]]]", "initial param values": "[3.52540519,3.93294789,0.58804938,2.95713632,0.52677933,0.0127817]", "nelder_mead": {"type": "gradient-free", "0": {"maxiter": 100, "fatol": 1e-05, "xatol": 1e-05, "duration": 0.026435136795043945, "fun": "0.6610828780697366", "nit": "100", "nfev": "155", "status": "2", "success": "False", "message": "Maximum number of iterations has been exceeded.", "x": "[ 4.40996623  6.23646829  2.39541691  1.7903479  -0.99392174  0.01946414]", "final_simplex": "(array([[ 4.40996623,  6.23646829,  2.39541691,  1.7903479 , -0.99392174,\n         0.01946414],\n       [ 4.55397122,  6.18482235,  1.8240103 ,  1.81841024, -0.60769407,\n         0.01747217],\n       [ 4.62922348,  6.10474105,  1.67178613,  1.63681615, -0.55621914,\n         0.0187673 ],\n       [ 4.61705436,  6.09561116,  1.93338917,  1.36821454, -0.74681774,\n         0.02053499],\n       [ 4.73803731,  5.81473609,  1.78184094,  1.63437906, -0.61753454,\n         0.01921624],\n       [ 4.44798652,  5.61239938,  1.87588933,  1.56740834, -0.62093982,\n         0.01968603],\n       [ 4.63373613,  5.76484846,  1.96187219,  1.40729578, -0.72511277,\n         0.02059995]]), array([0.66108288, 0.68077396, 0.68171514, 0.68502607, 0.6877528 ,\n       0.68869004, 0.6910249 ]))"}, "1": {"maxiter": 100, "fatol": 1e-05, "xatol": 1e-10, "duration": 0.026341915130615234, "fun": "0.6610828780697366", "nit": "100", "nfev": "155", "status": "2", "success": "False", "message": "Maximum number of iterations has been exceeded.", "x": "[ 4.40996623  6.23646829  2.39541691  1.7903479  -0.99392174  0.01946414]", "final_simplex": "(array([[ 4.40996623,  6.23646829,  2.39541691,  1.7903479 , -0.99392174,\n         0.01946414],\n       [ 4.55397122,  6.18482235,  1.8240103 ,  1.81841024, -0.60769407,\n         0.01747217],\n       [ 4.62922348,  6.10474105,  1.67178613,  1.63681615, -0.55621914,\n         0.0187673 ],\n       [ 4.61705436,  6.09561116,  1.93338917,  1.36821454, -0.74681774,\n         0.02053499],\n       [ 4.73803731,  5.81473609,  1.78184094,  1.63437906, -0.61753454,\n         0.01921624],\n       [ 4.44798652,  5.61239938,  1.87588933,  1.56740834, -0.62093982,\n         0.01968603],\n       [ 4.63373613,  5.76484846,  1.96187219,  1.40729578, -0.72511277,\n         0.02059995]]), array([0.66108288, 0.68077396, 0.68171514, 0.68502607, 0.6877528 ,\n       0.68869004, 0.6910249 ]))"}, "2": {"maxiter": 100, "fatol": 1e-10, "xatol": 1e-05, "duration": 0.026282310485839844, "fun": "0.6610828780697366", "nit": "100", "nfev": "155", "status": "2", "success": "False", "message": "Maximum number of iterations has been exceeded.", "x": "[ 4.40996623  6.23646829  2.39541691  1.7903479  -0.99392174  0.01946414]", "final_simplex": "(array([[ 4.40996623,  6.23646829,  2.39541691,  1.7903479 , -0.99392174,\n         0.01946414],\n       [ 4.55397122,  6.18482235,  1.8240103 ,  1.81841024, -0.60769407,\n         0.01747217],\n       [ 4.62922348,  6.10474105,  1.67178613,  1.63681615, -0.55621914,\n         0.0187673 ],\n       [ 4.61705436,  6.09561116,  1.93338917,  1.36821454, -0.74681774,\n         0.02053499],\n       [ 4.73803731,  5.81473609,  1.78184094,  1.63437906, -0.61753454,\n         0.01921624],\n       [ 4.44798652,  5.61239938,  1.87588933,  1.56740834, -0.62093982,\n         0.01968603],\n       [ 4.63373613,  5.76484846,  1.96187219,  1.40729578, -0.72511277,\n         0.02059995]]), array([0.66108288, 0.68077396, 0.68171514, 0.68502607, 0.6877528 ,\n       0.68869004, 0.6910249 ]))"}, "3": {"maxiter": 100, "fatol": 1e-10, "xatol": 1e-10, "duration": 0.026280879974365234, "fun": "0.6610828780697366", "nit": "100", "nfev": "155", "status": "2", "success": "False", "message": "Maximum number of iterations has been exceeded.", "x": "[ 4.40996623  6.23646829  2.39541691  1.7903479  -0.99392174  0.01946414]", "final_simplex": "(array([[ 4.40996623,  6.23646829,  2.39541691,  1.7903479 , -0.99392174,\n         0.01946414],\n       [ 4.55397122,  6.18482235,  1.8240103 ,  1.81841024, -0.60769407,\n         0.01747217],\n       [ 4.62922348,  6.10474105,  1.67178613,  1.63681615, -0.55621914,\n         0.0187673 ],\n       [ 4.61705436,  6.09561116,  1.93338917,  1.36821454, -0.74681774,\n         0.02053499],\n       [ 4.73803731,  5.81473609,  1.78184094,  1.63437906, -0.61753454,\n         0.01921624],\n       [ 4.44798652,  5.61239938,  1.87588933,  1.56740834, -0.62093982,\n         0.01968603],\n       [ 4.63373613,  5.76484846,  1.96187219,  1.40729578, -0.72511277,\n         0.02059995]]), array([0.66108288, 0.68077396, 0.68171514, 0.68502607, 0.6877528 ,\n       0.68869004, 0.6910249 ]))"}, "4": {"maxiter": 500, "fatol": 1e-05, "xatol": 1e-05, "duration": 0.12930893898010254, "fun": "0.4810516305238075", "nit": "500", "nfev": "755", "status": "2", "success": "False", "message": "Maximum number of iterations has been exceeded.", "x": "[ 2.29231668e+00  8.99616762e+00  4.63804450e+00  1.53038642e+00\n -1.83186499e+00 -2.57206189e-03]", "final_simplex": "(array([[ 2.29231668e+00,  8.99616762e+00,  4.63804450e+00,\n         1.53038642e+00, -1.83186499e+00, -2.57206189e-03],\n       [ 2.29634569e+00,  9.00388770e+00,  4.65770211e+00,\n         1.53519635e+00, -1.84935682e+00, -4.36027188e-04],\n       [ 2.29135914e+00,  9.02452120e+00,  4.66287462e+00,\n         1.51870977e+00, -1.82862096e+00, -4.75905207e-03],\n       [ 2.29964018e+00,  9.00342279e+00,  4.63753094e+00,\n         1.51885509e+00, -1.82604781e+00, -2.51601763e-03],\n       [ 2.30999645e+00,  9.00406213e+00,  4.65084768e+00,\n         1.53085241e+00, -1.82787140e+00, -1.42586973e-03],\n       [ 2.30376690e+00,  8.99466453e+00,  4.64422980e+00,\n         1.54091752e+00, -1.82924323e+00,  9.44350248e-04],\n       [ 2.30865766e+00,  8.99555849e+00,  4.66188428e+00,\n         1.54656919e+00, -1.82837134e+00,  8.61246158e-04]]), array([0.48105163, 0.48119515, 0.48121459, 0.4812162 , 0.48121948,\n       0.48131481, 0.48132594]))"}, "5": {"maxiter": 500, "fatol": 1e-05, "xatol": 1e-10, "duration": 0.1290738582611084, "fun": "0.4810516305238075", "nit": "500", "nfev": "755", "status": "2", "success": "False", "message": "Maximum number of iterations has been exceeded.", "x": "[ 2.29231668e+00  8.99616762e+00  4.63804450e+00  1.53038642e+00\n -1.83186499e+00 -2.57206189e-03]", "final_simplex": "(array([[ 2.29231668e+00,  8.99616762e+00,  4.63804450e+00,\n         1.53038642e+00, -1.83186499e+00, -2.57206189e-03],\n       [ 2.29634569e+00,  9.00388770e+00,  4.65770211e+00,\n         1.53519635e+00, -1.84935682e+00, -4.36027188e-04],\n       [ 2.29135914e+00,  9.02452120e+00,  4.66287462e+00,\n         1.51870977e+00, -1.82862096e+00, -4.75905207e-03],\n       [ 2.29964018e+00,  9.00342279e+00,  4.63753094e+00,\n         1.51885509e+00, -1.82604781e+00, -2.51601763e-03],\n       [ 2.30999645e+00,  9.00406213e+00,  4.65084768e+00,\n         1.53085241e+00, -1.82787140e+00, -1.42586973e-03],\n       [ 2.30376690e+00,  8.99466453e+00,  4.64422980e+00,\n         1.54091752e+00, -1.82924323e+00,  9.44350248e-04],\n       [ 2.30865766e+00,  8.99555849e+00,  4.66188428e+00,\n         1.54656919e+00, -1.82837134e+00,  8.61246158e-04]]), array([0.48105163, 0.48119515, 0.48121459, 0.4812162 , 0.48121948,\n       0.48131481, 0.48132594]))"}, "6": {"maxiter": 500, "fatol": 1e-10, "xatol": 1e-05, "duration": 0.12900781631469727, "fun": "0.4810516305238075", "nit": "500", "nfev": "755", "status": "2", "success": "False", "message": "Maximum number of iterations has been exceeded.", "x": "[ 2.29231668e+00  8.99616762e+00  4.63804450e+00  1.53038642e+00\n -1.83186499e+00 -2.57206189e-03]", "final_simplex": "(array([[ 2.29231668e+00,  8.99616762e+00,  4.63804450e+00,\n         1.53038642e+00, -1.83186499e+00, -2.57206189e-03],\n       [ 2.29634569e+00,  9.00388770e+00,  4.65770211e+00,\n         1.53519635e+00, -1.84935682e+00, -4.36027188e-04],\n       [ 2.29135914e+00,  9.02452120e+00,  4.66287462e+00,\n         1.51870977e+00, -1.82862096e+00, -4.75905207e-03],\n       [ 2.29964018e+00,  9.00342279e+00,  4.63753094e+00,\n         1.51885509e+00, -1.82604781e+00, -2.51601763e-03],\n       [ 2.30999645e+00,  9.00406213e+00,  4.65084768e+00,\n         1.53085241e+00, -1.82787140e+00, -1.42586973e-03],\n       [ 2.30376690e+00,  8.99466453e+00,  4.64422980e+00,\n         1.54091752e+00, -1.82924323e+00,  9.44350248e-04],\n       [ 2.30865766e+00,  8.99555849e+00,  4.66188428e+00,\n         1.54656919e+00, -1.82837134e+00,  8.61246158e-04]]), array([0.48105163, 0.48119515, 0.48121459, 0.4812162 , 0.48121948,\n       0.48131481, 0.48132594]))"}, "7": {"maxiter": 500, "fatol": 1e-10, "xatol": 1e-10, "duration": 0.12926197052001953, "fun": "0.4810516305238075", "nit": "500", "nfev": "755", "status": "2", "success": "False", "message": "Maximum number of iterations has been exceeded.", "x": "[ 2.29231668e+00  8.99616762e+00  4.63804450e+00  1.53038642e+00\n -1.83186499e+00 -2.57206189e-03]", "final_simplex": "(array([[ 2.29231668e+00,  8.99616762e+00,  4.63804450e+00,\n         1.53038642e+00, -1.83186499e+00, -2.57206189e-03],\n       [ 2.29634569e+00,  9.00388770e+00,  4.65770211e+00,\n         1.53519635e+00, -1.84935682e+00, -4.36027188e-04],\n       [ 2.29135914e+00,  9.02452120e+00,  4.66287462e+00,\n         1.51870977e+00, -1.82862096e+00, -4.75905207e-03],\n       [ 2.29964018e+00,  9.00342279e+00,  4.63753094e+00,\n         1.51885509e+00, -1.82604781e+00, -2.51601763e-03],\n       [ 2.30999645e+00,  9.00406213e+00,  4.65084768e+00,\n         1.53085241e+00, -1.82787140e+00, -1.42586973e-03],\n       [ 2.30376690e+00,  8.99466453e+00,  4.64422980e+00,\n         1.54091752e+00, -1.82924323e+00,  9.44350248e-04],\n       [ 2.30865766e+00,  8.99555849e+00,  4.66188428e+00,\n         1.54656919e+00, -1.82837134e+00,  8.61246158e-04]]), array([0.48105163, 0.48119515, 0.48121459, 0.4812162 , 0.48121948,\n       0.48131481, 0.48132594]))"}, "8": {"maxiter": 1000, "fatol": 1e-05, "xatol": 1e-05, "duration": 0.22072196006774902, "fun": "0.45812999593984705", "nit": "848", "nfev": "1290", "status": "0", "success": "True", "message": "Optimization terminated successfully.", "x": "[ 2.21810816  8.97222108  4.44005459  1.46231875 -1.73950579 -0.4776927 ]", "final_simplex": "(array([[ 2.21810816,  8.97222108,  4.44005459,  1.46231875, -1.73950579,\n        -0.4776927 ],\n       [ 2.21811179,  8.97222635,  4.44005627,  1.46232108, -1.73950905,\n        -0.47769018],\n       [ 2.21811141,  8.97222319,  4.44005096,  1.46231908, -1.73950303,\n        -0.47769458],\n       [ 2.21811185,  8.97222895,  4.44006082,  1.46232079, -1.73950213,\n        -0.47769429],\n       [ 2.21811062,  8.97221725,  4.44005153,  1.46231876, -1.73950349,\n        -0.47768884],\n       [ 2.21811058,  8.97222502,  4.44005252,  1.46232273, -1.73950336,\n        -0.47769235],\n       [ 2.21811593,  8.9722239 ,  4.44005927,  1.46232673, -1.73951169,\n        -0.47769072]]), array([0.45813, 0.45813, 0.45813, 0.45813, 0.45813, 0.45813, 0.45813]))"}, "9": {"maxiter": 1000, "fatol": 1e-05, "xatol": 1e-10, "duration": 0.25412797927856445, "fun": "0.45812999593725523", "nit": "935", "nfev": "1493", "status": "0", "success": "True", "message": "Optimization terminated successfully.", "x": "[ 2.21811213  8.97222484  4.44005834  1.4623194  -1.73950641 -0.47769167]", "final_simplex": "(array([[ 2.21811213,  8.97222484,  4.44005834,  1.4623194 , -1.73950641,\n        -0.47769167],\n       [ 2.21811213,  8.97222484,  4.44005834,  1.4623194 , -1.73950641,\n        -0.47769167],\n       [ 2.21811213,  8.97222484,  4.44005834,  1.4623194 , -1.73950641,\n        -0.47769167],\n       [ 2.21811213,  8.97222484,  4.44005834,  1.4623194 , -1.73950641,\n        -0.47769167],\n       [ 2.21811213,  8.97222484,  4.44005834,  1.4623194 , -1.73950641,\n        -0.47769167],\n       [ 2.21811213,  8.97222484,  4.44005834,  1.4623194 , -1.73950641,\n        -0.47769167],\n       [ 2.21811213,  8.97222484,  4.44005834,  1.4623194 , -1.73950641,\n        -0.47769167]]), array([0.45813, 0.45813, 0.45813, 0.45813, 0.45813, 0.45813, 0.45813]))"}, "10": {"maxiter": 1000, "fatol": 1e-10, "xatol": 1e-05, "duration": 0.21904301643371582, "fun": "0.45812999593984705", "nit": "848", "nfev": "1290", "status": "0", "success": "True", "message": "Optimization terminated successfully.", "x": "[ 2.21810816  8.97222108  4.44005459  1.46231875 -1.73950579 -0.4776927 ]", "final_simplex": "(array([[ 2.21810816,  8.97222108,  4.44005459,  1.46231875, -1.73950579,\n        -0.4776927 ],\n       [ 2.21811179,  8.97222635,  4.44005627,  1.46232108, -1.73950905,\n        -0.47769018],\n       [ 2.21811141,  8.97222319,  4.44005096,  1.46231908, -1.73950303,\n        -0.47769458],\n       [ 2.21811185,  8.97222895,  4.44006082,  1.46232079, -1.73950213,\n        -0.47769429],\n       [ 2.21811062,  8.97221725,  4.44005153,  1.46231876, -1.73950349,\n        -0.47768884],\n       [ 2.21811058,  8.97222502,  4.44005252,  1.46232273, -1.73950336,\n        -0.47769235],\n       [ 2.21811593,  8.9722239 ,  4.44005927,  1.46232673, -1.73951169,\n        -0.47769072]]), array([0.45813, 0.45813, 0.45813, 0.45813, 0.45813, 0.45813, 0.45813]))"}, "11": {"maxiter": 1000, "fatol": 1e-10, "xatol": 1e-10, "duration": 0.25256919860839844, "fun": "0.45812999593725523", "nit": "935", "nfev": "1493", "status": "0", "success": "True", "message": "Optimization terminated successfully.", "x": "[ 2.21811213  8.97222484  4.44005834  1.4623194  -1.73950641 -0.47769167]", "final_simplex": "(array([[ 2.21811213,  8.97222484,  4.44005834,  1.4623194 , -1.73950641,\n        -0.47769167],\n       [ 2.21811213,  8.97222484,  4.44005834,  1.4623194 , -1.73950641,\n        -0.47769167],\n       [ 2.21811213,  8.97222484,  4.44005834,  1.4623194 , -1.73950641,\n        -0.47769167],\n       [ 2.21811213,  8.97222484,  4.44005834,  1.4623194 , -1.73950641,\n        -0.47769167],\n       [ 2.21811213,  8.97222484,  4.44005834,  1.4623194 , -1.73950641,\n        -0.47769167],\n       [ 2.21811213,  8.97222484,  4.44005834,  1.4623194 , -1.73950641,\n        -0.47769167],\n       [ 2.21811213,  8.97222484,  4.44005834,  1.4623194 , -1.73950641,\n        -0.47769167]]), array([0.45813, 0.45813, 0.45813, 0.45813, 0.45813, 0.45813, 0.45813]))"}}, "bfgs": {"type": "gradient", "0": {"maxiter": 100, "gtol": 1e-05, "xrtol": 1e-05, "eps": 1e-05, "duration": 0.04019308090209961, "fun": "0.4581299959892733", "jac": "[-6.40798525e-07 -8.95694630e-07  1.13804521e-06 -1.07832632e-06\n  3.80495635e-07  6.48059384e-07]", "hess_inv": "[[ 5.3823923   1.31550451  2.78559503  2.02482071 -2.22153404  1.32829672]\n [ 1.31550451  8.7092692   6.54980261  2.34781776 -2.25294337  0.3299668 ]\n [ 2.78559503  6.54980261 12.07459123  3.50659598 -4.4195395   2.5499452 ]\n [ 2.02482071  2.34781776  3.50659598  6.07777359 -2.14744761  1.07303526]\n [-2.22153404 -2.25294337 -4.4195395  -2.14744761  6.34971173 -1.82703781]\n [ 1.32829672  0.3299668   2.5499452   1.07303526 -1.82703781  5.23085341]]", "nfev": "231", "njev": "33", "status": "0", "success": "True", "message": "Optimization terminated successfully.", "x": "[ 2.21809788  2.68901884 -1.84314831  1.46230038 -1.73949814 -0.4776982 ]", "nit": "30"}, "1": {"maxiter": 100, "gtol": 1e-05, "xrtol": 1e-05, "eps": 1e-10, "duration": 0.04041910171508789, "fun": "0.45812999606018756", "jac": "[-2.22044587e-06 -4.44089173e-06 -2.22044587e-06  0.00000000e+00\n -1.11022293e-06 -3.33066880e-06]", "hess_inv": "[[ 5.14099923  1.13175653  2.56625794  2.06271652 -2.13163862  1.4390766 ]\n [ 1.13175653  8.81487841  6.71369266  2.65117648 -2.26271128  0.689605  ]\n [ 2.56625794  6.71369266 12.26205826  3.88385203 -4.44102411  3.00128363]\n [ 2.06271652  2.65117648  3.88385203  6.37703825 -2.2517984   1.36010685]\n [-2.13163862 -2.26271128 -4.44102411 -2.2517984   6.34987547 -1.9625956 ]\n [ 1.4390766   0.689605    3.00128363  1.36010685 -1.9625956   5.49114968]]", "nfev": "231", "njev": "33", "status": "0", "success": "True", "message": "Optimization terminated successfully.", "x": "[ 2.21809372  2.68900297 -1.84317007  1.46229808 -1.73948676 -0.47770937]", "nit": "30"}, "2": {"maxiter": 100, "gtol": 1e-05, "xrtol": 1e-10, "eps": 1e-05, "duration": 0.040116071701049805, "fun": "0.4581299959892733", "jac": "[-6.40798525e-07 -8.95694630e-07  1.13804521e-06 -1.07832632e-06\n  3.80495635e-07  6.48059384e-07]", "hess_inv": "[[ 5.3823923   1.31550451  2.78559503  2.02482071 -2.22153404  1.32829672]\n [ 1.31550451  8.7092692   6.54980261  2.34781776 -2.25294337  0.3299668 ]\n [ 2.78559503  6.54980261 12.07459123  3.50659598 -4.4195395   2.5499452 ]\n [ 2.02482071  2.34781776  3.50659598  6.07777359 -2.14744761  1.07303526]\n [-2.22153404 -2.25294337 -4.4195395  -2.14744761  6.34971173 -1.82703781]\n [ 1.32829672  0.3299668   2.5499452   1.07303526 -1.82703781  5.23085341]]", "nfev": "231", "njev": "33", "status": "0", "success": "True", "message": "Optimization terminated successfully.", "x": "[ 2.21809788  2.68901884 -1.84314831  1.46230038 -1.73949814 -0.4776982 ]", "nit": "30"}, "3": {"maxiter": 100, "gtol": 1e-05, "xrtol": 1e-10, "eps": 1e-10, "duration": 0.04009413719177246, "fun": "0.45812999606018756", "jac": "[-2.22044587e-06 -4.44089173e-06 -2.22044587e-06  0.00000000e+00\n -1.11022293e-06 -3.33066880e-06]", "hess_inv": "[[ 5.14099923  1.13175653  2.56625794  2.06271652 -2.13163862  1.4390766 ]\n [ 1.13175653  8.81487841  6.71369266  2.65117648 -2.26271128  0.689605  ]\n [ 2.56625794  6.71369266 12.26205826  3.88385203 -4.44102411  3.00128363]\n [ 2.06271652  2.65117648  3.88385203  6.37703825 -2.2517984   1.36010685]\n [-2.13163862 -2.26271128 -4.44102411 -2.2517984   6.34987547 -1.9625956 ]\n [ 1.4390766   0.689605    3.00128363  1.36010685 -1.9625956   5.49114968]]", "nfev": "231", "njev": "33", "status": "0", "success": "True", "message": "Optimization terminated successfully.", "x": "[ 2.21809372  2.68900297 -1.84317007  1.46229808 -1.73948676 -0.47770937]", "nit": "30"}, "4": {"maxiter": 100, "gtol": 1e-10, "xrtol": 1e-05, "eps": 1e-05, "duration": 0.04138803482055664, "fun": "0.45812999597503035", "jac": "[-2.09721129e-08 -8.52651283e-09 -1.70308212e-08  1.05471187e-08\n -2.36699549e-08 -1.59205982e-08]", "hess_inv": "[[ 5.28856195  1.20314114  2.84502859  1.86659649 -2.17104847  1.41416133]\n [ 1.20314114  8.6107597   6.64623228  2.11667761 -2.2061519   0.46970374]\n [ 2.84502859  6.64623228 12.05464166  3.57762529 -4.46109292  2.52142044]\n [ 1.86659649  2.11667761  3.57762529  5.85911906 -2.04651971  1.17516299]\n [-2.17104847 -2.2061519  -4.46109292 -2.04651971  6.32772869 -1.88723123]\n [ 1.41416133  0.46970374  2.52142044  1.17516299 -1.88723123  5.19007687]]", "nfev": "238", "njev": "34", "status": "0", "success": "True", "message": "Optimization terminated successfully.", "x": "[ 2.21810104  2.68902258 -1.84315033  1.46230574 -1.73949982 -0.47770112]", "nit": "31"}, "5": {"maxiter": 100, "gtol": 1e-10, "xrtol": 1e-05, "eps": 1e-10, "duration": 0.042572736740112305, "fun": "0.45812999594081705", "jac": "[ 1.11022293e-06  0.00000000e+00 -1.11022293e-06  0.00000000e+00\n  0.00000000e+00  0.00000000e+00]", "hess_inv": "[[ 5.1469672   0.60010878  1.67356958  2.01292661 -2.03150635  1.07285437]\n [ 0.60010878  6.29033801  3.07049947  1.93184374 -1.4868476  -0.8320224 ]\n [ 1.67356958  3.07049947  7.81468529  2.69647674 -3.32538515  1.23636786]\n [ 2.01292661  1.93184374  2.69647674  6.26226871 -2.08094528  0.86384111]\n [-2.03150635 -1.4868476  -3.32538515 -2.08094528  6.1528792  -1.51068625]\n [ 1.07285437 -0.8320224   1.23636786  0.86384111 -1.51068625  4.80772091]]", "nfev": "245", "njev": "35", "status": "0", "success": "True", "message": "Optimization terminated successfully.", "x": "[ 2.21811285  2.68903463 -1.84313494  1.46231768 -1.73950346 -0.4776936 ]", "nit": "32"}, "6": {"maxiter": 100, "gtol": 1e-10, "xrtol": 1e-10, "eps": 1e-05, "duration": 0.0852060317993164, "fun": "0.4581299959743379", "jac": "[ 3.31956684e-09  1.16573418e-09  1.19904087e-09 -6.43929354e-10\n  2.57571742e-09  1.53210777e-09]", "hess_inv": "[[ 5.06033462  0.99940702  2.50348684  1.8293055  -2.17906772  1.2338111 ]\n [ 0.99940702  8.44985318  6.36041741  2.08862997 -2.21566437  0.31081099]\n [ 2.50348684  6.36041741 11.57672817  3.51694687 -4.47170334  2.26495049]\n [ 1.8293055   2.08862997  3.51694687  5.860201   -2.05056696  1.13921857]\n [-2.17906772 -2.21566437 -4.47170334 -2.05056696  6.32849827 -1.8912392 ]\n [ 1.2338111   0.31081099  2.26495049  1.13921857 -1.8912392   5.05613083]]", "nfev": "494", "njev": "69", "status": "2", "success": "False", "message": "Desired error not necessarily achieved due to precision loss.", "x": "[ 2.21810116  2.68902273 -1.84315011  1.46230576 -1.73949982 -0.47770102]", "nit": "32"}, "7": {"maxiter": 100, "gtol": 1e-10, "xrtol": 1e-10, "eps": 1e-10, "duration": 0.054453134536743164, "fun": "0.4581299959394657", "jac": "[ 0.00000000e+00 -1.11022293e-06  0.00000000e+00  0.00000000e+00\n -1.11022293e-06 -1.11022293e-06]", "hess_inv": "[[ 5.47005686 -4.76324709 -6.3945     -2.79356225 -0.34622067 -2.67655138]\n [-4.76324709 13.2201616  12.39243661  4.03247368 -1.28661489  0.73097666]\n [-6.3945     12.39243661 18.18315523  3.64666968 -0.82193079  2.74821095]\n [-2.79356225  4.03247368  3.64666968  3.82297212  0.2621178  -1.02922364]\n [-0.34622067 -1.28661489 -0.82193079  0.2621178   4.00013356  0.08399353]\n [-2.67655138  0.73097666  2.74821095 -1.02922364  0.08399353  3.70589707]]", "nfev": "315", "njev": "45", "status": "2", "success": "False", "message": "Desired error not necessarily achieved due to precision loss.", "x": "[ 2.21810847  2.68903798 -1.84312729  1.46231911 -1.73950553 -0.4776938 ]", "nit": "34"}, "8": {"maxiter": 500, "gtol": 1e-05, "xrtol": 1e-05, "eps": 1e-05, "duration": 0.03992819786071777, "fun": "0.4581299959892733", "jac": "[-6.40798525e-07 -8.95694630e-07  1.13804521e-06 -1.07832632e-06\n  3.80495635e-07  6.48059384e-07]", "hess_inv": "[[ 5.3823923   1.31550451  2.78559503  2.02482071 -2.22153404  1.32829672]\n [ 1.31550451  8.7092692   6.54980261  2.34781776 -2.25294337  0.3299668 ]\n [ 2.78559503  6.54980261 12.07459123  3.50659598 -4.4195395   2.5499452 ]\n [ 2.02482071  2.34781776  3.50659598  6.07777359 -2.14744761  1.07303526]\n [-2.22153404 -2.25294337 -4.4195395  -2.14744761  6.34971173 -1.82703781]\n [ 1.32829672  0.3299668   2.5499452   1.07303526 -1.82703781  5.23085341]]", "nfev": "231", "njev": "33", "status": "0", "success": "True", "message": "Optimization terminated successfully.", "x": "[ 2.21809788  2.68901884 -1.84314831  1.46230038 -1.73949814 -0.4776982 ]", "nit": "30"}, "9": {"maxiter": 500, "gtol": 1e-05, "xrtol": 1e-05, "eps": 1e-10, "duration": 0.039958953857421875, "fun": "0.45812999606018756", "jac": "[-2.22044587e-06 -4.44089173e-06 -2.22044587e-06  0.00000000e+00\n -1.11022293e-06 -3.33066880e-06]", "hess_inv": "[[ 5.14099923  1.13175653  2.56625794  2.06271652 -2.13163862  1.4390766 ]\n [ 1.13175653  8.81487841  6.71369266  2.65117648 -2.26271128  0.689605  ]\n [ 2.56625794  6.71369266 12.26205826  3.88385203 -4.44102411  3.00128363]\n [ 2.06271652  2.65117648  3.88385203  6.37703825 -2.2517984   1.36010685]\n [-2.13163862 -2.26271128 -4.44102411 -2.2517984   6.34987547 -1.9625956 ]\n [ 1.4390766   0.689605    3.00128363  1.36010685 -1.9625956   5.49114968]]", "nfev": "231", "njev": "33", "status": "0", "success": "True", "message": "Optimization terminated successfully.", "x": "[ 2.21809372  2.68900297 -1.84317007  1.46229808 -1.73948676 -0.47770937]", "nit": "30"}, "10": {"maxiter": 500, "gtol": 1e-05, "xrtol": 1e-10, "eps": 1e-05, "duration": 0.03987312316894531, "fun": "0.4581299959892733", "jac": "[-6.40798525e-07 -8.95694630e-07  1.13804521e-06 -1.07832632e-06\n  3.80495635e-07  6.48059384e-07]", "hess_inv": "[[ 5.3823923   1.31550451  2.78559503  2.02482071 -2.22153404  1.32829672]\n [ 1.31550451  8.7092692   6.54980261  2.34781776 -2.25294337  0.3299668 ]\n [ 2.78559503  6.54980261 12.07459123  3.50659598 -4.4195395   2.5499452 ]\n [ 2.02482071  2.34781776  3.50659598  6.07777359 -2.14744761  1.07303526]\n [-2.22153404 -2.25294337 -4.4195395  -2.14744761  6.34971173 -1.82703781]\n [ 1.32829672  0.3299668   2.5499452   1.07303526 -1.82703781  5.23085341]]", "nfev": "231", "njev": "33", "status": "0", "success": "True", "message": "Optimization terminated successfully.", "x": "[ 2.21809788  2.68901884 -1.84314831  1.46230038 -1.73949814 -0.4776982 ]", "nit": "30"}, "11": {"maxiter": 500, "gtol": 1e-05, "xrtol": 1e-10, "eps": 1e-10, "duration": 0.04004096984863281, "fun": "0.45812999606018756", "jac": "[-2.22044587e-06 -4.44089173e-06 -2.22044587e-06  0.00000000e+00\n -1.11022293e-06 -3.33066880e-06]", "hess_inv": "[[ 5.14099923  1.13175653  2.56625794  2.06271652 -2.13163862  1.4390766 ]\n [ 1.13175653  8.81487841  6.71369266  2.65117648 -2.26271128  0.689605  ]\n [ 2.56625794  6.71369266 12.26205826  3.88385203 -4.44102411  3.00128363]\n [ 2.06271652  2.65117648  3.88385203  6.37703825 -2.2517984   1.36010685]\n [-2.13163862 -2.26271128 -4.44102411 -2.2517984   6.34987547 -1.9625956 ]\n [ 1.4390766   0.689605    3.00128363  1.36010685 -1.9625956   5.49114968]]", "nfev": "231", "njev": "33", "status": "0", "success": "True", "message": "Optimization terminated successfully.", "x": "[ 2.21809372  2.68900297 -1.84317007  1.46229808 -1.73948676 -0.47770937]", "nit": "30"}, "12": {"maxiter": 500, "gtol": 1e-10, "xrtol": 1e-05, "eps": 1e-05, "duration": 0.041214942932128906, "fun": "0.45812999597503035", "jac": "[-2.09721129e-08 -8.52651283e-09 -1.70308212e-08  1.05471187e-08\n -2.36699549e-08 -1.59205982e-08]", "hess_inv": "[[ 5.28856195  1.20314114  2.84502859  1.86659649 -2.17104847  1.41416133]\n [ 1.20314114  8.6107597   6.64623228  2.11667761 -2.2061519   0.46970374]\n [ 2.84502859  6.64623228 12.05464166  3.57762529 -4.46109292  2.52142044]\n [ 1.86659649  2.11667761  3.57762529  5.85911906 -2.04651971  1.17516299]\n [-2.17104847 -2.2061519  -4.46109292 -2.04651971  6.32772869 -1.88723123]\n [ 1.41416133  0.46970374  2.52142044  1.17516299 -1.88723123  5.19007687]]", "nfev": "238", "njev": "34", "status": "0", "success": "True", "message": "Optimization terminated successfully.", "x": "[ 2.21810104  2.68902258 -1.84315033  1.46230574 -1.73949982 -0.47770112]", "nit": "31"}, "13": {"maxiter": 500, "gtol": 1e-10, "xrtol": 1e-05, "eps": 1e-10, "duration": 0.04271888732910156, "fun": "0.45812999594081705", "jac": "[ 1.11022293e-06  0.00000000e+00 -1.11022293e-06  0.00000000e+00\n  0.00000000e+00  0.00000000e+00]", "hess_inv": "[[ 5.1469672   0.60010878  1.67356958  2.01292661 -2.03150635  1.07285437]\n [ 0.60010878  6.29033801  3.07049947  1.93184374 -1.4868476  -0.8320224 ]\n [ 1.67356958  3.07049947  7.81468529  2.69647674 -3.32538515  1.23636786]\n [ 2.01292661  1.93184374  2.69647674  6.26226871 -2.08094528  0.86384111]\n [-2.03150635 -1.4868476  -3.32538515 -2.08094528  6.1528792  -1.51068625]\n [ 1.07285437 -0.8320224   1.23636786  0.86384111 -1.51068625  4.80772091]]", "nfev": "245", "njev": "35", "status": "0", "success": "True", "message": "Optimization terminated successfully.", "x": "[ 2.21811285  2.68903463 -1.84313494  1.46231768 -1.73950346 -0.4776936 ]", "nit": "32"}, "14": {"maxiter": 500, "gtol": 1e-10, "xrtol": 1e-10, "eps": 1e-05, "duration": 0.08474206924438477, "fun": "0.4581299959743379", "jac": "[ 3.31956684e-09  1.16573418e-09  1.19904087e-09 -6.43929354e-10\n  2.57571742e-09  1.53210777e-09]", "hess_inv": "[[ 5.06033462  0.99940702  2.50348684  1.8293055  -2.17906772  1.2338111 ]\n [ 0.99940702  8.44985318  6.36041741  2.08862997 -2.21566437  0.31081099]\n [ 2.50348684  6.36041741 11.57672817  3.51694687 -4.47170334  2.26495049]\n [ 1.8293055   2.08862997  3.51694687  5.860201   -2.05056696  1.13921857]\n [-2.17906772 -2.21566437 -4.47170334 -2.05056696  6.32849827 -1.8912392 ]\n [ 1.2338111   0.31081099  2.26495049  1.13921857 -1.8912392   5.05613083]]", "nfev": "494", "njev": "69", "status": "2", "success": "False", "message": "Desired error not necessarily achieved due to precision loss.", "x": "[ 2.21810116  2.68902273 -1.84315011  1.46230576 -1.73949982 -0.47770102]", "nit": "32"}, "15": {"maxiter": 500, "gtol": 1e-10, "xrtol": 1e-10, "eps": 1e-10, "duration": 0.05434584617614746, "fun": "0.4581299959394657", "jac": "[ 0.00000000e+00 -1.11022293e-06  0.00000000e+00  0.00000000e+00\n -1.11022293e-06 -1.11022293e-06]", "hess_inv": "[[ 5.47005686 -4.76324709 -6.3945     -2.79356225 -0.34622067 -2.67655138]\n [-4.76324709 13.2201616  12.39243661  4.03247368 -1.28661489  0.73097666]\n [-6.3945     12.39243661 18.18315523  3.64666968 -0.82193079  2.74821095]\n [-2.79356225  4.03247368  3.64666968  3.82297212  0.2621178  -1.02922364]\n [-0.34622067 -1.28661489 -0.82193079  0.2621178   4.00013356  0.08399353]\n [-2.67655138  0.73097666  2.74821095 -1.02922364  0.08399353  3.70589707]]", "nfev": "315", "njev": "45", "status": "2", "success": "False", "message": "Desired error not necessarily achieved due to precision loss.", "x": "[ 2.21810847  2.68903798 -1.84312729  1.46231911 -1.73950553 -0.4776938 ]", "nit": "34"}, "16": {"maxiter": 1000, "gtol": 1e-05, "xrtol": 1e-05, "eps": 1e-05, "duration": 0.03997397422790527, "fun": "0.4581299959892733", "jac": "[-6.40798525e-07 -8.95694630e-07  1.13804521e-06 -1.07832632e-06\n  3.80495635e-07  6.48059384e-07]", "hess_inv": "[[ 5.3823923   1.31550451  2.78559503  2.02482071 -2.22153404  1.32829672]\n [ 1.31550451  8.7092692   6.54980261  2.34781776 -2.25294337  0.3299668 ]\n [ 2.78559503  6.54980261 12.07459123  3.50659598 -4.4195395   2.5499452 ]\n [ 2.02482071  2.34781776  3.50659598  6.07777359 -2.14744761  1.07303526]\n [-2.22153404 -2.25294337 -4.4195395  -2.14744761  6.34971173 -1.82703781]\n [ 1.32829672  0.3299668   2.5499452   1.07303526 -1.82703781  5.23085341]]", "nfev": "231", "njev": "33", "status": "0", "success": "True", "message": "Optimization terminated successfully.", "x": "[ 2.21809788  2.68901884 -1.84314831  1.46230038 -1.73949814 -0.4776982 ]", "nit": "30"}, "17": {"maxiter": 1000, "gtol": 1e-05, "xrtol": 1e-05, "eps": 1e-10, "duration": 0.03991889953613281, "fun": "0.45812999606018756", "jac": "[-2.22044587e-06 -4.44089173e-06 -2.22044587e-06  0.00000000e+00\n -1.11022293e-06 -3.33066880e-06]", "hess_inv": "[[ 5.14099923  1.13175653  2.56625794  2.06271652 -2.13163862  1.4390766 ]\n [ 1.13175653  8.81487841  6.71369266  2.65117648 -2.26271128  0.689605  ]\n [ 2.56625794  6.71369266 12.26205826  3.88385203 -4.44102411  3.00128363]\n [ 2.06271652  2.65117648  3.88385203  6.37703825 -2.2517984   1.36010685]\n [-2.13163862 -2.26271128 -4.44102411 -2.2517984   6.34987547 -1.9625956 ]\n [ 1.4390766   0.689605    3.00128363  1.36010685 -1.9625956   5.49114968]]", "nfev": "231", "njev": "33", "status": "0", "success": "True", "message": "Optimization terminated successfully.", "x": "[ 2.21809372  2.68900297 -1.84317007  1.46229808 -1.73948676 -0.47770937]", "nit": "30"}, "18": {"maxiter": 1000, "gtol": 1e-05, "xrtol": 1e-10, "eps": 1e-05, "duration": 0.03976702690124512, "fun": "0.4581299959892733", "jac": "[-6.40798525e-07 -8.95694630e-07  1.13804521e-06 -1.07832632e-06\n  3.80495635e-07  6.48059384e-07]", "hess_inv": "[[ 5.3823923   1.31550451  2.78559503  2.02482071 -2.22153404  1.32829672]\n [ 1.31550451  8.7092692   6.54980261  2.34781776 -2.25294337  0.3299668 ]\n [ 2.78559503  6.54980261 12.07459123  3.50659598 -4.4195395   2.5499452 ]\n [ 2.02482071  2.34781776  3.50659598  6.07777359 -2.14744761  1.07303526]\n [-2.22153404 -2.25294337 -4.4195395  -2.14744761  6.34971173 -1.82703781]\n [ 1.32829672  0.3299668   2.5499452   1.07303526 -1.82703781  5.23085341]]", "nfev": "231", "njev": "33", "status": "0", "success": "True", "message": "Optimization terminated successfully.", "x": "[ 2.21809788  2.68901884 -1.84314831  1.46230038 -1.73949814 -0.4776982 ]", "nit": "30"}, "19": {"maxiter": 1000, "gtol": 1e-05, "xrtol": 1e-10, "eps": 1e-10, "duration": 0.03987574577331543, "fun": "0.45812999606018756", "jac": "[-2.22044587e-06 -4.44089173e-06 -2.22044587e-06  0.00000000e+00\n -1.11022293e-06 -3.33066880e-06]", "hess_inv": "[[ 5.14099923  1.13175653  2.56625794  2.06271652 -2.13163862  1.4390766 ]\n [ 1.13175653  8.81487841  6.71369266  2.65117648 -2.26271128  0.689605  ]\n [ 2.56625794  6.71369266 12.26205826  3.88385203 -4.44102411  3.00128363]\n [ 2.06271652  2.65117648  3.88385203  6.37703825 -2.2517984   1.36010685]\n [-2.13163862 -2.26271128 -4.44102411 -2.2517984   6.34987547 -1.9625956 ]\n [ 1.4390766   0.689605    3.00128363  1.36010685 -1.9625956   5.49114968]]", "nfev": "231", "njev": "33", "status": "0", "success": "True", "message": "Optimization terminated successfully.", "x": "[ 2.21809372  2.68900297 -1.84317007  1.46229808 -1.73948676 -0.47770937]", "nit": "30"}, "20": {"maxiter": 1000, "gtol": 1e-10, "xrtol": 1e-05, "eps": 1e-05, "duration": 0.04112887382507324, "fun": "0.45812999597503035", "jac": "[-2.09721129e-08 -8.52651283e-09 -1.70308212e-08  1.05471187e-08\n -2.36699549e-08 -1.59205982e-08]", "hess_inv": "[[ 5.28856195  1.20314114  2.84502859  1.86659649 -2.17104847  1.41416133]\n [ 1.20314114  8.6107597   6.64623228  2.11667761 -2.2061519   0.46970374]\n [ 2.84502859  6.64623228 12.05464166  3.57762529 -4.46109292  2.52142044]\n [ 1.86659649  2.11667761  3.57762529  5.85911906 -2.04651971  1.17516299]\n [-2.17104847 -2.2061519  -4.46109292 -2.04651971  6.32772869 -1.88723123]\n [ 1.41416133  0.46970374  2.52142044  1.17516299 -1.88723123  5.19007687]]", "nfev": "238", "njev": "34", "status": "0", "success": "True", "message": "Optimization terminated successfully.", "x": "[ 2.21810104  2.68902258 -1.84315033  1.46230574 -1.73949982 -0.47770112]", "nit": "31"}, "21": {"maxiter": 1000, "gtol": 1e-10, "xrtol": 1e-05, "eps": 1e-10, "duration": 0.04232907295227051, "fun": "0.45812999594081705", "jac": "[ 1.11022293e-06  0.00000000e+00 -1.11022293e-06  0.00000000e+00\n  0.00000000e+00  0.00000000e+00]", "hess_inv": "[[ 5.1469672   0.60010878  1.67356958  2.01292661 -2.03150635  1.07285437]\n [ 0.60010878  6.29033801  3.07049947  1.93184374 -1.4868476  -0.8320224 ]\n [ 1.67356958  3.07049947  7.81468529  2.69647674 -3.32538515  1.23636786]\n [ 2.01292661  1.93184374  2.69647674  6.26226871 -2.08094528  0.86384111]\n [-2.03150635 -1.4868476  -3.32538515 -2.08094528  6.1528792  -1.51068625]\n [ 1.07285437 -0.8320224   1.23636786  0.86384111 -1.51068625  4.80772091]]", "nfev": "245", "njev": "35", "status": "0", "success": "True", "message": "Optimization terminated successfully.", "x": "[ 2.21811285  2.68903463 -1.84313494  1.46231768 -1.73950346 -0.4776936 ]", "nit": "32"}, "22": {"maxiter": 1000, "gtol": 1e-10, "xrtol": 1e-10, "eps": 1e-05, "duration": 0.08479785919189453, "fun": "0.4581299959743379", "jac": "[ 3.31956684e-09  1.16573418e-09  1.19904087e-09 -6.43929354e-10\n  2.57571742e-09  1.53210777e-09]", "hess_inv": "[[ 5.06033462  0.99940702  2.50348684  1.8293055  -2.17906772  1.2338111 ]\n [ 0.99940702  8.44985318  6.36041741  2.08862997 -2.21566437  0.31081099]\n [ 2.50348684  6.36041741 11.57672817  3.51694687 -4.47170334  2.26495049]\n [ 1.8293055   2.08862997  3.51694687  5.860201   -2.05056696  1.13921857]\n [-2.17906772 -2.21566437 -4.47170334 -2.05056696  6.32849827 -1.8912392 ]\n [ 1.2338111   0.31081099  2.26495049  1.13921857 -1.8912392   5.05613083]]", "nfev": "494", "njev": "69", "status": "2", "success": "False", "message": "Desired error not necessarily achieved due to precision loss.", "x": "[ 2.21810116  2.68902273 -1.84315011  1.46230576 -1.73949982 -0.47770102]", "nit": "32"}, "23": {"maxiter": 1000, "gtol": 1e-10, "xrtol": 1e-10, "eps": 1e-10, "duration": 0.05478310585021973, "fun": "0.4581299959394657", "jac": "[ 0.00000000e+00 -1.11022293e-06  0.00000000e+00  0.00000000e+00\n -1.11022293e-06 -1.11022293e-06]", "hess_inv": "[[ 5.47005686 -4.76324709 -6.3945     -2.79356225 -0.34622067 -2.67655138]\n [-4.76324709 13.2201616  12.39243661  4.03247368 -1.28661489  0.73097666]\n [-6.3945     12.39243661 18.18315523  3.64666968 -0.82193079  2.74821095]\n [-2.79356225  4.03247368  3.64666968  3.82297212  0.2621178  -1.02922364]\n [-0.34622067 -1.28661489 -0.82193079  0.2621178   4.00013356  0.08399353]\n [-2.67655138  0.73097666  2.74821095 -1.02922364  0.08399353  3.70589707]]", "nfev": "315", "njev": "45", "status": "2", "success": "False", "message": "Desired error not necessarily achieved due to precision loss.", "x": "[ 2.21810847  2.68903798 -1.84312729  1.46231911 -1.73950553 -0.4776938 ]", "nit": "34"}}, "cobyla": {"0": {"maxiter": 100, "tol": 1e-05, "catol": 1e-05, "duration": 0.016896963119506836, "x": "[4.02164489 5.99554199 1.57354043 4.67200923 1.27966532 2.71983516]", "status": "2", "success": "False", "message": "Maximum number of function evaluations has been exceeded.", "nfev": "100", "fun": "0.46166893491015826", "maxcv": "0.0"}, "1": {"maxiter": 100, "tol": 1e-05, "catol": 1e-10, "duration": 0.017176151275634766, "x": "[4.02164489 5.99554199 1.57354043 4.67200923 1.27966532 2.71983516]", "status": "2", "success": "False", "message": "Maximum number of function evaluations has been exceeded.", "nfev": "100", "fun": "0.46166893491015826", "maxcv": "0.0"}, "2": {"maxiter": 100, "tol": 1e-10, "catol": 1e-05, "duration": 0.017814159393310547, "x": "[4.02164489 5.99554199 1.57354043 4.67200923 1.27966532 2.71983516]", "status": "2", "success": "False", "message": "Maximum number of function evaluations has been exceeded.", "nfev": "100", "fun": "0.46166893491015826", "maxcv": "0.0"}, "3": {"maxiter": 100, "tol": 1e-10, "catol": 1e-10, "duration": 0.016934871673583984, "x": "[4.02164489 5.99554199 1.57354043 4.67200923 1.27966532 2.71983516]", "status": "2", "success": "False", "message": "Maximum number of function evaluations has been exceeded.", "nfev": "100", "fun": "0.46166893