{"date": "2024/07/19/, 13:52:23", "conf_id": 200, "data_type": "non_lin_ind\n", "num_data_points": 3, "s_rank": 0, "unitary": "[[-0.45070455-0.02711853j,0.78437395-0.06613086j,0.06358678+0.19963393j,-0.07343613+0.35668523j],[-0.01890143-0.03813363j,0.32408202+0.25557629j,0.05872864-0.68979805j,0.55466693-0.20227297j],[-0.11215405+0.64023111j,-0.13344055+0.29565494j,-0.49012687-0.19046288j,-0.04241254+0.44046348j],[0.55771659+0.24656916j,0.31851997-0.05798805j,0.28761525-0.34294258j,-0.56718418+0.03616933j]]", "databatch_0": {"databatch": "[[[0.22252545-3.75870041e-02j,-0.12992685+4.22101497e-02j,0.17799107+5.81290794e-02j,0.01618874-1.64709125e-01j],[-0.04510961+6.43053746e-02j,0.02131948-4.25018479e-02j,-0.05792491+2.98679468e-02j,0.03683494+4.42893295e-02j],[0.04798231-4.60805597e-01j,0.01206559+2.80192085e-01j,0.21282191-3.20101709e-01j,-0.31688631-1.22564826e-01j],[-0.33073426+6.76590101e-02j,0.19206293-6.97987338e-02j,-0.26908868-7.77296042e-02j,-0.01571406+2.47071154e-01j]],[[0.05435559-2.32827918e-01j,-0.03932928-4.10752553e-02j,0.08034152-3.46083198e-02j,-0.25109024-3.07877359e-02j],[0.04437233+7.04007433e-02j,0.01979123+3.04226711e-04j,-0.01107609+2.83618896e-02j,0.06902971-5.46589570e-02j],[-0.43064036-2.35503225e-01j,-0.10286481+5.52111473e-02j,-0.02428779-1.77936112e-01j,-0.19892652+4.79718021e-01j],[-0.06926246+3.50874227e-01j,0.06091319+5.93799869e-02j,-0.11832556+5.58789170e-02j,0.37696154+3.30878870e-02j]],[[-0.19532994+2.44865229e-02j,-0.1108826-2.02480172e-01j,0.05714023+6.57728533e-02j,0.16642614-6.86202939e-02j],[0.04170355-5.43660571e-02j,0.07726524+2.20542161e-02j,-0.03026384-1.93277190e-03j,-0.02370437+5.80003507e-02j],[-0.05894435+3.99812736e-01j,-0.4614494+1.08011711e-01j,0.1615064-7.68634095e-02j,-0.04423892-3.66903944e-01j],[0.2907526-4.66726092e-02j,0.17620151+2.96989891e-01j,-0.08881294-9.53845784e-02j,-0.24526768+1.11162263e-01j]]]", "initial param values": "[2.89419974,2.93310889,2.81196272,3.76768522,4.37794888,1.60040298]", "nelder_mead": {"type": "gradient-free", "0": {"maxiter": 100, "fatol": 1e-05, "xatol": 1e-05, "duration": 0.02642822265625, "fun": "0.027371316271421975", "nit": "100", "nfev": "153", "status": "2", "success": "False", "message": "Maximum number of iterations has been exceeded.", "x": "[-0.30575556  2.90191692  3.06303353  4.71096591  3.70325947  2.72173239]", "final_simplex": "(array([[-0.30575556,  2.90191692,  3.06303353,  4.71096591,  3.70325947,\n         2.72173239],\n       [-0.38615142,  2.90807223,  3.13538973,  4.82625134,  3.78476531,\n         2.6626367 ],\n       [-0.3577047 ,  3.04663713,  2.90051818,  4.73125354,  3.76803117,\n         2.72609448],\n       [-0.3260638 ,  2.97503833,  2.9770362 ,  4.78144197,  3.81095248,\n         2.67757286],\n       [-0.28465508,  3.08294611,  2.80579366,  4.76090364,  3.73893355,\n         2.74394583],\n       [-0.3691967 ,  3.02921546,  2.93942756,  4.75401747,  3.75189504,\n         2.67843302],\n       [-0.27851814,  3.0456752 ,  2.91620099,  4.73066405,  3.65977026,\n         2.69574366]]), array([0.02737132, 0.02851819, 0.03042984, 0.03092167, 0.03095668,\n       0.03125592, 0.03146784]))"}, "1": {"maxiter": 100, "fatol": 1e-05, "xatol": 1e-10, "duration": 0.02629995346069336, "fun": "0.027371316271421975", "nit": "100", "nfev": "153", "status": "2", "success": "False", "message": "Maximum number of iterations has been exceeded.", "x": "[-0.30575556  2.90191692  3.06303353  4.71096591  3.70325947  2.72173239]", "final_simplex": "(array([[-0.30575556,  2.90191692,  3.06303353,  4.71096591,  3.70325947,\n         2.72173239],\n       [-0.38615142,  2.90807223,  3.13538973,  4.82625134,  3.78476531,\n         2.6626367 ],\n       [-0.3577047 ,  3.04663713,  2.90051818,  4.73125354,  3.76803117,\n         2.72609448],\n       [-0.3260638 ,  2.97503833,  2.9770362 ,  4.78144197,  3.81095248,\n         2.67757286],\n       [-0.28465508,  3.08294611,  2.80579366,  4.76090364,  3.73893355,\n         2.74394583],\n       [-0.3691967 ,  3.02921546,  2.93942756,  4.75401747,  3.75189504,\n         2.67843302],\n       [-0.27851814,  3.0456752 ,  2.91620099,  4.73066405,  3.65977026,\n         2.69574366]]), array([0.02737132, 0.02851819, 0.03042984, 0.03092167, 0.03095668,\n       0.03125592, 0.03146784]))"}, "2": {"maxiter": 100, "fatol": 1e-10, "xatol": 1e-05, "duration": 0.02628183364868164, "fun": "0.027371316271421975", "nit": "100", "nfev": "153", "status": "2", "success": "False", "message": "Maximum number of iterations has been exceeded.", "x": "[-0.30575556  2.90191692  3.06303353  4.71096591  3.70325947  2.72173239]", "final_simplex": "(array([[-0.30575556,  2.90191692,  3.06303353,  4.71096591,  3.70325947,\n         2.72173239],\n       [-0.38615142,  2.90807223,  3.13538973,  4.82625134,  3.78476531,\n         2.6626367 ],\n       [-0.3577047 ,  3.04663713,  2.90051818,  4.73125354,  3.76803117,\n         2.72609448],\n       [-0.3260638 ,  2.97503833,  2.9770362 ,  4.78144197,  3.81095248,\n         2.67757286],\n       [-0.28465508,  3.08294611,  2.80579366,  4.76090364,  3.73893355,\n         2.74394583],\n       [-0.3691967 ,  3.02921546,  2.93942756,  4.75401747,  3.75189504,\n         2.67843302],\n       [-0.27851814,  3.0456752 ,  2.91620099,  4.73066405,  3.65977026,\n         2.69574366]]), array([0.02737132, 0.02851819, 0.03042984, 0.03092167, 0.03095668,\n       0.03125592, 0.03146784]))"}, "3": {"maxiter": 100, "fatol": 1e-10, "xatol": 1e-10, "duration": 0.02616405487060547, "fun": "0.027371316271421975", "nit": "100", "nfev": "153", "status": "2", "success": "False", "message": "Maximum number of iterations has been exceeded.", "x": "[-0.30575556  2.90191692  3.06303353  4.71096591  3.70325947  2.72173239]", "final_simplex": "(array([[-0.30575556,  2.90191692,  3.06303353,  4.71096591,  3.70325947,\n         2.72173239],\n       [-0.38615142,  2.90807223,  3.13538973,  4.82625134,  3.78476531,\n         2.6626367 ],\n       [-0.3577047 ,  3.04663713,  2.90051818,  4.73125354,  3.76803117,\n         2.72609448],\n       [-0.3260638 ,  2.97503833,  2.9770362 ,  4.78144197,  3.81095248,\n         2.67757286],\n       [-0.28465508,  3.08294611,  2.80579366,  4.76090364,  3.73893355,\n         2.74394583],\n       [-0.3691967 ,  3.02921546,  2.93942756,  4.75401747,  3.75189504,\n         2.67843302],\n       [-0.27851814,  3.0456752 ,  2.91620099,  4.73066405,  3.65977026,\n         2.69574366]]), array([0.02737132, 0.02851819, 0.03042984, 0.03092167, 0.03095668,\n       0.03125592, 0.03146784]))"}, "4": {"maxiter": 500, "fatol": 1e-05, "xatol": 1e-05, "duration": 0.06908011436462402, "fun": "0.007729627818276352", "nit": "252", "nfev": "405", "status": "0", "success": "True", "message": "Optimization terminated successfully.", "x": "[-0.6074798   2.52696586  3.61958538  5.08522777  3.69810388  2.98730007]", "final_simplex": "(array([[-0.6074798 ,  2.52696586,  3.61958538,  5.08522777,  3.69810388,\n         2.98730007],\n       [-0.60747803,  2.52696761,  3.61958207,  5.08522282,  3.69810521,\n         2.98729766],\n       [-0.60747529,  2.52696176,  3.61958979,  5.0852231 ,  3.69810156,\n         2.98729641],\n       [-0.60748211,  2.52696261,  3.61959244,  5.08522978,  3.69810566,\n         2.98729895],\n       [-0.60747569,  2.52696231,  3.61958926,  5.08522404,  3.69810694,\n         2.98729679],\n       [-0.60747634,  2.52695842,  3.6195912 ,  5.08522992,  3.69810416,\n         2.9872969 ],\n       [-0.60748293,  2.52696181,  3.6195927 ,  5.08522778,  3.6981033 ,\n         2.98730451]]), array([0.00772963, 0.00772963, 0.00772963, 0.00772963, 0.00772963,\n       0.00772963, 0.00772963]))"}, "5": {"maxiter": 500, "fatol": 1e-05, "xatol": 1e-10, "duration": 0.10375499725341797, "fun": "0.007729627817218088", "nit": "339", "nfev": "611", "status": "0", "success": "True", "message": "Optimization terminated successfully.", "x": "[-0.60747877  2.52696429  3.61958716  5.08522577  3.69810379  2.98729906]", "final_simplex": "(array([[-0.60747877,  2.52696429,  3.61958716,  5.08522577,  3.69810379,\n         2.98729906],\n       [-0.60747877,  2.52696429,  3.61958716,  5.08522577,  3.69810379,\n         2.98729906],\n       [-0.60747877,  2.52696429,  3.61958716,  5.08522577,  3.69810379,\n         2.98729906],\n       [-0.60747877,  2.52696429,  3.61958716,  5.08522577,  3.69810379,\n         2.98729906],\n       [-0.60747877,  2.52696429,  3.61958716,  5.08522577,  3.69810379,\n         2.98729906],\n       [-0.60747877,  2.52696429,  3.61958716,  5.08522577,  3.69810379,\n         2.98729906],\n       [-0.60747877,  2.52696429,  3.61958716,  5.08522577,  3.69810379,\n         2.98729906]]), array([0.00772963, 0.00772963, 0.00772963, 0.00772963, 0.00772963,\n       0.00772963, 0.00772963]))"}, "6": {"maxiter": 500, "fatol": 1e-10, "xatol": 1e-05, "duration": 0.06912493705749512, "fun": "0.007729627818276352", "nit": "252", "nfev": "405", "status": "0", "success": "True", "message": "Optimization terminated successfully.", "x": "[-0.6074798   2.52696586  3.61958538  5.08522777  3.69810388  2.98730007]", "final_simplex": "(array([[-0.6074798 ,  2.52696586,  3.61958538,  5.08522777,  3.69810388,\n         2.98730007],\n       [-0.60747803,  2.52696761,  3.61958207,  5.08522282,  3.69810521,\n         2.98729766],\n       [-0.60747529,  2.52696176,  3.61958979,  5.0852231 ,  3.69810156,\n         2.98729641],\n       [-0.60748211,  2.52696261,  3.61959244,  5.08522978,  3.69810566,\n         2.98729895],\n       [-0.60747569,  2.52696231,  3.61958926,  5.08522404,  3.69810694,\n         2.98729679],\n       [-0.60747634,  2.52695842,  3.6195912 ,  5.08522992,  3.69810416,\n         2.9872969 ],\n       [-0.60748293,  2.52696181,  3.6195927 ,  5.08522778,  3.6981033 ,\n         2.98730451]]), array([0.00772963, 0.00772963, 0.00772963, 0.00772963, 0.00772963,\n       0.00772963, 0.00772963]))"}, "7": {"maxiter": 500, "fatol": 1e-10, "xatol": 1e-10, "duration": 0.10391807556152344, "fun": "0.007729627817218088", "nit": "339", "nfev": "611", "status": "0", "success": "True", "message": "Optimization terminated successfully.", "x": "[-0.60747877  2.52696429  3.61958716  5.08522577  3.69810379  2.98729906]", "final_simplex": "(array([[-0.60747877,  2.52696429,  3.61958716,  5.08522577,  3.69810379,\n         2.98729906],\n       [-0.60747877,  2.52696429,  3.61958716,  5.08522577,  3.69810379,\n         2.98729906],\n       [-0.60747877,  2.52696429,  3.61958716,  5.08522577,  3.69810379,\n         2.98729906],\n       [-0.60747877,  2.52696429,  3.61958716,  5.08522577,  3.69810379,\n         2.98729906],\n       [-0.60747877,  2.52696429,  3.61958716,  5.08522577,  3.69810379,\n         2.98729906],\n       [-0.60747877,  2.52696429,  3.61958716,  5.08522577,  3.69810379,\n         2.98729906],\n       [-0.60747877,  2.52696429,  3.61958716,  5.08522577,  3.69810379,\n         2.98729906]]), array([0.00772963, 0.00772963, 0.00772963, 0.00772963, 0.00772963,\n       0.00772963, 0.00772963]))"}, "8": {"maxiter": 1000, "fatol": 1e-05, "xatol": 1e-05, "duration": 0.06841421127319336, "fun": "0.007729627818276352", "nit": "252", "nfev": "405", "status": "0", "success": "True", "message": "Optimization terminated successfully.", "x": "[-0.6074798   2.52696586  3.61958538  5.08522777  3.69810388  2.98730007]", "final_simplex": "(array([[-0.6074798 ,  2.52696586,  3.61958538,  5.08522777,  3.69810388,\n         2.98730007],\n       [-0.60747803,  2.52696761,  3.61958207,  5.08522282,  3.69810521,\n         2.98729766],\n       [-0.60747529,  2.52696176,  3.61958979,  5.0852231 ,  3.69810156,\n         2.98729641],\n       [-0.60748211,  2.52696261,  3.61959244,  5.08522978,  3.69810566,\n         2.98729895],\n       [-0.60747569,  2.52696231,  3.61958926,  5.08522404,  3.69810694,\n         2.98729679],\n       [-0.60747634,  2.52695842,  3.6195912 ,  5.08522992,  3.69810416,\n         2.9872969 ],\n       [-0.60748293,  2.52696181,  3.6195927 ,  5.08522778,  3.6981033 ,\n         2.98730451]]), array([0.00772963, 0.00772963, 0.00772963, 0.00772963, 0.00772963,\n       0.00772963, 0.00772963]))"}, "9": {"maxiter": 1000, "fatol": 1e-05, "xatol": 1e-10, "duration": 0.1041421890258789, "fun": "0.007729627817218088", "nit": "339", "nfev": "611", "status": "0", "success": "True", "message": "Optimization terminated successfully.", "x": "[-0.60747877  2.52696429  3.61958716  5.08522577  3.69810379  2.98729906]", "final_simplex": "(array([[-0.60747877,  2.52696429,  3.61958716,  5.08522577,  3.69810379,\n         2.98729906],\n       [-0.60747877,  2.52696429,  3.61958716,  5.08522577,  3.69810379,\n         2.98729906],\n       [-0.60747877,  2.52696429,  3.61958716,  5.08522577,  3.69810379,\n         2.98729906],\n       [-0.60747877,  2.52696429,  3.61958716,  5.08522577,  3.69810379,\n         2.98729906],\n       [-0.60747877,  2.52696429,  3.61958716,  5.08522577,  3.69810379,\n         2.98729906],\n       [-0.60747877,  2.52696429,  3.61958716,  5.08522577,  3.69810379,\n         2.98729906],\n       [-0.60747877,  2.52696429,  3.61958716,  5.08522577,  3.69810379,\n         2.98729906]]), array([0.00772963, 0.00772963, 0.00772963, 0.00772963, 0.00772963,\n       0.00772963, 0.00772963]))"}, "10": {"maxiter": 1000, "fatol": 1e-10, "xatol": 1e-05, "duration": 0.06927800178527832, "fun": "0.007729627818276352", "nit": "252", "nfev": "405", "status": "0", "success": "True", "message": "Optimization terminated successfully.", "x": "[-0.6074798   2.52696586  3.61958538  5.08522777  3.69810388  2.98730007]", "final_simplex": "(array([[-0.6074798 ,  2.52696586,  3.61958538,  5.08522777,  3.69810388,\n         2.98730007],\n       [-0.60747803,  2.52696761,  3.61958207,  5.08522282,  3.69810521,\n         2.98729766],\n       [-0.60747529,  2.52696176,  3.61958979,  5.0852231 ,  3.69810156,\n         2.98729641],\n       [-0.60748211,  2.52696261,  3.61959244,  5.08522978,  3.69810566,\n         2.98729895],\n       [-0.60747569,  2.52696231,  3.61958926,  5.08522404,  3.69810694,\n         2.98729679],\n       [-0.60747634,  2.52695842,  3.6195912 ,  5.08522992,  3.69810416,\n         2.9872969 ],\n       [-0.60748293,  2.52696181,  3.6195927 ,  5.08522778,  3.6981033 ,\n         2.98730451]]), array([0.00772963, 0.00772963, 0.00772963, 0.00772963, 0.00772963,\n       0.00772963, 0.00772963]))"}, "11": {"maxiter": 1000, "fatol": 1e-10, "xatol": 1e-10, "duration": 0.10444283485412598, "fun": "0.007729627817218088", "nit": "339", "nfev": "611", "status": "0", "success": "True", "message": "Optimization terminated successfully.", "x": "[-0.60747877  2.52696429  3.61958716  5.08522577  3.69810379  2.98729906]", "final_simplex": "(array([[-0.60747877,  2.52696429,  3.61958716,  5.08522577,  3.69810379,\n         2.98729906],\n       [-0.60747877,  2.52696429,  3.61958716,  5.08522577,  3.69810379,\n         2.98729906],\n       [-0.60747877,  2.52696429,  3.61958716,  5.08522577,  3.69810379,\n         2.98729906],\n       [-0.60747877,  2.52696429,  3.61958716,  5.08522577,  3.69810379,\n         2.98729906],\n       [-0.60747877,  2.52696429,  3.61958716,  5.08522577,  3.69810379,\n         2.98729906],\n       [-0.60747877,  2.52696429,  3.61958716,  5.08522577,  3.69810379,\n         2.98729906],\n       [-0.60747877,  2.52696429,  3.61958716,  5.08522577,  3.69810379,\n         2.98729906]]), array([0.00772963, 0.00772963, 0.00772963, 0.00772963, 0.00772963,\n       0.00772963, 0.00772963]))"}}, "bfgs": {"type": "gradient", "0": {"maxiter": 100, "gtol": 1e-05, "xrtol": 1e-05, "eps": 1e-05, "duration": 0.024539709091186523, "fun": "0.007729627975003761", "jac": "[-1.96023198e-06  1.28175248e-07 -1.34482425e-06  1.48965285e-06\n -1.15918386e-06  4.19568824e-06]", "hess_inv": "[[ 2.89765026  1.86811864 -1.12924589 -0.5385297   1.35807949 -0.4227678 ]\n [ 1.86811864  3.30150694 -2.80101123 -1.47661496 -1.02196164 -2.05550515]\n [-1.12924589 -2.80101123 11.40792158  5.14904105  7.47318496  4.64364399]\n [-0.5385297  -1.47661496  5.14904105  3.75942711  3.5581289   2.12106724]\n [ 1.35807949 -1.02196164  7.47318496  3.5581289   9.91139469  4.67992983]\n [-0.4227678  -2.05550515  4.64364399  2.12106724  4.67992983  5.0503413 ]]", "nfev": "140", "njev": "20", "status": "0", "success": "True", "message": "Optimization terminated successfully.", "x": "[-0.28717983  0.8286015   4.13739928  4.32183346  2.84576909  2.35050027]", "nit": "16"}, "1": {"maxiter": 100, "gtol": 1e-05, "xrtol": 1e-05, "eps": 1e-10, "duration": 0.024328947067260742, "fun": "0.007729627891365332", "jac": "[6.66133760e-06 2.22044587e-06 2.22044587e-06 2.22044587e-06\n 0.00000000e+00 1.11022293e-06]", "hess_inv": "[[ 2.89464747  1.8816676  -1.3060573  -0.60963104  1.23097632 -0.49375719]\n [ 1.8816676   3.33806326 -3.01195441 -1.55585427 -1.16473313 -2.15570901]\n [-1.3060573  -3.01195441 11.54872848  5.16627473  7.4716378   4.82963967]\n [-0.60963104 -1.55585427  5.16627473  3.74887364  3.52814733  2.17792207]\n [ 1.23097632 -1.16473313  7.4716378   3.52814733  9.83841516  4.77433658]\n [-0.49375719 -2.15570901  4.82963967  2.17792207  4.77433658  5.18606287]]", "nfev": "140", "njev": "20", "status": "0", "success": "True", "message": "Optimization terminated successfully.", "x": "[-0.28715383  0.82862622  4.13745584  4.32187298  2.84585643  2.35053812]", "nit": "16"}, "2": {"maxiter": 100, "gtol": 1e-05, "xrtol": 1e-10, "eps": 1e-05, "duration": 0.024405956268310547, "fun": "0.007729627975003761", "jac": "[-1.96023198e-06  1.28175248e-07 -1.34482425e-06  1.48965285e-06\n -1.15918386e-06  4.19568824e-06]", "hess_inv": "[[ 2.89765026  1.86811864 -1.12924589 -0.5385297   1.35807949 -0.4227678 ]\n [ 1.86811864  3.30150694 -2.80101123 -1.47661496 -1.02196164 -2.05550515]\n [-1.12924589 -2.80101123 11.40792158  5.14904105  7.47318496  4.64364399]\n [-0.5385297  -1.47661496  5.14904105  3.75942711  3.5581289   2.12106724]\n [ 1.35807949 -1.02196164  7.47318496  3.5581289   9.91139469  4.67992983]\n [-0.4227678  -2.05550515  4.64364399  2.12106724  4.67992983  5.0503413 ]]", "nfev": "140", "njev": "20", "status": "0", "success": "True", "message": "Optimization terminated successfully.", "x": "[-0.28717983  0.8286015   4.13739928  4.32183346  2.84576909  2.35050027]", "nit": "16"}, "3": {"maxiter": 100, "gtol": 1e-05, "xrtol": 1e-10, "eps": 1e-10, "duration": 0.024823665618896484, "fun": "0.007729627891365332", "jac": "[6.66133760e-06 2.22044587e-06 2.22044587e-06 2.22044587e-06\n 0.00000000e+00 1.11022293e-06]", "hess_inv": "[[ 2.89464747  1.8816676  -1.3060573  -0.60963104  1.23097632 -0.49375719]\n [ 1.8816676   3.33806326 -3.01195441 -1.55585427 -1.16473313 -2.15570901]\n [-1.3060573  -3.01195441 11.54872848  5.16627473  7.4716378   4.82963967]\n [-0.60963104 -1.55585427  5.16627473  3.74887364  3.52814733  2.17792207]\n [ 1.23097632 -1.16473313  7.4716378   3.52814733  9.83841516  4.77433658]\n [-0.49375719 -2.15570901  4.82963967  2.17792207  4.77433658  5.18606287]]", "nfev": "140", "njev": "20", "status": "0", "success": "True", "message": "Optimization terminated successfully.", "x": "[-0.28715383  0.82862622  4.13745584  4.32187298  2.84585643  2.35053812]", "nit": "16"}, "4": {"maxiter": 100, "gtol": 1e-10, "xrtol": 1e-05, "eps": 1e-05, "duration": 0.025611162185668945, "fun": "0.007729627970681441", "jac": "[-1.21417321e-06  1.40999434e-06 -7.57860441e-07  1.14586118e-06\n  2.29860575e-07  2.92765812e-07]", "hess_inv": "[[ 2.68747437  1.67735882 -1.11219056 -0.51941757  1.25878025 -0.19277466]\n [ 1.67735882  3.19458518 -2.94688168 -1.59220444 -1.27598621 -2.01043736]\n [-1.11219056 -2.94688168 11.7997058   5.47142046  7.8806209   5.02382234]\n [-0.51941757 -1.59220444  5.47142046  4.02457456  3.89620513  2.42875781]\n [ 1.25878025 -1.27598621  7.8806209   3.89620513 10.27016587  5.19373307]\n [-0.19277466 -2.01043736  5.02382234  2.42875781  5.19373307  5.20325963]]", "nfev": "147", "njev": "21", "status": "0", "success": "True", "message": "Optimization terminated successfully.", "x": "[-0.28717323  0.82860974  4.13739325  4.32182833  2.84576663  2.35048748]", "nit": "17"}, "5": {"maxiter": 100, "gtol": 1e-10, "xrtol": 1e-05, "eps": 1e-10, "duration": 0.02782583236694336, "fun": "0.0077296278487283265", "jac": "[ 1.11022293e-06 -3.33066880e-06  2.22044587e-06  2.22044587e-06\n  1.11022293e-06  0.00000000e+00]", "hess_inv": "[[ 3.675923    2.03939091  0.06613267  0.23214355  2.970128    0.15451224]\n [ 2.03939091  3.23617348 -2.5264001  -1.18753154 -0.58623765 -1.94262005]\n [ 0.06613267 -2.5264001  13.63357844  6.3353623  10.17159068  5.8400174 ]\n [ 0.23214355 -1.18753154  6.3353623   4.36153222  5.06463565  2.75442473]\n [ 2.970128   -0.58623765 10.17159068  5.06463565 13.32317168  6.07760912]\n [ 0.15451224 -1.94262005  5.8400174   2.75442473  6.07760912  5.67342311]]", "nfev": "161", "njev": "23", "status": "0", "success": "True", "message": "Optimization terminated successfully.", "x": "[-0.28715908  0.8286244   4.13744782  4.32186846  2.84584606  2.35053424]", "nit": "17"}, "6": {"maxiter": 100, "gtol": 1e-10, "xrtol": 1e-10, "eps": 1e-05, "duration": 0.057086944580078125, "fun": "0.0077296279429573955", "jac": "[-2.15638618e-07  2.14026574e-06  6.49436061e-07 -2.30875319e-06\n  1.09264819e-06  8.90232332e-07]", "hess_inv": "[[  3.32732593  -9.23903043   4.98275651  -2.91241034  -3.19790799\n   -4.25355327]\n [ -9.23903043  92.82991416 -58.97612197  21.93356138  27.2917202\n   29.34112226]\n [  4.98275651 -58.97612197  45.80643822  -8.83961836 -11.32948239\n  -15.14361237]\n [ -2.91241034  21.93356138  -8.83961836   9.81638552  11.96575537\n   10.75269645]\n [ -3.19790799  27.2917202  -11.32948239  11.96575537  17.47669363\n   14.27638673]\n [ -4.25355327  29.34112226 -15.14361237  10.75269645  14.27638673\n   15.42641435]]", "nfev": "332", "njev": "46", "status": "2", "success": "False", "message": "Desired error not necessarily achieved due to precision loss.", "x": "[-0.28716515  0.82856796  4.13742175  4.32181463  2.84575748  2.35047445]", "nit": "21"}, "7": {"maxiter": 100, "gtol": 1e-10, "xrtol": 1e-10, "eps": 1e-10, "duration": 0.035585880279541016, "fun": "0.007729627829965224", "jac": "[3.33066880e-06 0.00000000e+00 0.00000000e+00 3.33066880e-06\n 1.11022293e-06 1.11022293e-06]", "hess_inv": "[[ 1.6143157  -1.06896716 -1.39298863 -1.11108853  2.21489593  1.32491694]\n [-1.06896716  1.72194075  2.46805646  1.877656   -1.10612494 -1.50248043]\n [-1.39298863  2.46805646  5.18994283  2.58839694 -1.54541469 -2.08095274]\n [-1.11108853  1.877656    2.58839694  2.95670027 -2.02762877 -2.10641874]\n [ 2.21489593 -1.10612494 -1.54541469 -2.02762877  6.48480261  3.21189199]\n [ 1.32491694 -1.50248043 -2.08095274 -2.10641874  3.21189199  4.14934887]]", "nfev": "203", "njev": "29", "status": "0", "success": "True", "message": "Optimization terminated successfully.", "x": "[-0.28716027  0.82862377  4.13743851  4.32186313  2.84583982  2.35053198]", "nit": "20"}, "8": {"maxiter": 500, "gtol": 1e-05, "xrtol": 1e-05, "eps": 1e-05, "duration": 0.024357080459594727, "fun": "0.007729627975003761", "jac": "[-1.96023198e-06  1.28175248e-07 -1.34482425e-06  1.48965285e-06\n -1.15918386e-06  4.19568824e-06]", "hess_inv": "[[ 2.89765026  1.86811864 -1.12924589 -0.5385297   1.35807949 -0.4227678 ]\n [ 1.86811864  3.30150694 -2.80101123 -1.47661496 -1.02196164 -2.05550515]\n [-1.12924589 -2.80101123 11.40792158  5.14904105  7.47318496  4.64364399]\n [-0.5385297  -1.47661496  5.14904105  3.75942711  3.5581289   2.12106724]\n [ 1.35807949 -1.02196164  7.47318496  3.5581289   9.91139469  4.67992983]\n [-0.4227678  -2.05550515  4.64364399  2.12106724  4.67992983  5.0503413 ]]", "nfev": "140", "njev": "20", "status": "0", "success": "True", "message": "Optimization terminated successfully.", "x": "[-0.28717983  0.8286015   4.13739928  4.32183346  2.84576909  2.35050027]", "nit": "16"}, "9": {"maxiter": 500, "gtol": 1e-05, "xrtol": 1e-05, "eps": 1e-10, "duration": 0.024384021759033203, "fun": "0.007729627891365332", "jac": "[6.66133760e-06 2.22044587e-06 2.22044587e-06 2.22044587e-06\n 0.00000000e+00 1.11022293e-06]", "hess_inv": "[[ 2.89464747  1.8816676  -1.3060573  -0.60963104  1.23097632 -0.49375719]\n [ 1.8816676   3.33806326 -3.01195441 -1.55585427 -1.16473313 -2.15570901]\n [-1.3060573  -3.01195441 11.54872848  5.16627473  7.4716378   4.82963967]\n [-0.60963104 -1.55585427  5.16627473  3.74887364  3.52814733  2.17792207]\n [ 1.23097632 -1.16473313  7.4716378   3.52814733  9.83841516  4.77433658]\n [-0.49375719 -2.15570901  4.82963967  2.17792207  4.77433658  5.18606287]]", "nfev": "140", "njev": "20", "status": "0", "success": "True", "message": "Optimization terminated successfully.", "x": "[-0.28715383  0.82862622  4.13745584  4.32187298  2.84585643  2.35053812]", "nit": "16"}, "10": {"maxiter": 500, "gtol": 1e-05, "xrtol": 1e-10, "eps": 1e-05, "duration": 0.024319887161254883, "fun": "0.007729627975003761", "jac": "[-1.96023198e-06  1.28175248e-07 -1.34482425e-06  1.48965285e-06\n -1.15918386e-06  4.19568824e-06]", "hess_inv": "[[ 2.89765026  1.86811864 -1.12924589 -0.5385297   1.35807949 -0.4227678 ]\n [ 1.86811864  3.30150694 -2.80101123 -1.47661496 -1.02196164 -2.05550515]\n [-1.12924589 -2.80101123 11.40792158  5.14904105  7.47318496  4.64364399]\n [-0.5385297  -1.47661496  5.14904105  3.75942711  3.5581289   2.12106724]\n [ 1.35807949 -1.02196164  7.47318496  3.5581289   9.91139469  4.67992983]\n [-0.4227678  -2.05550515  4.64364399  2.12106724  4.67992983  5.0503413 ]]", "nfev": "140", "njev": "20", "status": "0", "success": "True", "message": "Optimization terminated successfully.", "x": "[-0.28717983  0.8286015   4.13739928  4.32183346  2.84576909  2.35050027]", "nit": "16"}, "11": {"maxiter": 500, "gtol": 1e-05, "xrtol": 1e-10, "eps": 1e-10, "duration": 0.02433300018310547, "fun": "0.007729627891365332", "jac": "[6.66133760e-06 2.22044587e-06 2.22044587e-06 2.22044587e-06\n 0.00000000e+00 1.11022293e-06]", "hess_inv": "[[ 2.89464747  1.8816676  -1.3060573  -0.60963104  1.23097632 -0.49375719]\n [ 1.8816676   3.33806326 -3.01195441 -1.55585427 -1.16473313 -2.15570901]\n [-1.3060573  -3.01195441 11.54872848  5.16627473  7.4716378   4.82963967]\n [-0.60963104 -1.55585427  5.16627473  3.74887364  3.52814733  2.17792207]\n [ 1.23097632 -1.16473313  7.4716378   3.52814733  9.83841516  4.77433658]\n [-0.49375719 -2.15570901  4.82963967  2.17792207  4.77433658  5.18606287]]", "nfev": "140", "njev": "20", "status": "0", "success": "True", "message": "Optimization terminated successfully.", "x": "[-0.28715383  0.82862622  4.13745584  4.32187298  2.84585643  2.35053812]", "nit": "16"}, "12": {"maxiter": 500, "gtol": 1e-10, "xrtol": 1e-05, "eps": 1e-05, "duration": 0.02553582191467285, "fun": "0.007729627970681441", "jac": "[-1.21417321e-06  1.40999434e-06 -7.57860441e-07  1.14586118e-06\n  2.29860575e-07  2.92765812e-07]", "hess_inv": "[[ 2.68747437  1.67735882 -1.11219056 -0.51941757  1.25878025 -0.19277466]\n [ 1.67735882  3.19458518 -2.94688168 -1.59220444 -1.27598621 -2.01043736]\n [-1.11219056 -2.94688168 11.7997058   5.47142046  7.8806209   5.02382234]\n [-0.51941757 -1.59220444  5.47142046  4.02457456  3.89620513  2.42875781]\n [ 1.25878025 -1.27598621  7.8806209   3.89620513 10.27016587  5.19373307]\n [-0.19277466 -2.01043736  5.02382234  2.42875781  5.19373307  5.20325963]]", "nfev": "147", "njev": "21", "status": "0", "success": "True", "message": "Optimization terminated successfully.", "x": "[-0.28717323  0.82860974  4.13739325  4.32182833  2.84576663  2.35048748]", "nit": "17"}, "13": {"maxiter": 500, "gtol": 1e-10, "xrtol": 1e-05, "eps": 1e-10, "duration": 0.027880191802978516, "fun": "0.0077296278487283265", "jac": "[ 1.11022293e-06 -3.33066880e-06  2.22044587e-06  2.22044587e-06\n  1.11022293e-06  0.00000000e+00]", "hess_inv": "[[ 3.675923    2.03939091  0.06613267  0.23214355  2.970128    0.15451224]\n [ 2.03939091  3.23617348 -2.5264001  -1.18753154 -0.58623765 -1.94262005]\n [ 0.06613267 -2.5264001  13.63357844  6.3353623  10.17159068  5.8400174 ]\n [ 0.23214355 -1.18753154  6.3353623   4.36153222  5.06463565  2.75442473]\n [ 2.970128   -0.58623765 10.17159068  5.06463565 13.32317168  6.07760912]\n [ 0.15451224 -1.94262005  5.8400174   2.75442473  6.07760912  5.67342311]]", "nfev": "161", "njev": "23", "status": "0", "success": "True", "message": "Optimization terminated successfully.", "x": "[-0.28715908  0.8286244   4.13744782  4.32186846  2.84584606  2.35053424]", "nit": "17"}, "14": {"maxiter": 500, "gtol": 1e-10, "xrtol": 1e-10, "eps": 1e-05, "duration": 0.05720090866088867, "fun": "0.0077296279429573955", "jac": "[-2.15638618e-07  2.14026574e-06  6.49436061e-07 -2.30875319e-06\n  1.09264819e-06  8.90232332e-07]", "hess_inv": "[[  3.32732593  -9.23903043   4.98275651  -2.91241034  -3.19790799\n   -4.25355327]\n [ -9.23903043  92.82991416 -58.97612197  21.93356138  27.2917202\n   29.34112226]\n [  4.98275651 -58.97612197  45.80643822  -8.83961836 -11.32948239\n  -15.14361237]\n [ -2.91241034  21.93356138  -8.83961836   9.81638552  11.96575537\n   10.75269645]\n [ -3.19790799  27.2917202  -11.32948239  11.96575537  17.47669363\n   14.27638673]\n [ -4.25355327  29.34112226 -15.14361237  10.75269645  14.27638673\n   15.42641435]]", "nfev": "332", "njev": "46", "status": "2", "success": "False", "message": "Desired error not necessarily achieved due to precision loss.", "x": "[-0.28716515  0.82856796  4.13742175  4.32181463  2.84575748  2.35047445]", "nit": "21"}, "15": {"maxiter": 500, "gtol": 1e-10, "xrtol": 1e-10, "eps": 1e-10, "duration": 0.03516387939453125, "fun": "0.007729627829965224", "jac": "[3.33066880e-06 0.00000000e+00 0.00000000e+00 3.33066880e-06\n 1.11022293e-06 1.11022293e-06]", "hess_inv": "[[ 1.6143157  -1.06896716 -1.39298863 -1.11108853  2.21489593  1.32491694]\n [-1.06896716  1.72194075  2.46805646  1.877656   -1.10612494 -1.50248043]\n [-1.39298863  2.46805646  5.18994283  2.58839694 -1.54541469 -2.08095274]\n [-1.11108853  1.877656    2.58839694  2.95670027 -2.02762877 -2.10641874]\n [ 2.21489593 -1.10612494 -1.54541469 -2.02762877  6.48480261  3.21189199]\n [ 1.32491694 -1.50248043 -2.08095274 -2.10641874  3.21189199  4.14934887]]", "nfev": "203", "njev": "29", "status": "0", "success": "True", "message": "Optimization terminated successfully.", "x": "[-0.28716027  0.82862377  4.13743851  4.32186313  2.84583982  2.35053198]", "nit": "20"}, "16": {"maxiter": 1000, "gtol": 1e-05, "xrtol": 1e-05, "eps": 1e-05, "duration": 0.024286985397338867, "fun": "0.007729627975003761", "jac": "[-1.96023198e-06  1.28175248e-07 -1.34482425e-06  1.48965285e-06\n -1.15918386e-06  4.19568824e-06]", "hess_inv": "[[ 2.89765026  1.86811864 -1.12924589 -0.5385297   1.35807949 -0.4227678 ]\n [ 1.86811864  3.30150694 -2.80101123 -1.47661496 -1.02196164 -2.05550515]\n [-1.12924589 -2.80101123 11.40792158  5.14904105  7.47318496  4.64364399]\n [-0.5385297  -1.47661496  5.14904105  3.75942711  3.5581289   2.12106724]\n [ 1.35807949 -1.02196164  7.47318496  3.5581289   9.91139469  4.67992983]\n [-0.4227678  -2.05550515  4.64364399  2.12106724  4.67992983  5.0503413 ]]", "nfev": "140", "njev": "20", "status": "0", "success": "True", "message": "Optimization terminated successfully.", "x": "[-0.28717983  0.8286015   4.13739928  4.32183346  2.84576909  2.35050027]", "nit": "16"}, "17": {"maxiter": 1000, "gtol": 1e-05, "xrtol": 1e-05, "eps": 1e-10, "duration": 0.02432417869567871, "fun": "0.007729627891365332", "jac": "[6.66133760e-06 2.22044587e-06 2.22044587e-06 2.22044587e-06\n 0.00000000e+00 1.11022293e-06]", "hess_inv": "[[ 2.89464747  1.8816676  -1.3060573  -0.60963104  1.23097632 -0.49375719]\n [ 1.8816676   3.33806326 -3.01195441 -1.55585427 -1.16473313 -2.15570901]\n [-1.3060573  -3.01195441 11.54872848  5.16627473  7.4716378   4.82963967]\n [-0.60963104 -1.55585427  5.16627473  3.74887364  3.52814733  2.17792207]\n [ 1.23097632 -1.16473313  7.4716378   3.52814733  9.83841516  4.77433658]\n [-0.49375719 -2.15570901  4.82963967  2.17792207  4.77433658  5.18606287]]", "nfev": "140", "njev": "20", "status": "0", "success": "True", "message": "Optimization terminated successfully.", "x": "[-0.28715383  0.82862622  4.13745584  4.32187298  2.84585643  2.35053812]", "nit": "16"}, "18": {"maxiter": 1000, "gtol": 1e-05, "xrtol": 1e-10, "eps": 1e-05, "duration": 0.0244290828704834, "fun": "0.007729627975003761", "jac": "[-1.96023198e-06  1.28175248e-07 -1.34482425e-06  1.48965285e-06\n -1.15918386e-06  4.19568824e-06]", "hess_inv": "[[ 2.89765026  1.86811864 -1.12924589 -0.5385297   1.35807949 -0.4227678 ]\n [ 1.86811864  3.30150694 -2.80101123 -1.47661496 -1.02196164 -2.05550515]\n [-1.12924589 -2.80101123 11.40792158  5.14904105  7.47318496  4.64364399]\n [-0.5385297  -1.47661496  5.14904105  3.75942711  3.5581289   2.12106724]\n [ 1.35807949 -1.02196164  7.47318496  3.5581289   9.91139469  4.67992983]\n [-0.4227678  -2.05550515  4.64364399  2.12106724  4.67992983  5.0503413 ]]", "nfev": "140", "njev": "20", "status": "0", "success": "True", "message": "Optimization terminated successfully.", "x": "[-0.28717983  0.8286015   4.13739928  4.32183346  2.84576909  2.35050027]", "nit": "16"}, "19": {"maxiter": 1000, "gtol": 1e-05, "xrtol": 1e-10, "eps": 1e-10, "duration": 0.02480483055114746, "fun": "0.007729627891365332", "jac": "[6.66133760e-06 2.22044587e-06 2.22044587e-06 2.22044587e-06\n 0.00000000e+00 1.11022293e-06]", "hess_inv": "[[ 2.89464747  1.8816676  -1.3060573  -0.60963104  1.23097632 -0.49375719]\n [ 1.8816676   3.33806326 -3.01195441 -1.55585427 -1.16473313 -2.15570901]\n [-1.3060573  -3.01195441 11.54872848  5.16627473  7.4716378   4.82963967]\n [-0.60963104 -1.55585427  5.16627473  3.74887364  3.52814733  2.17792207]\n [ 1.23097632 -1.16473313  7.4716378   3.52814733  9.83841516  4.77433658]\n [-0.49375719 -2.15570901  4.82963967  2.17792207  4.77433658  5.18606287]]", "nfev": "140", "njev": "20", "status": "0", "success": "True", "message": "Optimization terminated successfully.", "x": "[-0.28715383  0.82862622  4.13745584  4.32187298  2.84585643  2.35053812]", "nit": "16"}, "20": {"maxiter": 1000, "gtol": 1e-10, "xrtol": 1e-05, "eps": 1e-05, "duration": 0.025992870330810547, "fun": "0.007729627970681441", "jac": "[-1.21417321e-06  1.40999434e-06 -7.57860441e-07  1.14586118e-06\n  2.29860575e-07  2.92765812e-07]", "hess_inv": "[[ 2.68747437  1.67735882 -1.11219056 -0.51941757  1.25878025 -0.19277466]\n [ 1.67735882  3.19458518 -2.94688168 -1.59220444 -1.27598621 -2.01043736]\n [-1.11219056 -2.94688168 11.7997058   5.47142046  7.8806209   5.02382234]\n [-0.51941757 -1.59220444  5.47142046  4.02457456  3.89620513  2.42875781]\n [ 1.25878025 -1.27598621  7.8806209   3.89620513 10.27016587  5.19373307]\n [-0.19277466 -2.01043736  5.02382234  2.42875781  5.19373307  5.20325963]]", "nfev": "147", "njev": "21", "status": "0", "success": "True", "message": "Optimization terminated successfully.", "x": "[-0.28717323  0.82860974  4.13739325  4.32182833  2.84576663  2.35048748]", "nit": "17"}, "21": {"maxiter": 1000, "gtol": 1e-10, "xrtol": 1e-05, "eps": 1e-10, "duration": 0.02828192710876465, "fun": "0.0077296278487283265", "jac": "[ 1.11022293e-06 -3.33066880e-06  2.22044587e-06  2.22044587e-06\n  1.11022293e-06  0.00000000e+00]", "hess_inv": "[[ 3.675923    2.03939091  0.06613267  0.23214355  2.970128    0.15451224]\n [ 2.03939091  3.23617348 -2.5264001  -1.18753154 -0.58623765 -1.94262005]\n [ 0.06613267 -2.5264001  13.63357844  6.3353623  10.17159068  5.8400174 ]\n [ 0.23214355 -1.18753154  6.3353623   4.36153222  5.06463565  2.75442473]\n [ 2.970128   -0.58623765 10.17159068  5.06463565 13.32317168  6.07760912]\n [ 0.15451224 -1.94262005  5.8400174   2.75442473  6.07760912  5.67342311]]", "nfev": "161", "njev": "23", "status": "0", "success": "True", "message": "Optimization terminated successfully.", "x": "[-0.28715908  0.8286244   4.13744782  4.32186846  2.84584606  2.35053424]", "nit": "17"}, "22": {"maxiter": 1000, "gtol": 1e-10, "xrtol": 1e-10, "eps": 1e-05, "duration": 0.05792117118835449, "fun": "0.0077296279429573955", "jac": "[-2.15638618e-07  2.14026574e-06  6.49436061e-07 -2.30875319e-06\n  1.09264819e-06  8.90232332e-07]", "hess_inv": "[[  3.32732593  -9.23903043   4.98275651  -2.91241034  -3.19790799\n   -4.25355327]\n [ -9.23903043  92.82991416 -58.97612197  21.93356138  27.2917202\n   29.34112226]\n [  4.98275651 -58.97612197  45.80643822  -8.83961836 -11.32948239\n  -15.14361237]\n [ -2.91241034  21.93356138  -8.83961836   9.81638552  11.96575537\n   10.75269645]\n [ -3.19790799  27.2917202  -11.32948239  11.96575537  17.47669363\n   14.27638673]\n [ -4.25355327  29.34112226 -15.14361237  10.75269645  14.27638673\n   15.42641435]]", "nfev": "332", "njev": "46", "status": "2", "success": "False", "message": "Desired error not necessarily achieved due to precision loss.", "x": "[-0.28716515  0.82856796  4.13742175  4.32181463  2.84575748  2.35047445]", "nit": "21"}, "23": {"maxiter": 1000, "gtol": 1e-10, "xrtol": 1e-10, "eps": 1e-10, "duration": 0.03554725646972656, "fun": "0.007729627829965224", "jac": "[3.33066880e-06 0.00000000e+00 0.00000000e+00 3.33066880e-06\n 1.11022293e-06 1.11022293e-06]", "hess_inv": "[[ 1.6143157  -1.06896716 -1.39298863 -1.11108853  2.21489593  1.32491694]\n [-1.06896716  1.72194075  2.46805646  1.877656   -1.10612494 -1.50248043]\n [-1.39298863  2.46805646  5.18994283  2.58839694 -1.54541469 -2.08095274]\n [-1.11108853  1.877656    2.58839694  2.95670027 -2.02762877 -2.10641874]\n [ 2.21489593 -1.10612494 -1.54541469 -2.02762877  6.48480261  3.21189199]\n [ 1.32491694 -1.50248043 -2.08095274 -2.10641874  3.21189199  4.14934887]]", "nfev": "203", "njev": "29", "status": "0", "success": "True", "message": "Optimization terminated successfully.", "x": "[-0.28716027  0.82862377  4.13743851  4.32186313  2.84583982  2.35053198]", "nit": "20"}}, "cobyla": {"0": {"maxiter": 100, "tol": 1e-05, "catol": 1e-05, "duration": 0.01678299903869629, "x": "[-0.19638137  1.23604979  3.58631723  4.14578897  2.67740365  2.19926779]", "status": "2", "success": "False", "message": "Maximum number of function evaluations has been exceeded.", "nfev": "100", "fun": "0.014325793929364505", "maxcv": "0.0"}, "1": {"maxiter": 100, "tol": 1e-05, "catol": 1e-10, "duration": 0.0164949893951416, "x": "[-0.19638137  1.23604979  3.58631723  4.14578897  2.67740365  2.19926779]", "status": "2", "success": "False", "message": "Maximum number of function evaluations has been exceeded.", "nfev": "100", "fun": "0.014325793929364505", "maxcv": "0.0"}, "2": {"maxiter": 100, "tol": 1e-10, "catol": 1e-05, "duration": 0.016516923904418945, "x": "[-0.19638137  1.23604979  3.58631723  4.14578897  2.67740365  2.19926779]", "status": "2", "success": "False", "message": "Maximum number of function evaluations has been exceeded.", "nfev": "100", "fun": "0.014325793929364505", "maxcv": "0.0"}, "3": {"maxiter": 100, "tol": 1e-10, "catol": 1e-10, "duration": 0.016485929489135742, "x": "[-0.19638137  1.23604979  3.58631723  4.14578897  2.67740365  2.19926779]", "status": "2", "success": "False", "message": "Maximum number of function evaluations has been exceeded.", "nfev": "100", "fun": "0.014325793929364505", "maxcv": "0.0"}, "4": {"maxiter": 500, "tol": 1e-05, "catol": 1e-05, "duration": 0.07163095474243164, "x": "[-0.30149574  1.1633569   3.95652875  4.386133    2.99427202  2.47763831]", "status": "1", "success": "True", "message": "Optimization terminated successfully.", "nfev": "434", "fun": "0.007729627896341129", "maxcv": "0.0"}, "5": {"maxiter": 500, "tol": 1e-05, "catol": 1e-10, "duration": 0.07186698913574219, "x": "[-0.30149574  1.1633569   3.95652875  4.386133    2.99427202  2.47763831]", "status": "1", "success": "True", "message": "Optimization terminated successfully.", "nfev": "434", "fun": "0.007729627896341129", "maxcv": "0.0"}, "6": {"maxiter": 500, "tol": 1e-10, "catol": 1e-05, "duration": 0.08251285552978516, "x": "[-0.30149988  1.1633