{"date": "2024/07/19/, 18:25:19", "conf_id": 275, "data_type": "var_s_rank\n", "num_data_points": 2, "s_rank": 0, "unitary": "[[-0.45070455-0.02711853j,0.78437395-0.06613086j,0.06358678+0.19963393j,-0.07343613+0.35668523j],[-0.01890143-0.03813363j,0.32408202+0.25557629j,0.05872864-0.68979805j,0.55466693-0.20227297j],[-0.11215405+0.64023111j,-0.13344055+0.29565494j,-0.49012687-0.19046288j,-0.04241254+0.44046348j],[0.55771659+0.24656916j,0.31851997-0.05798805j,0.28761525-0.34294258j,-0.56718418+0.03616933j]]", "databatch_0": {"databatch": "[[[-0.01054913-0.2205858j,-0.12518757-0.15501859j,-0.27171687-0.20933828j,0.09427709-0.10233944j],[0.21863608-0.26431614j,0.34836401+0.08190646j,0.13422751+0.04512048j,-0.11498938-0.29856188j],[-0.08645995-0.0314298j,0.19896711+0.01266633j,-0.11063932+0.40639188j,0.05598881+0.01770671j],[-0.12247827-0.00709961j,-0.1082657-0.35535816j,0.0458654+0.11139426j,0.09872918-0.00104994j]],[[-0.21353402-0.25912892j,-0.01595778-0.02189772j,0.02855316+0.03383022j,0.12408852+0.02836389j],[0.07584858-0.05513826j,-0.11977099-0.30012614j,0.33994216-0.08030001j,0.04156137-0.16729948j],[-0.32523046+0.08653623j,0.0856857+0.0501824j,0.08559712-0.01512316j,0.02673777+0.42431144j],[0.04803019-0.11052264j,-0.2650058+0.33630626j,0.01013578-0.00407083j,0.29751053+0.0741718j]]]", "initial param values": "[6.15399682,5.25792411,3.6239975,2.71492674,0.99940537,2.85822493]", "nelder_mead": {"type": "gradient-free", "0": {"maxiter": 100, "fatol": 1e-05, "xatol": 1e-05, "duration": 0.027354717254638672, "fun": "0.35237186109940133", "nit": "100", "nfev": "159", "status": "2", "success": "False", "message": "Maximum number of iterations has been exceeded.", "x": "[5.18132598 4.2095682  3.28025971 4.59598289 1.06689152 2.03110486]", "final_simplex": "(array([[5.18132598, 4.2095682 , 3.28025971, 4.59598289, 1.06689152,\n        2.03110486],\n       [5.17484791, 4.22981834, 3.22306012, 4.62151943, 1.08076924,\n        2.05187897],\n       [5.1585968 , 4.28211602, 3.25033319, 4.61072439, 1.04539674,\n        2.0904324 ],\n       [5.21003179, 4.23848561, 3.22501784, 4.58442747, 1.08048596,\n        2.08912358],\n       [5.22143311, 4.22076581, 3.29238668, 4.63649824, 1.05379522,\n        2.05978321],\n       [5.18782487, 4.25484555, 3.24717947, 4.61962033, 1.03670054,\n        2.13022919],\n       [5.20572925, 4.28389246, 3.20430166, 4.6252448 , 1.04870811,\n        2.11118359]]), array([0.35237186, 0.35261877, 0.35296443, 0.35316716, 0.3532477 ,\n       0.35325578, 0.35351615]))"}, "1": {"maxiter": 100, "fatol": 1e-05, "xatol": 1e-10, "duration": 0.027220964431762695, "fun": "0.35237186109940133", "nit": "100", "nfev": "159", "status": "2", "success": "False", "message": "Maximum number of iterations has been exceeded.", "x": "[5.18132598 4.2095682  3.28025971 4.59598289 1.06689152 2.03110486]", "final_simplex": "(array([[5.18132598, 4.2095682 , 3.28025971, 4.59598289, 1.06689152,\n        2.03110486],\n       [5.17484791, 4.22981834, 3.22306012, 4.62151943, 1.08076924,\n        2.05187897],\n       [5.1585968 , 4.28211602, 3.25033319, 4.61072439, 1.04539674,\n        2.0904324 ],\n       [5.21003179, 4.23848561, 3.22501784, 4.58442747, 1.08048596,\n        2.08912358],\n       [5.22143311, 4.22076581, 3.29238668, 4.63649824, 1.05379522,\n        2.05978321],\n       [5.18782487, 4.25484555, 3.24717947, 4.61962033, 1.03670054,\n        2.13022919],\n       [5.20572925, 4.28389246, 3.20430166, 4.6252448 , 1.04870811,\n        2.11118359]]), array([0.35237186, 0.35261877, 0.35296443, 0.35316716, 0.3532477 ,\n       0.35325578, 0.35351615]))"}, "2": {"maxiter": 100, "fatol": 1e-10, "xatol": 1e-05, "duration": 0.027212858200073242, "fun": "0.35237186109940133", "nit": "100", "nfev": "159", "status": "2", "success": "False", "message": "Maximum number of iterations has been exceeded.", "x": "[5.18132598 4.2095682  3.28025971 4.59598289 1.06689152 2.03110486]", "final_simplex": "(array([[5.18132598, 4.2095682 , 3.28025971, 4.59598289, 1.06689152,\n        2.03110486],\n       [5.17484791, 4.22981834, 3.22306012, 4.62151943, 1.08076924,\n        2.05187897],\n       [5.1585968 , 4.28211602, 3.25033319, 4.61072439, 1.04539674,\n        2.0904324 ],\n       [5.21003179, 4.23848561, 3.22501784, 4.58442747, 1.08048596,\n        2.08912358],\n       [5.22143311, 4.22076581, 3.29238668, 4.63649824, 1.05379522,\n        2.05978321],\n       [5.18782487, 4.25484555, 3.24717947, 4.61962033, 1.03670054,\n        2.13022919],\n       [5.20572925, 4.28389246, 3.20430166, 4.6252448 , 1.04870811,\n        2.11118359]]), array([0.35237186, 0.35261877, 0.35296443, 0.35316716, 0.3532477 ,\n       0.35325578, 0.35351615]))"}, "3": {"maxiter": 100, "fatol": 1e-10, "xatol": 1e-10, "duration": 0.027209997177124023, "fun": "0.35237186109940133", "nit": "100", "nfev": "159", "status": "2", "success": "False", "message": "Maximum number of iterations has been exceeded.", "x": "[5.18132598 4.2095682  3.28025971 4.59598289 1.06689152 2.03110486]", "final_simplex": "(array([[5.18132598, 4.2095682 , 3.28025971, 4.59598289, 1.06689152,\n        2.03110486],\n       [5.17484791, 4.22981834, 3.22306012, 4.62151943, 1.08076924,\n        2.05187897],\n       [5.1585968 , 4.28211602, 3.25033319, 4.61072439, 1.04539674,\n        2.0904324 ],\n       [5.21003179, 4.23848561, 3.22501784, 4.58442747, 1.08048596,\n        2.08912358],\n       [5.22143311, 4.22076581, 3.29238668, 4.63649824, 1.05379522,\n        2.05978321],\n       [5.18782487, 4.25484555, 3.24717947, 4.61962033, 1.03670054,\n        2.13022919],\n       [5.20572925, 4.28389246, 3.20430166, 4.6252448 , 1.04870811,\n        2.11118359]]), array([0.35237186, 0.35261877, 0.35296443, 0.35316716, 0.3532477 ,\n       0.35325578, 0.35351615]))"}, "4": {"maxiter": 500, "fatol": 1e-05, "xatol": 1e-05, "duration": 0.07661104202270508, "fun": "0.35109475553632297", "nit": "276", "nfev": "449", "status": "0", "success": "True", "message": "Optimization terminated successfully.", "x": "[5.1358853  4.17977245 3.2196703  4.57308753 0.99829201 2.00929711]", "final_simplex": "(array([[5.1358853 , 4.17977245, 3.2196703 , 4.57308753, 0.99829201,\n        2.00929711],\n       [5.13588147, 4.17978   , 3.2196684 , 4.57308669, 0.9982885 ,\n        2.00930699],\n       [5.13588339, 4.17977481, 3.21966599, 4.57309052, 0.99829043,\n        2.00929961],\n       [5.13588298, 4.17976898, 3.21966994, 4.57308384, 0.99829769,\n        2.00929549],\n       [5.13587602, 4.17976832, 3.2196719 , 4.57308331, 0.9982886 ,\n        2.00930054],\n       [5.13589148, 4.17977133, 3.21966873, 4.57308505, 0.99829178,\n        2.00930116],\n       [5.13588176, 4.17976783, 3.21967419, 4.57308599, 0.99829115,\n        2.00930452]]), array([0.35109476, 0.35109476, 0.35109476, 0.35109476, 0.35109476,\n       0.35109476, 0.35109476]))"}, "5": {"maxiter": 500, "fatol": 1e-05, "xatol": 1e-10, "duration": 0.12057614326477051, "fun": "0.35109475553057945", "nit": "406", "nfev": "710", "status": "0", "success": "True", "message": "Optimization terminated successfully.", "x": "[5.13588205 4.17977503 3.21966752 4.57308328 0.99829026 2.00929978]", "final_simplex": "(array([[5.13588205, 4.17977503, 3.21966752, 4.57308328, 0.99829026,\n        2.00929978],\n       [5.13588205, 4.17977503, 3.21966752, 4.57308328, 0.99829026,\n        2.00929978],\n       [5.13588205, 4.17977503, 3.21966752, 4.57308328, 0.99829026,\n        2.00929978],\n       [5.13588205, 4.17977503, 3.21966752, 4.57308328, 0.99829026,\n        2.00929978],\n       [5.13588205, 4.17977503, 3.21966752, 4.57308328, 0.99829026,\n        2.00929978],\n       [5.13588205, 4.17977503, 3.21966752, 4.57308328, 0.99829026,\n        2.00929978],\n       [5.13588205, 4.17977503, 3.21966752, 4.57308328, 0.99829026,\n        2.00929978]]), array([0.35109476, 0.35109476, 0.35109476, 0.35109476, 0.35109476,\n       0.35109476, 0.35109476]))"}, "6": {"maxiter": 500, "fatol": 1e-10, "xatol": 1e-05, "duration": 0.07641386985778809, "fun": "0.35109475553632297", "nit": "276", "nfev": "449", "status": "0", "success": "True", "message": "Optimization terminated successfully.", "x": "[5.1358853  4.17977245 3.2196703  4.57308753 0.99829201 2.00929711]", "final_simplex": "(array([[5.1358853 , 4.17977245, 3.2196703 , 4.57308753, 0.99829201,\n        2.00929711],\n       [5.13588147, 4.17978   , 3.2196684 , 4.57308669, 0.9982885 ,\n        2.00930699],\n       [5.13588339, 4.17977481, 3.21966599, 4.57309052, 0.99829043,\n        2.00929961],\n       [5.13588298, 4.17976898, 3.21966994, 4.57308384, 0.99829769,\n        2.00929549],\n       [5.13587602, 4.17976832, 3.2196719 , 4.57308331, 0.9982886 ,\n        2.00930054],\n       [5.13589148, 4.17977133, 3.21966873, 4.57308505, 0.99829178,\n        2.00930116],\n       [5.13588176, 4.17976783, 3.21967419, 4.57308599, 0.99829115,\n        2.00930452]]), array([0.35109476, 0.35109476, 0.35109476, 0.35109476, 0.35109476,\n       0.35109476, 0.35109476]))"}, "7": {"maxiter": 500, "fatol": 1e-10, "xatol": 1e-10, "duration": 0.1203298568725586, "fun": "0.35109475553057945", "nit": "406", "nfev": "710", "status": "0", "success": "True", "message": "Optimization terminated successfully.", "x": "[5.13588205 4.17977503 3.21966752 4.57308328 0.99829026 2.00929978]", "final_simplex": "(array([[5.13588205, 4.17977503, 3.21966752, 4.57308328, 0.99829026,\n        2.00929978],\n       [5.13588205, 4.17977503, 3.21966752, 4.57308328, 0.99829026,\n        2.00929978],\n       [5.13588205, 4.17977503, 3.21966752, 4.57308328, 0.99829026,\n        2.00929978],\n       [5.13588205, 4.17977503, 3.21966752, 4.57308328, 0.99829026,\n        2.00929978],\n       [5.13588205, 4.17977503, 3.21966752, 4.57308328, 0.99829026,\n        2.00929978],\n       [5.13588205, 4.17977503, 3.21966752, 4.57308328, 0.99829026,\n        2.00929978],\n       [5.13588205, 4.17977503, 3.21966752, 4.57308328, 0.99829026,\n        2.00929978]]), array([0.35109476, 0.35109476, 0.35109476, 0.35109476, 0.35109476,\n       0.35109476, 0.35109476]))"}, "8": {"maxiter": 1000, "fatol": 1e-05, "xatol": 1e-05, "duration": 0.07626795768737793, "fun": "0.35109475553632297", "nit": "276", "nfev": "449", "status": "0", "success": "True", "message": "Optimization terminated successfully.", "x": "[5.1358853  4.17977245 3.2196703  4.57308753 0.99829201 2.00929711]", "final_simplex": "(array([[5.1358853 , 4.17977245, 3.2196703 , 4.57308753, 0.99829201,\n        2.00929711],\n       [5.13588147, 4.17978   , 3.2196684 , 4.57308669, 0.9982885 ,\n        2.00930699],\n       [5.13588339, 4.17977481, 3.21966599, 4.57309052, 0.99829043,\n        2.00929961],\n       [5.13588298, 4.17976898, 3.21966994, 4.57308384, 0.99829769,\n        2.00929549],\n       [5.13587602, 4.17976832, 3.2196719 , 4.57308331, 0.9982886 ,\n        2.00930054],\n       [5.13589148, 4.17977133, 3.21966873, 4.57308505, 0.99829178,\n        2.00930116],\n       [5.13588176, 4.17976783, 3.21967419, 4.57308599, 0.99829115,\n        2.00930452]]), array([0.35109476, 0.35109476, 0.35109476, 0.35109476, 0.35109476,\n       0.35109476, 0.35109476]))"}, "9": {"maxiter": 1000, "fatol": 1e-05, "xatol": 1e-10, "duration": 0.11956381797790527, "fun": "0.35109475553057945", "nit": "406", "nfev": "710", "status": "0", "success": "True", "message": "Optimization terminated successfully.", "x": "[5.13588205 4.17977503 3.21966752 4.57308328 0.99829026 2.00929978]", "final_simplex": "(array([[5.13588205, 4.17977503, 3.21966752, 4.57308328, 0.99829026,\n        2.00929978],\n       [5.13588205, 4.17977503, 3.21966752, 4.57308328, 0.99829026,\n        2.00929978],\n       [5.13588205, 4.17977503, 3.21966752, 4.57308328, 0.99829026,\n        2.00929978],\n       [5.13588205, 4.17977503, 3.21966752, 4.57308328, 0.99829026,\n        2.00929978],\n       [5.13588205, 4.17977503, 3.21966752, 4.57308328, 0.99829026,\n        2.00929978],\n       [5.13588205, 4.17977503, 3.21966752, 4.57308328, 0.99829026,\n        2.00929978],\n       [5.13588205, 4.17977503, 3.21966752, 4.57308328, 0.99829026,\n        2.00929978]]), array([0.35109476, 0.35109476, 0.35109476, 0.35109476, 0.35109476,\n       0.35109476, 0.35109476]))"}, "10": {"maxiter": 1000, "fatol": 1e-10, "xatol": 1e-05, "duration": 0.07565999031066895, "fun": "0.35109475553632297", "nit": "276", "nfev": "449", "status": "0", "success": "True", "message": "Optimization terminated successfully.", "x": "[5.1358853  4.17977245 3.2196703  4.57308753 0.99829201 2.00929711]", "final_simplex": "(array([[5.1358853 , 4.17977245, 3.2196703 , 4.57308753, 0.99829201,\n        2.00929711],\n       [5.13588147, 4.17978   , 3.2196684 , 4.57308669, 0.9982885 ,\n        2.00930699],\n       [5.13588339, 4.17977481, 3.21966599, 4.57309052, 0.99829043,\n        2.00929961],\n       [5.13588298, 4.17976898, 3.21966994, 4.57308384, 0.99829769,\n        2.00929549],\n       [5.13587602, 4.17976832, 3.2196719 , 4.57308331, 0.9982886 ,\n        2.00930054],\n       [5.13589148, 4.17977133, 3.21966873, 4.57308505, 0.99829178,\n        2.00930116],\n       [5.13588176, 4.17976783, 3.21967419, 4.57308599, 0.99829115,\n        2.00930452]]), array([0.35109476, 0.35109476, 0.35109476, 0.35109476, 0.35109476,\n       0.35109476, 0.35109476]))"}, "11": {"maxiter": 1000, "fatol": 1e-10, "xatol": 1e-10, "duration": 0.11960387229919434, "fun": "0.35109475553057945", "nit": "406", "nfev": "710", "status": "0", "success": "True", "message": "Optimization terminated successfully.", "x": "[5.13588205 4.17977503 3.21966752 4.57308328 0.99829026 2.00929978]", "final_simplex": "(array([[5.13588205, 4.17977503, 3.21966752, 4.57308328, 0.99829026,\n        2.00929978],\n       [5.13588205, 4.17977503, 3.21966752, 4.57308328, 0.99829026,\n        2.00929978],\n       [5.13588205, 4.17977503, 3.21966752, 4.57308328, 0.99829026,\n        2.00929978],\n       [5.13588205, 4.17977503, 3.21966752, 4.57308328, 0.99829026,\n        2.00929978],\n       [5.13588205, 4.17977503, 3.21966752, 4.57308328, 0.99829026,\n        2.00929978],\n       [5.13588205, 4.17977503, 3.21966752, 4.57308328, 0.99829026,\n        2.00929978],\n       [5.13588205, 4.17977503, 3.21966752, 4.57308328, 0.99829026,\n        2.00929978]]), array([0.35109476, 0.35109476, 0.35109476, 0.35109476, 0.35109476,\n       0.35109476, 0.35109476]))"}}, "bfgs": {"type": "gradient", "0": {"maxiter": 100, "gtol": 1e-05, "xrtol": 1e-05, "eps": 1e-05, "duration": 0.02307724952697754, "fun": "0.351094756140476", "jac": "[-1.15205956e-05 -2.40502063e-06  5.24695842e-06 -3.52154972e-06\n -3.28097549e-06  1.06081255e-05]", "hess_inv": "[[ 2.47602600e+00  2.97139135e-01  8.29968976e-01  1.44748321e-01\n   4.18084016e-01  1.30302254e+00]\n [ 2.97139135e-01  4.94971281e+00 -1.17307897e+00  7.11118367e-01\n  -2.23099123e-01  2.18821680e+00]\n [ 8.29968976e-01 -1.17307897e+00  3.30368027e+00  4.29498408e-01\n   1.03102617e+00 -9.84238437e-02]\n [ 1.44748321e-01  7.11118367e-01  4.29498408e-01  3.19785165e+00\n   3.27096914e-03  7.43833433e-01]\n [ 4.18084016e-01 -2.23099123e-01  1.03102617e+00  3.27096914e-03\n   3.47037672e+00  6.60331892e-01]\n [ 1.30302254e+00  2.18821680e+00 -9.84238437e-02  7.43833433e-01\n   6.60331892e-01  3.46133898e+00]]", "nfev": "133", "njev": "19", "status": "0", "success": "True", "message": "Optimization terminated successfully.", "x": "[5.1358291  4.17976404 3.21968013 4.57305908 0.9982712  2.00932501]", "nit": "14"}, "1": {"maxiter": 100, "gtol": 1e-05, "xrtol": 1e-05, "eps": 1e-10, "duration": 0.022948026657104492, "fun": "0.35109475606279217", "jac": "[-1.11022293e-05 -1.11022293e-06  4.44089173e-06 -4.44089173e-06\n -2.22044587e-06  1.11022293e-05]", "hess_inv": "[[ 2.4748185   0.31260066  0.82564701  0.11565446  0.37158866  1.31217204]\n [ 0.31260066  4.68766287 -1.14220055  0.66973932 -0.30544166  2.10216833]\n [ 0.82564701 -1.14220055  3.30383926  0.43984274  1.04721122 -0.08900968]\n [ 0.11565446  0.66973932  0.43984274  3.2457379   0.05609193  0.71831387]\n [ 0.37158866 -0.30544166  1.04721122  0.05609193  3.5266752   0.62304431]\n [ 1.31217204  2.10216833 -0.08900968  0.71831387  0.62304431  3.44381258]]", "nfev": "133", "njev": "19", "status": "0", "success": "True", "message": "Optimization terminated successfully.", "x": "[5.1358379  4.17977813 3.21968487 4.57306565 0.99827709 2.00933559]", "nit": "14"}, "2": {"maxiter": 100, "gtol": 1e-05, "xrtol": 1e-10, "eps": 1e-05, "duration": 0.024201154708862305, "fun": "0.35109475568318305", "jac": "[-1.91479055e-06 -1.82499571e-06  3.88589161e-06 -2.35843567e-06\n -3.88549193e-06  2.93048918e-06]", "hess_inv": "[[ 3.43549872  0.06462444  0.66299191  0.32031811  0.42003241  0.44684003]\n [ 0.06462444  4.74243281 -0.93341498  0.49132089 -0.49202497  2.36178963]\n [ 0.66299191 -0.93341498  3.1822218   0.53287668  1.23353391  0.07620114]\n [ 0.32031811  0.49132089  0.53287668  3.11080313 -0.1768686   0.5643641 ]\n [ 0.42003241 -0.49202497  1.23353391 -0.1768686   3.19701157  0.6240614 ]\n [ 0.44684003  2.36178963  0.07620114  0.5643641   0.6240614   4.22098874]]", "nfev": "140", "njev": "20", "status": "0", "success": "True", "message": "Optimization terminated successfully.", "x": "[5.13586312 4.17975615 3.21967394 4.57306554 0.99827163 2.0092947 ]", "nit": "15"}, "3": {"maxiter": 100, "gtol": 1e-05, "xrtol": 1e-10, "eps": 1e-10, "duration": 0.024474143981933594, "fun": "0.3510947556675381", "jac": "[-2.22044587e-06 -2.22044587e-06  4.44089173e-06 -3.33066880e-06\n -8.88178346e-06 -2.22044587e-06]", "hess_inv": "[[ 3.30254327 -0.15659969  0.76476086  0.45283758  0.28002858  0.22620838]\n [-0.15659969  4.86090963 -1.16687391  0.6627001  -0.12664521  2.54708231]\n [ 0.76476086 -1.16687391  3.27053727  0.53255286  1.13494685 -0.11807152]\n [ 0.45283758  0.6627001   0.53255286  3.01758228 -0.23314989  0.61479179]\n [ 0.28002858 -0.12664521  1.13494685 -0.23314989  3.36314045  0.97674168]\n [ 0.22620838  2.54708231 -0.11807152  0.61479179  0.97674168  4.55443438]]", "nfev": "140", "njev": "20", "status": "0", "success": "True", "message": "Optimization terminated successfully.", "x": "[5.13587111 4.17976135 3.21968374 4.57307511 0.99827061 2.00929579]", "nit": "15"}, "4": {"maxiter": 100, "gtol": 1e-10, "xrtol": 1e-05, "eps": 1e-05, "duration": 0.023062705993652344, "fun": "0.351094756140476", "jac": "[-1.15205956e-05 -2.40502063e-06  5.24695842e-06 -3.52154972e-06\n -3.28097549e-06  1.06081255e-05]", "hess_inv": "[[ 2.47602600e+00  2.97139135e-01  8.29968976e-01  1.44748321e-01\n   4.18084016e-01  1.30302254e+00]\n [ 2.97139135e-01  4.94971281e+00 -1.17307897e+00  7.11118367e-01\n  -2.23099123e-01  2.18821680e+00]\n [ 8.29968976e-01 -1.17307897e+00  3.30368027e+00  4.29498408e-01\n   1.03102617e+00 -9.84238437e-02]\n [ 1.44748321e-01  7.11118367e-01  4.29498408e-01  3.19785165e+00\n   3.27096914e-03  7.43833433e-01]\n [ 4.18084016e-01 -2.23099123e-01  1.03102617e+00  3.27096914e-03\n   3.47037672e+00  6.60331892e-01]\n [ 1.30302254e+00  2.18821680e+00 -9.84238437e-02  7.43833433e-01\n   6.60331892e-01  3.46133898e+00]]", "nfev": "133", "njev": "19", "status": "0", "success": "True", "message": "Optimization terminated successfully.", "x": "[5.1358291  4.17976404 3.21968013 4.57305908 0.9982712  2.00932501]", "nit": "14"}, "5": {"maxiter": 100, "gtol": 1e-10, "xrtol": 1e-05, "eps": 1e-10, "duration": 0.02300095558166504, "fun": "0.35109475606279217", "jac": "[-1.11022293e-05 -1.11022293e-06  4.44089173e-06 -4.44089173e-06\n -2.22044587e-06  1.11022293e-05]", "hess_inv": "[[ 2.4748185   0.31260066  0.82564701  0.11565446  0.37158866  1.31217204]\n [ 0.31260066  4.68766287 -1.14220055  0.66973932 -0.30544166  2.10216833]\n [ 0.82564701 -1.14220055  3.30383926  0.43984274  1.04721122 -0.08900968]\n [ 0.11565446  0.66973932  0.43984274  3.2457379   0.05609193  0.71831387]\n [ 0.37158866 -0.30544166  1.04721122  0.05609193  3.5266752   0.62304431]\n [ 1.31217204  2.10216833 -0.08900968  0.71831387  0.62304431  3.44381258]]", "nfev": "133", "njev": "19", "status": "0", "success": "True", "message": "Optimization terminated successfully.", "x": "[5.1358379  4.17977813 3.21968487 4.57306565 0.99827709 2.00933559]", "nit": "14"}, "6": {"maxiter": 100, "gtol": 1e-10, "xrtol": 1e-10, "eps": 1e-05, "duration": 0.08203792572021484, "fun": "0.35109475557358616", "jac": "[ 1.29785072e-08  5.99520433e-10  1.42108547e-09  1.93178806e-09\n  1.44328993e-10 -1.03694830e-08]", "hess_inv": "[[ 3.68633396  0.28820323  0.35206087  0.54162829  0.69625962  0.27460023]\n [ 0.28820323  5.00131211 -1.34427693  0.68896236 -0.27534287  2.19045318]\n [ 0.35206087 -1.34427693  3.78478721  0.21888262  0.86424645  0.29914387]\n [ 0.54162829  0.68896236  0.21888262  3.28789357  0.02304342  0.39798626]\n [ 0.69625962 -0.27534287  0.86424645  0.02304342  3.41115371  0.40888606]\n [ 0.27460023  2.19045318  0.29914387  0.39798626  0.40888606  4.33332177]]", "nfev": "480", "njev": "67", "status": "2", "success": "False", "message": "Desired error not necessarily achieved due to precision loss.", "x": "[5.1358732  4.17976544 3.21965999 4.57307407 0.99828167 2.00928737]", "nit": "18"}, "7": {"maxiter": 100, "gtol": 1e-10, "xrtol": 1e-10, "eps": 1e-10, "duration": 0.0860898494720459, "fun": "0.35109475554009406", "jac": "[4.44089173e-06 3.33066880e-06 0.00000000e+00 1.11022293e-06\n 2.22044587e-06 1.11022293e-06]", "hess_inv": "[[  4.5518178  -10.02232515   4.64708467  -2.75174582   3.96017728\n   -5.24826656]\n [-10.02232515  25.10345529 -10.56309969   6.66101907 -10.42975251\n   12.29470716]\n [  4.64708467 -10.56309969   5.50395621  -3.77978594   4.44279131\n   -4.84090229]\n [ -2.75174582   6.66101907  -3.77978594   3.21720225  -2.87025069\n    2.15324682]\n [  3.96017728 -10.42975251   4.44279131  -2.87025069   4.71008053\n   -4.87994318]\n [ -5.24826656  12.29470716  -4.84090229   2.15324682  -4.87994318\n    7.50242808]]", "nfev": "502", "njev": "70", "status": "2", "success": "False", "message": "Desired error not necessarily achieved due to precision loss.", "x": "[5.13588791 4.17977351 3.21966945 4.57308519 0.99829719 2.00930034]", "nit": "22"}, "8": {"maxiter": 500, "gtol": 1e-05, "xrtol": 1e-05, "eps": 1e-05, "duration": 0.02302694320678711, "fun": "0.351094756140476", "jac": "[-1.15205956e-05 -2.40502063e-06  5.24695842e-06 -3.52154972e-06\n -3.28097549e-06  1.06081255e-05]", "hess_inv": "[[ 2.47602600e+00  2.97139135e-01  8.29968976e-01  1.44748321e-01\n   4.18084016e-01  1.30302254e+00]\n [ 2.97139135e-01  4.94971281e+00 -1.17307897e+00  7.11118367e-01\n  -2.23099123e-01  2.18821680e+00]\n [ 8.29968976e-01 -1.17307897e+00  3.30368027e+00  4.29498408e-01\n   1.03102617e+00 -9.84238437e-02]\n [ 1.44748321e-01  7.11118367e-01  4.29498408e-01  3.19785165e+00\n   3.27096914e-03  7.43833433e-01]\n [ 4.18084016e-01 -2.23099123e-01  1.03102617e+00  3.27096914e-03\n   3.47037672e+00  6.60331892e-01]\n [ 1.30302254e+00  2.18821680e+00 -9.84238437e-02  7.43833433e-01\n   6.60331892e-01  3.46133898e+00]]", "nfev": "133", "njev": "19", "status": "0", "success": "True", "message": "Optimization terminated successfully.", "x": "[5.1358291  4.17976404 3.21968013 4.57305908 0.9982712  2.00932501]", "nit": "14"}, "9": {"maxiter": 500, "gtol": 1e-05, "xrtol": 1e-05, "eps": 1e-10, "duration": 0.022994041442871094, "fun": "0.35109475606279217", "jac": "[-1.11022293e-05 -1.11022293e-06  4.44089173e-06 -4.44089173e-06\n -2.22044587e-06  1.11022293e-05]", "hess_inv": "[[ 2.4748185   0.31260066  0.82564701  0.11565446  0.37158866  1.31217204]\n [ 0.31260066  4.68766287 -1.14220055  0.66973932 -0.30544166  2.10216833]\n [ 0.82564701 -1.14220055  3.30383926  0.43984274  1.04721122 -0.08900968]\n [ 0.11565446  0.66973932  0.43984274  3.2457379   0.05609193  0.71831387]\n [ 0.37158866 -0.30544166  1.04721122  0.05609193  3.5266752   0.62304431]\n [ 1.31217204  2.10216833 -0.08900968  0.71831387  0.62304431  3.44381258]]", "nfev": "133", "njev": "19", "status": "0", "success": "True", "message": "Optimization terminated successfully.", "x": "[5.1358379  4.17977813 3.21968487 4.57306565 0.99827709 2.00933559]", "nit": "14"}, "10": {"maxiter": 500, "gtol": 1e-05, "xrtol": 1e-10, "eps": 1e-05, "duration": 0.024219751358032227, "fun": "0.35109475568318305", "jac": "[-1.91479055e-06 -1.82499571e-06  3.88589161e-06 -2.35843567e-06\n -3.88549193e-06  2.93048918e-06]", "hess_inv": "[[ 3.43549872  0.06462444  0.66299191  0.32031811  0.42003241  0.44684003]\n [ 0.06462444  4.74243281 -0.93341498  0.49132089 -0.49202497  2.36178963]\n [ 0.66299191 -0.93341498  3.1822218   0.53287668  1.23353391  0.07620114]\n [ 0.32031811  0.49132089  0.53287668  3.11080313 -0.1768686   0.5643641 ]\n [ 0.42003241 -0.49202497  1.23353391 -0.1768686   3.19701157  0.6240614 ]\n [ 0.44684003  2.36178963  0.07620114  0.5643641   0.6240614   4.22098874]]", "nfev": "140", "njev": "20", "status": "0", "success": "True", "message": "Optimization terminated successfully.", "x": "[5.13586312 4.17975615 3.21967394 4.57306554 0.99827163 2.0092947 ]", "nit": "15"}, "11": {"maxiter": 500, "gtol": 1e-05, "xrtol": 1e-10, "eps": 1e-10, "duration": 0.024180889129638672, "fun": "0.3510947556675381", "jac": "[-2.22044587e-06 -2.22044587e-06  4.44089173e-06 -3.33066880e-06\n -8.88178346e-06 -2.22044587e-06]", "hess_inv": "[[ 3.30254327 -0.15659969  0.76476086  0.45283758  0.28002858  0.22620838]\n [-0.15659969  4.86090963 -1.16687391  0.6627001  -0.12664521  2.54708231]\n [ 0.76476086 -1.16687391  3.27053727  0.53255286  1.13494685 -0.11807152]\n [ 0.45283758  0.6627001   0.53255286  3.01758228 -0.23314989  0.61479179]\n [ 0.28002858 -0.12664521  1.13494685 -0.23314989  3.36314045  0.97674168]\n [ 0.22620838  2.54708231 -0.11807152  0.61479179  0.97674168  4.55443438]]", "nfev": "140", "njev": "20", "status": "0", "success": "True", "message": "Optimization terminated successfully.", "x": "[5.13587111 4.17976135 3.21968374 4.57307511 0.99827061 2.00929579]", "nit": "15"}, "12": {"maxiter": 500, "gtol": 1e-10, "xrtol": 1e-05, "eps": 1e-05, "duration": 0.022950172424316406, "fun": "0.351094756140476", "jac": "[-1.15205956e-05 -2.40502063e-06  5.24695842e-06 -3.52154972e-06\n -3.28097549e-06  1.06081255e-05]", "hess_inv": "[[ 2.47602600e+00  2.97139135e-01  8.29968976e-01  1.44748321e-01\n   4.18084016e-01  1.30302254e+00]\n [ 2.97139135e-01  4.94971281e+00 -1.17307897e+00  7.11118367e-01\n  -2.23099123e-01  2.18821680e+00]\n [ 8.29968976e-01 -1.17307897e+00  3.30368027e+00  4.29498408e-01\n   1.03102617e+00 -9.84238437e-02]\n [ 1.44748321e-01  7.11118367e-01  4.29498408e-01  3.19785165e+00\n   3.27096914e-03  7.43833433e-01]\n [ 4.18084016e-01 -2.23099123e-01  1.03102617e+00  3.27096914e-03\n   3.47037672e+00  6.60331892e-01]\n [ 1.30302254e+00  2.18821680e+00 -9.84238437e-02  7.43833433e-01\n   6.60331892e-01  3.46133898e+00]]", "nfev": "133", "njev": "19", "status": "0", "success": "True", "message": "Optimization terminated successfully.", "x": "[5.1358291  4.17976404 3.21968013 4.57305908 0.9982712  2.00932501]", "nit": "14"}, "13": {"maxiter": 500, "gtol": 1e-10, "xrtol": 1e-05, "eps": 1e-10, "duration": 0.02294301986694336, "fun": "0.35109475606279217", "jac": "[-1.11022293e-05 -1.11022293e-06  4.44089173e-06 -4.44089173e-06\n -2.22044587e-06  1.11022293e-05]", "hess_inv": "[[ 2.4748185   0.31260066  0.82564701  0.11565446  0.37158866  1.31217204]\n [ 0.31260066  4.68766287 -1.14220055  0.66973932 -0.30544166  2.10216833]\n [ 0.82564701 -1.14220055  3.30383926  0.43984274  1.04721122 -0.08900968]\n [ 0.11565446  0.66973932  0.43984274  3.2457379   0.05609193  0.71831387]\n [ 0.37158866 -0.30544166  1.04721122  0.05609193  3.5266752   0.62304431]\n [ 1.31217204  2.10216833 -0.08900968  0.71831387  0.62304431  3.44381258]]", "nfev": "133", "njev": "19", "status": "0", "success": "True", "message": "Optimization terminated successfully.", "x": "[5.1358379  4.17977813 3.21968487 4.57306565 0.99827709 2.00933559]", "nit": "14"}, "14": {"maxiter": 500, "gtol": 1e-10, "xrtol": 1e-10, "eps": 1e-05, "duration": 0.08182096481323242, "fun": "0.35109475557358616", "jac": "[ 1.29785072e-08  5.99520433e-10  1.42108547e-09  1.93178806e-09\n  1.44328993e-10 -1.03694830e-08]", "hess_inv": "[[ 3.68633396  0.28820323  0.35206087  0.54162829  0.69625962  0.27460023]\n [ 0.28820323  5.00131211 -1.34427693  0.68896236 -0.27534287  2.19045318]\n [ 0.35206087 -1.34427693  3.78478721  0.21888262  0.86424645  0.29914387]\n [ 0.54162829  0.68896236  0.21888262  3.28789357  0.02304342  0.39798626]\n [ 0.69625962 -0.27534287  0.86424645  0.02304342  3.41115371  0.40888606]\n [ 0.27460023  2.19045318  0.29914387  0.39798626  0.40888606  4.33332177]]", "nfev": "480", "njev": "67", "status": "2", "success": "False", "message": "Desired error not necessarily achieved due to precision loss.", "x": "[5.1358732  4.17976544 3.21965999 4.57307407 0.99828167 2.00928737]", "nit": "18"}, "15": {"maxiter": 500, "gtol": 1e-10, "xrtol": 1e-10, "eps": 1e-10, "duration": 0.08623719215393066, "fun": "0.35109475554009406", "jac": "[4.44089173e-06 3.33066880e-06 0.00000000e+00 1.11022293e-06\n 2.22044587e-06 1.11022293e-06]", "hess_inv": "[[  4.5518178  -10.02232515   4.64708467  -2.75174582   3.96017728\n   -5.24826656]\n [-10.02232515  25.10345529 -10.56309969   6.66101907 -10.42975251\n   12.29470716]\n [  4.64708467 -10.56309969   5.50395621  -3.77978594   4.44279131\n   -4.84090229]\n [ -2.75174582   6.66101907  -3.77978594   3.21720225  -2.87025069\n    2.15324682]\n [  3.96017728 -10.42975251   4.44279131  -2.87025069   4.71008053\n   -4.87994318]\n [ -5.24826656  12.29470716  -4.84090229   2.15324682  -4.87994318\n    7.50242808]]", "nfev": "502", "njev": "70", "status": "2", "success": "False", "message": "Desired error not necessarily achieved due to precision loss.", "x": "[5.13588791 4.17977351 3.21966945 4.57308519 0.99829719 2.00930034]", "nit": "22"}, "16": {"maxiter": 1000, "gtol": 1e-05, "xrtol": 1e-05, "eps": 1e-05, "duration": 0.02340388298034668, "fun": "0.351094756140476", "jac": "[-1.15205956e-05 -2.40502063e-06  5.24695842e-06 -3.52154972e-06\n -3.28097549e-06  1.06081255e-05]", "hess_inv": "[[ 2.47602600e+00  2.97139135e-01  8.29968976e-01  1.44748321e-01\n   4.18084016e-01  1.30302254e+00]\n [ 2.97139135e-01  4.94971281e+00 -1.17307897e+00  7.11118367e-01\n  -2.23099123e-01  2.18821680e+00]\n [ 8.29968976e-01 -1.17307897e+00  3.30368027e+00  4.29498408e-01\n   1.03102617e+00 -9.84238437e-02]\n [ 1.44748321e-01  7.11118367e-01  4.29498408e-01  3.19785165e+00\n   3.27096914e-03  7.43833433e-01]\n [ 4.18084016e-01 -2.23099123e-01  1.03102617e+00  3.27096914e-03\n   3.47037672e+00  6.60331892e-01]\n [ 1.30302254e+00  2.18821680e+00 -9.84238437e-02  7.43833433e-01\n   6.60331892e-01  3.46133898e+00]]", "nfev": "133", "njev": "19", "status": "0", "success": "True", "message": "Optimization terminated successfully.", "x": "[5.1358291  4.17976404 3.21968013 4.57305908 0.9982712  2.00932501]", "nit": "14"}, "17": {"maxiter": 1000, "gtol": 1e-05, "xrtol": 1e-05, "eps": 1e-10, "duration": 0.022933006286621094, "fun": "0.35109475606279217", "jac": "[-1.11022293e-05 -1.11022293e-06  4.44089173e-06 -4.44089173e-06\n -2.22044587e-06  1.11022293e-05]", "hess_inv": "[[ 2.4748185   0.31260066  0.82564701  0.11565446  0.37158866  1.31217204]\n [ 0.31260066  4.68766287 -1.14220055  0.66973932 -0.30544166  2.10216833]\n [ 0.82564701 -1.14220055  3.30383926  0.43984274  1.04721122 -0.08900968]\n [ 0.11565446  0.66973932  0.43984274  3.2457379   0.05609193  0.71831387]\n [ 0.37158866 -0.30544166  1.04721122  0.05609193  3.5266752   0.62304431]\n [ 1.31217204  2.10216833 -0.08900968  0.71831387  0.62304431  3.44381258]]", "nfev": "133", "njev": "19", "status": "0", "success": "True", "message": "Optimization terminated successfully.", "x": "[5.1358379  4.17977813 3.21968487 4.57306565 0.99827709 2.00933559]", "nit": "14"}, "18": {"maxiter": 1000, "gtol": 1e-05, "xrtol": 1e-10, "eps": 1e-05, "duration": 0.024159908294677734, "fun": "0.35109475568318305", "jac": "[-1.91479055e-06 -1.82499571e-06  3.88589161e-06 -2.35843567e-06\n -3.88549193e-06  2.93048918e-06]", "hess_inv": "[[ 3.43549872  0.06462444  0.66299191  0.32031811  0.42003241  0.44684003]\n [ 0.06462444  4.74243281 -0.93341498  0.49132089 -0.49202497  2.36178963]\n [ 0.66299191 -0.93341498  3.1822218   0.53287668  1.23353391  0.07620114]\n [ 0.32031811  0.49132089  0.53287668  3.11080313 -0.1768686   0.5643641 ]\n [ 0.42003241 -0.49202497  1.23353391 -0.1768686   3.19701157  0.6240614 ]\n [ 0.44684003  2.36178963  0.07620114  0.5643641   0.6240614   4.22098874]]", "nfev": "140", "njev": "20", "status": "0", "success": "True", "message": "Optimization terminated successfully.", "x": "[5.13586312 4.17975615 3.21967394 4.57306554 0.99827163 2.0092947 ]", "nit": "15"}, "19": {"maxiter": 1000, "gtol": 1e-05, "xrtol": 1e-10, "eps": 1e-10, "duration": 0.024125099182128906, "fun": "0.3510947556675381", "jac": "[-2.22044587e-06 -2.22044587e-06  4.44089173e-06 -3.33066880e-06\n -8.88178346e-06 -2.22044587e-06]", "hess_inv": "[[ 3.30254327 -0.15659969  0.76476086  0.45283758  0.28002858  0.22620838]\n [-0.15659969  4.86090963 -1.16687391  0.6627001  -0.12664521  2.54708231]\n [ 0.76476086 -1.16687391  3.27053727  0.53255286  1.13494685 -0.11807152]\n [ 0.45283758  0.6627001   0.53255286  3.01758228 -0.23314989  0.61479179]\n [ 0.28002858 -0.12664521  1.13494685 -0.23314989  3.36314045  0.97674168]\n [ 0.22620838  2.54708231 -0.11807152  0.61479179  0.97674168  4.55443438]]", "nfev": "140", "njev": "20", "status": "0", "success": "True", "message": "Optimization terminated successfully.", "x": "[5.13587111 4.17976135 3.21968374 4.57307511 0.99827061 2.00929579]", "nit": "15"}, "20": {"maxiter": 1000, "gtol": 1e-10, "xrtol": 1e-05, "eps": 1e-05, "duration": 0.022881031036376953, "fun": "0.351094756140476", "jac": "[-1.15205956e-05 -2.40502063e-06  5.24695842e-06 -3.52154972e-06\n -3.28097549e-06  1.06081255e-05]", "hess_inv": "[[ 2.47602600e+00  2.97139135e-01  8.29968976e-01  1.44748321e-01\n   4.18084016e-01  1.30302254e+00]\n [ 2.97139135e-01  4.94971281e+00 -1.17307897e+00  7.11118367e-01\n  -2.23099123e-01  2.18821680e+00]\n [ 8.29968976e-01 -1.17307897e+00  3.30368027e+00  4.29498408e-01\n   1.03102617e+00 -9.84238437e-02]\n [ 1.44748321e-01  7.11118367e-01  4.29498408e-01  3.19785165e+00\n   3.27096914e-03  7.43833433e-01]\n [ 4.18084016e-01 -2.23099123e-01  1.03102617e+00  3.27096914e-03\n   3.47037672e+00  6.60331892e-01]\n [ 1.30302254e+00  2.18821680e+00 -9.84238437e-02  7.43833433e-01\n   6.60331892e-01  3.46133898e+00]]", "nfev": "133", "njev": "19", "status": "0", "success": "True", "message": "Optimization terminated successfully.", "x": "[5.1358291  4.17976404 3.21968013 4.57305908 0.9982712  2.00932501]", "nit": "14"}, "21": {"maxiter": 1000, "gtol": 1e-10, "xrtol": 1e-05, "eps": 1e-10, "duration": 0.02292013168334961, "fun": "0.35109475606279217", "jac": "[-1.11022293e-05 -1.11022293e-06  4.44089173e-06 -4.44089173e-06\n -2.22044587e-06  1.11022293e-05]", "hess_inv": "[[ 2.4748185   0.31260066  0.82564701  0.11565446  0.37158866  1.31217204]\n [ 0.31260066  4.68766287 -1.14220055  0.66973932 -0.30544166  2.10216833]\n [ 0.82564701 -1.14220055  3.30383926  0.43984274  1.04721122 -0.08900968]\n [ 0.11565446  0.66973932  0.43984274  3.2457379   0.05609193  0.71831387]\n [ 0.37158866 -0.30544166  1.04721122  0.05609193  3.5266752   0.62304431]\n [ 1.31217204  2.10216833 -0.08900968  0.71831387  0.62304431  3.44381258]]", "nfev": "133", "njev": "19", "status": "0", "success": "True", "message": "Optimization terminated successfully.", "x": "[5.1358379  4.17977813 3.21968487 4.57306565 0.99827709 2.00933559]", "nit": "14"}, "22": {"maxiter": 1000, "gtol": 1e-10, "xrtol": 1e-10, "eps": 1e-05, "duration": 0.08165383338928223, "fun": "0.35109475557358616", "jac": "[ 1.29785072e-08  5.99520433e-10  1.42108547e-09  1.93178806e-09\n  1.44328993e-10 -1.03694830e-08]", "hess_inv": "[[ 3.68633396  0.28820323  0.35206087  0.54162829  0.69625962  0.27460023]\n [ 0.28820323  5.00131211 -1.34427693  0.68896236 -0.27534287  2.19045318]\n [ 0.35206087 -1.34427693  3.78478721  0.21888262  0.86424645  0.29914387]\n [ 0.54162829  0.68896236  0.21888262  3.28789357  0.02304342  0.39798626]\n [ 0.69625962 -0.27534287  0.86424645  0.02304342  3.41115371  0.40888606]\n [ 0.27460023  2.19045318  0.29914387  0.39798626  0.40888606  4.33332177]]", "nfev": "480", "njev": "67", "status": "2", "success": "False", "message": "Desired error not necessarily achieved due to precision loss.", "x": "[5.1358732  4.17976544 3.21965999 4.57307407 0.99828167 2.00928737]", "nit": "18"}, "23": {"maxiter": 1000, "gtol": 1e-10, "xrtol": 1e-10, "eps": 1e-10, "duration": 0.0854790210723877, "fun": "0.35109475554009406", "jac": "[4.44089173e-06 3.33066880e-06 0.00000000e+00 1.11022293e-06\n 2.22044587e-06 1.11022293e-06]", "hess_inv": "[[  4.5518178  -10.02232515   4.64708467  -2.75174582   3.96017728\n   -5.24826656]\n [-10.02232515  25.10345529 -10.56309969   6.66101907 -10.42975251\n   12.29470716]\n [  4.64708467 -10.56309969   5.50395621  -3.77978594   4.44279131\n   -4.84090229]\n [ -2.75174582   6.66101907  -3.77978594   3.21720225  -2.87025069\n    2.15324682]\n [  3.96017728 -10.42975251   4.44279131  -2.87025069   4.71008053\n   -4.87994318]\n [ -5.24826656  12.29470716  -4.84090229   2.15324682  -4.87994318\n    7.50242808]]", "nfev": "502", "njev": "70", "status": "2", "success": "False", "message": "Desired error not necessarily achieved due to precision loss.", "x": "[5.13588791 4.17977351 3.21966945 4.57308519 0.99829719 2.00930034]", "nit": "22"}}, "cobyla": {"0": {"maxiter": 100, "tol": 1e-05, "catol": 1e-05, "duration": 0.01651906967163086, "x": "[5.13614092 4.17954324 3.21968801 4.57331244 0.9985107  2.00890346]", "status": "2", "success": "False", "message": "Maximum number of function evaluations has been exceeded.", "nfev": "100", "fun": "0.3510947990446449", "maxcv": "0.0"}, "1": {"maxiter": 100, "tol": 1e-05, "catol": 1e-10, "duration": 0.01645493507385254, "x": "[5.13614092 4.17954324 3.21968801 4.57331244 0.9985107  2.00890346]", "status": "2", "success": "False", "message": "Maximum number of function evaluations has been exceeded.", "nfev": "100", "fun": "0.3510947990446449", "maxcv": "0.0"}, "2": {"maxiter": 100, "tol": 1e-10, "catol": 1e-05, "duration": 0.016449928283691406, "x": "[5.13614092 4.17954324 3.21968801 4.57331244 0.9985107  2.00890346]", "status": "2", "success": "False", "message": "Maximum number of function evaluations has been exceeded.", "nfev": "100", "fun": "0.3510947990446449", "maxcv": "0.0"}, "3": {"maxiter": 100, "tol": 1e-10, "catol": 1e-10, "duration": 0.01667189598083496, "x": "[5.13614092 4.17954324 3.21968801 4.57331244 0.9985107  2.00890346]", "status": "2", "success": "False", "message": "Maximum number of function evaluations has been exceeded.", "nfev": "100", "fun": "0.3510947990446449", "maxcv": "0.0"}, "4": {"maxiter": 500, "tol": 1e-05, "catol": 1e-05, "duration": 0.02376699447631836, "x": "[5.13588258 4.1797783  3.21965894 4.57308051 0.99828874 2.00929862]", "status": "1", "success": "True", "message": "Optimization terminated successfully.", "nfev": "144", "fun": "0.3510947555407178", "maxcv": "0.0"}, "5": {"maxiter": 500, "tol": 1e-05, "catol": 1e-10, "duration": 0.023751020431518555, "x": "[5.13588258 4.1797783  3.21965894 4.57308051 0.99828874 2.00929862]", "status": "1", "success": "True", "message": "Optimization terminated successfully.", "nfev": "144", "fun": "0.3510947555407178", "maxcv": "0.0"}, "6": {"maxiter": 500, "tol": 1e-10, "catol": 1e-05, "duration": 0.03985595703125, "x": "[5.13588207 4.17977505 3.21966748 4.57308328 0.99829023 2.00929978]", "status": "1", "success": "True", "message": "Optimization terminated successfully.", "nfev": "242", "fun": "0.3510947555305801", "maxcv": "0.0"}, "7": {"maxiter": 500, "tol": 1e-10, "catol": 1e-10, "duration": 0.03997516632080078, "x": "[5.13588207 4.17977505 3.21966748 4.