{"date": "2024/07/18/, 18:38:48", "conf_id": 26, "data_type": "random\n", "num_data_points": 2, "s_rank": 0, "unitary": "[[-0.56303964-0.00798273j,-0.21670212-0.15784972j,-0.06047197-0.73952673j,-0.01438004+0.24552571j],[-0.06976756+0.23474685j,-0.01275565-0.5435098j,-0.02703657-0.08917885j,-0.08210486-0.79311774j],[-0.38559961+0.10714929j,0.5933431-0.2687392j,-0.24060861+0.29149289j,-0.45147719+0.26241743j],[-0.50180421+0.45931857j,-0.11617175+0.44134496j,0.49642745+0.22684508j,-0.08544628-0.15407063j]]", "databatch_0": {"databatch": "[[[-3.42836934e-01+0.01748325j,1.28443682e-02+0.11282916j,1.59344395e-02-0.01118027j,-7.03093941e-02+0.26017028j],[-1.86659792e-01-0.25089567j,-1.07249056e-01+0.13228939j,2.03678135e-02+0.09252813j,-1.00682735e-01+0.04259244j],[-3.14247824e-01-0.04913233j,-1.87133104e-02+0.20029938j,5.72392953e-02+0.10147618j,4.09712439e-02+0.12208946j],[-4.97271344e-01-0.00097465j,-3.90597170e-02+0.16589919j,-2.84599633e-02+0.01275859j,-6.06149112e-02+0.4424492j]],[[-1.56412223e-01+0.0044521j,3.70781104e-02-0.014607j,8.32966833e-03+0.04868925j,1.88330671e-01-0.18139638j],[-5.93909717e-01+0.25160813j,4.08493651e-03-0.12875369j,-4.10562942e-03-0.18967369j,-2.50403656e-01-0.38141908j],[1.85541626e-02-0.13109238j,1.69949035e-02+0.00306212j,5.96761196e-02-0.01136695j,1.92277465e-04-0.03115743j],[-2.90703304e-01-0.14073202j,5.98878348e-02-0.03862877j,7.70660632e-02-0.03157337j,1.26495569e-01-0.26737666j]]]", "initial param values": "[5.7501442,5.46996373,0.96699811,4.17270735,2.65349943,1.28498458]", "nelder_mead": {"type": "gradient-free", "0": {"maxiter": 100, "fatol": 1e-05, "xatol": 1e-05, "duration": 0.026618003845214844, "fun": "0.38126850117810474", "nit": "100", "nfev": "151", "status": "2", "success": "False", "message": "Maximum number of iterations has been exceeded.", "x": "[7.06921195 6.83980174 0.24806313 3.11739424 3.08479381 1.75962577]", "final_simplex": "(array([[7.06921195, 6.83980174, 0.24806313, 3.11739424, 3.08479381,\n        1.75962577],\n       [6.94592831, 6.79558716, 0.23372925, 3.09951469, 3.10172896,\n        1.81263185],\n       [7.10722342, 6.53785306, 0.36893431, 3.20693385, 3.02119147,\n        1.73197772],\n       [7.04337529, 6.70355386, 0.31306847, 3.0180488 , 3.06035447,\n        1.7568866 ],\n       [7.00773071, 6.65271009, 0.41708857, 3.18582931, 2.96288743,\n        1.67844328],\n       [7.14348621, 6.40384091, 0.54072996, 3.22528894, 2.86299329,\n        1.56112335],\n       [7.06059966, 6.43475545, 0.51388166, 3.2089607 , 2.91937412,\n        1.57431777]]), array([0.3812685 , 0.38249651, 0.38338648, 0.38425216, 0.38489343,\n       0.38586797, 0.38593492]))"}, "1": {"maxiter": 100, "fatol": 1e-05, "xatol": 1e-10, "duration": 0.02656102180480957, "fun": "0.38126850117810474", "nit": "100", "nfev": "151", "status": "2", "success": "False", "message": "Maximum number of iterations has been exceeded.", "x": "[7.06921195 6.83980174 0.24806313 3.11739424 3.08479381 1.75962577]", "final_simplex": "(array([[7.06921195, 6.83980174, 0.24806313, 3.11739424, 3.08479381,\n        1.75962577],\n       [6.94592831, 6.79558716, 0.23372925, 3.09951469, 3.10172896,\n        1.81263185],\n       [7.10722342, 6.53785306, 0.36893431, 3.20693385, 3.02119147,\n        1.73197772],\n       [7.04337529, 6.70355386, 0.31306847, 3.0180488 , 3.06035447,\n        1.7568866 ],\n       [7.00773071, 6.65271009, 0.41708857, 3.18582931, 2.96288743,\n        1.67844328],\n       [7.14348621, 6.40384091, 0.54072996, 3.22528894, 2.86299329,\n        1.56112335],\n       [7.06059966, 6.43475545, 0.51388166, 3.2089607 , 2.91937412,\n        1.57431777]]), array([0.3812685 , 0.38249651, 0.38338648, 0.38425216, 0.38489343,\n       0.38586797, 0.38593492]))"}, "2": {"maxiter": 100, "fatol": 1e-10, "xatol": 1e-05, "duration": 0.026520729064941406, "fun": "0.38126850117810474", "nit": "100", "nfev": "151", "status": "2", "success": "False", "message": "Maximum number of iterations has been exceeded.", "x": "[7.06921195 6.83980174 0.24806313 3.11739424 3.08479381 1.75962577]", "final_simplex": "(array([[7.06921195, 6.83980174, 0.24806313, 3.11739424, 3.08479381,\n        1.75962577],\n       [6.94592831, 6.79558716, 0.23372925, 3.09951469, 3.10172896,\n        1.81263185],\n       [7.10722342, 6.53785306, 0.36893431, 3.20693385, 3.02119147,\n        1.73197772],\n       [7.04337529, 6.70355386, 0.31306847, 3.0180488 , 3.06035447,\n        1.7568866 ],\n       [7.00773071, 6.65271009, 0.41708857, 3.18582931, 2.96288743,\n        1.67844328],\n       [7.14348621, 6.40384091, 0.54072996, 3.22528894, 2.86299329,\n        1.56112335],\n       [7.06059966, 6.43475545, 0.51388166, 3.2089607 , 2.91937412,\n        1.57431777]]), array([0.3812685 , 0.38249651, 0.38338648, 0.38425216, 0.38489343,\n       0.38586797, 0.38593492]))"}, "3": {"maxiter": 100, "fatol": 1e-10, "xatol": 1e-10, "duration": 0.02645707130432129, "fun": "0.38126850117810474", "nit": "100", "nfev": "151", "status": "2", "success": "False", "message": "Maximum number of iterations has been exceeded.", "x": "[7.06921195 6.83980174 0.24806313 3.11739424 3.08479381 1.75962577]", "final_simplex": "(array([[7.06921195, 6.83980174, 0.24806313, 3.11739424, 3.08479381,\n        1.75962577],\n       [6.94592831, 6.79558716, 0.23372925, 3.09951469, 3.10172896,\n        1.81263185],\n       [7.10722342, 6.53785306, 0.36893431, 3.20693385, 3.02119147,\n        1.73197772],\n       [7.04337529, 6.70355386, 0.31306847, 3.0180488 , 3.06035447,\n        1.7568866 ],\n       [7.00773071, 6.65271009, 0.41708857, 3.18582931, 2.96288743,\n        1.67844328],\n       [7.14348621, 6.40384091, 0.54072996, 3.22528894, 2.86299329,\n        1.56112335],\n       [7.06059966, 6.43475545, 0.51388166, 3.2089607 , 2.91937412,\n        1.57431777]]), array([0.3812685 , 0.38249651, 0.38338648, 0.38425216, 0.38489343,\n       0.38586797, 0.38593492]))"}, "4": {"maxiter": 500, "fatol": 1e-05, "xatol": 1e-05, "duration": 0.12098407745361328, "fun": "0.2886641680834505", "nit": "446", "nfev": "695", "status": "0", "success": "True", "message": "Optimization terminated successfully.", "x": "[ 7.734388    8.78475724 -1.10058275  1.98387063  2.82785036  1.50685842]", "final_simplex": "(array([[ 7.734388  ,  8.78475724, -1.10058275,  1.98387063,  2.82785036,\n         1.50685842],\n       [ 7.73438181,  8.78475551, -1.10058363,  1.98386405,  2.82784743,\n         1.506858  ],\n       [ 7.73438329,  8.78475109, -1.10058185,  1.98386495,  2.82784871,\n         1.5068604 ],\n       [ 7.73438343,  8.78475732, -1.10058466,  1.98386852,  2.82784759,\n         1.50686554],\n       [ 7.73438123,  8.7847524 , -1.10058086,  1.98386646,  2.82784177,\n         1.50685511],\n       [ 7.73438599,  8.78475004, -1.10058699,  1.98386926,  2.82784933,\n         1.50685546],\n       [ 7.73439474,  8.78475827, -1.10058641,  1.98386528,  2.82785137,\n         1.50686378]]), array([0.28866417, 0.28866417, 0.28866417, 0.28866417, 0.28866417,\n       0.28866417, 0.28866417]))"}, "5": {"maxiter": 500, "fatol": 1e-05, "xatol": 1e-10, "duration": 0.13663625717163086, "fun": "0.2886641680820774", "nit": "500", "nfev": "787", "status": "2", "success": "False", "message": "Maximum number of iterations has been exceeded.", "x": "[ 7.73438551  8.78475446 -1.10058183  1.98386849  2.82784962  1.50685862]", "final_simplex": "(array([[ 7.73438551,  8.78475446, -1.10058183,  1.98386849,  2.82784962,\n         1.50685862],\n       [ 7.7343855 ,  8.78475441, -1.10058188,  1.98386848,  2.82784958,\n         1.50685865],\n       [ 7.73438546,  8.78475438, -1.10058177,  1.98386849,  2.8278495 ,\n         1.50685862],\n       [ 7.73438551,  8.78475444, -1.10058179,  1.98386864,  2.82784951,\n         1.50685845],\n       [ 7.73438536,  8.78475436, -1.10058183,  1.9838684 ,  2.82784955,\n         1.50685859],\n       [ 7.73438547,  8.78475454, -1.10058187,  1.98386841,  2.82784951,\n         1.50685865],\n       [ 7.73438564,  8.78475432, -1.10058169,  1.98386846,  2.82784957,\n         1.50685858]]), array([0.28866417, 0.28866417, 0.28866417, 0.28866417, 0.28866417,\n       0.28866417, 0.28866417]))"}, "6": {"maxiter": 500, "fatol": 1e-10, "xatol": 1e-05, "duration": 0.12129497528076172, "fun": "0.2886641680834505", "nit": "446", "nfev": "695", "status": "0", "success": "True", "message": "Optimization terminated successfully.", "x": "[ 7.734388    8.78475724 -1.10058275  1.98387063  2.82785036  1.50685842]", "final_simplex": "(array([[ 7.734388  ,  8.78475724, -1.10058275,  1.98387063,  2.82785036,\n         1.50685842],\n       [ 7.73438181,  8.78475551, -1.10058363,  1.98386405,  2.82784743,\n         1.506858  ],\n       [ 7.73438329,  8.78475109, -1.10058185,  1.98386495,  2.82784871,\n         1.5068604 ],\n       [ 7.73438343,  8.78475732, -1.10058466,  1.98386852,  2.82784759,\n         1.50686554],\n       [ 7.73438123,  8.7847524 , -1.10058086,  1.98386646,  2.82784177,\n         1.50685511],\n       [ 7.73438599,  8.78475004, -1.10058699,  1.98386926,  2.82784933,\n         1.50685546],\n       [ 7.73439474,  8.78475827, -1.10058641,  1.98386528,  2.82785137,\n         1.50686378]]), array([0.28866417, 0.28866417, 0.28866417, 0.28866417, 0.28866417,\n       0.28866417, 0.28866417]))"}, "7": {"maxiter": 500, "fatol": 1e-10, "xatol": 1e-10, "duration": 0.13698983192443848, "fun": "0.2886641680820774", "nit": "500", "nfev": "787", "status": "2", "success": "False", "message": "Maximum number of iterations has been exceeded.", "x": "[ 7.73438551  8.78475446 -1.10058183  1.98386849  2.82784962  1.50685862]", "final_simplex": "(array([[ 7.73438551,  8.78475446, -1.10058183,  1.98386849,  2.82784962,\n         1.50685862],\n       [ 7.7343855 ,  8.78475441, -1.10058188,  1.98386848,  2.82784958,\n         1.50685865],\n       [ 7.73438546,  8.78475438, -1.10058177,  1.98386849,  2.8278495 ,\n         1.50685862],\n       [ 7.73438551,  8.78475444, -1.10058179,  1.98386864,  2.82784951,\n         1.50685845],\n       [ 7.73438536,  8.78475436, -1.10058183,  1.9838684 ,  2.82784955,\n         1.50685859],\n       [ 7.73438547,  8.78475454, -1.10058187,  1.98386841,  2.82784951,\n         1.50685865],\n       [ 7.73438564,  8.78475432, -1.10058169,  1.98386846,  2.82784957,\n         1.50685858]]), array([0.28866417, 0.28866417, 0.28866417, 0.28866417, 0.28866417,\n       0.28866417, 0.28866417]))"}, "8": {"maxiter": 1000, "fatol": 1e-05, "xatol": 1e-05, "duration": 0.1205601692199707, "fun": "0.2886641680834505", "nit": "446", "nfev": "695", "status": "0", "success": "True", "message": "Optimization terminated successfully.", "x": "[ 7.734388    8.78475724 -1.10058275  1.98387063  2.82785036  1.50685842]", "final_simplex": "(array([[ 7.734388  ,  8.78475724, -1.10058275,  1.98387063,  2.82785036,\n         1.50685842],\n       [ 7.73438181,  8.78475551, -1.10058363,  1.98386405,  2.82784743,\n         1.506858  ],\n       [ 7.73438329,  8.78475109, -1.10058185,  1.98386495,  2.82784871,\n         1.5068604 ],\n       [ 7.73438343,  8.78475732, -1.10058466,  1.98386852,  2.82784759,\n         1.50686554],\n       [ 7.73438123,  8.7847524 , -1.10058086,  1.98386646,  2.82784177,\n         1.50685511],\n       [ 7.73438599,  8.78475004, -1.10058699,  1.98386926,  2.82784933,\n         1.50685546],\n       [ 7.73439474,  8.78475827, -1.10058641,  1.98386528,  2.82785137,\n         1.50686378]]), array([0.28866417, 0.28866417, 0.28866417, 0.28866417, 0.28866417,\n       0.28866417, 0.28866417]))"}, "9": {"maxiter": 1000, "fatol": 1e-05, "xatol": 1e-10, "duration": 0.16197419166564941, "fun": "0.2886641680820756", "nit": "559", "nfev": "936", "status": "0", "success": "True", "message": "Optimization terminated successfully.", "x": "[ 7.73438549  8.78475435 -1.10058176  1.98386855  2.82784953  1.50685852]", "final_simplex": "(array([[ 7.73438549,  8.78475435, -1.10058176,  1.98386855,  2.82784953,\n         1.50685852],\n       [ 7.73438549,  8.78475435, -1.10058176,  1.98386855,  2.82784953,\n         1.50685852],\n       [ 7.73438549,  8.78475435, -1.10058176,  1.98386855,  2.82784953,\n         1.50685852],\n       [ 7.73438549,  8.78475435, -1.10058176,  1.98386855,  2.82784953,\n         1.50685852],\n       [ 7.73438549,  8.78475435, -1.10058176,  1.98386855,  2.82784953,\n         1.50685852],\n       [ 7.73438549,  8.78475435, -1.10058176,  1.98386855,  2.82784953,\n         1.50685852],\n       [ 7.73438549,  8.78475435, -1.10058176,  1.98386855,  2.82784953,\n         1.50685852]]), array([0.28866417, 0.28866417, 0.28866417, 0.28866417, 0.28866417,\n       0.28866417, 0.28866417]))"}, "10": {"maxiter": 1000, "fatol": 1e-10, "xatol": 1e-05, "duration": 0.12003421783447266, "fun": "0.2886641680834505", "nit": "446", "nfev": "695", "status": "0", "success": "True", "message": "Optimization terminated successfully.", "x": "[ 7.734388    8.78475724 -1.10058275  1.98387063  2.82785036  1.50685842]", "final_simplex": "(array([[ 7.734388  ,  8.78475724, -1.10058275,  1.98387063,  2.82785036,\n         1.50685842],\n       [ 7.73438181,  8.78475551, -1.10058363,  1.98386405,  2.82784743,\n         1.506858  ],\n       [ 7.73438329,  8.78475109, -1.10058185,  1.98386495,  2.82784871,\n         1.5068604 ],\n       [ 7.73438343,  8.78475732, -1.10058466,  1.98386852,  2.82784759,\n         1.50686554],\n       [ 7.73438123,  8.7847524 , -1.10058086,  1.98386646,  2.82784177,\n         1.50685511],\n       [ 7.73438599,  8.78475004, -1.10058699,  1.98386926,  2.82784933,\n         1.50685546],\n       [ 7.73439474,  8.78475827, -1.10058641,  1.98386528,  2.82785137,\n         1.50686378]]), array([0.28866417, 0.28866417, 0.28866417, 0.28866417, 0.28866417,\n       0.28866417, 0.28866417]))"}, "11": {"maxiter": 1000, "fatol": 1e-10, "xatol": 1e-10, "duration": 0.16128110885620117, "fun": "0.2886641680820756", "nit": "559", "nfev": "936", "status": "0", "success": "True", "message": "Optimization terminated successfully.", "x": "[ 7.73438549  8.78475435 -1.10058176  1.98386855  2.82784953  1.50685852]", "final_simplex": "(array([[ 7.73438549,  8.78475435, -1.10058176,  1.98386855,  2.82784953,\n         1.50685852],\n       [ 7.73438549,  8.78475435, -1.10058176,  1.98386855,  2.82784953,\n         1.50685852],\n       [ 7.73438549,  8.78475435, -1.10058176,  1.98386855,  2.82784953,\n         1.50685852],\n       [ 7.73438549,  8.78475435, -1.10058176,  1.98386855,  2.82784953,\n         1.50685852],\n       [ 7.73438549,  8.78475435, -1.10058176,  1.98386855,  2.82784953,\n         1.50685852],\n       [ 7.73438549,  8.78475435, -1.10058176,  1.98386855,  2.82784953,\n         1.50685852],\n       [ 7.73438549,  8.78475435, -1.10058176,  1.98386855,  2.82784953,\n         1.50685852]]), array([0.28866417, 0.28866417, 0.28866417, 0.28866417, 0.28866417,\n       0.28866417, 0.28866417]))"}}, "bfgs": {"type": "gradient", "0": {"maxiter": 100, "gtol": 1e-05, "xrtol": 1e-05, "eps": 1e-05, "duration": 0.04731321334838867, "fun": "0.28866416812157436", "jac": "[-1.22535315e-07  2.54274379e-07  2.90767410e-08 -1.82043269e-07\n -1.71163084e-07  3.33011396e-07]", "hess_inv": "[[ 8.03198234  3.25022906 -1.63247098  1.26897889  3.37093632  3.41829297]\n [ 3.25022906  7.94252828 -3.97907498 -1.45387539  2.5229566   5.43048298]\n [-1.63247098 -3.97907498  6.56792546  0.30824144 -2.4321859  -4.74333325]\n [ 1.26897889 -1.45387539  0.30824144  6.33701266  0.78596362 -1.01289077]\n [ 3.37093632  2.5229566  -2.4321859   0.78596362  5.87369837  5.38737752]\n [ 3.41829297  5.43048298 -4.74333325 -1.01289077  5.38737752 12.59887833]]", "nfev": "266", "njev": "38", "status": "0", "success": "True", "message": "Optimization terminated successfully.", "x": "[ 7.73436643  8.78474139 -1.10057742  1.98386033  2.82783239  1.50684015]", "nit": "35"}, "1": {"maxiter": 100, "gtol": 1e-05, "xrtol": 1e-05, "eps": 1e-10, "duration": 0.04565095901489258, "fun": "0.2886641686508956", "jac": "[ 0.00000000e+00  3.33066880e-06  8.88178346e-06 -3.33066880e-06\n -9.99200639e-06  9.99200639e-06]", "hess_inv": "[[ 8.01887789  3.3256968  -1.60368791  1.40783362  3.35499966  3.27180964]\n [ 3.3256968   8.09454046 -4.10336017 -1.43812129  2.49193649  5.47439392]\n [-1.60368791 -4.10336017  6.46653333  0.42581058 -2.36989795 -5.02752867]\n [ 1.40783362 -1.43812129  0.42581058  6.30850802  0.72806658 -0.89097829]\n [ 3.35499966  2.49193649 -2.36989795  0.72806658  5.93875346  5.47749517]\n [ 3.27180964  5.47439392 -5.02752867 -0.89097829  5.47749517 12.29747277]]", "nfev": "259", "njev": "37", "status": "0", "success": "True", "message": "Optimization terminated successfully.", "x": "[ 7.73438088  8.78477729 -1.10056759  1.98383225  2.82783238  1.50692205]", "nit": "34"}, "2": {"maxiter": 100, "gtol": 1e-05, "xrtol": 1e-10, "eps": 1e-05, "duration": 0.04673194885253906, "fun": "0.28866416812157436", "jac": "[-1.22535315e-07  2.54274379e-07  2.90767410e-08 -1.82043269e-07\n -1.71163084e-07  3.33011396e-07]", "hess_inv": "[[ 8.03198234  3.25022906 -1.63247098  1.26897889  3.37093632  3.41829297]\n [ 3.25022906  7.94252828 -3.97907498 -1.45387539  2.5229566   5.43048298]\n [-1.63247098 -3.97907498  6.56792546  0.30824144 -2.4321859  -4.74333325]\n [ 1.26897889 -1.45387539  0.30824144  6.33701266  0.78596362 -1.01289077]\n [ 3.37093632  2.5229566  -2.4321859   0.78596362  5.87369837  5.38737752]\n [ 3.41829297  5.43048298 -4.74333325 -1.01289077  5.38737752 12.59887833]]", "nfev": "266", "njev": "38", "status": "0", "success": "True", "message": "Optimization terminated successfully.", "x": "[ 7.73436643  8.78474139 -1.10057742  1.98386033  2.82783239  1.50684015]", "nit": "35"}, "3": {"maxiter": 100, "gtol": 1e-05, "xrtol": 1e-10, "eps": 1e-10, "duration": 0.04519796371459961, "fun": "0.2886641686508956", "jac": "[ 0.00000000e+00  3.33066880e-06  8.88178346e-06 -3.33066880e-06\n -9.99200639e-06  9.99200639e-06]", "hess_inv": "[[ 8.01887789  3.3256968  -1.60368791  1.40783362  3.35499966  3.27180964]\n [ 3.3256968   8.09454046 -4.10336017 -1.43812129  2.49193649  5.47439392]\n [-1.60368791 -4.10336017  6.46653333  0.42581058 -2.36989795 -5.02752867]\n [ 1.40783362 -1.43812129  0.42581058  6.30850802  0.72806658 -0.89097829]\n [ 3.35499966  2.49193649 -2.36989795  0.72806658  5.93875346  5.47749517]\n [ 3.27180964  5.47439392 -5.02752867 -0.89097829  5.47749517 12.29747277]]", "nfev": "259", "njev": "37", "status": "0", "success": "True", "message": "Optimization terminated successfully.", "x": "[ 7.73438088  8.78477729 -1.10056759  1.98383225  2.82783238  1.50692205]", "nit": "34"}, "4": {"maxiter": 100, "gtol": 1e-10, "xrtol": 1e-05, "eps": 1e-05, "duration": 0.08174276351928711, "fun": "0.28866416812157436", "jac": "[-1.22535315e-07  2.54274379e-07  2.90767410e-08 -1.82043269e-07\n -1.71163084e-07  3.33011396e-07]", "hess_inv": "[[ 7.9801899   3.14156541 -1.57755918  1.30322123  3.31410127  3.2986421 ]\n [ 3.14156541  7.89960944 -3.97342298 -1.51413733  2.44644854  5.43563464]\n [-1.57755918 -3.97342298  6.57456276  0.3501414  -2.3972267  -4.7681361 ]\n [ 1.30322123 -1.51413733  0.3501414   6.40867372  0.79303409 -1.11665789]\n [ 3.31410127  2.44644854 -2.3972267   0.79303409  5.82119825  5.3152362 ]\n [ 3.2986421   5.43563464 -4.7681361  -1.11665789  5.3152362  12.67710285]]", "nfev": "473", "njev": "66", "status": "2", "success": "False", "message": "Desired error not necessarily achieved due to precision loss.", "x": "[ 7.73436643  8.78474139 -1.10057742  1.98386033  2.82783239  1.50684015]", "nit": "35"}, "5": {"maxiter": 100, "gtol": 1e-10, "xrtol": 1e-05, "eps": 1e-10, "duration": 0.046320199966430664, "fun": "0.28866416810563644", "jac": "[ 1.11022293e-06 -5.55111466e-06 -2.22044587e-06  1.11022293e-06\n  0.00000000e+00  1.11022293e-06]", "hess_inv": "[[ 7.94077039  3.43265323 -1.69372464  1.27619082  3.33648225  3.39397019]\n [ 3.43265323  7.98202066 -3.91375963 -1.31837858  2.47175611  5.38703506]\n [-1.69372464 -3.91375963  6.49229017  0.15582252 -2.48020751 -4.7305714 ]\n [ 1.27619082 -1.31837858  0.15582252  6.19455773  0.77805759 -0.8276017 ]\n [ 3.33648225  2.47175611 -2.48020751  0.77805759  5.99545891  5.39922879]\n [ 3.39397019  5.38703506 -4.7305714  -0.8276017   5.39922879 12.29460668]]", "nfev": "266", "njev": "38", "status": "0", "success": "True", "message": "Optimization terminated successfully.", "x": "[ 7.73438816  8.78475194 -1.10058922  1.98387194  2.82785473  1.50687447]", "nit": "35"}, "6": {"maxiter": 100, "gtol": 1e-10, "xrtol": 1e-10, "eps": 1e-05, "duration": 0.08211588859558105, "fun": "0.28866416812157436", "jac": "[-1.22535315e-07  2.54274379e-07  2.90767410e-08 -1.82043269e-07\n -1.71163084e-07  3.33011396e-07]", "hess_inv": "[[ 7.9801899   3.14156541 -1.57755918  1.30322123  3.31410127  3.2986421 ]\n [ 3.14156541  7.89960944 -3.97342298 -1.51413733  2.44644854  5.43563464]\n [-1.57755918 -3.97342298  6.57456276  0.3501414  -2.3972267  -4.7681361 ]\n [ 1.30322123 -1.51413733  0.3501414   6.40867372  0.79303409 -1.11665789]\n [ 3.31410127  2.44644854 -2.3972267   0.79303409  5.82119825  5.3152362 ]\n [ 3.2986421   5.43563464 -4.7681361  -1.11665789  5.3152362  12.67710285]]", "nfev": "473", "njev": "66", "status": "2", "success": "False", "message": "Desired error not necessarily achieved due to precision loss.", "x": "[ 7.73436643  8.78474139 -1.10057742  1.98386033  2.82783239  1.50684015]", "nit": "35"}, "7": {"maxiter": 100, "gtol": 1e-10, "xrtol": 1e-10, "eps": 1e-10, "duration": 0.07258915901184082, "fun": "0.2886641681021812", "jac": "[1.11022293e-06 1.11022293e-06 0.00000000e+00 1.11022293e-06\n 0.00000000e+00 1.11022293e-06]", "hess_inv": "[[ 1.41540371 -1.00272791  1.52570191 -0.06008539 -0.13153005  0.26313643]\n [-1.00272791  0.73249953 -1.09460934  0.02718509  0.11987052 -0.18408431]\n [ 1.52570191 -1.09460934  1.69828581 -0.04162038 -0.15211467  0.24906116]\n [-0.06008539  0.02718509 -0.04162038  0.02184031 -0.00995826 -0.03183637]\n [-0.13153005  0.11987052 -0.15211467 -0.00995826  0.04665106 -0.03018878]\n [ 0.26313643 -0.18408431  0.24906116 -0.03183637 -0.03018878  0.09558427]]", "nfev": "420", "njev": "60", "status": "0", "success": "True", "message": "Optimization terminated successfully.", "x": "[ 7.73439426  8.78477014 -1.10058706  1.98386249  2.82785434  1.5068741 ]", "nit": "44"}, "8": {"maxiter": 500, "gtol": 1e-05, "xrtol": 1e-05, "eps": 1e-05, "duration": 0.046196937561035156, "fun": "0.28866416812157436", "jac": "[-1.22535315e-07  2.54274379e-07  2.90767410e-08 -1.82043269e-07\n -1.71163084e-07  3.33011396e-07]", "hess_inv": "[[ 8.03198234  3.25022906 -1.63247098  1.26897889  3.37093632  3.41829297]\n [ 3.25022906  7.94252828 -3.97907498 -1.45387539  2.5229566   5.43048298]\n [-1.63247098 -3.97907498  6.56792546  0.30824144 -2.4321859  -4.74333325]\n [ 1.26897889 -1.45387539  0.30824144  6.33701266  0.78596362 -1.01289077]\n [ 3.37093632  2.5229566  -2.4321859   0.78596362  5.87369837  5.38737752]\n [ 3.41829297  5.43048298 -4.74333325 -1.01289077  5.38737752 12.59887833]]", "nfev": "266", "njev": "38", "status": "0", "success": "True", "message": "Optimization terminated successfully.", "x": "[ 7.73436643  8.78474139 -1.10057742  1.98386033  2.82783239  1.50684015]", "nit": "35"}, "9": {"maxiter": 500, "gtol": 1e-05, "xrtol": 1e-05, "eps": 1e-10, "duration": 0.044854164123535156, "fun": "0.2886641686508956", "jac": "[ 0.00000000e+00  3.33066880e-06  8.88178346e-06 -3.33066880e-06\n -9.99200639e-06  9.99200639e-06]", "hess_inv": "[[ 8.01887789  3.3256968  -1.60368791  1.40783362  3.35499966  3.27180964]\n [ 3.3256968   8.09454046 -4.10336017 -1.43812129  2.49193649  5.47439392]\n [-1.60368791 -4.10336017  6.46653333  0.42581058 -2.36989795 -5.02752867]\n [ 1.40783362 -1.43812129  0.42581058  6.30850802  0.72806658 -0.89097829]\n [ 3.35499966  2.49193649 -2.36989795  0.72806658  5.93875346  5.47749517]\n [ 3.27180964  5.47439392 -5.02752867 -0.89097829  5.47749517 12.29747277]]", "nfev": "259", "njev": "37", "status": "0", "success": "True", "message": "Optimization terminated successfully.", "x": "[ 7.73438088  8.78477729 -1.10056759  1.98383225  2.82783238  1.50692205]", "nit": "34"}, "10": {"maxiter": 500, "gtol": 1e-05, "xrtol": 1e-10, "eps": 1e-05, "duration": 0.046447038650512695, "fun": "0.28866416812157436", "jac": "[-1.22535315e-07  2.54274379e-07  2.90767410e-08 -1.82043269e-07\n -1.71163084e-07  3.33011396e-07]", "hess_inv": "[[ 8.03198234  3.25022906 -1.63247098  1.26897889  3.37093632  3.41829297]\n [ 3.25022906  7.94252828 -3.97907498 -1.45387539  2.5229566   5.43048298]\n [-1.63247098 -3.97907498  6.56792546  0.30824144 -2.4321859  -4.74333325]\n [ 1.26897889 -1.45387539  0.30824144  6.33701266  0.78596362 -1.01289077]\n [ 3.37093632  2.5229566  -2.4321859   0.78596362  5.87369837  5.38737752]\n [ 3.41829297  5.43048298 -4.74333325 -1.01289077  5.38737752 12.59887833]]", "nfev": "266", "njev": "38", "status": "0", "success": "True", "message": "Optimization terminated successfully.", "x": "[ 7.73436643  8.78474139 -1.10057742  1.98386033  2.82783239  1.50684015]", "nit": "35"}, "11": {"maxiter": 500, "gtol": 1e-05, "xrtol": 1e-10, "eps": 1e-10, "duration": 0.04512810707092285, "fun": "0.2886641686508956", "jac": "[ 0.00000000e+00  3.33066880e-06  8.88178346e-06 -3.33066880e-06\n -9.99200639e-06  9.99200639e-06]", "hess_inv": "[[ 8.01887789  3.3256968  -1.60368791  1.40783362  3.35499966  3.27180964]\n [ 3.3256968   8.09454046 -4.10336017 -1.43812129  2.49193649  5.47439392]\n [-1.60368791 -4.10336017  6.46653333  0.42581058 -2.36989795 -5.02752867]\n [ 1.40783362 -1.43812129  0.42581058  6.30850802  0.72806658 -0.89097829]\n [ 3.35499966  2.49193649 -2.36989795  0.72806658  5.93875346  5.47749517]\n [ 3.27180964  5.47439392 -5.02752867 -0.89097829  5.47749517 12.29747277]]", "nfev": "259", "njev": "37", "status": "0", "success": "True", "message": "Optimization terminated successfully.", "x": "[ 7.73438088  8.78477729 -1.10056759  1.98383225  2.82783238  1.50692205]", "nit": "34"}, "12": {"maxiter": 500, "gtol": 1e-10, "xrtol": 1e-05, "eps": 1e-05, "duration": 0.08365511894226074, "fun": "0.28866416812157436", "jac": "[-1.22535315e-07  2.54274379e-07  2.90767410e-08 -1.82043269e-07\n -1.71163084e-07  3.33011396e-07]", "hess_inv": "[[ 7.9801899   3.14156541 -1.57755918  1.30322123  3.31410127  3.2986421 ]\n [ 3.14156541  7.89960944 -3.97342298 -1.51413733  2.44644854  5.43563464]\n [-1.57755918 -3.97342298  6.57456276  0.3501414  -2.3972267  -4.7681361 ]\n [ 1.30322123 -1.51413733  0.3501414   6.40867372  0.79303409 -1.11665789]\n [ 3.31410127  2.44644854 -2.3972267   0.79303409  5.82119825  5.3152362 ]\n [ 3.2986421   5.43563464 -4.7681361  -1.11665789  5.3152362  12.67710285]]", "nfev": "473", "njev": "66", "status": "2", "success": "False", "message": "Desired error not necessarily achieved due to precision loss.", "x": "[ 7.73436643  8.78474139 -1.10057742  1.98386033  2.82783239  1.50684015]", "nit": "35"}, "13": {"maxiter": 500, "gtol": 1e-10, "xrtol": 1e-05, "eps": 1e-10, "duration": 0.047344207763671875, "fun": "0.28866416810563644", "jac": "[ 1.11022293e-06 -5.55111466e-06 -2.22044587e-06  1.11022293e-06\n  0.00000000e+00  1.11022293e-06]", "hess_inv": "[[ 7.94077039  3.43265323 -1.69372464  1.27619082  3.33648225  3.39397019]\n [ 3.43265323  7.98202066 -3.91375963 -1.31837858  2.47175611  5.38703506]\n [-1.69372464 -3.91375963  6.49229017  0.15582252 -2.48020751 -4.7305714 ]\n [ 1.27619082 -1.31837858  0.15582252  6.19455773  0.77805759 -0.8276017 ]\n [ 3.33648225  2.47175611 -2.48020751  0.77805759  5.99545891  5.39922879]\n [ 3.39397019  5.38703506 -4.7305714  -0.8276017   5.39922879 12.29460668]]", "nfev": "266", "njev": "38", "status": "0", "success": "True", "message": "Optimization terminated successfully.", "x": "[ 7.73438816  8.78475194 -1.10058922  1.98387194  2.82785473  1.50687447]", "nit": "35"}, "14": {"maxiter": 500, "gtol": 1e-10, "xrtol": 1e-10, "eps": 1e-05, "duration": 0.08346199989318848, "fun": "0.28866416812157436", "jac": "[-1.22535315e-07  2.54274379e-07  2.90767410e-08 -1.82043269e-07\n -1.71163084e-07  3.33011396e-07]", "hess_inv": "[[ 7.9801899   3.14156541 -1.57755918  1.30322123  3.31410127  3.2986421 ]\n [ 3.14156541  7.89960944 -3.97342298 -1.51413733  2.44644854  5.43563464]\n [-1.57755918 -3.97342298  6.57456276  0.3501414  -2.3972267  -4.7681361 ]\n [ 1.30322123 -1.51413733  0.3501414   6.40867372  0.79303409 -1.11665789]\n [ 3.31410127  2.44644854 -2.3972267   0.79303409  5.82119825  5.3152362 ]\n [ 3.2986421   5.43563464 -4.7681361  -1.11665789  5.3152362  12.67710285]]", "nfev": "473", "njev": "66", "status": "2", "success": "False", "message": "Desired error not necessarily achieved due to precision loss.", "x": "[ 7.73436643  8.78474139 -1.10057742  1.98386033  2.82783239  1.50684015]", "nit": "35"}, "15": {"maxiter": 500, "gtol": 1e-10, "xrtol": 1e-10, "eps": 1e-10, "duration": 0.07440614700317383, "fun": "0.2886641681021812", "jac": "[1.11022293e-06 1.11022293e-06 0.00000000e+00 1.11022293e-06\n 0.00000000e+00 1.11022293e-06]", "hess_inv": "[[ 1.41540371 -1.00272791  1.52570191 -0.06008539 -0.13153005  0.26313643]\n [-1.00272791  0.73249953 -1.09460934  0.02718509  0.11987052 -0.18408431]\n [ 1.52570191 -1.09460934  1.69828581 -0.04162038 -0.15211467  0.24906116]\n [-0.06008539  0.02718509 -0.04162038  0.02184031 -0.00995826 -0.03183637]\n [-0.13153005  0.11987052 -0.15211467 -0.00995826  0.04665106 -0.03018878]\n [ 0.26313643 -0.18408431  0.24906116 -0.03183637 -0.03018878  0.09558427]]", "nfev": "420", "njev": "60", "status": "0", "success": "True", "message": "Optimization terminated successfully.", "x": "[ 7.73439426  8.78477014 -1.10058706  1.98386249  2.82785434  1.5068741 ]", "nit": "44"}, "16": {"maxiter": 1000, "gtol": 1e-05, "xrtol": 1e-05, "eps": 1e-05, "duration": 0.047325849533081055, "fun": "0.28866416812157436", "jac": "[-1.22535315e-07  2.54274379e-07  2.90767410e-08 -1.82043269e-07\n -1.71163084e-07  3.33011396e-07]", "hess_inv": "[[ 8.03198234  3.25022906 -1.63247098  1.26897889  3.37093632  3.41829297]\n [ 3.25022906  7.94252828 -3.97907498 -1.45387539  2.5229566   5.43048298]\n [-1.63247098 -3.97907498  6.56792546  0.30824144 -2.4321859  -4.74333325]\n [ 1.26897889 -1.45387539  0.30824144  6.33701266  0.78596362 -1.01289077]\n [ 3.37093632  2.5229566  -2.4321859   0.78596362  5.87369837  5.38737752]\n [ 3.41829297  5.43048298 -4.74333325 -1.01289077  5.38737752 12.59887833]]", "nfev": "266", "njev": "38", "status": "0", "success": "True", "message": "Optimization terminated successfully.", "x": "[ 7.73436643  8.78474139 -1.10057742  1.98386033  2.82783239  1.50684015]", "nit": "35"}, "17": {"maxiter": 1000, "gtol": 1e-05, "xrtol": 1e-05, "eps": 1e-10, "duration": 0.04614710807800293, "fun": "0.2886641686508956", "jac": "[ 0.00000000e+00  3.33066880e-06  8.88178346e-06 -3.33066880e-06\n -9.99200639e-06  9.99200639e-06]", "hess_inv": "[[ 8.01887789  3.3256968  -1.60368791  1.40783362  3.35499966  3.27180964]\n [ 3.3256968   8.09454046 -4.10336017 -1.43812129  2.49193649  5.47439392]\n [-1.60368791 -4.10336017  6.46653333  0.42581058 -2.36989795 -5.02752867]\n [ 1.40783362 -1.43812129  0.42581058  6.30850802  0.72806658 -0.89097829]\n [ 3.35499966  2.49193649 -2.36989795  0.72806658  5.93875346  5.47749517]\n [ 3.27180964  5.47439392 -5.02752867 -0.89097829  5.47749517 12.29747277]]", "nfev": "259", "njev": "37", "status": "0", "success": "True", "message": "Optimization terminated successfully.", "x": "[ 7.73438088  8.78477729 -1.10056759  1.98383225  2.82783238  1.50692205]", "nit": "34"}, "18": {"maxiter": 1000, "gtol": 1e-05, "xrtol": 1e-10, "eps": 1e-05, "duration": 0.04749584197998047, "fun": "0.28866416812157436", "jac": "[-1.22535315e-07  2.54274379e-07  2.90767410e-08 -1.82043269e-07\n -1.71163084e-07  3.33011396e-07]", "hess_inv": "[[ 8.03198234  3.25022906 -1.63247098  1.26897889  3.37093632  3.41829297]\n [ 3.25022906  7.94252828 -3.97907498 -1.45387539  2.5229566   5.43048298]\n [-1.63247098 -3.97907498  6.56792546  0.30824144 -2.4321859  -4.74333325]\n [ 1.26897889 -1.45387539  0.30824144  6.33701266  0.78596362 -1.01289077]\n [ 3.37093632  2.5229566  -2.4321859   0.78596362  5.87369837  5.38737752]\n [ 3.41829297  5.43048298 -4.74333325 -1.01289077  5.38737752 12.59887833]]", "nfev": "266", "njev": "38", "status": "0", "success": "True", "message": "Optimization terminated successfully.", "x": "[ 7.73436643  8.78474139 -1.10057742  1.98386033  2.82783239  1.50684015]", "nit": "35"}, "19": {"maxiter": 1000, "gtol": 1e-05, "xrtol": 1e-10, "eps": 1e-10, "duration": 0.04626107215881348, "fun": "0.2886641686508956", "jac": "[ 0.00000000e+00  3.33066880e-06  8.88178346e-06 -3.33066880e-06\n -9.99200639e-06  9.99200639e-06]", "hess_inv": "[[ 8.01887789  3.3256968  -1.60368791  1.40783362  3.35499966  3.27180964]\n [ 3.3256968   8.09454046 -4.10336017 -1.43812129  2.49193649  5.47439392]\n [-1.60368791 -4.10336017  6.46653333  0.42581058 -2.36989795 -5.02752867]\n [ 1.40783362 -1.43812129  0.42581058  6.30850802  0.72806658 -0.89097829]\n [ 3.35499966  2.49193649 -2.36989795  0.72806658  5.93875346  5.47749517]\n [ 3.27180964  5.47439392 -5.02752867 -0.89097829  5.47749517 12.29747277]]", "nfev": "259", "njev": "37", "status": "0", "success": "True", "message": "Optimization terminated successfully.", "x": "[ 7.73438088  8.78477729 -1.10056759  1.98383225  2.82783238  1.50692205]", "nit": "34"}, "20": {"maxiter": 1000, "gtol": 1e-10, "xrtol": 1e-05, "eps": 1e-05, "duration": 0.08382177352905273, "fun": "0.28866416812157436", "jac": "[-1.22535315e-07  2.54274379e-07  2.90767410e-08 -1.82043269e-07\n -1.71163084e-07  3.33011396e-07]", "hess_inv": "[[ 7.9801899   3.14156541 -1.57755918  1.30322123  3.31410127  3.2986421 ]\n [ 3.14156541  7.89960944 -3.97342298 -1.51413733  2.44644854  5.43563464]\n [-1.57755918 -3.97342298  6.57456276  0.3501414  -2.3972267  -4.7681361 ]\n [ 1.30322123 -1.51413733  0.3501414   6.40867372  0.79303409 -1.11665789]\n [ 3.31410127  2.44644854 -2.3972267   0.79303409  5.82119825  5.3152362 ]\n [ 3.2986421   5.43563464 -4.7681361  -1.11665789  5.3152362  12.67710285]]", "nfev": "473", "njev": "66", "status": "2", "success": "False", "message": "Desired error not necessarily achieved due to precision loss.", "x": "[ 7.73436643  8.78474139 -1.10057742  1.98386033  2.82783239  1.50684015]", "nit": "35"}, "21": {"maxiter": 1000, "gtol": 1e-10, "xrtol": 1e-05, "eps": 1e-10, "duration": 0.05017590522766113, "fun": "0.28866416810563644", "jac": "[ 1.11022293e-06 -5.55111466e-06 -2.22044587e-06  1.11022293e-06\n  0.00000000e+00  1.11022293e-06]", "hess_inv": "[[ 7.94077039  3.43265323 -1.69372464  1.27619082  3.33648225  3.39397019]\n [ 3.43265323  7.98202066 -3.91375963 -1.31837858  2.47175611  5.38703506]\n [-1.69372464 -3.91375963  6.49229017  0.15582252 -2.48020751 -4.7305714 ]\n [ 1.27619082 -1.31837858  0.15582252  6.19455773  0.77805759 -0.8276017 ]\n [ 3.33648225  2.47175611 -2.48020751  0.77805759  5.99545891  5.39922879]\n [ 3.39397019  5.38703506 -4.7305714  -0.8276017   5.39922879 12.29460668]]", "nfev": "266", "njev": "38", "status": "0", "success": "True", "message": "Optimization terminated successfully.", "x": "[ 7.73438816  8.78475194 -1.10058922  1.98387194  2.82785473  1.50687447]", "nit": "35"}, "22": {"maxiter": 1000, "gtol": 1e-10, "xrtol": 1e-10, "eps": 1e-05, "duration": 0.08705592155456543, "fun": "0.28866416812157436", "jac": "[-1.22535315e-07  2.54274379e-07  2.90767410e-08 -1.82043269e-07\n -1.71163084e-07  3.33011396e-07]", "hess_inv": "[[ 7.9801899   3.14156541 -1.57755918  1.30322123  3.31410127  3.2986421 ]\n [ 3.14156541  7.89960944 -3.97342298 -1.51413733  2.44644854  5.43563464]\n [-1.57755918 -3.97342298  6.57456276  0.3501414  -2.3972267  -4.7681361 ]\n [ 1.30322123 -1.51413733  0.3501414   6.40867372  0.79303409 -1.11665789]\n [ 3.31410127  2.44644854 -2.3972267   0.79303409  5.82119825  5.3152362 ]\n [ 3.2986421   5.43563464 -4.7681361  -1.11665789  5.3152362  12.67710285]]", "nfev": "473", "njev": "66", "status": "2", "success": "False", "message": "Desired error not necessarily achieved due to precision loss.", "x": "[ 7.73436643  8.78474139 -1.10057742  1.98386033  2.82783239  1.50684015]", "nit": "35"}, "23": {"maxiter": 1000, "gtol": 1e-10, "xrtol": 1e-10, "eps": 1e-10, "duration": 0.07469606399536133, "fun": "0.2886641681021812", "jac": "[1.11022293e-06 1.11022293e-06 0.00000000e+00 1.11022293e-06\n 0.00000000e+00 1.11022293e-06]", "hess_inv": "[[ 1.41540371 -1.00272791  1.52570191 -0.06008539 -0.13153005  0.26313643]\n [-1.00272791  0.73249953 -1.09460934  0.02718509  0.11987052 -0.18408431]\n [ 1.52570191 -1.09460934  1.69828581 -0.04162038 -0.15211467  0.24906116]\n [-0.06008539  0.02718509 -0.04162038  0.02184031 -0.00995826 -0.03183637]\n [-0.13153005  0.11987052 -0.15211467 -0.00995826  0.04665106 -0.03018878]\n [ 0.26313643 -0.18408431  0.24906116 -0.03183637 -0.03018878  0.09558427]]", "nfev": "420", "njev": "60", "status": "0", "success": "True", "message": "Optimization terminated successfully.", "x": "[ 7.73439426  8.78477014 -1.10058706  1.98386249  2.82785434  1.5068741 ]", "nit": "44"}}, "cobyla": {"0": {"maxiter": 100, "tol": 1e-05, "catol": 1e-05, "duration": 0.016676902770996094, "x": "[7.18673331 6.42348012 0.47050181 3.13806234 2.03877084 0.7611222 ]", "status": "2", "success": "False", "message": "Maximum number of function evaluations has been exceeded.", "nfev": "100", "fun": "0.38620472110373705", "maxcv": "0.0"}, "1": {"maxiter": 100, "tol": 1e-05, "catol": 1e-10, "duration": 0.016659975051879883, "x": "[7.18673331 6.42348012 0.47050181 3.13806234 2.03877084 0.7611222 ]", "status": "2", "success": "False", "message": "Maximum number of function evaluations has been exceeded.", "nfev": "100", "fun": "0.38620472110373705", "maxcv": "0.0"}, "2": {"maxiter": 100, "tol": 1e-10, "catol": 1e-05, "duration": 0.01662588119506836, "x": "[7.18673331 6.42348012 0.47050181 3.13806234 2.03877084 0.7611222 ]", "status": "2", "success": "False", "message": "Maximum number of function evaluations has been exceeded.", "nfev": "100", "fun": "0.38620472110373705", "maxcv": "0.0"}, "3": {"maxiter": 100, "tol": 1e-10, "catol": 1e-10, "duration": 0.016698122024536133, "x": "[7.18673331 6.42348012 0.47050181 3.13806234 2.03877084 0.7611222 ]", "status": "2", "success": "False", "message": "Maximum number of function evaluations has been exceeded.", "nfev": "100", "fun": "0.38620472110373705", "maxcv": "0.0"}, "4": {"maxiter": 500, "tol": 1e-05, "catol": 1e-05, "duration": 0.08366107940673828, "x": "[ 7.73420811  8.7846006  -1.10040964  1.98383339  2.82774578  1.5065946 ]", "status": "2", "success": "False", "message": "Maximum number of function evaluations has been exceeded.", "nfev": "500", "fun": "0.2886641725724619", "maxcv": "0.0"}, "5": {"maxiter": 500, "tol": 1e-05, "catol": 1e-10, "duration": 0.08498477935791016, "x": "[ 7.73420811  8.7846006  -1.10040964  1.98383339  2.82774578  1.5065946 ]", "status": "2", "success": "False", "message": "Maximum number of function evaluations has been exceeded.", "nfev": "500", "fun": "0.2886641725724619", "maxcv": "0.0"}, "6": {"maxiter": 500, "tol": 1e-10, "catol": 1e-05, "duration": 0.08120226860046387, "x": "[ 7.73420811  8.7846006  -1.10040964  1.98383339  2.82774578  1.5065946 ]", "status": "2", "success": "False", "message": "Maximum number of function evaluations has been exceeded.", "nfev": "500", "fun": "0.2886641725724619", "maxcv": "0.0"}, "7": {"maxiter": 500, "tol": 1e-10, "catol": 1e-10, "duration": 0.0853428840637207, "x": "[ 7.73420811  8.7846006  -1.10040964  1.98383339  2.82774578  1.5065946 ]", "status": "2", "success": "False", "message": "Maximum number of function evaluations has been exceeded.", "nfev": "500", "fun": "0.2886641725724619", "maxcv": "0.0"}, "8": {"maxiter": 1000, "tol": 1e-05, "catol": 1e-05, "duration": 0.09166598320007324, "x": "[ 7.73437907  8.78474672 -1.10057461  1.98386303  2.82784874  1.5068372