{"date": "2024/07/19/, 17:41:37", "conf_id": 263, "data_type": "var_s_rank\n", "num_data_points": 2, "s_rank": 0, "unitary": "[[-0.53618537-0.34368723j,-0.12107031-0.46226139j,-0.07699282-0.46603512j,0.36022595-0.11472301j],[0.26026499-0.63450712j,-0.56616638+0.37832564j,-0.14988651+0.08458591j,0.10363514-0.16008501j],[-0.32580188-0.11070003j,-0.36476308-0.23593218j,0.02559343+0.41761608j,-0.25598305+0.6725303j],[0.07406738-0.0126433j,0.28513701+0.19483972j,-0.74939717-0.10299659j,0.29798249+0.46269921j]]", "databatch_0": {"databatch": "[[[-0.26102677+0.19787992j,0.07612001-0.04179473j,-0.03688192+0.08497763j,-0.07143238+0.04609346j],[-0.61908693+0.05419949j,0.16446806+0.00974877j,-0.14505877+0.0992362j,-0.16128059+0.00188973j],[-0.24762055-0.46745429j,0.0468499+0.13218586j,-0.12587167-0.08085715j,-0.05491928-0.12583041j],[0.2056646-0.07512142j,-0.0568482+0.01174141j,0.04026643-0.04704343j,0.05469817-0.01540925j]],[[0.24949001+0.0154441j,0.29711815+0.15205454j,-0.0583098-0.44626679j,-0.12494153-0.00904128j],[0.08350946+0.15660824j,0.01862925+0.23624766j,0.24814686-0.2013375j,-0.04103016-0.07891391j],[-0.04198112-0.21369069j,0.0626636-0.28394958j,-0.3632882+0.14752374j,0.01992195+0.1073018j],[0.06623498+0.11639461j,0.01894821+0.17780929j,0.1829976-0.15700689j,-0.0325836-0.05867227j]]]", "initial param values": "[2.75707760e+00,1.84409493e+00,1.95759992e-03,1.17870938e+00,6.00247503e+00,1.81915897e+00]", "nelder_mead": {"type": "gradient-free", "0": {"maxiter": 100, "fatol": 1e-05, "xatol": 1e-05, "duration": 0.026437044143676758, "fun": "0.16257520885380883", "nit": "100", "nfev": "155", "status": "2", "success": "False", "message": "Maximum number of iterations has been exceeded.", "x": "[2.42978934e+00 3.89963985e+00 7.79023618e-04 2.72746163e+00\n 4.63950818e+00 5.33054020e-01]", "final_simplex": "(array([[2.42978934e+00, 3.89963985e+00, 7.79023618e-04, 2.72746163e+00,\n        4.63950818e+00, 5.33054020e-01],\n       [2.50378071e+00, 3.93557543e+00, 7.43656235e-04, 2.73280916e+00,\n        4.62767079e+00, 5.08558282e-01],\n       [2.47926333e+00, 3.91480139e+00, 7.88558438e-04, 2.74476024e+00,\n        4.57984343e+00, 5.08240807e-01],\n       [2.48576231e+00, 3.95354000e+00, 7.32386836e-04, 2.71140123e+00,\n        4.61890790e+00, 5.45162919e-01],\n       [2.50117027e+00, 3.91112387e+00, 7.58920277e-04, 2.68920778e+00,\n        4.64731393e+00, 5.35889294e-01],\n       [2.43594514e+00, 3.87522546e+00, 8.43735193e-04, 2.66524090e+00,\n        4.66274990e+00, 5.58543929e-01],\n       [2.40309893e+00, 3.96435341e+00, 7.88562714e-04, 2.75231564e+00,\n        4.63035889e+00, 4.88187831e-01]]), array([0.16257521, 0.16265415, 0.1627187 , 0.16277446, 0.16290379,\n       0.16302892, 0.16321892]))"}, "1": {"maxiter": 100, "fatol": 1e-05, "xatol": 1e-10, "duration": 0.026430130004882812, "fun": "0.16257520885380883", "nit": "100", "nfev": "155", "status": "2", "success": "False", "message": "Maximum number of iterations has been exceeded.", "x": "[2.42978934e+00 3.89963985e+00 7.79023618e-04 2.72746163e+00\n 4.63950818e+00 5.33054020e-01]", "final_simplex": "(array([[2.42978934e+00, 3.89963985e+00, 7.79023618e-04, 2.72746163e+00,\n        4.63950818e+00, 5.33054020e-01],\n       [2.50378071e+00, 3.93557543e+00, 7.43656235e-04, 2.73280916e+00,\n        4.62767079e+00, 5.08558282e-01],\n       [2.47926333e+00, 3.91480139e+00, 7.88558438e-04, 2.74476024e+00,\n        4.57984343e+00, 5.08240807e-01],\n       [2.48576231e+00, 3.95354000e+00, 7.32386836e-04, 2.71140123e+00,\n        4.61890790e+00, 5.45162919e-01],\n       [2.50117027e+00, 3.91112387e+00, 7.58920277e-04, 2.68920778e+00,\n        4.64731393e+00, 5.35889294e-01],\n       [2.43594514e+00, 3.87522546e+00, 8.43735193e-04, 2.66524090e+00,\n        4.66274990e+00, 5.58543929e-01],\n       [2.40309893e+00, 3.96435341e+00, 7.88562714e-04, 2.75231564e+00,\n        4.63035889e+00, 4.88187831e-01]]), array([0.16257521, 0.16265415, 0.1627187 , 0.16277446, 0.16290379,\n       0.16302892, 0.16321892]))"}, "2": {"maxiter": 100, "fatol": 1e-10, "xatol": 1e-05, "duration": 0.026300907135009766, "fun": "0.16257520885380883", "nit": "100", "nfev": "155", "status": "2", "success": "False", "message": "Maximum number of iterations has been exceeded.", "x": "[2.42978934e+00 3.89963985e+00 7.79023618e-04 2.72746163e+00\n 4.63950818e+00 5.33054020e-01]", "final_simplex": "(array([[2.42978934e+00, 3.89963985e+00, 7.79023618e-04, 2.72746163e+00,\n        4.63950818e+00, 5.33054020e-01],\n       [2.50378071e+00, 3.93557543e+00, 7.43656235e-04, 2.73280916e+00,\n        4.62767079e+00, 5.08558282e-01],\n       [2.47926333e+00, 3.91480139e+00, 7.88558438e-04, 2.74476024e+00,\n        4.57984343e+00, 5.08240807e-01],\n       [2.48576231e+00, 3.95354000e+00, 7.32386836e-04, 2.71140123e+00,\n        4.61890790e+00, 5.45162919e-01],\n       [2.50117027e+00, 3.91112387e+00, 7.58920277e-04, 2.68920778e+00,\n        4.64731393e+00, 5.35889294e-01],\n       [2.43594514e+00, 3.87522546e+00, 8.43735193e-04, 2.66524090e+00,\n        4.66274990e+00, 5.58543929e-01],\n       [2.40309893e+00, 3.96435341e+00, 7.88562714e-04, 2.75231564e+00,\n        4.63035889e+00, 4.88187831e-01]]), array([0.16257521, 0.16265415, 0.1627187 , 0.16277446, 0.16290379,\n       0.16302892, 0.16321892]))"}, "3": {"maxiter": 100, "fatol": 1e-10, "xatol": 1e-10, "duration": 0.026343345642089844, "fun": "0.16257520885380883", "nit": "100", "nfev": "155", "status": "2", "success": "False", "message": "Maximum number of iterations has been exceeded.", "x": "[2.42978934e+00 3.89963985e+00 7.79023618e-04 2.72746163e+00\n 4.63950818e+00 5.33054020e-01]", "final_simplex": "(array([[2.42978934e+00, 3.89963985e+00, 7.79023618e-04, 2.72746163e+00,\n        4.63950818e+00, 5.33054020e-01],\n       [2.50378071e+00, 3.93557543e+00, 7.43656235e-04, 2.73280916e+00,\n        4.62767079e+00, 5.08558282e-01],\n       [2.47926333e+00, 3.91480139e+00, 7.88558438e-04, 2.74476024e+00,\n        4.57984343e+00, 5.08240807e-01],\n       [2.48576231e+00, 3.95354000e+00, 7.32386836e-04, 2.71140123e+00,\n        4.61890790e+00, 5.45162919e-01],\n       [2.50117027e+00, 3.91112387e+00, 7.58920277e-04, 2.68920778e+00,\n        4.64731393e+00, 5.35889294e-01],\n       [2.43594514e+00, 3.87522546e+00, 8.43735193e-04, 2.66524090e+00,\n        4.66274990e+00, 5.58543929e-01],\n       [2.40309893e+00, 3.96435341e+00, 7.88562714e-04, 2.75231564e+00,\n        4.63035889e+00, 4.88187831e-01]]), array([0.16257521, 0.16265415, 0.1627187 , 0.16277446, 0.16290379,\n       0.16302892, 0.16321892]))"}, "4": {"maxiter": 500, "fatol": 1e-05, "xatol": 1e-05, "duration": 0.12768888473510742, "fun": "0.12912548446078498", "nit": "500", "nfev": "752", "status": "2", "success": "False", "message": "Maximum number of iterations has been exceeded.", "x": "[ 1.9194013   3.72054151 -0.72915857  3.49538708  0.56421471 -3.55797142]", "final_simplex": "(array([[ 1.9194013 ,  3.72054151, -0.72915857,  3.49538708,  0.56421471,\n        -3.55797142],\n       [ 1.92155362,  3.75442688, -0.7118872 ,  3.48654364,  0.56567672,\n        -3.57578708],\n       [ 1.92443113,  3.7420195 , -0.70134716,  3.47383485,  0.6656876 ,\n        -3.46434814],\n       [ 1.90174715,  3.71857128, -0.72829365,  3.48803793,  0.56676675,\n        -3.55592221],\n       [ 1.95239117,  3.73131596, -0.71685331,  3.47984361,  0.63875216,\n        -3.47904347],\n       [ 1.9259545 ,  3.76183257, -0.72801763,  3.50811637,  0.47394074,\n        -3.66493439],\n       [ 1.93432337,  3.75254681, -0.70547186,  3.46454923,  0.5987969 ,\n        -3.53540245]]), array([0.12912548, 0.12914204, 0.12920145, 0.12922585, 0.12951932,\n       0.12954822, 0.1295855 ]))"}, "5": {"maxiter": 500, "fatol": 1e-05, "xatol": 1e-10, "duration": 0.127763032913208, "fun": "0.12912548446078498", "nit": "500", "nfev": "752", "status": "2", "success": "False", "message": "Maximum number of iterations has been exceeded.", "x": "[ 1.9194013   3.72054151 -0.72915857  3.49538708  0.56421471 -3.55797142]", "final_simplex": "(array([[ 1.9194013 ,  3.72054151, -0.72915857,  3.49538708,  0.56421471,\n        -3.55797142],\n       [ 1.92155362,  3.75442688, -0.7118872 ,  3.48654364,  0.56567672,\n        -3.57578708],\n       [ 1.92443113,  3.7420195 , -0.70134716,  3.47383485,  0.6656876 ,\n        -3.46434814],\n       [ 1.90174715,  3.71857128, -0.72829365,  3.48803793,  0.56676675,\n        -3.55592221],\n       [ 1.95239117,  3.73131596, -0.71685331,  3.47984361,  0.63875216,\n        -3.47904347],\n       [ 1.9259545 ,  3.76183257, -0.72801763,  3.50811637,  0.47394074,\n        -3.66493439],\n       [ 1.93432337,  3.75254681, -0.70547186,  3.46454923,  0.5987969 ,\n        -3.53540245]]), array([0.12912548, 0.12914204, 0.12920145, 0.12922585, 0.12951932,\n       0.12954822, 0.1295855 ]))"}, "6": {"maxiter": 500, "fatol": 1e-10, "xatol": 1e-05, "duration": 0.12729406356811523, "fun": "0.12912548446078498", "nit": "500", "nfev": "752", "status": "2", "success": "False", "message": "Maximum number of iterations has been exceeded.", "x": "[ 1.9194013   3.72054151 -0.72915857  3.49538708  0.56421471 -3.55797142]", "final_simplex": "(array([[ 1.9194013 ,  3.72054151, -0.72915857,  3.49538708,  0.56421471,\n        -3.55797142],\n       [ 1.92155362,  3.75442688, -0.7118872 ,  3.48654364,  0.56567672,\n        -3.57578708],\n       [ 1.92443113,  3.7420195 , -0.70134716,  3.47383485,  0.6656876 ,\n        -3.46434814],\n       [ 1.90174715,  3.71857128, -0.72829365,  3.48803793,  0.56676675,\n        -3.55592221],\n       [ 1.95239117,  3.73131596, -0.71685331,  3.47984361,  0.63875216,\n        -3.47904347],\n       [ 1.9259545 ,  3.76183257, -0.72801763,  3.50811637,  0.47394074,\n        -3.66493439],\n       [ 1.93432337,  3.75254681, -0.70547186,  3.46454923,  0.5987969 ,\n        -3.53540245]]), array([0.12912548, 0.12914204, 0.12920145, 0.12922585, 0.12951932,\n       0.12954822, 0.1295855 ]))"}, "7": {"maxiter": 500, "fatol": 1e-10, "xatol": 1e-10, "duration": 0.12743306159973145, "fun": "0.12912548446078498", "nit": "500", "nfev": "752", "status": "2", "success": "False", "message": "Maximum number of iterations has been exceeded.", "x": "[ 1.9194013   3.72054151 -0.72915857  3.49538708  0.56421471 -3.55797142]", "final_simplex": "(array([[ 1.9194013 ,  3.72054151, -0.72915857,  3.49538708,  0.56421471,\n        -3.55797142],\n       [ 1.92155362,  3.75442688, -0.7118872 ,  3.48654364,  0.56567672,\n        -3.57578708],\n       [ 1.92443113,  3.7420195 , -0.70134716,  3.47383485,  0.6656876 ,\n        -3.46434814],\n       [ 1.90174715,  3.71857128, -0.72829365,  3.48803793,  0.56676675,\n        -3.55592221],\n       [ 1.95239117,  3.73131596, -0.71685331,  3.47984361,  0.63875216,\n        -3.47904347],\n       [ 1.9259545 ,  3.76183257, -0.72801763,  3.50811637,  0.47394074,\n        -3.66493439],\n       [ 1.93432337,  3.75254681, -0.70547186,  3.46454923,  0.5987969 ,\n        -3.53540245]]), array([0.12912548, 0.12914204, 0.12920145, 0.12922585, 0.12951932,\n       0.12954822, 0.1295855 ]))"}, "8": {"maxiter": 1000, "fatol": 1e-05, "xatol": 1e-05, "duration": 0.21494507789611816, "fun": "0.1269589896846295", "nit": "826", "nfev": "1269", "status": "0", "success": "True", "message": "Optimization terminated successfully.", "x": "[ 1.93837613  3.70241144 -0.63864316  3.54487372  0.76380034 -3.39905306]", "final_simplex": "(array([[ 1.93837613,  3.70241144, -0.63864316,  3.54487372,  0.76380034,\n        -3.39905306],\n       [ 1.93837533,  3.7024121 , -0.63864386,  3.54487292,  0.76379208,\n        -3.3990603 ],\n       [ 1.93837945,  3.70240742, -0.63864415,  3.54487034,  0.76379856,\n        -3.39904874],\n       [ 1.93838056,  3.70240603, -0.6386408 ,  3.5448702 ,  0.76380876,\n        -3.39904363],\n       [ 1.93837928,  3.70240908, -0.63864477,  3.54486679,  0.76379973,\n        -3.39905174],\n       [ 1.93837465,  3.70241168, -0.63864029,  3.54487063,  0.76379327,\n        -3.3990561 ],\n       [ 1.93838445,  3.70241443, -0.63863842,  3.54486493,  0.76379479,\n        -3.39905795]]), array([0.12695899, 0.12695899, 0.12695899, 0.12695899, 0.12695899,\n       0.12695899, 0.12695899]))"}, "9": {"maxiter": 1000, "fatol": 1e-05, "xatol": 1e-10, "duration": 0.26332592964172363, "fun": "0.12695898968019814", "nit": "952", "nfev": "1528", "status": "0", "success": "True", "message": "Optimization terminated successfully.", "x": "[ 1.93838333  3.70241146 -0.63863954  3.54487098  0.76380837 -3.39904231]", "final_simplex": "(array([[ 1.93838333,  3.70241146, -0.63863954,  3.54487098,  0.76380837,\n        -3.39904231],\n       [ 1.93838333,  3.70241146, -0.63863954,  3.54487098,  0.76380837,\n        -3.39904231],\n       [ 1.93838333,  3.70241146, -0.63863954,  3.54487098,  0.76380837,\n        -3.39904231],\n       [ 1.93838333,  3.70241146, -0.63863954,  3.54487098,  0.76380837,\n        -3.39904231],\n       [ 1.93838333,  3.70241146, -0.63863954,  3.54487098,  0.76380837,\n        -3.39904231],\n       [ 1.93838333,  3.70241146, -0.63863954,  3.54487098,  0.76380837,\n        -3.39904231],\n       [ 1.93838333,  3.70241146, -0.63863954,  3.54487098,  0.76380837,\n        -3.39904231]]), array([0.12695899, 0.12695899, 0.12695899, 0.12695899, 0.12695899,\n       0.12695899, 0.12695899]))"}, "10": {"maxiter": 1000, "fatol": 1e-10, "xatol": 1e-05, "duration": 0.2149050235748291, "fun": "0.1269589896846295", "nit": "826", "nfev": "1269", "status": "0", "success": "True", "message": "Optimization terminated successfully.", "x": "[ 1.93837613  3.70241144 -0.63864316  3.54487372  0.76380034 -3.39905306]", "final_simplex": "(array([[ 1.93837613,  3.70241144, -0.63864316,  3.54487372,  0.76380034,\n        -3.39905306],\n       [ 1.93837533,  3.7024121 , -0.63864386,  3.54487292,  0.76379208,\n        -3.3990603 ],\n       [ 1.93837945,  3.70240742, -0.63864415,  3.54487034,  0.76379856,\n        -3.39904874],\n       [ 1.93838056,  3.70240603, -0.6386408 ,  3.5448702 ,  0.76380876,\n        -3.39904363],\n       [ 1.93837928,  3.70240908, -0.63864477,  3.54486679,  0.76379973,\n        -3.39905174],\n       [ 1.93837465,  3.70241168, -0.63864029,  3.54487063,  0.76379327,\n        -3.3990561 ],\n       [ 1.93838445,  3.70241443, -0.63863842,  3.54486493,  0.76379479,\n        -3.39905795]]), array([0.12695899, 0.12695899, 0.12695899, 0.12695899, 0.12695899,\n       0.12695899, 0.12695899]))"}, "11": {"maxiter": 1000, "fatol": 1e-10, "xatol": 1e-10, "duration": 0.2580742835998535, "fun": "0.12695898968019814", "nit": "952", "nfev": "1528", "status": "0", "success": "True", "message": "Optimization terminated successfully.", "x": "[ 1.93838333  3.70241146 -0.63863954  3.54487098  0.76380837 -3.39904231]", "final_simplex": "(array([[ 1.93838333,  3.70241146, -0.63863954,  3.54487098,  0.76380837,\n        -3.39904231],\n       [ 1.93838333,  3.70241146, -0.63863954,  3.54487098,  0.76380837,\n        -3.39904231],\n       [ 1.93838333,  3.70241146, -0.63863954,  3.54487098,  0.76380837,\n        -3.39904231],\n       [ 1.93838333,  3.70241146, -0.63863954,  3.54487098,  0.76380837,\n        -3.39904231],\n       [ 1.93838333,  3.70241146, -0.63863954,  3.54487098,  0.76380837,\n        -3.39904231],\n       [ 1.93838333,  3.70241146, -0.63863954,  3.54487098,  0.76380837,\n        -3.39904231],\n       [ 1.93838333,  3.70241146, -0.63863954,  3.54487098,  0.76380837,\n        -3.39904231]]), array([0.12695899, 0.12695899, 0.12695899, 0.12695899, 0.12695899,\n       0.12695899, 0.12695899]))"}}, "bfgs": {"type": "gradient", "0": {"maxiter": 100, "gtol": 1e-05, "xrtol": 1e-05, "eps": 1e-05, "duration": 0.04050588607788086, "fun": "0.12695899030022872", "jac": "[-2.18079999e-06  6.70504763e-06 -3.67805786e-07  2.74823497e-06\n -1.54887214e-07  1.70086167e-07]", "hess_inv": "[[10.08737021 -2.88115809  2.16861717  2.7639961   5.38597963  6.71276725]\n [-2.88115809  4.2187131  -0.07080895 -0.54017778 -3.96556914 -5.18071281]\n [ 2.16861717 -0.07080895  4.02354227  0.58876972  6.23036268  6.79915665]\n [ 2.7639961  -0.54017778  0.58876972  4.18151066 -0.8408001  -0.07858762]\n [ 5.38597963 -3.96556914  6.23036268 -0.8408001  38.31181899 39.02123338]\n [ 6.71276725 -5.18071281  6.79915665 -0.07858762 39.02123338 43.02100726]]", "nfev": "231", "njev": "33", "status": "0", "success": "True", "message": "Optimization terminated successfully.", "x": "[ 1.93831702  3.70244956 -0.6386812   2.73830616  3.90520863 -0.25765941]", "nit": "30"}, "1": {"maxiter": 100, "gtol": 1e-05, "xrtol": 1e-05, "eps": 1e-10, "duration": 0.04023599624633789, "fun": "0.12695898998525834", "jac": "[-4.44089173e-06  2.22044587e-06  1.11022293e-06  1.11022293e-06\n -1.11022293e-06 -3.33066880e-06]", "hess_inv": "[[10.19516448 -3.00990191  2.13427023  2.75008833  5.60735564  6.98229607]\n [-3.00990191  4.33257812 -0.08383716 -0.52407451 -4.29854905 -5.56557066]\n [ 2.13427023 -0.08383716  3.99185946  0.56967048  6.28323475  6.8486254 ]\n [ 2.75008833 -0.52407451  0.56967048  4.175084   -0.9104963  -0.14933654]\n [ 5.60735564 -4.29854905  6.28323475 -0.9104963  39.30531095 40.11270665]\n [ 6.98229607 -5.56557066  6.8486254  -0.14933654 40.11270665 44.2314506 ]]", "nfev": "231", "njev": "33", "status": "0", "success": "True", "message": "Optimization terminated successfully.", "x": "[ 1.93833434  3.7024485  -0.63865508  2.73831474  3.90529576 -0.25756994]", "nit": "30"}, "2": {"maxiter": 100, "gtol": 1e-05, "xrtol": 1e-10, "eps": 1e-05, "duration": 0.04015493392944336, "fun": "0.12695899030022872", "jac": "[-2.18079999e-06  6.70504763e-06 -3.67805786e-07  2.74823497e-06\n -1.54887214e-07  1.70086167e-07]", "hess_inv": "[[10.08737021 -2.88115809  2.16861717  2.7639961   5.38597963  6.71276725]\n [-2.88115809  4.2187131  -0.07080895 -0.54017778 -3.96556914 -5.18071281]\n [ 2.16861717 -0.07080895  4.02354227  0.58876972  6.23036268  6.79915665]\n [ 2.7639961  -0.54017778  0.58876972  4.18151066 -0.8408001  -0.07858762]\n [ 5.38597963 -3.96556914  6.23036268 -0.8408001  38.31181899 39.02123338]\n [ 6.71276725 -5.18071281  6.79915665 -0.07858762 39.02123338 43.02100726]]", "nfev": "231", "njev": "33", "status": "0", "success": "True", "message": "Optimization terminated successfully.", "x": "[ 1.93831702  3.70244956 -0.6386812   2.73830616  3.90520863 -0.25765941]", "nit": "30"}, "3": {"maxiter": 100, "gtol": 1e-05, "xrtol": 1e-10, "eps": 1e-10, "duration": 0.040086984634399414, "fun": "0.12695898998525834", "jac": "[-4.44089173e-06  2.22044587e-06  1.11022293e-06  1.11022293e-06\n -1.11022293e-06 -3.33066880e-06]", "hess_inv": "[[10.19516448 -3.00990191  2.13427023  2.75008833  5.60735564  6.98229607]\n [-3.00990191  4.33257812 -0.08383716 -0.52407451 -4.29854905 -5.56557066]\n [ 2.13427023 -0.08383716  3.99185946  0.56967048  6.28323475  6.8486254 ]\n [ 2.75008833 -0.52407451  0.56967048  4.175084   -0.9104963  -0.14933654]\n [ 5.60735564 -4.29854905  6.28323475 -0.9104963  39.30531095 40.11270665]\n [ 6.98229607 -5.56557066  6.8486254  -0.14933654 40.11270665 44.2314506 ]]", "nfev": "231", "njev": "33", "status": "0", "success": "True", "message": "Optimization terminated successfully.", "x": "[ 1.93833434  3.7024485  -0.63865508  2.73831474  3.90529576 -0.25756994]", "nit": "30"}, "4": {"maxiter": 100, "gtol": 1e-10, "xrtol": 1e-05, "eps": 1e-05, "duration": 0.06017303466796875, "fun": "0.12695899003613076", "jac": "[-1.11932685e-07 -2.45026222e-07  2.39686049e-07 -1.99840144e-08\n  1.01296749e-07 -1.15130128e-07]", "hess_inv": "[[ 9.79153450e+00 -2.41091268e+00  2.23924991e+00  2.89510518e+00\n   5.03620900e+00  6.26915872e+00]\n [-2.41091268e+00  3.63700449e+00 -3.23691830e-02 -6.33926452e-01\n  -3.31963010e+00 -4.41018859e+00]\n [ 2.23924991e+00 -3.23691830e-02  4.18029188e+00  6.69969561e-01\n   6.45107810e+00  7.01475021e+00]\n [ 2.89510518e+00 -6.33926452e-01  6.69969561e-01  4.20457288e+00\n  -6.11054361e-01  1.74577791e-01]\n [ 5.03620900e+00 -3.31963010e+00  6.45107810e+00 -6.11054361e-01\n   3.80310299e+01  3.86083113e+01]\n [ 6.26915872e+00 -4.41018859e+00  7.01475021e+00  1.74577791e-01\n   3.86083113e+01  4.24505647e+01]]", "nfev": "348", "njev": "48", "status": "2", "success": "False", "message": "Desired error not necessarily achieved due to precision loss.", "x": "[ 1.93834688  3.70242143 -0.63867601  2.73830512  3.90524646 -0.25761423]", "nit": "31"}, "5": {"maxiter": 100, "gtol": 1e-10, "xrtol": 1e-05, "eps": 1e-10, "duration": 0.044096946716308594, "fun": "0.12695898982226128", "jac": "[-2.22044587e-06  1.11022293e-06  1.11022293e-06  1.11022293e-06\n  1.11022293e-06  1.11022293e-06]", "hess_inv": "[[ 9.07987659 -2.80705891  2.06159626  2.03246703  4.51675568  5.61548266]\n [-2.80705891  4.39738525 -0.2158322  -0.24300569 -4.65614119 -5.88251752]\n [ 2.06159626 -0.2158322   4.39070256  0.24947848  7.52740333  8.08559005]\n [ 2.03246703 -0.24300569  0.24947848  3.95362571 -2.59057635 -2.02047766]\n [ 4.51675568 -4.65614119  7.52740333 -2.59057635 42.66343769 43.24545828]\n [ 5.61548266 -5.88251752  8.08559005 -2.02047766 43.24545828 47.07136716]]", "nfev": "252", "njev": "36", "status": "0", "success": "True", "message": "Optimization terminated successfully.", "x": "[ 1.93839802  3.70241304 -0.63861522  2.73831988  3.90549285 -0.25735485]", "nit": "32"}, "6": {"maxiter": 100, "gtol": 1e-10, "xrtol": 1e-10, "eps": 1e-05, "duration": 0.061434030532836914, "fun": "0.12695899003613076", "jac": "[-1.11932685e-07 -2.45026222e-07  2.39686049e-07 -1.99840144e-08\n  1.01296749e-07 -1.15130128e-07]", "hess_inv": "[[ 9.79153450e+00 -2.41091268e+00  2.23924991e+00  2.89510518e+00\n   5.03620900e+00  6.26915872e+00]\n [-2.41091268e+00  3.63700449e+00 -3.23691830e-02 -6.33926452e-01\n  -3.31963010e+00 -4.41018859e+00]\n [ 2.23924991e+00 -3.23691830e-02  4.18029188e+00  6.69969561e-01\n   6.45107810e+00  7.01475021e+00]\n [ 2.89510518e+00 -6.33926452e-01  6.69969561e-01  4.20457288e+00\n  -6.11054361e-01  1.74577791e-01]\n [ 5.03620900e+00 -3.31963010e+00  6.45107810e+00 -6.11054361e-01\n   3.80310299e+01  3.86083113e+01]\n [ 6.26915872e+00 -4.41018859e+00  7.01475021e+00  1.74577791e-01\n   3.86083113e+01  4.24505647e+01]]", "nfev": "348", "njev": "48", "status": "2", "success": "False", "message": "Desired error not necessarily achieved due to precision loss.", "x": "[ 1.93834688  3.70242143 -0.63867601  2.73830512  3.90524646 -0.25761423]", "nit": "31"}, "7": {"maxiter": 100, "gtol": 1e-10, "xrtol": 1e-10, "eps": 1e-10, "duration": 0.0640420913696289, "fun": "0.1269589897369734", "jac": "[-1.11022293e-06 -2.22044587e-06  0.00000000e+00 -1.11022293e-06\n  0.00000000e+00  0.00000000e+00]", "hess_inv": "[[ 0.34042993 -0.42069672  0.05827226  0.08354395 -0.89782841  0.33398594]\n [-0.42069672  1.6186072   0.00979905 -0.5912136   1.66365178 -1.63431278]\n [ 0.05827226  0.00979905  0.05780689  0.00912537 -0.16303063 -0.09619276]\n [ 0.08354395 -0.5912136   0.00912537  0.2610118  -0.50366381  0.57710171]\n [-0.89782841  1.66365178 -0.16303063 -0.50366381  2.88904755 -1.42259245]\n [ 0.33398594 -1.63431278 -0.09619276  0.57710171 -1.42259245  1.78076609]]", "nfev": "371", "njev": "53", "status": "2", "success": "False", "message": "Desired error not necessarily achieved due to precision loss.", "x": "[ 1.93839576  3.70240517 -0.63862426  2.73832121  3.90545962 -0.25738662]", "nit": "42"}, "8": {"maxiter": 500, "gtol": 1e-05, "xrtol": 1e-05, "eps": 1e-05, "duration": 0.03988790512084961, "fun": "0.12695899030022872", "jac": "[-2.18079999e-06  6.70504763e-06 -3.67805786e-07  2.74823497e-06\n -1.54887214e-07  1.70086167e-07]", "hess_inv": "[[10.08737021 -2.88115809  2.16861717  2.7639961   5.38597963  6.71276725]\n [-2.88115809  4.2187131  -0.07080895 -0.54017778 -3.96556914 -5.18071281]\n [ 2.16861717 -0.07080895  4.02354227  0.58876972  6.23036268  6.79915665]\n [ 2.7639961  -0.54017778  0.58876972  4.18151066 -0.8408001  -0.07858762]\n [ 5.38597963 -3.96556914  6.23036268 -0.8408001  38.31181899 39.02123338]\n [ 6.71276725 -5.18071281  6.79915665 -0.07858762 39.02123338 43.02100726]]", "nfev": "231", "njev": "33", "status": "0", "success": "True", "message": "Optimization terminated successfully.", "x": "[ 1.93831702  3.70244956 -0.6386812   2.73830616  3.90520863 -0.25765941]", "nit": "30"}, "9": {"maxiter": 500, "gtol": 1e-05, "xrtol": 1e-05, "eps": 1e-10, "duration": 0.03982210159301758, "fun": "0.12695898998525834", "jac": "[-4.44089173e-06  2.22044587e-06  1.11022293e-06  1.11022293e-06\n -1.11022293e-06 -3.33066880e-06]", "hess_inv": "[[10.19516448 -3.00990191  2.13427023  2.75008833  5.60735564  6.98229607]\n [-3.00990191  4.33257812 -0.08383716 -0.52407451 -4.29854905 -5.56557066]\n [ 2.13427023 -0.08383716  3.99185946  0.56967048  6.28323475  6.8486254 ]\n [ 2.75008833 -0.52407451  0.56967048  4.175084   -0.9104963  -0.14933654]\n [ 5.60735564 -4.29854905  6.28323475 -0.9104963  39.30531095 40.11270665]\n [ 6.98229607 -5.56557066  6.8486254  -0.14933654 40.11270665 44.2314506 ]]", "nfev": "231", "njev": "33", "status": "0", "success": "True", "message": "Optimization terminated successfully.", "x": "[ 1.93833434  3.7024485  -0.63865508  2.73831474  3.90529576 -0.25756994]", "nit": "30"}, "10": {"maxiter": 500, "gtol": 1e-05, "xrtol": 1e-10, "eps": 1e-05, "duration": 0.039984941482543945, "fun": "0.12695899030022872", "jac": "[-2.18079999e-06  6.70504763e-06 -3.67805786e-07  2.74823497e-06\n -1.54887214e-07  1.70086167e-07]", "hess_inv": "[[10.08737021 -2.88115809  2.16861717  2.7639961   5.38597963  6.71276725]\n [-2.88115809  4.2187131  -0.07080895 -0.54017778 -3.96556914 -5.18071281]\n [ 2.16861717 -0.07080895  4.02354227  0.58876972  6.23036268  6.79915665]\n [ 2.7639961  -0.54017778  0.58876972  4.18151066 -0.8408001  -0.07858762]\n [ 5.38597963 -3.96556914  6.23036268 -0.8408001  38.31181899 39.02123338]\n [ 6.71276725 -5.18071281  6.79915665 -0.07858762 39.02123338 43.02100726]]", "nfev": "231", "njev": "33", "status": "0", "success": "True", "message": "Optimization terminated successfully.", "x": "[ 1.93831702  3.70244956 -0.6386812   2.73830616  3.90520863 -0.25765941]", "nit": "30"}, "11": {"maxiter": 500, "gtol": 1e-05, "xrtol": 1e-10, "eps": 1e-10, "duration": 0.03984999656677246, "fun": "0.12695898998525834", "jac": "[-4.44089173e-06  2.22044587e-06  1.11022293e-06  1.11022293e-06\n -1.11022293e-06 -3.33066880e-06]", "hess_inv": "[[10.19516448 -3.00990191  2.13427023  2.75008833  5.60735564  6.98229607]\n [-3.00990191  4.33257812 -0.08383716 -0.52407451 -4.29854905 -5.56557066]\n [ 2.13427023 -0.08383716  3.99185946  0.56967048  6.28323475  6.8486254 ]\n [ 2.75008833 -0.52407451  0.56967048  4.175084   -0.9104963  -0.14933654]\n [ 5.60735564 -4.29854905  6.28323475 -0.9104963  39.30531095 40.11270665]\n [ 6.98229607 -5.56557066  6.8486254  -0.14933654 40.11270665 44.2314506 ]]", "nfev": "231", "njev": "33", "status": "0", "success": "True", "message": "Optimization terminated successfully.", "x": "[ 1.93833434  3.7024485  -0.63865508  2.73831474  3.90529576 -0.25756994]", "nit": "30"}, "12": {"maxiter": 500, "gtol": 1e-10, "xrtol": 1e-05, "eps": 1e-05, "duration": 0.059880971908569336, "fun": "0.12695899003613076", "jac": "[-1.11932685e-07 -2.45026222e-07  2.39686049e-07 -1.99840144e-08\n  1.01296749e-07 -1.15130128e-07]", "hess_inv": "[[ 9.79153450e+00 -2.41091268e+00  2.23924991e+00  2.89510518e+00\n   5.03620900e+00  6.26915872e+00]\n [-2.41091268e+00  3.63700449e+00 -3.23691830e-02 -6.33926452e-01\n  -3.31963010e+00 -4.41018859e+00]\n [ 2.23924991e+00 -3.23691830e-02  4.18029188e+00  6.69969561e-01\n   6.45107810e+00  7.01475021e+00]\n [ 2.89510518e+00 -6.33926452e-01  6.69969561e-01  4.20457288e+00\n  -6.11054361e-01  1.74577791e-01]\n [ 5.03620900e+00 -3.31963010e+00  6.45107810e+00 -6.11054361e-01\n   3.80310299e+01  3.86083113e+01]\n [ 6.26915872e+00 -4.41018859e+00  7.01475021e+00  1.74577791e-01\n   3.86083113e+01  4.24505647e+01]]", "nfev": "348", "njev": "48", "status": "2", "success": "False", "message": "Desired error not necessarily achieved due to precision loss.", "x": "[ 1.93834688  3.70242143 -0.63867601  2.73830512  3.90524646 -0.25761423]", "nit": "31"}, "13": {"maxiter": 500, "gtol": 1e-10, "xrtol": 1e-05, "eps": 1e-10, "duration": 0.04345083236694336, "fun": "0.12695898982226128", "jac": "[-2.22044587e-06  1.11022293e-06  1.11022293e-06  1.11022293e-06\n  1.11022293e-06  1.11022293e-06]", "hess_inv": "[[ 9.07987659 -2.80705891  2.06159626  2.03246703  4.51675568  5.61548266]\n [-2.80705891  4.39738525 -0.2158322  -0.24300569 -4.65614119 -5.88251752]\n [ 2.06159626 -0.2158322   4.39070256  0.24947848  7.52740333  8.08559005]\n [ 2.03246703 -0.24300569  0.24947848  3.95362571 -2.59057635 -2.02047766]\n [ 4.51675568 -4.65614119  7.52740333 -2.59057635 42.66343769 43.24545828]\n [ 5.61548266 -5.88251752  8.08559005 -2.02047766 43.24545828 47.07136716]]", "nfev": "252", "njev": "36", "status": "0", "success": "True", "message": "Optimization terminated successfully.", "x": "[ 1.93839802  3.70241304 -0.63861522  2.73831988  3.90549285 -0.25735485]", "nit": "32"}, "14": {"maxiter": 500, "gtol": 1e-10, "xrtol": 1e-10, "eps": 1e-05, "duration": 0.06182575225830078, "fun": "0.12695899003613076", "jac": "[-1.11932685e-07 -2.45026222e-07  2.39686049e-07 -1.99840144e-08\n  1.01296749e-07 -1.15130128e-07]", "hess_inv": "[[ 9.79153450e+00 -2.41091268e+00  2.23924991e+00  2.89510518e+00\n   5.03620900e+00  6.26915872e+00]\n [-2.41091268e+00  3.63700449e+00 -3.23691830e-02 -6.33926452e-01\n  -3.31963010e+00 -4.41018859e+00]\n [ 2.23924991e+00 -3.23691830e-02  4.18029188e+00  6.69969561e-01\n   6.45107810e+00  7.01475021e+00]\n [ 2.89510518e+00 -6.33926452e-01  6.69969561e-01  4.20457288e+00\n  -6.11054361e-01  1.74577791e-01]\n [ 5.03620900e+00 -3.31963010e+00  6.45107810e+00 -6.11054361e-01\n   3.80310299e+01  3.86083113e+01]\n [ 6.26915872e+00 -4.41018859e+00  7.01475021e+00  1.74577791e-01\n   3.86083113e+01  4.24505647e+01]]", "nfev": "348", "njev": "48", "status": "2", "success": "False", "message": "Desired error not necessarily achieved due to precision loss.", "x": "[ 1.93834688  3.70242143 -0.63867601  2.73830512  3.90524646 -0.25761423]", "nit": "31"}, "15": {"maxiter": 500, "gtol": 1e-10, "xrtol": 1e-10, "eps": 1e-10, "duration": 0.0642843246459961, "fun": "0.1269589897369734", "jac": "[-1.11022293e-06 -2.22044587e-06  0.00000000e+00 -1.11022293e-06\n  0.00000000e+00  0.00000000e+00]", "hess_inv": "[[ 0.34042993 -0.42069672  0.05827226  0.08354395 -0.89782841  0.33398594]\n [-0.42069672  1.6186072   0.00979905 -0.5912136   1.66365178 -1.63431278]\n [ 0.05827226  0.00979905  0.05780689  0.00912537 -0.16303063 -0.09619276]\n [ 0.08354395 -0.5912136   0.00912537  0.2610118  -0.50366381  0.57710171]\n [-0.89782841  1.66365178 -0.16303063 -0.50366381  2.88904755 -1.42259245]\n [ 0.33398594 -1.63431278 -0.09619276  0.57710171 -1.42259245  1.78076609]]", "nfev": "371", "njev": "53", "status": "2", "success": "False", "message": "Desired error not necessarily achieved due to precision loss.", "x": "[ 1.93839576  3.70240517 -0.63862426  2.73832121  3.90545962 -0.25738662]", "nit": "42"}, "16": {"maxiter": 1000, "gtol": 1e-05, "xrtol": 1e-05, "eps": 1e-05, "duration": 0.039834022521972656, "fun": "0.12695899030022872", "jac": "[-2.18079999e-06  6.70504763e-06 -3.67805786e-07  2.74823497e-06\n -1.54887214e-07  1.70086167e-07]", "hess_inv": "[[10.08737021 -2.88115809  2.16861717  2.7639961   5.38597963  6.71276725]\n [-2.88115809  4.2187131  -0.07080895 -0.54017778 -3.96556914 -5.18071281]\n [ 2.16861717 -0.07080895  4.02354227  0.58876972  6.23036268  6.79915665]\n [ 2.7639961  -0.54017778  0.58876972  4.18151066 -0.8408001  -0.07858762]\n [ 5.38597963 -3.96556914  6.23036268 -0.8408001  38.31181899 39.02123338]\n [ 6.71276725 -5.18071281  6.79915665 -0.07858762 39.02123338 43.02100726]]", "nfev": "231", "njev": "33", "status": "0", "success": "True", "message": "Optimization terminated successfully.", "x": "[ 1.93831702  3.70244956 -0.6386812   2.73830616  3.90520863 -0.25765941]", "nit": "30"}, "17": {"maxiter": 1000, "gtol": 1e-05, "xrtol": 1e-05, "eps": 1e-10, "duration": 0.039723873138427734, "fun": "0.12695898998525834", "jac": "[-4.44089173e-06  2.22044587e-06  1.11022293e-06  1.11022293e-06\n -1.11022293e-06 -3.33066880e-06]", "hess_inv": "[[10.19516448 -3.00990191  2.13427023  2.75008833  5.60735564  6.98229607]\n [-3.00990191  4.33257812 -0.08383716 -0.52407451 -4.29854905 -5.56557066]\n [ 2.13427023 -0.08383716  3.99185946  0.56967048  6.28323475  6.8486254 ]\n [ 2.75008833 -0.52407451  0.56967048  4.175084   -0.9104963  -0.14933654]\n [ 5.60735564 -4.29854905  6.28323475 -0.9104963  39.30531095 40.11270665]\n [ 6.98229607 -5.56557066  6.8486254  -0.14933654 40.11270665 44.2314506 ]]", "nfev": "231", "njev": "33", "status": "0", "success": "True", "message": "Optimization terminated successfully.", "x": "[ 1.93833434  3.7024485  -0.63865508  2.73831474  3.90529576 -0.25756994]", "nit": "30"}, "18": {"maxiter": 1000, "gtol": 1e-05, "xrtol": 1e-10, "eps": 1e-05, "duration": 0.03967905044555664, "fun": "0.12695899030022872", "jac": "[-2.18079999e-06  6.70504763e-06 -3.67805786e-07  2.74823497e-06\n -1.54887214e-07  1.70086167e-07]", "hess_inv": "[[10.08737021 -2.88115809  2.16861717  2.7639961   5.38597963  6.71276725]\n [-2.88115809  4.2187131  -0.07080895 -0.54017778 -3.96556914 -5.18071281]\n [ 2.16861717 -0.07080895  4.02354227  0.58876972  6.23036268  6.79915665]\n [ 2.7639961  -0.54017778  0.58876972  4.18151066 -0.8408001  -0.07858762]\n [ 5.38597963 -3.96556914  6.23036268 -0.8408001  38.31181899 39.02123338]\n [ 6.71276725 -5.18071281  6.79915665 -0.07858762 39.02123338 43.02100726]]", "nfev": "231", "njev": "33", "status": "0", "success": "True", "message": "Optimization terminated successfully.", "x": "[ 1.93831702  3.70244956 -0.6386812   2.73830616  3.90520863 -0.25765941]", "nit": "30"}, "19": {"maxiter": 1000, "gtol": 1e-05, "xrtol": 1e-10, "eps": 1e-10, "duration": 0.03969907760620117, "fun": "0.12695898998525834", "jac": "[-4.44089173e-06  2.22044587e-06  1.11022293e-06  1.11022293e-06\n -1.11022293e-06 -3.33066880e-06]", "hess_inv": "[[10.19516448 -3.00990191  2.13427023  2.75008833  5.60735564  6.98229607]\n [-3.00990191  4.33257812 -0.08383716 -0.52407451 -4.29854905 -5.56557066]\n [ 2.13427023 -0.08383716  3.99185946  0.56967048  6.28323475  6.8486254 ]\n [ 2.75008833 -0.52407451  0.56967048  4.175084   -0.9104963  -0.14933654]\n [ 5.60735564 -4.29854905  6.28323475 -0.9104963  39.30531095 40.11270665]\n [ 6.98229607 -5.56557066  6.8486254  -0.14933654 40.11270665 44.2314506 ]]", "nfev": "231", "njev": "33", "status": "0", "success": "True", "message": "Optimization terminated successfully.", "x": "[ 1.93833434  3.7024485  -0.63865508  2.73831474  3.90529576 -0.25756994]", "nit": "30"}, "20": {"maxiter": 1000, "gtol": 1e-10, "xrtol": 1e-05, "eps": 1e-05, "duration": 0.05953192710876465, "fun": "0.12695899003613076", "jac": "[-1.11932685e-07 -2.45026222e-07  2.39686049e-07 -1.99840144e-08\n  1.01296749e-07 -1.15130128e-07]", "hess_inv": "[[ 9.79153450e+00 -2.41091268e+00  2.23924991e+00  2.89510518e+00\n   5.03620900e+00  6.26915872e+00]\n [-2.41091268e+00  3.63700449e+00 -3.23691830e-02 -6.33926452e-01\n  -3.31963010e+00 -4.41018859e+00]\n [ 2.23924991e+00 -3.23691830e-02  4.18029188e+00  6.69969561e-01\n   6.45107810e+00  7.01475021e+00]\n [ 2.89510518e+00 -6.33926452e-01  6.69969561e-01  4.20457288e+00\n  -6.11054361e-01  1.74577791e-01]\n [ 5.03620900e+00 -3.31963010e+00  6.45107810e+00 -6.11054361e-01\n   3.80310299e+01  3.86083113e+01]\n [ 6.26915872e+00 -4.41018859e+00  7.01475021e+00  1.74577791e-01\n   3.86083113e+01  4.24505647e+01]]", "nfev": "348", "njev": "48", "status": "2", "success": "False", "message": "Desired error not necessarily achieved due to precision loss.", "x": "[ 1.93834688  3.70242143 -0.63867601  2.73830512  3.90524646 -0.25761423]", "nit": "31"}, "21": {"maxiter": 1000, "gtol": 1e-10, "xrtol": 1e-05, "eps": 1e-10, "duration": 0.04340481758117676, "fun": "0.12695898982226128", "jac": "[-2.22044587e-06  1.11022293e-06  1.11022293e-06  1.11022293e-06\n  1.11022293e-06  1.11022293e-06]", "hess_inv": "[[ 9.07987659 -2.80705891  2.06159626  2.03246703  4.51675568  5.61548266]\n [-2.80705891  4.39738525 -0.2158322  -0.24300569 -4.65614119 -5.88251752]\n [ 2.06159626 -0.2158322   4.39070256  0.24947848  7.52740333  8.08559005]\n [ 2.03246703 -0.24300569  0.24947848  3.95362571 -2.59057635 -2.02047766]\n [ 4.51675568 -4.65614119  7.52740333 -2.59057635 42.66343769 43.24545828]\n [ 5.61548266 -5.88251752  8.08559005 -2.02047766 43.24545828 47.07136716]]", "nfev": "252", "njev": "36", "status": "0", "success": "True", "message": "Optimization terminated successfully.", "x": "[ 1.93839802  3.70241304 -0.63861522  2.73831988  3.90549285 -0.25735485]", "nit": "32"}, "22": {"maxiter": 1000, "gtol": 1e-10, "xrtol": 1e-10, "eps": 1e-05, "duration": 0.05949711799621582, "fun": "0.12695899003613076", "jac": "[-1.11932685e-07 -2.45026222e-07  2.39686049e-07 -1.99840144e-08\n  1.01296749e-07 -1.15130128e-07]", "hess_inv": "[[ 9.79153450e+00 -2.41091268e+00  2.23924991e+00  2.89510518e+00\n   5.03620900e+00  6.26915872e+00]\n [-2.41091268e+00  3.63700449e+00 -3.23691830e-02 -6.33926452e-01\n  -3.31963010e+00 -4.41018859e+00]\n [ 2.23924991e+00 -3.23691830e-02  4.18029188e+00  6.69969561e-01\n   6.45107810e+00  7.01475021e+00]\n [ 2.89510518e+00 -6.33926452e-01  6.69969561e-01  4.20457288e+00\n  -6.11054361e-01  1.74577791e-01]\n [ 5.03620900e+00 -3.31963010e+00  6.45107810e+00 -6.11054361e-01\n   3.80310299e+01  3.86083113e+01]\n [ 6.26915872e+00 -4.41018859e+00  7.01475021e+00  1.74577791e-01\n   3.86083113e+01  4.24505647e+01]]", "nfev": "348", "njev": "48", "status": "2", "success": "False", "message": "Desired error not necessarily achieved due to precision loss.", "x": "[ 1.93834688  3.70242143 -0.63867601  2.73830512  3.90524646 -0.25761423]", "nit": "31"}, "23": {"maxiter": 1000, "gtol": 1e-10, "xrtol": 1e-10, "eps": 1e-10, "duration": 0.0635828971862793, "fun": "0.1269589897369734", "jac": "[-1.11022293e-06 -2.22044587e-06  0.00000000e+00 -1.11022293e-06\n  0.00000000e+00  0.00000000e+00]", "hess_inv": "[[ 0.34042993 -0.42069672  0.05827226  0.08354395 -0.89782841  0.33398594]\n [-0.42069672  1.6186072   0.00979905 -0.5912136   1.66365178 -1.63431278]\n [ 0.05827226  0.00979905  0.05780689  0.00912537 -0.16303063 -0.09619276]\n [ 0.08354395 -0.5912136   0.00912537  0.2610118  -0.50366381  0.57710171]\n [-0.89782841  1.66365178 -0.16303063 -0.50366381  2.88904755 -1.42259245]\n [ 0.33398594 -1.63431278 -0.09619276  0.57710171 -1.42259245  1.78076609]]", "nfev": "371", "njev": "53", "status": "2", "success": "False", "message": "Desired error not necessarily achieved due to precision loss.", "x": "[ 1.93839576  3.70240517 -0.63862426  2.73832121  3.90545962 -0.25738662]", "nit": "42"}}, "cobyla": {"0": {"maxiter": 100, "tol": 1e-05, "catol": 1e-05, "duration": 0.01641535758972168, "x": "[ 2.24071183  3.62798133 -0.62999773  3.21998629  5.62884673  1.54336337]", "status": "2", "success": "False", "message": "Maximum number of function evaluations has been exceeded.", "nfev": "100", "fun": "0.14411182549407342", "maxcv": "0.0"}, "1": {"maxiter": 100, "tol": 1e-05, "catol": 1e-10, "duration": 0.016356229782104492, "x": "[ 2.24071183  3.62798133 -0.62999773  3.21998629  5.62884673  1.54336337]", "status": "2", "success": "False", "message": "Maximum number of function evaluations has been exceeded.", "nfev": "100", "fun": "0.14411182549407342", "maxcv": "0.0"}, "2": {"maxiter": 100, "tol": 1e-10, "catol": 1e-05, "duration": 0.016704082489013672, "x": "[ 2.24071183  3.62798133 -0.62999773  3.21998629  5.62884673  1.54336337]", "status": "2", "success": "False", "message": "Maximum number of function evaluations has been exceeded.", "nfev": "100", "fun": "0.14411182549407342", "maxcv": "0.0"}, "3": {"maxiter": 100, "tol": 1e-10, "catol": 1e-1