{"date": "2024/07/19/, 00:47:39", "conf_id": 128, "data_type": "orthogonal\n", "num_data_points": 3, "s_rank": 0, "unitary": "[[-0.53618537-0.34368723j,-0.12107031-0.46226139j,-0.07699282-0.46603512j,0.36022595-0.11472301j],[0.26026499-0.63450712j,-0.56616638+0.37832564j,-0.14988651+0.08458591j,0.10363514-0.16008501j],[-0.32580188-0.11070003j,-0.36476308-0.23593218j,0.02559343+0.41761608j,-0.25598305+0.6725303j],[0.07406738-0.0126433j,0.28513701+0.19483972j,-0.74939717-0.10299659j,0.29798249+0.46269921j]]", "databatch_0": {"databatch": "[[[0.07228322+9.48785846e-02j,-0.34557382-1.01646793e-01j,0.47164449-2.67729611e-01j,-0.01993158-1.26712765e-01j],[0.01288778-1.59187549e-01j,-0.02856446+2.71976279e-01j,-0.17252425-4.25789914e-02j,-0.13347123+7.79222093e-02j],[-0.08486201+4.48727828e-02j,-0.07496057-3.50185943e-02j,0.39344985-5.95208922e-02j,0.0315328+2.09194249e-02j],[0.04619587+1.37721981e-01j,-0.13757643-2.69276519e-01j,0.28168922-2.79557574e-04j,0.07464641-1.27998044e-01j]],[[0.0921466+4.03555551e-02j,0.02516148+9.90251043e-02j,-0.32020603-3.06665635e-01j,-0.00431692-3.57995794e-02j],[-0.24784915+2.10886098e-02j,0.27723756+2.02235625e-01j,0.13073328-1.74153195e-01j,0.09302747+2.12611463e-01j],[-0.04329169-1.08552305e-01j,-0.10439098-1.46238621e-02j,0.25496583+2.95298291e-01j,-0.07133734+2.94640201e-02j],[-0.22695374+5.62240492e-02j,0.39500874-6.56691523e-02j,0.00490752+2.25040273e-01j,0.16833498+1.53951396e-01j]],[[0.06158637+8.15839907e-02j,-0.33273787-8.34843709e-02j,0.46565453-2.51966503e-01j,-0.0249113-1.12559194e-01j],[0.00672944-1.81968735e-01j,-0.04732154+2.89037228e-01j,-0.14104836-1.45728991e-02j,-0.15106497+8.70600420e-02j],[-0.11649133+3.09403425e-02j,-0.05350986+5.43338865e-03j,0.42026633-6.70526669e-02j,0.02930436+5.26361126e-02j],[0.05839545+1.44184127e-01j,-0.13307462-2.79645144e-01j,0.24792912-3.69717074e-03j,0.07806221-1.37672418e-01j]]]", "initial param values": "[0.86450612,5.73259276,3.93551701,4.4931491,6.23251802,1.12576488]", "nelder_mead": {"type": "gradient-free", "0": {"maxiter": 100, "fatol": 1e-05, "xatol": 1e-05, "duration": 0.02655196189880371, "fun": "0.2600073764835008", "nit": "100", "nfev": "153", "status": "2", "success": "False", "message": "Maximum number of iterations has been exceeded.", "x": "[1.99657946 8.51330502 4.54608137 0.81084392 4.56283988 0.02030797]", "final_simplex": "(array([[1.99657946, 8.51330502, 4.54608137, 0.81084392, 4.56283988,\n        0.02030797],\n       [1.85082406, 8.55196849, 4.45009164, 0.870493  , 4.69376349,\n        0.2017577 ],\n       [1.91205651, 8.57685935, 4.5607378 , 0.56026353, 4.57551329,\n        0.1602203 ],\n       [1.92084359, 8.93608906, 4.65448359, 0.58036102, 4.32683021,\n        0.1071965 ],\n       [1.86496968, 8.49585735, 4.69923556, 0.91125331, 4.45085169,\n        0.14700816],\n       [1.97301096, 8.56853663, 4.68235094, 0.70013706, 4.44261533,\n        0.0365325 ],\n       [1.87238077, 8.86937029, 4.75838022, 0.63510061, 4.30108433,\n        0.15882311]]), array([0.26000738, 0.26416052, 0.26900249, 0.27016759, 0.27486888,\n       0.27576857, 0.28066402]))"}, "1": {"maxiter": 100, "fatol": 1e-05, "xatol": 1e-10, "duration": 0.02646017074584961, "fun": "0.2600073764835008", "nit": "100", "nfev": "153", "status": "2", "success": "False", "message": "Maximum number of iterations has been exceeded.", "x": "[1.99657946 8.51330502 4.54608137 0.81084392 4.56283988 0.02030797]", "final_simplex": "(array([[1.99657946, 8.51330502, 4.54608137, 0.81084392, 4.56283988,\n        0.02030797],\n       [1.85082406, 8.55196849, 4.45009164, 0.870493  , 4.69376349,\n        0.2017577 ],\n       [1.91205651, 8.57685935, 4.5607378 , 0.56026353, 4.57551329,\n        0.1602203 ],\n       [1.92084359, 8.93608906, 4.65448359, 0.58036102, 4.32683021,\n        0.1071965 ],\n       [1.86496968, 8.49585735, 4.69923556, 0.91125331, 4.45085169,\n        0.14700816],\n       [1.97301096, 8.56853663, 4.68235094, 0.70013706, 4.44261533,\n        0.0365325 ],\n       [1.87238077, 8.86937029, 4.75838022, 0.63510061, 4.30108433,\n        0.15882311]]), array([0.26000738, 0.26416052, 0.26900249, 0.27016759, 0.27486888,\n       0.27576857, 0.28066402]))"}, "2": {"maxiter": 100, "fatol": 1e-10, "xatol": 1e-05, "duration": 0.026453018188476562, "fun": "0.2600073764835008", "nit": "100", "nfev": "153", "status": "2", "success": "False", "message": "Maximum number of iterations has been exceeded.", "x": "[1.99657946 8.51330502 4.54608137 0.81084392 4.56283988 0.02030797]", "final_simplex": "(array([[1.99657946, 8.51330502, 4.54608137, 0.81084392, 4.56283988,\n        0.02030797],\n       [1.85082406, 8.55196849, 4.45009164, 0.870493  , 4.69376349,\n        0.2017577 ],\n       [1.91205651, 8.57685935, 4.5607378 , 0.56026353, 4.57551329,\n        0.1602203 ],\n       [1.92084359, 8.93608906, 4.65448359, 0.58036102, 4.32683021,\n        0.1071965 ],\n       [1.86496968, 8.49585735, 4.69923556, 0.91125331, 4.45085169,\n        0.14700816],\n       [1.97301096, 8.56853663, 4.68235094, 0.70013706, 4.44261533,\n        0.0365325 ],\n       [1.87238077, 8.86937029, 4.75838022, 0.63510061, 4.30108433,\n        0.15882311]]), array([0.26000738, 0.26416052, 0.26900249, 0.27016759, 0.27486888,\n       0.27576857, 0.28066402]))"}, "3": {"maxiter": 100, "fatol": 1e-10, "xatol": 1e-10, "duration": 0.026408910751342773, "fun": "0.2600073764835008", "nit": "100", "nfev": "153", "status": "2", "success": "False", "message": "Maximum number of iterations has been exceeded.", "x": "[1.99657946 8.51330502 4.54608137 0.81084392 4.56283988 0.02030797]", "final_simplex": "(array([[1.99657946, 8.51330502, 4.54608137, 0.81084392, 4.56283988,\n        0.02030797],\n       [1.85082406, 8.55196849, 4.45009164, 0.870493  , 4.69376349,\n        0.2017577 ],\n       [1.91205651, 8.57685935, 4.5607378 , 0.56026353, 4.57551329,\n        0.1602203 ],\n       [1.92084359, 8.93608906, 4.65448359, 0.58036102, 4.32683021,\n        0.1071965 ],\n       [1.86496968, 8.49585735, 4.69923556, 0.91125331, 4.45085169,\n        0.14700816],\n       [1.97301096, 8.56853663, 4.68235094, 0.70013706, 4.44261533,\n        0.0365325 ],\n       [1.87238077, 8.86937029, 4.75838022, 0.63510061, 4.30108433,\n        0.15882311]]), array([0.26000738, 0.26416052, 0.26900249, 0.27016759, 0.27486888,\n       0.27576857, 0.28066402]))"}, "4": {"maxiter": 500, "fatol": 1e-05, "xatol": 1e-05, "duration": 0.13381195068359375, "fun": "0.21514751341389615", "nit": "497", "nfev": "777", "status": "0", "success": "True", "message": "Optimization terminated successfully.", "x": "[ 1.63157509  8.60268624  4.12110918  0.69869028  4.94032364 -0.3910573 ]", "final_simplex": "(array([[ 1.63157509,  8.60268624,  4.12110918,  0.69869028,  4.94032364,\n        -0.3910573 ],\n       [ 1.63157581,  8.60268661,  4.1211103 ,  0.69869572,  4.94031602,\n        -0.39105259],\n       [ 1.63157439,  8.60268371,  4.12110973,  0.69869847,  4.94032253,\n        -0.39106214],\n       [ 1.63157594,  8.60269404,  4.12110121,  0.69868499,  4.94033161,\n        -0.39106524],\n       [ 1.63157281,  8.60268751,  4.12111232,  0.69869337,  4.94031605,\n        -0.39105655],\n       [ 1.63156683,  8.60268379,  4.12110971,  0.69869615,  4.9403212 ,\n        -0.39106234],\n       [ 1.6315749 ,  8.6026852 ,  4.12110929,  0.6986934 ,  4.94031722,\n        -0.39105495]]), array([0.21514751, 0.21514751, 0.21514751, 0.21514751, 0.21514751,\n       0.21514751, 0.21514751]))"}, "5": {"maxiter": 500, "fatol": 1e-05, "xatol": 1e-10, "duration": 0.13436079025268555, "fun": "0.21514751340067084", "nit": "500", "nfev": "781", "status": "2", "success": "False", "message": "Maximum number of iterations has been exceeded.", "x": "[ 1.63157063  8.60269055  4.12110765  0.69869269  4.94033108 -0.39106818]", "final_simplex": "(array([[ 1.63157063,  8.60269055,  4.12110765,  0.69869269,  4.94033108,\n        -0.39106818],\n       [ 1.63157827,  8.60269035,  4.12110273,  0.69869035,  4.94033417,\n        -0.39106471],\n       [ 1.63157509,  8.60268624,  4.12110918,  0.69869028,  4.94032364,\n        -0.3910573 ],\n       [ 1.6315814 ,  8.60269242,  4.12110709,  0.69868902,  4.94032578,\n        -0.39105833],\n       [ 1.63157581,  8.60268661,  4.1211103 ,  0.69869572,  4.94031602,\n        -0.39105259],\n       [ 1.63157439,  8.60268371,  4.12110973,  0.69869847,  4.94032253,\n        -0.39106214],\n       [ 1.63157594,  8.60269404,  4.12110121,  0.69868499,  4.94033161,\n        -0.39106524]]), array([0.21514751, 0.21514751, 0.21514751, 0.21514751, 0.21514751,\n       0.21514751, 0.21514751]))"}, "6": {"maxiter": 500, "fatol": 1e-10, "xatol": 1e-05, "duration": 0.13414382934570312, "fun": "0.21514751341389615", "nit": "497", "nfev": "777", "status": "0", "success": "True", "message": "Optimization terminated successfully.", "x": "[ 1.63157509  8.60268624  4.12110918  0.69869028  4.94032364 -0.3910573 ]", "final_simplex": "(array([[ 1.63157509,  8.60268624,  4.12110918,  0.69869028,  4.94032364,\n        -0.3910573 ],\n       [ 1.63157581,  8.60268661,  4.1211103 ,  0.69869572,  4.94031602,\n        -0.39105259],\n       [ 1.63157439,  8.60268371,  4.12110973,  0.69869847,  4.94032253,\n        -0.39106214],\n       [ 1.63157594,  8.60269404,  4.12110121,  0.69868499,  4.94033161,\n        -0.39106524],\n       [ 1.63157281,  8.60268751,  4.12111232,  0.69869337,  4.94031605,\n        -0.39105655],\n       [ 1.63156683,  8.60268379,  4.12110971,  0.69869615,  4.9403212 ,\n        -0.39106234],\n       [ 1.6315749 ,  8.6026852 ,  4.12110929,  0.6986934 ,  4.94031722,\n        -0.39105495]]), array([0.21514751, 0.21514751, 0.21514751, 0.21514751, 0.21514751,\n       0.21514751, 0.21514751]))"}, "7": {"maxiter": 500, "fatol": 1e-10, "xatol": 1e-10, "duration": 0.1343989372253418, "fun": "0.21514751340067084", "nit": "500", "nfev": "781", "status": "2", "success": "False", "message": "Maximum number of iterations has been exceeded.", "x": "[ 1.63157063  8.60269055  4.12110765  0.69869269  4.94033108 -0.39106818]", "final_simplex": "(array([[ 1.63157063,  8.60269055,  4.12110765,  0.69869269,  4.94033108,\n        -0.39106818],\n       [ 1.63157827,  8.60269035,  4.12110273,  0.69869035,  4.94033417,\n        -0.39106471],\n       [ 1.63157509,  8.60268624,  4.12110918,  0.69869028,  4.94032364,\n        -0.3910573 ],\n       [ 1.6315814 ,  8.60269242,  4.12110709,  0.69868902,  4.94032578,\n        -0.39105833],\n       [ 1.63157581,  8.60268661,  4.1211103 ,  0.69869572,  4.94031602,\n        -0.39105259],\n       [ 1.63157439,  8.60268371,  4.12110973,  0.69869847,  4.94032253,\n        -0.39106214],\n       [ 1.63157594,  8.60269404,  4.12110121,  0.69868499,  4.94033161,\n        -0.39106524]]), array([0.21514751, 0.21514751, 0.21514751, 0.21514751, 0.21514751,\n       0.21514751, 0.21514751]))"}, "8": {"maxiter": 1000, "fatol": 1e-05, "xatol": 1e-05, "duration": 0.13327693939208984, "fun": "0.21514751341389615", "nit": "497", "nfev": "777", "status": "0", "success": "True", "message": "Optimization terminated successfully.", "x": "[ 1.63157509  8.60268624  4.12110918  0.69869028  4.94032364 -0.3910573 ]", "final_simplex": "(array([[ 1.63157509,  8.60268624,  4.12110918,  0.69869028,  4.94032364,\n        -0.3910573 ],\n       [ 1.63157581,  8.60268661,  4.1211103 ,  0.69869572,  4.94031602,\n        -0.39105259],\n       [ 1.63157439,  8.60268371,  4.12110973,  0.69869847,  4.94032253,\n        -0.39106214],\n       [ 1.63157594,  8.60269404,  4.12110121,  0.69868499,  4.94033161,\n        -0.39106524],\n       [ 1.63157281,  8.60268751,  4.12111232,  0.69869337,  4.94031605,\n        -0.39105655],\n       [ 1.63156683,  8.60268379,  4.12110971,  0.69869615,  4.9403212 ,\n        -0.39106234],\n       [ 1.6315749 ,  8.6026852 ,  4.12110929,  0.6986934 ,  4.94031722,\n        -0.39105495]]), array([0.21514751, 0.21514751, 0.21514751, 0.21514751, 0.21514751,\n       0.21514751, 0.21514751]))"}, "9": {"maxiter": 1000, "fatol": 1e-05, "xatol": 1e-10, "duration": 0.18061494827270508, "fun": "0.21514751339407123", "nit": "641", "nfev": "1056", "status": "0", "success": "True", "message": "Optimization terminated successfully.", "x": "[ 1.63156965  8.60269069  4.12110818  0.69869617  4.94033397 -0.39106644]", "final_simplex": "(array([[ 1.63156965,  8.60269069,  4.12110818,  0.69869617,  4.94033397,\n        -0.39106644],\n       [ 1.63156965,  8.60269069,  4.12110818,  0.69869617,  4.94033397,\n        -0.39106644],\n       [ 1.63156965,  8.60269069,  4.12110818,  0.69869617,  4.94033397,\n        -0.39106644],\n       [ 1.63156965,  8.60269069,  4.12110818,  0.69869617,  4.94033397,\n        -0.39106644],\n       [ 1.63156965,  8.60269069,  4.12110818,  0.69869617,  4.94033397,\n        -0.39106644],\n       [ 1.63156965,  8.60269069,  4.12110818,  0.69869617,  4.94033397,\n        -0.39106644],\n       [ 1.63156965,  8.60269069,  4.12110818,  0.69869617,  4.94033397,\n        -0.39106644]]), array([0.21514751, 0.21514751, 0.21514751, 0.21514751, 0.21514751,\n       0.21514751, 0.21514751]))"}, "10": {"maxiter": 1000, "fatol": 1e-10, "xatol": 1e-05, "duration": 0.13282489776611328, "fun": "0.21514751341389615", "nit": "497", "nfev": "777", "status": "0", "success": "True", "message": "Optimization terminated successfully.", "x": "[ 1.63157509  8.60268624  4.12110918  0.69869028  4.94032364 -0.3910573 ]", "final_simplex": "(array([[ 1.63157509,  8.60268624,  4.12110918,  0.69869028,  4.94032364,\n        -0.3910573 ],\n       [ 1.63157581,  8.60268661,  4.1211103 ,  0.69869572,  4.94031602,\n        -0.39105259],\n       [ 1.63157439,  8.60268371,  4.12110973,  0.69869847,  4.94032253,\n        -0.39106214],\n       [ 1.63157594,  8.60269404,  4.12110121,  0.69868499,  4.94033161,\n        -0.39106524],\n       [ 1.63157281,  8.60268751,  4.12111232,  0.69869337,  4.94031605,\n        -0.39105655],\n       [ 1.63156683,  8.60268379,  4.12110971,  0.69869615,  4.9403212 ,\n        -0.39106234],\n       [ 1.6315749 ,  8.6026852 ,  4.12110929,  0.6986934 ,  4.94031722,\n        -0.39105495]]), array([0.21514751, 0.21514751, 0.21514751, 0.21514751, 0.21514751,\n       0.21514751, 0.21514751]))"}, "11": {"maxiter": 1000, "fatol": 1e-10, "xatol": 1e-10, "duration": 0.17839527130126953, "fun": "0.21514751339407123", "nit": "641", "nfev": "1056", "status": "0", "success": "True", "message": "Optimization terminated successfully.", "x": "[ 1.63156965  8.60269069  4.12110818  0.69869617  4.94033397 -0.39106644]", "final_simplex": "(array([[ 1.63156965,  8.60269069,  4.12110818,  0.69869617,  4.94033397,\n        -0.39106644],\n       [ 1.63156965,  8.60269069,  4.12110818,  0.69869617,  4.94033397,\n        -0.39106644],\n       [ 1.63156965,  8.60269069,  4.12110818,  0.69869617,  4.94033397,\n        -0.39106644],\n       [ 1.63156965,  8.60269069,  4.12110818,  0.69869617,  4.94033397,\n        -0.39106644],\n       [ 1.63156965,  8.60269069,  4.12110818,  0.69869617,  4.94033397,\n        -0.39106644],\n       [ 1.63156965,  8.60269069,  4.12110818,  0.69869617,  4.94033397,\n        -0.39106644],\n       [ 1.63156965,  8.60269069,  4.12110818,  0.69869617,  4.94033397,\n        -0.39106644]]), array([0.21514751, 0.21514751, 0.21514751, 0.21514751, 0.21514751,\n       0.21514751, 0.21514751]))"}}, "bfgs": {"type": "gradient", "0": {"maxiter": 100, "gtol": 1e-05, "xrtol": 1e-05, "eps": 1e-05, "duration": 0.04233431816101074, "fun": "0.34193194329894905", "jac": "[-2.34012809e-06  5.26337862e-06 -8.99142982e-06  6.20259399e-06\n -5.55536728e-06  1.49020796e-06]", "hess_inv": "[[ 4.28512203  0.50378434  0.55995786  2.00483221 -1.37280258 -1.29390692]\n [ 0.50378434  6.72484577  3.97518258 -0.15189514 -2.22573279 -3.92518781]\n [ 0.55995786  3.97518258  6.60770408  1.6227593   0.46261631 -2.61893686]\n [ 2.00483221 -0.15189514  1.6227593   4.60714186  0.67071004 -0.1205766 ]\n [-1.37280258 -2.22573279  0.46261631  0.67071004  7.11685518  4.65522848]\n [-1.29390692 -3.92518781 -2.61893686 -0.1205766   4.65522848  7.30777266]]", "nfev": "245", "njev": "35", "status": "0", "success": "True", "message": "Optimization terminated successfully.", "x": "[2.19719587 5.50423285 3.25165763 2.2488093  5.73938669 1.9680426 ]", "nit": "28"}, "1": {"maxiter": 100, "gtol": 1e-05, "xrtol": 1e-05, "eps": 1e-10, "duration": 0.04231405258178711, "fun": "0.3419319428231239", "jac": "[-4.44089173e-06  3.33066880e-06 -4.44089173e-06  2.22044587e-06\n -6.66133760e-06  1.11022293e-06]", "hess_inv": "[[ 4.32810629  0.50212141  0.53361805  2.03922875 -1.41691555 -1.27293986]\n [ 0.50212141  6.76070536  4.05967961 -0.13495622 -2.11997454 -3.90850971]\n [ 0.53361805  4.05967961  6.92416669  1.60035422  0.55982707 -2.66382294]\n [ 2.03922875 -0.13495622  1.60035422  4.62569816  0.58895272 -0.14623833]\n [-1.41691555 -2.11997454  0.55982707  0.58895272  6.82740192  4.42952757]\n [-1.27293986 -3.90850971 -2.66382294 -0.14623833  4.42952757  7.22536671]]", "nfev": "245", "njev": "35", "status": "0", "success": "True", "message": "Optimization terminated successfully.", "x": "[2.19719893 5.50423102 3.2516973  2.24882277 5.73943464 1.96806937]", "nit": "28"}, "2": {"maxiter": 100, "gtol": 1e-05, "xrtol": 1e-10, "eps": 1e-05, "duration": 0.042513132095336914, "fun": "0.34193194329894905", "jac": "[-2.34012809e-06  5.26337862e-06 -8.99142982e-06  6.20259399e-06\n -5.55536728e-06  1.49020796e-06]", "hess_inv": "[[ 4.28512203  0.50378434  0.55995786  2.00483221 -1.37280258 -1.29390692]\n [ 0.50378434  6.72484577  3.97518258 -0.15189514 -2.22573279 -3.92518781]\n [ 0.55995786  3.97518258  6.60770408  1.6227593   0.46261631 -2.61893686]\n [ 2.00483221 -0.15189514  1.6227593   4.60714186  0.67071004 -0.1205766 ]\n [-1.37280258 -2.22573279  0.46261631  0.67071004  7.11685518  4.65522848]\n [-1.29390692 -3.92518781 -2.61893686 -0.1205766   4.65522848  7.30777266]]", "nfev": "245", "njev": "35", "status": "0", "success": "True", "message": "Optimization terminated successfully.", "x": "[2.19719587 5.50423285 3.25165763 2.2488093  5.73938669 1.9680426 ]", "nit": "28"}, "3": {"maxiter": 100, "gtol": 1e-05, "xrtol": 1e-10, "eps": 1e-10, "duration": 0.042166948318481445, "fun": "0.3419319428231239", "jac": "[-4.44089173e-06  3.33066880e-06 -4.44089173e-06  2.22044587e-06\n -6.66133760e-06  1.11022293e-06]", "hess_inv": "[[ 4.32810629  0.50212141  0.53361805  2.03922875 -1.41691555 -1.27293986]\n [ 0.50212141  6.76070536  4.05967961 -0.13495622 -2.11997454 -3.90850971]\n [ 0.53361805  4.05967961  6.92416669  1.60035422  0.55982707 -2.66382294]\n [ 2.03922875 -0.13495622  1.60035422  4.62569816  0.58895272 -0.14623833]\n [-1.41691555 -2.11997454  0.55982707  0.58895272  6.82740192  4.42952757]\n [-1.27293986 -3.90850971 -2.66382294 -0.14623833  4.42952757  7.22536671]]", "nfev": "245", "njev": "35", "status": "0", "success": "True", "message": "Optimization terminated successfully.", "x": "[2.19719893 5.50423102 3.2516973  2.24882277 5.73943464 1.96806937]", "nit": "28"}, "4": {"maxiter": 100, "gtol": 1e-10, "xrtol": 1e-05, "eps": 1e-05, "duration": 0.04344892501831055, "fun": "0.34193194276193417", "jac": "[-1.20681243e-07  1.41819889e-07  6.49258425e-08  4.21307433e-07\n -9.68958247e-07 -1.88959959e-08]", "hess_inv": "[[ 4.28456707  0.4705045   0.43511074  2.01327465 -1.38108222 -1.25366896]\n [ 0.4705045   6.62747479  3.89758227 -0.15862774 -2.01423849 -3.77997393]\n [ 0.43511074  3.89758227  7.43940205  1.51975991  1.36331647 -2.41783999]\n [ 2.01327465 -0.15862774  1.51975991  4.61734441  0.60533455 -0.11986378]\n [-1.38108222 -2.01423849  1.36331647  0.60533455  7.25738633  4.40976581]\n [-1.25366896 -3.77997393 -2.41783999 -0.11986378  4.40976581  7.09936442]]", "nfev": "252", "njev": "36", "status": "0", "success": "True", "message": "Optimization terminated successfully.", "x": "[2.19718904 5.50422954 3.25170677 2.24880341 5.73943631 1.96805248]", "nit": "29"}, "5": {"maxiter": 100, "gtol": 1e-10, "xrtol": 1e-05, "eps": 1e-10, "duration": 0.04316592216491699, "fun": "0.34193194279344397", "jac": "[ 3.33066880e-06 -1.11022293e-06  1.11022293e-06  2.22044587e-06\n  1.11022293e-06  1.11022293e-06]", "hess_inv": "[[ 4.36663024  0.50104135  0.74885225  2.07276172 -1.25212801 -1.24604947]\n [ 0.50104135  6.5625737   3.73729407 -0.06690168 -1.93552849 -3.69961898]\n [ 0.74885225  3.73729407  7.62165307  1.89784871  1.78232908 -2.1789032 ]\n [ 2.07276172 -0.06690168  1.89784871  4.63086466  0.66656346 -0.19582437]\n [-1.25212801 -1.93552849  1.78232908  0.66656346  7.35189874  4.3445305 ]\n [-1.24604947 -3.69961898 -2.1789032  -0.19582437  4.3445305   7.02234397]]", "nfev": "252", "njev": "36", "status": "0", "success": "True", "message": "Optimization terminated successfully.", "x": "[2.19720841 5.50421934 3.2517321  2.248835   5.73948611 1.96808806]", "nit": "29"}, "6": {"maxiter": 100, "gtol": 1e-10, "xrtol": 1e-10, "eps": 1e-05, "duration": 0.07378196716308594, "fun": "0.3419319427469246", "jac": "[ 3.88578059e-10 -2.03170814e-09  1.95399252e-09  8.88178420e-11\n  2.50910404e-09 -4.61852778e-09]", "hess_inv": "[[ 4.39098277  0.64033545  0.49217706  2.10386353 -1.71284616 -1.56828766]\n [ 0.64033545  6.8898804   3.95536193 -0.00980503 -2.55066911 -4.2788324 ]\n [ 0.49217706  3.95536193  7.37393353  1.59015288  1.18823463 -2.58572999]\n [ 2.10386353 -0.00980503  1.59015288  4.69312305  0.33165126 -0.3906694 ]\n [-1.71284616 -2.55066911  1.18823463  0.33165126  8.31256373  5.38122157]\n [-1.56828766 -4.2788324  -2.58572999 -0.3906694   5.38122157  8.03033395]]", "nfev": "432", "njev": "60", "status": "2", "success": "False", "message": "Desired error not necessarily achieved due to precision loss.", "x": "[2.19718687 5.50422582 3.25170633 2.24880193 5.73944454 1.96805855]", "nit": "31"}, "7": {"maxiter": 100, "gtol": 1e-10, "xrtol": 1e-10, "eps": 1e-10, "duration": 0.06570005416870117, "fun": "0.3419319427002203", "jac": "[-1.11022293e-06 -1.11022293e-06  1.11022293e-06  1.11022293e-06\n -1.11022293e-06 -1.11022293e-06]", "hess_inv": "[[  7.36544896  -4.59156989  19.1836147   19.94213733  21.23021817\n   10.13886753]\n [ -4.59156989   2.94010525 -11.74344707 -12.24826966 -12.9973079\n   -6.11725111]\n [ 19.1836147  -11.74344707  70.89089511  67.10162766  78.26594488\n   38.24602337]\n [ 19.94213733 -12.24826966  67.10162766  68.01129841  75.95065425\n   37.11871487]\n [ 21.23021817 -12.9973079   78.26594488  75.95065425  87.99065975\n   43.19374315]\n [ 10.13886753  -6.11725111  38.24602337  37.11871487  43.19374315\n   21.93043231]]", "nfev": "385", "njev": "55", "status": "0", "success": "True", "message": "Optimization terminated successfully.", "x": "[2.1971913  5.50422677 3.25172486 2.24881833 5.73946273 1.96806565]", "nit": "37"}, "8": {"maxiter": 500, "gtol": 1e-05, "xrtol": 1e-05, "eps": 1e-05, "duration": 0.041908979415893555, "fun": "0.34193194329894905", "jac": "[-2.34012809e-06  5.26337862e-06 -8.99142982e-06  6.20259399e-06\n -5.55536728e-06  1.49020796e-06]", "hess_inv": "[[ 4.28512203  0.50378434  0.55995786  2.00483221 -1.37280258 -1.29390692]\n [ 0.50378434  6.72484577  3.97518258 -0.15189514 -2.22573279 -3.92518781]\n [ 0.55995786  3.97518258  6.60770408  1.6227593   0.46261631 -2.61893686]\n [ 2.00483221 -0.15189514  1.6227593   4.60714186  0.67071004 -0.1205766 ]\n [-1.37280258 -2.22573279  0.46261631  0.67071004  7.11685518  4.65522848]\n [-1.29390692 -3.92518781 -2.61893686 -0.1205766   4.65522848  7.30777266]]", "nfev": "245", "njev": "35", "status": "0", "success": "True", "message": "Optimization terminated successfully.", "x": "[2.19719587 5.50423285 3.25165763 2.2488093  5.73938669 1.9680426 ]", "nit": "28"}, "9": {"maxiter": 500, "gtol": 1e-05, "xrtol": 1e-05, "eps": 1e-10, "duration": 0.041916847229003906, "fun": "0.3419319428231239", "jac": "[-4.44089173e-06  3.33066880e-06 -4.44089173e-06  2.22044587e-06\n -6.66133760e-06  1.11022293e-06]", "hess_inv": "[[ 4.32810629  0.50212141  0.53361805  2.03922875 -1.41691555 -1.27293986]\n [ 0.50212141  6.76070536  4.05967961 -0.13495622 -2.11997454 -3.90850971]\n [ 0.53361805  4.05967961  6.92416669  1.60035422  0.55982707 -2.66382294]\n [ 2.03922875 -0.13495622  1.60035422  4.62569816  0.58895272 -0.14623833]\n [-1.41691555 -2.11997454  0.55982707  0.58895272  6.82740192  4.42952757]\n [-1.27293986 -3.90850971 -2.66382294 -0.14623833  4.42952757  7.22536671]]", "nfev": "245", "njev": "35", "status": "0", "success": "True", "message": "Optimization terminated successfully.", "x": "[2.19719893 5.50423102 3.2516973  2.24882277 5.73943464 1.96806937]", "nit": "28"}, "10": {"maxiter": 500, "gtol": 1e-05, "xrtol": 1e-10, "eps": 1e-05, "duration": 0.04183769226074219, "fun": "0.34193194329894905", "jac": "[-2.34012809e-06  5.26337862e-06 -8.99142982e-06  6.20259399e-06\n -5.55536728e-06  1.49020796e-06]", "hess_inv": "[[ 4.28512203  0.50378434  0.55995786  2.00483221 -1.37280258 -1.29390692]\n [ 0.50378434  6.72484577  3.97518258 -0.15189514 -2.22573279 -3.92518781]\n [ 0.55995786  3.97518258  6.60770408  1.6227593   0.46261631 -2.61893686]\n [ 2.00483221 -0.15189514  1.6227593   4.60714186  0.67071004 -0.1205766 ]\n [-1.37280258 -2.22573279  0.46261631  0.67071004  7.11685518  4.65522848]\n [-1.29390692 -3.92518781 -2.61893686 -0.1205766   4.65522848  7.30777266]]", "nfev": "245", "njev": "35", "status": "0", "success": "True", "message": "Optimization terminated successfully.", "x": "[2.19719587 5.50423285 3.25165763 2.2488093  5.73938669 1.9680426 ]", "nit": "28"}, "11": {"maxiter": 500, "gtol": 1e-05, "xrtol": 1e-10, "eps": 1e-10, "duration": 0.04181623458862305, "fun": "0.3419319428231239", "jac": "[-4.44089173e-06  3.33066880e-06 -4.44089173e-06  2.22044587e-06\n -6.66133760e-06  1.11022293e-06]", "hess_inv": "[[ 4.32810629  0.50212141  0.53361805  2.03922875 -1.41691555 -1.27293986]\n [ 0.50212141  6.76070536  4.05967961 -0.13495622 -2.11997454 -3.90850971]\n [ 0.53361805  4.05967961  6.92416669  1.60035422  0.55982707 -2.66382294]\n [ 2.03922875 -0.13495622  1.60035422  4.62569816  0.58895272 -0.14623833]\n [-1.41691555 -2.11997454  0.55982707  0.58895272  6.82740192  4.42952757]\n [-1.27293986 -3.90850971 -2.66382294 -0.14623833  4.42952757  7.22536671]]", "nfev": "245", "njev": "35", "status": "0", "success": "True", "message": "Optimization terminated successfully.", "x": "[2.19719893 5.50423102 3.2516973  2.24882277 5.73943464 1.96806937]", "nit": "28"}, "12": {"maxiter": 500, "gtol": 1e-10, "xrtol": 1e-05, "eps": 1e-05, "duration": 0.04304909706115723, "fun": "0.34193194276193417", "jac": "[-1.20681243e-07  1.41819889e-07  6.49258425e-08  4.21307433e-07\n -9.68958247e-07 -1.88959959e-08]", "hess_inv": "[[ 4.28456707  0.4705045   0.43511074  2.01327465 -1.38108222 -1.25366896]\n [ 0.4705045   6.62747479  3.89758227 -0.15862774 -2.01423849 -3.77997393]\n [ 0.43511074  3.89758227  7.43940205  1.51975991  1.36331647 -2.41783999]\n [ 2.01327465 -0.15862774  1.51975991  4.61734441  0.60533455 -0.11986378]\n [-1.38108222 -2.01423849  1.36331647  0.60533455  7.25738633  4.40976581]\n [-1.25366896 -3.77997393 -2.41783999 -0.11986378  4.40976581  7.09936442]]", "nfev": "252", "njev": "36", "status": "0", "success": "True", "message": "Optimization terminated successfully.", "x": "[2.19718904 5.50422954 3.25170677 2.24880341 5.73943631 1.96805248]", "nit": "29"}, "13": {"maxiter": 500, "gtol": 1e-10, "xrtol": 1e-05, "eps": 1e-10, "duration": 0.043057918548583984, "fun": "0.34193194279344397", "jac": "[ 3.33066880e-06 -1.11022293e-06  1.11022293e-06  2.22044587e-06\n  1.11022293e-06  1.11022293e-06]", "hess_inv": "[[ 4.36663024  0.50104135  0.74885225  2.07276172 -1.25212801 -1.24604947]\n [ 0.50104135  6.5625737   3.73729407 -0.06690168 -1.93552849 -3.69961898]\n [ 0.74885225  3.73729407  7.62165307  1.89784871  1.78232908 -2.1789032 ]\n [ 2.07276172 -0.06690168  1.89784871  4.63086466  0.66656346 -0.19582437]\n [-1.25212801 -1.93552849  1.78232908  0.66656346  7.35189874  4.3445305 ]\n [-1.24604947 -3.69961898 -2.1789032  -0.19582437  4.3445305   7.02234397]]", "nfev": "252", "njev": "36", "status": "0", "success": "True", "message": "Optimization terminated successfully.", "x": "[2.19720841 5.50421934 3.2517321  2.248835   5.73948611 1.96808806]", "nit": "29"}, "14": {"maxiter": 500, "gtol": 1e-10, "xrtol": 1e-10, "eps": 1e-05, "duration": 0.07333707809448242, "fun": "0.3419319427469246", "jac": "[ 3.88578059e-10 -2.03170814e-09  1.95399252e-09  8.88178420e-11\n  2.50910404e-09 -4.61852778e-09]", "hess_inv": "[[ 4.39098277  0.64033545  0.49217706  2.10386353 -1.71284616 -1.56828766]\n [ 0.64033545  6.8898804   3.95536193 -0.00980503 -2.55066911 -4.2788324 ]\n [ 0.49217706  3.95536193  7.37393353  1.59015288  1.18823463 -2.58572999]\n [ 2.10386353 -0.00980503  1.59015288  4.69312305  0.33165126 -0.3906694 ]\n [-1.71284616 -2.55066911  1.18823463  0.33165126  8.31256373  5.38122157]\n [-1.56828766 -4.2788324  -2.58572999 -0.3906694   5.38122157  8.03033395]]", "nfev": "432", "njev": "60", "status": "2", "success": "False", "message": "Desired error not necessarily achieved due to precision loss.", "x": "[2.19718687 5.50422582 3.25170633 2.24880193 5.73944454 1.96805855]", "nit": "31"}, "15": {"maxiter": 500, "gtol": 1e-10, "xrtol": 1e-10, "eps": 1e-10, "duration": 0.06533002853393555, "fun": "0.3419319427002203", "jac": "[-1.11022293e-06 -1.11022293e-06  1.11022293e-06  1.11022293e-06\n -1.11022293e-06 -1.11022293e-06]", "hess_inv": "[[  7.36544896  -4.59156989  19.1836147   19.94213733  21.23021817\n   10.13886753]\n [ -4.59156989   2.94010525 -11.74344707 -12.24826966 -12.9973079\n   -6.11725111]\n [ 19.1836147  -11.74344707  70.89089511  67.10162766  78.26594488\n   38.24602337]\n [ 19.94213733 -12.24826966  67.10162766  68.01129841  75.95065425\n   37.11871487]\n [ 21.23021817 -12.9973079   78.26594488  75.95065425  87.99065975\n   43.19374315]\n [ 10.13886753  -6.11725111  38.24602337  37.11871487  43.19374315\n   21.93043231]]", "nfev": "385", "njev": "55", "status": "0", "success": "True", "message": "Optimization terminated successfully.", "x": "[2.1971913  5.50422677 3.25172486 2.24881833 5.73946273 1.96806565]", "nit": "37"}, "16": {"maxiter": 1000, "gtol": 1e-05, "xrtol": 1e-05, "eps": 1e-05, "duration": 0.04152703285217285, "fun": "0.34193194329894905", "jac": "[-2.34012809e-06  5.26337862e-06 -8.99142982e-06  6.20259399e-06\n -5.55536728e-06  1.49020796e-06]", "hess_inv": "[[ 4.28512203  0.50378434  0.55995786  2.00483221 -1.37280258 -1.29390692]\n [ 0.50378434  6.72484577  3.97518258 -0.15189514 -2.22573279 -3.92518781]\n [ 0.55995786  3.97518258  6.60770408  1.6227593   0.46261631 -2.61893686]\n [ 2.00483221 -0.15189514  1.6227593   4.60714186  0.67071004 -0.1205766 ]\n [-1.37280258 -2.22573279  0.46261631  0.67071004  7.11685518  4.65522848]\n [-1.29390692 -3.92518781 -2.61893686 -0.1205766   4.65522848  7.30777266]]", "nfev": "245", "njev": "35", "status": "0", "success": "True", "message": "Optimization terminated successfully.", "x": "[2.19719587 5.50423285 3.25165763 2.2488093  5.73938669 1.9680426 ]", "nit": "28"}, "17": {"maxiter": 1000, "gtol": 1e-05, "xrtol": 1e-05, "eps": 1e-10, "duration": 0.041613101959228516, "fun": "0.3419319428231239", "jac": "[-4.44089173e-06  3.33066880e-06 -4.44089173e-06  2.22044587e-06\n -6.66133760e-06  1.11022293e-06]", "hess_inv": "[[ 4.32810629  0.50212141  0.53361805  2.03922875 -1.41691555 -1.27293986]\n [ 0.50212141  6.76070536  4.05967961 -0.13495622 -2.11997454 -3.90850971]\n [ 0.53361805  4.05967961  6.92416669  1.60035422  0.55982707 -2.66382294]\n [ 2.03922875 -0.13495622  1.60035422  4.62569816  0.58895272 -0.14623833]\n [-1.41691555 -2.11997454  0.55982707  0.58895272  6.82740192  4.42952757]\n [-1.27293986 -3.90850971 -2.66382294 -0.14623833  4.42952757  7.22536671]]", "nfev": "245", "njev": "35", "status": "0", "success": "True", "message": "Optimization terminated successfully.", "x": "[2.19719893 5.50423102 3.2516973  2.24882277 5.73943464 1.96806937]", "nit": "28"}, "18": {"maxiter": 1000, "gtol": 1e-05, "xrtol": 1e-10, "eps": 1e-05, "duration": 0.04177498817443848, "fun": "0.34193194329894905", "jac": "[-2.34012809e-06  5.26337862e-06 -8.99142982e-06  6.20259399e-06\n -5.55536728e-06  1.49020796e-06]", "hess_inv": "[[ 4.28512203  0.50378434  0.55995786  2.00483221 -1.37280258 -1.29390692]\n [ 0.50378434  6.72484577  3.97518258 -0.15189514 -2.22573279 -3.92518781]\n [ 0.55995786  3.97518258  6.60770408  1.6227593   0.46261631 -2.61893686]\n [ 2.00483221 -0.15189514  1.6227593   4.60714186  0.67071004 -0.1205766 ]\n [-1.37280258 -2.22573279  0.46261631  0.67071004  7.11685518  4.65522848]\n [-1.29390692 -3.92518781 -2.61893686 -0.1205766   4.65522848  7.30777266]]", "nfev": "245", "njev": "35", "status": "0", "success": "True", "message": "Optimization terminated successfully.", "x": "[2.19719587 5.50423285 3.25165763 2.2488093  5.73938669 1.9680426 ]", "nit": "28"}, "19": {"maxiter": 1000, "gtol": 1e-05, "xrtol": 1e-10, "eps": 1e-10, "duration": 0.04186701774597168, "fun": "0.3419319428231239", "jac": "[-4.44089173e-06  3.33066880e-06 -4.44089173e-06  2.22044587e-06\n -6.66133760e-06  1.11022293e-06]", "hess_inv": "[[ 4.32810629  0.50212141  0.53361805  2.03922875 -1.41691555 -1.27293986]\n [ 0.50212141  6.76070536  4.05967961 -0.13495622 -2.11997454 -3.90850971]\n [ 0.53361805  4.05967961  6.92416669  1.60035422  0.55982707 -2.66382294]\n [ 2.03922875 -0.13495622  1.60035422  4.62569816  0.58895272 -0.14623833]\n [-1.41691555 -2.11997454  0.55982707  0.58895272  6.82740192  4.42952757]\n [-1.27293986 -3.90850971 -2.66382294 -0.14623833  4.42952757  7.22536671]]", "nfev": "245", "njev": "35", "status": "0", "success": "True", "message": "Optimization terminated successfully.", "x": "[2.19719893 5.50423102 3.2516973  2.24882277 5.73943464 1.96806937]", "nit": "28"}, "20": {"maxiter": 1000, "gtol": 1e-10, "xrtol": 1e-05, "eps": 1e-05, "duration": 0.04318809509277344, "fun": "0.34193194276193417", "jac": "[-1.20681243e-07  1.41819889e-07  6.49258425e-08  4.21307433e-07\n -9.68958247e-07 -1.88959959e-08]", "hess_inv": "[[ 4.28456707  0.4705045   0.43511074  2.01327465 -1.38108222 -1.25366896]\n [ 0.4705045   6.62747479  3.89758227 -0.15862774 -2.01423849 -3.77997393]\n [ 0.43511074  3.89758227  7.43940205  1.51975991  1.36331647 -2.41783999]\n [ 2.01327465 -0.15862774  1.51975991  4.61734441  0.60533455 -0.11986378]\n [-1.38108222 -2.01423849  1.36331647  0.60533455  7.25738633  4.40976581]\n [-1.25366896 -3.77997393 -2.41783999 -0.11986378  4.40976581  7.09936442]]", "nfev": "252", "njev": "36", "status": "0", "success": "True", "message": "Optimization terminated successfully.", "x": "[2.19718904 5.50422954 3.25170677 2.24880341 5.73943631 1.96805248]", "nit": "29"}, "21": {"maxiter": 1000, "gtol": 1e-10, "xrtol": 1e-05, "eps": 1e-10, "duration": 0.04322195053100586, "fun": "0.34193194279344397", "jac": "[ 3.33066880e-06 -1.11022293e-06  1.11022293e-06  2.22044587e-06\n  1.11022293e-06  1.11022293e-06]", "hess_inv": "[[ 4.36663024  0.50104135  0.74885225  2.07276172 -1.25212801 -1.24604947]\n [ 0.50104135  6.5625737   3.73729407 -0.06690168 -1.93552849 -3.69961898]\n [ 0.74885225  3.73729407  7.62165307  1.89784871  1.78232908 -2.1789032 ]\n [ 2.07276172 -0.06690168  1.89784871  4.63086466  0.66656346 -0.19582437]\n [-1.25212801 -1.93552849  1.78232908  0.66656346  7.35189874  4.3445305 ]\n [-1.24604947 -3.69961898 -2.1789032  -0.19582437  4.3445305   7.02234397]]", "nfev": "252", "njev": "36", "status": "0", "success": "True", "message": "Optimization terminated successfully.", "x": "[2.19720841 5.50421934 3.2517321  2.248835   5.73948611 1.96808806]", "nit": "29"}, "22": {"maxiter": 1000, "gtol": 1e-10, "xrtol": 1e-10, "eps": 1e-05, "duration": 0.07356786727905273, "fun": "0.3419319427469246", "jac": "[ 3.88578059e-10 -2.03170814e-09  1.95399252e-09  8.88178420e-11\n  2.50910404e-09 -4.61852778e-09]", "hess_inv": "[[ 4.39098277  0.64033545  0.49217706  2.10386353 -1.71284616 -1.56828766]\n [ 0.64033545  6.8898804   3.95536193 -0.00980503 -2.55066911 -4.2788324 ]\n [ 0.49217706  3.95536193  7.37393353  1.59015288  1.18823463 -2.58572999]\n [ 2.10386353 -0.00980503  1.59015288  4.69312305  0.33165126 -0.3906694 ]\n [-1.71284616 -2.55066911  1.18823463  0.33165126  8.31256373  5.38122157]\n [-1.56828766 -4.2788324  -2.58572999 -0.3906694   5.38122157  8.03033395]]", "nfev": "432", "njev": "60", "status": "2", "success": "False", "message": "Desired error not necessarily achieved due to precision loss.", "x": "[2.19718687 5.50422582 3.25170633 2.24880193 5.73944454 1.96805855]", "nit": "31"}, "23": {"maxiter": 1000, "gtol": 1e-10, "xrtol": 1e-10, "eps": 1e-10, "duration": 0.06631875038146973, "fun": "0.3419319427002203", "jac": "[-1.11022293e-06 -1.11022293e-06  1.11022293e-06  1.11022293e-06\n -1.11022293e-06 -1.11022293e-06]", "hess_inv": "[[  7.36544896  -4.59156989  19.1836147   19.94213733  21.23021817\n   10.13886753]\n [ -4.59156989   2.94010525 -11.74344707 -12.24826966 -12.9973079\n   -6.11725111]\n [ 19.1836147  -11.74344707  70.89089511  67.10162766  78.26594488\n   38.24602337]\n [ 19.94213733 -12.24826966  67.10162766  68.01129841  75.95065425\n   37.11871487]\n [ 21.23021817 -12.9973079   78.26594488  75.95065425  87.99065975\n   43.19374315]\n [ 10.13886753  -6.11725111  38.24602337  37.11871487  43.19374315\n   21.93043231]]", "nfev": "385", "njev": "55", "status": "0", "success": "True", "message": "Optimization terminated successfully.", "x": "[2.1971913  5.50422677 3.25172486 2.24881833 5.73946273 1.96806565]", "nit": "37"}}, "cobyla": {"0": {"maxiter": 100, "tol": 1e-05, "catol": 1e-05, "duration": 0.01646590232849121, "x": "[2.36302371 6.05270256 3.66507201 2.35496886 5.25159787 1.3735906 ]", "status": "2", "success": "False", "message": "Maximum number of function evaluations has been exceeded.", "nfev": "100", "fun": "0.3628717897792182", "maxcv": "0.0"}, "1": {"maxiter": 100, "tol": 1e-05, "catol": 1e-10, "duration": 0.016397953033447266, "x": "[2.36302371 6.05270256 3.66507201 2.35496886 5.25159787 1.3735906 ]", "status": "2", "success": "False", "message": "Maximum number of function evaluations has been exceeded.", "nfev": "100", "fun": "0.3628717897792182", "maxcv": "0.0"}, "2": {"maxiter": 100, "tol": 1e-10, "catol": 1e-05, "duration": 0.016375064849853516, "x": "[2.36302371 6.05270256 3.66507201 2.35496886 5.25159787 1.3735906 ]", "status": "2", "success": "False", "message": "Maximum number of function evaluations has been exceeded.", "nfev": "100", "fun": "0.3628717897792182", "maxcv": "0.0"}, "3": {"maxiter": 100, "tol": 1e-10, "catol": 1e-10, "duration": 0.016398191452026367, "x": "[2.36302371 6.05270256 3.66507201 2.35496886 5.25159787 1.3735906 ]", "status": "2", "success": "False", "message": "Maximum number of function evaluations has been exceeded.", "nfev": "100", "fun": "0.3628717897792182", "maxcv": "0.0"}, "4": {"maxiter": 500, "tol": 1e-05, "catol": 1e-05, "duration": 0.05829286575317383, "x": "[2.19720044 5.50424796 3.25174575 2.24881775 5.7394542  1.96806013]", "status": "1", "success": "True", "message": "Optimization terminated successfully.", "nfev": "356", "fun": "0.3419319427413089", "maxcv": "0.0"}, "5": {"maxiter": 500, "tol": 1e-05, "catol": 1e-10, "duration": 0.05827808380126953, "x": "[2.19720044 5.50424796 3.25174575 2.24881775 5.7394542  1.96806013]", "status": "1", "success": "True", "message": "Optimization terminated successfully.", "nfev": "356", "fun": "0.3419319427413089", "maxcv": "0.0"}, "6": {"maxiter": 500, "tol": 1e-10, "catol": 1e-05, "duration": 0.08171606063842773, "x": "[2.19719439 5.50423311 3.25172505 2.24881493 5.73946214 1.96806642]", "status": "2", "success": "False", "message": "Maximum number of function evaluations has been exceeded.", "nfev": "500", "fun": "0.34193194269079374", "maxcv": "0.0"}, "7": {"maxiter": 500, "tol": 1e-10, "catol": 1e-10, "duration": 0.08199000358581543, "x": "[2.19719439 5.50423311 3.25172505 2.24881493 5.73946214 1