{"date": "2024/07/19/, 15:41:46", "conf_id": 230, "data_type": "non_lin_ind\n", "num_data_points": 4, "s_rank": 0, "unitary": "[[-0.45070455-0.02711853j,0.78437395-0.06613086j,0.06358678+0.19963393j,-0.07343613+0.35668523j],[-0.01890143-0.03813363j,0.32408202+0.25557629j,0.05872864-0.68979805j,0.55466693-0.20227297j],[-0.11215405+0.64023111j,-0.13344055+0.29565494j,-0.49012687-0.19046288j,-0.04241254+0.44046348j],[0.55771659+0.24656916j,0.31851997-0.05798805j,0.28761525-0.34294258j,-0.56718418+0.03616933j]]", "databatch_0": {"databatch": "[[[0.05723359+0.02271145j,-0.05048082-0.05588223j,0.01225798+0.07967837j,-0.10137287-0.09995401j],[-0.239389-0.00522488j,0.10553648+0.15084008j,0.09920327-0.03210413j,-0.11840028+0.16908505j],[0.23917551-0.10091283j,-0.34964916+0.24156559j,0.21908904-0.01699352j,-0.25198563-0.10242243j],[0.29168344+0.14524458j,0.12351351+0.28652224j,-0.15267938-0.27254967j,0.16472115-0.3471886j]],[[0.05171007+0.16086022j,-0.06171617-0.12498582j,-0.02296319-0.21668105j,0.131293-0.0062256j],[0.11219067+0.14452446j,-0.27612522-0.20670045j,0.1325445-0.02008595j,0.09326723-0.17524413j],[0.29200096+0.01627051j,-0.2197031+0.01042377j,-0.35053472-0.10161444j,0.09683308-0.20244114j],[-0.14613708-0.17342977j,0.12074408+0.34051893j,0.26240434-0.15632798j,-0.23268646+0.17484237j]],[[-0.03093163+0.13730239j,-0.18781562+0.05000412j,0.19651833+0.03371057j,-0.10456282+0.08127476j],[-0.07996704+0.08839397j,-0.16816436-0.17666799j,0.00095478+0.32384817j,-0.24215605+0.05407117j],[0.22825361+0.2176296j,-0.04112637+0.32282836j,0.10206512-0.24649341j,-0.06078657+0.26042009j],[0.08144885+0.0596936j,-0.17933759-0.01528022j,0.24442971+0.28607985j,-0.04396764+0.29733499j]],[[0.06321869+0.00474868j,0.0740189+0.03953145j,0.10141454-0.02616208j,-0.19251475-0.17580679j],[-0.08343374-0.09749788j,0.09085924+0.00537219j,0.07640365+0.001347j,0.02217404+0.01178012j],[-0.00114236-0.21898133j,0.22040399+0.05154294j,0.06750424-0.00335876j,-0.54393168+0.01731517j],[-0.31188751+0.13167333j,0.21733139+0.07553792j,0.25741025+0.27495239j,-0.10536878-0.39382716j]]]", "initial param values": "[3.62221575,2.26720201,5.28717225,0.26389288,5.73591725,2.06367255]", "nelder_mead": {"type": "gradient-free", "0": {"maxiter": 100, "fatol": 1e-05, "xatol": 1e-05, "duration": 0.027012109756469727, "fun": "0.6386733910982877", "nit": "100", "nfev": "159", "status": "2", "success": "False", "message": "Maximum number of iterations has been exceeded.", "x": "[ 0.62940373  2.84523084  5.79108946  0.49064284  4.63788596 -0.81053048]", "final_simplex": "(array([[ 0.62940373,  2.84523084,  5.79108946,  0.49064284,  4.63788596,\n        -0.81053048],\n       [ 0.80791124,  2.81501577,  5.93131061,  0.47552739,  4.36944946,\n        -0.43005874],\n       [ 0.84189938,  2.78196092,  6.21520903,  0.46987497,  4.60997422,\n        -0.55452956],\n       [ 0.86641425,  2.86983577,  5.8515902 ,  0.46444779,  4.55613153,\n        -0.60339306],\n       [ 0.70495883,  2.81246649,  6.02688987,  0.47825148,  4.32072706,\n        -0.37196012],\n       [ 0.66733257,  2.88833496,  5.99905906,  0.48256998,  4.49462408,\n        -0.65859042],\n       [ 0.76395702,  2.89121338,  5.86950897,  0.47214498,  4.55994538,\n        -0.6004417 ]]), array([0.63867339, 0.63870151, 0.63936157, 0.64374057, 0.64400612,\n       0.6458707 , 0.64646137]))"}, "1": {"maxiter": 100, "fatol": 1e-05, "xatol": 1e-10, "duration": 0.026912927627563477, "fun": "0.6386733910982877", "nit": "100", "nfev": "159", "status": "2", "success": "False", "message": "Maximum number of iterations has been exceeded.", "x": "[ 0.62940373  2.84523084  5.79108946  0.49064284  4.63788596 -0.81053048]", "final_simplex": "(array([[ 0.62940373,  2.84523084,  5.79108946,  0.49064284,  4.63788596,\n        -0.81053048],\n       [ 0.80791124,  2.81501577,  5.93131061,  0.47552739,  4.36944946,\n        -0.43005874],\n       [ 0.84189938,  2.78196092,  6.21520903,  0.46987497,  4.60997422,\n        -0.55452956],\n       [ 0.86641425,  2.86983577,  5.8515902 ,  0.46444779,  4.55613153,\n        -0.60339306],\n       [ 0.70495883,  2.81246649,  6.02688987,  0.47825148,  4.32072706,\n        -0.37196012],\n       [ 0.66733257,  2.88833496,  5.99905906,  0.48256998,  4.49462408,\n        -0.65859042],\n       [ 0.76395702,  2.89121338,  5.86950897,  0.47214498,  4.55994538,\n        -0.6004417 ]]), array([0.63867339, 0.63870151, 0.63936157, 0.64374057, 0.64400612,\n       0.6458707 , 0.64646137]))"}, "2": {"maxiter": 100, "fatol": 1e-10, "xatol": 1e-05, "duration": 0.026974916458129883, "fun": "0.6386733910982877", "nit": "100", "nfev": "159", "status": "2", "success": "False", "message": "Maximum number of iterations has been exceeded.", "x": "[ 0.62940373  2.84523084  5.79108946  0.49064284  4.63788596 -0.81053048]", "final_simplex": "(array([[ 0.62940373,  2.84523084,  5.79108946,  0.49064284,  4.63788596,\n        -0.81053048],\n       [ 0.80791124,  2.81501577,  5.93131061,  0.47552739,  4.36944946,\n        -0.43005874],\n       [ 0.84189938,  2.78196092,  6.21520903,  0.46987497,  4.60997422,\n        -0.55452956],\n       [ 0.86641425,  2.86983577,  5.8515902 ,  0.46444779,  4.55613153,\n        -0.60339306],\n       [ 0.70495883,  2.81246649,  6.02688987,  0.47825148,  4.32072706,\n        -0.37196012],\n       [ 0.66733257,  2.88833496,  5.99905906,  0.48256998,  4.49462408,\n        -0.65859042],\n       [ 0.76395702,  2.89121338,  5.86950897,  0.47214498,  4.55994538,\n        -0.6004417 ]]), array([0.63867339, 0.63870151, 0.63936157, 0.64374057, 0.64400612,\n       0.6458707 , 0.64646137]))"}, "3": {"maxiter": 100, "fatol": 1e-10, "xatol": 1e-10, "duration": 0.0268399715423584, "fun": "0.6386733910982877", "nit": "100", "nfev": "159", "status": "2", "success": "False", "message": "Maximum number of iterations has been exceeded.", "x": "[ 0.62940373  2.84523084  5.79108946  0.49064284  4.63788596 -0.81053048]", "final_simplex": "(array([[ 0.62940373,  2.84523084,  5.79108946,  0.49064284,  4.63788596,\n        -0.81053048],\n       [ 0.80791124,  2.81501577,  5.93131061,  0.47552739,  4.36944946,\n        -0.43005874],\n       [ 0.84189938,  2.78196092,  6.21520903,  0.46987497,  4.60997422,\n        -0.55452956],\n       [ 0.86641425,  2.86983577,  5.8515902 ,  0.46444779,  4.55613153,\n        -0.60339306],\n       [ 0.70495883,  2.81246649,  6.02688987,  0.47825148,  4.32072706,\n        -0.37196012],\n       [ 0.66733257,  2.88833496,  5.99905906,  0.48256998,  4.49462408,\n        -0.65859042],\n       [ 0.76395702,  2.89121338,  5.86950897,  0.47214498,  4.55994538,\n        -0.6004417 ]]), array([0.63867339, 0.63870151, 0.63936157, 0.64374057, 0.64400612,\n       0.6458707 , 0.64646137]))"}, "4": {"maxiter": 500, "fatol": 1e-05, "xatol": 1e-05, "duration": 0.1178276538848877, "fun": "0.23397941397695865", "nit": "450", "nfev": "697", "status": "0", "success": "True", "message": "Optimization terminated successfully.", "x": "[ 1.2452662   0.43400744  6.20751556  1.7642771   4.62211224 -2.03134031]", "final_simplex": "(array([[ 1.2452662 ,  0.43400744,  6.20751556,  1.7642771 ,  4.62211224,\n        -2.03134031],\n       [ 1.24526604,  0.43400524,  6.20752263,  1.76427911,  4.6221114 ,\n        -2.03133495],\n       [ 1.24526063,  0.43400515,  6.20751467,  1.76427589,  4.62211054,\n        -2.03134583],\n       [ 1.24526629,  0.43399884,  6.20751565,  1.76428092,  4.62210563,\n        -2.03134668],\n       [ 1.24526854,  0.43400604,  6.20752366,  1.76428192,  4.62211159,\n        -2.03134002],\n       [ 1.24526671,  0.43400834,  6.20751234,  1.7642827 ,  4.62210601,\n        -2.03133856],\n       [ 1.24526568,  0.43400968,  6.20752319,  1.7642739 ,  4.62210871,\n        -2.03134133]]), array([0.23397941, 0.23397941, 0.23397941, 0.23397941, 0.23397941,\n       0.23397941, 0.23397941]))"}, "5": {"maxiter": 500, "fatol": 1e-05, "xatol": 1e-10, "duration": 0.13146710395812988, "fun": "0.233979413971374", "nit": "500", "nfev": "777", "status": "2", "success": "False", "message": "Maximum number of iterations has been exceeded.", "x": "[ 1.24526765  0.43400243  6.20751354  1.76427619  4.62211418 -2.03134096]", "final_simplex": "(array([[ 1.24526765,  0.43400243,  6.20751354,  1.76427619,  4.62211418,\n        -2.03134096],\n       [ 1.2452678 ,  0.43400274,  6.20751388,  1.76427632,  4.62211427,\n        -2.03134026],\n       [ 1.2452677 ,  0.43400325,  6.20751399,  1.76427598,  4.62211433,\n        -2.03134008],\n       [ 1.24526741,  0.43400282,  6.20751383,  1.76427647,  4.62211459,\n        -2.03134047],\n       [ 1.24526744,  0.43400277,  6.20751371,  1.76427662,  4.62211397,\n        -2.0313408 ],\n       [ 1.24526782,  0.43400316,  6.20751365,  1.76427671,  4.62211449,\n        -2.03134062],\n       [ 1.24526829,  0.43400285,  6.2075146 ,  1.76427644,  4.62211437,\n        -2.0313401 ]]), array([0.23397941, 0.23397941, 0.23397941, 0.23397941, 0.23397941,\n       0.23397941, 0.23397941]))"}, "6": {"maxiter": 500, "fatol": 1e-10, "xatol": 1e-05, "duration": 0.1177053451538086, "fun": "0.23397941397695865", "nit": "450", "nfev": "697", "status": "0", "success": "True", "message": "Optimization terminated successfully.", "x": "[ 1.2452662   0.43400744  6.20751556  1.7642771   4.62211224 -2.03134031]", "final_simplex": "(array([[ 1.2452662 ,  0.43400744,  6.20751556,  1.7642771 ,  4.62211224,\n        -2.03134031],\n       [ 1.24526604,  0.43400524,  6.20752263,  1.76427911,  4.6221114 ,\n        -2.03133495],\n       [ 1.24526063,  0.43400515,  6.20751467,  1.76427589,  4.62211054,\n        -2.03134583],\n       [ 1.24526629,  0.43399884,  6.20751565,  1.76428092,  4.62210563,\n        -2.03134668],\n       [ 1.24526854,  0.43400604,  6.20752366,  1.76428192,  4.62211159,\n        -2.03134002],\n       [ 1.24526671,  0.43400834,  6.20751234,  1.7642827 ,  4.62210601,\n        -2.03133856],\n       [ 1.24526568,  0.43400968,  6.20752319,  1.7642739 ,  4.62210871,\n        -2.03134133]]), array([0.23397941, 0.23397941, 0.23397941, 0.23397941, 0.23397941,\n       0.23397941, 0.23397941]))"}, "7": {"maxiter": 500, "fatol": 1e-10, "xatol": 1e-10, "duration": 0.13125300407409668, "fun": "0.233979413971374", "nit": "500", "nfev": "777", "status": "2", "success": "False", "message": "Maximum number of iterations has been exceeded.", "x": "[ 1.24526765  0.43400243  6.20751354  1.76427619  4.62211418 -2.03134096]", "final_simplex": "(array([[ 1.24526765,  0.43400243,  6.20751354,  1.76427619,  4.62211418,\n        -2.03134096],\n       [ 1.2452678 ,  0.43400274,  6.20751388,  1.76427632,  4.62211427,\n        -2.03134026],\n       [ 1.2452677 ,  0.43400325,  6.20751399,  1.76427598,  4.62211433,\n        -2.03134008],\n       [ 1.24526741,  0.43400282,  6.20751383,  1.76427647,  4.62211459,\n        -2.03134047],\n       [ 1.24526744,  0.43400277,  6.20751371,  1.76427662,  4.62211397,\n        -2.0313408 ],\n       [ 1.24526782,  0.43400316,  6.20751365,  1.76427671,  4.62211449,\n        -2.03134062],\n       [ 1.24526829,  0.43400285,  6.2075146 ,  1.76427644,  4.62211437,\n        -2.0313401 ]]), array([0.23397941, 0.23397941, 0.23397941, 0.23397941, 0.23397941,\n       0.23397941, 0.23397941]))"}, "8": {"maxiter": 1000, "fatol": 1e-05, "xatol": 1e-05, "duration": 0.11751723289489746, "fun": "0.23397941397695865", "nit": "450", "nfev": "697", "status": "0", "success": "True", "message": "Optimization terminated successfully.", "x": "[ 1.2452662   0.43400744  6.20751556  1.7642771   4.62211224 -2.03134031]", "final_simplex": "(array([[ 1.2452662 ,  0.43400744,  6.20751556,  1.7642771 ,  4.62211224,\n        -2.03134031],\n       [ 1.24526604,  0.43400524,  6.20752263,  1.76427911,  4.6221114 ,\n        -2.03133495],\n       [ 1.24526063,  0.43400515,  6.20751467,  1.76427589,  4.62211054,\n        -2.03134583],\n       [ 1.24526629,  0.43399884,  6.20751565,  1.76428092,  4.62210563,\n        -2.03134668],\n       [ 1.24526854,  0.43400604,  6.20752366,  1.76428192,  4.62211159,\n        -2.03134002],\n       [ 1.24526671,  0.43400834,  6.20751234,  1.7642827 ,  4.62210601,\n        -2.03133856],\n       [ 1.24526568,  0.43400968,  6.20752319,  1.7642739 ,  4.62210871,\n        -2.03134133]]), array([0.23397941, 0.23397941, 0.23397941, 0.23397941, 0.23397941,\n       0.23397941, 0.23397941]))"}, "9": {"maxiter": 1000, "fatol": 1e-05, "xatol": 1e-10, "duration": 0.16126418113708496, "fun": "0.23397941397134425", "nit": "574", "nfev": "955", "status": "0", "success": "True", "message": "Optimization terminated successfully.", "x": "[ 1.24526782  0.43400286  6.20751389  1.76427615  4.62211426 -2.0313406 ]", "final_simplex": "(array([[ 1.24526782,  0.43400286,  6.20751389,  1.76427615,  4.62211426,\n        -2.0313406 ],\n       [ 1.24526782,  0.43400286,  6.20751389,  1.76427615,  4.62211426,\n        -2.0313406 ],\n       [ 1.24526782,  0.43400286,  6.20751389,  1.76427615,  4.62211426,\n        -2.0313406 ],\n       [ 1.24526782,  0.43400286,  6.20751389,  1.76427615,  4.62211426,\n        -2.0313406 ],\n       [ 1.24526782,  0.43400286,  6.20751389,  1.76427615,  4.62211426,\n        -2.0313406 ],\n       [ 1.24526782,  0.43400286,  6.20751389,  1.76427615,  4.62211426,\n        -2.0313406 ],\n       [ 1.24526782,  0.43400286,  6.20751389,  1.76427615,  4.62211426,\n        -2.0313406 ]]), array([0.23397941, 0.23397941, 0.23397941, 0.23397941, 0.23397941,\n       0.23397941, 0.23397941]))"}, "10": {"maxiter": 1000, "fatol": 1e-10, "xatol": 1e-05, "duration": 0.11880278587341309, "fun": "0.23397941397695865", "nit": "450", "nfev": "697", "status": "0", "success": "True", "message": "Optimization terminated successfully.", "x": "[ 1.2452662   0.43400744  6.20751556  1.7642771   4.62211224 -2.03134031]", "final_simplex": "(array([[ 1.2452662 ,  0.43400744,  6.20751556,  1.7642771 ,  4.62211224,\n        -2.03134031],\n       [ 1.24526604,  0.43400524,  6.20752263,  1.76427911,  4.6221114 ,\n        -2.03133495],\n       [ 1.24526063,  0.43400515,  6.20751467,  1.76427589,  4.62211054,\n        -2.03134583],\n       [ 1.24526629,  0.43399884,  6.20751565,  1.76428092,  4.62210563,\n        -2.03134668],\n       [ 1.24526854,  0.43400604,  6.20752366,  1.76428192,  4.62211159,\n        -2.03134002],\n       [ 1.24526671,  0.43400834,  6.20751234,  1.7642827 ,  4.62210601,\n        -2.03133856],\n       [ 1.24526568,  0.43400968,  6.20752319,  1.7642739 ,  4.62210871,\n        -2.03134133]]), array([0.23397941, 0.23397941, 0.23397941, 0.23397941, 0.23397941,\n       0.23397941, 0.23397941]))"}, "11": {"maxiter": 1000, "fatol": 1e-10, "xatol": 1e-10, "duration": 0.16109585762023926, "fun": "0.23397941397134425", "nit": "574", "nfev": "955", "status": "0", "success": "True", "message": "Optimization terminated successfully.", "x": "[ 1.24526782  0.43400286  6.20751389  1.76427615  4.62211426 -2.0313406 ]", "final_simplex": "(array([[ 1.24526782,  0.43400286,  6.20751389,  1.76427615,  4.62211426,\n        -2.0313406 ],\n       [ 1.24526782,  0.43400286,  6.20751389,  1.76427615,  4.62211426,\n        -2.0313406 ],\n       [ 1.24526782,  0.43400286,  6.20751389,  1.76427615,  4.62211426,\n        -2.0313406 ],\n       [ 1.24526782,  0.43400286,  6.20751389,  1.76427615,  4.62211426,\n        -2.0313406 ],\n       [ 1.24526782,  0.43400286,  6.20751389,  1.76427615,  4.62211426,\n        -2.0313406 ],\n       [ 1.24526782,  0.43400286,  6.20751389,  1.76427615,  4.62211426,\n        -2.0313406 ],\n       [ 1.24526782,  0.43400286,  6.20751389,  1.76427615,  4.62211426,\n        -2.0313406 ]]), array([0.23397941, 0.23397941, 0.23397941, 0.23397941, 0.23397941,\n       0.23397941, 0.23397941]))"}}, "bfgs": {"type": "gradient", "0": {"maxiter": 100, "gtol": 1e-05, "xrtol": 1e-05, "eps": 1e-05, "duration": 0.04245495796203613, "fun": "0.23397941415189016", "jac": "[ 3.23215899e-06  2.06068496e-06  3.29918315e-06 -3.95674604e-06\n -3.82780474e-06 -3.95963262e-06]", "hess_inv": "[[ 3.58260919 -0.78893065 -1.64540012  0.0779168  -0.0899301  -0.51347191]\n [-0.78893065  4.91921371  0.59385753  0.58899786 -0.13191584  2.40376849]\n [-1.64540012  0.59385753  5.7266636   0.74447498  0.27334955  1.84525569]\n [ 0.0779168   0.58899786  0.74447498  3.15991598 -0.48113088  0.48739972]\n [-0.0899301  -0.13191584  0.27334955 -0.48113088  2.91117806  0.40490887]\n [-0.51347191  2.40376849  1.84525569  0.48739972  0.40490887  4.26642417]]", "nfev": "245", "njev": "35", "status": "0", "success": "True", "message": "Optimization terminated successfully.", "x": "[5.03792363 3.57558194 3.06591531 4.51889    1.48050268 1.11022486]", "nit": "24"}, "1": {"maxiter": 100, "gtol": 1e-05, "xrtol": 1e-05, "eps": 1e-10, "duration": 0.04239082336425781, "fun": "0.2339794140654481", "jac": "[-1.11022293e-06 -1.11022293e-06  2.22044587e-06 -7.77156053e-06\n -4.44089173e-06  0.00000000e+00]", "hess_inv": "[[ 3.54667254 -0.76238831 -1.67925188  0.05301912 -0.08736652 -0.5542184 ]\n [-0.76238831  4.90289439  0.5777526   0.5950635  -0.12525124  2.38587163]\n [-1.67925188  0.5777526   5.82404072  0.77708293  0.29028796  1.91194047]\n [ 0.05301912  0.5950635   0.77708293  3.1457556  -0.42353713  0.47101378]\n [-0.08736652 -0.12525124  0.29028796 -0.42353713  2.89560052  0.44332874]\n [-0.5542184   2.38587163  1.91194047  0.47101378  0.44332874  4.30941719]]", "nfev": "245", "njev": "35", "status": "0", "success": "True", "message": "Optimization terminated successfully.", "x": "[5.03791501 3.57559305 3.06593221 4.51889119 1.48051176 1.11024827]", "nit": "24"}, "2": {"maxiter": 100, "gtol": 1e-05, "xrtol": 1e-10, "eps": 1e-05, "duration": 0.04223823547363281, "fun": "0.23397941415189016", "jac": "[ 3.23215899e-06  2.06068496e-06  3.29918315e-06 -3.95674604e-06\n -3.82780474e-06 -3.95963262e-06]", "hess_inv": "[[ 3.58260919 -0.78893065 -1.64540012  0.0779168  -0.0899301  -0.51347191]\n [-0.78893065  4.91921371  0.59385753  0.58899786 -0.13191584  2.40376849]\n [-1.64540012  0.59385753  5.7266636   0.74447498  0.27334955  1.84525569]\n [ 0.0779168   0.58899786  0.74447498  3.15991598 -0.48113088  0.48739972]\n [-0.0899301  -0.13191584  0.27334955 -0.48113088  2.91117806  0.40490887]\n [-0.51347191  2.40376849  1.84525569  0.48739972  0.40490887  4.26642417]]", "nfev": "245", "njev": "35", "status": "0", "success": "True", "message": "Optimization terminated successfully.", "x": "[5.03792363 3.57558194 3.06591531 4.51889    1.48050268 1.11022486]", "nit": "24"}, "3": {"maxiter": 100, "gtol": 1e-05, "xrtol": 1e-10, "eps": 1e-10, "duration": 0.042426109313964844, "fun": "0.2339794140654481", "jac": "[-1.11022293e-06 -1.11022293e-06  2.22044587e-06 -7.77156053e-06\n -4.44089173e-06  0.00000000e+00]", "hess_inv": "[[ 3.54667254 -0.76238831 -1.67925188  0.05301912 -0.08736652 -0.5542184 ]\n [-0.76238831  4.90289439  0.5777526   0.5950635  -0.12525124  2.38587163]\n [-1.67925188  0.5777526   5.82404072  0.77708293  0.29028796  1.91194047]\n [ 0.05301912  0.5950635   0.77708293  3.1457556  -0.42353713  0.47101378]\n [-0.08736652 -0.12525124  0.29028796 -0.42353713  2.89560052  0.44332874]\n [-0.5542184   2.38587163  1.91194047  0.47101378  0.44332874  4.30941719]]", "nfev": "245", "njev": "35", "status": "0", "success": "True", "message": "Optimization terminated successfully.", "x": "[5.03791501 3.57559305 3.06593221 4.51889119 1.48051176 1.11024827]", "nit": "24"}, "4": {"maxiter": 100, "gtol": 1e-10, "xrtol": 1e-05, "eps": 1e-05, "duration": 0.04369616508483887, "fun": "0.23397941401535327", "jac": "[ 1.66966441e-07 -1.48459023e-07  2.45481413e-07 -3.38440387e-07\n -3.57380792e-07  9.31921207e-08]", "hess_inv": "[[ 3.60191169 -0.76329579 -1.67409795  0.04444803 -0.13965404 -0.60787558]\n [-0.76329579  4.87951218  0.64870034  0.56386535 -0.15265121  2.42694313]\n [-1.67409795  0.64870034  5.65216203  0.76988704  0.29017542  1.79836799]\n [ 0.04444803  0.56386535  0.76988704  3.2128884  -0.4067796   0.61217844]\n [-0.13965404 -0.15265121  0.29017542 -0.4067796   3.01144115  0.55684554]\n [-0.60787558  2.42694313  1.79836799  0.61217844  0.55684554  4.42890501]]", "nfev": "252", "njev": "36", "status": "0", "success": "True", "message": "Optimization terminated successfully.", "x": "[5.03791632 3.57558346 3.06591201 4.51889973 1.48051461 1.11023798]", "nit": "25"}, "5": {"maxiter": 100, "gtol": 1e-10, "xrtol": 1e-05, "eps": 1e-10, "duration": 0.043479204177856445, "fun": "0.23397941398190159", "jac": "[ 0.00000000e+00  0.00000000e+00 -1.11022293e-06 -1.11022293e-06\n -2.22044587e-06  0.00000000e+00]", "hess_inv": "[[ 3.49670917 -0.82241445 -1.60356728 -0.00593987 -0.08026614 -0.47117821]\n [-0.82241445  4.83154256  0.66546086  0.51196863 -0.12550415  2.47218588]\n [-1.60356728  0.66546086  5.72296435  0.91807898  0.31655631  1.84284839]\n [-0.00593987  0.51196863  0.91807898  3.273025   -0.27415108  0.78493877]\n [-0.08026614 -0.12550415  0.31655631 -0.27415108  2.99560087  0.5862102 ]\n [-0.47117821  2.47218588  1.84284839  0.78493877  0.5862102   4.40827818]]", "nfev": "252", "njev": "36", "status": "0", "success": "True", "message": "Optimization terminated successfully.", "x": "[5.03792114 3.57559945 3.065927   4.51891393 1.480522   1.1102551 ]", "nit": "25"}, "6": {"maxiter": 100, "gtol": 1e-10, "xrtol": 1e-10, "eps": 1e-05, "duration": 0.04704570770263672, "fun": "0.23397941401214417", "jac": "[-5.55111512e-11  2.22044605e-11 -3.33066907e-11 -4.44089210e-11\n  4.44089210e-11  1.11022302e-11]", "hess_inv": "[[ 3.66272385 -0.73506669 -1.67421745  0.09886019 -0.09712043 -0.63804621]\n [-0.73506669  4.91432012  0.63370206  0.64870128 -0.06865033  2.44214425]\n [-1.67421745  0.63370206  5.65002403  0.70406109  0.21238522  1.7490915 ]\n [ 0.09886019  0.64870128  0.70406109  3.35366269 -0.27823234  0.58424413]\n [-0.09712043 -0.06865033  0.21238522 -0.27823234  3.124508    0.52355272]\n [-0.63804621  2.44214425  1.7490915   0.58424413  0.52355272  4.39073853]]", "nfev": "273", "njev": "39", "status": "0", "success": "True", "message": "Optimization terminated successfully.", "x": "[5.03791604 3.57558414 3.06591111 4.51890062 1.48051553 1.110238  ]", "nit": "28"}, "7": {"maxiter": 100, "gtol": 1e-10, "xrtol": 1e-10, "eps": 1e-10, "duration": 0.05416226387023926, "fun": "0.23397941398190125", "jac": "[1.11022293e-06 1.11022293e-06 1.11022293e-06 2.22044587e-06\n 0.00000000e+00 1.11022293e-06]", "hess_inv": "[[ 3.36717904e+00 -8.65779638e-01 -1.30246257e+00 -1.48636816e-01\n   9.09706156e-04 -4.24482007e-01]\n [-8.65779638e-01  4.88212096e+00  9.01667896e-01  7.03871135e-01\n   1.12702892e-01  2.62332977e+00]\n [-1.30246257e+00  9.01667896e-01  5.30465186e+00  1.74831617e+00\n   5.66798101e-01  2.01616036e+00]\n [-1.48636816e-01  7.03871135e-01  1.74831617e+00  3.99827317e+00\n   5.92258335e-01  1.33531120e+00]\n [ 9.09706156e-04  1.12702892e-01  5.66798101e-01  5.92258335e-01\n   3.62884737e+00  9.96244599e-01]\n [-4.24482007e-01  2.62332977e+00  2.01616036e+00  1.33531120e+00\n   9.96244599e-01  4.67353427e+00]]", "nfev": "315", "njev": "45", "status": "0", "success": "True", "message": "Optimization terminated successfully.", "x": "[5.03792114 3.57559945 3.065927   4.51891393 1.480522   1.1102551 ]", "nit": "26"}, "8": {"maxiter": 500, "gtol": 1e-05, "xrtol": 1e-05, "eps": 1e-05, "duration": 0.04216504096984863, "fun": "0.23397941415189016", "jac": "[ 3.23215899e-06  2.06068496e-06  3.29918315e-06 -3.95674604e-06\n -3.82780474e-06 -3.95963262e-06]", "hess_inv": "[[ 3.58260919 -0.78893065 -1.64540012  0.0779168  -0.0899301  -0.51347191]\n [-0.78893065  4.91921371  0.59385753  0.58899786 -0.13191584  2.40376849]\n [-1.64540012  0.59385753  5.7266636   0.74447498  0.27334955  1.84525569]\n [ 0.0779168   0.58899786  0.74447498  3.15991598 -0.48113088  0.48739972]\n [-0.0899301  -0.13191584  0.27334955 -0.48113088  2.91117806  0.40490887]\n [-0.51347191  2.40376849  1.84525569  0.48739972  0.40490887  4.26642417]]", "nfev": "245", "njev": "35", "status": "0", "success": "True", "message": "Optimization terminated successfully.", "x": "[5.03792363 3.57558194 3.06591531 4.51889    1.48050268 1.11022486]", "nit": "24"}, "9": {"maxiter": 500, "gtol": 1e-05, "xrtol": 1e-05, "eps": 1e-10, "duration": 0.04221296310424805, "fun": "0.2339794140654481", "jac": "[-1.11022293e-06 -1.11022293e-06  2.22044587e-06 -7.77156053e-06\n -4.44089173e-06  0.00000000e+00]", "hess_inv": "[[ 3.54667254 -0.76238831 -1.67925188  0.05301912 -0.08736652 -0.5542184 ]\n [-0.76238831  4.90289439  0.5777526   0.5950635  -0.12525124  2.38587163]\n [-1.67925188  0.5777526   5.82404072  0.77708293  0.29028796  1.91194047]\n [ 0.05301912  0.5950635   0.77708293  3.1457556  -0.42353713  0.47101378]\n [-0.08736652 -0.12525124  0.29028796 -0.42353713  2.89560052  0.44332874]\n [-0.5542184   2.38587163  1.91194047  0.47101378  0.44332874  4.30941719]]", "nfev": "245", "njev": "35", "status": "0", "success": "True", "message": "Optimization terminated successfully.", "x": "[5.03791501 3.57559305 3.06593221 4.51889119 1.48051176 1.11024827]", "nit": "24"}, "10": {"maxiter": 500, "gtol": 1e-05, "xrtol": 1e-10, "eps": 1e-05, "duration": 0.04214024543762207, "fun": "0.23397941415189016", "jac": "[ 3.23215899e-06  2.06068496e-06  3.29918315e-06 -3.95674604e-06\n -3.82780474e-06 -3.95963262e-06]", "hess_inv": "[[ 3.58260919 -0.78893065 -1.64540012  0.0779168  -0.0899301  -0.51347191]\n [-0.78893065  4.91921371  0.59385753  0.58899786 -0.13191584  2.40376849]\n [-1.64540012  0.59385753  5.7266636   0.74447498  0.27334955  1.84525569]\n [ 0.0779168   0.58899786  0.74447498  3.15991598 -0.48113088  0.48739972]\n [-0.0899301  -0.13191584  0.27334955 -0.48113088  2.91117806  0.40490887]\n [-0.51347191  2.40376849  1.84525569  0.48739972  0.40490887  4.26642417]]", "nfev": "245", "njev": "35", "status": "0", "success": "True", "message": "Optimization terminated successfully.", "x": "[5.03792363 3.57558194 3.06591531 4.51889    1.48050268 1.11022486]", "nit": "24"}, "11": {"maxiter": 500, "gtol": 1e-05, "xrtol": 1e-10, "eps": 1e-10, "duration": 0.04191994667053223, "fun": "0.2339794140654481", "jac": "[-1.11022293e-06 -1.11022293e-06  2.22044587e-06 -7.77156053e-06\n -4.44089173e-06  0.00000000e+00]", "hess_inv": "[[ 3.54667254 -0.76238831 -1.67925188  0.05301912 -0.08736652 -0.5542184 ]\n [-0.76238831  4.90289439  0.5777526   0.5950635  -0.12525124  2.38587163]\n [-1.67925188  0.5777526   5.82404072  0.77708293  0.29028796  1.91194047]\n [ 0.05301912  0.5950635   0.77708293  3.1457556  -0.42353713  0.47101378]\n [-0.08736652 -0.12525124  0.29028796 -0.42353713  2.89560052  0.44332874]\n [-0.5542184   2.38587163  1.91194047  0.47101378  0.44332874  4.30941719]]", "nfev": "245", "njev": "35", "status": "0", "success": "True", "message": "Optimization terminated successfully.", "x": "[5.03791501 3.57559305 3.06593221 4.51889119 1.48051176 1.11024827]", "nit": "24"}, "12": {"maxiter": 500, "gtol": 1e-10, "xrtol": 1e-05, "eps": 1e-05, "duration": 0.04311513900756836, "fun": "0.23397941401535327", "jac": "[ 1.66966441e-07 -1.48459023e-07  2.45481413e-07 -3.38440387e-07\n -3.57380792e-07  9.31921207e-08]", "hess_inv": "[[ 3.60191169 -0.76329579 -1.67409795  0.04444803 -0.13965404 -0.60787558]\n [-0.76329579  4.87951218  0.64870034  0.56386535 -0.15265121  2.42694313]\n [-1.67409795  0.64870034  5.65216203  0.76988704  0.29017542  1.79836799]\n [ 0.04444803  0.56386535  0.76988704  3.2128884  -0.4067796   0.61217844]\n [-0.13965404 -0.15265121  0.29017542 -0.4067796   3.01144115  0.55684554]\n [-0.60787558  2.42694313  1.79836799  0.61217844  0.55684554  4.42890501]]", "nfev": "252", "njev": "36", "status": "0", "success": "True", "message": "Optimization terminated successfully.", "x": "[5.03791632 3.57558346 3.06591201 4.51889973 1.48051461 1.11023798]", "nit": "25"}, "13": {"maxiter": 500, "gtol": 1e-10, "xrtol": 1e-05, "eps": 1e-10, "duration": 0.042958974838256836, "fun": "0.23397941398190159", "jac": "[ 0.00000000e+00  0.00000000e+00 -1.11022293e-06 -1.11022293e-06\n -2.22044587e-06  0.00000000e+00]", "hess_inv": "[[ 3.49670917 -0.82241445 -1.60356728 -0.00593987 -0.08026614 -0.47117821]\n [-0.82241445  4.83154256  0.66546086  0.51196863 -0.12550415  2.47218588]\n [-1.60356728  0.66546086  5.72296435  0.91807898  0.31655631  1.84284839]\n [-0.00593987  0.51196863  0.91807898  3.273025   -0.27415108  0.78493877]\n [-0.08026614 -0.12550415  0.31655631 -0.27415108  2.99560087  0.5862102 ]\n [-0.47117821  2.47218588  1.84284839  0.78493877  0.5862102   4.40827818]]", "nfev": "252", "njev": "36", "status": "0", "success": "True", "message": "Optimization terminated successfully.", "x": "[5.03792114 3.57559945 3.065927   4.51891393 1.480522   1.1102551 ]", "nit": "25"}, "14": {"maxiter": 500, "gtol": 1e-10, "xrtol": 1e-10, "eps": 1e-05, "duration": 0.04662299156188965, "fun": "0.23397941401214417", "jac": "[-5.55111512e-11  2.22044605e-11 -3.33066907e-11 -4.44089210e-11\n  4.44089210e-11  1.11022302e-11]", "hess_inv": "[[ 3.66272385 -0.73506669 -1.67421745  0.09886019 -0.09712043 -0.63804621]\n [-0.73506669  4.91432012  0.63370206  0.64870128 -0.06865033  2.44214425]\n [-1.67421745  0.63370206  5.65002403  0.70406109  0.21238522  1.7490915 ]\n [ 0.09886019  0.64870128  0.70406109  3.35366269 -0.27823234  0.58424413]\n [-0.09712043 -0.06865033  0.21238522 -0.27823234  3.124508    0.52355272]\n [-0.63804621  2.44214425  1.7490915   0.58424413  0.52355272  4.39073853]]", "nfev": "273", "njev": "39", "status": "0", "success": "True", "message": "Optimization terminated successfully.", "x": "[5.03791604 3.57558414 3.06591111 4.51890062 1.48051553 1.110238  ]", "nit": "28"}, "15": {"maxiter": 500, "gtol": 1e-10, "xrtol": 1e-10, "eps": 1e-10, "duration": 0.053572893142700195, "fun": "0.23397941398190125", "jac": "[1.11022293e-06 1.11022293e-06 1.11022293e-06 2.22044587e-06\n 0.00000000e+00 1.11022293e-06]", "hess_inv": "[[ 3.36717904e+00 -8.65779638e-01 -1.30246257e+00 -1.48636816e-01\n   9.09706156e-04 -4.24482007e-01]\n [-8.65779638e-01  4.88212096e+00  9.01667896e-01  7.03871135e-01\n   1.12702892e-01  2.62332977e+00]\n [-1.30246257e+00  9.01667896e-01  5.30465186e+00  1.74831617e+00\n   5.66798101e-01  2.01616036e+00]\n [-1.48636816e-01  7.03871135e-01  1.74831617e+00  3.99827317e+00\n   5.92258335e-01  1.33531120e+00]\n [ 9.09706156e-04  1.12702892e-01  5.66798101e-01  5.92258335e-01\n   3.62884737e+00  9.96244599e-01]\n [-4.24482007e-01  2.62332977e+00  2.01616036e+00  1.33531120e+00\n   9.96244599e-01  4.67353427e+00]]", "nfev": "315", "njev": "45", "status": "0", "success": "True", "message": "Optimization terminated successfully.", "x": "[5.03792114 3.57559945 3.065927   4.51891393 1.480522   1.1102551 ]", "nit": "26"}, "16": {"maxiter": 1000, "gtol": 1e-05, "xrtol": 1e-05, "eps": 1e-05, "duration": 0.041697025299072266, "fun": "0.23397941415189016", "jac": "[ 3.23215899e-06  2.06068496e-06  3.29918315e-06 -3.95674604e-06\n -3.82780474e-06 -3.95963262e-06]", "hess_inv": "[[ 3.58260919 -0.78893065 -1.64540012  0.0779168  -0.0899301  -0.51347191]\n [-0.78893065  4.91921371  0.59385753  0.58899786 -0.13191584  2.40376849]\n [-1.64540012  0.59385753  5.7266636   0.74447498  0.27334955  1.84525569]\n [ 0.0779168   0.58899786  0.74447498  3.15991598 -0.48113088  0.48739972]\n [-0.0899301  -0.13191584  0.27334955 -0.48113088  2.91117806  0.40490887]\n [-0.51347191  2.40376849  1.84525569  0.48739972  0.40490887  4.26642417]]", "nfev": "245", "njev": "35", "status": "0", "success": "True", "message": "Optimization terminated successfully.", "x": "[5.03792363 3.57558194 3.06591531 4.51889    1.48050268 1.11022486]", "nit": "24"}, "17": {"maxiter": 1000, "gtol": 1e-05, "xrtol": 1e-05, "eps": 1e-10, "duration": 0.04169178009033203, "fun": "0.2339794140654481", "jac": "[-1.11022293e-06 -1.11022293e-06  2.22044587e-06 -7.77156053e-06\n -4.44089173e-06  0.00000000e+00]", "hess_inv": "[[ 3.54667254 -0.76238831 -1.67925188  0.05301912 -0.08736652 -0.5542184 ]\n [-0.76238831  4.90289439  0.5777526   0.5950635  -0.12525124  2.38587163]\n [-1.67925188  0.5777526   5.82404072  0.77708293  0.29028796  1.91194047]\n [ 0.05301912  0.5950635   0.77708293  3.1457556  -0.42353713  0.47101378]\n [-0.08736652 -0.12525124  0.29028796 -0.42353713  2.89560052  0.44332874]\n [-0.5542184   2.38587163  1.91194047  0.47101378  0.44332874  4.30941719]]", "nfev": "245", "njev": "35", "status": "0", "success": "True", "message": "Optimization terminated successfully.", "x": "[5.03791501 3.57559305 3.06593221 4.51889119 1.48051176 1.11024827]", "nit": "24"}, "18": {"maxiter": 1000, "gtol": 1e-05, "xrtol": 1e-10, "eps": 1e-05, "duration": 0.04174089431762695, "fun": "0.23397941415189016", "jac": "[ 3.23215899e-06  2.06068496e-06  3.29918315e-06 -3.95674604e-06\n -3.82780474e-06 -3.95963262e-06]", "hess_inv": "[[ 3.58260919 -0.78893065 -1.64540012  0.0779168  -0.0899301  -0.51347191]\n [-0.78893065  4.91921371  0.59385753  0.58899786 -0.13191584  2.40376849]\n [-1.64540012  0.59385753  5.7266636   0.74447498  0.27334955  1.84525569]\n [ 0.0779168   0.58899786  0.74447498  3.15991598 -0.48113088  0.48739972]\n [-0.0899301  -0.13191584  0.27334955 -0.48113088  2.91117806  0.40490887]\n [-0.51347191  2.40376849  1.84525569  0.48739972  0.40490887  4.26642417]]", "nfev": "245", "njev": "35", "status": "0", "success": "True", "message": "Optimization terminated successfully.", "x": "[5.03792363 3.57558194 3.06591531 4.51889    1.48050268 1.11022486]", "nit": "24"}, "19": {"maxiter": 1000, "gtol": 1e-05, "xrtol": 1e-10, "eps": 1e-10, "duration": 0.041834115982055664, "fun": "0.2339794140654481", "jac": "[-1.11022293e-06 -1.11022293e-06  2.22044587e-06 -7.77156053e-06\n -4.44089173e-06  0.00000000e+00]", "hess_inv": "[[ 3.54667254 -0.76238831 -1.67925188  0.05301912 -0.08736652 -0.5542184 ]\n [-0.76238831  4.90289439  0.5777526   0.5950635  -0.12525124  2.38587163]\n [-1.67925188  0.5777526   5.82404072  0.77708293  0.29028796  1.91194047]\n [ 0.05301912  0.5950635   0.77708293  3.1457556  -0.42353713  0.47101378]\n [-0.08736652 -0.12525124  0.29028796 -0.42353713  2.89560052  0.44332874]\n [-0.5542184   2.38587163  1.91194047  0.47101378  0.44332874  4.30941719]]", "nfev": "245", "njev": "35", "status": "0", "success": "True", "message": "Optimization terminated successfully.", "x": "[5.03791501 3.57559305 3.06593221 4.51889119 1.48051176 1.11024827]", "nit": "24"}, "20": {"maxiter": 1000, "gtol": 1e-10, "xrtol": 1e-05, "eps": 1e-05, "duration": 0.0429990291595459, "fun": "0.23397941401535327", "jac": "[ 1.66966441e-07 -1.48459023e-07  2.45481413e-07 -3.38440387e-07\n -3.57380792e-07  9.31921207e-08]", "hess_inv": "[[ 3.60191169 -0.76329579 -1.67409795  0.04444803 -0.13965404 -0.60787558]\n [-0.76329579  4.87951218  0.64870034  0.56386535 -0.15265121  2.42694313]\n [-1.67409795  0.64870034  5.65216203  0.76988704  0.29017542  1.79836799]\n [ 0.04444803  0.56386535  0.76988704  3.2128884  -0.4067796   0.61217844]\n [-0.13965404 -0.15265121  0.29017542 -0.4067796   3.01144115  0.55684554]\n [-0.60787558  2.42694313  1.79836799  0.61217844  0.55684554  4.42890501]]", "nfev": "252", "njev": "36", "status": "0", "success": "True", "message": "Optimization terminated successfully.", "x": "[5.03791632 3.57558346 3.06591201 4.51889973 1.48051461 1.11023798]", "nit": "25"}, "21": {"maxiter": 1000, "gtol": 1e-10, "xrtol": 1e-05, "eps": 1e-10, "duration": 0.04350996017456055, "fun": "0.23397941398190159", "jac": "[ 0.00000000e+00  0.00000000e+00 -1.11022293e-06 -1.11022293e-06\n -2.22044587e-06  0.00000000e+00]", "hess_inv": "[[ 3.49670917 -0.82241445 -1.60356728 -0.00593987 -0.08026614 -0.47117821]\n [-0.82241445  4.83154256  0.66546086  0.51196863 -0.12550415  2.47218588]\n [-1.60356728  0.66546086  5.72296435  0.91807898  0.31655631  1.84284839]\n [-0.00593987  0.51196863  0.91807898  3.273025   -0.27415108  0.78493877]\n [-0.08026614 -0.12550415  0.31655631 -0.27415108  2.99560087  0.5862102 ]\n [-0.47117821  2.47218588  1.84284839  0.78493877  0.5862102   4.40827818]]", "nfev": "252", "njev": "36", "status": "0", "success": "True", "message": "Optimization terminated successfully.", "x": "[5.03792114 3.57559945 3.065927   4.51891393 1.480522   1.1102551 ]", "nit": "25"}, "22": {"maxiter": 1000, "gtol": 1e-10, "xrtol": 1e-10, "eps": 1e-05, "duration": 0.04752612113952637, "fun": "0.23397941401214417", "jac": "[-5.55111512e-11  2.22044605e-11 -3.33066907e-11 -4.44089210e-11\n  4.44089210e-11  1.11022302e-11]", "hess_inv": "[[ 3.66272385 -0.73506669 -1.67421745  0.09886019 -0.09712043 -0.63804621]\n [-0.73506669  4.91432012  0.63370206  0.64870128 -0.06865033  2.44214425]\n [-1.67421745  0.63370206  5.65002403  0.70406109  0.21238522  1.7490915 ]\n [ 0.09886019  0.64870128  0.70406109  3.35366269 -0.27823234  0.58424413]\n [-0.09712043 -0.06865033  0.21238522 -0.27823234  3.124508    0.52355272]\n [-0.63804621  2.44214425  1.7490915   0.58424413  0.52355272  4.39073853]]", "nfev": "273", "njev": "39", "status": "0", "success": "True", "message": "Optimization terminated successfully.", "x": "[5.03791604 3.57558414 3.06591111 4.51890062 1.48051553 1.110238  ]", "nit": "28"}, "23": {"maxiter": 1000, "gtol": 1e-10, "xrtol": 1e-10, "eps": 1e-10, "duration": 0.054527997970581055, "fun": "0.23397941398190125", "jac": "[1.11022293e-06 1.11022293e-06 1.11022293e-06 2.22044587e-06\n 0.00000000e+00 1.11022293e-06]", "hess_inv": "[[ 3.36717904e+00 -8.65779638e-01 -1.30246257e+00 -1.48636816e-01\n   9.09706156e-04 -4.24482007e-01]\n [-8.65779638e-01  4.88212096e+00  9.01667896e-01  7.03871135e-01\n   1.12702892e-01  2.62332977e+00]\n [-1.30246257e+00  9.01667896e-01  5.30465186e+00  1.74831617e+00\n   5.66798101e-01  2.01616036e+00]\n [-1.48636816e-01  7.03871135e-01  1.74831617e+00  3.99827317e+00\n   5.92258335e-01  1.33531120e+00]\n [ 9.09706156e-04  1.12702892e-01  5.66798101e-01  5.92258335e-01\n   3.62884737e+00  9.96244599e-01]\n [-4.24482007e-01  2.62332977e+00  2.01616036e+00  1.33531120e+00\n   9.96244599e-01  4.67353427e+00]]", "nfev": "315", "njev": "45", "status": "0", "success": "True", "message": "Optimization terminated successfully.", "x": "[5.03792114 3.57559945 3.065927   4.51891393 1.480522   1.1102551 ]", "nit": "26"}}, "cobyla": {"0": {"maxiter": 100, "tol": 1e-05, "catol": 1e-05, "duration": 0.016726016998291016, "x": "[ 5.03745209  3.57592718  3.06633436 -1.76454794  7.76378179  1.11081699]", "status": "2", "success": "False", "message": "Maximum number of function evaluations has been exceeded.", "nfev": "100", "fun": "0.23397949127192574", "maxcv": "0.0"}, "1": {"maxiter": 100, "tol": 1e-05, "catol": 1e-10, "duration": 0.016654014587402344, "x": "[ 5.03745209  3.57592718  3.06633436 -1.76454794  7.76378179  1.11081699]", "status": "2", "success": "False", "message": "Maximum number of function evaluations has been exceeded.", "nfev": "100", "fun": "0.23397949127192574", "maxcv": "0.0"}, "2": {"maxiter": 100, "tol": 1e-10, "catol": 1e-05, "duration": 0.016623973846435547, "x": "[ 5.03745209  3.57592718  3.06633436 -1.76454794  7.76378179  1.11081699]", "status": "2", "success": "False", "message": "Maximum number of function evaluations has been exceeded.", "nfev": "100", "fun": "0.23397949127192574", "maxcv": "0.0"}, "3": {"maxiter": 100, "tol": 1e-10, "catol": 1e-10, "duration": 0.016603946685791016, "x": "[ 5.03745209  3.57592718  3.06633436 -1.76454794  7.76378179  1.11081699]", "status": "2", "success": "False", "message": "Maximum number of function evaluations has been exceeded.", "nfev": "100", "fun": "0.23397949127192574", "maxcv": "0.0"}, "4": {"maxiter": 500, "tol": 1e-05, "catol": 1e-05, "duration": 0.027296066284179688, "x": "[ 5.03791955  3.57559252  3.06592429 -1.76427907  7.76369733  1.11025232]", "status": "1", "success": "True", "message": "Optimization terminated successfully.", "nfev": "163", "fun": "0.23397941399379896", "maxcv": "0.0"}, "5": {"maxiter": 500, "tol": 1e-05, "catol": 1e-10, "duration": 0.027135133743286133, "x": "[ 5.03791955  3.57559252  3.06592429 -1.764279