{"date": "2024/07/19/, 00:51:15", "conf_id": 129, "data_type": "orthogonal\n", "num_data_points": 3, "s_rank": 0, "unitary": "[[-0.24866696+0.58742286j,-0.44704345-0.43151574j,-0.35669027-0.20570733j,-0.10517633+0.1626036j],[0.10596805-0.19687975j,-0.30269685-0.15056416j,0.18246286+0.30440582j,-0.83484447-0.11310748j],[0.26054512-0.52548482j,0.0285017-0.50723956j,-0.43110112+0.17165838j,0.15243271+0.39915801j],[0.42978035+0.11991271j,-0.17224126-0.46030424j,0.6827807-0.15164662j,0.26483638+0.0061855j]]", "databatch_0": {"databatch": "[[[-0.30368034-0.06622122j,0.00815294+0.31244664j,-0.0789263-0.20423882j,0.16885151-0.04556484j],[-0.10504774-0.26921997j,-0.16688628+0.00993209j,0.14318203-0.07827182j,0.00363908+0.20404359j],[-0.14071016-0.12544226j,-0.21964976+0.37368689j,0.00081353-0.2599046j,0.28843099-0.08562674j],[-0.16005766+0.24086302j,0.2382708-0.06639277j,-0.13249479+0.05381063j,-0.01973856-0.01679698j]],[[0.05149487+0.0602622j,-0.0851643+0.3555435j,-0.10738543-0.16158858j,0.22979366-0.2983095j],[0.04550669+0.32538377j,0.2912445-0.1792748j,-0.14771653+0.17059588j,-0.1171223-0.09946665j],[-0.24671284+0.08812092j,0.21988962-0.05093684j,-0.08423119+0.02431087j,-0.06617356+0.07747301j],[-0.39996169+0.10101573j,0.04420351+0.04831876j,-0.04404496-0.11937579j,0.1669742+0.1580988j]],[[-0.29575857-0.06127948j,0.01871612+0.25732738j,-0.06588924-0.17636356j,0.13924036-0.01232513j],[-0.18846281-0.29481522j,-0.08534398-0.02003803j,0.13149712-0.05986919j,-0.06337307+0.25428586j],[-0.02757767-0.05561781j,-0.24648005+0.35470646j,-0.00628396-0.23346569j,0.31064348-0.15025426j],[-0.23888927+0.25716845j,0.21473155-0.12126413j,-0.10491469+0.0453246j,0.01105475+0.07937117j]]]", "initial param values": "[1.80688497,0.16317863,4.35915033,0.56457044,2.62329559,3.50537029]", "nelder_mead": {"type": "gradient-free", "0": {"maxiter": 100, "fatol": 1e-05, "xatol": 1e-05, "duration": 0.026556015014648438, "fun": "0.4098531331511125", "nit": "100", "nfev": "158", "status": "2", "success": "False", "message": "Maximum number of iterations has been exceeded.", "x": "[1.08661    0.03283199 4.34577364 1.86872516 2.89823362 5.39630126]", "final_simplex": "(array([[1.08661   , 0.03283199, 4.34577364, 1.86872516, 2.89823362,\n        5.39630126],\n       [1.15788531, 0.00789695, 4.28293233, 2.0549011 , 2.8322496 ,\n        5.48386262],\n       [1.06066518, 0.03584826, 4.30572659, 1.8411588 , 3.02515658,\n        5.34549472],\n       [1.12596819, 0.00684024, 4.31747996, 2.06448739, 2.99432957,\n        5.32174991],\n       [1.14598323, 0.022412  , 4.20514741, 2.02805505, 3.01888768,\n        5.23228247],\n       [1.02204602, 0.0257915 , 4.51785458, 1.94406744, 2.93884851,\n        5.44784081],\n       [1.1716913 , 0.01027778, 4.4469551 , 2.02623879, 2.87503573,\n        5.30613386]]), array([0.40985313, 0.41027571, 0.41094969, 0.41171487, 0.41407726,\n       0.41489685, 0.41626001]))"}, "1": {"maxiter": 100, "fatol": 1e-05, "xatol": 1e-10, "duration": 0.026411056518554688, "fun": "0.4098531331511125", "nit": "100", "nfev": "158", "status": "2", "success": "False", "message": "Maximum number of iterations has been exceeded.", "x": "[1.08661    0.03283199 4.34577364 1.86872516 2.89823362 5.39630126]", "final_simplex": "(array([[1.08661   , 0.03283199, 4.34577364, 1.86872516, 2.89823362,\n        5.39630126],\n       [1.15788531, 0.00789695, 4.28293233, 2.0549011 , 2.8322496 ,\n        5.48386262],\n       [1.06066518, 0.03584826, 4.30572659, 1.8411588 , 3.02515658,\n        5.34549472],\n       [1.12596819, 0.00684024, 4.31747996, 2.06448739, 2.99432957,\n        5.32174991],\n       [1.14598323, 0.022412  , 4.20514741, 2.02805505, 3.01888768,\n        5.23228247],\n       [1.02204602, 0.0257915 , 4.51785458, 1.94406744, 2.93884851,\n        5.44784081],\n       [1.1716913 , 0.01027778, 4.4469551 , 2.02623879, 2.87503573,\n        5.30613386]]), array([0.40985313, 0.41027571, 0.41094969, 0.41171487, 0.41407726,\n       0.41489685, 0.41626001]))"}, "2": {"maxiter": 100, "fatol": 1e-10, "xatol": 1e-05, "duration": 0.02638387680053711, "fun": "0.4098531331511125", "nit": "100", "nfev": "158", "status": "2", "success": "False", "message": "Maximum number of iterations has been exceeded.", "x": "[1.08661    0.03283199 4.34577364 1.86872516 2.89823362 5.39630126]", "final_simplex": "(array([[1.08661   , 0.03283199, 4.34577364, 1.86872516, 2.89823362,\n        5.39630126],\n       [1.15788531, 0.00789695, 4.28293233, 2.0549011 , 2.8322496 ,\n        5.48386262],\n       [1.06066518, 0.03584826, 4.30572659, 1.8411588 , 3.02515658,\n        5.34549472],\n       [1.12596819, 0.00684024, 4.31747996, 2.06448739, 2.99432957,\n        5.32174991],\n       [1.14598323, 0.022412  , 4.20514741, 2.02805505, 3.01888768,\n        5.23228247],\n       [1.02204602, 0.0257915 , 4.51785458, 1.94406744, 2.93884851,\n        5.44784081],\n       [1.1716913 , 0.01027778, 4.4469551 , 2.02623879, 2.87503573,\n        5.30613386]]), array([0.40985313, 0.41027571, 0.41094969, 0.41171487, 0.41407726,\n       0.41489685, 0.41626001]))"}, "3": {"maxiter": 100, "fatol": 1e-10, "xatol": 1e-10, "duration": 0.026411056518554688, "fun": "0.4098531331511125", "nit": "100", "nfev": "158", "status": "2", "success": "False", "message": "Maximum number of iterations has been exceeded.", "x": "[1.08661    0.03283199 4.34577364 1.86872516 2.89823362 5.39630126]", "final_simplex": "(array([[1.08661   , 0.03283199, 4.34577364, 1.86872516, 2.89823362,\n        5.39630126],\n       [1.15788531, 0.00789695, 4.28293233, 2.0549011 , 2.8322496 ,\n        5.48386262],\n       [1.06066518, 0.03584826, 4.30572659, 1.8411588 , 3.02515658,\n        5.34549472],\n       [1.12596819, 0.00684024, 4.31747996, 2.06448739, 2.99432957,\n        5.32174991],\n       [1.14598323, 0.022412  , 4.20514741, 2.02805505, 3.01888768,\n        5.23228247],\n       [1.02204602, 0.0257915 , 4.51785458, 1.94406744, 2.93884851,\n        5.44784081],\n       [1.1716913 , 0.01027778, 4.4469551 , 2.02623879, 2.87503573,\n        5.30613386]]), array([0.40985313, 0.41027571, 0.41094969, 0.41171487, 0.41407726,\n       0.41489685, 0.41626001]))"}, "4": {"maxiter": 500, "fatol": 1e-05, "xatol": 1e-05, "duration": 0.11861586570739746, "fun": "0.4075929657476264", "nit": "433", "nfev": "699", "status": "0", "success": "True", "message": "Optimization terminated successfully.", "x": "[1.1030612  0.0708437  4.25277011 1.98712365 2.92040835 5.38389658]", "final_simplex": "(array([[1.1030612 , 0.0708437 , 4.25277011, 1.98712365, 2.92040835,\n        5.38389658],\n       [1.10306246, 0.07084236, 4.25277266, 1.98712684, 2.92040631,\n        5.38389461],\n       [1.10306282, 0.07083632, 4.25277183, 1.98711949, 2.92040428,\n        5.38388949],\n       [1.10306783, 0.07084472, 4.25277299, 1.98712055, 2.92040899,\n        5.38390009],\n       [1.10306607, 0.07084406, 4.25277629, 1.98711864, 2.92040541,\n        5.38389649],\n       [1.10306665, 0.07084867, 4.25276686, 1.9871232 , 2.92040774,\n        5.38389228],\n       [1.10306575, 0.07084134, 4.25276557, 1.98713249, 2.92039952,\n        5.38389438]]), array([0.40759297, 0.40759297, 0.40759297, 0.40759297, 0.40759297,\n       0.40759297, 0.40759297]))"}, "5": {"maxiter": 500, "fatol": 1e-05, "xatol": 1e-10, "duration": 0.1379411220550537, "fun": "0.40759296574258175", "nit": "500", "nfev": "816", "status": "2", "success": "False", "message": "Maximum number of iterations has been exceeded.", "x": "[1.10306437 0.07084152 4.25277077 1.98712159 2.92040324 5.38389447]", "final_simplex": "(array([[1.10306437, 0.07084152, 4.25277077, 1.98712159, 2.92040324,\n        5.38389447],\n       [1.10306433, 0.07084151, 4.25277079, 1.9871216 , 2.92040325,\n        5.38389445],\n       [1.10306434, 0.07084155, 4.25277076, 1.98712164, 2.92040323,\n        5.38389453],\n       [1.10306434, 0.07084154, 4.2527708 , 1.98712157, 2.92040325,\n        5.3838945 ],\n       [1.10306437, 0.07084158, 4.25277077, 1.98712165, 2.92040326,\n        5.38389451],\n       [1.10306438, 0.0708415 , 4.25277083, 1.98712159, 2.92040323,\n        5.38389453],\n       [1.10306436, 0.07084153, 4.2527708 , 1.98712158, 2.92040328,\n        5.38389453]]), array([0.40759297, 0.40759297, 0.40759297, 0.40759297, 0.40759297,\n       0.40759297, 0.40759297]))"}, "6": {"maxiter": 500, "fatol": 1e-10, "xatol": 1e-05, "duration": 0.11758303642272949, "fun": "0.4075929657476264", "nit": "433", "nfev": "699", "status": "0", "success": "True", "message": "Optimization terminated successfully.", "x": "[1.1030612  0.0708437  4.25277011 1.98712365 2.92040835 5.38389658]", "final_simplex": "(array([[1.1030612 , 0.0708437 , 4.25277011, 1.98712365, 2.92040835,\n        5.38389658],\n       [1.10306246, 0.07084236, 4.25277266, 1.98712684, 2.92040631,\n        5.38389461],\n       [1.10306282, 0.07083632, 4.25277183, 1.98711949, 2.92040428,\n        5.38388949],\n       [1.10306783, 0.07084472, 4.25277299, 1.98712055, 2.92040899,\n        5.38390009],\n       [1.10306607, 0.07084406, 4.25277629, 1.98711864, 2.92040541,\n        5.38389649],\n       [1.10306665, 0.07084867, 4.25276686, 1.9871232 , 2.92040774,\n        5.38389228],\n       [1.10306575, 0.07084134, 4.25276557, 1.98713249, 2.92039952,\n        5.38389438]]), array([0.40759297, 0.40759297, 0.40759297, 0.40759297, 0.40759297,\n       0.40759297, 0.40759297]))"}, "7": {"maxiter": 500, "fatol": 1e-10, "xatol": 1e-10, "duration": 0.13830304145812988, "fun": "0.40759296574258175", "nit": "500", "nfev": "816", "status": "2", "success": "False", "message": "Maximum number of iterations has been exceeded.", "x": "[1.10306437 0.07084152 4.25277077 1.98712159 2.92040324 5.38389447]", "final_simplex": "(array([[1.10306437, 0.07084152, 4.25277077, 1.98712159, 2.92040324,\n        5.38389447],\n       [1.10306433, 0.07084151, 4.25277079, 1.9871216 , 2.92040325,\n        5.38389445],\n       [1.10306434, 0.07084155, 4.25277076, 1.98712164, 2.92040323,\n        5.38389453],\n       [1.10306434, 0.07084154, 4.2527708 , 1.98712157, 2.92040325,\n        5.3838945 ],\n       [1.10306437, 0.07084158, 4.25277077, 1.98712165, 2.92040326,\n        5.38389451],\n       [1.10306438, 0.0708415 , 4.25277083, 1.98712159, 2.92040323,\n        5.38389453],\n       [1.10306436, 0.07084153, 4.2527708 , 1.98712158, 2.92040328,\n        5.38389453]]), array([0.40759297, 0.40759297, 0.40759297, 0.40759297, 0.40759297,\n       0.40759297, 0.40759297]))"}, "8": {"maxiter": 1000, "fatol": 1e-05, "xatol": 1e-05, "duration": 0.11772394180297852, "fun": "0.4075929657476264", "nit": "433", "nfev": "699", "status": "0", "success": "True", "message": "Optimization terminated successfully.", "x": "[1.1030612  0.0708437  4.25277011 1.98712365 2.92040835 5.38389658]", "final_simplex": "(array([[1.1030612 , 0.0708437 , 4.25277011, 1.98712365, 2.92040835,\n        5.38389658],\n       [1.10306246, 0.07084236, 4.25277266, 1.98712684, 2.92040631,\n        5.38389461],\n       [1.10306282, 0.07083632, 4.25277183, 1.98711949, 2.92040428,\n        5.38388949],\n       [1.10306783, 0.07084472, 4.25277299, 1.98712055, 2.92040899,\n        5.38390009],\n       [1.10306607, 0.07084406, 4.25277629, 1.98711864, 2.92040541,\n        5.38389649],\n       [1.10306665, 0.07084867, 4.25276686, 1.9871232 , 2.92040774,\n        5.38389228],\n       [1.10306575, 0.07084134, 4.25276557, 1.98713249, 2.92039952,\n        5.38389438]]), array([0.40759297, 0.40759297, 0.40759297, 0.40759297, 0.40759297,\n       0.40759297, 0.40759297]))"}, "9": {"maxiter": 1000, "fatol": 1e-05, "xatol": 1e-10, "duration": 0.1549689769744873, "fun": "0.4075929657425813", "nit": "531", "nfev": "923", "status": "0", "success": "True", "message": "Optimization terminated successfully.", "x": "[1.10306433 0.07084154 4.25277076 1.98712162 2.92040324 5.38389446]", "final_simplex": "(array([[1.10306433, 0.07084154, 4.25277076, 1.98712162, 2.92040324,\n        5.38389446],\n       [1.10306433, 0.07084154, 4.25277076, 1.98712162, 2.92040324,\n        5.38389446],\n       [1.10306433, 0.07084154, 4.25277076, 1.98712162, 2.92040324,\n        5.38389446],\n       [1.10306433, 0.07084154, 4.25277076, 1.98712162, 2.92040324,\n        5.38389446],\n       [1.10306433, 0.07084154, 4.25277076, 1.98712162, 2.92040324,\n        5.38389446],\n       [1.10306433, 0.07084154, 4.25277076, 1.98712162, 2.92040324,\n        5.38389446],\n       [1.10306433, 0.07084154, 4.25277076, 1.98712162, 2.92040324,\n        5.38389446]]), array([0.40759297, 0.40759297, 0.40759297, 0.40759297, 0.40759297,\n       0.40759297, 0.40759297]))"}, "10": {"maxiter": 1000, "fatol": 1e-10, "xatol": 1e-05, "duration": 0.11856198310852051, "fun": "0.4075929657476264", "nit": "433", "nfev": "699", "status": "0", "success": "True", "message": "Optimization terminated successfully.", "x": "[1.1030612  0.0708437  4.25277011 1.98712365 2.92040835 5.38389658]", "final_simplex": "(array([[1.1030612 , 0.0708437 , 4.25277011, 1.98712365, 2.92040835,\n        5.38389658],\n       [1.10306246, 0.07084236, 4.25277266, 1.98712684, 2.92040631,\n        5.38389461],\n       [1.10306282, 0.07083632, 4.25277183, 1.98711949, 2.92040428,\n        5.38388949],\n       [1.10306783, 0.07084472, 4.25277299, 1.98712055, 2.92040899,\n        5.38390009],\n       [1.10306607, 0.07084406, 4.25277629, 1.98711864, 2.92040541,\n        5.38389649],\n       [1.10306665, 0.07084867, 4.25276686, 1.9871232 , 2.92040774,\n        5.38389228],\n       [1.10306575, 0.07084134, 4.25276557, 1.98713249, 2.92039952,\n        5.38389438]]), array([0.40759297, 0.40759297, 0.40759297, 0.40759297, 0.40759297,\n       0.40759297, 0.40759297]))"}, "11": {"maxiter": 1000, "fatol": 1e-10, "xatol": 1e-10, "duration": 0.1555020809173584, "fun": "0.4075929657425813", "nit": "531", "nfev": "923", "status": "0", "success": "True", "message": "Optimization terminated successfully.", "x": "[1.10306433 0.07084154 4.25277076 1.98712162 2.92040324 5.38389446]", "final_simplex": "(array([[1.10306433, 0.07084154, 4.25277076, 1.98712162, 2.92040324,\n        5.38389446],\n       [1.10306433, 0.07084154, 4.25277076, 1.98712162, 2.92040324,\n        5.38389446],\n       [1.10306433, 0.07084154, 4.25277076, 1.98712162, 2.92040324,\n        5.38389446],\n       [1.10306433, 0.07084154, 4.25277076, 1.98712162, 2.92040324,\n        5.38389446],\n       [1.10306433, 0.07084154, 4.25277076, 1.98712162, 2.92040324,\n        5.38389446],\n       [1.10306433, 0.07084154, 4.25277076, 1.98712162, 2.92040324,\n        5.38389446],\n       [1.10306433, 0.07084154, 4.25277076, 1.98712162, 2.92040324,\n        5.38389446]]), array([0.40759297, 0.40759297, 0.40759297, 0.40759297, 0.40759297,\n       0.40759297, 0.40759297]))"}}, "bfgs": {"type": "gradient", "0": {"maxiter": 100, "gtol": 1e-05, "xrtol": 1e-05, "eps": 1e-05, "duration": 0.031188011169433594, "fun": "0.4075929657684091", "jac": "[ 2.31897834e-06 -1.60826907e-07  3.70481423e-08  1.05092601e-06\n -3.27293748e-08 -4.72877293e-07]", "hess_inv": "[[ 4.90806277 -1.19859525  0.70913989 -0.46123337 -0.35365457  2.28088742]\n [-1.19859525  6.39166663 -3.69109014  2.42154518  0.58445314 -1.69239881]\n [ 0.70913989 -3.69109014  6.73190355 -2.02424572  1.57422971  2.71884964]\n [-0.46123337  2.42154518 -2.02424572  4.68832256 -0.10865566  0.14661799]\n [-0.35365457  0.58445314  1.57422971 -0.10865566  6.01545875  1.64817312]\n [ 2.28088742 -1.69239881  2.71884964  0.14661799  1.64817312  7.83144206]]", "nfev": "182", "njev": "26", "status": "0", "success": "True", "message": "Optimization terminated successfully.", "x": "[1.10306719 0.07083755 4.25276119 1.98712047 2.92039165 5.38388351]", "nit": "22"}, "1": {"maxiter": 100, "gtol": 1e-05, "xrtol": 1e-05, "eps": 1e-10, "duration": 0.031032085418701172, "fun": "0.4075929657742572", "jac": "[ 1.11022293e-06 -1.11022309e-06  0.00000000e+00  1.11022293e-06\n -1.11022293e-06  1.11022293e-06]", "hess_inv": "[[ 4.88526479 -1.08627697  0.61230923 -0.46356951 -0.42159833  2.34669157]\n [-1.08627697  6.30692544 -3.51008555  2.45028704  0.64963481 -1.5452165 ]\n [ 0.61230923 -3.51008555  6.46493511 -2.07764208  1.37985652  2.6408813 ]\n [-0.46356951  2.45028704 -2.07764208  4.69696757 -0.14557423  0.10606385]\n [-0.42159833  0.64963481  1.37985652 -0.14557423  5.85727565  1.43736639]\n [ 2.34669157 -1.5452165   2.6408813   0.10606385  1.43736639  8.02787892]]", "nfev": "182", "njev": "26", "status": "0", "success": "True", "message": "Optimization terminated successfully.", "x": "[1.1030784  0.07083805 4.25277919 1.98712502 2.92040684 5.3839133 ]", "nit": "22"}, "2": {"maxiter": 100, "gtol": 1e-05, "xrtol": 1e-10, "eps": 1e-05, "duration": 0.03110218048095703, "fun": "0.4075929657684091", "jac": "[ 2.31897834e-06 -1.60826907e-07  3.70481423e-08  1.05092601e-06\n -3.27293748e-08 -4.72877293e-07]", "hess_inv": "[[ 4.90806277 -1.19859525  0.70913989 -0.46123337 -0.35365457  2.28088742]\n [-1.19859525  6.39166663 -3.69109014  2.42154518  0.58445314 -1.69239881]\n [ 0.70913989 -3.69109014  6.73190355 -2.02424572  1.57422971  2.71884964]\n [-0.46123337  2.42154518 -2.02424572  4.68832256 -0.10865566  0.14661799]\n [-0.35365457  0.58445314  1.57422971 -0.10865566  6.01545875  1.64817312]\n [ 2.28088742 -1.69239881  2.71884964  0.14661799  1.64817312  7.83144206]]", "nfev": "182", "njev": "26", "status": "0", "success": "True", "message": "Optimization terminated successfully.", "x": "[1.10306719 0.07083755 4.25276119 1.98712047 2.92039165 5.38388351]", "nit": "22"}, "3": {"maxiter": 100, "gtol": 1e-05, "xrtol": 1e-10, "eps": 1e-10, "duration": 0.031094074249267578, "fun": "0.4075929657742572", "jac": "[ 1.11022293e-06 -1.11022309e-06  0.00000000e+00  1.11022293e-06\n -1.11022293e-06  1.11022293e-06]", "hess_inv": "[[ 4.88526479 -1.08627697  0.61230923 -0.46356951 -0.42159833  2.34669157]\n [-1.08627697  6.30692544 -3.51008555  2.45028704  0.64963481 -1.5452165 ]\n [ 0.61230923 -3.51008555  6.46493511 -2.07764208  1.37985652  2.6408813 ]\n [-0.46356951  2.45028704 -2.07764208  4.69696757 -0.14557423  0.10606385]\n [-0.42159833  0.64963481  1.37985652 -0.14557423  5.85727565  1.43736639]\n [ 2.34669157 -1.5452165   2.6408813   0.10606385  1.43736639  8.02787892]]", "nfev": "182", "njev": "26", "status": "0", "success": "True", "message": "Optimization terminated successfully.", "x": "[1.1030784  0.07083805 4.25277919 1.98712502 2.92040684 5.3839133 ]", "nit": "22"}, "4": {"maxiter": 100, "gtol": 1e-10, "xrtol": 1e-05, "eps": 1e-05, "duration": 0.031166791915893555, "fun": "0.4075929657684091", "jac": "[ 2.31897834e-06 -1.60826907e-07  3.70481423e-08  1.05092601e-06\n -3.27293748e-08 -4.72877293e-07]", "hess_inv": "[[ 4.90806277 -1.19859525  0.70913989 -0.46123337 -0.35365457  2.28088742]\n [-1.19859525  6.39166663 -3.69109014  2.42154518  0.58445314 -1.69239881]\n [ 0.70913989 -3.69109014  6.73190355 -2.02424572  1.57422971  2.71884964]\n [-0.46123337  2.42154518 -2.02424572  4.68832256 -0.10865566  0.14661799]\n [-0.35365457  0.58445314  1.57422971 -0.10865566  6.01545875  1.64817312]\n [ 2.28088742 -1.69239881  2.71884964  0.14661799  1.64817312  7.83144206]]", "nfev": "182", "njev": "26", "status": "0", "success": "True", "message": "Optimization terminated successfully.", "x": "[1.10306719 0.07083755 4.25276119 1.98712047 2.92039165 5.38388351]", "nit": "22"}, "5": {"maxiter": 100, "gtol": 1e-10, "xrtol": 1e-05, "eps": 1e-10, "duration": 0.031152963638305664, "fun": "0.4075929657742572", "jac": "[ 1.11022293e-06 -1.11022309e-06  0.00000000e+00  1.11022293e-06\n -1.11022293e-06  1.11022293e-06]", "hess_inv": "[[ 4.88526479 -1.08627697  0.61230923 -0.46356951 -0.42159833  2.34669157]\n [-1.08627697  6.30692544 -3.51008555  2.45028704  0.64963481 -1.5452165 ]\n [ 0.61230923 -3.51008555  6.46493511 -2.07764208  1.37985652  2.6408813 ]\n [-0.46356951  2.45028704 -2.07764208  4.69696757 -0.14557423  0.10606385]\n [-0.42159833  0.64963481  1.37985652 -0.14557423  5.85727565  1.43736639]\n [ 2.34669157 -1.5452165   2.6408813   0.10606385  1.43736639  8.02787892]]", "nfev": "182", "njev": "26", "status": "0", "success": "True", "message": "Optimization terminated successfully.", "x": "[1.1030784  0.07083805 4.25277919 1.98712502 2.92040684 5.3839133 ]", "nit": "22"}, "6": {"maxiter": 100, "gtol": 1e-10, "xrtol": 1e-10, "eps": 1e-05, "duration": 0.06471991539001465, "fun": "0.4075929657657493", "jac": "[ 1.61526348e-06 -7.57727214e-08 -5.27355937e-09  7.56827934e-07\n -1.21791466e-08 -2.77755596e-07]", "hess_inv": "[[ 5.45677793 -0.88818146  0.38916006  0.16941442 -0.07849499  2.68475378]\n [-0.88818146  6.32519613 -3.69193639  2.52020233  0.55421377 -1.66702095]\n [ 0.38916006 -3.69193639  6.78267675 -2.18639199  1.57142979  2.63493684]\n [ 0.16941442  2.52020233 -2.18639199  5.03216873 -0.14169519  0.39078094]\n [-0.07849499  0.55421377  1.57142979 -0.14169519  5.79489359  1.68978462]\n [ 2.68475378 -1.66702095  2.63493684  0.39078094  1.68978462  7.95819376]]", "nfev": "382", "njev": "53", "status": "2", "success": "False", "message": "Desired error not necessarily achieved due to precision loss.", "x": "[1.10306373 0.07083782 4.25276151 1.98711925 2.92039218 5.38388284]", "nit": "23"}, "7": {"maxiter": 100, "gtol": 1e-10, "xrtol": 1e-10, "eps": 1e-10, "duration": 0.06675004959106445, "fun": "0.40759296574746984", "jac": "[0. 0. 0. 0. 0. 0.]", "hess_inv": "[[ 1.11697940e-01 -7.31245819e-02  9.71041092e-02 -5.23769883e-03\n  -1.65711973e-01  1.02759205e-01]\n [-7.31245819e-02  6.08022719e-02 -8.52186380e-02 -6.81286186e-03\n   1.18134086e-01 -4.72592698e-02]\n [ 9.71041092e-02 -8.52186380e-02  1.34720769e-01  1.08820693e-02\n  -1.62144322e-01  3.84147688e-02]\n [-5.23769883e-03 -6.81286186e-03  1.08820693e-02  1.36366317e-02\n   1.63411513e-04 -2.24588570e-02]\n [-1.65711973e-01  1.18134086e-01 -1.62144322e-01  1.63411513e-04\n   2.75674447e-01 -1.57375060e-01]\n [ 1.02759205e-01 -4.72592698e-02  3.84147688e-02 -2.24588570e-02\n  -1.57375060e-01  1.74034005e-01]]", "nfev": "392", "njev": "56", "status": "0", "success": "True", "message": "Optimization terminated successfully.", "x": "[1.10306851 0.07083972 4.25277481 1.98712341 2.92040738 5.3839007 ]", "nit": "39"}, "8": {"maxiter": 500, "gtol": 1e-05, "xrtol": 1e-05, "eps": 1e-05, "duration": 0.031058073043823242, "fun": "0.4075929657684091", "jac": "[ 2.31897834e-06 -1.60826907e-07  3.70481423e-08  1.05092601e-06\n -3.27293748e-08 -4.72877293e-07]", "hess_inv": "[[ 4.90806277 -1.19859525  0.70913989 -0.46123337 -0.35365457  2.28088742]\n [-1.19859525  6.39166663 -3.69109014  2.42154518  0.58445314 -1.69239881]\n [ 0.70913989 -3.69109014  6.73190355 -2.02424572  1.57422971  2.71884964]\n [-0.46123337  2.42154518 -2.02424572  4.68832256 -0.10865566  0.14661799]\n [-0.35365457  0.58445314  1.57422971 -0.10865566  6.01545875  1.64817312]\n [ 2.28088742 -1.69239881  2.71884964  0.14661799  1.64817312  7.83144206]]", "nfev": "182", "njev": "26", "status": "0", "success": "True", "message": "Optimization terminated successfully.", "x": "[1.10306719 0.07083755 4.25276119 1.98712047 2.92039165 5.38388351]", "nit": "22"}, "9": {"maxiter": 500, "gtol": 1e-05, "xrtol": 1e-05, "eps": 1e-10, "duration": 0.031404733657836914, "fun": "0.4075929657742572", "jac": "[ 1.11022293e-06 -1.11022309e-06  0.00000000e+00  1.11022293e-06\n -1.11022293e-06  1.11022293e-06]", "hess_inv": "[[ 4.88526479 -1.08627697  0.61230923 -0.46356951 -0.42159833  2.34669157]\n [-1.08627697  6.30692544 -3.51008555  2.45028704  0.64963481 -1.5452165 ]\n [ 0.61230923 -3.51008555  6.46493511 -2.07764208  1.37985652  2.6408813 ]\n [-0.46356951  2.45028704 -2.07764208  4.69696757 -0.14557423  0.10606385]\n [-0.42159833  0.64963481  1.37985652 -0.14557423  5.85727565  1.43736639]\n [ 2.34669157 -1.5452165   2.6408813   0.10606385  1.43736639  8.02787892]]", "nfev": "182", "njev": "26", "status": "0", "success": "True", "message": "Optimization terminated successfully.", "x": "[1.1030784  0.07083805 4.25277919 1.98712502 2.92040684 5.3839133 ]", "nit": "22"}, "10": {"maxiter": 500, "gtol": 1e-05, "xrtol": 1e-10, "eps": 1e-05, "duration": 0.03104090690612793, "fun": "0.4075929657684091", "jac": "[ 2.31897834e-06 -1.60826907e-07  3.70481423e-08  1.05092601e-06\n -3.27293748e-08 -4.72877293e-07]", "hess_inv": "[[ 4.90806277 -1.19859525  0.70913989 -0.46123337 -0.35365457  2.28088742]\n [-1.19859525  6.39166663 -3.69109014  2.42154518  0.58445314 -1.69239881]\n [ 0.70913989 -3.69109014  6.73190355 -2.02424572  1.57422971  2.71884964]\n [-0.46123337  2.42154518 -2.02424572  4.68832256 -0.10865566  0.14661799]\n [-0.35365457  0.58445314  1.57422971 -0.10865566  6.01545875  1.64817312]\n [ 2.28088742 -1.69239881  2.71884964  0.14661799  1.64817312  7.83144206]]", "nfev": "182", "njev": "26", "status": "0", "success": "True", "message": "Optimization terminated successfully.", "x": "[1.10306719 0.07083755 4.25276119 1.98712047 2.92039165 5.38388351]", "nit": "22"}, "11": {"maxiter": 500, "gtol": 1e-05, "xrtol": 1e-10, "eps": 1e-10, "duration": 0.031082868576049805, "fun": "0.4075929657742572", "jac": "[ 1.11022293e-06 -1.11022309e-06  0.00000000e+00  1.11022293e-06\n -1.11022293e-06  1.11022293e-06]", "hess_inv": "[[ 4.88526479 -1.08627697  0.61230923 -0.46356951 -0.42159833  2.34669157]\n [-1.08627697  6.30692544 -3.51008555  2.45028704  0.64963481 -1.5452165 ]\n [ 0.61230923 -3.51008555  6.46493511 -2.07764208  1.37985652  2.6408813 ]\n [-0.46356951  2.45028704 -2.07764208  4.69696757 -0.14557423  0.10606385]\n [-0.42159833  0.64963481  1.37985652 -0.14557423  5.85727565  1.43736639]\n [ 2.34669157 -1.5452165   2.6408813   0.10606385  1.43736639  8.02787892]]", "nfev": "182", "njev": "26", "status": "0", "success": "True", "message": "Optimization terminated successfully.", "x": "[1.1030784  0.07083805 4.25277919 1.98712502 2.92040684 5.3839133 ]", "nit": "22"}, "12": {"maxiter": 500, "gtol": 1e-10, "xrtol": 1e-05, "eps": 1e-05, "duration": 0.031083106994628906, "fun": "0.4075929657684091", "jac": "[ 2.31897834e-06 -1.60826907e-07  3.70481423e-08  1.05092601e-06\n -3.27293748e-08 -4.72877293e-07]", "hess_inv": "[[ 4.90806277 -1.19859525  0.70913989 -0.46123337 -0.35365457  2.28088742]\n [-1.19859525  6.39166663 -3.69109014  2.42154518  0.58445314 -1.69239881]\n [ 0.70913989 -3.69109014  6.73190355 -2.02424572  1.57422971  2.71884964]\n [-0.46123337  2.42154518 -2.02424572  4.68832256 -0.10865566  0.14661799]\n [-0.35365457  0.58445314  1.57422971 -0.10865566  6.01545875  1.64817312]\n [ 2.28088742 -1.69239881  2.71884964  0.14661799  1.64817312  7.83144206]]", "nfev": "182", "njev": "26", "status": "0", "success": "True", "message": "Optimization terminated successfully.", "x": "[1.10306719 0.07083755 4.25276119 1.98712047 2.92039165 5.38388351]", "nit": "22"}, "13": {"maxiter": 500, "gtol": 1e-10, "xrtol": 1e-05, "eps": 1e-10, "duration": 0.03108811378479004, "fun": "0.4075929657742572", "jac": "[ 1.11022293e-06 -1.11022309e-06  0.00000000e+00  1.11022293e-06\n -1.11022293e-06  1.11022293e-06]", "hess_inv": "[[ 4.88526479 -1.08627697  0.61230923 -0.46356951 -0.42159833  2.34669157]\n [-1.08627697  6.30692544 -3.51008555  2.45028704  0.64963481 -1.5452165 ]\n [ 0.61230923 -3.51008555  6.46493511 -2.07764208  1.37985652  2.6408813 ]\n [-0.46356951  2.45028704 -2.07764208  4.69696757 -0.14557423  0.10606385]\n [-0.42159833  0.64963481  1.37985652 -0.14557423  5.85727565  1.43736639]\n [ 2.34669157 -1.5452165   2.6408813   0.10606385  1.43736639  8.02787892]]", "nfev": "182", "njev": "26", "status": "0", "success": "True", "message": "Optimization terminated successfully.", "x": "[1.1030784  0.07083805 4.25277919 1.98712502 2.92040684 5.3839133 ]", "nit": "22"}, "14": {"maxiter": 500, "gtol": 1e-10, "xrtol": 1e-10, "eps": 1e-05, "duration": 0.0645146369934082, "fun": "0.4075929657657493", "jac": "[ 1.61526348e-06 -7.57727214e-08 -5.27355937e-09  7.56827934e-07\n -1.21791466e-08 -2.77755596e-07]", "hess_inv": "[[ 5.45677793 -0.88818146  0.38916006  0.16941442 -0.07849499  2.68475378]\n [-0.88818146  6.32519613 -3.69193639  2.52020233  0.55421377 -1.66702095]\n [ 0.38916006 -3.69193639  6.78267675 -2.18639199  1.57142979  2.63493684]\n [ 0.16941442  2.52020233 -2.18639199  5.03216873 -0.14169519  0.39078094]\n [-0.07849499  0.55421377  1.57142979 -0.14169519  5.79489359  1.68978462]\n [ 2.68475378 -1.66702095  2.63493684  0.39078094  1.68978462  7.95819376]]", "nfev": "382", "njev": "53", "status": "2", "success": "False", "message": "Desired error not necessarily achieved due to precision loss.", "x": "[1.10306373 0.07083782 4.25276151 1.98711925 2.92039218 5.38388284]", "nit": "23"}, "15": {"maxiter": 500, "gtol": 1e-10, "xrtol": 1e-10, "eps": 1e-10, "duration": 0.06699204444885254, "fun": "0.40759296574746984", "jac": "[0. 0. 0. 0. 0. 0.]", "hess_inv": "[[ 1.11697940e-01 -7.31245819e-02  9.71041092e-02 -5.23769883e-03\n  -1.65711973e-01  1.02759205e-01]\n [-7.31245819e-02  6.08022719e-02 -8.52186380e-02 -6.81286186e-03\n   1.18134086e-01 -4.72592698e-02]\n [ 9.71041092e-02 -8.52186380e-02  1.34720769e-01  1.08820693e-02\n  -1.62144322e-01  3.84147688e-02]\n [-5.23769883e-03 -6.81286186e-03  1.08820693e-02  1.36366317e-02\n   1.63411513e-04 -2.24588570e-02]\n [-1.65711973e-01  1.18134086e-01 -1.62144322e-01  1.63411513e-04\n   2.75674447e-01 -1.57375060e-01]\n [ 1.02759205e-01 -4.72592698e-02  3.84147688e-02 -2.24588570e-02\n  -1.57375060e-01  1.74034005e-01]]", "nfev": "392", "njev": "56", "status": "0", "success": "True", "message": "Optimization terminated successfully.", "x": "[1.10306851 0.07083972 4.25277481 1.98712341 2.92040738 5.3839007 ]", "nit": "39"}, "16": {"maxiter": 1000, "gtol": 1e-05, "xrtol": 1e-05, "eps": 1e-05, "duration": 0.031164884567260742, "fun": "0.4075929657684091", "jac": "[ 2.31897834e-06 -1.60826907e-07  3.70481423e-08  1.05092601e-06\n -3.27293748e-08 -4.72877293e-07]", "hess_inv": "[[ 4.90806277 -1.19859525  0.70913989 -0.46123337 -0.35365457  2.28088742]\n [-1.19859525  6.39166663 -3.69109014  2.42154518  0.58445314 -1.69239881]\n [ 0.70913989 -3.69109014  6.73190355 -2.02424572  1.57422971  2.71884964]\n [-0.46123337  2.42154518 -2.02424572  4.68832256 -0.10865566  0.14661799]\n [-0.35365457  0.58445314  1.57422971 -0.10865566  6.01545875  1.64817312]\n [ 2.28088742 -1.69239881  2.71884964  0.14661799  1.64817312  7.83144206]]", "nfev": "182", "njev": "26", "status": "0", "success": "True", "message": "Optimization terminated successfully.", "x": "[1.10306719 0.07083755 4.25276119 1.98712047 2.92039165 5.38388351]", "nit": "22"}, "17": {"maxiter": 1000, "gtol": 1e-05, "xrtol": 1e-05, "eps": 1e-10, "duration": 0.031207799911499023, "fun": "0.4075929657742572", "jac": "[ 1.11022293e-06 -1.11022309e-06  0.00000000e+00  1.11022293e-06\n -1.11022293e-06  1.11022293e-06]", "hess_inv": "[[ 4.88526479 -1.08627697  0.61230923 -0.46356951 -0.42159833  2.34669157]\n [-1.08627697  6.30692544 -3.51008555  2.45028704  0.64963481 -1.5452165 ]\n [ 0.61230923 -3.51008555  6.46493511 -2.07764208  1.37985652  2.6408813 ]\n [-0.46356951  2.45028704 -2.07764208  4.69696757 -0.14557423  0.10606385]\n [-0.42159833  0.64963481  1.37985652 -0.14557423  5.85727565  1.43736639]\n [ 2.34669157 -1.5452165   2.6408813   0.10606385  1.43736639  8.02787892]]", "nfev": "182", "njev": "26", "status": "0", "success": "True", "message": "Optimization terminated successfully.", "x": "[1.1030784  0.07083805 4.25277919 1.98712502 2.92040684 5.3839133 ]", "nit": "22"}, "18": {"maxiter": 1000, "gtol": 1e-05, "xrtol": 1e-10, "eps": 1e-05, "duration": 0.031110763549804688, "fun": "0.4075929657684091", "jac": "[ 2.31897834e-06 -1.60826907e-07  3.70481423e-08  1.05092601e-06\n -3.27293748e-08 -4.72877293e-07]", "hess_inv": "[[ 4.90806277 -1.19859525  0.70913989 -0.46123337 -0.35365457  2.28088742]\n [-1.19859525  6.39166663 -3.69109014  2.42154518  0.58445314 -1.69239881]\n [ 0.70913989 -3.69109014  6.73190355 -2.02424572  1.57422971  2.71884964]\n [-0.46123337  2.42154518 -2.02424572  4.68832256 -0.10865566  0.14661799]\n [-0.35365457  0.58445314  1.57422971 -0.10865566  6.01545875  1.64817312]\n [ 2.28088742 -1.69239881  2.71884964  0.14661799  1.64817312  7.83144206]]", "nfev": "182", "njev": "26", "status": "0", "success": "True", "message": "Optimization terminated successfully.", "x": "[1.10306719 0.07083755 4.25276119 1.98712047 2.92039165 5.38388351]", "nit": "22"}, "19": {"maxiter": 1000, "gtol": 1e-05, "xrtol": 1e-10, "eps": 1e-10, "duration": 0.031111955642700195, "fun": "0.4075929657742572", "jac": "[ 1.11022293e-06 -1.11022309e-06  0.00000000e+00  1.11022293e-06\n -1.11022293e-06  1.11022293e-06]", "hess_inv": "[[ 4.88526479 -1.08627697  0.61230923 -0.46356951 -0.42159833  2.34669157]\n [-1.08627697  6.30692544 -3.51008555  2.45028704  0.64963481 -1.5452165 ]\n [ 0.61230923 -3.51008555  6.46493511 -2.07764208  1.37985652  2.6408813 ]\n [-0.46356951  2.45028704 -2.07764208  4.69696757 -0.14557423  0.10606385]\n [-0.42159833  0.64963481  1.37985652 -0.14557423  5.85727565  1.43736639]\n [ 2.34669157 -1.5452165   2.6408813   0.10606385  1.43736639  8.02787892]]", "nfev": "182", "njev": "26", "status": "0", "success": "True", "message": "Optimization terminated successfully.", "x": "[1.1030784  0.07083805 4.25277919 1.98712502 2.92040684 5.3839133 ]", "nit": "22"}, "20": {"maxiter": 1000, "gtol": 1e-10, "xrtol": 1e-05, "eps": 1e-05, "duration": 0.031111955642700195, "fun": "0.4075929657684091", "jac": "[ 2.31897834e-06 -1.60826907e-07  3.70481423e-08  1.05092601e-06\n -3.27293748e-08 -4.72877293e-07]", "hess_inv": "[[ 4.90806277 -1.19859525  0.70913989 -0.46123337 -0.35365457  2.28088742]\n [-1.19859525  6.39166663 -3.69109014  2.42154518  0.58445314 -1.69239881]\n [ 0.70913989 -3.69109014  6.73190355 -2.02424572  1.57422971  2.71884964]\n [-0.46123337  2.42154518 -2.02424572  4.68832256 -0.10865566  0.14661799]\n [-0.35365457  0.58445314  1.57422971 -0.10865566  6.01545875  1.64817312]\n [ 2.28088742 -1.69239881  2.71884964  0.14661799  1.64817312  7.83144206]]", "nfev": "182", "njev": "26", "status": "0", "success": "True", "message": "Optimization terminated successfully.", "x": "[1.10306719 0.07083755 4.25276119 1.98712047 2.92039165 5.38388351]", "nit": "22"}, "21": {"maxiter": 1000, "gtol": 1e-10, "xrtol": 1e-05, "eps": 1e-10, "duration": 0.031140804290771484, "fun": "0.4075929657742572", "jac": "[ 1.11022293e-06 -1.11022309e-06  0.00000000e+00  1.11022293e-06\n -1.11022293e-06  1.11022293e-06]", "hess_inv": "[[ 4.88526479 -1.08627697  0.61230923 -0.46356951 -0.42159833  2.34669157]\n [-1.08627697  6.30692544 -3.51008555  2.45028704  0.64963481 -1.5452165 ]\n [ 0.61230923 -3.51008555  6.46493511 -2.07764208  1.37985652  2.6408813 ]\n [-0.46356951  2.45028704 -2.07764208  4.69696757 -0.14557423  0.10606385]\n [-0.42159833  0.64963481  1.37985652 -0.14557423  5.85727565  1.43736639]\n [ 2.34669157 -1.5452165   2.6408813   0.10606385  1.43736639  8.02787892]]", "nfev": "182", "njev": "26", "status": "0", "success": "True", "message": "Optimization terminated successfully.", "x": "[1.1030784  0.07083805 4.25277919 1.98712502 2.92040684 5.3839133 ]", "nit": "22"}, "22": {"maxiter": 1000, "gtol": 1e-10, "xrtol": 1e-10, "eps": 1e-05, "duration": 0.06473875045776367, "fun": "0.4075929657657493", "jac": "[ 1.61526348e-06 -7.57727214e-08 -5.27355937e-09  7.56827934e-07\n -1.21791466e-08 -2.77755596e-07]", "hess_inv": "[[ 5.45677793 -0.88818146  0.38916006  0.16941442 -0.07849499  2.68475378]\n [-0.88818146  6.32519613 -3.69193639  2.52020233  0.55421377 -1.66702095]\n [ 0.38916006 -3.69193639  6.78267675 -2.18639199  1.57142979  2.63493684]\n [ 0.16941442  2.52020233 -2.18639199  5.03216873 -0.14169519  0.39078094]\n [-0.07849499  0.55421377  1.57142979 -0.14169519  5.79489359  1.68978462]\n [ 2.68475378 -1.66702095  2.63493684  0.39078094  1.68978462  7.95819376]]", "nfev": "382", "njev": "53", "status": "2", "success": "False", "message": "Desired error not necessarily achieved due to precision loss.", "x": "[1.10306373 0.07083782 4.25276151 1.98711925 2.92039218 5.38388284]", "nit": "23"}, "23": {"maxiter": 1000, "gtol": 1e-10, "xrtol": 1e-10, "eps": 1e-10, "duration": 0.06671786308288574, "fun": "0.40759296574746984", "jac": "[0. 0. 0. 0. 0. 0.]", "hess_inv": "[[ 1.11697940e-01 -7.31245819e-02  9.71041092e-02 -5.23769883e-03\n  -1.65711973e-01  1.02759205e-01]\n [-7.31245819e-02  6.08022719e-02 -8.52186380e-02 -6.81286186e-03\n   1.18134086e-01 -4.72592698e-02]\n [ 9.71041092e-02 -8.52186380e-02  1.34720769e-01  1.08820693e-02\n  -1.62144322e-01  3.84147688e-02]\n [-5.23769883e-03 -6.81286186e-03  1.08820693e-02  1.36366317e-02\n   1.63411513e-04 -2.24588570e-02]\n [-1.65711973e-01  1.18134086e-01 -1.62144322e-01  1.63411513e-04\n   2.75674447e-01 -1.57375060e-01]\n [ 1.02759205e-01 -4.72592698e-02  3.84147688e-02 -2.24588570e-02\n  -1.57375060e-01  1.74034005e-01]]", "nfev": "392", "njev": "56", "status": "0", "success": "True", "message": "Optimization terminated successfully.", "x": "[1.10306851 0.07083972 4.25277481 1.98712341 2.92040738 5.3839007 ]", "nit": "39"}}, "cobyla": {"0": {"maxiter": 100, "tol": 1e-05, "catol": 1e-05, "duration": 0.01621222496032715, "x": "[ 0.12220063  2.06878718  5.52557744 -0.922845    3.31987578  2.4642124 ]", "status": "2", "success": "False", "message": "Maximum number of function evaluations has been exceeded.", "nfev": "100", "fun": "0.43065198370843116", "maxcv": "0.0"}, "1": {"maxiter": 100, "tol": 1e-05, "catol": 1e-10, "duration": 0.016130924224853516, "x": "[ 0.12220063  2.06878718  5.52557744 -0.922845    3.31987578  2.4642124 ]", "status": "2", "success": "False", "message": "Maximum number of function evaluations has been exceeded.", "nfev": "100", "fun": "0.43065198370843116", "maxcv": "0.0"}, "2": {"maxiter": 100, "tol": 1e-10, "catol": 1e-05, "duration": 0.01614212989807129, "x": "[ 0.12220063  2.06878718  5.52557744 -0.922845    3.31987578  2.4642124 ]", "status": "2", "success": "False", "message": "Maximum number of function evaluations has been exceeded.", "nfev": "100", "fun": "0.43065198370843116", "maxcv": "0.0"}, "3": {"maxiter": 100, "tol": 1e-10, "catol": 1e-10, "duration": 0.016160964965820312, "x": "[ 0.12220063  2.06878718  5.52557744 -0.922845    3.31987578  2.4642124 ]", "status": "2", "success": "False", "message": "Maximum number of function evaluations has been exceeded.", "nfev": "100", "fun": "0.43065198370843116", "maxcv": "0.0"}, "4": {"maxiter": 500, "tol": 1e-05, "catol": 1e-05, "duration": 0.08040904998779297, "x": "[ 0.09330481  2.16091547  5.43497494 -0.95021008  3.34476369  2.43133401]", "status": "2", "success": "False", "message": "Maximum number of function evaluations has been exceeded.", "nfev": "500", "fun": "0.4304809102916741", "maxcv": "0.0"}, "5": {"maxiter": 500, "tol": 1e-05, "catol": 1e-10, "duration": 0.08043384552001953, "x": "[ 0.09330481  2.16091547  5.43497494 -0.95021008  3.34476369  2.43133401]", "status": "2", "success": "False", "message": "Maximum number of function evaluations has been exceeded.", "nfev": "500", "fun": "0.4304809102916741", "maxcv": "0.0"}, "6": {"maxiter": 500, "tol": 1e-10, "catol": 1e-05, "duration": 0.08048510551452637, "x": "[ 0.09330481  2.16091547  5.43497494 -0.95021008  3.34476369  2.43133401]", "status": "2", "success": "False", "message": "Maximum number of function evaluations has been exceeded.", "nfev": "500", "fun": "0.4304809102916741", "maxcv": "0.0"}, "7": {"maxiter": 500, "tol": 1e-10, "catol": 1e-10, "duration": 0.08055305480957031, "x": "[ 0.09330481  2.16091547  5.43497494 -0.95021008  3.34476369  2.43133401]", "status": "2", "success": "False", "message": "Maximum number of function evaluations has been exceeded.", "nfev": "500", "fun": "0.4304809102916741", "maxcv": "0.0"}, "8": {"maxiter": 1000, "tol": 1e-05, "catol": 1e-05, "duration": 0.16152215003967285, "x": "[ 0.09450278  2.22938163  5.36565782 -0.95088704  3.34469033  2.43344083]", "status": "2", "success": "False", "message": "Maximum number of 