{"date": "2024/07/19/, 01:30:26", "conf_id": 140, "data_type": "orthogonal\n", "num_data_points": 4, "s_rank": 0, "unitary": "[[-0.45070455-0.02711853j,0.78437395-0.06613086j,0.06358678+0.19963393j,-0.07343613+0.35668523j],[-0.01890143-0.03813363j,0.32408202+0.25557629j,0.05872864-0.68979805j,0.55466693-0.20227297j],[-0.11215405+0.64023111j,-0.13344055+0.29565494j,-0.49012687-0.19046288j,-0.04241254+0.44046348j],[0.55771659+0.24656916j,0.31851997-0.05798805j,0.28761525-0.34294258j,-0.56718418+0.03616933j]]", "databatch_0": {"databatch": "[[[-0.35302397-0.05128039j,0.1860582-0.04103515j,0.20752518-0.06483245j,-0.13237169-0.17775478j],[0.24049063-0.07666548j,-0.10567709+0.08371095j,-0.11196821+0.10549818j,0.13925398+0.07211697j],[0.08667353+0.43384342j,-0.12521866-0.20038923j,-0.16194308-0.2155935j,-0.15275638+0.22850751j],[0.0142873+0.32037573j,-0.06762928-0.15736663j,-0.09226476-0.17230665j,-0.13462277+0.14687904j]],[[0.30349341-0.26906318j,-0.10082696+0.19173133j,-0.09590002+0.22783551j,0.25151393+0.0153908j],[-0.08442624-0.19984697j,0.07991428+0.0839056j,0.0990545+0.08758659j,0.05083719-0.12483061j],[0.30578681-0.07983129j,-0.13770223+0.09762141j,-0.14701934+0.12444232j,0.16930124+0.09944318j],[-0.24553624+0.34323402j,0.0578663-0.21784506j,0.04450553-0.2533275j,-0.25869798+0.04264685j]],[[-0.33727948-0.18832625j,0.20406809+0.03040768j,0.23498129+0.01463315j,-0.06519315-0.2309729j],[0.08549203-0.38845015j,0.03063146+0.21021723j,0.05536463+0.23600869j,0.20834793-0.13287299j],[0.03737637-0.1914861j,0.01748132+0.10272633j,0.02991168+0.11508427j,0.10061299-0.06759593j],[-0.23336751-0.29932448j,0.17311012+0.10548391j,0.20711957+0.10301399j,0.02922235-0.23398641j]],[[0.14955005-0.16185735j,-0.04415654+0.10910324j,-0.03954297+0.12835658j,0.13681011-0.00526245j],[-0.31760732-0.34596146j,0.2240032+0.11287883j,0.26570375+0.10644904j,0.01276368-0.29149932j],[-0.19796752+0.34158456j,0.03441173-0.20803936j,0.01879746-0.23988755j,-0.2370972+0.06284245j],[0.22153586-0.12437862j,-0.08719814+0.1039702j,-0.08897962+0.126726j,0.15191871+0.04284241j]]]", "initial param values": "[0.36685598,4.65395497,1.30194513,3.61518377,1.49174415,3.98581512]", "nelder_mead": {"type": "gradient-free", "0": {"maxiter": 100, "fatol": 1e-05, "xatol": 1e-05, "duration": 0.026826858520507812, "fun": "0.3644406900841062", "nit": "100", "nfev": "158", "status": "2", "success": "False", "message": "Maximum number of iterations has been exceeded.", "x": "[ 0.65792174  3.28050004  2.98801679  3.71143569 -1.0462106   3.41088402]", "final_simplex": "(array([[ 0.65792174,  3.28050004,  2.98801679,  3.71143569, -1.0462106 ,\n         3.41088402],\n       [ 0.68117231,  3.28382032,  2.94861814,  3.69604039, -0.99158078,\n         3.237822  ],\n       [ 0.64010048,  3.3915217 ,  2.78139444,  3.56973942, -0.75137158,\n         3.66969142],\n       [ 0.60525866,  3.16438708,  2.98159016,  3.65408284, -0.73086954,\n         3.6995565 ],\n       [ 0.55356701,  3.38418866,  2.95438314,  3.71548924, -0.7267883 ,\n         3.83033944],\n       [ 0.65532638,  3.39867448,  2.78015384,  3.82201597, -0.83154964,\n         3.62526985],\n       [ 0.54849916,  3.39715087,  2.90136868,  3.82452612, -0.70454431,\n         3.82950225]]), array([0.36444069, 0.36637286, 0.36848058, 0.36930652, 0.36970489,\n       0.37735859, 0.37894386]))"}, "1": {"maxiter": 100, "fatol": 1e-05, "xatol": 1e-10, "duration": 0.02702188491821289, "fun": "0.3644406900841062", "nit": "100", "nfev": "158", "status": "2", "success": "False", "message": "Maximum number of iterations has been exceeded.", "x": "[ 0.65792174  3.28050004  2.98801679  3.71143569 -1.0462106   3.41088402]", "final_simplex": "(array([[ 0.65792174,  3.28050004,  2.98801679,  3.71143569, -1.0462106 ,\n         3.41088402],\n       [ 0.68117231,  3.28382032,  2.94861814,  3.69604039, -0.99158078,\n         3.237822  ],\n       [ 0.64010048,  3.3915217 ,  2.78139444,  3.56973942, -0.75137158,\n         3.66969142],\n       [ 0.60525866,  3.16438708,  2.98159016,  3.65408284, -0.73086954,\n         3.6995565 ],\n       [ 0.55356701,  3.38418866,  2.95438314,  3.71548924, -0.7267883 ,\n         3.83033944],\n       [ 0.65532638,  3.39867448,  2.78015384,  3.82201597, -0.83154964,\n         3.62526985],\n       [ 0.54849916,  3.39715087,  2.90136868,  3.82452612, -0.70454431,\n         3.82950225]]), array([0.36444069, 0.36637286, 0.36848058, 0.36930652, 0.36970489,\n       0.37735859, 0.37894386]))"}, "2": {"maxiter": 100, "fatol": 1e-10, "xatol": 1e-05, "duration": 0.02678513526916504, "fun": "0.3644406900841062", "nit": "100", "nfev": "158", "status": "2", "success": "False", "message": "Maximum number of iterations has been exceeded.", "x": "[ 0.65792174  3.28050004  2.98801679  3.71143569 -1.0462106   3.41088402]", "final_simplex": "(array([[ 0.65792174,  3.28050004,  2.98801679,  3.71143569, -1.0462106 ,\n         3.41088402],\n       [ 0.68117231,  3.28382032,  2.94861814,  3.69604039, -0.99158078,\n         3.237822  ],\n       [ 0.64010048,  3.3915217 ,  2.78139444,  3.56973942, -0.75137158,\n         3.66969142],\n       [ 0.60525866,  3.16438708,  2.98159016,  3.65408284, -0.73086954,\n         3.6995565 ],\n       [ 0.55356701,  3.38418866,  2.95438314,  3.71548924, -0.7267883 ,\n         3.83033944],\n       [ 0.65532638,  3.39867448,  2.78015384,  3.82201597, -0.83154964,\n         3.62526985],\n       [ 0.54849916,  3.39715087,  2.90136868,  3.82452612, -0.70454431,\n         3.82950225]]), array([0.36444069, 0.36637286, 0.36848058, 0.36930652, 0.36970489,\n       0.37735859, 0.37894386]))"}, "3": {"maxiter": 100, "fatol": 1e-10, "xatol": 1e-10, "duration": 0.02671670913696289, "fun": "0.3644406900841062", "nit": "100", "nfev": "158", "status": "2", "success": "False", "message": "Maximum number of iterations has been exceeded.", "x": "[ 0.65792174  3.28050004  2.98801679  3.71143569 -1.0462106   3.41088402]", "final_simplex": "(array([[ 0.65792174,  3.28050004,  2.98801679,  3.71143569, -1.0462106 ,\n         3.41088402],\n       [ 0.68117231,  3.28382032,  2.94861814,  3.69604039, -0.99158078,\n         3.237822  ],\n       [ 0.64010048,  3.3915217 ,  2.78139444,  3.56973942, -0.75137158,\n         3.66969142],\n       [ 0.60525866,  3.16438708,  2.98159016,  3.65408284, -0.73086954,\n         3.6995565 ],\n       [ 0.55356701,  3.38418866,  2.95438314,  3.71548924, -0.7267883 ,\n         3.83033944],\n       [ 0.65532638,  3.39867448,  2.78015384,  3.82201597, -0.83154964,\n         3.62526985],\n       [ 0.54849916,  3.39715087,  2.90136868,  3.82452612, -0.70454431,\n         3.82950225]]), array([0.36444069, 0.36637286, 0.36848058, 0.36930652, 0.36970489,\n       0.37735859, 0.37894386]))"}, "4": {"maxiter": 500, "fatol": 1e-05, "xatol": 1e-05, "duration": 0.1138770580291748, "fun": "0.1283025928163608", "nit": "430", "nfev": "672", "status": "0", "success": "True", "message": "Optimization terminated successfully.", "x": "[ 1.53387668  3.5461187   3.37362208  2.47110765 -3.10992677  1.30588901]", "final_simplex": "(array([[ 1.53387668,  3.5461187 ,  3.37362208,  2.47110765, -3.10992677,\n         1.30588901],\n       [ 1.53388051,  3.54611736,  3.37362091,  2.47111133, -3.10992164,\n         1.30589118],\n       [ 1.53387764,  3.54611915,  3.37361956,  2.47110724, -3.1099219 ,\n         1.30589592],\n       [ 1.53388037,  3.54612158,  3.37362384,  2.47110784, -3.10992862,\n         1.30588879],\n       [ 1.53387916,  3.54611483,  3.37362182,  2.47110563, -3.10992557,\n         1.30589387],\n       [ 1.53387972,  3.54612066,  3.3736243 ,  2.47110545, -3.10991933,\n         1.30589593],\n       [ 1.53387821,  3.54611866,  3.37362113,  2.47111261, -3.10992047,\n         1.30589369]]), array([0.12830259, 0.12830259, 0.12830259, 0.12830259, 0.12830259,\n       0.12830259, 0.12830259]))"}, "5": {"maxiter": 500, "fatol": 1e-05, "xatol": 1e-10, "duration": 0.1328568458557129, "fun": "0.12830259280933665", "nit": "500", "nfev": "786", "status": "2", "success": "False", "message": "Maximum number of iterations has been exceeded.", "x": "[ 1.53388074  3.5461186   3.3736184   2.47110624 -3.10992547  1.3058888 ]", "final_simplex": "(array([[ 1.53388074,  3.5461186 ,  3.3736184 ,  2.47110624, -3.10992547,\n         1.3058888 ],\n       [ 1.53388075,  3.54611864,  3.37361844,  2.47110617, -3.10992566,\n         1.30588867],\n       [ 1.5338807 ,  3.54611865,  3.37361846,  2.47110613, -3.10992559,\n         1.30588865],\n       [ 1.53388075,  3.54611866,  3.37361847,  2.47110632, -3.10992554,\n         1.30588874],\n       [ 1.53388074,  3.5461187 ,  3.37361835,  2.4711063 , -3.10992547,\n         1.30588875],\n       [ 1.53388066,  3.54611862,  3.37361844,  2.47110626, -3.10992561,\n         1.30588868],\n       [ 1.53388069,  3.54611873,  3.37361843,  2.47110622, -3.10992548,\n         1.30588886]]), array([0.12830259, 0.12830259, 0.12830259, 0.12830259, 0.12830259,\n       0.12830259, 0.12830259]))"}, "6": {"maxiter": 500, "fatol": 1e-10, "xatol": 1e-05, "duration": 0.1135869026184082, "fun": "0.1283025928163608", "nit": "430", "nfev": "672", "status": "0", "success": "True", "message": "Optimization terminated successfully.", "x": "[ 1.53387668  3.5461187   3.37362208  2.47110765 -3.10992677  1.30588901]", "final_simplex": "(array([[ 1.53387668,  3.5461187 ,  3.37362208,  2.47110765, -3.10992677,\n         1.30588901],\n       [ 1.53388051,  3.54611736,  3.37362091,  2.47111133, -3.10992164,\n         1.30589118],\n       [ 1.53387764,  3.54611915,  3.37361956,  2.47110724, -3.1099219 ,\n         1.30589592],\n       [ 1.53388037,  3.54612158,  3.37362384,  2.47110784, -3.10992862,\n         1.30588879],\n       [ 1.53387916,  3.54611483,  3.37362182,  2.47110563, -3.10992557,\n         1.30589387],\n       [ 1.53387972,  3.54612066,  3.3736243 ,  2.47110545, -3.10991933,\n         1.30589593],\n       [ 1.53387821,  3.54611866,  3.37362113,  2.47111261, -3.10992047,\n         1.30589369]]), array([0.12830259, 0.12830259, 0.12830259, 0.12830259, 0.12830259,\n       0.12830259, 0.12830259]))"}, "7": {"maxiter": 500, "fatol": 1e-10, "xatol": 1e-10, "duration": 0.1326899528503418, "fun": "0.12830259280933665", "nit": "500", "nfev": "786", "status": "2", "success": "False", "message": "Maximum number of iterations has been exceeded.", "x": "[ 1.53388074  3.5461186   3.3736184   2.47110624 -3.10992547  1.3058888 ]", "final_simplex": "(array([[ 1.53388074,  3.5461186 ,  3.3736184 ,  2.47110624, -3.10992547,\n         1.3058888 ],\n       [ 1.53388075,  3.54611864,  3.37361844,  2.47110617, -3.10992566,\n         1.30588867],\n       [ 1.5338807 ,  3.54611865,  3.37361846,  2.47110613, -3.10992559,\n         1.30588865],\n       [ 1.53388075,  3.54611866,  3.37361847,  2.47110632, -3.10992554,\n         1.30588874],\n       [ 1.53388074,  3.5461187 ,  3.37361835,  2.4711063 , -3.10992547,\n         1.30588875],\n       [ 1.53388066,  3.54611862,  3.37361844,  2.47110626, -3.10992561,\n         1.30588868],\n       [ 1.53388069,  3.54611873,  3.37361843,  2.47110622, -3.10992548,\n         1.30588886]]), array([0.12830259, 0.12830259, 0.12830259, 0.12830259, 0.12830259,\n       0.12830259, 0.12830259]))"}, "8": {"maxiter": 1000, "fatol": 1e-05, "xatol": 1e-05, "duration": 0.11369013786315918, "fun": "0.1283025928163608", "nit": "430", "nfev": "672", "status": "0", "success": "True", "message": "Optimization terminated successfully.", "x": "[ 1.53387668  3.5461187   3.37362208  2.47110765 -3.10992677  1.30588901]", "final_simplex": "(array([[ 1.53387668,  3.5461187 ,  3.37362208,  2.47110765, -3.10992677,\n         1.30588901],\n       [ 1.53388051,  3.54611736,  3.37362091,  2.47111133, -3.10992164,\n         1.30589118],\n       [ 1.53387764,  3.54611915,  3.37361956,  2.47110724, -3.1099219 ,\n         1.30589592],\n       [ 1.53388037,  3.54612158,  3.37362384,  2.47110784, -3.10992862,\n         1.30588879],\n       [ 1.53387916,  3.54611483,  3.37362182,  2.47110563, -3.10992557,\n         1.30589387],\n       [ 1.53387972,  3.54612066,  3.3736243 ,  2.47110545, -3.10991933,\n         1.30589593],\n       [ 1.53387821,  3.54611866,  3.37362113,  2.47111261, -3.10992047,\n         1.30589369]]), array([0.12830259, 0.12830259, 0.12830259, 0.12830259, 0.12830259,\n       0.12830259, 0.12830259]))"}, "9": {"maxiter": 1000, "fatol": 1e-05, "xatol": 1e-10, "duration": 0.1542201042175293, "fun": "0.12830259280933487", "nit": "548", "nfev": "915", "status": "0", "success": "True", "message": "Optimization terminated successfully.", "x": "[ 1.53388078  3.54611866  3.37361843  2.4711062  -3.10992553  1.30588873]", "final_simplex": "(array([[ 1.53388078,  3.54611866,  3.37361843,  2.4711062 , -3.10992553,\n         1.30588873],\n       [ 1.53388078,  3.54611866,  3.37361843,  2.4711062 , -3.10992553,\n         1.30588873],\n       [ 1.53388078,  3.54611866,  3.37361843,  2.4711062 , -3.10992553,\n         1.30588873],\n       [ 1.53388078,  3.54611866,  3.37361843,  2.4711062 , -3.10992553,\n         1.30588873],\n       [ 1.53388078,  3.54611866,  3.37361843,  2.4711062 , -3.10992553,\n         1.30588873],\n       [ 1.53388078,  3.54611866,  3.37361843,  2.4711062 , -3.10992553,\n         1.30588873],\n       [ 1.53388078,  3.54611866,  3.37361843,  2.4711062 , -3.10992553,\n         1.30588873]]), array([0.12830259, 0.12830259, 0.12830259, 0.12830259, 0.12830259,\n       0.12830259, 0.12830259]))"}, "10": {"maxiter": 1000, "fatol": 1e-10, "xatol": 1e-05, "duration": 0.11359810829162598, "fun": "0.1283025928163608", "nit": "430", "nfev": "672", "status": "0", "success": "True", "message": "Optimization terminated successfully.", "x": "[ 1.53387668  3.5461187   3.37362208  2.47110765 -3.10992677  1.30588901]", "final_simplex": "(array([[ 1.53387668,  3.5461187 ,  3.37362208,  2.47110765, -3.10992677,\n         1.30588901],\n       [ 1.53388051,  3.54611736,  3.37362091,  2.47111133, -3.10992164,\n         1.30589118],\n       [ 1.53387764,  3.54611915,  3.37361956,  2.47110724, -3.1099219 ,\n         1.30589592],\n       [ 1.53388037,  3.54612158,  3.37362384,  2.47110784, -3.10992862,\n         1.30588879],\n       [ 1.53387916,  3.54611483,  3.37362182,  2.47110563, -3.10992557,\n         1.30589387],\n       [ 1.53387972,  3.54612066,  3.3736243 ,  2.47110545, -3.10991933,\n         1.30589593],\n       [ 1.53387821,  3.54611866,  3.37362113,  2.47111261, -3.10992047,\n         1.30589369]]), array([0.12830259, 0.12830259, 0.12830259, 0.12830259, 0.12830259,\n       0.12830259, 0.12830259]))"}, "11": {"maxiter": 1000, "fatol": 1e-10, "xatol": 1e-10, "duration": 0.15460586547851562, "fun": "0.12830259280933487", "nit": "548", "nfev": "915", "status": "0", "success": "True", "message": "Optimization terminated successfully.", "x": "[ 1.53388078  3.54611866  3.37361843  2.4711062  -3.10992553  1.30588873]", "final_simplex": "(array([[ 1.53388078,  3.54611866,  3.37361843,  2.4711062 , -3.10992553,\n         1.30588873],\n       [ 1.53388078,  3.54611866,  3.37361843,  2.4711062 , -3.10992553,\n         1.30588873],\n       [ 1.53388078,  3.54611866,  3.37361843,  2.4711062 , -3.10992553,\n         1.30588873],\n       [ 1.53388078,  3.54611866,  3.37361843,  2.4711062 , -3.10992553,\n         1.30588873],\n       [ 1.53388078,  3.54611866,  3.37361843,  2.4711062 , -3.10992553,\n         1.30588873],\n       [ 1.53388078,  3.54611866,  3.37361843,  2.4711062 , -3.10992553,\n         1.30588873],\n       [ 1.53388078,  3.54611866,  3.37361843,  2.4711062 , -3.10992553,\n         1.30588873]]), array([0.12830259, 0.12830259, 0.12830259, 0.12830259, 0.12830259,\n       0.12830259, 0.12830259]))"}}, "bfgs": {"type": "gradient", "0": {"maxiter": 100, "gtol": 1e-05, "xrtol": 1e-05, "eps": 1e-05, "duration": 0.03271889686584473, "fun": "0.1283025928641699", "jac": "[-3.83626464e-07 -4.13580281e-07 -7.16471327e-07  7.51487761e-07\n -1.36569644e-06  2.24643637e-06]", "hess_inv": "[[ 2.49281659e+00 -2.54167137e-02  1.51331436e-01  2.41633411e-01\n  -6.83230844e-01 -2.44652270e-01]\n [-2.54167137e-02  3.31825659e+00  7.19617748e-02  5.87110796e-01\n  -4.44248930e-03  3.26187059e-01]\n [ 1.51331436e-01  7.19617748e-02  2.56413600e+00  4.54040013e-01\n  -4.44669709e-01 -3.02841896e-01]\n [ 2.41633411e-01  5.87110796e-01  4.54040013e-01  3.03728053e+00\n  -6.88514524e-01 -6.56743926e-01]\n [-6.83230844e-01 -4.44248930e-03 -4.44669709e-01 -6.88514524e-01\n   6.24751815e+00  4.86658605e+00]\n [-2.44652270e-01  3.26187059e-01 -3.02841896e-01 -6.56743926e-01\n   4.86658605e+00  6.55445891e+00]]", "nfev": "189", "njev": "27", "status": "0", "success": "True", "message": "Optimization terminated successfully.", "x": "[-1.53388641  6.68770407  0.23201898  3.81207487  0.0316486   4.44746682]", "nit": "22"}, "1": {"maxiter": 100, "gtol": 1e-05, "xrtol": 1e-05, "eps": 1e-10, "duration": 0.03254890441894531, "fun": "0.128302592825292", "jac": "[-3.33066880e-06  0.00000000e+00 -1.11022293e-06 -1.11022293e-06\n -2.22044602e-06 -2.22044587e-06]", "hess_inv": "[[ 2.45563321e+00  1.55942189e-02  1.86277802e-01  2.39112575e-01\n  -6.65585832e-01 -2.51918538e-01]\n [ 1.55942189e-02  3.32030928e+00  8.98951730e-02  5.69140596e-01\n   6.89246250e-04  4.08522127e-01]\n [ 1.86277802e-01  8.98951730e-02  2.59393506e+00  4.39972058e-01\n  -4.26034285e-01 -2.09558456e-01]\n [ 2.39112575e-01  5.69140596e-01  4.39972058e-01  3.03532264e+00\n  -7.08793618e-01 -6.83911876e-01]\n [-6.65585832e-01  6.89246250e-04 -4.26034285e-01 -7.08793618e-01\n   6.25602736e+00  4.92591508e+00]\n [-2.51918538e-01  4.08522127e-01 -2.09558456e-01 -6.83911876e-01\n   4.92591508e+00  6.70406149e+00]]", "nfev": "189", "njev": "27", "status": "0", "success": "True", "message": "Optimization terminated successfully.", "x": "[-1.53388727  6.68770877  0.23202123  3.8120801   0.03166476  4.44747719]", "nit": "22"}, "2": {"maxiter": 100, "gtol": 1e-05, "xrtol": 1e-10, "eps": 1e-05, "duration": 0.03263115882873535, "fun": "0.1283025928641699", "jac": "[-3.83626464e-07 -4.13580281e-07 -7.16471327e-07  7.51487761e-07\n -1.36569644e-06  2.24643637e-06]", "hess_inv": "[[ 2.49281659e+00 -2.54167137e-02  1.51331436e-01  2.41633411e-01\n  -6.83230844e-01 -2.44652270e-01]\n [-2.54167137e-02  3.31825659e+00  7.19617748e-02  5.87110796e-01\n  -4.44248930e-03  3.26187059e-01]\n [ 1.51331436e-01  7.19617748e-02  2.56413600e+00  4.54040013e-01\n  -4.44669709e-01 -3.02841896e-01]\n [ 2.41633411e-01  5.87110796e-01  4.54040013e-01  3.03728053e+00\n  -6.88514524e-01 -6.56743926e-01]\n [-6.83230844e-01 -4.44248930e-03 -4.44669709e-01 -6.88514524e-01\n   6.24751815e+00  4.86658605e+00]\n [-2.44652270e-01  3.26187059e-01 -3.02841896e-01 -6.56743926e-01\n   4.86658605e+00  6.55445891e+00]]", "nfev": "189", "njev": "27", "status": "0", "success": "True", "message": "Optimization terminated successfully.", "x": "[-1.53388641  6.68770407  0.23201898  3.81207487  0.0316486   4.44746682]", "nit": "22"}, "3": {"maxiter": 100, "gtol": 1e-05, "xrtol": 1e-10, "eps": 1e-10, "duration": 0.03256392478942871, "fun": "0.128302592825292", "jac": "[-3.33066880e-06  0.00000000e+00 -1.11022293e-06 -1.11022293e-06\n -2.22044602e-06 -2.22044587e-06]", "hess_inv": "[[ 2.45563321e+00  1.55942189e-02  1.86277802e-01  2.39112575e-01\n  -6.65585832e-01 -2.51918538e-01]\n [ 1.55942189e-02  3.32030928e+00  8.98951730e-02  5.69140596e-01\n   6.89246250e-04  4.08522127e-01]\n [ 1.86277802e-01  8.98951730e-02  2.59393506e+00  4.39972058e-01\n  -4.26034285e-01 -2.09558456e-01]\n [ 2.39112575e-01  5.69140596e-01  4.39972058e-01  3.03532264e+00\n  -7.08793618e-01 -6.83911876e-01]\n [-6.65585832e-01  6.89246250e-04 -4.26034285e-01 -7.08793618e-01\n   6.25602736e+00  4.92591508e+00]\n [-2.51918538e-01  4.08522127e-01 -2.09558456e-01 -6.83911876e-01\n   4.92591508e+00  6.70406149e+00]]", "nfev": "189", "njev": "27", "status": "0", "success": "True", "message": "Optimization terminated successfully.", "x": "[-1.53388727  6.68770877  0.23202123  3.8120801   0.03166476  4.44747719]", "nit": "22"}, "4": {"maxiter": 100, "gtol": 1e-10, "xrtol": 1e-05, "eps": 1e-05, "duration": 0.03265094757080078, "fun": "0.1283025928641699", "jac": "[-3.83626464e-07 -4.13580281e-07 -7.16471327e-07  7.51487761e-07\n -1.36569644e-06  2.24643637e-06]", "hess_inv": "[[ 2.49281659e+00 -2.54167137e-02  1.51331436e-01  2.41633411e-01\n  -6.83230844e-01 -2.44652270e-01]\n [-2.54167137e-02  3.31825659e+00  7.19617748e-02  5.87110796e-01\n  -4.44248930e-03  3.26187059e-01]\n [ 1.51331436e-01  7.19617748e-02  2.56413600e+00  4.54040013e-01\n  -4.44669709e-01 -3.02841896e-01]\n [ 2.41633411e-01  5.87110796e-01  4.54040013e-01  3.03728053e+00\n  -6.88514524e-01 -6.56743926e-01]\n [-6.83230844e-01 -4.44248930e-03 -4.44669709e-01 -6.88514524e-01\n   6.24751815e+00  4.86658605e+00]\n [-2.44652270e-01  3.26187059e-01 -3.02841896e-01 -6.56743926e-01\n   4.86658605e+00  6.55445891e+00]]", "nfev": "189", "njev": "27", "status": "0", "success": "True", "message": "Optimization terminated successfully.", "x": "[-1.53388641  6.68770407  0.23201898  3.81207487  0.0316486   4.44746682]", "nit": "22"}, "5": {"maxiter": 100, "gtol": 1e-10, "xrtol": 1e-05, "eps": 1e-10, "duration": 0.03494596481323242, "fun": "0.12830259281752254", "jac": "[-2.22044587e-06  0.00000000e+00 -1.11022293e-06  2.22044587e-06\n  0.00000000e+00  0.00000000e+00]", "hess_inv": "[[ 2.72628766 -0.16299112  0.1194858   0.16321503 -0.68543775 -0.43792872]\n [-0.16299112  3.36533385  0.08335673  0.57813923 -0.24874768  0.18815969]\n [ 0.1194858   0.08335673  2.57524007  0.43014756 -0.6036193  -0.4021358 ]\n [ 0.16321503  0.57813923  0.43014756  3.03342788 -0.85135193 -0.8253292 ]\n [-0.68543775 -0.24874768 -0.6036193  -0.85135193  5.31085416  3.7024479 ]\n [-0.43792872  0.18815969 -0.4021358  -0.8253292   3.7024479   5.21517035]]", "nfev": "203", "njev": "29", "status": "0", "success": "True", "message": "Optimization terminated successfully.", "x": "[-1.53388411  6.6877088   0.23202192  3.8120804   0.03167214  4.44748497]", "nit": "23"}, "6": {"maxiter": 100, "gtol": 1e-10, "xrtol": 1e-10, "eps": 1e-05, "duration": 0.07608604431152344, "fun": "0.1283025928641699", "jac": "[-3.83626464e-07 -4.13580281e-07 -7.16471327e-07  7.51487761e-07\n -1.36569644e-06  2.24643637e-06]", "hess_inv": "[[ 2.47587331  0.00733163  0.20611238  0.22814856 -0.70540318 -0.40540651]\n [ 0.00733163  3.27483152  0.02063342  0.58831049 -0.01390378  0.42798035]\n [ 0.20611238  0.02063342  2.53678356  0.42937993 -0.51660611 -0.35662715]\n [ 0.22814856  0.58831049  0.42937993  3.05765907 -0.64070083 -0.52328206]\n [-0.70540318 -0.01390378 -0.51660611 -0.64070083  6.35623753  5.20623682]\n [-0.40540651  0.42798035 -0.35662715 -0.52328206  5.20623682  7.22564753]]", "nfev": "446", "njev": "62", "status": "2", "success": "False", "message": "Desired error not necessarily achieved due to precision loss.", "x": "[-1.53388641  6.68770407  0.23201898  3.81207487  0.0316486   4.44746682]", "nit": "22"}, "7": {"maxiter": 100, "gtol": 1e-10, "xrtol": 1e-10, "eps": 1e-10, "duration": 0.048146963119506836, "fun": "0.12830259281502832", "jac": "[2.22044587e-06 0.00000000e+00 0.00000000e+00 1.11022293e-06\n 2.22044602e-06 1.11022293e-06]", "hess_inv": "[[ 1.41404883  1.13556071 -0.11567746 -0.70538666  0.2953748   0.60849387]\n [ 1.13556071  2.85847444  0.49324849 -0.1286112  -0.1836151   0.36587751]\n [-0.11567746  0.49324849  2.55973214  0.02262091 -0.06460941  0.18525078]\n [-0.70538666 -0.1286112   0.02262091  4.81041856 -3.26066896 -3.51947879]\n [ 0.2953748  -0.1836151  -0.06460941 -3.26066896  4.77206169  3.38619951]\n [ 0.60849387  0.36587751  0.18525078 -3.51947879  3.38619951  5.15762616]]", "nfev": "280", "njev": "40", "status": "0", "success": "True", "message": "Optimization terminated successfully.", "x": "[-1.53388048  6.68770804  0.23202315  3.81207758  0.03167379  4.44748706]", "nit": "25"}, "8": {"maxiter": 500, "gtol": 1e-05, "xrtol": 1e-05, "eps": 1e-05, "duration": 0.032644033432006836, "fun": "0.1283025928641699", "jac": "[-3.83626464e-07 -4.13580281e-07 -7.16471327e-07  7.51487761e-07\n -1.36569644e-06  2.24643637e-06]", "hess_inv": "[[ 2.49281659e+00 -2.54167137e-02  1.51331436e-01  2.41633411e-01\n  -6.83230844e-01 -2.44652270e-01]\n [-2.54167137e-02  3.31825659e+00  7.19617748e-02  5.87110796e-01\n  -4.44248930e-03  3.26187059e-01]\n [ 1.51331436e-01  7.19617748e-02  2.56413600e+00  4.54040013e-01\n  -4.44669709e-01 -3.02841896e-01]\n [ 2.41633411e-01  5.87110796e-01  4.54040013e-01  3.03728053e+00\n  -6.88514524e-01 -6.56743926e-01]\n [-6.83230844e-01 -4.44248930e-03 -4.44669709e-01 -6.88514524e-01\n   6.24751815e+00  4.86658605e+00]\n [-2.44652270e-01  3.26187059e-01 -3.02841896e-01 -6.56743926e-01\n   4.86658605e+00  6.55445891e+00]]", "nfev": "189", "njev": "27", "status": "0", "success": "True", "message": "Optimization terminated successfully.", "x": "[-1.53388641  6.68770407  0.23201898  3.81207487  0.0316486   4.44746682]", "nit": "22"}, "9": {"maxiter": 500, "gtol": 1e-05, "xrtol": 1e-05, "eps": 1e-10, "duration": 0.03275799751281738, "fun": "0.128302592825292", "jac": "[-3.33066880e-06  0.00000000e+00 -1.11022293e-06 -1.11022293e-06\n -2.22044602e-06 -2.22044587e-06]", "hess_inv": "[[ 2.45563321e+00  1.55942189e-02  1.86277802e-01  2.39112575e-01\n  -6.65585832e-01 -2.51918538e-01]\n [ 1.55942189e-02  3.32030928e+00  8.98951730e-02  5.69140596e-01\n   6.89246250e-04  4.08522127e-01]\n [ 1.86277802e-01  8.98951730e-02  2.59393506e+00  4.39972058e-01\n  -4.26034285e-01 -2.09558456e-01]\n [ 2.39112575e-01  5.69140596e-01  4.39972058e-01  3.03532264e+00\n  -7.08793618e-01 -6.83911876e-01]\n [-6.65585832e-01  6.89246250e-04 -4.26034285e-01 -7.08793618e-01\n   6.25602736e+00  4.92591508e+00]\n [-2.51918538e-01  4.08522127e-01 -2.09558456e-01 -6.83911876e-01\n   4.92591508e+00  6.70406149e+00]]", "nfev": "189", "njev": "27", "status": "0", "success": "True", "message": "Optimization terminated successfully.", "x": "[-1.53388727  6.68770877  0.23202123  3.8120801   0.03166476  4.44747719]", "nit": "22"}, "10": {"maxiter": 500, "gtol": 1e-05, "xrtol": 1e-10, "eps": 1e-05, "duration": 0.03274798393249512, "fun": "0.1283025928641699", "jac": "[-3.83626464e-07 -4.13580281e-07 -7.16471327e-07  7.51487761e-07\n -1.36569644e-06  2.24643637e-06]", "hess_inv": "[[ 2.49281659e+00 -2.54167137e-02  1.51331436e-01  2.41633411e-01\n  -6.83230844e-01 -2.44652270e-01]\n [-2.54167137e-02  3.31825659e+00  7.19617748e-02  5.87110796e-01\n  -4.44248930e-03  3.26187059e-01]\n [ 1.51331436e-01  7.19617748e-02  2.56413600e+00  4.54040013e-01\n  -4.44669709e-01 -3.02841896e-01]\n [ 2.41633411e-01  5.87110796e-01  4.54040013e-01  3.03728053e+00\n  -6.88514524e-01 -6.56743926e-01]\n [-6.83230844e-01 -4.44248930e-03 -4.44669709e-01 -6.88514524e-01\n   6.24751815e+00  4.86658605e+00]\n [-2.44652270e-01  3.26187059e-01 -3.02841896e-01 -6.56743926e-01\n   4.86658605e+00  6.55445891e+00]]", "nfev": "189", "njev": "27", "status": "0", "success": "True", "message": "Optimization terminated successfully.", "x": "[-1.53388641  6.68770407  0.23201898  3.81207487  0.0316486   4.44746682]", "nit": "22"}, "11": {"maxiter": 500, "gtol": 1e-05, "xrtol": 1e-10, "eps": 1e-10, "duration": 0.03269195556640625, "fun": "0.128302592825292", "jac": "[-3.33066880e-06  0.00000000e+00 -1.11022293e-06 -1.11022293e-06\n -2.22044602e-06 -2.22044587e-06]", "hess_inv": "[[ 2.45563321e+00  1.55942189e-02  1.86277802e-01  2.39112575e-01\n  -6.65585832e-01 -2.51918538e-01]\n [ 1.55942189e-02  3.32030928e+00  8.98951730e-02  5.69140596e-01\n   6.89246250e-04  4.08522127e-01]\n [ 1.86277802e-01  8.98951730e-02  2.59393506e+00  4.39972058e-01\n  -4.26034285e-01 -2.09558456e-01]\n [ 2.39112575e-01  5.69140596e-01  4.39972058e-01  3.03532264e+00\n  -7.08793618e-01 -6.83911876e-01]\n [-6.65585832e-01  6.89246250e-04 -4.26034285e-01 -7.08793618e-01\n   6.25602736e+00  4.92591508e+00]\n [-2.51918538e-01  4.08522127e-01 -2.09558456e-01 -6.83911876e-01\n   4.92591508e+00  6.70406149e+00]]", "nfev": "189", "njev": "27", "status": "0", "success": "True", "message": "Optimization terminated successfully.", "x": "[-1.53388727  6.68770877  0.23202123  3.8120801   0.03166476  4.44747719]", "nit": "22"}, "12": {"maxiter": 500, "gtol": 1e-10, "xrtol": 1e-05, "eps": 1e-05, "duration": 0.03274393081665039, "fun": "0.1283025928641699", "jac": "[-3.83626464e-07 -4.13580281e-07 -7.16471327e-07  7.51487761e-07\n -1.36569644e-06  2.24643637e-06]", "hess_inv": "[[ 2.49281659e+00 -2.54167137e-02  1.51331436e-01  2.41633411e-01\n  -6.83230844e-01 -2.44652270e-01]\n [-2.54167137e-02  3.31825659e+00  7.19617748e-02  5.87110796e-01\n  -4.44248930e-03  3.26187059e-01]\n [ 1.51331436e-01  7.19617748e-02  2.56413600e+00  4.54040013e-01\n  -4.44669709e-01 -3.02841896e-01]\n [ 2.41633411e-01  5.87110796e-01  4.54040013e-01  3.03728053e+00\n  -6.88514524e-01 -6.56743926e-01]\n [-6.83230844e-01 -4.44248930e-03 -4.44669709e-01 -6.88514524e-01\n   6.24751815e+00  4.86658605e+00]\n [-2.44652270e-01  3.26187059e-01 -3.02841896e-01 -6.56743926e-01\n   4.86658605e+00  6.55445891e+00]]", "nfev": "189", "njev": "27", "status": "0", "success": "True", "message": "Optimization terminated successfully.", "x": "[-1.53388641  6.68770407  0.23201898  3.81207487  0.0316486   4.44746682]", "nit": "22"}, "13": {"maxiter": 500, "gtol": 1e-10, "xrtol": 1e-05, "eps": 1e-10, "duration": 0.035282135009765625, "fun": "0.12830259281752254", "jac": "[-2.22044587e-06  0.00000000e+00 -1.11022293e-06  2.22044587e-06\n  0.00000000e+00  0.00000000e+00]", "hess_inv": "[[ 2.72628766 -0.16299112  0.1194858   0.16321503 -0.68543775 -0.43792872]\n [-0.16299112  3.36533385  0.08335673  0.57813923 -0.24874768  0.18815969]\n [ 0.1194858   0.08335673  2.57524007  0.43014756 -0.6036193  -0.4021358 ]\n [ 0.16321503  0.57813923  0.43014756  3.03342788 -0.85135193 -0.8253292 ]\n [-0.68543775 -0.24874768 -0.6036193  -0.85135193  5.31085416  3.7024479 ]\n [-0.43792872  0.18815969 -0.4021358  -0.8253292   3.7024479   5.21517035]]", "nfev": "203", "njev": "29", "status": "0", "success": "True", "message": "Optimization terminated successfully.", "x": "[-1.53388411  6.6877088   0.23202192  3.8120804   0.03167214  4.44748497]", "nit": "23"}, "14": {"maxiter": 500, "gtol": 1e-10, "xrtol": 1e-10, "eps": 1e-05, "duration": 0.07609391212463379, "fun": "0.1283025928641699", "jac": "[-3.83626464e-07 -4.13580281e-07 -7.16471327e-07  7.51487761e-07\n -1.36569644e-06  2.24643637e-06]", "hess_inv": "[[ 2.47587331  0.00733163  0.20611238  0.22814856 -0.70540318 -0.40540651]\n [ 0.00733163  3.27483152  0.02063342  0.58831049 -0.01390378  0.42798035]\n [ 0.20611238  0.02063342  2.53678356  0.42937993 -0.51660611 -0.35662715]\n [ 0.22814856  0.58831049  0.42937993  3.05765907 -0.64070083 -0.52328206]\n [-0.70540318 -0.01390378 -0.51660611 -0.64070083  6.35623753  5.20623682]\n [-0.40540651  0.42798035 -0.35662715 -0.52328206  5.20623682  7.22564753]]", "nfev": "446", "njev": "62", "status": "2", "success": "False", "message": "Desired error not necessarily achieved due to precision loss.", "x": "[-1.53388641  6.68770407  0.23201898  3.81207487  0.0316486   4.44746682]", "nit": "22"}, "15": {"maxiter": 500, "gtol": 1e-10, "xrtol": 1e-10, "eps": 1e-10, "duration": 0.047905921936035156, "fun": "0.12830259281502832", "jac": "[2.22044587e-06 0.00000000e+00 0.00000000e+00 1.11022293e-06\n 2.22044602e-06 1.11022293e-06]", "hess_inv": "[[ 1.41404883  1.13556071 -0.11567746 -0.70538666  0.2953748   0.60849387]\n [ 1.13556071  2.85847444  0.49324849 -0.1286112  -0.1836151   0.36587751]\n [-0.11567746  0.49324849  2.55973214  0.02262091 -0.06460941  0.18525078]\n [-0.70538666 -0.1286112   0.02262091  4.81041856 -3.26066896 -3.51947879]\n [ 0.2953748  -0.1836151  -0.06460941 -3.26066896  4.77206169  3.38619951]\n [ 0.60849387  0.36587751  0.18525078 -3.51947879  3.38619951  5.15762616]]", "nfev": "280", "njev": "40", "status": "0", "success": "True", "message": "Optimization terminated successfully.", "x": "[-1.53388048  6.68770804  0.23202315  3.81207758  0.03167379  4.44748706]", "nit": "25"}, "16": {"maxiter": 1000, "gtol": 1e-05, "xrtol": 1e-05, "eps": 1e-05, "duration": 0.03249406814575195, "fun": "0.1283025928641699", "jac": "[-3.83626464e-07 -4.13580281e-07 -7.16471327e-07  7.51487761e-07\n -1.36569644e-06  2.24643637e-06]", "hess_inv": "[[ 2.49281659e+00 -2.54167137e-02  1.51331436e-01  2.41633411e-01\n  -6.83230844e-01 -2.44652270e-01]\n [-2.54167137e-02  3.31825659e+00  7.19617748e-02  5.87110796e-01\n  -4.44248930e-03  3.26187059e-01]\n [ 1.51331436e-01  7.19617748e-02  2.56413600e+00  4.54040013e-01\n  -4.44669709e-01 -3.02841896e-01]\n [ 2.41633411e-01  5.87110796e-01  4.54040013e-01  3.03728053e+00\n  -6.88514524e-01 -6.56743926e-01]\n [-6.83230844e-01 -4.44248930e-03 -4.44669709e-01 -6.88514524e-01\n   6.24751815e+00  4.86658605e+00]\n [-2.44652270e-01  3.26187059e-01 -3.02841896e-01 -6.56743926e-01\n   4.86658605e+00  6.55445891e+00]]", "nfev": "189", "njev": "27", "status": "0", "success": "True", "message": "Optimization terminated successfully.", "x": "[-1.53388641  6.68770407  0.23201898  3.81207487  0.0316486   4.44746682]", "nit": "22"}, "17": {"maxiter": 1000, "gtol": 1e-05, "xrtol": 1e-05, "eps": 1e-10, "duration": 0.03247809410095215, "fun": "0.128302592825292", "jac": "[-3.33066880e-06  0.00000000e+00 -1.11022293e-06 -1.11022293e-06\n -2.22044602e-06 -2.22044587e-06]", "hess_inv": "[[ 2.45563321e+00  1.55942189e-02  1.86277802e-01  2.39112575e-01\n  -6.65585832e-01 -2.51918538e-01]\n [ 1.55942189e-02  3.32030928e+00  8.98951730e-02  5.69140596e-01\n   6.89246250e-04  4.08522127e-01]\n [ 1.86277802e-01  8.98951730e-02  2.59393506e+00  4.39972058e-01\n  -4.26034285e-01 -2.09558456e-01]\n [ 2.39112575e-01  5.69140596e-01  4.39972058e-01  3.03532264e+00\n  -7.08793618e-01 -6.83911876e-01]\n [-6.65585832e-01  6.89246250e-04 -4.26034285e-01 -7.08793618e-01\n   6.25602736e+00  4.92591508e+00]\n [-2.51918538e-01  4.08522127e-01 -2.09558456e-01 -6.83911876e-01\n   4.92591508e+00  6.70406149e+00]]", "nfev": "189", "njev": "27", "status": "0", "success": "True", "message": "Optimization terminated successfully.", "x": "[-1.53388727  6.68770877  0.23202123  3.8120801   0.03166476  4.44747719]", "nit": "22"}, "18": {"maxiter": 1000, "gtol": 1e-05, "xrtol": 1e-10, "eps": 1e-05, "duration": 0.03245902061462402, "fun": "0.1283025928641699", "jac": "[-3.83626464e-07 -4.13580281e-07 -7.16471327e-07  7.51487761e-07\n -1.36569644e-06  2.24643637e-06]", "hess_inv": "[[ 2.49281659e+00 -2.54167137e-02  1.51331436e-01  2.41633411e-01\n  -6.83230844e-01 -2.44652270e-01]\n [-2.54167137e-02  3.31825659e+00  7.19617748e-02  5.87110796e-01\n  -4.44248930e-03  3.26187059e-01]\n [ 1.51331436e-01  7.19617748e-02  2.56413600e+00  4.54040013e-01\n  -4.44669709e-01 -3.02841896e-01]\n [ 2.41633411e-01  5.87110796e-01  4.54040013e-01  3.03728053e+00\n  -6.88514524e-01 -6.56743926e-01]\n [-6.83230844e-01 -4.44248930e-03 -4.44669709e-01 -6.88514524e-01\n   6.24751815e+00  4.86658605e+00]\n [-2.44652270e-01  3.26187059e-01 -3.02841896e-01 -6.56743926e-01\n   4.86658605e+00  6.55445891e+00]]", "nfev": "189", "njev": "27", "status": "0", "success": "True", "message": "Optimization terminated successfully.", "x": "[-1.53388641  6.68770407  0.23201898  3.81207487  0.0316486   4.44746682]", "nit": "22"}, "19": {"maxiter": 1000, "gtol": 1e-05, "xrtol": 1e-10, "eps": 1e-10, "duration": 0.03238677978515625, "fun": "0.128302592825292", "jac": "[-3.33066880e-06  0.00000000e+00 -1.11022293e-06 -1.11022293e-06\n -2.22044602e-06 -2.22044587e-06]", "hess_inv": "[[ 2.45563321e+00  1.55942189e-02  1.86277802e-01  2.39112575e-01\n  -6.65585832e-01 -2.51918538e-01]\n [ 1.55942189e-02  3.32030928e+00  8.98951730e-02  5.69140596e-01\n   6.89246250e-04  4.08522127e-01]\n [ 1.86277802e-01  8.98951730e-02  2.59393506e+00  4.39972058e-01\n  -4.26034285e-01 -2.09558456e-01]\n [ 2.39112575e-01  5.69140596e-01  4.39972058e-01  3.03532264e+00\n  -7.08793618e-01 -6.83911876e-01]\n [-6.65585832e-01  6.89246250e-04 -4.26034285e-01 -7.08793618e-01\n   6.25602736e+00  4.92591508e+00]\n [-2.51918538e-01  4.08522127e-01 -2.09558456e-01 -6.83911876e-01\n   4.92591508e+00  6.70406149e+00]]", "nfev": "189", "njev": "27", "status": "0", "success": "True", "message": "Optimization terminated successfully.", "x": "[-1.53388727  6.68770877  0.23202123  3.8120801   0.03166476  4.44747719]", "nit": "22"}, "20": {"maxiter": 1000, "gtol": 1e-10, "xrtol": 1e-05, "eps": 1e-05, "duration": 0.03245902061462402, "fun": "0.1283025928641699", "jac": "[-3.83626464e-07 -4.13580281e-07 -7.16471327e-07  7.51487761e-07\n -1.36569644e-06  2.24643637e-06]", "hess_inv": "[[ 2.49281659e+00 -2.54167137e-02  1.51331436e-01  2.41633411e-01\n  -6.83230844e-01 -2.44652270e-01]\n [-2.54167137e-02  3.31825659e+00  7.19617748e-02  5.87110796e-01\n  -4.44248930e-03  3.26187059e-01]\n [ 1.51331436e-01  7.19617748e-02  2.56413600e+00  4.54040013e-01\n  -4.44669709e-01 -3.02841896e-01]\n [ 2.41633411e-01  5.87110796e-01  4.54040013e-01  3.03728053e+00\n  -6.88514524e-01 -6.56743926e-01]\n [-6.83230844e-01 -4.44248930e-03 -4.44669709e-01 -6.88514524e-01\n   6.24751815e+00  4.86658605e+00]\n [-2.44652270e-01  3.26187059e-01 -3.02841896e-01 -6.56743926e-01\n   4.86658605e+00  6.55445891e+00]]", "nfev": "189", "njev": "27", "status": "0", "success": "True", "message": "Optimization terminated successfully.", "x": "[-1.53388641  6.68770407  0.23201898  3.81207487  0.0316486   4.44746682]", "nit": "22"}, "21": {"maxiter": 1000, "gtol": 1e-10, "xrtol": 1e-05, "eps": 1e-10, "duration": 0.03479290008544922, "fun": "0.12830259281752254", "jac": "[-2.22044587e-06  0.00000000e+00 -1.11022293e-06  2.22044587e-06\n  0.00000000e+00  0.00000000e+00]", "hess_inv": "[[ 2.72628766 -0.16299112  0.1194858   0.16321503 -0.68543775 -0.43792872]\n [-0.16299112  3.36533385  0.08335673  0.57813923 -0.24874768  0.18815969]\n [ 0.1194858   0.08335673  2.57524007  0.43014756 -0.6036193  -0.4021358 ]\n [ 0.16321503  0.57813923  0.43014756  3.03342788 -0.85135193 -0.8253292 ]\n [-0.68543775 -0.24874768 -0.6036193  -0.85135193  5.31085416  3.7024479 ]\n [-0.43792872  0.18815969 -0.4021358  -0.8253292   3.7024479   5.21517035]]", "nfev": "203", "njev": "29", "status": "0", "success": "True", "message": "Optimization terminated successfully.", "x": "[-1.53388411  6.6877088   0.23202192  3.8120804   0.03167214  4.44748497]", "nit": "23"}, "22": {"maxiter": 1000, "gtol": 1e-10, "xrtol": 1e-10, "eps": 1e-05, "duration": 0.07602977752685547, "fun": "0.1283025928641699", "jac": "[-3.83626464e-07 -4.13580281e-07 -7.16471327e-07  7.51487761e-07\n -1.36569644e-06  2.24643637e-06]", "hess_inv": "[[ 2.47587331  0.00733163  0.20611238  0.22814856 -0.70540318 -0.40540651]\n [ 0.00733163  3.27483152  0.02063342  0.58831049 -0.01390378  0.42798035]\n [ 0.20611238  0.02063342  2.53678356  0.42937993 -0.51660611 -0.35662715]\n [ 0.22814856  0.58831049  0.42937993  3.05765907 -0.64070083 -0.52328206]\n [-0.70540318 -0.01390378 -0.51660611 -0.64070083  6.35623753  5.20623682]\n [-0.40540651  0.42798035 -0.35662715 -0.52328206  5.20623682  7.22564753]]", "nfev": "446", "njev": "62", "status": "2", "success": "False", "message": "Desired error not necessarily achieved due to precision loss.", "x": "[-1.53388641  6.68770407  0.23201898  3.81207487  0.0316486   4.44746682]", "nit": "22"}, "23": {"maxiter": 1000, "gtol": 1e-10, "xrtol": 1e-10, "eps": 1e-10, "duration": 0.04781985282897949, "fun": "0.12830259281502832", "jac": "[2.22044587e-06 0.00000000e+00 0.00000000e+00 1.11022293e-06\n 2.22044602e-06 1.11022293e-06]", "hess_inv": "[[ 1.41404883  1.13556071 -0.11567746 -0.70538666  0.2953748   0.60849387]\n [ 1.13556071  2.85847444  0.49324849 -0.1286112  -0.1836151   0.36587751]\n [-0.11567746  0.49324849  2.55973214  0.02262091 -0.06460941  0.18525078]\n [-0.70538666 -0.1286112   0.02262091  4.81041856 -3.26066896 -3.51947879]\n [ 0.2953748  -0.1836151  -0.06460941 -3.26066