{"date": "2024/07/19/, 19:16:06", "conf_id": 289, "data_type": "var_s_rank\n", "num_data_points": 3, "s_rank": 0, "unitary": "[[-0.24866696+0.58742286j,-0.44704345-0.43151574j,-0.35669027-0.20570733j,-0.10517633+0.1626036j],[0.10596805-0.19687975j,-0.30269685-0.15056416j,0.18246286+0.30440582j,-0.83484447-0.11310748j],[0.26054512-0.52548482j,0.0285017-0.50723956j,-0.43110112+0.17165838j,0.15243271+0.39915801j],[0.42978035+0.11991271j,-0.17224126-0.46030424j,0.6827807-0.15164662j,0.26483638+0.0061855j]]", "databatch_0": {"databatch": "[[[0.06680517+0.00112263j,-0.08392531-0.18509569j,0.03702144-0.09559111j,0.04022223-0.1657705j],[0.0602634+0.06453679j,0.14392093-0.3587451j,0.11910815+0.04581411j,0.16001634-0.05609346j],[0.14175165+0.03440287j,0.31030863-0.26732584j,-0.2370782-0.20843123j,-0.04718351-0.4615039j],[0.06692459-0.08231237j,-0.25881534-0.05953915j,-0.13086136-0.13865274j,-0.19695266-0.22707506j]],[[0.14198197-0.17884077j,0.26647622-0.07506255j,-0.29337235-0.11441741j,-0.01148417+0.04718674j],[0.19092855+0.00934089j,0.31559986+0.11970067j,-0.11417816-0.31103528j,-0.17409503+0.13757845j],[-0.01000264-0.01167511j,0.10700684-0.0709573j,-0.06576379-0.01803327j,-0.08459291+0.136963j],[0.12103277+0.1780202j,-0.27558155-0.06818229j,0.10673294-0.01590833j,0.49694201+0.16549872j]],[[-0.36361191-0.2037674j,-0.2296901-0.06647419j,0.27066619+0.05010241j,0.08168058-0.21079874j],[-0.08830406-0.06219253j,-0.03529167+0.07224529j,0.12564993-0.03452596j,0.09069892+0.04082919j],[0.18370276-0.12317177j,0.07832405-0.01894557j,-0.03401896+0.09146398j,0.10245137+0.17183134j],[0.37074022+0.33385429j,0.19947949+0.10841796j,-0.30245507-0.08215029j,-0.21838097+0.21419293j]]]", "initial param values": "[0.15796006,1.61709147,3.12204139,1.81356103,5.72540508,5.45929685]", "nelder_mead": {"type": "gradient-free", "0": {"maxiter": 100, "fatol": 1e-05, "xatol": 1e-05, "duration": 0.02764892578125, "fun": "0.5923888555026564", "nit": "100", "nfev": "163", "status": "2", "success": "False", "message": "Maximum number of iterations has been exceeded.", "x": "[0.09254024 1.88198125 2.61156143 1.51099327 8.74496371 5.21168335]", "final_simplex": "(array([[0.09254024, 1.88198125, 2.61156143, 1.51099327, 8.74496371,\n        5.21168335],\n       [0.09308843, 1.81615123, 2.62963679, 1.47484588, 8.68476192,\n        5.29756229],\n       [0.09186718, 1.84805751, 2.62456097, 1.50137186, 8.77983319,\n        5.25776897],\n       [0.09500819, 1.83826636, 2.69670079, 1.53539115, 8.76490918,\n        5.23526456],\n       [0.09444297, 1.80953307, 2.69389971, 1.41180519, 8.76296788,\n        5.28942862],\n       [0.09484166, 1.82925444, 2.69138408, 1.46569231, 8.72662798,\n        5.27367766],\n       [0.09375767, 1.83871619, 2.66782473, 1.45353148, 8.76267366,\n        5.28391388]]), array([0.59238886, 0.59293097, 0.59314269, 0.5937878 , 0.59414326,\n       0.59426284, 0.59463227]))"}, "1": {"maxiter": 100, "fatol": 1e-05, "xatol": 1e-10, "duration": 0.027480125427246094, "fun": "0.5923888555026564", "nit": "100", "nfev": "163", "status": "2", "success": "False", "message": "Maximum number of iterations has been exceeded.", "x": "[0.09254024 1.88198125 2.61156143 1.51099327 8.74496371 5.21168335]", "final_simplex": "(array([[0.09254024, 1.88198125, 2.61156143, 1.51099327, 8.74496371,\n        5.21168335],\n       [0.09308843, 1.81615123, 2.62963679, 1.47484588, 8.68476192,\n        5.29756229],\n       [0.09186718, 1.84805751, 2.62456097, 1.50137186, 8.77983319,\n        5.25776897],\n       [0.09500819, 1.83826636, 2.69670079, 1.53539115, 8.76490918,\n        5.23526456],\n       [0.09444297, 1.80953307, 2.69389971, 1.41180519, 8.76296788,\n        5.28942862],\n       [0.09484166, 1.82925444, 2.69138408, 1.46569231, 8.72662798,\n        5.27367766],\n       [0.09375767, 1.83871619, 2.66782473, 1.45353148, 8.76267366,\n        5.28391388]]), array([0.59238886, 0.59293097, 0.59314269, 0.5937878 , 0.59414326,\n       0.59426284, 0.59463227]))"}, "2": {"maxiter": 100, "fatol": 1e-10, "xatol": 1e-05, "duration": 0.02739691734313965, "fun": "0.5923888555026564", "nit": "100", "nfev": "163", "status": "2", "success": "False", "message": "Maximum number of iterations has been exceeded.", "x": "[0.09254024 1.88198125 2.61156143 1.51099327 8.74496371 5.21168335]", "final_simplex": "(array([[0.09254024, 1.88198125, 2.61156143, 1.51099327, 8.74496371,\n        5.21168335],\n       [0.09308843, 1.81615123, 2.62963679, 1.47484588, 8.68476192,\n        5.29756229],\n       [0.09186718, 1.84805751, 2.62456097, 1.50137186, 8.77983319,\n        5.25776897],\n       [0.09500819, 1.83826636, 2.69670079, 1.53539115, 8.76490918,\n        5.23526456],\n       [0.09444297, 1.80953307, 2.69389971, 1.41180519, 8.76296788,\n        5.28942862],\n       [0.09484166, 1.82925444, 2.69138408, 1.46569231, 8.72662798,\n        5.27367766],\n       [0.09375767, 1.83871619, 2.66782473, 1.45353148, 8.76267366,\n        5.28391388]]), array([0.59238886, 0.59293097, 0.59314269, 0.5937878 , 0.59414326,\n       0.59426284, 0.59463227]))"}, "3": {"maxiter": 100, "fatol": 1e-10, "xatol": 1e-10, "duration": 0.02753591537475586, "fun": "0.5923888555026564", "nit": "100", "nfev": "163", "status": "2", "success": "False", "message": "Maximum number of iterations has been exceeded.", "x": "[0.09254024 1.88198125 2.61156143 1.51099327 8.74496371 5.21168335]", "final_simplex": "(array([[0.09254024, 1.88198125, 2.61156143, 1.51099327, 8.74496371,\n        5.21168335],\n       [0.09308843, 1.81615123, 2.62963679, 1.47484588, 8.68476192,\n        5.29756229],\n       [0.09186718, 1.84805751, 2.62456097, 1.50137186, 8.77983319,\n        5.25776897],\n       [0.09500819, 1.83826636, 2.69670079, 1.53539115, 8.76490918,\n        5.23526456],\n       [0.09444297, 1.80953307, 2.69389971, 1.41180519, 8.76296788,\n        5.28942862],\n       [0.09484166, 1.82925444, 2.69138408, 1.46569231, 8.72662798,\n        5.27367766],\n       [0.09375767, 1.83871619, 2.66782473, 1.45353148, 8.76267366,\n        5.28391388]]), array([0.59238886, 0.59293097, 0.59314269, 0.5937878 , 0.59414326,\n       0.59426284, 0.59463227]))"}, "4": {"maxiter": 500, "fatol": 1e-05, "xatol": 1e-05, "duration": 0.12780117988586426, "fun": "0.3407053055882895", "nit": "500", "nfev": "758", "status": "2", "success": "False", "message": "Maximum number of iterations has been exceeded.", "x": "[1.45368062 0.23609199 4.20050788 1.71495794 8.94593429 5.56532232]", "final_simplex": "(array([[1.45368062, 0.23609199, 4.20050788, 1.71495794, 8.94593429,\n        5.56532232],\n       [1.49456018, 0.23146255, 4.05460086, 1.73029417, 8.88186855,\n        5.51903141],\n       [1.46288208, 0.29526478, 4.16659075, 1.79353868, 8.98898388,\n        5.52282048],\n       [1.39951574, 0.23446706, 4.04858783, 1.77007756, 8.81326553,\n        5.47783395],\n       [1.48576062, 0.22832048, 4.07746135, 1.82842467, 8.80416802,\n        5.48404005],\n       [1.42439041, 0.25294265, 4.23731317, 1.71664213, 8.96874784,\n        5.44055277],\n       [1.49214281, 0.36653813, 4.152836  , 1.81203513, 8.880544  ,\n        5.58964021]]), array([0.34070531, 0.34188426, 0.34256794, 0.34360974, 0.34451629,\n       0.34478608, 0.3454594 ]))"}, "5": {"maxiter": 500, "fatol": 1e-05, "xatol": 1e-10, "duration": 0.12960481643676758, "fun": "0.3407053055882895", "nit": "500", "nfev": "758", "status": "2", "success": "False", "message": "Maximum number of iterations has been exceeded.", "x": "[1.45368062 0.23609199 4.20050788 1.71495794 8.94593429 5.56532232]", "final_simplex": "(array([[1.45368062, 0.23609199, 4.20050788, 1.71495794, 8.94593429,\n        5.56532232],\n       [1.49456018, 0.23146255, 4.05460086, 1.73029417, 8.88186855,\n        5.51903141],\n       [1.46288208, 0.29526478, 4.16659075, 1.79353868, 8.98898388,\n        5.52282048],\n       [1.39951574, 0.23446706, 4.04858783, 1.77007756, 8.81326553,\n        5.47783395],\n       [1.48576062, 0.22832048, 4.07746135, 1.82842467, 8.80416802,\n        5.48404005],\n       [1.42439041, 0.25294265, 4.23731317, 1.71664213, 8.96874784,\n        5.44055277],\n       [1.49214281, 0.36653813, 4.152836  , 1.81203513, 8.880544  ,\n        5.58964021]]), array([0.34070531, 0.34188426, 0.34256794, 0.34360974, 0.34451629,\n       0.34478608, 0.3454594 ]))"}, "6": {"maxiter": 500, "fatol": 1e-10, "xatol": 1e-05, "duration": 0.12927484512329102, "fun": "0.3407053055882895", "nit": "500", "nfev": "758", "status": "2", "success": "False", "message": "Maximum number of iterations has been exceeded.", "x": "[1.45368062 0.23609199 4.20050788 1.71495794 8.94593429 5.56532232]", "final_simplex": "(array([[1.45368062, 0.23609199, 4.20050788, 1.71495794, 8.94593429,\n        5.56532232],\n       [1.49456018, 0.23146255, 4.05460086, 1.73029417, 8.88186855,\n        5.51903141],\n       [1.46288208, 0.29526478, 4.16659075, 1.79353868, 8.98898388,\n        5.52282048],\n       [1.39951574, 0.23446706, 4.04858783, 1.77007756, 8.81326553,\n        5.47783395],\n       [1.48576062, 0.22832048, 4.07746135, 1.82842467, 8.80416802,\n        5.48404005],\n       [1.42439041, 0.25294265, 4.23731317, 1.71664213, 8.96874784,\n        5.44055277],\n       [1.49214281, 0.36653813, 4.152836  , 1.81203513, 8.880544  ,\n        5.58964021]]), array([0.34070531, 0.34188426, 0.34256794, 0.34360974, 0.34451629,\n       0.34478608, 0.3454594 ]))"}, "7": {"maxiter": 500, "fatol": 1e-10, "xatol": 1e-10, "duration": 0.12926506996154785, "fun": "0.3407053055882895", "nit": "500", "nfev": "758", "status": "2", "success": "False", "message": "Maximum number of iterations has been exceeded.", "x": "[1.45368062 0.23609199 4.20050788 1.71495794 8.94593429 5.56532232]", "final_simplex": "(array([[1.45368062, 0.23609199, 4.20050788, 1.71495794, 8.94593429,\n        5.56532232],\n       [1.49456018, 0.23146255, 4.05460086, 1.73029417, 8.88186855,\n        5.51903141],\n       [1.46288208, 0.29526478, 4.16659075, 1.79353868, 8.98898388,\n        5.52282048],\n       [1.39951574, 0.23446706, 4.04858783, 1.77007756, 8.81326553,\n        5.47783395],\n       [1.48576062, 0.22832048, 4.07746135, 1.82842467, 8.80416802,\n        5.48404005],\n       [1.42439041, 0.25294265, 4.23731317, 1.71664213, 8.96874784,\n        5.44055277],\n       [1.49214281, 0.36653813, 4.152836  , 1.81203513, 8.880544  ,\n        5.58964021]]), array([0.34070531, 0.34188426, 0.34256794, 0.34360974, 0.34451629,\n       0.34478608, 0.3454594 ]))"}, "8": {"maxiter": 1000, "fatol": 1e-05, "xatol": 1e-05, "duration": 0.19498515129089355, "fun": "0.3381918698439972", "nit": "736", "nfev": "1143", "status": "0", "success": "True", "message": "Optimization terminated successfully.", "x": "[1.49877974 0.1378526  4.13841824 1.68057725 8.99075829 5.64389703]", "final_simplex": "(array([[1.49877974, 0.1378526 , 4.13841824, 1.68057725, 8.99075829,\n        5.64389703],\n       [1.49877955, 0.13784952, 4.13842398, 1.68057369, 8.99076045,\n        5.64389974],\n       [1.4987798 , 0.13785056, 4.13841474, 1.68057283, 8.99075369,\n        5.64389886],\n       [1.49878201, 0.13784645, 4.13841828, 1.68057175, 8.99075944,\n        5.6438972 ],\n       [1.49877816, 0.13784405, 4.13841252, 1.68057569, 8.99075006,\n        5.64389652],\n       [1.49877791, 0.1378517 , 4.13842204, 1.68057097, 8.99075714,\n        5.64389208],\n       [1.4987733 , 0.13785041, 4.13841798, 1.68057058, 8.99075935,\n        5.64389795]]), array([0.33819187, 0.33819187, 0.33819187, 0.33819187, 0.33819187,\n       0.33819187, 0.33819187]))"}, "9": {"maxiter": 1000, "fatol": 1e-05, "xatol": 1e-10, "duration": 0.2334740161895752, "fun": "0.33819186984190386", "nit": "833", "nfev": "1356", "status": "0", "success": "True", "message": "Optimization terminated successfully.", "x": "[1.49877847 0.13784993 4.13841901 1.68057507 8.99075606 5.64389793]", "final_simplex": "(array([[1.49877847, 0.13784993, 4.13841901, 1.68057507, 8.99075606,\n        5.64389793],\n       [1.49877847, 0.13784993, 4.13841901, 1.68057507, 8.99075606,\n        5.64389793],\n       [1.49877847, 0.13784993, 4.13841901, 1.68057507, 8.99075606,\n        5.64389793],\n       [1.49877847, 0.13784993, 4.13841901, 1.68057507, 8.99075606,\n        5.64389793],\n       [1.49877847, 0.13784993, 4.13841901, 1.68057507, 8.99075606,\n        5.64389793],\n       [1.49877847, 0.13784993, 4.13841901, 1.68057507, 8.99075606,\n        5.64389793],\n       [1.49877847, 0.13784993, 4.13841901, 1.68057507, 8.99075606,\n        5.64389793]]), array([0.33819187, 0.33819187, 0.33819187, 0.33819187, 0.33819187,\n       0.33819187, 0.33819187]))"}, "10": {"maxiter": 1000, "fatol": 1e-10, "xatol": 1e-05, "duration": 0.1966867446899414, "fun": "0.3381918698439972", "nit": "736", "nfev": "1143", "status": "0", "success": "True", "message": "Optimization terminated successfully.", "x": "[1.49877974 0.1378526  4.13841824 1.68057725 8.99075829 5.64389703]", "final_simplex": "(array([[1.49877974, 0.1378526 , 4.13841824, 1.68057725, 8.99075829,\n        5.64389703],\n       [1.49877955, 0.13784952, 4.13842398, 1.68057369, 8.99076045,\n        5.64389974],\n       [1.4987798 , 0.13785056, 4.13841474, 1.68057283, 8.99075369,\n        5.64389886],\n       [1.49878201, 0.13784645, 4.13841828, 1.68057175, 8.99075944,\n        5.6438972 ],\n       [1.49877816, 0.13784405, 4.13841252, 1.68057569, 8.99075006,\n        5.64389652],\n       [1.49877791, 0.1378517 , 4.13842204, 1.68057097, 8.99075714,\n        5.64389208],\n       [1.4987733 , 0.13785041, 4.13841798, 1.68057058, 8.99075935,\n        5.64389795]]), array([0.33819187, 0.33819187, 0.33819187, 0.33819187, 0.33819187,\n       0.33819187, 0.33819187]))"}, "11": {"maxiter": 1000, "fatol": 1e-10, "xatol": 1e-10, "duration": 0.23223876953125, "fun": "0.33819186984190386", "nit": "833", "nfev": "1356", "status": "0", "success": "True", "message": "Optimization terminated successfully.", "x": "[1.49877847 0.13784993 4.13841901 1.68057507 8.99075606 5.64389793]", "final_simplex": "(array([[1.49877847, 0.13784993, 4.13841901, 1.68057507, 8.99075606,\n        5.64389793],\n       [1.49877847, 0.13784993, 4.13841901, 1.68057507, 8.99075606,\n        5.64389793],\n       [1.49877847, 0.13784993, 4.13841901, 1.68057507, 8.99075606,\n        5.64389793],\n       [1.49877847, 0.13784993, 4.13841901, 1.68057507, 8.99075606,\n        5.64389793],\n       [1.49877847, 0.13784993, 4.13841901, 1.68057507, 8.99075606,\n        5.64389793],\n       [1.49877847, 0.13784993, 4.13841901, 1.68057507, 8.99075606,\n        5.64389793],\n       [1.49877847, 0.13784993, 4.13841901, 1.68057507, 8.99075606,\n        5.64389793]]), array([0.33819187, 0.33819187, 0.33819187, 0.33819187, 0.33819187,\n       0.33819187, 0.33819187]))"}}, "bfgs": {"type": "gradient", "0": {"maxiter": 100, "gtol": 1e-05, "xrtol": 1e-05, "eps": 1e-05, "duration": 0.04800224304199219, "fun": "0.3381918704381429", "jac": "[ 4.95544716e-06  9.79413217e-06  6.00186567e-07 -5.07223152e-06\n -7.24024174e-06 -8.38159542e-06]", "hess_inv": "[[ 3.88631534  0.37896136  0.58461798  0.08702156  1.89641855  1.60845678]\n [ 0.37896136  5.24869592  0.6209212   1.59656647  1.56521001  0.37944978]\n [ 0.58461798  0.6209212   5.52778126 -0.75906895  4.16970391 -0.29005229]\n [ 0.08702156  1.59656647 -0.75906895  4.33351978 -0.73301331 -0.47488609]\n [ 1.89641855  1.56521001  4.16970391 -0.73301331  8.24863304  1.04778086]\n [ 1.60845678  0.37944978 -0.29005229 -0.47488609  1.04778086  4.35507725]]", "nfev": "273", "njev": "39", "status": "0", "success": "True", "message": "Optimization terminated successfully.", "x": "[1.49876285 6.4210659  4.13839375 1.68057261 8.99069546 5.64385398]", "nit": "30"}, "1": {"maxiter": 100, "gtol": 1e-05, "xrtol": 1e-05, "eps": 1e-10, "duration": 0.04910778999328613, "fun": "0.3381918698749269", "jac": "[3.33066880e-06 1.11022293e-06 1.11022293e-06 3.33066880e-06\n 1.11022293e-06 1.11022293e-06]", "hess_inv": "[[ 3.77868945  0.4323701   0.59778556  0.15622888  1.84604321  1.61620266]\n [ 0.4323701   5.45644666  0.54011426  1.51242059  1.4284548   0.15999608]\n [ 0.59778556  0.54011426  5.57018733 -0.74827086  4.25022056 -0.19273043]\n [ 0.15622888  1.51242059 -0.74827086  4.29229485 -0.67449708 -0.42293514]\n [ 1.84604321  1.4284548   4.25022056 -0.67449708  8.35990278  1.2414817 ]\n [ 1.61620266  0.15999608 -0.19273043 -0.42293514  1.2414817   4.60758719]]", "nfev": "280", "njev": "40", "status": "0", "success": "True", "message": "Optimization terminated successfully.", "x": "[1.49878662 6.42104801 4.13842634 1.68058526 8.99076445 5.64390274]", "nit": "31"}, "2": {"maxiter": 100, "gtol": 1e-05, "xrtol": 1e-10, "eps": 1e-05, "duration": 0.04779696464538574, "fun": "0.3381918704381429", "jac": "[ 4.95544716e-06  9.79413217e-06  6.00186567e-07 -5.07223152e-06\n -7.24024174e-06 -8.38159542e-06]", "hess_inv": "[[ 3.88631534  0.37896136  0.58461798  0.08702156  1.89641855  1.60845678]\n [ 0.37896136  5.24869592  0.6209212   1.59656647  1.56521001  0.37944978]\n [ 0.58461798  0.6209212   5.52778126 -0.75906895  4.16970391 -0.29005229]\n [ 0.08702156  1.59656647 -0.75906895  4.33351978 -0.73301331 -0.47488609]\n [ 1.89641855  1.56521001  4.16970391 -0.73301331  8.24863304  1.04778086]\n [ 1.60845678  0.37944978 -0.29005229 -0.47488609  1.04778086  4.35507725]]", "nfev": "273", "njev": "39", "status": "0", "success": "True", "message": "Optimization terminated successfully.", "x": "[1.49876285 6.4210659  4.13839375 1.68057261 8.99069546 5.64385398]", "nit": "30"}, "3": {"maxiter": 100, "gtol": 1e-05, "xrtol": 1e-10, "eps": 1e-10, "duration": 0.049019813537597656, "fun": "0.3381918698749269", "jac": "[3.33066880e-06 1.11022293e-06 1.11022293e-06 3.33066880e-06\n 1.11022293e-06 1.11022293e-06]", "hess_inv": "[[ 3.77868945  0.4323701   0.59778556  0.15622888  1.84604321  1.61620266]\n [ 0.4323701   5.45644666  0.54011426  1.51242059  1.4284548   0.15999608]\n [ 0.59778556  0.54011426  5.57018733 -0.74827086  4.25022056 -0.19273043]\n [ 0.15622888  1.51242059 -0.74827086  4.29229485 -0.67449708 -0.42293514]\n [ 1.84604321  1.4284548   4.25022056 -0.67449708  8.35990278  1.2414817 ]\n [ 1.61620266  0.15999608 -0.19273043 -0.42293514  1.2414817   4.60758719]]", "nfev": "280", "njev": "40", "status": "0", "success": "True", "message": "Optimization terminated successfully.", "x": "[1.49878662 6.42104801 4.13842634 1.68058526 8.99076445 5.64390274]", "nit": "31"}, "4": {"maxiter": 100, "gtol": 1e-10, "xrtol": 1e-05, "eps": 1e-05, "duration": 0.04907989501953125, "fun": "0.338191869879807", "jac": "[-1.88193905e-07  7.07411907e-07  2.92854629e-07  1.09934284e-07\n -1.18793864e-07  2.03159711e-07]", "hess_inv": "[[ 3.80833041  0.43224271  0.57673473  0.15454551  1.78946227  1.58767609]\n [ 0.43224271  5.42556782  0.54145328  1.5441161   1.39821817  0.17333598]\n [ 0.57673473  0.54145328  5.5607445  -0.74973018  4.25440554 -0.20449939]\n [ 0.15454551  1.5441161  -0.74973018  4.27524063 -0.63329456 -0.45036832]\n [ 1.78946227  1.39821817  4.25440554 -0.63329456  8.37216748  1.26726788]\n [ 1.58767609  0.17333598 -0.20449939 -0.45036832  1.26726788  4.57712026]]", "nfev": "280", "njev": "40", "status": "0", "success": "True", "message": "Optimization terminated successfully.", "x": "[1.49876645 6.4210297  4.13840754 1.6805705  8.99073837 5.64388979]", "nit": "31"}, "5": {"maxiter": 100, "gtol": 1e-10, "xrtol": 1e-05, "eps": 1e-10, "duration": 0.04900503158569336, "fun": "0.3381918698749269", "jac": "[3.33066880e-06 1.11022293e-06 1.11022293e-06 3.33066880e-06\n 1.11022293e-06 1.11022293e-06]", "hess_inv": "[[ 3.77868945  0.4323701   0.59778556  0.15622888  1.84604321  1.61620266]\n [ 0.4323701   5.45644666  0.54011426  1.51242059  1.4284548   0.15999608]\n [ 0.59778556  0.54011426  5.57018733 -0.74827086  4.25022056 -0.19273043]\n [ 0.15622888  1.51242059 -0.74827086  4.29229485 -0.67449708 -0.42293514]\n [ 1.84604321  1.4284548   4.25022056 -0.67449708  8.35990278  1.2414817 ]\n [ 1.61620266  0.15999608 -0.19273043 -0.42293514  1.2414817   4.60758719]]", "nfev": "280", "njev": "40", "status": "0", "success": "True", "message": "Optimization terminated successfully.", "x": "[1.49878662 6.42104801 4.13842634 1.68058526 8.99076445 5.64390274]", "nit": "31"}, "6": {"maxiter": 100, "gtol": 1e-10, "xrtol": 1e-10, "eps": 1e-05, "duration": 0.07516598701477051, "fun": "0.338191869879807", "jac": "[-1.88193905e-07  7.07411907e-07  2.92854629e-07  1.09934284e-07\n -1.18793864e-07  2.03159711e-07]", "hess_inv": "[[ 3.80897514  0.41468374  0.57241795  0.14929789  1.78739857  1.58760547]\n [ 0.41468374  5.71375538  0.54246736  1.60345063  1.28690187  0.06380772]\n [ 0.57241795  0.54246736  5.51816021 -0.76586022  4.16547417 -0.27238555]\n [ 0.14929789  1.60345063 -0.76586022  4.28118854 -0.69018156 -0.4988156 ]\n [ 1.78739857  1.28690187  4.16547417 -0.69018156  8.23109193  1.16924133]\n [ 1.58760547  0.06380772 -0.27238555 -0.4988156   1.16924133  4.51176034]]", "nfev": "431", "njev": "60", "status": "2", "success": "False", "message": "Desired error not necessarily achieved due to precision loss.", "x": "[1.49876645 6.4210297  4.13840754 1.6805705  8.99073837 5.64388979]", "nit": "31"}, "7": {"maxiter": 100, "gtol": 1e-10, "xrtol": 1e-10, "eps": 1e-10, "duration": 0.06125378608703613, "fun": "0.3381918698448164", "jac": "[0. 0. 0. 0. 0. 0.]", "hess_inv": "[[ 3.33986691  0.90359705  1.10691715  0.95412834  1.86063713  1.57256159]\n [ 0.90359705  7.24500416  2.71200441  3.25236381  3.71699651  0.86394596]\n [ 1.10691715  2.71200441  2.56410535  1.93422112  1.34299787 -0.08632257]\n [ 0.95412834  3.25236381  1.93422112  3.61486016  2.66557509 -0.56260941]\n [ 1.86063713  3.71699651  1.34299787  2.66557509  5.28373878  1.5679305 ]\n [ 1.57256159  0.86394596 -0.08632257 -0.56260941  1.5679305   4.51055807]]", "nfev": "350", "njev": "50", "status": "0", "success": "True", "message": "Optimization terminated successfully.", "x": "[1.49877626 6.42103714 4.13841741 1.68057476 8.99075386 5.64390059]", "nit": "35"}, "8": {"maxiter": 500, "gtol": 1e-05, "xrtol": 1e-05, "eps": 1e-05, "duration": 0.04761481285095215, "fun": "0.3381918704381429", "jac": "[ 4.95544716e-06  9.79413217e-06  6.00186567e-07 -5.07223152e-06\n -7.24024174e-06 -8.38159542e-06]", "hess_inv": "[[ 3.88631534  0.37896136  0.58461798  0.08702156  1.89641855  1.60845678]\n [ 0.37896136  5.24869592  0.6209212   1.59656647  1.56521001  0.37944978]\n [ 0.58461798  0.6209212   5.52778126 -0.75906895  4.16970391 -0.29005229]\n [ 0.08702156  1.59656647 -0.75906895  4.33351978 -0.73301331 -0.47488609]\n [ 1.89641855  1.56521001  4.16970391 -0.73301331  8.24863304  1.04778086]\n [ 1.60845678  0.37944978 -0.29005229 -0.47488609  1.04778086  4.35507725]]", "nfev": "273", "njev": "39", "status": "0", "success": "True", "message": "Optimization terminated successfully.", "x": "[1.49876285 6.4210659  4.13839375 1.68057261 8.99069546 5.64385398]", "nit": "30"}, "9": {"maxiter": 500, "gtol": 1e-05, "xrtol": 1e-05, "eps": 1e-10, "duration": 0.048887014389038086, "fun": "0.3381918698749269", "jac": "[3.33066880e-06 1.11022293e-06 1.11022293e-06 3.33066880e-06\n 1.11022293e-06 1.11022293e-06]", "hess_inv": "[[ 3.77868945  0.4323701   0.59778556  0.15622888  1.84604321  1.61620266]\n [ 0.4323701   5.45644666  0.54011426  1.51242059  1.4284548   0.15999608]\n [ 0.59778556  0.54011426  5.57018733 -0.74827086  4.25022056 -0.19273043]\n [ 0.15622888  1.51242059 -0.74827086  4.29229485 -0.67449708 -0.42293514]\n [ 1.84604321  1.4284548   4.25022056 -0.67449708  8.35990278  1.2414817 ]\n [ 1.61620266  0.15999608 -0.19273043 -0.42293514  1.2414817   4.60758719]]", "nfev": "280", "njev": "40", "status": "0", "success": "True", "message": "Optimization terminated successfully.", "x": "[1.49878662 6.42104801 4.13842634 1.68058526 8.99076445 5.64390274]", "nit": "31"}, "10": {"maxiter": 500, "gtol": 1e-05, "xrtol": 1e-10, "eps": 1e-05, "duration": 0.04774808883666992, "fun": "0.3381918704381429", "jac": "[ 4.95544716e-06  9.79413217e-06  6.00186567e-07 -5.07223152e-06\n -7.24024174e-06 -8.38159542e-06]", "hess_inv": "[[ 3.88631534  0.37896136  0.58461798  0.08702156  1.89641855  1.60845678]\n [ 0.37896136  5.24869592  0.6209212   1.59656647  1.56521001  0.37944978]\n [ 0.58461798  0.6209212   5.52778126 -0.75906895  4.16970391 -0.29005229]\n [ 0.08702156  1.59656647 -0.75906895  4.33351978 -0.73301331 -0.47488609]\n [ 1.89641855  1.56521001  4.16970391 -0.73301331  8.24863304  1.04778086]\n [ 1.60845678  0.37944978 -0.29005229 -0.47488609  1.04778086  4.35507725]]", "nfev": "273", "njev": "39", "status": "0", "success": "True", "message": "Optimization terminated successfully.", "x": "[1.49876285 6.4210659  4.13839375 1.68057261 8.99069546 5.64385398]", "nit": "30"}, "11": {"maxiter": 500, "gtol": 1e-05, "xrtol": 1e-10, "eps": 1e-10, "duration": 0.04925394058227539, "fun": "0.3381918698749269", "jac": "[3.33066880e-06 1.11022293e-06 1.11022293e-06 3.33066880e-06\n 1.11022293e-06 1.11022293e-06]", "hess_inv": "[[ 3.77868945  0.4323701   0.59778556  0.15622888  1.84604321  1.61620266]\n [ 0.4323701   5.45644666  0.54011426  1.51242059  1.4284548   0.15999608]\n [ 0.59778556  0.54011426  5.57018733 -0.74827086  4.25022056 -0.19273043]\n [ 0.15622888  1.51242059 -0.74827086  4.29229485 -0.67449708 -0.42293514]\n [ 1.84604321  1.4284548   4.25022056 -0.67449708  8.35990278  1.2414817 ]\n [ 1.61620266  0.15999608 -0.19273043 -0.42293514  1.2414817   4.60758719]]", "nfev": "280", "njev": "40", "status": "0", "success": "True", "message": "Optimization terminated successfully.", "x": "[1.49878662 6.42104801 4.13842634 1.68058526 8.99076445 5.64390274]", "nit": "31"}, "12": {"maxiter": 500, "gtol": 1e-10, "xrtol": 1e-05, "eps": 1e-05, "duration": 0.04903602600097656, "fun": "0.338191869879807", "jac": "[-1.88193905e-07  7.07411907e-07  2.92854629e-07  1.09934284e-07\n -1.18793864e-07  2.03159711e-07]", "hess_inv": "[[ 3.80833041  0.43224271  0.57673473  0.15454551  1.78946227  1.58767609]\n [ 0.43224271  5.42556782  0.54145328  1.5441161   1.39821817  0.17333598]\n [ 0.57673473  0.54145328  5.5607445  -0.74973018  4.25440554 -0.20449939]\n [ 0.15454551  1.5441161  -0.74973018  4.27524063 -0.63329456 -0.45036832]\n [ 1.78946227  1.39821817  4.25440554 -0.63329456  8.37216748  1.26726788]\n [ 1.58767609  0.17333598 -0.20449939 -0.45036832  1.26726788  4.57712026]]", "nfev": "280", "njev": "40", "status": "0", "success": "True", "message": "Optimization terminated successfully.", "x": "[1.49876645 6.4210297  4.13840754 1.6805705  8.99073837 5.64388979]", "nit": "31"}, "13": {"maxiter": 500, "gtol": 1e-10, "xrtol": 1e-05, "eps": 1e-10, "duration": 0.048449039459228516, "fun": "0.3381918698749269", "jac": "[3.33066880e-06 1.11022293e-06 1.11022293e-06 3.33066880e-06\n 1.11022293e-06 1.11022293e-06]", "hess_inv": "[[ 3.77868945  0.4323701   0.59778556  0.15622888  1.84604321  1.61620266]\n [ 0.4323701   5.45644666  0.54011426  1.51242059  1.4284548   0.15999608]\n [ 0.59778556  0.54011426  5.57018733 -0.74827086  4.25022056 -0.19273043]\n [ 0.15622888  1.51242059 -0.74827086  4.29229485 -0.67449708 -0.42293514]\n [ 1.84604321  1.4284548   4.25022056 -0.67449708  8.35990278  1.2414817 ]\n [ 1.61620266  0.15999608 -0.19273043 -0.42293514  1.2414817   4.60758719]]", "nfev": "280", "njev": "40", "status": "0", "success": "True", "message": "Optimization terminated successfully.", "x": "[1.49878662 6.42104801 4.13842634 1.68058526 8.99076445 5.64390274]", "nit": "31"}, "14": {"maxiter": 500, "gtol": 1e-10, "xrtol": 1e-10, "eps": 1e-05, "duration": 0.07415008544921875, "fun": "0.338191869879807", "jac": "[-1.88193905e-07  7.07411907e-07  2.92854629e-07  1.09934284e-07\n -1.18793864e-07  2.03159711e-07]", "hess_inv": "[[ 3.80897514  0.41468374  0.57241795  0.14929789  1.78739857  1.58760547]\n [ 0.41468374  5.71375538  0.54246736  1.60345063  1.28690187  0.06380772]\n [ 0.57241795  0.54246736  5.51816021 -0.76586022  4.16547417 -0.27238555]\n [ 0.14929789  1.60345063 -0.76586022  4.28118854 -0.69018156 -0.4988156 ]\n [ 1.78739857  1.28690187  4.16547417 -0.69018156  8.23109193  1.16924133]\n [ 1.58760547  0.06380772 -0.27238555 -0.4988156   1.16924133  4.51176034]]", "nfev": "431", "njev": "60", "status": "2", "success": "False", "message": "Desired error not necessarily achieved due to precision loss.", "x": "[1.49876645 6.4210297  4.13840754 1.6805705  8.99073837 5.64388979]", "nit": "31"}, "15": {"maxiter": 500, "gtol": 1e-10, "xrtol": 1e-10, "eps": 1e-10, "duration": 0.060148000717163086, "fun": "0.3381918698448164", "jac": "[0. 0. 0. 0. 0. 0.]", "hess_inv": "[[ 3.33986691  0.90359705  1.10691715  0.95412834  1.86063713  1.57256159]\n [ 0.90359705  7.24500416  2.71200441  3.25236381  3.71699651  0.86394596]\n [ 1.10691715  2.71200441  2.56410535  1.93422112  1.34299787 -0.08632257]\n [ 0.95412834  3.25236381  1.93422112  3.61486016  2.66557509 -0.56260941]\n [ 1.86063713  3.71699651  1.34299787  2.66557509  5.28373878  1.5679305 ]\n [ 1.57256159  0.86394596 -0.08632257 -0.56260941  1.5679305   4.51055807]]", "nfev": "350", "njev": "50", "status": "0", "success": "True", "message": "Optimization terminated successfully.", "x": "[1.49877626 6.42103714 4.13841741 1.68057476 8.99075386 5.64390059]", "nit": "35"}, "16": {"maxiter": 1000, "gtol": 1e-05, "xrtol": 1e-05, "eps": 1e-05, "duration": 0.04691934585571289, "fun": "0.3381918704381429", "jac": "[ 4.95544716e-06  9.79413217e-06  6.00186567e-07 -5.07223152e-06\n -7.24024174e-06 -8.38159542e-06]", "hess_inv": "[[ 3.88631534  0.37896136  0.58461798  0.08702156  1.89641855  1.60845678]\n [ 0.37896136  5.24869592  0.6209212   1.59656647  1.56521001  0.37944978]\n [ 0.58461798  0.6209212   5.52778126 -0.75906895  4.16970391 -0.29005229]\n [ 0.08702156  1.59656647 -0.75906895  4.33351978 -0.73301331 -0.47488609]\n [ 1.89641855  1.56521001  4.16970391 -0.73301331  8.24863304  1.04778086]\n [ 1.60845678  0.37944978 -0.29005229 -0.47488609  1.04778086  4.35507725]]", "nfev": "273", "njev": "39", "status": "0", "success": "True", "message": "Optimization terminated successfully.", "x": "[1.49876285 6.4210659  4.13839375 1.68057261 8.99069546 5.64385398]", "nit": "30"}, "17": {"maxiter": 1000, "gtol": 1e-05, "xrtol": 1e-05, "eps": 1e-10, "duration": 0.04816007614135742, "fun": "0.3381918698749269", "jac": "[3.33066880e-06 1.11022293e-06 1.11022293e-06 3.33066880e-06\n 1.11022293e-06 1.11022293e-06]", "hess_inv": "[[ 3.77868945  0.4323701   0.59778556  0.15622888  1.84604321  1.61620266]\n [ 0.4323701   5.45644666  0.54011426  1.51242059  1.4284548   0.15999608]\n [ 0.59778556  0.54011426  5.57018733 -0.74827086  4.25022056 -0.19273043]\n [ 0.15622888  1.51242059 -0.74827086  4.29229485 -0.67449708 -0.42293514]\n [ 1.84604321  1.4284548   4.25022056 -0.67449708  8.35990278  1.2414817 ]\n [ 1.61620266  0.15999608 -0.19273043 -0.42293514  1.2414817   4.60758719]]", "nfev": "280", "njev": "40", "status": "0", "success": "True", "message": "Optimization terminated successfully.", "x": "[1.49878662 6.42104801 4.13842634 1.68058526 8.99076445 5.64390274]", "nit": "31"}, "18": {"maxiter": 1000, "gtol": 1e-05, "xrtol": 1e-10, "eps": 1e-05, "duration": 0.046903133392333984, "fun": "0.3381918704381429", "jac": "[ 4.95544716e-06  9.79413217e-06  6.00186567e-07 -5.07223152e-06\n -7.24024174e-06 -8.38159542e-06]", "hess_inv": "[[ 3.88631534  0.37896136  0.58461798  0.08702156  1.89641855  1.60845678]\n [ 0.37896136  5.24869592  0.6209212   1.59656647  1.56521001  0.37944978]\n [ 0.58461798  0.6209212   5.52778126 -0.75906895  4.16970391 -0.29005229]\n [ 0.08702156  1.59656647 -0.75906895  4.33351978 -0.73301331 -0.47488609]\n [ 1.89641855  1.56521001  4.16970391 -0.73301331  8.24863304  1.04778086]\n [ 1.60845678  0.37944978 -0.29005229 -0.47488609  1.04778086  4.35507725]]", "nfev": "273", "njev": "39", "status": "0", "success": "True", "message": "Optimization terminated successfully.", "x": "[1.49876285 6.4210659  4.13839375 1.68057261 8.99069546 5.64385398]", "nit": "30"}, "19": {"maxiter": 1000, "gtol": 1e-05, "xrtol": 1e-10, "eps": 1e-10, "duration": 0.0481562614440918, "fun": "0.3381918698749269", "jac": "[3.33066880e-06 1.11022293e-06 1.11022293e-06 3.33066880e-06\n 1.11022293e-06 1.11022293e-06]", "hess_inv": "[[ 3.77868945  0.4323701   0.59778556  0.15622888  1.84604321  1.61620266]\n [ 0.4323701   5.45644666  0.54011426  1.51242059  1.4284548   0.15999608]\n [ 0.59778556  0.54011426  5.57018733 -0.74827086  4.25022056 -0.19273043]\n [ 0.15622888  1.51242059 -0.74827086  4.29229485 -0.67449708 -0.42293514]\n [ 1.84604321  1.4284548   4.25022056 -0.67449708  8.35990278  1.2414817 ]\n [ 1.61620266  0.15999608 -0.19273043 -0.42293514  1.2414817   4.60758719]]", "nfev": "280", "njev": "40", "status": "0", "success": "True", "message": "Optimization terminated successfully.", "x": "[1.49878662 6.42104801 4.13842634 1.68058526 8.99076445 5.64390274]", "nit": "31"}, "20": {"maxiter": 1000, "gtol": 1e-10, "xrtol": 1e-05, "eps": 1e-05, "duration": 0.048071861267089844, "fun": "0.338191869879807", "jac": "[-1.88193905e-07  7.07411907e-07  2.92854629e-07  1.09934284e-07\n -1.18793864e-07  2.03159711e-07]", "hess_inv": "[[ 3.80833041  0.43224271  0.57673473  0.15454551  1.78946227  1.58767609]\n [ 0.43224271  5.42556782  0.54145328  1.5441161   1.39821817  0.17333598]\n [ 0.57673473  0.54145328  5.5607445  -0.74973018  4.25440554 -0.20449939]\n [ 0.15454551  1.5441161  -0.74973018  4.27524063 -0.63329456 -0.45036832]\n [ 1.78946227  1.39821817  4.25440554 -0.63329456  8.37216748  1.26726788]\n [ 1.58767609  0.17333598 -0.20449939 -0.45036832  1.26726788  4.57712026]]", "nfev": "280", "njev": "40", "status": "0", "success": "True", "message": "Optimization terminated successfully.", "x": "[1.49876645 6.4210297  4.13840754 1.6805705  8.99073837 5.64388979]", "nit": "31"}, "21": {"maxiter": 1000, "gtol": 1e-10, "xrtol": 1e-05, "eps": 1e-10, "duration": 0.04806399345397949, "fun": "0.3381918698749269", "jac": "[3.33066880e-06 1.11022293e-06 1.11022293e-06 3.33066880e-06\n 1.11022293e-06 1.11022293e-06]", "hess_inv": "[[ 3.77868945  0.4323701   0.59778556  0.15622888  1.84604321  1.61620266]\n [ 0.4323701   5.45644666  0.54011426  1.51242059  1.4284548   0.15999608]\n [ 0.59778556  0.54011426  5.57018733 -0.74827086  4.25022056 -0.19273043]\n [ 0.15622888  1.51242059 -0.74827086  4.29229485 -0.67449708 -0.42293514]\n [ 1.84604321  1.4284548   4.25022056 -0.67449708  8.35990278  1.2414817 ]\n [ 1.61620266  0.15999608 -0.19273043 -0.42293514  1.2414817   4.60758719]]", "nfev": "280", "njev": "40", "status": "0", "success": "True", "message": "Optimization terminated successfully.", "x": "[1.49878662 6.42104801 4.13842634 1.68058526 8.99076445 5.64390274]", "nit": "31"}, "22": {"maxiter": 1000, "gtol": 1e-10, "xrtol": 1e-10, "eps": 1e-05, "duration": 0.0735931396484375, "fun": "0.338191869879807", "jac": "[-1.88193905e-07  7.07411907e-07  2.92854629e-07  1.09934284e-07\n -1.18793864e-07  2.03159711e-07]", "hess_inv": "[[ 3.80897514  0.41468374  0.57241795  0.14929789  1.78739857  1.58760547]\n [ 0.41468374  5.71375538  0.54246736  1.60345063  1.28690187  0.06380772]\n [ 0.57241795  0.54246736  5.51816021 -0.76586022  4.16547417 -0.27238555]\n [ 0.14929789  1.60345063 -0.76586022  4.28118854 -0.69018156 -0.4988156 ]\n [ 1.78739857  1.28690187  4.16547417 -0.69018156  8.23109193  1.16924133]\n [ 1.58760547  0.06380772 -0.27238555 -0.4988156   1.16924133  4.51176034]]", "nfev": "431", "njev": "60", "status": "2", "success": "False", "message": "Desired error not necessarily achieved due to precision loss.", "x": "[1.49876645 6.4210297  4.13840754 1.6805705  8.99073837 5.64388979]", "nit": "31"}, "23": {"maxiter": 1000, "gtol": 1e-10, "xrtol": 1e-10, "eps": 1e-10, "duration": 0.05987882614135742, "fun": "0.3381918698448164", "jac": "[0. 0. 0. 0. 0. 0.]", "hess_inv": "[[ 3.33986691  0.90359705  1.10691715  0.95412834  1.86063713  1.57256159]\n [ 0.90359705  7.24500416  2.71200441  3.25236381  3.71699651  0.86394596]\n [ 1.10691715  2.71200441  2.56410535  1.93422112  1.34299787 -0.08632257]\n [ 0.95412834  3.25236381  1.93422112  3.61486016  2.66557509 -0.56260941]\n [ 1.86063713  3.71699651  1.34299787  2.66557509  5.28373878  1.5679305 ]\n [ 1.57256159  0.86394596 -0.08632257 -0.56260941  1.5679305   4.51055807]]", "nfev": "350", "njev": "50", "status": "0", "success": "True", "message": "Optimization terminated successfully.", "x": "[1.49877626 6.42103714 4.13841741 1.68057476 8.99075386 5.64390059]", "nit": "35"}}, "cobyla": {"0": {"maxiter": 100, "tol": 1e-05, "catol": 1e-05, "duration": 0.016408920288085938, "x": "[-1.47705374  3.30308006  7.27893121  1.6646584   9.00326323  5.63072877]", "status": "2", "success": "False", "message": "Maximum number of function evaluations has been exceeded.", "nfev": "100", "fun": "0.33841096762152933", "maxcv": "0.0"}, "1": {"maxiter": 100, "tol": 1e-05, "catol": 1e-10, "duration": 0.016369104385375977, "x": "[-1.47705374  3.30308006  7.27893121  1.6646584   9.00326323  5.63072877]", "status": "2", "success": "False", "message": "Maximum number of function evaluations has been exceeded.", "nfev": "100", "fun": "0.33841096762152933", "maxcv": "0.0"}, "2": {"maxiter": 100, "tol": 1e-10, "catol": 1e-05, "duration": 0.01666998863220215, "x": "[-1.47705374  3.30308006  7.27893121  1.6646584   9.00326323  5.63072877]", "status": "2", "success": "False", "message": "Maximum number of function evaluations has been exceeded.", "nfev": "100", "fun": "0.33841096762152933", "maxcv": "0.0"}, "3": {"maxiter": 100, "tol": 1e-10, "catol": 1e-10, "duration": 0.016440153121948242, "x": "[-1.47705374  3.30308006  7.27893121  1.6646584   9.00326323  5.63072877]", "status": "2", "success": "False", "message": "Maximum number of function evaluations has been exceeded.", "nfev": "100", "fun": "0.33841096762152933", "maxcv": "0.0"}, "4": {"maxiter": 500, "tol": 1e-05, "catol": 1e-05, "duration": 0.03266310691833496, "x": "[-1.49878159  3.27944501  7.28000641  1.68057648  8.99076357  5.64390041]", "status": "1", "success": "True", "message": "Optimization terminated successfully.", "nfev": "198", "fun": "0.33819186985771676", "maxcv": "0.0"}, "5": {"maxiter": 500, "tol": 1e-05, "catol": 1e-10, "duration": 0.032813072204589844, "x": "[-1.49878159  3.27944501  7.28000641  1.68057648  8.99076357  5.64390041]", "status": "1", "success": "True", "message": "Optimization terminated successfully.", "nfev": "198", "fun": "0.33819186985771676", "maxcv": "0.0"}, "6": {"maxiter": 500, "tol": 1e-10, "catol": 1e-05, "duration": 0.04977989196777344, "x": "[-1.49877848  3.27944261  7.28001163  1.68057508  8.99075608  5.64389796]", "status": "1", "success": "True", "message": "Optimization terminated successfully.", "nfev": "298", "fun": "0.33819186984190364", "maxcv": "0.0"}, "7": {"maxiter": 500, "tol": 1e-10, "catol": 1e-10, "duration": 0.049546003341674805, "x": "[-1.49877848  3.27944261  7.28001163  1.68057508  8.99075608  5.64389796]", "status": "1", "success": "True", "message": "Optimization terminated successfully.", "nfev": "298", "fun": "0.33819186984190364", "maxcv": "0.0"}, "8": {"maxiter": 1000, "tol": 1e-05, "catol": 1e-05, "duration": 0.03294515609741211, "x": "[-1.49878159  3.27944501  7.28000641  1.68057648  8.99076357  5.64390041]", "status": "1", "success": "True", "message": "Optimization terminated successfully.", "nfev": "198", "fun": "0.33819186985771676", "maxcv": "0.0"}, "9": {"maxiter": 1000, "tol": 1e-05, "catol": 1e-10, "duration": 0.032959938049316406, "x": "[-1.49878159  3.27944501  7.28000641  1.68057648  8.99076357  5.64390041]", "status": "1", "success": "True", "message": "Optimization terminated successfully.", "nfev": "198", "fun": "0.33819186985771676", "maxcv": "0.0"}, "10": {"maxiter": 1000, "tol": 1e-10, "catol": 1e-05, "duration": 0.049723148345947266, "x": "[-1.49877848  3.27944261  7.28001163  1.68057508  8.99075608  5.64389796]", "status": "1", "success": "True", "message": "Optimi