{"date": "2024/07/19/, 08:01:59", "conf_id": 163, "data_type": "non_lin_ind\n", "num_data_points": 1, "s_rank": 0, "unitary": "[[-0.53618537-0.34368723j,-0.12107031-0.46226139j,-0.07699282-0.46603512j,0.36022595-0.11472301j],[0.26026499-0.63450712j,-0.56616638+0.37832564j,-0.14988651+0.08458591j,0.10363514-0.16008501j],[-0.32580188-0.11070003j,-0.36476308-0.23593218j,0.02559343+0.41761608j,-0.25598305+0.6725303j],[0.07406738-0.0126433j,0.28513701+0.19483972j,-0.74939717-0.10299659j,0.29798249+0.46269921j]]", "databatch_0": {"databatch": "[[[-0.10084584+0.11960375j,-0.07250333+0.02614708j,0.16210655-0.12964517j,-0.08160562-0.08291549j],[-0.02923774-0.16534866j,0.02830007-0.07773303j,-0.00460634+0.2227423j,0.12444516-0.01024864j],[0.19636061+0.18906734j,0.03713209+0.12905732j,-0.20678266-0.29672847j,-0.15352945+0.13235642j],[-0.32135511-0.2257457j,-0.08140034-0.17552142j,0.35999861+0.37671265j,0.18930497-0.22237753j]]]", "initial param values": "[0.89569871,6.04711509,6.12879554,2.71789792,1.9080836,3.23287597]", "nelder_mead": {"type": "gradient-free", "0": {"maxiter": 100, "fatol": 1e-05, "xatol": 1e-05, "duration": 0.024017810821533203, "fun": "0.04629639612813985", "nit": "100", "nfev": "147", "status": "2", "success": "False", "message": "Maximum number of iterations has been exceeded.", "x": "[1.46383077 4.87879215 4.44481981 1.96490207 2.32217683 3.19074177]", "final_simplex": "(array([[1.46383077, 4.87879215, 4.44481981, 1.96490207, 2.32217683,\n        3.19074177],\n       [1.48719212, 4.9541629 , 4.37834301, 1.92810559, 2.3237118 ,\n        3.14292285],\n       [1.43770186, 4.89475624, 4.4148496 , 1.88297792, 2.31949837,\n        3.16058474],\n       [1.46489817, 4.84498635, 4.58006327, 1.9367603 , 2.29095848,\n        3.1411478 ],\n       [1.53837184, 4.94093792, 4.41984278, 1.9055812 , 2.33418236,\n        3.14128607],\n       [1.457443  , 4.95189262, 4.48260991, 1.94856859, 2.3154751 ,\n        3.11973475],\n       [1.44891707, 4.94398192, 4.40387406, 1.96997125, 2.29368341,\n        3.22538592]]), array([0.0462964 , 0.04664733, 0.04687059, 0.04694772, 0.0469554 ,\n       0.04699342, 0.04715395]))"}, "1": {"maxiter": 100, "fatol": 1e-05, "xatol": 1e-10, "duration": 0.023907899856567383, "fun": "0.04629639612813985", "nit": "100", "nfev": "147", "status": "2", "success": "False", "message": "Maximum number of iterations has been exceeded.", "x": "[1.46383077 4.87879215 4.44481981 1.96490207 2.32217683 3.19074177]", "final_simplex": "(array([[1.46383077, 4.87879215, 4.44481981, 1.96490207, 2.32217683,\n        3.19074177],\n       [1.48719212, 4.9541629 , 4.37834301, 1.92810559, 2.3237118 ,\n        3.14292285],\n       [1.43770186, 4.89475624, 4.4148496 , 1.88297792, 2.31949837,\n        3.16058474],\n       [1.46489817, 4.84498635, 4.58006327, 1.9367603 , 2.29095848,\n        3.1411478 ],\n       [1.53837184, 4.94093792, 4.41984278, 1.9055812 , 2.33418236,\n        3.14128607],\n       [1.457443  , 4.95189262, 4.48260991, 1.94856859, 2.3154751 ,\n        3.11973475],\n       [1.44891707, 4.94398192, 4.40387406, 1.96997125, 2.29368341,\n        3.22538592]]), array([0.0462964 , 0.04664733, 0.04687059, 0.04694772, 0.0469554 ,\n       0.04699342, 0.04715395]))"}, "2": {"maxiter": 100, "fatol": 1e-10, "xatol": 1e-05, "duration": 0.023921728134155273, "fun": "0.04629639612813985", "nit": "100", "nfev": "147", "status": "2", "success": "False", "message": "Maximum number of iterations has been exceeded.", "x": "[1.46383077 4.87879215 4.44481981 1.96490207 2.32217683 3.19074177]", "final_simplex": "(array([[1.46383077, 4.87879215, 4.44481981, 1.96490207, 2.32217683,\n        3.19074177],\n       [1.48719212, 4.9541629 , 4.37834301, 1.92810559, 2.3237118 ,\n        3.14292285],\n       [1.43770186, 4.89475624, 4.4148496 , 1.88297792, 2.31949837,\n        3.16058474],\n       [1.46489817, 4.84498635, 4.58006327, 1.9367603 , 2.29095848,\n        3.1411478 ],\n       [1.53837184, 4.94093792, 4.41984278, 1.9055812 , 2.33418236,\n        3.14128607],\n       [1.457443  , 4.95189262, 4.48260991, 1.94856859, 2.3154751 ,\n        3.11973475],\n       [1.44891707, 4.94398192, 4.40387406, 1.96997125, 2.29368341,\n        3.22538592]]), array([0.0462964 , 0.04664733, 0.04687059, 0.04694772, 0.0469554 ,\n       0.04699342, 0.04715395]))"}, "3": {"maxiter": 100, "fatol": 1e-10, "xatol": 1e-10, "duration": 0.02388310432434082, "fun": "0.04629639612813985", "nit": "100", "nfev": "147", "status": "2", "success": "False", "message": "Maximum number of iterations has been exceeded.", "x": "[1.46383077 4.87879215 4.44481981 1.96490207 2.32217683 3.19074177]", "final_simplex": "(array([[1.46383077, 4.87879215, 4.44481981, 1.96490207, 2.32217683,\n        3.19074177],\n       [1.48719212, 4.9541629 , 4.37834301, 1.92810559, 2.3237118 ,\n        3.14292285],\n       [1.43770186, 4.89475624, 4.4148496 , 1.88297792, 2.31949837,\n        3.16058474],\n       [1.46489817, 4.84498635, 4.58006327, 1.9367603 , 2.29095848,\n        3.1411478 ],\n       [1.53837184, 4.94093792, 4.41984278, 1.9055812 , 2.33418236,\n        3.14128607],\n       [1.457443  , 4.95189262, 4.48260991, 1.94856859, 2.3154751 ,\n        3.11973475],\n       [1.44891707, 4.94398192, 4.40387406, 1.96997125, 2.29368341,\n        3.22538592]]), array([0.0462964 , 0.04664733, 0.04687059, 0.04694772, 0.0469554 ,\n       0.04699342, 0.04715395]))"}, "4": {"maxiter": 500, "fatol": 1e-05, "xatol": 1e-05, "duration": 0.057044029235839844, "fun": "0.04578325183562515", "nit": "218", "nfev": "353", "status": "0", "success": "True", "message": "Optimization terminated successfully.", "x": "[1.47464757 4.88867752 4.4655601  1.92816766 2.31052629 3.17108552]", "final_simplex": "(array([[1.47464757, 4.88867752, 4.4655601 , 1.92816766, 2.31052629,\n        3.17108552],\n       [1.4746465 , 4.88867877, 4.46556749, 1.92817188, 2.31052409,\n        3.17108483],\n       [1.47464905, 4.88867603, 4.46556713, 1.92816842, 2.31052694,\n        3.17108379],\n       [1.47464383, 4.88867813, 4.46556331, 1.92816852, 2.31052457,\n        3.17108521],\n       [1.47464898, 4.88868345, 4.46555936, 1.92816646, 2.31052555,\n        3.17108448],\n       [1.47464788, 4.88867031, 4.46556996, 1.92816556, 2.31052529,\n        3.17108621],\n       [1.47464486, 4.88867837, 4.4655632 , 1.92816678, 2.31052478,\n        3.17109059]]), array([0.04578325, 0.04578325, 0.04578325, 0.04578325, 0.04578325,\n       0.04578325, 0.04578325]))"}, "5": {"maxiter": 500, "fatol": 1e-05, "xatol": 1e-10, "duration": 0.0897526741027832, "fun": "0.04578325183333676", "nit": "305", "nfev": "558", "status": "0", "success": "True", "message": "Optimization terminated successfully.", "x": "[1.47464716 4.88867821 4.46556368 1.92816957 2.31052561 3.17108573]", "final_simplex": "(array([[1.47464716, 4.88867821, 4.46556368, 1.92816957, 2.31052561,\n        3.17108573],\n       [1.47464716, 4.88867821, 4.46556368, 1.92816957, 2.31052561,\n        3.17108573],\n       [1.47464716, 4.88867821, 4.46556368, 1.92816957, 2.31052561,\n        3.17108573],\n       [1.47464716, 4.88867821, 4.46556368, 1.92816957, 2.31052561,\n        3.17108573],\n       [1.47464716, 4.88867821, 4.46556368, 1.92816957, 2.31052561,\n        3.17108573],\n       [1.47464716, 4.88867821, 4.46556368, 1.92816957, 2.31052561,\n        3.17108573],\n       [1.47464716, 4.88867821, 4.46556368, 1.92816957, 2.31052561,\n        3.17108573]]), array([0.04578325, 0.04578325, 0.04578325, 0.04578325, 0.04578325,\n       0.04578325, 0.04578325]))"}, "6": {"maxiter": 500, "fatol": 1e-10, "xatol": 1e-05, "duration": 0.05720210075378418, "fun": "0.04578325183562515", "nit": "218", "nfev": "353", "status": "0", "success": "True", "message": "Optimization terminated successfully.", "x": "[1.47464757 4.88867752 4.4655601  1.92816766 2.31052629 3.17108552]", "final_simplex": "(array([[1.47464757, 4.88867752, 4.4655601 , 1.92816766, 2.31052629,\n        3.17108552],\n       [1.4746465 , 4.88867877, 4.46556749, 1.92817188, 2.31052409,\n        3.17108483],\n       [1.47464905, 4.88867603, 4.46556713, 1.92816842, 2.31052694,\n        3.17108379],\n       [1.47464383, 4.88867813, 4.46556331, 1.92816852, 2.31052457,\n        3.17108521],\n       [1.47464898, 4.88868345, 4.46555936, 1.92816646, 2.31052555,\n        3.17108448],\n       [1.47464788, 4.88867031, 4.46556996, 1.92816556, 2.31052529,\n        3.17108621],\n       [1.47464486, 4.88867837, 4.4655632 , 1.92816678, 2.31052478,\n        3.17109059]]), array([0.04578325, 0.04578325, 0.04578325, 0.04578325, 0.04578325,\n       0.04578325, 0.04578325]))"}, "7": {"maxiter": 500, "fatol": 1e-10, "xatol": 1e-10, "duration": 0.09074115753173828, "fun": "0.04578325183333676", "nit": "305", "nfev": "558", "status": "0", "success": "True", "message": "Optimization terminated successfully.", "x": "[1.47464716 4.88867821 4.46556368 1.92816957 2.31052561 3.17108573]", "final_simplex": "(array([[1.47464716, 4.88867821, 4.46556368, 1.92816957, 2.31052561,\n        3.17108573],\n       [1.47464716, 4.88867821, 4.46556368, 1.92816957, 2.31052561,\n        3.17108573],\n       [1.47464716, 4.88867821, 4.46556368, 1.92816957, 2.31052561,\n        3.17108573],\n       [1.47464716, 4.88867821, 4.46556368, 1.92816957, 2.31052561,\n        3.17108573],\n       [1.47464716, 4.88867821, 4.46556368, 1.92816957, 2.31052561,\n        3.17108573],\n       [1.47464716, 4.88867821, 4.46556368, 1.92816957, 2.31052561,\n        3.17108573],\n       [1.47464716, 4.88867821, 4.46556368, 1.92816957, 2.31052561,\n        3.17108573]]), array([0.04578325, 0.04578325, 0.04578325, 0.04578325, 0.04578325,\n       0.04578325, 0.04578325]))"}, "8": {"maxiter": 1000, "fatol": 1e-05, "xatol": 1e-05, "duration": 0.05776405334472656, "fun": "0.04578325183562515", "nit": "218", "nfev": "353", "status": "0", "success": "True", "message": "Optimization terminated successfully.", "x": "[1.47464757 4.88867752 4.4655601  1.92816766 2.31052629 3.17108552]", "final_simplex": "(array([[1.47464757, 4.88867752, 4.4655601 , 1.92816766, 2.31052629,\n        3.17108552],\n       [1.4746465 , 4.88867877, 4.46556749, 1.92817188, 2.31052409,\n        3.17108483],\n       [1.47464905, 4.88867603, 4.46556713, 1.92816842, 2.31052694,\n        3.17108379],\n       [1.47464383, 4.88867813, 4.46556331, 1.92816852, 2.31052457,\n        3.17108521],\n       [1.47464898, 4.88868345, 4.46555936, 1.92816646, 2.31052555,\n        3.17108448],\n       [1.47464788, 4.88867031, 4.46556996, 1.92816556, 2.31052529,\n        3.17108621],\n       [1.47464486, 4.88867837, 4.4655632 , 1.92816678, 2.31052478,\n        3.17109059]]), array([0.04578325, 0.04578325, 0.04578325, 0.04578325, 0.04578325,\n       0.04578325, 0.04578325]))"}, "9": {"maxiter": 1000, "fatol": 1e-05, "xatol": 1e-10, "duration": 0.0909571647644043, "fun": "0.04578325183333676", "nit": "305", "nfev": "558", "status": "0", "success": "True", "message": "Optimization terminated successfully.", "x": "[1.47464716 4.88867821 4.46556368 1.92816957 2.31052561 3.17108573]", "final_simplex": "(array([[1.47464716, 4.88867821, 4.46556368, 1.92816957, 2.31052561,\n        3.17108573],\n       [1.47464716, 4.88867821, 4.46556368, 1.92816957, 2.31052561,\n        3.17108573],\n       [1.47464716, 4.88867821, 4.46556368, 1.92816957, 2.31052561,\n        3.17108573],\n       [1.47464716, 4.88867821, 4.46556368, 1.92816957, 2.31052561,\n        3.17108573],\n       [1.47464716, 4.88867821, 4.46556368, 1.92816957, 2.31052561,\n        3.17108573],\n       [1.47464716, 4.88867821, 4.46556368, 1.92816957, 2.31052561,\n        3.17108573],\n       [1.47464716, 4.88867821, 4.46556368, 1.92816957, 2.31052561,\n        3.17108573]]), array([0.04578325, 0.04578325, 0.04578325, 0.04578325, 0.04578325,\n       0.04578325, 0.04578325]))"}, "10": {"maxiter": 1000, "fatol": 1e-10, "xatol": 1e-05, "duration": 0.05778980255126953, "fun": "0.04578325183562515", "nit": "218", "nfev": "353", "status": "0", "success": "True", "message": "Optimization terminated successfully.", "x": "[1.47464757 4.88867752 4.4655601  1.92816766 2.31052629 3.17108552]", "final_simplex": "(array([[1.47464757, 4.88867752, 4.4655601 , 1.92816766, 2.31052629,\n        3.17108552],\n       [1.4746465 , 4.88867877, 4.46556749, 1.92817188, 2.31052409,\n        3.17108483],\n       [1.47464905, 4.88867603, 4.46556713, 1.92816842, 2.31052694,\n        3.17108379],\n       [1.47464383, 4.88867813, 4.46556331, 1.92816852, 2.31052457,\n        3.17108521],\n       [1.47464898, 4.88868345, 4.46555936, 1.92816646, 2.31052555,\n        3.17108448],\n       [1.47464788, 4.88867031, 4.46556996, 1.92816556, 2.31052529,\n        3.17108621],\n       [1.47464486, 4.88867837, 4.4655632 , 1.92816678, 2.31052478,\n        3.17109059]]), array([0.04578325, 0.04578325, 0.04578325, 0.04578325, 0.04578325,\n       0.04578325, 0.04578325]))"}, "11": {"maxiter": 1000, "fatol": 1e-10, "xatol": 1e-10, "duration": 0.09107208251953125, "fun": "0.04578325183333676", "nit": "305", "nfev": "558", "status": "0", "success": "True", "message": "Optimization terminated successfully.", "x": "[1.47464716 4.88867821 4.46556368 1.92816957 2.31052561 3.17108573]", "final_simplex": "(array([[1.47464716, 4.88867821, 4.46556368, 1.92816957, 2.31052561,\n        3.17108573],\n       [1.47464716, 4.88867821, 4.46556368, 1.92816957, 2.31052561,\n        3.17108573],\n       [1.47464716, 4.88867821, 4.46556368, 1.92816957, 2.31052561,\n        3.17108573],\n       [1.47464716, 4.88867821, 4.46556368, 1.92816957, 2.31052561,\n        3.17108573],\n       [1.47464716, 4.88867821, 4.46556368, 1.92816957, 2.31052561,\n        3.17108573],\n       [1.47464716, 4.88867821, 4.46556368, 1.92816957, 2.31052561,\n        3.17108573],\n       [1.47464716, 4.88867821, 4.46556368, 1.92816957, 2.31052561,\n        3.17108573]]), array([0.04578325, 0.04578325, 0.04578325, 0.04578325, 0.04578325,\n       0.04578325, 0.04578325]))"}}, "bfgs": {"type": "gradient", "0": {"maxiter": 100, "gtol": 1e-05, "xrtol": 1e-05, "eps": 1e-05, "duration": 0.018908023834228516, "fun": "0.04578325187638088", "jac": "[ 9.97424365e-08  1.45464751e-06 -1.25637278e-06  1.78812520e-07\n  5.89750471e-07  1.15585319e-07]", "hess_inv": "[[ 2.85768837 -0.37233743  0.12120457 -0.3373036   1.19742361 -0.33467412]\n [-0.37233743  3.30839175 -0.18421185  0.50445595 -0.8964563  -1.37623578]\n [ 0.12120457 -0.18421185  2.75829298  1.46739145  1.09321673  0.52985321]\n [-0.3373036   0.50445595  1.46739145  3.29914969  0.23156802 -0.01525386]\n [ 1.19742361 -0.8964563   1.09321673  0.23156802  2.58234684  0.37473277]\n [-0.33467412 -1.37623578  0.52985321 -0.01525386  0.37473277  2.54642122]]", "nfev": "112", "njev": "16", "status": "0", "success": "True", "message": "Optimization terminated successfully.", "x": "[1.55853845 4.67135761 4.67928529 1.82648737 2.02274171 2.98729383]", "nit": "14"}, "1": {"maxiter": 100, "gtol": 1e-05, "xrtol": 1e-05, "eps": 1e-10, "duration": 0.018837928771972656, "fun": "0.04578325185965526", "jac": "[6.66133760e-06 1.11022293e-06 2.22044587e-06 4.44089173e-06\n 4.44089173e-06 3.33066880e-06]", "hess_inv": "[[ 2.85697304 -0.3348635   0.16516651 -0.31565161  1.19310461 -0.35072638]\n [-0.3348635   3.31460604 -0.20515151  0.47921521 -0.90733889 -1.31374811]\n [ 0.16516651 -0.20515151  2.73652457  1.42500634  1.06586198  0.59037022]\n [-0.31565161  0.47921521  1.42500634  3.26223633  0.21397044  0.02199121]\n [ 1.19310461 -0.90733889  1.06586198  0.21397044  2.566404    0.36454336]\n [-0.35072638 -1.31374811  0.59037022  0.02199121  0.36454336  2.46608052]]", "nfev": "112", "njev": "16", "status": "0", "success": "True", "message": "Optimization terminated successfully.", "x": "[1.55853636 4.67137325 4.67927622 1.82651764 2.02279004 2.98732975]", "nit": "14"}, "2": {"maxiter": 100, "gtol": 1e-05, "xrtol": 1e-10, "eps": 1e-05, "duration": 0.018822908401489258, "fun": "0.04578325187638088", "jac": "[ 9.97424365e-08  1.45464751e-06 -1.25637278e-06  1.78812520e-07\n  5.89750471e-07  1.15585319e-07]", "hess_inv": "[[ 2.85768837 -0.37233743  0.12120457 -0.3373036   1.19742361 -0.33467412]\n [-0.37233743  3.30839175 -0.18421185  0.50445595 -0.8964563  -1.37623578]\n [ 0.12120457 -0.18421185  2.75829298  1.46739145  1.09321673  0.52985321]\n [-0.3373036   0.50445595  1.46739145  3.29914969  0.23156802 -0.01525386]\n [ 1.19742361 -0.8964563   1.09321673  0.23156802  2.58234684  0.37473277]\n [-0.33467412 -1.37623578  0.52985321 -0.01525386  0.37473277  2.54642122]]", "nfev": "112", "njev": "16", "status": "0", "success": "True", "message": "Optimization terminated successfully.", "x": "[1.55853845 4.67135761 4.67928529 1.82648737 2.02274171 2.98729383]", "nit": "14"}, "3": {"maxiter": 100, "gtol": 1e-05, "xrtol": 1e-10, "eps": 1e-10, "duration": 0.018822908401489258, "fun": "0.04578325185965526", "jac": "[6.66133760e-06 1.11022293e-06 2.22044587e-06 4.44089173e-06\n 4.44089173e-06 3.33066880e-06]", "hess_inv": "[[ 2.85697304 -0.3348635   0.16516651 -0.31565161  1.19310461 -0.35072638]\n [-0.3348635   3.31460604 -0.20515151  0.47921521 -0.90733889 -1.31374811]\n [ 0.16516651 -0.20515151  2.73652457  1.42500634  1.06586198  0.59037022]\n [-0.31565161  0.47921521  1.42500634  3.26223633  0.21397044  0.02199121]\n [ 1.19310461 -0.90733889  1.06586198  0.21397044  2.566404    0.36454336]\n [-0.35072638 -1.31374811  0.59037022  0.02199121  0.36454336  2.46608052]]", "nfev": "112", "njev": "16", "status": "0", "success": "True", "message": "Optimization terminated successfully.", "x": "[1.55853636 4.67137325 4.67927622 1.82651764 2.02279004 2.98732975]", "nit": "14"}, "4": {"maxiter": 100, "gtol": 1e-10, "xrtol": 1e-05, "eps": 1e-05, "duration": 0.018830060958862305, "fun": "0.04578325187638088", "jac": "[ 9.97424365e-08  1.45464751e-06 -1.25637278e-06  1.78812520e-07\n  5.89750471e-07  1.15585319e-07]", "hess_inv": "[[ 2.85768837 -0.37233743  0.12120457 -0.3373036   1.19742361 -0.33467412]\n [-0.37233743  3.30839175 -0.18421185  0.50445595 -0.8964563  -1.37623578]\n [ 0.12120457 -0.18421185  2.75829298  1.46739145  1.09321673  0.52985321]\n [-0.3373036   0.50445595  1.46739145  3.29914969  0.23156802 -0.01525386]\n [ 1.19742361 -0.8964563   1.09321673  0.23156802  2.58234684  0.37473277]\n [-0.33467412 -1.37623578  0.52985321 -0.01525386  0.37473277  2.54642122]]", "nfev": "112", "njev": "16", "status": "0", "success": "True", "message": "Optimization terminated successfully.", "x": "[1.55853845 4.67135761 4.67928529 1.82648737 2.02274171 2.98729383]", "nit": "14"}, "5": {"maxiter": 100, "gtol": 1e-10, "xrtol": 1e-05, "eps": 1e-10, "duration": 0.018843889236450195, "fun": "0.04578325185965526", "jac": "[6.66133760e-06 1.11022293e-06 2.22044587e-06 4.44089173e-06\n 4.44089173e-06 3.33066880e-06]", "hess_inv": "[[ 2.85697304 -0.3348635   0.16516651 -0.31565161  1.19310461 -0.35072638]\n [-0.3348635   3.31460604 -0.20515151  0.47921521 -0.90733889 -1.31374811]\n [ 0.16516651 -0.20515151  2.73652457  1.42500634  1.06586198  0.59037022]\n [-0.31565161  0.47921521  1.42500634  3.26223633  0.21397044  0.02199121]\n [ 1.19310461 -0.90733889  1.06586198  0.21397044  2.566404    0.36454336]\n [-0.35072638 -1.31374811  0.59037022  0.02199121  0.36454336  2.46608052]]", "nfev": "112", "njev": "16", "status": "0", "success": "True", "message": "Optimization terminated successfully.", "x": "[1.55853636 4.67137325 4.67927622 1.82651764 2.02279004 2.98732975]", "nit": "14"}, "6": {"maxiter": 100, "gtol": 1e-10, "xrtol": 1e-10, "eps": 1e-05, "duration": 0.06669378280639648, "fun": "0.04578325186242649", "jac": "[-1.04108944e-06 -8.72057981e-07 -2.90512059e-07  6.17916829e-07\n  1.69787517e-06  1.32913680e-06]", "hess_inv": "[[  4.54486138  -6.13503224   4.95350724  -2.22400281  -2.86098967\n   -1.91061559]\n [ -6.13503224  19.75421834 -14.57094893   7.06830241  13.24951316\n    5.25656514]\n [  4.95350724 -14.57094893  15.20467332  -4.00680731 -10.69019506\n   -4.76212092]\n [ -2.22400281   7.06830241  -4.00680731   5.39649203   4.73246122\n    1.66017336]\n [ -2.86098967  13.24951316 -10.69019506   4.73246122  12.22944547\n    3.91969082]\n [ -1.91061559   5.25656514  -4.76212092   1.66017336   3.91969082\n    3.33032857]]", "nfev": "402", "njev": "56", "status": "2", "success": "False", "message": "Desired error not necessarily achieved due to precision loss.", "x": "[1.55854222 4.67133582 4.67930189 1.82648352 2.02273353 2.98729391]", "nit": "17"}, "7": {"maxiter": 100, "gtol": 1e-10, "xrtol": 1e-10, "eps": 1e-10, "duration": 0.038640737533569336, "fun": "0.04578325184819465", "jac": "[ 0.00000000e+00  2.22044587e-06  0.00000000e+00 -1.11022293e-06\n  4.44089173e-06  3.33066880e-06]", "hess_inv": "[[ 0.13302483 -0.25693786  0.17439465  0.16478085  0.20201349 -0.04221579]\n [-0.25693786  0.60451559 -0.34920685 -0.39302619 -0.53688424  0.12050145]\n [ 0.17439465 -0.34920685  0.25807641  0.2030536   0.22833483 -0.04746686]\n [ 0.16478085 -0.39302619  0.2030536   0.28966694  0.4128062  -0.08890303]\n [ 0.20201349 -0.53688424  0.22833483  0.4128062   0.63998835 -0.13041068]\n [-0.04221579  0.12050145 -0.04746686 -0.08890303 -0.13041068  0.06139713]]", "nfev": "231", "njev": "33", "status": "0", "success": "True", "message": "Optimization terminated successfully.", "x": "[1.55852567 4.6713734  4.67926837 1.82650866 2.02278388 2.98732671]", "nit": "23"}, "8": {"maxiter": 500, "gtol": 1e-05, "xrtol": 1e-05, "eps": 1e-05, "duration": 0.019134044647216797, "fun": "0.04578325187638088", "jac": "[ 9.97424365e-08  1.45464751e-06 -1.25637278e-06  1.78812520e-07\n  5.89750471e-07  1.15585319e-07]", "hess_inv": "[[ 2.85768837 -0.37233743  0.12120457 -0.3373036   1.19742361 -0.33467412]\n [-0.37233743  3.30839175 -0.18421185  0.50445595 -0.8964563  -1.37623578]\n [ 0.12120457 -0.18421185  2.75829298  1.46739145  1.09321673  0.52985321]\n [-0.3373036   0.50445595  1.46739145  3.29914969  0.23156802 -0.01525386]\n [ 1.19742361 -0.8964563   1.09321673  0.23156802  2.58234684  0.37473277]\n [-0.33467412 -1.37623578  0.52985321 -0.01525386  0.37473277  2.54642122]]", "nfev": "112", "njev": "16", "status": "0", "success": "True", "message": "Optimization terminated successfully.", "x": "[1.55853845 4.67135761 4.67928529 1.82648737 2.02274171 2.98729383]", "nit": "14"}, "9": {"maxiter": 500, "gtol": 1e-05, "xrtol": 1e-05, "eps": 1e-10, "duration": 0.018815040588378906, "fun": "0.04578325185965526", "jac": "[6.66133760e-06 1.11022293e-06 2.22044587e-06 4.44089173e-06\n 4.44089173e-06 3.33066880e-06]", "hess_inv": "[[ 2.85697304 -0.3348635   0.16516651 -0.31565161  1.19310461 -0.35072638]\n [-0.3348635   3.31460604 -0.20515151  0.47921521 -0.90733889 -1.31374811]\n [ 0.16516651 -0.20515151  2.73652457  1.42500634  1.06586198  0.59037022]\n [-0.31565161  0.47921521  1.42500634  3.26223633  0.21397044  0.02199121]\n [ 1.19310461 -0.90733889  1.06586198  0.21397044  2.566404    0.36454336]\n [-0.35072638 -1.31374811  0.59037022  0.02199121  0.36454336  2.46608052]]", "nfev": "112", "njev": "16", "status": "0", "success": "True", "message": "Optimization terminated successfully.", "x": "[1.55853636 4.67137325 4.67927622 1.82651764 2.02279004 2.98732975]", "nit": "14"}, "10": {"maxiter": 500, "gtol": 1e-05, "xrtol": 1e-10, "eps": 1e-05, "duration": 0.018791913986206055, "fun": "0.04578325187638088", "jac": "[ 9.97424365e-08  1.45464751e-06 -1.25637278e-06  1.78812520e-07\n  5.89750471e-07  1.15585319e-07]", "hess_inv": "[[ 2.85768837 -0.37233743  0.12120457 -0.3373036   1.19742361 -0.33467412]\n [-0.37233743  3.30839175 -0.18421185  0.50445595 -0.8964563  -1.37623578]\n [ 0.12120457 -0.18421185  2.75829298  1.46739145  1.09321673  0.52985321]\n [-0.3373036   0.50445595  1.46739145  3.29914969  0.23156802 -0.01525386]\n [ 1.19742361 -0.8964563   1.09321673  0.23156802  2.58234684  0.37473277]\n [-0.33467412 -1.37623578  0.52985321 -0.01525386  0.37473277  2.54642122]]", "nfev": "112", "njev": "16", "status": "0", "success": "True", "message": "Optimization terminated successfully.", "x": "[1.55853845 4.67135761 4.67928529 1.82648737 2.02274171 2.98729383]", "nit": "14"}, "11": {"maxiter": 500, "gtol": 1e-05, "xrtol": 1e-10, "eps": 1e-10, "duration": 0.01877593994140625, "fun": "0.04578325185965526", "jac": "[6.66133760e-06 1.11022293e-06 2.22044587e-06 4.44089173e-06\n 4.44089173e-06 3.33066880e-06]", "hess_inv": "[[ 2.85697304 -0.3348635   0.16516651 -0.31565161  1.19310461 -0.35072638]\n [-0.3348635   3.31460604 -0.20515151  0.47921521 -0.90733889 -1.31374811]\n [ 0.16516651 -0.20515151  2.73652457  1.42500634  1.06586198  0.59037022]\n [-0.31565161  0.47921521  1.42500634  3.26223633  0.21397044  0.02199121]\n [ 1.19310461 -0.90733889  1.06586198  0.21397044  2.566404    0.36454336]\n [-0.35072638 -1.31374811  0.59037022  0.02199121  0.36454336  2.46608052]]", "nfev": "112", "njev": "16", "status": "0", "success": "True", "message": "Optimization terminated successfully.", "x": "[1.55853636 4.67137325 4.67927622 1.82651764 2.02279004 2.98732975]", "nit": "14"}, "12": {"maxiter": 500, "gtol": 1e-10, "xrtol": 1e-05, "eps": 1e-05, "duration": 0.018787145614624023, "fun": "0.04578325187638088", "jac": "[ 9.97424365e-08  1.45464751e-06 -1.25637278e-06  1.78812520e-07\n  5.89750471e-07  1.15585319e-07]", "hess_inv": "[[ 2.85768837 -0.37233743  0.12120457 -0.3373036   1.19742361 -0.33467412]\n [-0.37233743  3.30839175 -0.18421185  0.50445595 -0.8964563  -1.37623578]\n [ 0.12120457 -0.18421185  2.75829298  1.46739145  1.09321673  0.52985321]\n [-0.3373036   0.50445595  1.46739145  3.29914969  0.23156802 -0.01525386]\n [ 1.19742361 -0.8964563   1.09321673  0.23156802  2.58234684  0.37473277]\n [-0.33467412 -1.37623578  0.52985321 -0.01525386  0.37473277  2.54642122]]", "nfev": "112", "njev": "16", "status": "0", "success": "True", "message": "Optimization terminated successfully.", "x": "[1.55853845 4.67135761 4.67928529 1.82648737 2.02274171 2.98729383]", "nit": "14"}, "13": {"maxiter": 500, "gtol": 1e-10, "xrtol": 1e-05, "eps": 1e-10, "duration": 0.018700122833251953, "fun": "0.04578325185965526", "jac": "[6.66133760e-06 1.11022293e-06 2.22044587e-06 4.44089173e-06\n 4.44089173e-06 3.33066880e-06]", "hess_inv": "[[ 2.85697304 -0.3348635   0.16516651 -0.31565161  1.19310461 -0.35072638]\n [-0.3348635   3.31460604 -0.20515151  0.47921521 -0.90733889 -1.31374811]\n [ 0.16516651 -0.20515151  2.73652457  1.42500634  1.06586198  0.59037022]\n [-0.31565161  0.47921521  1.42500634  3.26223633  0.21397044  0.02199121]\n [ 1.19310461 -0.90733889  1.06586198  0.21397044  2.566404    0.36454336]\n [-0.35072638 -1.31374811  0.59037022  0.02199121  0.36454336  2.46608052]]", "nfev": "112", "njev": "16", "status": "0", "success": "True", "message": "Optimization terminated successfully.", "x": "[1.55853636 4.67137325 4.67927622 1.82651764 2.02279004 2.98732975]", "nit": "14"}, "14": {"maxiter": 500, "gtol": 1e-10, "xrtol": 1e-10, "eps": 1e-05, "duration": 0.06626105308532715, "fun": "0.04578325186242649", "jac": "[-1.04108944e-06 -8.72057981e-07 -2.90512059e-07  6.17916829e-07\n  1.69787517e-06  1.32913680e-06]", "hess_inv": "[[  4.54486138  -6.13503224   4.95350724  -2.22400281  -2.86098967\n   -1.91061559]\n [ -6.13503224  19.75421834 -14.57094893   7.06830241  13.24951316\n    5.25656514]\n [  4.95350724 -14.57094893  15.20467332  -4.00680731 -10.69019506\n   -4.76212092]\n [ -2.22400281   7.06830241  -4.00680731   5.39649203   4.73246122\n    1.66017336]\n [ -2.86098967  13.24951316 -10.69019506   4.73246122  12.22944547\n    3.91969082]\n [ -1.91061559   5.25656514  -4.76212092   1.66017336   3.91969082\n    3.33032857]]", "nfev": "402", "njev": "56", "status": "2", "success": "False", "message": "Desired error not necessarily achieved due to precision loss.", "x": "[1.55854222 4.67133582 4.67930189 1.82648352 2.02273353 2.98729391]", "nit": "17"}, "15": {"maxiter": 500, "gtol": 1e-10, "xrtol": 1e-10, "eps": 1e-10, "duration": 0.038327932357788086, "fun": "0.04578325184819465", "jac": "[ 0.00000000e+00  2.22044587e-06  0.00000000e+00 -1.11022293e-06\n  4.44089173e-06  3.33066880e-06]", "hess_inv": "[[ 0.13302483 -0.25693786  0.17439465  0.16478085  0.20201349 -0.04221579]\n [-0.25693786  0.60451559 -0.34920685 -0.39302619 -0.53688424  0.12050145]\n [ 0.17439465 -0.34920685  0.25807641  0.2030536   0.22833483 -0.04746686]\n [ 0.16478085 -0.39302619  0.2030536   0.28966694  0.4128062  -0.08890303]\n [ 0.20201349 -0.53688424  0.22833483  0.4128062   0.63998835 -0.13041068]\n [-0.04221579  0.12050145 -0.04746686 -0.08890303 -0.13041068  0.06139713]]", "nfev": "231", "njev": "33", "status": "0", "success": "True", "message": "Optimization terminated successfully.", "x": "[1.55852567 4.6713734  4.67926837 1.82650866 2.02278388 2.98732671]", "nit": "23"}, "16": {"maxiter": 1000, "gtol": 1e-05, "xrtol": 1e-05, "eps": 1e-05, "duration": 0.018650054931640625, "fun": "0.04578325187638088", "jac": "[ 9.97424365e-08  1.45464751e-06 -1.25637278e-06  1.78812520e-07\n  5.89750471e-07  1.15585319e-07]", "hess_inv": "[[ 2.85768837 -0.37233743  0.12120457 -0.3373036   1.19742361 -0.33467412]\n [-0.37233743  3.30839175 -0.18421185  0.50445595 -0.8964563  -1.37623578]\n [ 0.12120457 -0.18421185  2.75829298  1.46739145  1.09321673  0.52985321]\n [-0.3373036   0.50445595  1.46739145  3.29914969  0.23156802 -0.01525386]\n [ 1.19742361 -0.8964563   1.09321673  0.23156802  2.58234684  0.37473277]\n [-0.33467412 -1.37623578  0.52985321 -0.01525386  0.37473277  2.54642122]]", "nfev": "112", "njev": "16", "status": "0", "success": "True", "message": "Optimization terminated successfully.", "x": "[1.55853845 4.67135761 4.67928529 1.82648737 2.02274171 2.98729383]", "nit": "14"}, "17": {"maxiter": 1000, "gtol": 1e-05, "xrtol": 1e-05, "eps": 1e-10, "duration": 0.018660306930541992, "fun": "0.04578325185965526", "jac": "[6.66133760e-06 1.11022293e-06 2.22044587e-06 4.44089173e-06\n 4.44089173e-06 3.33066880e-06]", "hess_inv": "[[ 2.85697304 -0.3348635   0.16516651 -0.31565161  1.19310461 -0.35072638]\n [-0.3348635   3.31460604 -0.20515151  0.47921521 -0.90733889 -1.31374811]\n [ 0.16516651 -0.20515151  2.73652457  1.42500634  1.06586198  0.59037022]\n [-0.31565161  0.47921521  1.42500634  3.26223633  0.21397044  0.02199121]\n [ 1.19310461 -0.90733889  1.06586198  0.21397044  2.566404    0.36454336]\n [-0.35072638 -1.31374811  0.59037022  0.02199121  0.36454336  2.46608052]]", "nfev": "112", "njev": "16", "status": "0", "success": "True", "message": "Optimization terminated successfully.", "x": "[1.55853636 4.67137325 4.67927622 1.82651764 2.02279004 2.98732975]", "nit": "14"}, "18": {"maxiter": 1000, "gtol": 1e-05, "xrtol": 1e-10, "eps": 1e-05, "duration": 0.018692970275878906, "fun": "0.04578325187638088", "jac": "[ 9.97424365e-08  1.45464751e-06 -1.25637278e-06  1.78812520e-07\n  5.89750471e-07  1.15585319e-07]", "hess_inv": "[[ 2.85768837 -0.37233743  0.12120457 -0.3373036   1.19742361 -0.33467412]\n [-0.37233743  3.30839175 -0.18421185  0.50445595 -0.8964563  -1.37623578]\n [ 0.12120457 -0.18421185  2.75829298  1.46739145  1.09321673  0.52985321]\n [-0.3373036   0.50445595  1.46739145  3.29914969  0.23156802 -0.01525386]\n [ 1.19742361 -0.8964563   1.09321673  0.23156802  2.58234684  0.37473277]\n [-0.33467412 -1.37623578  0.52985321 -0.01525386  0.37473277  2.54642122]]", "nfev": "112", "njev": "16", "status": "0", "success": "True", "message": "Optimization terminated successfully.", "x": "[1.55853845 4.67135761 4.67928529 1.82648737 2.02274171 2.98729383]", "nit": "14"}, "19": {"maxiter": 1000, "gtol": 1e-05, "xrtol": 1e-10, "eps": 1e-10, "duration": 0.018703937530517578, "fun": "0.04578325185965526", "jac": "[6.66133760e-06 1.11022293e-06 2.22044587e-06 4.44089173e-06\n 4.44089173e-06 3.33066880e-06]", "hess_inv": "[[ 2.85697304 -0.3348635   0.16516651 -0.31565161  1.19310461 -0.35072638]\n [-0.3348635   3.31460604 -0.20515151  0.47921521 -0.90733889 -1.31374811]\n [ 0.16516651 -0.20515151  2.73652457  1.42500634  1.06586198  0.59037022]\n [-0.31565161  0.47921521  1.42500634  3.26223633  0.21397044  0.02199121]\n [ 1.19310461 -0.90733889  1.06586198  0.21397044  2.566404    0.36454336]\n [-0.35072638 -1.31374811  0.59037022  0.02199121  0.36454336  2.46608052]]", "nfev": "112", "njev": "16", "status": "0", "success": "True", "message": "Optimization terminated successfully.", "x": "[1.55853636 4.67137325 4.67927622 1.82651764 2.02279004 2.98732975]", "nit": "14"}, "20": {"maxiter": 1000, "gtol": 1e-10, "xrtol": 1e-05, "eps": 1e-05, "duration": 0.018692970275878906, "fun": "0.04578325187638088", "jac": "[ 9.97424365e-08  1.45464751e-06 -1.25637278e-06  1.78812520e-07\n  5.89750471e-07  1.15585319e-07]", "hess_inv": "[[ 2.85768837 -0.37233743  0.12120457 -0.3373036   1.19742361 -0.33467412]\n [-0.37233743  3.30839175 -0.18421185  0.50445595 -0.8964563  -1.37623578]\n [ 0.12120457 -0.18421185  2.75829298  1.46739145  1.09321673  0.52985321]\n [-0.3373036   0.50445595  1.46739145  3.29914969  0.23156802 -0.01525386]\n [ 1.19742361 -0.8964563   1.09321673  0.23156802  2.58234684  0.37473277]\n [-0.33467412 -1.37623578  0.52985321 -0.01525386  0.37473277  2.54642122]]", "nfev": "112", "njev": "16", "status": "0", "success": "True", "message": "Optimization terminated successfully.", "x": "[1.55853845 4.67135761 4.67928529 1.82648737 2.02274171 2.98729383]", "nit": "14"}, "21": {"maxiter": 1000, "gtol": 1e-10, "xrtol": 1e-05, "eps": 1e-10, "duration": 0.0186769962310791, "fun": "0.04578325185965526", "jac": "[6.66133760e-06 1.11022293e-06 2.22044587e-06 4.44089173e-06\n 4.44089173e-06 3.33066880e-06]", "hess_inv": "[[ 2.85697304 -0.3348635   0.16516651 -0.31565161  1.19310461 -0.35072638]\n [-0.3348635   3.31460604 -0.20515151  0.47921521 -0.90733889 -1.31374811]\n [ 0.16516651 -0.20515151  2.73652457  1.42500634  1.06586198  0.59037022]\n [-0.31565161  0.47921521  1.42500634  3.26223633  0.21397044  0.02199121]\n [ 1.19310461 -0.90733889  1.06586198  0.21397044  2.566404    0.36454336]\n [-0.35072638 -1.31374811  0.59037022  0.02199121  0.36454336  2.46608052]]", "nfev": "112", "njev": "16", "status": "0", "success": "True", "message": "Optimization terminated successfully.", "x": "[1.55853636 4.67137325 4.67927622 1.82651764 2.02279004 2.98732975]", "nit": "14"}, "22": {"maxiter": 1000, "gtol": 1e-10, "xrtol": 1e-10, "eps": 1e-05, "duration": 0.06623578071594238, "fun": "0.04578325186242649", "jac": "[-1.04108944e-06 -8.72057981e-07 -2.90512059e-07  6.17916829e-07\n  1.69787517e-06  1.32913680e-06]", "hess_inv": "[[  4.54486138  -6.13503224   4.95350724  -2.22400281  -2.86098967\n   -1.91061559]\n [ -6.13503224  19.75421834 -14.57094893   7.06830241  13.24951316\n    5.25656514]\n [  4.95350724 -14.57094893  15.20467332  -4.00680731 -10.69019506\n   -4.76212092]\n [ -2.22400281   7.06830241  -4.00680731   5.39649203   4.73246122\n    1.66017336]\n [ -2.86098967  13.24951316 -10.69019506   4.73246122  12.22944547\n    3.91969082]\n [ -1.91061559   5.25656514  -4.76212092   1.66017336   3.91969082\n    3.33032857]]", "nfev": "402", "njev": "56", "status": "2", "success": "False", "message": "Desired error not necessarily achieved due to precision loss.", "x": "[1.55854222 4.67133582 4.67930189 1.82648352 2.02273353 2.98729391]", "nit": "17"}, "23": {"maxiter": 1000, "gtol": 1e-10, "xrtol": 1e-10, "eps": 1e-10, "duration": 0.039114952087402344, "fun": "0.04578325184819465", "jac": "[ 0.00000000e+00  2.22044587e-06  0.00000000e+00 -1.11022293e-06\n  4.44089173e-06  3.33066880e-06]", "hess_inv": "[[ 0.13302483 -0.25693786  0.17439465  0.16478085  0.20201349 -0.04221579]\n [-0.25693786  0.60451559 -0.34920685 -0.39302619 -0.53688424  0.12050145]\n [ 0.17439465 -0.34920685  0.25807641  0.2030536   0.22833483 -0.04746686]\n [ 0.16478085 -0.39302619  0.2030536   0.28966694  0.4128062  -0.08890303]\n [ 0.20201349 -0.53688424  0.22833483  0.4128062   0.63998835 -0.13041068]\n [-0.04221579  0.12050145 -0.04746686 -0.08890303 -0.13041068  0.06139713]]", "nfev": "231", "njev": "33", "status": "0", "success": "True", "message": "Optimization terminated successfully.", "x": "[1.55852567 4.6713734  4.67926837 1.82650866 2.02278388 2.98732671]", "nit": "23"}}, "cobyla": {"0": {"maxiter": 100, "tol": 1e-05, "catol": 1e-05, "duration": 0.016531944274902344, "x": "[3.11685725 5.07347517 7.14217896 0.56828983 0.31891454 2.83325198]", "status": "2", "success": "False", "message": "Maximum number of function evaluations has been exceeded.", "nfev": "100", "fun": "0.05359891397036898", "maxcv": "0.0"}, "1": {"maxiter": 100, "tol": 1e-05, "catol": 1e-10, "duration": 0.016419172286987305, "x": "[3.11685725 5.07347517 7.14217896 0.56828983 0.31891454 2.83325198]", "status": "2", "success": "False", "message": "Maximum number of function evaluations has been exceeded.", "nfev": "100", "fun": "0.05359891397036898", "maxcv": "0.0"}, "2": {"maxiter": 100, "tol": 1e-10, "catol": 1e-05, "duration": 0.016457796096801758, "x": "[3.11685725 5.07347517 7.14217896 0.56828983 0.31891454 2.83325198]", "status": "2", "success": "False", "message": "Maximum number of function evaluations has been exceeded.", "nfev": "100", "fun": "0.05359891397036898", "maxcv": "0.0"}, "3": {"maxiter": 100, "tol": 1e-10, "catol": 1e-10, "duration": 0.016425132751464844, "x": "[3.11685725 5.07347517 7.14217896 0.56828983 0.31891454 2.83325198]", "status": "2", "success": "False", "message": "Maximum number of function evaluations has been exceeded.", "nfev": "100", "fun": "0.05359891397036898", "maxcv": "0.0"}, "4": {"maxiter": 500, "tol": 1e-05, "catol": 1e-05, "duration": 0.08218073844909668, "x": "[ 3.15427813  4.97954649  7.1661678   0.5320729  -0.44150663  3.42072042]", "status": "2", "success": "False", "message": "Maximum number of function evaluations has been exceeded.", "nfev": "500", "fun": "0.04582581713232026", "maxcv": "0.0"}, "5": {"maxiter": 500, "tol": 1e-05, "catol": 1e-10, "duration": 0.08221721649169922, "x": "[ 3.15427813  4.97954649  7.1661678   0.5320729  -0.44150663  3.42072042]", "status": "2", "success": "False", "message": "Maximum number of function evaluations has been exceeded.", "nfev": "500", "fun": "0.04582581713232026", "maxcv": "0.0"}, "6": {"maxiter": 500, "tol": 1e-10, "catol": 1e-05, "duration": 0.08233499526977539, "x": "[ 3.15427813  4.97954649  7.1661678   0.5320729  -0.44150663  3.42072042]", "status": "2", "success": "False", "message": "Maximum number of function evaluations has been exceeded.", "nfev": "500", "fun": "0.04582581713232026", "maxcv": "0.0"}, "7": {"maxiter": 500, "tol": 1e-10, "catol": 1e-10, "duration": 0.08256220817565918, "x": "[ 3.15427813  4.97954649  7.1661678   0.5320729  -0.44150663  3.42072042]", "status": "2", "success": "False", "message": "Maximum number of function evaluations has been exceeded.", "nfev": "500", "fun": "0.04582581713232026", "maxcv": "0.0"}, "8": {"maxiter": 1000, "tol": 1e-05, "catol": 1e-05, "duration": 0.16413474082946777, "x": "[ 3.15817253  4.97746649  7.17320348  0.53513328 -0.50119592  3.4666843 ]", "status": "2", "success": "False", "message": "Maximum number of function evaluations has been exceeded.", "nfev": "1000", "fun": "0.04578326822086598", "maxcv": "0.0"}, "9": {"maxiter": 1000, "tol": 1e-05, "catol": 1e-10, "duration": 0.1637871265411377, "x": "[ 3.15817253  4.97746649  7.17320348  0.53513328 -0.50119592  3.4666843 ]", "status": "2", "success": "False", "message": "Maximum number of function evaluations has been exceeded.", "nfev": "1000", "fun": "0.04578326822086598", "maxcv": "0.0"}, "10": {"maxiter": 1000, "tol": 1e-10, "catol": 1e-05, "duration": 0.16392183303833008, "x": "[ 3.15817253  4.97746649  7.17320348  0.53513328 -0.50119592  3.4666843 ]", "status": "2", "success": "False", "message": "Maximum number of function evaluations has been exceeded.", "nfev": "1000", "fun": "0.04578326822086598", "maxcv": "0.0"}, "11": {"maxiter": 1000, "tol": 1e-10, "catol": 1e-10, "duration": 0.1618821620941162, "x": "[ 3.15817253  4.97746649  7.1