{"date": "2024/07/19/, 00:11:54", "conf_id": 118, "data_type": "orthogonal\n", "num_data_points": 2, "s_rank": 0, "unitary": "[[-0.53618537-0.34368723j,-0.12107031-0.46226139j,-0.07699282-0.46603512j,0.36022595-0.11472301j],[0.26026499-0.63450712j,-0.56616638+0.37832564j,-0.14988651+0.08458591j,0.10363514-0.16008501j],[-0.32580188-0.11070003j,-0.36476308-0.23593218j,0.02559343+0.41761608j,-0.25598305+0.6725303j],[0.07406738-0.0126433j,0.28513701+0.19483972j,-0.74939717-0.10299659j,0.29798249+0.46269921j]]", "databatch_0": {"databatch": "[[[0.04244578+0.08548568j,-0.05979807+0.07413655j,0.14894822+0.18890914j,-0.40085074-0.02414239j],[0.34483233-0.43197915j,-0.08247477-0.04295665j,0.21517682-0.11228446j,-0.03470127+0.01915568j],[0.00753212+0.12258082j,-0.02614817+0.03109509j,-0.24763161-0.29829761j,-0.12297068-0.04605602j],[-0.07696099+0.16321794j,-0.29073178+0.24961763j,-0.03629517+0.02163438j,0.14567642-0.03682641j]],[[-0.00342926+0.11331308j,-0.22182822+0.12481307j,0.28708903+0.16911663j,-0.25695367-0.05279468j],[0.26559383-0.34864504j,-0.11853174-0.07415465j,0.12547816-0.03358406j,-0.05097428+0.09712209j],[0.10380705+0.20484771j,-0.00989644+0.03462726j,-0.2489411-0.39419464j,-0.06045009+0.07150408j],[-0.12469403+0.1140866j,-0.31413424+0.30207188j,0.01224356+0.02507917j,-0.05014154+0.00589j]]]", "initial param values": "[1.17300239,0.15483165,1.07183297,1.92632748,0.28051351,0.82178216]", "nelder_mead": {"type": "gradient-free", "0": {"maxiter": 100, "fatol": 1e-05, "xatol": 1e-05, "duration": 0.026919841766357422, "fun": "0.6950800690750552", "nit": "100", "nfev": "159", "status": "2", "success": "False", "message": "Maximum number of iterations has been exceeded.", "x": "[-0.62748881  0.17440716  0.77231476  3.12152494  0.41288104  1.16170471]", "final_simplex": "(array([[-0.62748881,  0.17440716,  0.77231476,  3.12152494,  0.41288104,\n         1.16170471],\n       [-0.59670845,  0.17513959,  0.74252496,  3.10526551,  0.41401545,\n         1.15917959],\n       [-0.64696507,  0.17390515,  0.76978618,  3.14608949,  0.41392242,\n         1.16005691],\n       [-0.58666938,  0.17448382,  0.76162878,  3.12769052,  0.41090712,\n         1.16039909],\n       [-0.59114296,  0.17504251,  0.73739462,  3.11578076,  0.41286552,\n         1.17245019],\n       [-0.62718235,  0.17412799,  0.78161963,  3.12595822,  0.40467848,\n         1.17586543],\n       [-0.60962403,  0.17552227,  0.75338695,  3.1277534 ,  0.41332868,\n         1.16654619]]), array([0.69508007, 0.6950925 , 0.69510167, 0.69514903, 0.69515074,\n       0.69515832, 0.69515981]))"}, "1": {"maxiter": 100, "fatol": 1e-05, "xatol": 1e-10, "duration": 0.026810884475708008, "fun": "0.6950800690750552", "nit": "100", "nfev": "159", "status": "2", "success": "False", "message": "Maximum number of iterations has been exceeded.", "x": "[-0.62748881  0.17440716  0.77231476  3.12152494  0.41288104  1.16170471]", "final_simplex": "(array([[-0.62748881,  0.17440716,  0.77231476,  3.12152494,  0.41288104,\n         1.16170471],\n       [-0.59670845,  0.17513959,  0.74252496,  3.10526551,  0.41401545,\n         1.15917959],\n       [-0.64696507,  0.17390515,  0.76978618,  3.14608949,  0.41392242,\n         1.16005691],\n       [-0.58666938,  0.17448382,  0.76162878,  3.12769052,  0.41090712,\n         1.16039909],\n       [-0.59114296,  0.17504251,  0.73739462,  3.11578076,  0.41286552,\n         1.17245019],\n       [-0.62718235,  0.17412799,  0.78161963,  3.12595822,  0.40467848,\n         1.17586543],\n       [-0.60962403,  0.17552227,  0.75338695,  3.1277534 ,  0.41332868,\n         1.16654619]]), array([0.69508007, 0.6950925 , 0.69510167, 0.69514903, 0.69515074,\n       0.69515832, 0.69515981]))"}, "2": {"maxiter": 100, "fatol": 1e-10, "xatol": 1e-05, "duration": 0.026733875274658203, "fun": "0.6950800690750552", "nit": "100", "nfev": "159", "status": "2", "success": "False", "message": "Maximum number of iterations has been exceeded.", "x": "[-0.62748881  0.17440716  0.77231476  3.12152494  0.41288104  1.16170471]", "final_simplex": "(array([[-0.62748881,  0.17440716,  0.77231476,  3.12152494,  0.41288104,\n         1.16170471],\n       [-0.59670845,  0.17513959,  0.74252496,  3.10526551,  0.41401545,\n         1.15917959],\n       [-0.64696507,  0.17390515,  0.76978618,  3.14608949,  0.41392242,\n         1.16005691],\n       [-0.58666938,  0.17448382,  0.76162878,  3.12769052,  0.41090712,\n         1.16039909],\n       [-0.59114296,  0.17504251,  0.73739462,  3.11578076,  0.41286552,\n         1.17245019],\n       [-0.62718235,  0.17412799,  0.78161963,  3.12595822,  0.40467848,\n         1.17586543],\n       [-0.60962403,  0.17552227,  0.75338695,  3.1277534 ,  0.41332868,\n         1.16654619]]), array([0.69508007, 0.6950925 , 0.69510167, 0.69514903, 0.69515074,\n       0.69515832, 0.69515981]))"}, "3": {"maxiter": 100, "fatol": 1e-10, "xatol": 1e-10, "duration": 0.026721954345703125, "fun": "0.6950800690750552", "nit": "100", "nfev": "159", "status": "2", "success": "False", "message": "Maximum number of iterations has been exceeded.", "x": "[-0.62748881  0.17440716  0.77231476  3.12152494  0.41288104  1.16170471]", "final_simplex": "(array([[-0.62748881,  0.17440716,  0.77231476,  3.12152494,  0.41288104,\n         1.16170471],\n       [-0.59670845,  0.17513959,  0.74252496,  3.10526551,  0.41401545,\n         1.15917959],\n       [-0.64696507,  0.17390515,  0.76978618,  3.14608949,  0.41392242,\n         1.16005691],\n       [-0.58666938,  0.17448382,  0.76162878,  3.12769052,  0.41090712,\n         1.16039909],\n       [-0.59114296,  0.17504251,  0.73739462,  3.11578076,  0.41286552,\n         1.17245019],\n       [-0.62718235,  0.17412799,  0.78161963,  3.12595822,  0.40467848,\n         1.17586543],\n       [-0.60962403,  0.17552227,  0.75338695,  3.1277534 ,  0.41332868,\n         1.16654619]]), array([0.69508007, 0.6950925 , 0.69510167, 0.69514903, 0.69515074,\n       0.69515832, 0.69515981]))"}, "4": {"maxiter": 500, "fatol": 1e-05, "xatol": 1e-05, "duration": 0.13042187690734863, "fun": "0.41232230259553293", "nit": "500", "nfev": "777", "status": "2", "success": "False", "message": "Maximum number of iterations has been exceeded.", "x": "[-1.66065009 -0.45685386  1.18078009  1.57761549 -1.49489312 -0.78004351]", "final_simplex": "(array([[-1.66065009, -0.45685386,  1.18078009,  1.57761549, -1.49489312,\n        -0.78004351],\n       [-1.66064962, -0.45685516,  1.18078322,  1.57760643, -1.49490845,\n        -0.78005002],\n       [-1.66065902, -0.45685813,  1.18077863,  1.57761636, -1.49489611,\n        -0.78005851],\n       [-1.66064185, -0.45685127,  1.18079151,  1.57760936, -1.4949083 ,\n        -0.78005787],\n       [-1.66064093, -0.45685758,  1.18077339,  1.57760812, -1.49489744,\n        -0.78005231],\n       [-1.66063346, -0.4568655 ,  1.18078496,  1.57762073, -1.49490755,\n        -0.78004677],\n       [-1.66063235, -0.45684185,  1.18078255,  1.57761719, -1.49490891,\n        -0.78004899]]), array([0.4123223, 0.4123223, 0.4123223, 0.4123223, 0.4123223, 0.4123223,\n       0.4123223]))"}, "5": {"maxiter": 500, "fatol": 1e-05, "xatol": 1e-10, "duration": 0.13119888305664062, "fun": "0.41232230259553293", "nit": "500", "nfev": "777", "status": "2", "success": "False", "message": "Maximum number of iterations has been exceeded.", "x": "[-1.66065009 -0.45685386  1.18078009  1.57761549 -1.49489312 -0.78004351]", "final_simplex": "(array([[-1.66065009, -0.45685386,  1.18078009,  1.57761549, -1.49489312,\n        -0.78004351],\n       [-1.66064962, -0.45685516,  1.18078322,  1.57760643, -1.49490845,\n        -0.78005002],\n       [-1.66065902, -0.45685813,  1.18077863,  1.57761636, -1.49489611,\n        -0.78005851],\n       [-1.66064185, -0.45685127,  1.18079151,  1.57760936, -1.4949083 ,\n        -0.78005787],\n       [-1.66064093, -0.45685758,  1.18077339,  1.57760812, -1.49489744,\n        -0.78005231],\n       [-1.66063346, -0.4568655 ,  1.18078496,  1.57762073, -1.49490755,\n        -0.78004677],\n       [-1.66063235, -0.45684185,  1.18078255,  1.57761719, -1.49490891,\n        -0.78004899]]), array([0.4123223, 0.4123223, 0.4123223, 0.4123223, 0.4123223, 0.4123223,\n       0.4123223]))"}, "6": {"maxiter": 500, "fatol": 1e-10, "xatol": 1e-05, "duration": 0.13206911087036133, "fun": "0.41232230259553293", "nit": "500", "nfev": "777", "status": "2", "success": "False", "message": "Maximum number of iterations has been exceeded.", "x": "[-1.66065009 -0.45685386  1.18078009  1.57761549 -1.49489312 -0.78004351]", "final_simplex": "(array([[-1.66065009, -0.45685386,  1.18078009,  1.57761549, -1.49489312,\n        -0.78004351],\n       [-1.66064962, -0.45685516,  1.18078322,  1.57760643, -1.49490845,\n        -0.78005002],\n       [-1.66065902, -0.45685813,  1.18077863,  1.57761636, -1.49489611,\n        -0.78005851],\n       [-1.66064185, -0.45685127,  1.18079151,  1.57760936, -1.4949083 ,\n        -0.78005787],\n       [-1.66064093, -0.45685758,  1.18077339,  1.57760812, -1.49489744,\n        -0.78005231],\n       [-1.66063346, -0.4568655 ,  1.18078496,  1.57762073, -1.49490755,\n        -0.78004677],\n       [-1.66063235, -0.45684185,  1.18078255,  1.57761719, -1.49490891,\n        -0.78004899]]), array([0.4123223, 0.4123223, 0.4123223, 0.4123223, 0.4123223, 0.4123223,\n       0.4123223]))"}, "7": {"maxiter": 500, "fatol": 1e-10, "xatol": 1e-10, "duration": 0.13224506378173828, "fun": "0.41232230259553293", "nit": "500", "nfev": "777", "status": "2", "success": "False", "message": "Maximum number of iterations has been exceeded.", "x": "[-1.66065009 -0.45685386  1.18078009  1.57761549 -1.49489312 -0.78004351]", "final_simplex": "(array([[-1.66065009, -0.45685386,  1.18078009,  1.57761549, -1.49489312,\n        -0.78004351],\n       [-1.66064962, -0.45685516,  1.18078322,  1.57760643, -1.49490845,\n        -0.78005002],\n       [-1.66065902, -0.45685813,  1.18077863,  1.57761636, -1.49489611,\n        -0.78005851],\n       [-1.66064185, -0.45685127,  1.18079151,  1.57760936, -1.4949083 ,\n        -0.78005787],\n       [-1.66064093, -0.45685758,  1.18077339,  1.57760812, -1.49489744,\n        -0.78005231],\n       [-1.66063346, -0.4568655 ,  1.18078496,  1.57762073, -1.49490755,\n        -0.78004677],\n       [-1.66063235, -0.45684185,  1.18078255,  1.57761719, -1.49490891,\n        -0.78004899]]), array([0.4123223, 0.4123223, 0.4123223, 0.4123223, 0.4123223, 0.4123223,\n       0.4123223]))"}, "8": {"maxiter": 1000, "fatol": 1e-05, "xatol": 1e-05, "duration": 0.1351151466369629, "fun": "0.41232230256929614", "nit": "514", "nfev": "799", "status": "0", "success": "True", "message": "Optimization terminated successfully.", "x": "[-1.66065098 -0.4568527   1.18078792  1.57761918 -1.49490504 -0.78005096]", "final_simplex": "(array([[-1.66065098, -0.4568527 ,  1.18078792,  1.57761918, -1.49490504,\n        -0.78005096],\n       [-1.66064485, -0.45685162,  1.18078327,  1.57761792, -1.49490374,\n        -0.78005048],\n       [-1.66064863, -0.45685398,  1.18078309,  1.57762321, -1.49489883,\n        -0.78004904],\n       [-1.66064374, -0.45685429,  1.18078699,  1.57761979, -1.49490722,\n        -0.78005402],\n       [-1.6606556 , -0.45684823,  1.18078455,  1.57762286, -1.49490112,\n        -0.78005157],\n       [-1.66065335, -0.4568564 ,  1.18078073,  1.57761578, -1.4948994 ,\n        -0.78005318],\n       [-1.66065162, -0.45685799,  1.18077883,  1.57762157, -1.49490315,\n        -0.78004793]]), array([0.4123223, 0.4123223, 0.4123223, 0.4123223, 0.4123223, 0.4123223,\n       0.4123223]))"}, "9": {"maxiter": 1000, "fatol": 1e-05, "xatol": 1e-10, "duration": 0.17106294631958008, "fun": "0.41232230256682356", "nit": "614", "nfev": "1023", "status": "0", "success": "True", "message": "Optimization terminated successfully.", "x": "[-1.66064999 -0.45685223  1.1807845   1.57762041 -1.49490352 -0.78005299]", "final_simplex": "(array([[-1.66064999, -0.45685223,  1.1807845 ,  1.57762041, -1.49490352,\n        -0.78005299],\n       [-1.66064999, -0.45685223,  1.1807845 ,  1.57762041, -1.49490352,\n        -0.78005299],\n       [-1.66064999, -0.45685223,  1.1807845 ,  1.57762041, -1.49490352,\n        -0.78005299],\n       [-1.66064999, -0.45685223,  1.1807845 ,  1.57762041, -1.49490352,\n        -0.78005299],\n       [-1.66064999, -0.45685223,  1.1807845 ,  1.57762041, -1.49490352,\n        -0.78005299],\n       [-1.66064999, -0.45685223,  1.1807845 ,  1.57762041, -1.49490352,\n        -0.78005299],\n       [-1.66064999, -0.45685223,  1.1807845 ,  1.57762041, -1.49490352,\n        -0.78005299]]), array([0.4123223, 0.4123223, 0.4123223, 0.4123223, 0.4123223, 0.4123223,\n       0.4123223]))"}, "10": {"maxiter": 1000, "fatol": 1e-10, "xatol": 1e-05, "duration": 0.1342930793762207, "fun": "0.41232230256929614", "nit": "514", "nfev": "799", "status": "0", "success": "True", "message": "Optimization terminated successfully.", "x": "[-1.66065098 -0.4568527   1.18078792  1.57761918 -1.49490504 -0.78005096]", "final_simplex": "(array([[-1.66065098, -0.4568527 ,  1.18078792,  1.57761918, -1.49490504,\n        -0.78005096],\n       [-1.66064485, -0.45685162,  1.18078327,  1.57761792, -1.49490374,\n        -0.78005048],\n       [-1.66064863, -0.45685398,  1.18078309,  1.57762321, -1.49489883,\n        -0.78004904],\n       [-1.66064374, -0.45685429,  1.18078699,  1.57761979, -1.49490722,\n        -0.78005402],\n       [-1.6606556 , -0.45684823,  1.18078455,  1.57762286, -1.49490112,\n        -0.78005157],\n       [-1.66065335, -0.4568564 ,  1.18078073,  1.57761578, -1.4948994 ,\n        -0.78005318],\n       [-1.66065162, -0.45685799,  1.18077883,  1.57762157, -1.49490315,\n        -0.78004793]]), array([0.4123223, 0.4123223, 0.4123223, 0.4123223, 0.4123223, 0.4123223,\n       0.4123223]))"}, "11": {"maxiter": 1000, "fatol": 1e-10, "xatol": 1e-10, "duration": 0.17112278938293457, "fun": "0.41232230256682356", "nit": "614", "nfev": "1023", "status": "0", "success": "True", "message": "Optimization terminated successfully.", "x": "[-1.66064999 -0.45685223  1.1807845   1.57762041 -1.49490352 -0.78005299]", "final_simplex": "(array([[-1.66064999, -0.45685223,  1.1807845 ,  1.57762041, -1.49490352,\n        -0.78005299],\n       [-1.66064999, -0.45685223,  1.1807845 ,  1.57762041, -1.49490352,\n        -0.78005299],\n       [-1.66064999, -0.45685223,  1.1807845 ,  1.57762041, -1.49490352,\n        -0.78005299],\n       [-1.66064999, -0.45685223,  1.1807845 ,  1.57762041, -1.49490352,\n        -0.78005299],\n       [-1.66064999, -0.45685223,  1.1807845 ,  1.57762041, -1.49490352,\n        -0.78005299],\n       [-1.66064999, -0.45685223,  1.1807845 ,  1.57762041, -1.49490352,\n        -0.78005299],\n       [-1.66064999, -0.45685223,  1.1807845 ,  1.57762041, -1.49490352,\n        -0.78005299]]), array([0.4123223, 0.4123223, 0.4123223, 0.4123223, 0.4123223, 0.4123223,\n       0.4123223]))"}}, "bfgs": {"type": "gradient", "0": {"maxiter": 100, "gtol": 1e-05, "xrtol": 1e-05, "eps": 1e-05, "duration": 0.033763885498046875, "fun": "0.4123223025881213", "jac": "[ 6.31972252e-07 -4.99067454e-07  9.41868805e-07 -7.12485626e-07\n  7.12319093e-08  1.38684619e-06]", "hess_inv": "[[ 4.08402393 -0.02961744 -0.47105658 -0.30063998  0.51754885 -0.49557947]\n [-0.02961744  3.50429773  0.36608166  0.46634707  0.12098062 -0.31449908]\n [-0.47105658  0.36608166  4.11246777 -0.08749412 -1.56100484 -0.49431437]\n [-0.30063998  0.46634707 -0.08749412  3.80455268 -0.03397271  0.05657147]\n [ 0.51754885  0.12098062 -1.56100484 -0.03397271  4.02227462  0.08122793]\n [-0.49557947 -0.31449908 -0.49431437  0.05657147  0.08122793  3.34516275]]", "nfev": "196", "njev": "28", "status": "0", "success": "True", "message": "Optimization terminated successfully.", "x": "[-1.66065207 -0.45686069  1.18078515  4.70555618  1.64668342  2.36154094]", "nit": "26"}, "1": {"maxiter": 100, "gtol": 1e-05, "xrtol": 1e-05, "eps": 1e-10, "duration": 0.03373122215270996, "fun": "0.4123223025812828", "jac": "[ 1.11022293e-06 -1.11022293e-06  1.11022293e-06 -1.11022293e-06\n  0.00000000e+00  1.11022293e-06]", "hess_inv": "[[ 4.10756519 -0.05456729 -0.47120004 -0.29586809  0.54621723 -0.50951952]\n [-0.05456729  3.52898602  0.3541808   0.47040384  0.09574505 -0.3001152 ]\n [-0.47120004  0.3541808   4.09638634 -0.07737757 -1.56045331 -0.48337891]\n [-0.29586809  0.47040384 -0.07737757  3.79677036 -0.02714271  0.05029077]\n [ 0.54621723  0.09574505 -1.56045331 -0.02714271  4.04218661  0.08672438]\n [-0.50951952 -0.3001152  -0.48337891  0.05029077  0.08672438  3.31397318]]", "nfev": "196", "njev": "28", "status": "0", "success": "True", "message": "Optimization terminated successfully.", "x": "[-1.6606487  -0.45686086  1.18078476  4.70555826  1.64668666  2.36154114]", "nit": "26"}, "2": {"maxiter": 100, "gtol": 1e-05, "xrtol": 1e-10, "eps": 1e-05, "duration": 0.03380298614501953, "fun": "0.4123223025881213", "jac": "[ 6.31972252e-07 -4.99067454e-07  9.41868805e-07 -7.12485626e-07\n  7.12319093e-08  1.38684619e-06]", "hess_inv": "[[ 4.08402393 -0.02961744 -0.47105658 -0.30063998  0.51754885 -0.49557947]\n [-0.02961744  3.50429773  0.36608166  0.46634707  0.12098062 -0.31449908]\n [-0.47105658  0.36608166  4.11246777 -0.08749412 -1.56100484 -0.49431437]\n [-0.30063998  0.46634707 -0.08749412  3.80455268 -0.03397271  0.05657147]\n [ 0.51754885  0.12098062 -1.56100484 -0.03397271  4.02227462  0.08122793]\n [-0.49557947 -0.31449908 -0.49431437  0.05657147  0.08122793  3.34516275]]", "nfev": "196", "njev": "28", "status": "0", "success": "True", "message": "Optimization terminated successfully.", "x": "[-1.66065207 -0.45686069  1.18078515  4.70555618  1.64668342  2.36154094]", "nit": "26"}, "3": {"maxiter": 100, "gtol": 1e-05, "xrtol": 1e-10, "eps": 1e-10, "duration": 0.033724069595336914, "fun": "0.4123223025812828", "jac": "[ 1.11022293e-06 -1.11022293e-06  1.11022293e-06 -1.11022293e-06\n  0.00000000e+00  1.11022293e-06]", "hess_inv": "[[ 4.10756519 -0.05456729 -0.47120004 -0.29586809  0.54621723 -0.50951952]\n [-0.05456729  3.52898602  0.3541808   0.47040384  0.09574505 -0.3001152 ]\n [-0.47120004  0.3541808   4.09638634 -0.07737757 -1.56045331 -0.48337891]\n [-0.29586809  0.47040384 -0.07737757  3.79677036 -0.02714271  0.05029077]\n [ 0.54621723  0.09574505 -1.56045331 -0.02714271  4.04218661  0.08672438]\n [-0.50951952 -0.3001152  -0.48337891  0.05029077  0.08672438  3.31397318]]", "nfev": "196", "njev": "28", "status": "0", "success": "True", "message": "Optimization terminated successfully.", "x": "[-1.6606487  -0.45686086  1.18078476  4.70555826  1.64668666  2.36154114]", "nit": "26"}, "4": {"maxiter": 100, "gtol": 1e-10, "xrtol": 1e-05, "eps": 1e-05, "duration": 0.03371787071228027, "fun": "0.4123223025881213", "jac": "[ 6.31972252e-07 -4.99067454e-07  9.41868805e-07 -7.12485626e-07\n  7.12319093e-08  1.38684619e-06]", "hess_inv": "[[ 4.08402393 -0.02961744 -0.47105658 -0.30063998  0.51754885 -0.49557947]\n [-0.02961744  3.50429773  0.36608166  0.46634707  0.12098062 -0.31449908]\n [-0.47105658  0.36608166  4.11246777 -0.08749412 -1.56100484 -0.49431437]\n [-0.30063998  0.46634707 -0.08749412  3.80455268 -0.03397271  0.05657147]\n [ 0.51754885  0.12098062 -1.56100484 -0.03397271  4.02227462  0.08122793]\n [-0.49557947 -0.31449908 -0.49431437  0.05657147  0.08122793  3.34516275]]", "nfev": "196", "njev": "28", "status": "0", "success": "True", "message": "Optimization terminated successfully.", "x": "[-1.66065207 -0.45686069  1.18078515  4.70555618  1.64668342  2.36154094]", "nit": "26"}, "5": {"maxiter": 100, "gtol": 1e-10, "xrtol": 1e-05, "eps": 1e-10, "duration": 0.033637046813964844, "fun": "0.4123223025812828", "jac": "[ 1.11022293e-06 -1.11022293e-06  1.11022293e-06 -1.11022293e-06\n  0.00000000e+00  1.11022293e-06]", "hess_inv": "[[ 4.10756519 -0.05456729 -0.47120004 -0.29586809  0.54621723 -0.50951952]\n [-0.05456729  3.52898602  0.3541808   0.47040384  0.09574505 -0.3001152 ]\n [-0.47120004  0.3541808   4.09638634 -0.07737757 -1.56045331 -0.48337891]\n [-0.29586809  0.47040384 -0.07737757  3.79677036 -0.02714271  0.05029077]\n [ 0.54621723  0.09574505 -1.56045331 -0.02714271  4.04218661  0.08672438]\n [-0.50951952 -0.3001152  -0.48337891  0.05029077  0.08672438  3.31397318]]", "nfev": "196", "njev": "28", "status": "0", "success": "True", "message": "Optimization terminated successfully.", "x": "[-1.6606487  -0.45686086  1.18078476  4.70555826  1.64668666  2.36154114]", "nit": "26"}, "6": {"maxiter": 100, "gtol": 1e-10, "xrtol": 1e-10, "eps": 1e-05, "duration": 0.06277894973754883, "fun": "0.412322302584077", "jac": "[ 5.22915045e-08 -4.33431069e-08  8.79518680e-08 -2.09721129e-08\n  6.47149001e-08  1.86739513e-08]", "hess_inv": "[[ 4.09945968 -0.08111872 -0.42080851 -0.39082445  0.4517932  -0.34569818]\n [-0.08111872  3.58034643  0.27718187  0.58148772  0.16386725 -0.47210902]\n [-0.42080851  0.27718187  4.21128816 -0.22834061 -1.62993871 -0.28797885]\n [-0.39082445  0.58148772 -0.22834061  3.97120835  0.00790326 -0.15495689]\n [ 0.4517932   0.16386725 -1.62993871  0.00790326  3.97713532  0.07381916]\n [-0.34569818 -0.47210902 -0.28797885 -0.15495689  0.07381916  3.57605455]]", "nfev": "369", "njev": "51", "status": "2", "success": "False", "message": "Desired error not necessarily achieved due to precision loss.", "x": "[-1.66065393 -0.4568582   1.18078217  4.70555983  1.64668451  2.36153617]", "nit": "27"}, "7": {"maxiter": 100, "gtol": 1e-10, "xrtol": 1e-10, "eps": 1e-10, "duration": 0.046495914459228516, "fun": "0.41232230257312863", "jac": "[1.11022293e-06 2.22044587e-06 0.00000000e+00 0.00000000e+00\n 1.11022293e-06 1.11022293e-06]", "hess_inv": "[[ 5.87583786 -1.37542404  0.61880101 -2.16859359 -0.13443491 -0.16366606]\n [-1.37542404  4.01308051 -0.16580937  1.35428576  0.43255198  0.31231723]\n [ 0.61880101 -0.16580937  4.59418003 -0.92035392 -1.86417932 -0.79006318]\n [-2.16859359  1.35428576 -0.92035392  5.1996044   0.43603728  0.63005746]\n [-0.13443491  0.43255198 -1.86417932  0.43603728  4.11874321  0.33424323]\n [-0.16366606  0.31231723 -0.79006318  0.63005746  0.33424323  1.81814594]]", "nfev": "273", "njev": "39", "status": "0", "success": "True", "message": "Optimization terminated successfully.", "x": "[-1.66065278 -0.45685576  1.18078108  4.70556446  1.64668858  2.36153701]", "nit": "28"}, "8": {"maxiter": 500, "gtol": 1e-05, "xrtol": 1e-05, "eps": 1e-05, "duration": 0.033651113510131836, "fun": "0.4123223025881213", "jac": "[ 6.31972252e-07 -4.99067454e-07  9.41868805e-07 -7.12485626e-07\n  7.12319093e-08  1.38684619e-06]", "hess_inv": "[[ 4.08402393 -0.02961744 -0.47105658 -0.30063998  0.51754885 -0.49557947]\n [-0.02961744  3.50429773  0.36608166  0.46634707  0.12098062 -0.31449908]\n [-0.47105658  0.36608166  4.11246777 -0.08749412 -1.56100484 -0.49431437]\n [-0.30063998  0.46634707 -0.08749412  3.80455268 -0.03397271  0.05657147]\n [ 0.51754885  0.12098062 -1.56100484 -0.03397271  4.02227462  0.08122793]\n [-0.49557947 -0.31449908 -0.49431437  0.05657147  0.08122793  3.34516275]]", "nfev": "196", "njev": "28", "status": "0", "success": "True", "message": "Optimization terminated successfully.", "x": "[-1.66065207 -0.45686069  1.18078515  4.70555618  1.64668342  2.36154094]", "nit": "26"}, "9": {"maxiter": 500, "gtol": 1e-05, "xrtol": 1e-05, "eps": 1e-10, "duration": 0.03357982635498047, "fun": "0.4123223025812828", "jac": "[ 1.11022293e-06 -1.11022293e-06  1.11022293e-06 -1.11022293e-06\n  0.00000000e+00  1.11022293e-06]", "hess_inv": "[[ 4.10756519 -0.05456729 -0.47120004 -0.29586809  0.54621723 -0.50951952]\n [-0.05456729  3.52898602  0.3541808   0.47040384  0.09574505 -0.3001152 ]\n [-0.47120004  0.3541808   4.09638634 -0.07737757 -1.56045331 -0.48337891]\n [-0.29586809  0.47040384 -0.07737757  3.79677036 -0.02714271  0.05029077]\n [ 0.54621723  0.09574505 -1.56045331 -0.02714271  4.04218661  0.08672438]\n [-0.50951952 -0.3001152  -0.48337891  0.05029077  0.08672438  3.31397318]]", "nfev": "196", "njev": "28", "status": "0", "success": "True", "message": "Optimization terminated successfully.", "x": "[-1.6606487  -0.45686086  1.18078476  4.70555826  1.64668666  2.36154114]", "nit": "26"}, "10": {"maxiter": 500, "gtol": 1e-05, "xrtol": 1e-10, "eps": 1e-05, "duration": 0.033582210540771484, "fun": "0.4123223025881213", "jac": "[ 6.31972252e-07 -4.99067454e-07  9.41868805e-07 -7.12485626e-07\n  7.12319093e-08  1.38684619e-06]", "hess_inv": "[[ 4.08402393 -0.02961744 -0.47105658 -0.30063998  0.51754885 -0.49557947]\n [-0.02961744  3.50429773  0.36608166  0.46634707  0.12098062 -0.31449908]\n [-0.47105658  0.36608166  4.11246777 -0.08749412 -1.56100484 -0.49431437]\n [-0.30063998  0.46634707 -0.08749412  3.80455268 -0.03397271  0.05657147]\n [ 0.51754885  0.12098062 -1.56100484 -0.03397271  4.02227462  0.08122793]\n [-0.49557947 -0.31449908 -0.49431437  0.05657147  0.08122793  3.34516275]]", "nfev": "196", "njev": "28", "status": "0", "success": "True", "message": "Optimization terminated successfully.", "x": "[-1.66065207 -0.45686069  1.18078515  4.70555618  1.64668342  2.36154094]", "nit": "26"}, "11": {"maxiter": 500, "gtol": 1e-05, "xrtol": 1e-10, "eps": 1e-10, "duration": 0.033933162689208984, "fun": "0.4123223025812828", "jac": "[ 1.11022293e-06 -1.11022293e-06  1.11022293e-06 -1.11022293e-06\n  0.00000000e+00  1.11022293e-06]", "hess_inv": "[[ 4.10756519 -0.05456729 -0.47120004 -0.29586809  0.54621723 -0.50951952]\n [-0.05456729  3.52898602  0.3541808   0.47040384  0.09574505 -0.3001152 ]\n [-0.47120004  0.3541808   4.09638634 -0.07737757 -1.56045331 -0.48337891]\n [-0.29586809  0.47040384 -0.07737757  3.79677036 -0.02714271  0.05029077]\n [ 0.54621723  0.09574505 -1.56045331 -0.02714271  4.04218661  0.08672438]\n [-0.50951952 -0.3001152  -0.48337891  0.05029077  0.08672438  3.31397318]]", "nfev": "196", "njev": "28", "status": "0", "success": "True", "message": "Optimization terminated successfully.", "x": "[-1.6606487  -0.45686086  1.18078476  4.70555826  1.64668666  2.36154114]", "nit": "26"}, "12": {"maxiter": 500, "gtol": 1e-10, "xrtol": 1e-05, "eps": 1e-05, "duration": 0.03351998329162598, "fun": "0.4123223025881213", "jac": "[ 6.31972252e-07 -4.99067454e-07  9.41868805e-07 -7.12485626e-07\n  7.12319093e-08  1.38684619e-06]", "hess_inv": "[[ 4.08402393 -0.02961744 -0.47105658 -0.30063998  0.51754885 -0.49557947]\n [-0.02961744  3.50429773  0.36608166  0.46634707  0.12098062 -0.31449908]\n [-0.47105658  0.36608166  4.11246777 -0.08749412 -1.56100484 -0.49431437]\n [-0.30063998  0.46634707 -0.08749412  3.80455268 -0.03397271  0.05657147]\n [ 0.51754885  0.12098062 -1.56100484 -0.03397271  4.02227462  0.08122793]\n [-0.49557947 -0.31449908 -0.49431437  0.05657147  0.08122793  3.34516275]]", "nfev": "196", "njev": "28", "status": "0", "success": "True", "message": "Optimization terminated successfully.", "x": "[-1.66065207 -0.45686069  1.18078515  4.70555618  1.64668342  2.36154094]", "nit": "26"}, "13": {"maxiter": 500, "gtol": 1e-10, "xrtol": 1e-05, "eps": 1e-10, "duration": 0.03351712226867676, "fun": "0.4123223025812828", "jac": "[ 1.11022293e-06 -1.11022293e-06  1.11022293e-06 -1.11022293e-06\n  0.00000000e+00  1.11022293e-06]", "hess_inv": "[[ 4.10756519 -0.05456729 -0.47120004 -0.29586809  0.54621723 -0.50951952]\n [-0.05456729  3.52898602  0.3541808   0.47040384  0.09574505 -0.3001152 ]\n [-0.47120004  0.3541808   4.09638634 -0.07737757 -1.56045331 -0.48337891]\n [-0.29586809  0.47040384 -0.07737757  3.79677036 -0.02714271  0.05029077]\n [ 0.54621723  0.09574505 -1.56045331 -0.02714271  4.04218661  0.08672438]\n [-0.50951952 -0.3001152  -0.48337891  0.05029077  0.08672438  3.31397318]]", "nfev": "196", "njev": "28", "status": "0", "success": "True", "message": "Optimization terminated successfully.", "x": "[-1.6606487  -0.45686086  1.18078476  4.70555826  1.64668666  2.36154114]", "nit": "26"}, "14": {"maxiter": 500, "gtol": 1e-10, "xrtol": 1e-10, "eps": 1e-05, "duration": 0.06255006790161133, "fun": "0.412322302584077", "jac": "[ 5.22915045e-08 -4.33431069e-08  8.79518680e-08 -2.09721129e-08\n  6.47149001e-08  1.86739513e-08]", "hess_inv": "[[ 4.09945968 -0.08111872 -0.42080851 -0.39082445  0.4517932  -0.34569818]\n [-0.08111872  3.58034643  0.27718187  0.58148772  0.16386725 -0.47210902]\n [-0.42080851  0.27718187  4.21128816 -0.22834061 -1.62993871 -0.28797885]\n [-0.39082445  0.58148772 -0.22834061  3.97120835  0.00790326 -0.15495689]\n [ 0.4517932   0.16386725 -1.62993871  0.00790326  3.97713532  0.07381916]\n [-0.34569818 -0.47210902 -0.28797885 -0.15495689  0.07381916  3.57605455]]", "nfev": "369", "njev": "51", "status": "2", "success": "False", "message": "Desired error not necessarily achieved due to precision loss.", "x": "[-1.66065393 -0.4568582   1.18078217  4.70555983  1.64668451  2.36153617]", "nit": "27"}, "15": {"maxiter": 500, "gtol": 1e-10, "xrtol": 1e-10, "eps": 1e-10, "duration": 0.0463564395904541, "fun": "0.41232230257312863", "jac": "[1.11022293e-06 2.22044587e-06 0.00000000e+00 0.00000000e+00\n 1.11022293e-06 1.11022293e-06]", "hess_inv": "[[ 5.87583786 -1.37542404  0.61880101 -2.16859359 -0.13443491 -0.16366606]\n [-1.37542404  4.01308051 -0.16580937  1.35428576  0.43255198  0.31231723]\n [ 0.61880101 -0.16580937  4.59418003 -0.92035392 -1.86417932 -0.79006318]\n [-2.16859359  1.35428576 -0.92035392  5.1996044   0.43603728  0.63005746]\n [-0.13443491  0.43255198 -1.86417932  0.43603728  4.11874321  0.33424323]\n [-0.16366606  0.31231723 -0.79006318  0.63005746  0.33424323  1.81814594]]", "nfev": "273", "njev": "39", "status": "0", "success": "True", "message": "Optimization terminated successfully.", "x": "[-1.66065278 -0.45685576  1.18078108  4.70556446  1.64668858  2.36153701]", "nit": "28"}, "16": {"maxiter": 1000, "gtol": 1e-05, "xrtol": 1e-05, "eps": 1e-05, "duration": 0.03355097770690918, "fun": "0.4123223025881213", "jac": "[ 6.31972252e-07 -4.99067454e-07  9.41868805e-07 -7.12485626e-07\n  7.12319093e-08  1.38684619e-06]", "hess_inv": "[[ 4.08402393 -0.02961744 -0.47105658 -0.30063998  0.51754885 -0.49557947]\n [-0.02961744  3.50429773  0.36608166  0.46634707  0.12098062 -0.31449908]\n [-0.47105658  0.36608166  4.11246777 -0.08749412 -1.56100484 -0.49431437]\n [-0.30063998  0.46634707 -0.08749412  3.80455268 -0.03397271  0.05657147]\n [ 0.51754885  0.12098062 -1.56100484 -0.03397271  4.02227462  0.08122793]\n [-0.49557947 -0.31449908 -0.49431437  0.05657147  0.08122793  3.34516275]]", "nfev": "196", "njev": "28", "status": "0", "success": "True", "message": "Optimization terminated successfully.", "x": "[-1.66065207 -0.45686069  1.18078515  4.70555618  1.64668342  2.36154094]", "nit": "26"}, "17": {"maxiter": 1000, "gtol": 1e-05, "xrtol": 1e-05, "eps": 1e-10, "duration": 0.03355598449707031, "fun": "0.4123223025812828", "jac": "[ 1.11022293e-06 -1.11022293e-06  1.11022293e-06 -1.11022293e-06\n  0.00000000e+00  1.11022293e-06]", "hess_inv": "[[ 4.10756519 -0.05456729 -0.47120004 -0.29586809  0.54621723 -0.50951952]\n [-0.05456729  3.52898602  0.3541808   0.47040384  0.09574505 -0.3001152 ]\n [-0.47120004  0.3541808   4.09638634 -0.07737757 -1.56045331 -0.48337891]\n [-0.29586809  0.47040384 -0.07737757  3.79677036 -0.02714271  0.05029077]\n [ 0.54621723  0.09574505 -1.56045331 -0.02714271  4.04218661  0.08672438]\n [-0.50951952 -0.3001152  -0.48337891  0.05029077  0.08672438  3.31397318]]", "nfev": "196", "njev": "28", "status": "0", "success": "True", "message": "Optimization terminated successfully.", "x": "[-1.6606487  -0.45686086  1.18078476  4.70555826  1.64668666  2.36154114]", "nit": "26"}, "18": {"maxiter": 1000, "gtol": 1e-05, "xrtol": 1e-10, "eps": 1e-05, "duration": 0.033566951751708984, "fun": "0.4123223025881213", "jac": "[ 6.31972252e-07 -4.99067454e-07  9.41868805e-07 -7.12485626e-07\n  7.12319093e-08  1.38684619e-06]", "hess_inv": "[[ 4.08402393 -0.02961744 -0.47105658 -0.30063998  0.51754885 -0.49557947]\n [-0.02961744  3.50429773  0.36608166  0.46634707  0.12098062 -0.31449908]\n [-0.47105658  0.36608166  4.11246777 -0.08749412 -1.56100484 -0.49431437]\n [-0.30063998  0.46634707 -0.08749412  3.80455268 -0.03397271  0.05657147]\n [ 0.51754885  0.12098062 -1.56100484 -0.03397271  4.02227462  0.08122793]\n [-0.49557947 -0.31449908 -0.49431437  0.05657147  0.08122793  3.34516275]]", "nfev": "196", "njev": "28", "status": "0", "success": "True", "message": "Optimization terminated successfully.", "x": "[-1.66065207 -0.45686069  1.18078515  4.70555618  1.64668342  2.36154094]", "nit": "26"}, "19": {"maxiter": 1000, "gtol": 1e-05, "xrtol": 1e-10, "eps": 1e-10, "duration": 0.03351116180419922, "fun": "0.4123223025812828", "jac": "[ 1.11022293e-06 -1.11022293e-06  1.11022293e-06 -1.11022293e-06\n  0.00000000e+00  1.11022293e-06]", "hess_inv": "[[ 4.10756519 -0.05456729 -0.47120004 -0.29586809  0.54621723 -0.50951952]\n [-0.05456729  3.52898602  0.3541808   0.47040384  0.09574505 -0.3001152 ]\n [-0.47120004  0.3541808   4.09638634 -0.07737757 -1.56045331 -0.48337891]\n [-0.29586809  0.47040384 -0.07737757  3.79677036 -0.02714271  0.05029077]\n [ 0.54621723  0.09574505 -1.56045331 -0.02714271  4.04218661  0.08672438]\n [-0.50951952 -0.3001152  -0.48337891  0.05029077  0.08672438  3.31397318]]", "nfev": "196", "njev": "28", "status": "0", "success": "True", "message": "Optimization terminated successfully.", "x": "[-1.6606487  -0.45686086  1.18078476  4.70555826  1.64668666  2.36154114]", "nit": "26"}, "20": {"maxiter": 1000, "gtol": 1e-10, "xrtol": 1e-05, "eps": 1e-05, "duration": 0.033603668212890625, "fun": "0.4123223025881213", "jac": "[ 6.31972252e-07 -4.99067454e-07  9.41868805e-07 -7.12485626e-07\n  7.12319093e-08  1.38684619e-06]", "hess_inv": "[[ 4.08402393 -0.02961744 -0.47105658 -0.30063998  0.51754885 -0.49557947]\n [-0.02961744  3.50429773  0.36608166  0.46634707  0.12098062 -0.31449908]\n [-0.47105658  0.36608166  4.11246777 -0.08749412 -1.56100484 -0.49431437]\n [-0.30063998  0.46634707 -0.08749412  3.80455268 -0.03397271  0.05657147]\n [ 0.51754885  0.12098062 -1.56100484 -0.03397271  4.02227462  0.08122793]\n [-0.49557947 -0.31449908 -0.49431437  0.05657147  0.08122793  3.34516275]]", "nfev": "196", "njev": "28", "status": "0", "success": "True", "message": "Optimization terminated successfully.", "x": "[-1.66065207 -0.45686069  1.18078515  4.70555618  1.64668342  2.36154094]", "nit": "26"}, "21": {"maxiter": 1000, "gtol": 1e-10, "xrtol": 1e-05, "eps": 1e-10, "duration": 0.03360891342163086, "fun": "0.4123223025812828", "jac": "[ 1.11022293e-06 -1.11022293e-06  1.11022293e-06 -1.11022293e-06\n  0.00000000e+00  1.11022293e-06]", "hess_inv": "[[ 4.10756519 -0.05456729 -0.47120004 -0.29586809  0.54621723 -0.50951952]\n [-0.05456729  3.52898602  0.3541808   0.47040384  0.09574505 -0.3001152 ]\n [-0.47120004  0.3541808   4.09638634 -0.07737757 -1.56045331 -0.48337891]\n [-0.29586809  0.47040384 -0.07737757  3.79677036 -0.02714271  0.05029077]\n [ 0.54621723  0.09574505 -1.56045331 -0.02714271  4.04218661  0.08672438]\n [-0.50951952 -0.3001152  -0.48337891  0.05029077  0.08672438  3.31397318]]", "nfev": "196", "njev": "28", "status": "0", "success": "True", "message": "Optimization terminated successfully.", "x": "[-1.6606487  -0.45686086  1.18078476  4.70555826  1.64668666  2.36154114]", "nit": "26"}, "22": {"maxiter": 1000, "gtol": 1e-10, "xrtol": 1e-10, "eps": 1e-05, "duration": 0.06270003318786621, "fun": "0.412322302584077", "jac": "[ 5.22915045e-08 -4.33431069e-08  8.79518680e-08 -2.09721129e-08\n  6.47149001e-08  1.86739513e-08]", "hess_inv": "[[ 4.09945968 -0.08111872 -0.42080851 -0.39082445  0.4517932  -0.34569818]\n [-0.08111872  3.58034643  0.27718187  0.58148772  0.16386725 -0.47210902]\n [-0.42080851  0.27718187  4.21128816 -0.22834061 -1.62993871 -0.28797885]\n [-0.39082445  0.58148772 -0.22834061  3.97120835  0.00790326 -0.15495689]\n [ 0.4517932   0.16386725 -1.62993871  0.00790326  3.97713532  0.07381916]\n [-0.34569818 -0.47210902 -0.28797885 -0.15495689  0.07381916  3.57605455]]", "nfev": "369", "njev": "51", "status": "2", "success": "False", "message": "Desired error not necessarily achieved due to precision loss.", "x": "[-1.66065393 -0.4568582   1.18078217  4.70555983  1.64668451  2.36153617]", "nit": "27"}, "23": {"maxiter": 1000, "gtol": 1e-10, "xrtol": 1e-10, "eps": 1e-10, "duration": 0.04674506187438965, "fun": "0.41232230257312863", "jac": "[1.11022293e-06 2.22044587e-06 0.00000000e+00 0.00000000e+00\n 1.11022293e-06 1.11022293e-06]", "hess_inv": "[[ 5.87583786 -1.37542404  0.61880101 -2.16859359 -0.13443491 -0.16366606]\n [-1.37542404  4.01308051 -0.16580937  1.35428576  0.43255198  0.31231723]\n [ 0.61880101 -0.16580937  4.59418003 -0.92035392 -1.86417932 -0.79006318]\n [-2.16859359  1.35428576 -0.92035392  5.1996044   0.43603728  0.63005746]\n [-0.13443491  0.43255198 -1.86417932  0.43603728  4.11874321  0.33424323]\n [-0.16366606  0.31231723 -0.79006318  0.63005746  0.33424323  1.81814594]]", "nfev": "273", "njev": "39", "status": "0", "success": "True", "message": "Optimization terminated successfully.", "x": "[-1.66065278 -0.45685576  1.18078108  4.70556446  1.64668858  2.36153701]", "nit": "28"}}, "cobyla": {"0": {"maxiter": 100, "tol": 1e-05, "catol": 1e-05, "duration": 0.016443967819213867, "x": "[ 1.86371161 -1.21712902  3.07147524  1.62687201 -0.96212406  1.85434347]", "status": "2", "success": "False", "message": "Maximum number of function evaluations has been exceeded.", "nfev": "100", "fun": "0.693911313873993", "maxcv": "0.0"}, "1": {"maxiter": 100, "tol": 1e-05, "catol": 1e-10, "duration": 0.016381025314331055, "x": "[ 1.86371161 -1.21712902  3.07147524  1.62687201 -0.96212406  1.85434347]", "status": "2", "success": "False", "message": "Maximum number of function evaluations has been exceeded.", "nfev": "100", "fun": "0.693911313873993", "maxcv": "0.0"}, "2": {"maxiter": 100, "tol": 1e-10, "catol": 1e-05, "duration": 0.016363143920898438, "x": "[ 1.86371161 -1.21712902  3.07147524  1.62687201 -0.96212406  1.85434347]", "status": "2", "success": "False", "message": "Maximum number of function evaluations has been exceeded.", "nfev": "100", "fun": "0.693911313873993", "maxcv": "0.0"}, "3": {"maxiter": 100, "tol": 1e-10, "catol": 1e-10, "duration": 0.016354084014892578, "x": "[ 1.86371161 -1.21712902  3.07147524  1.62687201 -0.96212406  1.85434347]", "status": "2", "success": "False", "message": "Maximum number of function evaluations has been exceeded.", "nfev": "100", "fun": "0.693911313873993", "maxcv": "0.0"}, "4": {"maxiter": 500, "tol": 1e-05, "catol": 1e-05, "duration": 0.024666786193847656, "x": "[ 1.86326569 -1.2172372   3.07136475  1.62694924 -0.96162884  1.85415025]", "status": "1", "success": "True", "message": "Optimization terminated successfully.", "nfev": "151", "fun": "0.6939112998761969", "maxcv": "0.0"}, "5": {"maxiter": 500, "tol": 1e-05, "catol": 1e-10, "duration": 0.024632930755615234, "x": "[ 1.86326569 -1.2172372   3.07136475  1.62694924 -0.96162884  1.85415025]", "status": "1", "success": "True", "message": "Optimization terminated successfully.", "nfev": "151", "fun": "0.6939112998761969", "maxcv": "0.0"}, "6": {"maxiter": 500, "tol": 1e-10, "catol": 1e-05, "duration": 0.03958702087402344, "x": "[ 1.86325316 -1.21723949  3.07136922  1.62694643 -0.96162167  1.85414174]", "status": "1", "success": "True", "message": "Optimization terminated successfully.", "nfev": "238", "fun": "0.6939112998609129", "maxcv": "0.0"}, "7": {"maxiter": 500, "tol": 1e-10, "catol": 1e-10, "duration": 0.03926706314086914, "x": "[ 1.86325316 -1.21723949  3.07136922  1.62694643 -0.96162167  1.85414174]", "status": "1", "success": "True", "message": "Optimization terminated successfully.", "nfev": "238", "fun": "0.6939112998609129", "maxcv": "0.0"}, "8": {"maxiter": 1000, "tol": 1e-05, "catol": 1e-05, "duration": 0.024950742721557617, "x": "[ 1.86326569 -1.2172372   3.07136475  1.62694924 -0.96162884  1.85415025]", "status": "1", "success": "True", "message": "Optimization terminated successfully.", "nfev": "151", "f