{"date": "2024/07/18/, 18:05:55", "conf_id": 17, "data_type": "random\n", "num_data_points": 1, "s_rank": 0, "unitary": "[[0.18663085-0.53122324j,-0.11886349-0.70040876j,0.28555095-0.02789305j,-0.12262021-0.2844587j],[-0.16702216+0.27758472j,0.27526351-0.29738586j,-0.01109314+0.22495461j,-0.77239203+0.28900673j],[0.61935415+0.12301792j,-0.31269928-0.03315917j,-0.61902762-0.19039079j,-0.27120731-0.0968989j],[0.42341754+0.0023929j,-0.05847358+0.47832119j,0.64900495-0.16218422j,-0.37182676-0.05229966j]]", "databatch_0": {"databatch": "[[[-0.2303341-0.08912525j,0.09314637-0.22686747j,0.24199054-0.03930553j,-0.00499134-0.25760221j],[0.08768482-0.36525961j,0.11927971+0.15788803j,-0.16641741+0.03346834j,-0.07297297+0.01263512j],[0.27177435-0.35373733j,-0.26865834+0.07496794j,0.07668963-0.13753437j,-0.06280997+0.02646032j],[0.19944094+0.01722182j,0.04096614-0.27987194j,-0.29171998-0.09944369j,0.0566739+0.11531739j]]]", "initial param values": "[4.17193545,4.90470425,5.59024597,2.23229833,3.38478009,3.8183765]", "nelder_mead": {"type": "gradient-free", "0": {"maxiter": 100, "fatol": 1e-05, "xatol": 1e-05, "duration": 0.02820301055908203, "fun": "0.32114332044457905", "nit": "100", "nfev": "162", "status": "2", "success": "False", "message": "Maximum number of iterations has been exceeded.", "x": "[4.51406186 4.13512647 6.68128232 2.74191004 1.40938622 3.39433488]", "final_simplex": "(array([[4.51406186, 4.13512647, 6.68128232, 2.74191004, 1.40938622,\n        3.39433488],\n       [4.53095009, 4.04823687, 6.58262192, 2.82069112, 1.62001763,\n        3.54328713],\n       [4.54138673, 4.09786601, 6.6434514 , 2.83611366, 1.70838662,\n        3.69521231],\n       [4.53970855, 4.07737331, 6.66426541, 2.92988677, 1.72294763,\n        3.67557422],\n       [4.48819858, 4.08670385, 6.65815227, 2.87856228, 1.78069302,\n        3.68935076],\n       [4.53543481, 4.03153103, 6.68311158, 2.91484995, 1.83076414,\n        3.79229781],\n       [4.56923016, 4.05937715, 6.68056884, 2.90499105, 1.894688  ,\n        3.82913426]]), array([0.32114332, 0.32547906, 0.32785551, 0.32967996, 0.33013896,\n       0.33026505, 0.33149521]))"}, "1": {"maxiter": 100, "fatol": 1e-05, "xatol": 1e-10, "duration": 0.028007984161376953, "fun": "0.32114332044457905", "nit": "100", "nfev": "162", "status": "2", "success": "False", "message": "Maximum number of iterations has been exceeded.", "x": "[4.51406186 4.13512647 6.68128232 2.74191004 1.40938622 3.39433488]", "final_simplex": "(array([[4.51406186, 4.13512647, 6.68128232, 2.74191004, 1.40938622,\n        3.39433488],\n       [4.53095009, 4.04823687, 6.58262192, 2.82069112, 1.62001763,\n        3.54328713],\n       [4.54138673, 4.09786601, 6.6434514 , 2.83611366, 1.70838662,\n        3.69521231],\n       [4.53970855, 4.07737331, 6.66426541, 2.92988677, 1.72294763,\n        3.67557422],\n       [4.48819858, 4.08670385, 6.65815227, 2.87856228, 1.78069302,\n        3.68935076],\n       [4.53543481, 4.03153103, 6.68311158, 2.91484995, 1.83076414,\n        3.79229781],\n       [4.56923016, 4.05937715, 6.68056884, 2.90499105, 1.894688  ,\n        3.82913426]]), array([0.32114332, 0.32547906, 0.32785551, 0.32967996, 0.33013896,\n       0.33026505, 0.33149521]))"}, "2": {"maxiter": 100, "fatol": 1e-10, "xatol": 1e-05, "duration": 0.02807903289794922, "fun": "0.32114332044457905", "nit": "100", "nfev": "162", "status": "2", "success": "False", "message": "Maximum number of iterations has been exceeded.", "x": "[4.51406186 4.13512647 6.68128232 2.74191004 1.40938622 3.39433488]", "final_simplex": "(array([[4.51406186, 4.13512647, 6.68128232, 2.74191004, 1.40938622,\n        3.39433488],\n       [4.53095009, 4.04823687, 6.58262192, 2.82069112, 1.62001763,\n        3.54328713],\n       [4.54138673, 4.09786601, 6.6434514 , 2.83611366, 1.70838662,\n        3.69521231],\n       [4.53970855, 4.07737331, 6.66426541, 2.92988677, 1.72294763,\n        3.67557422],\n       [4.48819858, 4.08670385, 6.65815227, 2.87856228, 1.78069302,\n        3.68935076],\n       [4.53543481, 4.03153103, 6.68311158, 2.91484995, 1.83076414,\n        3.79229781],\n       [4.56923016, 4.05937715, 6.68056884, 2.90499105, 1.894688  ,\n        3.82913426]]), array([0.32114332, 0.32547906, 0.32785551, 0.32967996, 0.33013896,\n       0.33026505, 0.33149521]))"}, "3": {"maxiter": 100, "fatol": 1e-10, "xatol": 1e-10, "duration": 0.028000831604003906, "fun": "0.32114332044457905", "nit": "100", "nfev": "162", "status": "2", "success": "False", "message": "Maximum number of iterations has been exceeded.", "x": "[4.51406186 4.13512647 6.68128232 2.74191004 1.40938622 3.39433488]", "final_simplex": "(array([[4.51406186, 4.13512647, 6.68128232, 2.74191004, 1.40938622,\n        3.39433488],\n       [4.53095009, 4.04823687, 6.58262192, 2.82069112, 1.62001763,\n        3.54328713],\n       [4.54138673, 4.09786601, 6.6434514 , 2.83611366, 1.70838662,\n        3.69521231],\n       [4.53970855, 4.07737331, 6.66426541, 2.92988677, 1.72294763,\n        3.67557422],\n       [4.48819858, 4.08670385, 6.65815227, 2.87856228, 1.78069302,\n        3.68935076],\n       [4.53543481, 4.03153103, 6.68311158, 2.91484995, 1.83076414,\n        3.79229781],\n       [4.56923016, 4.05937715, 6.68056884, 2.90499105, 1.894688  ,\n        3.82913426]]), array([0.32114332, 0.32547906, 0.32785551, 0.32967996, 0.33013896,\n       0.33026505, 0.33149521]))"}, "4": {"maxiter": 500, "fatol": 1e-05, "xatol": 1e-05, "duration": 0.08189797401428223, "fun": "0.31525824821857207", "nit": "288", "nfev": "475", "status": "0", "success": "True", "message": "Optimization terminated successfully.", "x": "[4.57694094 4.10185645 6.60134085 2.64695035 0.98906002 3.02859912]", "final_simplex": "(array([[4.57694094, 4.10185645, 6.60134085, 2.64695035, 0.98906002,\n        3.02859912],\n       [4.5769396 , 4.10185605, 6.60133797, 2.64695128, 0.98906146,\n        3.02859948],\n       [4.57693516, 4.10185752, 6.60134267, 2.64694716, 0.98906911,\n        3.02860825],\n       [4.57693771, 4.10185403, 6.60134017, 2.64694686, 0.98906531,\n        3.02860572],\n       [4.57693596, 4.10185513, 6.6013423 , 2.64694806, 0.98906288,\n        3.0286025 ],\n       [4.5769376 , 4.10185299, 6.6013404 , 2.64694905, 0.98906155,\n        3.02860442],\n       [4.57693652, 4.10185858, 6.6013363 , 2.64694536, 0.98905704,\n        3.02859739]]), array([0.31525825, 0.31525825, 0.31525825, 0.31525825, 0.31525825,\n       0.31525825, 0.31525825]))"}, "5": {"maxiter": 500, "fatol": 1e-05, "xatol": 1e-10, "duration": 0.1194312572479248, "fun": "0.3152582482164591", "nit": "386", "nfev": "688", "status": "0", "success": "True", "message": "Optimization terminated successfully.", "x": "[4.57693935 4.10185663 6.6013413  2.64695066 0.9890654  3.0286063 ]", "final_simplex": "(array([[4.57693935, 4.10185663, 6.6013413 , 2.64695066, 0.9890654 ,\n        3.0286063 ],\n       [4.57693935, 4.10185663, 6.6013413 , 2.64695066, 0.9890654 ,\n        3.0286063 ],\n       [4.57693935, 4.10185663, 6.6013413 , 2.64695066, 0.9890654 ,\n        3.0286063 ],\n       [4.57693935, 4.10185663, 6.6013413 , 2.64695066, 0.9890654 ,\n        3.0286063 ],\n       [4.57693935, 4.10185663, 6.6013413 , 2.64695066, 0.9890654 ,\n        3.0286063 ],\n       [4.57693935, 4.10185663, 6.6013413 , 2.64695066, 0.9890654 ,\n        3.0286063 ],\n       [4.57693935, 4.10185663, 6.6013413 , 2.64695066, 0.9890654 ,\n        3.0286063 ]]), array([0.31525825, 0.31525825, 0.31525825, 0.31525825, 0.31525825,\n       0.31525825, 0.31525825]))"}, "6": {"maxiter": 500, "fatol": 1e-10, "xatol": 1e-05, "duration": 0.08350491523742676, "fun": "0.31525824821857207", "nit": "288", "nfev": "475", "status": "0", "success": "True", "message": "Optimization terminated successfully.", "x": "[4.57694094 4.10185645 6.60134085 2.64695035 0.98906002 3.02859912]", "final_simplex": "(array([[4.57694094, 4.10185645, 6.60134085, 2.64695035, 0.98906002,\n        3.02859912],\n       [4.5769396 , 4.10185605, 6.60133797, 2.64695128, 0.98906146,\n        3.02859948],\n       [4.57693516, 4.10185752, 6.60134267, 2.64694716, 0.98906911,\n        3.02860825],\n       [4.57693771, 4.10185403, 6.60134017, 2.64694686, 0.98906531,\n        3.02860572],\n       [4.57693596, 4.10185513, 6.6013423 , 2.64694806, 0.98906288,\n        3.0286025 ],\n       [4.5769376 , 4.10185299, 6.6013404 , 2.64694905, 0.98906155,\n        3.02860442],\n       [4.57693652, 4.10185858, 6.6013363 , 2.64694536, 0.98905704,\n        3.02859739]]), array([0.31525825, 0.31525825, 0.31525825, 0.31525825, 0.31525825,\n       0.31525825, 0.31525825]))"}, "7": {"maxiter": 500, "fatol": 1e-10, "xatol": 1e-10, "duration": 0.12041711807250977, "fun": "0.3152582482164591", "nit": "386", "nfev": "688", "status": "0", "success": "True", "message": "Optimization terminated successfully.", "x": "[4.57693935 4.10185663 6.6013413  2.64695066 0.9890654  3.0286063 ]", "final_simplex": "(array([[4.57693935, 4.10185663, 6.6013413 , 2.64695066, 0.9890654 ,\n        3.0286063 ],\n       [4.57693935, 4.10185663, 6.6013413 , 2.64695066, 0.9890654 ,\n        3.0286063 ],\n       [4.57693935, 4.10185663, 6.6013413 , 2.64695066, 0.9890654 ,\n        3.0286063 ],\n       [4.57693935, 4.10185663, 6.6013413 , 2.64695066, 0.9890654 ,\n        3.0286063 ],\n       [4.57693935, 4.10185663, 6.6013413 , 2.64695066, 0.9890654 ,\n        3.0286063 ],\n       [4.57693935, 4.10185663, 6.6013413 , 2.64695066, 0.9890654 ,\n        3.0286063 ],\n       [4.57693935, 4.10185663, 6.6013413 , 2.64695066, 0.9890654 ,\n        3.0286063 ]]), array([0.31525825, 0.31525825, 0.31525825, 0.31525825, 0.31525825,\n       0.31525825, 0.31525825]))"}, "8": {"maxiter": 1000, "fatol": 1e-05, "xatol": 1e-05, "duration": 0.08182692527770996, "fun": "0.31525824821857207", "nit": "288", "nfev": "475", "status": "0", "success": "True", "message": "Optimization terminated successfully.", "x": "[4.57694094 4.10185645 6.60134085 2.64695035 0.98906002 3.02859912]", "final_simplex": "(array([[4.57694094, 4.10185645, 6.60134085, 2.64695035, 0.98906002,\n        3.02859912],\n       [4.5769396 , 4.10185605, 6.60133797, 2.64695128, 0.98906146,\n        3.02859948],\n       [4.57693516, 4.10185752, 6.60134267, 2.64694716, 0.98906911,\n        3.02860825],\n       [4.57693771, 4.10185403, 6.60134017, 2.64694686, 0.98906531,\n        3.02860572],\n       [4.57693596, 4.10185513, 6.6013423 , 2.64694806, 0.98906288,\n        3.0286025 ],\n       [4.5769376 , 4.10185299, 6.6013404 , 2.64694905, 0.98906155,\n        3.02860442],\n       [4.57693652, 4.10185858, 6.6013363 , 2.64694536, 0.98905704,\n        3.02859739]]), array([0.31525825, 0.31525825, 0.31525825, 0.31525825, 0.31525825,\n       0.31525825, 0.31525825]))"}, "9": {"maxiter": 1000, "fatol": 1e-05, "xatol": 1e-10, "duration": 0.11910605430603027, "fun": "0.3152582482164591", "nit": "386", "nfev": "688", "status": "0", "success": "True", "message": "Optimization terminated successfully.", "x": "[4.57693935 4.10185663 6.6013413  2.64695066 0.9890654  3.0286063 ]", "final_simplex": "(array([[4.57693935, 4.10185663, 6.6013413 , 2.64695066, 0.9890654 ,\n        3.0286063 ],\n       [4.57693935, 4.10185663, 6.6013413 , 2.64695066, 0.9890654 ,\n        3.0286063 ],\n       [4.57693935, 4.10185663, 6.6013413 , 2.64695066, 0.9890654 ,\n        3.0286063 ],\n       [4.57693935, 4.10185663, 6.6013413 , 2.64695066, 0.9890654 ,\n        3.0286063 ],\n       [4.57693935, 4.10185663, 6.6013413 , 2.64695066, 0.9890654 ,\n        3.0286063 ],\n       [4.57693935, 4.10185663, 6.6013413 , 2.64695066, 0.9890654 ,\n        3.0286063 ],\n       [4.57693935, 4.10185663, 6.6013413 , 2.64695066, 0.9890654 ,\n        3.0286063 ]]), array([0.31525825, 0.31525825, 0.31525825, 0.31525825, 0.31525825,\n       0.31525825, 0.31525825]))"}, "10": {"maxiter": 1000, "fatol": 1e-10, "xatol": 1e-05, "duration": 0.08248710632324219, "fun": "0.31525824821857207", "nit": "288", "nfev": "475", "status": "0", "success": "True", "message": "Optimization terminated successfully.", "x": "[4.57694094 4.10185645 6.60134085 2.64695035 0.98906002 3.02859912]", "final_simplex": "(array([[4.57694094, 4.10185645, 6.60134085, 2.64695035, 0.98906002,\n        3.02859912],\n       [4.5769396 , 4.10185605, 6.60133797, 2.64695128, 0.98906146,\n        3.02859948],\n       [4.57693516, 4.10185752, 6.60134267, 2.64694716, 0.98906911,\n        3.02860825],\n       [4.57693771, 4.10185403, 6.60134017, 2.64694686, 0.98906531,\n        3.02860572],\n       [4.57693596, 4.10185513, 6.6013423 , 2.64694806, 0.98906288,\n        3.0286025 ],\n       [4.5769376 , 4.10185299, 6.6013404 , 2.64694905, 0.98906155,\n        3.02860442],\n       [4.57693652, 4.10185858, 6.6013363 , 2.64694536, 0.98905704,\n        3.02859739]]), array([0.31525825, 0.31525825, 0.31525825, 0.31525825, 0.31525825,\n       0.31525825, 0.31525825]))"}, "11": {"maxiter": 1000, "fatol": 1e-10, "xatol": 1e-10, "duration": 0.11939716339111328, "fun": "0.3152582482164591", "nit": "386", "nfev": "688", "status": "0", "success": "True", "message": "Optimization terminated successfully.", "x": "[4.57693935 4.10185663 6.6013413  2.64695066 0.9890654  3.0286063 ]", "final_simplex": "(array([[4.57693935, 4.10185663, 6.6013413 , 2.64695066, 0.9890654 ,\n        3.0286063 ],\n       [4.57693935, 4.10185663, 6.6013413 , 2.64695066, 0.9890654 ,\n        3.0286063 ],\n       [4.57693935, 4.10185663, 6.6013413 , 2.64695066, 0.9890654 ,\n        3.0286063 ],\n       [4.57693935, 4.10185663, 6.6013413 , 2.64695066, 0.9890654 ,\n        3.0286063 ],\n       [4.57693935, 4.10185663, 6.6013413 , 2.64695066, 0.9890654 ,\n        3.0286063 ],\n       [4.57693935, 4.10185663, 6.6013413 , 2.64695066, 0.9890654 ,\n        3.0286063 ],\n       [4.57693935, 4.10185663, 6.6013413 , 2.64695066, 0.9890654 ,\n        3.0286063 ]]), array([0.31525825, 0.31525825, 0.31525825, 0.31525825, 0.31525825,\n       0.31525825, 0.31525825]))"}}, "bfgs": {"type": "gradient", "0": {"maxiter": 100, "gtol": 1e-05, "xrtol": 1e-05, "eps": 1e-05, "duration": 0.037457942962646484, "fun": "0.3152582482863211", "jac": "[ 1.24298349e-06  2.49986698e-06  4.39808190e-06  4.17954560e-07\n  3.50240947e-06 -3.09334780e-06]", "hess_inv": "[[ 3.65089697 -0.11386148 -0.20301239  1.016622   -2.89573447 -2.19268503]\n [-0.11386148  3.09967517  0.03050319 -1.61877718 -1.21333471 -0.76349426]\n [-0.20301239  0.03050319  2.44800178  0.11881457  0.55985546  1.34551188]\n [ 1.016622   -1.61877718  0.11881457  4.88779303  0.39065585 -0.25569355]\n [-2.89573447 -1.21333471  0.55985546  0.39065585 15.54815139 13.56878799]\n [-2.19268503 -0.76349426  1.34551188 -0.25569355 13.56878799 14.56174154]]", "nfev": "210", "njev": "30", "status": "0", "success": "True", "message": "Optimization terminated successfully.", "x": "[4.57694161 4.10186236 6.60134476 2.64694705 0.98903525 3.02856724]", "nit": "27"}, "1": {"maxiter": 100, "gtol": 1e-05, "xrtol": 1e-05, "eps": 1e-10, "duration": 0.03614687919616699, "fun": "0.3152582486371468", "jac": "[ 0.00000000e+00  5.55111466e-06  1.55431211e-05  5.55111466e-06\n  4.44089173e-06 -4.44089173e-06]", "hess_inv": "[[ 3.64824715e+00 -1.26296582e-02 -2.06105111e-01  9.12853636e-01\n  -2.84310396e+00 -2.13840828e+00]\n [-1.26296582e-02  3.46713078e+00  1.07843599e-01 -1.83137625e+00\n  -1.39400038e+00 -9.40750143e-01]\n [-2.06105111e-01  1.07843599e-01  2.15205557e+00 -4.33679928e-01\n   9.96002189e-01  1.86034364e+00]\n [ 9.12853636e-01 -1.83137625e+00 -4.33679928e-01  4.33585476e+00\n   1.00082266e+00  4.77914785e-01]\n [-2.84310396e+00 -1.39400038e+00  9.96002189e-01  1.00082266e+00\n   1.52794331e+01  1.32169941e+01]\n [-2.13840828e+00 -9.40750143e-01  1.86034364e+00  4.77914785e-01\n   1.32169941e+01  1.41067148e+01]]", "nfev": "203", "njev": "29", "status": "0", "success": "True", "message": "Optimization terminated successfully.", "x": "[4.57693975 4.10185965 6.60137863 2.64698319 0.98905215 3.02857759]", "nit": "26"}, "2": {"maxiter": 100, "gtol": 1e-05, "xrtol": 1e-10, "eps": 1e-05, "duration": 0.037236928939819336, "fun": "0.3152582482863211", "jac": "[ 1.24298349e-06  2.49986698e-06  4.39808190e-06  4.17954560e-07\n  3.50240947e-06 -3.09334780e-06]", "hess_inv": "[[ 3.65089697 -0.11386148 -0.20301239  1.016622   -2.89573447 -2.19268503]\n [-0.11386148  3.09967517  0.03050319 -1.61877718 -1.21333471 -0.76349426]\n [-0.20301239  0.03050319  2.44800178  0.11881457  0.55985546  1.34551188]\n [ 1.016622   -1.61877718  0.11881457  4.88779303  0.39065585 -0.25569355]\n [-2.89573447 -1.21333471  0.55985546  0.39065585 15.54815139 13.56878799]\n [-2.19268503 -0.76349426  1.34551188 -0.25569355 13.56878799 14.56174154]]", "nfev": "210", "njev": "30", "status": "0", "success": "True", "message": "Optimization terminated successfully.", "x": "[4.57694161 4.10186236 6.60134476 2.64694705 0.98903525 3.02856724]", "nit": "27"}, "3": {"maxiter": 100, "gtol": 1e-05, "xrtol": 1e-10, "eps": 1e-10, "duration": 0.037136077880859375, "fun": "0.31525824832694815", "jac": "[-2.22044587e-06  3.33066880e-06  1.11022293e-06  1.11022293e-06\n  1.11022293e-06 -7.77156053e-06]", "hess_inv": "[[ 3.65491177 -0.03336094 -0.31186274  0.85820757 -2.9206597  -2.21284482]\n [-0.03336094  3.07907221 -0.2147027  -1.51658424 -1.83458427 -1.446545  ]\n [-0.31186274 -0.2147027   2.89229195  0.64194824  1.24507759  1.98000787]\n [ 0.85820757 -1.51658424  0.64194824  4.73758531  1.85491061  1.32418872]\n [-2.9206597  -1.83458427  1.24507759  1.85491061 15.15465596 12.97228703]\n [-2.21284482 -1.446545    1.98000787  1.32418872 12.97228703 13.73672916]]", "nfev": "210", "njev": "30", "status": "0", "success": "True", "message": "Optimization terminated successfully.", "x": "[4.57694316 4.10185603 6.60133456 2.64695297 0.98902299 3.02855088]", "nit": "27"}, "4": {"maxiter": 100, "gtol": 1e-10, "xrtol": 1e-05, "eps": 1e-05, "duration": 0.03709578514099121, "fun": "0.3152582482863211", "jac": "[ 1.24298349e-06  2.49986698e-06  4.39808190e-06  4.17954560e-07\n  3.50240947e-06 -3.09334780e-06]", "hess_inv": "[[ 3.65089697 -0.11386148 -0.20301239  1.016622   -2.89573447 -2.19268503]\n [-0.11386148  3.09967517  0.03050319 -1.61877718 -1.21333471 -0.76349426]\n [-0.20301239  0.03050319  2.44800178  0.11881457  0.55985546  1.34551188]\n [ 1.016622   -1.61877718  0.11881457  4.88779303  0.39065585 -0.25569355]\n [-2.89573447 -1.21333471  0.55985546  0.39065585 15.54815139 13.56878799]\n [-2.19268503 -0.76349426  1.34551188 -0.25569355 13.56878799 14.56174154]]", "nfev": "210", "njev": "30", "status": "0", "success": "True", "message": "Optimization terminated successfully.", "x": "[4.57694161 4.10186236 6.60134476 2.64694705 0.98903525 3.02856724]", "nit": "27"}, "5": {"maxiter": 100, "gtol": 1e-10, "xrtol": 1e-05, "eps": 1e-10, "duration": 0.03586697578430176, "fun": "0.3152582486371468", "jac": "[ 0.00000000e+00  5.55111466e-06  1.55431211e-05  5.55111466e-06\n  4.44089173e-06 -4.44089173e-06]", "hess_inv": "[[ 3.64824715e+00 -1.26296582e-02 -2.06105111e-01  9.12853636e-01\n  -2.84310396e+00 -2.13840828e+00]\n [-1.26296582e-02  3.46713078e+00  1.07843599e-01 -1.83137625e+00\n  -1.39400038e+00 -9.40750143e-01]\n [-2.06105111e-01  1.07843599e-01  2.15205557e+00 -4.33679928e-01\n   9.96002189e-01  1.86034364e+00]\n [ 9.12853636e-01 -1.83137625e+00 -4.33679928e-01  4.33585476e+00\n   1.00082266e+00  4.77914785e-01]\n [-2.84310396e+00 -1.39400038e+00  9.96002189e-01  1.00082266e+00\n   1.52794331e+01  1.32169941e+01]\n [-2.13840828e+00 -9.40750143e-01  1.86034364e+00  4.77914785e-01\n   1.32169941e+01  1.41067148e+01]]", "nfev": "203", "njev": "29", "status": "0", "success": "True", "message": "Optimization terminated successfully.", "x": "[4.57693975 4.10185965 6.60137863 2.64698319 0.98905215 3.02857759]", "nit": "26"}, "6": {"maxiter": 100, "gtol": 1e-10, "xrtol": 1e-10, "eps": 1e-05, "duration": 0.07678008079528809, "fun": "0.31525824827750415", "jac": "[ 8.46189785e-07  1.41605616e-06  2.54993804e-06  5.49338353e-08\n  2.18955964e-06 -1.90432115e-06]", "hess_inv": "[[ 3.65591983 -0.08129336 -0.13551314  1.03621119 -2.83557563 -2.1758633 ]\n [-0.08129336  3.22146225  0.40174796 -1.44960655 -0.96728323 -0.76295287]\n [-0.13551314  0.40174796  3.13640127  0.15042819  1.35809944  1.62253211]\n [ 1.03621119 -1.44960655  0.15042819  4.53593529  0.84356844  0.06549867]\n [-2.83557563 -0.96728323  1.35809944  0.84356844 15.98125501 13.52012228]\n [-2.1758633  -0.76295287  1.62253211  0.06549867 13.52012228 14.38397961]]", "nfev": "439", "njev": "61", "status": "2", "success": "False", "message": "Desired error not necessarily achieved due to precision loss.", "x": "[4.57694128 4.10185901 6.60133864 2.64694512 0.98902978 3.02856527]", "nit": "29"}, "7": {"maxiter": 100, "gtol": 1e-10, "xrtol": 1e-10, "eps": 1e-10, "duration": 0.0517120361328125, "fun": "0.3152582482351268", "jac": "[-2.22044587e-06 -2.22044587e-06 -2.22044587e-06 -1.11022293e-06\n  0.00000000e+00 -3.33066880e-06]", "hess_inv": "[[ 2.09090163  0.76881363 -0.3322479  -0.8920852  -1.2851532  -0.71298922]\n [ 0.76881363  1.80321728 -0.53741346 -0.36144592 -1.17658135 -0.98790893]\n [-0.3322479  -0.53741346  1.78671239  0.04704763 -0.66388849 -0.57942433]\n [-0.8920852  -0.36144592  0.04704763  1.55217346 -0.11202296 -0.44707255]\n [-1.2851532  -1.17658135 -0.66388849 -0.11202296  2.53554489  1.49059049]\n [-0.71298922 -0.98790893 -0.57942433 -0.44707255  1.49059049  2.55372263]]", "nfev": "294", "njev": "42", "status": "0", "success": "True", "message": "Optimization terminated successfully.", "x": "[4.576941   4.10184783 6.60133508 2.64695593 0.98907333 3.02860984]", "nit": "32"}, "8": {"maxiter": 500, "gtol": 1e-05, "xrtol": 1e-05, "eps": 1e-05, "duration": 0.03714799880981445, "fun": "0.3152582482863211", "jac": "[ 1.24298349e-06  2.49986698e-06  4.39808190e-06  4.17954560e-07\n  3.50240947e-06 -3.09334780e-06]", "hess_inv": "[[ 3.65089697 -0.11386148 -0.20301239  1.016622   -2.89573447 -2.19268503]\n [-0.11386148  3.09967517  0.03050319 -1.61877718 -1.21333471 -0.76349426]\n [-0.20301239  0.03050319  2.44800178  0.11881457  0.55985546  1.34551188]\n [ 1.016622   -1.61877718  0.11881457  4.88779303  0.39065585 -0.25569355]\n [-2.89573447 -1.21333471  0.55985546  0.39065585 15.54815139 13.56878799]\n [-2.19268503 -0.76349426  1.34551188 -0.25569355 13.56878799 14.56174154]]", "nfev": "210", "njev": "30", "status": "0", "success": "True", "message": "Optimization terminated successfully.", "x": "[4.57694161 4.10186236 6.60134476 2.64694705 0.98903525 3.02856724]", "nit": "27"}, "9": {"maxiter": 500, "gtol": 1e-05, "xrtol": 1e-05, "eps": 1e-10, "duration": 0.03568291664123535, "fun": "0.3152582486371468", "jac": "[ 0.00000000e+00  5.55111466e-06  1.55431211e-05  5.55111466e-06\n  4.44089173e-06 -4.44089173e-06]", "hess_inv": "[[ 3.64824715e+00 -1.26296582e-02 -2.06105111e-01  9.12853636e-01\n  -2.84310396e+00 -2.13840828e+00]\n [-1.26296582e-02  3.46713078e+00  1.07843599e-01 -1.83137625e+00\n  -1.39400038e+00 -9.40750143e-01]\n [-2.06105111e-01  1.07843599e-01  2.15205557e+00 -4.33679928e-01\n   9.96002189e-01  1.86034364e+00]\n [ 9.12853636e-01 -1.83137625e+00 -4.33679928e-01  4.33585476e+00\n   1.00082266e+00  4.77914785e-01]\n [-2.84310396e+00 -1.39400038e+00  9.96002189e-01  1.00082266e+00\n   1.52794331e+01  1.32169941e+01]\n [-2.13840828e+00 -9.40750143e-01  1.86034364e+00  4.77914785e-01\n   1.32169941e+01  1.41067148e+01]]", "nfev": "203", "njev": "29", "status": "0", "success": "True", "message": "Optimization terminated successfully.", "x": "[4.57693975 4.10185965 6.60137863 2.64698319 0.98905215 3.02857759]", "nit": "26"}, "10": {"maxiter": 500, "gtol": 1e-05, "xrtol": 1e-10, "eps": 1e-05, "duration": 0.03666400909423828, "fun": "0.3152582482863211", "jac": "[ 1.24298349e-06  2.49986698e-06  4.39808190e-06  4.17954560e-07\n  3.50240947e-06 -3.09334780e-06]", "hess_inv": "[[ 3.65089697 -0.11386148 -0.20301239  1.016622   -2.89573447 -2.19268503]\n [-0.11386148  3.09967517  0.03050319 -1.61877718 -1.21333471 -0.76349426]\n [-0.20301239  0.03050319  2.44800178  0.11881457  0.55985546  1.34551188]\n [ 1.016622   -1.61877718  0.11881457  4.88779303  0.39065585 -0.25569355]\n [-2.89573447 -1.21333471  0.55985546  0.39065585 15.54815139 13.56878799]\n [-2.19268503 -0.76349426  1.34551188 -0.25569355 13.56878799 14.56174154]]", "nfev": "210", "njev": "30", "status": "0", "success": "True", "message": "Optimization terminated successfully.", "x": "[4.57694161 4.10186236 6.60134476 2.64694705 0.98903525 3.02856724]", "nit": "27"}, "11": {"maxiter": 500, "gtol": 1e-05, "xrtol": 1e-10, "eps": 1e-10, "duration": 0.03681206703186035, "fun": "0.31525824832694815", "jac": "[-2.22044587e-06  3.33066880e-06  1.11022293e-06  1.11022293e-06\n  1.11022293e-06 -7.77156053e-06]", "hess_inv": "[[ 3.65491177 -0.03336094 -0.31186274  0.85820757 -2.9206597  -2.21284482]\n [-0.03336094  3.07907221 -0.2147027  -1.51658424 -1.83458427 -1.446545  ]\n [-0.31186274 -0.2147027   2.89229195  0.64194824  1.24507759  1.98000787]\n [ 0.85820757 -1.51658424  0.64194824  4.73758531  1.85491061  1.32418872]\n [-2.9206597  -1.83458427  1.24507759  1.85491061 15.15465596 12.97228703]\n [-2.21284482 -1.446545    1.98000787  1.32418872 12.97228703 13.73672916]]", "nfev": "210", "njev": "30", "status": "0", "success": "True", "message": "Optimization terminated successfully.", "x": "[4.57694316 4.10185603 6.60133456 2.64695297 0.98902299 3.02855088]", "nit": "27"}, "12": {"maxiter": 500, "gtol": 1e-10, "xrtol": 1e-05, "eps": 1e-05, "duration": 0.03659677505493164, "fun": "0.3152582482863211", "jac": "[ 1.24298349e-06  2.49986698e-06  4.39808190e-06  4.17954560e-07\n  3.50240947e-06 -3.09334780e-06]", "hess_inv": "[[ 3.65089697 -0.11386148 -0.20301239  1.016622   -2.89573447 -2.19268503]\n [-0.11386148  3.09967517  0.03050319 -1.61877718 -1.21333471 -0.76349426]\n [-0.20301239  0.03050319  2.44800178  0.11881457  0.55985546  1.34551188]\n [ 1.016622   -1.61877718  0.11881457  4.88779303  0.39065585 -0.25569355]\n [-2.89573447 -1.21333471  0.55985546  0.39065585 15.54815139 13.56878799]\n [-2.19268503 -0.76349426  1.34551188 -0.25569355 13.56878799 14.56174154]]", "nfev": "210", "njev": "30", "status": "0", "success": "True", "message": "Optimization terminated successfully.", "x": "[4.57694161 4.10186236 6.60134476 2.64694705 0.98903525 3.02856724]", "nit": "27"}, "13": {"maxiter": 500, "gtol": 1e-10, "xrtol": 1e-05, "eps": 1e-10, "duration": 0.03536820411682129, "fun": "0.3152582486371468", "jac": "[ 0.00000000e+00  5.55111466e-06  1.55431211e-05  5.55111466e-06\n  4.44089173e-06 -4.44089173e-06]", "hess_inv": "[[ 3.64824715e+00 -1.26296582e-02 -2.06105111e-01  9.12853636e-01\n  -2.84310396e+00 -2.13840828e+00]\n [-1.26296582e-02  3.46713078e+00  1.07843599e-01 -1.83137625e+00\n  -1.39400038e+00 -9.40750143e-01]\n [-2.06105111e-01  1.07843599e-01  2.15205557e+00 -4.33679928e-01\n   9.96002189e-01  1.86034364e+00]\n [ 9.12853636e-01 -1.83137625e+00 -4.33679928e-01  4.33585476e+00\n   1.00082266e+00  4.77914785e-01]\n [-2.84310396e+00 -1.39400038e+00  9.96002189e-01  1.00082266e+00\n   1.52794331e+01  1.32169941e+01]\n [-2.13840828e+00 -9.40750143e-01  1.86034364e+00  4.77914785e-01\n   1.32169941e+01  1.41067148e+01]]", "nfev": "203", "njev": "29", "status": "0", "success": "True", "message": "Optimization terminated successfully.", "x": "[4.57693975 4.10185965 6.60137863 2.64698319 0.98905215 3.02857759]", "nit": "26"}, "14": {"maxiter": 500, "gtol": 1e-10, "xrtol": 1e-10, "eps": 1e-05, "duration": 0.07544922828674316, "fun": "0.31525824827750415", "jac": "[ 8.46189785e-07  1.41605616e-06  2.54993804e-06  5.49338353e-08\n  2.18955964e-06 -1.90432115e-06]", "hess_inv": "[[ 3.65591983 -0.08129336 -0.13551314  1.03621119 -2.83557563 -2.1758633 ]\n [-0.08129336  3.22146225  0.40174796 -1.44960655 -0.96728323 -0.76295287]\n [-0.13551314  0.40174796  3.13640127  0.15042819  1.35809944  1.62253211]\n [ 1.03621119 -1.44960655  0.15042819  4.53593529  0.84356844  0.06549867]\n [-2.83557563 -0.96728323  1.35809944  0.84356844 15.98125501 13.52012228]\n [-2.1758633  -0.76295287  1.62253211  0.06549867 13.52012228 14.38397961]]", "nfev": "439", "njev": "61", "status": "2", "success": "False", "message": "Desired error not necessarily achieved due to precision loss.", "x": "[4.57694128 4.10185901 6.60133864 2.64694512 0.98902978 3.02856527]", "nit": "29"}, "15": {"maxiter": 500, "gtol": 1e-10, "xrtol": 1e-10, "eps": 1e-10, "duration": 0.05024313926696777, "fun": "0.3152582482351268", "jac": "[-2.22044587e-06 -2.22044587e-06 -2.22044587e-06 -1.11022293e-06\n  0.00000000e+00 -3.33066880e-06]", "hess_inv": "[[ 2.09090163  0.76881363 -0.3322479  -0.8920852  -1.2851532  -0.71298922]\n [ 0.76881363  1.80321728 -0.53741346 -0.36144592 -1.17658135 -0.98790893]\n [-0.3322479  -0.53741346  1.78671239  0.04704763 -0.66388849 -0.57942433]\n [-0.8920852  -0.36144592  0.04704763  1.55217346 -0.11202296 -0.44707255]\n [-1.2851532  -1.17658135 -0.66388849 -0.11202296  2.53554489  1.49059049]\n [-0.71298922 -0.98790893 -0.57942433 -0.44707255  1.49059049  2.55372263]]", "nfev": "294", "njev": "42", "status": "0", "success": "True", "message": "Optimization terminated successfully.", "x": "[4.576941   4.10184783 6.60133508 2.64695593 0.98907333 3.02860984]", "nit": "32"}, "16": {"maxiter": 1000, "gtol": 1e-05, "xrtol": 1e-05, "eps": 1e-05, "duration": 0.03598523139953613, "fun": "0.3152582482863211", "jac": "[ 1.24298349e-06  2.49986698e-06  4.39808190e-06  4.17954560e-07\n  3.50240947e-06 -3.09334780e-06]", "hess_inv": "[[ 3.65089697 -0.11386148 -0.20301239  1.016622   -2.89573447 -2.19268503]\n [-0.11386148  3.09967517  0.03050319 -1.61877718 -1.21333471 -0.76349426]\n [-0.20301239  0.03050319  2.44800178  0.11881457  0.55985546  1.34551188]\n [ 1.016622   -1.61877718  0.11881457  4.88779303  0.39065585 -0.25569355]\n [-2.89573447 -1.21333471  0.55985546  0.39065585 15.54815139 13.56878799]\n [-2.19268503 -0.76349426  1.34551188 -0.25569355 13.56878799 14.56174154]]", "nfev": "210", "njev": "30", "status": "0", "success": "True", "message": "Optimization terminated successfully.", "x": "[4.57694161 4.10186236 6.60134476 2.64694705 0.98903525 3.02856724]", "nit": "27"}, "17": {"maxiter": 1000, "gtol": 1e-05, "xrtol": 1e-05, "eps": 1e-10, "duration": 0.03473472595214844, "fun": "0.3152582486371468", "jac": "[ 0.00000000e+00  5.55111466e-06  1.55431211e-05  5.55111466e-06\n  4.44089173e-06 -4.44089173e-06]", "hess_inv": "[[ 3.64824715e+00 -1.26296582e-02 -2.06105111e-01  9.12853636e-01\n  -2.84310396e+00 -2.13840828e+00]\n [-1.26296582e-02  3.46713078e+00  1.07843599e-01 -1.83137625e+00\n  -1.39400038e+00 -9.40750143e-01]\n [-2.06105111e-01  1.07843599e-01  2.15205557e+00 -4.33679928e-01\n   9.96002189e-01  1.86034364e+00]\n [ 9.12853636e-01 -1.83137625e+00 -4.33679928e-01  4.33585476e+00\n   1.00082266e+00  4.77914785e-01]\n [-2.84310396e+00 -1.39400038e+00  9.96002189e-01  1.00082266e+00\n   1.52794331e+01  1.32169941e+01]\n [-2.13840828e+00 -9.40750143e-01  1.86034364e+00  4.77914785e-01\n   1.32169941e+01  1.41067148e+01]]", "nfev": "203", "njev": "29", "status": "0", "success": "True", "message": "Optimization terminated successfully.", "x": "[4.57693975 4.10185965 6.60137863 2.64698319 0.98905215 3.02857759]", "nit": "26"}, "18": {"maxiter": 1000, "gtol": 1e-05, "xrtol": 1e-10, "eps": 1e-05, "duration": 0.035881996154785156, "fun": "0.3152582482863211", "jac": "[ 1.24298349e-06  2.49986698e-06  4.39808190e-06  4.17954560e-07\n  3.50240947e-06 -3.09334780e-06]", "hess_inv": "[[ 3.65089697 -0.11386148 -0.20301239  1.016622   -2.89573447 -2.19268503]\n [-0.11386148  3.09967517  0.03050319 -1.61877718 -1.21333471 -0.76349426]\n [-0.20301239  0.03050319  2.44800178  0.11881457  0.55985546  1.34551188]\n [ 1.016622   -1.61877718  0.11881457  4.88779303  0.39065585 -0.25569355]\n [-2.89573447 -1.21333471  0.55985546  0.39065585 15.54815139 13.56878799]\n [-2.19268503 -0.76349426  1.34551188 -0.25569355 13.56878799 14.56174154]]", "nfev": "210", "njev": "30", "status": "0", "success": "True", "message": "Optimization terminated successfully.", "x": "[4.57694161 4.10186236 6.60134476 2.64694705 0.98903525 3.02856724]", "nit": "27"}, "19": {"maxiter": 1000, "gtol": 1e-05, "xrtol": 1e-10, "eps": 1e-10, "duration": 0.03595399856567383, "fun": "0.31525824832694815", "jac": "[-2.22044587e-06  3.33066880e-06  1.11022293e-06  1.11022293e-06\n  1.11022293e-06 -7.77156053e-06]", "hess_inv": "[[ 3.65491177 -0.03336094 -0.31186274  0.85820757 -2.9206597  -2.21284482]\n [-0.03336094  3.07907221 -0.2147027  -1.51658424 -1.83458427 -1.446545  ]\n [-0.31186274 -0.2147027   2.89229195  0.64194824  1.24507759  1.98000787]\n [ 0.85820757 -1.51658424  0.64194824  4.73758531  1.85491061  1.32418872]\n [-2.9206597  -1.83458427  1.24507759  1.85491061 15.15465596 12.97228703]\n [-2.21284482 -1.446545    1.98000787  1.32418872 12.97228703 13.73672916]]", "nfev": "210", "njev": "30", "status": "0", "success": "True", "message": "Optimization terminated successfully.", "x": "[4.57694316 4.10185603 6.60133456 2.64695297 0.98902299 3.02855088]", "nit": "27"}, "20": {"maxiter": 1000, "gtol": 1e-10, "xrtol": 1e-05, "eps": 1e-05, "duration": 0.03638911247253418, "fun": "0.3152582482863211", "jac": "[ 1.24298349e-06  2.49986698e-06  4.39808190e-06  4.17954560e-07\n  3.50240947e-06 -3.09334780e-06]", "hess_inv": "[[ 3.65089697 -0.11386148 -0.20301239  1.016622   -2.89573447 -2.19268503]\n [-0.11386148  3.09967517  0.03050319 -1.61877718 -1.21333471 -0.76349426]\n [-0.20301239  0.03050319  2.44800178  0.11881457  0.55985546  1.34551188]\n [ 1.016622   -1.61877718  0.11881457  4.88779303  0.39065585 -0.25569355]\n [-2.89573447 -1.21333471  0.55985546  0.39065585 15.54815139 13.56878799]\n [-2.19268503 -0.76349426  1.34551188 -0.25569355 13.56878799 14.56174154]]", "nfev": "210", "njev": "30", "status": "0", "success": "True", "message": "Optimization terminated successfully.", "x": "[4.57694161 4.10186236 6.60134476 2.64694705 0.98903525 3.02856724]", "nit": "27"}, "21": {"maxiter": 1000, "gtol": 1e-10, "xrtol": 1e-05, "eps": 1e-10, "duration": 0.034975290298461914, "fun": "0.3152582486371468", "jac": "[ 0.00000000e+00  5.55111466e-06  1.55431211e-05  5.55111466e-06\n  4.44089173e-06 -4.44089173e-06]", "hess_inv": "[[ 3.64824715e+00 -1.26296582e-02 -2.06105111e-01  9.12853636e-01\n  -2.84310396e+00 -2.13840828e+00]\n [-1.26296582e-02  3.46713078e+00  1.07843599e-01 -1.83137625e+00\n  -1.39400038e+00 -9.40750143e-01]\n [-2.06105111e-01  1.07843599e-01  2.15205557e+00 -4.33679928e-01\n   9.96002189e-01  1.86034364e+00]\n [ 9.12853636e-01 -1.83137625e+00 -4.33679928e-01  4.33585476e+00\n   1.00082266e+00  4.77914785e-01]\n [-2.84310396e+00 -1.39400038e+00  9.96002189e-01  1.00082266e+00\n   1.52794331e+01  1.32169941e+01]\n [-2.13840828e+00 -9.40750143e-01  1.86034364e+00  4.77914785e-01\n   1.32169941e+01  1.41067148e+01]]", "nfev": "203", "njev": "29", "status": "0", "success": "True", "message": "Optimization terminated successfully.", "x": "[4.57693975 4.10185965 6.60137863 2.64698319 0.98905215 3.02857759]", "nit": "26"}, "22": {"maxiter": 1000, "gtol": 1e-10, "xrtol": 1e-10, "eps": 1e-05, "duration": 0.0742950439453125, "fun": "0.31525824827750415", "jac": "[ 8.46189785e-07  1.41605616e-06  2.54993804e-06  5.49338353e-08\n  2.18955964e-06 -1.90432115e-06]", "hess_inv": "[[ 3.65591983 -0.08129336 -0.13551314  1.03621119 -2.83557563 -2.1758633 ]\n [-0.08129336  3.22146225  0.40174796 -1.44960655 -0.96728323 -0.76295287]\n [-0.13551314  0.40174796  3.13640127  0.15042819  1.35809944  1.62253211]\n [ 1.03621119 -1.44960655  0.15042819  4.53593529  0.84356844  0.06549867]\n [-2.83557563 -0.96728323  1.35809944  0.84356844 15.98125501 13.52012228]\n [-2.1758633  -0.76295287  1.62253211  0.06549867 13.52012228 14.38397961]]", "nfev": "439", "njev": "61", "status": "2", "success": "False", "message": "Desired error not necessarily achieved due to precision loss.", "x": "[4.57694128 4.10185901 6.60133864 2.64694512 0.98902978 3.02856527]", "nit": "29"}, "23": {"maxiter": 1000, "gtol": 1e-10, "xrtol": 1e-10, "eps": 1e-10, "duration": 0.050312042236328125, "fun": "0.3152582482351268", "jac": "[-2.22044587e-06 -2.22044587e-06 -2.22044587e-06 -1.11022293e-06\n  0.00000000e+00 -3.33066880e-06]", "hess_inv": "[[ 2.09090163  0.76881363 -0.3322479  -0.8920852  -1.2851532  -0.71298922]\n [ 0.76881363  1.80321728 -0.53741346 -0.36144592 -1.17658135 -0.98790893]\n [-0.3322479  -0.53741346  1.78671239  0.04704763 -0.66388849 -0.57942433]\n [-0.8920852  -0.36144592  0.04704763  1.55217346 -0.11202296 -0.44707255]\n [-1.2851532  -1.17658135 -0.66388849 -0.11202296  2.53554489  1.49059049]\n [-0.71298922 -0.98790893 -0.57942433 -0.44707255  1.49059049  2.55372263]]", "nfev": "294", "njev": "42", "status": "0", "success": "True", "message": "Optimization terminated successfully.", "x": "[4.576941   4.10184783 6.60133508 2.64695593 0.98907333 3.02860984]", "nit": "32"}}, "cobyla": {"0": {"maxiter": 100, "tol": 1e-05, "catol": 1e-05, "duration": 0.016333818435668945, "x": "[4.6507397  4.0928123  6.57266557 3.59565029 3.80314334 5.84150999]", "status": "2", "success": "False", "message": "Maximum number of function evaluations has been exceeded.", "nfev": "100", "fun": "0.3186300814517632", "maxcv": "0.0"}, "1": {"maxiter": 100, "tol": 1e-05, "catol": 1e-10, "duration": 0.01682901382446289, "x": "[4.6507397  4.0928123  6.57266557 3.59565029 3.80314334 5.84150999]", "status": "2", "success": "False", "message": "Maximum number of function evaluations has been exceeded.", "nfev": "100", "fun": "0.3186300814517632", "maxcv": "0.0"}, "2": {"maxiter": 100, "tol": 1e-10, "catol": 1e-05, "duration": 0.016607999801635742, "x": "[4.6507397  4.0928123  6.57266557 3.59565029 3.80314334 5.84150999]", "status": "2", "success": "False", "message": "Maximum number of function evaluations has been exceeded.", "nfev": "100", "fun": "0.3186300814517632", "maxcv": "0.0"}, "3": {"maxiter": 100, "tol": 1e-10, "catol": 1e-10, "duration": 0.016561031341552734, "x": "[4.6507397  4.0928123  6.57266557 3.59565029 3.80314334 5.84150999]", "status": "2", "success": "False", "message": "Maximum number of function evaluations has been exceeded.", "nfev": "100", "fun": "0.3186300814517632", "maxcv": "0.0"}, "4": {"maxiter": 500, "tol": 1e-05, "catol": 1e-05, "duration": 0.07615995407104492, "x": "[4.57695732 4.10186306 6.60133776 3.63622922 4.13058625 6.17013461]", "status": "1", "success": "True", "message": "Optimization terminated successfully.", "nfev": "461", "fun": "0.3152582483837967", "maxcv": "0.0"}, "5": {"maxiter": 500, "tol": 1e-05, "catol": 1e-10, "duration": 0.07751226425170898, "x": "[4.57695732 4.10186306 6.60133776 3.63622922 4.13058625 6.17013461]", "status": "1", "success": "True", "message": "Optimization terminated successfully.", "nfev": "461", "fun": "0.3152582483837967", "maxcv": "0.0"}, "6": {"maxiter": 500, "tol": 1e-10, "catol": 1e-05, "duration": 0.0814058780670166, "x": "[4.57694376 4.10185783 6.60133861 3.63623386 4.13063808 6.17017993]", "status": "2", "success": "False", "message": "Maximum number of function evaluations has been exceeded.", "nfev": "500", "fun": "0.3152582482293441", "maxcv": "0.0"}, "7": {"maxiter": 500, "tol": 1e-10, "catol": 1e-10, "duration": 0.08100008964538574, "x": "[4.57694376 4.10185783 6.60133861 3.63623386 4.13063808 6.17017993]", "status": "2", "success": "False", "message": "Maximum number of function evaluations has been exceeded.", "nfev": "500", "fun": "0.3152582482293441", "maxcv": "0.0"}, "8": {"maxiter": 1000, "tol": 1e-05, "catol": 1e-05, "duration": 0.0752110481262207, "x": "[4.57695732 4.10186306 6.60133776 3.63622922 4.13058625 6.17013461]", "status": "1", "success": "True", "message": "Optimization terminated successfully.", "nfev": "461", "fun": "0.3152582483837967", "maxcv": "0.0"}, "9": {"maxiter": 1000, "tol": 1e-05, "catol": 1e-10, "duration": 0.07652783393859863