{"date": "2024/07/19/, 12:25:52", "conf_id": 186, "data_type": "non_lin_ind\n", "num_data_points": 2, "s_rank": 0, "unitary": "[[-0.56303964-0.00798273j,-0.21670212-0.15784972j,-0.06047197-0.73952673j,-0.01438004+0.24552571j],[-0.06976756+0.23474685j,-0.01275565-0.5435098j,-0.02703657-0.08917885j,-0.08210486-0.79311774j],[-0.38559961+0.10714929j,0.5933431-0.2687392j,-0.24060861+0.29149289j,-0.45147719+0.26241743j],[-0.50180421+0.45931857j,-0.11617175+0.44134496j,0.49642745+0.22684508j,-0.08544628-0.15407063j]]", "databatch_0": {"databatch": "[[[0.02995737-0.05953361j,0.01981112-0.0214012j,0.04066003+0.06486995j,0.09090614-0.10925878j],[-0.20785869-0.03975667j,0.00409273-0.19607873j,0.08861313+0.3195188j,0.54582735-0.47909863j],[0.07574753+0.01463177j,0.00185264+0.02841131j,0.00255733+0.00200059j,-0.01691003+0.01056395j],[-0.14802766-0.08705546j,0.07529756-0.02066497j,-0.19999527-0.05455197j,0.12493226+0.38294631j]],[[0.20742859+0.02620149j,0.04689679+0.07749811j,0.04419298-0.25841667j,0.16677853+0.04497376j],[0.27825803+0.03781253j,0.06606234+0.158111j,0.0827977-0.4381283j,0.04531093+0.09512375j],[0.05350473+0.10135846j,-0.0151153+0.03739611j,0.11760531-0.05047667j,0.06105231+0.1026861j],[-0.32728704-0.12818438j,-0.08220855-0.13284002j,-0.10884854+0.40056176j,-0.30969848-0.26419686j]]]", "initial param values": "[0.28187592,5.52628699,3.69119766,2.93066989,2.48622649,4.31464839]", "nelder_mead": {"type": "gradient-free", "0": {"maxiter": 100, "fatol": 1e-05, "xatol": 1e-05, "duration": 0.026732206344604492, "fun": "0.21519024237902484", "nit": "100", "nfev": "158", "status": "2", "success": "False", "message": "Maximum number of iterations has been exceeded.", "x": "[0.39202251 2.70884008 4.75828944 1.33588138 2.03040577 6.83923701]", "final_simplex": "(array([[0.39202251, 2.70884008, 4.75828944, 1.33588138, 2.03040577,\n        6.83923701],\n       [0.37823725, 2.73321621, 4.72409153, 1.29958234, 2.06086928,\n        6.95772492],\n       [0.37783098, 2.87880841, 4.59779607, 1.31390156, 2.07552406,\n        6.8760555 ],\n       [0.37414234, 2.6954126 , 4.7368138 , 1.28395865, 2.06907325,\n        6.96432906],\n       [0.36773144, 2.72434461, 4.80887717, 1.32874434, 2.09625021,\n        6.86029805],\n       [0.37334986, 2.60847227, 4.84937196, 1.2896341 , 2.11106651,\n        6.83348889],\n       [0.36571797, 2.72589362, 4.67962198, 1.32863993, 2.11884211,\n        6.93177026]]), array([0.21519024, 0.21648797, 0.21704925, 0.21715299, 0.21716591,\n       0.21743394, 0.21765709]))"}, "1": {"maxiter": 100, "fatol": 1e-05, "xatol": 1e-10, "duration": 0.026417970657348633, "fun": "0.21519024237902484", "nit": "100", "nfev": "158", "status": "2", "success": "False", "message": "Maximum number of iterations has been exceeded.", "x": "[0.39202251 2.70884008 4.75828944 1.33588138 2.03040577 6.83923701]", "final_simplex": "(array([[0.39202251, 2.70884008, 4.75828944, 1.33588138, 2.03040577,\n        6.83923701],\n       [0.37823725, 2.73321621, 4.72409153, 1.29958234, 2.06086928,\n        6.95772492],\n       [0.37783098, 2.87880841, 4.59779607, 1.31390156, 2.07552406,\n        6.8760555 ],\n       [0.37414234, 2.6954126 , 4.7368138 , 1.28395865, 2.06907325,\n        6.96432906],\n       [0.36773144, 2.72434461, 4.80887717, 1.32874434, 2.09625021,\n        6.86029805],\n       [0.37334986, 2.60847227, 4.84937196, 1.2896341 , 2.11106651,\n        6.83348889],\n       [0.36571797, 2.72589362, 4.67962198, 1.32863993, 2.11884211,\n        6.93177026]]), array([0.21519024, 0.21648797, 0.21704925, 0.21715299, 0.21716591,\n       0.21743394, 0.21765709]))"}, "2": {"maxiter": 100, "fatol": 1e-10, "xatol": 1e-05, "duration": 0.026202917098999023, "fun": "0.21519024237902484", "nit": "100", "nfev": "158", "status": "2", "success": "False", "message": "Maximum number of iterations has been exceeded.", "x": "[0.39202251 2.70884008 4.75828944 1.33588138 2.03040577 6.83923701]", "final_simplex": "(array([[0.39202251, 2.70884008, 4.75828944, 1.33588138, 2.03040577,\n        6.83923701],\n       [0.37823725, 2.73321621, 4.72409153, 1.29958234, 2.06086928,\n        6.95772492],\n       [0.37783098, 2.87880841, 4.59779607, 1.31390156, 2.07552406,\n        6.8760555 ],\n       [0.37414234, 2.6954126 , 4.7368138 , 1.28395865, 2.06907325,\n        6.96432906],\n       [0.36773144, 2.72434461, 4.80887717, 1.32874434, 2.09625021,\n        6.86029805],\n       [0.37334986, 2.60847227, 4.84937196, 1.2896341 , 2.11106651,\n        6.83348889],\n       [0.36571797, 2.72589362, 4.67962198, 1.32863993, 2.11884211,\n        6.93177026]]), array([0.21519024, 0.21648797, 0.21704925, 0.21715299, 0.21716591,\n       0.21743394, 0.21765709]))"}, "3": {"maxiter": 100, "fatol": 1e-10, "xatol": 1e-10, "duration": 0.026170015335083008, "fun": "0.21519024237902484", "nit": "100", "nfev": "158", "status": "2", "success": "False", "message": "Maximum number of iterations has been exceeded.", "x": "[0.39202251 2.70884008 4.75828944 1.33588138 2.03040577 6.83923701]", "final_simplex": "(array([[0.39202251, 2.70884008, 4.75828944, 1.33588138, 2.03040577,\n        6.83923701],\n       [0.37823725, 2.73321621, 4.72409153, 1.29958234, 2.06086928,\n        6.95772492],\n       [0.37783098, 2.87880841, 4.59779607, 1.31390156, 2.07552406,\n        6.8760555 ],\n       [0.37414234, 2.6954126 , 4.7368138 , 1.28395865, 2.06907325,\n        6.96432906],\n       [0.36773144, 2.72434461, 4.80887717, 1.32874434, 2.09625021,\n        6.86029805],\n       [0.37334986, 2.60847227, 4.84937196, 1.2896341 , 2.11106651,\n        6.83348889],\n       [0.36571797, 2.72589362, 4.67962198, 1.32863993, 2.11884211,\n        6.93177026]]), array([0.21519024, 0.21648797, 0.21704925, 0.21715299, 0.21716591,\n       0.21743394, 0.21765709]))"}, "4": {"maxiter": 500, "fatol": 1e-05, "xatol": 1e-05, "duration": 0.08970212936401367, "fun": "0.20699780056539452", "nit": "340", "nfev": "541", "status": "0", "success": "True", "message": "Optimization terminated successfully.", "x": "[0.71318496 2.540831   4.98865797 1.30393529 2.14546172 6.90530181]", "final_simplex": "(array([[0.71318496, 2.540831  , 4.98865797, 1.30393529, 2.14546172,\n        6.90530181],\n       [0.7131835 , 2.54083643, 4.9886516 , 1.30393649, 2.1454602 ,\n        6.90530492],\n       [0.71318567, 2.54083253, 4.98865393, 1.30393327, 2.14545957,\n        6.90529787],\n       [0.71318655, 2.54083227, 4.98865542, 1.30393392, 2.14546129,\n        6.90530851],\n       [0.71318428, 2.54083074, 4.98865601, 1.30393668, 2.14545825,\n        6.90530665],\n       [0.71318854, 2.54083308, 4.98865891, 1.30393369, 2.14546044,\n        6.90530696],\n       [0.71318445, 2.54083727, 4.98865285, 1.30393014, 2.1454586 ,\n        6.90530419]]), array([0.2069978, 0.2069978, 0.2069978, 0.2069978, 0.2069978, 0.2069978,\n       0.2069978]))"}, "5": {"maxiter": 500, "fatol": 1e-05, "xatol": 1e-10, "duration": 0.13646626472473145, "fun": "0.20699780056326478", "nit": "495", "nfev": "825", "status": "0", "success": "True", "message": "Optimization terminated successfully.", "x": "[0.71318728 2.54083325 4.98865504 1.30393485 2.14546069 6.9053015 ]", "final_simplex": "(array([[0.71318728, 2.54083325, 4.98865504, 1.30393485, 2.14546069,\n        6.9053015 ],\n       [0.71318728, 2.54083325, 4.98865504, 1.30393485, 2.14546069,\n        6.9053015 ],\n       [0.71318728, 2.54083325, 4.98865504, 1.30393485, 2.14546069,\n        6.9053015 ],\n       [0.71318728, 2.54083325, 4.98865504, 1.30393485, 2.14546069,\n        6.9053015 ],\n       [0.71318728, 2.54083325, 4.98865504, 1.30393485, 2.14546069,\n        6.9053015 ],\n       [0.71318728, 2.54083325, 4.98865504, 1.30393485, 2.14546069,\n        6.9053015 ],\n       [0.71318728, 2.54083325, 4.98865504, 1.30393485, 2.14546069,\n        6.9053015 ]]), array([0.2069978, 0.2069978, 0.2069978, 0.2069978, 0.2069978, 0.2069978,\n       0.2069978]))"}, "6": {"maxiter": 500, "fatol": 1e-10, "xatol": 1e-05, "duration": 0.08967208862304688, "fun": "0.20699780056539452", "nit": "340", "nfev": "541", "status": "0", "success": "True", "message": "Optimization terminated successfully.", "x": "[0.71318496 2.540831   4.98865797 1.30393529 2.14546172 6.90530181]", "final_simplex": "(array([[0.71318496, 2.540831  , 4.98865797, 1.30393529, 2.14546172,\n        6.90530181],\n       [0.7131835 , 2.54083643, 4.9886516 , 1.30393649, 2.1454602 ,\n        6.90530492],\n       [0.71318567, 2.54083253, 4.98865393, 1.30393327, 2.14545957,\n        6.90529787],\n       [0.71318655, 2.54083227, 4.98865542, 1.30393392, 2.14546129,\n        6.90530851],\n       [0.71318428, 2.54083074, 4.98865601, 1.30393668, 2.14545825,\n        6.90530665],\n       [0.71318854, 2.54083308, 4.98865891, 1.30393369, 2.14546044,\n        6.90530696],\n       [0.71318445, 2.54083727, 4.98865285, 1.30393014, 2.1454586 ,\n        6.90530419]]), array([0.2069978, 0.2069978, 0.2069978, 0.2069978, 0.2069978, 0.2069978,\n       0.2069978]))"}, "7": {"maxiter": 500, "fatol": 1e-10, "xatol": 1e-10, "duration": 0.13647103309631348, "fun": "0.20699780056326478", "nit": "495", "nfev": "825", "status": "0", "success": "True", "message": "Optimization terminated successfully.", "x": "[0.71318728 2.54083325 4.98865504 1.30393485 2.14546069 6.9053015 ]", "final_simplex": "(array([[0.71318728, 2.54083325, 4.98865504, 1.30393485, 2.14546069,\n        6.9053015 ],\n       [0.71318728, 2.54083325, 4.98865504, 1.30393485, 2.14546069,\n        6.9053015 ],\n       [0.71318728, 2.54083325, 4.98865504, 1.30393485, 2.14546069,\n        6.9053015 ],\n       [0.71318728, 2.54083325, 4.98865504, 1.30393485, 2.14546069,\n        6.9053015 ],\n       [0.71318728, 2.54083325, 4.98865504, 1.30393485, 2.14546069,\n        6.9053015 ],\n       [0.71318728, 2.54083325, 4.98865504, 1.30393485, 2.14546069,\n        6.9053015 ],\n       [0.71318728, 2.54083325, 4.98865504, 1.30393485, 2.14546069,\n        6.9053015 ]]), array([0.2069978, 0.2069978, 0.2069978, 0.2069978, 0.2069978, 0.2069978,\n       0.2069978]))"}, "8": {"maxiter": 1000, "fatol": 1e-05, "xatol": 1e-05, "duration": 0.08960103988647461, "fun": "0.20699780056539452", "nit": "340", "nfev": "541", "status": "0", "success": "True", "message": "Optimization terminated successfully.", "x": "[0.71318496 2.540831   4.98865797 1.30393529 2.14546172 6.90530181]", "final_simplex": "(array([[0.71318496, 2.540831  , 4.98865797, 1.30393529, 2.14546172,\n        6.90530181],\n       [0.7131835 , 2.54083643, 4.9886516 , 1.30393649, 2.1454602 ,\n        6.90530492],\n       [0.71318567, 2.54083253, 4.98865393, 1.30393327, 2.14545957,\n        6.90529787],\n       [0.71318655, 2.54083227, 4.98865542, 1.30393392, 2.14546129,\n        6.90530851],\n       [0.71318428, 2.54083074, 4.98865601, 1.30393668, 2.14545825,\n        6.90530665],\n       [0.71318854, 2.54083308, 4.98865891, 1.30393369, 2.14546044,\n        6.90530696],\n       [0.71318445, 2.54083727, 4.98865285, 1.30393014, 2.1454586 ,\n        6.90530419]]), array([0.2069978, 0.2069978, 0.2069978, 0.2069978, 0.2069978, 0.2069978,\n       0.2069978]))"}, "9": {"maxiter": 1000, "fatol": 1e-05, "xatol": 1e-10, "duration": 0.13678383827209473, "fun": "0.20699780056326478", "nit": "495", "nfev": "825", "status": "0", "success": "True", "message": "Optimization terminated successfully.", "x": "[0.71318728 2.54083325 4.98865504 1.30393485 2.14546069 6.9053015 ]", "final_simplex": "(array([[0.71318728, 2.54083325, 4.98865504, 1.30393485, 2.14546069,\n        6.9053015 ],\n       [0.71318728, 2.54083325, 4.98865504, 1.30393485, 2.14546069,\n        6.9053015 ],\n       [0.71318728, 2.54083325, 4.98865504, 1.30393485, 2.14546069,\n        6.9053015 ],\n       [0.71318728, 2.54083325, 4.98865504, 1.30393485, 2.14546069,\n        6.9053015 ],\n       [0.71318728, 2.54083325, 4.98865504, 1.30393485, 2.14546069,\n        6.9053015 ],\n       [0.71318728, 2.54083325, 4.98865504, 1.30393485, 2.14546069,\n        6.9053015 ],\n       [0.71318728, 2.54083325, 4.98865504, 1.30393485, 2.14546069,\n        6.9053015 ]]), array([0.2069978, 0.2069978, 0.2069978, 0.2069978, 0.2069978, 0.2069978,\n       0.2069978]))"}, "10": {"maxiter": 1000, "fatol": 1e-10, "xatol": 1e-05, "duration": 0.08976292610168457, "fun": "0.20699780056539452", "nit": "340", "nfev": "541", "status": "0", "success": "True", "message": "Optimization terminated successfully.", "x": "[0.71318496 2.540831   4.98865797 1.30393529 2.14546172 6.90530181]", "final_simplex": "(array([[0.71318496, 2.540831  , 4.98865797, 1.30393529, 2.14546172,\n        6.90530181],\n       [0.7131835 , 2.54083643, 4.9886516 , 1.30393649, 2.1454602 ,\n        6.90530492],\n       [0.71318567, 2.54083253, 4.98865393, 1.30393327, 2.14545957,\n        6.90529787],\n       [0.71318655, 2.54083227, 4.98865542, 1.30393392, 2.14546129,\n        6.90530851],\n       [0.71318428, 2.54083074, 4.98865601, 1.30393668, 2.14545825,\n        6.90530665],\n       [0.71318854, 2.54083308, 4.98865891, 1.30393369, 2.14546044,\n        6.90530696],\n       [0.71318445, 2.54083727, 4.98865285, 1.30393014, 2.1454586 ,\n        6.90530419]]), array([0.2069978, 0.2069978, 0.2069978, 0.2069978, 0.2069978, 0.2069978,\n       0.2069978]))"}, "11": {"maxiter": 1000, "fatol": 1e-10, "xatol": 1e-10, "duration": 0.13695430755615234, "fun": "0.20699780056326478", "nit": "495", "nfev": "825", "status": "0", "success": "True", "message": "Optimization terminated successfully.", "x": "[0.71318728 2.54083325 4.98865504 1.30393485 2.14546069 6.9053015 ]", "final_simplex": "(array([[0.71318728, 2.54083325, 4.98865504, 1.30393485, 2.14546069,\n        6.9053015 ],\n       [0.71318728, 2.54083325, 4.98865504, 1.30393485, 2.14546069,\n        6.9053015 ],\n       [0.71318728, 2.54083325, 4.98865504, 1.30393485, 2.14546069,\n        6.9053015 ],\n       [0.71318728, 2.54083325, 4.98865504, 1.30393485, 2.14546069,\n        6.9053015 ],\n       [0.71318728, 2.54083325, 4.98865504, 1.30393485, 2.14546069,\n        6.9053015 ],\n       [0.71318728, 2.54083325, 4.98865504, 1.30393485, 2.14546069,\n        6.9053015 ],\n       [0.71318728, 2.54083325, 4.98865504, 1.30393485, 2.14546069,\n        6.9053015 ]]), array([0.2069978, 0.2069978, 0.2069978, 0.2069978, 0.2069978, 0.2069978,\n       0.2069978]))"}}, "bfgs": {"type": "gradient", "0": {"maxiter": 100, "gtol": 1e-05, "xrtol": 1e-05, "eps": 1e-05, "duration": 0.03661990165710449, "fun": "0.20699780076209495", "jac": "[-5.77426995e-07 -2.47306620e-06 -2.50932608e-07  2.03876915e-06\n  2.03073114e-06 -4.73885375e-06]", "hess_inv": "[[ 8.44549662  0.78665304 -3.1765189   2.34427756 -2.54074987 -0.66619785]\n [ 0.78665304  9.94335865 -8.91327961 -0.30603085  2.21511558  1.54238803]\n [-3.1765189  -8.91327961 11.54157753 -0.82418661 -0.86187047 -1.57271431]\n [ 2.34427756 -0.30603085 -0.82418661  4.24553361 -1.33281288 -1.63747799]\n [-2.54074987  2.21511558 -0.86187047 -1.33281288  4.32054294  0.84780049]\n [-0.66619785  1.54238803 -1.57271431 -1.63747799  0.84780049  6.84801873]]", "nfev": "210", "njev": "30", "status": "0", "success": "True", "message": "Optimization terminated successfully.", "x": "[-0.71319599  5.68238518  1.84709723  1.30394805  2.14545264  6.90525232]", "nit": "23"}, "1": {"maxiter": 100, "gtol": 1e-05, "xrtol": 1e-05, "eps": 1e-10, "duration": 0.0369720458984375, "fun": "0.20699780068289098", "jac": "[ 4.44089173e-06 -1.11022293e-06  2.22044587e-06  5.55111466e-06\n  2.22044587e-06 -3.33066880e-06]", "hess_inv": "[[ 8.25292344  0.57152506 -2.91117942  2.30491618 -2.51073478 -0.6176215 ]\n [ 0.57152506  9.70970829 -8.63387175 -0.32840025  2.26589304  1.5676832 ]\n [-2.91117942 -8.63387175 11.21148318 -0.80326751 -0.9256129  -1.60725213]\n [ 2.30491618 -0.32840025 -0.80326751  4.25036055 -1.32085626 -1.63414864]\n [-2.51073478  2.26589304 -0.9256129  -1.32085626  4.31928843  0.84106641]\n [-0.6176215   1.5676832  -1.60725213 -1.63414864  0.84106641  6.81858232]]", "nfev": "210", "njev": "30", "status": "0", "success": "True", "message": "Optimization terminated successfully.", "x": "[-0.71317714  5.68241087  1.84706732  1.30395085  2.14545188  6.90526092]", "nit": "23"}, "2": {"maxiter": 100, "gtol": 1e-05, "xrtol": 1e-10, "eps": 1e-05, "duration": 0.0369410514831543, "fun": "0.20699780076209495", "jac": "[-5.77426995e-07 -2.47306620e-06 -2.50932608e-07  2.03876915e-06\n  2.03073114e-06 -4.73885375e-06]", "hess_inv": "[[ 8.44549662  0.78665304 -3.1765189   2.34427756 -2.54074987 -0.66619785]\n [ 0.78665304  9.94335865 -8.91327961 -0.30603085  2.21511558  1.54238803]\n [-3.1765189  -8.91327961 11.54157753 -0.82418661 -0.86187047 -1.57271431]\n [ 2.34427756 -0.30603085 -0.82418661  4.24553361 -1.33281288 -1.63747799]\n [-2.54074987  2.21511558 -0.86187047 -1.33281288  4.32054294  0.84780049]\n [-0.66619785  1.54238803 -1.57271431 -1.63747799  0.84780049  6.84801873]]", "nfev": "210", "njev": "30", "status": "0", "success": "True", "message": "Optimization terminated successfully.", "x": "[-0.71319599  5.68238518  1.84709723  1.30394805  2.14545264  6.90525232]", "nit": "23"}, "3": {"maxiter": 100, "gtol": 1e-05, "xrtol": 1e-10, "eps": 1e-10, "duration": 0.03699183464050293, "fun": "0.20699780068289098", "jac": "[ 4.44089173e-06 -1.11022293e-06  2.22044587e-06  5.55111466e-06\n  2.22044587e-06 -3.33066880e-06]", "hess_inv": "[[ 8.25292344  0.57152506 -2.91117942  2.30491618 -2.51073478 -0.6176215 ]\n [ 0.57152506  9.70970829 -8.63387175 -0.32840025  2.26589304  1.5676832 ]\n [-2.91117942 -8.63387175 11.21148318 -0.80326751 -0.9256129  -1.60725213]\n [ 2.30491618 -0.32840025 -0.80326751  4.25036055 -1.32085626 -1.63414864]\n [-2.51073478  2.26589304 -0.9256129  -1.32085626  4.31928843  0.84106641]\n [-0.6176215   1.5676832  -1.60725213 -1.63414864  0.84106641  6.81858232]]", "nfev": "210", "njev": "30", "status": "0", "success": "True", "message": "Optimization terminated successfully.", "x": "[-0.71317714  5.68241087  1.84706732  1.30395085  2.14545188  6.90526092]", "nit": "23"}, "4": {"maxiter": 100, "gtol": 1e-10, "xrtol": 1e-05, "eps": 1e-05, "duration": 0.03809309005737305, "fun": "0.20699780058349737", "jac": "[-1.96631600e-07 -1.45428114e-07  1.96509475e-07  3.98125977e-08\n  1.00697228e-07 -2.16571205e-07]", "hess_inv": "[[ 8.37413663  0.58684266 -2.94408829  2.33391289 -2.55333457 -0.71227889]\n [ 0.58684266  9.60324078 -8.44697523 -0.51146173  2.19501055  1.86115774]\n [-2.94408829 -8.44697523 10.93971154 -0.64204348 -0.83360862 -1.79927895]\n [ 2.33391289 -0.51146173 -0.64204348  4.38589815 -1.34681048 -2.00429403]\n [-2.55333457  2.19501055 -0.83360862 -1.34681048  4.31936749  0.87056554]\n [-0.71227889  1.86115774 -1.79927895 -2.00429403  0.87056554  7.73239878]]", "nfev": "217", "njev": "31", "status": "0", "success": "True", "message": "Optimization terminated successfully.", "x": "[-0.71319339  5.68241255  1.84707186  1.30393227  2.14545449  6.90529502]", "nit": "24"}, "5": {"maxiter": 100, "gtol": 1e-10, "xrtol": 1e-05, "eps": 1e-10, "duration": 0.039131879806518555, "fun": "0.20699780061846584", "jac": "[-2.22044587e-06 -3.33066880e-06 -4.44089173e-06 -2.22044587e-06\n  1.11022293e-06 -3.33066880e-06]", "hess_inv": "[[ 8.50492592  0.59668932 -3.10545035  2.74366444 -2.533443   -1.34958429]\n [ 0.59668932  9.47851329 -8.30011954 -0.51393252  2.17404849  2.01960874]\n [-3.10545035 -8.30011954 10.82760756 -0.79494426 -0.77274882 -1.83631949]\n [ 2.74366444 -0.51393252 -0.79494426  4.78917951 -1.44829689 -2.39331539]\n [-2.533443    2.17404849 -0.77274882 -1.44829689  4.28700108  1.10825625]\n [-1.34958429  2.01960874 -1.83631949 -2.39331539  1.10825625  7.76519597]]", "nfev": "224", "njev": "32", "status": "0", "success": "True", "message": "Optimization terminated successfully.", "x": "[-0.71319417  5.68242281  1.84705984  1.30393458  2.14545864  6.90527976]", "nit": "24"}, "6": {"maxiter": 100, "gtol": 1e-10, "xrtol": 1e-10, "eps": 1e-05, "duration": 0.08081388473510742, "fun": "0.20699780057905048", "jac": "[-9.70334924e-09  5.62883074e-09 -1.57651669e-09 -2.46469511e-09\n  1.13242749e-09 -1.53210777e-09]", "hess_inv": "[[ 6.94618096  1.57870295 -3.46857754  1.78425082 -1.77678017 -0.42195703]\n [ 1.57870295  9.9971352  -9.25159879 -0.2970481   1.88072473  2.3664939 ]\n [-3.46857754 -9.25159879 12.03309234 -0.69489938 -0.79724447 -2.42710036]\n [ 1.78425082 -0.2970481  -0.69489938  4.22405765 -1.07999461 -1.9816891 ]\n [-1.77678017  1.88072473 -0.79724447 -1.07999461  3.94386904  0.86903425]\n [-0.42195703  2.3664939  -2.42710036 -1.9816891   0.86903425  7.97948747]]", "nfev": "472", "njev": "66", "status": "2", "success": "False", "message": "Desired error not necessarily achieved due to precision loss.", "x": "[-0.71319115  5.68241652  1.84706701  1.3039322   2.14545444  6.90529749]", "nit": "26"}, "7": {"maxiter": 100, "gtol": 1e-10, "xrtol": 1e-10, "eps": 1e-10, "duration": 0.06451797485351562, "fun": "0.20699780056752615", "jac": "[ 0.00000000e+00 -2.22044587e-06 -1.11022293e-06  0.00000000e+00\n -2.22044587e-06 -1.11022293e-06]", "hess_inv": "[[ 0.13232444  0.40523843  0.0527458  -0.52978693 -0.44275114  0.00235312]\n [ 0.40523843  1.39594235  0.12008003 -1.71281084 -1.43111282  0.02536147]\n [ 0.0527458   0.12008003  0.12884459 -0.25097464 -0.21781398 -0.00944939]\n [-0.52978693 -1.71281084 -0.25097464  2.25149632  1.88412581 -0.01007155]\n [-0.44275114 -1.43111282 -0.21781398  1.88412581  1.58564355 -0.00693685]\n [ 0.00235312  0.02536147 -0.00944939 -0.01007155 -0.00693685  0.0174445 ]]", "nfev": "378", "njev": "54", "status": "0", "success": "True", "message": "Optimization terminated successfully.", "x": "[-0.7131925   5.68242645  1.84706177  1.30393439  2.14546032  6.90530629]", "nit": "35"}, "8": {"maxiter": 500, "gtol": 1e-05, "xrtol": 1e-05, "eps": 1e-05, "duration": 0.036424875259399414, "fun": "0.20699780076209495", "jac": "[-5.77426995e-07 -2.47306620e-06 -2.50932608e-07  2.03876915e-06\n  2.03073114e-06 -4.73885375e-06]", "hess_inv": "[[ 8.44549662  0.78665304 -3.1765189   2.34427756 -2.54074987 -0.66619785]\n [ 0.78665304  9.94335865 -8.91327961 -0.30603085  2.21511558  1.54238803]\n [-3.1765189  -8.91327961 11.54157753 -0.82418661 -0.86187047 -1.57271431]\n [ 2.34427756 -0.30603085 -0.82418661  4.24553361 -1.33281288 -1.63747799]\n [-2.54074987  2.21511558 -0.86187047 -1.33281288  4.32054294  0.84780049]\n [-0.66619785  1.54238803 -1.57271431 -1.63747799  0.84780049  6.84801873]]", "nfev": "210", "njev": "30", "status": "0", "success": "True", "message": "Optimization terminated successfully.", "x": "[-0.71319599  5.68238518  1.84709723  1.30394805  2.14545264  6.90525232]", "nit": "23"}, "9": {"maxiter": 500, "gtol": 1e-05, "xrtol": 1e-05, "eps": 1e-10, "duration": 0.03637194633483887, "fun": "0.20699780068289098", "jac": "[ 4.44089173e-06 -1.11022293e-06  2.22044587e-06  5.55111466e-06\n  2.22044587e-06 -3.33066880e-06]", "hess_inv": "[[ 8.25292344  0.57152506 -2.91117942  2.30491618 -2.51073478 -0.6176215 ]\n [ 0.57152506  9.70970829 -8.63387175 -0.32840025  2.26589304  1.5676832 ]\n [-2.91117942 -8.63387175 11.21148318 -0.80326751 -0.9256129  -1.60725213]\n [ 2.30491618 -0.32840025 -0.80326751  4.25036055 -1.32085626 -1.63414864]\n [-2.51073478  2.26589304 -0.9256129  -1.32085626  4.31928843  0.84106641]\n [-0.6176215   1.5676832  -1.60725213 -1.63414864  0.84106641  6.81858232]]", "nfev": "210", "njev": "30", "status": "0", "success": "True", "message": "Optimization terminated successfully.", "x": "[-0.71317714  5.68241087  1.84706732  1.30395085  2.14545188  6.90526092]", "nit": "23"}, "10": {"maxiter": 500, "gtol": 1e-05, "xrtol": 1e-10, "eps": 1e-05, "duration": 0.03619098663330078, "fun": "0.20699780076209495", "jac": "[-5.77426995e-07 -2.47306620e-06 -2.50932608e-07  2.03876915e-06\n  2.03073114e-06 -4.73885375e-06]", "hess_inv": "[[ 8.44549662  0.78665304 -3.1765189   2.34427756 -2.54074987 -0.66619785]\n [ 0.78665304  9.94335865 -8.91327961 -0.30603085  2.21511558  1.54238803]\n [-3.1765189  -8.91327961 11.54157753 -0.82418661 -0.86187047 -1.57271431]\n [ 2.34427756 -0.30603085 -0.82418661  4.24553361 -1.33281288 -1.63747799]\n [-2.54074987  2.21511558 -0.86187047 -1.33281288  4.32054294  0.84780049]\n [-0.66619785  1.54238803 -1.57271431 -1.63747799  0.84780049  6.84801873]]", "nfev": "210", "njev": "30", "status": "0", "success": "True", "message": "Optimization terminated successfully.", "x": "[-0.71319599  5.68238518  1.84709723  1.30394805  2.14545264  6.90525232]", "nit": "23"}, "11": {"maxiter": 500, "gtol": 1e-05, "xrtol": 1e-10, "eps": 1e-10, "duration": 0.03624987602233887, "fun": "0.20699780068289098", "jac": "[ 4.44089173e-06 -1.11022293e-06  2.22044587e-06  5.55111466e-06\n  2.22044587e-06 -3.33066880e-06]", "hess_inv": "[[ 8.25292344  0.57152506 -2.91117942  2.30491618 -2.51073478 -0.6176215 ]\n [ 0.57152506  9.70970829 -8.63387175 -0.32840025  2.26589304  1.5676832 ]\n [-2.91117942 -8.63387175 11.21148318 -0.80326751 -0.9256129  -1.60725213]\n [ 2.30491618 -0.32840025 -0.80326751  4.25036055 -1.32085626 -1.63414864]\n [-2.51073478  2.26589304 -0.9256129  -1.32085626  4.31928843  0.84106641]\n [-0.6176215   1.5676832  -1.60725213 -1.63414864  0.84106641  6.81858232]]", "nfev": "210", "njev": "30", "status": "0", "success": "True", "message": "Optimization terminated successfully.", "x": "[-0.71317714  5.68241087  1.84706732  1.30395085  2.14545188  6.90526092]", "nit": "23"}, "12": {"maxiter": 500, "gtol": 1e-10, "xrtol": 1e-05, "eps": 1e-05, "duration": 0.03743886947631836, "fun": "0.20699780058349737", "jac": "[-1.96631600e-07 -1.45428114e-07  1.96509475e-07  3.98125977e-08\n  1.00697228e-07 -2.16571205e-07]", "hess_inv": "[[ 8.37413663  0.58684266 -2.94408829  2.33391289 -2.55333457 -0.71227889]\n [ 0.58684266  9.60324078 -8.44697523 -0.51146173  2.19501055  1.86115774]\n [-2.94408829 -8.44697523 10.93971154 -0.64204348 -0.83360862 -1.79927895]\n [ 2.33391289 -0.51146173 -0.64204348  4.38589815 -1.34681048 -2.00429403]\n [-2.55333457  2.19501055 -0.83360862 -1.34681048  4.31936749  0.87056554]\n [-0.71227889  1.86115774 -1.79927895 -2.00429403  0.87056554  7.73239878]]", "nfev": "217", "njev": "31", "status": "0", "success": "True", "message": "Optimization terminated successfully.", "x": "[-0.71319339  5.68241255  1.84707186  1.30393227  2.14545449  6.90529502]", "nit": "24"}, "13": {"maxiter": 500, "gtol": 1e-10, "xrtol": 1e-05, "eps": 1e-10, "duration": 0.038659095764160156, "fun": "0.20699780061846584", "jac": "[-2.22044587e-06 -3.33066880e-06 -4.44089173e-06 -2.22044587e-06\n  1.11022293e-06 -3.33066880e-06]", "hess_inv": "[[ 8.50492592  0.59668932 -3.10545035  2.74366444 -2.533443   -1.34958429]\n [ 0.59668932  9.47851329 -8.30011954 -0.51393252  2.17404849  2.01960874]\n [-3.10545035 -8.30011954 10.82760756 -0.79494426 -0.77274882 -1.83631949]\n [ 2.74366444 -0.51393252 -0.79494426  4.78917951 -1.44829689 -2.39331539]\n [-2.533443    2.17404849 -0.77274882 -1.44829689  4.28700108  1.10825625]\n [-1.34958429  2.01960874 -1.83631949 -2.39331539  1.10825625  7.76519597]]", "nfev": "224", "njev": "32", "status": "0", "success": "True", "message": "Optimization terminated successfully.", "x": "[-0.71319417  5.68242281  1.84705984  1.30393458  2.14545864  6.90527976]", "nit": "24"}, "14": {"maxiter": 500, "gtol": 1e-10, "xrtol": 1e-10, "eps": 1e-05, "duration": 0.08087396621704102, "fun": "0.20699780057905048", "jac": "[-9.70334924e-09  5.62883074e-09 -1.57651669e-09 -2.46469511e-09\n  1.13242749e-09 -1.53210777e-09]", "hess_inv": "[[ 6.94618096  1.57870295 -3.46857754  1.78425082 -1.77678017 -0.42195703]\n [ 1.57870295  9.9971352  -9.25159879 -0.2970481   1.88072473  2.3664939 ]\n [-3.46857754 -9.25159879 12.03309234 -0.69489938 -0.79724447 -2.42710036]\n [ 1.78425082 -0.2970481  -0.69489938  4.22405765 -1.07999461 -1.9816891 ]\n [-1.77678017  1.88072473 -0.79724447 -1.07999461  3.94386904  0.86903425]\n [-0.42195703  2.3664939  -2.42710036 -1.9816891   0.86903425  7.97948747]]", "nfev": "472", "njev": "66", "status": "2", "success": "False", "message": "Desired error not necessarily achieved due to precision loss.", "x": "[-0.71319115  5.68241652  1.84706701  1.3039322   2.14545444  6.90529749]", "nit": "26"}, "15": {"maxiter": 500, "gtol": 1e-10, "xrtol": 1e-10, "eps": 1e-10, "duration": 0.0650482177734375, "fun": "0.20699780056752615", "jac": "[ 0.00000000e+00 -2.22044587e-06 -1.11022293e-06  0.00000000e+00\n -2.22044587e-06 -1.11022293e-06]", "hess_inv": "[[ 0.13232444  0.40523843  0.0527458  -0.52978693 -0.44275114  0.00235312]\n [ 0.40523843  1.39594235  0.12008003 -1.71281084 -1.43111282  0.02536147]\n [ 0.0527458   0.12008003  0.12884459 -0.25097464 -0.21781398 -0.00944939]\n [-0.52978693 -1.71281084 -0.25097464  2.25149632  1.88412581 -0.01007155]\n [-0.44275114 -1.43111282 -0.21781398  1.88412581  1.58564355 -0.00693685]\n [ 0.00235312  0.02536147 -0.00944939 -0.01007155 -0.00693685  0.0174445 ]]", "nfev": "378", "njev": "54", "status": "0", "success": "True", "message": "Optimization terminated successfully.", "x": "[-0.7131925   5.68242645  1.84706177  1.30393439  2.14546032  6.90530629]", "nit": "35"}, "16": {"maxiter": 1000, "gtol": 1e-05, "xrtol": 1e-05, "eps": 1e-05, "duration": 0.0361790657043457, "fun": "0.20699780076209495", "jac": "[-5.77426995e-07 -2.47306620e-06 -2.50932608e-07  2.03876915e-06\n  2.03073114e-06 -4.73885375e-06]", "hess_inv": "[[ 8.44549662  0.78665304 -3.1765189   2.34427756 -2.54074987 -0.66619785]\n [ 0.78665304  9.94335865 -8.91327961 -0.30603085  2.21511558  1.54238803]\n [-3.1765189  -8.91327961 11.54157753 -0.82418661 -0.86187047 -1.57271431]\n [ 2.34427756 -0.30603085 -0.82418661  4.24553361 -1.33281288 -1.63747799]\n [-2.54074987  2.21511558 -0.86187047 -1.33281288  4.32054294  0.84780049]\n [-0.66619785  1.54238803 -1.57271431 -1.63747799  0.84780049  6.84801873]]", "nfev": "210", "njev": "30", "status": "0", "success": "True", "message": "Optimization terminated successfully.", "x": "[-0.71319599  5.68238518  1.84709723  1.30394805  2.14545264  6.90525232]", "nit": "23"}, "17": {"maxiter": 1000, "gtol": 1e-05, "xrtol": 1e-05, "eps": 1e-10, "duration": 0.036103010177612305, "fun": "0.20699780068289098", "jac": "[ 4.44089173e-06 -1.11022293e-06  2.22044587e-06  5.55111466e-06\n  2.22044587e-06 -3.33066880e-06]", "hess_inv": "[[ 8.25292344  0.57152506 -2.91117942  2.30491618 -2.51073478 -0.6176215 ]\n [ 0.57152506  9.70970829 -8.63387175 -0.32840025  2.26589304  1.5676832 ]\n [-2.91117942 -8.63387175 11.21148318 -0.80326751 -0.9256129  -1.60725213]\n [ 2.30491618 -0.32840025 -0.80326751  4.25036055 -1.32085626 -1.63414864]\n [-2.51073478  2.26589304 -0.9256129  -1.32085626  4.31928843  0.84106641]\n [-0.6176215   1.5676832  -1.60725213 -1.63414864  0.84106641  6.81858232]]", "nfev": "210", "njev": "30", "status": "0", "success": "True", "message": "Optimization terminated successfully.", "x": "[-0.71317714  5.68241087  1.84706732  1.30395085  2.14545188  6.90526092]", "nit": "23"}, "18": {"maxiter": 1000, "gtol": 1e-05, "xrtol": 1e-10, "eps": 1e-05, "duration": 0.03612208366394043, "fun": "0.20699780076209495", "jac": "[-5.77426995e-07 -2.47306620e-06 -2.50932608e-07  2.03876915e-06\n  2.03073114e-06 -4.73885375e-06]", "hess_inv": "[[ 8.44549662  0.78665304 -3.1765189   2.34427756 -2.54074987 -0.66619785]\n [ 0.78665304  9.94335865 -8.91327961 -0.30603085  2.21511558  1.54238803]\n [-3.1765189  -8.91327961 11.54157753 -0.82418661 -0.86187047 -1.57271431]\n [ 2.34427756 -0.30603085 -0.82418661  4.24553361 -1.33281288 -1.63747799]\n [-2.54074987  2.21511558 -0.86187047 -1.33281288  4.32054294  0.84780049]\n [-0.66619785  1.54238803 -1.57271431 -1.63747799  0.84780049  6.84801873]]", "nfev": "210", "njev": "30", "status": "0", "success": "True", "message": "Optimization terminated successfully.", "x": "[-0.71319599  5.68238518  1.84709723  1.30394805  2.14545264  6.90525232]", "nit": "23"}, "19": {"maxiter": 1000, "gtol": 1e-05, "xrtol": 1e-10, "eps": 1e-10, "duration": 0.03609180450439453, "fun": "0.20699780068289098", "jac": "[ 4.44089173e-06 -1.11022293e-06  2.22044587e-06  5.55111466e-06\n  2.22044587e-06 -3.33066880e-06]", "hess_inv": "[[ 8.25292344  0.57152506 -2.91117942  2.30491618 -2.51073478 -0.6176215 ]\n [ 0.57152506  9.70970829 -8.63387175 -0.32840025  2.26589304  1.5676832 ]\n [-2.91117942 -8.63387175 11.21148318 -0.80326751 -0.9256129  -1.60725213]\n [ 2.30491618 -0.32840025 -0.80326751  4.25036055 -1.32085626 -1.63414864]\n [-2.51073478  2.26589304 -0.9256129  -1.32085626  4.31928843  0.84106641]\n [-0.6176215   1.5676832  -1.60725213 -1.63414864  0.84106641  6.81858232]]", "nfev": "210", "njev": "30", "status": "0", "success": "True", "message": "Optimization terminated successfully.", "x": "[-0.71317714  5.68241087  1.84706732  1.30395085  2.14545188  6.90526092]", "nit": "23"}, "20": {"maxiter": 1000, "gtol": 1e-10, "xrtol": 1e-05, "eps": 1e-05, "duration": 0.03727293014526367, "fun": "0.20699780058349737", "jac": "[-1.96631600e-07 -1.45428114e-07  1.96509475e-07  3.98125977e-08\n  1.00697228e-07 -2.16571205e-07]", "hess_inv": "[[ 8.37413663  0.58684266 -2.94408829  2.33391289 -2.55333457 -0.71227889]\n [ 0.58684266  9.60324078 -8.44697523 -0.51146173  2.19501055  1.86115774]\n [-2.94408829 -8.44697523 10.93971154 -0.64204348 -0.83360862 -1.79927895]\n [ 2.33391289 -0.51146173 -0.64204348  4.38589815 -1.34681048 -2.00429403]\n [-2.55333457  2.19501055 -0.83360862 -1.34681048  4.31936749  0.87056554]\n [-0.71227889  1.86115774 -1.79927895 -2.00429403  0.87056554  7.73239878]]", "nfev": "217", "njev": "31", "status": "0", "success": "True", "message": "Optimization terminated successfully.", "x": "[-0.71319339  5.68241255  1.84707186  1.30393227  2.14545449  6.90529502]", "nit": "24"}, "21": {"maxiter": 1000, "gtol": 1e-10, "xrtol": 1e-05, "eps": 1e-10, "duration": 0.038817644119262695, "fun": "0.20699780061846584", "jac": "[-2.22044587e-06 -3.33066880e-06 -4.44089173e-06 -2.22044587e-06\n  1.11022293e-06 -3.33066880e-06]", "hess_inv": "[[ 8.50492592  0.59668932 -3.10545035  2.74366444 -2.533443   -1.34958429]\n [ 0.59668932  9.47851329 -8.30011954 -0.51393252  2.17404849  2.01960874]\n [-3.10545035 -8.30011954 10.82760756 -0.79494426 -0.77274882 -1.83631949]\n [ 2.74366444 -0.51393252 -0.79494426  4.78917951 -1.44829689 -2.39331539]\n [-2.533443    2.17404849 -0.77274882 -1.44829689  4.28700108  1.10825625]\n [-1.34958429  2.01960874 -1.83631949 -2.39331539  1.10825625  7.76519597]]", "nfev": "224", "njev": "32", "status": "0", "success": "True", "message": "Optimization terminated successfully.", "x": "[-0.71319417  5.68242281  1.84705984  1.30393458  2.14545864  6.90527976]", "nit": "24"}, "22": {"maxiter": 1000, "gtol": 1e-10, "xrtol": 1e-10, "eps": 1e-05, "duration": 0.08042311668395996, "fun": "0.20699780057905048", "jac": "[-9.70334924e-09  5.62883074e-09 -1.57651669e-09 -2.46469511e-09\n  1.13242749e-09 -1.53210777e-09]", "hess_inv": "[[ 6.94618096  1.57870295 -3.46857754  1.78425082 -1.77678017 -0.42195703]\n [ 1.57870295  9.9971352  -9.25159879 -0.2970481   1.88072473  2.3664939 ]\n [-3.46857754 -9.25159879 12.03309234 -0.69489938 -0.79724447 -2.42710036]\n [ 1.78425082 -0.2970481  -0.69489938  4.22405765 -1.07999461 -1.9816891 ]\n [-1.77678017  1.88072473 -0.79724447 -1.07999461  3.94386904  0.86903425]\n [-0.42195703  2.3664939  -2.42710036 -1.9816891   0.86903425  7.97948747]]", "nfev": "472", "njev": "66", "status": "2", "success": "False", "message": "Desired error not necessarily achieved due to precision loss.", "x": "[-0.71319115  5.68241652  1.84706701  1.3039322   2.14545444  6.90529749]", "nit": "26"}, "23": {"maxiter": 1000, "gtol": 1e-10, "xrtol": 1e-10, "eps": 1e-10, "duration": 0.06446480751037598, "fun": "0.20699780056752615", "jac": "[ 0.00000000e+00 -2.22044587e-06 -1.11022293e-06  0.00000000e+00\n -2.22044587e-06 -1.11022293e-06]", "hess_inv": "[[ 0.13232444  0.40523843  0.0527458  -0.52978693 -0.44275114  0.00235312]\n [ 0.40523843  1.39594235  0.12008003 -1.71281084 -1.43111282  0.02536147]\n [ 0.0527458   0.12008003  0.12884459 -0.25097464 -0.21781398 -0.00944939]\n [-0.52978693 -1.71281084 -0.25097464  2.25149632  1.88412581 -0.01007155]\n [-0.44275114 -1.43111282 -0.21781398  1.88412581  1.58564355 -0.00693685]\n [ 0.00235312  0.02536147 -0.00944939 -0.01007155 -0.00693685  0.0174445 ]]", "nfev": "378", "njev": "54", "status": "0", "success": "True", "message": "Optimization terminated successfully.", "x": "[-0.7131925   5.68242645  1.84706177  1.30393439  2.14546032  6.90530629]", "nit": "35"}}, "cobyla": {"0": {"maxiter": 100, "tol": 1e-05, "catol": 1e-05, "duration": 0.01633310317993164, "x": "[0.72380012 8.87397949 4.96213179 1.29937519 2.16561978 0.63059334]", "status": "2", "success": "False", "message": "Maximum number of function evaluations has been exceeded.", "nfev": "100", "fun": "0.2071818191135777", "maxcv": "0.0"}, "1": {"maxiter": 100, "tol": 1e-05, "catol": 1e-10, "duration": 0.016273021697998047, "x": "[0.72380012 8.87397949 4.96213179 1.29937519 2.16561978 0.63059334]", "status": "2", "success": "False", "message": "Maximum number of function evaluations has been exceeded.", "nfev": "100", "fun": "0.2071818191135777", "maxcv": "0.0"}, "2": {"maxiter": 100, "tol": 1e-10, "catol": 1e-05, "duration": 0.016261816024780273, "x": "[0.72380012 8.87397949 4.96213179 1.29937519 2.16561978 0.63059334]", "status": "2", "success": "False", "message": "Maximum number of function evaluations has been exceeded.", "nfev": "100", "fun": "0.2071818191135777", "maxcv": "0.0"}, "3": {"maxiter": 100, "tol": 1e-10, "catol": 1e-10, "duration": 0.016253948211669922, "x": "[0.72380012 8.87397949 4.96213179 1.29937519 2.16561978 0.63059334]", "status": "2", "success": "False", "message": "Maximum number of function evaluations has been exceeded.", "nfev": "100", "fun": "0.2071818191135777", "maxcv": "0.0"}, "4": {"maxiter": 500, "tol": 1e-05, "catol": 1e-05, "duration": 0.04733705520629883, "x": "[0.71317647 8.82404762 4.98861504 1.30392285 2.14546778 0.62213671]", "status": "1", "success": "True", "message": "Optimization terminated successfully.", "nfev": "292", "fun": "0.20699780066421702", "maxcv": "0.0"}, "5": {"maxiter": 500, "tol": 1e-05, "catol": 1e-10, "duration": 0.04749798774719238, "x": "[0.71317647 8.82404762 4.98861504 1.30392285 2.14546778 0.62213671]", "status": "1", "success": "True", "message": "Optimization terminated successfully.", "nfev": "292", "fun": "0.20699780066421702", "maxcv": "0.0"}, "6": {"maxiter": 500, "tol": 1e-10, "catol": 1e-05, "duration": 0.07785296440124512, "x": "[0.71318726 8.82401877 4.98865481 1.30393484 2.14546077 0.62211624]", "status": "1", "success": "True", "message": "Optimization terminated successfully.", "nfev": "484", "fun": "0.20699780056326733", "maxcv": "0.0"}, "7": {"maxiter": 500, "tol": 1e-10, "catol": 1e-10, "duration": 0.07782196998596191, "x": "[0.71318726 8.82401877 4.98865481 1.30393484 2.14546077 0.62211624]", "status": "1", "success": "True", "message": "Optimization terminated successfully.", "nfev": "484", "fun": "0.20699780056326733", "maxcv": "0.0"}, "8": {"maxiter": 1000, "tol": 1e-05, "catol": 1e-05, "duration": 0.04688405990600586, "x": "[0.71317647 8.82404762 4.98861504 1.30392285 2.14546778 0.62213671]", "status": "1", "success": "True", "message": "Optimization terminated successfully.", "nfev": "292", "fun": "0.20699780066421702", "maxcv": "0.0"}, "9": {"maxiter": 1000, "tol": 1e-05, "catol": 1e-10, "duration": 0.04695391654968262, "x": "[0.71317647 8.82404762 4.98861504 1.30392285 2.14546778 0.62213671]", "status": "1", "success": "True", "message": "Optimization terminated successfully.", "nfev": "292", "fun": "0.20699780066421702", "maxcv": "0.0"}, "10": {"maxiter": 1000, "tol": 1e-10, "catol": 1e-05, "duration": 0.07807111740112305, "x": "[0.71318726 8.82401877 4.98865481 1.30393484 2.14546077 0.62211624]", "status": "1", "success": "True", "message": "Optimization terminated successfully.", "nfev": "484", "fun": "0.206997800563