{"date": "2024/07/19/, 09:04:16", "conf_id": 173, "data_type": "non_lin_ind\n", "num_data_points": 1, "s_rank": 0, "unitary": "[[-0.53618537-0.34368723j,-0.12107031-0.46226139j,-0.07699282-0.46603512j,0.36022595-0.11472301j],[0.26026499-0.63450712j,-0.56616638+0.37832564j,-0.14988651+0.08458591j,0.10363514-0.16008501j],[-0.32580188-0.11070003j,-0.36476308-0.23593218j,0.02559343+0.41761608j,-0.25598305+0.6725303j],[0.07406738-0.0126433j,0.28513701+0.19483972j,-0.74939717-0.10299659j,0.29798249+0.46269921j]]", "databatch_0": {"databatch": "[[[0.01574501-0.03888553j,-0.06064431+0.04630588j,-0.23878886+0.14479557j,-0.07592035-0.02904122j],[0.06604327-0.21037849j,-0.19238107+0.04310555j,-0.17775299+0.14456235j,-0.05707401-0.01234015j],[0.36224929-0.14749471j,-0.1990453-0.11821159j,-0.20569278-0.41191734j,0.10051068-0.04759566j],[-0.17177248-0.29298274j,-0.31187434-0.01691809j,-0.26586065+0.13415023j,-0.11289091-0.13851693j]]]", "initial param values": "[4.72576137,3.53579718,2.06119749,4.89892191,1.01152678,0.80044644]", "nelder_mead": {"type": "gradient-free", "0": {"maxiter": 100, "fatol": 1e-05, "xatol": 1e-05, "duration": 0.026417016983032227, "fun": "0.21525687435926244", "nit": "100", "nfev": "155", "status": "2", "success": "False", "message": "Maximum number of iterations has been exceeded.", "x": "[4.57132833 3.44901414 1.2682176  3.11089926 2.2769026  1.00058229]", "final_simplex": "(array([[4.57132833, 3.44901414, 1.2682176 , 3.11089926, 2.2769026 ,\n        1.00058229],\n       [4.59600359, 3.36328916, 1.32706577, 3.0835581 , 2.23155501,\n        1.00128814],\n       [4.62281073, 3.50662164, 1.3590664 , 3.13435028, 2.11217323,\n        0.98242636],\n       [4.65456692, 3.59314316, 1.45862636, 3.04683484, 2.04283273,\n        0.96104555],\n       [4.46825238, 3.50897337, 1.32133836, 3.18461982, 2.2468404 ,\n        0.99126323],\n       [4.53444867, 3.5266828 , 1.37866791, 3.13754319, 2.11474833,\n        0.97859833],\n       [4.59023076, 3.51677956, 1.4060799 , 2.95989033, 2.1388311 ,\n        0.9794752 ]]), array([0.21525687, 0.21578203, 0.21601902, 0.21605706, 0.21630358,\n       0.21638727, 0.21711128]))"}, "1": {"maxiter": 100, "fatol": 1e-05, "xatol": 1e-10, "duration": 0.026324987411499023, "fun": "0.21525687435926244", "nit": "100", "nfev": "155", "status": "2", "success": "False", "message": "Maximum number of iterations has been exceeded.", "x": "[4.57132833 3.44901414 1.2682176  3.11089926 2.2769026  1.00058229]", "final_simplex": "(array([[4.57132833, 3.44901414, 1.2682176 , 3.11089926, 2.2769026 ,\n        1.00058229],\n       [4.59600359, 3.36328916, 1.32706577, 3.0835581 , 2.23155501,\n        1.00128814],\n       [4.62281073, 3.50662164, 1.3590664 , 3.13435028, 2.11217323,\n        0.98242636],\n       [4.65456692, 3.59314316, 1.45862636, 3.04683484, 2.04283273,\n        0.96104555],\n       [4.46825238, 3.50897337, 1.32133836, 3.18461982, 2.2468404 ,\n        0.99126323],\n       [4.53444867, 3.5266828 , 1.37866791, 3.13754319, 2.11474833,\n        0.97859833],\n       [4.59023076, 3.51677956, 1.4060799 , 2.95989033, 2.1388311 ,\n        0.9794752 ]]), array([0.21525687, 0.21578203, 0.21601902, 0.21605706, 0.21630358,\n       0.21638727, 0.21711128]))"}, "2": {"maxiter": 100, "fatol": 1e-10, "xatol": 1e-05, "duration": 0.02632308006286621, "fun": "0.21525687435926244", "nit": "100", "nfev": "155", "status": "2", "success": "False", "message": "Maximum number of iterations has been exceeded.", "x": "[4.57132833 3.44901414 1.2682176  3.11089926 2.2769026  1.00058229]", "final_simplex": "(array([[4.57132833, 3.44901414, 1.2682176 , 3.11089926, 2.2769026 ,\n        1.00058229],\n       [4.59600359, 3.36328916, 1.32706577, 3.0835581 , 2.23155501,\n        1.00128814],\n       [4.62281073, 3.50662164, 1.3590664 , 3.13435028, 2.11217323,\n        0.98242636],\n       [4.65456692, 3.59314316, 1.45862636, 3.04683484, 2.04283273,\n        0.96104555],\n       [4.46825238, 3.50897337, 1.32133836, 3.18461982, 2.2468404 ,\n        0.99126323],\n       [4.53444867, 3.5266828 , 1.37866791, 3.13754319, 2.11474833,\n        0.97859833],\n       [4.59023076, 3.51677956, 1.4060799 , 2.95989033, 2.1388311 ,\n        0.9794752 ]]), array([0.21525687, 0.21578203, 0.21601902, 0.21605706, 0.21630358,\n       0.21638727, 0.21711128]))"}, "3": {"maxiter": 100, "fatol": 1e-10, "xatol": 1e-10, "duration": 0.02627873420715332, "fun": "0.21525687435926244", "nit": "100", "nfev": "155", "status": "2", "success": "False", "message": "Maximum number of iterations has been exceeded.", "x": "[4.57132833 3.44901414 1.2682176  3.11089926 2.2769026  1.00058229]", "final_simplex": "(array([[4.57132833, 3.44901414, 1.2682176 , 3.11089926, 2.2769026 ,\n        1.00058229],\n       [4.59600359, 3.36328916, 1.32706577, 3.0835581 , 2.23155501,\n        1.00128814],\n       [4.62281073, 3.50662164, 1.3590664 , 3.13435028, 2.11217323,\n        0.98242636],\n       [4.65456692, 3.59314316, 1.45862636, 3.04683484, 2.04283273,\n        0.96104555],\n       [4.46825238, 3.50897337, 1.32133836, 3.18461982, 2.2468404 ,\n        0.99126323],\n       [4.53444867, 3.5266828 , 1.37866791, 3.13754319, 2.11474833,\n        0.97859833],\n       [4.59023076, 3.51677956, 1.4060799 , 2.95989033, 2.1388311 ,\n        0.9794752 ]]), array([0.21525687, 0.21578203, 0.21601902, 0.21605706, 0.21630358,\n       0.21638727, 0.21711128]))"}, "4": {"maxiter": 500, "fatol": 1e-05, "xatol": 1e-05, "duration": 0.12890863418579102, "fun": "0.2044643951501912", "nit": "500", "nfev": "760", "status": "2", "success": "False", "message": "Maximum number of iterations has been exceeded.", "x": "[4.94722378 3.12273216 0.94301227 2.41860824 3.9678456  2.38088189]", "final_simplex": "(array([[4.94722378, 3.12273216, 0.94301227, 2.41860824, 3.9678456 ,\n        2.38088189],\n       [4.94914319, 3.12268593, 0.94142301, 2.41517464, 3.97103743,\n        2.38345642],\n       [4.94491007, 3.12388913, 0.944861  , 2.42096911, 3.97014255,\n        2.38449533],\n       [4.94648561, 3.12354244, 0.94614936, 2.4196969 , 3.96841557,\n        2.3823582 ],\n       [4.94771179, 3.12300938, 0.94085235, 2.41610483, 3.97265034,\n        2.38453901],\n       [4.94378697, 3.12582795, 0.94677629, 2.42228985, 3.96433745,\n        2.38235463],\n       [4.94916321, 3.1254246 , 0.94284589, 2.41686398, 3.96886365,\n        2.38379197]]), array([0.2044644 , 0.2044645 , 0.20446455, 0.20446479, 0.20446502,\n       0.20446513, 0.20446529]))"}, "5": {"maxiter": 500, "fatol": 1e-05, "xatol": 1e-10, "duration": 0.12566184997558594, "fun": "0.2044643951501912", "nit": "500", "nfev": "760", "status": "2", "success": "False", "message": "Maximum number of iterations has been exceeded.", "x": "[4.94722378 3.12273216 0.94301227 2.41860824 3.9678456  2.38088189]", "final_simplex": "(array([[4.94722378, 3.12273216, 0.94301227, 2.41860824, 3.9678456 ,\n        2.38088189],\n       [4.94914319, 3.12268593, 0.94142301, 2.41517464, 3.97103743,\n        2.38345642],\n       [4.94491007, 3.12388913, 0.944861  , 2.42096911, 3.97014255,\n        2.38449533],\n       [4.94648561, 3.12354244, 0.94614936, 2.4196969 , 3.96841557,\n        2.3823582 ],\n       [4.94771179, 3.12300938, 0.94085235, 2.41610483, 3.97265034,\n        2.38453901],\n       [4.94378697, 3.12582795, 0.94677629, 2.42228985, 3.96433745,\n        2.38235463],\n       [4.94916321, 3.1254246 , 0.94284589, 2.41686398, 3.96886365,\n        2.38379197]]), array([0.2044644 , 0.2044645 , 0.20446455, 0.20446479, 0.20446502,\n       0.20446513, 0.20446529]))"}, "6": {"maxiter": 500, "fatol": 1e-10, "xatol": 1e-05, "duration": 0.12507200241088867, "fun": "0.2044643951501912", "nit": "500", "nfev": "760", "status": "2", "success": "False", "message": "Maximum number of iterations has been exceeded.", "x": "[4.94722378 3.12273216 0.94301227 2.41860824 3.9678456  2.38088189]", "final_simplex": "(array([[4.94722378, 3.12273216, 0.94301227, 2.41860824, 3.9678456 ,\n        2.38088189],\n       [4.94914319, 3.12268593, 0.94142301, 2.41517464, 3.97103743,\n        2.38345642],\n       [4.94491007, 3.12388913, 0.944861  , 2.42096911, 3.97014255,\n        2.38449533],\n       [4.94648561, 3.12354244, 0.94614936, 2.4196969 , 3.96841557,\n        2.3823582 ],\n       [4.94771179, 3.12300938, 0.94085235, 2.41610483, 3.97265034,\n        2.38453901],\n       [4.94378697, 3.12582795, 0.94677629, 2.42228985, 3.96433745,\n        2.38235463],\n       [4.94916321, 3.1254246 , 0.94284589, 2.41686398, 3.96886365,\n        2.38379197]]), array([0.2044644 , 0.2044645 , 0.20446455, 0.20446479, 0.20446502,\n       0.20446513, 0.20446529]))"}, "7": {"maxiter": 500, "fatol": 1e-10, "xatol": 1e-10, "duration": 0.12513518333435059, "fun": "0.2044643951501912", "nit": "500", "nfev": "760", "status": "2", "success": "False", "message": "Maximum number of iterations has been exceeded.", "x": "[4.94722378 3.12273216 0.94301227 2.41860824 3.9678456  2.38088189]", "final_simplex": "(array([[4.94722378, 3.12273216, 0.94301227, 2.41860824, 3.9678456 ,\n        2.38088189],\n       [4.94914319, 3.12268593, 0.94142301, 2.41517464, 3.97103743,\n        2.38345642],\n       [4.94491007, 3.12388913, 0.944861  , 2.42096911, 3.97014255,\n        2.38449533],\n       [4.94648561, 3.12354244, 0.94614936, 2.4196969 , 3.96841557,\n        2.3823582 ],\n       [4.94771179, 3.12300938, 0.94085235, 2.41610483, 3.97265034,\n        2.38453901],\n       [4.94378697, 3.12582795, 0.94677629, 2.42228985, 3.96433745,\n        2.38235463],\n       [4.94916321, 3.1254246 , 0.94284589, 2.41686398, 3.96886365,\n        2.38379197]]), array([0.2044644 , 0.2044645 , 0.20446455, 0.20446479, 0.20446502,\n       0.20446513, 0.20446529]))"}, "8": {"maxiter": 1000, "fatol": 1e-05, "xatol": 1e-05, "duration": 0.16058588027954102, "fun": "0.20446360534154184", "nit": "627", "nfev": "975", "status": "0", "success": "True", "message": "Optimization terminated successfully.", "x": "[4.94690389 3.12260538 0.94540815 2.42018283 3.96646122 2.3817891 ]", "final_simplex": "(array([[4.94690389, 3.12260538, 0.94540815, 2.42018283, 3.96646122,\n        2.3817891 ],\n       [4.94690571, 3.12260517, 0.94540949, 2.42018171, 3.96646041,\n        2.38179097],\n       [4.94690264, 3.12261076, 0.94540961, 2.4201875 , 3.96645907,\n        2.38179381],\n       [4.94690852, 3.12260815, 0.94540077, 2.42017486, 3.9664665 ,\n        2.38179489],\n       [4.94690465, 3.12260761, 0.9454087 , 2.42018514, 3.9664571 ,\n        2.38179081],\n       [4.94690213, 3.12260699, 0.9454091 , 2.42018538, 3.96645621,\n        2.38178693],\n       [4.94690183, 3.12260366, 0.94540477, 2.42018173, 3.9664645 ,\n        2.38179166]]), array([0.20446361, 0.20446361, 0.20446361, 0.20446361, 0.20446361,\n       0.20446361, 0.20446361]))"}, "9": {"maxiter": 1000, "fatol": 1e-05, "xatol": 1e-10, "duration": 0.20041823387145996, "fun": "0.2044636053401181", "nit": "745", "nfev": "1221", "status": "0", "success": "True", "message": "Optimization terminated successfully.", "x": "[4.94690832 3.12260437 0.94540392 2.42017928 3.96646539 2.38179044]", "final_simplex": "(array([[4.94690832, 3.12260437, 0.94540392, 2.42017928, 3.96646539,\n        2.38179044],\n       [4.94690832, 3.12260437, 0.94540392, 2.42017928, 3.96646539,\n        2.38179044],\n       [4.94690832, 3.12260437, 0.94540392, 2.42017928, 3.96646539,\n        2.38179044],\n       [4.94690832, 3.12260437, 0.94540392, 2.42017928, 3.96646539,\n        2.38179044],\n       [4.94690832, 3.12260437, 0.94540392, 2.42017928, 3.96646539,\n        2.38179044],\n       [4.94690832, 3.12260437, 0.94540392, 2.42017928, 3.96646539,\n        2.38179044],\n       [4.94690832, 3.12260437, 0.94540392, 2.42017928, 3.96646539,\n        2.38179044]]), array([0.20446361, 0.20446361, 0.20446361, 0.20446361, 0.20446361,\n       0.20446361, 0.20446361]))"}, "10": {"maxiter": 1000, "fatol": 1e-10, "xatol": 1e-05, "duration": 0.1604609489440918, "fun": "0.20446360534154184", "nit": "627", "nfev": "975", "status": "0", "success": "True", "message": "Optimization terminated successfully.", "x": "[4.94690389 3.12260538 0.94540815 2.42018283 3.96646122 2.3817891 ]", "final_simplex": "(array([[4.94690389, 3.12260538, 0.94540815, 2.42018283, 3.96646122,\n        2.3817891 ],\n       [4.94690571, 3.12260517, 0.94540949, 2.42018171, 3.96646041,\n        2.38179097],\n       [4.94690264, 3.12261076, 0.94540961, 2.4201875 , 3.96645907,\n        2.38179381],\n       [4.94690852, 3.12260815, 0.94540077, 2.42017486, 3.9664665 ,\n        2.38179489],\n       [4.94690465, 3.12260761, 0.9454087 , 2.42018514, 3.9664571 ,\n        2.38179081],\n       [4.94690213, 3.12260699, 0.9454091 , 2.42018538, 3.96645621,\n        2.38178693],\n       [4.94690183, 3.12260366, 0.94540477, 2.42018173, 3.9664645 ,\n        2.38179166]]), array([0.20446361, 0.20446361, 0.20446361, 0.20446361, 0.20446361,\n       0.20446361, 0.20446361]))"}, "11": {"maxiter": 1000, "fatol": 1e-10, "xatol": 1e-10, "duration": 0.20269513130187988, "fun": "0.2044636053401181", "nit": "745", "nfev": "1221", "status": "0", "success": "True", "message": "Optimization terminated successfully.", "x": "[4.94690832 3.12260437 0.94540392 2.42017928 3.96646539 2.38179044]", "final_simplex": "(array([[4.94690832, 3.12260437, 0.94540392, 2.42017928, 3.96646539,\n        2.38179044],\n       [4.94690832, 3.12260437, 0.94540392, 2.42017928, 3.96646539,\n        2.38179044],\n       [4.94690832, 3.12260437, 0.94540392, 2.42017928, 3.96646539,\n        2.38179044],\n       [4.94690832, 3.12260437, 0.94540392, 2.42017928, 3.96646539,\n        2.38179044],\n       [4.94690832, 3.12260437, 0.94540392, 2.42017928, 3.96646539,\n        2.38179044],\n       [4.94690832, 3.12260437, 0.94540392, 2.42017928, 3.96646539,\n        2.38179044],\n       [4.94690832, 3.12260437, 0.94540392, 2.42017928, 3.96646539,\n        2.38179044]]), array([0.20446361, 0.20446361, 0.20446361, 0.20446361, 0.20446361,\n       0.20446361, 0.20446361]))"}}, "bfgs": {"type": "gradient", "0": {"maxiter": 100, "gtol": 1e-05, "xrtol": 1e-05, "eps": 1e-05, "duration": 0.0314638614654541, "fun": "0.20446360615323678", "jac": "[ 1.98728811e-06 -1.17754695e-06 -1.63700165e-06  3.55850904e-06\n  3.85100840e-06 -2.27928787e-06]", "hess_inv": "[[ 12.81603195  -4.54053681  -9.81269846  15.23572452   5.39659334\n   -1.00398162]\n [ -4.54053681   8.35858533   3.13003496  -6.79191843  -0.48106087\n    6.32200479]\n [ -9.81269846   3.13003496  16.27015198 -15.43563286 -13.44985182\n   -4.35593784]\n [ 15.23572452  -6.79191843 -15.43563286  25.01567005  11.77030067\n    0.63307186]\n [  5.39659334  -0.48106087 -13.44985182  11.77030067  19.07016765\n   11.09768788]\n [ -1.00398162   6.32200479  -4.35593784   0.63307186  11.09768788\n   14.28925298]]", "nfev": "182", "njev": "26", "status": "0", "success": "True", "message": "Optimization terminated successfully.", "x": "[ 4.94703607  3.12250871  0.94526357  3.86320627  0.82496745 -0.75984196]", "nit": "24"}, "1": {"maxiter": 100, "gtol": 1e-05, "xrtol": 1e-05, "eps": 1e-10, "duration": 0.03132295608520508, "fun": "0.20446360656398332", "jac": "[ 0.00000000e+00 -2.22044587e-06 -4.44089173e-06  4.44089173e-06\n  2.22044587e-06 -3.33066880e-06]", "hess_inv": "[[ 12.87004671  -4.53948258  -9.88144349  15.32872472   5.42971336\n   -1.01742234]\n [ -4.53948258   8.34078029   3.17375495  -6.82545909  -0.52721682\n    6.28690089]\n [ -9.88144349   3.17375495  16.3433524  -15.55853088 -13.48860526\n   -4.32906155]\n [ 15.32872472  -6.82545909 -15.55853088  25.16221493  11.81780674\n    0.58672409]\n [  5.42971336  -0.52721682 -13.48860526  11.81780674  19.0528553\n   11.03076227]\n [ -1.01742234   6.28690089  -4.32906155   0.58672409  11.03076227\n   14.21481551]]", "nfev": "182", "njev": "26", "status": "0", "success": "True", "message": "Optimization terminated successfully.", "x": "[ 4.94708144  3.12251691  0.94520842  3.86327371  0.82503178 -0.75979112]", "nit": "24"}, "2": {"maxiter": 100, "gtol": 1e-05, "xrtol": 1e-10, "eps": 1e-05, "duration": 0.031348228454589844, "fun": "0.20446360615323678", "jac": "[ 1.98728811e-06 -1.17754695e-06 -1.63700165e-06  3.55850904e-06\n  3.85100840e-06 -2.27928787e-06]", "hess_inv": "[[ 12.81603195  -4.54053681  -9.81269846  15.23572452   5.39659334\n   -1.00398162]\n [ -4.54053681   8.35858533   3.13003496  -6.79191843  -0.48106087\n    6.32200479]\n [ -9.81269846   3.13003496  16.27015198 -15.43563286 -13.44985182\n   -4.35593784]\n [ 15.23572452  -6.79191843 -15.43563286  25.01567005  11.77030067\n    0.63307186]\n [  5.39659334  -0.48106087 -13.44985182  11.77030067  19.07016765\n   11.09768788]\n [ -1.00398162   6.32200479  -4.35593784   0.63307186  11.09768788\n   14.28925298]]", "nfev": "182", "njev": "26", "status": "0", "success": "True", "message": "Optimization terminated successfully.", "x": "[ 4.94703607  3.12250871  0.94526357  3.86320627  0.82496745 -0.75984196]", "nit": "24"}, "3": {"maxiter": 100, "gtol": 1e-05, "xrtol": 1e-10, "eps": 1e-10, "duration": 0.03135395050048828, "fun": "0.20446360656398332", "jac": "[ 0.00000000e+00 -2.22044587e-06 -4.44089173e-06  4.44089173e-06\n  2.22044587e-06 -3.33066880e-06]", "hess_inv": "[[ 12.87004671  -4.53948258  -9.88144349  15.32872472   5.42971336\n   -1.01742234]\n [ -4.53948258   8.34078029   3.17375495  -6.82545909  -0.52721682\n    6.28690089]\n [ -9.88144349   3.17375495  16.3433524  -15.55853088 -13.48860526\n   -4.32906155]\n [ 15.32872472  -6.82545909 -15.55853088  25.16221493  11.81780674\n    0.58672409]\n [  5.42971336  -0.52721682 -13.48860526  11.81780674  19.0528553\n   11.03076227]\n [ -1.01742234   6.28690089  -4.32906155   0.58672409  11.03076227\n   14.21481551]]", "nfev": "182", "njev": "26", "status": "0", "success": "True", "message": "Optimization terminated successfully.", "x": "[ 4.94708144  3.12251691  0.94520842  3.86327371  0.82503178 -0.75979112]", "nit": "24"}, "4": {"maxiter": 100, "gtol": 1e-10, "xrtol": 1e-05, "eps": 1e-05, "duration": 0.08755207061767578, "fun": "0.2044636054599518", "jac": "[ 2.29893882e-07  1.34936506e-06 -1.30828681e-07  2.11430873e-07\n  7.73980879e-07 -1.20936594e-06]", "hess_inv": "[[ 15.28751494  -5.88973277 -12.70389768  19.13226635   7.82684216\n   -0.8506684 ]\n [ -5.88973277   8.90915926   4.74737047  -8.90121524  -1.80120277\n    6.22275038]\n [-12.70389768   4.74737047  19.64409077 -19.99753757 -16.29404392\n   -4.53179872]\n [ 19.13226635  -8.90121524 -19.99753757  31.15708501  15.60098473\n    0.87593508]\n [  7.82684216  -1.80120277 -16.29404392  15.60098473  21.45934315\n   11.2485268 ]\n [ -0.8506684    6.22275038  -4.53179872   0.87593508  11.2485268\n   14.29673611]]", "nfev": "515", "njev": "72", "status": "2", "success": "False", "message": "Desired error not necessarily achieved due to precision loss.", "x": "[ 4.94688616  3.12259072  0.9454397   3.86296868  0.82481839 -0.75985381]", "nit": "25"}, "5": {"maxiter": 100, "gtol": 1e-10, "xrtol": 1e-05, "eps": 1e-10, "duration": 0.0337221622467041, "fun": "0.20446360536018715", "jac": "[-2.22044587e-06 -2.22044587e-06 -1.11022293e-06 -2.22044587e-06\n  0.00000000e+00 -3.33066880e-06]", "hess_inv": "[[ 17.77148784  -5.71663681 -14.21518044  22.13236804   9.37639128\n    0.44240976]\n [ -5.71663681   7.66811439   3.6111597   -7.98913717  -1.23388627\n    5.22373019]\n [-14.21518044   3.6111597   19.70794936 -21.24354865 -16.8670552\n   -6.21970436]\n [ 22.13236804  -7.98913717 -21.24354865  34.36167837  17.19348754\n    3.02229403]\n [  9.37639128  -1.23388627 -16.8670552   17.19348754  22.15012491\n   12.31436596]\n [  0.44240976   5.22373019  -6.21970436   3.02229403  12.31436596\n   13.85731322]]", "nfev": "196", "njev": "28", "status": "0", "success": "True", "message": "Optimization terminated successfully.", "x": "[ 4.94688798  3.12260559  0.94541504  3.86298092  0.82486962 -0.75980175]", "nit": "26"}, "6": {"maxiter": 100, "gtol": 1e-10, "xrtol": 1e-10, "eps": 1e-05, "duration": 0.08748698234558105, "fun": "0.2044636054599518", "jac": "[ 2.29893882e-07  1.34936506e-06 -1.30828681e-07  2.11430873e-07\n  7.73980879e-07 -1.20936594e-06]", "hess_inv": "[[ 15.28751494  -5.88973277 -12.70389768  19.13226635   7.82684216\n   -0.8506684 ]\n [ -5.88973277   8.90915926   4.74737047  -8.90121524  -1.80120277\n    6.22275038]\n [-12.70389768   4.74737047  19.64409077 -19.99753757 -16.29404392\n   -4.53179872]\n [ 19.13226635  -8.90121524 -19.99753757  31.15708501  15.60098473\n    0.87593508]\n [  7.82684216  -1.80120277 -16.29404392  15.60098473  21.45934315\n   11.2485268 ]\n [ -0.8506684    6.22275038  -4.53179872   0.87593508  11.2485268\n   14.29673611]]", "nfev": "515", "njev": "72", "status": "2", "success": "False", "message": "Desired error not necessarily achieved due to precision loss.", "x": "[ 4.94688616  3.12259072  0.9454397   3.86296868  0.82481839 -0.75985381]", "nit": "25"}, "7": {"maxiter": 100, "gtol": 1e-10, "xrtol": 1e-10, "eps": 1e-10, "duration": 0.08417296409606934, "fun": "0.2044636053593527", "jac": "[ 2.22044587e-06 -2.22044587e-06 -1.11022293e-06  2.22044587e-06\n  2.22044587e-06  2.22044587e-06]", "hess_inv": "[[ 11.592766    -5.42539589  -8.51029057  11.27856444   2.93503121\n   -3.75852573]\n [ -5.42539589   8.03488228   3.95951542  -7.75735646  -1.42469998\n    5.46177975]\n [ -8.51029057   3.95951542  16.37378304 -11.49160802 -12.59630321\n   -2.75198547]\n [ 11.27856444  -7.75735646 -11.49160802  15.5377236    6.06885003\n   -4.48090015]\n [  2.93503121  -1.42469998 -12.59630321   6.06885003  16.89818164\n    8.32955443]\n [ -3.75852573   5.46177975  -2.75198547  -4.48090015   8.32955443\n   11.24843663]]", "nfev": "493", "njev": "69", "status": "0", "success": "True", "message": "Optimization terminated successfully.", "x": "[ 4.94690537  3.12260349  0.94539045  3.86301114  0.82489546 -0.75978677]", "nit": "28"}, "8": {"maxiter": 500, "gtol": 1e-05, "xrtol": 1e-05, "eps": 1e-05, "duration": 0.031314849853515625, "fun": "0.20446360615323678", "jac": "[ 1.98728811e-06 -1.17754695e-06 -1.63700165e-06  3.55850904e-06\n  3.85100840e-06 -2.27928787e-06]", "hess_inv": "[[ 12.81603195  -4.54053681  -9.81269846  15.23572452   5.39659334\n   -1.00398162]\n [ -4.54053681   8.35858533   3.13003496  -6.79191843  -0.48106087\n    6.32200479]\n [ -9.81269846   3.13003496  16.27015198 -15.43563286 -13.44985182\n   -4.35593784]\n [ 15.23572452  -6.79191843 -15.43563286  25.01567005  11.77030067\n    0.63307186]\n [  5.39659334  -0.48106087 -13.44985182  11.77030067  19.07016765\n   11.09768788]\n [ -1.00398162   6.32200479  -4.35593784   0.63307186  11.09768788\n   14.28925298]]", "nfev": "182", "njev": "26", "status": "0", "success": "True", "message": "Optimization terminated successfully.", "x": "[ 4.94703607  3.12250871  0.94526357  3.86320627  0.82496745 -0.75984196]", "nit": "24"}, "9": {"maxiter": 500, "gtol": 1e-05, "xrtol": 1e-05, "eps": 1e-10, "duration": 0.031304121017456055, "fun": "0.20446360656398332", "jac": "[ 0.00000000e+00 -2.22044587e-06 -4.44089173e-06  4.44089173e-06\n  2.22044587e-06 -3.33066880e-06]", "hess_inv": "[[ 12.87004671  -4.53948258  -9.88144349  15.32872472   5.42971336\n   -1.01742234]\n [ -4.53948258   8.34078029   3.17375495  -6.82545909  -0.52721682\n    6.28690089]\n [ -9.88144349   3.17375495  16.3433524  -15.55853088 -13.48860526\n   -4.32906155]\n [ 15.32872472  -6.82545909 -15.55853088  25.16221493  11.81780674\n    0.58672409]\n [  5.42971336  -0.52721682 -13.48860526  11.81780674  19.0528553\n   11.03076227]\n [ -1.01742234   6.28690089  -4.32906155   0.58672409  11.03076227\n   14.21481551]]", "nfev": "182", "njev": "26", "status": "0", "success": "True", "message": "Optimization terminated successfully.", "x": "[ 4.94708144  3.12251691  0.94520842  3.86327371  0.82503178 -0.75979112]", "nit": "24"}, "10": {"maxiter": 500, "gtol": 1e-05, "xrtol": 1e-10, "eps": 1e-05, "duration": 0.031265974044799805, "fun": "0.20446360615323678", "jac": "[ 1.98728811e-06 -1.17754695e-06 -1.63700165e-06  3.55850904e-06\n  3.85100840e-06 -2.27928787e-06]", "hess_inv": "[[ 12.81603195  -4.54053681  -9.81269846  15.23572452   5.39659334\n   -1.00398162]\n [ -4.54053681   8.35858533   3.13003496  -6.79191843  -0.48106087\n    6.32200479]\n [ -9.81269846   3.13003496  16.27015198 -15.43563286 -13.44985182\n   -4.35593784]\n [ 15.23572452  -6.79191843 -15.43563286  25.01567005  11.77030067\n    0.63307186]\n [  5.39659334  -0.48106087 -13.44985182  11.77030067  19.07016765\n   11.09768788]\n [ -1.00398162   6.32200479  -4.35593784   0.63307186  11.09768788\n   14.28925298]]", "nfev": "182", "njev": "26", "status": "0", "success": "True", "message": "Optimization terminated successfully.", "x": "[ 4.94703607  3.12250871  0.94526357  3.86320627  0.82496745 -0.75984196]", "nit": "24"}, "11": {"maxiter": 500, "gtol": 1e-05, "xrtol": 1e-10, "eps": 1e-10, "duration": 0.031248807907104492, "fun": "0.20446360656398332", "jac": "[ 0.00000000e+00 -2.22044587e-06 -4.44089173e-06  4.44089173e-06\n  2.22044587e-06 -3.33066880e-06]", "hess_inv": "[[ 12.87004671  -4.53948258  -9.88144349  15.32872472   5.42971336\n   -1.01742234]\n [ -4.53948258   8.34078029   3.17375495  -6.82545909  -0.52721682\n    6.28690089]\n [ -9.88144349   3.17375495  16.3433524  -15.55853088 -13.48860526\n   -4.32906155]\n [ 15.32872472  -6.82545909 -15.55853088  25.16221493  11.81780674\n    0.58672409]\n [  5.42971336  -0.52721682 -13.48860526  11.81780674  19.0528553\n   11.03076227]\n [ -1.01742234   6.28690089  -4.32906155   0.58672409  11.03076227\n   14.21481551]]", "nfev": "182", "njev": "26", "status": "0", "success": "True", "message": "Optimization terminated successfully.", "x": "[ 4.94708144  3.12251691  0.94520842  3.86327371  0.82503178 -0.75979112]", "nit": "24"}, "12": {"maxiter": 500, "gtol": 1e-10, "xrtol": 1e-05, "eps": 1e-05, "duration": 0.08725142478942871, "fun": "0.2044636054599518", "jac": "[ 2.29893882e-07  1.34936506e-06 -1.30828681e-07  2.11430873e-07\n  7.73980879e-07 -1.20936594e-06]", "hess_inv": "[[ 15.28751494  -5.88973277 -12.70389768  19.13226635   7.82684216\n   -0.8506684 ]\n [ -5.88973277   8.90915926   4.74737047  -8.90121524  -1.80120277\n    6.22275038]\n [-12.70389768   4.74737047  19.64409077 -19.99753757 -16.29404392\n   -4.53179872]\n [ 19.13226635  -8.90121524 -19.99753757  31.15708501  15.60098473\n    0.87593508]\n [  7.82684216  -1.80120277 -16.29404392  15.60098473  21.45934315\n   11.2485268 ]\n [ -0.8506684    6.22275038  -4.53179872   0.87593508  11.2485268\n   14.29673611]]", "nfev": "515", "njev": "72", "status": "2", "success": "False", "message": "Desired error not necessarily achieved due to precision loss.", "x": "[ 4.94688616  3.12259072  0.9454397   3.86296868  0.82481839 -0.75985381]", "nit": "25"}, "13": {"maxiter": 500, "gtol": 1e-10, "xrtol": 1e-05, "eps": 1e-10, "duration": 0.0336451530456543, "fun": "0.20446360536018715", "jac": "[-2.22044587e-06 -2.22044587e-06 -1.11022293e-06 -2.22044587e-06\n  0.00000000e+00 -3.33066880e-06]", "hess_inv": "[[ 17.77148784  -5.71663681 -14.21518044  22.13236804   9.37639128\n    0.44240976]\n [ -5.71663681   7.66811439   3.6111597   -7.98913717  -1.23388627\n    5.22373019]\n [-14.21518044   3.6111597   19.70794936 -21.24354865 -16.8670552\n   -6.21970436]\n [ 22.13236804  -7.98913717 -21.24354865  34.36167837  17.19348754\n    3.02229403]\n [  9.37639128  -1.23388627 -16.8670552   17.19348754  22.15012491\n   12.31436596]\n [  0.44240976   5.22373019  -6.21970436   3.02229403  12.31436596\n   13.85731322]]", "nfev": "196", "njev": "28", "status": "0", "success": "True", "message": "Optimization terminated successfully.", "x": "[ 4.94688798  3.12260559  0.94541504  3.86298092  0.82486962 -0.75980175]", "nit": "26"}, "14": {"maxiter": 500, "gtol": 1e-10, "xrtol": 1e-10, "eps": 1e-05, "duration": 0.08752679824829102, "fun": "0.2044636054599518", "jac": "[ 2.29893882e-07  1.34936506e-06 -1.30828681e-07  2.11430873e-07\n  7.73980879e-07 -1.20936594e-06]", "hess_inv": "[[ 15.28751494  -5.88973277 -12.70389768  19.13226635   7.82684216\n   -0.8506684 ]\n [ -5.88973277   8.90915926   4.74737047  -8.90121524  -1.80120277\n    6.22275038]\n [-12.70389768   4.74737047  19.64409077 -19.99753757 -16.29404392\n   -4.53179872]\n [ 19.13226635  -8.90121524 -19.99753757  31.15708501  15.60098473\n    0.87593508]\n [  7.82684216  -1.80120277 -16.29404392  15.60098473  21.45934315\n   11.2485268 ]\n [ -0.8506684    6.22275038  -4.53179872   0.87593508  11.2485268\n   14.29673611]]", "nfev": "515", "njev": "72", "status": "2", "success": "False", "message": "Desired error not necessarily achieved due to precision loss.", "x": "[ 4.94688616  3.12259072  0.9454397   3.86296868  0.82481839 -0.75985381]", "nit": "25"}, "15": {"maxiter": 500, "gtol": 1e-10, "xrtol": 1e-10, "eps": 1e-10, "duration": 0.08382701873779297, "fun": "0.2044636053593527", "jac": "[ 2.22044587e-06 -2.22044587e-06 -1.11022293e-06  2.22044587e-06\n  2.22044587e-06  2.22044587e-06]", "hess_inv": "[[ 11.592766    -5.42539589  -8.51029057  11.27856444   2.93503121\n   -3.75852573]\n [ -5.42539589   8.03488228   3.95951542  -7.75735646  -1.42469998\n    5.46177975]\n [ -8.51029057   3.95951542  16.37378304 -11.49160802 -12.59630321\n   -2.75198547]\n [ 11.27856444  -7.75735646 -11.49160802  15.5377236    6.06885003\n   -4.48090015]\n [  2.93503121  -1.42469998 -12.59630321   6.06885003  16.89818164\n    8.32955443]\n [ -3.75852573   5.46177975  -2.75198547  -4.48090015   8.32955443\n   11.24843663]]", "nfev": "493", "njev": "69", "status": "0", "success": "True", "message": "Optimization terminated successfully.", "x": "[ 4.94690537  3.12260349  0.94539045  3.86301114  0.82489546 -0.75978677]", "nit": "28"}, "16": {"maxiter": 1000, "gtol": 1e-05, "xrtol": 1e-05, "eps": 1e-05, "duration": 0.03123188018798828, "fun": "0.20446360615323678", "jac": "[ 1.98728811e-06 -1.17754695e-06 -1.63700165e-06  3.55850904e-06\n  3.85100840e-06 -2.27928787e-06]", "hess_inv": "[[ 12.81603195  -4.54053681  -9.81269846  15.23572452   5.39659334\n   -1.00398162]\n [ -4.54053681   8.35858533   3.13003496  -6.79191843  -0.48106087\n    6.32200479]\n [ -9.81269846   3.13003496  16.27015198 -15.43563286 -13.44985182\n   -4.35593784]\n [ 15.23572452  -6.79191843 -15.43563286  25.01567005  11.77030067\n    0.63307186]\n [  5.39659334  -0.48106087 -13.44985182  11.77030067  19.07016765\n   11.09768788]\n [ -1.00398162   6.32200479  -4.35593784   0.63307186  11.09768788\n   14.28925298]]", "nfev": "182", "njev": "26", "status": "0", "success": "True", "message": "Optimization terminated successfully.", "x": "[ 4.94703607  3.12250871  0.94526357  3.86320627  0.82496745 -0.75984196]", "nit": "24"}, "17": {"maxiter": 1000, "gtol": 1e-05, "xrtol": 1e-05, "eps": 1e-10, "duration": 0.031256675720214844, "fun": "0.20446360656398332", "jac": "[ 0.00000000e+00 -2.22044587e-06 -4.44089173e-06  4.44089173e-06\n  2.22044587e-06 -3.33066880e-06]", "hess_inv": "[[ 12.87004671  -4.53948258  -9.88144349  15.32872472   5.42971336\n   -1.01742234]\n [ -4.53948258   8.34078029   3.17375495  -6.82545909  -0.52721682\n    6.28690089]\n [ -9.88144349   3.17375495  16.3433524  -15.55853088 -13.48860526\n   -4.32906155]\n [ 15.32872472  -6.82545909 -15.55853088  25.16221493  11.81780674\n    0.58672409]\n [  5.42971336  -0.52721682 -13.48860526  11.81780674  19.0528553\n   11.03076227]\n [ -1.01742234   6.28690089  -4.32906155   0.58672409  11.03076227\n   14.21481551]]", "nfev": "182", "njev": "26", "status": "0", "success": "True", "message": "Optimization terminated successfully.", "x": "[ 4.94708144  3.12251691  0.94520842  3.86327371  0.82503178 -0.75979112]", "nit": "24"}, "18": {"maxiter": 1000, "gtol": 1e-05, "xrtol": 1e-10, "eps": 1e-05, "duration": 0.031471967697143555, "fun": "0.20446360615323678", "jac": "[ 1.98728811e-06 -1.17754695e-06 -1.63700165e-06  3.55850904e-06\n  3.85100840e-06 -2.27928787e-06]", "hess_inv": "[[ 12.81603195  -4.54053681  -9.81269846  15.23572452   5.39659334\n   -1.00398162]\n [ -4.54053681   8.35858533   3.13003496  -6.79191843  -0.48106087\n    6.32200479]\n [ -9.81269846   3.13003496  16.27015198 -15.43563286 -13.44985182\n   -4.35593784]\n [ 15.23572452  -6.79191843 -15.43563286  25.01567005  11.77030067\n    0.63307186]\n [  5.39659334  -0.48106087 -13.44985182  11.77030067  19.07016765\n   11.09768788]\n [ -1.00398162   6.32200479  -4.35593784   0.63307186  11.09768788\n   14.28925298]]", "nfev": "182", "njev": "26", "status": "0", "success": "True", "message": "Optimization terminated successfully.", "x": "[ 4.94703607  3.12250871  0.94526357  3.86320627  0.82496745 -0.75984196]", "nit": "24"}, "19": {"maxiter": 1000, "gtol": 1e-05, "xrtol": 1e-10, "eps": 1e-10, "duration": 0.03130173683166504, "fun": "0.20446360656398332", "jac": "[ 0.00000000e+00 -2.22044587e-06 -4.44089173e-06  4.44089173e-06\n  2.22044587e-06 -3.33066880e-06]", "hess_inv": "[[ 12.87004671  -4.53948258  -9.88144349  15.32872472   5.42971336\n   -1.01742234]\n [ -4.53948258   8.34078029   3.17375495  -6.82545909  -0.52721682\n    6.28690089]\n [ -9.88144349   3.17375495  16.3433524  -15.55853088 -13.48860526\n   -4.32906155]\n [ 15.32872472  -6.82545909 -15.55853088  25.16221493  11.81780674\n    0.58672409]\n [  5.42971336  -0.52721682 -13.48860526  11.81780674  19.0528553\n   11.03076227]\n [ -1.01742234   6.28690089  -4.32906155   0.58672409  11.03076227\n   14.21481551]]", "nfev": "182", "njev": "26", "status": "0", "success": "True", "message": "Optimization terminated successfully.", "x": "[ 4.94708144  3.12251691  0.94520842  3.86327371  0.82503178 -0.75979112]", "nit": "24"}, "20": {"maxiter": 1000, "gtol": 1e-10, "xrtol": 1e-05, "eps": 1e-05, "duration": 0.08730792999267578, "fun": "0.2044636054599518", "jac": "[ 2.29893882e-07  1.34936506e-06 -1.30828681e-07  2.11430873e-07\n  7.73980879e-07 -1.20936594e-06]", "hess_inv": "[[ 15.28751494  -5.88973277 -12.70389768  19.13226635   7.82684216\n   -0.8506684 ]\n [ -5.88973277   8.90915926   4.74737047  -8.90121524  -1.80120277\n    6.22275038]\n [-12.70389768   4.74737047  19.64409077 -19.99753757 -16.29404392\n   -4.53179872]\n [ 19.13226635  -8.90121524 -19.99753757  31.15708501  15.60098473\n    0.87593508]\n [  7.82684216  -1.80120277 -16.29404392  15.60098473  21.45934315\n   11.2485268 ]\n [ -0.8506684    6.22275038  -4.53179872   0.87593508  11.2485268\n   14.29673611]]", "nfev": "515", "njev": "72", "status": "2", "success": "False", "message": "Desired error not necessarily achieved due to precision loss.", "x": "[ 4.94688616  3.12259072  0.9454397   3.86296868  0.82481839 -0.75985381]", "nit": "25"}, "21": {"maxiter": 1000, "gtol": 1e-10, "xrtol": 1e-05, "eps": 1e-10, "duration": 0.03355288505554199, "fun": "0.20446360536018715", "jac": "[-2.22044587e-06 -2.22044587e-06 -1.11022293e-06 -2.22044587e-06\n  0.00000000e+00 -3.33066880e-06]", "hess_inv": "[[ 17.77148784  -5.71663681 -14.21518044  22.13236804   9.37639128\n    0.44240976]\n [ -5.71663681   7.66811439   3.6111597   -7.98913717  -1.23388627\n    5.22373019]\n [-14.21518044   3.6111597   19.70794936 -21.24354865 -16.8670552\n   -6.21970436]\n [ 22.13236804  -7.98913717 -21.24354865  34.36167837  17.19348754\n    3.02229403]\n [  9.37639128  -1.23388627 -16.8670552   17.19348754  22.15012491\n   12.31436596]\n [  0.44240976   5.22373019  -6.21970436   3.02229403  12.31436596\n   13.85731322]]", "nfev": "196", "njev": "28", "status": "0", "success": "True", "message": "Optimization terminated successfully.", "x": "[ 4.94688798  3.12260559  0.94541504  3.86298092  0.82486962 -0.75980175]", "nit": "26"}, "22": {"maxiter": 1000, "gtol": 1e-10, "xrtol": 1e-10, "eps": 1e-05, "duration": 0.08690094947814941, "fun": "0.2044636054599518", "jac": "[ 2.29893882e-07  1.34936506e-06 -1.30828681e-07  2.11430873e-07\n  7.73980879e-07 -1.20936594e-06]", "hess_inv": "[[ 15.28751494  -5.88973277 -12.70389768  19.13226635   7.82684216\n   -0.8506684 ]\n [ -5.88973277   8.90915926   4.74737047  -8.90121524  -1.80120277\n    6.22275038]\n [-12.70389768   4.74737047  19.64409077 -19.99753757 -16.29404392\n   -4.53179872]\n [ 19.13226635  -8.90121524 -19.99753757  31.15708501  15.60098473\n    0.87593508]\n [  7.82684216  -1.80120277 -16.29404392  15.60098473  21.45934315\n   11.2485268 ]\n [ -0.8506684    6.22275038  -4.53179872   0.87593508  11.2485268\n   14.29673611]]", "nfev": "515", "njev": "72", "status": "2", "success": "False", "message": "Desired error not necessarily achieved due to precision loss.", "x": "[ 4.94688616  3.12259072  0.9454397   3.86296868  0.82481839 -0.75985381]", "nit": "25"}, "23": {"maxiter": 1000, "gtol": 1e-10, "xrtol": 1e-10, "eps": 1e-10, "duration": 0.08336281776428223, "fun": "0.2044636053593527", "jac": "[ 2.22044587e-06 -2.22044587e-06 -1.11022293e-06  2.22044587e-06\n  2.22044587e-06  2.22044587e-06]", "hess_inv": "[[ 11.592766    -5.42539589  -8.51029057  11.27856444   2.93503121\n   -3.75852573]\n [ -5.42539589   8.03488228   3.95951542  -7.75735646  -1.42469998\n    5.46177975]\n [ -8.51029057   3.95951542  16.37378304 -11.49160802 -12.59630321\n   -2.75198547]\n [ 11.27856444  -7.75735646 -11.49160802  15.5377236    6.06885003\n   -4.48090015]\n [  2.93503121  -1.42469998 -12.59630321   6.06885003  16.89818164\n    8.32955443]\n [ -3.75852573   5.46177975  -2.75198547  -4.48090015   8.32955443\n   11.24843663]]", "nfev": "493", "njev": "69", "status": "0", "success": "True", "message": "Optimization terminated successfully.", "x": "[ 4.94690537  3.12260349  0.94539045  3.86301114  0.82489546 -0.75978677]", "nit": "28"}}, "cobyla": {"0": {"maxiter": 100, "tol": 1e-05, "catol": 1e-05, "duration": 0.016390085220336914, "x": "[4.48301694 3.80403254 1.76576003 3.4917401  3.88475827 2.86432514]", "status": "2", "success": "False", "message": "Maximum number of function evaluations has been exceeded.", "nfev": "100", "fun": "0.22264981969997422", "maxcv": "0.0"}, "1": {"maxiter": 100, "tol": 1e-05, "catol": 1e-10, "duration": 0.016374588012695312, "x": "[4.48301694 3.80403254 1.76576003 3.4917401  3.88475827 2.86432514]", "status": "2", "success": "False", "message": "Maximum number of function evaluations has been exceeded.", "nfev": "100", "fun": "0.22264981969997422", "maxcv": "0.0"}, "2": {"maxiter": 100, "tol": 1e-10, "catol": 1e-05, "duration": 0.01640796661376953, "x": "[4.48301694 3.80403254 1.76576003 3.4917401  3.88475827 2.86432514]", "status": "2", "success": "False", "message": "Maximum number of function evaluations has been exceeded.", "nfev": "100", "fun": "0.22264981969997422", "maxcv": "0.0"}, "3": {"maxiter": 100, "tol": 1e-10, "catol": 1e-10, "duration": 0.01637411117553711, "x": "[4.48301694 3.80403254 1.76576003 3.4917401  3.88475827 2.86432514]", "status": "2", "success": "False", "message": "Maximum number of function evaluations has been exceeded.", "nfev": "100", "fun": "0.22264981969997422", "maxcv": "0.0"}, "4": {"maxiter": 500, "tol": 1e-05, "catol": 1e-05, "duration": 0.08185029029846191, "x": "[4.91342129 3.13977519 0.98465802 2.47237127 3.93247646 2.377244  ]", "status": "2", "success": "False", "message": "Maximum number of function evaluations has been exceeded.", "nfev": "500", "fun": "0.2045112585704626", "maxcv": "0.0"}, "5": {"maxiter": 500, "tol": 1e-05, "catol": 1e-10, "duration": 0.08185219764709473, "x": "[4.91342129 3.13977519 0.98465802 2.47237127 3.93247646 2.377244  ]", "status": "2", "success": "False", "message": "Maximum number of function evaluations has been exceeded.", "nfev": "500", "fun": "0.2045112585704626", "maxcv": "0.0"}, "6": {"maxiter": 500, "tol": 1e-10, "catol": 1e-05, "duration": 0.08151984214782715, "x": "[4.91342129 3.13977519 0.98465802 2.47237127 3.93247646 2.377244  ]", "status": "2", "success": "False", "message": "Maximum number of function evaluations has been exceeded.", "nfev": "500", "fun": "0.2045112585704626", "maxcv": "0.0"}, "7": {"maxiter": 500, "tol": 1e-10, "catol": 1e-10, "duration": 0.081522941589355