{"date": "2024/07/18/, 17:36:52", "conf_id": 9, "data_type": "random\n", "num_data_points": 1, "s_rank": 0, "unitary": "[[-0.24866696+0.58742286j,-0.44704345-0.43151574j,-0.35669027-0.20570733j,-0.10517633+0.1626036j],[0.10596805-0.19687975j,-0.30269685-0.15056416j,0.18246286+0.30440582j,-0.83484447-0.11310748j],[0.26054512-0.52548482j,0.0285017-0.50723956j,-0.43110112+0.17165838j,0.15243271+0.39915801j],[0.42978035+0.11991271j,-0.17224126-0.46030424j,0.6827807-0.15164662j,0.26483638+0.0061855j]]", "databatch_0": {"databatch": "[[[-0.01684218+0.19036057j,0.16408459-0.07939943j,0.00284523+0.29804641j,0.06977956-0.04637457j],[0.19903604-0.21127442j,-0.15106571+0.2010125j,-0.45965283-0.22243007j,-0.10197209-0.07153996j],[0.22682735-0.02956467j,-0.17335275-0.04066468j,0.04113395-0.26045639j,-0.04429156-0.08381345j],[-0.07572462+0.15868649j,0.12183055+0.12259305j,-0.41490561+0.05505051j,0.10543393-0.03184348j]]]", "initial param values": "[4.68255884,5.99022216,1.00234533,2.22241294,1.84436449,2.0642204]", "nelder_mead": {"type": "gradient-free", "0": {"maxiter": 100, "fatol": 1e-05, "xatol": 1e-05, "duration": 0.0260159969329834, "fun": "0.3759268701843609", "nit": "100", "nfev": "153", "status": "2", "success": "False", "message": "Maximum number of iterations has been exceeded.", "x": "[ 4.22228434  8.35973386  3.3951299   2.3212298  -1.24770903 -0.73427567]", "final_simplex": "(array([[ 4.22228434,  8.35973386,  3.3951299 ,  2.3212298 , -1.24770903,\n        -0.73427567],\n       [ 4.18164023,  8.39569357,  3.42525937,  2.45954311, -1.32274009,\n        -0.85966402],\n       [ 3.89073694,  8.15710935,  3.06774856,  2.4469817 , -0.79436216,\n        -0.43328854],\n       [ 3.83008226,  7.95741221,  2.80895622,  2.40379676, -0.33597842,\n        -0.20794001],\n       [ 4.05742636,  8.27924848,  3.41486703,  2.39090996, -1.25030097,\n        -0.76467189],\n       [ 3.76148476,  7.87146596,  2.67612613,  2.40871455, -0.12362071,\n        -0.1041672 ],\n       [ 3.72378176,  7.92414633,  2.58776791,  2.31352368,  0.06378257,\n        -0.03136492]]), array([0.37592687, 0.40474958, 0.41729703, 0.42438173, 0.43252298,\n       0.4402001 , 0.44495338]))"}, "1": {"maxiter": 100, "fatol": 1e-05, "xatol": 1e-10, "duration": 0.025944948196411133, "fun": "0.3759268701843609", "nit": "100", "nfev": "153", "status": "2", "success": "False", "message": "Maximum number of iterations has been exceeded.", "x": "[ 4.22228434  8.35973386  3.3951299   2.3212298  -1.24770903 -0.73427567]", "final_simplex": "(array([[ 4.22228434,  8.35973386,  3.3951299 ,  2.3212298 , -1.24770903,\n        -0.73427567],\n       [ 4.18164023,  8.39569357,  3.42525937,  2.45954311, -1.32274009,\n        -0.85966402],\n       [ 3.89073694,  8.15710935,  3.06774856,  2.4469817 , -0.79436216,\n        -0.43328854],\n       [ 3.83008226,  7.95741221,  2.80895622,  2.40379676, -0.33597842,\n        -0.20794001],\n       [ 4.05742636,  8.27924848,  3.41486703,  2.39090996, -1.25030097,\n        -0.76467189],\n       [ 3.76148476,  7.87146596,  2.67612613,  2.40871455, -0.12362071,\n        -0.1041672 ],\n       [ 3.72378176,  7.92414633,  2.58776791,  2.31352368,  0.06378257,\n        -0.03136492]]), array([0.37592687, 0.40474958, 0.41729703, 0.42438173, 0.43252298,\n       0.4402001 , 0.44495338]))"}, "2": {"maxiter": 100, "fatol": 1e-10, "xatol": 1e-05, "duration": 0.02630305290222168, "fun": "0.3759268701843609", "nit": "100", "nfev": "153", "status": "2", "success": "False", "message": "Maximum number of iterations has been exceeded.", "x": "[ 4.22228434  8.35973386  3.3951299   2.3212298  -1.24770903 -0.73427567]", "final_simplex": "(array([[ 4.22228434,  8.35973386,  3.3951299 ,  2.3212298 , -1.24770903,\n        -0.73427567],\n       [ 4.18164023,  8.39569357,  3.42525937,  2.45954311, -1.32274009,\n        -0.85966402],\n       [ 3.89073694,  8.15710935,  3.06774856,  2.4469817 , -0.79436216,\n        -0.43328854],\n       [ 3.83008226,  7.95741221,  2.80895622,  2.40379676, -0.33597842,\n        -0.20794001],\n       [ 4.05742636,  8.27924848,  3.41486703,  2.39090996, -1.25030097,\n        -0.76467189],\n       [ 3.76148476,  7.87146596,  2.67612613,  2.40871455, -0.12362071,\n        -0.1041672 ],\n       [ 3.72378176,  7.92414633,  2.58776791,  2.31352368,  0.06378257,\n        -0.03136492]]), array([0.37592687, 0.40474958, 0.41729703, 0.42438173, 0.43252298,\n       0.4402001 , 0.44495338]))"}, "3": {"maxiter": 100, "fatol": 1e-10, "xatol": 1e-10, "duration": 0.025936126708984375, "fun": "0.3759268701843609", "nit": "100", "nfev": "153", "status": "2", "success": "False", "message": "Maximum number of iterations has been exceeded.", "x": "[ 4.22228434  8.35973386  3.3951299   2.3212298  -1.24770903 -0.73427567]", "final_simplex": "(array([[ 4.22228434,  8.35973386,  3.3951299 ,  2.3212298 , -1.24770903,\n        -0.73427567],\n       [ 4.18164023,  8.39569357,  3.42525937,  2.45954311, -1.32274009,\n        -0.85966402],\n       [ 3.89073694,  8.15710935,  3.06774856,  2.4469817 , -0.79436216,\n        -0.43328854],\n       [ 3.83008226,  7.95741221,  2.80895622,  2.40379676, -0.33597842,\n        -0.20794001],\n       [ 4.05742636,  8.27924848,  3.41486703,  2.39090996, -1.25030097,\n        -0.76467189],\n       [ 3.76148476,  7.87146596,  2.67612613,  2.40871455, -0.12362071,\n        -0.1041672 ],\n       [ 3.72378176,  7.92414633,  2.58776791,  2.31352368,  0.06378257,\n        -0.03136492]]), array([0.37592687, 0.40474958, 0.41729703, 0.42438173, 0.43252298,\n       0.4402001 , 0.44495338]))"}, "4": {"maxiter": 500, "fatol": 1e-05, "xatol": 1e-05, "duration": 0.13065099716186523, "fun": "0.19879444462246854", "nit": "500", "nfev": "774", "status": "2", "success": "False", "message": "Maximum number of iterations has been exceeded.", "x": "[ 5.29112656e+00  8.06161761e+00  3.63352933e+00  1.85728303e+00\n -1.77178641e+00 -1.08624647e-03]", "final_simplex": "(array([[ 5.29112656e+00,  8.06161761e+00,  3.63352933e+00,\n         1.85728303e+00, -1.77178641e+00, -1.08624647e-03],\n       [ 5.29112547e+00,  8.06166226e+00,  3.63345969e+00,\n         1.85732265e+00, -1.77177358e+00, -1.11514985e-03],\n       [ 5.29111700e+00,  8.06161933e+00,  3.63350117e+00,\n         1.85732089e+00, -1.77175782e+00, -1.09882532e-03],\n       [ 5.29113439e+00,  8.06159863e+00,  3.63350466e+00,\n         1.85729562e+00, -1.77179810e+00, -1.11548989e-03],\n       [ 5.29114090e+00,  8.06160900e+00,  3.63351504e+00,\n         1.85729715e+00, -1.77174845e+00, -1.08877896e-03],\n       [ 5.29116282e+00,  8.06160240e+00,  3.63354788e+00,\n         1.85728220e+00, -1.77183001e+00, -1.08584861e-03],\n       [ 5.29112600e+00,  8.06158367e+00,  3.63352841e+00,\n         1.85728978e+00, -1.77180292e+00, -1.05242708e-03]]), array([0.19879444, 0.19879444, 0.19879444, 0.19879444, 0.19879444,\n       0.19879444, 0.19879444]))"}, "5": {"maxiter": 500, "fatol": 1e-05, "xatol": 1e-10, "duration": 0.1307229995727539, "fun": "0.19879444462246854", "nit": "500", "nfev": "774", "status": "2", "success": "False", "message": "Maximum number of iterations has been exceeded.", "x": "[ 5.29112656e+00  8.06161761e+00  3.63352933e+00  1.85728303e+00\n -1.77178641e+00 -1.08624647e-03]", "final_simplex": "(array([[ 5.29112656e+00,  8.06161761e+00,  3.63352933e+00,\n         1.85728303e+00, -1.77178641e+00, -1.08624647e-03],\n       [ 5.29112547e+00,  8.06166226e+00,  3.63345969e+00,\n         1.85732265e+00, -1.77177358e+00, -1.11514985e-03],\n       [ 5.29111700e+00,  8.06161933e+00,  3.63350117e+00,\n         1.85732089e+00, -1.77175782e+00, -1.09882532e-03],\n       [ 5.29113439e+00,  8.06159863e+00,  3.63350466e+00,\n         1.85729562e+00, -1.77179810e+00, -1.11548989e-03],\n       [ 5.29114090e+00,  8.06160900e+00,  3.63351504e+00,\n         1.85729715e+00, -1.77174845e+00, -1.08877896e-03],\n       [ 5.29116282e+00,  8.06160240e+00,  3.63354788e+00,\n         1.85728220e+00, -1.77183001e+00, -1.08584861e-03],\n       [ 5.29112600e+00,  8.06158367e+00,  3.63352841e+00,\n         1.85728978e+00, -1.77180292e+00, -1.05242708e-03]]), array([0.19879444, 0.19879444, 0.19879444, 0.19879444, 0.19879444,\n       0.19879444, 0.19879444]))"}, "6": {"maxiter": 500, "fatol": 1e-10, "xatol": 1e-05, "duration": 0.13046979904174805, "fun": "0.19879444462246854", "nit": "500", "nfev": "774", "status": "2", "success": "False", "message": "Maximum number of iterations has been exceeded.", "x": "[ 5.29112656e+00  8.06161761e+00  3.63352933e+00  1.85728303e+00\n -1.77178641e+00 -1.08624647e-03]", "final_simplex": "(array([[ 5.29112656e+00,  8.06161761e+00,  3.63352933e+00,\n         1.85728303e+00, -1.77178641e+00, -1.08624647e-03],\n       [ 5.29112547e+00,  8.06166226e+00,  3.63345969e+00,\n         1.85732265e+00, -1.77177358e+00, -1.11514985e-03],\n       [ 5.29111700e+00,  8.06161933e+00,  3.63350117e+00,\n         1.85732089e+00, -1.77175782e+00, -1.09882532e-03],\n       [ 5.29113439e+00,  8.06159863e+00,  3.63350466e+00,\n         1.85729562e+00, -1.77179810e+00, -1.11548989e-03],\n       [ 5.29114090e+00,  8.06160900e+00,  3.63351504e+00,\n         1.85729715e+00, -1.77174845e+00, -1.08877896e-03],\n       [ 5.29116282e+00,  8.06160240e+00,  3.63354788e+00,\n         1.85728220e+00, -1.77183001e+00, -1.08584861e-03],\n       [ 5.29112600e+00,  8.06158367e+00,  3.63352841e+00,\n         1.85728978e+00, -1.77180292e+00, -1.05242708e-03]]), array([0.19879444, 0.19879444, 0.19879444, 0.19879444, 0.19879444,\n       0.19879444, 0.19879444]))"}, "7": {"maxiter": 500, "fatol": 1e-10, "xatol": 1e-10, "duration": 0.13427400588989258, "fun": "0.19879444462246854", "nit": "500", "nfev": "774", "status": "2", "success": "False", "message": "Maximum number of iterations has been exceeded.", "x": "[ 5.29112656e+00  8.06161761e+00  3.63352933e+00  1.85728303e+00\n -1.77178641e+00 -1.08624647e-03]", "final_simplex": "(array([[ 5.29112656e+00,  8.06161761e+00,  3.63352933e+00,\n         1.85728303e+00, -1.77178641e+00, -1.08624647e-03],\n       [ 5.29112547e+00,  8.06166226e+00,  3.63345969e+00,\n         1.85732265e+00, -1.77177358e+00, -1.11514985e-03],\n       [ 5.29111700e+00,  8.06161933e+00,  3.63350117e+00,\n         1.85732089e+00, -1.77175782e+00, -1.09882532e-03],\n       [ 5.29113439e+00,  8.06159863e+00,  3.63350466e+00,\n         1.85729562e+00, -1.77179810e+00, -1.11548989e-03],\n       [ 5.29114090e+00,  8.06160900e+00,  3.63351504e+00,\n         1.85729715e+00, -1.77174845e+00, -1.08877896e-03],\n       [ 5.29116282e+00,  8.06160240e+00,  3.63354788e+00,\n         1.85728220e+00, -1.77183001e+00, -1.08584861e-03],\n       [ 5.29112600e+00,  8.06158367e+00,  3.63352841e+00,\n         1.85728978e+00, -1.77180292e+00, -1.05242708e-03]]), array([0.19879444, 0.19879444, 0.19879444, 0.19879444, 0.19879444,\n       0.19879444, 0.19879444]))"}, "8": {"maxiter": 1000, "fatol": 1e-05, "xatol": 1e-05, "duration": 0.13569903373718262, "fun": "0.19879444447282146", "nit": "532", "nfev": "828", "status": "0", "success": "True", "message": "Optimization terminated successfully.", "x": "[ 5.29114609e+00  8.06163908e+00  3.63349226e+00  1.85729615e+00\n -1.77179565e+00 -1.11177745e-03]", "final_simplex": "(array([[ 5.29114609e+00,  8.06163908e+00,  3.63349226e+00,\n         1.85729615e+00, -1.77179565e+00, -1.11177745e-03],\n       [ 5.29114718e+00,  8.06164107e+00,  3.63348471e+00,\n         1.85729855e+00, -1.77179371e+00, -1.11519734e-03],\n       [ 5.29114637e+00,  8.06163993e+00,  3.63349267e+00,\n         1.85729765e+00, -1.77179165e+00, -1.11352459e-03],\n       [ 5.29114720e+00,  8.06164531e+00,  3.63348530e+00,\n         1.85729795e+00, -1.77179482e+00, -1.11771280e-03],\n       [ 5.29114351e+00,  8.06163866e+00,  3.63349135e+00,\n         1.85730109e+00, -1.77179063e+00, -1.11595848e-03],\n       [ 5.29114913e+00,  8.06164192e+00,  3.63349085e+00,\n         1.85729880e+00, -1.77179548e+00, -1.11775827e-03],\n       [ 5.29114768e+00,  8.06163841e+00,  3.63349513e+00,\n         1.85729589e+00, -1.77179475e+00, -1.11730013e-03]]), array([0.19879444, 0.19879444, 0.19879444, 0.19879444, 0.19879444,\n       0.19879444, 0.19879444]))"}, "9": {"maxiter": 1000, "fatol": 1e-05, "xatol": 1e-10, "duration": 0.18176722526550293, "fun": "0.19879444447038097", "nit": "653", "nfev": "1082", "status": "0", "success": "True", "message": "Optimization terminated successfully.", "x": "[ 5.29114439e+00  8.06163974e+00  3.63348957e+00  1.85729638e+00\n -1.77179114e+00 -1.11410297e-03]", "final_simplex": "(array([[ 5.29114439e+00,  8.06163974e+00,  3.63348957e+00,\n         1.85729638e+00, -1.77179114e+00, -1.11410297e-03],\n       [ 5.29114439e+00,  8.06163974e+00,  3.63348957e+00,\n         1.85729638e+00, -1.77179114e+00, -1.11410294e-03],\n       [ 5.29114439e+00,  8.06163974e+00,  3.63348957e+00,\n         1.85729638e+00, -1.77179114e+00, -1.11410294e-03],\n       [ 5.29114439e+00,  8.06163974e+00,  3.63348957e+00,\n         1.85729638e+00, -1.77179114e+00, -1.11410295e-03],\n       [ 5.29114439e+00,  8.06163974e+00,  3.63348957e+00,\n         1.85729638e+00, -1.77179114e+00, -1.11410293e-03],\n       [ 5.29114439e+00,  8.06163974e+00,  3.63348957e+00,\n         1.85729638e+00, -1.77179114e+00, -1.11410296e-03],\n       [ 5.29114439e+00,  8.06163974e+00,  3.63348957e+00,\n         1.85729638e+00, -1.77179114e+00, -1.11410296e-03]]), array([0.19879444, 0.19879444, 0.19879444, 0.19879444, 0.19879444,\n       0.19879444, 0.19879444]))"}, "10": {"maxiter": 1000, "fatol": 1e-10, "xatol": 1e-05, "duration": 0.14026808738708496, "fun": "0.19879444447282146", "nit": "532", "nfev": "828", "status": "0", "success": "True", "message": "Optimization terminated successfully.", "x": "[ 5.29114609e+00  8.06163908e+00  3.63349226e+00  1.85729615e+00\n -1.77179565e+00 -1.11177745e-03]", "final_simplex": "(array([[ 5.29114609e+00,  8.06163908e+00,  3.63349226e+00,\n         1.85729615e+00, -1.77179565e+00, -1.11177745e-03],\n       [ 5.29114718e+00,  8.06164107e+00,  3.63348471e+00,\n         1.85729855e+00, -1.77179371e+00, -1.11519734e-03],\n       [ 5.29114637e+00,  8.06163993e+00,  3.63349267e+00,\n         1.85729765e+00, -1.77179165e+00, -1.11352459e-03],\n       [ 5.29114720e+00,  8.06164531e+00,  3.63348530e+00,\n         1.85729795e+00, -1.77179482e+00, -1.11771280e-03],\n       [ 5.29114351e+00,  8.06163866e+00,  3.63349135e+00,\n         1.85730109e+00, -1.77179063e+00, -1.11595848e-03],\n       [ 5.29114913e+00,  8.06164192e+00,  3.63349085e+00,\n         1.85729880e+00, -1.77179548e+00, -1.11775827e-03],\n       [ 5.29114768e+00,  8.06163841e+00,  3.63349513e+00,\n         1.85729589e+00, -1.77179475e+00, -1.11730013e-03]]), array([0.19879444, 0.19879444, 0.19879444, 0.19879444, 0.19879444,\n       0.19879444, 0.19879444]))"}, "11": {"maxiter": 1000, "fatol": 1e-10, "xatol": 1e-10, "duration": 0.18219685554504395, "fun": "0.19879444447038097", "nit": "653", "nfev": "1082", "status": "0", "success": "True", "message": "Optimization terminated successfully.", "x": "[ 5.29114439e+00  8.06163974e+00  3.63348957e+00  1.85729638e+00\n -1.77179114e+00 -1.11410297e-03]", "final_simplex": "(array([[ 5.29114439e+00,  8.06163974e+00,  3.63348957e+00,\n         1.85729638e+00, -1.77179114e+00, -1.11410297e-03],\n       [ 5.29114439e+00,  8.06163974e+00,  3.63348957e+00,\n         1.85729638e+00, -1.77179114e+00, -1.11410294e-03],\n       [ 5.29114439e+00,  8.06163974e+00,  3.63348957e+00,\n         1.85729638e+00, -1.77179114e+00, -1.11410294e-03],\n       [ 5.29114439e+00,  8.06163974e+00,  3.63348957e+00,\n         1.85729638e+00, -1.77179114e+00, -1.11410295e-03],\n       [ 5.29114439e+00,  8.06163974e+00,  3.63348957e+00,\n         1.85729638e+00, -1.77179114e+00, -1.11410293e-03],\n       [ 5.29114439e+00,  8.06163974e+00,  3.63348957e+00,\n         1.85729638e+00, -1.77179114e+00, -1.11410296e-03],\n       [ 5.29114439e+00,  8.06163974e+00,  3.63348957e+00,\n         1.85729638e+00, -1.77179114e+00, -1.11410296e-03]]), array([0.19879444, 0.19879444, 0.19879444, 0.19879444, 0.19879444,\n       0.19879444, 0.19879444]))"}}, "bfgs": {"type": "gradient", "0": {"maxiter": 100, "gtol": 1e-05, "xrtol": 1e-05, "eps": 1e-05, "duration": 0.053568124771118164, "fun": "0.19879444456104833", "jac": "[-2.15129026e-06  7.07345293e-07  1.50491841e-06  5.96189764e-07\n -2.26707542e-06  3.33714167e-06]", "hess_inv": "[[ 5.01664457  0.15279498  0.02481334  0.03430601 -3.70796918 -1.46175191]\n [ 0.15279498  6.76480918 -4.24240235 -0.47169555  0.50636587 -3.93680392]\n [ 0.02481334 -4.24240235  6.74332162 -1.95753715 -0.86608894  3.50514949]\n [ 0.03430601 -0.47169555 -1.95753715  3.80436342  0.84682848 -0.68423756]\n [-3.70796918  0.50636587 -0.86608894  0.84682848  8.20942908 -0.58797608]\n [-1.46175191 -3.93680392  3.50514949 -0.68423756 -0.58797608  7.10875946]]", "nfev": "308", "njev": "44", "status": "0", "success": "True", "message": "Optimization terminated successfully.", "x": "[ 5.29113271e+00  8.06161990e+00  3.63350597e+00  1.85728959e+00\n -1.77180509e+00 -1.08504974e-03]", "nit": "40"}, "1": {"maxiter": 100, "gtol": 1e-05, "xrtol": 1e-05, "eps": 1e-10, "duration": 0.05594611167907715, "fun": "0.19879444453933026", "jac": "[5.55111466e-06 2.22044587e-06 3.33066880e-06 0.00000000e+00\n 2.22044587e-06 4.44089210e-06]", "hess_inv": "[[ 5.11388492 -0.01257795  0.08329929  0.19602369 -3.78914772 -1.4307761 ]\n [-0.01257795  6.22056104 -4.21805447 -0.16426019  1.05747161 -3.83299821]\n [ 0.08329929 -4.21805447  6.57706483 -1.72749111 -1.03303672  3.39505644]\n [ 0.19602369 -0.16426019 -1.72749111  3.53120323  0.37272945 -0.56315609]\n [-3.78914772  1.05747161 -1.03303672  0.37272945  7.53798207 -0.56723404]\n [-1.4307761  -3.83299821  3.39505644 -0.56315609 -0.56723404  6.84081071]]", "nfev": "322", "njev": "46", "status": "0", "success": "True", "message": "Optimization terminated successfully.", "x": "[ 5.29114441e+00  8.06162434e+00  3.63350284e+00  1.85729508e+00\n -1.77178195e+00 -1.08911533e-03]", "nit": "42"}, "2": {"maxiter": 100, "gtol": 1e-05, "xrtol": 1e-10, "eps": 1e-05, "duration": 0.05347299575805664, "fun": "0.19879444456104833", "jac": "[-2.15129026e-06  7.07345293e-07  1.50491841e-06  5.96189764e-07\n -2.26707542e-06  3.33714167e-06]", "hess_inv": "[[ 5.01664457  0.15279498  0.02481334  0.03430601 -3.70796918 -1.46175191]\n [ 0.15279498  6.76480918 -4.24240235 -0.47169555  0.50636587 -3.93680392]\n [ 0.02481334 -4.24240235  6.74332162 -1.95753715 -0.86608894  3.50514949]\n [ 0.03430601 -0.47169555 -1.95753715  3.80436342  0.84682848 -0.68423756]\n [-3.70796918  0.50636587 -0.86608894  0.84682848  8.20942908 -0.58797608]\n [-1.46175191 -3.93680392  3.50514949 -0.68423756 -0.58797608  7.10875946]]", "nfev": "308", "njev": "44", "status": "0", "success": "True", "message": "Optimization terminated successfully.", "x": "[ 5.29113271e+00  8.06161990e+00  3.63350597e+00  1.85728959e+00\n -1.77180509e+00 -1.08504974e-03]", "nit": "40"}, "3": {"maxiter": 100, "gtol": 1e-05, "xrtol": 1e-10, "eps": 1e-10, "duration": 0.056021690368652344, "fun": "0.19879444453933026", "jac": "[5.55111466e-06 2.22044587e-06 3.33066880e-06 0.00000000e+00\n 2.22044587e-06 4.44089210e-06]", "hess_inv": "[[ 5.11388492 -0.01257795  0.08329929  0.19602369 -3.78914772 -1.4307761 ]\n [-0.01257795  6.22056104 -4.21805447 -0.16426019  1.05747161 -3.83299821]\n [ 0.08329929 -4.21805447  6.57706483 -1.72749111 -1.03303672  3.39505644]\n [ 0.19602369 -0.16426019 -1.72749111  3.53120323  0.37272945 -0.56315609]\n [-3.78914772  1.05747161 -1.03303672  0.37272945  7.53798207 -0.56723404]\n [-1.4307761  -3.83299821  3.39505644 -0.56315609 -0.56723404  6.84081071]]", "nfev": "322", "njev": "46", "status": "0", "success": "True", "message": "Optimization terminated successfully.", "x": "[ 5.29114441e+00  8.06162434e+00  3.63350284e+00  1.85729508e+00\n -1.77178195e+00 -1.08911533e-03]", "nit": "42"}, "4": {"maxiter": 100, "gtol": 1e-10, "xrtol": 1e-05, "eps": 1e-05, "duration": 0.05490994453430176, "fun": "0.19879444448362882", "jac": "[ 1.63102865e-07 -5.58009194e-07 -1.11688436e-07  3.02291525e-07\n  3.11295434e-07 -5.60884672e-08]", "hess_inv": "[[ 5.04853234  0.2195014  -0.0521047   0.05368205 -3.65454948 -1.58645599]\n [ 0.2195014   6.76460045 -4.19398724 -0.51396962  0.52084306 -3.98340949]\n [-0.0521047  -4.19398724  6.61533956 -1.88024706 -0.84925147  3.48503008]\n [ 0.05368205 -0.51396962 -1.88024706  3.76707164  0.82165179 -0.63305465]\n [-3.65454948  0.52084306 -0.84925147  0.82165179  8.23121558 -0.6477509 ]\n [-1.58645599 -3.98340949  3.48503008 -0.63305465 -0.6477509   7.26793852]]", "nfev": "315", "njev": "45", "status": "0", "success": "True", "message": "Optimization terminated successfully.", "x": "[ 5.29114047e+00  8.06163667e+00  3.63348644e+00  1.85729463e+00\n -1.77179171e+00 -1.11623493e-03]", "nit": "41"}, "5": {"maxiter": 100, "gtol": 1e-10, "xrtol": 1e-05, "eps": 1e-10, "duration": 0.0574948787689209, "fun": "0.19879444449111605", "jac": "[-2.22044587e-06 -3.33066880e-06 -4.44089173e-06 -1.11022293e-06\n  0.00000000e+00 -2.22044605e-06]", "hess_inv": "[[ 4.63946998  0.18989606 -0.53307473  0.3664346  -3.45358023 -1.83671122]\n [ 0.18989606  7.05004029 -4.73997951 -0.06297236  0.72194536 -4.88351437]\n [-0.53307473 -4.73997951  6.44904186 -1.65523314 -0.43223362  3.91650657]\n [ 0.3664346  -0.06297236 -1.65523314  3.50305396  0.21565442 -0.64985491]\n [-3.45358023  0.72194536 -0.43223362  0.21565442  7.34100496 -0.02314989]\n [-1.83671122 -4.88351437  3.91650657 -0.64985491 -0.02314989  8.12859497]]", "nfev": "329", "njev": "47", "status": "0", "success": "True", "message": "Optimization terminated successfully.", "x": "[ 5.29113583e+00  8.06164351e+00  3.63347841e+00  1.85730111e+00\n -1.77177914e+00 -1.11716735e-03]", "nit": "43"}, "6": {"maxiter": 100, "gtol": 1e-10, "xrtol": 1e-10, "eps": 1e-05, "duration": 0.08694314956665039, "fun": "0.19879444448342787", "jac": "[ 1.18183241e-07 -3.74011933e-07 -6.74238443e-08  2.00850447e-07\n  2.13196127e-07 -4.11448653e-08]", "hess_inv": "[[ 5.04143818  0.2007897  -0.09948409  0.10899902 -3.58659501 -1.62780886]\n [ 0.2007897   6.80112694 -4.613073   -0.18114473  0.96136427 -4.39606495]\n [-0.09948409 -4.613073    6.82680958 -1.73104859 -0.72559815  3.73799039]\n [ 0.10899902 -0.18114473 -1.73104859  3.37475172  0.36586872 -0.52414183]\n [-3.58659501  0.96136427 -0.72559815  0.36586872  7.71015271 -0.57390273]\n [-1.62780886 -4.39606495  3.73799039 -0.52414183 -0.57390273  7.55628538]]", "nfev": "500", "njev": "70", "status": "2", "success": "False", "message": "Desired error not necessarily achieved due to precision loss.", "x": "[ 5.29114060e+00  8.06163757e+00  3.63348620e+00  1.85729413e+00\n -1.77179220e+00 -1.11658283e-03]", "nit": "42"}, "7": {"maxiter": 100, "gtol": 1e-10, "xrtol": 1e-10, "eps": 1e-10, "duration": 0.07560014724731445, "fun": "0.19879444447271044", "jac": "[ 0.00000000e+00  3.33066880e-06  1.11022293e-06  1.11022293e-06\n -1.11022293e-06 -1.11022302e-06]", "hess_inv": "[[ 4.82936213 -0.71649894  0.69714037 -0.92072857 -2.01156894 -0.90828969]\n [-0.71649894  1.09623426 -0.26611546 -1.38353335 -0.48885058 -0.03632663]\n [ 0.69714037 -0.26611546  3.14136216 -1.12091352 -0.14694    -0.6698255 ]\n [-0.92072857 -1.38353335 -1.12091352  4.38678408 -0.13377187  1.37376945]\n [-2.01156894 -0.48885058 -0.14694    -0.13377187  4.18498052 -1.48767489]\n [-0.90828969 -0.03632663 -0.6698255   1.37376945 -1.48767489  2.89489238]]", "nfev": "434", "njev": "62", "status": "0", "success": "True", "message": "Optimization terminated successfully.", "x": "[ 5.29114363e+00  8.06164113e+00  3.63349102e+00  1.85729743e+00\n -1.77178973e+00 -1.11307266e-03]", "nit": "47"}, "8": {"maxiter": 500, "gtol": 1e-05, "xrtol": 1e-05, "eps": 1e-05, "duration": 0.05359315872192383, "fun": "0.19879444456104833", "jac": "[-2.15129026e-06  7.07345293e-07  1.50491841e-06  5.96189764e-07\n -2.26707542e-06  3.33714167e-06]", "hess_inv": "[[ 5.01664457  0.15279498  0.02481334  0.03430601 -3.70796918 -1.46175191]\n [ 0.15279498  6.76480918 -4.24240235 -0.47169555  0.50636587 -3.93680392]\n [ 0.02481334 -4.24240235  6.74332162 -1.95753715 -0.86608894  3.50514949]\n [ 0.03430601 -0.47169555 -1.95753715  3.80436342  0.84682848 -0.68423756]\n [-3.70796918  0.50636587 -0.86608894  0.84682848  8.20942908 -0.58797608]\n [-1.46175191 -3.93680392  3.50514949 -0.68423756 -0.58797608  7.10875946]]", "nfev": "308", "njev": "44", "status": "0", "success": "True", "message": "Optimization terminated successfully.", "x": "[ 5.29113271e+00  8.06161990e+00  3.63350597e+00  1.85728959e+00\n -1.77180509e+00 -1.08504974e-03]", "nit": "40"}, "9": {"maxiter": 500, "gtol": 1e-05, "xrtol": 1e-05, "eps": 1e-10, "duration": 0.05509471893310547, "fun": "0.19879444453933026", "jac": "[5.55111466e-06 2.22044587e-06 3.33066880e-06 0.00000000e+00\n 2.22044587e-06 4.44089210e-06]", "hess_inv": "[[ 5.11388492 -0.01257795  0.08329929  0.19602369 -3.78914772 -1.4307761 ]\n [-0.01257795  6.22056104 -4.21805447 -0.16426019  1.05747161 -3.83299821]\n [ 0.08329929 -4.21805447  6.57706483 -1.72749111 -1.03303672  3.39505644]\n [ 0.19602369 -0.16426019 -1.72749111  3.53120323  0.37272945 -0.56315609]\n [-3.78914772  1.05747161 -1.03303672  0.37272945  7.53798207 -0.56723404]\n [-1.4307761  -3.83299821  3.39505644 -0.56315609 -0.56723404  6.84081071]]", "nfev": "322", "njev": "46", "status": "0", "success": "True", "message": "Optimization terminated successfully.", "x": "[ 5.29114441e+00  8.06162434e+00  3.63350284e+00  1.85729508e+00\n -1.77178195e+00 -1.08911533e-03]", "nit": "42"}, "10": {"maxiter": 500, "gtol": 1e-05, "xrtol": 1e-10, "eps": 1e-05, "duration": 0.05257606506347656, "fun": "0.19879444456104833", "jac": "[-2.15129026e-06  7.07345293e-07  1.50491841e-06  5.96189764e-07\n -2.26707542e-06  3.33714167e-06]", "hess_inv": "[[ 5.01664457  0.15279498  0.02481334  0.03430601 -3.70796918 -1.46175191]\n [ 0.15279498  6.76480918 -4.24240235 -0.47169555  0.50636587 -3.93680392]\n [ 0.02481334 -4.24240235  6.74332162 -1.95753715 -0.86608894  3.50514949]\n [ 0.03430601 -0.47169555 -1.95753715  3.80436342  0.84682848 -0.68423756]\n [-3.70796918  0.50636587 -0.86608894  0.84682848  8.20942908 -0.58797608]\n [-1.46175191 -3.93680392  3.50514949 -0.68423756 -0.58797608  7.10875946]]", "nfev": "308", "njev": "44", "status": "0", "success": "True", "message": "Optimization terminated successfully.", "x": "[ 5.29113271e+00  8.06161990e+00  3.63350597e+00  1.85728959e+00\n -1.77180509e+00 -1.08504974e-03]", "nit": "40"}, "11": {"maxiter": 500, "gtol": 1e-05, "xrtol": 1e-10, "eps": 1e-10, "duration": 0.05540895462036133, "fun": "0.19879444453933026", "jac": "[5.55111466e-06 2.22044587e-06 3.33066880e-06 0.00000000e+00\n 2.22044587e-06 4.44089210e-06]", "hess_inv": "[[ 5.11388492 -0.01257795  0.08329929  0.19602369 -3.78914772 -1.4307761 ]\n [-0.01257795  6.22056104 -4.21805447 -0.16426019  1.05747161 -3.83299821]\n [ 0.08329929 -4.21805447  6.57706483 -1.72749111 -1.03303672  3.39505644]\n [ 0.19602369 -0.16426019 -1.72749111  3.53120323  0.37272945 -0.56315609]\n [-3.78914772  1.05747161 -1.03303672  0.37272945  7.53798207 -0.56723404]\n [-1.4307761  -3.83299821  3.39505644 -0.56315609 -0.56723404  6.84081071]]", "nfev": "322", "njev": "46", "status": "0", "success": "True", "message": "Optimization terminated successfully.", "x": "[ 5.29114441e+00  8.06162434e+00  3.63350284e+00  1.85729508e+00\n -1.77178195e+00 -1.08911533e-03]", "nit": "42"}, "12": {"maxiter": 500, "gtol": 1e-10, "xrtol": 1e-05, "eps": 1e-05, "duration": 0.055325984954833984, "fun": "0.19879444448362882", "jac": "[ 1.63102865e-07 -5.58009194e-07 -1.11688436e-07  3.02291525e-07\n  3.11295434e-07 -5.60884672e-08]", "hess_inv": "[[ 5.04853234  0.2195014  -0.0521047   0.05368205 -3.65454948 -1.58645599]\n [ 0.2195014   6.76460045 -4.19398724 -0.51396962  0.52084306 -3.98340949]\n [-0.0521047  -4.19398724  6.61533956 -1.88024706 -0.84925147  3.48503008]\n [ 0.05368205 -0.51396962 -1.88024706  3.76707164  0.82165179 -0.63305465]\n [-3.65454948  0.52084306 -0.84925147  0.82165179  8.23121558 -0.6477509 ]\n [-1.58645599 -3.98340949  3.48503008 -0.63305465 -0.6477509   7.26793852]]", "nfev": "315", "njev": "45", "status": "0", "success": "True", "message": "Optimization terminated successfully.", "x": "[ 5.29114047e+00  8.06163667e+00  3.63348644e+00  1.85729463e+00\n -1.77179171e+00 -1.11623493e-03]", "nit": "41"}, "13": {"maxiter": 500, "gtol": 1e-10, "xrtol": 1e-05, "eps": 1e-10, "duration": 0.05800294876098633, "fun": "0.19879444449111605", "jac": "[-2.22044587e-06 -3.33066880e-06 -4.44089173e-06 -1.11022293e-06\n  0.00000000e+00 -2.22044605e-06]", "hess_inv": "[[ 4.63946998  0.18989606 -0.53307473  0.3664346  -3.45358023 -1.83671122]\n [ 0.18989606  7.05004029 -4.73997951 -0.06297236  0.72194536 -4.88351437]\n [-0.53307473 -4.73997951  6.44904186 -1.65523314 -0.43223362  3.91650657]\n [ 0.3664346  -0.06297236 -1.65523314  3.50305396  0.21565442 -0.64985491]\n [-3.45358023  0.72194536 -0.43223362  0.21565442  7.34100496 -0.02314989]\n [-1.83671122 -4.88351437  3.91650657 -0.64985491 -0.02314989  8.12859497]]", "nfev": "329", "njev": "47", "status": "0", "success": "True", "message": "Optimization terminated successfully.", "x": "[ 5.29113583e+00  8.06164351e+00  3.63347841e+00  1.85730111e+00\n -1.77177914e+00 -1.11716735e-03]", "nit": "43"}, "14": {"maxiter": 500, "gtol": 1e-10, "xrtol": 1e-10, "eps": 1e-05, "duration": 0.08552408218383789, "fun": "0.19879444448342787", "jac": "[ 1.18183241e-07 -3.74011933e-07 -6.74238443e-08  2.00850447e-07\n  2.13196127e-07 -4.11448653e-08]", "hess_inv": "[[ 5.04143818  0.2007897  -0.09948409  0.10899902 -3.58659501 -1.62780886]\n [ 0.2007897   6.80112694 -4.613073   -0.18114473  0.96136427 -4.39606495]\n [-0.09948409 -4.613073    6.82680958 -1.73104859 -0.72559815  3.73799039]\n [ 0.10899902 -0.18114473 -1.73104859  3.37475172  0.36586872 -0.52414183]\n [-3.58659501  0.96136427 -0.72559815  0.36586872  7.71015271 -0.57390273]\n [-1.62780886 -4.39606495  3.73799039 -0.52414183 -0.57390273  7.55628538]]", "nfev": "500", "njev": "70", "status": "2", "success": "False", "message": "Desired error not necessarily achieved due to precision loss.", "x": "[ 5.29114060e+00  8.06163757e+00  3.63348620e+00  1.85729413e+00\n -1.77179220e+00 -1.11658283e-03]", "nit": "42"}, "15": {"maxiter": 500, "gtol": 1e-10, "xrtol": 1e-10, "eps": 1e-10, "duration": 0.07506084442138672, "fun": "0.19879444447271044", "jac": "[ 0.00000000e+00  3.33066880e-06  1.11022293e-06  1.11022293e-06\n -1.11022293e-06 -1.11022302e-06]", "hess_inv": "[[ 4.82936213 -0.71649894  0.69714037 -0.92072857 -2.01156894 -0.90828969]\n [-0.71649894  1.09623426 -0.26611546 -1.38353335 -0.48885058 -0.03632663]\n [ 0.69714037 -0.26611546  3.14136216 -1.12091352 -0.14694    -0.6698255 ]\n [-0.92072857 -1.38353335 -1.12091352  4.38678408 -0.13377187  1.37376945]\n [-2.01156894 -0.48885058 -0.14694    -0.13377187  4.18498052 -1.48767489]\n [-0.90828969 -0.03632663 -0.6698255   1.37376945 -1.48767489  2.89489238]]", "nfev": "434", "njev": "62", "status": "0", "success": "True", "message": "Optimization terminated successfully.", "x": "[ 5.29114363e+00  8.06164113e+00  3.63349102e+00  1.85729743e+00\n -1.77178973e+00 -1.11307266e-03]", "nit": "47"}, "16": {"maxiter": 1000, "gtol": 1e-05, "xrtol": 1e-05, "eps": 1e-05, "duration": 0.054131269454956055, "fun": "0.19879444456104833", "jac": "[-2.15129026e-06  7.07345293e-07  1.50491841e-06  5.96189764e-07\n -2.26707542e-06  3.33714167e-06]", "hess_inv": "[[ 5.01664457  0.15279498  0.02481334  0.03430601 -3.70796918 -1.46175191]\n [ 0.15279498  6.76480918 -4.24240235 -0.47169555  0.50636587 -3.93680392]\n [ 0.02481334 -4.24240235  6.74332162 -1.95753715 -0.86608894  3.50514949]\n [ 0.03430601 -0.47169555 -1.95753715  3.80436342  0.84682848 -0.68423756]\n [-3.70796918  0.50636587 -0.86608894  0.84682848  8.20942908 -0.58797608]\n [-1.46175191 -3.93680392  3.50514949 -0.68423756 -0.58797608  7.10875946]]", "nfev": "308", "njev": "44", "status": "0", "success": "True", "message": "Optimization terminated successfully.", "x": "[ 5.29113271e+00  8.06161990e+00  3.63350597e+00  1.85728959e+00\n -1.77180509e+00 -1.08504974e-03]", "nit": "40"}, "17": {"maxiter": 1000, "gtol": 1e-05, "xrtol": 1e-05, "eps": 1e-10, "duration": 0.05816173553466797, "fun": "0.19879444453933026", "jac": "[5.55111466e-06 2.22044587e-06 3.33066880e-06 0.00000000e+00\n 2.22044587e-06 4.44089210e-06]", "hess_inv": "[[ 5.11388492 -0.01257795  0.08329929  0.19602369 -3.78914772 -1.4307761 ]\n [-0.01257795  6.22056104 -4.21805447 -0.16426019  1.05747161 -3.83299821]\n [ 0.08329929 -4.21805447  6.57706483 -1.72749111 -1.03303672  3.39505644]\n [ 0.19602369 -0.16426019 -1.72749111  3.53120323  0.37272945 -0.56315609]\n [-3.78914772  1.05747161 -1.03303672  0.37272945  7.53798207 -0.56723404]\n [-1.4307761  -3.83299821  3.39505644 -0.56315609 -0.56723404  6.84081071]]", "nfev": "322", "njev": "46", "status": "0", "success": "True", "message": "Optimization terminated successfully.", "x": "[ 5.29114441e+00  8.06162434e+00  3.63350284e+00  1.85729508e+00\n -1.77178195e+00 -1.08911533e-03]", "nit": "42"}, "18": {"maxiter": 1000, "gtol": 1e-05, "xrtol": 1e-10, "eps": 1e-05, "duration": 0.05556011199951172, "fun": "0.19879444456104833", "jac": "[-2.15129026e-06  7.07345293e-07  1.50491841e-06  5.96189764e-07\n -2.26707542e-06  3.33714167e-06]", "hess_inv": "[[ 5.01664457  0.15279498  0.02481334  0.03430601 -3.70796918 -1.46175191]\n [ 0.15279498  6.76480918 -4.24240235 -0.47169555  0.50636587 -3.93680392]\n [ 0.02481334 -4.24240235  6.74332162 -1.95753715 -0.86608894  3.50514949]\n [ 0.03430601 -0.47169555 -1.95753715  3.80436342  0.84682848 -0.68423756]\n [-3.70796918  0.50636587 -0.86608894  0.84682848  8.20942908 -0.58797608]\n [-1.46175191 -3.93680392  3.50514949 -0.68423756 -0.58797608  7.10875946]]", "nfev": "308", "njev": "44", "status": "0", "success": "True", "message": "Optimization terminated successfully.", "x": "[ 5.29113271e+00  8.06161990e+00  3.63350597e+00  1.85728959e+00\n -1.77180509e+00 -1.08504974e-03]", "nit": "40"}, "19": {"maxiter": 1000, "gtol": 1e-05, "xrtol": 1e-10, "eps": 1e-10, "duration": 0.05804276466369629, "fun": "0.19879444453933026", "jac": "[5.55111466e-06 2.22044587e-06 3.33066880e-06 0.00000000e+00\n 2.22044587e-06 4.44089210e-06]", "hess_inv": "[[ 5.11388492 -0.01257795  0.08329929  0.19602369 -3.78914772 -1.4307761 ]\n [-0.01257795  6.22056104 -4.21805447 -0.16426019  1.05747161 -3.83299821]\n [ 0.08329929 -4.21805447  6.57706483 -1.72749111 -1.03303672  3.39505644]\n [ 0.19602369 -0.16426019 -1.72749111  3.53120323  0.37272945 -0.56315609]\n [-3.78914772  1.05747161 -1.03303672  0.37272945  7.53798207 -0.56723404]\n [-1.4307761  -3.83299821  3.39505644 -0.56315609 -0.56723404  6.84081071]]", "nfev": "322", "njev": "46", "status": "0", "success": "True", "message": "Optimization terminated successfully.", "x": "[ 5.29114441e+00  8.06162434e+00  3.63350284e+00  1.85729508e+00\n -1.77178195e+00 -1.08911533e-03]", "nit": "42"}, "20": {"maxiter": 1000, "gtol": 1e-10, "xrtol": 1e-05, "eps": 1e-05, "duration": 0.05685305595397949, "fun": "0.19879444448362882", "jac": "[ 1.63102865e-07 -5.58009194e-07 -1.11688436e-07  3.02291525e-07\n  3.11295434e-07 -5.60884672e-08]", "hess_inv": "[[ 5.04853234  0.2195014  -0.0521047   0.05368205 -3.65454948 -1.58645599]\n [ 0.2195014   6.76460045 -4.19398724 -0.51396962  0.52084306 -3.98340949]\n [-0.0521047  -4.19398724  6.61533956 -1.88024706 -0.84925147  3.48503008]\n [ 0.05368205 -0.51396962 -1.88024706  3.76707164  0.82165179 -0.63305465]\n [-3.65454948  0.52084306 -0.84925147  0.82165179  8.23121558 -0.6477509 ]\n [-1.58645599 -3.98340949  3.48503008 -0.63305465 -0.6477509   7.26793852]]", "nfev": "315", "njev": "45", "status": "0", "success": "True", "message": "Optimization terminated successfully.", "x": "[ 5.29114047e+00  8.06163667e+00  3.63348644e+00  1.85729463e+00\n -1.77179171e+00 -1.11623493e-03]", "nit": "41"}, "21": {"maxiter": 1000, "gtol": 1e-10, "xrtol": 1e-05, "eps": 1e-10, "duration": 0.05931591987609863, "fun": "0.19879444449111605", "jac": "[-2.22044587e-06 -3.33066880e-06 -4.44089173e-06 -1.11022293e-06\n  0.00000000e+00 -2.22044605e-06]", "hess_inv": "[[ 4.63946998  0.18989606 -0.53307473  0.3664346  -3.45358023 -1.83671122]\n [ 0.18989606  7.05004029 -4.73997951 -0.06297236  0.72194536 -4.88351437]\n [-0.53307473 -4.73997951  6.44904186 -1.65523314 -0.43223362  3.91650657]\n [ 0.3664346  -0.06297236 -1.65523314  3.50305396  0.21565442 -0.64985491]\n [-3.45358023  0.72194536 -0.43223362  0.21565442  7.34100496 -0.02314989]\n [-1.83671122 -4.88351437  3.91650657 -0.64985491 -0.02314989  8.12859497]]", "nfev": "329", "njev": "47", "status": "0", "success": "True", "message": "Optimization terminated successfully.", "x": "[ 5.29113583e+00  8.06164351e+00  3.63347841e+00  1.85730111e+00\n -1.77177914e+00 -1.11716735e-03]", "nit": "43"}, "22": {"maxiter": 1000, "gtol": 1e-10, "xrtol": 1e-10, "eps": 1e-05, "duration": 0.08937788009643555, "fun": "0.19879444448342787", "jac": "[ 1.18183241e-07 -3.74011933e-07 -6.74238443e-08  2.00850447e-07\n  2.13196127e-07 -4.11448653e-08]", "hess_inv": "[[ 5.04143818  0.2007897  -0.09948409  0.10899902 -3.58659501 -1.62780886]\n [ 0.2007897   6.80112694 -4.613073   -0.18114473  0.96136427 -4.39606495]\n [-0.09948409 -4.613073    6.82680958 -1.73104859 -0.72559815  3.73799039]\n [ 0.10899902 -0.18114473 -1.73104859  3.37475172  0.36586872 -0.52414183]\n [-3.58659501  0.96136427 -0.72559815  0.36586872  7.71015271 -0.57390273]\n [-1.62780886 -4.39606495  3.73799039 -0.52414183 -0.57390273  7.55628538]]", "nfev": "500", "njev": "70", "status": "2", "success": "False", "message": "Desired error not necessarily achieved due to precision loss.", "x": "[ 5.29114060e+00  8.06163757e+00  3.63348620e+00  1.85729413e+00\n -1.77179220e+00 -1.11658283e-03]", "nit": "42"}, "23": {"maxiter": 1000, "gtol": 1e-10, "xrtol": 1e-10, "eps": 1e-10, "duration": 0.07791471481323242, "fun": "0.19879444447271044", "jac": "[ 0.00000000e+00  3.33066880e-06  1.11022293e-06  1.11022293e-06\n -1.11022293e-06 -1.11022302e-06]", "hess_inv": "[[ 4.82936213 -0.71649894  0.69714037 -0.92072857 -2.01156894 -0.90828969]\n [-0.71649894  1.09623426 -0.26611546 -1.38353335 -0.48885058 -0.03632663]\n [ 0.69714037 -0.26611546  3.14136216 -1.12091352 -0.14694    -0.6698255 ]\n [-0.92072857 -1.38353335 -1.12091352  4.38678408 -0.13377187  1.37376945]\n [-2.01156894 -0.48885058 -0.14694    -0.13377187  4.18498052 -1.48767489]\n [-0.90828969 -0.03632663 -0.6698255   1.37376945 -1.48767489  2.89489238]]", "nfev": "434", "njev": "62", "status": "0", "success": "True", "message": "Optimization terminated successfully.", "x": "[ 5.29114363e+00  8.06164113e+00  3.63349102e+00  1.85729743e+00\n -1.77178973e+00 -1.11307266e-03]", "nit": "47"}}, "cobyla": {"0": {"maxiter": 100, "tol": 1e-05, "catol": 1e-05, "duration": 0.0173189640045166, "x": "[5.39341245 8.22100378 3.44995095 4.36585085 1.30981368 2.94891036]", "status": "2", "success": "False", "message": "Maximum number of function evaluations has been exceeded.", "nfev": "100", "fun": "0.20260941470675498", "maxcv": "0.0"}, "1": {"maxiter": 100, "tol": 1e-05, "catol": 1e-10, "duration": 0.016918182373046875, "x": "[5.39341245 8.22100378 3.44995095 4.36585085 1.30981368 2.94891036]", "status": "2", "success": "False", "message": "Maximum number of function evaluations has been exceeded.", "nfev": "100", "fun": "0.20260941470675498", "maxcv": "0.0"}, "2": {"maxiter": 100, "tol": 1e-10, "catol": 1e-05, "duration": 0.016292810440063477, "x": "[5.39341245 8.22100378 3.44995095 4.36585085 1.30981368 2.94891036]", "status": "2", "success": "False", "message": "Maximum number of function evaluations has been exceeded.", "nfev": "100", "fun": "0.20260941470675498", "maxcv": "0.0"}, "3": {"maxiter": 100, "tol": 1e-10, "catol": 