{"date": "2024/07/18/, 23:18:20", "conf_id": 103, "data_type": "orthogonal\n", "num_data_points": 2, "s_rank": 0, "unitary": "[[-0.53618537-0.34368723j,-0.12107031-0.46226139j,-0.07699282-0.46603512j,0.36022595-0.11472301j],[0.26026499-0.63450712j,-0.56616638+0.37832564j,-0.14988651+0.08458591j,0.10363514-0.16008501j],[-0.32580188-0.11070003j,-0.36476308-0.23593218j,0.02559343+0.41761608j,-0.25598305+0.6725303j],[0.07406738-0.0126433j,0.28513701+0.19483972j,-0.74939717-0.10299659j,0.29798249+0.46269921j]]", "databatch_0": {"databatch": "[[[0.33140005+0.05648774j,-0.04518961+0.21358172j,-0.05931704+0.11440598j,-0.2694795-0.19157889j],[0.28199367-0.1259978j,0.07449304+0.1862237j,0.01308065+0.11767254j,-0.30364337-0.00880531j],[0.14773548-0.26866509j,0.1705243+0.10278193j,0.08084662+0.08530898j,-0.24562721+0.17492956j],[0.05162432+0.29873924j,-0.19517374+0.02580272j,-0.11510332-0.01602978j,0.08184822-0.28671587j]],[[-0.02361602+0.05375432j,-0.03427146-0.01670842j,-0.01686958-0.01489872j,0.0438799-0.03753781j],[0.25375037-0.23641026j,0.14686426+0.17074137j,0.05669207+0.12025138j,-0.32577588+0.10107678j],[-0.37914962+0.09905683j,-0.05450921-0.24857167j,0.00809938-0.15000076j,0.37821287+0.07416681j],[-0.34187913+0.01246223j,0.00071972-0.22215734j,0.03536543-0.12628228j,0.30821045+0.13496799j]]]", "initial param values": "[5.4219969,3.68289497,3.81266229,1.58510756,5.51473533,0.14558956]", "nelder_mead": {"type": "gradient-free", "0": {"maxiter": 100, "fatol": 1e-05, "xatol": 1e-05, "duration": 0.025436878204345703, "fun": "0.1571546234663187", "nit": "100", "nfev": "152", "status": "2", "success": "False", "message": "Maximum number of iterations has been exceeded.", "x": "[4.69486037 4.09121849 3.62131892 1.78300065 7.04907109 0.14507982]", "final_simplex": "(array([[4.69486037, 4.09121849, 3.62131892, 1.78300065, 7.04907109,\n        0.14507982],\n       [4.63991255, 4.13098167, 3.61975634, 1.80628612, 7.0818868 ,\n        0.14672562],\n       [4.65686259, 4.16704484, 3.61087261, 1.80944484, 6.99955355,\n        0.14573693],\n       [4.64066768, 4.12404886, 3.67212647, 1.77431177, 7.10384036,\n        0.14753507],\n       [4.61920844, 4.13993018, 3.6135666 , 1.7809709 , 7.09495985,\n        0.14599422],\n       [4.62974203, 4.07055703, 3.60848605, 1.74058865, 7.06876849,\n        0.14819622],\n       [4.67725468, 4.10313886, 3.58699413, 1.73236434, 7.06778491,\n        0.14716851]]), array([0.15715462, 0.15762648, 0.15774018, 0.15826105, 0.15996182,\n       0.16061023, 0.16107917]))"}, "1": {"maxiter": 100, "fatol": 1e-05, "xatol": 1e-10, "duration": 0.025368213653564453, "fun": "0.1571546234663187", "nit": "100", "nfev": "152", "status": "2", "success": "False", "message": "Maximum number of iterations has been exceeded.", "x": "[4.69486037 4.09121849 3.62131892 1.78300065 7.04907109 0.14507982]", "final_simplex": "(array([[4.69486037, 4.09121849, 3.62131892, 1.78300065, 7.04907109,\n        0.14507982],\n       [4.63991255, 4.13098167, 3.61975634, 1.80628612, 7.0818868 ,\n        0.14672562],\n       [4.65686259, 4.16704484, 3.61087261, 1.80944484, 6.99955355,\n        0.14573693],\n       [4.64066768, 4.12404886, 3.67212647, 1.77431177, 7.10384036,\n        0.14753507],\n       [4.61920844, 4.13993018, 3.6135666 , 1.7809709 , 7.09495985,\n        0.14599422],\n       [4.62974203, 4.07055703, 3.60848605, 1.74058865, 7.06876849,\n        0.14819622],\n       [4.67725468, 4.10313886, 3.58699413, 1.73236434, 7.06778491,\n        0.14716851]]), array([0.15715462, 0.15762648, 0.15774018, 0.15826105, 0.15996182,\n       0.16061023, 0.16107917]))"}, "2": {"maxiter": 100, "fatol": 1e-10, "xatol": 1e-05, "duration": 0.02529597282409668, "fun": "0.1571546234663187", "nit": "100", "nfev": "152", "status": "2", "success": "False", "message": "Maximum number of iterations has been exceeded.", "x": "[4.69486037 4.09121849 3.62131892 1.78300065 7.04907109 0.14507982]", "final_simplex": "(array([[4.69486037, 4.09121849, 3.62131892, 1.78300065, 7.04907109,\n        0.14507982],\n       [4.63991255, 4.13098167, 3.61975634, 1.80628612, 7.0818868 ,\n        0.14672562],\n       [4.65686259, 4.16704484, 3.61087261, 1.80944484, 6.99955355,\n        0.14573693],\n       [4.64066768, 4.12404886, 3.67212647, 1.77431177, 7.10384036,\n        0.14753507],\n       [4.61920844, 4.13993018, 3.6135666 , 1.7809709 , 7.09495985,\n        0.14599422],\n       [4.62974203, 4.07055703, 3.60848605, 1.74058865, 7.06876849,\n        0.14819622],\n       [4.67725468, 4.10313886, 3.58699413, 1.73236434, 7.06778491,\n        0.14716851]]), array([0.15715462, 0.15762648, 0.15774018, 0.15826105, 0.15996182,\n       0.16061023, 0.16107917]))"}, "3": {"maxiter": 100, "fatol": 1e-10, "xatol": 1e-10, "duration": 0.025310039520263672, "fun": "0.1571546234663187", "nit": "100", "nfev": "152", "status": "2", "success": "False", "message": "Maximum number of iterations has been exceeded.", "x": "[4.69486037 4.09121849 3.62131892 1.78300065 7.04907109 0.14507982]", "final_simplex": "(array([[4.69486037, 4.09121849, 3.62131892, 1.78300065, 7.04907109,\n        0.14507982],\n       [4.63991255, 4.13098167, 3.61975634, 1.80628612, 7.0818868 ,\n        0.14672562],\n       [4.65686259, 4.16704484, 3.61087261, 1.80944484, 6.99955355,\n        0.14573693],\n       [4.64066768, 4.12404886, 3.67212647, 1.77431177, 7.10384036,\n        0.14753507],\n       [4.61920844, 4.13993018, 3.6135666 , 1.7809709 , 7.09495985,\n        0.14599422],\n       [4.62974203, 4.07055703, 3.60848605, 1.74058865, 7.06876849,\n        0.14819622],\n       [4.67725468, 4.10313886, 3.58699413, 1.73236434, 7.06778491,\n        0.14716851]]), array([0.15715462, 0.15762648, 0.15774018, 0.15826105, 0.15996182,\n       0.16061023, 0.16107917]))"}, "4": {"maxiter": 500, "fatol": 1e-05, "xatol": 1e-05, "duration": 0.11354374885559082, "fun": "0.13972993220696917", "nit": "441", "nfev": "682", "status": "0", "success": "True", "message": "Optimization terminated successfully.", "x": "[4.7784567  4.39611337 3.83824797 2.16819373 7.14211555 0.4218786 ]", "final_simplex": "(array([[4.7784567 , 4.39611337, 3.83824797, 2.16819373, 7.14211555,\n        0.4218786 ],\n       [4.77845394, 4.39612017, 3.83824317, 2.16819986, 7.14211367,\n        0.4218782 ],\n       [4.77845605, 4.39612014, 3.83824654, 2.16819973, 7.14211217,\n        0.42188013],\n       [4.77845557, 4.39610762, 3.83824049, 2.16819562, 7.14210594,\n        0.42187086],\n       [4.7784518 , 4.39610934, 3.83824788, 2.1681943 , 7.14211586,\n        0.4218817 ],\n       [4.7784507 , 4.39611184, 3.83824419, 2.16819005, 7.14210956,\n        0.42187335],\n       [4.77845469, 4.39611924, 3.83825008, 2.16820217, 7.14211746,\n        0.42187912]]), array([0.13972993, 0.13972993, 0.13972993, 0.13972993, 0.13972993,\n       0.13972993, 0.13972993]))"}, "5": {"maxiter": 500, "fatol": 1e-05, "xatol": 1e-10, "duration": 0.12947893142700195, "fun": "0.1397299321893275", "nit": "500", "nfev": "778", "status": "2", "success": "False", "message": "Maximum number of iterations has been exceeded.", "x": "[4.7784604  4.39611315 3.83823637 2.16819473 7.1421149  0.42187753]", "final_simplex": "(array([[4.7784604 , 4.39611315, 3.83823637, 2.16819473, 7.1421149 ,\n        0.42187753],\n       [4.77846031, 4.39611303, 3.83823648, 2.16819492, 7.14211463,\n        0.42187739],\n       [4.77846046, 4.39611294, 3.83823641, 2.16819463, 7.14211486,\n        0.42187761],\n       [4.77846026, 4.39611275, 3.83823628, 2.16819455, 7.14211455,\n        0.42187719],\n       [4.77846052, 4.39611283, 3.83823658, 2.16819491, 7.14211477,\n        0.42187728],\n       [4.77846066, 4.39611285, 3.83823607, 2.16819466, 7.14211435,\n        0.42187697],\n       [4.7784603 , 4.39611296, 3.83823691, 2.16819468, 7.14211483,\n        0.42187757]]), array([0.13972993, 0.13972993, 0.13972993, 0.13972993, 0.13972993,\n       0.13972993, 0.13972993]))"}, "6": {"maxiter": 500, "fatol": 1e-10, "xatol": 1e-05, "duration": 0.11333608627319336, "fun": "0.13972993220696917", "nit": "441", "nfev": "682", "status": "0", "success": "True", "message": "Optimization terminated successfully.", "x": "[4.7784567  4.39611337 3.83824797 2.16819373 7.14211555 0.4218786 ]", "final_simplex": "(array([[4.7784567 , 4.39611337, 3.83824797, 2.16819373, 7.14211555,\n        0.4218786 ],\n       [4.77845394, 4.39612017, 3.83824317, 2.16819986, 7.14211367,\n        0.4218782 ],\n       [4.77845605, 4.39612014, 3.83824654, 2.16819973, 7.14211217,\n        0.42188013],\n       [4.77845557, 4.39610762, 3.83824049, 2.16819562, 7.14210594,\n        0.42187086],\n       [4.7784518 , 4.39610934, 3.83824788, 2.1681943 , 7.14211586,\n        0.4218817 ],\n       [4.7784507 , 4.39611184, 3.83824419, 2.16819005, 7.14210956,\n        0.42187335],\n       [4.77845469, 4.39611924, 3.83825008, 2.16820217, 7.14211746,\n        0.42187912]]), array([0.13972993, 0.13972993, 0.13972993, 0.13972993, 0.13972993,\n       0.13972993, 0.13972993]))"}, "7": {"maxiter": 500, "fatol": 1e-10, "xatol": 1e-10, "duration": 0.13056731224060059, "fun": "0.1397299321893275", "nit": "500", "nfev": "778", "status": "2", "success": "False", "message": "Maximum number of iterations has been exceeded.", "x": "[4.7784604  4.39611315 3.83823637 2.16819473 7.1421149  0.42187753]", "final_simplex": "(array([[4.7784604 , 4.39611315, 3.83823637, 2.16819473, 7.1421149 ,\n        0.42187753],\n       [4.77846031, 4.39611303, 3.83823648, 2.16819492, 7.14211463,\n        0.42187739],\n       [4.77846046, 4.39611294, 3.83823641, 2.16819463, 7.14211486,\n        0.42187761],\n       [4.77846026, 4.39611275, 3.83823628, 2.16819455, 7.14211455,\n        0.42187719],\n       [4.77846052, 4.39611283, 3.83823658, 2.16819491, 7.14211477,\n        0.42187728],\n       [4.77846066, 4.39611285, 3.83823607, 2.16819466, 7.14211435,\n        0.42187697],\n       [4.7784603 , 4.39611296, 3.83823691, 2.16819468, 7.14211483,\n        0.42187757]]), array([0.13972993, 0.13972993, 0.13972993, 0.13972993, 0.13972993,\n       0.13972993, 0.13972993]))"}, "8": {"maxiter": 1000, "fatol": 1e-05, "xatol": 1e-05, "duration": 0.11476922035217285, "fun": "0.13972993220696917", "nit": "441", "nfev": "682", "status": "0", "success": "True", "message": "Optimization terminated successfully.", "x": "[4.7784567  4.39611337 3.83824797 2.16819373 7.14211555 0.4218786 ]", "final_simplex": "(array([[4.7784567 , 4.39611337, 3.83824797, 2.16819373, 7.14211555,\n        0.4218786 ],\n       [4.77845394, 4.39612017, 3.83824317, 2.16819986, 7.14211367,\n        0.4218782 ],\n       [4.77845605, 4.39612014, 3.83824654, 2.16819973, 7.14211217,\n        0.42188013],\n       [4.77845557, 4.39610762, 3.83824049, 2.16819562, 7.14210594,\n        0.42187086],\n       [4.7784518 , 4.39610934, 3.83824788, 2.1681943 , 7.14211586,\n        0.4218817 ],\n       [4.7784507 , 4.39611184, 3.83824419, 2.16819005, 7.14210956,\n        0.42187335],\n       [4.77845469, 4.39611924, 3.83825008, 2.16820217, 7.14211746,\n        0.42187912]]), array([0.13972993, 0.13972993, 0.13972993, 0.13972993, 0.13972993,\n       0.13972993, 0.13972993]))"}, "9": {"maxiter": 1000, "fatol": 1e-05, "xatol": 1e-10, "duration": 0.155501127243042, "fun": "0.13972993218931684", "nit": "558", "nfev": "926", "status": "0", "success": "True", "message": "Optimization terminated successfully.", "x": "[4.77846037 4.396113   3.8382365  2.16819472 7.1421148  0.42187741]", "final_simplex": "(array([[4.77846037, 4.396113  , 3.8382365 , 2.16819472, 7.1421148 ,\n        0.42187741],\n       [4.77846037, 4.396113  , 3.8382365 , 2.16819472, 7.1421148 ,\n        0.42187741],\n       [4.77846037, 4.396113  , 3.8382365 , 2.16819472, 7.1421148 ,\n        0.42187741],\n       [4.77846037, 4.396113  , 3.8382365 , 2.16819472, 7.1421148 ,\n        0.42187741],\n       [4.77846037, 4.396113  , 3.8382365 , 2.16819472, 7.1421148 ,\n        0.42187741],\n       [4.77846037, 4.396113  , 3.8382365 , 2.16819472, 7.1421148 ,\n        0.42187741],\n       [4.77846037, 4.396113  , 3.8382365 , 2.16819472, 7.1421148 ,\n        0.42187741]]), array([0.13972993, 0.13972993, 0.13972993, 0.13972993, 0.13972993,\n       0.13972993, 0.13972993]))"}, "10": {"maxiter": 1000, "fatol": 1e-10, "xatol": 1e-05, "duration": 0.1143181324005127, "fun": "0.13972993220696917", "nit": "441", "nfev": "682", "status": "0", "success": "True", "message": "Optimization terminated successfully.", "x": "[4.7784567  4.39611337 3.83824797 2.16819373 7.14211555 0.4218786 ]", "final_simplex": "(array([[4.7784567 , 4.39611337, 3.83824797, 2.16819373, 7.14211555,\n        0.4218786 ],\n       [4.77845394, 4.39612017, 3.83824317, 2.16819986, 7.14211367,\n        0.4218782 ],\n       [4.77845605, 4.39612014, 3.83824654, 2.16819973, 7.14211217,\n        0.42188013],\n       [4.77845557, 4.39610762, 3.83824049, 2.16819562, 7.14210594,\n        0.42187086],\n       [4.7784518 , 4.39610934, 3.83824788, 2.1681943 , 7.14211586,\n        0.4218817 ],\n       [4.7784507 , 4.39611184, 3.83824419, 2.16819005, 7.14210956,\n        0.42187335],\n       [4.77845469, 4.39611924, 3.83825008, 2.16820217, 7.14211746,\n        0.42187912]]), array([0.13972993, 0.13972993, 0.13972993, 0.13972993, 0.13972993,\n       0.13972993, 0.13972993]))"}, "11": {"maxiter": 1000, "fatol": 1e-10, "xatol": 1e-10, "duration": 0.15468311309814453, "fun": "0.13972993218931684", "nit": "558", "nfev": "926", "status": "0", "success": "True", "message": "Optimization terminated successfully.", "x": "[4.77846037 4.396113   3.8382365  2.16819472 7.1421148  0.42187741]", "final_simplex": "(array([[4.77846037, 4.396113  , 3.8382365 , 2.16819472, 7.1421148 ,\n        0.42187741],\n       [4.77846037, 4.396113  , 3.8382365 , 2.16819472, 7.1421148 ,\n        0.42187741],\n       [4.77846037, 4.396113  , 3.8382365 , 2.16819472, 7.1421148 ,\n        0.42187741],\n       [4.77846037, 4.396113  , 3.8382365 , 2.16819472, 7.1421148 ,\n        0.42187741],\n       [4.77846037, 4.396113  , 3.8382365 , 2.16819472, 7.1421148 ,\n        0.42187741],\n       [4.77846037, 4.396113  , 3.8382365 , 2.16819472, 7.1421148 ,\n        0.42187741],\n       [4.77846037, 4.396113  , 3.8382365 , 2.16819472, 7.1421148 ,\n        0.42187741]]), array([0.13972993, 0.13972993, 0.13972993, 0.13972993, 0.13972993,\n       0.13972993, 0.13972993]))"}}, "bfgs": {"type": "gradient", "0": {"maxiter": 100, "gtol": 1e-05, "xrtol": 1e-05, "eps": 1e-05, "duration": 0.02762603759765625, "fun": "0.13972993253651078", "jac": "[-9.34212707e-06 -2.47980525e-06 -7.97761857e-06  8.69607719e-06\n  5.33185718e-06 -1.25213173e-06]", "hess_inv": "[[ 5.16073592  0.50205371 -1.94712869  2.51165476 -3.12567666 -2.64339564]\n [ 0.50205371  4.99757044  1.09677196  3.41744183  0.82146736  2.60895137]\n [-1.94712869  1.09677196  6.0518854  -0.19542901  4.05660736  4.15492839]\n [ 2.51165476  3.41744183 -0.19542901  6.27674446 -1.47951303 -0.07467443]\n [-3.12567666  0.82146736  4.05660736 -1.47951303  8.70581     6.70184604]\n [-2.64339564  2.60895137  4.15492839 -0.07467443  6.70184604  8.77878901]]", "nfev": "161", "njev": "23", "status": "0", "success": "True", "message": "Optimization terminated successfully.", "x": "[4.77843954 4.39608819 3.83820016 2.16818808 7.14209742 0.42184444]", "nit": "22"}, "1": {"maxiter": 100, "gtol": 1e-05, "xrtol": 1e-05, "eps": 1e-10, "duration": 0.02874898910522461, "fun": "0.1397299322089336", "jac": "[1.11022293e-06 1.11022293e-06 2.22044587e-06 1.11022293e-06\n 1.11022293e-06 0.00000000e+00]", "hess_inv": "[[ 4.9452402   0.78030753 -2.03776227  2.68288355 -2.67440894 -2.22417285]\n [ 0.78030753  4.72280602  1.06632017  3.15856458  0.35301244  2.18459435]\n [-2.03776227  1.06632017  5.99098277  0.06881115  3.93421255  3.96674206]\n [ 2.68288355  3.15856458  0.06881115  6.25080688 -1.94857155 -0.53122429]\n [-2.67440894  0.35301244  3.93421255 -1.94857155  7.9561594   6.03290318]\n [-2.22417285  2.18459435  3.96674206 -0.53122429  6.03290318  8.18924515]]", "nfev": "168", "njev": "24", "status": "0", "success": "True", "message": "Optimization terminated successfully.", "x": "[4.7784498  4.39610684 3.83823205 2.16818566 7.14211637 0.42187639]", "nit": "23"}, "2": {"maxiter": 100, "gtol": 1e-05, "xrtol": 1e-10, "eps": 1e-05, "duration": 0.02751612663269043, "fun": "0.13972993253651078", "jac": "[-9.34212707e-06 -2.47980525e-06 -7.97761857e-06  8.69607719e-06\n  5.33185718e-06 -1.25213173e-06]", "hess_inv": "[[ 5.16073592  0.50205371 -1.94712869  2.51165476 -3.12567666 -2.64339564]\n [ 0.50205371  4.99757044  1.09677196  3.41744183  0.82146736  2.60895137]\n [-1.94712869  1.09677196  6.0518854  -0.19542901  4.05660736  4.15492839]\n [ 2.51165476  3.41744183 -0.19542901  6.27674446 -1.47951303 -0.07467443]\n [-3.12567666  0.82146736  4.05660736 -1.47951303  8.70581     6.70184604]\n [-2.64339564  2.60895137  4.15492839 -0.07467443  6.70184604  8.77878901]]", "nfev": "161", "njev": "23", "status": "0", "success": "True", "message": "Optimization terminated successfully.", "x": "[4.77843954 4.39608819 3.83820016 2.16818808 7.14209742 0.42184444]", "nit": "22"}, "3": {"maxiter": 100, "gtol": 1e-05, "xrtol": 1e-10, "eps": 1e-10, "duration": 0.028784990310668945, "fun": "0.1397299322089336", "jac": "[1.11022293e-06 1.11022293e-06 2.22044587e-06 1.11022293e-06\n 1.11022293e-06 0.00000000e+00]", "hess_inv": "[[ 4.9452402   0.78030753 -2.03776227  2.68288355 -2.67440894 -2.22417285]\n [ 0.78030753  4.72280602  1.06632017  3.15856458  0.35301244  2.18459435]\n [-2.03776227  1.06632017  5.99098277  0.06881115  3.93421255  3.96674206]\n [ 2.68288355  3.15856458  0.06881115  6.25080688 -1.94857155 -0.53122429]\n [-2.67440894  0.35301244  3.93421255 -1.94857155  7.9561594   6.03290318]\n [-2.22417285  2.18459435  3.96674206 -0.53122429  6.03290318  8.18924515]]", "nfev": "168", "njev": "24", "status": "0", "success": "True", "message": "Optimization terminated successfully.", "x": "[4.7784498  4.39610684 3.83823205 2.16818566 7.14211637 0.42187639]", "nit": "23"}, "4": {"maxiter": 100, "gtol": 1e-10, "xrtol": 1e-05, "eps": 1e-05, "duration": 0.028781652450561523, "fun": "0.13972993233472364", "jac": "[ 5.90338889e-07 -1.30351285e-07 -1.08135723e-07 -4.55901983e-07\n -3.30468986e-07  3.24906768e-07]", "hess_inv": "[[ 5.05528681  0.59824528 -2.32396544  2.52087038 -2.93732441 -2.50664201]\n [ 0.59824528  4.98709556  1.13143847  3.34882959  0.757775    2.5852991 ]\n [-2.32396544  1.13143847  5.94155514  0.07832668  4.29721366  4.23925441]\n [ 2.52087038  3.34882959  0.07832668  6.32284776 -1.58021783 -0.16539353]\n [-2.93732441  0.757775    4.29721366 -1.58021783  8.52067169  6.59903781]\n [-2.50664201  2.5852991   4.23925441 -0.16539353  6.59903781  8.7337018 ]]", "nfev": "168", "njev": "24", "status": "0", "success": "True", "message": "Optimization terminated successfully.", "x": "[4.77846031 4.39608524 3.83821037 2.1681738  7.14208271 0.42183844]", "nit": "23"}, "5": {"maxiter": 100, "gtol": 1e-10, "xrtol": 1e-05, "eps": 1e-10, "duration": 0.028811931610107422, "fun": "0.1397299322089336", "jac": "[1.11022293e-06 1.11022293e-06 2.22044587e-06 1.11022293e-06\n 1.11022293e-06 0.00000000e+00]", "hess_inv": "[[ 4.9452402   0.78030753 -2.03776227  2.68288355 -2.67440894 -2.22417285]\n [ 0.78030753  4.72280602  1.06632017  3.15856458  0.35301244  2.18459435]\n [-2.03776227  1.06632017  5.99098277  0.06881115  3.93421255  3.96674206]\n [ 2.68288355  3.15856458  0.06881115  6.25080688 -1.94857155 -0.53122429]\n [-2.67440894  0.35301244  3.93421255 -1.94857155  7.9561594   6.03290318]\n [-2.22417285  2.18459435  3.96674206 -0.53122429  6.03290318  8.18924515]]", "nfev": "168", "njev": "24", "status": "0", "success": "True", "message": "Optimization terminated successfully.", "x": "[4.7784498  4.39610684 3.83823205 2.16818566 7.14211637 0.42187639]", "nit": "23"}, "6": {"maxiter": 100, "gtol": 1e-10, "xrtol": 1e-10, "eps": 1e-05, "duration": 0.0753641128540039, "fun": "0.13972993232167463", "jac": "[ 3.21964677e-10 -1.76636483e-08  2.19602114e-08  2.50910404e-08\n -3.97459843e-09 -2.97539771e-09]", "hess_inv": "[[ 4.98568869  0.63782196 -2.24096841  2.6691429  -2.8730721  -2.47296217]\n [ 0.63782196  4.97434462  1.11319325  3.25574217  0.72828526  2.57559327]\n [-2.24096841  1.11319325  5.93623984 -0.09063033  4.23977632  4.22307502]\n [ 2.6691429   3.25574217 -0.09063033  6.16344539 -1.73102793 -0.26340144]\n [-2.8730721   0.72828526  4.23977632 -1.73102793  8.46683337  6.57567637]\n [-2.47296217  2.57559327  4.22307502 -0.26340144  6.57567637  8.72867402]]", "nfev": "445", "njev": "62", "status": "2", "success": "False", "message": "Desired error not necessarily achieved due to precision loss.", "x": "[4.77845831 4.39608653 3.83821255 2.16817506 7.14208482 0.4218399 ]", "nit": "24"}, "7": {"maxiter": 100, "gtol": 1e-10, "xrtol": 1e-10, "eps": 1e-10, "duration": 0.07423591613769531, "fun": "0.1397299322089336", "jac": "[1.11022293e-06 1.11022293e-06 2.22044587e-06 1.11022293e-06\n 1.11022293e-06 0.00000000e+00]", "hess_inv": "[[ 4.84366449  0.32314976 -2.67838227  2.27843564 -3.13538216 -2.77253529]\n [ 0.32314976  5.37781225  1.53689371  4.04682708  1.24492954  2.98818827]\n [-2.67838227  1.53689371  6.09736382  0.86690428  4.69487358  4.55334276]\n [ 2.27843564  4.04682708  0.86690428  7.34497915 -0.82179041  0.55213514]\n [-3.13538216  1.24492954  4.69487358 -0.82179041  9.10864412  7.12235034]\n [-2.77253529  2.98818827  4.55334276  0.55213514  7.12235034  9.17476225]]", "nfev": "439", "njev": "61", "status": "2", "success": "False", "message": "Desired error not necessarily achieved due to precision loss.", "x": "[4.7784498  4.39610684 3.83823205 2.16818566 7.14211637 0.42187639]", "nit": "23"}, "8": {"maxiter": 500, "gtol": 1e-05, "xrtol": 1e-05, "eps": 1e-05, "duration": 0.02753591537475586, "fun": "0.13972993253651078", "jac": "[-9.34212707e-06 -2.47980525e-06 -7.97761857e-06  8.69607719e-06\n  5.33185718e-06 -1.25213173e-06]", "hess_inv": "[[ 5.16073592  0.50205371 -1.94712869  2.51165476 -3.12567666 -2.64339564]\n [ 0.50205371  4.99757044  1.09677196  3.41744183  0.82146736  2.60895137]\n [-1.94712869  1.09677196  6.0518854  -0.19542901  4.05660736  4.15492839]\n [ 2.51165476  3.41744183 -0.19542901  6.27674446 -1.47951303 -0.07467443]\n [-3.12567666  0.82146736  4.05660736 -1.47951303  8.70581     6.70184604]\n [-2.64339564  2.60895137  4.15492839 -0.07467443  6.70184604  8.77878901]]", "nfev": "161", "njev": "23", "status": "0", "success": "True", "message": "Optimization terminated successfully.", "x": "[4.77843954 4.39608819 3.83820016 2.16818808 7.14209742 0.42184444]", "nit": "22"}, "9": {"maxiter": 500, "gtol": 1e-05, "xrtol": 1e-05, "eps": 1e-10, "duration": 0.028981924057006836, "fun": "0.1397299322089336", "jac": "[1.11022293e-06 1.11022293e-06 2.22044587e-06 1.11022293e-06\n 1.11022293e-06 0.00000000e+00]", "hess_inv": "[[ 4.9452402   0.78030753 -2.03776227  2.68288355 -2.67440894 -2.22417285]\n [ 0.78030753  4.72280602  1.06632017  3.15856458  0.35301244  2.18459435]\n [-2.03776227  1.06632017  5.99098277  0.06881115  3.93421255  3.96674206]\n [ 2.68288355  3.15856458  0.06881115  6.25080688 -1.94857155 -0.53122429]\n [-2.67440894  0.35301244  3.93421255 -1.94857155  7.9561594   6.03290318]\n [-2.22417285  2.18459435  3.96674206 -0.53122429  6.03290318  8.18924515]]", "nfev": "168", "njev": "24", "status": "0", "success": "True", "message": "Optimization terminated successfully.", "x": "[4.7784498  4.39610684 3.83823205 2.16818566 7.14211637 0.42187639]", "nit": "23"}, "10": {"maxiter": 500, "gtol": 1e-05, "xrtol": 1e-10, "eps": 1e-05, "duration": 0.02792501449584961, "fun": "0.13972993253651078", "jac": "[-9.34212707e-06 -2.47980525e-06 -7.97761857e-06  8.69607719e-06\n  5.33185718e-06 -1.25213173e-06]", "hess_inv": "[[ 5.16073592  0.50205371 -1.94712869  2.51165476 -3.12567666 -2.64339564]\n [ 0.50205371  4.99757044  1.09677196  3.41744183  0.82146736  2.60895137]\n [-1.94712869  1.09677196  6.0518854  -0.19542901  4.05660736  4.15492839]\n [ 2.51165476  3.41744183 -0.19542901  6.27674446 -1.47951303 -0.07467443]\n [-3.12567666  0.82146736  4.05660736 -1.47951303  8.70581     6.70184604]\n [-2.64339564  2.60895137  4.15492839 -0.07467443  6.70184604  8.77878901]]", "nfev": "161", "njev": "23", "status": "0", "success": "True", "message": "Optimization terminated successfully.", "x": "[4.77843954 4.39608819 3.83820016 2.16818808 7.14209742 0.42184444]", "nit": "22"}, "11": {"maxiter": 500, "gtol": 1e-05, "xrtol": 1e-10, "eps": 1e-10, "duration": 0.02907586097717285, "fun": "0.1397299322089336", "jac": "[1.11022293e-06 1.11022293e-06 2.22044587e-06 1.11022293e-06\n 1.11022293e-06 0.00000000e+00]", "hess_inv": "[[ 4.9452402   0.78030753 -2.03776227  2.68288355 -2.67440894 -2.22417285]\n [ 0.78030753  4.72280602  1.06632017  3.15856458  0.35301244  2.18459435]\n [-2.03776227  1.06632017  5.99098277  0.06881115  3.93421255  3.96674206]\n [ 2.68288355  3.15856458  0.06881115  6.25080688 -1.94857155 -0.53122429]\n [-2.67440894  0.35301244  3.93421255 -1.94857155  7.9561594   6.03290318]\n [-2.22417285  2.18459435  3.96674206 -0.53122429  6.03290318  8.18924515]]", "nfev": "168", "njev": "24", "status": "0", "success": "True", "message": "Optimization terminated successfully.", "x": "[4.7784498  4.39610684 3.83823205 2.16818566 7.14211637 0.42187639]", "nit": "23"}, "12": {"maxiter": 500, "gtol": 1e-10, "xrtol": 1e-05, "eps": 1e-05, "duration": 0.02897477149963379, "fun": "0.13972993233472364", "jac": "[ 5.90338889e-07 -1.30351285e-07 -1.08135723e-07 -4.55901983e-07\n -3.30468986e-07  3.24906768e-07]", "hess_inv": "[[ 5.05528681  0.59824528 -2.32396544  2.52087038 -2.93732441 -2.50664201]\n [ 0.59824528  4.98709556  1.13143847  3.34882959  0.757775    2.5852991 ]\n [-2.32396544  1.13143847  5.94155514  0.07832668  4.29721366  4.23925441]\n [ 2.52087038  3.34882959  0.07832668  6.32284776 -1.58021783 -0.16539353]\n [-2.93732441  0.757775    4.29721366 -1.58021783  8.52067169  6.59903781]\n [-2.50664201  2.5852991   4.23925441 -0.16539353  6.59903781  8.7337018 ]]", "nfev": "168", "njev": "24", "status": "0", "success": "True", "message": "Optimization terminated successfully.", "x": "[4.77846031 4.39608524 3.83821037 2.1681738  7.14208271 0.42183844]", "nit": "23"}, "13": {"maxiter": 500, "gtol": 1e-10, "xrtol": 1e-05, "eps": 1e-10, "duration": 0.02904796600341797, "fun": "0.1397299322089336", "jac": "[1.11022293e-06 1.11022293e-06 2.22044587e-06 1.11022293e-06\n 1.11022293e-06 0.00000000e+00]", "hess_inv": "[[ 4.9452402   0.78030753 -2.03776227  2.68288355 -2.67440894 -2.22417285]\n [ 0.78030753  4.72280602  1.06632017  3.15856458  0.35301244  2.18459435]\n [-2.03776227  1.06632017  5.99098277  0.06881115  3.93421255  3.96674206]\n [ 2.68288355  3.15856458  0.06881115  6.25080688 -1.94857155 -0.53122429]\n [-2.67440894  0.35301244  3.93421255 -1.94857155  7.9561594   6.03290318]\n [-2.22417285  2.18459435  3.96674206 -0.53122429  6.03290318  8.18924515]]", "nfev": "168", "njev": "24", "status": "0", "success": "True", "message": "Optimization terminated successfully.", "x": "[4.7784498  4.39610684 3.83823205 2.16818566 7.14211637 0.42187639]", "nit": "23"}, "14": {"maxiter": 500, "gtol": 1e-10, "xrtol": 1e-10, "eps": 1e-05, "duration": 0.0760488510131836, "fun": "0.13972993232167463", "jac": "[ 3.21964677e-10 -1.76636483e-08  2.19602114e-08  2.50910404e-08\n -3.97459843e-09 -2.97539771e-09]", "hess_inv": "[[ 4.98568869  0.63782196 -2.24096841  2.6691429  -2.8730721  -2.47296217]\n [ 0.63782196  4.97434462  1.11319325  3.25574217  0.72828526  2.57559327]\n [-2.24096841  1.11319325  5.93623984 -0.09063033  4.23977632  4.22307502]\n [ 2.6691429   3.25574217 -0.09063033  6.16344539 -1.73102793 -0.26340144]\n [-2.8730721   0.72828526  4.23977632 -1.73102793  8.46683337  6.57567637]\n [-2.47296217  2.57559327  4.22307502 -0.26340144  6.57567637  8.72867402]]", "nfev": "445", "njev": "62", "status": "2", "success": "False", "message": "Desired error not necessarily achieved due to precision loss.", "x": "[4.77845831 4.39608653 3.83821255 2.16817506 7.14208482 0.4218399 ]", "nit": "24"}, "15": {"maxiter": 500, "gtol": 1e-10, "xrtol": 1e-10, "eps": 1e-10, "duration": 0.07492828369140625, "fun": "0.1397299322089336", "jac": "[1.11022293e-06 1.11022293e-06 2.22044587e-06 1.11022293e-06\n 1.11022293e-06 0.00000000e+00]", "hess_inv": "[[ 4.84366449  0.32314976 -2.67838227  2.27843564 -3.13538216 -2.77253529]\n [ 0.32314976  5.37781225  1.53689371  4.04682708  1.24492954  2.98818827]\n [-2.67838227  1.53689371  6.09736382  0.86690428  4.69487358  4.55334276]\n [ 2.27843564  4.04682708  0.86690428  7.34497915 -0.82179041  0.55213514]\n [-3.13538216  1.24492954  4.69487358 -0.82179041  9.10864412  7.12235034]\n [-2.77253529  2.98818827  4.55334276  0.55213514  7.12235034  9.17476225]]", "nfev": "439", "njev": "61", "status": "2", "success": "False", "message": "Desired error not necessarily achieved due to precision loss.", "x": "[4.7784498  4.39610684 3.83823205 2.16818566 7.14211637 0.42187639]", "nit": "23"}, "16": {"maxiter": 1000, "gtol": 1e-05, "xrtol": 1e-05, "eps": 1e-05, "duration": 0.027806997299194336, "fun": "0.13972993253651078", "jac": "[-9.34212707e-06 -2.47980525e-06 -7.97761857e-06  8.69607719e-06\n  5.33185718e-06 -1.25213173e-06]", "hess_inv": "[[ 5.16073592  0.50205371 -1.94712869  2.51165476 -3.12567666 -2.64339564]\n [ 0.50205371  4.99757044  1.09677196  3.41744183  0.82146736  2.60895137]\n [-1.94712869  1.09677196  6.0518854  -0.19542901  4.05660736  4.15492839]\n [ 2.51165476  3.41744183 -0.19542901  6.27674446 -1.47951303 -0.07467443]\n [-3.12567666  0.82146736  4.05660736 -1.47951303  8.70581     6.70184604]\n [-2.64339564  2.60895137  4.15492839 -0.07467443  6.70184604  8.77878901]]", "nfev": "161", "njev": "23", "status": "0", "success": "True", "message": "Optimization terminated successfully.", "x": "[4.77843954 4.39608819 3.83820016 2.16818808 7.14209742 0.42184444]", "nit": "22"}, "17": {"maxiter": 1000, "gtol": 1e-05, "xrtol": 1e-05, "eps": 1e-10, "duration": 0.029443025588989258, "fun": "0.1397299322089336", "jac": "[1.11022293e-06 1.11022293e-06 2.22044587e-06 1.11022293e-06\n 1.11022293e-06 0.00000000e+00]", "hess_inv": "[[ 4.9452402   0.78030753 -2.03776227  2.68288355 -2.67440894 -2.22417285]\n [ 0.78030753  4.72280602  1.06632017  3.15856458  0.35301244  2.18459435]\n [-2.03776227  1.06632017  5.99098277  0.06881115  3.93421255  3.96674206]\n [ 2.68288355  3.15856458  0.06881115  6.25080688 -1.94857155 -0.53122429]\n [-2.67440894  0.35301244  3.93421255 -1.94857155  7.9561594   6.03290318]\n [-2.22417285  2.18459435  3.96674206 -0.53122429  6.03290318  8.18924515]]", "nfev": "168", "njev": "24", "status": "0", "success": "True", "message": "Optimization terminated successfully.", "x": "[4.7784498  4.39610684 3.83823205 2.16818566 7.14211637 0.42187639]", "nit": "23"}, "18": {"maxiter": 1000, "gtol": 1e-05, "xrtol": 1e-10, "eps": 1e-05, "duration": 0.02786707878112793, "fun": "0.13972993253651078", "jac": "[-9.34212707e-06 -2.47980525e-06 -7.97761857e-06  8.69607719e-06\n  5.33185718e-06 -1.25213173e-06]", "hess_inv": "[[ 5.16073592  0.50205371 -1.94712869  2.51165476 -3.12567666 -2.64339564]\n [ 0.50205371  4.99757044  1.09677196  3.41744183  0.82146736  2.60895137]\n [-1.94712869  1.09677196  6.0518854  -0.19542901  4.05660736  4.15492839]\n [ 2.51165476  3.41744183 -0.19542901  6.27674446 -1.47951303 -0.07467443]\n [-3.12567666  0.82146736  4.05660736 -1.47951303  8.70581     6.70184604]\n [-2.64339564  2.60895137  4.15492839 -0.07467443  6.70184604  8.77878901]]", "nfev": "161", "njev": "23", "status": "0", "success": "True", "message": "Optimization terminated successfully.", "x": "[4.77843954 4.39608819 3.83820016 2.16818808 7.14209742 0.42184444]", "nit": "22"}, "19": {"maxiter": 1000, "gtol": 1e-05, "xrtol": 1e-10, "eps": 1e-10, "duration": 0.029154062271118164, "fun": "0.1397299322089336", "jac": "[1.11022293e-06 1.11022293e-06 2.22044587e-06 1.11022293e-06\n 1.11022293e-06 0.00000000e+00]", "hess_inv": "[[ 4.9452402   0.78030753 -2.03776227  2.68288355 -2.67440894 -2.22417285]\n [ 0.78030753  4.72280602  1.06632017  3.15856458  0.35301244  2.18459435]\n [-2.03776227  1.06632017  5.99098277  0.06881115  3.93421255  3.96674206]\n [ 2.68288355  3.15856458  0.06881115  6.25080688 -1.94857155 -0.53122429]\n [-2.67440894  0.35301244  3.93421255 -1.94857155  7.9561594   6.03290318]\n [-2.22417285  2.18459435  3.96674206 -0.53122429  6.03290318  8.18924515]]", "nfev": "168", "njev": "24", "status": "0", "success": "True", "message": "Optimization terminated successfully.", "x": "[4.7784498  4.39610684 3.83823205 2.16818566 7.14211637 0.42187639]", "nit": "23"}, "20": {"maxiter": 1000, "gtol": 1e-10, "xrtol": 1e-05, "eps": 1e-05, "duration": 0.029129981994628906, "fun": "0.13972993233472364", "jac": "[ 5.90338889e-07 -1.30351285e-07 -1.08135723e-07 -4.55901983e-07\n -3.30468986e-07  3.24906768e-07]", "hess_inv": "[[ 5.05528681  0.59824528 -2.32396544  2.52087038 -2.93732441 -2.50664201]\n [ 0.59824528  4.98709556  1.13143847  3.34882959  0.757775    2.5852991 ]\n [-2.32396544  1.13143847  5.94155514  0.07832668  4.29721366  4.23925441]\n [ 2.52087038  3.34882959  0.07832668  6.32284776 -1.58021783 -0.16539353]\n [-2.93732441  0.757775    4.29721366 -1.58021783  8.52067169  6.59903781]\n [-2.50664201  2.5852991   4.23925441 -0.16539353  6.59903781  8.7337018 ]]", "nfev": "168", "njev": "24", "status": "0", "success": "True", "message": "Optimization terminated successfully.", "x": "[4.77846031 4.39608524 3.83821037 2.1681738  7.14208271 0.42183844]", "nit": "23"}, "21": {"maxiter": 1000, "gtol": 1e-10, "xrtol": 1e-05, "eps": 1e-10, "duration": 0.029140949249267578, "fun": "0.1397299322089336", "jac": "[1.11022293e-06 1.11022293e-06 2.22044587e-06 1.11022293e-06\n 1.11022293e-06 0.00000000e+00]", "hess_inv": "[[ 4.9452402   0.78030753 -2.03776227  2.68288355 -2.67440894 -2.22417285]\n [ 0.78030753  4.72280602  1.06632017  3.15856458  0.35301244  2.18459435]\n [-2.03776227  1.06632017  5.99098277  0.06881115  3.93421255  3.96674206]\n [ 2.68288355  3.15856458  0.06881115  6.25080688 -1.94857155 -0.53122429]\n [-2.67440894  0.35301244  3.93421255 -1.94857155  7.9561594   6.03290318]\n [-2.22417285  2.18459435  3.96674206 -0.53122429  6.03290318  8.18924515]]", "nfev": "168", "njev": "24", "status": "0", "success": "True", "message": "Optimization terminated successfully.", "x": "[4.7784498  4.39610684 3.83823205 2.16818566 7.14211637 0.42187639]", "nit": "23"}, "22": {"maxiter": 1000, "gtol": 1e-10, "xrtol": 1e-10, "eps": 1e-05, "duration": 0.07586097717285156, "fun": "0.13972993232167463", "jac": "[ 3.21964677e-10 -1.76636483e-08  2.19602114e-08  2.50910404e-08\n -3.97459843e-09 -2.97539771e-09]", "hess_inv": "[[ 4.98568869  0.63782196 -2.24096841  2.6691429  -2.8730721  -2.47296217]\n [ 0.63782196  4.97434462  1.11319325  3.25574217  0.72828526  2.57559327]\n [-2.24096841  1.11319325  5.93623984 -0.09063033  4.23977632  4.22307502]\n [ 2.6691429   3.25574217 -0.09063033  6.16344539 -1.73102793 -0.26340144]\n [-2.8730721   0.72828526  4.23977632 -1.73102793  8.46683337  6.57567637]\n [-2.47296217  2.57559327  4.22307502 -0.26340144  6.57567637  8.72867402]]", "nfev": "445", "njev": "62", "status": "2", "success": "False", "message": "Desired error not necessarily achieved due to precision loss.", "x": "[4.77845831 4.39608653 3.83821255 2.16817506 7.14208482 0.4218399 ]", "nit": "24"}, "23": {"maxiter": 1000, "gtol": 1e-10, "xrtol": 1e-10, "eps": 1e-10, "duration": 0.07451391220092773, "fun": "0.1397299322089336", "jac": "[1.11022293e-06 1.11022293e-06 2.22044587e-06 1.11022293e-06\n 1.11022293e-06 0.00000000e+00]", "hess_inv": "[[ 4.84366449  0.32314976 -2.67838227  2.27843564 -3.13538216 -2.77253529]\n [ 0.32314976  5.37781225  1.53689371  4.04682708  1.24492954  2.98818827]\n [-2.67838227  1.53689371  6.09736382  0.86690428  4.69487358  4.55334276]\n [ 2.27843564  4.04682708  0.86690428  7.34497915 -0.82179041  0.55213514]\n [-3.13538216  1.24492954  4.69487358 -0.82179041  9.10864412  7.12235034]\n [-2.77253529  2.98818827  4.55334276  0.55213514  7.12235034  9.17476225]]", "nfev": "439", "njev": "61", "status": "2", "success": "False", "message": "Desired error not necessarily achieved due to precision loss.", "x": "[4.7784498  4.39610684 3.83823205 2.16818566 7.14211637 0.42187639]", "nit": "23"}}, "cobyla": {"0": {"maxiter": 100, "tol": 1e-05, "catol": 1e-05, "duration": 0.01636219024658203, "x": "[4.76879295 4.39016295 3.84072231 2.15414308 7.15052392 0.42636417]", "status": "2", "success": "False", "message": "Maximum number of function evaluations has been exceeded.", "nfev": "100", "fun": "0.13974713230328561", "maxcv": "0.0"}, "1": {"maxiter": 100, "tol": 1e-05, "catol": 1e-10, "duration": 0.016293764114379883, "x": "[4.76879295 4.39016295 3.84072231 2.15414308 7.15052392 0.42636417]", "status": "2", "success": "False", "message": "Maximum number of function evaluations has been exceeded.", "nfev": "100", "fun": "0.13974713230328561", "maxcv": "0.0"}, "2": {"maxiter": 100, "tol": 1e-10, "catol": 1e-05, "duration": 0.016308069229125977, "x": "[4.76879295 4.39016295 3.84072231 2.15414308 7.15052392 0.42636417]", "status": "2", "success": "False", "message": "Maximum number of function evaluations has been exceeded.", "nfev": "100", "fun": "0.13974713230328561", "maxcv": "0.0"}, "3": {"maxiter": 100, "tol": 1e-10, "catol": 1e-10, "duration": 0.016309022903442383, "x": "[4.76879295 4.39016295 3.84072231 2.15414308 7.15052392 0.42636417]", "status": "2", "success": "False", "message": "Maximum number of function evaluations has been exceeded.", "nfev": "100", "fun": "0.13974713230328561", "maxcv": "0.0"}, "4": {"maxiter": 500, "tol": 1e-05, "catol": 1e-05, "duration": 0.047261953353881836, "x": "[4.77846162 4.39611975 3.83825189 2.16819217 7.14212418 0.42189109]", "status": "1", "success": "True", "message": "Optimization terminated successfully.", "nfev": "290", "fun": "0.13972993222855457", "maxcv": "0.0"}, "5": {"maxiter": 500, "tol": 1e-05, "catol": 1e-10, "duration": 0.04727673530578613, "x": "[4.77846162 4.39611975 3.83825189 2.16819217 7.14212418 0.42189109]", "status": "1", "success": "True", "message": "Optimization terminated successfully.", "nfev": "290", "fun": "0.13972993222855457", "maxcv": "0.0"}, "6": {"maxiter": 500, "tol": 1e-10, "catol": 1e-05, "duration": 0.07832503318786621, "x": "[4.7784603  4.39611303 3.83823663 2.16819468 7.14211499 0.42187759]", "status": "1", "success": "True", "message": "Optimization terminated successfully.", "nfev": "480", "fun": "0.13972993218931984", "maxcv": "0.0"}, "7": {"maxiter": 500, "tol": 1e-10, "catol": 1e-10, "duration": 0.07834863662719727, "x": "[4.7784603  4.39611303 3.83823663 2.16819468 7.14211499 0.42187759]", "status": "1", "success": "True", "message": "Optimization terminated successfully.", "nfev": "480", "fun": "0.13972993218931984", "maxcv": "0.0"}, "8": {"maxiter": 1000, "tol": 1e-05, "catol": 1e-05, "duration": 0.04724287986755371, "x": "[4.77846162 4.39611975 3.83825189 2.16819217 7.14212418 0.42189109]", "status": "1", "success": "True", "message": "Optimization terminated successfully.", "nfev": "290", "fun": "0.13972993222855457", "maxcv": "0.0"}, "9": {"maxiter": 1000, "tol": 1e-05, "catol": 1e-10, "duration": 0.04745197296142578, "x": "[4.77846162 4.39611975 3.83825189 2.16819217 7.14212418 0.42189109]", "status": "1", "success": "True", "message": "Optimization terminated successfully.", "nfev": "290", "fun": "0.13972993222855457", "maxcv": "0.0"}, "10": {"maxiter": 1000, "tol": 1e-10, "catol": 1e-05, "duration": 0.07843613624572754, "x": "[4.7784603  4.39611303 3.83823663 2.16819468 7.14211499 0.42187759]", "status": "1", "success": "True", "message": "Optimization terminated successfully.", "nfev": "480", "fun": "0.13972993218931984", "maxcv": "0.0"}, "11": {"maxiter": 1000, "tol": 1e-10, "catol": 