{"date": "2024/07/18/, 19:40:28", "conf_id": 43, "data_type": "random\n", "num_data_points": 3, "s_rank": 0, "unitary": "[[-0.53618537-0.34368723j,-0.12107031-0.46226139j,-0.07699282-0.46603512j,0.36022595-0.11472301j],[0.26026499-0.63450712j,-0.56616638+0.37832564j,-0.14988651+0.08458591j,0.10363514-0.16008501j],[-0.32580188-0.11070003j,-0.36476308-0.23593218j,0.02559343+0.41761608j,-0.25598305+0.6725303j],[0.07406738-0.0126433j,0.28513701+0.19483972j,-0.74939717-0.10299659j,0.29798249+0.46269921j]]", "databatch_0": {"databatch": "[[[-0.04577507+0.00359789j,-0.09261579-0.06856011j,-0.06612205+0.01615408j,0.09121881+0.00708968j],[-0.17935716+0.11432744j,-0.52793035-0.07881267j,-0.23523706+0.20995177j,0.38844713-0.1695167j],[0.00346495+0.0633854j,-0.09780935+0.12574836j,0.02014897+0.09192108j,0.01280347-0.12584232j],[0.14967824-0.02188543j,0.31950615+0.20501483j,0.21380241-0.06763039j,-0.30140648-0.00326017j]],[[-0.06782796-0.28615915j,0.0246019+0.13182923j,-0.03472362+0.07243974j,0.15313172-0.39027997j],[-0.10701237+0.06348568j,0.05013717-0.0265631j,0.03363495+0.00488666j,-0.17693165-0.01261785j],[0.04812111-0.3376743j,-0.0293425+0.15274358j,-0.06820182+0.06347555j,0.33080125-0.35637887j],[0.26008925+0.12537091j,-0.11570713-0.06282182j,-0.03372905-0.07129197j,0.20272625+0.35822086j]],[[-0.37622246+0.30529966j,0.4560227-0.06938017j,0.13224756-0.22648274j,0.30209851-0.42064305j],[0.1446683+0.00329096j,-0.1171973-0.07241443j,-0.07390184+0.02596189j,-0.15010938+0.0372949j],[-0.13156654+0.11520285j,0.16353924-0.03119099j,0.04463597-0.08347588j,0.10327178-0.15580229j],[-0.07414763-0.08638771j,0.01925232+0.10666059j,0.05405349+0.02959398j,0.10075888+0.06822976j]]]", "initial param values": "[2.23248775,4.94204241,2.88392553,4.04182109,2.50794523,3.46527823]", "nelder_mead": {"type": "gradient-free", "0": {"maxiter": 100, "fatol": 1e-05, "xatol": 1e-05, "duration": 0.028218984603881836, "fun": "0.19120400460772757", "nit": "100", "nfev": "160", "status": "2", "success": "False", "message": "Maximum number of iterations has been exceeded.", "x": "[2.65935707 7.00771876 2.44738966 4.66638699 1.9183397  3.05791277]", "final_simplex": "(array([[2.65935707, 7.00771876, 2.44738966, 4.66638699, 1.9183397 ,\n        3.05791277],\n       [2.6393347 , 7.01143627, 2.49995297, 4.61291706, 1.88448899,\n        3.08366824],\n       [2.65206754, 7.02309876, 2.49418165, 4.65873284, 1.85747782,\n        2.96003861],\n       [2.74640507, 7.14282205, 2.53255276, 4.68872902, 1.85038199,\n        2.94887934],\n       [2.72916057, 7.10064837, 2.59089827, 4.71769584, 1.86016918,\n        3.02330783],\n       [2.60171312, 6.96314933, 2.41644591, 4.65768725, 1.88387209,\n        3.06772886],\n       [2.62222055, 7.02643916, 2.42163374, 4.76348173, 1.91641907,\n        3.07000315]]), array([0.191204  , 0.19150507, 0.19183389, 0.19195527, 0.19196327,\n       0.19212203, 0.19227182]))"}, "1": {"maxiter": 100, "fatol": 1e-05, "xatol": 1e-10, "duration": 0.027962923049926758, "fun": "0.19120400460772757", "nit": "100", "nfev": "160", "status": "2", "success": "False", "message": "Maximum number of iterations has been exceeded.", "x": "[2.65935707 7.00771876 2.44738966 4.66638699 1.9183397  3.05791277]", "final_simplex": "(array([[2.65935707, 7.00771876, 2.44738966, 4.66638699, 1.9183397 ,\n        3.05791277],\n       [2.6393347 , 7.01143627, 2.49995297, 4.61291706, 1.88448899,\n        3.08366824],\n       [2.65206754, 7.02309876, 2.49418165, 4.65873284, 1.85747782,\n        2.96003861],\n       [2.74640507, 7.14282205, 2.53255276, 4.68872902, 1.85038199,\n        2.94887934],\n       [2.72916057, 7.10064837, 2.59089827, 4.71769584, 1.86016918,\n        3.02330783],\n       [2.60171312, 6.96314933, 2.41644591, 4.65768725, 1.88387209,\n        3.06772886],\n       [2.62222055, 7.02643916, 2.42163374, 4.76348173, 1.91641907,\n        3.07000315]]), array([0.191204  , 0.19150507, 0.19183389, 0.19195527, 0.19196327,\n       0.19212203, 0.19227182]))"}, "2": {"maxiter": 100, "fatol": 1e-10, "xatol": 1e-05, "duration": 0.027988910675048828, "fun": "0.19120400460772757", "nit": "100", "nfev": "160", "status": "2", "success": "False", "message": "Maximum number of iterations has been exceeded.", "x": "[2.65935707 7.00771876 2.44738966 4.66638699 1.9183397  3.05791277]", "final_simplex": "(array([[2.65935707, 7.00771876, 2.44738966, 4.66638699, 1.9183397 ,\n        3.05791277],\n       [2.6393347 , 7.01143627, 2.49995297, 4.61291706, 1.88448899,\n        3.08366824],\n       [2.65206754, 7.02309876, 2.49418165, 4.65873284, 1.85747782,\n        2.96003861],\n       [2.74640507, 7.14282205, 2.53255276, 4.68872902, 1.85038199,\n        2.94887934],\n       [2.72916057, 7.10064837, 2.59089827, 4.71769584, 1.86016918,\n        3.02330783],\n       [2.60171312, 6.96314933, 2.41644591, 4.65768725, 1.88387209,\n        3.06772886],\n       [2.62222055, 7.02643916, 2.42163374, 4.76348173, 1.91641907,\n        3.07000315]]), array([0.191204  , 0.19150507, 0.19183389, 0.19195527, 0.19196327,\n       0.19212203, 0.19227182]))"}, "3": {"maxiter": 100, "fatol": 1e-10, "xatol": 1e-10, "duration": 0.027920961380004883, "fun": "0.19120400460772757", "nit": "100", "nfev": "160", "status": "2", "success": "False", "message": "Maximum number of iterations has been exceeded.", "x": "[2.65935707 7.00771876 2.44738966 4.66638699 1.9183397  3.05791277]", "final_simplex": "(array([[2.65935707, 7.00771876, 2.44738966, 4.66638699, 1.9183397 ,\n        3.05791277],\n       [2.6393347 , 7.01143627, 2.49995297, 4.61291706, 1.88448899,\n        3.08366824],\n       [2.65206754, 7.02309876, 2.49418165, 4.65873284, 1.85747782,\n        2.96003861],\n       [2.74640507, 7.14282205, 2.53255276, 4.68872902, 1.85038199,\n        2.94887934],\n       [2.72916057, 7.10064837, 2.59089827, 4.71769584, 1.86016918,\n        3.02330783],\n       [2.60171312, 6.96314933, 2.41644591, 4.65768725, 1.88387209,\n        3.06772886],\n       [2.62222055, 7.02643916, 2.42163374, 4.76348173, 1.91641907,\n        3.07000315]]), array([0.191204  , 0.19150507, 0.19183389, 0.19195527, 0.19196327,\n       0.19212203, 0.19227182]))"}, "4": {"maxiter": 500, "fatol": 1e-05, "xatol": 1e-05, "duration": 0.12851810455322266, "fun": "0.17427393381176215", "nit": "474", "nfev": "735", "status": "0", "success": "True", "message": "Optimization terminated successfully.", "x": "[2.25342487 8.46404763 3.66655415 5.02940234 2.0463776  2.26411074]", "final_simplex": "(array([[2.25342487, 8.46404763, 3.66655415, 5.02940234, 2.0463776 ,\n        2.26411074],\n       [2.25342814, 8.46404353, 3.66654752, 5.02940386, 2.04637757,\n        2.26411373],\n       [2.25342027, 8.46404975, 3.66655333, 5.02940762, 2.04637881,\n        2.2641081 ],\n       [2.25342415, 8.46405145, 3.6665545 , 5.029405  , 2.04637541,\n        2.26411254],\n       [2.25342653, 8.46404996, 3.66655631, 5.0294064 , 2.04637382,\n        2.26410852],\n       [2.25342394, 8.46404237, 3.66654442, 5.02940518, 2.04637865,\n        2.26411279],\n       [2.25342846, 8.46404165, 3.66654843, 5.02940348, 2.04637455,\n        2.26411838]]), array([0.17427393, 0.17427393, 0.17427393, 0.17427393, 0.17427393,\n       0.17427393, 0.17427393]))"}, "5": {"maxiter": 500, "fatol": 1e-05, "xatol": 1e-10, "duration": 0.13469505310058594, "fun": "0.17427393380660117", "nit": "500", "nfev": "772", "status": "2", "success": "False", "message": "Maximum number of iterations has been exceeded.", "x": "[2.25341615 8.46405841 3.6665568  5.02940904 2.04637976 2.26409733]", "final_simplex": "(array([[2.25341615, 8.46405841, 3.6665568 , 5.02940904, 2.04637976,\n        2.26409733],\n       [2.25341848, 8.46405555, 3.66655533, 5.02940593, 2.04638032,\n        2.26410044],\n       [2.25341754, 8.46405893, 3.66655926, 5.02940663, 2.04637898,\n        2.26409773],\n       [2.25341969, 8.46405501, 3.66655492, 5.02940727, 2.04637921,\n        2.26409962],\n       [2.25342011, 8.46405197, 3.66655329, 5.02940696, 2.0463786 ,\n        2.2641026 ],\n       [2.25341728, 8.46405621, 3.66655654, 5.02940818, 2.04638022,\n        2.2640992 ],\n       [2.25342133, 8.46405446, 3.66655496, 5.02940673, 2.04637739,\n        2.26410361]]), array([0.17427393, 0.17427393, 0.17427393, 0.17427393, 0.17427393,\n       0.17427393, 0.17427393]))"}, "6": {"maxiter": 500, "fatol": 1e-10, "xatol": 1e-05, "duration": 0.12829279899597168, "fun": "0.17427393381176215", "nit": "474", "nfev": "735", "status": "0", "success": "True", "message": "Optimization terminated successfully.", "x": "[2.25342487 8.46404763 3.66655415 5.02940234 2.0463776  2.26411074]", "final_simplex": "(array([[2.25342487, 8.46404763, 3.66655415, 5.02940234, 2.0463776 ,\n        2.26411074],\n       [2.25342814, 8.46404353, 3.66654752, 5.02940386, 2.04637757,\n        2.26411373],\n       [2.25342027, 8.46404975, 3.66655333, 5.02940762, 2.04637881,\n        2.2641081 ],\n       [2.25342415, 8.46405145, 3.6665545 , 5.029405  , 2.04637541,\n        2.26411254],\n       [2.25342653, 8.46404996, 3.66655631, 5.0294064 , 2.04637382,\n        2.26410852],\n       [2.25342394, 8.46404237, 3.66654442, 5.02940518, 2.04637865,\n        2.26411279],\n       [2.25342846, 8.46404165, 3.66654843, 5.02940348, 2.04637455,\n        2.26411838]]), array([0.17427393, 0.17427393, 0.17427393, 0.17427393, 0.17427393,\n       0.17427393, 0.17427393]))"}, "7": {"maxiter": 500, "fatol": 1e-10, "xatol": 1e-10, "duration": 0.13241171836853027, "fun": "0.17427393380660117", "nit": "500", "nfev": "772", "status": "2", "success": "False", "message": "Maximum number of iterations has been exceeded.", "x": "[2.25341615 8.46405841 3.6665568  5.02940904 2.04637976 2.26409733]", "final_simplex": "(array([[2.25341615, 8.46405841, 3.6665568 , 5.02940904, 2.04637976,\n        2.26409733],\n       [2.25341848, 8.46405555, 3.66655533, 5.02940593, 2.04638032,\n        2.26410044],\n       [2.25341754, 8.46405893, 3.66655926, 5.02940663, 2.04637898,\n        2.26409773],\n       [2.25341969, 8.46405501, 3.66655492, 5.02940727, 2.04637921,\n        2.26409962],\n       [2.25342011, 8.46405197, 3.66655329, 5.02940696, 2.0463786 ,\n        2.2641026 ],\n       [2.25341728, 8.46405621, 3.66655654, 5.02940818, 2.04638022,\n        2.2640992 ],\n       [2.25342133, 8.46405446, 3.66655496, 5.02940673, 2.04637739,\n        2.26410361]]), array([0.17427393, 0.17427393, 0.17427393, 0.17427393, 0.17427393,\n       0.17427393, 0.17427393]))"}, "8": {"maxiter": 1000, "fatol": 1e-05, "xatol": 1e-05, "duration": 0.12384796142578125, "fun": "0.17427393381176215", "nit": "474", "nfev": "735", "status": "0", "success": "True", "message": "Optimization terminated successfully.", "x": "[2.25342487 8.46404763 3.66655415 5.02940234 2.0463776  2.26411074]", "final_simplex": "(array([[2.25342487, 8.46404763, 3.66655415, 5.02940234, 2.0463776 ,\n        2.26411074],\n       [2.25342814, 8.46404353, 3.66654752, 5.02940386, 2.04637757,\n        2.26411373],\n       [2.25342027, 8.46404975, 3.66655333, 5.02940762, 2.04637881,\n        2.2641081 ],\n       [2.25342415, 8.46405145, 3.6665545 , 5.029405  , 2.04637541,\n        2.26411254],\n       [2.25342653, 8.46404996, 3.66655631, 5.0294064 , 2.04637382,\n        2.26410852],\n       [2.25342394, 8.46404237, 3.66654442, 5.02940518, 2.04637865,\n        2.26411279],\n       [2.25342846, 8.46404165, 3.66654843, 5.02940348, 2.04637455,\n        2.26411838]]), array([0.17427393, 0.17427393, 0.17427393, 0.17427393, 0.17427393,\n       0.17427393, 0.17427393]))"}, "9": {"maxiter": 1000, "fatol": 1e-05, "xatol": 1e-10, "duration": 0.17412686347961426, "fun": "0.17427393380527112", "nit": "620", "nfev": "1024", "status": "0", "success": "True", "message": "Optimization terminated successfully.", "x": "[2.25341683 8.46405635 3.66655648 5.02940574 2.04637807 2.26409915]", "final_simplex": "(array([[2.25341683, 8.46405635, 3.66655648, 5.02940574, 2.04637807,\n        2.26409915],\n       [2.25341683, 8.46405635, 3.66655648, 5.02940574, 2.04637807,\n        2.26409915],\n       [2.25341683, 8.46405635, 3.66655648, 5.02940574, 2.04637807,\n        2.26409915],\n       [2.25341683, 8.46405635, 3.66655648, 5.02940574, 2.04637807,\n        2.26409915],\n       [2.25341683, 8.46405635, 3.66655648, 5.02940574, 2.04637807,\n        2.26409915],\n       [2.25341683, 8.46405635, 3.66655648, 5.02940574, 2.04637807,\n        2.26409915],\n       [2.25341683, 8.46405635, 3.66655648, 5.02940574, 2.04637807,\n        2.26409915]]), array([0.17427393, 0.17427393, 0.17427393, 0.17427393, 0.17427393,\n       0.17427393, 0.17427393]))"}, "10": {"maxiter": 1000, "fatol": 1e-10, "xatol": 1e-05, "duration": 0.12622690200805664, "fun": "0.17427393381176215", "nit": "474", "nfev": "735", "status": "0", "success": "True", "message": "Optimization terminated successfully.", "x": "[2.25342487 8.46404763 3.66655415 5.02940234 2.0463776  2.26411074]", "final_simplex": "(array([[2.25342487, 8.46404763, 3.66655415, 5.02940234, 2.0463776 ,\n        2.26411074],\n       [2.25342814, 8.46404353, 3.66654752, 5.02940386, 2.04637757,\n        2.26411373],\n       [2.25342027, 8.46404975, 3.66655333, 5.02940762, 2.04637881,\n        2.2641081 ],\n       [2.25342415, 8.46405145, 3.6665545 , 5.029405  , 2.04637541,\n        2.26411254],\n       [2.25342653, 8.46404996, 3.66655631, 5.0294064 , 2.04637382,\n        2.26410852],\n       [2.25342394, 8.46404237, 3.66654442, 5.02940518, 2.04637865,\n        2.26411279],\n       [2.25342846, 8.46404165, 3.66654843, 5.02940348, 2.04637455,\n        2.26411838]]), array([0.17427393, 0.17427393, 0.17427393, 0.17427393, 0.17427393,\n       0.17427393, 0.17427393]))"}, "11": {"maxiter": 1000, "fatol": 1e-10, "xatol": 1e-10, "duration": 0.1723189353942871, "fun": "0.17427393380527112", "nit": "620", "nfev": "1024", "status": "0", "success": "True", "message": "Optimization terminated successfully.", "x": "[2.25341683 8.46405635 3.66655648 5.02940574 2.04637807 2.26409915]", "final_simplex": "(array([[2.25341683, 8.46405635, 3.66655648, 5.02940574, 2.04637807,\n        2.26409915],\n       [2.25341683, 8.46405635, 3.66655648, 5.02940574, 2.04637807,\n        2.26409915],\n       [2.25341683, 8.46405635, 3.66655648, 5.02940574, 2.04637807,\n        2.26409915],\n       [2.25341683, 8.46405635, 3.66655648, 5.02940574, 2.04637807,\n        2.26409915],\n       [2.25341683, 8.46405635, 3.66655648, 5.02940574, 2.04637807,\n        2.26409915],\n       [2.25341683, 8.46405635, 3.66655648, 5.02940574, 2.04637807,\n        2.26409915],\n       [2.25341683, 8.46405635, 3.66655648, 5.02940574, 2.04637807,\n        2.26409915]]), array([0.17427393, 0.17427393, 0.17427393, 0.17427393, 0.17427393,\n       0.17427393, 0.17427393]))"}}, "bfgs": {"type": "gradient", "0": {"maxiter": 100, "gtol": 1e-05, "xrtol": 1e-05, "eps": 1e-05, "duration": 0.04018712043762207, "fun": "0.1742739338913326", "jac": "[-7.17204074e-07 -4.55880889e-06  3.92055277e-06  6.61278810e-06\n -2.87947444e-07  8.97648622e-07]", "hess_inv": "[[ 16.98003855 -16.3953549  -10.20552071  -6.35829292  -6.20190962\n   18.55643916]\n [-16.3953549   24.74301259  15.61834965   8.58921826   4.87670481\n  -21.18790956]\n [-10.20552071  15.61834965  13.97624471   3.67263555   1.91072671\n  -13.06545865]\n [ -6.35829292   8.58921826   3.67263555   5.97423492   2.80471449\n   -8.44708514]\n [ -6.20190962   4.87670481   1.91072671   2.80471449   6.06661268\n   -7.77323441]\n [ 18.55643916 -21.18790956 -13.06545865  -8.44708514  -7.77323441\n   25.73571687]]", "nfev": "224", "njev": "32", "status": "0", "success": "True", "message": "Optimization terminated successfully.", "x": "[2.25342826 8.46401915 3.66653729 5.02940747 2.04637164 2.26412035]", "nit": "30"}, "1": {"maxiter": 100, "gtol": 1e-05, "xrtol": 1e-05, "eps": 1e-10, "duration": 0.039794206619262695, "fun": "0.17427393395379775", "jac": "[-1.11022293e-06 -7.77156053e-06  3.33066880e-06  5.55111466e-06\n -1.11022293e-06  0.00000000e+00]", "hess_inv": "[[ 16.986109   -16.75340623 -10.43065908  -6.48867786  -6.20464785\n   18.68622702]\n [-16.75340623  25.39700878  15.99105      8.86951087   5.08746311\n  -21.80733862]\n [-10.43065908  15.99105     14.15768231   3.84890254   2.08415933\n  -13.47489788]\n [ -6.48867786   8.86951087   3.84890254   6.07814406   2.85790849\n   -8.6641095 ]\n [ -6.20464785   5.08746311   2.08415933   2.85790849   6.00892095\n   -7.79947919]\n [ 18.68622702 -21.80733862 -13.47489788  -8.6641095   -7.79947919\n   26.04706825]]", "nfev": "224", "njev": "32", "status": "0", "success": "True", "message": "Optimization terminated successfully.", "x": "[2.25344461 8.46399251 3.6665241  5.0293969  2.04636814 2.26414049]", "nit": "30"}, "2": {"maxiter": 100, "gtol": 1e-05, "xrtol": 1e-10, "eps": 1e-05, "duration": 0.03975105285644531, "fun": "0.1742739338913326", "jac": "[-7.17204074e-07 -4.55880889e-06  3.92055277e-06  6.61278810e-06\n -2.87947444e-07  8.97648622e-07]", "hess_inv": "[[ 16.98003855 -16.3953549  -10.20552071  -6.35829292  -6.20190962\n   18.55643916]\n [-16.3953549   24.74301259  15.61834965   8.58921826   4.87670481\n  -21.18790956]\n [-10.20552071  15.61834965  13.97624471   3.67263555   1.91072671\n  -13.06545865]\n [ -6.35829292   8.58921826   3.67263555   5.97423492   2.80471449\n   -8.44708514]\n [ -6.20190962   4.87670481   1.91072671   2.80471449   6.06661268\n   -7.77323441]\n [ 18.55643916 -21.18790956 -13.06545865  -8.44708514  -7.77323441\n   25.73571687]]", "nfev": "224", "njev": "32", "status": "0", "success": "True", "message": "Optimization terminated successfully.", "x": "[2.25342826 8.46401915 3.66653729 5.02940747 2.04637164 2.26412035]", "nit": "30"}, "3": {"maxiter": 100, "gtol": 1e-05, "xrtol": 1e-10, "eps": 1e-10, "duration": 0.03952312469482422, "fun": "0.17427393395379775", "jac": "[-1.11022293e-06 -7.77156053e-06  3.33066880e-06  5.55111466e-06\n -1.11022293e-06  0.00000000e+00]", "hess_inv": "[[ 16.986109   -16.75340623 -10.43065908  -6.48867786  -6.20464785\n   18.68622702]\n [-16.75340623  25.39700878  15.99105      8.86951087   5.08746311\n  -21.80733862]\n [-10.43065908  15.99105     14.15768231   3.84890254   2.08415933\n  -13.47489788]\n [ -6.48867786   8.86951087   3.84890254   6.07814406   2.85790849\n   -8.6641095 ]\n [ -6.20464785   5.08746311   2.08415933   2.85790849   6.00892095\n   -7.79947919]\n [ 18.68622702 -21.80733862 -13.47489788  -8.6641095   -7.79947919\n   26.04706825]]", "nfev": "224", "njev": "32", "status": "0", "success": "True", "message": "Optimization terminated successfully.", "x": "[2.25344461 8.46399251 3.6665241  5.0293969  2.04636814 2.26414049]", "nit": "30"}, "4": {"maxiter": 100, "gtol": 1e-10, "xrtol": 1e-05, "eps": 1e-05, "duration": 0.040785789489746094, "fun": "0.1742739338435345", "jac": "[ 1.14652732e-07 -1.15019105e-07  2.21855867e-07  3.48021612e-07\n  1.99373851e-07  2.41706655e-07]", "hess_inv": "[[ 16.3173763  -15.78361617 -10.01738571  -6.34331052  -5.92323276\n   17.59474486]\n [-15.78361617  24.25375003  15.39969017   8.38855599   4.63507561\n  -20.352642  ]\n [-10.01738571  15.39969017  13.9496436    3.77974408   1.82229047\n  -12.76111905]\n [ -6.34331052   8.38855599   3.77974408   6.43643448   2.75971308\n   -8.29530918]\n [ -5.92323276   4.63507561   1.82229047   2.75971308   5.95265565\n   -7.37968208]\n [ 17.59474486 -20.352642   -12.76111905  -8.29530918  -7.37968208\n   24.37660558]]", "nfev": "231", "njev": "33", "status": "0", "success": "True", "message": "Optimization terminated successfully.", "x": "[2.25343173 8.46402215 3.6665326  5.02939202 2.04637146 2.26412106]", "nit": "31"}, "5": {"maxiter": 100, "gtol": 1e-10, "xrtol": 1e-05, "eps": 1e-10, "duration": 0.053826093673706055, "fun": "0.1742739338353333", "jac": "[ 0.00000000e+00  2.22044587e-06 -2.22044587e-06 -2.22044587e-06\n  4.44089173e-06  2.22044587e-06]", "hess_inv": "[[ 28.04234218 -34.11623402 -20.15995077  -8.29777392 -11.16212085\n   33.0253778 ]\n [-34.11623402  51.73250138  31.21317167  12.05268555  12.78995814\n  -44.07797486]\n [-20.15995077  31.21317167  22.66241737   5.29548245   6.50953064\n  -26.06687409]\n [ -8.29777392  12.05268555   5.29548245   5.73064974   3.9110458\n  -11.06682613]\n [-11.16212085  12.78995814   6.50953064   3.9110458    8.13800137\n  -14.22107398]\n [ 33.0253778  -44.07797486 -26.06687409 -11.06682613 -14.22107398\n   44.57572933]]", "nfev": "308", "njev": "44", "status": "0", "success": "True", "message": "Optimization terminated successfully.", "x": "[2.25339946 8.46407546 3.6665658  5.02940369 2.04638789 2.26407847]", "nit": "32"}, "6": {"maxiter": 100, "gtol": 1e-10, "xrtol": 1e-10, "eps": 1e-05, "duration": 0.08369684219360352, "fun": "0.1742739338435345", "jac": "[ 1.14652732e-07 -1.15019105e-07  2.21855867e-07  3.48021612e-07\n  1.99373851e-07  2.41706655e-07]", "hess_inv": "[[ 16.18909647 -15.78045199  -9.89529267  -6.04740124  -5.90805744\n   17.49932714]\n [-15.78045199  24.35547548  15.3511183    8.13605044   4.64251833\n  -20.41176085]\n [ -9.89529267  15.3511183   13.85382865   3.60784392   1.80434866\n  -12.64279236]\n [ -6.04740124   8.13605044   3.60784392   6.34445741   2.70587911\n   -7.92714039]\n [ -5.90805744   4.64251833   1.80434866   2.70587911   5.95146066\n   -7.3731145 ]\n [ 17.49932714 -20.41176085 -12.64279236  -7.92714039  -7.3731145\n   24.3427507 ]]", "nfev": "480", "njev": "67", "status": "2", "success": "False", "message": "Desired error not necessarily achieved due to precision loss.", "x": "[2.25343173 8.46402215 3.6665326  5.02939202 2.04637146 2.26412106]", "nit": "31"}, "7": {"maxiter": 100, "gtol": 1e-10, "xrtol": 1e-10, "eps": 1e-10, "duration": 0.05379676818847656, "fun": "0.1742739338353333", "jac": "[ 0.00000000e+00  2.22044587e-06 -2.22044587e-06 -2.22044587e-06\n  4.44089173e-06  2.22044587e-06]", "hess_inv": "[[ 28.04234218 -34.11623402 -20.15995077  -8.29777392 -11.16212085\n   33.0253778 ]\n [-34.11623402  51.73250138  31.21317167  12.05268555  12.78995814\n  -44.07797486]\n [-20.15995077  31.21317167  22.66241737   5.29548245   6.50953064\n  -26.06687409]\n [ -8.29777392  12.05268555   5.29548245   5.73064974   3.9110458\n  -11.06682613]\n [-11.16212085  12.78995814   6.50953064   3.9110458    8.13800137\n  -14.22107398]\n [ 33.0253778  -44.07797486 -26.06687409 -11.06682613 -14.22107398\n   44.57572933]]", "nfev": "308", "njev": "44", "status": "0", "success": "True", "message": "Optimization terminated successfully.", "x": "[2.25339946 8.46407546 3.6665658  5.02940369 2.04638789 2.26407847]", "nit": "32"}, "8": {"maxiter": 500, "gtol": 1e-05, "xrtol": 1e-05, "eps": 1e-05, "duration": 0.03933119773864746, "fun": "0.1742739338913326", "jac": "[-7.17204074e-07 -4.55880889e-06  3.92055277e-06  6.61278810e-06\n -2.87947444e-07  8.97648622e-07]", "hess_inv": "[[ 16.98003855 -16.3953549  -10.20552071  -6.35829292  -6.20190962\n   18.55643916]\n [-16.3953549   24.74301259  15.61834965   8.58921826   4.87670481\n  -21.18790956]\n [-10.20552071  15.61834965  13.97624471   3.67263555   1.91072671\n  -13.06545865]\n [ -6.35829292   8.58921826   3.67263555   5.97423492   2.80471449\n   -8.44708514]\n [ -6.20190962   4.87670481   1.91072671   2.80471449   6.06661268\n   -7.77323441]\n [ 18.55643916 -21.18790956 -13.06545865  -8.44708514  -7.77323441\n   25.73571687]]", "nfev": "224", "njev": "32", "status": "0", "success": "True", "message": "Optimization terminated successfully.", "x": "[2.25342826 8.46401915 3.66653729 5.02940747 2.04637164 2.26412035]", "nit": "30"}, "9": {"maxiter": 500, "gtol": 1e-05, "xrtol": 1e-05, "eps": 1e-10, "duration": 0.039714813232421875, "fun": "0.17427393395379775", "jac": "[-1.11022293e-06 -7.77156053e-06  3.33066880e-06  5.55111466e-06\n -1.11022293e-06  0.00000000e+00]", "hess_inv": "[[ 16.986109   -16.75340623 -10.43065908  -6.48867786  -6.20464785\n   18.68622702]\n [-16.75340623  25.39700878  15.99105      8.86951087   5.08746311\n  -21.80733862]\n [-10.43065908  15.99105     14.15768231   3.84890254   2.08415933\n  -13.47489788]\n [ -6.48867786   8.86951087   3.84890254   6.07814406   2.85790849\n   -8.6641095 ]\n [ -6.20464785   5.08746311   2.08415933   2.85790849   6.00892095\n   -7.79947919]\n [ 18.68622702 -21.80733862 -13.47489788  -8.6641095   -7.79947919\n   26.04706825]]", "nfev": "224", "njev": "32", "status": "0", "success": "True", "message": "Optimization terminated successfully.", "x": "[2.25344461 8.46399251 3.6665241  5.0293969  2.04636814 2.26414049]", "nit": "30"}, "10": {"maxiter": 500, "gtol": 1e-05, "xrtol": 1e-10, "eps": 1e-05, "duration": 0.03939104080200195, "fun": "0.1742739338913326", "jac": "[-7.17204074e-07 -4.55880889e-06  3.92055277e-06  6.61278810e-06\n -2.87947444e-07  8.97648622e-07]", "hess_inv": "[[ 16.98003855 -16.3953549  -10.20552071  -6.35829292  -6.20190962\n   18.55643916]\n [-16.3953549   24.74301259  15.61834965   8.58921826   4.87670481\n  -21.18790956]\n [-10.20552071  15.61834965  13.97624471   3.67263555   1.91072671\n  -13.06545865]\n [ -6.35829292   8.58921826   3.67263555   5.97423492   2.80471449\n   -8.44708514]\n [ -6.20190962   4.87670481   1.91072671   2.80471449   6.06661268\n   -7.77323441]\n [ 18.55643916 -21.18790956 -13.06545865  -8.44708514  -7.77323441\n   25.73571687]]", "nfev": "224", "njev": "32", "status": "0", "success": "True", "message": "Optimization terminated successfully.", "x": "[2.25342826 8.46401915 3.66653729 5.02940747 2.04637164 2.26412035]", "nit": "30"}, "11": {"maxiter": 500, "gtol": 1e-05, "xrtol": 1e-10, "eps": 1e-10, "duration": 0.03940129280090332, "fun": "0.17427393395379775", "jac": "[-1.11022293e-06 -7.77156053e-06  3.33066880e-06  5.55111466e-06\n -1.11022293e-06  0.00000000e+00]", "hess_inv": "[[ 16.986109   -16.75340623 -10.43065908  -6.48867786  -6.20464785\n   18.68622702]\n [-16.75340623  25.39700878  15.99105      8.86951087   5.08746311\n  -21.80733862]\n [-10.43065908  15.99105     14.15768231   3.84890254   2.08415933\n  -13.47489788]\n [ -6.48867786   8.86951087   3.84890254   6.07814406   2.85790849\n   -8.6641095 ]\n [ -6.20464785   5.08746311   2.08415933   2.85790849   6.00892095\n   -7.79947919]\n [ 18.68622702 -21.80733862 -13.47489788  -8.6641095   -7.79947919\n   26.04706825]]", "nfev": "224", "njev": "32", "status": "0", "success": "True", "message": "Optimization terminated successfully.", "x": "[2.25344461 8.46399251 3.6665241  5.0293969  2.04636814 2.26414049]", "nit": "30"}, "12": {"maxiter": 500, "gtol": 1e-10, "xrtol": 1e-05, "eps": 1e-05, "duration": 0.04068899154663086, "fun": "0.1742739338435345", "jac": "[ 1.14652732e-07 -1.15019105e-07  2.21855867e-07  3.48021612e-07\n  1.99373851e-07  2.41706655e-07]", "hess_inv": "[[ 16.3173763  -15.78361617 -10.01738571  -6.34331052  -5.92323276\n   17.59474486]\n [-15.78361617  24.25375003  15.39969017   8.38855599   4.63507561\n  -20.352642  ]\n [-10.01738571  15.39969017  13.9496436    3.77974408   1.82229047\n  -12.76111905]\n [ -6.34331052   8.38855599   3.77974408   6.43643448   2.75971308\n   -8.29530918]\n [ -5.92323276   4.63507561   1.82229047   2.75971308   5.95265565\n   -7.37968208]\n [ 17.59474486 -20.352642   -12.76111905  -8.29530918  -7.37968208\n   24.37660558]]", "nfev": "231", "njev": "33", "status": "0", "success": "True", "message": "Optimization terminated successfully.", "x": "[2.25343173 8.46402215 3.6665326  5.02939202 2.04637146 2.26412106]", "nit": "31"}, "13": {"maxiter": 500, "gtol": 1e-10, "xrtol": 1e-05, "eps": 1e-10, "duration": 0.054096221923828125, "fun": "0.1742739338353333", "jac": "[ 0.00000000e+00  2.22044587e-06 -2.22044587e-06 -2.22044587e-06\n  4.44089173e-06  2.22044587e-06]", "hess_inv": "[[ 28.04234218 -34.11623402 -20.15995077  -8.29777392 -11.16212085\n   33.0253778 ]\n [-34.11623402  51.73250138  31.21317167  12.05268555  12.78995814\n  -44.07797486]\n [-20.15995077  31.21317167  22.66241737   5.29548245   6.50953064\n  -26.06687409]\n [ -8.29777392  12.05268555   5.29548245   5.73064974   3.9110458\n  -11.06682613]\n [-11.16212085  12.78995814   6.50953064   3.9110458    8.13800137\n  -14.22107398]\n [ 33.0253778  -44.07797486 -26.06687409 -11.06682613 -14.22107398\n   44.57572933]]", "nfev": "308", "njev": "44", "status": "0", "success": "True", "message": "Optimization terminated successfully.", "x": "[2.25339946 8.46407546 3.6665658  5.02940369 2.04638789 2.26407847]", "nit": "32"}, "14": {"maxiter": 500, "gtol": 1e-10, "xrtol": 1e-10, "eps": 1e-05, "duration": 0.08404302597045898, "fun": "0.1742739338435345", "jac": "[ 1.14652732e-07 -1.15019105e-07  2.21855867e-07  3.48021612e-07\n  1.99373851e-07  2.41706655e-07]", "hess_inv": "[[ 16.18909647 -15.78045199  -9.89529267  -6.04740124  -5.90805744\n   17.49932714]\n [-15.78045199  24.35547548  15.3511183    8.13605044   4.64251833\n  -20.41176085]\n [ -9.89529267  15.3511183   13.85382865   3.60784392   1.80434866\n  -12.64279236]\n [ -6.04740124   8.13605044   3.60784392   6.34445741   2.70587911\n   -7.92714039]\n [ -5.90805744   4.64251833   1.80434866   2.70587911   5.95146066\n   -7.3731145 ]\n [ 17.49932714 -20.41176085 -12.64279236  -7.92714039  -7.3731145\n   24.3427507 ]]", "nfev": "480", "njev": "67", "status": "2", "success": "False", "message": "Desired error not necessarily achieved due to precision loss.", "x": "[2.25343173 8.46402215 3.6665326  5.02939202 2.04637146 2.26412106]", "nit": "31"}, "15": {"maxiter": 500, "gtol": 1e-10, "xrtol": 1e-10, "eps": 1e-10, "duration": 0.05420184135437012, "fun": "0.1742739338353333", "jac": "[ 0.00000000e+00  2.22044587e-06 -2.22044587e-06 -2.22044587e-06\n  4.44089173e-06  2.22044587e-06]", "hess_inv": "[[ 28.04234218 -34.11623402 -20.15995077  -8.29777392 -11.16212085\n   33.0253778 ]\n [-34.11623402  51.73250138  31.21317167  12.05268555  12.78995814\n  -44.07797486]\n [-20.15995077  31.21317167  22.66241737   5.29548245   6.50953064\n  -26.06687409]\n [ -8.29777392  12.05268555   5.29548245   5.73064974   3.9110458\n  -11.06682613]\n [-11.16212085  12.78995814   6.50953064   3.9110458    8.13800137\n  -14.22107398]\n [ 33.0253778  -44.07797486 -26.06687409 -11.06682613 -14.22107398\n   44.57572933]]", "nfev": "308", "njev": "44", "status": "0", "success": "True", "message": "Optimization terminated successfully.", "x": "[2.25339946 8.46407546 3.6665658  5.02940369 2.04638789 2.26407847]", "nit": "32"}, "16": {"maxiter": 1000, "gtol": 1e-05, "xrtol": 1e-05, "eps": 1e-05, "duration": 0.03963804244995117, "fun": "0.1742739338913326", "jac": "[-7.17204074e-07 -4.55880889e-06  3.92055277e-06  6.61278810e-06\n -2.87947444e-07  8.97648622e-07]", "hess_inv": "[[ 16.98003855 -16.3953549  -10.20552071  -6.35829292  -6.20190962\n   18.55643916]\n [-16.3953549   24.74301259  15.61834965   8.58921826   4.87670481\n  -21.18790956]\n [-10.20552071  15.61834965  13.97624471   3.67263555   1.91072671\n  -13.06545865]\n [ -6.35829292   8.58921826   3.67263555   5.97423492   2.80471449\n   -8.44708514]\n [ -6.20190962   4.87670481   1.91072671   2.80471449   6.06661268\n   -7.77323441]\n [ 18.55643916 -21.18790956 -13.06545865  -8.44708514  -7.77323441\n   25.73571687]]", "nfev": "224", "njev": "32", "status": "0", "success": "True", "message": "Optimization terminated successfully.", "x": "[2.25342826 8.46401915 3.66653729 5.02940747 2.04637164 2.26412035]", "nit": "30"}, "17": {"maxiter": 1000, "gtol": 1e-05, "xrtol": 1e-05, "eps": 1e-10, "duration": 0.039624929428100586, "fun": "0.17427393395379775", "jac": "[-1.11022293e-06 -7.77156053e-06  3.33066880e-06  5.55111466e-06\n -1.11022293e-06  0.00000000e+00]", "hess_inv": "[[ 16.986109   -16.75340623 -10.43065908  -6.48867786  -6.20464785\n   18.68622702]\n [-16.75340623  25.39700878  15.99105      8.86951087   5.08746311\n  -21.80733862]\n [-10.43065908  15.99105     14.15768231   3.84890254   2.08415933\n  -13.47489788]\n [ -6.48867786   8.86951087   3.84890254   6.07814406   2.85790849\n   -8.6641095 ]\n [ -6.20464785   5.08746311   2.08415933   2.85790849   6.00892095\n   -7.79947919]\n [ 18.68622702 -21.80733862 -13.47489788  -8.6641095   -7.79947919\n   26.04706825]]", "nfev": "224", "njev": "32", "status": "0", "success": "True", "message": "Optimization terminated successfully.", "x": "[2.25344461 8.46399251 3.6665241  5.0293969  2.04636814 2.26414049]", "nit": "30"}, "18": {"maxiter": 1000, "gtol": 1e-05, "xrtol": 1e-10, "eps": 1e-05, "duration": 0.0396270751953125, "fun": "0.1742739338913326", "jac": "[-7.17204074e-07 -4.55880889e-06  3.92055277e-06  6.61278810e-06\n -2.87947444e-07  8.97648622e-07]", "hess_inv": "[[ 16.98003855 -16.3953549  -10.20552071  -6.35829292  -6.20190962\n   18.55643916]\n [-16.3953549   24.74301259  15.61834965   8.58921826   4.87670481\n  -21.18790956]\n [-10.20552071  15.61834965  13.97624471   3.67263555   1.91072671\n  -13.06545865]\n [ -6.35829292   8.58921826   3.67263555   5.97423492   2.80471449\n   -8.44708514]\n [ -6.20190962   4.87670481   1.91072671   2.80471449   6.06661268\n   -7.77323441]\n [ 18.55643916 -21.18790956 -13.06545865  -8.44708514  -7.77323441\n   25.73571687]]", "nfev": "224", "njev": "32", "status": "0", "success": "True", "message": "Optimization terminated successfully.", "x": "[2.25342826 8.46401915 3.66653729 5.02940747 2.04637164 2.26412035]", "nit": "30"}, "19": {"maxiter": 1000, "gtol": 1e-05, "xrtol": 1e-10, "eps": 1e-10, "duration": 0.03973793983459473, "fun": "0.17427393395379775", "jac": "[-1.11022293e-06 -7.77156053e-06  3.33066880e-06  5.55111466e-06\n -1.11022293e-06  0.00000000e+00]", "hess_inv": "[[ 16.986109   -16.75340623 -10.43065908  -6.48867786  -6.20464785\n   18.68622702]\n [-16.75340623  25.39700878  15.99105      8.86951087   5.08746311\n  -21.80733862]\n [-10.43065908  15.99105     14.15768231   3.84890254   2.08415933\n  -13.47489788]\n [ -6.48867786   8.86951087   3.84890254   6.07814406   2.85790849\n   -8.6641095 ]\n [ -6.20464785   5.08746311   2.08415933   2.85790849   6.00892095\n   -7.79947919]\n [ 18.68622702 -21.80733862 -13.47489788  -8.6641095   -7.79947919\n   26.04706825]]", "nfev": "224", "njev": "32", "status": "0", "success": "True", "message": "Optimization terminated successfully.", "x": "[2.25344461 8.46399251 3.6665241  5.0293969  2.04636814 2.26414049]", "nit": "30"}, "20": {"maxiter": 1000, "gtol": 1e-10, "xrtol": 1e-05, "eps": 1e-05, "duration": 0.04112529754638672, "fun": "0.1742739338435345", "jac": "[ 1.14652732e-07 -1.15019105e-07  2.21855867e-07  3.48021612e-07\n  1.99373851e-07  2.41706655e-07]", "hess_inv": "[[ 16.3173763  -15.78361617 -10.01738571  -6.34331052  -5.92323276\n   17.59474486]\n [-15.78361617  24.25375003  15.39969017   8.38855599   4.63507561\n  -20.352642  ]\n [-10.01738571  15.39969017  13.9496436    3.77974408   1.82229047\n  -12.76111905]\n [ -6.34331052   8.38855599   3.77974408   6.43643448   2.75971308\n   -8.29530918]\n [ -5.92323276   4.63507561   1.82229047   2.75971308   5.95265565\n   -7.37968208]\n [ 17.59474486 -20.352642   -12.76111905  -8.29530918  -7.37968208\n   24.37660558]]", "nfev": "231", "njev": "33", "status": "0", "success": "True", "message": "Optimization terminated successfully.", "x": "[2.25343173 8.46402215 3.6665326  5.02939202 2.04637146 2.26412106]", "nit": "31"}, "21": {"maxiter": 1000, "gtol": 1e-10, "xrtol": 1e-05, "eps": 1e-10, "duration": 0.054740190505981445, "fun": "0.1742739338353333", "jac": "[ 0.00000000e+00  2.22044587e-06 -2.22044587e-06 -2.22044587e-06\n  4.44089173e-06  2.22044587e-06]", "hess_inv": "[[ 28.04234218 -34.11623402 -20.15995077  -8.29777392 -11.16212085\n   33.0253778 ]\n [-34.11623402  51.73250138  31.21317167  12.05268555  12.78995814\n  -44.07797486]\n [-20.15995077  31.21317167  22.66241737   5.29548245   6.50953064\n  -26.06687409]\n [ -8.29777392  12.05268555   5.29548245   5.73064974   3.9110458\n  -11.06682613]\n [-11.16212085  12.78995814   6.50953064   3.9110458    8.13800137\n  -14.22107398]\n [ 33.0253778  -44.07797486 -26.06687409 -11.06682613 -14.22107398\n   44.57572933]]", "nfev": "308", "njev": "44", "status": "0", "success": "True", "message": "Optimization terminated successfully.", "x": "[2.25339946 8.46407546 3.6665658  5.02940369 2.04638789 2.26407847]", "nit": "32"}, "22": {"maxiter": 1000, "gtol": 1e-10, "xrtol": 1e-10, "eps": 1e-05, "duration": 0.0847921371459961, "fun": "0.1742739338435345", "jac": "[ 1.14652732e-07 -1.15019105e-07  2.21855867e-07  3.48021612e-07\n  1.99373851e-07  2.41706655e-07]", "hess_inv": "[[ 16.18909647 -15.78045199  -9.89529267  -6.04740124  -5.90805744\n   17.49932714]\n [-15.78045199  24.35547548  15.3511183    8.13605044   4.64251833\n  -20.41176085]\n [ -9.89529267  15.3511183   13.85382865   3.60784392   1.80434866\n  -12.64279236]\n [ -6.04740124   8.13605044   3.60784392   6.34445741   2.70587911\n   -7.92714039]\n [ -5.90805744   4.64251833   1.80434866   2.70587911   5.95146066\n   -7.3731145 ]\n [ 17.49932714 -20.41176085 -12.64279236  -7.92714039  -7.3731145\n   24.3427507 ]]", "nfev": "480", "njev": "67", "status": "2", "success": "False", "message": "Desired error not necessarily achieved due to precision loss.", "x": "[2.25343173 8.46402215 3.6665326  5.02939202 2.04637146 2.26412106]", "nit": "31"}, "23": {"maxiter": 1000, "gtol": 1e-10, "xrtol": 1e-10, "eps": 1e-10, "duration": 0.054730892181396484, "fun": "0.1742739338353333", "jac": "[ 0.00000000e+00  2.22044587e-06 -2.22044587e-06 -2.22044587e-06\n  4.44089173e-06  2.22044587e-06]", "hess_inv": "[[ 28.04234218 -34.11623402 -20.15995077  -8.29777392 -11.16212085\n   33.0253778 ]\n [-34.11623402  51.73250138  31.21317167  12.05268555  12.78995814\n  -44.07797486]\n [-20.15995077  31.21317167  22.66241737   5.29548245   6.50953064\n  -26.06687409]\n [ -8.29777392  12.05268555   5.29548245   5.73064974   3.9110458\n  -11.06682613]\n [-11.16212085  12.78995814   6.50953064   3.9110458    8.13800137\n  -14.22107398]\n [ 33.0253778  -44.07797486 -26.06687409 -11.06682613 -14.22107398\n   44.57572933]]", "nfev": "308", "njev": "44", "status": "0", "success": "True", "message": "Optimization terminated successfully.", "x": "[2.25339946 8.46407546 3.6665658  5.02940369 2.04638789 2.26407847]", "nit": "32"}}, "cobyla": {"0": {"maxiter": 100, "tol": 1e-05, "catol": 1e-05, "duration": 0.017096757888793945, "x": "[2.61122647 7.16993811 2.6149802  4.69943311 1.94686639 2.97970697]", "status": "2", "success": "False", "message": "Maximum number of function evaluations has been exceeded.", "nfev": "100", "fun": "0.187775794869125", "maxcv": "0.0"}, "1": {"maxiter": 100, "tol": 1e-05, "catol": 1e-10, "duration": 0.016975879669189453, "x": "[2.61122647 7.16993811 2.6149802  4.69943311 1.94686639 2.97970697]", "status": "2", "success": "False", "message": "Maximum number of function evaluations has been exceeded.", "nfev": "100", "fun": "0.187775794869125", "maxcv": "0.0"}, "2": {"maxiter": 100, "tol": 1e-10, "catol": 1e-05, "duration": 0.016993999481201172, "x": "[2.61122647 7.16993811 2.6149802  4.69943311 1.94686639 2.97970697]", "status": "2", "success": "False", "message": "Maximum number of function evaluations has been exceeded.", "nfev": "100", "fun": "0.187775794869125", "maxcv": "0.0"}, "3": {"maxiter": 100, "tol": 1e-10, "catol": 1e-10, "duration": 0.016988039016723633, "x": "[2.61122647 7.16993811 2.6149802  4.69943311 1.94686639 2.97970697]", "status": "2", "success": "False", "message": "Maximum number of function evaluations has been exceeded.", "nfev": "100", "fun": "0.187775794869125", "maxcv": "0.0"}, "4": {"maxiter": 500, "tol": 1e-05, "catol": 1e-05, "duration": 0.0850830078125, "x": "[2.3363519  8.34461937 3.58155503 4.98672782 2.02004866 2.37323099]", "status": "2", "success": "False", "message": "Maximum number of function evaluations has been exceeded.", "nfev": "500", "fun": "0.17455629845831544", "maxcv": "0.0"}, "5": {"maxiter": 500, "tol": 1e-05, "catol": 1e-10, "duration": 0.0839700698852539, "x": "[2.3363519  8.34461937 3.58155503 4.98672782 2.02004866 2.37323099]", "status": "2", "success": "False", "message": "Maximum number of functi