{"date": "2024/07/19/, 01:19:51", "conf_id": 137, "data_type": "orthogonal\n", "num_data_points": 3, "s_rank": 0, "unitary": "[[0.18663085-0.53122324j,-0.11886349-0.70040876j,0.28555095-0.02789305j,-0.12262021-0.2844587j],[-0.16702216+0.27758472j,0.27526351-0.29738586j,-0.01109314+0.22495461j,-0.77239203+0.28900673j],[0.61935415+0.12301792j,-0.31269928-0.03315917j,-0.61902762-0.19039079j,-0.27120731-0.0968989j],[0.42341754+0.0023929j,-0.05847358+0.47832119j,0.64900495-0.16218422j,-0.37182676-0.05229966j]]", "databatch_0": {"databatch": "[[[-0.20678318+0.18718017j,-0.07822071-0.04430829j,0.02270363+0.10339598j,0.17203673-0.28929594j],[0.15918407+0.05470652j,0.0401569-0.49575194j,-0.04278809+0.05720246j,-0.14536153+0.03605441j],[-0.34523666+0.18851799j,0.14579374-0.00698547j,-0.29462614-0.06141449j,-0.0255157+0.06967779j],[-0.31957123-0.01498857j,0.00476451+0.00088577j,0.16347299-0.14406068j,-0.24899525-0.04915358j]],[[-0.08338195+0.1671002j,-0.10832608-0.03037884j,0.07237051-0.0089187j,0.34465062-0.41067491j],[0.04688278-0.07993073j,0.02151235-0.2943613j,-0.03389899-0.18203928j,-0.17396863-0.00305296j],[-0.11542806-0.09000472j,-0.09828191+0.0320477j,-0.40769975+0.13042022j,-0.11052935+0.04140852j],[-0.15614321+0.05087528j,0.06687456-0.07288027j,0.36633396+0.05289341j,-0.28913761+0.11327004j]],[[-0.10761077+0.18246548j,-0.08485746-0.0642033j,0.04032129-0.06236516j,0.27761818-0.3394786j],[0.13475494+0.01290333j,0.01442601-0.38435127j,-0.06613703-0.08052763j,-0.12272341-0.01339459j],[-0.23483926+0.02511192j,0.02364184+0.04767523j,-0.45106972+0.08571959j,-0.14882952+0.005112j],[-0.27655171+0.02675648j,0.07533687-0.00601828j,0.33377612+0.01975605j,-0.23581316+0.10816036j]]]", "initial param values": "[3.61903068,1.96405909,2.61686166,4.85452812,0.14020704,3.02859282]", "nelder_mead": {"type": "gradient-free", "0": {"maxiter": 100, "fatol": 1e-05, "xatol": 1e-05, "duration": 0.026057958602905273, "fun": "0.33451286738158925", "nit": "100", "nfev": "150", "status": "2", "success": "False", "message": "Maximum number of iterations has been exceeded.", "x": "[1.5141635  0.76215144 3.61531288 2.58518922 0.2762392  2.30326792]", "final_simplex": "(array([[1.5141635 , 0.76215144, 3.61531288, 2.58518922, 0.2762392 ,\n        2.30326792],\n       [1.52871998, 0.8141056 , 3.60729744, 2.60056427, 0.27184645,\n        2.31703692],\n       [1.69688469, 0.77792889, 3.5387013 , 2.64947579, 0.2743821 ,\n        2.23722893],\n       [1.47841539, 0.70876598, 3.55205461, 2.51776553, 0.27551327,\n        2.45684417],\n       [1.59289131, 0.6536916 , 3.64469057, 2.71687553, 0.27363982,\n        2.3818495 ],\n       [1.70006526, 0.78806419, 3.56480945, 2.63815968, 0.2684864 ,\n        2.41281957],\n       [1.60472217, 0.7349806 , 3.65232841, 2.55281278, 0.27264152,\n        2.35595356]]), array([0.33451287, 0.33498317, 0.33499018, 0.3352886 , 0.33897692,\n       0.34210097, 0.34367748]))"}, "1": {"maxiter": 100, "fatol": 1e-05, "xatol": 1e-10, "duration": 0.025941848754882812, "fun": "0.33451286738158925", "nit": "100", "nfev": "150", "status": "2", "success": "False", "message": "Maximum number of iterations has been exceeded.", "x": "[1.5141635  0.76215144 3.61531288 2.58518922 0.2762392  2.30326792]", "final_simplex": "(array([[1.5141635 , 0.76215144, 3.61531288, 2.58518922, 0.2762392 ,\n        2.30326792],\n       [1.52871998, 0.8141056 , 3.60729744, 2.60056427, 0.27184645,\n        2.31703692],\n       [1.69688469, 0.77792889, 3.5387013 , 2.64947579, 0.2743821 ,\n        2.23722893],\n       [1.47841539, 0.70876598, 3.55205461, 2.51776553, 0.27551327,\n        2.45684417],\n       [1.59289131, 0.6536916 , 3.64469057, 2.71687553, 0.27363982,\n        2.3818495 ],\n       [1.70006526, 0.78806419, 3.56480945, 2.63815968, 0.2684864 ,\n        2.41281957],\n       [1.60472217, 0.7349806 , 3.65232841, 2.55281278, 0.27264152,\n        2.35595356]]), array([0.33451287, 0.33498317, 0.33499018, 0.3352886 , 0.33897692,\n       0.34210097, 0.34367748]))"}, "2": {"maxiter": 100, "fatol": 1e-10, "xatol": 1e-05, "duration": 0.02591109275817871, "fun": "0.33451286738158925", "nit": "100", "nfev": "150", "status": "2", "success": "False", "message": "Maximum number of iterations has been exceeded.", "x": "[1.5141635  0.76215144 3.61531288 2.58518922 0.2762392  2.30326792]", "final_simplex": "(array([[1.5141635 , 0.76215144, 3.61531288, 2.58518922, 0.2762392 ,\n        2.30326792],\n       [1.52871998, 0.8141056 , 3.60729744, 2.60056427, 0.27184645,\n        2.31703692],\n       [1.69688469, 0.77792889, 3.5387013 , 2.64947579, 0.2743821 ,\n        2.23722893],\n       [1.47841539, 0.70876598, 3.55205461, 2.51776553, 0.27551327,\n        2.45684417],\n       [1.59289131, 0.6536916 , 3.64469057, 2.71687553, 0.27363982,\n        2.3818495 ],\n       [1.70006526, 0.78806419, 3.56480945, 2.63815968, 0.2684864 ,\n        2.41281957],\n       [1.60472217, 0.7349806 , 3.65232841, 2.55281278, 0.27264152,\n        2.35595356]]), array([0.33451287, 0.33498317, 0.33499018, 0.3352886 , 0.33897692,\n       0.34210097, 0.34367748]))"}, "3": {"maxiter": 100, "fatol": 1e-10, "xatol": 1e-10, "duration": 0.025918960571289062, "fun": "0.33451286738158925", "nit": "100", "nfev": "150", "status": "2", "success": "False", "message": "Maximum number of iterations has been exceeded.", "x": "[1.5141635  0.76215144 3.61531288 2.58518922 0.2762392  2.30326792]", "final_simplex": "(array([[1.5141635 , 0.76215144, 3.61531288, 2.58518922, 0.2762392 ,\n        2.30326792],\n       [1.52871998, 0.8141056 , 3.60729744, 2.60056427, 0.27184645,\n        2.31703692],\n       [1.69688469, 0.77792889, 3.5387013 , 2.64947579, 0.2743821 ,\n        2.23722893],\n       [1.47841539, 0.70876598, 3.55205461, 2.51776553, 0.27551327,\n        2.45684417],\n       [1.59289131, 0.6536916 , 3.64469057, 2.71687553, 0.27363982,\n        2.3818495 ],\n       [1.70006526, 0.78806419, 3.56480945, 2.63815968, 0.2684864 ,\n        2.41281957],\n       [1.60472217, 0.7349806 , 3.65232841, 2.55281278, 0.27264152,\n        2.35595356]]), array([0.33451287, 0.33498317, 0.33499018, 0.3352886 , 0.33897692,\n       0.34210097, 0.34367748]))"}, "4": {"maxiter": 500, "fatol": 1e-05, "xatol": 1e-05, "duration": 0.13353180885314941, "fun": "0.3095977834125243", "nit": "500", "nfev": "777", "status": "2", "success": "False", "message": "Maximum number of iterations has been exceeded.", "x": "[1.43936016 0.75838353 3.32264618 2.72100843 0.67157663 2.62397207]", "final_simplex": "(array([[1.43936016, 0.75838353, 3.32264618, 2.72100843, 0.67157663,\n        2.62397207],\n       [1.43936366, 0.75838144, 3.32266411, 2.72100705, 0.67155358,\n        2.62395574],\n       [1.43935512, 0.75838509, 3.32266723, 2.72100053, 0.67158318,\n        2.62397629],\n       [1.43935482, 0.75839152, 3.32265793, 2.72101209, 0.67156108,\n        2.62395697],\n       [1.43936137, 0.75839723, 3.32264949, 2.72100168, 0.67158884,\n        2.62397538],\n       [1.43935257, 0.75839502, 3.32264898, 2.72100449, 0.67157112,\n        2.62397755],\n       [1.43935244, 0.75838606, 3.32265182, 2.7210063 , 0.6715312 ,\n        2.62392859]]), array([0.30959778, 0.30959778, 0.30959778, 0.30959778, 0.30959778,\n       0.30959778, 0.30959778]))"}, "5": {"maxiter": 500, "fatol": 1e-05, "xatol": 1e-10, "duration": 0.13346099853515625, "fun": "0.3095977834125243", "nit": "500", "nfev": "777", "status": "2", "success": "False", "message": "Maximum number of iterations has been exceeded.", "x": "[1.43936016 0.75838353 3.32264618 2.72100843 0.67157663 2.62397207]", "final_simplex": "(array([[1.43936016, 0.75838353, 3.32264618, 2.72100843, 0.67157663,\n        2.62397207],\n       [1.43936366, 0.75838144, 3.32266411, 2.72100705, 0.67155358,\n        2.62395574],\n       [1.43935512, 0.75838509, 3.32266723, 2.72100053, 0.67158318,\n        2.62397629],\n       [1.43935482, 0.75839152, 3.32265793, 2.72101209, 0.67156108,\n        2.62395697],\n       [1.43936137, 0.75839723, 3.32264949, 2.72100168, 0.67158884,\n        2.62397538],\n       [1.43935257, 0.75839502, 3.32264898, 2.72100449, 0.67157112,\n        2.62397755],\n       [1.43935244, 0.75838606, 3.32265182, 2.7210063 , 0.6715312 ,\n        2.62392859]]), array([0.30959778, 0.30959778, 0.30959778, 0.30959778, 0.30959778,\n       0.30959778, 0.30959778]))"}, "6": {"maxiter": 500, "fatol": 1e-10, "xatol": 1e-05, "duration": 0.13036704063415527, "fun": "0.3095977834125243", "nit": "500", "nfev": "777", "status": "2", "success": "False", "message": "Maximum number of iterations has been exceeded.", "x": "[1.43936016 0.75838353 3.32264618 2.72100843 0.67157663 2.62397207]", "final_simplex": "(array([[1.43936016, 0.75838353, 3.32264618, 2.72100843, 0.67157663,\n        2.62397207],\n       [1.43936366, 0.75838144, 3.32266411, 2.72100705, 0.67155358,\n        2.62395574],\n       [1.43935512, 0.75838509, 3.32266723, 2.72100053, 0.67158318,\n        2.62397629],\n       [1.43935482, 0.75839152, 3.32265793, 2.72101209, 0.67156108,\n        2.62395697],\n       [1.43936137, 0.75839723, 3.32264949, 2.72100168, 0.67158884,\n        2.62397538],\n       [1.43935257, 0.75839502, 3.32264898, 2.72100449, 0.67157112,\n        2.62397755],\n       [1.43935244, 0.75838606, 3.32265182, 2.7210063 , 0.6715312 ,\n        2.62392859]]), array([0.30959778, 0.30959778, 0.30959778, 0.30959778, 0.30959778,\n       0.30959778, 0.30959778]))"}, "7": {"maxiter": 500, "fatol": 1e-10, "xatol": 1e-10, "duration": 0.13366079330444336, "fun": "0.3095977834125243", "nit": "500", "nfev": "777", "status": "2", "success": "False", "message": "Maximum number of iterations has been exceeded.", "x": "[1.43936016 0.75838353 3.32264618 2.72100843 0.67157663 2.62397207]", "final_simplex": "(array([[1.43936016, 0.75838353, 3.32264618, 2.72100843, 0.67157663,\n        2.62397207],\n       [1.43936366, 0.75838144, 3.32266411, 2.72100705, 0.67155358,\n        2.62395574],\n       [1.43935512, 0.75838509, 3.32266723, 2.72100053, 0.67158318,\n        2.62397629],\n       [1.43935482, 0.75839152, 3.32265793, 2.72101209, 0.67156108,\n        2.62395697],\n       [1.43936137, 0.75839723, 3.32264949, 2.72100168, 0.67158884,\n        2.62397538],\n       [1.43935257, 0.75839502, 3.32264898, 2.72100449, 0.67157112,\n        2.62397755],\n       [1.43935244, 0.75838606, 3.32265182, 2.7210063 , 0.6715312 ,\n        2.62392859]]), array([0.30959778, 0.30959778, 0.30959778, 0.30959778, 0.30959778,\n       0.30959778, 0.30959778]))"}, "8": {"maxiter": 1000, "fatol": 1e-05, "xatol": 1e-05, "duration": 0.13876080513000488, "fun": "0.30959778338868327", "nit": "517", "nfev": "806", "status": "0", "success": "True", "message": "Optimization terminated successfully.", "x": "[1.43936378 0.758383   3.32265597 2.72100559 0.67157055 2.62396308]", "final_simplex": "(array([[1.43936378, 0.758383  , 3.32265597, 2.72100559, 0.67157055,\n        2.62396308],\n       [1.43936243, 0.75838434, 3.32265481, 2.72100607, 0.67157669,\n        2.62397027],\n       [1.43936189, 0.75838452, 3.32265612, 2.72100695, 0.67156827,\n        2.62396157],\n       [1.43936256, 0.75838754, 3.32265568, 2.72100504, 0.67158006,\n        2.62397184],\n       [1.43936365, 0.75838435, 3.32265877, 2.72100614, 0.67157946,\n        2.62397092],\n       [1.43936346, 0.75838355, 3.32265994, 2.72100614, 0.67156936,\n        2.62396675],\n       [1.43936063, 0.75838322, 3.32266021, 2.72100321, 0.67157511,\n        2.62396723]]), array([0.30959778, 0.30959778, 0.30959778, 0.30959778, 0.30959778,\n       0.30959778, 0.30959778]))"}, "9": {"maxiter": 1000, "fatol": 1e-05, "xatol": 1e-10, "duration": 0.17525506019592285, "fun": "0.3095977833867356", "nit": "611", "nfev": "1018", "status": "0", "success": "True", "message": "Optimization terminated successfully.", "x": "[1.43936321 0.75838484 3.32265698 2.72100414 0.6715728  2.62396707]", "final_simplex": "(array([[1.43936321, 0.75838484, 3.32265698, 2.72100414, 0.6715728 ,\n        2.62396707],\n       [1.43936321, 0.75838484, 3.32265698, 2.72100414, 0.6715728 ,\n        2.62396707],\n       [1.43936321, 0.75838484, 3.32265698, 2.72100414, 0.6715728 ,\n        2.62396707],\n       [1.43936321, 0.75838484, 3.32265698, 2.72100414, 0.6715728 ,\n        2.62396707],\n       [1.43936321, 0.75838484, 3.32265698, 2.72100414, 0.6715728 ,\n        2.62396707],\n       [1.43936321, 0.75838484, 3.32265698, 2.72100414, 0.6715728 ,\n        2.62396707],\n       [1.43936321, 0.75838484, 3.32265698, 2.72100414, 0.6715728 ,\n        2.62396707]]), array([0.30959778, 0.30959778, 0.30959778, 0.30959778, 0.30959778,\n       0.30959778, 0.30959778]))"}, "10": {"maxiter": 1000, "fatol": 1e-10, "xatol": 1e-05, "duration": 0.13889217376708984, "fun": "0.30959778338868327", "nit": "517", "nfev": "806", "status": "0", "success": "True", "message": "Optimization terminated successfully.", "x": "[1.43936378 0.758383   3.32265597 2.72100559 0.67157055 2.62396308]", "final_simplex": "(array([[1.43936378, 0.758383  , 3.32265597, 2.72100559, 0.67157055,\n        2.62396308],\n       [1.43936243, 0.75838434, 3.32265481, 2.72100607, 0.67157669,\n        2.62397027],\n       [1.43936189, 0.75838452, 3.32265612, 2.72100695, 0.67156827,\n        2.62396157],\n       [1.43936256, 0.75838754, 3.32265568, 2.72100504, 0.67158006,\n        2.62397184],\n       [1.43936365, 0.75838435, 3.32265877, 2.72100614, 0.67157946,\n        2.62397092],\n       [1.43936346, 0.75838355, 3.32265994, 2.72100614, 0.67156936,\n        2.62396675],\n       [1.43936063, 0.75838322, 3.32266021, 2.72100321, 0.67157511,\n        2.62396723]]), array([0.30959778, 0.30959778, 0.30959778, 0.30959778, 0.30959778,\n       0.30959778, 0.30959778]))"}, "11": {"maxiter": 1000, "fatol": 1e-10, "xatol": 1e-10, "duration": 0.17486572265625, "fun": "0.3095977833867356", "nit": "611", "nfev": "1018", "status": "0", "success": "True", "message": "Optimization terminated successfully.", "x": "[1.43936321 0.75838484 3.32265698 2.72100414 0.6715728  2.62396707]", "final_simplex": "(array([[1.43936321, 0.75838484, 3.32265698, 2.72100414, 0.6715728 ,\n        2.62396707],\n       [1.43936321, 0.75838484, 3.32265698, 2.72100414, 0.6715728 ,\n        2.62396707],\n       [1.43936321, 0.75838484, 3.32265698, 2.72100414, 0.6715728 ,\n        2.62396707],\n       [1.43936321, 0.75838484, 3.32265698, 2.72100414, 0.6715728 ,\n        2.62396707],\n       [1.43936321, 0.75838484, 3.32265698, 2.72100414, 0.6715728 ,\n        2.62396707],\n       [1.43936321, 0.75838484, 3.32265698, 2.72100414, 0.6715728 ,\n        2.62396707],\n       [1.43936321, 0.75838484, 3.32265698, 2.72100414, 0.6715728 ,\n        2.62396707]]), array([0.30959778, 0.30959778, 0.30959778, 0.30959778, 0.30959778,\n       0.30959778, 0.30959778]))"}}, "bfgs": {"type": "gradient", "0": {"maxiter": 100, "gtol": 1e-05, "xrtol": 1e-05, "eps": 1e-05, "duration": 0.04040408134460449, "fun": "0.3095977838655285", "jac": "[-2.11122231e-06 -1.97649674e-06 -1.08294484e-06  1.52398094e-06\n -4.87412333e-06  1.48729917e-06]", "hess_inv": "[[ 3.13573434 -0.25081502 -0.31924187  0.21053726 -0.56729444 -1.01790492]\n [-0.25081502  3.48554242 -0.47241731 -0.27242935 -0.30084193 -0.44006074]\n [-0.31924187 -0.47241731  3.3346812   0.29811749  0.64976272  1.22644146]\n [ 0.21053726 -0.27242935  0.29811749  2.98611941  0.38235925  0.31013277]\n [-0.56729444 -0.30084193  0.64976272  0.38235925 13.14421723 12.16419497]\n [-1.01790492 -0.44006074  1.22644146  0.31013277 12.16419497 14.10258404]]", "nfev": "231", "njev": "33", "status": "0", "success": "True", "message": "Optimization terminated successfully.", "x": "[ 1.43935262  0.75837261  3.32264487  3.56217987  3.81303976 -0.51773747]", "nit": "22"}, "1": {"maxiter": 100, "gtol": 1e-05, "xrtol": 1e-05, "eps": 1e-10, "duration": 0.04024481773376465, "fun": "0.3095977835309728", "jac": "[ 2.22044587e-06 -5.55111466e-06  2.22044587e-06 -2.22044587e-06\n -1.11022293e-06  4.44089173e-06]", "hess_inv": "[[ 3.12616729 -0.2649173  -0.24420129  0.09980633 -0.40211272 -0.79933113]\n [-0.2649173   3.52709748 -0.59380019 -0.0848813  -0.49107843 -0.72448943]\n [-0.24420129 -0.59380019  3.33157721  0.24229356  0.89819824  1.45605302]\n [ 0.09980633 -0.0848813   0.24229356  2.93617699 -0.62863691 -0.64793875]\n [-0.40211272 -0.49107843  0.89819824 -0.62863691 13.45926784 12.6759527 ]\n [-0.79933113 -0.72448943  1.45605302 -0.64793875 12.6759527  14.78288014]]", "nfev": "231", "njev": "33", "status": "0", "success": "True", "message": "Optimization terminated successfully.", "x": "[ 1.43936406  0.75836595  3.32266629  3.56217438  3.8131982  -0.51757807]", "nit": "22"}, "2": {"maxiter": 100, "gtol": 1e-05, "xrtol": 1e-10, "eps": 1e-05, "duration": 0.03979229927062988, "fun": "0.3095977838655285", "jac": "[-2.11122231e-06 -1.97649674e-06 -1.08294484e-06  1.52398094e-06\n -4.87412333e-06  1.48729917e-06]", "hess_inv": "[[ 3.13573434 -0.25081502 -0.31924187  0.21053726 -0.56729444 -1.01790492]\n [-0.25081502  3.48554242 -0.47241731 -0.27242935 -0.30084193 -0.44006074]\n [-0.31924187 -0.47241731  3.3346812   0.29811749  0.64976272  1.22644146]\n [ 0.21053726 -0.27242935  0.29811749  2.98611941  0.38235925  0.31013277]\n [-0.56729444 -0.30084193  0.64976272  0.38235925 13.14421723 12.16419497]\n [-1.01790492 -0.44006074  1.22644146  0.31013277 12.16419497 14.10258404]]", "nfev": "231", "njev": "33", "status": "0", "success": "True", "message": "Optimization terminated successfully.", "x": "[ 1.43935262  0.75837261  3.32264487  3.56217987  3.81303976 -0.51773747]", "nit": "22"}, "3": {"maxiter": 100, "gtol": 1e-05, "xrtol": 1e-10, "eps": 1e-10, "duration": 0.039302825927734375, "fun": "0.3095977835309728", "jac": "[ 2.22044587e-06 -5.55111466e-06  2.22044587e-06 -2.22044587e-06\n -1.11022293e-06  4.44089173e-06]", "hess_inv": "[[ 3.12616729 -0.2649173  -0.24420129  0.09980633 -0.40211272 -0.79933113]\n [-0.2649173   3.52709748 -0.59380019 -0.0848813  -0.49107843 -0.72448943]\n [-0.24420129 -0.59380019  3.33157721  0.24229356  0.89819824  1.45605302]\n [ 0.09980633 -0.0848813   0.24229356  2.93617699 -0.62863691 -0.64793875]\n [-0.40211272 -0.49107843  0.89819824 -0.62863691 13.45926784 12.6759527 ]\n [-0.79933113 -0.72448943  1.45605302 -0.64793875 12.6759527  14.78288014]]", "nfev": "231", "njev": "33", "status": "0", "success": "True", "message": "Optimization terminated successfully.", "x": "[ 1.43936406  0.75836595  3.32266629  3.56217438  3.8131982  -0.51757807]", "nit": "22"}, "4": {"maxiter": 100, "gtol": 1e-10, "xrtol": 1e-05, "eps": 1e-05, "duration": 0.041671037673950195, "fun": "0.3095977835037762", "jac": "[ 3.65374397e-08 -5.95967720e-08 -7.73825448e-09 -8.76743123e-08\n -3.46500606e-08  3.43391982e-08]", "hess_inv": "[[ 3.19292562 -0.17421364 -0.29250094  0.21228709  0.03241253 -0.54693685]\n [-0.17421364  3.50362197 -0.43079991 -0.38799596  0.17233015 -0.04127203]\n [-0.29250094 -0.43079991  3.34422065  0.31487939  0.95027363  1.45692072]\n [ 0.21228709 -0.38799596  0.31487939  2.79765531 -0.05196311  0.01816518]\n [ 0.03241253  0.17233015  0.95027363 -0.05196311 18.14120773 16.19104621]\n [-0.54693685 -0.04127203  1.45692072  0.01816518 16.19104621 17.33158359]]", "nfev": "245", "njev": "35", "status": "0", "success": "True", "message": "Optimization terminated successfully.", "x": "[ 1.43935934  0.7583802   3.32264901  3.56217535  3.81310562 -0.51768401]", "nit": "24"}, "5": {"maxiter": 100, "gtol": 1e-10, "xrtol": 1e-05, "eps": 1e-10, "duration": 0.04052996635437012, "fun": "0.3095977833927016", "jac": "[-1.11022293e-06 -1.11022293e-06 -2.22044587e-06 -1.11022293e-06\n -1.11022293e-06  2.22044587e-06]", "hess_inv": "[[ 3.12582143 -0.14691443 -0.31415226  0.08887003 -0.55048055 -1.01917846]\n [-0.14691443  3.34770879 -0.46452659 -0.32265045  0.16596443 -0.02699066]\n [-0.31415226 -0.46452659  3.24136331  0.38096982  0.48012133  1.00006327]\n [ 0.08887003 -0.32265045  0.38096982  2.98340448 -0.37241275 -0.24093314]\n [-0.55048055  0.16596443  0.48012133 -0.37241275 12.09527063 10.99898074]\n [-1.01917846 -0.02699066  1.00006327 -0.24093314 10.99898074 12.80985996]]", "nfev": "238", "njev": "34", "status": "0", "success": "True", "message": "Optimization terminated successfully.", "x": "[ 1.43936111  0.75838548  3.32265415  3.56217883  3.81316304 -0.51762339]", "nit": "23"}, "6": {"maxiter": 100, "gtol": 1e-10, "xrtol": 1e-10, "eps": 1e-05, "duration": 0.07442998886108398, "fun": "0.30959778350291467", "jac": "[-3.81916720e-09  8.11573031e-09  5.11812814e-09 -4.48530102e-09\n -3.33066907e-09  4.60742555e-09]", "hess_inv": "[[ 3.09075045 -0.0373126  -0.24102735  0.25904467 -0.02475006 -0.5729479 ]\n [-0.0373126   3.32561572 -0.52370029 -0.35685734  0.19660193 -0.10439   ]\n [-0.24102735 -0.52370029  3.32539118  0.23369767  0.92210062  1.45332198]\n [ 0.25904467 -0.35685734  0.23369767  3.10983707  0.11039104 -0.04029102]\n [-0.02475006  0.19660193  0.92210062  0.11039104 17.77286282 15.809537  ]\n [-0.5729479  -0.10439     1.45332198 -0.04029102 15.809537   17.04794465]]", "nfev": "439", "njev": "61", "status": "2", "success": "False", "message": "Desired error not necessarily achieved due to precision loss.", "x": "[ 1.43935925  0.7583804   3.32264903  3.56217558  3.81310575 -0.51768399]", "nit": "25"}, "7": {"maxiter": 100, "gtol": 1e-10, "xrtol": 1e-10, "eps": 1e-10, "duration": 0.05611300468444824, "fun": "0.3095977833902781", "jac": "[ 0.00000000e+00  0.00000000e+00  0.00000000e+00  1.11022293e-06\n -1.11022293e-06  1.11022293e-06]", "hess_inv": "[[ 1.99684718 -0.36228986 -1.11156882 -0.12317346 -2.11997507 -2.15363845]\n [-0.36228986  3.25162974 -0.61215145 -0.66963471 -0.30739697 -0.75648223]\n [-1.11156882 -0.61215145  2.35356046 -0.13500316  0.97656717  1.98619289]\n [-0.12317346 -0.66963471 -0.13500316  2.25604034  2.37917055  3.03542282]\n [-2.11997507 -0.30739697  0.97656717  2.37917055  4.49965505  5.18966981]\n [-2.15363845 -0.75648223  1.98619289  3.03542282  5.18966981  9.54007275]]", "nfev": "329", "njev": "47", "status": "2", "success": "False", "message": "Desired error not necessarily achieved due to precision loss.", "x": "[ 1.43936221  0.75838688  3.32265509  3.56218011  3.81315873 -0.51762937]", "nit": "25"}, "8": {"maxiter": 500, "gtol": 1e-05, "xrtol": 1e-05, "eps": 1e-05, "duration": 0.0395658016204834, "fun": "0.3095977838655285", "jac": "[-2.11122231e-06 -1.97649674e-06 -1.08294484e-06  1.52398094e-06\n -4.87412333e-06  1.48729917e-06]", "hess_inv": "[[ 3.13573434 -0.25081502 -0.31924187  0.21053726 -0.56729444 -1.01790492]\n [-0.25081502  3.48554242 -0.47241731 -0.27242935 -0.30084193 -0.44006074]\n [-0.31924187 -0.47241731  3.3346812   0.29811749  0.64976272  1.22644146]\n [ 0.21053726 -0.27242935  0.29811749  2.98611941  0.38235925  0.31013277]\n [-0.56729444 -0.30084193  0.64976272  0.38235925 13.14421723 12.16419497]\n [-1.01790492 -0.44006074  1.22644146  0.31013277 12.16419497 14.10258404]]", "nfev": "231", "njev": "33", "status": "0", "success": "True", "message": "Optimization terminated successfully.", "x": "[ 1.43935262  0.75837261  3.32264487  3.56217987  3.81303976 -0.51773747]", "nit": "22"}, "9": {"maxiter": 500, "gtol": 1e-05, "xrtol": 1e-05, "eps": 1e-10, "duration": 0.039479732513427734, "fun": "0.3095977835309728", "jac": "[ 2.22044587e-06 -5.55111466e-06  2.22044587e-06 -2.22044587e-06\n -1.11022293e-06  4.44089173e-06]", "hess_inv": "[[ 3.12616729 -0.2649173  -0.24420129  0.09980633 -0.40211272 -0.79933113]\n [-0.2649173   3.52709748 -0.59380019 -0.0848813  -0.49107843 -0.72448943]\n [-0.24420129 -0.59380019  3.33157721  0.24229356  0.89819824  1.45605302]\n [ 0.09980633 -0.0848813   0.24229356  2.93617699 -0.62863691 -0.64793875]\n [-0.40211272 -0.49107843  0.89819824 -0.62863691 13.45926784 12.6759527 ]\n [-0.79933113 -0.72448943  1.45605302 -0.64793875 12.6759527  14.78288014]]", "nfev": "231", "njev": "33", "status": "0", "success": "True", "message": "Optimization terminated successfully.", "x": "[ 1.43936406  0.75836595  3.32266629  3.56217438  3.8131982  -0.51757807]", "nit": "22"}, "10": {"maxiter": 500, "gtol": 1e-05, "xrtol": 1e-10, "eps": 1e-05, "duration": 0.03940892219543457, "fun": "0.3095977838655285", "jac": "[-2.11122231e-06 -1.97649674e-06 -1.08294484e-06  1.52398094e-06\n -4.87412333e-06  1.48729917e-06]", "hess_inv": "[[ 3.13573434 -0.25081502 -0.31924187  0.21053726 -0.56729444 -1.01790492]\n [-0.25081502  3.48554242 -0.47241731 -0.27242935 -0.30084193 -0.44006074]\n [-0.31924187 -0.47241731  3.3346812   0.29811749  0.64976272  1.22644146]\n [ 0.21053726 -0.27242935  0.29811749  2.98611941  0.38235925  0.31013277]\n [-0.56729444 -0.30084193  0.64976272  0.38235925 13.14421723 12.16419497]\n [-1.01790492 -0.44006074  1.22644146  0.31013277 12.16419497 14.10258404]]", "nfev": "231", "njev": "33", "status": "0", "success": "True", "message": "Optimization terminated successfully.", "x": "[ 1.43935262  0.75837261  3.32264487  3.56217987  3.81303976 -0.51773747]", "nit": "22"}, "11": {"maxiter": 500, "gtol": 1e-05, "xrtol": 1e-10, "eps": 1e-10, "duration": 0.03975200653076172, "fun": "0.3095977835309728", "jac": "[ 2.22044587e-06 -5.55111466e-06  2.22044587e-06 -2.22044587e-06\n -1.11022293e-06  4.44089173e-06]", "hess_inv": "[[ 3.12616729 -0.2649173  -0.24420129  0.09980633 -0.40211272 -0.79933113]\n [-0.2649173   3.52709748 -0.59380019 -0.0848813  -0.49107843 -0.72448943]\n [-0.24420129 -0.59380019  3.33157721  0.24229356  0.89819824  1.45605302]\n [ 0.09980633 -0.0848813   0.24229356  2.93617699 -0.62863691 -0.64793875]\n [-0.40211272 -0.49107843  0.89819824 -0.62863691 13.45926784 12.6759527 ]\n [-0.79933113 -0.72448943  1.45605302 -0.64793875 12.6759527  14.78288014]]", "nfev": "231", "njev": "33", "status": "0", "success": "True", "message": "Optimization terminated successfully.", "x": "[ 1.43936406  0.75836595  3.32266629  3.56217438  3.8131982  -0.51757807]", "nit": "22"}, "12": {"maxiter": 500, "gtol": 1e-10, "xrtol": 1e-05, "eps": 1e-05, "duration": 0.04183602333068848, "fun": "0.3095977835037762", "jac": "[ 3.65374397e-08 -5.95967720e-08 -7.73825448e-09 -8.76743123e-08\n -3.46500606e-08  3.43391982e-08]", "hess_inv": "[[ 3.19292562 -0.17421364 -0.29250094  0.21228709  0.03241253 -0.54693685]\n [-0.17421364  3.50362197 -0.43079991 -0.38799596  0.17233015 -0.04127203]\n [-0.29250094 -0.43079991  3.34422065  0.31487939  0.95027363  1.45692072]\n [ 0.21228709 -0.38799596  0.31487939  2.79765531 -0.05196311  0.01816518]\n [ 0.03241253  0.17233015  0.95027363 -0.05196311 18.14120773 16.19104621]\n [-0.54693685 -0.04127203  1.45692072  0.01816518 16.19104621 17.33158359]]", "nfev": "245", "njev": "35", "status": "0", "success": "True", "message": "Optimization terminated successfully.", "x": "[ 1.43935934  0.7583802   3.32264901  3.56217535  3.81310562 -0.51768401]", "nit": "24"}, "13": {"maxiter": 500, "gtol": 1e-10, "xrtol": 1e-05, "eps": 1e-10, "duration": 0.04066205024719238, "fun": "0.3095977833927016", "jac": "[-1.11022293e-06 -1.11022293e-06 -2.22044587e-06 -1.11022293e-06\n -1.11022293e-06  2.22044587e-06]", "hess_inv": "[[ 3.12582143 -0.14691443 -0.31415226  0.08887003 -0.55048055 -1.01917846]\n [-0.14691443  3.34770879 -0.46452659 -0.32265045  0.16596443 -0.02699066]\n [-0.31415226 -0.46452659  3.24136331  0.38096982  0.48012133  1.00006327]\n [ 0.08887003 -0.32265045  0.38096982  2.98340448 -0.37241275 -0.24093314]\n [-0.55048055  0.16596443  0.48012133 -0.37241275 12.09527063 10.99898074]\n [-1.01917846 -0.02699066  1.00006327 -0.24093314 10.99898074 12.80985996]]", "nfev": "238", "njev": "34", "status": "0", "success": "True", "message": "Optimization terminated successfully.", "x": "[ 1.43936111  0.75838548  3.32265415  3.56217883  3.81316304 -0.51762339]", "nit": "23"}, "14": {"maxiter": 500, "gtol": 1e-10, "xrtol": 1e-10, "eps": 1e-05, "duration": 0.07439994812011719, "fun": "0.30959778350291467", "jac": "[-3.81916720e-09  8.11573031e-09  5.11812814e-09 -4.48530102e-09\n -3.33066907e-09  4.60742555e-09]", "hess_inv": "[[ 3.09075045 -0.0373126  -0.24102735  0.25904467 -0.02475006 -0.5729479 ]\n [-0.0373126   3.32561572 -0.52370029 -0.35685734  0.19660193 -0.10439   ]\n [-0.24102735 -0.52370029  3.32539118  0.23369767  0.92210062  1.45332198]\n [ 0.25904467 -0.35685734  0.23369767  3.10983707  0.11039104 -0.04029102]\n [-0.02475006  0.19660193  0.92210062  0.11039104 17.77286282 15.809537  ]\n [-0.5729479  -0.10439     1.45332198 -0.04029102 15.809537   17.04794465]]", "nfev": "439", "njev": "61", "status": "2", "success": "False", "message": "Desired error not necessarily achieved due to precision loss.", "x": "[ 1.43935925  0.7583804   3.32264903  3.56217558  3.81310575 -0.51768399]", "nit": "25"}, "15": {"maxiter": 500, "gtol": 1e-10, "xrtol": 1e-10, "eps": 1e-10, "duration": 0.05599689483642578, "fun": "0.3095977833902781", "jac": "[ 0.00000000e+00  0.00000000e+00  0.00000000e+00  1.11022293e-06\n -1.11022293e-06  1.11022293e-06]", "hess_inv": "[[ 1.99684718 -0.36228986 -1.11156882 -0.12317346 -2.11997507 -2.15363845]\n [-0.36228986  3.25162974 -0.61215145 -0.66963471 -0.30739697 -0.75648223]\n [-1.11156882 -0.61215145  2.35356046 -0.13500316  0.97656717  1.98619289]\n [-0.12317346 -0.66963471 -0.13500316  2.25604034  2.37917055  3.03542282]\n [-2.11997507 -0.30739697  0.97656717  2.37917055  4.49965505  5.18966981]\n [-2.15363845 -0.75648223  1.98619289  3.03542282  5.18966981  9.54007275]]", "nfev": "329", "njev": "47", "status": "2", "success": "False", "message": "Desired error not necessarily achieved due to precision loss.", "x": "[ 1.43936221  0.75838688  3.32265509  3.56218011  3.81315873 -0.51762937]", "nit": "25"}, "16": {"maxiter": 1000, "gtol": 1e-05, "xrtol": 1e-05, "eps": 1e-05, "duration": 0.039408206939697266, "fun": "0.3095977838655285", "jac": "[-2.11122231e-06 -1.97649674e-06 -1.08294484e-06  1.52398094e-06\n -4.87412333e-06  1.48729917e-06]", "hess_inv": "[[ 3.13573434 -0.25081502 -0.31924187  0.21053726 -0.56729444 -1.01790492]\n [-0.25081502  3.48554242 -0.47241731 -0.27242935 -0.30084193 -0.44006074]\n [-0.31924187 -0.47241731  3.3346812   0.29811749  0.64976272  1.22644146]\n [ 0.21053726 -0.27242935  0.29811749  2.98611941  0.38235925  0.31013277]\n [-0.56729444 -0.30084193  0.64976272  0.38235925 13.14421723 12.16419497]\n [-1.01790492 -0.44006074  1.22644146  0.31013277 12.16419497 14.10258404]]", "nfev": "231", "njev": "33", "status": "0", "success": "True", "message": "Optimization terminated successfully.", "x": "[ 1.43935262  0.75837261  3.32264487  3.56217987  3.81303976 -0.51773747]", "nit": "22"}, "17": {"maxiter": 1000, "gtol": 1e-05, "xrtol": 1e-05, "eps": 1e-10, "duration": 0.03936910629272461, "fun": "0.3095977835309728", "jac": "[ 2.22044587e-06 -5.55111466e-06  2.22044587e-06 -2.22044587e-06\n -1.11022293e-06  4.44089173e-06]", "hess_inv": "[[ 3.12616729 -0.2649173  -0.24420129  0.09980633 -0.40211272 -0.79933113]\n [-0.2649173   3.52709748 -0.59380019 -0.0848813  -0.49107843 -0.72448943]\n [-0.24420129 -0.59380019  3.33157721  0.24229356  0.89819824  1.45605302]\n [ 0.09980633 -0.0848813   0.24229356  2.93617699 -0.62863691 -0.64793875]\n [-0.40211272 -0.49107843  0.89819824 -0.62863691 13.45926784 12.6759527 ]\n [-0.79933113 -0.72448943  1.45605302 -0.64793875 12.6759527  14.78288014]]", "nfev": "231", "njev": "33", "status": "0", "success": "True", "message": "Optimization terminated successfully.", "x": "[ 1.43936406  0.75836595  3.32266629  3.56217438  3.8131982  -0.51757807]", "nit": "22"}, "18": {"maxiter": 1000, "gtol": 1e-05, "xrtol": 1e-10, "eps": 1e-05, "duration": 0.0393221378326416, "fun": "0.3095977838655285", "jac": "[-2.11122231e-06 -1.97649674e-06 -1.08294484e-06  1.52398094e-06\n -4.87412333e-06  1.48729917e-06]", "hess_inv": "[[ 3.13573434 -0.25081502 -0.31924187  0.21053726 -0.56729444 -1.01790492]\n [-0.25081502  3.48554242 -0.47241731 -0.27242935 -0.30084193 -0.44006074]\n [-0.31924187 -0.47241731  3.3346812   0.29811749  0.64976272  1.22644146]\n [ 0.21053726 -0.27242935  0.29811749  2.98611941  0.38235925  0.31013277]\n [-0.56729444 -0.30084193  0.64976272  0.38235925 13.14421723 12.16419497]\n [-1.01790492 -0.44006074  1.22644146  0.31013277 12.16419497 14.10258404]]", "nfev": "231", "njev": "33", "status": "0", "success": "True", "message": "Optimization terminated successfully.", "x": "[ 1.43935262  0.75837261  3.32264487  3.56217987  3.81303976 -0.51773747]", "nit": "22"}, "19": {"maxiter": 1000, "gtol": 1e-05, "xrtol": 1e-10, "eps": 1e-10, "duration": 0.039309024810791016, "fun": "0.3095977835309728", "jac": "[ 2.22044587e-06 -5.55111466e-06  2.22044587e-06 -2.22044587e-06\n -1.11022293e-06  4.44089173e-06]", "hess_inv": "[[ 3.12616729 -0.2649173  -0.24420129  0.09980633 -0.40211272 -0.79933113]\n [-0.2649173   3.52709748 -0.59380019 -0.0848813  -0.49107843 -0.72448943]\n [-0.24420129 -0.59380019  3.33157721  0.24229356  0.89819824  1.45605302]\n [ 0.09980633 -0.0848813   0.24229356  2.93617699 -0.62863691 -0.64793875]\n [-0.40211272 -0.49107843  0.89819824 -0.62863691 13.45926784 12.6759527 ]\n [-0.79933113 -0.72448943  1.45605302 -0.64793875 12.6759527  14.78288014]]", "nfev": "231", "njev": "33", "status": "0", "success": "True", "message": "Optimization terminated successfully.", "x": "[ 1.43936406  0.75836595  3.32266629  3.56217438  3.8131982  -0.51757807]", "nit": "22"}, "20": {"maxiter": 1000, "gtol": 1e-10, "xrtol": 1e-05, "eps": 1e-05, "duration": 0.04168200492858887, "fun": "0.3095977835037762", "jac": "[ 3.65374397e-08 -5.95967720e-08 -7.73825448e-09 -8.76743123e-08\n -3.46500606e-08  3.43391982e-08]", "hess_inv": "[[ 3.19292562 -0.17421364 -0.29250094  0.21228709  0.03241253 -0.54693685]\n [-0.17421364  3.50362197 -0.43079991 -0.38799596  0.17233015 -0.04127203]\n [-0.29250094 -0.43079991  3.34422065  0.31487939  0.95027363  1.45692072]\n [ 0.21228709 -0.38799596  0.31487939  2.79765531 -0.05196311  0.01816518]\n [ 0.03241253  0.17233015  0.95027363 -0.05196311 18.14120773 16.19104621]\n [-0.54693685 -0.04127203  1.45692072  0.01816518 16.19104621 17.33158359]]", "nfev": "245", "njev": "35", "status": "0", "success": "True", "message": "Optimization terminated successfully.", "x": "[ 1.43935934  0.7583802   3.32264901  3.56217535  3.81310562 -0.51768401]", "nit": "24"}, "21": {"maxiter": 1000, "gtol": 1e-10, "xrtol": 1e-05, "eps": 1e-10, "duration": 0.04050612449645996, "fun": "0.3095977833927016", "jac": "[-1.11022293e-06 -1.11022293e-06 -2.22044587e-06 -1.11022293e-06\n -1.11022293e-06  2.22044587e-06]", "hess_inv": "[[ 3.12582143 -0.14691443 -0.31415226  0.08887003 -0.55048055 -1.01917846]\n [-0.14691443  3.34770879 -0.46452659 -0.32265045  0.16596443 -0.02699066]\n [-0.31415226 -0.46452659  3.24136331  0.38096982  0.48012133  1.00006327]\n [ 0.08887003 -0.32265045  0.38096982  2.98340448 -0.37241275 -0.24093314]\n [-0.55048055  0.16596443  0.48012133 -0.37241275 12.09527063 10.99898074]\n [-1.01917846 -0.02699066  1.00006327 -0.24093314 10.99898074 12.80985996]]", "nfev": "238", "njev": "34", "status": "0", "success": "True", "message": "Optimization terminated successfully.", "x": "[ 1.43936111  0.75838548  3.32265415  3.56217883  3.81316304 -0.51762339]", "nit": "23"}, "22": {"maxiter": 1000, "gtol": 1e-10, "xrtol": 1e-10, "eps": 1e-05, "duration": 0.07431793212890625, "fun": "0.30959778350291467", "jac": "[-3.81916720e-09  8.11573031e-09  5.11812814e-09 -4.48530102e-09\n -3.33066907e-09  4.60742555e-09]", "hess_inv": "[[ 3.09075045 -0.0373126  -0.24102735  0.25904467 -0.02475006 -0.5729479 ]\n [-0.0373126   3.32561572 -0.52370029 -0.35685734  0.19660193 -0.10439   ]\n [-0.24102735 -0.52370029  3.32539118  0.23369767  0.92210062  1.45332198]\n [ 0.25904467 -0.35685734  0.23369767  3.10983707  0.11039104 -0.04029102]\n [-0.02475006  0.19660193  0.92210062  0.11039104 17.77286282 15.809537  ]\n [-0.5729479  -0.10439     1.45332198 -0.04029102 15.809537   17.04794465]]", "nfev": "439", "njev": "61", "status": "2", "success": "False", "message": "Desired error not necessarily achieved due to precision loss.", "x": "[ 1.43935925  0.7583804   3.32264903  3.56217558  3.81310575 -0.51768399]", "nit": "25"}, "23": {"maxiter": 1000, "gtol": 1e-10, "xrtol": 1e-10, "eps": 1e-10, "duration": 0.05615425109863281, "fun": "0.3095977833902781", "jac": "[ 0.00000000e+00  0.00000000e+00  0.00000000e+00  1.11022293e-06\n -1.11022293e-06  1.11022293e-06]", "hess_inv": "[[ 1.99684718 -0.36228986 -1.11156882 -0.12317346 -2.11997507 -2.15363845]\n [-0.36228986  3.25162974 -0.61215145 -0.66963471 -0.30739697 -0.75648223]\n [-1.11156882 -0.61215145  2.35356046 -0.13500316  0.97656717  1.98619289]\n [-0.12317346 -0.66963471 -0.13500316  2.25604034  2.37917055  3.03542282]\n [-2.11997507 -0.30739697  0.97656717  2.37917055  4.49965505  5.18966981]\n [-2.15363845 -0.75648223  1.98619289  3.03542282  5.18966981  9.54007275]]", "nfev": "329", "njev": "47", "status": "2", "success": "False", "message": "Desired error not necessarily achieved due to precision loss.", "x": "[ 1.43936221  0.75838688  3.32265509  3.56218011  3.81315873 -0.51762937]", "nit": "25"}}, "cobyla": {"0": {"maxiter": 100, "tol": 1e-05, "catol": 1e-05, "duration": 0.016480207443237305, "x": "[1.48502561 0.76637362 3.26381241 2.78600345 0.02575056 1.97257864]", "status": "2", "success": "False", "message": "Maximum number of function evaluations has been exceeded.", "nfev": "100", "fun": "0.32038586184458684", "maxcv": "0.0"}, "1": {"maxiter": 100, "tol": 1e-05, "catol": 1e-10, "duration": 0.016477108001708984, "x": "[1.48502561 0.76637362 3.26381241 2.78600345 0.02575056 1.97257864]", "status": "2", "success": "False", "message": "Maximum number of function evaluations has been exceeded.", "nfev": "100", "fun": "0.32038586184458684", "maxcv": "0.0"}, "2": {"maxiter": 100, "tol": 1e-10, "catol": 1e-05, "duration": 0.01640915870666504, "x": "[1.48502561 0.76637362 3.26381241 2.78600345 0.02575056 1.97257864]", "status": "2", "success": "False", "message": "Maximum number of function evaluations has been exceeded.", "nfev": "100", "fun": "0.32038586184458684", "maxcv": "0.0"}, "3": {"maxiter": 100, "tol": 1e-10, "catol": 1e-10, "duration": 0.016441822052001953, "x": "[1.48502561 0.76637362 3.26381241 2.78600345 0.02575056 1.97257864]", "status": "2", "success": "False", "message": "Maximum number of function evaluations has been exceeded.", "nfev": "100", "fun": "0.32038586184458684", "maxcv": "0.0"}, "4": {"maxiter": 500, "tol": 1e-05, "catol": 1e-05, "duration": 0.08210921287536621, "x": "[1.43938658 0.75839564 3.32264423 2.72099314 0.67135549 2.62376833]", "status": "2", "success": "False", "message": "Maximum number of function evaluations has been exceeded.", "nfev": "500", "fun": "0.30959778479487754", "maxcv": "0.0"}, "5": {"maxiter": 500, "tol": 1e-05, "catol": 1e-10, "duration": 0.08190202713012695, "x": "[1.43938658 0.75839564 3.32264423 2.72099314 0.67135549 2.62376833]", "status": "2", "success": "False", "message": "Maximum number of function evaluations has been exceeded.", "nfev": "500", "fun": "0.30959778479487754", "maxcv": "0.0"}, "6": {"maxiter": 500, "tol": 1e-10, "catol": 1e-05, "duration": 0.08198189735412598, "x": "[1.43938658 0.75839564 3.32264423 2.72099314 0.67135549 2.62376833]", "status": "2", "success": "False", "message": "Maximum number of function evaluations has been exceeded.", "nfev": "500", "fun": "0.30959778479487754", "maxcv": "0.0"}, "7": {"maxiter": 500, "tol": 1e-10, "catol": 1e-10, "duration": 0.08160686492919922, "x": "[1.43938658 0.75839564 3.32264423 2.72099314 0.67135549 2.62376833]", "status": "2", "success": "False", "message": "Maximum number of function evaluations has been exceeded.", "nfev": "500", "fun": "0.30959778479487754", "maxcv": "0.0"}, "8": {"maxiter": 1000, "tol": 1e-05, "catol": 1e-05, "duration": 0.08771800994873047, "x": "[1.43936698 0.7583817  3.32264391 2.72100853 0.67149222 2.62387172]", "status": "1", "success": "True", "message": "Optimization terminated successfully.", "nfev": "536", "fun": "0.3095977