{"date": "2024/07/18/, 18:27:49", "conf_id": 23, "data_type": "random\n", "num_data_points": 2, "s_rank": 0, "unitary": "[[-0.53618537-0.34368723j,-0.12107031-0.46226139j,-0.07699282-0.46603512j,0.36022595-0.11472301j],[0.26026499-0.63450712j,-0.56616638+0.37832564j,-0.14988651+0.08458591j,0.10363514-0.16008501j],[-0.32580188-0.11070003j,-0.36476308-0.23593218j,0.02559343+0.41761608j,-0.25598305+0.6725303j],[0.07406738-0.0126433j,0.28513701+0.19483972j,-0.74939717-0.10299659j,0.29798249+0.46269921j]]", "databatch_0": {"databatch": "[[[0.25232538+0.17469278j,0.10238591+0.30834507j,0.05601251-0.01687769j,0.05557338+0.19318533j],[-0.14649414+0.25181871j,-0.28416096+0.11989603j,0.02015086+0.05174775j,-0.17867307+0.06700394j],[0.19872886+0.01007406j,0.1617563+0.13494817j,0.02510204-0.02843533j,0.09661921+0.08747702j],[-0.40399764-0.06935735j,-0.29774173-0.31569779j,-0.05831812+0.05200199j,-0.17615961-0.20262341j]],[[-0.25177649+0.14857523j,-0.17084318+0.19954057j,0.06273525+0.19129999j,0.1618039+0.02102805j],[0.21076008-0.06293708j,0.16087866-0.11480409j,-0.01119368-0.15105911j,-0.11435879-0.04463996j],[-0.17700725+0.41281133j,-0.03042693+0.402442j,0.25151129+0.18004863j,0.21959097-0.12092705j],[0.17481237-0.1395861j,0.10802454-0.16951432j,-0.06806009-0.13820464j,-0.12484613+0.0014321j]]]", "initial param values": "[3.2156812,1.57568164,4.30783795,4.33405479,1.12335087,6.28119106]", "nelder_mead": {"type": "gradient-free", "0": {"maxiter": 100, "fatol": 1e-05, "xatol": 1e-05, "duration": 0.026735782623291016, "fun": "0.14678487264839568", "nit": "100", "nfev": "157", "status": "2", "success": "False", "message": "Maximum number of iterations has been exceeded.", "x": "[1.85244017 3.47580429 4.29359173 4.74292391 1.31646941 7.72121679]", "final_simplex": "(array([[1.85244017, 3.47580429, 4.29359173, 4.74292391, 1.31646941,\n        7.72121679],\n       [1.93688983, 3.54507361, 4.37846554, 4.6864134 , 1.29468134,\n        7.66690152],\n       [2.01970946, 3.45485793, 4.2994703 , 4.63882473, 1.26967754,\n        7.79691685],\n       [1.92948021, 3.34189328, 4.31241446, 4.61435377, 1.31597116,\n        7.69652689],\n       [1.87259077, 3.433349  , 4.32822261, 4.64225232, 1.31881879,\n        7.64239568],\n       [1.95622847, 3.50619785, 4.36263709, 4.52547837, 1.30197271,\n        7.67882998],\n       [2.00608588, 3.421726  , 4.21404885, 4.70416779, 1.30122493,\n        7.68341083]]), array([0.14678487, 0.14902938, 0.14927871, 0.14975194, 0.15057272,\n       0.1512716 , 0.15136509]))"}, "1": {"maxiter": 100, "fatol": 1e-05, "xatol": 1e-10, "duration": 0.026551008224487305, "fun": "0.14678487264839568", "nit": "100", "nfev": "157", "status": "2", "success": "False", "message": "Maximum number of iterations has been exceeded.", "x": "[1.85244017 3.47580429 4.29359173 4.74292391 1.31646941 7.72121679]", "final_simplex": "(array([[1.85244017, 3.47580429, 4.29359173, 4.74292391, 1.31646941,\n        7.72121679],\n       [1.93688983, 3.54507361, 4.37846554, 4.6864134 , 1.29468134,\n        7.66690152],\n       [2.01970946, 3.45485793, 4.2994703 , 4.63882473, 1.26967754,\n        7.79691685],\n       [1.92948021, 3.34189328, 4.31241446, 4.61435377, 1.31597116,\n        7.69652689],\n       [1.87259077, 3.433349  , 4.32822261, 4.64225232, 1.31881879,\n        7.64239568],\n       [1.95622847, 3.50619785, 4.36263709, 4.52547837, 1.30197271,\n        7.67882998],\n       [2.00608588, 3.421726  , 4.21404885, 4.70416779, 1.30122493,\n        7.68341083]]), array([0.14678487, 0.14902938, 0.14927871, 0.14975194, 0.15057272,\n       0.1512716 , 0.15136509]))"}, "2": {"maxiter": 100, "fatol": 1e-10, "xatol": 1e-05, "duration": 0.026485919952392578, "fun": "0.14678487264839568", "nit": "100", "nfev": "157", "status": "2", "success": "False", "message": "Maximum number of iterations has been exceeded.", "x": "[1.85244017 3.47580429 4.29359173 4.74292391 1.31646941 7.72121679]", "final_simplex": "(array([[1.85244017, 3.47580429, 4.29359173, 4.74292391, 1.31646941,\n        7.72121679],\n       [1.93688983, 3.54507361, 4.37846554, 4.6864134 , 1.29468134,\n        7.66690152],\n       [2.01970946, 3.45485793, 4.2994703 , 4.63882473, 1.26967754,\n        7.79691685],\n       [1.92948021, 3.34189328, 4.31241446, 4.61435377, 1.31597116,\n        7.69652689],\n       [1.87259077, 3.433349  , 4.32822261, 4.64225232, 1.31881879,\n        7.64239568],\n       [1.95622847, 3.50619785, 4.36263709, 4.52547837, 1.30197271,\n        7.67882998],\n       [2.00608588, 3.421726  , 4.21404885, 4.70416779, 1.30122493,\n        7.68341083]]), array([0.14678487, 0.14902938, 0.14927871, 0.14975194, 0.15057272,\n       0.1512716 , 0.15136509]))"}, "3": {"maxiter": 100, "fatol": 1e-10, "xatol": 1e-10, "duration": 0.026503801345825195, "fun": "0.14678487264839568", "nit": "100", "nfev": "157", "status": "2", "success": "False", "message": "Maximum number of iterations has been exceeded.", "x": "[1.85244017 3.47580429 4.29359173 4.74292391 1.31646941 7.72121679]", "final_simplex": "(array([[1.85244017, 3.47580429, 4.29359173, 4.74292391, 1.31646941,\n        7.72121679],\n       [1.93688983, 3.54507361, 4.37846554, 4.6864134 , 1.29468134,\n        7.66690152],\n       [2.01970946, 3.45485793, 4.2994703 , 4.63882473, 1.26967754,\n        7.79691685],\n       [1.92948021, 3.34189328, 4.31241446, 4.61435377, 1.31597116,\n        7.69652689],\n       [1.87259077, 3.433349  , 4.32822261, 4.64225232, 1.31881879,\n        7.64239568],\n       [1.95622847, 3.50619785, 4.36263709, 4.52547837, 1.30197271,\n        7.67882998],\n       [2.00608588, 3.421726  , 4.21404885, 4.70416779, 1.30122493,\n        7.68341083]]), array([0.14678487, 0.14902938, 0.14927871, 0.14975194, 0.15057272,\n       0.1512716 , 0.15136509]))"}, "4": {"maxiter": 500, "fatol": 1e-05, "xatol": 1e-05, "duration": 0.08832526206970215, "fun": "0.14586834992677988", "nit": "332", "nfev": "524", "status": "0", "success": "True", "message": "Optimization terminated successfully.", "x": "[1.9056098  3.44743201 4.33517889 4.75244577 1.33516963 7.77327095]", "final_simplex": "(array([[1.9056098 , 3.44743201, 4.33517889, 4.75244577, 1.33516963,\n        7.77327095],\n       [1.9056136 , 3.44742522, 4.33518628, 4.75244647, 1.33516985,\n        7.7732748 ],\n       [1.90561028, 3.44742677, 4.33517633, 4.75244313, 1.33517264,\n        7.7732728 ],\n       [1.90560834, 3.44742701, 4.3351782 , 4.75244388, 1.33516545,\n        7.77327413],\n       [1.90561382, 3.44743209, 4.33517857, 4.75245009, 1.33516937,\n        7.77327316],\n       [1.9056172 , 3.44743043, 4.3351849 , 4.75243841, 1.33516799,\n        7.77327975],\n       [1.90560819, 3.44742858, 4.3351787 , 4.75245072, 1.33516781,\n        7.77327608]]), array([0.14586835, 0.14586835, 0.14586835, 0.14586835, 0.14586835,\n       0.14586835, 0.14586835]))"}, "5": {"maxiter": 500, "fatol": 1e-05, "xatol": 1e-10, "duration": 0.12479019165039062, "fun": "0.14586834991707598", "nit": "432", "nfev": "742", "status": "0", "success": "True", "message": "Optimization terminated successfully.", "x": "[1.90561457 3.4474252  4.33518352 4.75243576 1.33517112 7.77327425]", "final_simplex": "(array([[1.90561457, 3.4474252 , 4.33518352, 4.75243576, 1.33517112,\n        7.77327425],\n       [1.90561457, 3.4474252 , 4.33518352, 4.75243576, 1.33517112,\n        7.77327425],\n       [1.90561457, 3.4474252 , 4.33518352, 4.75243576, 1.33517112,\n        7.77327425],\n       [1.90561457, 3.4474252 , 4.33518352, 4.75243576, 1.33517112,\n        7.77327425],\n       [1.90561457, 3.4474252 , 4.33518352, 4.75243576, 1.33517112,\n        7.77327425],\n       [1.90561457, 3.4474252 , 4.33518352, 4.75243576, 1.33517112,\n        7.77327425],\n       [1.90561457, 3.4474252 , 4.33518352, 4.75243576, 1.33517112,\n        7.77327425]]), array([0.14586835, 0.14586835, 0.14586835, 0.14586835, 0.14586835,\n       0.14586835, 0.14586835]))"}, "6": {"maxiter": 500, "fatol": 1e-10, "xatol": 1e-05, "duration": 0.089752197265625, "fun": "0.14586834992677988", "nit": "332", "nfev": "524", "status": "0", "success": "True", "message": "Optimization terminated successfully.", "x": "[1.9056098  3.44743201 4.33517889 4.75244577 1.33516963 7.77327095]", "final_simplex": "(array([[1.9056098 , 3.44743201, 4.33517889, 4.75244577, 1.33516963,\n        7.77327095],\n       [1.9056136 , 3.44742522, 4.33518628, 4.75244647, 1.33516985,\n        7.7732748 ],\n       [1.90561028, 3.44742677, 4.33517633, 4.75244313, 1.33517264,\n        7.7732728 ],\n       [1.90560834, 3.44742701, 4.3351782 , 4.75244388, 1.33516545,\n        7.77327413],\n       [1.90561382, 3.44743209, 4.33517857, 4.75245009, 1.33516937,\n        7.77327316],\n       [1.9056172 , 3.44743043, 4.3351849 , 4.75243841, 1.33516799,\n        7.77327975],\n       [1.90560819, 3.44742858, 4.3351787 , 4.75245072, 1.33516781,\n        7.77327608]]), array([0.14586835, 0.14586835, 0.14586835, 0.14586835, 0.14586835,\n       0.14586835, 0.14586835]))"}, "7": {"maxiter": 500, "fatol": 1e-10, "xatol": 1e-10, "duration": 0.12192678451538086, "fun": "0.14586834991707598", "nit": "432", "nfev": "742", "status": "0", "success": "True", "message": "Optimization terminated successfully.", "x": "[1.90561457 3.4474252  4.33518352 4.75243576 1.33517112 7.77327425]", "final_simplex": "(array([[1.90561457, 3.4474252 , 4.33518352, 4.75243576, 1.33517112,\n        7.77327425],\n       [1.90561457, 3.4474252 , 4.33518352, 4.75243576, 1.33517112,\n        7.77327425],\n       [1.90561457, 3.4474252 , 4.33518352, 4.75243576, 1.33517112,\n        7.77327425],\n       [1.90561457, 3.4474252 , 4.33518352, 4.75243576, 1.33517112,\n        7.77327425],\n       [1.90561457, 3.4474252 , 4.33518352, 4.75243576, 1.33517112,\n        7.77327425],\n       [1.90561457, 3.4474252 , 4.33518352, 4.75243576, 1.33517112,\n        7.77327425],\n       [1.90561457, 3.4474252 , 4.33518352, 4.75243576, 1.33517112,\n        7.77327425]]), array([0.14586835, 0.14586835, 0.14586835, 0.14586835, 0.14586835,\n       0.14586835, 0.14586835]))"}, "8": {"maxiter": 1000, "fatol": 1e-05, "xatol": 1e-05, "duration": 0.09149694442749023, "fun": "0.14586834992677988", "nit": "332", "nfev": "524", "status": "0", "success": "True", "message": "Optimization terminated successfully.", "x": "[1.9056098  3.44743201 4.33517889 4.75244577 1.33516963 7.77327095]", "final_simplex": "(array([[1.9056098 , 3.44743201, 4.33517889, 4.75244577, 1.33516963,\n        7.77327095],\n       [1.9056136 , 3.44742522, 4.33518628, 4.75244647, 1.33516985,\n        7.7732748 ],\n       [1.90561028, 3.44742677, 4.33517633, 4.75244313, 1.33517264,\n        7.7732728 ],\n       [1.90560834, 3.44742701, 4.3351782 , 4.75244388, 1.33516545,\n        7.77327413],\n       [1.90561382, 3.44743209, 4.33517857, 4.75245009, 1.33516937,\n        7.77327316],\n       [1.9056172 , 3.44743043, 4.3351849 , 4.75243841, 1.33516799,\n        7.77327975],\n       [1.90560819, 3.44742858, 4.3351787 , 4.75245072, 1.33516781,\n        7.77327608]]), array([0.14586835, 0.14586835, 0.14586835, 0.14586835, 0.14586835,\n       0.14586835, 0.14586835]))"}, "9": {"maxiter": 1000, "fatol": 1e-05, "xatol": 1e-10, "duration": 0.1284470558166504, "fun": "0.14586834991707598", "nit": "432", "nfev": "742", "status": "0", "success": "True", "message": "Optimization terminated successfully.", "x": "[1.90561457 3.4474252  4.33518352 4.75243576 1.33517112 7.77327425]", "final_simplex": "(array([[1.90561457, 3.4474252 , 4.33518352, 4.75243576, 1.33517112,\n        7.77327425],\n       [1.90561457, 3.4474252 , 4.33518352, 4.75243576, 1.33517112,\n        7.77327425],\n       [1.90561457, 3.4474252 , 4.33518352, 4.75243576, 1.33517112,\n        7.77327425],\n       [1.90561457, 3.4474252 , 4.33518352, 4.75243576, 1.33517112,\n        7.77327425],\n       [1.90561457, 3.4474252 , 4.33518352, 4.75243576, 1.33517112,\n        7.77327425],\n       [1.90561457, 3.4474252 , 4.33518352, 4.75243576, 1.33517112,\n        7.77327425],\n       [1.90561457, 3.4474252 , 4.33518352, 4.75243576, 1.33517112,\n        7.77327425]]), array([0.14586835, 0.14586835, 0.14586835, 0.14586835, 0.14586835,\n       0.14586835, 0.14586835]))"}, "10": {"maxiter": 1000, "fatol": 1e-10, "xatol": 1e-05, "duration": 0.0914468765258789, "fun": "0.14586834992677988", "nit": "332", "nfev": "524", "status": "0", "success": "True", "message": "Optimization terminated successfully.", "x": "[1.9056098  3.44743201 4.33517889 4.75244577 1.33516963 7.77327095]", "final_simplex": "(array([[1.9056098 , 3.44743201, 4.33517889, 4.75244577, 1.33516963,\n        7.77327095],\n       [1.9056136 , 3.44742522, 4.33518628, 4.75244647, 1.33516985,\n        7.7732748 ],\n       [1.90561028, 3.44742677, 4.33517633, 4.75244313, 1.33517264,\n        7.7732728 ],\n       [1.90560834, 3.44742701, 4.3351782 , 4.75244388, 1.33516545,\n        7.77327413],\n       [1.90561382, 3.44743209, 4.33517857, 4.75245009, 1.33516937,\n        7.77327316],\n       [1.9056172 , 3.44743043, 4.3351849 , 4.75243841, 1.33516799,\n        7.77327975],\n       [1.90560819, 3.44742858, 4.3351787 , 4.75245072, 1.33516781,\n        7.77327608]]), array([0.14586835, 0.14586835, 0.14586835, 0.14586835, 0.14586835,\n       0.14586835, 0.14586835]))"}, "11": {"maxiter": 1000, "fatol": 1e-10, "xatol": 1e-10, "duration": 0.12891507148742676, "fun": "0.14586834991707598", "nit": "432", "nfev": "742", "status": "0", "success": "True", "message": "Optimization terminated successfully.", "x": "[1.90561457 3.4474252  4.33518352 4.75243576 1.33517112 7.77327425]", "final_simplex": "(array([[1.90561457, 3.4474252 , 4.33518352, 4.75243576, 1.33517112,\n        7.77327425],\n       [1.90561457, 3.4474252 , 4.33518352, 4.75243576, 1.33517112,\n        7.77327425],\n       [1.90561457, 3.4474252 , 4.33518352, 4.75243576, 1.33517112,\n        7.77327425],\n       [1.90561457, 3.4474252 , 4.33518352, 4.75243576, 1.33517112,\n        7.77327425],\n       [1.90561457, 3.4474252 , 4.33518352, 4.75243576, 1.33517112,\n        7.77327425],\n       [1.90561457, 3.4474252 , 4.33518352, 4.75243576, 1.33517112,\n        7.77327425],\n       [1.90561457, 3.4474252 , 4.33518352, 4.75243576, 1.33517112,\n        7.77327425]]), array([0.14586835, 0.14586835, 0.14586835, 0.14586835, 0.14586835,\n       0.14586835, 0.14586835]))"}}, "bfgs": {"type": "gradient", "0": {"maxiter": 100, "gtol": 1e-05, "xrtol": 1e-05, "eps": 1e-05, "duration": 0.033225059509277344, "fun": "0.14586834996861275", "jac": "[-1.28915767e-06 -1.09081633e-06  5.88762372e-07 -8.93896068e-07\n  2.00108818e-06 -2.31084041e-06]", "hess_inv": "[[ 5.66324208 -2.70259026  0.43489633 -2.99985336  0.21318426  1.0225749 ]\n [-2.70259026  7.20981044  1.18151242  4.07455901  0.32844756 -2.76436114]\n [ 0.43489633  1.18151242  3.2214334  -0.63244353  0.81543414  0.11112181]\n [-2.99985336  4.07455901 -0.63244353 10.40389808  0.44119494 -2.05696209]\n [ 0.21318426  0.32844756  0.81543414  0.44119494  3.17386643  0.40761967]\n [ 1.0225749  -2.76436114  0.11112181 -2.05696209  0.40761967  3.79301748]]", "nfev": "182", "njev": "26", "status": "0", "success": "True", "message": "Optimization terminated successfully.", "x": "[1.90560621 3.4474176  4.33517613 4.75242494 1.33516799 7.77326557]", "nit": "23"}, "1": {"maxiter": 100, "gtol": 1e-05, "xrtol": 1e-05, "eps": 1e-10, "duration": 0.03264498710632324, "fun": "0.14586834996976028", "jac": "[ 3.33066880e-06  1.11022293e-06  0.00000000e+00  1.11022293e-06\n  0.00000000e+00 -4.44089173e-06]", "hess_inv": "[[ 5.68820102 -2.77083029  0.45690463 -3.04916709  0.18048264  1.06837316]\n [-2.77083029  7.43626102  1.14984939  4.33304315  0.3868696  -2.85807317]\n [ 0.45690463  1.14984939  3.17845952 -0.70538838  0.80200211  0.13029294]\n [-3.04916709  4.33304315 -0.70538838 10.66042213  0.5094849  -2.14037661]\n [ 0.18048264  0.3868696   0.80200211  0.5094849   3.17483209  0.38087905]\n [ 1.06837316 -2.85807317  0.13029294 -2.14037661  0.38087905  3.84571685]]", "nfev": "182", "njev": "26", "status": "0", "success": "True", "message": "Optimization terminated successfully.", "x": "[1.90560169 3.44743586 4.33517647 4.75244402 1.33517146 7.7732577 ]", "nit": "23"}, "2": {"maxiter": 100, "gtol": 1e-05, "xrtol": 1e-10, "eps": 1e-05, "duration": 0.03258919715881348, "fun": "0.14586834996861275", "jac": "[-1.28915767e-06 -1.09081633e-06  5.88762372e-07 -8.93896068e-07\n  2.00108818e-06 -2.31084041e-06]", "hess_inv": "[[ 5.66324208 -2.70259026  0.43489633 -2.99985336  0.21318426  1.0225749 ]\n [-2.70259026  7.20981044  1.18151242  4.07455901  0.32844756 -2.76436114]\n [ 0.43489633  1.18151242  3.2214334  -0.63244353  0.81543414  0.11112181]\n [-2.99985336  4.07455901 -0.63244353 10.40389808  0.44119494 -2.05696209]\n [ 0.21318426  0.32844756  0.81543414  0.44119494  3.17386643  0.40761967]\n [ 1.0225749  -2.76436114  0.11112181 -2.05696209  0.40761967  3.79301748]]", "nfev": "182", "njev": "26", "status": "0", "success": "True", "message": "Optimization terminated successfully.", "x": "[1.90560621 3.4474176  4.33517613 4.75242494 1.33516799 7.77326557]", "nit": "23"}, "3": {"maxiter": 100, "gtol": 1e-05, "xrtol": 1e-10, "eps": 1e-10, "duration": 0.03253793716430664, "fun": "0.14586834996976028", "jac": "[ 3.33066880e-06  1.11022293e-06  0.00000000e+00  1.11022293e-06\n  0.00000000e+00 -4.44089173e-06]", "hess_inv": "[[ 5.68820102 -2.77083029  0.45690463 -3.04916709  0.18048264  1.06837316]\n [-2.77083029  7.43626102  1.14984939  4.33304315  0.3868696  -2.85807317]\n [ 0.45690463  1.14984939  3.17845952 -0.70538838  0.80200211  0.13029294]\n [-3.04916709  4.33304315 -0.70538838 10.66042213  0.5094849  -2.14037661]\n [ 0.18048264  0.3868696   0.80200211  0.5094849   3.17483209  0.38087905]\n [ 1.06837316 -2.85807317  0.13029294 -2.14037661  0.38087905  3.84571685]]", "nfev": "182", "njev": "26", "status": "0", "success": "True", "message": "Optimization terminated successfully.", "x": "[1.90560169 3.44743586 4.33517647 4.75244402 1.33517146 7.7732577 ]", "nit": "23"}, "4": {"maxiter": 100, "gtol": 1e-10, "xrtol": 1e-05, "eps": 1e-05, "duration": 0.03379416465759277, "fun": "0.14586834994769193", "jac": "[-3.39839268e-08  3.64708264e-08 -6.73572309e-08 -4.33098002e-08\n  1.21513910e-07 -1.05171427e-07]", "hess_inv": "[[ 5.67579372 -2.63279632  0.39105298 -2.91343128  0.19673941  1.03924962]\n [-2.63279632  7.11998143  1.19080114  4.07436702  0.22474932 -2.67436029]\n [ 0.39105298  1.19080114  3.24056138 -0.67974183  0.8793667   0.05431658]\n [-2.91343128  4.07436702 -0.67974183 10.51535499  0.31563852 -1.94488702]\n [ 0.19673941  0.22474932  0.8793667   0.31563852  3.19509775  0.38570315]\n [ 1.03924962 -2.67436029  0.05431658 -1.94488702  0.38570315  3.81515416]]", "nfev": "189", "njev": "27", "status": "0", "success": "True", "message": "Optimization terminated successfully.", "x": "[1.90560983 3.44741828 4.33517379 4.7524303  1.33516276 7.77327027]", "nit": "24"}, "5": {"maxiter": 100, "gtol": 1e-10, "xrtol": 1e-05, "eps": 1e-10, "duration": 0.03498697280883789, "fun": "0.14586834995783915", "jac": "[-1.11022293e-06 -1.11022293e-06 -1.11022293e-06  0.00000000e+00\n  0.00000000e+00 -2.22044587e-06]", "hess_inv": "[[ 5.71811872 -2.94297643  0.52616661 -3.25750568  0.17470037  1.04441413]\n [-2.94297643  6.87840639  1.16922451  3.75958752  0.38462388 -2.39383287]\n [ 0.52616661  1.16922451  3.22601357 -0.70938422  0.79820166 -0.01326416]\n [-3.25750568  3.75958752 -0.70938422 10.08278609  0.50909946 -1.59996696]\n [ 0.17470037  0.38462388  0.79820166  0.50909946  3.17513496  0.39299619]\n [ 1.04441413 -2.39383287 -0.01326416 -1.59996696  0.39299619  3.79610692]]", "nfev": "196", "njev": "28", "status": "0", "success": "True", "message": "Optimization terminated successfully.", "x": "[1.90559909 3.44743149 4.33517567 4.75243999 1.33517152 7.77326387]", "nit": "24"}, "6": {"maxiter": 100, "gtol": 1e-10, "xrtol": 1e-10, "eps": 1e-05, "duration": 0.07158589363098145, "fun": "0.14586834994751297", "jac": "[-2.33146835e-10  3.51940699e-09 -4.91828800e-09 -1.29896094e-09\n  4.72955008e-09  3.99680289e-09]", "hess_inv": "[[ 5.73438893 -2.69065149  0.40558265 -2.89474863  0.10578923  1.08144832]\n [-2.69065149  7.12119367  1.19818025  3.9930551   0.34031687 -2.69149651]\n [ 0.40558265  1.19818025  3.23193967 -0.65205504  0.85236673  0.06466595]\n [-2.89474863  3.9930551  -0.65205504 10.45013081  0.31762912 -1.90043516]\n [ 0.10578923  0.34031687  0.85236673  0.31762912  3.31621046  0.29504856]\n [ 1.08144832 -2.69149651  0.06466595 -1.90043516  0.29504856  3.81134296]]", "nfev": "403", "njev": "56", "status": "2", "success": "False", "message": "Desired error not necessarily achieved due to precision loss.", "x": "[1.90561012 3.44741786 4.33517384 4.75243023 1.33516246 7.7732707 ]", "nit": "25"}, "7": {"maxiter": 100, "gtol": 1e-10, "xrtol": 1e-10, "eps": 1e-10, "duration": 0.06112790107727051, "fun": "0.14586834992000275", "jac": "[1.11022293e-06 0.00000000e+00 0.00000000e+00 1.11022293e-06\n 1.11022293e-06 2.22044587e-06]", "hess_inv": "[[ 0.69466865  0.44194119  0.02172305 -0.21674844 -0.5207812   0.10903537]\n [ 0.44194119  0.54109501 -0.03154643 -0.24128387 -0.30805009 -0.02696757]\n [ 0.02172305 -0.03154643  0.03854837  0.01787594 -0.02660599 -0.00146763]\n [-0.21674844 -0.24128387  0.01787594  0.34811482  0.2657617  -0.00825574]\n [-0.5207812  -0.30805009 -0.02660599  0.2657617   0.45391551 -0.08762796]\n [ 0.10903537 -0.02696757 -0.00146763 -0.00825574 -0.08762796  0.07734241]]", "nfev": "343", "njev": "49", "status": "2", "success": "False", "message": "Desired error not necessarily achieved due to precision loss.", "x": "[1.90561493 3.44742232 4.3351831  4.75243122 1.33516878 7.77327762]", "nit": "33"}, "8": {"maxiter": 500, "gtol": 1e-05, "xrtol": 1e-05, "eps": 1e-05, "duration": 0.032572031021118164, "fun": "0.14586834996861275", "jac": "[-1.28915767e-06 -1.09081633e-06  5.88762372e-07 -8.93896068e-07\n  2.00108818e-06 -2.31084041e-06]", "hess_inv": "[[ 5.66324208 -2.70259026  0.43489633 -2.99985336  0.21318426  1.0225749 ]\n [-2.70259026  7.20981044  1.18151242  4.07455901  0.32844756 -2.76436114]\n [ 0.43489633  1.18151242  3.2214334  -0.63244353  0.81543414  0.11112181]\n [-2.99985336  4.07455901 -0.63244353 10.40389808  0.44119494 -2.05696209]\n [ 0.21318426  0.32844756  0.81543414  0.44119494  3.17386643  0.40761967]\n [ 1.0225749  -2.76436114  0.11112181 -2.05696209  0.40761967  3.79301748]]", "nfev": "182", "njev": "26", "status": "0", "success": "True", "message": "Optimization terminated successfully.", "x": "[1.90560621 3.4474176  4.33517613 4.75242494 1.33516799 7.77326557]", "nit": "23"}, "9": {"maxiter": 500, "gtol": 1e-05, "xrtol": 1e-05, "eps": 1e-10, "duration": 0.03277707099914551, "fun": "0.14586834996976028", "jac": "[ 3.33066880e-06  1.11022293e-06  0.00000000e+00  1.11022293e-06\n  0.00000000e+00 -4.44089173e-06]", "hess_inv": "[[ 5.68820102 -2.77083029  0.45690463 -3.04916709  0.18048264  1.06837316]\n [-2.77083029  7.43626102  1.14984939  4.33304315  0.3868696  -2.85807317]\n [ 0.45690463  1.14984939  3.17845952 -0.70538838  0.80200211  0.13029294]\n [-3.04916709  4.33304315 -0.70538838 10.66042213  0.5094849  -2.14037661]\n [ 0.18048264  0.3868696   0.80200211  0.5094849   3.17483209  0.38087905]\n [ 1.06837316 -2.85807317  0.13029294 -2.14037661  0.38087905  3.84571685]]", "nfev": "182", "njev": "26", "status": "0", "success": "True", "message": "Optimization terminated successfully.", "x": "[1.90560169 3.44743586 4.33517647 4.75244402 1.33517146 7.7732577 ]", "nit": "23"}, "10": {"maxiter": 500, "gtol": 1e-05, "xrtol": 1e-10, "eps": 1e-05, "duration": 0.03247714042663574, "fun": "0.14586834996861275", "jac": "[-1.28915767e-06 -1.09081633e-06  5.88762372e-07 -8.93896068e-07\n  2.00108818e-06 -2.31084041e-06]", "hess_inv": "[[ 5.66324208 -2.70259026  0.43489633 -2.99985336  0.21318426  1.0225749 ]\n [-2.70259026  7.20981044  1.18151242  4.07455901  0.32844756 -2.76436114]\n [ 0.43489633  1.18151242  3.2214334  -0.63244353  0.81543414  0.11112181]\n [-2.99985336  4.07455901 -0.63244353 10.40389808  0.44119494 -2.05696209]\n [ 0.21318426  0.32844756  0.81543414  0.44119494  3.17386643  0.40761967]\n [ 1.0225749  -2.76436114  0.11112181 -2.05696209  0.40761967  3.79301748]]", "nfev": "182", "njev": "26", "status": "0", "success": "True", "message": "Optimization terminated successfully.", "x": "[1.90560621 3.4474176  4.33517613 4.75242494 1.33516799 7.77326557]", "nit": "23"}, "11": {"maxiter": 500, "gtol": 1e-05, "xrtol": 1e-10, "eps": 1e-10, "duration": 0.03228902816772461, "fun": "0.14586834996976028", "jac": "[ 3.33066880e-06  1.11022293e-06  0.00000000e+00  1.11022293e-06\n  0.00000000e+00 -4.44089173e-06]", "hess_inv": "[[ 5.68820102 -2.77083029  0.45690463 -3.04916709  0.18048264  1.06837316]\n [-2.77083029  7.43626102  1.14984939  4.33304315  0.3868696  -2.85807317]\n [ 0.45690463  1.14984939  3.17845952 -0.70538838  0.80200211  0.13029294]\n [-3.04916709  4.33304315 -0.70538838 10.66042213  0.5094849  -2.14037661]\n [ 0.18048264  0.3868696   0.80200211  0.5094849   3.17483209  0.38087905]\n [ 1.06837316 -2.85807317  0.13029294 -2.14037661  0.38087905  3.84571685]]", "nfev": "182", "njev": "26", "status": "0", "success": "True", "message": "Optimization terminated successfully.", "x": "[1.90560169 3.44743586 4.33517647 4.75244402 1.33517146 7.7732577 ]", "nit": "23"}, "12": {"maxiter": 500, "gtol": 1e-10, "xrtol": 1e-05, "eps": 1e-05, "duration": 0.03359794616699219, "fun": "0.14586834994769193", "jac": "[-3.39839268e-08  3.64708264e-08 -6.73572309e-08 -4.33098002e-08\n  1.21513910e-07 -1.05171427e-07]", "hess_inv": "[[ 5.67579372 -2.63279632  0.39105298 -2.91343128  0.19673941  1.03924962]\n [-2.63279632  7.11998143  1.19080114  4.07436702  0.22474932 -2.67436029]\n [ 0.39105298  1.19080114  3.24056138 -0.67974183  0.8793667   0.05431658]\n [-2.91343128  4.07436702 -0.67974183 10.51535499  0.31563852 -1.94488702]\n [ 0.19673941  0.22474932  0.8793667   0.31563852  3.19509775  0.38570315]\n [ 1.03924962 -2.67436029  0.05431658 -1.94488702  0.38570315  3.81515416]]", "nfev": "189", "njev": "27", "status": "0", "success": "True", "message": "Optimization terminated successfully.", "x": "[1.90560983 3.44741828 4.33517379 4.7524303  1.33516276 7.77327027]", "nit": "24"}, "13": {"maxiter": 500, "gtol": 1e-10, "xrtol": 1e-05, "eps": 1e-10, "duration": 0.03480815887451172, "fun": "0.14586834995783915", "jac": "[-1.11022293e-06 -1.11022293e-06 -1.11022293e-06  0.00000000e+00\n  0.00000000e+00 -2.22044587e-06]", "hess_inv": "[[ 5.71811872 -2.94297643  0.52616661 -3.25750568  0.17470037  1.04441413]\n [-2.94297643  6.87840639  1.16922451  3.75958752  0.38462388 -2.39383287]\n [ 0.52616661  1.16922451  3.22601357 -0.70938422  0.79820166 -0.01326416]\n [-3.25750568  3.75958752 -0.70938422 10.08278609  0.50909946 -1.59996696]\n [ 0.17470037  0.38462388  0.79820166  0.50909946  3.17513496  0.39299619]\n [ 1.04441413 -2.39383287 -0.01326416 -1.59996696  0.39299619  3.79610692]]", "nfev": "196", "njev": "28", "status": "0", "success": "True", "message": "Optimization terminated successfully.", "x": "[1.90559909 3.44743149 4.33517567 4.75243999 1.33517152 7.77326387]", "nit": "24"}, "14": {"maxiter": 500, "gtol": 1e-10, "xrtol": 1e-10, "eps": 1e-05, "duration": 0.07089495658874512, "fun": "0.14586834994751297", "jac": "[-2.33146835e-10  3.51940699e-09 -4.91828800e-09 -1.29896094e-09\n  4.72955008e-09  3.99680289e-09]", "hess_inv": "[[ 5.73438893 -2.69065149  0.40558265 -2.89474863  0.10578923  1.08144832]\n [-2.69065149  7.12119367  1.19818025  3.9930551   0.34031687 -2.69149651]\n [ 0.40558265  1.19818025  3.23193967 -0.65205504  0.85236673  0.06466595]\n [-2.89474863  3.9930551  -0.65205504 10.45013081  0.31762912 -1.90043516]\n [ 0.10578923  0.34031687  0.85236673  0.31762912  3.31621046  0.29504856]\n [ 1.08144832 -2.69149651  0.06466595 -1.90043516  0.29504856  3.81134296]]", "nfev": "403", "njev": "56", "status": "2", "success": "False", "message": "Desired error not necessarily achieved due to precision loss.", "x": "[1.90561012 3.44741786 4.33517384 4.75243023 1.33516246 7.7732707 ]", "nit": "25"}, "15": {"maxiter": 500, "gtol": 1e-10, "xrtol": 1e-10, "eps": 1e-10, "duration": 0.06037402153015137, "fun": "0.14586834992000275", "jac": "[1.11022293e-06 0.00000000e+00 0.00000000e+00 1.11022293e-06\n 1.11022293e-06 2.22044587e-06]", "hess_inv": "[[ 0.69466865  0.44194119  0.02172305 -0.21674844 -0.5207812   0.10903537]\n [ 0.44194119  0.54109501 -0.03154643 -0.24128387 -0.30805009 -0.02696757]\n [ 0.02172305 -0.03154643  0.03854837  0.01787594 -0.02660599 -0.00146763]\n [-0.21674844 -0.24128387  0.01787594  0.34811482  0.2657617  -0.00825574]\n [-0.5207812  -0.30805009 -0.02660599  0.2657617   0.45391551 -0.08762796]\n [ 0.10903537 -0.02696757 -0.00146763 -0.00825574 -0.08762796  0.07734241]]", "nfev": "343", "njev": "49", "status": "2", "success": "False", "message": "Desired error not necessarily achieved due to precision loss.", "x": "[1.90561493 3.44742232 4.3351831  4.75243122 1.33516878 7.77327762]", "nit": "33"}, "16": {"maxiter": 1000, "gtol": 1e-05, "xrtol": 1e-05, "eps": 1e-05, "duration": 0.032266855239868164, "fun": "0.14586834996861275", "jac": "[-1.28915767e-06 -1.09081633e-06  5.88762372e-07 -8.93896068e-07\n  2.00108818e-06 -2.31084041e-06]", "hess_inv": "[[ 5.66324208 -2.70259026  0.43489633 -2.99985336  0.21318426  1.0225749 ]\n [-2.70259026  7.20981044  1.18151242  4.07455901  0.32844756 -2.76436114]\n [ 0.43489633  1.18151242  3.2214334  -0.63244353  0.81543414  0.11112181]\n [-2.99985336  4.07455901 -0.63244353 10.40389808  0.44119494 -2.05696209]\n [ 0.21318426  0.32844756  0.81543414  0.44119494  3.17386643  0.40761967]\n [ 1.0225749  -2.76436114  0.11112181 -2.05696209  0.40761967  3.79301748]]", "nfev": "182", "njev": "26", "status": "0", "success": "True", "message": "Optimization terminated successfully.", "x": "[1.90560621 3.4474176  4.33517613 4.75242494 1.33516799 7.77326557]", "nit": "23"}, "17": {"maxiter": 1000, "gtol": 1e-05, "xrtol": 1e-05, "eps": 1e-10, "duration": 0.03220415115356445, "fun": "0.14586834996976028", "jac": "[ 3.33066880e-06  1.11022293e-06  0.00000000e+00  1.11022293e-06\n  0.00000000e+00 -4.44089173e-06]", "hess_inv": "[[ 5.68820102 -2.77083029  0.45690463 -3.04916709  0.18048264  1.06837316]\n [-2.77083029  7.43626102  1.14984939  4.33304315  0.3868696  -2.85807317]\n [ 0.45690463  1.14984939  3.17845952 -0.70538838  0.80200211  0.13029294]\n [-3.04916709  4.33304315 -0.70538838 10.66042213  0.5094849  -2.14037661]\n [ 0.18048264  0.3868696   0.80200211  0.5094849   3.17483209  0.38087905]\n [ 1.06837316 -2.85807317  0.13029294 -2.14037661  0.38087905  3.84571685]]", "nfev": "182", "njev": "26", "status": "0", "success": "True", "message": "Optimization terminated successfully.", "x": "[1.90560169 3.44743586 4.33517647 4.75244402 1.33517146 7.7732577 ]", "nit": "23"}, "18": {"maxiter": 1000, "gtol": 1e-05, "xrtol": 1e-10, "eps": 1e-05, "duration": 0.03210806846618652, "fun": "0.14586834996861275", "jac": "[-1.28915767e-06 -1.09081633e-06  5.88762372e-07 -8.93896068e-07\n  2.00108818e-06 -2.31084041e-06]", "hess_inv": "[[ 5.66324208 -2.70259026  0.43489633 -2.99985336  0.21318426  1.0225749 ]\n [-2.70259026  7.20981044  1.18151242  4.07455901  0.32844756 -2.76436114]\n [ 0.43489633  1.18151242  3.2214334  -0.63244353  0.81543414  0.11112181]\n [-2.99985336  4.07455901 -0.63244353 10.40389808  0.44119494 -2.05696209]\n [ 0.21318426  0.32844756  0.81543414  0.44119494  3.17386643  0.40761967]\n [ 1.0225749  -2.76436114  0.11112181 -2.05696209  0.40761967  3.79301748]]", "nfev": "182", "njev": "26", "status": "0", "success": "True", "message": "Optimization terminated successfully.", "x": "[1.90560621 3.4474176  4.33517613 4.75242494 1.33516799 7.77326557]", "nit": "23"}, "19": {"maxiter": 1000, "gtol": 1e-05, "xrtol": 1e-10, "eps": 1e-10, "duration": 0.032067060470581055, "fun": "0.14586834996976028", "jac": "[ 3.33066880e-06  1.11022293e-06  0.00000000e+00  1.11022293e-06\n  0.00000000e+00 -4.44089173e-06]", "hess_inv": "[[ 5.68820102 -2.77083029  0.45690463 -3.04916709  0.18048264  1.06837316]\n [-2.77083029  7.43626102  1.14984939  4.33304315  0.3868696  -2.85807317]\n [ 0.45690463  1.14984939  3.17845952 -0.70538838  0.80200211  0.13029294]\n [-3.04916709  4.33304315 -0.70538838 10.66042213  0.5094849  -2.14037661]\n [ 0.18048264  0.3868696   0.80200211  0.5094849   3.17483209  0.38087905]\n [ 1.06837316 -2.85807317  0.13029294 -2.14037661  0.38087905  3.84571685]]", "nfev": "182", "njev": "26", "status": "0", "success": "True", "message": "Optimization terminated successfully.", "x": "[1.90560169 3.44743586 4.33517647 4.75244402 1.33517146 7.7732577 ]", "nit": "23"}, "20": {"maxiter": 1000, "gtol": 1e-10, "xrtol": 1e-05, "eps": 1e-05, "duration": 0.03322911262512207, "fun": "0.14586834994769193", "jac": "[-3.39839268e-08  3.64708264e-08 -6.73572309e-08 -4.33098002e-08\n  1.21513910e-07 -1.05171427e-07]", "hess_inv": "[[ 5.67579372 -2.63279632  0.39105298 -2.91343128  0.19673941  1.03924962]\n [-2.63279632  7.11998143  1.19080114  4.07436702  0.22474932 -2.67436029]\n [ 0.39105298  1.19080114  3.24056138 -0.67974183  0.8793667   0.05431658]\n [-2.91343128  4.07436702 -0.67974183 10.51535499  0.31563852 -1.94488702]\n [ 0.19673941  0.22474932  0.8793667   0.31563852  3.19509775  0.38570315]\n [ 1.03924962 -2.67436029  0.05431658 -1.94488702  0.38570315  3.81515416]]", "nfev": "189", "njev": "27", "status": "0", "success": "True", "message": "Optimization terminated successfully.", "x": "[1.90560983 3.44741828 4.33517379 4.7524303  1.33516276 7.77327027]", "nit": "24"}, "21": {"maxiter": 1000, "gtol": 1e-10, "xrtol": 1e-05, "eps": 1e-10, "duration": 0.03455305099487305, "fun": "0.14586834995783915", "jac": "[-1.11022293e-06 -1.11022293e-06 -1.11022293e-06  0.00000000e+00\n  0.00000000e+00 -2.22044587e-06]", "hess_inv": "[[ 5.71811872 -2.94297643  0.52616661 -3.25750568  0.17470037  1.04441413]\n [-2.94297643  6.87840639  1.16922451  3.75958752  0.38462388 -2.39383287]\n [ 0.52616661  1.16922451  3.22601357 -0.70938422  0.79820166 -0.01326416]\n [-3.25750568  3.75958752 -0.70938422 10.08278609  0.50909946 -1.59996696]\n [ 0.17470037  0.38462388  0.79820166  0.50909946  3.17513496  0.39299619]\n [ 1.04441413 -2.39383287 -0.01326416 -1.59996696  0.39299619  3.79610692]]", "nfev": "196", "njev": "28", "status": "0", "success": "True", "message": "Optimization terminated successfully.", "x": "[1.90559909 3.44743149 4.33517567 4.75243999 1.33517152 7.77326387]", "nit": "24"}, "22": {"maxiter": 1000, "gtol": 1e-10, "xrtol": 1e-10, "eps": 1e-05, "duration": 0.07033514976501465, "fun": "0.14586834994751297", "jac": "[-2.33146835e-10  3.51940699e-09 -4.91828800e-09 -1.29896094e-09\n  4.72955008e-09  3.99680289e-09]", "hess_inv": "[[ 5.73438893 -2.69065149  0.40558265 -2.89474863  0.10578923  1.08144832]\n [-2.69065149  7.12119367  1.19818025  3.9930551   0.34031687 -2.69149651]\n [ 0.40558265  1.19818025  3.23193967 -0.65205504  0.85236673  0.06466595]\n [-2.89474863  3.9930551  -0.65205504 10.45013081  0.31762912 -1.90043516]\n [ 0.10578923  0.34031687  0.85236673  0.31762912  3.31621046  0.29504856]\n [ 1.08144832 -2.69149651  0.06466595 -1.90043516  0.29504856  3.81134296]]", "nfev": "403", "njev": "56", "status": "2", "success": "False", "message": "Desired error not necessarily achieved due to precision loss.", "x": "[1.90561012 3.44741786 4.33517384 4.75243023 1.33516246 7.7732707 ]", "nit": "25"}, "23": {"maxiter": 1000, "gtol": 1e-10, "xrtol": 1e-10, "eps": 1e-10, "duration": 0.05976581573486328, "fun": "0.14586834992000275", "jac": "[1.11022293e-06 0.00000000e+00 0.00000000e+00 1.11022293e-06\n 1.11022293e-06 2.22044587e-06]", "hess_inv": "[[ 0.69466865  0.44194119  0.02172305 -0.21674844 -0.5207812   0.10903537]\n [ 0.44194119  0.54109501 -0.03154643 -0.24128387 -0.30805009 -0.02696757]\n [ 0.02172305 -0.03154643  0.03854837  0.01787594 -0.02660599 -0.00146763]\n [-0.21674844 -0.24128387  0.01787594  0.34811482  0.2657617  -0.00825574]\n [-0.5207812  -0.30805009 -0.02660599  0.2657617   0.45391551 -0.08762796]\n [ 0.10903537 -0.02696757 -0.00146763 -0.00825574 -0.08762796  0.07734241]]", "nfev": "343", "njev": "49", "status": "2", "success": "False", "message": "Desired error not necessarily achieved due to precision loss.", "x": "[1.90561493 3.44742232 4.3351831  4.75243122 1.33516878 7.77327762]", "nit": "33"}}, "cobyla": {"0": {"maxiter": 100, "tol": 1e-05, "catol": 1e-05, "duration": 0.01688694953918457, "x": "[1.90891133 3.43818647 4.33351991 4.74487599 1.33581612 7.77772567]", "status": "2", "success": "False", "message": "Maximum number of function evaluations has been exceeded.", "nfev": "100", "fun": "0.14587559480085854", "maxcv": "0.0"}, "1": {"maxiter": 100, "tol": 1e-05, "catol": 1e-10, "duration": 0.016800880432128906, "x": "[1.90891133 3.43818647 4.33351991 4.74487599 1.33581612 7.77772567]", "status": "2", "success": "False", "message": "Maximum number of function evaluations has been exceeded.", "nfev": "100", "fun": "0.14587559480085854", "maxcv": "0.0"}, "2": {"maxiter": 100, "tol": 1e-10, "catol": 1e-05, "duration": 0.016813039779663086, "x": "[1.90891133 3.43818647 4.33351991 4.74487599 1.33581612 7.77772567]", "status": "2", "success": "False", "message": "Maximum number of function evaluations has been exceeded.", "nfev": "100", "fun": "0.14587559480085854", "maxcv": "0.0"}, "3": {"maxiter": 100, "tol": 1e-10, "catol": 1e-10, "duration": 0.01680302619934082, "x": "[1.90891133 3.43818647 4.33351991 4.74487599 1.33581612 7.77772567]", "status": "2", "success": "False", "message": "Maximum number of function evaluations has been exceeded.", "nfev": "100", "fun": "0.14587559480085854", "maxcv": "0.0"}, "4": {"maxiter": 500, "tol": 1e-05, "catol": 1e-05, "duration": 0.038394927978515625, "x": "[1.90561797 3.44740562 4.33517888 4.75240907 1.33517583 7.7732832 ]", "status": "1", "success": "True", "message": "Optimization terminated successfully.", "nfev": "225", "fun": "0.14586834997772757", "maxcv": "0.0"}, "5": {"maxiter": 500, "tol": 1e-05, "catol": 1e-10, "duration": 0.03825187683105469, "x": "[1.90561797 3.44740562 4.33517888 4.75240907 1.33517583 7.7732832 ]", "status": "1", "success": "True", "message": "Optimization terminated successfully.", "nfev": "225", "fun": "0.14586834997772757", "maxcv": "0.0"}, "6": {"maxiter": 500, "tol": 1e-10, "catol": 1e-05, "duration": 0.05788397789001465, "x": "[1.90561469 3.44742505 4.33518354 4.75243559 1.33517112 7.77327433]", "status": "1", "success": "True", "message": "Optimization terminated successfully.", "nfev": "340", "fun": "0.14586834991707787", "maxcv": "0.0"}, "7": {"maxiter": 500, "tol": 1e-10, "catol": 1e-10, "duration": 0.05824995040893555, "x": "[1.90561469 3.44742505 4.33518354 4.75243559 1.33517112 7.77327433]", "status": "1", "success": "True", "message": "Optimization terminated successfully.", "nfev": "340", "fun": "0.14586834991707787", "maxcv": "0.0"}, "8": {"maxiter": 1000, "tol": 1e-05, "catol": 1e-05, "duration": 0.03869891166687012, "x": "[1.90561797 3.44740562 4.33517888 4.75240907 1.33517583 7.7732832 ]", "status": "1", "success": "True", "message": "Optimization terminated successfully.", "nfev": "225", "fun": "0.14586834997772757", "maxcv": "0.0"}, "9": {"maxiter": 1000, "tol": 1e-05, "catol": 1e-10, "duration": 0.038810014724731445, "x": "[1.90561797 3.44740562 4.33517888 4.75240907 1.33517583 7.7732832 ]", "status": "1", "success": "True", "message": "Optimization terminated successfully.", "nfev": "225", "fun": "0.14586834997772757", "maxcv": "0.0"}, "10": {"maxiter": 1000, "tol": 1e-10, "catol": 1e-05, "duration": 0.05927276611328125, "x": "[1.90561469 3.44742505 4.33518354 4.75243559 1.33517112 7.77327433]", "status": "1", "success": "True", "message": "Optimization terminated successfully.", "nfev": "340", "fun": "0.14586834991707787", "maxcv": "0.0"}, "11":