{"date": "2024/07/19/, 20:06:06", "conf_id": 303, "data_type": "var_s_rank\n", "num_data_points": 4, "s_rank": 0, "unitary": "[[-0.53618537-0.34368723j,-0.12107031-0.46226139j,-0.07699282-0.46603512j,0.36022595-0.11472301j],[0.26026499-0.63450712j,-0.56616638+0.37832564j,-0.14988651+0.08458591j,0.10363514-0.16008501j],[-0.32580188-0.11070003j,-0.36476308-0.23593218j,0.02559343+0.41761608j,-0.25598305+0.6725303j],[0.07406738-0.0126433j,0.28513701+0.19483972j,-0.74939717-0.10299659j,0.29798249+0.46269921j]]", "databatch_0": {"databatch": "[[[0.26635378+0.12454473j,-0.2031817-0.25005713j,-0.09271735+0.28967646j,-0.19687999+0.14680003j],[0.1797531-0.08661708j,-0.2186457-0.00044441j,0.11253427+0.17302401j,-0.00727624+0.16649717j],[0.04728486+0.12746001j,0.0142538-0.14828659j,-0.12454927+0.06529478j,-0.11247648-0.01556034j],[-0.00661419+0.32741067j,0.16292142-0.31972866j,-0.33679526+0.03631806j,-0.23832213-0.13421927j]],[[0.05683051-0.11466088j,0.49696571-0.34459056j,-0.12143662+0.03225964j,-0.20441316+0.23015749j],[-0.11443782-0.01846928j,-0.43127214-0.33774899j,0.06043663+0.09644188j,0.25390303+0.1152442j],[-0.02895804+0.04171783j,-0.21507439+0.10646357j,0.04954315-0.00562352j,0.09359139-0.07850205j],[0.00948509-0.02757131j,0.10220531-0.09240667j,-0.02649479+0.01084342j,-0.03945144+0.05798763j]],[[0.01066603-0.02642007j,0.01178195+0.02709598j,0.00982207-0.0220399j,-0.01756867-0.0252113j],[0.21179865-0.36316272j,0.11455711+0.42065676j,0.19018227-0.30099302j,-0.20305438-0.40541298j],[0.17820226+0.15061602j,-0.24093803+0.02226836j,0.14629133+0.1328357j,0.24109463-0.07210701j],[-0.05593926+0.13290148j,-0.05760515-0.13799173j,-0.05134268+0.11079902j,0.08702821+0.12888503j]],[[-0.17122478-0.16753376j,-0.01671887-0.21163057j,-0.05267061-0.0993817j,0.0804329+0.08235918j],[0.33511043-0.0686294j,0.26374957+0.14942491j,0.1596913+0.0171436j,-0.16174859+0.02931229j],[-0.45699325+0.07333744j,-0.34787738-0.21729575j,-0.21488114-0.03243803j,0.22035689-0.03024312j],[-0.2195748+0.10125321j,-0.20561122-0.06032468j,-0.11267013+0.01394308j,0.10659741-0.0462477j]]]", "initial param values": "[2.21519181,2.26147355,0.80114228,6.27528904,0.63444728,5.92774169]", "nelder_mead": {"type": "gradient-free", "0": {"maxiter": 100, "fatol": 1e-05, "xatol": 1e-05, "duration": 0.027336835861206055, "fun": "0.3735108086507346", "nit": "100", "nfev": "158", "status": "2", "success": "False", "message": "Maximum number of iterations has been exceeded.", "x": "[ 3.06650558  3.62430008 -0.08500425  4.94830174  0.98301361  3.74155843]", "final_simplex": "(array([[ 3.06650558,  3.62430008, -0.08500425,  4.94830174,  0.98301361,\n         3.74155843],\n       [ 2.91672432,  3.66605774, -0.16731768,  5.12438316,  1.0440997 ,\n         3.90358218],\n       [ 3.00939119,  3.67948797,  0.01771826,  4.86281825,  0.97479328,\n         3.60131695],\n       [ 2.95504266,  3.77873287, -0.08794293,  4.96145105,  1.01240554,\n         3.79924951],\n       [ 3.07143467,  3.59174479, -0.07728721,  4.83541187,  0.98077359,\n         3.87728344],\n       [ 2.98054928,  3.7287248 , -0.04030211,  4.88306869,  0.98077784,\n         3.85241702],\n       [ 2.91822101,  3.71726472,  0.10820663,  4.91799531,  0.92747962,\n         3.90203765]]), array([0.37351081, 0.37407738, 0.37660783, 0.37743968, 0.37840624,\n       0.38050631, 0.38817581]))"}, "1": {"maxiter": 100, "fatol": 1e-05, "xatol": 1e-10, "duration": 0.027041196823120117, "fun": "0.3735108086507346", "nit": "100", "nfev": "158", "status": "2", "success": "False", "message": "Maximum number of iterations has been exceeded.", "x": "[ 3.06650558  3.62430008 -0.08500425  4.94830174  0.98301361  3.74155843]", "final_simplex": "(array([[ 3.06650558,  3.62430008, -0.08500425,  4.94830174,  0.98301361,\n         3.74155843],\n       [ 2.91672432,  3.66605774, -0.16731768,  5.12438316,  1.0440997 ,\n         3.90358218],\n       [ 3.00939119,  3.67948797,  0.01771826,  4.86281825,  0.97479328,\n         3.60131695],\n       [ 2.95504266,  3.77873287, -0.08794293,  4.96145105,  1.01240554,\n         3.79924951],\n       [ 3.07143467,  3.59174479, -0.07728721,  4.83541187,  0.98077359,\n         3.87728344],\n       [ 2.98054928,  3.7287248 , -0.04030211,  4.88306869,  0.98077784,\n         3.85241702],\n       [ 2.91822101,  3.71726472,  0.10820663,  4.91799531,  0.92747962,\n         3.90203765]]), array([0.37351081, 0.37407738, 0.37660783, 0.37743968, 0.37840624,\n       0.38050631, 0.38817581]))"}, "2": {"maxiter": 100, "fatol": 1e-10, "xatol": 1e-05, "duration": 0.026942968368530273, "fun": "0.3735108086507346", "nit": "100", "nfev": "158", "status": "2", "success": "False", "message": "Maximum number of iterations has been exceeded.", "x": "[ 3.06650558  3.62430008 -0.08500425  4.94830174  0.98301361  3.74155843]", "final_simplex": "(array([[ 3.06650558,  3.62430008, -0.08500425,  4.94830174,  0.98301361,\n         3.74155843],\n       [ 2.91672432,  3.66605774, -0.16731768,  5.12438316,  1.0440997 ,\n         3.90358218],\n       [ 3.00939119,  3.67948797,  0.01771826,  4.86281825,  0.97479328,\n         3.60131695],\n       [ 2.95504266,  3.77873287, -0.08794293,  4.96145105,  1.01240554,\n         3.79924951],\n       [ 3.07143467,  3.59174479, -0.07728721,  4.83541187,  0.98077359,\n         3.87728344],\n       [ 2.98054928,  3.7287248 , -0.04030211,  4.88306869,  0.98077784,\n         3.85241702],\n       [ 2.91822101,  3.71726472,  0.10820663,  4.91799531,  0.92747962,\n         3.90203765]]), array([0.37351081, 0.37407738, 0.37660783, 0.37743968, 0.37840624,\n       0.38050631, 0.38817581]))"}, "3": {"maxiter": 100, "fatol": 1e-10, "xatol": 1e-10, "duration": 0.026959896087646484, "fun": "0.3735108086507346", "nit": "100", "nfev": "158", "status": "2", "success": "False", "message": "Maximum number of iterations has been exceeded.", "x": "[ 3.06650558  3.62430008 -0.08500425  4.94830174  0.98301361  3.74155843]", "final_simplex": "(array([[ 3.06650558,  3.62430008, -0.08500425,  4.94830174,  0.98301361,\n         3.74155843],\n       [ 2.91672432,  3.66605774, -0.16731768,  5.12438316,  1.0440997 ,\n         3.90358218],\n       [ 3.00939119,  3.67948797,  0.01771826,  4.86281825,  0.97479328,\n         3.60131695],\n       [ 2.95504266,  3.77873287, -0.08794293,  4.96145105,  1.01240554,\n         3.79924951],\n       [ 3.07143467,  3.59174479, -0.07728721,  4.83541187,  0.98077359,\n         3.87728344],\n       [ 2.98054928,  3.7287248 , -0.04030211,  4.88306869,  0.98077784,\n         3.85241702],\n       [ 2.91822101,  3.71726472,  0.10820663,  4.91799531,  0.92747962,\n         3.90203765]]), array([0.37351081, 0.37407738, 0.37660783, 0.37743968, 0.37840624,\n       0.38050631, 0.38817581]))"}, "4": {"maxiter": 500, "fatol": 1e-05, "xatol": 1e-05, "duration": 0.12322592735290527, "fun": "0.1833539604175518", "nit": "467", "nfev": "724", "status": "0", "success": "True", "message": "Optimization terminated successfully.", "x": "[ 1.82182473  2.52073518 -1.85073484  4.94767388  1.32075888  2.94236435]", "final_simplex": "(array([[ 1.82182473,  2.52073518, -1.85073484,  4.94767388,  1.32075888,\n         2.94236435],\n       [ 1.82181873,  2.52074288, -1.85072692,  4.94767872,  1.32076063,\n         2.94235586],\n       [ 1.821826  ,  2.52074098, -1.85073181,  4.94768342,  1.32076078,\n         2.94236628],\n       [ 1.82182311,  2.52073536, -1.85073494,  4.94768259,  1.32075896,\n         2.94236325],\n       [ 1.82182583,  2.52073475, -1.85072565,  4.9476738 ,  1.3207567 ,\n         2.94237061],\n       [ 1.82182658,  2.52072678, -1.85073719,  4.94767557,  1.32076543,\n         2.94237308],\n       [ 1.82182205,  2.52073617, -1.85073277,  4.94768312,  1.32075898,\n         2.94236931]]), array([0.18335396, 0.18335396, 0.18335396, 0.18335396, 0.18335396,\n       0.18335396, 0.18335396]))"}, "5": {"maxiter": 500, "fatol": 1e-05, "xatol": 1e-10, "duration": 0.13224196434020996, "fun": "0.1833539603905847", "nit": "500", "nfev": "774", "status": "2", "success": "False", "message": "Maximum number of iterations has been exceeded.", "x": "[ 1.82183     2.52073485 -1.85073034  4.94767788  1.32076869  2.94236122]", "final_simplex": "(array([[ 1.82183   ,  2.52073485, -1.85073034,  4.94767788,  1.32076869,\n         2.94236122],\n       [ 1.82182929,  2.52073459, -1.85072757,  4.94767573,  1.32076864,\n         2.94235954],\n       [ 1.82182931,  2.52073326, -1.85072894,  4.9476778 ,  1.32076634,\n         2.94236088],\n       [ 1.82182915,  2.52073355, -1.85072934,  4.94767444,  1.32076829,\n         2.94236099],\n       [ 1.82182975,  2.52073468, -1.85072947,  4.94767639,  1.32076534,\n         2.94236095],\n       [ 1.82183074,  2.52073353, -1.85073056,  4.94767461,  1.32076718,\n         2.94235958],\n       [ 1.82183256,  2.52073373, -1.85072876,  4.94767598,  1.32076812,\n         2.94236368]]), array([0.18335396, 0.18335396, 0.18335396, 0.18335396, 0.18335396,\n       0.18335396, 0.18335396]))"}, "6": {"maxiter": 500, "fatol": 1e-10, "xatol": 1e-05, "duration": 0.12353205680847168, "fun": "0.1833539604175518", "nit": "467", "nfev": "724", "status": "0", "success": "True", "message": "Optimization terminated successfully.", "x": "[ 1.82182473  2.52073518 -1.85073484  4.94767388  1.32075888  2.94236435]", "final_simplex": "(array([[ 1.82182473,  2.52073518, -1.85073484,  4.94767388,  1.32075888,\n         2.94236435],\n       [ 1.82181873,  2.52074288, -1.85072692,  4.94767872,  1.32076063,\n         2.94235586],\n       [ 1.821826  ,  2.52074098, -1.85073181,  4.94768342,  1.32076078,\n         2.94236628],\n       [ 1.82182311,  2.52073536, -1.85073494,  4.94768259,  1.32075896,\n         2.94236325],\n       [ 1.82182583,  2.52073475, -1.85072565,  4.9476738 ,  1.3207567 ,\n         2.94237061],\n       [ 1.82182658,  2.52072678, -1.85073719,  4.94767557,  1.32076543,\n         2.94237308],\n       [ 1.82182205,  2.52073617, -1.85073277,  4.94768312,  1.32075898,\n         2.94236931]]), array([0.18335396, 0.18335396, 0.18335396, 0.18335396, 0.18335396,\n       0.18335396, 0.18335396]))"}, "7": {"maxiter": 500, "fatol": 1e-10, "xatol": 1e-10, "duration": 0.13156390190124512, "fun": "0.1833539603905847", "nit": "500", "nfev": "774", "status": "2", "success": "False", "message": "Maximum number of iterations has been exceeded.", "x": "[ 1.82183     2.52073485 -1.85073034  4.94767788  1.32076869  2.94236122]", "final_simplex": "(array([[ 1.82183   ,  2.52073485, -1.85073034,  4.94767788,  1.32076869,\n         2.94236122],\n       [ 1.82182929,  2.52073459, -1.85072757,  4.94767573,  1.32076864,\n         2.94235954],\n       [ 1.82182931,  2.52073326, -1.85072894,  4.9476778 ,  1.32076634,\n         2.94236088],\n       [ 1.82182915,  2.52073355, -1.85072934,  4.94767444,  1.32076829,\n         2.94236099],\n       [ 1.82182975,  2.52073468, -1.85072947,  4.94767639,  1.32076534,\n         2.94236095],\n       [ 1.82183074,  2.52073353, -1.85073056,  4.94767461,  1.32076718,\n         2.94235958],\n       [ 1.82183256,  2.52073373, -1.85072876,  4.94767598,  1.32076812,\n         2.94236368]]), array([0.18335396, 0.18335396, 0.18335396, 0.18335396, 0.18335396,\n       0.18335396, 0.18335396]))"}, "8": {"maxiter": 1000, "fatol": 1e-05, "xatol": 1e-05, "duration": 0.12273097038269043, "fun": "0.1833539604175518", "nit": "467", "nfev": "724", "status": "0", "success": "True", "message": "Optimization terminated successfully.", "x": "[ 1.82182473  2.52073518 -1.85073484  4.94767388  1.32075888  2.94236435]", "final_simplex": "(array([[ 1.82182473,  2.52073518, -1.85073484,  4.94767388,  1.32075888,\n         2.94236435],\n       [ 1.82181873,  2.52074288, -1.85072692,  4.94767872,  1.32076063,\n         2.94235586],\n       [ 1.821826  ,  2.52074098, -1.85073181,  4.94768342,  1.32076078,\n         2.94236628],\n       [ 1.82182311,  2.52073536, -1.85073494,  4.94768259,  1.32075896,\n         2.94236325],\n       [ 1.82182583,  2.52073475, -1.85072565,  4.9476738 ,  1.3207567 ,\n         2.94237061],\n       [ 1.82182658,  2.52072678, -1.85073719,  4.94767557,  1.32076543,\n         2.94237308],\n       [ 1.82182205,  2.52073617, -1.85073277,  4.94768312,  1.32075898,\n         2.94236931]]), array([0.18335396, 0.18335396, 0.18335396, 0.18335396, 0.18335396,\n       0.18335396, 0.18335396]))"}, "9": {"maxiter": 1000, "fatol": 1e-05, "xatol": 1e-10, "duration": 0.16642308235168457, "fun": "0.18335396038991825", "nit": "590", "nfev": "976", "status": "0", "success": "True", "message": "Optimization terminated successfully.", "x": "[ 1.82183049  2.5207344  -1.85072878  4.94767664  1.32076793  2.94236075]", "final_simplex": "(array([[ 1.82183049,  2.5207344 , -1.85072878,  4.94767664,  1.32076793,\n         2.94236075],\n       [ 1.82183049,  2.5207344 , -1.85072878,  4.94767664,  1.32076793,\n         2.94236075],\n       [ 1.82183049,  2.5207344 , -1.85072878,  4.94767664,  1.32076793,\n         2.94236075],\n       [ 1.82183049,  2.5207344 , -1.85072878,  4.94767664,  1.32076793,\n         2.94236075],\n       [ 1.82183049,  2.5207344 , -1.85072878,  4.94767664,  1.32076793,\n         2.94236075],\n       [ 1.82183049,  2.5207344 , -1.85072878,  4.94767664,  1.32076793,\n         2.94236075],\n       [ 1.82183049,  2.5207344 , -1.85072878,  4.94767664,  1.32076793,\n         2.94236075]]), array([0.18335396, 0.18335396, 0.18335396, 0.18335396, 0.18335396,\n       0.18335396, 0.18335396]))"}, "10": {"maxiter": 1000, "fatol": 1e-10, "xatol": 1e-05, "duration": 0.12847328186035156, "fun": "0.1833539604175518", "nit": "467", "nfev": "724", "status": "0", "success": "True", "message": "Optimization terminated successfully.", "x": "[ 1.82182473  2.52073518 -1.85073484  4.94767388  1.32075888  2.94236435]", "final_simplex": "(array([[ 1.82182473,  2.52073518, -1.85073484,  4.94767388,  1.32075888,\n         2.94236435],\n       [ 1.82181873,  2.52074288, -1.85072692,  4.94767872,  1.32076063,\n         2.94235586],\n       [ 1.821826  ,  2.52074098, -1.85073181,  4.94768342,  1.32076078,\n         2.94236628],\n       [ 1.82182311,  2.52073536, -1.85073494,  4.94768259,  1.32075896,\n         2.94236325],\n       [ 1.82182583,  2.52073475, -1.85072565,  4.9476738 ,  1.3207567 ,\n         2.94237061],\n       [ 1.82182658,  2.52072678, -1.85073719,  4.94767557,  1.32076543,\n         2.94237308],\n       [ 1.82182205,  2.52073617, -1.85073277,  4.94768312,  1.32075898,\n         2.94236931]]), array([0.18335396, 0.18335396, 0.18335396, 0.18335396, 0.18335396,\n       0.18335396, 0.18335396]))"}, "11": {"maxiter": 1000, "fatol": 1e-10, "xatol": 1e-10, "duration": 0.16550707817077637, "fun": "0.18335396038991825", "nit": "590", "nfev": "976", "status": "0", "success": "True", "message": "Optimization terminated successfully.", "x": "[ 1.82183049  2.5207344  -1.85072878  4.94767664  1.32076793  2.94236075]", "final_simplex": "(array([[ 1.82183049,  2.5207344 , -1.85072878,  4.94767664,  1.32076793,\n         2.94236075],\n       [ 1.82183049,  2.5207344 , -1.85072878,  4.94767664,  1.32076793,\n         2.94236075],\n       [ 1.82183049,  2.5207344 , -1.85072878,  4.94767664,  1.32076793,\n         2.94236075],\n       [ 1.82183049,  2.5207344 , -1.85072878,  4.94767664,  1.32076793,\n         2.94236075],\n       [ 1.82183049,  2.5207344 , -1.85072878,  4.94767664,  1.32076793,\n         2.94236075],\n       [ 1.82183049,  2.5207344 , -1.85072878,  4.94767664,  1.32076793,\n         2.94236075],\n       [ 1.82183049,  2.5207344 , -1.85072878,  4.94767664,  1.32076793,\n         2.94236075]]), array([0.18335396, 0.18335396, 0.18335396, 0.18335396, 0.18335396,\n       0.18335396, 0.18335396]))"}}, "bfgs": {"type": "gradient", "0": {"maxiter": 100, "gtol": 1e-05, "xrtol": 1e-05, "eps": 1e-05, "duration": 0.06637001037597656, "fun": "0.18335396041397156", "jac": "[-5.88862292e-08  1.92769134e-06  5.10413933e-07  9.85511672e-07\n  4.07873735e-07 -3.59356989e-07]", "hess_inv": "[[ 3.92345286e+00 -5.31925685e-01  4.35567350e-01 -1.55385745e-01\n   5.37566457e-01  1.00595424e+00]\n [-5.31925685e-01  4.08238860e+00  5.47359360e-01  6.22995123e-01\n  -2.67172651e-03 -1.35894646e+00]\n [ 4.35567350e-01  5.47359360e-01  4.67195321e+00 -1.53559018e-01\n  -1.28906317e+00  1.27880431e+00]\n [-1.55385745e-01  6.22995123e-01 -1.53559018e-01  3.92057132e+00\n   8.95629411e-02  3.48843974e-01]\n [ 5.37566457e-01 -2.67172651e-03 -1.28906317e+00  8.95629411e-02\n   3.95990693e+00 -7.33043346e-01]\n [ 1.00595424e+00 -1.35894646e+00  1.27880431e+00  3.48843974e-01\n  -7.33043346e-01  4.36941350e+00]]", "nfev": "385", "njev": "55", "status": "0", "success": "True", "message": "Optimization terminated successfully.", "x": "[ 1.82182077  8.80392558  4.43245188  4.94767534 -4.9624199   2.94234963]", "nit": "35"}, "1": {"maxiter": 100, "gtol": 1e-05, "xrtol": 1e-05, "eps": 1e-10, "duration": 0.06618070602416992, "fun": "0.18335396045566565", "jac": "[ 3.33066880e-06 -1.11022293e-06  2.22044587e-06 -2.22044587e-06\n  2.22044587e-06  2.22044587e-06]", "hess_inv": "[[ 4.01857586 -0.48209133  0.49329323 -0.09646001  0.58252511  1.12904878]\n [-0.48209133  4.44739196  0.51286967  0.77146103  0.05277274 -1.40967594]\n [ 0.49329323  0.51286967  4.56733596 -0.26976556 -1.10973419  1.25182555]\n [-0.09646001  0.77146103 -0.26976556  3.91104226  0.07178672  0.13615948]\n [ 0.58252511  0.05277274 -1.10973419  0.07178672  3.81421797 -0.71574793]\n [ 1.12904878 -1.40967594  1.25182555  0.13615948 -0.71574793  4.27312563]]", "nfev": "385", "njev": "55", "status": "0", "success": "True", "message": "Optimization terminated successfully.", "x": "[ 1.8218462   8.80391544  4.43246765  4.94767366 -4.96241192  2.94237625]", "nit": "35"}, "2": {"maxiter": 100, "gtol": 1e-05, "xrtol": 1e-10, "eps": 1e-05, "duration": 0.06659412384033203, "fun": "0.18335396041397156", "jac": "[-5.88862292e-08  1.92769134e-06  5.10413933e-07  9.85511672e-07\n  4.07873735e-07 -3.59356989e-07]", "hess_inv": "[[ 3.92345286e+00 -5.31925685e-01  4.35567350e-01 -1.55385745e-01\n   5.37566457e-01  1.00595424e+00]\n [-5.31925685e-01  4.08238860e+00  5.47359360e-01  6.22995123e-01\n  -2.67172651e-03 -1.35894646e+00]\n [ 4.35567350e-01  5.47359360e-01  4.67195321e+00 -1.53559018e-01\n  -1.28906317e+00  1.27880431e+00]\n [-1.55385745e-01  6.22995123e-01 -1.53559018e-01  3.92057132e+00\n   8.95629411e-02  3.48843974e-01]\n [ 5.37566457e-01 -2.67172651e-03 -1.28906317e+00  8.95629411e-02\n   3.95990693e+00 -7.33043346e-01]\n [ 1.00595424e+00 -1.35894646e+00  1.27880431e+00  3.48843974e-01\n  -7.33043346e-01  4.36941350e+00]]", "nfev": "385", "njev": "55", "status": "0", "success": "True", "message": "Optimization terminated successfully.", "x": "[ 1.82182077  8.80392558  4.43245188  4.94767534 -4.9624199   2.94234963]", "nit": "35"}, "3": {"maxiter": 100, "gtol": 1e-05, "xrtol": 1e-10, "eps": 1e-10, "duration": 0.0662541389465332, "fun": "0.18335396045566565", "jac": "[ 3.33066880e-06 -1.11022293e-06  2.22044587e-06 -2.22044587e-06\n  2.22044587e-06  2.22044587e-06]", "hess_inv": "[[ 4.01857586 -0.48209133  0.49329323 -0.09646001  0.58252511  1.12904878]\n [-0.48209133  4.44739196  0.51286967  0.77146103  0.05277274 -1.40967594]\n [ 0.49329323  0.51286967  4.56733596 -0.26976556 -1.10973419  1.25182555]\n [-0.09646001  0.77146103 -0.26976556  3.91104226  0.07178672  0.13615948]\n [ 0.58252511  0.05277274 -1.10973419  0.07178672  3.81421797 -0.71574793]\n [ 1.12904878 -1.40967594  1.25182555  0.13615948 -0.71574793  4.27312563]]", "nfev": "385", "njev": "55", "status": "0", "success": "True", "message": "Optimization terminated successfully.", "x": "[ 1.8218462   8.80391544  4.43246765  4.94767366 -4.96241192  2.94237625]", "nit": "35"}, "4": {"maxiter": 100, "gtol": 1e-10, "xrtol": 1e-05, "eps": 1e-05, "duration": 0.06599116325378418, "fun": "0.18335396041397156", "jac": "[-5.88862292e-08  1.92769134e-06  5.10413933e-07  9.85511672e-07\n  4.07873735e-07 -3.59356989e-07]", "hess_inv": "[[ 3.92345286e+00 -5.31925685e-01  4.35567350e-01 -1.55385745e-01\n   5.37566457e-01  1.00595424e+00]\n [-5.31925685e-01  4.08238860e+00  5.47359360e-01  6.22995123e-01\n  -2.67172651e-03 -1.35894646e+00]\n [ 4.35567350e-01  5.47359360e-01  4.67195321e+00 -1.53559018e-01\n  -1.28906317e+00  1.27880431e+00]\n [-1.55385745e-01  6.22995123e-01 -1.53559018e-01  3.92057132e+00\n   8.95629411e-02  3.48843974e-01]\n [ 5.37566457e-01 -2.67172651e-03 -1.28906317e+00  8.95629411e-02\n   3.95990693e+00 -7.33043346e-01]\n [ 1.00595424e+00 -1.35894646e+00  1.27880431e+00  3.48843974e-01\n  -7.33043346e-01  4.36941350e+00]]", "nfev": "385", "njev": "55", "status": "0", "success": "True", "message": "Optimization terminated successfully.", "x": "[ 1.82182077  8.80392558  4.43245188  4.94767534 -4.9624199   2.94234963]", "nit": "35"}, "5": {"maxiter": 100, "gtol": 1e-10, "xrtol": 1e-05, "eps": 1e-10, "duration": 0.06709814071655273, "fun": "0.183353960396892", "jac": "[ 1.11022293e-06 -2.22044587e-06 -1.11022293e-06  1.11022293e-06\n -1.11022293e-06  2.22044587e-06]", "hess_inv": "[[ 3.66409057 -0.43429734  0.31443367  0.15953029  0.50644922  0.9403565 ]\n [-0.43429734  4.64131429  0.47002671  0.63780657  0.00862202 -1.53182796]\n [ 0.31443367  0.47002671  4.49946622 -0.1074723  -1.12993727  1.20594095]\n [ 0.15953029  0.63780657 -0.1074723   3.77523385  0.15364534  0.34545109]\n [ 0.50644922  0.00862202 -1.12993727  0.15364534  3.81266534 -0.71616551]\n [ 0.9403565  -1.53182796  1.20594095  0.34545109 -0.71616551  4.28140385]]", "nfev": "392", "njev": "56", "status": "0", "success": "True", "message": "Optimization terminated successfully.", "x": "[ 1.82182995  8.80392579  4.43245673  4.94768135 -4.96241763  2.94236159]", "nit": "36"}, "6": {"maxiter": 100, "gtol": 1e-10, "xrtol": 1e-10, "eps": 1e-05, "duration": 0.11000180244445801, "fun": "0.1833539604119221", "jac": "[-2.52464716e-08  1.13866694e-06  2.82007750e-07  6.04294392e-07\n  2.56372701e-07 -2.38231657e-07]", "hess_inv": "[[ 3.92336747 -0.56093894  0.46533252 -0.17930027  0.5288245   1.05181213]\n [-0.56093894  4.46466961  0.40291825  0.88911096  0.10669456 -1.72305184]\n [ 0.46533252  0.40291825  4.54570149 -0.20066351 -1.27040313  1.25571761]\n [-0.17930027  0.88911096 -0.20066351  4.07982681  0.11581697  0.13443828]\n [ 0.5288245   0.10669456 -1.27040313  0.11581697  3.86990905 -0.81049834]\n [ 1.05181213 -1.72305184  1.25571761  0.13443828 -0.81049834  4.56649433]]", "nfev": "648", "njev": "91", "status": "2", "success": "False", "message": "Desired error not necessarily achieved due to precision loss.", "x": "[ 1.82182134  8.8039214   4.43245105  4.94767311 -4.96242041  2.94235144]", "nit": "37"}, "7": {"maxiter": 100, "gtol": 1e-10, "xrtol": 1e-10, "eps": 1e-10, "duration": 0.10944199562072754, "fun": "0.183353960396892", "jac": "[ 1.11022293e-06 -2.22044587e-06 -1.11022293e-06  1.11022293e-06\n -1.11022293e-06  2.22044587e-06]", "hess_inv": "[[ 6.40321584 -3.71013984  1.20690827 -0.10766411  0.52999275  4.64783581]\n [-3.71013984  7.70472405 -1.12769553  1.53237291 -0.54347232 -5.27590084]\n [ 1.20690827 -1.12769553  4.46099413  0.16244755 -1.44753401  2.84220866]\n [-0.10766411  1.53237291  0.16244755  3.4142705   0.50399634 -0.48053407]\n [ 0.52999275 -0.54347232 -1.44753401  0.50399634  3.49154597 -0.26121503]\n [ 4.64783581 -5.27590084  2.84220866 -0.48053407 -0.26121503  8.74250282]]", "nfev": "642", "njev": "90", "status": "2", "success": "False", "message": "Desired error not necessarily achieved due to precision loss.", "x": "[ 1.82182995  8.80392579  4.43245673  4.94768135 -4.96241763  2.94236159]", "nit": "36"}, "8": {"maxiter": 500, "gtol": 1e-05, "xrtol": 1e-05, "eps": 1e-05, "duration": 0.06588888168334961, "fun": "0.18335396041397156", "jac": "[-5.88862292e-08  1.92769134e-06  5.10413933e-07  9.85511672e-07\n  4.07873735e-07 -3.59356989e-07]", "hess_inv": "[[ 3.92345286e+00 -5.31925685e-01  4.35567350e-01 -1.55385745e-01\n   5.37566457e-01  1.00595424e+00]\n [-5.31925685e-01  4.08238860e+00  5.47359360e-01  6.22995123e-01\n  -2.67172651e-03 -1.35894646e+00]\n [ 4.35567350e-01  5.47359360e-01  4.67195321e+00 -1.53559018e-01\n  -1.28906317e+00  1.27880431e+00]\n [-1.55385745e-01  6.22995123e-01 -1.53559018e-01  3.92057132e+00\n   8.95629411e-02  3.48843974e-01]\n [ 5.37566457e-01 -2.67172651e-03 -1.28906317e+00  8.95629411e-02\n   3.95990693e+00 -7.33043346e-01]\n [ 1.00595424e+00 -1.35894646e+00  1.27880431e+00  3.48843974e-01\n  -7.33043346e-01  4.36941350e+00]]", "nfev": "385", "njev": "55", "status": "0", "success": "True", "message": "Optimization terminated successfully.", "x": "[ 1.82182077  8.80392558  4.43245188  4.94767534 -4.9624199   2.94234963]", "nit": "35"}, "9": {"maxiter": 500, "gtol": 1e-05, "xrtol": 1e-05, "eps": 1e-10, "duration": 0.06569480895996094, "fun": "0.18335396045566565", "jac": "[ 3.33066880e-06 -1.11022293e-06  2.22044587e-06 -2.22044587e-06\n  2.22044587e-06  2.22044587e-06]", "hess_inv": "[[ 4.01857586 -0.48209133  0.49329323 -0.09646001  0.58252511  1.12904878]\n [-0.48209133  4.44739196  0.51286967  0.77146103  0.05277274 -1.40967594]\n [ 0.49329323  0.51286967  4.56733596 -0.26976556 -1.10973419  1.25182555]\n [-0.09646001  0.77146103 -0.26976556  3.91104226  0.07178672  0.13615948]\n [ 0.58252511  0.05277274 -1.10973419  0.07178672  3.81421797 -0.71574793]\n [ 1.12904878 -1.40967594  1.25182555  0.13615948 -0.71574793  4.27312563]]", "nfev": "385", "njev": "55", "status": "0", "success": "True", "message": "Optimization terminated successfully.", "x": "[ 1.8218462   8.80391544  4.43246765  4.94767366 -4.96241192  2.94237625]", "nit": "35"}, "10": {"maxiter": 500, "gtol": 1e-05, "xrtol": 1e-10, "eps": 1e-05, "duration": 0.06621909141540527, "fun": "0.18335396041397156", "jac": "[-5.88862292e-08  1.92769134e-06  5.10413933e-07  9.85511672e-07\n  4.07873735e-07 -3.59356989e-07]", "hess_inv": "[[ 3.92345286e+00 -5.31925685e-01  4.35567350e-01 -1.55385745e-01\n   5.37566457e-01  1.00595424e+00]\n [-5.31925685e-01  4.08238860e+00  5.47359360e-01  6.22995123e-01\n  -2.67172651e-03 -1.35894646e+00]\n [ 4.35567350e-01  5.47359360e-01  4.67195321e+00 -1.53559018e-01\n  -1.28906317e+00  1.27880431e+00]\n [-1.55385745e-01  6.22995123e-01 -1.53559018e-01  3.92057132e+00\n   8.95629411e-02  3.48843974e-01]\n [ 5.37566457e-01 -2.67172651e-03 -1.28906317e+00  8.95629411e-02\n   3.95990693e+00 -7.33043346e-01]\n [ 1.00595424e+00 -1.35894646e+00  1.27880431e+00  3.48843974e-01\n  -7.33043346e-01  4.36941350e+00]]", "nfev": "385", "njev": "55", "status": "0", "success": "True", "message": "Optimization terminated successfully.", "x": "[ 1.82182077  8.80392558  4.43245188  4.94767534 -4.9624199   2.94234963]", "nit": "35"}, "11": {"maxiter": 500, "gtol": 1e-05, "xrtol": 1e-10, "eps": 1e-10, "duration": 0.06761670112609863, "fun": "0.18335396045566565", "jac": "[ 3.33066880e-06 -1.11022293e-06  2.22044587e-06 -2.22044587e-06\n  2.22044587e-06  2.22044587e-06]", "hess_inv": "[[ 4.01857586 -0.48209133  0.49329323 -0.09646001  0.58252511  1.12904878]\n [-0.48209133  4.44739196  0.51286967  0.77146103  0.05277274 -1.40967594]\n [ 0.49329323  0.51286967  4.56733596 -0.26976556 -1.10973419  1.25182555]\n [-0.09646001  0.77146103 -0.26976556  3.91104226  0.07178672  0.13615948]\n [ 0.58252511  0.05277274 -1.10973419  0.07178672  3.81421797 -0.71574793]\n [ 1.12904878 -1.40967594  1.25182555  0.13615948 -0.71574793  4.27312563]]", "nfev": "385", "njev": "55", "status": "0", "success": "True", "message": "Optimization terminated successfully.", "x": "[ 1.8218462   8.80391544  4.43246765  4.94767366 -4.96241192  2.94237625]", "nit": "35"}, "12": {"maxiter": 500, "gtol": 1e-10, "xrtol": 1e-05, "eps": 1e-05, "duration": 0.06723308563232422, "fun": "0.18335396041397156", "jac": "[-5.88862292e-08  1.92769134e-06  5.10413933e-07  9.85511672e-07\n  4.07873735e-07 -3.59356989e-07]", "hess_inv": "[[ 3.92345286e+00 -5.31925685e-01  4.35567350e-01 -1.55385745e-01\n   5.37566457e-01  1.00595424e+00]\n [-5.31925685e-01  4.08238860e+00  5.47359360e-01  6.22995123e-01\n  -2.67172651e-03 -1.35894646e+00]\n [ 4.35567350e-01  5.47359360e-01  4.67195321e+00 -1.53559018e-01\n  -1.28906317e+00  1.27880431e+00]\n [-1.55385745e-01  6.22995123e-01 -1.53559018e-01  3.92057132e+00\n   8.95629411e-02  3.48843974e-01]\n [ 5.37566457e-01 -2.67172651e-03 -1.28906317e+00  8.95629411e-02\n   3.95990693e+00 -7.33043346e-01]\n [ 1.00595424e+00 -1.35894646e+00  1.27880431e+00  3.48843974e-01\n  -7.33043346e-01  4.36941350e+00]]", "nfev": "385", "njev": "55", "status": "0", "success": "True", "message": "Optimization terminated successfully.", "x": "[ 1.82182077  8.80392558  4.43245188  4.94767534 -4.9624199   2.94234963]", "nit": "35"}, "13": {"maxiter": 500, "gtol": 1e-10, "xrtol": 1e-05, "eps": 1e-10, "duration": 0.06819820404052734, "fun": "0.183353960396892", "jac": "[ 1.11022293e-06 -2.22044587e-06 -1.11022293e-06  1.11022293e-06\n -1.11022293e-06  2.22044587e-06]", "hess_inv": "[[ 3.66409057 -0.43429734  0.31443367  0.15953029  0.50644922  0.9403565 ]\n [-0.43429734  4.64131429  0.47002671  0.63780657  0.00862202 -1.53182796]\n [ 0.31443367  0.47002671  4.49946622 -0.1074723  -1.12993727  1.20594095]\n [ 0.15953029  0.63780657 -0.1074723   3.77523385  0.15364534  0.34545109]\n [ 0.50644922  0.00862202 -1.12993727  0.15364534  3.81266534 -0.71616551]\n [ 0.9403565  -1.53182796  1.20594095  0.34545109 -0.71616551  4.28140385]]", "nfev": "392", "njev": "56", "status": "0", "success": "True", "message": "Optimization terminated successfully.", "x": "[ 1.82182995  8.80392579  4.43245673  4.94768135 -4.96241763  2.94236159]", "nit": "36"}, "14": {"maxiter": 500, "gtol": 1e-10, "xrtol": 1e-10, "eps": 1e-05, "duration": 0.11207890510559082, "fun": "0.1833539604119221", "jac": "[-2.52464716e-08  1.13866694e-06  2.82007750e-07  6.04294392e-07\n  2.56372701e-07 -2.38231657e-07]", "hess_inv": "[[ 3.92336747 -0.56093894  0.46533252 -0.17930027  0.5288245   1.05181213]\n [-0.56093894  4.46466961  0.40291825  0.88911096  0.10669456 -1.72305184]\n [ 0.46533252  0.40291825  4.54570149 -0.20066351 -1.27040313  1.25571761]\n [-0.17930027  0.88911096 -0.20066351  4.07982681  0.11581697  0.13443828]\n [ 0.5288245   0.10669456 -1.27040313  0.11581697  3.86990905 -0.81049834]\n [ 1.05181213 -1.72305184  1.25571761  0.13443828 -0.81049834  4.56649433]]", "nfev": "648", "njev": "91", "status": "2", "success": "False", "message": "Desired error not necessarily achieved due to precision loss.", "x": "[ 1.82182134  8.8039214   4.43245105  4.94767311 -4.96242041  2.94235144]", "nit": "37"}, "15": {"maxiter": 500, "gtol": 1e-10, "xrtol": 1e-10, "eps": 1e-10, "duration": 0.11141300201416016, "fun": "0.183353960396892", "jac": "[ 1.11022293e-06 -2.22044587e-06 -1.11022293e-06  1.11022293e-06\n -1.11022293e-06  2.22044587e-06]", "hess_inv": "[[ 6.40321584 -3.71013984  1.20690827 -0.10766411  0.52999275  4.64783581]\n [-3.71013984  7.70472405 -1.12769553  1.53237291 -0.54347232 -5.27590084]\n [ 1.20690827 -1.12769553  4.46099413  0.16244755 -1.44753401  2.84220866]\n [-0.10766411  1.53237291  0.16244755  3.4142705   0.50399634 -0.48053407]\n [ 0.52999275 -0.54347232 -1.44753401  0.50399634  3.49154597 -0.26121503]\n [ 4.64783581 -5.27590084  2.84220866 -0.48053407 -0.26121503  8.74250282]]", "nfev": "642", "njev": "90", "status": "2", "success": "False", "message": "Desired error not necessarily achieved due to precision loss.", "x": "[ 1.82182995  8.80392579  4.43245673  4.94768135 -4.96241763  2.94236159]", "nit": "36"}, "16": {"maxiter": 1000, "gtol": 1e-05, "xrtol": 1e-05, "eps": 1e-05, "duration": 0.0677340030670166, "fun": "0.18335396041397156", "jac": "[-5.88862292e-08  1.92769134e-06  5.10413933e-07  9.85511672e-07\n  4.07873735e-07 -3.59356989e-07]", "hess_inv": "[[ 3.92345286e+00 -5.31925685e-01  4.35567350e-01 -1.55385745e-01\n   5.37566457e-01  1.00595424e+00]\n [-5.31925685e-01  4.08238860e+00  5.47359360e-01  6.22995123e-01\n  -2.67172651e-03 -1.35894646e+00]\n [ 4.35567350e-01  5.47359360e-01  4.67195321e+00 -1.53559018e-01\n  -1.28906317e+00  1.27880431e+00]\n [-1.55385745e-01  6.22995123e-01 -1.53559018e-01  3.92057132e+00\n   8.95629411e-02  3.48843974e-01]\n [ 5.37566457e-01 -2.67172651e-03 -1.28906317e+00  8.95629411e-02\n   3.95990693e+00 -7.33043346e-01]\n [ 1.00595424e+00 -1.35894646e+00  1.27880431e+00  3.48843974e-01\n  -7.33043346e-01  4.36941350e+00]]", "nfev": "385", "njev": "55", "status": "0", "success": "True", "message": "Optimization terminated successfully.", "x": "[ 1.82182077  8.80392558  4.43245188  4.94767534 -4.9624199   2.94234963]", "nit": "35"}, "17": {"maxiter": 1000, "gtol": 1e-05, "xrtol": 1e-05, "eps": 1e-10, "duration": 0.07007694244384766, "fun": "0.18335396045566565", "jac": "[ 3.33066880e-06 -1.11022293e-06  2.22044587e-06 -2.22044587e-06\n  2.22044587e-06  2.22044587e-06]", "hess_inv": "[[ 4.01857586 -0.48209133  0.49329323 -0.09646001  0.58252511  1.12904878]\n [-0.48209133  4.44739196  0.51286967  0.77146103  0.05277274 -1.40967594]\n [ 0.49329323  0.51286967  4.56733596 -0.26976556 -1.10973419  1.25182555]\n [-0.09646001  0.77146103 -0.26976556  3.91104226  0.07178672  0.13615948]\n [ 0.58252511  0.05277274 -1.10973419  0.07178672  3.81421797 -0.71574793]\n [ 1.12904878 -1.40967594  1.25182555  0.13615948 -0.71574793  4.27312563]]", "nfev": "385", "njev": "55", "status": "0", "success": "True", "message": "Optimization terminated successfully.", "x": "[ 1.8218462   8.80391544  4.43246765  4.94767366 -4.96241192  2.94237625]", "nit": "35"}, "18": {"maxiter": 1000, "gtol": 1e-05, "xrtol": 1e-10, "eps": 1e-05, "duration": 0.0686349868774414, "fun": "0.18335396041397156", "jac": "[-5.88862292e-08  1.92769134e-06  5.10413933e-07  9.85511672e-07\n  4.07873735e-07 -3.59356989e-07]", "hess_inv": "[[ 3.92345286e+00 -5.31925685e-01  4.35567350e-01 -1.55385745e-01\n   5.37566457e-01  1.00595424e+00]\n [-5.31925685e-01  4.08238860e+00  5.47359360e-01  6.22995123e-01\n  -2.67172651e-03 -1.35894646e+00]\n [ 4.35567350e-01  5.47359360e-01  4.67195321e+00 -1.53559018e-01\n  -1.28906317e+00  1.27880431e+00]\n [-1.55385745e-01  6.22995123e-01 -1.53559018e-01  3.92057132e+00\n   8.95629411e-02  3.48843974e-01]\n [ 5.37566457e-01 -2.67172651e-03 -1.28906317e+00  8.95629411e-02\n   3.95990693e+00 -7.33043346e-01]\n [ 1.00595424e+00 -1.35894646e+00  1.27880431e+00  3.48843974e-01\n  -7.33043346e-01  4.36941350e+00]]", "nfev": "385", "njev": "55", "status": "0", "success": "True", "message": "Optimization terminated successfully.", "x": "[ 1.82182077  8.80392558  4.43245188  4.94767534 -4.9624199   2.94234963]", "nit": "35"}, "19": {"maxiter": 1000, "gtol": 1e-05, "xrtol": 1e-10, "eps": 1e-10, "duration": 0.06892681121826172, "fun": "0.18335396045566565", "jac": "[ 3.33066880e-06 -1.11022293e-06  2.22044587e-06 -2.22044587e-06\n  2.22044587e-06  2.22044587e-06]", "hess_inv": "[[ 4.01857586 -0.48209133  0.49329323 -0.09646001  0.58252511  1.12904878]\n [-0.48209133  4.44739196  0.51286967  0.77146103  0.05277274 -1.40967594]\n [ 0.49329323  0.51286967  4.56733596 -0.26976556 -1.10973419  1.25182555]\n [-0.09646001  0.77146103 -0.26976556  3.91104226  0.07178672  0.13615948]\n [ 0.58252511  0.05277274 -1.10973419  0.07178672  3.81421797 -0.71574793]\n [ 1.12904878 -1.40967594  1.25182555  0.13615948 -0.71574793  4.27312563]]", "nfev": "385", "njev": "55", "status": "0", "success": "True", "message": "Optimization terminated successfully.", "x": "[ 1.8218462   8.80391544  4.43246765  4.94767366 -4.96241192  2.94237625]", "nit": "35"}, "20": {"maxiter": 1000, "gtol": 1e-10, "xrtol": 1e-05, "eps": 1e-05, "duration": 0.06821298599243164, "fun": "0.18335396041397156", "jac": "[-5.88862292e-08  1.92769134e-06  5.10413933e-07  9.85511672e-07\n  4.07873735e-07 -3.59356989e-07]", "hess_inv": "[[ 3.92345286e+00 -5.31925685e-01  4.35567350e-01 -1.55385745e-01\n   5.37566457e-01  1.00595424e+00]\n [-5.31925685e-01  4.08238860e+00  5.47359360e-01  6.22995123e-01\n  -2.67172651e-03 -1.35894646e+00]\n [ 4.35567350e-01  5.47359360e-01  4.67195321e+00 -1.53559018e-01\n  -1.28906317e+00  1.27880431e+00]\n [-1.55385745e-01  6.22995123e-01 -1.53559018e-01  3.92057132e+00\n   8.95629411e-02  3.48843974e-01]\n [ 5.37566457e-01 -2.67172651e-03 -1.28906317e+00  8.95629411e-02\n   3.95990693e+00 -7.33043346e-01]\n [ 1.00595424e+00 -1.35894646e+00  1.27880431e+00  3.48843974e-01\n  -7.33043346e-01  4.36941350e+00]]", "nfev": "385", "njev": "55", "status": "0", "success": "True", "message": "Optimization terminated successfully.", "x": "[ 1.82182077  8.80392558  4.43245188  4.94767534 -4.9624199   2.94234963]", "nit": "35"}, "21": {"maxiter": 1000, "gtol": 1e-10, "xrtol": 1e-05, "eps": 1e-10, "duration": 0.06957483291625977, "fun": "0.183353960396892", "jac": "[ 1.11022293e-06 -2.22044587e-06 -1.11022293e-06  1.11022293e-06\n -1.11022293e-06  2.22044587e-06]", "hess_inv": "[[ 3.66409057 -0.43429734  0.31443367  0.15953029  0.50644922  0.9403565 ]\n [-0.43429734  4.64131429  0.47002671  0.63780657  0.00862202 -1.53182796]\n [ 0.31443367  0.47002671  4.49946622 -0.1074723  -1.12993727  1.20594095]\n [ 0.15953029  0.63780657 -0.1074723   3.77523385  0.15364534  0.34545109]\n [ 0.50644922  0.00862202 -1.12993727  0.15364534  3.81266534 -0.71616551]\n [ 0.9403565  -1.53182796  1.20594095  0.34545109 -0.71616551  4.28140385]]", "nfev": "392", "njev": "56", "status": "0", "success": "True", "message": "Optimization terminated successfully.", "x": "[ 1.82182995  8.80392579  4.43245673  4.94768135 -4.96241763  2.94236159]", "nit": "36"}, "22": {"maxiter": 1000, "gtol": 1e-10, "xrtol": 1e-10, "eps": 1e-05, "duration": 0.11617612838745117, "fun": "0.1833539604119221", "jac": "[-2.52464716e-08  1.13866694e-06  2.82007750e-07  6.04294392e-07\n  2.56372701e-07 -2.38231657e-07]", "hess_inv": "[[ 3.92336747 -0.56093894  0.46533252 -0.17930027  0.5288245   1.05181213]\n [-0.56093894  4.46466961  0.40291825  0.88911096  0.10669456 -1.72305184]\n [ 0.46533252  0.40291825  4.54570149 -0.20066351 -1.27040313  1.25571761]\n [-0.17930027  0.88911096 -0.20066351  4.07982681  0.11581697  0.13443828]\n [ 0.5288245   0.10669456 -1.27040313  0.11581697  3.86990905 -0.81049834]\n [ 1.05181213 -1.72305184  1.25571761  0.13443828 -0.81049834  4.56649433]]", "nfev": "648", "njev": "91", "status": "2", "success": "False", "message": "Desired error not necessarily achieved due to precision loss.", "x": "[ 1.82182134  8.8039214   4.43245105  4.94767311 -4.96242041  2.94235144]", "nit": "37"}, "23": {"maxiter": 1000, "gtol": 1e-10, "xrtol": 1e-10, "eps": 1e-10, "duration": 0.11477088928222656, "fun": "0.183353960396892", "jac": "[ 1.11022293e-06 -2.22044587e-06 -1.11022293e-06  1.11022293e-06\n -1.11022293e-06  2.22044587e-06]", "hess_inv": "[[ 6.40321584 -3.71013984  1.20690827 -0.10766411  0.52999275  4.64783581]\n [-3.71013984  7.70472405 -1.12769553  1.53237291 -0.54347232 -5.27590084]\n [ 1.20690827 -1.12769553  4.46099413  0.16244755 -1.44753401  2.84220866]\n [-0.10766411  1.53237291  0.16244755  3.4142705   0.50399634 -0.48053407]\n [ 0.52999275 -0.54347232 -1.44753401  0.50399634  3.49154597 -0.26121503]\n [ 4.64783581 -5.27590084  2.84220866 -0.48053407 -0.26121503  8.74250282]]", "nfev": "642", "njev": "90", "status": "2", "success": "False", "message": "Desired error not necessarily achieved due to precision loss.", "x": "[ 1.82182995  8.80392579  4.43245673  4.94768135 -4.96241763  2.94236159]", "nit": "36"}}, "cobyla": {"0": {"maxiter": 100, "tol": 1e-05, "catol": 1e-05, "duration": 0.017128944396972656, "x": "[3.65491226 4.37313362 0.571827   4.93099577 1.56784936 3.69301652]", "status": "2", "success": "False", "message": "Maximum number of function evaluations has been exceeded.", "nfev": "100", "fun": "0.3101302537021855", "maxcv": "0.0"}, "1": {"maxiter": 100, "tol": 1e-05, "catol": 1e-10, "duration": 0.017021894454956055, "x": "[3.65491226 4.37313362 0.571827   4.93099577 1.56784936 3.69301652]", "status": "2", "success": "False", "messag