{"date": "2024/07/18/, 18:56:58", "conf_id": 31, "data_type": "random\n", "num_data_points": 2, "s_rank": 0, "unitary": "[[-0.56303964-0.00798273j,-0.21670212-0.15784972j,-0.06047197-0.73952673j,-0.01438004+0.24552571j],[-0.06976756+0.23474685j,-0.01275565-0.5435098j,-0.02703657-0.08917885j,-0.08210486-0.79311774j],[-0.38559961+0.10714929j,0.5933431-0.2687392j,-0.24060861+0.29149289j,-0.45147719+0.26241743j],[-0.50180421+0.45931857j,-0.11617175+0.44134496j,0.49642745+0.22684508j,-0.08544628-0.15407063j]]", "databatch_0": {"databatch": "[[[0.1482445-0.2010065j,0.13158641-0.15129176j,-0.10374021-0.04365144j,-0.03139876+0.03750147j],[0.15100335+0.35173726j,-0.09991552+0.11844186j,0.195404-0.18507733j,-0.13689467+0.02966255j],[0.06321619+0.06636857j,-0.06355968-0.2001392j,0.11614456-0.07293242j,-0.15256438+0.01465266j],[-0.20293048+0.31238941j,-0.54081549-0.013918j,0.23868504-0.08541234j,-0.11942113+0.12247797j]],[[-0.00510566-0.05299698j,0.03957054-0.29028839j,-0.05027002-0.22789308j,-0.00546651-0.04617877j],[-0.29968872-0.12535267j,-0.17775007+0.45487071j,-0.03312477+0.09216063j,-0.02398621-0.0914506j],[-0.12022096+0.02025128j,0.17883425-0.1317136j,-0.38074051+0.10775403j,0.0715463-0.21637155j],[-0.10222113-0.04581151j,0.00270305+0.14640247j,0.36664559+0.15750077j,-0.14620438-0.06961134j]]]", "initial param values": "[2.27412183,5.56165881,5.84349533,0.59091504,3.10748825,3.38134337]", "nelder_mead": {"type": "gradient-free", "0": {"maxiter": 100, "fatol": 1e-05, "xatol": 1e-05, "duration": 0.029179096221923828, "fun": "0.5713810223411087", "nit": "100", "nfev": "159", "status": "2", "success": "False", "message": "Maximum number of iterations has been exceeded.", "x": "[3.12304283 6.32257316 5.95078956 0.7927206  3.93930984 0.12747967]", "final_simplex": "(array([[3.12304283, 6.32257316, 5.95078956, 0.7927206 , 3.93930984,\n        0.12747967],\n       [3.10684133, 6.48764282, 5.95725817, 0.78366934, 3.91070687,\n        0.10808111],\n       [3.08002204, 6.60354026, 6.14244509, 0.77512982, 3.98339243,\n        0.06059845],\n       [3.08038537, 6.56867637, 6.09544029, 0.77069998, 3.83849241,\n        0.16925173],\n       [3.07605373, 6.61161716, 6.09860498, 0.77597762, 3.84171757,\n        0.07768635],\n       [3.01547698, 6.72328196, 6.27053623, 0.76348029, 3.98427798,\n        0.10157873],\n       [3.06196903, 6.66561904, 6.2116832 , 0.7626847 , 3.89194121,\n        0.09809697]]), array([0.57138102, 0.57200007, 0.572209  , 0.57234439, 0.57245591,\n       0.57297304, 0.57299281]))"}, "1": {"maxiter": 100, "fatol": 1e-05, "xatol": 1e-10, "duration": 0.02902388572692871, "fun": "0.5713810223411087", "nit": "100", "nfev": "159", "status": "2", "success": "False", "message": "Maximum number of iterations has been exceeded.", "x": "[3.12304283 6.32257316 5.95078956 0.7927206  3.93930984 0.12747967]", "final_simplex": "(array([[3.12304283, 6.32257316, 5.95078956, 0.7927206 , 3.93930984,\n        0.12747967],\n       [3.10684133, 6.48764282, 5.95725817, 0.78366934, 3.91070687,\n        0.10808111],\n       [3.08002204, 6.60354026, 6.14244509, 0.77512982, 3.98339243,\n        0.06059845],\n       [3.08038537, 6.56867637, 6.09544029, 0.77069998, 3.83849241,\n        0.16925173],\n       [3.07605373, 6.61161716, 6.09860498, 0.77597762, 3.84171757,\n        0.07768635],\n       [3.01547698, 6.72328196, 6.27053623, 0.76348029, 3.98427798,\n        0.10157873],\n       [3.06196903, 6.66561904, 6.2116832 , 0.7626847 , 3.89194121,\n        0.09809697]]), array([0.57138102, 0.57200007, 0.572209  , 0.57234439, 0.57245591,\n       0.57297304, 0.57299281]))"}, "2": {"maxiter": 100, "fatol": 1e-10, "xatol": 1e-05, "duration": 0.028654098510742188, "fun": "0.5713810223411087", "nit": "100", "nfev": "159", "status": "2", "success": "False", "message": "Maximum number of iterations has been exceeded.", "x": "[3.12304283 6.32257316 5.95078956 0.7927206  3.93930984 0.12747967]", "final_simplex": "(array([[3.12304283, 6.32257316, 5.95078956, 0.7927206 , 3.93930984,\n        0.12747967],\n       [3.10684133, 6.48764282, 5.95725817, 0.78366934, 3.91070687,\n        0.10808111],\n       [3.08002204, 6.60354026, 6.14244509, 0.77512982, 3.98339243,\n        0.06059845],\n       [3.08038537, 6.56867637, 6.09544029, 0.77069998, 3.83849241,\n        0.16925173],\n       [3.07605373, 6.61161716, 6.09860498, 0.77597762, 3.84171757,\n        0.07768635],\n       [3.01547698, 6.72328196, 6.27053623, 0.76348029, 3.98427798,\n        0.10157873],\n       [3.06196903, 6.66561904, 6.2116832 , 0.7626847 , 3.89194121,\n        0.09809697]]), array([0.57138102, 0.57200007, 0.572209  , 0.57234439, 0.57245591,\n       0.57297304, 0.57299281]))"}, "3": {"maxiter": 100, "fatol": 1e-10, "xatol": 1e-10, "duration": 0.028862953186035156, "fun": "0.5713810223411087", "nit": "100", "nfev": "159", "status": "2", "success": "False", "message": "Maximum number of iterations has been exceeded.", "x": "[3.12304283 6.32257316 5.95078956 0.7927206  3.93930984 0.12747967]", "final_simplex": "(array([[3.12304283, 6.32257316, 5.95078956, 0.7927206 , 3.93930984,\n        0.12747967],\n       [3.10684133, 6.48764282, 5.95725817, 0.78366934, 3.91070687,\n        0.10808111],\n       [3.08002204, 6.60354026, 6.14244509, 0.77512982, 3.98339243,\n        0.06059845],\n       [3.08038537, 6.56867637, 6.09544029, 0.77069998, 3.83849241,\n        0.16925173],\n       [3.07605373, 6.61161716, 6.09860498, 0.77597762, 3.84171757,\n        0.07768635],\n       [3.01547698, 6.72328196, 6.27053623, 0.76348029, 3.98427798,\n        0.10157873],\n       [3.06196903, 6.66561904, 6.2116832 , 0.7626847 , 3.89194121,\n        0.09809697]]), array([0.57138102, 0.57200007, 0.572209  , 0.57234439, 0.57245591,\n       0.57297304, 0.57299281]))"}, "4": {"maxiter": 500, "fatol": 1e-05, "xatol": 1e-05, "duration": 0.13457298278808594, "fun": "0.434982566571944", "nit": "500", "nfev": "780", "status": "2", "success": "False", "message": "Maximum number of iterations has been exceeded.", "x": "[ 4.79443418  3.31914531  3.07139984  2.62613134  0.14143684 -0.91945762]", "final_simplex": "(array([[ 4.79443418,  3.31914531,  3.07139984,  2.62613134,  0.14143684,\n        -0.91945762],\n       [ 4.79709281,  3.31283329,  3.0763274 ,  2.61808295,  0.13874818,\n        -0.91602201],\n       [ 4.79730354,  3.31640352,  3.06902178,  2.62432263,  0.15071321,\n        -0.90821643],\n       [ 4.79880141,  3.3190154 ,  3.07084235,  2.62490022,  0.13364472,\n        -0.91997915],\n       [ 4.79326083,  3.32537516,  3.06969228,  2.62618277,  0.1400453 ,\n        -0.91034454],\n       [ 4.80023895,  3.32261651,  3.07094934,  2.61954134,  0.14078258,\n        -0.92178065],\n       [ 4.79440598,  3.31380965,  3.06858893,  2.62663512,  0.13211839,\n        -0.91998758]]), array([0.43498257, 0.4349876 , 0.43498911, 0.43498951, 0.43498996,\n       0.43499096, 0.43499118]))"}, "5": {"maxiter": 500, "fatol": 1e-05, "xatol": 1e-10, "duration": 0.1385788917541504, "fun": "0.434982566571944", "nit": "500", "nfev": "780", "status": "2", "success": "False", "message": "Maximum number of iterations has been exceeded.", "x": "[ 4.79443418  3.31914531  3.07139984  2.62613134  0.14143684 -0.91945762]", "final_simplex": "(array([[ 4.79443418,  3.31914531,  3.07139984,  2.62613134,  0.14143684,\n        -0.91945762],\n       [ 4.79709281,  3.31283329,  3.0763274 ,  2.61808295,  0.13874818,\n        -0.91602201],\n       [ 4.79730354,  3.31640352,  3.06902178,  2.62432263,  0.15071321,\n        -0.90821643],\n       [ 4.79880141,  3.3190154 ,  3.07084235,  2.62490022,  0.13364472,\n        -0.91997915],\n       [ 4.79326083,  3.32537516,  3.06969228,  2.62618277,  0.1400453 ,\n        -0.91034454],\n       [ 4.80023895,  3.32261651,  3.07094934,  2.61954134,  0.14078258,\n        -0.92178065],\n       [ 4.79440598,  3.31380965,  3.06858893,  2.62663512,  0.13211839,\n        -0.91998758]]), array([0.43498257, 0.4349876 , 0.43498911, 0.43498951, 0.43498996,\n       0.43499096, 0.43499118]))"}, "6": {"maxiter": 500, "fatol": 1e-10, "xatol": 1e-05, "duration": 0.13734984397888184, "fun": "0.434982566571944", "nit": "500", "nfev": "780", "status": "2", "success": "False", "message": "Maximum number of iterations has been exceeded.", "x": "[ 4.79443418  3.31914531  3.07139984  2.62613134  0.14143684 -0.91945762]", "final_simplex": "(array([[ 4.79443418,  3.31914531,  3.07139984,  2.62613134,  0.14143684,\n        -0.91945762],\n       [ 4.79709281,  3.31283329,  3.0763274 ,  2.61808295,  0.13874818,\n        -0.91602201],\n       [ 4.79730354,  3.31640352,  3.06902178,  2.62432263,  0.15071321,\n        -0.90821643],\n       [ 4.79880141,  3.3190154 ,  3.07084235,  2.62490022,  0.13364472,\n        -0.91997915],\n       [ 4.79326083,  3.32537516,  3.06969228,  2.62618277,  0.1400453 ,\n        -0.91034454],\n       [ 4.80023895,  3.32261651,  3.07094934,  2.61954134,  0.14078258,\n        -0.92178065],\n       [ 4.79440598,  3.31380965,  3.06858893,  2.62663512,  0.13211839,\n        -0.91998758]]), array([0.43498257, 0.4349876 , 0.43498911, 0.43498951, 0.43498996,\n       0.43499096, 0.43499118]))"}, "7": {"maxiter": 500, "fatol": 1e-10, "xatol": 1e-10, "duration": 0.13710594177246094, "fun": "0.434982566571944", "nit": "500", "nfev": "780", "status": "2", "success": "False", "message": "Maximum number of iterations has been exceeded.", "x": "[ 4.79443418  3.31914531  3.07139984  2.62613134  0.14143684 -0.91945762]", "final_simplex": "(array([[ 4.79443418,  3.31914531,  3.07139984,  2.62613134,  0.14143684,\n        -0.91945762],\n       [ 4.79709281,  3.31283329,  3.0763274 ,  2.61808295,  0.13874818,\n        -0.91602201],\n       [ 4.79730354,  3.31640352,  3.06902178,  2.62432263,  0.15071321,\n        -0.90821643],\n       [ 4.79880141,  3.3190154 ,  3.07084235,  2.62490022,  0.13364472,\n        -0.91997915],\n       [ 4.79326083,  3.32537516,  3.06969228,  2.62618277,  0.1400453 ,\n        -0.91034454],\n       [ 4.80023895,  3.32261651,  3.07094934,  2.61954134,  0.14078258,\n        -0.92178065],\n       [ 4.79440598,  3.31380965,  3.06858893,  2.62663512,  0.13211839,\n        -0.91998758]]), array([0.43498257, 0.4349876 , 0.43498911, 0.43498951, 0.43498996,\n       0.43499096, 0.43499118]))"}, "8": {"maxiter": 1000, "fatol": 1e-05, "xatol": 1e-05, "duration": 0.18184328079223633, "fun": "0.43497236703712316", "nit": "682", "nfev": "1060", "status": "0", "success": "True", "message": "Optimization terminated successfully.", "x": "[ 4.78844389  3.32010476  3.07441619  2.61777069  0.14671794 -0.91509142]", "final_simplex": "(array([[ 4.78844389,  3.32010476,  3.07441619,  2.61777069,  0.14671794,\n        -0.91509142],\n       [ 4.78844083,  3.32010939,  3.07441586,  2.61776612,  0.14671436,\n        -0.91509848],\n       [ 4.7884398 ,  3.32011025,  3.07441854,  2.61776787,  0.14672423,\n        -0.91509343],\n       [ 4.78844509,  3.3201114 ,  3.07441503,  2.61777181,  0.14671767,\n        -0.91509616],\n       [ 4.78844146,  3.32011285,  3.07441791,  2.61777057,  0.14671281,\n        -0.91509616],\n       [ 4.78843803,  3.32010787,  3.07441674,  2.61776916,  0.14672343,\n        -0.91508717],\n       [ 4.78844011,  3.3201046 ,  3.07441472,  2.61777465,  0.14671592,\n        -0.91509634]]), array([0.43497237, 0.43497237, 0.43497237, 0.43497237, 0.43497237,\n       0.43497237, 0.43497237]))"}, "9": {"maxiter": 1000, "fatol": 1e-05, "xatol": 1e-10, "duration": 0.22375082969665527, "fun": "0.43497236703383113", "nit": "798", "nfev": "1314", "status": "0", "success": "True", "message": "Optimization terminated successfully.", "x": "[ 4.78844332  3.3201053   3.07441942  2.61776728  0.14671301 -0.91509855]", "final_simplex": "(array([[ 4.78844332,  3.3201053 ,  3.07441942,  2.61776728,  0.14671301,\n        -0.91509855],\n       [ 4.78844332,  3.3201053 ,  3.07441942,  2.61776728,  0.14671301,\n        -0.91509855],\n       [ 4.78844332,  3.3201053 ,  3.07441942,  2.61776728,  0.14671301,\n        -0.91509855],\n       [ 4.78844332,  3.3201053 ,  3.07441942,  2.61776728,  0.14671301,\n        -0.91509855],\n       [ 4.78844332,  3.3201053 ,  3.07441942,  2.61776728,  0.14671301,\n        -0.91509855],\n       [ 4.78844332,  3.3201053 ,  3.07441942,  2.61776728,  0.14671301,\n        -0.91509855],\n       [ 4.78844332,  3.3201053 ,  3.07441942,  2.61776728,  0.14671301,\n        -0.91509855]]), array([0.43497237, 0.43497237, 0.43497237, 0.43497237, 0.43497237,\n       0.43497237, 0.43497237]))"}, "10": {"maxiter": 1000, "fatol": 1e-10, "xatol": 1e-05, "duration": 0.1816880702972412, "fun": "0.43497236703712316", "nit": "682", "nfev": "1060", "status": "0", "success": "True", "message": "Optimization terminated successfully.", "x": "[ 4.78844389  3.32010476  3.07441619  2.61777069  0.14671794 -0.91509142]", "final_simplex": "(array([[ 4.78844389,  3.32010476,  3.07441619,  2.61777069,  0.14671794,\n        -0.91509142],\n       [ 4.78844083,  3.32010939,  3.07441586,  2.61776612,  0.14671436,\n        -0.91509848],\n       [ 4.7884398 ,  3.32011025,  3.07441854,  2.61776787,  0.14672423,\n        -0.91509343],\n       [ 4.78844509,  3.3201114 ,  3.07441503,  2.61777181,  0.14671767,\n        -0.91509616],\n       [ 4.78844146,  3.32011285,  3.07441791,  2.61777057,  0.14671281,\n        -0.91509616],\n       [ 4.78843803,  3.32010787,  3.07441674,  2.61776916,  0.14672343,\n        -0.91508717],\n       [ 4.78844011,  3.3201046 ,  3.07441472,  2.61777465,  0.14671592,\n        -0.91509634]]), array([0.43497237, 0.43497237, 0.43497237, 0.43497237, 0.43497237,\n       0.43497237, 0.43497237]))"}, "11": {"maxiter": 1000, "fatol": 1e-10, "xatol": 1e-10, "duration": 0.23125696182250977, "fun": "0.43497236703383113", "nit": "798", "nfev": "1314", "status": "0", "success": "True", "message": "Optimization terminated successfully.", "x": "[ 4.78844332  3.3201053   3.07441942  2.61776728  0.14671301 -0.91509855]", "final_simplex": "(array([[ 4.78844332,  3.3201053 ,  3.07441942,  2.61776728,  0.14671301,\n        -0.91509855],\n       [ 4.78844332,  3.3201053 ,  3.07441942,  2.61776728,  0.14671301,\n        -0.91509855],\n       [ 4.78844332,  3.3201053 ,  3.07441942,  2.61776728,  0.14671301,\n        -0.91509855],\n       [ 4.78844332,  3.3201053 ,  3.07441942,  2.61776728,  0.14671301,\n        -0.91509855],\n       [ 4.78844332,  3.3201053 ,  3.07441942,  2.61776728,  0.14671301,\n        -0.91509855],\n       [ 4.78844332,  3.3201053 ,  3.07441942,  2.61776728,  0.14671301,\n        -0.91509855],\n       [ 4.78844332,  3.3201053 ,  3.07441942,  2.61776728,  0.14671301,\n        -0.91509855]]), array([0.43497237, 0.43497237, 0.43497237, 0.43497237, 0.43497237,\n       0.43497237, 0.43497237]))"}}, "bfgs": {"type": "gradient", "0": {"maxiter": 100, "gtol": 1e-05, "xrtol": 1e-05, "eps": 1e-05, "duration": 0.07140398025512695, "fun": "0.43497236709542175", "jac": "[-1.43585144e-07 -9.03255248e-07 -2.82618373e-07  9.13513709e-07\n -1.96465066e-07 -4.54525306e-08]", "hess_inv": "[[ 4.56973956 -0.14616539  0.68909858  1.0345459   2.90845165  1.17717597]\n [-0.14616539  6.00339862  0.06262654 -0.2239916   0.91099142  0.30662681]\n [ 0.68909858  0.06262654  4.18060255  1.48177337  1.02473    -0.06351109]\n [ 1.0345459  -0.2239916   1.48177337  5.02929065 -1.58956248 -1.1755693 ]\n [ 2.90845165  0.91099142  1.02473    -1.58956248 23.68601691 15.90642865]\n [ 1.17717597  0.30662681 -0.06351109 -1.1755693  15.90642865 16.68892505]]", "nfev": "399", "njev": "57", "status": "0", "success": "True", "message": "Optimization terminated successfully.", "x": "[ 1.49473085  6.46168521  6.21600176 -2.61776927 -2.99492515  2.22646195]", "nit": "39"}, "1": {"maxiter": 100, "gtol": 1e-05, "xrtol": 1e-05, "eps": 1e-10, "duration": 0.07062077522277832, "fun": "0.4349723670843222", "jac": "[-1.11022293e-06  0.00000000e+00  1.11022293e-06 -1.11022293e-06\n -2.22044587e-06  0.00000000e+00]", "hess_inv": "[[ 4.75487561e+00 -2.09830121e-01  8.28709540e-01  1.06353062e+00\n   3.35279216e+00  1.45820830e+00]\n [-2.09830121e-01  6.09624186e+00  8.99066890e-02 -2.92154849e-01\n   5.64925956e-01 -1.34853397e-02]\n [ 8.28709540e-01  8.99066890e-02  4.24773739e+00  1.47149013e+00\n   1.46108152e+00  1.51878862e-01]\n [ 1.06353062e+00 -2.92154849e-01  1.47149013e+00  5.07389839e+00\n  -1.39399621e+00 -9.92451575e-01]\n [ 3.35279216e+00  5.64925956e-01  1.46108152e+00 -1.39399621e+00\n   2.44276538e+01  1.66444879e+01]\n [ 1.45820830e+00 -1.34853397e-02  1.51878862e-01 -9.92451575e-01\n   1.66444879e+01  1.72662525e+01]]", "nfev": "399", "njev": "57", "status": "0", "success": "True", "message": "Optimization terminated successfully.", "x": "[ 1.4947291   6.46169656  6.21601288 -2.61776826 -2.99492424  2.2264665 ]", "nit": "39"}, "2": {"maxiter": 100, "gtol": 1e-05, "xrtol": 1e-10, "eps": 1e-05, "duration": 0.06951618194580078, "fun": "0.43497236709542175", "jac": "[-1.43585144e-07 -9.03255248e-07 -2.82618373e-07  9.13513709e-07\n -1.96465066e-07 -4.54525306e-08]", "hess_inv": "[[ 4.56973956 -0.14616539  0.68909858  1.0345459   2.90845165  1.17717597]\n [-0.14616539  6.00339862  0.06262654 -0.2239916   0.91099142  0.30662681]\n [ 0.68909858  0.06262654  4.18060255  1.48177337  1.02473    -0.06351109]\n [ 1.0345459  -0.2239916   1.48177337  5.02929065 -1.58956248 -1.1755693 ]\n [ 2.90845165  0.91099142  1.02473    -1.58956248 23.68601691 15.90642865]\n [ 1.17717597  0.30662681 -0.06351109 -1.1755693  15.90642865 16.68892505]]", "nfev": "399", "njev": "57", "status": "0", "success": "True", "message": "Optimization terminated successfully.", "x": "[ 1.49473085  6.46168521  6.21600176 -2.61776927 -2.99492515  2.22646195]", "nit": "39"}, "3": {"maxiter": 100, "gtol": 1e-05, "xrtol": 1e-10, "eps": 1e-10, "duration": 0.06732797622680664, "fun": "0.4349723670843222", "jac": "[-1.11022293e-06  0.00000000e+00  1.11022293e-06 -1.11022293e-06\n -2.22044587e-06  0.00000000e+00]", "hess_inv": "[[ 4.75487561e+00 -2.09830121e-01  8.28709540e-01  1.06353062e+00\n   3.35279216e+00  1.45820830e+00]\n [-2.09830121e-01  6.09624186e+00  8.99066890e-02 -2.92154849e-01\n   5.64925956e-01 -1.34853397e-02]\n [ 8.28709540e-01  8.99066890e-02  4.24773739e+00  1.47149013e+00\n   1.46108152e+00  1.51878862e-01]\n [ 1.06353062e+00 -2.92154849e-01  1.47149013e+00  5.07389839e+00\n  -1.39399621e+00 -9.92451575e-01]\n [ 3.35279216e+00  5.64925956e-01  1.46108152e+00 -1.39399621e+00\n   2.44276538e+01  1.66444879e+01]\n [ 1.45820830e+00 -1.34853397e-02  1.51878862e-01 -9.92451575e-01\n   1.66444879e+01  1.72662525e+01]]", "nfev": "399", "njev": "57", "status": "0", "success": "True", "message": "Optimization terminated successfully.", "x": "[ 1.4947291   6.46169656  6.21601288 -2.61776826 -2.99492424  2.2264665 ]", "nit": "39"}, "4": {"maxiter": 100, "gtol": 1e-10, "xrtol": 1e-05, "eps": 1e-05, "duration": 0.06865906715393066, "fun": "0.43497236707883435", "jac": "[-6.17061957e-08 -4.29545288e-08 -6.65467681e-08  3.97903932e-08\n  1.04360964e-09 -1.25899291e-08]", "hess_inv": "[[ 4.55430303e+00 -1.60048043e-01  6.60706162e-01  1.05704375e+00\n   2.84031178e+00  1.10508982e+00]\n [-1.60048043e-01  6.32123302e+00  3.71587472e-03 -4.46671572e-01\n   1.24904078e+00  4.55035955e-01]\n [ 6.60706162e-01  3.71587472e-03  4.13175278e+00  1.54769821e+00\n   8.59051008e-01 -2.17645380e-01]\n [ 1.05704375e+00 -4.46671572e-01  1.54769821e+00  5.17513680e+00\n  -1.78391522e+00 -1.22732130e+00]\n [ 2.84031178e+00  1.24904078e+00  8.59051008e-01 -1.78391522e+00\n   2.38679925e+01  1.58460151e+01]\n [ 1.10508982e+00  4.55035955e-01 -2.17645380e-01 -1.22732130e+00\n   1.58460151e+01  1.64899512e+01]]", "nfev": "406", "njev": "58", "status": "0", "success": "True", "message": "Optimization terminated successfully.", "x": "[ 1.49473119  6.46169157  6.21600177 -2.61777421 -2.99491634  2.22646744]", "nit": "40"}, "5": {"maxiter": 100, "gtol": 1e-10, "xrtol": 1e-05, "eps": 1e-10, "duration": 0.06870126724243164, "fun": "0.4349723670364738", "jac": "[-2.22044587e-06  0.00000000e+00  0.00000000e+00  0.00000000e+00\n  0.00000000e+00  0.00000000e+00]", "hess_inv": "[[ 4.49881265e+00  9.17351851e-02  6.19585826e-01  8.82390403e-01\n   2.68822195e+00  8.25472312e-01]\n [ 9.17351851e-02  6.30608234e+00 -2.40529947e-03 -3.31303990e-01\n   2.09767082e+00  9.17378551e-01]\n [ 6.19585826e-01 -2.40529947e-03  4.27986725e+00  1.47486327e+00\n   4.68816402e-01 -4.76152670e-01]\n [ 8.82390403e-01 -3.31303990e-01  1.47486327e+00  5.05858333e+00\n  -2.19930386e+00 -1.52303154e+00]\n [ 2.68822195e+00  2.09767082e+00  4.68816402e-01 -2.19930386e+00\n   2.36986689e+01  1.52488449e+01]\n [ 8.25472312e-01  9.17378551e-01 -4.76152670e-01 -1.52303154e+00\n   1.52488449e+01  1.57637801e+01]]", "nfev": "406", "njev": "58", "status": "0", "success": "True", "message": "Optimization terminated successfully.", "x": "[ 1.49474036  6.46170096  6.21601149 -2.61776818 -2.9948716   2.22650011]", "nit": "40"}, "6": {"maxiter": 100, "gtol": 1e-10, "xrtol": 1e-10, "eps": 1e-05, "duration": 0.07223820686340332, "fun": "0.4349723670772152", "jac": "[ 0.00000000e+00  0.00000000e+00 -2.22044605e-11 -2.22044605e-11\n -5.55111512e-11  1.11022302e-11]", "hess_inv": "[[ 4.44953659 -0.0901933   0.57437372  0.79827402  3.12119039  1.48703274]\n [-0.0901933   6.42357153  0.05677537 -0.60386902  1.57690282  0.80536467]\n [ 0.57437372  0.05677537  4.2574237   1.43982869  1.33317216  0.18494551]\n [ 0.79827402 -0.60386902  1.43982869  5.05403518 -1.72625798 -0.98729901]\n [ 3.12119039  1.57690282  1.33317216 -1.72625798 24.67919654 16.19571929]\n [ 1.48703274  0.80536467  0.18494551 -0.98729901 16.19571929 16.28907848]]", "nfev": "427", "njev": "61", "status": "0", "success": "True", "message": "Optimization terminated successfully.", "x": "[ 1.49473148  6.46169187  6.21600204 -2.6177743  -2.99491574  2.22646781]", "nit": "43"}, "7": {"maxiter": 100, "gtol": 1e-10, "xrtol": 1e-10, "eps": 1e-10, "duration": 0.07595992088317871, "fun": "0.4349723670364596", "jac": "[0. 0. 0. 0. 0. 0.]", "hess_inv": "[[ 6.58818621  0.51504903  0.63901506  1.0972517   8.13400535  4.09259975]\n [ 0.51504903  6.31813825  0.05348104 -0.25002919  2.3883687   1.02098771]\n [ 0.63901506  0.05348104  4.24343367  1.45025991  1.09220174 -0.05226706]\n [ 1.0972517  -0.25002919  1.45025991  5.06135194 -1.22316879 -0.90116267]\n [ 8.13400535  2.3883687   1.09220174 -1.22316879 28.93340765 17.60888927]\n [ 4.09259975  1.02098771 -0.05226706 -0.90116267 17.60888927 16.64343642]]", "nfev": "448", "njev": "64", "status": "0", "success": "True", "message": "Optimization terminated successfully.", "x": "[ 1.49474112  6.46170102  6.21601157 -2.61776806 -2.99487066  2.22650058]", "nit": "41"}, "8": {"maxiter": 500, "gtol": 1e-05, "xrtol": 1e-05, "eps": 1e-05, "duration": 0.0672919750213623, "fun": "0.43497236709542175", "jac": "[-1.43585144e-07 -9.03255248e-07 -2.82618373e-07  9.13513709e-07\n -1.96465066e-07 -4.54525306e-08]", "hess_inv": "[[ 4.56973956 -0.14616539  0.68909858  1.0345459   2.90845165  1.17717597]\n [-0.14616539  6.00339862  0.06262654 -0.2239916   0.91099142  0.30662681]\n [ 0.68909858  0.06262654  4.18060255  1.48177337  1.02473    -0.06351109]\n [ 1.0345459  -0.2239916   1.48177337  5.02929065 -1.58956248 -1.1755693 ]\n [ 2.90845165  0.91099142  1.02473    -1.58956248 23.68601691 15.90642865]\n [ 1.17717597  0.30662681 -0.06351109 -1.1755693  15.90642865 16.68892505]]", "nfev": "399", "njev": "57", "status": "0", "success": "True", "message": "Optimization terminated successfully.", "x": "[ 1.49473085  6.46168521  6.21600176 -2.61776927 -2.99492515  2.22646195]", "nit": "39"}, "9": {"maxiter": 500, "gtol": 1e-05, "xrtol": 1e-05, "eps": 1e-10, "duration": 0.06936812400817871, "fun": "0.4349723670843222", "jac": "[-1.11022293e-06  0.00000000e+00  1.11022293e-06 -1.11022293e-06\n -2.22044587e-06  0.00000000e+00]", "hess_inv": "[[ 4.75487561e+00 -2.09830121e-01  8.28709540e-01  1.06353062e+00\n   3.35279216e+00  1.45820830e+00]\n [-2.09830121e-01  6.09624186e+00  8.99066890e-02 -2.92154849e-01\n   5.64925956e-01 -1.34853397e-02]\n [ 8.28709540e-01  8.99066890e-02  4.24773739e+00  1.47149013e+00\n   1.46108152e+00  1.51878862e-01]\n [ 1.06353062e+00 -2.92154849e-01  1.47149013e+00  5.07389839e+00\n  -1.39399621e+00 -9.92451575e-01]\n [ 3.35279216e+00  5.64925956e-01  1.46108152e+00 -1.39399621e+00\n   2.44276538e+01  1.66444879e+01]\n [ 1.45820830e+00 -1.34853397e-02  1.51878862e-01 -9.92451575e-01\n   1.66444879e+01  1.72662525e+01]]", "nfev": "399", "njev": "57", "status": "0", "success": "True", "message": "Optimization terminated successfully.", "x": "[ 1.4947291   6.46169656  6.21601288 -2.61776826 -2.99492424  2.2264665 ]", "nit": "39"}, "10": {"maxiter": 500, "gtol": 1e-05, "xrtol": 1e-10, "eps": 1e-05, "duration": 0.06891632080078125, "fun": "0.43497236709542175", "jac": "[-1.43585144e-07 -9.03255248e-07 -2.82618373e-07  9.13513709e-07\n -1.96465066e-07 -4.54525306e-08]", "hess_inv": "[[ 4.56973956 -0.14616539  0.68909858  1.0345459   2.90845165  1.17717597]\n [-0.14616539  6.00339862  0.06262654 -0.2239916   0.91099142  0.30662681]\n [ 0.68909858  0.06262654  4.18060255  1.48177337  1.02473    -0.06351109]\n [ 1.0345459  -0.2239916   1.48177337  5.02929065 -1.58956248 -1.1755693 ]\n [ 2.90845165  0.91099142  1.02473    -1.58956248 23.68601691 15.90642865]\n [ 1.17717597  0.30662681 -0.06351109 -1.1755693  15.90642865 16.68892505]]", "nfev": "399", "njev": "57", "status": "0", "success": "True", "message": "Optimization terminated successfully.", "x": "[ 1.49473085  6.46168521  6.21600176 -2.61776927 -2.99492515  2.22646195]", "nit": "39"}, "11": {"maxiter": 500, "gtol": 1e-05, "xrtol": 1e-10, "eps": 1e-10, "duration": 0.06802892684936523, "fun": "0.4349723670843222", "jac": "[-1.11022293e-06  0.00000000e+00  1.11022293e-06 -1.11022293e-06\n -2.22044587e-06  0.00000000e+00]", "hess_inv": "[[ 4.75487561e+00 -2.09830121e-01  8.28709540e-01  1.06353062e+00\n   3.35279216e+00  1.45820830e+00]\n [-2.09830121e-01  6.09624186e+00  8.99066890e-02 -2.92154849e-01\n   5.64925956e-01 -1.34853397e-02]\n [ 8.28709540e-01  8.99066890e-02  4.24773739e+00  1.47149013e+00\n   1.46108152e+00  1.51878862e-01]\n [ 1.06353062e+00 -2.92154849e-01  1.47149013e+00  5.07389839e+00\n  -1.39399621e+00 -9.92451575e-01]\n [ 3.35279216e+00  5.64925956e-01  1.46108152e+00 -1.39399621e+00\n   2.44276538e+01  1.66444879e+01]\n [ 1.45820830e+00 -1.34853397e-02  1.51878862e-01 -9.92451575e-01\n   1.66444879e+01  1.72662525e+01]]", "nfev": "399", "njev": "57", "status": "0", "success": "True", "message": "Optimization terminated successfully.", "x": "[ 1.4947291   6.46169656  6.21601288 -2.61776826 -2.99492424  2.2264665 ]", "nit": "39"}, "12": {"maxiter": 500, "gtol": 1e-10, "xrtol": 1e-05, "eps": 1e-05, "duration": 0.0697779655456543, "fun": "0.43497236707883435", "jac": "[-6.17061957e-08 -4.29545288e-08 -6.65467681e-08  3.97903932e-08\n  1.04360964e-09 -1.25899291e-08]", "hess_inv": "[[ 4.55430303e+00 -1.60048043e-01  6.60706162e-01  1.05704375e+00\n   2.84031178e+00  1.10508982e+00]\n [-1.60048043e-01  6.32123302e+00  3.71587472e-03 -4.46671572e-01\n   1.24904078e+00  4.55035955e-01]\n [ 6.60706162e-01  3.71587472e-03  4.13175278e+00  1.54769821e+00\n   8.59051008e-01 -2.17645380e-01]\n [ 1.05704375e+00 -4.46671572e-01  1.54769821e+00  5.17513680e+00\n  -1.78391522e+00 -1.22732130e+00]\n [ 2.84031178e+00  1.24904078e+00  8.59051008e-01 -1.78391522e+00\n   2.38679925e+01  1.58460151e+01]\n [ 1.10508982e+00  4.55035955e-01 -2.17645380e-01 -1.22732130e+00\n   1.58460151e+01  1.64899512e+01]]", "nfev": "406", "njev": "58", "status": "0", "success": "True", "message": "Optimization terminated successfully.", "x": "[ 1.49473119  6.46169157  6.21600177 -2.61777421 -2.99491634  2.22646744]", "nit": "40"}, "13": {"maxiter": 500, "gtol": 1e-10, "xrtol": 1e-05, "eps": 1e-10, "duration": 0.06973528861999512, "fun": "0.4349723670364738", "jac": "[-2.22044587e-06  0.00000000e+00  0.00000000e+00  0.00000000e+00\n  0.00000000e+00  0.00000000e+00]", "hess_inv": "[[ 4.49881265e+00  9.17351851e-02  6.19585826e-01  8.82390403e-01\n   2.68822195e+00  8.25472312e-01]\n [ 9.17351851e-02  6.30608234e+00 -2.40529947e-03 -3.31303990e-01\n   2.09767082e+00  9.17378551e-01]\n [ 6.19585826e-01 -2.40529947e-03  4.27986725e+00  1.47486327e+00\n   4.68816402e-01 -4.76152670e-01]\n [ 8.82390403e-01 -3.31303990e-01  1.47486327e+00  5.05858333e+00\n  -2.19930386e+00 -1.52303154e+00]\n [ 2.68822195e+00  2.09767082e+00  4.68816402e-01 -2.19930386e+00\n   2.36986689e+01  1.52488449e+01]\n [ 8.25472312e-01  9.17378551e-01 -4.76152670e-01 -1.52303154e+00\n   1.52488449e+01  1.57637801e+01]]", "nfev": "406", "njev": "58", "status": "0", "success": "True", "message": "Optimization terminated successfully.", "x": "[ 1.49474036  6.46170096  6.21601149 -2.61776818 -2.9948716   2.22650011]", "nit": "40"}, "14": {"maxiter": 500, "gtol": 1e-10, "xrtol": 1e-10, "eps": 1e-05, "duration": 0.07338428497314453, "fun": "0.4349723670772152", "jac": "[ 0.00000000e+00  0.00000000e+00 -2.22044605e-11 -2.22044605e-11\n -5.55111512e-11  1.11022302e-11]", "hess_inv": "[[ 4.44953659 -0.0901933   0.57437372  0.79827402  3.12119039  1.48703274]\n [-0.0901933   6.42357153  0.05677537 -0.60386902  1.57690282  0.80536467]\n [ 0.57437372  0.05677537  4.2574237   1.43982869  1.33317216  0.18494551]\n [ 0.79827402 -0.60386902  1.43982869  5.05403518 -1.72625798 -0.98729901]\n [ 3.12119039  1.57690282  1.33317216 -1.72625798 24.67919654 16.19571929]\n [ 1.48703274  0.80536467  0.18494551 -0.98729901 16.19571929 16.28907848]]", "nfev": "427", "njev": "61", "status": "0", "success": "True", "message": "Optimization terminated successfully.", "x": "[ 1.49473148  6.46169187  6.21600204 -2.6177743  -2.99491574  2.22646781]", "nit": "43"}, "15": {"maxiter": 500, "gtol": 1e-10, "xrtol": 1e-10, "eps": 1e-10, "duration": 0.07689094543457031, "fun": "0.4349723670364596", "jac": "[0. 0. 0. 0. 0. 0.]", "hess_inv": "[[ 6.58818621  0.51504903  0.63901506  1.0972517   8.13400535  4.09259975]\n [ 0.51504903  6.31813825  0.05348104 -0.25002919  2.3883687   1.02098771]\n [ 0.63901506  0.05348104  4.24343367  1.45025991  1.09220174 -0.05226706]\n [ 1.0972517  -0.25002919  1.45025991  5.06135194 -1.22316879 -0.90116267]\n [ 8.13400535  2.3883687   1.09220174 -1.22316879 28.93340765 17.60888927]\n [ 4.09259975  1.02098771 -0.05226706 -0.90116267 17.60888927 16.64343642]]", "nfev": "448", "njev": "64", "status": "0", "success": "True", "message": "Optimization terminated successfully.", "x": "[ 1.49474112  6.46170102  6.21601157 -2.61776806 -2.99487066  2.22650058]", "nit": "41"}, "16": {"maxiter": 1000, "gtol": 1e-05, "xrtol": 1e-05, "eps": 1e-05, "duration": 0.06844377517700195, "fun": "0.43497236709542175", "jac": "[-1.43585144e-07 -9.03255248e-07 -2.82618373e-07  9.13513709e-07\n -1.96465066e-07 -4.54525306e-08]", "hess_inv": "[[ 4.56973956 -0.14616539  0.68909858  1.0345459   2.90845165  1.17717597]\n [-0.14616539  6.00339862  0.06262654 -0.2239916   0.91099142  0.30662681]\n [ 0.68909858  0.06262654  4.18060255  1.48177337  1.02473    -0.06351109]\n [ 1.0345459  -0.2239916   1.48177337  5.02929065 -1.58956248 -1.1755693 ]\n [ 2.90845165  0.91099142  1.02473    -1.58956248 23.68601691 15.90642865]\n [ 1.17717597  0.30662681 -0.06351109 -1.1755693  15.90642865 16.68892505]]", "nfev": "399", "njev": "57", "status": "0", "success": "True", "message": "Optimization terminated successfully.", "x": "[ 1.49473085  6.46168521  6.21600176 -2.61776927 -2.99492515  2.22646195]", "nit": "39"}, "17": {"maxiter": 1000, "gtol": 1e-05, "xrtol": 1e-05, "eps": 1e-10, "duration": 0.06833028793334961, "fun": "0.4349723670843222", "jac": "[-1.11022293e-06  0.00000000e+00  1.11022293e-06 -1.11022293e-06\n -2.22044587e-06  0.00000000e+00]", "hess_inv": "[[ 4.75487561e+00 -2.09830121e-01  8.28709540e-01  1.06353062e+00\n   3.35279216e+00  1.45820830e+00]\n [-2.09830121e-01  6.09624186e+00  8.99066890e-02 -2.92154849e-01\n   5.64925956e-01 -1.34853397e-02]\n [ 8.28709540e-01  8.99066890e-02  4.24773739e+00  1.47149013e+00\n   1.46108152e+00  1.51878862e-01]\n [ 1.06353062e+00 -2.92154849e-01  1.47149013e+00  5.07389839e+00\n  -1.39399621e+00 -9.92451575e-01]\n [ 3.35279216e+00  5.64925956e-01  1.46108152e+00 -1.39399621e+00\n   2.44276538e+01  1.66444879e+01]\n [ 1.45820830e+00 -1.34853397e-02  1.51878862e-01 -9.92451575e-01\n   1.66444879e+01  1.72662525e+01]]", "nfev": "399", "njev": "57", "status": "0", "success": "True", "message": "Optimization terminated successfully.", "x": "[ 1.4947291   6.46169656  6.21601288 -2.61776826 -2.99492424  2.2264665 ]", "nit": "39"}, "18": {"maxiter": 1000, "gtol": 1e-05, "xrtol": 1e-10, "eps": 1e-05, "duration": 0.06839990615844727, "fun": "0.43497236709542175", "jac": "[-1.43585144e-07 -9.03255248e-07 -2.82618373e-07  9.13513709e-07\n -1.96465066e-07 -4.54525306e-08]", "hess_inv": "[[ 4.56973956 -0.14616539  0.68909858  1.0345459   2.90845165  1.17717597]\n [-0.14616539  6.00339862  0.06262654 -0.2239916   0.91099142  0.30662681]\n [ 0.68909858  0.06262654  4.18060255  1.48177337  1.02473    -0.06351109]\n [ 1.0345459  -0.2239916   1.48177337  5.02929065 -1.58956248 -1.1755693 ]\n [ 2.90845165  0.91099142  1.02473    -1.58956248 23.68601691 15.90642865]\n [ 1.17717597  0.30662681 -0.06351109 -1.1755693  15.90642865 16.68892505]]", "nfev": "399", "njev": "57", "status": "0", "success": "True", "message": "Optimization terminated successfully.", "x": "[ 1.49473085  6.46168521  6.21600176 -2.61776927 -2.99492515  2.22646195]", "nit": "39"}, "19": {"maxiter": 1000, "gtol": 1e-05, "xrtol": 1e-10, "eps": 1e-10, "duration": 0.06832003593444824, "fun": "0.4349723670843222", "jac": "[-1.11022293e-06  0.00000000e+00  1.11022293e-06 -1.11022293e-06\n -2.22044587e-06  0.00000000e+00]", "hess_inv": "[[ 4.75487561e+00 -2.09830121e-01  8.28709540e-01  1.06353062e+00\n   3.35279216e+00  1.45820830e+00]\n [-2.09830121e-01  6.09624186e+00  8.99066890e-02 -2.92154849e-01\n   5.64925956e-01 -1.34853397e-02]\n [ 8.28709540e-01  8.99066890e-02  4.24773739e+00  1.47149013e+00\n   1.46108152e+00  1.51878862e-01]\n [ 1.06353062e+00 -2.92154849e-01  1.47149013e+00  5.07389839e+00\n  -1.39399621e+00 -9.92451575e-01]\n [ 3.35279216e+00  5.64925956e-01  1.46108152e+00 -1.39399621e+00\n   2.44276538e+01  1.66444879e+01]\n [ 1.45820830e+00 -1.34853397e-02  1.51878862e-01 -9.92451575e-01\n   1.66444879e+01  1.72662525e+01]]", "nfev": "399", "njev": "57", "status": "0", "success": "True", "message": "Optimization terminated successfully.", "x": "[ 1.4947291   6.46169656  6.21601288 -2.61776826 -2.99492424  2.2264665 ]", "nit": "39"}, "20": {"maxiter": 1000, "gtol": 1e-10, "xrtol": 1e-05, "eps": 1e-05, "duration": 0.06964707374572754, "fun": "0.43497236707883435", "jac": "[-6.17061957e-08 -4.29545288e-08 -6.65467681e-08  3.97903932e-08\n  1.04360964e-09 -1.25899291e-08]", "hess_inv": "[[ 4.55430303e+00 -1.60048043e-01  6.60706162e-01  1.05704375e+00\n   2.84031178e+00  1.10508982e+00]\n [-1.60048043e-01  6.32123302e+00  3.71587472e-03 -4.46671572e-01\n   1.24904078e+00  4.55035955e-01]\n [ 6.60706162e-01  3.71587472e-03  4.13175278e+00  1.54769821e+00\n   8.59051008e-01 -2.17645380e-01]\n [ 1.05704375e+00 -4.46671572e-01  1.54769821e+00  5.17513680e+00\n  -1.78391522e+00 -1.22732130e+00]\n [ 2.84031178e+00  1.24904078e+00  8.59051008e-01 -1.78391522e+00\n   2.38679925e+01  1.58460151e+01]\n [ 1.10508982e+00  4.55035955e-01 -2.17645380e-01 -1.22732130e+00\n   1.58460151e+01  1.64899512e+01]]", "nfev": "406", "njev": "58", "status": "0", "success": "True", "message": "Optimization terminated successfully.", "x": "[ 1.49473119  6.46169157  6.21600177 -2.61777421 -2.99491634  2.22646744]", "nit": "40"}, "21": {"maxiter": 1000, "gtol": 1e-10, "xrtol": 1e-05, "eps": 1e-10, "duration": 0.06966304779052734, "fun": "0.4349723670364738", "jac": "[-2.22044587e-06  0.00000000e+00  0.00000000e+00  0.00000000e+00\n  0.00000000e+00  0.00000000e+00]", "hess_inv": "[[ 4.49881265e+00  9.17351851e-02  6.19585826e-01  8.82390403e-01\n   2.68822195e+00  8.25472312e-01]\n [ 9.17351851e-02  6.30608234e+00 -2.40529947e-03 -3.31303990e-01\n   2.09767082e+00  9.17378551e-01]\n [ 6.19585826e-01 -2.40529947e-03  4.27986725e+00  1.47486327e+00\n   4.68816402e-01 -4.76152670e-01]\n [ 8.82390403e-01 -3.31303990e-01  1.47486327e+00  5.05858333e+00\n  -2.19930386e+00 -1.52303154e+00]\n [ 2.68822195e+00  2.09767082e+00  4.68816402e-01 -2.19930386e+00\n   2.36986689e+01  1.52488449e+01]\n [ 8.25472312e-01  9.17378551e-01 -4.76152670e-01 -1.52303154e+00\n   1.52488449e+01  1.57637801e+01]]", "nfev": "406", "njev": "58", "status": "0", "success": "True", "message": "Optimization terminated successfully.", "x": "[ 1.49474036  6.46170096  6.21601149 -2.61776818 -2.9948716   2.22650011]", "nit": "40"}, "22": {"maxiter": 1000, "gtol": 1e-10, "xrtol": 1e-10, "eps": 1e-05, "duration": 0.0734703540802002, "fun": "0.4349723670772152", "jac": "[ 0.00000000e+00  0.00000000e+00 -2.22044605e-11 -2.22044605e-11\n -5.55111512e-11  1.11022302e-11]", "hess_inv": "[[ 4.44953659 -0.0901933   0.57437372  0.79827402  3.12119039  1.48703274]\n [-0.0901933   6.42357153  0.05677537 -0.60386902  1.57690282  0.80536467]\n [ 0.57437372  0.05677537  4.2574237   1.43982869  1.33317216  0.18494551]\n [ 0.79827402 -0.60386902  1.43982869  5.05403518 -1.72625798 -0.98729901]\n [ 3.12119039  1.57690282  1.33317216 -1.72625798 24.67919654 16.19571929]\n [ 1.48703274  0.80536467  0.18494551 -0.98729901 16.19571929 16.28907848]]", "nfev": "427", "njev": "61", "status": "0", "success": "True", "message": "Optimization terminated successfully.", "x": "[ 1.49473148  6.46169187  6.21600204 -2.6177743  -2.99491574  2.22646781]", "nit": "43"}, "23": {"maxiter": 1000, "gtol": 1e-10, "xrtol": 1e-10, "eps": 1e-10, "duration": 0.07828402519226074, "fun": "0.4349723670364596", "jac": "[0. 0. 0. 0. 0. 0.]", "hess_inv": "[[ 6.58818621  0.51504903  0.63901506  1.0972517   8.13400535  4.09259975]\n [ 0.51504903  6.31813825  0.05348104 -0.25002919  2.3883687   1.02098771]\n [ 0.63901506  0.05348104  4.24343367  1.45025991  1.09220174 -0.05226706]\n [ 1.0972517  -0.25002919  1.45025991  5.06135194 -1.22316879 -0.90116267]\n [ 8.13400535  2.3883687   1.09220174 -1.22316879 28.93340765 17.60888927]\n [ 4.09259975  1.02098771 -0.05226706 -0.90116267 17.60888927 16.64343642]]", "nfev": "448", "njev": "64", "status": "0", "success": "True", "message": "Optimization terminated successfully.", "x": "[ 1.49474112  6.46170102  6.21601157 -2.61776806 -2.99487066  2.22650058]", "nit": "41"}}, "cobyla": {"0": {"maxiter": 100, "tol": 1e-05, "catol": 1e-05, "duration": 0.017236948013305664, "x": "[ 2.68628026  6.91216237  6.29858409 -1.7365605   0.36804125  3.32628877]", "status": "2", "success": "False", "message": "Maximum number of function evaluations has been exceeded.", "nfev": "100", "fun": "0.5237269258389576", "maxcv": "0.0"}, "1": {"maxiter": 100, "tol": 1e-05, "catol": 1e-10, "duration": 0.017263174057006836, "x": "[ 2.68628026  6.91216237  6.29858409 -1.7365605   0.36804125  3.32628877]", "status": "2", "success": "False", "message": "Maximum number of function evaluations has been exceeded.", "nfev": "100", "fun": "0.5237269258389576", "maxcv": "0.0"}, "2": {"maxiter": 100, "tol": 1e-10, "catol": 1e-05, "duration": 0.017242908477783203, "x": "[ 2.68628026  6.91216237  6.29858409 -1.7365605   0.36804125  3.32628877]", "status": "2", "success": "False", "message": "Maximum number of function evaluations has been exceeded.", "nfev": "100", "fun": "0.5237269258389576", "maxcv": "0.0"}, "3": {"maxiter": 100, "tol": 1e-10, "catol": 1e-10, "duration": 0.01730203628540039, "x": "[ 2.68628026  6.91216237  6.29858409 -1.7365605   0.36804125  3.32628877]", "status": "2", "success": "False", "message": "Maximum number of function evaluations has been exceeded.", "nfev": "100", "fun": "0.5237269258389576", "maxcv": "0.0"}, "4": {"maxiter": 500, "tol": 1e-