{"date": "2024/07/19/, 01:48:14", "conf_id": 145, "data_type": "orthogonal\n", "num_data_points": 4, "s_rank": 0, "unitary": "[[-0.45070455-0.02711853j,0.78437395-0.06613086j,0.06358678+0.19963393j,-0.07343613+0.35668523j],[-0.01890143-0.03813363j,0.32408202+0.25557629j,0.05872864-0.68979805j,0.55466693-0.20227297j],[-0.11215405+0.64023111j,-0.13344055+0.29565494j,-0.49012687-0.19046288j,-0.04241254+0.44046348j],[0.55771659+0.24656916j,0.31851997-0.05798805j,0.28761525-0.34294258j,-0.56718418+0.03616933j]]", "databatch_0": {"databatch": "[[[0.10903362-0.15052487j,-0.19879427+0.01106407j,0.08381365-0.04281884j,0.1750797-0.0362888j],[0.11225648-0.57223406j,-0.29987565+0.24600178j,-0.12329879-0.03402071j,-0.01166936-0.15763886j],[-0.19558988+0.33876328j,0.22418234-0.03792131j,0.06795876-0.03199344j,-0.00778222-0.00501501j],[0.25478904-0.00596112j,-0.17798172-0.09147716j,0.0545997-0.0975853j,0.14674362-0.06055525j]],[[0.20720683+0.01610877j,0.14619924-0.01015531j,-0.36273379-0.02521088j,-0.44139694-0.08968553j],[-0.13547859+0.04907008j,0.0182726+0.10398239j,0.06442828-0.10294874j,0.08043523-0.13870084j],[-0.08209863+0.12924824j,0.0228563+0.17468174j,0.01278685-0.29126857j,0.05781466-0.37794571j],[-0.14069502+0.14669862j,-0.05785818-0.00303976j,0.27577209-0.08730159j,0.33487803-0.04148874j]],[[0.05743247-0.14066822j,-0.21696089+0.01722951j,0.15509017-0.0437708j,0.25878118-0.02653559j],[0.11423493-0.53663914j,-0.27340537+0.22590022j,-0.13127313-0.02583113j,-0.03186843-0.14230716j],[-0.19308408+0.34834878j,0.20673083-0.01065532j,0.07873986-0.08706277j,0.02063061-0.07285713j],[0.21626437+0.01177122j,-0.17846005-0.06957275j,0.08641467-0.12319511j,0.18568678-0.09061185j]],[[0.18853924+0.00086585j,0.12548222-0.0025534j,-0.33061637-0.02358009j,-0.39924126-0.08505884j],[-0.25210492+0.02012502j,0.07297681+0.16522187j,0.0483942-0.07012843j,0.03532501-0.1297753j],[-0.15883292+0.05622254j,0.03725549+0.22780507j,-0.00319861-0.25033095j,0.02695788-0.35748764j],[-0.11402343+0.28022836j,0.00742759-0.085498j,0.27734706-0.0752878j,0.30967502+0.00427537j]]]", "initial param values": "[4.87195671,2.69933193,1.4690725,0.64998062,2.67155633,1.58415171]", "nelder_mead": {"type": "gradient-free", "0": {"maxiter": 100, "fatol": 1e-05, "xatol": 1e-05, "duration": 0.025578022003173828, "fun": "0.5582631741763727", "nit": "100", "nfev": "153", "status": "2", "success": "False", "message": "Maximum number of iterations has been exceeded.", "x": "[ 3.14489945  2.68251416  0.74327223  0.23095441 -1.50763676  3.08881658]", "final_simplex": "(array([[ 3.14489945,  2.68251416,  0.74327223,  0.23095441, -1.50763676,\n         3.08881658],\n       [ 3.34340916,  2.15730159,  0.75738937,  0.16964478, -1.85103635,\n         3.32574878],\n       [ 3.4277768 ,  2.53890534,  1.04663146,  0.35546443, -1.29862936,\n         2.79921574],\n       [ 3.10602009,  2.18207744,  0.91155728,  0.18873712, -1.62690965,\n         3.30673926],\n       [ 2.91649254,  2.61053405,  0.94890471,  0.3079478 , -1.78294313,\n         2.97534385],\n       [ 3.16102079,  2.51181828,  1.09280813,  0.40509559, -1.15105804,\n         2.67940595],\n       [ 3.1285626 ,  2.03955787,  0.92818656,  0.24710388, -1.67573558,\n         3.20718548]]), array([0.55826317, 0.5638194 , 0.5700607 , 0.57172806, 0.58005616,\n       0.58319454, 0.58355075]))"}, "1": {"maxiter": 100, "fatol": 1e-05, "xatol": 1e-10, "duration": 0.02544093132019043, "fun": "0.5582631741763727", "nit": "100", "nfev": "153", "status": "2", "success": "False", "message": "Maximum number of iterations has been exceeded.", "x": "[ 3.14489945  2.68251416  0.74327223  0.23095441 -1.50763676  3.08881658]", "final_simplex": "(array([[ 3.14489945,  2.68251416,  0.74327223,  0.23095441, -1.50763676,\n         3.08881658],\n       [ 3.34340916,  2.15730159,  0.75738937,  0.16964478, -1.85103635,\n         3.32574878],\n       [ 3.4277768 ,  2.53890534,  1.04663146,  0.35546443, -1.29862936,\n         2.79921574],\n       [ 3.10602009,  2.18207744,  0.91155728,  0.18873712, -1.62690965,\n         3.30673926],\n       [ 2.91649254,  2.61053405,  0.94890471,  0.3079478 , -1.78294313,\n         2.97534385],\n       [ 3.16102079,  2.51181828,  1.09280813,  0.40509559, -1.15105804,\n         2.67940595],\n       [ 3.1285626 ,  2.03955787,  0.92818656,  0.24710388, -1.67573558,\n         3.20718548]]), array([0.55826317, 0.5638194 , 0.5700607 , 0.57172806, 0.58005616,\n       0.58319454, 0.58355075]))"}, "2": {"maxiter": 100, "fatol": 1e-10, "xatol": 1e-05, "duration": 0.0255129337310791, "fun": "0.5582631741763727", "nit": "100", "nfev": "153", "status": "2", "success": "False", "message": "Maximum number of iterations has been exceeded.", "x": "[ 3.14489945  2.68251416  0.74327223  0.23095441 -1.50763676  3.08881658]", "final_simplex": "(array([[ 3.14489945,  2.68251416,  0.74327223,  0.23095441, -1.50763676,\n         3.08881658],\n       [ 3.34340916,  2.15730159,  0.75738937,  0.16964478, -1.85103635,\n         3.32574878],\n       [ 3.4277768 ,  2.53890534,  1.04663146,  0.35546443, -1.29862936,\n         2.79921574],\n       [ 3.10602009,  2.18207744,  0.91155728,  0.18873712, -1.62690965,\n         3.30673926],\n       [ 2.91649254,  2.61053405,  0.94890471,  0.3079478 , -1.78294313,\n         2.97534385],\n       [ 3.16102079,  2.51181828,  1.09280813,  0.40509559, -1.15105804,\n         2.67940595],\n       [ 3.1285626 ,  2.03955787,  0.92818656,  0.24710388, -1.67573558,\n         3.20718548]]), array([0.55826317, 0.5638194 , 0.5700607 , 0.57172806, 0.58005616,\n       0.58319454, 0.58355075]))"}, "3": {"maxiter": 100, "fatol": 1e-10, "xatol": 1e-10, "duration": 0.025507211685180664, "fun": "0.5582631741763727", "nit": "100", "nfev": "153", "status": "2", "success": "False", "message": "Maximum number of iterations has been exceeded.", "x": "[ 3.14489945  2.68251416  0.74327223  0.23095441 -1.50763676  3.08881658]", "final_simplex": "(array([[ 3.14489945,  2.68251416,  0.74327223,  0.23095441, -1.50763676,\n         3.08881658],\n       [ 3.34340916,  2.15730159,  0.75738937,  0.16964478, -1.85103635,\n         3.32574878],\n       [ 3.4277768 ,  2.53890534,  1.04663146,  0.35546443, -1.29862936,\n         2.79921574],\n       [ 3.10602009,  2.18207744,  0.91155728,  0.18873712, -1.62690965,\n         3.30673926],\n       [ 2.91649254,  2.61053405,  0.94890471,  0.3079478 , -1.78294313,\n         2.97534385],\n       [ 3.16102079,  2.51181828,  1.09280813,  0.40509559, -1.15105804,\n         2.67940595],\n       [ 3.1285626 ,  2.03955787,  0.92818656,  0.24710388, -1.67573558,\n         3.20718548]]), array([0.55826317, 0.5638194 , 0.5700607 , 0.57172806, 0.58005616,\n       0.58319454, 0.58355075]))"}, "4": {"maxiter": 500, "fatol": 1e-05, "xatol": 1e-05, "duration": 0.12455296516418457, "fun": "0.44465477776288986", "nit": "500", "nfev": "744", "status": "2", "success": "False", "message": "Maximum number of iterations has been exceeded.", "x": "[ 4.60726008 -1.71113886 -2.74800591  1.94757435 -2.52094505  4.08447792]", "final_simplex": "(array([[ 4.60726008, -1.71113886, -2.74800591,  1.94757435, -2.52094505,\n         4.08447792],\n       [ 4.68014855, -1.75302   , -2.75212573,  1.98680387, -2.52745024,\n         4.0786062 ],\n       [ 4.65319769, -1.75005692, -2.75607375,  1.96150942, -2.49949331,\n         4.02095204],\n       [ 4.66907489, -1.75896424, -2.79291722,  2.00295909, -2.50376395,\n         4.10794764],\n       [ 4.67701036, -1.77325902, -2.76400786,  1.97870622, -2.56026522,\n         4.09531632],\n       [ 4.68648688, -1.73308893, -2.77912523,  1.96056904, -2.51952091,\n         4.06764022],\n       [ 4.61991039, -1.75230898, -2.76183805,  1.98756784, -2.52037959,\n         4.07499131]]), array([0.44465478, 0.44478647, 0.44503551, 0.44505793, 0.44530797,\n       0.44554673, 0.44573561]))"}, "5": {"maxiter": 500, "fatol": 1e-05, "xatol": 1e-10, "duration": 0.12396502494812012, "fun": "0.44465477776288986", "nit": "500", "nfev": "744", "status": "2", "success": "False", "message": "Maximum number of iterations has been exceeded.", "x": "[ 4.60726008 -1.71113886 -2.74800591  1.94757435 -2.52094505  4.08447792]", "final_simplex": "(array([[ 4.60726008, -1.71113886, -2.74800591,  1.94757435, -2.52094505,\n         4.08447792],\n       [ 4.68014855, -1.75302   , -2.75212573,  1.98680387, -2.52745024,\n         4.0786062 ],\n       [ 4.65319769, -1.75005692, -2.75607375,  1.96150942, -2.49949331,\n         4.02095204],\n       [ 4.66907489, -1.75896424, -2.79291722,  2.00295909, -2.50376395,\n         4.10794764],\n       [ 4.67701036, -1.77325902, -2.76400786,  1.97870622, -2.56026522,\n         4.09531632],\n       [ 4.68648688, -1.73308893, -2.77912523,  1.96056904, -2.51952091,\n         4.06764022],\n       [ 4.61991039, -1.75230898, -2.76183805,  1.98756784, -2.52037959,\n         4.07499131]]), array([0.44465478, 0.44478647, 0.44503551, 0.44505793, 0.44530797,\n       0.44554673, 0.44573561]))"}, "6": {"maxiter": 500, "fatol": 1e-10, "xatol": 1e-05, "duration": 0.1239769458770752, "fun": "0.44465477776288986", "nit": "500", "nfev": "744", "status": "2", "success": "False", "message": "Maximum number of iterations has been exceeded.", "x": "[ 4.60726008 -1.71113886 -2.74800591  1.94757435 -2.52094505  4.08447792]", "final_simplex": "(array([[ 4.60726008, -1.71113886, -2.74800591,  1.94757435, -2.52094505,\n         4.08447792],\n       [ 4.68014855, -1.75302   , -2.75212573,  1.98680387, -2.52745024,\n         4.0786062 ],\n       [ 4.65319769, -1.75005692, -2.75607375,  1.96150942, -2.49949331,\n         4.02095204],\n       [ 4.66907489, -1.75896424, -2.79291722,  2.00295909, -2.50376395,\n         4.10794764],\n       [ 4.67701036, -1.77325902, -2.76400786,  1.97870622, -2.56026522,\n         4.09531632],\n       [ 4.68648688, -1.73308893, -2.77912523,  1.96056904, -2.51952091,\n         4.06764022],\n       [ 4.61991039, -1.75230898, -2.76183805,  1.98756784, -2.52037959,\n         4.07499131]]), array([0.44465478, 0.44478647, 0.44503551, 0.44505793, 0.44530797,\n       0.44554673, 0.44573561]))"}, "7": {"maxiter": 500, "fatol": 1e-10, "xatol": 1e-10, "duration": 0.12391018867492676, "fun": "0.44465477776288986", "nit": "500", "nfev": "744", "status": "2", "success": "False", "message": "Maximum number of iterations has been exceeded.", "x": "[ 4.60726008 -1.71113886 -2.74800591  1.94757435 -2.52094505  4.08447792]", "final_simplex": "(array([[ 4.60726008, -1.71113886, -2.74800591,  1.94757435, -2.52094505,\n         4.08447792],\n       [ 4.68014855, -1.75302   , -2.75212573,  1.98680387, -2.52745024,\n         4.0786062 ],\n       [ 4.65319769, -1.75005692, -2.75607375,  1.96150942, -2.49949331,\n         4.02095204],\n       [ 4.66907489, -1.75896424, -2.79291722,  2.00295909, -2.50376395,\n         4.10794764],\n       [ 4.67701036, -1.77325902, -2.76400786,  1.97870622, -2.56026522,\n         4.09531632],\n       [ 4.68648688, -1.73308893, -2.77912523,  1.96056904, -2.51952091,\n         4.06764022],\n       [ 4.61991039, -1.75230898, -2.76183805,  1.98756784, -2.52037959,\n         4.07499131]]), array([0.44465478, 0.44478647, 0.44503551, 0.44505793, 0.44530797,\n       0.44554673, 0.44573561]))"}, "8": {"maxiter": 1000, "fatol": 1e-05, "xatol": 1e-05, "duration": 0.1840219497680664, "fun": "0.38469888548237996", "nit": "720", "nfev": "1105", "status": "0", "success": "True", "message": "Optimization terminated successfully.", "x": "[ 4.60420629 -2.40275665 -2.45688055  1.68263238 -2.20720855  4.71965479]", "final_simplex": "(array([[ 4.60420629, -2.40275665, -2.45688055,  1.68263238, -2.20720855,\n         4.71965479],\n       [ 4.6042022 , -2.40274807, -2.45687936,  1.68263206, -2.2072083 ,\n         4.71964884],\n       [ 4.60420238, -2.40275066, -2.45687701,  1.68263098, -2.20721114,\n         4.71965373],\n       [ 4.60420157, -2.40276206, -2.45687917,  1.68262682, -2.20721152,\n         4.71965797],\n       [ 4.60420385, -2.4027476 , -2.45688648,  1.68262811, -2.20721185,\n         4.71964865],\n       [ 4.60420414, -2.40275651, -2.45687985,  1.68262613, -2.20721201,\n         4.71966184],\n       [ 4.60420023, -2.40275264, -2.45688212,  1.68263216, -2.20721215,\n         4.71965045]]), array([0.38469889, 0.38469889, 0.38469889, 0.38469889, 0.38469889,\n       0.38469889, 0.38469889]))"}, "9": {"maxiter": 1000, "fatol": 1e-05, "xatol": 1e-10, "duration": 0.2357470989227295, "fun": "0.384698885464571", "nit": "874", "nfev": "1402", "status": "0", "success": "True", "message": "Optimization terminated successfully.", "x": "[ 4.60420731 -2.40275525 -2.45687594  1.68262473 -2.20720631  4.71964823]", "final_simplex": "(array([[ 4.60420731, -2.40275525, -2.45687594,  1.68262473, -2.20720631,\n         4.71964823],\n       [ 4.60420731, -2.40275525, -2.45687594,  1.68262473, -2.20720631,\n         4.71964823],\n       [ 4.60420731, -2.40275525, -2.45687594,  1.68262473, -2.20720631,\n         4.71964823],\n       [ 4.60420731, -2.40275525, -2.45687594,  1.68262473, -2.20720631,\n         4.71964823],\n       [ 4.60420731, -2.40275525, -2.45687594,  1.68262473, -2.20720631,\n         4.71964823],\n       [ 4.60420731, -2.40275525, -2.45687594,  1.68262473, -2.20720631,\n         4.71964823],\n       [ 4.60420731, -2.40275525, -2.45687594,  1.68262473, -2.20720631,\n         4.71964823]]), array([0.38469889, 0.38469889, 0.38469889, 0.38469889, 0.38469889,\n       0.38469889, 0.38469889]))"}, "10": {"maxiter": 1000, "fatol": 1e-10, "xatol": 1e-05, "duration": 0.18645787239074707, "fun": "0.38469888548237996", "nit": "720", "nfev": "1105", "status": "0", "success": "True", "message": "Optimization terminated successfully.", "x": "[ 4.60420629 -2.40275665 -2.45688055  1.68263238 -2.20720855  4.71965479]", "final_simplex": "(array([[ 4.60420629, -2.40275665, -2.45688055,  1.68263238, -2.20720855,\n         4.71965479],\n       [ 4.6042022 , -2.40274807, -2.45687936,  1.68263206, -2.2072083 ,\n         4.71964884],\n       [ 4.60420238, -2.40275066, -2.45687701,  1.68263098, -2.20721114,\n         4.71965373],\n       [ 4.60420157, -2.40276206, -2.45687917,  1.68262682, -2.20721152,\n         4.71965797],\n       [ 4.60420385, -2.4027476 , -2.45688648,  1.68262811, -2.20721185,\n         4.71964865],\n       [ 4.60420414, -2.40275651, -2.45687985,  1.68262613, -2.20721201,\n         4.71966184],\n       [ 4.60420023, -2.40275264, -2.45688212,  1.68263216, -2.20721215,\n         4.71965045]]), array([0.38469889, 0.38469889, 0.38469889, 0.38469889, 0.38469889,\n       0.38469889, 0.38469889]))"}, "11": {"maxiter": 1000, "fatol": 1e-10, "xatol": 1e-10, "duration": 0.23569607734680176, "fun": "0.384698885464571", "nit": "874", "nfev": "1402", "status": "0", "success": "True", "message": "Optimization terminated successfully.", "x": "[ 4.60420731 -2.40275525 -2.45687594  1.68262473 -2.20720631  4.71964823]", "final_simplex": "(array([[ 4.60420731, -2.40275525, -2.45687594,  1.68262473, -2.20720631,\n         4.71964823],\n       [ 4.60420731, -2.40275525, -2.45687594,  1.68262473, -2.20720631,\n         4.71964823],\n       [ 4.60420731, -2.40275525, -2.45687594,  1.68262473, -2.20720631,\n         4.71964823],\n       [ 4.60420731, -2.40275525, -2.45687594,  1.68262473, -2.20720631,\n         4.71964823],\n       [ 4.60420731, -2.40275525, -2.45687594,  1.68262473, -2.20720631,\n         4.71964823],\n       [ 4.60420731, -2.40275525, -2.45687594,  1.68262473, -2.20720631,\n         4.71964823],\n       [ 4.60420731, -2.40275525, -2.45687594,  1.68262473, -2.20720631,\n         4.71964823]]), array([0.38469889, 0.38469889, 0.38469889, 0.38469889, 0.38469889,\n       0.38469889, 0.38469889]))"}}, "bfgs": {"type": "gradient", "0": {"maxiter": 100, "gtol": 1e-05, "xrtol": 1e-05, "eps": 1e-05, "duration": 0.04470205307006836, "fun": "0.384698885643572", "jac": "[ 1.22520882e-06 -1.43053347e-06 -3.72005760e-06 -6.82011114e-06\n -7.65421060e-07  9.56223989e-07]", "hess_inv": "[[ 5.56407641  0.55584328  0.38888068  1.0623208  -0.13925897  0.48917528]\n [ 0.55584328  6.89290809 -0.48123044  0.17200757 -1.12522986 -2.92818679]\n [ 0.38888068 -0.48123044  4.62804703  0.23620978  0.13656683  0.88115398]\n [ 1.0623208   0.17200757  0.23620978  3.87776863 -0.29722839  1.11742134]\n [-0.13925897 -1.12522986  0.13656683 -0.29722839  4.446448   -0.13060129]\n [ 0.48917528 -2.92818679  0.88115398  1.11742134 -0.13060129  6.30362458]]", "nfev": "259", "njev": "37", "status": "0", "success": "True", "message": "Optimization terminated successfully.", "x": "[ 1.67897103  0.73882697  0.68469711 -1.68265346  0.93438454  1.57805537]", "nit": "29"}, "1": {"maxiter": 100, "gtol": 1e-05, "xrtol": 1e-05, "eps": 1e-10, "duration": 0.044682979583740234, "fun": "0.3846988855307434", "jac": "[ 2.22044587e-06  0.00000000e+00 -2.22044587e-06 -4.44089173e-06\n  0.00000000e+00  4.44089173e-06]", "hess_inv": "[[ 5.54155846  0.57695043  0.34361715  1.02518028 -0.12835908  0.43458065]\n [ 0.57695043  6.91056526 -0.49367261  0.17618061 -1.12178638 -2.93052217]\n [ 0.34361715 -0.49367261  4.6108307   0.21169951  0.15769566  0.84373735]\n [ 1.02518028  0.17618061  0.21169951  3.84938158 -0.24782233  1.05072787]\n [-0.12835908 -1.12178638  0.15769566 -0.24782233  4.50751133 -0.10169811]\n [ 0.43458065 -2.93052217  0.84373735  1.05072787 -0.10169811  6.20039655]]", "nfev": "259", "njev": "37", "status": "0", "success": "True", "message": "Optimization terminated successfully.", "x": "[ 1.67898536  0.73882892  0.68470774 -1.68263428  0.93439115  1.5780737 ]", "nit": "29"}, "2": {"maxiter": 100, "gtol": 1e-05, "xrtol": 1e-10, "eps": 1e-05, "duration": 0.04477715492248535, "fun": "0.384698885643572", "jac": "[ 1.22520882e-06 -1.43053347e-06 -3.72005760e-06 -6.82011114e-06\n -7.65421060e-07  9.56223989e-07]", "hess_inv": "[[ 5.56407641  0.55584328  0.38888068  1.0623208  -0.13925897  0.48917528]\n [ 0.55584328  6.89290809 -0.48123044  0.17200757 -1.12522986 -2.92818679]\n [ 0.38888068 -0.48123044  4.62804703  0.23620978  0.13656683  0.88115398]\n [ 1.0623208   0.17200757  0.23620978  3.87776863 -0.29722839  1.11742134]\n [-0.13925897 -1.12522986  0.13656683 -0.29722839  4.446448   -0.13060129]\n [ 0.48917528 -2.92818679  0.88115398  1.11742134 -0.13060129  6.30362458]]", "nfev": "259", "njev": "37", "status": "0", "success": "True", "message": "Optimization terminated successfully.", "x": "[ 1.67897103  0.73882697  0.68469711 -1.68265346  0.93438454  1.57805537]", "nit": "29"}, "3": {"maxiter": 100, "gtol": 1e-05, "xrtol": 1e-10, "eps": 1e-10, "duration": 0.0446927547454834, "fun": "0.3846988855307434", "jac": "[ 2.22044587e-06  0.00000000e+00 -2.22044587e-06 -4.44089173e-06\n  0.00000000e+00  4.44089173e-06]", "hess_inv": "[[ 5.54155846  0.57695043  0.34361715  1.02518028 -0.12835908  0.43458065]\n [ 0.57695043  6.91056526 -0.49367261  0.17618061 -1.12178638 -2.93052217]\n [ 0.34361715 -0.49367261  4.6108307   0.21169951  0.15769566  0.84373735]\n [ 1.02518028  0.17618061  0.21169951  3.84938158 -0.24782233  1.05072787]\n [-0.12835908 -1.12178638  0.15769566 -0.24782233  4.50751133 -0.10169811]\n [ 0.43458065 -2.93052217  0.84373735  1.05072787 -0.10169811  6.20039655]]", "nfev": "259", "njev": "37", "status": "0", "success": "True", "message": "Optimization terminated successfully.", "x": "[ 1.67898536  0.73882892  0.68470774 -1.68263428  0.93439115  1.5780737 ]", "nit": "29"}, "4": {"maxiter": 100, "gtol": 1e-10, "xrtol": 1e-05, "eps": 1e-05, "duration": 0.10000991821289062, "fun": "0.3846988854720079", "jac": "[-2.24242847e-07  8.99524899e-07  5.78748161e-07  8.35198577e-07\n  1.02078346e-06  5.76383385e-07]", "hess_inv": "[[ 5.50470472e+00  4.69964178e-01  1.97869900e-01  7.90188075e-01\n  -1.29607450e-01  4.31872217e-01]\n [ 4.69964178e-01  6.84462828e+00 -5.72139723e-01  9.17812221e-02\n  -1.23890856e+00 -3.13587600e+00]\n [ 1.97869900e-01 -5.72139723e-01  4.37973262e+00 -3.99839657e-02\n   4.10742267e-04  5.01895450e-01]\n [ 7.90188075e-01  9.17812221e-02 -3.99839657e-02  3.60563017e+00\n  -5.02568234e-01  5.50431964e-01]\n [-1.29607450e-01 -1.23890856e+00  4.10742267e-04 -5.02568234e-01\n   4.41796422e+00 -9.50698844e-02]\n [ 4.31872217e-01 -3.13587600e+00  5.01895450e-01  5.50431964e-01\n  -9.50698844e-02  6.31388685e+00]]", "nfev": "585", "njev": "82", "status": "2", "success": "False", "message": "Desired error not necessarily achieved due to precision loss.", "x": "[ 1.67897066  0.73883946  0.68471382 -1.68262807  0.93438592  1.57805124]", "nit": "30"}, "5": {"maxiter": 100, "gtol": 1e-10, "xrtol": 1e-05, "eps": 1e-10, "duration": 0.06188607215881348, "fun": "0.38469888547481534", "jac": "[1.11022293e-06 2.22044587e-06 1.11022293e-06 1.11022293e-06\n 3.33066880e-06 1.11022293e-06]", "hess_inv": "[[ 7.73059222 -1.04468719 -0.09278812 -0.21425472  0.54933577  3.47671721]\n [-1.04468719  7.50728716 -0.78890288  0.38920819 -1.96039852 -3.98437813]\n [-0.09278812 -0.78890288  4.04435717 -0.28799303 -0.27843159  1.45421814]\n [-0.21425472  0.38920819 -0.28799303  3.69758161 -0.97097611  0.71476482]\n [ 0.54933577 -1.96039852 -0.27843159 -0.97097611  4.4393476   1.52986625]\n [ 3.47671721 -3.98437813  1.45421814  0.71476482  1.52986625  8.04199711]]", "nfev": "357", "njev": "51", "status": "0", "success": "True", "message": "Optimization terminated successfully.", "x": "[ 1.67897487  0.738842    0.684715   -1.68262247  0.93439143  1.57804844]", "nit": "31"}, "6": {"maxiter": 100, "gtol": 1e-10, "xrtol": 1e-10, "eps": 1e-05, "duration": 0.10265493392944336, "fun": "0.3846988854720079", "jac": "[-2.24242847e-07  8.99524899e-07  5.78748161e-07  8.35198577e-07\n  1.02078346e-06  5.76383385e-07]", "hess_inv": "[[ 5.50470472e+00  4.69964178e-01  1.97869900e-01  7.90188075e-01\n  -1.29607450e-01  4.31872217e-01]\n [ 4.69964178e-01  6.84462828e+00 -5.72139723e-01  9.17812221e-02\n  -1.23890856e+00 -3.13587600e+00]\n [ 1.97869900e-01 -5.72139723e-01  4.37973262e+00 -3.99839657e-02\n   4.10742267e-04  5.01895450e-01]\n [ 7.90188075e-01  9.17812221e-02 -3.99839657e-02  3.60563017e+00\n  -5.02568234e-01  5.50431964e-01]\n [-1.29607450e-01 -1.23890856e+00  4.10742267e-04 -5.02568234e-01\n   4.41796422e+00 -9.50698844e-02]\n [ 4.31872217e-01 -3.13587600e+00  5.01895450e-01  5.50431964e-01\n  -9.50698844e-02  6.31388685e+00]]", "nfev": "585", "njev": "82", "status": "2", "success": "False", "message": "Desired error not necessarily achieved due to precision loss.", "x": "[ 1.67897066  0.73883946  0.68471382 -1.68262807  0.93438592  1.57805124]", "nit": "30"}, "7": {"maxiter": 100, "gtol": 1e-10, "xrtol": 1e-10, "eps": 1e-10, "duration": 0.06282901763916016, "fun": "0.38469888547481534", "jac": "[1.11022293e-06 2.22044587e-06 1.11022293e-06 1.11022293e-06\n 3.33066880e-06 1.11022293e-06]", "hess_inv": "[[ 7.73059222 -1.04468719 -0.09278812 -0.21425472  0.54933577  3.47671721]\n [-1.04468719  7.50728716 -0.78890288  0.38920819 -1.96039852 -3.98437813]\n [-0.09278812 -0.78890288  4.04435717 -0.28799303 -0.27843159  1.45421814]\n [-0.21425472  0.38920819 -0.28799303  3.69758161 -0.97097611  0.71476482]\n [ 0.54933577 -1.96039852 -0.27843159 -0.97097611  4.4393476   1.52986625]\n [ 3.47671721 -3.98437813  1.45421814  0.71476482  1.52986625  8.04199711]]", "nfev": "357", "njev": "51", "status": "0", "success": "True", "message": "Optimization terminated successfully.", "x": "[ 1.67897487  0.738842    0.684715   -1.68262247  0.93439143  1.57804844]", "nit": "31"}, "8": {"maxiter": 500, "gtol": 1e-05, "xrtol": 1e-05, "eps": 1e-05, "duration": 0.04569506645202637, "fun": "0.384698885643572", "jac": "[ 1.22520882e-06 -1.43053347e-06 -3.72005760e-06 -6.82011114e-06\n -7.65421060e-07  9.56223989e-07]", "hess_inv": "[[ 5.56407641  0.55584328  0.38888068  1.0623208  -0.13925897  0.48917528]\n [ 0.55584328  6.89290809 -0.48123044  0.17200757 -1.12522986 -2.92818679]\n [ 0.38888068 -0.48123044  4.62804703  0.23620978  0.13656683  0.88115398]\n [ 1.0623208   0.17200757  0.23620978  3.87776863 -0.29722839  1.11742134]\n [-0.13925897 -1.12522986  0.13656683 -0.29722839  4.446448   -0.13060129]\n [ 0.48917528 -2.92818679  0.88115398  1.11742134 -0.13060129  6.30362458]]", "nfev": "259", "njev": "37", "status": "0", "success": "True", "message": "Optimization terminated successfully.", "x": "[ 1.67897103  0.73882697  0.68469711 -1.68265346  0.93438454  1.57805537]", "nit": "29"}, "9": {"maxiter": 500, "gtol": 1e-05, "xrtol": 1e-05, "eps": 1e-10, "duration": 0.04555010795593262, "fun": "0.3846988855307434", "jac": "[ 2.22044587e-06  0.00000000e+00 -2.22044587e-06 -4.44089173e-06\n  0.00000000e+00  4.44089173e-06]", "hess_inv": "[[ 5.54155846  0.57695043  0.34361715  1.02518028 -0.12835908  0.43458065]\n [ 0.57695043  6.91056526 -0.49367261  0.17618061 -1.12178638 -2.93052217]\n [ 0.34361715 -0.49367261  4.6108307   0.21169951  0.15769566  0.84373735]\n [ 1.02518028  0.17618061  0.21169951  3.84938158 -0.24782233  1.05072787]\n [-0.12835908 -1.12178638  0.15769566 -0.24782233  4.50751133 -0.10169811]\n [ 0.43458065 -2.93052217  0.84373735  1.05072787 -0.10169811  6.20039655]]", "nfev": "259", "njev": "37", "status": "0", "success": "True", "message": "Optimization terminated successfully.", "x": "[ 1.67898536  0.73882892  0.68470774 -1.68263428  0.93439115  1.5780737 ]", "nit": "29"}, "10": {"maxiter": 500, "gtol": 1e-05, "xrtol": 1e-10, "eps": 1e-05, "duration": 0.04541206359863281, "fun": "0.384698885643572", "jac": "[ 1.22520882e-06 -1.43053347e-06 -3.72005760e-06 -6.82011114e-06\n -7.65421060e-07  9.56223989e-07]", "hess_inv": "[[ 5.56407641  0.55584328  0.38888068  1.0623208  -0.13925897  0.48917528]\n [ 0.55584328  6.89290809 -0.48123044  0.17200757 -1.12522986 -2.92818679]\n [ 0.38888068 -0.48123044  4.62804703  0.23620978  0.13656683  0.88115398]\n [ 1.0623208   0.17200757  0.23620978  3.87776863 -0.29722839  1.11742134]\n [-0.13925897 -1.12522986  0.13656683 -0.29722839  4.446448   -0.13060129]\n [ 0.48917528 -2.92818679  0.88115398  1.11742134 -0.13060129  6.30362458]]", "nfev": "259", "njev": "37", "status": "0", "success": "True", "message": "Optimization terminated successfully.", "x": "[ 1.67897103  0.73882697  0.68469711 -1.68265346  0.93438454  1.57805537]", "nit": "29"}, "11": {"maxiter": 500, "gtol": 1e-05, "xrtol": 1e-10, "eps": 1e-10, "duration": 0.045271873474121094, "fun": "0.3846988855307434", "jac": "[ 2.22044587e-06  0.00000000e+00 -2.22044587e-06 -4.44089173e-06\n  0.00000000e+00  4.44089173e-06]", "hess_inv": "[[ 5.54155846  0.57695043  0.34361715  1.02518028 -0.12835908  0.43458065]\n [ 0.57695043  6.91056526 -0.49367261  0.17618061 -1.12178638 -2.93052217]\n [ 0.34361715 -0.49367261  4.6108307   0.21169951  0.15769566  0.84373735]\n [ 1.02518028  0.17618061  0.21169951  3.84938158 -0.24782233  1.05072787]\n [-0.12835908 -1.12178638  0.15769566 -0.24782233  4.50751133 -0.10169811]\n [ 0.43458065 -2.93052217  0.84373735  1.05072787 -0.10169811  6.20039655]]", "nfev": "259", "njev": "37", "status": "0", "success": "True", "message": "Optimization terminated successfully.", "x": "[ 1.67898536  0.73882892  0.68470774 -1.68263428  0.93439115  1.5780737 ]", "nit": "29"}, "12": {"maxiter": 500, "gtol": 1e-10, "xrtol": 1e-05, "eps": 1e-05, "duration": 0.10144591331481934, "fun": "0.3846988854720079", "jac": "[-2.24242847e-07  8.99524899e-07  5.78748161e-07  8.35198577e-07\n  1.02078346e-06  5.76383385e-07]", "hess_inv": "[[ 5.50470472e+00  4.69964178e-01  1.97869900e-01  7.90188075e-01\n  -1.29607450e-01  4.31872217e-01]\n [ 4.69964178e-01  6.84462828e+00 -5.72139723e-01  9.17812221e-02\n  -1.23890856e+00 -3.13587600e+00]\n [ 1.97869900e-01 -5.72139723e-01  4.37973262e+00 -3.99839657e-02\n   4.10742267e-04  5.01895450e-01]\n [ 7.90188075e-01  9.17812221e-02 -3.99839657e-02  3.60563017e+00\n  -5.02568234e-01  5.50431964e-01]\n [-1.29607450e-01 -1.23890856e+00  4.10742267e-04 -5.02568234e-01\n   4.41796422e+00 -9.50698844e-02]\n [ 4.31872217e-01 -3.13587600e+00  5.01895450e-01  5.50431964e-01\n  -9.50698844e-02  6.31388685e+00]]", "nfev": "585", "njev": "82", "status": "2", "success": "False", "message": "Desired error not necessarily achieved due to precision loss.", "x": "[ 1.67897066  0.73883946  0.68471382 -1.68262807  0.93438592  1.57805124]", "nit": "30"}, "13": {"maxiter": 500, "gtol": 1e-10, "xrtol": 1e-05, "eps": 1e-10, "duration": 0.06176900863647461, "fun": "0.38469888547481534", "jac": "[1.11022293e-06 2.22044587e-06 1.11022293e-06 1.11022293e-06\n 3.33066880e-06 1.11022293e-06]", "hess_inv": "[[ 7.73059222 -1.04468719 -0.09278812 -0.21425472  0.54933577  3.47671721]\n [-1.04468719  7.50728716 -0.78890288  0.38920819 -1.96039852 -3.98437813]\n [-0.09278812 -0.78890288  4.04435717 -0.28799303 -0.27843159  1.45421814]\n [-0.21425472  0.38920819 -0.28799303  3.69758161 -0.97097611  0.71476482]\n [ 0.54933577 -1.96039852 -0.27843159 -0.97097611  4.4393476   1.52986625]\n [ 3.47671721 -3.98437813  1.45421814  0.71476482  1.52986625  8.04199711]]", "nfev": "357", "njev": "51", "status": "0", "success": "True", "message": "Optimization terminated successfully.", "x": "[ 1.67897487  0.738842    0.684715   -1.68262247  0.93439143  1.57804844]", "nit": "31"}, "14": {"maxiter": 500, "gtol": 1e-10, "xrtol": 1e-10, "eps": 1e-05, "duration": 0.10048985481262207, "fun": "0.3846988854720079", "jac": "[-2.24242847e-07  8.99524899e-07  5.78748161e-07  8.35198577e-07\n  1.02078346e-06  5.76383385e-07]", "hess_inv": "[[ 5.50470472e+00  4.69964178e-01  1.97869900e-01  7.90188075e-01\n  -1.29607450e-01  4.31872217e-01]\n [ 4.69964178e-01  6.84462828e+00 -5.72139723e-01  9.17812221e-02\n  -1.23890856e+00 -3.13587600e+00]\n [ 1.97869900e-01 -5.72139723e-01  4.37973262e+00 -3.99839657e-02\n   4.10742267e-04  5.01895450e-01]\n [ 7.90188075e-01  9.17812221e-02 -3.99839657e-02  3.60563017e+00\n  -5.02568234e-01  5.50431964e-01]\n [-1.29607450e-01 -1.23890856e+00  4.10742267e-04 -5.02568234e-01\n   4.41796422e+00 -9.50698844e-02]\n [ 4.31872217e-01 -3.13587600e+00  5.01895450e-01  5.50431964e-01\n  -9.50698844e-02  6.31388685e+00]]", "nfev": "585", "njev": "82", "status": "2", "success": "False", "message": "Desired error not necessarily achieved due to precision loss.", "x": "[ 1.67897066  0.73883946  0.68471382 -1.68262807  0.93438592  1.57805124]", "nit": "30"}, "15": {"maxiter": 500, "gtol": 1e-10, "xrtol": 1e-10, "eps": 1e-10, "duration": 0.06157493591308594, "fun": "0.38469888547481534", "jac": "[1.11022293e-06 2.22044587e-06 1.11022293e-06 1.11022293e-06\n 3.33066880e-06 1.11022293e-06]", "hess_inv": "[[ 7.73059222 -1.04468719 -0.09278812 -0.21425472  0.54933577  3.47671721]\n [-1.04468719  7.50728716 -0.78890288  0.38920819 -1.96039852 -3.98437813]\n [-0.09278812 -0.78890288  4.04435717 -0.28799303 -0.27843159  1.45421814]\n [-0.21425472  0.38920819 -0.28799303  3.69758161 -0.97097611  0.71476482]\n [ 0.54933577 -1.96039852 -0.27843159 -0.97097611  4.4393476   1.52986625]\n [ 3.47671721 -3.98437813  1.45421814  0.71476482  1.52986625  8.04199711]]", "nfev": "357", "njev": "51", "status": "0", "success": "True", "message": "Optimization terminated successfully.", "x": "[ 1.67897487  0.738842    0.684715   -1.68262247  0.93439143  1.57804844]", "nit": "31"}, "16": {"maxiter": 1000, "gtol": 1e-05, "xrtol": 1e-05, "eps": 1e-05, "duration": 0.044873952865600586, "fun": "0.384698885643572", "jac": "[ 1.22520882e-06 -1.43053347e-06 -3.72005760e-06 -6.82011114e-06\n -7.65421060e-07  9.56223989e-07]", "hess_inv": "[[ 5.56407641  0.55584328  0.38888068  1.0623208  -0.13925897  0.48917528]\n [ 0.55584328  6.89290809 -0.48123044  0.17200757 -1.12522986 -2.92818679]\n [ 0.38888068 -0.48123044  4.62804703  0.23620978  0.13656683  0.88115398]\n [ 1.0623208   0.17200757  0.23620978  3.87776863 -0.29722839  1.11742134]\n [-0.13925897 -1.12522986  0.13656683 -0.29722839  4.446448   -0.13060129]\n [ 0.48917528 -2.92818679  0.88115398  1.11742134 -0.13060129  6.30362458]]", "nfev": "259", "njev": "37", "status": "0", "success": "True", "message": "Optimization terminated successfully.", "x": "[ 1.67897103  0.73882697  0.68469711 -1.68265346  0.93438454  1.57805537]", "nit": "29"}, "17": {"maxiter": 1000, "gtol": 1e-05, "xrtol": 1e-05, "eps": 1e-10, "duration": 0.04481983184814453, "fun": "0.3846988855307434", "jac": "[ 2.22044587e-06  0.00000000e+00 -2.22044587e-06 -4.44089173e-06\n  0.00000000e+00  4.44089173e-06]", "hess_inv": "[[ 5.54155846  0.57695043  0.34361715  1.02518028 -0.12835908  0.43458065]\n [ 0.57695043  6.91056526 -0.49367261  0.17618061 -1.12178638 -2.93052217]\n [ 0.34361715 -0.49367261  4.6108307   0.21169951  0.15769566  0.84373735]\n [ 1.02518028  0.17618061  0.21169951  3.84938158 -0.24782233  1.05072787]\n [-0.12835908 -1.12178638  0.15769566 -0.24782233  4.50751133 -0.10169811]\n [ 0.43458065 -2.93052217  0.84373735  1.05072787 -0.10169811  6.20039655]]", "nfev": "259", "njev": "37", "status": "0", "success": "True", "message": "Optimization terminated successfully.", "x": "[ 1.67898536  0.73882892  0.68470774 -1.68263428  0.93439115  1.5780737 ]", "nit": "29"}, "18": {"maxiter": 1000, "gtol": 1e-05, "xrtol": 1e-10, "eps": 1e-05, "duration": 0.044806718826293945, "fun": "0.384698885643572", "jac": "[ 1.22520882e-06 -1.43053347e-06 -3.72005760e-06 -6.82011114e-06\n -7.65421060e-07  9.56223989e-07]", "hess_inv": "[[ 5.56407641  0.55584328  0.38888068  1.0623208  -0.13925897  0.48917528]\n [ 0.55584328  6.89290809 -0.48123044  0.17200757 -1.12522986 -2.92818679]\n [ 0.38888068 -0.48123044  4.62804703  0.23620978  0.13656683  0.88115398]\n [ 1.0623208   0.17200757  0.23620978  3.87776863 -0.29722839  1.11742134]\n [-0.13925897 -1.12522986  0.13656683 -0.29722839  4.446448   -0.13060129]\n [ 0.48917528 -2.92818679  0.88115398  1.11742134 -0.13060129  6.30362458]]", "nfev": "259", "njev": "37", "status": "0", "success": "True", "message": "Optimization terminated successfully.", "x": "[ 1.67897103  0.73882697  0.68469711 -1.68265346  0.93438454  1.57805537]", "nit": "29"}, "19": {"maxiter": 1000, "gtol": 1e-05, "xrtol": 1e-10, "eps": 1e-10, "duration": 0.04476428031921387, "fun": "0.3846988855307434", "jac": "[ 2.22044587e-06  0.00000000e+00 -2.22044587e-06 -4.44089173e-06\n  0.00000000e+00  4.44089173e-06]", "hess_inv": "[[ 5.54155846  0.57695043  0.34361715  1.02518028 -0.12835908  0.43458065]\n [ 0.57695043  6.91056526 -0.49367261  0.17618061 -1.12178638 -2.93052217]\n [ 0.34361715 -0.49367261  4.6108307   0.21169951  0.15769566  0.84373735]\n [ 1.02518028  0.17618061  0.21169951  3.84938158 -0.24782233  1.05072787]\n [-0.12835908 -1.12178638  0.15769566 -0.24782233  4.50751133 -0.10169811]\n [ 0.43458065 -2.93052217  0.84373735  1.05072787 -0.10169811  6.20039655]]", "nfev": "259", "njev": "37", "status": "0", "success": "True", "message": "Optimization terminated successfully.", "x": "[ 1.67898536  0.73882892  0.68470774 -1.68263428  0.93439115  1.5780737 ]", "nit": "29"}, "20": {"maxiter": 1000, "gtol": 1e-10, "xrtol": 1e-05, "eps": 1e-05, "duration": 0.10025620460510254, "fun": "0.3846988854720079", "jac": "[-2.24242847e-07  8.99524899e-07  5.78748161e-07  8.35198577e-07\n  1.02078346e-06  5.76383385e-07]", "hess_inv": "[[ 5.50470472e+00  4.69964178e-01  1.97869900e-01  7.90188075e-01\n  -1.29607450e-01  4.31872217e-01]\n [ 4.69964178e-01  6.84462828e+00 -5.72139723e-01  9.17812221e-02\n  -1.23890856e+00 -3.13587600e+00]\n [ 1.97869900e-01 -5.72139723e-01  4.37973262e+00 -3.99839657e-02\n   4.10742267e-04  5.01895450e-01]\n [ 7.90188075e-01  9.17812221e-02 -3.99839657e-02  3.60563017e+00\n  -5.02568234e-01  5.50431964e-01]\n [-1.29607450e-01 -1.23890856e+00  4.10742267e-04 -5.02568234e-01\n   4.41796422e+00 -9.50698844e-02]\n [ 4.31872217e-01 -3.13587600e+00  5.01895450e-01  5.50431964e-01\n  -9.50698844e-02  6.31388685e+00]]", "nfev": "585", "njev": "82", "status": "2", "success": "False", "message": "Desired error not necessarily achieved due to precision loss.", "x": "[ 1.67897066  0.73883946  0.68471382 -1.68262807  0.93438592  1.57805124]", "nit": "30"}, "21": {"maxiter": 1000, "gtol": 1e-10, "xrtol": 1e-05, "eps": 1e-10, "duration": 0.06110024452209473, "fun": "0.38469888547481534", "jac": "[1.11022293e-06 2.22044587e-06 1.11022293e-06 1.11022293e-06\n 3.33066880e-06 1.11022293e-06]", "hess_inv": "[[ 7.73059222 -1.04468719 -0.09278812 -0.21425472  0.54933577  3.47671721]\n [-1.04468719  7.50728716 -0.78890288  0.38920819 -1.96039852 -3.98437813]\n [-0.09278812 -0.78890288  4.04435717 -0.28799303 -0.27843159  1.45421814]\n [-0.21425472  0.38920819 -0.28799303  3.69758161 -0.97097611  0.71476482]\n [ 0.54933577 -1.96039852 -0.27843159 -0.97097611  4.4393476   1.52986625]\n [ 3.47671721 -3.98437813  1.45421814  0.71476482  1.52986625  8.04199711]]", "nfev": "357", "njev": "51", "status": "0", "success": "True", "message": "Optimization terminated successfully.", "x": "[ 1.67897487  0.738842    0.684715   -1.68262247  0.93439143  1.57804844]", "nit": "31"}, "22": {"maxiter": 1000, "gtol": 1e-10, "xrtol": 1e-10, "eps": 1e-05, "duration": 0.09863996505737305, "fun": "0.3846988854720079", "jac": "[-2.24242847e-07  8.99524899e-07  5.78748161e-07  8.35198577e-07\n  1.02078346e-06  5.76383385e-07]", "hess_inv": "[[ 5.50470472e+00  4.69964178e-01  1.97869900e-01  7.90188075e-01\n  -1.29607450e-01  4.31872217e-01]\n [ 4.69964178e-01  6.84462828e+00 -5.72139723e-01  9.17812221e-02\n  -1.23890856e+00 -3.13587600e+00]\n [ 1.97869900e-01 -5.72139723e-01  4.37973262e+00 -3.99839657e-02\n   4.10742267e-04  5.01895450e-01]\n [ 7.90188075e-01  9.17812221e-02 -3.99839657e-02  3.60563017e+00\n  -5.02568234e-01  5.50431964e-01]\n [-1.29607450e-01 -1.23890856e+00  4.10742267e-04 -5.02568234e-01\n   4.41796422e+00 -9.50698844e-02]\n [ 4.31872217e-01 -3.13587600e+00  5.01895450e-01  5.50431964e-01\n  -9.50698844e-02  6.31388685e+00]]", "nfev": "585", "njev": "82", "status": "2", "success": "False", "message": "Desired error not necessarily achieved due to precision loss.", "x": "[ 1.67897066  0.73883946  0.68471382 -1.68262807  0.93438592  1.57805124]", "nit": "30"}, "23": {"maxiter": 1000, "gtol": 1e-10, "xrtol": 1e-10, "eps": 1e-10, "duration": 0.060671091079711914, "fun": "0.38469888547481534", "jac": "[1.11022293e-06 2.22044587e-06 1.11022293e-06 1.11022293e-06\n 3.33066880e-06 1.11022293e-06]", "hess_inv": "[[ 7.73059222 -1.04468719 -0.09278812 -0.21425472  0.54933577  3.47671721]\n [-1.04468719  7.50728716 -0.78890288  0.38920819 -1.96039852 -3.98437813]\n [-0.09278812 -0.78890288  4.04435717 -0.28799303 -0.27843159  1.45421814]\n [-0.21425472  0.38920819 -0.28799303  3.69758161 -0.97097611  0.71476482]\n [ 0.54933577 -1.96039852 -0.27843159 -0.97097611  4.4393476   1.52986625]\n [ 3.47671721 -3.98437813  1.45421814  0.71476482  1.52986625  8.04199711]]", "nfev": "357", "njev": "51", "status": "0", "success": "True", "message": "Optimization terminated successfully.", "x": "[ 1.67897487  0.738842    0.684715   -1.68262247  0.93439143  1.57804844]", "nit": "31"}}, "cobyla": {"0": {"maxiter": 100, "tol": 1e-05, "catol": 1e-05, "duration": 0.016326904296875, "x": "[8.04945342 3.23930383 2.53125617 3.45322534 3.71287865 1.26915216]", "status": "2", "success": "False", "message": "Maximum number of function evaluations has been exceeded.", "nfev": "100", "fun": "0.3299963651489628", "maxcv": "0.0"}, "1": {"maxiter": 100, "tol": 1e-05, "catol": 1e-10, "duration": 0.01626110076904297, "x": "[8.04945342 3.23930383 2.53125617 3.45322534 3.71287865 1.26915216]", "status": "2", "success": "False", "message": "Maximum number of function evaluations has been exceeded.", "nfev": "100", "fun": "0.3299963651489628", "maxcv": "0.0"}, "2": {"maxiter": 100, "tol": 1e-10, "catol": 1e-05, "duration": 0.016304731369018555, "x": "[8.04945342 3.23930383 2.53125617 3.45322534 3.71287865 1.26915216]", "status": "2", "success": "False", "message": "Maximum number of function evaluations has been exceeded.", "nfev": "100", "fun": "0.3299963651489628", "maxcv": "0.0"}, "3": {"maxiter": 100, "tol": 1e-10, "catol": 1e-10, "dura